0.000000000000000000e+00,6.442389091193493345e-01,7.616671623532633717e-01,9.114857335965236285e-01,8.883403813595882603e-01,9.248289168699119767e-01,6.130342888149618030e-01,9.525059635608512654e-01,8.104399756147335765e-01,8.490293787955139893e-01,9.319427146731144029e-01,9.729556562243353302e-01,7.093510561112048585e-01,9.083829340966516064e-01,6.661221319810255448e-01,8.134023565759056495e-01,9.032872681564503292e-01,9.011169269331692488e-01,6.750762451536801434e-01,9.839729565530175304e-01,7.348782640985354053e-01,5.788423262321613638e-01,4.578513387837991888e-01,7.402381154902094584e-01,8.983818391812946613e-01,8.321538083602345592e-01,9.184076904773360583e-01,5.006137898644800188e-01,2.187469768460311714e-01,6.671691747297272546e-01,6.457432809534484341e-02,8.496714110797836117e-01,4.558215565869614960e-01,6.375200260787772244e-01,6.418898978354797835e-01,9.380773169399084788e-01,5.079815740089392850e-01,7.153611180587295948e-01,8.281157579482176789e-01,6.668857022262357770e-01,3.120884914956602030e-01,6.879581718362581810e-01,9.775629194322382753e-01,6.686923293477906594e-01,9.310784093766564240e-01,8.809232277604608363e-01,9.852396679699113591e-01,6.565178544804350924e-01,9.516383221516958590e-01,1.964259771448670922e-01,9.760591183162889983e-01,6.752275838214875092e-01,8.710712049552400416e-01,5.578261201480561038e-01,8.545077896323917122e-01,6.231498386870745199e-01,4.536511158245507547e-01,6.850689165670870162e-01,9.321825124144638153e-01,7.957220563045526163e-01,5.520936942287916205e-01,8.080927631800864930e-01,6.486782048904282671e-01,8.648790768826485065e-02,6.878169906964903824e-01,9.783269502358875602e-01,9.119383049278866338e-01,6.766516933358626140e-01,7.063221581675317440e-01,7.242642322092351925e-01,6.772722953332779294e-01,5.284036440533798062e-01,6.083420768213715357e-01,5.471072258799593024e-01,9.237555717061796123e-02,6.355163051188383871e-01,9.191807017515118972e-01,6.657207301024188340e-01,1.546288785216595185e-01,5.573195663868668603e-01,7.577116264912588939e-01,6.050997039349209627e-01,9.423591644061085626e-01,7.866655412036460682e-01,7.863726320243792367e-01
6.442389091193493345e-01,0.000000000000000000e+00,9.439697411919723002e-01,5.910423199841536857e-01,1.633373082891489969e-01,8.679140136098171254e-01,3.303672543120047544e-01,4.397952959063928802e-01,7.127432323128792824e-01,7.765779361755799082e-01,8.586806440490097891e-01,9.923355587165706426e-01,8.149947349612201020e-01,6.936144475966640188e-01,9.954858297690676316e-01,8.690878542881889102e-01,5.806925643901550416e-01,8.508212594360302639e-01,8.861147952580461506e-01,8.478890758224940649e-01,8.015583587948280631e-01,8.398708644870263029e-01,9.003120602340085599e-01,5.745235149341040293e-01,7.824043089927237293e-01,5.294693656263959047e-01,4.887163728946227192e-01,3.589061495072477515e-01,8.859961028876613964e-01,6.386728462303650211e-01,5.917423645521534548e-01,3.528622388619017114e-01,3.007859882972584997e-01,5.079324407310378264e-01,7.661009435470548246e-01,2.592674147213160363e-01,4.482593455676385230e-01,3.108306120844994136e-01,8.724967651308610517e-01,7.517339517388410552e-01,4.340861331639475074e-01,9.790753962200609006e-01,4.091945392268892534e-01,2.128184281818449042e-01,8.990047765094313359e-01,3.316165145175308249e-01,8.281735744527733978e-01,7.110395564781245570e-01,9.491010571485178904e-01,7.806961032463599626e-01,6.933612202810947034e-01,7.818143287051407819e-01,6.191924447258426722e-01,7.148256309977257805e-01,4.975084359961594593e-01,2.646572471371068103e-01,7.199020180577070382e-01,7.647411701096610281e-01,5.592092115654592188e-01,6.403906785797688350e-01,2.067681429574451946e-01,4.616066029644873558e-01,8.549451406564864131e-01,8.447876352400610633e-01,9.851513780381736529e-01,5.057579603752953012e-01,3.479288786271245160e-01,8.905473678625244194e-01,9.398503428584176200e-01,8.607603122184519506e-01,3.066278630569695407e-01,6.399368585707593260e-01,3.449437462324865811e-01,5.789094143634784251e-01,1.127829563120206074e-01,8.330402073711173916e-01,2.000097158821413923e-01,4.751689411384260042e-01,7.633561626642660913e-01,1.689509741210634686e-01,9.897421588159024397e-01,7.192967187781613703e-01,7.203516240064962162e-01,5.200770809510082415e-01,2.930889486550617429e-01
7.616671623532633717e-01,9.439697411919723002e-01,0.000000000000000000e+00,9.988652515027204304e-01,1.624715530543837660e-01,9.157638711215175809e-01,7.386602160740238787e-01,9.659413210366726288e-01,8.557257071725712372e-01,7.399185938228862724e-01,6.474559816480524033e-01,6.293678512490959998e-01,9.680914246191103523e-01,7.122336845667951444e-01,7.182984575536274230e-01,5.768582549476475307e-01,9.543356130142252036e-01,7.461445068698686622e-01,9.613845413275361462e-01,7.890109490965943051e-01,6.743379881531998965e-01,6.961505273797898852e-01,8.392757265299420899e-01,9.767756777562266457e-01,9.376575530877475639e-01,4.288594606812709542e-01,8.853630477431384538e-01,9.183619100370837840e-01,7.506117424682856587e-01,3.050341233853233747e-01,7.731506151048183062e-01,4.123978359033897423e-01,1.376164073585215419e-01,5.023906916814251389e-01,6.394042021810020238e-02,6.738823532106571479e-01,3.984424515637121078e-01,4.905444257725084523e-01,9.245046756956281087e-01,9.716355669668435002e-01,1.660713625467354904e-01,9.304415491659399073e-01,8.184912799862920085e-01,8.171534179048465241e-01,9.746954965182923480e-01,5.708910337641661670e-01,7.550086852824202666e-01,6.102601173593533712e-01,8.827532040922430046e-01,8.947861065076182507e-01,7.746608117578959174e-01,6.406150854589174326e-01,8.349755498505714302e-01,9.846698653681952296e-01,9.581460055650683483e-01,9.845481813736357557e-01,8.457111067857189246e-01,7.400496279587014392e-01,4.439717456297403442e-01,2.993201096327134936e-01,5.584089949223455251e-01,6.271977928083098952e-01,6.178286117954042700e-01,9.063007539463632245e-01,8.310561454258879044e-01,9.997260012416008257e-01,7.530786208244926172e-01,8.895738303117464163e-01,7.535265824352642694e-01,9.715572459383114978e-01,9.672427401655855350e-01,5.682450034114390203e-01,9.250410380711751035e-01,2.334689221806359460e-01,9.627833049121453657e-01,5.668511224439871654e-01,8.871246093209835815e-01,6.258356682944836713e-01,8.033505368097325627e-01,2.135134500699380558e-02,4.936266879599217061e-01,9.776844743237385060e-01,2.831606596130883946e-01,6.403543494760717270e-01,8.834132676154049513e-01
9.114857335965236285e-01,5.910423199841536857e-01,9.988652515027204304e-01,0.000000000000000000e+00,5.157279528808007552e-01,1.634983675752545995e-01,9.018076700688141267e-01,6.119519674825419919e-01,8.672960362920560939e-01,7.313438840661776741e-01,7.257509908914210328e-01,5.420174066743859154e-01,8.931840306934969442e-01,6.354857237975675144e-01,6.383758590210241168e-01,9.166726048970942342e-01,2.379816957719674830e-01,6.272588477733632706e-01,6.724958470017364798e-01,6.141874611839647224e-01,6.710926119288214142e-01,7.753213246163755956e-01,7.677634506698778338e-01,2.394275365834353242e-01,8.786587115934686443e-01,6.348774111951882571e-01,6.768244265789943315e-01,7.515331544550639675e-01,2.477330425067785502e-01,-1.936325161818604479e-01,5.447375448472815407e-01,2.261534287090705697e-01,9.298646543026926059e-01,8.726826728068467487e-01,9.914322085557017994e-01,2.848739295715776443e-01,5.707910827521824881e-01,7.360934424711980117e-01,9.234663204781317081e-01,8.943634709638454972e-01,4.730413503085327265e-01,7.706878802420928931e-01,9.196646746155451302e-01,2.448279731908031276e-01,4.399667017183984674e-01,6.765399059004992832e-01,9.645158098729185170e-01,7.200589434754207652e-01,4.201831844296323171e-01,7.849331916469396431e-01,6.947359171546427792e-01,9.089109497945486726e-01,2.640792015443351737e-01,9.158035819213776740e-01,9.782749202318045123e-01,6.617872849786988754e-01,9.765527129412836516e-01,5.857665472504433035e-01,9.717848924761453011e-01,4.858494783544272111e-01,6.248819729752116414e-01,8.172550840714525311e-01,4.008788969470717389e-01,8.652944929134032126e-01,9.272283064798954033e-01,5.512303053932288144e-01,9.966769147321827838e-01,8.462346381411141039e-01,3.002939659616328250e-01,8.106578071786987305e-01,7.183021387917659650e-01,6.433295304005210991e-01,7.551180554797272126e-01,9.414159587629689074e-02,6.268715906032223950e-01,7.654887294796988151e-01,6.514299266014716983e-01,9.831035092695558086e-01,5.527638809723072616e-02,5.382590281308832214e-01,5.429886626319276877e-01,7.891850674642504337e-01,9.419036277858829909e-01,6.477588804419882884e-02,4.776633003945609524e-01
8.883403813595882603e-01,1.633373082891489969e-01,1.624715530543837660e-01,5.157279528808007552e-01,0.000000000000000000e+00,8.444946417619658696e-01,7.550571022301674207e-01,7.858619632509253883e-01,4.625575845575808920e-01,7.027945612092044714e-01,7.453401333476686874e-01,6.614616401760307074e-01,8.358442745263849893e-01,9.285995235988140362e-01,7.022692860309643903e-01,4.326215009535240852e-01,9.151530129523164359e-01,7.585432429979044322e-01,6.878290398245002768e-01,7.156873951093245534e-01,9.928034327663364245e-01,5.457697569811916782e-01,6.825182240338503181e-01,7.092846291292153049e-01,4.405625385462059729e-01,7.451738673995091933e-01,7.963671554667893782e-01,4.922456773028443394e-02,-3.343808031285638860e-02,4.502098560645736991e-01,4.518020986068262412e-01,7.294405658342283383e-01,7.685946247777105667e-01,2.359917321790168110e-01,5.260819833634184928e-01,2.582442575129129669e-01,3.163334113920238111e-01,4.994183824109335590e-01,4.318085565433789075e-01,5.905305998100172094e-01,7.997355174119266108e-01,4.512642815372788774e-01,7.246134471677148081e-01,9.077079043159268501e-01,7.036029431523290745e-01,9.188585363226363656e-01,8.292583221441095498e-01,7.062471221254591480e-01,5.113927723302088557e-01,6.515673241437076879e-02,6.641756615367353511e-01,7.536958363921689719e-01,6.046156867372375343e-01,8.360834774533130176e-01,4.304007135874073908e-01,9.189912331549947577e-01,7.353106825053024043e-01,8.388980516515058827e-01,8.304665717495146593e-01,7.219305156825173153e-01,6.950070860603604350e-01,8.498801712938304220e-01,8.877159758934372036e-01,6.801406043362094866e-01,8.333932837081553524e-01,9.668917605185057829e-01,5.984763758208735407e-01,7.269260339828655937e-01,6.212358097770922516e-01,6.203193601152443559e-01,9.603502939309437325e-01,6.383845937952143945e-01,5.527172686107637567e-01,5.840373306611781334e-01,7.848305241103804564e-01,5.502726806636182300e-01,9.299028150432290252e-01,6.164943801230934328e-01,6.355906240888865577e-01,1.557723513707613139e-01,4.141129659286650888e-01,6.981502145436636608e-01,7.456590595599816851e-01,6.649593072199262433e-01,7.685248343883043232e-01
9.248289168699119767e-01,8.679140136098171254e-01,9.157638711215175809e-01,1.634983675752545995e-01,8.444946417619658696e-01,0.000000000000000000e+00,7.957562702809274358e-01,6.071503661316258738e-01,4.423106373278892778e-01,8.950422990503844600e-01,9.665230921958228860e-01,4.305485568774903848e-01,6.093736420109214791e-01,7.444437947222988239e-01,9.381174543987896852e-01,-1.035890098221801531e-01,4.737121847871181290e-01,6.263697239697595398e-01,9.611243301966085895e-01,8.289382784422986150e-01,9.685627547077200195e-01,2.312202705845127493e-01,6.476962528445515677e-01,9.789581655132593152e-01,5.373058704093278681e-01,9.544954891889354531e-01,9.724225347741545233e-01,6.799724965055469195e-01,7.148612712305706385e-01,2.203959506689387171e-01,7.352477195515085828e-01,1.644642200111470220e-01,8.554874888832788571e-01,6.002871572308206005e-01,5.829738274627483952e-01,4.613317685157204973e-01,6.029434822741286393e-01,6.466087071647285134e-01,5.180727797316398986e-01,5.573403805982309889e-01,2.076125842723641479e-01,8.543310211440285906e-01,7.364182921804446336e-01,8.138967066645862447e-01,8.824457367456348678e-01,7.049033727668950755e-01,6.262949040076668528e-01,8.196805829447256775e-01,7.917364034028755437e-01,5.499871831995146731e-01,8.663841954301720882e-01,7.733557477219368259e-01,9.269505898297747404e-01,7.029710084219772392e-01,9.371170209120891492e-01,5.710669781425804503e-01,3.645665893624842058e-01,5.550408727004658704e-01,6.450875084196067144e-01,-1.679642525301803246e-01,4.411867452435797587e-01,2.650300456331892707e-01,6.447037402658353233e-01,3.627562588599416160e-01,6.775353680011689805e-01,6.150441562467174883e-01,8.020282833958060076e-01,4.743996424414566593e-01,5.264928529981466321e-01,5.376383214550697343e-01,8.100704922839304656e-01,6.556744255311560687e-01,7.610347449224594829e-01,4.055260100529800571e-01,8.799362923487762389e-01,6.322342046379907377e-01,7.052018231455091657e-01,5.675214280850238158e-01,2.536735300109937419e-01,1.411152723185078173e-01,7.558249822562457254e-01,6.267849330667272234e-01,3.414187922698760369e-01,7.079665764424400987e-01,6.783387551142037175e-01
6.130342888149618030e-01,3.303672543120047544e-01,7.386602160740238787e-01,9.018076700688141267e-01,7.550571022301674207e-01,7.957562702809274358e-01,0.000000000000000000e+00,3.989406998234487634e-01,5.351190097739935148e-01,9.300513634320140000e-01,6.373249171257211465e-01,7.604744774981685440e-01,9.182148965733203383e-01,6.641607874720883986e-01,7.135372737979719382e-01,5.794108644545983289e-01,9.074707541478392869e-01,5.295778463984132101e-01,7.040415483838758925e-01,9.655843623953083155e-01,3.087216418686478114e-01,3.080977294563460589e-01,6.516136860968189115e-01,3.333912352326200423e-01,7.073774268440492508e-01,7.050063378939335212e-01,5.188484137485516179e-01,4.750140263357051085e-01,7.645831919556430600e-01,5.455674630682715298e-01,7.372964480281818389e-01,2.509438767784989421e-01,4.553639062667907966e-01,4.444845850436389134e-01,2.033038882452785634e-01,4.613047939121913688e-01,7.901975905343586737e-01,8.544231350465653074e-01,9.521017499628459113e-01,7.446434374913909471e-01,9.194001210879771957e-01,7.886355582616330073e-01,9.924392334818350481e-01,5.485741046433515455e-01,4.182664389687403839e-01,8.012075756817592376e-02,9.990607156343709327e-01,6.468167333943248831e-01,1.879208607518159310e-02,4.598054864323051216e-01,6.957904698711681046e-01,8.128323479288039888e-01,3.845735585705516851e-02,3.616900610008879080e-01,9.508931898992460940e-01,6.444603886310875662e-01,9.831565984138481706e-01,9.850591490624112101e-01,8.605829510879523525e-01,5.321506481836799640e-01,7.632000477475104905e-01,2.399676649078127944e-01,3.034522423103820365e-01,5.505150125236408787e-01,8.593757260847565416e-01,6.484046536409224792e-01,3.568839022031944919e-01,8.570691090353058650e-01,-1.938187398563456509e-01,3.410289254292800942e-01,2.775771716778498988e-01,5.401671018775282551e-01,5.385125904245225970e-01,7.293894217767153965e-01,4.722424422311417014e-01,6.322166604563383974e-01,4.324933842249188976e-01,2.935274134972014060e-01,7.899442613279030745e-01,2.525187040728861243e-01,6.523486303452570301e-01,9.506745333446829926e-01,7.048543756745889732e-01,3.122757274609930800e-01,7.097076475704680587e-02
9.525059635608512654e-01,4.397952959063928802e-01,9.659413210366726288e-01,6.119519674825419919e-01,7.858619632509253883e-01,6.071503661316258738e-01,3.989406998234487634e-01,0.000000000000000000e+00,4.802756715167694201e-01,5.732996385253342764e-01,8.695004172087319461e-01,6.454123728293121864e-01,4.297790045323660046e-01,3.941754363203341383e-01,6.747697792439855125e-01,4.070826759839030196e-01,9.113017446882083483e-01,4.785637588036547041e-01,2.875177856844409185e-01,5.924306694592094136e-01,9.080415085500758154e-01,4.944537179264540949e-01,4.153489457995208634e-01,4.494129904723142555e-01,6.375691356406254506e-01,7.895448285658308585e-01,6.429915233822114384e-01,6.466128853405599397e-01,6.329603812466128021e-01,2.571666886054085888e-01,5.541262501993352574e-01,8.587607742536663702e-01,6.282615259592937429e-01,9.674248237877259848e-01,5.621553517534843003e-01,5.197650393692033743e-01,4.032269466474950326e-01,6.389308642299030838e-01,7.762952470112439718e-01,3.880210716093906442e-01,8.611147536838572591e-01,4.460090884675225187e-01,9.824948564607008938e-01,7.384783932473711898e-01,7.546707875572797874e-01,2.083640121868967354e-01,6.089212764994300642e-01,5.082505184067516169e-01,6.801040986252323561e-01,5.838315182510600554e-01,4.894542912923503519e-01,6.392561845831774558e-01,5.838194614164415874e-01,4.749014660367968932e-01,8.802103601898390028e-01,5.875235401330305418e-01,2.157591612597928310e-01,6.194538394392253844e-01,4.250280833690037730e-01,8.012277790170559966e-01,5.308480750696354944e-01,7.175483875301601477e-01,6.386676550193018942e-01,9.578119900330505088e-01,6.997262119914292589e-01,4.488571342564845468e-01,6.038341599186729941e-02,9.600716441101093679e-01,6.521896748477861161e-01,2.608062162109053284e-01,2.807537296820828976e-01,4.710788122185509685e-01,6.853496199104162079e-01,8.098515126562685351e-01,6.522597897303751280e-01,7.467106446690141563e-01,5.846836597122325729e-01,4.411557685502192627e-01,7.824075521365307928e-01,5.426845736546485055e-01,3.864201504124209485e-01,6.061085436556002959e-01,7.896445695420868383e-01,5.289012341692396202e-01,9.342665620848622510e-01
8.104399756147335765e-01,7.127432323128792824e-01,8.557257071725712372e-01,8.672960362920560939e-01,4.625575845575808920e-01,4.423106373278892778e-01,5.351190097739935148e-01,4.802756715167694201e-01,0.000000000000000000e+00,7.765275344246058697e-01,5.105462233038159381e-01,7.421207229573993924e-01,5.271090655600436659e-01,7.390886021551297258e-01,5.378060657270683498e-01,3.877311884668679376e-01,9.677909890729832210e-01,6.544354773962273164e-01,5.502644843624074911e-01,4.249445054016033896e-01,8.059296882773024917e-01,4.315470931126458298e-01,2.429961160890222183e-01,8.358451368958175198e-01,7.768508908609552677e-01,3.197773460644112165e-01,1.896348297819861473e-01,7.483924074326059328e-01,5.010120832153724946e-01,6.409441815169716894e-02,1.480201578379839733e-01,7.975159792850693430e-01,5.097265591221347147e-01,9.377925675354291668e-01,6.861771519988371093e-01,7.959176512101491241e-01,3.345138952177009184e-01,7.271852679276310516e-01,9.310444949410960902e-01,8.862445862213357284e-01,2.582262605226348651e-02,6.655809683025588619e-01,7.669171493050839228e-01,2.168475318009485675e-01,6.186562463261503497e-01,8.166930091583043394e-01,6.996245111445890119e-01,1.101883629269861942e-02,7.982227400863781686e-01,7.459003614041740393e-01,7.224314124492914324e-01,7.765925900539349946e-01,7.661161532071762981e-01,8.405387775530976935e-01,8.806628281825283899e-01,5.721651073624749451e-01,8.034231137865747163e-01,9.590418924308614645e-01,4.434656715931046822e-01,1.528709067896805163e-01,8.346327064513556770e-01,5.659059736726739231e-01,8.681495352268648880e-01,6.409377029061886777e-01,7.423619933082512556e-01,5.618453878140267088e-01,8.490242398065676044e-01,3.230507306309714499e-01,7.341363876417856815e-01,4.828227600139998188e-01,9.857761993492115682e-01,7.422343318921119648e-01,5.871376295327469519e-01,4.207721602536237948e-01,7.346638041249066164e-01,6.278134912524537814e-01,9.943755017098889759e-01,4.679071722351293983e-01,4.152618286973382977e-01,2.322983627373440829e-01,7.574401751459832743e-01,9.518628294344887442e-01,2.773709775684037870e-01,3.727077629796233804e-01,6.027474617100977428e-01
8.490293787955139893e-01,7.765779361755799082e-01,7.399185938228862724e-01,7.313438840661776741e-01,7.027945612092044714e-01,8.950422990503844600e-01,9.300513634320140000e-01,5.732996385253342764e-01,7.765275344246058697e-01,0.000000000000000000e+00,6.228110331305304337e-01,6.568510967891399988e-01,9.724853248747533652e-01,4.107263087424927184e-01,7.392220090406602662e-01,7.186144523940762863e-01,7.636835677283335677e-01,5.337031614217829789e-01,2.175059080312858328e-01,7.278311528128104113e-01,7.372897222778823645e-01,6.783417973365227782e-01,9.198401940023308576e-01,9.834044047121027754e-01,2.507842313412377844e-01,4.996366594060364097e-01,7.006216526281631163e-01,5.097860415612458507e-01,9.414984634270906483e-01,2.539017072143475162e-01,6.989222516501925053e-01,9.542109040970291334e-01,9.077178482710952512e-01,7.851002505586892610e-01,6.377309093268956897e-01,7.470874681302340781e-01,6.091787523296691154e-01,8.001499319139374622e-01,7.326666009599128726e-01,5.637876338964409317e-01,7.698362357156597335e-01,4.515917461699915925e-01,9.439281587082000158e-01,6.598785105804649831e-01,9.628952458055256569e-01,9.912759573327780682e-01,4.077711183406566020e-01,4.824252332725771364e-01,8.088995290218455869e-01,7.102451871990140830e-01,2.129593414579801225e-01,3.099933268207279435e-01,9.447428903976682335e-01,6.188940961691463682e-01,8.751353062941581440e-01,8.703771847754688817e-01,4.725873676992893291e-01,7.605029056219472228e-01,6.823274478299171664e-01,7.554638611113201341e-01,8.740234871272726247e-01,9.178957794379012380e-01,9.586614792551592101e-01,5.923323082255828043e-01,8.535691016809049403e-01,9.207703465178793678e-01,8.127359745891686860e-01,5.831540692999113151e-01,4.256637245314331963e-01,9.372433361324836731e-01,8.071722065936346446e-01,2.991833262494653090e-01,5.498965852722463854e-01,4.060371647931000916e-01,3.273713075520164328e-01,4.400396727953083675e-01,6.728457712779050137e-01,4.877677024797998362e-01,4.639332382286914802e-01,8.094102915095127693e-02,9.343727349395976045e-01,9.317519795415238892e-01,7.533092567432478903e-01,4.530111645794147046e-01,5.324621848386758005e-01
9.319427146731144029e-01,8.586806440490097891e-01,6.474559816480524033e-01,7.257509908914210328e-01,7.453401333476686874e-01,9.665230921958228860e-01,6.373249171257211465e-01,8.695004172087319461e-01,5.105462233038159381e-01,6.228110331305304337e-01,0.000000000000000000e+00,9.238612012848267385e-01,9.375934308811382234e-01,7.182657575279620676e-01,7.934643905507218209e-01,8.121469816995433577e-01,8.447281699739859206e-01,4.681050404185010394e-01,2.487955662632544418e-01,9.803743746525338532e-01,8.602959385097863620e-01,9.602924134271979550e-01,6.046885562766791677e-01,8.115699063345667152e-01,5.815507355750629825e-01,7.152144851136366110e-01,6.947186373683906790e-01,8.707403996457216966e-01,3.840109089726256864e-01,2.136876836615015374e-01,7.633420482015228492e-01,4.355015375619067375e-01,9.428897457614516808e-01,5.409777694268217418e-01,5.449111550448959562e-01,3.406807098050377292e-01,3.626707492298262836e-01,3.077907946644816706e-01,5.250020058219643238e-01,8.988848035362843047e-01,8.218256776838411826e-01,4.040032271781009987e-01,8.390075309114248814e-01,8.159657463321183801e-01,9.510918968849507715e-01,5.233400550378872751e-01,5.582423723617250255e-01,7.288244645092755158e-01,4.559859510407694438e-01,5.348518159632615898e-01,5.923301737160086011e-01,7.790747183161969014e-01,8.425143079132779711e-01,2.647940723846671229e-01,8.262256020226221853e-01,6.799294885043212222e-01,8.768713635260435568e-01,5.488951980213864212e-01,8.830015538531736929e-01,4.030966226530643404e-01,4.648315796594158500e-01,9.454204430692095817e-01,6.435044291527951543e-01,6.840304665582391808e-01,8.509372982118904583e-01,8.347564542575403035e-01,7.952412218743271088e-01,9.764699215926664344e-01,7.400990529905471238e-01,6.500869509805898838e-01,6.884414726803305129e-01,6.102077880533589571e-01,5.765883392135839891e-01,7.681665553498613352e-01,7.315203398490189857e-01,7.459976061578434958e-01,6.511550157260250771e-01,7.604647373247497288e-01,4.270986518777148966e-01,1.616389710546334291e-01,7.022564358555671848e-01,3.008189265506277521e-01,9.516707520438115742e-01,-2.336822732955787796e-01,8.708829187102437031e-01
9.729556562243353302e-01,9.923355587165706426e-01,6.293678512490959998e-01,5.420174066743859154e-01,6.614616401760307074e-01,4.305485568774903848e-01,7.604744774981685440e-01,6.454123728293121864e-01,7.421207229573993924e-01,6.568510967891399988e-01,9.238612012848267385e-01,0.000000000000000000e+00,9.384562674826121276e-01,7.027374760148802357e-01,8.884311212787883161e-01,8.596909744966747535e-01,6.250259645131629460e-01,7.878170244552136214e-01,2.951419647128426527e-01,9.681627729442741082e-01,6.920976535450936717e-01,7.832442355759658970e-01,7.512529647780985531e-01,8.871720104910757465e-01,6.266215042682923286e-01,3.150763333475666284e-01,8.409616385733247323e-01,5.398444195982035065e-01,3.037740272314618517e-01,5.308504790870756107e-01,2.249258826293046021e-01,3.151745050815581983e-01,4.653625961706619463e-01,8.272667518121538111e-01,9.336264364833354312e-01,3.073337862439891044e-01,5.537528556401881685e-01,7.099529899931387167e-01,8.209366806031956898e-01,9.765169926669072797e-01,5.665967760741134063e-01,7.296412322381272686e-01,7.723163627663381936e-01,9.945733719839121578e-01,4.416432354266253690e-01,9.920066042259593209e-01,8.190433582629841336e-01,9.571806089335179735e-01,4.367412014451517166e-01,4.447251061724192822e-01,6.952680365509039673e-01,3.908341824795229513e-01,6.729316765700755765e-01,3.373333988856436205e-01,8.234624390792448789e-01,6.009797168818992175e-01,8.568786446806164747e-01,5.882791174304368154e-01,6.942030986198312048e-01,3.406252310078369816e-01,7.749330547301221117e-02,1.619264479180770877e-02,5.230507577559763144e-01,3.844186415828443337e-01,8.656375027382900988e-01,9.745534448561083973e-01,3.648424096735309319e-01,8.674554264275413651e-01,1.517672975007297032e-01,7.406681729054889196e-01,3.388201876583728511e-01,7.171811765218412127e-01,6.581232701997801193e-01,5.005091152787574105e-01,1.943146794900523222e-01,2.165260202062546657e-02,9.513674697611576025e-01,9.519979998746072036e-01,3.715654006475442861e-01,5.818242777996679438e-01,4.194625332218953617e-01,6.588654039684659347e-01,7.184542256732606713e-01,5.423228158907342777e-01,3.548947721901953845e-01
7.093510561112048585e-01,8.149947349612201020e-01,9.680914246191103523e-01,8.931840306934969442e-01,8.358442745263849893e-01,6.093736420109214791e-01,9.182148965733203383e-01,4.297790045323660046e-01,5.271090655600436659e-01,9.724853248747533652e-01,9.375934308811382234e-01,9.384562674826121276e-01,0.000000000000000000e+00,8.999963156855272928e-01,8.618897784551199370e-01,9.213694385870170311e-01,9.139540851634920804e-01,8.937165014151534637e-01,7.438136270129327432e-01,7.944598496405881338e-01,9.058847343590041845e-01,9.154268135444063592e-01,9.597244257043022753e-01,6.909235465657527220e-01,8.296223367922397340e-01,7.265693956002352571e-01,9.471093497153545426e-01,6.411029581195225591e-01,4.971630688632631134e-01,7.075295661881174647e-01,5.693056182979436830e-01,6.660803672898105710e-01,4.689722261998617303e-01,5.885691502531126273e-01,8.853580553887872018e-01,6.446064355224701004e-01,7.561824881297750378e-02,9.753523903437105735e-01,8.066683911307515054e-01,9.314698080556087501e-01,3.361709467353422576e-01,9.006613511240789682e-01,3.911850615958470945e-01,6.552148758264775275e-01,8.456796690062999833e-01,5.969284432635244553e-01,6.766548031768863103e-01,9.991136880638429307e-01,5.507615605227494937e-01,6.037825929866993402e-01,6.337710502501239240e-01,9.251103988288256197e-01,5.852249694926288104e-01,7.805054149197020452e-01,8.783678962495677922e-01,9.501443309166617279e-01,8.830017813565086415e-01,5.969893579573823938e-01,4.097475966540353731e-01,5.150905130861570536e-01,4.734564084460886058e-01,2.313151182853022125e-01,4.360827876657742408e-01,2.759183825032728299e-01,4.844322612619901269e-01,7.003662063374372915e-01,6.804849809307649267e-01,9.266810127112531381e-01,-3.731262470415807053e-01,9.425409431336428945e-01,9.759302576877567637e-01,8.842680325004234065e-01,4.674360375044590565e-01,4.454763901114097702e-01,2.879091387114790512e-01,2.371307152305852650e-01,6.335443574491999019e-01,5.215131881287911053e-01,4.682032423373647112e-01,1.637418461145302706e-01,5.052252356178508208e-01,9.707292295954412786e-01,7.692382979370908647e-01,3.489894496661376522e-01,9.806278750864952931e-01
9.083829340966516064e-01,6.936144475966640188e-01,7.122336845667951444e-01,6.354857237975675144e-01,9.285995235988140362e-01,7.444437947222988239e-01,6.641607874720883986e-01,3.941754363203341383e-01,7.390886021551297258e-01,4.107263087424927184e-01,7.182657575279620676e-01,7.027374760148802357e-01,8.999963156855272928e-01,0.000000000000000000e+00,8.975261993933032478e-01,2.293849665551543626e-01,4.885972433447471897e-01,6.100954323614147246e-01,6.636235149979345938e-01,9.492471920397707041e-01,7.900816880443822798e-01,3.397546997561500803e-01,4.301150728654581368e-01,9.830484734227806776e-01,6.204017198403167788e-01,4.536282445923601747e-01,9.446511534190945580e-01,6.089989856050878059e-01,6.314936842155335350e-01,6.032939909433907566e-01,6.575354703740750040e-01,3.008175016144075120e-01,9.811208905674144720e-01,6.623256932163380517e-01,7.312449867562543782e-01,3.638356824435493575e-01,3.777842217005069614e-01,9.339971454171428489e-01,9.789622062036238415e-01,7.610829474653101334e-01,5.572760426803742284e-01,9.152145178830773942e-01,8.252834151613710478e-01,7.948221866419662440e-01,9.872967142138553420e-01,2.309513975058072321e-01,3.537217520897822931e-01,7.803858886613416201e-01,6.755381652639614876e-01,6.031770043819002503e-01,9.901034260237235873e-01,6.348561775323962042e-01,3.358917410781527835e-01,6.720405894919320167e-01,7.333979167649626874e-01,6.036131367962940253e-01,2.502630718097330065e-01,4.769151707307416332e-01,9.856317107431253888e-01,7.124549294669986210e-01,1.897420842172641842e-01,5.451593078843361972e-01,5.794199007072592389e-01,4.137166069663608670e-01,9.913605283177662209e-01,3.361557560250968413e-01,4.316566255913857342e-01,8.607590646972242965e-01,7.666172892457219223e-01,4.406293260244187326e-01,2.934044897994311230e-01,5.048980046455742166e-01,7.309958466538573063e-01,5.040661434595232748e-01,4.888552264250587559e-02,4.204650326597600962e-01,8.922662698146184290e-01,8.746829717984982988e-01,3.470543496341738088e-01,1.542520927720197055e-01,5.507545485491519566e-01,5.737791514718894037e-01,9.399705562995797070e-01,9.833789628844806785e-01,7.892500657175542944e-01
6.661221319810255448e-01,9.954858297690676316e-01,7.182984575536274230e-01,6.383758590210241168e-01,7.022692860309643903e-01,9.381174543987896852e-01,7.135372737979719382e-01,6.747697792439855125e-01,5.378060657270683498e-01,7.392220090406602662e-01,7.934643905507218209e-01,8.884311212787883161e-01,8.618897784551199370e-01,8.975261993933032478e-01,0.000000000000000000e+00,4.098097480595720432e-01,9.933568960359077105e-01,6.025328945667458580e-01,4.331082491879831298e-01,6.953031348781980592e-01,8.717678963483819210e-01,9.064404666628589347e-01,4.609130697353313599e-01,9.030942709059658347e-01,8.750853419628878971e-01,4.681194896638167791e-01,6.659557062745500300e-01,1.118956111855491653e-01,7.378870496745082441e-01,3.860168377938387740e-01,5.155828382374131325e-01,7.758282531454647746e-01,7.084705503028435603e-01,3.229364041952633158e-01,4.421989732420522068e-01,5.363635792873575614e-01,2.460053667583729509e-01,8.607527398204561919e-01,6.394817528933369744e-01,6.153110807808807037e-01,4.420731331819665461e-02,7.784433668274153284e-01,9.017265037846816655e-01,5.636947502458820036e-01,7.170216324409273145e-01,6.002254561910550512e-01,9.707772417777992269e-01,9.473968352474453347e-01,2.458544821842818251e-01,9.685355904690917672e-01,5.355866133102976656e-01,8.127385591949352062e-01,6.064903333665027096e-01,9.625686803907120836e-01,8.463392586092102210e-01,8.108981946709288291e-01,7.725324796201551436e-01,2.733127236071525856e-01,6.102635651677282835e-01,1.581955481293411403e-01,5.042246443592000027e-01,1.941201021814677741e-01,7.900375081322001947e-01,9.031937041508657504e-01,9.272852645234748170e-01,6.645639513121777142e-01,7.207870847211389487e-01,8.224686101847004105e-01,5.632975195286336056e-01,6.105202426740220512e-01,8.923089485617996530e-01,8.181629587604746234e-01,5.851583067609781308e-01,7.797745312350288227e-01,7.367755425260389401e-01,7.165845973169199246e-01,5.783126535961703452e-01,6.633464296772707547e-01,7.878781134779948570e-01,4.317247580276993291e-01,5.231224442447774958e-01,6.392327705300657748e-01,9.235673291966187692e-01,6.214896454236206180e-01,6.898033791060893538e-01
8.134023565759056495e-01,8.690878542881889102e-01,5.768582549476475307e-01,9.166726048970942342e-01,4.326215009535240852e-01,-1.035890098221801531e-01,5.794108644545983289e-01,4.070826759839030196e-01,3.877311884668679376e-01,7.186144523940762863e-01,8.121469816995433577e-01,8.596909744966747535e-01,9.213694385870170311e-01,2.293849665551543626e-01,4.098097480595720432e-01,0.000000000000000000e+00,5.831914002542832876e-01,5.728879560147366323e-01,6.205547159235749177e-01,7.886774567222720744e-01,8.329213730914142300e-01,6.250037148379790075e-01,6.892760482549759038e-01,9.822212649934682904e-01,9.250708815581216715e-01,8.941595667733481800e-01,6.676953496239460550e-01,6.270256563496415803e-01,2.360804302213890815e-01,5.275011666570781355e-01,3.033225981013660810e-01,5.787557585185834075e-01,4.180108861049288138e-01,9.062444015443470446e-01,7.833770311561174537e-01,6.913560638292072236e-01,3.269935491244140291e-01,9.570117131224331608e-01,7.661935787056274316e-01,1.319299547538702044e-01,7.356838404902374950e-01,4.581530576957364986e-01,6.981884300074683303e-01,5.212875429817693806e-01,9.557486470747184049e-01,9.206644303097762938e-01,8.127460512276437621e-01,6.609015299564032775e-01,2.104808821238142447e-01,2.361853740534818058e-01,6.086075174478396965e-01,1.848477149395997415e-02,3.922168088730274560e-01,6.408567980147975574e-01,5.595857307370504241e-01,6.765479518030776962e-01,6.804087641284347621e-01,2.322992773015621348e-01,8.513497116322431557e-01,1.429885061275375513e-01,6.987196372069439665e-01,3.285813005792015407e-01,9.028188126301408545e-01,5.045950600450461732e-01,6.909675543264178765e-01,7.503633167241753332e-01,3.221373855369049632e-01,7.810345040586669230e-01,6.476159276006792087e-01,4.512887310893248793e-01,8.497475776903766764e-01,9.530379741523450354e-01,3.853146066913519241e-01,6.619518343214311207e-01,4.794534935778391738e-01,9.839591273354394430e-01,8.922053167604343527e-01,6.478616260614549205e-01,6.779347907955062258e-01,3.873442050311123874e-01,4.275544103785347549e-01,6.932728415814779499e-01,9.381561126341451118e-01,-8.505940088030884694e-02,7.942351959326621191e-01
9.032872681564503292e-01,5.806925643901550416e-01,9.543356130142252036e-01,2.379816957719674830e-01,9.151530129523164359e-01,4.737121847871181290e-01,9.074707541478392869e-01,9.113017446882083483e-01,9.677909890729832210e-01,7.636835677283335677e-01,8.447281699739859206e-01,6.250259645131629460e-01,9.139540851634920804e-01,4.885972433447471897e-01,9.933568960359077105e-01,5.831914002542832876e-01,0.000000000000000000e+00,9.860135399896055031e-01,8.839959296112298581e-01,4.443081295445254209e-01,6.792603746213009552e-01,4.396704302359332184e-01,8.427779607524108485e-01,6.848208492374324718e-01,5.058626524786526968e-01,7.299059048973034480e-01,7.055834312460386171e-01,6.488312285446931060e-01,3.759195536325778964e-01,7.028569198262770712e-01,6.292649879319953676e-01,8.345864222041506908e-01,6.987382453150693395e-01,7.614943115862629064e-01,5.326510759188129995e-01,4.896483108389005912e-01,5.906314226342768148e-01,9.559897584442802465e-01,7.298960744232583231e-01,6.280818987183798274e-01,7.386183671459227718e-01,5.216328807019229297e-01,8.442715143874155448e-01,9.254168588569837706e-01,9.148299624991838019e-01,6.816619064684148466e-01,7.404718629296285215e-01,7.788584533775173568e-01,-1.200207444417090152e-01,8.766779271399186557e-01,9.052692935171092747e-01,9.848500136897422319e-01,9.298901469788917185e-01,6.753479840202174511e-01,6.757089849248478775e-01,5.764145279996967242e-01,6.166542938287348230e-01,9.750015748015468109e-01,9.899051669519643992e-01,5.735859021049730666e-01,3.187588958731949473e-01,6.534787166571247585e-01,8.649100058517038558e-01,9.828128197226553286e-01,6.256570861532415595e-01,8.326644261252267309e-01,2.906135712858275988e-01,9.007843906856175531e-01,5.860153967176602308e-01,7.239612627744294038e-01,4.786323504416013508e-01,8.419853530005616538e-01,8.617639460111681249e-01,5.328214531466642923e-01,8.924201367077209124e-01,8.723626750818571640e-01,3.426317116081645242e-01,7.970682624745513145e-01,3.582725114138339273e-01,4.155298013790328926e-01,8.555112610936486117e-01,9.965260359577577942e-01,6.341887328305575444e-01,1.093913640851612162e-01,7.387359947216523004e-01
9.011169269331692488e-01,8.508212594360302639e-01,7.461445068698686622e-01,6.272588477733632706e-01,7.585432429979044322e-01,6.263697239697595398e-01,5.295778463984132101e-01,4.785637588036547041e-01,6.544354773962273164e-01,5.337031614217829789e-01,4.681050404185010394e-01,7.878170244552136214e-01,8.937165014151534637e-01,6.100954323614147246e-01,6.025328945667458580e-01,5.728879560147366323e-01,9.860135399896055031e-01,0.000000000000000000e+00,8.822447527441741322e-01,9.282513315340774618e-01,6.545587704613274882e-01,6.876299831211831748e-01,4.688824064489287985e-02,4.438331759044617519e-01,5.450942215641479960e-01,6.298434448946970132e-01,9.001541588955813689e-01,5.018629526457932810e-01,5.311571243015146271e-01,5.949130955057041481e-01,5.734350952720665973e-01,8.108568480142105406e-01,8.632017044575247544e-01,5.423173804757110972e-01,7.615571408927827024e-01,2.410962494805298784e-01,5.233826718908610731e-01,8.062962258814898586e-02,7.750539336387838318e-01,8.074847713401825944e-01,6.431181953034367238e-01,9.417192295445534489e-01,5.207576987876055830e-01,7.688955660689554827e-01,8.730407806785556168e-01,9.119523989330420299e-01,5.324118336273124807e-01,7.954092967404895465e-01,4.253624798345088109e-01,7.213562477558543851e-01,-7.546080250942119316e-02,9.246332628196414216e-01,8.072185324610133828e-01,5.445398999147325059e-01,9.573381330632260156e-01,6.728967392557786420e-01,3.610000765410133483e-01,8.222072483438949142e-01,8.385893527327732411e-01,6.653160926588789215e-01,5.517834657884382876e-01,7.593621681107548538e-01,6.120751335021114015e-01,7.509705759175935302e-01,5.882036961206049686e-01,4.940457813872717874e-01,9.737694931666058817e-01,7.196885328551435590e-01,5.988110831891710895e-01,7.479521208563308932e-01,9.315809175773246409e-01,1.659531860093686750e-01,5.479733024092098281e-01,7.783181281314656141e-01,4.311561274805477129e-01,7.395481775834509275e-01,6.349847895551022914e-01,3.600385744397535115e-01,-7.256061034259930764e-02,2.853100881385722820e-01,6.573800530277379428e-01,6.605536944961087897e-01,7.154655602342669951e-01,3.188532971625574475e-01,8.002180618890859520e-01
