0.000000000000000000e+00,5.399116769180634101e-01,5.896445338753195653e-01,8.384217851672706168e-01,9.042035284557314867e-01,7.971390301292597957e-01,9.951531375781555999e-01,2.020156242800144331e-01,9.009872199517313662e-01,7.677436594222375454e-01,4.820835479604874962e-02,9.122391548159415331e-01,6.749403252892273164e-01,7.260918885062356276e-01,9.635933144593437083e-01,2.080470134405547622e-01,9.492917634611943711e-01,9.992341053813960094e-01,7.261310704798906723e-01,6.575076517140220345e-01,8.340414420570640974e-01,8.020451846004331697e-01,6.726293277970307738e-01,7.796671771264458428e-01,7.041550784093690840e-01,5.485685198080079150e-01,6.364713360374325557e-01,9.545405334808556574e-01,3.058010954699264539e-01,8.462583295904322345e-01,5.407111379379366811e-01,8.646220422252965943e-01,6.691350200366125156e-01,9.182180442772556184e-01,5.622237790467137647e-02,3.125011299306113544e-01,5.451717616992582949e-01,6.545220075572674157e-01,4.652769769320204141e-01,6.101526790035258774e-01,4.809727460909135055e-01,9.314294751562152141e-01,6.347748904567922512e-01,5.613274872286476702e-01,6.089790228927561833e-01,6.327324997978579502e-01,6.074947836786191990e-01,8.151381594724819157e-01,9.073291126949977192e-01,8.223532843230876299e-01,3.106700828374919232e-01,8.820122027212947691e-01,7.051351487559079922e-01,6.967106534921908567e-01,8.053628124499813135e-01,8.465916604861452033e-01,5.769859115050286480e-01,7.046623068446361549e-01,8.284036880736012076e-01,7.329129967512899579e-01,2.095186209241072239e-01,8.653050228012937328e-01,8.620830866965843997e-01,8.294586583587547635e-01,6.062908129389090739e-01,5.117315873353038835e-01,5.892829783471377203e-01,9.000267966193191693e-01,7.485611900629066673e-01,9.868682928926664211e-01,4.982582488400691401e-01,9.160397999321561180e-01,5.090818718231990836e-01,2.729010636637017595e-01,4.280167753136658315e-01,4.046730350814326527e-01,7.158323248203780631e-01,9.549963688102542925e-01,5.112039408621631420e-01,5.916825782424011138e-01,7.514110127218308621e-01,7.732122302240649336e-01,8.936148571874603652e-01,6.026796026730260047e-01,8.233427558516143163e-01
5.399116769180634101e-01,0.000000000000000000e+00,8.771508810102522924e-01,8.937111196400848723e-01,6.976849507104220249e-01,4.260928036585450163e-01,5.619430572314544348e-01,5.865675788884154862e-01,2.803837423937124984e-01,4.210363253942516759e-01,5.212877686167171065e-01,4.564375404046999152e-01,9.864781396568177430e-01,7.125670881035205406e-01,7.930814182834169390e-01,-1.930021038819527690e-01,8.787453969875600457e-01,8.932800289061751942e-01,3.509861757547066974e-01,7.371684461523633214e-01,9.717157368208069190e-01,8.582761231707675131e-01,6.435334118819771021e-01,7.066283048678272394e-01,4.086425245534199280e-01,9.412426402455098540e-01,6.442635995708468899e-01,8.613113241923608943e-01,6.260042605029350060e-01,6.876854459596709601e-01,2.285720622007566261e-01,8.703989448044834321e-01,7.032380356732733651e-01,4.221464259446824352e-01,4.389423655781157230e-01,3.937891055808435681e-01,7.580691351208163065e-01,7.525872580209855833e-01,9.359772504412913197e-01,9.316963428632495381e-01,5.324474472671903991e-01,7.432448475622903672e-01,7.679145882894509167e-01,7.610482304558574551e-01,7.672883014772773347e-01,4.946974147914384168e-01,6.395050207706323153e-01,8.564679786326752087e-01,4.479057982915197744e-01,2.205317796590427482e-01,6.031989713095661232e-01,4.907656885852166306e-01,6.443992853328446291e-01,8.201904985443633223e-01,5.427672565024683760e-01,7.264186795160214594e-01,9.038735907725888863e-01,9.265219831368279868e-01,9.043513736636789035e-01,7.059574214014697757e-01,5.917810684273403510e-01,4.849637147901071366e-01,4.486775677216218172e-01,8.311308288016876489e-01,7.761119330362439284e-01,7.368190492840109851e-01,5.447010220604246999e-01,7.159813804179947505e-01,7.446043612758946884e-01,7.510962652494957981e-01,5.926053859500590715e-01,9.639305632382944022e-01,5.571141370087295819e-01,5.804964897159133885e-01,4.163173798424307792e-01,9.710011443102000150e-01,6.117538255466168362e-01,4.132858657553209469e-01,6.965971078235393410e-01,5.488162439831680839e-01,4.669463015111299242e-01,8.819519680293880226e-01,7.907617013789607352e-01,4.036869275274100888e-01,7.177674698858125257e-01
5.896445338753195653e-01,8.771508810102522924e-01,0.000000000000000000e+00,7.132960487896454760e-01,6.080506030720637112e-01,7.015233525599892106e-01,8.444165629697404363e-01,9.016423207268938755e-01,1.111931307348705683e-01,8.213711527844902438e-01,8.003938544419585410e-01,7.972144007825239242e-01,8.395888859911146973e-01,8.464270543750280762e-01,9.326673334542064930e-01,8.325923362890466084e-01,6.427357211926177927e-01,9.577913053349074168e-01,7.143812511794365161e-01,5.401191685357854544e-01,9.223699574451282857e-01,9.758100253807777680e-01,6.219960529067075639e-01,8.760149574019772123e-01,7.018279247514727093e-01,9.151229486402318036e-01,8.162989427258068309e-01,7.887362118412579726e-01,7.490262082260703558e-01,4.995517520420752478e-01,7.810277144021293694e-01,9.674166210384720355e-01,5.833807568776511188e-01,8.044901118320144651e-01,7.524458719982837218e-01,4.135441017224848470e-01,5.153027608844649166e-01,9.337483148049119386e-01,9.516649258943048473e-01,9.529279631610430013e-01,7.995194240349587922e-01,7.242329368700736181e-01,8.380537745950173978e-01,4.398938083883451311e-01,4.443540401373982651e-01,5.235165115553765958e-01,8.206694634889724060e-01,8.197099036820691964e-01,9.740774794394776448e-01,8.016927666552471354e-01,9.248046816287938121e-01,8.395666504572387723e-01,7.716996362606466375e-01,3.725064502257484644e-01,6.013416495181457266e-01,9.366877172406142815e-01,9.793470871373380904e-01,9.931311688740486199e-01,6.069843088083766158e-01,9.160067357638308760e-02,4.380895696673807738e-01,9.094335734754932510e-01,6.462024834092104930e-01,4.470043828782210293e-01,8.380278789344983714e-01,7.535417526908025909e-01,8.337531995712859079e-01,6.198397112744462589e-01,4.041493082053355113e-01,8.949961080766863919e-01,6.303363384257893998e-01,8.487297642704527689e-01,5.919570314900540753e-01,5.646039550197579082e-01,7.898567417233546273e-01,5.709256128293961341e-01,3.559986313222024412e-01,6.113866571023878205e-01,6.829138699869417017e-01,2.279875869858630222e-01,6.202870506467755840e-01,6.326255055027578678e-01,6.627810699634590907e-01,7.254474398023311732e-01,8.477773530673404778e-01
8.384217851672706168e-01,8.937111196400848723e-01,7.132960487896454760e-01,0.000000000000000000e+00,4.614186493227020458e-01,9.180443494876125987e-01,7.006462757684353004e-01,1.991878334803077466e-01,2.611139358638745467e-01,5.192265581057174950e-01,3.356436838335437600e-01,8.628528715206940092e-01,6.631645396667653625e-01,4.444013132929212073e-01,4.464665209262946854e-01,8.080773697355766449e-01,8.944783014852284442e-01,5.114957945629695635e-01,3.833967200701152156e-01,8.571067561899420317e-01,8.854071559605410924e-01,6.955097991440092331e-01,9.139900346088192240e-01,8.249839559009749523e-01,8.252820591550208418e-01,7.926570415192537578e-01,7.317698248207066269e-01,7.778378226582944865e-01,5.668729847402212974e-01,6.400494017622115894e-01,2.035759597831471868e-01,4.484869267258406178e-01,3.588170912147953251e-01,8.926241139099566624e-01,7.143915163128242707e-01,3.878648912135566063e-01,3.770993562617623862e-01,5.095583032573965943e-01,8.224830813659662621e-01,6.470038929713222142e-01,5.482704754490121957e-01,9.036908262714418161e-01,9.825983234319388693e-01,5.271107564443047178e-01,5.130563486744611490e-01,9.913316807912664341e-01,9.237226703059717714e-01,3.444468410941817771e-01,7.329721245551205078e-01,6.959751563088601989e-01,2.595256354349037009e-01,9.392600367077013068e-01,8.811771611231122847e-01,8.274144492548297647e-01,7.003695445740567571e-01,9.571511737726352553e-01,8.139142951311308938e-01,5.392820257615476010e-01,4.039899748034326277e-01,6.700376689788265505e-01,7.070066687605136568e-01,9.994779384111398546e-01,2.045498997973306254e-01,7.768480453857029566e-01,6.445470756498633547e-01,9.316300373718511274e-01,8.921200426119638704e-01,9.001473333330120008e-01,9.050916375112276757e-01,2.059577294226618838e-01,8.640204889607905336e-01,8.155150127448613784e-01,5.774826694811994177e-01,2.780021930604374969e-01,2.057764204746175274e-01,7.775594117116895188e-01,8.465593539273091883e-01,9.071547336886300883e-01,5.470008571019016053e-01,6.068505676073471244e-01,8.467075893821841559e-01,9.814932924316142060e-01,8.103667570529566877e-01,2.232560583234513840e-01,7.891824002878417010e-01
9.042035284557314867e-01,6.976849507104220249e-01,6.080506030720637112e-01,4.614186493227020458e-01,0.000000000000000000e+00,8.422977022351000320e-01,4.196125110877467757e-01,5.966909725349788252e-01,8.837336281068575161e-01,5.074649364056289524e-01,6.916202694684715491e-01,7.655378115094708669e-01,9.319517308537060840e-01,9.098513399462843099e-01,7.229577605829236031e-01,4.181289970472126805e-01,3.278026972869038658e-01,8.445445788013531407e-01,8.189490666439974698e-01,7.821158511339725283e-01,7.639063210082919220e-01,4.590827634944029678e-01,7.235552388724723061e-01,5.826016092498633725e-01,2.105402918887506747e-01,6.631351988362180760e-01,7.364331174144244097e-01,4.533975244444638508e-01,7.761268649866031044e-01,4.796000864701776001e-01,3.300908178873314114e-01,7.296782098784887483e-01,9.907152991611389847e-01,5.563553816208345326e-01,4.793340982411047335e-01,3.180332598850247328e-01,3.860476607057212739e-01,4.892971090324907957e-01,8.451650435684844309e-01,9.215368677356017280e-01,3.020453778368940578e-01,9.204345968527257726e-01,9.929522365816545459e-01,4.193644397045982464e-01,6.319323574300036439e-01,7.977604375603615239e-01,7.840673427735538326e-01,6.844397497200832570e-01,6.921389337416060661e-01,9.804299000359861793e-01,7.833244048464355069e-01,3.890685197577971044e-01,7.571424287571730805e-01,7.644439146931667484e-01,5.899980623432909965e-01,9.065569925020325881e-01,4.110448353724978354e-02,7.555177684925911130e-01,8.735116327183359841e-01,7.172709391090147379e-01,5.213291794791549139e-01,5.017336243233516679e-01,8.768630117454169204e-01,9.814308172944729014e-01,8.583510430526165580e-01,5.934204274561158954e-01,6.758096052637911910e-01,7.951905275943541573e-01,9.758587303027973503e-01,3.027752025740210184e-01,8.839930169454757181e-01,8.720783020268724206e-01,1.843368989826290605e-01,3.918796460009520977e-01,2.679165698893827274e-01,7.747341991288873020e-01,8.777033208593683078e-01,7.977510359112195415e-01,7.044567770422582864e-01,4.215109027630465355e-01,7.084502448023165533e-01,8.245539103695974648e-01,8.914716273499351251e-01,6.419663422457118074e-01,8.474609724321220394e-01
7.971390301292597957e-01,4.260928036585450163e-01,7.015233525599892106e-01,9.180443494876125987e-01,8.422977022351000320e-01,0.000000000000000000e+00,6.874654977762961749e-01,7.594678860187180636e-01,7.160432807993137860e-01,7.859009368438740761e-01,6.826742821036346776e-01,8.906217055572275276e-01,7.418678061850980665e-01,6.039185910342479424e-01,7.795095239418226019e-01,7.581661002336061994e-01,6.842651619957921261e-01,5.269520635739972647e-01,6.310545938640826913e-01,9.553294961682213815e-01,8.054225814126865224e-01,8.995549132082503174e-01,9.290401992962404876e-01,3.752908799243830362e-01,7.137557724831345984e-01,1.693641757340522414e-01,9.873919065288683239e-01,9.257268561096090309e-01,5.082277298653340436e-01,9.742549396659934136e-01,3.567955236233149585e-01,6.192787463945610416e-01,5.578830705206636598e-01,8.777172056381390419e-01,7.153797213823361867e-01,8.020063234218943737e-02,3.595496376094969859e-01,7.382742206415915387e-01,8.623228708228857231e-01,6.578400109267410478e-01,6.265222268761860835e-01,2.902461257311648168e-01,2.357532908931477544e-01,7.136897192405347035e-01,9.789817589373752682e-01,8.321111133685923367e-01,5.064048858088197047e-01,6.250683115530297762e-01,7.535805097627550353e-01,7.375123237928907782e-01,6.557815525655992239e-01,8.949860271798731892e-01,9.591092782325427724e-01,8.127441819273014678e-01,7.805682054614478949e-01,6.911946454889932312e-01,8.795056785006956368e-02,6.659679672030440756e-01,9.704887472548562322e-01,6.618928225197695525e-01,4.703070192480461875e-01,6.459520524292037269e-01,7.417300573882452674e-01,5.475871753696905930e-01,2.750196514949815318e-01,-9.202434160048635070e-02,9.872478772215510512e-01,4.587534627938304466e-01,7.721174047514793859e-01,7.102873671136009648e-01,9.710528469998886969e-01,7.513902655607087588e-01,6.990006526263967679e-01,5.533567939970961413e-01,9.798277256566014781e-01,5.663363693405976118e-01,2.314660200929894163e-01,8.224635827038263569e-01,6.129378729606517195e-01,9.561372761180676055e-03,5.231405722144815140e-01,2.536814781947601127e-01,7.208703046492147548e-01,4.831755439746987513e-01,9.115032786968151335e-01
9.951531375781555999e-01,5.619430572314544348e-01,8.444165629697404363e-01,7.006462757684353004e-01,4.196125110877467757e-01,6.874654977762961749e-01,0.000000000000000000e+00,7.443849203539782966e-01,7.218265139082264970e-01,6.748702932149275302e-01,4.713270307090881572e-01,7.192381800945528703e-01,6.171178613940452307e-01,7.614737007481923170e-01,6.184998308931969335e-01,7.377690114422913448e-01,9.416592754445550773e-01,4.044305827617926119e-01,5.418815763357465176e-01,8.328932958780160822e-01,4.357467013470006645e-01,9.440721063507568900e-01,5.791648957118236130e-01,8.189503931178231388e-01,5.100115885204362653e-01,4.505725446292815350e-01,2.380629300111192781e-01,7.809755869395383909e-01,4.017838458654381939e-01,4.920065910720235469e-01,5.930729131505062535e-01,2.126673272468687370e-01,9.536332471871101779e-01,5.921889345567459273e-01,5.304775924665616760e-01,4.950835308993541406e-01,4.956770416959019321e-01,4.765071017438572420e-01,7.534285618408815832e-01,2.116830879532568543e-01,2.507611686965920961e-01,2.489960149738957018e-01,7.439659245076664096e-01,7.209902100541427661e-01,6.064392907406394029e-01,5.254187108404597684e-01,5.128352827528587232e-01,7.068053166539055576e-01,7.559095976817019613e-01,4.325656519271323663e-01,9.750683178956887076e-01,6.902911316997848434e-01,7.206762222681066810e-01,6.934899449304302577e-01,2.536728411259883686e-01,5.011446682466678126e-01,8.014673025905366677e-01,7.189337484400520895e-01,8.989803233113926595e-01,8.287760396442792055e-02,4.100819576847838377e-01,3.414290185406432254e-01,4.892224583543857142e-01,9.337862029724424140e-01,9.144771733354543075e-01,6.055092755607096588e-01,7.854114686917082477e-02,4.171770912249334051e-01,1.144326396852232142e-01,5.131445895657243961e-01,7.846803691118926505e-01,6.659051221628866646e-01,6.075161552376567853e-01,7.097041779775314918e-01,6.854954121081830998e-01,6.427005598519995866e-01,9.906980678007581975e-01,7.016713934680967046e-01,2.847661500477111640e-01,3.614154715245776472e-01,5.470460645520049958e-01,7.142015030850814572e-01,7.186434026887751347e-01,6.301562609155372252e-01,7.687264882097347707e-01
2.020156242800144331e-01,5.865675788884154862e-01,9.016423207268938755e-01,1.991878334803077466e-01,5.966909725349788252e-01,7.594678860187180636e-01,7.443849203539782966e-01,0.000000000000000000e+00,5.498622870920268912e-01,9.392617497553942263e-01,4.874790517604313256e-01,4.952549636681162215e-01,7.104244566516149106e-01,6.076522193161663088e-01,5.624193561957679943e-01,7.216542711792873765e-01,7.848399483861249193e-01,5.065724127848646452e-01,8.368302168815175968e-01,6.788972922461529169e-01,9.645568284736860676e-01,4.009536887251590742e-01,6.252696154403163398e-01,6.164636607355873377e-01,4.184103200165780190e-01,6.677682331301948437e-01,5.570297767321941151e-01,6.321931915321284956e-01,7.257931730479759702e-01,2.476185447856813632e-02,4.183844480545388933e-01,6.276617593764083347e-01,4.855256077048346053e-01,6.644518594561530378e-01,3.615994829868923732e-01,5.831003699851516203e-02,3.262438605811270875e-01,-1.167727045167958333e-01,6.480949080666162931e-01,5.980715651751224993e-01,5.552410646378442838e-01,7.781052256982137205e-01,8.626991657572929961e-01,9.460608092735817154e-01,8.140943770300090865e-01,7.844701295375846595e-01,2.353867190193190129e-01,3.465628150356004911e-01,9.451684820420404032e-01,7.864763920955666343e-01,6.106145626675402172e-01,2.897429473542557643e-01,7.281236653482355825e-01,5.615902036974091960e-01,9.690809284474101171e-01,9.745663092234120306e-01,9.107236200312692764e-01,5.737956211166901355e-01,8.702588017964707490e-01,4.289799791347462254e-01,4.190600211660788776e-01,6.688634587781052687e-01,3.787810042080982376e-01,6.180634857772876467e-01,6.657263166468914140e-01,4.081394728075818934e-01,7.856089459754850290e-01,7.493324334147498655e-01,2.578466496251290430e-01,3.505565392016114501e-01,4.461519926380880241e-01,7.644254302595727690e-01,6.619804565930151874e-01,6.172869057212476696e-01,6.585971092317910447e-01,7.819062734273556359e-01,8.401205223594381266e-01,7.823285195326019625e-01,5.874824017761124395e-01,4.525707569337545921e-01,9.445223475056453433e-01,7.382293266406413368e-01,6.567761868359183186e-01,7.628794396979494685e-01,2.269319122681173195e-01
9.009872199517313662e-01,2.803837423937124984e-01,1.111931307348705683e-01,2.611139358638745467e-01,8.837336281068575161e-01,7.160432807993137860e-01,7.218265139082264970e-01,5.498622870920268912e-01,0.000000000000000000e+00,8.958205370029224124e-01,6.158183746618920429e-01,6.876167458158246593e-01,9.926510984120916481e-01,5.464510564789452074e-01,9.350208085571153349e-01,6.661319182604739098e-01,7.488093131047360851e-01,6.709793401367083465e-01,8.578400985492211639e-01,6.970189033960711988e-01,9.223858122668734394e-01,7.967427761859425805e-01,3.516092205149889405e-01,5.014800585293084367e-01,5.500565681403652984e-01,9.745867130699518155e-01,8.998369778016286347e-01,4.167877718951292221e-01,8.508907725923045562e-02,4.688939505111266448e-01,6.777573917208986609e-01,6.129044977125909233e-01,6.700772108140720107e-01,5.187067136917857813e-01,5.316534059531515810e-01,5.070678497126055451e-01,1.994457429727745368e-01,6.224194722648586087e-01,9.145371942060817050e-01,6.201278789563630101e-01,2.976031018946190820e-01,5.477486738027433910e-01,7.201267731189315846e-01,8.205672923430956667e-01,7.897680595726195296e-01,8.224165516609842630e-01,8.359481139940896366e-01,8.933950308169451571e-01,6.597115626742316996e-01,6.546520868806486870e-01,7.292548241566809697e-01,7.355584863431838816e-01,3.736917986904466638e-01,9.923219032121781691e-01,6.072505391439811939e-01,9.028086225931603037e-01,4.041214623034037473e-02,5.404784260939050622e-01,3.684993114075839626e-01,5.915073837215086838e-01,5.118300174836499794e-01,5.319894691427897726e-01,5.899377830847077897e-01,8.991562444756761030e-01,4.698351981181418946e-01,2.130611767351885122e-01,8.795479837588103811e-01,9.175645604770557018e-01,4.142447384283343692e-01,9.483477321206004174e-01,5.443857584483178247e-01,7.323680017337104164e-01,7.395386471486601332e-01,2.115238666415217295e-01,3.588631759954323819e-01,7.635865496291260879e-01,5.592840749498099173e-01,7.108959124279240482e-01,1.997424904383072741e-01,3.499349057670913532e-01,3.177439855402056090e-01,7.230700701232937178e-01,8.645017775580287056e-01,9.240068546768664959e-01,4.861971129736546438e-01
7.677436594222375454e-01,4.210363253942516759e-01,8.213711527844902438e-01,5.192265581057174950e-01,5.074649364056289524e-01,7.859009368438740761e-01,6.748702932149275302e-01,9.392617497553942263e-01,8.958205370029224124e-01,0.000000000000000000e+00,9.282275018783355813e-01,7.353095713595831917e-01,7.823526147908461681e-01,9.153655952880804803e-01,8.476951055055921280e-01,6.882896305152838012e-01,6.825115480164396509e-01,8.436141209441538891e-01,4.874027383083048282e-01,7.361489595502611616e-01,8.076366696842355308e-01,3.068528254284089152e-01,2.344280638333476052e-01,8.836744835610773618e-01,9.981197834066731778e-01,8.707830789609651845e-01,9.887718857954919116e-01,4.497912299300784733e-01,3.636582212216730309e-02,6.735485443291692187e-01,3.194686726815271216e-01,4.459805327326608615e-01,8.093613161239596732e-01,4.953359406156039868e-01,4.491722798806332961e-01,8.144795710538355049e-01,5.603937434470669388e-01,7.374950673943148072e-01,9.569656045331043082e-01,7.330176632678405690e-01,1.968687981829729816e-01,4.047955899058381379e-01,6.809649775532647942e-01,9.596644553750726114e-01,8.226420848726371249e-01,7.079808967313454549e-01,7.373242775291354301e-01,5.605084356456553341e-01,7.873303498985260163e-01,8.149321506919432467e-01,4.441060497495772919e-01,9.293305180627813300e-01,5.854818228040459260e-01,9.278687974917797510e-01,9.899002063561868070e-01,8.095170460638385634e-01,6.923769904778529494e-01,7.292466210137391602e-01,9.885202185220181015e-01,4.391791485907793335e-01,6.967575934532542759e-01,4.380083867455218938e-01,5.124887910828948012e-01,7.998262237465727509e-01,4.223731098151148888e-01,3.450240951026148917e-01,5.969341231691922545e-01,9.000875236607699392e-01,7.968610963363147448e-01,8.677611548041445078e-01,3.280509520361030162e-01,5.163783068005273202e-01,8.332310357636450726e-02,4.210291618852917694e-01,9.573035344983584771e-01,9.427070891451665435e-01,4.206192642397458270e-01,8.672479261923210503e-02,3.672646746372738580e-01,4.612238265017256089e-01,7.152933462415141941e-01,9.897531497010332302e-01,8.373827153570027049e-01,5.107014333970661957e-01,5.179125632801234724e-01
4.820835479604874962e-02,5.212877686167171065e-01,8.003938544419585410e-01,3.356436838335437600e-01,6.916202694684715491e-01,6.826742821036346776e-01,4.713270307090881572e-01,4.874790517604313256e-01,6.158183746618920429e-01,9.282275018783355813e-01,0.000000000000000000e+00,9.645118852329791492e-01,8.522529631241277936e-01,8.943676927332995241e-01,7.577656708767088745e-01,5.671948505823311004e-01,8.170651618379546344e-01,3.484261071385091890e-01,8.423857855425358476e-01,9.941390088745579723e-01,9.092589075501329443e-01,2.631365932118614470e-01,8.667964126004084058e-01,6.648734337742556733e-01,8.289564511702179894e-01,8.741453520898390117e-01,4.953916421773739698e-01,3.881586261181402264e-02,5.850481412101611323e-01,5.595906225494751141e-01,7.044750494532833196e-01,3.523292156553732291e-01,8.639872721438481840e-01,6.147540198561296521e-01,6.562825241909830964e-01,5.162695127836895992e-01,1.824172228997726353e-01,5.625338716016370366e-01,8.758598649882243237e-01,8.621255135975337547e-01,4.871917031586199265e-01,4.816658458065452009e-01,9.465412570984113039e-01,9.523430438191856640e-01,5.073651330905486478e-01,7.705004391364885796e-01,1.809381760715835785e-01,2.971974045128423780e-01,3.355005017953062163e-01,7.160285100109865519e-01,5.288987036123360408e-01,7.846040285839366302e-01,5.939548392214144545e-01,7.802373227435533964e-01,9.058390541087099068e-01,7.066799294592119862e-01,4.138127572966703305e-01,7.422617239781170717e-01,7.062812241694191862e-01,7.134020545219441622e-01,-1.891707653763899377e-01,9.993902817242521497e-01,8.128812058088400461e-01,4.470136159961492495e-01,6.094714846115228957e-01,8.813701925150906336e-01,4.766083945482400552e-01,6.190281351975152058e-01,8.807022116099695319e-01,9.396148733474491976e-01,8.678954919981662908e-01,7.536472047437139388e-01,7.322396227579641703e-01,4.449843182241777217e-01,4.217795230196733636e-01,7.058766709175421372e-01,7.867469518767193914e-01,6.447007139941994813e-01,4.131314772896305665e-01,4.660402850744888581e-01,7.738315143492061621e-01,7.355951209101753152e-01,6.501605257115337100e-01,9.145126119717006397e-01,4.584496435185076990e-01
9.122391548159415331e-01,4.564375404046999152e-01,7.972144007825239242e-01,8.628528715206940092e-01,7.655378115094708669e-01,8.906217055572275276e-01,7.192381800945528703e-01,4.952549636681162215e-01,6.876167458158246593e-01,7.353095713595831917e-01,9.645118852329791492e-01,0.000000000000000000e+00,7.128543997864742465e-01,-1.626701662123092584e-01,2.912998206526591360e-01,9.877939929627791438e-01,9.711268554873905279e-01,7.122383002470913382e-01,7.673340486064799126e-01,8.110346006767673588e-01,5.181279459908533225e-01,5.788359359980386198e-01,9.533892192989995573e-01,8.306882949746677847e-01,5.032622711152997530e-01,6.684942413196340860e-01,4.453998689647624132e-01,9.459202366929712058e-01,8.317366026146685298e-01,2.690392337374779008e-01,1.279408923234669482e-01,9.523370522727840903e-01,6.985995570005906208e-01,7.993893994955083571e-01,7.146797024636717399e-01,7.654965067204029527e-02,4.348782645426633731e-01,7.079641666386806698e-01,9.285343887366023230e-01,6.482316500627068878e-01,5.630848846521677720e-01,4.720689338591675943e-01,7.719962572919037980e-01,9.339060464525305028e-01,9.458167473855323415e-01,9.460758650222510502e-01,7.099760811926613124e-01,6.167095770371442409e-01,4.916294185598804045e-01,5.748290523782533246e-01,6.213785931578176269e-01,2.676753959940044725e-01,9.253208007452120576e-01,7.882267521785446540e-01,8.595615783939536403e-01,9.893471275600602688e-01,6.109559926665603102e-01,7.998343769092897126e-01,9.375471450913385185e-01,7.651695377312441870e-01,2.429564089706189312e-01,3.127802679283942511e-01,7.646893486657357908e-01,9.072186130827245565e-01,8.433231620913403948e-01,-1.192678376348859648e-01,7.458092557839177683e-01,9.635036529527256643e-01,4.476751795007234969e-01,8.358566954599988552e-01,9.087074588627683802e-01,7.080626135662027032e-01,2.968700142086325156e-01,4.658505760866999412e-01,4.844910291451927087e-01,4.454241239004982922e-01,8.225293383455094531e-01,6.099534334208992492e-01,2.200404183296194582e-01,3.062652982961742154e-01,6.766861709417962834e-01,8.589393888390959297e-01,7.983980377830809383e-01,5.385051304227197466e-01,6.852665600631072662e-01
6.749403252892273164e-01,9.864781396568177430e-01,8.395888859911146973e-01,6.631645396667653625e-01,9.319517308537060840e-01,7.418678061850980665e-01,6.171178613940452307e-01,7.104244566516149106e-01,9.926510984120916481e-01,7.823526147908461681e-01,8.522529631241277936e-01,7.128543997864742465e-01,0.000000000000000000e+00,9.503198552851278569e-01,5.053599684001430781e-01,8.655922096772578067e-01,7.594752734879591793e-01,4.016146398123149330e-01,5.894102763857952398e-01,9.392621036939271528e-01,9.436471194379921767e-01,7.513190803883714741e-01,6.786448716287039051e-01,6.355746997510294261e-01,4.580322921352676380e-01,5.182091121291266811e-01,6.323367399734203254e-01,7.904675766929336600e-01,5.647100762508935334e-01,6.833770597504728039e-01,3.426440902296832847e-01,7.228636193220447925e-01,7.908368660967839414e-01,9.073078975084607478e-01,9.395543701400178582e-01,6.969862423485529979e-01,2.559837705882684888e-01,7.251107523513746766e-01,7.860734219110059318e-01,8.928266175287856710e-01,6.245150802202280582e-01,9.794974017725361914e-01,7.268682864265939569e-01,5.440625582136011662e-01,9.746807246183550877e-01,9.591415017227352680e-01,3.335127869321531380e-01,7.067887398063620319e-01,8.991336326959178393e-01,5.344862999796349268e-01,6.526093883127784823e-01,2.663389133208849957e-01,9.228675433689471630e-01,9.823211640490465690e-01,6.906407401546779123e-01,5.064468639874568634e-01,5.288693714559107306e-01,8.848758649377107544e-01,2.325828281541489628e-01,2.862461607122199214e-01,5.082446192619828329e-01,9.587502297950005747e-01,8.261754171395621071e-01,7.853308479150807875e-01,8.454409115365555394e-01,7.000862406331761489e-01,9.408540699575071997e-01,9.326229989770205009e-01,4.662943514452155269e-01,9.363896655629018184e-01,9.474862459463971875e-01,8.682960179790044641e-01,5.390520469161182993e-01,1.577388684199944602e-01,8.640749423638889315e-01,6.270611983627394359e-01,5.922821087175986765e-01,5.270328430162113387e-01,4.806690409940567732e-01,5.460380599961208725e-01,7.530941587920404467e-01,8.284693301000211063e-01,9.587451677977087972e-01,6.161446468262847809e-01,5.781028305911404264e-01
7.260918885062356276e-01,7.125670881035205406e-01,8.464270543750280762e-01,4.444013132929212073e-01,9.098513399462843099e-01,6.039185910342479424e-01,7.614737007481923170e-01,6.076522193161663088e-01,5.464510564789452074e-01,9.153655952880804803e-01,8.943676927332995241e-01,-1.626701662123092584e-01,9.503198552851278569e-01,0.000000000000000000e+00,2.884689232673166570e-01,3.421732392679703860e-01,6.945285244640075906e-01,5.480224059260374592e-01,9.727816201292740494e-01,8.921447816406958831e-01,6.076823517838150224e-01,7.628556310671361640e-01,5.758881801064692496e-01,8.219713141365603271e-01,6.134824407631255250e-01,6.589047588689593837e-01,9.294341022329094537e-01,4.981320170166796957e-01,6.414264027348941521e-01,3.351292070728886241e-01,1.062268408341752179e-01,6.831049114821300394e-01,8.453624177580513210e-01,6.884101070269117439e-01,8.546470978388956974e-01,4.945962188354054156e-02,1.438494240739415231e-01,7.912362804283041839e-01,9.437343039379988419e-01,4.488253123686252732e-01,6.915709192839257780e-01,9.695332358648064419e-01,8.319489726461488655e-01,7.161400511198794394e-01,7.703349381093840265e-01,9.741135945452813472e-01,8.476806430727384933e-01,5.107537644184954040e-01,7.515028057512364024e-01,7.213145273736060181e-01,8.865585962803256281e-01,8.094948569181156239e-01,9.431449912487599452e-01,9.013780592617599563e-01,6.746313241435885066e-01,6.126173574115983955e-01,7.987026290140485374e-01,7.963957651108993785e-01,5.249637236301926135e-01,5.325796662495309031e-01,5.047498049255201291e-01,9.656883465153193180e-01,9.449351690746129462e-01,8.567106298434626899e-01,8.565114326776428477e-01,9.178924514653492572e-01,9.422946889594194797e-01,7.599471375586719368e-01,4.600512446030076141e-01,6.419834438577085578e-01,8.011349597054239213e-01,9.920642797715140127e-01,6.679899297486728837e-01,4.429249080721630039e-01,6.065061728303806632e-01,6.256895149320064187e-01,6.669829937698552591e-01,8.685083441855045994e-01,3.142343492311608366e-01,5.724822769980628806e-02,8.780480269038475338e-01,7.226030077963109255e-01,7.486975606906498548e-01,6.274998530000238661e-01,3.636280137981937610e-01
9.635933144593437083e-01,7.930814182834169390e-01,9.326673334542064930e-01,4.464665209262946854e-01,7.229577605829236031e-01,7.795095239418226019e-01,6.184998308931969335e-01,5.624193561957679943e-01,9.350208085571153349e-01,8.476951055055921280e-01,7.577656708767088745e-01,2.912998206526591360e-01,5.053599684001430781e-01,2.884689232673166570e-01,0.000000000000000000e+00,6.057398377559645164e-01,3.534359551960341017e-01,9.656920412225209471e-01,9.822376619848015578e-01,4.034394816886017199e-01,5.448241056694057560e-01,4.766593405926935478e-01,6.529509295012603243e-01,8.938020018957339996e-01,9.652185876429206779e-01,7.907773422912998118e-01,2.268333797324826456e-02,1.436607654772546067e-02,7.853913057839694289e-01,5.062949309196326242e-01,4.347566882614015693e-01,7.090507452528480581e-01,7.897616380095728861e-01,9.624070046015087421e-01,6.383602613666199410e-01,7.386824846925879040e-01,9.387031140187467315e-01,5.667102927572488236e-01,7.133031351961406363e-01,3.647687634590159322e-01,7.898664892831398499e-01,6.426984845573218141e-01,8.875354877707375412e-01,8.069219420742630433e-01,9.684489196826476798e-01,5.258793238046080010e-01,6.209706820731852872e-01,7.173333136438635460e-01,5.381043890176702149e-01,6.173345494788475829e-01,2.971258566206705365e-01,7.054746023018924062e-01,4.877771098090216695e-01,7.764035586832523927e-01,8.791048494853065387e-01,6.922365501041641833e-01,2.781605701516237650e-01,2.801306414324773453e-01,9.802087782958541773e-01,7.741009719314220217e-01,7.100944895050351757e-01,6.201138271124733148e-01,6.398190073335567885e-01,4.822181457742549249e-01,9.615491338030777158e-01,4.183792185402032682e-01,7.104589305711227487e-01,7.988934749615955733e-01,6.092215573523649397e-01,4.011449844708315227e-01,8.170430357442854952e-01,4.962674696974574973e-01,3.319710186760774229e-01,-4.522995975238053301e-02,3.789865930390684534e-01,4.260695205641734651e-01,6.494811287608855954e-01,6.309443988325267316e-01,2.631473601171908094e-01,5.424315748141550486e-02,3.778344648120236515e-01,6.009471971507629462e-01,6.497312817395983764e-01,-1.984268351353017379e-01,9.718440967331140046e-01
2.080470134405547622e-01,-1.930021038819527690e-01,8.325923362890466084e-01,8.080773697355766449e-01,4.181289970472126805e-01,7.581661002336061994e-01,7.377690114422913448e-01,7.216542711792873765e-01,6.661319182604739098e-01,6.882896305152838012e-01,5.671948505823311004e-01,9.877939929627791438e-01,8.655922096772578067e-01,3.421732392679703860e-01,6.057398377559645164e-01,0.000000000000000000e+00,8.390909966156514521e-01,7.771932633378507704e-01,8.255449877948550785e-01,8.201730447019870418e-01,6.585427756190349591e-01,8.906344066931379810e-01,5.254233898502481681e-01,9.478386682586525946e-01,4.837611570511989867e-01,6.733977021908357230e-01,8.186706253488383878e-01,5.803672617281210311e-01,6.559962736005233719e-01,5.611411655968515655e-01,6.950528227931260794e-01,5.790713613981285368e-01,4.196583027632557750e-01,7.877047153297782600e-01,6.610090297339270560e-01,3.757257601055988827e-01,4.396166513043840013e-02,2.069971719949491029e-01,8.580686616336892225e-01,9.065279241453217951e-01,5.893003771249927247e-01,6.686075453178261796e-01,1.798453230386973800e-01,3.881714588766155272e-01,4.525010225372325112e-01,9.018514072772256807e-01,8.733686848690741522e-01,6.249844768376980886e-01,4.324622391520301923e-01,5.335613826523837311e-01,6.155577247166201804e-01,6.074362899371855695e-01,7.685209996325897963e-01,4.450366738047672466e-01,7.618391271861038039e-01,7.556020051964491557e-01,2.105985757077587228e-01,9.921107192314644330e-01,5.550227522230680721e-01,4.419620324602946959e-01,7.325466713073816027e-01,7.926490625805276968e-01,6.632309809905074793e-01,7.652037952433602408e-01,6.627456508720239725e-01,4.096187696017289381e-01,3.593971166682926044e-01,8.232381573937266328e-01,7.705969089504033365e-01,5.228882463247666590e-02,2.748509822765816679e-01,8.668621846985509194e-01,5.538146218282233857e-01,4.018371307462875741e-01,8.684715334686905486e-01,5.071011613809629504e-01,8.756004888986925749e-01,6.277803060332496354e-01,6.145122842852325240e-01,8.100509379311503222e-02,9.683157623311892115e-01,8.915121662018546944e-01,9.364540487028697457e-01,6.575764073977714563e-01,4.989272510075707379e-01
9.492917634611943711e-01,8.787453969875600457e-01,6.427357211926177927e-01,8.944783014852284442e-01,3.278026972869038658e-01,6.842651619957921261e-01,9.416592754445550773e-01,7.848399483861249193e-01,7.488093131047360851e-01,6.825115480164396509e-01,8.170651618379546344e-01,9.711268554873905279e-01,7.594752734879591793e-01,6.945285244640075906e-01,3.534359551960341017e-01,8.390909966156514521e-01,0.000000000000000000e+00,2.614610403135929628e-01,9.826446782380543477e-01,7.721757768830153079e-01,9.192907295836674209e-01,6.998113831340051494e-01,6.013781394011599168e-01,8.750516251338928964e-01,6.340416286770520493e-01,4.083451256017831543e-01,7.955549658054227313e-01,6.463786724806535045e-01,4.110796288085581951e-01,6.692597510795759153e-01,4.888853855996625475e-01,7.631431135877059235e-01,9.063758838579173416e-01,7.177019433488726063e-01,9.830195535064314427e-01,-2.528360428877298172e-01,-3.236185290828408334e-02,9.723141439004345798e-01,4.207437310371353045e-01,5.789112361910766502e-01,2.520545898885218072e-01,7.966843478086493846e-01,8.159248878373716041e-01,8.660975203263683309e-01,6.012101172618028455e-01,6.644117136791068967e-01,7.566053402147656648e-01,9.329539210532625804e-01,4.032279898351630587e-01,8.087365830282584600e-01,6.637952170600855961e-01,3.599988021305330910e-01,5.115003915339290108e-01,8.775608127795938573e-01,5.383211870627272466e-01,7.826955423499134534e-01,6.764141759262165543e-01,9.871541771630223394e-01,7.672311389951181892e-01,7.860169223899199364e-01,5.341728410060921917e-01,7.846333027682500516e-01,8.341106794422509241e-01,5.975769673651261105e-01,9.490504720891593804e-01,6.330065211733579833e-01,9.484649224316761273e-01,9.080721719980323625e-01,4.489952685847543035e-01,6.781784457957260592e-01,9.950176547548025274e-01,7.362228405450433888e-01,1.757145193682152218e-01,5.910966084162307954e-01,7.823242145170458128e-01,7.367138355607629752e-01,9.656808463198712777e-01,6.607981746135418444e-01,1.593586154027545332e-01,5.041987468747556322e-01,9.803945698837502887e-01,9.312020080706924219e-01,9.999709158980496504e-01,1.574427647027710764e-01,7.280146531839981616e-01
9.992341053813960094e-01,8.932800289061751942e-01,9.577913053349074168e-01,5.114957945629695635e-01,8.445445788013531407e-01,5.269520635739972647e-01,4.044305827617926119e-01,5.065724127848646452e-01,6.709793401367083465e-01,8.436141209441538891e-01,3.484261071385091890e-01,7.122383002470913382e-01,4.016146398123149330e-01,5.480224059260374592e-01,9.656920412225209471e-01,7.771932633378507704e-01,2.614610403135929628e-01,0.000000000000000000e+00,7.879490143526706181e-01,9.214446000395194458e-01,8.003459049533675485e-01,5.078085447273713582e-01,8.911534794255190350e-01,2.793968484792695439e-01,7.993931075074286463e-01,2.011751132820294163e-01,5.434161958432562889e-01,9.957452669439330606e-01,5.649010917241534813e-01,3.816932041648884999e-01,4.542318048721665225e-01,3.727516218600355202e-01,4.157508373360970788e-01,6.430963678590836397e-01,9.899728617147280918e-01,6.644457133572430063e-01,4.141173788201369943e-01,4.171666349135227381e-01,8.330806678409268251e-01,7.519888585061179631e-01,5.153520530658720622e-01,5.411874519969215314e-01,3.037565747706675867e-01,6.970188535845743827e-01,6.988700554848936708e-01,9.392532194255803768e-01,9.911872816447705459e-01,8.861783510573169043e-01,9.533883316979513411e-01,4.899962564894674300e-01,8.589620636932138176e-01,7.002451239862538257e-01,3.314710491879374610e-01,9.380917522476897030e-01,4.431872129190693177e-01,7.079106851268516243e-01,7.343462829477918064e-01,9.554820341811038897e-01,6.164037897395977517e-01,2.619535959927219576e-02,2.925283363318783580e-01,6.131690842655889151e-01,5.521398421032450710e-01,8.148147339994845639e-01,5.282009347040108604e-01,2.710898943888184753e-01,5.764895409520148783e-01,7.117572848505913097e-01,6.452052671782619875e-01,7.482149403154850775e-01,9.055316726371046565e-01,2.982763936850014730e-01,6.403762904175057669e-01,5.898815931141995206e-01,4.823356693497599657e-01,9.566212703273657691e-01,3.434640310349067471e-01,7.679370146694127763e-01,3.242142188218608001e-01,6.082279589565511291e-01,8.210076548181497458e-01,6.147754047968353452e-01,9.117819662277659720e-01,5.898821875725830388e-01,4.243585455751451851e-01
