0.000000000000000000e+00,9.497376379129105484e-01,2.311080865976028464e-01,9.115304942287746348e-01,5.239916760464320422e-01,7.720177298995390958e-01,9.593926413424499478e-01,9.435740414716157209e-01,9.605855446782030072e-01,6.522247976013910709e-01,4.381461340387834413e-01,8.663877178172005866e-01,7.246496690946132579e-01,5.222110586815595923e-01,8.779294973755252807e-01,6.891693809906089818e-01,5.075343889866410496e-01,6.664507156494814399e-01,7.243454217848734888e-01,7.329098656249017907e-01,9.932685224034399907e-01,8.537997154908658626e-01,6.978720416345831623e-01,9.268629834304431547e-01,9.111905663410994061e-01,8.627252699837700822e-01,9.657055979223228004e-01,9.588590753995795968e-01,4.508541050865464972e-01,7.179577502625789087e-01,7.632581636880348963e-01,7.436526146507670409e-01,7.078372713103667779e-01,4.696381768197381290e-01,5.686472644781486174e-01,8.160939218761162905e-01,2.071609959465847139e-01,6.607900936708772655e-01,6.369441314796209230e-01,7.120843036705133411e-01,7.756082536327694177e-01,8.241449181148278180e-01,7.043980372346199115e-01,5.976208096951243220e-01,8.703734485731779991e-01,3.145751263807994302e-01,1.309427468100457514e-01,9.019808038105999737e-01,9.450772765008080833e-01,7.726493241685816749e-01,8.016625399166242838e-01,6.628854419700079825e-01,9.723075742552834688e-01,9.053026224507173536e-01,6.627864617933962865e-01,8.818417425592240955e-01,8.357956241316106816e-01,9.355272413351586325e-01,5.329103137827052583e-01,5.963505229894692228e-01,4.969219886452189705e-01,8.675386103771104418e-01,8.391218195765802745e-01,3.427306510407457374e-01,9.054627367273835326e-01,8.421715191533020173e-01,6.452619116875333294e-01,9.061783721128340297e-01,7.995039721150536405e-01,9.007083265745542411e-01,5.593766884776851800e-01,7.809586175717744272e-01,7.169309864825158529e-01,4.982130805980874433e-01,8.230421493209514328e-01,8.788763407353148427e-01,7.447929761458963460e-01,9.905990268288714651e-01,4.108103983701102413e-01,1.242631715131938680e-01,5.489147978793729177e-01,7.423653783836371423e-01,7.986866774635582589e-01,8.350143393729709818e-01,8.859323761141087994e-01
9.497376379129105484e-01,0.000000000000000000e+00,9.321973478951528502e-01,9.486937317228851807e-01,6.773881518796738277e-01,8.052380102543338358e-01,5.288069159744819281e-01,2.578059811693071968e-01,9.081997027127085564e-01,6.492620654626504173e-01,4.701514774066746227e-01,6.342005712952176744e-01,8.881629755362173695e-01,7.620856567275996474e-01,7.521782858589421972e-01,7.642993497715364626e-01,6.845376708889616690e-01,6.258435837822601266e-01,8.832104656617718597e-01,9.571463169940253035e-01,6.468705780630122915e-01,4.905485853117498851e-01,6.352344915204242159e-01,9.314115135123247624e-01,6.379642748084367598e-01,7.260494880256744832e-01,8.351791444103089379e-01,8.746604949682275087e-01,5.272596050325252248e-01,6.956335974792647869e-01,1.114159473619356355e-01,7.203678879383614841e-01,5.107446623576975542e-01,7.252093381269029138e-01,4.335332746733316367e-01,-6.299175131640807890e-02,2.063967158020772741e-01,4.998837364257040505e-01,8.525569290342908113e-01,6.039478433051687079e-01,7.621673676466628189e-01,8.866462869932657531e-01,8.449079566704946753e-01,7.999251490631202888e-01,9.747096247594546625e-01,8.473476612829848875e-01,8.635682160933410012e-01,7.222955989587722669e-01,6.674865703375868486e-01,8.817406930309366064e-01,4.990505292335686849e-01,8.279763890229943080e-01,6.536325554718307451e-01,6.154575369421393383e-01,9.411694469913404193e-01,6.800342160653973789e-01,7.953523633970374096e-01,6.390304549214362861e-01,5.681999859777921991e-01,5.569003761046387169e-01,1.114291551788674783e-01,2.871509351443493063e-01,9.883700052989095042e-01,7.377667973915409405e-01,7.821895232067397341e-01,4.407573065741616780e-01,2.539506232775661232e-01,7.558673155522399600e-01,7.011040403497772466e-01,8.652442225597736236e-01,9.450400969197879641e-01,6.611780932544844003e-01,6.146662537574582030e-01,4.227598935408756753e-01,2.942815931683407937e-01,8.796288852888047849e-01,5.384023790485233940e-01,3.931940185545311772e-01,4.798472497076893273e-01,3.265324821530931620e-01,7.606604623216861594e-01,8.457237082794036853e-01,8.237979474150279868e-01,6.889217818668423865e-01,5.463496938626849486e-01
2.311080865976028464e-01,9.321973478951528502e-01,0.000000000000000000e+00,8.279591655370706071e-01,9.584077548519640555e-01,4.952694426455723220e-01,3.534445956481497841e-01,9.448585164871450282e-01,9.364119139266693370e-01,8.403324146924555649e-01,8.758918960710209145e-01,5.433960626681546557e-01,6.754835575296185279e-01,1.224569626774411751e-01,4.220278411858895407e-01,6.843682617716890793e-01,9.377082924761974692e-01,8.842859425699675091e-01,8.765840221783715025e-01,6.918003307801808832e-01,4.959811124504952540e-01,6.315508622317725917e-01,8.284249396044772729e-01,9.541350919681774734e-01,8.522970440502647405e-01,8.510811700508128519e-01,6.569005823835196711e-01,1.756150396808038305e-01,3.019565325013198742e-01,3.825347261420226630e-01,4.987125988060443493e-01,4.216389626400893764e-01,8.651659198319824329e-01,7.834717644919014790e-01,9.440144935439722662e-01,2.635127934447680231e-01,5.987805058407824621e-01,9.117264356960194105e-01,8.653324927334780092e-01,4.550092603479103937e-01,7.772756823849028551e-01,8.245754592734639843e-01,6.173093069027566493e-01,8.341326313105403845e-01,9.751914751292071193e-01,5.234012424240874761e-01,7.630567994637282858e-01,6.244342143290111391e-01,6.934098241996553558e-01,9.228615852713490941e-01,9.580127240051763415e-01,7.912423287238301572e-01,9.496130727194811438e-01,9.005484545249793360e-01,9.735624778384195377e-01,4.566933319975085559e-01,9.058531558582414434e-01,9.626043327702826780e-01,8.102699513601205883e-01,1.398818723335376879e-01,3.214178162938774452e-02,8.693994140400435056e-01,8.354251965108899780e-01,9.765370824518295745e-01,8.716986814921765525e-01,5.228111220609281684e-01,7.116960311725019084e-01,7.717938573628406740e-01,6.025249702674574381e-01,8.752775198765081477e-01,4.418391687838907345e-01,9.468933500900768019e-01,8.005209660899396118e-01,7.399603176049445175e-01,9.368526779668882032e-01,6.259202220523559790e-01,9.624063531397977211e-01,5.855909009764713735e-01,4.532249157809748463e-01,7.624633263535976480e-02,6.414459642160986741e-01,9.918488507336675752e-01,9.235360585997021143e-01,4.315552399321601618e-01,8.465879063213485045e-01
9.115304942287746348e-01,9.486937317228851807e-01,8.279591655370706071e-01,0.000000000000000000e+00,8.027902169473519756e-01,6.515340097454906942e-01,5.403865362410613660e-01,6.216120992390695710e-01,6.140647286993933252e-01,9.603539383808284979e-01,8.542741180255610800e-01,5.627560870498617973e-01,9.866124919760790313e-01,9.649522648333758168e-01,6.884668291182062250e-01,8.441431967756296562e-01,7.864409175098270310e-01,9.381021343559677872e-01,5.041657805980589435e-01,8.747720959586900991e-01,9.099583336211581885e-01,7.744538745281143166e-01,6.432498539007658334e-02,4.207776410536930856e-01,7.211598581147089515e-01,6.654649859114191157e-01,1.345328766791293977e-02,9.291330690443547757e-01,3.832775917323013593e-01,2.546620083845115845e-01,2.061357123732695251e-01,3.143024785478610861e-01,9.502736398229688630e-01,7.484143276682455603e-01,6.923323363597793101e-01,1.765032184509244262e-01,6.174718862673889835e-03,3.759065525662318441e-01,6.810445198001388034e-01,9.394267490464851544e-01,3.360297192588771464e-01,6.302311083994689422e-01,6.237891373728903233e-01,9.040128884823589450e-01,9.313272409598707391e-01,4.160300269566476472e-01,5.408946131381090483e-01,7.724611971511219366e-01,8.586049751960110887e-01,8.655216216930003981e-01,9.755841831878254711e-01,6.948213380893470958e-01,9.947083263342162418e-01,5.693012540874089478e-01,8.059329236082406478e-01,4.131221702370427851e-01,6.093580340752653424e-01,5.181794741044587482e-01,6.324470431347627430e-01,3.542835067345164735e-01,3.921477507544339769e-01,6.855574439481252336e-01,7.527415283107156130e-01,6.724454714207446226e-01,8.058544707493577874e-01,9.505936240263421766e-01,4.405263805409769251e-01,6.933344698942915940e-01,6.070977804593414850e-01,9.800174574880217149e-01,5.343891006407746058e-01,7.300255105271014067e-02,7.101517632445969452e-01,6.774190695462865841e-02,9.022167854578780899e-01,9.126741946132516103e-01,7.225991994763207860e-01,7.178243949618834385e-01,3.012877300616959020e-01,3.614071353105465789e-01,6.028943101469961263e-01,5.856357328910278826e-01,8.513200574981600877e-01,6.726246013709853699e-02,7.402543631661425705e-01
5.239916760464320422e-01,6.773881518796738277e-01,9.584077548519640555e-01,8.027902169473519756e-01,0.000000000000000000e+00,6.970041200442972373e-01,9.164043695556174374e-01,2.923373961046602520e-01,6.758938567152178445e-01,9.254127807101107939e-01,9.855830145308611678e-01,9.570113457457882777e-01,9.684127303118227337e-01,4.445147765581149990e-01,6.635595392900111023e-01,7.721596582909535655e-01,6.794458362426486486e-01,8.205547449469687837e-01,9.146963686472104893e-01,7.559528586098317460e-01,6.846337768058650131e-01,3.268990793074296741e-01,9.875482669743367303e-01,8.786779293562364535e-01,9.965613116023807061e-01,6.007224372650602495e-01,6.839661081032245571e-01,8.276085210777363033e-01,9.396279081707790137e-01,5.556644616853251284e-01,6.654871919012573800e-01,2.341050098001327684e-01,8.065766551516797556e-01,6.202900644439531819e-01,7.271836271354759074e-01,7.160535485147816459e-01,4.957136379871299181e-01,9.971658516912104142e-01,9.985674596895295352e-01,7.222048813555470570e-01,8.556127314844641507e-01,4.659193772787905141e-01,5.246048460375350997e-01,4.142489611843482855e-01,7.710387835372380927e-01,2.177651095293250960e-01,9.235834889090909217e-01,7.107419821205599453e-01,2.806768116232777888e-01,8.171031003934458026e-01,9.439105733403037046e-01,6.726643865626217300e-01,8.686094574574518834e-01,6.545042292231153525e-01,9.935946771931674082e-01,9.778460631685612636e-01,7.745693289233028800e-01,7.196012471921570119e-01,9.268489680234890393e-01,9.180166612229070378e-01,4.946265934168041500e-01,4.376111847647818909e-01,9.843550254402906319e-01,8.282959521821121607e-01,7.439796595367533794e-01,6.007243421910780645e-01,8.050568868729072181e-01,8.517611466146429722e-01,7.801044545687227938e-01,6.595477727192682327e-01,8.555190277209425709e-01,7.800153162131474582e-01,5.815968324502293063e-01,6.079583405089860060e-01,4.256692441251266334e-01,5.707672841023496701e-01,8.873008036148841704e-01,3.225847151512060140e-01,7.216976034428352893e-01,3.749666628682544328e-02,3.499216523202758333e-01,9.078965526085356341e-01,8.999342357162163353e-01,7.492970691253395543e-01,7.338497115715099106e-01
7.720177298995390958e-01,8.052380102543338358e-01,4.952694426455723220e-01,6.515340097454906942e-01,6.970041200442972373e-01,0.000000000000000000e+00,1.412372239350450157e-02,5.675545821723846363e-01,5.075077791870807875e-01,9.509599843382627871e-01,6.775779348822814629e-01,8.464700814965073761e-01,6.212833563161799244e-01,8.733164382995779462e-01,7.940612718259641989e-01,6.307789460460569986e-01,7.958696067953230369e-01,6.064457491918239240e-01,8.499824223748690954e-01,9.112990591557644793e-01,7.828352889707870244e-01,7.433425748806825606e-01,9.380926638438862319e-01,7.737639218515082185e-01,5.948525614526656291e-01,5.640585139361332656e-01,9.998896498942534405e-01,7.290609720162417595e-01,4.151135805871474238e-01,2.354657752240686686e-01,3.028282332793674758e-01,5.251109772706838985e-01,6.313062194625777002e-01,9.388901803408035152e-01,8.758699361749677781e-01,6.990356951512809447e-01,2.250349550327871151e-01,9.079160326139966708e-01,9.090897827563308997e-01,9.849215491104288400e-01,5.777161953021902052e-01,9.355197550568820075e-01,9.001126385626714299e-01,5.561576697061664243e-01,9.273434044098803897e-01,5.806180317676776781e-01,6.126771762364126017e-01,6.133998177118199502e-01,6.692036291099350276e-01,8.872649506777608996e-01,7.495274972702904437e-01,9.012647325125634490e-01,8.910518477459219433e-01,6.373641236497982199e-01,8.090079520138407920e-01,9.107948970115192777e-01,6.341454577665717185e-01,5.139232042416550517e-01,8.030194618653726524e-01,4.267780632555341347e-01,6.371905484272084585e-01,4.161170050645373042e-01,9.846521037209987615e-01,9.341260973272935697e-01,2.920459809204807855e-01,6.087688803480273414e-01,2.955678715390431810e-01,2.235012641812846035e-01,6.042567238813251196e-01,5.739678840223186862e-01,9.434502314906552112e-01,-1.656629360531711170e-01,9.824050954688705595e-01,5.414768336722495246e-01,4.492679782798555399e-01,7.612136610709796525e-01,8.033956787083508244e-01,2.684226331213595551e-01,7.604530454022522257e-01,5.407852078276483843e-01,4.258900740015975073e-01,9.251994721975689284e-01,6.744860803451743214e-01,5.440051635949766373e-01,9.919816657374654900e-01
9.593926413424499478e-01,5.288069159744819281e-01,3.534445956481497841e-01,5.403865362410613660e-01,9.164043695556174374e-01,1.412372239350450157e-02,0.000000000000000000e+00,4.129683640831702252e-01,6.406501234556215563e-01,2.172711754622893565e-01,7.370012697317451789e-01,7.985411871280363449e-01,4.532425545599259586e-01,5.698940630377222760e-01,6.659805793643384098e-01,4.372617664592902686e-01,8.232918497286084714e-01,9.665552118982494445e-01,7.675211110743571652e-01,6.878486643417449642e-01,8.137779367294478705e-01,5.960115562006752521e-01,4.678024780857956144e-01,7.258800548577862832e-01,8.932883546823008336e-01,7.651601619967209889e-01,5.387680863124124642e-01,7.259743439261100439e-01,4.960707693694689779e-01,7.067160701639096931e-01,5.023276237093380336e-01,3.864106900810715395e-01,7.732437111422673093e-01,2.592530163941204613e-01,6.722502472381091110e-01,3.054070809628725014e-01,3.435833036396394591e-01,6.067783913223826486e-01,8.279182477987304667e-01,5.289114712736335822e-01,7.771466132752306022e-01,9.793928982000789096e-01,9.423447476809024836e-01,6.614881433727093363e-01,7.913867420215932036e-01,6.252953740978718367e-01,3.557517934471429166e-01,4.524301118580570935e-01,4.656868085111377509e-01,2.859028411203409781e-01,4.581627040503973292e-01,9.456331675927303060e-01,5.486232060148705791e-01,6.491004563585169862e-01,6.058720902890741833e-01,4.030251915638783933e-01,6.662142961126282792e-01,4.111965299544743102e-01,9.478263566704431264e-01,6.269766187122745027e-01,4.894373477020164676e-01,4.287678014393607739e-01,2.448463245173673475e-01,8.962954113938623735e-01,8.397126901010231181e-01,6.580455728111462843e-01,3.811479826073065347e-01,8.600090641989586171e-01,2.949302341405103389e-01,3.698255766987017523e-01,4.312767536991859441e-01,7.585618601990773424e-01,4.466006034113997880e-01,3.492031425502273301e-01,4.373437156731113107e-01,7.318323667979467206e-01,2.061400680573457211e-01,7.638865140607802307e-01,5.506085167589785945e-01,1.644709174674243435e-01,4.007734749809091501e-01,6.301116980253990141e-01,9.369203410802320331e-01,6.176751279351909707e-01,5.963379903452308284e-01
9.435740414716157209e-01,2.578059811693071968e-01,9.448585164871450282e-01,6.216120992390695710e-01,2.923373961046602520e-01,5.675545821723846363e-01,4.129683640831702252e-01,0.000000000000000000e+00,3.879877230278011568e-01,6.515600510703387638e-01,7.963954934000931907e-01,4.944920384469527197e-01,6.973258312433551209e-01,9.749828833391367411e-01,6.035680080976443262e-01,3.685888594876266522e-01,3.118241444427752307e-01,5.900045900995338766e-01,2.940036112832977722e-01,9.022867616734920881e-01,8.576224627594608574e-01,7.189959044205262995e-01,6.029768925141872904e-01,9.576920050296999776e-01,5.911262201504207114e-01,9.560373737586707055e-01,6.234122715543305437e-01,4.083614979677114842e-01,4.170660887889284796e-01,4.333772459054638371e-01,2.978298900238678382e-01,3.907269408134639854e-01,5.981107218282469828e-01,6.669268201123670359e-01,6.413672097365246128e-01,1.812344623631547136e-01,4.281754803586552693e-01,2.613801359008910419e-01,6.781198469707196974e-01,4.320465086025779278e-01,3.653057787334337281e-01,7.024328045991101721e-01,8.830497009665836394e-01,8.075061220884652835e-01,6.462762371148843554e-01,7.354415552223994013e-01,6.943127160553739241e-01,6.298773060832414394e-01,4.889823089584868221e-01,1.230894661771095855e-01,6.292467990849840431e-01,7.249334401281900542e-01,5.687802884464183695e-01,8.551557566393008791e-02,5.761204505476029691e-01,7.955925871526137172e-01,4.057100576492724264e-01,9.546392354674565484e-01,8.230261511574049615e-01,9.103300641702352647e-02,2.142992481932075033e-01,5.996015023422543999e-01,5.710932594551860753e-01,8.462399397808162416e-01,6.404702934618952126e-01,6.130119007310007584e-01,7.932411463861049894e-01,8.946662375795282340e-01,7.031851422623652814e-01,7.065764535893084286e-01,7.903056259737594180e-01,3.911485584461774634e-01,4.752054371553898759e-01,6.331427739580162140e-01,8.213944543258481223e-01,3.604424485653285881e-01,7.420334670706152380e-01,5.131700343173021261e-01,7.978551858158304810e-01,7.108876415206257793e-01,6.819959643453310516e-01,8.840764215097439704e-01,5.387137429358361818e-01,2.588439684025179988e-01,9.903216850837955887e-01
9.605855446782030072e-01,9.081997027127085564e-01,9.364119139266693370e-01,6.140647286993933252e-01,6.758938567152178445e-01,5.075077791870807875e-01,6.406501234556215563e-01,3.879877230278011568e-01,0.000000000000000000e+00,9.407245299124390447e-01,6.159790913413917268e-01,7.605820030721938130e-01,9.553179160780170820e-01,7.734320503937863744e-01,6.367517946064233936e-01,6.625860398585288191e-01,4.106513086296990633e-01,7.238874014567242554e-01,3.118475519578835509e-01,8.519227942076097460e-01,7.053655719695810511e-01,5.173911521344622955e-01,5.664308733146660169e-01,7.063773917722533380e-01,6.497092391760481700e-01,5.091499344860966891e-01,6.828474196086656844e-01,4.248405078509169264e-01,2.780826898224193489e-01,6.174653021524537655e-01,5.483213855633595202e-01,7.746464197870643886e-01,4.367497929221266229e-01,2.630172406900441739e-01,7.886546311203314064e-01,4.889156798761836176e-01,6.870853858327484742e-01,6.193343627973419974e-01,5.823556955778649291e-01,6.229060580841758732e-01,5.366155504860035119e-01,5.848056119712710110e-01,7.982953854087406764e-01,8.989978442157915417e-01,9.368346203708788344e-01,8.881879853183218820e-01,5.008934024947271357e-01,8.895197936925889337e-01,6.838780302644240638e-01,7.378043599994895674e-01,6.821428948721458552e-01,5.687828850833710481e-01,9.724065959320097319e-01,5.949028702471713670e-01,9.625655381450054504e-01,8.591778922468350510e-01,9.848060017506663488e-01,7.742618110440363521e-01,4.281433050169514143e-01,6.839368391453818363e-01,5.795203953130918517e-01,4.369067330020180995e-01,6.395409687987735348e-01,7.907816773392450926e-01,4.583239073701073085e-01,4.154292958842203398e-01,6.583999571866433476e-01,8.443998086741100195e-01,5.923964230332703362e-01,4.025826669906186206e-01,8.132181938164931845e-01,4.394615996718885809e-01,4.363683130177511971e-01,1.597098728570300885e-01,9.374954665288731670e-01,9.132504360313372649e-01,9.723814380733188933e-01,6.644209172562238752e-01,5.419889604060437183e-01,3.539519334351759472e-01,5.159643493369915346e-01,7.000345206871501080e-01,9.907343876518064363e-01,6.341339443319087277e-01,6.143803112730905625e-01
6.522247976013910709e-01,6.492620654626504173e-01,8.403324146924555649e-01,9.603539383808284979e-01,9.254127807101107939e-01,9.509599843382627871e-01,2.172711754622893565e-01,6.515600510703387638e-01,9.407245299124390447e-01,0.000000000000000000e+00,7.351017177931514768e-01,9.585191594676282234e-01,7.576225390819352201e-01,7.203156035861093542e-01,4.482518500493712366e-01,6.662094703038984322e-01,7.880161035165517136e-01,5.739744402230424480e-01,6.200691866548091458e-01,9.485762955597536461e-01,7.608097205589939849e-01,6.647592508915114440e-01,7.338809068300811145e-01,5.712514747796484382e-01,6.651165988145475438e-01,7.072956493805135914e-01,8.637887768384661102e-01,7.659857736424864338e-01,7.270515914535631286e-01,3.438183813344181106e-01,6.353011501324639099e-01,4.384191439356703857e-01,7.158136698533540399e-01,9.393616266383918445e-01,4.101095287522009136e-01,4.515360334141149123e-01,1.889793599822768913e-02,2.721829453111085928e-01,8.616607953209708404e-01,4.600683461657734674e-01,4.780282167591864972e-01,7.693378435678667193e-01,8.780807807474935167e-01,8.597057299833658073e-01,9.462316520080447102e-01,9.089428380812965003e-01,7.512661620514812233e-01,4.390287201152896501e-01,8.068034610567507148e-01,6.911713985462035748e-01,7.224268898539513151e-01,5.817963558372338806e-01,6.925694955637482497e-01,5.277942957934258494e-01,8.131459614102253264e-01,4.708984469976210674e-01,7.847386682250812040e-01,9.303676300440546498e-01,9.628694078492222586e-01,2.083038166789417944e-01,5.886105461158298580e-01,8.940225000779162823e-01,4.343953865121207292e-01,7.791182339466925511e-01,8.774051781474192513e-01,5.420869404262526059e-01,6.388648529653991881e-01,6.370567620639017159e-01,7.017435113888413900e-01,1.936767629825340287e-01,4.879756972572203977e-01,9.043890552244973069e-01,7.525922610390766154e-01,7.692923959758752872e-01,4.465713971323216902e-01,7.568434679583994074e-01,2.947330081892032827e-01,7.579258708251699339e-01,9.609429382689188559e-01,3.014438681087621141e-01,7.862193587542415374e-01,2.931156021858276617e-01,6.624752077144063778e-01,9.450781430679807693e-01,2.710395171999065433e-01
4.381461340387834413e-01,4.701514774066746227e-01,8.758918960710209145e-01,8.542741180255610800e-01,9.855830145308611678e-01,6.775779348822814629e-01,7.370012697317451789e-01,7.963954934000931907e-01,6.159790913413917268e-01,7.351017177931514768e-01,0.000000000000000000e+00,5.924811868826513894e-01,9.170954035035404628e-01,4.507785438675243062e-01,6.476703576538171969e-01,7.340665954828909379e-02,7.447010961982275523e-01,6.765787498131318189e-01,8.771052933217073910e-01,8.227468240271478273e-01,9.064189257192905025e-01,6.275075999577479635e-01,6.893955733413619225e-01,7.175263972414143154e-01,1.561947381257806355e-01,3.997352640288480141e-01,4.777856012170192956e-01,9.237235329656697802e-01,7.972103564371633144e-01,6.899837236456625167e-01,7.406288078917577788e-01,2.671646033402990117e-01,7.073823298662371695e-01,6.472981588451450774e-01,9.504343190979489542e-01,7.359151955344764851e-01,1.812931663525645387e-01,4.869332661556350916e-01,7.569000139967878571e-01,8.086100764113884898e-01,6.631139360981018749e-01,5.962563107833372955e-01,8.115258692326888790e-01,5.581096008731509794e-01,9.679137024321693428e-01,1.223899408497745589e-01,7.132871519417458561e-01,9.098935593581617409e-01,5.875817868048833770e-01,3.398563139714407821e-01,2.015871348150317099e-01,9.922582961340842278e-01,5.752318960788340707e-01,4.644776060437761922e-01,8.695175804208449266e-01,3.701676716819762847e-01,6.755080771715427090e-01,-1.293215566910172476e-01,8.969714018880349249e-01,1.146904977923244445e-02,7.578009040603129742e-01,7.611626336183799912e-01,8.073776004101596016e-01,6.551922383083451651e-01,8.478044044203981722e-01,5.375010229602084078e-01,2.073307929811351868e-01,5.040173757607462335e-01,5.822162059692815861e-01,8.884001754673145346e-01,7.551676355205252378e-01,7.138119516775154327e-01,4.836763126007190827e-01,4.515128675025097960e-01,6.975397704701570278e-01,8.300809852534554167e-01,6.316972405920074918e-01,8.576551771394920198e-01,1.927323185464401845e-01,2.517607809579069378e-01,7.875853271783497256e-01,3.408946161642836259e-01,8.376044482759903431e-01,6.770766257792730780e-01,4.691585543758639010e-01
8.663877178172005866e-01,6.342005712952176744e-01,5.433960626681546557e-01,5.627560870498617973e-01,9.570113457457882777e-01,8.464700814965073761e-01,7.985411871280363449e-01,4.944920384469527197e-01,7.605820030721938130e-01,9.585191594676282234e-01,5.924811868826513894e-01,0.000000000000000000e+00,4.647049900145273638e-01,8.795107361679084246e-01,5.857340044582670657e-01,9.470722428392556180e-01,8.644968781074832131e-01,6.414628915940703280e-01,7.826848257631566774e-01,6.043044486698138096e-01,6.918400753677542703e-01,8.838821452029714809e-01,8.302505321260769122e-01,7.875244055394310383e-01,7.903816077656280470e-01,7.613213151362523412e-01,8.636279495985820231e-01,7.140556045880522840e-01,5.344927973497897583e-02,1.854498669457182725e-01,2.614797607504175669e-01,6.014665839581989637e-01,9.060772030399349974e-01,5.823632393657347528e-01,2.787584741962816914e-01,4.083874725654189075e-01,4.973207160170784458e-01,4.908408442655101123e-01,9.689641027253254046e-01,7.354829556898764276e-01,4.774823113562818855e-01,9.360071171245735178e-01,8.338501431576957890e-01,6.712488479398340813e-01,8.280874485122956541e-01,9.438726638039325323e-01,6.736700181557628841e-01,1.631294440517272459e-01,7.047079281261522388e-01,4.614949769398251078e-01,4.797752334679327157e-01,6.688691265892119375e-01,6.260435025529447195e-01,7.678019933249005113e-01,8.276713261206672945e-01,4.835261921811722652e-01,7.686309014136920581e-01,7.824197459900836815e-01,6.460592060720438123e-01,3.423318970835766972e-01,7.511219080564779382e-01,2.204356433333810872e-01,4.275855138207309558e-01,6.962153528738030950e-01,5.912082162046494727e-01,5.547873784060458613e-01,7.352056130484392327e-01,6.038053871819596408e-01,6.526160349784514425e-01,4.817126159031805965e-01,7.731641506871339553e-01,6.998725152016023188e-01,3.122057260230951536e-01,2.983663938862106679e-01,7.362491105545790893e-01,8.430907344519755764e-01,7.597783735808201211e-01,6.156601168968510729e-01,5.591441001056466353e-01,4.691023981033570767e-01,4.657667541120767418e-01,8.416053682589096363e-01,5.568926804661793462e-01,7.500218493283583587e-01,7.921941789876731921e-01
7.246496690946132579e-01,8.881629755362173695e-01,6.754835575296185279e-01,9.866124919760790313e-01,9.684127303118227337e-01,6.212833563161799244e-01,4.532425545599259586e-01,6.973258312433551209e-01,9.553179160780170820e-01,7.576225390819352201e-01,9.170954035035404628e-01,4.647049900145273638e-01,0.000000000000000000e+00,7.321456456243266020e-01,3.292263476204720929e-01,4.715216359861409412e-01,6.676231866715172103e-01,5.345338517493727348e-01,4.585752514359980325e-01,8.642364221814037295e-01,9.502671372178774778e-01,2.440664257229528400e-01,9.189549582800580207e-01,8.213423263652351869e-01,5.720962209336082765e-02,9.136143769661229097e-01,7.288531307296090000e-01,9.883570267567790557e-01,8.262990821550897369e-01,7.272440183439363715e-01,4.309670325169725480e-01,1.697245551698492450e-01,8.431139901662605407e-01,7.418449874212383888e-01,5.710105289489595393e-01,2.400902254103255695e-01,5.184684584719205791e-01,6.096977678025559122e-01,9.540723992924780017e-01,7.494825107156755095e-01,2.812681905375301605e-01,4.335997827329206022e-01,8.240933950865565460e-01,8.053337283361452492e-01,5.998060865149206222e-01,7.042073530222029421e-01,8.302233511652892251e-01,7.538655262866451601e-01,7.686574007503572670e-01,7.430944002550947669e-01,6.847088728169846705e-01,9.046126154362081895e-01,7.587878781718176979e-01,8.889327952225813956e-01,8.741317503184397042e-01,8.150895600889903614e-01,9.787142245735023227e-01,6.800685613971684251e-01,7.423713793085139345e-01,2.062755759983588288e-01,2.063879579956844346e-01,4.279341562362801166e-01,9.338934576295137013e-01,9.021732623793040640e-01,8.063282333098727994e-01,7.186169619895470539e-01,7.099316090382763456e-01,9.346828319179397715e-01,6.303867656164945377e-01,6.556898747176809206e-01,9.384364266209851424e-01,9.120672422298080617e-01,6.616292338041603882e-01,9.127116867719583526e-01,9.755862886962889391e-01,5.888384252899419025e-01,9.380267546896603470e-01,8.908720371903643409e-01,3.859170057988078884e-01,2.152857141722353818e-01,7.481029761883380980e-01,4.348934159020217960e-01,5.996990258693998266e-01,2.572001246944524144e-01,8.344376319954481813e-01
5.222110586815595923e-01,7.620856567275996474e-01,1.224569626774411751e-01,9.649522648333758168e-01,4.445147765581149990e-01,8.733164382995779462e-01,5.698940630377222760e-01,9.749828833391367411e-01,7.734320503937863744e-01,7.203156035861093542e-01,4.507785438675243062e-01,8.795107361679084246e-01,7.321456456243266020e-01,0.000000000000000000e+00,5.080969231393818175e-01,7.065007197174127951e-01,7.036154459906645009e-01,8.911450586964196896e-01,4.672617341905808686e-01,7.197993385979730707e-01,7.474878139994649562e-01,7.922765484134248748e-01,7.987256866908911679e-01,4.537218704774222955e-01,7.214268905063694337e-01,4.368746102188980629e-01,2.096367716671236336e-01,5.754662153594622964e-01,7.680086612957669479e-01,3.489179395054903265e-01,2.056254619842554365e-01,5.476446764994965521e-01,6.512567792588317417e-01,6.806658559052675139e-01,7.199379150183919940e-01,5.715551594318849515e-01,6.192929440310258604e-01,8.864433665682682761e-01,5.351613783942539282e-01,9.063573554170765156e-01,9.090941445484256311e-01,4.101859820410050927e-01,7.141686613106441595e-01,5.957980990988618331e-01,6.630340431204739815e-01,5.176682184906752360e-01,6.897635101788521794e-01,8.527714787862472612e-01,8.301020666359462119e-01,8.078601074375973967e-01,3.268942712006172036e-01,8.134115542892508266e-01,7.371727559892676807e-01,7.249699326488254769e-01,6.122755544273722483e-01,4.909631786554199406e-01,4.808629783192189255e-01,6.348131097836977599e-01,6.323645382081014565e-01,4.541416315173730789e-01,5.247634850998494915e-01,8.088286223774436845e-01,8.896628364555940749e-01,9.742835801374025717e-01,9.972710937489968064e-01,7.758832370516993704e-01,9.516722872065819239e-01,7.695069910829814841e-01,2.263690197232984536e-01,7.583113843837387957e-01,7.829903656092991326e-01,9.055428276204045002e-01,4.638038904657066364e-01,4.608700804152648933e-01,7.383451598448074193e-01,6.580036775373488966e-01,9.272169031995859401e-01,7.364678219502778234e-01,6.521419212921908404e-01,2.058720394796599296e-01,9.599695541893660256e-01,4.573799629704191627e-01,8.301380640676925271e-01,5.274125216116851700e-01,9.373433798708248332e-01
8.779294973755252807e-01,7.521782858589421972e-01,4.220278411858895407e-01,6.884668291182062250e-01,6.635595392900111023e-01,7.940612718259641989e-01,6.659805793643384098e-01,6.035680080976443262e-01,6.367517946064233936e-01,4.482518500493712366e-01,6.476703576538171969e-01,5.857340044582670657e-01,3.292263476204720929e-01,5.080969231393818175e-01,0.000000000000000000e+00,4.281107237975423918e-01,9.507290703131699994e-01,5.903384591690621352e-01,7.140924097227787648e-01,8.883689520706344878e-01,8.322019862230792819e-01,4.463174439786444236e-01,8.848515257159335068e-01,6.853730467687235706e-01,3.051387707173571218e-01,6.211281739751436382e-01,6.526025892306406284e-01,7.684334868154070186e-01,4.525429102801199477e-01,3.273365526935819725e-01,2.433022706604283936e-01,5.498415910457488120e-01,7.117591702516976593e-01,7.545234310423913904e-01,5.682439664101464061e-01,3.959694523988824821e-01,6.322471197591319481e-01,7.005581295990565005e-01,8.921905011383158834e-01,4.113788891770291944e-01,5.685284216033298366e-01,7.144697601781828666e-01,9.800037805099576227e-01,2.071004902363250411e-01,7.277081088235839434e-01,7.635726359297053678e-01,7.667068960820347945e-01,9.238162329912910087e-01,4.783371269341456511e-01,7.622716004003416979e-01,2.984977734922825698e-01,3.834685737644261128e-01,2.719007141544426687e-01,6.185980039550541543e-01,6.276787280446822770e-01,4.439856161340283158e-01,3.878941583199322363e-01,8.883406343069706335e-01,8.637822037418565468e-01,8.433475727604817784e-01,1.370835544623957569e-01,6.881012454070450923e-01,7.456731291885760893e-01,7.241036437491572553e-01,7.254501902388669210e-01,5.880280912035507068e-01,6.588777116256423483e-01,8.596648440814724790e-01,6.208501927438221379e-01,6.923537529410291880e-01,7.469407737508647616e-01,7.395207227768365588e-01,5.194186774675811913e-01,5.653525802805653422e-01,-1.541969544808521886e-01,4.623370768211058079e-01,9.358523861595081650e-01,5.877746476905647555e-01,4.582753681788330202e-01,2.515042138467007971e-01,3.039553675621423645e-01,5.241239978168408253e-01,8.037589599486552050e-01,9.482209885410304295e-01,5.742779682412941789e-01
6.891693809906089818e-01,7.642993497715364626e-01,6.843682617716890793e-01,8.441431967756296562e-01,7.721596582909535655e-01,6.307789460460569986e-01,4.372617664592902686e-01,3.685888594876266522e-01,6.625860398585288191e-01,6.662094703038984322e-01,7.340665954828909379e-02,9.470722428392556180e-01,4.715216359861409412e-01,7.065007197174127951e-01,4.281107237975423918e-01,0.000000000000000000e+00,6.533483498304183401e-01,7.224877693673618095e-01,7.619215597572687182e-01,6.809949984189775929e-01,8.081888665381985470e-01,4.604306679611049891e-01,3.511801781426328595e-01,7.821214406444616518e-01,8.436701003408569877e-01,8.811190476248720316e-01,8.227787690835676182e-01,6.326761522276892480e-01,3.790065478937759691e-01,7.653607260313464167e-01,-1.858013400676210847e-01,4.894427783312765290e-01,6.403345651497085456e-01,7.740390306739926007e-01,6.639224245481906150e-01,6.575413241966663325e-01,4.019767337175422783e-01,8.528353316573661358e-01,8.709236751083563322e-01,9.050885979964798933e-01,4.730705732019866439e-01,9.780233242435221186e-01,9.588460969956538182e-01,6.631961783391814302e-01,7.007403364169889626e-01,4.353797754858158564e-01,8.339375520426092203e-01,7.644965893860442563e-01,7.268397063596123697e-01,4.735331492669493381e-01,9.870065407665257196e-01,2.402585512162248860e-01,8.990348357819955005e-01,6.623078993829087935e-01,6.356710450314037031e-01,9.296393151320418990e-01,6.737568978203345438e-01,8.482952091127549110e-01,8.619040800238609856e-01,7.714684094924946223e-01,6.099925448885036294e-01,6.174541103718436119e-01,6.837730203174743338e-01,8.295843077185629522e-01,5.158226027682791814e-01,8.775629264801380058e-01,4.276486867380839829e-01,8.420118913434836427e-01,9.103272784031272158e-01,9.063278591749505120e-01,8.471288141836136321e-01,4.666441638032297612e-01,-6.204395440646084947e-02,4.331275280679559025e-01,7.517956013647720814e-01,3.202193923223504712e-01,3.057260452404111373e-01,6.876178445383138715e-01,2.643272742165637124e-01,3.925348000518031899e-01,6.141079828412051578e-01,8.628244462657483904e-01,9.770088914403716185e-01,4.179328194887013126e-01,5.652587024095595547e-01
5.075343889866410496e-01,6.845376708889616690e-01,9.377082924761974692e-01,7.864409175098270310e-01,6.794458362426486486e-01,7.958696067953230369e-01,8.232918497286084714e-01,3.118241444427752307e-01,4.106513086296990633e-01,7.880161035165517136e-01,7.447010961982275523e-01,8.644968781074832131e-01,6.676231866715172103e-01,7.036154459906645009e-01,9.507290703131699994e-01,6.533483498304183401e-01,0.000000000000000000e+00,8.120853968421524183e-01,6.162980524118272241e-01,8.676346944709306674e-01,9.852323291489275547e-01,7.540409166576090838e-01,6.501846811051771313e-01,2.484707398378307175e-01,5.505272522168684901e-01,3.783104758060450989e-01,7.235503101409759275e-01,3.704117073629736856e-01,4.674314602329422974e-01,7.168980392118159406e-01,2.846700073354349603e-01,8.094172293815298236e-01,5.925967260591986641e-01,7.271443542604854038e-01,7.373343957575280161e-01,3.233388641150735099e-01,6.835876475459677915e-01,7.908948431021969316e-01,6.539144374706040708e-01,5.378611584430388337e-01,7.753093453115191824e-01,8.256201046697237977e-01,7.928890681180096323e-01,9.366650129337125152e-01,9.391361243143204751e-01,4.582317784060263022e-01,8.060542741221775609e-01,9.127946480232078663e-01,8.900907710464193157e-01,8.637612775659457842e-01,9.839652948017562073e-01,9.865459903567525002e-01,4.525250733862233865e-01,8.805220268357155655e-01,6.822790194441941125e-01,8.581177572952574106e-01,9.921969529384071507e-01,7.545146434680545244e-01,6.219256627134317483e-01,1.492678197558950093e-01,-1.879476829215518119e-01,7.207339083280339675e-01,4.161628240384154798e-01,6.288971589239055193e-01,7.456091041721862878e-01,8.884181157892075964e-01,8.781267392673758332e-01,4.351276924294837922e-01,9.607175629138469120e-01,4.768020134159132728e-01,7.377561603502706955e-01,6.291192929765166975e-01,9.254674895539701795e-01,7.187329137247899791e-01,9.110032342414627893e-01,8.669702746593643816e-01,5.339769751428524724e-01,7.740005603073925045e-01,5.159909578422154919e-01,5.717100825282543930e-01,5.417340493827480508e-01,2.987881189475545818e-01,7.981391923718839099e-01,8.244367093225880572e-01,6.020976985157213690e-01
6.664507156494814399e-01,6.258435837822601266e-01,8.842859425699675091e-01,9.381021343559677872e-01,8.205547449469687837e-01,6.064457491918239240e-01,9.665552118982494445e-01,5.900045900995338766e-01,7.238874014567242554e-01,5.739744402230424480e-01,6.765787498131318189e-01,6.414628915940703280e-01,5.345338517493727348e-01,8.911450586964196896e-01,5.903384591690621352e-01,7.224877693673618095e-01,8.120853968421524183e-01,0.000000000000000000e+00,2.448343148703281125e-01,9.505651095563620867e-01,9.571054676691416185e-01,8.525628023048045234e-01,5.763461962584766063e-01,6.953490629929468536e-01,6.834904247353207341e-01,9.695725551086560312e-01,8.711938707995765530e-01,6.642222881021002667e-01,3.829827228580376941e-01,4.306042943503840537e-01,5.066842748849770262e-01,5.714510899982214731e-01,9.126244219862381657e-01,6.591942986320291631e-01,9.614198514967589038e-01,5.271239495907407285e-02,4.618404426643005767e-01,6.924093852604757959e-01,4.735544216630864223e-01,9.520604354028927574e-01,7.873616944642155557e-01,5.826806348077824271e-01,8.052560455256186911e-01,5.735984796000677122e-01,8.417730477219612650e-01,6.329583428914145049e-01,4.258690445269038283e-01,9.755972427113807077e-01,4.460999424526024826e-01,7.789404500846071056e-01,7.263753275092609263e-01,5.868317731695065209e-01,6.084483120202464068e-01,2.057552294883684407e-01,2.020688128481073209e-01,8.696656057147137409e-01,6.573019801300997722e-01,7.712483244522867487e-01,2.170694221690411818e-01,7.555771119541532244e-01,5.038789631733745500e-01,7.325287359456549297e-01,2.229569733103725082e-01,6.923722975034535265e-01,8.752126388877565777e-01,6.119451912072374489e-01,7.369787097134065101e-01,4.949424104998965124e-01,5.965346676848433116e-01,5.772143913164479168e-01,8.907211163609658477e-01,-2.454778675542342858e-01,5.681641676256443674e-01,4.554115115604872588e-01,9.053035413348464733e-01,9.909426102149618831e-01,5.930416948983572301e-01,-1.851474430639169777e-01,2.844412270062723902e-02,1.178568407625038283e-01,5.503364449508609813e-01,8.150636374211864821e-01,7.207678362303164832e-01,8.600640126382093076e-01,3.316151099236972488e-01
