0.000000000000000000e+00,4.150445676428999309e-01,9.523054136225274080e-01,8.160162602682670130e-01,9.212069740412955898e-01,9.811296252578712851e-01,8.411409462340693199e-01,9.558494043525805894e-01,7.170390271493599643e-01,4.882792086730022296e-01,7.330290196154422011e-01,8.220877988229667865e-01,8.816669024668074561e-01,8.579845749994748916e-01,6.751989438855925396e-01,6.359986048106729406e-01,2.511843453266230930e-01,9.315944989554831857e-01,9.329253012863808481e-01,8.564276406791139218e-01,9.469574815199173212e-01,6.300516744304580641e-01,6.297070397362747318e-01,8.445977300838021229e-01,6.640793017821433608e-01,5.796486138838521374e-01,8.541118095054019976e-01,8.235014215439991903e-01,5.188378752920344006e-01,2.838839743374537219e-02,3.912909956901926556e-01,8.143526110088701309e-01,6.520952656230860622e-01,6.089338671511792533e-01,6.019811859907473472e-01,5.108597010862312437e-01,5.895376118061739223e-01,6.272571080225681772e-01,7.631278265102674485e-01,8.471869375339587949e-01,2.450890725045319907e-01,6.001157040995316327e-01,8.029410568413440918e-01,9.452639808146388045e-01,9.740846409276766593e-01,8.400916410389096534e-01,9.904013664327234734e-01,7.780260655930050229e-01,9.342586456132317974e-01,8.060486898950922630e-01,6.586693906351838157e-01,5.983279328515433981e-01,8.741764646389311721e-01,9.219323497688092228e-01,8.404997194754422196e-01,4.503742641293694837e-01,9.546944309079967717e-01,3.675726395815720471e-01,9.738325009972157442e-01,4.171300803972571303e-01,5.727153197663568118e-01,8.314507431944385685e-01,8.505132063190395941e-01,4.980177315019171935e-01,8.572641594779093488e-01,6.537512591887126856e-01,3.289472158613066521e-01,8.605609553229310871e-01,4.734356672924000531e-01,8.528017224724452339e-01,8.115205069702057239e-01,8.508401671927042775e-01,8.880710318963128680e-01,6.048387241490208455e-01,8.994327707076218426e-01,5.501741899161365357e-01,7.905884762118748910e-01,9.574474662720090512e-01,4.081896564181947129e-01,5.160697153616788935e-01,7.826255254183047683e-01,9.748008462406794195e-01,8.595715235555577705e-01,5.973528899505061718e-01,4.059049534926235103e-01
4.150445676428999309e-01,0.000000000000000000e+00,8.159191846283014860e-01,3.431672444386368315e-01,9.028182630789469698e-01,9.767803335257163599e-01,8.516739342404022750e-01,2.968230375569398949e-01,9.331619843412628512e-01,6.565205934621911599e-01,5.197532563371544123e-01,7.340867479980176524e-01,8.647425754844751955e-01,6.223638367371261415e-01,4.005046438686694077e-01,5.755858673948871518e-01,5.845618293683418898e-01,3.502031452323219884e-01,6.285564768381586287e-01,6.129064747827195347e-01,4.243593993471413972e-01,6.802367650264119492e-01,8.949213509247383458e-01,9.956814196903203129e-01,3.875501244391443834e-01,4.839407413930789659e-01,9.518629276005547979e-01,8.958392356553045444e-01,5.018139429621939485e-01,2.462236439354087980e-01,4.252021398373041494e-01,5.012410008386489757e-01,4.176228805632925534e-01,7.254970189026032079e-01,6.441548828991731090e-01,3.457774243478503040e-01,3.174515186187771842e-01,8.415895322439493897e-01,8.554606574517100714e-01,7.781591134979908286e-01,5.296740634751222476e-01,5.582076357013122658e-01,8.063435212064552493e-01,3.673988729072215076e-01,5.179023479855544565e-01,8.839672095889917758e-01,8.854360999964848711e-01,5.855188896770467943e-01,4.370722905719730544e-01,2.278615163212253936e-01,5.445296810207782556e-01,6.982238267473348525e-01,3.768430127834460075e-01,5.186481801322697649e-01,5.740300997597653776e-01,4.806216637517329859e-01,6.465844245095007103e-01,8.707727809065812785e-01,7.583814628954670400e-01,4.790311501968028685e-01,2.812422506661863553e-01,6.385282825884246449e-01,4.237186250956808120e-01,5.556288736509296111e-01,6.187857230283677623e-01,5.099045156514755428e-01,8.369878945513021806e-01,7.063265261625197855e-01,6.547147541650639724e-01,7.770755760221472741e-01,8.924516549953046551e-01,5.601864336567816682e-01,7.374063170600662076e-01,4.902818149100546807e-01,5.494371977622720671e-01,6.073787315687088073e-01,4.633976842699433774e-01,7.279588994927528312e-01,3.977113158876151300e-02,4.193820959717273200e-01,6.546556146165934953e-01,9.412596145758569399e-01,2.428970278766179047e-01,3.614920048349467008e-01,1.508832756296371036e-01
9.523054136225274080e-01,8.159191846283014860e-01,0.000000000000000000e+00,5.888382912682259551e-01,9.089658154111278643e-01,9.036821967117540932e-01,8.056433310642470147e-01,8.876249847038757412e-01,8.394172052322684818e-01,7.098763334994216967e-01,9.898252215881766514e-01,4.459418604825262089e-01,8.713108148896450134e-01,7.288427756086460763e-01,4.677164088960150679e-01,9.828146522850121913e-01,9.393664751273400615e-01,8.372225819908769573e-01,9.106738252150159418e-01,6.097541579856839977e-01,6.408527371607405376e-01,7.206617518502846931e-01,8.892262513265108970e-01,9.090629679995451129e-01,7.641348611100070576e-01,7.195777136641361427e-01,7.517240580817734497e-01,8.384821112087759154e-01,4.138410330713878649e-01,5.627810427506308999e-01,1.936572454186553660e-01,9.317484885104294623e-01,7.210571830670926552e-01,5.668696400398397506e-01,6.446565525966706511e-01,5.916673915868444489e-01,6.553723590314072256e-01,8.492126372069657148e-01,9.863878841409863263e-01,9.239210843244591853e-01,4.294451009425140908e-01,6.314132259569671390e-01,6.493762912626108719e-01,5.902469059777246674e-01,8.919464518786238694e-01,8.891424721573341072e-01,8.985820274006049990e-01,6.003947405894296541e-01,7.585420543102421309e-01,7.662556380038730852e-01,8.870773946613496053e-01,8.860083144573654979e-01,8.975545748343400909e-01,5.359702386204254765e-01,9.664149262459867940e-01,9.144055577274575741e-01,8.010885854547702412e-01,8.817064803475923584e-01,8.623973874209077684e-01,4.342905540218081617e-01,4.238933706691801473e-01,6.889433694968972732e-01,8.384063707878308680e-01,8.247625599615523440e-01,6.818346821383838297e-01,8.554824189313561256e-01,6.339438367678611463e-01,9.657105454313223980e-01,6.575074382039671761e-01,7.199855345797281370e-01,9.753271533919531944e-01,8.674183903143521945e-01,5.699264236243289927e-01,6.493623551483949097e-01,7.435137302298169271e-01,8.126601417490094681e-01,5.597705638765904101e-01,2.524353949328442259e-01,6.140618965559044296e-02,4.932298745774705839e-01,3.721873174503522730e-01,8.532066503125703694e-01,7.601752267128115692e-01,9.743390586056973612e-01,7.980902769126632101e-01
8.160162602682670130e-01,3.431672444386368315e-01,5.888382912682259551e-01,0.000000000000000000e+00,4.967328893346132368e-01,8.829540527206186651e-01,5.592122848136253932e-01,4.828606358869022563e-01,8.107210356064764589e-01,9.305891166538442505e-01,4.980440068176900659e-01,5.225609319784121354e-01,6.453900033359071253e-01,6.528617251441138913e-01,8.749766312732576434e-01,7.589562230138442445e-01,8.816631837933478488e-01,8.046284565943516709e-01,6.055794794067512754e-01,6.133566494407377556e-01,9.745372049513579826e-01,6.242108971487231317e-01,9.385146561876274163e-01,8.099024437464018567e-01,7.853317075479444576e-01,6.818879551483999490e-01,9.664180826187327433e-01,8.978844069465163891e-01,3.772219749956600143e-01,5.750336052497259098e-01,3.603050026488504032e-01,5.303141147145323808e-01,3.913705886945669232e-01,8.606575793771604754e-01,8.596096555841821196e-01,6.537300040363676068e-01,2.082241413218140769e-01,7.983452880502859283e-01,9.375708499994175327e-01,9.513636011794783798e-01,5.218263804391376492e-01,5.301682549427696456e-01,8.394536277497020027e-01,6.802720189544814167e-01,6.710076240244735590e-01,9.488020847709374150e-01,8.348562338420557616e-01,9.396366966182752023e-01,9.966408253022142061e-01,5.802494361673568024e-01,8.692744437169299676e-01,7.662659830419877860e-01,7.501124336231052014e-01,2.055157950235514952e-01,8.429349221783066781e-01,4.646674250183461252e-01,9.043126997293140512e-01,7.876323455300358045e-01,8.287878058574249529e-01,2.494995021467862617e-01,4.856397161328913081e-01,8.041308870409169529e-01,7.078548813269091022e-01,6.837115676846682311e-01,8.940647941217281236e-01,8.876154794856941921e-01,4.600625973443843164e-01,7.775686049411310030e-01,7.333374673667109045e-01,8.363222908842771197e-01,8.841334323657311645e-01,5.008485900546478797e-01,3.834834822564543444e-01,3.207344906469719592e-01,4.955776990201021803e-01,7.734389136076706972e-01,8.638166117835004432e-01,6.192041137771799875e-01,6.498333174534860479e-01,3.287610056721317342e-01,4.040340875809159682e-01,1.701590960875851710e-01,9.537928109193244408e-01,-1.020910162709136038e-01,8.787093273439342545e-01
9.212069740412955898e-01,9.028182630789469698e-01,9.089658154111278643e-01,4.967328893346132368e-01,0.000000000000000000e+00,2.410504503357616679e-01,4.378022985016200574e-01,3.228279760085799310e-01,8.950006788629842891e-01,4.032856769433088018e-01,8.440016558522224210e-01,8.033575993674987314e-01,8.339014421544469480e-01,4.957733737936896312e-01,6.115304608657962104e-01,1.368227183703123184e-01,9.470910903874225628e-01,9.931611905026476173e-01,7.136703317153779702e-01,6.921151671780612080e-01,8.003343128435661535e-01,1.538019932973659354e-01,6.683949023560907809e-01,8.699693456271684333e-01,6.873474341039462754e-01,7.517592139719472266e-01,9.253628014602625074e-01,9.180761053152634021e-01,5.640867140668820445e-01,3.342937832104327378e-01,4.078459835358427266e-01,6.819416863456606581e-01,8.779116760189125124e-01,8.516611960870978937e-01,6.861086284954945880e-01,5.720985727506444629e-01,1.736411473505697634e-01,4.588035814952644564e-01,2.205737387620491652e-01,8.759771678648207160e-01,2.714508198648895032e-01,7.709332549194561901e-01,8.450228660619273358e-01,8.520058589739387678e-01,8.679402371075668476e-01,7.427650059969200802e-01,8.018160209136142580e-01,3.505101125420480024e-01,7.943813639617547384e-01,7.807976491506887218e-01,7.652532862565614158e-01,9.028621443839225380e-01,4.010530223297116281e-01,5.601755059927353564e-01,8.180423751945133937e-01,4.530665779849424868e-01,5.847863915862854256e-01,8.083551569840983220e-01,7.871127850292037875e-01,4.148860960445748813e-01,4.917270236450038690e-01,6.070386563203904462e-01,7.621012267412015095e-01,9.419573018916989060e-01,9.461590891636916245e-01,4.931343209407704764e-01,7.384572595094935910e-01,7.747978681687548441e-01,4.432408973893379178e-01,2.573340067453888103e-01,6.552349405115627246e-01,2.388630855203893177e-01,3.500471086389029818e-01,6.273501175137119468e-01,5.561717304511308857e-01,6.420984698220048026e-01,6.187962596809868376e-01,5.722130832850452764e-01,6.700284818838765366e-01,1.303899024661130460e-02,8.615905782687276471e-01,5.937265778627649482e-01,7.908679328257300911e-01,6.240597790253560317e-01,7.621520746981381711e-01
9.811296252578712851e-01,9.767803335257163599e-01,9.036821967117540932e-01,8.829540527206186651e-01,2.410504503357616679e-01,0.000000000000000000e+00,6.982276180989923642e-01,6.472718748875340156e-01,3.607204084497753205e-01,4.571284120386572281e-01,9.280364402452314643e-01,4.831048064563381872e-01,7.963744494551856512e-01,2.869220036926766193e-01,5.927391011440894530e-01,9.003322892407895628e-01,7.345003257647592099e-01,7.522734929952007432e-01,8.556860019775416881e-02,6.086951558134640061e-01,9.144704110227386273e-01,6.467280268446375935e-01,8.117620880198835875e-01,9.096837706020602932e-01,7.107277708781268855e-01,9.003464506335542294e-01,9.434473063639132739e-01,3.394693687669577686e-01,6.406532632664481142e-01,2.316835087415979877e-01,5.137593698611062631e-01,9.599318064353360436e-01,9.782740693224361017e-01,6.491250363580884919e-01,4.262229202879598278e-01,7.377360945831551442e-01,3.950699864047461096e-01,4.736210635237956823e-01,9.354630381266967332e-01,6.367237239837136853e-01,4.218283779011126611e-01,4.823677445821270005e-01,4.613502534712631276e-01,7.237076751447213407e-01,9.819850205098858975e-01,9.581966551938929655e-01,7.477563007979081133e-01,4.716411534356099167e-01,7.884263014998356134e-01,6.179240441572069198e-01,2.615028775624758106e-01,5.565631079036940099e-01,8.170204971285566220e-01,6.405121456443187977e-01,8.190098105585806865e-01,8.031719738894557148e-01,9.794773537851426681e-01,8.059182106642660548e-01,9.566229260954377533e-01,7.338245896106539989e-01,2.334236610019480573e-01,9.815471509392991178e-01,4.587973943761024520e-01,8.952433540058210015e-01,8.872742510013065242e-01,5.769094048246841133e-01,7.761055813593886743e-01,9.600492644918368068e-01,3.044880413343740155e-01,3.553773742670403579e-01,8.681299736531886690e-01,9.561564675074916142e-01,5.414761127516285466e-01,4.075161985879166560e-01,9.029054329736214690e-01,7.429438713900701208e-01,9.326583140585811282e-01,3.449625090310755038e-01,5.994627325167660725e-01,9.848892087371713400e-02,2.374876737486822376e-01,6.428387051490137560e-01,7.951037183706891609e-01,6.961065343512229386e-01,3.613772182426855384e-01
8.411409462340693199e-01,8.516739342404022750e-01,8.056433310642470147e-01,5.592122848136253932e-01,4.378022985016200574e-01,6.982276180989923642e-01,0.000000000000000000e+00,4.335530351289409445e-01,4.274641507350206426e-01,5.886628679720365964e-01,5.008212206872062477e-01,6.186553243933549107e-01,6.712932192164167144e-01,6.317150681449297256e-01,5.514189458337598326e-01,7.917832227785611687e-01,8.425436495072831100e-01,6.881151842464254820e-01,1.237972534990411377e-01,5.771556582603666330e-01,8.619709656296267175e-01,3.625462765913477492e-01,4.937094570893165724e-01,9.331080645713285548e-01,2.338353828310480165e-01,7.681416207698354981e-01,3.613556666831505698e-02,7.130559358350212484e-01,7.655326285946044695e-01,4.279114873115113515e-01,4.529479266173607743e-01,4.483606075770112942e-01,6.743678689852719010e-01,7.763838548225207026e-01,2.326676287429955692e-01,6.660686959920646411e-01,2.948401281502078253e-01,7.309092189395384187e-01,6.897387254318801952e-01,7.747627294645599294e-01,5.961288781966314065e-01,6.103618535467121298e-01,7.338222620888300574e-01,7.519595466343447221e-01,9.957563768645663060e-01,2.635764486988956268e-01,5.075478147803342832e-01,6.315128340077359459e-01,4.795698970555801743e-01,6.621403630019602193e-01,3.200792687364897304e-01,2.505502601434701493e-01,4.315763956046070327e-01,7.961149757169629915e-01,6.000244135106701515e-01,5.809162688355677950e-01,6.875418114198909025e-01,6.799947883157561046e-01,8.747405517383769480e-01,5.893723488793314313e-01,6.832483439456927821e-01,2.825372150642573299e-01,6.899017200658957849e-01,6.733330008338205275e-01,7.603878644512471752e-01,8.043301414333724475e-01,9.373579856240447095e-01,8.380845101037358580e-01,9.833369920848362700e-01,5.656314601529266461e-02,6.185108524702714883e-01,7.963474860730936911e-01,2.050537538853762221e-01,6.352336126544154693e-01,3.343148698246443118e-01,5.630677790238378666e-01,5.121003971386163256e-01,6.980148175005125299e-01,5.751481070768711401e-01,2.755216554759845615e-01,4.909117154257953697e-01,7.809889514572236902e-01,6.090906555094488528e-01,2.949456431038064430e-01,5.372967981316204011e-02
9.558494043525805894e-01,2.968230375569398949e-01,8.876249847038757412e-01,4.828606358869022563e-01,3.228279760085799310e-01,6.472718748875340156e-01,4.335530351289409445e-01,0.000000000000000000e+00,6.636095010129452465e-01,4.843982545169902010e-01,6.272095603123871710e-01,9.380883339815699884e-01,3.370470022747787953e-01,8.298189790608017091e-01,8.582780519219084248e-01,6.982359803956890154e-01,8.028157945550536967e-01,4.733087473632483499e-01,2.259240067439500510e-01,3.592531984426798886e-01,9.806378830738111674e-01,8.321688928780816008e-01,7.344767272942325231e-01,8.273915003404017643e-01,3.138265806488200749e-01,4.022936637559341722e-01,7.811163570251594690e-01,8.557995310809930478e-01,3.354320687936055423e-01,5.175284700108172542e-01,4.001180056195746126e-01,2.617322587327699512e-01,2.449388136602584642e-01,5.193397812346626230e-01,6.849438076802585318e-01,8.391057495834790547e-01,2.064032110470711556e-01,4.620287495297212832e-01,5.072758018800833657e-01,5.629841546601344060e-01,7.106340262890796788e-01,8.274382184514139649e-01,2.614133800819049558e-01,9.230691335163316857e-01,6.900423609811200398e-01,5.253328321646885124e-01,5.747997587530931929e-01,9.339434524630754186e-01,4.132335192730690610e-01,3.941663794023563816e-01,8.514533283750101988e-01,7.429155016653932186e-01,8.395705977260572439e-01,5.169621255557954598e-01,8.115068915941258121e-01,6.627198166973300442e-01,4.073483251990942522e-01,7.842744691890071174e-01,8.845539165123897929e-01,3.949749397567178244e-01,4.065327772436196363e-01,6.685908489796494880e-01,6.461070243853183070e-01,7.062105947252586002e-01,8.434292666303555563e-01,6.248766257837904403e-01,9.477862762916383632e-01,8.909105460288274658e-01,9.142999986925793854e-01,7.917060505515859381e-01,6.379825335602655745e-01,4.160065472767789929e-01,5.445885055509764872e-01,7.223914871780298119e-01,3.988670236115641199e-01,5.988104027277436625e-01,5.190597247391325331e-01,8.996070642018433317e-01,7.677749787859854402e-01,5.426536378382695869e-01,3.479240995997528452e-01,4.360604877465532048e-01,8.585496671959936821e-01,6.714855653854771012e-01,6.188503278302195376e-01
7.170390271493599643e-01,9.331619843412628512e-01,8.394172052322684818e-01,8.107210356064764589e-01,8.950006788629842891e-01,3.607204084497753205e-01,4.274641507350206426e-01,6.636095010129452465e-01,0.000000000000000000e+00,4.789076759670600758e-01,7.546942850781140910e-01,7.356721148214586670e-01,2.917071396704713493e-01,6.617415333020209012e-01,9.553300706873940618e-01,5.111057410169443926e-01,7.082147730987187195e-01,6.410877582794571872e-01,7.865171201375815713e-01,9.291402402931151494e-01,7.484784956284867841e-01,6.513748064298967577e-01,6.608446428888018476e-01,9.999226147626689709e-01,6.716153678746564770e-01,9.722171193981603565e-01,7.269132096214656613e-01,2.978258501863251251e-01,3.978415663419354042e-01,5.242083615751892411e-01,5.200231885362334161e-01,6.961319918696736719e-01,6.759673402352388560e-01,3.649714374806425354e-01,6.487459983464352042e-01,3.004473980344927186e-01,7.598896356542235164e-01,7.990727209567642930e-01,7.416584486152000277e-01,8.276625316124405218e-01,2.454729355084338815e-01,5.422896396107912409e-01,9.712728339619955964e-01,9.411194127662791953e-01,6.375035036271557987e-01,3.642076120069257517e-01,2.458503738719470533e-01,5.984720729756027868e-01,4.732240919973994542e-01,4.962704206859926970e-01,-1.444768642794010682e-01,2.148965287770495114e-01,7.770737645265451965e-01,6.379109062343422121e-01,7.652758916543747070e-01,8.752153353428948623e-01,8.959078654209366999e-01,9.243519149127845669e-01,8.658898385258111396e-01,1.900643980756083484e-01,4.938980578127351029e-01,7.231178246972909118e-01,6.028232199662760804e-01,5.639453406937044999e-01,4.753326324012403514e-01,6.038871567426156162e-01,5.161820072336021914e-01,7.488639044163685199e-01,9.514553198593141969e-01,4.556967105499399318e-01,9.227535714524852661e-01,2.138425155882455742e-01,3.055259689236093923e-01,7.971381495539638928e-01,6.191555573451023031e-01,5.910418080638267790e-01,9.181511041112963012e-01,6.294496416643116099e-01,7.328360731410659135e-01,7.488466202818050421e-01,5.956200933667969988e-01,9.408953261192744000e-01,5.033970843890076541e-01,4.244348517686705735e-01,8.902360174148049587e-01
4.882792086730022296e-01,6.565205934621911599e-01,7.098763334994216967e-01,9.305891166538442505e-01,4.032856769433088018e-01,4.571284120386572281e-01,5.886628679720365964e-01,4.843982545169902010e-01,4.789076759670600758e-01,0.000000000000000000e+00,3.046434529356719656e-01,8.198691875355276215e-01,9.493960654361066620e-01,6.874897057211767359e-01,7.258239550115107575e-01,1.195671551002958771e-01,9.702230761220743682e-01,8.486056767168869142e-01,4.988777937351892011e-01,7.006954033098816703e-01,9.672007317223012546e-01,7.903525302676746023e-01,7.163678196128823172e-01,6.161908893535524845e-01,4.076751118918217065e-01,7.747498383811811662e-01,8.957898324120063815e-01,6.728774559459564930e-01,7.634888249554507844e-01,5.227553774776455553e-01,1.117997294778072109e-01,5.534585213868563613e-01,3.377413881343314106e-01,7.636895585396935582e-01,4.878781370820343688e-01,7.638964302673585394e-01,4.569096905817105481e-01,5.137205225201350034e-01,8.805770862313504477e-01,5.356985743479357742e-01,6.679888049455461330e-01,9.482588388757744458e-01,5.351177064522050220e-01,9.553162664568932705e-01,8.304234363171111299e-01,2.346463628293991854e-01,6.339309866962532514e-01,2.224815822222310502e-01,7.567292239428037304e-01,6.454777714235446773e-01,8.684963794753852717e-01,9.028350395372084503e-01,6.611170999010946847e-01,5.504095080069892898e-01,8.807243677598549647e-01,6.779036743019080102e-01,4.954058524109931083e-01,6.325663051495835631e-01,8.687778451567761406e-01,4.392880849214178540e-01,4.697064171868820526e-01,7.629273642133883593e-01,9.434534754887486940e-01,9.985184005033598265e-01,6.314489591937147983e-01,7.559717432845391993e-01,2.661457137115434968e-01,8.260870855374495836e-01,5.847891429014682174e-01,5.064058573195655555e-01,1.032038807835730099e-01,9.620939839082766065e-01,5.759481600407017066e-01,2.940102671505080978e-01,9.571712281375294173e-01,5.288184830673595682e-01,1.439648593684843617e-02,5.299057112630671806e-01,2.800659881024435416e-01,2.539488613471682088e-01,7.371401360642050316e-01,8.658122226093993845e-01,9.098276183857153532e-01,4.812237513755697749e-01,7.205795589751973207e-01
7.330290196154422011e-01,5.197532563371544123e-01,9.898252215881766514e-01,4.980440068176900659e-01,8.440016558522224210e-01,9.280364402452314643e-01,5.008212206872062477e-01,6.272095603123871710e-01,7.546942850781140910e-01,3.046434529356719656e-01,0.000000000000000000e+00,7.385573606533526458e-01,6.946690965556638897e-01,6.681790302272089255e-01,5.189890792392419794e-01,4.480866960387891451e-01,7.218266528700325591e-01,7.923408899678126005e-01,2.898329907057921040e-01,4.474074488666902605e-01,8.505342779405178355e-01,6.669934657096228126e-01,6.489463056073641045e-01,6.650288824390966358e-01,9.894516227085374815e-01,8.939676769003123136e-01,5.683616321259331583e-01,6.104036816908621210e-01,4.025812548829075799e-01,4.275945749955299968e-01,4.604927653555371814e-01,2.104858076203634243e-01,4.042391173411010175e-01,9.108831217100427091e-01,4.401247563114536465e-01,7.016029846204032694e-01,4.371115537869854628e-01,9.367791369417662883e-01,5.342696288913539870e-01,5.603989382693996824e-01,1.774284009844938892e-01,7.256513952892248431e-01,5.727061127586678957e-01,9.053710378198988051e-01,8.003819682167213623e-01,4.862326687659290769e-01,6.361801455942197592e-01,6.683208852738392602e-01,7.109214243783975595e-01,9.567972630571951465e-01,7.794637478977332057e-01,9.836651244108306491e-01,3.376667942847079718e-01,5.738893720103827034e-01,1.575936551651824502e-01,7.613664953724137430e-01,5.516290991472719840e-01,7.706975438607520656e-01,8.085136442405115309e-01,5.320310945417500159e-01,5.309405761044774241e-01,5.347970439667971698e-01,6.614309089697769650e-01,6.102732419052686597e-01,7.050316177253349581e-01,5.429169828958348987e-01,7.670204237439284256e-01,7.383041692632765773e-01,4.841927672795514059e-01,6.992046021672364553e-01,7.826824479686804725e-01,5.959006230696644035e-01,7.150773720649442611e-01,5.905276044810806590e-01,5.482664222758264483e-01,8.876755895001872121e-01,6.449321653369720631e-01,6.133752681055487654e-01,2.141755576121797885e-02,1.011551008724710932e-01,3.340704419519464063e-01,9.669822145475361896e-01,9.742970378226575301e-01,4.437668342602991700e-01,8.027691745542372415e-01
8.220877988229667865e-01,7.340867479980176524e-01,4.459418604825262089e-01,5.225609319784121354e-01,8.033575993674987314e-01,4.831048064563381872e-01,6.186553243933549107e-01,9.380883339815699884e-01,7.356721148214586670e-01,8.198691875355276215e-01,7.385573606533526458e-01,0.000000000000000000e+00,9.135170787614139698e-01,7.498448891697833130e-01,4.406147069458097310e-01,6.767248654489158577e-01,4.609210227130172144e-01,6.402976059803509035e-01,8.306943814854687025e-01,6.682273448016804451e-01,6.055716604671513847e-01,5.368606609371504579e-01,8.993575343011981360e-01,8.130726428015304652e-01,3.579437994087072417e-01,6.724561206021036908e-01,7.864895847260147121e-01,8.611881730077619590e-01,2.454445293697375685e-01,2.203585197965694520e-01,4.886588312782597088e-01,7.593795569178865001e-01,7.343573894138836211e-01,4.941494574326780742e-01,9.133134081789432424e-01,-1.918020487792180817e-01,3.881324937358909821e-01,6.705106903897503079e-01,7.051745985223873969e-01,6.418842599293173024e-01,5.734806824421159188e-01,2.653492040094151960e-01,7.350343655563555956e-01,8.860932798844246561e-01,7.298974285646719906e-01,7.982355707751344065e-01,3.239430425773063282e-01,2.242751315246159227e-01,9.594604264862747200e-01,7.582149229463985840e-01,5.814184984485573082e-01,7.807344783329979165e-01,7.669605874050637873e-01,7.938759303049740534e-01,6.588073837890524587e-01,7.492925951850872845e-01,4.209634486840961864e-01,8.871081660599328123e-01,8.061113466694831420e-01,6.923982561154922166e-01,3.603650507643185730e-01,6.012615035419164311e-01,2.481634277568590119e-01,8.389779660228220415e-01,7.942162557423059210e-01,3.613387544706804233e-01,9.897796814710223545e-01,7.203014235771457718e-01,5.259233935149145722e-01,3.884515834908425225e-01,8.610201828817544145e-01,6.810625817393121118e-01,2.473229378913576748e-01,2.713124861239638586e-01,8.353009943166059825e-01,5.706276583031085758e-01,6.098915035750874791e-01,6.895582271765225979e-01,2.431239244490139007e-01,7.418158338084978043e-01,7.048731996819901369e-01,9.118351361598241445e-01,5.494356225916402492e-01,8.605444983035936968e-02,7.137024287918367627e-01
8.816669024668074561e-01,8.647425754844751955e-01,8.713108148896450134e-01,6.453900033359071253e-01,8.339014421544469480e-01,7.963744494551856512e-01,6.712932192164167144e-01,3.370470022747787953e-01,2.917071396704713493e-01,9.493960654361066620e-01,6.946690965556638897e-01,9.135170787614139698e-01,0.000000000000000000e+00,9.025288619151166092e-01,7.330582668586689277e-01,7.687279315717150396e-01,8.456362591722086375e-01,9.679645927046718334e-01,7.967856876902245089e-01,5.046023665809696856e-01,9.059190321891410491e-01,9.439900637068725509e-01,6.000752752482589880e-01,6.705455400319474402e-01,6.005707954137611271e-01,6.644363029692430533e-01,8.406084820426455995e-01,9.207294965030379252e-01,5.823377768088493500e-01,2.841113067770877354e-01,4.304059705050521378e-01,9.409830914154838633e-01,9.824841242411419540e-01,4.232779303194773579e-01,6.944266164687682430e-01,4.634134680715410459e-01,3.289403374219901366e-03,8.436778453659524724e-01,9.771148977705048644e-01,4.599754938605792320e-01,4.225243713114757438e-01,6.476817849829261675e-01,9.579590112297079463e-01,7.392721137006539323e-01,9.318634755123176294e-01,9.281807242045068129e-01,8.258448029154180636e-01,6.967962684626538561e-01,7.274371883251673498e-01,6.017304343944466227e-01,7.547638512316361403e-01,6.038716179622810598e-01,6.810873289045374923e-01,4.406669832175707374e-02,8.709355233341969926e-01,8.592302897407376738e-01,7.117205617366120229e-01,7.600628504554775011e-01,7.166201905221450952e-01,7.422681160556361402e-01,4.371214439090111981e-01,6.235646182945059346e-01,8.334937640621280508e-01,4.497182505060943192e-01,9.083970843750326374e-01,9.021760963374532150e-01,6.280467409931589362e-01,9.815103109274407878e-01,7.664392663000515471e-01,4.020666414852301918e-01,2.844430486438280226e-01,5.591652788401971774e-01,8.728777084983551093e-01,6.213162304486431475e-01,8.060663559633036712e-01,7.911810196312476506e-01,5.088934674397571634e-01,8.889927823041221533e-01,7.095391751064551444e-01,2.909453223612544770e-01,5.717625811175887085e-01,8.616213517707960179e-01,7.760680585528781927e-01,4.043077211731945786e-01,9.317607357254296119e-01
8.579845749994748916e-01,6.223638367371261415e-01,7.288427756086460763e-01,6.528617251441138913e-01,4.957733737936896312e-01,2.869220036926766193e-01,6.317150681449297256e-01,8.298189790608017091e-01,6.617415333020209012e-01,6.874897057211767359e-01,6.681790302272089255e-01,7.498448891697833130e-01,9.025288619151166092e-01,0.000000000000000000e+00,9.433983788284636685e-01,3.412048549526990326e-01,8.210277758731650000e-01,6.858025716592424104e-01,8.072170901368128648e-01,9.508842579880809609e-01,3.333528285158667837e-01,6.497959687719212507e-01,5.725953312290024133e-01,7.190402612830540940e-01,4.858302546142856393e-01,6.589012010792869578e-01,5.353489915959617207e-01,7.919895764656210702e-01,4.164793388907288008e-01,6.820382449218685972e-01,3.665366618538555832e-01,5.577029633469127168e-01,6.918801431277529224e-01,4.916415661975698237e-01,1.417885052467371676e-01,1.831641160213710526e-02,5.955220211872011005e-01,9.100820524778890919e-01,8.541769833865928696e-01,7.982908251675540079e-01,2.302372865283868267e-02,2.706262065629528313e-01,9.348663260134723041e-01,8.311184363012238396e-01,8.187720840775670750e-01,5.961217169457412313e-01,6.483052018039772157e-01,6.898183135069274607e-01,3.161107212334187122e-01,6.365948494969723148e-01,9.200379717824609394e-01,9.350288044324166492e-01,8.644880767452238768e-01,4.069220487145766563e-01,7.115559516531547724e-01,9.982418418459271248e-01,5.627795996107080034e-01,6.191667443219835976e-01,6.962168345912677081e-01,2.501669160241419901e-02,4.772957290137467279e-01,9.359004815077973660e-01,7.669196107966451681e-01,7.573164439918155244e-01,7.584026214418748690e-01,3.345073710088226626e-01,8.575493902578189553e-01,2.624656127500911706e-01,2.800523959516066363e-01,4.582993987932483804e-01,8.639584964519090304e-01,5.903721539992261569e-01,3.714178286684681751e-01,2.518395858776436014e-01,2.747237064731736234e-01,6.490983154695022517e-01,6.178115478028766150e-01,4.495351625914723592e-01,7.325737906865462667e-01,5.855440217348695242e-02,9.722615525460944763e-01,9.590071717074966084e-01,4.826831294348659651e-01,9.121096015295370174e-01,3.317006886113817998e-01
6.751989438855925396e-01,4.005046438686694077e-01,4.677164088960150679e-01,8.749766312732576434e-01,6.115304608657962104e-01,5.927391011440894530e-01,5.514189458337598326e-01,8.582780519219084248e-01,9.553300706873940618e-01,7.258239550115107575e-01,5.189890792392419794e-01,4.406147069458097310e-01,7.330582668586689277e-01,9.433983788284636685e-01,0.000000000000000000e+00,7.719521934275067609e-01,8.776085585755162288e-01,4.670515390846396997e-01,1.934868163846780176e-01,5.098940896333652439e-01,9.249680182612995960e-01,3.672847417240320267e-01,4.789519866446916851e-01,2.178411597053184212e-01,5.542985062782818106e-01,4.029909324510430046e-01,7.520537002516336500e-01,8.590999040518827456e-01,4.199723043510047438e-01,5.593456859233721934e-01,5.957552310743144952e-01,4.756224850789701475e-01,7.646466817518294823e-01,-1.844602186636031538e-01,7.306555014720529373e-01,7.095160151064392462e-01,7.709067634754157572e-01,5.274464481463645438e-01,4.110147303426392451e-01,5.090523649136514672e-01,5.438641267449264571e-01,6.559201523949313994e-01,8.858998500022896572e-01,8.218019660400199822e-01,9.392688360060336139e-01,9.282026081214250768e-01,6.279613523446606616e-01,9.609434773379722516e-01,1.787492976210229567e-01,7.064691117438808288e-01,5.899177972390640123e-01,4.684249567270931669e-01,8.568608316985406592e-01,5.198612215798994463e-01,6.426747964169883254e-01,3.646328836931187478e-01,3.017170708157687620e-01,6.815775750977797198e-01,7.036028604183176549e-01,5.464446735536423461e-01,7.013155326644906484e-01,6.527194105148247383e-01,9.771750262716472069e-01,8.412199108173306072e-01,8.576711344225943501e-01,7.711890230807163515e-01,3.105403473008520043e-01,9.810106511533285278e-01,-2.645729226211968044e-02,3.994067310066128362e-01,8.688633908087536328e-01,9.170979117680804205e-01,3.424689765850693624e-01,-3.449357939709823961e-02,3.119527745637476479e-01,4.999893329919685159e-01,6.719121401329193333e-01,6.725218453134635954e-01,4.612394441421932556e-01,2.384911188741782040e-01,5.255949167560816093e-01,9.054986294226810006e-01,9.387797939521074220e-01,8.462463789568115402e-01,7.517134213296771117e-01
6.359986048106729406e-01,5.755858673948871518e-01,9.828146522850121913e-01,7.589562230138442445e-01,1.368227183703123184e-01,9.003322892407895628e-01,7.917832227785611687e-01,6.982359803956890154e-01,5.111057410169443926e-01,1.195671551002958771e-01,4.480866960387891451e-01,6.767248654489158577e-01,7.687279315717150396e-01,3.412048549526990326e-01,7.719521934275067609e-01,0.000000000000000000e+00,9.383346921722016676e-01,6.832256671964005434e-01,8.484257974612193776e-01,6.247775636861759851e-01,8.308537163645707269e-01,7.636008270843092083e-01,9.092829121759998801e-01,9.918623833922991517e-01,3.334024216786610761e-01,6.735054208594764003e-01,9.411294801814508171e-01,7.264850737492338784e-01,4.918818914922283847e-01,2.003466543243907494e-01,1.265935451194362682e-01,4.052625768228735881e-01,5.690953754237055850e-01,9.268599603731897396e-01,5.062689282196907170e-01,3.796572738494967680e-01,-1.327460582870756967e-01,5.649789050860284378e-01,6.936550247086353815e-01,4.640584062899875684e-01,7.536567030241292375e-01,4.937859782936666608e-01,7.367274537341674812e-01,8.698923065797541376e-01,8.082788969774539201e-01,7.090367130405584861e-01,1.876637963955411492e-01,6.141424668250745622e-01,6.753793981100764121e-01,5.419054178448875492e-01,6.097298582439537595e-01,7.605587005589248273e-01,6.222248539764778652e-01,6.996348078537527604e-01,8.941545861921111893e-01,6.096741866138876143e-01,5.893020685301155748e-01,7.521991748154541746e-01,4.589127894693813547e-01,8.970050699280148754e-01,4.816410864242924861e-01,3.720624751375718742e-02,6.678496670813143243e-01,7.163992038483999458e-01,9.353938657226241737e-01,9.578343959996453716e-01,7.947810737568401507e-01,6.849857538389922951e-01,6.549214085617705017e-01,4.352525244346249211e-01,3.859585642282792328e-01,7.198891810744316722e-01,4.366943571665153900e-01,7.716039069964713004e-01,7.754942982927446327e-01,2.695746844614554383e-01,8.787325590707040224e-01,5.152211864076979841e-01,2.141216968937154075e-01,2.771080015964567100e-01,6.300962355686677840e-01,2.672907802877641514e-01,3.670154709909791979e-01,6.522439740829334420e-01,6.472978402469615755e-01
2.511843453266230930e-01,5.845618293683418898e-01,9.393664751273400615e-01,8.816631837933478488e-01,9.470910903874225628e-01,7.345003257647592099e-01,8.425436495072831100e-01,8.028157945550536967e-01,7.082147730987187195e-01,9.702230761220743682e-01,7.218266528700325591e-01,4.609210227130172144e-01,8.456362591722086375e-01,8.210277758731650000e-01,8.776085585755162288e-01,9.383346921722016676e-01,0.000000000000000000e+00,5.550675883768478869e-01,7.007881410324651172e-01,8.135644429879310691e-01,9.850280581882425723e-01,7.310899578794425313e-01,8.292440579031027381e-01,8.726889323522152297e-01,6.923422809753209117e-01,7.304196946537762081e-01,7.646245633074999493e-01,5.837623628072790005e-01,5.322962304597721461e-01,4.217763746832168259e-01,7.843878894737552621e-01,7.243192195721563920e-01,9.221672086274993463e-01,5.879967240050064659e-01,4.327519303443582710e-01,2.619593554203059060e-01,2.819827527067207962e-01,5.185371953923881838e-01,8.519684454227733905e-01,8.353825256067521909e-01,3.971588600138552527e-01,8.200738307149414430e-01,4.390234549861358193e-01,9.412539292261381529e-01,9.751305141572873536e-01,9.842482815361053294e-01,7.841451473965843633e-01,4.855542110516690157e-01,5.488847048409176699e-01,4.599986839663811056e-01,9.779732982236410965e-01,5.300546663579471796e-01,9.137034734321191065e-01,6.622116045878917445e-01,9.608983017308344587e-01,8.769906851648965329e-01,6.903700105815783195e-01,9.453126610189090950e-01,6.985469203443006592e-01,2.240213015100577798e-01,8.275449997625652365e-01,4.224122308417530558e-01,7.108005310783090946e-01,9.152197647856046281e-01,8.670814535973885295e-01,8.555039483530718636e-01,7.164339611040204669e-01,6.348200567466165678e-01,7.899112899663824905e-01,9.666559918347954472e-01,9.079603932406528077e-01,2.618897505439277129e-01,7.432762551852918342e-01,5.099000471528611911e-01,6.711466854084604527e-01,4.862778943740841964e-01,6.285842038595175207e-01,6.176180556715785697e-01,8.211172038245640251e-03,6.605399840519259325e-01,7.352167542889893603e-01,5.925893050169239729e-01,9.915796834276899840e-01,6.684867780544616611e-01,7.006429383397443367e-01
9.315944989554831857e-01,3.502031452323219884e-01,8.372225819908769573e-01,8.046284565943516709e-01,9.931611905026476173e-01,7.522734929952007432e-01,6.881151842464254820e-01,4.733087473632483499e-01,6.410877582794571872e-01,8.486056767168869142e-01,7.923408899678126005e-01,6.402976059803509035e-01,9.679645927046718334e-01,6.858025716592424104e-01,4.670515390846396997e-01,6.832256671964005434e-01,5.550675883768478869e-01,0.000000000000000000e+00,6.086888561195257230e-01,3.090716596713668496e-01,5.230955821991840615e-01,4.280163774765669005e-01,7.573657410279479585e-01,5.957641736620307160e-01,5.088617163491275797e-01,8.358324149237199574e-01,6.923322078593192597e-01,4.059824489930713987e-01,5.580009320361699610e-01,5.241399705052833813e-01,6.779371861908334296e-01,6.813430838400512668e-01,9.582172797922015040e-01,5.605621997586641703e-01,2.980416737749200240e-01,2.217547709035819770e-01,5.979774170649088116e-02,7.784543644786140471e-01,8.354425300468942828e-01,8.223794236512036449e-01,4.696230563185294082e-01,5.254998560919509343e-01,9.632081713055508088e-01,5.666058525980737226e-01,9.385217362678630604e-01,9.812659764231702608e-01,7.105537954961514968e-01,6.865723111239985244e-01,9.818466192237953472e-01,9.278332633526952256e-01,6.234652959444100251e-01,6.204926416911479281e-01,6.191036996062967424e-01,5.750132503947280593e-01,8.287574718820659436e-01,7.950652190295304234e-01,7.596986763299070633e-01,5.041883568516450920e-01,5.114622149566097065e-01,4.653217647736010987e-01,3.316839550498653644e-01,5.573665436920467453e-01,5.271455756430705186e-01,8.223886737038432759e-01,1.794491218731105731e-01,2.509301087447536882e-01,8.857962297696414522e-01,6.229225687641157805e-01,8.517104930243553085e-01,4.666170549929755662e-01,7.717608644010774954e-01,5.760467470329210249e-01,5.067234588736437839e-01,9.210875599877811348e-01,6.176955114341889375e-02,7.015272664232632405e-01,6.394434496989105376e-01,8.048567099513678214e-01,7.950735800120934949e-01,3.908034099429574804e-01,7.956197629569260465e-01,8.641719687322945154e-01,7.594515977186239164e-01,8.335869592447878729e-01,7.779717326628100560e-01
