0.000000000000000000e+00,8.190399323284255351e-01,9.466600974974350713e-01,4.421716678622248375e-01,7.525726474586101888e-01,7.906390853678917363e-01,4.017823696076057161e-01,7.238513223584130962e-01,6.985932535779229013e-01,9.081317943555878847e-01,7.976795129800333672e-01,3.050638755480785114e-01,5.917948392421349402e-01,6.561617303124606115e-01,7.829938663103086505e-01,2.126803145369697279e-01,8.939468903869011163e-01,9.076513193149242653e-01,6.215656975544132656e-01,9.961644688094226652e-01,6.826299267046994634e-01,9.735907907904766123e-01,9.031350174273117259e-01,8.874639853342629614e-01,6.709057294516693748e-01,9.223500586432331616e-01,7.302385525306946956e-01,9.019408252733152054e-01,5.324807712230472667e-01,4.612728088784103231e-01,5.613207566616751354e-02,6.930380687819424068e-01,7.545388474295906533e-01,4.613879703163641377e-01,6.272108142224691596e-01,4.495447131315277733e-01,2.378211145250848646e-01,6.393121941417154730e-01,9.552836186820489184e-01,5.279238493980540348e-01,5.847467228991954924e-01,8.448916861074545759e-01,6.372126143110549146e-01,7.009598543821038419e-01,8.171266435809513284e-01,7.203461884957601535e-01,8.259815071886121851e-01,8.020296091191877474e-01,6.811227986324319694e-01,8.485069097657168546e-01,5.535330266727748194e-01,7.331653558992622388e-01,5.037630017018163153e-01,5.271137270409113063e-01,9.082247531808601559e-01,9.021983611660900904e-01,9.771288575499448292e-01,8.434358801225753099e-01,7.122792810403862918e-01,7.978289649064436162e-01,3.547255097778666544e-01,8.005564356377352642e-01,8.865917450847882186e-01,8.086341822255681544e-01,7.801708608270940815e-01,6.915243712398879694e-01,3.806851904877670001e-01,9.064173291022447065e-01,8.969889325197086816e-01,4.146206740001096014e-01,9.638465590295476337e-01,9.070545082619686506e-01,6.296865908671006595e-01,6.125202423885824921e-01,8.841157524104962251e-01,7.260928364246884703e-01,4.339588107435562447e-01,3.071404957633417365e-01,3.425196460979558211e-01,6.322144693989780739e-01,4.925495386924780838e-01,9.722251226830196380e-01,8.692134393383675883e-01,7.859358924484963760e-01,9.826888413067594863e-01
8.190399323284255351e-01,0.000000000000000000e+00,6.123099327355034927e-01,2.282434119912896686e-01,7.090736878286257872e-01,3.815194649887250766e-01,8.441906677543034032e-01,9.462567128970752472e-01,6.289717491979696096e-01,2.174900071158172576e-01,9.654252027353993348e-01,9.282017605036083641e-01,6.105971608951510365e-01,6.312920337597580644e-01,4.059197171397628257e-01,5.524831470528749344e-01,9.159060605983103676e-01,7.890369957516141231e-01,9.438898643113844411e-01,6.439328471601919457e-01,9.843733524287695547e-01,7.567392880516112807e-01,6.879345299684143100e-01,6.936830309162730357e-01,6.110124134506226268e-01,6.251529816215589674e-01,9.143157602724357735e-01,7.680736263105586437e-01,3.818650079584277601e-01,6.257485331281288365e-01,7.144530404041297966e-02,4.833799568640342326e-01,9.206381547235189533e-01,5.738144909400813010e-01,2.046746661064602069e-01,6.267290416383181073e-01,2.998996124893553716e-01,7.772314924511444234e-01,5.633783967061885001e-01,7.270655772828218399e-01,4.599370360361083043e-01,9.935247957929965734e-02,9.887050460036139743e-01,8.437361216444759782e-01,4.988531458967698229e-01,5.290211861297514639e-01,7.012580659072211731e-01,7.020759457693358518e-01,6.703073472268163968e-01,6.512332612746520866e-01,5.005034050804354484e-01,8.641228767056211568e-01,9.421243368802343365e-01,5.793185065420276558e-01,7.246254500583802771e-02,7.551879690142215829e-01,8.124816155123723016e-01,8.775357885883827702e-01,9.306867137931975620e-01,1.398850286248730646e-01,6.829443757025022155e-01,2.704241380886997503e-01,9.726653967917213706e-01,9.191967591862472142e-01,6.698653370568911081e-01,9.014706980943520964e-01,7.487262645451440157e-01,7.297608647370285029e-01,9.820925227582057992e-01,8.239152617061832329e-01,4.420596073155416694e-01,9.179864694016117710e-01,7.317598481507014974e-01,4.843481719361369398e-01,3.932233381553845719e-01,6.782298296560475004e-01,8.707768715146525507e-01,3.215893358680263492e-01,4.107794113084586307e-01,2.804883553866771573e-01,5.220615300482653875e-01,9.507081192608810571e-01,4.935969255137488410e-01,2.003104565932257164e-01,8.041804069686402379e-01
9.466600974974350713e-01,6.123099327355034927e-01,0.000000000000000000e+00,9.130829984828633394e-01,6.960620897038896082e-01,7.206885581822359832e-01,8.566648842585065093e-01,6.988902370517041662e-01,8.728990108913080581e-01,7.234660214205341777e-01,6.789868758552333183e-01,8.288546246545969165e-01,3.563481753006562114e-01,6.868280844351148939e-01,4.760331301145575011e-01,7.622687331667166166e-01,8.979421826195548295e-01,7.137921960528093024e-01,9.908627187187701857e-01,8.703512005323948975e-01,7.735051290437908733e-01,9.536639881061185209e-01,2.121196221986507979e-01,2.899209762279726377e-01,9.503337344749417381e-01,7.000181027898821906e-01,9.393471563923282419e-01,9.300403857417558484e-01,4.774520744531937644e-01,6.662474145835942663e-01,4.671835590223689660e-01,8.741363921292860661e-01,6.633449413087609825e-01,9.420903139614738020e-01,8.033271476358673224e-01,7.378742857523451493e-01,3.058635559091203993e-01,8.288842232842938973e-01,8.121723999045304954e-01,6.852025046656547991e-01,3.895037063993518345e-01,9.841928845826627414e-01,4.566327336313799612e-01,9.216981240134837217e-01,8.601618180940948655e-01,8.472345615374228256e-01,9.896575358183035132e-01,8.945396886606408193e-01,8.209416061138733456e-01,9.160333305650537605e-01,8.879962010126463134e-01,6.674745438411181508e-01,8.103852805590463504e-01,8.179341515895277581e-01,9.760998115296595223e-01,2.520395676168544763e-01,8.913753952714548179e-01,9.142941986771648821e-01,6.969739370797475297e-01,4.362264152619962365e-01,2.744271970340173006e-01,5.086250984496539784e-01,6.309682450763849371e-01,2.568634501047197816e-01,8.228008176174406163e-01,7.728371287368442921e-01,8.964575014221759508e-01,9.690898427171622531e-01,5.425931452687765555e-01,8.210386658855272080e-01,9.213082406060438823e-01,9.854703943462265192e-01,4.494576910337707010e-01,3.878160512557008444e-01,7.928272210236898543e-01,8.296620954363916889e-01,4.819283772394097887e-01,9.847893716138973463e-01,7.098618373953281546e-01,5.192550526577145442e-01,9.699071837011760122e-01,9.150031290237164994e-01,9.198714296532131129e-01,6.912306482492144299e-01,4.232006114576344347e-01
4.421716678622248375e-01,2.282434119912896686e-01,9.130829984828633394e-01,0.000000000000000000e+00,2.400888408526449455e-02,5.963125054563611638e-01,2.765156792009649811e-01,5.483292514271946860e-01,4.297082275115326477e-01,1.945134942734986216e-01,7.163677329998154875e-01,6.098356713348672686e-01,9.079891832011547370e-01,8.919444546753352299e-01,6.784558141936596343e-01,8.157961260410044879e-01,7.877140865887215515e-01,5.404824853786156513e-01,8.700238357255354327e-01,8.221223392223664383e-01,9.216194375424069385e-01,9.450784501586311226e-01,3.642719308921763544e-01,7.706500698909564129e-01,8.085030937663721939e-01,9.370876813684212436e-01,8.109795497156992994e-01,3.438953949247726127e-01,7.549865815660851132e-01,4.475966056493597134e-01,7.300255984732315628e-01,6.321062713599542304e-01,9.116150958170589069e-01,2.142704880120337996e-01,6.512390621083457010e-01,4.528762774961480608e-01,2.169836148888936167e-01,8.078604104611066816e-01,9.671448366536741226e-01,4.259118185960290015e-01,5.553868606516726425e-01,7.462965113962675145e-01,6.661154179871490166e-01,9.445671600244127664e-01,3.539730355563365793e-01,6.608754047801823628e-01,9.216069032941721639e-01,6.354143064983699407e-01,2.568024810429044291e-01,6.520925866690939765e-01,6.703880639999757474e-01,8.912711280386150792e-01,8.401926751407396976e-01,3.529761049239367177e-01,8.308547588055029687e-01,3.444585627138594397e-01,2.087690871773834056e-01,7.336268925742391867e-01,3.603900612369282386e-01,7.704701151186952313e-01,9.723258306356737102e-02,4.222059135435846100e-01,8.475375907976070433e-01,6.183340794234309934e-01,9.076316448171857232e-01,5.610136915388512779e-01,7.310612592809953014e-01,7.391376143676179344e-01,1.715248053501753633e-01,9.148291112255927393e-01,7.362214386182783787e-01,9.848178494620851708e-01,1.943551202346493201e-01,-1.053697377062182000e-01,7.726844103684251674e-01,9.618525580389022389e-01,9.879283895790831327e-01,7.868554563903426002e-01,8.719952096457976864e-01,2.402264846711747448e-01,3.923556237466748753e-01,8.257431575543274782e-01,7.703356097358177168e-01,7.189461515430420890e-01,9.257930873876170086e-01
7.525726474586101888e-01,7.090736878286257872e-01,6.960620897038896082e-01,2.400888408526449455e-02,0.000000000000000000e+00,6.069189758971221815e-01,4.046407811379908459e-01,9.758132502573607647e-01,9.817131219968013855e-01,6.426770841855233840e-01,9.124508344378957636e-01,8.858412787220515394e-01,6.144101314769111477e-01,7.804515322236665886e-01,3.728718063506161196e-01,5.648580113866741303e-01,9.446260333850324820e-01,8.434205245657429018e-01,7.606677465503878244e-01,7.810085690775742107e-01,8.816505053492647015e-01,8.294579910249880728e-01,7.377219033121849012e-01,8.645298056028073441e-01,2.372724654684153500e-01,6.901242254806209120e-01,7.175623328790533551e-01,7.829427501640612297e-01,7.330025302365862361e-01,7.195099963341674565e-01,2.790959021378873750e-01,7.724313932290269857e-01,9.600925494808365546e-01,6.536470057480514573e-01,1.191835024288172840e-01,5.347780887759343571e-01,5.470792378967208602e-01,3.542987749253463381e-01,7.011872009503619108e-01,8.048734649826992937e-01,9.386667049620862624e-01,4.427991575348619313e-01,8.214861353660413146e-01,5.877252618963816344e-01,6.982035922198664979e-01,6.346898562623829454e-01,9.103438174761023793e-01,7.305463704364982824e-01,6.171765145502335903e-01,6.844797575244516707e-01,6.154334515550905493e-01,6.766219010016372160e-01,8.149846932317749149e-01,7.180369900751216727e-01,7.728136443722395388e-01,5.243214902606189165e-01,6.331742198549299427e-01,7.292067414813248050e-01,6.425118686433196613e-01,7.183835195220273917e-01,5.176102284435780687e-01,9.670655577220526045e-01,5.611550463999573912e-01,6.679776195504869563e-01,8.450276639020894986e-01,8.889726497844653297e-01,3.241074501704613864e-01,6.021626946685010306e-01,5.109630655937200672e-01,7.889441235436496225e-01,6.705228868719390611e-01,8.909837307644896676e-01,7.618127336448087261e-01,4.156735349106031596e-01,4.463627156889901637e-01,5.287004018257941418e-01,9.531451602231617581e-01,6.510388733410221729e-01,4.464218450621965095e-01,5.055630153846801811e-01,7.501127882884757181e-01,5.687683910516851959e-01,2.498398446646401261e-01,5.183301760489125165e-01,9.375715977690811664e-01
7.906390853678917363e-01,3.815194649887250766e-01,7.206885581822359832e-01,5.963125054563611638e-01,6.069189758971221815e-01,0.000000000000000000e+00,5.381771010529002863e-01,6.467757903658212237e-01,8.793206763844076956e-01,8.900791550200888302e-01,9.472587863192671875e-01,8.015953796675511223e-01,7.694707900428843228e-01,5.851747933725328643e-01,8.167571056442460842e-01,8.523779719777663244e-01,-1.451860902722477698e-01,4.511966523311346511e-01,7.830849507553128142e-01,7.097373423507841173e-01,8.887628258869202380e-01,9.685705901601969758e-01,9.854833990211957495e-01,6.943205536084814389e-01,3.459868023534953263e-01,8.361577905149605305e-01,8.041475447775711105e-01,7.145807573873563801e-01,-1.035217625998025581e-01,4.151153353070333729e-01,7.808335976657270194e-01,7.636812757810704788e-01,7.574119272468884390e-01,8.738321390757396445e-01,9.504708806246853214e-01,5.039568525598256965e-01,3.150989237904899820e-01,4.643728330879570709e-01,7.934042226285191735e-01,5.452340848100905024e-01,7.848746148310611348e-01,6.799750865056604088e-01,6.996547306645023445e-01,7.964457459342000334e-01,8.288636326940804766e-01,9.579652439684235299e-01,5.192452850731563707e-01,7.637045930461203724e-01,5.520057228059648269e-01,1.177071938728966177e-01,4.900489263912037319e-01,6.070163018562151347e-01,8.110316122643684844e-01,4.588171033519760078e-01,8.535059914026776884e-01,9.990176944440060103e-01,5.638397612650711821e-01,8.152164520572466877e-01,7.655484077593752712e-01,5.017074069890329335e-01,7.453401851539914746e-01,5.393593946383045123e-01,5.747979405301546496e-01,9.504671789179987007e-01,6.875521173547337606e-01,6.157530086662851287e-01,6.244280823283723247e-01,6.832243373763570160e-01,2.919233505799094797e-01,5.761289252371369907e-01,9.304267717100396240e-01,6.802130319508166156e-01,2.865793579494413379e-01,5.023479129225700834e-01,4.755876985436054971e-01,2.595956507162595073e-01,9.947802959001895706e-01,4.286032897447800138e-01,2.414219167199672111e-01,5.280174580584328092e-01,3.262386212100025773e-01,3.479321075208338110e-01,8.975431898902227479e-01,3.710790857305281687e-01,7.655717250564381127e-01
4.017823696076057161e-01,8.441906677543034032e-01,8.566648842585065093e-01,2.765156792009649811e-01,4.046407811379908459e-01,5.381771010529002863e-01,0.000000000000000000e+00,6.603737737702752852e-01,6.920826949107913295e-01,5.655805819043255855e-01,6.128991409909784194e-01,6.447492941142838330e-01,6.397860077826251768e-01,5.540124718685794925e-01,6.861503707481466652e-01,3.000677148569346198e-01,6.576493397829530352e-01,4.382566478864410864e-01,4.151104299820540522e-01,9.519615662408201784e-01,4.322519100634756861e-01,5.612207552493835294e-01,4.102588188911517331e-01,6.158276565320558449e-01,6.697531837240783270e-01,5.939037833226458174e-01,2.346048549538684025e-01,-1.038572166814679815e-01,4.032090102791417441e-01,5.580596411587649408e-01,5.616203506336083784e-01,4.699243648934239848e-02,5.848906367367960879e-01,8.846565492802167530e-01,4.202179843213396104e-01,4.832515019697327663e-01,-1.259472769982117324e-03,7.470734368370239853e-01,8.436925264984584949e-01,5.354907204184740088e-01,5.304689386944125840e-01,-1.727808335106104931e-01,6.539666568247578526e-01,7.322959836831337554e-01,5.028376951167088382e-01,7.247075086801120225e-01,3.139744979612031639e-02,2.417134904918836757e-01,7.612070931397950657e-01,6.571539603529873153e-02,5.597300191675073089e-01,4.519352773650747723e-01,5.662371456585472140e-01,3.229198267824616164e-01,9.160184875581182107e-01,6.369420106018718331e-01,5.621183586155464873e-01,4.611928096107826280e-01,8.662341190813048764e-01,5.363189171139165490e-01,7.296507353844543520e-01,5.062150240061564777e-01,3.836853750935604879e-01,8.666696391187574955e-01,8.271470346276008634e-01,5.655073214611652244e-01,6.267596510066374416e-01,5.468353903949140227e-01,7.255000264423249190e-01,9.455992248950129131e-01,3.131295009259212891e-01,3.150238959669705574e-01,5.497712496526281356e-01,7.816477830148458317e-01,9.393579297769092395e-01,7.112354833109539864e-01,5.276385245911452415e-01,7.192186571142547002e-01,7.601451140810877583e-01,5.260819690041301788e-01,4.255109055311404598e-01,9.147757192877220556e-01,4.379591604381431469e-01,7.030018258011385690e-01,7.910667047210666603e-01
7.238513223584130962e-01,9.462567128970752472e-01,6.988902370517041662e-01,5.483292514271946860e-01,9.758132502573607647e-01,6.467757903658212237e-01,6.603737737702752852e-01,0.000000000000000000e+00,8.913815428499060056e-01,7.452716757033835959e-01,6.765008795439091394e-01,5.547138013722259231e-01,6.785052828722758500e-01,8.734510031040177980e-01,1.674570936510793029e-01,2.823738161465665364e-01,8.424126941646110645e-01,6.959223117271605696e-01,6.963310484485866203e-01,6.646887823653038208e-01,9.877231028487312159e-01,1.361080077590778314e-01,1.126165700596239161e-01,8.048758857781854736e-01,8.118570776295632729e-01,3.890028321625453867e-01,8.018053450590696407e-01,9.209569127295469393e-01,6.144525709819567139e-01,-9.156873980998418705e-02,-1.916621946746535632e-01,9.578099869066970529e-01,2.654427225241329236e-01,4.435787363868899935e-01,8.779311586023976766e-01,2.960351670129304780e-01,2.750216743278408038e-01,7.635319990414434210e-01,5.077230558135328309e-01,7.297434992134637088e-01,9.524593146107251940e-01,5.044744810520584988e-01,8.629458851387650231e-01,7.222421307543602786e-01,8.847281985137105398e-01,7.090498336173230998e-01,7.919970990300131408e-01,7.070563831878272643e-01,5.680469931033291786e-01,6.156784387501186284e-01,7.553399863287815208e-01,7.409506154036527015e-01,7.915677004458054888e-01,8.458751285081795857e-01,8.414929494477261240e-01,8.637864381633947319e-01,7.397190422483772565e-01,6.335431240904089156e-01,6.854448540635454945e-01,2.504757252394209655e-01,5.356841640115257430e-01,7.629135070179513534e-01,8.938669561982227618e-01,8.106835048774878594e-01,6.981182453237473329e-01,7.190881244869884448e-01,7.745892108515262109e-01,8.910743578649862329e-01,8.886544992588573111e-01,8.581107682181392526e-01,4.468961869070232074e-01,7.676908343471833263e-01,5.465895154014805968e-01,5.395884299663341599e-01,7.688529094781326734e-01,9.823609163911319886e-01,8.817888498472377101e-01,7.795734155245505059e-01,4.791537657385739335e-01,2.340341701270826080e-01,6.186263612403318790e-01,9.580110702657260724e-01,9.727775959611413281e-01,7.756819514002839533e-01,7.879305011991850627e-01
6.985932535779229013e-01,6.289717491979696096e-01,8.728990108913080581e-01,4.297082275115326477e-01,9.817131219968013855e-01,8.793206763844076956e-01,6.920826949107913295e-01,8.913815428499060056e-01,0.000000000000000000e+00,6.574207067456468989e-01,4.079062925096184622e-01,5.698421116716640977e-01,8.223230773812736372e-01,2.205128989530173444e-01,6.670256426270781969e-01,6.502861500644636639e-01,9.357304846839782364e-01,7.166695893438306264e-01,6.164372723362415707e-01,7.795241086975364109e-01,6.571667140944553731e-01,4.870863012777514323e-01,6.158664455907544300e-01,6.211314713129268972e-01,4.826285494849024138e-01,7.025470478610744696e-01,7.095061075119989402e-01,4.906348131299231308e-01,7.682457736632304357e-01,4.636577071275748141e-01,6.106412312904531126e-01,2.928871307238008481e-01,6.823758809635218636e-01,6.826833400930314433e-01,3.037142016476878092e-01,5.875544135327914752e-01,5.945585969164695062e-01,7.248597164907386592e-01,5.137430903201005705e-01,2.081078211135392875e-01,2.511515327121880414e-01,8.471080980964691420e-01,7.218923957362101129e-01,9.078495159310270290e-01,5.344195206697233136e-01,9.852054084856293192e-01,2.677787277946067634e-01,4.001128513704715339e-01,7.779467685832840429e-01,4.952461344035491986e-01,8.583763654805334209e-01,6.643993781499863971e-01,8.984269984017257960e-01,4.186232883005956973e-01,7.077149477819520973e-01,6.938276837390127127e-01,9.145044628269800580e-01,5.159069123302849613e-01,3.857637238175057881e-01,4.140636043665318899e-01,4.805107058945720100e-01,9.102818967467526390e-01,6.894809906923441423e-01,7.214280794627574434e-01,8.804124410994683680e-01,8.684565751388476640e-01,6.058386688208960980e-01,9.498573644027037410e-01,6.242185091804667296e-01,6.040497440850494115e-01,8.447067506298571171e-01,6.173930847971029756e-01,1.152073480492710883e-01,1.107406312113376617e-01,8.599500752806639170e-01,4.111654162425624204e-01,9.674156776872278041e-01,9.565811707038121003e-01,4.701090890942433154e-01,2.584583806864185762e-01,5.301833159691804465e-01,9.237036143047099301e-01,6.784580120468829412e-01,7.088525678334014479e-01,7.766393634943965507e-01
9.081317943555878847e-01,2.174900071158172576e-01,7.234660214205341777e-01,1.945134942734986216e-01,6.426770841855233840e-01,8.900791550200888302e-01,5.655805819043255855e-01,7.452716757033835959e-01,6.574207067456468989e-01,0.000000000000000000e+00,8.325950658702303553e-01,4.207710259620549009e-01,5.313830464786224450e-01,4.070371405284886057e-01,7.152431486929693438e-01,4.168218674694683101e-01,8.784269894840888160e-01,7.473726024915333666e-01,7.494104011089394168e-01,7.506073484307559385e-01,8.206118532779312913e-01,7.745360353395922548e-01,9.412105285605496530e-01,7.047392965895720174e-01,7.968046915505894168e-01,5.303367235126319468e-01,8.882824619549126721e-01,7.055154000993535401e-01,6.643598032576987222e-01,4.288542417420748709e-01,5.245800221321000878e-01,7.132681156803004352e-02,4.138355691795354008e-01,5.056567144571004757e-01,4.859448405803042381e-01,8.596368642863054799e-01,7.455482219589828485e-01,6.986506838956675347e-01,9.015824240917981180e-01,8.131272778053637573e-01,5.758432332049826519e-01,7.345249134941574942e-01,7.694994087052091647e-01,6.578786259383218038e-01,9.013714412048390301e-01,4.132920964879410741e-01,8.491160724292278195e-01,9.428002573676507181e-01,7.570127859743607246e-01,7.852307397055482419e-01,6.121920298357500512e-01,8.755735861528101127e-01,6.933498272574520893e-01,1.238098069944432167e-01,2.250223828693816153e-02,4.501784945945360161e-01,4.964962275920282164e-01,5.155842199985986030e-01,7.686536188160525418e-01,7.636025583922999571e-01,5.572318332428891768e-02,4.010224142831975147e-01,9.908847837014166382e-01,9.587018199106179805e-01,6.952130965005369756e-01,8.587826442402499705e-01,7.261451825061661092e-01,6.936399082183563047e-01,5.246294654384708878e-01,7.032471801721745797e-01,8.281601664149311759e-01,3.320435990303153284e-01,4.861476405989291205e-01,6.672362766877172335e-01,7.013817076088523228e-01,4.454751332893642224e-01,7.447628781928357089e-01,2.153802704564710124e-01,4.974415085158881422e-01,2.921078436715888182e-01,5.353491894767204995e-01,9.932337639929463835e-01,6.097075535698041060e-01,2.300425733709276499e-01,8.213640202396313983e-01
7.976795129800333672e-01,9.654252027353993348e-01,6.789868758552333183e-01,7.163677329998154875e-01,9.124508344378957636e-01,9.472587863192671875e-01,6.128991409909784194e-01,6.765008795439091394e-01,4.079062925096184622e-01,8.325950658702303553e-01,0.000000000000000000e+00,6.267302026660537262e-01,7.389410570176757620e-01,8.761498392564139870e-01,3.721087523220030224e-01,5.899063162932000060e-01,9.090857808103092186e-01,5.038501094050693574e-01,7.099388122260945622e-01,7.782810324389169976e-01,3.922941861277561282e-01,6.139327755003269882e-01,9.188771759488837398e-01,8.244724124328266512e-01,2.186560301934878381e-01,8.951977242647914945e-01,6.841431720720211329e-01,7.674497191911066052e-01,5.126779095812525888e-01,2.597137760468392065e-01,5.711266367529373167e-02,8.204331362256986893e-01,8.701945335429439599e-01,9.393297372702271719e-01,1.307501390515428824e-02,9.821637748355345476e-02,2.918673186201018455e-01,3.877268361358993110e-01,9.217159558201770686e-01,8.746933752255754424e-01,4.724675001885548231e-01,7.683767884449921315e-01,8.842915277828123921e-01,4.083353110093331795e-01,9.351194680151660998e-01,6.011040852528973799e-01,5.098700195871020968e-01,6.199640055071561351e-01,9.984600176904929736e-01,5.728712171984100543e-01,6.962033606301583077e-01,4.455288936817436984e-01,9.374768125503178950e-01,7.398961536636879943e-01,9.059194496108738948e-01,-2.765240508390870433e-02,4.907439972849481080e-01,2.764273162193553457e-01,6.309321258612861083e-01,4.865365617120169794e-01,8.458504892564492339e-01,6.537507509904640912e-01,6.091351769066588595e-01,6.574585685518984368e-01,3.332443967640176807e-01,7.305916050675492768e-01,7.638339256331315441e-02,6.988776879692965016e-01,7.454113522935709168e-01,6.842504773539601626e-01,8.475193023347455945e-01,-7.162264956047686981e-03,4.973336254270155354e-01,5.129308945288683086e-01,1.383196511181570554e-01,8.298227171807787128e-01,8.848350401452699243e-01,1.076483177023484505e-01,4.850749709493565320e-02,2.796099789178385642e-01,4.523728210650233561e-01,6.201591626378746280e-01,6.801357681874173888e-01,2.299904598821856383e-01,7.150231551015802378e-02
3.050638755480785114e-01,9.282017605036083641e-01,8.288546246545969165e-01,6.098356713348672686e-01,8.858412787220515394e-01,8.015953796675511223e-01,6.447492941142838330e-01,5.547138013722259231e-01,5.698421116716640977e-01,4.207710259620549009e-01,6.267302026660537262e-01,0.000000000000000000e+00,6.205986666618299452e-01,9.940852872449801314e-01,9.307196378370290457e-01,5.159487684134442809e-01,9.283740886376191659e-01,6.791389604197755059e-01,9.658451448090517033e-01,6.013238161378694491e-01,8.085600750280002025e-01,7.812235575896913087e-01,4.990766147342294845e-01,6.735095182921126966e-01,7.112295161872247418e-01,6.292613644736945178e-01,4.779295705010898065e-01,8.131519753154329289e-01,5.042490675319276638e-01,1.344610808123488932e-01,7.707938948727905970e-01,4.838110810314585342e-01,7.150614328638482675e-01,1.038966152110395447e-01,8.681448831889864159e-01,7.826701958678964344e-01,4.530048624070985852e-01,5.176188673555710551e-01,5.013211015346716870e-01,7.867052280482172977e-01,4.066595731346305809e-01,6.200342622091082889e-01,9.076100061997518509e-01,8.913821988194849943e-01,6.785973452150724228e-01,5.451716987408615767e-01,2.806138607422497058e-02,5.948032714678395116e-01,6.722274946088164782e-01,5.372693336803341380e-01,1.468513439070791293e-01,9.844661872664792757e-01,8.430740944077508292e-01,5.368104076697387539e-01,8.820916532875000549e-01,8.188142333691441621e-01,8.063623955424323864e-01,7.863093558845734021e-01,9.549859241464911941e-01,5.871328843973108169e-01,6.779749942152443198e-01,4.119686623498513556e-01,9.747876825073250595e-01,6.146469218687806713e-01,8.802295276588633088e-01,4.655641246501470709e-01,5.448803683807811327e-01,7.201238028667847901e-01,4.969993225728248087e-01,7.833438051852503747e-01,9.141373363911013961e-01,9.623561803789244529e-01,7.866622424825442383e-01,7.931909721941401425e-01,4.564119760740587006e-01,9.248359043912401933e-01,7.265080419673650702e-01,6.504352276721300230e-01,2.396058350257522229e-01,2.040540783865415764e-01,8.262219820877053644e-01,9.413684512140154670e-01,2.931879981514580180e-01,6.451507926289462569e-01,2.117838885250447889e-01
5.917948392421349402e-01,6.105971608951510365e-01,3.563481753006562114e-01,9.079891832011547370e-01,6.144101314769111477e-01,7.694707900428843228e-01,6.397860077826251768e-01,6.785052828722758500e-01,8.223230773812736372e-01,5.313830464786224450e-01,7.389410570176757620e-01,6.205986666618299452e-01,0.000000000000000000e+00,9.911671177879659567e-01,9.434076045370946018e-01,2.126241195039604501e-02,8.653472043665457747e-01,7.536475808660284548e-01,7.962071887271542359e-01,4.889855785395288423e-01,5.093332989203817052e-01,8.035310414807316226e-01,3.409395162293783477e-01,8.896576223382964832e-01,9.388991895320706327e-01,8.438998825321125663e-01,8.174590426709806845e-01,6.348772710443817413e-01,7.874619580968408306e-01,7.184527903284543271e-01,9.863858809133420058e-01,5.099648857565891591e-01,8.073299002399976221e-01,4.424310239782390242e-01,7.149932246584723705e-01,2.547923377936494038e-01,4.826595138642743033e-01,5.539360112331735975e-01,9.940759137608772278e-01,6.043424297981037085e-01,2.275942517315661662e-01,6.287257106630550485e-01,8.876185537379736035e-01,6.659598408446875117e-01,9.116992474059012475e-01,9.469655861231932592e-01,3.393646531373069597e-01,6.861599555915320892e-01,9.905288331695757398e-01,8.439531480689057563e-01,9.190347061665319339e-01,9.595124820805609467e-01,8.050751449066716470e-01,3.681888425437706003e-01,9.462373851390986079e-01,5.593289434069514954e-01,9.309949646464650286e-01,9.768331528500248107e-01,1.679085870425276600e-02,7.604643759987856910e-01,4.597330387721197953e-01,4.307351204906212372e-01,5.711485901897657147e-01,9.316315477143655155e-01,9.485383548405857956e-01,7.906791649911510955e-01,7.635515841672955162e-01,9.965691483126010164e-01,4.294682197801604762e-01,9.774825510933692341e-01,8.470322123805781311e-01,7.024533288346485049e-01,2.453256426614110475e-01,2.694329065894169872e-01,6.165735101721625533e-01,6.554577951066055119e-01,8.959018125174276204e-01,9.030368001322022220e-01,5.591573663077127332e-01,5.863842552468898628e-01,-1.268914367895951911e-01,9.547178959887566707e-01,7.068816401797612947e-01,5.475985048274594202e-01,4.829215522878439470e-01
6.561617303124606115e-01,6.312920337597580644e-01,6.868280844351148939e-01,8.919444546753352299e-01,7.804515322236665886e-01,5.851747933725328643e-01,5.540124718685794925e-01,8.734510031040177980e-01,2.205128989530173444e-01,4.070371405284886057e-01,8.761498392564139870e-01,9.940852872449801314e-01,9.911671177879659567e-01,0.000000000000000000e+00,7.672409639744446341e-01,7.137962316993484713e-03,8.900374170721279121e-01,6.101625539379300633e-01,8.812350950433583963e-01,6.231285351412534368e-01,8.809410928721785883e-01,4.144221170903619744e-01,9.783670076004303828e-01,7.539472894312990725e-01,4.946953468151119582e-01,1.065715093562250027e-01,7.782498418208803059e-01,8.452251150762282172e-01,7.811818830940379099e-01,3.016922163352609987e-01,4.745478729834303744e-01,7.486032880405102397e-01,9.194423275142864505e-01,9.592429166247092853e-01,3.800050374128161046e-01,2.434421649230712748e-01,3.777230118669432368e-01,6.190165612855520472e-01,3.499226973979676081e-01,8.309703362970236595e-01,4.170388496123701438e-01,9.265932073062346230e-01,7.467171895634072687e-01,6.041484363680936776e-01,9.106767930084849194e-01,4.116960477384917771e-01,8.256198478514187311e-01,9.186786950581841138e-01,9.238087099313256889e-01,7.449958488513594990e-01,9.366631667593887656e-01,7.962875879280582048e-01,9.271449773335046496e-01,7.271988868546338525e-01,6.562072732919820295e-01,7.155555849634401833e-01,1.859269439575287897e-01,6.347829048431524734e-01,7.137346116875217250e-01,4.879731292513250773e-01,7.837339712321713669e-01,4.795399750171035480e-01,6.626582700213634602e-01,9.019376233931325482e-01,6.938187159636012291e-01,5.385959587391404568e-01,3.559100442428362460e-02,8.804254942604625711e-01,5.423737408455086006e-01,6.695270124712521254e-01,7.440889736616755901e-01,6.504559308466357770e-01,5.644245856784958493e-01,4.633702085084651645e-01,9.536261069614989649e-01,9.893407306387969058e-01,9.759684667620267540e-01,5.305829702882852716e-01,6.220163244380753076e-01,3.801095939262969514e-01,5.700770122562557329e-01,6.253632358322287477e-01,7.211921657604299929e-01,5.763834280833032286e-01,8.439782989325188556e-01
7.829938663103086505e-01,4.059197171397628257e-01,4.760331301145575011e-01,6.784558141936596343e-01,3.728718063506161196e-01,8.167571056442460842e-01,6.861503707481466652e-01,1.674570936510793029e-01,6.670256426270781969e-01,7.152431486929693438e-01,3.721087523220030224e-01,9.307196378370290457e-01,9.434076045370946018e-01,7.672409639744446341e-01,0.000000000000000000e+00,4.332123509016704843e-01,7.399106994018852523e-01,2.490476654183000627e-01,6.385482310846988252e-01,9.390399892569543105e-01,8.135145205758017584e-01,6.903443807099355345e-01,3.799024276711545633e-01,8.136435973915598918e-01,5.347952261746238278e-01,6.694200326989601102e-01,7.499577488381028445e-01,7.833237350379318453e-01,5.706554590605366073e-01,3.350073958070293179e-01,4.781423967826889943e-01,5.908597453167878655e-01,1.078297036190151437e-01,6.290682650457024572e-02,7.140913427976114392e-01,2.006399644153293027e-01,2.516597448953586946e-01,4.779533062176070657e-01,9.510754669234370295e-01,5.578049874912331951e-01,4.804259517005349256e-01,4.174376617695598757e-01,9.084075587221498438e-01,7.482945691210549644e-01,8.165013277550563497e-01,1.706199280518343533e-02,6.348749731778503547e-01,2.362882243881495037e-01,7.874672658505005307e-01,4.226202853580759977e-01,6.084852195760467319e-01,7.269733096096128167e-01,7.857472266459271104e-01,9.003160691586753472e-01,9.803386746866262769e-01,8.802496755061045564e-01,6.496062673507547736e-01,6.124622521216512849e-01,9.215056215063940348e-01,7.936777224378497309e-01,6.705551588127482976e-01,6.042033108368481953e-01,4.039852131233735988e-01,3.117867782760279649e-01,6.693588307456745934e-01,5.489355755745273235e-01,9.565018821887505407e-01,9.046583025472200168e-01,6.686915228255321253e-01,5.653005810709009760e-01,7.846398718262150851e-01,9.028440721795816248e-01,4.110106895984375619e-01,4.064641688775873507e-01,5.276705377382416851e-01,7.086401984918260233e-01,9.473317378651430198e-01,9.530076454723960255e-01,2.730075722914256098e-02,2.390509718028084873e-01,4.775513567810302229e-01,9.833216829068264220e-01,7.226301985058054544e-01,3.781086939511646428e-01,7.818986938008566367e-01
2.126803145369697279e-01,5.524831470528749344e-01,7.622687331667166166e-01,8.157961260410044879e-01,5.648580113866741303e-01,8.523779719777663244e-01,3.000677148569346198e-01,2.823738161465665364e-01,6.502861500644636639e-01,4.168218674694683101e-01,5.899063162932000060e-01,5.159487684134442809e-01,2.126241195039604501e-02,7.137962316993484713e-03,4.332123509016704843e-01,0.000000000000000000e+00,7.903081001685594575e-01,9.883482825281109801e-03,6.188966372750779321e-01,9.149484383581308888e-01,5.923328500349395176e-01,7.374808643062360503e-01,7.562564883994300491e-01,9.273135719516238940e-01,5.183916614936535661e-01,7.275851929510355198e-01,6.241639620205395866e-01,7.055523826457826830e-01,6.574704361768052285e-01,6.165418670670462786e-01,6.617561334205210866e-01,6.996616764435390490e-01,6.535029051309363402e-01,9.792555625068544156e-02,8.662777367246876636e-01,3.848690609195117851e-01,5.146431484405049606e-01,8.176710681532297631e-01,7.892596178021974440e-01,7.821853062621204611e-01,5.404487751520492544e-01,2.871835972771726309e-01,8.327558798517213923e-01,8.884927077330226908e-01,9.982681928541445870e-01,5.596235602675529996e-01,5.593867811321797667e-01,5.246440821669580146e-01,5.154815470293389046e-01,9.820916600341501601e-01,8.535649519164826282e-01,7.536657538150254299e-01,6.992595490104989153e-01,7.432334312314203828e-01,9.703620895024049897e-01,7.609831180635269199e-01,5.210329182639735768e-01,2.435885849707786766e-01,3.078774605271791254e-01,6.152563884672684891e-01,4.030593519745730435e-01,6.322631135032273919e-01,7.984092656151264844e-01,7.096970003006480843e-01,9.695983287911046355e-01,6.110180119923890318e-01,6.080677317826206352e-01,6.816087602957985325e-01,4.146990423722884955e-01,4.412906967479314768e-01,9.209522191473811237e-01,6.710250138163225131e-01,4.103781102445565598e-01,3.564600537136602409e-01,7.742884459290284571e-01,6.329415971083758308e-01,9.981306883878608982e-01,3.343338683393952682e-01,4.213948367931778516e-01,1.754222634884570198e-01,7.563039355486658177e-01,5.960245863267620292e-01,7.574629417063603043e-01,3.875972576347356258e-01,2.043499571441862728e-01
8.939468903869011163e-01,9.159060605983103676e-01,8.979421826195548295e-01,7.877140865887215515e-01,9.446260333850324820e-01,-1.451860902722477698e-01,6.576493397829530352e-01,8.424126941646110645e-01,9.357304846839782364e-01,8.784269894840888160e-01,9.090857808103092186e-01,9.283740886376191659e-01,8.653472043665457747e-01,8.900374170721279121e-01,7.399106994018852523e-01,7.903081001685594575e-01,0.000000000000000000e+00,9.065784774131685486e-01,8.089025894295527319e-01,6.759467666972618360e-01,8.539781823035896835e-01,7.996978324573373875e-01,8.781392157668961307e-01,8.660693194414390561e-01,9.847897453511319510e-01,5.050466994991651415e-01,9.564273434384381600e-01,9.354516387586373494e-01,4.553136329897493062e-01,6.327975427418447429e-01,1.236962650127860219e-01,5.123639356558580271e-01,8.897883390429979222e-01,8.465775439339149333e-01,9.725926962245134977e-01,4.357798838187985635e-01,5.244692947644442604e-01,6.918740413929670430e-01,7.740662511994624850e-01,7.598928344272604107e-01,8.768167901470785841e-02,5.089018599837070722e-01,9.986928775754796428e-01,9.161472911182908518e-01,6.266468438914684080e-01,6.523082378855400432e-01,9.361703794283120494e-01,6.539400876915648642e-01,9.027178199258190094e-01,7.427034382779778010e-01,2.645972888673837620e-01,8.817302844315032528e-01,8.076852740134032871e-01,9.228191936939690310e-01,9.002644094229721450e-01,9.037248348514900220e-01,8.221105427274900679e-01,8.156437405018818199e-01,2.321014516561118457e-01,6.633752462357431767e-01,6.249064371778949994e-02,6.861002445671519068e-01,6.544638632558292812e-01,8.398777705367327373e-01,7.979160307416769404e-01,5.838175425911842353e-01,8.645999832113214767e-01,9.126891762326954094e-01,7.146658291300816979e-01,9.592068065397154619e-01,7.210993363672051348e-01,8.546237692464273561e-01,9.426696935241053454e-01,4.106815560073015514e-01,9.075334976858002722e-01,5.847745912906354704e-01,8.227550855969589794e-01,7.545933173527630267e-01,3.775550546842111332e-01,6.314340334719865666e-01,7.917222677682229648e-01,6.218722585291682758e-01,8.470504418946325220e-01,5.617467515643161935e-01,5.351045219961897415e-01
9.076513193149242653e-01,7.890369957516141231e-01,7.137921960528093024e-01,5.404824853786156513e-01,8.434205245657429018e-01,4.511966523311346511e-01,4.382566478864410864e-01,6.959223117271605696e-01,7.166695893438306264e-01,7.473726024915333666e-01,5.038501094050693574e-01,6.791389604197755059e-01,7.536475808660284548e-01,6.101625539379300633e-01,2.490476654183000627e-01,9.883482825281109801e-03,9.065784774131685486e-01,0.000000000000000000e+00,1.950933978466014018e-01,9.195343478703222884e-01,9.662249444871006121e-01,5.229844457056590512e-01,9.118715940312007717e-01,6.246635979992476440e-01,6.072845111115277028e-01,9.620877075486627961e-01,6.630809460532711697e-01,7.800358869288759323e-01,2.100612708201650691e-01,4.771294977582156149e-01,7.471584696195474606e-01,3.989056993535952111e-01,7.839745541605886991e-01,7.456317163629577749e-01,6.173584267787383117e-01,3.459443450467382108e-01,1.237516789999187072e-01,2.164003657766789268e-01,9.070875882094923126e-01,8.354209318574160603e-01,9.947890284373835101e-02,7.058297520668341818e-01,9.053305029209698374e-01,4.005510131567502907e-01,7.631094626356191846e-01,4.079734085722357961e-01,4.648040111724375811e-01,9.764018861044567732e-01,8.395211902014589889e-01,5.796556353908814962e-01,6.729087098397090738e-01,7.768114019430740758e-01,-1.014495491823266399e-01,4.446375614567886214e-01,9.863651358637328670e-01,6.983644974563552044e-01,6.762481432941400694e-01,6.540085340338298581e-01,6.567944806462773233e-01,4.512057258117209702e-01,2.760135006457586360e-01,6.107982586552156423e-01,7.722697517011428703e-01,7.839616331597207832e-01,9.284718501935576018e-01,7.305861397093159626e-01,8.686019501031259082e-01,7.925131854666289666e-01,3.082616692594845609e-01,5.412268890760487672e-01,8.803203007999184093e-01,9.670412169320065088e-01,5.882066372021157452e-01,7.075991919433424204e-01,6.131686877865015761e-01,3.064365744359794919e-01,5.268222050015769486e-01,9.140552161083660421e-01,2.703577901205164169e-01,2.329122940807392406e-01,4.020428604935150640e-01,3.567848017009115358e-01,6.919508169553623134e-01,4.167098020794839375e-01,4.432231314068606487e-01
