0.000000000000000000e+00,6.570241996556932529e-01,8.294841671569724850e-01,4.107666147900212450e-01,3.700172980813095647e-01,9.682644842184618961e-01,9.235778573449745510e-01,8.619874227390103005e-01,8.958947366352698616e-01,9.067181154472317983e-01,7.126022648595909947e-01,6.740577992355082371e-01,8.179909109166970671e-01,3.711782193768266014e-01,9.675932101251573103e-01,7.064783018704268169e-01,6.310549350782402866e-01,6.093260974046871281e-01,8.051561276947785117e-01,8.974301277418995637e-01,9.866368829155846010e-01,8.998984540163557089e-01,5.239274672032594449e-01,8.030999269673372298e-01,5.888891211715078233e-01,6.021843186773478962e-01,8.944204375738707968e-01,7.440604737365538179e-01,5.234361709918107231e-01,1.081057034656730809e-01,2.809248471684480664e-01,9.950734124607086839e-01,7.837342128600471858e-01,6.076283087258974591e-01,8.167771359230215911e-01,4.593711714608502139e-01,3.106262786887319383e-01,8.787557251487384535e-01,6.310928631032773906e-01,6.143578767874926516e-01,2.737903665531635222e-01,6.418525773315293392e-01,7.633069272582967413e-01,6.047710151632583742e-01,8.063924219577881525e-01,7.046931346558649167e-01,8.355236519466349154e-01,2.465245070393602689e-02,9.363566867304609076e-01,6.494079870088822481e-01,8.601889303145396903e-01,9.084326869129835114e-01,6.406945212949515245e-01,2.423044573035144089e-01,2.025672568325214695e-01,7.721571277133968403e-01,8.549851222975569653e-01,8.569787379975937203e-01,9.290368324152816770e-01,7.086780461242174756e-01,3.749816261604886902e-01,8.373186446211193790e-01,6.838156219035321781e-01,6.358058944402863455e-01,9.523275246485222167e-01,9.792696576159731769e-01,5.754002418899736293e-01,8.895743047283494187e-01,8.853256599769899760e-01,9.168202528582242161e-01,9.292011465065814768e-01,6.994875879141022879e-02,3.858098954070648956e-01,7.692097075569068743e-01,7.313398081814568297e-01,6.478588008383190378e-01,8.005904302831040598e-01,5.956934080854574542e-01,-2.829104523500794444e-02,6.361892206773722691e-01,6.270109201719833436e-01,4.372868848688173382e-01,6.213472551364138674e-01,4.274863857371453135e-01,8.309387788346396242e-01
6.570241996556932529e-01,0.000000000000000000e+00,8.304680099905571433e-01,8.150248767079945056e-01,4.930665729279274934e-01,1.304734330318338409e-01,4.586544731710641698e-01,7.612382220867580651e-01,4.504398024736210870e-01,6.581632764983513795e-01,3.994170400178098657e-02,7.223364229373290257e-01,6.105767418079388609e-01,4.268254762326245122e-01,7.427238431087853643e-01,4.433871270893418592e-01,9.073817240174119059e-01,5.556937108822127547e-01,7.495234741515364174e-01,1.045005855775994336e-01,7.729468476054133230e-01,7.220682999933770718e-01,7.519664610721108478e-01,9.603400907989014801e-01,9.124160427210918911e-01,6.228534456429429822e-01,5.501236535558234886e-01,8.620089816892797518e-01,3.309810328834904558e-01,7.881394634140259647e-02,1.714633654607103930e-01,2.946887970297847326e-01,5.016020476763921598e-01,4.487855318858933740e-01,7.504940189622170132e-01,5.143145112143676645e-01,5.354759747881295828e-01,6.259836794492044110e-01,5.385045918917268359e-01,5.013590340038365234e-01,5.936608551304229930e-01,8.285125731840876639e-01,8.406972392578013764e-01,6.812736730206837565e-01,5.206206678818146028e-01,9.759153397025644994e-01,4.397770464999036788e-01,9.266197199730789036e-01,5.362519696467706876e-01,8.011693224638628541e-01,7.520417716224032656e-01,6.953414481639687006e-01,9.584266928123945650e-01,6.222486525539607793e-01,9.247996304942254220e-01,6.420678265538987128e-01,6.908503648633989025e-01,9.637912963567902835e-01,9.759394143086692619e-01,7.235329595940163117e-01,4.031859494618431072e-01,1.395007597536220278e-01,6.776919262706191383e-01,5.836873948066705342e-01,8.015913171519578606e-01,9.825923649630708967e-01,2.282209059876199597e-01,9.456351926307667854e-01,7.427670882027124222e-01,8.442349400405478876e-01,6.509027723701751311e-01,2.446553613551082362e-01,4.876683573116019077e-01,5.929466139381940337e-01,5.872056955466263828e-01,9.302474067226269572e-01,9.380311852781179072e-01,9.113714082528092675e-01,9.801523093421896093e-02,2.676799348605194417e-01,5.828107762419519888e-01,1.669424678465400991e-01,5.104319069887052196e-01,5.562957107801135281e-01,6.585800735343774193e-01
8.294841671569724850e-01,8.304680099905571433e-01,0.000000000000000000e+00,7.201094764929484304e-01,9.762183672053635908e-01,8.557634543914740544e-01,6.919511773053420578e-01,8.281257604759305613e-01,9.163358980806798337e-01,8.922846956524944639e-01,8.091388377891584049e-01,6.936734144638390109e-01,9.538494213547132894e-01,6.279325755462843439e-01,8.356257470059980097e-01,7.416543000499529192e-01,-1.131258819097526042e-01,9.482553125839215946e-01,7.124201429320066170e-01,9.811909413972278449e-01,9.507301316925715895e-01,8.514634238087555040e-01,8.621338268859440879e-01,7.146188412990415184e-01,4.207046828480768275e-01,8.730622263965078789e-01,8.296591044161740758e-01,6.302761030290096045e-01,6.839034010384046347e-01,4.639715995920202229e-01,2.684954476750504582e-01,6.071266102399744957e-01,6.556490174861631104e-01,8.059933558943592757e-01,9.475700365218566734e-01,6.355692412557749638e-01,5.465881442673717894e-01,9.465779908833285017e-01,2.827841992672981974e-01,1.557331551158066540e-01,5.009331308541484784e-01,6.788956400726497975e-01,7.089530924810978352e-01,6.899749297519346403e-01,9.657159321414846564e-01,7.035344570282963117e-01,9.135358052441657772e-01,4.419568999725038139e-01,9.868092145717287655e-01,5.018043629648761828e-01,6.331762554354342099e-01,9.300278714386822632e-01,5.146594578040691870e-01,9.820666216972340212e-01,9.397653109782690972e-01,8.386254504229776474e-01,9.116081578974911670e-01,8.705834671052692375e-01,6.616322273700210310e-01,5.771056986719411697e-01,4.976905884442530126e-01,8.022818394593478342e-01,9.291676536152901900e-01,5.085328127643903295e-01,7.919003965446508309e-01,8.470789244192405976e-01,8.908094585499940488e-01,8.723569750868024331e-01,9.061482819509788511e-01,7.203938673462223496e-01,6.905552658708845604e-01,9.043932014446324219e-01,3.077029938995740066e-01,2.294797653577848318e-01,6.770897658697501154e-01,5.697268289734631619e-01,8.775428188530437490e-01,7.578939827805633023e-01,6.506902688207203411e-01,3.590533696033538225e-01,7.021257050792090171e-01,9.957054531340102654e-01,9.063209863207897232e-01,4.268646567654114099e-01,7.770735290655599314e-01
4.107666147900212450e-01,8.150248767079945056e-01,7.201094764929484304e-01,0.000000000000000000e+00,8.345012688680544244e-01,6.904998966346861389e-01,4.937032816017942749e-01,8.062743588123977290e-03,9.155479360234678454e-01,6.113986032974083606e-01,5.404952766122644858e-01,8.524862303416845810e-01,6.363277507804859789e-01,7.896041878358179833e-01,9.902732446576607561e-01,9.384587889162510077e-01,6.778101274829240186e-01,6.605005258269062152e-01,5.869373429552071642e-01,7.051310534141974617e-01,8.480352294465760554e-01,7.685357123595222273e-01,1.976003102196083050e-01,6.933111788741147530e-01,6.126162812364402965e-01,7.057216512142806542e-01,7.748891821213471642e-01,8.373787387662972037e-01,3.130553960508258293e-01,5.240424358043327402e-01,2.577957484688598311e-01,6.958147501887561592e-01,7.313532566715226224e-01,8.301227205958345845e-01,4.610667314310276654e-01,2.851135114268274484e-01,1.924225887875615770e-01,6.973338775075325069e-01,4.135943835941314206e-01,7.926834101442620240e-01,3.809468070519297367e-01,6.384237454404487755e-01,1.449151578101827154e-01,3.221652122964382969e-01,9.259300001237558142e-01,5.173249661814436351e-01,8.792395697292646473e-01,5.802695239678741235e-01,9.980846839479345922e-01,9.256654181803771753e-01,9.658648645348779649e-01,9.510318141624837240e-01,6.182481900681292553e-01,2.309348702228971872e-01,6.396565781578942289e-01,7.876037526967792912e-01,7.516154756427740891e-01,9.415057499053165468e-01,6.747511238147795298e-01,5.937821810035472936e-01,5.310178291604659290e-02,7.266789802272644039e-01,6.758652513859025879e-01,7.234678912633304426e-01,8.517986300789629484e-01,6.739086330258416968e-01,8.460817852280186901e-01,6.389328883515351665e-01,4.138918856418525860e-01,6.538009402989435337e-01,6.785926353209180695e-01,7.276247369720585390e-01,9.970836409252811228e-01,6.256588312314470546e-01,2.312867684172197069e-01,8.083052084073770738e-01,8.941012401973912338e-01,6.682003922140397068e-01,-8.015366219348613042e-02,3.354284157462837923e-01,9.606486961128077873e-01,9.375859959481233075e-01,9.245493595237412876e-01,7.360479128092309864e-01,5.098288860044393189e-01
3.700172980813095647e-01,4.930665729279274934e-01,9.762183672053635908e-01,8.345012688680544244e-01,0.000000000000000000e+00,9.124670078766038417e-01,8.144000305608688484e-01,3.665385061414855872e-01,6.415584944674781465e-01,6.887012558240940274e-01,6.934608077152404348e-01,3.318739089859255031e-01,8.487099285670962612e-01,7.494815559616164746e-01,6.102222694575629713e-01,7.548756579905167019e-01,9.555077024502396377e-01,8.731580648964724078e-01,6.328498032423616193e-01,9.157395166531693276e-01,9.826425574477162250e-01,6.665086944309444039e-01,6.625402398706827789e-01,8.128691661667646340e-01,6.726317422521219669e-01,6.161791772296506542e-01,6.624422891891388332e-01,7.934092180958212115e-01,4.129914869447043335e-01,2.060051214788579110e-01,4.676107235007012086e-01,2.126702348070796111e-01,6.534689835428602045e-01,7.867671252150578720e-01,6.899370863521749886e-01,5.151185518977513533e-01,4.512207651081925897e-02,2.750184071234358374e-01,7.425364409492358764e-01,7.441919156157942306e-01,-6.704117166430303976e-02,9.573509307767599230e-01,6.493619797731826626e-01,8.448571669315577681e-01,7.925421752560256605e-01,9.464343094109274324e-01,8.985769698818084628e-01,6.804453966279923049e-01,7.385758980226173609e-01,5.331755465169347730e-01,8.509606478036990662e-01,6.685617424161135469e-01,6.671869315088190255e-01,6.728018766266564699e-01,6.068162876831211250e-01,4.355821473753294232e-02,5.894835651790031328e-01,9.852487722592562225e-01,7.299612107905542047e-01,3.607564180810696186e-01,6.737004695272833521e-01,6.557159566649343185e-01,6.927779303218697393e-01,8.554992617251054865e-01,4.772463356388266797e-01,6.414944063225932469e-01,6.640081829454460571e-01,9.256518725722066021e-01,9.789428869767868857e-01,9.888899167351341557e-01,8.676773597698317353e-01,8.792159953860287924e-01,2.577256050306744317e-01,-1.884062375180323712e-01,7.658777002978174320e-01,2.181958105909394263e-01,4.087169818159880341e-01,7.784347697779749886e-01,4.267200746959872726e-01,1.457608783966522492e-01,7.848580404122367238e-01,9.993540541189543935e-01,6.784381947998492368e-01,6.363936104588248099e-01,2.570883291954169647e-01
9.682644842184618961e-01,1.304734330318338409e-01,8.557634543914740544e-01,6.904998966346861389e-01,9.124670078766038417e-01,0.000000000000000000e+00,1.272118442309466690e-02,6.649589629756318399e-01,6.637443393382683743e-01,9.975250805919646524e-01,6.079406858964265803e-01,5.180070831818801569e-01,7.134598440748251003e-01,4.986323482843837973e-02,4.681907388919456237e-01,6.430934032668792488e-01,1.825938315636390849e-02,4.751553953261590801e-01,7.367916634034605838e-01,5.271096070278149526e-01,6.473038379563611500e-01,7.112016820242409443e-01,8.360465801797076768e-01,7.468939761428655677e-01,6.136408415300869112e-01,7.149241897919026423e-01,9.429470219031179656e-01,6.653637481720744429e-01,7.103564700796486386e-01,6.941535425261843306e-01,4.937412851877654996e-01,6.579133529799883195e-01,7.266730545331783198e-01,7.567097075917432747e-01,7.355384872822440245e-01,5.203552667569577572e-01,3.711195199268084721e-01,9.135620080338113791e-01,6.389421482549250131e-01,6.375927920472154176e-01,7.281449365247861204e-03,6.816483555974783837e-01,8.857088543191973251e-01,2.425806255228060426e-01,6.720786050926415012e-01,6.550680834157350807e-01,4.840258124980053589e-01,7.103706591485154931e-01,6.034005193556996050e-01,7.794265202950744209e-01,7.231503772091738558e-01,9.753092507788645449e-01,6.743256130817097960e-01,6.928313713927991557e-01,1.437828669032122642e-01,6.374005559814488464e-01,4.449873718986983584e-01,4.204409144949097232e-01,9.987395855020557711e-01,4.706521169169036040e-02,2.016839906871930876e-01,8.745550047382995018e-01,7.602341049500427328e-01,8.546080681858322370e-01,8.191862149890314360e-01,7.916505866966108140e-01,7.817351014139082288e-01,3.483503987947069724e-01,3.550132340803722197e-01,6.983140280901081742e-02,4.206167978411561870e-01,8.034787993831651320e-01,2.018547543250451271e-01,5.356189563102800033e-01,1.448348838729746901e-01,8.176330536319732500e-01,7.752021417352674693e-01,8.642191709732585103e-01,2.837331202403342578e-01,2.172055903743237426e-01,3.422909431840273631e-01,6.566220226694405859e-01,4.702233715729778885e-01,5.957116320029360867e-01,5.521034096722357010e-01
9.235778573449745510e-01,4.586544731710641698e-01,6.919511773053420578e-01,4.937032816017942749e-01,8.144000305608688484e-01,1.272118442309466690e-02,0.000000000000000000e+00,3.288515752071663467e-01,5.911892262837247225e-01,2.402885554500669707e-01,3.336162177113995986e-01,5.458858172812883769e-01,7.641117955894092262e-01,2.089661912299063395e-01,9.945756473926652408e-01,6.432748716702839653e-01,9.921633141401251521e-01,5.635011113168097996e-01,9.302522532399000177e-01,6.236839469839565719e-01,7.104274091153133242e-01,3.359963154494287618e-01,7.134678126483111615e-01,9.293254117554966554e-01,6.749718520086210871e-01,7.179055422888716009e-01,7.120637279298606959e-02,4.238666276648270226e-01,7.098914183735818284e-01,5.980899129433083772e-01,6.410585921232139217e-01,2.594178603676577932e-01,6.216177870718385678e-01,5.153668395430113236e-01,4.404391656159333257e-01,5.150339310191975883e-01,5.093962083883274428e-01,8.618097665651069939e-01,7.604351483206752693e-01,7.432364170422223193e-01,3.815686237442382778e-01,5.423827710143653835e-01,9.704056956063730199e-01,4.728541339392677290e-01,9.011984690653280783e-01,3.339897708035145518e-01,4.571331721410539783e-01,6.010820638262612814e-01,2.395413916985169034e-01,5.407699120029779705e-01,7.299657727701063248e-01,4.155766406885526565e-01,5.232657006240398756e-01,1.049101793246550729e-01,9.527989087007058266e-01,5.421007363816459090e-01,6.238213506675592823e-01,4.229546076645113173e-01,6.853931309982387310e-01,2.814125214054561397e-01,2.889789027001883337e-01,5.713827536919535710e-01,7.545987919383932985e-01,5.280225451659773528e-01,9.964512341711311283e-01,3.844435721733844291e-01,4.318005574174645922e-01,6.450170792479026360e-01,8.199874609908175405e-01,5.603982978581780738e-01,7.956571921609238984e-01,4.126527511333801246e-01,5.937425712063526539e-01,5.571995842189342296e-01,5.390103133378078004e-01,4.228535026155388898e-01,6.148069491648203710e-01,2.496749747493908489e-01,5.663552208678576116e-01,1.066483490976983910e-02,2.181977219257218437e-01,9.729156039380709720e-01,8.390136562423355926e-01,4.329533455600618752e-01,3.186548224941734286e-01
8.619874227390103005e-01,7.612382220867580651e-01,8.281257604759305613e-01,8.062743588123977290e-03,3.665385061414855872e-01,6.649589629756318399e-01,3.288515752071663467e-01,0.000000000000000000e+00,7.599703095899912331e-01,5.213746716417066995e-01,5.788042545572772424e-01,4.062979894405386316e-01,3.125391029562696321e-02,6.528901693428863506e-01,6.723885513923451018e-01,7.563831299142469433e-01,8.394581891004428975e-01,4.037818257674760658e-01,8.839493578551408381e-01,6.868973506934403783e-01,9.752637318391826904e-01,2.142890488612828048e-01,8.871940699327757196e-01,7.416322327175615126e-01,2.604382206408578648e-01,2.022884957633654113e-01,5.981773609626663823e-01,4.169950536073854797e-01,7.303155808171425400e-01,2.422782560136066687e-01,2.786938552163175098e-01,2.023291748986163763e-01,5.211648854826933519e-01,8.472348393472284300e-01,8.906086030889591720e-01,3.852811014456243299e-01,3.926275329318176244e-01,8.935556482165620817e-01,7.570119883405274086e-01,6.366397249947607362e-01,5.421556773022528919e-01,5.866832618193600357e-01,8.622698132959754069e-01,3.995526145407591878e-01,8.511635928685639119e-01,6.851090094964564781e-01,4.285943814472789604e-01,9.145589912624310092e-01,9.981538509405634141e-01,5.139714159550922146e-01,4.615050070907387725e-01,2.365412309186902262e-01,6.794675220263480808e-01,9.996396495149861838e-01,5.468539877435455443e-01,9.577606193662727696e-01,4.929666120045785305e-01,3.263120169141865423e-01,6.695135189123373465e-01,5.731736313071358335e-01,6.210172370019091392e-01,9.839040367363558470e-01,4.355826919002527831e-01,9.712940487422530023e-01,8.234265910998959104e-01,6.953936154175021089e-01,6.331013691989362258e-01,2.739256721282913865e-01,5.970376869096079009e-01,1.636006367910503301e-01,8.078686705133889534e-01,1.216046265843273438e-01,5.030926537952454813e-01,5.730084293176698207e-01,7.878855180819197557e-01,7.388440621414238407e-01,4.778371773070650974e-01,6.016172514805026017e-01,7.527134152657224409e-01,3.295248494673999051e-01,6.911361882799281764e-01,8.603910007748238886e-01,4.947125391399405103e-01,4.153718473355671459e-01,5.081187743150893388e-01
8.958947366352698616e-01,4.504398024736210870e-01,9.163358980806798337e-01,9.155479360234678454e-01,6.415584944674781465e-01,6.637443393382683743e-01,5.911892262837247225e-01,7.599703095899912331e-01,0.000000000000000000e+00,2.740412670985991062e-01,7.597437352955693779e-01,6.868773895872855029e-01,4.877603503203484792e-01,7.803171632439167560e-01,8.914737728113363291e-01,6.850935586730652060e-01,5.078564551644559888e-01,2.349334650370708544e-01,2.301106160762852182e-01,7.531964353653596289e-01,7.815586750198710853e-01,4.504125760073092177e-01,8.250697278929213230e-01,7.871646586020182301e-01,5.584897753194202341e-01,9.270094254043721449e-01,9.124167885774373543e-01,3.216545359978019158e-01,3.125060975480142278e-01,4.000698083520057846e-01,-1.054666779395625198e-01,5.078143622451417594e-01,3.805365198642134406e-01,7.249516939730759058e-01,3.738072981179584309e-01,9.411296432507012533e-01,6.706925272279236350e-02,6.714530493629540242e-01,9.767352155252643220e-01,6.331474783823878294e-01,5.823749391840874479e-01,5.663001658850230768e-01,9.369017288162333479e-01,6.385203897538704876e-01,5.830869716849769180e-01,6.892711948560203972e-01,9.071454778872913849e-01,6.896747723516701845e-01,6.115555618612551481e-01,7.945170666167523654e-01,4.722102194381720408e-01,9.582426928519766074e-01,5.382443779340222445e-01,2.238174124539168419e-01,8.878776289662601018e-01,7.038115926580471582e-01,8.450859978617657475e-01,4.685709121082478612e-01,8.181744522352942806e-01,4.988249401714947573e-01,6.706665608387378796e-01,8.025903695067128085e-01,9.506502278693654828e-01,7.312535832726810847e-01,9.957789606508979929e-01,2.391063171927559072e-01,5.638741255473863623e-01,6.192633901463369117e-01,6.700423016563497036e-01,7.956870050442530484e-01,4.538687788035565274e-01,8.510366531831958792e-01,2.864367090927553705e-01,4.584378874044066632e-01,5.720489872015925847e-01,2.784911694066345422e-01,9.895008566830230112e-01,2.960752207525380042e-01,4.180091359910866888e-01,6.104710814140940078e-01,6.988104473575672548e-01,5.150552292467998061e-01,4.375513662582072305e-01,9.586289523912288058e-01,5.908714679740250109e-01
9.067181154472317983e-01,6.581632764983513795e-01,8.922846956524944639e-01,6.113986032974083606e-01,6.887012558240940274e-01,9.975250805919646524e-01,2.402885554500669707e-01,5.213746716417066995e-01,2.740412670985991062e-01,0.000000000000000000e+00,3.544220439877514561e-01,9.978375625550196526e-01,6.100174774561250013e-01,6.048209827563065799e-01,1.075512246636352136e-02,9.795881705591195088e-01,4.211669932859826160e-01,5.174840722254957504e-01,7.160541017456195645e-01,9.525049214721538204e-01,2.247537239140869614e-01,8.130465833304171275e-01,9.446615503886607312e-01,8.284741178325959465e-01,4.278280724402090951e-01,2.439954938470375034e-01,8.394495640318553331e-01,8.648800973100503331e-01,5.594724303367935025e-01,3.088680780613370924e-01,7.822165578481055093e-01,1.365204753562051510e-01,3.666373814891213390e-01,9.236958705746811660e-01,4.808980460779030408e-01,8.224376554935733941e-01,4.633673441870332921e-01,8.460825016898171347e-01,9.684912029993575366e-01,8.321483246662531030e-01,4.417753079041619180e-01,9.341887984913300746e-01,9.722374637717826618e-01,7.766072381429800497e-01,6.460834165307196564e-01,6.704454125495333816e-01,9.099658658679825596e-01,8.121001580311887347e-01,4.296698451005377950e-01,5.482202146132466591e-01,7.438053737843435265e-01,9.609535293826819702e-01,7.074456164566087502e-01,7.588738388968898629e-01,9.100329170532157619e-01,4.392822946818236707e-01,-7.703443164319812020e-03,8.425261973686768435e-01,6.507655338846585202e-01,2.067688939590663355e-01,4.844072777559130794e-01,4.537287341911289129e-01,7.466837543321289683e-01,7.779310168802698877e-01,2.926045077424287433e-01,6.818192942375822518e-01,4.435548778922586144e-01,9.423844483949687101e-01,4.215897072838864501e-01,4.685761468815827779e-01,7.259360726304734390e-01,6.813367122266373865e-01,5.799008433236934046e-01,5.245163371524265150e-01,6.858781745593310886e-01,7.778873053082039357e-01,8.606583066342063937e-01,2.351160500205539683e-01,4.134500799649312719e-01,4.024384180123349308e-01,7.790240970662281050e-01,7.894778919182197097e-01,7.231174873064813990e-01,9.176648332548683618e-01,8.293808485998520608e-01
7.126022648595909947e-01,3.994170400178098657e-02,8.091388377891584049e-01,5.404952766122644858e-01,6.934608077152404348e-01,6.079406858964265803e-01,3.336162177113995986e-01,5.788042545572772424e-01,7.597437352955693779e-01,3.544220439877514561e-01,0.000000000000000000e+00,6.771496035417816639e-01,6.633511825658336969e-01,5.857228521484790784e-01,6.154890922866007585e-01,6.161298236123102789e-01,7.822158765386449941e-02,-1.630105708012358767e-01,7.637643155269617790e-01,7.064599525358686849e-01,6.962772160040431313e-01,7.310479376650852457e-01,6.027948711122422809e-01,9.520334020886611626e-01,6.871952870977328098e-01,6.580936551029463732e-01,4.032245549725531619e-01,6.402777290012444666e-01,5.295790110927651728e-01,4.637569138614034969e-01,5.722073043274609194e-01,4.284209838276172300e-01,5.770813703943900030e-01,6.814033168663510276e-01,7.753112403070551162e-01,4.622683248087203767e-01,3.267158054103800335e-01,8.818477024960112987e-01,9.135071272995588521e-01,6.925638651229797382e-01,4.369204281185441463e-01,6.453049171096720826e-01,7.650292117816500648e-01,6.042037885176988476e-01,7.845303476708327395e-01,5.213799403431486068e-01,9.033671322197693865e-01,4.657072545394963514e-01,7.615140896829880601e-01,3.146369983333189291e-01,9.590314177183592026e-01,8.812386679854853355e-01,6.733447226277566866e-01,3.606218131291978879e-01,8.187713041244140122e-01,6.833732901912847879e-01,6.157405400551587693e-01,2.399679261926220830e-01,7.868244610368297920e-01,6.843286893638768076e-01,2.162172550515600866e-01,9.812428707959224283e-01,6.178570071758184845e-01,3.491172825362751642e-01,6.856109500410509927e-01,5.630391841503561423e-01,4.423940146051427158e-01,9.835393367102690521e-01,7.182513522372816483e-01,4.200818056660599598e-01,9.483260521860241710e-01,8.760470473041723771e-01,6.641083167217683991e-01,5.082355449063158392e-01,2.001087132504995036e-01,7.987240667844135444e-01,8.428621619905047879e-01,5.566105508323604401e-01,2.652076057876612269e-01,2.157577496159648889e-01,4.541747237594071507e-01,6.592808895769188826e-01,8.223345405600203106e-01,4.120168659474811035e-01,8.637317121083913918e-01
6.740577992355082371e-01,7.223364229373290257e-01,6.936734144638390109e-01,8.524862303416845810e-01,3.318739089859255031e-01,5.180070831818801569e-01,5.458858172812883769e-01,4.062979894405386316e-01,6.868773895872855029e-01,9.978375625550196526e-01,6.771496035417816639e-01,0.000000000000000000e+00,8.268594253386342130e-01,3.295549231265560985e-01,2.275721904870262047e-01,7.310246223707853597e-01,4.354904338071994840e-01,6.648430172751116363e-01,7.707390428022911077e-01,5.710345921690253013e-01,8.866755122394646138e-01,4.020881488361521261e-01,8.212120534144290440e-01,8.844383781630031915e-01,2.179251690037607159e-01,3.728048190174206855e-01,7.808037023004892330e-01,4.315891930518560016e-01,8.278474870586960410e-02,1.060638859537006984e-01,5.778021013032044184e-01,7.260170420696577809e-01,2.640589611851272278e-01,5.836875995682802021e-01,6.391406451621591822e-01,3.814380589515071196e-01,8.237415793632496541e-02,6.740190601431674811e-01,9.731162737623526571e-01,6.415429304968568447e-01,8.247369130272240445e-02,1.423720682587234221e-01,6.861905380510029406e-01,4.545662349105480393e-01,6.538095835710248105e-01,7.930963419442792484e-01,6.063409050484884766e-01,8.420775988808285595e-01,5.964318123386119774e-01,5.689281688237388668e-01,9.129377626436009363e-01,7.882754469749657655e-01,9.049739370504447100e-01,3.595202361092424415e-01,7.076924474836404633e-01,8.051947033955766386e-01,7.136261160267859394e-01,9.962604014832536770e-01,7.612416714731307099e-01,6.967898492257957876e-01,6.577182300279366123e-01,4.924080329659449307e-01,6.212000039424458997e-01,6.852077134687017956e-01,7.890491921270168518e-01,7.788082377537951517e-01,2.505869007680454619e-01,8.158208406346306729e-01,7.245669922413575659e-01,5.565617243165771333e-01,8.941592770716200178e-01,9.764714687979428875e-01,4.282004438302394050e-02,6.846999877904808018e-01,4.682212578687526272e-01,8.544037754172848498e-01,6.058882500256480563e-01,5.661494839541563184e-01,2.876775924096526271e-01,4.844521407167229343e-01,5.143992028325252708e-01,1.471708951977872826e-01,6.144406387713438056e-01,3.070831432293408270e-02,8.912519327091387167e-01
8.179909109166970671e-01,6.105767418079388609e-01,9.538494213547132894e-01,6.363277507804859789e-01,8.487099285670962612e-01,7.134598440748251003e-01,7.641117955894092262e-01,3.125391029562696321e-02,4.877603503203484792e-01,6.100174774561250013e-01,6.633511825658336969e-01,8.268594253386342130e-01,0.000000000000000000e+00,5.233207976868752276e-01,2.667731856712796112e-01,3.978760327562288479e-01,9.695541720363006766e-01,7.506970632007788913e-01,6.731253219250519226e-01,6.798978256557220989e-01,6.035444602960204907e-01,6.118369343305029018e-01,9.109601775932031353e-01,7.918876989034875358e-01,4.231527290163919486e-01,6.943158751760055702e-01,8.181065942959155901e-01,5.101440719027252602e-01,7.726783403439788644e-01,4.965552983879472637e-01,4.721404407485566002e-01,8.193388768679930045e-01,6.225012568643317756e-01,9.322804081643512042e-01,8.258708091585064137e-01,5.632509734063000373e-01,1.174202815495838659e-01,4.115000621728659991e-01,9.771282505534126805e-01,3.660822675955542893e-01,7.404321149721801998e-01,4.172031058318060870e-01,5.393237248514830551e-01,9.111203454184957362e-01,6.326321319523522391e-01,8.024734686941796813e-01,8.409059184531225695e-01,7.527718663105779084e-01,7.556099834680388705e-01,9.469457110580314918e-01,-7.619851554152420881e-02,3.484749923230466839e-01,7.481592398891633300e-01,6.453085420602862055e-01,9.562091466223165970e-01,8.945151146650637264e-01,8.339077446263237769e-01,9.656679565210350979e-01,8.293019744817713423e-01,6.242383613452109348e-01,5.976244021790343419e-01,6.535467401397176967e-01,7.543663628535177690e-01,8.123339452631341828e-01,7.555039008875625850e-01,9.404845801463432853e-01,6.699546974135409672e-01,8.956333921252287444e-01,5.370863788761126578e-01,8.114486501773320315e-01,9.287090276417485635e-01,8.302443546383098116e-01,3.602060256628961121e-01,4.387647591185317442e-01,5.050431423167014433e-01,2.288830492511848003e-01,5.582292467445955086e-01,8.696725398674038932e-01,-1.215026147556853287e-01,1.716430673625202186e-01,5.551943811581115940e-01,9.843987474652449166e-01,9.442315110279967394e-01,6.171982406647165131e-01,5.456145443284990959e-01
3.711782193768266014e-01,4.268254762326245122e-01,6.279325755462843439e-01,7.896041878358179833e-01,7.494815559616164746e-01,4.986323482843837973e-02,2.089661912299063395e-01,6.528901693428863506e-01,7.803171632439167560e-01,6.048209827563065799e-01,5.857228521484790784e-01,3.295549231265560985e-01,5.233207976868752276e-01,0.000000000000000000e+00,4.264573376650495073e-01,9.403357541355775728e-01,9.547513207904341215e-01,7.936453086735000273e-01,6.969920116605701210e-01,7.261001504907700355e-01,3.330211794335624642e-01,8.821706715583623737e-01,2.704444327143863402e-01,8.207198482665040151e-01,6.921865118860289767e-01,6.259216020653598500e-01,7.443427536138511602e-01,3.460207877134275911e-01,2.006002548100865313e-01,4.403123440100222830e-01,9.253722607751067031e-01,1.223408587810966425e-01,7.686600545715800425e-01,9.108852235814494103e-01,5.915455762195351852e-01,4.611358428472679960e-01,6.147551030585773901e-01,8.984458285947277689e-01,4.620126981644525621e-01,8.824853554861153970e-01,2.797066757600241704e-01,5.836025435854494958e-01,8.485612692135929835e-01,7.745758055164202460e-01,9.612361693802300433e-01,3.970732226175611723e-01,4.695938771048226990e-01,9.296060383153661455e-01,9.183124213801817648e-01,9.478074922006514136e-01,9.358854167989819617e-01,2.131661702761151744e-01,6.232215713743909369e-01,4.222411481151782664e-01,7.574125890278934348e-01,5.538763036430868203e-01,4.056073283712477995e-01,3.857934627461144794e-01,1.122319765917219742e-01,6.265358472046083094e-01,3.445076324437388315e-01,6.286107288989238873e-01,4.710848842799305602e-01,8.643534597727823288e-01,6.662336685330177977e-01,4.053176826185085901e-01,4.000541060271022298e-01,7.411091469637295370e-01,7.427808108277708099e-01,5.709870136272382490e-01,9.356593374711126287e-01,3.579403589524784435e-01,2.351445645275898055e-01,6.878377379085621746e-01,5.766362800605744354e-01,1.611375992945814906e-01,3.922028552485429254e-01,9.082526791562349766e-01,6.523962660414895920e-01,5.857097756175608794e-01,8.966598482027594574e-01,3.864241327000675352e-01,7.338181681470258289e-01,7.825327497049587855e-01,9.563113753046312837e-01
9.675932101251573103e-01,7.427238431087853643e-01,8.356257470059980097e-01,9.902732446576607561e-01,6.102222694575629713e-01,4.681907388919456237e-01,9.945756473926652408e-01,6.723885513923451018e-01,8.914737728113363291e-01,1.075512246636352136e-02,6.154890922866007585e-01,2.275721904870262047e-01,2.667731856712796112e-01,4.264573376650495073e-01,0.000000000000000000e+00,4.282092974490704362e-01,6.108648948257686673e-01,4.522739866708387346e-01,6.065370619745498182e-01,6.174543765703258691e-01,7.071631836896355994e-01,7.431555431123759714e-01,6.358326191332266397e-01,9.331040455532663147e-01,7.949218928153216623e-01,9.952823071611215378e-01,8.245990863751662125e-01,6.426372651319707252e-01,1.052953772983753061e-01,6.154231246319984416e-01,2.021425880421786059e-01,4.749387980765745754e-01,4.700883293477229885e-01,3.458386805506316053e-01,8.363800590072922869e-01,4.190685520840036760e-01,3.206024858076056416e-01,6.042088994406211722e-01,5.565704502912489637e-01,6.535104105894595783e-01,5.730966710323194269e-01,9.833394247079049189e-01,8.614086746142018969e-01,6.314679527497837341e-01,8.779083496449391344e-01,4.292729778331734192e-01,7.332535478927661998e-01,1.300254024576515677e-01,6.915778950377794443e-01,7.769560432087386781e-01,7.016331158117560252e-01,6.303472496315992712e-01,9.216456558593927317e-01,3.901594488971731889e-01,7.869480969287084848e-01,9.503725033332082184e-01,9.803717142460762757e-01,7.559669093406020668e-01,9.499657905491355470e-01,5.369040380254170852e-01,7.954831165734370657e-01,2.151607407003810202e-01,8.491199676235464677e-01,8.994731202355602528e-01,9.605929447251118081e-01,9.454156407253532235e-01,6.950249189145937256e-01,9.323867122833786603e-01,5.703486176351686421e-01,9.042740456672406779e-01,7.737340033522618343e-01,8.310877697975797007e-01,6.012600818530360325e-01,5.355306940701236584e-01,6.766188827283524665e-01,6.550191479786615645e-01,9.540274578807265149e-01,6.988221881199258023e-01,2.239818408992647336e-01,-8.501229216027388069e-02,8.737668886960345827e-01,9.614325027149261960e-01,8.385143442550289095e-01,4.437909479651129807e-01,8.793602135781324325e-01
7.064783018704268169e-01,4.433871270893418592e-01,7.416543000499529192e-01,9.384587889162510077e-01,7.548756579905167019e-01,6.430934032668792488e-01,6.432748716702839653e-01,7.563831299142469433e-01,6.850935586730652060e-01,9.795881705591195088e-01,6.161298236123102789e-01,7.310246223707853597e-01,3.978760327562288479e-01,9.403357541355775728e-01,4.282092974490704362e-01,0.000000000000000000e+00,5.502433566948685684e-01,3.412775366099407570e-02,6.595052429835017715e-01,6.142618184321650965e-01,9.712661975640133338e-01,6.452284176138147753e-01,7.307761282170558426e-01,7.197832602004412550e-01,6.970677874468015345e-01,6.626784784807596695e-01,2.532039951107461009e-02,5.614629545287694867e-01,2.750502888693273085e-01,8.945283451437522348e-01,-2.914641754672617768e-01,7.136220768339518461e-01,7.644501527037419475e-01,7.407667735657611496e-01,9.465154627478905569e-01,3.776504786979111294e-01,5.514993021901788417e-01,9.664872195003521016e-01,2.801185869180305432e-01,9.971308025743366166e-01,4.041532980912723727e-01,3.961874152004950522e-01,6.567078475653062020e-01,8.606015966758784330e-01,8.309508226908793871e-01,8.298984456326536918e-01,6.962601875578027233e-01,-1.334922708883293785e-01,6.572210998911260926e-01,9.938904103956516245e-01,5.063866682069024794e-01,6.818100371867911180e-01,6.273082532034048864e-01,6.292023853892705354e-01,6.502394920636889175e-01,6.572680630561231752e-01,5.511189771804020365e-01,6.559927393312865451e-01,6.313591834171441430e-01,4.090656416855280031e-01,3.602334719308527555e-01,6.514033990159930898e-01,4.664552051483480954e-01,4.363925293434410269e-01,6.051901180798197055e-01,5.927710166350383947e-01,8.013630218979005404e-01,6.383392340702754852e-01,5.075474219305414758e-01,5.515023944126423716e-01,7.005068703725235713e-01,7.902233679170918013e-01,7.807211659610108212e-01,7.978875176184614393e-01,4.847300038169479186e-01,6.597090426866317747e-01,6.301052698127265206e-01,3.585556095356825512e-01,7.906866150261311343e-01,5.843357365724899388e-01,3.197346477400704878e-01,7.348988401300490247e-01,4.829520993000860907e-01,7.141154641294752414e-01,5.867726696586297308e-01
6.310549350782402866e-01,9.073817240174119059e-01,-1.131258819097526042e-01,6.778101274829240186e-01,9.555077024502396377e-01,1.825938315636390849e-02,9.921633141401251521e-01,8.394581891004428975e-01,5.078564551644559888e-01,4.211669932859826160e-01,7.822158765386449941e-02,4.354904338071994840e-01,9.695541720363006766e-01,9.547513207904341215e-01,6.108648948257686673e-01,5.502433566948685684e-01,0.000000000000000000e+00,8.512362150496577406e-01,6.515689686515131473e-01,2.269703759165891954e-01,9.065233064413468211e-01,7.398485392693809892e-01,6.219247019496104700e-01,8.157844388903842114e-01,9.140456232757149246e-01,7.057638014409538529e-01,8.525189963536563553e-01,6.776615279358217947e-01,2.278929102837533027e-01,3.422665508795987854e-01,4.288879672860169134e-01,8.221588033579136923e-01,9.188366012623219170e-01,8.082232343278356046e-01,8.013267773657715143e-01,8.303188832708781331e-02,5.890792166772673699e-01,7.469221537851383763e-01,8.547062269773105792e-01,5.837563210693815785e-01,7.083806869779259996e-01,9.783977307229645426e-01,8.640613579778779751e-01,7.423220071817124843e-01,7.838636581639590872e-01,6.068839741796563381e-01,6.097341146695703928e-01,6.585389875875895527e-01,7.146005256282836893e-01,8.963461331317978953e-01,9.585813600976292870e-01,6.065597749545900141e-01,8.370524869110079758e-01,2.075550826252381131e-01,4.994300308860627480e-01,8.680393204150506081e-01,8.244434421010480296e-01,6.046696532959892068e-01,8.866599037938532879e-01,6.171645611964036160e-01,2.313588881138605446e-01,7.946399464815949720e-01,6.130631685942176112e-01,7.340959061745365721e-01,8.005883656556387340e-01,7.178644174739217121e-01,9.761605022534662890e-01,5.838580157548732830e-01,7.596713683263874861e-01,8.124261877529225240e-01,9.720803410770938457e-01,8.205284203180533975e-01,2.258266297038937220e-01,4.895267655439781707e-01,5.059804593288137475e-01,4.543277715840655095e-01,8.726637865851269993e-01,5.024289954375147360e-01,2.974476699602988106e-01,4.406643738798128318e-01,8.798059399535388403e-01,6.829018228425804971e-01,7.670313422342356358e-01,1.704486160014046792e-01,6.476313854463597863e-01
6.093260974046871281e-01,5.556937108822127547e-01,9.482553125839215946e-01,6.605005258269062152e-01,8.731580648964724078e-01,4.751553953261590801e-01,5.635011113168097996e-01,4.037818257674760658e-01,2.349334650370708544e-01,5.174840722254957504e-01,-1.630105708012358767e-01,6.648430172751116363e-01,7.506970632007788913e-01,7.936453086735000273e-01,4.522739866708387346e-01,3.412775366099407570e-02,8.512362150496577406e-01,0.000000000000000000e+00,5.050365674408796579e-01,7.063851704405101906e-01,6.297682623038743932e-01,7.445371492493301213e-01,7.934099606105663449e-01,8.646602172287185528e-01,4.669965589132516470e-01,7.653726197412050736e-01,7.760196294693704200e-01,6.654906626410714843e-01,5.245072644859460897e-01,7.935850997290655462e-01,2.885210184323059868e-01,9.984471722589532972e-01,5.932312919678253138e-01,7.766974316333802308e-01,4.253219116680174161e-01,2.196112971436269545e-01,1.213971176914269146e-01,8.052268370390153196e-01,3.541537201413722524e-01,7.346358214285415578e-01,4.490047897546872724e-01,5.165068660530744982e-01,3.404134473648565140e-01,1.825913698449288802e-01,6.757983917727752310e-01,9.288057154459224973e-01,6.496761455216327752e-01,6.144694074807859341e-01,7.602501977908001640e-01,6.593444566137043328e-01,4.377880144872810519e-01,7.465885738160238372e-01,9.978287232663651807e-01,6.856917164868995274e-01,6.262434056700507679e-01,3.433159527932507227e-01,7.881195944092260763e-01,6.370815095985357113e-01,2.247818554623732257e-01,5.087100018813778268e-01,4.215208037587803158e-01,4.209502903284891850e-01,5.344971407229230920e-01,8.064087936543844481e-01,9.294103833520052094e-01,9.490931030871423424e-01,9.227264947089579561e-01,9.897831281939337700e-01,4.217675104105182982e-01,6.745247671722844895e-01,8.291581863307397882e-01,9.203767884877960270e-01,4.965990969934489518e-01,7.676502926005406291e-01,6.355667063287923080e-01,9.698612987405347274e-01,7.743887480568134585e-01,5.631010970684443562e-01,2.566375424471677991e-01,5.247843146807807946e-01,3.148774075828218999e-01,7.112134411875288276e-01,8.876868611560722044e-01,9.299891794850329019e-01,3.801601865611409226e-01
