0.000000000000000000e+00,8.713092604189101031e-01,9.044211793339554939e-01,9.872471099241202364e-01,8.762470141553727609e-01,7.491836982699491276e-01,7.489745126960333232e-01,8.136430203504891878e-01,4.788383076756903556e-01,8.604470300947815176e-01,6.809231126959950364e-01,8.437521700219097198e-01,3.373540395824679017e-01,6.124542877073185787e-01,9.355663806174708830e-01,5.888429240392955011e-01,4.182731444595836900e-01,8.654847709649717835e-01,9.877854123292993949e-01,7.333417823107347688e-01,6.905351134442534455e-01,9.060726025727291466e-01,5.176882244179418224e-01,7.079583803873588099e-01,7.706533212599365745e-01,8.325382239192545830e-01,9.106752813157693582e-01,1.026414616009230507e-01,5.669620530937480307e-01,7.268092038657210097e-01,2.010755907037636292e-01,-3.889417904395156556e-02,7.473168570170810598e-01,8.324765671730933736e-01,5.960795333503035032e-01,6.663118612305879429e-01,2.360202270845902228e-01,8.909215715703397986e-01,9.968578701429527955e-01,8.369602486005731645e-01,2.798087987493522721e-01,7.416786677894238178e-01,9.077967938838278350e-01,7.072173892861127742e-01,8.690251274913028956e-01,8.212433009754388502e-01,7.742866089369296878e-01,6.225883056616905442e-01,9.878602363488605542e-01,9.012143969287719214e-01,8.871740901623723641e-01,8.587296656158401875e-01,9.811339000821998058e-01,6.731614649604251710e-01,9.034815278818759676e-01,7.106589719402512939e-01,6.856802572244888871e-01,6.966262077126148533e-01,2.537641115281493165e-01,4.318713683765242894e-01,7.961821226025128651e-01,9.522483055530992502e-01,8.693440456137206951e-01,8.678859987185377767e-01,1.546923935843238541e-02,7.962210061754200208e-01,9.305971454829106149e-01,7.695329803602732888e-01,9.225820627854244282e-01,6.363284346931719071e-01,7.223197457354597617e-01,6.901880634294627059e-01,5.826416912376179980e-01,5.432441907687747262e-01,8.101209523939733037e-01,7.457089204375287883e-01,9.835513043852495141e-01,8.325258958142560672e-01,5.148468361913942637e-01,4.552547752587365326e-01,8.177768145206919526e-01,9.708630079964493120e-01,4.091609704437154660e-01,5.097201685851975722e-02,7.649600878567019979e-01
8.713092604189101031e-01,0.000000000000000000e+00,9.834938252481391086e-01,7.534057799648673504e-01,4.128986225278323818e-01,7.567933137051876535e-01,6.053388669471909678e-01,5.295751366069552102e-01,8.415707956520548372e-01,3.940207451873374289e-01,9.644696562200478773e-01,5.138814628685803854e-01,7.934209159644187714e-01,2.156251291204128173e-01,8.190191934516867223e-01,5.619627363878705317e-01,1.199397266567915205e-01,1.123522060955865903e-01,7.493526930769806027e-01,9.219718145288112732e-01,6.669321387491252695e-01,7.790540418153373281e-01,9.084780888429445644e-01,7.027399986300367773e-01,7.837696862528124031e-01,9.834216785759691826e-01,5.989784301108471709e-01,2.719142980694668754e-01,4.590885556957136626e-01,3.615764556214104974e-01,3.930063614304782904e-01,6.559537263307970711e-01,7.235302791408166900e-01,9.778071977463568265e-01,3.351523074135653868e-01,6.188230902720772697e-01,5.443398408780618647e-01,6.404340449436696225e-01,9.594342753650272337e-01,5.501422277041284614e-01,7.342670092440856111e-01,4.852913952569355427e-01,7.341716413397340046e-01,9.286249938911058655e-01,4.302084120936968681e-01,8.679969547347254899e-01,3.678992673580874229e-01,9.195897371133170406e-01,3.659559954321356945e-01,6.422305772783925004e-01,7.834633701263337899e-03,3.078972218631512159e-01,9.843237832337563553e-01,5.885214927890659586e-01,-1.964357825464202456e-02,7.909032180939915557e-01,7.498511532144821468e-01,3.750179444735922685e-01,6.541859333971082879e-01,5.951358015042480520e-01,2.994339434122540444e-01,8.059196223807035819e-01,9.581425771630777133e-01,9.338861933749198485e-01,4.605340936683441910e-01,2.187711116941770950e-01,7.968432351327581209e-01,9.088408126529604614e-01,5.001561584312603781e-01,8.069148546886575346e-01,9.130748051341674998e-01,8.575031575769354042e-01,1.616562573543844916e-01,2.633233688986456045e-01,7.082198172233759026e-01,9.576839396083888234e-01,6.217409342468100952e-01,7.060888418625077545e-01,2.555446772020714130e-01,3.385176106298012910e-01,1.828867098482450659e-01,8.610073856000954873e-01,6.213013517331124058e-01,1.998505181863488023e-01,7.284879852063684824e-01
9.044211793339554939e-01,9.834938252481391086e-01,0.000000000000000000e+00,8.897463390196478361e-01,4.356429705321897550e-01,8.917670489898722463e-01,6.874960677526952280e-01,4.756222028300127747e-01,9.151863974567774340e-01,9.481858356875085825e-01,9.223021690845140119e-01,7.967196497096316055e-01,3.351833525745954168e-01,7.871442558764744080e-01,7.933148622321120058e-01,7.516765373655625027e-01,9.848835410649243727e-01,8.742390108304852747e-01,9.879070588913827500e-01,8.884648919171725945e-01,9.761574316451258060e-01,8.627272515165301803e-01,9.540881905137726937e-01,6.467405328683490939e-01,7.317163352312481273e-01,5.995710189254663813e-01,9.142913443809514984e-01,9.493364295002953979e-01,4.447070707664269595e-01,4.331979966177158525e-01,1.697462127059398695e-01,6.925899398385632066e-01,5.588453971835630751e-01,6.031424042688672271e-01,8.474840719842706704e-01,7.848648319080142599e-01,5.504506719189721231e-01,9.481648164079772290e-01,7.458708540149877608e-01,6.804915242617392002e-01,5.147306936839293190e-01,8.954366624492864357e-01,9.834409077478117878e-01,5.605279619576130079e-01,8.082834956605136068e-01,8.715980717377386222e-01,9.819621172745245374e-01,9.003542200134585505e-01,7.594697352609207641e-01,9.208256982104467969e-01,7.724784174109801116e-01,8.418775598030379115e-01,8.028653336562381337e-01,6.267460120703675086e-01,8.472017094819876970e-01,6.852916788254820313e-01,5.508299384915493757e-01,8.768142355338852667e-01,8.135412299219032528e-01,1.925915993419273220e-01,3.421019183828968302e-01,6.201083468754849948e-01,8.164127992973351233e-01,9.145929641963694845e-01,2.151826547285890789e-01,4.223682233403881492e-01,6.965389587456976006e-01,8.732585838235855658e-01,8.400370364269438284e-01,8.872352883232098586e-01,7.371392265085672246e-01,6.641697630856772117e-01,6.019516079903348693e-01,4.089586560969928897e-01,8.770108609898107366e-01,9.886333121799359969e-01,9.059587975970426754e-01,9.090899732684448731e-01,3.344562058509505942e-01,3.644911993867745448e-01,2.344028816166348894e-01,7.216983348104828444e-01,8.778482027584564307e-01,9.055761429293510689e-01,8.669140410219859927e-01
9.872471099241202364e-01,7.534057799648673504e-01,8.897463390196478361e-01,0.000000000000000000e+00,8.531163990578521927e-01,7.786379845399298283e-01,5.497372086750749176e-01,4.381909831182980719e-01,6.154748239343285077e-01,8.767402587814575599e-01,7.022876589334318131e-01,9.243836987060929378e-01,8.169952213303546262e-01,8.117594121729133638e-01,3.973913076335728323e-01,6.395803216497465415e-01,6.000699532057190977e-01,7.599020407722721915e-01,9.693368342991743880e-01,8.701097005825393360e-01,9.409230248071609459e-01,6.099913974463017086e-01,7.728302620461748873e-01,8.267375840643853557e-01,7.392825686437705102e-01,7.343429525330840146e-01,6.163197754404575734e-01,5.299831322339918493e-01,7.055988963067720832e-01,4.284972834977917588e-01,3.971864128174706909e-01,7.366753210566918675e-01,7.444963754523616917e-01,6.988570985004330938e-01,7.922170700391195641e-01,5.774988109515895029e-01,2.369138346640781989e-01,6.744720038812861418e-01,6.741032770371044869e-01,7.231802378799964126e-01,4.603418753521886231e-01,5.265695861167112302e-01,7.681487510844680067e-01,6.122173472759894208e-01,6.724037476696129723e-01,8.764324107055704305e-01,3.846990236415084863e-01,8.818869678425466097e-01,4.208855545354471817e-01,9.242633060335009310e-01,9.155672863013029072e-01,6.795635641442778763e-01,8.596598873350836945e-01,2.121062662453800651e-01,7.752787784955378347e-01,8.731792795762802761e-01,8.718427894272213763e-01,9.812537861555081786e-01,8.603886200042821786e-01,2.204644415455196405e-01,2.573068803594060761e-01,7.384244009154881105e-01,2.013604894537435186e-01,2.303228192829024079e-01,6.301194749918750393e-01,7.982105131822538890e-01,9.718430647668989675e-01,6.913745112871466647e-01,6.683246565411501416e-01,8.819806187706568101e-01,2.763729010953038800e-01,5.637796795857467069e-01,7.804167726725479426e-01,5.283525694235926551e-01,4.988678293545754094e-01,3.010829467832089046e-01,4.253501343969060544e-01,6.721141260888582325e-01,3.174405475812810407e-01,5.659037522778675999e-01,9.763685018186508691e-01,9.705426744229673774e-01,5.173583965737675872e-01,7.970997454953704375e-01,9.789746595498416415e-01
8.762470141553727609e-01,4.128986225278323818e-01,4.356429705321897550e-01,8.531163990578521927e-01,0.000000000000000000e+00,6.211376859602166789e-01,-1.005560786274954932e-01,5.991752731824162570e-01,4.022812290679151359e-01,9.229566793740122677e-01,9.430883017909235111e-01,8.236159393781478100e-01,9.225771814030475637e-01,8.975161391100006103e-01,3.317495024878517329e-01,7.617405429878554290e-01,8.480621694615417816e-01,9.063809885230186270e-01,5.363702491949913220e-01,7.041116114789669478e-01,4.048672944568457721e-01,7.726859727505877018e-01,8.347296529802399334e-01,8.349458721157628771e-01,7.765197039993774197e-01,7.211870756082163769e-01,4.762918057262688354e-01,6.675946065274507291e-01,8.821728302407200184e-02,4.479965103233617962e-01,3.233257703531196570e-01,6.673803984069692774e-01,9.995829558621808220e-01,7.466496188816899027e-01,3.578778701063259904e-01,1.914732722571049761e-01,4.320613589565339141e-01,1.140315731318289338e-01,5.514279659143004331e-01,9.286255968469931954e-01,7.717729541662370352e-01,5.074905363405484149e-01,6.841533848807518359e-01,6.697713263818467766e-01,8.737627121016574572e-01,7.329962655690126505e-01,7.016336307641396486e-01,9.077044371860472083e-01,6.937986483496598744e-01,5.709695237855932914e-01,7.681511829505809352e-01,3.084587682739578507e-01,7.708675054685373285e-01,3.184180724754802072e-01,9.937053761203327173e-01,7.732445607840626733e-01,3.267507406660478120e-01,9.057293941903429291e-01,9.278339433674600567e-01,4.072421671355058725e-01,7.338530611029199235e-01,9.614307876608281234e-01,6.917317652642324122e-01,9.525307050595631653e-01,4.816308690198825015e-01,8.274065779916091046e-01,5.081439640621392417e-01,8.496188357040450612e-01,2.168070244153074699e-01,8.537750852264812673e-01,9.545062274941579217e-01,9.916141515792148420e-01,5.351654414755734335e-01,4.861590621206683394e-01,6.766111802369237926e-01,8.785308517664165429e-01,7.745645081153035294e-01,2.053531505910453359e-01,7.501517611013726050e-01,2.630725161807211943e-01,7.222606929656477659e-01,9.890214750570682778e-01,8.963433495050572297e-01,4.587042103398093484e-01,7.656862241157404991e-01
7.491836982699491276e-01,7.567933137051876535e-01,8.917670489898722463e-01,7.786379845399298283e-01,6.211376859602166789e-01,0.000000000000000000e+00,7.985283938341924959e-01,6.129471215726490785e-01,9.578167754141704293e-01,8.829723606232936506e-01,8.443466467653769625e-01,8.150269745412229705e-01,7.397372326440141421e-01,6.789725469033305316e-01,5.731662033945896795e-01,9.679385169671287370e-01,7.205910227429590531e-01,9.419652579171017281e-01,8.343606898364320790e-01,6.743377718289654821e-01,8.616487612536315455e-01,7.684594678699088188e-01,9.021210725574231315e-01,8.968206093702771886e-01,5.519304010140202443e-01,9.897180070824759257e-01,9.266836321135258903e-01,7.941559471775603285e-01,6.387942935756264484e-01,5.420507925608077926e-01,6.443631441335498922e-01,4.803384200659758796e-01,7.064146066230794219e-01,6.759040966968412611e-01,6.886724092059125502e-01,6.672786538658779243e-01,4.070692511750998999e-01,3.596863942905552669e-01,4.640378020009775506e-01,9.446689360823712356e-01,1.691264573607753792e-03,8.323499090734303163e-01,8.093019702215538125e-01,6.793076113180090969e-01,6.510274102300027677e-01,6.679497139881686030e-01,9.953368532592151707e-01,4.668015252309247742e-01,4.779069869245766711e-01,8.725823991209440411e-01,4.179923595141157300e-01,5.861165158834874545e-01,9.489650094685564419e-01,8.597123939956036187e-01,7.678694050580321395e-01,8.883477641443777717e-01,5.003999004594885669e-01,5.370844805354406670e-01,5.268885376617502558e-01,5.951311372996992421e-01,5.783476657116557451e-01,5.584296363824732268e-01,7.642248557111158691e-01,7.767662686606853217e-01,8.732277724581909428e-01,7.401210216890506954e-01,7.332812397492590728e-01,7.494115447402824870e-01,8.525974859543432594e-01,6.131298906228820345e-01,5.921540431174885377e-01,5.747913687111773084e-01,2.779605817300987991e-01,7.430932720334967323e-01,4.972097867159160078e-02,7.729391676579517867e-01,5.797066107457535811e-01,6.944491771555217907e-01,4.383493077888185319e-01,7.580846429201506531e-01,9.984195763950334257e-01,8.483536395999216051e-01,6.867936869412085699e-01,5.069244927279664692e-01,7.626930774777334054e-01
7.489745126960333232e-01,6.053388669471909678e-01,6.874960677526952280e-01,5.497372086750749176e-01,-1.005560786274954932e-01,7.985283938341924959e-01,0.000000000000000000e+00,7.129970260108096092e-01,7.755792246265955647e-01,6.987304034675637654e-01,5.467259309873780948e-01,6.091087045580946269e-01,8.435882368492957362e-01,7.458625813065492549e-01,7.698956434524741876e-01,6.256655862672243495e-01,8.402252158344521993e-01,6.166241613584495518e-01,5.864079144052104509e-01,6.418828167604742063e-01,5.968654716541446081e-01,4.792224332107928308e-01,6.187740430277220982e-01,6.364281373588012158e-01,5.312936212184802276e-01,5.863227999434330595e-01,7.503739363428130194e-01,6.857717574292622187e-01,3.648949020881275818e-01,5.956339284651817056e-01,5.038973052812917297e-01,5.248039542444835615e-01,4.380572887409578398e-01,5.987264499074941293e-01,4.446449290179564917e-01,7.211007330471664867e-01,2.247389212319892415e-01,8.355001817491615190e-01,4.885640205073678022e-01,4.176623746043344743e-01,4.806207331648120196e-01,9.770407760485532167e-01,7.525969657122540957e-01,4.324827845571465601e-01,2.190241631545478962e-01,4.703325738423436153e-01,2.284765734475134591e-01,4.089036143817821878e-01,5.553027110822692514e-01,6.049042257071077788e-01,4.372951789036530479e-01,4.234290073749316652e-01,8.759971578898538835e-01,5.731921021593169296e-01,9.413133056821455513e-01,5.115920054315779009e-01,4.705244515828618246e-01,4.849883094939797523e-01,7.614504753768502887e-01,6.094931925688205077e-01,8.407541813039148826e-01,7.711262590434961872e-01,5.025400206484461618e-01,9.587157416795800691e-01,7.541143559959132547e-01,4.139268240173164526e-01,4.742503216438477276e-01,5.634046008895281510e-01,7.003225114114942640e-01,3.944250386858326740e-01,8.986405076882323373e-01,9.249311229012546764e-01,-3.624433073998159505e-02,-1.246733300234375147e-01,3.029672741377824052e-01,6.442119617533451637e-01,5.230894349907408980e-01,8.828070608604423608e-01,2.633122765811195531e-01,2.669551222159370907e-01,5.092189808721494515e-01,9.228049228077417343e-01,2.312467217746947967e-01,7.238443658146046511e-01,4.134337214231151858e-01
8.136430203504891878e-01,5.295751366069552102e-01,4.756222028300127747e-01,4.381909831182980719e-01,5.991752731824162570e-01,6.129471215726490785e-01,7.129970260108096092e-01,0.000000000000000000e+00,2.627097448384992928e-01,4.120878618236176738e-01,7.595753080330250873e-01,5.657821561320887094e-01,9.763084287266279304e-01,4.942053044273023721e-01,9.895892922544418102e-01,-1.788958583605165242e-01,9.229473103561147695e-01,6.436969551701969827e-01,6.809905295488205557e-01,6.506025065307022848e-01,7.765232454132812157e-01,9.747044130987414512e-01,6.582252185780420595e-01,9.181623792804363138e-01,4.824788066422505128e-01,7.036002284711784238e-02,5.618451042986707389e-01,6.149215241683716471e-01,4.814668043425123223e-01,2.466248817014510819e-01,7.850902402236604738e-01,2.123328161648182777e-01,4.858663610539808997e-01,4.392672140285635018e-01,2.905304935108821152e-02,3.047215093346063441e-01,4.004419329753575174e-01,7.374919116745433101e-01,9.295472589847841860e-01,5.920772382122208022e-01,7.083272676406215940e-01,8.422308887586484882e-01,5.569234076295050961e-01,6.115814100245858809e-01,9.269853362077039582e-01,4.585311096593537306e-01,3.531826029248951171e-01,9.305480995374568742e-01,1.638777440535257590e-01,6.526192964327817148e-01,6.040968380854746522e-01,7.835210267619715507e-01,1.883737366945804348e-01,4.649071925238019154e-01,7.879277996646321114e-01,9.483085628810282719e-01,5.528416143492218549e-01,4.595947597348585267e-01,8.584510461614610621e-01,3.702696193549372961e-01,5.479571243772760614e-01,6.667405218220027185e-01,5.323811230847849130e-01,3.808529853317180747e-01,9.742234456990691571e-01,7.529398861370455442e-01,9.821092622208842382e-01,8.518958030408454452e-01,8.553147824296966073e-01,6.801442962923468505e-01,7.243571387642591120e-01,5.561934492228391980e-01,5.766269930273538735e-01,4.436374924810883580e-01,7.682635385389919858e-01,8.764035977510171715e-01,6.891484624731575304e-01,3.307338234087369155e-01,4.426367236078598277e-01,3.763527853759607300e-01,1.730441912820933903e-01,6.919154259434461274e-01,6.223048721389015103e-01,4.290811046727611155e-01,6.554626000536295516e-01
4.788383076756903556e-01,8.415707956520548372e-01,9.151863974567774340e-01,6.154748239343285077e-01,4.022812290679151359e-01,9.578167754141704293e-01,7.755792246265955647e-01,2.627097448384992928e-01,0.000000000000000000e+00,1.190080833037954477e-01,2.110791139321782639e-01,4.599303332861572335e-01,8.265506370087661869e-01,6.769760917951772594e-01,9.067418225169255885e-01,7.420716012454648958e-01,6.373321801414724153e-01,3.140391270384901845e-01,7.806857602610404179e-01,9.450495918259970152e-01,6.043533134621337233e-01,8.651208754268664425e-01,7.434601142999811563e-01,9.754340980858728916e-01,6.632060114591196154e-01,3.136361033582158453e-01,4.815609089712146185e-01,8.343126320636452542e-01,7.916465036999198457e-01,2.523921338642486911e-01,7.339859143745218750e-01,2.699584424285038087e-01,2.670255025540345661e-01,7.823340987042917138e-01,5.530614547550327664e-01,2.171595927766201972e-01,4.209547349153400786e-01,7.838582400586745491e-01,7.236191511917329233e-01,9.483523920868650592e-01,6.415916860252555143e-01,9.908862346721524217e-01,9.137497016496360924e-01,7.464903149878676647e-01,6.082564006752761987e-01,4.622550355296476954e-01,3.879895524183025746e-01,6.210061195152399155e-02,4.013189291404685166e-01,7.708721761552405072e-01,4.161584927724856775e-01,4.272441981088085372e-01,3.468939589477919583e-01,4.682773739008934122e-01,8.075984939266226403e-01,9.653446616549989923e-01,5.793683142986179035e-01,8.633705013761303615e-01,8.439528034800255485e-01,3.182958707362721351e-01,4.625971814216921496e-01,7.025706517647767324e-01,6.273054837757389146e-01,8.407745352726638810e-01,9.301663873088056311e-01,8.503306411284540234e-01,6.043005698365807588e-01,4.148126440827029637e-01,7.036399138751769922e-01,6.983527446633584768e-02,6.254606749341267147e-01,6.795142897811721205e-01,4.798172742893510034e-01,6.459067619144922556e-01,6.018994075163039970e-01,8.621321949814808594e-01,5.673101859901670263e-01,4.338284286496197906e-01,3.678884393500307937e-01,2.886155429525675276e-01,9.587951153387561654e-01,7.602685599648768555e-01,8.488341170419688719e-01,5.134261744681740680e-01,9.204146047252503848e-01
8.604470300947815176e-01,3.940207451873374289e-01,9.481858356875085825e-01,8.767402587814575599e-01,9.229566793740122677e-01,8.829723606232936506e-01,6.987304034675637654e-01,4.120878618236176738e-01,1.190080833037954477e-01,0.000000000000000000e+00,6.947642315658667522e-01,4.988326630110454518e-01,8.974390855868276118e-01,8.490126999654149520e-01,7.529611824503061879e-01,9.064473447022439734e-01,9.227156553069117972e-01,7.392419827128587917e-01,4.347868301508862054e-01,4.300080666875236712e-01,4.667782827790009637e-01,5.364751542838321896e-01,7.466376092088579108e-01,8.911983759639795499e-01,7.627611187960048333e-01,5.524775138112848483e-01,8.830778453266657779e-01,6.567208685906930077e-01,9.325653311323551797e-01,6.949506763337397475e-01,7.086417076551219107e-01,1.980094082994384719e-01,7.412785224842847187e-01,4.857985402508402384e-01,4.877491186729066563e-01,7.593554178429022805e-01,5.252045853987801216e-01,7.299905241683144475e-01,4.606188123433674897e-01,5.121583003686115410e-01,6.817191833728771799e-01,5.151398820087601527e-01,6.916798229481742055e-01,5.447868036307943473e-01,8.026301949734118146e-01,3.819511188220673370e-01,6.531026033666538222e-01,8.790499640032528594e-01,6.561095734314090766e-01,8.147642230644760453e-01,2.019306817309550195e-01,6.612380690401646888e-01,9.548453725950027948e-01,9.068375148263858598e-01,7.207190502692012446e-01,7.133867773658737477e-01,4.148665529435632271e-01,9.800573537583369133e-01,8.707826990068303630e-01,6.244373622780494681e-01,3.804839575699932031e-01,3.181529374495666862e-01,3.838236037679371160e-01,7.980588916683843959e-01,9.771722186698746926e-01,5.490887812371788579e-01,6.223003749183493305e-01,6.777504337513416965e-01,5.770743843861925182e-01,6.279452128835233404e-01,8.778347849340282227e-01,5.098418984080009819e-01,7.771547200299762093e-01,3.596388031363674243e-01,8.506758828289620045e-01,2.506951464585137068e-01,4.667379599515985023e-01,7.162124016896006529e-01,2.370675824293434764e-01,2.274807148777969190e-01,6.888385681205813071e-01,9.001233925581103579e-01,5.050669405462293593e-01,6.299767484711075172e-01,5.639469024971270894e-01
6.809231126959950364e-01,9.644696562200478773e-01,9.223021690845140119e-01,7.022876589334318131e-01,9.430883017909235111e-01,8.443466467653769625e-01,5.467259309873780948e-01,7.595753080330250873e-01,2.110791139321782639e-01,6.947642315658667522e-01,0.000000000000000000e+00,7.371802454071476607e-01,8.488008399449878949e-01,8.845555418959044625e-01,9.295775885617622025e-01,5.165997658596575004e-01,8.931747294320185881e-01,6.172571269287877582e-01,4.098073570295253099e-01,9.922298509386906495e-01,4.547479664453673021e-01,9.235734266010047211e-01,8.295280204699208015e-01,7.718986949433532807e-01,9.239034933786886006e-01,8.452576444203072636e-01,6.151818139317987155e-01,6.039655794681924039e-01,6.224795959174368454e-01,7.875281575483681351e-01,3.890330578282781837e-01,7.474882228161812137e-01,3.770226637250259083e-01,7.384041115669665034e-01,6.221847073618833601e-01,4.048010804221374714e-01,6.487001403142254041e-01,6.383414928116121212e-01,8.837659612753414606e-01,6.941557972250890218e-01,6.205470058364858099e-01,3.179808068504581531e-01,7.327874297167724649e-01,7.080639862736882728e-01,7.603871605010581458e-01,5.644014625940805274e-01,8.334838588272979187e-01,5.710793978376849100e-01,6.722307704627790148e-01,7.547512480395270895e-01,7.326202784213593500e-01,8.906145504142081171e-01,9.381175743249368093e-01,9.587501685122925554e-01,6.476109671361822695e-01,8.144056196009287207e-01,5.111793361890833998e-01,4.926971979773092092e-01,8.239214260025511383e-01,2.415028216467927091e-01,2.785141494666768525e-01,7.812019585858198667e-01,6.854667793185477143e-01,7.372317679522060185e-01,8.284536853818241786e-01,6.992898102532506543e-01,6.982329992218418990e-01,7.966176171245205051e-01,6.158495818240163899e-01,7.524938260784128641e-01,8.509704780653346567e-01,8.730412345529242613e-01,6.100836622928630382e-01,3.971048847299732398e-01,4.549341455137402845e-01,7.699311138272382227e-01,5.011290735040692113e-01,7.595398304536985501e-01,3.749690605266679522e-01,2.130775302829192308e-01,6.500610129124364533e-01,7.066079913410676649e-01,8.495154454527250598e-01,7.807015199713854825e-01,7.827034740483505004e-01
8.437521700219097198e-01,5.138814628685803854e-01,7.967196497096316055e-01,9.243836987060929378e-01,8.236159393781478100e-01,8.150269745412229705e-01,6.091087045580946269e-01,5.657821561320887094e-01,4.599303332861572335e-01,4.988326630110454518e-01,7.371802454071476607e-01,0.000000000000000000e+00,8.119345648731467469e-01,8.565112450305353287e-01,4.606420379162737833e-01,-1.820200078149269707e-01,4.950367921166097251e-01,4.870767416263179772e-01,7.329755693673363215e-01,9.365988301029367635e-01,9.933761124894137096e-01,9.383495526193756930e-01,7.285196799967106340e-01,3.674810508967273348e-01,4.965464096416115081e-01,6.191937595297549723e-01,5.772873080290411574e-01,7.310265510358666674e-01,4.070707956123071347e-01,3.243092268929245736e-01,5.308849606258174703e-01,5.391435242248079351e-01,6.445963126783209596e-01,6.737447153268509847e-01,7.553332307583754401e-01,2.851201944411986822e-01,-8.416646324853994943e-02,6.756920913470930712e-01,7.297681668607229888e-01,8.016699017116648562e-01,4.244264122984798271e-01,6.302578868129072864e-01,8.256727108036538976e-01,6.142314103735262432e-01,9.456952934699583979e-01,6.132819683792849474e-01,7.218391300929127841e-01,4.186441723392189673e-01,4.751617301864353160e-01,9.273686864842600741e-01,4.125807702786526976e-01,6.742103999494282185e-01,7.068923716887423048e-01,4.720542815867596054e-01,7.484006996467773565e-01,8.556844936966393478e-01,7.524132984025972970e-01,6.271100196344121525e-01,6.232558627541125995e-01,2.830918380847083360e-01,4.325282836367758676e-01,5.686624677147091855e-01,3.465855730635892806e-01,9.912373313583422441e-01,6.553388297368243354e-01,5.007011967846474176e-01,7.954392581028189024e-01,9.350549194127438790e-01,5.912000059157607179e-01,8.895851996406209938e-01,3.123710585187924327e-01,5.200135429242136453e-01,9.001936448240498434e-01,8.809841388986523469e-01,5.784907242574911512e-01,6.830285429116511597e-01,9.366346328910613028e-01,9.436228212915024338e-01,6.522639111723331773e-01,3.719210799099686993e-01,6.582697071267578082e-01,7.827355016823736023e-01,3.189832882164649330e-01,7.278606189151501926e-01,6.547046446192449354e-01
3.373540395824679017e-01,7.934209159644187714e-01,3.351833525745954168e-01,8.169952213303546262e-01,9.225771814030475637e-01,7.397372326440141421e-01,8.435882368492957362e-01,9.763084287266279304e-01,8.265506370087661869e-01,8.974390855868276118e-01,8.488008399449878949e-01,8.119345648731467469e-01,0.000000000000000000e+00,9.089223657362563991e-01,8.688946615121239114e-01,7.982432450776363320e-01,5.416302079208191733e-01,9.029271522088908597e-01,8.051122795431954193e-01,6.152629573121074502e-01,8.876910767414772918e-01,9.494469481766254493e-01,4.712311082730309963e-01,7.870247828717703564e-01,9.969026914286018837e-01,4.894392466735414393e-01,7.073429129171880936e-01,7.013248955910870164e-01,3.608050235336503903e-02,6.373347099860398046e-01,4.161761647088577099e-01,6.219709499711607581e-01,5.558288845701268022e-01,9.544671971186101667e-01,9.877908856539144855e-01,5.671032933450714797e-01,3.770902643218356776e-01,7.524117982122762172e-01,8.480901857720235526e-01,6.880072522652287415e-01,6.792683891501773985e-01,6.168823271187966473e-01,9.020688718193964339e-01,8.935575739372401127e-01,9.151106736268671549e-01,7.077841847234944694e-01,7.080085047458541947e-01,4.314349223479769790e-01,6.692032746003022670e-01,5.622725958364379606e-01,9.316257213258052339e-01,8.434249032533878143e-01,8.338406862827441035e-01,8.538206191975608039e-01,7.672833101638777409e-01,9.358585211378006585e-01,2.595705404326043575e-01,8.609979091705443066e-01,5.800573976796793430e-01,3.899786154703238639e-01,4.370570519977916013e-01,6.632880537912902996e-01,7.626232127713776787e-01,7.567974641790734536e-01,8.003612806630197030e-01,6.137123273380165056e-01,7.844194350640842917e-01,9.459284011718999130e-01,7.758150364098621576e-01,9.573036527978882049e-01,9.529287015125794680e-01,4.392441560345284324e-01,3.283304722359636774e-01,4.449163727839502980e-01,5.211233287018868232e-01,4.207337886744808020e-01,8.609383813054289902e-01,7.886190662598768775e-01,2.530481732578133691e-01,6.764121106442975151e-01,5.401133688560993962e-01,7.757262774166187036e-01,6.100496201282308295e-01,6.065741440207166324e-01,6.706028330518996050e-01
6.124542877073185787e-01,2.156251291204128173e-01,7.871442558764744080e-01,8.117594121729133638e-01,8.975161391100006103e-01,6.789725469033305316e-01,7.458625813065492549e-01,4.942053044273023721e-01,6.769760917951772594e-01,8.490126999654149520e-01,8.845555418959044625e-01,8.565112450305353287e-01,9.089223657362563991e-01,0.000000000000000000e+00,7.776892287160072081e-01,8.376100737190949053e-01,2.410932776199259109e-01,7.517663430092493826e-01,7.510591288638784890e-01,7.566371160043692257e-01,9.018722082372477855e-01,9.028293947943401010e-01,4.669817682697497974e-01,7.433229281153967971e-01,1.150991274128943254e-01,5.251825504100721131e-01,8.335178434544507908e-01,7.045095075430135578e-01,5.962752764519960724e-01,3.606672886597669381e-01,3.898307096887088097e-01,6.985405279009023749e-01,7.147543569229385385e-01,3.811484701691039145e-01,7.827533516679249237e-01,8.884829605637277750e-01,7.629673884649056381e-01,2.203158227242650313e-01,8.148041749041269322e-01,8.702695326854199553e-01,5.516077678882712609e-01,7.637243227629169073e-01,8.815990286584066693e-01,6.338617410163303045e-01,7.455553262054818164e-01,8.288573722890794082e-01,5.779884635491505662e-01,6.314579491134353351e-01,9.674063989601574542e-01,8.609305141126797345e-01,7.085139275695774286e-01,9.280833755811868091e-01,4.652285306435037238e-01,4.887025002477286550e-01,5.790909949434140946e-01,2.288120410426489060e-01,9.270559036077620219e-01,9.928605134481134353e-01,9.295563925393348637e-01,5.112275895153733929e-01,3.614965028212183129e-01,9.255497423919564204e-01,3.294929078606829709e-01,8.345749025051159009e-01,8.070605746744645703e-01,6.570943115885986563e-01,6.175007405333944321e-01,8.367296041499192594e-01,6.046716671609553284e-01,4.029949607992306393e-01,9.046625226253203200e-01,6.258522247960680573e-01,7.728688185632808239e-01,2.162809222422050204e-01,2.496892042518795707e-01,6.848525785376839981e-01,7.983007055954114417e-01,9.499528751366712598e-01,6.056870798336508877e-01,4.913259516887935607e-01,5.625954868138086651e-01,9.415296377301547448e-01,6.981344521875485487e-01,7.872581336143096298e-01,1.398135273587756966e-01
9.355663806174708830e-01,8.190191934516867223e-01,7.933148622321120058e-01,3.973913076335728323e-01,3.317495024878517329e-01,5.731662033945896795e-01,7.698956434524741876e-01,9.895892922544418102e-01,9.067418225169255885e-01,7.529611824503061879e-01,9.295775885617622025e-01,4.606420379162737833e-01,8.688946615121239114e-01,7.776892287160072081e-01,0.000000000000000000e+00,7.198893897685767485e-01,9.565861281003912309e-01,8.378138688066947282e-01,9.930926696729078795e-01,6.285036872111963158e-01,4.288143323324636880e-01,9.923312630454870220e-01,9.508995968346164451e-01,8.873453604879296686e-01,6.228408297157906892e-01,4.475317492023708210e-01,6.196648431653548617e-01,5.362466835340452542e-01,5.576700240531173858e-01,1.982590914642389235e-01,2.729622258204039142e-01,2.729035917853276372e-01,9.822556653348978317e-01,5.516917503638434361e-01,6.437729771978047966e-01,2.262179757489053145e-01,3.277716139359172498e-01,5.126322806284144828e-01,1.882810893017633769e-01,5.715012314244402036e-01,3.488273706685106612e-01,6.369875659646306865e-01,8.916359334449778240e-01,6.260582354074053502e-01,8.234499987065818649e-01,8.673192346242605266e-01,9.987601904352872983e-01,3.078479436326320151e-01,5.606782846233104856e-01,4.431967028690662058e-01,9.283949296996825140e-01,7.034821017968597712e-01,6.053179026710205912e-01,2.688729416920940252e-01,7.514048259556724840e-01,9.336596565804669012e-01,8.572558572420623246e-01,9.721508204070485881e-01,7.440118388959902074e-01,6.050314697905238015e-01,6.508074906967389328e-01,1.478140972034423517e-01,6.721693482831389010e-01,8.269238200045524456e-01,9.498814566899933531e-01,5.113236777554679424e-01,4.849602707985426475e-01,8.071310626131688037e-01,3.922350152415989832e-01,6.216446238388551038e-01,7.668690866521223892e-01,9.091656792385478525e-01,2.270199428869146829e-01,4.285599536422949329e-01,6.994402959575490852e-01,5.415490553448913946e-01,6.079570170829335929e-01,8.269700421722797623e-01,1.142616858643032834e-01,3.275447095424476318e-01,8.482185317091563981e-01,6.907778114858024177e-01,7.315806547826333439e-01,7.135340551711677470e-02,4.845409852217360536e-01
5.888429240392955011e-01,5.619627363878705317e-01,7.516765373655625027e-01,6.395803216497465415e-01,7.617405429878554290e-01,9.679385169671287370e-01,6.256655862672243495e-01,-1.788958583605165242e-01,7.420716012454648958e-01,9.064473447022439734e-01,5.165997658596575004e-01,-1.820200078149269707e-01,7.982432450776363320e-01,8.376100737190949053e-01,7.198893897685767485e-01,0.000000000000000000e+00,6.105662372953755135e-01,7.553849954020405155e-01,5.889929170279175619e-01,7.999218699720811454e-01,7.503304363133129762e-01,4.858561188632775640e-01,6.030339348038935565e-01,8.460995263670632038e-01,8.482279242406349784e-01,7.504889316749986383e-01,8.357795215105674469e-01,4.488989988582257618e-01,-1.936168439306178990e-01,2.821771318502462322e-01,4.301307454064968727e-01,5.869961891283610456e-01,4.356588229301336934e-01,7.579932898736765345e-01,8.443131976003886985e-01,2.768997026264543582e-01,2.811435676420291352e-01,6.880524561420870988e-01,9.477346435921013557e-01,6.241698913510218549e-01,5.133796647710585637e-01,6.299818622505953813e-01,8.774114343822531081e-01,8.895243115167056347e-01,6.175738460221882331e-01,6.341344765135654704e-01,6.285312739707475949e-01,3.586859332000272849e-01,5.764894046912102388e-01,6.824743359685140343e-01,6.679961672205827483e-01,6.434407628355274245e-01,4.754563741238639341e-01,7.553439849791649952e-01,8.837213745383988295e-01,9.853530460029416016e-01,2.262527627249592277e-01,8.623297133848730756e-01,6.328234316186216457e-01,4.785615286461266660e-01,3.995641956130472350e-01,7.846099234117955845e-01,5.836678186026659221e-01,1.942663955144129095e-01,8.544999515866842366e-01,2.581886313380950537e-01,9.040356763724476385e-01,9.656329537805041774e-01,9.867687971962388893e-01,6.448779885548616697e-01,6.503278063659039265e-01,6.220941692067070150e-01,6.122214746545865394e-01,3.826046690697972874e-01,8.588244169784683413e-01,7.865957541352680549e-01,9.026235461432402518e-01,5.588986487338101217e-01,6.877331667603753251e-01,6.456315337376424823e-01,5.810517981402988363e-01,3.407064185681353274e-01,8.296450413941202084e-01,6.847700251735877597e-01,7.673340101166616911e-01
4.182731444595836900e-01,1.199397266567915205e-01,9.848835410649243727e-01,6.000699532057190977e-01,8.480621694615417816e-01,7.205910227429590531e-01,8.402252158344521993e-01,9.229473103561147695e-01,6.373321801414724153e-01,9.227156553069117972e-01,8.931747294320185881e-01,4.950367921166097251e-01,5.416302079208191733e-01,2.410932776199259109e-01,9.565861281003912309e-01,6.105662372953755135e-01,0.000000000000000000e+00,6.458571976104248158e-01,9.707522265191650401e-01,6.629434677821942623e-01,8.813000099921488584e-01,9.585721420935064963e-01,9.171157125489700634e-01,7.591837459288215406e-01,6.640266135898917899e-01,4.574584848667557768e-01,7.492679857729160897e-01,7.357875824331800985e-01,4.393683326255811705e-01,8.113938807785857632e-01,4.081278642006577750e-01,7.752566711556490020e-01,8.393625753047843085e-01,2.806773015757821343e-01,9.428852375312649636e-01,6.261260757415318956e-01,-9.264427661555667270e-02,6.090659982635078240e-01,4.693326116423328642e-01,9.830418186989852147e-01,5.521769780165736163e-01,9.294824492070230537e-01,9.340036503632875853e-01,6.138391642101476142e-01,9.321959156679503478e-01,9.893296839305159018e-01,3.776071235613380761e-01,9.671537856810998868e-01,6.894857180087143878e-01,9.520556888437954335e-01,6.077825875703506409e-01,9.689326571007675359e-02,9.280522912631057331e-01,4.115012132459001659e-01,9.545126218406015939e-01,8.447308269641740086e-01,3.644230748253261543e-01,8.980553222546839853e-01,9.787820653329293297e-01,7.932696537493221234e-01,4.501134042533699309e-01,4.510290512343330671e-01,5.273875160589207578e-01,5.836983443233034752e-01,6.626010919311889902e-01,9.537707669969999191e-01,4.922887597185219288e-01,9.153796163465705016e-01,7.740647007628788101e-01,8.581623423441531173e-01,9.494845128171801596e-01,6.060509458297616003e-01,3.356605840333280050e-02,7.354451407104444227e-01,5.278572751818079167e-01,8.064843020229115478e-01,8.035361641873886018e-01,8.109059167659258271e-01,5.475600991134939033e-01,1.594014797231367853e-01,9.220117515690269272e-01,5.102165752051853742e-01,7.048608212972373721e-01,7.222635726453796590e-01,7.271728273900608386e-01
8.654847709649717835e-01,1.123522060955865903e-01,8.742390108304852747e-01,7.599020407722721915e-01,9.063809885230186270e-01,9.419652579171017281e-01,6.166241613584495518e-01,6.436969551701969827e-01,3.140391270384901845e-01,7.392419827128587917e-01,6.172571269287877582e-01,4.870767416263179772e-01,9.029271522088908597e-01,7.517663430092493826e-01,8.378138688066947282e-01,7.553849954020405155e-01,6.458571976104248158e-01,0.000000000000000000e+00,5.293329269905044931e-01,8.309663189084451895e-01,7.317883886127267701e-01,9.509365199495630749e-01,7.951497546717078979e-01,5.560656707062646698e-01,4.744031237854494654e-01,7.801131005924131223e-01,4.565800989317256309e-01,6.837619947209030435e-01,2.113628196330326614e-01,6.669914285573498303e-01,4.020022297486245955e-01,7.900691123885763556e-01,7.807448900506113176e-01,3.012081540865374496e-01,7.774521775277374314e-01,3.675366051692114944e-01,3.462342082328000448e-01,9.851833998531045467e-01,5.986646597482032650e-01,2.195287501480592540e-01,5.259560019970117573e-01,9.226812699008245522e-01,6.044071582610608395e-01,2.407227294286339858e-01,7.194813213981244848e-01,9.738598156876818734e-01,6.580429885772494103e-01,7.729645216664619012e-01,8.737846945841013513e-01,5.696673959482160265e-01,3.127551020062644405e-01,6.031311853004273082e-01,8.756827826980115859e-01,9.015532280138718324e-01,6.955510849146027130e-01,8.349772497842886665e-01,6.730591621299398808e-01,9.097658000133341805e-01,3.365311675251136947e-01,5.574002196055628522e-01,1.220099990198900697e-01,4.621782505952560793e-01,7.578471339872145940e-01,9.468114849627928820e-01,7.068182791635937434e-01,3.649078490530990870e-01,9.543355505134313299e-01,8.995174751301031613e-01,6.384280725559893233e-01,9.640245830509244218e-01,6.679999831005308808e-01,9.978004676343535939e-01,3.785864419375233325e-01,6.389621797671481973e-01,5.959571808435117912e-01,8.754194586917691812e-01,4.490393418681072890e-01,9.097554118550812419e-01,5.002152258429546361e-01,7.412473506135651424e-02,6.998609757610401161e-01,3.109569366478316943e-01,3.538204150793019531e-01,8.580408159390037204e-01,9.392704137311277401e-01
