0.000000000000000000e+00,9.499075016795702764e-01,6.853031024554371298e-01,6.702458373148600934e-01,5.515969469870969366e-01,9.038403423442031848e-01,9.820080273413125393e-01,2.899921768926277954e-01,9.135936660375344465e-01,7.052669340209847260e-01,9.033128141132951150e-01,6.645618184746853174e-01,6.592664719414820240e-01,8.680078670558571963e-01,8.111423923057371477e-01,8.680116717411880956e-01,8.623686693335581577e-01,4.326444336104772748e-01,7.872254686778632493e-01,6.632773789070840476e-01,8.975841986874320000e-01,7.893491250925812608e-01,6.185945268031355360e-01,9.375410486534532239e-01,4.551624672862957244e-01,7.214681721121044555e-01,7.836305266216589960e-01,7.529866731963987814e-01,6.738080897239198119e-01,9.077738671755927191e-01,6.680625762737201212e-01,9.975150648784758545e-01,9.669115007836308617e-01,8.871149986030550938e-01,9.124650226637259776e-01,8.156349254906606339e-01,3.068974060058958231e-01,1.581943279481143050e-01,9.501240002887384462e-01,8.141789893201322181e-01,5.740444072604711234e-01,7.654270025283772538e-01,8.514189317770444188e-01,8.318918013044921400e-01,9.467905891952015374e-01,7.906860606061927310e-01,9.388360492551671710e-01,8.809178178020192485e-02,9.573329383910933466e-01,9.180745531152445515e-01,6.289500564518636372e-01,6.292305279905389126e-01,9.903766616101692399e-01,6.722822135089320250e-01,8.366235208637859966e-01,6.225969160597282226e-01,6.919111200348633250e-01,8.549095122339162023e-01,5.553487815090079049e-01,1.982494906654154454e-01,5.647209341339555211e-01,8.388927835503677821e-01,7.368161919067905963e-01,8.527013750033116679e-01,9.186745617346611104e-01,8.824505225546879217e-01,7.993919457496400094e-01,4.468721284249523862e-01,8.293601239414964965e-01,5.070645538011266940e-01,7.114229224998138701e-01,9.059148270205858999e-01,6.653982431646261464e-01,6.645851807379565823e-01,6.211824210299092819e-01,4.515008861929702966e-01,8.667505224455357427e-01,9.087509270430069730e-01,2.413871947896438219e-01,2.618672070940047947e-01,5.099618243731582901e-01,9.048731690677922490e-01,8.412137933919168198e-01,7.796576186959334187e-01,6.363365254964271633e-01
9.499075016795702764e-01,0.000000000000000000e+00,9.121972859997311556e-01,6.103075670916007223e-01,4.416032932265310379e-02,7.553836657200477811e-01,6.143910173354936166e-01,5.375621446790568303e-01,7.016671185249994114e-01,3.705062286950671080e-01,9.616780209698843063e-01,8.130268979743902058e-01,7.705567388626718417e-01,8.792416620818485073e-01,2.902019938998134929e-01,4.128141795358301058e-01,6.315804834263536449e-01,6.755806858943352866e-01,5.884754056462887517e-01,9.619452394603846823e-01,7.458411818836191420e-01,4.230143466710475919e-01,8.697021644478274416e-01,9.496478650279183142e-01,5.492303236315294601e-01,5.387744283177310356e-01,8.141014042872882772e-01,8.624079856358012330e-01,7.939412857318446370e-01,6.710945158938653732e-01,1.824071595324301340e-02,6.312481009642736396e-01,6.448926993091987914e-01,8.127630649548123198e-01,3.681322536471751672e-01,2.127466155798746761e-01,4.144001213440612896e-01,5.286880413170905735e-01,8.582929633678821890e-01,8.494585743317664139e-01,9.094264225215917818e-01,7.042549865483521687e-01,9.312933944679557818e-01,4.224885774390208515e-01,9.949395410606201029e-01,9.792979269891620708e-01,1.720998629555657855e-01,9.963762148158883392e-01,8.188814570651744562e-01,7.132729528851835532e-01,6.825776281797444334e-01,9.483310527985532312e-01,8.079189250566669589e-01,5.716832614036131410e-01,5.474522623332329641e-01,5.033696942405289088e-01,7.729449622328883329e-01,5.923554436541125234e-01,8.363836787641278914e-01,6.650214138590024859e-01,4.075060595930461993e-01,8.425159054133057879e-01,6.540770307483166901e-01,5.321749875216125192e-01,4.656892301657533650e-01,6.701043000499993241e-01,8.551426879385137791e-01,6.359980958458072431e-01,7.803667552987743061e-01,9.845538285757537977e-01,3.480025238474928617e-01,7.123197222536024054e-01,3.403827889528982520e-01,5.360913099250926850e-01,4.617637423394223561e-01,5.189376246605493792e-01,9.512506728385662358e-01,8.563061085763044034e-01,4.126188628493776545e-01,2.369832258557729443e-01,4.456389617807300363e-01,9.488714805605509284e-01,4.495730457376526101e-01,9.755466906909197045e-01,4.357543696849899284e-01
6.853031024554371298e-01,9.121972859997311556e-01,0.000000000000000000e+00,7.097195773587430256e-01,7.422007517533921739e-01,7.669667093663390389e-01,8.477888857920060639e-01,8.124119437843584368e-01,9.928998706629094118e-01,9.772841220463817091e-01,8.995533833672225699e-01,8.942554914679352596e-01,8.163901505095475519e-01,8.862320407546766532e-01,8.370904711347083582e-01,9.696643323067904996e-02,7.887804413650907343e-01,7.331256262676405511e-01,7.362098957782902131e-01,8.358878222679463343e-01,5.910848946028215423e-01,8.058379812595015679e-01,8.950477415849221741e-01,6.427263819649990939e-01,8.791297615202606774e-01,2.663036867899873372e-01,6.113264772131162816e-01,9.541087420223021143e-01,3.627760735279649262e-01,3.719804750412396555e-01,3.936151160333176691e-01,8.275013437341218747e-01,4.483593954464703546e-01,7.204503784461032678e-01,7.195256266033274173e-01,4.885254967341512433e-01,1.299369308198654593e-01,6.100909542666431706e-01,7.876785669438061133e-01,7.052982076905542907e-01,5.727152334825144075e-01,9.094088428916089484e-01,8.268019137574061928e-01,9.519055395985392964e-01,8.699565156101123353e-01,7.044962520134500084e-01,9.068516670102999555e-01,8.392954813380401058e-01,9.879095782022467853e-01,9.581318245700166658e-01,5.134814103155529441e-01,7.447756347196009541e-01,8.768751316527443329e-01,8.574917112746557324e-01,9.162753975078966606e-01,9.088577750193962412e-01,8.988104476911207286e-01,9.482850275372016746e-01,9.189411919964254327e-01,6.664387012309977987e-01,2.319738883463655088e-01,9.642897169383760625e-01,6.859995766163802244e-01,6.568307891227930240e-01,8.650007142243337777e-01,9.442873944557437227e-01,6.087470776965434593e-01,8.189149524960234183e-01,9.413322111465735054e-01,9.305488218288862079e-01,8.962239352737657594e-01,5.850442958957629003e-01,2.269344283968453557e-01,6.204454123185059178e-01,4.018803820117648473e-01,8.599625478708764481e-01,8.242744049883924395e-01,8.952770995657360897e-01,6.953343655857062711e-01,1.325833112740994468e-01,7.082383501748014121e-01,9.322851470565208798e-01,8.084254224715459181e-01,4.276661505838173505e-01,9.115735951259104075e-01
6.702458373148600934e-01,6.103075670916007223e-01,7.097195773587430256e-01,0.000000000000000000e+00,9.288009247857824668e-01,7.794465697393075931e-01,2.706152244803556872e-01,4.716446133857854495e-01,8.893878284027861847e-01,9.881728606005986126e-01,7.271917662392152204e-01,7.408943996492405315e-01,7.402650605821791130e-01,6.670382039979576572e-01,2.471178897783722905e-01,2.930587978865923926e-01,4.036192254705541771e-01,8.791300576934217847e-01,7.664771945022684774e-01,9.252933381621373243e-01,5.099362125388055000e-01,8.670639887403432944e-01,8.583840667558015891e-01,8.347952350157372692e-01,7.195519353387873629e-01,6.851860502015449939e-01,9.348071228233360008e-01,7.851519156591664217e-01,7.781032761284584209e-01,6.087166337150120565e-01,-1.283428167172956103e-01,7.418483312964999632e-01,6.452119327584038277e-01,6.344256153476711679e-01,8.918296603512865239e-01,1.445185217450999648e-01,6.117414240516984014e-01,7.522204976752979722e-01,4.636242919519475980e-01,9.280019827901272444e-01,-1.484904951004240026e-02,6.340091682549966468e-01,8.992937838513604953e-01,9.685326788683028543e-01,2.866867957570402858e-02,8.758832434533823097e-01,8.735592659532558368e-01,6.712330470308875974e-01,7.935509768807351705e-01,6.963270099765682675e-01,6.453198506234074650e-01,9.923364586229540540e-01,9.485458272474791563e-01,7.094121223934568565e-01,6.798596978280004866e-01,8.309209447476706423e-01,9.025387686226283845e-01,9.937341250535567383e-01,8.147709284525284090e-01,2.250810500096938338e-01,-1.101516999217141829e-01,6.046922100965251845e-01,6.097355320582966698e-01,6.761752535318886759e-01,6.106640298188026339e-01,5.122970732902057955e-01,6.774297951710090970e-01,8.373574836287961398e-01,4.894545559154909187e-01,6.045590724179499276e-01,6.945906774568600950e-01,5.623360215450067257e-01,8.140639616048719329e-01,7.411794828026219140e-01,4.091154108947795409e-01,6.610945333022683057e-01,9.417136136564900895e-01,4.824084998411107272e-01,5.058890460828966429e-01,-3.181479937767065502e-01,3.488845642356038779e-01,6.623040083367613962e-01,6.052040998786142323e-01,6.950541061615882477e-01,7.371664519824674411e-01
5.515969469870969366e-01,4.416032932265310379e-02,7.422007517533921739e-01,9.288009247857824668e-01,0.000000000000000000e+00,6.502031562249864782e-01,7.969484331849983061e-01,9.721488807049738501e-01,4.297077116661943141e-01,7.005194073288707468e-01,7.610400216969318565e-01,7.298988280649959526e-01,4.243813687055169037e-01,6.921690464323010383e-01,5.573437083611266774e-01,6.659933173596878087e-01,8.548891351303514741e-01,8.190342430631950554e-01,7.747417717210681731e-01,6.093503593917211081e-01,8.116007589584041115e-01,4.946572686965353682e-01,8.496939356438022450e-01,7.879513790083938485e-01,4.975870012539856391e-01,8.884749668000943013e-01,5.413543181690767536e-01,7.632819515762201412e-01,6.957961155493818106e-01,7.750406649916516955e-01,6.307478296560374564e-02,5.266933027534237421e-01,6.441819054440152126e-01,8.638362291681876970e-01,7.638525205816789621e-01,5.513052950234849092e-01,3.170636095708161406e-01,4.972089006256789068e-01,8.626450737006479130e-01,9.049498371164597099e-01,3.185737146173095446e-01,8.392478907365109597e-01,8.163225338350268423e-01,7.705654067300502508e-01,1.438606367555475274e-01,8.396359148042180642e-01,7.269980685720682789e-01,7.228260700242721271e-01,6.501826665443103392e-01,6.419061005641777395e-01,6.663065311678091351e-01,6.243312696583523946e-01,3.685863198732931556e-01,8.134866456328498918e-01,9.939390386170042779e-01,6.322255584317223454e-01,7.477465305978308052e-01,6.949705861445181210e-01,6.652625107857019771e-01,2.198486065921589905e-01,5.116255570601996316e-01,6.728574262493297597e-01,6.064035370659572877e-01,7.118654785236587790e-01,8.112859617801654322e-01,5.929984342911506223e-01,6.001422349258772604e-01,8.335331519172285430e-01,6.807774805393009832e-01,8.746087458128142256e-01,7.364734309731020279e-01,9.518482386386251104e-01,7.615955218536496485e-01,6.648408267589387410e-01,6.393017661997963952e-01,7.941782733810270889e-01,3.412666063437004293e-01,7.114712670669059991e-01,4.420233685445432159e-01,8.625480302839826086e-02,5.876714998347358776e-01,6.966292326451379857e-01,6.183990021174835539e-01,5.643774850687833800e-01,8.650921392443139402e-01
9.038403423442031848e-01,7.553836657200477811e-01,7.669667093663390389e-01,7.794465697393075931e-01,6.502031562249864782e-01,0.000000000000000000e+00,8.049239990612451212e-01,3.898775333759432193e-01,6.511017509080010424e-01,8.517304490397170635e-01,8.415352514322737010e-01,6.664421729010212569e-01,6.344883576464451780e-01,7.703031043284505053e-01,7.051099235965863077e-01,6.255952958566334265e-01,8.612935896329565466e-01,5.592583521842413585e-01,5.018178804912953872e-01,7.259975997871064290e-01,9.798387540369244419e-01,7.508564083892579344e-01,5.526563087728327828e-01,8.542927445099582906e-01,8.564514584959689314e-01,5.365133628718806724e-01,7.374040183325373254e-01,1.692017656351594429e-02,2.075832675964385809e-01,7.693988026267557512e-01,4.530743423612408893e-01,2.946012251274351401e-01,4.164142937238196618e-01,9.657062609342469406e-01,3.827740437305029442e-01,2.144091513285815154e-01,2.275465063421826598e-02,7.912939204755032874e-01,6.269066166860206568e-01,9.698580303096595578e-01,1.526449807184257768e-01,7.992357697063603439e-01,6.899244258416619147e-01,4.709271928918481454e-01,6.096666649473725386e-01,9.467150528141140553e-01,3.228921069489982254e-01,5.834206695764796446e-01,4.967266564292960318e-01,6.147065015002528554e-01,8.882123747280282755e-01,7.209918004672751790e-01,8.679972947101868286e-01,6.382421973009355654e-01,7.300134558563734499e-01,7.308871415665731952e-01,6.648663695114001015e-01,7.731636791248740481e-01,7.334450860931400751e-01,4.667892691323073384e-01,5.466708378210104469e-01,4.440749673335444014e-01,1.486484340668922932e-01,7.300958332628538772e-01,9.623254099320552868e-01,9.841600513022017438e-01,2.669784135212865950e-01,6.271699320898451724e-01,6.724577485662270870e-01,1.103861886108204876e-01,5.039386875975253588e-01,7.857100903958627036e-01,3.621827733185404297e-01,6.910893138955923609e-01,4.807464112380829269e-01,8.094697809289317370e-01,8.178504890674580530e-01,8.510925629540139203e-01,-2.377005744221353245e-01,7.189519715269833133e-01,7.376052812569455774e-01,3.056525633204355552e-01,8.856658189003349113e-01,5.515494122632983443e-01,7.291681998631205364e-01
9.820080273413125393e-01,6.143910173354936166e-01,8.477888857920060639e-01,2.706152244803556872e-01,7.969484331849983061e-01,8.049239990612451212e-01,0.000000000000000000e+00,6.562300906832156944e-01,4.634705640003272120e-01,3.137947824707484346e-01,2.857749668332086879e-01,7.567718012177989673e-01,7.791954728423018395e-01,4.485982628148091900e-01,6.986595978739932322e-01,5.690589924083939710e-01,7.023249274052648650e-01,4.765119691990681861e-01,7.130747825642220761e-01,7.145465916033658660e-01,6.421080507124077297e-01,6.519231808818578555e-01,7.036818859713671603e-01,7.477787000725127919e-01,1.257359323560080511e-01,3.133081614751963562e-01,4.498430656189439936e-01,3.514172284667510526e-01,-1.533467667131913070e-02,5.588003678588595591e-01,3.639108092609384393e-01,8.414016067816614264e-01,7.566957487486031253e-01,7.247463258546782416e-01,6.662131519256867529e-01,3.468008129469363210e-01,4.767688105955299460e-01,6.202924382942888171e-01,2.955945336623750919e-01,4.421275715959991914e-01,3.892489198685668006e-01,1.225414453253594743e-01,7.615535537276830746e-01,9.261690545951730691e-01,9.581322282562098058e-01,4.812402890100945796e-01,3.201610352724480468e-01,5.551592395097756372e-01,7.030508299959490337e-01,7.317284393983731761e-01,7.374225042072366509e-01,7.448139622987433039e-01,3.089940411420780686e-01,5.637055897057337006e-01,7.423795916518171056e-01,8.063297049430601104e-01,9.085429316909479081e-01,8.865742449844090656e-01,4.490900188779450852e-01,2.716188052610034598e-01,6.761839343122615364e-01,5.679237999678549143e-01,6.477076430137768126e-01,9.129444085148289423e-01,9.872128545210564488e-01,9.111213485674586332e-01,8.965265873110717099e-02,8.376546935255966275e-01,5.145496845345156611e-01,4.901393538116265436e-01,6.642056739458033210e-01,3.672000233170480965e-01,2.406692093928990972e-01,6.810942806888925505e-01,7.652371678355693874e-01,6.645002117427232236e-01,7.665770262821446357e-01,7.263269204211086905e-01,7.633040528403419733e-01,4.818986303788511116e-01,6.182368282852136465e-01,7.484492115582425109e-01,6.631126384468941648e-01,6.521336990405843803e-01,-6.604542336874688613e-02
2.899921768926277954e-01,5.375621446790568303e-01,8.124119437843584368e-01,4.716446133857854495e-01,9.721488807049738501e-01,3.898775333759432193e-01,6.562300906832156944e-01,0.000000000000000000e+00,3.368416205921375139e-01,5.594190420732335634e-01,6.665500656823668546e-01,9.980954872801178768e-01,4.433819359598421550e-01,8.726362178662456781e-01,6.373678356946804735e-01,8.744217006784583690e-01,8.898296641766002546e-01,6.629634793948731009e-01,5.193264514777450325e-01,9.748782779442579649e-01,6.444780874878627275e-01,1.608977024526599409e-01,7.684625924880793546e-01,7.685223927612523376e-01,8.485550787586041421e-01,5.413740212090676351e-01,6.256161141460364616e-01,6.571752283005644069e-01,4.968725329034241467e-01,2.390901960503953316e-01,1.091286218698037103e-01,5.980965630486141382e-01,7.502564576147155995e-01,7.433318442302374596e-01,6.953096310636247557e-01,2.490685483258619770e-01,5.420586014104944450e-01,7.869415776210015867e-01,7.449934971021705543e-01,7.688709800777934200e-01,6.165446535985882326e-01,6.066933707210486748e-01,5.953471052775723971e-01,6.823468509438123109e-01,8.616650246632333587e-01,6.043699678661241803e-01,7.809533794084462244e-01,7.692190128698244145e-01,7.153431383255104414e-01,5.885302461086989734e-01,4.124632140510167133e-01,7.197912425429930927e-01,2.889964267690228183e-01,6.098065440549367278e-01,8.146717143842010511e-01,4.337794788635416787e-01,3.402164234591383840e-01,6.176244693855034162e-01,9.255209521831165853e-01,7.612961024353108730e-01,2.809758341846305685e-01,4.543728986444034446e-01,2.675723290804546406e-01,4.494272408250616913e-01,9.991457590221176632e-01,7.475225146900393858e-01,6.062633907316163917e-01,8.360606999737881795e-01,7.477374939062702008e-01,8.739162701636229436e-01,5.385004980976998423e-01,5.559052059757518816e-01,4.635855662113747000e-01,4.947051580992197772e-01,4.512529288873080024e-01,-1.610338662345219274e-01,7.022508457228553436e-01,2.869025155392916915e-01,3.401583315553889930e-01,4.377897420390911565e-01,6.542635641749001696e-01,7.770036174108738702e-01,6.507327285878481415e-01,3.136888109551821957e-01,8.795431213436395446e-01
9.135936660375344465e-01,7.016671185249994114e-01,9.928998706629094118e-01,8.893878284027861847e-01,4.297077116661943141e-01,6.511017509080010424e-01,4.634705640003272120e-01,3.368416205921375139e-01,0.000000000000000000e+00,6.633743842945213354e-01,6.661810614959315924e-01,7.911768771507687870e-01,4.839248023518679664e-01,9.186061212826625022e-01,5.381891748628464534e-01,8.420485473510730401e-01,8.568717015147082616e-01,6.244225045912025207e-01,6.951025886819803823e-01,8.768795410291478909e-01,9.649290381655898363e-01,7.297039558909860224e-01,8.900207177229940703e-01,8.057890406301065900e-01,3.825797746989914039e-01,6.386226392338636426e-01,6.715839495479518639e-01,5.685841547789377559e-01,5.130767667115364583e-01,6.446044651530372649e-01,5.793660268117564183e-01,2.028438791035793998e-01,2.784952966009112130e-01,4.108955398270421333e-01,8.964974064144258792e-01,3.191802528003681028e-01,4.575343794144025589e-01,5.896710342679813976e-01,7.820147234154362081e-01,9.804106650421844371e-01,4.651727280816599919e-01,7.574525227227468793e-01,9.820301954546674095e-01,9.508719721433397387e-01,6.476630379786550984e-01,8.034734088583217471e-01,5.503810585595921845e-01,7.067585790690160685e-01,7.678431106935633688e-01,3.906263481888097022e-01,9.004343146008799703e-01,6.518745990632024423e-01,6.848756637966343375e-01,7.722341579430046510e-01,8.855144699563157751e-01,8.278462437313327538e-01,8.124245052940090028e-01,6.745741042652154684e-01,3.214323151369393727e-01,4.977485666058496516e-01,9.294862527269124319e-01,9.310562787281220221e-01,6.903277105717596784e-01,6.301114682283794899e-01,8.404274232007625800e-01,1.742160363482909979e-01,8.030219896878938446e-01,8.580423501556792010e-01,7.151048593700093381e-01,5.695357292270023519e-01,6.132764311642928678e-01,6.064773635976966615e-01,7.096094221264177548e-01,5.650475427422585462e-01,2.581549090628849630e-01,7.250048667739489305e-01,7.851495730202412426e-01,4.529423162748962839e-01,5.615586656776703212e-01,5.308722540380047539e-01,4.403638044199795210e-01,6.322479516555851164e-01,3.828243157207991132e-01,7.459377680670176147e-01,3.041087766163730888e-01
7.052669340209847260e-01,3.705062286950671080e-01,9.772841220463817091e-01,9.881728606005986126e-01,7.005194073288707468e-01,8.517304490397170635e-01,3.137947824707484346e-01,5.594190420732335634e-01,6.633743842945213354e-01,0.000000000000000000e+00,5.785269079814209237e-01,5.205526694608809679e-01,8.327808129728799802e-01,7.626040625122683103e-01,4.523941064990279481e-01,9.390806358122438802e-01,7.257692713263065309e-01,3.990568826699870675e-01,3.471807352805083013e-01,3.583471045118986620e-01,9.539188665725252259e-01,9.530239241882052514e-01,6.196235104020413331e-01,9.609780850772896565e-01,7.417589301916821531e-01,6.163990711821457635e-01,8.097841001130062777e-01,7.993883730108458652e-01,3.470663120834136528e-01,2.308874055602648523e-01,4.502225083424915009e-01,7.700799101253044121e-01,6.248670179126977198e-01,6.112010009008189693e-01,5.687884551627646612e-01,7.275467786107919776e-01,5.647374719932654052e-01,4.241310636148538094e-01,7.290647296158292434e-01,8.719993658026887751e-01,1.724982609417384863e-02,4.161352085424460667e-01,5.966050002999110369e-01,6.460255842440596474e-01,8.634876922812066979e-01,8.914597232310849106e-01,5.510022277444688310e-01,9.201456659442819319e-01,8.445872638462934567e-01,4.540914605936305359e-01,8.056647083943013765e-01,7.957300221468976975e-01,7.659673547295867690e-01,5.503332150105924025e-01,6.356956230471917380e-01,8.718025328552175823e-01,7.301620645572042267e-01,4.512389367447905419e-01,8.242453846496246017e-01,2.900562249216285249e-01,3.715785295121623033e-01,6.060795605191142688e-01,6.098883134901444958e-01,9.732760403525122506e-01,5.777938084412082009e-01,6.813886078241763178e-01,6.169478551735293470e-01,8.444499842412942492e-01,6.443465878911214251e-01,6.813558129102521566e-01,6.440242140728489328e-01,9.236735601054896216e-01,4.275059994228944671e-01,5.473955507958456757e-01,4.220261722009898131e-01,9.467748586056944360e-01,8.933813919945514659e-01,7.140125691662027041e-01,5.841682248547153296e-03,1.250166658690949617e-01,8.790788277356441638e-01,8.950193289498293847e-01,7.455021657575136018e-01,5.905640790585025002e-01,7.637667238613345955e-01
9.033128141132951150e-01,9.616780209698843063e-01,8.995533833672225699e-01,7.271917662392152204e-01,7.610400216969318565e-01,8.415352514322737010e-01,2.857749668332086879e-01,6.665500656823668546e-01,6.661810614959315924e-01,5.785269079814209237e-01,0.000000000000000000e+00,7.012324921935163546e-01,3.769865716696570446e-01,7.156986345733138410e-01,6.815044915220277444e-01,9.762205988238128462e-01,6.766293626295979413e-01,8.349991183667359040e-01,8.473084171143263621e-01,7.467268869385056407e-01,8.719809166520379184e-01,5.879982457892423131e-01,5.086502379870389001e-01,8.882914222805331494e-01,9.403415226376271585e-01,7.973469441993252804e-01,5.737858884571507279e-01,8.791639068087852005e-01,5.023096696853660559e-01,5.707138083743931167e-01,5.951820883629680425e-01,7.157015919931863923e-01,8.663447705668292365e-01,6.994428077661297705e-01,7.650419259528842275e-01,6.445977104030512495e-01,2.856429507772825782e-01,7.267587942644521126e-01,8.146329800245695196e-01,7.043726231048493824e-01,4.913067963253260340e-01,5.471272679213293744e-01,-7.028864883092880711e-02,4.086313899969041818e-01,6.615105047665954530e-01,8.695131273340652722e-01,6.321076081755214737e-01,3.686425726878359566e-01,-1.592305072303956681e-02,5.442649760842318551e-01,3.342147825669267158e-01,8.314011585122090819e-01,5.970636758322375170e-01,7.235519971372907921e-01,4.816398152107171926e-01,2.953809469936211629e-01,7.130951234485417567e-01,6.698409380999897911e-01,8.948983896576957475e-01,6.098443269691365964e-01,7.138654800189969674e-01,5.834424749648141617e-01,4.953450879520956973e-01,8.552311764258587745e-01,8.578548091175711710e-01,7.181799373792185914e-01,8.997767504793262594e-01,9.782620663536175654e-01,5.305573355077189968e-01,8.931497471293533552e-01,9.954790894894685049e-01,8.433783143696218509e-01,4.414350453612476133e-01,6.038934209347778248e-01,7.753505686962489651e-01,6.256179029707868988e-01,9.911075875448740469e-01,7.735834525704262665e-01,5.286924151088010504e-01,7.102369543079968262e-01,7.827784560613326725e-01,9.502452221990710379e-01,3.974090795010758459e-01,6.504347761385343984e-01,-2.964307872340100625e-01
6.645618184746853174e-01,8.130268979743902058e-01,8.942554914679352596e-01,7.408943996492405315e-01,7.298988280649959526e-01,6.664421729010212569e-01,7.567718012177989673e-01,9.980954872801178768e-01,7.911768771507687870e-01,5.205526694608809679e-01,7.012324921935163546e-01,0.000000000000000000e+00,8.221293809762000304e-01,7.650830691432028985e-01,7.551316691662823821e-01,7.044512677596027617e-01,5.478640451525189636e-01,6.047782940570177734e-01,7.459133639818990025e-01,8.103906386868648948e-01,5.193666179833021923e-01,9.380515450568334135e-01,8.408856947553818850e-01,8.041781275016017805e-01,5.589623504589636971e-01,8.033689622564890165e-01,9.176786720208177650e-01,7.995982424487748652e-01,1.987973769342677999e-01,1.965799365397569998e-01,5.098266161921320982e-01,4.415354716317686501e-01,7.746347515742681988e-01,8.707279827939469197e-01,7.846622690171048964e-01,4.434411612677715553e-01,2.125838831791325712e-01,7.738063437751002693e-01,3.902776603362961283e-01,8.471422903837695362e-01,1.746866450527353454e-01,7.722392720417434742e-01,7.747025687507634872e-01,6.913110092168704979e-01,8.976681629353794323e-01,5.459275780741545958e-01,6.683098799874350737e-01,9.665337135668219393e-01,5.577472457779361070e-01,7.849052181807870676e-01,4.052874805399053759e-01,7.727526729742251188e-01,7.143688864411377182e-01,5.831798648691053355e-01,6.753518831922333820e-01,8.902453362248142765e-01,5.363267064755786739e-01,7.967765640536428329e-01,8.541467347703918245e-01,1.150202277425614872e-01,3.031539720475567856e-01,8.532998701430267730e-01,7.224294130157514759e-01,8.250897488084023568e-01,9.706461673573659743e-01,6.067814240570718054e-01,8.175537986246835809e-01,9.902590590884736699e-01,4.954250207573825393e-01,7.934515729363310343e-02,9.445693580751820528e-01,6.711565803823003051e-01,3.074208299459363913e-01,9.336643056606422908e-01,3.182439114577041983e-01,7.629101967250409011e-01,7.002526337541935542e-01,5.936262924047490674e-01,6.678579298118476615e-01,5.375755912092321925e-02,3.980525805478610235e-01,8.845668143221235846e-01,5.300647924721431092e-01,7.985513326932682787e-01,6.205213683132123625e-01
6.592664719414820240e-01,7.705567388626718417e-01,8.163901505095475519e-01,7.402650605821791130e-01,4.243813687055169037e-01,6.344883576464451780e-01,7.791954728423018395e-01,4.433819359598421550e-01,4.839248023518679664e-01,8.327808129728799802e-01,3.769865716696570446e-01,8.221293809762000304e-01,0.000000000000000000e+00,6.009772922848864996e-01,6.507248292191232242e-01,7.323865182591203782e-01,9.412029682325749880e-01,7.662308375396810201e-01,5.253717868793215118e-01,7.643763676952047836e-01,8.690909405688695966e-01,8.554819541161384766e-01,5.308449799210118725e-01,9.291514690063253923e-01,6.731883107634000218e-01,6.826806699282588209e-01,7.230704865723956987e-01,8.792477375174491128e-01,6.949179400552654151e-01,6.914687262442200666e-01,1.942705183438875050e-01,4.881635272636778433e-01,2.364801799233073876e-01,8.951660065029375390e-01,8.552250108431824760e-01,3.232229510678182871e-01,3.542424414043189307e-01,9.164179799225307121e-01,9.299487856792134632e-01,8.839570847559764522e-01,5.845062396355734657e-01,7.661751064437144487e-01,8.779954617822089968e-01,6.642329961756239243e-01,6.523128414912688910e-01,6.239107900564284659e-01,3.675316658613847487e-01,7.144253697105953371e-01,8.011684224210844363e-01,6.538802277826122333e-01,7.738287859675413438e-01,8.314621629934275671e-01,3.641534638105862198e-01,2.154158807857949054e-02,6.133673324620987355e-01,6.156087909581114959e-01,7.077337592226242702e-01,7.986046580584359456e-01,7.407084980306543054e-01,5.070425460225446157e-01,4.424146124274998537e-01,5.192473628264603347e-01,6.363034003781329329e-01,8.095494540058354449e-01,8.671824851059054540e-01,8.365518569415575367e-01,5.896555281708677487e-01,6.655072935480152996e-01,4.826038571233902674e-01,7.861418068030381345e-01,9.120774906143820360e-01,3.057070829000708700e-01,5.342141686348806928e-01,5.408408317730466486e-01,7.555518701448298291e-01,3.274012614886724348e-01,9.695542318836687379e-01,4.651412970710409045e-01,6.955445162056711483e-01,4.573655415965982574e-01,7.441057628328148210e-01,9.109382590291137394e-01,8.692649440183324305e-01,5.146269814749347971e-01,8.402439905807097542e-01
8.680078670558571963e-01,8.792416620818485073e-01,8.862320407546766532e-01,6.670382039979576572e-01,6.921690464323010383e-01,7.703031043284505053e-01,4.485982628148091900e-01,8.726362178662456781e-01,9.186061212826625022e-01,7.626040625122683103e-01,7.156986345733138410e-01,7.650830691432028985e-01,6.009772922848864996e-01,0.000000000000000000e+00,8.678916442170961920e-01,8.198555461186615156e-01,9.207832137326870114e-01,9.042765861367715319e-01,5.403154113192594199e-01,9.565011089759974938e-01,7.443225138843529987e-01,6.485739661325378158e-01,8.075400416210818388e-01,6.202499743326785886e-01,4.164311952053956212e-01,6.589991068258460594e-01,9.646561143427986318e-01,8.891862827204507491e-01,3.785854672242249253e-01,7.956543801185452791e-01,6.193239636317583452e-01,6.634009373220876027e-01,7.775698973409694847e-01,5.995638236894065276e-01,4.141676169207418878e-01,5.005397722778606728e-02,6.239047230546094225e-01,8.800023933881199190e-01,7.166508020301666226e-01,5.676788772780418935e-01,4.128054186478000154e-01,8.223390205016019028e-01,9.219046058019201295e-01,6.801833859973902552e-01,9.848827078761722698e-01,7.165260022671006146e-01,8.305478500909126982e-01,6.936853640537528065e-01,4.492556800436219300e-01,5.050622446332708737e-01,8.016556183277845360e-01,8.518289724420737841e-01,5.024960156062896477e-01,5.041178540150363929e-01,9.693879022631378684e-01,9.772711503977943304e-01,3.351726526249713123e-01,7.277822723643093683e-01,5.513749263939503598e-01,6.504466384261606837e-01,6.734670121633411499e-01,5.202331234688700734e-01,5.335846768833637510e-01,4.388624041003115761e-01,8.217165120549810853e-01,7.325587090908366461e-01,3.662099422157625850e-01,9.797289683701883023e-01,7.667788034405393915e-01,1.605777939057816961e-01,8.269608535742350997e-01,6.087255421225513663e-01,4.740304095171781196e-01,7.724296378446378342e-02,4.373021379711749534e-01,4.206507790254090939e-01,8.166588879667037171e-01,2.516350902245113597e-01,9.375875064728297348e-01,7.692839203574549645e-01,4.262370413307069450e-01,1.933405107491533437e-01,9.922363493422179381e-01,2.297985632752760909e-01,9.842635281770449884e-01
8.111423923057371477e-01,2.902019938998134929e-01,8.370904711347083582e-01,2.471178897783722905e-01,5.573437083611266774e-01,7.051099235965863077e-01,6.986595978739932322e-01,6.373678356946804735e-01,5.381891748628464534e-01,4.523941064990279481e-01,6.815044915220277444e-01,7.551316691662823821e-01,6.507248292191232242e-01,8.678916442170961920e-01,0.000000000000000000e+00,6.438697031112428082e-01,7.028072063038288686e-01,4.467625154591937653e-01,4.090744788123051312e-01,8.155985241496410687e-01,9.938498614931883246e-01,5.440256561436238592e-01,7.832105920295399093e-01,6.246179301032486197e-01,8.609465585317981340e-01,4.805083479135545677e-01,7.100146166944062420e-01,9.513091346575637264e-01,5.580532494517775888e-01,3.196254291987546958e-01,5.639628882869863746e-01,2.031442386298134006e-01,3.013812113790051081e-02,6.880630646962327956e-01,7.658052356832115715e-01,7.715907189174064928e-01,4.841730573900244750e-01,6.411985437202445404e-01,9.306148418713838799e-01,6.962475787062758492e-01,5.084557831288000207e-01,3.908138659397217829e-01,7.902617081720397785e-01,8.157761434421411106e-01,8.081536539647869999e-01,7.104870028514306268e-01,4.569033613485447287e-02,4.387008924957925271e-01,4.570671146957629993e-01,5.574503187987983610e-01,7.188006010983811755e-01,2.863983180286439612e-01,6.347367684236751018e-01,6.867463555024675426e-01,8.806328929578517428e-01,8.396496502259106487e-01,5.188828629821740090e-01,7.649676536333783750e-01,2.375118655320612171e-01,1.853206353252674285e-02,5.998398317017532566e-01,9.328575524141241582e-01,6.632993071502994997e-01,8.136151629530382623e-01,7.500201726208213238e-01,3.199874694431708577e-01,8.227504604149855627e-01,5.812891631638652523e-01,5.169491553883478474e-01,4.496559085076451967e-01,7.219821316929087018e-01,9.279565337125245117e-01,4.294669340499954746e-01,5.013148654157442152e-01,5.750283665387673215e-01,3.128379931550703819e-01,7.353089333160915952e-01,3.257089137274759016e-01,4.003762956123660399e-01,2.917397275655810862e-01,5.134643479131609789e-01,6.207495397826268135e-01,8.792381837881896312e-01,5.200143349428624218e-01,3.433039647521605175e-01
8.680116717411880956e-01,4.128141795358301058e-01,9.696643323067904996e-02,2.930587978865923926e-01,6.659933173596878087e-01,6.255952958566334265e-01,5.690589924083939710e-01,8.744217006784583690e-01,8.420485473510730401e-01,9.390806358122438802e-01,9.762205988238128462e-01,7.044512677596027617e-01,7.323865182591203782e-01,8.198555461186615156e-01,6.438697031112428082e-01,0.000000000000000000e+00,8.382057705579817330e-01,6.135032937393939401e-01,6.150779882691419509e-01,9.005722844212150635e-01,9.420315018782733363e-01,9.029980683447172973e-01,9.533222034996503558e-01,5.866066485708441025e-01,5.651183060918194556e-01,4.596413796248853822e-01,8.784764291856328455e-01,9.523819078468005461e-01,1.758974367494469393e-01,5.666105881340852690e-01,5.959175160475040922e-01,6.692668421102127008e-01,8.119312187878112708e-01,5.286124545813944975e-01,5.406722113033589627e-01,3.698953636241145149e-01,2.960382946877938570e-01,6.863624759601646419e-01,9.078409162630188822e-01,6.635228921712386096e-01,7.748684139333972265e-01,4.236354891869063555e-01,8.098341846200148852e-01,6.695968235045615113e-01,8.132797381501634115e-01,6.342604520400356716e-01,5.651424547493868467e-01,9.081300740475017896e-01,4.246803469988486568e-01,6.565911124173846591e-01,6.001930825134704772e-01,4.988417772310078657e-01,9.320870674260357536e-01,4.350760369303955377e-01,6.797689281251227955e-01,6.655130296558933178e-01,9.031345592360449093e-01,7.090096242504080326e-01,5.210814054582958432e-01,-1.130153679461881056e-01,9.685784396952019648e-01,7.339918130171838584e-01,5.378802646252416331e-01,7.534523348175867774e-01,7.850835680262893135e-01,7.086406755808164482e-01,7.834911528530088543e-01,9.512579935221260330e-01,5.460336594552257505e-01,7.186064879082987300e-01,8.989269197496804198e-01,9.830557531868712173e-01,5.299580396586247577e-01,8.559067808781459785e-01,7.286963883486098359e-01,6.804125681582914309e-01,9.791241714766810711e-01,7.964663541876891850e-01,2.033921599362821242e-01,7.389173682761168704e-01,6.593602260377379176e-01,9.253543970203932378e-01,7.318155287296901346e-01,5.937433195608351477e-01,8.199011989179959548e-01
8.623686693335581577e-01,6.315804834263536449e-01,7.887804413650907343e-01,4.036192254705541771e-01,8.548891351303514741e-01,8.612935896329565466e-01,7.023249274052648650e-01,8.898296641766002546e-01,8.568717015147082616e-01,7.257692713263065309e-01,6.766293626295979413e-01,5.478640451525189636e-01,9.412029682325749880e-01,9.207832137326870114e-01,7.028072063038288686e-01,8.382057705579817330e-01,0.000000000000000000e+00,9.154283789192658727e-01,9.264579764002980333e-01,5.269895339759942399e-01,9.066957364004902820e-01,3.787017817010507326e-01,6.430175013250689631e-01,7.328320736320558249e-01,3.108458480567986015e-01,8.451043519231301593e-01,7.191882485787265411e-01,6.736651188826265901e-01,5.182127970036810582e-01,2.084071298165560138e-01,6.659561356050492931e-01,9.893416306500185664e-01,6.379729881567695049e-01,4.538571004513020646e-01,5.617433385118064670e-01,-2.257979042940413961e-02,1.519367336064235963e-01,7.450091402201698410e-01,8.878608823604454692e-01,7.756943086083927241e-01,4.716010650259699344e-01,6.189375345671523920e-01,2.087443361828972832e-01,7.722674809771632454e-01,9.171810426044338938e-01,8.571055039907332640e-01,6.903249682429769551e-01,3.149028211217037576e-01,8.776065669090008514e-01,7.051879867690038495e-01,7.382868645714040223e-01,9.795549757726988993e-01,9.546950762757555609e-01,8.352664405688259297e-01,8.433830323370614668e-01,8.160795536380524018e-01,9.656491176898032158e-01,5.306354061841157543e-01,6.775910361691215300e-01,1.250437185366465032e-01,9.345950907655086182e-01,8.860663399363476467e-01,6.667137406083862849e-01,8.841944435995675589e-01,8.036474807461063685e-01,5.651470719920905772e-01,9.112891939641603045e-01,8.119329229494151035e-01,9.301973660631702723e-01,9.560858407305463658e-01,5.356916932522994834e-01,9.326316039538327107e-01,4.641521507314673722e-01,5.913028296885907142e-01,8.335219346799551676e-01,9.386287383081161062e-01,5.478886486494014552e-01,9.383236913528341105e-01,2.166637871490215833e-02,4.058818368523409714e-01,4.594388754838180100e-01,7.458847852726244732e-01,9.025110995869082275e-01,2.267940565227208327e-01,5.176479522237251718e-01
4.326444336104772748e-01,6.755806858943352866e-01,7.331256262676405511e-01,8.791300576934217847e-01,8.190342430631950554e-01,5.592583521842413585e-01,4.765119691990681861e-01,6.629634793948731009e-01,6.244225045912025207e-01,3.990568826699870675e-01,8.349991183667359040e-01,6.047782940570177734e-01,7.662308375396810201e-01,9.042765861367715319e-01,4.467625154591937653e-01,6.135032937393939401e-01,9.154283789192658727e-01,0.000000000000000000e+00,5.074948941648939060e-01,6.388982862023678821e-01,8.434252415331207064e-01,7.617805596268877322e-01,6.854565593605131957e-01,7.560573372166535799e-01,5.950616316259123018e-01,9.489054474532375716e-01,7.749610306420378070e-01,7.536833334211040514e-01,2.720132926182763922e-01,2.787625907137315506e-01,3.355549410812638800e-01,6.491394994736592317e-01,7.419920259942442975e-01,9.342943013948651343e-01,6.246291544401721962e-01,7.712761969030628162e-01,5.429994844273813293e-01,6.302213952578101797e-01,8.421247123874585627e-01,9.300072179137414130e-01,4.592408028106427231e-01,7.611715326392096692e-01,8.682952752084662773e-01,9.330325297098703841e-01,7.209245315261363363e-01,8.460978732750114029e-01,9.147916817220839159e-01,8.632478594762817981e-01,5.585730583403323291e-01,4.609360258356776097e-01,1.888845197483307314e-01,5.844608471530617910e-01,9.235540995254190033e-01,6.741754165812197108e-01,8.038608349231325390e-01,8.706698002132796654e-01,6.088647538332275788e-01,6.262452624132723855e-01,4.915408479207454828e-01,6.409394470605769278e-01,6.682620200138028599e-01,5.426260228327817181e-01,7.445498029621639979e-01,7.049312490588625080e-01,6.822993632748898252e-01,6.824820298510994032e-01,9.233369508170521378e-01,6.117748055833898135e-01,4.060676474446694439e-01,6.630840517665184120e-01,8.509750943738787488e-01,9.283900399242852597e-01,6.620890578364000412e-01,7.758419335097831437e-01,5.692481871818041439e-01,3.492725736544018966e-01,8.726221835588633402e-01,8.925939685412244140e-01,5.601028288385112575e-01,2.056742458466102597e-01,4.067305260475015394e-01,4.626255829497920580e-01,6.205230557976263439e-01,6.151201187704271600e-01,7.129030212157386748e-01
