0.000000000000000000e+00,8.185727406492498970e-01,2.636351775429384703e-01,6.716666965329229910e-01,8.243530232197968655e-01,6.451554177429610348e-01,5.073069128847104148e-01,8.426346174748782225e-01,5.797586728608947887e-02,9.588256661209345610e-01,8.332956801367550348e-01,9.619003240632105767e-01,8.396893254665139805e-01,3.356392026084304980e-01,8.067709086214498448e-01,7.887873539389615996e-01,9.122789883381910991e-01,8.977208578670372585e-01,9.512588927310245968e-01,6.635634437161574972e-01,7.966464688438605890e-01,9.053930981736614259e-01,4.395834033620648063e-01,2.936287128003771674e-01,7.930684428795451435e-01,5.228835775573880129e-01,9.489965556195577578e-01,9.497116672655219194e-01,5.702092491340423619e-01,5.655367173500083222e-01,5.093076521887445196e-01,9.779968817567453732e-01,9.008690140734487706e-01,5.904455207746541756e-01,6.821952447809374043e-01,7.186799800108134573e-01,9.299707737894223891e-01,7.985029098433498174e-01,4.698757376615983472e-01,6.313978494715295486e-01,4.254257656218276562e-01,9.916057868131721298e-01,4.733341069500480724e-01,7.379416131839686699e-01,4.412094179411330530e-01,8.264857780314981417e-01,4.195603779120337662e-01,8.385980958744072566e-01,9.478371248075111444e-01,8.176902296984008833e-01,4.172109030119233730e-01,9.750386388100344970e-01,8.670100479453914932e-01,9.531344073833942776e-01,6.120274122596687238e-01,5.735731065988662891e-01,8.692309158936790681e-01,9.533964339423481871e-01,8.653767971445085472e-01,5.158307321828152769e-01,6.401609736665099248e-01,4.409044523098023527e-01,7.974554866772267658e-01,6.875276516853148223e-01,7.037187020913067137e-01,9.436446783010296047e-01,9.753538912308776787e-01,7.121619474963384322e-01,8.959580311016075438e-01,6.306846842400861686e-01,7.956061394291070732e-01,4.386644028342763790e-01,5.403141392506431995e-01,6.515367297515446410e-01,6.603564249524143115e-01,5.117101356056906747e-01,5.651770376477951441e-01,8.696054381402406053e-01,7.166637908632063347e-02,6.055917404984041685e-02,6.490855055223790915e-01,8.125029989111063333e-01,8.277075824947299765e-01,-4.536792950890708442e-02,1.553448872334833863e-01
8.185727406492498970e-01,0.000000000000000000e+00,8.048185207609489522e-01,8.600860378824495278e-01,6.780719898748207575e-01,6.569055559125117627e-01,7.846303128231768564e-01,4.386497119664747868e-01,6.138101317476546415e-01,2.645601350413039343e-01,6.581736273624176903e-01,6.809312205410202878e-01,7.779195761332686754e-01,7.798881920718510052e-01,9.535421118878177893e-01,1.039256592594447332e-01,9.356379179960629955e-01,7.887948859155811121e-01,7.181733955986262519e-01,7.655687261361401319e-01,5.384297030430900133e-01,7.266432607981332392e-01,9.389494691202036059e-01,9.922080080255369916e-01,7.635189461764657626e-01,5.545120219309195297e-01,7.807297953197275264e-01,4.162786829264679134e-01,7.991927345324223442e-01,9.256337983710387629e-01,3.226585398709321817e-01,4.191711817326873590e-01,2.632084146882602282e-01,4.814162216552830276e-01,6.485028495671376625e-01,3.598174225144016303e-01,3.443233194881749060e-01,7.449364019447983487e-02,8.951406522704871138e-01,6.072295100629426789e-01,-5.903370791437390075e-02,6.414417669587857418e-01,5.733050862397461866e-01,7.896787770931259498e-01,7.243150343551770787e-01,9.975926043611526017e-01,6.515099324890666344e-01,8.067591251069369251e-01,7.031681928419055705e-01,8.314919232954378625e-01,3.891400160347808779e-01,6.880663719142027235e-01,6.116005709955688596e-01,6.944854552618309196e-01,4.299397516595536706e-01,6.693782669934696949e-01,3.297495831177799097e-01,8.580461367318651389e-01,5.682349937391477646e-01,2.302564472879320978e-01,8.228981670591294373e-01,7.462459284744861199e-01,8.141191403780123625e-01,8.419685328911252764e-01,9.234974534108753019e-01,6.796311056333557143e-01,7.430460118667527869e-01,7.753794630047288194e-01,6.114574041466381837e-01,6.083657934045366700e-01,8.297388172530077988e-01,8.439273757450584945e-01,7.499310826681175879e-01,5.960980023674524730e-01,9.879141373786377578e-01,8.085035830318082484e-01,7.606061527214805773e-01,6.271772611388032326e-01,5.270472010440565569e-01,5.570808453028021079e-01,6.732187184736712071e-01,7.180382215678506874e-01,7.814018913971214619e-01,8.463620375542282859e-02,6.762375053484371845e-01
2.636351775429384703e-01,8.048185207609489522e-01,0.000000000000000000e+00,5.547369719532695420e-01,7.205069529449934507e-01,6.773667649351265974e-01,7.421361988355635875e-01,6.567287666234387089e-01,5.622999546957261341e-01,9.311272635461441682e-01,9.883741180158096551e-01,6.101740553286731927e-01,8.914712140399441154e-01,9.692774094421500175e-01,6.161560175368779868e-01,9.966910766817482781e-01,9.179906971212907774e-01,8.726945273023392069e-01,7.715041865661084186e-01,5.208958142540275338e-01,7.406505164509517014e-01,6.336392228169992480e-01,8.298343219130035475e-01,6.854345231670089245e-01,6.697020853777573279e-01,9.358920498821881040e-01,7.981707588529116659e-01,6.405840091991921170e-01,7.452090382488825160e-01,4.348236962493682856e-01,5.414853776219652470e-02,9.295401518189654322e-01,5.630615666450287105e-01,6.246571002152646601e-01,8.130815834478676285e-01,4.232717640123709879e-01,5.660361920446024819e-02,8.721388096718039051e-01,9.200953261435045327e-01,9.143471508791752855e-01,4.930407469612962945e-01,8.752487038274652242e-01,6.543573329844075692e-01,9.984178637799470124e-01,6.604867106201105509e-01,8.264970365834674038e-01,7.531182201557922173e-01,7.190953225136085258e-01,8.272404258092640461e-01,5.341036950580991816e-01,4.304138997448255233e-01,9.881860723296140847e-01,9.668652862637938661e-01,9.779645737535058725e-01,6.080926952416518816e-01,9.040765281961493649e-01,9.161378307721407266e-01,6.444788244024951540e-01,9.765746793902190248e-01,4.723720983635506521e-01,5.093507364328206943e-01,5.632620746247898325e-01,4.873157697097425523e-01,8.252352516265016869e-01,8.743316742002448239e-01,6.102880323096809834e-01,7.938851899479240082e-01,6.942740973115897329e-01,4.530497578707246009e-01,7.811208937059148649e-01,2.011666388385736082e-01,6.989369501784004068e-01,5.460470552250239473e-01,7.099340952875053956e-01,9.219782391062610882e-01,4.646096029585592424e-01,5.748194277770436456e-01,8.732727111711483525e-01,5.040472439384685588e-01,3.696634393095838966e-01,7.944169847253155226e-01,8.013799159340966316e-01,4.392214444915674143e-01,5.534407799294960295e-01,9.895911071489549293e-01
6.716666965329229910e-01,8.600860378824495278e-01,5.547369719532695420e-01,0.000000000000000000e+00,8.238492583362677646e-01,9.871091397519929922e-01,8.486311347476045430e-01,7.311364255132962731e-01,9.472394138528491547e-01,5.404597368192550766e-01,8.500277482879639024e-01,7.813318137062565949e-01,5.602847848437231271e-01,7.735135066020457639e-01,6.149390721506712287e-01,8.355600582861797410e-01,3.400114343262605754e-01,8.260754506844779632e-01,6.366020450723653967e-01,8.926231028510589471e-01,7.940295207871581606e-01,9.646340804651258871e-01,7.228954545983907742e-01,5.211633112840968751e-01,8.467844632176444453e-01,7.504700297028111811e-01,6.764634469497703417e-01,9.729190811634709224e-01,9.109926987232374040e-01,5.201689677551486479e-01,9.531418333553769440e-01,5.910602811738872031e-01,9.846117920668610024e-01,8.613260162518290297e-01,8.346597736963479175e-01,4.065076542229275613e-01,3.568208042627070142e-01,9.737020080687704970e-01,7.869234027638529749e-01,4.701236035321539886e-01,5.864669901846486511e-01,6.184085052343808453e-01,9.677134458399174743e-01,8.199778383489816358e-01,8.299385085733729239e-01,8.022754793869081302e-01,9.897734323645179799e-01,8.279089889784858602e-01,6.319384258207543237e-01,6.554878721253104557e-01,6.183798791067629530e-01,8.216816355790088622e-01,7.245931267126106690e-01,4.301568789405149640e-01,9.244039202604058536e-01,6.541054328808407758e-01,7.812407777902217187e-01,8.650796671487693823e-01,8.990441260283499325e-01,3.392868646818407163e-01,5.946016543807965959e-01,6.465862583443667821e-01,5.892156154012491154e-01,7.468836901178068644e-01,9.477520765409275239e-01,4.353640961958193945e-02,5.733210940620211415e-01,6.274029885360774550e-01,6.121413182738522085e-01,6.800647406614340751e-01,9.122996320174859841e-01,6.594456953264228316e-01,3.520388402597589561e-01,2.144907862946338339e-01,9.144162315788109119e-01,7.060156894939905170e-01,7.453808653558399167e-01,4.496032741204570304e-01,5.641775745669516118e-01,9.723358156387325313e-02,7.012153596843528902e-01,8.060932631359298828e-01,7.976331351716366980e-01,4.563829733934384181e-01,5.906352128765625098e-01
8.243530232197968655e-01,6.780719898748207575e-01,7.205069529449934507e-01,8.238492583362677646e-01,0.000000000000000000e+00,9.460306407823670938e-01,4.562697004137570289e-01,7.944974937337648813e-01,9.511324029204972774e-01,1.953588509228406100e-01,7.150979358609288461e-01,7.278209486137920958e-01,8.742734289601695741e-01,6.799860389086136436e-01,6.272317551854036388e-01,5.537788416900644162e-01,2.625579261850989887e-01,7.815331890689519723e-01,3.229321453746854254e-02,9.638828165893030819e-01,7.958213350984353340e-01,7.017335664975151710e-01,6.616513508324796122e-01,5.118109948950954058e-01,3.363278998118535146e-01,8.249503939760770566e-01,4.413477805552879496e-01,8.165415374880661270e-01,1.836933300458475082e-01,6.985831014222724233e-01,4.541497686607910422e-01,5.492885025708387214e-01,7.351938111014280075e-01,8.992427150991642026e-01,3.638922953820851736e-01,1.150154283980709402e-01,2.425052478971290171e-02,-8.863762528613532143e-02,6.209945753124814782e-01,9.268087835393479246e-01,2.162375686096378868e-01,7.522988349735313385e-01,5.288047472956187711e-01,9.432859502004897756e-01,7.277209830652134892e-01,8.887499181719360486e-01,7.307849510274259108e-01,8.852286604066199605e-01,6.101909354261680907e-01,4.889707271150970369e-01,7.550414755222828456e-01,5.125175396388265137e-01,5.838370840277771201e-01,6.935029869353401821e-01,9.018413727462081253e-01,6.924630383635026476e-01,7.575868593381764882e-01,9.087285900468077271e-01,9.337841837408445977e-01,4.277634673271687449e-01,3.867268006738043828e-01,5.844180829340310801e-01,5.896732628375115359e-01,7.476681097279136434e-01,6.852721526797981300e-01,6.263670775424032833e-01,7.317919812061355334e-01,7.845974996582216754e-01,4.474813049092286055e-01,8.502087589529183642e-01,4.383662233064476998e-01,7.416153370856322091e-01,8.158640180971603595e-01,3.642237562156485087e-01,4.570049652939700002e-01,9.183077603382808762e-01,6.435021998371535101e-01,2.597955344040211445e-01,-7.925031492419770673e-02,8.168353149643066413e-02,4.720918601524927705e-01,8.696646247949932906e-01,9.456757790577029477e-01,6.098116097794912260e-01,3.585347993990327664e-01
6.451554177429610348e-01,6.569055559125117627e-01,6.773667649351265974e-01,9.871091397519929922e-01,9.460306407823670938e-01,0.000000000000000000e+00,4.637849472696504716e-01,5.942825585068119976e-01,7.979056168687407302e-01,7.248249181400132635e-01,5.644594524160310156e-01,7.206945313694528288e-01,2.931880850958593632e-01,6.504630246729461440e-01,7.382225459048924465e-01,7.560543954792692256e-01,9.500593141915583129e-01,6.452868422910913448e-01,5.006734680517399561e-01,8.883871621521824968e-01,8.580204013701513421e-01,6.818588950255602965e-01,6.343547908510200894e-01,3.337233911906276607e-01,7.122172843976628531e-01,5.548890651402682561e-01,6.889748507098051311e-01,9.973930364789325154e-01,7.907117863911419242e-01,3.255456101364586075e-01,7.950830300542424123e-01,7.279448060129023457e-01,7.002269026136608288e-01,6.325363141290002433e-01,7.475812491208037036e-01,7.151012787149618743e-01,1.180840855761196018e-01,6.576370715601747019e-01,8.581411800726884698e-01,6.753140953184066930e-01,9.526326242808920153e-01,7.204436591954381797e-01,6.886191548522093697e-01,6.272630634966722685e-01,7.028261047096722169e-01,7.246636467765629197e-01,8.611919583753919749e-01,6.279739596168925075e-01,3.288805014181441222e-01,6.906023411791716304e-01,-1.355881341253484251e-01,7.763542074090907796e-01,6.068933013854539427e-01,6.685609770530649421e-01,8.823233883506916841e-01,7.308803924957434361e-01,7.900316296649022574e-01,7.653882831085775384e-01,2.155893295546918165e-01,6.437251588131587265e-01,7.176765475694333318e-01,1.656015336647763125e-01,9.451063107169216382e-01,7.530677058806598545e-01,9.522882139553565661e-01,8.564262651616449951e-01,6.525813628433364544e-01,4.779185423113571085e-01,6.866407572681334504e-01,6.932665319626426514e-01,5.935201480629552773e-01,5.526473283162315342e-01,4.182702408313963560e-01,4.230880775390125637e-01,6.676142761643039103e-01,6.540502770098348684e-01,8.385772459845135529e-01,7.770104385757421461e-01,6.414547083745847367e-01,7.510539096951133198e-01,9.439811678455009014e-01,6.553503702370777617e-01,7.583150883311050583e-01,3.698560760277913584e-01,5.313529940384000838e-01
5.073069128847104148e-01,7.846303128231768564e-01,7.421361988355635875e-01,8.486311347476045430e-01,4.562697004137570289e-01,4.637849472696504716e-01,0.000000000000000000e+00,3.502929111701197362e-01,7.564630935200650219e-01,4.663712267376210474e-01,6.122555239533586935e-01,6.644631304606056776e-01,7.409294900167957554e-01,6.666843977610572569e-01,7.595951977983566028e-01,5.092624960358133057e-01,9.508819306826639117e-01,7.587752827675671163e-01,2.547935737303986814e-01,8.664705696454063633e-01,9.248101346898173203e-01,3.609390862712426595e-01,7.405998274505783963e-01,7.590282775435783780e-01,4.901898939357665075e-01,4.996861223935734064e-01,5.910028125464721338e-01,7.681030869678078243e-01,4.641129993980515622e-01,5.513817701034272600e-01,-6.594517484543210850e-02,7.379285325939092255e-01,5.260582931370976212e-01,6.542219793166419439e-01,6.950120031991466885e-01,1.574386805342908591e-01,4.964395345875097232e-01,4.713232497139781263e-02,4.770867607436029556e-01,5.791761985008392344e-01,5.554899779790788417e-01,3.782562591273499475e-01,9.084621038035487484e-01,3.618019856659753231e-01,8.031774915052684038e-01,6.885750023839550815e-01,7.818872998850235900e-01,4.706050929587616838e-01,9.099139076556672645e-01,5.236075367210557552e-01,7.057358572514185191e-01,7.432885829399777933e-01,6.592508714268917602e-01,4.630880712165198476e-01,8.244733912728490210e-01,6.547692248796670444e-01,4.055234410721583194e-01,5.570974148145271254e-01,7.177768367427543872e-01,1.926717970282794123e-01,7.780864173251140770e-01,2.158719775533627094e-01,7.468095147289688374e-01,7.651464256585736035e-01,8.445299404256112474e-01,5.559148063756301772e-01,2.859973851920197263e-01,6.384132552487513657e-01,7.623814819156444766e-01,7.479970232009522935e-01,4.972982397039292235e-01,7.832807599343579730e-01,5.106599769086556107e-01,7.687516743604230207e-01,5.757860887612415990e-01,5.834395275062298492e-01,4.561733697957678912e-01,3.143522054790495179e-01,3.437531643137934356e-01,5.376293062947664625e-01,7.916344780542108328e-01,9.390904036066745064e-01,3.586137544575904723e-01,7.048295103617686630e-01,4.107914699010383197e-01
8.426346174748782225e-01,4.386497119664747868e-01,6.567287666234387089e-01,7.311364255132962731e-01,7.944974937337648813e-01,5.942825585068119976e-01,3.502929111701197362e-01,0.000000000000000000e+00,5.455845629964767296e-01,3.049572951175982261e-01,4.617055782853756174e-01,8.104000812926248631e-01,8.993922545731848350e-01,4.434699857270932299e-01,8.164880866508271440e-02,7.100307024366377950e-01,9.227151365918742076e-01,7.052850020810581544e-01,6.978300989577639335e-01,8.510474643787954152e-01,8.521972536753374960e-01,2.496901235262386221e-01,6.099621290749771552e-01,6.816434137504859825e-01,5.727726714939080921e-01,4.236761542388115531e-01,6.325661048218420568e-01,8.018188387535979400e-01,2.914068003015102271e-01,4.461659967551113715e-01,2.400469401791833213e-01,4.773319578541685426e-01,5.174144540251447433e-01,6.253098359759653446e-01,4.642135842709762539e-01,-1.336339239734030127e-01,5.236877277905782613e-03,7.898216780004047033e-01,8.254413016142547743e-01,6.771275601150328338e-01,8.635353576497093453e-01,6.386175944856163911e-01,5.031015514953021128e-01,2.304401099817977860e-01,3.680915442608592020e-02,3.732714859401645713e-01,3.792843597695795266e-01,8.824234395212620097e-01,5.794541682474220190e-01,4.668300324955247382e-01,6.561288160190097418e-01,4.895109600228543800e-01,3.785582273932889819e-01,4.549038253023547640e-02,8.033447621094871316e-01,6.727905898176855803e-01,5.404146440322847855e-01,2.514938328597529638e-01,7.805522237186972578e-01,4.315621680960968209e-01,4.410198966907373230e-01,5.532184054922999472e-01,7.434894534121240239e-01,5.559941950376471320e-01,8.963634535242404056e-01,7.668439589787048316e-01,5.277036308039079193e-01,7.066960984191283934e-01,9.441063148664785576e-01,6.847937809133963771e-01,5.085250519610756692e-01,7.885978279873236962e-01,3.324923660115761681e-01,-1.560467661482242419e-01,6.166809474183161388e-01,-7.531928898171440234e-02,5.274155517727496800e-01,5.705431796843120074e-01,7.845056224011013324e-01,2.976875442734090438e-01,3.329629433578288333e-01,2.649927924275640168e-01,7.590719444412782346e-01,6.183580142805528146e-01,5.483654210565308551e-01
5.797586728608947887e-02,6.138101317476546415e-01,5.622999546957261341e-01,9.472394138528491547e-01,9.511324029204972774e-01,7.979056168687407302e-01,7.564630935200650219e-01,5.455845629964767296e-01,0.000000000000000000e+00,7.408967917458555985e-02,6.786941780672636204e-01,7.933078885298642247e-01,8.458273300143852591e-01,4.722903223336342160e-01,4.581713838328621557e-01,4.843156881121579715e-01,6.370618693038538893e-01,6.689287114022181013e-01,2.540215238108267659e-02,8.146011952800089606e-01,4.205558663639885064e-01,6.295064011452838892e-01,7.348825660156067530e-01,5.707342351657261892e-01,5.781272258493987959e-01,4.301326578178054083e-01,8.939761778189180275e-01,8.723251229800957907e-01,5.847718153464793733e-01,7.695778999845983570e-01,3.081970185176133858e-01,2.747955502587406951e-02,9.118388747967409724e-01,7.766148505761585330e-01,5.198400451764032537e-01,5.719966872342741038e-02,2.786145483928251787e-01,8.716925222492547531e-01,9.908094846404911227e-01,8.680137316861220587e-01,5.741007470760632891e-01,6.787270666561350252e-01,6.260780250412636416e-01,8.089964819214569003e-01,9.101451280605491467e-01,8.795296067029403364e-01,7.169013426175195880e-01,9.659715858570911973e-01,7.923647371549409346e-01,8.484669763394986353e-01,6.992778401411289257e-01,6.243624044921201044e-01,3.792679306661524419e-01,2.603232657860966581e-01,9.963371418763578014e-01,6.027589643684239107e-01,4.780192896710033224e-01,9.009710630486033045e-01,8.532675619372244169e-01,3.536346155544281555e-01,4.053756043181004354e-01,4.818516293749086632e-01,5.467751102813881436e-01,7.529222086732603181e-01,6.276122121137293064e-01,7.284687109652010495e-01,5.106360469761471732e-01,7.839677261000788100e-01,2.982176013507903956e-01,-7.782584484688807869e-02,8.451096442916462559e-01,4.165586262097489834e-01,3.379389699196395092e-01,6.152484226974215265e-01,2.590435291004450358e-01,7.616039999681808448e-01,7.521186584091911209e-01,5.424907543085308870e-01,-1.913820803824032302e-01,4.073798633554277515e-01,4.482731877904458373e-01,8.103413411912384623e-01,9.342874570488957087e-01,6.640734716736025334e-01,7.196960467454512900e-01
9.588256661209345610e-01,2.645601350413039343e-01,9.311272635461441682e-01,5.404597368192550766e-01,1.953588509228406100e-01,7.248249181400132635e-01,4.663712267376210474e-01,3.049572951175982261e-01,7.408967917458555985e-02,0.000000000000000000e+00,7.733240421433386080e-01,9.244710980517988341e-01,5.301953231066525163e-01,7.792586294686104642e-01,5.399632024793434848e-01,1.894438475064876559e-01,8.589359118178567787e-01,8.680837801430024703e-01,7.283239662570984985e-01,8.094982731700594014e-01,8.318101663921135813e-01,7.872731500808946015e-01,4.554619696695444420e-01,9.816076199086471998e-01,7.069226068614029579e-01,5.536662943981638385e-01,6.585871948064129233e-01,5.323710611459451236e-01,1.566467725789316701e-01,2.327758163719337026e-01,6.695959893607059676e-01,8.923645978777646759e-01,2.467095436336138592e-01,7.648476415836955589e-01,7.252765914881551534e-01,6.419338859580976386e-01,7.898920891367657848e-01,6.709731853915048561e-01,2.504644304696999196e-02,9.339207710878986157e-01,2.552449682791887997e-01,7.062137771843367551e-01,5.990387145672091407e-01,8.661619561326960870e-01,8.348656399454106314e-01,5.656579561045343985e-01,5.764724337890615447e-01,9.498604092176390346e-01,5.941645084486866235e-01,7.624158613958867958e-01,3.722586598181117368e-01,8.360971803882244480e-01,5.533742257518892149e-01,2.967797383854977600e-01,9.381625015883511276e-01,6.851949306014780694e-01,6.127424173416058384e-01,3.682503609782333820e-01,5.506841704141468563e-01,2.947906874183289228e-01,6.948245797762668818e-01,6.863798727652975495e-01,4.152143644000093614e-01,7.817526127517540058e-01,8.909983287785577799e-01,5.813243385864103052e-01,7.673100773403072061e-01,8.144736582822860171e-01,1.891238808077644884e-01,7.799341081937931630e-01,8.098478950645134899e-01,6.769732794948211119e-01,7.120687733202293312e-01,8.322495912502306803e-01,7.675282788836548242e-01,2.657309680786013595e-01,6.822921321895482061e-01,7.542338812171076601e-01,4.329974971764085634e-01,8.385916126282653982e-02,6.751625325030938818e-01,9.366378012324427793e-01,8.911241124867138597e-01,3.163883681292533057e-01,6.857162944834680474e-01
8.332956801367550348e-01,6.581736273624176903e-01,9.883741180158096551e-01,8.500277482879639024e-01,7.150979358609288461e-01,5.644594524160310156e-01,6.122555239533586935e-01,4.617055782853756174e-01,6.786941780672636204e-01,7.733240421433386080e-01,0.000000000000000000e+00,6.650695548395131329e-01,6.982439636786289539e-01,6.105744600357215779e-01,4.983335286609711923e-01,6.617513118114900506e-01,6.651000420852959394e-01,7.850222894631577741e-01,1.040305616193413080e-01,5.668015417962900537e-01,6.533569031712280761e-01,7.264245078205987527e-01,8.884701218343709073e-01,7.637353457410049895e-01,1.046027625097915720e-01,4.592384218228219295e-01,6.249587963494184217e-01,6.259724664171871789e-01,5.649576746194433507e-01,9.655064135981289430e-01,2.812681090288473573e-01,5.417406850126479378e-01,7.082246477032193566e-01,4.127263539292545524e-01,6.476270050766522735e-01,-2.252135333932707428e-01,7.645261400095572091e-01,7.864542756440306981e-02,7.036636186578854035e-01,8.872291259458089385e-01,5.031429231907117439e-01,8.852103246334296349e-01,9.163164027483816643e-01,7.064997111383365391e-01,5.404631237308110681e-01,8.261914760626508647e-01,5.393048666252371337e-01,3.846269585963858484e-01,5.521333664394554308e-01,7.520862425502564674e-01,3.865747484507570109e-01,7.436233187682306234e-01,4.870262470639743491e-01,6.776972830879557375e-01,5.149719645350898656e-01,9.693560509379676171e-01,6.532676654651606851e-01,3.173054701296245117e-01,5.790745611172296581e-01,7.071854155718854118e-01,3.161537473767036532e-01,8.705869240302398504e-01,6.323467342212194531e-01,7.599214541211277707e-01,9.730030311205505322e-01,2.401235219201097726e-01,4.370094836399474048e-01,4.466936686318180860e-01,6.570637560993157766e-01,3.619549904103890881e-01,8.553377385689275858e-01,7.896849835536008388e-01,8.630060432771746726e-01,6.534554289609895150e-01,2.153608889352917333e-01,6.149942663141136912e-01,5.515616078584129056e-01,-1.695326793853718650e-02,4.039476958264111017e-01,7.282743426603193182e-01,5.523726456800134299e-01,9.856681645041671658e-01,8.081005794011671961e-01,6.239265352546704557e-01,4.934924300060333779e-01
9.619003240632105767e-01,6.809312205410202878e-01,6.101740553286731927e-01,7.813318137062565949e-01,7.278209486137920958e-01,7.206945313694528288e-01,6.644631304606056776e-01,8.104000812926248631e-01,7.933078885298642247e-01,9.244710980517988341e-01,6.650695548395131329e-01,0.000000000000000000e+00,5.290607111220997361e-01,5.723960809828569918e-01,8.484228656303731686e-01,9.607576813487024581e-02,8.245885702913754445e-01,3.950667416592157921e-01,3.023101970329730714e-01,9.148414305316270312e-01,9.769511393538303778e-01,4.324186929445062444e-01,8.384945804688315185e-01,7.035315585269205085e-01,4.000804362498828759e-01,8.403440851555099567e-01,7.337795476105191117e-01,9.573882299087015380e-01,5.125640379590914453e-01,3.815845873014764855e-01,2.662359150927114948e-01,5.164917478812361962e-01,7.411717048558505994e-01,5.204200346238971875e-01,4.281035876976181376e-01,3.810050931454625478e-01,2.571484781616924509e-01,5.963745406484634026e-01,9.218081482677970007e-01,5.357503444029830808e-01,7.632302383431220916e-01,9.359826047818685657e-01,8.497099378643068190e-01,9.600989569627067510e-01,9.536238109948473873e-01,7.094452062133200787e-01,8.530362714995842754e-01,8.438898367997935690e-01,8.332218041971652944e-01,7.567529328390033561e-01,-8.508947131148393572e-02,3.679474455310996484e-01,7.829836111031924784e-01,6.655490889586419545e-01,9.751422468124961718e-01,2.015451245241521028e-01,6.717281070763092554e-01,9.387132378850755465e-01,9.746331741288858375e-01,7.165529953181049017e-01,5.976854290628178523e-01,7.515305249598285275e-01,7.858782712382742508e-01,7.132005655982509573e-01,8.913721084600558786e-01,9.343062043733780797e-01,5.589114981657943293e-01,3.050634688258278132e-02,9.494268102718339541e-01,9.525963645840912486e-02,8.464426576061747642e-01,9.087510746301623588e-01,5.828006025791060418e-01,2.708140008938715315e-01,1.581266123705794835e-01,6.502498848504741913e-01,8.560299355919485098e-01,4.385090843947452299e-01,7.345671836219087592e-01,5.920291997392906902e-01,6.772502868066987425e-01,5.544417148732564415e-01,8.424587000607889342e-01,7.407555602671769268e-01,6.054859289496490327e-01
8.396893254665139805e-01,7.779195761332686754e-01,8.914712140399441154e-01,5.602847848437231271e-01,8.742734289601695741e-01,2.931880850958593632e-01,7.409294900167957554e-01,8.993922545731848350e-01,8.458273300143852591e-01,5.301953231066525163e-01,6.982439636786289539e-01,5.290607111220997361e-01,0.000000000000000000e+00,7.104298059456050085e-01,4.433707825624977894e-01,7.781860857596625269e-01,9.562643599993875254e-01,7.209469252120905836e-01,4.869940480842085417e-01,6.191124332471069636e-01,8.904263908878399247e-01,2.231707969634345312e-01,6.568488279045627820e-01,4.250754752452023943e-01,5.659234466648140893e-01,3.505497317337162855e-01,9.303565125214616760e-01,5.926258093994692944e-01,4.149826223959366955e-01,2.848259514118928193e-01,4.711967898775141772e-01,6.512329836992096777e-01,4.776898853110532195e-01,5.921951166258883070e-01,8.138502249869467020e-01,2.927671880139354754e-01,6.797700099483239278e-01,8.125064687047904854e-01,8.401003713774173320e-01,9.245291815119394130e-01,4.404289815113691664e-01,8.990948541554804052e-01,6.595888016351384442e-01,5.743114421029000827e-01,9.511735449068076109e-01,2.743448489200938090e-01,7.978457933879233854e-01,8.962300861144103514e-01,6.030396795704605628e-01,6.110787600902369832e-01,8.958378335014175464e-01,9.681846249350888334e-01,9.083555217253929115e-01,4.807449676735595090e-01,5.351954382498973484e-01,4.435813010624419794e-01,7.375234565084595184e-01,8.307035393861973427e-01,8.668852719116807437e-01,6.322454015623034662e-01,8.612017703128125312e-01,6.798081389867476343e-01,3.121995493152160406e-01,8.015398629617471737e-01,7.248968808409754772e-01,9.402590930867678054e-01,7.502823133904119590e-01,8.366264692992562146e-01,4.159120731591299247e-01,2.361266050994415000e-01,6.917502076771728792e-01,6.792977425354493892e-01,2.831588318231407775e-01,3.876501786427991592e-01,4.632727884356588333e-01,2.179750890534661312e-01,8.442102833678517548e-01,4.729692887646826938e-01,5.511407774106198421e-01,5.384185552290485788e-01,4.656488124704145082e-01,9.009949844002926866e-01,6.817067826780824902e-01,2.004665680981918829e-01,1.256069178158236710e-01
3.356392026084304980e-01,7.798881920718510052e-01,9.692774094421500175e-01,7.735135066020457639e-01,6.799860389086136436e-01,6.504630246729461440e-01,6.666843977610572569e-01,4.434699857270932299e-01,4.722903223336342160e-01,7.792586294686104642e-01,6.105744600357215779e-01,5.723960809828569918e-01,7.104298059456050085e-01,0.000000000000000000e+00,9.331724860631351870e-01,9.572372074116528573e-01,8.005842680112527088e-01,6.501946341784066163e-01,7.466550204943138702e-01,8.520717026219539747e-01,6.804652672762897536e-01,4.928189482251669751e-01,8.229483331086454578e-01,4.215343941726573673e-01,7.206777732547573478e-01,6.783306345068494947e-01,6.120574076919703677e-01,4.611044267342711001e-01,7.607804903610826397e-01,3.367163244057946869e-01,6.356021477292139732e-01,3.954996919042177428e-01,5.638690926695874017e-01,6.783394422322597261e-01,4.683197285284944611e-01,2.723045100205383484e-01,2.558618299040534283e-01,9.994512825534758171e-01,8.675391344630150048e-01,5.870575270471235507e-01,6.727150063336950758e-01,9.000478304456471790e-01,3.375182400611173028e-01,5.745335065021561771e-01,6.695682333934040997e-01,8.923779318334448263e-01,5.642785473251789030e-01,2.456877741643806456e-01,6.000288496227300650e-01,8.467863903109705825e-01,9.076341009881242483e-01,7.587963898903886673e-01,7.512679651129483549e-01,9.799276913152207280e-01,5.060450912460136008e-01,6.746905316000524344e-01,6.634651098652367684e-01,8.184880578106765725e-01,8.583790256879310077e-01,7.840831332230774331e-01,3.547252090010846043e-02,9.075249979477189033e-01,3.204047452521766592e-01,7.275690637693147389e-01,8.550878629727451941e-01,2.186755183988475515e-01,3.838980645567214856e-01,9.905902997989938230e-01,7.905329482333834923e-01,6.022132885711076744e-01,8.129020434811962126e-01,6.860046329405506960e-01,6.102834319501362348e-01,7.439462197767938711e-01,5.753830572286104950e-01,5.168571094016217726e-01,3.202426102601533264e-01,9.432581044547534432e-01,1.934474727251793147e-01,3.031319694448402213e-01,6.892336637252021170e-01,9.696680335672271944e-01,6.060896300968627859e-01,-5.973864242191651019e-03,7.113343077967606565e-01
8.067709086214498448e-01,9.535421118878177893e-01,6.161560175368779868e-01,6.149390721506712287e-01,6.272317551854036388e-01,7.382225459048924465e-01,7.595951977983566028e-01,8.164880866508271440e-02,4.581713838328621557e-01,5.399632024793434848e-01,4.983335286609711923e-01,8.484228656303731686e-01,4.433707825624977894e-01,9.331724860631351870e-01,0.000000000000000000e+00,7.063825143610953372e-01,7.381496347176171868e-01,9.616910398642474211e-01,4.364171385143874038e-01,9.497858999121457924e-01,9.099656207622148774e-01,4.457423403362857361e-01,4.200524138548369368e-01,7.999501069009045118e-01,6.152201701212427487e-01,7.489477371469765998e-01,8.806332752421781596e-01,7.715943050304328032e-01,6.517668843899689923e-01,5.154965741532264722e-01,7.765711196880507039e-01,5.660603468053482246e-01,6.460850492963851055e-01,5.334933238333194883e-01,4.115382254942425710e-01,7.411669150649506932e-01,7.184459132263724124e-01,4.869320426177957128e-01,-5.374254796786770427e-03,4.772924519153523559e-01,7.171199027211048183e-01,6.582703271076026930e-01,8.235918308732100845e-01,2.569612186244428775e-01,9.564898041901529480e-01,6.989282791888169477e-01,6.110429114546269691e-01,8.294813016745478107e-01,6.164581100695691873e-01,7.534507836030478467e-01,5.117344104988909015e-01,6.016610685081159593e-01,7.287520740455496471e-01,7.022966978857985154e-01,4.040986607195114488e-01,7.676116004337407706e-01,7.530862892304908129e-01,4.122393981789216344e-01,9.824272647959190197e-01,5.201799206197884606e-01,6.208526159070859585e-01,8.292102070866727015e-01,3.208920320959189332e-01,8.405021339796738822e-01,7.087546870687192468e-01,3.549217662481862767e-01,5.165924021360794871e-01,8.819933471873215858e-01,7.275538699623932404e-01,5.445757584968817788e-01,8.108192559364748586e-01,5.764824410294647761e-01,5.640691703617704000e-01,3.018709299138105928e-01,4.428242786973690670e-02,9.859629936315752463e-01,8.567478008626423502e-01,4.744372806136353815e-01,5.123864790058122454e-01,3.200453614342066433e-01,7.310199319862021872e-01,9.016125789279644254e-01,5.327399724881634047e-01,5.055143539211510717e-01,9.093983602128928867e-01
7.887873539389615996e-01,1.039256592594447332e-01,9.966910766817482781e-01,8.355600582861797410e-01,5.537788416900644162e-01,7.560543954792692256e-01,5.092624960358133057e-01,7.100307024366377950e-01,4.843156881121579715e-01,1.894438475064876559e-01,6.617513118114900506e-01,9.607576813487024581e-02,7.781860857596625269e-01,9.572372074116528573e-01,7.063825143610953372e-01,0.000000000000000000e+00,8.702423004786407068e-01,9.906592600155164074e-01,5.592621834026680894e-01,5.030471856332497937e-01,6.857047832761552497e-01,6.977897731035462847e-01,7.119873871004154253e-01,9.607506159558307779e-01,7.962287369204408272e-01,9.795326162619690802e-01,8.819917143456961206e-01,-2.106940006137537624e-01,9.127417992751974962e-01,4.876576542070430453e-01,6.525706597252660668e-01,7.707296963890994945e-01,2.146855874514199125e-01,5.473378901438085142e-01,8.026482687268921001e-01,2.159839280327192079e-01,5.596383481361366652e-01,6.073438894415797984e-01,2.050459508084797600e-01,8.906538025686293603e-01,6.002147534439030707e-01,6.184169940052322012e-01,7.810693216019357621e-01,9.025369019110266455e-01,9.589933915003807652e-01,7.069842830923096511e-01,9.561207809385229295e-01,3.161880570620925202e-01,6.180596300180807301e-01,6.353595766246764587e-01,3.793718701709916097e-01,7.429049980410513676e-01,7.433617580431917116e-01,4.546688184928355247e-01,6.004909054099525356e-01,6.269394996216380578e-02,6.817757833518960364e-01,7.832520702429267567e-01,9.636195863694654307e-01,6.802145641499310891e-01,7.735522564162186088e-01,7.826436149343327653e-01,8.020756805501212394e-01,8.247463405660029334e-01,7.259866251210241872e-01,5.371657794469071323e-01,6.143871727874309352e-01,7.768224663421381404e-01,7.884359658203585752e-01,7.413764986017118419e-01,9.789249447433223672e-01,6.415964697921393567e-01,7.673070320776547160e-01,2.070249532739060760e-01,4.483687148771099973e-01,9.604025014580799269e-01,6.708247340054617203e-01,7.188550247075919941e-01,7.159168759785782266e-01,2.744631026187807632e-01,3.204787784002278150e-01,4.423318438066482505e-01,7.457151810833408945e-01,7.341623191236377188e-01,8.062863521942942313e-01
9.122789883381910991e-01,9.356379179960629955e-01,9.179906971212907774e-01,3.400114343262605754e-01,2.625579261850989887e-01,9.500593141915583129e-01,9.508819306826639117e-01,9.227151365918742076e-01,6.370618693038538893e-01,8.589359118178567787e-01,6.651000420852959394e-01,8.245885702913754445e-01,9.562643599993875254e-01,8.005842680112527088e-01,7.381496347176171868e-01,8.702423004786407068e-01,0.000000000000000000e+00,8.255343973821408499e-01,8.161755805983215151e-01,8.355213227801859821e-01,6.537353010582774848e-01,8.727222588106957613e-01,9.785814657017684048e-01,7.524649986080905739e-01,6.001192664852623704e-01,9.910848486032124427e-01,7.548148973461075162e-01,5.162973502806907922e-01,5.351007461449953651e-01,6.695471431299486742e-01,6.856846725120524511e-01,9.017650892605052482e-01,5.532742006204814933e-01,6.288970953421826326e-01,9.106467779752689395e-01,1.992634675165990688e-01,3.019998476776797891e-01,9.737296903016837701e-01,8.058517095283742604e-01,7.714533286210158991e-01,5.884421434813413843e-01,7.181657091860198516e-01,7.087880933150929597e-01,8.318738420475934037e-01,8.766402522575749146e-01,9.775501633145282643e-01,9.104255087941363067e-01,7.654376439100515350e-01,8.031336450402143390e-01,8.382860652366156407e-01,9.278526686032769755e-01,7.825015433711467461e-01,9.580275727485479953e-01,8.224340130186164055e-01,7.052591719778501522e-01,9.615978239386360205e-01,7.036852077240470793e-01,3.009714455634638908e-01,9.357484782391719547e-01,6.664517167152222976e-01,5.454643996769960035e-01,8.451260182985161906e-01,6.403640568950977885e-01,8.761476924233139174e-01,8.260425094050527495e-01,6.627384465732374386e-01,9.458792174446153389e-01,7.138360091441210420e-01,4.971997662712601684e-01,4.254565420176306123e-01,7.286061261498655295e-01,7.533352610427086482e-01,4.082768644581732387e-01,5.829676277790802885e-01,6.300135746042199170e-01,9.675253880030261211e-01,8.254647202073428502e-01,7.515894211347894371e-01,-5.062280627466991811e-02,4.490184065418451054e-01,8.877925552154606326e-01,3.246645673266976284e-01,8.326796953814864510e-01,7.001121996712909024e-01,4.437743926180249265e-01
8.977208578670372585e-01,7.887948859155811121e-01,8.726945273023392069e-01,8.260754506844779632e-01,7.815331890689519723e-01,6.452868422910913448e-01,7.587752827675671163e-01,7.052850020810581544e-01,6.689287114022181013e-01,8.680837801430024703e-01,7.850222894631577741e-01,3.950667416592157921e-01,7.209469252120905836e-01,6.501946341784066163e-01,9.616910398642474211e-01,9.906592600155164074e-01,8.255343973821408499e-01,0.000000000000000000e+00,7.999898610615346906e-01,5.647548795734259608e-01,4.551460955241325435e-01,5.868783458208809423e-01,6.695385955022359337e-01,8.499378350014323846e-01,9.025818591837480032e-01,8.247364795000019511e-01,7.965035479625315329e-01,2.589604531476790705e-01,5.428069462283626745e-01,3.831096278739390959e-01,7.450539266288684903e-01,7.531470358883098903e-01,3.230798600008694677e-01,8.250603356955472645e-01,8.684736723980304163e-01,7.851051991350231907e-01,6.114915424589975057e-01,6.387628243205044631e-01,5.538643797898906707e-01,2.013630743619096441e-01,9.390505836200768730e-01,9.174381086847458455e-01,7.337915186916905697e-01,9.894312159248856986e-01,7.726107669119701704e-01,5.007258143348650714e-01,9.287368335449615042e-01,6.488409976701233761e-01,5.946609437127042819e-01,4.488964624006452908e-01,7.466060773870817346e-01,8.969237722308304184e-01,9.354742879593445082e-01,7.156822047784475727e-01,7.146698538671336642e-01,9.943501751024581559e-01,7.457675204914900879e-01,4.688857337045957419e-01,8.024260507618741212e-01,1.440699933750821393e-01,4.404335317520830517e-01,8.400432227876437619e-01,1.661280471822130789e-01,4.914318847035669680e-01,8.504060436555653801e-01,6.897474741784819230e-01,4.856496193975917697e-01,5.492760136581227304e-01,5.024853206985118170e-01,7.534159731536984594e-01,8.676282637432224387e-01,5.178749287781869715e-01,4.086090795967359801e-01,5.859193398305794220e-01,6.459242594985308283e-01,5.997072951034855270e-01,8.559792936558636711e-01,7.936996241380975814e-01,4.039654886534731482e-01,3.881790913335870785e-01,6.478692789399362884e-01,4.003144108040219695e-01,9.644560320434755196e-01,7.640024373742528851e-01,7.364570636815277460e-01
