0.000000000000000000e+00,8.718954277226123040e-01,8.809380356862216432e-01,5.603267675495966493e-01,7.253171587064797254e-01,7.449413813888222657e-01,7.815495105999895609e-01,4.416587853290963039e-01,8.700313306887160758e-01,8.986248857261672773e-01,7.725356217388410496e-01,8.152177030954844694e-01,7.342257732866499520e-01,8.477034113275826455e-01,6.179354096815459219e-01,5.945713929241095430e-01,2.623211447268048446e-01,9.776753935196915712e-01,4.788942770116734193e-01,2.047722049276907152e-01,9.986915975911140331e-01,9.470068541201045464e-01,7.655335180721311028e-01,9.340436363643468409e-01,9.660036851764977062e-01,9.050023553502584139e-01,8.377983809707827412e-01,7.677104430266725732e-01,5.834320256802572047e-01,5.794507726864109864e-01,2.731924828349897583e-01,6.890376834420574026e-01,9.074853823612869519e-01,8.885826938460336111e-01,7.276462703619644978e-01,3.051505735018128496e-01,4.723520762671769013e-01,8.905754340984003425e-01,6.805381942156352171e-01,7.995420102646269012e-01,6.808115369186920063e-01,9.580598047292341324e-01,6.262175474453224311e-01,5.004488532001793999e-01,8.779070584020717272e-01,7.423880041201013080e-01,8.788906772223235020e-01,9.027782380494026038e-01,9.407588731833724793e-01,8.519278759410806590e-01,8.292181784523583454e-01,9.751356404822260071e-01,8.218940181368215026e-01,7.028321303258248109e-01,7.008210426180353503e-01,9.766834530924711766e-01,6.493167266134578508e-01,6.500989216819457184e-01,8.162644863737427148e-01,7.874680721045083098e-01,6.414766484940395141e-01,8.185484328821684974e-01,6.832375896025004725e-01,6.985055196814500267e-01,9.369469848670032297e-01,8.437137689954683495e-01,7.223899118346187587e-01,8.398323751338466758e-01,9.134838689730079286e-01,9.486457359937137124e-01,4.165371808368828477e-01,4.602571438227864298e-01,5.458525216451735051e-01,4.682270870964932996e-02,6.176743584696362532e-01,4.592208297121775917e-01,5.835243713054703019e-01,6.722667115351474987e-01,6.547400741609593622e-01,6.113136425737448754e-01,5.107666010777419663e-01,9.381924709055738942e-01,2.052947114890038005e-01,8.256906518537151518e-01,6.690028459392350912e-01
8.718954277226123040e-01,0.000000000000000000e+00,8.659479980407067679e-01,6.176402820448302355e-01,3.284730154908895305e-01,9.917152705469088891e-01,7.380461771432701434e-01,2.097193198523559232e-01,4.753543324050453212e-01,5.780701603971361013e-01,7.623360869881520285e-01,1.561995391993057092e-01,6.704253170066136747e-01,1.190865484266112606e-01,7.304694115777190522e-01,-2.567482339795366109e-01,9.732788421686464631e-01,6.320511533491606215e-01,5.264761817720842174e-01,5.415831027100280748e-01,8.834287435984509163e-01,4.927517704081342265e-01,8.335730659673888931e-01,7.042476101444955505e-01,4.105278156560993041e-01,5.662466446597694825e-01,5.785083798825021439e-01,7.941094788496654289e-01,1.716428762938515817e-01,4.436880088634153618e-01,4.127975148409852579e-01,8.394518416859253485e-01,8.940132806630863849e-01,7.446058029575133297e-01,2.627549919913049759e-01,9.434868594583926127e-01,4.696440953146091557e-01,4.959846091009689761e-01,4.991607233751220174e-01,8.679659157509589384e-01,3.937964820044544401e-01,7.220656913088696616e-01,6.071945005947330110e-01,8.393921578345513446e-01,6.632667074396708662e-01,6.161378483341204415e-01,7.792782857084574744e-01,9.390519393099079348e-01,9.920383585631431522e-01,6.317418000290417890e-01,2.157230159815263781e-01,5.604006924700539738e-01,8.786092017307323143e-01,6.961493130741537305e-01,8.838956077023296665e-01,5.421323040676663263e-01,9.767598289115460020e-01,4.899309984961427999e-01,9.751226011353042455e-01,7.033229447957192182e-01,3.655595200155965507e-01,9.676525301164065063e-01,5.567236743555498135e-01,9.168093434238789863e-01,8.136253743494157309e-01,4.435139727811432397e-01,-1.672620695166532334e-01,9.322816981070786158e-01,3.737677292960634445e-01,7.682060187927568506e-01,6.403033710504999476e-01,3.698981308671407398e-01,7.646749137830164411e-01,9.288461460033431427e-02,7.249509417080340912e-01,9.033257555362389501e-01,9.545953239165863025e-01,4.035763162973886042e-01,3.307083392860210580e-01,7.978728340511603845e-02,3.114419342717505979e-01,9.122359723383008934e-01,6.695226259396138691e-01,6.602147761692366279e-01,7.994147165560236967e-01
8.809380356862216432e-01,8.659479980407067679e-01,0.000000000000000000e+00,6.391251512128374168e-01,9.953433366932038506e-01,9.150748738308320807e-01,8.647140082447257736e-01,8.983052886573167362e-01,4.466614652021618226e-01,6.657235338372757827e-01,9.286035675978370207e-01,9.307222614535310967e-01,9.735999889164987930e-01,7.214621238174894202e-01,9.088641735361742136e-01,8.513149218270423813e-01,7.971698264691524649e-01,8.764439933217653689e-01,8.426861797598895754e-01,5.002998588197906660e-01,8.290390938646544639e-01,9.497423006325425021e-01,7.084994805836508647e-01,6.959870037597968295e-01,9.713459505521296888e-01,4.287380404746457541e-01,4.850276002885700599e-01,8.671313378773293223e-01,3.179998693538125809e-01,7.911424334228663868e-01,7.323042405852286940e-01,7.997636105774539317e-01,8.812761858225320877e-01,9.687426122175224474e-01,8.094124977894334716e-01,8.495737037560718852e-02,5.055322661814852792e-01,7.715630715432665321e-01,8.681149873442584042e-01,4.577039724972112311e-01,7.217259251070043957e-01,8.149912035717492564e-01,9.816261246197264256e-01,8.881527458527921359e-01,9.225600114996982404e-01,8.541357266987343877e-01,8.409116072218745241e-01,8.100421759354489160e-01,2.755916243773641749e-01,8.510530088985245323e-01,7.535026081128858300e-01,9.022246451832673930e-01,8.600025447907664322e-01,7.551418843110685453e-01,4.676612301217969447e-01,9.218403367100520551e-01,7.514447861197305345e-01,5.229099459987227583e-01,9.471484036117239214e-01,6.355282816467253681e-01,4.934427063042474693e-01,4.898239307161424416e-01,8.471265440042375916e-01,-5.476729349147785308e-02,9.584177293497823102e-01,7.367866042001001148e-01,6.149571891148575276e-01,6.265373431116967318e-01,7.680196447368988766e-01,7.519842245342127640e-01,9.534689871168837705e-01,5.177133359006037550e-01,9.645585128008997700e-01,-9.822309124669627300e-02,8.751935970272987086e-01,8.516255239085395168e-01,8.457167038563724315e-01,8.682828557474164821e-01,6.174546153958423433e-01,2.820704463884595725e-01,9.118249468592393159e-01,6.666092656063649091e-01,6.540841585859274998e-01,6.313101533405270915e-01,9.989397382549372040e-01
5.603267675495966493e-01,6.176402820448302355e-01,6.391251512128374168e-01,0.000000000000000000e+00,6.977760665601404622e-01,8.897588770224668098e-01,4.107952721069851321e-01,3.714556613993647560e-01,9.958403010742227224e-01,4.940033645555770292e-01,6.788362564706805768e-01,7.319320289143480540e-01,7.336236313891826288e-01,7.821575724216264236e-01,5.191870910472562439e-02,4.248742677193897421e-01,9.841392034252162135e-01,7.645946675772675727e-01,6.111458035022829804e-01,6.369365072363787350e-01,4.349645966369480310e-01,9.875151800958115178e-01,3.215145577698441115e-01,9.918536794977115267e-01,7.669965242293615981e-01,9.064108796909958743e-01,8.816548348678656666e-01,4.790761408283877865e-01,7.322355712386543480e-01,1.613641369311143436e-01,3.273422231562015394e-01,6.150117175634816080e-01,6.273858963775882369e-01,8.607239620260423996e-01,9.965995789094879154e-01,4.244206243839122039e-01,2.214048152361125787e-01,7.338515250965184089e-01,2.117608316606078012e-01,4.279215661053443198e-01,3.485152777566380682e-03,7.956582452367073621e-01,9.043843718325285108e-01,8.431212020066062296e-01,6.212859775816133023e-01,8.524552231377094946e-01,9.812700724347218628e-01,2.578651183702833083e-01,1.709492842573530069e-01,6.988902389752963407e-01,9.309618191836229739e-01,7.566291682778923944e-01,7.574929522900089029e-01,6.428498510482151262e-01,8.426895191203432889e-01,5.874985260907931162e-01,8.729425593373186798e-01,6.304373448537330393e-01,6.445256900933383770e-01,3.857150110927550779e-01,-1.872745407571576315e-01,6.468510849969588694e-01,6.517189219390074895e-01,6.390319490943145997e-01,8.394532354060328938e-01,5.896921297834135656e-01,3.715578257504772441e-01,3.340182270312622714e-01,4.059220523730846519e-01,4.847331752159360629e-01,8.793799621411764189e-01,8.817522189555709877e-01,7.745126661999069961e-01,8.240574190799759835e-01,5.260153829626091904e-01,7.798256778337055994e-01,9.008122702933949455e-01,9.784751578039905251e-01,1.302932938910090870e-02,3.745579920710109256e-01,8.679200755585698979e-02,6.967548237706295833e-01,9.241617518459970260e-01,7.399716698562842643e-01,6.027585864661578752e-01
7.253171587064797254e-01,3.284730154908895305e-01,9.953433366932038506e-01,6.977760665601404622e-01,0.000000000000000000e+00,8.106266816233017591e-01,5.224707192215956031e-01,8.856525534768138197e-01,7.199217742023810152e-01,7.640388573133528594e-01,5.927039995622946922e-01,7.746991074039496494e-01,8.676993178016429997e-01,6.497669647904116275e-01,6.738008781797176772e-01,4.871049247944230220e-01,8.014163469835048348e-01,7.791262791494095730e-01,9.394634986953311895e-01,9.490428779495263534e-01,9.069036686295498528e-01,2.551490399597685643e-01,8.366186503487387238e-01,8.159591271484285535e-01,5.478789368616683308e-01,9.776186787198790640e-01,8.093804526413377332e-01,7.062932187429861175e-01,5.459193222512823684e-01,3.040956993286559329e-01,1.448032268621202989e-01,4.299494407111597583e-01,7.088944196012330057e-01,8.317498435631467402e-01,9.138000179672992607e-01,1.774721121075518160e-01,7.406852887540353869e-01,6.988014311646028043e-01,7.005299740490384952e-01,7.254992306329850482e-01,2.717248453263843011e-01,7.979784151669013781e-01,9.311528385271137243e-01,6.352383704183418578e-01,8.010657096532998178e-01,8.460842385065405757e-01,8.415615317434499421e-01,8.581460844449620984e-01,6.212998277508448020e-01,7.260311631479472450e-01,4.224356424298101320e-01,6.251760030880212371e-01,9.917678561306750851e-01,6.613271094106504266e-01,5.361919659347300637e-01,8.588793261070514218e-01,7.596024891613361030e-01,9.860090599800597211e-01,7.668222210992406973e-01,8.727251847704849963e-01,6.457335076799824991e-01,7.135434356178663728e-01,7.792964295139975794e-01,9.051560426206475274e-01,6.699540299782923425e-01,9.166146563764751010e-01,7.339986883136455642e-01,4.379883798536896578e-01,6.784213319156611188e-01,5.585298661088420324e-01,7.461437641060818526e-01,5.919269769843350515e-01,5.025111032304999670e-01,8.301377144832822186e-01,7.475246586349916234e-01,9.885488246742258900e-01,6.576077699246694053e-01,6.116445389751797856e-01,4.252862241983326741e-01,2.218641882647513219e-01,5.224655806482942921e-01,7.124696125042543349e-01,8.054143376049215375e-01,5.743663542972521352e-01,5.826248315302513525e-01
7.449413813888222657e-01,9.917152705469088891e-01,9.150748738308320807e-01,8.897588770224668098e-01,8.106266816233017591e-01,0.000000000000000000e+00,5.532791692125589300e-01,6.574985158388600981e-01,7.179693998467686633e-01,5.645984562272948759e-01,4.440577787645227370e-01,7.876096219360916306e-01,9.664430615485211096e-01,9.225795504361257171e-01,4.023042717817831848e-01,6.387347117462083279e-01,7.835884954438291361e-01,6.627557571244337975e-01,7.201409143137733615e-01,4.357815340274159843e-01,6.582553898862198993e-01,2.566536453655216543e-01,8.344574748952573451e-01,6.533867210046384599e-01,9.935915011738505331e-01,7.788788642557684661e-01,9.782232147281847423e-01,4.192803767859806796e-01,5.854152318411676159e-01,2.914963322701010773e-01,2.034267265741345199e-01,2.125143803228262407e-01,9.393810250076258805e-01,9.114807073134216786e-01,1.236976156908665136e-01,3.001976355173140432e-01,7.566679990245571419e-02,3.108891538787129094e-01,6.899214386138002864e-01,6.133920653257459721e-01,7.808688610947073228e-01,7.680834269081249222e-01,8.168507036135893573e-01,5.083239763164612013e-01,9.991650557929616649e-01,4.516939751316337293e-01,6.858622660094909618e-01,9.566597624672152911e-01,4.804889207709156507e-01,8.108734131572082893e-01,-1.516988577348824252e-01,1.212596634942718493e-01,9.686512073558917191e-01,6.956218372669128458e-01,4.515944813415640469e-01,8.355553896226468602e-01,8.812654549087064471e-01,9.040800214410367186e-01,6.274434710905469892e-01,2.463212000999316920e-01,2.217772224857524621e-01,7.854458498726288873e-01,8.412164721159725023e-01,6.461398214169962184e-01,9.112836671764856789e-01,1.944330661513327119e-02,4.832581323859114764e-01,7.930828877772618801e-01,5.364689061855271168e-01,9.116956361873731485e-01,6.457422558209648944e-01,5.249683326770536729e-01,9.116776727888191711e-01,6.704258803669187472e-01,6.848012116348630718e-01,7.767682518912323308e-01,6.134516757396423214e-01,6.912710279055227502e-01,1.215824634103542662e-01,2.826304342358249566e-01,5.118435972901820286e-01,9.925241836661692352e-01,7.682432730028109225e-01,5.018186803693653886e-01,5.205286529842745313e-01
7.815495105999895609e-01,7.380461771432701434e-01,8.647140082447257736e-01,4.107952721069851321e-01,5.224707192215956031e-01,5.532791692125589300e-01,0.000000000000000000e+00,6.344885904621391237e-01,4.300858551259330587e-01,2.510167583904311939e-01,9.904366833338461573e-01,7.218602319016691471e-01,5.219398156827325108e-01,6.332381060928504724e-01,6.859855801138164955e-01,4.567054290562880259e-01,7.975430957290232659e-01,7.072716986688287744e-01,6.463050175188388147e-02,6.780685742417751349e-01,7.335540741280698329e-01,6.826721057924373115e-01,6.430713898628029890e-01,6.678022919387628376e-01,5.622510597741938732e-01,6.327084805078585505e-01,7.947162912956777792e-01,4.144888158338880801e-01,5.311248186040472552e-01,3.590881627660915676e-01,6.682326425610298770e-01,4.107218825894146108e-01,7.930147404515573983e-01,6.824021874350711947e-01,5.565881242787541483e-01,5.346681407776154860e-01,2.028777765362651531e-01,5.565669931577865714e-01,9.603640870703405996e-01,3.145421286833741670e-01,5.197861777517177595e-01,2.960769926153349330e-01,8.864982519361125357e-01,4.619176092320584903e-01,4.223431889432921471e-01,3.879219510881721233e-01,8.718693968439210629e-01,8.857399930816839406e-01,4.822610099056923172e-02,1.399890889049334175e-01,6.304337165842675006e-01,2.454514795679201000e-01,3.678171956025283462e-01,7.349802271395817765e-01,9.914972026667732141e-01,9.008037613065805749e-01,6.520471637502286422e-01,5.694729627661687665e-01,7.278647362511767582e-01,4.014807654617080779e-02,5.757179052317521473e-01,7.631514967750891998e-01,6.434190743383236821e-01,9.643101023389473170e-01,8.430714405671447809e-01,7.875283205588761160e-01,3.758480260930761041e-01,8.590433177901450890e-01,7.951040664283556270e-01,4.169688946564978904e-01,7.239937976426876753e-01,4.111757116204226570e-01,7.331784727579826466e-01,6.723220165559553596e-01,4.574534308137155336e-01,4.239216419337610287e-01,7.718607135891831783e-01,5.650107802436583615e-01,6.455197047930003595e-01,3.800867498674797007e-01,4.438807167293296052e-01,8.570461363522772213e-01,3.479297933879682558e-01,3.459074330374460882e-01,6.634062469402329798e-01
4.416587853290963039e-01,2.097193198523559232e-01,8.983052886573167362e-01,3.714556613993647560e-01,8.856525534768138197e-01,6.574985158388600981e-01,6.344885904621391237e-01,0.000000000000000000e+00,7.028424440449833055e-01,6.822518591804787036e-01,9.819023162445246200e-01,3.768118563984734770e-01,7.336986965504273261e-02,5.504710534151996404e-01,5.474507149619169954e-01,3.009549934458089493e-01,8.070698634909242442e-01,8.173643062980533447e-01,4.347793204739717754e-01,9.948256367680174961e-01,7.995654331636836698e-01,7.115405170031419146e-01,4.681734892721308716e-01,7.688248194247193634e-01,5.066361488182686834e-01,5.033977821776328687e-01,3.003833580115077284e-01,7.332155228338963493e-01,2.245842903941286384e-01,-4.694956602963232251e-02,6.470871873092803872e-01,5.089910254059980543e-01,7.799312989320709155e-01,5.073404617331570554e-01,5.052808777834835174e-01,4.708420707520318826e-01,2.412920119438251854e-01,7.570361612885887492e-01,8.840336232317094201e-01,9.765255515674228226e-01,6.329695933431973565e-01,9.430923957684644865e-01,7.144691909982781031e-01,9.663358824765169719e-02,7.207300998389599700e-01,-7.626048613019040245e-02,5.537681635524074331e-01,9.311083910626515303e-01,7.021047042709696040e-01,9.888131207796219124e-01,5.305785397670887971e-01,4.218983253483959417e-01,7.806892786812473783e-01,7.165830755553724840e-01,7.057384131907451508e-01,6.816030713440335287e-01,6.262088101639056159e-01,7.640942373510999364e-01,8.936658865422677511e-01,4.878703353019379629e-01,4.859932868223656999e-01,5.590445064977850320e-01,1.242929418901563693e-01,8.593747974265850686e-01,6.304762790136805295e-01,2.995823826250152977e-01,9.913961023657800187e-01,8.820009868591619506e-01,-1.843619464290995602e-01,6.492751681353031712e-01,1.743992449494080055e-01,5.827129550827883087e-01,4.693172416295247062e-01,7.865535099140990027e-01,7.804176954821244738e-01,7.343890994347724854e-01,5.834636550091245599e-01,6.281260484740822658e-01,2.586710188489554363e-01,7.184042664063739619e-03,6.603116291431424534e-01,9.410261472974330577e-01,5.279676240281339084e-01,4.254876982201882263e-01,8.006712221141693009e-01
8.700313306887160758e-01,4.753543324050453212e-01,4.466614652021618226e-01,9.958403010742227224e-01,7.199217742023810152e-01,7.179693998467686633e-01,4.300858551259330587e-01,7.028424440449833055e-01,0.000000000000000000e+00,8.877574578572984265e-01,5.119050842564504267e-01,4.135925815228667646e-01,8.327381110212010995e-01,6.928415264222106407e-01,6.981395280091421407e-01,5.634152406695471793e-01,9.788592234715914886e-01,2.825886084502223783e-01,6.214847849036143623e-01,8.391893851012458549e-01,7.173924161997046189e-01,5.649487307509312162e-01,6.421450102878987209e-01,8.481709164285748948e-01,4.614772364568947571e-01,7.641965687886271841e-01,9.105352037383264152e-01,4.107073386403707893e-01,1.891464956178478818e-01,7.197008145433049231e-01,5.743615880361114812e-01,8.017683416491985238e-01,5.415987468254171988e-01,6.549991498035040438e-01,8.367649914121828569e-01,5.595349429089375715e-01,2.747898088463620811e-02,6.269872276432949532e-01,6.151040931725637595e-01,6.250561847453602882e-01,2.524767356010491071e-01,8.837053792280205600e-02,5.339485134754605733e-01,6.278387127353520780e-01,8.833682605864263682e-01,9.427464042202278183e-01,7.718170223860827406e-01,6.463646389232305944e-01,7.109927037979826281e-01,5.008590939692333377e-01,-3.523564984682428514e-01,5.823797059200446213e-01,9.317907603354372847e-01,6.373942973752438901e-01,9.267590740386646431e-01,3.585011413608088504e-01,9.455091910698395496e-01,5.432615028623706266e-01,8.126630693855352305e-01,4.495274974653045152e-01,6.874609236913713506e-01,3.365999466320791500e-01,7.265136823810027789e-01,6.335543781383681239e-01,7.308871932826728202e-01,6.361369404159014085e-01,9.687333530346451393e-01,8.582761701654874065e-01,7.871978018622802775e-01,7.734273819382350146e-01,9.751776823241339320e-01,8.575176242404278781e-01,4.540940043235254797e-01,2.182863970556264410e-01,1.970608781578937485e-01,5.338396962090783404e-01,9.120836076820622029e-01,7.623560450612263395e-01,5.549479806090507061e-01,5.801264485457502396e-01,4.118008775264641042e-01,9.576032898032343921e-01,8.489670679860290559e-01,4.873598693821183381e-01,7.186340697640861697e-01
8.986248857261672773e-01,5.780701603971361013e-01,6.657235338372757827e-01,4.940033645555770292e-01,7.640388573133528594e-01,5.645984562272948759e-01,2.510167583904311939e-01,6.822518591804787036e-01,8.877574578572984265e-01,0.000000000000000000e+00,9.505738445345399690e-01,5.927451797153491242e-01,9.409489864262688963e-01,7.684958158821681984e-01,4.332677313907575267e-01,5.032015534283883484e-01,9.618918497136557111e-01,7.089548708199406857e-01,7.464476176141584540e-01,9.069412981493426562e-01,6.016200745379299830e-01,6.733388949781242694e-01,5.056953753020581033e-01,7.289546896703368306e-01,4.252016699413120326e-01,6.914469156605247413e-01,9.409607609355892244e-01,6.878719241688572295e-01,2.712593744548592589e-01,4.031795854915601884e-01,3.408573442264863362e-01,9.462223948017354225e-01,9.313047141659440697e-01,8.193624932572814989e-01,2.512915338109766861e-01,5.370142153101844507e-01,5.092474482487501231e-01,7.923844222083931133e-01,9.894809344659952766e-01,6.773521162039765064e-01,7.269455010056289357e-01,6.362017651767120086e-01,7.013575970196125331e-01,9.150016958331322892e-01,8.824400429148009373e-01,6.921081407097300353e-01,6.660705196253450255e-01,7.500511575794900354e-01,7.596440936094791541e-01,7.447952624765776797e-01,7.645596655744182346e-01,4.675538067759023586e-01,8.910872892274120938e-01,7.503055445569069004e-01,8.713236361281857523e-01,7.014084934618156630e-01,9.003867690529435697e-01,7.402148795267420311e-01,8.846880269525798646e-01,6.781464354395306815e-01,5.663279999132194709e-01,9.764486770718596720e-01,8.661964887933348844e-01,4.933343658555477962e-01,4.886592938000408615e-01,6.589375444356861955e-01,4.492866296803004755e-01,7.379152548651376486e-01,2.888166310857496200e-01,8.250572946913121708e-01,8.962481652611651306e-01,3.596465979546235037e-01,2.364341458260027229e-01,5.788031401951945210e-01,6.446809480946856796e-01,7.619760865704581221e-01,6.800571887267878868e-01,7.128939787216266311e-01,4.228168822472272437e-01,6.465197036088249360e-01,2.717539586029006360e-01,7.084582321359428336e-01,7.029510767071348587e-01,2.004811416534963697e-01,8.171678565265692029e-01
7.725356217388410496e-01,7.623360869881520285e-01,9.286035675978370207e-01,6.788362564706805768e-01,5.927039995622946922e-01,4.440577787645227370e-01,9.904366833338461573e-01,9.819023162445246200e-01,5.119050842564504267e-01,9.505738445345399690e-01,0.000000000000000000e+00,9.727576509698310225e-01,6.641049683982680474e-01,7.695163596344024581e-01,9.446517226533671652e-01,5.354632613807406294e-01,7.345238288300269813e-01,6.372543683127032121e-01,8.445615851281416120e-01,5.091971626699185460e-01,6.356193850397487966e-01,2.743896305288979209e-01,7.107869619882982715e-01,7.169182341218555132e-01,4.769091374523294347e-01,5.963568542319406252e-01,8.722690132676768071e-01,9.185904518780876327e-01,5.858529477573199973e-01,1.819787026877590641e-01,4.947563056381921731e-01,8.038468354361991697e-01,7.347096039889712271e-01,8.620264540569456679e-01,7.950770303635813496e-01,8.222205165188931630e-01,4.197687701383669423e-01,7.591967206476544217e-01,8.346544334550943800e-01,6.912235153671189014e-01,7.457780580969454176e-01,5.912523945633323397e-01,8.320798914768205989e-01,9.251948071366793425e-01,8.444592529397971781e-01,7.449514772596889101e-01,7.226789981708878763e-01,7.651637152434705991e-01,6.097569318782704029e-01,-1.757008191849714906e-01,7.088915006398374130e-01,6.407757479207488727e-01,8.576617803354027458e-01,4.651466937048088224e-01,8.554577101459629462e-01,3.212455493630635428e-01,3.467108214276834466e-01,9.517414013780727267e-01,9.076559824964315348e-01,4.306413445976998711e-01,3.647242257425817868e-01,3.416097582591448578e-01,5.670251903949168337e-01,7.572637573792213583e-01,1.146916030655075885e-01,5.732676347066016920e-01,7.884629698944912723e-01,6.213682061832803694e-01,4.238707828811517087e-01,6.365708641034228954e-01,7.583863678650322182e-01,7.947375614680018963e-01,5.725900001001833495e-01,5.680636416319392312e-01,8.519255898488204970e-01,8.716337580912544292e-01,7.643337028760700536e-01,7.885364645034267372e-01,4.857766791740817380e-01,1.848686161373909731e-01,4.517946846998115440e-01,8.788182220784885867e-01,7.030993055549961124e-01,5.263911842574560129e-01,7.409943476126495954e-01
8.152177030954844694e-01,1.561995391993057092e-01,9.307222614535310967e-01,7.319320289143480540e-01,7.746991074039496494e-01,7.876096219360916306e-01,7.218602319016691471e-01,3.768118563984734770e-01,4.135925815228667646e-01,5.927451797153491242e-01,9.727576509698310225e-01,0.000000000000000000e+00,9.818879464569369997e-01,7.445358472401072403e-01,6.515428428488146961e-01,7.395435385697248787e-01,3.764194812617344121e-01,5.919449795213178600e-01,8.349505698750991911e-01,7.688187710726092083e-01,9.798479198741087970e-01,6.619703896740787297e-01,9.175127119878380144e-01,7.308941020040184977e-01,5.690510783655438054e-01,4.032072205404675369e-01,9.949636623192986695e-01,8.506126520034531513e-01,5.140157496954643745e-01,4.894171915225085656e-01,3.640662766190233546e-01,7.879695640307620152e-01,7.327495886153865268e-01,2.711418349779256554e-01,4.940904479613640321e-01,5.977106915890593175e-01,1.890251453103131141e-02,6.471087640524929574e-01,7.003647942317058339e-01,6.207965087906004431e-01,5.777551165683869616e-01,6.778126018654755391e-01,7.968515864548777472e-01,6.362801188256754781e-01,4.829672918341975096e-01,4.345638882314428741e-01,8.492330202208896450e-01,8.248477154273023970e-01,2.488522135862933637e-01,9.458671150327632171e-01,7.038276787894698350e-01,4.460306741515448481e-01,8.526954907715041942e-01,7.319908323882620138e-01,6.109600394107315147e-01,7.640877003759609654e-01,6.426148994558207317e-01,5.816856241677221817e-01,6.059979029472971623e-01,4.687237547130082005e-01,7.575293455259513552e-03,6.292180897007052520e-01,9.036213750291861579e-01,6.367986483394527664e-01,5.373274945326340646e-01,9.757936021972921647e-01,4.770153964628270349e-01,7.551508094959060724e-01,8.193309603484363324e-01,8.174537071539561550e-01,9.029893511800434203e-01,5.138907486641638434e-01,2.405998366566078073e-01,5.183621640911363349e-01,8.624679324462833918e-01,6.934476875549252517e-01,4.892560934961955321e-01,7.400957309495322933e-01,2.845265831474189655e-01,3.364944112415260147e-01,7.279051613460256753e-01,8.784869655580727077e-01,4.811780979146497716e-01,7.312900464862438499e-01,7.961769341211375473e-01
7.342257732866499520e-01,6.704253170066136747e-01,9.735999889164987930e-01,7.336236313891826288e-01,8.676993178016429997e-01,9.664430615485211096e-01,5.219398156827325108e-01,7.336986965504273261e-02,8.327381110212010995e-01,9.409489864262688963e-01,6.641049683982680474e-01,9.818879464569369997e-01,0.000000000000000000e+00,8.432593467046139990e-01,6.729955247104193461e-01,6.365694626228541875e-01,6.793344403405201515e-01,5.688796237147109025e-01,8.050988723511873779e-01,7.248559082879066917e-01,7.534308132833471561e-01,7.054390332911572026e-01,9.065431465355018315e-01,6.057127430163401494e-01,4.809732808540887611e-02,7.919502932029363063e-01,-2.367561144612888302e-01,7.429288753835529002e-01,7.575039819078230874e-01,4.900701597757818884e-01,3.857381566381747895e-01,6.253165150340449507e-01,9.553897879777348834e-01,8.398864076797092348e-01,6.675808595586343319e-01,2.855946116555950764e-01,5.011910664916837677e-01,9.299326284662690068e-01,7.958120005863786872e-01,7.980845667440095159e-01,-2.584112051662090792e-03,9.150701482831906652e-01,9.813801649635879309e-01,8.419615711157191207e-01,3.976185144530840487e-01,8.220978653609187781e-01,7.859650974444604143e-01,8.684286038905738581e-01,8.113066336387563249e-01,8.190474822455720005e-01,6.681362770139861462e-01,3.070337703795799067e-01,6.101186147146255845e-01,6.947755330239026028e-01,2.172205246114348454e-01,4.454923979515182375e-01,6.517123126011474810e-01,9.297573059097007375e-01,8.000511001535002276e-01,2.093143798687222557e-01,4.125036972161784110e-01,9.081874325824096372e-01,5.546923458941830365e-01,6.445211316940229196e-01,6.994375722622455660e-01,5.400211626288321520e-01,8.308566342979988306e-01,6.990972955451025816e-01,7.295278714309108015e-01,7.097487846091834474e-01,7.902512745337380018e-01,8.698142659018663903e-01,2.040998225528549773e-02,7.980040814194607757e-01,7.472888734003346745e-01,9.061087819029861601e-01,6.782943217242305423e-01,9.892764016108701597e-01,6.271827459250218784e-01,1.729653556119465918e-01,7.837824970445207429e-01,8.074938143549401648e-01,5.432512520941207290e-01,-1.638440173264100741e-01,6.130062418074361252e-01
8.477034113275826455e-01,1.190865484266112606e-01,7.214621238174894202e-01,7.821575724216264236e-01,6.497669647904116275e-01,9.225795504361257171e-01,6.332381060928504724e-01,5.504710534151996404e-01,6.928415264222106407e-01,7.684958158821681984e-01,7.695163596344024581e-01,7.445358472401072403e-01,8.432593467046139990e-01,0.000000000000000000e+00,4.696789761587705780e-01,5.414077541672788207e-01,9.862075666509939609e-01,5.805522526264803584e-01,5.703671410491104599e-01,4.247918983282689132e-01,8.728891082752994190e-01,7.123189774286360354e-01,8.135562469659660678e-01,4.540641722628820931e-01,9.822020054495212982e-01,2.155579087860914067e-01,6.786844439034249721e-01,7.135376261041034285e-01,6.131276011389711345e-01,2.335154866097119419e-01,3.811930069834242873e-01,6.864441120585770273e-01,6.831283171546919109e-01,5.046305978348530896e-01,6.263451163620523676e-01,3.681608480526782357e-01,3.058704505893739545e-01,4.437299515361305402e-01,8.625710747651318400e-01,8.117599669201029933e-01,4.871062394102181337e-01,8.400047929356464493e-01,9.934046768705664388e-01,2.167395263000772010e-01,9.290889848556416197e-01,8.951022920585403053e-01,8.677044670809200833e-01,7.242856844146408068e-01,7.984875561466950877e-01,8.509418872236097497e-01,5.825402550646100464e-01,7.499491224492443875e-01,4.459075494391655931e-02,7.129864295697443399e-01,4.815917601209142584e-01,9.535894769746617872e-01,4.208497803246034064e-01,5.093891818308953212e-01,8.666920767160466443e-01,6.362462314104087024e-01,8.527341094040948033e-02,4.951603397715860777e-01,6.168352797411486010e-01,8.365406445356429188e-01,6.681030048071430194e-01,6.971777112835630952e-01,4.275281048745001033e-01,6.887365853388902615e-01,9.164091010212084276e-01,7.367964751572274595e-01,6.663424925453131920e-01,7.248490406142271691e-01,3.756322146527198980e-01,4.515003205254670138e-01,9.584469708506195840e-01,7.273762196695121585e-01,6.214744881932579013e-01,8.359368091324308470e-01,1.661090774881876508e-01,4.087929857670439815e-01,6.728998639417627103e-01,5.352965531428827139e-01,8.024440408379927003e-01,2.200025417049947252e-01,8.973475190883895003e-01
6.179354096815459219e-01,7.304694115777190522e-01,9.088641735361742136e-01,5.191870910472562439e-02,6.738008781797176772e-01,4.023042717817831848e-01,6.859855801138164955e-01,5.474507149619169954e-01,6.981395280091421407e-01,4.332677313907575267e-01,9.446517226533671652e-01,6.515428428488146961e-01,6.729955247104193461e-01,4.696789761587705780e-01,0.000000000000000000e+00,9.574459243659565466e-01,8.404208986860444153e-01,9.376330522660808464e-01,6.879774013825991075e-01,6.746056622875871156e-01,8.053904312912494312e-01,7.161046145389297068e-01,7.429267438008795299e-01,8.122917570067310633e-01,7.927175322308703809e-01,9.371716883833735023e-01,9.488709248184752365e-01,7.209695677786394086e-01,1.749270575874602995e-01,3.973087054644259819e-01,7.085929717240734005e-02,7.546543738879647467e-01,7.304194751460161283e-01,6.562106355597089324e-01,3.184529868174481582e-01,4.189936758797295213e-01,5.118603536676077370e-01,2.199150758083004420e-01,9.258859805540333721e-01,5.900833303149050080e-01,3.970235782794215851e-01,7.140866380434151006e-01,7.447511682776295494e-01,6.629367972693206434e-01,5.954900021043496583e-01,5.869768482146826560e-01,7.292018527738185485e-01,9.176519095325457176e-01,6.660846610407870072e-01,7.083671406945022397e-01,4.955606981292084434e-01,7.904662282790997363e-01,8.272759612246288752e-01,3.087066652422300050e-01,7.007016229628161286e-01,2.809893273691725368e-01,4.307744402856787946e-01,4.352289257893440788e-01,6.502944528779158739e-01,1.905847005238798797e-01,4.814724885270168508e-01,7.471903657573450985e-01,8.554126269779973590e-01,6.374971804973136313e-01,8.640605425637595260e-01,4.003346427674053798e-01,5.860828612226276491e-01,8.576349714232348598e-01,3.843779389760269005e-01,2.007197960304349382e-01,9.125946123790708020e-01,4.775139154640617445e-01,2.123501563987523488e-01,8.482143951793711389e-01,9.443507917518015882e-01,8.247579757537754075e-01,8.608810888555886720e-01,5.506029028801615599e-01,5.767762576257103868e-01,5.733241220221383383e-01,9.815296688233330347e-01,8.018134453361291936e-01,6.962013953638140906e-01,5.661569839892870437e-01,8.148164713938689241e-01
5.945713929241095430e-01,-2.567482339795366109e-01,8.513149218270423813e-01,4.248742677193897421e-01,4.871049247944230220e-01,6.387347117462083279e-01,4.567054290562880259e-01,3.009549934458089493e-01,5.634152406695471793e-01,5.032015534283883484e-01,5.354632613807406294e-01,7.395435385697248787e-01,6.365694626228541875e-01,5.414077541672788207e-01,9.574459243659565466e-01,0.000000000000000000e+00,8.589212182541001717e-01,7.558442252209982559e-01,7.386480862794099211e-01,7.706229997001835530e-01,7.917636835989534383e-01,7.256520031860733688e-01,9.251295135862346308e-01,6.525250711322991837e-01,5.262608064773569572e-01,5.151816484374410754e-01,4.031043953744140040e-02,8.190087663611094193e-01,4.482903732292053411e-01,3.987147691858504706e-01,6.543919179979897915e-01,6.918005295242507513e-01,8.604635270129327163e-01,6.443486730142323760e-01,2.755655035611613290e-01,9.787689305799727180e-01,3.953251579756318357e-01,8.889053545441298887e-01,7.037952340189889133e-01,9.209729516149098849e-01,2.888769979541718769e-01,6.148584942682769894e-01,8.698903355070337629e-01,2.214483374558965378e-01,5.459522773800583595e-01,7.258251362387041494e-01,9.787945527470618412e-01,5.488699569058012040e-01,7.251217642361018623e-01,6.123339414701358674e-01,7.585878736816927814e-01,3.128878494626739504e-01,8.885430117336554634e-01,3.804666592910819212e-01,9.034538378777794421e-01,7.559717012405762215e-01,7.998516273050957359e-01,7.006546740721054656e-01,6.937113824869871603e-01,7.263992237323931844e-01,4.393295696651943194e-01,6.322017869040899019e-01,8.585633842562166995e-01,6.170351035323500266e-01,6.262153933491425573e-01,7.462206328484488616e-01,7.853462534918314031e-01,7.410382610363518419e-01,6.707196646608352131e-01,6.624042592918564232e-01,4.712142866404316344e-01,8.561479371715217113e-01,4.876653564524404683e-01,6.830895050371046384e-01,8.945054651686292768e-01,7.232846147039900808e-01,4.859867785766348036e-01,6.151603108570066203e-01,2.809958507976988984e-01,4.402722548243254153e-01,6.730130465207654344e-01,8.643962213763980440e-01,6.987260583854756346e-01,7.780640636980216129e-01,6.214690054201087444e-01
2.623211447268048446e-01,9.732788421686464631e-01,7.971698264691524649e-01,9.841392034252162135e-01,8.014163469835048348e-01,7.835884954438291361e-01,7.975430957290232659e-01,8.070698634909242442e-01,9.788592234715914886e-01,9.618918497136557111e-01,7.345238288300269813e-01,3.764194812617344121e-01,6.793344403405201515e-01,9.862075666509939609e-01,8.404208986860444153e-01,8.589212182541001717e-01,0.000000000000000000e+00,5.395747424778414292e-01,2.293063563626788759e-01,4.973081243119921169e-01,7.658829442303851653e-01,8.507986564558417397e-02,9.591994607385108118e-01,7.417299465358068167e-01,6.370341937398534826e-01,7.315374770633413792e-01,6.728174466526877229e-01,9.129527119178049155e-01,1.296319820674027012e-01,7.834075587088461523e-01,5.276960082103695493e-01,3.649652945383613512e-01,8.985924445394877225e-01,8.193654191516112073e-01,6.197840728156671641e-01,2.144118936106015894e-01,4.678606728823647143e-01,3.909648881557864497e-01,6.300455654369920833e-01,7.330315086586581819e-01,6.557872153026895745e-01,6.971672093394648551e-01,9.977868379437717650e-01,6.944784436488007362e-01,5.145767840097601464e-01,7.243048480597299443e-01,6.175026878645691886e-01,9.745039021559523951e-01,8.116654977617884237e-01,9.824323694011707353e-01,8.364630053318116154e-01,1.646187158551211116e-01,8.979601551500158152e-01,8.423170395622802120e-01,7.288438925663166534e-01,9.034596927980652614e-01,8.144276094400598742e-01,8.100982521650840207e-01,8.115351337230426454e-01,7.160596350641139640e-01,7.486853060637065349e-01,7.426511211445535610e-01,6.986049933368352338e-01,6.076157493224884076e-01,8.888288357623516101e-01,9.033078841579327278e-01,7.022228907028281730e-01,9.399305498628539590e-01,4.112543910690170113e-01,7.490567669445741261e-01,8.047970784459842486e-01,7.341711711170790799e-01,7.378020720200810789e-01,5.803708384421221167e-01,8.824774915366724315e-01,7.847548857159695190e-01,9.052366561947333690e-01,4.508516809715056306e-01,3.867665231475371224e-01,3.544219346516632729e-01,6.752385667745123277e-01,8.588092329296838079e-01,7.566162935426561376e-01,7.302097320766968158e-01,7.850928478153944567e-01
9.776753935196915712e-01,6.320511533491606215e-01,8.764439933217653689e-01,7.645946675772675727e-01,7.791262791494095730e-01,6.627557571244337975e-01,7.072716986688287744e-01,8.173643062980533447e-01,2.825886084502223783e-01,7.089548708199406857e-01,6.372543683127032121e-01,5.919449795213178600e-01,5.688796237147109025e-01,5.805522526264803584e-01,9.376330522660808464e-01,7.558442252209982559e-01,5.395747424778414292e-01,0.000000000000000000e+00,6.594201571107242144e-01,8.593938936551610563e-01,2.846289056946539886e-01,7.236990439343413684e-01,6.704405364588134075e-01,2.094879595068098732e-01,5.210426065790495498e-01,7.754295997114947214e-01,9.672860398262690396e-01,6.347868675046990372e-01,2.214145531939275824e-01,3.909877452481047566e-01,6.257798676680061956e-01,8.676250408790107116e-01,9.297692531137258243e-01,2.018039222162256174e-01,6.990994759828209615e-01,4.379947388017089160e-01,2.450096141066582800e-01,9.230117178530266031e-01,3.863030053752686821e-01,7.480833188963226243e-01,5.199660763916529316e-01,5.822589050696151958e-01,8.057067310794371329e-01,5.625477483820856550e-01,6.678328011233107819e-01,8.358360112646305851e-01,8.241447050874350921e-01,3.627501456237280930e-01,6.278225673563845310e-01,6.639738873390411689e-01,9.606121289052206302e-01,5.209721233712538702e-01,6.786999694657991355e-01,6.633327233808488099e-01,8.959101584466222512e-01,5.477137113538013136e-01,6.240864786268279785e-01,5.792816199322921022e-01,7.584031188427694525e-01,4.480977834846112118e-01,7.177035148683155175e-01,7.238652947859440800e-01,9.383145603191856976e-01,3.437944927335803702e-01,6.465529750039353818e-01,7.470000953664359677e-01,8.778487076512169196e-01,6.335872164828606490e-01,4.477557679850726058e-01,7.181780978910045077e-01,9.473160734266488081e-01,6.482226327454618797e-01,4.371517608291254353e-01,7.236272640308135662e-01,5.093114809814048849e-01,6.586500722823344089e-01,9.076215375885540171e-01,2.683315612391928839e-01,3.307237471577395560e-01,4.109360575569353524e-01,6.649141790804091734e-01,6.644170918372680479e-01,9.838677197351088921e-01,5.391923169711141384e-01,3.988048245312649231e-01
