0.000000000000000000e+00,5.071196016594573530e-01,2.510996679133367659e-01,6.160395240352708468e-01,7.326177852832402859e-01,4.700155415767763301e-01,7.465590856456767455e-01,9.910598846845903864e-01,7.615957713687764308e-01,8.570784141482192808e-01,9.048047036427370182e-01,2.893975863002691273e-01,6.745074497808263292e-01,8.657449841550384217e-01,9.397623217666657425e-01,4.256242347609177634e-01,9.560929282426664511e-01,8.445375038839433302e-01,6.274535174176941732e-01,8.223957328901366770e-01,7.514942593040849772e-01,9.825140011986124300e-01,8.623045321803792795e-01,9.886254326419452454e-01,7.974431552881612317e-01,7.796933073159938443e-01,4.749951478817854844e-01,9.133593363854070057e-01,2.725003429288523904e-01,7.394244506036091735e-01,4.030636873484800264e-01,7.118197011052342926e-01,9.053892054284790047e-01,8.161824348748281110e-01,7.738655096329188909e-01,4.971255763844693587e-01,1.350964791142415106e-02,4.444849183262529202e-01,4.589080289352854281e-01,7.946377865383578154e-01,6.008554020892650227e-01,6.741767477487899951e-01,8.837373549711760035e-01,9.602683794399832218e-01,7.795676707927776672e-01,4.104733559713013014e-01,7.644005523769077382e-01,7.535493474105441347e-01,8.708786055752933963e-01,7.961939636254825592e-01,9.478671650908129243e-01,4.929913184324122843e-01,6.916857888997177684e-01,4.602482751901950109e-01,9.979785193897339202e-01,9.546140703874849143e-01,8.310191755080721387e-01,9.258861219322620517e-01,8.322796762447750574e-01,9.680913422945092162e-01,5.021856203204364683e-02,9.818088846352580612e-01,7.973619415034107760e-01,9.959881710671938393e-01,6.353795839016815883e-01,7.013311582597813176e-01,6.539519338616913702e-01,9.598597012556815411e-01,9.645127365184502644e-01,1.786393636039741994e-01,8.445065388778940640e-01,6.882541474056048658e-01,6.651317558440640321e-01,7.200271929683030869e-01,9.665661824018747517e-01,4.989175111222896586e-01,6.505115497390522306e-01,4.898655874069482996e-01,5.006970207425732733e-01,7.424407078568082685e-01,7.991650335291269336e-01,9.727975454121011722e-01,7.013705912183652025e-01,9.271116417549813971e-01,7.881676763660189211e-01
5.071196016594573530e-01,0.000000000000000000e+00,6.870711054848334109e-01,6.707714315606061461e-01,8.149607827171421182e-01,9.711463829773085976e-01,3.056172636571420909e-01,1.718988453959902629e-01,6.224168525983715394e-01,6.945614228239396226e-01,8.395307175176948133e-01,7.481354723466779877e-01,9.507450714906631184e-01,7.822233886643987777e-01,3.997207670716533823e-01,7.349827937979360737e-01,8.415478062374860402e-01,4.418340457695949519e-01,7.253073666536385966e-01,8.949655952966472094e-01,3.451703468181820389e-01,2.798504786448831050e-01,8.537527890194944735e-01,6.260506386294029113e-01,8.205151176062736029e-01,8.251904212609305622e-01,8.823727799384288861e-01,6.867444184449734701e-01,4.634330496687572021e-01,4.338492181340009579e-01,3.297723967464099015e-01,7.065338174323732012e-01,9.369525863010406130e-01,7.873545932917582757e-01,6.396260114934043672e-01,6.340851070594912819e-01,6.922798255816726698e-01,5.281081035864516604e-01,7.971736564528495439e-01,8.205284067815414861e-01,2.882538048497635952e-01,7.842630946895595700e-01,9.401735890676230500e-01,8.306615331657445367e-01,7.330357070820717746e-01,4.273840583233293189e-01,9.496872451786045888e-01,6.199495763442166574e-01,5.952331604995997338e-01,5.507207645136984464e-01,3.350138209656599586e-01,9.703573343595999212e-01,4.221073164230950692e-01,9.753500341060236112e-01,5.793579631344397685e-01,7.460995745156766557e-01,8.694990385991981929e-01,9.866306990302075031e-01,1.758328733935856369e-01,6.729603910960009205e-01,2.681139604084975536e-01,4.474798244456605345e-01,8.245256991674795310e-01,8.286862276345999812e-01,9.146767267195351492e-01,9.090333096928764345e-01,8.312488517461247284e-01,8.355441280121996828e-01,3.170749863906356936e-01,6.562409479119304390e-01,9.705393159177456708e-01,8.695019957040406311e-01,4.871263949232195190e-01,5.149700012665670013e-01,8.702112742525549560e-01,8.185050964772041526e-01,7.820669498710763889e-01,3.070684162826533559e-01,7.747712327338760474e-01,6.195968061941268396e-02,5.332484927744398640e-01,2.317964732900280045e-01,7.430697665189425205e-01,2.705353908719911327e-01,9.001340175557046575e-01
2.510996679133367659e-01,6.870711054848334109e-01,0.000000000000000000e+00,3.970826976265616759e-01,4.665455874019904248e-01,6.190218928769430917e-01,8.129026509399177591e-01,4.778720982391102545e-01,8.123979230038789190e-01,6.396638552599376304e-01,8.829907736343364233e-01,7.621266627553543449e-01,8.058792324071043511e-01,8.494205743042280154e-01,9.109244486134293606e-01,6.714628494287071536e-01,8.045999443363551773e-01,4.658561984273382195e-01,6.183129962286411097e-01,9.820520637158554056e-01,8.769821850384382778e-01,6.460700720124160634e-01,6.764425302621083214e-01,5.520141749190594638e-01,9.424249208394375188e-01,9.421415259621007676e-01,9.248449233108351208e-01,8.064739563072468309e-01,8.208625926638191128e-02,7.120519187081305601e-01,3.577495643284528404e-01,8.884109933623793864e-01,6.205409500222029973e-01,8.067053246622504226e-01,6.025578282494279403e-01,3.142844451146307172e-01,2.822099479764455521e-01,2.375435194303820441e-01,9.190423734642551024e-01,9.306857305865683383e-01,5.239472821518860179e-01,9.447590079600043378e-01,7.491529609822000779e-01,6.264820839001544739e-01,7.254414097616030954e-01,6.381236051229394191e-01,8.422439137857021807e-01,8.515295517084208177e-01,9.282263017396086280e-01,6.494012721515611819e-01,9.860211887559635624e-01,6.543303185005843181e-01,8.053980446299310314e-01,5.392649873133551486e-01,8.424836496068038860e-01,4.325650243313359233e-01,5.553737680855852510e-01,6.090100073178059681e-01,8.727987422700972386e-01,8.684155895960714577e-01,7.036562079654534729e-01,6.692729989618941833e-01,8.423555607206985041e-01,6.277289708644127053e-01,8.082465755216879932e-01,8.874889702600500252e-01,8.603589885882385602e-01,7.197551266459001340e-01,2.200188753040624168e-01,9.356950630334107677e-01,6.735207338205981831e-01,8.639165745735997159e-01,9.375997618474434248e-01,5.510824200146788865e-01,8.713187964335624702e-01,9.944838734068349728e-01,9.419249172992416597e-01,6.208231376865214202e-01,6.963701583845834930e-01,2.464285967159164092e-01,9.119248648371675037e-01,8.098743988965643181e-01,7.123494246058992285e-01,9.083598104327825773e-01,9.684945742642183664e-01
6.160395240352708468e-01,6.707714315606061461e-01,3.970826976265616759e-01,0.000000000000000000e+00,4.956916536384052829e-01,6.872141282093880976e-01,2.071799041411545306e-01,4.883445516994794899e-01,9.472663663108892296e-01,7.200887779230602526e-01,4.458450353307114589e-01,9.462148086226020993e-01,9.929807852155374537e-01,7.738894353062956144e-01,9.736276426432084463e-01,2.782490371697647902e-01,8.449426180361796490e-01,7.775607487113906924e-01,6.188388694777874344e-01,8.078375362854628428e-01,8.984235322980820282e-01,6.646221366628568550e-01,4.772018117276913274e-01,8.457579734152405049e-01,7.658359327247317161e-01,5.299460424965005689e-01,4.950783406323907010e-01,8.376775169289754075e-01,7.320334323513274510e-01,6.028000308105394556e-01,8.934197819031569621e-02,3.400782187253426070e-01,7.514362205097115943e-01,2.087797523485329099e-01,9.089850151013640911e-01,4.468594670528877599e-01,8.965105136190025803e-01,7.765173812514027940e-01,8.085151707464445225e-01,8.525734037589832726e-01,4.009128302959600876e-01,9.954015427192410836e-01,7.452815261111518375e-01,7.727216959508140803e-01,8.169725909118520368e-01,2.666964525875544223e-01,7.422162042166927653e-01,9.895194674314617966e-01,6.392653634877616398e-01,3.983664415807425252e-01,4.849656538287587804e-01,7.182963298140158104e-01,3.947341692391656554e-01,5.218101501482894644e-01,9.910315964421432255e-01,5.803194295918894241e-01,8.473356897189994186e-01,4.858202597453005755e-01,7.226095131668074378e-01,5.328474236861697744e-01,3.517015299330465972e-01,7.598019202725303511e-01,6.178165358121945339e-01,5.227302307022008154e-01,8.437249399850568210e-01,7.786578862063842088e-01,9.553621480587337622e-01,6.246220754142868259e-01,8.867795785400881536e-01,9.496193649484333532e-01,7.145326214737234283e-01,9.588416018907630622e-01,4.317842855688063808e-01,3.563124779511909201e-01,5.620014211163908424e-01,8.155681547573552237e-01,9.585168745278402902e-01,6.020835707295308925e-01,3.728518458591690288e-01,1.643020794578190780e-01,4.917373524635738069e-01,8.237948267625626597e-01,8.690124935730235700e-01,6.436082108155561921e-01,6.790722404447875338e-01
7.326177852832402859e-01,8.149607827171421182e-01,4.665455874019904248e-01,4.956916536384052829e-01,0.000000000000000000e+00,6.312302079359461970e-01,4.959220726033859994e-01,3.870480579504385066e-01,7.518822157536435569e-01,8.663365235548556864e-01,9.311295740348417560e-01,7.882193722223190813e-01,6.679020874678007758e-01,4.040198177536626356e-01,4.719314154451991206e-01,-1.334130648216924619e-01,6.361537663217748939e-01,7.518596435240025855e-01,7.077447527949172201e-01,1.317368927532495959e-01,9.425465962551733412e-01,2.342336732700451285e-01,8.628164676921963316e-01,6.133056292341717564e-01,6.828873015933915047e-01,7.781548503047013288e-01,3.833783320884318613e-01,7.724331754398066074e-01,6.651567844197301405e-01,3.521862227303276249e-01,5.855987557224471285e-01,7.593799257132711755e-01,8.938882487250524589e-01,5.572270623708012183e-01,7.253371828143154731e-01,5.512739054160146202e-01,2.626198643515179620e-01,4.971804530621787288e-01,9.570894216404146615e-01,7.383936738027837565e-01,4.909609342674580712e-01,6.560256011395879661e-01,8.422073300436156984e-01,5.503973202914810292e-01,5.837926845315478674e-01,8.133543032136323347e-01,9.071620213756202977e-01,7.263799655732001703e-01,4.417548077995865907e-01,5.363343524634097692e-01,3.153988217682703876e-01,7.050851123629851003e-01,6.409478864787032659e-01,8.577035271732897925e-01,9.124980304618318661e-01,1.800060917774314873e-01,5.689785760773817813e-01,9.398904224951316611e-01,9.770192292617415619e-01,4.000790021509932903e-01,6.606207372967681790e-01,5.556864906780240032e-01,6.287822570248772225e-01,6.506428034758205969e-01,8.454033071800302057e-01,5.489320888648756558e-01,9.726453283196782040e-01,8.658192024786989238e-01,2.723759309147050778e-01,9.099171790609223986e-01,7.762902305416908844e-01,7.517625495169089067e-01,7.038843615512968555e-01,3.504668554481178977e-01,5.105961906884651791e-01,8.358790472987432940e-01,6.814775563458193020e-01,3.831251094761336518e-01,3.829308930111496867e-01,7.569228795967669621e-01,5.131502698503095372e-01,6.614333882873547621e-01,7.753066336079013077e-01,4.013003209426828644e-01,9.096188403116340915e-01
4.700155415767763301e-01,9.711463829773085976e-01,6.190218928769430917e-01,6.872141282093880976e-01,6.312302079359461970e-01,0.000000000000000000e+00,7.554499364813169748e-01,6.110845333576131466e-01,8.610146689442190748e-01,6.420062824220986730e-01,9.446235312797439665e-01,8.377774124177289616e-01,8.560011288719715505e-01,6.914041038060587674e-01,6.286772937249812676e-01,9.271817935083604967e-01,9.947410043729103535e-01,3.899252550284852403e-01,6.945682915787780853e-01,4.761348503609633687e-01,6.069126513510328946e-01,4.225998075432635948e-01,4.902320890198675896e-01,5.031736650483842332e-01,6.155989481972969912e-01,7.567662681398187319e-01,7.569347479703594228e-01,6.712273134490696069e-01,3.159765864137176195e-02,4.810291356093245319e-01,2.351161418788176860e-01,6.128656660966028680e-01,7.638575777996331473e-01,7.286015584629657038e-01,7.944161757891642361e-01,4.951459860567312132e-01,5.516939784400933799e-01,5.346700524248122477e-01,5.012079059471217235e-01,9.603443250950014498e-01,7.227447291648115835e-01,2.581176771900381972e-01,7.378705636221928321e-01,4.202474502106230414e-01,9.795281154248575151e-01,5.252564156811285745e-01,8.618926621100325702e-01,4.276761664262102580e-01,9.878043898654444988e-01,9.390491188135771106e-01,3.499138305713461738e-01,6.445479888488975240e-01,8.614492240478323071e-01,9.305148589271838855e-01,9.953084832734420129e-01,6.035857777636053356e-01,7.784133583786148058e-01,9.316834609570261438e-01,9.177111837897236057e-01,6.322165728450793720e-01,6.086796772805374012e-01,1.784734457785068784e-01,7.767982163722135791e-01,6.111026993234650595e-01,8.460223225092324828e-01,5.162491626441836345e-01,9.101568787128477833e-01,9.702398309399481446e-01,4.476671015261797226e-01,5.482399794834214024e-01,4.681881057608879848e-01,5.980441126205673363e-01,1.181158203839237641e-01,5.702371507812942220e-01,5.643326402065650393e-01,7.919337691143970570e-01,8.884958345829596649e-01,6.930948590905283702e-01,8.677432274251541955e-01,5.159290742666879925e-01,5.099492147747130000e-01,6.542739616924682089e-01,6.704178868900547705e-01,-1.554131037639050195e-01,3.277685813071408161e-01
7.465590856456767455e-01,3.056172636571420909e-01,8.129026509399177591e-01,2.071799041411545306e-01,4.959220726033859994e-01,7.554499364813169748e-01,0.000000000000000000e+00,9.454279212033263047e-01,8.047024884071475315e-01,4.737938456336283077e-01,7.277600805416085672e-01,6.116641904249577877e-01,8.126215363217266230e-01,7.702601679358996867e-01,5.189983426093692787e-01,5.519382870086091408e-01,6.609449331294530161e-01,6.453402145185298533e-01,6.404068074585327341e-01,7.236866576460907474e-01,6.568737504392345716e-01,1.668469150861826567e-01,3.651221634560430918e-02,6.403249384346557660e-01,5.569912744475331856e-02,6.477307595177842492e-01,7.626609184383308371e-01,2.809148583728766635e-01,6.569018348692914344e-01,4.380204084330449055e-01,7.072593100826146673e-01,6.303349936628066530e-01,3.429414951374324394e-01,9.033259749802848848e-01,5.569872873519804424e-01,4.136879294079296443e-01,2.714353699346669369e-01,7.389662953903595177e-01,4.401130383989631384e-02,6.677372558231688959e-01,4.047632394378504750e-01,7.106246100820692302e-01,7.306998841364413799e-01,7.989671585057496195e-01,6.095817105601220032e-01,1.142350708746387583e-01,7.049169285367036519e-02,7.630863035899053681e-01,5.114684752861945460e-01,2.790258787779787975e-01,7.264041150541844516e-01,6.404633229790777094e-01,4.966469881175886725e-01,5.286693151229966414e-01,3.655306059468018676e-01,9.539891859380448258e-01,3.858221911998305220e-01,5.737539314311757011e-01,9.879407614316498831e-01,7.565033621705611333e-01,7.306396760966950010e-01,7.394825500766188942e-01,7.310444603601907732e-01,8.652336186962407139e-01,8.916164248605457088e-01,4.241279040769704856e-01,9.811195935660104173e-01,4.062479198584112439e-01,4.144968302225588985e-01,7.814017072395950114e-01,6.085922254997288006e-01,6.452751117750489263e-01,5.738639224002655137e-01,3.271110881027612383e-01,7.502094045825149493e-01,5.703387092345679754e-01,-1.197492065059840849e-02,4.182491913920537985e-01,1.766979216612913073e-01,-1.646167706191294933e-01,5.529338130587210243e-01,6.785862104758731972e-01,3.323543945178651926e-01,1.594805086617372483e-02,8.784950125224716411e-01
9.910598846845903864e-01,1.718988453959902629e-01,4.778720982391102545e-01,4.883445516994794899e-01,3.870480579504385066e-01,6.110845333576131466e-01,9.454279212033263047e-01,0.000000000000000000e+00,8.381825469346202429e-01,6.752191713680839591e-01,4.998526052227916794e-01,7.740667980846471785e-01,6.583423789709926810e-01,6.946336534394726980e-01,7.347828361053699853e-01,4.488626296262730464e-01,9.378565095599985524e-01,9.954112311064826635e-01,7.758543300832085876e-01,6.871220206593896540e-01,7.477963582254605335e-01,6.670671309907418856e-01,6.572461208765261187e-01,6.833197109297609595e-01,5.647604591862267487e-01,3.576467914688747918e-01,8.587071644296301320e-01,8.999707531123416482e-01,6.256753117363234029e-01,4.793712175873567349e-01,2.674032465299797101e-01,2.292635744999258762e-01,4.933087400770843622e-01,7.496123363666516992e-01,4.216398707365718312e-01,2.665029267143356750e-01,2.609516484944868209e-01,7.588084662591383367e-01,6.814453685830527130e-01,2.206413980705727862e-01,7.355884523277207432e-01,6.103661659209010937e-01,5.851002629190077409e-01,8.999580971256531114e-01,6.149792047256743555e-01,6.182235696060486285e-01,4.735427098018086811e-01,5.458983442594441682e-01,6.892244459381170474e-01,5.399828993034425650e-01,8.657540838001962502e-01,7.852863801392170329e-01,7.705486389569929928e-01,5.037221031526557535e-01,7.825035839659616466e-01,8.168999372775290757e-01,6.197626527622192016e-01,2.123520156673022463e-01,6.724781061218574330e-01,3.370705813586769573e-01,4.630120943438010839e-01,6.471142096755511108e-01,6.605121701568219539e-01,6.974873560507705017e-01,4.818412922843550161e-01,5.636871352416406022e-01,7.380999647213933867e-01,7.068673201953977747e-01,6.071502294218434903e-01,9.067026803287878689e-01,5.983734067615835706e-01,7.940452403541023996e-01,2.613426121584779827e-01,2.964479189588134500e-01,7.865744436475832213e-01,9.535093636838508635e-01,9.481448986490401687e-01,5.838117823163559983e-01,4.093343092266931160e-01,4.665737785564320061e-01,8.006884491669393755e-01,8.834809432092476378e-01,6.293956452505459209e-01,7.648681759688574777e-01,6.904544773989917950e-01
7.615957713687764308e-01,6.224168525983715394e-01,8.123979230038789190e-01,9.472663663108892296e-01,7.518822157536435569e-01,8.610146689442190748e-01,8.047024884071475315e-01,8.381825469346202429e-01,0.000000000000000000e+00,5.631881010100860951e-01,2.112589682119577206e-01,2.203508717996614796e-01,1.723427743622057140e-01,3.487911574926462199e-01,6.084079386121624688e-01,4.694015653009878664e-01,5.043148266828672011e-01,5.356405057578320639e-01,6.678137935617119991e-01,8.005926347384257902e-01,7.324648651332137383e-01,4.661539971082444556e-01,6.238103880582958061e-01,7.868013385381729119e-01,7.854392227850598429e-01,8.507204174325142532e-01,4.889212743771867431e-01,8.997441450635896842e-01,6.357712580677917780e-01,7.004931130682285900e-01,2.909153230391123279e-01,7.937988104418118862e-01,5.336574149133300748e-01,5.811678858922004753e-01,6.449524490051329328e-01,2.589693177066136331e-01,5.394299825479850208e-01,2.087944621730537520e-01,8.904879777886578474e-01,9.163774820090641038e-01,6.417259720039697468e-01,8.581852271719847547e-01,9.897547146730090173e-01,6.653126126407797880e-01,9.793879093008497350e-01,6.931118759622488801e-01,4.267885610264530727e-01,7.099488039581898224e-01,9.033061640055516373e-01,4.663034553884123357e-01,6.897163681085525244e-01,5.382502593781502975e-01,9.504867556332851075e-01,8.248487663913990353e-01,8.171943559793810596e-01,4.529507205028701078e-01,4.955300426495551358e-01,7.052065722368667799e-01,9.721157327880185495e-01,6.556564581098127675e-01,7.847124916329918376e-01,5.917149522012049578e-01,4.410250969161603196e-01,9.605685632560828635e-01,5.415041983894395283e-01,6.222483980448458851e-01,6.302302718033048201e-01,6.393300586230397098e-01,7.200887333463787954e-01,7.763378011135417811e-01,6.812909999838462349e-01,9.626377664409198065e-01,8.631256484768677628e-02,6.712685967475311433e-01,6.832527274359211367e-01,6.252400219868146092e-01,5.833118383681761276e-01,7.239733774395896715e-01,2.154784461523602257e-01,5.552235539977432577e-01,2.541445116145732430e-01,6.800257311718859166e-01,6.275248964585122824e-01,5.502705170919361954e-01,6.237786976627571756e-01
8.570784141482192808e-01,6.945614228239396226e-01,6.396638552599376304e-01,7.200887779230602526e-01,8.663365235548556864e-01,6.420062824220986730e-01,4.737938456336283077e-01,6.752191713680839591e-01,5.631881010100860951e-01,0.000000000000000000e+00,9.306407987471777554e-01,6.883317975410803147e-01,7.035561692178347037e-01,4.364297870893995013e-01,6.756364220612316451e-01,3.229637476800272244e-01,6.218213746741754200e-01,6.763508750778050027e-01,8.628259819401848940e-01,8.530590918986924454e-01,9.915767081742030697e-01,8.422884629080638064e-01,9.898034918223526102e-01,5.593337953225094861e-01,6.862420576630595681e-01,9.390770341029837098e-01,4.882305749081658486e-01,8.425127769650871123e-02,2.231933468767394735e-01,3.467373838353544624e-01,1.645596508098150501e-01,7.548482818698298846e-02,7.600192946263770732e-01,3.985237617702754864e-01,4.011158243802430134e-01,7.014814769377579751e-01,3.930416239946900037e-01,9.763479112218854672e-01,9.503298190073061757e-01,8.930928798694450776e-01,5.156707485144591541e-01,3.306100370159608115e-01,8.902792365955684017e-01,5.214115576051427947e-01,4.594213097682681157e-01,6.802643377395848345e-01,6.544858965039603849e-01,6.951966657082901957e-01,2.114228931117739241e-01,4.991730633280683782e-01,5.322750907359536932e-01,6.338713728777587431e-01,9.279294136747348043e-01,6.598876861269546978e-01,6.911531915912147994e-01,7.721091406421560777e-01,6.076605733354281114e-01,4.120995977095402441e-01,6.207320784477522446e-01,2.469641238838047592e-01,2.662771534569202680e-01,6.380264829014726802e-01,4.928175301352298865e-01,9.951854741871255516e-01,7.077786296908020747e-01,6.769261804778615721e-01,9.665485349409503879e-01,5.124631483290635892e-01,4.588466698283267808e-01,9.309473593464292485e-01,9.568094257717788542e-01,5.550335875634938576e-01,5.817677728393548797e-01,4.969574364634445907e-01,8.900008398748580074e-01,7.684637425106228825e-01,8.527692658728268649e-01,5.669540272340973797e-01,7.435706961632967404e-01,3.875842014459543461e-01,6.615864317974163855e-01,7.397571180249458145e-01,2.661833182064102243e-01,1.187612512203792825e-01,2.552012398395898662e-01
9.048047036427370182e-01,8.395307175176948133e-01,8.829907736343364233e-01,4.458450353307114589e-01,9.311295740348417560e-01,9.446235312797439665e-01,7.277600805416085672e-01,4.998526052227916794e-01,2.112589682119577206e-01,9.306407987471777554e-01,0.000000000000000000e+00,1.444561212274744211e-01,9.277512624842880751e-01,9.480352822877993191e-01,7.468602101850123631e-01,4.062610566982376437e-01,3.056829638020788775e-01,7.610801382576344309e-01,5.609810137390589535e-01,7.550231892741874340e-01,2.577998746105374384e-01,4.470911378448198525e-01,8.735324126287417057e-01,9.865216770581347605e-01,6.647024472626711367e-01,6.388841312683944951e-01,2.336843970339728405e-01,7.406143868036216826e-01,7.794121840792699318e-01,5.005299393826159182e-01,3.247822773714619804e-01,7.146939783600926299e-01,6.473196905067906126e-01,5.892147402982096382e-01,7.191533529150118120e-01,3.664218947504167545e-01,5.583678477008385821e-01,5.451363279972808451e-01,8.225461010064657463e-01,7.465897172855354702e-01,5.558896941108114609e-01,9.941894944615066176e-01,8.602986744563633215e-01,9.545539210945186426e-01,3.082715416238898665e-01,4.697578103401592875e-01,9.372647328937537825e-01,9.129711192478370263e-01,6.067868492508684541e-01,9.188183661270601377e-01,2.430014070066208176e-01,5.603313250788350963e-01,8.654531916508971801e-01,9.014441059816982182e-01,7.160748341134479666e-01,7.881568373373619707e-01,6.370251010005728576e-01,9.090980787746439917e-01,7.650200765448875728e-01,4.347003350373072617e-01,3.927188756056247954e-01,6.461564906944963216e-01,2.416004442877896508e-01,6.287006637983592050e-01,7.365204244229552888e-01,7.169601999579744422e-01,9.960568982837747498e-01,8.441878299610147129e-01,3.521586544062708102e-01,2.426389502977128187e-01,3.266511380235307405e-01,5.860532796488708840e-01,4.701482345416215791e-01,8.237095042636892739e-01,1.753203038346872189e-01,7.342212280387545587e-01,9.663777551282716205e-01,1.310455758778129864e-01,2.336748617696768893e-01,4.257251797120062964e-01,7.677262781643231504e-01,6.626222591000243689e-01,5.898402878916413350e-01,2.618240464842374049e-01,6.078234398621078505e-01
2.893975863002691273e-01,7.481354723466779877e-01,7.621266627553543449e-01,9.462148086226020993e-01,7.882193722223190813e-01,8.377774124177289616e-01,6.116641904249577877e-01,7.740667980846471785e-01,2.203508717996614796e-01,6.883317975410803147e-01,1.444561212274744211e-01,0.000000000000000000e+00,9.863046232588871254e-01,8.653143556496012412e-01,4.359158667498089779e-01,9.517113463247963701e-01,8.749647771365460791e-01,5.948914106581836281e-01,8.046814570302514014e-01,6.504580891422563349e-01,8.962221748715870628e-01,8.897008303737070634e-01,8.702524191476681548e-01,9.306208214624023256e-01,5.452524993553654609e-01,9.802986597634147925e-01,9.887557879089260426e-01,6.619783298623624912e-01,5.210345149983888202e-01,2.796121858696795082e-01,2.747422607140769801e-01,2.991220059760871797e-01,7.868134057169907658e-01,6.199765364644694854e-01,8.059918577831320929e-01,2.740331569149337954e-01,2.261885298629455476e-01,9.815283056010997154e-01,8.053453637444314417e-01,3.723886101716348263e-01,8.057019239069043159e-01,5.040312864359755007e-01,7.402967488142182528e-01,6.086026332465379607e-01,6.553197859651156421e-01,6.038801209920324764e-01,7.733956064247585749e-01,5.268567272657072309e-02,6.863957645965472754e-01,8.017664707840956861e-01,7.533303826630612932e-01,7.587464509850234684e-01,5.956046315359337928e-01,7.824194744641849164e-01,9.072464709823093720e-01,5.055613884978420458e-01,7.351951580208259118e-01,4.365892477489637935e-01,7.179259925356356042e-01,6.661867974573447704e-01,8.199231644690492260e-01,9.960535987722465290e-01,7.896571550595574696e-01,7.080664586586915554e-01,6.607591920562229104e-01,9.258929296962159494e-01,8.419969867448684475e-01,9.175502732754750035e-01,6.348512396024690307e-01,6.895270296879187910e-01,9.504215706450231949e-01,6.958181137879398959e-01,7.266690745438644239e-01,6.699727893456055572e-01,3.253165270228203232e-01,6.203899116292760363e-01,9.722410313973458562e-01,5.711473124133130685e-01,4.771508539934426474e-01,5.044695641263515773e-01,6.334033397420663070e-01,9.116988421536222909e-01,9.824488361672538694e-01,7.294779196589217252e-01,7.730397520185952054e-01
6.745074497808263292e-01,9.507450714906631184e-01,8.058792324071043511e-01,9.929807852155374537e-01,6.679020874678007758e-01,8.560011288719715505e-01,8.126215363217266230e-01,6.583423789709926810e-01,1.723427743622057140e-01,7.035561692178347037e-01,9.277512624842880751e-01,9.863046232588871254e-01,0.000000000000000000e+00,6.001759332000100589e-01,6.786175127708735655e-01,6.549892714265739269e-01,8.234297492443555244e-01,9.528012554998266381e-01,6.378815622020647114e-01,9.342710552614972297e-01,6.115043553503802798e-01,7.240632603689852731e-01,6.298753468894845442e-01,7.051797561333946751e-01,5.809854910641357728e-01,8.065211701251648879e-01,6.688445228183421687e-01,9.642651553947547693e-01,5.519629372123786570e-01,5.825703694187499559e-01,7.728433817218148816e-01,4.928476034011722295e-01,9.884286369205079748e-01,8.707791901248931321e-01,6.959619094115414573e-01,6.104118523722780187e-01,2.500596359549632219e-01,7.254201386707794796e-01,9.782052397287203105e-01,9.188737459729705570e-01,4.810427149835139193e-01,6.189771542962513307e-01,7.884116339794480233e-01,7.870354981457797772e-01,9.629609213064993511e-01,5.289990143992720495e-02,8.658210339139160716e-01,6.565714754430197475e-01,8.839074055600175672e-01,8.772543032666935137e-01,6.807041400416060650e-01,5.234808584352084182e-01,9.487942389811048205e-01,8.516904394518378663e-01,6.633045322356887485e-01,7.187149260636338521e-01,9.443479240386710716e-01,9.239738700558640661e-01,3.049717674292174996e-01,5.135023188703133901e-01,3.674330731128857552e-01,8.467560379313678887e-01,8.166157629704894338e-01,8.963371770788417514e-01,8.018136383126772682e-01,5.719355724464932900e-01,3.120467105060100166e-01,7.218339346514036636e-01,7.839827330833855079e-01,9.007161092266438018e-01,8.713842069556790859e-01,7.563804164217070580e-01,2.537525474312574691e-01,3.217723797645265504e-01,5.654768048613127984e-01,4.036202581921576882e-01,8.507449307630956525e-01,8.564525824885493854e-01,2.931975315202234311e-01,6.472930975232892292e-01,6.674210599174384972e-01,8.182720017911314647e-01,6.247235665339240240e-01,6.275058601565298710e-01,8.721007477840139188e-01
8.657449841550384217e-01,7.822233886643987777e-01,8.494205743042280154e-01,7.738894353062956144e-01,4.040198177536626356e-01,6.914041038060587674e-01,7.702601679358996867e-01,6.946336534394726980e-01,3.487911574926462199e-01,4.364297870893995013e-01,9.480352822877993191e-01,8.653143556496012412e-01,6.001759332000100589e-01,0.000000000000000000e+00,9.651256874091179716e-01,6.679026805111819565e-01,8.151341633340609683e-01,7.302253463794021737e-01,5.840839046789545463e-01,6.365507861657155875e-01,4.574765034234458683e-01,6.429007713326777562e-01,2.885832998071342637e-01,4.865107013442537820e-01,4.529093291883607986e-01,6.666581013848826842e-01,5.307530141895536735e-01,4.175476574605189173e-01,8.887941152960370239e-01,-1.036651153390819730e-01,3.090539178796462561e-01,5.388824979058770559e-01,-5.331474734443664154e-02,6.256881398341890277e-01,7.324362325468066759e-01,3.323071116612092979e-01,5.733170097271462762e-01,8.637348831323080622e-01,6.753913270327778218e-01,8.652857816615406872e-01,6.917065086319581502e-01,7.472341765052381568e-01,6.875258383082019087e-01,7.092108591615595703e-01,8.924335621267676100e-01,9.137954041496548774e-01,9.148013470489851917e-01,9.759170433972665926e-01,9.132367200713474853e-01,7.135701511129788344e-01,6.595787341470440435e-01,6.694067811274011515e-01,8.464999770103914800e-01,5.322573448396532569e-01,2.592733913485584796e-01,3.831887752928155311e-01,7.617375387749022453e-01,9.222738205649270160e-01,8.881306353269373677e-01,5.031484020457572814e-01,6.358958821861236954e-01,7.707345778982638285e-01,8.677201056421330883e-01,2.600762383974327130e-01,9.948884217235870464e-01,6.199371999912477449e-01,7.776713345184724790e-01,6.037633463284196589e-01,7.582565152366369521e-01,8.874071258757378899e-01,7.077043851430566690e-01,7.046684128139770742e-01,4.227378455023861337e-01,4.020870253841252739e-01,9.326298317718152431e-01,6.623579230430083342e-01,8.020968525419065465e-01,7.104322796725943689e-01,9.208674647953762893e-02,7.132869352834432242e-01,9.708645626148517671e-01,6.345852168188298448e-01,9.640248957046517742e-01,7.150586978458963738e-01,7.166466431036943030e-01
9.397623217666657425e-01,3.997207670716533823e-01,9.109244486134293606e-01,9.736276426432084463e-01,4.719314154451991206e-01,6.286772937249812676e-01,5.189983426093692787e-01,7.347828361053699853e-01,6.084079386121624688e-01,6.756364220612316451e-01,7.468602101850123631e-01,4.359158667498089779e-01,6.786175127708735655e-01,9.651256874091179716e-01,0.000000000000000000e+00,6.303331672305502176e-01,9.457922980432793558e-01,5.188952977624918805e-01,6.012626191266846609e-01,9.264438823627824116e-01,5.300500259733506025e-01,7.588543147899636798e-01,4.294890388998144903e-01,8.193030666124642147e-01,8.125747005658443545e-01,3.306047546665062953e-01,7.838923859875122080e-01,9.251013960043067419e-01,2.751261045990177068e-01,3.155092913714780956e-01,6.250897981245667756e-01,7.763829867918250471e-01,9.620820100803680885e-01,9.246478538273814607e-01,4.516012880161663356e-01,7.202921874967768145e-01,-1.364971045499600577e-01,6.735740995290153688e-01,1.212288663110159537e-01,6.573534102669772450e-01,6.396753449541370262e-01,7.273248015183405579e-01,9.853960040074410953e-01,9.437305386440997257e-01,8.422509978693745181e-01,7.324825204369982412e-01,6.523295719113990643e-01,3.231654308338799964e-01,3.570224091692952850e-01,9.798779645717330400e-01,6.945849441262149648e-01,4.656799832287260021e-01,8.518058623724072964e-01,7.839132214191706360e-01,9.683666587591968078e-01,7.789084727152765231e-01,1.026595682034448509e-01,6.725359481708852449e-01,6.467302984398151100e-01,1.650056503333268212e-02,4.526699817725032826e-01,4.501007938260025987e-01,8.473586270257994491e-01,3.797015953805622512e-01,9.062798875839254142e-01,4.562187936830044976e-01,7.138845704036126394e-01,7.149098740097088456e-01,6.273208119426950669e-01,8.682335204230214876e-01,1.512478140144145888e-01,7.430185091127017305e-01,5.572191347987184296e-01,2.971158276979731228e-01,6.399533244160329204e-01,6.530736608024964029e-01,5.092300776576433874e-01,7.098044100151708058e-01,7.331916386422423493e-01,6.350573406733930337e-01,5.115493637361223644e-01,9.096511733041700021e-01,9.370262210050599450e-01,8.691191890370957296e-01,5.523110203138892338e-01
4.256242347609177634e-01,7.349827937979360737e-01,6.714628494287071536e-01,2.782490371697647902e-01,-1.334130648216924619e-01,9.271817935083604967e-01,5.519382870086091408e-01,4.488626296262730464e-01,4.694015653009878664e-01,3.229637476800272244e-01,4.062610566982376437e-01,9.517113463247963701e-01,6.549892714265739269e-01,6.679026805111819565e-01,6.303331672305502176e-01,0.000000000000000000e+00,9.858464668059364611e-01,6.300063042397473501e-01,6.313992026602595065e-01,7.865164812463509847e-01,4.726909520901589334e-01,7.784919915894026321e-01,7.957974399555686196e-01,9.294084507118669514e-01,1.533800833507270589e-01,4.736723585600098874e-01,6.259118452823304590e-01,9.392997840995971348e-01,5.526309554049548822e-01,6.812526770618474448e-01,3.243415959618927147e-01,8.967597917997824908e-01,4.662421628792547956e-01,5.546244163579931996e-01,5.261032097412400299e-01,4.016340408332198519e-01,3.897581609968968630e-01,7.420134242496698729e-01,9.202885514600458450e-01,5.310993967036315988e-01,7.514665074603164019e-01,3.169606298614466300e-01,9.777200630344315968e-01,7.053300809430744778e-01,9.108001922651017823e-01,3.235388759780815637e-01,8.983599161324311577e-01,1.748464218643278612e-01,7.474732245828389354e-01,7.275767158780426236e-01,8.178746152003354419e-01,9.444985780140024989e-01,8.470142230579662534e-01,5.948756104083769980e-01,6.607270065170309792e-01,9.405430326889421266e-01,9.324389367722173416e-01,6.815564987411600884e-01,7.047793885652506862e-01,7.508840039236934771e-01,5.878880006881798126e-01,5.265930608336486518e-01,7.248678332054387941e-01,7.415980086323921139e-01,6.586786321021911306e-01,6.577855611497641641e-01,6.075928471585003710e-01,5.984385655477049148e-01,5.055230481804577902e-01,6.588512341119542315e-01,8.640775595226207750e-01,6.186174473731288481e-01,4.588913908480667936e-01,4.522592553348291911e-01,6.580362273886992686e-01,9.872887229291699152e-01,6.063558567700120250e-01,3.346848778449676987e-01,4.910176360557376718e-01,3.499233122847292821e-01,7.694404288510738876e-01,6.275029423612250579e-01,6.631695689811607508e-01,5.598039028360182190e-01,3.964026417523515144e-01
9.560929282426664511e-01,8.415478062374860402e-01,8.045999443363551773e-01,8.449426180361796490e-01,6.361537663217748939e-01,9.947410043729103535e-01,6.609449331294530161e-01,9.378565095599985524e-01,5.043148266828672011e-01,6.218213746741754200e-01,3.056829638020788775e-01,8.749647771365460791e-01,8.234297492443555244e-01,8.151341633340609683e-01,9.457922980432793558e-01,9.858464668059364611e-01,0.000000000000000000e+00,3.499640660230964873e-01,8.620384779957783739e-01,8.788366911747379495e-01,6.990963569456589699e-01,9.217519199671784236e-01,5.336286074010321290e-01,6.636674186056561453e-01,7.739969605231650229e-01,9.560168681560555770e-01,8.928105037245155362e-01,6.096444603568320630e-01,6.453575269975053708e-01,2.720046352556382361e-03,4.709857584167672084e-01,8.890438666885892571e-01,7.975160913139589525e-01,8.797999367242073654e-02,8.785966978219068579e-01,7.476335905871042131e-01,5.911422720311905188e-01,3.782928514195122993e-01,9.069852523443486803e-01,8.299483116731246612e-01,7.806532577621592139e-01,5.765752763494702560e-01,2.272355541234269416e-01,4.686170242534517527e-01,6.715707494859523008e-01,7.246665087764211366e-01,7.815894958879074927e-01,3.600330670387212328e-01,6.364491667844064393e-01,2.953315261864123409e-01,6.232126419940218209e-01,8.614934408209263816e-01,5.898269773088334889e-01,5.435970394877442935e-01,8.078524659190373658e-01,9.393595793548937811e-01,8.399330562899522956e-01,5.944831282628981750e-01,5.527769066555430211e-01,3.115262118574557149e-01,2.261260688469452496e-01,8.613053854823826683e-01,6.336127667766577876e-01,5.415914269361975508e-01,6.631996635195667178e-01,9.778585338347106637e-01,9.526484128356125236e-01,8.033584958945194643e-01,6.936834370113695858e-01,6.347708102623083048e-01,7.350966136673644513e-01,7.036277268616110137e-01,7.031237620906691799e-01,7.055147394973481090e-01,7.867738661744714257e-01,8.176902149645532969e-01,8.823170196940712806e-01,6.166389858771483823e-01,3.068010715403065580e-01,5.041420911043049680e-01,7.891283928867289799e-01,7.441177767492500317e-02,9.647756414771243572e-01,3.269838164453746643e-01,4.752220844081666562e-01
8.445375038839433302e-01,4.418340457695949519e-01,4.658561984273382195e-01,7.775607487113906924e-01,7.518596435240025855e-01,3.899252550284852403e-01,6.453402145185298533e-01,9.954112311064826635e-01,5.356405057578320639e-01,6.763508750778050027e-01,7.610801382576344309e-01,5.948914106581836281e-01,9.528012554998266381e-01,7.302253463794021737e-01,5.188952977624918805e-01,6.300063042397473501e-01,3.499640660230964873e-01,0.000000000000000000e+00,8.386798420927919773e-02,1.585760867536254726e-01,6.753997858399859444e-01,8.333973474802689463e-01,6.945352479290939351e-01,9.548439480625575682e-01,5.558460204925205206e-01,4.266211298218509640e-01,2.736391501798550729e-01,7.364083706700228493e-01,6.155026627960235031e-01,4.476341542099094295e-01,4.394305364196490760e-01,5.263538783595441695e-01,4.973999377415345702e-01,6.030565510559393605e-01,6.953397230855277167e-01,3.736015596410382500e-01,1.233388158603119233e-01,4.508919403064742815e-01,8.874771795426101839e-01,8.251030208140549549e-01,7.668680807099872432e-01,7.789460316810289386e-01,9.902702866641812651e-01,8.754253188208163117e-01,9.540953224945941669e-01,6.253434135941343675e-01,7.948848054174948441e-01,6.514609014990790925e-01,3.374070014727480471e-01,8.348880276032972780e-01,7.137994443058276461e-01,4.005881987165840208e-01,8.764709922281339605e-01,8.684687858060726739e-01,9.803872280519848603e-01,4.460671474183011687e-01,4.299564038240508701e-01,6.461564765174320213e-01,8.750593574891246673e-01,3.739072954751585659e-02,1.714418003530501500e-01,-1.703689382135352148e-01,5.477228430546261517e-01,6.474390089880465160e-01,7.632755965471476056e-01,8.758367295757556459e-01,5.178461358154407002e-01,9.727244251072448833e-01,5.941739781115410457e-01,7.610962603476483235e-01,6.632281304568410363e-01,4.898518166536485197e-01,1.922541844834447511e-01,3.539299027833491262e-01,9.906166605277360038e-01,-8.692822682944405244e-02,5.042855791415448707e-02,8.898026626348419788e-01,6.760894368033163460e-01,6.583625416690720433e-01,-1.861730541688653429e-01,5.529077596784253146e-01,9.615962340677853826e-01,5.797325174564396111e-01,6.245368426330821787e-01
