0.000000000000000000e+00,8.570222160738905082e-01,7.089929939360384292e-01,7.217248772223725517e-01,7.255977353237835770e-01,9.627228303913814011e-01,8.086268339464914856e-01,9.244955887587846810e-01,7.688621254805426686e-01,9.148201651704779280e-01,5.768504256696339594e-01,9.407317584333015903e-01,6.869432076607931981e-01,9.328845373723290146e-01,6.425380136220193439e-01,4.945130612456266617e-01,7.663132704292610065e-01,8.796496664934549958e-01,6.129007105961516988e-01,8.832577184903865897e-01,9.055799317208994559e-01,8.813170664545795230e-01,8.415915124171637896e-01,8.259475975635125478e-01,8.886087628754083534e-01,2.733093357588758376e-01,7.052384971947290859e-01,9.939923868468569790e-01,4.906537608240589265e-01,1.129228050090316238e-01,5.903363583663432390e-01,8.796186242319935511e-01,9.616387656575221543e-01,9.601662062144326049e-01,9.119737266807534937e-01,2.753270218786321721e-01,2.120289116335283552e-01,8.564028333656064085e-01,9.923018194921811030e-01,7.323066188160261003e-01,5.738686674734757576e-01,7.028117229210375516e-01,8.250893231450797671e-01,4.683449815095109825e-01,2.081474100876175848e-01,6.851434536731418889e-01,6.620382951535881411e-01,8.773972783915165996e-01,8.394697042539175369e-01,7.337654501542515417e-01,8.832034679187530379e-01,8.511292996677172207e-01,8.522620826426716700e-01,1.388580868385625999e-01,9.770983543508603431e-01,9.911020791180884526e-01,5.422234624323292174e-01,7.530373847018019262e-01,7.797204600580831535e-01,1.395023583905912190e-01,5.005526314191217629e-01,6.020625214131699598e-01,4.035385390760691249e-01,6.614975832140564949e-01,8.783784476809455288e-01,5.608147393001288172e-01,7.216058650942556163e-01,9.434029282998286359e-01,8.505608820831424000e-01,3.174941241488897781e-01,8.792726247400434181e-01,1.749623834186039839e-01,8.157797556146918483e-01,3.890100619177432328e-01,8.027237845687306139e-01,4.508333587598907233e-01,9.641831420469796354e-01,9.987116740331247744e-01,4.190391119712563728e-01,-1.674608008458301212e-01,7.174208790637893740e-01,6.183397898856506369e-01,6.919166049720412159e-01,2.318450227693103771e-01,6.275069573766426378e-01
8.570222160738905082e-01,0.000000000000000000e+00,9.380876585586523930e-01,4.055531108740776935e-01,3.040597239211286773e-01,7.191542603526575039e-01,5.994277318785188324e-01,6.937442980974989348e-01,5.006221584170860162e-01,9.693966397140053592e-01,5.896547162792309393e-01,9.629028790217900591e-01,6.132347572762243404e-01,8.862451112137921250e-01,6.613423588889710825e-01,6.472411207505498476e-01,2.441648342807260508e-01,8.299245714860167267e-01,4.278892646124873300e-01,5.433313125014452849e-01,6.430329845481169704e-01,8.173145343513485983e-01,5.549041283998239482e-01,8.740699216339309352e-01,7.503345787533881595e-01,5.740912580634571771e-01,9.916566181087651533e-01,9.440942821800042406e-01,6.521466768630432842e-01,5.060734299341965725e-01,4.441601720148957155e-01,7.001550029358077909e-01,3.755547665792212664e-01,7.930091943624839601e-01,8.999901792403400824e-01,6.911401530296487072e-01,3.753518800776418640e-01,5.283941005684292813e-01,8.517314164440329405e-01,5.238722291703424849e-01,3.457629324565827389e-01,8.751574031224644834e-01,9.244405805872060178e-01,9.629321063478133436e-01,7.502739976082646312e-01,2.629150041350533096e-01,7.418307414920821685e-01,8.262643991060910631e-01,8.312896947200663078e-01,8.845406829756922162e-01,9.359031623072124884e-01,7.694905554307645001e-01,4.993361992020524109e-01,9.250688916741578449e-02,9.050836923546001778e-01,9.903075901674580628e-01,6.489795671993419113e-01,9.688479646155973013e-01,9.521835517333826493e-01,6.728872553780158583e-01,-1.463359811869073268e-01,6.805812096257990440e-01,8.661704673805523669e-01,6.950884567307873407e-01,7.254867008360157410e-01,4.654947421241774075e-01,8.435544546874155225e-01,9.753574324805338591e-01,4.497497488316819503e-01,7.573291067078291583e-01,6.993179080000547776e-01,4.242441612981706633e-01,6.381733107491689427e-01,7.788448904619843516e-01,9.037726900309476230e-01,7.936709137677711023e-01,8.634040802510831725e-01,9.928328892328865951e-01,5.890335615527428903e-01,4.643469344312406988e-01,5.102211859485291656e-01,8.814410598081178216e-01,8.747043262913217765e-01,6.929538730692660353e-01,6.686439534045156563e-01
7.089929939360384292e-01,9.380876585586523930e-01,0.000000000000000000e+00,9.598139892774644188e-01,7.475861608835645544e-01,9.695808424504736012e-01,6.112559967028634578e-01,6.718821200401717819e-01,4.741545700556683007e-01,8.015181954584351676e-01,6.866176655832488818e-01,9.106552362791701105e-01,2.380888204252760987e-01,8.166333476902191135e-01,9.648254489086394159e-01,7.729892069284606260e-01,9.407625082645294512e-01,5.099695713840012301e-01,9.416488336398316505e-01,6.132909680021563226e-01,8.394431560616273380e-01,7.898733009498003499e-01,9.229580041784930522e-01,8.914592167618956564e-01,8.031638599213897223e-01,7.253473700305127503e-01,8.091464729016583091e-01,8.641021780510206307e-01,3.564336124585787413e-01,2.115001476169043326e-01,5.380701813221167029e-01,3.806826463388552906e-01,8.437017404030182632e-01,9.800159807764359243e-01,9.518015849680647733e-01,2.908993397497121602e-01,6.197873748393847859e-02,8.250935717701471939e-01,7.094503615784304440e-01,7.144979566429182638e-01,2.245474573740110225e-01,6.682039586792387631e-01,8.314989715124994074e-01,6.315310909085184443e-01,7.024438913169762655e-01,3.381530399147154586e-01,8.853587932627818846e-01,8.781723149053559663e-01,8.648003154753771682e-01,4.908824569691531137e-01,7.872786836073552008e-01,9.480806177938183588e-01,7.523741318743351059e-01,3.726115340055673464e-01,7.493956761645388376e-01,7.599715283027681512e-01,6.288127903782878558e-01,7.163079197018631383e-01,5.890661293214751737e-01,6.296274309969634997e-01,3.577525955584170414e-01,9.358355777747471294e-01,9.559049798409847698e-01,6.275930475882879334e-01,9.703244820922198866e-01,8.811668468146398592e-01,9.980418734806737469e-01,6.592048841950262084e-01,8.662724152211237483e-01,6.103854760570835980e-01,6.766791778420648829e-01,4.301974049792882671e-01,5.422560677721466327e-01,4.260589457284201798e-01,7.056130074303393895e-01,7.697363949245704662e-01,9.579510239803942229e-01,8.830939597196337809e-01,4.475762430023967897e-01,1.874286162565503774e-02,6.031901800190324625e-01,9.984277517966437809e-01,9.584794314073934451e-01,6.255647488470300610e-01,6.316729042944677630e-01
7.217248772223725517e-01,4.055531108740776935e-01,9.598139892774644188e-01,0.000000000000000000e+00,6.379631341591986970e-01,5.508959275579566883e-01,2.420587093270871182e-01,3.787684987625513089e-01,9.654914527688637227e-01,5.280774761822116803e-01,7.777512746917278896e-01,4.074414562097883885e-01,7.194550999953852610e-01,9.587536213301266486e-01,6.258569361482750892e-01,6.624125301094552221e-01,8.032774959996814568e-01,4.891035816343085041e-01,9.220851246425786352e-01,7.299458347778228218e-01,5.119710942920504548e-01,8.652750564971676273e-01,9.061647391045836164e-01,8.930334483705878457e-01,5.163777389191266387e-01,8.755725501969936486e-01,2.912746336839935335e-01,6.823967937077363155e-01,7.131503016019679064e-01,4.795145004360159557e-01,2.485113034997408765e-01,6.702542960682345008e-01,9.215276407792576396e-01,9.858368114480370314e-01,7.761441725921257584e-01,4.566364405618594247e-01,5.680350595253057522e-01,8.937290005028517559e-01,9.229871418654922444e-01,5.565294635206902152e-01,6.963022095804820566e-01,9.544206888813852041e-01,3.300454544292149572e-01,9.410668353400033492e-01,9.631438469492715759e-01,7.791156914725557714e-01,6.040251143364725461e-01,7.078296825877948839e-01,5.214933082823792754e-01,6.951179650032529578e-01,6.337889421450718652e-01,6.101015974511007078e-01,5.988237629800131634e-01,8.839026225175303786e-01,8.308803679310425849e-01,7.628075257389820285e-01,6.402653387069978663e-01,8.851659936363467374e-01,6.460853872433793832e-01,7.211749074503671642e-01,3.519291359111802464e-01,8.661709947910229968e-01,9.940314872984825634e-01,7.260712836103997425e-01,6.685204459896942897e-01,6.719285900568494618e-01,8.457057821018096888e-01,4.578148543264249359e-01,7.709949079661539972e-01,6.197694501197182904e-01,2.313216605111439172e-01,3.838497278600370710e-01,5.152888160295240327e-01,4.682980252485960948e-01,4.383076976909562328e-01,4.995320200465228622e-01,3.270413659527107719e-01,8.273019562526041648e-01,5.804193802282232584e-01,5.950418098188826610e-01,4.897952325295968912e-01,-5.117345866786807140e-02,9.205566362751733678e-01,2.406497137183847279e-01,7.692372600456993670e-01
7.255977353237835770e-01,3.040597239211286773e-01,7.475861608835645544e-01,6.379631341591986970e-01,0.000000000000000000e+00,1.819781284019621470e-01,6.890350793226135417e-01,8.503864801910633320e-01,6.802169266282627191e-01,6.118718914729216474e-01,2.962120303646509356e-01,8.292152541997260817e-01,9.053502880567424471e-01,9.785634863775795056e-01,9.181062952860675752e-01,9.014939236337684569e-01,7.303650341499694498e-01,9.846370581282790635e-01,9.934587257373954650e-01,9.596720376888689952e-01,8.645240758754236809e-01,7.630111846875478054e-01,7.537526967039474002e-01,9.266605197499360180e-01,4.168282827700710569e-01,6.603211543018401297e-01,4.160569190201728884e-01,7.656012097946164330e-01,5.947955402790126023e-01,3.162203555067942262e-01,6.145222125821245829e-01,6.709822078584930516e-01,5.833168559895449690e-01,5.566563256089648304e-01,7.878272959916067242e-01,7.287488084676155831e-01,5.402452933355352815e-01,4.209438486860386797e-01,9.685488609311653230e-01,5.720289620441842970e-01,2.101543520081225747e-01,5.618197474011610293e-01,9.727451393873842722e-01,9.011396847399881782e-01,6.215027223795236422e-01,8.726150649469415210e-01,7.166535871734716068e-01,5.054152803159719376e-01,4.420129397023763729e-01,6.357102313751665790e-01,8.533923362494821863e-01,7.151208902990079386e-01,8.046337439760309351e-01,5.983577286395820316e-01,8.580531697877653574e-01,9.748890091442763417e-01,4.474818866151694663e-01,6.528332554214058003e-01,5.914933155861393788e-01,2.858502835992734470e-01,4.485892068766570984e-01,8.187417859813236332e-01,4.444679520025157649e-01,6.749186075904798354e-01,7.448453655281913610e-01,7.471172759324395951e-01,9.540258379890851348e-01,6.911746573560637597e-01,7.615163454469765503e-01,4.174358949310771894e-01,6.423428585790942336e-01,7.293543363570291760e-01,6.507146077156227282e-01,2.054887554198560617e-01,5.188368841809163357e-01,2.273915568166937073e-01,5.963979322607149136e-01,7.189869910553610133e-01,3.722334962515700396e-01,2.074284010068910833e-01,7.247176989923438395e-01,4.733688031592448442e-01,5.881229014286034618e-01,5.431801521507335639e-01,9.235334095298181056e-01
9.627228303913814011e-01,7.191542603526575039e-01,9.695808424504736012e-01,5.508959275579566883e-01,1.819781284019621470e-01,0.000000000000000000e+00,2.039798462680154634e-01,6.503128371748492231e-01,6.648459350669093659e-01,6.652383751201306206e-01,4.660341703650674461e-01,5.173900859076174807e-01,6.130406308982443431e-01,9.488145948497537230e-01,8.654104398206675652e-01,8.947407144674613955e-01,4.573226721905034875e-01,7.584875494719534039e-01,5.873206858706325750e-01,9.092246737938134427e-01,4.825961357273064745e-01,4.879794759562802176e-01,6.472123809440447628e-01,5.312793495276483258e-01,1.027903099720078733e-01,5.966739690685201047e-01,7.635797608565386696e-01,6.933399859088711370e-01,5.034638766382870667e-01,7.262540145303377770e-01,5.605592067136534462e-01,4.136920722093231362e-01,4.877775407202429858e-01,9.194047646563253684e-01,7.307564406131672463e-01,7.834339764798408101e-01,3.163416877296311158e-01,7.366844298035507554e-01,6.433247897486171762e-01,4.161895971768964086e-01,7.393309957063527449e-01,6.552879739354425803e-01,8.081305854600002725e-01,6.194582231206707812e-01,8.166401094580353348e-01,6.872005383617912910e-01,6.027655778454849012e-01,6.608015122977148881e-01,7.730007512798114933e-01,5.027039926986668350e-01,6.196077668686594819e-01,8.436531222224216142e-01,7.937957534240867030e-01,7.590551118432161681e-01,9.941860003067284346e-01,8.188057601072991076e-01,7.527271485316269217e-01,5.069704743539498182e-01,4.736380049638911904e-01,4.556515082023480656e-01,4.675539046057869408e-01,1.057450927546666614e-01,9.314776157714856897e-01,6.757917611988202289e-01,9.266070023407770861e-01,9.283865722987059144e-01,6.212387980783928842e-01,9.504865002011644304e-01,5.028801791516871456e-01,8.547970894629548511e-01,6.144825563457403383e-01,6.983827510967453023e-01,7.159396357772574992e-01,9.902376453580749027e-01,4.069677516457561595e-01,4.443253331098613867e-01,9.576832816465019604e-01,9.991272932348029823e-01,3.468041499657750215e-01,4.284063646584502227e-01,6.673625355375466528e-01,8.232619962659954993e-01,6.102141600474132455e-01,7.407058282922799330e-01,4.123297968866708185e-01
8.086268339464914856e-01,5.994277318785188324e-01,6.112559967028634578e-01,2.420587093270871182e-01,6.890350793226135417e-01,2.039798462680154634e-01,0.000000000000000000e+00,4.528170952646759506e-01,5.502073914687974909e-01,1.888626411721856801e-02,7.792251955254928530e-01,5.081816206169148531e-01,4.625844869552739880e-01,5.032775925700245789e-01,7.549071335312007580e-01,7.894241944575823844e-01,6.296274260896674857e-01,4.628203002087042384e-01,9.372623247642010158e-01,9.130707446303768515e-01,8.497663716869193751e-01,4.380691163204336047e-01,5.005445965703888556e-01,6.587816203980133567e-01,5.375588552389344299e-01,4.119406237006528748e-01,4.532115768865404570e-01,6.097091236768324984e-01,5.456889422463946371e-01,5.361757190055765898e-01,1.945830417341339047e-02,4.552580596430166326e-01,6.220432701071322290e-01,6.089992264692989377e-01,9.701073316194311902e-01,7.855421906858242043e-01,2.538688955104789757e-01,5.180890007911133077e-01,7.558932541777358960e-01,6.898575399101569694e-01,7.761296061387885914e-02,4.801697578361622809e-01,8.455338055736861813e-01,8.742138904437406488e-01,3.275725865630246258e-01,6.116865574744518863e-01,9.623778552722961344e-01,5.159974025727065428e-01,4.788637572916839558e-01,4.355762195163913608e-01,3.989587858898395734e-01,3.085392196441252288e-01,4.624280587112630236e-01,1.733028624236398196e-01,6.979909206575358738e-01,3.119858131133129153e-01,1.372201757397477351e-01,5.196012067562103542e-01,-1.330161627463699592e-01,5.696969413549725081e-01,5.918709911880314367e-01,4.191474372972288087e-01,3.151081106825251998e-01,6.727777575124771481e-01,9.153585611447887516e-01,7.787674145532019754e-01,7.951622854228903581e-01,8.119468025682863299e-01,7.230641913971979085e-01,2.377569114330672639e-01,7.118347080610109012e-01,3.555116097524968488e-01,9.998085869272501647e-01,2.337394925970768395e-02,7.426096092599441256e-01,2.103637707333802509e-01,3.688707862177040830e-01,7.779343504049358593e-01,2.202809270121233384e-02,4.931002456221987851e-01,4.415567864906946860e-01,8.146568082903016261e-01,5.735325866322220634e-01,5.405173272142272944e-01,6.059877992377080691e-01
9.244955887587846810e-01,6.937442980974989348e-01,6.718821200401717819e-01,3.787684987625513089e-01,8.503864801910633320e-01,6.503128371748492231e-01,4.528170952646759506e-01,0.000000000000000000e+00,4.262643785298245169e-01,4.182881333183766093e-01,6.076035535942221344e-01,6.701632131384869240e-01,6.343749203423805216e-01,6.960784096535784782e-01,2.321266819200811793e-01,7.270814025101827172e-01,8.793384425918531200e-01,8.475985804611726460e-01,6.609993429626175310e-01,8.334462345423987450e-01,5.727130568274831912e-01,5.552552251273888961e-01,6.589131775839023319e-01,6.041214487571383573e-01,3.497526716168516403e-01,4.861408129947455969e-01,7.149124600535193552e-02,9.373883063380960001e-01,2.787305198968071940e-01,3.512198582063951746e-01,2.299270185040367120e-01,2.053386105918691140e-01,3.585097114582920796e-01,6.586105047793978651e-01,6.363339207049035773e-01,5.368051715796495760e-01,4.588803353873621704e-01,5.719790457681588752e-02,9.092175563199159649e-01,6.891233111776154940e-01,5.632613997271153083e-01,3.119435730525320638e-01,5.095764479428444016e-01,6.394503212818043458e-01,7.964314938767331764e-01,9.699713476654029387e-01,4.875568938001181296e-01,5.703749644273932162e-01,7.175798690995425222e-01,7.231514665669542818e-01,4.307379554407753108e-01,6.744642690167686194e-02,6.682130662717461478e-01,7.283563115450941705e-01,5.400179175474354443e-01,8.393332468029073290e-01,9.924988420047782256e-01,6.597590173932812441e-01,6.979774818591475416e-01,5.810356387990979199e-01,4.367614541748672252e-01,4.145500037816755023e-01,9.264979629035772213e-01,6.504230738697820424e-01,9.051724502710769560e-01,6.643069457540015099e-01,7.373610482885725181e-01,6.444159069178249100e-01,2.639745713244780467e-01,1.037403023495029608e-01,6.690119573299644351e-01,7.236485559249763444e-01,4.802360059417595806e-01,1.721337902686926880e-01,9.079156734827507069e-01,5.975695957397593461e-02,5.324674670290193701e-01,4.373110586253257104e-01,6.354801885651775173e-01,3.290526365459176539e-01,4.097893462721232116e-01,8.697210495539142716e-01,8.577440863533010162e-01,4.281905387031528787e-01,6.722228668281062802e-01
7.688621254805426686e-01,5.006221584170860162e-01,4.741545700556683007e-01,9.654914527688637227e-01,6.802169266282627191e-01,6.648459350669093659e-01,5.502073914687974909e-01,4.262643785298245169e-01,0.000000000000000000e+00,6.194959397098402931e-01,7.366393468729978133e-01,5.192738405551921010e-01,9.480097273837847505e-01,8.130637287072450814e-01,6.444145220586843248e-01,6.858722403917718591e-01,8.574410774776721755e-01,4.813049988534671697e-01,9.246805201578662814e-01,8.165806232175544244e-01,7.546511757495849571e-01,8.697811864966773499e-01,6.023525400823200870e-01,6.855372104857464233e-02,7.741524761839636559e-01,9.292755045501073230e-01,6.845729487897264098e-01,9.569994216987307567e-01,1.583056206879900896e-01,5.126207587423545764e-01,2.046016403100055225e-02,6.594061050535753310e-01,5.598216695056004166e-01,7.464952950388339392e-01,7.785682861845346636e-01,2.365525818223385701e-01,5.326341339780793493e-01,6.081767292241697653e-01,9.843620261446038855e-01,9.797260665775564537e-01,2.165625109469755671e-01,8.500780794174163102e-01,9.847143353601419680e-01,2.056563745707912783e-01,6.110886568155383669e-01,6.791048217122459540e-01,4.101369291172574094e-01,3.164130892533480455e-01,7.060478481193546152e-01,7.056325187010690225e-01,7.462439217650666812e-02,6.843987870046944755e-01,9.198744766441568910e-01,8.716249054334569424e-01,8.012567035586747322e-01,7.094749006781700396e-02,6.679125926902452770e-01,7.249598177515068631e-01,8.368729175236029327e-01,4.456039211295854119e-01,5.537815043254648018e-01,4.793170658371039838e-01,6.197015616968671869e-01,9.529942433475002694e-01,9.168158463105878786e-01,7.295354113933860685e-01,5.129794417316418942e-01,8.819857933336752165e-01,6.061362742611061671e-01,2.353722118263789076e-01,9.115362383074836483e-01,1.428052271249949101e-01,2.669210277252378472e-01,5.181421791623280759e-01,6.157569460880765178e-01,8.035925886777682825e-01,7.263659722786197648e-01,7.226033235927588061e-01,-7.277190202939787245e-02,4.407153989700522412e-01,4.034004500391767389e-01,7.763656809095607070e-01,9.273420978730860798e-01,6.743404720590170376e-01,9.374492875182739438e-01
9.148201651704779280e-01,9.693966397140053592e-01,8.015181954584351676e-01,5.280774761822116803e-01,6.118718914729216474e-01,6.652383751201306206e-01,1.888626411721856801e-02,4.182881333183766093e-01,6.194959397098402931e-01,0.000000000000000000e+00,7.629551160800713827e-01,9.365859649086673011e-01,4.200224498922524585e-01,7.007572935848782603e-01,6.776817857073800244e-01,3.338834379249283613e-01,9.645003475443484353e-01,7.159751841169188502e-01,7.348525687408637985e-01,8.367180228220336691e-01,8.374729623202508133e-01,6.862807808645442487e-01,6.211411811598969157e-01,5.752305206616583622e-01,4.901460989259550649e-01,4.582330074589504032e-01,7.222173171839021411e-01,6.584906916361548124e-01,6.039025677538478742e-01,5.402814880696608091e-01,6.494648414225100419e-01,5.264489341992154570e-01,5.086030860699526368e-01,8.805528489134809567e-01,7.228277819065264120e-01,7.034902670590290619e-01,2.045637399966229383e-02,7.787247546971750589e-01,6.258193868907452329e-01,8.303742885774075821e-01,4.855413896572116084e-01,6.777497245814485538e-01,9.001705785274077831e-01,6.484184872954145140e-01,9.118693157249091463e-01,8.197983420781463915e-01,2.227945753210870961e-01,9.079944304854350445e-01,6.074420941669149698e-01,7.735472597505621550e-01,9.599332600520720238e-01,6.607128745854611296e-01,3.140766852761441852e-01,3.228595883446340187e-01,6.516436830394032320e-01,8.567081016840109031e-01,9.762373833272958157e-01,8.790696239954272073e-01,6.601342253328220666e-01,7.595676774714987811e-01,3.156265273177373265e-01,6.608296449216199964e-01,5.636696933943133869e-01,6.374528088610873500e-01,4.932283068209489252e-02,8.920596078483321589e-01,9.301833293753258847e-01,6.762403845036371042e-01,5.317415799435424306e-01,8.568227876914402685e-01,7.352338811622818326e-01,9.377455992398144868e-01,3.933584183268948875e-01,5.414374225469329449e-01,6.149281936726215259e-01,4.859874114111619736e-01,8.854734470182130668e-01,7.572724195294570082e-01,3.789447561909801143e-01,3.328518950307519653e-01,3.803255181468337964e-01,9.133593382824286566e-01,7.018210874373215225e-01,7.914384609682643124e-01,8.858373786351539936e-01
5.768504256696339594e-01,5.896547162792309393e-01,6.866176655832488818e-01,7.777512746917278896e-01,2.962120303646509356e-01,4.660341703650674461e-01,7.792251955254928530e-01,6.076035535942221344e-01,7.366393468729978133e-01,7.629551160800713827e-01,0.000000000000000000e+00,9.040846152021720927e-01,6.021395046430223497e-01,8.934443671807993370e-01,7.358421720600671900e-01,7.599913448764528123e-01,9.913753947091921148e-01,6.849733364142097658e-01,7.260485270473806541e-01,9.077173529003210728e-01,-2.579753012916435884e-02,4.392358226158339929e-01,7.509588530440971521e-01,9.108535800911977676e-01,6.687292309770509480e-01,6.627043166084608528e-01,6.814078118441166954e-01,7.761659510768428305e-01,3.245377719198629385e-01,5.818843690487958131e-01,-2.181526933872551810e-02,9.727356526444081997e-01,5.496449673113857903e-01,7.536863646433765718e-01,9.433022077192313448e-01,3.823090730220053968e-01,3.256978942119461151e-01,2.439747612499164053e-01,8.521651957371594310e-01,8.027788392571110210e-01,6.081098668525446449e-01,8.621956863251196701e-01,7.523115393510285687e-01,8.323760966070308243e-01,3.835043267734973282e-01,7.795849395210097121e-01,8.950140763285382439e-01,5.755976238847242410e-01,5.304764084015471948e-01,2.104576535530917891e-01,6.685037780198428425e-01,7.789238921332373167e-01,9.172045701956157426e-01,8.573984477117593261e-01,8.681595233922565491e-01,6.325198504256859255e-01,7.202646709738805830e-01,9.280358006521050029e-01,9.044459260175825577e-01,4.894596828062021399e-02,4.402719829318255118e-01,1.648636848096442786e-01,6.067871862667064686e-01,9.802871459675011057e-01,9.280202679050459924e-01,7.115033173858364979e-01,4.760416096600559310e-01,2.680961350760175943e-01,8.671991972978750907e-01,4.041251988571264997e-01,7.908810787154111344e-01,7.924992634235619171e-01,3.719919445216030018e-01,1.372309986919111879e-01,8.173361731339361391e-01,9.851332093648930144e-01,7.254073940650198615e-01,5.031423902918379376e-01,6.523579423220245144e-02,-1.116769471365656324e-01,3.384147924439147581e-01,8.165684934479416901e-01,7.787543861682659774e-01,7.015573740409510872e-01,8.774718575931883535e-01
9.407317584333015903e-01,9.629028790217900591e-01,9.106552362791701105e-01,4.074414562097883885e-01,8.292152541997260817e-01,5.173900859076174807e-01,5.081816206169148531e-01,6.701632131384869240e-01,5.192738405551921010e-01,9.365859649086673011e-01,9.040846152021720927e-01,0.000000000000000000e+00,6.070749078774549945e-01,9.943837174275795832e-01,4.897036313311313727e-01,6.333617653596539387e-01,6.131135095531106138e-01,6.030199755082236157e-01,7.061021591554503818e-01,7.814005628578208906e-01,9.916801077171202294e-01,7.459857620226422181e-01,7.440672790449416318e-01,6.752834867040160560e-01,5.962088399549250184e-01,9.410185785104403511e-01,3.424041401624993153e-01,8.733187277296017292e-01,4.897792711009706923e-01,3.089986210409995659e-01,6.519659852152848156e-01,5.072839697450441943e-01,5.320398463647425524e-01,7.147389414685088038e-01,2.355024993597788774e-01,3.021024242542015292e-01,-1.218821082856790666e-01,3.051821659556177013e-01,8.994509550281093446e-01,9.848837199021555078e-01,7.439407038637900760e-01,6.340149953660866311e-01,4.128148053028026787e-01,9.537399683905389836e-01,5.620524786744109935e-01,9.474855847936841657e-01,2.354108947188176537e-01,6.733524816846331307e-01,2.498018807137877828e-01,6.011949052149312411e-01,4.870320202604798698e-01,3.697661158994994257e-01,8.890625327355318186e-01,8.527785278357358223e-01,6.802438484801164309e-01,2.654014248516913810e-01,8.345281698828344030e-01,8.713455629696156279e-01,6.536761173819870541e-01,2.187686622509936174e-01,1.652666885506479666e-01,2.206348497520588814e-01,7.396543766590883973e-01,7.216498326676070718e-01,7.607690033036271782e-01,5.664409386549258407e-01,3.170475862813683099e-01,6.113609702364175558e-01,1.722788282342797850e-01,4.819884118141457563e-01,8.545747731793814639e-01,8.424840898150007806e-01,-7.633619412073459898e-02,8.342332212197910435e-01,7.130934934917477763e-01,4.308560295028865395e-02,1.141651868303204531e-01,5.626487350967079859e-01,5.090740493446435089e-01,4.343426512940543049e-01,7.077673997621485302e-01,7.154575925610245912e-01,6.785400382810037323e-01,4.830150184491567300e-01,4.829677172631419713e-01
6.869432076607931981e-01,6.132347572762243404e-01,2.380888204252760987e-01,7.194550999953852610e-01,9.053502880567424471e-01,6.130406308982443431e-01,4.625844869552739880e-01,6.343749203423805216e-01,9.480097273837847505e-01,4.200224498922524585e-01,6.021395046430223497e-01,6.070749078774549945e-01,0.000000000000000000e+00,6.431737003791576646e-01,7.260677623383287038e-01,8.186984998933329871e-01,8.212468100881873401e-01,2.933105274070481050e-01,3.627500637244985837e-01,9.745067941409742973e-01,5.813959809290059066e-01,6.536043752331119894e-01,8.973437808354135514e-01,8.606805817787346324e-01,7.289987166622734494e-01,6.656874749808063818e-01,1.111197855119525207e-01,4.848484952762937006e-01,2.763036587010432865e-01,9.166527590477178133e-01,6.657644099289238282e-01,3.765407061527800137e-01,5.950713376358525153e-01,7.378655913843550351e-01,6.347373653227897927e-01,1.106100448127924664e-02,3.747637756550926125e-01,2.165764879480398808e-01,7.382339654188975198e-01,9.730857782834519965e-01,5.584252254613703004e-01,9.931830916511509288e-01,7.416804203091906800e-01,8.985922781111622681e-01,9.877852612145034961e-01,8.529374107936646965e-01,4.683469532500397770e-01,3.538503311889679703e-01,8.625398288580807815e-01,8.465424915455282973e-01,6.698397230278649861e-01,7.290292056965893552e-01,6.682823673554503241e-01,7.452644430493723382e-01,7.584267805637628923e-01,7.908174102024023711e-01,2.247183425931852940e-01,9.159516297979858335e-01,8.321236751809182319e-01,4.276094805047521707e-01,5.483367235707348186e-01,7.843761766053451989e-01,3.063867646803919986e-01,2.888042241752767914e-01,7.575266098185641228e-01,8.298078814715749152e-01,9.968209971603896324e-01,9.956036252784090657e-01,5.870150014722700371e-01,6.634813135579813448e-01,7.788438690253567387e-01,7.516740641041248505e-01,4.326264810726346277e-01,9.989830381306769036e-02,4.817213255505313207e-01,7.651049394758827615e-01,9.197111245116086353e-01,8.395930554754204023e-01,5.311785989869752811e-01,3.186393560867851749e-01,9.972554959744629466e-01,8.759365875510150001e-01,6.477910472276794396e-01,6.337130126183251333e-01,9.509731487819411688e-01
9.328845373723290146e-01,8.862451112137921250e-01,8.166333476902191135e-01,9.587536213301266486e-01,9.785634863775795056e-01,9.488145948497537230e-01,5.032775925700245789e-01,6.960784096535784782e-01,8.130637287072450814e-01,7.007572935848782603e-01,8.934443671807993370e-01,9.943837174275795832e-01,6.431737003791576646e-01,0.000000000000000000e+00,8.996212864110678664e-01,2.292150925946898760e-02,7.426789670599595050e-01,7.177709771588972609e-01,3.813576631569638997e-01,9.566595878987226298e-01,6.346638984842746245e-01,2.347631357145739395e-01,7.824458919380687938e-01,9.483480051289416846e-01,3.932142962111354612e-01,6.829397998170436690e-01,6.154127236015085600e-01,3.196217365466359484e-01,6.531928438432932360e-01,3.274190746106926397e-01,2.772117001316288798e-01,6.694247402573045846e-01,6.829952067452158548e-01,4.112036647868519412e-01,2.828633690359332320e-01,5.435112317261011627e-01,4.846294643953234504e-01,6.448145452978782943e-01,9.575312081378652973e-01,8.064314332384703299e-01,2.327318736640196228e-01,6.262454529629272182e-01,8.988808296862508262e-01,8.981301551440701303e-01,9.424980333703518731e-01,6.047988886871846770e-02,8.319528591557653341e-01,3.152242753584873491e-01,9.499775029148653793e-01,6.088712359050127976e-01,5.168817198261024259e-01,4.573097937367359145e-01,9.713043691536671354e-01,2.878512752330429914e-01,6.010870119925776356e-01,6.240578196913995068e-01,6.861222297412153948e-01,8.004683353374759669e-01,7.386700432069094324e-01,5.511375401356470860e-01,4.227640614097234462e-01,9.449944517407480316e-01,8.251407597840028085e-01,7.105756762299904050e-01,8.314653694613385326e-01,7.344250665484945984e-01,6.849667934841529027e-01,4.804237688039760812e-01,9.307600243508546978e-01,2.698691772924527443e-01,5.558283604438013503e-01,8.315153645415963579e-01,6.493700725910825922e-01,6.587516956411116897e-01,6.576252751535532903e-01,7.915714209885162944e-01,9.358890046117648298e-01,5.894005513343857361e-01,7.778472568387915231e-01,1.004163219945219537e-01,9.758178492861617759e-01,7.151848828500656508e-01,7.607759279819548137e-01,7.915860679309744130e-01,4.766349749421870952e-01
6.425380136220193439e-01,6.613423588889710825e-01,9.648254489086394159e-01,6.258569361482750892e-01,9.181062952860675752e-01,8.654104398206675652e-01,7.549071335312007580e-01,2.321266819200811793e-01,6.444145220586843248e-01,6.776817857073800244e-01,7.358421720600671900e-01,4.897036313311313727e-01,7.260677623383287038e-01,8.996212864110678664e-01,0.000000000000000000e+00,7.560332815041910237e-01,6.000230363964684788e-01,2.333182991397366735e-01,2.080635162472776745e-01,7.924990995129030935e-01,9.984385485726352538e-01,2.899632957241842224e-01,7.602581557323737638e-01,7.697108683269153762e-01,4.076655934093578182e-01,9.679978916745908268e-01,7.609714434184104981e-01,5.793547619766629131e-01,4.625634605580051240e-01,9.098123415196730512e-01,-1.222980038535954050e-01,4.763768952866401785e-01,4.333847691917053213e-01,5.340983905966265599e-01,7.557262065944899687e-01,7.087258561801597079e-01,7.618444683813947460e-01,7.103655579505249174e-01,8.305829950329954858e-01,7.111228581476953803e-01,4.116634460787292338e-01,5.057835420885958833e-01,8.421031813935122567e-01,4.380709652899976159e-01,9.969340981509764443e-01,6.026173373081138429e-01,5.391721344144790873e-01,4.210437888441990739e-01,6.980138516767345758e-01,7.580793539167084427e-01,7.276528143178950803e-01,6.744770646127309366e-01,2.615549969837084321e-01,4.390546868880682019e-01,7.051058458420397246e-01,8.282545705817309090e-01,6.005409300021896657e-01,7.450425161266349683e-01,7.883359605539421722e-01,6.781497022224952653e-01,1.658648899899732854e-01,7.752731119936060455e-01,2.714010689956633526e-01,9.019997763119376177e-01,8.977418820954208289e-01,6.190157807119909261e-01,6.806762573598287291e-01,7.425361045898233314e-01,7.168584780673940005e-01,5.603473880822078534e-01,8.749715367865887883e-01,2.348869978848789619e-01,3.354151836419196897e-01,5.305913955421972528e-01,7.522281709188420873e-01,7.741830617123015568e-01,5.867528887236379553e-01,7.112144186834287174e-01,9.794623801094564097e-01,2.753743505716207407e-01,8.315966308391853357e-02,4.512857256066592493e-01,2.751719884571438013e-01,6.028082946950164001e-01,7.019471638499295008e-01
4.945130612456266617e-01,6.472411207505498476e-01,7.729892069284606260e-01,6.624125301094552221e-01,9.014939236337684569e-01,8.947407144674613955e-01,7.894241944575823844e-01,7.270814025101827172e-01,6.858722403917718591e-01,3.338834379249283613e-01,7.599913448764528123e-01,6.333617653596539387e-01,8.186984998933329871e-01,2.292150925946898760e-02,7.560332815041910237e-01,0.000000000000000000e+00,9.416342377778134098e-01,6.178483347878511722e-01,8.613529208932110270e-01,6.432293816782118645e-01,6.241957299894040911e-01,7.504754717322640323e-01,5.271828268188359923e-01,9.072319017388867923e-01,5.385682154128885735e-01,3.079787567114088409e-01,8.338924822131669190e-01,7.345086419971541547e-01,6.695239028461900110e-01,7.239900764814164447e-01,7.237750874225152842e-01,5.869984462983821594e-01,4.128180190400261296e-01,3.342136894722924634e-01,4.232210449149746978e-01,5.814654689159362011e-01,4.822388375954936857e-01,9.104553954854517350e-01,8.682328081323810176e-01,7.465003905906940629e-01,7.991521905566334461e-01,8.963237564733944618e-01,8.321379133879693857e-01,8.738627262012355068e-01,5.383971700834702112e-01,9.920575090077567992e-01,4.012053185323820603e-01,7.026186702025133402e-01,7.909248375095098149e-01,5.126632955123368030e-01,6.411979754282864929e-01,5.177627357022540622e-01,8.379914601190583401e-01,2.148568553706678430e-01,8.851147233032712336e-01,9.058058041795963300e-01,6.225075473481842536e-01,8.595707975956128344e-01,9.727817624765314752e-01,4.386050100063753066e-01,6.387819043973821387e-01,5.478681795729306581e-01,-1.425712733516934505e-01,8.636588684700104990e-01,5.291663828254941082e-01,6.257893896585532412e-01,9.070199770067226552e-01,9.103302829333371760e-01,4.006447436822641039e-01,5.029703994754133323e-01,2.090775588279413788e-01,3.752657130931620899e-01,5.532549477488031275e-01,6.349438564134592955e-01,4.318866343780110584e-01,7.829118333234823535e-01,8.055036392895206232e-01,7.240861563181644200e-01,5.857672249265457598e-01,4.075804991930387922e-01,3.808332386844123230e-01,8.546562996588308314e-01,9.245254662758779496e-01,2.621494025378185988e-01,6.062622127688608309e-01
7.663132704292610065e-01,2.441648342807260508e-01,9.407625082645294512e-01,8.032774959996814568e-01,7.303650341499694498e-01,4.573226721905034875e-01,6.296274260896674857e-01,8.793384425918531200e-01,8.574410774776721755e-01,9.645003475443484353e-01,9.913753947091921148e-01,6.131135095531106138e-01,8.212468100881873401e-01,7.426789670599595050e-01,6.000230363964684788e-01,9.416342377778134098e-01,0.000000000000000000e+00,7.375750323677939813e-01,6.595882576124945107e-01,8.176002078660377093e-01,8.427696310043553130e-01,6.480911726659024374e-01,8.898444826356139981e-01,6.535364710040806324e-01,4.592182448550236051e-01,7.441086841925664830e-01,1.441150524530463578e-02,8.328869490354749994e-01,5.338788456959712159e-01,6.114756553170209719e-01,4.435310913626397955e-01,3.153028939664930252e-01,2.742858524565306433e-01,8.508049785577851409e-01,4.318757161909386189e-01,7.780031300885590362e-01,5.628696780072408590e-01,9.395107416724767235e-01,9.184165171503801961e-01,8.814351542117193627e-01,6.953202898720035607e-01,6.412888300603951652e-01,6.118335763737356991e-01,7.726167786050777142e-01,8.638438155011751718e-01,7.855493627030208925e-01,6.305709543152594465e-01,6.961898153909780174e-01,1.520943496599578837e-01,8.448293276938005913e-01,6.118187402720918211e-01,5.013363509488264480e-01,6.025595977017645932e-01,6.980539890914695400e-01,6.984608279539079589e-01,7.164502391741581766e-01,5.820321820810351321e-01,4.143824367113260743e-01,5.792334051106682313e-01,4.039797152146534787e-01,7.290397074615448947e-01,6.556398866322614705e-01,2.518603935724866849e-01,9.194663625276326968e-01,9.794588442940914685e-01,9.035127680529823069e-01,6.620348964610995868e-01,8.517264230893947241e-01,9.868479537210882446e-01,5.560964708585611760e-01,8.580253426725182875e-01,6.532530612951943372e-01,3.386660163886883734e-01,4.174712191050060084e-01,6.200809063625912776e-01,8.868256454431028279e-01,9.194200862548592701e-01,6.849957648369160434e-01,2.655726452645975066e-01,1.010503838311559016e-01,6.488203478348700814e-01,9.894868599326256398e-01,9.646412063292583161e-01,7.434745093225121615e-02,9.190639507449460677e-01
8.796496664934549958e-01,8.299245714860167267e-01,5.099695713840012301e-01,4.891035816343085041e-01,9.846370581282790635e-01,7.584875494719534039e-01,4.628203002087042384e-01,8.475985804611726460e-01,4.813049988534671697e-01,7.159751841169188502e-01,6.849733364142097658e-01,6.030199755082236157e-01,2.933105274070481050e-01,7.177709771588972609e-01,2.333182991397366735e-01,6.178483347878511722e-01,7.375750323677939813e-01,0.000000000000000000e+00,5.228375232748977419e-01,8.085670387101564494e-01,6.840175326293337354e-01,4.166767327998862069e-01,8.660734767431995662e-01,8.482580757337430111e-01,4.440338928582335254e-01,8.000076215860366657e-01,8.417429191641758734e-01,5.119428407244464019e-01,4.554318431396542910e-01,6.804953822923724971e-01,-1.601430172158977150e-01,4.983616382211873419e-01,2.989347431626599993e-01,7.227454949903275860e-01,5.296494688434332243e-01,6.839105000026277636e-01,-1.848623644831526858e-01,7.464653087965326117e-01,4.302673566474237155e-01,8.906315042483435862e-01,3.295870636661767383e-01,6.592728380265688859e-01,9.305014454071272034e-01,4.109706268887592939e-01,8.623974710812263300e-01,3.913664758940779698e-01,9.646391229040817139e-01,9.543037121245627752e-01,6.439971869186408293e-01,4.712706722509737434e-01,7.155938757447768417e-01,8.502773519807381719e-01,8.404097060865234337e-01,5.526565930289322193e-01,7.704388039211562678e-01,5.704696645490792140e-01,6.105251042810448947e-01,7.276828131140822276e-01,6.968673381330285910e-01,5.255062827890807364e-01,7.869567424596076721e-01,8.278700565483660956e-01,5.889365510474142695e-01,6.822204351161427205e-01,6.579623534045084821e-01,9.934808022269845384e-01,8.154054695657796392e-01,8.446929045471357478e-01,5.217626195042455173e-01,4.849895857955074940e-01,9.003506438471603479e-01,9.340618183028301935e-01,4.397325148619194435e-01,5.984506829517111104e-01,9.587825750210030584e-01,3.000179684616307574e-01,5.137206315742698370e-01,4.778321229024710126e-01,7.233009688128416714e-01,4.090325976188801671e-01,2.599600008418002095e-01,7.497526327335973795e-01,7.037976433110009200e-01,4.829981861376564378e-01,5.689980942926642360e-01
