0.000000000000000000e+00,9.877975228470901037e-01,9.473679924238577188e-01,6.241144782913397027e-01,8.328663565308926930e-01,8.038249023712822350e-01,9.111004489052957345e-01,4.834833333787375009e-01,8.551826938277385937e-01,7.230043877255205587e-01,5.093587539354276217e-01,6.983631788359746517e-01,9.815680979881026280e-01,7.310914421586529599e-01,6.558692787263864510e-01,3.691265603632345460e-01,9.764594143791003322e-01,7.603580359278068190e-01,8.025403224658081980e-01,8.305552251852540424e-01,4.482949503999944518e-01,6.969400102006987341e-01,6.532612393465607736e-01,8.698454696963228150e-01,9.492654941433950055e-01,6.940783772066119184e-01,8.227947987579690148e-01,8.190967296784286145e-01,4.637417185345724668e-01,5.560459357459335283e-01,5.905292750603761132e-01,6.149350748663676702e-01,9.705485192371331449e-01,7.337086605577651799e-01,6.039941965067611163e-01,5.138572537743031354e-01,7.798146631244868843e-01,7.078128141453100541e-01,8.339285125224705775e-01,7.603482461537844905e-01,9.078601580524431336e-02,8.290793815262200717e-01,9.907525871717647314e-01,7.271236884962823943e-01,2.222580608963524162e-01,7.295440925534464327e-01,7.734008903468025942e-01,8.063580206586405952e-01,7.447676385556177558e-02,8.636713200875307805e-01,9.686289727131958127e-01,7.383553220317800037e-01,2.522005198916818514e-01,9.613756797840637969e-01,2.254063990818767071e-01,7.029363768943832635e-01,8.176272415913961034e-01,8.732185212914331807e-01,2.733185122363231967e-01,4.943977361430698103e-01,4.536838313571160408e-01,8.345466209447979233e-01,3.636680260446860657e-01,9.069443128245812114e-01,8.553474802248680620e-01,6.937151177465510354e-01,9.527649075444558635e-01,9.413154230539754197e-01,9.361717195509857703e-01,9.503763016245917461e-01,6.833583808293411943e-01,7.127291882714684723e-01,5.158634487888601461e-01,7.432608748759914619e-01,8.130171060277872064e-01,7.139542603941524401e-01,8.683831446442562552e-01,9.971842061031170878e-01,2.277889445050428341e-01,7.568571744406704660e-01,7.948457696074368029e-01,4.289013795696801634e-01,7.185810523267208705e-01,6.149493326290521589e-01,5.540887995343278805e-01
9.877975228470901037e-01,0.000000000000000000e+00,4.667395924371558480e-01,6.859025102511809857e-01,4.204149304226432737e-01,7.914991661872313733e-01,3.613777717697115310e-01,6.934162540457583512e-01,5.340662786815236762e-01,4.534601278600384755e-01,9.803701166785869781e-01,8.627244222696430764e-01,9.479947145615845727e-01,7.448575137456724393e-01,6.245324040542437061e-01,9.101959400858968818e-01,8.995731991253647086e-01,-1.017393003366973553e-01,4.655920020494266898e-01,8.478556171949616083e-01,7.696000668458748972e-01,9.586794638065759822e-01,7.709877462594550979e-01,6.987168154954932486e-01,4.171332635433833147e-01,6.679173108226361677e-01,9.277611965561319840e-01,4.705301529496023760e-01,9.756609093247309294e-01,-2.765101012804616065e-02,5.137602392301768850e-01,7.263193461487454927e-01,9.511383231440592168e-01,7.143403457370912646e-01,8.579539601546090077e-01,4.429816674255637743e-01,7.157966639970705924e-02,3.026249271847555322e-01,8.080432919948243864e-01,9.512794035266517456e-01,5.232847174462306183e-01,4.512181483354029132e-01,9.118097745983435587e-01,2.573775524642206713e-01,7.753047940117553383e-01,6.719473113382292695e-01,2.372122173498515396e-01,6.062370832871049053e-01,3.213003190776140827e-01,4.484079038101185799e-01,9.356677074822167262e-01,8.661399716811164495e-01,9.454013254270021704e-01,8.191762791657788423e-01,6.290212295410269050e-01,4.142232719654711515e-01,9.729302944514864881e-01,6.860064138523775945e-01,8.088877958581466299e-01,2.599039918407297090e-01,5.023974023488445573e-01,5.092660256758946291e-01,9.544050904212026953e-01,9.601060608843295929e-01,6.628108704335504697e-01,6.167984578128080653e-01,3.097707555376536526e-01,8.150301152343980560e-01,7.033619421308783259e-01,7.519644457012942818e-01,8.165737005955696626e-01,8.075610512524945550e-01,6.014161856685655838e-01,5.951904874321127803e-01,5.272438608357297163e-01,6.274118312258859520e-01,5.447189640513181441e-01,-1.367821459309370158e-01,4.905999089090551379e-01,5.086937877346311421e-01,7.622159580775355048e-01,8.054078235363801852e-01,5.553064912421219468e-01,2.050104662220956775e-01,5.373703237640767849e-01
9.473679924238577188e-01,4.667395924371558480e-01,0.000000000000000000e+00,9.032979532695398772e-01,9.490688518934469187e-01,8.601015137666957466e-01,4.816646052037981129e-01,5.040361997560317553e-01,4.031741882876425098e-01,6.244267005208816723e-01,9.575020927279760397e-01,4.272458732204328924e-01,8.110550439804072864e-01,6.541378099834789239e-01,8.323442476927735978e-01,5.181789465556234653e-01,9.931184561898560581e-01,8.227607428226183517e-01,9.131568109616780005e-01,8.325321422067115673e-01,8.662093596178676025e-01,9.640948193364756724e-01,9.394143826409874221e-01,8.136061482489449492e-01,8.575969222216780485e-01,8.703950392834693961e-01,8.659638185112167319e-01,9.171902892568468690e-01,3.145214098857085621e-03,4.785806648729619139e-01,7.807922053892599745e-01,9.988537862593931393e-01,9.322663180371697500e-01,8.392059454368744342e-01,4.388925235811788061e-01,2.245556241345089410e-01,6.877106515466394621e-01,9.156200277098480722e-01,8.471465515305377503e-01,9.777032321363225975e-01,4.531869277654870798e-01,8.070526930189626524e-01,6.194739670381496088e-01,7.388323647376675574e-01,9.792684483191619327e-01,7.459138964954787898e-01,7.171637687167319308e-01,7.914349214992761894e-01,6.143990972959627594e-01,9.680390180511888598e-01,6.054236143207361032e-01,5.179225114242780315e-01,5.918602988815311328e-01,9.554121290211623485e-01,3.369720063308970781e-01,7.498901138933768973e-01,4.911153283612035847e-01,6.565156638354558982e-01,9.368519262847729845e-01,4.507729543927525562e-01,4.880912955895416183e-01,5.043873362344076794e-01,7.568115189361683814e-01,9.916937500563113295e-01,5.687342026059285516e-01,7.567076191256530970e-01,7.270841616077330372e-01,8.266743193964004588e-01,7.672407740094761008e-01,4.437968688360640068e-01,7.263363785733467637e-01,5.281782651840180032e-01,4.030456994609556420e-01,2.179361409033142571e-01,8.481877060022036119e-01,9.492830613144570551e-01,7.415573470483420859e-01,8.054227018593965726e-01,6.109560212582684224e-01,3.841904490798401239e-01,8.324234426534504738e-01,8.644008704695819167e-01,6.057522094573376537e-01,6.246742513652795425e-01,7.463829890232741571e-01
6.241144782913397027e-01,6.859025102511809857e-01,9.032979532695398772e-01,0.000000000000000000e+00,8.383049309094466883e-01,9.565132794596302723e-01,2.070210660583528539e-01,9.546088707676660956e-01,6.201360822813840601e-01,2.337082365525982586e-01,8.271966465066653562e-01,6.121752904346818847e-01,7.461439065143140592e-01,9.565659996771130880e-01,7.756809652296319246e-01,7.504974690918065905e-01,9.882781512910432387e-01,6.544746479230675318e-01,6.238739503115413587e-01,7.250895231071352587e-01,6.857508551988752421e-01,7.602837103771410421e-01,6.444606701194033338e-01,7.159370994556282231e-01,5.065920159036785275e-01,9.907193126830813323e-01,6.122935684136572299e-01,9.932607062765331785e-01,7.325683164203852238e-01,6.329780008832974758e-01,6.392333133652093879e-01,1.256938847261166448e-01,8.517679717779083060e-01,9.040837740066290928e-01,9.321597441565042663e-01,6.247841672830515281e-01,7.161851337041132970e-01,7.281963584342916462e-01,8.203616051975114454e-01,9.156295405961112355e-01,4.464805480068299581e-01,7.468534724915106837e-01,9.578068695230904650e-01,6.239843781180238746e-01,7.590537864655675371e-01,8.974671622828228612e-01,5.492313837003564014e-01,8.956181870026405090e-01,6.850778986467684906e-01,6.888261632513321686e-01,7.552230556050940624e-01,9.672694423602309355e-01,7.818422649298413241e-01,8.659727532130911953e-01,7.768345473423420300e-01,6.148093467767036246e-01,7.550227594046237112e-01,7.961903932616654078e-01,9.870017063027511917e-01,2.156619957623480965e-01,4.342963871762882677e-01,6.941355796675550138e-01,5.440924951168051305e-01,9.512940441304925665e-01,9.778548915646717576e-01,2.778860177524508090e-01,7.557820468621292420e-01,9.277247870730055412e-01,5.112588308483019262e-01,8.252083066524562582e-01,9.410009604733271527e-01,8.983806224314745403e-01,6.559292916129710882e-01,7.440272111553488665e-01,4.143145043770094516e-01,9.229140831084172714e-01,7.767636585922759185e-01,6.861389150301320239e-01,5.374395926264793344e-01,7.669856220589423845e-01,4.815254468683874967e-01,9.194712955142494426e-01,4.640200735767826545e-01,6.864613573744186015e-01,6.671742662885925546e-01
8.328663565308926930e-01,4.204149304226432737e-01,9.490688518934469187e-01,8.383049309094466883e-01,0.000000000000000000e+00,6.028468432253595299e-01,7.534857928936611327e-01,7.773987961183183026e-01,6.966450631486995615e-01,7.573920195631199670e-01,7.466700278560391979e-01,6.764883371133767476e-01,8.221290049158378466e-01,7.684116046979195813e-01,6.787513302036445317e-01,7.743317640644526989e-01,8.461407809286614068e-01,4.521440621294466333e-01,9.085695203073101966e-01,9.135971394578912275e-01,4.671548455109664211e-01,9.049538837339461406e-01,7.396624806265870156e-01,4.724618042656133499e-01,5.729375784223378343e-01,2.153052432615729095e-01,6.647085796288361159e-01,7.136798973411435654e-01,3.999509045588023892e-01,2.006074909244182358e-01,2.059740210438606722e-01,7.007562218988047098e-01,4.029894561987187873e-01,2.420789967119238439e-01,6.861522016092053144e-01,7.786170409376472756e-01,5.528697646045905856e-01,7.551295810047549129e-01,9.815232095067525364e-01,4.036179177228691461e-01,6.962323970295631881e-01,2.211135277787878439e-01,5.358813199582570519e-01,2.262972038670194030e-01,6.528452753853526414e-01,6.714979920403216784e-01,8.285068980980500042e-01,4.774705700918940865e-01,9.175853500855871703e-01,6.922540497758413736e-01,4.970627384751067912e-01,6.200343842406363937e-01,9.192332266443176136e-01,9.207044998639032363e-01,8.978694381245804212e-01,9.575156124825892068e-01,1.220562233700985405e-01,8.459234297552851167e-01,9.941974482058424378e-01,1.262857734816946464e-01,7.582045048405652299e-01,9.511354711539685702e-01,8.469350413928591337e-01,9.014840513742938821e-01,7.989653067105205730e-01,6.633549217913649043e-01,9.177836239524957973e-01,8.356313647598747618e-01,4.606271967962035641e-01,5.457379582854902100e-01,7.524362532139780013e-01,5.998521207048961301e-01,7.211463741037726916e-01,3.855538081833470576e-01,7.723954279718376892e-01,8.204241580571686177e-01,6.384643755681439492e-01,2.957035310921461435e-01,1.678085233396470199e-01,9.701192202984321167e-02,4.436648570598542007e-01,9.904534814023577827e-01,6.661393297002142777e-01,9.334496157641901659e-01,7.349846306232558080e-01
8.038249023712822350e-01,7.914991661872313733e-01,8.601015137666957466e-01,9.565132794596302723e-01,6.028468432253595299e-01,0.000000000000000000e+00,6.287579021698558313e-01,6.890441998893831466e-01,7.509405132430603258e-01,7.861239067648339018e-01,5.445727228663385100e-01,6.706569205748457163e-01,9.366730124546033265e-01,6.079610725760354883e-01,5.790570455697947594e-01,8.253476808019766242e-01,9.129403441867776081e-01,4.377230484644466513e-01,7.219757783952563956e-01,6.564876317834782427e-01,9.268440785390292813e-01,7.780585095878226332e-01,3.887744588674388879e-01,6.042351378867664158e-01,7.020380488611471792e-01,4.098458485204684587e-01,4.644115779993966964e-01,7.862913931628062736e-01,5.805441205697410290e-01,6.991227509443752597e-01,6.567602427195424752e-01,3.727906274258457886e-01,8.153707462049155641e-01,4.024693821057849230e-01,4.504418861123283269e-01,2.072741292949983882e-01,2.225051933059791209e-01,2.693699291234449289e-01,4.359485890545365949e-01,7.392338061293614038e-01,5.405208196306707791e-01,6.838480198461441839e-01,4.932320814582028534e-01,7.221212115430992728e-01,8.981231089471345408e-01,8.614715634123937260e-01,9.533546083310521224e-01,9.900577524686067221e-01,2.980372931961342009e-01,6.689605363189543574e-01,9.672776639580688007e-01,7.158177707245575450e-01,5.404330981214560126e-01,4.252898573550114580e-01,8.796964390814708823e-01,6.351682267670608617e-01,4.823194783604948799e-01,1.405866783647797547e-01,8.174361391772354546e-01,4.037585727695889304e-01,1.248234285599503224e-01,4.137410543721462552e-01,8.836615677623266274e-01,9.687594560819973166e-01,9.080341043187223349e-01,9.381007789838191613e-01,5.901034906708714223e-01,7.781331519296781352e-01,3.561893372467086483e-01,4.926450883638918143e-01,6.817962539691663215e-01,7.563269229277850281e-01,2.616925306940294238e-01,6.070776549568864811e-01,9.257266178919579813e-01,4.712543132917679234e-01,9.910140456150353661e-01,2.682214396124901201e-01,3.848135303574584665e-02,2.214706777256417181e-01,4.310669080928496988e-01,6.913762404613079671e-01,6.313070033780517898e-01,6.456526155632024144e-01,7.034883293533962245e-01
9.111004489052957345e-01,3.613777717697115310e-01,4.816646052037981129e-01,2.070210660583528539e-01,7.534857928936611327e-01,6.287579021698558313e-01,0.000000000000000000e+00,9.386964627156850760e-01,4.796107859553624397e-01,6.308099610142885449e-01,7.421231255295537288e-01,3.239977773323448468e-02,4.646098896993878236e-01,5.756048068774618498e-01,3.284036249784741401e-01,7.972862584492832472e-01,7.973922821720340615e-01,6.768927276380054536e-01,4.589547554416986697e-01,8.404556446101149048e-01,9.613531401819107591e-01,9.608369270301075904e-01,4.761605301359986830e-01,4.008549217351611293e-01,3.221703436770498308e-01,4.655587320336015966e-01,5.340839780700651351e-01,6.824536635552917729e-02,2.771484603733376240e-01,5.398643719199459623e-01,8.432343122585671258e-02,9.257109920477023524e-01,6.587090896190814782e-01,5.455527521653333878e-01,3.997883160356302534e-01,6.256755163192130320e-01,3.020490805683782032e-01,3.449661884726929004e-03,8.313229396836644414e-01,4.359409590218601971e-01,3.228435835473322246e-01,6.790220699422492290e-01,7.495972816810614336e-01,7.622889701841646382e-01,9.766498413849434845e-01,6.325592094496780282e-01,7.481343246842833139e-01,2.051530312505596143e-01,4.182071468722466934e-01,5.666450696678596577e-01,9.584406190884974253e-01,4.098820561246118155e-01,6.462194951399815590e-01,2.921886637000237763e-01,7.131824894419499516e-01,9.273570144421868777e-01,6.719890941397014261e-01,5.764492968437124887e-01,5.818731558680392268e-01,5.141825406179041380e-01,6.684590038649597110e-01,7.987750953774492846e-01,4.533905853438930933e-01,7.165066988791256586e-01,7.384824958708762210e-01,5.021813826443956019e-01,3.187072455787778869e-01,5.338057383521183086e-01,4.773252115762139369e-01,7.824914931093989168e-01,5.329287323415827782e-01,4.215419020282442641e-01,4.494003590060620668e-01,6.274039108688309607e-01,2.113480797557690527e-01,1.762351983598484662e-01,6.808669643119403814e-01,6.659659173192358228e-01,3.351358366826766577e-01,2.814876032406002926e-01,6.372654822189558477e-01,9.439591940429655770e-01,6.946798794586110937e-01,3.783737111401085929e-01,6.232785593287204495e-01
4.834833333787375009e-01,6.934162540457583512e-01,5.040361997560317553e-01,9.546088707676660956e-01,7.773987961183183026e-01,6.890441998893831466e-01,9.386964627156850760e-01,0.000000000000000000e+00,6.699104739617024462e-01,7.592033460852238846e-01,7.167491365191800412e-01,8.873232718210846137e-01,4.878835820135506429e-01,8.648016259481580148e-01,6.683231942982199580e-01,7.282761697775992360e-01,6.919097689201155754e-01,5.274202768360499727e-01,7.574057731238724722e-01,8.670842551502283557e-01,9.506120216861634331e-01,7.620348656676889654e-01,5.470425653291942636e-01,5.126373064142392133e-01,6.069364011691817939e-01,7.886143836569585730e-01,6.793767352892927658e-01,7.142757800799472978e-01,3.573955056786390916e-01,3.377742124933027501e-01,3.674495646828486173e-01,7.406920568261252669e-01,5.602926457415710049e-01,7.427833453219339077e-01,6.991295445045836443e-01,4.842256083268512423e-01,1.432278208697616018e-01,5.940488194315877157e-01,4.199864783708554539e-01,3.241740229735123879e-01,2.084560238671784860e-01,6.669262715207603387e-01,7.700390361922353488e-01,5.781924769708728373e-01,8.678979915855291605e-01,7.983491716497110868e-01,7.396224483664770588e-01,9.588460433018300977e-01,6.105510648856737888e-01,5.727824053964427620e-01,7.917470322174313679e-01,5.743021203457673307e-01,2.937816419079495867e-01,6.331549481130062107e-01,7.679327429635418589e-01,1.100535863586601659e-01,6.790262787454364179e-01,6.656659940960474309e-01,7.727393196260409214e-01,7.248865127499360961e-01,6.732401384674531197e-01,4.064473791091933741e-01,7.301443956382475120e-01,6.176792325436719633e-01,9.428459322315206892e-01,6.975252681061533400e-01,4.401691896039285345e-01,7.176159069283571945e-01,6.638937016152428594e-01,6.692567769367478991e-01,6.006365628248897526e-01,7.714978096565201782e-02,4.333750625112265942e-01,2.080319648819049794e-01,7.905903291318074899e-01,7.161150542048329015e-01,6.695765376871313235e-01,8.666407228828094667e-01,2.396028268226140512e-01,6.696700342647554649e-01,-7.270095834344564301e-02,9.004250006629096470e-01,7.719275126227677086e-01,7.621569675039308045e-01,4.334771877774706295e-01
8.551826938277385937e-01,5.340662786815236762e-01,4.031741882876425098e-01,6.201360822813840601e-01,6.966450631486995615e-01,7.509405132430603258e-01,4.796107859553624397e-01,6.699104739617024462e-01,0.000000000000000000e+00,8.901427911559260941e-01,8.128174780143408995e-01,8.664292575130542184e-01,8.234637448248419700e-01,8.996461940407003421e-01,3.339406105052881157e-01,4.079678601975670338e-01,9.729912231715280857e-01,7.383849779155354787e-01,7.867850330493199040e-01,7.227159821303501541e-01,6.543769384502425845e-01,8.180212365664877305e-01,8.986183438692040282e-01,8.168796990884558129e-01,7.578312008723701032e-01,3.550434335815432219e-01,8.898067448029807203e-01,8.027324468581756856e-01,5.538269142789132848e-01,4.915069748190318277e-01,4.034442222716981274e-01,5.244968187620118183e-01,3.465229283630676393e-01,4.140749739415590658e-01,8.205110674250492009e-01,2.121034133369534003e-01,4.242471057512926524e-01,2.658716135868746111e-01,8.489782117401453165e-01,9.807056971463909978e-01,4.375351167559851651e-01,6.267243949523211288e-01,8.838842536191792165e-01,9.016159386084052763e-01,6.032239352554374934e-01,7.040544259268044502e-01,5.597516686441974532e-01,3.770114310013934489e-01,4.871440763704951715e-01,8.933516629637860973e-01,1.698365419051307834e-01,9.652400472884405946e-01,8.375382814215256433e-01,8.418430213056178335e-01,6.410092993047531440e-01,6.133320635024680501e-01,6.273155111924807459e-01,9.146559717236051323e-01,8.089445404818593754e-01,5.111325405284583567e-02,7.166081500029399809e-01,8.242756176893136777e-01,4.408022863728778828e-01,8.154600027484254499e-01,3.875811569480247520e-01,7.631440811086329656e-01,8.306677531252520952e-01,7.240545813549738030e-01,3.436836165142337363e-01,4.024774361231199804e-01,5.087514486505874123e-01,7.577699529702994763e-01,4.763336817569754356e-01,9.945526734249080514e-01,7.160410534082438661e-01,7.706978912347911548e-01,9.333444220926960799e-01,7.084719930621211637e-01,4.483651421652466440e-01,3.487011956003687185e-01,4.683889741772452320e-01,6.517649507937640641e-01,7.192027743713381716e-01,6.995308043848732504e-01,7.908272947822998500e-01
7.230043877255205587e-01,4.534601278600384755e-01,6.244267005208816723e-01,2.337082365525982586e-01,7.573920195631199670e-01,7.861239067648339018e-01,6.308099610142885449e-01,7.592033460852238846e-01,8.901427911559260941e-01,0.000000000000000000e+00,5.393535268524803916e-01,4.811379221189200361e-01,7.148737981260441243e-01,3.275521435510561075e-01,3.486191360409035545e-01,8.093589789829103154e-01,8.959285666065570641e-01,5.224784650074401071e-01,8.722570933298027240e-01,7.052226536002860202e-01,8.506296414507535930e-01,5.446015336438841947e-01,6.915648734580697177e-01,8.449652150249744587e-01,3.089798066673988819e-01,6.255768092722543416e-01,7.104888932033791571e-01,7.259602306190005017e-01,4.180862762903019697e-02,6.286707140023265472e-01,3.517589372869743825e-01,3.072809481371224782e-01,6.890255093831137989e-01,7.853297217064962865e-01,6.416529900218619353e-01,2.190842111913489931e-01,2.028903662829027454e-01,4.667784555746752329e-01,9.206084203564415258e-01,9.289876242402366202e-01,7.620095708224050579e-01,8.576709443008342371e-01,8.516164962503751656e-01,5.415924272837751019e-01,5.040091544227894849e-01,7.924630971252333289e-01,7.128432556833390610e-01,8.102784480423949054e-01,5.543200043609847194e-01,6.652009284970127334e-01,9.894792603229340955e-01,7.835009270699632156e-01,7.277853092969002180e-01,3.114785882737305597e-02,6.017984957366612209e-01,3.267049291802438526e-01,9.038763227898743979e-01,3.524246870291322109e-01,6.003488377680242793e-01,5.038933660687353600e-01,4.217609019007217963e-01,7.073686292527116004e-01,8.292928084218365026e-01,9.324065319297463184e-01,7.402367779466693110e-01,5.219481692529495120e-01,8.321650891701262154e-01,5.805397948236595829e-01,5.308503357607797790e-01,5.990575698593139098e-01,9.476166318718607373e-01,6.386869660959957340e-01,6.471471670683303090e-01,3.474967417563388367e-02,5.854316460168950131e-01,6.584748183806091726e-01,7.552885453612131483e-01,4.383655805119963111e-01,3.464763321203702118e-01,4.363961554039620938e-01,5.869568792573047755e-01,7.247548740301649195e-01,9.861729237170163698e-01,3.004872881053736178e-01,5.121109068937251818e-01
5.093587539354276217e-01,9.803701166785869781e-01,9.575020927279760397e-01,8.271966465066653562e-01,7.466700278560391979e-01,5.445727228663385100e-01,7.421231255295537288e-01,7.167491365191800412e-01,8.128174780143408995e-01,5.393535268524803916e-01,0.000000000000000000e+00,3.145552056879230562e-01,4.810754352752275032e-01,7.428595009020858564e-01,6.027668876233875928e-01,7.367015188045247243e-01,9.113483847589516351e-01,2.679907351353822964e-01,7.083693750841595360e-01,9.143172126376934994e-01,8.497284808744522966e-01,7.957612772460833650e-01,6.702831683285220832e-01,6.929418453583023885e-01,2.452116828794035919e-01,7.525055610201374368e-01,9.961794109586563639e-01,9.176573721068252976e-01,7.833085128510580697e-01,3.782301860086172418e-01,3.292361791453807252e-01,5.251316506345957702e-01,8.626591739441538120e-01,6.933413553065058688e-01,1.828672480680482160e-02,2.833580723214865760e-01,4.377073966589427600e-01,4.779414468829593643e-01,9.523314899550546775e-01,3.777367549541691960e-01,2.504671589494958384e-01,5.872177309029076309e-01,7.172011012923492634e-01,7.356032255638915718e-01,9.630551294532934126e-01,9.555932791966907924e-01,6.067593015946023405e-01,5.754529737221918406e-01,5.603681295219680170e-01,4.354035032225913593e-01,6.388515446192293279e-01,8.616690217738485202e-01,8.803191381513251201e-01,7.595049444030738117e-01,6.410093534331338105e-01,5.649454926793475718e-01,4.841279727562455837e-01,9.038120251110186576e-01,8.859873190303316770e-01,1.916114741395966437e-01,3.405156177218777724e-01,2.243816214895221206e-01,6.426093204286611460e-01,6.163593602595374144e-01,2.454372984821149017e-01,7.883927233973554438e-01,9.759116686280115971e-01,7.147303889486158468e-01,5.578766242677956066e-01,9.617389779759332180e-01,9.869917755960174732e-01,7.052773441842805635e-01,5.420187026310332445e-01,5.164233927295396320e-01,7.893802487770839038e-01,2.014822121602161120e-01,9.115229714750170409e-01,6.003677438954634349e-01,4.564437250062850504e-01,1.901154272897102038e-01,5.054429655075577399e-01,7.636763762523132160e-01,6.222416891754233292e-01,9.737118358355907333e-01,6.116347638338494042e-01
6.983631788359746517e-01,8.627244222696430764e-01,4.272458732204328924e-01,6.121752904346818847e-01,6.764883371133767476e-01,6.706569205748457163e-01,3.239977773323448468e-02,8.873232718210846137e-01,8.664292575130542184e-01,4.811379221189200361e-01,3.145552056879230562e-01,0.000000000000000000e+00,6.084347854467367922e-01,6.185635613364350860e-01,5.361372393652117374e-01,5.640026517415172025e-01,7.289047718938612697e-01,-1.321064089324935353e-01,6.210609912412177191e-01,8.397912901365560678e-01,6.929925565586368963e-01,6.406852406575256342e-01,5.962557832747887865e-01,8.240115715069511459e-01,4.866663237847597134e-01,9.517477330887497144e-01,6.141417213286679555e-01,6.836668408119870310e-01,7.602032165056773483e-01,5.027476245563552437e-01,2.630079785092762079e-01,6.745411809338592857e-01,4.637769600705476947e-01,8.751611254625841774e-01,2.519495677335988337e-01,4.369336563121479777e-01,3.609062111787673111e-01,6.125549074819763851e-01,8.319887540528034808e-01,7.787063396593013609e-01,6.166784130626677962e-01,3.779795377791073108e-01,8.758679844544364768e-01,5.248480309864083093e-01,9.824297189647047679e-01,4.751527644135943307e-01,7.040241284636293839e-01,8.459630330610614646e-01,1.119919124784657244e-01,2.145398143819760572e-01,5.256998991965288193e-01,7.337652285372645578e-01,6.401859207828802800e-01,9.646468107327383912e-01,8.027805759564561328e-01,7.494585335674128768e-01,6.930874765057432052e-01,8.959980310134693093e-01,5.501349561614995443e-01,7.350751221888004450e-01,4.642915944934170591e-01,4.807684038354441691e-01,7.684588899099338288e-01,8.435085312838019878e-01,7.952827347640807343e-01,2.295592616135759545e-01,7.952631625454523734e-01,8.853064872504325944e-01,7.791822908127544745e-01,6.047078920802122504e-01,6.812307544318466634e-01,7.932207417405460204e-01,4.658518487665576635e-01,3.921414183082154725e-01,6.068083302562338188e-01,7.774059310056592453e-01,9.815006643571663192e-01,8.934906087404886899e-01,4.402918861126881023e-01,3.250995112045876323e-01,7.230394063792657811e-01,6.301306584752172091e-01,9.880610074702806944e-01,9.078042413603780725e-01,7.530273370033345737e-01
9.815680979881026280e-01,9.479947145615845727e-01,8.110550439804072864e-01,7.461439065143140592e-01,8.221290049158378466e-01,9.366730124546033265e-01,4.646098896993878236e-01,4.878835820135506429e-01,8.234637448248419700e-01,7.148737981260441243e-01,4.810754352752275032e-01,6.084347854467367922e-01,0.000000000000000000e+00,9.228892974896478751e-01,6.176392553052657552e-01,7.284825197433932864e-01,6.581645197310056483e-01,6.294913409454162556e-01,5.088989323320461944e-01,9.796427708831243475e-01,9.109966576226217194e-01,6.274118597783988616e-01,4.931518799332671454e-01,7.028376163357237250e-01,7.319896339694210718e-01,5.293466950785474801e-01,3.294014908419152787e-01,1.469572929926288296e-02,3.212667456816914457e-01,3.643009048026332186e-01,1.931191847130380168e-01,6.082619473422707923e-01,7.712368930008951518e-01,4.316465367083814897e-01,7.332240716244280421e-01,6.509267396864814037e-01,4.586799390826608036e-01,4.473457658125617464e-01,8.335733854213630556e-01,8.736318370137685640e-01,1.217678495434272173e-01,9.677513015085680292e-01,6.693995682236102418e-01,2.419866173875043491e-01,9.333245694597176456e-01,9.359740225630664989e-01,8.580854701431417375e-01,6.058448093261843415e-01,7.139961821377552864e-01,4.856145384479005137e-03,6.198772316851752784e-01,9.006760448209396586e-01,6.720514525634622149e-01,9.746899580396818363e-01,6.233407264477515142e-01,7.811891996341437938e-01,2.991210269896581453e-01,2.637181983539362284e-01,6.665899128100077897e-01,6.741345755603762591e-01,1.933197215275882508e-01,3.268539205455666119e-01,6.207818843693223565e-01,5.350685900374465565e-01,9.388205614620963591e-01,7.815614476352862328e-01,7.135336546432107241e-01,7.024675547681623611e-01,2.212923880828163437e-01,3.029291857557769863e-01,9.794687130045582890e-01,9.446521016095843493e-01,7.506796420996225683e-01,3.401581254942437349e-01,-1.199417321338700215e-01,9.466539382261183189e-01,1.441250516542164906e-01,6.800386490547978280e-01,6.428629395514704470e-01,2.358817357823412286e-01,3.758571185151732275e-01,9.642445321019601501e-01,8.144541654132451125e-01,5.468422857994532649e-01,7.715999124380090723e-01
7.310914421586529599e-01,7.448575137456724393e-01,6.541378099834789239e-01,9.565659996771130880e-01,7.684116046979195813e-01,6.079610725760354883e-01,5.756048068774618498e-01,8.648016259481580148e-01,8.996461940407003421e-01,3.275521435510561075e-01,7.428595009020858564e-01,6.185635613364350860e-01,9.228892974896478751e-01,0.000000000000000000e+00,6.626616270745889770e-01,8.078216612054005541e-01,7.589709699292725986e-01,5.295994095434763960e-01,5.715101860647771037e-01,9.723372159205458942e-01,6.076555989249210477e-01,6.172795037016747255e-01,6.947657414921742935e-01,9.150621109821681642e-01,4.277086995331202957e-01,1.525638107309786884e-01,3.694235134634099582e-01,9.851198446077789050e-01,3.982771212072359068e-01,7.275845282217409116e-01,4.205440169846318410e-01,3.045011120278952599e-01,9.014564430152457453e-01,3.540210383707618202e-01,9.319230203278077163e-01,7.832773427311392478e-01,7.532047385112776716e-01,5.854757868127863363e-01,8.126313315215378807e-01,4.941779070022879194e-01,7.516964308307602094e-01,9.927187921554644356e-01,8.584285310932950885e-01,8.043227081889088304e-01,8.213524256728685913e-01,9.619862507040193300e-01,8.156447010189125102e-01,9.261294408895410779e-01,8.131212605119647607e-01,2.351361226941347249e-01,4.787449832184815790e-01,5.821984595685636421e-01,5.974799734810483098e-01,3.664533753211148270e-01,4.702217534370632945e-01,9.541385594758361455e-01,8.440126578554580927e-01,7.030555794181255758e-01,6.939265992883564271e-01,4.753509921469883936e-01,4.011605483099883740e-01,5.156219321208000972e-01,7.917732274717244056e-01,9.061212777443058419e-01,8.416332571177479460e-01,7.389511551439000847e-01,8.044531307792994745e-01,4.111815962999398333e-01,7.776183923431834177e-01,5.618918578561193922e-01,6.609831127120805450e-01,9.755122309782042755e-01,4.083378875888561965e-01,6.675067424973906149e-01,5.767918541615248973e-01,4.615621498324711802e-01,8.030315074859862845e-01,1.037081317188213170e-01,4.314201085930146062e-01,2.005547430146403520e-01,6.868764922184452670e-01,9.109788906304283618e-01,6.495186492839938319e-01,5.091757316780479714e-01,8.140346324985091586e-01
6.558692787263864510e-01,6.245324040542437061e-01,8.323442476927735978e-01,7.756809652296319246e-01,6.787513302036445317e-01,5.790570455697947594e-01,3.284036249784741401e-01,6.683231942982199580e-01,3.339406105052881157e-01,3.486191360409035545e-01,6.027668876233875928e-01,5.361372393652117374e-01,6.176392553052657552e-01,6.626616270745889770e-01,0.000000000000000000e+00,7.826587772944171295e-01,9.110324638962844501e-01,7.073099918878696934e-01,9.402892605461971032e-01,3.757194987107026485e-01,8.355984067352446587e-01,7.229139144644554094e-01,6.901047767986088211e-01,8.184439935032251645e-01,7.679977124647213715e-01,6.183744558491292009e-01,8.835097991071196866e-01,5.884725117562987773e-01,6.673572140381274220e-01,3.424431605507702869e-01,5.827766856405586227e-01,6.957716744684603327e-01,6.548759747671948350e-01,2.873940879015193794e-01,5.086802855740637508e-01,6.974540417748746890e-01,7.081320604626871740e-01,4.796379156895196755e-02,5.166258590802972339e-01,9.823037414086437380e-01,2.487782462370749792e-01,7.678837440549343141e-01,2.901052909452658257e-01,6.273283154898650071e-01,5.006667874658321526e-01,8.640002000629585233e-01,5.015884784469479829e-01,9.373379939447218367e-01,7.472966703515515619e-01,7.245791431030489393e-01,6.925253010814376164e-01,6.190131725041020383e-01,4.693302906732565449e-01,6.848044799884613898e-01,6.345246321363263720e-01,8.227663260478780272e-01,8.204193459425931367e-01,5.560189671040337567e-01,9.865241519749016197e-01,7.941876550451250072e-01,7.626408322527863382e-01,6.695626811660486677e-01,9.025987897179709174e-01,4.834971168784573670e-01,4.384544593980989613e-01,6.951530752482039111e-01,3.791911841724294741e-01,7.633677854148814834e-01,9.584556951194485030e-01,4.486235392132408295e-01,8.718268515045527467e-01,8.941666240291318291e-01,5.108728989374229368e-01,4.332146991520390289e-01,6.451360539186901111e-01,7.746709937409084201e-01,8.777439012875143387e-01,9.312093747815188838e-01,3.661416093175441366e-01,3.512843927589170967e-01,6.879363932115725166e-01,3.195864939366682145e-01,7.608854669717873831e-01,4.707518089588501042e-01,9.730440083156111086e-02
3.691265603632345460e-01,9.101959400858968818e-01,5.181789465556234653e-01,7.504974690918065905e-01,7.743317640644526989e-01,8.253476808019766242e-01,7.972862584492832472e-01,7.282761697775992360e-01,4.079678601975670338e-01,8.093589789829103154e-01,7.367015188045247243e-01,5.640026517415172025e-01,7.284825197433932864e-01,8.078216612054005541e-01,7.826587772944171295e-01,0.000000000000000000e+00,9.625783879147354893e-01,4.455969461015790167e-01,5.520724848451966649e-01,8.552851011142278415e-01,8.522351968384597187e-01,1.624028463782167808e-01,1.843233581679535604e-01,7.564613094408041416e-01,6.508938182258803273e-01,2.516944809933610028e-01,8.272282872483556204e-01,6.595448527780097825e-01,8.832320250426817232e-01,5.420139846013213303e-01,5.242276679517010596e-01,4.026053899630361865e-01,8.342780022511642191e-01,8.056468720339178269e-01,9.115356657291886489e-01,-2.653219540745016536e-02,1.137189203334366128e-01,6.556681955288519159e-01,7.268748767432360314e-01,7.521626201149145263e-01,9.897291982806541988e-01,7.241539939610712739e-01,8.962412889639206348e-01,7.601612953492666858e-01,6.223609505862586211e-01,8.106488875874655609e-01,9.598355311091747444e-01,9.721186254483875633e-01,6.973056209266442762e-01,8.311957500172610924e-01,4.191121885679449099e-01,4.596608734376937400e-01,7.371766070461068798e-01,8.912559948449459979e-01,8.015792409672718444e-01,8.677706478318137906e-01,2.856764603150757642e-01,3.871625991858665961e-01,7.594426882805356271e-01,6.308553280615734060e-01,4.879980392694815428e-01,4.301528864383125095e-01,3.459106948872956444e-01,9.478479595057481832e-01,8.366088499675465862e-01,4.731956922753769446e-01,5.548415112750516576e-01,9.288393055868142678e-01,7.051784013950967989e-01,7.637729065181825261e-01,8.854358041334123852e-01,3.634650391314417361e-01,7.165550039825290263e-01,3.646409692838263883e-01,5.048813108921731407e-01,6.773598007357689577e-01,4.984554012539899603e-01,9.333665251237950322e-01,7.834310420450709689e-01,2.391790894704193537e-01,6.398848765002606021e-01,9.005713269991134640e-01,9.325667152185959097e-01,5.355786322473354844e-01,5.026585327737963516e-01
9.764594143791003322e-01,8.995731991253647086e-01,9.931184561898560581e-01,9.882781512910432387e-01,8.461407809286614068e-01,9.129403441867776081e-01,7.973922821720340615e-01,6.919097689201155754e-01,9.729912231715280857e-01,8.959285666065570641e-01,9.113483847589516351e-01,7.289047718938612697e-01,6.581645197310056483e-01,7.589709699292725986e-01,9.110324638962844501e-01,9.625783879147354893e-01,0.000000000000000000e+00,6.547160349051542871e-01,5.286139516561737528e-01,8.967750161189275149e-01,9.796239233080747955e-01,4.434548461688442300e-01,8.917439966018583242e-01,5.579185648538886877e-01,9.628614842698335341e-01,2.683783927546393722e-01,3.251560779673525747e-01,8.309450951550098052e-01,7.491498443768944415e-02,7.766941429163239097e-02,5.475970099865010710e-01,8.972193223383375660e-01,7.079237190308240724e-01,7.259388883621726851e-01,7.387458079150072132e-01,3.905669759423771037e-01,7.598309147622387405e-01,6.826332914934225560e-01,2.210713333795624735e-01,9.611351477912724039e-01,5.204301554965746757e-01,7.093746465682759794e-01,4.297992694910617306e-01,4.559749481085693668e-01,9.363270632704979723e-01,7.859433728459942481e-01,8.579119438830851152e-01,7.593577152599130242e-01,8.511755972546768412e-01,9.399052510574011920e-01,8.244306821883566894e-01,-1.190730735126867834e-01,3.035397337357570446e-01,7.468770465484885213e-01,7.972115285201768486e-01,1.790702563043834739e-01,8.640937750974700959e-01,8.701236482037465469e-01,7.419268632001680963e-01,1.155516526085321599e-01,8.036849255633849998e-01,9.275832147344594825e-01,8.426335593878445662e-01,6.481791300709851544e-01,4.384643800501795141e-01,7.412504230743979239e-01,8.020582803863800514e-01,9.447719878490675738e-01,4.753704105633323462e-01,4.864968878676012576e-01,8.075660209630581843e-01,5.385201430414605639e-01,9.744938094224867564e-01,5.786798957185926850e-01,6.170957611827609934e-01,9.847098874033536342e-01,4.896027780119896478e-01,9.762231800418854633e-01,2.602763547920441400e-01,3.723974762335100497e-01,5.804825582702791698e-01,8.603111892687007600e-01,8.998356102155278258e-01,4.207133742368725227e-02,9.150250493048138756e-01
7.603580359278068190e-01,-1.017393003366973553e-01,8.227607428226183517e-01,6.544746479230675318e-01,4.521440621294466333e-01,4.377230484644466513e-01,6.768927276380054536e-01,5.274202768360499727e-01,7.383849779155354787e-01,5.224784650074401071e-01,2.679907351353822964e-01,-1.321064089324935353e-01,6.294913409454162556e-01,5.295994095434763960e-01,7.073099918878696934e-01,4.455969461015790167e-01,6.547160349051542871e-01,0.000000000000000000e+00,2.443481536556608991e-02,7.096349210961014897e-01,4.083487475862809246e-01,7.449365600914150676e-01,7.258321739306370368e-01,6.122050317471806613e-01,2.283326767442113991e-01,9.878337628802669190e-01,9.615478206712378961e-01,9.065839749226364264e-01,6.376882709755519185e-01,4.864392675500258112e-01,4.139764608050401362e-01,4.291565124466367731e-01,6.752058551636727080e-01,8.384304613670663375e-01,6.646136587819546637e-01,6.455620780149322613e-01,4.806151327951690422e-01,4.359847482371970173e-01,7.621469272192994415e-01,8.347916821004466303e-01,4.742324104256018802e-01,7.326487909095177331e-01,6.912962072125229396e-01,7.388581673222035517e-01,9.093854208476479517e-01,8.680541658517557657e-01,6.780868287051486920e-01,9.442201050100155202e-01,5.079722396483113966e-01,2.840349315785861140e-01,7.273648562815667740e-01,9.595146435566079823e-01,5.980057689765170270e-01,4.359959004375040248e-01,8.054392994591792476e-01,7.940383221237072853e-01,4.647096123103807153e-01,3.236316662954755174e-01,6.881793413986160290e-01,5.589133171990927629e-01,8.795656577538202292e-01,3.734409035864613147e-01,7.553865024740906708e-01,8.809092235932387549e-01,6.078994909157756643e-01,6.795675934757886560e-01,7.447533297406462305e-01,8.070560935945390035e-01,4.898556952831472078e-01,5.548089928838719764e-01,6.840356371988184359e-01,7.923732539480794479e-01,3.179549575500754122e-01,5.966732119705738802e-01,5.342081718007842817e-01,2.917821347306211455e-01,9.115405016021312923e-01,7.990804925704146910e-01,1.728864391755643715e-01,8.937723083780133582e-01,7.087964727298130541e-01,2.038746765235895930e-01,9.396011739830832932e-01,7.137839865165934716e-01,1.109354090141924654e-01
