0.000000000000000000e+00,6.936878803093372570e-01,8.344527913271970743e-01,4.621836291123692098e-01,9.424671406192474121e-01,6.887565841895152419e-01,8.259980213519992898e-01,8.017878797839855798e-01,9.298724685713952720e-01,8.712710910349108495e-01,9.271124588682335688e-01,8.945229893997056481e-01,8.752338881687113936e-01,8.648012841947743112e-01,6.278727206615468681e-01,9.324084802389107640e-01,4.962008909911453935e-01,8.806785006253152748e-01,8.735941347007004643e-01,9.155996538126616180e-01,6.427416733616617694e-01,8.010311542411219232e-01,8.435348425153718077e-01,9.431572421321494648e-01,7.360782399102194784e-01,8.759609031960732262e-01,9.637008476424033798e-01,5.738921021878303774e-01,4.275791488747237579e-01,7.637235742318878584e-01,1.570878191741884589e-01,9.456832538823749523e-01,8.222749958297128625e-01,6.215903552781714136e-01,9.037527514792693673e-01,4.621834152081957248e-01,3.757745610571512906e-01,8.663433911066434900e-01,4.570251345148241828e-01,4.827684479273183227e-01,5.126859655527880033e-01,9.690342172051199521e-01,8.905142034379228688e-01,3.189233584600058014e-01,6.912059675088219057e-01,9.483767225434173165e-01,8.773415563394220129e-01,9.982363906503026740e-01,2.245566029280401596e-02,6.768968468652029058e-01,7.154881380136594027e-01,8.003732117619549724e-01,8.747391120380901830e-01,5.636699778370313219e-01,9.915193053642249454e-01,6.871284887156188237e-01,8.340602002159845929e-01,7.813183791123767818e-01,8.168400818970352750e-01,-3.695651069265937227e-02,2.455282201344777815e-01,9.081667216812702170e-01,8.501006827988980552e-01,4.285572735787836485e-01,7.854462185998303259e-01,9.812587282016711487e-01,9.929123647931361596e-01,2.114644439242068796e-01,3.172956825687094362e-01,7.219221146244145793e-01,4.024918199589990753e-01,9.370027816285411149e-01,9.455890699165061530e-01,6.545416881483892002e-01,7.335174053062281097e-01,7.967211875725546122e-01,8.320606124120023539e-01,2.964463487589136248e-01,2.666410988991598785e-01,5.701081830174131726e-01,6.399318632739177115e-01,8.043579192855669913e-01,8.986200028729283140e-01,5.046055244782219340e-01,3.653462291597273648e-01
6.936878803093372570e-01,0.000000000000000000e+00,8.997192874118009609e-01,6.750242929369187905e-01,8.483162688940336649e-01,9.688006007407340414e-01,4.384399672361954381e-01,3.392119997782728213e-01,6.954846719899879792e-01,6.197540072178383541e-01,7.406822862150759246e-01,6.489538313604260589e-01,8.609637578484286013e-01,4.982359124479935342e-01,9.614522788074472137e-01,9.493545323248387957e-01,8.831628516577916255e-01,5.970797869374310229e-01,7.828869442548075375e-01,7.828034665311847107e-01,6.242001010400739514e-01,4.488317393270084277e-01,7.169227396558607301e-01,8.660870799000019993e-01,3.049169578885884691e-01,3.671577417907948560e-01,5.386809139229973287e-01,9.340713024739308867e-01,2.428424045526610953e-01,5.249372489104113804e-01,3.615596366120366056e-01,5.683665483045697853e-01,2.764164566495169728e-01,3.522713135649255811e-01,9.127539700088863617e-01,2.069600391650713023e-01,2.491208010608609857e-01,4.878398345933079305e-01,4.372398744380781577e-01,9.374354909333562080e-01,5.480542804766366238e-01,6.572054507669180534e-01,8.938257162819488455e-01,7.823312534405283403e-01,9.353609123926674984e-01,7.218457835412501744e-01,2.547618108632469514e-01,7.597226085452869482e-01,6.020612522312743797e-01,4.104504742498142345e-01,5.605405645912294732e-01,6.608025243092998657e-01,6.546365966607030629e-01,8.939155500450618463e-01,2.825854061080054214e-01,9.908961700745999579e-01,6.211209536898218975e-01,7.238622850432350209e-01,6.384064756644404204e-01,4.162819029017810757e-01,3.369084495808746249e-01,5.271620169750809159e-01,4.520123508266428725e-01,7.486294640723569760e-01,9.342324978064896479e-01,9.477799035429073093e-01,8.187230244731605877e-01,6.582527467684807787e-01,-6.715486273122406313e-02,8.079795147247427201e-01,8.934913679694720390e-01,8.547364000740160783e-01,7.916131852469405761e-01,4.182034193500262509e-01,5.484426100680972471e-01,2.025322315802927098e-01,7.982359755948054136e-01,9.843247020940306680e-01,6.074951466477714890e-01,7.493526682568046882e-01,7.366154811047049833e-01,4.966511414710974570e-01,7.975863192844423466e-01,3.871311232222967025e-01,5.459797321781620916e-01
8.344527913271970743e-01,8.997192874118009609e-01,0.000000000000000000e+00,8.588104004850686257e-01,8.039793054875784550e-01,7.845398689471811959e-01,4.129619497481172852e-01,6.615041096363659667e-01,9.881362069268219139e-01,6.994736917950402644e-01,4.632755755514339491e-01,6.051520669145717957e-01,9.327761670299689056e-01,9.113758668042154509e-01,9.763142449802216793e-01,2.547261077060555268e-01,8.331654605210606634e-01,4.492568920180671221e-01,6.279644715847760850e-01,7.639679912625458869e-01,5.568140612018154245e-01,7.820047867602619718e-01,5.308122993366102271e-01,8.110062079874031937e-01,9.583481733983022499e-01,6.166754185281154710e-01,9.194340353699582691e-01,5.850203508956515197e-01,4.931597823376977496e-01,3.410192569263020834e-01,3.416560482864406945e-01,8.444791884243879609e-01,7.333346531951658864e-01,2.860151278122242680e-01,6.354249433518658341e-01,4.967854388839592072e-01,2.661353711286500445e-01,6.611339264529398907e-01,8.605406669458286473e-01,5.204182746294487849e-01,6.907139175196217451e-01,9.001612121779085651e-01,5.708726839934624708e-01,8.887436297740805013e-01,9.459050176218402051e-01,8.367731391123462981e-01,7.858234740019620634e-01,7.096576085484609386e-01,8.024129034486834344e-01,7.520371755629032817e-01,7.096858668292197470e-01,8.961766751300375144e-01,8.357008150123752532e-01,6.244765294717390391e-01,6.937960893945588348e-01,8.706020748545681975e-01,6.595684398068679677e-01,8.175224458100337488e-01,9.038556984764130053e-01,2.974685981358931586e-01,5.904729846928317150e-01,9.623422258932494699e-01,6.973225863663908841e-01,9.741986471671607584e-01,9.749174717269917245e-01,6.334304786174586033e-01,7.854519568165245769e-01,4.005190300452917684e-01,8.231191039648401153e-01,4.575238467232810580e-01,9.675696157926200192e-01,8.247566641569025192e-01,7.043846382447895849e-01,3.440170228677162378e-01,9.242378551417678167e-01,8.626874640120141269e-01,5.882589393991108917e-01,5.921623657614306646e-01,7.501993037044393242e-01,8.813252107900265697e-02,6.036616139725330399e-01,7.888102424763498988e-01,7.557037658178682449e-01,6.557209630496275699e-01,9.160854883271266624e-01
4.621836291123692098e-01,6.750242929369187905e-01,8.588104004850686257e-01,0.000000000000000000e+00,7.086849820761704777e-01,6.558213746512506770e-01,9.518036838977792513e-01,6.769878796763268980e-01,7.569542554110418875e-01,7.664484501095082392e-01,8.389904419848396300e-01,6.520005101563348671e-01,7.487507515649793888e-01,5.468032223864233154e-01,8.129628023812085491e-01,6.276504884074659563e-01,8.098618825345161865e-01,7.739308530585855550e-01,5.130237943149695834e-01,7.713107861603119009e-01,8.586797271098678408e-01,7.338968384666031408e-01,7.218536554283638829e-01,5.541034552227674936e-01,5.135306977621875157e-01,6.366720101746498051e-01,8.433078698616244262e-01,7.589285217677708140e-01,7.072138702945064415e-01,2.040674262332849431e-01,4.610134831427021851e-01,6.207443094871381017e-01,9.908292583387361407e-01,4.899504422060759201e-01,9.200445859567967233e-01,6.992704988782652564e-02,2.260128052270319876e-01,4.271345313400942145e-01,8.394352206489125168e-01,3.211490016623189669e-01,6.113230128332450830e-01,8.915024528073091092e-01,9.631027443727637749e-01,8.809841326648242266e-01,9.271315055518281056e-01,7.794266476937987687e-01,9.858078405489456575e-01,7.143977390163049890e-01,5.300303158337278386e-01,6.212359652289484169e-01,5.403743058627105134e-01,8.753579645119136110e-02,1.363805982804094652e-01,7.642395274351592160e-01,7.629787174887624479e-01,2.983379655913798723e-01,6.315519051998750300e-01,9.755222798607650070e-01,8.343760298687230570e-01,5.882719566121281662e-01,4.195806081683269295e-01,9.400626356760128921e-01,9.279205946095354651e-01,9.484059629341008435e-01,9.365002144652525562e-01,9.723246777272662733e-01,9.888560319278365540e-01,9.039779267159760989e-01,8.021051026910489545e-01,4.658249806440916130e-01,7.290312447445077559e-01,6.636141297710067555e-01,6.959961132050872523e-01,5.320023003116780558e-01,3.991635427190269869e-01,6.074701334214752668e-01,8.584580215838437667e-01,2.385673719937125570e-01,6.600809217673224705e-01,6.072589263344837507e-01,3.875215889067978869e-01,8.632763253260263836e-01,7.743266624212536975e-01,5.333526149337657341e-01,8.809281758882903102e-01
9.424671406192474121e-01,8.483162688940336649e-01,8.039793054875784550e-01,7.086849820761704777e-01,0.000000000000000000e+00,8.157815912512573764e-01,5.092216269999415568e-01,5.893622288532593956e-01,9.890781518481386314e-01,9.165441969724655857e-01,7.799454017122562366e-01,8.614297011709847185e-01,7.622320379885392239e-01,7.272364002673421535e-01,6.785823940174350311e-01,5.295629182700657411e-01,6.258859474331254225e-01,5.500524964211640500e-01,8.752760733508866409e-01,8.732590607323833520e-01,9.697723844503068902e-01,7.342271260220205598e-01,6.741183154365808505e-01,7.014510505492643766e-01,2.795791029457800336e-01,7.190431036110693785e-01,8.959597253810709372e-01,9.728301594741632918e-01,2.839594033333732725e-01,6.670431929661267967e-01,3.210984886087868695e-01,4.987067324514349864e-01,7.703292224947660971e-01,4.464136374229281112e-01,6.340294536911300627e-01,3.047061213996282159e-01,3.853822123335726713e-01,3.647095324813880435e-01,9.459028441746274440e-01,6.275824198442263580e-01,4.760731907312848454e-01,3.945222245019794904e-01,8.813348089501568117e-01,8.861263428202343917e-01,7.541068660548226887e-01,8.327084089285001767e-01,7.621056000880972459e-01,8.663017434086620616e-01,7.734328996883867990e-01,6.869775414399791336e-01,8.381838288213517840e-01,9.383996951521920149e-01,7.138038854305714942e-01,9.059302405054290297e-01,8.871108235750869708e-01,4.001914482974743281e-01,8.881115870826776781e-01,6.538861748500292004e-01,6.458505565783484448e-01,1.530295605632211453e-01,4.783560502852022278e-01,8.350592297727033042e-01,9.314667744570639396e-01,2.634642019238700450e-01,5.042727094260083254e-01,7.512190043333246692e-01,4.694873194640565295e-01,7.829000617997221578e-01,4.710471312154859147e-01,7.658511959460782004e-01,6.796894791526174595e-01,7.276495844076922292e-01,4.570785862838961933e-01,5.743840232572126059e-01,5.357365997741215802e-01,8.585912999733450457e-01,8.275991383585776795e-01,4.620966410063447882e-01,6.185180533582624873e-01,4.959085880345497910e-01,5.335193988075632721e-01,5.209755504130940684e-01,4.678382067204813755e-01,7.270331423863549691e-01,7.363160930027943252e-01
6.887565841895152419e-01,9.688006007407340414e-01,7.845398689471811959e-01,6.558213746512506770e-01,8.157815912512573764e-01,0.000000000000000000e+00,5.209069284258517341e-01,6.277194294069656788e-01,3.031139999487355574e-01,1.310455212388825508e-01,7.144967651529128272e-01,6.910142703831597677e-01,6.141905548104468204e-01,1.173080909758691948e-01,6.272848286411378815e-01,6.753013303398756051e-01,7.511286248454918102e-01,5.388618626269132683e-01,9.966001905105660308e-01,8.338283567135852392e-01,8.795676670224891192e-01,9.210363355160149368e-01,3.614239953721628540e-01,5.952545731449767619e-01,7.429802344825880978e-01,9.488096143576594255e-01,6.861906145225981080e-01,6.114097055845131301e-01,8.468194940401346793e-01,3.649000494797217664e-01,1.775605676961491616e-02,4.289622329858319150e-01,6.344168159473404511e-01,9.064818952204417579e-01,4.601907344439318259e-01,4.032432618656083684e-02,2.581562363824608797e-01,4.304273056844205581e-01,8.875571299726967567e-01,7.686540673713576632e-01,3.043165496481922139e-01,6.516740294695806401e-01,8.529363298182242037e-01,8.149410467934548041e-01,9.507953303520468857e-01,8.193512347395698336e-01,3.074908405964429936e-01,8.608097608643718868e-01,6.179405769023273987e-01,7.406890137470772961e-01,8.307832804508288316e-01,6.826059407018784109e-01,6.504705316085193090e-01,7.484998500213113637e-01,5.747399333753663297e-01,7.934258086154196699e-01,2.248817262792115745e-01,7.838453214978066130e-01,9.481693212503565782e-01,7.622220023213509554e-01,9.445422738927702899e-02,6.177217783956171493e-01,6.918815274568050899e-01,8.222495516273564675e-01,6.167772474441990394e-01,6.328742683786890977e-01,3.282430568122526315e-01,9.170880752046532969e-01,7.224124996045406810e-01,4.024100329784421337e-01,8.057000135666573248e-01,6.651434477339119855e-01,5.666945427496257182e-01,2.100814792076283744e-01,5.162355106694910267e-01,8.485962002736442411e-01,9.170346808434433061e-01,3.911318323940551900e-01,5.931015867630421434e-01,4.662410814818155891e-01,2.215084309873227297e-01,5.930888642462432969e-01,6.600487665209782140e-01,6.009768021741405120e-01,7.746886921118458780e-01
8.259980213519992898e-01,4.384399672361954381e-01,4.129619497481172852e-01,9.518036838977792513e-01,5.092216269999415568e-01,5.209069284258517341e-01,0.000000000000000000e+00,6.957773160644395993e-01,1.421691974079595522e-01,4.137381262455435138e-01,5.542076138853909706e-01,6.459593773647301918e-01,8.466754943340148998e-01,9.214324613656381668e-01,4.006120475301298556e-01,1.254598314424864303e-01,6.849232992431163458e-01,9.542000483145812728e-01,7.906160007231679554e-01,6.706609838090271669e-01,8.858540996772484855e-01,6.922486072834334037e-01,7.508014217545067037e-01,3.280305987952858993e-01,4.605902850966462347e-01,7.358560680883745597e-01,6.591173495605329169e-01,3.549769389017266574e-01,3.866560330257892142e-01,3.766918093892240860e-01,5.721391197102031478e-01,4.847886327365414916e-01,7.236324046293564072e-01,5.328648125667626578e-01,2.086567301929181384e-01,4.971681084383814397e-01,4.138766829515911905e-01,7.671510618615666743e-01,6.272454099148846440e-01,7.058571879384533121e-01,7.725245544116366991e-01,5.426822993551840835e-01,7.650989779564130178e-01,8.652731417718110274e-01,9.879326777089207923e-01,7.006556413246189940e-02,5.203116453545214570e-01,5.531184624294472885e-01,4.046335870300876714e-01,5.914135950151664378e-01,6.627754505554231956e-01,6.675260151453514812e-01,6.236495401106347813e-01,4.241255487822209180e-01,6.214331932110532808e-01,7.687975999383115377e-01,5.885491436046556002e-01,4.569748818318951633e-01,9.286465071905805058e-01,9.234354513834371891e-01,3.684774226143069931e-01,4.269380653833541039e-01,8.868547335647436469e-01,7.793230058987978826e-01,6.973007498454216746e-01,9.217397577231689620e-01,5.219773797301752172e-01,4.326702100782488514e-01,6.294531797818837537e-01,5.830999181592546599e-01,4.260165663158684279e-01,-5.495318490633085973e-02,4.922038052163668631e-01,7.680939132611205311e-01,7.465567111735789130e-01,1.748647977031855538e-01,7.089196825698367288e-01,7.740646893516786031e-01,7.807517452788869106e-01,-1.374965244085427640e-01,4.186000755749877400e-02,5.480967497215731843e-01,7.819128736741512986e-01,4.425823045576325332e-01,5.140980154374366062e-01
8.017878797839855798e-01,3.392119997782728213e-01,6.615041096363659667e-01,6.769878796763268980e-01,5.893622288532593956e-01,6.277194294069656788e-01,6.957773160644395993e-01,0.000000000000000000e+00,9.133524139335207348e-01,6.482006162787149472e-01,7.365664363627698608e-01,3.612678205489383565e-01,8.997663286892292334e-01,9.943857841905537898e-01,8.887730272648430851e-01,7.494441579958018851e-01,4.752535070125692984e-01,7.166234727940702376e-01,5.944019887506484245e-01,7.493457164218775279e-01,6.184164083379271037e-01,6.666858958638512966e-01,5.290184690751212893e-01,7.040529251354074036e-01,5.005832029523066273e-01,8.375583781223578939e-01,3.505599454828299266e-01,6.743492900828875758e-01,6.883710991605604956e-01,5.658764249933406765e-01,4.841082848515921855e-01,7.496079148565852890e-01,5.759672439806212685e-01,4.786378707966716384e-01,8.023867760054613774e-01,6.870308677897539740e-01,6.493361225780740487e-01,7.201982389817936092e-02,6.838470722323500839e-01,6.847001150306709638e-01,4.096384714469443189e-01,2.185093010337904040e-01,9.976405909850230014e-01,6.327873677273699871e-01,6.376925511283686454e-01,9.362015210557783629e-01,6.207684267804238765e-01,7.307632614968301299e-01,4.257715400663920624e-01,5.006897773076938174e-01,7.742207722343803500e-01,9.475419675114326035e-01,7.664825765464146068e-01,5.999261523810188734e-01,8.925181435826753384e-01,9.888317896677738528e-01,6.198710795340223179e-01,-1.120056703756862199e-01,7.089975833604802435e-01,5.764286368959035262e-02,5.413444376086713472e-01,9.142435945653389906e-01,3.736563467225455515e-01,8.929047142772321699e-01,7.190381899926876486e-01,4.968496042004191260e-01,3.350813213149909098e-01,5.484290962140596637e-01,6.032798663471636846e-01,6.000142162049429961e-01,7.691745884990400794e-01,7.697261978318352682e-01,4.315046758589108356e-01,6.097143525709075584e-01,6.057075702427292541e-01,5.583354065861987348e-01,4.878955391671988551e-01,5.903563181517645919e-01,5.162464311239964854e-01,2.413571741336379417e-01,2.045414155421498015e-01,6.067831952682005703e-01,8.845898930657616344e-01,9.513777468985312735e-01,1.537351660928804042e-01
9.298724685713952720e-01,6.954846719899879792e-01,9.881362069268219139e-01,7.569542554110418875e-01,9.890781518481386314e-01,3.031139999487355574e-01,1.421691974079595522e-01,9.133524139335207348e-01,0.000000000000000000e+00,6.018747812343089310e-01,5.280670586447447912e-01,6.624941415163401182e-01,9.587229989003741570e-01,5.140558048541177261e-01,6.155726004513353278e-01,7.416572945203037115e-01,4.996799094042355671e-01,7.796570717925226379e-01,6.005956659123591335e-01,5.481131758000540311e-01,5.453070106591082489e-01,5.929439504322622234e-01,9.701526118375294327e-01,6.790921144741770554e-01,9.723025586850855828e-02,6.096587224978546882e-01,5.526529450297191781e-01,7.919348055103130335e-01,3.922243455295602588e-01,4.912691509718916105e-01,7.391693536810990395e-01,7.929470177369055683e-01,-5.683726768269228846e-02,9.335620418395593756e-01,6.852241190432526441e-01,5.931699296839796354e-01,7.186809249924200338e-02,8.924111442065988387e-01,9.056575000826578847e-01,9.321737144310245915e-01,2.641170854753181474e-01,4.531898812315556246e-01,8.990349249515170449e-01,7.062898413131544206e-01,8.875318401170970706e-01,7.884603266963244872e-01,6.831660307493812034e-01,8.059407545289812291e-02,6.223485257332569409e-01,6.664875687329947507e-01,5.868255321636806077e-01,7.706672248916166534e-01,9.626800150467665906e-01,9.632811212792190547e-01,6.938442069646030275e-01,9.014554491751426424e-01,4.479600544081085989e-01,5.315815967669672570e-01,7.348256519207096993e-01,6.929863389713348809e-01,7.370425472514291476e-01,5.503491100962003557e-01,8.686114849213163458e-01,8.812769008951072403e-01,4.044434771436211662e-01,2.359148418390860646e-01,6.343268300514022240e-01,6.274790856746346179e-01,9.328052819196372969e-01,6.580920206457120392e-01,9.224561100166901451e-01,6.625858054061497526e-01,6.029882051576623825e-01,6.021026650376565259e-01,6.042515517989700546e-01,8.486462577131915763e-01,8.789243168143104912e-01,5.860199934181794523e-01,5.772253733587212610e-01,5.340720747587619499e-01,6.485475237327653630e-01,8.838184386448658669e-01,6.152386341805424763e-01,4.758775586569478633e-01,4.959572746589627212e-01
8.712710910349108495e-01,6.197540072178383541e-01,6.994736917950402644e-01,7.664484501095082392e-01,9.165441969724655857e-01,1.310455212388825508e-01,4.137381262455435138e-01,6.482006162787149472e-01,6.018747812343089310e-01,0.000000000000000000e+00,9.066081149775258030e-01,7.585948386320948700e-01,4.618964372276276320e-01,8.399822737694664365e-01,6.584089582818370978e-01,6.609343577692932126e-01,7.737348091094113922e-01,6.770256242896816046e-01,4.733381874820406510e-01,7.123149268604272999e-01,8.320706181470454155e-01,4.025476179439906876e-01,7.330019872684867543e-01,6.283491105233256491e-01,5.461958566339407684e-01,3.534975954252235208e-01,5.917468521190245578e-01,-1.565557778640478681e-01,6.306137367488834355e-01,8.115198613961852048e-02,5.727883571671208429e-01,3.817876104297281969e-01,6.060440400275511896e-01,9.650032638190100265e-01,4.803540693953619600e-01,1.124420211232918243e-01,3.220759809907827731e-01,3.415422897907746114e-01,5.929189186276049295e-01,6.869775855899709072e-01,6.769584464141724656e-01,6.013959546402907197e-01,7.895658334475361695e-01,2.894716844366884700e-01,7.913028723648642959e-01,8.359475370420299534e-01,8.668120662747851313e-01,3.671201397629790808e-01,4.628094384087679813e-01,7.757820826834012085e-01,6.522010941631477543e-01,-4.721702610670322486e-02,9.150670151647950501e-01,6.764168384229700681e-01,6.467693049720200094e-01,4.537821494482433549e-01,6.740311890368727576e-01,7.958443771361793928e-01,8.321797108935233833e-01,5.622036187505555782e-01,2.770788541971924146e-01,9.630452227410452037e-01,7.716879777711647126e-01,9.297427081160385409e-01,7.818300827182096402e-01,7.007557037699315705e-01,6.799116509930618335e-01,9.772322298982111244e-01,6.053256597113264581e-01,6.571389597096308766e-01,9.702767980275186499e-01,5.605150815977044676e-01,5.207257405037758469e-01,7.721003968977239174e-01,7.201576549998829346e-01,5.785731778527790636e-01,4.235322672339754124e-01,2.299956787116922696e-01,7.379660593216572639e-01,4.429334213772655460e-01,6.943376901889816155e-01,9.684272219345384514e-01,2.288762211675708647e-01,7.065924217419540243e-01,2.669973670936537369e-01
9.271124588682335688e-01,7.406822862150759246e-01,4.632755755514339491e-01,8.389904419848396300e-01,7.799454017122562366e-01,7.144967651529128272e-01,5.542076138853909706e-01,7.365664363627698608e-01,5.280670586447447912e-01,9.066081149775258030e-01,0.000000000000000000e+00,9.928521571266514245e-01,4.726763592271866488e-01,2.922217828286831631e-01,4.161568567660319795e-01,2.796688475090024495e-01,8.526115406155393428e-01,8.299744390852338283e-01,8.809851404213743242e-01,8.132918835671036906e-01,7.239655904836316269e-01,6.833870896132824280e-01,3.296582988572931416e-01,8.440230361211321641e-01,6.338469396181907189e-01,6.068986392892390391e-01,9.165810392845545884e-01,6.190141031714472275e-01,9.836488056114039980e-01,2.911839330047355512e-01,2.717841065271847656e-01,6.534771799124206026e-01,8.715195126898444000e-01,6.296713586033637622e-01,6.769449093185258004e-01,4.731163948342494985e-01,8.874135705084536252e-02,7.071269206182984046e-01,9.782744855766796199e-01,7.783856321465472128e-01,6.265309793928053317e-01,4.296593160999656602e-01,8.748059825441310000e-01,7.204650407998336448e-01,6.801372030006301861e-01,9.016850821359851942e-01,6.013173933709412555e-01,1.334944865253143154e-01,8.999269863098411371e-01,7.214275587531012723e-01,5.921682735537227016e-01,4.514107139137538138e-01,6.519524427043998926e-01,5.762223359762649322e-01,7.795979014018090680e-01,5.343041091996236780e-01,6.676271337956335428e-01,6.144792153177804916e-01,8.729754178863856628e-01,3.469034910984977182e-01,4.265804819118572677e-01,6.215404867296556723e-01,6.666675415688780859e-01,7.529065981867006929e-01,9.332280714544672895e-01,4.889330034932573010e-01,5.451610152284258604e-01,7.362449349314083014e-01,5.386368511559027628e-01,8.774792539154612214e-01,8.233721981371620036e-01,9.646893050566157646e-01,2.240253088694093078e-02,6.231777095082914331e-01,7.112885291750166150e-01,7.394136666409478753e-01,8.551846431138644400e-01,9.663528006883418398e-01,1.066287673302475196e-02,5.003444908238611211e-01,2.201715389371060316e-01,5.435833640142681000e-01,4.325805843120321126e-01,7.349608801961009519e-01,6.516566614696107651e-01
8.945229893997056481e-01,6.489538313604260589e-01,6.051520669145717957e-01,6.520005101563348671e-01,8.614297011709847185e-01,6.910142703831597677e-01,6.459593773647301918e-01,3.612678205489383565e-01,6.624941415163401182e-01,7.585948386320948700e-01,9.928521571266514245e-01,0.000000000000000000e+00,5.902224696975044704e-01,7.841339838498146975e-01,9.845633123028240119e-01,4.353980372632779705e-01,8.120634244234019583e-01,9.162406654441538345e-01,5.415271081939754261e-01,9.536990454902133374e-01,5.086686931334691852e-01,7.574730508415891128e-01,9.236634510835998180e-01,6.738178966324666064e-01,5.412907415177150572e-01,6.583385691256891104e-01,8.587016794375824658e-01,7.113742351367327021e-01,3.461837387328147164e-01,2.880469554696464263e-01,5.176919620146079870e-01,5.689518198431304796e-01,7.866105704971658730e-01,7.704698397861839965e-01,7.652186422071542982e-01,3.725980839231185504e-01,4.145101134760855177e-01,4.928532359648920003e-01,9.738251966299769080e-01,9.707790569605665443e-01,5.570451384997145983e-01,7.827881872082492754e-01,6.965394056895518604e-01,7.871984566360791247e-01,9.118322217785184147e-01,9.572690292647096921e-01,3.570016505154807035e-02,7.527725395763820160e-01,3.980111804628509997e-01,7.736339687862253678e-01,5.521518629712283133e-01,8.590501923228408554e-01,9.696062265155938054e-01,9.756248419537164596e-01,6.105236208318799429e-01,3.210303212526674499e-01,6.105617282701385484e-01,9.486800301426316917e-01,7.008479038825474738e-01,4.286424152962359790e-01,4.231714189758916111e-01,6.268465253756739797e-01,8.040767140769201626e-01,4.235530435285209672e-01,6.523999814181220547e-01,4.439420857119106278e-01,6.186079870354361798e-01,9.962292484316026542e-01,5.921857183174359385e-01,4.242843613744164410e-01,6.930796677799201388e-01,7.363929550511973954e-01,9.011686040763381422e-01,7.120745899953215829e-01,4.241910037618179530e-01,6.894351568739336411e-01,4.295710793250576698e-01,7.293629519970298292e-01,5.240242003261466053e-01,2.190762593302835737e-01,7.964489683125334230e-01,8.681392938932375181e-01,8.328873356995889488e-01,7.986014692242621171e-01,3.941545734012401603e-01
8.752338881687113936e-01,8.609637578484286013e-01,9.327761670299689056e-01,7.487507515649793888e-01,7.622320379885392239e-01,6.141905548104468204e-01,8.466754943340148998e-01,8.997663286892292334e-01,9.587229989003741570e-01,4.618964372276276320e-01,4.726763592271866488e-01,5.902224696975044704e-01,0.000000000000000000e+00,5.190892469245780294e-01,9.970812151553822833e-01,4.710400512815540175e-01,4.517148404797260430e-01,8.158118490373099663e-01,7.467785044976644748e-01,7.363896027967840041e-01,5.850435007516534558e-01,6.611219835058288474e-01,8.249809490592382444e-01,6.629733242073156951e-01,4.414356432969066546e-01,8.797487248648721003e-01,4.507514018078027651e-01,3.159013771052835984e-01,3.119256181528107241e-01,5.408419640298641751e-01,1.033386964728672530e-01,7.988798054215444644e-01,9.685549317837927052e-01,5.536977369902782442e-01,7.387083720988817381e-01,8.430134358666767636e-01,2.535666771988498436e-01,9.203719043227891472e-01,6.439624625547215597e-01,9.789304174470587760e-01,3.375851351760729147e-01,9.126272688874101924e-01,7.386078340554198540e-01,8.449717239969146698e-01,6.112533426089232780e-01,9.687108475546905018e-01,6.219481357869712790e-01,9.078834652766379909e-01,6.300925860015166302e-01,8.160964235111959342e-01,9.338334205251388465e-01,7.579226272654470131e-01,7.277363113858119625e-01,9.153984659935113788e-01,6.793314942200441298e-01,3.095243354806814229e-01,6.875110537107667064e-01,7.719558829842507741e-01,9.299945083846062888e-01,6.906877946343710217e-01,1.966788578848336355e-01,7.640699821624512555e-01,5.901720627318404189e-01,8.772677737850743673e-01,8.096100573898420416e-01,7.895623611135862419e-01,8.950301085810339341e-01,4.291433020607746118e-01,6.567828687850545410e-01,5.029578267802168323e-01,4.853222462775641510e-01,2.127733817822689555e-01,6.572411370054728197e-01,3.275848143194686202e-01,5.448108327302700893e-01,7.918472468537127718e-01,6.713869530297814636e-01,7.208404813179447590e-01,4.110442829573867085e-01,5.772700965351184044e-01,3.419966984413843614e-01,6.571284594879042151e-01,9.113130810286694805e-01,4.490157209138882499e-01,7.592927046042509120e-01
8.648012841947743112e-01,4.982359124479935342e-01,9.113758668042154509e-01,5.468032223864233154e-01,7.272364002673421535e-01,1.173080909758691948e-01,9.214324613656381668e-01,9.943857841905537898e-01,5.140558048541177261e-01,8.399822737694664365e-01,2.922217828286831631e-01,7.841339838498146975e-01,5.190892469245780294e-01,0.000000000000000000e+00,9.285643752523875527e-01,9.031304336343285444e-01,8.499724530379796361e-01,7.134913284572073078e-01,6.292171650480369305e-01,8.549975510447911375e-01,9.939105556891297821e-01,7.313757988993665471e-01,5.035275701998198628e-01,8.383849833695655729e-01,2.170605417545833915e-01,4.862300351320905656e-01,8.102844607017002376e-01,6.437156806554450439e-01,5.052044626959397711e-01,7.070331993209075794e-01,3.277547458792291479e-01,2.020087226785138301e-01,7.321838067805619410e-01,6.881923816144249750e-01,6.261298736372170604e-01,4.142257548852417703e-01,2.499462441318354294e-02,5.839329827868260381e-01,9.336877782073806920e-01,8.868352787861203401e-01,9.559752713560747406e-01,9.501009657932515395e-01,9.058219888551213295e-01,8.602362133029483049e-01,9.800530721569967740e-01,7.780069556301765221e-01,6.576377679545477584e-01,9.234798945164783834e-01,7.898362074528486598e-01,6.776639268255251203e-01,7.260282917939606673e-01,8.553874878658954684e-01,8.921816800172430728e-01,9.875566263670096934e-01,8.957010413806447691e-01,8.631047551689204900e-01,6.105700518300766211e-01,6.735666043496795208e-01,6.268411612122687382e-01,5.504364868601008265e-01,5.002588198777814243e-01,5.316791903028463828e-01,6.707842509448469492e-01,6.853092947140236868e-01,3.491902553568819734e-01,7.559522340176894062e-01,6.184796089458425294e-01,9.817097873472928615e-01,4.409787430685213616e-01,8.584166273751975273e-01,7.288614878938742825e-01,9.536063628239391798e-01,6.975343515816717632e-01,4.812520183404567775e-01,5.344366438313916667e-01,8.739164420777902897e-01,6.460729460188182616e-01,9.750876272117597887e-01,3.402922497468942042e-01,-3.413946158516492635e-02,2.449968245135499267e-01,8.845668867604641328e-01,9.350377506648038795e-01,7.819506969382293837e-01,5.946943647632799701e-01
6.278727206615468681e-01,9.614522788074472137e-01,9.763142449802216793e-01,8.129628023812085491e-01,6.785823940174350311e-01,6.272848286411378815e-01,4.006120475301298556e-01,8.887730272648430851e-01,6.155726004513353278e-01,6.584089582818370978e-01,4.161568567660319795e-01,9.845633123028240119e-01,9.970812151553822833e-01,9.285643752523875527e-01,0.000000000000000000e+00,7.562087912403190337e-01,2.715005285951107017e-01,5.178836790125012079e-01,9.222317497391601115e-01,5.306341420336201375e-01,7.984192171409053573e-01,8.903530059792426066e-01,9.069565821082927748e-01,8.726624510466856055e-01,7.614219876377240626e-01,5.116802734386975970e-01,8.639923583651110128e-01,7.023765082058899267e-01,3.861556068105757022e-01,5.177906785352700547e-01,7.469331402794719965e-01,4.296812759432867002e-01,4.634800245812346620e-01,9.258968682306463194e-01,6.663985647815656721e-01,4.719161390741194451e-01,5.463104310056907664e-01,2.964988016187420916e-01,8.946832103176997064e-01,5.180790133599846303e-01,2.742427803827666710e-01,4.631231249217026558e-01,8.216645661359515129e-01,4.376140286578644734e-01,9.541025648611554111e-01,9.186877218871958295e-01,5.759791617931309116e-01,7.328852622630563918e-01,7.517808567378616580e-01,7.860265127054889556e-01,5.513485911705715559e-01,7.619048862470987338e-01,7.362115662448358577e-01,8.373991769073777514e-01,9.402371076216891055e-01,9.015166630539219739e-01,7.067395955813264852e-01,7.331074484874623431e-01,8.301647600726955734e-01,3.704260056835710357e-01,7.630280885993501183e-01,6.037129705799165746e-01,5.203146126979850683e-01,8.526448356204257006e-01,6.471307884771767549e-01,5.789657078036769544e-01,5.104573353642255507e-01,8.894439046441757757e-01,6.991673780591508569e-01,7.692590695309202697e-01,8.924164772695493131e-01,7.950661725867027574e-01,7.989923984990082717e-01,7.666481146690915516e-01,8.821210585961737349e-01,7.581806223681956114e-01,6.631376087731567504e-01,6.046039343402891397e-01,2.353957818551877801e-01,1.586636385561554508e-01,5.788036079095922881e-01,7.934273129397674262e-01,8.879289410003001759e-01,5.025395746758685167e-01,6.999441645311901272e-01
9.324084802389107640e-01,9.493545323248387957e-01,2.547261077060555268e-01,6.276504884074659563e-01,5.295629182700657411e-01,6.753013303398756051e-01,1.254598314424864303e-01,7.494441579958018851e-01,7.416572945203037115e-01,6.609343577692932126e-01,2.796688475090024495e-01,4.353980372632779705e-01,4.710400512815540175e-01,9.031304336343285444e-01,7.562087912403190337e-01,0.000000000000000000e+00,8.447375186784575885e-01,9.187334737305411503e-01,5.605416833925112030e-01,8.410992744339910177e-01,9.242849959326282505e-01,7.843027418210967161e-01,4.785367095870819987e-01,8.875827014689527950e-01,5.247272875732804653e-01,9.516821412836636851e-01,6.831935767322933062e-01,5.196883489540063961e-01,3.588438217790177465e-01,9.967373030259922828e-01,1.323410877008932840e-01,4.428937624027871611e-01,7.356333422261609467e-01,9.527300719288697151e-01,8.712164236894814895e-01,5.721993346085686438e-01,3.550347873310537028e-01,3.226293495288303226e-01,8.164610558160108056e-01,5.416761445160170330e-02,7.777571015669528798e-01,3.500653218789934185e-01,7.463885933309790666e-01,7.490961139125504875e-01,5.390227554715927294e-01,6.568652761525034522e-01,6.996688490789937376e-01,6.897730632524342598e-01,5.213879508570790078e-01,8.109634415322372059e-01,6.071612413757176974e-01,6.659965872006518017e-01,1.076203061766032587e-01,4.788959786739984681e-01,4.570398752542627063e-01,9.819998394944042808e-01,9.973445529500399864e-01,9.150461542493820710e-01,8.259653221434780646e-01,4.033881708779779585e-01,5.784647689464414988e-01,5.600007096092334269e-01,5.072617687932297059e-01,8.974652056693264990e-02,4.163433606556193878e-01,5.688726658081004750e-01,9.099174838315430280e-01,9.422419638104696515e-01,4.582976531560610800e-01,6.609266233011094061e-01,8.149260118106276263e-01,8.252915343587821084e-01,7.804600063526733189e-01,5.813562089226893548e-01,7.599534767852708095e-01,4.566317122234553882e-01,4.860261958439557883e-01,7.172234129300791849e-01,3.677703583673632703e-01,6.612401959522704598e-01,6.595398008760043895e-01,8.256648693128634253e-01,6.272307952313314061e-01,6.073009389518141399e-01,4.542341557099560667e-01
4.962008909911453935e-01,8.831628516577916255e-01,8.331654605210606634e-01,8.098618825345161865e-01,6.258859474331254225e-01,7.511286248454918102e-01,6.849232992431163458e-01,4.752535070125692984e-01,4.996799094042355671e-01,7.737348091094113922e-01,8.526115406155393428e-01,8.120634244234019583e-01,4.517148404797260430e-01,8.499724530379796361e-01,2.715005285951107017e-01,8.447375186784575885e-01,0.000000000000000000e+00,6.727216545349630206e-01,8.102671905063411062e-01,8.993595481124042612e-01,-3.164773460287331197e-01,6.821536230359960262e-01,8.359855753764462438e-01,6.057962309998285999e-01,4.441482879006843354e-01,9.499455876632566520e-01,9.242898503790707432e-01,6.110088601715775170e-01,4.239466033604740725e-01,2.952800656960075654e-01,4.890284286483892462e-01,5.419968703582777048e-01,1.562072463876424677e-01,6.397602395113392015e-01,8.476431853180501630e-01,7.549896696829293541e-01,2.174342785170303993e-01,6.280341761596132111e-01,9.108954544953453691e-01,6.296207069287125258e-01,6.071722951900334619e-01,6.651910399344983515e-01,7.466378332108857263e-01,9.852527817589157300e-01,8.045693284138806245e-01,5.270794470817588007e-01,8.528653461132609248e-01,4.582515547393729571e-01,7.240104289744155874e-01,7.313086275324465202e-01,8.336861904023643022e-02,7.082854727919160043e-01,6.204904175034423597e-01,9.381058546806594345e-01,7.042624882011803145e-01,8.499632767590074023e-01,7.405773969633017151e-01,8.216871653300457101e-01,6.072118500211379777e-01,2.719846031037460587e-01,6.030490234743188793e-01,6.127314251671245326e-01,7.868833189849022691e-01,8.428767624478176179e-01,6.795203776788011352e-01,9.462131396997314203e-01,7.280037137583182938e-01,4.743926188147458423e-02,3.004234894686306223e-01,8.286610763596599094e-01,8.463268713623758321e-01,9.716586121918492358e-01,9.871728123797681720e-01,2.403302548901604108e-01,6.006593722505715327e-01,3.874914204771959803e-01,3.660864887518150423e-01,9.634350881235554942e-01,2.330585356059460544e-01,4.839695485553169862e-01,9.133341330223215815e-01,9.290977145488088507e-01,9.803865009629586513e-01,-8.304610956082722484e-02,9.572556459536748497e-01
8.806785006253152748e-01,5.970797869374310229e-01,4.492568920180671221e-01,7.739308530585855550e-01,5.500524964211640500e-01,5.388618626269132683e-01,9.542000483145812728e-01,7.166234727940702376e-01,7.796570717925226379e-01,6.770256242896816046e-01,8.299744390852338283e-01,9.162406654441538345e-01,8.158118490373099663e-01,7.134913284572073078e-01,5.178836790125012079e-01,9.187334737305411503e-01,6.727216545349630206e-01,0.000000000000000000e+00,4.086479383689927136e-01,9.996150200059488178e-01,2.924494356335904932e-01,6.841435749743890460e-01,2.918673182406650302e-02,8.774572433988089282e-01,7.135088723375103692e-01,3.509164785323282132e-01,6.508990570167180190e-01,8.633148317624568246e-01,5.063504484540699568e-01,7.647114050044973022e-01,2.014573298536714296e-01,7.940443796393059639e-01,6.333871534334533093e-01,4.542554621766109468e-01,3.371583711098699032e-01,4.797990881528307883e-01,8.266961636662373270e-02,7.988276478135505343e-01,8.977422617636305890e-01,5.854277547301902640e-01,5.453839987148564328e-01,4.351119723017105034e-01,7.243814000406669784e-01,4.893310466433949957e-01,6.871797297171527985e-01,5.011547388917394485e-01,7.597982454256989593e-01,8.301746604087578696e-01,6.515536091678697517e-01,7.247971096982880335e-01,7.178453895587830758e-01,8.105479174158489730e-01,9.493654041760831719e-01,5.659482688472631251e-01,6.779648122692379930e-01,7.540235820526091093e-01,6.349938464248395809e-01,4.018753153457346183e-01,7.178508057072802151e-01,5.106029104561845555e-01,4.204741456690356260e-01,6.842701458870565911e-01,7.558356175021557766e-01,9.598113892110011758e-01,9.530929007731262503e-01,4.163564101469880985e-01,6.020591334074710810e-01,4.158764973993957503e-01,9.065514626005167775e-01,8.951340306408046565e-01,8.855604559093042116e-01,7.685553860234896062e-01,4.893383076756301908e-01,3.008015348954035106e-01,6.999728215721585656e-01,2.195882620469822855e-01,9.612176623993168301e-01,4.384013929303604007e-01,7.754273767859530542e-02,1.985770024311649395e-01,3.337876786483044422e-01,7.099150288111820695e-01,7.603076407509269385e-01,7.738302009209812038e-01,8.351667840845728996e-01
