0.000000000000000000e+00,9.490840557825933610e-01,7.594053336491783934e-01,8.397591549366638652e-01,9.902223037934547722e-01,9.232054072978412851e-01,9.756771336624772140e-01,8.785842328577979643e-01,4.199037771638162164e-01,8.964134038778628355e-01,6.859867474240829432e-01,5.281361299226030592e-01,9.996996831479323387e-01,9.106224430072739073e-01,8.506046625380989656e-01,5.389404636546799576e-01,9.099026059738948291e-01,9.111432588367628371e-01,8.968061409029363107e-01,8.849142570137925601e-01,6.306353724217483858e-01,8.553800043359957028e-01,6.595358634663321951e-01,8.973082444045517025e-01,9.487900548373467968e-01,5.469546902297800495e-01,9.724884269070106502e-01,9.701652523871296951e-01,4.963147463899189038e-01,6.086829843460302980e-01,1.473991824952213814e-01,6.804396889657680081e-01,9.469385672401695597e-01,7.814127107303666664e-01,4.296511946012081529e-01,6.478585125516554966e-01,3.234019112052795020e-01,5.404476562543745199e-01,9.770109226655636636e-01,9.060736932733638449e-01,3.849000689856267865e-01,7.567766837034124450e-01,8.715729320980550865e-01,6.942849889564268739e-01,7.124329964203219845e-01,8.274151216775255113e-01,9.778574586422827952e-01,8.258107296318935031e-01,6.871660499669183242e-01,1.115904428170632068e-01,7.795627238684273985e-01,4.402502458754755654e-01,9.889097195328241385e-01,8.112933525447256766e-01,6.318095011545473705e-01,8.914125570650570651e-01,6.384414486364713426e-01,9.398408795928147041e-01,8.508466168971009491e-01,4.026093849325085849e-01,5.180439317966907264e-01,8.629351559403583005e-01,8.535652660096322286e-01,8.207989549145379149e-01,8.014096351200494794e-01,6.105865418647732357e-01,5.463611223256077398e-01,3.687443833150727546e-01,9.968870065690791371e-01,7.902332100402706949e-01,7.122956794289214688e-01,7.060803201335325019e-01,6.527610254633391118e-02,2.329350939573695545e-01,7.016322778515343694e-01,8.700812572073817197e-01,9.908112442022580790e-01,4.697353265371994602e-01,7.644896176689880418e-01,2.549993452529475402e-01,8.966562797385404515e-01,7.970282566976334415e-01,6.189934530286005376e-01,2.228244028379024466e-01,8.724342728013685377e-01
9.490840557825933610e-01,0.000000000000000000e+00,2.638151166982866114e-01,8.483466631799174706e-01,6.423358135973393779e-01,3.097479753822419135e-01,7.482486469492635184e-01,2.700292259989891738e-02,3.221235205710904492e-01,8.776198146176220627e-01,9.202568513710454035e-01,6.601749263419679492e-01,8.203746907538754796e-01,8.117057588432027293e-01,3.335129537080681605e-01,2.272758401942011064e-01,2.093602572031747766e-01,1.923561121741302615e-01,3.497122274180654022e-01,4.836039227026951992e-01,8.319555577207788932e-01,8.534335681526216133e-01,8.518116131893680443e-01,8.906960084450700199e-01,6.154676501131498556e-01,4.230963652968441346e-01,6.770520209800674483e-01,9.475692947478323580e-01,9.537450018121675921e-01,8.217202570565305952e-02,2.094435973127781181e-01,7.180638825038794248e-01,4.047638421671223008e-01,6.018222018088540404e-01,2.764985711663348056e-01,7.784359728705235737e-01,7.312606948906473781e-01,5.534549729379536487e-01,9.659223663147318284e-01,9.359977308709618304e-01,3.881025308900393767e-01,4.024915647778114502e-01,8.459287976268456966e-01,2.778890050862450889e-01,5.170105550238363046e-01,7.346001791663151481e-01,9.092750313477094837e-01,7.675520455649720297e-01,5.035641087114487435e-01,7.979735960241961523e-01,5.308079693736938998e-01,7.709822790808331661e-01,3.469941264190000707e-01,8.228594663239721108e-01,5.111229958314408295e-01,8.740107758085510214e-01,5.948295195407208302e-01,3.042539619034065335e-01,7.988268182117393978e-01,4.555075284992281537e-01,4.212004256360553089e-01,5.062289847955908639e-01,5.194560568638705300e-01,8.354231741780406839e-01,9.180261388136666811e-01,5.428916226329163486e-01,6.714532714024952220e-01,6.727260125163764259e-01,9.105348718779512351e-01,7.413504655806901766e-01,9.865427597775775492e-01,8.160056478690571602e-01,3.408881712014991683e-01,5.845031600495520507e-01,5.207988082405966557e-01,8.883145032620138881e-01,7.830183538388538755e-01,-1.798269848040705554e-01,5.400697890107254429e-01,5.450335216984065756e-01,5.358642889766784823e-01,9.857712376983227553e-01,6.888960250072208025e-01,6.860908927462067153e-01,9.421916473186351393e-01
7.594053336491783934e-01,2.638151166982866114e-01,0.000000000000000000e+00,4.446322766670905424e-01,8.604167086957243971e-01,6.583999499849959580e-01,6.861240300705194750e-01,6.549484813977994868e-01,4.771753521308636503e-01,7.121460271520754226e-01,9.543232567426028767e-01,8.145205889742772598e-01,5.757746034600202956e-01,8.002269730749222987e-01,8.815245241180115210e-01,6.615468279114026240e-01,6.742459253080080872e-01,8.789922292113745428e-01,9.308555234990609772e-01,8.168845646805424909e-01,8.875207211310305322e-01,8.521776503469431496e-01,4.961643801149496213e-01,8.008030054948879206e-01,9.319329107190595929e-01,8.652111496657314271e-01,8.864071163904685413e-01,8.230571973405266251e-01,2.467401502068095609e-01,6.605889127473359990e-01,2.282539166273738762e-01,9.234824354195475538e-01,6.342808062263401991e-01,9.737227793878626692e-01,8.519572157069151830e-01,4.644578464976300558e-01,3.595070536225772329e-01,9.676003148368096385e-01,8.056420314151279127e-01,8.620149801494089159e-01,9.668243155831672819e-01,9.363131850096890751e-01,9.651071519795869635e-01,6.167066002583753148e-01,8.715147987364437743e-01,7.103324551788479102e-01,6.028146712093496173e-01,5.433969623371537327e-01,7.357700437281977646e-01,9.736365831820708028e-01,5.103225064702632263e-01,9.726979831903072027e-01,6.542369389541297098e-01,8.797123330335759883e-01,8.427971605403939900e-03,8.163822290068551979e-01,7.177508547364598313e-01,4.626325288053653173e-01,9.523079263593330346e-01,5.429185853995353028e-01,2.309395026354229274e-01,8.902414039144098679e-01,7.463027659072339892e-01,6.327662157869348158e-01,9.923422248851248018e-01,8.104450984730414698e-01,6.795921802829394398e-01,7.780867531310775576e-01,8.392954511007753027e-01,9.643083058628570958e-01,8.708987450889381643e-01,7.252836226345656945e-01,4.848076464897530524e-01,4.276215305842632763e-01,5.483082879946317156e-01,9.727050802541126195e-01,8.746283994484644886e-01,9.614049208497047472e-01,4.971922454117978507e-01,7.750323027101388984e-01,9.666792506171013599e-01,9.960553398942768588e-01,4.810026580920012673e-01,9.806618415254106935e-01,7.240157897335988135e-01
8.397591549366638652e-01,8.483466631799174706e-01,4.446322766670905424e-01,0.000000000000000000e+00,7.153723829264420075e-01,4.288955336026211707e-01,5.701339685430997228e-01,6.041560257522649025e-01,3.820313741939324603e-01,5.197597611566228126e-01,3.415948956027677896e-01,7.118167337993588362e-01,4.698987504987701125e-01,6.004610708274282782e-01,6.015336234373874769e-01,7.350068997610029742e-01,5.330059337162992295e-01,3.153340770112703084e-01,7.654873916923893296e-01,6.798623757296106129e-01,6.152772865754725373e-01,4.066737028070651072e-01,9.500865673875937834e-01,7.580815476369043848e-01,1.294894471365064248e-01,6.403231647055498410e-01,8.307302162609954133e-01,6.017349058367943426e-01,5.679802761635841524e-01,2.299669874260347746e-01,3.274403825807135210e-02,4.718063065605910822e-01,9.118148642318630870e-01,6.155536017366215473e-01,9.655904087382489731e-01,4.615228497944249830e-01,2.265861053889387522e-01,6.115866947950270305e-01,9.229827290721559496e-01,8.629706651024586783e-01,7.441758575478213400e-01,7.907389065869608880e-01,5.214991652281980583e-01,7.314712511875754997e-01,8.186599618160557146e-01,4.221869619420793862e-01,7.825350110899593759e-01,9.446333059213307681e-01,4.354578829652386296e-01,7.856912157809564645e-01,6.288425244057540553e-01,2.671371449384578670e-02,7.317406185701814669e-01,6.866161047936170103e-01,5.321657506379514624e-01,8.005970879020353204e-01,8.208741545156421626e-01,8.782354335437452253e-01,9.262695005401485604e-01,5.706971289932611935e-01,7.662804442913575542e-01,9.293858859733973299e-01,8.329835050128021612e-01,8.137911341882597682e-01,6.708431603947557775e-01,8.024231414757252434e-01,1.776543803424394663e-01,9.493767195976181572e-01,7.292280583976901154e-01,8.258750855656011858e-01,2.810459764717881948e-01,7.399251552794776643e-01,6.463169592764875793e-01,6.145796554569327337e-03,4.143491020591138496e-01,8.481022884988482780e-01,5.940982623940679330e-01,5.457157331053976712e-01,2.119656282739090236e-01,4.666848434553247937e-01,9.562678652598081142e-01,9.531801329259821376e-01,9.588361889008882866e-01,2.647314976462565861e-01,7.322588781683523340e-01
9.902223037934547722e-01,6.423358135973393779e-01,8.604167086957243971e-01,7.153723829264420075e-01,0.000000000000000000e+00,3.634895098286831105e-01,5.979260010155604821e-01,9.336724565663578890e-02,6.162059229758878320e-01,3.460370916017207477e-01,8.328031357428764547e-01,8.079509161308193743e-01,9.782937211390734245e-01,7.438682560064427962e-01,5.019659706136182509e-01,1.549240507490033114e-01,8.381406178274234398e-01,9.654212330778892959e-01,9.535525566100047090e-01,7.817922833101332847e-01,7.938647143479731216e-01,7.189630196674681173e-01,9.884506047258444505e-01,5.671966417458146337e-01,4.130455242698595208e-01,4.207243822798598654e-01,6.402683903249699604e-01,7.744982745757804654e-01,5.863160881287104997e-01,3.439801091374065090e-01,6.801479962905898624e-01,9.236408669333888710e-01,8.344546759123957491e-01,9.351440107467371421e-01,4.819592513608677575e-01,4.856568686840102567e-01,3.204394150276133196e-02,5.902835889244928413e-02,7.179661937679476802e-01,8.760978716842617864e-01,9.709494542357781643e-01,9.629547274432778137e-01,6.020318009764147327e-01,9.165590167250465825e-01,8.922727755104503666e-01,9.131673238414877991e-01,9.776788596835702672e-01,8.087235105684689174e-01,7.041077191973916793e-01,1.184054329735584887e-01,7.993553616412223395e-01,6.186661379507434333e-01,4.411951427906356527e-01,4.422748349291756309e-01,7.181260514136212914e-01,7.768112427395509334e-01,8.554243020695628807e-01,9.085191049236643890e-01,4.178758801391747046e-01,5.648233740240992118e-01,2.576715433908030248e-02,5.042372131528488621e-01,9.824046885385367966e-01,6.288208638569353637e-01,4.146062799979474134e-01,9.195455996442294389e-01,4.992565422073771408e-01,9.144492437777580474e-01,4.214678106335286722e-01,3.230646785890848305e-01,9.345448324199416845e-01,7.883850716742741849e-01,3.605272499267921926e-01,2.093678461968573878e-01,5.008687658143046173e-01,8.334153352886537469e-01,4.710283275733543329e-01,4.570048973896381206e-01,3.412515298703976407e-01,4.786719273468682534e-01,3.814927820381728285e-01,7.020976908075590162e-01,2.455236249764605402e-02,7.551869416157548365e-01,2.874735044067068812e-01
9.232054072978412851e-01,3.097479753822419135e-01,6.583999499849959580e-01,4.288955336026211707e-01,3.634895098286831105e-01,0.000000000000000000e+00,5.591149786378557529e-01,6.407760250240892574e-01,8.784111785199667510e-01,6.399749128982324953e-01,2.528185030027741420e-01,6.945814090912599825e-01,4.641158134882687469e-01,6.997413859661276714e-01,1.701173102329477382e-01,8.977595251010245248e-01,5.153075288671120635e-01,7.063501999218748661e-01,6.360538720279224068e-01,7.446325529613539995e-01,6.082304638140577646e-01,6.055097658452889275e-01,7.109400764421854868e-01,2.717160213313739581e-01,7.175936299813499009e-01,7.959883315674040061e-01,9.787404096719388713e-01,6.627021342635972534e-01,5.964948439302576455e-01,4.228435615498709055e-01,3.554138299873094153e-01,5.298988600042418007e-01,6.134271476383670318e-01,8.529824834388530785e-01,9.076078820630611999e-01,7.766545255912520318e-01,7.462783119240962160e-01,5.096331307188192161e-01,8.337612560052118926e-01,4.152839229105556029e-01,5.684278224030522297e-01,7.066295602830343636e-01,7.075243107921358465e-01,5.758361246717275117e-01,5.847067246922192929e-01,8.035740712567441824e-01,7.759628793856387929e-01,7.676596946855956949e-01,9.879562059707102106e-01,6.551927123638509043e-01,7.110151768614357826e-01,6.696993561377617699e-01,7.787645452070031116e-01,8.770158049744248840e-01,8.632104833782344722e-01,9.468509392431725402e-01,9.514885741348809711e-01,8.269882156247532201e-01,9.510079279603613767e-01,6.509078179006448917e-01,4.767869937142534820e-01,6.212087638757578523e-01,8.516857192956515110e-01,9.709279777010590973e-01,9.819080654528214991e-01,3.842632137964323569e-01,3.139473320195010353e-01,9.573947496919943401e-01,6.538863197088720103e-01,8.441778561477092380e-01,9.711969310600692129e-01,8.423865939474418640e-01,6.241908047773755408e-01,7.131112604320731796e-01,3.400125042920835172e-01,3.101986678399021313e-01,7.433624799647802206e-01,3.713092579203731702e-01,7.155361751361541955e-01,2.559376684432552174e-01,5.021452546148549301e-01,6.276768849544442919e-01,7.813822239743002385e-01,7.418354182315515244e-01,7.522185396488855202e-01
9.756771336624772140e-01,7.482486469492635184e-01,6.861240300705194750e-01,5.701339685430997228e-01,5.979260010155604821e-01,5.591149786378557529e-01,0.000000000000000000e+00,5.700172210951219842e-01,3.487342174699480379e-01,5.193013674132881397e-01,5.276323127983747474e-01,6.058565911467452825e-01,2.386510417042608245e-01,9.410464904813316267e-02,6.415276566096771438e-01,3.722630807765093808e-01,9.626890114526105435e-01,6.607148663643519493e-01,8.778039216195987482e-01,8.834511625061836071e-01,8.390542473103687060e-01,5.680815992941558035e-01,6.889279445686826708e-01,7.837824200383844975e-01,4.863351933811955741e-01,7.312035281874750270e-01,4.459556918390122915e-01,6.153627848882161633e-01,2.627074228736079875e-01,3.729826600623747934e-01,5.197895444795656017e-01,4.979514107044430982e-01,2.740542680302552325e-01,5.347056403709454786e-01,3.394289993049477427e-01,3.616111399884142652e-01,1.036453564751350642e-01,4.648057632892818591e-01,8.898518337489065289e-01,2.546630101628127307e-01,5.796869294043508480e-01,6.980285618830109895e-01,8.169768392469749507e-01,5.570832172716972952e-01,9.773503622159146476e-01,8.520399766697691613e-01,6.169348231096272173e-01,6.363919754611485624e-01,8.949174932495008727e-01,6.207339935204421177e-01,7.981516363918870205e-01,6.379216761993835583e-01,1.919390555243820906e-01,2.479603402052201200e-01,5.787535924073179405e-01,8.041963790077687468e-01,2.490876484678702929e-01,5.512777435393410030e-01,6.639616346529173541e-01,5.467893778541843552e-01,7.402500330416487140e-01,4.766724263901492287e-01,7.138905419403549502e-01,6.195703697179818503e-01,6.357447016333683809e-01,6.485202245210693883e-01,6.700267985530439230e-01,4.178948856861528505e-01,3.673401001051852521e-01,8.182730344960100766e-01,9.964689736228572459e-01,3.105982168877582383e-01,6.609974553906422523e-01,7.763327464600082717e-01,2.250858350401788166e-01,4.945372707959814762e-01,3.541728964966284199e-01,2.576481402330173531e-01,3.903812595023843368e-01,5.838787853443674347e-01,6.041573481004099966e-01,8.772277207049015146e-01,6.292756503504636223e-01,3.596493730381949416e-01,4.635356482904241515e-01
8.785842328577979643e-01,2.700292259989891738e-02,6.549484813977994868e-01,6.041560257522649025e-01,9.336724565663578890e-02,6.407760250240892574e-01,5.700172210951219842e-01,0.000000000000000000e+00,5.493879222025461750e-01,4.613702061737613991e-01,4.103147961373804220e-01,5.987445019327302109e-01,1.956793834635081053e-01,4.532229221111834239e-01,9.025370220274704369e-01,6.711286826680050721e-01,6.483291102282017215e-01,4.448366641918010678e-01,5.843439974416129168e-01,8.059843692040046248e-01,8.101737550218641726e-01,8.091899456588184103e-01,6.673519704423049870e-01,6.594677721026565020e-01,1.020872766714753105e-01,8.256943735689636910e-01,5.454207038098046745e-01,7.474719423940908714e-01,5.717191239139225445e-01,2.350017854120737548e-01,1.516432341678273232e-01,1.912310719495810551e-01,2.460815402922505446e-01,6.411602269058277459e-01,6.825569935844838509e-01,6.706482845777599344e-01,4.227788291701030654e-01,6.063142570127022513e-01,4.872810007547526689e-01,5.904452326314575394e-01,7.418949219967356790e-01,8.214252176560580265e-01,9.784670947417342113e-01,5.482560772212647926e-01,7.023414014312473475e-01,4.092510373045137873e-01,6.356665697204101351e-01,-1.472522696157484157e-01,4.502824784595224616e-01,4.076535961966675226e-01,5.833183747267938202e-01,6.098789411580768371e-01,7.256853626896793141e-01,5.267741082676864472e-01,5.815404095630135606e-01,6.456011237050471863e-01,5.568217383776143947e-01,1.062767131422423655e-01,8.055033456929094893e-01,2.118913149111498750e-01,4.137737920789258395e-01,7.739663478951023246e-01,5.701316008989281148e-01,9.499726122560545605e-01,9.427530624306937890e-01,4.677619747582927312e-01,5.199859597311105031e-01,7.695692857803695386e-01,6.869154937224182522e-02,2.950580564810867945e-01,1.071197183364006461e-01,4.322574070724174433e-01,4.001007066738064277e-01,6.643148676502619310e-01,5.385871930666777940e-01,6.932805426609016664e-01,7.037006978420780046e-01,7.288700811408156399e-01,2.693618214536365740e-01,5.942664980324134927e-01,5.157751995742565487e-01,9.782185742717318666e-01,8.248505513044734894e-01,4.837325515449428237e-01,7.408347066907665646e-01
4.199037771638162164e-01,3.221235205710904492e-01,4.771753521308636503e-01,3.820313741939324603e-01,6.162059229758878320e-01,8.784111785199667510e-01,3.487342174699480379e-01,5.493879222025461750e-01,0.000000000000000000e+00,5.616792855083672098e-01,6.005568834057480876e-01,9.187533529436417989e-01,6.570251354960457979e-01,9.341784628710062544e-01,8.839053103541616441e-01,1.295830235054959700e-01,5.117428037721917233e-01,7.107319890209334856e-01,7.433744508794297712e-01,7.878866499844521254e-01,9.567101739478274247e-01,6.287936241730800457e-01,4.093224328672275814e-01,9.940291447608528008e-01,6.186591850345526389e-01,6.028538455366897475e-01,7.386012493798187473e-01,7.619129533112336539e-01,6.381127201783801661e-01,4.095499286272225592e-01,6.211456705791806865e-02,3.053332279765936796e-01,9.924634753340175752e-01,8.203483782117313439e-01,5.255623725354576781e-01,4.037827200066502753e-01,4.189635363376906230e-01,7.299097683910747980e-01,8.445167428523900899e-01,8.219678630139369835e-01,3.070557091565939145e-01,6.469243485217267553e-01,4.048446320160449807e-01,8.114885769664013093e-01,9.756418243511439936e-01,7.488448755055436834e-01,8.013828277639923892e-01,6.972889399504361707e-01,5.931294826834032641e-01,8.503622225447649008e-01,6.003368199050355125e-01,4.112795372078216216e-01,8.721852782264444270e-01,4.282310552243373536e-02,6.928206261662475107e-01,8.880598062513667124e-01,7.518382355669581685e-01,1.293985759511734612e-01,5.498536243729666984e-01,4.666821228500390717e-01,4.380159276180695671e-01,8.267313262933806417e-01,2.651571589390873118e-01,4.734027047547919032e-01,7.485564870353620393e-01,7.507329246980875004e-01,5.087900378629746090e-01,9.980660236129175189e-01,6.860920368187022333e-01,3.999142982402280611e-01,6.786794859508635813e-01,6.852974944144729630e-01,7.314658934040391136e-01,4.281764464549540072e-01,5.446875378387444622e-01,8.440322826947403989e-01,9.814749445706871800e-01,6.268026587407967698e-01,6.802250626582844184e-01,4.749633171221591121e-01,8.188703908502434903e-01,9.315987237111339470e-01,7.935529163461106927e-01,4.516520421883802872e-01,5.513661720248045350e-01
8.964134038778628355e-01,8.776198146176220627e-01,7.121460271520754226e-01,5.197597611566228126e-01,3.460370916017207477e-01,6.399749128982324953e-01,5.193013674132881397e-01,4.613702061737613991e-01,5.616792855083672098e-01,0.000000000000000000e+00,7.078496137453078596e-01,5.847787724848807489e-01,6.188641850421906510e-01,5.170397960914999702e-01,9.693578945740918273e-01,5.515677105625680365e-01,7.905711387694462911e-01,6.116595105733946269e-01,9.071366327432067722e-01,8.314967867078429942e-01,7.034584256471740904e-01,4.115578374800142325e-01,8.431119789420543631e-01,5.965992564003304022e-01,6.588667058333398385e-01,8.389894420574154354e-01,9.712886580005675174e-01,7.071765396200682119e-01,2.605107221560444830e-01,7.565211745727753456e-01,3.933028974827270652e-01,4.597971081824553385e-01,7.401358540684668252e-01,9.308989190640775124e-01,8.285528172250531398e-01,6.822555941594457551e-02,2.888649739762801372e-01,1.280238120428435211e-01,9.225043554314612537e-01,7.591827173950514984e-01,4.654264783431685815e-01,9.236980724224702621e-01,6.113800564023443851e-01,6.990415849708054852e-01,5.651497343582044808e-01,8.294621263629975427e-01,7.598778055916690644e-01,8.309324328421390238e-01,3.095746322914951221e-01,6.507439784246860093e-01,7.593234711901363232e-01,4.257165317854140762e-01,7.590207241790362103e-01,6.100191147730776864e-01,9.099969476701511573e-01,8.632428400454168482e-01,4.126022726314403921e-01,8.050812850012605271e-01,6.111343690579111865e-01,5.746759257627012119e-01,3.942905580336142357e-01,1.649366882072933471e-01,6.007665492119163009e-01,8.295583384359077606e-01,9.178464041699324616e-01,7.458725900371094841e-01,7.890300198804532927e-01,7.043922764855706786e-01,4.202324326334382354e-01,7.944496869201753686e-01,8.998837246175176441e-01,7.445691452050275938e-01,3.683475196322240075e-01,5.511175655906661724e-02,4.881209123633839519e-01,6.594454540773903028e-01,2.969195600151056658e-01,2.568312198145638048e-01,1.997284687304757833e-01,-1.857132838154330334e-01,7.127335017482580026e-01,7.512827719695849282e-01,8.746887646921601700e-01,5.719135753090328622e-01,8.294159238026321823e-01
6.859867474240829432e-01,9.202568513710454035e-01,9.543232567426028767e-01,3.415948956027677896e-01,8.328031357428764547e-01,2.528185030027741420e-01,5.276323127983747474e-01,4.103147961373804220e-01,6.005568834057480876e-01,7.078496137453078596e-01,0.000000000000000000e+00,2.400095911755341649e-01,6.439781985532539998e-01,9.280330766921978114e-01,6.595007407419621881e-01,6.812781737463431408e-01,8.198355324491367613e-01,8.687122453176069348e-01,7.490737144032389994e-01,9.475955925644884426e-01,8.111652384669766347e-01,5.926192225616035980e-01,4.706348066120704110e-01,6.021574849761294201e-01,4.651707319442352495e-01,7.177033578065636910e-01,7.878924742225890121e-01,9.718619685227967153e-01,3.546303804268058912e-01,1.959514253790965999e-01,3.916900234009720316e-01,4.695220281426267239e-01,6.176458670964373177e-01,6.674316042353432010e-01,5.183384962818742281e-01,4.667602044952988694e-01,5.982245162797847904e-01,2.702801245407148722e-01,5.428790157590530630e-01,5.172546413687254541e-01,3.864406680345184864e-01,8.006525718765939992e-01,7.110931396101775048e-01,9.694873953874065808e-01,4.718986857917276123e-01,3.427123721644419474e-01,5.562432474729384069e-01,7.802711432364197730e-01,7.316285642834586822e-01,6.055099409041867498e-01,6.513248249786627309e-01,7.775497277978178357e-01,7.970948232017938118e-01,7.938599403521431341e-01,7.823744182475229625e-01,9.693049806956632874e-01,7.043246437250896275e-01,6.209145952036784211e-01,4.667033900647231670e-01,5.618378366461974638e-01,5.720653673323153887e-01,6.013206353169630036e-01,9.118557731180735315e-01,6.685431394772839431e-01,9.526037604393704505e-01,6.217782063430282724e-01,7.560415181628954429e-01,9.148817575803998015e-01,7.544098705162256557e-01,6.645898303003632268e-01,4.545590576616705403e-01,9.639549208134503555e-01,8.701268498499310500e-01,8.029214750373424581e-01,6.912203093078786997e-01,9.736041369971119019e-01,6.334818938451544090e-01,6.992018819038148258e-01,2.244189497011326861e-01,1.150325748643603457e-01,9.823727545719760368e-01,5.460638554482682983e-01,7.014936121053997331e-01,-3.016184763716154849e-01,9.047231567136556629e-01
5.281361299226030592e-01,6.601749263419679492e-01,8.145205889742772598e-01,7.118167337993588362e-01,8.079509161308193743e-01,6.945814090912599825e-01,6.058565911467452825e-01,5.987445019327302109e-01,9.187533529436417989e-01,5.847787724848807489e-01,2.400095911755341649e-01,0.000000000000000000e+00,7.825521707298559448e-01,1.469250523557462385e-01,7.780628561711084856e-01,2.495470585691072496e-01,-7.636635372821289069e-02,6.275462108874318989e-01,8.523772292949339802e-01,9.081892056634941479e-01,8.185318091514545147e-01,5.546504602169949338e-01,8.803745389676924660e-01,6.394789377710718981e-01,5.238730971374061518e-01,6.871597933915367662e-01,8.763493699121704950e-01,5.673363906591086803e-01,6.257812585420186036e-01,2.219654710578240764e-01,2.430003289215812712e-01,8.471364201478155387e-01,6.185466869290815461e-01,7.435046259145334790e-01,6.380635843603246204e-01,5.352204606357147121e-01,3.795295507668400847e-01,6.806761907211675844e-01,8.593399601856401837e-01,7.015221590352126169e-02,3.788079179171308791e-02,4.778003376203661112e-01,7.167901362909931962e-01,2.415354431689362424e-01,7.717615341207980650e-01,6.944874064952947235e-01,6.987711839442450890e-01,5.457658174341017965e-01,6.581334794814079903e-01,7.832918242258665176e-01,3.140443997504676066e-01,-8.660551937170524184e-02,7.685289370031440637e-01,8.781783101552906867e-01,7.263612173301645658e-01,7.366833550843288059e-01,7.609519511503803901e-01,9.409746861360210879e-01,8.014287534345878594e-01,4.553150281998295523e-01,6.927081692497583099e-01,6.235279012395401610e-01,9.630706551490075817e-01,8.932499344656947837e-01,4.925009870230405706e-01,6.637417579104913923e-01,4.764209049513463134e-01,8.136255171538563369e-01,1.736743151023900644e-03,7.988301728158292425e-01,8.448220144174590773e-01,9.975684443929579981e-01,7.405775438556191359e-01,5.976955192351485376e-03,7.216784919172355428e-01,7.474395293103510696e-01,8.781536826847066157e-01,7.137609472782975306e-01,5.832305758258060809e-03,-1.288847323841406656e-01,4.162353974353241171e-01,9.579651311211381248e-01,7.334050546054008413e-01,1.198216980371294149e-01,7.722489510960655057e-01
9.996996831479323387e-01,8.203746907538754796e-01,5.757746034600202956e-01,4.698987504987701125e-01,9.782937211390734245e-01,4.641158134882687469e-01,2.386510417042608245e-01,1.956793834635081053e-01,6.570251354960457979e-01,6.188641850421906510e-01,6.439781985532539998e-01,7.825521707298559448e-01,0.000000000000000000e+00,6.456839686784300314e-01,9.265418050754455903e-01,9.073222682993676846e-01,8.338590226651029225e-01,7.816615762837975101e-01,7.005669166097823197e-01,8.371892379920602423e-01,8.911666391699807344e-01,5.096301685541301252e-01,9.662946360590862760e-01,9.960830511570444301e-01,6.318247757533304032e-01,9.387909348319922742e-01,9.584602846214335115e-01,5.829590795380381607e-01,7.874563530758864616e-01,6.922586845468803318e-01,5.859773886580046387e-01,3.268342498307301724e-01,9.165677232976373601e-01,8.411874044356804081e-01,9.671834052877361643e-01,6.652641136870038885e-01,5.786246591218596053e-02,8.359821916640155504e-01,8.736824602758668235e-01,5.660330589923757705e-01,4.167946462922029194e-01,8.219498602577738344e-01,6.509881220248101563e-01,9.298125507867233130e-02,8.341823760621737138e-01,8.667544595442546740e-01,9.005486494523693430e-01,8.557962875518255741e-01,8.854100070503211350e-01,4.032900493139343623e-01,7.954622304301366409e-01,7.383510291631120159e-01,9.990079829763859331e-01,9.347058669383864205e-01,5.777105729769328457e-01,6.492826907843076700e-01,7.282027767187890799e-01,6.191131340012693274e-01,9.295677107807989170e-01,3.471301483108947261e-01,3.552815712742554144e-01,7.707953383573012962e-01,9.447975011670448620e-01,9.339811661634010997e-01,7.683066112092895583e-01,7.692919287848729581e-01,6.854349369628790489e-01,9.161642785142749545e-01,4.776132946666348245e-01,4.571890496107134383e-01,6.421750827114290905e-01,5.050185104344363518e-01,6.655899758824161960e-01,4.978363325248258420e-01,5.060845027103161309e-01,9.895649148965894870e-01,8.559480971683841588e-01,9.302921784824575990e-01,5.872081056551101685e-01,-4.921453511217141474e-02,7.183954932981697628e-01,8.259547145505649057e-01,8.920150272446453199e-01,2.372788925329573917e-01,8.186562009852469401e-01
9.106224430072739073e-01,8.117057588432027293e-01,8.002269730749222987e-01,6.004610708274282782e-01,7.438682560064427962e-01,6.997413859661276714e-01,9.410464904813316267e-02,4.532229221111834239e-01,9.341784628710062544e-01,5.170397960914999702e-01,9.280330766921978114e-01,1.469250523557462385e-01,6.456839686784300314e-01,0.000000000000000000e+00,7.439513754647292254e-01,5.937797029030990048e-01,7.369490988226894412e-01,5.673437375277249339e-01,7.949899797086675823e-01,8.454793106092697297e-01,6.939860162953646050e-01,9.473645836473021387e-01,9.286217610659979194e-01,6.091776788224313455e-01,5.644980420844931679e-01,6.852811238727433141e-01,4.530766876902209694e-01,6.735715326919053947e-01,7.526344465730800959e-01,6.126987348228067898e-01,2.077027602531524297e-01,4.144424690949906065e-01,9.224815240079763390e-01,7.186011583855621554e-01,7.333443518880793377e-01,4.479316153593754235e-01,1.733329217369461439e-01,6.999345237616123594e-01,5.010220646487555385e-01,5.666082160176411087e-01,3.679179796241148215e-01,2.387678965258300257e-01,3.757003777393343458e-01,9.933029103864854381e-01,6.503476213481145241e-01,4.653573435674246972e-01,7.463383716491306386e-01,6.147798429907195272e-01,7.068675793934937612e-01,4.620657479296944592e-01,6.775386509334913043e-01,6.038637021656043657e-01,6.980979392851804910e-01,4.324475085649454043e-01,8.215095927507010121e-02,9.466352389134213841e-01,3.539157468852899835e-01,4.977655448398052296e-01,6.980873756712169254e-01,5.511661357268554662e-01,5.842705291134222545e-01,8.861856822450773219e-01,5.116276931821156504e-01,4.879811301333142892e-01,8.853787023006476353e-01,7.769590250169469137e-01,7.046039445446760086e-01,9.935030903954856774e-01,6.307027843336746598e-01,6.380978749483836587e-01,8.283111475339862695e-01,9.080456693115805944e-01,3.860405124980468283e-01,6.360204269487925721e-01,2.719846539847064482e-01,4.610602937947486657e-01,6.338218079174260389e-01,7.748922509912502532e-01,3.527963852720250593e-01,3.653260213030230519e-01,2.371487479929441089e-01,9.407424566198532290e-01,8.221346668014393178e-01,1.175638280844358008e-01,8.074146565061105507e-01
8.506046625380989656e-01,3.335129537080681605e-01,8.815245241180115210e-01,6.015336234373874769e-01,5.019659706136182509e-01,1.701173102329477382e-01,6.415276566096771438e-01,9.025370220274704369e-01,8.839053103541616441e-01,9.693578945740918273e-01,6.595007407419621881e-01,7.780628561711084856e-01,9.265418050754455903e-01,7.439513754647292254e-01,0.000000000000000000e+00,4.649426245537283675e-01,8.053374299949157544e-01,9.841235420418279478e-01,7.386380604750263368e-01,8.115524715737099104e-01,6.800311697086883767e-01,4.203269449606699126e-01,4.970644174558668804e-01,5.584569776936723073e-01,7.436364475399290797e-01,6.802576981930371636e-01,9.904493070023345780e-01,4.921536145245933858e-01,4.910714639521248093e-01,6.384161518170660132e-01,5.367207853421717134e-01,3.849697268306195852e-01,7.787590255321921173e-01,6.111848873323365572e-01,3.341218565903255611e-01,4.796163987936676865e-01,1.499665337710034962e-01,8.783531435161767709e-01,9.291309372227630758e-01,8.765071212456272409e-01,4.381396082742878839e-01,9.284148699456364895e-01,9.005131567135356008e-01,7.301999596570845075e-01,9.938875562179489975e-01,6.234767217744479062e-01,8.677108725781952359e-01,7.639673162902459458e-01,9.994353036277225932e-01,8.298122673704010355e-01,6.972736763872522392e-01,5.066764552227208673e-01,6.551451838121519211e-01,6.978369908878104821e-01,8.327438649557841188e-01,7.070373946968649959e-01,7.906035864541093305e-01,6.010268744014616304e-01,9.475864174712216315e-01,4.529941728793695499e-01,5.726916705634815807e-01,5.051968228077379219e-01,3.844170722412605379e-01,9.878988121252759713e-01,6.107997178519003478e-01,5.921887790457096568e-01,4.876025920890273424e-01,6.917970063827969529e-01,5.263531925909262776e-01,7.946364796790117424e-01,9.760245367052629017e-01,7.118301945871556846e-01,4.275189208754628378e-01,9.801434945138943755e-01,3.733532540234706376e-01,3.466287814549352531e-01,9.736493521599876022e-01,6.732135769725708929e-01,4.764751829064794442e-01,4.214247848112155359e-01,8.243824325846548229e-01,8.367530597996726272e-01,3.589231056151720445e-01,4.294542433671033610e-01,5.848648893593961784e-01
5.389404636546799576e-01,2.272758401942011064e-01,6.615468279114026240e-01,7.350068997610029742e-01,1.549240507490033114e-01,8.977595251010245248e-01,3.722630807765093808e-01,6.711286826680050721e-01,1.295830235054959700e-01,5.515677105625680365e-01,6.812781737463431408e-01,2.495470585691072496e-01,9.073222682993676846e-01,5.937797029030990048e-01,4.649426245537283675e-01,0.000000000000000000e+00,2.737783497382588749e-01,9.091178185481021412e-01,8.554206873131294797e-01,8.614821131378542773e-01,7.925736886443932594e-01,3.567337737507584317e-01,5.405267386359335902e-01,9.734757539754328448e-01,7.839627776371874690e-01,8.381233001094223756e-01,7.383934231691452466e-01,6.046758300996447622e-01,2.761161611536703253e-01,6.116706860125786793e-01,1.766984856124315661e-01,9.479922580710724578e-01,7.494344934715218010e-01,7.961422484018949586e-01,6.972711108834175331e-01,4.295501469087850688e-01,6.730441330171053060e-01,6.318175190486744475e-01,8.922467992015009619e-01,9.933482829621569365e-01,4.510530944523429286e-01,2.448792151211695856e-01,9.486988843509505109e-01,6.008344752740766292e-01,6.807395162578577796e-01,6.964228458762601326e-01,6.730241480192777903e-01,9.767687866720553558e-01,9.760387653986040135e-01,6.923747677078918583e-01,3.104597820215090898e-01,9.104507894871091134e-01,6.603663281202423185e-01,6.346926326275235120e-01,8.813315821229190661e-01,4.575819501270568801e-01,8.241813714912101796e-01,4.355422895019263052e-01,9.657321722833120958e-01,6.736159333285104411e-01,5.020049353750224430e-01,8.393756978875992480e-01,6.662702445632329162e-01,8.064514932030779626e-01,9.092252730198548960e-01,7.065647501592599022e-01,6.841358867892335383e-01,9.735481843898807774e-01,9.002918146274639932e-01,8.512325851877012850e-01,3.225364700175792354e-01,8.642298611547767351e-01,5.212518039993432328e-01,5.086795151033264295e-01,8.733500069803181720e-01,6.375558036212665147e-01,7.258613706049897862e-01,6.381901355512814566e-01,3.362292011198230179e-01,7.917330316574808791e-01,6.927270007806957119e-01,5.142634660157227033e-01,9.495016423722945076e-01,4.917739962950752330e-01,7.791355304826453887e-01
9.099026059738948291e-01,2.093602572031747766e-01,6.742459253080080872e-01,5.330059337162992295e-01,8.381406178274234398e-01,5.153075288671120635e-01,9.626890114526105435e-01,6.483291102282017215e-01,5.117428037721917233e-01,7.905711387694462911e-01,8.198355324491367613e-01,-7.636635372821289069e-02,8.338590226651029225e-01,7.369490988226894412e-01,8.053374299949157544e-01,2.737783497382588749e-01,0.000000000000000000e+00,6.447282902370506941e-01,6.973817415538512421e-01,7.990879598499605052e-01,7.438550531697659673e-01,7.932785410305778218e-01,6.561628710289318933e-01,8.246618492984459925e-01,3.237064354701941760e-01,6.618904893579663495e-01,4.009460406150111011e-01,4.658133862692204197e-01,6.282844549548131097e-01,7.226898380657488241e-01,3.858328004256957322e-01,5.499797671118215048e-01,8.584621130518921284e-01,7.721531013830642554e-01,9.926017131816691208e-01,5.570092774427380933e-01,3.427714824361504098e-01,2.317876022606681352e-01,9.059565796376867208e-01,8.267637688612061719e-01,4.313827860351992505e-01,5.264775414773918971e-01,4.684018818035514120e-01,8.939233889316798853e-01,9.895769244829897282e-01,3.016806793753769034e-01,8.512407223634078646e-01,4.660723704567538150e-01,6.878403976519376073e-01,9.880764800415671179e-01,8.191876453113218215e-01,8.431785295132234737e-01,9.564014804434208816e-01,9.638969075750013493e-01,2.703979769531323907e-01,6.431665213539996540e-01,6.504800791372420399e-01,3.391936559005230833e-01,7.985599488377953525e-01,2.116260021418773785e-01,2.888868820503380230e-01,5.199159585538351003e-01,8.538526190289503770e-01,6.238005534023493004e-01,8.479869693082587867e-01,9.786851630500819077e-01,2.187486534648547254e-01,8.111494852228182673e-01,7.609712765426338565e-01,8.721980739143364580e-01,1.365323120981377092e-01,7.177054081319591550e-01,7.214064452259282278e-01,4.995754653661957922e-01,9.994109200038390206e-01,6.853141374808845443e-01,6.535604995086159441e-01,5.410025767378181527e-01,6.863518664596597318e-01,4.737332224403970060e-01,8.548680314777101774e-01,5.840835396737671381e-01,8.026831436969169564e-01,5.379139141436887206e-01,7.375233888185279696e-01
9.111432588367628371e-01,1.923561121741302615e-01,8.789922292113745428e-01,3.153340770112703084e-01,9.654212330778892959e-01,7.063501999218748661e-01,6.607148663643519493e-01,4.448366641918010678e-01,7.107319890209334856e-01,6.116595105733946269e-01,8.687122453176069348e-01,6.275462108874318989e-01,7.816615762837975101e-01,5.673437375277249339e-01,9.841235420418279478e-01,9.091178185481021412e-01,6.447282902370506941e-01,0.000000000000000000e+00,4.888152119176381039e-01,5.159717951789659640e-01,6.101623027497988794e-01,7.779083397946847667e-01,5.201862101264246308e-01,8.430718485398299711e-01,6.201328879357397295e-01,2.633498699339772431e-01,6.233540851565446683e-01,7.676303210236321561e-01,4.307413526624517264e-01,4.535349502518284948e-01,7.079009507617531893e-01,1.763170360191664843e-01,5.919118850883311467e-01,5.728035472589475541e-01,6.257501334787441971e-01,6.241242297709806985e-01,2.173888167442618591e-01,4.120652184793121009e-01,6.923704359870687108e-01,8.641301546829425195e-01,4.601815338555136914e-01,3.236828627877118558e-01,8.573094575498785286e-01,8.506116581134298693e-01,8.667319194276361660e-01,8.702829907753402150e-01,1.754466042124110947e-01,9.126712121594359184e-01,4.806709663372791819e-01,7.886367706632635421e-01,5.172017105071994303e-01,3.043809899543532538e-01,7.085387877516288180e-01,7.022593574027511387e-01,4.841356654840005547e-01,8.653827554152095924e-01,6.486697495683426684e-01,5.623680288312020714e-01,9.827487087929881460e-01,6.665365865146525293e-01,7.100554791332818194e-01,8.470484138807973240e-01,8.860926333255479959e-01,9.189826808951226944e-01,9.259535877353557431e-01,7.717229115869792544e-01,8.071106111862058619e-01,9.107284263526861379e-01,2.332140172619725713e-02,5.685174701281276999e-01,7.799148085211645709e-01,8.475756666502877179e-01,6.379064277104675718e-01,3.074648790437307100e-01,7.813295588236868205e-01,7.239714747899086422e-01,6.298966008490849422e-01,6.917387273191909491e-01,4.510546497616547135e-01,6.317670771181291833e-01,6.568271939223130351e-01,8.114193510015944577e-01,8.252085149421661825e-01,4.935690962557043315e-01,2.716975731582174092e-01
