0.000000000000000000e+00,9.290749156422228872e-01,8.340645811300958501e-01,5.800109751733761865e-01,4.043209022377517448e-01,4.447080413916805752e-01,9.480538408881836743e-01,5.815748235808854139e-01,9.855828277700360296e-01,5.047006851846888020e-01,5.864979427444413362e-01,8.134958413598806226e-01,7.201345459304855368e-01,9.751979305354474548e-01,6.137368539701680836e-01,7.638773418595732334e-01,8.313913507851717899e-01,9.436507262164870458e-01,1.624439132013770840e-02,9.601997177809609152e-01,9.105338155814520773e-01,5.288809431670049577e-01,7.402841639218031844e-01,4.032649773052913722e-01,6.783160151193186049e-01,-1.818446963045778630e-01,8.708677913888008826e-01,8.135852053029931641e-01,6.346280053811426125e-01,6.531317306474426765e-01,5.124671511238105825e-01,9.637332493986583426e-01,6.126000321466058551e-01,7.062109043242761341e-01,8.586496827685283773e-01,7.758511260266117704e-01,2.687230744446920117e-01,6.028246795794699464e-01,6.567587327787725027e-01,6.229788106122310376e-01,4.374013237079524830e-01,8.499624308404564177e-01,9.666185534339181151e-01,8.690693735690020461e-01,7.431147159472227814e-01,3.265835349682597588e-01,6.798604851886689282e-01,7.478605748135384035e-01,4.188638539941558769e-01,5.567078640402783885e-01,8.056425714222854584e-01,8.386838472088888885e-01,6.709674966302415777e-01,7.021272993699433362e-01,9.055832490449187144e-01,9.774581157791173425e-01,9.848898961118832673e-01,5.490000751751031860e-01,9.293587660515942872e-01,6.092729824796108140e-01,4.822014739870073563e-01,8.998658097490291885e-01,4.711881284932369907e-01,6.802341608903718084e-01,8.039314924111595762e-01,9.668813400197684427e-01,9.574557900408875444e-01,6.422995392719832441e-01,6.421153466610803884e-01,6.913796983701825383e-01,6.859848979203803099e-01,9.577218174879010837e-01,2.149215949817237514e-01,4.173905390828413497e-01,6.982534193159716240e-01,9.392997560131202128e-01,9.648825554796931492e-01,8.941271068065176353e-01,2.890802035447120888e-01,3.311197904753654386e-01,9.054392434319251670e-01,6.740621076621357011e-01,7.093045872190892887e-01,5.188554575727440943e-01,8.768090984240889396e-01
9.290749156422228872e-01,0.000000000000000000e+00,9.391536695103810395e-01,6.702012565422339474e-01,5.962100565745713787e-01,9.465580315437409631e-01,2.307849811029818454e-01,7.154981235282361629e-01,4.579606500823568127e-01,5.685169641029153009e-01,8.590198724912418982e-01,9.523678662839362152e-01,6.411326510335995099e-01,5.874412190551082658e-01,9.171679363689317910e-01,5.766895641896658820e-01,3.446318439079573137e-01,6.309021106529131284e-01,7.275773073648915679e-01,2.902509488333034904e-01,9.732898555005286001e-01,8.729002466075246325e-01,7.027354266569036945e-01,7.672219883415450914e-01,5.078407996040665839e-01,7.553317833749857435e-01,9.374359668733209805e-01,6.781890901979948927e-01,5.602388000809869206e-01,8.429237588794860070e-01,3.454924328876967099e-01,2.177521129507074271e-01,8.159781557609867564e-01,6.777120183684882671e-01,6.006542788295926583e-01,5.398599274891470179e-01,7.639695077419598190e-01,6.103761285903064326e-01,7.728350150676612795e-01,4.902555044376519233e-01,3.663669546031743662e-01,7.635906091416712060e-01,6.398071070119739634e-01,8.703308883331566381e-01,8.338609554520096667e-01,9.114284152240366144e-01,9.863229949046711242e-01,9.825680550198772067e-01,2.389035056747587371e-01,7.059697579478623197e-01,5.750000731382332031e-01,9.297984918923796194e-01,4.299596818589861980e-01,9.917587031059984515e-01,4.211486291776748159e-01,4.805494621677030009e-01,1.402340787209456208e-01,7.708917289789344318e-01,9.666976973198581069e-01,4.960929480268055913e-01,4.227427455411365831e-02,9.039847579351832918e-01,6.462862560843709581e-01,9.788997476737586467e-01,2.427750378603558135e-01,8.378565724153649308e-01,8.200022854357599256e-01,9.834224921372248795e-01,3.099772318110782243e-01,9.590320330065195131e-01,9.080822635143825927e-01,3.473421167444777913e-01,5.146089959839104111e-01,4.953079866301295375e-01,3.402937829122023583e-01,7.049593585693180176e-01,7.267268510590916275e-01,6.343852390944652031e-01,5.052413131947347535e-01,4.887021358489669343e-01,6.968251778347247516e-01,8.061216735570003733e-01,9.226869431945410316e-01,6.787322429695853421e-01,6.824859851330160598e-01
8.340645811300958501e-01,9.391536695103810395e-01,0.000000000000000000e+00,2.243840127539249163e-01,8.553727124977579255e-01,6.854623129905701440e-01,5.308413938883712602e-01,8.483076099683536375e-01,6.665906092091773427e-01,8.871083859048316533e-01,4.376736477446822593e-01,6.671661502209483841e-01,8.375763783289328357e-01,6.407743300918805618e-01,9.175660748137427491e-01,9.872467800837506635e-01,7.024865131099494731e-01,8.006440699275158002e-01,8.467165538461859375e-01,2.134918584687346965e-01,3.640272260397646731e-01,9.521547403386769748e-01,8.265150767945959043e-01,7.535829821726059974e-01,7.601295004922365983e-01,8.541098911172277930e-01,8.293965458360836873e-01,7.436344873226546914e-01,3.814200817636546059e-01,4.827310496561276754e-01,5.160896138997297378e-01,7.727248507138857470e-01,4.837050531428109812e-01,8.965013426320642687e-01,5.217152786118123275e-01,7.871603271196860874e-01,3.934428639763450919e-01,7.885456878318162222e-01,7.227855054090640552e-01,6.681961170094832259e-01,4.941706578902910763e-01,5.575689747269292340e-01,6.450573758519122514e-01,5.671113581616133992e-01,7.822212138558225503e-01,6.812738507475364358e-01,7.608959711703056723e-04,6.468405218602371054e-01,6.737108934879264543e-01,7.469762503187326041e-01,7.987005007827585601e-01,8.836816882938204332e-01,9.068637001322944480e-01,6.573037217790382858e-01,9.341083061986852343e-01,9.432510151877239180e-01,2.178668195719253853e-01,9.637342732136677803e-01,9.504125377024945642e-01,5.476190184994329524e-01,2.459470108160835000e-01,9.189584198297933160e-01,8.348197132723358949e-02,4.916239405857855682e-01,6.599785587513203877e-01,-1.877966432827996301e-01,6.284334241274098787e-01,7.822030345983216337e-01,5.163816071221407622e-01,5.706568903906965584e-01,9.941444526333261811e-01,7.379263127269852784e-01,5.239499512922874969e-01,4.081496400026822791e-01,6.903131709443007802e-01,6.918088244815125964e-01,5.917415885943184684e-01,4.683137313714683669e-01,6.855492253202351005e-01,7.351090585529495014e-01,6.875325108894269066e-01,8.835309398998534292e-01,6.706191805109432691e-01,9.591904789241962881e-01,9.241628983796462693e-01
5.800109751733761865e-01,6.702012565422339474e-01,2.243840127539249163e-01,0.000000000000000000e+00,6.112199577120575045e-01,6.841854073347487519e-01,3.826234368106253836e-01,4.746877769969827243e-01,9.879506180069977939e-01,7.921429321166374438e-01,2.924858148620004261e-01,6.896786312067586522e-01,7.801079541845001852e-01,9.884423618442570447e-01,9.015258736563787068e-01,7.830592646619956021e-01,7.421184957032103124e-01,9.120072067286716377e-01,9.962008705608913495e-01,8.511159238278994676e-01,9.065661083597935654e-01,6.660316104435093365e-01,9.910797426705316715e-01,8.091800289643682476e-01,5.694610075892556633e-01,5.171174987376034871e-01,8.227615625312163505e-01,7.117261122639872983e-01,5.749963984278105844e-01,6.116635077042282820e-01,2.100987605780683665e-01,4.311452965184100483e-01,7.880456816130351205e-01,8.435059885517819378e-01,6.442398071221229205e-01,5.991297545190465978e-01,5.769045607958958044e-01,3.502299561323566901e-01,5.211455008368797159e-01,6.453608051020107705e-01,1.939608178026741570e-02,9.753699016361082608e-01,5.352970471326328195e-01,7.267968185279738424e-01,9.912139430657755934e-01,6.853267570880134940e-01,9.417495398296044096e-01,7.504967644187572340e-01,6.912582075605380183e-01,7.728356570428326355e-01,2.598539809243186061e-01,9.952306248549926959e-01,8.598203298556333918e-01,7.841855782088971161e-01,6.743877288992281560e-01,9.856321580550914119e-01,6.125797260316833137e-01,7.059841512501490168e-01,6.008336286404546422e-01,6.148384847822575550e-01,2.926808450114921634e-01,4.266144896190999791e-01,6.980587534931159688e-01,7.904975850802129500e-01,9.156652345043740926e-01,8.250924997686523987e-01,6.537702943098133712e-01,8.301481033404858323e-01,3.667847382297554359e-01,9.709891848523610758e-01,4.244504432458840459e-01,5.220232414895787931e-01,6.062055458324305812e-01,1.783219438467628093e-01,5.405226215549934210e-01,6.728849353252137622e-01,9.369152625118334354e-01,7.226328894863389696e-01,3.622693794620797658e-01,2.578416630063025683e-01,7.317284006723521195e-01,7.124228789532697226e-01,9.051441136138362875e-01,5.799836503083203310e-01,7.147306167927228726e-01
4.043209022377517448e-01,5.962100565745713787e-01,8.553727124977579255e-01,6.112199577120575045e-01,0.000000000000000000e+00,9.134547964442428780e-01,7.957808677795688013e-01,4.763605856355627166e-01,3.110291224301347524e-01,5.510429155824307923e-01,1.367854966993543586e-01,8.007016486177754855e-01,7.307871862241891447e-01,9.008489422453827000e-01,5.203584589835593688e-01,6.531543710999286878e-01,9.745584024862492534e-01,9.984273734922914922e-01,4.561712564478145326e-01,8.243534308510065411e-01,7.090963995983730062e-01,3.589906494871303311e-01,9.961612395932486486e-01,7.239967967070216615e-01,9.599336588814449955e-01,9.731475873581906244e-01,7.838872863714717587e-01,8.396414252564796676e-01,4.985678069725288375e-01,7.737896077626476021e-01,4.658329001885768705e-01,7.171531318752171202e-01,6.004605190987092334e-01,9.018528304536425066e-01,6.594308128558002968e-01,6.636659920780276778e-01,1.494357453689089954e-01,7.177070394449172053e-01,9.530777910230618932e-01,9.503492396624020344e-01,6.709523592006159110e-01,6.804351111638660132e-01,6.363383037254288777e-01,7.002756297420458242e-01,4.758574408025083025e-01,9.993282986793692313e-01,6.431012914281734050e-01,9.013331244470942361e-01,8.353751289271950098e-01,5.968649324305881354e-01,7.702949674250764156e-02,8.295761531824369373e-01,-7.833353760070310701e-02,7.378500476817743126e-01,6.798569572903232494e-01,2.641923679485051468e-01,-7.783908320079274690e-02,1.451610242570776088e-01,2.103355744803541150e-01,6.535951277097402645e-01,7.083447276706267802e-03,7.582268809340646509e-01,8.399578294445630977e-01,9.269580890442731258e-01,9.594707141458392874e-01,8.621121555896006372e-01,7.619103782786489365e-01,7.479672941127640806e-01,1.675330819207477839e-01,9.584999990934723879e-01,4.254143206621296414e-01,2.169559740874090203e-01,4.314540635003606406e-01,2.848191862971249932e-01,4.736150602324143977e-01,9.976655855875614654e-01,6.326606596764612345e-01,7.395480832230519885e-01,3.729140543022546606e-01,4.638772599969648303e-01,6.096308199627052948e-01,7.456540233616197888e-01,8.277800700711746007e-01,2.399455208617526925e-01,9.584610352974503034e-01
4.447080413916805752e-01,9.465580315437409631e-01,6.854623129905701440e-01,6.841854073347487519e-01,9.134547964442428780e-01,0.000000000000000000e+00,4.798128770513201413e-01,5.985719295686457997e-01,6.591209878436015135e-01,9.241570708217025087e-01,9.044234370273052104e-01,7.554806540328188325e-01,8.394287604241819079e-01,9.241527923090198104e-01,8.245908243858335318e-01,6.291438386655651138e-01,9.115976065552595653e-01,8.001556783349942359e-01,7.339576253811905815e-01,8.407794980248836092e-01,6.048950811112623338e-01,7.117986609328492698e-01,5.146125469540542285e-01,9.706579774101493641e-01,4.366390399066060746e-01,6.866065203711166909e-01,4.011157930813009087e-01,3.848288084903683792e-02,5.788150570782306659e-01,4.536073287042939328e-01,2.498456447813586778e-01,5.612773548024240222e-01,8.411071045806766122e-01,6.008102507903615441e-01,7.187222042964817037e-01,2.193903502691416652e-01,6.483877228756159683e-01,5.255181478318546873e-01,9.247214238267948971e-01,6.359163659969079285e-01,6.480019078665527621e-01,4.136430702957442085e-01,7.701605947395793184e-01,6.727880432288815271e-01,9.257884137692075077e-01,9.729075070582559048e-01,4.608364404413310966e-01,9.167277490391350092e-01,7.391709226693916612e-01,9.525204118440127043e-01,7.616531469921852260e-01,8.414734592786387024e-01,7.778964131153709438e-01,8.413345281629682759e-01,9.927932458882984257e-01,8.956254529909191131e-01,5.566274671773709937e-01,6.160018494091481500e-01,8.614200383191085164e-01,7.853297767281217645e-01,2.610761458085337772e-01,3.940345480390611277e-01,5.452879436307750405e-01,5.148462096483941153e-01,3.886155327998975784e-01,4.900998744850555977e-01,7.203737811807904290e-01,9.475875416483189317e-01,8.819486122088132651e-01,8.233062341408291518e-01,8.801469782556745614e-01,4.638932079945408127e-01,5.045479213698594867e-01,9.528030839308819777e-01,8.613716649817990678e-01,4.827854117932220968e-01,8.709438736870360742e-01,4.520217237937060317e-01,6.575416901595310115e-02,2.731895981083274916e-01,7.710228250292066043e-01,9.802304391986234045e-01,6.984920331675189553e-01,4.843952441810254750e-01,8.723829470062222091e-01
9.480538408881836743e-01,2.307849811029818454e-01,5.308413938883712602e-01,3.826234368106253836e-01,7.957808677795688013e-01,4.798128770513201413e-01,0.000000000000000000e+00,2.998267597168285947e-01,6.637760785883591863e-01,7.368926558672463933e-01,6.617382806770362169e-01,2.226624835366038946e-01,6.811106340870327625e-01,5.726057836755480412e-01,-1.942859388292239031e-01,5.345596569074039239e-01,9.565985493650045468e-01,4.453690957107235837e-01,7.955283092014160395e-01,9.013770530757464483e-01,9.681138115659704280e-01,1.214457152194454576e-01,7.785837037682660222e-01,9.855127281355792190e-01,-2.668725688178358313e-03,7.379473788908661458e-01,6.235822905182055731e-01,6.303149309336187889e-01,4.663918722422221719e-01,5.795199727677782242e-01,6.330585840023051913e-01,4.203745585762608816e-01,3.176334957860722508e-01,8.124787834337241499e-01,-1.493651889951408129e-01,6.946960769631543853e-01,3.471607130418707943e-01,7.020882660410093790e-01,7.956831010186329323e-01,4.336973638429238442e-01,6.384715593264358446e-01,4.215683888585033401e-01,7.940530418864495399e-01,6.800768319640069226e-01,9.999040565488706012e-01,3.817247938013424990e-01,7.355601887050111642e-01,7.123322809032589520e-01,7.974778057590521385e-01,3.815594227765095048e-01,5.851003265553658128e-01,4.143245024875273352e-01,7.382340609690867250e-01,6.853470943246894320e-01,8.525835147027300831e-01,5.284184600208616800e-01,4.992216678938889429e-01,1.101597213309223611e-01,9.033105669618680666e-01,2.550843135117253357e-01,7.998594484989622888e-01,3.765971751927548183e-01,4.683427579117225292e-01,9.700148282890931339e-01,8.966950283159146329e-01,4.952489262012823579e-01,3.369306333718834479e-01,9.588596399464019981e-01,6.020372246170377917e-01,6.301796226112106325e-01,3.997543667887859531e-01,9.484033022974414084e-01,4.853081680623670957e-01,-1.926910564592701491e-02,6.986950113605238100e-01,5.248923906900490044e-01,4.014805223648739707e-01,4.875938856734628457e-01,7.263956487134944906e-01,3.859195965144610607e-01,9.873682022576254491e-01,7.897201750714342161e-01,4.416398077155087032e-01,2.912517921688548284e-01,4.317600734200675583e-01
5.815748235808854139e-01,7.154981235282361629e-01,8.483076099683536375e-01,4.746877769969827243e-01,4.763605856355627166e-01,5.985719295686457997e-01,2.998267597168285947e-01,0.000000000000000000e+00,4.707499940218561330e-01,9.853162150803335129e-01,2.529369032440397791e-01,7.881694992598240468e-01,6.799317539996060367e-01,6.266443692837572188e-01,1.314102800873624133e-01,7.317990583570379570e-01,7.153301937008136324e-01,9.069048790518163816e-01,6.320833199190274421e-01,9.886251564996957342e-01,4.082041002279564457e-01,5.586355351814108472e-01,7.135488492802478655e-01,3.840626853783396522e-01,6.204733999027979285e-01,5.047943735163288315e-01,9.784850032004654974e-01,9.459668140718249241e-01,5.993381723204265210e-01,5.634541296212633998e-01,7.221848326252039429e-01,7.107162342722469495e-01,5.759333981561886029e-01,7.597922226561726333e-01,5.107539812889452246e-01,5.526527623098057562e-01,3.573785942797623738e-01,1.252487241875112067e-01,5.357827417218112842e-01,4.647883972320450141e-01,2.414828428647230740e-01,4.814144228691998317e-01,5.593291510142510692e-01,4.922773365196200235e-01,8.617376979749878929e-01,7.899297664674336250e-01,4.850064436859516936e-01,3.777014848709319139e-01,2.552006304659802938e-01,4.763065151585469392e-01,6.884480930046098512e-01,6.393899774083164900e-01,7.269309543549878905e-01,5.349967281534279140e-01,9.699971323961296132e-01,7.863893861591979562e-01,7.432387014283045046e-01,3.689498684061607303e-01,9.602689409783717878e-01,5.130090643975382392e-01,6.535714242181764888e-01,4.120176071522587136e-01,2.107491212279125337e-01,9.449875959060654029e-01,8.208321050859006540e-01,9.800580157283413918e-01,4.956741594286755426e-01,8.893980162776098375e-01,4.999327261403037626e-01,4.743694442407175860e-01,6.650832240959393404e-01,4.509437251581048245e-01,1.033719951896189537e-01,4.849423782800035276e-01,1.009477367058741887e-01,4.808008175106887605e-01,4.343246185318362373e-01,2.318958665360752736e-01,6.080150475867815985e-01,7.351135922346363483e-01,5.268104347377622343e-01,9.829695358019202578e-01,7.433998164707342760e-01,4.148156424037103829e-01,7.461070381458319023e-01
9.855828277700360296e-01,4.579606500823568127e-01,6.665906092091773427e-01,9.879506180069977939e-01,3.110291224301347524e-01,6.591209878436015135e-01,6.637760785883591863e-01,4.707499940218561330e-01,0.000000000000000000e+00,7.485432920903489773e-01,7.958683990746695525e-01,7.582592619437323878e-01,8.922458733512479423e-01,8.806869322242488751e-01,8.697154448791181158e-01,9.546936449443969019e-01,8.697454782689134634e-01,8.585600049080690521e-01,7.127986747898095166e-01,8.202363321420598208e-01,6.663828269618123912e-01,6.762256317732144861e-01,7.173338936176644198e-01,8.456762514113362883e-01,6.562423757552091619e-01,6.697892222270511731e-01,2.595423967864616266e-01,4.363507598150184186e-01,5.155698244364883553e-01,3.631179227203259474e-01,2.224862124917727779e-01,3.995163065809970160e-01,6.411510523441793508e-01,4.996756718234104389e-01,7.141263848029725247e-01,4.522333702505318409e-01,4.215459225523897069e-01,7.725422788276058439e-01,9.846701888086957233e-01,9.779825177533224556e-01,7.931866726550050872e-01,7.910739758625404683e-01,4.677416179687775566e-01,6.728352498857218533e-01,6.992450172413628984e-01,8.138810303098718002e-01,8.082026988324740868e-01,9.697542388219979603e-01,6.376689445126939582e-01,7.110758807329802256e-01,6.645408162082471204e-01,4.357018622173964850e-01,9.969976027624866122e-01,4.349439170233699858e-01,9.213804091746327085e-01,9.558898685790800931e-01,4.737860924612731228e-01,7.941327006062035565e-01,4.042286014329776744e-01,5.273330092430068561e-01,6.794814498828929406e-01,5.230986450781309749e-01,7.354708589481906422e-01,8.633911647447289894e-01,6.971578014767808584e-01,6.381958817813948581e-01,4.505528504780385579e-01,7.036591015761289869e-01,7.730045263199849526e-01,6.704043222062620044e-01,9.788742642521686133e-01,5.075656149355773916e-01,4.464809817868012898e-01,2.237711821391149547e-01,6.856728805402108051e-01,4.997889438676709206e-01,4.062171578905180991e-01,7.404574908477337125e-01,6.742601260101616090e-01,1.222477728300628147e-01,4.037066141126434138e-01,7.829700932559506832e-01,9.109475102572816008e-01,5.773158974875965965e-01,7.867206194852913725e-01
5.047006851846888020e-01,5.685169641029153009e-01,8.871083859048316533e-01,7.921429321166374438e-01,5.510429155824307923e-01,9.241570708217025087e-01,7.368926558672463933e-01,9.853162150803335129e-01,7.485432920903489773e-01,0.000000000000000000e+00,9.180302155202744174e-01,6.580196533210868060e-01,3.395360038179141560e-01,9.446360305165157900e-01,7.033273089784017884e-01,8.836426324099269092e-01,9.646771280963053474e-01,6.034072765694412643e-01,8.798170406015344280e-01,9.006346918259980905e-01,8.796338219491541821e-01,7.922965628662093085e-01,9.560954222524696844e-01,7.274558917579967421e-01,7.437457082183550616e-01,7.312181376499294894e-01,6.779247993790421534e-01,9.300960806801246150e-01,5.000253374231754533e-01,4.787184581081714296e-01,2.077266909680391960e-01,3.961489817421518511e-01,8.224669032776318334e-01,9.383517236595353417e-01,4.941467052982602137e-01,2.541589938451090935e-01,6.865712760173828810e-01,9.665587158270024792e-01,2.413545137376636451e-01,9.513518781557049886e-01,7.828226080097717698e-01,9.751875415260284896e-01,6.792426958561370576e-01,2.609204473080914966e-01,8.073576181635729876e-01,1.509057303710468340e-02,5.053237217764700029e-01,6.130788508518064672e-01,7.822800161284657605e-01,8.291036235195267112e-01,8.255453444137100805e-01,7.349777195981477274e-01,7.113261061545197439e-01,6.642423965447423750e-01,8.502100235500664738e-01,8.472291114665243539e-01,6.868351205590365050e-01,9.042211942545164138e-01,4.825613764453969279e-01,4.032004787555361069e-01,5.175309812276108756e-01,5.591485270488303350e-01,6.644176524824373375e-01,8.621057626819004227e-01,9.686807618781690943e-01,9.773648046464926686e-01,7.541277133331134586e-01,3.995695225576463283e-01,8.434507233417030125e-01,5.815052625711908396e-01,7.985258708332341193e-01,1.216766673721174224e-01,6.369134216884337896e-01,5.597494698558225235e-01,4.893038929839004236e-01,6.592877710445440576e-01,1.064161317165488591e-02,8.332885970691421562e-01,7.566950414003987824e-01,6.993206847874142706e-01,4.537149776728424677e-01,5.482236756305308711e-01,6.530979768880826875e-01,5.418526353115999949e-01,5.299323631315757677e-01
5.864979427444413362e-01,8.590198724912418982e-01,4.376736477446822593e-01,2.924858148620004261e-01,1.367854966993543586e-01,9.044234370273052104e-01,6.617382806770362169e-01,2.529369032440397791e-01,7.958683990746695525e-01,9.180302155202744174e-01,0.000000000000000000e+00,9.384830051617429891e-01,8.204149721760357616e-01,6.992716013144533171e-01,6.789130113500578823e-01,3.259350835477100583e-01,4.749132068264289019e-01,7.688751601134701241e-01,9.983752406075987462e-01,9.924950449319538404e-01,9.400600895129599399e-01,9.662391568817580989e-01,8.448288543866148137e-01,9.526332279416417359e-01,4.320731862691261638e-01,6.236462799762377829e-01,2.980794077500422135e-01,6.291616494217637801e-01,7.727782928260625017e-02,2.753316923783784009e-01,5.598795578899014025e-01,7.462542186678684519e-01,2.567778797463419749e-01,3.346677412216458869e-01,7.264428950769066251e-01,4.966246140768844075e-01,2.787180927953084031e-01,9.381581935059677413e-01,8.610002098431108752e-01,7.917906528344065276e-01,9.545890251521702563e-01,4.144941558921267366e-01,9.331786507771968608e-01,8.523946204321397602e-01,8.694915326331249528e-01,6.356582655008475857e-01,6.379669709631858865e-01,3.256146501667940285e-01,-1.989234038172222330e-01,6.063983853969812099e-01,7.196684054897182214e-01,7.412787401670049015e-01,9.073530465199980410e-01,7.792555386874198131e-01,8.018772846912789465e-01,4.134482167239790784e-01,9.874292771166370830e-01,8.658687408160832544e-02,7.307470167025852115e-02,4.489860401860614192e-01,6.543992880786614341e-01,6.672603459850259267e-01,7.181599526056909877e-01,7.261511654651879866e-01,9.483856312038867475e-01,6.489013465956199322e-01,3.610537649402892901e-01,7.747912835077672700e-01,7.478037125203449431e-01,6.356747001258923335e-01,8.296873329512950423e-01,4.109670423278646290e-01,3.119179357939250163e-01,-8.945824723984197036e-02,5.667501506981716952e-01,8.592393615515639960e-01,6.241057887066462362e-01,6.015112262685200495e-01,6.929361825386486373e-01,6.881488994308270213e-01,8.664632949238875170e-01,9.734266019155235483e-01,2.742694816940938196e-01,7.604651229364656206e-01,6.344046764791445581e-01
8.134958413598806226e-01,9.523678662839362152e-01,6.671661502209483841e-01,6.896786312067586522e-01,8.007016486177754855e-01,7.554806540328188325e-01,2.226624835366038946e-01,7.881694992598240468e-01,7.582592619437323878e-01,6.580196533210868060e-01,9.384830051617429891e-01,0.000000000000000000e+00,9.717215048030577451e-01,6.352016671418001525e-01,5.224855116945815725e-01,-2.832824229964292506e-02,9.291737495714782469e-01,5.302383498230509584e-01,6.041141750763647789e-01,6.164554235454752229e-01,5.184822856543543912e-01,6.936881158082836007e-01,6.947717548893403983e-01,7.006838444743156147e-02,5.885971312053963622e-01,7.569351787662237374e-01,8.261094414272058817e-01,6.891738035029090215e-01,2.558138583694246071e-01,1.845276899873686260e-01,2.238885379300011025e-01,5.309340696437981899e-01,9.315984363899145748e-01,6.627849411616331121e-01,4.004296085737801825e-01,4.182678123033612971e-01,3.279240107440710150e-01,3.291733027536714040e-01,8.474602235636479186e-01,7.416046722364048049e-01,7.792043106661392660e-01,2.607795550156072339e-01,4.816754767473616639e-01,2.222425655133386246e-01,7.762069642617209775e-01,6.970631374606857111e-01,4.598126450080430860e-01,7.892441231640096033e-01,6.860569301828538524e-01,7.269791546416163319e-01,7.101673067187050936e-01,8.287619973145761154e-01,6.082902920814590164e-01,9.304913098741280919e-01,5.069865216555036191e-01,8.591710483028665024e-01,8.482681384707236871e-01,8.787384470088106525e-01,8.136946064196752815e-01,5.521974829049001166e-01,2.513682904342126045e-01,6.883160853228016407e-01,6.393887639379336463e-01,7.646839334454250681e-01,8.732854283240094606e-01,8.105064163437412095e-01,4.750360422951642181e-01,3.423426476269686436e-01,5.759459163910710666e-01,8.081647607475193062e-01,8.323015320984888943e-01,7.954570709974672083e-01,4.686519931592405541e-01,4.647452029947902741e-01,5.385814575540349702e-01,1.791262069280754599e-01,6.062674349724622713e-01,6.184912225997571955e-01,7.748011687645006695e-01,4.353971424029380310e-01,5.281200347635375270e-01,3.863118805681220458e-01,7.488882696090798374e-01,6.375691088750992108e-01,8.191272081916873837e-01
7.201345459304855368e-01,6.411326510335995099e-01,8.375763783289328357e-01,7.801079541845001852e-01,7.307871862241891447e-01,8.394287604241819079e-01,6.811106340870327625e-01,6.799317539996060367e-01,8.922458733512479423e-01,3.395360038179141560e-01,8.204149721760357616e-01,9.717215048030577451e-01,0.000000000000000000e+00,4.640245415774282289e-01,9.606096457714857761e-01,7.987357121299777374e-01,7.417951670140781051e-01,6.328307850270978863e-01,5.181802020317445301e-01,9.053054720416301437e-01,7.243576932187885120e-01,3.924501230988395317e-01,8.359745955134572082e-01,8.832774821578547320e-01,6.507392530221934868e-01,9.879513045936713089e-01,6.891101614400728659e-01,5.227397209858032356e-01,4.591223153020284053e-01,5.034288108867575051e-01,4.985007847237160616e-01,6.136363450719721779e-01,1.149245497172235453e-02,6.042810727493387324e-01,4.596285311453855438e-01,5.332605136084550557e-01,4.773130947567896243e-01,8.276305350827273255e-01,8.051670610896842772e-01,9.372967509622647242e-01,7.727826589288085968e-01,7.404817285359749368e-01,8.068363075988487232e-01,6.490318151192590035e-01,4.597051791666649789e-01,6.452482137483188662e-01,6.761256970946725176e-01,7.351960674442887811e-01,8.542632187269038058e-01,4.675482744867565099e-01,7.532755471202861042e-01,8.045430812065849091e-01,5.415697947753568275e-01,1.419230515943006032e-01,9.114658330887639437e-01,8.527002696022359940e-01,6.907363155584030912e-01,9.479486514042199108e-01,6.898190929037452124e-01,4.021666376159914735e-01,6.876470947190868044e-01,7.894019223061862212e-01,9.829440396646313971e-01,5.902359364164104782e-01,2.236106435701037121e-01,6.498654072045091379e-01,5.497557698115289604e-01,8.238202746791521980e-01,4.677124756156915142e-01,4.331752955687558915e-01,8.915307097493468946e-01,7.196406762574643068e-01,2.282208161309390859e-01,5.969062518304156795e-01,4.984299161128953881e-01,4.513107382956063618e-01,8.396785612266435272e-01,7.507278589695063342e-01,2.865247398207243501e-01,5.030638577366344788e-02,5.249300662894279546e-01,8.519359747230648150e-01,7.109450383031256093e-01,1.852889352776496967e-01,7.494168533445769720e-01
9.751979305354474548e-01,5.874412190551082658e-01,6.407743300918805618e-01,9.884423618442570447e-01,9.008489422453827000e-01,9.241527923090198104e-01,5.726057836755480412e-01,6.266443692837572188e-01,8.806869322242488751e-01,9.446360305165157900e-01,6.992716013144533171e-01,6.352016671418001525e-01,4.640245415774282289e-01,0.000000000000000000e+00,7.840656945018128487e-01,1.849385258269365395e-01,9.488995114849763102e-01,5.532061376780221806e-01,6.795960769711711924e-01,7.834722780450835700e-01,8.080824976234362023e-01,9.549742053820962084e-01,9.204838880474539575e-01,8.532242194553592007e-01,8.589523266273721980e-01,1.047229203832120564e-01,7.653621305253410778e-01,7.674028381347888228e-01,3.066714357073521691e-01,7.539981343121973101e-01,4.754234609993555627e-01,5.752635622899979762e-01,6.598643629284005607e-01,7.707440354207687472e-01,6.575180215835413344e-01,7.697040116155835499e-01,2.625194930984010022e-01,8.134720030466577878e-01,6.069656387849151624e-01,7.836423626747710536e-01,9.420899942391798287e-01,7.524586193761226838e-01,9.322837299900715857e-01,4.907638945355189963e-01,8.693358798709870383e-01,8.728379147627420842e-01,7.454557846608373950e-01,4.903292223425040341e-01,4.545436771402867060e-01,6.311819416835934282e-01,2.457020329869402386e-01,8.634723570682693028e-01,6.583918205655532319e-01,9.804399211276678683e-01,9.636447399879936038e-01,4.471929508361276451e-01,6.838654055817886546e-01,2.968929102473035209e-01,9.907358879528075368e-01,8.664516985886320244e-01,4.450294882626787407e-01,9.679124044878102406e-01,8.420586753821510673e-01,7.806523297804950356e-01,3.163762267203466538e-01,8.025061647184446034e-01,7.151752524758130392e-01,9.746881767744367542e-01,6.768785817105557046e-01,2.286021102738495792e-01,5.687275617180210796e-01,9.350783249004314124e-01,2.710715001245732614e-01,6.306547740270085356e-01,8.459017061985706076e-02,4.580642052715755419e-01,9.035684513843362797e-01,8.921607839301793907e-01,2.316556828004638358e-01,4.476857438986668325e-01,6.657055951278620931e-01,9.633991773606664921e-01,9.042463811957143216e-01,2.884507816740989328e-01,7.532192494488127998e-01
6.137368539701680836e-01,9.171679363689317910e-01,9.175660748137427491e-01,9.015258736563787068e-01,5.203584589835593688e-01,8.245908243858335318e-01,-1.942859388292239031e-01,1.314102800873624133e-01,8.697154448791181158e-01,7.033273089784017884e-01,6.789130113500578823e-01,5.224855116945815725e-01,9.606096457714857761e-01,7.840656945018128487e-01,0.000000000000000000e+00,6.539727992153522296e-01,6.990851705505355396e-01,7.342967488859788450e-01,6.061552754549912603e-01,7.916601466934181097e-01,8.123678037979777944e-01,6.761992446414569757e-01,7.580829354575076007e-01,7.306881259947620721e-01,5.801068411248895274e-01,3.210094694081530586e-01,8.299591506720278566e-01,5.379542308062738032e-01,4.517097191136432710e-01,2.702604254291845476e-01,7.188839497630503672e-01,8.068670284154813022e-01,4.751853762823504135e-01,5.396811114235504636e-01,9.847799037735341932e-01,5.173879776963937749e-01,1.522173500890446896e-01,6.814967710151939029e-01,4.178368701589499912e-01,7.553546923563845272e-01,5.376650268637921393e-01,4.711316604953472154e-01,6.531531250450046677e-01,4.253911254386985030e-01,8.663601719998271777e-01,7.369522039258380453e-01,4.204416828993199906e-01,7.473207729998266879e-01,2.893721829391388001e-01,4.753921839307330144e-01,3.405728919186609138e-01,6.681429608016928867e-01,7.129133965139361484e-01,6.353189369582905588e-01,6.841714018135880426e-02,4.998342567843988005e-01,9.970212088902512537e-01,9.276000913873794218e-01,7.554491874133939522e-01,1.842496047906853340e-01,2.907237983416425253e-01,6.617526312710818592e-01,1.950134995619632328e-01,6.675119902294943675e-01,8.077658745742516411e-01,6.809293333306160045e-01,2.290154135398689977e-02,7.865955308910288490e-01,2.253204797105776702e-01,7.318184687229069008e-01,8.197354730665669109e-01,4.661617871329524765e-01,5.444608958221526240e-01,5.925337825704644207e-02,7.569920126001224991e-01,8.346755804037484516e-01,2.310832134903085811e-01,6.897630369551170926e-01,2.431911647395614551e-01,3.046100568154649357e-01,7.571170656416863487e-01,2.419209523892140445e-01,9.507831807756264020e-01,6.260079747859830235e-01,6.554979222290858720e-01
7.638773418595732334e-01,5.766895641896658820e-01,9.872467800837506635e-01,7.830592646619956021e-01,6.531543710999286878e-01,6.291438386655651138e-01,5.345596569074039239e-01,7.317990583570379570e-01,9.546936449443969019e-01,8.836426324099269092e-01,3.259350835477100583e-01,-2.832824229964292506e-02,7.987357121299777374e-01,1.849385258269365395e-01,6.539727992153522296e-01,0.000000000000000000e+00,6.735089552783086742e-01,6.524397774577370690e-01,9.770563142779375987e-02,8.156330439699767121e-01,9.898131224802428907e-01,2.832325024896590326e-01,6.261998824966712451e-01,8.586319915235375300e-01,8.971657075345089716e-01,7.546080685423440793e-01,7.328524060490658742e-01,3.397821988276181759e-01,8.219789475856772443e-01,4.276985448899437436e-01,1.803068757194413729e-01,4.384161198621817079e-01,9.822087445143399265e-01,9.656847888469862751e-01,4.407180980016890404e-01,4.606215838589763356e-01,7.766076991510559857e-01,5.604428228339748408e-01,3.566171564101586755e-01,2.927191090150628727e-01,6.082115084035037977e-01,8.229888899299647731e-01,9.811725447698902425e-01,4.765479746882373413e-01,8.717708368213901160e-01,6.937562333132445413e-01,9.229381935299986184e-01,1.969562171275910378e-01,6.743615427719935607e-01,6.524549562402476299e-01,6.798206529118480113e-01,9.953691564325943819e-01,8.988459966112996025e-01,2.723346561641190045e-01,8.920786884632405656e-01,7.258756032732132102e-01,4.182329098126871259e-01,6.048751190253978116e-01,6.379614800490679416e-01,5.483953721838402684e-01,5.803693979192603436e-01,6.729643258352189239e-01,6.833341547973371677e-01,5.421235237781451000e-01,6.070259411800793536e-01,7.586234172070274173e-01,5.712757995066500838e-01,2.269903328820281341e-01,5.887555072403520828e-01,5.597994027830918151e-01,6.132496384065785344e-01,8.937315063353818978e-01,7.369221978744963097e-01,4.651204356918547389e-01,6.725591327207596226e-01,9.253356821399374432e-01,8.873340716277121620e-01,7.057932993524190790e-01,2.424605884507695375e-01,4.128817716560118645e-01,2.696174526316175157e-01,9.537316154723803896e-01,8.201809537891249224e-01,5.404472774592589124e-01,4.917720675933134888e-01
8.313913507851717899e-01,3.446318439079573137e-01,7.024865131099494731e-01,7.421184957032103124e-01,9.745584024862492534e-01,9.115976065552595653e-01,9.565985493650045468e-01,7.153301937008136324e-01,8.697454782689134634e-01,9.646771280963053474e-01,4.749132068264289019e-01,9.291737495714782469e-01,7.417951670140781051e-01,9.488995114849763102e-01,6.990851705505355396e-01,6.735089552783086742e-01,0.000000000000000000e+00,6.979784384433690425e-01,4.762953184070340407e-01,3.909295212181814749e-01,7.260102342698209199e-01,-8.380783260165118598e-02,9.086999324559087432e-01,8.585070093327074048e-01,7.240138769506323513e-01,5.701888434917770088e-01,8.499119779748827153e-01,6.685665182362254821e-01,4.577810421769292759e-01,1.795450883312648682e-01,3.111553931718792909e-01,7.895201861147203015e-01,7.874912031950656033e-01,8.706595826480675315e-01,9.492345116472324928e-01,4.219322324464788165e-01,6.494959913214124470e-01,9.521242535897449510e-01,8.236522381156732298e-01,7.317854936500165497e-01,9.487344432122544191e-01,1.354080769557444164e-01,9.085731942779253778e-01,9.668416934726450362e-01,2.551449494162532639e-01,9.133395556601584531e-01,8.614550143854813324e-01,7.659723032795128228e-01,4.233583698840325815e-01,8.808152306569321244e-01,8.242790793921763726e-01,6.126138988671033792e-01,7.420888055786881710e-01,9.368088183788965129e-01,6.106257315889447312e-01,9.353636525959547754e-01,9.612921839634228638e-01,8.453479563834117583e-01,6.488321099878113785e-01,6.434957157687055673e-01,7.233268949595106356e-01,8.820767004030042324e-01,4.094688195841120759e-01,9.671008326271616218e-01,9.868098454257451246e-01,7.046007027595205807e-01,6.750793921683312382e-01,9.730526860373502895e-01,8.134195380611194404e-01,7.758505931385363263e-01,3.423033227088693176e-01,8.274418917345069957e-01,4.037228907274781342e-01,1.077458027000558066e-01,9.856983114553652392e-01,6.973474069534968400e-01,9.996205575608099192e-01,2.103408099432797496e-01,5.448720923838632491e-01,4.661889081179778072e-01,9.569409304636304903e-01,8.533575980399328298e-01,9.497715717324289875e-01,3.911688194422474618e-01,3.216344146458616216e-01
9.436507262164870458e-01,6.309021106529131284e-01,8.006440699275158002e-01,9.120072067286716377e-01,9.984273734922914922e-01,8.001556783349942359e-01,4.453690957107235837e-01,9.069048790518163816e-01,8.585600049080690521e-01,6.034072765694412643e-01,7.688751601134701241e-01,5.302383498230509584e-01,6.328307850270978863e-01,5.532061376780221806e-01,7.342967488859788450e-01,6.524397774577370690e-01,6.979784384433690425e-01,0.000000000000000000e+00,3.946166769583209222e-01,7.503983045353154191e-01,5.760386778844304168e-01,5.623928039804549917e-01,8.965164851298927928e-01,7.651741328774238626e-01,2.054039920342560499e-01,7.535906793792045422e-01,5.874729733655397190e-01,8.567269383350560874e-01,7.114476195171048900e-01,7.832388691332478059e-01,1.867115583611215213e-01,6.045675420500365993e-01,4.254799293632985369e-01,8.143916362853230728e-01,7.521366320093003655e-01,6.744156638827779604e-01,5.100434957607660191e-01,6.224407187311179479e-01,9.348523484596409361e-01,8.535570533560652429e-01,2.749242039915145708e-01,4.981338718220979511e-01,9.160624649832170840e-01,4.349712946768601873e-01,8.641551048375106792e-01,8.258148327651801957e-01,6.727433489632830277e-01,4.405604369063598202e-01,6.896701952189895346e-01,7.643702690732672167e-01,9.857850688959937102e-01,8.607911027365158230e-01,5.112801703113968310e-01,8.406514524695710699e-01,4.349888214724482172e-01,8.722705448244304494e-01,7.770624604813782810e-01,4.569330423273577635e-01,7.128138452713206341e-01,8.529466064195130315e-01,3.551255169973662196e-01,4.431878324919467649e-01,7.933777556774797013e-01,9.412683030641071369e-01,9.218209653527691394e-01,3.904056616588887918e-01,4.997143610363460331e-01,7.386732956452354282e-01,2.141877374565404613e-01,7.788435517395733143e-01,8.863840290812347034e-01,4.604549927773714524e-01,5.467591885077720537e-01,7.734023874094994033e-01,5.989626487436535696e-01,6.725033379008060752e-01,6.699306211121317522e-01,5.453580844235641489e-01,7.584785599096055542e-01,3.257285045985476302e-01,2.102438687931392491e-01,9.335335168074765377e-01,2.955051965445139039e-01,1.931828399880882730e-01,7.748412035849642221e-01
