0.000000000000000000e+00,9.344813478125695294e-01,7.761535628602814763e-01,6.474725407954202705e-01,8.566947393293855573e-01,7.997536479995781544e-01,3.257207769310854761e-01,6.821315246192596327e-01,4.185511736407777628e-01,8.408916777570505374e-01,3.267311408497394210e-01,8.828532769509370715e-01,9.230736430770508649e-01,9.680409869717787608e-01,7.552801402105974171e-01,4.696098696396405758e-01,6.182394018263067670e-01,9.274636197980974384e-01,8.340547614412421318e-01,6.216758209143076197e-01,8.257435871486786816e-01,9.437636333089164387e-01,6.893474699997662603e-01,6.060567021124334541e-01,7.304111402605770742e-01,7.494006878735570698e-01,3.277004236956850836e-01,6.063283517404679523e-01,6.388386417770831605e-01,3.586858008247911095e-02,3.400417040062221341e-01,4.431561569241163068e-01,8.644133450728741508e-01,7.754703757086243154e-01,4.664789410437075734e-01,4.347205799148461391e-01,4.102451233417464538e-01,4.158937199476859803e-01,4.138007102814733607e-01,6.819889071173909079e-01,3.606590284783099953e-01,8.039869998324824518e-01,7.957463349555221610e-01,3.151554135842425941e-01,2.569944420345489644e-01,5.020097702213826008e-01,8.265765295113914890e-01,8.398707752693488349e-01,9.207354839717984962e-01,7.783584921110964228e-01,8.796726636639815577e-01,9.603932164764392709e-01,8.047049643934419683e-01,8.064341994092819599e-01,9.600696965843171782e-01,4.016442306362965065e-01,7.860012629240143989e-01,7.720342703682260277e-01,9.437633846029979123e-01,7.467776096978723244e-01,6.984455099994332228e-01,8.965518165226070701e-01,9.335708133308635581e-01,8.967238447930694356e-01,3.796283522791996656e-01,8.700743330911039353e-01,5.908063411985040592e-01,9.161778167406050555e-01,1.500525041682996275e-01,7.303883316098693790e-01,2.383620077925978908e-01,9.284229969765548374e-01,1.118840916114584305e-01,4.450752340394356632e-01,4.666040606185554718e-01,9.437769656845700350e-01,6.588523143317110975e-01,6.729907620752799691e-01,2.339493965991699398e-01,7.182956655197890727e-01,8.660621894342023230e-01,8.851404094743201556e-01,8.967047524440565631e-01,6.442258739185526828e-01,6.795450977481920507e-01
9.344813478125695294e-01,0.000000000000000000e+00,8.636700223751685446e-01,8.120185379575595164e-03,8.635374975876204395e-01,6.508085037385730187e-01,6.723972924079194557e-01,5.353818824535141463e-01,9.677746009767278501e-01,9.707192269083620983e-01,9.242022225934497515e-01,4.581889523992891955e-01,6.778602115468518319e-01,9.626391546018361334e-01,9.740231860753956195e-01,5.087172906861223698e-01,2.363798003681325810e-01,6.078348322882564103e-01,9.695390861746240319e-01,8.972455068834032099e-01,4.391368424288351058e-01,7.925668600340254333e-01,8.795747832851754655e-01,9.973288402451258028e-01,6.728283026916890286e-01,6.084461501685356488e-01,7.336909284156620803e-01,7.117982996364190518e-01,5.236601540066042615e-01,6.804789520275216219e-01,5.208385785155736913e-01,3.064466896198485557e-01,9.370149337751060292e-01,8.647630427642332140e-01,6.636182366277608713e-01,7.928069640638244486e-01,1.952237531811387358e-02,5.869696366212848737e-01,9.924493947007478889e-01,9.435864249739635001e-01,6.691883414664726581e-01,1.780638151682525372e-01,5.424012669774505024e-01,9.511720105640398826e-01,8.224727686038815211e-01,6.215334798149534379e-01,6.540277649164446538e-01,4.908689139327995776e-01,8.363900562052997145e-01,-3.930301191609039679e-02,5.692218454418378482e-01,4.231561481499637178e-01,9.915527615621864133e-01,9.044221413871957882e-01,5.205739055958925610e-01,9.453765115384469286e-01,7.826379305827593225e-01,4.918038572607343895e-01,9.367660214597817170e-01,6.071201198812158362e-01,5.007873850642172719e-01,7.239042608408798873e-01,7.905698182953428965e-01,9.903507911610175407e-01,2.266031729594272237e-01,6.925933341168688528e-01,1.679410892235879693e-01,9.410364870523846292e-01,5.550515661911190612e-01,4.735459354015408295e-01,7.039495144403176141e-01,3.690310319254709870e-01,3.466280823265436295e-01,2.228472276360267401e-01,2.070658725936670164e-01,8.946278726661301972e-01,9.119814028643626891e-01,8.463446450583318459e-01,2.690381079621023686e-01,3.516003388419143283e-01,9.801475166817846807e-01,7.252644965636511065e-01,8.795520534159980697e-01,7.267927059538388246e-01,9.103842988214805310e-01
7.761535628602814763e-01,8.636700223751685446e-01,0.000000000000000000e+00,9.764616409032634836e-01,5.087153834207623904e-01,8.821403006688662840e-01,6.807171659476728420e-01,9.976780139482295251e-01,7.132562073836521410e-01,9.792120102646671986e-01,9.879401676164343282e-01,7.885075572401827326e-01,8.657772032443614707e-01,7.422047015618122856e-01,8.182979237142201656e-01,9.255733715538460027e-01,4.979957437019697508e-01,9.031892557661779231e-01,8.928022424707182658e-01,9.320216699884882328e-01,8.610245267280304260e-01,9.850607085158087362e-01,9.117902915098100580e-01,7.294446014290328906e-01,7.970851749806455722e-01,8.125636139929616197e-01,9.077958476581797775e-01,5.248049453910726969e-01,7.351206242116703482e-01,5.980476074295651978e-01,-3.005779483286064035e-02,7.179915525293358858e-01,7.268970058888699626e-01,9.315339977020757889e-01,8.006425020464733588e-01,4.344907314821414568e-01,1.785046333445061695e-02,7.482220434823977362e-01,7.236415599383764219e-01,3.033881035079951660e-01,3.373876933160150360e-01,7.811927946532998268e-01,8.061350064557923911e-01,9.473070710732237609e-01,8.732456244144509716e-01,7.731235110411973643e-01,6.996939450685837336e-01,8.927011531479939199e-01,6.505998393460470375e-01,3.100485992619118059e-01,7.227874148762541973e-01,7.749227701236529597e-01,8.281861185681782533e-01,9.496345089032003361e-01,6.936422127761336653e-02,4.826100001944784168e-01,6.083011653889843773e-01,7.858140444565980820e-01,2.506249905558913804e-01,5.469013470135096755e-01,6.222930161335800125e-01,5.767893657783849104e-01,9.353586684708330434e-01,8.038146976361483231e-01,8.544878489797174126e-01,6.445073250816851784e-01,8.089135057957721475e-01,9.023640767227326664e-01,8.778715754633195090e-01,9.735606789753937784e-01,6.498768794903716506e-01,6.731220148612725440e-01,4.671109788136107444e-01,5.434811210706304019e-01,5.412354452577399222e-01,5.516231645481833867e-01,8.946723299411851738e-01,7.503307931276788079e-01,5.928122325407071402e-01,1.406780205011858575e-01,8.116859354698001683e-01,6.766491182474992927e-01,8.627219847848166534e-01,6.575266384875773085e-01,9.133239099420373819e-01
6.474725407954202705e-01,8.120185379575595164e-03,9.764616409032634836e-01,0.000000000000000000e+00,7.254195427263169238e-01,6.645604684918624550e-01,5.576053690837219357e-01,1.273501345343535165e-02,9.001836652258792260e-01,6.461450155534481654e-01,7.522260049676290361e-01,4.064049360810609857e-01,8.839304326121582012e-01,8.170963180243441260e-01,7.607222804242841363e-01,9.097443224113979099e-01,4.137881899657291918e-01,6.461011270659351435e-01,6.440277156883960075e-01,9.946554273734155016e-01,2.807048692246157939e-01,8.184780121660975016e-01,7.166574892392091334e-01,7.618825580650839813e-01,1.060671348099730994e-02,9.368326132738903356e-01,6.538152223869886370e-01,6.467830389324442653e-01,4.285725163398139692e-01,6.972868701122037285e-03,4.564229623510341893e-01,4.331722685879600965e-01,7.516282044803350715e-01,7.731637220097510310e-01,9.033431248183297901e-01,1.092912557535320739e-01,5.276906994903101111e-01,6.884885269536398233e-01,9.030344398757774727e-01,8.433621992192162908e-01,5.187089210269120176e-01,9.099447763933243838e-01,5.038334695757340498e-01,9.594627637401175191e-01,3.755816200722112419e-01,8.633282050252353290e-01,4.565819615272337928e-01,6.116019859799827207e-01,4.446466593557094615e-01,2.891222016979443366e-01,7.107822837436066354e-01,1.182843574844606449e-01,7.791130412616245060e-01,2.846329922916509547e-01,7.181326358096776774e-01,6.877882059353218613e-01,9.174626889499927218e-01,4.166426953674111089e-01,7.084637619051694646e-01,2.498707486974164338e-01,7.286533344490802033e-01,3.712024351540194056e-01,5.063528282218824339e-01,8.035878399101658021e-01,6.710650312681851748e-01,9.141915313336629323e-01,7.926325737005072147e-01,1.544272673955635750e-02,9.603271480604226307e-01,7.186634915736831442e-01,5.604025924813358372e-01,6.081015620006597899e-01,4.866183681661420679e-01,7.101718201104888495e-01,7.539156238778439434e-01,1.907109387825328961e-01,7.359471610676067144e-01,3.651595007601785570e-01,-4.924020798882700056e-02,4.479768972202717858e-01,8.023982837724719097e-01,6.065430380380065767e-01,9.267730834958128883e-01,4.031342076929157470e-01,8.069377689399996889e-01
8.566947393293855573e-01,8.635374975876204395e-01,5.087153834207623904e-01,7.254195427263169238e-01,0.000000000000000000e+00,6.635092860532193493e-01,1.896432405569692392e-02,1.733621883873342484e-01,5.031120173543655039e-01,8.691266418300001018e-01,7.195204052932491212e-01,6.488894478700133472e-01,9.944896016561994845e-01,7.599287724131399413e-01,6.968924871454934555e-01,5.542124690320467950e-01,9.633970923926920005e-01,7.020815021130472067e-01,9.701671394686113281e-01,9.269766410872548601e-01,9.503077330579503545e-01,5.633508540348900473e-01,8.066732826394623634e-01,9.764397933008437391e-01,5.604046099360607824e-01,7.166392812459015937e-01,9.267304235460444017e-01,7.029822527241942343e-01,7.474216125201700311e-01,5.528734796825023334e-01,2.136452145875761821e-01,6.296011393549184598e-01,8.461105221622080563e-01,6.527660755486037747e-01,5.079402432745728779e-01,7.222150317712203726e-01,3.269439545566505956e-01,7.562625052976581497e-01,5.528256626402692220e-01,9.851083156613381631e-01,7.856148742860857848e-01,4.493795140116445541e-01,5.786658356681911863e-01,4.394528206190971287e-01,7.432520915067243328e-01,8.216588204980481702e-01,9.682812846361569248e-01,5.860787598285051025e-01,5.414734910627820863e-01,2.258685274603701998e-01,7.922680700009215871e-01,4.471007290206363005e-01,9.881884995398927396e-01,3.633556927579755236e-01,5.881000759554289026e-01,9.213338148388281468e-01,6.346654359467083228e-01,9.736131395918430353e-01,7.064884775642095160e-01,5.310859491532721188e-01,7.177959395095144801e-01,5.036474502865749825e-01,7.176654271676358166e-01,8.716356462331995569e-01,9.084532043576321048e-01,2.039201198354816391e-01,2.164317303157590744e-01,6.072115597146288124e-01,6.215472666688879322e-01,2.720163097114075557e-01,9.006278124493829473e-01,4.213056748925297912e-01,4.251884838691221136e-01,9.151367865453708950e-01,4.423952152663072623e-01,8.657838660421505184e-01,8.143763381675849233e-01,3.330896151317529474e-01,7.252638638473387633e-01,6.523645181411488747e-02,6.601298756860074501e-01,5.296666638517604220e-01,4.720320229829709224e-01,6.935180814788567405e-01,6.523590494848579002e-01
7.997536479995781544e-01,6.508085037385730187e-01,8.821403006688662840e-01,6.645604684918624550e-01,6.635092860532193493e-01,0.000000000000000000e+00,-8.106769318109904865e-02,7.394882503703743559e-01,2.152798760482270979e-01,9.983196567065928395e-01,9.360385435216180827e-01,6.350979539583002653e-01,-3.719467839381010443e-02,9.774412880414363736e-01,4.403393342550294687e-01,7.450206383852557845e-01,2.047780409858787620e-01,9.638837057822355892e-01,9.318159488757520315e-01,7.387024526045473660e-01,8.022328248399808182e-01,7.042999196004714468e-01,7.433759634474028655e-01,6.405417340194526910e-01,2.123977780156982298e-01,9.932217258283999595e-01,5.051583436647527625e-01,6.848911358284625051e-01,4.854523494198879630e-01,6.515173361583963541e-01,1.904737313505829033e-02,7.064398155219847597e-01,4.865003408674378749e-01,9.840157718969158029e-01,5.799748669642730281e-01,3.981096190140805957e-01,4.879813439942110032e-01,4.023832538101384526e-01,9.033860294684812331e-01,7.125087991832248502e-01,7.182653992066109216e-01,8.687922533609511166e-01,8.437790134762400696e-01,7.375701298370391790e-01,6.522559078008111078e-01,4.444905287767430546e-01,4.531669877482931708e-01,6.813085663919482560e-01,9.641739410637915064e-01,9.686045274699668362e-01,8.820999740230098252e-02,7.030697794783270504e-01,4.307138828284529652e-01,9.957837680985224260e-01,9.280223082172368576e-01,8.005321416197296314e-01,7.536064655990990513e-01,3.288576824181965730e-01,8.109092245904028218e-01,7.431601346854733725e-01,6.395253791200026239e-01,9.257053002761561622e-01,7.548938405186611522e-01,7.987351547842564958e-01,8.312751608432717987e-01,8.334749094330836661e-01,8.559704637298938268e-01,7.573746256816414890e-01,3.790468293134166000e-01,5.827086136391024240e-01,6.246199651187237523e-01,6.471745434090644400e-01,3.188955380055337185e-01,5.386558974011664835e-01,4.157693842564318398e-01,5.811995157303385673e-01,9.155633392961570749e-01,6.455551188750343616e-01,5.445536952148631871e-01,6.143468932760588475e-01,4.113392411241642010e-01,8.345977189135359575e-01,6.338618668962648917e-01,4.730070365587196179e-01,7.445906259411114725e-01
3.257207769310854761e-01,6.723972924079194557e-01,6.807171659476728420e-01,5.576053690837219357e-01,1.896432405569692392e-02,-8.106769318109904865e-02,0.000000000000000000e+00,7.052647580676069117e-01,2.056919090513891490e-01,6.116530375699760214e-01,6.212299359490371931e-01,7.821825454460928917e-01,9.325814080534595707e-01,4.850860399272871604e-01,6.049969690385453847e-01,6.619747257381841665e-01,6.588974423685119985e-01,2.615153064707062547e-01,7.089805293819663179e-01,7.240856531715299527e-01,8.525775895620077982e-01,4.211975711118543519e-01,3.742027005329119360e-01,4.954864332455846121e-01,6.214982530130493954e-01,-6.426975700077944276e-02,8.112481552563360898e-01,3.025118658734307076e-01,6.134752695188209204e-01,3.841975746729622831e-01,5.592364546179267037e-01,7.759842766007806203e-01,3.103405841619378269e-01,7.432642789100233349e-01,4.656602186743276084e-01,3.612210862113944820e-01,2.511316312037504828e-01,7.130854587973829706e-02,8.498830899980760467e-01,6.967980139343223911e-01,7.454941928923677352e-01,2.763124979891969923e-01,9.842305731425261550e-01,5.489126865763326313e-01,6.525112059045565793e-01,5.404945241546746937e-01,9.530540671772096406e-01,5.816102381622465511e-01,5.885514967739124970e-01,6.433752304508841835e-01,6.826615836790560499e-01,6.581313714144655380e-01,4.141569540548836748e-01,6.998152676810295292e-01,9.044422771357653046e-01,5.029541748087449360e-01,6.618582708459984643e-01,6.685224206949915704e-01,8.001174661161428725e-01,5.714530667292507804e-01,7.716176665634795206e-01,9.571266490619559919e-01,5.714964742542323617e-02,8.565130613765740142e-01,9.083580453791033626e-01,1.234388119819235796e-01,4.080647253443419054e-01,7.735991947069703611e-01,7.302441335161091729e-01,7.278467512153071750e-01,4.103757559967687873e-01,6.796301975229208647e-01,3.513579670843564040e-01,6.849946807774028867e-01,5.561874696666929685e-01,4.357109789577692238e-01,4.933992976825654075e-01,5.479781208754358479e-01,3.496591318380595781e-01,5.106902986692186674e-01,7.741081399203258995e-01,8.833445703941420479e-01,7.973479454149617895e-01,2.859176693800247748e-01,4.893485679885880568e-01
6.821315246192596327e-01,5.353818824535141463e-01,9.976780139482295251e-01,1.273501345343535165e-02,1.733621883873342484e-01,7.394882503703743559e-01,7.052647580676069117e-01,0.000000000000000000e+00,4.655092291857464981e-01,8.417419711043898634e-01,9.685691755809463510e-01,5.137051083701834608e-01,4.651315932390745478e-02,8.751366391732170458e-01,6.572899800711498042e-01,2.763797729418294158e-01,8.605578118425333267e-01,4.525576491771003407e-01,5.702036243551227290e-01,9.454204552426963559e-01,8.232017045329343974e-01,7.341275078678021204e-01,2.077475502822775377e-01,9.719489826077557515e-01,7.744806756694921912e-01,6.115825489329170805e-01,5.195589974840841840e-01,9.939817673997212166e-01,5.608531893438868376e-01,3.332371593946293342e-01,3.507006463218244052e-01,9.073633809306175246e-01,8.344256006243663260e-01,5.038889594789742743e-01,2.846286608627729420e-01,4.508830635913144147e-01,6.589244460874212894e-01,4.327282474178427152e-01,9.867666324731665384e-01,5.215891761986773956e-01,3.898556233627757384e-01,1.633322985765967850e-01,8.488033323634929239e-01,7.365101014451793660e-01,8.932549182495667095e-01,8.364565084076159840e-01,7.041469602679125694e-01,7.411174105420094138e-01,7.069939612985152166e-01,3.719618301348817657e-01,4.682840168344528653e-01,8.701272005989783009e-01,5.315058453186771725e-01,8.888553409939259353e-01,6.673785805610913391e-01,7.711334116289072504e-01,4.832039270116904039e-01,8.104538079909486825e-01,6.503037921508809660e-01,5.018853327556379584e-01,4.558586829144965491e-01,1.393145275748171596e-01,5.285327170108389261e-01,5.564326001288781853e-01,7.860926913853069076e-01,7.565995744642056708e-01,8.041475737115879596e-01,9.162053518680640662e-01,7.995861986682633038e-01,3.698099762295236625e-01,5.521879724809835022e-01,1.246196238176366516e-01,8.568862347232070187e-01,7.779756737866041494e-01,4.233451861458843446e-01,7.037476787492740193e-01,3.283214273502891301e-01,6.351641089990536226e-01,8.167706452553012697e-02,4.671501425108345318e-01,7.982783563491274714e-01,6.058121902669936221e-01,6.991308846647195097e-01,5.391776623417048331e-01,2.321071300327953169e-01
4.185511736407777628e-01,9.677746009767278501e-01,7.132562073836521410e-01,9.001836652258792260e-01,5.031120173543655039e-01,2.152798760482270979e-01,2.056919090513891490e-01,4.655092291857464981e-01,0.000000000000000000e+00,7.516932612821927151e-01,-1.006305865560008783e-02,6.749960842985043286e-01,6.242526826757487379e-01,8.581592056404003799e-01,3.355500507542594768e-01,5.576153391336989840e-01,7.900803018592157390e-01,4.255194963706241396e-01,7.547339475280201437e-01,4.271605295715197870e-01,5.902549585084074790e-01,8.491669595482984612e-01,9.624482953825449494e-01,7.026008062539390586e-01,4.565375472332452444e-01,6.739259462028621694e-01,1.950747336857545922e-01,4.212533243514101078e-01,7.070087779506696313e-01,6.641925407033490991e-01,2.501269878505653632e-01,7.117819380780560090e-01,9.955397656745017532e-01,5.123212529646735680e-01,9.240745650364282637e-01,5.704350176493140356e-01,2.495465221724129656e-01,5.858817225098759129e-01,7.969516028445156053e-01,4.390777245353639779e-01,2.717451264679940914e-01,7.911447331759435819e-01,9.338672594788230974e-01,6.217180007161960953e-01,5.375176577784763765e-01,7.943663776516564079e-01,6.864887486365449654e-01,4.779132110488481522e-01,6.606870135544797851e-01,3.959460428098813267e-01,7.845788248130726172e-01,8.944912982110804212e-01,4.098985336440534311e-01,3.942297414002067235e-01,9.780724567624119459e-01,1.794854482854534306e-01,8.731307084981027034e-02,8.791637226905287816e-01,1.984315288037297176e-02,6.698374319557597323e-01,-8.205004585582768850e-02,6.913445134463848119e-01,2.963384353388814896e-01,7.254598079827276891e-01,8.988338469333798653e-01,8.064110063131705308e-01,8.916022489006103502e-01,8.146205083289830284e-01,6.013337258572184485e-01,7.207747451118652338e-01,6.950767528766379488e-01,4.390655034955242009e-01,6.049063083995261936e-01,3.479356279217343806e-01,9.180519486768007331e-01,7.667103852293809529e-01,8.087993389649394960e-01,6.006001363264662496e-01,4.471325330045861635e-01,4.747395198028982466e-01,4.438162874972060301e-01,9.663925240177774212e-01,4.288188347079510687e-01,4.808656932779869497e-01,7.467875558386749546e-01
8.408916777570505374e-01,9.707192269083620983e-01,9.792120102646671986e-01,6.461450155534481654e-01,8.691266418300001018e-01,9.983196567065928395e-01,6.116530375699760214e-01,8.417419711043898634e-01,7.516932612821927151e-01,0.000000000000000000e+00,8.169596010305169020e-01,2.061938194989130779e-01,3.459815471808032616e-01,6.953738298321859856e-01,7.046981538411919432e-01,2.775962203422366881e-01,7.497360810458975067e-01,2.515954307644959753e-01,7.935292351561392676e-01,6.380000265846232921e-01,8.602097337384442266e-01,8.809031255431887253e-02,6.376594853949961728e-01,7.957294389496369913e-01,5.839428449923185216e-01,7.246413322152684966e-01,8.955546941931552540e-01,2.906025596985909454e-01,3.075540834030910387e-01,6.319403261981346720e-01,4.536748797047152615e-01,9.079685034376756558e-01,6.392909777372545177e-01,8.165401205726027234e-01,8.859700781453455631e-01,5.043944036441316836e-01,5.352553328232951824e-01,1.670090466883042413e-01,9.942442483209568138e-01,8.103604412793536937e-01,3.600987622475608774e-01,8.441734292460442157e-01,9.625018144094854566e-01,3.444949359684834622e-01,9.724730227865897580e-01,9.830966552960306304e-01,5.946713646248520391e-01,1.588379231821649140e-01,6.442202476757108442e-01,6.465721958464514252e-01,7.129090687902636114e-01,5.607011917752883212e-01,4.846348678048531533e-01,5.514812208960083728e-01,7.586328315361993146e-01,8.246589457149468005e-01,5.201707557103585344e-01,7.696448071623285259e-01,7.679792941005763041e-01,3.553921960457425699e-01,3.903344906835860550e-01,6.358313722950527103e-01,9.934930405401068976e-01,7.548770448100972086e-01,9.655657237707970797e-01,8.187555450284748071e-01,5.962043374730945366e-01,9.175454510819561760e-01,4.025369829290495471e-02,6.122867368499154139e-01,4.276933038589536551e-01,6.819366314634579540e-01,4.643211992753814576e-01,7.143894479212311577e-01,6.859290508955370180e-01,2.099735637947571232e-01,6.007154602038179414e-01,3.140910701309727604e-01,3.489493486097499098e-01,6.652512784233028942e-01,2.464281283976645920e-01,9.675441460850021658e-01,6.085218699384012941e-01,4.187366333005596020e-01,7.831326446003482600e-01
3.267311408497394210e-01,9.242022225934497515e-01,9.879401676164343282e-01,7.522260049676290361e-01,7.195204052932491212e-01,9.360385435216180827e-01,6.212299359490371931e-01,9.685691755809463510e-01,-1.006305865560008783e-02,8.169596010305169020e-01,0.000000000000000000e+00,6.591694064177238133e-01,6.688982439158608351e-01,8.567567908501644292e-01,7.105565129683490966e-01,9.093281798358832102e-01,8.039337095570540104e-01,4.022069801836631320e-01,8.100778552345947459e-01,8.508473464709518375e-01,6.792185246921611519e-01,5.339893910601802851e-01,3.769472401708876541e-01,7.016463841670137480e-01,6.502076793378228636e-01,7.178843384133311023e-01,6.025167343175227286e-01,6.008031400743475414e-01,4.943869477873532037e-01,7.698116649838995240e-01,5.052211563711617170e-01,4.755445485801748084e-01,6.031024487230860487e-01,9.945538381903369363e-01,4.963978931509691050e-01,2.215820123618021664e-01,5.563712203771192799e-01,8.503313833175242253e-01,7.275668420034570039e-01,6.921533477609327356e-01,7.378174866637594587e-01,7.191753931892420626e-01,9.188007657624133184e-01,7.176782186486375670e-01,6.738635605827929531e-01,8.141490578721101157e-01,9.278931313913986179e-01,4.562442060043936376e-01,7.832516200987453825e-01,7.177120126391348665e-01,3.473575192416782365e-01,6.433094881321034242e-01,2.581127328171228807e-01,3.763411454590271377e-01,7.398303521335205524e-01,9.759051398817668588e-01,8.268878773795368398e-01,9.609137965759020350e-01,2.262106593891969886e-01,2.091828153639652410e-01,4.408651609614485101e-01,7.288636875225862344e-01,4.254295045356581428e-01,6.515368944324146927e-01,4.020869993493875749e-01,4.607309129541453663e-01,8.036166987272789219e-01,9.605208356891310473e-01,3.524564304773064594e-01,6.391247161109332442e-01,9.915292100026903421e-01,8.707102435665108331e-01,3.285859751986813793e-01,7.776465070147277059e-01,5.120976688448685143e-01,6.861883014912264489e-01,8.758787807778455337e-01,7.377445964747118001e-01,6.419800010853800032e-01,6.112463435272058598e-01,9.403323944749616414e-01,9.933181563761899202e-01,8.975787374572621324e-01,5.375510220335386613e-01,9.188618674679787102e-01
8.828532769509370715e-01,4.581889523992891955e-01,7.885075572401827326e-01,4.064049360810609857e-01,6.488894478700133472e-01,6.350979539583002653e-01,7.821825454460928917e-01,5.137051083701834608e-01,6.749960842985043286e-01,2.061938194989130779e-01,6.591694064177238133e-01,0.000000000000000000e+00,8.862754576433540254e-01,8.286014104963393967e-01,8.040534301385763305e-01,8.875057500453512604e-01,8.882192267325642598e-01,6.920941286236670376e-01,7.153739525888731521e-01,9.550560323855730172e-01,8.402473934045764370e-01,5.101157228170841718e-01,9.189069848800813789e-01,8.778291737151689977e-01,7.772807291129431029e-01,9.296710414900699604e-01,-9.091592119994408583e-02,5.980467007430639859e-01,4.027238017335814657e-01,5.896878405125082212e-01,5.859844258328889000e-01,3.056588365610929392e-01,8.229254918509893990e-01,5.235586549639923426e-01,4.538384309119158355e-01,7.065120308677139693e-01,5.263954110945959775e-01,7.638444573720257758e-01,3.407389175112511825e-01,8.255144135580275710e-01,4.347578102766454511e-01,9.267265721701296588e-01,7.890009072517004673e-01,7.690834642410095956e-01,9.298013876552039259e-01,7.418456111960468613e-01,4.662354182747868170e-01,8.007244362876348998e-01,5.921267646305929944e-01,9.868921390456436571e-01,2.220648082247549671e-01,9.333175140003320269e-01,8.411880752646582193e-01,7.591574813017705203e-01,6.331349924464642065e-01,7.619481751147334503e-01,9.704979887071870648e-01,8.657222467340162098e-01,7.761008689294323082e-01,1.282225312758118185e-01,7.372651372984052598e-01,3.310585761693178863e-01,9.868287351074870317e-01,8.366620708310826826e-01,6.885718499137749582e-01,4.681213019266330377e-01,6.885274910825195382e-01,7.111810392078876664e-01,9.003238183012612916e-01,9.484845633811884724e-01,6.688217826266423804e-01,7.633778822985129997e-01,6.303893277867959055e-01,6.053591298746499039e-01,4.698756489006994386e-02,3.976286575401862255e-01,6.693731817832065945e-01,2.033905545156879380e-01,3.295533893040949458e-01,4.148273902242328726e-01,6.241568780847054354e-01,7.967155739909737022e-01,6.152636830168585202e-01,5.244058010612698828e-01,7.858750154531624066e-01
9.230736430770508649e-01,6.778602115468518319e-01,8.657772032443614707e-01,8.839304326121582012e-01,9.944896016561994845e-01,-3.719467839381010443e-02,9.325814080534595707e-01,4.651315932390745478e-02,6.242526826757487379e-01,3.459815471808032616e-01,6.688982439158608351e-01,8.862754576433540254e-01,0.000000000000000000e+00,4.628791312628224297e-01,6.412419300131260158e-01,8.312175390425821098e-01,7.842849346146214540e-01,9.380406432770969083e-01,9.837753476587748347e-01,9.870370700058339608e-01,8.945416615869147270e-01,8.209555510309475279e-01,5.561502713599978387e-01,1.441489332607080176e-01,3.784278412881368903e-01,6.329917127216640182e-02,6.730146480338079495e-01,9.737115048510606163e-01,2.589436827863925150e-01,3.191821817735907008e-01,3.667867642790683114e-01,5.788379745984749691e-01,3.668826664663161208e-01,8.524849556419207275e-01,9.244982394712695228e-01,3.296875540933794646e-01,2.415999386808131422e-01,7.182438271614524083e-01,8.731727753889109156e-01,6.161334772386587444e-01,4.536772721611946335e-01,8.518125104879340492e-01,6.583275487366722079e-01,7.847394447163996700e-01,4.236935918327117689e-01,8.644015742081289089e-01,8.829112824519064207e-01,8.192406900413333748e-01,8.582028973128973393e-01,8.933013963750111586e-01,7.821775332466294195e-01,9.773607018053267481e-01,6.028460954740724187e-01,4.895814132220708270e-01,8.668730015432529745e-01,6.882723870963676216e-01,5.839959579207069096e-01,6.363862638764756774e-01,5.070487511777186374e-01,7.380222132854650230e-01,3.382727750374728837e-01,7.446153325705472392e-01,9.715244388441167667e-01,8.775706016147113431e-01,4.512386192138230223e-01,8.002808221756883000e-01,6.171476180752109020e-01,6.395871491047453450e-01,6.050946280714746273e-01,6.933504388802490537e-01,9.027359853392745714e-01,8.702094462726666091e-01,7.576195856640752790e-01,6.698633527732059667e-01,6.854846948921921035e-01,4.421439793654817763e-01,6.442815964855228561e-01,4.777926908869222222e-01,3.994525647531692591e-01,3.947038118717143274e-01,7.351165666803293197e-01,5.332500799434193306e-01,8.876665214136308935e-01,8.865950330413217007e-01,7.053337690467113008e-01
9.680409869717787608e-01,9.626391546018361334e-01,7.422047015618122856e-01,8.170963180243441260e-01,7.599287724131399413e-01,9.774412880414363736e-01,4.850860399272871604e-01,8.751366391732170458e-01,8.581592056404003799e-01,6.953738298321859856e-01,8.567567908501644292e-01,8.286014104963393967e-01,4.628791312628224297e-01,0.000000000000000000e+00,7.031200043774019637e-01,8.559350839826693758e-01,5.796529295224537442e-02,3.566486264696411834e-01,5.919425655955534715e-01,9.686390250815193337e-01,9.740461697153651732e-01,7.088244990689869240e-01,7.502973714543265116e-01,9.453735053149106005e-01,6.230143474530922543e-01,7.165303570864355320e-01,5.695513683167227059e-01,4.352255998735610198e-01,7.756650477277270139e-02,2.116570629129190251e-01,2.559824681534629831e-01,5.767720253199416502e-01,8.004181931448192122e-01,5.638228025708373892e-01,9.122053722297126521e-01,3.455584485147129570e-01,5.558552009470980881e-02,9.004178680900331022e-01,8.881602034978741678e-01,6.871509308344573297e-01,6.270319355082962787e-01,5.652790369629319134e-01,9.083103501835589899e-01,8.420788024890633050e-01,8.217375568081728421e-01,9.967538629748668999e-01,5.514062174161383778e-01,5.650740876595040652e-01,7.764950671241517277e-01,6.508568711328387435e-01,3.178847180623147750e-01,6.008976416391671460e-01,9.897370768913622552e-01,9.866207785645522144e-01,8.765225143863175639e-01,5.837515838714023575e-01,8.380578994432114071e-01,9.634610473258505836e-01,9.033225969614938622e-01,5.757857394540000229e-01,5.380590927611246521e-02,2.067973895145787666e-01,6.493134180610474204e-02,8.044831481320849909e-01,7.232438220060044554e-01,6.674835821226509092e-01,7.826833064970156739e-01,4.829883148374300994e-01,4.197588612108708039e-01,7.234213554118376077e-01,8.221781136354356923e-01,7.630055733596627920e-01,5.615222461821894884e-01,5.690830136568376940e-02,9.631747013215380404e-01,5.320037643139674532e-02,3.521353247374092721e-01,8.575050180911186759e-01,7.151825562758394872e-01,4.692914716323579039e-01,9.195560105373332682e-01,7.654405644086965665e-01,6.419612779647581036e-01,8.806253285242514606e-01,9.451550099689871587e-01
7.552801402105974171e-01,9.740231860753956195e-01,8.182979237142201656e-01,7.607222804242841363e-01,6.968924871454934555e-01,4.403393342550294687e-01,6.049969690385453847e-01,6.572899800711498042e-01,3.355500507542594768e-01,7.046981538411919432e-01,7.105565129683490966e-01,8.040534301385763305e-01,6.412419300131260158e-01,7.031200043774019637e-01,0.000000000000000000e+00,9.104109564740511251e-01,5.285003774952914402e-01,6.048016949383457908e-01,8.865902194194367203e-01,9.474314874969356204e-01,1.463067177669723218e-01,5.026383817645608820e-01,-1.200157232645074207e-01,9.747980629116812512e-01,6.914751081750306616e-01,7.591258936215982134e-01,5.630961676645077629e-01,6.209363714922899735e-01,9.490035165506371939e-01,7.133815776929263164e-01,7.039057195904793174e-01,6.698006361603628944e-01,4.495765370049290555e-01,8.868185455825949859e-01,7.619336398054489257e-01,4.361002175229860556e-01,1.527405579000417901e-01,2.510886286170739279e-01,8.805330815951299961e-01,9.387931601558205941e-01,3.461467517332351695e-01,3.126801653823562122e-01,7.462946060932401648e-01,9.368529043639611809e-01,8.489867944911907438e-01,8.378882399861700137e-01,6.965140735873007749e-01,4.095932970050998323e-01,3.809556325212671846e-01,8.026707841817061206e-01,4.180676697146373799e-01,6.142838351050796675e-01,7.560832980533875869e-01,6.019156379796500866e-01,8.322733879675899837e-01,9.547944580688262350e-01,6.033037794732436510e-01,7.927240542958010616e-01,8.728831588934437002e-01,1.802775755115249012e-01,5.748560313762836049e-01,7.136812707940367595e-01,6.726632736956931202e-01,2.688640493025209466e-01,5.658970902351225796e-01,4.877108635404291404e-01,6.723879211140653123e-01,8.426418443746793718e-01,6.284751293072756706e-01,3.143362731075663441e-01,7.060398642593582741e-01,7.791893826769629161e-01,5.782797467775926403e-01,8.942363832019157854e-01,7.584621963561980484e-01,7.537944473426722025e-01,5.247844792050813112e-01,6.354535155667426771e-01,4.564811916318223250e-02,2.956090735533685177e-01,9.154331841211080789e-01,4.587743741088775029e-01,7.155616333830909781e-01,7.646694332250798531e-01,7.166969046920039776e-01
4.696098696396405758e-01,5.087172906861223698e-01,9.255733715538460027e-01,9.097443224113979099e-01,5.542124690320467950e-01,7.450206383852557845e-01,6.619747257381841665e-01,2.763797729418294158e-01,5.576153391336989840e-01,2.775962203422366881e-01,9.093281798358832102e-01,8.875057500453512604e-01,8.312175390425821098e-01,8.559350839826693758e-01,9.104109564740511251e-01,0.000000000000000000e+00,8.593324635150592083e-01,4.171083704938495229e-01,6.312571848198506030e-01,7.839568167829634726e-01,6.941543155465476067e-01,6.718503663393631253e-01,9.472896964255276275e-01,8.189304796419645260e-01,9.863761235543428985e-01,9.385287350971420750e-01,7.570674849378191684e-01,8.040450875475055881e-01,4.796102727066063331e-01,3.915660717162670196e-02,5.681259053461914510e-01,6.784660359045663336e-01,9.251854371384002906e-01,6.155856731102354873e-01,5.599557223413397233e-01,4.697835271583825634e-01,4.287183429110621447e-01,6.903623219377930109e-01,7.126449722086998229e-01,8.316881829409440430e-01,7.592777352523272238e-01,5.801336756202299938e-01,9.782605338190977218e-01,6.761508991952333014e-01,8.722891734244130335e-01,9.555923283988780881e-01,4.247498959401749818e-01,6.090808801983471632e-01,2.169085332355318585e-01,9.679392073711261535e-01,4.900713632538677977e-01,6.095943172692295242e-01,4.564213640708097430e-01,7.384399633201694790e-01,8.384280551248184388e-01,6.398514634513303712e-01,5.168069828763030005e-01,2.872920559928814899e-01,7.385067385164254539e-01,3.131603061641490826e-01,4.134875555210340559e-01,6.482844776240412887e-01,3.701055735144906378e-01,9.767365815041832988e-01,9.877048063672984046e-01,3.961684613829411505e-01,6.907198551390181240e-01,8.795853775816676601e-01,7.271309734135211755e-01,7.345727617212631788e-01,4.422002474712046216e-01,6.965615159740213835e-01,6.929672682045470156e-01,9.504311325994724280e-02,7.627909852882007735e-01,5.395687035090910300e-01,8.059643651727420588e-01,6.912174744272491234e-01,5.559833334446745434e-01,7.168563500530068522e-01,6.543058490494990664e-01,6.236063787021697280e-01,9.690122776514851211e-01,5.528370133394853170e-01,6.446314086920043041e-01
6.182394018263067670e-01,2.363798003681325810e-01,4.979957437019697508e-01,4.137881899657291918e-01,9.633970923926920005e-01,2.047780409858787620e-01,6.588974423685119985e-01,8.605578118425333267e-01,7.900803018592157390e-01,7.497360810458975067e-01,8.039337095570540104e-01,8.882192267325642598e-01,7.842849346146214540e-01,5.796529295224537442e-02,5.285003774952914402e-01,8.593324635150592083e-01,0.000000000000000000e+00,8.413828845196481554e-01,7.737598188179607428e-01,8.536118246619343042e-01,6.037060670784286653e-01,8.467483527889148043e-01,7.189549672773156708e-01,8.543957576803153930e-01,4.678833473245950780e-01,8.847756416276004732e-01,8.495063769165417389e-01,6.656163766439712193e-01,4.650840535336806525e-01,2.949597475814513259e-01,5.535857744094762056e-01,8.693406130369734086e-01,9.079182211644615252e-01,6.045520214592555730e-01,9.111918513302216249e-01,7.837723804041180076e-01,5.601107691778135500e-01,7.653282315414657866e-01,4.063802517287730676e-01,8.627925456864734555e-01,2.255354793688252868e-01,7.825886139117701479e-01,8.126641467690450815e-01,7.437438875616213529e-01,9.366985752134885379e-01,7.697614773581599179e-01,7.600398159155187239e-01,7.658776218475313868e-01,1.320044676551854895e-02,6.074573756826628923e-01,3.333858292255098554e-01,6.599690342189752368e-01,9.483343556009717901e-01,8.104886725915823042e-01,8.909123028263402633e-01,9.427911963344554058e-01,3.491801812240261094e-01,6.177295630384608272e-01,6.824046337916875871e-01,9.706625187288818735e-01,5.754024114197038298e-01,7.797973291176913957e-01,9.057651339800018020e-01,6.168493828020622516e-01,6.658029072814275473e-01,9.005446556554852489e-01,3.913291758376053475e-01,8.573948017396066934e-01,6.821416993278276442e-01,7.591972583568751265e-01,8.587562458262957277e-01,7.478163847092713645e-01,3.311761751120644304e-01,7.784490349803702136e-01,9.244726553342190734e-01,6.567673358614440904e-01,8.039689767795681341e-01,8.324411501172490624e-01,4.045296415079515651e-01,4.238170624072762349e-01,8.554018330557077165e-01,8.593642414907582960e-01,9.266024155675587348e-01,7.875332193275870196e-01,8.043342253082884641e-01
9.274636197980974384e-01,6.078348322882564103e-01,9.031892557661779231e-01,6.461011270659351435e-01,7.020815021130472067e-01,9.638837057822355892e-01,2.615153064707062547e-01,4.525576491771003407e-01,4.255194963706241396e-01,2.515954307644959753e-01,4.022069801836631320e-01,6.920941286236670376e-01,9.380406432770969083e-01,3.566486264696411834e-01,6.048016949383457908e-01,4.171083704938495229e-01,8.413828845196481554e-01,0.000000000000000000e+00,5.566559113456562846e-01,6.888954781994739429e-01,5.637573771488888497e-01,2.183859399831015458e-01,6.560977129500751293e-01,9.028943402228355453e-01,2.127917240534774879e-01,9.055077598329195343e-01,8.966967178400190308e-01,6.082406366855456215e-01,4.447216065550451680e-01,6.541052886877001260e-01,3.077947685371725806e-01,6.106877754573094563e-01,9.535750195424500530e-01,6.095160803391790338e-01,3.355994066683482546e-01,4.594725063945803711e-01,5.312505832591939425e-01,6.571527718484491132e-01,4.999495784100532747e-01,9.669769791000949466e-01,5.557562272353319122e-01,6.683052236409153801e-01,8.118495681493275162e-01,8.060243783618871172e-01,4.781951551753557128e-01,7.958614035012732124e-01,6.531017969803811773e-01,9.599414712508053116e-01,4.836549076552913440e-01,4.950394500506454659e-02,7.198124474739990841e-01,4.525554248147606873e-01,4.925804288346348203e-01,6.935031441622725445e-01,6.145809882788626499e-01,6.246288461783189305e-01,4.007666621818899849e-02,9.974134844572122294e-01,2.197768481798127171e-01,6.378808355939520336e-01,6.031396545209962712e-01,6.769171391762950352e-01,4.002056897876861696e-01,7.431575111184266502e-01,8.855106839990644074e-01,6.221647770110808606e-01,9.221445160306080968e-01,9.182823408896030326e-01,7.933154040010329533e-01,9.244881964530851093e-01,7.228788175337190758e-01,6.519881800272667727e-01,2.561764489540222511e-01,8.594430952678240310e-01,2.996253663569804493e-01,3.384067387763803891e-01,5.719360476623547296e-01,7.519253905725239440e-01,4.508660965756355332e-01,7.969475411372476392e-01,3.130847064960090576e-01,9.635774679112613095e-01,7.200198020240002883e-01,4.855432239112217885e-01,2.360622832122973302e-01
