0.000000000000000000e+00,7.497351730189134589e-01,8.571870025226003831e-01,9.838674205946033036e-01,4.979372852442053854e-01,9.869520365970886333e-01,4.651959671278102504e-01,7.605689373420844168e-01,8.334782058230949531e-01,8.990020183224095573e-01,7.808859638262281022e-01,7.187182291723671623e-01,8.052259152462757363e-01,9.094543985080084658e-01,8.142676488939288859e-01,8.728396555345743213e-01,7.629271004084012819e-01,4.256366760229984836e-01,7.502502414732344915e-01,9.656326456358821364e-01,9.204324625370698953e-01,8.480831157062096448e-01,6.966782557392316999e-01,8.988046013258516043e-01,9.881847151523592832e-01,7.160338560325584245e-01,9.221411286347659386e-01,7.170343484579830839e-01,6.020180784890871717e-01,5.466695030588091253e-01,4.252382986298619549e-01,9.118958668406966783e-01,6.520212114736511078e-01,9.434759119179066955e-01,5.333282044026892432e-01,4.320582489900528511e-01,2.700062921209692712e-01,8.179459321801785254e-01,8.268923731571431457e-01,5.976410836105758850e-01,2.729767513112885124e-01,6.778588618280583233e-01,9.035589157219175993e-01,8.793525584685594199e-01,8.500943553434195943e-01,9.248202997572204653e-01,3.450004019090192608e-01,7.364829802669393688e-01,9.204723199152889945e-01,4.972768875072540173e-01,6.064593082508137334e-01,5.575895811386419876e-01,6.671382951336343181e-01,6.225584260940366654e-01,6.104429766733060481e-01,6.948088976044307641e-01,6.157575645099672146e-01,2.497776130298593189e-01,6.376786234947244836e-01,3.081981544454406308e-01,4.501257716824947908e-01,6.425054312527601619e-01,7.277234433174768480e-01,9.529719115875248114e-01,8.318904496534487158e-01,8.436738255094372585e-01,8.407616262361973236e-01,8.081716568311496651e-01,9.780187504452420022e-01,6.285527100944429124e-01,3.440356916043290081e-01,9.333627638632501222e-01,2.677595450693181500e-01,2.829276258666461041e-01,7.621605134610347498e-01,8.788821672385506156e-01,9.043075434275982261e-01,9.554510025659177508e-01,7.402645528063720448e-01,2.315036839861030482e-01,6.078201458494060239e-01,8.480886003420599062e-01,8.331852625897441245e-01,2.724633041338527795e-01,9.124711107972884871e-01
7.497351730189134589e-01,0.000000000000000000e+00,6.735058739792016969e-01,7.074845684092531117e-01,6.318636345706225566e-01,7.288450283940912655e-01,3.206636225910224347e-01,6.820293139661594006e-01,7.939668788151115209e-01,7.516678063000392651e-01,2.018487221776811835e-01,4.850068791553381331e-01,6.717539613379337471e-01,4.692868988798269414e-01,7.199584652398215434e-01,3.695369869133597884e-01,9.389224093761519008e-01,4.308635757288917789e-01,3.094029057645696912e-01,5.509892062798430468e-01,7.927296287775531525e-01,6.090127003374053993e-01,4.332401443125846741e-01,8.817346685556141095e-01,4.785183731063211154e-01,9.682012272266360409e-01,6.203563023398386278e-01,4.434067509971020837e-01,5.565395253125321462e-01,3.429167918962681139e-01,5.790512858668142027e-01,3.476355881880959231e-01,6.434248404462994397e-01,7.055377480655674605e-01,7.180281001992818712e-01,3.582131116461654829e-01,4.682333657503449098e-01,4.617212907534864463e-01,9.524250018602428147e-01,6.300127338187827553e-01,5.513669325726445747e-01,9.211579941124788951e-01,5.230194731548881704e-01,5.069158324777650604e-01,9.226251116231294347e-01,7.445115577935430551e-01,5.918263550787539184e-01,5.271317208965453638e-01,9.667529921482480582e-01,8.032825302933171985e-01,5.714083278591981507e-01,8.699083432869416654e-01,8.268944078377742368e-01,3.146891679474228543e-01,7.961874170779872362e-01,3.216719894061594864e-01,9.254927352769454219e-01,4.712539123280246045e-01,9.086912239764728394e-01,6.199563224101483083e-01,-7.194640294617934972e-02,6.729625928999543039e-01,3.692973942027730772e-01,6.708788739215330033e-01,7.564068127681581322e-01,7.725622048155074140e-01,9.135603620559784588e-01,8.882380981622869376e-01,5.339652569610853217e-01,2.649960478426178767e-01,8.192679995507703428e-01,9.308630931708091749e-01,2.033319279050881945e-01,4.243469875450094908e-01,3.450052696691365828e-01,5.330074829642513778e-01,4.381498961823310778e-01,-1.796237166568944721e-01,6.153359502576246642e-01,3.783018520927456940e-01,7.532987764541965170e-01,1.052618954481722852e-01,8.302797812830191582e-01,6.204445559625181295e-01,6.366856990878031475e-01
8.571870025226003831e-01,6.735058739792016969e-01,0.000000000000000000e+00,8.524296442978812616e-01,9.110231300691831180e-01,8.448231233777793170e-01,9.322188545708586238e-01,8.327330739934238890e-01,9.603020281067488062e-01,9.342466614726058216e-01,6.304381802699176029e-01,4.160538598016161327e-01,8.107507129010314006e-01,8.813370086383528479e-01,6.532590240271500814e-01,9.057106172199740346e-01,8.000981514664260441e-01,8.292437561869216989e-01,9.476353743303874699e-01,5.793891507324198109e-01,5.797080192158278189e-01,7.711975319727030209e-01,4.433171323859855240e-01,3.640763649426142362e-02,6.328443636724957466e-01,8.186907210054097384e-01,8.619744660472915543e-01,7.103130294761655916e-01,7.458567488287307645e-01,6.320678232563130272e-02,1.042512326418906093e-01,8.892430799430887101e-01,7.325272379326586147e-01,8.403254797569693624e-01,8.670767972807823520e-01,2.166205262864799030e-01,-7.574756458819199845e-02,9.217829515770411541e-01,7.674674238130463344e-01,1.894460084682315637e-01,6.341893368852075108e-01,8.698019218700193678e-01,7.283594796722043796e-01,7.421204065072661837e-01,9.987308605189372246e-01,3.611290717104975734e-02,6.342521807074004148e-01,9.474441396633771495e-01,5.212348613231370109e-01,9.488206081923351576e-01,8.119675078350552244e-01,6.300682799835258807e-01,8.767599796784877331e-01,8.748766773801366359e-01,6.256240785124236314e-01,9.544506295252033201e-01,4.561096740080237133e-01,4.248976321727952477e-01,8.223346748771788173e-01,5.986357317266792766e-01,4.725455904732587253e-01,6.465811252121144159e-01,6.379144856706782107e-01,6.069163643561091837e-01,8.051782710387409558e-01,5.051991889417771775e-01,9.580366965188419348e-01,8.262154630839837477e-01,5.256414549570989081e-01,4.812442268332206008e-01,8.927797484575605846e-01,7.614164602113755453e-01,5.961070624196136425e-01,2.275335128108105232e-01,9.777955545520765623e-01,6.423416728230803008e-01,6.143404067135567193e-01,6.616485111997894020e-01,3.159017262748974320e-01,5.613554435537075893e-01,8.393641283771825501e-01,6.880886988163478213e-01,7.455803978843131841e-01,8.160533396738319789e-01,7.398140478480166871e-02
9.838674205946033036e-01,7.074845684092531117e-01,8.524296442978812616e-01,0.000000000000000000e+00,4.961414258712271708e-01,8.934127603426517128e-01,7.538659870432784516e-01,7.527090324731013915e-01,8.821960978362642924e-01,9.975859693509011583e-01,9.992048083288533888e-01,9.879896696233582132e-01,4.232542733946803581e-01,9.488606457349699763e-01,6.389653581416591122e-01,7.316502731470466703e-01,7.475200136702622178e-01,6.032441725812458522e-01,9.609084648231213110e-01,9.400685741371972437e-01,8.830566175161463915e-01,4.067483384713749817e-01,9.212674831370034623e-01,8.036653592703233429e-01,7.161398131371899956e-01,9.647136318216222861e-01,7.768137990932090231e-01,6.823908471640370843e-01,5.188203926384785669e-01,5.400285430927185271e-01,5.736711930391533709e-01,4.171826541935340638e-01,6.347869319170948987e-01,2.020203359727189008e-01,6.399113945661608627e-01,2.615267390234763539e-02,3.171505811606640801e-01,5.213934090226579610e-01,7.977292676564540219e-01,7.970711170513948840e-01,6.031470330667780821e-01,8.154316774135624835e-01,5.755483704407708956e-01,8.687553216825696367e-01,8.513333931223941997e-01,6.602590200408897658e-01,8.529400144394422290e-01,9.029296752490310052e-01,7.339225088894852922e-01,9.333240496024677313e-01,9.166562985389137275e-01,8.078778294005822813e-01,7.961335673600561380e-01,5.101023209049737606e-01,5.198831849097590441e-01,2.439291344200966161e-01,8.666650754614316776e-01,9.997283564061631989e-01,4.763682612919624138e-01,5.488623936038025120e-01,5.713307459792789089e-01,6.074940303085913929e-01,8.715446271220981256e-01,9.692064770815123076e-01,7.260314385552887329e-01,6.976141905876395155e-01,9.626210470116465245e-01,5.039699825463298533e-01,6.132575910827882115e-01,7.660660568574838569e-01,7.404446530675977689e-01,8.016293313704330181e-01,9.034041279904998500e-01,2.716068516118140264e-01,2.520281373396159874e-01,4.411985146258758372e-01,9.430677408850254295e-01,4.000421658275927217e-01,7.250580801868832248e-01,3.515664281884381404e-01,6.920568180915058765e-01,4.740328446225753334e-01,8.241575797176372564e-01,2.254212836780570828e-01,5.198125553325044779e-01
4.979372852442053854e-01,6.318636345706225566e-01,9.110231300691831180e-01,4.961414258712271708e-01,0.000000000000000000e+00,8.374787647140293778e-01,6.064670663702315112e-01,5.207924767258199639e-01,7.203994902215684615e-01,9.491172356279481415e-01,6.216228645351049575e-01,9.602987851130624364e-01,7.277013889048040696e-01,8.185035765684929299e-01,9.726165289404884451e-01,5.490993258664622623e-01,8.247483673076129174e-01,4.069814551912513956e-01,9.855336431895292959e-01,8.234843337067437874e-01,8.072012420262960619e-01,7.976175376985179533e-01,7.404677988983534576e-01,7.429047125182105527e-01,6.649352775734209686e-01,7.215271577217716725e-01,9.117453103954362703e-01,6.009744113153874245e-01,6.363309508682400972e-01,6.356124988757111405e-01,-1.463989184151450462e-01,5.653020086207498629e-01,8.502841743759446125e-01,2.015600699471651047e-01,7.917366652966945084e-01,6.186454262427369954e-01,3.048637983238045111e-03,6.747066203063470935e-01,8.059414662181771938e-01,5.743937327190680175e-01,4.262079330481562955e-01,3.389718846469483848e-01,8.534776514115546275e-01,7.995095016965215740e-01,2.874359562253726574e-01,8.963758807502040238e-01,7.036181351437967857e-01,6.533325561197402820e-01,9.255201950266801481e-01,8.181170765837743053e-01,9.374169890935093452e-01,9.729419845101801023e-01,8.098649207517811810e-01,7.949023812113726883e-01,6.640644013792471601e-01,7.624711203460697861e-01,3.753798231841448674e-01,2.405969312831723050e-01,5.499542114559206052e-01,4.787600862539349578e-01,4.996314042252817389e-01,9.211853222596838586e-01,8.229111127861701291e-01,6.931180907505540834e-01,6.428596832653141746e-01,4.254197609276901826e-01,4.295345910280994328e-01,6.862704147564534507e-01,5.182116126489129115e-01,5.313386447696466508e-01,6.709056731184970257e-01,3.410783583920016238e-01,5.530683665750530942e-01,2.729484965440265865e-01,8.400485773271504364e-01,4.302696380260744302e-01,5.133261220260578739e-01,1.918575179270654296e-01,4.790250595422883007e-01,4.280493793064245045e-01,2.399924706363834592e-01,9.096624708523437519e-01,8.567685247852607766e-01,2.216800809933315297e-01,9.404939186901416504e-01
9.869520365970886333e-01,7.288450283940912655e-01,8.448231233777793170e-01,8.934127603426517128e-01,8.374787647140293778e-01,0.000000000000000000e+00,6.307641055308347289e-01,7.232329659088767571e-01,9.920447747693761364e-01,7.102738116173411553e-01,5.336089988393890593e-01,5.144067482825547266e-01,5.047963594557378642e-01,6.271216474089220672e-01,7.164194771305825160e-01,6.232536731435600608e-01,9.722507731724024937e-01,7.612558102728788079e-01,7.813994937132797691e-01,8.141526731580308596e-01,4.771177062988208872e-01,4.592831039578779695e-01,8.585081718836986564e-01,8.955745707589367610e-01,5.518109482698931867e-01,8.169010864766248492e-01,7.479662499123895802e-01,6.653624515408962381e-01,5.557960436940119209e-01,6.915899363063043870e-01,6.519902351972313159e-01,6.848529934211521342e-01,9.659194308353373781e-01,4.122690881531522744e-01,7.884679273881847195e-01,2.161633668010421172e-01,-4.353543387248703933e-02,4.557940014441274612e-01,8.798881086077152691e-01,6.760864090284138817e-01,8.252985895345704703e-01,6.356256772925077403e-01,9.132573054485051411e-01,6.551138520671861976e-01,8.496805717300413008e-01,8.317323521920969576e-01,7.517225925516153318e-01,3.160796215047120827e-01,7.727461894989184898e-01,9.286517427946875403e-01,8.410017855836221523e-01,6.400067248410767906e-01,3.395094993375131764e-01,6.276962173116653609e-01,9.593651786221424338e-01,5.072530382540261229e-01,6.571677743870355526e-01,5.553216137605911928e-01,9.007683904993996071e-01,7.576498254964343648e-02,6.620240913385103676e-01,6.198471759781076784e-01,4.276787858498529160e-01,7.294043556185396682e-01,7.368326080345534157e-01,2.022604016654011294e-01,7.033359509362532291e-01,9.085151546289564894e-01,4.291671630448981034e-01,4.580912162993137082e-01,6.208619721938665181e-01,5.112230000020474563e-01,5.208379520912120864e-01,5.783625459227750287e-01,4.675809638046021788e-01,4.449469918588217499e-01,5.504267571163516948e-01,8.970823274234828171e-01,5.804688211403105091e-01,7.674807825103628911e-01,4.655805934836460547e-01,6.923661286153782735e-01,7.398462432560120039e-01,4.408643674564175496e-01,7.267423881438415112e-01
4.651959671278102504e-01,3.206636225910224347e-01,9.322188545708586238e-01,7.538659870432784516e-01,6.064670663702315112e-01,6.307641055308347289e-01,0.000000000000000000e+00,2.946116581652759026e-01,4.563202628996960164e-01,7.583708615428476074e-01,6.481758631728471443e-01,8.914748342755851596e-02,1.022847675602891332e-01,2.597897228440117501e-01,8.243721063172434471e-01,4.049409006108274922e-01,8.323575377043684886e-01,1.428593890336313510e-01,4.837718389718635437e-01,8.969879072835739153e-01,7.394430057064760309e-01,7.047096108279731208e-01,4.864412841848034241e-01,4.764543754765342976e-01,2.918375681299664737e-01,6.845202498291504956e-01,7.341450471005841472e-01,7.704460328980684558e-01,4.216694695290604811e-01,5.740611512820932294e-01,5.066632136941723319e-01,6.322570644189700051e-01,4.352427288488259771e-01,6.588105157171150195e-01,6.816774003413331728e-01,7.571605826898735181e-01,3.339742498600626330e-01,7.864503649189719114e-01,5.564015711952638998e-01,7.907292138376813551e-01,6.420029699599416606e-01,7.004393867346158098e-01,7.461938475731811904e-01,7.171309923490453153e-01,8.646663921262845998e-01,5.902162799490215939e-01,6.503139525643724106e-01,1.209345010911526686e-01,4.932836756293968450e-01,6.283198531378832996e-01,6.612263543711904834e-01,4.103867940347484256e-01,3.507988691656968028e-01,2.355361583711999274e-01,7.061747236358000279e-01,3.110393496646025047e-01,7.553486382615546280e-01,9.695272722614508565e-01,8.270473939090225990e-01,3.912181427822587487e-01,7.437524219406673742e-01,4.725408436184763139e-01,8.646018270158084551e-02,9.791829483898244479e-01,5.996971100660456466e-01,5.151241181921615286e-01,6.329479923418834808e-01,9.868491102693850436e-01,3.352068910336282737e-01,9.058708175441306798e-01,4.009653129022470730e-01,6.637533548763379088e-01,4.949038851841418563e-01,6.249719195316025822e-01,9.454833971910149293e-01,7.836959516401029724e-01,9.186988641198318151e-02,9.195262475363855659e-01,3.240047128243522812e-01,2.963595033764707676e-01,5.490235520725170737e-01,9.363874450118420123e-01,4.722642656490159685e-01,8.275873694452298146e-01,4.351934209766534223e-01
7.605689373420844168e-01,6.820293139661594006e-01,8.327330739934238890e-01,7.527090324731013915e-01,5.207924767258199639e-01,7.232329659088767571e-01,2.946116581652759026e-01,0.000000000000000000e+00,5.830126774820862945e-01,7.248668637557021954e-01,4.287651715626671911e-01,6.017992124471338578e-01,3.109277100899349167e-01,7.131204937701061120e-01,6.170003384804945146e-01,7.576267400101582838e-01,9.047383938071335008e-01,6.960033163407853829e-01,5.897368175511956689e-01,3.072081328451414239e-01,7.066259430103838390e-01,5.504240595992307972e-01,6.603277118094265097e-01,6.315549171294043695e-01,6.662877007327788759e-01,4.386700451200010176e-01,2.067739854229715957e-01,6.044183273712588900e-01,4.609703075658541649e-01,4.166390897897607193e-01,4.769241571873489849e-01,7.029897027145686206e-01,2.854817712874328506e-01,8.820565712635870526e-01,4.463032407532336321e-01,7.367295682685083280e-01,7.672369157677919604e-01,3.917208782505046116e-01,9.725248859802386736e-01,2.898076059496410561e-01,1.486094606787760897e-01,2.929187875936920538e-01,9.527800265884865949e-01,7.027751031950543181e-01,7.677840882944111378e-01,8.082255382328851212e-01,2.618555442835795444e-01,5.449360700475741615e-01,5.065395945347191120e-02,7.533653943048200796e-01,6.758826779419634390e-01,9.713069169452696050e-01,4.813704428656194190e-01,4.474166296353635497e-01,4.080807524923982799e-01,8.823186518702352821e-01,4.872641078850040164e-01,6.016674902504097755e-01,7.657468958280888582e-01,7.026330976559614916e-01,4.556402107974649035e-02,2.564602978258636035e-01,4.607084825623316560e-01,9.932320612108964664e-01,9.565566675444278077e-01,3.260814529361162339e-01,6.073308776230792461e-01,5.436517577654015332e-01,6.646939486019112220e-01,7.516300555937661665e-01,7.749737522180760729e-01,7.715401232828600353e-01,3.315329879214697351e-01,3.097913864270726014e-01,4.350620613929156444e-01,5.054267403260969127e-01,7.208002596385608696e-01,-7.557831163157258114e-02,5.622935303073979263e-01,8.419683958456836148e-02,4.273236068010074495e-01,6.173573018669274992e-01,9.578620405760496226e-01,2.149180832914117378e-01,8.983054114726798378e-01
8.334782058230949531e-01,7.939668788151115209e-01,9.603020281067488062e-01,8.821960978362642924e-01,7.203994902215684615e-01,9.920447747693761364e-01,4.563202628996960164e-01,5.830126774820862945e-01,0.000000000000000000e+00,9.213428260954040772e-01,6.408923204012856312e-01,5.826094986364031003e-01,4.416807549415149858e-02,6.454436745047180679e-01,8.050629593776628123e-01,7.194362547239004924e-01,8.416366390308426260e-01,7.685516602120543439e-01,7.071611921299709724e-01,8.624266112720677668e-01,4.933698791071902678e-01,8.806717343291141642e-01,7.008960555750906041e-01,9.673878477442273693e-01,4.941194518885924092e-01,2.477171799360963211e-01,7.842024981264608119e-01,6.653941512409584647e-01,4.087893775463967150e-01,7.294124851456966763e-01,6.351597227435341608e-01,7.064649146655771483e-01,2.856083448354184706e-01,4.104035118198933740e-01,4.184019075850745617e-01,1.308804068439923252e-01,2.206460111531974855e-01,7.554414545005815329e-01,6.860779615266031639e-01,8.939145473872849301e-01,5.496956538223314315e-01,9.107908021620368944e-01,2.244052653818340015e-01,8.053782822881787595e-01,4.842188747304111418e-01,8.702804482050301438e-01,3.126923322747499623e-01,5.781757246120802218e-01,7.328989860820702695e-01,9.516618412374714397e-01,7.124582203598393004e-01,7.261136659703655294e-01,9.578937461153423927e-01,5.258902111405345803e-01,7.086184954185170692e-01,8.559380293707643528e-01,2.326990071996361542e-01,6.098723079625892884e-01,8.677917313954328637e-01,2.630962414660710236e-01,5.209316923852730374e-01,7.053756143161120651e-01,4.555146866583950072e-01,4.333325564785198147e-01,4.653832672679059090e-01,7.698993111591574401e-01,4.454330115651832234e-01,6.315736825298832180e-01,7.561774446571514208e-01,5.158940280763291142e-01,9.252212639765055036e-01,6.595363452853084674e-01,7.174807688043141063e-01,2.112100486209613215e-01,7.205669999568999895e-01,8.127080829024829756e-01,6.671679873285698559e-01,2.895737549177049841e-01,3.307414699365132105e-01,3.331505234521310865e-01,1.648975329419657965e-01,4.466051734745089541e-01,9.580086940599406020e-01,7.709163653735728872e-01,6.563386338615406768e-01
8.990020183224095573e-01,7.516678063000392651e-01,9.342466614726058216e-01,9.975859693509011583e-01,9.491172356279481415e-01,7.102738116173411553e-01,7.583708615428476074e-01,7.248668637557021954e-01,9.213428260954040772e-01,0.000000000000000000e+00,7.512929919402915324e-01,3.709730922644473572e-01,4.242844093661799487e-01,5.424747713415650763e-01,7.164537472914885852e-01,9.036423368183442717e-01,6.043020646040383470e-01,6.140108121751934878e-01,6.352819764544818115e-01,9.155942883842718150e-01,8.508143913367540723e-01,4.542531000996705842e-02,7.938194247962480077e-01,7.223486685806594920e-01,4.936228309471015208e-01,9.221092183406044418e-01,9.060862596834645677e-01,7.089585212253526336e-01,5.913719907642769336e-01,4.940979175417825053e-01,6.952311386449206987e-01,4.409849332008119460e-01,4.917237565763455942e-01,5.499192539759413245e-01,7.418603852192620085e-01,4.876259146065080596e-01,2.098982395614564789e-01,4.645882722989954083e-01,4.413469756973277813e-01,5.402394204416627321e-01,4.033615961016902007e-01,8.999618484692051279e-01,6.320242334618877411e-01,8.438565543251674850e-01,4.011524625909629327e-01,6.012953046762259390e-01,5.484694474218173577e-01,6.107750981587072303e-01,2.938581768330502109e-01,9.176466501103718310e-01,7.330280612045200206e-01,4.877781503493340276e-01,6.503677891574309866e-01,6.183109057436056988e-01,6.181472294063097284e-01,9.837368449154936245e-01,5.301616552362243828e-01,5.659084407918546500e-01,7.817880119757620871e-01,7.034949629926532388e-01,2.248959110055595567e-01,8.755164601186383733e-01,9.851684857035316600e-01,7.526448784152218741e-01,9.636110109476510033e-01,5.686169124944190356e-01,5.974706327625736169e-01,8.479988645789400259e-01,4.770283112266933134e-01,7.963702411532950221e-01,6.045758323145692392e-01,3.179101476272263027e-01,-1.232966896743812046e-01,6.844621848412089093e-01,6.679147737945968499e-01,6.871411386015952028e-01,8.822101641964388286e-01,6.840702001502848573e-01,4.443276274172976437e-01,2.649568815547008183e-01,9.627924703934158668e-01,6.694782557125973366e-01,7.907283443976876880e-01,5.232021491617026010e-01,3.316731886544519586e-02
7.808859638262281022e-01,2.018487221776811835e-01,6.304381802699176029e-01,9.992048083288533888e-01,6.216228645351049575e-01,5.336089988393890593e-01,6.481758631728471443e-01,4.287651715626671911e-01,6.408923204012856312e-01,7.512929919402915324e-01,0.000000000000000000e+00,7.472998565567863238e-01,8.974439509966447570e-01,6.286730212558744313e-01,7.570315448569876482e-01,7.306867689064525662e-01,1.937681294579239044e-01,7.332636146029865021e-01,7.648167439568664960e-01,9.937587702591619276e-01,2.541048057792820725e-01,9.703897391720395227e-01,2.131138462429020830e-01,9.309434419709807784e-01,7.704875280621398259e-01,6.153139644077748605e-01,7.131140248580644103e-01,7.459972968188866016e-01,7.225610272830748082e-01,6.400640488896036651e-01,4.112914386743541928e-01,5.664935611079039424e-01,3.031221210639801211e-01,6.680689613548016492e-01,3.114591619076066964e-01,3.316814893014685683e-01,3.614028588822285615e-01,9.049519648814529083e-01,7.858808788295617020e-01,3.507826702863954815e-01,4.301760948337589041e-01,8.428503610444305627e-01,6.660449682924416415e-01,8.185599704564394674e-01,2.834524411340143546e-01,8.047544379121588376e-01,7.095850921171245052e-01,8.430322323643912874e-01,9.437726011205497256e-01,4.570621865527172423e-01,7.925283374599061403e-01,6.347760332851990484e-01,8.260996696539494311e-01,7.398218841682085989e-01,9.669327345507778837e-01,8.793046580349425101e-01,6.719370866462150982e-01,8.265899844189693590e-01,6.446823902140657037e-01,2.191579822152809887e-01,4.932229949951099091e-01,6.206823425306163822e-01,6.749809180914303486e-01,6.036615678520177442e-01,9.967760358958870359e-01,6.772179457633894506e-01,5.588364459594521438e-01,8.339974099366260774e-01,2.971405011602381019e-01,8.809302296917738140e-01,4.900428945455818086e-01,4.864324772018053800e-01,4.640444349482952813e-01,2.997690584004392700e-01,6.867253166500388861e-01,8.352884557631862217e-01,3.001088355544483943e-01,5.224473951652794934e-01,6.614936400063262667e-01,5.954110990753676003e-01,5.252983591659259321e-01,9.058464401260671872e-01,8.651149218421489984e-01,7.045618251732272963e-01,9.956635651547988131e-01
7.187182291723671623e-01,4.850068791553381331e-01,4.160538598016161327e-01,9.879896696233582132e-01,9.602987851130624364e-01,5.144067482825547266e-01,8.914748342755851596e-02,6.017992124471338578e-01,5.826094986364031003e-01,3.709730922644473572e-01,7.472998565567863238e-01,0.000000000000000000e+00,3.819285758713638623e-01,8.508068953426387582e-01,1.683973589240246871e-01,5.018167520915134405e-01,6.958422416360008356e-01,6.274235744994481612e-02,8.239271723328761565e-01,4.666912008568162018e-01,9.647071529417042823e-01,4.999942100307567250e-01,4.283844345230791717e-01,8.702084030952467186e-01,6.651695199917281309e-01,5.834601070346495666e-01,6.069726115635304398e-01,4.473852656748072976e-01,2.560432742147817908e-01,2.267824713294738226e-01,4.308369129381401930e-01,3.422501181018657856e-01,8.477235336193211790e-01,4.449099144126805183e-01,7.921629110172775379e-01,6.764312530039512383e-01,6.464158323599670242e-01,7.780120161686254754e-01,6.053484564057565187e-01,3.442456481232787635e-02,3.458417823287917581e-01,4.754948582255590916e-01,7.108892227425248622e-01,8.435474776161431265e-01,9.999062824515638770e-01,9.712716598169077731e-01,7.324836129753924396e-01,6.423007235162969675e-01,9.705128165283571917e-01,4.958837241639778015e-01,8.068239457513771695e-01,4.606467105096245240e-01,8.224022914373053661e-01,3.677809335119089362e-01,5.531298001783675478e-01,8.038202205202070461e-02,4.408075730682716187e-01,8.733739203298878095e-01,9.443422274468172839e-01,6.760616624112749662e-01,9.726032064894307716e-02,4.681838259486850173e-01,6.174986388147601923e-01,9.361277762004776015e-01,8.634660576922291719e-01,8.033145301982025366e-01,6.818659301743295043e-01,4.756508529119218842e-01,6.259973330318384654e-01,7.151865569589719307e-01,6.561704499491858300e-01,9.103993654450024398e-01,8.878901420085195673e-01,6.212566567681989671e-01,6.861626840111173520e-01,5.537765212622501876e-01,2.300588694244490306e-01,9.960068342723178425e-01,2.609961316856723723e-01,2.457461989909748845e-01,6.482612506188003554e-01,9.922663075973775504e-01,3.189893963932637355e-01,9.145379377653994890e-01,7.912375553690522700e-01
8.052259152462757363e-01,6.717539613379337471e-01,8.107507129010314006e-01,4.232542733946803581e-01,7.277013889048040696e-01,5.047963594557378642e-01,1.022847675602891332e-01,3.109277100899349167e-01,4.416807549415149858e-02,4.242844093661799487e-01,8.974439509966447570e-01,3.819285758713638623e-01,0.000000000000000000e+00,4.747765315495765526e-01,6.932310069971883149e-01,6.550814799632479479e-01,8.346086394865577240e-01,7.465931239686611764e-01,9.518609023291541016e-01,6.604911681812588586e-01,5.649441545348991012e-01,8.019215792936514875e-01,7.421524077265710950e-01,7.643638483922263749e-01,4.104488914510355246e-01,8.845964256122573754e-01,4.064442803681296845e-01,8.136602744072021220e-01,6.013716098559767076e-01,4.283388858705322044e-01,6.465004345966176569e-01,5.076871824569275660e-01,9.556030342859956894e-01,9.725253405889436875e-01,6.809934158178512220e-01,4.825223789658836804e-01,3.047952330487139205e-01,5.782616075478451689e-01,9.778849919483636466e-01,5.732077970630365948e-01,3.868661897111626558e-01,4.428981510327894555e-01,8.229495918508367147e-01,7.100136663822721461e-01,8.753974113041189664e-01,6.802137657389506487e-01,6.477228973470269269e-01,9.065769944453033746e-01,9.105967348086262403e-01,9.208693023960681234e-01,6.134884924440558995e-01,8.913288711797245911e-01,3.728687961627706882e-01,9.514976316067276230e-01,8.877660376165527056e-01,8.525272242834349701e-01,8.111941861170840484e-01,4.796541139510288598e-01,9.773444751329054547e-01,4.856482471264769729e-01,6.187990188475263054e-01,9.212080833976555860e-01,6.383021952968593871e-01,3.627449954473492832e-01,8.726145897147179475e-01,9.802344260095571249e-01,6.672443405370026559e-01,5.085088877182349920e-01,6.928684116904573198e-01,6.092957675630847891e-01,9.290216323382127772e-01,7.745145211472083124e-01,8.125760708220876039e-01,2.292604379425304817e-01,6.437189616918678192e-01,6.352144887012391994e-01,9.374733479340040532e-01,7.983495899819992303e-01,3.797402288408244786e-01,1.688324345173459473e-01,1.317425127918181449e-01,9.318721704964374464e-01,8.751294029784898454e-01,4.254297108038240793e-01,6.093825343116727744e-01
9.094543985080084658e-01,4.692868988798269414e-01,8.813370086383528479e-01,9.488606457349699763e-01,8.185035765684929299e-01,6.271216474089220672e-01,2.597897228440117501e-01,7.131204937701061120e-01,6.454436745047180679e-01,5.424747713415650763e-01,6.286730212558744313e-01,8.508068953426387582e-01,4.747765315495765526e-01,0.000000000000000000e+00,8.922316307441368055e-01,6.586024423702560027e-01,8.701556453828998006e-01,8.989562405717375082e-01,7.096348154941414244e-01,9.025784380545731622e-01,9.147898675605916630e-01,4.781599928845399750e-01,6.668660157650352360e-01,7.304388574609198548e-01,5.139914001336713945e-01,8.039527684417611120e-01,1.256572981811791834e-01,9.312201746492854149e-01,5.989899219140080167e-01,5.051276898669474491e-01,5.682535338103599232e-01,8.212801010600245810e-01,4.860617388757482726e-01,7.747041067902862288e-01,6.840125477663120401e-01,5.774630090056386278e-01,5.456580976637864788e-01,8.426096741421239544e-01,7.497677925767158857e-01,6.575775605310335559e-01,3.015087933950514887e-01,7.013783161471525140e-01,8.682185815106184812e-01,7.583258212027449430e-01,7.443936992784649931e-01,6.176471170304251856e-01,6.086945376245673778e-01,8.405534436566044487e-01,7.854782818859014082e-01,8.036384593716626723e-01,8.380474924802073788e-01,5.007205382460542253e-01,9.282708062102338342e-01,8.843081106291703630e-01,7.341864547146476072e-01,6.462381342140564033e-01,6.478223961532433295e-01,2.096644330093286324e-01,7.941221352865686089e-01,5.018997199931574116e-01,3.241678332366490500e-01,7.027473471414961148e-01,8.190003255252218395e-01,8.576813068651388816e-01,4.035771156182237918e-01,4.937238191460833203e-01,9.168481517960033189e-01,8.884966543034020781e-01,2.495142573076637726e-01,6.561157785518549890e-01,4.108151681760149887e-01,7.940243269437778917e-01,6.700522403522289894e-01,6.620940973196072221e-01,3.292890935372373429e-01,4.710940318288257544e-01,9.690418067311958872e-01,8.388390353304695513e-01,3.794293725108744963e-01,3.040314786309498696e-01,7.544861298939405936e-01,6.209768577364080944e-01,7.789108186592113015e-01,3.221805105792079765e-02,-3.314636543796345425e-02
8.142676488939288859e-01,7.199584652398215434e-01,6.532590240271500814e-01,6.389653581416591122e-01,9.726165289404884451e-01,7.164194771305825160e-01,8.243721063172434471e-01,6.170003384804945146e-01,8.050629593776628123e-01,7.164537472914885852e-01,7.570315448569876482e-01,1.683973589240246871e-01,6.932310069971883149e-01,8.922316307441368055e-01,0.000000000000000000e+00,7.564280206209652579e-01,8.318774168219635889e-01,9.112518579154355036e-01,2.538470994421004323e-01,5.727778123321169979e-01,9.472925229253159607e-01,6.074580807921149406e-01,5.519585104733188974e-01,7.267771037576736815e-01,4.030126595180333338e-01,5.438587782210316801e-01,8.754379141609260895e-01,8.098631209867638292e-01,7.540395805926123352e-01,4.539788709932736643e-01,5.943269824497114939e-01,1.383250128947458024e-01,7.277327177807477732e-01,5.799776244973446904e-01,8.910611646389785534e-01,3.884071224294788349e-01,6.482825247747155961e-01,9.136058706455305600e-01,7.027621499322703746e-01,6.732517776397463072e-01,3.638101698287719565e-01,5.651664721923693735e-01,6.967439711249958645e-01,3.966787465720447159e-01,8.840928047783600530e-01,8.914617939520346201e-01,8.001639242068531166e-01,8.473057456153405553e-01,2.584056504227618678e-01,6.654624336621532965e-01,7.674752595528412380e-01,7.919604305001959332e-01,8.056794373171490831e-01,5.181673947642215783e-01,8.703609484514166494e-01,8.933982651209588788e-01,7.222214835540486932e-01,8.195418742112000610e-01,7.101393573328073083e-01,6.968393720972652083e-01,2.886264069178619551e-01,7.633897432261327332e-01,6.911802713852933655e-01,6.956302663523378227e-01,2.584850709792900769e-01,9.608857293883927841e-01,6.159720104350595582e-01,7.479639002163827044e-01,9.204963706596281936e-01,6.455614890609693290e-01,6.565497484076322499e-01,7.091613308262213478e-01,5.133784908394946056e-01,4.053507220245751164e-01,6.210172672318760023e-01,1.859934749229975592e-01,9.725518607992118536e-01,6.748731092017209443e-01,4.993191298531928224e-01,1.531785027908494443e-03,9.254003517224507203e-01,5.295298692578103150e-01,9.982298830169040738e-01,-4.251425743144729430e-02,5.514812057102022047e-01
8.728396555345743213e-01,3.695369869133597884e-01,9.057106172199740346e-01,7.316502731470466703e-01,5.490993258664622623e-01,6.232536731435600608e-01,4.049409006108274922e-01,7.576267400101582838e-01,7.194362547239004924e-01,9.036423368183442717e-01,7.306867689064525662e-01,5.018167520915134405e-01,6.550814799632479479e-01,6.586024423702560027e-01,7.564280206209652579e-01,0.000000000000000000e+00,3.051743130325655917e-01,9.501578917043852490e-01,9.583105607525375103e-01,7.602346802283452831e-01,5.962947496400532454e-01,2.371567587151113266e-01,3.199830783143505220e-01,5.744574554179688874e-01,3.466221085883185449e-01,5.248486439765788214e-01,7.643286199782011181e-01,9.450409924763749636e-01,1.774209521844616463e-03,4.165435109135984248e-01,3.928805376975738062e-01,-6.658722945063366705e-02,7.978852618102170169e-01,5.777551365900055469e-01,6.640600654488971744e-01,4.928074963158609600e-01,2.207126821417409734e-01,6.592347674986354100e-01,9.111943183396817858e-01,7.177787704646401146e-01,4.168352386749308858e-01,6.205240813413944734e-01,4.068515932856808792e-01,7.766421564893181140e-01,4.795929882528589538e-01,4.859988462823204847e-01,9.704759138610989933e-01,7.005256939616495704e-02,7.283981561547705486e-01,9.600560523313957928e-01,7.175566900442649221e-01,7.494655019649931749e-01,8.504930209853732714e-01,7.167158754577059865e-01,7.793079200157895237e-01,9.396451103449452447e-01,6.452447097676528021e-01,8.112283294096848119e-01,4.649027471463406114e-01,1.386788967446210899e-02,2.674804239616760948e-01,7.160075053365921871e-01,9.758856780798921271e-01,9.237520080178089898e-01,7.917965306763903310e-01,6.369577935181781614e-01,6.621666143249436143e-01,8.932866136878463426e-01,6.118830800804926362e-01,9.893246841992945351e-01,8.303462760365465378e-01,7.690643039575189022e-01,7.065066546900508060e-01,4.827206086472550783e-01,9.697556830434954644e-01,8.060678796692162251e-01,8.516462469250098977e-01,8.641258055005952565e-01,3.551861471993418284e-01,2.524363141955827672e-01,5.922924725645799526e-01,7.124048561054818762e-01,8.222511921318681472e-01,9.185919983699045166e-02,6.100938980415171464e-01
7.629271004084012819e-01,9.389224093761519008e-01,8.000981514664260441e-01,7.475200136702622178e-01,8.247483673076129174e-01,9.722507731724024937e-01,8.323575377043684886e-01,9.047383938071335008e-01,8.416366390308426260e-01,6.043020646040383470e-01,1.937681294579239044e-01,6.958422416360008356e-01,8.346086394865577240e-01,8.701556453828998006e-01,8.318774168219635889e-01,3.051743130325655917e-01,0.000000000000000000e+00,8.669740066109619114e-01,4.883438517706945592e-01,5.614858705424499163e-01,5.303241362762693978e-01,9.442660930326308710e-01,9.343467862141947577e-01,9.281790765353249428e-01,4.858262444079513576e-01,7.932983374721038761e-01,7.368469580498920868e-01,9.085008059193402374e-01,3.863802736167870622e-01,4.161227968139258326e-02,4.984472659246997894e-01,7.786584448434410444e-01,4.824431886036231187e-01,7.425938994451166675e-01,7.650046554515425035e-01,5.505959738266428261e-01,3.766609519405622608e-01,6.186733031722703169e-01,3.743285479533019489e-01,5.879266982291705412e-01,3.843238399166056252e-01,9.495556878080391172e-01,5.267742084485054210e-01,7.514711347227659433e-01,8.647949486732602331e-01,6.593958813928018081e-01,6.310495837306331346e-01,8.872182777103004847e-01,7.935382902024489260e-01,9.610022079456618238e-01,5.947391122896639182e-01,6.330268277777769681e-01,4.722821068034924186e-01,6.008813946919564497e-01,9.092944469381094574e-01,8.482630643939450543e-01,7.165940915832205160e-01,9.387674618324336473e-01,6.397930357755454711e-01,2.145440839275985501e-01,3.269788698998940535e-01,9.213816420303234667e-01,8.495067739631312342e-01,6.796762835686323001e-01,3.494179872879636939e-01,6.465083031901784905e-01,8.979045519549354593e-01,9.935728260105445298e-01,7.952620054271954952e-01,6.579203746241139017e-01,6.129412320880629483e-01,8.965704982400656275e-01,3.700804893984296351e-01,7.705174065668728423e-01,9.905782409394268129e-01,7.276892849103701044e-01,5.711582778035233510e-01,7.204128359845369811e-01,5.318789084568614767e-01,9.259555208660390502e-01,6.238267741456360316e-01,7.318975868958533804e-01,2.232577975154844130e-01,6.293282474707454499e-01,6.290685612331855525e-01
4.256366760229984836e-01,4.308635757288917789e-01,8.292437561869216989e-01,6.032441725812458522e-01,4.069814551912513956e-01,7.612558102728788079e-01,1.428593890336313510e-01,6.960033163407853829e-01,7.685516602120543439e-01,6.140108121751934878e-01,7.332636146029865021e-01,6.274235744994481612e-02,7.465931239686611764e-01,8.989562405717375082e-01,9.112518579154355036e-01,9.501578917043852490e-01,8.669740066109619114e-01,0.000000000000000000e+00,7.655938883424227015e-01,8.128814192692885854e-01,9.514173433872487040e-01,9.294580590638551465e-01,8.795331553725188600e-01,5.309684760665206449e-01,3.723668032857216370e-01,9.824681499480496516e-01,8.758547547392501187e-01,2.886029252087329855e-01,3.125288653528768279e-01,5.706684524933700597e-01,4.124486574676915485e-01,6.092147197714676832e-01,9.079701399944376528e-01,9.375952190114496265e-02,7.019934768259860070e-01,5.568183397353339004e-01,-9.718912948129614093e-02,7.159131189374690063e-01,9.305487734296081781e-01,9.999949337561575557e-01,4.454657885749609414e-01,5.799068987793196683e-01,8.266624551586727598e-01,7.775094689827252159e-01,9.663090128078809515e-01,5.364767109679418056e-01,4.655742265990323037e-01,9.280016017593527566e-01,5.180573088844624419e-01,6.827266827640557922e-01,7.116437616031555669e-01,5.539282035286405836e-01,9.324027053208246985e-01,6.787077101124140421e-01,9.278783592257395796e-01,7.257281375380718602e-01,6.251106902010062916e-01,1.259203294609840540e-01,1.380900487784214314e-01,6.492454149628568150e-01,4.765824606466838587e-01,4.071223290539354722e-01,7.120958597170399251e-01,7.824175088653816390e-01,8.884945282408026612e-01,7.195516619504448430e-01,6.123685885084303449e-01,8.046642039371505462e-01,9.134362686931049025e-01,4.951991628101850007e-01,8.269163356765636408e-01,3.095080166411711131e-01,3.493522090687755099e-01,5.868181173485562674e-01,6.688054864220944751e-01,9.862805423221440160e-01,6.346924868962873223e-01,7.515208310696512850e-01,-9.088580048006539291e-02,1.810206236868927843e-01,7.832964461988202176e-01,9.673923571040999869e-01,8.763488485324202326e-01,3.793337887796779384e-01,6.877648450950512027e-01
