0.000000000000000000e+00,8.025262246612968609e-01,6.776766861219691851e-01,8.884147952255738723e-01,2.621374154123322642e-01,9.045174945819816070e-01,7.254418170042641334e-01,6.819968499428130659e-01,7.001558719948050014e-01,4.056041587223745970e-01,7.967838745660340560e-01,7.592951523783484369e-01,9.978909885919966527e-01,6.891088862600411868e-01,7.534732899941849471e-01,8.711389144262576822e-01,9.662941608328224907e-01,6.737604114472774963e-01,9.420955068488402473e-01,8.247271124598738457e-01,9.279884134696374520e-01,9.218800782432299279e-01,6.616120015700387436e-01,8.558460064934695355e-01,5.470409908203766047e-01,9.560743016356429980e-01,4.182771699334079663e-01,7.619509747567880797e-01,6.547537274357653203e-01,4.828708692364188093e-01,3.818602961550808250e-01,7.231296287703224968e-01,7.729965054552658810e-01,8.103609465280304791e-01,6.950047558655576552e-01,2.633981954227689048e-02,6.518083916911347753e-02,9.769798408933694223e-01,4.990260605801515870e-01,9.899391638245440550e-01,4.183259068854953688e-01,5.407788168785333527e-01,8.231340095646854094e-01,6.538214421750696559e-01,7.596935707044478736e-01,9.547174508379312474e-01,6.704220446993607307e-01,7.020440283189669506e-01,7.551477200533780465e-01,6.839621767654281426e-01,9.002113919865408764e-01,5.704147268752897126e-01,5.117783657031075295e-01,9.245416928915386467e-01,7.897517823513249269e-01,4.141415739150206554e-01,4.117908486680169622e-01,7.500972102769229988e-01,5.640069247539367669e-01,1.224747946287712969e-01,2.752628067006855361e-01,7.748713530436296404e-01,9.580959650502420821e-01,9.653363398904933890e-01,9.005170608758577000e-01,8.268381914150682022e-01,6.581826727964169566e-01,6.762665213502314643e-01,8.491752171706505870e-01,8.280290289536315074e-01,6.503437255748434342e-01,6.098862649846510386e-01,4.790412067496501725e-01,6.372195480676985380e-01,7.184287830985170986e-01,8.211068554709137768e-01,8.711811676503636859e-01,8.339377052245044997e-01,1.393439656767813395e-01,2.304373496011911937e-01,6.028261173813967977e-01,5.660508365982499512e-01,8.856061435199935605e-01,7.721044554571189211e-01,9.491645479740296043e-01
8.025262246612968609e-01,0.000000000000000000e+00,4.327735962009447990e-01,8.731046948042424649e-01,8.769909822552440781e-01,6.664986618475008395e-01,3.184113859040377803e-01,6.162984731697507268e-01,2.654817480660411899e-01,6.188304544720643063e-01,2.336532812616225752e-01,5.868728068255346653e-01,7.591276736366328048e-01,4.010847304203740693e-01,7.890060128727882649e-01,8.663510324469747212e-03,5.826597268670450358e-01,7.363218871870806925e-01,8.507182517367137820e-01,6.565414672592740919e-01,9.460571538741677777e-01,6.195943242987396182e-01,7.003056620002885424e-01,9.456882224530637204e-01,4.975695650178384999e-01,6.105951226301912227e-01,7.628157254938843224e-01,5.390703849450554364e-01,1.274387257506370830e-01,4.284126000184311223e-01,7.299804266561698007e-01,1.875213962116324684e-01,7.828566400166209194e-01,6.630844902114036987e-01,7.858121669694633216e-01,5.579852643200919893e-01,4.767317362495439581e-01,8.539415986257754554e-01,6.940164745754164866e-01,7.580912612097903125e-01,2.255028970484245776e-01,8.435305873309585367e-01,7.896014387935818002e-01,8.937641983289258407e-01,6.086293394570532200e-01,7.867710958892011330e-01,5.629519019273722114e-01,7.928482782823804698e-01,6.636431655612474723e-01,6.413812452419678234e-01,9.807747960261572473e-01,7.345566080483265647e-01,4.591062740152716537e-01,2.420524641925062004e-01,7.973944506423734646e-01,4.408509845689485562e-01,7.421369059979182614e-01,9.147396070804870716e-01,8.373048944222531986e-01,4.125022813411144962e-01,9.319966710425175993e-01,9.410104871043879493e-01,4.566713762727631631e-01,4.527467557292289002e-02,7.887831982696527078e-01,7.681327889366473816e-01,9.073012578537884565e-01,5.319479590353669574e-01,2.381552059696558643e-01,8.347459169206212781e-01,6.412704426515906109e-01,2.232040005249542325e-01,7.197123978972259639e-01,2.509923303202107325e-01,6.747892141407052513e-01,8.394181987882654017e-01,3.064038080367607608e-01,5.662072608389753237e-01,9.698814733005218791e-01,4.967982108098808469e-01,9.994713679116453697e-01,6.260765398570697915e-01,7.375641692722112452e-01,7.791532822122830826e-01,6.377482109738972227e-01
6.776766861219691851e-01,4.327735962009447990e-01,0.000000000000000000e+00,7.330431774665767675e-01,9.689177869530419818e-01,7.566707224254943798e-01,6.477388129738967937e-01,9.575891066344630609e-01,9.032757926840582208e-01,9.390142253881984535e-01,8.357682310641743051e-01,7.649811658887641919e-01,8.781588938982236581e-01,9.177251340664385193e-01,6.870743467510549429e-01,8.316501201791421938e-01,6.240819686801795108e-01,6.607677785006583759e-01,9.972541101721406065e-01,8.663422920041781161e-01,6.588724448575353776e-01,6.358080995750534647e-01,4.097208708821218348e-01,9.506140858525602422e-01,6.847620056406837907e-01,8.521306726808062226e-01,8.674817370686551676e-01,7.042395660542202229e-01,7.096408557922626592e-01,6.684884337925378617e-01,7.633019921707203670e-01,8.955583906717708986e-01,7.582877244479715451e-01,8.779338767092693674e-01,7.694909857340384018e-01,2.797515645508146798e-01,3.830652934582781111e-01,6.627537175944264725e-01,7.221709564322043029e-01,7.317932744917026167e-01,2.765289576386950054e-01,7.983815555684070642e-01,7.989704928222806091e-01,6.863003514668401805e-02,6.172895201340600213e-01,8.727586437711375433e-01,8.393519343453546000e-01,7.893261329668315174e-01,8.396794322613685413e-01,8.491936513802584852e-01,9.624053750366819981e-01,6.608020839411810066e-01,9.919292406872091128e-01,9.688190206682547601e-01,7.214340247980667309e-01,9.596532155264243524e-01,8.903331202690729640e-01,8.265265244642300280e-01,9.640724118094399220e-01,7.047327686536011271e-01,2.590689846880038782e-01,8.366722521901600595e-01,7.585564798590787028e-01,9.631771538659372744e-01,9.008991321557746623e-01,9.210381937372901229e-01,6.314024816618795111e-01,6.169712389928513341e-01,9.668697449225743812e-01,8.877343596690459027e-01,8.255643237585562622e-01,7.156310128470907417e-01,8.196792729104612762e-01,4.665581372495761769e-01,4.681420344839027359e-01,9.782447216170577775e-01,5.995764277287027877e-01,8.821338892501715545e-01,5.688222174671093978e-02,2.931429278354579226e-01,8.782360946435071591e-01,7.178107485398714793e-01,8.631732058792197515e-01,8.935702944877729204e-01,7.388704995934951558e-01
8.884147952255738723e-01,8.731046948042424649e-01,7.330431774665767675e-01,0.000000000000000000e+00,7.466537928140307701e-01,5.905424012575425374e-01,2.290156661281679273e-01,5.710615159394045737e-01,8.340229874616880146e-01,6.045426533945723602e-01,8.110382958282675858e-01,4.867621149637069711e-01,8.816206592066114789e-01,4.317740002642896369e-01,5.053607413076018906e-01,7.584954171514697308e-01,7.945455959126159762e-01,9.133027416821949407e-01,6.645820542016875887e-01,8.609957408213797514e-01,8.305269205206945449e-01,9.595656056361571151e-01,6.120909541608917648e-01,9.385444979691881517e-01,3.013399898620250927e-01,6.966667774790055168e-01,6.914521004122382575e-01,9.734500561066488089e-01,5.650992233051219671e-01,3.903104603375870951e-01,6.014042137194895998e-01,4.408176396732189639e-01,5.311883110035338085e-01,9.922765664756785231e-01,8.564035823342485143e-01,5.395953283608934115e-01,5.601076451082181995e-01,6.945705254101670612e-01,4.477766499248924670e-01,9.004450859989950873e-01,9.817930140037205433e-01,7.414153966283326680e-01,8.370654516914384224e-01,6.642150779452018483e-01,7.527794725564334044e-01,8.515706336742792093e-01,6.316952414299290552e-01,8.204272741586063900e-01,8.267553079394029947e-01,4.621614854970939046e-01,8.911325376538787868e-01,8.875728285843912380e-01,5.421057551028490851e-01,6.353500832671876708e-01,6.032344363406157983e-01,6.785917580245440783e-01,6.192347816173081609e-01,9.266520532096997886e-01,4.313621600388456989e-01,7.341249454918351292e-02,7.401542049791056677e-01,9.005102129568598457e-01,7.410967723365495807e-01,9.248666405841809990e-01,8.124867496380672183e-01,8.626818696834166467e-01,6.495518839702649760e-01,8.412811693687586301e-01,7.406058014020984182e-01,8.735756571521130498e-01,6.109385919089097561e-01,7.686255019029907265e-01,5.081786863560838752e-01,4.101942952457487968e-01,7.238450835364885760e-01,7.905139005176993194e-01,8.771294734543035876e-01,5.853012191554198829e-01,4.179238348193504149e-01,4.618150031757920493e-01,8.347229284208775857e-01,8.025530630203282501e-01,4.495486436498245530e-01,4.550518261008131282e-01,9.201344076528820137e-01
2.621374154123322642e-01,8.769909822552440781e-01,9.689177869530419818e-01,7.466537928140307701e-01,0.000000000000000000e+00,4.682298557676318196e-01,7.250076589950821271e-01,9.635400423177773455e-01,4.234492277258372628e-01,6.202506761948929359e-01,9.274322935900313203e-01,7.358576699947224631e-01,9.492050520163628491e-01,5.682756840878070426e-01,8.361634233370792701e-01,4.180035737985239863e-01,4.772862480144115516e-01,7.966876570810860203e-01,6.863502239942402827e-01,9.197692873227991672e-01,8.503203942986068409e-01,2.842796332857543407e-01,8.682979499200214057e-01,8.842645896967598063e-01,6.642429358344219548e-01,6.390638160139506807e-01,5.065016655094027875e-01,7.616904910480285507e-01,2.633544134847004559e-01,4.226235929569346350e-01,4.214104970686703977e-01,5.053051707094864398e-01,5.607373777053448194e-01,9.974965296672959614e-01,9.024905805790028879e-01,-1.601245233711799665e-01,4.691404259918467434e-01,6.677214941168818640e-01,7.962681834214516696e-01,8.811457517074682277e-01,6.733489509145621499e-01,6.504393165397159837e-01,6.766096446163654132e-01,4.417712122014705867e-01,8.419673823075539687e-01,9.870532880033341394e-01,9.681684894034645605e-01,7.332712642199510356e-01,3.391036404409567551e-01,6.850040080062220760e-01,6.935216798674681549e-01,9.092886394541593864e-01,9.655197357086910959e-01,6.532887948387924304e-01,2.659162569417787281e-01,9.006523501622969441e-01,3.651844448287311362e-01,8.137811353969379713e-01,8.020904830310243705e-01,5.535298194099753655e-01,3.560143473842033446e-01,5.575542984756033382e-01,6.403042190327374872e-01,9.262596057938710103e-01,8.698129168691819402e-01,5.964349966917359414e-01,7.123242199968566890e-01,8.243320263605586895e-01,5.902296873074888151e-01,5.277077944039841872e-01,3.185818522250317697e-01,3.525853215025586129e-01,5.117075661536567566e-01,1.641628644359853229e-01,-3.833898072827252590e-01,8.214184610349765103e-01,7.533907215293225157e-01,9.987244988104593268e-01,7.340017904982980568e-01,1.974587517075783172e-01,9.234673831820440215e-01,7.034192549504121317e-01,7.599002968519361634e-01,4.109195396694398927e-01,4.040060445045883797e-01
9.045174945819816070e-01,6.664986618475008395e-01,7.566707224254943798e-01,5.905424012575425374e-01,4.682298557676318196e-01,0.000000000000000000e+00,4.455351389230554626e-01,8.620761529820036850e-01,7.056091966361575096e-01,4.057723767558102379e-01,6.025163666329818035e-01,5.163750513679840060e-01,7.667869530104628462e-01,9.089646823143779919e-01,8.444808480293447550e-01,4.269502798106863950e-01,8.621445780906071832e-01,6.052742106877277983e-01,6.669568946629769179e-01,9.335294806152267810e-01,9.544239614850552611e-01,4.133560376386596902e-01,9.607608446921004353e-01,7.616877223740340375e-01,9.822526610502313460e-01,6.933951630582381176e-01,7.921298304657531375e-01,8.731180342100288705e-01,8.348234696226973783e-01,2.669844467394072440e-01,2.502442704349088221e-01,6.293708381571877508e-01,5.544090594925249471e-01,8.686079680649011481e-01,4.874483908637272656e-01,5.160981024920947569e-01,3.082359422751699274e-01,2.756993886626776247e-01,7.552177316830681608e-01,8.830429342886845223e-01,6.582308627489137365e-01,7.738059322057315725e-01,8.815884476375391854e-01,2.147744920899454790e-01,7.536573223006973743e-01,7.457207335911597568e-01,5.611748720340402619e-01,4.311407389716164218e-01,6.646907657096113864e-01,4.842371712040052234e-01,6.343640034718061038e-01,9.643216395425054932e-01,8.809230781617489736e-01,4.311943302353045127e-01,9.302112769674271142e-01,9.527553428405438618e-01,7.425056292782213907e-01,9.836067628440765542e-01,7.157281338693858297e-01,2.524664489913611143e-01,5.134132960227502096e-01,9.098998730953423708e-01,4.007462026740725713e-01,7.016577075831296195e-01,4.543192040014232269e-01,4.620541744326092659e-01,6.390673046547745706e-01,8.840184297253297352e-01,6.562879577255015251e-01,5.608765623848479542e-01,8.524492577443895103e-01,5.111915620982259156e-01,4.008427836728262195e-01,5.672991906747216762e-01,7.733564152355729693e-01,5.530992427086599550e-01,9.194596923087363649e-01,7.928216536353542843e-01,3.559375570663751986e-01,7.618132238265178380e-01,7.803916195483576734e-01,7.779475354339304705e-01,9.916092561422786833e-01,2.297750047930434691e-01,6.740114904076200952e-01
7.254418170042641334e-01,3.184113859040377803e-01,6.477388129738967937e-01,2.290156661281679273e-01,7.250076589950821271e-01,4.455351389230554626e-01,0.000000000000000000e+00,5.376694270464543735e-01,5.188689388722116796e-02,7.780470814497177923e-01,2.112521686397659249e-01,3.609355847353041824e-01,6.870190777713889307e-01,6.696050767618518806e-01,8.724804170255436864e-01,6.656190970139077567e-01,6.974496125682827508e-01,7.514303781962016204e-01,7.894756401607783136e-01,7.306368008668984171e-01,5.941354839520834874e-01,7.009071420900141458e-01,8.534198980598750595e-01,6.841791512750997617e-01,6.012149944479947550e-01,7.904440837264734565e-01,5.176717807798967286e-01,5.609564895250023220e-01,6.710309771762732467e-01,3.483773758892605432e-01,2.724151867260138360e-01,7.586914050511431862e-01,6.904556348361367002e-01,-1.661557224768561714e-01,4.732756829365443174e-01,1.512735706795000357e-01,1.429631382202768142e-01,6.935420725799333885e-01,6.086617393593122260e-01,4.887282469114491434e-02,5.737854366447293630e-01,5.141059190287871061e-01,8.718453033008581876e-01,2.942528410854755583e-01,4.805166100766556925e-01,6.714118034325703421e-01,7.608435895526890480e-01,5.751459470902334781e-01,6.641441859770859102e-01,5.647727957912563879e-01,3.162995109397326310e-01,4.152157053372613205e-01,7.799879776464184733e-01,5.766907077719645169e-01,7.313874039234117275e-01,3.194489146529156942e-01,4.437238032777097718e-01,2.374830979714176726e-01,8.030308015159539625e-01,7.431192327842236489e-01,4.422771532066816502e-01,4.228131649224829980e-01,5.655512734246157525e-01,6.909378598915341119e-01,7.659869619122141593e-01,7.220086496176043589e-01,3.969517437986035402e-01,7.848892207776542174e-01,-9.762192808352795903e-02,6.176081412251103187e-01,7.514830922380518752e-01,7.748680075824103675e-01,4.904735428673334119e-01,8.900115500537523205e-01,5.851982151659755882e-01,9.590453809695504983e-01,7.723364234792249317e-01,2.655961793096762169e-01,5.486582171030039978e-01,6.518229777345132536e-01,7.290748853341336710e-01,5.779732060719268150e-01,8.600717383188707377e-01,4.205658211683153125e-01,9.703244775696957536e-01
6.819968499428130659e-01,6.162984731697507268e-01,9.575891066344630609e-01,5.710615159394045737e-01,9.635400423177773455e-01,8.620761529820036850e-01,5.376694270464543735e-01,0.000000000000000000e+00,7.164105360413423051e-01,5.578960452796741798e-01,7.111290464089782271e-01,6.660468276653404018e-01,9.543712070331233921e-01,5.676292352925895734e-01,4.959720624127184063e-01,6.722986092281557635e-01,8.335043756761406630e-01,5.551010444324266935e-01,4.347231977324540475e-01,6.044307818709351854e-02,4.013008620072838206e-01,6.372137057004632066e-01,5.806030144818993266e-01,4.807122678725956333e-01,7.376570498063348413e-01,3.613466124849041838e-01,6.531485082215131577e-01,7.362365339848628842e-01,2.111030505990018624e-01,2.165905411717478635e-01,7.514730733706188603e-01,8.477911164893905394e-01,6.220652344748268670e-01,1.669663412934569158e-01,6.125091662305490736e-01,1.790325612384567888e-01,4.672135829190886547e-01,7.561923673980838201e-01,7.878968974883447940e-01,7.224543633025534151e-01,5.858605800988396783e-01,2.414981350903394330e-01,9.908761034013384705e-01,8.211380825409728690e-01,9.015384940893336196e-01,5.291999374413496326e-01,3.330647535261274106e-01,5.331134227160191363e-01,7.222964956371711320e-01,7.815810711783311993e-01,4.035329613326558706e-01,2.038218261732836489e-01,4.346551629669054839e-01,6.305331054691157844e-01,9.847208231394375400e-01,6.705891603353649755e-01,4.610578996785099637e-01,8.340478972285113590e-01,9.347923606077765957e-01,4.353479381854377106e-01,4.329297092423750049e-01,4.385431805843462705e-01,5.666299173299386149e-01,9.541495762331140273e-01,9.485252306922294929e-01,4.579685204875397764e-01,2.404449443836389755e-01,8.503798009747782771e-01,7.018103586479266243e-01,2.797450967989708048e-01,7.611678193062645370e-01,6.738865362471548881e-01,6.754436118955999824e-01,-1.750281755103630377e-01,8.386586895845935530e-01,4.255022457597856800e-01,3.075067301198702863e-01,2.059116371545835489e-01,5.578777987768253066e-01,3.324219656832057002e-01,6.435173985817143061e-01,8.534358827307902962e-01,4.710137846812940121e-01,5.673757228870488500e-01,8.391066591173206302e-01
7.001558719948050014e-01,2.654817480660411899e-01,9.032757926840582208e-01,8.340229874616880146e-01,4.234492277258372628e-01,7.056091966361575096e-01,5.188689388722116796e-02,7.164105360413423051e-01,0.000000000000000000e+00,2.790390081346644235e-01,6.899245732724649249e-01,2.484244396014077816e-01,6.874678576831999566e-01,2.839523281265953769e-01,7.618713669302915603e-01,6.413207083812120235e-01,8.491345357130923865e-01,4.703648451517530860e-01,7.102705865270285690e-01,4.539260228699159572e-01,8.867704991323190900e-01,7.731256186256572072e-01,1.344214529360729105e-01,7.406062473828076698e-01,6.379045014909647815e-01,4.836849314224939689e-01,9.223269218289350535e-01,7.928844084222655964e-01,6.163458943186740369e-01,7.782804396913048928e-01,3.909241409024620806e-01,5.312404088101375654e-01,6.682601442545036408e-01,7.041647795070314908e-01,9.334931192125569543e-01,2.148967148662091764e-01,-7.256413209033460432e-02,7.666049555694000039e-01,6.120582339060294252e-01,8.235817677498601386e-01,4.563062901541762861e-01,6.284318957041584719e-01,8.883145984102263082e-01,6.971466209695202920e-01,9.124669714377748875e-01,9.729480031437981458e-01,6.787662443158390957e-01,7.505384623381453624e-01,7.571941202347152178e-01,6.915561114505004436e-01,7.115481239132582791e-01,5.459276478914876218e-01,6.641276442739616481e-01,6.924169548061832602e-01,9.549223591989142168e-01,8.359925095949292118e-01,6.157294449489774113e-01,8.415984358499740692e-01,9.787435688078452989e-01,-1.440927138614554459e-01,3.532510100377037054e-01,8.552044838763996903e-01,6.119190492831277917e-01,4.963717837598138338e-01,9.263211565367708289e-01,5.702583952370334774e-01,1.281068309749677225e-01,6.763534043196974821e-01,4.101277317092369978e-01,5.906934261121340457e-01,4.939217617968651441e-01,7.221676038742816939e-01,6.590154464738938733e-01,5.394315193232959160e-01,7.407127530371836466e-01,6.936230438498053319e-01,9.856422111314533385e-01,4.663247475950167975e-01,4.876006263271502328e-01,5.587510061508920156e-01,2.820812201613994707e-01,6.945326077141511512e-01,8.349444056893963184e-01,6.764986067413053528e-01,6.762045415663582304e-01
4.056041587223745970e-01,6.188304544720643063e-01,9.390142253881984535e-01,6.045426533945723602e-01,6.202506761948929359e-01,4.057723767558102379e-01,7.780470814497177923e-01,5.578960452796741798e-01,2.790390081346644235e-01,0.000000000000000000e+00,7.104861177798997840e-01,7.403709625999075339e-01,7.249787618756498020e-01,7.723503566364000594e-01,6.850869700832413756e-01,6.389012011114102441e-01,7.644646938942947223e-01,4.876841941661782531e-01,7.775491305944862708e-01,9.576387347199195599e-01,6.614986499697105282e-01,7.811197799831008926e-01,5.623708409500215444e-01,9.824487916354107675e-01,5.242470104860454949e-01,5.704398449306830043e-01,7.680944736420135532e-01,6.483358799315381837e-01,4.901177521192527919e-01,4.988543762954955607e-01,6.100030196871116805e-01,6.017215817298899871e-01,9.213047191589027740e-01,6.931669968098664869e-01,8.367483338249838143e-01,7.584743503999160641e-01,1.736229858460708597e-01,6.028156981999727160e-01,9.468959847865435764e-01,5.896643113828621274e-01,2.029084965656246797e-01,4.709171972336419487e-01,9.696909437450157432e-01,6.751182961601179811e-01,9.015452139121953312e-01,9.800098901318832212e-01,7.354016338661535368e-01,8.685766012351837650e-01,3.061084547826700350e-02,5.044271469032124422e-01,9.810352320285076200e-01,6.072296573568967126e-01,6.069363016605276995e-01,5.569694723882858689e-01,8.355413710700870800e-01,6.900084327610134238e-01,6.319147556810956745e-01,6.001330631839133511e-01,8.713284282054065688e-01,3.255563233526497791e-01,7.784498214564928853e-01,6.591720337062212387e-01,5.196336137266460709e-01,9.822435876884195727e-01,9.910764802365220616e-01,6.387524892512095320e-01,8.470891366372517162e-01,9.669689255332043487e-01,6.117944656856357799e-01,9.255700427918112094e-01,5.407411258825016720e-01,5.866341550203110211e-01,7.064768326115885566e-01,1.602611845045263245e-02,4.913478933637799306e-01,8.827284108558671738e-01,7.008420385379351414e-01,3.084039664786161206e-01,5.420455804759779506e-01,-1.485091504026624654e-01,5.561829504932378487e-01,5.729683183575799976e-01,5.831618525252295626e-01,6.005935929869286038e-01,9.664343754260773522e-01
7.967838745660340560e-01,2.336532812616225752e-01,8.357682310641743051e-01,8.110382958282675858e-01,9.274322935900313203e-01,6.025163666329818035e-01,2.112521686397659249e-01,7.111290464089782271e-01,6.899245732724649249e-01,7.104861177798997840e-01,0.000000000000000000e+00,6.347940480051457168e-01,8.881271418869075562e-01,9.873222684578952801e-01,4.396198846626639956e-01,3.535573524800679213e-01,7.896274772816380683e-01,9.169424593400877788e-01,6.844281565335436079e-01,9.232466164960494437e-01,3.159905821418076410e-01,7.135437852028581052e-01,5.066761359468612280e-01,6.931661569508221765e-01,4.124967645208111322e-01,4.080639491241887518e-01,6.288056542011344341e-01,8.332502854373452505e-01,6.067350505767720170e-01,4.488954513479037067e-01,5.173899341001444441e-01,9.778261524313124342e-01,3.041364807749264432e-01,6.871994001685077791e-01,6.808105176211306508e-01,7.461011208913641557e-01,2.328133486483218995e-01,6.856347717946247311e-01,7.058313368966184775e-01,7.347901879025610095e-01,3.877058239115274696e-01,8.598217149529103764e-01,8.819386749682406323e-01,9.894312244834464476e-01,8.223879722962801342e-01,5.613720074392166692e-01,7.423927389416337119e-01,9.051164706598979759e-01,6.392680278690356932e-01,5.274966915728084293e-01,7.097060046725964799e-01,9.537493928570495161e-01,7.027183001556008834e-01,7.208370613891362799e-01,7.115247386242420369e-01,4.377487789702746435e-01,4.253026119534495941e-01,5.278473341504421601e-01,9.886869878372392950e-01,8.731378508152459750e-01,2.478766552519941213e-01,7.414056960393412554e-01,6.007973655344890362e-01,7.088327447662976510e-01,6.243937125527246890e-01,8.553988663045410945e-01,6.327308152891385484e-01,2.029050991579989249e-01,2.642846808795692448e-01,6.219737431676970463e-01,6.291370218673131287e-01,-1.081238203160145017e-01,5.569272096863497890e-01,7.796101245244834166e-01,9.400348872774616504e-01,7.960422031653803243e-01,9.130566538786709652e-01,7.978401644201731369e-01,5.119383298514800229e-01,2.967370881550852602e-01,3.785496808383527201e-01,6.669401559478034258e-01,8.138817246290857010e-01,6.779637521376333797e-01,9.573430404371510161e-01
7.592951523783484369e-01,5.868728068255346653e-01,7.649811658887641919e-01,4.867621149637069711e-01,7.358576699947224631e-01,5.163750513679840060e-01,3.609355847353041824e-01,6.660468276653404018e-01,2.484244396014077816e-01,7.403709625999075339e-01,6.347940480051457168e-01,0.000000000000000000e+00,5.355196056722992815e-01,6.901247865840779427e-01,8.039377509120957388e-01,3.122766085044857975e-01,4.187678166964857729e-01,3.060600269489321956e-01,7.426848621328228095e-01,5.107695042450965950e-01,7.146752965278377889e-01,7.435779403919244857e-01,9.874743094422226974e-01,8.917010399137906829e-01,7.125854745349641250e-01,7.154676422512757927e-01,9.443215459843992132e-01,6.477892082180004563e-01,3.295359945991048756e-01,7.198895274891322638e-01,4.519914498906602573e-01,9.796450629146106204e-01,9.399994317602589078e-01,5.193328788850265498e-01,6.153253971706464931e-01,3.071000936703448536e-01,3.536135769862130268e-02,7.830503379582094414e-01,8.327025433673953536e-01,9.788515469233434185e-01,4.858960293247021056e-01,9.960772397467771988e-01,6.965412095287065730e-01,5.021755871154378603e-01,9.813693103453695610e-01,9.918338283354612983e-01,7.631208478897800740e-01,6.993667905240754656e-01,6.746424377776480963e-01,4.952566577976256212e-01,8.163470918344405414e-01,7.948784634261649718e-01,8.727743740929013727e-01,-7.046187867825715045e-02,9.807269579698848494e-01,8.190824797927113154e-01,6.941343107624013964e-01,6.771306862575330321e-01,2.708139245095254055e-01,5.692930528303411508e-01,3.223254649209126299e-01,4.354713329158521606e-01,8.591863318084889123e-01,9.624670024151413816e-01,8.030374415299690316e-01,4.787456792398461225e-01,7.281182562529142643e-01,7.737938971640078156e-01,8.006364879509488830e-01,9.656049214614749188e-01,8.217071872029394486e-01,8.501770882528528750e-01,2.255356695164528191e-01,6.834480323418319347e-01,7.550375093502756929e-01,8.712536326941090481e-01,7.180351534125788415e-01,8.455067472724685507e-01,3.290294508523038397e-01,5.056176135042103059e-01,6.525200904401549096e-01,9.048150105415724287e-01,3.935188439942053362e-01,5.659717241512562946e-01,5.117426012371012467e-01
9.978909885919966527e-01,7.591276736366328048e-01,8.781588938982236581e-01,8.816206592066114789e-01,9.492050520163628491e-01,7.667869530104628462e-01,6.870190777713889307e-01,9.543712070331233921e-01,6.874678576831999566e-01,7.249787618756498020e-01,8.881271418869075562e-01,5.355196056722992815e-01,0.000000000000000000e+00,5.341460175903176566e-01,8.964279019193565068e-01,6.651191860896419339e-01,7.137283280617062742e-01,6.614755549305878501e-01,4.359562902368584458e-01,4.106933852292889986e-01,9.623075319953242612e-01,6.245106832215713277e-01,4.126245877148148056e-01,9.065269711566751321e-01,7.047721795437950076e-01,8.893661549431884916e-01,8.729156555675086082e-01,8.535363191483594791e-01,4.990608337157500518e-01,3.087864589475776689e-01,2.142436149547368163e-01,9.334124319636544209e-01,5.622901486993481246e-01,7.512334770816326834e-01,9.387921478593888036e-01,5.959395838883170260e-01,5.719457828428214236e-02,8.263171456131400694e-01,8.443437634824491056e-01,6.035287609396747799e-01,4.448925481426104223e-01,6.288554767531451262e-01,1.273804078403179829e-01,6.528266214794334887e-01,9.750077509350524307e-01,8.389759009755536345e-01,7.898381334648169050e-01,7.317197769737071589e-01,8.644572787470599096e-01,5.497129549099517565e-01,3.245897889477744602e-01,9.988968493954956118e-01,9.494692843541405747e-01,4.307999822599744011e-01,8.694268019545559403e-03,8.946157522465839618e-01,7.036689846118205915e-01,7.297735365559503418e-01,8.194945542802245519e-01,4.999396242034366278e-01,6.606727415210864596e-01,6.003990204934157582e-01,8.200420244734537567e-01,7.419338243687892964e-01,9.088150868988469355e-01,9.377924017450938177e-01,8.366649986480508838e-01,7.703062384790361206e-01,3.858018263481463039e-01,7.536078788691734642e-01,6.722095061308244190e-01,8.565039822599207486e-01,5.494090104284751197e-01,5.419426222920108449e-01,7.851372723121559094e-01,9.065702368048594861e-01,7.002277729036072706e-01,7.521677491063317733e-01,2.318630671474740945e-01,2.395295890785221482e-01,6.897174103040020210e-01,6.147013477493599165e-01,5.818004181195793878e-01,6.363527932912749208e-01,6.475986263152075928e-01
6.891088862600411868e-01,4.010847304203740693e-01,9.177251340664385193e-01,4.317740002642896369e-01,5.682756840878070426e-01,9.089646823143779919e-01,6.696050767618518806e-01,5.676292352925895734e-01,2.839523281265953769e-01,7.723503566364000594e-01,9.873222684578952801e-01,6.901247865840779427e-01,5.341460175903176566e-01,0.000000000000000000e+00,4.263662345980669954e-01,8.127793570295187564e-01,8.223744860422230740e-01,9.310438471689246320e-01,8.169027922446389089e-01,7.524193359922781710e-01,9.691877628293282809e-01,3.063166924379037148e-01,9.662525385137380463e-01,5.241842567937102793e-01,2.457912129215285846e-01,6.895536055132167608e-01,7.621203958967992520e-01,9.936475530636581510e-01,5.302002728851049618e-01,6.888758928764913136e-01,3.070047392476344950e-01,3.577981550625102258e-01,8.033835746160170599e-01,6.432132829780085048e-01,9.271030668887562110e-01,2.118254649312506233e-01,8.589016734416360377e-02,9.882753201777045859e-01,7.746599227948739452e-01,9.317894305557146151e-01,4.554844041624582229e-01,8.316692420925185791e-01,6.851314049860887101e-01,6.802205073817298997e-01,9.224691927131098979e-01,6.779776191884712144e-01,8.157724532301526832e-01,9.478915892859161030e-01,6.624733992608241584e-01,6.990837528315456684e-01,3.090088097940609790e-01,7.678855841778953195e-01,7.867467220957015117e-01,9.428770729723781052e-01,6.253656399359056595e-01,4.790142580388515592e-01,1.011176739027506016e-01,2.271992350900365609e-01,9.033354222910283671e-01,2.032585456697949822e-01,2.913853830361818886e-01,7.182450200685303043e-01,6.718883784112774649e-01,8.096225505574413672e-01,7.484958443273768136e-01,9.778965491874366256e-01,7.810044991636846401e-01,7.445602071848893555e-01,2.270185974122274630e-01,5.298641975459996711e-01,4.211895529220588408e-01,9.854113015630912020e-01,4.740864761034191410e-01,2.711051764867406511e-01,1.509885474754212586e-01,7.584075268023218186e-01,5.579077273001187276e-01,4.871654106472950718e-01,3.876917435511051391e-01,2.466842113933558622e-01,9.993568295846286809e-01,7.758039365432791712e-01,7.835767041981004377e-01,7.330307937311990596e-01,8.088760244641315378e-01
7.534732899941849471e-01,7.890060128727882649e-01,6.870743467510549429e-01,5.053607413076018906e-01,8.361634233370792701e-01,8.444808480293447550e-01,8.724804170255436864e-01,4.959720624127184063e-01,7.618713669302915603e-01,6.850869700832413756e-01,4.396198846626639956e-01,8.039377509120957388e-01,8.964279019193565068e-01,4.263662345980669954e-01,0.000000000000000000e+00,5.763249660019008624e-01,6.717441321225037232e-01,8.193392619493021778e-01,7.494377286617511791e-01,8.424268840757046517e-01,9.731043144123663335e-01,9.600021844846959862e-01,7.725225233403930636e-01,8.880451455321567433e-01,7.920640220785424290e-01,6.638070351109164324e-01,6.768792946384857290e-01,5.287775574179761628e-01,6.763272583324699827e-01,7.898968165587112455e-01,4.434676092287984095e-01,6.038539115552408187e-01,7.068114443239490452e-01,3.404683757946906919e-01,2.605089282119959493e-01,1.539498677662634318e-01,5.810898831314394997e-01,4.282364485263014942e-01,9.821272797624558404e-01,9.898589232479385602e-01,3.627701284167081930e-01,9.332831533817980141e-01,8.501105429450320772e-01,8.808237721098557405e-01,7.503382645411486029e-01,7.823635512528263058e-01,8.291760042364396677e-01,5.463003373083850089e-01,7.379680379644881771e-01,7.702890785229832282e-01,6.085749747772188911e-01,3.054495381785759522e-01,9.126369532916478455e-01,2.135020968725859780e-01,7.760662536845799320e-01,7.088943066959912942e-01,4.994128883309473244e-01,5.554165263159269728e-01,8.124603621056244451e-01,4.615819767488927861e-01,5.755816084826874679e-01,6.159030796529411100e-01,6.345169171572566380e-02,6.054083805171205368e-01,7.233547533838348143e-01,5.576508789523523246e-01,7.312906605664943882e-01,4.408701764505736365e-01,5.966195556721933801e-01,6.929446620779792232e-01,5.452411165147855732e-01,8.250546964685867568e-01,4.453110563121946419e-01,4.367913079262034093e-02,7.538295613662534533e-01,5.506595605349513534e-01,8.908885269741858570e-01,9.451992453530076999e-01,2.224800039927393169e-01,4.073257620770507487e-02,8.730589309096710160e-01,9.336082451377923919e-01,5.449861057435243517e-01,8.652006539632808302e-01,3.436542093511227303e-01
8.711389144262576822e-01,8.663510324469747212e-03,8.316501201791421938e-01,7.584954171514697308e-01,4.180035737985239863e-01,4.269502798106863950e-01,6.656190970139077567e-01,6.722986092281557635e-01,6.413207083812120235e-01,6.389012011114102441e-01,3.535573524800679213e-01,3.122766085044857975e-01,6.651191860896419339e-01,8.127793570295187564e-01,5.763249660019008624e-01,0.000000000000000000e+00,8.344041074302127603e-01,9.413188607613602876e-01,6.220133022257482436e-01,5.548408591981641713e-01,5.311181720267448281e-01,4.361120173480687034e-01,9.909035992225856404e-01,7.395270525812998041e-01,8.431411476860906085e-01,4.892214450693106731e-02,6.021768266218302523e-01,6.046412259061694217e-01,5.106592247782024696e-01,5.056968256054704680e-01,6.728265613118838973e-01,6.935690593951970850e-01,2.684149960221142717e-01,4.996436172493188832e-01,9.111566121194897283e-01,4.255281792385964268e-01,1.513406470748651922e-01,5.123642435463735545e-01,9.726532739728088739e-01,4.718156068541514148e-01,1.116875594163588281e-01,6.930050991881426814e-01,5.795664912470769314e-01,9.558993586525359465e-01,9.358728140867059730e-01,8.274802731058102934e-01,7.280465752699104565e-01,8.820205152755556943e-01,7.559389461624035356e-01,4.873158763201611565e-01,7.393909502578535076e-01,9.071456302220680668e-01,7.312081399103261825e-01,9.655533294580177506e-01,8.363831186292652875e-01,6.933983560361509646e-01,7.569519573564297277e-01,7.602497775921270851e-01,8.709958299299177531e-01,5.772980138173102738e-01,5.729314436925888598e-01,4.666307126737698208e-01,3.758241080032562742e-01,7.486583600264024030e-01,9.096330528144576100e-01,8.830289422421068180e-01,4.510753361170363740e-01,9.598757459544369208e-01,6.960789852659309274e-01,9.101153616293347071e-01,4.534762271319577320e-01,7.839254887689002249e-01,4.163624945487475748e-01,2.573102184206933485e-01,7.733070366887493385e-01,9.810527661733756677e-01,4.016582939068159552e-01,7.261047384346944744e-01,2.734738215007275763e-01,6.263739485863394352e-01,3.436193350495145848e-01,8.552224023544211517e-01,8.721213377524047461e-01,2.191739958746445338e-01,8.124120597196474725e-01
9.662941608328224907e-01,5.826597268670450358e-01,6.240819686801795108e-01,7.945455959126159762e-01,4.772862480144115516e-01,8.621445780906071832e-01,6.974496125682827508e-01,8.335043756761406630e-01,8.491345357130923865e-01,7.644646938942947223e-01,7.896274772816380683e-01,4.187678166964857729e-01,7.137283280617062742e-01,8.223744860422230740e-01,6.717441321225037232e-01,8.344041074302127603e-01,0.000000000000000000e+00,9.346063345220227969e-01,6.580221662496634760e-01,9.046604658406439681e-01,8.261762293745976704e-01,9.317844169213940209e-01,6.710923295241043585e-01,5.010257706329411809e-01,6.094835471675168481e-01,6.662569092929708781e-01,6.141951613754598194e-01,5.845818993326546975e-01,4.893746228962151390e-01,5.527906650676945866e-01,5.066493109670578976e-01,9.996954006998883813e-01,7.200353635659544338e-01,9.439757391184935287e-01,8.518107855946003282e-01,5.892945215769732625e-01,5.709606853913631319e-01,3.075528078132487297e-01,6.835799243648925660e-01,9.023875624386068495e-01,5.167054261962857886e-01,8.564452589515696435e-01,8.126877696818239905e-01,8.864321522918129359e-01,9.361217590881965034e-01,8.509398543131011516e-01,6.139535561083820925e-01,9.202281483200820400e-01,7.632800645502406667e-01,8.293399940304233553e-01,6.781890217696046053e-01,7.054070821117885970e-01,8.405867756102644028e-01,7.076049455919882769e-01,1.495755641544071202e-01,9.061849275072838550e-01,8.625491315666009573e-01,9.201867796487286366e-01,9.031771482390166250e-01,2.065802822631378766e-01,5.842346042957515806e-01,7.047968002229643147e-01,7.184141124104356235e-01,6.188837870461101343e-01,7.380950560429687668e-01,6.331607651733112130e-01,7.052814530957662864e-01,9.656041583542148699e-01,5.683108246318715473e-01,6.556484622544362928e-01,8.360602461184337697e-01,6.712538668791647734e-01,7.072531390742983204e-01,7.459447764358801969e-01,7.234846379800944360e-01,6.494754491096992322e-01,6.126316560270711475e-01,6.688602687712568162e-01,1.666160961557549280e-01,3.030871898256242147e-01,3.127417394088377600e-01,9.432302827198013606e-01,9.788067401848861149e-01,3.715850344706202180e-02,8.509121830928457753e-01
6.737604114472774963e-01,7.363218871870806925e-01,6.607677785006583759e-01,9.133027416821949407e-01,7.966876570810860203e-01,6.052742106877277983e-01,7.514303781962016204e-01,5.551010444324266935e-01,4.703648451517530860e-01,4.876841941661782531e-01,9.169424593400877788e-01,3.060600269489321956e-01,6.614755549305878501e-01,9.310438471689246320e-01,8.193392619493021778e-01,9.413188607613602876e-01,9.346063345220227969e-01,0.000000000000000000e+00,6.798907947902194104e-01,8.170976249277592807e-01,8.679673676737926780e-01,7.334611217370505809e-01,4.929124360680625649e-02,7.164772457959386331e-01,2.569361242757187136e-01,7.075776004018646814e-01,9.408158562925099666e-01,7.773145637101173122e-01,4.030033670491780518e-01,4.396966147550372961e-01,3.424612734068825937e-01,8.428796607878010771e-01,4.067584495834603020e-01,8.294663902216712348e-01,9.398670560168222998e-01,7.131919751624611337e-01,7.994552590510407564e-01,9.734651693310200082e-01,4.922953802557373804e-01,5.305305293117759113e-01,6.406651556962994487e-01,8.213439345573319006e-01,8.466137817598984316e-01,8.791711955377173870e-01,8.122833537908065171e-01,8.229096839745260183e-01,5.083253488846368739e-01,6.962896415229687941e-01,6.407092703566733549e-01,6.937168369180002347e-01,7.667710066706280303e-01,2.050063799110275753e-01,7.124492622224887217e-01,6.316814796901226714e-01,8.045808311138434865e-01,9.914991186044256333e-01,2.704739240138909762e-01,1.006893184303671723e-01,6.366202747545559593e-01,4.486522295754446499e-01,5.510420012430252701e-01,8.601648654151878848e-01,7.745528850621528072e-01,6.492531859226609026e-01,8.980479174487968619e-01,2.209705680717009013e-01,4.178197039387908651e-01,7.920697742224040994e-01,7.073366613282308091e-01,4.709787222792791717e-01,9.541938473311248892e-01,8.115781420618309872e-01,6.987698945797781169e-01,5.737295743915606927e-01,6.840277204958743473e-01,3.745359522496715110e-01,5.227944638947749079e-01,2.266200657711442412e-01,3.502057625113698114e-01,2.663193693705060427e-01,4.646620254420700258e-01,9.718391646606733270e-01,9.409007939978868418e-01,3.933535064242974499e-01,7.662259883349906708e-01
