0.000000000000000000e+00,9.574181491216224860e-01,9.493535577815163107e-01,3.449530424940734363e-01,8.679140602267968463e-01,9.955680487459102057e-01,2.551092042967559870e-01,6.350947881095636571e-01,7.707155207694249555e-01,8.811941448665312482e-01,9.710351009436410941e-01,9.599004228549076201e-01,3.855813634711441340e-01,6.094591411527273683e-01,8.018735375369411278e-01,2.167399540153915338e-01,8.887770920653266238e-01,8.889105585204665205e-01,8.082303721758077319e-01,4.560095703509981502e-01,9.064742836181224339e-01,8.907609233584519171e-01,3.479895920386391062e-01,7.124396871835995126e-01,9.969663633541838710e-01,9.864870900628422978e-01,8.367524574360043488e-01,9.157854607535363956e-01,7.258374622031795731e-01,5.096530595803487884e-01,4.004014161359434887e-01,7.070693973139678956e-01,8.512211618557289361e-01,-2.332121698997283166e-02,8.243115158496443495e-01,7.518868248837081714e-01,5.669811434997216321e-02,8.873435107864692251e-01,6.068176170959500570e-01,5.204440265993091064e-01,2.708566759163416604e-01,6.673543444960144955e-01,8.374447900387071986e-01,8.491290290283749487e-01,9.484337891945909815e-01,6.689541159361697131e-01,6.073839064888625350e-01,9.941239249708362369e-01,9.243017284873782380e-01,8.059735258132355584e-01,1.658057642901649142e-01,5.948346634641982211e-01,8.046863964281234516e-01,8.791774562102443458e-01,8.942033878808124392e-01,8.580307593776795860e-01,5.878339905707244961e-01,9.639504339317528370e-01,5.637896458059533655e-01,5.700686793129443597e-01,6.908580942565034633e-01,8.354128688001754011e-01,6.201346821768347617e-01,7.783632475259630867e-01,8.240893054095027592e-01,6.471021324437157274e-01,8.603554063553819908e-01,9.220781348155613344e-01,8.720515781827461455e-01,2.749654169128058490e-01,6.897550180778219131e-01,4.387612321493484790e-01,4.935824116225521196e-01,8.830489380733875376e-03,7.659017206545598588e-01,8.905621272741014449e-01,8.135703645844218901e-01,8.215796771921755060e-01,6.041708078481965449e-01,1.975859691416730415e-02,9.106909193010354064e-01,5.016439389753946099e-01,6.659081465000422639e-01,2.280921087708254746e-01,9.062539989815835417e-01
9.574181491216224860e-01,0.000000000000000000e+00,8.341594395990591382e-01,8.297693260310512464e-01,5.664543481798690605e-01,8.710316688412857999e-01,7.863892437416772907e-01,6.497068510020820309e-01,7.979873849325094248e-01,6.363464783724557261e-01,6.180893278198180685e-01,8.276385771030609906e-01,8.410710467584305849e-01,5.696600354771373942e-01,8.441600958351571649e-01,7.822697723758726962e-01,2.920968996230920434e-01,5.368187327876776660e-01,8.142913327129268630e-01,7.226247231607194621e-01,9.911021898539130737e-01,2.287811132580803153e-01,9.562682118818238708e-01,8.509504086573844717e-01,5.800484835583775700e-01,2.944911663806778490e-01,4.777254379617515423e-01,7.884007182505681222e-01,4.849376620508220048e-01,4.803760083957667182e-01,3.607142133278475882e-01,8.902003211659899051e-01,5.751660650986669676e-01,9.882682370521924664e-01,7.132573441165326322e-01,6.402331889243829677e-01,4.558467045651636851e-01,9.107626669241947193e-01,4.703590892654102018e-01,8.727548383973529056e-01,2.582984057252298848e-01,9.548346931522156966e-01,7.016845945409876384e-01,4.885676151953083912e-01,4.237996152392881632e-01,6.173082627119186316e-01,7.529534088538520908e-01,9.068595023490553242e-01,9.297665881407255473e-01,6.253164646260122028e-01,8.058697135223672481e-01,6.558108455827627026e-01,6.486599632561819151e-01,6.646687753355090544e-01,8.185366216373033410e-01,6.365702510253549162e-01,9.284007805151434090e-01,2.691461567907367236e-01,8.741032535026564965e-01,7.311769508606684731e-01,-9.136137442053009206e-02,9.537766303631964870e-01,8.452707846438207717e-01,2.877225411173920389e-01,7.211734665915668918e-01,9.797719079449048740e-01,7.654693553362279523e-01,8.931397762558213049e-01,4.911039869045119577e-01,7.040298139361017560e-01,6.212176797655857285e-01,8.713553091447300281e-01,5.436881535913642427e-01,6.395632014659208275e-01,4.087300899454024972e-01,3.345751619552794764e-01,6.840173736144953276e-01,4.294098094174794156e-01,2.901543272507312206e-03,2.628448588448050183e-01,5.297802387947396774e-01,5.243155736458490201e-01,7.273294132907650589e-01,7.969003135258065917e-01,6.840129099558430736e-01
9.493535577815163107e-01,8.341594395990591382e-01,0.000000000000000000e+00,9.881682078978034633e-01,8.438929952687758140e-01,8.933914592383446207e-01,7.564364841255367677e-01,4.355964379117754359e-01,6.688847926254072318e-01,8.466010856251393601e-01,7.420649004523223180e-01,9.178852349812460787e-01,6.868619941483596891e-01,7.287734865658233030e-01,9.869590330261091005e-01,8.601181212531119336e-01,9.514217098159295505e-01,7.245036177243682207e-01,7.779428869178530714e-01,6.383230090996041550e-01,9.324582242457056802e-01,9.334732422441939237e-01,8.494725778042077069e-01,4.317932401655613095e-01,5.969515415313362272e-01,6.141564278690853085e-01,6.292222482770132297e-01,6.712721011835688367e-01,6.147703716259342865e-01,5.543286120342948431e-01,2.293670038072564421e-01,6.095597431486559081e-01,8.493568970404490326e-01,7.992055655991520124e-01,7.365608781803258953e-01,5.462999954225671306e-01,2.222766974779151750e-01,8.858416226502084934e-01,7.351903782235049700e-01,7.940854695516882389e-01,5.735291637438738599e-01,6.149753390533270192e-01,8.226154921641024576e-01,6.948814108267284961e-01,9.110536111746673216e-01,8.860812512741337299e-01,9.681284371446275960e-01,8.439788982313417565e-01,9.161057103625215303e-01,8.385481616751364609e-01,9.003095987625850949e-01,8.636096324073222474e-01,4.486335252974242294e-01,6.348255112900933472e-01,8.930645053283412516e-01,8.324089076824716660e-01,5.450611656059616283e-01,6.498768009695206072e-01,4.264776662973420729e-01,3.459396810293133839e-01,5.146207853231189455e-01,7.131493694432949892e-01,9.338057678155178287e-01,2.182547971952057408e-01,6.359640794510346140e-01,9.845011278775732677e-01,4.867972786621581616e-01,9.077471706060028511e-01,7.000864615704234240e-01,4.657355624729166421e-01,4.669425910551653347e-01,8.931540753827974521e-01,2.514775204037924539e-01,4.636747298756908053e-01,7.268925707507599698e-01,7.269876405901228855e-01,9.356998379637582186e-01,8.544205249471177321e-01,3.191535422601221028e-01,4.165540077307510747e-01,8.239623156694445560e-01,8.909771255132705736e-01,9.200312156388193996e-01,6.826848797247420109e-01,8.707400529947290080e-01
3.449530424940734363e-01,8.297693260310512464e-01,9.881682078978034633e-01,0.000000000000000000e+00,5.691463784012662508e-01,8.592370695139927017e-01,4.444549383074598015e-01,5.350896202579442651e-01,9.364847266161969719e-01,6.298585706149496533e-01,8.197888204275629587e-01,8.759939306836758144e-01,8.151217202365644843e-01,4.560095349513401675e-01,9.492264682461046821e-01,4.893960107952471938e-01,5.057913036479445568e-01,9.611617575340037911e-01,9.922121700265646993e-01,8.964430891187509243e-01,6.194036239917023456e-01,7.412495018337506014e-01,9.080632224322152668e-01,5.479006157110476449e-01,2.030395796562960986e-01,6.321051541762465753e-01,9.587712141445792202e-01,5.086633395114694700e-01,4.314275080208838098e-01,4.494230210006286419e-01,6.177835160682886295e-01,4.058416954079838157e-01,8.521699833924113454e-01,1.624960182457532987e-01,5.280505060210485269e-01,2.892036863539340086e-01,3.251465874244520160e-01,6.054016101563229890e-01,6.407618220926563080e-01,7.614970391854058995e-01,2.746661992707017386e-01,6.154579891245645085e-01,9.038049328162132134e-01,8.772615993328036765e-01,2.417099434485477927e-01,9.137296690430054547e-01,5.822512730089335342e-01,9.385779836844360124e-01,5.505197252390187090e-01,4.188427754325937946e-01,8.593874436103128289e-01,4.736637079637097125e-01,8.216676611156328303e-01,8.358807188667791710e-01,7.196040442919725555e-01,8.798446394706895823e-01,6.395428535943292747e-01,5.816662540311614560e-01,6.356666317456541870e-01,6.511038238297021108e-01,5.321106268042882226e-01,2.108991651500403131e-01,2.969925492676593337e-01,8.857029278102706016e-01,8.739926798591801660e-01,4.139447321311072736e-01,6.382283458444579782e-01,7.643017485408036826e-01,7.796044441522402835e-01,4.517406247078455950e-01,6.133467129779633931e-01,5.253865445635035325e-01,2.385076165086037481e-01,5.795033817126048481e-01,3.303270228511144824e-01,4.429690192825172512e-01,7.273123452871698147e-01,5.487119689510092657e-01,6.256637480928778361e-01,2.441661822272127857e-01,4.842913388838367417e-01,2.946587258396718978e-01,6.580011248232253696e-01,6.388147672569077784e-01,5.355464004931258515e-01
8.679140602267968463e-01,5.664543481798690605e-01,8.438929952687758140e-01,5.691463784012662508e-01,0.000000000000000000e+00,6.097182280887530892e-01,7.382038434396857030e-01,7.347669948728456912e-01,4.311838145052613314e-01,8.177125971209286970e-01,9.303943987067609944e-01,8.761341631847444633e-01,7.863958912773604260e-01,9.695188534730379004e-01,6.910920664781925460e-01,6.595786186385748096e-01,4.068386346827123079e-01,7.377556231013538968e-01,5.786512184194675390e-01,8.263334480628912182e-01,9.219618007474558175e-01,4.252187005205043668e-01,8.961913776231317241e-01,6.643357018626574462e-01,7.447485903169406285e-01,7.502462065557514714e-01,2.684128889673151885e-01,9.085306618115731592e-01,4.259597744842113509e-01,4.708924001962325190e-01,7.186317913442457073e-01,6.337208052469587294e-01,6.778491011038079161e-01,4.918114894924622282e-01,7.992101944179534900e-01,4.419526549781552238e-01,1.025854006017461045e-01,4.771821737662612639e-01,9.465339988581006336e-01,7.146487583549250289e-01,4.477437609706841903e-01,1.246775312610105824e-01,8.630894641309667659e-01,5.294503480576336907e-01,4.969640439655155228e-01,5.198338891665807981e-01,9.459950035154413017e-01,8.774773000974651627e-01,5.395389511654223869e-01,7.996218874583209679e-01,7.531152897537831681e-01,6.498447124084030246e-01,7.425261164946626025e-01,4.808976599889616677e-01,5.426584847150124347e-01,4.628609392946310686e-01,1.173250789121006027e-01,4.772052852681095136e-01,8.453037398658352908e-01,7.895538537391573186e-01,2.225154230223103102e-02,4.175182700869855545e-01,4.441687187021631789e-01,9.818939690211163640e-01,3.740652003235491740e-01,4.632900213381210275e-01,7.627349549139743612e-01,2.902222238362037743e-01,6.832584671119436015e-01,6.168809091538016709e-01,7.687198096776775014e-01,4.370116964566772566e-01,4.302839773411121227e-01,2.127260276618143375e-01,7.661004771521701118e-01,3.698478471996415884e-01,2.448946752162667051e-01,4.027695376037346287e-01,1.175452161904684267e-01,3.545358164733414252e-01,8.619693596323567686e-01,9.013756942924643356e-01,9.748269287966019325e-01,7.487448925572118830e-01,3.704025479356235495e-01
9.955680487459102057e-01,8.710316688412857999e-01,8.933914592383446207e-01,8.592370695139927017e-01,6.097182280887530892e-01,0.000000000000000000e+00,6.802247680109063666e-01,3.749767982370225683e-01,4.882398223956151417e-01,7.041842039039909462e-01,8.738971558828518837e-01,6.958935997633228787e-01,9.445044709795273885e-01,3.521190026897113023e-01,7.867189074650359215e-01,-2.717388774189161138e-02,8.167522806076934483e-01,9.034504430802182684e-01,4.420069262462980042e-01,9.150105085468447363e-01,7.323449598980448227e-01,6.254043350686834257e-01,7.049528680411280002e-01,9.887629454156310338e-01,6.763532434505413748e-01,7.799843653169155067e-01,6.390979494317863274e-01,6.451305285604694850e-01,7.197772124041583730e-01,3.345050114115037942e-01,5.397214203407872946e-01,7.866334172390732071e-01,5.520176013128056391e-01,-3.168661850068121844e-02,5.884084839737838690e-01,5.214893790440729981e-01,3.420667068399861899e-01,6.881567430636975624e-01,9.684298201460073141e-02,7.650634095672732560e-01,4.234853548265061773e-01,6.638659474460245624e-01,7.460884737138169243e-01,9.849103064826720821e-01,4.654407406886560961e-01,8.859368707635876250e-01,8.959406183488443087e-01,8.970104554160426291e-01,5.124319843298261734e-01,7.388532933311848794e-01,7.532386503762946717e-01,5.421629036766653087e-01,6.155923805328716858e-01,5.787970999664522609e-02,7.804808738629533948e-01,8.085525283515633266e-01,6.125145558640324728e-01,7.290019815819099858e-01,5.896132270866163427e-01,1.853869374349010613e-01,4.472625083409899061e-01,4.776526409783167781e-01,6.848992497553860748e-01,7.877877926985009660e-01,9.662403064888669402e-01,3.594850886417459979e-01,9.418559007986040399e-01,9.021876038712989265e-01,-5.814342271792224959e-02,7.436958635220956015e-01,8.357400913688820543e-01,2.281281160134489838e-01,5.501155487166463631e-01,5.688563399913916241e-01,4.238076943797073892e-01,8.347048862709942618e-01,7.650954325310389548e-01,6.667302393679888084e-01,5.842153848208989642e-01,3.208789122247608649e-02,1.670845127789948315e-01,9.017342664754404158e-01,9.944630510159995218e-01,5.774712075607622008e-01,4.718613468699456304e-01
2.551092042967559870e-01,7.863892437416772907e-01,7.564364841255367677e-01,4.444549383074598015e-01,7.382038434396857030e-01,6.802247680109063666e-01,0.000000000000000000e+00,5.803019055615391553e-01,7.606905633474027040e-01,9.608890558033443829e-01,6.164875719333734461e-01,7.079790094179119198e-01,7.897347076874292604e-01,6.133082719216641499e-01,3.501658967163012726e-01,4.765899517443887290e-01,9.708605168595014767e-01,5.405248608575659031e-01,5.115761074741361769e-01,4.251853652429833375e-01,8.408791195914729899e-01,3.320204081188593559e-02,2.962809727786053782e-01,7.037639285800801892e-01,3.165174588062755201e-01,3.592318064080201045e-01,5.459293863444820705e-01,5.664760927021459391e-01,1.810211978272165956e-01,5.811325394957547186e-01,5.104651882575353961e-01,7.099098663930619724e-01,2.708383320098136093e-01,6.704749420042139807e-01,4.877805284603299318e-01,2.445693900492171280e-01,1.796435857902418942e-01,7.025850204423843559e-01,7.738556377811680598e-01,5.843803306352925997e-01,2.777431646109803087e-01,5.048306560538957655e-01,8.586445890742298026e-01,6.730182698229464355e-01,8.308273696387937779e-01,6.370765522252470614e-01,6.388762264563235815e-01,6.747086415228460421e-01,5.562324308616055646e-01,5.910694948249668457e-01,6.525333696005514161e-01,6.121995773616160097e-01,2.845080473179355529e-01,8.862750557744799584e-01,7.859055686748793734e-01,7.393837965450807959e-01,2.555756625033543394e-01,3.960948437940344791e-01,8.034243486149881264e-01,4.536648024246611732e-01,6.081885379211996456e-01,3.113525501628939818e-01,9.293746572657551885e-01,6.668627969235617625e-01,6.912292817605645290e-01,4.564325840959465030e-01,6.954779016539667236e-01,9.725560416359247951e-01,5.307535661074505029e-01,7.987010440196438132e-01,8.261141799872802061e-01,6.367403639276185690e-01,2.256424024581287768e-01,2.709697382769147289e-01,7.919580255707892036e-01,3.398606810042046344e-01,9.162244086586209812e-01,5.033586999706982784e-02,9.217772427717325634e-01,4.510917255814910765e-01,6.693174024231159924e-01,9.047435381159274481e-01,7.712925752029395898e-01,8.757004726919359605e-01,4.475851373704357594e-01
6.350947881095636571e-01,6.497068510020820309e-01,4.355964379117754359e-01,5.350896202579442651e-01,7.347669948728456912e-01,3.749767982370225683e-01,5.803019055615391553e-01,0.000000000000000000e+00,6.228129498787434715e-01,8.341777923421856977e-01,7.658967560422134113e-01,5.323012880994471008e-01,7.667905981733937892e-01,9.410311182911831329e-01,5.738095597339316623e-01,2.530755781488434053e-01,8.265827402062834173e-01,1.332879233181465117e-01,4.115345720907393479e-01,9.030587229692276230e-01,7.264609684532767897e-01,6.464269032354549305e-01,7.135040496572424562e-01,8.478682182695700398e-01,5.215335996351856407e-01,7.273549759639896806e-01,5.293201806033536183e-01,5.875029489448693187e-01,5.604765762246413097e-01,7.160349277152840974e-01,2.236026469681064444e-01,8.712697145997043702e-01,2.289495904154831563e-01,3.987869427206758299e-01,9.986682473626740109e-01,6.091508986015938820e-01,5.254768064650373605e-01,2.292987440256940013e-01,8.455434753567292461e-01,7.559176917798753337e-01,6.808562397890739470e-01,6.966019562501795104e-01,-1.031497742725298178e-01,8.897838749372931622e-01,7.313310434885728073e-01,7.540530953940662862e-01,1.270659249339678720e-01,7.990540682666757988e-01,7.407271996647424306e-01,7.227331290593803637e-01,9.201961501192865711e-01,8.342939322068888552e-01,5.186761694247692400e-01,7.982138717400004690e-01,9.039231576181567807e-01,6.673123363078237169e-01,2.981203496158512101e-01,4.836818595588653347e-01,2.090550107410591441e-01,9.517239688490569671e-01,9.284772235320178091e-02,5.211663535897814725e-01,6.715749760811690061e-01,7.728346254404694360e-01,8.158494519631429576e-01,4.623873822464623640e-01,8.958203715684482926e-01,2.274126728729606584e-01,4.255646744687531235e-01,6.774121426930739265e-01,6.599960298195766129e-01,5.670501540444226052e-01,2.860395569051567000e-01,6.145918917336674614e-01,8.874715155605135131e-01,5.836622889888238852e-01,2.213235515111679208e-01,5.138006240898406185e-01,4.673495203106859952e-01,6.692769503659234953e-02,9.425798192808965137e-01,8.455641600099431665e-01,9.163549946155347126e-01,1.955541234391625638e-01,5.686910089555221592e-01
7.707155207694249555e-01,7.979873849325094248e-01,6.688847926254072318e-01,9.364847266161969719e-01,4.311838145052613314e-01,4.882398223956151417e-01,7.606905633474027040e-01,6.228129498787434715e-01,0.000000000000000000e+00,6.188158940520439577e-01,9.052181521808017051e-01,5.293024775689902928e-01,9.234782147706305233e-01,8.902859791502339970e-01,8.155744085706627677e-01,4.790875445837202706e-01,6.356715847592659951e-01,7.723281569288911186e-01,6.101836215534128804e-01,4.089817785134664541e-01,9.244987566736604379e-01,4.832353936243391490e-01,6.588316098437499990e-01,7.807951566243691577e-01,2.508845439541735889e-01,5.968215697772417672e-01,7.983079124556000661e-01,1.579382720854345390e-01,2.811556817338394798e-01,5.495326026886919735e-01,1.643186552348931961e-01,4.902141485536354315e-01,7.412842946537409050e-01,9.754747860557887451e-01,7.849777089366419824e-01,7.843446483035869665e-01,7.632558559371729334e-01,3.681811428134466602e-01,8.619868305080140569e-01,7.428462522054678496e-01,7.196292164194184604e-01,5.027003109274706949e-01,9.106305936587870686e-01,8.888350567796139412e-01,7.510937232744112624e-01,6.737181825794931189e-01,6.781757388523849128e-01,1.899144873373788123e-01,7.379957975316384644e-01,2.550062200265237541e-02,3.524664014069797124e-01,4.646846501277525077e-01,9.733245168336658315e-01,7.726980684278071942e-01,5.215966319287324016e-01,9.174694546214733348e-01,4.282282747682475410e-01,5.567068841816790181e-01,9.811379325686147013e-01,2.791468324535913426e-01,4.241794966789291244e-01,9.547387623513088339e-01,8.700437866233553530e-01,9.178236637498430328e-01,8.345229333307681019e-01,9.312775346519631681e-01,2.259451051068455951e-01,9.189827951308031651e-01,6.378035375059681877e-01,6.251767460023216483e-01,8.771219479993404011e-01,6.868415932407990754e-01,7.928140130458006807e-01,7.177498286315544540e-01,7.894631492897754566e-01,9.897606237273117724e-01,9.035899692646252035e-01,4.439979283311333846e-01,6.135531617603344756e-01,1.772091325952374063e-01,8.609811757092993290e-01,5.818612662607832720e-01,8.222763318382869668e-01,8.409860635908729121e-01,9.516706169685719141e-01
8.811941448665312482e-01,6.363464783724557261e-01,8.466010856251393601e-01,6.298585706149496533e-01,8.177125971209286970e-01,7.041842039039909462e-01,9.608890558033443829e-01,8.341777923421856977e-01,6.188158940520439577e-01,0.000000000000000000e+00,8.165116244514852850e-01,6.180514733460689136e-01,8.733706346789867903e-01,7.670948665155907786e-01,7.861637725387591313e-01,6.781422905091373243e-01,-3.421007688169416805e-02,6.123892796265995031e-01,9.438676081133834384e-01,9.084719912451081347e-01,8.521431652798090450e-01,7.399061850062154111e-01,8.432176522852671274e-01,3.677961395379889531e-01,2.160348887760435155e-01,8.916845904168233528e-01,3.510410403013243252e-01,7.907787788607207879e-01,9.341892280655430536e-01,5.967217276456999731e-01,5.895382136085626223e-01,5.182534459529153370e-01,6.094130403231037274e-01,7.574316379126279086e-01,9.035616194211949503e-01,7.995796259194107858e-01,4.004342861676823961e-02,6.598573936993995526e-01,8.774988492045248112e-01,6.565329901558005776e-01,4.748815554988912169e-01,9.929317774160960619e-01,7.869521827553962456e-01,5.431963643601323000e-01,6.718842610123400005e-01,5.880114756663421538e-01,8.888310618439558830e-01,8.160481642571819627e-01,4.502455486758509262e-01,6.027659104261853251e-01,7.137039004788680030e-01,2.665337105423319919e-01,6.601771673637233384e-01,2.593249396047383470e-01,4.541155768215042188e-01,5.070980348260283321e-01,5.602601094174586294e-01,6.804891016326007902e-01,7.835509428862665882e-01,2.041447815720162651e-01,6.273964161623829527e-01,8.727256763113637739e-01,9.710947842376154160e-01,7.867147037847488367e-01,9.067805516784503972e-01,6.511725286421473635e-01,7.304640396719460638e-01,8.855868626285867684e-01,4.441295947323135596e-01,5.920326459969934563e-01,4.386727740469668624e-01,7.737179588312259604e-01,6.328698842546013337e-01,2.266323400076182826e-01,9.756627909075255012e-01,4.456803300418972769e-01,6.773434505987437904e-01,9.804293687160952064e-01,3.678741691149500781e-01,9.224029436123210024e-02,6.099900885837162834e-01,8.982046275205194386e-01,3.875711545837533523e-01,7.615318241281312517e-01,5.845370943846284195e-01
9.710351009436410941e-01,6.180893278198180685e-01,7.420649004523223180e-01,8.197888204275629587e-01,9.303943987067609944e-01,8.738971558828518837e-01,6.164875719333734461e-01,7.658967560422134113e-01,9.052181521808017051e-01,8.165116244514852850e-01,0.000000000000000000e+00,6.042507638005314430e-01,5.308077882853053930e-01,9.021755699975969600e-01,7.142465529685957382e-01,7.279421070390258430e-01,5.934634409067072180e-01,6.285282439086110617e-01,5.323679259284356258e-01,6.311450064760889545e-01,9.076071922258885927e-01,2.601086327891424799e-01,9.893154018264969096e-01,8.674082531311451127e-01,5.902531364946280723e-01,5.984192209668124374e-01,9.659167670114416904e-01,5.748166465658498536e-01,2.959251609454973675e-01,5.578587180027053671e-01,6.913927812011437801e-01,4.648369145518006507e-01,6.521151779290884631e-01,6.065881175238723166e-01,6.179065944779779107e-01,1.771828666454347001e-01,2.480119696627422765e-01,3.144410339045358715e-01,9.024112464450534388e-01,4.053680438703502475e-01,5.643173494306592541e-01,4.023276273637018119e-01,9.297466472143568472e-01,9.131492342758117386e-01,6.638312072540490938e-01,9.474629407672514603e-01,7.233925426732541464e-01,5.574418241088863191e-01,7.687496020514038575e-01,9.755571952417760873e-01,7.718814052803191217e-01,5.231181983947417180e-01,5.110322385565554404e-01,3.826293123210405822e-01,7.715715154778870488e-01,7.475523224236371167e-01,7.631683201718471032e-01,9.128516322607093114e-01,9.882367636281104151e-01,4.522771632317341695e-01,8.460576173838243452e-01,2.603941174600530317e-01,9.778686301551666737e-01,8.308905508861469391e-01,9.045977555998794273e-01,4.249248084267109316e-01,7.235854828640075898e-01,8.651515416287742788e-01,3.267745138433663654e-01,4.445069923696898795e-01,9.037690229901413907e-01,5.976164408486366320e-01,5.439438908282911989e-01,6.229670478121887012e-01,4.988734285086732223e-01,4.856020450642674069e-01,8.095721307168048941e-01,6.157693021574176528e-01,6.012926832645369979e-01,5.558822666362562837e-01,9.455990567117708023e-01,9.870592703266949375e-01,6.612688004270828035e-01,5.709334884153853817e-01,5.662183460714199645e-01
9.599004228549076201e-01,8.276385771030609906e-01,9.178852349812460787e-01,8.759939306836758144e-01,8.761341631847444633e-01,6.958935997633228787e-01,7.079790094179119198e-01,5.323012880994471008e-01,5.293024775689902928e-01,6.180514733460689136e-01,6.042507638005314430e-01,0.000000000000000000e+00,8.832433639648001877e-01,6.047358739022585805e-01,9.734128169616536042e-01,9.734017754443826664e-01,2.914814805578302970e-01,7.573246445593064813e-01,2.221972336615845589e-01,7.652952189521192716e-01,3.860369966156382837e-01,7.894748455910594043e-01,6.850589825251887088e-01,8.937656397703098721e-01,8.416186738840829573e-01,6.267093127027671962e-01,7.836688823315990371e-01,1.945304145576935984e-01,7.020614490463703561e-01,6.383957708395949782e-01,2.628858944496731964e-01,3.048596956962064675e-01,8.930204460475323902e-01,8.003401472926353621e-01,6.924103024304940623e-01,5.252945601409985121e-01,5.606190946701614664e-01,1.336038799016449619e-01,9.045196758798698111e-01,7.811569833961045095e-01,7.327156206747866829e-01,7.491709542667268629e-01,1.909623023920559715e-01,9.276103466911826967e-01,6.517177065027601746e-01,7.472605129095586385e-01,8.579877830073514566e-01,6.051812935385153525e-01,6.869532099534219061e-01,7.160021441103927575e-01,6.290172119552137620e-01,9.526938894142461534e-01,8.586650994871989351e-01,7.797819547587345745e-01,8.263030131239791354e-01,9.081806418260330860e-01,2.373048075335889295e-01,3.819929003238061171e-01,9.112411749968075680e-01,4.083087497903735708e-01,4.492835290835909823e-01,7.389906481668979676e-01,7.894822424166071384e-01,9.097611125462854442e-01,6.120210386362426869e-01,9.934519092289346709e-01,8.450097783971145526e-01,7.541196726164260955e-01,2.913304758932097061e-01,8.047693266280929736e-01,9.291186591119661164e-01,3.197793027187567638e-01,6.603756703608206768e-01,5.948684810914823817e-01,5.233872315497399841e-01,6.686210580533844539e-01,7.779767294962497415e-01,7.530943001497425460e-01,8.321247982314206038e-01,3.048001447213681825e-01,2.521724960709419427e-01,6.201711503643803081e-01,9.163891837836386500e-01,6.944299246364097344e-01,6.341653298258604909e-01
3.855813634711441340e-01,8.410710467584305849e-01,6.868619941483596891e-01,8.151217202365644843e-01,7.863958912773604260e-01,9.445044709795273885e-01,7.897347076874292604e-01,7.667905981733937892e-01,9.234782147706305233e-01,8.733706346789867903e-01,5.308077882853053930e-01,8.832433639648001877e-01,0.000000000000000000e+00,-4.148437377366140377e-02,7.951280691197306627e-01,4.124513182973135739e-01,7.020874028007837442e-01,4.342727587851452631e-01,8.457943405744499099e-01,8.505949663214307233e-01,7.161442383281112489e-01,2.539780286080249860e-01,4.600891641710861402e-01,7.525440032384882461e-01,6.446117604884262775e-01,7.591201375595423295e-01,2.658996630584365417e-01,7.259783578888761024e-01,3.488818033982666322e-01,4.865691809716538030e-01,4.990687457712415509e-01,3.519259053013652494e-01,5.749208066515124615e-01,9.090523558212538768e-01,4.326242756035284520e-01,6.385217730095413824e-01,6.840630187794018990e-01,6.639268181832500559e-01,8.321280719682728755e-01,8.367652564128301718e-01,5.565907604933844066e-01,4.504135098713021867e-01,7.278528643112290863e-01,7.828350660820649898e-01,5.793147443413134701e-01,7.839208866557640931e-01,6.799585071581605300e-01,6.620992555460089024e-01,7.808418832197340231e-01,9.187997107992041945e-01,7.895781057890627341e-01,6.510366684041722918e-01,1.541638241021692224e-01,9.894394953762329914e-01,6.850400105889742353e-01,4.759601594837546412e-01,5.613174568957240984e-01,5.764318265455680157e-01,4.953936946780219119e-01,3.741110610810046699e-01,4.042044020068244481e-01,8.949646835201785500e-01,4.561335321947309618e-01,8.452460867109753417e-01,8.117960426654083905e-01,8.934324394031738503e-01,9.104117547468871807e-01,7.184958947846188382e-01,6.895750361628149028e-01,5.017129734170024946e-01,9.651963866875552522e-01,8.406929321600726812e-01,4.686048139347022690e-01,4.999522650049804118e-01,6.527922956485110451e-01,7.993074016069889876e-01,9.295116566795049717e-01,6.650736706784652341e-01,4.486946374603600352e-01,1.259402889874744469e-01,7.078515198892210147e-01,5.022110176304408480e-01,9.134590367195443150e-01,3.389186887670424531e-01,4.134783702351479406e-01
6.094591411527273683e-01,5.696600354771373942e-01,7.287734865658233030e-01,4.560095349513401675e-01,9.695188534730379004e-01,3.521190026897113023e-01,6.133082719216641499e-01,9.410311182911831329e-01,8.902859791502339970e-01,7.670948665155907786e-01,9.021755699975969600e-01,6.047358739022585805e-01,-4.148437377366140377e-02,0.000000000000000000e+00,7.222499070519814435e-01,8.758321343491728417e-01,6.966710261859190290e-01,7.586377146063185695e-01,6.004682575788025112e-01,9.892685205596238873e-01,8.944564919705089157e-01,7.847431624189217247e-01,9.933227465363139164e-01,8.612658461326003767e-01,8.811555478545215481e-01,4.570328644097992887e-01,7.597088708435262294e-01,7.081534664824891134e-01,2.902379376204372030e-01,5.115661421131368902e-01,5.461569358607418767e-01,2.478785941024334583e-01,4.056376365884942770e-01,6.628014047296006961e-01,8.161244099814638497e-01,4.684567064441169659e-01,4.346920565468150865e-01,9.871970028691774701e-02,6.767027651693260371e-01,9.542624861456844299e-01,3.148716686252148733e-01,9.819866562677704858e-01,6.955514261069073445e-01,7.017404901500825520e-01,6.302771161510846154e-01,8.622083994626611458e-01,9.262739466230522911e-01,9.772589162542387742e-01,7.143314286243048761e-01,6.497907468309591650e-01,9.748940076959221601e-01,4.750692817920092459e-01,2.195545464757136245e-01,8.017292576949941463e-01,6.187376995142590541e-01,7.684348464720074379e-01,6.975825156675746763e-01,6.657757948782324631e-01,7.101343180233425922e-01,2.516653899750789236e-01,5.923160762377236432e-01,6.089762921771559867e-01,6.662477674922164805e-01,8.686698213402331836e-01,6.185676276119307371e-01,8.173494387855794185e-01,8.104528373002602981e-01,2.798261010145453032e-01,6.503720537592957429e-01,9.113595518532130457e-01,6.004592387756976235e-01,7.784420476411937351e-01,6.817215803452454370e-01,5.375332915824986291e-01,9.742106511770509680e-01,9.519949575655560770e-01,7.768796700126622268e-01,7.271453604076627553e-01,4.184073745967837876e-01,5.051568015281197033e-01,7.644746553133257017e-01,-1.874567763731694314e-01,9.187957321812281197e-01,7.053279034033254069e-01,8.326652505695537609e-01
8.018735375369411278e-01,8.441600958351571649e-01,9.869590330261091005e-01,9.492264682461046821e-01,6.910920664781925460e-01,7.867189074650359215e-01,3.501658967163012726e-01,5.738095597339316623e-01,8.155744085706627677e-01,7.861637725387591313e-01,7.142465529685957382e-01,9.734128169616536042e-01,7.951280691197306627e-01,7.222499070519814435e-01,0.000000000000000000e+00,7.662853402116691637e-01,9.077466856234250869e-01,8.912757282684820037e-01,6.799148015233019704e-01,8.346672403207624491e-01,7.628489988147975076e-01,8.519299175900125753e-01,6.639170931726091629e-01,8.486468866906482500e-01,6.315327141136349853e-01,9.590481024902189899e-01,8.735514867862784749e-01,9.771869911401755981e-01,5.653782868806551676e-01,1.856047017256311771e-01,6.734268687078283078e-01,4.990725834571707042e-01,6.570993082512167627e-01,5.660617406244424776e-01,-6.534641303560984049e-02,9.548667985745034059e-01,4.168822380315056475e-01,9.763915470695561094e-01,6.688763546609769461e-01,6.407837768986750504e-01,4.218858401651789380e-01,6.250729882549067584e-01,8.892908465430755527e-01,4.038966277099600988e-01,9.660186407282933541e-01,5.879940604748631339e-01,3.207474681280522155e-01,4.362730015412408791e-01,7.383385781934495018e-01,6.240631188591678757e-01,7.210667251035606240e-01,7.350184514709429129e-01,9.299990399443146538e-01,7.299379299907033936e-01,9.632955630331415664e-01,9.660156577500815800e-01,4.185315643499443183e-01,1.945623968639941526e-01,8.225992864285815998e-01,4.231287513913336573e-01,4.717282869544292545e-01,6.759447639317270884e-01,7.875121475454990305e-01,9.851548025207683690e-01,6.413367956196101005e-01,4.654379570733835902e-01,8.547338486948287128e-01,5.544748036046829309e-01,4.174279428411382664e-01,8.354561675371148244e-01,9.832187266970793260e-01,5.647514637294981377e-01,2.083377225548420364e-01,7.280495911102818907e-01,4.545146234020649434e-01,6.196009288808176363e-01,5.662594172883894661e-01,7.499022497112961538e-01,1.398502687856635063e-01,4.998454687336221780e-01,7.527030264193810272e-01,5.864680739389245279e-01,8.936081605842565168e-01,5.634043891604813004e-01,6.404857034818208783e-01
2.167399540153915338e-01,7.822697723758726962e-01,8.601181212531119336e-01,4.893960107952471938e-01,6.595786186385748096e-01,-2.717388774189161138e-02,4.765899517443887290e-01,2.530755781488434053e-01,4.790875445837202706e-01,6.781422905091373243e-01,7.279421070390258430e-01,9.734017754443826664e-01,4.124513182973135739e-01,8.758321343491728417e-01,7.662853402116691637e-01,0.000000000000000000e+00,8.337372929857600479e-01,6.898886542247240072e-01,3.755399917093262263e-01,5.621548384747263594e-01,8.484925045364102303e-01,4.060168480416140313e-01,8.533110479216842181e-01,7.475208349807587194e-01,7.105379937872002838e-01,7.252009837198499786e-01,8.437164332332712791e-01,6.674624767961238048e-01,6.913212256246284437e-02,6.800900915821176396e-01,3.799748639675873951e-01,6.593034064903260383e-01,6.950132967431738029e-01,9.002917373851724303e-01,9.188906514568007111e-01,3.636498016622320417e-01,9.158178392783410393e-01,5.868826129491793164e-01,6.451636719271666154e-01,6.896366683553256660e-01,5.216169715857119638e-01,6.064837730179087893e-01,7.056750775762404837e-01,5.302891442666348709e-01,6.560334619455852057e-01,8.850508139291896059e-01,3.521270958574372889e-01,8.856350425695512785e-01,4.121633521374984399e-01,4.274748345906991265e-01,-1.855427113927686222e-01,7.921363147764093338e-01,4.689601122370267716e-01,4.483857617548049901e-01,7.660372945317537319e-01,6.191765860338631633e-01,5.433079095345764165e-01,4.683273197702205737e-01,6.814632811708674076e-01,2.230234606961892796e-01,6.089800046315498872e-01,9.922857448220023802e-01,8.082708509697675847e-01,2.209935638917776835e-01,9.525520816337025298e-01,5.452647390565062285e-02,8.415933630315027836e-01,5.292509274971263222e-01,4.634407918369359836e-01,7.978277161296662978e-01,9.215237808245355655e-01,5.786875275032796750e-01,1.051643153178205420e-01,5.525101942130176136e-01,3.848752566324685764e-01,9.550513854126840840e-01,7.692518940262129679e-01,5.193537864410374683e-01,4.344668130594065980e-01,1.600841726849133451e-01,5.102990893140922912e-01,7.133190795173451892e-01,4.764060414914834118e-01,6.518439083579486981e-01,6.971755090467160465e-02
8.887770920653266238e-01,2.920968996230920434e-01,9.514217098159295505e-01,5.057913036479445568e-01,4.068386346827123079e-01,8.167522806076934483e-01,9.708605168595014767e-01,8.265827402062834173e-01,6.356715847592659951e-01,-3.421007688169416805e-02,5.934634409067072180e-01,2.914814805578302970e-01,7.020874028007837442e-01,6.966710261859190290e-01,9.077466856234250869e-01,8.337372929857600479e-01,0.000000000000000000e+00,9.412076816250634081e-01,8.272042321332695458e-01,9.029062595441240680e-01,4.354775254286880060e-01,5.131183448842606687e-01,4.469931048740882207e-01,6.569226795843136069e-01,4.534714685856112704e-01,9.061076689080208579e-01,9.035633336616736289e-01,7.812173433824848301e-01,6.972050204024087261e-01,4.115444689444636150e-01,5.746287267083716177e-01,4.012002130624515717e-01,4.016413970083161922e-01,5.437092721098553127e-01,9.275929201225305842e-01,3.114691581950517207e-01,5.494816094890656588e-01,4.587535697618002062e-01,7.776478524748398069e-01,9.968944037597602392e-01,3.604449714827798745e-01,8.090286755040495548e-01,9.414665086488009926e-01,7.730238910487846615e-01,6.770218754758494661e-01,8.975887572978964446e-01,6.696383773061272970e-01,2.026921124988973200e-01,7.484607363125329593e-01,4.441938592791210283e-01,3.414835575000817469e-01,9.266164274999005857e-01,8.960042310384039865e-01,8.505046900553311362e-01,8.198364408162749362e-01,7.871003093329235201e-01,8.922435807401503105e-01,8.929464419050282542e-01,6.780334648640914397e-01,5.022486336770117799e-01,8.924810834110761260e-01,9.567007822471931267e-01,2.180786203433905945e-01,4.237480003239023074e-01,6.954107847116859364e-01,6.827165335693220483e-01,9.850859564454259587e-01,8.228930732997354891e-01,2.614958625546445203e-01,5.490816307074956049e-01,4.039656120991073629e-01,6.036760426965849247e-01,5.443894761618276457e-01,5.558889570629637067e-01,5.099995984105907265e-01,7.625546473251083590e-01,8.928746594981188389e-01,7.544880481637655789e-01,9.515112476862215285e-01,2.071630195198006785e-01,7.267446436132398713e-01,8.876109928057899223e-01,3.629799095664622000e-01,1.525793096512571140e-02,8.903378987646654030e-01
8.889105585204665205e-01,5.368187327876776660e-01,7.245036177243682207e-01,9.611617575340037911e-01,7.377556231013538968e-01,9.034504430802182684e-01,5.405248608575659031e-01,1.332879233181465117e-01,7.723281569288911186e-01,6.123892796265995031e-01,6.285282439086110617e-01,7.573246445593064813e-01,4.342727587851452631e-01,7.586377146063185695e-01,8.912757282684820037e-01,6.898886542247240072e-01,9.412076816250634081e-01,0.000000000000000000e+00,6.649794218604874185e-01,9.601506693000578796e-01,3.687241259529440152e-01,6.298719449835810114e-01,7.595375256768319705e-01,2.463213756989929004e-01,1.789612647036449844e-01,7.104597710165079238e-01,8.234609905429085552e-01,8.229099766021750195e-01,7.239159004970344702e-01,7.489244888139200418e-01,8.935124787563586413e-02,6.165632737660273754e-01,8.502436708379936814e-01,8.067899430925095094e-01,6.260415095484529457e-01,5.756195976970022166e-01,3.130667717261950700e-01,6.567357963153280798e-01,5.086478529700958484e-01,9.443276472563815194e-01,8.495710615021433432e-01,7.211521899574852013e-01,9.641743448206898659e-01,7.018181758891453015e-01,6.022671310834871727e-01,8.011106873597913236e-02,6.656041069836855506e-01,6.313894331474455557e-01,3.594110040432669795e-01,7.643646363502806240e-01,6.751960714113049988e-01,5.246242850982583139e-01,8.805489553722845031e-01,5.005814703789710496e-01,7.030364738215504339e-01,6.943894237455040530e-01,2.045033998980523571e-02,2.533183190734693557e-01,4.858155205417548084e-01,6.824396650448125712e-01,2.096548617084164345e-01,3.535940567806410972e-01,6.250029738837529214e-01,6.739541343460999645e-01,9.199032020120794240e-01,7.880590062356136460e-01,8.126100860189896524e-01,7.051932975884112054e-01,9.374112668506719981e-01,2.992390733793024449e-01,8.160444130569167731e-01,6.412128523056990215e-01,3.929862026056251123e-01,6.626292000913227564e-01,5.898314600779710482e-01,9.407026286277475613e-01,9.540942787685298132e-01,6.909425560918204257e-01,3.908822360119589279e-01,3.899174256676721240e-02,7.796497708042596786e-01,8.086915796138495205e-01,6.806588265991406761e-01,4.033405134049352636e-01,6.464519681608222879e-01
