0.000000000000000000e+00,8.813051430948510845e-01,8.132018639209759314e-03,7.474589150122138426e-01,8.412822448819102794e-01,6.679947653478549574e-01,8.725132154164931819e-01,9.876465332913141326e-01,5.931893700771483369e-01,8.717609227206927214e-01,9.132159556687877711e-01,9.453096144047612448e-01,2.914704865782835053e-01,8.628360812900157661e-01,9.662081095804408992e-01,7.512727072393113881e-01,8.484713534325173390e-01,9.348890227071953163e-01,5.266139155210476375e-01,8.934626243147463232e-01,8.683585932808277619e-01,4.566086734034973671e-01,9.530248507932628232e-01,9.080544045529284070e-01,9.144331246649118894e-01,5.650876988225601583e-01,9.395023908657214040e-01,8.513925686236173407e-01,6.414652552778427053e-01,3.070827785704194901e-01,2.198053363333825339e-01,8.448432919395970631e-01,9.955923493621419151e-01,6.361117699333884712e-01,6.060658225251869258e-01,2.017047381027963215e-01,6.449804926786573654e-03,8.316382234997152789e-01,8.419228835954178924e-01,8.547615012117861788e-01,6.282344644479561646e-01,4.680976947294677726e-01,9.777438443831780734e-01,9.810678146901965491e-01,8.551104043582825609e-01,6.973402173623604039e-01,9.270636680293783405e-01,9.344411067700645335e-01,9.862581506953247423e-01,7.027735815138511644e-01,6.459824869430254024e-01,2.368460643119917053e-01,5.780961893144679342e-01,8.850672307694795737e-01,6.426374916011903249e-01,8.656550151558022321e-01,6.182213210722090624e-01,9.311001641344692770e-01,6.678665986076114391e-01,3.437724702014794964e-01,4.278647807518230484e-01,7.117527431240052715e-01,6.999990394408074357e-01,9.898512510414697596e-01,8.791808358538990564e-01,7.264576222306617925e-01,9.419949749629979996e-01,9.140176745819950099e-01,8.184984367720538057e-01,4.855413527797354800e-01,8.855920222393033336e-01,6.491648978068668141e-01,6.203440468622332116e-01,4.800201810701714700e-01,5.672235070648086186e-01,6.734230506046473552e-01,8.302982954963539219e-02,9.815713615244430201e-01,6.446269018170681653e-01,3.193422030866184258e-01,9.595741642976518548e-01,9.907106894545358866e-01,8.746751180665517378e-01,2.440063481097529130e-01,8.421150696752468523e-01
8.813051430948510845e-01,0.000000000000000000e+00,8.082715608396644491e-01,9.971174267598005292e-01,8.302845925085512446e-01,8.177973902632907910e-01,4.269298334238825210e-01,4.519219871729465154e-01,4.065581360054681959e-02,1.604901383377057844e-01,4.205045932964013300e-01,7.407954697601017990e-01,6.980223978795322415e-01,7.479721889043888794e-01,3.227122722468055427e-01,8.969467815969186519e-01,8.113366151219663092e-01,8.288563064973024641e-01,6.963856312803231585e-01,9.511684244968958701e-01,9.192392781746281383e-01,2.518384492287056853e-01,9.658494926151817150e-01,8.042347969089687076e-01,9.045884988383593450e-01,6.388009625281348969e-01,3.444204808065661205e-01,9.218563801913994826e-01,4.342150694584205883e-01,5.497679930789122205e-01,5.947182943298485736e-01,3.513088736188045846e-01,6.781420474658405029e-01,4.931454342912009597e-02,6.668977136840716913e-01,6.995281895042267939e-01,4.260171839381121650e-01,5.018684150112528997e-01,8.082210496032903313e-01,7.020170877568001622e-01,4.925664946499430097e-01,6.861234212351101647e-01,6.065804864903812099e-01,9.094955857120792242e-01,6.131812953351813977e-01,9.469886894357482099e-01,7.176985127727698588e-01,8.775977667369792012e-01,3.688291623819335285e-01,5.864755129698224767e-01,6.314845275444573858e-01,6.153469956855198708e-01,9.914626297600430682e-01,9.460735703135269015e-01,9.820638758787170186e-01,6.321905220814422188e-01,6.279805657931109009e-01,2.319503789184144682e-01,7.707949540919413201e-01,4.599895501586532820e-01,6.870973344631128299e-01,7.691727795407083956e-01,6.497620161778958625e-01,8.509120609447728967e-01,9.743509219095188856e-01,6.306606661663941571e-01,7.350700620927499429e-01,9.488844599631083288e-01,1.513395529326625466e-01,9.241466022054991569e-01,8.580003373339817330e-01,9.259570823354867919e-01,8.855766284677716316e-01,5.670520918989179204e-01,5.997456057072025892e-01,2.277924566501740855e-01,8.993583918699175062e-01,6.789219027751497437e-01,8.316977243989956969e-01,3.841974102725673190e-01,9.136819796845956354e-01,9.259458602768045887e-01,9.763300214313708203e-01,6.682953217334077767e-01,5.560053384548465649e-01
8.132018639209759314e-03,8.082715608396644491e-01,0.000000000000000000e+00,6.921209651524726780e-01,7.246875570108987086e-01,9.375992788675573397e-01,8.237378199703845327e-01,6.724285600915417271e-01,7.201744063270998364e-01,9.670752136458655723e-01,9.265064529326274556e-01,9.322258932470719461e-01,6.222270759359755932e-01,5.948935834067852202e-01,6.130346107352218077e-01,6.507102018297576951e-01,7.412965445254484642e-01,5.531043514687548068e-01,8.058553418435208116e-01,5.790745458292851922e-01,3.397563700971914513e-01,9.959716838589076637e-01,9.807465402868748017e-01,8.882720269287883719e-01,7.559288906934128471e-01,9.490098627780285678e-01,9.234319077314866453e-01,7.140339184523059046e-01,5.093004434127050839e-01,7.303032046771271713e-01,2.511747160929456157e-01,9.642823338877000161e-01,9.658516224374386061e-01,6.486024068731542913e-01,4.120683301572227730e-01,5.209688528064725377e-01,1.987387501078107244e-01,6.882592397778080073e-01,7.291987115564169120e-01,9.500086319246181521e-01,1.729613011465462868e-01,8.190311463740123088e-01,6.503572280538647554e-01,8.262405471502551890e-01,2.262579256798739613e-01,6.587668161227810959e-01,6.588363109855548405e-01,7.154887838621929452e-01,7.213813485330253794e-01,8.237305316722439708e-01,7.401448655732056903e-01,3.443295923555989013e-01,6.123213134177489803e-01,8.319252403539764140e-01,5.782698692947506602e-01,9.414022842870068963e-01,9.475026337220683326e-01,9.141765744020287077e-01,9.890408400222169272e-01,4.292631846973822274e-01,4.757731240858084631e-01,9.648857851034365885e-01,8.265387947735742813e-01,9.792963014425576374e-01,6.513445148423663289e-01,9.070594316436362270e-01,9.544655010059807099e-01,9.953127534216159589e-01,9.036326764532780498e-01,2.514063414895455484e-01,8.843529224533074329e-01,9.600630312755092932e-01,4.662955842757069980e-01,6.809933664964340494e-01,7.242421392183582274e-01,9.237737527022044093e-01,5.230059307510690481e-01,8.620588621010979447e-01,5.455388779502511332e-01,2.911294039336383976e-01,9.714893479449050462e-01,6.742348581474243430e-01,7.046721111532675552e-01,5.261947360152576803e-01,9.826888149588437482e-01
7.474589150122138426e-01,9.971174267598005292e-01,6.921209651524726780e-01,0.000000000000000000e+00,6.321168567069264110e-01,1.994871371819375294e-01,4.903783178921236052e-01,2.478753327991866651e-01,7.121296030717293168e-02,9.212808448613785117e-01,9.226372080401772369e-01,6.662028851884701508e-01,6.095204155855279415e-01,4.943403681905854663e-01,5.537764715743782595e-01,3.144158793308033384e-01,7.330751527169864223e-01,7.822565211152869846e-01,7.560829852398838202e-01,4.776551948845264572e-01,9.166337483581100676e-01,6.520473684834526829e-01,4.531206723773784639e-01,6.658431420818564650e-01,3.225801380916475947e-01,8.521082804732594829e-01,9.161658905875310621e-01,7.372671861045688724e-01,3.716475238901467693e-01,5.376788920743786893e-01,5.214148458070939629e-01,7.157985001458659902e-01,9.000224185335161664e-01,6.803551593025182198e-01,8.194633817013922128e-01,-1.160682984516433897e-01,4.564650708504343068e-01,8.389064637449488160e-01,1.774763785562768204e-01,8.826545433508886651e-01,5.039816574449457187e-01,6.769581302864261518e-01,2.759355031413309178e-01,9.148866820626692098e-01,8.064924665988721930e-01,9.719460533408330605e-06,3.492789454876805977e-02,4.546088463784849210e-01,6.987023726173117177e-01,6.612898285563756362e-01,9.677250816105559261e-01,8.576360574593335784e-01,4.455556469694562094e-01,8.147295281930290178e-01,8.419574755768486352e-01,8.805583096644928887e-01,8.211677174137708146e-01,6.282956335461721276e-01,6.403177261313395263e-01,1.896350029477174848e-01,6.022801337485395035e-01,7.370417668119667587e-01,9.136636658088284069e-01,9.087804182828493893e-01,9.477817695596505443e-01,6.522164402248161741e-01,8.311807441501178895e-01,7.779493626068754164e-01,5.634480126495871044e-01,7.242597469717445557e-01,6.033288116469530671e-01,5.086860911907086225e-01,4.974675399651795615e-01,2.950866853607514440e-01,7.422961445748026410e-01,8.201149261324250928e-01,7.522480023205099231e-01,5.276539618240371210e-01,9.068591017920145381e-02,6.903817890868989560e-01,2.398205491190256999e-01,9.055355692702101722e-01,7.551780689786943279e-01,4.644597999740048833e-01,9.289227729891573748e-01
8.412822448819102794e-01,8.302845925085512446e-01,7.246875570108987086e-01,6.321168567069264110e-01,0.000000000000000000e+00,6.329936333811896354e-01,2.714716449439240620e-01,6.200635066450659316e-01,5.322643126700966620e-01,7.240078624862618106e-01,9.198850705453480714e-01,6.926111089338855553e-01,9.909054933501847406e-01,9.650828420044078593e-01,7.082958854884553457e-01,9.187759893660925048e-01,4.736376124485319195e-01,6.059191817509427258e-01,-3.699215553166698700e-02,8.427585807704346399e-01,7.973024579273941814e-01,9.533543076708976827e-01,9.573308010010264102e-01,8.902570689349278421e-01,7.779936991596863027e-01,8.813976688539567617e-01,9.820279672310793240e-01,6.601218702709090724e-01,5.314515084753600460e-01,7.588078186439469741e-01,6.103654060506216172e-01,7.817574048617826898e-01,7.984748276509306963e-01,9.986254116514629020e-01,7.115222464959606308e-01,5.981936628794637389e-01,3.015087088894560785e-01,9.865940949460068055e-01,8.808277250184760598e-01,7.703999158944538905e-01,5.727747734928385626e-01,6.128136581513782266e-01,7.333222616231597213e-01,9.530124334965315303e-01,7.152623528479729043e-01,8.066781002679651591e-01,6.908934244634821198e-01,4.966358025956920663e-01,8.548117765645071309e-01,5.410904000352372289e-01,5.685609236259203669e-01,6.543081983068415042e-01,9.081593632336678601e-01,9.135098489226196605e-01,4.461463369757690534e-01,5.764607847648735017e-01,7.925999572734931942e-01,9.952658613609178806e-01,4.345002848809605411e-01,3.558917826639196313e-01,4.022149500908706599e-01,9.478674221185279247e-01,8.944469625740886221e-01,7.861639792549193206e-01,8.531469025113900262e-01,6.117166218059034710e-01,8.089527888459484561e-01,6.029954871748165468e-01,8.140317357911240892e-01,2.113872998806280989e-01,7.053114283855489441e-01,2.102170562107391338e-01,4.152785194208550301e-01,7.486015088894620861e-01,9.170248625350300165e-01,9.934567913839233988e-01,4.941333693033370666e-01,2.459584988591752286e-01,7.958167001445566324e-01,7.935152204400757192e-01,7.454404631635361822e-01,5.291973216763792287e-01,9.727975061382417854e-01,4.248675661312460439e-01,7.812897586013271001e-01
6.679947653478549574e-01,8.177973902632907910e-01,9.375992788675573397e-01,1.994871371819375294e-01,6.329936333811896354e-01,0.000000000000000000e+00,-2.409417744306603104e-01,7.925957306223647691e-01,7.674733242753482010e-01,8.776716133641552231e-01,8.381596865256500939e-01,7.453894341733409146e-01,7.908600139329668988e-01,7.687079684815796288e-01,1.187696020186312373e-01,9.025911002669455563e-01,7.268516148590701276e-01,9.385076703018103705e-01,6.220199381092186286e-01,8.372780097388642373e-01,9.468350601731896354e-01,8.418448524697709212e-01,2.438024338240438182e-01,9.266793442978247253e-01,5.461248643809556436e-01,9.227024353092967424e-01,6.239910474662965223e-01,4.978086755180219924e-01,8.807817528472272617e-01,3.741151014622939169e-02,3.415689275286899473e-01,4.176898579319624494e-01,9.183368768550490557e-01,6.153005100819782802e-01,1.366522801797697695e-01,3.225521027161179499e-01,3.217453178408951481e-02,9.607426989626486336e-01,7.352200884679408466e-01,6.944844067615796313e-01,5.087426239586753107e-01,5.368922529760341567e-01,9.763213426355719093e-01,6.984804139573851378e-01,5.785543738714846729e-01,7.632297513313403003e-01,3.658026179119088783e-01,6.976828158840840954e-01,7.554410749833153638e-01,6.684808248340847747e-01,6.904982941579600464e-01,9.929613304008225727e-01,2.922905800535265941e-01,7.514838437823873063e-01,9.019068685224379545e-01,6.987750897952955675e-01,5.532117117458408284e-01,9.218613060359824862e-01,5.110528171094534944e-01,5.320514236455078372e-01,5.377804723154930855e-01,7.928580992124488747e-01,8.084431893410817249e-01,7.032161466435181696e-01,6.166431548771663662e-01,2.957282361338077203e-01,7.446853067245573499e-01,8.093405063619847351e-01,3.489632195224405820e-01,8.028326241981914579e-01,7.621366764744819111e-01,7.530146681806815234e-01,5.068383400433804642e-01,7.922569941400701143e-01,6.326443944508904904e-01,5.566703866079460994e-01,2.411584833303333786e-01,7.535496452690951807e-01,9.852079394695554271e-01,7.594750993036811781e-01,2.125622354958100757e-01,8.642289490162056165e-01,2.505884669381216456e-01,7.135936079793667730e-01,7.194201437285219214e-01
8.725132154164931819e-01,4.269298334238825210e-01,8.237378199703845327e-01,4.903783178921236052e-01,2.714716449439240620e-01,-2.409417744306603104e-01,0.000000000000000000e+00,6.212743576647938859e-01,6.911334347196831374e-01,7.743753801650480328e-01,5.908344735087518451e-01,7.252625198752555846e-01,5.320251767051112912e-01,5.264301899368014626e-01,4.452427161451717463e-01,6.227148894191848472e-01,8.650906791408007335e-01,5.532569746693074553e-01,6.199120878025768944e-01,8.770621234467530503e-01,9.972482448049865278e-01,6.977390730444387179e-01,1.630410948703205909e-01,6.333011150337560791e-01,7.071108773838687966e-01,2.188966525919265327e-01,2.674329170499649688e-01,7.124556251687548247e-01,1.598021456852516120e-01,4.026272651013296788e-01,7.906535652181490015e-01,6.345841634151839772e-01,1.239500706316943451e-01,4.530020184439586539e-01,4.137784007711361456e-01,4.911645398346612401e-01,2.624283719213672539e-01,5.746334352752252572e-01,7.517472162549134751e-01,7.744742444178265295e-02,4.584773154548660856e-01,5.361963177240868239e-01,6.521801900018964204e-01,7.043302842290334320e-01,8.738683849168520368e-01,2.973830660043495500e-01,7.960338967691253931e-01,3.687812988186274232e-01,5.641080994765311774e-01,5.346353810731759859e-01,7.162909397930042887e-01,3.976886239456438599e-01,7.317675180594858109e-01,7.068935953931649863e-01,8.797198625514137671e-01,7.439444930003814571e-01,7.940490748349230410e-01,2.950891637135401036e-01,8.574052600614585629e-01,4.431904352904521005e-01,2.974311911681873366e-01,4.384906039712613279e-01,4.191673344120506184e-01,8.037608995555988178e-01,7.030243671668198191e-01,4.665968928580510600e-01,2.829921305404888843e-01,9.997553244548751383e-01,7.730177321349417374e-01,4.558210573092817408e-01,6.595410211907175579e-01,-1.948828459348131703e-01,4.152165519637548985e-01,4.760577536025258349e-01,7.293240198065261692e-01,6.235866236057401313e-01,4.350423491301845802e-01,5.196333623503488486e-01,4.693411495318580706e-01,3.289385268128758311e-01,5.821076941605762833e-01,8.625393772644560642e-01,6.249883191539630234e-01,7.143273669274194937e-01,2.093977532362413241e-01
9.876465332913141326e-01,4.519219871729465154e-01,6.724285600915417271e-01,2.478753327991866651e-01,6.200635066450659316e-01,7.925957306223647691e-01,6.212743576647938859e-01,0.000000000000000000e+00,8.122532599392707775e-01,4.831064009027492001e-01,6.485752263880799617e-01,8.060578696838738288e-01,6.880336880038423475e-01,2.214531046766645417e-01,8.353409895936405594e-01,9.573937206487652674e-01,6.616285602713017910e-01,4.907115329519275981e-01,7.259365974026440460e-01,2.053345701589643635e-01,3.562029272874354113e-01,6.177466401300185650e-01,4.024816014703517797e-01,8.494691086375303346e-01,6.212903235073938824e-01,4.591587983101551584e-01,6.732932933093532801e-01,7.155238381549029469e-01,4.596241422048379377e-01,1.643123575432599015e-01,7.135887206233360036e-01,3.736868923874691051e-01,5.098487778877439647e-01,7.178307176822321667e-01,9.938316113566052490e-01,6.623458793104327613e-01,1.171524220662206184e-01,-1.981384897154735147e-01,9.527282463458708328e-01,8.270011703815685067e-01,6.196394304788042096e-01,8.338170652616009315e-01,5.409061380212000225e-01,6.054729688751716576e-01,8.082167496089026626e-01,9.355366116019617762e-01,3.557928636407250295e-02,8.093135110015029499e-01,2.260486515989343359e-01,9.951914771014974681e-01,4.921991000447049625e-01,5.520274625982818373e-01,6.083571357337789198e-01,9.789054775050728407e-01,8.446481763104142226e-01,6.310162235140753806e-01,6.765752707687950895e-01,3.371106500932012917e-01,7.706307614770463443e-01,4.264712297841495858e-01,6.246395997061906513e-01,2.741530233765652330e-02,6.793397827007523482e-01,5.825413054222907672e-01,7.186738464536635007e-01,4.659453416394061520e-01,7.201287346540825585e-01,7.786868445654736570e-01,6.503536523485986542e-01,6.697835625622508005e-01,7.819802369794950359e-01,4.996190165570614239e-01,5.314451228091847668e-01,4.709238915236750866e-01,4.740773857206228570e-01,3.841983342507914179e-01,4.324867968001401830e-01,5.985004471589443487e-01,4.092349277844801181e-01,9.508712665125507169e-02,9.708902139457660230e-01,8.446435238400014089e-01,9.046022039279515425e-01,1.544782352481114951e-01,5.529597518321754945e-01
5.931893700771483369e-01,4.065581360054681959e-02,7.201744063270998364e-01,7.121296030717293168e-02,5.322643126700966620e-01,7.674733242753482010e-01,6.911334347196831374e-01,8.122532599392707775e-01,0.000000000000000000e+00,5.807132943357034005e-01,6.620503759747893291e-01,4.598032471767838913e-01,4.731540013330433059e-01,6.506309166886756756e-01,6.541479756798732614e-01,9.557379019161895695e-01,8.136290907282942575e-01,6.931968760031738119e-01,7.095358429094507091e-01,8.861720343693330060e-01,7.709184623800262592e-01,8.807479518384337958e-01,9.990902922092481653e-02,8.659315506016079800e-01,4.660239452832154461e-01,8.835041082215755459e-01,8.243988259017072107e-01,9.596630673796755495e-01,2.306051109620343431e-01,3.493858011504283878e-01,7.031433455180566838e-01,8.579765223121529338e-01,4.709152548934489868e-01,6.940991989876884594e-01,6.842085493862302137e-01,5.848299521613338214e-01,4.708868822300688595e-01,6.599291994514322468e-01,8.701753763143875720e-01,8.853909461304007023e-01,9.611528210205831924e-01,4.149434110676530896e-01,6.836732437656947159e-01,6.088270972640086320e-01,8.615680782317944875e-01,4.306166318997180498e-01,9.263008838143625967e-01,7.467643190692263566e-01,6.108097736529948252e-01,4.965643318085112279e-01,4.920719100496463438e-01,9.540892727687949604e-01,7.200608498654103018e-01,6.632649383119374464e-01,8.312566946376624966e-01,5.861287511042034826e-01,6.609876512552332883e-01,9.381936058114368482e-01,6.211137723567035085e-01,7.794664129584798484e-01,4.275290627786929587e-01,8.084806772089120352e-01,2.471299565347318539e-01,6.517912348224147445e-01,6.240464309974850243e-01,6.309806873019706552e-01,7.735127460911621622e-01,4.650124843928178375e-01,2.024022164421146741e-01,8.666999897449364498e-01,7.630304872281776785e-01,7.280549266843622247e-01,5.932926685566278779e-01,1.448046504259013073e-02,5.281892649825481456e-01,6.075471606433605620e-01,7.905780280138230420e-01,4.769377047555797278e-01,5.747175135826790848e-01,4.801440684120162894e-01,2.186739542117832336e-01,7.992172652004592148e-01,6.471265028225077209e-01,5.028905070003293343e-01,9.035497430908440153e-01
8.717609227206927214e-01,1.604901383377057844e-01,9.670752136458655723e-01,9.212808448613785117e-01,7.240078624862618106e-01,8.776716133641552231e-01,7.743753801650480328e-01,4.831064009027492001e-01,5.807132943357034005e-01,0.000000000000000000e+00,5.247110002386344840e-01,4.580177349713920876e-01,6.867186315460523938e-01,8.505720202679998287e-01,7.233189789032019590e-01,6.809852877166107099e-01,7.824942634427477506e-01,8.577241208403131312e-01,8.574224891023710660e-01,6.674990765940639337e-01,7.617246089650144825e-01,3.580507130013416139e-01,8.983695188444845714e-01,9.370785120154412340e-01,5.175404570023932616e-01,6.253623199869837723e-01,9.445584522599397292e-01,7.800182883533953726e-01,4.448634464034442737e-01,6.135039801362454082e-01,1.145762892722449050e-01,9.573443999997680587e-01,8.490385165851270788e-01,5.713218223494467285e-01,4.177763285637835500e-01,7.189538600909884947e-01,5.821405112676143467e-01,6.735295867695090255e-01,8.646815834892096486e-01,8.987418804310778331e-01,4.554480299869940740e-01,5.999636505418407539e-01,9.013705659889814648e-01,8.747032156469264352e-01,9.844564927686342282e-01,7.544169489185290622e-01,7.784108925323838246e-01,2.474186484823559518e-02,1.430384410934819051e-01,7.184606022181799778e-01,7.434352083663000599e-01,7.767075626645062458e-01,6.671770661061716678e-01,9.950108391431173871e-01,5.206991727202424647e-01,7.019638107371087843e-01,8.980150008560729979e-01,5.378791315358063541e-01,9.475549135223542141e-01,3.923536315271685115e-01,4.891356936438224223e-01,7.511986853626675398e-01,7.517065766503152613e-01,5.724336329373124199e-01,6.441285081165614157e-01,4.000412253413516694e-01,6.754669898125297278e-01,6.439853692101579208e-01,5.894223955008435212e-01,3.163588172290804357e-01,8.592486147508701100e-01,3.762945960265676737e-01,9.170542824133174342e-01,7.825153661540490413e-01,8.241786202560140717e-01,5.494784930797380618e-01,6.382914251138867012e-01,6.573741342029725265e-01,6.941553605029522345e-01,3.177711364134144789e-01,2.215564057039672852e-01,5.764424468580131578e-01,9.060484265841792784e-01,2.734635920635768991e-01,4.108472123507319052e-01
9.132159556687877711e-01,4.205045932964013300e-01,9.265064529326274556e-01,9.226372080401772369e-01,9.198850705453480714e-01,8.381596865256500939e-01,5.908344735087518451e-01,6.485752263880799617e-01,6.620503759747893291e-01,5.247110002386344840e-01,0.000000000000000000e+00,7.900092661979283282e-01,8.285598542462944138e-01,7.019341955593502158e-01,6.652247488718259216e-01,6.184220516906632215e-01,9.748972394857307044e-01,7.562089488545915561e-01,9.551868006347854489e-01,4.966326026472739352e-01,5.272888000842640421e-01,8.049940682033996930e-01,7.278990668812594933e-01,8.331604102523997302e-01,6.397759156188167484e-01,9.064833859533266702e-01,4.779195693771326470e-01,6.561183145135874861e-01,2.406825995212487079e-01,5.085732982315549489e-01,5.430429309373889790e-01,4.851791132582077282e-01,7.005828139377228148e-01,8.119867957524844471e-01,9.772388168792406349e-01,5.522594037942929468e-01,3.690022752051582700e-01,5.797643791304605276e-01,7.719334032063319695e-01,8.634729871390470768e-01,2.537331357589377445e-01,4.398231959719429707e-01,9.160600762176389633e-01,9.413284313974079609e-01,7.037540337756463815e-01,6.732552972154934867e-01,9.836473046369657025e-01,7.141304103216933319e-01,4.466835742888209948e-01,9.119679483382974183e-01,8.503928636950257580e-01,5.063088374561187655e-01,6.718022706301851610e-01,8.136062996962836191e-01,5.400880190023331640e-01,7.249320124235109075e-01,4.541882659633943997e-01,7.838533736952608688e-01,9.279039721063286894e-01,3.004633339121420832e-01,2.308408182496119176e-01,6.701562242887819654e-01,4.695864684529683641e-01,9.498192307997658235e-01,6.061545964888412907e-01,6.183915972472683320e-01,8.439626051856767841e-01,7.053359553606117771e-01,7.423922078106914846e-01,4.255025786642422370e-01,9.649688919605580173e-01,9.218076528202003850e-01,5.189320016303622385e-01,5.562502880292302665e-01,9.273003602935409040e-01,6.576116783541532396e-01,7.429656554199204344e-01,6.438328699431408175e-01,7.405638421302250807e-01,5.075823682208945309e-01,4.028446619624048708e-01,6.707040140822377872e-01,7.482673855959789400e-01,2.390816901362531888e-01,6.704937341453311994e-01
9.453096144047612448e-01,7.407954697601017990e-01,9.322258932470719461e-01,6.662028851884701508e-01,6.926111089338855553e-01,7.453894341733409146e-01,7.252625198752555846e-01,8.060578696838738288e-01,4.598032471767838913e-01,4.580177349713920876e-01,7.900092661979283282e-01,0.000000000000000000e+00,6.923510446020709752e-01,7.994033529076403077e-01,9.302593048580772850e-01,8.854929343798951802e-01,7.838694094152023339e-01,6.378106795667863871e-01,4.881538198447137322e-01,7.422206015936501089e-01,6.415677950046900779e-01,6.989951197117196813e-01,9.373893546539686650e-01,2.393403749090384017e-03,8.772394352137479964e-03,9.588870031682936723e-01,7.800240745694305700e-01,9.289471191605802591e-01,5.470172738523276096e-02,4.477604270426227551e-02,2.085175179217043928e-01,7.491093090588485381e-01,7.595107384522523652e-01,6.183839704102001011e-01,8.497783470036727183e-01,2.697120986376707052e-01,3.317065120855359206e-01,7.291302707078642920e-01,9.355795543301899109e-01,9.030253263333707370e-01,2.831052641751058974e-01,9.777089468261520588e-01,7.662121351671704605e-01,7.121679381374945716e-01,7.429425946514878198e-01,7.711753048368321650e-01,6.576684087596499362e-01,9.522893407939707622e-01,6.697781906906903338e-01,4.564707441131864996e-01,8.307184018400938230e-01,9.147541511506860346e-01,4.378648776973118606e-01,9.545050341445258102e-01,8.393482973493043842e-01,7.563597150963637938e-01,6.789817320133442191e-01,4.038051861622602434e-01,8.326878882060932963e-01,6.306605588559734965e-01,4.886804482984191678e-01,6.678786210919480659e-01,8.558921721979874109e-01,9.121694864929719149e-01,9.604885902238369244e-01,6.732423248685518447e-01,6.687716747631679004e-01,8.693722356870645651e-01,6.332451700794158311e-01,6.274266925556434282e-01,5.460932058753773521e-01,6.527000897715184990e-01,1.575192373989439121e-01,7.460102804700259327e-01,6.853271969768587324e-01,9.644775362044972766e-01,9.997139504331178372e-01,7.029283870488214347e-01,4.746171539244846693e-01,3.352999086054557765e-01,7.465229372159509769e-01,5.661088614197388180e-01,6.794572072434253984e-01,6.035177283097549195e-01,7.026095973244554926e-01
2.914704865782835053e-01,6.980223978795322415e-01,6.222270759359755932e-01,6.095204155855279415e-01,9.909054933501847406e-01,7.908600139329668988e-01,5.320251767051112912e-01,6.880336880038423475e-01,4.731540013330433059e-01,6.867186315460523938e-01,8.285598542462944138e-01,6.923510446020709752e-01,0.000000000000000000e+00,7.627451696888828403e-01,9.612934798578105511e-01,9.906926527473856048e-01,9.339006216958506412e-01,6.639882804763239665e-01,5.779308063925987504e-01,7.818969804104967114e-01,4.367711440555634428e-01,8.526443507865281157e-01,3.155937039325821258e-01,8.916501316655003340e-01,7.457414739023806582e-01,8.971360426524421783e-01,9.900690681784547476e-01,7.825320122711438842e-01,7.138333086699542029e-01,-6.316251411229278911e-02,1.552046564604896428e-01,6.070063434009751457e-01,7.712412980133902529e-01,1.962314910481126606e-01,4.731637649081857355e-01,7.523098834076775709e-01,7.334435283979205966e-01,9.897458106076180151e-01,9.303670855829335729e-01,9.404553667788309035e-01,2.151926683467918766e-01,7.049473285534973988e-01,7.955441053247289673e-01,8.510559477636263637e-01,6.518930836313931998e-01,4.401832416172036244e-01,7.131035043051252575e-01,5.903456671962622471e-01,8.238707219772805068e-01,9.202273875659139346e-01,7.453811677993938956e-01,8.030117139943910853e-01,9.200579855664839934e-01,8.133064775046988659e-01,7.143288827397197283e-01,9.974051190036203884e-01,8.127514471401717788e-01,8.706798728766842466e-01,7.092488572688485648e-01,3.565725694352270825e-01,3.148259032042814987e-01,7.332098662235670972e-01,8.302882812343397312e-01,3.477872065986803429e-01,9.292477339273264025e-01,6.031905006609754594e-01,7.680713991837532229e-01,8.217931508600611057e-01,7.786898338338561487e-01,9.372203955264309938e-01,9.158251780017968580e-01,8.114305476015347685e-01,6.411729463607920287e-01,4.869645246196864230e-01,2.949209858339976176e-01,6.082376777786238087e-01,5.775793584301804895e-01,6.786661706152089524e-01,4.842723920364535584e-01,3.073196944884578619e-01,4.931021743343586006e-01,8.082911221495119314e-01,8.697160482009977933e-01,3.748095424332309467e-02,6.784681871291617927e-01
8.628360812900157661e-01,7.479721889043888794e-01,5.948935834067852202e-01,4.943403681905854663e-01,9.650828420044078593e-01,7.687079684815796288e-01,5.264301899368014626e-01,2.214531046766645417e-01,6.506309166886756756e-01,8.505720202679998287e-01,7.019341955593502158e-01,7.994033529076403077e-01,7.627451696888828403e-01,0.000000000000000000e+00,8.437183398854229965e-01,6.263837235423971306e-01,6.970402616593277534e-01,6.536803777757478340e-01,6.182657857585432959e-01,8.572248388934013974e-01,9.363303661850675974e-01,9.851107277284938402e-01,9.699052878106458886e-01,8.526474957611765992e-01,4.140478796966948760e-01,3.716860360233818494e-01,9.986795382217334982e-01,6.269559003537985564e-01,4.548608879183866915e-01,4.197532815031415621e-01,1.495650541894140984e-01,5.212869226467664596e-01,7.580954460217448343e-01,5.545828338233043109e-01,4.733787448707068024e-01,4.863916288786372943e-01,3.950503647923163664e-01,8.489409458917057671e-01,5.684157317143457844e-01,9.222934332631136378e-01,5.869748262545142481e-01,4.756576256566186767e-01,8.527768006635216835e-01,8.428615250511855006e-01,9.953126558214726582e-01,3.662303855452063717e-01,6.131870556404130923e-01,6.035762725125930483e-01,7.035051772081489796e-01,9.188566487088399848e-01,9.741947844424272973e-02,9.979282951529376833e-01,5.303485185555883996e-01,3.965837813034561732e-01,7.356657179732150054e-01,5.619530594428252535e-01,5.370414558343962197e-01,2.187464179252838758e-01,7.407752855630305167e-01,3.008685082696474500e-01,8.492015616778971765e-01,5.349825046973440967e-01,8.499291307650161942e-01,2.742190657642870621e-01,5.527097871174637689e-01,4.352820157629608833e-01,6.237608397734941690e-01,9.772047777462894436e-01,7.602669467815701410e-01,7.674714418559998030e-01,7.567866494621529050e-01,9.541620972164388537e-01,-3.751776047722893415e-02,5.910742028287072625e-01,3.432538709502175878e-01,7.158111632554550186e-01,6.632776250336480661e-01,4.495812566583810149e-02,1.622444346319971697e-01,2.661612295158428676e-01,3.451394452027584103e-01,7.902500486597356932e-01,3.994888363879000592e-01,5.041147404637761342e-01,7.417000310368764282e-01
9.662081095804408992e-01,3.227122722468055427e-01,6.130346107352218077e-01,5.537764715743782595e-01,7.082958854884553457e-01,1.187696020186312373e-01,4.452427161451717463e-01,8.353409895936405594e-01,6.541479756798732614e-01,7.233189789032019590e-01,6.652247488718259216e-01,9.302593048580772850e-01,9.612934798578105511e-01,8.437183398854229965e-01,0.000000000000000000e+00,5.307800093019718890e-01,6.320963095143971033e-01,5.754355232125506481e-01,7.490356111554804519e-01,8.794548393340895220e-01,4.998768771378674369e-01,5.236041355709306622e-01,4.478897018369810135e-01,7.408178011482450254e-01,7.053473827344000080e-01,8.625632970934651311e-01,4.998213293246265287e-01,7.148339795648693817e-01,7.861910375503273762e-01,5.763643560272666694e-02,6.114586040743220652e-01,4.970504713073504166e-01,8.984791864728142174e-01,6.170849861080925924e-01,3.527950717516227241e-01,2.018943806370455119e-01,2.673416943722718431e-01,8.102428226928143351e-01,9.206065553767063259e-01,8.895511562286666507e-01,4.360964717500702137e-01,5.463545616368826741e-01,9.830075123338559706e-01,6.325968566898976242e-01,9.070373051703894962e-01,8.809632421411498493e-01,7.076649005352316779e-01,5.100578572289730106e-01,4.527689862135811372e-01,5.016446498656033093e-01,7.312889385449047319e-01,3.411085149787890236e-01,6.819926912002094443e-01,7.592098417636952146e-01,7.393968287437304721e-01,9.986218160904596353e-01,4.829776603909717858e-01,9.533742508119775749e-01,8.565094193024109792e-01,4.521536907934442517e-01,4.746964987310453576e-01,5.965886714087793585e-01,6.184945948542930338e-01,8.881393375213250119e-01,8.658873384079625035e-01,9.355842716067496179e-01,-1.789311341619938822e-01,6.159535079088114262e-01,5.176253076873209569e-01,6.361157721642042295e-01,6.152802148641911550e-01,8.956827410906316178e-01,4.725714142983886146e-02,6.178752881597460167e-01,6.103890632031530039e-01,5.321443407897218369e-01,9.027813882434474468e-01,6.901708601924947395e-01,7.826122945859503854e-01,3.217546777619603726e-01,3.259527584850683279e-01,9.692225808424280720e-01,7.280566414263381914e-01,2.575967148258536676e-01,7.706063839823380501e-01
7.512727072393113881e-01,8.969467815969186519e-01,6.507102018297576951e-01,3.144158793308033384e-01,9.187759893660925048e-01,9.025911002669455563e-01,6.227148894191848472e-01,9.573937206487652674e-01,9.557379019161895695e-01,6.809852877166107099e-01,6.184220516906632215e-01,8.854929343798951802e-01,9.906926527473856048e-01,6.263837235423971306e-01,5.307800093019718890e-01,0.000000000000000000e+00,9.424491165128425774e-01,4.776218061327722197e-01,6.747094727927107627e-01,5.424255149955801159e-01,8.534214082555577896e-01,8.199359728556884219e-01,2.174628036219687643e-01,7.320825115614333356e-01,3.805408053266071677e-01,6.494921630546450775e-01,6.551882826601689302e-01,9.408392372774749823e-01,4.903673460895978109e-01,5.769073586815292032e-01,8.623914763294016073e-02,6.055204044154078868e-01,-2.071658608440850313e-01,4.707067585425547263e-01,7.766055581177098155e-01,4.381321992503439677e-01,2.924628872568328999e-02,4.413823541300133657e-01,7.200101528212650148e-01,9.167037453268945812e-01,5.325676039240774262e-01,6.434358108283615429e-01,7.614240653555847116e-01,6.608936302551492448e-01,7.030658362421348118e-01,8.145482455094598118e-01,4.133695025562446612e-01,8.707909533267895741e-01,3.977761145286954347e-01,8.109153732712099938e-01,7.324218945969374062e-01,7.079855413264474207e-01,9.713373085803127527e-01,5.437634511517379643e-01,4.977810218333293957e-01,7.905132887545880394e-01,7.129591943279369737e-01,6.115949932712237969e-01,8.235799490632350617e-01,3.955232694207493349e-01,4.220691161885730125e-01,7.248684522725443724e-01,7.973064150425283048e-01,8.431290017173823648e-01,7.582626088907565842e-01,6.303927939500315603e-01,7.706373874234140331e-01,9.101239728028530651e-01,7.764659969102812864e-01,1.189409268801424058e-01,9.600542761513166656e-01,7.892879934796424024e-01,-1.637924321863520327e-01,7.679705776481609014e-01,8.260545155397176487e-01,7.541565849172265912e-01,6.703054522034705975e-01,1.156727186981545280e-01,4.306317285492818892e-01,6.127912774591037781e-01,5.038317437680112088e-01,6.656742281578941212e-01,9.998049922374712128e-01,6.556316292547665903e-01,6.733136706442903741e-01
8.484713534325173390e-01,8.113366151219663092e-01,7.412965445254484642e-01,7.330751527169864223e-01,4.736376124485319195e-01,7.268516148590701276e-01,8.650906791408007335e-01,6.616285602713017910e-01,8.136290907282942575e-01,7.824942634427477506e-01,9.748972394857307044e-01,7.838694094152023339e-01,9.339006216958506412e-01,6.970402616593277534e-01,6.320963095143971033e-01,9.424491165128425774e-01,0.000000000000000000e+00,2.658017246402132328e-01,9.207572205933737264e-01,8.945714551506345202e-01,7.947907068819670684e-01,4.365762984856659257e-01,8.622355793403427837e-01,4.336013025942376808e-01,5.756543063259671467e-01,9.405278030564878655e-01,9.697678209580555819e-01,8.576487747492287372e-01,3.850960227702996397e-01,1.756879620326370350e-01,3.246676037797406322e-01,7.289678715111781448e-01,6.795746099176038779e-01,8.849488924583694960e-01,9.387113968200709868e-01,6.707331974678074626e-01,5.383407332211330720e-01,5.960090201269664378e-01,9.380579993698379138e-01,7.976818515578287805e-01,7.325998817473862168e-01,3.012281851758732421e-01,6.169225012675433328e-01,7.333496646282973153e-01,8.095319802446463431e-01,6.984367797785403509e-01,7.652411742350389012e-01,7.910795760403765975e-01,6.888575058514813110e-01,9.871775528432392699e-01,8.375495628660447611e-01,7.422182541197053229e-01,8.825963160206258262e-01,2.777052089530678280e-01,7.994327424184175523e-01,6.518888561210969268e-01,9.806304084789178033e-01,6.938773660419261802e-01,5.377022306293510745e-01,3.954280731879814548e-01,2.449655603308799612e-01,8.029100871728541700e-01,4.376175395026744019e-01,3.664865654418141272e-01,9.164150852329474572e-01,6.887347949827498095e-01,4.264666897087358022e-01,7.317267609163018438e-01,-4.365109666576436065e-02,6.945412056716238069e-01,6.562248874966063461e-01,7.450032107890811606e-01,4.077001549718978768e-01,7.632559963532217218e-01,3.868210399438445357e-01,6.065097373893082455e-01,7.729858060520927721e-01,4.460404880949149220e-01,5.986023385004365371e-01,6.956791023800242835e-01,6.142471507161721966e-01,7.884233018813191496e-01,8.279683892784517329e-01,5.061190518343359201e-01,5.468270878416254810e-01
9.348890227071953163e-01,8.288563064973024641e-01,5.531043514687548068e-01,7.822565211152869846e-01,6.059191817509427258e-01,9.385076703018103705e-01,5.532569746693074553e-01,4.907115329519275981e-01,6.931968760031738119e-01,8.577241208403131312e-01,7.562089488545915561e-01,6.378106795667863871e-01,6.639882804763239665e-01,6.536803777757478340e-01,5.754355232125506481e-01,4.776218061327722197e-01,2.658017246402132328e-01,0.000000000000000000e+00,8.771947157853452470e-01,9.795965584660684122e-01,4.647089224362652704e-01,7.301387676496677859e-01,8.693707472580899376e-01,4.680096508534191124e-01,6.212662335860266172e-01,9.642254212146589287e-01,7.919371962344068372e-01,-1.522233977874751787e-01,5.423368459780587569e-01,6.581746053167945032e-01,5.933858252131407607e-01,6.354752940101439096e-01,4.802115931223933099e-01,9.204469633740013368e-01,8.094421818238811683e-01,1.853890303540014217e-01,2.671698847048065151e-01,6.126910342009165289e-01,9.630910145929760802e-01,7.038382278147248261e-01,4.853671252370160283e-01,5.231555619841362637e-01,9.061690647081451777e-01,9.067032124056825237e-01,9.263322262861110046e-01,6.564243538182248372e-01,8.763001045608744821e-01,2.069765129305207729e-01,4.527003301485140185e-01,7.410888433236568762e-01,7.680286765897575973e-01,4.800300794488850942e-01,5.470401883100557416e-01,9.810180141592637071e-01,5.379968133203119063e-01,8.428467860089683406e-01,5.037438530378801627e-01,9.417585546303235411e-01,8.674011434783847063e-01,2.320080445103690214e-01,6.723097338413366320e-01,7.394197122959289548e-01,8.469674844188519458e-01,7.939150937811272346e-01,8.585546302520562501e-01,6.351318614847123456e-01,3.441070886141855967e-01,6.748445761102657148e-01,5.911273696267402844e-01,7.598791265204174472e-01,4.148067322730615292e-01,7.770991717813588995e-01,4.085139668075651875e-01,4.030349760522471403e-01,9.984132226199531335e-01,7.857531294935691246e-01,8.094128540024043694e-01,3.378873694048117882e-01,1.327928509739392526e-01,3.530722515581145582e-01,3.250495747854900142e-01,8.847986746098097655e-01,6.904850524514202226e-01,6.615810217172959362e-01,9.750627322702160038e-01
