0.000000000000000000e+00,8.332507444815980824e-01,9.643416214753859350e-01,8.924023927559520120e-01,6.458667467361971504e-01,3.987665159075836074e-01,8.487807097048589711e-01,4.077701152244748162e-01,4.776301135862848213e-01,5.411280297990708199e-01,6.257685702774455905e-01,2.607034303152035437e-01,8.737269170755999070e-01,5.515617685246640978e-01,2.133744438855945669e-01,5.257564426184671014e-01,6.000370604372258221e-01,9.392427222060069081e-01,5.637947296403233999e-01,9.679315795479173090e-01,7.128598489158856077e-01,5.136806048343839359e-01,4.182774616918627508e-01,-1.962336075464442275e-01,5.832000048850113361e-01,9.102123165340085809e-01,7.712338477270000991e-01,9.029718629633948224e-01,4.093341136336907105e-01,3.308211449412328253e-01,3.624951699110511294e-01,4.583223117645969236e-01,6.964485709794916435e-01,8.867954515474126831e-01,7.368368750981422188e-01,7.980918900199920341e-01,1.701477902927499009e-01,9.311799408996973559e-01,4.948672092617987794e-01,8.142981092864662873e-01,2.020706864123804070e-01,8.213157779993220942e-01,3.148404269024393520e-01,6.933306320166291448e-01,4.222984101505029009e-01,8.817429500750506577e-01,8.665211599718474211e-01,8.108733930253468891e-01,7.114974829663330835e-01,6.232311022571616066e-01,2.444930440468140453e-01,9.956929674004508790e-01,9.373190491880371011e-01,6.168428028181173195e-01,9.490554312980885587e-01,5.393217333560194060e-01,7.684324373931544772e-01,5.991328304817096218e-01,6.277651359398790376e-01,9.325798239444105242e-01,2.699510368325412357e-01,6.303733109775385701e-01,8.473638837810798519e-01,9.479353151013053536e-01,7.969327073779848281e-01,8.298229841070304813e-01,9.895840779164879475e-01,4.767907826182964381e-01,9.142991744139158383e-01,8.627903237506080458e-01,4.813274407349152351e-01,7.180430470535185128e-01,4.498562784474121612e-01,6.033697544592208084e-01,4.223676037872501898e-01,8.527727943746505890e-01,2.531918896382680528e-01,6.646461233599495477e-01,6.084341220181271881e-01,4.163792059027713321e-01,9.565646493391224414e-01,9.463127941086116879e-01,9.732456006025175244e-01,5.110304849123361581e-01,4.452841448752675180e-01
8.332507444815980824e-01,0.000000000000000000e+00,8.917232413948428249e-01,7.593875558075006138e-01,7.059434669862644229e-01,5.028542081865395863e-01,2.683963012411091920e-01,4.897698258199237320e-01,3.219118256714402770e-01,8.614326307430281160e-01,6.712670971451895063e-01,8.923646448460328395e-01,7.642537509641120774e-01,9.075817041910885230e-01,7.933225834801469478e-01,6.473085789196666440e-01,7.290741155510813698e-01,6.330737267966830562e-01,9.243894294803878253e-01,8.200784097991441479e-01,8.475914824416304061e-01,4.349903369438581913e-01,6.218968513709656198e-01,9.913822963712566327e-01,9.201530726077236100e-01,9.127055818520533048e-01,6.243217578612288987e-01,5.496625996422702665e-01,5.620272320911394726e-01,4.256756955575967116e-01,7.519430147632567563e-01,2.539476906095489706e-01,6.176416182663289067e-01,8.081034109264180199e-01,6.896177569724817324e-01,7.392227281670640249e-01,2.386543625207562802e-01,5.943702048424887030e-01,4.266287384425940798e-01,8.835354327430631205e-01,7.838805234365677777e-01,6.051925335421507457e-01,8.580044221691670581e-01,9.454753909198043704e-01,8.960860018086482803e-01,5.651809427963557786e-01,8.914906738507816231e-01,8.997366956862681286e-01,7.543191648642465497e-01,2.908939889001832535e-01,5.197534937785924791e-01,7.103709081779493451e-01,5.862664988678396583e-01,7.065587340787411463e-01,6.721632977040690182e-01,8.327872575035709657e-01,3.601709037782591660e-01,7.783367150246514043e-01,6.330137257615705559e-01,5.001434578656661634e-01,4.839755765451759784e-01,7.592553816914096032e-01,9.092335912356205307e-01,8.514505205172249180e-01,9.031744191971597946e-01,7.437883799043675248e-01,7.300641100958007446e-01,6.861696759194871875e-01,5.659812809974651415e-01,9.670988848469848076e-01,9.833013690138379115e-01,4.480321395285398189e-01,3.617467753451785728e-01,1.308868078740370311e-01,8.112423511567515844e-01,6.815972460937029798e-01,6.858312540691531289e-01,5.194249145711797855e-01,3.692639197476471624e-01,3.719530685797865499e-01,3.232457103991113190e-01,8.123038123883055128e-01,7.666273155475294976e-01,6.972875886851153115e-01,3.069271271276068358e-01
9.643416214753859350e-01,8.917232413948428249e-01,0.000000000000000000e+00,9.802331161658799363e-01,9.958246297385071610e-01,4.056177564115408529e-01,8.297749325120692410e-01,8.381552577841336893e-01,9.390533028156989870e-01,8.953211729707093447e-01,6.953668294582650011e-01,8.364798037991996171e-01,9.818902581420275721e-01,4.990524360169844020e-01,7.686383891701608073e-01,9.538622906387557165e-01,1.029700192610507603e-01,8.341768542132608211e-01,6.840638758201926795e-01,7.960309270434821061e-01,6.470107194796308470e-01,7.381674589865270253e-01,4.154495544174860444e-01,9.604732681306895614e-01,4.187788235267285719e-01,6.405463099885611022e-01,8.892393467240670146e-01,2.728504573401477895e-01,2.954581134128123621e-01,4.562990666107384907e-01,2.237052967923177371e-01,9.918017444848242770e-01,6.172398574798479975e-01,4.492318564340954667e-01,8.437589768174997840e-01,5.788798466957546518e-01,6.025990867859440936e-01,3.493022936233460829e-01,7.577112137238248835e-01,9.102263010675836208e-01,8.729183770817299237e-01,8.010764543252469894e-01,6.179938834661097280e-01,5.497476336298106059e-01,9.231584549544200602e-01,8.487095320699267198e-01,3.656887387456665417e-01,9.198563632756844299e-01,1.936379339942532474e-01,8.930696418501750111e-01,9.230725475484289344e-01,7.598655770713764745e-01,6.747443046890189144e-01,8.517705812718356917e-01,7.967045141686245335e-01,1.147097509693875000e-01,8.779236541782652337e-01,9.438579304901479894e-01,9.473484735391358713e-01,7.994067137249124544e-01,6.541366156338835891e-01,6.585537020233753758e-01,7.105081896857022850e-01,8.505465607344842027e-01,8.941688883917182640e-01,6.530761728524390186e-01,8.904114334694215316e-01,7.731363171489491481e-01,5.031522124748853964e-01,8.122443843586293344e-01,9.540017997979542697e-02,8.062060113935219929e-01,6.970746700789708372e-01,4.924303739736538565e-01,5.365760034166009440e-01,1.910257771689998774e-01,5.475284937776478955e-01,5.457643876909616942e-01,7.072854020179154544e-01,3.117708249859750258e-01,5.018141096711661309e-01,7.533081693026572045e-01,9.661908789977892154e-01,8.926327797970471378e-01,8.902613709215593252e-01
8.924023927559520120e-01,7.593875558075006138e-01,9.802331161658799363e-01,0.000000000000000000e+00,8.178957113161753334e-01,9.377256611479080073e-01,5.005700788123184086e-01,9.829776370651160944e-01,7.713230216257889182e-01,8.534046724342603252e-01,3.077962871755625662e-01,6.925450216947544035e-01,9.995619123960304275e-01,7.276062131786642517e-01,4.850971335973047194e-01,7.998593272032330503e-01,7.101004961814679772e-01,6.892957265021987245e-01,8.304030439135805519e-01,8.106668136426634641e-01,8.678196161088422844e-01,9.593569497830490844e-01,9.625121506079833411e-01,4.324915078887470177e-01,6.179700846959845784e-01,6.281403556955350576e-01,8.406585400375187200e-01,9.579595778077494295e-01,2.275069744320973308e-01,9.380041741811488976e-01,5.069385958519642132e-01,6.774061576852939970e-01,3.705715438779676463e-01,9.497479159624283573e-01,7.841326624931409528e-01,3.804717399718625659e-01,6.611346725737931029e-01,4.132875453991803338e-01,6.448013883441395810e-01,3.191856095520240744e-01,2.157947151596669166e-01,6.868977729705293411e-01,9.841516067135033241e-01,7.159788903618075073e-01,9.146527863504698708e-01,7.911243772661544771e-01,7.782775586689609781e-01,9.825114254685919368e-01,7.851582157857132094e-01,9.054529840467728796e-01,8.004435989332504553e-01,7.495659281175862665e-01,6.192637589774461215e-01,9.396116222557753250e-01,7.193253002074877500e-01,6.130613211744692093e-01,5.832036278332370927e-01,6.451902566343727941e-01,8.556994846709244928e-01,6.319221942162777106e-01,4.910111117113764578e-01,4.133236373801092434e-01,6.440926536619537845e-01,5.101135335725038855e-01,6.928307189498705831e-01,7.088992326091061447e-01,2.209764975243632135e-01,6.454019913504206452e-01,5.269089675955913599e-01,4.948415734726902548e-01,6.787797876967889277e-01,9.906777225688601085e-01,6.430285504936208429e-01,4.265712249751070217e-01,3.969685880938285116e-01,8.016946922498420225e-01,9.209466201264280283e-01,5.058546404907042771e-01,2.731635028045791280e-01,7.998171880551674384e-01,7.988914096152572863e-01,5.605359754151451046e-01,7.881443212090483152e-01,5.948291267345720001e-01,5.947774459926729040e-01
6.458667467361971504e-01,7.059434669862644229e-01,9.958246297385071610e-01,8.178957113161753334e-01,0.000000000000000000e+00,9.124652822347582015e-01,2.687378496898552571e-01,3.636629758848651806e-01,7.292063368834637016e-01,7.040110123320745261e-01,6.270813785937097429e-02,6.811689747101734582e-01,8.467606301015729864e-01,3.401765127830609359e-01,8.860489617528880535e-01,6.563956856441333088e-01,8.110920329846768029e-01,9.879243550677684338e-01,4.122999397619973028e-01,6.890450494012104743e-01,5.652296302202303169e-01,6.938703949668093562e-01,6.203200141403963919e-01,7.958659655487396734e-01,7.585303886952653452e-01,7.689619211509316488e-01,8.345643417775682193e-01,8.253001440354709173e-01,5.552864016707083072e-01,6.800276858883060882e-01,5.747768859886028814e-01,2.942488768643505281e-01,7.431143840243434884e-01,7.205892399851419050e-01,2.287929242197421220e-01,5.805636810642132994e-01,4.009314194546925170e-01,5.428261386771174868e-01,5.454386109877411570e-01,8.883806502378193137e-01,5.659916144345333855e-01,6.294112020881114100e-01,-3.472769151518906305e-02,5.699582867460641911e-01,9.148933761214614879e-01,3.498649027017610713e-01,3.468669421817634213e-02,6.888710137140924283e-01,6.077690112917479848e-01,4.596391225286035609e-01,7.517422886786195857e-01,7.973483644796275360e-01,8.935151248903435706e-01,8.984619592960875201e-01,8.897068258956533082e-01,2.640767884118638276e-01,9.737769252414760768e-01,6.791615025819172091e-01,8.052991764225504445e-01,3.520920009608296541e-01,1.019080978589131103e-01,7.213824312362991931e-01,9.966830756950600945e-01,8.337665779749869888e-01,2.171917111990175064e-01,7.678659515523442725e-01,7.596091704766834152e-01,8.000956313338174475e-01,5.147811481208697248e-01,5.802816682815782334e-01,6.455688135952923901e-01,9.869995511680733635e-01,5.749001364104346923e-01,5.307165787277416946e-01,9.270919356874469663e-01,4.903168366234474940e-01,8.084899926879118848e-01,6.847381424903932201e-01,5.475674875381848494e-01,3.652130044093527816e-01,3.805474249717651913e-01,9.048429353844740231e-01,3.655721323171751136e-01,5.770074497888416643e-01,7.213597029603215915e-01
3.987665159075836074e-01,5.028542081865395863e-01,4.056177564115408529e-01,9.377256611479080073e-01,9.124652822347582015e-01,0.000000000000000000e+00,7.356011694654247535e-01,9.223298098045219495e-01,2.344676988744709978e-01,7.078461931496329296e-01,-2.435703716228837246e-01,6.270305578807027214e-01,7.149629293870275459e-01,7.056138521052940371e-01,6.930770710752234276e-01,4.746883957329848802e-01,9.393666263259673466e-01,3.032068898487682573e-01,5.352644949846887545e-01,9.612987240484616169e-01,7.635851711785576201e-01,1.972695208188814109e-01,9.791970537140031183e-01,8.211932388833356189e-01,7.789920041871185585e-01,8.299481619116084730e-01,4.626202035135271728e-01,7.687563279199606248e-01,2.515638566727079195e-01,5.221573207399911043e-01,7.638041189687824195e-01,6.653076637764979706e-01,9.784585940805323734e-01,6.131643098799133274e-01,4.656885997314072489e-01,1.727516363896277884e-01,6.913034848982234359e-02,2.359117317715852535e-01,8.160191347517342653e-01,8.323470202072443813e-01,4.877413802610912619e-01,9.942139040701164499e-01,9.673333441614273553e-01,6.502544798634958267e-01,1.575015121357073167e-01,7.589096445138855396e-01,6.391197663185069766e-01,7.144732042613830547e-01,5.874190183575886959e-01,8.178765456812053802e-01,2.383776367261130902e-01,7.382186732276992958e-01,8.145088893905719774e-01,2.968273940829919688e-01,8.988301936506344347e-01,9.975457688184672378e-01,6.255314493435746304e-01,9.204210460020610940e-01,6.649513220585383522e-01,7.440781811693790715e-01,3.842989236508179141e-01,5.922065231773890881e-01,9.225080924855360021e-01,8.886569904213480475e-01,7.602047910996404534e-01,8.951275809563610242e-01,3.146220272159442333e-01,8.831947503675053879e-01,1.138112332316285197e-01,6.323467912986183714e-01,9.756838704842673016e-01,7.210849424086325232e-01,4.701834249552977463e-01,2.914426556861681172e-01,3.225212902516064184e-01,8.433032503451945994e-01,7.728984455183555147e-01,3.688733328981724791e-01,8.343516440339744655e-02,7.105588461340200945e-01,6.791649550112126565e-01,4.742568601369602788e-01,6.866499765144056244e-01,8.139560077286872586e-02,7.688481468320755852e-01
8.487807097048589711e-01,2.683963012411091920e-01,8.297749325120692410e-01,5.005700788123184086e-01,2.687378496898552571e-01,7.356011694654247535e-01,0.000000000000000000e+00,7.822410861907043156e-01,2.414156107412725460e-01,5.376661616670311838e-01,6.100565097053248786e-01,6.194684775554535339e-01,7.542347453808151414e-01,7.139189460813021304e-01,7.706966792518047393e-01,4.838244015399671416e-01,9.828311473555524369e-01,8.600509548743130450e-01,6.001430286469141562e-01,5.433277556325590840e-01,9.719981036756374371e-01,4.458356048393900539e-01,7.489378656300418324e-01,8.206504521296440480e-01,7.731346774270035915e-01,7.905837357899485607e-01,4.444741741903940890e-01,7.372596767458021727e-01,8.766103465643377834e-01,6.558509150505673624e-01,2.093612318802863526e-01,4.633450060905963119e-01,3.901595647518106835e-01,7.017209621607122250e-01,6.280734910767941104e-01,2.303780587328189133e-01,7.846976525257723378e-02,1.539321516752271135e-01,6.632462760460656748e-01,5.002104043008703815e-01,5.500494227951227000e-01,1.399318667367635029e-02,8.398164918083067532e-01,4.231431838451343297e-01,7.034736098734278853e-01,5.842731117027165633e-01,4.001671383330258625e-01,6.295736206696480597e-01,4.278681269735729042e-01,9.563762792351456765e-01,4.288444050781454187e-01,1.559146988892217423e-01,7.414287453806420736e-01,2.754756932299802785e-01,6.041032001124991835e-01,4.888858753501513221e-01,3.670626815690923861e-01,5.438007270788065561e-01,7.519185884853253343e-01,5.834476399060940510e-01,2.652674941584251544e-01,2.088691123228205160e-01,8.972594319744926494e-01,9.490025075630824647e-01,9.351348351761255007e-01,7.135795572109789875e-01,2.989552252365408336e-01,4.986071793204631675e-01,6.989400198230086847e-01,-1.549510066166334965e-01,4.805325094366178496e-01,4.291854996418391632e-01,6.660598724933100012e-01,6.304039365492658531e-01,4.861184648408640174e-01,7.245531710951870208e-01,6.396662795914520583e-01,4.249423377773718369e-01,3.466147496291637764e-01,2.532715452419144198e-01,7.284152962736551995e-01,8.718221769373647456e-01,3.857657371686131764e-01,8.293501982873111578e-01,7.858336945571334775e-01
4.077701152244748162e-01,4.897698258199237320e-01,8.381552577841336893e-01,9.829776370651160944e-01,3.636629758848651806e-01,9.223298098045219495e-01,7.822410861907043156e-01,0.000000000000000000e+00,4.117261111540607699e-01,6.916778834414041288e-01,9.177465097186540133e-01,4.713827056214778266e-01,4.316772118364153865e-01,8.076535271231483071e-01,8.121280822527248144e-01,3.251057907916758971e-01,7.052189727173426848e-01,3.588818015943358031e-01,9.804720412767952142e-01,8.542557064515450271e-01,9.577626480138072829e-01,5.701654911322442398e-01,7.816558997178233437e-01,6.853624738204125988e-01,3.470650495106659128e-01,4.803544311285278812e-01,4.071695248222947927e-01,9.476681360819458888e-01,5.539901088665180051e-01,2.263611418725705593e-01,-1.624830967424161499e-01,7.180013506387246114e-01,9.025491923308847086e-01,7.233752786160532189e-01,3.800043978547197332e-01,6.410747747664231611e-01,3.581353843554249128e-01,5.932300071316183310e-01,2.825717805802551719e-01,6.675304602642480045e-01,5.015283901462620486e-01,2.315110636053643034e-01,5.036407614943313460e-01,4.068620403790416118e-01,8.028869552700882428e-01,3.346073891791132571e-01,6.642523480291084859e-01,7.496956694996762538e-01,2.423914665524575796e-01,8.280613735050178503e-01,9.194060325736802541e-01,2.010912833095750973e-01,9.027526203212915545e-01,6.154695833686431028e-01,7.536867997986786971e-01,5.020654059692161164e-01,7.258995318069626501e-01,6.609762993173139423e-01,6.179326507137550273e-01,4.516123352062429985e-01,4.200398199717145786e-01,5.649462139083107903e-01,5.868967395030737499e-01,6.945226853852578541e-01,8.468741560781064548e-01,5.918968610060937330e-01,4.899801091872004188e-01,6.491783508961422866e-01,7.068684506221789565e-01,8.586986896109550793e-01,6.572233107415480502e-01,3.436709910772591248e-01,3.064939557193712139e-01,5.059475592443106740e-01,6.129298050323438440e-01,5.721784033856093243e-01,2.776644899235449770e-01,8.920653342688006360e-01,1.696153284773800896e-01,2.725837454001139859e-01,6.336737377461423293e-01,4.194659144980320553e-01,9.444281916051108228e-01,5.175781136410811945e-01,7.512640914738148989e-01
4.776301135862848213e-01,3.219118256714402770e-01,9.390533028156989870e-01,7.713230216257889182e-01,7.292063368834637016e-01,2.344676988744709978e-01,2.414156107412725460e-01,4.117261111540607699e-01,0.000000000000000000e+00,7.668059071326296383e-01,4.037466199650964760e-01,9.247273409360778906e-01,3.303112055397007252e-01,1.570158974249048767e-01,6.996038003683520135e-01,4.355615111939237227e-01,9.449984302144782689e-01,6.029404395124142724e-01,8.791001162146150349e-01,5.891489284037352281e-01,6.029759281747715249e-01,6.397986506247204108e-01,7.978654168500581845e-01,9.630984805394166015e-01,7.770372210031830651e-01,6.247349599126232889e-01,3.245334058507087227e-01,8.260101316711934150e-01,6.705688178527565713e-01,1.726050022601201550e-01,4.728471657769566794e-01,7.181608667048969830e-01,2.811077135983316988e-01,7.384929573882943465e-01,4.185181378010116582e-01,-3.463266973761963685e-02,1.253326986664905218e-01,6.369154227585959172e-01,8.239044525334600078e-01,5.110723367609506518e-01,3.525232763824305837e-01,6.864857959304631052e-01,7.835506964208465153e-01,8.037947342729864220e-01,9.621295170592195634e-01,6.617856779037403214e-01,7.046891755833682991e-01,6.954753694623363458e-01,8.041067711509477522e-01,4.052449079465665904e-01,9.748893124662050269e-01,7.141992063529311041e-01,4.289570339507822738e-01,5.162935504191166203e-01,6.150457708136524149e-01,3.519562898317358801e-01,7.932192083570697161e-01,7.854015512751195693e-01,5.333373367773854845e-01,7.022155135873310305e-01,5.767118299764659728e-01,8.387180555726826414e-01,5.682307406002751193e-01,9.615452329626034134e-01,7.433380195430396853e-01,7.068242878567959631e-01,4.457149585813913184e-01,8.259904861015181510e-01,1.855022305926634363e-01,7.032368768865322473e-01,9.205240537085369601e-01,2.265100137969336958e-01,2.340913122867155916e-01,1.938211381500353214e-01,6.130803621687591631e-01,7.675168488733711269e-01,2.170869065280495169e-01,4.509807649954301056e-01,6.748007609925844585e-01,4.747644419390376624e-01,6.180498969158583211e-01,8.226536176342873485e-01,9.456054830974485181e-01,4.587602084518631052e-01,5.984484760120247770e-01
5.411280297990708199e-01,8.614326307430281160e-01,8.953211729707093447e-01,8.534046724342603252e-01,7.040110123320745261e-01,7.078461931496329296e-01,5.376661616670311838e-01,6.916778834414041288e-01,7.668059071326296383e-01,0.000000000000000000e+00,7.783319080926474065e-01,4.039468065105960570e-01,9.095612994077325597e-01,7.863330419592375886e-01,6.532633746064515634e-01,8.808915036130516851e-01,9.668292159217731774e-01,6.318501607745622417e-01,4.150440223813294804e-01,9.616153698642107006e-01,9.739274476949043580e-01,2.609608463976322845e-01,8.432170574944793939e-01,6.214760698810904982e-01,5.202793686552060759e-01,8.271485243327595382e-01,9.610067188008926120e-01,5.177748323270067177e-01,5.808633160040737042e-01,2.804938665501672257e-01,3.520939557614009147e-02,6.972470404480899386e-01,7.970795882591632520e-01,6.072799752419869579e-01,9.147089844728890640e-01,7.453894004015950703e-01,4.682807843995988595e-01,5.808086568719120768e-01,8.181712789281045950e-01,8.900213863580154205e-01,8.580004811102699414e-01,8.226805295319137290e-01,7.065266127186194955e-01,9.089007955661698723e-01,7.440304396702868139e-01,8.868128248447662010e-01,8.407133616131697851e-01,8.391123501349224689e-01,9.662831506498374967e-01,7.334630661671217577e-01,7.390654929360166436e-01,9.941250325394084264e-01,8.346558559230918828e-01,5.641110177200725495e-01,7.343184775550710697e-01,4.283893553152999245e-01,7.012079303281656406e-01,1.407555415584609282e-01,9.723502419718406120e-01,6.718908303090586065e-01,-5.666093154615053917e-03,6.878422276461104712e-01,3.548405693917440207e-01,9.096977143589629611e-01,8.930702665394438799e-01,9.331255141265907271e-01,9.333159827308402656e-01,9.851821258187369867e-01,7.513838838323211311e-02,9.429069089012213079e-01,7.896940669502776622e-01,2.524313931665599919e-01,8.952441524337849676e-01,6.206323554414342469e-01,3.716983324948052170e-01,4.681421058207954067e-01,6.124762320408800864e-01,7.448243864592619667e-01,7.080161031322413923e-01,-3.105822900027754851e-03,7.761836427712320852e-01,6.369645952691234125e-01,8.416013842817454682e-01,5.582571821076094398e-01,8.042438239330105265e-01
6.257685702774455905e-01,6.712670971451895063e-01,6.953668294582650011e-01,3.077962871755625662e-01,6.270813785937097429e-02,-2.435703716228837246e-01,6.100565097053248786e-01,9.177465097186540133e-01,4.037466199650964760e-01,7.783319080926474065e-01,0.000000000000000000e+00,5.340858350371635588e-01,9.288151750228086367e-01,6.401506888694070696e-01,3.385751389393399924e-01,5.514560557812797637e-01,9.223420756988445213e-01,5.199756390399556949e-01,9.603733204945777979e-01,6.814519770239757523e-01,5.561043302559980361e-01,6.364912536838444046e-01,5.377557095937156584e-01,9.160535960299058811e-01,7.913825692324796268e-01,5.100701552326593058e-01,4.667766502991539945e-01,8.641451184106102579e-01,8.801841434636281658e-01,6.923572918798659437e-01,6.220255143312891644e-01,8.667964547901342298e-01,6.949634959734070083e-01,9.435584073875710187e-01,6.958495995122888633e-01,4.418624563496029167e-01,4.491974636215708139e-01,7.789007077656268097e-01,8.610198175508277929e-01,4.781842747639722391e-01,7.734631549038231690e-02,6.012444716771868647e-01,4.113933082567541311e-01,6.800236602428497701e-01,6.744381344346732643e-01,5.020239875602413582e-01,6.284903154963182859e-01,6.939924849724391498e-01,5.169092355982225495e-01,6.495379409100471291e-01,3.054069934073871950e-01,9.547188749409069031e-01,8.714041105102713347e-01,4.631092820939126664e-01,4.326390545853167624e-01,6.354385541142812954e-01,6.315318659796130829e-01,8.615100949914122896e-01,7.784691832425996161e-01,5.086755540318246283e-01,4.216916309370326021e-01,4.460184642700107949e-01,7.565026561301485541e-01,7.675351297760931724e-01,8.311739477890892625e-01,6.409621810049744850e-01,6.920122865660078837e-01,9.161350219237557324e-01,6.359528803391468754e-01,9.571149842586401668e-01,8.209582916808849662e-01,8.897321571650764760e-01,7.185280898430259633e-01,7.312086431483080240e-01,6.571111958297034539e-01,6.843695752936685972e-01,9.803613553468606412e-01,7.955487505381153568e-01,4.170469433240965307e-01,3.269596988990846609e-01,4.319532310831671884e-01,8.018161393830542938e-01,7.251458707200796328e-01,2.276497359157577949e-01,7.857573036599934113e-01
2.607034303152035437e-01,8.923646448460328395e-01,8.364798037991996171e-01,6.925450216947544035e-01,6.811689747101734582e-01,6.270305578807027214e-01,6.194684775554535339e-01,4.713827056214778266e-01,9.247273409360778906e-01,4.039468065105960570e-01,5.340858350371635588e-01,0.000000000000000000e+00,6.721454947816025705e-01,8.812821681602108770e-01,5.067149861975634995e-01,8.711312425276063198e-01,6.701198078219394727e-01,4.782844808461450548e-01,8.555368321951001276e-01,6.067780226160917056e-01,6.799976803080681753e-01,8.287709054620484572e-01,3.287421110570578064e-01,9.229662684253657767e-01,6.953781012050129773e-01,8.436598656189246981e-01,7.186677167467008243e-01,8.070385866004489150e-01,3.767074126373396448e-01,4.812231626241703086e-01,5.284112423974388628e-01,5.927385424686510973e-01,7.511258655400046003e-01,4.379195817412994685e-01,2.340112513219440860e-01,5.437919426301067727e-01,4.002974860428381576e-01,6.561196039704366711e-01,9.251704216096379163e-01,7.867989127429091401e-01,3.157231455330312131e-01,5.055545034197050924e-01,8.204112441529826105e-01,4.559684878821354537e-01,8.509876623300678400e-01,7.976568461873090321e-01,6.645445699901925130e-01,8.501530163025657894e-01,6.693972479618851557e-01,6.085092105595424350e-01,9.676335101493219737e-01,7.633003643395880333e-01,9.102035760833997458e-01,7.283729780337816484e-01,2.014324306093261685e-01,8.878539865838923628e-01,6.995899432151182484e-01,7.640078252070068299e-01,5.427464364937838459e-01,2.900492971174141177e-01,7.440116593581752591e-01,5.714561133362997536e-01,4.671567217187863608e-01,9.857226063460500232e-01,7.209289462756024447e-01,7.844035922544467798e-01,9.278820796636675361e-01,9.381431208779383857e-01,4.377792481671711755e-01,9.163923054086001718e-01,2.450251515385869494e-01,2.478019489228374117e-01,7.981526318876082104e-01,-9.399874300501535884e-02,7.033936682364033688e-01,8.979596246168287665e-01,8.286169520042276915e-01,4.658568218723451726e-01,4.864351199697347639e-01,7.929679497576745673e-02,4.607325840379628556e-01,7.268506063335018474e-01,3.295987775563762323e-01,6.073615101294324026e-01,4.740380360863135079e-01
8.737269170755999070e-01,7.642537509641120774e-01,9.818902581420275721e-01,9.995619123960304275e-01,8.467606301015729864e-01,7.149629293870275459e-01,7.542347453808151414e-01,4.316772118364153865e-01,3.303112055397007252e-01,9.095612994077325597e-01,9.288151750228086367e-01,6.721454947816025705e-01,0.000000000000000000e+00,6.066447379888001423e-01,9.235973329641941065e-01,3.170689815720949545e-01,5.466182037804862004e-01,8.237499089903189686e-01,9.518173498055976234e-01,8.684712671937300232e-01,9.245233495821614245e-01,4.157223652364982480e-01,3.699723192671947603e-01,7.154575591930086853e-01,4.334465783034870956e-01,9.470346462777389229e-01,3.132273358884514192e-01,8.810132027895316575e-01,2.016451158698105151e-01,6.298404141150900637e-01,7.004445699832170247e-01,7.944697277293404358e-01,7.922752784618480870e-01,6.792865687835459854e-01,8.001903829213754538e-01,3.766081912555380162e-01,2.663084025559288026e-01,9.293428971615519396e-01,9.549430463724809526e-01,6.141604683567399858e-01,5.487802140240697346e-01,8.795322695438865246e-01,9.919830503315691939e-01,4.090466768262456254e-01,7.376772889291792756e-01,8.958941154600305046e-01,9.761307360974817993e-01,9.240453819717066031e-01,7.553620580145645746e-01,7.523737736468278925e-01,8.915559195999955833e-01,7.117709265081089143e-01,7.692122669663488121e-01,6.452551783554173470e-01,6.584519428770782001e-01,4.555660410804523441e-01,9.161396096522589350e-01,8.339784278382280647e-01,3.466160235751806207e-01,4.797192219979605765e-01,7.982191860362043423e-01,3.243051792328707217e-01,7.605619043437508164e-01,6.254719110150098738e-01,8.792434135694103814e-01,9.946494313353807515e-01,8.810306252761332946e-01,7.528722790895362449e-01,4.876365848452347551e-01,4.568101285011828550e-01,6.086715966741417239e-01,8.354967825122010527e-01,4.378546865488585071e-01,7.835615568621648874e-01,7.349366909864498698e-01,8.724476584527864897e-01,5.303561311843674186e-01,7.003420921331904303e-01,2.470335092446842781e-02,1.588815384701019462e-01,5.912263545794456121e-01,8.097456179773369067e-01,3.937174676728765754e-01,7.702619068557905457e-01,9.932795611060594165e-01
5.515617685246640978e-01,9.075817041910885230e-01,4.990524360169844020e-01,7.276062131786642517e-01,3.401765127830609359e-01,7.056138521052940371e-01,7.139189460813021304e-01,8.076535271231483071e-01,1.570158974249048767e-01,7.863330419592375886e-01,6.401506888694070696e-01,8.812821681602108770e-01,6.066447379888001423e-01,0.000000000000000000e+00,4.278366039990675329e-01,8.812268763764566915e-01,6.403308075564732027e-01,9.169278562835354585e-01,9.798977902111760674e-01,7.281587970599822102e-01,9.934433834324073453e-01,4.445611548745382335e-01,6.638243480307997046e-01,6.896385248912817456e-01,3.799566073428215507e-01,6.673394072391507503e-01,9.149747346970711348e-01,5.158056268964092972e-01,4.474735875823391829e-01,6.157203839705378545e-01,5.759401062000508720e-01,8.119208968004054672e-01,6.737493175704329929e-01,5.004447518457285637e-01,5.958927526507351580e-01,6.257578293197645358e-01,1.219772241290337789e-01,6.042655577262153743e-01,8.033366265848674859e-01,4.259957072642419074e-01,2.454185619124351347e-01,7.522518479164235217e-01,9.178859123470362036e-01,8.278829299539356423e-01,2.204762839069330238e-01,4.778357409867735606e-01,9.405080703983058621e-01,8.623804748355685668e-01,1.143397370565242543e-01,3.426723277450598459e-01,7.243427303778074977e-01,4.718558197425161138e-01,4.607269887696903710e-01,9.278116351486338509e-01,8.765784865819181704e-01,6.172046991093000923e-01,6.879026247953888562e-02,7.271888415552415497e-01,4.898209425249459015e-01,6.136172877142984650e-01,9.467151914377213151e-01,6.475796967659643855e-01,8.076353043862378733e-01,8.486161592111516327e-01,8.946641069638120447e-01,7.007159466264560876e-01,5.895238047703741380e-01,8.621882398986010498e-01,5.344219815054802591e-01,7.593997530757767844e-01,5.503163761065894555e-01,3.016124108730893760e-01,4.424459020412511712e-01,7.753347965456063307e-01,8.422113241692867902e-01,8.257561198207304942e-01,6.827626203197706412e-01,7.656608043575087175e-01,2.963574046381499127e-01,4.049710508164838796e-02,5.603939238604441209e-02,8.448179604462207060e-01,6.303738684397507397e-01,7.934786946061118673e-01,9.465714976747359177e-01
2.133744438855945669e-01,7.933225834801469478e-01,7.686383891701608073e-01,4.850971335973047194e-01,8.860489617528880535e-01,6.930770710752234276e-01,7.706966792518047393e-01,8.121280822527248144e-01,6.996038003683520135e-01,6.532633746064515634e-01,3.385751389393399924e-01,5.067149861975634995e-01,9.235973329641941065e-01,4.278366039990675329e-01,0.000000000000000000e+00,6.878869133893582566e-01,7.126642829227967102e-01,9.781169408636747331e-01,7.546800788457593834e-01,5.212107441425835042e-01,4.529849994163454019e-01,6.045239308644032583e-01,3.428873726339957129e-01,7.432151085547114011e-01,4.481735312174756625e-01,4.704979466332332438e-01,3.345614508141735444e-01,7.384939541636554861e-01,7.978133998701525398e-02,3.448395941108644003e-01,3.958949484910655459e-01,7.569456444913312820e-01,8.450711973728119997e-01,5.885091137710436460e-01,7.829522137676050431e-01,4.947753350604180422e-01,1.552326665020760110e-01,7.459114329931719745e-01,9.626670069946451358e-01,8.049586254810023878e-01,5.883623905507400220e-01,9.094742347496534984e-01,9.800769124259446352e-01,9.501795786807911703e-01,6.641688678866732864e-01,8.050645072287752058e-01,9.506935911171383868e-02,4.535835962457556714e-01,6.787527843939225036e-01,2.730804366512608050e-01,5.661611674698138197e-01,6.091866584497003245e-01,7.059647425522541653e-01,6.836031551040466780e-01,7.743084791426944058e-01,8.570586339737866766e-01,5.681165941206561820e-01,8.597715121013328465e-01,8.363212907421113673e-01,2.590398908338766848e-01,3.195844568856296419e-01,9.618755421867185573e-01,6.700468292293449979e-01,6.598686682371917023e-01,2.956969816063792500e-01,7.845269454599942405e-01,3.292236122107586871e-01,8.050735453186711466e-01,7.723407169222900048e-01,4.147139812597293584e-01,5.139448550151388684e-01,7.243481692347397694e-01,5.066573691898359488e-01,6.348023019718583848e-01,6.179937135682996852e-01,6.866664608165571337e-01,5.039024215261503903e-01,8.407127676135046634e-01,7.948517316405073752e-01,5.192330881503753881e-01,6.022370575387332448e-01,8.814335862573658975e-01,8.582180169342148446e-01,6.607841718256896035e-01,5.654658720237556446e-01
5.257564426184671014e-01,6.473085789196666440e-01,9.538622906387557165e-01,7.998593272032330503e-01,6.563956856441333088e-01,4.746883957329848802e-01,4.838244015399671416e-01,3.251057907916758971e-01,4.355615111939237227e-01,8.808915036130516851e-01,5.514560557812797637e-01,8.711312425276063198e-01,3.170689815720949545e-01,8.812268763764566915e-01,6.878869133893582566e-01,0.000000000000000000e+00,8.042685723679710019e-01,9.001105827673849813e-01,6.484062592203178044e-01,6.298869524601349301e-01,5.352186100794956714e-01,6.228375265848912212e-01,6.057224817231806613e-01,5.230638838874558383e-01,5.679068599055711042e-01,2.187129257308025598e-01,7.237962983422128183e-01,2.033906214195778106e-01,1.925060020271930905e-01,7.753870273221369347e-01,7.988822262286585651e-01,4.310266656044360878e-01,9.022988200373466272e-01,5.865420198443520583e-01,6.122444343501807218e-01,6.436265332952242346e-01,7.735928010194959015e-01,6.468641155042151869e-01,5.579521384634363868e-01,5.327357171922525447e-01,4.923545340571113260e-01,5.474479469196760206e-01,2.601111194667080073e-01,9.143782693820808882e-01,8.653269591514289871e-01,8.322472387544229688e-01,8.393807429975819190e-01,3.122125825377604635e-01,6.104412669415151260e-01,2.881388603285158223e-01,7.100886290854804272e-01,9.742558571639439169e-01,9.260677188691196493e-01,6.259414510242023999e-01,8.624891567443176976e-01,9.797462452796491528e-01,7.750101975099538132e-01,5.457542548564178198e-01,9.783690601023696809e-01,9.746623426296453507e-01,3.254235993971218432e-01,2.350921659049248769e-01,4.440572208574026236e-01,4.120439323890336958e-01,9.320880292281554791e-01,6.696395797674680184e-01,8.565650066913504945e-01,6.792148781181343020e-01,6.137159978858625076e-01,3.482414109717208439e-01,9.969575091353894969e-01,9.840846417884143715e-01,7.091100525458675641e-01,3.715243885672449564e-01,4.753497926592910039e-01,8.645361054119009570e-01,7.341247010046549892e-01,3.757327702252545865e-01,5.142854366680469358e-01,2.973832532973113008e-01,5.540535348177439978e-01,9.679863263893851988e-01,8.501431055011056115e-01,5.493462078920581249e-01,4.245032872696037352e-01
6.000370604372258221e-01,7.290741155510813698e-01,1.029700192610507603e-01,7.101004961814679772e-01,8.110920329846768029e-01,9.393666263259673466e-01,9.828311473555524369e-01,7.052189727173426848e-01,9.449984302144782689e-01,9.668292159217731774e-01,9.223420756988445213e-01,6.701198078219394727e-01,5.466182037804862004e-01,6.403308075564732027e-01,7.126642829227967102e-01,8.042685723679710019e-01,0.000000000000000000e+00,8.961245135018482966e-01,9.276278014707035613e-01,6.184721237957437889e-01,9.024411132469568608e-01,8.978892376140269471e-01,7.292019052483642572e-01,8.465765569094038101e-01,7.299314309210066520e-01,9.899225380561946785e-01,6.087433585971575578e-01,8.078659663772600474e-01,7.109791906271244466e-01,2.912517337840331844e-01,2.336483734287258252e-01,5.204491331285878708e-01,8.494843097907877061e-01,3.742217705292016916e-01,8.302323837630164460e-01,4.134792242861400902e-01,2.151508716261605891e-01,7.077050273694092120e-01,6.682887049795374068e-01,7.549750886685846485e-01,7.947391350318212533e-01,7.742597851248331775e-01,4.960773351247746432e-01,7.254500108102289735e-01,4.339996563122059947e-01,6.246414820068373341e-01,8.569993831113271732e-01,8.384089727038170903e-01,8.710918016376715256e-01,9.083387672157281489e-01,4.605786918500376359e-01,1.782186848384794686e-01,6.189110641713446714e-01,8.081523541835332614e-01,8.197088066011036789e-01,4.912429059052966784e-01,6.073977362914038114e-01,8.974543702330484152e-01,9.268957414152828589e-01,6.493314950649837769e-01,3.241920724426916589e-01,6.635861148849027114e-01,9.551686503603002976e-01,6.540365706923787492e-01,9.736570628074343592e-01,8.279991709330911664e-01,5.332416945189115687e-01,8.673610448704868192e-01,3.064605311309775426e-01,7.472235970098252134e-01,6.361262016987296875e-01,6.294241596042188247e-01,7.528422822969224049e-01,4.738743444364453827e-01,9.389487470437014593e-01,3.790808926247268840e-01,9.292633677672605952e-01,7.860158868751483396e-01,1.367648459842805975e-01,2.216021489568871794e-01,2.814456504136325088e-01,9.446795092198065902e-01,4.142895750694314816e-01,-7.824978657177721064e-02,7.872441377065286794e-01
9.392427222060069081e-01,6.330737267966830562e-01,8.341768542132608211e-01,6.892957265021987245e-01,9.879243550677684338e-01,3.032068898487682573e-01,8.600509548743130450e-01,3.588818015943358031e-01,6.029404395124142724e-01,6.318501607745622417e-01,5.199756390399556949e-01,4.782844808461450548e-01,8.237499089903189686e-01,9.169278562835354585e-01,9.781169408636747331e-01,9.001105827673849813e-01,8.961245135018482966e-01,0.000000000000000000e+00,4.417922100863623247e-01,7.174298337303517403e-01,8.857533572379072684e-01,7.969860654420706236e-01,9.504431006055594766e-01,9.184908358853673960e-01,9.881575176659948001e-01,7.815323562920414302e-01,5.842470106204017410e-01,3.953316083081365728e-01,7.185618489220195748e-01,7.203661153986398169e-01,8.097228800558289863e-02,6.984023509888115377e-01,9.393523695557191022e-01,5.325931232947244132e-01,4.373871171818041192e-01,4.103027868084969665e-01,6.757078585953090188e-01,4.951900176096965533e-01,7.051381297884974364e-01,6.966864947382425122e-01,7.732831457490553229e-01,7.407288533353735271e-01,9.401955066743262757e-01,8.842633408269346962e-01,7.799474495588114564e-01,7.048775325017928584e-01,6.915154772230238667e-01,9.568901968109788658e-01,2.637882128492744505e-01,6.879827498892076010e-01,2.199160967130613098e-01,2.290790735580051640e-01,8.393599699365722477e-01,6.742087202413509228e-01,-1.235481878747298756e-01,4.358467854006199960e-01,6.577013225811840780e-01,8.857267198884493098e-01,6.693779955436414131e-01,4.684181790417126789e-01,3.779560021340140352e-01,6.067359404019291302e-01,7.407315428336536112e-01,8.848369270214497817e-01,6.369358507490020527e-01,3.027000054497805959e-01,4.172008544167145061e-01,7.274254739555767735e-01,4.683224294408509514e-01,7.774821685896120549e-01,8.474521272068122890e-01,8.646674040320083687e-01,2.869765306682994788e-01,3.174359372122723816e-02,2.298714725311300500e-01,8.584160888167262637e-01,5.365241286948687627e-01,5.832490430932328884e-01,5.015980861293903859e-01,5.254638275400075331e-01,4.581299086874893178e-01,5.813195686587864230e-01,9.060832749053429058e-01,3.395914778050842520e-01,7.764930812193383547e-01
