0.000000000000000000e+00,8.637600362952271293e-01,9.767755940003730597e-01,4.521466682562939043e-01,1.838434200051978773e-01,7.897964039574603134e-01,6.473333609120406340e-01,5.793920372972468646e-01,3.184110802156140951e-01,9.971974890208270548e-01,8.125868830545951438e-01,9.070015057675535619e-01,8.963046632319949802e-01,7.981747218626120688e-01,7.127662305982815916e-01,9.083957376170074260e-01,6.668778932502645862e-01,6.271090956760961843e-01,9.558503666272102350e-01,6.204543830492984524e-01,7.456861830817471670e-01,8.323252224182985382e-01,9.667870099995419242e-01,5.124161506037745450e-01,2.095119517625043115e-01,7.564733910889550605e-01,9.766003018039192130e-01,7.186630375244881241e-01,6.935546385408921655e-01,5.459352388772540365e-01,7.865722262639367468e-01,9.604239208704822284e-01,9.817989442042078796e-01,6.984073000979107437e-01,4.796484321879099788e-01,6.167194260868689160e-01,3.165933120134933332e-01,8.973589215957571419e-01,7.140430572463949410e-01,2.109862187638684161e-01,3.331248700164649579e-01,7.080267512047263567e-01,8.607847777688398816e-01,8.878124191137687360e-01,7.759021460714601304e-01,8.288028411487693425e-01,7.877672475878141345e-01,4.024031190001295943e-01,6.571085793385689211e-01,9.642357131324887920e-01,7.232098112925013922e-01,8.709511972332812935e-01,2.070761957149854227e-01,6.192634327577282161e-01,8.022360530839753867e-01,6.674014805715998699e-01,9.220297917849893388e-01,8.389223932512177573e-01,6.492346063899908648e-01,2.106419303500497650e-02,4.439094282129255609e-01,6.816099517511959860e-01,7.482344761222561313e-01,6.365294279776633202e-01,7.295198730943349696e-01,7.913381783222507293e-01,8.216398587407540699e-01,7.864077554185200380e-01,8.918258648247150422e-01,8.472776409586428858e-01,4.490438698992407773e-01,8.737807482326140907e-01,2.178562064161795875e-01,6.379848973322528316e-01,9.945994071614729926e-01,5.483026012272784744e-01,9.557069300943213941e-01,8.881313197465930953e-01,4.142027804289764581e-01,6.264004966321617962e-01,8.764146359955566901e-01,6.109035427167897048e-03,5.394488500577977463e-01,3.526697407304734133e-01,6.407700482540080733e-01
8.637600362952271293e-01,0.000000000000000000e+00,6.906930197990724940e-01,9.169912035716918375e-01,4.607254023598631454e-01,7.057222354777238360e-01,8.605757113708899508e-01,2.967109257858070448e-01,7.104911813648738805e-01,7.743610214881619935e-01,8.778409823986218496e-01,7.319079913982631247e-01,6.370822855384550287e-01,7.038278111030971118e-01,6.103033419477479349e-01,3.654527991956527666e-01,6.371022345073782400e-01,8.096493846477224032e-01,4.931229899360616287e-01,4.822739682701934205e-01,8.619184013254151955e-01,5.062199911042080114e-01,6.957716744790908292e-01,8.964695957616231059e-01,6.282803427070076108e-01,5.650381136154966066e-01,5.565811289374311688e-01,6.808165147484315227e-01,1.612161317128470994e-01,3.882021670610514841e-01,2.876357788863640463e-01,4.524277317905358031e-01,8.540248595077740146e-02,8.186450182930712360e-01,4.293219175430036394e-01,3.288318833282667386e-01,2.806294518597658438e-01,4.420964192214107413e-01,8.251952667753764681e-01,8.208099787951619319e-01,7.100777390409958312e-02,5.742879988012852266e-01,6.775185118625203229e-01,4.797611111422088181e-01,8.076109216423011938e-01,6.302787127952631518e-01,9.175655648966347666e-01,5.910919073711897731e-01,8.046633131990738041e-01,6.999779463128351642e-01,7.251049770383770632e-01,9.975339556225202298e-01,8.005766814529745590e-01,7.884693171259433697e-01,7.591768917561463326e-01,5.604777905708644425e-01,4.449990790097256288e-01,6.810874603093309831e-01,3.756516278372563633e-01,1.640699836191860939e-01,4.509893421006220260e-01,5.917306647033671041e-01,3.719508841139685940e-01,9.167496488234240237e-01,8.704235646352941336e-01,7.596481338478429102e-01,9.471213775052071959e-01,8.324813546836891121e-01,2.061773983579701375e-01,5.203602979614788682e-01,5.380869832241452766e-02,7.492844602503387907e-01,8.797659978959992966e-01,3.439441240135696631e-01,3.039302381811218590e-01,9.506083881959392912e-01,4.020022003911791209e-01,7.822816883713952230e-01,2.473950020744544731e-01,3.178928411314301816e-01,5.017463029897626381e-01,8.151140110455845633e-01,8.820179027711179121e-01,5.530251310387148678e-01,6.531360445625283839e-01
9.767755940003730597e-01,6.906930197990724940e-01,0.000000000000000000e+00,9.608971340636092151e-01,8.127385216135984969e-01,7.134154558593230888e-01,6.128342631700021137e-01,9.030921246406080627e-01,9.044094238169584354e-01,9.759985367662253886e-01,9.097927668123277911e-01,8.917250602794999370e-01,3.839302874252210618e-01,4.457219859055429612e-01,6.475344836429861584e-01,8.140749135754635768e-01,3.858281254407890382e-01,7.994911080963502670e-01,5.851767119046421550e-01,5.063345624776132148e-01,8.933261706644036737e-01,8.480772246932392067e-01,9.867345024914618845e-01,4.908063193649772615e-01,7.450392394080385117e-01,4.156062994782042663e-01,7.955565352980709104e-01,4.069295199624970993e-01,6.759530299465240644e-01,3.330951166220135207e-01,4.661881361374849431e-01,9.007806447857673593e-01,6.543440576546111220e-01,9.594385978694452977e-01,6.741876888642565069e-01,2.171639263277363729e-01,5.608487970401295764e-01,8.513485535939244730e-01,8.385006030394062115e-01,7.185471348566142558e-01,5.023532466558559006e-01,9.497621686942592234e-01,8.339895328949546993e-01,8.214261425635630554e-01,6.506043315875492672e-01,8.917702749862501665e-01,7.224674235950803158e-01,9.839496447637129384e-01,8.055054528612388687e-01,6.237147412023107407e-01,6.064797419880573193e-01,4.492263535716027878e-01,8.464285344757416230e-01,9.638708684538124238e-01,5.280258385276422051e-02,6.233594395651670395e-01,7.448012742519397600e-01,9.287107224557819007e-01,9.811742974852112331e-01,6.749650537545583973e-01,5.026293716397935984e-01,8.498820953778729592e-01,7.994897203493924742e-01,6.438679773523746652e-01,7.052459182749456490e-01,5.042528994728838754e-01,7.474308804619980151e-01,8.308656981639854777e-01,9.750732997030620020e-01,8.167020227387546960e-01,7.793204288185546780e-01,6.150498755785201999e-01,1.268292553759975405e-01,5.461771349170297940e-01,9.821495467138099400e-01,8.922114181851291681e-01,7.459551982573460194e-01,9.327305104574939998e-01,9.191021202914579913e-01,6.934637029596471547e-02,8.621594761389783645e-01,7.921530709730155717e-01,9.182588656372486779e-01,6.952596987097701131e-01,4.909660848138632794e-01
4.521466682562939043e-01,9.169912035716918375e-01,9.608971340636092151e-01,0.000000000000000000e+00,6.756762269544638322e-01,6.771054206559568023e-01,6.554199151627440045e-01,8.245953272568050663e-01,9.755019617152502764e-01,7.295799438125825098e-01,5.113462946234345052e-01,8.136463311626793704e-01,7.024242191114155043e-01,6.858362001099050920e-01,5.376252565812569273e-01,9.871386893787017502e-01,5.450596229079691657e-01,8.110087774968579577e-01,9.938963520789811934e-01,8.256325943409751345e-01,6.406399096984792818e-01,9.298304927279161802e-01,4.034609041696729514e-01,5.455540649913994677e-01,7.502289193134005219e-01,9.073309474210332626e-01,2.658634721796289124e-01,5.721357460805996942e-01,5.960615914004020466e-01,3.408859732795902486e-01,2.257363521569505094e-01,6.417757862993458406e-01,3.352397225525625135e-01,8.988500323369483791e-01,6.906675064587489699e-01,3.419521082625864850e-01,7.233569144367200110e-01,6.913902179417470428e-01,9.552051417557850810e-01,2.804539245992385688e-01,2.892417082249789662e-01,4.558655416829731633e-01,6.819951047705118397e-01,7.610701471638559035e-01,8.116338836307880333e-01,5.195211142123828951e-01,6.493476467033305610e-01,8.062570706446697821e-01,3.164519733706070426e-01,8.710584263364695712e-01,8.793489739167941188e-01,7.231591133500385737e-01,6.898806576866719498e-01,4.580380742329632215e-01,7.682401393474382889e-01,6.546735066217975740e-01,9.953944800413792038e-01,7.954812585440550476e-01,2.140096297744095710e-01,3.383693249541342984e-01,3.846523767465442889e-01,7.436019824320162508e-01,8.177357048047416699e-01,9.275240925139445203e-01,8.691128494159818807e-01,7.767544357353692863e-01,8.589668060090843715e-01,7.865646927275262712e-01,6.748390262382113480e-01,7.205840008614710079e-01,9.361540013208625721e-01,8.664457350382299694e-01,9.360055571451625367e-01,4.629759650504811641e-01,7.458465941304528446e-01,9.290837342564275403e-01,2.348709559208631836e-01,5.108834555911788700e-01,4.626232379001326001e-01,5.006478063163037895e-01,2.190987270581293278e-01,8.154090064972453478e-01,9.306534817232379186e-01,3.920262170273667302e-01,5.172563772509968238e-01
1.838434200051978773e-01,4.607254023598631454e-01,8.127385216135984969e-01,6.756762269544638322e-01,0.000000000000000000e+00,6.091637799416729226e-01,4.864584958063513653e-01,3.959883691203928691e-01,4.433069151534962393e-01,8.465952801816782891e-01,9.013363526900569633e-01,6.011861597666218193e-01,9.106971364020708393e-01,6.646496131926392659e-01,7.128580257596749403e-01,4.656087724561929764e-01,8.947313813289514695e-01,8.559399177432194250e-01,7.908413873240974779e-01,7.644702269058748501e-01,6.280916974110083428e-01,1.390220911114809499e-01,9.430765147542627957e-01,9.480870608404758926e-01,6.940691703468595541e-01,9.050507233882094660e-01,6.964010942388344505e-01,7.242179586495022248e-01,7.013704051126631311e-01,3.708008338225029510e-01,4.417106078075518361e-01,7.669629915413859189e-01,7.035272003003825159e-01,9.714512157095551714e-01,7.016172598788309456e-01,2.373456940670961302e-01,2.374673685788123711e-01,9.450102665508595123e-01,9.079068372535606946e-01,6.632815314108494453e-01,1.175394104872940909e-01,8.939773662118372100e-01,9.829767403541997961e-01,6.185413417914483736e-01,7.384552869583969059e-01,8.609226377794092500e-01,7.039164675012478112e-01,8.346688001731196183e-01,4.899167695258109800e-01,4.704194642611440047e-01,7.410418848546557191e-01,9.660926178116442387e-01,9.077591478258085766e-01,9.911512486231814911e-01,9.406457681001652027e-01,6.847471012656977107e-01,5.660064468533569926e-01,9.744440655812728336e-01,6.725536749065341713e-01,2.105208286799549466e-01,9.056339653667168088e-01,6.100686107011236148e-01,4.943449359869957482e-01,9.012670346781278541e-01,6.588715126657300747e-01,7.460177959285581029e-01,7.308125505673611633e-01,8.677850245959976005e-01,6.856761416683179178e-01,7.602628438204914740e-01,7.225500992301960856e-01,7.820613878520905615e-01,4.580514231343114084e-01,5.268008808831926570e-01,2.455691040609589149e-01,6.736655950353598321e-01,9.208708305699371266e-01,4.017197879081043643e-01,2.549925180875681208e-01,5.910215769937116059e-01,5.636745929546380651e-01,8.142427835945572623e-01,6.490603024555726686e-01,2.344325711398410617e-01,6.681236521616371604e-01
7.897964039574603134e-01,7.057222354777238360e-01,7.134154558593230888e-01,6.771054206559568023e-01,6.091637799416729226e-01,0.000000000000000000e+00,4.735821536334265947e-01,6.969336877611773673e-01,3.265468425253246765e-01,5.721040537430693851e-01,8.988576884311191284e-01,8.233444219304988376e-01,6.261050556676789336e-01,4.440181048747959269e-01,7.386913719948047241e-01,4.943313717059923118e-02,1.431637168687669159e-01,6.689533394444870940e-01,6.085214572735946348e-01,9.799245688582640668e-01,7.869385073791630436e-01,7.230782169403016102e-01,8.581445141373007512e-01,9.335515628271546795e-01,4.337403694534825438e-01,7.586325136673542913e-01,7.107668136413836102e-01,5.099429908773914777e-01,5.404096445038880647e-01,7.284393388082708309e-01,2.168932278132283398e-01,5.454944636451005691e-01,8.028148407370887529e-01,4.034610423300374338e-01,6.016827341523703909e-01,4.404243668345517726e-01,3.491749060325173293e-01,1.569935213190080947e-01,7.862797752435106702e-01,2.035572835189976837e-01,2.881132422360718204e-01,8.799137885104094670e-01,8.780944914348377539e-01,7.873538635568020361e-01,3.292106449650019639e-01,6.339411666176743010e-01,6.410721288874606794e-01,8.438241876393077767e-01,8.784006876736522029e-02,8.746576915497665805e-01,6.644666499499236600e-01,5.759015403719269788e-01,7.079754731279326307e-01,4.804237972251492184e-01,8.957089049023727600e-01,9.692563314699320642e-01,9.642780432256282674e-01,9.037783773998845360e-01,9.583121734934503255e-01,7.227838935155764810e-01,1.870895758983442680e-01,5.881973430296373317e-01,7.100108853457494096e-01,8.406834809719045953e-01,9.608581229497551446e-01,5.073614725404050896e-01,8.204297972133367534e-01,6.178457138525330627e-01,6.426734731089788211e-01,7.966988241242602964e-01,8.505572398046324922e-01,7.608239645190405520e-01,4.070194636922950249e-01,2.191868528763745716e-01,6.372883251060933452e-01,4.511852800663350704e-01,6.114783809765947931e-01,4.800098479652690764e-01,4.512872040851775846e-01,5.992312354063905611e-01,6.372444485712127626e-01,9.678820817396021070e-01,9.740004061048108674e-01,6.528588720680812418e-01,9.475543476234402629e-01
6.473333609120406340e-01,8.605757113708899508e-01,6.128342631700021137e-01,6.554199151627440045e-01,4.864584958063513653e-01,4.735821536334265947e-01,0.000000000000000000e+00,6.558882554189518488e-02,3.143065765733002448e-01,5.230640696022770264e-01,7.521152712006413665e-01,6.010589500916979633e-01,4.992676345986199471e-01,8.688708528788183783e-01,4.680416428023075892e-01,6.198006984633749328e-01,6.909885256408372367e-01,6.674843814839687139e-01,4.130902229172122020e-01,8.999284073729736377e-01,9.400626044540056903e-01,5.122363512858760792e-01,4.065751589586290571e-01,8.512910791052138437e-01,2.570416131888854094e-01,6.815250141697668518e-01,7.939083134319681045e-01,7.912486676812424680e-01,2.089611801495716015e-01,1.677962867164476402e-01,5.775540052047292150e-01,1.348229933528057034e-01,4.758556769681725473e-01,7.976495158851384382e-01,7.431626439716898513e-01,1.704189070471461287e-01,9.636794320017197379e-02,4.972738446930629053e-01,6.659197905454802280e-01,6.800514551214023040e-01,5.267084678385393071e-01,8.921160861555722521e-01,5.970146219055841863e-01,6.393366184396969132e-01,9.961237246432070869e-01,6.535651510566578004e-01,5.788817924783726809e-01,8.087953445706468347e-01,7.786744348546179584e-01,7.346833361930696915e-01,3.656223006665465514e-01,6.718065147888949706e-01,5.190025142111919232e-01,4.844004147688090178e-01,8.524241011919971855e-01,3.973131401107627969e-01,6.384328835409409653e-01,1.868136722812351047e-01,8.686622759925394233e-01,3.979655138200053344e-01,4.002316920761073149e-02,5.990294098668322853e-01,4.039400684817961440e-01,9.573567351721400387e-01,9.018338679259546575e-01,3.457519020799728615e-01,6.874159492060747390e-01,9.161004083153758693e-01,-1.449657226284672973e-02,3.563621835457804199e-01,9.531480836219766717e-01,4.517225670626200951e-01,6.552738815925116533e-01,4.899627885284849604e-01,4.499911538798279098e-01,4.134777593565387432e-01,4.164020549104002766e-01,4.903418938620261458e-01,5.411377918469725268e-01,5.461637376278668521e-01,3.190950625592454126e-01,7.138002473535058900e-01,9.072597856193785892e-01,3.882806990617796439e-01,2.428089263175012974e-02
5.793920372972468646e-01,2.967109257858070448e-01,9.030921246406080627e-01,8.245953272568050663e-01,3.959883691203928691e-01,6.969336877611773673e-01,6.558882554189518488e-02,0.000000000000000000e+00,6.467714938911675038e-01,6.241349942257089500e-01,5.679582712058353078e-01,7.327122921868605143e-01,5.163895128874383955e-01,9.874127425725089946e-01,9.934394592012749658e-01,7.095217879331841004e-01,6.854145912043552169e-01,6.174974346916456414e-01,5.955633673387845661e-01,8.343094154134982343e-01,8.330136618122543357e-01,4.721316241834467853e-01,6.370603199395681315e-01,8.518575657265858858e-01,4.165869606825250981e-01,-8.853676040066843500e-03,4.697560618544427413e-01,6.365369244219580835e-01,4.884247154215664577e-01,5.895013955954272467e-01,6.742227741820847609e-01,7.694574496107794426e-01,5.006521682615885371e-01,6.260068169423369522e-01,9.208720623386112969e-02,5.276724363996680989e-01,2.047916695098399575e-01,6.194986371670667680e-01,8.872577414679749808e-01,5.919599344131110108e-01,3.036646115918434363e-01,7.444598197820704311e-01,6.967284793171281132e-01,6.789269622947649019e-01,8.022100529636050359e-01,9.999156721565078954e-01,3.007001750794350281e-01,3.623352067129665399e-01,7.734206107812754416e-01,9.138860743179703094e-01,7.647512761464063669e-01,2.113475623051830898e-01,5.626541460950669205e-01,7.227888074522534900e-01,7.579251705759675328e-01,1.299902204855408749e-01,4.271599411886888853e-01,7.276460099885053712e-01,8.880986987430439239e-01,8.715272710844057524e-02,5.198518288776227125e-01,6.068707231377270528e-01,5.393096364666062348e-01,9.497140183767719401e-01,7.462682338843068530e-01,4.298662227327246232e-01,7.352178095977073280e-01,2.152645446452059741e-01,2.938749450644105865e-01,6.608000599208505577e-01,8.789613366614013046e-01,4.521137628517105100e-01,6.241267133719388127e-01,3.448101323575313293e-01,6.174113687850072418e-01,4.675669120150374169e-01,6.471577574913044417e-01,4.491551233166025670e-01,3.376222589103889948e-01,6.423826294910345291e-01,3.114179535985107661e-01,7.174703737182897001e-01,7.774915127541190962e-01,3.145038318074717121e-01,3.606234984815381850e-01
3.184110802156140951e-01,7.104911813648738805e-01,9.044094238169584354e-01,9.755019617152502764e-01,4.433069151534962393e-01,3.265468425253246765e-01,3.143065765733002448e-01,6.467714938911675038e-01,0.000000000000000000e+00,8.740207084250732894e-01,7.167136882185570768e-01,7.404915354900523106e-01,9.286130825846594661e-01,7.470000003932073529e-01,2.882675732641924449e-01,2.635995130735506176e-01,9.245726778983480720e-01,6.729470215184993886e-01,9.331129290287292211e-01,6.143123206383600543e-01,8.342431449299601010e-01,6.619545245821789603e-01,8.987488824592153591e-01,8.113215937610460671e-01,8.102297432386997844e-01,9.743558582057771922e-01,6.780967042273782219e-01,8.350854312234019527e-01,8.235112648227953525e-01,4.820796953288919995e-01,5.018640061401418162e-01,6.235406599496083890e-01,4.847286038849333845e-01,6.942249204259254292e-01,4.276299510264205406e-01,7.879034198584660142e-01,3.373101804498280787e-01,8.680385695360723908e-01,5.019237360065531561e-01,9.655095260667778678e-01,9.082967146214255827e-01,6.631793144904359893e-01,6.739513171289188698e-01,4.643337227291228220e-01,9.322312628875750740e-01,9.282686611819020994e-01,9.349597397303124335e-01,7.552449522453622555e-01,5.430412155393734563e-01,9.082166479728581709e-01,6.624706197125703744e-01,6.997829416782769263e-01,4.177555912619443923e-01,4.129921294972195289e-01,3.357908360254031610e-01,4.191449964257065730e-01,5.806286860504004110e-01,9.633596602384637553e-01,6.379452913334163755e-01,5.369103984676711905e-01,7.829419785948357191e-01,7.498546782975071823e-01,4.726078768574819983e-02,7.296795459388362159e-01,8.736082614130935564e-01,6.846156255199080665e-01,3.696790331553511111e-01,3.895355562144933170e-01,7.920197736293953517e-01,6.641958621646585348e-01,8.045853366880775237e-01,3.378999981808890052e-01,-1.989609780047278675e-01,6.150010789505623299e-01,9.294526411435583002e-01,9.061194204475651048e-01,6.303971809453289277e-01,7.053167877652445350e-01,6.154884434093079726e-01,3.702296092878837319e-01,7.958515329212267897e-01,2.674681553064276462e-01,7.070739869695925606e-01,8.986824831571099681e-02,8.878514239920265450e-01
9.971974890208270548e-01,7.743610214881619935e-01,9.759985367662253886e-01,7.295799438125825098e-01,8.465952801816782891e-01,5.721040537430693851e-01,5.230640696022770264e-01,6.241349942257089500e-01,8.740207084250732894e-01,0.000000000000000000e+00,7.833538425688045814e-01,8.823777884830720231e-01,9.711689529050026026e-01,2.424046017565283928e-01,9.022419459719541734e-01,8.455640681163067995e-01,9.670422242437874960e-01,6.194530540002251007e-01,5.866708801170801291e-01,6.451305759802007378e-01,3.499955327413720729e-01,3.264978666132989371e-01,9.095787511740316411e-01,6.974288970894666484e-01,3.288259994862018365e-01,8.719116240560484954e-01,6.881821054745037580e-01,7.558937834504740882e-01,4.753907619790111450e-01,6.199486720877701584e-01,4.708659377217071507e-01,5.568054905240846925e-02,3.256277868396495467e-01,8.737833328761727136e-01,8.776680443399550446e-01,6.643812204731741611e-01,4.356914748755667532e-01,4.062586100240589970e-01,9.144008185519373333e-01,9.690493284176119326e-01,8.318440066201552296e-01,6.879178164615440405e-01,9.206333666256323323e-01,9.419449532650713275e-01,3.051267679696911816e-01,8.282757295804282771e-01,9.978655319777824939e-01,7.286993706749225197e-01,5.578503560578355058e-01,7.192875007928808406e-01,5.471067422725297558e-01,7.634007864353293815e-01,9.912239809398484258e-01,5.482873762931474992e-01,7.480300472043655002e-01,6.485322438971831138e-01,9.919534039784961843e-01,6.824879589991860174e-01,9.921053979759337782e-01,2.637870310506533755e-01,1.666684698106858376e-01,6.415289499998670930e-01,5.583283730619138518e-01,9.693941239998814519e-01,6.354441359880873552e-01,5.617109822332818636e-01,4.036031985987622028e-01,8.761164583554038598e-01,9.780555861154548447e-01,6.084486919354895607e-01,5.594934139368870074e-01,9.478868106155189377e-01,4.931537050236897701e-01,4.028488321537921912e-01,2.204407487736534943e-01,7.970579798811805450e-01,9.476593020633727882e-01,6.080759555806433125e-01,5.333868760659398189e-01,2.410581986896369322e-01,7.408912061266776927e-01,8.165841058118386009e-01,6.310472106396575187e-01,7.194515226955682241e-01,9.483015218565018500e-01
8.125868830545951438e-01,8.778409823986218496e-01,9.097927668123277911e-01,5.113462946234345052e-01,9.013363526900569633e-01,8.988576884311191284e-01,7.521152712006413665e-01,5.679582712058353078e-01,7.167136882185570768e-01,7.833538425688045814e-01,0.000000000000000000e+00,5.314248887011611133e-01,4.316107980593807958e-01,6.945761562735769390e-01,4.324198231438295958e-01,6.537692388405824673e-01,6.696408933704925959e-01,8.154187284023947102e-01,7.527988083097620908e-01,6.788910339265497029e-01,7.282419392567566208e-01,6.510298906228089155e-01,4.004098683660886060e-01,4.908459975324649394e-01,6.927873183180730532e-01,9.507659151078000637e-01,2.999306242323219185e-01,7.212077705432347052e-01,4.366796703214908537e-01,4.285219473887467712e-01,3.148473738616164863e-01,5.035662172468318154e-01,7.686196979286454845e-01,8.844084780053700356e-01,5.435825429504267392e-01,6.187233359449056946e-01,7.021223376478522571e-01,6.251957123375901926e-01,6.739039020161248228e-01,2.415563921758488997e-01,4.663432917392883459e-01,7.090570393783633962e-01,5.063952339834152383e-01,8.751884780414874720e-01,7.630382452892898737e-01,7.622797619626099364e-01,9.532426146076593554e-01,7.023111249828157820e-01,4.348307671731235780e-01,3.983078484076705839e-01,5.543952057256047450e-01,7.510947149573123927e-01,8.844782864217287655e-01,6.646617099581184629e-01,8.713530776362370389e-01,9.501543063337595241e-01,7.186550223066996423e-01,6.891241662306634153e-01,6.472878096599545827e-01,2.225115929288695171e-01,5.159402036917138945e-01,8.181672958523288353e-01,8.110358037206941706e-01,9.762621908826483175e-01,4.461177000249646474e-01,6.946696786133531587e-01,4.447865541086418739e-01,4.318067443194991695e-01,4.965859793001786149e-01,4.516121526537766329e-01,7.354321888313900546e-01,8.816601222237507862e-01,4.665113629412397378e-01,7.985742627148961770e-01,7.123900738934314525e-01,7.853593594951201462e-01,9.942815163769492814e-01,6.493514896389415147e-01,3.495135473292370065e-01,7.475516316237377223e-01,2.820524204593430895e-01,9.864057168573083789e-01,6.296750318702012406e-01,1.595408144012443741e-01,7.596728033648677547e-01
9.070015057675535619e-01,7.319079913982631247e-01,8.917250602794999370e-01,8.136463311626793704e-01,6.011861597666218193e-01,8.233444219304988376e-01,6.010589500916979633e-01,7.327122921868605143e-01,7.404915354900523106e-01,8.823777884830720231e-01,5.314248887011611133e-01,0.000000000000000000e+00,6.279850069346487595e-01,5.562805910711297042e-01,7.847383687844757816e-01,8.713602407665334004e-01,9.644163529883293950e-01,7.317243041339144272e-01,2.785511154076170288e-03,2.654145754212879904e-01,8.531795034938325362e-01,6.825534311455726533e-01,8.231450581165039582e-01,6.607075362370518068e-01,5.532559962629940431e-01,7.988911768988515849e-01,3.490065580829624370e-01,5.890437511698999318e-01,3.415850898818481585e-01,5.613269088625676417e-01,3.345245360930350076e-01,5.051738433232203507e-01,5.938477894941499580e-01,6.326119794925025852e-01,4.509241288959141558e-01,2.614992691004591197e-01,4.250912801162727850e-01,5.147949912798724936e-01,3.894103645849372186e-01,7.621373815225822579e-01,4.971511648514634341e-01,6.704888875426030515e-01,6.224042150619830682e-01,8.984552918697064072e-01,9.065385030643930975e-01,9.276774214048388867e-01,8.996443712974597773e-01,9.076493361264479365e-01,4.947453597899013067e-01,3.537174627830868001e-01,6.226063947962197087e-01,7.475306158209356067e-01,6.352354203638344021e-01,4.634732399984898277e-01,9.441738075414171094e-01,8.223840694796484829e-01,3.005798902812101825e-01,6.775892355282308044e-01,8.877338995064417704e-01,3.019865108778587715e-01,5.855917033994287868e-01,5.467184003966070183e-01,6.876893742365999262e-01,6.115402410447384751e-01,2.247881065576146364e-01,5.568469762774479470e-01,8.731555661250721689e-01,6.704108298497767349e-01,6.460258381524391913e-01,8.899200007998933071e-01,8.060192118825761920e-01,9.974704549349429072e-01,9.360020800730094459e-01,5.221001885410926358e-01,6.841784186465936779e-01,2.006954600489936347e-01,9.941880452003594160e-01,4.254200377598726934e-01,1.518788161378522572e-01,4.427589840223994377e-01,4.510219012329083066e-01,5.213571441555293617e-01,9.892391363943897620e-01,3.093595681737126846e-02,8.633033819715757451e-01
8.963046632319949802e-01,6.370822855384550287e-01,3.839302874252210618e-01,7.024242191114155043e-01,9.106971364020708393e-01,6.261050556676789336e-01,4.992676345986199471e-01,5.163895128874383955e-01,9.286130825846594661e-01,9.711689529050026026e-01,4.316107980593807958e-01,6.279850069346487595e-01,0.000000000000000000e+00,8.923654055427563403e-01,9.734267994258900547e-01,6.811332726119097014e-01,5.171274416855220490e-01,6.935727509996175710e-01,7.368978091972412381e-01,6.030520331408307788e-01,7.889784398815927746e-01,7.156705315270206480e-01,9.730777715463216904e-01,7.334016085369777782e-01,5.350816610381853300e-01,9.856411486847903580e-01,2.545418369588726137e-01,7.167728781701492302e-01,6.102739739566730437e-01,4.873888834134761927e-01,7.027059815911330665e-01,6.296114357274318341e-01,9.152203053751264417e-01,7.351943058251060314e-01,7.191818632839023229e-01,5.318638205277641529e-01,5.270919582662670910e-01,5.423337370067852214e-01,8.708638757442868084e-01,7.792712521575284601e-01,3.792760329129876151e-01,8.188474611656847424e-01,9.970303070619905839e-01,6.031944386484746623e-01,6.304174041498940007e-01,7.097186985447068164e-01,7.108216040830985794e-01,2.598209440308377194e-01,8.675602650996468990e-01,6.984785023646228330e-01,6.771290839491793667e-01,8.247313742905113543e-01,8.768522981786681658e-01,7.889665712817472976e-01,6.918676145370135089e-01,7.037180899497753606e-01,9.186753745649286484e-01,8.767379668814118121e-01,6.092712178842197845e-01,5.876630885229622292e-01,4.932152270208155498e-01,6.143085263258331041e-01,7.712212986073332388e-01,8.297113665528272897e-01,4.798274336620452774e-01,9.991275203961008655e-01,7.792943926285578193e-01,7.216721852296280604e-01,5.707525480154919117e-01,6.084932131044893389e-01,5.946989277804468621e-01,7.919733461950260178e-01,6.980778348288093627e-01,5.189138871455494240e-01,3.892730027366259615e-01,9.382369212490706545e-01,9.037368414536858241e-01,8.054524248329515412e-01,4.868720550128794455e-01,2.988712446579459558e-01,4.603453547285810132e-01,8.689037511854994511e-01,7.263210782238727070e-01,7.083035475648882251e-01,4.585636302382275487e-01
7.981747218626120688e-01,7.038278111030971118e-01,4.457219859055429612e-01,6.858362001099050920e-01,6.646496131926392659e-01,4.440181048747959269e-01,8.688708528788183783e-01,9.874127425725089946e-01,7.470000003932073529e-01,2.424046017565283928e-01,6.945761562735769390e-01,5.562805910711297042e-01,8.923654055427563403e-01,0.000000000000000000e+00,7.600876162321935636e-01,9.797170269844622803e-01,6.199454550426265476e-01,8.720476290024749000e-01,6.444282275346163713e-01,9.489211909055554894e-01,8.720427329231722480e-01,8.542509634613273395e-01,7.854792825417423741e-01,6.414050109507720698e-01,6.284097688512225721e-01,7.766100316865105491e-01,9.192543500633150177e-01,6.871781481211478582e-01,5.120291965130251421e-01,4.591304707622702597e-01,-7.522057304443620362e-02,5.542732252580808705e-01,5.939289327697608867e-01,9.485064783373937658e-01,6.801188774848769825e-01,1.349438047659550222e-01,5.824733203651885072e-01,7.314504589587126349e-01,7.184456609618942169e-01,7.489196507554087834e-01,4.563365438765141779e-01,5.671313179132581039e-01,5.554293636896917574e-01,4.735600788427806185e-01,1.992110297067693214e-01,7.263443682346982788e-01,6.057505030012272362e-01,4.388164525506697555e-01,4.818161578051819438e-01,7.354876866454539419e-01,8.204749420649970482e-01,7.885860743225203695e-01,7.705397185858468001e-01,6.527729360736084230e-01,8.607513930617195497e-01,9.486043372624024528e-01,5.524941829214763400e-01,5.919855701885587962e-01,2.608818753011298286e-01,7.976057450199178778e-01,5.176893626015297567e-01,6.511349941242949857e-01,6.011728266759047701e-01,4.756140870066362658e-01,5.621474485997655091e-01,-1.835174509013816624e-01,3.472146051916600307e-01,8.658811481702856083e-01,2.988787184990455148e-01,4.987054678833419685e-01,6.248702502170352391e-01,7.742331615073478890e-01,4.845120345680462570e-01,8.007064849351075431e-01,9.771156082896664818e-01,4.716210196427140233e-01,1.493974249731900572e-01,8.159546633821032069e-01,5.875678579874366037e-01,2.327243445458583304e-01,7.633224687507376149e-01,8.093108074298110965e-01,2.629404331589346167e-01,4.978966115028549133e-01,7.703358485552317392e-01
7.127662305982815916e-01,6.103033419477479349e-01,6.475344836429861584e-01,5.376252565812569273e-01,7.128580257596749403e-01,7.386913719948047241e-01,4.680416428023075892e-01,9.934394592012749658e-01,2.882675732641924449e-01,9.022419459719541734e-01,4.324198231438295958e-01,7.847383687844757816e-01,9.734267994258900547e-01,7.600876162321935636e-01,0.000000000000000000e+00,5.715672312840446301e-01,8.774689302026055238e-01,8.916393828027091573e-01,3.428496111372536514e-01,8.881509124909211517e-01,3.646474020162492335e-01,8.595757732826621034e-01,4.779680610591020562e-01,9.614417428011182709e-01,5.089699922567219037e-01,7.293329159522827787e-01,7.841668182657982600e-01,4.565682497338764412e-01,3.445051973989441407e-01,7.477397618007965985e-01,3.688599553805128606e-01,3.724022232096260154e-01,8.231554988108369386e-01,8.839885405910059557e-01,3.937472529807648502e-01,8.848384252565882901e-01,5.695621246649267277e-01,7.068232595732688583e-01,9.963580196678961665e-01,9.428477859030056640e-01,2.880071607899533648e-01,7.784199692192375064e-01,8.053740436436280792e-01,5.022769216386505642e-01,1.531835888759046638e-01,8.752239785820059570e-01,5.732636980613529110e-01,4.237545595667720488e-01,8.965386002526526399e-01,-1.370293119842254104e-01,7.643516547996063171e-01,8.067674144819541038e-01,6.817084335162870712e-01,9.583234966419140743e-01,7.030622478903114647e-01,7.449210190494511830e-01,6.094230223394631052e-01,5.991570694418153487e-01,9.554238447468921258e-01,9.126895740205916985e-01,5.483799163966489587e-01,6.918389491963237159e-01,6.204030539189296922e-01,4.749889069930768870e-01,9.357101124955242710e-01,7.226722928050288708e-01,3.653726919049185007e-01,9.340436139593381037e-01,5.941320976812767274e-01,7.695825273082016471e-01,4.630290122807022568e-01,9.651071192623037476e-01,6.508815202191843285e-01,6.809101860094902703e-01,7.853976184281543649e-01,3.804165568362333216e-01,4.184912924244058585e-01,2.449977053543524741e-01,4.782553804408030684e-01,2.048152555723655732e-01,2.152361253120001483e-01,8.206276307241411327e-01,9.254662365557776438e-01,7.659588418260956377e-01,1.564575143632462584e-01
9.083957376170074260e-01,3.654527991956527666e-01,8.140749135754635768e-01,9.871386893787017502e-01,4.656087724561929764e-01,4.943313717059923118e-02,6.198006984633749328e-01,7.095217879331841004e-01,2.635995130735506176e-01,8.455640681163067995e-01,6.537692388405824673e-01,8.713602407665334004e-01,6.811332726119097014e-01,9.797170269844622803e-01,5.715672312840446301e-01,0.000000000000000000e+00,8.271509932705848334e-01,9.614477059852127860e-01,8.261533896078564476e-01,9.630214152940116401e-01,6.157300764741490129e-01,9.919451150799035721e-01,7.346412557365423757e-01,8.091553813026316488e-01,4.272236915245082867e-01,3.614087451787762473e-01,8.941242184980479069e-01,3.244974716759396749e-02,7.775800991299562925e-01,4.161230536997504448e-01,2.831961719686975076e-01,6.584731881802201592e-01,5.410138105886254101e-01,6.459539570487495830e-01,6.810788145885975364e-01,3.182774941442326755e-01,1.504747156952359610e-01,7.022218204664352204e-01,7.101835795101925086e-01,6.027896968546235801e-01,3.762674364086894263e-01,9.000887746851582438e-01,8.276043818607287106e-01,8.910840565913576983e-01,8.172636198647103001e-01,9.896688693959984073e-01,5.209541525016461172e-01,6.784854509923454735e-01,7.692278798166787279e-01,9.201974558850136710e-01,5.339791734016797742e-01,6.655308319460283561e-01,6.081952533269739947e-01,7.894845715253131502e-01,6.394246160982467453e-01,8.028216420242640927e-01,8.186808740512965255e-01,9.339223513722252346e-01,8.544862880079484579e-01,7.248067241142172046e-01,4.161816958929941412e-01,6.292191546356998288e-02,7.203126807652285857e-01,8.943512542926809195e-01,6.428802331450998997e-01,9.911839200534516836e-01,5.655539160362499373e-01,6.955966332159241317e-01,4.820542139987104568e-01,7.536394534178859628e-01,8.661519625753026919e-01,3.316758235462153870e-01,7.772138149393081896e-02,6.967761961676973703e-01,4.524626319550478226e-01,6.700660324915270749e-01,7.902151779792527808e-01,-2.719615841407954648e-02,3.568247118661050932e-01,3.835849622486767752e-01,7.927217979017890936e-01,8.705728941893742245e-01,5.212582571438255652e-01,3.469267128003069023e-01,6.904241255889914664e-01
6.668778932502645862e-01,6.371022345073782400e-01,3.858281254407890382e-01,5.450596229079691657e-01,8.947313813289514695e-01,1.431637168687669159e-01,6.909885256408372367e-01,6.854145912043552169e-01,9.245726778983480720e-01,9.670422242437874960e-01,6.696408933704925959e-01,9.644163529883293950e-01,5.171274416855220490e-01,6.199454550426265476e-01,8.774689302026055238e-01,8.271509932705848334e-01,0.000000000000000000e+00,8.596793882197742986e-01,9.455042499546508772e-01,8.073841766861662439e-01,7.535267585656346689e-01,5.056972618134089048e-01,9.028562971042772833e-01,6.876309088665465419e-01,3.901446010876703507e-01,9.840870839706792328e-01,9.891237999585640317e-01,7.420046740859501666e-01,5.048049013018119924e-01,5.654538096616276155e-01,3.265866421416798726e-01,6.669086021997303604e-01,5.784891859969251149e-01,5.621015959045663202e-01,8.320772181613966811e-01,4.747384072822035117e-01,5.116255871822055212e-01,9.055961689181039054e-01,6.744014175329223759e-01,7.474028789036081255e-01,6.705012530646232705e-01,2.267689637539125891e-01,8.872794671718330362e-01,9.242190283395120831e-01,9.776572726781490585e-01,7.387432241280101897e-01,6.811233859744174612e-01,4.946530711266856617e-01,5.208415380800441863e-01,9.859969326507233012e-01,7.636766256767273386e-01,9.381670011076550519e-01,9.287412417189315761e-01,9.032368888239252769e-01,6.224728565076096398e-01,6.220121195247992896e-01,8.650587712277650887e-01,5.517192257457426141e-01,1.768660327803286691e-01,9.074367486366474722e-01,5.626528018794225705e-01,7.496562442136319726e-01,8.320923807468243449e-01,7.355456148893380064e-01,8.786045583846932017e-01,7.651882366141797842e-01,6.895270346418460594e-01,8.133026315465708977e-01,7.034028515930556003e-01,8.385674323080428705e-01,4.267696961140700074e-01,5.450296885626046972e-01,7.349968068694743284e-01,6.506250311467687286e-01,8.924372287139737958e-01,4.306186236678631873e-01,6.533907143105945892e-01,7.307937774574529977e-01,7.533651998829322682e-01,3.333320439540715108e-01,9.427427980706571953e-01,7.285149853599027781e-01,9.107602959301954737e-01,7.887070071285187667e-02,8.004258239962274146e-01
6.271090956760961843e-01,8.096493846477224032e-01,7.994911080963502670e-01,8.110087774968579577e-01,8.559399177432194250e-01,6.689533394444870940e-01,6.674843814839687139e-01,6.174974346916456414e-01,6.729470215184993886e-01,6.194530540002251007e-01,8.154187284023947102e-01,7.317243041339144272e-01,6.935727509996175710e-01,8.720476290024749000e-01,8.916393828027091573e-01,9.614477059852127860e-01,8.596793882197742986e-01,0.000000000000000000e+00,6.018242813944002512e-01,9.218416335189831834e-01,4.569762350521166527e-01,9.639650937845760659e-01,6.635196138017400713e-01,2.310369951116613696e-01,5.510494037649671384e-01,9.725559964660671630e-01,8.889365773508701718e-01,6.979938720812415287e-01,5.017831928134252051e-01,6.540049839692931855e-01,3.795389561547758417e-01,3.651614264888015660e-01,8.517724084651319416e-02,6.300410384236654338e-01,7.362457019439210271e-01,5.367596465872462863e-01,3.890140268065463425e-01,4.762159625970396881e-01,9.285316551732740731e-01,9.690372239697782053e-01,5.943375022671246732e-01,6.731485714514422458e-01,9.107357936872809701e-01,7.822975331262627119e-01,8.725133096262835952e-01,8.414614443471883920e-01,8.556479456430887698e-01,2.993400417880331954e-02,6.029102152533545311e-01,7.285733384214897468e-01,7.829110870093581864e-01,8.628490980232528251e-01,8.914932341395700455e-01,6.122821426362460295e-01,9.632096344053578951e-01,6.515802355110195121e-01,4.744164827828918907e-01,8.610993188005234833e-01,8.823071361744574403e-01,2.081559805912485683e-01,-5.781109477709578393e-02,7.558252042365907197e-01,9.874079878004939914e-01,8.737394642583110604e-01,9.737031843145858012e-01,8.103601583656934171e-01,6.534865502386869585e-01,7.590252928502834173e-01,6.107600512562320061e-01,5.929232508051178741e-01,6.301709196680773672e-01,7.439032866130733668e-01,2.447710675342850417e-01,2.307502393657291095e-01,5.916453512764303646e-01,6.727331049570032251e-01,8.047983489988201899e-01,6.573743906429285744e-01,2.809925656719896025e-01,2.484334698803286889e-01,3.066663371406344596e-01,5.241220168445723804e-01,6.275944090476723858e-01,2.878226643650706462e-01,7.209249508732232803e-01
