0.000000000000000000e+00,7.658291746397559718e-01,6.886278948630757402e-01,8.439913945774130122e-01,9.120899659251181513e-01,8.694757625897576725e-01,9.976978733125603238e-01,5.723777587523228849e-01,6.122195110739168111e-01,9.655058262963520654e-01,6.519881398247895365e-01,9.401996877270357711e-01,7.831825781039571943e-01,6.918161642993820859e-01,7.228536986195548408e-01,7.514376380368652519e-01,7.235976880788378418e-01,5.181396535174528362e-01,8.027384766511258540e-01,8.179457339961773155e-01,6.566841377659127232e-01,7.299712650464798003e-01,6.570737304208709162e-01,8.929237407743684241e-01,9.337884663560863663e-01,9.526500334181913221e-01,6.634227910966405961e-01,7.420980801190498743e-01,6.021773556154473850e-01,9.262351883609039049e-01,1.197974411617027252e-01,8.388643331675899040e-01,9.121591044537686876e-01,6.616686125416102460e-01,7.726199033059065746e-01,2.877372334136952814e-01,4.616228486552633736e-01,8.302035916141495830e-01,9.911322569418514750e-01,9.186526109837018783e-01,6.209873937746557271e-01,3.558814852885011093e-01,6.872021346323204938e-01,9.976640353340171519e-01,8.499324469168870744e-01,9.038561751970876079e-01,7.474684004203711041e-01,4.281272652245222687e-01,7.706593113235210568e-01,7.712982824665353121e-01,8.494967638574636437e-01,8.738358942746621283e-01,4.803110828814234345e-01,5.532080913324136651e-01,8.932369423721001622e-01,9.332861145703438277e-01,4.730262743608341647e-01,6.613029197075301902e-01,9.578507180083133399e-01,6.291502576650097600e-01,6.454461373854297745e-01,6.594286872664021359e-01,8.837216998298579318e-01,8.084435041738559091e-01,9.746953870943088072e-01,8.324351044386092413e-01,8.043805121631283361e-01,6.696353701865573882e-01,7.179992286873380092e-01,6.951160251626484765e-01,3.090008279279984338e-01,6.661294952635850031e-01,5.321311581703843663e-01,-1.978060410592180907e-01,9.870265527146387941e-01,7.485330360662351135e-01,8.426508704325860188e-01,8.417800361486196259e-01,7.651664528550181643e-01,4.548129658100226180e-01,8.748039771498316020e-01,6.953262924790650779e-01,8.616073586025817521e-01,-3.349268531201228249e-01,8.131457329191120742e-01
7.658291746397559718e-01,0.000000000000000000e+00,5.315670088942049398e-01,5.430693328531948083e-01,2.716470371705878017e-01,4.490394484338252612e-01,5.877150831508577422e-01,2.235923277826627475e-01,5.944328401763284697e-01,8.930122136528829691e-01,8.478794141943080120e-01,7.756461232095461789e-01,6.882002980373257417e-01,6.525763456134701102e-01,8.461676185728054245e-01,7.486778022955880019e-01,9.629057837817738275e-01,2.875037080672672163e-01,9.650439980973198884e-01,4.226811252125172724e-01,6.289126514037209903e-01,9.752791363408971348e-01,7.400849248745550168e-01,6.973630581823165864e-01,5.986466217601718043e-01,9.784946389110682485e-01,9.094649850154770121e-01,3.086982413732142216e-01,3.394982997585913598e-01,5.901941337236094043e-01,1.702428938809435743e-01,4.950075746457234249e-01,5.027228823016745007e-01,6.673196553983922197e-01,3.603081370619732118e-03,2.713536530202748098e-01,5.273342539404850537e-01,5.277773073065987752e-01,9.180402542040285718e-01,8.188569440324002802e-01,4.820771301088493943e-01,7.994955603377917885e-01,7.223860025175004029e-01,7.432250714560315608e-01,3.383913913037417398e-01,9.791378223014729487e-01,7.985415347927335983e-01,2.593773956152921056e-01,2.521508101402176738e-01,6.315219826864334474e-01,6.054615658251725208e-01,4.602670683778031790e-01,9.045656881100287983e-01,6.540358847127611952e-01,6.965794512732573773e-01,8.791066213658059736e-01,4.078873161624032573e-01,8.248059851954642197e-01,8.539199287939187588e-01,7.160520715453103646e-01,4.542810475091194067e-01,4.362737714550146695e-01,4.733500165542932625e-01,5.850105481690517362e-01,9.007152275425349686e-01,2.906390955652154995e-01,6.390029452019452272e-01,8.194549512567933514e-01,7.891172470249521176e-01,9.781409305185018166e-01,7.891022885670433418e-01,5.740970977084781657e-01,6.190595665660649782e-01,4.581908650507808822e-01,6.929740689561950662e-01,6.372472348237896433e-01,9.166311151378689903e-01,7.457589538536932849e-01,2.417110515658136560e-01,4.385745458660889051e-01,3.714942916286820829e-01,7.390454169846705224e-01,5.969294908296238766e-01,4.508503572924544844e-01,-6.607566228851910473e-02
6.886278948630757402e-01,5.315670088942049398e-01,0.000000000000000000e+00,6.272278312020242996e-01,7.098912073676594270e-01,8.678596107799083637e-01,5.920088288335720872e-01,8.827826496122423983e-01,4.853362881867067657e-01,8.586481548835800393e-01,5.518973189029018345e-01,6.933071755594863994e-01,8.037197915260602121e-01,8.808231321811405001e-01,8.393468432236752541e-01,6.399876113027487268e-01,9.541148640620231713e-01,6.167971364840950654e-01,9.949710625517798057e-01,6.184823721389052231e-01,7.017031261241276630e-01,8.425405119247973973e-01,3.717890281432709165e-01,8.154362327654461895e-01,9.312144967237651061e-01,9.454980442911713467e-01,9.864619046423770410e-01,7.366066258464334382e-01,6.540972817993336852e-01,4.988665389962061991e-01,2.806267030253832839e-01,9.669386228206164891e-01,8.525851673623949800e-01,6.097980877246930165e-01,7.068817681710679590e-01,4.367885852816744130e-01,4.134854306618030995e-01,9.473164183025042373e-01,9.753702575952115650e-01,6.503816789699555789e-01,5.521155027458346520e-01,9.784863080296797300e-01,9.871748816056424847e-01,8.741552046988874114e-01,5.183107192701440491e-01,8.747123515767524227e-01,8.098213297830354485e-01,8.157532027818520382e-01,9.918782735467847056e-01,2.037158884463610709e-01,9.279532850497809182e-01,7.196353220627120795e-01,9.824267290700872124e-01,9.821567090012810475e-01,9.589286933082322717e-01,7.907244288336139348e-01,8.806899318268754939e-01,7.242241422629360770e-01,9.433728161517376254e-01,3.720034471172530832e-01,7.878197104757421743e-01,9.546314368869678324e-01,8.199751080812147652e-01,8.909797627489272065e-01,9.858920632715878485e-01,7.528575093457066103e-01,4.077041210349226508e-01,7.482712621649089124e-01,7.484250129231705406e-01,9.971735489747908243e-01,9.289767880389072641e-01,7.304140518361986745e-01,2.524328728728670868e-01,2.589158859600815266e-01,8.204420694872520681e-01,9.158840958833853740e-01,8.046684006603928019e-01,8.491986042337308360e-01,6.385511297955900334e-01,3.078776047405437644e-01,8.022784961702642548e-01,9.053314514128373292e-01,8.171653212005265399e-01,3.736013826340455202e-01,8.304866144038500764e-01
8.439913945774130122e-01,5.430693328531948083e-01,6.272278312020242996e-01,0.000000000000000000e+00,6.732013642144751842e-01,6.614210161668310217e-01,5.111557040846983480e-01,3.122608507989815818e-01,7.805799288875192588e-01,9.920125218788036214e-01,2.632145753035914360e-01,4.943046185604771554e-03,5.685262624519580310e-01,8.790323367594927717e-01,6.277378182743079682e-01,6.687460093518570181e-01,6.900766847151491579e-01,8.893442231591746072e-01,7.445617552788341698e-01,8.919949051143173380e-01,5.208928137983660500e-01,7.763763981900441147e-01,7.945941756786721877e-01,8.065300176400367338e-01,3.812632401944037741e-01,6.959011889956118191e-01,7.700394050214797170e-01,7.957889105303507238e-01,5.261582123285115653e-01,6.747822209396158177e-01,5.883273657231105069e-01,7.545537613839423674e-01,7.614751063584292989e-01,6.284511614382715106e-01,8.776202645617859899e-01,5.261093640428959883e-01,7.776986849006158886e-01,5.327836776587171475e-01,7.387690958528843055e-01,9.204824296087228408e-01,4.199639650081831710e-01,9.553293182423792107e-01,6.709206653914802088e-01,8.526903287729885594e-01,7.700838753871376285e-01,4.929436004723889431e-01,4.647335112658882994e-01,9.201956568213528476e-01,6.792629139596568777e-01,7.545766908106266158e-01,9.761384680557475546e-01,4.529921398870600524e-01,4.090902845650364328e-01,5.115721567093516331e-01,4.853714253976716408e-01,6.309568382588676139e-01,3.412349599038868586e-01,6.933699738614913510e-01,6.655557091140243964e-01,7.329224235701001788e-01,4.568577786285772380e-01,7.186808969790324797e-01,7.638405437875812609e-01,6.410216369072294640e-01,7.124494101954037539e-01,6.098376296627802118e-01,7.757172002255261489e-01,8.128736500367498286e-01,8.045182253370902759e-01,6.670494620859431789e-01,8.516778636003502490e-01,7.282922157821783982e-01,1.421622446550862839e-01,3.115873216366152332e-01,2.020073912196473365e-01,2.921771569462827678e-01,8.541317485940287391e-01,5.013844292344543652e-01,5.396015724511802336e-01,4.811015526337368842e-01,5.752354072992402756e-01,6.150058688476262025e-01,7.588418466459355693e-01,5.794401351917644050e-01,6.206590372332787542e-01
9.120899659251181513e-01,2.716470371705878017e-01,7.098912073676594270e-01,6.732013642144751842e-01,0.000000000000000000e+00,9.001161245186405369e-01,7.746731098464773035e-01,2.823557397021485560e-01,6.160795087574465478e-01,6.998568526847354088e-01,8.861448427923903637e-01,8.098073217596575279e-01,6.165299450410621773e-01,9.356333535838825544e-01,8.748284419612477603e-01,9.149578664336570633e-01,6.315403246514167401e-01,8.737813567506123036e-01,4.837934774438855112e-01,6.352277594055761867e-01,7.094499604864932252e-01,7.415764544872799346e-01,9.531586818990989141e-01,7.464725418301251247e-01,1.380869557184852270e-01,2.734238025780946213e-01,5.975373865781496985e-01,7.859585796980121941e-01,3.261531844680697345e-01,4.399826578407270428e-01,5.953069812000894023e-01,7.221681253516465393e-01,2.646922978795580583e-01,9.895701977644999481e-01,9.147079976500981369e-01,2.435764631028085880e-01,2.336113171533100163e-01,-2.849888864552654888e-02,8.079608590214963915e-01,5.052705294250381396e-01,6.097917735309708043e-01,9.184448073748440189e-01,4.814596810740757737e-01,-1.013135651877514198e-02,8.806680946000440269e-01,5.183934141082231495e-01,9.161338778164043184e-01,7.980917390298823966e-01,5.602585456581093970e-01,8.527656944875698919e-01,9.563591048486299595e-01,8.491228227578309085e-01,9.363064145359949464e-01,9.704395423310119284e-01,3.177256165225501028e-01,8.929881807416282236e-01,3.710389172122309231e-01,6.484674173617180903e-01,6.505324482605304715e-01,6.225286397466015531e-01,1.697793106144559194e-01,4.088442203426447819e-01,6.663372554386922664e-01,8.529248055945140017e-01,8.938707177301302709e-01,7.890306682742755928e-01,9.064741198973697012e-01,5.169489042527950495e-01,9.634514782902615648e-01,5.061878954409886333e-01,8.988574823715610451e-01,8.705033722201376278e-01,2.742040713633512872e-01,2.720073470061940002e-01,9.061355290392294481e-01,6.724402724015399180e-01,9.138880587736294414e-01,7.758549832244185929e-01,5.851968408046095416e-01,5.468379492253716556e-02,7.170480201141640197e-01,8.222485092739238999e-01,9.543645848128343712e-01,7.708616781474241231e-01,-2.253625125746857583e-01
8.694757625897576725e-01,4.490394484338252612e-01,8.678596107799083637e-01,6.614210161668310217e-01,9.001161245186405369e-01,0.000000000000000000e+00,2.819730202562579779e-01,9.388282021451123116e-01,2.491050435607573277e-01,7.719347916800733955e-01,9.391247426943912791e-01,5.447820611625444620e-01,5.701350813946544083e-01,1.207141171172844696e-01,6.056749245809018856e-01,6.261985263760215803e-01,3.941517735939739087e-01,2.675831571634212369e-01,7.718965154978617571e-01,2.940351451546632244e-01,7.373325332614881766e-01,1.195687095239178072e-01,5.576018418156334366e-01,7.903523970558195000e-01,7.064902379229305307e-01,9.428398335073726599e-01,5.794086362517444355e-01,6.199706944344911541e-01,6.356292456100645083e-01,1.207520812429930812e-01,4.239940360783013840e-01,7.360959922739185313e-01,8.634527551761271846e-01,7.542016486728069236e-01,8.944081846283149506e-01,5.180642064903592248e-01,2.806599300210255166e-01,6.125525232736930281e-01,6.435000816632976406e-01,7.400557342693105944e-01,6.521002176874700629e-01,9.404069276050414095e-01,9.125522116760426128e-01,4.999316201968307949e-01,9.663219180637119265e-01,6.598187182344145141e-01,6.179361044894389199e-01,4.130543355015318108e-01,5.687015171460394480e-01,6.776488812232357439e-01,7.700324413157827452e-01,9.259918638450606032e-01,3.021164169580838887e-01,8.534911952222224985e-01,5.314635980372719448e-01,8.776535018894126017e-01,4.165248775400260950e-01,9.765395613484122439e-01,2.458058951672354442e-01,1.485911635514126083e-01,2.241147424232912688e-01,-6.159867696796184067e-02,8.130024320603137511e-01,9.596645867201427649e-01,9.965777912941735650e-01,2.926006318280861551e-01,1.380565403876130859e-01,9.394545702723291480e-01,2.445328816222014541e-03,1.965591703680375502e-01,6.324683473052021832e-01,6.096884330077612102e-01,6.095538944640320755e-01,4.187216444697101081e-01,9.806646074880921438e-01,7.086027929099888434e-01,8.007160748456182420e-01,6.385282668612257684e-01,4.230361572986353624e-01,2.887283784741802584e-01,6.423876936718103670e-01,6.328523701225348130e-01,7.434188110829635932e-01,5.438471265959723411e-01,7.860998600150598259e-01
9.976978733125603238e-01,5.877150831508577422e-01,5.920088288335720872e-01,5.111557040846983480e-01,7.746731098464773035e-01,2.819730202562579779e-01,0.000000000000000000e+00,7.599571681214949415e-01,4.284872732596677336e-01,7.278982982226323006e-01,7.503899310152130075e-01,4.216307018023015551e-01,7.662893809581957649e-01,8.852483157251900270e-01,4.251068070203565252e-01,5.900426903349520469e-01,6.801381259910209698e-01,7.551534760378064703e-01,5.107525092455051929e-01,8.136882952419476345e-01,8.470766845049638727e-01,3.163798430063945455e-01,1.405794165219291236e-01,7.088022584485699218e-01,7.539784498082049424e-01,6.832672901091773054e-01,6.068247507995985224e-01,2.454255320350941239e-01,5.468894497551989309e-01,2.032296356082164412e-01,7.648157195566587241e-01,2.390030502322591510e-01,6.567184666318492958e-01,6.050431026816164293e-01,4.206139425443814472e-01,3.873548533389598592e-01,4.123610242774349843e-01,7.319594299000389270e-01,9.790935962432303352e-01,4.097346305066512095e-01,3.381946637077543061e-01,4.116616936969522689e-01,3.779777030161730611e-01,5.407622471825722643e-01,9.925953491909997872e-01,8.537549232613942385e-01,9.902399844041028798e-01,3.704094307134460085e-01,6.703231863446817984e-01,3.976990638126787214e-01,5.691129516607730254e-01,4.351089449685998645e-01,4.452166054423060682e-01,7.166949702478776496e-01,6.180987727853071156e-01,6.206333865261678406e-01,6.218373035049004072e-01,3.304896225767590678e-01,7.998534003154051941e-01,1.649402342890233727e-02,3.645224477471740165e-01,4.674168133595104080e-01,5.252012766889474493e-01,9.659267916044992353e-01,8.836612894630422321e-01,6.303773317901071316e-01,5.358083419040016171e-01,8.061667608208397118e-01,9.579634618649555122e-01,4.144028135190579998e-01,6.028698172357185303e-01,8.518041766505968226e-01,6.640148375965730931e-01,4.104558874852497485e-01,4.563465689035919315e-01,7.083802502328069572e-02,8.033663753590973844e-01,6.731317537954276675e-01,3.230289504768482645e-01,3.753718452000931460e-01,3.123462602456625881e-01,9.827891710879583798e-01,6.433711407948454752e-01,8.050942825488871524e-01,8.938618134884521726e-01
5.723777587523228849e-01,2.235923277826627475e-01,8.827826496122423983e-01,3.122608507989815818e-01,2.823557397021485560e-01,9.388282021451123116e-01,7.599571681214949415e-01,0.000000000000000000e+00,8.085525071215786674e-01,4.603384502634084718e-01,4.441531910750281531e-01,8.751177258257425429e-01,8.353802700808523607e-01,7.075026485493005612e-01,5.268502149560796433e-01,5.301123968342321691e-01,7.406820782727621122e-01,9.843346178271872304e-01,6.760789462529470661e-01,8.511238272143227812e-01,6.848225243350347657e-01,6.644615572424688033e-01,5.538043255686397881e-01,8.864819546862829913e-01,5.491011635802829360e-01,7.692263991483780927e-01,7.139483440587848229e-01,7.867233553216509412e-01,5.705892150747725600e-01,5.839949094379597305e-01,1.220337425576572266e-01,6.272377237906558989e-01,9.163298363904477384e-01,7.751425799911109138e-01,8.163686967580602305e-01,5.081880257475932527e-01,5.675962667366184489e-01,6.645431834134669646e-01,9.813062412769875120e-01,6.284582463966842392e-01,4.982554695928649302e-01,8.196174178272895572e-02,4.157320839119032496e-01,7.824862335491414855e-01,7.638868985468010298e-01,7.605648654637275907e-01,8.929752160874659950e-01,5.561348975214934764e-01,6.327873298721510276e-01,3.350663410703585976e-01,7.589705654605933827e-01,5.254150393897589755e-01,8.785934034195128639e-01,7.402502790281416667e-01,8.999802001616845626e-01,6.300745578307018757e-01,4.920757101431270097e-01,4.800683235901904711e-01,6.978182525088287846e-01,7.887683889216844380e-01,8.930667725711687321e-01,3.453931628277243648e-01,6.889132237432430417e-01,8.263068570181472117e-01,7.531016983508234119e-01,8.991758093711084143e-01,6.612605467815373395e-01,8.375909758593322874e-01,4.301110427920354917e-01,7.878571120719602972e-01,8.315921076830159464e-01,7.673372734712168297e-01,4.258554679520465958e-01,3.366117561961085580e-01,2.402018040220015305e-01,8.370674202621755100e-01,4.555279841869416257e-01,6.429024188457275191e-01,5.831329184222510120e-01,4.837374898362020725e-01,4.161176768256941161e-01,9.411356224621572064e-01,9.964628273796019009e-01,5.079800238435857596e-01,4.647763753672575215e-01
6.122195110739168111e-01,5.944328401763284697e-01,4.853362881867067657e-01,7.805799288875192588e-01,6.160795087574465478e-01,2.491050435607573277e-01,4.284872732596677336e-01,8.085525071215786674e-01,0.000000000000000000e+00,6.401141926545949046e-01,1.087714055641567923e-01,9.826950023520297783e-01,8.579620122314850494e-01,6.715849540951048802e-01,3.989856197207574118e-01,1.436410620228087409e-01,7.484953378895985443e-01,5.351859703256969247e-01,5.865327402770398324e-01,8.273583057362620119e-01,9.458633643259477530e-01,9.060394084238403423e-01,4.002362335637429380e-01,8.716232401626622384e-01,5.387065789792928605e-01,8.526263112058865001e-01,6.546689823076214942e-01,9.265996413462452841e-01,9.433158100165850435e-01,2.271931898945569461e-01,2.975619643935532160e-02,9.313805907394737682e-01,5.418389899656526065e-01,4.921137757016514902e-01,7.235430019124455825e-01,7.852634804519137424e-01,2.257458546918137132e-01,8.222302158084424661e-01,8.017915285803252079e-01,5.078741948296591202e-01,2.216088952954315683e-01,8.186266056882687270e-01,8.321467978769558904e-01,8.621314046351181704e-01,5.891095346104935349e-01,9.859117467779825450e-01,6.651428650358389705e-01,5.246295689335596091e-01,6.154355494249639236e-01,4.563400771389924393e-01,7.046344231186412177e-01,9.548130782544813622e-01,5.892595618476126687e-03,7.417947750522738692e-01,8.681210184636072302e-01,7.710013696162988373e-01,7.133586889160652422e-01,8.547100981789805818e-01,9.036889743489852078e-01,3.513505656215619721e-01,5.023618918531671529e-01,9.098411795980466676e-01,9.339578216765701546e-01,8.394583872341101483e-01,8.936734685052353244e-01,9.209737385872496240e-01,5.444399882252468625e-01,9.194194975429434979e-01,8.062316573302490408e-01,7.526477114800463886e-01,9.992726150726016776e-01,3.369617880248551023e-01,5.293016046357243987e-01,4.218567522913834744e-01,6.394220860139259166e-01,5.624411222831537938e-01,9.494535949617513015e-01,6.998332387438944702e-01,6.708284180228833993e-01,2.044441316459983393e-01,6.442090622097378372e-01,-1.850495628462571762e-01,8.831960661472056939e-01,7.049404375391771227e-01,5.884125831292058573e-01
9.655058262963520654e-01,8.930122136528829691e-01,8.586481548835800393e-01,9.920125218788036214e-01,6.998568526847354088e-01,7.719347916800733955e-01,7.278982982226323006e-01,4.603384502634084718e-01,6.401141926545949046e-01,0.000000000000000000e+00,6.352815413862901162e-01,8.478527350102618154e-01,6.296606457139183322e-01,8.112087372766173532e-01,4.412576540423738813e-01,4.680704172123070772e-01,9.340354287934062860e-01,5.816233735846059183e-01,9.846722579717688273e-01,8.539663870724205630e-01,8.093179924921567459e-01,9.300706500751455552e-01,9.425192196051894733e-01,9.035312816287432991e-01,4.295877400793747247e-01,7.123410496600861563e-01,6.620159773371843137e-01,6.536694691297120219e-01,7.734241965057346846e-01,4.492554165863086868e-01,2.630753563115000859e-01,7.833047135928394855e-01,6.952056875823583448e-01,8.597572156091626283e-01,4.202677527437990723e-01,2.182587162038585049e-01,2.831807067295867286e-01,9.655369276610598073e-01,9.553781852666904939e-01,7.496232955537999176e-01,6.234717882023628199e-01,6.587807682725699276e-01,4.860863147762453651e-01,8.585886148574166654e-01,4.859630272127954398e-01,6.497477722831750402e-01,3.255425663598294772e-01,9.998582007611354072e-01,6.852375555369726312e-01,5.792369578842389011e-01,9.844177533613429620e-01,1.424580121130919197e-01,8.264609083051088767e-01,6.931336992464709468e-01,5.940356652634646295e-01,7.501549499592438108e-01,9.876440881179953113e-01,7.833218099025287540e-01,6.822748518704609966e-01,4.583669151245864382e-01,4.206241466835871634e-01,6.135811917499002233e-01,9.919389378545497848e-01,7.595978462216090854e-01,2.437908418013488149e-02,5.287687631174099456e-01,5.150459136039687857e-01,6.032652528036920314e-01,7.109237297627932772e-01,6.709932971441243676e-01,4.202569227235995464e-01,8.179188050774378604e-01,6.904517735137749579e-01,3.006589605237792173e-01,8.551158383423636267e-02,7.971574227202028462e-01,5.901624381184125134e-01,7.685946184330936237e-01,7.382889826327434513e-01,5.727837868777521102e-01,6.554123799407194362e-01,6.246080495834411828e-01,9.093966988868231738e-01,4.194503549390370400e-01,6.887514581411579018e-01
6.519881398247895365e-01,8.478794141943080120e-01,5.518973189029018345e-01,2.632145753035914360e-01,8.861448427923903637e-01,9.391247426943912791e-01,7.503899310152130075e-01,4.441531910750281531e-01,1.087714055641567923e-01,6.352815413862901162e-01,0.000000000000000000e+00,5.157041855252100238e-01,7.547260177471730724e-01,5.194601087714026955e-01,5.550364388984336816e-01,7.085215875376398298e-01,8.096336676313993230e-01,2.230783033953607775e-01,8.832576758554910867e-01,9.337623343478687055e-01,8.606416069481321873e-01,7.403059934827311839e-01,7.142429314141476304e-01,8.669067144603371800e-01,8.881822687561151675e-01,6.507127946106318062e-01,9.906883450717638429e-01,7.413786270507130016e-01,3.676375043584654279e-01,4.398646327515945420e-01,2.380015459923979226e-01,5.190277320535267025e-01,4.750846236435947723e-01,7.710052360357324552e-01,7.408629118927133606e-01,5.591055031436146239e-01,7.447252727458618660e-01,6.111323381159765589e-01,8.142398297096485882e-01,6.356648263543887012e-01,7.839089288411026368e-01,6.029419828927469194e-01,-1.509201678899775023e-01,4.565597747451175525e-01,5.116853145107362888e-01,7.232277721071216359e-01,4.359400840103719310e-01,6.210571792301942118e-01,4.809719294490030772e-01,4.165762003287732940e-01,4.047687026764894558e-01,8.692910789631234092e-01,9.393578397999156060e-01,4.578544665971758243e-01,9.298091268977560775e-01,9.850064265451343726e-01,9.831160345569099901e-01,7.406222409610114799e-01,8.288651430148509247e-01,2.410238007470858201e-01,5.387393202233251577e-01,5.777911287179137156e-01,3.986752798373814910e-01,8.254666220913532415e-01,9.275679340130622563e-01,6.695626934182128398e-01,6.499784501257228619e-01,9.736359799423462968e-01,2.347864235599051719e-01,6.077341409608967293e-01,9.570668224043670236e-01,5.166015401470779311e-01,6.308315985808653492e-01,5.937918599291679422e-01,6.892478989706295467e-01,4.168484900210375210e-01,8.293671534738746853e-01,5.448439957405544209e-01,-1.226940357488727207e-01,5.285316096887766601e-01,5.871740041610192806e-01,6.969346007114247676e-01,1.818703880807385764e-01,5.352620345439869087e-01,2.595893613748938566e-01
9.401996877270357711e-01,7.756461232095461789e-01,6.933071755594863994e-01,4.943046185604771554e-03,8.098073217596575279e-01,5.447820611625444620e-01,4.216307018023015551e-01,8.751177258257425429e-01,9.826950023520297783e-01,8.478527350102618154e-01,5.157041855252100238e-01,0.000000000000000000e+00,8.906692952499549731e-01,8.253820885315169553e-01,5.770437105388063204e-01,9.833797222011539940e-01,3.303719454016710300e-01,9.933377713653290808e-01,6.400627518097750102e-01,7.230735302244635232e-01,3.136800383482938881e-01,5.350072113093600201e-01,9.657277730125097825e-01,4.381669340459498074e-01,5.979914246697346503e-01,7.598714178885768167e-01,3.166842760797622391e-01,5.419821110099132255e-01,5.825651189153242537e-01,6.345882327175079718e-01,4.785478526452409676e-01,5.938492691008298019e-01,8.711900302547306296e-01,7.213321549305338198e-01,3.959738887098092075e-01,5.307371704590000405e-01,4.746258682979258570e-01,6.596377918360437631e-01,8.097983174801512973e-01,7.814948731405152449e-01,5.284094958721107238e-01,9.128623527287492712e-01,8.154190981611439959e-01,8.637635816605865324e-01,8.506379363440977892e-01,7.644530160680402808e-01,3.642756420632493608e-01,9.696954464670715090e-01,6.986801408212772735e-01,9.013609944441471900e-01,5.946746225828201116e-01,5.347591990976806597e-01,9.112647072099964163e-01,4.505832211600288018e-01,6.573174005295002731e-01,8.219628654041151172e-01,9.692909639334111871e-01,7.811031041794443963e-01,7.304534814275652765e-01,7.521768678802340791e-01,5.530195975764440330e-01,7.460412700157614818e-01,6.030146298953652506e-01,7.948251143225092408e-01,7.651135185829365248e-01,7.846994223879395491e-01,9.162352381561430503e-01,7.593716795802586406e-01,7.343710096017814770e-01,7.129913254085068486e-01,5.511584770072835981e-01,8.864047448364302806e-01,5.605439252970177977e-01,3.682257891269035133e-01,7.475415763108423928e-01,3.594225518729514679e-01,7.174025825624296138e-01,5.244116160954481742e-01,7.384202335846763443e-01,3.882573759140806602e-01,7.194904628609857244e-01,9.600374393090430614e-01,9.249253299430446607e-01,7.032182385590076690e-01,4.928480670009892095e-01
7.831825781039571943e-01,6.882002980373257417e-01,8.037197915260602121e-01,5.685262624519580310e-01,6.165299450410621773e-01,5.701350813946544083e-01,7.662893809581957649e-01,8.353802700808523607e-01,8.579620122314850494e-01,6.296606457139183322e-01,7.547260177471730724e-01,8.906692952499549731e-01,0.000000000000000000e+00,6.964249519402067046e-01,6.774927489340721865e-01,7.243834217244150553e-01,7.200791418379721698e-01,8.178623015616780512e-01,9.290021334493152594e-01,9.770324208999543458e-01,8.679110737704025524e-01,6.562308189294033811e-01,7.995916721901006330e-01,6.628777802541261366e-01,6.817146249340367836e-01,7.202183419081273907e-01,6.611881128158858534e-01,6.085477437312427629e-01,2.289058783154983290e-01,6.883543647459646753e-01,2.946351980311646135e-01,4.688066376810263169e-01,4.105598817845997339e-01,4.446620463042331162e-01,5.199362377976141092e-01,5.820213470896868913e-01,7.765597891700717348e-01,4.772183887106549172e-01,9.899308524376873031e-01,7.647908207633198341e-01,2.953849983606248175e-01,6.825182468718089535e-01,7.901751986297053110e-01,7.150087421087784056e-01,6.360520804816411911e-01,4.053425587980541978e-01,4.451491924789502397e-01,7.775446486418486902e-01,6.982137675016468759e-01,8.133387211078503265e-01,7.777228640920259561e-01,7.678364274118888444e-01,9.861052339534901456e-01,8.348945820237494431e-01,6.091072190660639096e-01,6.482075181151094601e-01,9.349195004628143568e-01,8.141467540752568288e-01,8.552159486669391741e-01,5.341232960055066759e-01,5.657685732756640995e-01,7.052998372685307382e-01,5.570779486871487718e-01,6.283052803482616078e-01,8.082467869857316023e-01,3.232262994249866517e-01,9.535996826965620343e-01,8.655705436972738198e-01,2.079805308818457044e-01,6.508693817305325480e-01,5.711382898995960300e-01,6.020068439563990292e-01,5.088788906490867570e-01,6.971743894571159617e-01,7.695993642951419744e-01,6.702513120484870912e-01,8.526058961530860181e-01,7.695416731883617523e-01,5.335599551993692735e-01,3.433102294291601186e-01,3.272664841006813763e-01,7.689692813532917892e-01,7.919535451155810257e-01,9.586080992276289070e-01,5.723668928923579813e-01
6.918161642993820859e-01,6.525763456134701102e-01,8.808231321811405001e-01,8.790323367594927717e-01,9.356333535838825544e-01,1.207141171172844696e-01,8.852483157251900270e-01,7.075026485493005612e-01,6.715849540951048802e-01,8.112087372766173532e-01,5.194601087714026955e-01,8.253820885315169553e-01,6.964249519402067046e-01,0.000000000000000000e+00,4.993858537643067891e-02,8.717591607438580636e-01,5.655268774455076697e-01,9.710938832583467795e-01,4.652746879751682441e-01,1.598347655483857988e-01,3.415014178056932082e-01,6.526086762250721263e-01,7.189136619348173163e-01,6.508838992706418303e-01,2.671739580128436597e-01,9.852800600493863969e-01,8.578813604137216497e-01,9.317531467137802892e-01,7.212620162670237978e-01,6.349836555900280066e-01,8.907280045924067524e-01,6.135218104913262582e-01,7.920563540020426618e-01,4.515514174772729539e-01,5.593446521029329377e-01,2.112465293548802803e-01,4.234523649008857804e-01,4.447263007737013996e-01,4.685268951635973567e-01,6.008206987086882611e-01,4.465789366291041396e-01,9.217490466664929327e-01,6.860499205465043771e-01,7.727024503216849416e-01,8.947885791307559344e-01,2.479463632281706520e-01,7.399677682084089270e-01,9.952982861006807180e-01,8.546750546563879336e-01,5.946049593508373476e-01,7.984445056477514902e-01,7.205813891993599896e-01,7.917286061495059091e-01,1.443588679784860718e-01,6.536583880191453311e-01,6.485068805133225034e-01,7.762472340200512466e-01,6.976412762225159270e-02,4.892498124201932197e-01,6.795039946755581095e-01,6.750747273780325353e-01,3.626817384398773880e-01,6.978773660944437296e-01,8.300555866746773814e-01,4.907917235044453319e-01,5.352798357661634476e-01,8.856051859656959291e-01,7.031464678563268400e-01,6.663807326372410689e-01,4.660400243912685148e-01,7.875095434126653249e-01,3.955853128365316440e-01,5.357612063284444837e-01,8.185073108033669165e-02,9.688567335381632617e-01,3.058867077787886801e-01,9.096337073973139731e-01,6.009557081678765789e-01,6.358078111829343904e-01,9.487523968912799088e-02,6.220667838972232522e-01,6.789478094089078652e-01,5.517859624779968275e-01,5.379940807437583183e-01,7.058914674518906862e-01
7.228536986195548408e-01,8.461676185728054245e-01,8.393468432236752541e-01,6.277378182743079682e-01,8.748284419612477603e-01,6.056749245809018856e-01,4.251068070203565252e-01,5.268502149560796433e-01,3.989856197207574118e-01,4.412576540423738813e-01,5.550364388984336816e-01,5.770437105388063204e-01,6.774927489340721865e-01,4.993858537643067891e-02,0.000000000000000000e+00,8.424443867901786343e-01,9.654555933778111720e-01,5.354272468978982236e-01,7.308803523427351845e-01,9.072962238751419717e-01,9.102586893898777509e-01,6.148725670790161635e-01,6.629442548806937507e-01,8.696285634487890270e-01,4.314782463985335492e-01,6.131577177419439417e-01,9.037131323337559419e-01,6.534398029666750318e-01,7.318328626273182813e-01,4.436070208408528504e-01,5.411133792359331673e-01,8.834685379465782029e-01,4.700436855389724666e-01,7.045562521468966555e-01,6.517309801642874323e-01,6.857778604782737153e-01,3.191353903594492669e-01,6.719129346142390657e-01,7.119163167447072338e-01,9.820424521836464971e-01,7.895939345660366593e-01,9.848433375532490430e-01,6.547639619428553548e-01,7.841618783263967218e-01,5.030709289095269821e-01,3.964402107003531794e-01,6.187005605797964991e-01,3.645819983156223243e-01,7.414795890514647159e-01,2.115602981751934508e-01,4.381747926014140093e-01,9.520101625298398318e-01,7.355355605887723414e-01,4.013419195374455795e-01,5.967392045076569396e-01,8.849170254058041918e-01,2.092582929567988193e-01,5.915385776193378131e-01,1.570790714837813351e-01,1.938708762788449169e-01,6.630892731366122561e-01,5.558626668988583264e-01,5.364114924243115201e-01,8.714044776915079726e-01,8.309558026937127195e-01,4.792480960093592479e-01,4.075649306531240468e-01,9.382736089604933882e-01,7.021924283247300558e-01,6.029546678698287643e-01,6.213323329713219545e-01,5.647457488674205717e-01,3.147556054374729406e-01,6.897752744916559875e-01,2.917951512863308228e-01,8.480893587114030074e-01,8.245116565100102379e-01,7.163060147678704803e-01,4.944698323297615494e-01,7.521101444665899693e-01,9.761928610175845122e-01,8.094678344327571606e-01,8.093543699486132059e-01,5.806619651436034646e-01,5.251378462886144849e-01
7.514376380368652519e-01,7.486778022955880019e-01,6.399876113027487268e-01,6.687460093518570181e-01,9.149578664336570633e-01,6.261985263760215803e-01,5.900426903349520469e-01,5.301123968342321691e-01,1.436410620228087409e-01,4.680704172123070772e-01,7.085215875376398298e-01,9.833797222011539940e-01,7.243834217244150553e-01,8.717591607438580636e-01,8.424443867901786343e-01,0.000000000000000000e+00,6.802837939338729489e-01,5.768790140846457026e-01,8.857057773722755156e-01,7.461930143174690944e-01,6.567501841293996723e-01,6.918202723963275957e-01,6.862553612317646712e-01,7.772682613601739066e-01,3.361438589950425104e-01,7.938680016378729665e-01,9.609514094258125860e-01,6.766976194522558163e-01,3.284689888127788615e-01,8.102049582762438362e-02,7.432087735446046839e-02,5.483036384811234010e-01,6.352999624459181316e-01,7.884218864900898183e-01,6.441354393868368167e-01,7.982351332623026652e-01,1.649516783589781987e-01,7.272336853400240830e-01,7.198235584189519587e-01,6.268783805383185692e-01,6.575255262389545496e-01,7.365435635810354542e-01,6.588724626236188708e-01,7.609570810266291785e-01,3.137738895454085242e-01,9.132746512840845821e-01,6.464611025726100246e-01,6.411730567578008966e-01,6.387837504127797938e-01,5.968329614726426424e-01,7.636142186918665198e-01,1.753874156501407933e-01,8.865969252461928241e-01,7.373887510719931981e-01,8.961679272596108081e-01,5.515209732180680335e-01,6.568740169908602322e-01,6.043481961649663781e-01,6.104331226649598596e-01,5.632271169110873998e-01,2.044567702038572743e-01,6.823146209260294581e-01,6.483320771591993825e-01,9.844719985852763422e-01,7.370606448023837576e-01,8.303990228767964554e-01,8.168667984519263348e-01,8.520228583441091796e-01,4.443309380522514895e-01,8.087501094713176464e-01,4.398747628947887733e-01,4.545176091026607579e-01,3.968718310703608365e-01,9.829328715530134541e-01,7.088472926561751875e-01,9.695889345116934788e-01,9.680450278145702470e-01,6.700679347063751568e-01,6.932975503216463053e-01,2.979061398737391508e-01,6.792101718122848242e-01,9.775410362163885480e-01,6.974724505887808235e-01,2.057016996084767291e-01,8.995116367201194674e-01
7.235976880788378418e-01,9.629057837817738275e-01,9.541148640620231713e-01,6.900766847151491579e-01,6.315403246514167401e-01,3.941517735939739087e-01,6.801381259910209698e-01,7.406820782727621122e-01,7.484953378895985443e-01,9.340354287934062860e-01,8.096336676313993230e-01,3.303719454016710300e-01,7.200791418379721698e-01,5.655268774455076697e-01,9.654555933778111720e-01,6.802837939338729489e-01,0.000000000000000000e+00,8.490526240429109306e-01,6.919573571300038362e-01,5.697874187029410287e-01,8.105574943985953684e-01,7.668303518686552245e-01,7.970234898419884528e-01,9.913861835434001346e-01,5.153596841338528023e-01,8.871070333051934709e-01,8.711465342410408264e-01,8.002659590976829440e-01,4.240305139649451771e-01,3.351934677615849845e-01,5.574904059299781167e-01,9.096564598622747244e-01,8.932298074750856243e-01,7.819761275728097649e-01,6.415019805830979305e-01,5.606268410675551150e-01,4.164148310234883632e-01,7.192337197910008140e-01,7.661428318775946877e-01,9.896298707221653501e-01,5.209666795070874157e-01,6.126071863819199104e-01,9.311567230317823185e-01,3.285452055730905263e-01,9.378155266163139547e-01,8.586462338685721951e-01,4.024805008905986137e-01,6.217267084403432786e-01,7.935320636362930280e-01,6.086621183293008386e-01,7.482858840857051774e-01,3.653125592137425048e-01,9.531771811762029811e-01,3.751693866938888844e-01,7.313737884716398074e-01,7.818897882941171495e-01,3.635129233039327001e-01,4.586335520533887933e-01,8.638654703128636481e-01,1.752359794283220862e-01,5.432229240073284116e-01,8.409453571677083517e-01,7.709749490378906556e-01,3.792811266435286432e-01,9.807574005319160682e-01,9.038253056369534022e-01,9.160525096475750084e-01,6.289430204128318991e-01,6.303892666140645806e-01,8.615942677617993706e-01,9.112689515222776038e-01,9.328537466500661512e-01,4.901836810167078395e-01,4.053785636674579473e-01,5.926964056666048641e-01,8.433421894924614248e-01,4.282645652504686873e-01,3.218909945531126526e-01,5.008217140759738673e-01,5.869304743026073634e-01,8.493958700783034166e-01,8.973238792036017930e-01,8.084810541056310917e-01,3.451669720479078052e-01,6.800360988903513260e-01
5.181396535174528362e-01,2.875037080672672163e-01,6.167971364840950654e-01,8.893442231591746072e-01,8.737813567506123036e-01,2.675831571634212369e-01,7.551534760378064703e-01,9.843346178271872304e-01,5.351859703256969247e-01,5.816233735846059183e-01,2.230783033953607775e-01,9.933377713653290808e-01,8.178623015616780512e-01,9.710938832583467795e-01,5.354272468978982236e-01,5.768790140846457026e-01,8.490526240429109306e-01,0.000000000000000000e+00,4.222781497832089892e-01,9.164312265605106811e-01,9.633650365819436123e-01,9.655727904530376771e-01,7.572395098003419367e-01,9.822382167549144061e-01,2.200319890946313695e-01,6.382691406274186852e-01,9.293396394571190600e-01,4.007521875973245606e-01,5.559304960652121652e-01,5.644162862328997443e-01,5.385690034511370072e-01,9.093831593861456675e-01,9.537285591243056526e-01,7.718730769986563711e-01,5.081011586242155653e-01,4.922534465781698287e-01,5.836239672041330234e-02,4.063915359256137227e-01,6.569218305571651317e-01,3.152128887042923155e-01,7.372669989606379648e-01,6.954828728653402736e-01,8.769322000185562072e-01,8.571228872711137425e-01,9.881678431201579293e-01,9.624998281791884436e-01,4.995100939634015136e-01,4.072272724722663106e-01,7.165520895228935094e-01,7.442788110811733304e-01,8.362884190628915304e-01,8.453387312343121351e-01,6.584405800117861807e-01,6.809182827165711771e-01,7.077865478743571304e-01,8.535048420453583695e-01,7.801546192428976401e-01,9.441938092105404134e-01,9.206272552476717497e-01,6.976370120787668272e-01,8.855828063024181462e-01,6.453264738665751565e-01,7.400581984383174106e-02,9.572142239347626314e-01,9.442294942425586424e-01,-1.796802059197200596e-01,6.327477443275149049e-01,9.688885156322136760e-01,5.407390393742879109e-01,6.786072627307003780e-01,9.235746468535610543e-01,6.639782758484020775e-01,1.942181034128060979e-01,1.445725998155696634e-01,4.775066892443614042e-01,5.214652508309098877e-01,6.795200070465169384e-01,6.697788261158783563e-01,-1.462706475927945948e-01,1.788573760476160901e-01,4.200235168520337625e-01,6.633711072657867414e-01,9.870711718966718173e-01,7.595924214238358729e-01,7.759853466530136634e-01
