0.000000000000000000e+00,6.597035493686224106e-01,7.326680960089020367e-01,9.861301441345238228e-01,5.330550491833163651e-01,8.176431908756559563e-01,7.479762970185144244e-01,7.953323219959916868e-01,7.143659958312820191e-01,9.320660433949325974e-01,9.870901205063582484e-01,7.589072278677106986e-01,7.030233418284468350e-01,9.905530935339286192e-01,8.848743566413636019e-01,8.197098235381263809e-01,7.035625971026833181e-01,7.362850702107310852e-01,8.564908731157792054e-01,9.120148881490839354e-01,9.653575691873035325e-01,7.605710558960943057e-02,9.217351403248781327e-01,9.268699322698029652e-01,4.912697083812873067e-01,8.878267543194438005e-01,8.306527854746944550e-01,9.783882923172768642e-01,9.851754970047315041e-01,2.737316478561066524e-01,6.653004649159577344e-01,6.997625856670917077e-01,-1.557335986501192093e-01,6.758625958893160757e-01,4.642736397982588636e-01,2.939685708686261556e-01,5.071567472216622630e-01,7.330637620215216810e-01,8.355385162638516716e-01,6.528946083431547143e-01,1.891264884389637635e-01,7.469890336769248185e-01,9.692518072727897005e-01,1.061461143914052691e-01,9.687947523876436762e-01,6.012015856218032583e-01,7.247722963530845997e-01,-2.238742858915643286e-02,8.032863402223265892e-01,7.627036097380827107e-01,9.582978426055535071e-01,7.267229130715837648e-01,9.940687912518084701e-01,8.955319643526887807e-01,7.387380092168930323e-01,9.134195152549352548e-01,6.402751918133189335e-01,9.314198484990072746e-01,9.367335229806805774e-01,3.341405702637832986e-01,7.933680244690333172e-01,9.112084059074727627e-01,6.836661248614196440e-01,5.081524209182753937e-01,5.294834794700062908e-01,6.092049789748871236e-01,9.560590112638331917e-01,7.103783589408730892e-01,9.093659115810449611e-01,8.505804544518229537e-01,8.787113834869900719e-01,2.672030971709451475e-01,4.329194774464844020e-01,2.981476865493730699e-01,7.210493486387163919e-01,6.720397390242343061e-01,9.131748521246234596e-01,8.477786185677922692e-02,1.208473851184185266e-01,5.267748537178909007e-01,9.600830146871325299e-01,6.821558851309494909e-01,9.690896223411411547e-01,2.232150918262914285e-01,7.404288799541334232e-01
6.597035493686224106e-01,0.000000000000000000e+00,1.137052261553652688e-01,7.349498504977044488e-01,8.308759292461986856e-01,8.233189927552009291e-01,3.880456209404686829e-01,8.314359742585495372e-01,6.255939670431424071e-01,2.010680406479095350e-01,8.232388849039503631e-01,8.866435484926983301e-01,7.310840324438083737e-01,7.631892705025427048e-01,8.725089349380518167e-01,-1.839140892129052240e-01,6.018362495721826244e-01,7.621168131329071338e-01,9.462916993545481548e-01,8.490103723828659188e-01,7.820883092812580539e-01,3.766950478380965972e-01,9.461166916584929920e-01,6.344553992248170848e-01,7.139330443495022216e-01,9.525842998653503146e-01,8.378166408050620184e-01,6.288016581467160693e-01,8.352349398788656565e-01,6.362983470305052514e-01,-1.213853421496375179e-01,6.786392409865220632e-01,5.547648083636977923e-01,2.145548633531690341e-01,7.937410189084739276e-01,7.117094703410668799e-02,2.015317289040147730e-01,9.652065107632058494e-01,9.003226194846193353e-01,6.309753942487855705e-01,5.475699380962901763e-01,3.633494484200439079e-01,9.205269017775126461e-02,4.580988016889110948e-01,9.535806378879495560e-01,6.325890623398937596e-01,7.993542660359678198e-01,6.662532164960177639e-01,6.002340817791107508e-01,6.386617188274723578e-01,7.031465993029961670e-01,7.624170713643392272e-01,5.378924014549874011e-01,7.568042485354579130e-01,8.635917375369043247e-01,7.353702825999971493e-01,8.370623422889552634e-01,4.653741438217735560e-01,4.937410461843243503e-01,6.097430436570950851e-01,2.870042130666088376e-01,6.692496157934522127e-01,9.895445488144698487e-01,8.515770281854779800e-01,9.647762321557715737e-01,4.575507187319879376e-01,9.902975644143849898e-01,8.890434060720387999e-01,4.386992890489820329e-01,7.266832475700575333e-01,8.052529036603917056e-01,9.521179518984129730e-01,1.181879599879797071e-01,7.858598090335301434e-01,2.202703210824644153e-01,6.427674779704136698e-01,5.906192106077369219e-01,9.169979467302546983e-01,2.024771093932709876e-01,3.396377961207994733e-01,1.342551142887678066e-02,7.777779524315466819e-01,5.855873110931554271e-01,7.731369209144288712e-01,6.036388286060326847e-01
7.326680960089020367e-01,1.137052261553652688e-01,0.000000000000000000e+00,8.343129056012120737e-01,6.778217945312906556e-01,7.626789223369186965e-01,7.181216737719294807e-01,4.033964033555639261e-01,9.994113765901923019e-01,7.362221834855240399e-01,8.416862902820447800e-01,7.585707727253105936e-01,7.458253518486128719e-01,8.301992756051174149e-01,8.766970220597400942e-01,8.886038224909031946e-01,6.742281859438942204e-01,2.912686953530393974e-01,7.126187439630504716e-01,4.795148871970287829e-01,8.658915491808085729e-01,7.605351311487004162e-01,6.786532957176598657e-01,9.372857131570031530e-01,9.630390030035873572e-01,8.549450114076154739e-01,5.361157213145202327e-01,9.936416751324468333e-01,4.718910584906949035e-01,4.796910176743628407e-01,5.581998006084057939e-01,4.941295508218320753e-01,9.418949279473747271e-01,6.225515613575292040e-01,9.078161326977470802e-01,4.785696892097864863e-01,4.241304342937812222e-01,4.970295846354868541e-01,6.399312102649821199e-01,5.712787545755919627e-01,4.139511674088324766e-01,7.817075151748165140e-01,7.290993746822613808e-01,7.084240124163839747e-01,8.934983261212030570e-01,8.538855456417552281e-01,6.444892440331491112e-01,6.285574794970903989e-01,6.866285858486133042e-01,6.005263801015870984e-01,8.313747726829378015e-01,7.693756993794298449e-01,7.975066281016943703e-01,9.846300536300498507e-01,7.817787599813865729e-01,9.506642954320296823e-01,5.127664971252871018e-01,6.758469409072553891e-01,7.603369099843237944e-01,4.109175718460674198e-01,6.626909249279686609e-01,7.400082656710245121e-01,5.661248038749246980e-01,9.562597890348379925e-01,4.420742684170829162e-01,8.475923193289349733e-01,8.914367910264122674e-01,7.715315459136037335e-01,4.273152808771034095e-01,2.550381522043180804e-01,8.766465416899289487e-01,5.649455828686839043e-01,4.237584967478290054e-01,6.792108375784586816e-01,2.003784772544188186e-01,9.147619082940011692e-01,9.686298779883573129e-01,6.649800633313383003e-01,6.888670784517493262e-01,5.689565942045014119e-02,9.773926922036756393e-01,5.677012100676511741e-01,8.807977247750591321e-01,8.360054074265192980e-01,8.414019727580712704e-01
9.861301441345238228e-01,7.349498504977044488e-01,8.343129056012120737e-01,0.000000000000000000e+00,6.536008407331371783e-01,7.234475994859715930e-01,4.937044216230349614e-01,6.181877124693005987e-01,9.214445113232022644e-01,7.450225217809153255e-01,4.546188968787880369e-01,4.774447020413999931e-01,5.634726968766682331e-01,9.965901401954460059e-01,7.516740202805346494e-01,9.629384502003648372e-01,7.443644725218362401e-01,7.573719805007768091e-01,9.500783816221737288e-01,6.011084522019034537e-01,7.211792593209030988e-01,9.776912492851925762e-01,9.467226637593305627e-01,5.933691022985199126e-01,9.375661944210288146e-02,5.792203215994816690e-01,7.295756854267245739e-01,7.089401461754412104e-01,7.299311202501583828e-01,5.517981983000594948e-01,4.677096493301385882e-01,9.015550271504316759e-01,5.289111178124449308e-01,6.614167910885321300e-01,2.316031439860108954e-01,2.173632805489680020e-01,7.498400920444302231e-02,8.903276283287666626e-01,8.491911867226353827e-01,2.908363319982011364e-01,5.939858036894120064e-01,6.997678987894367930e-01,4.548957804067191857e-01,7.226091689495074410e-01,9.753460160319098460e-01,7.531694401633961533e-01,7.748922092593452104e-01,5.159661685689079791e-01,1.506205451994133693e-01,9.863939744237950613e-01,9.650793740304283164e-01,7.303063526081050583e-01,3.657964599272975903e-01,4.027786183182889834e-01,7.558511862415479010e-01,8.580803470058721016e-01,4.519622218682601833e-01,9.948985096322524591e-01,6.617290720649390279e-01,5.761081599713999829e-02,4.691797832599851059e-01,8.341939745870317058e-01,6.734375400234944298e-01,6.653634426847121475e-01,5.401826268434757328e-01,5.844556432495410236e-01,6.706046299479014872e-01,6.918140081847377054e-01,5.568861796512237783e-01,5.167657919485753037e-01,7.770879837835531490e-01,7.832535083705239876e-01,2.896907132194376233e-01,3.087522271353103642e-01,7.480404867604965036e-01,8.198770364039971170e-01,8.981451571360430375e-01,9.821720082125157125e-01,6.059141415768345418e-01,6.294641549758803745e-01,7.804524157145832364e-01,6.042247025495419699e-01,6.014324541768900634e-01,5.816673475014509931e-01,9.164782263598305612e-01
5.330550491833163651e-01,8.308759292461986856e-01,6.778217945312906556e-01,6.536008407331371783e-01,0.000000000000000000e+00,6.563167881298723749e-01,-8.517652119805790845e-02,4.083786309307284590e-01,9.974527175258918188e-01,6.672939661426393609e-01,7.868606875300389047e-01,9.816725008625835081e-01,3.579759629078195782e-01,7.593628098867037934e-01,6.244305227788212731e-01,1.443517567637732368e-01,9.002318093432979396e-01,6.084709669871823934e-01,7.852431719922917663e-01,8.152730342251993667e-01,4.248598519849766664e-01,3.709409051659447176e-02,7.747139125571754770e-01,9.804219086249820192e-01,5.355062682013718156e-01,9.185161154641006132e-01,9.044675492908301750e-01,6.406189514510387539e-01,4.653988148931741398e-01,6.333112401515292866e-01,4.328609939141465635e-01,6.889401364208903589e-01,4.834717660374645565e-01,6.084163681818219871e-01,8.625029970151456560e-01,7.536929854283784813e-01,3.839816260785215984e-01,4.030721106440636192e-01,6.675820403609065146e-01,9.421307373510853234e-01,3.919853112794773886e-01,5.001788217488072341e-01,6.347630922341886972e-01,8.202501090556758578e-01,4.047525998330450681e-01,8.272847946072561243e-01,9.173602666602214128e-01,6.981471155428422559e-01,8.154714012051601513e-01,5.009313507341109917e-01,7.747111879321055827e-01,1.483813266247392959e-01,8.372330791053236299e-01,7.654471804634125354e-01,9.460734928597199778e-01,7.952481505909601012e-01,5.204164703583618046e-01,8.716357469047508744e-01,7.040577291770985235e-01,2.028785287418059802e-01,9.299784769130402529e-01,6.149792927959063515e-01,6.174255297686193078e-01,6.599078361073577037e-01,6.198324626264765103e-01,9.727185198189616244e-01,9.120291540731489954e-01,9.771502369145588229e-01,7.312719115715373697e-01,4.934523642044694736e-01,7.693595383143791988e-01,4.729046071955168573e-01,3.477197200067828620e-01,8.134813839636763078e-01,4.839773522394974492e-01,1.542025274600071771e-01,9.171067589577590606e-01,5.766227554605699579e-01,7.364119973841191102e-01,4.411364892149754469e-01,4.751949066892306450e-01,9.775409750217666227e-01,7.529233159883902404e-01,1.538370882150962293e-01,6.873490577141848634e-01
8.176431908756559563e-01,8.233189927552009291e-01,7.626789223369186965e-01,7.234475994859715930e-01,6.563167881298723749e-01,0.000000000000000000e+00,7.271047337225624574e-01,6.931316966780231015e-01,2.377069648254516443e-01,4.460106862127199978e-01,4.439256237582612785e-01,5.018601316812920654e-01,2.410749431399251963e-01,8.996119185483008041e-01,4.943783645954284434e-01,8.385080537299326453e-01,7.609916214589548256e-01,4.677593151721743392e-01,7.060685602821867857e-01,5.679947567326935065e-01,9.429582480063408712e-01,7.963611496615883301e-01,9.253792738622405034e-01,7.707270898230881295e-01,4.839402400786314562e-01,4.371581010410940937e-01,9.790064357197432177e-01,1.555038183574880828e-01,9.082269790162138534e-01,6.555821246935864544e-01,4.169824680728329014e-01,6.450081858600413831e-01,9.703199709921641603e-01,8.468599993672842885e-01,6.420871865718769111e-01,3.258897454634644975e-01,3.927885650379217553e-02,7.993100298741344645e-01,8.226652231015507688e-01,7.492753653732296959e-01,2.403364419532110774e-01,8.059484883500148689e-01,2.725789076904688857e-01,7.761558299669617522e-01,9.623357276896737922e-01,8.945122737845888627e-01,5.498469862830424049e-01,6.589062122859905557e-01,7.888636497700513006e-01,7.019342803768131578e-01,4.583150762882061691e-01,8.027942798723939344e-01,7.005558257295537716e-01,2.327127445149974883e-01,6.574303076230383347e-01,7.340688938637423000e-01,7.554809883514300717e-01,6.761097118567765962e-01,9.584034430313232988e-01,7.941836951648455489e-01,6.012734461995942192e-01,6.839719040457566956e-01,8.535733291267164624e-01,7.573757603787101278e-01,5.181828294270387492e-01,8.538532216899327176e-01,6.119516140037907226e-01,4.092202788566121074e-01,8.191957761302492980e-02,7.525715553236878019e-01,9.501580248034647846e-01,6.885413371140334249e-01,7.403263353081033227e-01,6.508566105722937145e-01,6.660039591063979802e-01,6.847188554457870335e-01,6.740281467869777554e-01,6.007924788574697111e-02,6.027990365592020838e-01,4.695028963538807609e-01,1.810088807970402225e-01,9.450936094442071722e-01,4.576414831064636868e-01,3.942676080373986869e-01,6.749800431981963778e-01
7.479762970185144244e-01,3.880456209404686829e-01,7.181216737719294807e-01,4.937044216230349614e-01,-8.517652119805790845e-02,7.271047337225624574e-01,0.000000000000000000e+00,5.081259175273554751e-01,6.876704652432081843e-01,5.317070858030824576e-01,7.279109708356362729e-01,6.797660176450283087e-01,4.631776804567076522e-01,6.259259903106413336e-01,7.321309694039965787e-01,4.448653818851492359e-01,9.091919200624961617e-01,6.496265358808468449e-01,7.529566625663195456e-01,6.027360164819153265e-01,8.797413375899741927e-01,5.623101026314774042e-01,5.736014142913373748e-01,8.938934158433112787e-01,5.361957628239655271e-01,4.886884600713489735e-01,6.515896235288993754e-01,7.471300865567455096e-01,4.003063544026657095e-01,6.612848491148208829e-01,4.341011280884364276e-01,3.993383392970605850e-01,7.447407183110181794e-01,6.094893478449331381e-01,6.641011551214851538e-01,2.020568865795434876e-01,4.010384189681279188e-01,6.084931203129370081e-01,4.128139953086216729e-01,3.626706016384791953e-01,2.267168764262595948e-01,5.340025996038257894e-01,8.695975013566906719e-01,3.308815954265102444e-01,9.772194504640981938e-01,4.519387027628151698e-01,7.930472425424430760e-01,3.819580924490829643e-01,7.470126105719845366e-01,2.446535473714110953e-01,7.314760118098062591e-01,5.169576620556248781e-01,5.784810891431568791e-01,8.026906890397028649e-01,6.062262974516846592e-01,4.113282822624422796e-02,6.430168086608202271e-01,5.493199444030413270e-01,8.667801241758906761e-01,8.183715132809715742e-02,1.042054504689104849e-01,6.175776268210095843e-01,4.106457452969292099e-01,3.875241675340772018e-01,5.947489646988098899e-01,4.999618274547295016e-01,2.681417904777405603e-01,7.297739813471572079e-01,3.863735036924008659e-01,1.986457393903495738e-01,4.268789770778491643e-01,6.991710089323734945e-01,5.877714665022071294e-01,4.739209972253194958e-01,6.271042669309301321e-01,7.017419218531606440e-01,7.890182907582766747e-01,3.293140534199028302e-01,9.557114272363505247e-02,5.865453244279831280e-01,9.429780913051347691e-01,8.477805013561190428e-01,7.538134162092767765e-01,4.342494946184140003e-01,2.004994858223931864e-01
7.953323219959916868e-01,8.314359742585495372e-01,4.033964033555639261e-01,6.181877124693005987e-01,4.083786309307284590e-01,6.931316966780231015e-01,5.081259175273554751e-01,0.000000000000000000e+00,7.411154924013523271e-01,6.211929727606154694e-01,2.097378688092383925e-01,6.888698755434702337e-01,7.574383601320505699e-01,7.755004114029026008e-01,4.909939650193718697e-01,7.180515439555794632e-01,7.615361123876904781e-01,7.272067435350388909e-01,4.348263460579676054e-01,7.863405845124101790e-01,9.340929800728322574e-01,9.026248017669920021e-01,5.868120540713999134e-01,8.763828890981493203e-01,4.978950679570971483e-01,9.401696313077292366e-01,6.631208395566932090e-01,2.904246705043655452e-01,4.022176030371418798e-01,2.707768932658777272e-01,6.246058672991691152e-01,5.606108528070400387e-01,5.858201600320963598e-01,7.672909614718121940e-01,6.041687037991438913e-01,7.125829112500958740e-01,5.435548082046496310e-01,7.775509556200423944e-01,3.044513619643155478e-01,4.421244170794157990e-01,2.847210583393161576e-01,7.983694195167468921e-01,4.414523789911351526e-01,3.592329921889404476e-01,9.961616243456445918e-01,8.909329012421279836e-02,4.589723627828297681e-01,5.607377427795543490e-01,6.531456990500150717e-01,7.519450048029924227e-01,7.524116956879437490e-01,6.942012536964150549e-01,3.072746731330698311e-01,5.690605720569732462e-01,3.184659621198304702e-01,3.284660474866406554e-01,7.172830190779143633e-01,4.131169561406072832e-01,7.206561084080366220e-01,4.712024736723366969e-01,6.273731034830397624e-01,6.532672156622277848e-01,3.051796480710796122e-01,8.906646147743519926e-01,4.763541735071371019e-01,7.330223913181898032e-01,9.952851047473615376e-01,8.045614841865196265e-01,-5.198455236426818837e-02,3.705088635368368744e-01,5.701050561823515217e-01,-6.293297724259452885e-02,5.591023422512373386e-01,8.508719340822008537e-01,5.225010309979103429e-01,4.662034633520146798e-01,6.906938412644219039e-01,8.402371054639710124e-01,6.814512843010012144e-01,3.250748446992362539e-01,2.001858882441929777e-01,6.978238879483308343e-01,4.202685097439595729e-01,8.954432758662020930e-01,7.237830541281173868e-01
7.143659958312820191e-01,6.255939670431424071e-01,9.994113765901923019e-01,9.214445113232022644e-01,9.974527175258918188e-01,2.377069648254516443e-01,6.876704652432081843e-01,7.411154924013523271e-01,0.000000000000000000e+00,6.305011691920726635e-01,5.063915014274297244e-01,2.435402564107716494e-01,6.952597220849436876e-01,9.467370134517997249e-01,5.242425179666571067e-01,8.419950588508576805e-01,8.803434815061367269e-01,9.104101241196446148e-01,3.850634689723001491e-01,9.925015860897632436e-01,9.942500235165843137e-01,7.069195969076448316e-01,8.641124569928183563e-01,8.737216950327137965e-01,3.463834300414637690e-01,7.770455769788603417e-01,9.412899785017678767e-01,9.636470549202514890e-01,7.788227400231783060e-01,4.561031137874871910e-01,1.318507246076270900e-01,4.106269470964917234e-01,6.171873200888954303e-01,8.999812132570343959e-01,7.578584556872234312e-01,7.377131399555405533e-01,3.131216461627416292e-01,2.189984767939650301e-01,9.447029974448279965e-01,4.704875615163873759e-01,4.469044099329987918e-01,8.423529731508100360e-01,8.893989181168407976e-01,9.181996436012564988e-01,2.645664716467089894e-01,4.228300368292394196e-01,1.102420768955494623e-01,4.187197001913480765e-01,3.196011653918789386e-01,4.197131993835666597e-01,2.619578099605828214e-01,6.752138454646504639e-01,9.919412442049063694e-01,3.475287520582087675e-01,9.467289510861491841e-01,4.605395133526652973e-01,7.425321675096330232e-01,5.804997834519860511e-01,8.847817009642158226e-01,7.346079413030012217e-01,7.842591050466871661e-01,4.111064100005666355e-01,3.437075878925872630e-01,9.548501812569963887e-01,9.624491057073580880e-01,5.474735478575508685e-01,3.656494404318724745e-01,8.127036595853774914e-01,7.444206777504673855e-01,8.128074819470202383e-01,8.584830456100809304e-01,4.123450389245532088e-01,3.601672232340759061e-01,6.938593756475498475e-01,3.412463223186502637e-01,4.196930888446996910e-01,3.709723498431024558e-01,3.629831685597812441e-01,1.443477864020052681e-01,1.075306313870413172e-01,2.420845643863839547e-01,7.777759814298381702e-01,8.434283937091220373e-01,4.577976774524740167e-01,9.231047264454380619e-01
9.320660433949325974e-01,2.010680406479095350e-01,7.362221834855240399e-01,7.450225217809153255e-01,6.672939661426393609e-01,4.460106862127199978e-01,5.317070858030824576e-01,6.211929727606154694e-01,6.305011691920726635e-01,0.000000000000000000e+00,9.455516942591971619e-01,4.801731896950683920e-01,7.118138430743651268e-01,7.068105476866858305e-01,7.334269181710678653e-01,8.957000255158642510e-01,7.610020826072084743e-01,5.320108628649051763e-01,7.739833436568211988e-01,3.850058245069265528e-01,6.415532456553666441e-01,8.450143716299496344e-01,7.421592378306276494e-01,1.551471912018896893e-01,4.210480787376703060e-01,5.012711224173951319e-01,6.674073476812745209e-01,5.669866830801284507e-01,1.216773336215539771e-02,5.493876698599121644e-01,5.213665104475864176e-01,6.973199836358270343e-01,5.818620188255810843e-01,7.933799320366027308e-01,4.661855180067248638e-01,-1.611602012660466321e-01,4.835400232916355900e-01,6.437648914811854306e-01,7.739686992452834424e-01,8.536108263120212314e-01,2.518366242691023049e-01,9.988833187194621210e-01,9.860538078496223768e-01,7.496453362677754084e-01,7.396320323347247427e-01,6.879902592867832567e-01,6.970926872364273663e-01,8.080899071276782530e-01,8.784697938889112212e-01,7.165536838810727671e-01,5.614650318440639332e-01,6.412185037184299219e-01,6.495618210961455752e-01,8.196265040855167383e-01,8.182158544444212422e-01,8.232750634822701974e-01,2.114444082363349520e-01,6.132829120752728569e-01,8.730657495729010620e-01,3.974073047751807142e-01,2.858299464368233012e-01,4.114293486494500218e-01,8.471855738216179654e-01,7.549497703298552187e-01,9.820755120533850580e-01,7.923301665843910380e-01,4.908637541489259681e-01,1.489644348140009844e-01,3.785443105364586502e-01,7.127143313204744590e-01,5.521811123016432399e-01,8.675175521850466698e-01,5.044036137429044331e-01,6.938238162724486013e-01,3.855363393328073429e-01,6.955286179629801557e-01,1.321291727088410861e-01,4.143713736077458409e-01,5.706616406473873360e-01,4.349345565601400176e-01,5.461192903677192234e-01,6.340397129584569580e-01,9.257709027377526434e-01,6.893481036992576971e-01,-1.720091784062818541e-01
9.870901205063582484e-01,8.232388849039503631e-01,8.416862902820447800e-01,4.546188968787880369e-01,7.868606875300389047e-01,4.439256237582612785e-01,7.279109708356362729e-01,2.097378688092383925e-01,5.063915014274297244e-01,9.455516942591971619e-01,0.000000000000000000e+00,3.379335034131996096e-01,8.153082640086672939e-01,4.211302640554507315e-01,7.656380002522082950e-01,7.624393029202052308e-01,9.110871800625562900e-01,4.824767144980197098e-01,9.313496856106822097e-01,8.465159955358668720e-01,8.744102822008927856e-01,5.503608842943419344e-01,9.809808224922011988e-01,8.411044517264915088e-01,6.546175521590711366e-01,8.436445225183646368e-01,2.291054183462643001e-01,9.784359963669596594e-01,6.459895642860326026e-01,5.809238133857552722e-01,2.813035432223197074e-01,4.201658520520445417e-01,6.830649153756240821e-01,9.502583225331850958e-01,5.588853046221906595e-01,3.662625425350535258e-01,3.171482025946714689e-02,6.597744125797458947e-01,6.394757102779556890e-01,6.012531339056697011e-01,6.162836947948882038e-01,6.337451920788640392e-01,8.186888907028876394e-01,7.919354342218745124e-01,8.027384746421732942e-01,8.486032210790245278e-01,4.167149685717072560e-01,9.553121712494978546e-01,7.624926367748459111e-01,4.952996542250556189e-01,6.704840939908753850e-01,5.425258928636501610e-01,7.415750221927330799e-01,1.397095510508031269e-01,7.468595841806361380e-01,9.842901431919255373e-01,7.635969648737467308e-01,3.478000280088096585e-01,8.138940333207090871e-01,7.150395210771119947e-01,3.403232437445093961e-01,6.719201984212090917e-01,6.745891865428204071e-01,3.870592970582766856e-01,8.877506957725163073e-01,8.044758011948942578e-01,2.323633768697855317e-01,7.687713212260832707e-02,3.332227494529438339e-01,6.486490124557835468e-01,4.841746556439008309e-01,3.407884626020757368e-01,5.599951462497236854e-01,4.897187759749022096e-01,4.872476779796035551e-01,9.333808700378247725e-01,3.832761010802300250e-01,5.624368658991337755e-01,6.504507857530286152e-01,4.435911329397688174e-01,7.375241105287785315e-01,9.928699927070914200e-01,6.115593706578998923e-01,6.998135360125646853e-01,9.695143429108836752e-01
7.589072278677106986e-01,8.866435484926983301e-01,7.585707727253105936e-01,4.774447020413999931e-01,9.816725008625835081e-01,5.018601316812920654e-01,6.797660176450283087e-01,6.888698755434702337e-01,2.435402564107716494e-01,4.801731896950683920e-01,3.379335034131996096e-01,0.000000000000000000e+00,7.956119432745896169e-01,5.808984001973038769e-01,5.533350218032819789e-01,9.965247991268518790e-01,4.030197390743726626e-01,9.543713884998125119e-01,7.445684564978549691e-01,4.423349390635449851e-01,1.218819649739650707e-01,6.311626466413056136e-01,4.512122960497448321e-01,9.286266938456723130e-01,7.252805842759226795e-01,4.128089954090422564e-01,7.054383548989011654e-01,7.102434714508467639e-01,7.680260869894961484e-01,2.710559828480736400e-01,3.512929428509874441e-01,5.438017319045527209e-01,7.904676318753139919e-01,6.933745651180968084e-01,4.068991184430447161e-01,1.305708027733339660e-01,3.736074096686058388e-01,9.730513924724539798e-01,6.649926474680030175e-01,7.401043243745288880e-01,1.834182687854487570e-01,9.017426936414348893e-01,7.154418623337427396e-01,7.695382293976522625e-01,9.177327245258616317e-01,9.100747361723433571e-01,2.552670374373310902e-01,7.261678290623385656e-01,9.590812081328704553e-01,7.335782621744999510e-01,8.799174665540135942e-01,7.930578090184998707e-01,7.211221041264679332e-01,7.235587304082000681e-01,8.258771232539160456e-01,8.076899751175935505e-01,9.928370727535520412e-01,4.614678146559010319e-01,6.878874152477925108e-01,1.777032796024468342e-01,6.320863565173421295e-01,6.454000848499246157e-01,5.215186463934712302e-01,9.725219920877301583e-01,8.830731734427716972e-01,3.798488617699630199e-01,6.242921328166973760e-01,6.967115958863892011e-01,-1.876222894549711417e-01,6.086271651203641886e-01,6.354706761340688237e-01,9.639611870525354176e-01,2.472697064662780775e-01,4.808336284872454791e-01,8.953976690361267199e-01,4.754096015464024383e-01,6.774920700899036419e-01,4.321418140287243692e-01,6.977915934753605720e-01,4.699136589040534551e-01,6.570237845677265875e-01,8.971190923407093010e-01,7.844966734998395363e-01,9.389634970245308576e-01,6.046875046186510616e-01
7.030233418284468350e-01,7.310840324438083737e-01,7.458253518486128719e-01,5.634726968766682331e-01,3.579759629078195782e-01,2.410749431399251963e-01,4.631776804567076522e-01,7.574383601320505699e-01,6.952597220849436876e-01,7.118138430743651268e-01,8.153082640086672939e-01,7.956119432745896169e-01,0.000000000000000000e+00,8.585544060084255857e-01,7.206203446321285400e-01,9.191833464359195904e-01,6.502162921991039291e-01,6.583710606890038619e-01,8.195384797441378488e-01,8.734207858348995712e-01,4.630982563339320901e-01,8.471953705100547793e-01,6.979853322030342699e-01,7.285882667851389938e-01,4.780790326248802735e-01,9.109819162128697245e-01,6.656571990501614078e-01,2.116907443375753706e-01,6.686256666685868044e-01,6.771715156575018879e-01,3.016147322984265577e-01,6.443523120010062888e-01,6.222877557216706101e-01,8.373022019067497546e-01,9.120153150211018911e-01,6.329399058521247845e-01,2.019116471149759173e-01,2.988616014861286141e-01,4.864842643019826607e-01,9.360666412335255648e-01,2.993491663942524639e-01,8.861712228509808220e-01,9.326031081292228686e-01,8.627226366166522720e-01,9.347078104159557421e-01,1.177907423277664394e-02,5.754888270588216503e-01,5.547752404766574941e-01,3.221366755189294384e-01,7.883127287555166118e-01,6.221783120757449215e-01,8.951691255587908014e-01,6.129984657156789529e-01,4.665314337479150586e-01,8.832129268678808875e-01,9.709088613963317016e-01,6.051420923376253924e-01,4.330179043917481985e-01,6.856079706676002639e-01,6.417522576273246848e-01,4.596513254905691959e-01,6.379220158155909370e-01,9.685003210011107200e-01,4.989371491402609937e-01,9.113732769775427789e-01,8.136503484330802616e-01,7.961500206160359028e-01,9.051372643642988658e-01,3.420105291370210132e-01,8.276037849782159617e-01,7.686087014365121650e-01,7.372325062063098677e-01,4.334377315963884314e-01,5.000830311310359155e-01,5.849248518239209549e-01,8.698034089275187286e-01,8.596898897160883957e-01,6.931906786750378080e-01,5.694716703707205507e-01,4.015363898712879243e-01,8.123189751578507867e-01,5.892278285951351169e-01,4.560787052712291234e-01,7.460717964829773896e-01,9.123079634372504021e-01
9.905530935339286192e-01,7.631892705025427048e-01,8.301992756051174149e-01,9.965901401954460059e-01,7.593628098867037934e-01,8.996119185483008041e-01,6.259259903106413336e-01,7.755004114029026008e-01,9.467370134517997249e-01,7.068105476866858305e-01,4.211302640554507315e-01,5.808984001973038769e-01,8.585544060084255857e-01,0.000000000000000000e+00,7.331694882924886247e-01,9.894949373451151775e-01,5.762749966852753758e-01,7.459218116518595565e-01,4.585473101391643325e-01,6.178014501393508384e-01,6.784079941337498587e-01,5.092280994929687665e-01,9.879560284115856961e-01,9.437973251192269819e-01,4.517827936815149714e-01,8.035741465079954127e-01,7.281234934549511983e-01,7.126947733507016380e-01,4.678402622740036043e-01,7.202842666036792796e-01,5.060733859926295208e-01,5.128332304632516880e-01,2.504125947841129296e-01,5.240227185351413741e-01,5.211461791000784327e-01,2.559424221337741612e-01,2.396894200950812626e-01,5.832757402252155554e-01,8.901928185277137029e-01,9.851006323122255548e-01,7.185104213177626598e-01,8.366870300561026763e-01,9.196050568242678525e-01,7.233050083281952203e-01,8.681911893261254898e-01,2.384729503108093951e-01,7.362111366896039177e-01,6.017851706537359346e-01,7.608356920618881691e-01,3.322179386000596590e-01,8.183790116522146052e-01,8.645127574383228986e-01,7.333051444680055431e-01,6.515286114628521252e-01,7.463481128746147775e-01,7.122770838382285197e-01,7.591201792861377307e-01,6.984886788282579362e-01,9.945621583355952477e-01,6.929451982976186919e-01,7.091733851069221828e-01,9.586145583664429370e-01,6.950741694097493095e-01,8.080438517146989463e-01,8.253575494223348574e-01,6.169107984943333900e-01,7.795811647158984448e-01,9.125973644841467447e-01,7.626395945441236668e-01,6.962002244027376552e-01,8.121802740419199473e-01,7.584562074265490672e-01,5.621938246394866390e-01,7.794860646962531447e-01,7.546263336276004541e-01,9.863291143951804507e-01,9.810098794899118069e-01,4.490768733619305286e-01,4.268327862357839120e-01,5.987421783898885796e-02,3.607147940022807919e-01,4.387393001914088875e-01,9.227446913971505404e-01,3.566855804666612118e-01,9.379764813499600340e-01
8.848743566413636019e-01,8.725089349380518167e-01,8.766970220597400942e-01,7.516740202805346494e-01,6.244305227788212731e-01,4.943783645954284434e-01,7.321309694039965787e-01,4.909939650193718697e-01,5.242425179666571067e-01,7.334269181710678653e-01,7.656380002522082950e-01,5.533350218032819789e-01,7.206203446321285400e-01,7.331694882924886247e-01,0.000000000000000000e+00,4.977963050071962936e-01,8.492594469556669079e-01,5.271361451973273216e-01,6.721568664173346308e-01,9.536312037540871644e-01,8.243011543403626629e-01,9.161316383300578403e-01,8.269320127273225296e-01,7.721641405365613497e-01,9.536965172715907713e-01,7.159509745422505400e-01,-3.926098358196459248e-01,6.151847311439556654e-01,2.747714590511345922e-01,5.656718826328397398e-01,5.601549658771877160e-01,5.418684734314380691e-01,6.819595109937366395e-01,6.246452916669429506e-02,7.721603945247341727e-01,9.514575106367109680e-02,2.809346944738252416e-01,9.676154690273859327e-01,4.008603109725377145e-01,1.981603456463892909e-01,6.786999425717772372e-01,7.575880408221717932e-01,9.994030657539179074e-01,6.449016142522010497e-01,6.794802225321240341e-01,6.456989972757049001e-01,3.417103896773270311e-01,3.434036264806469285e-01,9.543059440571854957e-01,6.730394810569972908e-01,7.132636239783972654e-01,8.179798565539068145e-01,6.676228208864949387e-01,7.735837760145014563e-01,3.995291896228658768e-01,7.928900088776913435e-01,9.469187207239342374e-01,9.857899830162896171e-01,9.054776147133596353e-01,5.776896692271754619e-01,5.805358673807328174e-01,2.254207827490408156e-01,4.417104147347754584e-01,6.893955411735932515e-01,7.222121888581030102e-01,3.383641034630431310e-01,3.697495103449522924e-01,8.806512364893033240e-01,5.113090473063172103e-01,8.535157987969604898e-01,9.446702478241445489e-01,6.224293973494264831e-01,7.601718202565290738e-01,1.608096041499311457e-01,5.564908667521434316e-01,5.216625222983699572e-01,9.432490461820359773e-01,7.689970902202603042e-01,4.580728958976197918e-01,2.229947189276738073e-01,9.274670537513222124e-01,9.880374492777264095e-01,8.879083181202210850e-01,7.084393057340760969e-01,6.590698542893194123e-01
8.197098235381263809e-01,-1.839140892129052240e-01,8.886038224909031946e-01,9.629384502003648372e-01,1.443517567637732368e-01,8.385080537299326453e-01,4.448653818851492359e-01,7.180515439555794632e-01,8.419950588508576805e-01,8.957000255158642510e-01,7.624393029202052308e-01,9.965247991268518790e-01,9.191833464359195904e-01,9.894949373451151775e-01,4.977963050071962936e-01,0.000000000000000000e+00,1.610163552627681405e-01,6.638707811243721446e-01,6.558843748277864982e-01,4.033812334590024529e-01,8.412743399479454265e-01,6.676644872137278419e-01,6.235818153180512358e-01,7.063504421374569020e-01,7.194844021343629326e-01,9.724314054478713221e-01,7.472351619358161834e-01,-3.016438467275711632e-01,7.942739367776655568e-01,5.350445355051265395e-01,6.099879471285757360e-01,4.560091830943554525e-01,7.783811570235208421e-01,8.543880706243224266e-01,8.907097162779871180e-01,5.613393251793479255e-01,2.281748828742245494e-01,5.227048374552831778e-01,9.857418844112704193e-01,5.907813743209884283e-01,4.261243078779046733e-01,6.255220643847289042e-01,7.550975546786711234e-01,4.786582387078674450e-01,9.266486153756828825e-01,8.553754248235151403e-01,7.899352412462690154e-01,9.194439120897621720e-01,8.924227504590874771e-01,4.330909188556841261e-01,9.730196671856455870e-01,5.928072773363574077e-01,8.683620560836124991e-01,6.303270244852384740e-01,8.874580428230546270e-01,7.554836515897699334e-01,9.395776331718431740e-01,8.626442841620582946e-01,7.776827862546840109e-01,2.259913459980347761e-01,7.875198275493249245e-01,8.063313862305093727e-01,3.463161538813098739e-01,8.720936879133145414e-01,5.031436268999460726e-01,3.249791156637454881e-01,6.309754903389448444e-01,2.290872902858594740e-01,6.502984438383576649e-01,-2.402957219251918020e-01,7.265998609212358517e-01,7.098136772972947206e-01,2.319785715028564177e-01,3.867246836885510630e-01,5.340384122211357942e-01,6.778570066448635911e-01,7.770242292554396801e-01,6.433696593580884304e-01,6.999178331788724616e-01,4.497953360945060042e-01,4.469655836068747723e-01,7.710851889925468550e-01,9.070169260231116803e-01,6.915704101021264982e-01,4.487718190080837166e-01
7.035625971026833181e-01,6.018362495721826244e-01,6.742281859438942204e-01,7.443644725218362401e-01,9.002318093432979396e-01,7.609916214589548256e-01,9.091919200624961617e-01,7.615361123876904781e-01,8.803434815061367269e-01,7.610020826072084743e-01,9.110871800625562900e-01,4.030197390743726626e-01,6.502162921991039291e-01,5.762749966852753758e-01,8.492594469556669079e-01,1.610163552627681405e-01,0.000000000000000000e+00,2.472141991837960573e-01,6.610092113717243034e-01,8.465381201365307362e-01,8.683066691334886400e-01,6.819108340841245619e-01,9.190706874636722645e-01,8.005431955380084563e-01,5.366837297863379375e-01,9.179416009544028032e-01,4.915066907337617419e-01,6.405391246161248331e-01,4.703670530658167759e-01,2.673788978044381870e-01,4.510662185313568662e-01,9.794410902822197063e-01,5.210233131059420764e-01,8.211486313013477423e-01,2.983625865322293569e-01,5.308214784441751544e-01,3.065157394888253228e-01,7.535128673087647666e-01,9.675866500454509689e-01,8.138852593945727909e-01,3.482004464287375978e-01,9.394898454666524845e-01,6.855071964843303389e-01,6.092766780714371500e-01,8.799116638953415892e-01,5.812464207751130152e-01,4.943304397787405269e-01,6.404255572287653742e-01,7.454987285635688021e-01,9.872353603769533636e-01,7.377815488977388370e-01,8.434727964410604351e-01,6.127609286061023175e-01,9.222804393212488128e-01,9.970619955362349796e-01,2.564259079092404137e-01,5.309701555225931902e-01,7.554425202568488817e-01,9.239333497526951433e-01,4.562388931054737196e-01,6.742549685642367230e-01,8.869435623885901787e-01,4.559162289032377413e-01,8.116964525064644942e-01,9.012339773064078630e-01,8.250936023691159971e-01,8.355352320039499681e-01,7.117621239977995895e-01,8.052544484178295603e-01,9.115397537233126402e-01,8.426355018088069748e-01,3.324111663774494130e-02,1.538898468207527126e-01,2.514292805571206046e-01,7.129951141482229193e-01,8.852227649486413830e-01,8.975837701857520834e-01,9.135356185083194358e-01,7.744739282637852495e-01,4.591292530267834238e-01,9.137024453048022687e-01,8.533144796850019587e-01,4.131314042145223242e-01,3.602235756918339277e-02,9.424949268412950998e-01
7.362850702107310852e-01,7.621168131329071338e-01,2.912686953530393974e-01,7.573719805007768091e-01,6.084709669871823934e-01,4.677593151721743392e-01,6.496265358808468449e-01,7.272067435350388909e-01,9.104101241196446148e-01,5.320108628649051763e-01,4.824767144980197098e-01,9.543713884998125119e-01,6.583710606890038619e-01,7.459218116518595565e-01,5.271361451973273216e-01,6.638707811243721446e-01,2.472141991837960573e-01,0.000000000000000000e+00,1.180810327796700809e-01,9.282991034246375062e-01,7.479738905809882876e-01,3.754678122467940415e-01,9.617678999039427357e-01,6.445376082896193681e-01,7.611448140350514091e-01,9.873217246222768528e-01,6.270475165762420255e-01,7.401743224953999389e-01,5.615601423786970026e-01,2.468998834508777107e-01,6.134350622184967516e-01,7.840840549889939171e-01,4.249402875214579045e-01,7.633312041109268087e-01,1.885093891110126707e-01,5.032214931008182068e-01,6.199341665147541924e-01,9.813371879236738871e-02,3.998361560495692357e-01,7.452478964932942596e-01,5.003573057815668967e-01,1.130226634344695946e-01,4.487041160332133627e-01,7.832433817275381571e-01,9.131056595556630295e-01,3.036950506874646072e-01,9.627168068861090555e-01,9.428544637565278164e-01,7.988387075961111972e-01,3.921885214510196227e-01,5.319158070858659437e-01,4.546970016370315837e-01,8.230120410418685362e-01,3.312492784591245520e-01,6.622604958325252200e-01,4.887107851156908267e-01,3.764504036641218576e-01,3.820386507091778627e-01,9.483755611940397623e-01,5.698995993762054901e-01,6.946181969198017558e-01,7.130413127723832512e-01,7.816097225069287280e-01,6.313816395032221251e-01,9.679307755486072917e-01,2.741366090592557425e-01,9.403456104638447943e-01,9.814921130708809116e-01,4.243728399553302610e-01,6.941895147139187650e-01,8.637758227492235985e-01,5.465833121031387076e-01,7.955445211653333626e-01,5.751628056342836803e-01,-1.458291539525757852e-02,7.769873629097144851e-01,8.664614566559012410e-01,7.341588386515387477e-01,7.192473436517407004e-01,1.846443677047788223e-01,5.529141076237636260e-02,6.355148410093874878e-01,3.667298303686276073e-01,-1.037672768516906263e-02,8.047064938915582388e-01
