0.000000000000000000e+00,8.564560865493017205e-01,8.880791253453486078e-01,4.080124809548978937e-01,9.638495213858356836e-01,9.568775113260582499e-01,9.797390866983498592e-01,9.501169812420822147e-01,5.253996750345573119e-01,9.309322436258818945e-01,9.007408552178080008e-01,6.585917404581467238e-01,7.878388804187130834e-01,7.461972176517155386e-01,9.475919191350166138e-01,9.669282020000552480e-01,9.828586200586415522e-01,4.200752624304962546e-01,8.417306480819006786e-01,8.259037340098320801e-01,7.914421204976722635e-01,8.901216853941624763e-01,9.974657345990647350e-01,6.700220028658709914e-01,8.770299975076655263e-01,7.477054862353338383e-01,5.447984954012169423e-01,5.830658008456088837e-01,5.367728331259907781e-01,3.096060223928613908e-01,5.870539787238215901e-01,6.918769170777125943e-01,9.663738976636442324e-01,7.613430575018980129e-01,9.429261883586330661e-01,6.321952044144282246e-01,2.241968707921850601e-01,4.853565493314533352e-01,3.011627539697150358e-01,5.420456712246675135e-01,1.620708263624677237e-01,8.715052318883746985e-01,8.389624023527901819e-01,7.339632811518297384e-01,8.347129425932648950e-01,9.231932469939361230e-01,5.462941326195200897e-01,8.336582974476631769e-01,9.042979897599243699e-01,7.865151628964445196e-01,7.266452628700791339e-01,3.561177499987948636e-01,1.809533308905042492e-01,9.618992519437378208e-01,9.469126337572533192e-01,7.285476595122860610e-01,5.440709664123853928e-01,5.580133636640288719e-01,2.600526038880128787e-01,5.518524219062421743e-01,5.559382469364149149e-01,6.924535272723492119e-01,8.635360699286679376e-01,8.854462911278813131e-01,5.729743837876957180e-01,9.082063204320034444e-01,8.889618063811937088e-01,5.114982892299915207e-01,2.228136018505716132e-01,5.996817441831298057e-01,8.083331788798009399e-01,5.482379344253183184e-01,6.024929974398194332e-01,8.218848902584078298e-01,9.934222183709815468e-01,9.472949634260454665e-01,7.829560239141433176e-01,9.495044470985160023e-01,4.681663849588402204e-01,5.124330525734747122e-01,2.891504320279464357e-01,6.339280367553523643e-01,9.954893437107721343e-01,2.914949866206164586e-01,8.111038414297374599e-01
8.564560865493017205e-01,0.000000000000000000e+00,8.450748555289850916e-01,8.249114362150697932e-01,5.688972581153715069e-01,9.970540171656581130e-01,7.391293179701214910e-01,6.115876960450422617e-01,6.684992960419605668e-01,7.400061935010487923e-01,5.357161089866147030e-01,6.216837513408606242e-01,5.584755687430377202e-01,7.506099235250358603e-01,5.480101740564413682e-01,9.738655390146951918e-01,8.290655171586874816e-01,6.946525930171143504e-01,7.674004202491850890e-01,8.527704008894108068e-01,7.797870191566349529e-01,6.276547443872780851e-01,8.638649965276670173e-01,6.617590978379205291e-01,8.282938214977224600e-01,9.180770465521259638e-01,7.413094582714067071e-01,7.953361817052831961e-01,5.335860715131810483e-01,4.228122422402912917e-01,1.314565907399103430e-02,8.075468681806488580e-02,7.618094438649761768e-01,8.291761858055094470e-01,6.251195214956202229e-01,2.923194339265702824e-01,3.406807694893550509e-01,5.816506940091941136e-01,7.277778045779230709e-01,8.115608285696247481e-01,9.053159743886646238e-01,6.193628694570715298e-01,7.480062541413597943e-01,7.766210031393161461e-01,2.930888756068625312e-01,9.162124339910258097e-01,6.408606370352822879e-01,4.536990796207459042e-01,7.728663348518444165e-01,4.905121886550429244e-01,6.605112988724241019e-01,9.753482529486022790e-01,9.549880847670202400e-01,4.880498991780262141e-01,9.004988608179192999e-01,8.267923939401087274e-01,7.470881599508968351e-01,5.152779797201081369e-01,6.985987939539120006e-01,4.503986086466105765e-01,2.461726263812681337e-01,8.344521047002317893e-01,8.829533110944399743e-01,9.814409175017962950e-01,8.712569986230854768e-01,8.650792360567290951e-01,6.349736884441973261e-01,8.120984868827125780e-01,8.760212537669963551e-01,8.497337133536496667e-01,9.676747387384260213e-01,6.013520027307834859e-01,6.832112317021554748e-01,2.158208419654408794e-01,6.557191787850658038e-01,6.165686546499398180e-01,5.444506057267468613e-01,3.221565987231385098e-01,-4.492331695312201667e-02,2.462658975102030579e-01,2.757610468690148142e-01,9.242296161190628467e-01,6.611925591104195199e-01,4.791366856457907053e-01,3.588174052329584640e-01
8.880791253453486078e-01,8.450748555289850916e-01,0.000000000000000000e+00,9.067515559310722617e-01,9.042868541423986217e-01,9.536668108739334571e-01,9.071621910366282071e-01,8.697260380705886806e-01,4.164690228036417308e-01,5.971381509072595239e-01,6.205008104139176917e-01,9.113797920058199775e-01,6.818721343669529311e-01,8.441599970994376756e-01,3.392887574123663041e-01,9.364809551837842694e-01,9.301942550825328393e-01,6.273127485490688215e-01,9.996143746944816666e-01,3.989688910018182044e-01,8.084249018300113665e-01,2.549428552596072484e-01,6.348921134351926954e-01,8.657972422905174659e-01,9.028176437303205848e-01,9.191270355615610566e-01,3.819383147791776678e-01,8.517109170137707741e-01,1.152989638074783108e-01,4.376629035505781307e-01,7.263683253290132980e-01,8.869983695029129978e-01,8.143188598670165756e-01,2.122011543971477621e-01,7.749684269533692049e-01,9.696360414736786559e-01,2.111099682947565892e-01,6.805812726218936071e-01,6.748861904830961711e-01,5.057666654476895562e-01,4.196692662732543488e-01,8.509033967501477003e-01,6.407743860605142894e-01,8.988571020263398381e-01,9.499111276982773466e-01,9.201345160904716991e-01,9.255194546119506205e-01,9.580397582601960504e-01,8.017319177956778731e-01,9.539886628125595625e-01,5.754835025551411354e-01,4.520368635301491578e-01,9.234520611365882869e-01,7.568389308012447581e-01,6.319187978225190294e-01,8.388783044925745003e-01,8.760554236877835521e-01,3.653657183656465191e-01,4.551375992074946919e-01,7.445955990659778312e-01,7.699090990150220248e-01,8.551413551202388108e-01,1.295687751123560938e-01,9.700266049431532922e-01,9.904163408180259864e-01,5.786988587863033384e-01,6.314171966438381078e-01,9.550179066256101468e-01,8.274470859748417340e-01,5.753801677780729928e-01,6.850968402184861583e-01,3.694469813309224637e-01,6.026933185932560333e-01,4.097424577834022918e-01,8.425611262973706772e-01,4.864995491613473000e-01,6.459843420199495867e-01,7.339511424643947457e-01,4.792360345419849899e-01,5.436746132475902549e-01,9.283430637634748628e-01,9.299133107855757086e-01,7.475067387485810899e-01,4.969061089348877358e-01,8.556824016003753419e-01
4.080124809548978937e-01,8.249114362150697932e-01,9.067515559310722617e-01,0.000000000000000000e+00,3.509084432366808559e-01,6.491515549686882602e-01,6.972153774170790630e-01,5.983021288513223901e-01,8.790861141384822552e-01,4.951841215428904874e-01,9.086907433343959228e-01,7.702878269020585478e-01,7.357131170709658718e-01,5.703490611233734686e-01,9.780539807344778014e-01,8.058165273776516369e-01,9.150588892535698182e-01,6.176068825161660225e-01,2.037829699792597371e-01,8.803890182267218867e-01,5.330073512810757919e-01,4.330306072142172669e-01,8.527492296643364167e-01,7.809499582067122025e-01,7.661007429767847654e-01,4.004509304389971547e-01,8.799440791208607004e-01,8.595422426270976635e-01,6.396991875816560036e-01,6.174141071805472336e-02,2.651349568203159035e-01,7.090681559411383672e-01,6.376306837275038664e-01,6.294310847491723093e-01,8.576929193280345975e-01,3.853509209624613741e-01,1.645775703205394069e-01,9.809345127409629939e-01,9.931117536935547552e-01,8.657513881835199321e-01,7.569712182603276496e-01,9.651754428059026170e-01,6.351324861547028577e-01,2.008778238971188623e-01,6.169339235721911230e-01,8.725525766234483172e-01,6.153634656155236859e-01,9.603923521802448793e-01,7.465604636669327387e-01,5.963730248487999486e-01,8.018820363814922469e-01,8.278205286006725672e-01,5.050479897671300566e-01,7.990913970430784108e-01,9.125899523507214894e-01,8.691725864459035611e-01,8.764983348741881564e-01,8.230328504729403916e-01,8.254398497747296171e-01,5.602340532606807644e-01,4.136186406848381680e-01,8.030695205362954336e-01,6.163030839759148227e-01,7.728923939718416181e-01,8.173093176333330323e-01,8.353685874111700382e-01,8.834301584982434674e-01,8.831871096343721916e-01,8.637113560035674098e-01,4.390360617640123864e-01,8.527132122247503832e-01,4.976710337406459184e-01,2.261351009104003718e-01,2.437120900815205604e-01,3.967219015731219267e-01,7.544997357322320575e-01,6.433356285802775965e-01,7.187605812455627463e-01,3.184427738300368294e-01,3.801459914345181601e-01,8.377598254974026881e-01,8.236004333120900966e-01,4.956188709091865485e-01,6.405370601946459574e-01,7.525707222200952451e-01
9.638495213858356836e-01,5.688972581153715069e-01,9.042868541423986217e-01,3.509084432366808559e-01,0.000000000000000000e+00,4.736268317162857788e-01,5.289537935591394069e-01,6.793983928190346910e-01,5.268331711391542882e-01,7.389385050524672760e-01,9.454198345087942990e-01,6.701887032672848576e-01,7.508026954018874877e-01,6.363015648022668502e-01,6.532635987259484134e-01,7.765975884825278008e-01,2.521386960526722509e-01,6.091057019671858308e-01,5.850431713355089824e-01,7.944823337758357695e-01,9.685114936249721307e-01,4.082579061579953983e-01,9.875247747099608064e-01,9.817969077918374809e-01,6.819416332631593747e-01,9.297555596654927257e-01,6.476068923858946391e-01,6.202088195817990757e-01,6.527454096450062693e-01,4.717358113226387539e-01,5.215397762335697296e-01,5.427137869476992421e-02,6.057425481988865101e-01,9.983382927393407158e-01,2.388063351732875872e-01,1.951818544360542640e-01,-9.097487780609092578e-02,8.831958040642010621e-01,4.180836211102765820e-01,9.026950406434808283e-01,7.605532171354466298e-02,2.666527256314760730e-01,8.984834864935167253e-01,9.696200818049476311e-01,7.380601556074283254e-01,8.030252129250976534e-01,4.209142028951272096e-01,9.259624240006968376e-01,4.947846592721448222e-01,6.891928832211726696e-01,5.002282947361713639e-02,7.573476111811688893e-01,7.616300605802386325e-01,5.595760920342566225e-01,9.647912805098242117e-01,4.897376338638839144e-01,6.143163879511913672e-01,4.232064739618018878e-01,7.550559310391671275e-01,5.611996433109207594e-01,7.253483499300195092e-01,8.712751844992315808e-01,2.131668408234621281e-01,6.834305492296194329e-01,4.457089216426381451e-01,3.021538440278899174e-01,9.813193728602525034e-01,8.317881410820477939e-01,9.877939872691151590e-01,6.587257205194725351e-01,9.599216484598038779e-01,4.134177538195884516e-01,4.337154193426339122e-01,4.782459158205177308e-01,2.667161010787598152e-01,4.349929274991546357e-01,6.951022841823693010e-01,3.336947058032836422e-01,5.288947126921746955e-01,5.919942046585426887e-01,6.445588816238857488e-01,7.058506407468405630e-01,4.194168394855030124e-01,3.009437801764486276e-01,7.278608931115649883e-01
9.568775113260582499e-01,9.970540171656581130e-01,9.536668108739334571e-01,6.491515549686882602e-01,4.736268317162857788e-01,0.000000000000000000e+00,6.397391770085630869e-01,2.901181479563851862e-01,9.866148229344375853e-01,7.345848343737566566e-01,4.093240583168001323e-01,4.401174626127274392e-01,6.989381527618375722e-01,4.757293906689791241e-01,9.985109034206032241e-01,4.908851497036657019e-01,9.154122050446416026e-01,5.485627445681982017e-01,7.695573669000865813e-01,5.237487013783924672e-01,7.695672575181833341e-01,9.305669890456008675e-01,7.796651041352506972e-01,8.499520970764766759e-01,5.294345881640102336e-01,5.650459702218948443e-01,8.652862843837090256e-01,8.207563459457449806e-01,4.825015651592317045e-01,5.481232766527718292e-01,8.181618716863728324e-02,5.759175720286464628e-01,7.869707809828028200e-01,6.426175224010417519e-01,5.391074591911299008e-01,7.310166622388766244e-01,2.083633323397603987e-01,5.444246067337531469e-01,3.816923590640962649e-01,7.285273855990987979e-01,3.203389462387908893e-01,9.972996171447863212e-01,6.341653958836371840e-01,6.027963908838209761e-01,9.731389992552135215e-01,9.733301363660040728e-01,2.050066473631468877e-01,3.828420093747736397e-01,8.281926595729202090e-01,3.021968824394111186e-01,7.823924176870022951e-01,9.977848092156493820e-01,6.132069116289202704e-01,1.884336516079101673e-02,6.062853127190349634e-01,8.412596874610450692e-01,7.892933379513691339e-01,5.515691937507699594e-01,5.202224490379635524e-01,2.757745286004199547e-01,5.868280517947077612e-01,8.942861242996540394e-01,5.800192970700788209e-01,4.547032327560283638e-01,8.808208469681344521e-01,4.680989863811737539e-01,6.006176666463940439e-01,7.067533396274294777e-01,7.224409248339835887e-01,2.214478548955350068e-01,9.051111891660242881e-01,7.999809670756738988e-01,6.646675458215607346e-01,7.583081378165646980e-01,7.239375753186172435e-01,7.101756532112478704e-01,4.824971845994546760e-01,3.687123116908903597e-01,1.727587229245990952e-01,2.055132138052731261e-01,6.809736044066487803e-01,9.583791372061525315e-01,8.615013537483102724e-01,3.872275086926726395e-01,5.696228673106163987e-01
9.797390866983498592e-01,7.391293179701214910e-01,9.071621910366282071e-01,6.972153774170790630e-01,5.289537935591394069e-01,6.397391770085630869e-01,0.000000000000000000e+00,6.428064766909121763e-01,4.883994282799535291e-01,6.863564207434580400e-01,8.800757715704980999e-01,6.724268594585733894e-01,5.220977171911418413e-01,-1.026034272129113106e-01,6.466813445923937920e-01,7.046061458176381409e-01,6.521283974091308666e-01,4.939977417863348763e-01,9.788754177838726589e-02,8.005013663336748575e-01,8.137839375907020001e-01,4.397888463886941990e-01,7.667330011184212424e-01,8.075447602308796213e-01,3.598323287432525497e-01,9.424212189297551667e-01,4.117859848903213660e-01,6.060515207373534663e-01,5.761167302305477689e-01,5.443194000221688311e-01,3.127791997196321255e-02,5.896151083814882288e-01,6.279814944341375327e-01,5.588277356041096988e-01,7.682343836533308545e-01,8.978779849509884725e-01,2.155451849513289886e-01,6.067356434507447105e-01,7.115652144672245383e-01,4.437337814542417491e-01,5.858514109471726350e-01,6.516382125939823577e-01,8.267911058639820787e-01,6.493003545061650783e-01,8.968102603032720443e-01,5.379118088419995170e-01,6.206040732453455000e-01,8.797158738557911972e-01,6.084842496274887047e-01,5.096660469064030474e-01,2.994533252182249861e-01,5.031926310162389004e-01,9.764415661977081662e-01,4.400952576867011579e-01,6.691543629301653917e-01,2.147102046515622920e-01,7.163549884463782380e-01,3.316704774160083025e-01,9.583083901664211091e-01,5.694839168676204544e-01,5.794550764418139321e-01,7.682268774949896351e-01,6.582551005276326972e-01,7.576667244313032290e-01,4.216476547035363232e-01,7.239161219173854134e-01,5.852333029947327514e-01,7.618109881960908325e-01,3.004619785106747987e-01,7.437212420415537650e-01,2.049686210284975829e-01,2.315718486751437988e-01,3.401865450069326002e-02,3.749634742803507059e-01,4.075244452851810584e-01,7.134601859504684507e-01,4.345106236757065310e-01,4.993244166774333248e-01,4.623038706127567954e-01,4.033136034624721922e-01,-1.349843910016755300e-01,6.218348047685423596e-01,4.910336430524485651e-01,3.938935213355959641e-01,7.408361720788554372e-01
9.501169812420822147e-01,6.115876960450422617e-01,8.697260380705886806e-01,5.983021288513223901e-01,6.793983928190346910e-01,2.901181479563851862e-01,6.428064766909121763e-01,0.000000000000000000e+00,7.957846053066770509e-01,5.087755096670684152e-01,3.058900558946496817e-01,9.150404161947611748e-01,5.161923988937787700e-01,7.825670680237986065e-01,4.113305980007623264e-01,7.979077317801399616e-01,9.547777275879271164e-01,4.642681824691791137e-01,7.158900804178549571e-01,8.174937543625450109e-01,6.820449442069105306e-01,6.381336962864712081e-01,7.017994592970159262e-01,8.394944030959783365e-01,7.349075372035449583e-01,3.991405218105166797e-01,9.903420362104918551e-02,7.665779539635423356e-01,7.754101035743143910e-01,2.144134111069658233e-01,2.033971093367334670e-01,2.223904618911509978e-01,7.587593310714437767e-01,7.389598222979720799e-01,6.909317603306850408e-01,3.495218500791064109e-01,5.334818226068700486e-01,2.527130626308239369e-01,8.916634474420479517e-01,5.059790581858512049e-01,5.550880618089309992e-01,8.715342856312467967e-01,8.964475243192755460e-01,2.337675724754684492e-01,7.814432522433368833e-01,6.349102817288325706e-01,7.021877438930079762e-01,7.020423366753797412e-01,2.472731712414054928e-01,1.770434824691828959e-02,5.859237362118613346e-01,6.095606692195408849e-01,7.660033534619865581e-01,6.887204940208402348e-01,5.690019641228269975e-01,8.300404917200948640e-01,2.506293224852203516e-01,6.875527380683708056e-01,3.521114366033976095e-01,7.963300064222844643e-01,4.259193387882074799e-01,9.837177605887944543e-01,7.762270659127884498e-01,9.414209714966291775e-01,9.828216102355320505e-01,8.633773274600411440e-01,9.262158010321159818e-01,4.941686370941132389e-01,6.540585975182895417e-01,5.000010012691973316e-01,6.043248582506307587e-01,6.425440833167365140e-01,7.824658093313270335e-01,4.157125747029168372e-01,7.945957345842752373e-01,6.895471412922186127e-01,5.795748452260012229e-01,4.043028863286109997e-01,4.804372222735613374e-01,3.935058054358584467e-01,8.452957148987263469e-01,9.552500632236283762e-01,5.532851792989833539e-01,6.084451283997173165e-01,7.988986626346369357e-01
5.253996750345573119e-01,6.684992960419605668e-01,4.164690228036417308e-01,8.790861141384822552e-01,5.268331711391542882e-01,9.866148229344375853e-01,4.883994282799535291e-01,7.957846053066770509e-01,0.000000000000000000e+00,2.887252369189757806e-01,8.053617652524792669e-01,8.948609856875432422e-01,8.036072552573056971e-01,4.716099620480264654e-01,6.447385626892720989e-01,7.762609132317884741e-01,8.000130505314189122e-01,5.569866875791988914e-01,-1.487830477578173938e-01,5.004179371999620818e-01,6.802496894009273376e-01,4.356205159595218923e-01,8.226062680290711082e-01,6.868694831170342185e-01,8.510377475166407413e-01,7.232594704061308111e-01,8.117357518695131890e-01,7.313285426112519083e-01,4.871058173377639244e-01,5.470209197108958366e-01,1.473034168123548981e-01,5.329455695042867314e-01,6.976852028704929598e-01,9.584363032673069993e-01,7.943073287530177939e-01,5.298324341458576781e-01,5.803743748499725630e-01,6.592955608419339697e-01,9.797538526483194898e-01,6.440855220669887693e-01,5.717424021538313195e-01,9.284698850612359555e-01,7.049006127461796556e-01,8.655064372205464318e-01,8.117364801316916401e-01,6.992642235755172075e-01,2.785396942849658330e-01,9.269047531834094800e-01,6.201217081945841203e-01,5.028014398601922119e-01,2.566434010434614499e-01,9.851838970614057445e-01,6.317569127484560232e-01,8.701146091314031494e-01,8.338576005854134721e-01,8.856919811062656800e-01,9.614211790012371361e-01,-4.375042186409164313e-02,8.053035972669575493e-01,4.225228204110287843e-03,3.807717708338881346e-01,5.305734621502956605e-01,6.850725477759237458e-01,9.528209482554375054e-01,7.576211225139291017e-01,4.288104682562684511e-01,7.187328545581814776e-01,8.745308332086272340e-01,7.742829009371343663e-01,4.560908950398082085e-01,4.085484280009696878e-01,4.786014947046707824e-01,4.784595069062346218e-01,5.799143844509326851e-01,3.592465879466930634e-01,7.757421259943539926e-01,8.588733711012925820e-01,4.214566155671773395e-01,4.100189057053584829e-01,3.305973305271273643e-01,7.474540217835611289e-01,8.978710998461221227e-01,9.252608108977383727e-02,8.481627702685285985e-01,7.988274322148669615e-01
9.309322436258818945e-01,7.400061935010487923e-01,5.971381509072595239e-01,4.951841215428904874e-01,7.389385050524672760e-01,7.345848343737566566e-01,6.863564207434580400e-01,5.087755096670684152e-01,2.887252369189757806e-01,0.000000000000000000e+00,9.911432994122763018e-01,7.781436075404390973e-01,2.499224727814811642e-01,4.958236325852921067e-01,6.168314324719780251e-01,7.323840104580620070e-01,5.964430922151946479e-01,9.084870027921144731e-01,7.672067576779832976e-01,9.610389971036709111e-01,3.530807561483196855e-01,7.621721124497886635e-01,8.165514149167220070e-01,9.059248424349110040e-01,7.637385386337720572e-01,8.758059864387660598e-01,8.682891173249926986e-01,5.597612003072703901e-01,4.818747329462626516e-01,7.314808508883908766e-01,3.722046676820512934e-01,5.801422044455387672e-01,5.248223487133311105e-01,5.972853658376636732e-01,6.515096569966759565e-01,5.911339634616086247e-01,7.978389678635033899e-02,9.237390636602343941e-01,7.218678977084775905e-01,7.483426975717067942e-01,7.783933243271999591e-02,7.799506324463342244e-01,8.420261349777750093e-01,4.637665652443098141e-01,6.309015121408521054e-01,6.429785294956088526e-01,5.040212697353367854e-01,8.023134224691492733e-01,8.020989650634245960e-01,1.503535504561797354e-01,7.816560905117244662e-01,8.144276512882935304e-01,8.556496866272622626e-01,7.306519417490910939e-01,9.186702173332749188e-01,9.346439814998991347e-01,8.306265193039678030e-01,8.734433924215002643e-01,7.059748748317313805e-01,7.552072302006043181e-01,4.156101682326862612e-01,4.118351710202285965e-01,6.327868684868018789e-01,8.997283220924058300e-01,9.304039394031808907e-01,7.648277024928550327e-01,8.676158361928630880e-01,9.593888536994712446e-01,5.856508633560020272e-01,-1.124269470368598894e-01,7.849081163624271884e-01,7.857247405298666276e-01,7.262947716136615162e-01,5.779401885555690566e-01,5.496524097748599624e-01,7.063715256115472574e-01,8.431968211801342816e-01,5.110517902306863647e-01,2.168574726175027945e-01,1.585606381760223671e-01,8.193533859771493510e-01,5.888791356706085667e-01,4.000471229991893196e-01,-1.886308908216189628e-01,3.303754246752191870e-01
9.007408552178080008e-01,5.357161089866147030e-01,6.205008104139176917e-01,9.086907433343959228e-01,9.454198345087942990e-01,4.093240583168001323e-01,8.800757715704980999e-01,3.058900558946496817e-01,8.053617652524792669e-01,9.911432994122763018e-01,0.000000000000000000e+00,4.996572487040679134e-01,8.010539854585656538e-01,9.104466633662088304e-01,7.750114241408234683e-01,8.441110036472834199e-01,8.677739533657768956e-01,6.525439879284747891e-01,9.645678611360046784e-01,8.702476330031649887e-01,6.008766340414621876e-01,6.733210133152269794e-01,5.126654833680440726e-01,9.918409775027630104e-01,8.725465743021016962e-01,8.928181981687558499e-01,5.613740972681324770e-01,9.419122327006409501e-01,1.473218511598763970e-02,8.923607990133924917e-01,2.439419168186735543e-01,8.248174981143291395e-01,8.577647890488048210e-01,6.810499881053589943e-01,2.076687386099712318e-01,5.422024703163497161e-01,6.081029344105978174e-01,2.635972937866484789e-01,4.143113237494856493e-01,6.001174820828025780e-01,5.585346606123452462e-01,7.141433684230418244e-01,6.834935873471090773e-01,5.845410565087199029e-01,1.410598783366114606e-01,5.587409895999408960e-01,9.427271708740072587e-01,6.395366966300639611e-01,7.210205746385929260e-01,-3.272654402513708316e-02,6.545323330345541590e-01,6.539661244195782430e-01,3.999909663189154529e-01,6.068097661643997442e-01,5.409643320145491874e-01,5.661025024095013292e-01,8.584778928877614401e-01,8.729981074800292618e-01,4.437282187013908974e-01,2.798435246912964747e-01,3.331080828785324410e-01,5.740373410570192014e-01,5.284769288112990404e-01,8.829494437416701702e-01,9.457207271177596741e-01,3.039435532106732896e-01,7.209122243973301591e-01,9.157049406616291076e-01,5.681484406586668756e-01,8.455819572897254055e-01,9.551007294442409590e-01,6.142411657291059202e-01,4.326258517641309309e-01,2.719117225904881252e-01,5.062833450345809450e-01,6.121607380590716740e-01,8.765199554349799582e-01,6.534681898528591493e-01,6.067935906608675767e-01,4.527821696698716702e-01,8.216821003842873505e-01,4.549160436565781729e-01,9.567087727880527748e-01,6.657578332342769523e-01,7.733771797331692177e-01
6.585917404581467238e-01,6.216837513408606242e-01,9.113797920058199775e-01,7.702878269020585478e-01,6.701887032672848576e-01,4.401174626127274392e-01,6.724268594585733894e-01,9.150404161947611748e-01,8.948609856875432422e-01,7.781436075404390973e-01,4.996572487040679134e-01,0.000000000000000000e+00,9.380461117171436936e-01,6.125580642207518745e-01,6.874553882639088398e-01,5.768917383631019247e-01,6.785963683565406912e-01,6.453686364185464708e-01,8.957229975599713123e-01,8.362938165286233350e-01,8.217728686378307223e-01,4.853296503137243256e-01,9.843102646473746997e-01,7.899992343815025464e-01,1.360716291713416071e-01,7.148281501018969308e-01,6.479965011392145868e-01,4.921740688096915561e-01,4.813103017853105903e-01,2.148718633865868699e-01,3.969375842968801971e-01,8.955110724190318283e-01,8.686867080615798820e-01,6.921571623318748534e-01,7.358520840916603634e-01,7.922119896252504123e-01,5.772302694673001749e-02,5.551609113172544241e-01,6.405834423559512159e-01,8.554358835387667614e-01,1.377668554859621391e-02,2.889084239663352038e-01,6.429025931032660290e-01,5.157408984052649359e-01,9.248937798061963589e-01,9.032552002038528594e-01,9.600702700086427566e-01,4.612473150025933610e-01,2.719777383444365038e-01,6.110683748692629091e-01,8.646370783399932591e-01,7.402897769658345339e-01,7.984436428191460378e-01,7.865716491291794288e-01,6.277787532150206351e-01,9.863001570673179952e-01,2.346028864172215733e-01,9.896084396784913251e-01,6.207156936858732044e-01,3.527386641999918915e-01,4.629553179649118499e-01,5.145658440093584529e-01,6.464595248792549542e-01,8.276944623514036481e-01,6.832562281501711743e-01,4.610633707844844498e-01,4.841466192781802569e-01,7.817303194567306601e-01,9.133033283129967650e-01,8.195166002898257585e-01,7.038186521801140794e-01,1.996856059483834711e-01,5.484328943298367731e-01,5.073812776447552686e-01,3.050676927959740103e-01,3.422473201137037346e-01,2.660969413828351837e-01,9.819412210146349906e-01,4.815416091159596124e-01,2.369714957416887979e-01,4.430374746333459179e-01,6.904173409245707438e-01,4.250916446672446947e-01,6.655405653322864490e-01,6.298836946490020683e-01
7.878388804187130834e-01,5.584755687430377202e-01,6.818721343669529311e-01,7.357131170709658718e-01,7.508026954018874877e-01,6.989381527618375722e-01,5.220977171911418413e-01,5.161923988937787700e-01,8.036072552573056971e-01,2.499224727814811642e-01,8.010539854585656538e-01,9.380461117171436936e-01,0.000000000000000000e+00,9.562063152764179730e-01,3.123867732839780142e-01,9.922689468549524827e-01,3.340105004355062857e-01,8.943853979165339307e-01,6.644535082393774328e-01,6.431501427356465239e-01,6.959793952252617544e-01,8.394946703410521849e-01,7.497961289474757152e-01,9.150138923282603587e-01,3.281750280688301435e-01,6.109709940286280894e-01,6.314388758663195267e-01,7.813957940733847751e-01,5.470619490874841784e-01,5.042163765640775841e-01,1.191020036592265255e-02,8.101629324968518953e-01,6.802694538521281142e-01,7.663095544026982120e-01,4.838943814109313291e-01,7.217652196686884514e-01,3.856400492516874889e-01,2.371680983605937709e-01,9.217625204829941188e-01,2.377361015075850070e-01,4.118617962168618502e-02,9.981537715195500926e-01,1.653538552625679614e-01,8.359880732512396939e-01,6.935785427961036476e-01,6.684363270617409425e-01,9.791113308307413110e-01,8.988441917266112302e-01,7.110248687594309391e-01,5.521763572815829857e-01,1.343099899505954820e-01,8.790334154156681512e-01,3.878356677385784712e-01,7.777710371022050762e-01,5.303141480517609141e-01,2.280892116412631954e-01,8.666557099679539355e-01,6.511220562894604047e-01,8.600598803736474451e-01,4.671717488044792033e-01,5.556314552868690804e-01,8.803329720654622381e-01,7.434069940165355383e-01,7.491021505091586263e-01,6.708253961106080965e-01,8.113964906726710558e-01,9.286755319174766488e-01,7.641545001348146737e-01,5.841154128902088516e-01,8.154506984226093103e-01,7.288672800131708041e-01,8.630668005365519369e-01,2.058097572491071059e-01,3.336404764061856598e-01,7.745632287779693481e-01,9.706065321096636334e-01,5.986468627345302718e-01,8.854921127574831852e-01,5.281340078525112447e-02,6.824155996504362998e-01,7.032953039001987872e-01,5.151927180845958798e-01,9.252026289387755842e-01,3.130267065753081779e-01,8.960525566329540226e-01
7.461972176517155386e-01,7.506099235250358603e-01,8.441599970994376756e-01,5.703490611233734686e-01,6.363015648022668502e-01,4.757293906689791241e-01,-1.026034272129113106e-01,7.825670680237986065e-01,4.716099620480264654e-01,4.958236325852921067e-01,9.104466633662088304e-01,6.125580642207518745e-01,9.562063152764179730e-01,0.000000000000000000e+00,6.119902927151685823e-01,6.010830532788439262e-01,8.546714936780004379e-01,4.403763201056101195e-01,9.975042098049766714e-01,5.513499418157817855e-01,9.757919828287493491e-01,5.376041842585133068e-01,7.822690301002498403e-01,7.771107922654042488e-01,3.883151579444354962e-01,5.312684231821431791e-01,4.940883198158968481e-01,4.061945282349564423e-01,3.786357144065474190e-01,3.320379569803393327e-01,2.262699407601173607e-01,5.227089076042603644e-01,4.636863781079527680e-01,6.263311835539964179e-01,8.445391085563650480e-01,5.695099319037493224e-01,4.582687378884410245e-01,6.543114146874977610e-01,4.836151923194637048e-01,7.354726925008374661e-01,5.700340617864079196e-01,9.885655355393794252e-01,4.665471167832950794e-01,8.592923188282082236e-01,7.736921037974008319e-01,9.851111406507144785e-01,8.240304696186185884e-01,7.292987071803360699e-01,8.448083413858846757e-01,9.798223167190607263e-01,7.379453327793528139e-01,8.653894353923494709e-01,8.725301958578171035e-01,6.503358905038452153e-01,9.842408234912640719e-01,9.050576287602968284e-01,8.000461215148632066e-01,9.976650788439191953e-01,7.180805064250725955e-01,4.325582250949687735e-01,5.163779463911889467e-01,6.738105742713242918e-01,5.023927220194175369e-01,7.144743552273751241e-01,8.787559597290052205e-01,8.023479955472245795e-01,3.595695557492118999e-01,6.919843812734263189e-01,6.485084016041583466e-01,9.291046226910075756e-01,4.733602414607429032e-01,2.135481837667171645e-01,5.364641695366323404e-01,6.823908498104100939e-01,4.056327511823086263e-01,4.823915652531093334e-01,7.667665041506410706e-01,9.792619625129470595e-01,5.568761270910206340e-01,3.771385299026935867e-01,9.065116899294207720e-01,6.928155645429925347e-01,7.839298814021453676e-01,1.912206761490391760e-01,4.063752395664633199e-01
9.475919191350166138e-01,5.480101740564413682e-01,3.392887574123663041e-01,9.780539807344778014e-01,6.532635987259484134e-01,9.985109034206032241e-01,6.466813445923937920e-01,4.113305980007623264e-01,6.447385626892720989e-01,6.168314324719780251e-01,7.750114241408234683e-01,6.874553882639088398e-01,3.123867732839780142e-01,6.119902927151685823e-01,0.000000000000000000e+00,6.169797069404817647e-01,9.809895526537212307e-01,9.246554173718783964e-01,6.756869617486378488e-01,6.692083541961865167e-01,7.772411793858305940e-01,7.792593747620268907e-01,6.136266116262100168e-01,7.165106438614893269e-01,2.361478427228046184e-01,7.756919799875430233e-01,9.347122713493769552e-01,6.515011076315031513e-01,4.424583263543137024e-01,2.741746666115010278e-01,5.751725801309135466e-01,7.906479098643500736e-01,6.038477866731546406e-01,8.905396673656684747e-01,3.499306780542744688e-01,1.228708590926895633e-01,7.002843276682777507e-01,4.324942771545388087e-01,9.080801231959257924e-01,7.197590530946816889e-01,9.061340471612745473e-01,5.126082476962070533e-01,8.848336942833354701e-01,5.608792892781602202e-01,9.630801911263610071e-01,6.707046044364322057e-01,7.625276634572852874e-01,-1.810012728763842615e-01,2.625797328817917609e-01,7.865832956142533305e-01,4.140771849151763107e-01,1.179888364265664902e-01,4.429748054277504177e-01,8.307675741942603942e-01,6.052904169196755557e-01,5.769958544749698159e-01,7.973575530855294691e-01,9.900055772140126109e-01,7.117984287669840704e-01,7.476615068265316522e-01,4.863249351360773853e-01,7.925526368368611685e-01,7.103263570089682899e-01,7.994100109595552173e-01,3.071544200872189934e-01,5.263403159556531152e-01,6.612012141441567792e-01,8.278723965788857830e-01,7.632611565130865694e-01,7.089707359747769999e-01,4.426193502338433006e-01,1.122655805169331389e-01,4.677321442728820111e-01,5.450237324037330300e-01,5.488654731954796251e-01,6.560742529168962500e-01,6.079616054238002887e-01,7.174024817106247065e-01,3.659725620551257386e-01,6.870071665688338713e-01,5.694488816053752123e-01,7.314118070554098683e-01,8.697785646137172755e-01,5.348674907303031523e-01,1.276568811994499564e-01
9.669282020000552480e-01,9.738655390146951918e-01,9.364809551837842694e-01,8.058165273776516369e-01,7.765975884825278008e-01,4.908851497036657019e-01,7.046061458176381409e-01,7.979077317801399616e-01,7.762609132317884741e-01,7.323840104580620070e-01,8.441110036472834199e-01,5.768917383631019247e-01,9.922689468549524827e-01,6.010830532788439262e-01,6.169797069404817647e-01,0.000000000000000000e+00,6.788246359778606909e-01,7.098168042020355228e-01,7.343077756367377695e-01,7.475479874857255957e-01,9.647393469843027480e-01,2.590725448336022585e-01,7.837609692660008065e-01,8.201942911212961596e-01,5.697359792993754724e-01,8.538572275917968302e-01,6.613281130410566533e-01,-3.998064387379452467e-01,-1.399552721560220481e-01,7.424089885448336146e-01,6.515734497629132038e-01,4.476966125817312681e-01,1.812588045551102589e-01,7.021114143680624586e-01,7.945818881641000253e-01,6.124273863906830595e-01,2.430458663036030309e-01,4.689715611623680447e-01,8.167975278116208493e-01,6.569304788543484097e-01,6.026124857491079734e-01,4.022896546601057999e-01,8.822090368473619604e-01,7.737673326205709579e-01,7.137599024760878930e-01,4.097834041764407687e-01,7.126972492285025274e-01,4.732632846617000899e-01,4.539283468083130102e-01,6.035620823960792247e-01,9.432834069515234898e-02,9.213074644133012470e-01,8.416303428056314262e-01,7.379045699864982266e-01,9.183151517746002135e-01,9.632073855551478436e-01,3.606723612495095210e-01,2.413431406219741782e-02,8.514487109976680568e-01,9.988602250788983228e-02,6.987525477979832367e-01,3.901718639886145867e-01,5.610161303578434788e-01,3.185772848183194839e-01,9.051649888962289836e-01,2.996233278293776170e-01,4.187520555972799041e-01,5.393490534303704287e-01,2.300630237494412367e-02,4.825181591218299371e-01,8.972057404627749033e-01,6.558623351168749727e-01,6.913731926765763758e-01,7.160172164454802202e-01,7.243884532995460424e-01,7.158537826860271736e-01,7.444192574138267515e-01,-1.767604695604474419e-01,7.709917910369916694e-01,2.107151263981673073e-01,4.988493076640564960e-01,8.600088129878200593e-01,8.833718000673770332e-01,4.337143710792108753e-02,6.993762133918964841e-01
9.828586200586415522e-01,8.290655171586874816e-01,9.301942550825328393e-01,9.150588892535698182e-01,2.521386960526722509e-01,9.154122050446416026e-01,6.521283974091308666e-01,9.547777275879271164e-01,8.000130505314189122e-01,5.964430922151946479e-01,8.677739533657768956e-01,6.785963683565406912e-01,3.340105004355062857e-01,8.546714936780004379e-01,9.809895526537212307e-01,6.788246359778606909e-01,0.000000000000000000e+00,8.051434015031885272e-01,5.802649255982675891e-01,7.427518732369280396e-01,9.363005010342965173e-01,8.638773713699485768e-01,2.706526114650519288e-01,8.962778053447727489e-01,8.003414006680581450e-01,4.247302261531424317e-01,8.619493067764349981e-01,9.974970913621994395e-01,4.223657336050542499e-01,4.247208179070575684e-01,6.509108569823518486e-01,8.401149093387454414e-01,9.620149225223172396e-01,7.280887494763259582e-01,8.347056112576560771e-01,6.931924607992305531e-02,4.159214179565086100e-01,5.937921751265986536e-01,7.551944334564866246e-01,7.450291071072352445e-01,6.623573272736976714e-01,7.254329330377544682e-01,9.792531937347215276e-01,4.209447025347523019e-01,8.004368061581355054e-01,9.906075378457552816e-01,4.807156708398948042e-01,9.140126605247929359e-02,9.042422311065505536e-01,8.256878278690631401e-01,9.195328768608308501e-01,8.555902502956294065e-01,5.771457850284684721e-01,-2.091989902677504620e-04,6.444567182155435114e-01,4.067660027731205274e-01,9.360426783480396695e-01,6.705089748540482564e-01,9.158367882819232753e-01,4.564211733884708244e-01,4.435674830846313976e-01,7.589436019813056156e-01,7.195315875987843279e-01,8.982843498579129449e-01,7.133090651852704855e-01,9.027477167670834302e-01,8.592690075325623011e-01,6.317369281997270436e-01,7.156822091276530129e-01,7.926933974742007560e-01,8.334020092946241576e-01,8.980747829936390758e-01,4.181811898767235358e-01,7.618379598084603632e-01,7.603145758351421701e-01,8.239920730844058072e-01,5.967291142943096371e-01,9.168278131691893762e-01,9.788639735613745285e-02,1.133845169194320872e-02,7.843655982160167017e-01,9.735151986275599745e-01,8.714399964142999222e-01,9.423109257040629405e-01,5.042163075019868712e-01
4.200752624304962546e-01,6.946525930171143504e-01,6.273127485490688215e-01,6.176068825161660225e-01,6.091057019671858308e-01,5.485627445681982017e-01,4.939977417863348763e-01,4.642681824691791137e-01,5.569866875791988914e-01,9.084870027921144731e-01,6.525439879284747891e-01,6.453686364185464708e-01,8.943853979165339307e-01,4.403763201056101195e-01,9.246554173718783964e-01,7.098168042020355228e-01,8.051434015031885272e-01,0.000000000000000000e+00,9.785218206511729910e-01,3.896895752235949306e-01,4.737179958957400405e-01,2.952740554164378639e-01,7.914587554641807632e-01,4.646322029473459736e-04,2.126447224954528537e-01,9.305693313138776457e-01,8.804375371818332630e-01,3.131606551739033462e-01,6.207671589697896231e-01,4.874010786735966105e-01,7.134488208103106910e-02,8.444841244393419544e-01,3.921414920927628334e-01,6.346970961844542458e-01,1.261427394716576889e-01,6.862951621418851567e-02,6.850001155969653865e-02,3.692473572879980126e-01,9.594394644390802362e-01,7.438132054681727556e-01,7.014719495751963185e-01,2.055790268734691006e-01,9.073756654851334869e-01,8.649083611425079088e-01,9.704857645776304720e-01,8.023822785153857939e-01,9.498490641750245711e-01,7.092811103023539676e-01,8.945022656888989010e-01,4.819965730484224165e-01,6.505323492758227077e-01,9.862936953580753174e-02,7.803355385782688725e-01,8.709882596973337332e-01,7.297945085000708820e-01,3.646057857276717162e-01,6.184665667290208946e-01,7.900829481501729923e-01,1.601937312676249281e-01,5.214468402361139843e-01,7.599789259921138074e-01,5.709735990921961379e-01,7.804268838440231448e-01,9.812525455520360040e-01,7.650908356558898671e-01,3.162908677376307653e-01,8.839210243333802675e-01,7.018330220758017823e-01,9.165577764036446640e-01,9.752315008932488372e-01,5.781109729382809537e-01,7.148933939675350402e-01,6.221875264170667608e-01,7.344461271512939260e-02,9.754258357059291118e-01,6.141957552982474366e-01,3.856748111074427277e-01,7.213662293565951122e-01,5.798595707576073011e-01,3.874690808059547686e-01,2.507292405276373981e-01,6.085806239341652324e-01,9.893061368466085082e-01,6.551130666933027147e-01,6.142133405665907153e-01
