0.000000000000000000e+00,7.843014962869274687e-01,7.176600986525136783e-01,7.966437235860763799e-01,9.808762025746624591e-01,2.612457896739315832e-01,6.139235072928979076e-01,9.955122997181227174e-01,4.352130552663668883e-01,5.511327569539582472e-01,5.807481411029967733e-01,6.729762767077630548e-01,9.909436983188361081e-01,8.467949803799172948e-01,6.165546487747478599e-01,9.665411921189817068e-01,6.027329060185849796e-01,7.202536832702115532e-01,9.329551876896863272e-01,6.024567820711427268e-01,9.103379113274608914e-01,6.080104442051019742e-01,7.294481223122325497e-01,4.372975476410799756e-01,6.745070453088544138e-01,9.891686773580193881e-01,6.691747758668062929e-01,6.460003723904224060e-01,3.825644939037068926e-01,1.120082604476223820e-01,6.357179464578999184e-01,2.892719781322181105e-01,4.998019180989061172e-01,8.584392299844898488e-01,7.672234681119759481e-01,4.223571238291617957e-01,1.962355869327327418e-01,8.061981171955282521e-01,3.970460386373139139e-01,5.805792830851026487e-01,6.349183578942021455e-01,4.975294343698689059e-01,4.296311254850270211e-01,8.327274442261947129e-01,8.499777640075931728e-01,4.229193717262727525e-01,7.437487524772929959e-01,9.122712853831334012e-01,-1.497477534959075762e-01,4.276221776593416291e-01,9.264356639240075575e-01,7.445074394475744706e-01,6.332904285168944325e-01,4.794568379076996623e-01,1.156237463879493665e-01,5.476336747965137031e-01,5.251780485999175685e-01,8.447688114262590364e-01,5.537483854960598695e-01,-1.628610620980093793e-01,2.067640843024033670e-01,9.831896724917253971e-01,8.982443717977595110e-01,4.542064593768578851e-01,9.863390622708850808e-01,7.064538125206719643e-01,6.546277626386475257e-01,7.604998081695016898e-01,6.088243885180664172e-01,7.820392379600369370e-01,9.994361661517020545e-01,8.748440848249481316e-01,4.724477854904653440e-01,2.296785032227306456e-01,7.687675633118448149e-01,9.683559290587818724e-01,9.092698795582460081e-01,7.987213077844480535e-01,1.231146609689313387e-01,3.645975588961222202e-01,7.849824102303009088e-01,9.087940908532696760e-01,5.962640693918972445e-01,4.484848929454119948e-01,4.589894132286241879e-01
7.843014962869274687e-01,0.000000000000000000e+00,9.247357706423673385e-01,6.049444091391599221e-01,5.878881927281975894e-01,3.214720932121167274e-01,3.911590190992908500e-01,5.201529847780140825e-01,5.140431341062797754e-01,6.379440573861259178e-01,9.595556944085632534e-01,3.508877607364959683e-01,9.573494651626534013e-01,7.068160111351787789e-01,6.014252042341278193e-01,8.639289297988618221e-01,2.145288494207766017e-01,6.690245129127175838e-01,7.722292102035368533e-01,6.119814298051514667e-01,8.066823434971331919e-01,5.930443868749497582e-01,3.197081551257691112e-01,8.311823222136719425e-01,2.995189806206797201e-01,4.445736250935234390e-01,8.774429596976371926e-01,4.299163265101637044e-01,2.212814981278321547e-01,2.587505566469823770e-01,2.239068511036702847e-01,5.264816905582673234e-01,7.619222219646409888e-01,7.750877379216194463e-01,7.022875991962324038e-01,5.393836538423256721e-01,5.978241222572316937e-01,7.159316201279996017e-01,4.913612882214385413e-01,6.554225740650525545e-01,3.767067396423978698e-01,7.095042611609037042e-01,4.884972260832001756e-01,6.708960085485401459e-01,7.184138549900112025e-01,7.755491329361184905e-01,6.113971987534497776e-01,7.887118729577347054e-01,6.523806371588413144e-01,5.113841194764721099e-01,5.156425950657236301e-01,7.239311119470246414e-01,6.877860631224845811e-01,5.525584836337054107e-01,6.160886136195280471e-01,7.230889878386215219e-01,9.647967364958558445e-01,6.940884035199935687e-01,5.511660141326025775e-01,4.196918148328352416e-01,3.320155142015983607e-01,5.998467775888836062e-01,5.068186483185138647e-01,9.258178849426961232e-01,5.135207671044089706e-01,6.143316927264218519e-01,4.952371546858771456e-01,8.745714852331967215e-01,2.442608777525110964e-01,6.868990867080735363e-01,7.913960798330503810e-01,8.096348148633156772e-01,-1.113916916193047335e-01,6.010615843418348758e-01,5.651659749109282371e-01,7.957793997827677934e-01,6.143280885070526720e-01,2.289762720429104337e-01,4.990482117706696030e-01,3.047318626650810103e-01,8.144108874001606546e-01,6.084609495500669096e-01,6.910091584635107420e-01,4.430575189476617659e-01,6.264683931346264334e-01
7.176600986525136783e-01,9.247357706423673385e-01,0.000000000000000000e+00,9.935963706082761027e-01,9.781793471252907546e-01,7.357225112836160985e-01,6.907663246307731431e-01,6.121950769646553603e-01,5.766289479407651353e-01,7.694750633105102988e-01,7.018216522367018984e-01,4.744523126308131111e-01,9.022170104702353921e-01,9.435587415286101898e-01,8.407189718913530285e-01,7.514402474071003590e-01,5.462898965232758641e-01,9.244590388994783359e-01,4.920580985820900422e-01,6.181721818309946492e-01,9.747572590119714109e-01,8.595074701844209741e-01,6.333195584687276725e-01,6.332094171467310684e-01,8.389259752669793180e-01,4.344217502876606130e-01,6.470011182584443077e-01,8.447355962124396545e-01,2.692706056815566407e-01,1.291762218176616406e-01,6.843222009468412637e-01,6.342650413398638332e-01,6.561217078484119503e-01,9.253889856904493616e-01,9.747688517846899714e-01,4.153174226483886677e-01,3.677979184733402018e-01,7.113731034543895326e-01,8.083121442474106022e-01,9.671863175356980591e-01,4.352397132297854965e-01,5.134567673849567138e-01,6.310426420867623065e-01,6.810132172085174851e-01,7.494007749558695419e-01,5.223320735384511249e-01,9.531235090511129826e-01,7.953651190596034565e-03,5.487589386982080208e-01,6.096662220227256901e-01,8.550988225439931645e-01,8.242908660899314066e-01,2.100411909967634660e-01,9.834158130639475415e-01,7.048877476122915597e-01,9.828048859644004098e-01,6.832260601697214275e-01,9.767836875616290326e-01,9.890769960911366399e-01,7.155684385058661556e-01,2.804300475937970272e-01,7.923025053716813426e-01,4.521594016444668851e-01,4.788220441612682787e-01,8.957033171708178587e-01,9.278564693021016385e-01,7.107207501092667190e-01,4.678374454215589728e-01,5.870370597402424506e-01,8.998861325858544813e-01,7.199654078071147101e-01,9.724220877115798967e-01,5.377441780500691326e-01,4.175778388231742855e-01,7.810000460973893777e-01,8.103871359179238842e-01,8.095101491677861860e-01,4.148071944018442148e-01,3.498160318299595728e-01,-1.810898545026739526e-01,6.655995874117497380e-01,7.143012025232486906e-01,7.325681641803296618e-01,7.828418956944065421e-01,6.628145193566070681e-01
7.966437235860763799e-01,6.049444091391599221e-01,9.935963706082761027e-01,0.000000000000000000e+00,6.207751259848708347e-01,6.635728956900708297e-01,6.833106473687263760e-01,9.001835015814612095e-01,6.264960440180259438e-01,7.627675216747166198e-01,2.832708216123305256e-01,2.170818352685443542e-01,9.617630998220980665e-01,6.065841374571616651e-01,6.289906747654265828e-01,4.262259416144171809e-01,6.204639777985709870e-01,7.199413768667203284e-01,4.320309051491651453e-01,6.256639628188587210e-01,8.481906564374862567e-01,8.527715356853273754e-01,8.252574646331427566e-01,3.622602040249229827e-01,5.047002883369900994e-01,8.280213303647919743e-01,3.571115594374979496e-01,4.612862010423579573e-01,5.539920882912502398e-01,6.743422655752772110e-01,5.126875169416358347e-01,4.996941927055040811e-01,3.887007898433506026e-01,5.568719757769298173e-01,7.370490966316666226e-01,2.579683982502453676e-01,5.729759777430901702e-01,7.417253447268160604e-01,9.969683372004254363e-01,4.663297402969022176e-01,6.508957482142053719e-01,4.893385189655346523e-01,9.974270420996595998e-01,9.051643622842946435e-01,7.150582602000760124e-01,6.407306861290427147e-01,4.915972336814294907e-01,4.732008189523233543e-01,7.975785331485859553e-01,9.614806078846451776e-01,5.770751480039899572e-01,6.303424756919878691e-01,5.146656341059870909e-01,9.492107269627375610e-01,6.358740773853945871e-01,6.357412138231971488e-01,8.802730092931302375e-01,7.614360679213834082e-01,4.208307988626973639e-01,5.321992559791509647e-01,5.801721253118590216e-01,6.865692419278134340e-01,7.244364889783636574e-01,9.967417350685843225e-01,4.737022252879177775e-01,8.822641610448951344e-01,3.553057395472655200e-01,5.838857740060963142e-01,2.467933820631105502e-01,4.461400156033083486e-01,9.192540781376545844e-01,5.120196573060551426e-01,4.468358340279194318e-01,4.281502787853191383e-01,4.082226720507492468e-01,4.595816890151304124e-01,4.821599029629599076e-01,2.143597391148137632e-01,7.504292017242847335e-01,4.655668851456838953e-01,4.918567646162873008e-01,5.122663146331263295e-01,5.745369986535761031e-01,1.498973638847815593e-01,5.316550010657832281e-01
9.808762025746624591e-01,5.878881927281975894e-01,9.781793471252907546e-01,6.207751259848708347e-01,0.000000000000000000e+00,6.925812835010559665e-01,4.061447901393013260e-01,1.242263956722032825e-01,2.541282639679696143e-01,5.156241286896358078e-01,7.373749930281783271e-01,4.911119859889496730e-01,9.870440593938520912e-01,6.217685772590224591e-01,9.052819692583334854e-01,4.554315172031143111e-01,6.707534438967452939e-01,5.089194444741070855e-01,6.521983052272961601e-01,6.166529007162195875e-01,8.061029142571667361e-01,2.538557810270285486e-01,6.164048255818160849e-01,7.328814045902530550e-02,3.323902241337266528e-01,8.265463816657926399e-01,6.506833783092897949e-01,2.664727369027184434e-01,5.406020915172944363e-01,6.366859301555275463e-01,1.344183376355770621e-01,5.666661788506921482e-01,5.349637097502802918e-01,8.999822360784156539e-01,6.170623016232374969e-01,4.439754117501291120e-01,2.796433465488323833e-01,6.546176011708199072e-01,8.928582741413410018e-01,7.193269448682199085e-01,6.636704630129741656e-01,5.368895036245733277e-01,6.621848996586363612e-01,6.009352807474471758e-01,8.376749993100516267e-01,4.839496685824191680e-01,6.456420435329590646e-01,7.292845112220612824e-01,2.345922165935203918e-01,6.886738859598042772e-01,6.985129886989995818e-01,9.534199417187413372e-01,4.729759529644703142e-01,8.642724990084954539e-01,9.670697768472032996e-01,6.913704338101559488e-01,5.466258998075573805e-01,4.815355625254587602e-01,2.381998605340961694e-01,5.718616676683365707e-01,2.331132800349499934e-01,4.326813939584160384e-01,8.499620294698244649e-01,8.098246540677020988e-01,6.422275989525831896e-01,4.232311946681889259e-01,9.326532664226145908e-01,5.546079819863927174e-01,5.585011856125183805e-01,5.473368729229384222e-01,7.657516048602485137e-01,4.696552380800982918e-01,7.056281826791198641e-01,4.554991415172750524e-01,5.382208197016217222e-01,4.684680933024830685e-01,8.239226663355769809e-01,6.145261181521650684e-01,4.274652390502413635e-01,2.649768107110690996e-01,2.582773152078848278e-01,9.063166680940918374e-01,6.809263301305037430e-01,5.755877132328689472e-01,2.240258137176376063e-01
2.612457896739315832e-01,3.214720932121167274e-01,7.357225112836160985e-01,6.635728956900708297e-01,6.925812835010559665e-01,0.000000000000000000e+00,4.505338793017734655e-01,6.281216846249018104e-01,6.975486630179226211e-01,5.727513267281341136e-01,7.950004124265298566e-01,5.233950473362813938e-01,3.025817034382821125e-01,7.135445179391654014e-01,2.571744936731798492e-01,7.368261038948025199e-01,4.667341281040971457e-01,7.856294800663982114e-01,7.808486676803665372e-01,6.153355486734730651e-01,6.657465016098457200e-01,4.501625798597931327e-01,8.108895911640905396e-01,7.190809211484354702e-01,3.569116731822208344e-01,8.610294012163740573e-01,4.384563198374952231e-01,7.204970728505526445e-01,6.023916718515550661e-01,3.480441749142271779e-01,3.873853548152872417e-01,6.257033280297721323e-01,9.584021131872473287e-01,7.833979784721395445e-01,2.333985190643477758e-01,7.733341762131473729e-01,5.181132532549413972e-01,3.218591920798602457e-01,8.746482998658913210e-01,7.925973133872310505e-01,5.789719841392522159e-01,3.453927867928237028e-01,8.431596029704327977e-01,4.211174507339002782e-01,5.903946193555071886e-01,4.230129274794710570e-01,7.670808933513196815e-01,7.682457137845259965e-01,6.149064762411780016e-01,9.080030799678183717e-01,7.477858129606759219e-01,6.037300910784267893e-01,6.571112520764390563e-01,1.508532779897836518e-01,6.067281583384432908e-01,8.907806964246715031e-01,7.238440870507852898e-01,4.283381167418912061e-01,5.795348684614208823e-01,4.483951511648082700e-01,3.013283638800148823e-01,6.634763940935295423e-01,5.262437885628982182e-01,6.594204601594131354e-01,8.274320788165631102e-01,7.699128454023770329e-01,7.717209833535777497e-01,5.892546100448587953e-01,7.985009083977251398e-01,6.008232503798948132e-01,5.720989645478751218e-01,5.560646969209328550e-01,3.434445565379866672e-01,6.187874545748484056e-01,6.824960091081290203e-01,6.705031813920964145e-01,3.118535794156269692e-01,3.743379882170490003e-01,3.532537824162713669e-01,4.032398016794958018e-01,9.902376353465900394e-01,4.364352629153145369e-01,5.047274180674421462e-02,4.759734718374979412e-01,-1.021940536941173538e-01
6.139235072928979076e-01,3.911590190992908500e-01,6.907663246307731431e-01,6.833106473687263760e-01,4.061447901393013260e-01,4.505338793017734655e-01,0.000000000000000000e+00,5.270361293796876900e-01,1.233458274092781998e-01,6.161743298845092642e-01,5.018964318126382107e-01,5.763603711564038168e-01,5.893634476322842097e-01,5.784256594501354654e-01,8.656612772173798431e-01,6.646894116780853456e-02,8.416442917509029398e-01,4.707836919285432464e-01,5.279706744918633010e-01,4.636097321377919411e-01,7.205699634838622636e-01,4.503765800257962248e-01,5.074700497177991182e-02,7.456323016368334722e-01,3.371807143881417335e-01,3.967635593011265005e-01,5.872588504395164222e-01,7.301896278706497545e-02,2.781593588010950469e-01,-2.148533928681800598e-02,5.499906906334576240e-01,7.515774576840081878e-01,5.104440463354267266e-01,7.135412740079598304e-02,2.165607098203492786e-01,5.475974214476155844e-01,6.280962895605624562e-03,3.700109840820565710e-01,3.007587795233230277e-01,4.321147465107055829e-02,5.749267217851751210e-01,3.950477135609170576e-01,9.364434418565675822e-01,6.933996428618627306e-01,1.058814983897804762e-01,1.391422058428239406e-01,5.420148585201919333e-01,5.412229617350027278e-01,4.626958110758587761e-01,4.952045164788459464e-01,5.412715626851652972e-01,3.333443236338857751e-01,3.130786798169256091e-01,2.431992556839462916e-01,9.331226632449020064e-01,4.049675353122472177e-01,3.685452964991701719e-01,3.387676069984445482e-01,7.437185441650397966e-01,5.818117527171424719e-01,5.453840211704930052e-01,4.322159018455179469e-01,4.467279292974118410e-01,6.993531615037312799e-01,6.127977147290224469e-01,3.652035168016485311e-01,6.278354023590096977e-01,4.866038736767998585e-01,4.554767758803499600e-01,6.341714916460570173e-01,5.816579004961619503e-01,2.808486129833961398e-01,1.870353005046379580e-01,5.348286607244246982e-01,1.212269409061148412e-01,5.531725559376727830e-01,5.848684933219009396e-01,5.092317877996035413e-01,2.590020809427613924e-01,2.056398219082632983e-01,1.168835546928290309e-01,7.161909321239028348e-01,2.175717870713615443e-01,4.776206312191268455e-01,1.736773772234444235e-01
9.955122997181227174e-01,5.201529847780140825e-01,6.121950769646553603e-01,9.001835015814612095e-01,1.242263956722032825e-01,6.281216846249018104e-01,5.270361293796876900e-01,0.000000000000000000e+00,7.393518675177011001e-01,4.495301173136345141e-01,7.791033609528799087e-01,4.092047383092721757e-01,7.895030744627479224e-01,2.022690962732837938e-01,2.496139474451535001e-01,5.975837478900059008e-01,6.720820548814880890e-01,3.384512878269940739e-01,6.845814353118344631e-01,6.022056835075320080e-01,4.779484413158874845e-01,3.201936986714327138e-01,6.114141822104516288e-01,4.896519364061581170e-01,1.155187998047519510e-01,4.648294092367061814e-01,6.138948662246690446e-01,4.399491823729869688e-01,4.561817044711742875e-01,7.198662500332712044e-01,2.558851630248803466e-01,7.014620794722676855e-01,5.424674854492355092e-01,2.318599370171363916e-01,7.022169947397530754e-01,5.889862112046895248e-01,3.224743914705664460e-01,5.958272171558016972e-02,5.384385073839854652e-01,6.362602968482493626e-01,3.199857116874854635e-01,3.684027458545003908e-01,7.331985599858610314e-01,7.390184445995308105e-01,8.673970373262288591e-01,5.379930887052510879e-01,4.341764307818739566e-01,4.396372879721848759e-01,2.871078544754546713e-01,9.097358484264423950e-01,5.942258210322348688e-01,6.875723385370380303e-01,7.153764762240984176e-02,6.601834714906464896e-01,8.912090422807401602e-01,8.963852189754796251e-01,2.002867332215469420e-01,4.815452304287554108e-01,7.094308337223131922e-01,3.548372437235486343e-01,6.385683748073317512e-01,7.268136287246342864e-01,6.707808985065487617e-01,5.698754634266847141e-01,7.037165104278552130e-01,2.125342749124025932e-01,6.733895455030124433e-01,9.037031536598190140e-01,2.934750348547291443e-01,5.004688807095609704e-01,3.347101884142811290e-01,4.932685224528827739e-01,3.118182838907914145e-01,1.242813798488979632e-01,3.385710173912395149e-01,2.202177311235144486e-01,3.457631094314843612e-01,6.059742384530776294e-01,5.162247091779390562e-01,2.683021796568352269e-01,7.811529103336058988e-01,6.278445529562235450e-01,8.032408324122766174e-01,3.642434921484387633e-01,7.716672649414219043e-01
4.352130552663668883e-01,5.140431341062797754e-01,5.766289479407651353e-01,6.264960440180259438e-01,2.541282639679696143e-01,6.975486630179226211e-01,1.233458274092781998e-01,7.393518675177011001e-01,0.000000000000000000e+00,4.182029582991784733e-01,4.030481944077781153e-01,2.375016734572601151e-01,7.767551797143253944e-01,9.113220863719825315e-01,2.375884267623741830e-01,6.801648281147789632e-01,8.686362827393615538e-01,3.828198161384622766e-01,4.002765222815479751e-01,9.126069204124162004e-01,8.754871427829974406e-01,-3.093772259725491303e-02,4.914115160706352126e-01,3.286899725044806209e-01,3.665757175285099256e-01,8.262700932741676718e-01,8.643116525662088989e-01,6.580131285724300470e-03,3.030814576994203535e-01,-1.555580878429627389e-01,8.023781391968816401e-02,5.868277127326267939e-01,6.004891934464279268e-01,9.990298565643184192e-01,7.440243051419448417e-01,-1.348041241278785107e-01,4.212388955499456467e-01,5.068124281873561676e-01,9.302609430752641906e-01,5.719800803271064549e-01,5.349425118584298922e-01,4.517825748404247777e-01,8.644897180033945805e-01,6.543404677660804580e-01,6.881244655444604952e-01,7.696791719387103825e-01,6.913888621349131292e-01,2.572867667781321699e-01,6.314422041763598781e-01,5.324120657317418237e-01,1.694981600222706664e-01,5.647967724304207016e-01,5.033105454297261971e-01,3.435730666528203914e-01,6.988008787366480901e-01,7.634266757308354467e-01,9.230412505982932975e-03,2.818901556174792655e-01,6.975518800654432194e-01,2.606603903375366849e-01,1.826563948569501494e-01,7.618056752465498516e-01,8.502359126403802314e-01,8.729775852022721994e-01,3.266652948823584035e-01,5.155914200273910009e-01,7.663934383271354678e-01,7.312264178137011239e-01,4.839039811632844801e-01,2.485417715117864135e-01,6.670617435171672938e-01,1.823186888155829688e-01,2.806598076316847989e-01,4.590077671146094995e-01,5.295662333370368957e-01,5.088324237434066477e-01,7.145735104734647347e-01,2.715287313490018228e-02,3.443282246849642125e-01,5.132020656205878995e-01,4.225844721442642560e-01,7.363609561761720324e-01,3.375330920744875063e-01,4.815587464388327854e-01,6.176373951111360228e-01
5.511327569539582472e-01,6.379440573861259178e-01,7.694750633105102988e-01,7.627675216747166198e-01,5.156241286896358078e-01,5.727513267281341136e-01,6.161743298845092642e-01,4.495301173136345141e-01,4.182029582991784733e-01,0.000000000000000000e+00,5.770766490978688212e-01,2.528645326088011513e-01,6.130301354915561607e-01,7.890345119774092586e-01,7.140547091789255507e-01,3.181026193277988190e-01,9.634713992763989099e-01,4.506149838433589627e-01,7.222667514471914352e-01,8.475036508033486626e-01,8.218851129178897930e-01,3.161326030726616110e-01,4.843345719499827506e-01,4.707716627841674883e-01,5.884076020360127224e-01,7.223394566451377674e-01,5.235017515421113155e-01,6.982082926282271451e-01,4.361255675542086707e-01,7.093850218796248219e-01,-1.356547435847433591e-01,4.327905015752894213e-01,3.884111068227865671e-01,5.611544017663743222e-01,7.444525655970788414e-01,2.470712210542585774e-01,4.667339747035442188e-01,4.903108110566773981e-01,8.162711928112650339e-01,3.013553490011502412e-01,3.446690095986899571e-01,7.360514927907265692e-01,4.626244360960841684e-01,5.472867413071896836e-01,9.936127447728042572e-01,7.248049432683543181e-01,6.206792638533832340e-01,5.838156093189005302e-01,6.861416855244534263e-01,6.441879914767021376e-01,4.667706545220842163e-01,5.832357922158692976e-01,5.255573725738585944e-01,4.853522285432010919e-01,8.924235621071670010e-01,7.404564890500112684e-01,8.436119080071444731e-01,6.434321213981146759e-01,7.603982021638689970e-01,3.104174400957553925e-01,4.838311400368104365e-01,3.149895536166138349e-02,9.143996126015447867e-01,7.046477282878824688e-01,6.469869703175744613e-01,5.785856469225995058e-01,4.612233528271699190e-01,7.684162694721681230e-01,4.527823791967526268e-01,5.308214281918898214e-01,6.927042696365895980e-01,6.447671963601818712e-01,3.803489955241904363e-01,3.155332631933724929e-01,4.935269295865294392e-01,5.539697402488634737e-01,4.077767896014129478e-01,4.266800551290689802e-01,2.343671349575835172e-01,4.458031942259770841e-01,8.302703275754744761e-01,9.548148918779175709e-01,6.695002823449998086e-01,6.527612261665780569e-01,9.909482738767887433e-01
5.807481411029967733e-01,9.595556944085632534e-01,7.018216522367018984e-01,2.832708216123305256e-01,7.373749930281783271e-01,7.950004124265298566e-01,5.018964318126382107e-01,7.791033609528799087e-01,4.030481944077781153e-01,5.770766490978688212e-01,0.000000000000000000e+00,5.880359218215908124e-01,9.648233968382268211e-01,7.535376216802576188e-01,4.633509676698021051e-01,1.474209071204335975e-01,4.490386927221565183e-01,4.006022178437169123e-01,4.734595736348407025e-01,4.308223029867055964e-01,7.677537973275061489e-01,5.954752725725407370e-01,8.083341786287259745e-02,9.779304476634107512e-01,-1.936236353107110841e-01,6.237233563887550902e-01,8.245672801305780064e-01,4.933289070384358488e-01,4.572011990549480764e-02,7.487868124741210718e-02,2.766229753613979048e-01,6.877726643314711064e-01,8.622121209851232315e-01,6.445898227283382020e-01,5.200227220001920614e-01,4.043885698230509362e-02,1.752471784195595017e-01,2.937404793565432937e-01,9.958372247951818856e-01,3.448797384405917210e-01,5.074176718397652719e-01,6.715730151754943922e-01,8.664131887968299361e-01,2.251436130744031705e-01,6.628580058837840738e-01,8.238482292739237600e-01,9.041373590625294554e-01,9.442455369173923252e-01,2.458898558955216473e-01,5.042829410511426858e-01,5.632778348912486077e-01,7.411179062765458347e-01,6.979376227623715900e-01,7.595191920952861775e-01,9.334559928116336058e-01,6.529635318761966012e-01,7.449785534635058326e-01,4.551048431574854503e-01,5.005533317483467082e-01,2.827946605250633016e-01,7.985475519400618838e-01,5.696000565277155037e-01,5.353742931566847219e-01,7.865217667584866179e-01,7.693704732322566020e-01,4.066363643281228901e-01,9.912508257849567128e-01,8.840847608551524184e-01,6.967148282125275038e-01,2.122594381634187732e-01,9.683941868070904402e-01,6.868690947151216974e-01,1.192743043262777802e-01,7.055319846891563440e-01,7.746083524272571186e-01,5.363747326865315745e-01,-1.165808634243313269e-01,2.902495353521826194e-01,3.189187736687802976e-01,-2.396326397111647744e-02,2.615273895290807782e-01,3.697505329678764108e-01,7.219748851773096776e-01,3.249166106604933074e-02,7.929440928240977238e-01
6.729762767077630548e-01,3.508877607364959683e-01,4.744523126308131111e-01,2.170818352685443542e-01,4.911119859889496730e-01,5.233950473362813938e-01,5.763603711564038168e-01,4.092047383092721757e-01,2.375016734572601151e-01,2.528645326088011513e-01,5.880359218215908124e-01,0.000000000000000000e+00,7.448804262233074125e-01,5.542708918982993671e-01,3.368558007041588809e-01,1.748583103112577586e-01,7.596009808332067070e-01,4.147671826189782140e-01,6.956670258845475407e-01,5.854673334673019536e-01,4.711998892832088282e-01,4.026941858952738373e-01,5.016448730097293751e-01,7.432039796952824018e-01,4.138407246648896365e-01,8.628647191969904817e-01,3.948813627847549412e-01,7.862260245196464048e-01,2.746407961549462984e-01,4.234699106495234955e-01,7.069535948700349515e-01,2.919497916193397047e-01,5.961851071420247727e-01,8.528844518767673133e-01,1.434142651628553533e-01,2.858675808526132123e-01,1.965420211383713534e-01,6.519983286465711458e-01,4.395937171925713427e-01,7.042533520343751130e-01,6.500943411360244895e-01,6.123925723783426589e-01,2.179889250282818769e-01,5.760431655811164564e-01,2.106019307602033652e-01,1.499607390153312181e-01,8.695788598175543394e-01,5.694066580250219944e-01,5.128094422832901733e-01,7.173405461411017647e-01,6.495417366649907098e-01,4.920753161929070085e-01,8.376280320792980350e-01,3.270065320953299270e-01,5.112220209493092415e-01,2.760867080749010438e-01,4.319613802186523799e-01,5.203915787429140849e-01,9.558396892669070999e-01,3.389464090068237123e-01,7.160830173384729047e-01,5.121123760375599909e-01,6.534131937304303861e-01,1.397433537752048316e-01,8.220392378066271322e-01,9.677475185828323667e-01,6.726434605838048642e-01,8.682846554439613840e-01,7.426826913296142862e-01,4.738849208723960316e-01,7.022029170561944200e-01,9.360088924330327576e-01,5.866546079651918655e-01,5.069998240451532023e-01,-1.330224484135855700e-02,9.737066336758665175e-01,2.010111948351906430e-01,6.960648212133608848e-01,4.279260298397722512e-02,5.283516208202806430e-01,5.472377204476581714e-01,7.943875111759114427e-01,8.033366203916895154e-01,2.622354591894747178e-01,6.621993937319899937e-01
9.909436983188361081e-01,9.573494651626534013e-01,9.022170104702353921e-01,9.617630998220980665e-01,9.870440593938520912e-01,3.025817034382821125e-01,5.893634476322842097e-01,7.895030744627479224e-01,7.767551797143253944e-01,6.130301354915561607e-01,9.648233968382268211e-01,7.448804262233074125e-01,0.000000000000000000e+00,4.345116643171247905e-01,4.131936159931505759e-01,8.199969840267483656e-01,9.736105378861433790e-01,5.690634220294483736e-01,7.785969319232571850e-01,9.933366723330993020e-01,8.203576324612661397e-01,-1.062064444992242840e-01,7.376992340693853123e-01,9.861211014762412130e-01,4.043121193646848077e-02,3.688863797288166047e-01,9.691685112513314104e-01,7.160601723054227374e-01,-1.988066614344668470e-01,3.812263424365743836e-01,4.364947407592058570e-01,3.909782120350928647e-01,4.593761080535424535e-01,3.337916100574734868e-01,6.747373635844278184e-01,3.288256505158588250e-01,2.210159978929835400e-01,2.536131467587505739e-01,8.379074381812108285e-01,4.002266937741539854e-01,2.486113273477288388e-01,6.567947788149794963e-01,6.721283700756811585e-01,3.028269220995063460e-01,7.332922675831499149e-01,4.432737738134116534e-01,8.288119744161379643e-01,6.084881903091301503e-01,3.544976561169844720e-01,7.930772179399085964e-01,7.096367892981760850e-01,9.034785170296941725e-01,3.938104172118687685e-01,8.721237784969140261e-01,4.238252737694601091e-01,6.117088296643398149e-01,3.982663479060115086e-01,6.476345818338975491e-01,6.789637777361869908e-01,4.138441655212395931e-01,5.441312997034278842e-01,8.994585979511119378e-01,6.395900605222439861e-01,4.861853533805346461e-01,7.263349972102242091e-01,6.567826479509477622e-01,8.752599216179378638e-01,5.264107762212090202e-01,7.044714351226684101e-01,7.147302859131319241e-01,7.433560029494364896e-01,7.198081696477864888e-01,6.967583428963388670e-01,2.685471140595758754e-01,6.621023738839981743e-01,6.598935947311852512e-01,8.856623926200756225e-01,8.142841103642980416e-01,3.601240221318964818e-01,1.242436737965187110e-01,-1.436891982583146377e-01,2.564689489097493058e-01,6.414018021112923851e-01,5.070959411301575459e-01,9.014445833262412222e-01
8.467949803799172948e-01,7.068160111351787789e-01,9.435587415286101898e-01,6.065841374571616651e-01,6.217685772590224591e-01,7.135445179391654014e-01,5.784256594501354654e-01,2.022690962732837938e-01,9.113220863719825315e-01,7.890345119774092586e-01,7.535376216802576188e-01,5.542708918982993671e-01,4.345116643171247905e-01,0.000000000000000000e+00,3.646734385693825020e-01,9.200133332675570763e-01,8.365277532635835289e-01,6.474576221936690912e-01,6.509909454877564894e-01,9.754488404930112821e-01,6.871792192182525350e-01,5.270053811888582018e-01,6.612389720066232934e-01,8.570762056505687454e-01,2.573867257257597685e-01,7.325158255664473428e-01,7.466241715219390507e-01,1.017331471120365149e-01,-1.313986407853489080e-01,5.821182745116950663e-01,5.456841777331631338e-01,5.948926899017850101e-01,7.630569169643853789e-01,7.383628833806052949e-01,6.378426872572210415e-01,-1.074899628235843757e-01,4.875976044035632007e-01,8.441137921101755648e-01,8.422001837088066711e-01,6.283961312654667841e-01,2.374958803238058080e-01,7.807795496392476720e-01,4.806024806668549587e-01,6.319038307437138124e-01,9.809591659366057037e-01,9.354972113909225673e-01,9.655741284745273934e-01,6.176641997582080768e-01,9.327084058219416995e-01,5.219080699346746455e-01,7.036319723976801610e-01,8.527547258537662156e-01,4.781306060980995420e-01,6.947943002312448879e-01,5.461838032825931943e-01,6.100188884648268806e-01,3.916215823733598667e-01,5.915141720200243203e-01,5.403119956025764781e-01,1.517987029721336034e-01,3.166331770462271766e-01,5.712464014150520075e-01,8.615675838547383059e-01,8.547588513013021361e-01,7.023394838455683242e-01,6.719867304928284213e-01,5.554385231455934990e-01,7.306255316600523964e-01,4.897834735017477792e-01,2.257138003322185782e-02,8.528691913755879206e-01,9.976572295092320797e-01,6.222297200859761013e-01,-5.425103215947763013e-02,8.821610688773711129e-01,6.040198933461455866e-01,5.515196603699130673e-01,9.117845227992442680e-01,3.880553797769643598e-01,7.885360905113665275e-01,2.401272271482299547e-01,8.323099418353381296e-01,6.317050499171111833e-01,3.345823354819393858e-01,6.533573314264528031e-01
6.165546487747478599e-01,6.014252042341278193e-01,8.407189718913530285e-01,6.289906747654265828e-01,9.052819692583334854e-01,2.571744936731798492e-01,8.656612772173798431e-01,2.496139474451535001e-01,2.375884267623741830e-01,7.140547091789255507e-01,4.633509676698021051e-01,3.368558007041588809e-01,4.131936159931505759e-01,3.646734385693825020e-01,0.000000000000000000e+00,3.335875766835576517e-01,1.151582757739455509e-01,9.971543947076645376e-01,4.538143824173184737e-01,6.378381196754463467e-01,4.024662326182968930e-01,9.279760025410902502e-01,6.063350608836927114e-01,9.961519435332327754e-01,6.077960015484119571e-01,6.050494108043822372e-01,7.498660699589840828e-01,6.757020691269451929e-01,3.568010372922123530e-01,6.111165836984014388e-02,5.022055766696990053e-01,1.846432690411140276e-01,1.256699028556859665e-01,6.785596127844719661e-01,7.422496504946959339e-01,6.670862357503776208e-01,3.334787146774588762e-01,7.684686604993973269e-01,9.885398953580079029e-01,7.267698000579543294e-01,4.139770310709284251e-01,6.593149506494133671e-01,6.451027713348331805e-01,5.832066085342373363e-01,8.469057773501338371e-01,3.184509397352830451e-01,6.550315390859312581e-01,6.661721940490852312e-01,5.598093126748715509e-01,4.658697237532916646e-01,5.090105718645026034e-01,7.097458584808176429e-02,4.939070450237936782e-01,4.101448606504382033e-01,9.916448874685609427e-01,4.771704790773344529e-01,5.178827105765223537e-01,5.668284754527777025e-01,9.477599798414959587e-01,1.730761742537572923e-01,5.911775831630030620e-01,5.688513386990240450e-01,7.286269601837973564e-01,2.896909397666421193e-01,5.139491655521702951e-01,4.674952138351421427e-01,4.905298297361087023e-01,8.497185825945299253e-01,3.985864083649638401e-01,4.847715429459011904e-01,3.874453859704766190e-01,1.439884383732557560e-01,3.651829728433636513e-01,3.619939794686846124e-01,3.588470754268936469e-01,3.719617042365384041e-01,6.056465630542471335e-01,7.939326019575896343e-01,5.247486480432607125e-01,1.248488798685553625e-01,6.242334525905924858e-01,7.294192723251895494e-01,5.671696360651026225e-01,4.077583870675889899e-01,1.312330548922411855e-01
9.665411921189817068e-01,8.639289297988618221e-01,7.514402474071003590e-01,4.262259416144171809e-01,4.554315172031143111e-01,7.368261038948025199e-01,6.646894116780853456e-02,5.975837478900059008e-01,6.801648281147789632e-01,3.181026193277988190e-01,1.474209071204335975e-01,1.748583103112577586e-01,8.199969840267483656e-01,9.200133332675570763e-01,3.335875766835576517e-01,0.000000000000000000e+00,5.861913948757743187e-01,1.225493722067846347e-01,7.907419244537186032e-01,9.706765482653638699e-01,7.528781304499922999e-01,2.615056908035177097e-01,-6.211910248998916972e-02,5.238323054623255509e-02,6.741659889365765324e-01,2.366039953892151715e-01,6.075955283368320581e-01,4.803725598186088241e-01,4.666572965139935136e-01,5.410430986852333701e-01,6.247783994900402149e-02,-1.135899626171080895e-01,5.068664500720480026e-01,8.935511702653072819e-01,7.789999675241615629e-01,-1.479663214574143959e-01,4.228425539033469488e-02,7.208556390590689089e-01,8.727575172978516704e-01,7.996731371897478624e-01,3.995168305452719837e-01,6.093583045191532932e-01,6.301900326239212591e-01,7.708625682422574066e-01,6.142332473039145979e-01,6.469065529721313990e-01,5.801793558214163316e-01,6.089594901316375264e-01,9.121022382154254649e-01,6.654849824590743923e-01,3.846602237216243392e-01,9.372225704037102922e-02,9.376271388581751687e-01,4.920175647312412526e-01,3.042396978834552845e-01,8.917944783956692767e-01,6.280643431589602033e-01,8.626160404680112415e-02,4.830714911016835700e-01,4.486841530417663981e-01,2.200798976435742182e-01,5.752804418907083717e-01,4.099295119545492416e-01,6.177716749801306362e-01,7.095303594913893175e-01,7.376213042442553158e-01,5.875602645277069325e-01,1.038398422337267618e-01,1.348541026882699445e-01,6.431422223039231501e-01,9.674522081330511059e-01,1.798350137146320638e-01,2.641763643511598758e-01,4.395087697042047159e-01,5.629304928908647199e-01,7.717537909746661207e-01,2.889552045365860189e-01,4.172729750988645181e-01,2.361050686009144584e-01,3.749599090456405825e-01,5.668906125103436722e-01,8.618413426611740702e-01,7.458708748551216017e-01,5.509724411285701340e-01,6.275477392501358498e-01
6.027329060185849796e-01,2.145288494207766017e-01,5.462898965232758641e-01,6.204639777985709870e-01,6.707534438967452939e-01,4.667341281040971457e-01,8.416442917509029398e-01,6.720820548814880890e-01,8.686362827393615538e-01,9.634713992763989099e-01,4.490386927221565183e-01,7.596009808332067070e-01,9.736105378861433790e-01,8.365277532635835289e-01,1.151582757739455509e-01,5.861913948757743187e-01,0.000000000000000000e+00,2.107049572479160748e-01,9.892862480470249187e-01,7.417414581928425399e-01,9.037107843142193619e-01,9.453620280675196774e-01,5.054660925002222305e-01,8.234471492441567397e-01,6.361750741140197452e-01,9.683983425389057764e-01,5.886998497240318873e-01,7.987185337880013947e-01,4.858669637359697147e-01,2.294325588644287595e-01,5.005858471885308303e-01,3.412978773976351743e-01,4.518141328324836170e-01,6.869349467899783790e-02,5.826114731788883949e-01,4.415820187476744707e-02,2.473056468782426909e-01,4.352031712371652317e-01,6.523940026383037161e-01,7.095455381087715230e-01,6.755279621688723424e-01,6.991831351476329726e-01,9.506260418318117633e-01,5.078553876566889169e-01,7.443600067183655522e-01,8.017971954940975587e-01,8.657256554773836710e-01,8.477996651934378569e-01,4.665104303638252237e-01,5.375252543112905013e-01,7.012782720014827664e-02,5.197948467143547191e-01,9.933242936558774883e-01,7.448506895588185017e-01,7.069689890674036858e-01,4.427488054310140253e-01,7.183864977244006633e-01,8.490774648567077643e-01,6.516009642637308197e-01,6.022336213476398026e-01,4.166516607624554669e-01,7.379858369752940739e-01,6.680313661799460734e-01,6.025386826433798415e-01,3.546198491885983461e-01,2.502634634230204713e-01,7.885642659096510076e-01,8.651097528665505632e-01,6.399771999251451238e-01,6.456724342836401842e-01,2.018927990794365246e-01,7.232140545287380103e-03,4.092604694124880038e-01,4.663602439416567047e-01,7.370344490380067448e-01,9.499450165547546066e-01,8.799412761757510193e-01,5.824151892128114349e-01,3.436938634626681699e-01,-1.063923163702240327e-01,6.154560106321933510e-01,4.735718594600635267e-01,5.904054555163420481e-01,2.493381956833810587e-01,3.594026312299660741e-01
7.202536832702115532e-01,6.690245129127175838e-01,9.244590388994783359e-01,7.199413768667203284e-01,5.089194444741070855e-01,7.856294800663982114e-01,4.707836919285432464e-01,3.384512878269940739e-01,3.828198161384622766e-01,4.506149838433589627e-01,4.006022178437169123e-01,4.147671826189782140e-01,5.690634220294483736e-01,6.474576221936690912e-01,9.971543947076645376e-01,1.225493722067846347e-01,2.107049572479160748e-01,0.000000000000000000e+00,9.313178669840267432e-01,8.706781460486079371e-01,4.169961091463517122e-01,7.549425785506866937e-01,7.602856783542807362e-01,9.541935187589813960e-01,4.017302236138435845e-01,5.836581959554194843e-02,4.900365413933444048e-01,7.789024568835770657e-01,2.267344058436080723e-01,4.767982455979019041e-01,8.337952242952605120e-02,1.615481064707836034e-01,5.186357331232367418e-01,6.199409081434745783e-01,5.922375774006098936e-01,4.112288435391308616e-01,9.961637209765349110e-02,7.656795067080895967e-01,9.519936455937904052e-01,7.840016235938485067e-01,5.070278991223176046e-01,7.125069177532639131e-01,8.586502219610252506e-01,4.332513464424058158e-01,2.605890189208444063e-01,3.290501529917903012e-01,3.413527220314025445e-01,7.501953619690798769e-01,5.601106893649415719e-01,4.526249128552696233e-01,-5.575397003656501482e-02,6.436903269643057257e-01,7.512664075760004945e-01,9.876154059257100659e-01,7.119108327455739849e-01,4.195130446658673629e-01,7.169138127010752370e-01,8.790462354936754430e-01,9.944135168990374529e-01,4.842893836538590957e-01,5.626912513264183957e-01,7.843667620154982645e-01,5.879483044586214513e-01,7.893520082659701842e-01,7.891985423398839572e-01,7.737855685620744772e-01,6.653086244712452801e-01,6.496660949848602762e-01,7.632506006046994029e-01,5.498044475875308867e-01,4.679607914398827284e-01,4.493609867565538374e-01,2.811869889873045425e-01,5.182793182688452127e-01,1.742892640882669486e-01,7.837435743044312009e-01,6.408754690539827381e-01,7.711975626304681253e-01,3.555510643573066565e-01,-1.244007720060632538e-01,1.272307809467195239e-01,5.674865359027586598e-01,8.653709862869628511e-01,8.328280804729182307e-02,5.361997058515035608e-01
