0.000000000000000000e+00,7.611720975632392250e-01,9.744156579396631157e-01,7.952047305951965850e-01,6.728494262324969943e-01,5.878719052643790466e-01,7.178269618929403739e-01,4.993760938696991669e-01,8.719566777787450818e-01,9.433182011809444489e-01,8.697522315147699912e-01,3.139145745987517166e-01,8.118586951420654341e-01,5.135165562280166185e-01,5.238701251070090326e-01,9.376410016188425622e-01,6.173992507736455471e-01,8.221266281405644749e-01,7.037308957728379832e-01,9.094851146290299226e-01,5.708434285920040985e-01,5.130126540771539068e-01,4.227593420927883705e-01,9.342493840860716103e-01,3.408355947962645183e-01,2.013483158410441232e-01,4.747946931461641262e-01,2.803741848284869165e-01,7.468976267501385990e-01,2.328707777326524675e-01,1.107774245389678974e-02,5.501072962899021812e-01,8.395861395324628607e-01,7.060359579093663518e-01,9.867044193937541952e-01,2.133590071872746852e-01,3.441327876151505372e-01,5.306051268011476862e-01,6.410721965847678838e-01,6.900032096828689898e-01,2.908537188116395722e-01,4.209712166984589943e-01,8.172639940261159364e-01,8.010829455235894958e-01,7.301954494768209125e-01,7.624495203695795809e-01,3.660320172443592979e-01,4.744024816176901083e-01,7.736286414344648588e-01,7.409549945642494029e-01,6.758532065617751661e-01,6.527342153290527360e-01,7.782151960312729821e-01,6.521204777428585286e-01,6.428062175092039698e-01,4.396018923414019564e-01,5.687269276627288095e-01,9.527044568670876012e-01,5.427012207460553128e-01,3.797335659570150734e-01,3.409756935633679875e-01,8.637719491087056944e-01,7.807242871440066567e-01,8.197319654983329373e-01,5.494174505675037956e-01,7.734761088207569024e-01,7.782657004009668755e-01,4.766483542812499086e-01,4.089219018196657562e-01,7.255424624706109382e-01,4.945822803324130823e-01,6.706715016566754395e-01,7.199009280379631281e-02,4.938143815309158913e-01,9.139545436878282469e-01,6.282138474238395665e-01,7.041885009948591900e-01,6.890660507562886838e-01,3.914761049683113114e-01,3.225331639208752210e-01,7.208426535401984969e-01,8.835142738572349108e-01,9.359096696579377594e-01,5.907674936586598813e-01,1.523994393004968195e-02
7.611720975632392250e-01,0.000000000000000000e+00,3.152299061794945345e-01,6.757325062187706788e-01,4.872359805811910527e-01,9.914106070350344746e-01,4.563175417473135931e-01,6.120388318269937011e-01,1.135124679771367245e-01,9.897520713104037693e-01,5.024948646006442976e-01,4.221984529242105988e-01,6.951335320237905790e-01,6.846522162740911188e-01,6.937487597833615904e-01,6.896017696164870037e-01,1.669591993081277481e-01,4.362814687282171588e-01,7.869140764769324559e-01,8.201520162651947388e-01,3.622599972808069335e-01,4.704404240905137313e-01,7.798583186516515608e-01,6.696532298797814864e-01,7.440406661275507094e-01,1.123510494922305702e-01,7.795472128546738766e-01,8.812692713331615746e-01,5.908424507748020194e-01,5.663170486151726246e-01,2.433705579328435120e-01,6.908230632658208803e-01,4.362837849422770975e-01,6.632752092773237518e-01,3.602177697616826269e-01,1.806110613367073459e-01,5.009143648039049435e-01,6.642791021422210784e-01,9.102451451857281883e-01,8.651021183811854476e-01,6.422186805399352494e-01,8.435723545064197637e-01,9.524572721768002070e-01,1.319402748830326988e-01,6.629125144468930309e-01,6.310621180822433285e-01,9.839227387391490387e-01,3.897327856709235094e-01,7.596515066207910616e-01,6.377680329133461612e-01,5.644123190221255193e-01,6.084319616472044778e-01,7.304699739111907286e-01,8.629022930196885710e-01,9.122448336241152367e-01,8.600613983401795837e-01,5.116407747965816544e-01,8.763571122938319524e-01,7.749466556805006956e-01,5.994557629491585882e-01,4.373689143625409392e-01,7.731455560278106542e-01,2.322223785598254153e-01,8.325872229205737440e-01,9.058270654194170435e-01,8.964102231463557668e-01,2.576757180184842677e-01,4.028443908795505957e-01,5.051761297920819294e-01,5.052134631169240553e-01,8.110384185602206308e-01,9.447188248408997513e-01,3.772152120872557246e-01,3.433174484150807171e-01,5.716596259177755268e-01,9.710887035799683487e-01,6.946145303741799726e-01,7.536753430215645810e-01,3.477561776711208807e-01,2.629459168506480538e-01,6.164686408537078943e-01,5.874932959937025911e-01,7.631032709428211547e-01,5.225586907834897099e-01,3.291352962459295206e-01
9.744156579396631157e-01,3.152299061794945345e-01,0.000000000000000000e+00,6.591701617355130161e-01,6.128982128202681290e-01,8.245303226228115623e-01,6.442030967865954860e-01,9.578726256363777614e-01,6.316916855944476605e-01,7.353097601702143216e-01,3.149033794384084040e-01,6.898391465818948243e-01,4.738237612603505289e-01,4.924607240575689660e-01,8.524543751282538384e-01,8.219058563521526306e-01,9.747107322092263271e-01,8.959347514337578922e-01,7.063028162051641079e-01,2.009698944194007741e-01,6.616763803667100596e-01,7.522767916675210387e-01,5.762399990982820519e-01,4.171320724862742635e-01,8.364943480127805531e-01,8.292924006596248399e-01,9.245253738187955150e-01,4.249215659220517138e-01,-1.244237826330810009e-01,2.904306007386984190e-01,6.092252106210087614e-01,2.758609017665348828e-01,9.051631588579086563e-01,8.496590322152988151e-01,4.954703275703314369e-01,5.366673504540826478e-01,4.505260052379486124e-01,9.739704892209042342e-01,7.942975482973577694e-01,8.415940363097325072e-01,-1.658045786546003542e-01,7.750579866225713044e-01,7.868006280067099123e-01,4.764063380781878299e-01,5.872726439299094103e-01,1.762809677182363977e-01,2.792504033165063015e-01,5.015034299314140576e-01,9.776834250395325387e-01,4.307247462514922631e-01,9.836726460258031768e-01,5.140101239847153503e-01,5.819008244062785495e-01,3.478049432117260586e-01,2.912319945065613425e-01,4.756602645844947297e-01,6.044727398185167910e-01,7.012891208891617323e-01,5.892630809185623875e-01,3.944566284785380184e-01,9.452544527788939721e-01,5.007789487134790551e-01,6.112237222616356824e-01,7.793283177518115501e-01,9.074869697997685059e-01,6.171484763988537292e-01,7.045479077667395895e-01,6.417750161348310112e-01,6.493732690071701841e-01,7.290233041817331117e-01,4.373977932786339284e-01,6.091854003825509789e-01,5.716891439050140189e-01,-4.454620614140852863e-02,8.936658060588048569e-01,7.563942893866270056e-01,8.642699480795462685e-01,5.827783672216225730e-01,9.579275863504777000e-02,6.567598311326937610e-01,8.772289581242955769e-01,8.420663509579844330e-01,6.415768890847382000e-01,6.376611910623393165e-01,6.826597585898268594e-01
7.952047305951965850e-01,6.757325062187706788e-01,6.591701617355130161e-01,0.000000000000000000e+00,7.220741545049000898e-01,5.509368529670204406e-01,4.419756810128936952e-01,6.473347795926189807e-01,5.664088369803724765e-01,8.778044638821662637e-01,6.208646649375506588e-01,8.732153322422401276e-01,4.401229014765897229e-01,6.655601296366576713e-01,7.880145219644950627e-01,5.061627563235965299e-01,4.714735995506758592e-01,6.137404717957024580e-01,4.343975106568905842e-01,5.957928257984942411e-01,8.915008612074798444e-01,7.112177681356554038e-01,7.537124912120671816e-01,7.748106193565656996e-01,5.243840474611697333e-01,7.659865253693366460e-01,6.655248173269115997e-01,8.790742599946362867e-01,2.056442227752882657e-01,1.779698106298872526e-02,3.843537541619361786e-01,9.048987090353819429e-01,6.896684551357373794e-01,5.105919471110779151e-01,6.165280400098622771e-01,2.723302448311976098e-01,3.761516651154200863e-01,6.577439605074684170e-01,4.633071501809947756e-01,6.197918701405585873e-01,2.887862665118109406e-01,6.533952854450706393e-01,4.826867116506983191e-01,6.420850212855661043e-01,8.498827553872907448e-01,9.348200261466402816e-01,9.917396253596038047e-01,6.028684208209867945e-01,7.639527232210686636e-01,4.547611638343340701e-01,5.277972839888579459e-01,8.937011391760845136e-01,9.871704399925755880e-01,9.664037383002921366e-01,6.404910272503003821e-01,6.813168624016082697e-01,6.312102801689937204e-01,7.918464025912328452e-01,7.902309001538965205e-01,7.745322715427473970e-01,5.931997946469355076e-01,8.640424921006429893e-01,7.622478278707428556e-01,7.554861351625731247e-01,4.848906268310968631e-02,8.279152972447545444e-01,7.267171351300925064e-01,6.565154716534395973e-01,-3.097044909707016846e-02,6.481354040663254157e-01,4.127847612746604056e-01,9.828697537015863572e-01,6.504584791431672341e-01,1.262715794967363969e-01,5.569843837048562563e-01,5.056329150009607476e-01,8.972301080156876996e-01,5.242390517188565413e-01,5.733937542737890247e-01,2.421829739436828777e-01,7.554284708702300177e-01,9.598975733895530604e-01,8.643811911343171062e-01,6.036066778633104590e-01,6.489433326233609023e-01
6.728494262324969943e-01,4.872359805811910527e-01,6.128982128202681290e-01,7.220741545049000898e-01,0.000000000000000000e+00,4.715745957558759027e-01,4.464046159099939737e-01,7.944710998134383306e-01,5.335458296798766265e-01,5.042837179518574464e-01,7.214021213560850576e-01,6.702359562064215126e-01,4.809800119007632824e-01,8.798859350412190361e-01,2.062567564242314688e-01,6.380448764247221849e-01,7.088829023802625251e-01,6.937517250920127720e-01,5.313061510104685192e-01,8.138840242295312111e-01,2.456753146738898663e-01,7.332553210223302642e-01,6.156426911867710627e-01,9.442729697247398413e-01,5.391656078999128576e-01,6.874309761997371426e-01,9.569617093552750253e-01,2.029879328878196332e-01,7.290198154988002388e-01,2.205867167183926392e-01,4.397776824038142074e-01,5.330625355645761676e-01,8.192255644261908776e-01,4.891696899651325481e-01,6.466215474566906485e-01,2.071233851987689667e-01,4.405572259023130544e-01,4.190627915083374178e-01,6.255713585081487116e-01,7.391330853427287018e-01,5.214184851317934521e-01,5.907866733404905091e-01,3.104909121396668970e-01,9.216410083193541380e-01,8.198061168578529845e-01,4.191907886343244627e-01,7.105558953241478681e-01,7.417434647049838681e-01,6.653331893927375562e-01,5.598856377583578681e-01,3.546440173216718894e-01,6.636048825118069372e-01,6.297500837042062649e-01,7.755782975353967545e-01,5.730148306925797463e-01,9.841088925441316970e-01,5.220007294087781746e-01,1.810842321055976603e-02,2.042203872218780747e-01,2.283316250276353210e-01,6.586953793438325988e-01,3.774676627675948026e-01,7.380702279616729866e-01,6.539920099823116617e-01,6.260367879100139366e-01,6.314943090257135738e-01,6.750811510814244132e-01,9.067984244288908036e-01,4.119214970043684199e-01,4.027026259619003179e-01,8.402507420460154641e-01,1.683074091646497017e-01,4.376217661231204259e-01,2.970874810609409611e-01,3.511577048035519066e-01,9.547158613159008045e-01,5.066807970841417097e-01,3.469758820941495348e-01,4.884173651668008986e-01,1.598114860446773755e-01,-1.753597251791910727e-01,7.579180734834616295e-01,7.686112637378755830e-01,3.480062515170320170e-01,2.427142078721058471e-01
5.878719052643790466e-01,9.914106070350344746e-01,8.245303226228115623e-01,5.509368529670204406e-01,4.715745957558759027e-01,0.000000000000000000e+00,2.534646896983577258e-01,6.324294619519796878e-01,5.436053066340378326e-01,2.779600265974201956e-01,6.332098166066116307e-02,5.832622341609563499e-01,7.514961056833144859e-01,4.643445421434615888e-02,7.160500106876882542e-01,1.778864691052750580e-01,2.314871255432238706e-01,5.781891676208560371e-01,7.854806499289945787e-01,9.160066570032978639e-01,6.776001901884307621e-01,2.690587456581721160e-01,7.711281300534902350e-01,4.004445274317080528e-01,7.590377452770376010e-01,5.152863079987123340e-01,5.899271009843291003e-01,6.048376646849633609e-01,4.628356487063403080e-01,4.105905763799176378e-01,1.952548006585859419e-02,2.083156507682872305e-01,9.677515690483110555e-01,6.907987750059307874e-01,6.188563974717510296e-01,6.551830867915315881e-01,1.963780184798644135e-01,2.738995783690238994e-01,6.303434836223397175e-01,6.502314631238165221e-01,7.274019923448766800e-01,6.571576702918892066e-01,9.350167083372045163e-01,9.790633252409449705e-01,9.395950619000456028e-01,5.795691858223286363e-01,5.174715559755604932e-01,7.472971238149821449e-01,5.916769980224496628e-01,3.432998268504181549e-01,5.636240168683732676e-01,5.520288447994140535e-01,6.991700705700201190e-01,7.520857251341536154e-01,6.911857014599773752e-01,8.228201555520348043e-01,5.924548725672684757e-01,3.229428994440393663e-01,8.283060393784507092e-01,6.991078579056281272e-01,3.696400820451931635e-01,6.151828389779300243e-01,6.072990987347367531e-01,6.411631346999466796e-01,5.152694484689429588e-01,6.094089040719694594e-01,4.196552981126364656e-01,7.471742365047759904e-01,3.336493693416527906e-01,5.891892481411824534e-01,4.706860511845379902e-01,7.165181439718146805e-01,5.250546015473581685e-01,6.993397595638146669e-01,5.722506710174588562e-01,5.906230935024612272e-01,8.979553274496386850e-01,6.514715489448998920e-01,1.655126440046043312e-01,4.281307949692161330e-01,7.510957036583235102e-02,6.764654218461892965e-01,3.395204935691230608e-01,3.978275308555463685e-02,4.842059060766243928e-01
7.178269618929403739e-01,4.563175417473135931e-01,6.442030967865954860e-01,4.419756810128936952e-01,4.464046159099939737e-01,2.534646896983577258e-01,0.000000000000000000e+00,7.165038194661853543e-01,6.063053634149230264e-01,4.711470507585936995e-01,7.032671713750593412e-01,6.148659031186229917e-01,5.832527162154907963e-01,3.080978382427086992e-01,4.007780428731132494e-01,6.920482792900521929e-01,5.252089337487034770e-01,4.714712026189807337e-01,5.966639102336377398e-01,7.825717172874270267e-01,9.458935201227424150e-01,5.322012660261574712e-01,2.900585789759800304e-01,9.723222299197984420e-01,4.480434620208601504e-01,5.180021126719665248e-02,5.453352168593097460e-01,6.806281440220149914e-01,4.461934956807024344e-01,1.203833512100436487e-01,3.389408762245448292e-01,9.058586451414072371e-01,4.369094040259620670e-01,3.340396026270846530e-01,6.760911968137203187e-01,4.405491011224959563e-01,4.943773771693782959e-01,6.425752124386374664e-01,7.023802843969472187e-01,6.482995061349533517e-01,2.190295139925939327e-01,2.893394771178808833e-01,6.457011831799730484e-01,7.529227044484778641e-01,8.959105347464180191e-01,4.442340164587035845e-01,7.707973295729519947e-01,3.162065694979341313e-01,6.578027497528518008e-01,5.953279706103500324e-01,4.719640737522812213e-01,2.437929968935727831e-01,3.020168223947838904e-01,6.249482791197490394e-01,6.165284047997162675e-01,8.267075765610046312e-02,3.335654032226734178e-01,2.752939892318232440e-01,6.179855477997742152e-01,1.419515870680766456e-01,3.129020231283943798e-01,1.722950535544648110e-01,2.745631708486787614e-01,5.314870512580646134e-01,8.507459187630497244e-01,5.790287641253297757e-01,1.718866595987322832e-01,8.528592865315747229e-01,8.946951013634647509e-01,7.578482334049316815e-01,6.347285803393032388e-01,6.351133796559451650e-01,3.649792313190633464e-01,3.907026016894739606e-01,2.452198644073273759e-01,7.896931918870039313e-01,1.631606687778337506e-01,4.946910801290060333e-01,3.278838847728646200e-01,1.177540127644629564e-01,6.696118902746598378e-01,5.754427743738379508e-01,6.061904781659547270e-01,7.864647148750776307e-01,7.314405717102001603e-01
4.993760938696991669e-01,6.120388318269937011e-01,9.578726256363777614e-01,6.473347795926189807e-01,7.944710998134383306e-01,6.324294619519796878e-01,7.165038194661853543e-01,0.000000000000000000e+00,5.374798138695955352e-01,5.885340577659281536e-02,5.658800084597185309e-01,4.869251328606201690e-01,6.537167158217647156e-01,7.033142976856761042e-01,3.749878363508108992e-01,6.178640814129151559e-01,5.619863179966950728e-01,5.265636637241616347e-01,6.065805173892002689e-01,9.594027433513704350e-01,6.719669344630196939e-01,4.119654713778583832e-01,7.670416037057764536e-01,9.554615780474302600e-01,6.800804717049073744e-01,6.136796946951499354e-01,5.936954646419428938e-01,6.989084673712607776e-01,4.689255798987361779e-01,1.865286453438473324e-01,7.833195930161542808e-01,7.464019939011248272e-01,5.768435749691068759e-01,6.110162703734198786e-01,6.492687176857141473e-01,3.889038881965653505e-01,1.205976146091185808e-01,7.027131771149938144e-01,6.348066430741972077e-01,6.296358566518145405e-01,1.263756694526900204e-01,5.908853173641135381e-01,3.198264069998295600e-01,4.256372766843132815e-01,7.578926610546552478e-01,6.101875444121342973e-01,9.192043483259528802e-01,6.130997176138310856e-01,8.447219100813019299e-01,4.002014160089887862e-01,3.956193625862882146e-01,6.021936658835042033e-01,3.368593698638243650e-01,5.502792371474756611e-02,7.574932039249352433e-01,7.812503888019926013e-01,5.280709577308435598e-01,4.936130470844936613e-01,6.557077265298707491e-01,3.569434111346413419e-01,3.656207682944098147e-01,4.207302423961974958e-01,3.809438917858245510e-01,4.183312376574835900e-01,9.315060189158159698e-01,9.610340385033133703e-02,6.590785757176886861e-01,5.116436841360727517e-01,-1.393038907358184197e-01,2.571660043018692554e-01,6.562751206385166736e-01,4.732021105393610649e-01,1.008768243534039072e-01,7.213830599300210533e-01,2.180424777992255314e-01,1.253778812965653244e-01,6.749462018916212447e-01,4.695345161417192048e-01,3.122982306260717045e-01,5.171020875018446095e-01,4.421122414463187766e-01,9.605910953684333453e-01,8.789612787795135773e-01,3.923733184616914893e-01,6.604588877396945223e-01
8.719566777787450818e-01,1.135124679771367245e-01,6.316916855944476605e-01,5.664088369803724765e-01,5.335458296798766265e-01,5.436053066340378326e-01,6.063053634149230264e-01,5.374798138695955352e-01,0.000000000000000000e+00,6.407536957812710599e-01,7.017323857169708301e-01,1.298620738229170901e-01,8.914621076920493659e-01,8.088427882794386736e-01,7.219453461242535397e-01,5.519204294551681711e-01,5.627268881069991124e-01,9.075225640034702002e-01,7.394057748216394943e-01,8.248821199678938454e-01,9.946721867082342072e-01,2.879903420617881959e-01,5.828548164060924908e-01,9.287591329283202413e-01,4.768854116838368018e-01,7.268836482514879904e-01,3.397336911771772772e-01,6.624217955053128826e-01,6.486587082305262930e-01,1.827091401947424087e-01,5.491353648386141373e-01,7.849520532396990768e-01,7.249973221873767804e-01,6.038223436731547933e-01,6.940124845908265394e-01,1.724387967357721985e-01,3.511670131253684657e-01,4.536483970361243068e-01,4.197122172223317627e-01,7.155529906732496226e-01,2.819222599810772278e-01,8.798541954571791335e-01,8.185453619884905940e-01,7.154059266503203229e-01,9.797975690830789119e-01,2.195830194315218642e-01,1.842545739355243295e-01,3.732303130123346691e-01,6.062065419895975582e-01,4.846590200505478396e-01,1.388113185328158916e-01,4.296721512240249674e-01,7.282757082460329379e-01,3.027633828298286200e-01,6.844473200362702903e-01,3.174195938751487311e-01,6.629330875158474523e-01,9.314927541831243829e-01,8.449724092637654893e-01,4.502748133094015004e-01,4.314600276799827605e-01,3.316957702365359584e-01,6.930897166785070507e-01,6.085940055569231122e-01,5.175794574401564319e-01,5.683302041903991464e-01,6.015640551570865524e-01,4.951013270171158442e-01,4.331169685951103965e-01,6.551683164016353089e-01,8.985925974035349206e-01,6.911068186197208973e-01,4.958155315348042880e-01,5.299553874689175714e-01,4.357669430131680954e-01,4.395493851799938123e-01,3.405542860930097504e-01,7.899335109982656977e-01,6.297196731301090145e-01,-1.857730954376766719e-01,6.999391488448822862e-01,8.869083895267381168e-01,7.538773216479498496e-01,6.833846639832645842e-01,5.689560505713526783e-01
9.433182011809444489e-01,9.897520713104037693e-01,7.353097601702143216e-01,8.778044638821662637e-01,5.042837179518574464e-01,2.779600265974201956e-01,4.711470507585936995e-01,5.885340577659281536e-02,6.407536957812710599e-01,0.000000000000000000e+00,7.067725472640087325e-01,4.784841910964856559e-01,5.477035214168256561e-01,2.579737167629611028e-01,3.879648938721949047e-01,8.629125751002516553e-01,7.299716921239700618e-01,6.494079118935391914e-01,5.714704150590490528e-01,6.376197106552259353e-01,4.005117068289639759e-01,5.446735540259172170e-01,2.156106506264213185e-01,5.919019620675320947e-01,5.715616141625864399e-01,4.611113828274606141e-01,7.098240795384550550e-01,4.487059594302486021e-01,6.792686205107012487e-01,5.426321550895774060e-02,4.735870555456834219e-01,6.615162882962293267e-01,9.553783270950628737e-01,6.134123526576918950e-01,2.659517283068717486e-01,2.539461136379065342e-01,1.781944157690662500e-02,3.636235493002228369e-01,7.641090907146192990e-01,7.558059333411650815e-01,3.636317363562624472e-01,6.153580569330272532e-01,9.424455756695088171e-01,7.919327957719851652e-01,6.753188319784316773e-01,7.106715652157765684e-01,5.818652774168036057e-01,6.006417318451865439e-01,2.293403384669045475e-01,5.129585612431359909e-01,5.784630313140805002e-01,7.849805519068625559e-01,8.159775650974803174e-01,2.617658210613027503e-01,5.643780333397445670e-01,1.629988801311804125e-01,2.696170066783029617e-01,7.586401647779918989e-01,7.003912271368062381e-01,9.435518394553404908e-02,-2.071558813661403264e-02,-7.372616142110405280e-03,9.948645322251724599e-01,7.857434411135429952e-01,1.899318999669731278e-01,6.898389599912924108e-01,5.283460465027793873e-01,8.071404181036641035e-01,7.734868110996772073e-01,9.612689644157204061e-01,5.612347673574435980e-01,6.440009051388263517e-01,2.881720723861219691e-01,-1.421765766190211111e-01,5.660877569014025612e-01,7.846490901938704132e-01,9.561766082647781273e-01,8.123300272665500144e-01,4.865879325825560042e-01,2.313601782145036090e-02,7.577607120659257678e-01,-3.568767306222869751e-02,9.757041613287867898e-01,4.223400096911399393e-01,6.128554462234513389e-01
8.697522315147699912e-01,5.024948646006442976e-01,3.149033794384084040e-01,6.208646649375506588e-01,7.214021213560850576e-01,6.332098166066116307e-02,7.032671713750593412e-01,5.658800084597185309e-01,7.017323857169708301e-01,7.067725472640087325e-01,0.000000000000000000e+00,6.300514541981824257e-01,6.370095147830506788e-01,9.111434439031259602e-01,9.809917253683309024e-01,3.331390538253530265e-01,9.578411001111648559e-01,9.540533463783141821e-01,5.139978464849339623e-01,9.470264393290972471e-01,4.444898496328920090e-01,4.523186304955451043e-01,7.449257829961282162e-01,9.540188203027836211e-01,7.142934426500129330e-01,8.871640765533196360e-01,6.840437919018508284e-01,6.624959175540878764e-01,6.162320899879295544e-01,2.141505622287019350e-01,2.847832331375140802e-01,-1.970098811476634071e-01,8.213929325812266979e-01,6.242563358836467069e-01,3.161589866757805733e-01,5.468997334645738784e-01,3.991589315840314289e-01,7.886091476532537392e-01,6.587907423920679184e-01,7.743507030518379519e-01,6.146210644644942711e-01,6.645624694831003820e-01,4.322767837191994200e-01,6.360281468526746140e-01,9.290643500994741899e-01,6.360883381797792779e-01,6.354568385619014936e-01,7.854999316524492459e-01,2.895077450401309371e-01,4.302617875472632969e-01,7.507707539688891485e-01,7.466300751676815395e-01,4.233356977580671546e-03,5.094007168298109178e-01,9.378468534188507677e-01,4.775841406268508949e-01,6.164430874515980374e-01,9.984002214849718726e-01,4.503672752707414961e-01,1.060586432630891002e-01,5.833774926820011197e-01,5.727804305166542820e-01,6.062702085776311423e-01,9.508990169711010187e-01,8.674482353008795554e-01,8.435983432375531166e-01,8.517939861741520291e-01,8.318619506583924128e-02,2.635683733715889487e-01,2.395436992921962105e-01,3.493665376433881531e-01,9.065492885870389816e-01,7.341657923928841534e-01,5.810418664907146535e-01,4.471279492172988146e-01,6.211827222670452953e-01,6.499416444496244338e-01,2.087854641301193914e-01,2.684550908408534498e-01,3.575771214043447221e-01,4.150996323523646336e-01,5.180043191371720424e-01,9.859619785149619231e-01,3.457378555119278163e-01,4.741743839356570844e-01
3.139145745987517166e-01,4.221984529242105988e-01,6.898391465818948243e-01,8.732153322422401276e-01,6.702359562064215126e-01,5.832622341609563499e-01,6.148659031186229917e-01,4.869251328606201690e-01,1.298620738229170901e-01,4.784841910964856559e-01,6.300514541981824257e-01,0.000000000000000000e+00,7.669253506822220068e-01,2.501157528186087609e-01,7.493751899823878349e-01,6.758090473329102232e-02,6.932219183250331040e-01,7.865743579278130504e-01,6.061654706381958135e-01,5.305788353945140035e-01,5.411240285602766376e-01,5.475987879178030315e-01,9.204284958364132851e-01,6.909600765124370714e-01,1.717904114520677206e-01,7.348444154056311683e-01,9.229860283113844321e-01,7.026730325973296054e-01,3.658705980912290157e-01,5.364356617837998664e-01,4.683980051250461463e-01,4.512120900042716487e-01,9.432452005214501112e-01,7.693659833430064321e-01,-1.376994083242232825e-01,4.426928642260739011e-01,2.228161134020477663e-01,6.730490927822528890e-01,8.339715018008575509e-01,5.896367908152703174e-01,4.038791518265020253e-01,1.586657461262238333e-01,8.170327195478160887e-01,7.144218766454684122e-01,5.448927111710224480e-01,7.833827856270962897e-01,7.062656065870638322e-01,9.279049267284127378e-01,7.546087831752419373e-01,8.007324288509723997e-01,-1.942752423419031871e-01,7.186609412845886835e-01,8.228907043026504331e-01,6.913229755095321449e-01,9.690271747038037287e-01,4.537409129091921067e-01,3.180308810347166060e-01,7.364023605313109178e-01,7.928791984394762959e-01,5.977297316021774609e-01,6.003137753277660860e-01,7.548955462834991970e-01,7.852883186926327141e-01,9.571661950581884515e-01,8.511651142698869466e-01,7.012460736527121874e-01,5.905868900766439999e-01,7.414642152944620479e-01,4.593712713551470483e-01,6.098740692498190175e-01,6.578418475010566757e-01,5.453230325891953445e-01,6.664039825487309832e-02,1.525733643398893280e-01,4.036862582512529829e-01,4.852263209979065794e-01,9.578681577076011422e-01,1.031663085760929355e-01,4.400232373638127137e-02,1.795591175423415509e-01,5.307726990470500450e-01,7.663578432059479084e-01,7.507101919148607694e-01,2.293211357733250799e-01,3.715094030796121105e-01
8.118586951420654341e-01,6.951335320237905790e-01,4.738237612603505289e-01,4.401229014765897229e-01,4.809800119007632824e-01,7.514961056833144859e-01,5.832527162154907963e-01,6.537167158217647156e-01,8.914621076920493659e-01,5.477035214168256561e-01,6.370095147830506788e-01,7.669253506822220068e-01,0.000000000000000000e+00,5.043618511423142436e-01,5.099915652670723443e-01,7.554816330923161960e-01,4.840768932429824201e-01,5.073987247514342158e-01,5.425969709482324488e-01,8.757903058359461923e-01,8.257425675094750561e-01,6.831811475973595948e-01,4.850332466354907446e-01,8.280771376474372891e-01,4.946794089964852703e-01,2.295457742241780175e-01,4.644589669877269844e-01,5.747064907300827308e-01,3.314941134310074311e-01,2.150382044074118926e-01,3.075342667531627550e-01,1.589424334621636903e-01,7.691169283238139531e-01,5.821532298145056794e-01,9.805103155715177987e-01,4.473341893740818698e-01,2.271751878932201651e-01,7.723551870067378866e-01,6.839730656979184920e-01,5.247284492455458471e-01,5.104937063626818761e-01,4.106401802965592984e-01,7.212704976305386317e-01,7.844738244152542617e-01,5.536590398029763715e-01,3.158406143235535923e-01,9.521377387111478185e-01,8.841864917869406426e-01,5.046401717478782301e-01,7.830734704160636772e-01,8.000499758773370607e-01,8.325816232535164785e-01,4.031019149087105014e-01,2.009356612084529925e-02,3.208431925880276259e-01,7.301998997584211448e-01,6.336060307509874256e-01,6.296866403856214989e-01,8.560397225179375846e-01,1.850468235970959552e-01,6.382840933195064181e-01,6.762399490226390641e-01,2.894814653971337082e-01,7.024380687611477825e-01,9.017230824397978184e-01,6.709797736811193847e-01,7.837611033687770234e-01,7.210833840965268360e-01,9.605670871583146253e-01,7.226065371444480023e-01,3.570498537621087376e-01,8.006779613030335918e-01,2.238761971300840536e-01,3.561008480377906293e-01,1.439278736222302790e-01,8.464843219198036062e-01,3.654926292396718512e-01,7.904320244995094447e-01,5.409288253526455259e-01,2.437206285173958500e-02,2.437777753362116162e-01,9.602625275971363727e-01,7.038333855392061578e-01,1.051123861482506361e-01,9.162451151183420572e-01
5.135165562280166185e-01,6.846522162740911188e-01,4.924607240575689660e-01,6.655601296366576713e-01,8.798859350412190361e-01,4.643445421434615888e-02,3.080978382427086992e-01,7.033142976856761042e-01,8.088427882794386736e-01,2.579737167629611028e-01,9.111434439031259602e-01,2.501157528186087609e-01,5.043618511423142436e-01,0.000000000000000000e+00,7.680134295188569826e-01,6.529949733041275906e-01,8.532505802874252865e-01,5.094289494668168272e-01,8.238048345612338785e-01,9.610278066219544169e-01,6.438245477426864927e-01,7.073715374940098277e-01,4.866027492319227599e-01,9.571212487001345970e-01,6.770325966601637990e-01,2.202149710543387928e-01,5.547274935038858379e-01,8.505539196789406731e-01,5.332454889046234214e-01,1.838257724846231733e-01,2.344651759696125826e-01,2.252549441411527964e-01,6.521847642456024552e-01,9.534534133193303118e-01,8.187553934100076924e-01,3.055607417588739882e-01,-9.790973829378657456e-02,8.333452668096420490e-01,6.658296779547706601e-01,9.892331079297117524e-01,3.485554214988070831e-01,6.797446623657942277e-01,9.242649475301037976e-01,6.549832019992721799e-01,6.597335960329413496e-01,2.524326181994973606e-01,6.517460818104369169e-01,8.190493707244538291e-01,4.815039122241275282e-01,6.313186653329291298e-01,7.106944411027400488e-01,7.144650776664800418e-01,6.591537119677688406e-01,4.123593798763106610e-01,3.987949844475943140e-01,8.838973935992400222e-01,5.552272699329079408e-01,6.853909597601905990e-01,7.001552806542228335e-01,3.558956077180619459e-01,1.113085571883906111e-01,9.993551057671004045e-01,7.328141243430775775e-01,7.817570494369687761e-01,6.024722143350509374e-01,6.794126895016852075e-01,8.216053852866731511e-01,9.694140370548731678e-01,7.974686742520193938e-01,4.632279347297685868e-01,9.080785263629128634e-01,6.195062775372462971e-01,6.372013282615767160e-01,4.503338756123669295e-01,6.633444289524040860e-01,8.445422243638878168e-01,6.145797292175299020e-01,8.030895694664773599e-01,5.549126823106460549e-01,5.420607273362404444e-01,9.404045509229013167e-01,8.372250835164252170e-01,7.792905705447080722e-01,2.634667667598850627e-01,7.699684269172883955e-01
5.238701251070090326e-01,6.937487597833615904e-01,8.524543751282538384e-01,7.880145219644950627e-01,2.062567564242314688e-01,7.160500106876882542e-01,4.007780428731132494e-01,3.749878363508108992e-01,7.219453461242535397e-01,3.879648938721949047e-01,9.809917253683309024e-01,7.493751899823878349e-01,5.099915652670723443e-01,7.680134295188569826e-01,0.000000000000000000e+00,5.244200776878010783e-01,9.556124769765488303e-01,7.064769667675766529e-01,5.118589624579908959e-01,7.926357369521124241e-01,7.049308489400702982e-01,2.369549137684954232e-01,6.823526391354390874e-01,9.881383639519667472e-01,2.086299968143677241e-01,3.623742413970856280e-01,5.170527936861810669e-01,9.058374643062925280e-01,3.711277325148684136e-01,5.932783901083200639e-01,2.182896314685213723e-01,2.732657633668372221e-01,8.484694934404903854e-01,2.455241094060355567e-01,9.839024237455519240e-01,7.986997499884957996e-01,3.941125052973581955e-01,4.653447529638728430e-01,4.590641024319492280e-01,4.118100694890968194e-01,4.514020532234865879e-01,7.027160955456550617e-01,9.750961642085370640e-01,7.332398576094738551e-01,6.715259052271055351e-01,7.782263871382083531e-01,6.945864823707555979e-01,7.627413088910589556e-01,7.510548506747829478e-01,4.516286060444893447e-01,5.865504527331169560e-02,3.163623538697288851e-01,7.028952480682224557e-01,6.747293756167360712e-01,9.230338706780417679e-01,5.628370937943031338e-01,2.912868436675178016e-02,7.064905597450908958e-01,5.438329370151098185e-01,4.467117627776597266e-01,1.091514619444769602e-01,4.142368479377203649e-01,6.854858046398892846e-01,6.569555379180630483e-01,6.831079752894324564e-01,9.328584883850344900e-01,1.036353353593555404e-02,7.077049021621899527e-01,4.217220319837322040e-01,6.287991010437605777e-01,6.415696173841750616e-01,4.531482519157186695e-01,6.057554839598132679e-01,9.217383399481454687e-02,7.416449173632440051e-01,2.300694235917008501e-01,7.951308964201929397e-02,6.875078294269563184e-01,6.623433455939837788e-01,4.352055917652288275e-01,7.815819849154930221e-01,8.511691720232748004e-01,7.301229565711013780e-01,1.100072670176300005e-01,5.319001793741123807e-01
9.376410016188425622e-01,6.896017696164870037e-01,8.219058563521526306e-01,5.061627563235965299e-01,6.380448764247221849e-01,1.778864691052750580e-01,6.920482792900521929e-01,6.178640814129151559e-01,5.519204294551681711e-01,8.629125751002516553e-01,3.331390538253530265e-01,6.758090473329102232e-02,7.554816330923161960e-01,6.529949733041275906e-01,5.244200776878010783e-01,0.000000000000000000e+00,4.120138296052378579e-01,7.189961024904116815e-01,7.070506637586306820e-01,7.460304131035602193e-01,8.350811429987448076e-01,7.788223781111410782e-01,6.174344875712335368e-01,9.387686327992061930e-01,7.211841659451430075e-01,6.306029054527585442e-01,6.375086139331671564e-01,4.751546342215444141e-01,1.068448852711732650e-01,4.049039446923852759e-01,1.505648213988358131e-01,4.105076750450754042e-01,7.002735495228560314e-01,1.842214396289533485e-01,4.631413115111971956e-01,6.650695564413866556e-01,4.752164482492672870e-01,7.356534983771378933e-01,9.286925277395710054e-01,6.220284083029011812e-01,7.186986758018797383e-01,3.775580418072367328e-01,6.696025086579704411e-01,9.374871463128555682e-01,5.835707179790390331e-01,8.990391390986600673e-01,7.789760956537487013e-01,8.771769974036753847e-01,7.720587940779968239e-01,3.355380680466285570e-01,5.916095453305190155e-01,4.589023443193597229e-01,5.925419022365747690e-01,7.688100365223662358e-01,6.035036163858449321e-01,8.070265777052301193e-01,7.795546895214473526e-01,4.674837897596852421e-01,6.691314856643454378e-01,1.619367157877820151e-01,3.579185875367068004e-01,3.091825898041520304e-01,4.343867893805800628e-01,6.775886114170794894e-01,4.502833328684350822e-01,6.696347155756543490e-01,5.873450391228107748e-01,9.159292065337167887e-01,5.239312291797496579e-01,8.664193213363812207e-01,8.709507472802977546e-01,9.505852680250994613e-01,4.508862373594308415e-01,-1.903464683959433246e-01,3.680092653225247590e-01,8.291167587249931303e-01,7.031182401362933154e-01,7.309344517299426469e-01,2.188560415068780962e-01,2.623287322027527124e-01,4.488371678564924694e-01,9.112723746476485420e-01,2.674881819145239481e-01,7.764866706302903099e-02,5.534684676340624332e-01
6.173992507736455471e-01,1.669591993081277481e-01,9.747107322092263271e-01,4.714735995506758592e-01,7.088829023802625251e-01,2.314871255432238706e-01,5.252089337487034770e-01,5.619863179966950728e-01,5.627268881069991124e-01,7.299716921239700618e-01,9.578411001111648559e-01,6.932219183250331040e-01,4.840768932429824201e-01,8.532505802874252865e-01,9.556124769765488303e-01,4.120138296052378579e-01,0.000000000000000000e+00,6.109878794628077481e-01,5.648194618026047831e-01,6.799627843168852825e-01,7.170426070539700492e-01,9.180449856243166895e-01,2.796440212376447715e-02,6.153497670878483872e-01,7.852267236791529159e-01,5.817176494774414230e-01,7.435968205199511294e-01,4.556729004186858001e-01,1.458072884155042492e-01,-2.517845335012215413e-01,3.296115315987170336e-01,7.882190106445197131e-01,4.642897491201889437e-01,7.154884529935466864e-01,8.065856227966191616e-01,2.590227215474294464e-01,3.970674047021469644e-01,7.793425672215894551e-01,7.962475629746701422e-01,8.422736488971491742e-01,4.140266505526988827e-01,9.590764440323060747e-01,2.470585264805786330e-01,7.193342078157743957e-01,7.379161102356444069e-01,2.751466262474048796e-01,7.294435510427492719e-01,4.381059816621257763e-01,4.453278364823550772e-01,4.837205969844866615e-01,6.900903232923327746e-01,5.792580892712451135e-01,9.055596528125615663e-01,7.567068828504258660e-01,6.011457837960231254e-01,6.973617558550807560e-01,5.431486367772428991e-01,8.584884786062464412e-01,8.047985471352421261e-01,7.616787462263006070e-01,2.877495403044771916e-02,9.018024043996173411e-01,4.758213347170811569e-01,8.139728498130441858e-01,8.791406962933295821e-01,5.284637492802828351e-01,7.122977231707852130e-01,2.721411272418780558e-01,2.892160365681301082e-01,5.271722967438615681e-01,6.675541793018467951e-01,2.690086924799562351e-01,5.133948584774674639e-01,2.029896268391533920e-01,9.111200258953613407e-01,8.146506689466881390e-01,9.851232513083907349e-01,4.162610639411046254e-01,3.215812453204167642e-01,3.856288392402993370e-01,7.076178194491532514e-01,8.725740936242331047e-01,2.513760092727459483e-01,3.842307409827606102e-01,6.699845461313589379e-01
8.221266281405644749e-01,4.362814687282171588e-01,8.959347514337578922e-01,6.137404717957024580e-01,6.937517250920127720e-01,5.781891676208560371e-01,4.714712026189807337e-01,5.265636637241616347e-01,9.075225640034702002e-01,6.494079118935391914e-01,9.540533463783141821e-01,7.865743579278130504e-01,5.073987247514342158e-01,5.094289494668168272e-01,7.064769667675766529e-01,7.189961024904116815e-01,6.109878794628077481e-01,0.000000000000000000e+00,2.608499567327022817e-01,8.353035477691805877e-01,6.885394805958779951e-01,6.419549480388286877e-01,6.705863362449979714e-01,8.988828960809283064e-01,4.787376991842573482e-01,6.636618685391308947e-01,7.820183785060168535e-01,6.677942862034124127e-01,3.234210547014803594e-01,4.869132686044888025e-01,1.098044430928893367e-01,7.855260034020629112e-01,5.787216935918297889e-01,8.526043006139906177e-01,2.442486827868349253e-01,4.974566457221923921e-01,1.541886027665906322e-01,1.726236338975054851e-01,8.306033030652095750e-01,9.283126541177516566e-01,5.297353680806695664e-01,5.569151236598153254e-01,6.189957757528500304e-01,-2.535181034175870707e-01,8.749164831460740643e-01,6.856017150254538617e-01,8.959516345587293928e-01,9.501256783598928113e-01,3.565018168240329244e-01,5.788608164324801075e-01,7.812599423157572387e-01,5.023502797439739487e-01,5.153561110810956913e-01,4.192594629669684769e-01,9.928074734307035243e-01,9.100460921386355206e-01,4.998770067964530828e-01,9.996023207415528633e-01,8.902104650528561702e-01,2.446835548149379203e-01,4.904925249837839285e-01,4.251510430750712333e-01,2.980589224120637759e-01,2.682858672809015355e-01,7.002182193121084808e-01,6.587114760181086437e-01,7.528767120162415116e-01,7.393633033827157197e-01,4.882501264829728904e-01,4.645020232599759158e-01,7.441165322264130522e-01,6.441854420742481047e-01,4.236900917988431492e-01,2.494887162033395667e-01,5.880035944903119205e-01,3.924198956874714872e-01,4.008643517387892041e-01,4.361917871185762019e-01,7.967489412798918202e-01,2.501317434763213055e-02,9.157000521235582058e-01,5.009995574939370977e-01,6.488687561858935693e-01,5.354803890131599742e-01,3.719703169111807650e-01
