0.000000000000000000e+00,6.474420300311705123e-01,3.976506323833666756e-01,7.628158267750853039e-01,6.104418874736028400e-01,9.862688657231628575e-01,5.346899572606955697e-01,8.514979914274005690e-01,7.983648381260408655e-01,5.330016860400850209e-01,8.451032545387072714e-01,6.111558018831889649e-01,7.519989732553271633e-01,8.454623274336793282e-01,9.284094825704087839e-01,4.411420521620006974e-01,8.683486425278310605e-01,9.203202227435033356e-01,5.521915065429958691e-01,5.301739848076694184e-01,6.564994481039845287e-01,9.327525311067599301e-01,9.798738860144180496e-01,9.841476102186612618e-01,7.000788867675978855e-01,6.663821521402022441e-01,6.775306409996271206e-01,4.218648192350377135e-01,2.921448461871321567e-01,2.497806935993385768e-01,1.281012522091320473e-02,8.170528416837762320e-01,8.905820625128805235e-01,8.477431290114846307e-01,4.180292414608982599e-01,4.249556391472816275e-01,5.148941638251076647e-01,7.230627685723287623e-01,7.937020947535564641e-01,7.950311842888344582e-01,4.102427417552747535e-01,6.250282622682208356e-01,7.171586858417037247e-01,9.331364750343574821e-01,7.487958335583194680e-01,7.794304786137707941e-01,7.606063806662965998e-01,7.760716074912925588e-01,8.418285576248860647e-01,2.346877190312778028e-01,6.177768964768931559e-01,9.420832041617630548e-01,7.140953581458487909e-01,8.160118739419197631e-01,8.640062475775640571e-01,6.313024303356644662e-01,7.926789834267952140e-01,7.423271694076515326e-01,9.418260151398991642e-01,5.170171151670361898e-01,4.134841493491780984e-01,8.225968407699576490e-01,6.051093173905199851e-01,8.191287503566372363e-01,6.521022039816934956e-01,9.505319700893658519e-01,8.474697248428144647e-01,8.770155472781706596e-01,7.916304399875198072e-01,9.508486386150487579e-01,9.559872893563421403e-01,7.109010512415154803e-01,4.660425113805672370e-01,7.175114723571869302e-01,9.421796851952980445e-01,6.726260801354927432e-01,8.562077313374403253e-01,6.493378252460383360e-01,4.264221043267868994e-01,4.395377070981488776e-01,6.372603347036780441e-01,6.230256998074940045e-01,9.446263372060091923e-01,5.228211281363933649e-01,5.525114621297158024e-01
6.474420300311705123e-01,0.000000000000000000e+00,6.166743583290472674e-01,7.825405920191468301e-01,9.044514161080010606e-01,7.541739124102498915e-01,6.848781625957013341e-01,4.944815539069035704e-01,6.069768518000272506e-01,8.135426402100935928e-01,2.176679671577563813e-01,8.371975704306182653e-01,9.239090661307806096e-01,9.511557830764513222e-01,3.777895184847551713e-01,6.750130516277024206e-01,6.658078151282944557e-01,2.520250672422045812e-01,3.422200436073613572e-01,6.736632568400197085e-01,7.138064129753638465e-01,4.608644130582943976e-01,4.826136748273455179e-01,6.796835994416996485e-01,5.969464911946962271e-01,5.159054992820347740e-01,5.219448421606757149e-01,6.711869583993417265e-01,4.778357844446126657e-01,5.752628085586785067e-01,2.160348014621616131e-01,7.158987762537362132e-01,4.242380456926859722e-01,3.111753455326642381e-01,5.073636828351846262e-01,4.678438237833684732e-01,5.228553948810709118e-01,2.947351217240783972e-01,5.687134338722553695e-01,7.342317732337069192e-01,4.068804124398758271e-01,4.939841371277681192e-01,6.017194538451521302e-01,6.183893346645804590e-01,9.170284858706031494e-01,6.881932295379998843e-01,3.950041832657908980e-01,4.670104702055645207e-01,7.944944825485347195e-01,1.262458378302961370e-01,6.162497955832637597e-01,2.099672500977532996e-01,6.326950493428136202e-01,1.290333144219368844e-02,5.714112775884212791e-02,6.744662656524669231e-01,6.116885908703432184e-01,7.155271339686943843e-01,6.680140809943325708e-01,5.056943146822434620e-01,5.839857113854496351e-01,3.947105902598574412e-01,9.476342952219042326e-01,3.655963993284191971e-01,6.124230562654763288e-01,6.830733717211603384e-01,6.768255454325298182e-01,6.989467850593794607e-01,2.437970346263051424e-01,9.605299423807660553e-01,4.579197376504033357e-01,7.768916587183313238e-01,6.320330350390777896e-02,2.209367797745886153e-01,2.475810870006291686e-01,3.231235387270397497e-01,6.722483474102979306e-01,5.404725031711187233e-01,3.019822798076342574e-01,-1.144518778909805190e-01,5.653298350681874584e-01,8.889513456371872513e-01,6.294739189320242012e-01,2.347123625787013723e-01,6.917209027326027826e-01
3.976506323833666756e-01,6.166743583290472674e-01,0.000000000000000000e+00,9.520588121095486800e-01,2.942530512503054307e-01,8.777802530627275557e-01,4.423713522682197752e-01,7.923051525343682844e-01,6.086726928305059570e-01,9.742971007772235348e-01,9.922551356487259167e-01,8.831439811151894359e-01,1.458003619265349771e-01,2.180055270155940028e-01,7.920246895147787791e-01,8.415990340178183260e-01,4.653097001204652416e-01,6.199191578510666600e-01,6.588378926164462079e-01,7.962085840365762390e-01,4.944076941527543179e-01,5.927328674762085692e-01,4.808108831413185347e-01,8.918920259631077929e-01,5.691513418943068281e-01,8.312521762329282415e-01,3.266594752946924141e-01,6.225501610619796899e-01,7.195447811307080777e-01,-1.430447163704856584e-03,3.742906006064841140e-01,5.396562628898029512e-01,6.076169988097464003e-01,8.432408263181754293e-01,9.042790138299889868e-01,2.679605456759648896e-01,4.062998704754979817e-01,8.626090797923520181e-01,9.882881111882471092e-01,6.232124166107363417e-01,2.285826800855282337e-01,6.195108519008434289e-01,5.047287368947649400e-01,6.434343202585220967e-01,6.462547313005116978e-01,6.379076520723407917e-01,7.403411969758973976e-01,7.151719554974153015e-01,7.140604664753760211e-01,9.136888115275134670e-01,8.359685508795156039e-01,8.334486805475512794e-01,8.853948817841329477e-01,9.385045936341672723e-01,6.209521231546450970e-01,9.233178980755792908e-01,9.218733781183758857e-01,6.791353238255141145e-01,8.394288431690418717e-01,3.661911674036087416e-01,4.868805098934881892e-01,9.844287869537345914e-01,8.802220331247126994e-01,6.786636336746154630e-01,5.114913966738195983e-01,4.238981862977483916e-01,8.307646990765386041e-01,6.386546421858451117e-01,4.345037079577003802e-01,8.720016446648665154e-01,6.881409577568110558e-01,8.323209750132706253e-01,4.257990436290484682e-02,4.636208159280202912e-01,6.426459749132686916e-01,7.556854663700256491e-01,8.830857176191915237e-01,8.489985541243489919e-01,7.468043034925508916e-01,5.493168707083367908e-01,7.073441649352397720e-01,3.710433916298154777e-01,5.448629966521406631e-01,7.363070312385965321e-01,9.709717100083025132e-01
7.628158267750853039e-01,7.825405920191468301e-01,9.520588121095486800e-01,0.000000000000000000e+00,8.236637099092604108e-01,4.634336385165215844e-01,1.354558498675342004e-01,5.069504520770473643e-01,7.456298361506108474e-01,6.023782022000363501e-01,2.782893707101813385e-01,7.521898490907577006e-01,9.461548659275929030e-01,6.996457115577473518e-01,2.063660706471688311e-01,6.591763543750349674e-01,9.408275723006739311e-01,6.452897374200888825e-01,4.581535274608795061e-01,7.761773011328402250e-01,9.282154347591238253e-01,9.520267773830737301e-01,9.173941286943166906e-01,5.215272187850223951e-01,6.000545331383585479e-01,7.970330873309260378e-01,2.730522976081377687e-02,4.018163774183243220e-01,3.029660568011027788e-01,3.233369377961129443e-01,2.353180058693962184e-01,7.675069185074837597e-01,6.907586389040437647e-01,4.799607717266977658e-01,4.011877711548439973e-01,2.819550344719872204e-01,4.822382514986600643e-01,6.285374912733546759e-01,9.339634128055211981e-01,4.878042635175681152e-01,6.140684769146618205e-01,4.702462449931244515e-01,8.974064734957075684e-01,4.979872841506244874e-01,6.515751280243279320e-01,5.687999242973801328e-01,5.627873365285468443e-01,5.751711122302247681e-01,6.892585516546808622e-01,4.524492170571330907e-01,6.797605255527457979e-01,6.618984261622516962e-01,8.105680301356555928e-01,6.314461045181166687e-01,7.907868877127648410e-01,7.879338355481598777e-01,7.333719046641163919e-01,5.624652449842877378e-01,9.745675721694218030e-01,2.620129340653806205e-01,5.420305251999723017e-01,6.301278885089492965e-01,1.120324104503519769e-01,6.761776999958676315e-01,4.716795423218979044e-01,8.698070981785787081e-01,8.469845970973906013e-01,5.904243470566019614e-01,5.278421543855449372e-01,4.539046349895060062e-01,8.440458507542234479e-01,7.802688025552227957e-01,4.180352051404389591e-01,2.357403201405897653e-01,2.428240336015983492e-01,6.932944192234344882e-01,4.409102320157478605e-01,6.399229514053793588e-01,5.022219408364276827e-01,5.449972081271416968e-01,7.693155767906537656e-01,4.789576741106243984e-01,5.374284180865880334e-01,3.272027279552827128e-01,7.253733062851743796e-01
6.104418874736028400e-01,9.044514161080010606e-01,2.942530512503054307e-01,8.236637099092604108e-01,0.000000000000000000e+00,9.355455668472499875e-01,3.908856137442739964e-01,5.692423376858705142e-01,7.246394019294790656e-01,4.326827125966887233e-01,7.829167303326197702e-01,3.173443572689028103e-01,7.802234674617600785e-01,6.790613062561483559e-01,7.297116469828524021e-01,9.427549890062105753e-01,7.061975070591508530e-01,4.646015329035371177e-01,2.922488436771247811e-01,8.508867599510909763e-01,7.271994358900646382e-01,6.721907740330840264e-01,2.869562160493758229e-01,4.459200415934529427e-01,4.966251849434636378e-01,4.777772682083241684e-01,9.781717866523923499e-01,9.829028163985679134e-01,5.450604450445036830e-01,4.568437165477873818e-01,5.670138989287822895e-01,7.267471706396371189e-01,6.451935381990644425e-01,6.722010989566497008e-01,3.911086345654887220e-01,4.731640968864591623e-01,5.910823294747861167e-01,4.325048023776090211e-01,9.394045899001063349e-01,9.566645890216159964e-01,4.166676075368641596e-01,7.791902715065152085e-02,7.120865816819994532e-01,4.215945495824743317e-01,8.462785180990360923e-01,6.188730118877425745e-01,9.442093217053295628e-01,9.639947039240870374e-01,6.929244798337111932e-01,5.092068043701135638e-01,7.737617379008419061e-01,8.794629631623933630e-01,6.078407371107173995e-01,3.839943282039135486e-01,5.771222174285821627e-01,8.453260674135608665e-01,6.134905159649337719e-02,7.740325093999603778e-01,5.053912177135405637e-01,7.577623495768158746e-01,3.957349059704098337e-01,5.445301129291799658e-01,9.664175363765459270e-01,9.552539873413173899e-01,6.563416343342542980e-01,4.877559657450560859e-01,6.183534587267929261e-01,6.147005294640264239e-01,9.237304816775054883e-02,4.427304546962558263e-01,7.751842222435478824e-01,7.800619926614591471e-01,2.216594509116803224e-01,1.237808526257959119e-01,6.684644111563804447e-01,3.071849126169577948e-01,5.143117313760512399e-01,4.467861022580831842e-01,6.604665298988394717e-01,7.424551550897354746e-01,7.182270762073574843e-01,5.630933533023388948e-01,4.724997479415161683e-01,3.847825487170830616e-01,1.681247701650860071e-01
9.862688657231628575e-01,7.541739124102498915e-01,8.777802530627275557e-01,4.634336385165215844e-01,9.355455668472499875e-01,0.000000000000000000e+00,3.406588723136804164e-01,2.273180539948215506e-01,6.939803412366633006e-01,7.686459073756248817e-01,8.018246299061354554e-01,2.425526299417140597e-01,7.970779446509121957e-01,6.781795855955926600e-01,2.401089025811102284e-01,4.492537697291906218e-01,8.482448223130527598e-01,3.161502996700085721e-01,7.871375060096784670e-01,3.113935211139007841e-01,7.158156667318509303e-01,4.805907314426832166e-01,6.555904103251154469e-01,7.147879075438000607e-01,7.406678246113931330e-01,7.834019996431188515e-01,9.822745830015413571e-01,7.274537807196609362e-01,3.126352794620608777e-01,1.670473917541155373e-01,5.053842496537622742e-01,5.260670441966278643e-01,7.035096257984007062e-01,8.969347987986386883e-01,8.263820703920830013e-01,-5.252755598233738166e-04,1.768316064664809950e-01,4.706030261356330402e-01,7.345180150459353907e-01,9.241471624069177437e-01,4.832563998629397783e-01,6.363791080170355663e-01,2.015894048227414026e-01,1.821976995241407771e-01,6.622581625750521006e-01,5.115173552831717707e-01,5.109898068267408888e-01,4.668456069671714781e-01,5.862409126947417670e-01,4.691407825725059655e-01,9.729258973667412325e-02,5.734395106986200918e-01,8.132352156869920856e-01,7.776226123802665313e-01,9.983854165476402365e-01,6.257411064551332558e-01,6.694093899877427978e-01,6.088373148325110229e-01,5.659470464857045968e-01,5.500862381050446448e-01,3.414161389789037715e-01,6.752438898956378832e-01,7.037684285747398683e-01,6.600892891936900320e-01,4.545364156703017855e-01,5.379616789142178668e-01,7.175882759929920196e-01,7.255110415528087664e-01,4.645227906102009641e-01,9.103764181037392600e-01,6.703970555879765758e-01,2.456937444105770918e-01,4.713347208596322946e-01,3.215248399067099916e-01,3.940000091145323680e-01,3.400881282757995949e-01,7.476280243414069604e-01,4.892880034368499720e-01,7.157270024594976077e-01,3.319611821463930301e-01,5.928092875823605112e-01,9.632718406233656827e-01,5.526560587254273349e-01,1.325207733447787140e-01,8.980144461251471366e-01
5.346899572606955697e-01,6.848781625957013341e-01,4.423713522682197752e-01,1.354558498675342004e-01,3.908856137442739964e-01,3.406588723136804164e-01,0.000000000000000000e+00,1.873679229553688874e-01,4.461074382382263503e-01,3.388465288445743351e-01,4.785248121133678367e-01,5.077575549655342080e-01,4.160600271347963952e-01,7.726214501290594727e-01,6.524495879933851494e-01,2.950590246817937912e-01,8.206417167184876238e-01,4.882239122000880949e-01,4.457914843710786279e-01,7.936541357818283071e-01,7.817349048178942050e-01,4.116410766281711209e-01,8.565779539497807571e-01,7.823112887705180318e-01,4.724721798770064041e-01,2.257024111221194451e-01,4.845759394326835112e-01,4.820384026926208820e-01,5.995455038106402013e-01,2.913535923706281339e-01,3.205339502236571048e-01,3.098768619997444573e-01,3.936496676669367645e-01,7.868664600117948327e-01,6.254709998719761854e-01,3.947509449838574325e-01,5.409716678240745757e-01,3.159499006538240562e-01,9.043226040547265310e-01,3.286689081149557490e-01,2.622033545937560994e-01,6.848745341176037948e-01,6.228450242689048677e-01,5.393085077414603301e-01,6.722084934263399258e-01,4.927015182634576496e-01,9.436913473057149115e-01,9.474659288621370412e-02,5.625438007556216036e-01,2.732262786781300967e-01,6.170357256577779781e-01,3.746335874458205373e-01,5.945372447152856843e-01,7.208770742657085728e-01,7.311931339241547478e-01,4.805000298645512036e-01,6.758013654715241403e-01,3.620152685648954649e-01,-1.355486737285775678e-01,7.027732056149293971e-02,7.551109708110425034e-01,2.065913992684217659e-01,7.408310666537190059e-01,2.738275011259729830e-01,4.876992031816401729e-01,7.038044765982952589e-01,2.071403718290779072e-01,5.363784974204043321e-01,4.768250928825296664e-01,5.254301562181833418e-01,4.285405032531636182e-01,2.137063931504634140e-01,4.865695821649304031e-01,7.614776537778087384e-01,2.678354101323380254e-01,2.506656500976940372e-01,6.155224218091055466e-01,7.520427523694043215e-01,1.174949253772614166e-01,4.865014417748432796e-01,5.809564716867320344e-01,7.148460938973112411e-01,4.855392124901894424e-01,4.578994015724171529e-01,6.233634538792712787e-01
8.514979914274005690e-01,4.944815539069035704e-01,7.923051525343682844e-01,5.069504520770473643e-01,5.692423376858705142e-01,2.273180539948215506e-01,1.873679229553688874e-01,0.000000000000000000e+00,4.927860655168658788e-01,2.878606109542816149e-01,2.196526842780360256e-01,7.722055199056214736e-01,6.048266623850608870e-01,8.411142598153873440e-01,2.059449299231468078e-01,9.463028728711755377e-01,4.092105354067951395e-01,4.997792848806135724e-01,5.449476256677429076e-01,9.415489694952997590e-01,7.749425155936920939e-01,3.266216997694817437e-01,7.332433966468745457e-01,6.143104468124265249e-01,6.944754401401997956e-01,3.641301115937073396e-01,3.955269295260700479e-01,4.875175558908722007e-01,4.328651601924373149e-01,7.351732856879376887e-02,4.956782007315452265e-01,5.524267353134958425e-01,7.809141160897746792e-01,2.425961508939083189e-01,3.069723757031467271e-01,5.455946038493957734e-02,-1.404905924062769818e-01,7.152659998605500613e-01,4.102984953679046365e-01,3.742671371442672923e-01,7.658916773186607019e-01,4.144584201674267332e-01,6.083523909775657712e-01,5.925466770897844793e-01,8.830305898684542854e-01,5.212690155547745618e-01,2.478609427380265851e-01,6.171937912321991959e-01,3.029412308204096904e-01,7.703804709071874202e-01,6.684065809444627027e-01,2.945372017304616064e-01,6.281070739087996069e-01,6.040335046014640996e-01,8.477311017094897316e-01,9.258435380595869679e-01,5.887554202624242228e-01,2.085303217772525586e-01,7.492864503006265720e-01,2.875906658309924646e-01,2.615323011952503940e-01,7.974004285189939534e-01,7.422889488189012841e-01,4.869145797822271859e-01,6.223874065189710647e-01,5.797123410716515934e-01,5.783130486058640773e-01,6.115524458521525153e-01,5.080313600696190202e-01,2.364603405250423063e-01,2.873068493555991920e-01,7.995726424702304103e-01,1.873265924366988577e-01,2.410354794858219907e-01,7.112745816371114360e-01,2.421571846064020928e-01,4.651950552827327501e-01,7.599234700399583042e-01,5.625632893302005000e-01,3.366163304721467853e-01,5.652091782676871290e-01,2.536680829622137701e-01,7.638247759313323559e-01,4.756756611641589361e-01,4.553647282800297735e-01
7.983648381260408655e-01,6.069768518000272506e-01,6.086726928305059570e-01,7.456298361506108474e-01,7.246394019294790656e-01,6.939803412366633006e-01,4.461074382382263503e-01,4.927860655168658788e-01,0.000000000000000000e+00,2.785733850114171517e-01,9.569046290262200882e-01,5.448827941827110166e-01,8.870516726263124596e-01,8.571292308506651692e-01,7.280084091256400214e-01,4.551995006615242034e-01,6.643672676069605210e-01,1.256068589855771633e-01,5.293092320432815079e-01,1.281690772281015855e-01,6.543030108840861558e-01,4.469776097722280572e-01,7.101635217884323392e-01,1.909538321866939836e-01,8.083289949645185990e-01,4.145465336929349265e-01,8.196822363117285404e-01,3.413061362844529434e-01,1.551248703546042051e-01,3.486859660836848507e-01,6.342389365419709608e-03,1.976986545379864346e-01,6.213197118086480897e-01,8.697219830164140131e-01,7.263028030979996608e-01,2.343747266995533374e-01,4.994826608477640623e-02,3.557169619407917205e-01,9.940209381252536058e-01,8.305435761670483252e-01,7.434199528230450715e-01,7.063711520038585823e-01,7.633896026451587602e-01,4.725137635603803288e-01,5.410202944045382489e-01,8.896878959709128010e-01,7.409447507926038012e-01,5.374053892867896032e-01,8.270766404004893380e-01,6.590066917074677288e-01,3.239138660217723564e-01,7.795154387798268747e-01,5.447486486099725189e-01,3.901631187488530661e-01,6.809389860031833663e-01,1.691214631003205848e-01,5.742157988602127894e-01,7.778835385847350237e-01,5.699456951811634475e-01,6.246909958649231598e-01,3.911934862686613501e-01,5.494389707451836635e-01,1.266384265778481011e-01,5.800068667397579869e-01,6.382882005710431850e-01,2.367419869002853824e-02,7.308854213682096645e-01,8.227911059721625398e-01,2.333095643510684769e-01,6.069790699146397905e-01,7.422931122895489731e-01,2.167602707269512263e-01,-3.488807962507985971e-01,4.762041969272232667e-01,5.664657717435798157e-01,7.820490523213650125e-01,3.725780797191542426e-01,7.307171419719405980e-01,2.828439303315594122e-01,4.836381628572345992e-01,7.061203124952672994e-01,3.141572179314777169e-01,3.558232308172766256e-01,4.290412122327267319e-01,4.622836544237958201e-01
5.330016860400850209e-01,8.135426402100935928e-01,9.742971007772235348e-01,6.023782022000363501e-01,4.326827125966887233e-01,7.686459073756248817e-01,3.388465288445743351e-01,2.878606109542816149e-01,2.785733850114171517e-01,0.000000000000000000e+00,6.948962030298225789e-01,8.432491219696087725e-01,4.755872116724554344e-01,6.273994807865151957e-01,7.514623473399172360e-01,8.162406395767298761e-01,7.841791631347999614e-01,6.399783882479443964e-01,1.290928549427620975e-01,9.697913018059745038e-01,6.390383571229252269e-01,2.871532168259123274e-01,4.775113255534449985e-01,8.437624669115871834e-01,6.062110372536976266e-01,7.874411666763685425e-01,6.432227283972472565e-01,6.639027542434308149e-01,2.298238130997387607e-01,4.514442357672364126e-01,5.200210431387530807e-01,4.161772912884957876e-01,7.245693346614451302e-01,4.837107976139979337e-01,1.997354543023794893e-01,7.392162674824612756e-01,5.950656551345765433e-01,4.703964873169568794e-01,8.049593096309524132e-01,2.414095225392365873e-01,4.108705417842743457e-01,2.430084414657733283e-01,9.448020620272363779e-01,8.472269844712436715e-01,9.801751975235326597e-01,3.483455318847953341e-01,7.683602439325227795e-01,6.709002550154452571e-01,2.279579203125511322e-01,7.167947824925487987e-01,6.292815348439265710e-01,6.351049039731690993e-01,7.491186577756946408e-01,6.095089351933524746e-01,3.343031965757129464e-01,6.962697299456536981e-02,4.806243414272479142e-01,3.080840336140894253e-01,8.426609733460650453e-01,1.771525062784280388e-02,7.505614277239724963e-01,5.492397905054615670e-01,4.847165354975175866e-01,9.788260653729621286e-01,8.582733380174045745e-01,3.814280365409219997e-01,8.800557081365159018e-01,4.894198314655643367e-01,5.570922410408037928e-01,7.964383693475102222e-01,6.981274164632257362e-01,5.435251899026778410e-01,3.161491196687764571e-01,5.590972551253626799e-01,6.327351025037167287e-02,8.250013849212176620e-01,9.664799726161956706e-01,3.092444804474137610e-01,2.661713928274742624e-01,3.562340339472994666e-01,4.781790751562227659e-01,7.021561872753513400e-01,7.107938993133590122e-01,-1.919428673701981947e-01,5.466184262097593116e-01
8.451032545387072714e-01,2.176679671577563813e-01,9.922551356487259167e-01,2.782893707101813385e-01,7.829167303326197702e-01,8.018246299061354554e-01,4.785248121133678367e-01,2.196526842780360256e-01,9.569046290262200882e-01,6.948962030298225789e-01,0.000000000000000000e+00,6.878196076429055061e-01,4.906946223546696517e-01,6.343262187771224747e-01,5.654623391985215131e-01,5.581020529497762173e-01,5.852715678680813216e-01,2.117635793485064810e-01,3.433361007401065923e-02,8.288473760270795854e-01,3.885147532104341606e-01,5.551378375038211743e-01,8.634634379921378722e-01,9.992407078864293801e-01,5.041504033890814584e-01,9.407592300890712522e-01,6.637464932279031338e-01,8.505939774761314132e-01,4.893664353701757119e-01,2.568076082356936518e-01,5.971042035848121987e-01,7.695527906334248547e-01,6.140161546454997454e-01,7.036058666826091601e-01,8.629686417564392809e-01,3.390343728889133601e-01,2.574505263000151367e-01,5.208487586272917413e-01,7.349422402181787772e-01,7.010685486317775883e-01,-1.296475160600021881e-01,5.492642816601210898e-01,1.359015483102638533e-01,6.556804998580250121e-01,9.446008633330258419e-01,8.715614095567381092e-01,5.226331159076085253e-01,7.119899965362328498e-01,4.905984709290752144e-01,7.511873436595576381e-01,1.085961266126382885e-01,5.515980527979121861e-01,2.570535941374475497e-01,8.285366558142870375e-01,5.007236742755147851e-01,5.325736863780901054e-01,7.649157725284110310e-01,-3.676177373956573957e-01,6.594405200975027581e-01,7.134005080287652012e-01,4.683473273623388056e-01,6.661259259412152245e-01,6.954104905378876156e-01,7.648690551054631026e-01,6.124923555151841059e-01,6.379033931071207419e-01,6.275535338274441655e-01,9.253584298011644504e-01,8.526622942205666633e-02,6.766271599594557706e-01,9.677352667819236753e-01,2.700748473982213516e-01,6.830345676280553668e-01,2.661910171710697992e-01,2.460015512687521999e-01,2.871525467897162454e-02,9.172320449689868038e-01,7.649465429831725505e-01,5.192997892400524201e-02,2.214368040243807623e-01,5.549528701992031410e-01,3.900843148898957558e-01,9.374041638930130649e-01,4.707867592209257768e-01,7.027437676574529446e-01
6.111558018831889649e-01,8.371975704306182653e-01,8.831439811151894359e-01,7.521898490907577006e-01,3.173443572689028103e-01,2.425526299417140597e-01,5.077575549655342080e-01,7.722055199056214736e-01,5.448827941827110166e-01,8.432491219696087725e-01,6.878196076429055061e-01,0.000000000000000000e+00,7.515999576113729930e-01,8.296345773493072340e-01,7.954425482971037020e-01,2.863291036352748065e-01,2.493305677931680342e-01,9.580478365449706102e-01,6.307824083130937343e-01,9.963636808108606857e-01,4.452344987875689331e-01,4.934316425329310918e-01,7.830955262216494628e-01,5.958760897236494714e-01,7.233541252913222586e-01,5.339473713584999004e-01,9.036820582740449082e-01,4.807300107748007090e-01,4.836528052800714850e-02,1.355103388118877039e-01,4.463960314073368019e-01,5.467307940036072456e-01,7.314388599465451168e-01,3.378840999514447496e-01,2.960777653571278201e-01,5.522560216821637002e-01,4.467836936923299529e-01,5.216487677307770632e-01,6.074617233071690769e-01,6.307127225229774981e-01,7.912609684512308394e-01,7.949563311992343673e-01,7.666389109937036261e-01,5.942014102097791239e-01,8.603518708000623683e-01,2.949607009835102447e-02,6.113951874690988220e-01,2.874346382108448061e-01,8.954204425443489379e-01,6.124680238706255997e-01,5.893024369149494346e-01,9.732388260894636600e-01,9.012374527902787813e-01,5.217235632380181620e-01,4.979360048242983394e-01,3.344001876011186702e-01,-1.705911467939865145e-01,6.144256112077363108e-01,8.799594409139290807e-01,3.867172110162665488e-01,4.999415893374078435e-01,4.335499230581345564e-01,4.564189772829781999e-01,6.055876235949271269e-01,4.276324921289584857e-01,6.354855481105360360e-01,5.982714458935594060e-01,6.551166939591968053e-01,7.520447763079771697e-01,4.971457165827860014e-01,7.738495644935370343e-01,2.445016204836013562e-01,4.507350408791288010e-01,4.739965870837033191e-02,3.649910445072843679e-01,4.096191572552990712e-01,1.394654749708958974e-01,7.614951520636823457e-01,7.803717147762465611e-01,3.466386997768354794e-01,2.127473505344932847e-01,2.033914819184858280e-01,7.043393971643813201e-01,7.796907076940006176e-01,5.255293826788134393e-01
7.519989732553271633e-01,9.239090661307806096e-01,1.458003619265349771e-01,9.461548659275929030e-01,7.802234674617600785e-01,7.970779446509121957e-01,4.160600271347963952e-01,6.048266623850608870e-01,8.870516726263124596e-01,4.755872116724554344e-01,4.906946223546696517e-01,7.515999576113729930e-01,0.000000000000000000e+00,9.181588997947128794e-01,5.309502741953451288e-01,6.354592647653114490e-01,2.213349649374602712e-01,9.190552687679613975e-01,5.270430560331672565e-01,6.596228742306364801e-01,6.959808458431615552e-01,7.303762579696011503e-01,9.095712278145856589e-01,7.562740736571500477e-01,5.673344901053188893e-01,9.746561904688206823e-01,8.475698496096912837e-01,3.361783502270948576e-01,2.701754975340413603e-02,3.890513786359537374e-01,3.302087740234793678e-01,5.200053731789170408e-01,7.742287857842551357e-01,9.564922934721142855e-01,6.716605649629334707e-01,4.462763449909961100e-01,5.142535871818264548e-01,6.755757561556260393e-01,7.996375977160268267e-01,4.838023316716229261e-02,3.279624537499375436e-01,8.986637924678424483e-01,5.540019677038356960e-01,6.183380087624201771e-01,4.412673015032013701e-01,6.710392018984181473e-01,7.400217774349231448e-01,2.652261786742498018e-01,7.511516890137962532e-01,6.719187642201027710e-01,9.967889091397899026e-01,6.387309686794312436e-01,7.403630384102213302e-01,7.571526877242589215e-01,6.329781516162286126e-01,7.044204001211284982e-01,4.238734991642578720e-01,5.924709243241739198e-01,7.573279331614970467e-01,4.584569500851368717e-01,4.809232716667589669e-01,5.410073280109930494e-01,6.170436586077451269e-01,6.101204371124089310e-01,5.126019275729684077e-01,2.029997644411493940e-01,8.500985948104488044e-01,9.052755702297504703e-01,4.805488543836657911e-01,6.285004179385100809e-01,4.946491236153339743e-01,7.903031947998320206e-01,5.243263285056444234e-01,2.890562153450428884e-01,1.268401512309562384e-01,6.250667458822616318e-01,5.085835472302895344e-01,7.459958077680205468e-01,3.430111018282491070e-02,6.201704893122508278e-01,5.194687442950152167e-01,7.282584654533261759e-01,7.636844623001950438e-01,2.057638785197646869e-01,6.913890938444574585e-01
8.454623274336793282e-01,9.511557830764513222e-01,2.180055270155940028e-01,6.996457115577473518e-01,6.790613062561483559e-01,6.781795855955926600e-01,7.726214501290594727e-01,8.411142598153873440e-01,8.571292308506651692e-01,6.273994807865151957e-01,6.343262187771224747e-01,8.296345773493072340e-01,9.181588997947128794e-01,0.000000000000000000e+00,3.430737472301821356e-01,2.572856787933900935e-01,4.078040061561677421e-01,8.149730142622794160e-01,7.823343998915897046e-01,6.368462156324317114e-01,9.910182923823285250e-02,7.045803124308789300e-01,2.437720491593550198e-01,9.444417676025870234e-01,6.690031998134242652e-01,7.189653277294911771e-01,7.834399211786406969e-01,7.613794748713973437e-01,5.563910113307368732e-01,2.830978322328484564e-01,5.365255384882632317e-01,5.525524488948211355e-01,3.591913022809559708e-01,9.876713489102708632e-01,5.188679267459930244e-01,3.692312568365957448e-01,1.477067723500960772e-01,5.016959150685711410e-01,6.800837950665311604e-01,7.384507077248770868e-01,5.268845216645159368e-01,7.693571246875220426e-01,8.770165383750596622e-01,6.876484662270950787e-01,8.091938783544746494e-01,5.483488698356426827e-01,5.011007912752361015e-01,8.600704590783874171e-01,7.973305240876698008e-01,5.889264500581972150e-01,9.917865832835734974e-01,7.022419313448048372e-01,5.654506853679367451e-01,9.179816927229622614e-01,5.816852844258330046e-01,7.211626746187080883e-01,6.713386548235686924e-01,1.959691683174578092e-01,9.876070321481225101e-01,3.865290467443808220e-01,2.068023801679921558e-01,7.674343379003035759e-01,9.768583283187479704e-01,9.108456608775115093e-01,9.316143719094944764e-01,8.325799860743128278e-01,7.672395433618867111e-01,7.722871092591321318e-01,4.629300764594352913e-01,5.009514951592177745e-01,3.934302900814293791e-01,7.581146934725990771e-01,7.566033271024862339e-01,5.952091634262303144e-01,1.667255997778859244e-01,7.290363807658752915e-01,7.694371077322801344e-01,6.469765556635665993e-01,5.377735823305981322e-01,4.160466433448777868e-01,6.411362933221372851e-01,9.923368351655654784e-01,4.860810277080322428e-01,5.501381497843311763e-01,6.716232628094300772e-01
9.284094825704087839e-01,3.777895184847551713e-01,7.920246895147787791e-01,2.063660706471688311e-01,7.297116469828524021e-01,2.401089025811102284e-01,6.524495879933851494e-01,2.059449299231468078e-01,7.280084091256400214e-01,7.514623473399172360e-01,5.654623391985215131e-01,7.954425482971037020e-01,5.309502741953451288e-01,3.430737472301821356e-01,0.000000000000000000e+00,6.683101319034325805e-01,2.914221264938289813e-01,5.037120843144939908e-01,9.100197141925115973e-01,5.803291921265285591e-01,6.254417673730584548e-01,9.582357352838647424e-01,4.912635286623971420e-01,8.497018054425738987e-01,4.822741262613616797e-01,7.885816169876165294e-01,8.394248234259387154e-01,6.139498333736702618e-01,5.244689858097895119e-01,5.077702994005065529e-01,-1.327865245230310798e-01,2.816937140337590906e-01,6.002100288225523661e-01,6.820633198858303547e-01,2.400909676031544315e-01,6.021278155920102571e-02,1.207486229567759639e-01,7.380337430089204398e-01,7.863416752764684770e-01,6.636011378763099211e-01,4.231397264355922228e-01,1.603456029217688039e-01,8.768177202702692741e-01,6.483625084376563041e-01,5.871946397936397277e-01,6.983874123515813048e-01,2.407819704097992619e-01,9.276092248066459822e-01,5.134110983275830438e-03,7.383901097404049763e-01,5.453056851005705363e-01,5.553186271004231234e-01,6.756529888118190108e-01,6.559522774286434821e-01,8.746177548443954120e-01,4.941488977667639615e-01,4.532514983665665853e-01,6.751658037616815600e-01,4.131374516505946226e-01,4.539617379635913497e-01,3.490276082326728146e-01,9.281694349098135177e-01,4.862017849966044358e-01,7.070429825262058987e-01,7.169738798667041335e-01,6.956291093995397024e-01,7.941062561945746445e-01,7.712914090528635302e-01,2.784324866547200905e-01,8.090638751982701660e-01,7.333133746183715385e-01,7.173952706270338986e-01,2.606758026690295660e-01,2.742151040297445830e-01,7.098010915151020672e-01,5.579769799802568597e-01,5.419937327596214827e-01,3.925121278239732114e-02,5.619261224612863703e-01,2.545557884312484864e-01,6.264169929173056817e-01,2.578610648279788253e-01,8.857746067732807926e-01,4.998905909969390549e-01,5.207430241591870512e-01
4.411420521620006974e-01,6.750130516277024206e-01,8.415990340178183260e-01,6.591763543750349674e-01,9.427549890062105753e-01,4.492537697291906218e-01,2.950590246817937912e-01,9.463028728711755377e-01,4.551995006615242034e-01,8.162406395767298761e-01,5.581020529497762173e-01,2.863291036352748065e-01,6.354592647653114490e-01,2.572856787933900935e-01,6.683101319034325805e-01,0.000000000000000000e+00,7.912777906739446587e-01,7.030330381066548506e-01,6.593555293201958101e-01,6.260471726575767004e-01,5.907072598802181052e-01,7.582725089248187889e-01,7.447006677429084121e-02,5.041456476708934265e-01,5.694125576304818193e-01,3.702475287956508709e-01,3.001731561318539132e-01,9.191957755206972003e-01,3.128926039897600986e-01,3.558953189548690332e-01,-1.345302341986487349e-02,3.258988069383745856e-01,6.325469013074475066e-01,1.398696213797841204e-01,8.505342499377959165e-01,5.298326592119415590e-01,4.594479476891857872e-01,6.656769981563248617e-01,7.861928313265712509e-01,7.178960882027458634e-01,4.965651997656199690e-01,6.114637129236644153e-01,9.627095932520556287e-01,8.099825091889278905e-01,7.546361990382610685e-01,6.575724595963994279e-01,5.107817091038892032e-01,9.737205480991109052e-01,5.177273962054460554e-01,4.201129378276461379e-01,8.033671411874496737e-01,8.654018430708519671e-02,6.051466555795986801e-01,6.826952686530581849e-01,7.527860559770914728e-01,7.638576426835893551e-01,1.743030491931337189e-01,2.830062921087598826e-01,9.836366232545944444e-01,7.935756175355982434e-01,6.431045982968102148e-01,7.663626212964562701e-01,4.565641378584476828e-01,7.578396937504826569e-01,9.067736330689647462e-01,1.931676238684973956e-01,4.539049923040057721e-01,8.426983840155144456e-01,7.393496173916107583e-01,2.787400523885421033e-01,6.756319364770024816e-01,-1.626418771199145963e-01,5.432431732399759516e-01,3.490139490056256011e-01,4.805838261203602135e-01,1.850461690271041348e-01,7.242819388367117694e-01,4.278680855793909887e-01,2.926679436382567667e-01,2.882247055497255128e-01,6.778228606064315986e-01,9.145514212829803924e-01,8.646887800276521485e-01,8.809007734006925050e-01,7.055971653268280352e-01
8.683486425278310605e-01,6.658078151282944557e-01,4.653097001204652416e-01,9.408275723006739311e-01,7.061975070591508530e-01,8.482448223130527598e-01,8.206417167184876238e-01,4.092105354067951395e-01,6.643672676069605210e-01,7.841791631347999614e-01,5.852715678680813216e-01,2.493305677931680342e-01,2.213349649374602712e-01,4.078040061561677421e-01,2.914221264938289813e-01,7.912777906739446587e-01,0.000000000000000000e+00,5.534520642103017973e-01,8.735365181773850907e-01,8.754943745351150275e-01,9.822578157176430347e-01,9.287789007382910578e-01,7.209966522439839043e-01,9.346206954081155427e-01,3.234087728492471836e-01,9.701165251475530882e-01,6.829383164089468661e-01,8.434197530964570033e-01,2.919282843297230645e-01,7.141132223712600702e-01,5.931460153976890748e-01,7.834401082650307435e-01,-1.723473509368834700e-01,9.275277070003198343e-01,2.815252010728622190e-01,3.611085380987416604e-01,8.591957495382006316e-02,8.087897463378427299e-01,5.044200585224808409e-01,9.588551560742244462e-01,6.353851476129461773e-01,8.215486557924435163e-01,9.480450830507153315e-01,6.439081312723666795e-01,6.983718120329316381e-01,2.718575041856087782e-01,5.597444595186508165e-01,9.261734746462240153e-01,6.646395847152483105e-01,2.712117795319244351e-01,5.825879502886655015e-01,4.301313866722247248e-01,4.064716235686584578e-01,4.912750491365949768e-02,2.679648230968226796e-01,5.412369254457465306e-01,7.172583614872753976e-01,2.957673812434478688e-01,8.087568873980433004e-01,5.534566812000689673e-01,5.100410161524610020e-01,7.964428865448653916e-01,4.106193128388734292e-01,7.349987249306553228e-01,7.434511679237372217e-01,5.012220462747986049e-01,8.568663248532308874e-01,6.798168169668994398e-01,5.694605100964700295e-01,5.699290832701919829e-01,4.464811835113697835e-01,9.664603422966757673e-01,4.571115714599403024e-01,3.066280405453136737e-01,7.339178207842903534e-01,4.883691442046383391e-01,6.538468340764809206e-01,4.509734591574758311e-01,6.241549071086190947e-01,5.822432989035937201e-01,5.388787957159664188e-01,7.316266362660728273e-01,8.542341137181018729e-01,3.049068187190965284e-01,5.483044797090687039e-01
9.203202227435033356e-01,2.520250672422045812e-01,6.199191578510666600e-01,6.452897374200888825e-01,4.646015329035371177e-01,3.161502996700085721e-01,4.882239122000880949e-01,4.997792848806135724e-01,1.256068589855771633e-01,6.399783882479443964e-01,2.117635793485064810e-01,9.580478365449706102e-01,9.190552687679613975e-01,8.149730142622794160e-01,5.037120843144939908e-01,7.030330381066548506e-01,5.534520642103017973e-01,0.000000000000000000e+00,5.657760026300781009e-01,3.394393041912060482e-01,8.084406093507173763e-01,5.040459355211891479e-01,6.233944029790008390e-01,3.931499257433085370e-01,5.595006066225440833e-01,4.295372169880998237e-01,4.247315425416742229e-01,5.150740472938003522e-01,-2.633595895550344679e-04,4.513584874377051803e-01,3.384797375407673226e-01,6.742576746408570632e-01,5.809589767844174357e-01,7.237893537303773384e-01,3.005774656855324523e-01,4.573853603536541801e-01,1.253022830062122117e-01,2.937613767370999551e-01,8.517752530605915418e-01,7.528325874364474313e-01,7.110609027494202428e-01,5.251852471842211045e-01,9.778772261713275515e-01,6.307041275365738997e-01,8.925153630823478013e-01,2.649564897412794995e-01,6.341021159037427690e-01,5.664370655985235814e-01,4.801210132243811657e-01,4.370945105301122791e-01,1.524650333914059352e-01,7.805693574590524264e-01,6.232617861838664064e-01,7.310189714352336443e-01,4.806977976235892736e-01,9.830483518308619217e-01,4.683407608094179442e-01,9.732160076461687792e-01,3.077924927575454994e-01,1.958642965265585956e-01,3.598110290458916838e-01,5.843264842551246785e-01,5.869695162201385985e-01,5.674564872628157230e-01,4.346889208319528741e-01,6.828516659019607804e-01,3.188577158334389705e-01,7.559351036262929036e-01,6.353139790366119088e-01,5.747321084478491660e-01,8.665435080530258238e-01,6.162806827522717690e-01,5.506372174716576140e-01,4.877279327979832102e-01,1.921195102458310711e-01,4.944719734073419470e-01,4.636547749625407056e-01,2.507059155080384460e-01,5.619035313504676665e-01,-1.867053303240714945e-01,4.966155737692125594e-01,2.994866901340768606e-01,6.452994009433302702e-01,2.339513121235555770e-01,6.280097782591037570e-01
