0.000000000000000000e+00,6.863397701082266655e-01,4.398082880338332612e-01,8.729641007626207649e-01,9.096191869974434852e-01,8.218306134184770739e-01,4.014456485162212762e-01,7.417435783946371153e-01,7.445277740726365945e-01,6.041182646995917338e-01,6.715014517304674913e-01,6.939480831508492154e-01,8.075265501592894246e-01,9.148141156836533394e-01,6.244217693752763809e-01,4.712778014084261224e-01,6.022507349817933786e-01,6.570953568935294919e-01,8.272396471349992009e-01,5.748450995515927975e-01,5.260817717563741613e-01,5.215783098267106066e-01,9.748793800501032170e-01,9.733980898561881423e-01,6.035292313408525677e-01,8.027573602912781991e-01,6.141037469316880104e-01,5.269867302579845925e-01,4.663709012133888665e-01,2.150827272817523728e-02,3.725759522373512933e-01,8.166184625719749013e-01,9.649781247304153320e-01,7.846727055893111258e-01,5.550628823900012332e-01,3.396485355936917916e-01,4.115911261021463763e-01,2.372413432782737308e-01,7.839046153639324110e-01,3.527797855187128073e-01,4.154213257749944654e-01,6.506808109837861620e-01,6.285322402173809664e-01,3.535346513039241412e-01,8.407045748432191434e-01,4.386809587742485084e-01,9.939231050754973040e-01,8.785425264511164123e-01,6.806494207178260814e-01,4.798159496009398173e-01,9.890886499514601748e-01,8.846353423582733466e-01,7.673911997376525740e-01,7.853550334434453717e-01,5.844622059420572224e-01,6.225642242833009377e-01,7.241853561895678082e-01,1.584844601718902318e-02,7.037976797721994249e-01,3.651344097116595577e-01,2.861919790721848544e-01,8.760003467933128452e-01,8.500510180535167937e-01,6.510713481428436200e-01,7.521863108389894581e-01,5.481082525641209902e-01,8.475868371228791887e-01,7.376698852475379597e-01,5.404924572068967592e-01,7.134617631683808359e-01,9.615429325107655023e-01,5.603872401074032616e-01,2.041644517388283009e-01,1.741911334281275592e-01,8.681879479961847057e-01,9.109569457527950664e-01,7.620890303867617899e-01,7.119996519914647548e-01,6.610096621440935127e-01,-1.227475347346199397e-01,9.692773099708145157e-01,7.016420199748321096e-01,9.960454369083975301e-01,3.057379179407914149e-01,7.361065297790188033e-01
6.863397701082266655e-01,0.000000000000000000e+00,3.117250333757299319e-01,7.465999155823745959e-01,2.666139296543305615e-01,4.340121337741409957e-01,6.679326758777996975e-01,5.365525644469638644e-01,7.466892443943485835e-01,7.556831695004884164e-01,3.359630588371742554e-01,3.041199636894855174e-01,4.245310181284655537e-01,7.045273790527128988e-01,6.667896472782626205e-01,9.711436681748613076e-01,4.431394103417680141e-01,9.587599149431184076e-01,-2.759738289849713033e-01,7.313891397109202330e-01,5.870517478218459928e-01,4.935428221770682966e-01,9.308471880463522474e-01,9.452011288905035613e-01,7.117777680004444552e-01,9.013263947743381799e-01,5.631935075855102335e-01,5.521826674722610795e-01,2.911525380412835484e-01,2.736058364967626222e-01,4.761733307070306620e-02,3.095153366471774525e-01,6.739966525571796652e-01,2.028198221897151987e-01,6.540297228107589955e-01,5.772475459773782624e-01,5.431852778693543327e-01,9.494870054544125582e-01,3.869869614403813052e-01,6.048477578934663423e-01,3.959495171788406376e-01,9.868286192896478237e-01,9.326626650473500701e-01,7.888977007587658630e-01,9.967632562950047292e-01,6.770539736482309445e-01,4.489845221392367858e-01,6.545196128864624319e-01,6.765008295860952536e-01,5.377457453381900843e-01,3.411230662081254916e-01,5.423943606162867637e-01,6.789093682434512722e-01,3.297983368139199012e-01,4.461713440773741879e-01,5.184220507736285732e-01,9.307845611931109264e-01,9.754379126673220490e-01,5.581343807120255907e-01,3.806065159490624183e-01,4.425688385110697065e-01,2.154202913762047478e-01,5.334111503057082926e-01,6.995145100534569949e-01,6.253757820433362147e-01,4.500272732101360251e-01,4.463072928439037468e-01,9.442936126165711874e-01,5.645046168084050242e-01,5.383160719950659256e-01,4.076491522125326172e-01,5.609007579229090545e-01,5.164256795136070721e-01,4.669963436003502499e-01,5.157717960291873238e-01,6.818406352487283995e-01,6.436732097778291584e-01,3.979190824304941754e-01,5.705332843332007187e-01,4.943484508579387704e-01,7.157933468598322024e-01,8.668415864907363932e-01,6.328934903562871694e-01,3.862632777211482682e-01,7.427697708895302231e-01
4.398082880338332612e-01,3.117250333757299319e-01,0.000000000000000000e+00,8.125614540955250487e-01,8.882385048738691280e-01,8.863393772311050078e-01,4.305426104189030712e-01,9.386983247513625006e-01,8.216125660069266701e-01,4.223850140886616922e-01,4.979948872365491108e-01,8.919373224123855470e-01,4.171353787079107311e-01,7.768428726620635327e-01,6.163554591405387972e-01,5.008393527325298855e-01,3.381087919577824286e-01,6.068274460240162815e-01,8.607755029113927092e-01,8.732452884431719520e-01,2.759545239740627265e-01,4.593446719397821787e-01,9.054369276845584125e-01,4.620615054180414738e-01,9.261756773240351626e-01,7.950841498531460161e-01,6.517356900734341263e-01,7.976938182518470422e-01,5.049918946878431125e-01,4.341732717467027824e-01,3.773823527516594334e-01,7.209270548323593042e-01,9.028616302478972289e-01,9.065121439750664090e-01,6.071754325127446394e-01,7.145089395509365282e-01,2.237923939514271932e-01,5.896944992793804463e-01,2.966504221976876132e-01,6.393848646223367904e-01,4.694782622470040079e-01,6.123038162799596673e-01,6.901064011771808060e-01,4.646301154308151160e-01,7.134000272531787479e-01,4.152803890473249493e-01,7.252649273006639419e-01,8.764595817661181565e-01,5.707862978214807148e-01,8.564602703175465681e-01,8.981827274417962803e-01,9.896770393924443354e-01,9.369452677355504244e-01,7.826116642216064401e-01,6.762694279822459853e-01,6.801208255682000825e-01,5.572333473469894827e-01,7.094270659274813928e-01,7.170595051926058616e-01,6.788768826494815389e-01,3.850194044271502691e-01,9.492561991340072725e-01,7.585985853716507021e-01,5.693467213889976675e-01,7.980359883841403601e-01,7.148924609335667313e-01,5.774278638415171194e-01,9.886255742596091745e-01,9.809929816294418181e-01,4.059951507271623572e-01,1.636483438478405217e-01,4.714029903154981493e-01,4.386192965405061317e-01,9.328349083096705574e-02,6.534696224720717428e-01,8.486889009681152229e-01,4.496808231178057169e-01,9.905402351241299197e-01,5.826465515427640129e-01,3.687571993758329558e-01,5.292331230678284371e-01,4.300399924616192249e-01,4.614519735567649272e-01,8.657474770475843684e-01,9.913480119879017893e-01
8.729641007626207649e-01,7.465999155823745959e-01,8.125614540955250487e-01,0.000000000000000000e+00,7.607982480010870852e-01,6.518205237845925426e-01,4.587188773343790493e-01,1.085201015904632693e-01,9.093732336132822613e-01,6.330602273608525454e-01,4.446772214994959560e-01,4.937202283344963583e-01,5.842751589022349146e-01,7.503349279515325598e-01,8.386776895333059034e-01,5.223703649739029897e-01,3.077979636412140341e-01,8.529216177918281794e-01,3.659668137176138036e-01,9.627805558352230397e-01,6.538304341142059384e-01,6.706037033279491633e-01,9.558914836072764931e-01,7.183159405060025593e-01,7.934460674375870548e-01,7.872190324019534557e-01,4.037879834450963656e-01,9.745225304416653689e-01,2.268519786183286757e-01,5.042951320751033473e-01,6.434379282516410337e-01,5.121019643498115892e-01,7.728124657857482482e-01,9.382258534256635585e-01,4.626177544417230947e-01,2.479239905606792360e-01,3.551468941757109782e-02,6.618762614143473000e-01,9.320758357212378664e-01,1.297519762249685626e-01,4.328031441789124134e-01,9.847396903573413240e-01,7.582065027504536481e-01,7.909444497314076505e-01,5.996551147474603605e-01,2.677293028239678963e-01,6.841829811751740653e-01,7.423210428787798687e-01,4.666109387683523013e-01,5.399157866903071534e-01,6.543650244462254628e-01,3.824446219916349810e-01,9.498752699019328283e-01,3.463227575738922481e-01,5.767756920699136369e-01,7.612229835897466046e-01,7.866742117417477864e-01,9.859861588827317780e-01,9.822269634125129212e-01,6.289128912103872926e-01,5.141985376743836156e-01,9.543983775878881470e-01,7.590081709663645260e-01,7.256742392556326804e-01,8.089055908333414591e-01,8.955068631646999622e-01,9.056615483639889330e-01,5.901980941995819130e-01,6.695802731366486960e-01,9.942734814534955889e-01,8.755401229492474346e-01,2.173475419057928626e-01,2.375804036491706295e-01,5.799419599605232234e-01,7.755929215427288526e-01,5.059166004058961441e-01,4.031848006239364679e-01,5.581234650884232540e-01,2.866348638972355256e-01,1.326152720992082312e-01,4.974793433869805770e-01,4.415288559507112853e-01,2.899118045127849208e-01,1.946537932550235217e-01,6.126777751710102971e-01
9.096191869974434852e-01,2.666139296543305615e-01,8.882385048738691280e-01,7.607982480010870852e-01,0.000000000000000000e+00,6.720456163083056156e-01,6.365735101989563605e-01,9.736626586283552154e-01,5.255131586775141361e-01,7.664204716981103394e-01,8.600340065297021885e-01,4.077190245739197305e-01,6.320048352755560650e-01,5.276152063716551543e-01,8.247539765078815144e-01,3.314658729239580714e-01,7.675605612182143656e-01,6.525410928466973681e-01,5.923352013360557722e-01,8.435935431383980720e-01,8.219531682915278692e-01,4.401734647690309088e-01,7.013025529116692081e-01,8.541507584874492576e-01,2.706553917155575806e-01,4.103669303014677583e-01,5.753583466917212563e-01,6.068190243007046680e-01,4.838187113645865400e-01,4.653271804609873108e-01,2.844722908316108662e-02,6.424457707984249089e-01,5.407603205871195362e-01,6.928394579452514801e-01,4.812099815778403955e-01,1.035254607127216175e-01,3.677262027537443467e-01,6.158887803382230297e-01,5.345713901530209089e-01,6.069679623628352477e-02,3.129922291248931621e-01,4.377191893696111280e-01,9.077241689379519363e-01,4.681008314950387827e-01,8.466740814743987098e-01,5.064672402976392318e-01,7.560448144496924039e-01,5.770204793410890209e-01,4.669301166835989614e-01,2.187196129629488672e-01,4.265120898468638400e-01,4.572919241600023610e-01,8.676304067835729494e-01,7.254843391381281537e-01,4.369607897482581382e-01,9.376119477302057303e-01,6.199567765385537443e-01,4.530596838811805083e-01,8.686019976569350209e-01,4.736960539260122727e-01,2.505812664284869928e-01,2.380834747086595926e-01,4.663844920899874458e-01,8.185514177763437704e-01,6.597480865682088247e-01,2.224115969029176187e-01,7.003146876442541968e-01,7.394371329854774189e-01,9.121055833883064956e-01,4.536952167295252303e-01,7.299247996721138776e-01,6.396313123485407592e-01,5.513200401067437639e-02,3.072772406408840196e-01,1.659245722250130561e-01,9.350595289408774047e-01,5.050733083356294673e-01,6.603509692985604085e-01,1.323088232996018632e-01,5.520283642463372775e-01,5.280279374219188915e-01,3.498122597865758188e-01,8.989106556945806181e-01,3.318268352781419406e-01,5.393173497371224201e-01
8.218306134184770739e-01,4.340121337741409957e-01,8.863393772311050078e-01,6.518205237845925426e-01,6.720456163083056156e-01,0.000000000000000000e+00,6.873868344501053995e-01,5.268007450307827799e-01,1.521010553532257670e-01,7.879764082006003312e-01,6.808017038219862371e-01,7.851584595340243000e-01,9.760341743054876673e-01,7.171210467208730677e-01,7.616368512945710378e-01,3.093104395345427360e-01,9.109193547713000383e-01,6.763765056506819695e-01,4.949375320635361897e-01,5.693657981953157421e-01,9.276276528216127470e-01,9.951975342377121780e-01,6.599613680545753924e-01,9.855036097275819973e-01,2.332255952811649602e-01,6.091879188124109668e-01,7.994980916124727610e-01,6.301159611648584624e-01,2.246424205405813945e-01,6.239162256129432427e-01,1.994333056819132810e-01,1.382744412483279117e-01,6.926680296666551939e-01,7.508592446039108470e-01,4.007607705331167613e-01,-1.145855278839773700e-01,5.585416851160028839e-01,2.437290635197618960e-01,7.002816438877269567e-01,8.230869686139407060e-01,4.883645141994896743e-01,6.239103877716747348e-01,2.637960973198156811e-01,3.792024706078416241e-01,6.032894042503605253e-02,8.636726108643347777e-01,4.281108417697424007e-01,4.280656173234554940e-01,2.983217220394420721e-01,5.490032260574703171e-01,2.105413596806705312e-01,5.909816060807253635e-01,4.927837157640015397e-01,5.031201168843713045e-01,4.355686698079734853e-01,5.491221285097792615e-01,4.516739183597002771e-01,4.679289963034365951e-01,5.905707354220880445e-01,-1.606562049239848577e-01,5.766910108745332275e-01,6.523242065476507756e-01,7.558034717268871105e-01,6.141613169006668871e-01,6.089659039118956452e-01,5.815808233394736959e-01,9.466815389208794729e-01,7.603246406945318725e-01,6.684545137864323916e-01,5.115969674196507722e-01,7.050404708477953086e-01,5.017048875783169937e-01,4.185881344294508088e-01,5.545901796500716241e-01,4.059368446837984257e-01,2.380479502766858491e-01,8.103861672023127127e-01,6.537583277575248486e-01,2.464878634355332498e-01,1.040525814088288925e-01,4.518527184544714470e-01,7.721270302483127512e-01,7.312721054652595587e-01,5.718002162188635662e-01,6.647855798698069085e-01
4.014456485162212762e-01,6.679326758777996975e-01,4.305426104189030712e-01,4.587188773343790493e-01,6.365735101989563605e-01,6.873868344501053995e-01,0.000000000000000000e+00,2.415845956646774928e-01,5.596674829198926976e-02,6.781961394947149113e-01,5.273214581137941614e-01,6.272270898767073888e-01,6.688814239569644826e-01,3.533231291618882386e-01,5.951264846659023444e-01,7.326498048487473103e-01,9.369184667507099995e-01,5.037309548191680753e-01,2.203792886047127308e-01,5.241069000279354739e-01,9.030875922004205636e-01,6.145124760873340586e-01,4.640083235728644784e-01,8.670137998742717400e-01,5.887976953171544237e-01,4.114142191052884145e-01,3.020104617617564435e-01,6.348272436128402640e-01,5.635645357836300828e-01,3.828145058723171346e-01,3.582444429684715215e-01,2.292896146366657506e-01,2.210444539504117789e-01,6.868144766152615155e-01,5.143315013612221875e-01,6.108718062949223260e-01,5.593263748974985905e-01,1.841951382424327280e-02,5.363775941967514616e-01,3.959106062200209442e-01,5.434923351786062895e-01,-1.823985855141687928e-01,2.257009059036401699e-01,5.377320933388829438e-01,6.069308165661161381e-01,6.738871517722683224e-01,5.741603799907097905e-01,3.168930153436989583e-01,3.508600221466579017e-01,4.327047206871043605e-01,-1.202575529308793079e-01,2.192711704721594934e-01,7.675549293110253135e-01,3.640584547078588584e-01,8.798957968802025853e-01,7.790182704155964588e-01,4.517779396494066568e-01,7.301287849200489566e-01,6.365545765998084082e-01,3.224928040428272080e-01,5.746132982089885433e-01,7.937505148658814402e-01,5.002717371951552749e-01,3.658900245007053464e-01,6.358252310002592278e-01,4.799917734074621301e-01,4.607480996609206736e-01,9.907495942038664349e-01,2.038263596007505174e-01,2.753759271361301830e-01,6.203680150025495665e-01,2.250733481623614085e-01,1.970658824832253186e-01,7.314741824160333472e-01,4.589526894955392455e-01,2.390845148953390786e-01,2.226129132233682362e-01,6.273643908935395697e-01,1.954555343659216127e-01,2.900793059303432564e-01,6.322113621130535099e-01,4.387777751777403590e-01,3.732882233592339505e-01,2.973600858018165538e-01,6.642850903965762388e-01
7.417435783946371153e-01,5.365525644469638644e-01,9.386983247513625006e-01,1.085201015904632693e-01,9.736626586283552154e-01,5.268007450307827799e-01,2.415845956646774928e-01,0.000000000000000000e+00,6.237269669892639978e-01,7.821011479851962545e-01,6.957065367276118462e-01,6.785523932981529782e-01,7.393814231153470473e-01,5.902706918357687460e-01,4.914148129374762974e-01,4.631220275072090997e-01,6.729464756993129848e-01,5.675241357337633685e-01,2.662762869620860506e-01,7.885488891276736245e-01,8.849659008176237185e-01,3.816914123709890250e-01,7.157162395126018817e-01,3.944392000378623697e-01,4.999005966530597478e-01,6.123120512691547779e-01,9.112059253063017339e-01,7.609618075204822585e-01,4.446649189433727334e-01,3.568624821314741458e-01,2.730500756942497859e-02,6.487258478391328964e-01,7.059336408184526679e-01,5.262052323211996452e-01,7.970531594943985887e-01,4.875557021586642836e-01,3.157598137525066129e-01,6.221549596463593623e-01,1.529377234065043833e-01,5.576017219838411698e-01,4.169994468591239345e-01,6.065282029299544631e-01,9.599954088218407566e-01,2.430512983639089020e-01,7.969053874716500729e-01,4.675959760905618046e-01,5.430464087781721183e-01,5.380344015608745645e-01,1.554078375231654208e-01,3.804460889771502097e-01,7.576810958860231704e-01,2.241194373347273061e-02,5.684042330723224623e-01,3.565733407250802900e-01,2.683347326822784762e-01,7.475019497238724053e-01,5.013904739634483798e-01,2.598613618404177483e-01,3.355076723094828628e-01,3.079476070217302408e-01,2.039807014647483097e-01,3.736882545576205583e-01,3.016528864663186593e-01,6.813337545591938715e-01,9.501793194212795335e-01,4.538683869464258391e-01,6.953137325929187318e-01,7.254855512700785214e-01,5.427540204384402323e-01,3.550569062870596038e-01,4.909494055966517334e-01,9.466550832857302256e-01,5.000035425072090201e-01,9.125865622695027157e-02,5.635859121727014864e-01,4.661614613987176137e-01,5.704823146868913675e-01,9.980302077170657427e-01,4.010927120972254678e-02,3.789437670394413260e-01,5.373779396462226021e-01,7.671830067692428923e-01,9.186103317043232963e-02,2.627715210222461573e-01,7.230404410771978929e-01
7.445277740726365945e-01,7.466892443943485835e-01,8.216125660069266701e-01,9.093732336132822613e-01,5.255131586775141361e-01,1.521010553532257670e-01,5.596674829198926976e-02,6.237269669892639978e-01,0.000000000000000000e+00,5.814442979282355983e-01,1.428446624224008754e-01,5.643489588044524607e-01,7.543565378812132627e-01,4.840434980779372287e-01,4.543819264086347842e-01,6.360400526589136128e-01,2.143514255759398079e-01,7.162405792896237022e-01,6.316635419771092774e-01,9.868049700397399926e-01,2.805546855523246008e-01,4.916421830824945216e-01,3.241563370206126393e-01,9.966904723457268300e-01,7.892356845153406519e-01,9.267766237798902946e-04,4.151702008721616655e-01,6.212921192668486858e-01,3.520985045424160909e-01,6.779432371831251025e-01,3.007173114096763911e-01,6.159598131540710009e-01,1.741234008501650055e-01,6.807419152363805015e-01,6.875380800793441383e-01,5.880246929038170922e-01,2.996817822250821828e-01,7.357825957441218589e-01,8.487542036973567683e-01,5.428895780464366716e-01,7.230481963688640823e-01,4.626180671203320438e-01,9.340812189290269574e-01,5.204208882175912487e-01,6.521474737809187516e-01,6.357730863276117583e-01,8.476382937230948489e-01,3.326702251039356240e-01,1.494397208670656951e-01,7.553021136140719571e-01,5.588128434750144757e-01,5.088945158681639214e-01,5.856600858407031707e-01,2.780549116060825332e-01,4.029426385605813232e-01,6.455805387798702055e-01,4.133190006153818485e-01,6.448814783434847486e-01,8.289276272167238613e-01,8.986881282668151005e-01,1.029030742835013862e-01,5.045239591176395866e-01,2.733950292946504823e-01,6.111422877659803410e-01,7.126245774041426451e-01,1.742174060107264388e-01,3.576885413211182696e-01,4.590308920476355858e-01,7.989029012384415429e-01,6.298764434544338320e-01,6.754188025615398550e-01,6.807969388690969792e-01,4.756010145596892280e-01,6.768023289274145426e-01,9.684347568401860951e-01,6.509361964810291834e-01,7.855085291923222801e-01,5.918413176046281032e-01,6.899775371057700335e-01,1.204549317618175408e-02,7.632514552866028756e-01,6.747766606806744338e-01,3.380413281495403544e-01,4.251211077462190291e-01,6.150634051593104612e-01
6.041182646995917338e-01,7.556831695004884164e-01,4.223850140886616922e-01,6.330602273608525454e-01,7.664204716981103394e-01,7.879764082006003312e-01,6.781961394947149113e-01,7.821011479851962545e-01,5.814442979282355983e-01,0.000000000000000000e+00,6.214276064655384346e-02,4.979817888124066227e-01,5.221579421838035140e-01,7.741804089337129824e-01,8.837502441269846631e-01,8.305664247222338537e-01,7.702670570991035914e-01,3.877189509665215361e-01,1.653241440908754731e-02,9.837853383639922900e-01,6.535365244887941794e-01,2.877176818483517806e-01,2.570931800720637206e-01,8.517482549089436805e-01,6.867269843808940788e-01,5.511512224144256011e-01,9.188236877447899520e-01,3.766984079292399201e-01,2.197731686045867883e-01,6.943211532228016347e-01,2.625833988142493025e-01,7.240402821737504935e-01,3.018416210598539040e-01,8.240152732318710704e-01,5.537486426589823818e-01,9.684470890174246005e-02,5.443995227115795421e-01,4.334515722495149159e-01,4.965919560384735032e-01,8.763205966040727990e-01,1.368052195644826885e-01,4.407022100942109000e-01,7.094053373864795953e-01,5.651909507137916622e-01,3.484056569667162151e-01,5.722719808277394460e-01,9.800964581068523085e-01,6.238502621838896145e-01,4.221098060852658818e-01,2.768844961832244156e-01,7.554661443312467028e-01,5.628496527274494676e-01,2.267900723900145299e-01,1.280275984557495694e-01,7.472899766845466640e-01,6.896822078087387897e-01,4.984435624653846819e-01,7.911738203153948490e-01,1.845038404666291543e-01,2.379613723331478747e-01,4.627544984072753387e-01,6.624623830251794576e-01,5.742310961371590583e-01,9.192454788208752614e-01,6.875877456223576933e-01,3.097631629594833624e-01,6.454224949558582392e-01,2.407107651904987766e-01,7.694064862320656450e-01,2.746993170929898365e-01,5.896845584055946388e-01,6.091855221160890066e-01,6.272225599404478436e-01,7.832005216164279471e-01,3.929721020046411661e-01,7.543614905096188705e-01,9.530172486390352526e-01,5.613979232133698982e-01,7.613873917543046987e-01,7.865343824951096519e-01,3.985139243638178286e-01,8.905579423055374200e-01,6.981401766202423032e-01,4.398861228258039713e-01,6.744709473047474368e-01
6.715014517304674913e-01,3.359630588371742554e-01,4.979948872365491108e-01,4.446772214994959560e-01,8.600340065297021885e-01,6.808017038219862371e-01,5.273214581137941614e-01,6.957065367276118462e-01,1.428446624224008754e-01,6.214276064655384346e-02,0.000000000000000000e+00,6.469236671911616776e-01,6.878416581538340235e-01,7.954505869000120244e-01,2.171840115373230573e-01,3.892984647118155617e-01,7.695778032480310449e-01,6.367879434206568101e-01,9.209888154655190284e-01,4.285097618266016095e-01,5.000908737552575145e-01,7.053355968596566328e-01,4.412475478326054468e-01,6.989075382698295424e-01,5.895720836947316856e-01,8.495309668899875266e-01,7.373950479611567355e-01,8.902066635611879386e-01,5.673082394100636972e-01,4.375635623467418744e-01,2.104741730444015246e-02,5.991765146525378505e-01,4.877329082821700856e-01,2.869123617905225410e-01,6.587836692332857957e-01,2.107477969611242785e-01,-2.695134433632651039e-02,4.139417651082654692e-01,9.125721543991063278e-01,6.569130812958811072e-01,6.086714983421834813e-01,6.234388444744992652e-01,7.786109324776639973e-01,9.523866008440972086e-01,3.817532264218260751e-01,9.205696773532339172e-01,6.722126739931904016e-01,3.582997942096701194e-01,3.216076011196100093e-01,6.860120845076442819e-01,2.097672407874300315e-01,2.744985475028179911e-01,2.326421530510441871e-01,6.215588324253099595e-01,7.113657498788306111e-01,4.489158736494637258e-01,7.025791121526594463e-01,5.322069307006036532e-01,9.383143153136566106e-01,4.759365623156956437e-01,5.634663418582916972e-01,8.984223148685861471e-01,1.206802602855888279e-01,8.711738031828992757e-01,9.064956786798575861e-01,7.209192598544535979e-01,5.560889290923576311e-01,4.952569902852673733e-01,6.095140182831709774e-01,6.028481250255761648e-01,2.854882664627800271e-01,6.409826483548086706e-01,4.024894101220372056e-01,2.550551874349139547e-01,5.733272796892777690e-01,6.992813388985975598e-01,6.384274734624793002e-01,5.096030950952243899e-01,4.844715065592252179e-01,5.586059549127094792e-01,3.100598762798958408e-01,5.294825486231338196e-01,7.199366977787264865e-01,1.977499025694875665e-02,4.903426090234275225e-01
6.939480831508492154e-01,3.041199636894855174e-01,8.919373224123855470e-01,4.937202283344963583e-01,4.077190245739197305e-01,7.851584595340243000e-01,6.272270898767073888e-01,6.785523932981529782e-01,5.643489588044524607e-01,4.979817888124066227e-01,6.469236671911616776e-01,0.000000000000000000e+00,6.245963265570650957e-01,6.839685206852222921e-01,4.647753107207130974e-01,8.475907050731561476e-01,6.517875029753696925e-01,8.687695171258575932e-01,7.165773892801154954e-01,8.486629069348744503e-01,8.746488054910440679e-01,5.550541076457311540e-01,7.340900216487417085e-01,6.544642480123663564e-01,5.650665075265144388e-01,7.830899102092407915e-01,8.390160343592226733e-01,6.643956205856459407e-01,1.624218026738024623e-01,8.153451621130820559e-01,3.782634899385537430e-01,4.882671947022146908e-01,5.645676580455661897e-01,8.956921448556784959e-01,5.586319366847362078e-01,2.085213116038307779e-01,9.002058710756016824e-02,7.333677057389401677e-01,3.446500537849488399e-01,8.369572905178764843e-01,3.851718530273632313e-01,5.067895905500000575e-01,3.966348275558488901e-01,-1.252839872137543331e-01,9.854601556935879136e-01,6.437416490179399542e-01,6.171820611376003241e-01,7.953880730460856086e-01,3.542295860886764958e-01,5.079814630595854696e-01,5.843409258536710338e-01,4.128996243015313761e-01,3.582050322591525671e-01,4.566945011201223870e-01,5.389122967211273929e-01,7.192521627597200373e-01,5.496949423840202797e-01,7.135238115054584052e-01,6.821968469407088120e-01,6.201768220686190158e-01,2.271158518979102814e-01,6.061129696686275992e-01,6.229801247127823016e-01,9.087950663158987918e-01,9.290874927315893039e-01,4.481925933631534242e-01,7.616216349986778544e-01,9.616714235671389721e-01,5.079411599309007208e-01,6.433549999422714105e-01,5.227460946216127002e-01,9.146839883828822293e-01,5.391734528196782117e-01,2.365948263147232278e-01,4.219649901527701141e-01,3.515103344503288652e-01,6.786714023270969953e-01,5.287168057011626399e-02,-1.517536133382119679e-01,4.433646687127266728e-01,2.617468767570802490e-01,5.333919468366048466e-01,3.132179106047780492e-01,5.476995552652972471e-02,8.027146336038251118e-01
8.075265501592894246e-01,4.245310181284655537e-01,4.171353787079107311e-01,5.842751589022349146e-01,6.320048352755560650e-01,9.760341743054876673e-01,6.688814239569644826e-01,7.393814231153470473e-01,7.543565378812132627e-01,5.221579421838035140e-01,6.878416581538340235e-01,6.245963265570650957e-01,0.000000000000000000e+00,5.733378220861899965e-01,6.030107198419790704e-01,9.846487754403459025e-01,4.573794405997855805e-01,2.118864564242503856e-01,6.189724300517869260e-01,6.769818952145075786e-01,8.149930834703075222e-01,9.847018238668543422e-01,6.496643958077786829e-01,4.022134258188080347e-01,4.445493364389487834e-01,8.118714339656619705e-01,9.120497264676969973e-01,6.094181376038720899e-01,4.802886963677654997e-01,3.150519282712939684e-01,1.675646630974765294e-01,6.760391497890969603e-01,4.414759311832702759e-01,6.400483503496351423e-01,3.565868629838890858e-01,2.286792870377819253e-01,5.322371576942073190e-01,4.494549072062957173e-01,7.765395409851488795e-01,8.399803796010802959e-01,2.821872822065247810e-01,6.153831238686062743e-01,4.003817584835911436e-01,9.127736372765150596e-01,7.508317478364404662e-01,4.940524559641514268e-01,1.853825280774784312e-01,5.163790970941601888e-01,8.547219233460293664e-01,6.619655826771329021e-01,4.941247636696425860e-01,6.866930627290661615e-01,6.123797569101365745e-01,2.395836130280856457e-01,7.613473113474912290e-01,2.384412012701330463e-01,5.831839006288058735e-01,6.933528799064603287e-01,9.790515102684103077e-01,4.020648218068914037e-01,2.112326956098672937e-01,4.046964095138887441e-01,2.933252521682617187e-01,8.756353440508715114e-01,6.593320520513950012e-01,2.687440833878770863e-01,2.939012391531787838e-01,6.730017967332916351e-01,6.164925774367226996e-01,9.363455697119196230e-01,5.727204378821351138e-01,6.112849902350294684e-01,2.477050328887084873e-01,2.663900401284152175e-01,5.005344294963743890e-01,9.274396703439743428e-01,7.865652632192265958e-01,8.814195445392735140e-01,3.752601229066386823e-01,3.556995799219296872e-01,6.182336993304825556e-01,4.670625075118202130e-01,7.014450200456279205e-01,3.201999194655713032e-01,2.162758688406615781e-01
9.148141156836533394e-01,7.045273790527128988e-01,7.768428726620635327e-01,7.503349279515325598e-01,5.276152063716551543e-01,7.171210467208730677e-01,3.533231291618882386e-01,5.902706918357687460e-01,4.840434980779372287e-01,7.741804089337129824e-01,7.954505869000120244e-01,6.839685206852222921e-01,5.733378220861899965e-01,0.000000000000000000e+00,6.158364264099809304e-01,9.958606833744592102e-01,6.000092339010669740e-01,5.971674503685713287e-01,8.269608611554259969e-01,8.683045547351190274e-01,8.538192385745564383e-01,2.808615346396703405e-01,6.755875592464366530e-01,8.635110913617123629e-02,4.602448058402168751e-01,5.740074876494428713e-01,6.422285530445290824e-01,6.067756705193844136e-01,5.486674887712281734e-01,8.780234897674275840e-02,5.355174895425832693e-01,-2.206355379554648388e-01,7.776569684521783543e-01,8.320279776260820492e-01,2.580836217012871803e-02,7.014150470707566365e-01,-1.219727732276590371e-01,8.389553287745898924e-01,5.960246752499830381e-01,9.992260618675359307e-01,2.413292001405857590e-01,3.105510097495131072e-01,2.620849304484593745e-01,9.692722830177280535e-01,6.013440064104734750e-01,4.577724322476450780e-01,7.385092029048030415e-01,6.849376507759079580e-01,5.221618586515283100e-01,9.537569131229052255e-01,7.645165689552451127e-01,7.361237910837326037e-01,8.825597260151882839e-01,6.100876974940290520e-02,4.854779863564462339e-01,5.696296397148414847e-01,7.452022520186044607e-01,4.276024901766330433e-01,6.018541726402247827e-01,4.090275983298202744e-01,5.742549468430642179e-01,9.029233644364675904e-01,6.882487716845351322e-01,5.376328958478787667e-01,6.096697366114723904e-01,4.281853661441989423e-01,5.662258416540159045e-01,7.617115108970116122e-01,2.291508660248294804e-01,2.671726538055355649e-01,9.217042243800206425e-01,4.237377912819143000e-01,1.259071849749509031e-01,1.401372574198170018e-01,7.430402713424327787e-01,9.254514250858203450e-01,5.984852224692385203e-01,4.013497227185623961e-01,5.664517114712264156e-02,-8.330436918446383621e-02,4.485510123991283127e-01,5.484375621762669351e-01,5.289156541598264427e-01,6.634503191626561769e-01,6.109534133021609081e-01
6.244217693752763809e-01,6.667896472782626205e-01,6.163554591405387972e-01,8.386776895333059034e-01,8.247539765078815144e-01,7.616368512945710378e-01,5.951264846659023444e-01,4.914148129374762974e-01,4.543819264086347842e-01,8.837502441269846631e-01,2.171840115373230573e-01,4.647753107207130974e-01,6.030107198419790704e-01,6.158364264099809304e-01,0.000000000000000000e+00,7.962662999794787311e-01,6.926341773801744095e-01,6.603241715397063505e-01,4.025327865709964481e-01,8.450887165545442614e-02,9.838629921615199558e-01,6.783776037979777351e-01,1.193348003625673837e-01,9.283095622537165248e-01,4.678619372718735292e-01,5.610683766652351245e-01,7.837308045893409680e-01,1.258982661434790151e-01,6.956126628464062156e-01,5.493654420373219605e-01,2.411428075248492620e-01,1.695315927980090842e-01,5.594385326398679803e-01,5.692285603661807469e-01,7.935289859448806382e-01,4.700447097403508967e-01,5.660134467980292294e-01,6.592700306431389379e-01,9.321847403834705448e-01,8.977424700092032639e-01,8.235902434378638004e-01,3.413562403247593080e-01,6.637654809953490442e-01,-8.548618304733927864e-02,7.942530065428827779e-01,6.253241343329907220e-01,5.510267067310210543e-01,9.395984054650192707e-01,4.814262005422861868e-01,4.562943636129377922e-01,7.318052967849304480e-01,6.215105089226404811e-01,9.488137991604892463e-01,6.103066733220298135e-01,4.431211193799334258e-01,7.472026503182268575e-01,6.861539141224699545e-01,7.900284626288374135e-01,7.954099943522976446e-01,5.457344748766503884e-01,4.462485021859931567e-01,6.257071962184083125e-01,-1.525997968535531268e-01,7.267329974446592455e-01,7.209366221274504660e-01,9.608096203804553648e-01,4.809819831568085124e-01,7.941234542510939853e-01,2.530019719137406309e-01,6.814880217706191790e-01,8.298759449093129348e-01,4.697744389646917318e-01,2.423618182976521873e-01,4.167799250566520675e-01,7.982141219733013271e-01,3.486671527270674975e-01,6.452019495619274458e-01,2.514410135227631571e-01,2.689520322302659805e-01,5.784077638947958677e-01,3.387564842599281589e-01,7.644747266572914368e-01,6.407477324298640475e-01,5.794831187846727349e-01,7.327492838049927126e-01
4.712778014084261224e-01,9.711436681748613076e-01,5.008393527325298855e-01,5.223703649739029897e-01,3.314658729239580714e-01,3.093104395345427360e-01,7.326498048487473103e-01,4.631220275072090997e-01,6.360400526589136128e-01,8.305664247222338537e-01,3.892984647118155617e-01,8.475907050731561476e-01,9.846487754403459025e-01,9.958606833744592102e-01,7.962662999794787311e-01,0.000000000000000000e+00,7.123752730508660092e-01,7.212003417558626728e-01,9.725328939408612872e-01,5.894951598290314454e-01,7.192788195303722043e-01,4.826499295348222196e-01,6.151237246568794781e-01,9.232290260338382737e-01,4.379158985315662056e-01,7.917710282404530897e-01,5.311243423367664196e-01,3.861811740801878168e-01,7.382520035018768079e-01,4.460241473429176207e-01,2.969404214318347446e-01,2.509449801153413873e-01,5.816774517510430592e-02,6.917646022716139598e-01,4.979789473184532134e-01,2.323452329445764297e-01,4.530135919562576219e-01,5.280683058302735322e-01,6.966663439517112311e-01,7.839275995033611055e-01,2.136566463060949606e-01,6.785656378981573811e-01,9.896485949469295829e-01,3.869011793015166845e-01,9.558357018825958118e-01,8.733417061872085219e-01,7.101325870752550617e-01,9.408322290845048119e-01,4.135674500187079827e-01,1.253280983074908927e-01,9.783651856075525899e-01,2.263879338224394355e-01,6.054064451514487022e-01,4.624693978873388733e-01,1.148032888987771810e-01,7.150074331588911480e-01,7.265867085404826842e-01,6.226916484237784433e-01,2.298983168792667342e-01,7.436661595864331176e-01,1.839684979067155585e-02,7.126136417290253044e-01,8.747086415308731322e-01,7.981492641539756905e-01,6.633353080101402899e-01,7.228981370363498637e-01,6.280292929778429345e-01,5.147061828550106855e-01,6.427628190912215711e-01,9.219885083565806383e-01,7.419264765693179831e-01,5.970368584528162881e-01,5.359780939458770321e-01,4.073572214838002692e-01,5.780556569924619748e-01,4.602214706018927792e-01,2.040703590797464106e-01,4.067600016005883945e-01,5.783016518952209806e-01,2.805734614107886493e-01,1.533097850546867418e-02,6.497748093491865218e-01,8.442441517805779894e-01,4.872127410990940155e-01,6.721873715351542877e-01
6.022507349817933786e-01,4.431394103417680141e-01,3.381087919577824286e-01,3.077979636412140341e-01,7.675605612182143656e-01,9.109193547713000383e-01,9.369184667507099995e-01,6.729464756993129848e-01,2.143514255759398079e-01,7.702670570991035914e-01,7.695778032480310449e-01,6.517875029753696925e-01,4.573794405997855805e-01,6.000092339010669740e-01,6.926341773801744095e-01,7.123752730508660092e-01,0.000000000000000000e+00,6.593959849765195225e-01,4.005425877210252450e-01,7.243619652446497970e-01,2.068035382796291066e-01,7.786400461722718935e-01,8.691673763346194903e-01,9.473181354908103424e-01,1.748440082566782849e-01,4.718697813949044861e-01,7.298758083476180047e-01,7.122604892655656217e-01,7.041739631514103426e-01,1.413328014864009552e-01,3.252206627185073584e-01,4.037534809067749308e-01,9.957751834642130095e-01,6.068380827032705538e-01,9.890451057978394411e-01,5.912697238037860625e-01,1.032969058040712762e-01,3.165186374752773091e-01,7.528566294594323249e-01,1.881116996915675188e-01,3.219254847474871672e-01,5.866003668041678276e-01,3.153258610006629548e-01,7.515882039215966426e-01,7.444540129436341136e-01,9.273872328136897325e-01,6.205153140010307711e-01,6.830891843269717434e-01,7.315019361603314341e-01,7.111523583260482839e-01,8.699559997939053657e-01,6.072665025169668995e-01,4.100038358221018697e-01,7.818542795535939893e-01,4.376383131254854564e-01,7.502562491127151567e-01,5.132822288585354997e-02,6.449591602057753725e-01,5.963732494966358377e-01,9.621836975287912860e-03,3.114729262658210152e-01,6.633487322959246146e-01,8.364497549046239211e-01,9.889993519470019478e-01,4.113370789461466281e-01,7.722113172353122224e-01,1.961982303472864231e-01,4.318961754658975360e-01,3.617986056456691801e-01,8.713439745599870223e-01,4.411554166864022908e-01,8.132694740939058198e-01,1.584982462894156952e-01,3.048901021187585547e-01,9.672983323682629031e-01,4.747846474270882022e-01,8.370159101998907447e-01,4.056341767417709354e-01,2.357443031125117938e-01,2.134100287713458777e-01,9.166505510645395205e-01,2.779969535396370484e-01,7.581215046957587855e-01,7.684192747029077175e-01,4.326486350637421818e-01
6.570953568935294919e-01,9.587599149431184076e-01,6.068274460240162815e-01,8.529216177918281794e-01,6.525410928466973681e-01,6.763765056506819695e-01,5.037309548191680753e-01,5.675241357337633685e-01,7.162405792896237022e-01,3.877189509665215361e-01,6.367879434206568101e-01,8.687695171258575932e-01,2.118864564242503856e-01,5.971674503685713287e-01,6.603241715397063505e-01,7.212003417558626728e-01,6.593959849765195225e-01,0.000000000000000000e+00,2.182219318380803630e-01,9.729659210855781115e-01,6.374301281913867800e-01,7.627175559892194201e-01,4.248012069081780195e-01,8.749459978270457405e-01,5.519892315808386796e-01,9.914812065208278291e-01,7.118680640651930958e-01,6.219591064329392793e-01,4.080965062421749723e-01,3.072871240037994278e-01,1.158313256475786424e-01,4.103552998181008715e-01,5.026570512671094670e-01,2.508852443886618877e-01,6.317192186022110301e-01,6.876576573090710243e-01,3.723305692516979404e-01,2.513722885649711247e-01,8.191607250729168177e-01,6.056220390713312751e-01,4.967762329699115798e-01,5.960538419580506675e-01,7.688920158727698961e-01,3.996522748447491891e-01,7.050513364391983728e-01,6.855085923993077257e-01,7.577250928506961136e-01,4.259140626312653555e-01,2.395748631057641465e-01,7.958234954979619413e-01,9.992696894393866547e-01,5.259237365747437831e-01,9.348162115583076304e-01,4.577325258747037551e-01,9.083513705389887338e-01,9.701927517082471475e-01,6.758273704974299134e-01,8.060992028928440911e-01,5.065167317403946878e-01,6.924992518114705398e-01,5.638224617796741001e-01,5.731862555777064161e-01,5.165483216347089845e-01,7.670389018883991827e-01,9.259227765647778385e-01,5.350201498220996665e-01,6.930837533925822136e-01,8.282231764031334764e-01,4.453934798145837703e-01,6.946431426631722861e-01,8.842845904741447605e-01,9.602343280692589023e-01,7.872226468414059708e-01,2.940925493441865490e-01,2.071414054248387759e-01,9.783085894104109892e-01,7.924206853585387123e-01,4.488435949731737207e-01,8.908184938054736213e-02,4.746122069055096482e-01,7.712198915722798809e-01,8.049930172361832170e-01,7.810599216162573688e-01,-1.187713735135281778e-02,3.173767484697466168e-01
