0.000000000000000000e+00,8.201939842756102994e-01,8.517492178096912614e-01,9.306946438294154689e-01,6.989441151609959713e-01,6.091395802608211563e-01,9.199234824575146519e-01,9.129673069585996226e-01,7.541182513460582548e-01,8.886288432804894111e-01,7.618637416518041494e-01,1.304705463062434123e-01,6.226575308758224292e-01,3.123208171179122639e-01,4.226986027255190126e-01,7.604886566600949083e-01,5.521712948620857153e-01,8.627550034460894635e-01,6.578944055922357759e-01,6.655361267597291741e-01,5.108114705735288252e-01,8.188666328141338546e-01,7.019147110524630584e-01,9.705698527525860042e-01,6.219820436304346334e-01,9.776003389608205474e-01,9.927296618556451513e-01,9.187414612057335228e-01,4.288229947803969266e-01,5.686779583524892434e-01,5.243144160752261085e-01,7.829584293778845128e-01,8.027618900807247382e-01,5.003327456168432663e-01,6.272105240117600289e-01,4.511669570448176292e-02,-7.450921216144609782e-02,8.759232630615848558e-01,5.115886168074326168e-01,4.270319323349305862e-01,1.845737345744882449e-02,7.184280289576501222e-01,7.718946424448208665e-01,6.458935036457672529e-01,6.513424960104321482e-01,7.620537520998392766e-01,8.814111089353411366e-01,8.112744067762687195e-01,6.109515278609697342e-01,3.062188521934135488e-01,5.263020023569526806e-01,6.409860282567474421e-01,9.996587698133353461e-01,1.877413177455322657e-01,5.818881719272749331e-01,9.035813267674868143e-01,7.251778002652640165e-01,4.382454473747559032e-01,7.389462298066914459e-01,5.891640472271092444e-01,2.375345711055502629e-01,3.145817605294485286e-01,7.015479049177342219e-01,3.569500774659910558e-01,8.264724742725266804e-01,9.097005447481232299e-01,5.165496985002524521e-01,8.072872788837527347e-01,7.158178976409157457e-01,9.407467623657504996e-01,7.958046198549046935e-01,3.627235773855099210e-01,1.222173364050045397e-01,6.077034121573031689e-01,7.706563792132719026e-01,6.928930424061775506e-01,1.252966792572525467e-01,2.287019237731749144e-01,5.217104456860134354e-01,7.654923913424689641e-02,5.177598380796402111e-01,8.310185811707154757e-01,7.301811589884388276e-01,3.794182454907524260e-01,6.665670112991576302e-01
8.201939842756102994e-01,0.000000000000000000e+00,7.661427131985814043e-01,6.239801227774441905e-01,2.665993636743122508e-01,8.192745250274973134e-01,5.867300627433782445e-01,3.620420021108411435e-01,4.552092941786671232e-01,5.376854644369626346e-01,5.351010490716646695e-01,5.248223190122887072e-01,5.206955195529404667e-01,6.127168659800289463e-01,8.642914310495555252e-01,9.344305714176431854e-01,7.340417669459599059e-01,5.809990190542334565e-01,7.949174511262515619e-01,9.947297430359570702e-01,6.596557926119759330e-01,3.148478456509483103e-01,5.390642413123591936e-02,9.697804816629169711e-01,4.880244911602584224e-01,7.988082883346634411e-01,8.805020788496055184e-01,4.841367638403421547e-01,2.297704167636624162e-01,1.236577844998995312e-01,5.426422645243491605e-01,7.663395320668724420e-01,4.852956122404508688e-01,4.982051119093018898e-01,5.340970032998593187e-01,4.252206602487102471e-01,7.835499138274178987e-01,5.493215910180445638e-01,7.456980585320270860e-01,7.052334749174680173e-01,5.460539563687156761e-01,4.927152853219996520e-01,7.209633286189012225e-01,3.660076385036566959e-01,7.127335191733096265e-01,5.252512862461602428e-01,5.090350579025199051e-01,6.138908457611443881e-01,5.103726258021328288e-01,1.221778704366080215e-01,2.724737942820367187e-01,8.165107199762308143e-01,9.592811674166294988e-01,6.854272480786545163e-01,6.226221667898828027e-01,7.077886044676626742e-01,6.237297217509409908e-01,7.504967677341941590e-01,2.518360761896134559e-01,3.154862339951867711e-01,1.653141389955728111e-02,4.240134828316788340e-01,-9.339415952110874386e-02,6.443543660104098514e-01,8.534503030533168166e-01,7.441023930667242103e-01,7.691638959553170896e-01,7.307722210418553521e-01,2.291220074046279587e-01,6.752763752895647453e-01,4.056643745300878012e-01,7.548578231375218106e-01,5.018163216476276833e-01,5.111339669185437362e-01,3.105547408064987525e-01,4.238093330112870927e-01,6.921601777673987987e-01,7.587837471017826463e-01,4.989899891696137901e-01,5.010433673617802341e-01,2.506947692897438795e-01,2.769756303514864793e-01,4.481200861789819689e-01,1.296489066445865868e-01,2.601218119872065748e-01
8.517492178096912614e-01,7.661427131985814043e-01,0.000000000000000000e+00,6.158540139905949173e-01,8.302414881935451518e-01,8.515369997785268152e-01,9.668182821647508529e-01,7.756885666929052014e-01,6.399209128659977264e-01,3.288621606839812195e-01,6.129105465277491227e-01,4.447713678993847064e-01,4.103371848079834239e-01,7.180547895465597685e-01,8.947739102542803247e-01,7.838075384644930255e-01,8.491090059831096770e-01,6.508810574309213948e-01,8.258111615892318458e-01,7.221812541588154000e-01,7.580327580144872179e-01,9.230994768266775896e-01,7.024365898563068589e-01,9.488033056456506298e-01,6.353804499260939931e-01,6.700217305368419973e-01,7.361218639724091961e-01,9.746239804910802329e-01,-1.023089821100958002e-01,3.083229027531150246e-01,1.580325972973400661e-01,7.280879605889305495e-01,9.392134038645613137e-01,5.554867431317520587e-01,6.915566098935319594e-01,7.689327766733585756e-01,2.755213817644625030e-01,3.463955451236293559e-01,3.374619681293377083e-01,8.719007333568769003e-01,1.051073141508378772e-01,6.600676026444408651e-01,7.017475477608989820e-01,7.019170339837779160e-01,6.106744085316603288e-01,5.596059683697289788e-01,8.786159843032005368e-01,5.434366380645820893e-01,2.251088733931610186e-01,9.036100083726674725e-01,6.775688014072864807e-01,7.902302379293639767e-01,9.621774700469335473e-01,9.122657135142062668e-01,7.438856618398057563e-01,4.393988193211373697e-03,9.844453248755898889e-01,7.304226796949181422e-01,7.010094383234936055e-01,7.043661433240313574e-01,2.420921664627951331e-01,9.625904769145090523e-01,6.428486346891491010e-01,7.608863737315558762e-01,6.643421452844628927e-01,4.947606628589052979e-01,5.889862329044167621e-01,9.954717271995310313e-01,7.143613874311409706e-01,8.071902477690995337e-01,4.067242352291196017e-01,6.794687901815303910e-01,2.979790797209397879e-01,1.773897486194264128e-01,8.060077613720891820e-01,9.134105187279037974e-01,6.683661709445187782e-01,4.648378495539218780e-01,3.943854967410405088e-01,2.574140750034725200e-01,7.264533177266579989e-01,8.651868768271627763e-01,8.296890259788726185e-01,7.077988684789515705e-01,9.802438993054263250e-01
9.306946438294154689e-01,6.239801227774441905e-01,6.158540139905949173e-01,0.000000000000000000e+00,6.395858027711465166e-01,6.854861282621658169e-01,4.792950249590155476e-02,4.139361388991923407e-01,7.682659712635337979e-01,3.346455814905205939e-01,8.861833017529795464e-01,6.267479622979408305e-01,5.759292231053940725e-01,2.341197483634825105e-01,6.733563568976244085e-01,3.896740520289643239e-01,6.142413185437030076e-01,5.295034495977800626e-01,6.614755196419089822e-01,8.804924253385109090e-01,7.914952476434278239e-01,6.579607291283477988e-01,9.070286893503330949e-01,6.747946323223943388e-01,4.309564140331916260e-01,5.600225774864238115e-01,4.511559867036528115e-01,6.793897847669267964e-01,5.534579587135032286e-01,4.576612604898872561e-01,3.652654713766287919e-01,7.618413096339301527e-01,7.204009670410729260e-01,9.352432792246940796e-01,7.968591548271986014e-01,2.298207033870158789e-01,4.547723059213548691e-01,2.400649602162116814e-01,7.251460352459987435e-01,8.379499910664378604e-01,7.309485272829389091e-01,8.799213199697696330e-01,7.721234067898820053e-01,6.277023027806079014e-01,7.260749763960532288e-01,9.611226858859560629e-01,6.507971875354066071e-01,9.701621614897135704e-01,7.421684309534746227e-01,5.969413885286787291e-01,5.394141551349631580e-01,9.274273018387091394e-01,4.074594950325706177e-01,4.532155138450063570e-01,6.436658331712599157e-01,3.585300982328781805e-01,6.719030983046678784e-01,6.148682731643693167e-01,9.664743328952147827e-01,7.513880094165976686e-01,-7.509034519524994400e-02,8.603954718151317627e-01,8.290706979704741686e-01,5.388228529148447743e-01,2.921493074082135988e-01,3.302517668099914649e-01,6.151485686332697211e-01,8.851614921017196824e-01,6.405980765850809444e-01,6.891552488825732903e-01,3.938005395304678968e-01,7.194230193508062143e-01,2.398561816927713974e-01,7.932053868506687699e-01,5.806727611782467324e-01,3.650799904323055456e-01,5.006476456216168991e-01,9.178335269946749087e-01,4.452650138983713785e-02,1.314945009713962554e-01,6.135834365551013914e-01,7.329632652471828047e-01,2.843662846189137783e-01,2.783317800569104494e-01,6.529672484119121156e-01
6.989441151609959713e-01,2.665993636743122508e-01,8.302414881935451518e-01,6.395858027711465166e-01,0.000000000000000000e+00,5.186611826440742368e-01,2.640642337830163555e-01,5.295987639315369311e-01,2.336082952056888484e-01,6.201920029905730880e-01,8.397364434909545539e-01,7.745844189854884654e-01,6.053144667368338672e-01,5.229520256450064242e-01,9.177159605931259900e-01,4.018700741141412736e-01,7.705030666290669794e-01,7.697358536486235137e-01,4.256240374169292240e-01,9.210164291749601828e-01,9.919993018981970723e-01,7.887132884800842625e-01,7.051408004795326478e-01,9.871524119191350533e-01,2.705500955936432361e-01,6.160246368611316248e-01,9.114291547273636329e-01,8.096317776273028732e-01,3.163869758409230126e-01,2.582383536878614660e-01,-5.187759564338059737e-02,6.952547552120221797e-01,3.028890187847113613e-01,7.210956190507176178e-01,7.754197627443121243e-01,2.777585420437604924e-01,3.403574372060159670e-01,4.368762889168902874e-01,8.615460367638241301e-01,9.779117897269229420e-01,6.764494084226992943e-01,7.313554192903600759e-01,7.439902112524561240e-01,9.740932124091997713e-01,9.614930467763802557e-01,5.799732738145904065e-01,5.226670299416141807e-01,4.673306773232018818e-01,5.193340647078533712e-01,5.991045012740634501e-01,7.104334343040926703e-01,6.684512633195308640e-01,9.417249900392289375e-01,5.220410975712264090e-01,4.555209290889733476e-01,3.304585855082478041e-01,1.688378513426906091e-01,9.224234116910989822e-01,6.140124924908777482e-01,3.331648408417365870e-01,3.106686408026418933e-01,5.894166020553327501e-01,4.505913761160999509e-01,5.790644870424630497e-01,2.874718292387945517e-01,5.519543013623895433e-01,6.090048659924394148e-01,6.538264240741109568e-01,1.786052426509288082e-02,7.951963446394634261e-01,7.150342701257825784e-01,8.329200761719766088e-01,6.864494618037650930e-01,6.679217569590416570e-01,5.519998622147329614e-01,9.861825173779668052e-01,7.016903064555038982e-01,3.954988300107230570e-01,3.960981395605275290e-01,6.061824632808112678e-01,3.328549399579465717e-01,5.168699168788982723e-01,7.672145000055683450e-01,9.133153683875210316e-01,4.473171492167561936e-01
6.091395802608211563e-01,8.192745250274973134e-01,8.515369997785268152e-01,6.854861282621658169e-01,5.186611826440742368e-01,0.000000000000000000e+00,4.222058051060619821e-01,7.465827446587243177e-01,4.370378184480881445e-01,5.651256665662274248e-01,3.712895054514029902e-01,4.125032081920171345e-01,6.638653765793430805e-01,2.810728520888790549e-01,6.599782501619529951e-01,4.606374565539370636e-01,5.688295590878463814e-01,6.909454784681572370e-01,9.585377070509621955e-01,8.188135559483153969e-01,6.728780361640845920e-01,5.387228615217994898e-01,5.383554988609533520e-01,8.679511920231145483e-01,3.728304640222694366e-01,3.621520434957637979e-01,3.842930574469848870e-01,7.711989343589780166e-01,7.181664633012129206e-01,7.456042727374315726e-01,6.171496415667196977e-01,1.484377365383584835e-01,7.660035611304515379e-01,2.307104205015843568e-01,4.579156078033849164e-01,3.961908886892622217e-01,1.062281945599453242e-01,4.695976899465658105e-01,4.005906785693883476e-01,7.543689017579484624e-01,4.541310237058597266e-01,7.304677432707684659e-01,9.389106543874738975e-01,3.591631282760798793e-01,2.624762009583850308e-01,7.272326915893538857e-01,7.693424116540465985e-01,8.351634864095827115e-01,2.469059179749366617e-02,4.776489907421763159e-01,9.592893736275512895e-01,4.689981521820433819e-01,8.470649532053021735e-01,3.936839401776932590e-01,6.498870090278321410e-01,6.329251517901438584e-01,5.151968431363530554e-01,6.205573402224734414e-01,7.082175029454574888e-01,-1.137000922091631061e-01,3.491058169557813562e-01,1.681411660186157842e-01,7.376412428742116223e-01,6.988430073825339095e-01,4.342814843601141006e-01,9.898220481556425920e-02,6.126517437148633061e-01,7.718955768642427051e-01,7.281860515619296148e-01,6.481986140171509814e-02,7.783251164782091225e-01,6.699915207451503374e-01,3.416891411469341611e-01,7.290990031552235795e-01,6.292561943191194995e-01,9.578882376772005491e-01,5.341892977809246101e-01,2.476262869006095324e-01,7.471788396157449386e-01,2.280099447122900524e-01,5.563484044872518686e-01,8.363123253423381254e-01,6.377637525214374659e-01,6.227003965113199202e-01,6.840344870442982561e-01
9.199234824575146519e-01,5.867300627433782445e-01,9.668182821647508529e-01,4.792950249590155476e-02,2.640642337830163555e-01,4.222058051060619821e-01,0.000000000000000000e+00,5.625053148950114740e-02,5.598481816880470641e-01,3.634380454244622305e-01,6.888163051722977492e-01,3.089981786597034152e-01,4.659430989572796444e-01,5.350673454038670229e-01,6.050875302900832198e-01,3.902003249085433945e-01,4.820708865056254622e-01,5.039453157389063298e-01,7.965526518533245781e-01,8.523851573588475672e-01,7.734517886632426009e-01,7.829433263298937185e-01,5.269137833308308316e-01,7.748146886095699237e-01,2.568588430051538807e-01,4.283840564605094214e-01,1.474483715994205982e-02,7.235703531021622226e-01,7.070938719810547501e-02,1.397250451743704824e-01,5.648758253708189292e-01,5.128147029465859319e-01,4.678834580095112550e-01,5.392919319642230924e-01,5.121914694951854585e-01,3.508572445618712843e-01,5.330687612893403315e-01,2.625874057352001190e-01,5.897938471123538307e-01,7.108345236829703984e-01,3.314629584020235553e-01,5.097693221814171283e-01,9.926246027485593482e-01,3.073293045977176230e-01,8.225468757246393592e-01,4.552456572491474507e-01,7.944808470488324836e-01,6.309575671373792716e-01,5.620776799625720743e-01,7.442586650753384436e-01,1.968744071445445998e-01,9.469124505918472545e-01,6.768362826011645739e-01,4.719256277823090651e-01,9.211602727237641064e-01,-1.679001837516935491e-01,7.646229311159730146e-01,5.752559078747555565e-01,4.227142600433044239e-01,-1.102731935426368021e-01,2.944173296472226697e-01,3.089266894437036615e-01,3.738896296612529424e-01,7.415573474650563046e-01,9.363929388618033034e-01,2.912940128162433973e-01,6.451493222677787687e-01,9.337717947052821543e-01,3.412869472446768415e-01,9.440501350587465756e-02,5.173496867664758581e-01,4.161929792266819139e-01,2.974697640349632799e-02,3.594086153333529987e-01,4.065188357035854905e-01,5.509688579261047270e-01,4.939294706130634705e-01,4.010424465757407853e-01,9.951311721735839333e-02,5.530853658292922415e-01,9.286292823275015262e-01,5.097898738849788725e-01,2.185866721686260672e-01,7.573464289281719442e-01,6.979173183953790716e-01
9.129673069585996226e-01,3.620420021108411435e-01,7.756885666929052014e-01,4.139361388991923407e-01,5.295987639315369311e-01,7.465827446587243177e-01,5.625053148950114740e-02,0.000000000000000000e+00,6.106435711222581997e-01,7.235302966632071175e-01,5.603076021933848239e-01,7.684445200032714585e-01,7.670888767294757882e-01,9.424598561434306410e-01,4.926463911125588679e-01,6.265626742106482627e-01,9.045221214378501573e-01,4.390014519056792408e-01,6.688601473284361276e-01,6.300443302040894533e-01,8.703678055673713318e-03,2.646983584057983618e-01,4.060661618685387220e-01,9.266126409752221127e-01,3.953617476357793592e-01,4.796671591275185609e-01,4.487709013443476613e-01,5.184533644974759214e-01,2.960983605858247825e-01,8.195952547144802480e-02,3.154206229853226962e-01,3.225921277856381164e-01,5.143126628501227815e-01,1.853877558679146997e-01,2.870214440688552415e-02,3.352268864184243524e-01,6.617281661571007279e-01,5.714151271548728594e-01,4.857720712690569709e-01,3.385982795502425757e-01,4.516250778452278736e-01,2.248921157317899933e-01,6.548984696299529062e-01,4.108898362558048301e-01,7.016019047703088152e-01,4.235453496793267769e-01,9.977439885865510005e-01,6.865351460878004186e-01,6.591147750016753681e-01,2.527304583922307391e-01,2.011594698122486369e-01,6.189076938053886812e-01,7.250537081382831817e-01,7.762942689054198597e-01,6.859548599703235716e-01,6.010141998125829721e-01,7.510216484550197302e-01,5.045623108985710648e-01,6.443849497903795243e-01,4.294964975390531681e-01,4.520211637643659075e-01,2.667553483452269614e-01,2.471671089043864789e-01,6.123210381621557730e-01,8.061724592663837008e-01,6.024623030755560382e-01,1.350190035512685294e-01,6.534925207951284287e-01,7.496524407283203795e-01,2.552309746314908034e-01,5.892743787006098355e-01,5.388848988435155501e-02,1.331406897956028401e-01,1.092668527545947177e-01,6.165465067341544536e-01,7.302532385306276241e-01,5.330235339113165161e-01,4.002171982069971934e-01,4.227707444754678634e-01,3.513424789080805966e-02,3.538489891281902944e-01,3.070105901961862616e-01,7.160716385761689562e-01,3.754474957686627645e-01,5.196658262578358611e-01
7.541182513460582548e-01,4.552092941786671232e-01,6.399209128659977264e-01,7.682659712635337979e-01,2.336082952056888484e-01,4.370378184480881445e-01,5.598481816880470641e-01,6.106435711222581997e-01,0.000000000000000000e+00,9.270744042530179585e-02,5.888588639853640228e-01,4.637893780571862301e-01,6.197764351438251884e-01,1.029823706986693621e-01,1.012064534734051779e-01,7.044386591665688924e-01,9.812245094206987206e-01,5.982962214513658505e-01,2.421956231987991703e-01,6.113605645096300556e-01,6.895551538320155993e-01,7.572042254508531967e-01,-1.523646265227426855e-01,5.162584027147495425e-01,7.116659132880547300e-01,7.978936192238331726e-01,6.521894912433775504e-01,5.040590452005281330e-01,5.426898038271329439e-01,2.934983573926599476e-01,4.707895462715904755e-01,7.455420109206073453e-01,4.201199842783882032e-01,7.149515952801235308e-01,7.607805282409531022e-01,4.187034104901329323e-01,5.746495204369416188e-01,6.083986819296063331e-01,3.653842453515124267e-01,9.176535872605245947e-01,6.451956762586497085e-01,4.798697388895779015e-01,7.767951727158840525e-01,8.885199773554688374e-01,4.732686359826088762e-01,9.177950980403999370e-01,5.847505086336615143e-01,7.656393071563702968e-01,2.359350281635860802e-01,7.280837349297175631e-01,8.113346439093390705e-01,5.084218379533225196e-01,2.706853671080853285e-01,5.722456632816437239e-01,6.056997915818190803e-01,9.415005480378311198e-01,7.948805271879109124e-01,2.304985025351357630e-01,6.925900442384312905e-01,6.141145534902721081e-01,6.950294987150775761e-01,8.220811631080169324e-01,7.327101155863573467e-01,8.021688219292769650e-01,5.853047231067016742e-01,7.618399327130431775e-01,4.266532634411808744e-01,9.620277025186521058e-01,6.307897229220996715e-01,4.577289616557337903e-01,8.400504523609099161e-01,4.991998597542651739e-01,7.798116809016476525e-01,6.444207033089996983e-01,4.187791606179925297e-01,4.306318218986424085e-01,8.330338991505530366e-01,3.460325476707652448e-01,2.241219618465897789e-01,-1.683306840105749935e-02,6.056744151780041330e-01,6.468245252584319260e-01,2.424275372629418335e-01,1.918412608598243571e-02,2.686806140801711873e-01
8.886288432804894111e-01,5.376854644369626346e-01,3.288621606839812195e-01,3.346455814905205939e-01,6.201920029905730880e-01,5.651256665662274248e-01,3.634380454244622305e-01,7.235302966632071175e-01,9.270744042530179585e-02,0.000000000000000000e+00,8.693935067182992915e-01,8.240558960985563397e-01,6.119344317148587287e-01,5.661599366244083331e-01,7.437036303060479137e-01,-3.072663232424079349e-01,4.159600655327291840e-01,4.879406667229929662e-01,6.018044921201103348e-01,6.149861851975851890e-01,6.410176703199867987e-01,9.302235554996820532e-01,7.563561407910670553e-01,7.353855566175856451e-01,6.855915590028768269e-01,4.976609966403922058e-01,5.700959646022948357e-01,5.839547508584395086e-01,4.561019325105183375e-01,1.908412234547962327e-01,-3.274793726589794174e-01,6.446767217360298563e-01,6.865623138164820283e-01,5.417383846789441959e-01,8.321028818155793427e-01,5.529352704335768198e-01,2.132398828768892751e-01,2.439521803248563270e-01,7.645886587124715028e-01,7.503213529168168971e-01,-6.340506472149506911e-02,7.610825800185181400e-01,7.344104244518703251e-01,2.032481693457982297e-01,9.838434716735625640e-01,4.548967259887963244e-01,3.493458982687335235e-01,6.710768771879553896e-01,6.546103958178643989e-01,7.324340986202217962e-01,1.820633943369905083e-01,5.702044498111502602e-01,4.747045940108217676e-01,8.808663858157677051e-01,9.262927322505480898e-01,6.857057521572419434e-01,8.080985605736316080e-01,7.460762001322287507e-01,5.286540499686237515e-01,4.337819091972264784e-01,1.227382049614107462e-01,7.563459973041830597e-01,5.037219019108065687e-01,8.392391537154616499e-01,9.558293926905508942e-01,2.294332435041393503e-01,2.972110005019144158e-02,5.933523911418103758e-01,6.117970707569004851e-01,5.169958630797260035e-01,4.839832332145677096e-01,2.844371391408964667e-01,7.484899033806324820e-01,-9.036540957884872660e-02,4.930825223908457122e-01,8.346386891247616902e-01,7.790287623787885973e-01,6.588022084226530239e-01,7.477654473034978100e-02,3.259983254501653827e-01,7.854879218643706640e-01,6.399843473719136755e-01,7.272374165367263554e-01,4.726870334657320427e-01,4.847782648106418318e-02
7.618637416518041494e-01,5.351010490716646695e-01,6.129105465277491227e-01,8.861833017529795464e-01,8.397364434909545539e-01,3.712895054514029902e-01,6.888163051722977492e-01,5.603076021933848239e-01,5.888588639853640228e-01,8.693935067182992915e-01,0.000000000000000000e+00,3.639032940574477015e-01,9.563445715822714854e-01,6.375838454902023056e-01,5.955692271727154319e-01,3.571786162456704883e-01,6.300228082522635331e-01,6.274215673535400439e-01,6.729593882367786994e-01,8.803443762795132299e-01,7.607208216981793392e-01,4.187496502443939228e-01,6.685577677759724224e-01,7.453408030193220402e-01,2.084111363421974894e-01,6.703512587904331133e-01,7.909376822950766606e-01,4.370797580540188854e-01,7.174887788882644557e-01,2.608337024635528079e-01,5.395359766026874837e-01,5.627071056731954846e-01,7.035239861702241582e-01,6.891840090450667144e-01,8.151660727863828670e-01,-7.031506189414726826e-03,3.083048919389281273e-01,2.532987948888801299e-01,6.981720175805027351e-01,7.934369725805654472e-01,4.676225614255734575e-01,2.910193813283246667e-01,5.558244250091354255e-01,8.391724944901175487e-01,4.076411429871601433e-01,2.554900636860396590e-01,9.616547143489716509e-01,7.705861283100462478e-01,4.631481855525126368e-01,7.267250414620488597e-01,5.542757123398629471e-01,7.922786906198747703e-01,6.489722420812089609e-01,5.141030973553978312e-01,8.803180963630821143e-01,6.628945483945583028e-01,3.938622711852048930e-01,7.205383417328339313e-01,8.834609673195300550e-01,7.900162156790562218e-01,5.540299161189892602e-02,3.603287691342611510e-01,7.608781334821199671e-01,6.287793512197918933e-01,4.660078037167050269e-01,3.783200513469509585e-01,-7.114486368252070925e-03,7.818347255360709180e-01,5.022833235623997972e-01,5.194320880170415489e-01,6.385852937943130581e-01,9.771801988708255227e-01,3.367209950132150631e-01,2.985113354533639463e-01,8.984175865552533613e-02,9.248010877743325642e-01,7.408514927818357076e-01,6.079349555433698482e-01,6.827222584840421105e-01,2.141567254339588333e-01,5.720007020879400716e-01,5.237525497251636075e-01,4.218241326477576436e-01,2.376373741522770366e-01,4.178384289669723750e-01
1.304705463062434123e-01,5.248223190122887072e-01,4.447713678993847064e-01,6.267479622979408305e-01,7.745844189854884654e-01,4.125032081920171345e-01,3.089981786597034152e-01,7.684445200032714585e-01,4.637893780571862301e-01,8.240558960985563397e-01,3.639032940574477015e-01,0.000000000000000000e+00,6.599294083571081160e-01,6.338723375502474111e-01,7.328642714479677300e-01,2.258074837925661271e-01,4.939320830577288435e-01,7.104658631690250470e-01,9.167727795895099785e-01,6.450177013336743093e-01,2.274203484598232849e-01,6.431286911593108169e-01,8.751586804125390806e-01,3.520160429373110356e-01,9.215405997873741262e-01,2.545156110061667643e-01,7.413866903165673428e-01,3.659950268291344289e-01,5.219189858015262917e-01,2.720407668077579055e-01,5.396231857725100056e-01,9.257049541453996611e-01,5.821270753036507095e-01,5.856511623948856826e-01,1.376954201991167637e-01,2.556802311861712251e-01,2.961198370198431795e-01,2.207898086654414005e-01,9.179905359706663770e-01,7.111263860256729075e-01,6.682326516041336983e-01,4.113908276217532745e-01,9.126178355027508848e-01,2.107824777728910526e-01,6.568709354095820796e-01,7.902741869348838266e-01,9.711137095518920237e-01,6.435221156451160773e-01,5.459288643319858414e-01,7.944404829995797002e-01,6.644131692287460478e-01,8.251744095306071669e-01,9.023097486031128600e-01,3.817049601779233803e-01,4.943106587830081167e-01,8.819834354321891556e-01,-1.340531081662734714e-01,2.056808180769624517e-01,4.503100915050400332e-01,3.266198320359971485e-01,3.948285031506569842e-01,6.642253560489593811e-01,7.993367267096515016e-01,8.365107218875598161e-01,5.054912212674046446e-01,4.498154150033239485e-01,6.695466574162589612e-01,8.663704792888524686e-01,4.955109343893507878e-01,6.263631317403827170e-01,8.703497605868945053e-01,6.112704023341021253e-01,4.664614029211853197e-01,5.384732692480218574e-01,6.947303780128928352e-01,7.465879727171982339e-01,5.550894325780983962e-01,5.618790818548916599e-01,2.441864025484052625e-01,2.395626674622894359e-01,5.046396433088076172e-01,8.984393959002626717e-01,1.712893917940622457e-01,1.593998313843759673e-01,4.415730402377931463e-01
6.226575308758224292e-01,5.206955195529404667e-01,4.103371848079834239e-01,5.759292231053940725e-01,6.053144667368338672e-01,6.638653765793430805e-01,4.659430989572796444e-01,7.670888767294757882e-01,6.197764351438251884e-01,6.119344317148587287e-01,9.563445715822714854e-01,6.599294083571081160e-01,0.000000000000000000e+00,3.958964376815310993e-01,4.743808306929819807e-01,6.747126616343399608e-01,6.306279968359275179e-01,3.681082880662456258e-02,7.202167208548913013e-01,6.334637138896145325e-01,6.057645999181753282e-01,1.694496272153838204e-02,6.680396320342705252e-01,7.891770788352726607e-01,3.253126232950476204e-01,9.395092755934270068e-01,5.213876100815963976e-01,7.149830529631850951e-01,4.207761954728864717e-01,2.518045481461483326e-01,1.015244519415192670e-02,7.296046993911478040e-01,5.654226041964032223e-01,6.099125732083791052e-01,5.489504278218545474e-01,2.627924949947938460e-01,4.288157610409257803e-01,4.853749536802695053e-01,9.257406602691349295e-01,9.235656923523184458e-01,1.549502231583163026e-01,6.496497756914643151e-01,8.472424440834107617e-01,1.249134716385271598e-01,4.133726628028747130e-01,7.976042513507614062e-01,7.981979619381793789e-01,9.021266474840521354e-01,7.638620351935170305e-01,7.120343119847910573e-01,8.839673635507810934e-01,2.512628022308890374e-01,6.751239036398899440e-01,4.656920151904744287e-01,5.251651803011615494e-01,2.728247981399792299e-01,7.892230724845286094e-01,3.202393115010297442e-01,6.131705500344536430e-01,6.747048744540588006e-01,5.496463680551734177e-01,9.138129069819512784e-01,1.744378717422894742e-01,6.154920027815332650e-01,-1.869263415684507823e-02,6.968155434571968732e-01,2.433495258620929913e-01,4.096476248665660846e-01,1.471332686353668019e-02,6.580881165213021688e-01,8.834266257812942724e-01,6.607473382807356466e-02,5.198019627526455633e-01,4.480544849669789165e-01,5.990001552128224604e-01,7.151999745872702485e-01,2.742289812377985969e-01,8.590408989395017514e-01,4.282233049848134798e-01,3.417234602866261461e-01,1.959541022656790532e-01,8.713144728360898705e-01,8.514760921364438184e-01,1.238725974334239366e-01,1.257357391099006294e-01
3.123208171179122639e-01,6.127168659800289463e-01,7.180547895465597685e-01,2.341197483634825105e-01,5.229520256450064242e-01,2.810728520888790549e-01,5.350673454038670229e-01,9.424598561434306410e-01,1.029823706986693621e-01,5.661599366244083331e-01,6.375838454902023056e-01,6.338723375502474111e-01,3.958964376815310993e-01,0.000000000000000000e+00,6.439449645890910068e-01,2.622041132967524169e-01,4.133679538485428573e-01,4.665717585048410054e-01,9.834575494749933089e-01,9.547495805373097388e-01,7.540052421105103431e-01,6.995382287747938799e-01,7.951861174659851095e-01,9.835809221767300992e-01,2.877979023350287768e-01,5.255362123963756016e-01,6.495352703814192274e-01,9.689542484537911893e-01,5.796213492026728309e-01,3.392365515948398969e-01,-5.561438729511178347e-02,7.944727298369743673e-01,8.645865642149603847e-01,7.051106853491792004e-01,4.338765447829342481e-01,5.627460938933186441e-01,3.221341255260863623e-02,5.480681702363328078e-01,5.122508707574221498e-01,4.231241278992740051e-01,4.384700093401561749e-01,6.802861794538825890e-01,9.212443558104024266e-01,5.620134007173691604e-01,4.731775044254017959e-01,6.318091308238166226e-01,6.539946359993459302e-01,2.659209973723005160e-01,5.603309671980338802e-01,4.049404204897685267e-01,7.070100390305076310e-01,3.521437368551989522e-01,7.832112284819504611e-01,7.528757013329437919e-01,4.432704188600152251e-01,-1.085671401221159904e-01,8.366420373524561249e-01,4.325541589743755466e-01,3.705405309479768983e-01,4.308922857232201920e-01,7.829004989765089850e-02,9.015028574161465524e-01,1.421981592892233304e-01,9.936599394701681742e-01,8.466951598187545391e-01,5.460581677412984503e-01,8.990502544839757970e-01,5.129889043580269092e-01,7.876234144277267646e-01,8.308728248552806894e-01,8.602419857374458134e-01,4.555778919808070593e-01,5.153919341868712367e-01,4.896318181632747235e-01,7.728597202488074469e-01,6.127189859222931245e-01,9.869689273512424199e-01,8.697330435989671926e-01,4.588746019116748953e-01,2.013074805715171778e-01,6.399542959612858350e-01,6.958096734369433323e-01,6.341050855906593675e-01,2.421119358986865422e-01,7.762467062022770925e-01
4.226986027255190126e-01,8.642914310495555252e-01,8.947739102542803247e-01,6.733563568976244085e-01,9.177159605931259900e-01,6.599782501619529951e-01,6.050875302900832198e-01,4.926463911125588679e-01,1.012064534734051779e-01,7.437036303060479137e-01,5.955692271727154319e-01,7.328642714479677300e-01,4.743808306929819807e-01,6.439449645890910068e-01,0.000000000000000000e+00,7.939519973250697138e-01,6.213183482090613996e-01,2.418801877229865283e-01,6.409690749308633029e-01,1.655984385537341216e-02,5.897194758406892889e-01,5.083199941054405979e-01,5.331533366224129322e-01,9.166096343422693860e-01,4.969565291621143577e-01,4.367091473000190294e-01,5.084591333101575739e-01,5.096871137338051527e-01,2.995439918992592876e-01,1.945748965371772027e-02,6.879278236534916990e-01,4.319155762120885367e-01,6.806981709711261708e-01,8.833274809360799340e-01,6.315989174506073667e-01,3.723885530601093730e-01,4.277392893183444289e-01,5.841996935070796759e-01,7.937344808899788884e-01,8.889316020791659945e-01,1.862336084268325642e-01,2.512866244213588507e-01,8.129801917026304725e-01,6.646912854017066330e-01,7.338042628788542521e-01,7.030544063027569512e-01,8.682846960893630950e-01,7.950514186937487349e-01,5.949942719253020762e-01,2.029768388747067998e-01,7.082761900412567480e-01,4.378195138687528964e-01,8.098135569586033533e-01,6.655964069184200360e-01,6.948312822570895664e-01,8.620782944891044464e-01,4.476149719597755650e-01,7.207679204386339133e-01,9.640259299623653577e-01,5.474229242169033061e-01,7.576455117066872580e-01,2.454584793050539338e-01,4.242249196044570736e-01,6.109522395802986505e-01,7.759836421066248491e-01,-1.244408850047397930e-01,4.990226280642959811e-01,9.153532950052384320e-01,4.132035882009410521e-01,4.846362921936909762e-01,3.534469197391187922e-01,3.375920209799817551e-01,7.137047950703524490e-01,3.012894528245757542e-01,6.724746185047545399e-01,8.939958966977918919e-01,7.768030526791593893e-01,5.337534461220391213e-01,7.389487974582745755e-01,6.574366236052170409e-01,4.067337374622151946e-01,4.959732267569270103e-01,7.970603825111473029e-01,5.489899309868042643e-01,4.640735901719728607e-01
7.604886566600949083e-01,9.344305714176431854e-01,7.838075384644930255e-01,3.896740520289643239e-01,4.018700741141412736e-01,4.606374565539370636e-01,3.902003249085433945e-01,6.265626742106482627e-01,7.044386591665688924e-01,-3.072663232424079349e-01,3.571786162456704883e-01,2.258074837925661271e-01,6.747126616343399608e-01,2.622041132967524169e-01,7.939519973250697138e-01,0.000000000000000000e+00,8.883816888231172992e-01,9.169112537255603712e-01,5.465250461055637388e-01,9.406413310342285339e-01,6.365411571543743152e-01,4.852193666472759404e-01,3.723046124384290501e-01,8.011568467932809190e-01,4.907773469942574018e-01,6.243450912420667187e-01,6.662901263577333255e-01,9.422875096981291332e-01,3.179234202251186581e-01,5.294052350867859413e-01,2.038406810490043242e-01,2.219596430825882261e-01,5.355060081393248073e-01,7.278610783603493006e-01,6.205590459434107142e-01,3.552227661124521818e-01,8.618865131065956559e-03,4.031713287962198633e-01,8.230977422790101139e-01,7.358459105976493664e-01,2.201694825922742571e-01,7.897721085143734054e-01,7.057211545106939488e-01,7.677009243282371109e-01,8.581568127175234206e-01,2.378573322926836320e-01,7.399132495672063881e-01,2.098947452466190244e-01,6.381554893922658511e-01,4.264571968622044018e-01,4.374788738482512374e-01,6.241470343241219965e-01,2.624480662444596546e-01,3.446381793482609091e-01,9.106958196528971428e-01,7.365131828544917436e-01,3.596909405033194007e-01,8.923124431420088598e-01,5.922290821662340443e-01,-5.165998862123305502e-02,2.256647260613705575e-01,6.643466471422864172e-01,2.814318184832006464e-01,5.942799358312935709e-01,8.349071744313028010e-01,7.643575785224130392e-01,7.305152699871328981e-01,9.824388439649796023e-01,6.974404036330620338e-01,9.299620615888990471e-01,6.148109662013618859e-01,9.663933168808220842e-01,7.881510300339942265e-01,3.480494017010582475e-01,4.175505115164543368e-01,8.699155162990952483e-01,6.575651304587485368e-01,5.694718082506847745e-01,2.203852826185555835e-01,-1.984450508173737637e-01,6.421240608619460666e-01,9.872063972844236091e-01,7.686693873239744956e-01,3.194685301487161788e-01,4.019098522403715124e-01
5.521712948620857153e-01,7.340417669459599059e-01,8.491090059831096770e-01,6.142413185437030076e-01,7.705030666290669794e-01,5.688295590878463814e-01,4.820708865056254622e-01,9.045221214378501573e-01,9.812245094206987206e-01,4.159600655327291840e-01,6.300228082522635331e-01,4.939320830577288435e-01,6.306279968359275179e-01,4.133679538485428573e-01,6.213183482090613996e-01,8.883816888231172992e-01,0.000000000000000000e+00,3.032286621713572439e-01,9.705499497142319187e-01,9.604262619257961653e-01,8.666521074619157883e-01,8.378647844594098171e-01,5.884639892911591730e-01,6.833724098724777152e-01,5.108788776541883792e-02,7.151748072426470371e-01,7.287870255379836903e-01,7.186552536438737260e-01,5.382663715343961597e-01,5.823870702805162836e-01,1.129366500017090352e-01,3.284820308874402128e-01,9.118538269059464074e-01,7.695326945653319095e-01,9.561977271210984064e-01,-1.830618447951654626e-01,2.683047146550158746e-01,7.664100865030268883e-01,4.899620053656831287e-01,6.559468993634197664e-01,6.808121066989637482e-01,6.735793751237733051e-01,5.771722115572577305e-01,2.391144600330540881e-01,8.064208209944601080e-01,4.991784928121869025e-01,9.476611652680001496e-01,6.518842158231745731e-01,4.795106804501554354e-01,7.964646365590219990e-01,9.829054309688571855e-01,4.772303199670839824e-01,2.034230094631354624e-01,6.380408553655163573e-01,7.104160612772525418e-01,6.291364380671152778e-01,5.541191768497029102e-01,1.352746262150183454e-01,7.174158231631592164e-01,3.359318384492080423e-01,5.678713230020439040e-01,9.831923547788361528e-01,6.086309504632900769e-01,7.390603298883069439e-01,7.578729224751714622e-01,3.666217704572782843e-01,7.629683214518417911e-01,6.293331009882275895e-01,6.037238955865493750e-01,6.339239900808056882e-01,6.127057335252241721e-01,7.570129522199740002e-01,6.282002481402650940e-01,7.430752901394290788e-01,8.240333986711123604e-01,6.574730887872255458e-01,6.524601033465089461e-01,6.167160203883168546e-01,5.782981124419990238e-01,3.496611071113321922e-01,5.514866179245572209e-01,6.425281289905098170e-01,7.034649889758997077e-01,4.980788563310521999e-01,4.326913545652135706e-01
8.627550034460894635e-01,5.809990190542334565e-01,6.508810574309213948e-01,5.295034495977800626e-01,7.697358536486235137e-01,6.909454784681572370e-01,5.039453157389063298e-01,4.390014519056792408e-01,5.982962214513658505e-01,4.879406667229929662e-01,6.274215673535400439e-01,7.104658631690250470e-01,3.681082880662456258e-02,4.665717585048410054e-01,2.418801877229865283e-01,9.169112537255603712e-01,3.032286621713572439e-01,0.000000000000000000e+00,7.810499325883279997e-01,6.303143099384693748e-01,6.257515636462677167e-01,8.026384733749698519e-01,6.959847781330167349e-01,6.910825861007073856e-01,4.281644956296272175e-01,3.254593635962794718e-01,6.841908023783410675e-01,5.134364966701194799e-01,-1.467892554542547523e-01,8.287386540310488769e-02,3.116722084905687584e-01,4.157145492468946046e-01,2.497500422153369759e-01,5.802780222990738812e-01,8.576598295187827237e-01,1.761670272228968437e-01,6.355630311128801502e-02,7.450960727571914743e-01,6.283134366181684083e-01,3.177863674395023930e-01,3.895307740022180276e-01,2.030836114145291860e-01,9.250471910655562180e-01,7.277546612481041732e-01,8.148894970094481272e-01,2.911403133681296773e-01,5.184886255787078957e-01,7.463575331873461005e-01,5.634950025398727247e-01,3.824409582805011754e-01,-7.831953135367254737e-02,5.536343411797749470e-01,8.233374694814593608e-01,4.966242807338801524e-01,6.809545850095526376e-01,6.703959255739305734e-01,4.927192255896437056e-01,5.070673907952316650e-01,4.813652853812149246e-01,2.483540845651139861e-01,4.165171356522706647e-01,7.900720482768404107e-01,7.881402106482818803e-01,6.905983617255634366e-01,6.440938041216597298e-01,3.460090746235149339e-01,7.827418656138943609e-01,9.125096966924566289e-01,7.758976177523005946e-01,6.849774954624553436e-01,3.159966082995412928e-01,7.485474589136635881e-01,7.764596577989232307e-01,5.307147093631229273e-01,3.852866085381509986e-01,-5.153962621820795675e-02,8.004471929044885137e-01,3.524874596078464428e-01,8.031767934791568253e-01,4.924600457885595223e-02,4.623898547493362488e-01,7.657408467529043250e-01,7.090071458834544815e-01,6.788959328079650080e-01,5.669979388238075568e-01
