0.000000000000000000e+00,4.930589621511646814e-01,9.826837459028650024e-01,8.404804664122511593e-01,9.833610515822361897e-01,7.749434457005490717e-01,8.659242939651552451e-01,3.592919318549405716e-01,3.111667464135255412e-01,8.035584361934700048e-01,4.821070468585245683e-01,7.617323383865807207e-01,6.331058951660112344e-01,9.910648341348315959e-01,8.918778220229973686e-01,4.209817848121128470e-01,9.844957647982840454e-01,8.337708105318359930e-01,7.586987958755246897e-01,6.767240259434116334e-01,8.803613052019120255e-01,3.691298167057915913e-01,4.085155949109096629e-01,8.983252777543178080e-01,3.497330551701764989e-01,9.449850888058093368e-01,9.825399477008391891e-01,8.370240634745060859e-01,3.399680041005749276e-01,2.630452795964099977e-02,5.928197149143974443e-01,6.726778358525073997e-01,8.942488212112131851e-01,8.580037356935444892e-01,6.464540989780471758e-01,7.560160920878972179e-02,3.701521496414006732e-04,8.757008463621007710e-01,8.076130749965809708e-01,7.085893927630295686e-01,7.484786248951844634e-01,7.061071409297038359e-01,2.521655512000924304e-01,4.472528046372595267e-02,7.396436590017575474e-01,3.921992194895133621e-01,4.504317546879530454e-01,6.222707368264447370e-01,9.285047651543870684e-01,8.418986208280088146e-01,9.906476238296550996e-01,6.696751576565878050e-01,5.044206842181662154e-01,6.648496994911761160e-01,5.450423223512513848e-01,6.807908876300206025e-01,8.331121655971660545e-01,7.980123680262675157e-01,4.243985903679700078e-01,7.682898813530907312e-01,4.874659255351017073e-01,8.654731296989065514e-02,9.426281888315630741e-01,7.882526496921441472e-01,7.315420030937328510e-01,7.650552052729711061e-01,7.817680961669185580e-01,8.224602882720289942e-01,7.320383379397280565e-01,9.236524706965747455e-01,5.374267098239003948e-01,7.399681452902497902e-01,3.053526286713399429e-01,2.987116330625466665e-01,3.200032996552220066e-01,8.449740887117005439e-01,8.339697150828662142e-01,8.766057969325624644e-01,2.280106140794940506e-01,4.640952329900013829e-01,1.090755116582893952e-01,7.890593665272955803e-01,4.022062903860744720e-01,5.429044122492135971e-01,5.942174990421174030e-01
4.930589621511646814e-01,0.000000000000000000e+00,3.509697753711935597e-01,8.958156545408643145e-01,7.183886187841468374e-01,6.245317696682253228e-01,2.615304438413532662e-01,3.791139793910033307e-01,7.416764805508337943e-01,8.256382000549571387e-01,6.121580559563455370e-01,5.221120180286338286e-01,2.134538417625639617e-01,6.623527589893628553e-01,6.877923780047617841e-01,7.106036716212501547e-01,5.694348653335083998e-01,9.368126101648710513e-01,6.346570865211844659e-01,7.584090190461717507e-01,4.015481156545132047e-01,3.897277801397512897e-01,6.402142026051929058e-01,2.332655939213178486e-01,6.447079620060810479e-01,8.557514902257833400e-01,9.258112338913090378e-01,4.777749411283849224e-01,3.977980608839932763e-01,5.085095834511095259e-01,6.703608532721501145e-01,4.457972399801974350e-01,9.485387015494056717e-01,4.613374069849509596e-01,6.875737723126932321e-01,3.143488528182669106e-01,2.408834553120831057e-01,3.762971918269682470e-01,7.097109670539146764e-01,8.225052369789950246e-01,6.068263407511429453e-01,4.526790551333183532e-01,8.569920686669805221e-01,5.758701899971130356e-01,4.341103539577983450e-01,4.672671487877356755e-01,5.448657214680993066e-01,7.236096545773720301e-01,2.840284257939195700e-01,3.006140298136699140e-01,7.383333529653300920e-01,6.824015376338372629e-01,7.466032070865029624e-01,8.083773745967485214e-01,7.561879895444970634e-01,5.690995656500994482e-01,6.003717069670507778e-01,9.952796068669210738e-01,2.570777444523928562e-02,5.857773615130325018e-01,4.067381731967890657e-01,6.049371353499675141e-01,8.095018661456663267e-01,7.725308085266311409e-01,6.045056564384576614e-01,6.811905242241020897e-01,7.599980478126580064e-01,6.510353627769187301e-02,5.915165691344452803e-01,2.516717087340412107e-01,3.803691771771394725e-01,8.304762903560140019e-01,8.478808123950223319e-01,5.881794422933066535e-01,4.650581563516213990e-01,4.769385074564417293e-01,9.597424430604830636e-01,2.746252368022729651e-01,3.839977705594294077e-01,5.253857149488448952e-01,4.154946185296705674e-01,6.282017513747626403e-01,8.935635108406688731e-01,5.327525464732741911e-01,2.896061333356241274e-01
9.826837459028650024e-01,3.509697753711935597e-01,0.000000000000000000e+00,7.370344076848129866e-01,4.804625008220630988e-01,5.826143630439644533e-02,6.798700558120037707e-01,7.798068378610258922e-01,9.944778192773668923e-01,8.460721792542438280e-01,7.144652529215805847e-01,8.234635368984326576e-01,9.606540378009046366e-01,8.358369459657368772e-01,2.892533819346977397e-01,6.486823969657972144e-01,6.920179224951092944e-01,6.429526956261035764e-01,9.329148545041954232e-01,9.672049474198288754e-01,4.972360576359796669e-01,7.954221548110422813e-01,9.718220415254943401e-01,8.722031928119241551e-01,9.499167760969966512e-01,7.426434318310068949e-01,7.306222456097714035e-01,8.453373504204829691e-01,6.244114886243989915e-03,4.694137683539528760e-01,3.817875782126345929e-01,9.513620485284511874e-01,9.680173592290800544e-01,7.613688992258924593e-01,7.179679120767734624e-01,5.837225083065737952e-01,4.014475389017924667e-01,3.111499639672382633e-01,7.710315824284460495e-01,8.369718768994079960e-01,6.803778212819097115e-01,7.296395296837367983e-01,7.457277009309646321e-01,9.511835305037519284e-01,9.256428229585165202e-01,5.002987726077861019e-01,9.418503409856178177e-01,7.702517518541610597e-01,7.958836207580841648e-01,5.845719935426635372e-01,4.436785521693211165e-01,7.347739959908117235e-01,7.838447180985173013e-01,9.767756994296773465e-01,2.214482890016629402e-01,9.016962158440349207e-01,9.122107999147399671e-01,7.896295174914664816e-01,3.446640572950949166e-01,3.370219969612265332e-01,6.187285797694229705e-01,2.150529833746718800e-01,6.357850423029712816e-01,8.936127397392141791e-01,4.858152949457670289e-01,4.968083860747433134e-01,4.330494970838139057e-01,5.671954768786742207e-01,7.665682331713244979e-01,4.079850729207247229e-01,8.550993283908547848e-01,6.512236245900862031e-01,1.270177005201536813e-01,6.789672709176787224e-01,8.086531430176245872e-01,6.812347412563170002e-01,9.683194497554469260e-01,7.292851570131878569e-01,6.941604042482453218e-01,4.391013469223576382e-01,9.959769645645317748e-01,9.450910532407783560e-01,7.678702975851712242e-01,9.227299759462507245e-01,7.025668592387869227e-01
8.404804664122511593e-01,8.958156545408643145e-01,7.370344076848129866e-01,0.000000000000000000e+00,6.000910218222065273e-01,7.246083196278338967e-01,4.011419726021268062e-01,1.313723118149211222e-01,3.075439968295204940e-01,7.295452322805749956e-01,4.473182541275250168e-01,2.917797493216529037e-01,9.578892442662678697e-01,9.656282992031139933e-01,4.656314760585849588e-01,4.140189896473134290e-01,3.445915358559043518e-01,5.906452516041856837e-01,4.933223646549300678e-01,4.856775923762448599e-01,7.938085433163528659e-01,2.896486228101821103e-01,7.592777136222212953e-01,7.008107282892563905e-01,7.641763181772979197e-01,7.580172687818126365e-01,9.339344509172250453e-01,9.491808568678244962e-01,8.486314958358956995e-01,4.366004721385152829e-04,5.206144639194705270e-01,3.603947788023765808e-01,6.509988789212880489e-01,6.687062852526657331e-01,3.033212313607960287e-01,1.174839013676542976e-01,1.171360673618127013e-01,3.205065082672577947e-01,5.551022980931192841e-01,6.114146504091954037e-01,5.242926959579348178e-01,8.856021506904381280e-01,8.253019789053516186e-01,9.342811070127370332e-01,8.169059160967246935e-01,2.899949083688932450e-01,7.017184965956828613e-01,6.599135259864631342e-01,4.982429315656619617e-01,6.981373043372917087e-01,9.204794700145265685e-01,5.725047359911481504e-01,6.075728942641527297e-01,8.923662164852226297e-01,6.549770981226269440e-01,8.868600357989901983e-01,4.355168766893897092e-01,6.803373432103390073e-01,6.953957214282340260e-01,1.657958357181567033e-01,2.935047190437322095e-01,5.453178594272232171e-01,9.020026725252218158e-01,4.066618354187609974e-01,8.840599886320754663e-01,5.963197040068366622e-02,8.488846318536085178e-01,8.307308669117767774e-01,4.864895444047238615e-01,2.597868891087065646e-01,4.782895311977336528e-01,4.178687618871466669e-01,6.298984176429743842e-01,4.384374382700854111e-01,6.721584990946787297e-01,1.239046690983500315e-01,7.625639564110185953e-01,5.821776487569154668e-01,-8.248110719076155728e-02,3.092775630259006481e-01,2.969545838967475593e-01,4.678714133272804387e-01,7.797395851103883224e-01,3.657924812462260977e-01,9.781524425138079515e-01
9.833610515822361897e-01,7.183886187841468374e-01,4.804625008220630988e-01,6.000910218222065273e-01,0.000000000000000000e+00,6.781700478186394321e-01,7.059674890478579989e-01,3.015630233428202578e-01,4.132307181501180815e-01,5.855188826425757886e-01,7.652678493154588812e-01,4.468359386448759740e-01,7.606403090154074675e-01,3.864068899733433815e-01,3.568573596621480437e-01,4.759066571568109083e-01,9.222536770105100867e-01,8.892310406510469667e-01,6.083121892051219781e-01,4.085539018204235040e-01,4.658338074398991058e-01,2.687372277920437036e-02,5.654446951184949333e-01,8.419155954506842843e-01,5.882022517612142121e-01,9.231108429909791191e-01,5.502729099054364248e-01,8.177137779347543045e-01,7.296362294274244542e-01,5.327316620950396375e-01,2.419721078316948992e-01,5.561064191461305706e-01,2.128573177682361039e-01,2.318535630681004545e-01,9.603164030784745453e-01,4.341144987513031461e-01,3.183992110877912340e-01,6.062777165541426427e-01,6.091431473096091676e-01,9.789535238833307895e-01,5.872949807169521863e-01,8.959449894422549798e-01,8.914534225714453308e-01,1.766986717600591561e-01,9.197533811458351583e-01,6.815429755490854946e-01,9.265884079616387714e-01,9.123984833125127203e-01,4.096432296459442401e-01,4.362991432358476751e-01,7.533455496822841768e-01,7.406693200726062187e-01,6.089283955415868421e-01,5.677830932254678276e-01,9.867890013767131041e-01,8.810376798804478993e-01,7.054702693956391713e-01,9.250700256285571133e-01,7.459132731092241730e-01,4.790965686254475830e-01,6.542734848600695319e-01,4.331605145535415424e-01,5.836875935329418619e-01,7.615590537489250744e-01,7.858815462054379308e-01,4.734089463841365530e-01,7.852733960911918443e-01,9.451648615271425191e-01,6.484997758185737649e-01,6.337233387528762307e-01,5.581652935386773873e-01,3.546337762523568138e-01,4.041044295957719745e-01,3.151916962272185430e-01,4.873723339894527884e-01,6.876638496855587146e-01,8.842550203140818743e-01,4.866916350817439563e-01,2.217474538963258579e-01,5.564536703654018313e-01,4.868339120949781718e-01,8.588365039388164979e-01,6.693338944643479893e-01,4.439092545537460244e-01,3.730709082868077786e-01
7.749434457005490717e-01,6.245317696682253228e-01,5.826143630439644533e-02,7.246083196278338967e-01,6.781700478186394321e-01,0.000000000000000000e+00,7.777209135901739234e-01,6.398378083452216369e-01,3.023173064987619840e-01,6.565128804705802068e-01,6.343894171575438223e-01,6.018775958067861254e-01,9.769803944078296887e-01,7.518818083958788145e-01,1.663775869154826004e-01,7.075096863013837778e-01,4.062271740162870515e-01,3.941706509339913955e-01,8.280007297310726377e-01,8.398681811789860951e-01,8.391556227270029478e-01,4.890188839846498770e-01,4.330521132620840374e-01,6.050300528973384662e-01,1.220674664273260768e-01,5.864392656847225993e-01,4.739658618237039267e-01,7.262387185233879494e-01,7.021430151595963176e-01,5.213743752612612914e-01,4.705389330361121059e-01,6.097607628879891939e-01,7.409724603031041523e-01,4.260903130235729197e-01,5.405481580600297598e-01,3.364871983832480318e-01,2.799966603567922152e-01,4.268276538097458550e-01,9.977941665533937021e-01,4.275864379686136751e-01,6.352435428842349852e-02,6.933740011043032503e-01,3.650483432310819287e-01,5.961920569490877231e-01,6.492507153985993540e-01,1.214452506435854777e-02,6.053588334827046946e-01,7.578009809449872680e-01,6.093412698810696249e-01,7.101068456519924466e-01,7.800939205747415839e-01,8.223898711814242590e-01,4.685581706711017258e-01,4.063796741278845048e-01,9.115870393199742017e-01,7.663845138537717094e-01,-1.391962961693833378e-01,2.941537478806686701e-01,8.527082201417641727e-01,6.496924452884561552e-01,5.972617499475997294e-01,7.972104250931905112e-01,6.478848026703981633e-01,9.215984655752814669e-01,8.943720394864734802e-01,2.902338451540705244e-01,4.724090263727621086e-01,9.427446074238227114e-01,5.444117126097520742e-01,7.347021469997081500e-01,9.471940318039835383e-01,7.373621421882667892e-01,6.054277917068533466e-01,3.559444397735503918e-01,4.509670206317705765e-01,6.408950696552413451e-01,6.449333339269589516e-01,4.358284712160656049e-01,3.008474345803506256e-01,4.039283160099398917e-01,5.373403871504364160e-01,9.670919749607219673e-01,7.679234015800568969e-01,1.248290401518477588e-01,2.435714581190966121e-01
8.659242939651552451e-01,2.615304438413532662e-01,6.798700558120037707e-01,4.011419726021268062e-01,7.059674890478579989e-01,7.777209135901739234e-01,0.000000000000000000e+00,4.169851139996074707e-01,3.205446171592061244e-01,1.314186128422925315e-01,3.957048617679328473e-01,7.353268780422268502e-01,1.606126238145088314e-01,5.457296662230036732e-01,4.521006325719546526e-01,3.872500629350678070e-01,6.817080146109318894e-01,6.377439239268094529e-01,3.835182829304074614e-01,6.477450796743223771e-01,7.563018269984040920e-01,5.791403258943261800e-02,4.815729425588494150e-01,6.078963205503460365e-01,4.910680056892529066e-01,6.056270095998493863e-01,4.009708400403819706e-01,2.750214599150714312e-01,5.100677766234591737e-02,5.550646910297672987e-01,-1.731593441309911552e-01,1.751507869780231097e-01,5.551174489490298125e-01,5.154438901623878966e-01,3.493142576467294647e-01,6.976865875117690408e-01,1.249833200318999221e-01,5.754338449811442491e-01,9.423231552017161672e-01,6.206492530768910054e-01,7.933210398275296615e-01,7.706390658580447584e-01,6.377275177774029968e-01,5.349492972019755932e-01,8.414187630695756370e-01,3.486073780655235543e-01,6.859347511056855806e-01,6.852167498997759898e-01,6.187584571091437891e-01,3.300328211286703839e-01,4.861018179531596539e-01,2.301001730120187105e-01,7.566869149944659423e-01,5.583762289342109053e-01,8.790878510310216054e-01,2.160146718692511902e-01,7.912709849146430940e-01,2.687543713530902156e-01,8.808188960434266690e-01,5.673198462497395234e-01,6.582167499237233654e-01,3.873788836824859638e-01,1.685878733392100481e-01,2.961812777959634824e-01,8.135343150352372099e-01,5.797544236561629205e-01,6.385058660106958106e-01,7.313994137742130253e-01,6.088196358243200823e-01,2.670089349158146774e-01,4.764260953237839935e-01,3.741720129874335776e-01,5.770483412677036850e-02,3.551574034922371226e-01,1.228462252634887663e-03,5.726751141930095379e-01,7.172524660085788373e-02,2.984187026846581992e-01,2.870585823964178288e-03,-8.922222425256762235e-02,5.839910943160462331e-01,7.696066381223957142e-01,4.962958693361150253e-01,2.502812811995459574e-01,3.460515708692107339e-01
3.592919318549405716e-01,3.791139793910033307e-01,7.798068378610258922e-01,1.313723118149211222e-01,3.015630233428202578e-01,6.398378083452216369e-01,4.169851139996074707e-01,0.000000000000000000e+00,9.151665540559301704e-01,7.861861637475742182e-01,5.456300245178461461e-01,5.610618233039464942e-01,7.833766527717072048e-01,6.541067947801859628e-01,3.185981173375574405e-01,9.927208011081252170e-01,7.182794368119683748e-01,5.142049559343275789e-02,6.825124795260324451e-01,8.107780946634629560e-01,8.457697460791460120e-01,7.525550355896555299e-01,9.576970859143199011e-01,6.757264172570279781e-01,7.150092558636998996e-01,5.299197343222953327e-01,1.899348437802938494e-01,6.585429068982571188e-01,4.186767617784858952e-01,5.648306357950017009e-01,4.594833901118002828e-01,4.590388409280571902e-01,6.289347541133489816e-01,5.433844500368999464e-01,7.611192455639910204e-01,4.954483441431159485e-01,1.354136196745013010e-01,5.353552263558684077e-01,6.263368067712206111e-01,3.773262801469168259e-01,6.983829860915177212e-01,7.214414463995519888e-01,6.950050692022113896e-01,6.173497581817654067e-01,4.391818616711002377e-01,3.272059132260215497e-01,7.762040155168747901e-01,5.699284028974112015e-01,2.839984778551932210e-01,6.250151344341062787e-01,4.926928378325630686e-01,5.008541180152911165e-01,6.630772614457300929e-01,6.688365603141106508e-01,8.127289756893388839e-01,9.919580665536796849e-01,4.719126899560313615e-01,5.661226636560370284e-01,9.045633227004654664e-01,6.411214109262486360e-01,3.997882041197153291e-01,6.244036978913313218e-01,5.378456886158441419e-01,6.483447985887746956e-01,3.288836650660231786e-01,2.021148016613222853e-01,8.939030936523602033e-01,6.025169690848661830e-01,2.703299930918687810e-01,5.114273036376058013e-01,4.376921892571667971e-01,7.055466535047292265e-01,5.283570006371505201e-01,2.259557162678993703e-01,4.463011840461432178e-01,7.320163766407258299e-01,7.089557481468276023e-01,7.477841342385644907e-01,4.209112441726228226e-01,-1.074546256997582078e-01,6.700690438631737855e-01,5.907462980139303044e-01,6.041983279095762827e-01,6.997179167824063573e-01,5.314426397018965353e-01
3.111667464135255412e-01,7.416764805508337943e-01,9.944778192773668923e-01,3.075439968295204940e-01,4.132307181501180815e-01,3.023173064987619840e-01,3.205446171592061244e-01,9.151665540559301704e-01,0.000000000000000000e+00,1.953341990647500803e-01,7.564176603953738365e-01,5.530845799512519312e-01,8.017217562480295490e-01,7.973225611969287918e-01,3.781250991534468309e-01,7.254097133731495228e-01,-1.445013195657025018e-01,6.693750455826282808e-01,3.740332318449159921e-01,9.482459695207465789e-01,7.555964576448854775e-01,5.786412757224292935e-01,2.718379881309179735e-01,7.827516945901769052e-01,6.003187774426829160e-01,4.207031276295201128e-01,9.924095367445691096e-01,5.873239877624671923e-01,4.754745903488395986e-01,3.278968664700103730e-01,2.798374548160605935e-01,6.961483331683896436e-01,3.054080955400675368e-01,3.850799366194248008e-01,6.012599654808631344e-01,6.665631507228432229e-01,4.908673073371118134e-01,5.078865056252638288e-01,6.543281348643658069e-01,9.078739365184717025e-01,4.100213082233726269e-01,7.130844802358968781e-01,6.375677038294542687e-01,7.059236577240284305e-01,6.766399577446692293e-01,1.359550177224823075e-01,7.972230042520902504e-01,5.299651839325291158e-01,5.955252797941507081e-01,5.908480982092826350e-01,4.860127373131136186e-01,9.623232594874211454e-01,6.209963941019981393e-01,6.103092438522809138e-01,4.439200162729742272e-01,2.747961698707040434e-01,7.793378162258915998e-01,6.751569649437965115e-01,6.576024352048339683e-01,3.916928293003596462e-01,5.039583477187299376e-01,4.014610132300893142e-01,3.956432959809211281e-01,7.295694648871673404e-01,9.583062231858728852e-01,5.113818326174577322e-01,4.567187652061644454e-01,8.232441561599087576e-01,5.153604236446361897e-01,3.243805593079077676e-01,7.687218678662554039e-01,4.663357067980398174e-01,-1.725632005785580625e-01,5.414164567527520733e-01,5.304326823592049323e-01,5.823524373636410623e-01,3.499082644047403212e-01,5.716968397399522228e-01,3.973914293679355891e-01,2.536860870899479981e-01,2.728581955561977801e-01,6.665752775787372464e-01,7.499802941026352254e-01,5.150411453402782280e-01,6.275965787022901310e-01
8.035584361934700048e-01,8.256382000549571387e-01,8.460721792542438280e-01,7.295452322805749956e-01,5.855188826425757886e-01,6.565128804705802068e-01,1.314186128422925315e-01,7.861861637475742182e-01,1.953341990647500803e-01,0.000000000000000000e+00,9.687727938831405261e-01,6.387556354680867798e-01,3.077073713607813565e-01,7.966798275530864171e-01,4.799921267550054660e-01,8.066377709871883628e-01,4.229246444574565889e-01,5.205510136416972022e-01,7.912245150524027659e-01,6.406254318788406898e-01,9.793434469850315072e-01,4.946605995597153083e-01,6.431944841877990093e-01,6.766886377972876065e-01,2.978044003327042777e-01,5.528552326155123930e-01,8.016427731631065035e-01,-2.398541243304741499e-02,3.512471464222055584e-01,2.444437127243333507e-01,2.122165920279832918e-01,3.502361233075940716e-01,6.179884957190562300e-01,5.670736171885549792e-01,7.673561977626908170e-01,4.380783730772119799e-01,4.810304249834974621e-01,4.080245302106091376e-01,6.768766053507506708e-01,7.312939441134692631e-01,1.113737509407639048e-01,4.994751422502144433e-01,6.781340431228960464e-01,6.041725003238488378e-01,9.267979295606381118e-01,4.600092318280039061e-01,4.018098158779493945e-01,7.737392409930660131e-01,7.900885397526264953e-01,5.054410784559529857e-01,4.253111490500107728e-01,1.431088624506804408e-01,4.544223807029538764e-01,9.542126873769850581e-01,1.778708646287942008e-01,7.283232055265427274e-01,7.565156620801636311e-01,6.420152766366540309e-01,6.828827170309671457e-01,2.969266604507104779e-01,4.564113233565127437e-01,6.227531433195104132e-02,5.486409561998420448e-02,8.544549709377150526e-01,4.107192389622360551e-01,6.056628332361434497e-01,5.457407289751892154e-01,7.077490396667815986e-01,4.138830227236517389e-01,7.518535994632628006e-01,7.280390484302599052e-01,1.417438071021900337e-01,7.166415448031892010e-01,2.022142114395669987e-01,4.636488079789781724e-01,5.713885705534440529e-01,4.490229273071107419e-01,5.156591355192940984e-01,2.258235630739020838e-01,4.795646435323037693e-01,6.945825665805035465e-01,6.212839305869379825e-01,2.513215727214466177e-01,4.317259580400101271e-01,1.141507386536214086e-01
4.821070468585245683e-01,6.121580559563455370e-01,7.144652529215805847e-01,4.473182541275250168e-01,7.652678493154588812e-01,6.343894171575438223e-01,3.957048617679328473e-01,5.456300245178461461e-01,7.564176603953738365e-01,9.687727938831405261e-01,0.000000000000000000e+00,3.733091507840373136e-01,6.254972925658870420e-01,8.129875438525928644e-01,6.851640903454399023e-01,6.646781317967190850e-01,8.824773808963135568e-01,3.168680937459714131e-01,4.016506858392618895e-01,6.964744478980794407e-01,5.024129079814032561e-01,5.784956385435977566e-01,5.942949149003885490e-01,9.997099818087742396e-01,5.013278591615016877e-01,4.715439403680320996e-01,7.104789414220297195e-01,6.849469440367605966e-02,1.008013236822940042e-02,5.221753430597481094e-01,5.303965886573861477e-01,5.327829254863083452e-01,5.654028852986204834e-01,2.523330177804795071e-01,7.659216475821577497e-01,7.306379855493530528e-02,2.850253878686981879e-01,8.714006900814091905e-01,7.764430155379574705e-01,7.027491436477240061e-01,2.394483272465727508e-01,6.526868334618456391e-01,8.550791858103158338e-01,7.819512625794891036e-01,7.238605594575353575e-01,6.208171663576015353e-01,6.545288976800375247e-01,4.547790883707044651e-01,1.855439493344666207e-02,3.715486937252154842e-01,2.509262927117678621e-01,6.586850187123162170e-01,9.831314959270548437e-01,7.481130913986446807e-01,4.318502809853693170e-01,6.158452572223879207e-01,6.240468999280444073e-01,6.648271395549232299e-01,7.530971810519918597e-01,5.828794106643018225e-01,5.017902954243422808e-01,1.860808146740497993e-01,6.779352590267376799e-01,8.924185239520795454e-01,9.801897998213502383e-01,5.584303396428493826e-01,8.832230959956036687e-01,5.678117046256232481e-01,5.400091792904070376e-01,5.492926139301610444e-01,8.897625965206760190e-01,2.507450944064240073e-01,5.193982257430350691e-01,1.215006557992004410e-02,6.331945123756753668e-01,-3.557753198341329082e-02,-4.505091185204351811e-02,3.062696612786858230e-01,3.807847546598117638e-01,7.331487728816626914e-01,7.023334203753519578e-01,8.877069258719115785e-01,8.235907035665067655e-01,7.214619471982375298e-01,5.440120167619908464e-01
7.617323383865807207e-01,5.221120180286338286e-01,8.234635368984326576e-01,2.917797493216529037e-01,4.468359386448759740e-01,6.018775958067861254e-01,7.353268780422268502e-01,5.610618233039464942e-01,5.530845799512519312e-01,6.387556354680867798e-01,3.733091507840373136e-01,0.000000000000000000e+00,8.419983851684598175e-01,9.818471020262677929e-01,5.000761119043886094e-01,5.740757561544491683e-01,8.181652795710679937e-01,4.470474393653715017e-01,7.563459144528462685e-01,9.122530157273743834e-01,8.259356190829593158e-01,4.580160477431626798e-01,6.519852266223546966e-01,5.080573015642515511e-01,5.799023977035232535e-01,8.413423201422732811e-01,5.194965294667993616e-01,6.465394828710897546e-01,4.228910576845940072e-01,2.216111506792990682e-01,6.241954452570028788e-01,5.828450672576741542e-01,6.594551589407112724e-01,6.188843670520122187e-01,7.585807105462747391e-01,8.493007762284909834e-02,-1.859176210918995209e-01,7.782113544191606724e-01,8.521567330017330022e-01,5.670223046950609858e-01,1.005997896946452114e-01,3.730339559842350550e-01,7.728926784617842216e-01,7.575232602181003472e-01,7.483410228801140596e-01,7.575172176962571280e-01,3.996331281295079640e-01,2.028893286880009139e-01,6.922727312425082102e-01,4.809547445268141930e-01,6.826070588916465232e-01,5.398391925541732306e-01,3.761985581266491518e-01,4.186060321144606799e-01,3.218671559974205509e-01,5.668232436792088880e-01,5.332507656140164087e-01,1.474322603974538015e-01,3.436590767557022308e-01,4.130800952034744955e-01,7.837061620278542584e-01,4.647668428934805807e-01,7.919166890239901502e-01,9.673626456466972723e-01,7.166424694403495943e-01,6.650668434717061928e-01,9.035603977910733331e-01,6.027572833294175814e-01,-9.903354579478468311e-03,3.601668489232637826e-01,6.227280942649205953e-01,8.781799614833470935e-01,3.096071202247174248e-01,3.740000785732662258e-01,6.943531710419351688e-01,7.551648587001138502e-01,4.296192526919340726e-01,4.526415834915246128e-01,5.123124856457007548e-01,4.302303417202718583e-01,3.766135418350570196e-01,9.791955575318627147e-01,5.330976231936364051e-01,-2.260354055722031685e-01,4.056687580629827483e-01
6.331058951660112344e-01,2.134538417625639617e-01,9.606540378009046366e-01,9.578892442662678697e-01,7.606403090154074675e-01,9.769803944078296887e-01,1.606126238145088314e-01,7.833766527717072048e-01,8.017217562480295490e-01,3.077073713607813565e-01,6.254972925658870420e-01,8.419983851684598175e-01,0.000000000000000000e+00,4.213285731036495729e-01,6.418434215329820169e-01,3.478583992173662764e-01,7.277363566373691306e-01,5.858039315715126705e-01,7.797214712145692506e-01,7.932828287844742032e-01,9.873898490647059489e-01,8.258191253296109924e-01,6.871299068640259744e-01,2.510008627824880656e-01,6.887638556571003268e-02,8.213679897324512869e-01,6.115004381193699379e-01,5.363982997513224715e-01,5.889457312409351886e-01,5.093046803004430689e-01,3.028288873175067342e-01,7.194743438075299480e-01,4.077850941559502118e-01,7.610872204116194695e-01,8.155149912124410871e-01,7.051299084511312154e-01,5.346194811578066641e-01,8.197287507661370487e-01,7.055294995245067202e-01,8.636695537078167284e-01,4.671602878723857093e-03,5.973998908802642394e-01,1.607482671752916426e-01,9.844988031584674948e-01,5.990466802975843441e-01,7.940331492525718460e-01,5.016619726228753740e-01,8.018966214395127912e-01,5.045250562452036069e-01,7.659981542462455106e-01,7.303519091091654758e-01,7.968664221724512942e-01,6.744501934098006135e-01,6.085986505497540389e-01,8.387292126270189385e-01,5.630023438314302187e-01,3.806915872982138405e-01,4.224520943745981860e-01,6.002885953336979385e-01,2.234194487894594072e-01,2.959597441619837288e-01,1.893931694483828587e-01,9.893111210374995190e-01,9.634327822731564295e-01,9.826560935015903331e-01,5.074888801890377055e-01,3.612311710347561045e-01,7.659989682230564645e-01,5.572474544592497248e-01,7.789303347191444127e-01,9.853602516464944339e-01,9.008874222824321265e-01,4.618740870080387251e-01,5.251858938099669416e-01,6.348668639101615607e-01,4.648974748849949989e-01,3.401518704016066041e-01,8.076872583085200619e-01,3.213069177595307968e-01,4.448765678958985920e-02,7.957726716792431487e-01,4.771612027614778873e-01,6.353285573140672327e-01,7.612329227721761349e-01,6.068419207114793545e-01
9.910648341348315959e-01,6.623527589893628553e-01,8.358369459657368772e-01,9.656282992031139933e-01,3.864068899733433815e-01,7.518818083958788145e-01,5.457296662230036732e-01,6.541067947801859628e-01,7.973225611969287918e-01,7.966798275530864171e-01,8.129875438525928644e-01,9.818471020262677929e-01,4.213285731036495729e-01,0.000000000000000000e+00,9.365557040783009102e-01,6.752679230116249709e-01,7.693927312070586444e-01,3.442190095850681392e-02,5.806404125722238740e-01,9.836804069150947294e-01,9.339200542673858907e-01,7.097698462789764351e-01,5.144287861356608982e-01,8.949942118221775322e-01,3.678049379041499201e-01,7.863159320951510489e-01,9.599606696926715754e-01,5.451946972595629326e-01,3.543292953132819445e-01,3.445610092621694265e-01,4.176218884077130267e-01,3.891939778384616577e-01,4.446740395956214620e-01,7.897433252210264154e-01,7.875151132437969714e-01,7.476808183662331242e-01,2.776433219613720915e-01,4.807786470849977345e-01,6.208119602043298269e-01,6.215146356352918566e-01,4.264619008929802085e-02,7.478990624433207168e-01,5.120258416182833505e-01,8.361234102223856768e-01,3.878494925354637468e-01,6.797323675349760119e-01,4.646270682255244644e-01,3.145355321009825067e-01,3.379499410098776302e-01,3.694687093887932816e-01,7.515506097917195039e-01,9.913387311077477282e-01,3.504825069800844295e-01,6.611343412200030301e-01,9.171623183787867006e-01,5.718481457662235590e-01,6.970344880690501066e-01,4.006508641593948261e-01,5.085894829162095343e-01,2.255235349895743369e-01,7.265649763575361408e-01,7.499374927994844064e-01,5.411981257479698826e-01,7.999523913547935683e-01,7.802554394647818192e-01,9.903336968900984250e-01,4.803889967451155929e-01,7.505677698435800904e-01,5.044999716224843889e-01,4.921476365124071717e-01,4.262619208447047670e-01,4.757703978879600504e-01,3.273935592945637074e-01,1.731953304870819110e-01,4.394998556443988069e-01,8.594574382744617491e-01,7.460870417166551860e-01,7.223697402615614216e-01,2.734410841734305486e-01,1.830169991694532705e-01,4.674874210591385415e-01,5.003672074193299402e-01,9.609122799068053888e-01,4.494818250695847284e-01,5.711314561015050639e-01
8.918778220229973686e-01,6.877923780047617841e-01,2.892533819346977397e-01,4.656314760585849588e-01,3.568573596621480437e-01,1.663775869154826004e-01,4.521006325719546526e-01,3.185981173375574405e-01,3.781250991534468309e-01,4.799921267550054660e-01,6.851640903454399023e-01,5.000761119043886094e-01,6.418434215329820169e-01,9.365557040783009102e-01,0.000000000000000000e+00,5.095321386550142329e-01,6.656869817248380894e-01,3.402986472451006161e-01,5.006184273582364730e-01,7.675881316049435465e-01,6.715213654115045339e-01,5.839542585964996313e-01,4.688212802984573768e-01,6.488248756413720342e-01,3.002518930828855792e-01,5.971460634266220202e-01,7.597950604022326582e-01,7.264961479900036156e-01,7.822998231234112865e-01,3.691692635003953615e-01,1.838111407714698720e-01,5.159321277498676306e-01,5.336428700645434731e-01,6.448982051031783014e-01,2.612995047648082325e-01,3.090566328478285829e-01,-5.312960576139472146e-02,5.401919177200737998e-01,5.780444754238883709e-01,7.697335239452947064e-01,3.169972535591614737e-01,6.243058768787368429e-01,6.078082165753950772e-01,4.916591062719095628e-01,7.463278057810225352e-01,7.836834523584140788e-01,5.066746230740112322e-01,5.554602287379419856e-01,5.198268817604996261e-01,6.235215597657953746e-01,4.580998140290394316e-01,7.543469486688573200e-01,6.049600099010596921e-01,4.396705105764037169e-01,8.716553127558087644e-01,8.043684165975449885e-01,4.019051443845169658e-01,9.862387817481788055e-01,6.942730884076272480e-01,7.410289341454916467e-01,4.766732421109324269e-01,5.923153807840361162e-01,4.494256926994578683e-01,6.684154204814286571e-01,4.274341635990004662e-02,4.356131504500652118e-01,4.366895697524496023e-01,9.203136499045584396e-01,2.815680253390417942e-01,4.682242515377180170e-01,9.926928488013273544e-01,5.294516837193381509e-01,6.999677263415465811e-01,5.851566286238676362e-01,3.140367605431700071e-02,8.821241569264129945e-01,5.174652227340780231e-01,9.420702092824656537e-02,3.446913270821526654e-01,5.354557255849878850e-01,7.253090957054383336e-01,4.320402561490873650e-01,3.035242852181502804e-01,4.878192860099436201e-01,7.755370770541336611e-01
4.209817848121128470e-01,7.106036716212501547e-01,6.486823969657972144e-01,4.140189896473134290e-01,4.759066571568109083e-01,7.075096863013837778e-01,3.872500629350678070e-01,9.927208011081252170e-01,7.254097133731495228e-01,8.066377709871883628e-01,6.646781317967190850e-01,5.740757561544491683e-01,3.478583992173662764e-01,6.752679230116249709e-01,5.095321386550142329e-01,0.000000000000000000e+00,7.736751921242261965e-01,4.322018168079408973e-01,2.835759392499204341e-03,6.926068583470322837e-01,4.268276573372151161e-01,5.048158718398161326e-01,9.788671298809158428e-01,7.020818337468209824e-01,5.150362141377847758e-01,5.469330372747563951e-01,7.273649297205910802e-01,6.805843689339778901e-01,3.262762414060181859e-01,9.289201020662991859e-02,3.143109508670951374e-02,3.167237913959719542e-01,4.836314829054944031e-01,5.692779985335640891e-01,3.226198332761593957e-01,-1.340567868320272638e-01,1.135549528711369965e-01,3.346920276935755889e-01,8.736190746118156492e-01,7.390345681749403983e-01,5.950215042873108207e-02,3.942765210752418037e-01,7.383722297108731292e-01,7.653936622691572822e-01,6.595603527526877619e-01,4.068800795736203235e-01,2.729173617151270936e-01,4.105166155468555345e-01,5.948085518946852890e-01,6.961612133045025352e-01,2.897689762819141701e-01,7.352289394168496361e-01,9.090311437924620819e-01,6.663029800681561365e-01,7.178052973093985711e-01,9.632358789846745539e-01,7.488431047114902928e-01,9.480564411019293258e-01,9.099496865535494639e-01,5.286718675506574261e-01,5.020131263300012803e-01,6.039005916454076757e-03,3.309986227138348447e-01,8.302742901847176560e-01,3.222675108820733936e-01,4.683835221946872074e-01,4.332641259129310085e-01,9.222745852481122331e-01,5.931647450302759417e-01,5.493813743834772279e-01,7.860209306945399321e-01,3.331125294432047204e-03,6.658326377994839423e-03,4.474214521808494993e-02,7.027727099040642633e-01,-1.266169107496268598e-01,8.647707564816837777e-01,1.312843580356426454e-02,4.449111523662178103e-01,3.553231390111791232e-01,4.890109822188554167e-01,4.388600087374789349e-01,8.270799434495836877e-01,2.707069105650815599e-01,2.074795377700922594e-01
9.844957647982840454e-01,5.694348653335083998e-01,6.920179224951092944e-01,3.445915358559043518e-01,9.222536770105100867e-01,4.062271740162870515e-01,6.817080146109318894e-01,7.182794368119683748e-01,-1.445013195657025018e-01,4.229246444574565889e-01,8.824773808963135568e-01,8.181652795710679937e-01,7.277363566373691306e-01,7.693927312070586444e-01,6.656869817248380894e-01,7.736751921242261965e-01,0.000000000000000000e+00,5.983070949261949378e-01,2.496852443995305482e-01,6.818072385532399915e-01,2.155294856124182756e-01,6.682570548268513821e-01,6.870803576630497567e-01,8.615253710480924587e-01,4.441369748256761008e-01,7.787696486867712320e-01,7.367041189267289347e-01,5.151477282734330254e-01,3.547740184412097042e-01,1.115730394933558446e-02,8.072642255830569935e-02,3.028985016516683171e-01,9.793281628509910020e-01,8.173468335034453913e-01,6.080884936834313192e-01,3.744016986923104362e-01,4.353621775574898489e-01,5.125809149591988856e-01,9.629526915832471445e-01,3.931275291184609388e-01,7.421876267751816858e-01,5.784145920540544328e-01,8.357898770176427350e-01,2.835147268560243017e-01,6.819083911334630210e-01,2.750876963682708509e-01,2.921865825656393967e-01,6.723609636372642751e-01,2.850291388187823904e-01,4.333012553938000444e-01,7.646853338633945452e-01,6.435999845272377673e-01,7.486828909768410423e-01,4.372839912579591648e-02,6.931128606885579302e-01,7.343591516393547236e-01,5.555735329009319212e-01,7.361710685857775216e-01,6.532567599704413031e-01,2.725209366089003105e-01,2.974099915310134956e-01,4.880058291192814757e-01,7.746606392482932035e-01,7.168725981171063522e-01,8.253489272847380764e-01,2.141368886039917985e-01,7.561617778318966421e-01,8.449105810327592891e-01,4.582751533402129596e-01,8.700268711518699405e-01,8.398964862853020019e-01,6.511551024765220852e-01,4.955343017383081472e-01,1.289200056722309695e-01,8.174619606506920988e-01,6.326642456120286084e-01,7.946598957199982882e-01,7.530521937216336781e-01,3.627365621732018819e-01,2.874738557679168416e-01,6.533979841364759844e-01,7.749505986605076391e-01,5.221026248178213258e-01,4.542930920567210817e-01,6.019851824413613439e-01
8.337708105318359930e-01,9.368126101648710513e-01,6.429526956261035764e-01,5.906452516041856837e-01,8.892310406510469667e-01,3.941706509339913955e-01,6.377439239268094529e-01,5.142049559343275789e-02,6.693750455826282808e-01,5.205510136416972022e-01,3.168680937459714131e-01,4.470474393653715017e-01,5.858039315715126705e-01,3.442190095850681392e-02,3.402986472451006161e-01,4.322018168079408973e-01,5.983070949261949378e-01,0.000000000000000000e+00,9.417891133118435620e-01,4.291003293313979672e-01,9.610064936949873626e-01,4.150288201320360137e-01,8.653904691349505462e-01,4.474110543656811267e-01,3.614804939943957462e-01,7.772537166409579923e-01,4.625163860111312641e-01,4.095753856281327265e-01,6.155525474477254733e-01,7.633362513344952305e-01,3.009792052336116019e-01,5.545631327696398660e-01,6.857272569643948490e-01,6.828841871772819427e-01,7.559147788714094540e-01,4.989163734407831008e-01,3.227996352962321513e-02,4.373829474782808258e-01,8.258262649742286188e-01,2.447935918160866753e-01,3.225847705602500337e-01,6.367345254136776989e-01,3.227921042360997750e-01,9.052543063236737630e-01,7.003790284618375273e-01,6.122483832140420690e-01,8.218587197448875559e-01,5.913022181787744858e-01,6.537077127671215848e-01,2.326540646057638217e-01,8.849623576623989463e-01,9.600125498263025747e-01,7.706220918156848620e-01,5.320721328319216736e-01,3.882455567669049756e-01,4.806258572068426993e-01,5.214416550854811261e-01,5.008624575918902977e-01,7.632413336014071126e-01,2.230504958905391022e-01,5.883220290502774175e-01,5.533245354524083393e-01,3.015439348613949133e-01,6.330816138887639388e-01,9.472330124772190274e-01,4.284062509831629839e-01,5.138516133890734805e-01,7.769936883660832905e-01,1.451077249419888138e-01,5.332361993212642037e-01,8.788074515301815826e-01,7.493962776780365154e-01,4.007532844449932519e-01,4.903232108966883995e-01,6.444137333399173606e-01,6.704750980825896489e-01,6.024907684104744421e-01,1.727997639133454222e-01,6.026811896153000392e-01,2.138597741522432413e-02,3.882983541767437430e-01,9.635529347253843913e-01,3.990981545418495480e-01,6.848266691733033706e-01,8.393626560274480841e-01
