0.000000000000000000e+00,8.493366876590675574e-01,8.590654665328998352e-01,8.875014635188210876e-01,7.375931591976031543e-01,6.012515680864898293e-01,5.166447238040713374e-01,8.653505800789287328e-01,9.818350491854304085e-01,8.515595016357362379e-01,4.714400502857646336e-01,8.410822254443801604e-01,3.724911544069742231e-01,9.389178310375660974e-01,7.746815605660835047e-01,9.874095801251476789e-01,8.632284904318859864e-01,6.291372530819095976e-01,7.964267628273624666e-01,7.845034573231585151e-01,7.586969337071183261e-01,7.097920904191404867e-01,7.866082282764259581e-01,6.146036859195327384e-01,6.096776592588467603e-01,9.551601020836955058e-01,9.097602441068020074e-01,9.757596833827809624e-01,7.430911638674643216e-01,4.040913121889673776e-01,3.570670710928701697e-01,6.578396726524849969e-01,9.075650503796897084e-01,8.561975805859816102e-01,7.434544913974002744e-01,-3.873052595873826554e-01,3.959627499306710430e-01,5.979124487724496451e-01,6.517400560401050980e-01,7.674914075516948708e-01,7.744036782644417860e-01,8.381530234503992149e-01,6.351400816615715428e-01,8.509178769659271335e-01,8.050542016420901836e-01,7.520157245488621189e-01,9.009251905912294411e-01,9.230732536684026490e-01,8.452651773881273423e-01,3.952187182781984331e-01,8.083651524878709971e-01,7.069043517769604268e-01,7.791266763726951705e-01,7.308701995121131834e-01,4.315916364591775300e-01,7.269867933228670864e-01,7.898850561209972421e-01,9.079858503042084195e-01,7.549549217165092418e-01,6.628768362339246822e-01,7.502826151018031631e-01,9.572940942137242448e-01,6.608192159092156626e-01,8.329063924495918592e-01,6.286202133486864518e-01,8.250809804820158355e-01,6.903136216301525296e-01,4.362623777985047413e-01,9.043980332688817958e-01,7.279035339820104644e-01,6.429286131717412145e-01,8.289896237074354524e-01,4.746879778400007188e-01,3.368041902872860316e-01,7.838087894409896395e-01,9.629137844042924277e-01,8.025248743268822427e-01,7.714726276084969969e-01,7.718027140301131350e-01,5.806823423631675141e-01,8.861413647227925905e-01,6.988612053061764584e-01,6.631663678244893445e-01,4.806792295557752448e-01,4.159734998284170260e-02
8.493366876590675574e-01,0.000000000000000000e+00,6.194661883948673342e-01,5.190961694181895902e-01,4.236675565758181161e-01,5.834753757371614613e-01,5.164365484038571097e-01,2.173508739267060452e-02,7.674078093306134773e-01,7.735470908329669104e-01,2.902731466899551860e-01,7.080198518166488375e-01,1.333211099567242069e-02,7.615123573542479374e-01,5.697099075090612530e-01,7.885370448211220795e-01,9.378075321142007592e-01,8.602178193504839143e-01,3.943145378061903017e-01,8.523551820074347640e-01,7.280057815652095643e-01,7.365357194225793380e-01,5.845313278444075333e-01,2.488030359749828224e-01,4.142927139487505017e-01,5.930929642073663466e-01,8.551989181277773744e-01,4.714303266740914045e-01,4.857255617976757311e-01,3.870954400739056167e-01,5.773740833579883436e-01,6.004436769540747454e-01,5.848563218910982631e-01,7.221370165129065155e-01,5.366814059570232942e-01,3.728814001758069541e-01,6.916393873342621124e-01,5.178594902068643924e-01,5.992245286395232462e-01,2.870282058649469281e-01,1.372875016021140593e-01,8.179975972795858752e-01,2.731769247766826503e-01,5.032025009210551181e-01,8.627015854823668617e-01,7.194091912424696034e-01,4.069224737410793713e-01,6.930637913591933819e-01,3.834189830475768224e-01,1.404814255415805790e-01,6.781119651197980991e-01,4.057151685131119706e-02,3.816463210955814978e-01,7.896804291486514416e-01,6.082280676338606140e-01,7.589254128273126287e-01,7.110805033151799126e-01,6.722976603527306416e-01,8.852526888266097904e-01,3.371460359145443952e-01,6.997611636239347011e-01,1.814403771926322295e-01,7.490860330435664682e-01,9.805217936947692170e-01,8.211740766667701141e-01,8.757264364287455916e-01,7.877333995472854955e-01,9.082556674217093784e-01,6.739301315039107898e-01,8.535994084058580456e-02,7.276511366488058741e-01,9.653984632730017168e-01,6.588246324840640877e-02,4.118511000338629380e-01,3.404993366127403442e-01,5.242167407697895243e-01,6.458463078580826133e-01,6.267515393950910951e-01,2.145868570076854553e-01,-1.959895142526517919e-01,2.563071512132312768e-01,9.578456941461620522e-01,3.479315858999400546e-01,1.415122676016021541e-01,7.393362522344524290e-01
8.590654665328998352e-01,6.194661883948673342e-01,0.000000000000000000e+00,9.423966536457994980e-01,8.121374219214914092e-01,6.801096397576558150e-01,7.152312089631439329e-02,8.130732259033182086e-01,9.314060553036808132e-01,7.058943940005765194e-01,7.598126307468610063e-01,9.126711116354283559e-01,5.840736384265734493e-01,8.913643981216915479e-01,9.011700866969470924e-01,6.765230400074698780e-01,9.113158698065251251e-01,9.145433885205113134e-01,3.527384781471201020e-02,4.191322484882363253e-01,9.813358194934678203e-01,8.394511309903114338e-01,7.843747954732158689e-01,2.332539500002698551e-01,8.216742943472519212e-01,8.337934185305637680e-01,7.391226980241729638e-01,6.906472509848350372e-01,5.226720125541879369e-01,4.349038807103683402e-01,3.162241087059573519e-01,9.543719714488538841e-01,9.426728866362737991e-01,5.169760845444989483e-01,9.503335966170686211e-01,4.861881384054059785e-01,2.744924230587542646e-01,6.432954564835955402e-01,9.585113863252967548e-01,6.186668136042018373e-01,3.930889546204865970e-01,8.804316818499741126e-01,7.597155447473620260e-01,6.494255052843999065e-01,7.760339690002965307e-01,5.074546797891020811e-01,9.173233874729604942e-01,9.446723114582252778e-01,8.896978401058557306e-01,6.518759543119563293e-01,5.974307303107392331e-01,9.137107956270006381e-01,8.115711706875258225e-01,8.182329043948411984e-01,6.049966735295194686e-01,5.223755893349448787e-01,4.097951916758343915e-01,7.610843854244661033e-01,4.134910743510001874e-01,2.956745190352286223e-01,4.214552091071666062e-01,7.143344836003058251e-01,7.206164851946963434e-01,2.497030576852033168e-01,4.225102202155645581e-01,8.448374077220969225e-01,9.263735955838059422e-01,9.727396247539193963e-02,5.918310407800752015e-01,7.603418092688660757e-01,7.265276215216771583e-01,7.001998092481529490e-01,7.194482723520516654e-01,6.802851083933186827e-01,7.324821509083094817e-01,6.184809842234542110e-01,6.164535903287351459e-01,4.147387642075650027e-01,2.181707321200810068e-01,1.126510690506200146e-01,-1.600215716968165502e-01,6.992955328014025529e-01,5.441160621746889969e-01,7.725845035989145626e-02,8.045152303760952917e-01
8.875014635188210876e-01,5.190961694181895902e-01,9.423966536457994980e-01,0.000000000000000000e+00,6.029007042237879421e-01,9.119763252772506990e-01,5.143082844256977593e-01,5.949888863336816325e-01,2.837573455116347287e-01,8.357315815315359275e-01,6.514477862522720653e-01,3.847277900986132426e-01,9.164425743350689268e-01,8.023595666562061135e-01,8.462295381422280105e-01,7.320631509938925197e-01,5.658900661143083655e-01,4.560389917390607617e-01,7.268314253211275444e-01,8.755059724232904239e-01,6.154637467980365040e-01,8.460577846983540207e-01,7.080106896795843596e-01,6.359646554352271774e-01,6.950428953693653655e-01,4.857947967454904759e-01,7.294885887170743377e-01,9.145146754415277579e-01,6.587849790355391200e-01,3.063381303117227450e-01,4.238957622455969965e-01,9.200997016593454036e-01,3.240153524936265628e-01,8.872077851850439512e-01,4.030846727297223708e-01,4.126919440085617397e-01,4.320862490734834194e-01,5.147656944412836166e-01,6.258556686275348335e-01,7.726890288641871107e-01,5.960335190592587484e-02,5.545429417831170271e-01,9.049253380155667381e-01,7.198977330091230753e-01,6.142357808117618889e-01,8.526109098664710340e-01,9.916898846750412666e-01,9.625602820694604267e-01,7.883041249457909405e-01,8.897252256658055858e-01,9.279834393379010615e-01,9.375715155731475514e-01,8.522386676426151331e-01,6.481055158630081303e-01,9.234847736047709921e-01,9.167181383982258014e-01,4.810470483036784484e-01,8.605226400154540878e-01,1.305577720784730500e-01,4.516898986804591676e-01,5.585237886707485888e-01,9.254616289294022025e-01,8.051617450689989575e-01,9.113553642901023322e-01,8.717984594190776315e-01,7.850570799622746954e-01,7.992206194390012453e-01,7.230643321113046085e-01,4.811203684861530272e-01,6.880588361098169958e-01,3.469465306357567558e-01,5.017539401002696353e-01,5.479075291010998550e-01,4.499077844733327947e-01,4.011589828323802731e-01,6.326409168510911396e-01,2.216605692333157573e-01,5.013238336527010841e-02,2.391740107668142157e-01,4.525330804811432128e-01,3.658113839380691124e-01,6.944962854210392500e-01,3.852174064774203099e-01,2.550864977885884954e-01,7.187871527434686048e-01
7.375931591976031543e-01,4.236675565758181161e-01,8.121374219214914092e-01,6.029007042237879421e-01,0.000000000000000000e+00,3.557593266502210444e-02,4.844518443153177367e-01,7.409061340933634776e-01,6.479240325073029050e-01,6.314130493511310727e-01,6.046856604407699898e-01,4.984756981667112230e-01,8.616866974142906033e-01,5.608239242260080193e-01,4.999823371684903872e-01,6.994202575962343849e-01,8.506869463476585125e-02,2.928870198265274838e-01,5.294148084656338238e-01,8.936636628769875079e-01,9.598947804872557388e-01,4.536886271098267698e-01,6.495872739207829705e-01,6.787367125794223632e-01,-1.179411367841716740e-01,6.519798535651155635e-01,2.790610662297856037e-01,5.156669153787434290e-01,5.895710901969656303e-01,6.491436414123212817e-01,-9.145515965222783539e-02,4.874256528820037349e-01,8.413190414626697811e-01,7.616183852475616467e-01,3.223189414427832800e-01,2.488699326451151439e-01,2.244242993451514567e-01,7.145158530102124761e-01,8.892068603235014912e-02,7.829734519798859926e-01,7.799277588306668951e-01,6.531004009669100219e-01,7.449952036436385816e-01,5.840166795779921927e-01,8.563300681422431060e-01,4.688552912042632803e-01,8.058795867626694642e-01,7.818207744666412218e-01,4.596100520216200302e-01,2.410920276763996450e-01,3.214566418116635571e-01,2.431671485237968944e-01,4.133322654450191647e-01,8.112790356193568808e-01,5.713287343443560484e-01,5.425250345211047875e-01,7.399756958512875293e-01,5.856236963703621567e-01,7.412884928956975372e-01,7.741470129032413938e-01,2.537798675959652694e-01,6.003265804350421675e-01,9.277203756718124250e-01,7.154520195526038462e-01,6.123418377362643827e-01,5.492208608179302010e-01,9.430805475024565121e-01,6.648480451938644231e-01,6.686043451705169227e-01,8.702320798393401446e-01,4.479169491596706187e-01,-4.949477114906167263e-02,5.425939752986783660e-01,6.129260255412973812e-01,4.231562228374118328e-01,8.670262421615353432e-01,6.142619166538592079e-01,6.559744702602426925e-01,8.074995558265546380e-02,2.615432336789380030e-01,5.987708370339381858e-01,7.839186766204160328e-01,4.557849253164346082e-01,8.721785580357895029e-02,2.939353394295708410e-01
6.012515680864898293e-01,5.834753757371614613e-01,6.801096397576558150e-01,9.119763252772506990e-01,3.557593266502210444e-02,0.000000000000000000e+00,2.284165983682252266e-01,6.034660801393607610e-01,4.601660756966902133e-01,2.677619800971474118e-01,4.367383639287950037e-01,6.887842473018597200e-01,5.692554325879133348e-01,9.953670414479310891e-01,6.901177502955215814e-01,2.532300694193944657e-01,7.961667907103191499e-01,2.977923746490797052e-01,9.434504969814381248e-01,7.082019117021417509e-01,7.703243114749933618e-01,2.960928979973775910e-01,6.152237911066630316e-01,6.852838648831437451e-01,6.702744599105143752e-01,9.322022119767108261e-01,5.712267318389961934e-01,3.768866885600450356e-01,1.245721938420222275e-01,4.577325599167672565e-01,1.337935999811609433e-01,3.570323770336285563e-01,7.464333040298788413e-01,2.627908228888675146e-01,6.042798132188472726e-01,1.456640790564696919e-01,-1.114496489223764514e-01,7.548180389910172927e-01,5.218395137418730956e-01,4.929077833958197541e-01,5.561763552338998551e-01,7.152658905171763726e-01,8.038562401133647617e-01,5.343903843335684467e-01,8.692842146945758408e-01,6.198216495993073005e-01,5.016125970313464189e-01,3.415535103818237994e-01,6.030658990532292707e-01,3.360050763863947632e-01,3.621293178554205183e-01,6.802881455078255701e-01,8.183813220254225751e-01,4.712170433843309025e-01,9.845760493218660425e-01,8.111198372118709754e-01,6.988015976914331295e-01,7.040802982488596484e-01,5.500579470183796227e-01,4.271322001023412640e-01,2.655885659557720713e-01,1.544978003216828100e-01,2.980647647736430761e-01,8.176335524830635748e-01,5.406658566598354643e-01,6.861258440020684413e-01,4.776858898043243040e-01,7.396734372154228909e-01,7.339735925644247372e-01,6.790429887089044492e-01,2.760291178931754130e-01,6.684849803323625883e-01,4.866194220685072236e-01,4.658502894157768304e-01,6.671506187932139120e-01,4.053090576885522434e-01,8.835309114347327242e-01,7.528391674953461843e-01,1.211081498443051241e-01,1.339515554283130794e-01,4.237741907877604075e-01,3.015230153762288867e-01,7.875729271396825215e-01,4.216617461284957180e-01,5.901170341292482080e-01
5.166447238040713374e-01,5.164365484038571097e-01,7.152312089631439329e-02,5.143082844256977593e-01,4.844518443153177367e-01,2.284165983682252266e-01,0.000000000000000000e+00,6.534733198694504530e-01,4.488643155144436681e-01,3.172783708185151763e-01,5.427173823138717879e-01,5.072014428268498687e-01,7.088076639506187826e-01,4.681029635114213883e-01,5.533989958632690165e-01,5.447449459093729462e-01,9.792024528296908725e-01,-2.731807645870374390e-01,3.636331413631651577e-01,6.488573788934216546e-01,8.138863689452243699e-01,6.357480079095574332e-01,6.494908352562707154e-01,9.437655945230386534e-01,5.112432195276948033e-01,7.783446675863405773e-01,5.419242180104564266e-01,7.936629134751906900e-01,8.992939258330588659e-02,3.527138971269619394e-01,1.226405770316171956e-01,4.294758048698742448e-01,6.015225297671933369e-01,5.318971650718457012e-01,2.045522467755253870e-01,2.678061892259100962e-01,2.437727911630735156e-01,4.035721336831891159e-01,6.640895936914601450e-01,5.089048224145431565e-01,4.807100061239746314e-01,3.833566601738459534e-01,4.149799405188306367e-01,7.912235406537300175e-01,6.663027929619012024e-01,6.382658238165429543e-01,6.205541245292385266e-01,5.413047580850149920e-01,4.300814204624211490e-01,7.157066825416413813e-01,4.853876331138410327e-01,2.606908111439830700e-01,3.898049206744381157e-01,7.428929207271828261e-01,8.297602472675715823e-01,3.005917426282403437e-01,4.378597324321222839e-01,6.728072072351258814e-01,6.419570237225068476e-01,5.319610173767563843e-01,5.599910163973340627e-01,5.753298064808249901e-01,1.941971742056594064e-01,7.890152688624972876e-01,9.477425275167501439e-01,3.534010504325074686e-01,1.082118436835228896e-02,1.284096663240654780e-02,9.833987989249159956e-01,7.956232769881005362e-01,3.647714704479866343e-01,4.541337415971576918e-01,3.790609353297041961e-01,2.234086553632779193e-01,3.158867410995832015e-01,1.826947482246829846e-01,5.904245310334321761e-01,2.886702710409131400e-01,6.397834349219625460e-01,7.791239558884863747e-01,5.893197954658992987e-01,7.965630431046455406e-02,4.871795309951701403e-01,2.874806273726635553e-01,3.724372427048708301e-01
8.653505800789287328e-01,2.173508739267060452e-02,8.130732259033182086e-01,5.949888863336816325e-01,7.409061340933634776e-01,6.034660801393607610e-01,6.534733198694504530e-01,0.000000000000000000e+00,2.463340469678296785e-01,6.181490343979350044e-01,7.058821433635984466e-01,7.573159521574427400e-01,7.624260620202357730e-01,2.356418966914645419e-01,4.866850982710881901e-01,2.833030679131099175e-04,6.972466730810664703e-01,3.311412879929414022e-01,5.787079441159190818e-01,8.529834232416484419e-01,7.156791465363119276e-01,5.545054545625436315e-01,4.659901813562169481e-01,6.802486485419638740e-01,3.639785517056555730e-01,7.349975382612432551e-01,7.439107891704893616e-01,5.402479080350728324e-01,4.262757058383134789e-01,-1.725034277578896269e-02,5.088669483797417792e-01,4.633505586279714206e-01,6.621143881738720260e-01,5.932415240437658444e-01,2.345834895309020784e-01,6.939472655885963182e-01,3.425571600088357649e-02,7.326111630193554713e-01,9.716485695422121260e-01,5.507225478309230038e-01,1.055851516900244980e-01,5.788422134328383706e-01,7.091432629629484952e-01,8.138266571765464530e-01,5.686859398910255603e-01,5.888815008939580764e-01,3.316178557725915077e-01,4.805129195088587712e-01,7.235001498148060373e-01,2.351839521548053924e-01,6.040104953456205683e-01,-3.865463692866233369e-02,8.710346465412285299e-01,9.206116128828871759e-01,8.955752780018496617e-01,5.227156905537937853e-02,7.749222668865177743e-01,7.959593122837531620e-01,4.790737819423342980e-01,5.343571346873206007e-01,-2.532104302425287612e-01,8.271121662406472064e-02,4.340549635520179472e-01,6.008171279153491362e-01,7.533295098844501325e-01,5.175100722943053455e-01,6.761508943211037570e-01,4.863416645907168157e-01,5.732069371182888506e-01,4.860380449658670554e-01,4.387910725032257431e-01,6.412517417664546082e-01,7.467600598587573746e-01,4.593940446415205603e-01,8.073088991150079163e-02,7.823465323991477538e-01,6.202750025537568934e-01,5.546040751047189854e-01,2.158378046809535655e-01,-1.960808929020804170e-01,4.625585662007186682e-01,8.894664200392015108e-01,7.496114941194775838e-01,5.325320715082925149e-01,4.114989880667793143e-01
9.818350491854304085e-01,7.674078093306134773e-01,9.314060553036808132e-01,2.837573455116347287e-01,6.479240325073029050e-01,4.601660756966902133e-01,4.488643155144436681e-01,2.463340469678296785e-01,0.000000000000000000e+00,5.749746530687780410e-01,2.882413611398033093e-01,7.412523980644929456e-01,5.854455389273287569e-01,9.897468245521661157e-01,2.564396544766731068e-01,4.075314247430142367e-01,3.819003869263721818e-01,1.853484508174176315e-01,7.299095174272498543e-01,4.816823555858938954e-01,4.659286486417753559e-01,6.577487724546382530e-01,7.500334717338608126e-01,4.048415953315267490e-01,1.069374018575978136e-01,5.710314001764587033e-01,4.306266682057012241e-01,3.221549887243438381e-01,7.762847758525823760e-01,3.856870667578286005e-01,3.096261845497865761e-01,9.609600991854663210e-01,5.037335610710951261e-01,8.980695621721815902e-01,8.564361542236270664e-01,2.761082295859434987e-01,1.873535802161010455e-01,7.681446712699500079e-01,7.616728396361182041e-01,5.381907334228581696e-01,3.524383267089360450e-01,9.988562794949917834e-01,8.465437413802002764e-01,7.854348832088975385e-01,6.273265808311083713e-01,7.020046622508382406e-01,6.311632340393616980e-01,7.616900395126631196e-01,8.417751109343081239e-01,8.156127739456985326e-01,6.212799095922239001e-01,7.478952428953736797e-01,1.786714204488478452e-01,3.732187549469270227e-01,9.736248135991305563e-01,6.788034425957523155e-01,3.967917085103795927e-01,8.699958285352943355e-01,8.037017465178564191e-01,5.489210072097747695e-01,3.723029192989715241e-01,2.030810627906938781e-01,5.378281856381796899e-01,9.749793891622876574e-01,2.661569257870912142e-01,4.598464058724400227e-01,7.121016610499898425e-01,6.272214279010812632e-01,3.637699985326764418e-01,5.302739850455424619e-01,7.932121560568685670e-01,6.511620097395582896e-01,2.524607614614795548e-01,3.031026652452297743e-01,6.631112774397709408e-01,6.248218000800730421e-01,-1.765205284478269243e-01,2.721831357149752106e-01,2.646619199567622482e-01,7.873116883190056994e-03,4.162126962455199863e-01,8.308274798587156340e-01,4.128355035599967637e-01,3.830132994703140392e-01,4.507421086724588410e-01
8.515595016357362379e-01,7.735470908329669104e-01,7.058943940005765194e-01,8.357315815315359275e-01,6.314130493511310727e-01,2.677619800971474118e-01,3.172783708185151763e-01,6.181490343979350044e-01,5.749746530687780410e-01,0.000000000000000000e+00,6.674865630721323884e-01,6.702973048631244435e-01,1.687476980582522934e-01,6.973598826912980053e-01,5.815844164674399686e-01,5.894759661234577619e-01,5.768459255163580490e-01,5.340375856429495638e-01,7.651012767968158323e-01,9.805397813979039867e-01,6.476920360507463226e-01,8.380939916453292726e-01,4.968529552271804817e-01,7.330971631000757771e-01,7.497379384174054362e-01,3.316424683291376296e-01,8.462368963785994458e-01,1.303005658940904199e-01,2.498612404036799350e-01,4.393107727395575979e-01,6.152167259878353889e-01,3.462249525771716741e-01,3.896901506454357733e-01,4.811231698417941516e-01,6.662152980654840739e-01,3.725115259220422859e-01,2.390863244396889409e-01,7.956723799774331196e-01,8.174981477004883423e-01,5.081959070795641908e-01,5.711676266473766361e-01,4.210552869925787700e-01,5.150575870778885124e-01,2.074368543605853519e-03,8.513183149638269276e-01,9.206755438246717604e-01,7.566928534589958399e-01,9.493620601493705236e-01,4.722252139615705224e-01,4.549491054571390136e-01,4.311810961398914732e-01,6.092976956808220379e-01,2.902760539119094707e-01,8.192189926193425009e-01,6.496437434122077637e-01,5.576837415095758921e-01,8.845307876764632038e-01,4.942362304607152423e-01,2.951463905156224699e-01,4.740969883516464867e-01,3.869606912000678189e-01,6.445564856381937879e-01,7.904467054188699660e-01,7.588619240182744585e-01,4.599145115123360328e-01,7.227856109992822908e-01,6.103380348706948233e-01,6.612705253800509331e-01,4.100585263146645509e-01,6.084242456784783037e-01,7.004636583510640557e-01,7.152859489616185673e-01,1.036565422447405099e-01,5.559481833948811680e-01,1.792651102062272350e-01,6.477408436420384330e-01,4.621524952238547090e-01,7.016558040724991674e-01,7.542438994794953278e-01,4.918231553811123341e-02,2.695874361590781532e-01,6.587482100094788073e-01,7.995034889815447188e-02,8.811320468440018983e-02,9.732042202531298036e-01
4.714400502857646336e-01,2.902731466899551860e-01,7.598126307468610063e-01,6.514477862522720653e-01,6.046856604407699898e-01,4.367383639287950037e-01,5.427173823138717879e-01,7.058821433635984466e-01,2.882413611398033093e-01,6.674865630721323884e-01,0.000000000000000000e+00,7.206310563996705110e-01,9.027415464209910256e-01,9.721896109685660425e-01,5.594159031140009120e-01,3.945536540664620340e-01,6.510054251785744039e-01,6.221990985724871193e-01,3.664201693828117445e-02,6.093808422420031734e-01,9.379661463559000323e-01,6.070895612242434014e-01,9.065147629755786474e-01,2.987960940915524444e-01,2.291647497644164200e-01,3.817414627849387010e-01,9.598224326229064518e-01,7.064841551632223826e-01,3.780116971920030045e-01,4.140757743091904031e-01,2.295255432137318641e-01,2.170911140923875160e-01,6.324025212034100063e-01,9.745922255838540549e-01,3.981116050146380481e-01,5.059884739680049481e-01,7.668080763742897432e-02,-1.456375495453289537e-01,5.262182210849751796e-01,9.231227791310863129e-01,-2.660048810792120522e-02,9.590969923232233185e-01,7.629337436662936289e-01,4.745964449846633570e-01,9.685000707609069392e-01,7.882412514993422104e-01,6.066626787804917376e-01,6.874134715829862685e-01,7.550064165703941343e-01,6.249541474488714554e-01,9.593770707734825542e-01,6.627086162029303118e-01,6.598214830935883457e-01,4.989558225970698313e-01,4.880441035306812836e-01,6.718231185661424076e-01,6.453727730401288554e-01,7.760116103333709603e-01,9.874470468330938111e-01,6.357459578647076670e-01,4.165877227991687248e-01,4.970164495659720738e-01,6.510970810754020954e-01,6.111229585048347790e-01,2.082424618643643754e-01,7.749152407361340478e-01,4.184023882293695373e-01,9.672721066518452648e-01,4.260014496545457829e-01,7.809762349599899123e-01,2.605464545512395369e-01,3.262714834364335292e-01,7.097320174762081768e-01,1.437046520060120680e-01,4.052000987498808882e-01,9.925480761781897421e-01,5.623901432865334726e-01,6.411336280288111311e-01,2.489300083870559788e-01,1.222729855212938005e-01,3.673244912233287751e-01,7.834107506044970526e-01,4.494630826455209838e-01,5.975437683578488368e-01,1.265117041236659412e-01
8.410822254443801604e-01,7.080198518166488375e-01,9.126711116354283559e-01,3.847277900986132426e-01,4.984756981667112230e-01,6.887842473018597200e-01,5.072014428268498687e-01,7.573159521574427400e-01,7.412523980644929456e-01,6.702973048631244435e-01,7.206310563996705110e-01,0.000000000000000000e+00,9.968144790213471218e-01,7.138494423047054838e-01,3.288419897041065521e-01,3.968261802577835451e-01,5.377955323197458615e-01,2.969655067059649989e-01,4.340623322420864572e-01,8.119238895109508469e-01,5.786823523519853962e-01,7.537020896229942313e-01,4.720662843453322932e-02,6.390178379468899328e-01,7.996587656889554419e-01,7.657614254496635242e-01,9.606378013202390154e-01,6.642141257813691801e-01,5.695903727825848417e-01,6.647616562019890152e-01,4.380322298536912795e-01,9.654433686713630447e-01,4.295372448406442611e-02,4.463480224549338238e-01,4.773054731844770804e-01,2.194900187377931133e-01,1.902381957214493990e-02,6.881165436883200925e-01,7.581215489394845797e-01,5.054106638336940405e-01,5.790419909241413254e-01,6.044152653787642215e-01,6.820374093013321648e-01,7.837861397142473763e-01,9.373363086002193256e-01,6.166421404635714643e-01,7.720656174993956178e-01,8.445962206178314613e-01,5.711954315155867157e-01,6.992516671108626181e-01,4.271897360045251446e-01,6.692478516386262122e-01,9.236055936963262214e-01,3.943181834471021219e-01,6.461110033642053496e-01,6.427470919720930098e-01,7.809602758893541274e-01,6.135755983469892705e-01,9.047535872895283715e-01,1.675731742979241212e-01,4.775860785930170493e-01,7.085329225094483263e-01,3.517823731680840282e-01,9.403786628092746236e-01,6.893445624158299756e-01,5.879873092882729191e-01,4.418932519532902115e-01,7.976790713214736428e-01,6.495681383800441244e-01,7.060407376804549440e-01,2.388030664002941394e-01,7.208215283013351682e-01,3.927632907628728631e-01,6.674344310396888857e-02,7.609108157530030114e-01,4.833162549030288191e-01,9.537443564580849742e-01,4.943425894071357130e-01,2.030224644681785651e-01,5.820692273271521611e-01,3.217513761599415933e-01,3.206466149812521316e-01,8.756273123801283642e-01,3.689263590051767849e-01,7.646919797754737624e-01
3.724911544069742231e-01,1.333211099567242069e-02,5.840736384265734493e-01,9.164425743350689268e-01,8.616866974142906033e-01,5.692554325879133348e-01,7.088076639506187826e-01,7.624260620202357730e-01,5.854455389273287569e-01,1.687476980582522934e-01,9.027415464209910256e-01,9.968144790213471218e-01,0.000000000000000000e+00,9.155375241342824655e-01,8.152962271624452084e-01,4.396017499575926440e-02,5.217881635480917657e-01,9.887827244601893328e-01,5.513834710518715765e-01,6.936455632933924420e-01,4.928727150775051857e-01,7.988613972595921542e-01,5.003332866208007879e-01,9.053851860284964914e-01,3.830046607248572821e-01,8.130785771532522688e-01,7.625475804314154615e-01,7.910053247368863394e-01,5.549973921298450019e-01,1.115676478660522081e-01,5.187498855800806163e-01,3.393908592550286540e-01,5.423190419767910386e-01,5.410300538923513702e-01,6.090488310408146422e-01,5.026815019689576669e-01,5.961033681843894705e-01,6.316702424991498255e-01,6.347012818627219000e-01,8.109517759872965081e-01,2.661742244955732639e-01,4.959347714679798735e-01,9.562535391509155991e-01,6.142494229157967611e-01,8.646017676126697138e-01,7.949167494633344599e-01,6.925099881117550149e-01,9.132635901087479136e-01,5.055911847692234895e-01,5.198019318751238016e-01,4.495996873307016028e-01,6.823274533169189082e-01,5.786436640214308591e-01,5.801984673897833122e-01,7.107032470937607593e-01,6.537660087835530653e-01,5.525155663559107033e-01,8.996054362815907313e-01,8.610905093586570525e-01,4.476912742777471310e-01,3.742289922742894070e-01,4.693750415406845455e-01,9.505671178737722382e-01,7.413860583415043948e-01,7.131512997358214756e-01,5.349725650587326964e-01,9.125618583591409427e-01,5.083689789924016322e-01,4.487907444098166443e-01,7.883044225088917667e-01,6.978071052785673745e-01,5.294043474353550272e-01,6.643610648474643776e-01,3.586865540230487204e-01,7.682704281026458970e-01,7.546295741681781077e-01,7.042150266870277342e-01,9.258113937728486009e-01,2.787990894109380613e-01,4.254787035516665594e-01,7.392345478426043393e-01,6.127889469505154452e-01,4.384611725797785686e-01,5.803103766551237497e-01,6.331096953288716245e-01
9.389178310375660974e-01,7.615123573542479374e-01,8.913643981216915479e-01,8.023595666562061135e-01,5.608239242260080193e-01,9.953670414479310891e-01,4.681029635114213883e-01,2.356418966914645419e-01,9.897468245521661157e-01,6.973598826912980053e-01,9.721896109685660425e-01,7.138494423047054838e-01,9.155375241342824655e-01,0.000000000000000000e+00,6.351344227457873526e-01,7.010722721418952696e-01,5.535081195224524908e-01,7.310989626504927896e-01,7.034033622104628458e-01,9.253323991847542951e-01,9.822532065080089581e-01,8.504970373048721388e-01,6.088983204479843092e-01,8.448502537149440439e-01,2.145768200971147899e-01,3.537132112190098931e-01,6.174447403290695968e-01,6.879136187337485664e-01,3.602867603900752336e-01,6.960554231596232100e-01,5.522407372719355667e-01,6.768181637098990011e-01,6.034452210801652949e-01,5.612898974870796920e-01,6.814817808561244306e-01,5.050249701220272947e-01,-1.929137952330827743e-01,2.975436999545100214e-01,5.422942009323044044e-01,5.418471277909432393e-01,6.755072255882199617e-02,6.619928400241574806e-01,5.311814838685213758e-01,4.945620686250670195e-01,7.271458391837275492e-01,8.350487107913420193e-01,8.925021301787434691e-01,7.652882342599605092e-01,4.725758674060010489e-01,7.606311757277093299e-01,9.309378923804524364e-01,7.468791629471931426e-01,8.212569062054195790e-01,8.100845934965638095e-01,8.542574368416679942e-01,9.957558677751512377e-01,6.879446032219204143e-01,1.752954461574847064e-02,6.583763275801042258e-01,2.322721794418959040e-01,2.001469867766726141e-01,6.818969584991921851e-01,6.181141675134322888e-01,4.212456751236023922e-01,7.130827469073220959e-01,8.361303548356735504e-01,5.135329378939600398e-01,8.488298851803779410e-01,5.071468999102424213e-01,4.540165157160938048e-01,5.536085242950103957e-01,6.876964247980302813e-01,1.597607938839486763e-01,2.767220395777469366e-01,9.054402419031035709e-01,7.338754066899912942e-01,4.877534748178004032e-01,7.292348646544952739e-01,3.770152617657847038e-01,4.781474318410113278e-01,9.912777939019197238e-01,9.875386929187300877e-01,6.098985071360889521e-01,5.481372552313276136e-01,9.203562305821684220e-01
7.746815605660835047e-01,5.697099075090612530e-01,9.011700866969470924e-01,8.462295381422280105e-01,4.999823371684903872e-01,6.901177502955215814e-01,5.533989958632690165e-01,4.866850982710881901e-01,2.564396544766731068e-01,5.815844164674399686e-01,5.594159031140009120e-01,3.288419897041065521e-01,8.152962271624452084e-01,6.351344227457873526e-01,0.000000000000000000e+00,4.279514182852497961e-01,7.986581097767864179e-01,7.087733324508278532e-01,2.527005861834082934e-01,7.503720289147747247e-01,8.827266876506767446e-01,6.649031752968714848e-01,4.456721282382338223e-01,6.721325798675610308e-01,4.638069507575628414e-01,6.376157653093680322e-01,9.882679077570125648e-01,8.020883040895303573e-01,5.787184886748727441e-01,-8.116266607203596883e-02,-5.429348158038718730e-02,4.936874002632486436e-01,5.009781747303519994e-01,5.269593082660335437e-01,5.708896563356253839e-01,4.481773820803927610e-01,2.833549843322333284e-01,5.138092980699509038e-01,8.935299812402882624e-01,4.982997809917372178e-01,4.120119111189289307e-01,7.050754578808657858e-01,2.023360652977536644e-01,3.758993784846927921e-01,8.286655328106348195e-01,4.651877252141333186e-01,5.571528857364295151e-01,9.501338932445593244e-01,4.479974855830547997e-01,4.277822926774234591e-01,4.105208728806410967e-01,1.045309708170806540e-01,4.221238832442847366e-01,2.294229380842185695e-01,9.402022271498349237e-01,5.509953509454807996e-01,4.017276856490499259e-01,6.602259421898855063e-01,5.693700092559843551e-01,5.237034573307542962e-01,5.379085599338890855e-01,3.766219282147136305e-01,5.393357940222961444e-01,6.256177228487346254e-01,8.790256464652843604e-01,6.866259593306475173e-01,5.693008100918106607e-01,8.193280514006382464e-01,5.893603447267146134e-01,7.349639607305678002e-01,5.767802330493005947e-01,4.429696932882611349e-01,4.887559497406437914e-01,5.558645740484189357e-01,7.241678799350395046e-01,2.994481258930766776e-01,3.273486773055394039e-01,4.272442148396268236e-01,9.835288694823762778e-02,1.044387791714165153e-01,5.111009048762638063e-01,7.481953934784095761e-01,7.163184651444054474e-03,2.272397440922311884e-01,7.589540007298507529e-01
9.874095801251476789e-01,7.885370448211220795e-01,6.765230400074698780e-01,7.320631509938925197e-01,6.994202575962343849e-01,2.532300694193944657e-01,5.447449459093729462e-01,2.833030679131099175e-04,4.075314247430142367e-01,5.894759661234577619e-01,3.945536540664620340e-01,3.968261802577835451e-01,4.396017499575926440e-02,7.010722721418952696e-01,4.279514182852497961e-01,0.000000000000000000e+00,5.260148203122789745e-01,-7.033785870814518448e-03,5.250882741074586191e-01,8.369705088828738315e-01,5.112376210084890182e-01,2.362066340454737623e-01,6.419453494858313736e-01,6.207253129943385295e-01,7.127964533353073895e-01,9.203766943850524296e-01,7.045812501669601602e-01,-3.733213695722444880e-01,4.109913176759940057e-01,4.723048689802166189e-01,5.075428204282307343e-01,6.264765226598471015e-01,4.047004960233820392e-01,8.276142406057035439e-01,7.580324235905055996e-01,7.116338005516805731e-01,3.362976876471805432e-01,6.214096631927210623e-01,9.522532626005099088e-01,6.411086448854579345e-01,3.068026266712486905e-01,4.505951398114215189e-01,6.569284929334433532e-01,3.519501338874145846e-01,8.651521397035257799e-01,6.382420019359916763e-01,1.794038249596567880e-01,7.390024508031602934e-01,6.795900489893393903e-01,4.210533620334309113e-01,4.974455231980982051e-01,7.387825444489088955e-01,4.845275297002474280e-01,6.266317324582293402e-01,8.696968644493807687e-01,9.365745334708442948e-01,5.765803236647106811e-01,2.901826487188690629e-01,4.258400752938018008e-01,7.435556106858709491e-01,3.978742232692935588e-01,5.718529417576483365e-01,9.162160201777649338e-01,6.109436473103737608e-01,5.175288596605132074e-01,9.466591009953597702e-01,7.646453563368538209e-01,6.764848083621557429e-01,5.320810925349127585e-01,9.039810298436918856e-01,9.601774022965805511e-01,3.309386619358625214e-01,3.359803116975548787e-01,5.347884611767280694e-01,7.850270425228248472e-01,6.869685979458136638e-01,7.631946141132149586e-02,-7.834142572614034850e-02,3.334396098500413963e-01,1.631123646367954594e-01,2.034387288016099582e-01,4.927791082385307719e-01,8.434135996985250294e-01,4.065533290618976725e-01,3.446575437488399452e-01
8.632284904318859864e-01,9.378075321142007592e-01,9.113158698065251251e-01,5.658900661143083655e-01,8.506869463476585125e-02,7.961667907103191499e-01,9.792024528296908725e-01,6.972466730810664703e-01,3.819003869263721818e-01,5.768459255163580490e-01,6.510054251785744039e-01,5.377955323197458615e-01,5.217881635480917657e-01,5.535081195224524908e-01,7.986581097767864179e-01,5.260148203122789745e-01,0.000000000000000000e+00,7.089820434989123621e-01,8.363515207289483611e-01,7.290462015523970774e-01,9.159937923580629970e-01,9.690745638175326526e-01,7.801184852585052454e-01,8.473388420372112151e-01,5.560134066815962672e-01,8.514226117739197575e-01,5.703051376880948764e-01,9.096377896928423690e-01,5.894366739731480287e-01,4.534439975830518166e-01,1.118108458714496961e-01,4.939735932783745898e-01,4.019874768272410082e-01,8.803980382136105121e-01,8.045226245892002082e-01,4.613069388768752388e-01,7.327171808722866553e-01,5.881738394008119153e-01,8.615077098271812783e-01,7.636535540436091285e-01,4.029611116442279317e-01,7.614327035366834640e-01,7.238325062959768408e-01,9.183233041247915729e-01,6.488864182213025522e-01,7.079212993446035718e-01,8.885985747339258944e-01,6.867815677305497690e-01,4.988684604353167962e-01,9.913124804239681342e-01,4.945986418373702342e-01,8.991642995695402485e-01,2.190182515786900930e-01,4.651978283517388402e-01,5.825850519677951977e-01,8.246744375471806165e-01,8.430308862706179518e-01,7.054232773408403157e-01,5.489775462853611065e-01,5.769356897686277463e-01,6.756709312358919473e-01,5.952364472624225300e-01,4.427592189015263080e-01,9.998173173626817567e-01,6.222018153320553191e-01,8.275689624962002666e-01,7.017839586112236683e-01,8.299228474008885081e-01,7.400500334691801907e-01,6.394183902626036087e-01,9.845541042413098465e-01,7.052873344283004942e-01,1.648995063253657634e-01,2.506914671456442756e-01,4.653213767787379163e-01,4.323526212803882052e-01,9.870526656520063336e-01,7.520748143009126085e-01,6.834997711533935538e-01,2.108000091689479771e-01,4.318013640724732150e-01,5.489353019883688178e-01,4.004183735080681927e-01,9.782862865251830062e-03,9.944562603732524098e-01
6.291372530819095976e-01,8.602178193504839143e-01,9.145433885205113134e-01,4.560389917390607617e-01,2.928870198265274838e-01,2.977923746490797052e-01,-2.731807645870374390e-01,3.311412879929414022e-01,1.853484508174176315e-01,5.340375856429495638e-01,6.221990985724871193e-01,2.969655067059649989e-01,9.887827244601893328e-01,7.310989626504927896e-01,7.087733324508278532e-01,-7.033785870814518448e-03,7.089820434989123621e-01,0.000000000000000000e+00,6.405811861863390799e-01,7.499612830803764618e-01,7.067805685221436596e-01,7.545653068188041823e-01,6.422374956996552697e-01,2.768793174512734767e-01,9.250791430161370288e-02,9.633205781493807685e-01,6.121780883657074179e-01,7.855051977480722591e-01,2.698040497551895678e-01,5.036963555331762654e-01,1.463715684375415660e-01,6.350979351640083648e-01,5.941012547958135492e-01,3.959436766129900143e-01,8.998191690092665063e-01,4.375886694937182742e-01,4.753262068135537532e-01,7.554713665993681992e-01,6.363163124667309267e-01,4.563030779192306929e-01,6.199176184193538885e-01,2.580533797361447834e-01,9.930196479995259118e-01,9.050143319106801476e-01,7.821936776483860987e-01,7.977558816183869528e-01,7.702106183947781126e-01,6.599276587506925917e-01,4.304843722783543991e-01,4.821289455489837783e-01,4.663248644612534299e-01,3.729981768959134136e-01,4.309308634943020966e-01,2.869981615171638412e-01,8.861163894107538797e-01,4.409382678942898037e-01,4.368959863363708340e-01,7.631914029890687345e-01,7.771470666059033805e-01,3.115538313364347722e-01,2.319247059705164815e-01,6.758340157632167777e-01,6.545782834002501493e-01,6.034680728808160532e-01,7.245036678962148979e-01,8.491937276655590061e-01,4.076485730499466165e-01,4.192407376050062418e-01,4.805222947426991409e-01,4.469603249231455799e-01,6.889613371805377584e-01,5.708730463583707726e-01,2.989176083296647413e-01,2.935512143832511023e-01,4.984310748201046248e-01,6.191778683587337850e-01,7.374954700215634595e-01,6.596810185418007233e-01,2.448473582608632626e-01,6.968926167805252758e-01,5.690811843264467207e-01,5.788343480162441157e-01,5.619091940577043420e-01,-1.795357249904779573e-01,5.919115625014996773e-01
