0.000000000000000000e+00,4.504968191579057923e-01,9.839462219913119867e-01,8.068952717390152907e-02,9.087101730569201452e-01,2.819820099392856827e-01,8.516792968221483795e-01,7.779593934540547373e-01,6.168346373558976081e-01,4.604898889568463938e-01,8.088798012712369312e-01,6.303509221131802231e-01,3.339255947120314261e-01,4.975773175837486240e-01,6.626238816446048396e-01,4.438109604884270531e-01,7.257307031647957096e-01,7.501955212764799263e-01,6.457812397720080755e-01,3.517368179286461949e-01,3.233322011043629485e-01,6.862258390281615883e-01,9.213503728296494888e-01,8.087719049828234752e-01,7.329566930425832627e-01,8.966598364401155985e-01,6.746005175547301613e-01,9.191617303100130254e-01,4.748534580443258823e-01,3.452944672276797577e-01,2.411199411913286794e-01,8.809663042119791898e-01,9.919250970712969462e-01,2.527054517347344653e-01,7.750261441810117891e-01,5.818498868560890713e-01,4.104965278104953930e-01,6.587164297147349856e-01,7.456273090677936199e-01,6.726461492155362265e-01,4.114640492426320795e-01,8.512442225290062225e-01,7.374178829563419191e-01,7.681783552972103468e-01,7.201124010608570547e-01,6.159033492655298092e-01,6.594649745552317865e-01,8.079792006865488263e-01,4.747201839320615013e-01,8.580292722166220631e-01,7.170448650774740029e-01,5.093938991740992739e-01,9.102803850448972778e-01,6.926632733142029652e-01,6.951956952169128234e-01,4.998328191658112374e-01,8.340836667645047386e-01,7.452301232107578777e-01,8.029002958402262635e-01,3.990488527710437383e-01,2.110200830321400933e-01,5.186472475808836524e-01,6.949783024943838594e-01,6.238922077387288878e-01,9.017265612218663406e-01,5.036747156955332372e-01,6.296860633289507181e-01,6.007246483923700531e-01,2.776557734289508139e-01,4.613058449214310630e-01,6.415433196292645857e-01,9.473124971803374983e-01,2.142009030043410395e-02,1.368861363824357968e-01,9.188390004728511640e-01,9.350013258928395743e-01,9.117282519480135461e-01,7.881858293544341532e-01,5.817178792678857624e-01,-7.034744640355819478e-02,9.836182762895411269e-01,6.726229761278755825e-01,7.300935833655201046e-01,-1.784093086761511515e-01,8.101353545553396929e-01
4.504968191579057923e-01,0.000000000000000000e+00,6.883631067177883311e-01,6.263714203664739744e-01,5.680563504759874593e-01,6.159060537071989749e-01,5.229385537848043608e-01,9.990472717365371791e-01,3.989687266660256748e-01,2.646030160613387361e-01,4.189820959815764856e-01,7.378268212943858151e-01,5.334527512551683337e-01,8.453566610331025855e-01,5.318207291017856830e-01,7.523382269883397422e-01,5.994807549202024743e-01,5.591274533323642437e-01,4.362016282065284134e-01,9.054826675322297236e-01,5.640621361211071161e-01,3.509634733106706816e-01,1.061007683676307434e-01,2.196573632082621519e-01,2.768121071089494345e-01,9.354840991212101109e-01,5.935503772009746992e-01,4.706846885859637397e-01,4.030543360922091978e-01,7.068867883190693702e-01,7.001892886436464902e-01,3.154615851169033092e-01,5.822949856088301956e-01,6.090205998746670568e-01,3.691793854125358099e-01,7.374443790883777883e-01,2.156875947344974453e-01,4.068609491608717321e-01,8.143497600167134420e-01,3.895920553505354683e-02,2.071233796923724058e-01,1.787009098817522734e-01,2.510716707943005943e-01,6.961855586928535899e-01,8.459655934006247158e-01,7.997042383453634162e-01,4.775829201501121668e-01,9.711481081789017367e-01,7.418520793119727230e-01,6.451786530120370289e-01,3.368521425971263694e-01,9.080187284561046512e-01,4.261544993616935839e-01,6.375461048654190721e-01,8.102691186281744118e-01,3.102368011573743978e-01,6.767547169692295084e-01,7.888436251690953416e-01,4.764368616965711789e-01,3.655303517757012566e-01,5.670685293968538154e-01,-1.790838117699011522e-01,9.746182750025849106e-01,7.719788844134830574e-01,8.397733991993486802e-01,6.591179256484063220e-01,6.041293147414069642e-01,6.200248663169936059e-01,4.209784143325911998e-01,7.506795096485365804e-01,8.288613188983813274e-01,5.173961737136223427e-01,1.143613209829222738e-01,4.922290035666436192e-01,5.098622137791695152e-01,4.599461666330056375e-01,9.084873805830576687e-01,7.118196882044557361e-01,3.027768424227945121e-01,3.152836221252766080e-01,4.262271701023591097e-01,8.485517986448231076e-01,5.758216888753657781e-01,3.083815338662599381e-01,5.747347010494618935e-01
9.839462219913119867e-01,6.883631067177883311e-01,0.000000000000000000e+00,8.840117163500417208e-01,4.514034186508976698e-01,1.607795245268979212e-01,7.996173396706083292e-01,8.100291388449510910e-01,6.643549210421320073e-01,7.055735725375019696e-01,4.613645512514565894e-01,7.670305565039814422e-01,9.852017711916690734e-01,9.525419071387832837e-01,2.173714342297870805e-01,7.341077442617314208e-01,2.581078897037303865e-01,5.661261361015444971e-01,4.878361887993247770e-01,8.679095240765284380e-01,8.799415798635178421e-01,6.304720978248218310e-01,8.790383581470710972e-01,6.210826589060932656e-01,9.098509146455796559e-01,7.726576898731244425e-01,9.395974782737770425e-01,8.242449620330771776e-01,4.313305726514622407e-01,2.141250177012032907e-02,3.830209331435733833e-01,3.390723443119075808e-01,8.686434622895712332e-01,9.368539617904539929e-01,9.754276288572168996e-01,3.300064508744414704e-01,2.282453546088148988e-01,9.761315139763810933e-01,8.752262812461745201e-01,6.004752268694169004e-01,8.719239175680142395e-01,4.356167082324614026e-01,8.504701553932267899e-01,4.492785124885831927e-01,9.596921229327104452e-01,8.179824601363878678e-01,8.345847209499850372e-01,6.803071707001285828e-01,9.697481817374123958e-01,8.191075354272727704e-01,8.307802482586624793e-01,2.134334843524155478e-01,8.623045754066630542e-01,6.260015168680426179e-01,7.911847987308167074e-01,8.112733903835492866e-01,6.976616969062860996e-01,9.546492410939040330e-01,7.661170409823697680e-01,6.656308548402550818e-01,6.372323095444600849e-01,7.907574107782615602e-01,7.804830457786319231e-01,4.167289105387604886e-01,1.356776000664303705e-01,2.422777680826619928e-01,9.542607352444265612e-01,7.137472470348873443e-01,6.089294720383040538e-01,6.912598549399034953e-01,6.954276264286805009e-01,9.267453991958900517e-01,7.733544789871523717e-01,1.146296367980251391e-01,9.159845413313555396e-01,4.917690305212203405e-01,9.915245893083119988e-01,2.916621899725510003e-01,5.083273143266069383e-01,6.834534299036514327e-01,8.249358065083165492e-01,8.817943869942911350e-01,7.370674866219342203e-01,9.305937533321626542e-01,7.689462344928886806e-01
8.068952717390152907e-02,6.263714203664739744e-01,8.840117163500417208e-01,0.000000000000000000e+00,6.627592930143707539e-01,2.228441102209581248e-01,7.759508575016529353e-01,6.442471191593632796e-01,7.748612605266570474e-01,9.402683166086103772e-02,9.167920117515586664e-01,4.501415898237930424e-01,7.149395869096827338e-01,6.604180691653892543e-01,9.686123269671068625e-01,6.868620697241041295e-01,2.982293037182449091e-01,7.788279302149700989e-01,3.354435439975871347e-01,6.554120132948010324e-01,6.074993113214605112e-01,9.282433634048479210e-01,5.481653608132038835e-01,7.070575029450749671e-01,1.149156538520044180e-01,7.236723325543439334e-01,7.795782210342993013e-01,6.146684023889708026e-01,1.433037456359220196e-01,-3.785249675582103013e-02,7.156629082224881255e-01,4.848545694295590125e-01,5.460241872334868907e-01,4.603947135100059512e-02,2.734478794910526478e-01,4.959172161379286625e-01,5.600636833251606550e-01,-1.266588526715334839e-01,9.434168616602256474e-01,6.262632942241488365e-01,6.912936223934290636e-01,8.364104270701394617e-01,7.085570163170707980e-01,6.063265120780954032e-01,6.064107335344433303e-02,8.490638205441831676e-01,8.634539463934833847e-01,6.636062172232444212e-01,7.710553218372957485e-01,4.811439490607556935e-01,6.542494016190427697e-01,5.719054392782516594e-01,7.994179995127324023e-01,8.163548340159879624e-01,5.947811431949550087e-01,9.630624330559676149e-01,4.309764884221922721e-01,9.709596400254104642e-01,7.257152290469867095e-01,4.911630109268133038e-01,2.850847998547978990e-01,2.312208589169110207e-01,3.931925038100215763e-01,3.605749565461897621e-01,9.876736291475995966e-01,9.718072824351973171e-01,9.725897726860311954e-01,5.508478050155828365e-01,6.317548345330490367e-01,5.918625878687290287e-01,7.216967827092635179e-01,8.606139747196182022e-01,1.051711630006041953e-01,7.504754190239171230e-01,7.469634816433162738e-01,4.189258007424824237e-01,7.674738759083719053e-01,7.383005589458746520e-01,6.308545232912622369e-01,3.635447189160890824e-01,1.213252807388880417e-01,5.205601344989713164e-01,5.333539294608056203e-01,2.538377348009164258e-01,5.580062252404838219e-01
9.087101730569201452e-01,5.680563504759874593e-01,4.514034186508976698e-01,6.627592930143707539e-01,0.000000000000000000e+00,6.575098150363705152e-01,1.533925873261027251e-01,7.669261958807256363e-01,4.451859530242447960e-01,8.514483885198906865e-01,3.798408008072778896e-01,7.823479079442388073e-01,7.477928947347274313e-01,2.616240335424506736e-01,5.363889840302895617e-01,-5.280833636413240217e-03,9.888502994760997034e-01,5.003796523861245849e-01,5.751139158854988720e-01,6.261317323198897222e-01,7.941579692900857523e-01,6.469348312841824988e-01,6.436844172865162639e-01,4.076097966762406988e-01,1.546521166776973211e-01,8.430199445062459551e-01,6.057661122873974069e-01,7.935105261230444018e-01,3.121495331635238957e-01,2.636432779279382910e-01,3.573270257087849400e-01,7.276728914097683187e-01,6.648355734366671044e-01,4.750783596038087309e-01,5.784215589195713658e-01,5.088041506432806615e-01,3.598148009639280387e-01,3.426026137778349634e-01,2.214127947966046395e-01,9.241889290731086781e-01,6.726198094265481986e-01,7.625609554870500517e-01,9.934673160207798670e-01,4.110505135276861788e-01,7.666519576539098102e-01,4.737970056894715842e-01,7.339219015996458761e-01,6.332698507899953144e-01,9.699349557911474129e-01,4.173120940714275529e-01,7.447590747544452494e-01,6.140634484284253070e-01,3.223269551786764886e-01,5.004189679429988935e-01,8.546692186287931925e-01,8.590141388699946701e-01,3.676308226798781220e-01,3.070495169557607706e-01,4.715553779322562145e-01,5.984175647252774205e-02,3.329184166178909554e-01,2.623584040327265887e-01,8.296107113071758965e-01,4.110983904571050007e-01,9.338999268620632455e-01,4.067872868086402360e-01,7.510051075309673863e-01,7.580559631323482428e-01,2.639303988460579564e-01,7.860175356575221928e-01,8.532907106866883806e-01,5.245934342449732890e-01,4.350828288831707913e-01,4.320320026870076990e-01,3.370123696644397038e-01,5.972094469294928487e-01,9.275790834130400730e-01,5.458554460953102261e-01,2.866449166482529787e-01,4.688854399653338278e-01,7.391961028477116447e-01,5.648423659826754539e-01,6.381266517505170821e-01,4.948947231707554462e-01,4.698959436962580338e-01
2.819820099392856827e-01,6.159060537071989749e-01,1.607795245268979212e-01,2.228441102209581248e-01,6.575098150363705152e-01,0.000000000000000000e+00,2.252594026159542850e-01,1.366474018773520260e-01,1.492155663731855632e-02,7.573157211963575941e-01,4.692593535137153937e-01,2.543060870153441289e-01,7.726172195977144552e-01,7.243749337495934970e-01,6.558338395004413846e-01,2.133993272661334761e-01,8.322520497482601698e-01,7.905785568566985333e-01,9.886456682402534613e-01,6.838529323740915045e-01,4.368241509337753015e-01,8.555433800487212137e-01,5.613712257489157365e-01,8.597816466419024861e-01,2.304948203636804915e-01,4.822189151546658614e-01,7.544733447745474164e-01,7.051765939376828385e-01,2.875535840976795043e-01,7.456114663058510672e-02,5.299725559476964332e-01,6.378974740082393735e-01,7.179804446380281258e-01,5.723966686873018794e-01,9.110719873479213859e-01,2.328035215451071671e-01,4.256502846340340929e-01,6.310657810428055292e-01,7.488498969888387480e-01,6.746099767105855349e-01,4.249233731617611531e-01,8.733269666269770637e-01,6.077116783894938035e-01,2.230551315978005766e-01,4.035706906418486950e-01,7.641792626798358246e-01,5.409951157710429781e-01,4.993155465259834225e-01,5.782330613730505275e-01,6.536438652460807575e-01,7.804432873912205970e-01,1.187109986840895748e-01,5.946510537728960655e-01,4.964446224097761595e-01,8.347185253480593481e-01,9.415887014278753187e-01,5.978894015003555218e-01,3.134105325928980279e-01,6.863422016589203478e-01,4.338508368532952852e-01,1.122702772596120280e-01,4.447184861793623267e-01,8.088313997687407442e-01,6.606608247797794986e-01,5.340758729382154568e-01,2.153000886874161801e-01,4.984508891747563286e-01,7.742450246389955826e-01,4.154253168879393221e-01,4.980737817711534676e-01,4.969403289155490677e-01,6.774092930649012745e-01,4.411856416859101793e-01,5.247048579644343347e-01,4.116328465267921621e-01,7.826985767610887823e-01,6.728927309035999116e-01,6.430922490600865515e-01,1.873392392938797585e-02,4.010006448980778931e-02,8.714867204228865516e-01,9.563779669725347432e-01,8.298280678536160693e-01,3.680140179698740410e-01,6.669572652692952186e-01
8.516792968221483795e-01,5.229385537848043608e-01,7.996173396706083292e-01,7.759508575016529353e-01,1.533925873261027251e-01,2.252594026159542850e-01,0.000000000000000000e+00,4.476247688870710895e-01,3.602255952975859099e-01,5.139789762386967054e-01,6.600048869687313857e-01,5.893346776044730007e-01,7.892255790445095176e-01,7.380445720914207142e-01,4.123679050478202823e-01,4.900460781241563479e-01,7.417823785474360054e-01,1.045424279807471990e-03,4.969905569919259580e-01,4.100251350118586657e-01,6.992387719768261567e-01,4.064496129801224433e-01,1.369948336360790886e-01,8.154351170838008978e-01,1.653093508499373088e-01,3.396581753148837923e-01,6.722481718188720867e-01,5.162544107713760155e-01,7.793747710289731234e-01,1.010679837819959126e-01,4.648214932899996099e-01,2.728219856184953551e-01,5.124325512878232791e-01,4.274786901868707911e-01,6.349814084715601492e-01,1.087857949439903493e-01,3.875998717987692022e-01,5.476485333738974060e-01,6.472355461904294449e-01,5.894182282228953573e-01,4.352425406145743469e-01,6.890453480207139325e-01,7.992729557552848974e-01,4.501144989956034070e-01,2.221230188594517097e-01,3.369664905242391456e-02,2.176787399173729098e-01,7.076484916619716348e-01,9.263387367975246534e-01,3.303564654300732428e-01,4.511538715467184879e-01,4.062355404724823926e-01,3.613964141352483117e-01,6.736766700946469344e-01,5.020690750913420208e-01,6.260540099928003643e-01,2.794221451616771823e-01,9.220733363129459681e-01,4.816523271880306933e-01,1.849185029170100358e-01,3.147430272860848310e-01,7.797822490495596170e-01,7.825760811884601154e-01,9.595011245739045735e-01,4.653818767893256880e-01,7.210102277046652741e-01,4.047775513617121734e-01,8.581905552595077147e-01,2.965762177228742358e-01,3.563696617902901154e-01,4.335180261735761542e-01,8.376402698973428596e-01,3.544459535068520406e-01,2.131215191664296849e-01,5.503496344620789626e-01,6.663213065019895076e-01,6.447715723148759182e-01,7.979482171286198522e-01,2.455284645582217484e-01,1.592589276476658045e-01,6.675529992769102527e-01,9.819020591287663802e-01,5.043050305129866961e-01,3.976952021091657574e-01,3.475910492029934407e-01
7.779593934540547373e-01,9.990472717365371791e-01,8.100291388449510910e-01,6.442471191593632796e-01,7.669261958807256363e-01,1.366474018773520260e-01,4.476247688870710895e-01,0.000000000000000000e+00,5.023647658342310640e-01,4.640999310449129833e-01,7.435899439570766711e-01,6.853602922114810925e-01,3.818394153624347642e-01,9.128920260096273775e-01,8.859688846315968425e-01,1.202912024092397392e-01,5.671338885113470507e-01,8.822377127564748900e-01,6.190392879591162245e-01,8.418833477894341888e-01,7.496689939802925196e-01,3.591474603742538241e-01,6.595136890285713260e-01,9.136626954247369925e-01,6.822897066828733648e-01,5.342520960953374143e-01,3.610877531588290584e-02,4.296250312259516368e-01,7.445820219751978497e-01,5.974389894954619251e-01,2.834740148567475582e-01,8.981163784951873286e-01,9.574129152091013228e-01,5.970363029689599310e-01,5.196894056526885075e-01,4.042335853020986303e-01,4.515540808854874855e-01,7.026908488399450370e-01,3.198836231378975881e-01,3.739470126686492701e-01,8.304678916579014136e-02,5.136159015252652615e-01,7.120158427124202438e-01,2.078890778034920006e-01,5.954150245572094047e-01,2.897219144591953732e-01,5.614983102305451945e-01,4.663906067949914469e-01,8.631648972749433879e-01,-5.256171504616172219e-02,6.405329021842817161e-01,5.585710659736110584e-01,5.728575223097067681e-01,4.855111809417272939e-01,5.314929177011438188e-01,5.292425300359097085e-01,7.129542742959916746e-01,6.126758537768296486e-01,7.089645130357674629e-01,2.962211609437475635e-01,5.044075874084008593e-01,6.267581050433373990e-01,6.597853877638448772e-01,2.381136973716513061e-01,6.285662276830423778e-01,2.913734288070507494e-01,4.540024292437107589e-01,5.589835642613649735e-01,2.413000409821541847e-01,6.431760731068424386e-01,6.921875655023005391e-01,-1.635603355095672229e-01,4.679334768765590624e-01,3.723743547252102992e-01,7.252443586852038715e-01,6.237819744426308377e-01,5.616907981282697193e-01,4.115882889819901802e-01,7.530335899703708424e-01,2.423885169571536047e-01,4.918967140149259620e-01,5.859974742271196746e-01,8.807867830369713325e-01,2.189298399023804909e-01,9.402922210885901189e-01
6.168346373558976081e-01,3.989687266660256748e-01,6.643549210421320073e-01,7.748612605266570474e-01,4.451859530242447960e-01,1.492155663731855632e-02,3.602255952975859099e-01,5.023647658342310640e-01,0.000000000000000000e+00,6.520367605525581034e-01,2.314237022261627641e-01,7.087344732824242266e-01,5.413847074448495666e-01,4.860504612881272890e-01,7.235655892524240906e-01,6.470220211318812309e-01,9.007017538799495515e-01,7.312004278160375570e-01,5.255405648697922816e-01,5.111234253884180401e-01,5.662617962112405090e-01,2.707565523615331760e-01,5.789490057498621889e-01,4.425615264804674265e-01,7.769758674051974179e-01,5.261590066581660619e-01,5.910496113426428888e-01,4.850331402992220653e-01,2.828430975221754573e-01,5.540976529856950217e-01,7.102527493691990212e-01,4.307330750943684783e-01,6.677941248967280696e-01,4.501043273945232182e-01,2.622084170028727845e-01,5.762014527305761025e-01,4.635753382419470769e-01,6.393171103245904874e-01,6.873751854709000408e-01,5.654022359870785053e-01,3.792449730436345812e-01,7.874772921565046380e-01,7.658194402248967858e-01,4.492871602726928870e-01,2.245566334182607371e-01,6.265249108869518357e-01,4.618316509785491686e-01,6.185523405300120681e-01,7.338693656482335737e-01,8.479878499492858879e-01,5.129162717491466683e-01,6.396483378327418867e-01,7.475523104826404808e-01,6.971561554170908614e-01,5.416583496448463819e-01,4.615302044509931312e-01,9.488574144467158966e-01,8.445272563478249950e-01,8.354008919812848655e-01,7.052080450023286984e-01,2.589362530682824404e-01,7.632835781252090834e-01,6.488754850949070008e-01,9.629898461226612527e-01,7.926793070661102281e-01,7.212172394957785393e-01,3.707381970328668119e-01,6.785248614787616761e-01,5.806674809149591221e-01,6.765257770297954387e-01,7.904749712380185755e-01,5.322364835559449947e-01,6.204312223535960458e-01,5.645358143583085742e-01,6.687868938734007340e-01,2.568088752285492826e-01,8.641477645367319216e-01,5.526716102804344333e-01,4.648834057245701534e-01,5.304313749579817050e-02,5.538481090928233375e-01,6.517176742305283987e-01,4.246265535920288325e-01,3.468172670547047254e-01,1.024673537391828093e-01
4.604898889568463938e-01,2.646030160613387361e-01,7.055735725375019696e-01,9.402683166086103772e-02,8.514483885198906865e-01,7.573157211963575941e-01,5.139789762386967054e-01,4.640999310449129833e-01,6.520367605525581034e-01,0.000000000000000000e+00,5.901663572843119931e-01,3.069561341610001493e-01,7.450956727189824713e-01,9.667424531547594846e-01,7.550275429606922994e-01,3.627319065753514815e-01,9.461087056093943071e-01,3.126777812895085162e-01,6.333609203515325747e-01,4.457288381327109694e-01,9.139120190859902904e-01,1.751328919905739689e-01,7.053305806549594603e-01,9.140844277491190217e-01,7.580639154570745220e-01,9.362876177148997670e-01,8.190382195054430881e-01,3.119014423131056257e-01,2.359611713030141111e-01,4.117343311316347121e-01,-2.741756895964365670e-01,7.304562969955198382e-01,6.794493527606219052e-01,6.389382707550588236e-01,6.460015970311150380e-01,1.348669604356807043e-02,-2.461984628425853416e-02,4.443413808115733166e-01,8.583489974549127766e-01,7.315550299201833973e-01,5.217547166661125058e-01,4.070307037465616395e-01,7.747033927292052979e-01,7.163799594848295760e-01,6.954928447826178584e-01,6.373323065131126786e-01,7.449866932698556710e-01,5.576304907544920447e-02,6.359983141505858306e-01,5.495299185608375492e-01,5.737746485602033264e-01,8.028180626989739332e-01,7.402688019209748838e-01,4.464523603638767546e-01,8.596761905400986947e-01,8.780877412512072544e-01,5.438818213908986898e-01,4.722942198123066260e-01,6.710427238429634844e-01,3.283913278577592076e-01,4.360819126571374715e-01,4.639916521147011697e-01,6.707849456332006799e-01,6.157095232270970442e-01,8.627028780299568211e-01,1.799782017386550026e-01,5.308650117547030201e-01,5.312788651896099834e-01,4.519631529033906747e-01,3.024654421370072122e-01,6.399081443533438662e-01,4.079301746332879008e-01,2.418564431936958969e-01,1.616220025767698409e-01,4.299114276617999608e-01,2.339479542499018627e-01,7.250444587080556724e-01,6.476298711594808966e-01,3.892656964807879039e-01,5.617898425192277001e-01,4.291016600260051383e-01,9.273613334736831026e-01,6.502111141609956402e-01,2.609958091593908014e-01,6.714053934789901978e-01
8.088798012712369312e-01,4.189820959815764856e-01,4.613645512514565894e-01,9.167920117515586664e-01,3.798408008072778896e-01,4.692593535137153937e-01,6.600048869687313857e-01,7.435899439570766711e-01,2.314237022261627641e-01,5.901663572843119931e-01,0.000000000000000000e+00,8.822247583404965177e-01,6.704366750353552007e-01,6.228390228146660768e-01,4.130707651586568718e-01,8.883608580109313424e-01,8.550949359022016472e-01,7.535258579401464818e-01,6.302161712640621527e-01,7.653221931786726717e-01,6.436338647832829940e-01,4.735909566007125426e-01,9.136309923343105543e-01,7.133486354886009462e-01,1.656419855278643827e-01,4.498073934084773629e-01,9.780807076945781109e-01,5.086933232764596635e-01,4.860973971515062386e-01,1.755594683727643851e-02,1.986983990391541222e-01,2.404732640196581561e-01,5.305555911362627164e-01,4.792042461409625753e-01,1.404489114764523039e-01,9.187946481038122837e-02,5.511450013477314780e-01,2.973084520226501049e-01,-6.985900577691336877e-02,2.203213977408526869e-01,5.455105588312968434e-01,1.544099393709745804e-01,7.845329804076939251e-01,1.998872737607526595e-01,4.433858194820830545e-01,7.758118604903266879e-01,4.456860280680450259e-01,7.887803487190480078e-01,2.392870634524421891e-01,4.475323650794382768e-01,2.944968856815771696e-01,9.580057440218774367e-01,4.005966780242632974e-01,4.013941462332008547e-01,7.895685081791810056e-01,7.305940721450101538e-01,5.494203350429273103e-01,7.976032056753081800e-01,9.348572488804969272e-01,4.253608941392996168e-01,4.130666212066121945e-01,6.347954581732070389e-01,7.613746828203620254e-01,4.167565351884187086e-01,7.798346959686596191e-01,3.071846561453946411e-01,6.967275240051343799e-01,6.014359772871880061e-01,4.213375638345488450e-01,7.211534510082613370e-01,6.766219529116772602e-01,8.189972279155879331e-01,1.415632388050570845e-01,2.262731912475549612e-01,7.923134432600088539e-01,6.549423754542572640e-01,3.363989393402394557e-01,4.721840501010989288e-01,3.646953117765425884e-02,2.154711080516218472e-02,4.113385815265512835e-01,6.455938201064795878e-01,4.409627705531179442e-01,2.586003350834609749e-01,6.719043518890459588e-01
6.303509221131802231e-01,7.378268212943858151e-01,7.670305565039814422e-01,4.501415898237930424e-01,7.823479079442388073e-01,2.543060870153441289e-01,5.893346776044730007e-01,6.853602922114810925e-01,7.087344732824242266e-01,3.069561341610001493e-01,8.822247583404965177e-01,0.000000000000000000e+00,4.253411308369096089e-01,6.754033249691383523e-01,4.490790918638832840e-01,7.369797807812878965e-01,7.485322062593243730e-01,2.638443758009753060e-01,4.777467659362242824e-01,7.482392360289299438e-01,9.489145485382609602e-01,3.862588942470853715e-01,2.293797175343317840e-01,7.146917384325225386e-01,7.971121311547136878e-01,6.899032363880398533e-01,2.921092945499503823e-01,6.029449408450529013e-01,3.465425263842198400e-01,3.710854190486707893e-02,5.385282705942568970e-01,9.930950175797419455e-01,7.671216134357592420e-01,8.625711523378943868e-01,-1.801625302704776277e-01,1.828697951329077698e-01,5.745997528984189140e-01,4.428423244494062994e-01,9.893979852414562792e-01,2.358728928815950754e-01,4.228174711778316663e-02,4.142733245601230574e-01,8.136133066886989118e-01,2.923208211612509655e-01,2.751109225700542615e-01,6.497465456533182415e-01,8.150284948898445236e-01,6.759826674485716058e-01,6.353974069421604309e-02,7.231297297584673434e-01,5.211401393372696589e-01,6.706529531523759413e-01,6.511240641537257012e-01,5.920355137881332386e-01,6.897762310181206891e-01,4.614679167806626792e-01,3.238035098832384717e-01,6.458223724756710915e-01,7.233939606988608606e-01,4.085233862994097631e-01,4.574867404802415161e-01,2.642845301096169441e-01,5.391831377553196747e-01,6.371923564245509652e-01,9.105461196505197918e-01,4.880283717350782369e-01,7.887817448753179361e-01,4.856624704032150297e-01,2.580446258053188391e-01,4.867527649616451013e-01,9.773262801836437585e-01,4.100307082092878308e-01,2.667835037882775318e-01,6.004247490441683675e-03,6.757576910446776441e-01,7.224972737678490020e-01,8.100684569787119926e-01,1.964745660607374877e-01,-9.338313908135868757e-02,-9.209242865641570353e-02,4.469540664238682570e-01,6.253525150125361920e-01,8.394879424791328315e-01,5.862563604018122820e-01,4.473432175408039724e-01
3.339255947120314261e-01,5.334527512551683337e-01,9.852017711916690734e-01,7.149395869096827338e-01,7.477928947347274313e-01,7.726172195977144552e-01,7.892255790445095176e-01,3.818394153624347642e-01,5.413847074448495666e-01,7.450956727189824713e-01,6.704366750353552007e-01,4.253411308369096089e-01,0.000000000000000000e+00,3.576746815790837059e-02,9.475783356208086206e-01,6.094463633655291535e-01,6.197649436825339864e-01,7.600969274480797733e-01,9.465905506015337423e-01,7.266308741285809614e-01,7.851721786664921376e-01,4.703224706593547300e-01,7.612041097619972607e-01,9.970237778693438191e-01,3.260906187239988041e-01,2.089870118164310897e-01,4.476540837212175106e-01,2.614441795725009898e-01,3.667876243636210010e-01,4.354301771223654249e-01,1.200242070427225000e-01,3.362733232531347483e-01,7.651738219455613832e-01,8.077165150838739871e-01,8.620667822082690446e-01,6.584550698145668068e-01,4.629653397508409762e-01,7.801834545741148652e-01,8.829001746432469933e-01,7.792753846549744789e-01,6.008135441887746397e-01,8.419272367864691908e-01,5.628422044715356565e-01,2.228550190289893540e-01,6.666497921317147135e-01,5.887887698244598234e-01,8.015370547769355980e-01,4.029767487982760521e-01,7.530754895450074704e-01,3.732510224144618416e-01,6.893251664133022150e-01,4.995543469591425811e-01,9.702713142500224430e-01,6.181676614022841854e-01,8.186190169721137000e-01,7.096735388671224776e-01,9.898302853751947961e-01,6.179433895061215987e-01,8.716909091008645527e-01,4.287007789179918538e-01,1.870517738765622717e-01,2.860576550772537807e-01,5.671698545915192513e-01,5.023700414249421264e-01,2.993986199842642026e-01,8.812605209653000260e-02,8.460502258908368933e-01,9.594973946134410792e-01,4.998271444636028793e-01,4.160874406105180556e-01,6.746309840859844309e-01,9.928871691776919306e-03,1.682356478479741790e-01,1.713322677885523171e-01,-1.399318196226773114e-02,6.868163124606001535e-01,6.601294714779255557e-01,6.045437688952990385e-01,7.878212975311904565e-01,5.323884805130637554e-01,1.618482212175288149e-01,7.657847988901080871e-01,8.254035693131482887e-01,4.276061028434942068e-01,8.532617571945242396e-01
4.975773175837486240e-01,8.453566610331025855e-01,9.525419071387832837e-01,6.604180691653892543e-01,2.616240335424506736e-01,7.243749337495934970e-01,7.380445720914207142e-01,9.128920260096273775e-01,4.860504612881272890e-01,9.667424531547594846e-01,6.228390228146660768e-01,6.754033249691383523e-01,3.576746815790837059e-02,0.000000000000000000e+00,4.493143525289997053e-01,8.903919449301359590e-01,9.642561884453646481e-01,8.617510298096757726e-01,2.647718593962182787e-01,7.310529441343099899e-01,5.249153517463256424e-01,1.001923762221318404e-01,9.978131233969498304e-01,8.253932486427910664e-01,7.208721484581350758e-01,5.812780280102607389e-01,9.812061909708468255e-01,5.871074644173226442e-01,3.953604120984698378e-01,4.256577628303801486e-01,2.106980026666521177e-01,5.406798573944581188e-01,5.873081384021403561e-01,2.297459455720607391e-01,9.861874927755739373e-01,5.002609114301446169e-01,3.119766481295803695e-01,7.298701575113635265e-01,7.468766110098740141e-01,5.876308731310966316e-01,6.680931130647311811e-01,7.686980556838989287e-01,6.731210913192068324e-01,7.576593507090945145e-02,9.249326102773161029e-01,9.488762704111922686e-01,8.117846347551594954e-01,6.076368844462454177e-01,6.175961339552055174e-01,4.514537623378970244e-01,7.927447766640211002e-01,9.211840411014666774e-01,6.028520965892469885e-01,6.031180622394879398e-01,5.741120779730671808e-01,8.315690078711465150e-01,2.997787892102176110e-01,4.614795750826882204e-01,6.209716704607777249e-01,2.153248750441863479e-01,2.390799179755423720e-01,6.768913989392073560e-01,7.323030282266698165e-01,5.920894709657553712e-01,6.606349158951702050e-01,6.613192119210806741e-01,9.313536929856759405e-01,9.042985836885010231e-01,6.334902274580503923e-01,8.342386747596554075e-01,6.132272717127090766e-01,5.258231045863598352e-01,1.736032952539270577e-02,-1.760105305075769233e-01,4.752104183435274520e-01,7.139300094715995693e-01,4.528332202145994856e-01,7.668378601145547924e-01,2.770236719521894653e-01,8.093145413921130904e-02,6.557045334537275894e-01,8.039778051124931713e-01,8.842316717022311590e-01,6.850295483288203480e-01,7.442878556804082280e-01
6.626238816446048396e-01,5.318207291017856830e-01,2.173714342297870805e-01,9.686123269671068625e-01,5.363889840302895617e-01,6.558338395004413846e-01,4.123679050478202823e-01,8.859688846315968425e-01,7.235655892524240906e-01,7.550275429606922994e-01,4.130707651586568718e-01,4.490790918638832840e-01,9.475783356208086206e-01,4.493143525289997053e-01,0.000000000000000000e+00,3.945524953880846786e-01,4.942420452459911351e-01,7.390429296254507063e-01,6.018931613628839550e-01,4.446971518043564275e-01,4.477862931140370040e-01,7.120757186626248680e-01,2.255268290387700270e-01,6.299627502964602055e-01,3.356807124788242502e-01,5.381897010483682742e-01,5.788131681209353063e-01,5.450586853121562880e-01,3.979971047869392264e-01,6.367176099950557777e-01,1.628404105056432127e-01,2.492726944896757335e-01,7.662056077242048735e-01,6.277047954327757973e-01,9.870926525743720648e-01,6.265179485471914500e-01,3.423091107080993289e-01,6.886148108222935882e-01,7.028415022494205466e-01,4.846177451941133807e-01,2.919033311218202642e-01,3.260328174820964486e-01,7.102642110335514181e-01,6.899887779349356265e-01,8.535909139056678807e-01,7.958695721826755110e-01,8.282144457626683387e-01,5.171875889448521724e-01,4.924516754351076497e-01,5.560642778458337876e-01,4.839117154448432379e-01,4.855275420785584162e-01,5.519015533041132793e-01,7.979665493525995856e-01,7.100818898049199301e-01,6.273991381504451237e-01,2.058527796789789976e-01,4.032758104657656606e-01,7.308203056424131816e-01,6.733056866949924668e-01,2.845926629881682102e-01,1.067862017320804074e-01,6.007858696555183897e-01,9.757810621835256715e-01,7.826456896573614763e-01,4.946191305968133944e-01,5.261306697165842872e-01,8.738180514859985593e-01,8.474222045049750740e-01,7.533465531708805063e-01,5.341526440453645552e-01,3.576225598730673472e-01,3.091367239636721997e-01,2.759695466906334493e-01,-8.602463455860653863e-02,5.030712238367690547e-01,9.126288480587581020e-01,6.785714807455750508e-01,3.244231558568648754e-01,3.891802144704012978e-01,7.170586143447098548e-01,4.851969782875706905e-01,3.974279305381340777e-01,2.160543056800621753e-01,9.545440065387447159e-01
4.438109604884270531e-01,7.523382269883397422e-01,7.341077442617314208e-01,6.868620697241041295e-01,-5.280833636413240217e-03,2.133993272661334761e-01,4.900460781241563479e-01,1.202912024092397392e-01,6.470220211318812309e-01,3.627319065753514815e-01,8.883608580109313424e-01,7.369797807812878965e-01,6.094463633655291535e-01,8.903919449301359590e-01,3.945524953880846786e-01,0.000000000000000000e+00,7.584174865641427621e-01,5.796895167328376397e-01,9.312109818655673887e-01,1.840405619699752582e-01,7.823273968516337717e-01,4.977780124892163260e-01,4.817397784802521787e-01,8.280238565857834798e-01,5.384770387807238379e-01,4.140612546799392057e-01,8.304065561120592687e-01,5.760365748659768137e-01,1.069993630570806459e-01,5.777383654224568232e-01,2.909529201688645372e-01,4.754236001172399972e-01,2.153085845661200648e-01,9.192859201301682992e-01,5.699657544643251805e-01,1.025310447823042648e-01,3.838691884856863523e-01,2.330908934184135473e-01,2.485322019953334904e-01,8.074786366762922718e-01,8.943267713567593091e-02,9.876575879638018751e-01,8.034355541737028261e-01,2.858461065548180136e-01,8.988164400029767798e-01,9.480993727395374826e-01,9.311956135678387536e-01,5.093936468532686002e-01,6.370469883806206823e-01,6.402513403670344605e-01,1.199949068228308713e-01,6.611645111526263108e-01,5.343628957109332056e-01,-1.078018483011920353e-01,4.379670753792472837e-01,2.338491183941802942e-01,6.357884092203462956e-01,6.778453388765700582e-01,6.437008811489097759e-01,5.785869165702978156e-01,5.918264891720844689e-01,4.168596281184057672e-01,8.955775170219518744e-01,2.856619982069172892e-01,6.463607696682869275e-01,9.895063761299129901e-01,1.850759513703651160e-01,7.130141961430424002e-01,3.571531059160273358e-01,7.391028756534954169e-01,7.214697015608976249e-01,5.455846721659017851e-01,-1.620604372276512883e-03,2.979543936811964722e-01,5.202571547438292754e-01,5.684553720347977901e-01,6.484282068227590345e-01,5.277962979234220864e-01,5.035651912318007684e-01,3.516643262048729790e-01,4.912798349917090190e-01,4.389622527228038695e-01,6.652693389267667623e-01,1.035977543518231681e-01,6.115610435174904103e-01
7.257307031647957096e-01,5.994807549202024743e-01,2.581078897037303865e-01,2.982293037182449091e-01,9.888502994760997034e-01,8.322520497482601698e-01,7.417823785474360054e-01,5.671338885113470507e-01,9.007017538799495515e-01,9.461087056093943071e-01,8.550949359022016472e-01,7.485322062593243730e-01,6.197649436825339864e-01,9.642561884453646481e-01,4.942420452459911351e-01,7.584174865641427621e-01,0.000000000000000000e+00,3.059059071981400368e-01,1.522810923622106571e-01,8.467959536607108095e-01,9.341730947870929835e-01,5.558785978300850861e-01,5.554886652668783453e-01,5.304486523461985348e-01,9.636139834848462815e-01,9.789460350309373560e-01,4.280493300616786678e-01,6.103642424472353056e-01,5.938417703350972188e-01,2.352615875714713645e-01,1.089403454695132140e-01,8.662479061086352239e-01,6.405173767721634714e-01,4.462108162316252291e-01,8.682532541025431705e-01,7.030767047500526834e-01,1.402601704801783034e-01,9.287083722183060441e-01,6.018172556932628314e-01,7.995038858602601106e-01,2.034457717076120775e-01,8.841610100824676133e-01,3.846428255486383785e-01,6.316159227419791966e-01,9.308548674695987790e-01,6.111771770373553014e-01,7.708554631063855300e-01,7.118772748533700456e-01,9.164460980873415652e-01,6.943249853898180168e-01,6.103362023221976518e-01,7.213546122992318121e-01,7.529122839476273255e-01,6.293434536433419879e-01,9.746977691751620432e-01,2.722785455212930472e-01,9.260201227816917680e-01,7.607733561919421961e-01,7.021566242789611945e-01,5.991456823031501289e-01,-7.167862351740347804e-02,8.499438129552898680e-01,7.730924263136798036e-01,7.575377046494877753e-01,9.953383377977524926e-01,3.702044845050559418e-01,7.139013361337110952e-01,6.663256356900639776e-01,3.729258140143643652e-01,8.215248509210439920e-01,2.962434566933469515e-01,5.145851309990459033e-01,3.568824290288257206e-01,6.217185964863700676e-01,6.281690768833850802e-01,5.105805343288655207e-01,7.812997849408309659e-01,6.722420124954719967e-01,3.829607509619536998e-01,2.097743609734003534e-01,5.269159674478094413e-01,6.042059291005332788e-01,8.218831628978351400e-01,8.431741540243811728e-02,6.026361860030546858e-01
7.501955212764799263e-01,5.591274533323642437e-01,5.661261361015444971e-01,7.788279302149700989e-01,5.003796523861245849e-01,7.905785568566985333e-01,1.045424279807471990e-03,8.822377127564748900e-01,7.312004278160375570e-01,3.126777812895085162e-01,7.535258579401464818e-01,2.638443758009753060e-01,7.600969274480797733e-01,8.617510298096757726e-01,7.390429296254507063e-01,5.796895167328376397e-01,3.059059071981400368e-01,0.000000000000000000e+00,3.477087407300512023e-01,7.010841674938275148e-01,9.257544476673247313e-01,4.354429911416427545e-01,9.967081235609847045e-01,6.404097968327044921e-01,8.386951653909330284e-01,2.102476028469561220e-01,5.476876094473692724e-01,5.006687100667718271e-01,3.219821371737268123e-01,5.101162562563598124e-01,-1.862835681878698135e-01,2.829277764116455152e-01,4.775826116994890125e-01,7.702801170744829617e-01,5.779495074881201289e-01,4.939262050823995942e-01,1.534668211676713107e-02,7.539544646833264974e-01,8.267222824749741461e-01,9.479350309408749453e-01,3.347248937006521152e-01,3.542797134555877303e-01,7.542773609105360988e-01,8.938042502468098727e-01,4.744932545561762471e-01,8.855644975566606680e-01,6.163014255296420663e-01,2.458642985123419278e-01,2.344319292707547908e-01,4.533093967994924478e-01,2.323182352884283208e-01,6.854895346904380515e-01,9.715816706080929732e-01,7.233407863677616678e-01,7.475015387414090107e-01,6.512096315818124426e-01,7.249383388773599224e-01,8.251419005631963621e-01,6.918084506350304919e-01,5.851131558479788497e-01,2.182677276757018503e-01,6.125211437866068254e-01,9.990655152299378061e-01,9.788313269752576540e-01,9.704851061432494541e-01,7.186988710359097920e-01,6.199758679966047570e-01,6.673701785120778052e-01,8.872885874830221953e-01,5.039491455524738317e-01,2.576105559962867386e-01,9.711359313506248148e-01,5.263389023898106256e-01,1.786361413012267640e-01,7.403451741181886758e-01,7.705037537489367594e-01,6.135820504893028104e-01,6.895788119733230470e-01,1.624516169043239699e-01,1.441844338535107628e-01,5.014973464259567804e-01,2.527603136557600161e-01,7.284402591390195525e-01,3.220727756377345652e-01,5.311310393858420520e-01
