0.000000000000000000e+00,6.839630931464318886e-01,9.970972801362119053e-01,3.864603173447037077e-01,7.448038274284334292e-01,6.117474385017458438e-01,6.906139083743715323e-01,6.506071784198996788e-01,4.369119876756218379e-01,7.309901357372745601e-01,6.124082657869339696e-01,7.195881923500767607e-01,7.213191524562212464e-01,7.444196521744601558e-01,3.644647311741913698e-01,8.184572483456875602e-01,4.648479369593271349e-01,9.441319354325369284e-01,6.281764769063680198e-01,7.688231114182960679e-01,9.874832806475560831e-01,6.851591690402321078e-01,7.622077275967141796e-01,9.408441513099357056e-01,4.869237763561689025e-01,7.102212562417697939e-01,8.893119331227035129e-01,7.407523327550343817e-01,2.115166250617260268e-01,3.964696170858752478e-01,7.476294151701912138e-02,4.818483329302669649e-01,9.551726700512590540e-01,3.278681516597875545e-01,7.349955760013231476e-01,4.558126395527351549e-01,2.496671940260655753e-01,3.474852959715767353e-01,5.319338686795633819e-01,9.925874847960409753e-01,2.280696110289559542e-02,7.784914776418820903e-01,2.147842136708341954e-01,6.606586632664902536e-01,9.976414422259388681e-01,6.716656342720875861e-01,4.371190860565927205e-01,6.482409281402283785e-01,8.793822811331402090e-01,7.350706395404136284e-01,6.025008023142617297e-01,3.823573270301331428e-01,9.721920621938999751e-01,5.445616127704087095e-01,4.184652294440413534e-01,5.596752432188022430e-01,4.109359313119187451e-01,5.933166906865526835e-01,4.413553007579490428e-01,3.848571780421903843e-01,2.987218587244044321e-01,8.359994690635426107e-01,8.437511469797902564e-01,5.711695435147814415e-01,7.612064620598884002e-01,7.698555692850045373e-01,3.460643885804562392e-01,8.817980887760419328e-01,9.486537641657014630e-01,9.948644239480657347e-01,8.867903221451971518e-01,7.380897252614502246e-01,7.997202785811616810e-01,5.422036340499213347e-01,7.849387899836813842e-01,6.139274554271664242e-01,9.098805750818746985e-01,5.350290205447253422e-01,3.830984090260466379e-01,2.491578874051657011e-01,6.788633004216074740e-01,9.539269952704463318e-01,8.937698148445470947e-01,5.334057119605947195e-01,6.288918237815497303e-01
6.839630931464318886e-01,0.000000000000000000e+00,8.458024686339444820e-01,4.797193228689217159e-01,9.041060407003944643e-01,2.389290283813662041e-01,6.626693683309096139e-01,4.818838306150426964e-01,6.265200629927460962e-01,8.779840020319304994e-01,5.888191374063140859e-01,5.628222926947239468e-01,6.400199612816594996e-01,2.756451241677491670e-01,2.443152864590534823e-01,8.293444037347917908e-01,7.923393639718687709e-01,5.877257555737078754e-01,1.963283762602032953e-02,6.937813097496402515e-01,9.982272965324689995e-01,4.789056389792427093e-01,2.776109515919391035e-01,8.818219444983762534e-01,3.502849323405493598e-01,2.525452439184291409e-01,1.292753995681012180e-01,8.908218228383286696e-01,4.471336240518634653e-01,4.659149644541584756e-01,-4.197170153418483540e-01,4.958000294476522241e-01,2.410360290374420900e-01,3.093790179666948692e-01,4.046728471578830977e-01,7.909792196664184871e-01,5.148321653020525579e-01,4.746206085146813941e-02,5.951931752340744453e-01,7.588504502957212905e-01,-1.366579252423616997e-01,5.790231128846947684e-01,8.217461060162553066e-01,7.564126362336319742e-01,4.369037326599288784e-01,8.884344873528784436e-01,5.058571050430996641e-01,6.219236594518194883e-01,5.612216471007787089e-01,4.378043291322711306e-01,9.475032580846260988e-01,9.889211996129622095e-01,6.735913483635229682e-01,5.083623931478096214e-01,6.015826105775451405e-01,6.111530870246800751e-01,4.936647029970934741e-01,3.584168858796388246e-01,7.196144437081187784e-01,7.801275629077748519e-01,7.128429921760638388e-01,4.177844506704506133e-01,1.190365216326660369e-01,8.838880868752391207e-01,3.689292964720883861e-01,3.808951916645288982e-01,8.471177159778491284e-01,8.811626368580319779e-01,7.377125160096733580e-01,7.241270014417422463e-01,7.641177796642985021e-01,9.048991965935160309e-01,7.237217942423593842e-01,3.504543498718236672e-01,3.626410952337291160e-01,6.309219830366558091e-01,2.145194369047691563e-01,9.323370902280601891e-02,7.193145121511514972e-01,5.127354259671679237e-01,6.365911980542795501e-01,9.729268977736752477e-01,8.457907827683246449e-01,3.729376571571471621e-01,2.694350180765192615e-01
9.970972801362119053e-01,8.458024686339444820e-01,0.000000000000000000e+00,8.648298325397599795e-01,9.455953425931944434e-01,8.100879034014846214e-01,8.832068804056261158e-01,4.339186466848570234e-01,9.564104871386485129e-01,6.800924214737912310e-01,9.073769190772246196e-01,6.177054734676785674e-01,5.601159351973478140e-01,3.069316884530847722e-01,5.166908179976628102e-01,6.286212433065814231e-01,8.409899889531786688e-01,8.913068982064719092e-01,5.205650126316244686e-01,6.523137790355436616e-01,5.521508456618362537e-01,9.217490217571803202e-01,9.553950190693571987e-01,4.412166559915562947e-01,8.560520247220029244e-01,7.042108911778677260e-01,1.621837082717741962e-01,7.598698962645825672e-01,9.593978284581808902e-01,5.009685001164312368e-01,3.516012505691908929e-01,7.831488352277381493e-01,5.600934258349238304e-01,3.364661407268710880e-01,9.418206384158193112e-01,4.338586912377822014e-01,4.715482433375137727e-01,7.205104406711313469e-01,9.060367079619362496e-01,2.826534683078715804e-01,7.040915555847767626e-01,6.265235046724308976e-01,5.064089654155919940e-01,9.024687268601407908e-01,5.012476005129401502e-01,4.219065927744243827e-01,7.373758171543389750e-01,8.030475636507203863e-01,6.241026204561088697e-01,3.792377210448842906e-01,5.598670563057812632e-01,7.392019151437725921e-02,8.930558469239499031e-01,7.903262101660479821e-01,6.193507476566355585e-01,6.615110572516782472e-01,6.183035620673180688e-01,9.177491548902138030e-01,9.849869162112068199e-01,6.709368499696671817e-01,5.172236585163427769e-01,5.239075314854967358e-01,9.166941078892576478e-01,4.591362261361091046e-01,8.293205215042072087e-01,1.102150369286724607e-01,8.915622407020261653e-01,7.550995184675280969e-01,8.961057754791288410e-01,4.878327983668842016e-01,7.642112908978275776e-01,7.727296730513664169e-01,2.804617810808829326e-01,7.930067472234754167e-01,5.615068835001343350e-01,6.129163587213162234e-01,7.689643617221935123e-01,5.965842181501832542e-01,-1.601477381142933365e-01,4.827495055369078747e-01,7.366901769055852478e-01,6.919800148225075942e-01,5.729941323136751308e-01,4.685675933635512491e-01,5.752291076089773858e-01
3.864603173447037077e-01,4.797193228689217159e-01,8.648298325397599795e-01,0.000000000000000000e+00,7.293455673325549560e-01,7.899032447193383710e-01,3.145404981966519742e-01,5.796250025310306642e-01,7.410134678188701196e-01,7.261889126152365481e-02,6.648059638220871204e-01,6.094241838498588582e-01,6.928470638428101402e-01,8.261831954682224977e-01,6.704730442036440641e-01,4.729534291653538225e-01,2.582907756297061486e-01,9.497894455961335414e-01,9.936186677700051817e-01,6.001059832131128147e-01,4.167590615898854600e-01,5.072723053861404319e-01,8.347425500298143453e-01,7.846613577045208343e-01,2.219457600778746431e-01,6.532013538886466408e-01,6.851158962214722870e-01,4.746018879072386731e-01,1.814334258724821236e-01,2.557072818400801806e-01,4.071016006699282319e-01,4.394845765096321299e-01,8.579490944446693801e-01,7.313015360270025411e-01,8.740573915164430163e-01,1.014279216623559521e-01,-7.903871670245811443e-02,8.633469569552646439e-01,7.349240708645776721e-01,6.885452503151996417e-01,5.033362805440978471e-01,7.331218736269200509e-01,8.492266448455821903e-01,4.749497783662223749e-01,8.574356986437877692e-01,6.953724025800285258e-01,6.534218550868073905e-01,8.288950120730551596e-01,7.744209751664514751e-01,4.123792528714345096e-01,9.829138167234778845e-01,7.890696762002626929e-01,7.220646740056785307e-01,5.011888025483921538e-01,6.874611367512195592e-01,8.912810167455045285e-01,5.554445124962585911e-01,8.721769242988104409e-01,8.585095621474949645e-01,7.168892789114620356e-01,4.497202017672245478e-01,5.103037913580869001e-01,4.211016416945928542e-01,6.540173230583125052e-01,5.059601890319689321e-01,9.251154170350373018e-01,7.613526980713347658e-01,8.663264923147617758e-01,6.562673265167270342e-01,7.195788389718434930e-01,8.232576712412006392e-01,7.830786877351856301e-01,5.530693278137148727e-01,4.464301660783579484e-01,5.519718346749166171e-01,4.187129913158020855e-01,8.126932673694367004e-01,4.658209923053567847e-01,4.010107072760244473e-01,4.388977225635145585e-01,4.579581953733345423e-01,6.662870682298631664e-01,9.750643595320869217e-01,6.789579197021868850e-01,2.652540259309051351e-01
7.448038274284334292e-01,9.041060407003944643e-01,9.455953425931944434e-01,7.293455673325549560e-01,0.000000000000000000e+00,5.021864928301115194e-01,7.307113999375276503e-01,4.950500713023108790e-01,5.159968590314756298e-01,7.317070532549333484e-01,1.223518300386173263e-01,5.654377996791370986e-01,5.515359745185173246e-01,6.494475907712680129e-01,4.573889257909621309e-01,6.216680490726257391e-01,6.311717320818182042e-01,4.128126005069006066e-01,5.122055930089621789e-01,7.649209357954709354e-01,7.758911811753042009e-01,4.022574680855874885e-01,7.199622199486058749e-01,9.641409881040010621e-01,5.818608079283217327e-01,1.398327537085961858e-01,5.875542572792320506e-01,6.051824115601323051e-01,2.220436404743590664e-01,3.165716858358494368e-01,4.030559386688481981e-03,4.887439905035910748e-01,7.765078094121808938e-01,7.722684539412881799e-01,7.188536197556619767e-01,5.168970784408017938e-01,6.793538177239873133e-02,7.472890512262397866e-01,6.036832816884378783e-01,8.785233452959996248e-01,5.888142627684357366e-01,4.306222057179975304e-01,8.328210404608252793e-01,2.117712332708228395e-01,9.015710205121414411e-01,9.511076584386605193e-01,6.119496416067029543e-01,7.149543646375061678e-01,2.406749437192206575e-01,6.318392868457376466e-01,1.555673416427258982e-01,4.663623579749091586e-01,4.792723515770627718e-01,9.832184968981003692e-01,9.370309992317549241e-01,7.285874369006406504e-01,6.774477904915856552e-01,6.544264065628870863e-01,9.772640810771314746e-01,5.765603655759373725e-01,7.694161051934736983e-01,7.380460320025946652e-01,6.416947233356304903e-01,8.340689605982785082e-01,7.453575406098611467e-01,3.568687972679356335e-01,7.088737785740688579e-01,4.554204178249988133e-01,1.811516842546197770e-01,4.706100564203615222e-01,7.359172729759841936e-01,5.983494652986416362e-01,5.574010930399443398e-01,4.970634009852646917e-01,6.057505363518764924e-02,7.968327367420567908e-01,6.723504776985904652e-01,5.336069735317602314e-01,2.351501055638160476e-01,5.316241002627133949e-02,4.722967242454766401e-01,7.679569485384343253e-01,9.773354412076696862e-01,6.608440809342667199e-01,8.907117209809728431e-01
6.117474385017458438e-01,2.389290283813662041e-01,8.100879034014846214e-01,7.899032447193383710e-01,5.021864928301115194e-01,0.000000000000000000e+00,5.869959940573507007e-01,3.797140279606278090e-01,4.468657378153583215e-01,7.618103398108332369e-01,4.558942780890934410e-01,6.664231459174024819e-01,4.234222892251277015e-01,9.770001769412978154e-01,7.730872280641959415e-01,5.012258740706155846e-01,6.419383590551624996e-01,4.712242547334044573e-01,6.510250387968948838e-01,7.530063826172924690e-01,9.311134583007434351e-01,7.555810964123279572e-01,5.110484661405239049e-01,8.014991712595672668e-01,2.524952751552003716e-01,5.108240369248218810e-03,6.327227127208495672e-01,7.323165995726000910e-01,-3.183646276157197641e-01,1.531985760812250852e-01,2.541500579940709770e-01,5.135111237510112669e-01,6.841105829194588095e-01,6.575017866151695589e-01,5.340695910916254396e-01,-1.402121310807968313e-01,5.056929556240880030e-01,6.883548876558472085e-02,4.303474074488407020e-01,9.901488693608104796e-01,4.434225457695903372e-01,4.299759601613599713e-01,8.431787292419886670e-01,3.258554388171543970e-01,6.155405524721010435e-01,8.317341474535931978e-01,3.459492014732996057e-01,8.830103545760480399e-01,7.575605011813806300e-01,4.398267180168458079e-01,5.373153362114492237e-01,6.028656816466742008e-01,7.712534254573187864e-01,3.847438088331972539e-01,7.809665646142243123e-01,7.649113318088930358e-01,3.882519758242689578e-01,7.978939111256735384e-01,9.416232171271307072e-01,2.367081955230729978e-02,2.099774102082414273e-01,5.172704542388130156e-01,7.372056356932652488e-01,7.207485943521607652e-01,6.686274646795706822e-01,6.448056601389107190e-01,9.660105568907891849e-01,6.147287047378698910e-01,5.056733673015285646e-01,5.930552449901005385e-01,9.722071914916294855e-01,4.563295978321363910e-01,3.070437766610993879e-01,3.630455234447678703e-01,1.933931415596432113e-01,6.161757133086911420e-01,3.771051569925568114e-01,9.509896329315434826e-01,6.544723929281484054e-01,3.445871127139651380e-01,6.706642439591651295e-01,7.280560535361899621e-01,7.056810472211341168e-01,1.838412435263223621e-01,7.002730507240340074e-01
6.906139083743715323e-01,6.626693683309096139e-01,8.832068804056261158e-01,3.145404981966519742e-01,7.307113999375276503e-01,5.869959940573507007e-01,0.000000000000000000e+00,3.531210308597745873e-01,7.237643362667480762e-01,6.082830703246610016e-01,5.225562725111403406e-01,5.936611860896897630e-01,5.284305321439277670e-01,1.264206045931453859e-01,6.854486848403190669e-01,8.072521806576109515e-01,7.413449681788668588e-01,4.962210422094889828e-01,1.300699629315921202e-01,6.023095858921763135e-01,8.162118475988252575e-01,4.551242091683797564e-01,6.472393047863876925e-01,5.356739858146157829e-01,5.314963022580952989e-01,7.267052019330171031e-02,6.105299185114461125e-01,6.056537437767808840e-02,4.721712691874992984e-01,2.350942046379474459e-01,1.214086788329426514e-01,4.062495101105554896e-01,9.364795438890879398e-01,7.642957205971439016e-01,2.270907587733873301e-01,4.170109272838565251e-01,2.956714947772931534e-02,5.097556738255243358e-01,9.602163771095033606e-01,4.825556562723081200e-01,-3.458189354226687273e-02,7.885870198529276731e-01,2.785337829329208592e-01,7.023079898833411994e-01,6.716724262331229545e-01,8.466497939138195594e-02,2.376163170824986404e-01,5.987726325020317208e-01,3.490758414234212403e-01,1.538162092737898889e-01,7.400736004310177751e-01,1.862065109683549435e-01,6.792355976966462094e-01,4.338726147926177390e-01,7.147404877068775919e-01,5.784774616611212394e-01,6.026697886242313729e-01,7.038579190404561370e-01,3.405184886879325523e-01,8.721233919761672837e-02,5.799686574218760882e-01,5.701332773390564990e-01,7.524331325049025132e-01,8.682444027070380654e-01,7.723643666867396895e-01,5.019061800978456001e-01,3.239036003870749414e-01,7.204289526781640918e-01,6.679695361498234618e-01,3.711560894473061589e-01,3.582394962294686014e-01,5.159549605264577288e-01,4.974371940306643314e-01,4.478586015810063770e-01,6.877986734903298593e-01,5.060375687680557233e-01,6.585359033580721055e-01,6.631968701564571189e-01,4.104226316927648416e-02,5.305664807772343394e-01,7.316883237575517729e-01,7.293089841975934906e-01,3.478607441528276389e-01,2.727088397531530761e-01,2.277885247677256808e-01
6.506071784198996788e-01,4.818838306150426964e-01,4.339186466848570234e-01,5.796250025310306642e-01,4.950500713023108790e-01,3.797140279606278090e-01,3.531210308597745873e-01,0.000000000000000000e+00,3.844255180252017512e-01,4.200157646610464535e-01,7.702365978527179191e-01,9.220690302693218543e-01,7.866352837386306751e-01,8.944256934369582135e-01,6.703411924012748768e-01,5.027853833353532753e-01,7.314917671031211377e-01,6.655988052939425526e-01,9.225329916570269573e-01,3.379079967704423648e-01,6.863116347635744852e-01,6.972796913310820299e-01,6.786013724916289958e-01,9.227441584797078100e-01,5.734386417289962790e-01,3.555578847082350169e-01,7.189029474788510843e-01,2.978243965326614062e-01,-8.290106058128862698e-02,5.987383537855989202e-01,4.285045059871019912e-01,5.469245268460309894e-01,6.083164025674632214e-01,5.614247586161215109e-01,5.987550430449615213e-01,8.305306461215567621e-03,4.352659388863470147e-01,5.889034355902825757e-01,6.260100041699048212e-01,2.196292309516610919e-01,2.015560911452996262e-01,4.210614967347366400e-01,3.527392294433385755e-01,5.229773572020970374e-01,7.313656438180902164e-01,6.623954838195785788e-01,6.524053733786280285e-01,6.929078531186123602e-01,7.180237114899166162e-01,2.117720873687353178e-01,2.791602997255331342e-01,6.815534278397841206e-01,6.620271458433418799e-01,6.469370697566160233e-01,5.627660949422406134e-01,7.837523033227654645e-01,7.277344287288765035e-01,4.521142263198260070e-01,8.731866606211895476e-01,1.151766760562909081e-02,3.931645737775136817e-01,5.676391186595663996e-01,6.658003737909784503e-01,6.061974202758686481e-01,2.806053334515103415e-01,6.472280785731491237e-01,6.814448026161987748e-01,4.824109374256726479e-01,4.161460248892929759e-01,7.875513157023632527e-01,4.963028449632664318e-01,4.468333333182095690e-01,2.712431687831242666e-01,2.230180539423836650e-01,6.965435682505022319e-01,6.884352222290162082e-01,7.840683447775167458e-01,6.570356876637806209e-01,2.823364694845512113e-01,4.278076968735670116e-01,4.936585571286810081e-01,8.705636783606984785e-01,4.746938704376356122e-01,4.093654754407587970e-01,4.681261828353080467e-01
4.369119876756218379e-01,6.265200629927460962e-01,9.564104871386485129e-01,7.410134678188701196e-01,5.159968590314756298e-01,4.468657378153583215e-01,7.237643362667480762e-01,3.844255180252017512e-01,0.000000000000000000e+00,7.089727586646668023e-01,7.705060131248375743e-01,6.333880839221143200e-01,6.112858480358128732e-01,7.854249118688011455e-01,5.561211484935791871e-01,3.482326294241156472e-01,-5.210311044713125672e-02,3.411403861260684511e-01,5.115403733000429831e-01,7.103348086242701198e-01,3.893707616069783106e-01,7.804948660545190098e-01,9.860381629207037868e-01,9.757916850740890879e-01,2.525293701201335450e-01,4.936293887972496020e-01,5.259030242728872651e-01,7.215637266097997271e-01,3.803581584017226014e-01,4.866302596555688309e-01,2.751747132817528585e-01,5.430678900990157931e-01,9.711902824627607345e-01,6.639649236462079607e-01,6.993129874853952765e-01,3.600991413992221668e-01,5.298496956908598232e-01,6.344891393653078193e-01,6.876363062138194371e-01,4.708767553528015459e-01,1.825522163333961334e-01,4.856222662236180376e-01,8.952306689264181161e-01,5.185683897842437995e-01,4.797330961553926132e-01,7.902744362521074706e-01,-8.424147717319030448e-03,7.099503524627462925e-01,5.743357607174847113e-01,3.720014760080391225e-01,3.203545027724696292e-01,2.502629933723963251e-01,5.937448844454189523e-01,6.762191780741059199e-01,8.281394501586899493e-01,5.529598168299658667e-01,5.119622757480373210e-01,3.211477262081111061e-01,7.200719073015309224e-01,6.390689100784195664e-02,3.177003003699914729e-01,7.873899679106177718e-01,6.702712853191244990e-01,5.427684381988365780e-01,6.098917841501280135e-01,6.158627515496716276e-01,4.275526313361313058e-01,4.094343658844919465e-01,4.159315765950074573e-01,7.841090218487084540e-01,-2.902654321441711094e-02,1.948883820787267740e-01,2.615752352112822865e-01,4.261157055590932274e-01,2.497563264704724673e-01,8.498999543124685641e-01,9.843396551147870488e-01,1.917719244586526262e-01,3.041606384719231504e-01,3.502317548607918329e-01,8.249472266629247486e-01,8.104546335969199378e-01,8.889520149098919521e-01,1.988551563819608292e-01,4.590283909267704465e-01
7.309901357372745601e-01,8.779840020319304994e-01,6.800924214737912310e-01,7.261889126152365481e-02,7.317070532549333484e-01,7.618103398108332369e-01,6.082830703246610016e-01,4.200157646610464535e-01,7.089727586646668023e-01,0.000000000000000000e+00,3.974818211246795574e-01,6.347589459238206500e-01,7.593750152813636412e-01,3.791768723674893149e-01,5.609450711963008818e-01,2.467683824674353210e-01,7.137134234195123828e-01,4.989664602889803957e-01,1.337483315399297934e-01,6.870145239913338919e-01,8.607994385927046910e-01,5.405206038297317717e-01,6.308190207741922739e-01,7.241266169170823552e-01,7.132233959773344179e-01,5.836503066570435383e-01,5.278458591585398763e-01,4.733164571787115138e-01,5.875606166802249675e-02,5.967773615351823491e-01,1.587578036700388329e-01,6.061723457107375257e-01,7.192725817401681709e-01,5.889173156428935130e-01,5.979787890534866701e-01,1.949319927741035019e-01,2.205245592240738239e-01,5.931810658227688604e-01,7.446264383657159591e-01,8.650337999066344263e-01,4.344172516394809724e-01,5.861792494272356491e-01,5.198856728591181309e-01,8.093612922968846934e-01,2.664205693688003751e-01,3.471093305729363587e-01,9.212297444164182503e-01,6.096482966389106251e-01,2.900343850634695131e-01,6.329416076363670873e-01,5.298078783190500740e-01,6.206080805673890310e-01,2.950071258889842007e-01,7.751648377269919621e-01,5.755232198323586568e-01,7.584712748789025349e-01,5.711889699238599238e-01,4.831175443679401327e-01,9.969028477880845784e-01,6.985366473138280297e-01,1.620732704655556411e-01,5.301730012311812734e-01,2.730230553775401803e-01,7.164406688709085147e-01,8.504774727869154338e-01,5.555648890198088274e-01,5.149332918711447826e-01,4.358306223511498878e-01,5.780662092927539852e-01,6.007286789705825747e-01,6.688022685932366596e-01,3.707223185572922075e-01,3.912093642502338930e-01,-1.698749046638893812e-01,2.133510461696384586e-01,6.507866458749415051e-01,8.666963274517784921e-01,3.797667822908456503e-01,2.207403286463944792e-01,5.620303153121868345e-01,5.905870356238442920e-01,9.593082172354227000e-01,6.466037859168677349e-01,7.118710091662004968e-01,3.137448703720124854e-01
6.124082657869339696e-01,5.888191374063140859e-01,9.073769190772246196e-01,6.648059638220871204e-01,1.223518300386173263e-01,4.558942780890934410e-01,5.225562725111403406e-01,7.702365978527179191e-01,7.705060131248375743e-01,3.974818211246795574e-01,0.000000000000000000e+00,5.205824266041019222e-01,4.913315002570171203e-02,8.635130038802961705e-01,5.473725226880405970e-01,8.775085351132265732e-01,9.720375234623117588e-01,6.785580528177227455e-01,7.342669108423580671e-01,6.634988340173536558e-01,4.162686217681496048e-01,4.990493385470518017e-01,8.880986816742013623e-01,7.079762774208537834e-01,6.727260396286653954e-01,5.525774260391574932e-01,7.202645113379527730e-01,8.635084062020146334e-01,3.289289832239665756e-01,4.931002292144520682e-01,5.926852797478620039e-01,3.248271724776679581e-01,5.561417666493143619e-01,5.744078922663388154e-01,6.721822956266030324e-01,4.306462964887524114e-01,3.657113994975065285e-01,5.665043424846811781e-01,7.945848777809098040e-01,4.361630062539083585e-01,4.156399426320653845e-01,4.375666268704637152e-01,9.204405094485116345e-01,5.687118146744259972e-01,8.194929892999955889e-01,5.847537675769055587e-01,6.357228546709048356e-01,4.393697683750408811e-01,2.208699301435706475e-01,7.669819611580676044e-01,6.062951947836341393e-01,7.350719802317288165e-01,2.057586211078425431e-01,4.778155790894894062e-01,7.608290371420779463e-01,9.164426861105888777e-01,4.957311326674285201e-01,7.211381629223563294e-01,-1.449262041654000299e-01,2.336451268578662588e-01,5.678799740520892314e-01,6.338308067327099726e-01,6.329976046969773007e-01,8.729046053855276099e-01,9.602000922153394180e-01,5.066242571974489683e-01,3.007895465601768126e-01,5.644423296844187643e-01,4.595235449105180559e-01,5.583339011665948703e-01,7.734183420497385830e-01,7.269038370731417675e-01,5.856652523119114662e-01,2.360857248316385326e-01,2.490354237578921159e-01,8.990960687885095615e-01,6.172885808209425118e-01,7.492004690601163919e-01,-7.992947178387858898e-02,-5.382631089170705763e-02,4.745088441744951813e-01,6.144517236777670144e-01,5.598700554487500147e-01,5.682748611361527757e-01,7.460322576324321941e-01
7.195881923500767607e-01,5.628222926947239468e-01,6.177054734676785674e-01,6.094241838498588582e-01,5.654377996791370986e-01,6.664231459174024819e-01,5.936611860896897630e-01,9.220690302693218543e-01,6.333880839221143200e-01,6.347589459238206500e-01,5.205824266041019222e-01,0.000000000000000000e+00,7.248087746155721378e-01,8.347220627532634385e-01,7.646259527340029116e-01,-1.077427152866481941e-01,8.769514001324055785e-01,6.780400191125890430e-01,7.145987531346685850e-01,6.739980047522845519e-01,8.494358957628269646e-01,3.162053971445060729e-01,5.785573864371790220e-01,7.295697397053924060e-01,5.986044877632017425e-01,7.456760816078654708e-01,9.307139163501760848e-01,5.678900211680566468e-01,2.993109930749405789e-01,2.042559398767440360e-01,-4.026454798319392681e-02,7.919959515288087504e-01,2.580418277087254131e-01,6.319801634230498566e-01,5.003383410142854260e-01,7.959301250770216551e-01,2.990276040918612432e-01,4.929353366295271544e-01,2.233171017287907123e-01,6.420893781373918641e-01,1.381756744742264897e-01,3.492364149657696260e-01,9.643050938745247880e-01,8.406651062897551041e-01,6.554025538706296228e-01,5.881332442682661865e-01,4.788796634964133658e-01,3.312096997131829257e-01,3.188098676778088336e-01,1.787518600165065585e-01,2.813477230521539418e-01,3.842062790925278026e-01,6.190581955752382237e-01,5.946733477330883311e-01,5.853819668268988030e-01,1.681131014199145346e-01,9.194553552275046560e-01,7.733356961166764076e-01,6.941649840041278496e-01,2.401649391213548645e-01,5.763518657291152314e-01,6.233921940844947551e-01,5.923329735751865499e-01,5.461182108867506102e-01,8.285609949979931832e-01,1.080493928488774485e-01,4.023885733199051851e-01,8.981745577866565577e-01,6.869292758900729101e-01,4.256949260551372571e-01,6.830927700858662188e-01,4.122576980205930886e-01,1.648241613739243050e-02,-3.106994533424960458e-01,4.379626471602156013e-01,9.973403298083405311e-01,7.678539102122365900e-01,9.014979096214167376e-01,4.775959132121945783e-01,6.934801854127428111e-01,8.818741001204232210e-01,8.004848126841991318e-01,6.592174758481871288e-01,4.915275419828494807e-01,5.119681052862928849e-01
7.213191524562212464e-01,6.400199612816594996e-01,5.601159351973478140e-01,6.928470638428101402e-01,5.515359745185173246e-01,4.234222892251277015e-01,5.284305321439277670e-01,7.866352837386306751e-01,6.112858480358128732e-01,7.593750152813636412e-01,4.913315002570171203e-02,7.248087746155721378e-01,0.000000000000000000e+00,8.825061992927434318e-01,8.347534405561609638e-01,5.569711088989176551e-01,6.401842947542301099e-01,4.830532274982239360e-01,5.790035088673955999e-01,8.970183105495179721e-01,5.244516337034537123e-01,4.484794891068571987e-01,5.133173142867307748e-01,6.451895285019711990e-01,7.615275756217346759e-01,8.143532085693738765e-01,9.346257258038985771e-01,7.466414218325256869e-01,4.723362965593232987e-01,2.389380486867597186e-01,4.007609590092196111e-02,5.768015772238612726e-01,6.171333289821149259e-01,2.158137895358843705e-01,3.853671818986598163e-01,4.285436382326611171e-01,2.511843852760994866e-01,5.931973532518970416e-01,9.060572936047529558e-01,3.412619998404259336e-01,3.410396251839957760e-01,8.903898003720192023e-01,4.209743257884944745e-01,6.703888563645286069e-01,7.920521226386647573e-01,9.136963970472298247e-01,9.131270554254946603e-01,9.094705738596845501e-01,5.302514706095954322e-01,9.936446921287878098e-01,1.234581566341104164e-01,1.335745454621747597e-01,7.696302607117285755e-01,5.594011723420468929e-01,6.795039897232927339e-01,5.966097692018368370e-01,4.815689750429456573e-01,9.222813453729330480e-01,9.889100755634631090e-01,2.375405499969047152e-01,5.895262102581236840e-01,4.598286016509519070e-01,7.775075614457455098e-01,6.959825947974527249e-01,8.142033061350726353e-01,8.571909737973275600e-01,5.191855657973669658e-01,6.914686382048763624e-01,5.615989989425802520e-01,7.485457800975923170e-01,3.060429120942602110e-01,5.907072747795043544e-01,2.556266008376887333e-01,2.811097373270446953e-01,2.680531446403316420e-01,9.219593031282317108e-01,8.709167499531038636e-01,3.396491596628274934e-01,7.137459842162642287e-01,2.020225425032265085e-02,5.760272520333349355e-01,9.617007329714193364e-01,7.985373699412547932e-01,3.890031213928398790e-01,7.820405701198754889e-01
7.444196521744601558e-01,2.756451241677491670e-01,3.069316884530847722e-01,8.261831954682224977e-01,6.494475907712680129e-01,9.770001769412978154e-01,1.264206045931453859e-01,8.944256934369582135e-01,7.854249118688011455e-01,3.791768723674893149e-01,8.635130038802961705e-01,8.347220627532634385e-01,8.825061992927434318e-01,0.000000000000000000e+00,3.687122800944255818e-01,6.793276143347174445e-01,7.892097999422582610e-01,7.087202176700844181e-01,8.520977022114556432e-02,8.514202708925207030e-01,3.626652206124350575e-01,6.456806615903948332e-01,3.783861269452639675e-01,3.026951732402793915e-01,6.990237572825523937e-01,5.268893161630119337e-01,6.929719492541271952e-01,7.653015081206928638e-01,3.364011705680903797e-01,5.996016287210266249e-01,5.926353221370586066e-01,7.404527600877488513e-01,8.280041135071440905e-01,9.078352010535354344e-01,8.293030954880490357e-01,4.935036223366074948e-01,-1.979523887524402004e-01,6.011422943974860100e-01,9.764580707612179333e-01,8.981033226774632894e-01,5.979870530627059422e-01,6.879306191447573937e-01,9.068082797396357364e-01,6.773798311638618008e-01,7.567319832223829978e-01,4.344302699918910493e-01,9.601684711289835139e-01,8.397178747054874215e-01,9.270002389824938405e-01,2.405815021544584487e-01,2.586457445418584022e-01,9.618496521982790037e-01,3.425229796860882470e-01,6.732777858266153492e-01,8.315123606448667770e-01,7.901732461886870063e-01,6.919419832906714696e-01,7.080447882274321092e-01,9.642711730989744767e-01,2.511626197876603017e-01,5.497116538882926839e-01,7.701904587749720532e-01,6.602998795530626852e-01,8.186155527154366229e-01,8.513640773681190321e-01,8.743528162865887854e-01,7.678316833282305964e-01,8.413579766687371286e-01,6.358398311474354747e-01,6.100141981951846537e-01,6.418288431723122578e-01,3.573353459901266738e-01,1.315290939838608952e-01,5.794851046619593771e-02,3.923446591555787011e-01,7.524666434152590400e-01,9.841658461296658444e-01,5.754118669998388169e-01,4.883668769962673517e-01,3.115356165741741123e-01,2.539840711591777600e-01,3.134407898410835891e-01,9.144664619188904719e-01,5.672812503339418333e-01,2.172606561562556993e-01
3.644647311741913698e-01,2.443152864590534823e-01,5.166908179976628102e-01,6.704730442036440641e-01,4.573889257909621309e-01,7.730872280641959415e-01,6.854486848403190669e-01,6.703411924012748768e-01,5.561211484935791871e-01,5.609450711963008818e-01,5.473725226880405970e-01,7.646259527340029116e-01,8.347534405561609638e-01,3.687122800944255818e-01,0.000000000000000000e+00,9.219767744001292620e-01,9.731192730038483729e-01,2.076963120612733138e-01,5.492171762511828259e-01,7.321371049603655479e-01,7.521738604273140449e-01,7.785742944543205812e-01,4.111889854907513908e-01,6.297900955036622728e-01,5.937961078112975466e-01,4.863359911120213042e-01,2.668885433188984413e-01,6.147563823162974783e-01,5.808350146692085048e-01,2.278711637458445405e-01,2.571988402383198480e-01,4.802517393455160155e-01,5.985766995255686895e-01,4.050762286635077869e-01,9.391384912909269689e-01,5.900676068316288436e-01,2.193836900933693324e-01,3.398475218094307859e-01,5.482523300761104057e-01,7.427191513286931501e-01,1.673543779920354593e-02,7.297986253479157304e-01,8.869472869034329410e-01,7.564925666869658505e-01,7.979908866777515319e-01,7.882312704421561289e-01,2.010997541495996854e-01,7.803806337438408125e-01,6.958953561878211680e-01,2.118817827996752334e-01,4.882945212545576341e-01,7.166658060850289447e-01,2.413871922923989943e-01,5.916772704438812980e-01,9.543421357624208845e-01,7.214998295795627126e-01,7.848727328448615870e-01,4.310046245103046347e-01,9.272779923220402232e-01,5.202752957821957791e-01,5.523715534096936830e-01,6.469005228855320144e-01,4.878527225557718339e-01,8.923597068342083993e-01,8.603737544806590032e-01,6.156500714020911591e-01,6.462792623378793566e-01,3.388877276309492093e-01,7.577629048970920822e-01,5.946668358685688327e-01,2.895519951150802296e-01,5.258899628770801193e-01,4.819224425240526966e-01,3.865334910180698302e-01,4.364730321284800429e-01,2.620201386139116295e-02,7.728420313766655170e-01,7.408583457185461407e-01,3.727995132233102860e-01,4.257455600369844939e-01,6.213270811871768329e-01,7.547946543082426629e-01,3.784160634142909596e-01,6.743190178903895049e-01,3.614037468117659579e-01
8.184572483456875602e-01,8.293444037347917908e-01,6.286212433065814231e-01,4.729534291653538225e-01,6.216680490726257391e-01,5.012258740706155846e-01,8.072521806576109515e-01,5.027853833353532753e-01,3.482326294241156472e-01,2.467683824674353210e-01,8.775085351132265732e-01,-1.077427152866481941e-01,5.569711088989176551e-01,6.793276143347174445e-01,9.219767744001292620e-01,0.000000000000000000e+00,7.408264703198708112e-01,4.845229708987194850e-01,8.067496769970228243e-01,2.353013317292321216e-01,8.933737662336290741e-01,5.689816058501577789e-01,6.201221413935649462e-02,8.257640122761802370e-01,3.757693559686773321e-01,9.819300336312268840e-01,8.962049718063576087e-01,6.661229481569667099e-01,4.245903984525726260e-01,3.984195495706243095e-01,4.864867377275401972e-01,4.183140160841474220e-01,8.400956898189988475e-01,7.341162768182207810e-01,2.469174571462420253e-01,3.407657772985805966e-01,8.281110400215610512e-02,6.569262396013104688e-01,4.648562161883732502e-01,4.441578040822692919e-01,3.756522978468476159e-01,6.466126453415387276e-01,5.742415948182569840e-01,2.688798549775193725e-01,7.269031435777283390e-01,9.581243517700073209e-01,9.664031247045805628e-01,7.348026067905926162e-01,5.855533787817019942e-01,5.900969017429685132e-02,9.321697866481721828e-01,9.997089789495234857e-01,3.588088598366926951e-01,6.062548229012091339e-01,6.431522742169977214e-01,5.992542578739108450e-01,8.436637048638644387e-01,9.853808742546997790e-01,8.321326649750474536e-01,5.992734173827329869e-01,6.113945278915948744e-01,4.472399655563318865e-01,7.520337186645070782e-01,7.629033818558045299e-01,8.157364470372057141e-01,9.096092726607256651e-01,7.594130729445691674e-01,6.544428504949115766e-01,4.856776613189366931e-01,8.698480444051798210e-01,8.515784564467804296e-01,7.117347084784706457e-01,5.918716981036915570e-01,7.403330437712157819e-01,4.740264378602253581e-01,1.945886530279202775e-01,8.529843546442290592e-01,1.935738132728539659e-02,2.708353570924167120e-02,1.005343499181159395e-01,3.706629553885752992e-01,7.480834152751888455e-01,6.811518932857409947e-01,3.364920192627101070e-01,8.251085625176360905e-01
4.648479369593271349e-01,7.923393639718687709e-01,8.409899889531786688e-01,2.582907756297061486e-01,6.311717320818182042e-01,6.419383590551624996e-01,7.413449681788668588e-01,7.314917671031211377e-01,-5.210311044713125672e-02,7.137134234195123828e-01,9.720375234623117588e-01,8.769514001324055785e-01,6.401842947542301099e-01,7.892097999422582610e-01,9.731192730038483729e-01,7.408264703198708112e-01,0.000000000000000000e+00,2.886595433077016604e-01,7.970630025621494585e-01,5.641427959405225234e-01,9.955018764652745489e-01,3.393367116486153412e-01,9.420359547966212777e-01,4.067853575593255444e-01,5.239646189202752380e-01,8.733543555008104198e-01,5.540539255727811030e-01,7.262560366187187366e-01,7.309588673440756690e-01,1.335515853054373703e-01,5.609478030067787113e-01,3.370325841008781076e-01,9.867748079951051965e-01,9.818579834438825316e-01,7.651265524418244812e-01,6.914681074110118342e-01,1.746205918226076403e-01,7.712683292774988875e-01,1.199670706617748245e-02,7.709762653819736133e-01,5.567106222335261867e-01,3.038049949617995793e-01,4.293543107751294774e-01,6.699167555421875475e-01,4.432993100372321638e-01,4.698783806893785941e-01,7.745032912935321256e-01,5.884808367327172274e-01,2.176574815048175071e-01,6.151274769772964168e-01,5.286026390001654640e-01,2.165194007641663698e-01,8.950575226976809073e-01,7.400481002182723866e-01,5.907768903142507355e-01,5.601841566744307777e-01,4.885578095286757794e-01,9.100071828222169312e-01,7.903653521544561078e-02,2.372673192026489297e-01,3.303248402090731006e-01,6.922369192636517177e-01,7.135451255374700708e-01,3.565633923349853518e-01,6.474339916215491320e-01,7.717616782097416195e-01,5.456692749475443582e-01,6.536385858262852011e-01,4.414690785903246234e-02,8.009555976373234909e-01,2.040091229812172613e-01,5.755170239096162321e-01,2.333437315383108113e-01,-6.032750814693524366e-02,7.398086402235446446e-01,4.200487908055862141e-01,8.398444087423015958e-01,6.645751694939060483e-01,3.243759172593272955e-01,5.738916882015498988e-01,4.566332649864818793e-01,7.715113007462781614e-01,6.510118770204664784e-01,3.658239600170006822e-01,6.697990952503267703e-01
9.441319354325369284e-01,5.877257555737078754e-01,8.913068982064719092e-01,9.497894455961335414e-01,4.128126005069006066e-01,4.712242547334044573e-01,4.962210422094889828e-01,6.655988052939425526e-01,3.411403861260684511e-01,4.989664602889803957e-01,6.785580528177227455e-01,6.780400191125890430e-01,4.830532274982239360e-01,7.087202176700844181e-01,2.076963120612733138e-01,4.845229708987194850e-01,2.886595433077016604e-01,0.000000000000000000e+00,6.742041297832154223e-01,7.676575792807953658e-01,7.554180619162415011e-01,6.806263915994151814e-01,4.903434907629976025e-01,5.615586292506185018e-01,7.929323522406059865e-01,5.015736577194886969e-01,7.395899513040595785e-01,3.068505819252466127e-01,7.770781561727090336e-01,4.729231571291212660e-02,2.822440005812230090e-01,4.143789283850609073e-01,6.722744252100290030e-01,3.164653766549679892e-01,5.787382239317766519e-01,7.502906644226061683e-01,1.854057035044545318e-02,7.704377080319954052e-01,8.878700970984354512e-01,7.135617433220430295e-01,5.791947980751528391e-01,7.490018608049349158e-01,6.806644458539227172e-01,4.682988630328945856e-01,5.471924090466677715e-01,5.712700149630995927e-01,8.904191465231399150e-01,2.516258960776226461e-01,2.187754200511891622e-01,7.985862049015738373e-01,6.938292962708790812e-01,7.617526283818019106e-01,9.701187609917373278e-01,8.463209751809127601e-01,9.153282983258823613e-01,5.833625189381932419e-01,7.378712072457359605e-01,7.724967268688036626e-01,3.800488934999117774e-01,2.556257823715515909e-01,3.462815643058665405e-01,5.428269196310049338e-01,7.469647889777469851e-01,6.947395820834271207e-01,6.529370416072877159e-01,5.774908826083070545e-01,7.445371539892685631e-01,8.347102546567254366e-01,3.535953901688957540e-02,6.267423121232472694e-01,5.298762146415259000e-01,5.145672610684473014e-01,2.475003600862021869e-01,2.974667658945951421e-01,6.662778354724657737e-01,4.807385819511659775e-01,7.311335277305824887e-01,7.397971296207985770e-01,6.025377694853222277e-01,5.723378246143873138e-01,5.844312557981676814e-01,6.997359974427762586e-01,2.075277125209352980e-01,4.677903604819175776e-01,9.282369980917437591e-01
