0.000000000000000000e+00,8.221313226749756842e-01,6.507919775998551870e-01,6.762762698766479064e-01,9.680207636162683205e-01,9.839621045817750211e-01,7.599527922041340311e-01,6.273853876213032477e-01,3.454191619204565189e-01,5.859160027597453135e-01,5.439016105871106177e-01,8.201287473795249028e-01,5.586446802715092641e-01,6.169867304443162892e-01,3.316285088213679622e-01,7.494663247920331228e-01,2.915483461992043890e-01,8.159848746466650260e-01,7.313828903813330840e-01,9.310698235092611519e-01,6.056955507556428531e-01,6.301590748584261492e-01,6.976189348005069624e-01,7.681198900033897603e-01,7.852974801440291142e-01,9.557517978502995115e-01,8.893479029385562562e-01,9.919849467371076868e-01,3.225072502477939196e-01,5.215863428169466021e-01,6.660756246844200257e-02,9.254765567591927145e-01,7.910771833052291369e-01,6.455720080574921527e-01,7.463552881376490644e-01,1.023758184224775880e-01,5.713412441285499188e-01,7.062665894199360306e-01,5.834609181887191465e-01,8.571094823655892592e-01,2.287299135796793392e-01,3.242246580003508294e-01,8.631061861914052225e-01,9.602010149496704727e-01,7.513103186440432957e-01,5.084728363031792986e-01,6.986471936634075508e-01,1.589603017408549798e-02,7.573392370399467666e-01,-1.487445192927178972e-01,8.424815950360374783e-01,7.452076672731862139e-01,9.098735826330091037e-01,6.368823018652508550e-01,6.115738537833633748e-01,8.636371732847009097e-01,9.151561163013887112e-01,9.513922741463534116e-01,6.228176138013548080e-01,1.748440657501108830e-01,4.499501057507861446e-01,8.902450598946877180e-01,7.701924915783626702e-01,3.054686596462401482e-01,8.407110168109998005e-01,5.408595133371350006e-01,9.295762254067883035e-01,9.278245047252844380e-01,7.599527365787219768e-01,3.770721745395240188e-01,9.306891930646060684e-01,9.473779282177856587e-01,2.074176663446725688e-01,3.371258223120101594e-01,6.553381758133781654e-01,9.486509809812531113e-01,8.154418937044496385e-01,7.155629776399484721e-01,5.090405226030367825e-01,2.638059547386153447e-01,4.174928054314072656e-01,6.681956239811908116e-01,4.629651437976848305e-01,-1.716497240507832145e-01,6.602081497197177518e-01
8.221313226749756842e-01,0.000000000000000000e+00,4.054558180256349065e-01,7.735797171637105452e-01,4.371635874070115557e-01,7.973518155851320177e-01,5.420254232352852419e-01,2.135605452698825235e-01,3.651740970115326945e-01,8.087172069870673941e-01,8.794506904867794850e-01,5.519020728502707085e-01,9.615023417203649725e-01,7.601231768166495373e-01,6.242290870160212002e-01,8.832938277148599804e-01,5.088212991110735439e-01,6.978346361455750602e-01,7.647270760014606150e-01,5.246483954223460922e-01,4.690115375506364037e-01,4.844417455707425990e-01,9.144506027512350199e-01,6.983935033157151473e-01,7.078350211590302976e-01,4.608959444739594291e-01,4.577471360635372855e-01,3.952767587474833033e-01,4.549893961754052918e-01,4.001994419778871492e-01,6.406719820360294859e-01,3.983006831243657841e-01,1.501810775457934066e-01,9.798377257697468146e-01,2.096552277156395194e-01,-1.096672665724243712e-01,2.990609898697519919e-01,4.771872233992405232e-01,8.732627942598587545e-01,9.772464622397760703e-01,5.736568882360869592e-01,1.402545472085052480e-01,6.217409118201712159e-01,4.918497514361902523e-01,8.788432687329443826e-01,8.328194771956158871e-01,7.475517476111800397e-01,5.450533053322001997e-01,6.908606622773262318e-01,8.670201884210930743e-01,5.734979755741115293e-01,4.802792921493679867e-01,4.772184044398243841e-01,6.408544617956111189e-01,4.683706054382988926e-01,6.096386122874450919e-01,5.932944094624801323e-01,-1.802386823206090782e-01,7.347334888577099488e-01,4.186776844894397609e-01,2.639379159142644093e-01,5.059449920658807276e-01,-2.897791145861366990e-02,7.729426755257017279e-01,6.163228685238577587e-01,6.848430268536661591e-01,6.526752886607236626e-01,9.471527821087689647e-01,6.047721680710107517e-01,8.578644695842139178e-01,7.810052972929348858e-01,8.902945109537304669e-01,2.857067167112628536e-01,3.266198989554638388e-01,2.135119535163885751e-01,8.630477348856155917e-01,4.475586827373959076e-01,8.352959915901903010e-01,4.943531737291859129e-01,-2.169016648256449908e-02,2.203960919312802080e-01,8.934202433218844108e-01,5.854894852722316578e-01,1.625243353558834536e-01,3.289220238755785619e-01
6.507919775998551870e-01,4.054558180256349065e-01,0.000000000000000000e+00,9.850735838312016934e-01,2.666499318605163871e-01,3.717167643313573633e-01,2.637881139304766864e-01,3.975012028611090154e-01,5.458130000104514101e-01,8.426723519725536349e-01,9.275672722121959257e-01,9.474351181659360632e-01,9.239335505965522444e-01,8.625621420463812639e-01,6.068187814465996199e-01,9.052727518460242928e-01,8.476377663652759908e-01,9.758137833237081615e-01,2.538779048818905482e-01,9.528723503513960580e-01,5.793913451507651802e-01,6.847988834830736060e-01,5.555271266722862089e-01,3.151947335014574914e-01,4.548809400986704166e-01,3.275563134354916306e-01,2.833531571464431575e-01,6.156937129309464352e-01,5.420458019304995601e-01,4.368055574966759336e-01,6.690927074761703064e-02,6.752977879207809897e-01,7.597239081241529135e-01,4.256281288766781135e-01,6.669000941353256939e-01,4.833921883687917198e-01,2.665427435117941335e-01,6.470987561213394912e-01,7.872172491115377868e-01,6.201882416284625332e-01,2.282646645357022663e-01,6.958649882143476129e-01,9.989282859821592142e-01,4.275979928340066238e-01,7.928724387817411845e-01,8.418243742382536254e-01,8.669909394997571406e-01,5.712114562915238114e-01,8.577035361226771348e-01,9.196214474458633825e-01,8.913536734712035337e-01,7.912415923884523750e-01,4.984177617061837373e-01,7.886585652359476839e-01,2.642801517113704257e-01,6.720157261587835773e-01,4.686001599053127298e-01,6.196039997608185912e-01,2.491856481911016441e-01,-9.103756912659770328e-02,5.158899044842161219e-01,7.440167368552762506e-01,7.255682799924214610e-01,9.664518846180262246e-01,8.692157583531372467e-01,8.700025091536489619e-01,8.186860672546141249e-01,9.641197569706030368e-01,9.824642225746925694e-01,7.285995758437264769e-01,8.358657223525689517e-02,7.887654399638990288e-01,3.525856483396874741e-01,2.204133145552758799e-01,8.158444167312474127e-01,2.403060419776628376e-01,8.830279392158739693e-01,6.717076628436700059e-01,4.818239731951221572e-01,4.185764820548619203e-01,7.510253381478494417e-01,8.054063165845768424e-01,4.291715485433182375e-01,9.126636459940399293e-01,6.150502526199682629e-01
6.762762698766479064e-01,7.735797171637105452e-01,9.850735838312016934e-01,0.000000000000000000e+00,5.127470100708743095e-01,8.828743074994619411e-01,7.461986165867546816e-01,5.537175043725562906e-01,4.862750917411233220e-01,9.426678172143462264e-01,4.173524153064837594e-01,4.827643766457528351e-01,7.055860081302705034e-01,7.587247294616483728e-01,5.638819478086943837e-01,5.658087466596363191e-01,6.712283924625329634e-01,6.549018709282800055e-01,6.385142818331074333e-01,4.473322142373328258e-01,8.508398028748376252e-01,9.284302373319968105e-01,6.720676531647166163e-01,9.327600501933623889e-01,-4.906807285023292997e-02,7.173424989729726420e-01,5.008971466087784874e-01,5.433936895771110942e-01,4.845580672071104211e-01,3.652539962890896108e-01,2.011482709734433993e-01,5.093533061195015810e-01,4.464992597297803845e-01,4.482781225801357738e-01,7.993533137172260661e-01,2.896934592984475310e-01,6.945757127775603612e-01,7.700390912904984120e-01,6.357143051544402734e-01,9.899921523254970879e-01,9.911404397835914537e-01,1.538373377404413378e-01,6.957992402928033782e-01,7.745731402938450527e-01,5.358781873992896072e-01,9.110057312648974781e-01,5.157116317289507368e-01,6.890327103537108311e-01,5.345264780583802722e-02,5.349940233038694704e-01,3.867372841411489404e-01,3.106100467272106536e-01,7.582721765758585475e-01,5.154324436731512193e-01,5.074451635453380849e-01,4.237678166806579383e-01,3.155935447352461454e-01,7.822210226996234583e-01,9.321592236254603314e-01,1.057382076103326463e-01,6.847157029912913639e-01,6.860645430172538362e-01,1.684608787768467342e-01,8.381647391740572051e-01,5.232173977470672144e-01,7.303368448929558054e-01,7.524834236472953686e-01,7.984657542312878498e-01,3.235949370040933637e-01,7.286429377152802145e-01,2.402990762777028333e-01,9.963425284799518611e-01,1.685785019583807640e-03,4.908302159532639264e-01,4.038494503976432504e-01,7.033894622975086497e-01,8.065119293729886563e-01,7.547861011481803439e-01,5.915275595235063300e-01,9.781126637211581820e-02,7.800584360701081632e-01,8.180581902343569967e-01,7.841778188436395736e-01,3.106441165798170534e-01,9.075634964124019710e-01
9.680207636162683205e-01,4.371635874070115557e-01,2.666499318605163871e-01,5.127470100708743095e-01,0.000000000000000000e+00,7.558207605648833427e-01,6.145571389575764654e-01,8.901895955095552315e-01,4.181742942161028043e-01,4.106639653370735554e-01,7.997454897012945541e-01,7.056990422392287465e-01,3.272024682677905361e-01,8.443962212999284178e-01,5.626686070546234042e-01,9.871979389557924423e-01,5.953133699182189265e-01,6.814817661215288869e-01,6.629237813603886531e-01,4.410791170714454257e-01,9.341879616037391809e-01,9.236306469977668687e-01,9.315652998019789965e-01,4.674770046707744098e-01,5.893356688305977364e-01,9.328931537136269103e-01,7.309479113189905064e-01,4.598380077558838486e-01,4.571191580247621622e-01,8.461216083902446325e-03,3.748540891941452013e-01,7.437659868557544574e-01,8.769508830638075292e-01,8.075927712183637031e-01,5.406988632100165892e-01,7.489105211432791620e-01,2.421977383696028441e-01,1.126115514389064431e-01,6.223260703966805307e-01,6.956063828388266979e-01,2.702800476095418847e-01,9.004679393916807939e-01,8.439264297369428736e-01,4.910111756409739625e-01,9.950114958937428256e-01,8.124625652205168524e-01,9.912287390741565396e-01,6.988587953934908281e-01,7.332393429116312866e-01,7.369374941118840283e-01,5.969726341312384665e-01,4.535709720573644077e-01,9.653026311721490949e-01,6.847963617580606899e-01,5.231349558142333045e-01,8.572039793964559840e-01,4.020192572343783688e-01,3.313334674973943406e-01,8.029634605662757663e-01,4.833085098006107971e-01,7.782506729588476446e-01,5.411657914609045994e-01,5.118743393424602939e-01,6.152265578878676200e-01,4.267568051573061294e-01,5.776321683503325005e-02,4.564724314484985834e-01,5.200609877867808928e-01,3.874554222207007292e-01,4.431383601589212740e-01,6.723103838993015335e-01,6.926788683852328488e-01,6.488829808174819691e-01,2.244419002535068264e-01,3.126938000672047080e-01,7.384877354811274497e-01,9.074977699509046980e-01,4.616896644291710872e-01,3.214110439482926185e-01,1.402768801118888242e-01,2.419647836506182426e-01,6.780633298606038029e-01,5.645762184570958242e-01,4.626228589679856062e-01,6.510209402813050827e-01
9.839621045817750211e-01,7.973518155851320177e-01,3.717167643313573633e-01,8.828743074994619411e-01,7.558207605648833427e-01,0.000000000000000000e+00,2.446859230650670070e-01,4.185654647488106228e-01,4.818084776413746328e-01,7.679503979056554464e-01,3.774029021083090685e-01,6.049542669088127100e-01,8.936619929650474470e-01,6.049033708428962486e-01,7.393243582379529499e-01,8.665060910307342823e-01,3.585138342308548109e-01,8.495957979965924611e-01,6.902372940954193403e-01,6.968346632469701873e-01,5.759329461809610251e-01,7.262469325697328282e-01,7.705443811563080780e-01,6.468900176693163084e-01,5.342805368759836471e-01,5.869856055557206576e-01,7.759902366461235435e-01,7.350102028233516105e-01,6.195969844522597469e-01,5.919246591849357531e-01,4.852648488733681820e-01,4.800872588448361622e-01,5.716929266918822083e-01,7.739614607836249327e-01,3.479712339394035459e-01,2.926851831955326610e-01,-2.721983924844791347e-01,3.642573888254146408e-01,9.512271001090788491e-01,9.514793342593952374e-01,5.430392535247348107e-01,6.394027137061162325e-01,7.272394021186711077e-01,7.397236395028459199e-01,8.556225739314318179e-01,8.839883090097025997e-01,5.567846375500311584e-01,6.829175786148564686e-01,6.454897123366734046e-01,6.290127463801421515e-01,5.978858176774974886e-01,4.559994948069513443e-01,4.540959206305833495e-01,5.571397079842321798e-01,9.736430408368961231e-01,6.732100434996421967e-01,4.619006517266209810e-01,2.674149147715654262e-01,6.197559158558150205e-01,2.316938706795773906e-01,6.311785893275668746e-01,5.946773591603176090e-01,5.776747214928974472e-01,6.239869461049359911e-01,5.084159194688113725e-01,7.039744685246115408e-01,6.095009801656039450e-01,8.801809085258196497e-01,5.634979926055785349e-01,6.064132723067802155e-01,6.559691776361455950e-01,7.902715260220849469e-01,6.943868852993978491e-01,5.742300435657687885e-01,5.518749795512161160e-01,1.799191731257561433e-01,4.173528433136414750e-01,7.702541924103682991e-01,7.691309127429597492e-01,5.014118093280062194e-02,4.814762368244526747e-01,7.065163671064104145e-01,6.491716035338439550e-01,6.093103736485263600e-01,7.219995847941929057e-01
7.599527922041340311e-01,5.420254232352852419e-01,2.637881139304766864e-01,7.461986165867546816e-01,6.145571389575764654e-01,2.446859230650670070e-01,0.000000000000000000e+00,4.148032013514978411e-01,7.540952732517338664e-01,6.043490243785517579e-01,4.797256965591174538e-01,7.178708130863458159e-01,4.278018339756619604e-01,2.345779467065717827e-01,4.787734641914126454e-01,7.312360896381081554e-01,7.918272549772704672e-01,2.245369172508621114e-01,6.686171522852148996e-01,9.118181152712002691e-01,8.913010498803991544e-01,7.901099008822736192e-01,6.525025081704753926e-01,6.732909764417630560e-01,5.907315086043427588e-01,4.641890096796611465e-01,7.157595754496542950e-01,5.593310418854432475e-01,5.258210780335459585e-03,1.602216524834600142e-01,4.865092711525983438e-01,6.638084515584261602e-01,6.336809173234915216e-01,8.934176895244579086e-02,5.622385490600658731e-01,7.237778424868883675e-01,5.447046740885065352e-01,6.359069520695093125e-01,7.181955299448776753e-01,3.399979980224226983e-01,2.573424244757030466e-01,3.971985478200477093e-01,7.075293190207252447e-01,4.321991746797730904e-01,6.936089702355967557e-01,6.324599799967000058e-01,7.514882657388253229e-01,2.387699564177867273e-01,-2.285710521218895508e-01,4.423316763973908494e-01,4.157362476881128199e-02,2.492662712608990361e-01,4.696729280939465623e-01,4.111576115675430465e-01,6.657147161438522476e-01,5.433527231957367976e-01,4.556241984028623349e-01,1.087315874968129981e-01,2.004054267997014138e-01,7.516357830346034330e-01,5.776470342460806595e-01,7.145360497151811430e-01,7.017709612615297132e-01,6.337936032521902519e-01,7.917293678608936514e-01,4.943853393457148249e-01,5.690923453965401890e-01,7.973338994476325547e-01,6.375252695210216203e-01,4.622925322339109799e-01,5.347295206205865403e-01,5.028173894030805169e-01,4.743124244313414173e-01,7.302580009750980761e-01,4.859137157981198163e-01,1.447629517170203328e-01,6.089469584441348227e-01,1.665898048183039604e-01,2.851757377373704827e-01,6.995532568969393683e-01,3.915131511641235518e-01,6.632147494076928718e-01,1.509657731699518279e-01,3.701450925831866190e-01,6.842819400656172668e-01
6.273853876213032477e-01,2.135605452698825235e-01,3.975012028611090154e-01,5.537175043725562906e-01,8.901895955095552315e-01,4.185654647488106228e-01,4.148032013514978411e-01,0.000000000000000000e+00,-7.081765173950094194e-03,6.315887211935761192e-01,6.282279842852054319e-01,3.666085862542551310e-01,6.387009139711741224e-01,7.549771338848098035e-01,4.459855027045451226e-01,8.052142493880151131e-01,3.278819633599143191e-01,3.812468781589268829e-01,7.963670538912432928e-01,1.691676152365142460e-01,6.869326692787387501e-01,2.560970860919074138e-02,6.312462659334887594e-01,6.376994253940510005e-01,5.555812340715770015e-01,9.603381121812131216e-01,3.475523269001462578e-01,6.466308844738355432e-01,5.419451111390245490e-01,4.033212489163300885e-01,1.896023715817383992e-01,5.184559549669579548e-01,6.977383884761526600e-01,4.823362136489020013e-01,3.582247789362346113e-01,6.347659581951545782e-01,4.658766084723054979e-01,2.510941826523144238e-01,3.889177888091944757e-01,7.004972110517270201e-01,4.902135658606147084e-01,4.679386383871370625e-01,6.282371107663141663e-01,6.847478452354033296e-01,5.944338277852033725e-01,4.796234789416422561e-01,5.474168494537871021e-01,8.589402241484388467e-01,3.089221693027000004e-01,5.788558051203482879e-01,8.937048122951372076e-01,4.863525826416035258e-01,5.303322999220108080e-01,8.595425347423031326e-01,6.654087983253339500e-01,5.344901320868332695e-01,7.206354399205837646e-01,4.537791802538111985e-01,3.052738456191551042e-01,3.562745042254734096e-01,6.580330837423794543e-01,4.401897494999548743e-01,4.650874669401481309e-01,7.819773089275983136e-01,6.635603025174849900e-01,4.884686777301419092e-01,7.133305621661792939e-01,2.741057041339048927e-01,5.640912554430336234e-01,6.127835515115913623e-01,8.587552201801852414e-01,4.770506819725133241e-01,6.992566357379184083e-01,5.254428081651330018e-01,2.135476526516791873e-01,4.809106007997462351e-01,4.995378280363431123e-01,4.275500330107129265e-01,3.803679697185804454e-01,5.917917041977507342e-01,2.523992139770785958e-01,9.022131896736654832e-01,8.337937362294407517e-01,4.278171202092594938e-01,5.735420878689985180e-01
3.454191619204565189e-01,3.651740970115326945e-01,5.458130000104514101e-01,4.862750917411233220e-01,4.181742942161028043e-01,4.818084776413746328e-01,7.540952732517338664e-01,-7.081765173950094194e-03,0.000000000000000000e+00,6.454730562948595152e-01,5.474969876668830393e-01,5.021854969229058163e-01,7.270531174550508569e-01,5.752088925505532968e-01,4.774356612904174235e-01,4.237074087508382325e-01,8.381515494604500072e-01,4.520463640883235490e-01,9.207650038003284410e-02,4.673741840132907832e-01,2.327788636231894748e-01,4.248951720052546177e-01,6.924655287781443791e-01,5.964048952581528784e-01,5.217696196286838450e-01,3.542931807828326174e-01,7.749168331754998640e-01,6.488990713388296250e-01,3.067825612021930770e-02,6.805994197515652377e-02,5.197767017197254535e-01,8.573733666933525122e-02,4.410099408575320901e-01,5.026120595661509594e-01,2.089496016632591824e-01,5.456099319650773438e-01,5.122315565975532614e-01,5.536399447700152132e-01,9.437116627297934546e-01,6.463763664283483923e-01,9.776580160178067747e-01,4.445688762817194273e-01,9.470901099678804558e-01,6.368908133399858729e-01,8.025723900719441417e-01,5.365515255743178447e-01,7.620902923253342065e-01,3.147221689054741089e-01,4.133467440290080064e-01,7.619907135983376989e-01,7.303054146866134744e-01,5.405800724185224615e-01,9.474267663429913888e-01,5.782874389832540762e-01,5.692034340485133681e-01,7.869644890537792481e-01,7.301282287701997831e-01,7.246928241086149081e-01,7.227016327401455387e-01,3.589659217251133239e-01,3.339812051478374677e-03,5.145759261080944391e-01,7.791376974611425865e-01,7.188239666288321894e-01,8.124564483628248235e-01,6.858598427628543881e-01,7.097361017683665452e-01,9.969880474717691676e-01,5.227581824179936554e-01,9.876078231189069356e-01,7.468614203394041695e-01,2.720606009165730810e-01,7.387128845969146429e-01,5.746249696150687591e-02,5.180950338952818868e-01,6.868807884925633989e-01,4.606787452007475858e-01,4.103912924441708854e-01,3.880001814800346227e-01,3.476093407855331829e-01,7.000711075978165443e-01,4.661516404034488636e-01,5.142465554803137273e-01,3.325356694681135261e-01,5.572500496606989095e-01
5.859160027597453135e-01,8.087172069870673941e-01,8.426723519725536349e-01,9.426678172143462264e-01,4.106639653370735554e-01,7.679503979056554464e-01,6.043490243785517579e-01,6.315887211935761192e-01,6.454730562948595152e-01,0.000000000000000000e+00,9.163318757552618710e-01,6.182792744255488637e-01,8.590277022656600536e-01,6.329549566797243454e-01,6.173267119715024620e-01,6.690252405411644121e-01,8.674026163138688350e-01,3.243572325545784896e-01,4.621988646157311198e-01,2.575935243232569949e-01,9.788915874107878556e-01,-1.779907029815251396e-01,5.197584324406903100e-01,3.234593976205617505e-01,3.081874047816231532e-01,5.494187912988612865e-01,6.225342130267664809e-01,9.398032965885214640e-01,5.026243954707098061e-01,3.601919194245689071e-01,4.873717093445891768e-01,6.350909022911421786e-01,8.477498238937470898e-01,5.884175352304175100e-01,7.756394447050745100e-01,6.843020154365438978e-01,3.402195452555587529e-01,1.400785913062314696e-02,9.855436650335336335e-01,5.684336655576964770e-01,7.722472555427725149e-01,8.707186330285096032e-01,9.976841978098553998e-01,6.253533874834669160e-01,7.149995290893459421e-01,7.221606017339092798e-01,7.308278940259074208e-01,1.845843420222672560e-01,2.605948803045548545e-01,6.423618431373266935e-01,9.977835056310672135e-01,6.214382128144514406e-01,3.847175405513467150e-01,1.145755441537663483e-01,5.285340540256369124e-01,6.702534696959717708e-01,7.100342405153322600e-01,6.757281991492880557e-01,4.285519883196381441e-01,5.877743896591141048e-01,5.192847969056774149e-01,4.749766895805385136e-01,7.740451156622432105e-01,5.902433466643330906e-01,7.273904033419064108e-01,6.443092668696368541e-01,2.289779234626141552e-02,5.716620385196727883e-01,6.687039611454166366e-01,3.005673032198050709e-01,8.709796810515255672e-01,4.263443370188129689e-01,4.779933436304439898e-01,8.152395258066028050e-02,4.464918360722884283e-01,7.242216668805347979e-01,5.687996151179305349e-01,4.695370329151658528e-01,3.943043240841551667e-01,1.888541923626562424e-01,4.016329425720212010e-01,8.673479299161285239e-01,5.225469373642255277e-01,5.962688196527071716e-01,6.195798410509537613e-01
5.439016105871106177e-01,8.794506904867794850e-01,9.275672722121959257e-01,4.173524153064837594e-01,7.997454897012945541e-01,3.774029021083090685e-01,4.797256965591174538e-01,6.282279842852054319e-01,5.474969876668830393e-01,9.163318757552618710e-01,0.000000000000000000e+00,8.135523888057294428e-01,6.898546740766633434e-01,8.292557766457085977e-01,7.812625979361333961e-01,8.485808382124289118e-01,7.324446842137519731e-01,7.604653903170821572e-01,5.932818468411843460e-01,5.702446130942511182e-01,8.768703239890944801e-01,2.818461529387931708e-01,2.086016721380294994e-02,6.272532396909454855e-01,3.304464352426542684e-01,4.675112958270622454e-01,7.243252168422206205e-01,7.287130960615848529e-01,7.983956164677472600e-01,5.003239094941009935e-01,2.591470297354822039e-01,7.965195532272074663e-01,6.134362654164988715e-01,8.446412048467675238e-01,7.250001553704225055e-01,1.043327348375316099e-01,3.396306857180314553e-01,7.410085116022118168e-01,6.469660619526880208e-01,9.347191743134268815e-01,2.622464000322295985e-01,8.355399667481964165e-01,9.887470917273857296e-01,9.523560545871172511e-01,2.049137428694620400e-01,2.811013111100832962e-01,9.951202173946254170e-01,7.871714496217344648e-01,1.539285347940617665e-01,2.001334753285741175e-01,5.922565387033249529e-01,7.740861590431624695e-01,6.731857716760528687e-01,3.192860848809052077e-01,6.355969975954085527e-01,5.839683437148135425e-01,7.674083454343955113e-01,3.571379410107793917e-01,8.543239778281112029e-01,4.877945102943392897e-01,-3.217680545367473943e-03,2.740007443803612053e-01,5.169591632848555829e-01,4.070239311304042484e-01,4.388877482104534544e-01,6.148754027022528268e-01,7.426451992144693648e-01,9.473831752019251651e-01,3.279854007052658282e-01,6.391941484849668065e-01,9.987570568417618588e-01,2.066026643375019900e-01,2.584155784401103231e-02,3.202880776003603769e-01,5.133609174623051663e-01,5.046396623843192319e-01,7.841998687309199578e-01,4.378697162426083977e-01,5.232018418826605011e-01,4.230586137962311089e-01,3.911911460221719761e-01,2.297480453682828605e-01,6.466212645755500255e-01,8.297259293182282502e-02,6.431515935177747334e-01
8.201287473795249028e-01,5.519020728502707085e-01,9.474351181659360632e-01,4.827643766457528351e-01,7.056990422392287465e-01,6.049542669088127100e-01,7.178708130863458159e-01,3.666085862542551310e-01,5.021854969229058163e-01,6.182792744255488637e-01,8.135523888057294428e-01,0.000000000000000000e+00,9.327830511746503239e-01,6.708145104381402213e-01,6.006596981987641914e-01,7.380962954144506538e-01,9.210121642176867240e-01,5.412515014251766399e-01,5.755692263406044784e-01,7.909311977079639400e-01,9.487963553418911067e-01,7.634546686190897269e-01,9.378558755803227953e-01,8.110100271441618158e-01,3.962271559960737211e-01,9.276588203462587945e-01,7.585970844303773220e-01,6.596277649732438242e-01,2.748415233902830601e-01,2.098301029768170067e-01,5.029899949032514694e-01,5.866640434425911543e-01,6.686208089391132425e-01,6.915204083626899090e-01,5.274838750627334205e-01,2.407928526047719842e-01,-1.867186631731609925e-01,4.479560085078080900e-01,9.954972355038222975e-01,7.086825942747468909e-01,3.070398300697502192e-01,3.231730903634841834e-01,4.729819214246542419e-02,8.889197457845932071e-01,4.293641125842367900e-01,4.450970910602202180e-01,7.210630012231113994e-01,8.582550522395694381e-01,6.938430623941342912e-01,5.530473552503063495e-01,5.835981374771432861e-01,2.261937255727045348e-01,6.170499363070303112e-01,1.539143433480985868e-01,8.872814524043796114e-01,9.056195047170162438e-01,7.789018854768683386e-01,7.039718125287356409e-01,8.643209105957405658e-01,5.604868097782007563e-01,6.496290843838076201e-01,7.984708178029140679e-01,3.203477956961902073e-01,2.749270714001855742e-01,7.759564070664304314e-01,2.263752736208368421e-01,6.978048783533679078e-01,7.514904596343293663e-01,7.396347287162448048e-01,5.904702289922945102e-01,7.475112709869633498e-01,9.302389720164769837e-01,7.904815681517967096e-01,2.328222556936056509e-01,9.851242217834065007e-02,4.638856821717594059e-01,5.758324196960340480e-01,2.860949909605204344e-01,2.664171055188998549e-01,7.552633531374326470e-01,1.193866110910654088e-01,8.170517495514342254e-01,2.900781623119985664e-01,6.922698228860453273e-01,6.884220878653671827e-01
5.586446802715092641e-01,9.615023417203649725e-01,9.239335505965522444e-01,7.055860081302705034e-01,3.272024682677905361e-01,8.936619929650474470e-01,4.278018339756619604e-01,6.387009139711741224e-01,7.270531174550508569e-01,8.590277022656600536e-01,6.898546740766633434e-01,9.327830511746503239e-01,0.000000000000000000e+00,6.794315375178314742e-01,4.606099778833480096e-01,9.549015523582551346e-01,7.972980325674365876e-01,3.523064142259364484e-01,7.970700317476070440e-01,4.919621267829060174e-01,8.111903377021190131e-01,5.544731902308914773e-01,7.919889094712961874e-01,1.638845719934611533e-01,2.160665109126762295e-01,2.645053957655935650e-01,6.445426063022453578e-01,5.540339304060671877e-01,7.889682927421362013e-01,5.613765583874819054e-01,1.436816909614410942e-01,4.908938466624511721e-01,1.194265126066409444e-01,9.078179886735793236e-01,5.725390908399906609e-01,5.024154289395121875e-01,2.816468853002048189e-01,6.035382075693328519e-01,8.966795144593571187e-01,6.947781587432897421e-01,4.198133398399669369e-01,4.508153280873701263e-01,7.721933302051520176e-01,9.226090385303322705e-01,8.303923534923557392e-01,8.697085895087438567e-01,8.981115730591036073e-01,7.233445376814617855e-02,1.061365717758632199e-01,3.801441065521368179e-01,5.252731877152410078e-01,7.644787124144690749e-01,6.702359575509887479e-01,8.125656459934347264e-01,2.961540799593242457e-01,5.626144466820870438e-01,8.187214831789313418e-01,4.224478064692587798e-01,7.426889894770599687e-01,6.366602904665461526e-01,5.832388885119129673e-01,7.802370609862097073e-01,4.402666960111993322e-01,6.399227075481243032e-01,8.741831681172723689e-01,6.191767088897174309e-01,4.500071388670647266e-01,9.377612885536295018e-01,4.804927665868706788e-01,5.382102376790240950e-01,5.022056537877501725e-01,2.823708250179751134e-01,7.797001332100743642e-01,4.302789106059318747e-01,5.222090730736606012e-01,5.470777585751150918e-01,7.788897424392948743e-01,9.416029403343856297e-01,5.475310351790287910e-01,2.665362493582039138e-01,3.467310878123643914e-01,7.731635421491059867e-01,6.295423077442691140e-01,4.117041788234078736e-01,4.239534996196282490e-01
6.169867304443162892e-01,7.601231768166495373e-01,8.625621420463812639e-01,7.587247294616483728e-01,8.443962212999284178e-01,6.049033708428962486e-01,2.345779467065717827e-01,7.549771338848098035e-01,5.752088925505532968e-01,6.329549566797243454e-01,8.292557766457085977e-01,6.708145104381402213e-01,6.794315375178314742e-01,0.000000000000000000e+00,5.020480142023077130e-01,2.632844082884567838e-01,9.013790425166195996e-01,2.276124983743606500e-01,7.654433399869490229e-01,8.199189343850592504e-01,4.021636789928141886e-01,7.658960029062582553e-01,9.806035072919303541e-01,8.427707878248149598e-01,1.694359641410766448e-01,3.325317650263899805e-01,3.560780668645536773e-01,7.612570820716251241e-01,5.711378049473483376e-01,5.676266413551319667e-01,2.858482990558299242e-01,2.993639826357497591e-01,9.513109302041244941e-01,3.954778970816383854e-01,5.926428009306995426e-01,2.909607778788557142e-01,4.640608750787496017e-01,6.009291976435859883e-01,7.013593030295525166e-01,3.360192255878386991e-01,6.527100638769603447e-02,4.217302694798220064e-01,7.922215560272876100e-01,8.036231291858850767e-01,6.608142100912764993e-01,7.092759023001282692e-01,8.131098552760884779e-01,6.086838698935248537e-01,7.871505238316435227e-01,6.408282001113506654e-01,9.169645325903845734e-01,5.127229592905486744e-01,6.539434431306007101e-01,7.622437203518107607e-01,6.209056802404587794e-01,9.253788238904647745e-01,7.392267404139500897e-01,6.688129104873619113e-01,2.905196886452930394e-01,5.966589415898266857e-01,5.640042654095556163e-01,9.213571811573562087e-01,7.693549696356822842e-01,9.352212658222425201e-01,6.850398035237044159e-01,7.728248572436791086e-01,8.177977184191266291e-01,4.347122778530833620e-01,5.541547115789329236e-01,7.311245538152271184e-01,7.209106952657450273e-01,6.486021318669138447e-01,5.482261519026939700e-01,5.854135356124605671e-01,6.634714400613730412e-01,5.164825020180594528e-01,7.953744506371475120e-01,5.878640220810036343e-01,4.997785201226680463e-01,3.772810936811086813e-01,1.994824926979370527e-01,7.240739246464489298e-01,5.041330069714102802e-01,7.230749935153124586e-01,9.038923616037553010e-01
3.316285088213679622e-01,6.242290870160212002e-01,6.068187814465996199e-01,5.638819478086943837e-01,5.626686070546234042e-01,7.393243582379529499e-01,4.787734641914126454e-01,4.459855027045451226e-01,4.774356612904174235e-01,6.173267119715024620e-01,7.812625979361333961e-01,6.006596981987641914e-01,4.606099778833480096e-01,5.020480142023077130e-01,0.000000000000000000e+00,7.006180155297735412e-01,2.516066261303634977e-01,5.092749632979269858e-01,5.578886553338953114e-01,9.714192833521402282e-01,4.634702914711181232e-01,7.477743437855495223e-01,6.788374177717332314e-01,8.941318138695667495e-01,8.529214093719471590e-01,4.964566100140902494e-01,7.241322712153059893e-01,4.095742104995790389e-01,-2.942081782201505513e-02,5.621627132652999848e-01,2.041544148480834431e-01,4.042638726308679376e-01,8.328133252634249972e-01,7.856958095620825144e-01,8.480408832335408764e-01,4.140298247129137743e-01,8.624590001924913041e-02,3.712507566433358441e-01,7.870944460918485319e-01,5.832868528833272670e-01,6.442286601816190617e-01,4.249672152020382843e-01,5.080057213030725327e-01,7.016297041211809749e-01,8.089777671564599704e-01,8.446395660123778848e-01,2.079967759397025884e-01,5.779607128919390657e-01,4.583796451894400770e-01,-8.173557286774885133e-02,5.465447044743618754e-01,6.478570591995237438e-01,9.171159090700227168e-01,5.512912847885795831e-01,6.345029258549932383e-01,4.485511747375010572e-01,5.963528194037017727e-01,6.232691361748532444e-01,8.465132130312815750e-01,5.250615320760617655e-01,4.563107215643902870e-01,7.939827231114875428e-01,4.485083619433487545e-01,7.812163501999611626e-01,8.761177592909008549e-01,7.373747718979335453e-01,5.259974801150946178e-01,4.336713021222002862e-01,4.571410369533895346e-01,7.770920793561519879e-01,6.881583887980157188e-01,9.027738057081949874e-01,7.605370083746828547e-01,5.705876160539581354e-01,6.801173318926315714e-01,4.575573074219068115e-01,9.925962303550022181e-01,3.395636818146594571e-01,1.386379155989928558e-01,3.457113697945214947e-01,7.038618192522392292e-01,6.948154798074605010e-01,3.352808152178994305e-01,6.509350265568090155e-01,7.224252624499644115e-01
7.494663247920331228e-01,8.832938277148599804e-01,9.052727518460242928e-01,5.658087466596363191e-01,9.871979389557924423e-01,8.665060910307342823e-01,7.312360896381081554e-01,8.052142493880151131e-01,4.237074087508382325e-01,6.690252405411644121e-01,8.485808382124289118e-01,7.380962954144506538e-01,9.549015523582551346e-01,2.632844082884567838e-01,7.006180155297735412e-01,0.000000000000000000e+00,7.505351467236955898e-01,7.000259344088005653e-01,8.668919628983590142e-01,9.786707745623387522e-01,5.188321750124302856e-01,7.581487869412060210e-01,2.973582881799942124e-01,8.710075613386311089e-01,6.138688864814060286e-01,5.191365194667716398e-01,7.341539705506237024e-01,8.750704003865138469e-01,3.605380174740093757e-01,7.627906177288149570e-01,1.845103121993593720e-01,6.950679405730568750e-01,7.033663580453857200e-01,5.856050723520213053e-01,6.027358978739992823e-01,4.891378867207113457e-01,4.738151788631367878e-01,5.537537200154539763e-01,7.278338201099996407e-01,6.725564587742413059e-01,4.369649267672419679e-01,7.957529717249458567e-01,3.394327976908111388e-01,2.671858329709484448e-01,5.720721108277604383e-01,6.381100706358284746e-01,6.522238734551440986e-01,4.916967786968804432e-01,3.881153130853377542e-01,2.724563329584381854e-01,3.432000267639900848e-01,3.149036746693963940e-01,6.237982766064639195e-01,5.458644217474247773e-01,9.701976168887384011e-01,9.866751499176277251e-01,4.936124124232249555e-01,9.936231987863534121e-01,7.049161420505185571e-01,3.781273846204610822e-01,2.927634197797472915e-01,6.185951977126959989e-01,6.899389493170883236e-01,4.798095049299239689e-01,9.098715155047943925e-01,7.134014074412257100e-01,2.886374428905430500e-01,7.366335844253125709e-01,3.061299965402476397e-01,2.352906271079078793e-01,6.159901345739678957e-01,2.810183279601347062e-01,7.281392671997102273e-01,6.555496654218961883e-01,6.003293223540604462e-01,4.847891144446089817e-01,7.271278326140613313e-01,2.707799744934397124e-01,-1.470752265404967618e-01,3.267011966715409610e-01,6.006787674812424926e-01,5.867981409291993522e-01,6.773391057855941977e-01,3.868628733112882134e-01,2.453793535696577321e-01
2.915483461992043890e-01,5.088212991110735439e-01,8.476377663652759908e-01,6.712283924625329634e-01,5.953133699182189265e-01,3.585138342308548109e-01,7.918272549772704672e-01,3.278819633599143191e-01,8.381515494604500072e-01,8.674026163138688350e-01,7.324446842137519731e-01,9.210121642176867240e-01,7.972980325674365876e-01,9.013790425166195996e-01,2.516066261303634977e-01,7.505351467236955898e-01,0.000000000000000000e+00,8.767618650175565964e-01,7.899691551673743151e-01,4.802908437287034538e-01,8.072674234858363551e-01,8.310423133807683937e-01,4.582914467881135101e-01,4.215597772382471686e-01,5.558907608437514414e-01,7.655347910999215078e-01,5.790245532185767097e-01,4.621182208712384942e-01,4.885971653242916490e-01,4.902624385440741972e-01,4.582534874120771651e-01,3.243598610019828854e-01,3.963974972527715135e-01,5.658204215652389291e-01,8.654124534223304188e-01,4.786540981391102512e-01,2.037137540629542776e-01,6.607538934459573632e-01,7.736314698859042549e-01,2.324667668850555757e-01,-1.077826733936782105e-01,7.012061041465615929e-01,9.514338283173906508e-01,4.998546605734129900e-01,6.398755704479934803e-01,6.796585949175778518e-01,8.669956619622810612e-01,8.984888600127444169e-01,7.488932849112700518e-01,4.700346419550573418e-01,5.254794829437541281e-01,7.095353369356762752e-01,6.828372171988903450e-01,6.890328263006356702e-01,7.179027909763083803e-01,4.355978757659639267e-01,7.642498929615439973e-01,6.691814262666042623e-01,1.059744400005470655e-01,-2.224996644802557100e-02,7.166090486305466412e-01,7.442179992486898099e-01,2.628737849427092432e-01,6.446444329875139490e-01,6.190620765082277543e-01,6.862712517071948293e-01,1.227896677528040048e-01,6.339934286401411878e-01,5.529655126036652213e-01,9.363564879427056509e-01,8.576747284729629994e-01,6.495538768907976879e-01,4.397556068542733398e-01,6.436755299036109879e-01,9.098480857080663009e-01,7.380668090355085864e-01,6.206121697340477583e-01,5.148436347483793529e-01,5.447408125484936026e-01,5.059484282133497324e-01,5.163022430830848108e-01,9.977454939430604464e-01,7.020162061362026362e-01,5.385468139172328028e-01,8.324889738567688990e-01
8.159848746466650260e-01,6.978346361455750602e-01,9.758137833237081615e-01,6.549018709282800055e-01,6.814817661215288869e-01,8.495957979965924611e-01,2.245369172508621114e-01,3.812468781589268829e-01,4.520463640883235490e-01,3.243572325545784896e-01,7.604653903170821572e-01,5.412515014251766399e-01,3.523064142259364484e-01,2.276124983743606500e-01,5.092749632979269858e-01,7.000259344088005653e-01,8.767618650175565964e-01,0.000000000000000000e+00,4.182802350336648489e-01,2.155027293391827137e-01,8.261922376146912939e-01,6.248448259677367167e-01,6.107003146248646264e-01,4.042938233424664407e-01,2.410084874437811719e-01,8.339191784939035124e-01,2.777822309619950025e-01,5.933830388235454834e-01,2.011653478770811243e-01,5.583193594656541414e-01,1.158732277548306100e-01,3.405490135800240958e-01,5.973335730121591691e-01,9.296051815513348693e-01,5.382977242392682493e-01,1.612716363479601567e-01,6.969122179994924338e-02,4.138712851413376415e-01,5.763946781825635135e-01,7.284093720141409101e-01,5.581965326203812694e-01,6.711462450874713381e-01,8.686254824477659398e-01,7.548909119255704514e-01,7.477416190510537408e-01,8.605038413095714711e-01,3.789350658534528238e-01,3.669236486748974624e-01,3.129047505862522227e-01,4.705592641908813434e-01,6.440100439142275590e-01,7.292932504017899387e-01,6.246933729686794390e-01,5.134011757708817347e-01,2.035867824826640970e-01,9.078629262038817593e-01,7.760116848949539792e-01,2.905431549453144080e-01,6.516647496137283335e-01,7.771887994609594230e-01,5.551179985038083853e-01,5.008259402669169580e-01,5.000378483313104860e-01,8.669799676606730898e-01,6.723890417409503772e-01,2.020431828618017012e-01,3.689004648666442954e-01,5.585924433214030094e-01,5.349211663183275345e-01,3.902712223702680117e-01,2.785645355641623855e-01,1.864456913315306608e-01,3.206613208792991054e-01,2.699576422270496545e-01,2.463693767034333681e-01,8.612244447144071779e-01,7.825928532243655589e-01,5.102721934900852352e-01,2.929403981115932809e-01,4.467893121591227645e-01,6.462729196871110915e-01,4.931643774694901561e-01,8.775628210933250628e-01,3.420717590202974057e-01,9.213819786363168785e-01
