0.000000000000000000e+00,6.761399513567968311e-01,3.263398493357936303e-01,3.190988698663621559e-01,6.423829463946177931e-01,8.085776939894013804e-01,4.039285116471368897e-01,6.031347322680541412e-01,6.807550944935588655e-01,8.485709286866509604e-01,8.726823200566913297e-01,5.179188858069073698e-01,7.914274844199502557e-01,6.321076635236937413e-01,6.193894883745822977e-01,2.997325239576899003e-01,6.633829305570804191e-01,3.788624471904500357e-01,6.011833944844977573e-01,9.838213140840952331e-01,5.655598941401704938e-01,8.171540131536240148e-01,7.713489181677093409e-01,8.484150621005819293e-01,9.787869096798822444e-01,4.915248316450830934e-01,3.750975227718422733e-01,7.200282373673522196e-01,4.741886039742376213e-01,5.506062901430637258e-01,3.409305488382294858e-01,6.460407001943262451e-01,8.487836183390847777e-01,6.343559531627216419e-01,4.961469090480220556e-01,6.443692198045933850e-01,1.160998802049883205e-01,5.608807335506037495e-01,6.136205826261175167e-01,9.949194652354684809e-01,4.789704733289993355e-01,9.833906179500876421e-01,-1.740243567347123377e-01,2.690766218660856079e-01,9.559230734451216183e-01,8.593740015474005123e-02,8.796526548325318551e-01,5.741056826162801441e-01,6.418730951210256386e-01,6.198015295352996556e-01,9.919235785796857163e-01,6.541131179475025981e-01,9.704527960995814606e-01,9.516054543796146348e-01,1.712811847497690554e-01,7.300024767690374006e-01,6.493042238191251148e-01,3.363045398072551651e-01,7.438465924495443193e-01,3.640085411435213247e-01,-6.714449952033804681e-02,8.638604836822038058e-01,6.136116560754952820e-01,3.425811013378072811e-01,9.604675512888773969e-01,3.263239642079214797e-01,6.500255571032541591e-01,4.066158816769749884e-01,9.030084336379105014e-01,1.868731827897006648e-01,9.408720045705702972e-01,9.184835299446769685e-01,2.235441905606841695e-01,5.631063959314893674e-01,6.041856787517453364e-01,8.206098292911163661e-01,8.069254905212688289e-01,8.097823005339340741e-01,5.056248108774249461e-01,7.866153237073976179e-01,5.426153465866081493e-01,9.158800619260848430e-01,6.564825201935925447e-01,7.247852183897096623e-01,4.081387176954076046e-01
6.761399513567968311e-01,0.000000000000000000e+00,7.351952952502200933e-01,1.692368082018485265e-01,5.327095788697832068e-01,9.200205190899415353e-01,1.896451080420997748e-01,4.848224931522036041e-01,7.254380930932339266e-01,8.019687780102909835e-01,7.214736087936562958e-01,2.553707932015329973e-01,6.235107578527347982e-01,9.617508121491790130e-01,8.755295424747771005e-01,8.690407534184471094e-01,9.948212388530738304e-01,3.071094595543844563e-01,6.992518715055818790e-01,6.616381240793478558e-01,4.205374269080379146e-01,2.710354340332979950e-01,6.619451076793025912e-01,7.517430410849674782e-01,3.399534497670020361e-01,6.589113830294944796e-01,8.980896290838034091e-01,2.490782455534072126e-01,5.264634863652625230e-01,4.889245288389700850e-01,-3.320368164571285696e-02,8.510381190759037651e-01,7.423934897655639631e-01,4.273371337421947858e-01,4.362741197853862718e-01,-1.977202386494396891e-01,4.454518327614685469e-01,4.612893884283761903e-01,8.932916668599041321e-01,9.003007895982166886e-01,3.458252779013143430e-01,3.530971794591821755e-01,6.959008390878601569e-01,4.896756399759470968e-01,4.685811058991662392e-01,9.536312441323001599e-01,5.483566040290602794e-01,8.873815940639233624e-01,1.363253537231048397e-02,7.709927626518245924e-01,3.582982846068858418e-01,4.336420033322562761e-01,3.379538663098342610e-01,7.481231182193111284e-02,6.264731324922867550e-01,6.436415280350001877e-01,5.749651079891096028e-01,4.553309769727471035e-01,-1.073097994364130975e-01,4.855763645630867820e-01,3.152770917332650691e-01,7.599334982637790947e-01,8.430738374529882506e-01,5.787239687692271595e-01,7.843132059550484980e-01,4.336968323890498800e-01,6.538340455610512914e-01,9.762068196194273462e-01,3.042138958097345691e-01,8.416345152815205566e-01,8.713131348529404852e-01,8.531144682631470744e-01,6.163462480061009385e-01,4.020198718249188841e-01,2.210994587199696382e-01,6.357102404356084202e-01,3.936682148134543757e-01,7.968826213959561144e-01,4.450910256304642654e-01,2.143371051120943060e-01,4.828120026195611425e-01,9.971254870218915212e-01,7.011553927075674375e-01,4.642856702657632839e-01,7.239099106866042632e-01
3.263398493357936303e-01,7.351952952502200933e-01,0.000000000000000000e+00,9.328985022754570089e-01,8.939789352678400025e-01,9.269081226662745365e-01,1.303405767835154883e-01,7.595562113869798182e-01,8.277062984871580431e-01,7.908939563278960527e-01,2.916327721701376663e-01,5.058520280899884147e-01,2.407297698183468726e-01,9.365980170796974758e-01,4.710431442457160278e-01,6.734253077549027244e-01,6.753522178379925966e-01,5.396106347715756701e-01,9.730154185702414305e-01,2.184268659434435711e-01,7.372742714808788733e-01,7.915836050643392241e-01,6.654432349054308915e-01,9.265470701857407843e-01,7.063252174881353707e-01,8.188504164083943992e-01,9.736466699547121628e-01,9.992360318143262976e-01,2.424371428194516120e-01,7.584061014470919737e-01,4.271029413328160662e-01,2.517344278601760799e-01,9.350952863540065163e-01,4.086344992482224270e-01,6.979653743547101774e-01,4.849568709026141899e-01,3.573754020725204983e-01,8.343670922474653862e-02,9.950222745707264504e-01,3.507319560999497265e-01,3.453758037759873667e-01,9.193021820398037391e-01,9.261064505142617698e-01,2.350213457977176623e-01,5.331781249835547687e-01,7.979338035065691725e-01,7.751209359179845881e-01,8.205206046306825485e-01,8.941685971795670929e-01,6.209342694151732678e-01,7.440143918264279232e-01,8.960526066040501725e-01,8.042776085155387555e-01,9.696303560376631214e-01,6.691364497949185974e-01,6.286142354530145360e-01,8.857497545461319177e-01,5.568610848848420947e-01,7.563713352607818186e-01,3.528828507428973804e-01,5.253343663663723184e-01,6.367485237804952902e-01,9.477919246848250934e-01,4.754554871654911863e-01,8.245606911468114086e-01,6.358850736621217692e-01,8.899964013362885451e-01,8.431076619372068759e-01,4.859662542357578441e-01,6.368021367682752398e-01,6.936218816254990926e-01,8.127043433903150538e-01,4.953072501014688100e-01,5.927795021555496424e-01,9.800268239894044386e-01,4.344564354819606677e-01,7.329985703384360729e-01,7.923784767944094254e-01,3.942647291707044310e-01,1.599818475313152799e-01,7.081256373243529634e-01,7.122215106653166927e-01,9.723076952489709823e-01,7.088193279089444188e-01,8.014327693686492671e-01
3.190988698663621559e-01,1.692368082018485265e-01,9.328985022754570089e-01,0.000000000000000000e+00,5.636248990561685268e-01,9.381701872153083155e-01,4.433464697153148282e-01,3.930013954782622942e-01,1.046938571826434433e-01,6.098928278745124887e-01,7.540141613215325389e-01,7.343807050704884709e-01,6.553552660964179211e-01,4.896359464490054325e-01,5.933068146987889868e-01,4.384534956098828928e-01,6.851172799008673486e-01,8.124278462496822284e-01,6.350801935787496744e-01,8.241843152706624931e-01,8.945864383172128509e-01,8.338285752532846873e-01,7.257118862146583194e-01,6.716950566954656976e-01,9.066471967165843360e-01,5.515592256747775535e-01,7.213098194546825326e-01,7.554458044567706754e-01,5.318820700948619917e-01,6.698113476153861878e-01,5.619830409309316543e-01,6.273455161088961063e-01,9.867273738907904601e-01,8.474730177775927631e-01,4.686804616924581390e-01,-1.639906779825632266e-01,7.264214253241524366e-01,5.116502058921411633e-01,5.479902604319059067e-01,7.769592763316011119e-01,7.808297975987479322e-01,5.912953178938993304e-01,6.800657805888857266e-02,9.007022027850563051e-01,6.807518749127859925e-01,6.950309298852066497e-01,9.156588926667833528e-01,5.230493102586466492e-01,6.232471519946493066e-01,4.337684869636342366e-01,5.217222311906850596e-01,7.367634525321797856e-01,2.832231393209981296e-01,5.158710437687444861e-01,6.533957199166425811e-01,6.169615492806542756e-01,6.025849580642232972e-01,6.457092147549307048e-01,5.739224004963546788e-01,1.962131199880109145e-01,3.489548047077450921e-01,7.935522991726211561e-01,8.473129725065770002e-01,8.635662196170205140e-01,7.372767127057953118e-01,5.472914192812952106e-01,7.751716529472414408e-01,9.854657868338607685e-01,6.855396492978023115e-01,4.691157113998408734e-01,6.654960572500747684e-01,6.243100322566446092e-01,5.899817933212042620e-01,6.733385692233588848e-01,7.075325332755683094e-01,8.734721186157030637e-01,9.618801944072665755e-01,8.197869851887419346e-01,4.057677616341837101e-01,5.085898410483030707e-01,7.991178615731822088e-01,7.433838269551538147e-01,6.866664297135964823e-01,7.463632145854861566e-01,7.626784207895287437e-01
6.423829463946177931e-01,5.327095788697832068e-01,8.939789352678400025e-01,5.636248990561685268e-01,0.000000000000000000e+00,5.538761050390953455e-01,6.312366043026833573e-01,3.677857699714579542e-01,5.716228490730087541e-01,6.333582751378418196e-01,4.615174993610943188e-01,4.923200892746376622e-01,9.268238777254820260e-01,9.244032745922348138e-01,5.741385134745019547e-01,4.634432466941197926e-01,8.013156281281026416e-01,6.507830688848047496e-01,9.272756431338209371e-01,7.156603538563355293e-01,8.714630719738576392e-01,9.366492587533455927e-01,5.977601755853028109e-01,9.900263165104850049e-01,5.562665136674070920e-01,9.610544294269381949e-01,7.672624153911381528e-01,8.634818113433778697e-01,5.543232893544699502e-01,6.345061057172989294e-01,5.406170405940527446e-02,4.513409149540937859e-01,9.483268131016282521e-01,5.601891270194807593e-01,7.422495216209410440e-01,5.795417746690457728e-01,3.940141375717797212e-01,5.731809870919007954e-01,9.951179693565010975e-01,4.922796741304213408e-01,7.837370500422521369e-01,7.916031864706217780e-01,4.227582679124415321e-01,2.941054820741961784e-01,2.905069032644119198e-01,7.589386587720357014e-01,9.087699568234675063e-01,7.914452807795939737e-01,3.508927350244044341e-01,4.050206129188129722e-01,5.545177196453858759e-01,6.907861610455837686e-01,3.386326829385509773e-01,9.051565321287110555e-01,3.949165741109370575e-01,4.192194503290678775e-01,6.673920900094443276e-01,6.443168348064728379e-01,5.236532554215603819e-01,3.772275061867244594e-01,4.270016128249068954e-01,6.096995672317249149e-01,9.759341499888160021e-01,6.254960259464916739e-01,7.451651764393247834e-01,7.111228062729025856e-01,4.017724834855480598e-01,9.876500526496768684e-01,2.254940478021744965e-01,6.424668804553446133e-01,8.041279682064467194e-01,6.358445360582938299e-01,2.191501428446749888e-01,4.536687358463641351e-01,7.414136558586650327e-01,5.486821098304983657e-01,3.692732343814791873e-01,2.333115452894242992e-01,3.384769572186150377e-01,1.155643242668404902e-01,4.929773078795425256e-01,6.326459985926641272e-01,1.962704643363586410e-01,5.275495303444972528e-01,5.736853922003579687e-01
8.085776939894013804e-01,9.200205190899415353e-01,9.269081226662745365e-01,9.381701872153083155e-01,5.538761050390953455e-01,0.000000000000000000e+00,4.745495126679015740e-01,6.494335228562586604e-01,1.684104182959074159e-01,4.704736259547990795e-01,8.114305555290551863e-01,6.933594863374330508e-01,7.997975023234872305e-01,9.267087836977835336e-01,4.275740992531864570e-01,9.275621929507340546e-01,9.692781755811119559e-01,6.031907087279991808e-01,6.354725520935500249e-01,9.763234815563617275e-01,7.930385637687505929e-01,2.604137162998346189e-01,7.089439136771410466e-01,8.800115914482812274e-01,4.466002868546249949e-01,3.542903356098308087e-01,5.566512424119087754e-01,7.836082664231091011e-01,2.737684317178499804e-01,3.651829016789721605e-01,5.448132428219987222e-02,5.488594206784070950e-01,6.289678402241871691e-01,9.774560934094073117e-01,6.471223536920494013e-01,-9.075933527371246590e-02,1.624166133415163582e-01,4.670992814149642625e-01,7.346982322004587118e-01,5.520922946614946758e-01,5.575453647252909262e-01,7.822696089776508543e-01,8.391463150376239355e-01,7.408905844558723031e-01,9.724188411827406897e-01,6.206758746014899852e-01,5.572721551422644692e-01,8.124671125081421863e-01,7.291707938833520419e-01,9.898508963019739815e-01,5.993093517618992561e-01,6.078882433147104747e-01,5.468465510283309072e-01,6.024801555928117613e-01,6.984108031960553076e-01,5.833482791679607260e-01,3.885199371851728589e-01,2.572033973682044117e-01,5.309313097186422192e-01,6.545639395763668267e-01,5.211791057710548625e-01,-1.544500224001316702e-01,7.608125064937929505e-01,2.900855015646033874e-01,8.388535043014819781e-01,4.942872637636575028e-01,4.825715306771635182e-01,4.151804322967135308e-01,4.317076957868915543e-01,5.677415514494426052e-01,8.173980681417873928e-01,6.142284928766665875e-01,7.655181305741053099e-02,5.491957488888546957e-01,4.800917582249169535e-01,7.678424928715046338e-01,2.295785668995034001e-01,5.007826309138209142e-01,4.734426077484479300e-01,3.188103971935140057e-01,3.188055173849125845e-01,6.271170913536615599e-01,5.157848375283109466e-01,3.433629786774419768e-01,6.076188313642991723e-01
4.039285116471368897e-01,1.896451080420997748e-01,1.303405767835154883e-01,4.433464697153148282e-01,6.312366043026833573e-01,4.745495126679015740e-01,0.000000000000000000e+00,3.159710987735844800e-01,2.602422319101482806e-01,4.756061252430676123e-01,5.349463253886732605e-01,3.413686515849042591e-01,3.907899419922731266e-01,4.404793163643703213e-01,4.023565617917843062e-01,3.682233160128886018e-01,9.057840581355850462e-01,5.305936570793882145e-01,5.164693382337454119e-01,6.591981888211754237e-01,5.125191078840369840e-01,1.921338179554017422e-01,2.663280557711948937e-01,6.433238746371553463e-01,7.203396762816827170e-01,3.028686828954327837e-01,5.037944803066998212e-01,3.899819491336016242e-01,3.025272529602170413e-01,1.704834129727863523e-01,5.638335363918081100e-01,8.105595472519313560e-01,7.472520648214358019e-01,1.435441748226371633e-02,6.907752400083777555e-01,2.297795169866572243e-02,2.359141909401168413e-01,5.602411745712585489e-01,9.278813922113084978e-01,3.608877794514991910e-01,3.733542892019272585e-01,5.981843014462014108e-02,8.223747266937129208e-01,4.157708051106799862e-01,6.103605500229709602e-01,7.530744473877072354e-01,7.691615383652379290e-01,2.926868311196197947e-01,4.125071410071199929e-01,2.720757100075305024e-01,5.081597321102414577e-01,8.367403622970948085e-01,3.780250872856455446e-01,2.812874335217723232e-01,5.631448845980902007e-01,3.083264491150662368e-01,-2.759683218424036077e-02,4.627869460235751742e-01,6.604317816399335461e-01,3.790942439123171082e-02,7.819570518465164266e-01,3.616858856569573621e-01,5.829513106223652708e-01,8.019744484389987882e-01,7.254522641339649081e-01,4.290133167138554526e-01,5.292593485084526872e-01,5.131245532042462143e-01,5.852749332887277056e-01,3.365028022630969784e-01,4.657014616800757567e-01,7.472709243918027600e-01,3.067210197603687516e-01,3.094687935493173891e-01,2.108147663294312746e-01,3.778778143963923419e-01,6.961814034053969147e-01,3.800564441394926884e-01,5.775170366545774592e-02,2.763975452099397545e-01,2.890012411660077274e-01,8.557609239487227182e-01,2.193134101187082519e-01,5.999276875300985079e-01,6.629870271478769395e-01
6.031347322680541412e-01,4.848224931522036041e-01,7.595562113869798182e-01,3.930013954782622942e-01,3.677857699714579542e-01,6.494335228562586604e-01,3.159710987735844800e-01,0.000000000000000000e+00,7.739901965450276533e-01,7.024153274653390788e-01,2.881010867121313601e-01,4.325388122579938432e-01,4.437422491106807199e-01,3.015990591176647695e-01,6.237970626008784159e-01,5.012260168463701371e-01,4.735761095318195002e-01,5.036807005782582003e-01,6.734869956318029205e-01,8.961155033984169460e-01,6.053564798950142878e-01,3.408076724840154448e-01,5.065422444340274000e-01,4.862473930776623487e-01,7.252150639340408933e-01,7.798387515047107144e-01,3.121768551572108863e-01,4.585621077793178291e-01,4.589611569342829100e-01,6.939677371495862612e-01,5.072747984515736386e-01,9.838181592049444202e-01,6.828696510166795131e-01,7.660842075158238451e-01,3.754145522643501653e-01,3.292115955788622594e-01,5.830313890396429111e-01,1.042799591964817946e-01,7.074128390734869543e-01,7.865518813621293903e-01,1.546922959158574321e-02,4.250139778955859260e-01,6.782502930102650707e-01,2.238771287683311018e-01,4.967454571928366924e-01,3.322635547687459168e-01,4.617702044983454934e-01,7.226257453266086150e-01,2.280470250831680701e-01,2.112869677557313863e-01,3.334090437617669433e-01,6.142271598689794665e-01,5.081737276134001835e-01,3.405001512496977911e-01,4.845838091699822270e-01,8.673124267034155732e-01,7.374114746809794507e-01,6.373299347837877438e-01,9.462394247344798615e-01,4.024656814085659784e-01,5.084087839979860579e-01,7.794452476822170128e-01,5.024569922151330692e-01,7.606823178690048648e-01,9.093475623389329909e-01,4.500257432991812134e-01,2.566237082830879479e-01,2.165816743923072440e-01,5.614207803127824192e-01,7.054346979945970153e-01,4.675743730374880558e-01,7.861209846466828965e-01,4.699365455346451448e-01,2.292907048712840290e-01,6.669378842740165680e-01,5.430932204987317657e-01,5.747401377200843653e-01,6.698336478826880658e-01,2.838730384132795992e-01,2.375352270263133003e-01,3.397611546433961793e-01,7.272970661777611312e-01,5.148805361915208545e-01,5.302392203338512910e-01,5.125480760362682853e-01
6.807550944935588655e-01,7.254380930932339266e-01,8.277062984871580431e-01,1.046938571826434433e-01,5.716228490730087541e-01,1.684104182959074159e-01,2.602422319101482806e-01,7.739901965450276533e-01,0.000000000000000000e+00,6.560137627699387242e-01,5.252536658475026599e-01,4.219670961253262909e-01,6.709269643974171693e-01,6.264859421151363073e-01,7.631236389637108264e-01,4.670206700312496961e-01,3.035816394955055952e-01,2.848553718544467594e-01,2.341409898841288473e-01,6.707203340052343421e-01,8.016304296721590283e-01,3.006733903253165918e-01,6.736953640654884667e-01,6.243488957719069976e-01,4.467271762000092905e-01,6.657698890738716901e-01,4.667444577572583686e-01,5.264691530819284315e-01,6.268080733430676510e-01,3.236741308703228737e-01,2.104245579755354978e-01,5.709715007241964457e-01,3.357183509278675038e-01,2.216872495435031828e-02,7.548555332855613198e-01,2.708780148444781544e-01,3.263592271743996909e-01,5.926254260250336525e-01,7.545206563653177323e-01,5.818238161883840798e-01,1.542084701229505805e-01,4.379280945891240173e-01,6.380943776015586266e-01,5.300498054667543979e-01,8.422707021116140336e-01,9.437120848483689928e-01,7.794222138913829978e-01,4.912201709652839199e-01,5.114880985303600358e-01,5.580240494597856760e-01,4.790874874360782076e-01,8.384828721621135905e-01,5.644427372537264009e-01,7.631194561460343806e-01,9.747778982499217815e-01,9.606323589176208877e-01,7.945027795311226937e-01,7.063134477807135880e-01,8.935323222639131036e-01,6.622867921039654604e-01,6.282941052556310080e-01,4.572359531325511095e-01,4.378199092859114683e-01,9.961945515579926358e-01,9.526489412848382354e-01,5.100439198415259723e-01,3.669497054835048067e-01,7.763487019986133886e-01,6.015187765898717398e-01,7.551843913490279281e-01,7.324767649243809631e-01,5.287376023191637797e-01,5.509926742146228351e-01,4.909741193103962509e-01,2.324195388676551788e-01,2.525231344613487749e-02,5.135466954813877605e-01,4.883107595369212683e-01,3.007148854525775183e-01,3.254502490406958604e-01,4.740702269165707472e-01,7.758486367721046939e-01,6.243311993058198173e-01,2.589968148628892797e-01,3.591525776901071665e-01
8.485709286866509604e-01,8.019687780102909835e-01,7.908939563278960527e-01,6.098928278745124887e-01,6.333582751378418196e-01,4.704736259547990795e-01,4.756061252430676123e-01,7.024153274653390788e-01,6.560137627699387242e-01,0.000000000000000000e+00,6.128262003904439981e-01,8.824685619462521169e-01,7.137605903448319689e-01,6.310762445903421725e-01,7.428039560060243351e-01,3.786743502474820833e-01,5.080625674891657839e-01,6.662860881009521341e-01,6.278653958858350093e-01,6.393368244125595679e-01,8.165496698551848453e-01,5.650441699006962804e-01,7.212228285549318052e-01,8.832805452556358183e-01,7.071258424309024848e-01,6.156859414305881906e-01,7.252147277823782767e-01,-2.407431622862606091e-01,3.557448469788537879e-03,5.393793385618546044e-01,3.016081826943928790e-01,6.003525387507611111e-01,5.120765267852379621e-01,6.773262663986677756e-01,3.816041217685835207e-02,5.689388353152793343e-01,6.851312065048272837e-01,3.803781513839431527e-01,2.928078683633195123e-01,9.427081239823483783e-01,5.818036068560579199e-01,5.897406870112145150e-01,8.540490820753434686e-01,4.272621773844292870e-01,8.630689783849782026e-01,6.202885750758883043e-01,6.863482011518076131e-01,8.211229100237246170e-01,6.957528094674629848e-01,6.504030714345753195e-01,5.579194823390762892e-01,7.190768380133718551e-01,5.708037539777737202e-01,4.941657827423546756e-01,8.550986532724129674e-01,7.034638921465693473e-01,7.277207521976729598e-01,3.058439750067357132e-01,6.736891742027838470e-01,2.517313246369256019e-01,1.918702055958006192e-01,4.459057832684965583e-01,6.475595823290629660e-01,6.210862509317095492e-01,9.180657194081153216e-01,4.347880885978987475e-01,9.025766658488749705e-01,6.490042552158025169e-01,6.868313611408303210e-01,7.962028812714337933e-01,5.993952805333759848e-01,5.238972456589274795e-01,4.173352427983095803e-01,2.911173785683608961e-01,4.082897983545439313e-01,6.145193552841297091e-01,3.856416126670523248e-01,5.484151371437664402e-01,4.640212294606204102e-01,4.815439743759483138e-01,8.461383321085825804e-01,9.942757658510201768e-01,7.007399894106360883e-01,7.313224439199852434e-01,5.444792283140748035e-01
8.726823200566913297e-01,7.214736087936562958e-01,2.916327721701376663e-01,7.540141613215325389e-01,4.615174993610943188e-01,8.114305555290551863e-01,5.349463253886732605e-01,2.881010867121313601e-01,5.252536658475026599e-01,6.128262003904439981e-01,0.000000000000000000e+00,7.356543814912945844e-01,8.203415486732354989e-01,7.474542341544462287e-01,4.924027404863131618e-01,6.857010630921578365e-01,2.673639791927148179e-01,1.501310595679872795e-01,5.890183611302576283e-01,5.715709404780595637e-01,7.054460625806203700e-01,4.541191121336865533e-01,2.104681352193232269e-01,3.114127984042668884e-01,4.646728626510271409e-01,3.081368517258925022e-01,7.588660546608413382e-01,6.433345250129385295e-01,4.892290600439173076e-01,5.666248974677643435e-01,2.350276209271507377e-01,4.865012105685599386e-01,5.755335551260085669e-01,7.186415708799639424e-01,3.590145556343833366e-01,5.714242477533747477e-01,3.484683009805157328e-01,4.343248947790836478e-01,9.038750995004788402e-01,8.748040200867074345e-01,1.668961874144599122e-01,8.468072346767689940e-01,3.987227128941370768e-01,4.859155380744144964e-02,7.968742463922022790e-01,4.021124224805259217e-01,7.339912301429077912e-01,7.685965827488505653e-01,5.111017859928612683e-01,6.204057301194001450e-01,4.261989433114876102e-01,7.950334043730488132e-01,7.244312256690678131e-01,1.253537541953660683e-01,2.337542523907779057e-01,9.001373252735446195e-01,7.273076954465785837e-01,9.452791473576405840e-03,6.648557442426659136e-01,3.136565812824507193e-01,3.250744566684298231e-01,6.589231799884814889e-01,7.323900485281039652e-01,7.604099450139218952e-01,4.663129220044643919e-01,5.014936398014296914e-01,6.415002920268320086e-01,3.058716526913868305e-01,6.069832676208054556e-01,9.918954424079194920e-01,4.589961616074058059e-01,7.912452925392421399e-01,1.609923862983170251e-01,5.678854500244077119e-01,2.131996480275407113e-01,4.872570714481508913e-01,7.164751612445230400e-01,5.643731172028265686e-01,7.529268145292875580e-01,1.974156836247714097e-01,3.821361218721314179e-01,8.536559600186290897e-01,9.475035286829921466e-01,2.227627321413694350e-01,7.442772012822406191e-01
5.179188858069073698e-01,2.553707932015329973e-01,5.058520280899884147e-01,7.343807050704884709e-01,4.923200892746376622e-01,6.933594863374330508e-01,3.413686515849042591e-01,4.325388122579938432e-01,4.219670961253262909e-01,8.824685619462521169e-01,7.356543814912945844e-01,0.000000000000000000e+00,5.136020943884013201e-01,9.178543003549523016e-01,2.875935170996525292e-01,8.302755579222967364e-02,6.308811365407893668e-01,6.413302264740549097e-01,1.493334351928468084e-01,6.795619510390211726e-01,6.467463972270768302e-01,4.859038404900224428e-01,6.976114523745070573e-01,1.806291888656632594e-01,5.512854941826731414e-01,7.544141471019503165e-01,4.182330445126655749e-01,6.336188522804145906e-01,4.685408576423998883e-01,3.957429475262149721e-01,4.272832268621140628e-01,7.887098449401922506e-01,6.912823490282015149e-01,3.757826946128672938e-03,7.629693777741548555e-01,5.748517166785843679e-01,5.140658224374512475e-01,6.499783356050869987e-01,5.224878086977907676e-01,6.231244578209633733e-01,4.284430576741226071e-01,6.948105055836455435e-01,4.676501885617445065e-01,6.975387687381922053e-01,8.007954291995098561e-01,9.331565687176422985e-01,5.444596509142765051e-01,6.712983357294688425e-01,2.583407503988764953e-01,6.903500923153352842e-01,4.375199048318383355e-01,8.350289157502636117e-01,7.185675635429211727e-01,5.609122956920760128e-01,8.296976700002177407e-02,6.410113166836750587e-01,5.505472356731785366e-01,4.265593520573999764e-01,9.354870774438155401e-01,4.725673529783396276e-01,5.419031199239827679e-01,4.429757924343008524e-01,5.187575381001791053e-01,3.680497938993053664e-01,4.221066685501380644e-01,9.773811776181616784e-01,2.272109574767036122e-01,4.120056061118525514e-01,2.492756392548364786e-01,8.880513597387076352e-01,6.001208274919590524e-01,3.751952745551073720e-01,4.704128432131842175e-01,3.771658132079633852e-01,6.464503843847383413e-01,5.637497803231619198e-01,9.487976857914647011e-02,-1.423998218453959019e-03,3.482288784447331587e-01,6.267818892154629340e-02,2.115309751171859098e-01,8.370617481612316890e-01,6.491454379394321350e-01,5.645214885751429490e-01,6.895535312709898390e-01
7.914274844199502557e-01,6.235107578527347982e-01,2.407297698183468726e-01,6.553552660964179211e-01,9.268238777254820260e-01,7.997975023234872305e-01,3.907899419922731266e-01,4.437422491106807199e-01,6.709269643974171693e-01,7.137605903448319689e-01,8.203415486732354989e-01,5.136020943884013201e-01,0.000000000000000000e+00,5.460855061836926705e-01,7.822447742340696841e-01,8.799369593822605751e-01,8.944869450260826138e-01,7.570878282502054857e-01,8.197872175164897524e-01,9.694123813016226610e-01,9.591793563628008279e-01,3.648539882605994489e-01,9.999344852268414741e-01,9.720640986234755365e-01,2.329992092393304293e-01,6.398252328084117480e-01,5.465601574808510721e-01,7.633320447849797352e-01,5.875572969942077783e-01,4.768289483460135258e-01,6.027347167722157950e-01,3.398170830089951022e-01,3.583041598048060106e-01,3.571567940408993946e-01,4.349229860346684462e-01,6.080997973223501996e-01,4.918298669362750758e-02,6.054802778734699187e-01,7.169702362639722715e-01,8.842285047418491084e-01,4.616368951147032940e-01,3.751460181560534735e-01,8.714719779350762474e-01,6.546672313547485800e-01,9.374458814591540845e-01,8.434512031197113346e-01,9.393069050886786453e-01,6.740597492332592866e-01,4.248810838093921571e-01,4.294623027153127715e-01,4.440156076413819264e-01,2.945416502853606677e-01,7.124768970013597436e-01,7.518486395106033227e-01,3.520206513752046629e-01,6.642571018032491503e-01,7.612976704561515984e-01,7.692017192490953059e-01,1.397934184779345557e-01,5.332855389463337925e-01,5.048895074789612469e-02,7.277294825495413955e-01,5.745838319173607323e-01,4.242882851726094140e-01,8.497983070838959208e-01,9.401023455394870165e-01,6.884990572544394949e-01,7.023491775454890895e-01,6.500939471109228318e-01,7.070881957643982973e-01,4.126800260583760593e-01,4.837363019844600487e-01,4.406262678180951631e-01,6.546664738992903354e-01,7.622123455827065630e-01,5.224293067380485489e-01,7.975011487119314513e-01,8.950528072945035385e-01,2.585420136444567807e-01,2.221534721027195458e-01,6.690215340136845823e-01,4.278004827259325737e-01,4.037031909102322125e-01,4.093412134198419206e-01,7.257568120818418400e-01
6.321076635236937413e-01,9.617508121491790130e-01,9.365980170796974758e-01,4.896359464490054325e-01,9.244032745922348138e-01,9.267087836977835336e-01,4.404793163643703213e-01,3.015990591176647695e-01,6.264859421151363073e-01,6.310762445903421725e-01,7.474542341544462287e-01,9.178543003549523016e-01,5.460855061836926705e-01,0.000000000000000000e+00,9.546360018790460700e-01,7.036885992466305195e-01,5.929076079068695826e-01,9.828428527069441589e-01,6.866457460160296788e-01,3.878163419476899909e-01,8.573073100591468432e-01,7.698764688130670386e-01,6.460277940087322257e-01,9.802137620592167311e-01,3.473050216749483665e-01,1.522655612531084446e-01,7.552668879621227127e-01,6.422062874351006645e-01,7.111275069165439167e-01,2.010671433182096846e-01,3.260936204672649774e-01,2.859220667870882027e-01,4.696288087776370745e-01,4.989823180600628239e-01,8.032625238502170140e-01,3.084895541222924531e-01,2.811318214236315782e-01,4.077265526298731180e-01,4.246923438940823359e-01,6.477118144684985701e-01,3.772432135815809717e-01,6.934051245270632657e-01,2.234349662584372009e-01,9.540822418668182259e-01,8.136690320389172726e-01,9.873276527945584746e-01,4.665456135463680321e-01,9.390919752623680949e-01,8.813090732366642976e-01,2.924480628541313854e-01,5.681727915511125548e-01,2.695091568454932585e-03,7.952631943739985054e-01,3.881234220602499674e-01,7.888593925352027636e-01,8.556165518236624745e-01,3.238729858058511657e-01,9.320034996222115176e-01,7.426911967765668088e-01,4.376874216303139331e-01,-1.885666052970325357e-01,7.054772074247461777e-01,2.277363982344049465e-01,6.532172774003202065e-01,8.056235534505673535e-01,9.414636550950001848e-01,7.921518575613523128e-01,8.955701048082692628e-01,6.730160680503736170e-01,4.397683176432624075e-01,7.714721117617155954e-01,8.364732567633763605e-01,6.684754068773923752e-02,3.405886642456966151e-01,5.902089452998569019e-01,9.457384414267211437e-01,6.651200009525355394e-01,7.757511376194170527e-01,9.707635960674798614e-01,1.917084862335738105e-01,9.909041077603297776e-01,6.716375917705728060e-01,8.762972162107414142e-01,6.489568393009267355e-01,6.600850816359067341e-01
6.193894883745822977e-01,8.755295424747771005e-01,4.710431442457160278e-01,5.933068146987889868e-01,5.741385134745019547e-01,4.275740992531864570e-01,4.023565617917843062e-01,6.237970626008784159e-01,7.631236389637108264e-01,7.428039560060243351e-01,4.924027404863131618e-01,2.875935170996525292e-01,7.822447742340696841e-01,9.546360018790460700e-01,0.000000000000000000e+00,4.570764689045681006e-01,9.514635885638502710e-01,7.365360146213333348e-01,1.862642268180397520e-01,7.457855513471860487e-01,4.364557861363342894e-01,3.012233299041163215e-01,6.104095504803674910e-01,8.807066056872173698e-01,2.114103231914793435e-01,5.754280168225920367e-01,6.437741314252587443e-01,1.117176265894275280e-02,9.009720568309596833e-02,3.615028608711331470e-01,5.904124622233679620e-01,6.944338724317665745e-01,4.449981639925136290e-01,5.354871010367371342e-01,4.355257366480242420e-01,3.858719081066602219e-01,1.271312795802105322e-01,3.872210438966158241e-01,7.847550394363604909e-01,5.387319531400639461e-01,2.309165687671983769e-01,7.526238215516123375e-01,7.545386277483241422e-01,3.256723246828431284e-01,9.237650725624555470e-01,9.012018563776292845e-01,2.898170576364392792e-01,-3.491006191740564368e-02,2.218911447559746841e-01,4.840535259752291597e-01,4.702664729171222024e-01,4.652907814217500659e-01,8.872021673251964113e-01,7.743626214142345088e-01,2.668994358389215060e-01,6.458978062220522842e-01,6.962527690375436284e-01,9.450439288011885930e-01,9.895310363897487083e-01,4.245577972616725870e-01,4.294643205734326452e-01,6.611076825030459680e-01,4.313140126333464552e-01,6.175235936378666857e-01,7.169511208423331450e-01,5.650694822448036891e-01,7.842668198475122310e-01,5.088364853971969470e-01,7.871567932963456915e-01,4.736712355948104469e-01,7.089560658958404815e-01,2.418239297008731026e-01,2.583102100272759438e-01,4.860184417315146499e-01,5.618373898311492809e-01,2.689866927387740692e-01,7.167489100448726225e-01,4.430208874505215388e-01,3.707910000270379092e-01,3.045027186015250020e-01,6.719005616411071191e-01,6.463115613400388648e-01,5.683706515675390758e-01,5.666036305660597794e-01,6.583959851413063724e-01
2.997325239576899003e-01,8.690407534184471094e-01,6.734253077549027244e-01,4.384534956098828928e-01,4.634432466941197926e-01,9.275621929507340546e-01,3.682233160128886018e-01,5.012260168463701371e-01,4.670206700312496961e-01,3.786743502474820833e-01,6.857010630921578365e-01,8.302755579222967364e-02,8.799369593822605751e-01,7.036885992466305195e-01,4.570764689045681006e-01,0.000000000000000000e+00,6.826769130559485754e-01,6.107257743394692850e-01,7.249849181441928581e-01,2.841553305760606274e-01,8.098787198561842038e-01,4.093865236438160027e-01,7.396250444727793250e-01,8.078441494349969387e-01,5.433433452205668202e-01,9.622636975467132592e-01,4.812067538362312380e-01,9.242072803217047383e-01,3.438027713073136260e-01,3.032623328106939797e-01,-8.045539250165772982e-02,2.449100133510935251e-01,2.080741390408664127e-01,7.642213608507053557e-01,6.087901838129018417e-01,3.643231442167047529e-01,4.674949083957972151e-01,6.248597989438146039e-01,8.494624694268486653e-01,6.840000028487862593e-01,5.691290951244659668e-01,6.430796035126375987e-01,8.057832373517326285e-01,6.130389137074983008e-01,8.509948787007923787e-01,7.117262375139764563e-01,6.841366682331284990e-03,6.560868912764479255e-01,7.185865738893787436e-01,4.452867561527160123e-01,6.648009082306810535e-01,4.802077492987694707e-01,8.967237990543183157e-01,5.755288043831994216e-01,6.060135880887601578e-01,6.766094164394226285e-01,2.170793524479287806e-01,9.228402792101292329e-01,8.681808599718565667e-01,2.032409554629148740e-01,4.139651397532219668e-01,7.961190009542623569e-01,6.476085051608975185e-01,8.587860164140629360e-01,6.080796568331954255e-01,5.713945134323507036e-01,4.314930451813958068e-01,2.302221727715090815e-01,9.183341715736014210e-01,5.470710587919749290e-01,6.235378862757983143e-01,6.866607956116658196e-01,-1.111161426092122512e-01,4.028919284758107899e-01,5.819367318110647558e-01,3.715546249181984617e-01,3.282179716620569621e-01,7.258553135089839126e-01,4.043667067195169662e-01,2.455931445535201041e-01,7.146288332371772967e-01,8.874925227848361464e-01,8.110581354750359129e-01,3.144359041318905978e-01,7.490114421648419452e-02
6.633829305570804191e-01,9.948212388530738304e-01,6.753522178379925966e-01,6.851172799008673486e-01,8.013156281281026416e-01,9.692781755811119559e-01,9.057840581355850462e-01,4.735761095318195002e-01,3.035816394955055952e-01,5.080625674891657839e-01,2.673639791927148179e-01,6.308811365407893668e-01,8.944869450260826138e-01,5.929076079068695826e-01,9.514635885638502710e-01,6.826769130559485754e-01,0.000000000000000000e+00,6.127258234955385019e-01,1.084559552060341547e-01,5.298531181719163818e-01,2.735097989681337660e-01,3.179024294994327038e-01,7.827383031362911137e-02,8.899515047541509682e-01,4.657701679033658948e-01,6.363702521480349983e-01,9.393030530843627934e-01,8.711295463784720639e-01,5.720463227530341310e-01,3.100089465494309526e-01,3.236946294176376027e-01,7.229154659867861321e-01,9.877153164814169717e-01,7.100217743189585207e-01,9.603719540990149905e-01,7.320753852595960343e-01,2.795663305711818536e-01,6.085886570181143762e-01,5.960387794460432209e-01,3.612029835456703752e-01,3.808843156043435763e-02,6.513978312780488444e-01,4.063747588253296961e-01,8.677316970309607580e-01,5.900567243811529750e-01,8.166163850042926775e-01,7.332645882137420745e-01,5.609009580818516971e-01,5.326503907953340500e-01,7.544629174267264426e-01,2.339757620963256179e-01,6.213291558286572203e-01,2.721072574205611883e-01,6.692939974291947092e-01,1.845475392817341742e-01,9.420661742709199871e-01,8.865343854480350894e-01,7.319460576476374269e-01,7.096508046625964461e-01,3.195045930059156047e-01,8.250824088469960182e-02,6.703782067707209080e-01,9.297431537447299332e-01,5.848579343802022823e-01,9.263782780843995424e-01,8.114981158305982767e-01,5.471323520939812557e-01,4.466958237817913457e-01,3.957038366121950340e-02,5.764070484660409610e-01,7.882408709381174550e-01,8.687632796698596671e-02,2.221723688845130829e-01,7.630092966717941794e-01,8.011704797959953162e-01,3.611967975002136066e-01,9.918346429959774557e-01,7.450410830496312364e-01,6.906121009145548273e-01,3.500698913268965873e-01,-5.470371010317551241e-02,9.326264162414804604e-01,3.982939269815670702e-01,9.661845128282958717e-02,9.041048383355531071e-01
3.788624471904500357e-01,3.071094595543844563e-01,5.396106347715756701e-01,8.124278462496822284e-01,6.507830688848047496e-01,6.031907087279991808e-01,5.305936570793882145e-01,5.036807005782582003e-01,2.848553718544467594e-01,6.662860881009521341e-01,1.501310595679872795e-01,6.413302264740549097e-01,7.570878282502054857e-01,9.828428527069441589e-01,7.365360146213333348e-01,6.107257743394692850e-01,6.127258234955385019e-01,0.000000000000000000e+00,6.153626727004839481e-01,9.875373013522164012e-01,5.991369943168063372e-01,5.944066517935377991e-01,7.243242395583423532e-01,7.802324895725600840e-01,4.289967954489843360e-01,5.747374725811904561e-01,7.410967334845308674e-01,7.875329196173395108e-01,2.431267790296630371e-01,4.312192053700095173e-01,2.095945098596452283e-01,4.330786401881441261e-01,5.950643220789093579e-01,6.510990172698521983e-01,3.183924091330100348e-01,2.003616514815275695e-01,4.335106057772518673e-01,5.535146852615049906e-02,4.542370396930523468e-01,3.488589541047458220e-01,7.275422704080756198e-01,9.647522909483221554e-01,7.036829411795790801e-01,5.527169295074907396e-01,9.888996283144667609e-01,2.278294021320498575e-01,4.255902729380356408e-01,5.285424260038945610e-01,8.848789262298765168e-01,2.038139285092002706e-01,5.000646801970369815e-01,9.554157453332913219e-01,7.554532303823409123e-01,4.161180916363684812e-01,4.308355852010840592e-01,7.229848230200466297e-01,-4.613544416257811531e-02,8.839266124636013799e-01,2.118567517366531927e-01,5.268373629615983322e-01,4.178016233407468860e-01,5.760075082269020541e-01,5.373595679266693903e-01,7.170440139031329929e-01,4.750716779389796418e-01,4.662694849652562201e-01,5.528370530765558399e-01,9.989636887263224629e-01,6.717047248248453339e-01,4.534583565212940010e-02,4.547169872335120044e-01,5.028584575733768824e-01,5.769339782511426762e-01,2.017466307486927568e-01,3.288535396582530357e-01,3.831970267964759369e-01,7.405835489845302710e-03,5.587193135391558263e-01,1.965482409306976708e-01,3.537553701437079479e-01,7.492034267763209021e-01,8.893336794997628303e-01,2.148187655538448260e-01,5.685954427309105608e-01,8.434205269833222607e-02
