0.000000000000000000e+00,6.104339909899965111e-01,6.815086144418773806e-01,8.334782857954206037e-01,4.858339022178029820e-01,7.369790681265164789e-01,3.200206374223692474e-01,6.017453507930108358e-01,9.165386127503221125e-01,8.823350569104170260e-01,4.767419310543787869e-01,7.876568894270898902e-01,4.595110586773494821e-01,8.111348078149428487e-01,7.406062074704765630e-01,4.055610877217575294e-01,8.557009543181111066e-01,6.460982676761292121e-01,8.001009418687691221e-01,7.761161409353398710e-01,5.189973438162618358e-01,7.083746476490861976e-01,4.528414731248868730e-01,3.219638520862107001e-01,6.460614233051576241e-03,9.185037435750298407e-01,5.843917138217690210e-01,6.910113675614221185e-01,2.160563130200458537e-01,3.918096718317609639e-01,8.717520864693684146e-03,3.978913717767713631e-01,8.843395268876113047e-01,6.320353662989693921e-01,8.684203390002417366e-01,2.989194097257906191e-01,4.011593635301919925e-01,9.237038156601672378e-01,7.459907347093787111e-01,6.946716418840911400e-01,3.524746753819563150e-01,6.362608233500085531e-01,5.680602943845723951e-01,2.191555414006433611e-01,6.808856815609672930e-01,4.733208238914040078e-01,5.524962962831713176e-01,7.635474220461203609e-01,7.868587377538085459e-01,7.518011650325538975e-01,9.834510963261229310e-01,6.565083220720404622e-01,6.448362793320547848e-01,4.193928024855558268e-01,5.526168293564317491e-01,8.318797289564384689e-01,3.708648217945382242e-01,7.275311380462156086e-01,5.758488551254868915e-01,6.518865857171305400e-01,-3.066088257468302380e-02,7.118785918453239825e-01,8.594067340233091379e-01,7.798551523054351176e-01,6.575700329081268780e-01,3.512874874518913670e-01,2.309839806967020348e-01,4.167254177371370050e-01,9.127416330920468113e-01,5.238719339631945360e-01,4.837046090237874796e-01,8.952723422761130756e-01,1.962601877247414639e-01,2.503901162813681469e-01,6.650030207399082460e-01,7.185059076780025977e-01,6.235499447151763297e-01,5.107072575553084359e-01,7.809943422152098025e-01,3.071923192167594005e-02,3.245893686891693219e-01,8.547258735370044658e-01,8.442340736182702976e-01,5.292876924008378392e-01,5.021639394170108739e-01
6.104339909899965111e-01,0.000000000000000000e+00,9.341001996399216356e-01,7.271311957987328656e-01,6.349165119113719946e-01,5.422104394950832962e-01,1.003012422886628841e-01,5.727552664981037100e-01,2.135846916266637141e-01,9.888112126814279090e-01,6.628276783000669470e-01,6.202457620222854295e-01,7.887936323658535365e-01,5.596009682722039580e-01,7.909892257702260121e-01,7.640355587867107001e-01,4.204988410241907726e-01,4.399340183624075862e-01,9.630524796830371992e-01,4.607244316927920358e-01,9.551230530805895347e-01,5.563574439340172040e-01,3.278681212519035659e-01,5.745134828809685956e-01,2.713726643617174195e-01,9.747416698797657375e-01,1.816158965078341903e-01,8.735344421801731762e-01,2.566346795566796374e-02,4.921703805471812632e-01,-2.260557156608059004e-02,5.522561896154348782e-01,5.792008115552770287e-01,3.073145370280102040e-01,4.167922950373822988e-01,7.986635981194200040e-01,8.822529665168674651e-01,2.265635334316537519e-01,6.708225833025566187e-01,7.283151228459826543e-01,5.777335805139868219e-01,7.779993418088705370e-01,6.748815617158254732e-01,3.385660288075342805e-01,-4.748745057470971087e-02,8.483810064139669649e-01,4.273039979942811484e-01,7.369355452876817925e-01,4.826375452852517123e-01,2.193876341231271732e-01,5.648906480873384650e-01,3.787685721174549602e-02,8.536790203510651320e-01,6.032824320464963419e-01,7.641949003288048825e-01,4.996885388400322259e-01,4.476771767389266521e-01,5.059358225999954772e-01,6.383344023595798333e-01,7.886544013061341785e-01,4.178404003437711789e-01,5.057487667509688034e-01,7.453832639821311723e-01,9.420426184996559815e-01,7.007051580771879173e-01,8.252984932879259272e-01,3.730308635151413643e-01,4.468919592712222721e-01,8.706382646826240634e-01,1.278781187120641982e-01,2.880210131938708562e-01,1.074796894365981359e-02,1.732201072789257279e-01,1.995028150920589161e-01,6.715877146749271720e-01,9.521390501761231029e-01,6.404603208311394624e-01,6.529849847711317601e-01,4.496345346367326412e-01,6.090680208006994389e-01,5.172317315836260088e-01,4.566374121767823313e-01,6.674581987090973945e-01,5.100858572469235686e-01,8.838263668622862168e-01
6.815086144418773806e-01,9.341001996399216356e-01,0.000000000000000000e+00,8.746970343912972012e-01,8.754441780435144871e-01,8.802816318772361814e-01,8.657635693564578183e-01,6.158489538495202087e-01,7.789816497030009890e-01,6.573000163017380659e-01,7.781411895100616150e-01,4.532634079173596953e-01,7.932249061548043434e-01,9.783027256757791390e-01,4.276432285386386895e-02,9.988140808926750935e-01,8.036217217980731187e-01,5.565761818168031283e-01,8.681997665743569348e-01,8.062548830511586662e-01,7.102695372705464250e-01,8.000293884216640450e-01,6.382454791389885473e-01,8.111877779957742396e-01,7.835243106411672320e-01,9.864150306762895504e-01,7.715673542865006951e-01,9.595105920732044380e-01,6.245902461122163629e-01,3.437159541224280024e-01,5.038743397027718451e-01,5.943792083450873953e-01,6.432579337159584076e-01,9.741651380622289302e-01,5.413345344843629725e-01,2.790767270543507150e-01,5.188710748983247356e-01,6.306275081924701542e-01,9.984724351050882074e-01,9.604994902777178600e-01,4.765670124756687942e-01,8.977509394235624329e-01,9.037050288757544347e-01,6.942280301695648026e-01,7.597980660036456335e-01,6.351140745160520629e-01,7.955683368408736911e-01,5.578187311223470335e-01,8.168775231779141777e-01,8.787924903661732401e-01,7.043444017161076820e-01,1.829053256778679915e-01,4.081626382323100266e-01,7.675566853305471060e-01,6.196746653604316979e-01,7.145162422488775533e-01,3.530336042513749772e-01,9.130451325286559339e-01,1.624832379872312438e-01,2.893637583434556515e-02,5.947253975718556074e-01,4.243155155584649174e-01,8.005202381946111556e-01,9.547035435335197162e-01,8.115734393022477899e-01,5.734193954172416285e-01,5.943020360437192284e-01,6.887943544484754765e-01,9.208011910915161469e-01,9.602554149224326041e-01,6.043981130766860055e-01,9.872330252129948303e-01,4.220463599837094293e-01,9.709982170135347812e-02,8.369069146349762400e-01,9.790970748910828858e-01,9.753908108259995435e-01,7.537322262251916483e-01,2.197409857880262829e-01,1.889781944048156692e-01,7.094646328509722766e-01,5.575675858925726036e-01,8.085078850792760674e-01,5.642301561913778407e-01,4.887415196572938436e-01
8.334782857954206037e-01,7.271311957987328656e-01,8.746970343912972012e-01,0.000000000000000000e+00,7.877806446302557664e-01,8.269474390712703293e-01,-2.307708830036617198e-01,5.313202775215565277e-01,7.151722432819667130e-01,5.072998444634103654e-01,7.207742808366629506e-01,9.991035662166013465e-01,9.192983841972027781e-01,6.317888592609952614e-01,3.884269562831518252e-01,7.384576772363227182e-01,6.900914444104635503e-01,7.753951151193961833e-01,2.661181177614865279e-01,9.450199785344998160e-01,8.607903318130413206e-01,8.987390498659053595e-01,6.004788212242673229e-01,8.726880668427980936e-01,2.437253350711337530e-01,7.272697419071714187e-01,7.118292165387994919e-01,2.796288381710766435e-01,4.546592755146749987e-02,2.396997060188869044e-01,9.605984315377709415e-02,4.115148997341286918e-01,8.532608886634780454e-01,6.961332091942973310e-01,7.666631196910274060e-01,1.161809045460104883e-01,5.407622969804122270e-01,4.204554630375376828e-02,4.291496402472697036e-01,5.431530298872531137e-01,4.458378434235814036e-01,9.121250077047458049e-01,9.230949001719607194e-01,8.031727196113492839e-01,6.123125645402595074e-01,8.570324589326875353e-01,8.953804012405124357e-01,8.295576823849388770e-01,4.375527191676627514e-01,5.943810016150933295e-01,5.127434348276812548e-01,9.457422859118380654e-01,8.682964155935032347e-01,1.297594750474647118e-01,2.081876517317947373e-01,6.672128474239668039e-01,5.092888255996870228e-01,6.893755832155756824e-01,6.404441828960728555e-01,1.583881878194245418e-01,-9.252046490432619397e-02,5.325927714970269018e-03,9.585387542887582324e-01,4.182881291503274257e-01,5.646164526598951294e-01,7.329024246066762061e-01,7.202187949957638002e-01,7.201998147947797912e-01,6.836664300575898690e-01,6.095634729265934082e-01,6.991350710642154631e-01,6.175499488955340510e-01,2.452751936848404646e-01,8.790234926974427321e-02,7.416830125427114062e-01,6.023059157696701860e-01,5.585980264860946898e-01,5.788410714936664814e-01,3.686791358296295229e-01,3.518959851520956361e-01,2.554783939937332327e-01,4.688666674074262741e-01,5.250185348619474945e-01,5.254555027890822627e-01,7.214911336501834693e-01
4.858339022178029820e-01,6.349165119113719946e-01,8.754441780435144871e-01,7.877806446302557664e-01,0.000000000000000000e+00,5.487722945840975974e-01,5.556659757673789723e-01,5.504252033845049574e-01,5.674028271847630922e-01,5.682430911778968419e-01,5.187238410771783936e-01,2.308563228079186791e-01,4.994091432201407943e-01,7.935397000226362962e-01,4.909420933828894107e-01,-1.423137193344109486e-01,4.928664771477015427e-01,7.696969481695536963e-01,4.073379166033694876e-01,2.515478236952890523e-01,9.531850381154396423e-01,4.554832071444006036e-01,7.840052775036371324e-01,6.765210693181684665e-01,4.519666197553329767e-01,6.591436955638232398e-01,6.125438018106840188e-01,9.703250119828769060e-01,6.267286295769955995e-01,5.762896371243030336e-01,9.465214044197070575e-02,2.447363887232442137e-01,4.853754374174875652e-01,4.493489662128321571e-01,7.550952558399335324e-01,3.493681254485631049e-01,5.445970337772695347e-01,2.666044232364321864e-01,6.004773866383567027e-01,7.874157278188287368e-01,6.810049727465434799e-01,6.987757910689605945e-01,8.498489126353018230e-01,8.297214126114361710e-01,4.470447106712860386e-01,4.292811197159234760e-01,6.499571698338192371e-01,2.253022717532696950e-01,6.167855577280557666e-01,2.295957794945470420e-01,7.775314969491325945e-01,7.407941703646054865e-01,6.939296004094576142e-01,6.330619390920075862e-01,8.400997511664070050e-01,6.037093126808122934e-01,7.153378601017532645e-01,6.677313424732065350e-01,6.463385145546581834e-01,5.157129912446454245e-01,4.229151111499578758e-02,6.756117304649622568e-01,9.756764244362501337e-01,9.759821672123916159e-01,7.315928032500766953e-01,1.641873861739715224e-01,9.478357740714086210e-01,7.863177715680979007e-01,6.355030614316461435e-01,8.230678585558021121e-01,9.617130712795851633e-01,7.901859298515394592e-01,3.747807964112769286e-01,7.393345879964501322e-01,5.940223270919201548e-01,7.100976037710334809e-01,3.196594125779532169e-01,4.092696085556907226e-01,2.189497503993371175e-01,4.778244842024613748e-01,2.685730058690358746e-01,4.833352332182389022e-01,4.046186307626251644e-01,2.792553364352921008e-01,2.267530397376734952e-01
7.369790681265164789e-01,5.422104394950832962e-01,8.802816318772361814e-01,8.269474390712703293e-01,5.487722945840975974e-01,0.000000000000000000e+00,8.084845975482730651e-01,6.526494043886071905e-01,6.237421759871373261e-01,4.832866310008760991e-01,4.685354859634641711e-01,2.041516336182848668e-01,4.305661241869495615e-01,7.609400102021901535e-01,4.798366320771646487e-01,8.779620910212695417e-01,7.170790856957800496e-01,5.870253772036974071e-01,5.531154161906027822e-01,8.824647823329740959e-01,5.440903425657362957e-01,5.681693710494253313e-01,4.187029747495219500e-01,7.015168480468448875e-01,2.819964240669870503e-01,8.294073356896434213e-01,9.106163825101259990e-01,4.079566325903143942e-01,5.192662897301573155e-01,6.298345276714640839e-01,7.684495302351191937e-01,4.774251914490817428e-01,6.740487543585222951e-01,5.608990925640771064e-01,7.766015678731073013e-01,3.322702036597418029e-01,3.161861929869769217e-01,8.567498111352729318e-01,7.450376912919309813e-01,4.857276195109127559e-01,3.352224368829352930e-01,6.298845221995057475e-01,8.318751224966919322e-01,2.746865562665705141e-01,8.969925298078779141e-01,1.764007562079674962e-01,8.136534806546876775e-01,6.884651897824636269e-01,4.461920477342725677e-01,6.788174036104327458e-01,6.796784653598386683e-01,6.043673600045361693e-01,-5.526021039958095571e-02,4.490951983681986115e-01,8.638840785598792538e-01,6.157224244596420926e-01,9.264288107007510042e-01,3.167865492597753962e-01,3.131096713055394609e-01,3.220009839929856565e-01,6.076084201105967919e-01,5.586625919309096133e-01,7.776014739461997172e-01,4.372935521263940362e-01,5.686177450012002144e-01,4.040471653436506494e-01,4.078081415065849535e-01,8.642932204263812368e-01,6.686673189438531173e-01,7.835320522197943838e-01,7.869579362731802252e-01,4.837528596802666003e-01,1.598909552049056493e-01,5.034045216167795656e-02,-3.708596352149676201e-02,9.077629919305234552e-01,6.886645839616412079e-01,2.404529142776510447e-02,3.680714827800324329e-01,7.043537684286783375e-04,5.487649358327884030e-01,6.519080900427787206e-01,7.908855801328708024e-01,9.008676098130373455e-02,7.259203943309376905e-01
3.200206374223692474e-01,1.003012422886628841e-01,8.657635693564578183e-01,-2.307708830036617198e-01,5.556659757673789723e-01,8.084845975482730651e-01,0.000000000000000000e+00,9.685849447036721793e-01,4.009378134446340836e-01,4.815383260987726177e-01,4.950171932651417084e-01,2.634433330229860037e-01,3.092664796694332696e-01,3.206525526214701882e-01,4.694343814246846880e-01,2.847622696810466758e-01,6.679681246875369682e-01,6.466970784083724277e-01,2.342928940976692909e-01,9.824788907577877151e-01,7.138757481462345567e-01,2.896158969446008258e-01,4.233397008655051530e-01,7.440203864153410729e-01,-8.661077197804593897e-02,4.571365832548028862e-01,7.226573240800848730e-01,7.508899952660101906e-01,4.560255956353689299e-01,5.176415897930761734e-01,1.847661068931832906e-01,7.881741221613962622e-01,5.784062384749564245e-01,1.473932130524865658e-01,7.153701855311385138e-01,5.627323425245952526e-01,3.892221256809866858e-01,4.081027757548382207e-01,4.119842526633960555e-01,6.011622134329588363e-01,5.290686734745067010e-01,3.850613029776546181e-01,7.998605674708547664e-01,3.436429005525433733e-01,8.482070026043626587e-01,3.216644492977545067e-01,3.703333033682767450e-01,7.470606595696668295e-01,7.962430365933013121e-01,7.072589309744775621e-01,7.319230126107199030e-01,4.365558612670453753e-01,4.380241464145503416e-01,5.555453180655871570e-01,7.086865250538356698e-01,3.471814591048569820e-01,7.063378994875355588e-01,7.770722780190534307e-01,9.433380958299952823e-01,2.815971416340516953e-01,5.461687863950992483e-01,6.983255623760749042e-01,6.947195928107237073e-01,6.301011821125624968e-01,8.201072048347373133e-01,4.703495234953855575e-01,2.280113239480556220e-01,1.810721280771190322e-01,5.989402887537658149e-01,5.906039919913375069e-01,5.620777736025761584e-01,4.674237698435725341e-01,1.605656485511262055e-01,3.661092205381984155e-02,5.979963039415822079e-01,2.989909557116782746e-01,5.821649381244589083e-01,5.831656761984638226e-01,2.380754167049248804e-01,1.278559628697599204e-01,4.146635724139710599e-01,2.400678371275692391e-01,3.770745544361790991e-01,4.077425858243537982e-01,6.233574183551582326e-01
6.017453507930108358e-01,5.727552664981037100e-01,6.158489538495202087e-01,5.313202775215565277e-01,5.504252033845049574e-01,6.526494043886071905e-01,9.685849447036721793e-01,0.000000000000000000e+00,4.016500912268015089e-01,6.430378734033005417e-01,6.783251782017978293e-01,3.828673229552114199e-01,6.567750503649494309e-01,7.104077466695195575e-01,5.788962720849448740e-01,5.034804437204418726e-01,6.224053906535896852e-01,4.438626015312982509e-01,3.797257611377151121e-01,4.215900688649831807e-01,8.300471359561808482e-01,8.391470644842925486e-01,3.057847553298236876e-01,4.116933119302308430e-01,6.384787557280440229e-01,7.266227894241517049e-01,3.865285799320410387e-01,2.225296423385411670e-01,3.926261364880533900e-01,7.037727063409929817e-01,8.593543910942900987e-02,4.706941459873039690e-01,4.274579952574797392e-01,3.485170772215971935e-01,3.321621110478194527e-01,1.093238880381129374e-01,4.839132859085704119e-01,7.533756849470198969e-01,8.776848386360409648e-01,4.648855399329174798e-01,-1.946953964069346177e-01,6.440409238862104813e-01,4.848727448698892384e-01,2.707096622673552666e-01,9.181112752371062280e-01,5.074141505535647578e-01,7.924554968273520572e-01,2.076844056340086953e-01,5.824866813789065789e-01,7.641361640627558627e-01,4.615288924727366515e-01,5.084993777162083450e-01,5.407587679437214634e-01,4.560278050975278274e-01,4.940952079150285892e-01,7.231884595363079482e-01,5.035587463142957576e-01,2.076657151408208279e-01,6.782528263097588050e-01,3.491566045618801351e-01,4.646552417959315395e-01,1.971780545487700209e-01,5.991752862779238242e-01,8.543669353204124128e-01,9.163596330079557539e-01,6.366380498965711343e-01,5.384221533684837580e-01,6.816829129020415268e-01,7.614518166905245300e-01,3.688700563207687466e-01,2.190804922965418622e-01,7.632054150413151161e-01,4.598506306624727813e-01,-2.931065221746839700e-02,5.328307016905970972e-01,4.652595735727279580e-01,6.900325753100210457e-01,9.870584032806861696e-02,9.027771291144995325e-02,1.745982144573207384e-01,5.110718117784129877e-01,7.458246660623838453e-01,7.229020329653627064e-01,1.748646113225707788e-01,3.806314368193373099e-01
9.165386127503221125e-01,2.135846916266637141e-01,7.789816497030009890e-01,7.151722432819667130e-01,5.674028271847630922e-01,6.237421759871373261e-01,4.009378134446340836e-01,4.016500912268015089e-01,0.000000000000000000e+00,5.520233485297436626e-01,6.903860443514315826e-01,6.062414433427708582e-01,7.088763609451941283e-01,9.700768021294787768e-01,4.376639813372171228e-01,3.137214483502811513e-01,8.563268360521489875e-01,5.735333785651428595e-01,5.872406584377068972e-01,4.482853851621018126e-01,6.931111243183669668e-01,8.416381586511054724e-01,6.223633389487581713e-01,7.089250594826608243e-01,6.101091862858384340e-01,3.540707045334875458e-01,4.208625155909395121e-01,1.510660676905113513e-02,2.057012156610077136e-01,5.620074255525583373e-01,5.106098226446995625e-01,5.327922730306445809e-01,3.662749526087053509e-01,4.447476313638453749e-01,2.322766582662456891e-02,3.990443365149514143e-01,5.366940001120683590e-01,4.715061050188621983e-01,5.455494986891888942e-01,6.077679506305051493e-01,7.790944622337467873e-01,4.560565936798264275e-01,8.295220899127699887e-01,9.270265013800884635e-01,6.452010052256244022e-01,7.735925365681006749e-01,7.147573139342890958e-01,7.575013748933919766e-01,4.144448259352678798e-01,5.002851840254441962e-01,6.751931062377304338e-01,4.854409654755132419e-01,7.158342285568272123e-01,3.624864716867680636e-01,4.416029433810186311e-01,7.526543644559419155e-01,3.699976465834852735e-01,-7.292056611361683038e-02,7.296134427710749826e-01,1.350041456928261496e-01,3.208872022469110297e-01,3.513785125569689471e-01,6.001628567254619906e-01,8.823736728625766190e-01,6.034444930801956541e-01,6.726872970531443396e-01,7.479442496556407693e-01,2.726019575306819487e-01,6.202727440917161772e-01,5.409188885559067517e-01,9.645443692790431900e-01,-8.823303931528496402e-02,3.090044276225119568e-01,8.150668590715458295e-02,1.629627449462023037e-01,9.490919171478261473e-01,3.119941411456310099e-01,7.257944923239860735e-01,2.998369324467426988e-01,1.329319421114060762e-01,6.818312208153486098e-02,9.861910154068710410e-01,6.573426044333101625e-01,4.944151726690052540e-01,6.633873463039131613e-01
8.823350569104170260e-01,9.888112126814279090e-01,6.573000163017380659e-01,5.072998444634103654e-01,5.682430911778968419e-01,4.832866310008760991e-01,4.815383260987726177e-01,6.430378734033005417e-01,5.520233485297436626e-01,0.000000000000000000e+00,4.540616821028495842e-01,2.426508173005072211e-01,7.290695028316060977e-01,6.693193470969024395e-01,5.001730590639570373e-01,9.885278214155810428e-01,7.144004326207928912e-01,8.518532662798614652e-01,7.420713795878575159e-01,3.729751105480951789e-01,9.545181426130133762e-01,4.697471139772418924e-01,7.605931886761305716e-01,7.563602390139476661e-01,7.090069282664905881e-01,4.856981594360211818e-01,8.733540773484590458e-01,6.451957642718257890e-01,3.800625711763353509e-01,4.625810153468858932e-01,5.805689268575755513e-01,4.638145617793425490e-01,5.633826758952091840e-01,8.046541078427189575e-01,5.273455002384004331e-01,4.619835514305563051e-01,5.036632267483512893e-01,4.006912715846728812e-01,6.887000414640997992e-01,4.371039229302062235e-01,6.095172498762997382e-01,4.142295931356873018e-01,4.073316240808001476e-01,2.136086408158690553e-01,7.145277817754693839e-01,8.468137472477452743e-01,8.980109531897042530e-01,7.291546699551698651e-01,7.127774071574777270e-01,2.620589430244983919e-01,6.083050052050735790e-01,6.758047728675156129e-01,9.662428210828525321e-01,1.708645472906437091e-01,5.860844838509725596e-01,7.415225150901161300e-01,-1.910543001698883081e-01,9.683252856939470465e-01,7.185910245119322415e-01,6.707027602426008928e-01,3.232081818688444796e-01,4.656707819280481164e-01,6.300692904432534380e-01,7.629083155080051970e-01,7.267863012811227597e-01,6.440561008612318838e-01,4.681561762729983256e-01,9.452501971357227806e-01,5.809324023917387114e-01,1.062059458520929756e-01,6.906584620463005475e-01,4.270268437782905879e-01,3.799484260404427660e-01,3.450812798026566819e-01,5.222612968862490046e-01,5.831888275132852684e-01,7.088369839414779827e-01,5.542403062737110142e-01,4.104277203280553565e-01,4.731575739287818827e-02,5.487459117017251531e-01,8.062900425197695453e-01,6.599342431827855959e-01,4.391157675739972843e-01,5.153117942401552742e-01
4.767419310543787869e-01,6.628276783000669470e-01,7.781411895100616150e-01,7.207742808366629506e-01,5.187238410771783936e-01,4.685354859634641711e-01,4.950171932651417084e-01,6.783251782017978293e-01,6.903860443514315826e-01,4.540616821028495842e-01,0.000000000000000000e+00,4.691705766946342449e-01,4.741785788625428322e-01,6.103369467870899401e-01,3.685014296257774769e-01,1.582325637547054853e-01,4.861324494941525742e-01,6.275033991894581886e-01,4.790411314004309196e-01,6.813338247444574725e-01,9.968943947561008656e-01,8.699259134192884879e-01,3.132580646493102750e-01,8.601216354106344664e-01,2.366558499673142302e-01,6.935172661183718334e-01,9.937202309233899022e-01,6.606564745522326421e-01,2.505122846841293938e-01,4.521490565593865862e-01,2.601070189988087811e-01,2.827908561199254933e-01,5.463547112095205049e-01,7.553021893397244835e-01,5.743316100706608029e-01,-1.293980296271090846e-01,5.306828652055805007e-01,7.268962116392850836e-01,9.852483844739973184e-01,9.883222675444284233e-01,5.093166118117512520e-01,8.604337548477047903e-01,3.726971862541250125e-01,7.572520463681399194e-01,9.081170471948257772e-01,8.445527301462137926e-01,6.784640304409098599e-01,4.713603233145250981e-01,6.815896282797708761e-01,6.611785323745504872e-01,4.004559038219048239e-01,6.641661516243193564e-01,6.650763608941261396e-01,5.128008203749717664e-01,4.904418812392219440e-01,1.960651349996596349e-01,2.802102826893658194e-01,7.922928534263906641e-01,9.343703434754986326e-01,6.843199200195013709e-01,3.317590705908142201e-01,7.193968076870931316e-01,5.470777165307056933e-01,1.472520253135542745e-01,9.166214628368807293e-01,4.391303796523144398e-01,7.834550530516276590e-01,8.683688548222351367e-01,6.487900592047796122e-01,7.263197716469333987e-01,4.757855212845709114e-01,7.755319026492953904e-01,7.871650564234674574e-01,2.584619624337902155e-01,7.713119514327049231e-01,5.794006361125515481e-01,7.724259267330819689e-01,1.589442217559824122e-01,7.302705060317944419e-01,2.054198903529024511e-01,2.472900965168328413e-01,9.041188534821045231e-01,4.356125589487237493e-01,3.026160967008552083e-01,7.822609115721093076e-01
7.876568894270898902e-01,6.202457620222854295e-01,4.532634079173596953e-01,9.991035662166013465e-01,2.308563228079186791e-01,2.041516336182848668e-01,2.634433330229860037e-01,3.828673229552114199e-01,6.062414433427708582e-01,2.426508173005072211e-01,4.691705766946342449e-01,0.000000000000000000e+00,8.962616741671133314e-01,5.494130437586749460e-01,5.750250122649696038e-01,4.311791095564346810e-01,5.536533244800575515e-01,8.664314075250693081e-01,8.802938249355958256e-01,4.638800246815607542e-01,7.495942367206289703e-01,6.612350941244287128e-01,6.376935377474310940e-01,7.658557305854319930e-01,6.449023289131976533e-01,5.085012473810920364e-01,9.878185505223120444e-01,4.683204194218683614e-01,4.945043578092397918e-01,4.001423901060160992e-01,4.488096592076029623e-01,7.094184430367387328e-01,2.510384302233362730e-01,2.929385584598970804e-01,3.230636410586251173e-01,5.104652642268595608e-01,3.699832681399557455e-01,2.828988314633376633e-01,4.116498909667953843e-01,3.835401024440019402e-01,4.063528399166006499e-01,2.758285611482916844e-01,3.145681763419926891e-01,2.577966358920186218e-01,9.980421846281383180e-01,6.467544716188080578e-01,7.308097133695821146e-01,6.456099214402245545e-01,1.062175377768934670e-01,7.578319714297933052e-01,7.088320489171510141e-01,7.766208691085627613e-01,2.178704887970366877e-01,6.116012912573516314e-01,8.233744615445741655e-01,4.063489692044668367e-01,6.961215099187806343e-01,6.759125140727263448e-01,5.341149421178009726e-01,3.892801074117322596e-02,2.978972783553457959e-01,7.502903777017881914e-01,7.901007991705120137e-01,8.735490151989538932e-01,7.258974819438194226e-01,5.123629749766188679e-01,2.044025351488519271e-01,3.746651512182398447e-01,3.190604113210877002e-01,5.784004757224656679e-01,6.432795738685599396e-01,6.191234684646880204e-01,4.316213950050240555e-01,3.467700760727639997e-01,3.399916234658681979e-01,4.177858102385826333e-01,9.678936402571768072e-02,1.071843598848381679e-01,6.917856193485946159e-01,2.113371064542806099e-01,3.173524539963045732e-01,9.162506128799025040e-01,8.915571260680172916e-01,3.581474866747227370e-01,3.519526441654123872e-01
4.595110586773494821e-01,7.887936323658535365e-01,7.932249061548043434e-01,9.192983841972027781e-01,4.994091432201407943e-01,4.305661241869495615e-01,3.092664796694332696e-01,6.567750503649494309e-01,7.088763609451941283e-01,7.290695028316060977e-01,4.741785788625428322e-01,8.962616741671133314e-01,0.000000000000000000e+00,6.395011244838769704e-01,5.103509574270980176e-01,6.463985441199344706e-01,9.770875687204857440e-01,8.070355636197655835e-01,7.731146294292988719e-01,7.789607677952213871e-01,6.636601973419444800e-01,5.154855913592129024e-01,8.216290130877356157e-01,9.914994390631568510e-01,3.161089381127076825e-01,4.312959786523906103e-01,2.737857110491088708e-01,8.617690804062284604e-01,6.905603385995874310e-01,3.720906036076584433e-01,1.350609693582736914e-01,7.450149244569344020e-01,1.595294184031920970e-01,9.100899602466158145e-01,5.814523411587696478e-01,2.435794941643499578e-01,-9.514048743079639436e-02,2.216366915102545576e-01,9.248780616912669617e-01,8.598339882434071768e-01,3.766755429809955924e-01,6.878661550627312993e-01,2.734651727382704234e-01,4.585294188405329430e-01,6.752253361625956130e-01,9.349268066378902953e-01,5.755291758397365065e-01,7.066009754001838505e-01,4.596368129830886717e-01,-1.517242600414621945e-01,9.808497144702224002e-01,8.346499837204883754e-01,6.058104128241909025e-01,8.085321154581800451e-01,1.305755002023966937e-01,8.902261288512902659e-01,9.697495147005814609e-01,1.491688120177116494e-01,5.676640381034101512e-01,4.766073772012228149e-01,7.092072559391916498e-01,7.939573751136265178e-01,5.974302484906159894e-01,5.498491953004936983e-01,5.120363778981591452e-01,5.941367664902215129e-01,3.127626242292187997e-01,8.747852428727885821e-01,4.077076464346201523e-01,7.931039852582837391e-01,7.890301394452311490e-01,9.282926608104105082e-01,1.220499981055976901e-01,3.276589166443495404e-01,2.315173966278675222e-01,2.174655566906494031e-01,5.229934823982108627e-01,9.787286856493828680e-01,3.708127519310338571e-01,3.671985333054191836e-01,7.970122173444205149e-01,9.008870719887959178e-01,4.685393506359480931e-01,6.024878415591511382e-01,7.096600975718334592e-01
8.111348078149428487e-01,5.596009682722039580e-01,9.783027256757791390e-01,6.317888592609952614e-01,7.935397000226362962e-01,7.609400102021901535e-01,3.206525526214701882e-01,7.104077466695195575e-01,9.700768021294787768e-01,6.693193470969024395e-01,6.103369467870899401e-01,5.494130437586749460e-01,6.395011244838769704e-01,0.000000000000000000e+00,8.114583338009790925e-01,8.246630768688706370e-01,4.186227032201559339e-01,7.996939968343483862e-01,4.450888022604786998e-01,4.968356348373366149e-01,2.392280830280216208e-01,5.328526938453554962e-01,4.079639739553573841e-01,8.918324187146550175e-01,-1.776272765201762083e-01,8.563969374652529165e-01,5.290079930419016030e-01,3.452683912512204412e-01,2.011673873620678787e-01,4.256750335476902070e-01,3.617027151114007300e-01,7.078567451905118935e-01,3.597516041850152835e-01,1.619976108903419254e-01,6.200249996605994296e-01,4.014259811923746590e-01,3.902297967042728244e-01,4.732250089382154523e-01,6.027917706731109604e-01,5.806375976190790711e-01,5.258983296883308345e-01,8.765948351166947816e-01,6.248492943118761911e-01,5.740365963354324697e-01,4.255204489005076640e-01,6.822240111999228196e-01,5.313028478981356439e-01,7.771563490634796345e-01,3.048110145406089377e-01,9.094008386351541962e-01,8.624497603975362914e-01,9.630107465854498283e-01,3.318204956596755295e-01,6.617465962780186839e-01,6.100344737420141383e-01,8.531685623442699651e-01,6.948093940819373149e-01,6.226996768268215909e-01,9.655532828097738163e-01,2.689599583488243573e-01,6.792203234650982802e-02,5.191890211668677146e-01,6.471745006068180261e-01,5.583663132425725761e-01,7.791298786774339957e-01,5.381630024016161862e-01,4.643550315630065040e-01,4.747457464985812559e-01,6.385677202467997526e-01,6.279078185930623279e-01,9.352358000226111967e-01,2.229994097202939174e-01,3.782849255499033392e-01,3.058712857913058469e-01,8.008425466389358371e-01,6.739701724574345132e-01,1.084005861179801883e-01,4.289988118262806349e-01,2.021317039409797345e-01,1.755123852541255469e-01,6.224191651212627185e-01,9.295571440290981702e-01,7.491123570216949856e-01,6.691064095378796983e-01,7.973228295873843186e-01
7.406062074704765630e-01,7.909892257702260121e-01,4.276432285386386895e-02,3.884269562831518252e-01,4.909420933828894107e-01,4.798366320771646487e-01,4.694343814246846880e-01,5.788962720849448740e-01,4.376639813372171228e-01,5.001730590639570373e-01,3.685014296257774769e-01,5.750250122649696038e-01,5.103509574270980176e-01,8.114583338009790925e-01,0.000000000000000000e+00,4.804345632611317640e-01,5.378551992367143209e-01,4.914254495982453008e-01,6.541366699749711078e-01,4.803153812466103290e-01,9.874756292684855330e-01,7.584280863338408452e-01,3.635830124886101355e-01,4.154815994361680254e-01,6.207681430261768885e-01,5.104232084998144847e-01,2.958669831096842895e-01,5.801020063631465717e-01,3.269579937812839288e-01,3.193822337650020771e-01,1.810171988929349871e-02,3.378694819531989912e-01,3.645916848108224362e-01,9.979163668194530601e-01,3.480782606679619917e-01,4.869673714337811044e-01,4.950620829457490490e-01,2.551439685747406982e-01,8.421078866915412409e-01,4.746511055488921715e-01,5.146576060711598455e-01,3.732325549241524154e-01,7.669706249380241481e-01,7.123707687870992622e-01,6.991589434476547238e-01,5.382404891438126171e-01,5.611231366894060546e-01,5.481894615617373123e-01,4.389554567658873752e-01,3.816433711301406850e-01,5.939919243629423473e-01,4.200500862643467004e-01,4.955791353368690366e-01,6.965154060985926376e-01,3.009738444887050113e-01,6.358986029786592997e-01,7.136695735127457363e-01,2.389538634620909652e-01,5.855315318313707440e-01,4.715208379351246704e-01,3.321940794954765241e-01,8.619883143457857111e-01,3.958749715969273053e-01,9.651884587365495705e-01,8.127825205838781208e-01,7.983025244382797592e-01,6.328485986711429589e-01,8.552006691743094802e-01,6.646973062069178040e-01,2.014528590706884947e-01,6.046179578060615345e-01,3.652510458257868242e-01,2.692874548996360140e-01,1.696550935999257062e-02,5.454578781546022270e-01,5.420257754934780792e-01,8.819911844076051555e-01,4.840487798499662486e-01,3.067046380106401848e-01,2.895798261024612463e-01,2.748651746745667812e-01,9.750492757296271851e-01,8.172823841097215380e-01,-3.703540255709653062e-03,4.670438586796058500e-01
4.055610877217575294e-01,7.640355587867107001e-01,9.988140808926750935e-01,7.384576772363227182e-01,-1.423137193344109486e-01,8.779620910212695417e-01,2.847622696810466758e-01,5.034804437204418726e-01,3.137214483502811513e-01,9.885278214155810428e-01,1.582325637547054853e-01,4.311791095564346810e-01,6.463985441199344706e-01,8.246630768688706370e-01,4.804345632611317640e-01,0.000000000000000000e+00,5.789030360957300170e-01,5.956958283772433305e-01,5.105255571545128657e-01,9.060834915781599275e-01,7.568245257970482864e-01,9.209598734220470276e-03,7.648197386885224880e-01,6.536767726958521152e-01,6.553743559990555800e-01,3.118977535661500156e-01,6.940634040140546412e-01,7.553361864656262803e-01,8.639371706763121495e-02,-1.474745869374264606e-01,5.364129372991098821e-01,1.174276387677122280e-01,5.305306637865130348e-01,6.023875659922749426e-01,6.890730318767496199e-01,5.425994730742033090e-01,2.808736571512800984e-01,2.721221796375887791e-01,9.639195103889280913e-01,4.655710291683083368e-01,5.239121300801694581e-01,8.624951043370840953e-01,8.161029419998674372e-01,6.659517282935196736e-01,9.463358694327895781e-01,6.797582232452186179e-01,8.243698978658252630e-01,7.359877420600139386e-01,7.135370175691052586e-01,7.396117487171275373e-01,4.374692446684955716e-01,-1.587213217245365959e-01,9.780980780681471920e-01,6.135311746229560326e-01,6.490956265927795288e-01,7.526299552544163385e-01,5.434451631917429637e-01,9.943785915335680015e-01,4.218146287931421323e-01,5.115826927616125008e-01,4.730229438689367849e-01,7.765042146283775981e-01,7.483503137766507607e-02,7.057897118995490882e-01,8.294989346251350204e-01,2.241565187820141469e-01,7.799147752684564283e-01,9.558268921390856709e-01,6.075327791945683842e-01,2.756889560154530683e-01,7.305899676029110612e-01,6.894067307678223289e-01,4.271461970738482661e-01,2.795269061632258412e-01,5.930327106111636937e-01,4.282546757548843508e-01,9.489368200902432715e-01,4.910798445927032074e-01,5.644973689482329915e-01,8.033522244712959504e-02,5.248427870245857552e-01,8.419392335399222826e-01,5.852320362109858509e-01,4.169524139864064227e-01,6.294245045736546196e-01
8.557009543181111066e-01,4.204988410241907726e-01,8.036217217980731187e-01,6.900914444104635503e-01,4.928664771477015427e-01,7.170790856957800496e-01,6.679681246875369682e-01,6.224053906535896852e-01,8.563268360521489875e-01,7.144004326207928912e-01,4.861324494941525742e-01,5.536533244800575515e-01,9.770875687204857440e-01,4.186227032201559339e-01,5.378551992367143209e-01,5.789030360957300170e-01,0.000000000000000000e+00,6.437752187995116060e-01,4.089586112644398308e-01,6.173780934823058786e-01,6.061584530473915766e-01,9.214822080317671693e-01,-1.877821749368901727e-01,8.915477298216847313e-01,5.007933987403192511e-01,3.283672103034399603e-01,2.773676076098115506e-01,7.833171816356574446e-01,2.327537031383911104e-01,3.153469263203196316e-01,4.193803604925396278e-01,8.664386895161960700e-01,4.272013278792776703e-01,2.211990869076492505e-02,8.616702154779188119e-03,3.927909127839700476e-01,9.860811058418279818e-02,-1.318084408394776252e-02,7.610738953568115805e-01,1.141434869057312840e-01,6.230351864031156151e-01,2.494496572617495023e-01,4.728711122597020755e-01,6.658518879872935559e-01,5.658347530424239213e-01,6.741380047004317255e-01,1.157531719799870934e-01,6.566407537013163598e-01,7.626270398255475813e-01,5.047038822138772973e-01,8.418627347714151554e-01,8.180340921653382891e-01,6.200644539837296687e-01,6.144769025252795336e-01,6.090777826749573798e-01,7.298665868465648021e-01,9.257004392252822234e-01,2.713390591582748312e-01,9.717717833144766670e-01,4.554118411744198514e-01,5.043633190007059675e-01,6.599703877282716569e-01,6.388053106969330264e-01,5.028700452316741121e-01,4.184738399287142308e-01,4.280527316183969089e-01,9.474356931378518087e-01,6.992967813795928356e-01,5.264723926647030261e-01,5.475339021051833788e-01,6.459248178928395090e-01,6.473951690781664103e-01,5.121933193754096836e-01,2.616061880761794134e-01,6.082906426685158463e-01,9.009173371177821021e-01,6.852242243466311056e-01,4.189677022983548382e-01,6.486946857932460730e-01,4.555384867238774782e-01,6.692705341310041245e-01,5.745780047092357012e-01,9.546227643603193425e-01,2.196263492309933341e-01,7.328533824351401993e-01
6.460982676761292121e-01,4.399340183624075862e-01,5.565761818168031283e-01,7.753951151193961833e-01,7.696969481695536963e-01,5.870253772036974071e-01,6.466970784083724277e-01,4.438626015312982509e-01,5.735333785651428595e-01,8.518532662798614652e-01,6.275033991894581886e-01,8.664314075250693081e-01,8.070355636197655835e-01,7.996939968343483862e-01,4.914254495982453008e-01,5.956958283772433305e-01,6.437752187995116060e-01,0.000000000000000000e+00,6.115221237779094876e-01,6.893281668802893059e-01,7.853552876742920796e-01,6.975402026413758394e-01,5.238741282167804769e-01,7.332874460846472431e-01,1.843738626356715704e-01,7.613436990685726879e-01,1.406156035910066382e-01,1.700216998365510213e-01,6.856490722502267543e-01,2.713646087237848170e-01,2.411492901861263249e-02,2.913214252806206606e-01,4.395047103003587030e-01,5.891699978830837736e-01,5.360522551734154817e-01,3.964891648589286000e-01,7.126762460214179640e-02,4.062954055623988481e-01,6.428773649866339479e-01,9.996615003906859087e-01,5.614116139181433152e-01,4.695715909260694820e-01,6.013260491003810104e-01,6.741276765141107630e-01,6.459498504515586159e-01,4.177060597510763862e-01,5.971189834658111595e-01,4.664447790680427697e-01,4.325469231234536638e-01,4.515505904870219522e-01,8.065058778838252174e-01,7.475148105827202905e-01,9.294185362767993785e-01,2.972855595854641542e-01,-2.469950383983015862e-01,6.102258494302068570e-01,4.518846756566356482e-01,6.389870811196366462e-01,7.303254354503967427e-01,8.135285672318604000e-02,2.046186113686334074e-01,6.850555244822946754e-01,2.608240530053059780e-01,7.127164555329869033e-01,4.452372233841944138e-01,5.252945004062652412e-01,7.843931123223538693e-01,8.432330803167635835e-01,7.387725850782197456e-01,6.759272054182637879e-01,6.922237872204440867e-01,5.272371397304472795e-01,4.719379738948860648e-01,5.300835338061169466e-01,1.223965602870686481e-01,2.750505059133695474e-01,6.121993072679611236e-01,7.286271986704100090e-02,2.905506017645948513e-01,3.559621691398393017e-01,6.450617811654337785e-01,5.973577896785110530e-01,8.101910489881822830e-01,8.215333351903137959e-01,4.250006446839391105e-01
