0.000000000000000000e+00,2.508781362304539631e-01,4.818642761230790272e-01,7.667876700988099925e-01,7.951904167491606890e-01,2.108712318679528408e-01,6.785154413521421457e-01,8.343380366118968716e-01,9.214662954180701249e-01,8.387786015542545437e-01,3.085128816021416864e-01,4.965208778648756427e-01,6.398122873620534223e-01,7.965514879200509268e-01,7.433499862634040944e-01,7.457675225573268118e-01,9.826995749908274957e-01,7.774278387224675679e-01,8.811224315618239045e-01,4.848029159866264481e-01,2.785545814092886263e-01,2.139855689565934860e-01,7.098575673883718296e-02,8.474784481733926844e-01,1.249229039579396461e-01,7.561626321847894072e-01,9.523620001345549646e-01,8.341321022151206854e-01,5.199153937713605345e-01,6.736027898751628662e-01,5.689575385653926620e-01,6.647097972946123257e-01,6.739273635488464143e-01,7.958423663366647194e-01,8.704015536542165643e-01,3.846561495900349681e-01,5.891112477761200061e-01,7.537311588197768142e-01,3.025165134915014931e-01,6.471011113258210434e-01,2.110497682095995586e-01,9.132671364658705437e-01,5.147729184008448255e-01,8.912079610203548219e-01,8.308567755702277458e-01,1.505673458815581511e-01,6.632286657049195622e-01,8.816429209588764193e-01,9.627093298382993769e-01,7.574111908340764865e-01,9.553935983469203919e-01,6.562980732390317762e-01,9.721587682750290060e-01,3.311315201927490515e-01,3.423998918898865096e-01,6.521087966476457609e-01,3.484934414259734936e-01,7.476853852682350254e-01,6.680554953064635759e-01,3.406676818980081123e-01,4.975483358530810585e-02,5.542324698524463411e-01,5.550818798546677257e-01,5.312735982823983960e-01,2.843511234645453301e-01,9.799879718502719772e-01,6.340642242045824162e-01,4.373829521497664685e-01,8.489996370510204393e-01,8.045530591793824682e-01,7.257153148308643775e-01,7.925949667271090515e-01,7.283316225383709153e-01,1.901126569872644417e-02,7.902426408666958224e-01,6.036435425218860118e-01,5.657084301313859420e-01,8.615344913267630744e-01,3.375576026416901021e-01,5.440577374355309859e-01,5.369063373310325460e-01,4.827552706399296234e-01,8.989041422459781439e-01,4.328379731796493379e-01,2.720916796471655741e-01
2.508781362304539631e-01,0.000000000000000000e+00,7.426790817334719685e-01,5.848191820895777271e-01,8.580214626735827022e-01,9.261188368375402602e-01,3.055473787916135886e-01,7.399406002136257321e-01,7.327794638706894848e-01,4.805232954029081127e-01,8.509230270298738796e-01,3.671174045175045197e-01,6.881292984561186987e-01,8.674353231778094697e-01,6.087732476574559959e-01,8.863379059354545841e-01,8.232007391205988789e-01,5.241256527234363638e-01,7.960103156336876262e-01,7.884515191716252591e-01,5.901195273321417911e-01,7.927367892565611029e-01,6.335367805343997682e-01,8.098166051709256852e-01,1.976217679627030599e-01,9.855327273101470720e-01,7.350836517810662718e-01,6.264416612858048072e-01,1.470409092765900816e-01,7.911412825762907663e-02,3.314434650156038442e-01,4.596693980805665047e-01,7.385309620980742285e-01,6.207169442977019669e-01,5.741549581229008492e-01,4.851584777085781175e-01,2.275690112766127204e-01,6.768353164059206506e-01,6.934660748374614769e-01,9.881224550978531251e-01,6.502620455876533256e-01,4.961078444470941040e-01,7.624067351143462012e-01,9.258292894160358166e-01,7.626320911219814924e-01,7.400230553361493158e-01,3.595965199238083665e-01,9.222790906169680003e-01,7.685384892894245867e-01,5.384115394128440313e-01,4.088297306350524574e-01,3.926733248065218396e-01,5.846772167101570439e-01,6.787687318949630066e-01,9.609597597387357082e-01,8.760117586345437246e-01,5.939280304052312331e-01,5.181589475657200072e-01,6.063007005271320304e-01,4.924720742596369605e-01,5.747931131569485874e-01,5.980324571148685209e-01,1.427248030605563212e-01,9.828208417002042285e-01,9.966272584019055802e-01,7.271657067501017258e-01,5.195716179115791311e-01,9.764418343045895288e-01,7.904731685858829016e-01,7.075503980219136624e-01,7.684502094103331515e-01,5.393890450675666859e-01,4.380815270316562593e-02,5.717698237755785007e-01,3.687661665606196126e-01,2.344549231620629837e-01,9.968807597925934960e-01,6.797778995385495016e-01,2.099174672495598692e-01,5.959411125202388471e-01,6.979753207619980859e-01,7.230112406500479594e-01,6.372341654400730526e-01,6.932380013667889251e-01,9.888836217416039354e-01
4.818642761230790272e-01,7.426790817334719685e-01,0.000000000000000000e+00,8.595934111211132045e-01,8.737395471156607085e-01,5.322461448749706836e-01,8.286982680662210443e-01,9.123673279153190485e-01,7.990381654001519340e-01,7.155397523634527968e-01,7.885460884770082446e-01,8.262054431500495122e-01,5.905212724049044987e-02,6.313114558073473770e-01,5.662868122766155921e-01,7.286673551235740565e-01,6.718677039342139112e-01,5.007629476486500364e-01,2.491994153189711070e-01,5.420696620865228521e-01,9.425581152424805653e-01,4.680490443851405002e-01,3.150083809365881726e-01,6.245852701012805097e-01,6.859306647911577182e-01,2.386093542376543086e-01,6.690268340324094787e-01,5.060315605632058622e-01,5.106300839739780217e-01,2.726265152412455373e-01,3.189389233256726408e-01,9.004459111812981309e-01,5.489926347830861308e-01,2.832390367890994520e-01,2.902033507685701785e-01,-3.136889640656154166e-02,3.848169513939780906e-01,9.948190928697420166e-01,7.980784896922219485e-01,3.625096665594829126e-01,4.148554863072144161e-01,4.311175932180949522e-01,5.879461940290355848e-01,7.122628972052900131e-01,9.904332585599057159e-01,5.165349453037560989e-01,7.733393811319417832e-01,9.288874725704925339e-01,8.024172794349893056e-01,8.584979971883198724e-01,8.453683281688424422e-01,5.304241766868568186e-01,3.705384001488702950e-01,8.912599510990834029e-01,5.794314150427706256e-01,3.155400355508449772e-01,7.129882021964778493e-01,7.026286322483488167e-01,7.195639575574707125e-01,5.234605329146043706e-01,4.964709762525824077e-01,9.161601180728969895e-01,7.644750944447138430e-01,7.609243205925436682e-01,8.044104639385479816e-01,9.419991964667153717e-01,8.884465876378989657e-01,8.142540023208899580e-01,8.918478275589092341e-01,9.570853859829042687e-01,7.942989449233983645e-01,5.019901203579446580e-01,9.853234189501326734e-03,2.828666891163912900e-01,5.329324233253599497e-01,6.731731647134497898e-01,1.492862165674204156e-01,6.779646440092613746e-01,5.791120228028909800e-01,5.337945986319756475e-01,5.390557060349949747e-01,7.757561312204264148e-01,6.719848913490917841e-01,6.753083560911191663e-01,6.368330361972190934e-01
7.667876700988099925e-01,5.848191820895777271e-01,8.595934111211132045e-01,0.000000000000000000e+00,7.395114065750943988e-01,9.411971721215036668e-01,4.433972870694389834e-01,4.577629393846243122e-01,6.165432701619378841e-01,4.463384950807728901e-01,3.616588563718582394e-01,6.654244147642393026e-01,7.655175801015812187e-01,5.810239228855454963e-01,6.512784373118132297e-01,6.309647921367563805e-01,3.415971715770775852e-01,6.466809914047136898e-01,8.708027472611985509e-01,6.268417075903186531e-01,3.328309547933261392e-01,7.930271873118316384e-01,4.947801588826896135e-01,6.877109026224914601e-01,4.695021153386761958e-01,9.959735186727083356e-01,6.456621743733973462e-01,5.341923607611591684e-01,5.927640603525452523e-02,4.688353349825388761e-01,7.194988389536114415e-01,5.579429871901123716e-01,4.987571144078222773e-01,4.619524186296360968e-01,8.479862509329053610e-01,5.781570545816532708e-02,4.171429232781441732e-01,4.716818783300845697e-01,3.830980522938808308e-01,9.535151171795348546e-01,4.830736183054284982e-01,1.109985630240061527e-01,3.609681929666672673e-01,6.175425676643480077e-01,2.506858632817473564e-01,5.697423651801274413e-01,5.404273429541793794e-01,9.172353964526430703e-01,-5.676564764201197377e-03,7.914292712465876845e-01,9.169034949694856440e-01,8.694114624555505655e-01,6.179930446180383896e-01,8.385886561117081861e-01,9.269430072507488516e-01,4.830759131571710774e-01,4.512617575228591305e-01,6.115055348118578760e-01,7.601357171692910697e-01,5.524998457407647168e-01,5.694981071673644868e-01,4.453446084734516419e-01,6.617860600209055644e-01,4.327692551956202061e-01,4.904587589502400480e-01,4.018035359133670381e-01,4.405711271324632139e-01,8.384717766147230522e-01,3.710951585178917655e-01,8.515601102288685720e-01,8.106062946382055490e-01,8.160397947845232647e-01,5.569256455465558808e-01,3.345759693320992101e-01,2.496206331256878852e-01,2.738833235248338549e-01,9.565909751694846586e-01,1.756974147484337279e-01,6.429108181507454667e-01,1.766623367783915211e-01,9.288229512523709097e-01,8.800203239734779581e-01,6.973602198278837649e-01,-7.198639953814503500e-02,7.485562660352227393e-01
7.951904167491606890e-01,8.580214626735827022e-01,8.737395471156607085e-01,7.395114065750943988e-01,0.000000000000000000e+00,8.357672611450323030e-01,3.808888685967022347e-01,5.197571947410266624e-01,5.065232615181819442e-01,6.740020843036240716e-01,7.278820300056284553e-01,7.503799111801379151e-01,7.372513853149700314e-01,7.426542900082253595e-01,7.159257469679317643e-01,7.836840221143521745e-01,5.082641406249558402e-01,7.545155686592275313e-01,5.374837579264748477e-01,4.972726743351766898e-01,2.499888471134089074e-01,7.211063307294566238e-01,7.652533800553704690e-01,5.299155794597177893e-01,4.755372853086440865e-01,2.431213411856348316e-01,4.717269428658393826e-01,7.398354718182458267e-01,4.921772477755017028e-01,3.477712845981445478e-01,-1.244803247112028222e-01,5.831916979495693765e-01,7.070032381336623928e-01,7.827482485464984929e-01,8.969307060692371936e-01,4.344507614181352118e-01,2.222163681442093086e-01,4.450582332068029889e-01,7.927020354303564442e-01,4.051269823869991238e-01,1.892563175695492067e-02,9.284825143751069820e-01,9.903812253445183345e-01,8.586997965740114092e-01,5.567586597055860231e-01,3.089648891182211199e-01,6.065318619383593957e-01,8.718672498894499689e-01,5.324772718657131421e-01,6.103356443579491808e-01,7.280454534145338608e-01,9.525058336489233834e-01,9.629592612051832701e-01,1.503055468766141545e-01,8.183209396820255721e-01,8.600182282021899827e-01,6.958690622420830030e-01,6.968352116257909845e-01,2.304280021257093802e-01,3.075142662404283245e-01,5.340136322254668277e-01,6.631887858848286577e-01,4.887358296954013581e-01,2.757539844829809961e-01,6.455773834645630593e-01,7.228607006177072414e-01,5.092234572283537153e-01,7.480467177881696683e-01,5.465401917114385277e-01,9.942126667695807551e-01,3.251116953968626877e-01,7.476064328306847306e-01,2.716799665106943706e-01,3.076036115067595222e-01,8.900898003975322714e-01,6.953193124515966161e-01,9.250408699910647181e-01,1.236978873838127657e-01,5.852039314735689723e-01,3.388049716246720466e-01,4.509774044707509089e-01,9.601925465869479703e-01,6.467498373555784497e-01,3.657896146839395568e-01,9.751655803757983687e-01
2.108712318679528408e-01,9.261188368375402602e-01,5.322461448749706836e-01,9.411971721215036668e-01,8.357672611450323030e-01,0.000000000000000000e+00,3.936392225399493183e-01,2.402952038126307185e-02,6.875076400034414725e-02,7.141261218220902318e-01,6.023562691716860540e-01,5.548807734763387955e-01,4.674076617709891912e-01,9.336570814787013006e-01,6.521997082510196941e-01,5.744058862858281156e-01,2.370611033607565032e-01,7.045620301158802556e-01,3.922360783885041613e-01,8.511655404600917407e-01,6.984221294307479955e-01,5.264540518855387319e-01,8.074389272080373381e-02,6.607056725762294747e-01,7.833942679724843483e-01,7.668402418990335478e-01,4.697915978136612547e-01,4.058306945537722144e-02,2.087581483129845317e-01,3.997459551778805853e-01,-8.198516946192721533e-02,6.396382237021344119e-01,7.030460169665820880e-01,9.891939185361298126e-01,6.052949561806808543e-01,1.379061017281642820e-01,3.206693413036014739e-01,4.459603385165073486e-01,9.350899495905056202e-01,7.072503194033126217e-01,6.549056629642250327e-01,8.973299320736057849e-01,5.785376053683857211e-01,3.961385175051038710e-01,6.004089951487504573e-01,9.042712451652757943e-01,3.432309682776018556e-01,3.421000130165808839e-01,5.733244688158696256e-01,5.963580806981660931e-01,4.143771787863796408e-01,8.297692725918111023e-01,5.958664615585709257e-01,4.249053774802140637e-01,9.326998053712866055e-01,9.069714338889827143e-01,5.602957243821630184e-01,9.224336729345925523e-01,5.191029860240938820e-01,4.036155214044758743e-01,1.594863940232148503e-01,5.450011237126217711e-02,5.892976315228712902e-01,4.690169729979389857e-01,8.186321100736763112e-01,4.248913001578484283e-01,9.312356407625759225e-01,5.200591259822073820e-01,5.796125743480646797e-01,6.980132260874113426e-01,7.109744743683111823e-01,5.833653167440526754e-01,4.221694501800496990e-01,6.319310436668094111e-01,4.530364840816141769e-01,7.069235873552265348e-01,9.519397564277549684e-01,4.506641547101032930e-01,3.428059113999114005e-01,-6.370999956685013954e-02,5.533869585018131865e-01,6.823273507016290873e-01,7.889050029296825750e-01,-1.627623105703550344e-01,2.165093923801416631e-01
6.785154413521421457e-01,3.055473787916135886e-01,8.286982680662210443e-01,4.433972870694389834e-01,3.808888685967022347e-01,3.936392225399493183e-01,0.000000000000000000e+00,3.802268971153284216e-01,4.064603503356203351e-01,6.304982804171772592e-01,4.821017148822269172e-01,5.473268345514649136e-01,1.750202425204289147e-01,2.089698486692243840e-01,7.578059812461253042e-01,8.874919258528344290e-01,6.100530954336083056e-01,7.687022621839026959e-01,1.936930994860018851e-01,5.340601400043661906e-01,9.056690450030930872e-01,9.049126337249180363e-01,5.470153681636497067e-01,8.860528841999665284e-01,1.743744603475181482e-02,7.137832093337863337e-02,4.956421578187230059e-01,5.653324407068377466e-01,2.372137815921192550e-01,5.453658260283714698e-01,5.132614531981366524e-01,6.272333100693641139e-01,3.995259737416632234e-02,5.546276343583768087e-01,7.662476860584109817e-01,3.349770325564920825e-01,7.390979328018465466e-01,6.646551946161542990e-01,2.214057161776175620e-01,6.682632812002105016e-01,4.391603354425133166e-01,5.791019881213961273e-01,4.725051979643640210e-01,2.070411480820973371e-01,7.405169034390491900e-01,6.796165286618870427e-01,3.427672969075177267e-01,5.585325937843151900e-01,4.833352516217978012e-01,7.077845765039849635e-01,5.236874233573335369e-01,5.476541049213276002e-01,2.154455662486710610e-01,2.502109703839329180e-01,6.929479655524044546e-01,7.528186334297678473e-01,-9.617594518342026388e-02,3.096098845823543888e-01,7.986258914947088616e-01,6.730355665660927578e-01,6.824278194747335213e-01,6.211867890203387477e-01,4.522702148104492670e-01,7.101942242552242712e-01,4.074372497249568181e-01,6.237104562458924972e-01,2.985176517401331719e-01,6.384284535582085418e-01,4.383884494124550835e-01,7.941977675125284630e-01,4.176961010374318772e-01,7.955556317022619561e-01,4.746576475276533813e-01,2.038927400512621224e-01,3.498859414597889073e-01,4.657141450978078412e-01,4.773614430773208128e-01,3.654756170484612099e-01,7.537434054412264217e-01,2.057972106974872151e-01,4.858432969504767884e-01,8.218153393662291917e-01,3.091380494094664311e-01,1.502548212066919242e-01,4.932886516871234917e-01
8.343380366118968716e-01,7.399406002136257321e-01,9.123673279153190485e-01,4.577629393846243122e-01,5.197571947410266624e-01,2.402952038126307185e-02,3.802268971153284216e-01,0.000000000000000000e+00,7.677741970236402480e-01,-9.690683480488682111e-03,9.026116164323942925e-01,4.337387946208170475e-01,6.772675173521346403e-01,5.980056086043229469e-01,6.211733360486360045e-01,9.048329631827938258e-01,6.462793942600630892e-01,8.589633521474182576e-01,2.649095735537834728e-01,6.840460839344892907e-01,7.563058088539578172e-01,8.378704653003580249e-01,7.098724053655773858e-01,3.536201953393012243e-01,8.078617209679236355e-01,6.278810510863787053e-01,4.444728678351484996e-01,7.950666579372511755e-01,6.081140662954956921e-01,3.605171576829617197e-01,8.972722336391364406e-02,4.866892914999972897e-01,5.299874012716887517e-01,7.744503317205615467e-01,5.461858892537396759e-01,7.550467256272758165e-01,1.454067476775969814e-01,1.278636088244733127e-01,5.673627366105817860e-01,5.728183013396328516e-01,1.228554807057994358e-01,-1.102641635775733764e-01,7.257500910821501616e-01,3.640991998390075146e-01,6.697123141448977357e-01,4.892797217206749094e-01,4.276457494592163511e-01,4.891211895370693452e-01,5.597294904360277101e-01,2.123565840663798887e-01,3.801941465542551524e-01,4.895341785962533665e-01,7.903054627886130223e-01,1.464502450400038958e-01,6.242346962795002341e-01,2.206415529830837718e-01,5.346884447757412895e-01,4.989396089390409905e-01,4.481925229971879809e-01,6.705735992229983067e-01,4.817669291288193545e-01,9.780218743590491925e-01,2.157906718727305162e-02,6.921275599976562942e-01,6.052670300137815707e-01,6.307553668254912704e-01,2.333696854564637491e-01,7.849443671219301644e-01,5.757264486823082672e-01,-5.036732138702371131e-05,6.512165843557158329e-01,4.545816246724815879e-01,3.220436546827545876e-01,7.303612507487050598e-01,3.791328363079559116e-01,4.815926007299952682e-01,6.951121120673153797e-01,2.367008763634868562e-01,7.398080525289040255e-01,5.009143162313631770e-01,7.839842488440462720e-01,9.835664578603564578e-01,7.188408071254301923e-01,1.811836509182758737e-01,5.434378334004367206e-01
9.214662954180701249e-01,7.327794638706894848e-01,7.990381654001519340e-01,6.165432701619378841e-01,5.065232615181819442e-01,6.875076400034414725e-02,4.064603503356203351e-01,7.677741970236402480e-01,0.000000000000000000e+00,4.646185567401346916e-01,7.312827721604056030e-01,7.887863669748702566e-01,6.879036835634843028e-01,8.551770628189954149e-01,5.830325094261290531e-01,4.160960502515614889e-01,5.413982201836393671e-01,2.281180436944273138e-01,6.200519010660091590e-01,6.888782276997795773e-01,5.266806381301762929e-01,7.182746999893744322e-01,2.464006347820794640e-01,8.107124688155706860e-01,4.735311954220227104e-01,5.006761774180714664e-01,4.954974579150376313e-01,4.729980851379784745e-01,2.347731993172981757e-01,4.823549438477795492e-01,-4.624615179605484627e-02,6.989087303317108590e-01,7.099350302401157276e-01,7.239815131547977511e-01,6.933304209815748242e-01,6.275357953898500485e-01,2.801301724994575415e-01,7.075515438539253799e-01,3.488882992543913819e-02,6.739032589727765865e-01,2.363805061061556023e-01,5.429212683023858510e-01,9.336081420984929657e-01,6.140868628513075356e-01,8.757147895735351018e-01,5.787546077621754659e-01,7.732978600685173065e-01,4.136498900795556044e-01,5.770964742289990124e-01,5.364300733035710644e-01,7.525059897585657520e-01,3.800518066514043669e-01,8.175947193452305362e-01,7.595764421379112008e-01,8.390271700926212883e-01,1.995565133824976911e-01,2.548022455818742538e-01,8.044015569086817585e-01,2.829308483243263006e-01,6.169383941189482412e-01,4.399342081313472597e-01,2.933536497191189807e-01,6.933311612610106867e-01,4.205983235275304044e-01,9.903812282642066034e-01,2.748471940216741238e-01,9.767461668092760618e-01,9.982929424345284852e-01,6.676124629821477141e-01,5.633253010838568109e-01,8.885549269455598198e-01,8.733931921957296396e-01,4.551289562624093454e-01,5.292860716417141509e-01,7.774283513299432569e-01,6.431654107152671163e-01,6.284573182435001515e-01,7.758741731796614527e-01,5.705501827827066386e-01,2.575034841878420799e-01,3.230224532515788005e-01,5.381063770685221570e-01,6.620927089786490249e-01,1.261168835461639881e-01,6.833394019962980570e-01
8.387786015542545437e-01,4.805232954029081127e-01,7.155397523634527968e-01,4.463384950807728901e-01,6.740020843036240716e-01,7.141261218220902318e-01,6.304982804171772592e-01,-9.690683480488682111e-03,4.646185567401346916e-01,0.000000000000000000e+00,5.615465306858564709e-01,9.402699526757374304e-01,8.077288072842834232e-01,8.843391132246368747e-01,5.088608698984494749e-01,2.659764340954122799e-02,5.574868113891189303e-01,7.621582412633158832e-01,4.773194262182436365e-01,9.949991310955696999e-01,3.061011745124677108e-01,7.795013478993865208e-01,7.854268091752520942e-01,8.880729214300225882e-01,7.452990945054032146e-01,7.806869047931669359e-01,5.401079974536446976e-02,6.949742530207320135e-01,4.048291827559988842e-01,4.877693585776157192e-01,6.707920034506709150e-02,6.976093300329961888e-01,6.140599166715681179e-01,4.619697806477660040e-01,9.744107017313502483e-01,3.318108845406551599e-01,3.414925569728548549e-01,4.331878962850361781e-01,4.330090291273212544e-01,8.324063377174550915e-01,6.171686451452180755e-01,1.727048051878746493e-01,7.198489998629475917e-01,6.509019724975240173e-01,7.063533287195769006e-01,8.722923928472781085e-01,-1.061857791653658817e-01,4.676634123176905411e-01,7.077149796496554623e-01,6.914707306506583384e-01,5.744546336985093538e-01,2.282652477061108964e-01,7.021582159759296449e-01,5.455234256799975645e-01,9.216572459990077792e-01,4.630736756169675505e-01,6.239148935809137875e-01,1.910230511878308057e-01,6.200905443345209322e-01,1.837174528560942266e-01,3.977963856786406183e-01,5.340623781708473405e-01,6.471998444293162178e-01,4.620197260945567153e-01,6.266475351113828252e-01,7.464211684147290526e-01,5.390869795573249856e-01,2.768390109616408190e-01,7.454842815646958165e-01,7.553681392919766591e-01,7.294128138767120850e-01,2.418986298940653257e-01,2.221544878971872528e-01,5.162370023731415181e-01,7.429134706106924613e-01,8.337967287335863731e-02,2.164945218781557101e-01,5.560176114181183404e-01,9.969701244500484005e-02,1.918057895074087305e-01,4.059959384573185170e-01,2.122448110050925707e-01,5.514158482859997656e-01,9.661965766764313290e-01,9.733935715531117847e-03
3.085128816021416864e-01,8.509230270298738796e-01,7.885460884770082446e-01,3.616588563718582394e-01,7.278820300056284553e-01,6.023562691716860540e-01,4.821017148822269172e-01,9.026116164323942925e-01,7.312827721604056030e-01,5.615465306858564709e-01,0.000000000000000000e+00,5.556114215568380699e-01,5.334586633160742775e-01,8.402106781939215896e-01,7.629116855398567765e-01,3.379677532640500415e-01,9.573512465706027763e-01,6.745221391162348201e-01,9.760372708870675984e-01,8.069280593275208746e-01,6.427850288878019791e-01,7.148886992546464869e-01,7.674968065710791043e-01,4.914129315631396988e-01,6.799488825907258616e-02,9.123644363607212870e-01,8.692661120979067180e-01,4.764940630396299337e-01,2.582231902873177720e-02,5.809776182161210389e-01,3.679737712374215874e-01,9.199294363956158627e-01,7.145992940853144182e-01,4.515225849009587566e-01,5.252467221695017452e-01,5.780761980743598372e-01,5.153410556100961326e-01,4.830255777829396413e-01,7.831143172247951867e-01,9.911686974338088651e-01,2.817396214935407039e-01,8.718918490464619975e-01,8.348151124778148136e-01,1.483657548965215955e-01,9.990990966114428051e-01,6.402125934911375715e-01,6.048136263036850702e-01,6.748735416215719818e-01,5.468524282530142777e-01,9.703773514250805254e-01,7.200598642882376499e-01,9.197427653647194390e-01,8.210556886857588443e-01,9.687039692455726714e-01,4.255024254256830063e-01,5.983847989533351841e-01,4.796378885456924479e-01,6.645074006194946481e-01,6.917551742203514875e-01,3.504510280138867784e-01,4.465269370809283322e-01,7.943571580784956065e-01,2.612038453064622900e-01,6.053009853685571429e-01,6.324883484233007058e-01,7.278240454732594067e-01,4.646791964063307634e-01,9.770603262262780309e-01,5.382767472332807834e-01,4.115673921449176653e-01,7.174596936793178337e-01,5.278572334667689381e-01,3.624533391518604541e-01,6.468905310907432371e-01,2.412194015194823460e-01,6.029385723415529030e-01,8.838501655767254661e-01,5.126345560996135031e-01,5.870588732283303912e-01,5.039477535695279231e-01,1.029516437014628243e-02,6.414113498577462824e-01,5.932410208415257458e-01,6.855298140633949711e-01,5.368968983663662264e-01
4.965208778648756427e-01,3.671174045175045197e-01,8.262054431500495122e-01,6.654244147642393026e-01,7.503799111801379151e-01,5.548807734763387955e-01,5.473268345514649136e-01,4.337387946208170475e-01,7.887863669748702566e-01,9.402699526757374304e-01,5.556114215568380699e-01,0.000000000000000000e+00,7.060056391778709584e-01,6.930867066332220272e-01,7.028354057566552626e-01,8.040706022998419522e-01,9.368423402523342602e-01,2.028051691485586172e-01,7.729468249839688276e-01,6.265206513735293026e-01,4.723670865553051268e-01,8.261483630032112613e-02,6.691338304159034633e-01,4.959835224464516079e-01,7.616187869127752919e-01,7.201587507967228685e-01,2.295393986980560630e-01,3.364707300721287986e-01,-5.227247642648533144e-02,4.277764272092585696e-01,4.115596025442828654e-01,4.875661074836070141e-01,6.688590282238053852e-01,8.658124762286282250e-01,6.067731507288347537e-01,5.717074860857489504e-01,5.745678253925394774e-01,6.049920372309844918e-01,7.943370980272085324e-01,5.970170685426055002e-01,5.612016533464453394e-01,8.607364442695906170e-01,6.367461621094432367e-01,8.239744088237430653e-01,7.042723215372019840e-01,6.165688477981442484e-01,9.773892768414638166e-01,6.583297916129147165e-01,6.595312005782023590e-01,5.331424385768340768e-01,6.202766176080047877e-01,7.522643150535118783e-01,5.528604839329346321e-01,8.833853704549757824e-01,7.023710311924692418e-01,7.748926598543486310e-01,7.049091936880677034e-01,-3.657363928027385080e-02,5.842353333181729003e-01,6.112543369064484811e-01,5.443213702710221202e-01,7.108645786611542672e-01,7.915593110340528593e-01,9.191158864797122074e-01,7.795274095667594771e-01,3.212797063542031095e-01,7.625394153727097502e-01,6.590965754758122408e-01,1.419163609496154888e-01,6.042655206601107443e-01,2.526178822851588013e-01,6.415041369218842104e-02,5.439214251730254412e-01,3.746012860438544534e-01,6.930676672006852446e-01,6.034278698536128527e-01,4.961853768859872948e-01,-7.319535757132306086e-02,4.732234492137100679e-01,1.704611246301466765e-01,1.786752483783042300e-01,5.861856285176857417e-01,8.437271434887301247e-01,3.828511152479253110e-01,1.950878373396583154e-01
6.398122873620534223e-01,6.881292984561186987e-01,5.905212724049044987e-02,7.655175801015812187e-01,7.372513853149700314e-01,4.674076617709891912e-01,1.750202425204289147e-01,6.772675173521346403e-01,6.879036835634843028e-01,8.077288072842834232e-01,5.334586633160742775e-01,7.060056391778709584e-01,0.000000000000000000e+00,7.947225746374718680e-01,7.671106262457813019e-01,2.891025305060230810e-01,6.371495273309636387e-01,4.698320275051054429e-01,5.771067538429480032e-02,6.129419629369831091e-01,3.649649571056142738e-01,7.226885272163482421e-01,6.716553271514380530e-01,6.941733982236009126e-01,7.208148873981568006e-01,6.137940219977796596e-01,6.629484767607114470e-01,6.592927590593113951e-01,2.332212007766318318e-01,7.972748422645081767e-01,5.119765541295909772e-01,4.515728904343412897e-01,6.560705760750201732e-01,7.407831711933141605e-01,7.140381385842933248e-01,4.023309812247812256e-01,2.002796387470142103e-01,6.900397635748288794e-01,9.230158179977432376e-01,6.466543296450069089e-01,1.108119366021715901e-01,5.330792402478405911e-01,6.550540868152953111e-01,8.511493142102370957e-01,2.293739975171071865e-01,8.209225291591332185e-01,9.369991774655196393e-01,8.181688175739524338e-01,7.762188990385778808e-01,7.808574225894422405e-01,7.358086608438859644e-01,9.201627995002130689e-01,9.469125114906354890e-01,9.710796540623690687e-01,7.290501065742555076e-01,8.443566928150614270e-01,9.500175350852890777e-01,8.929134986357075698e-01,6.994502154891438783e-01,2.962264249186579226e-02,4.250739596590303870e-01,6.399447948492370530e-01,7.968093203455517415e-01,6.150492301576041543e-01,3.957293381702748913e-01,7.292499489772197308e-02,7.398762042807898176e-01,5.107272949836006992e-01,2.913029717126570661e-01,8.987635747113094098e-01,7.698402169070291956e-01,5.337297166098067258e-01,3.182461939770679371e-01,1.954074068071361969e-01,5.707188647223292444e-01,6.780744463827712565e-01,6.560849001090472976e-01,3.125743011564967588e-01,4.120844138222662933e-01,3.537966487388862769e-01,3.570853617729621288e-01,8.141458779974767301e-01,6.613436511614751989e-01,4.083962795588140238e-01,7.968660075520153097e-01
7.965514879200509268e-01,8.674353231778094697e-01,6.313114558073473770e-01,5.810239228855454963e-01,7.426542900082253595e-01,9.336570814787013006e-01,2.089698486692243840e-01,5.980056086043229469e-01,8.551770628189954149e-01,8.843391132246368747e-01,8.402106781939215896e-01,6.930867066332220272e-01,7.947225746374718680e-01,0.000000000000000000e+00,8.595856451273846677e-01,9.266450989403947069e-01,8.757322711739827792e-01,2.085086528672623618e-01,9.916809834306339333e-01,8.318830844454652151e-01,8.670628461110667651e-01,5.826372289245965730e-01,6.882568429100459628e-01,7.844131605770980897e-01,3.355480234033984543e-01,4.833528067943328455e-01,6.391917723622826397e-01,2.530836694640014040e-01,5.085697997909009033e-02,7.435440779401615297e-01,3.099012586144748727e-01,5.544552282381174368e-01,5.627195581178974226e-01,4.342352636918347386e-01,6.540818301907466159e-01,3.140097959031499242e-01,4.664064596325077222e-02,5.901286462561945445e-01,6.771737496241484466e-01,7.494228289880203731e-01,5.815548041518135980e-01,5.150317812634747083e-01,8.715282366933468916e-01,6.970942841342352425e-01,2.363066401574913100e-01,9.304503611470290592e-01,2.561202727796003664e-01,7.566031081561161997e-01,6.516147334240161015e-01,8.448837757779661395e-01,1.661069400194299384e-01,8.265090404744427355e-01,4.754814999608233950e-01,4.630410007761772140e-01,2.781310178993939286e-01,9.118242929501567673e-01,5.679305640953112855e-01,6.591939007947206219e-01,7.231384853168549842e-01,2.055902911152656665e-01,4.007574711136479007e-01,7.254917861351756203e-01,7.246339217671480259e-01,9.207004941848562218e-01,9.194239252450988609e-01,7.161848020166018403e-01,6.553272173565450887e-01,8.825723934055902387e-01,-1.245709890491663585e-01,4.958289250822502381e-01,4.471887789981452421e-01,6.699996571884069274e-01,5.153781401917293392e-01,4.573609974890310848e-01,9.251562123573409818e-03,6.306563683900275885e-01,6.530330421044285849e-01,6.226939036251277759e-01,7.998782086290687765e-01,4.682427518608350825e-01,9.176415434144600258e-01,4.257661994977838815e-01,1.146659797047200613e-01,6.801219320895310894e-01,7.189016165054963325e-01
7.433499862634040944e-01,6.087732476574559959e-01,5.662868122766155921e-01,6.512784373118132297e-01,7.159257469679317643e-01,6.521997082510196941e-01,7.578059812461253042e-01,6.211733360486360045e-01,5.830325094261290531e-01,5.088608698984494749e-01,7.629116855398567765e-01,7.028354057566552626e-01,7.671106262457813019e-01,8.595856451273846677e-01,0.000000000000000000e+00,6.517050770338843613e-01,2.694547722528584099e-01,4.008079221965584193e-01,7.155823467423755302e-01,7.911484628147722464e-01,7.893416729825575295e-01,2.863847792729775077e-01,3.877264459967491583e-01,6.537187582777628236e-01,1.590512761672133873e-02,6.301180579270848625e-01,8.240646638975344107e-01,2.374288858147052816e-01,5.146765328415288110e-01,6.782169165118488718e-02,4.077337091651537238e-01,6.663497097323571594e-02,6.219078004740528076e-01,-1.675896243894374193e-01,6.927755293347960253e-01,6.908487709536363652e-02,-2.886747145164991202e-01,3.971927109907851805e-01,7.473510928289306410e-01,4.540851327187070963e-01,1.887644312736601604e-01,4.246966830046629560e-01,5.128384663313727554e-01,5.072694256249313804e-01,7.862133996158617855e-01,9.287305930862872483e-01,6.274562102059624280e-01,7.881820388033862201e-01,3.824145099749091115e-01,6.156933826516954866e-01,3.754089331328568924e-01,6.677000777172202861e-01,4.739956557392711045e-01,8.990121143254002911e-01,6.870337790500166131e-01,9.255025698178329652e-01,8.848332858560661318e-01,8.271450045219637115e-01,8.482264504999257326e-01,3.142569865107541771e-01,5.013979785911349962e-01,3.019298527813220057e-01,3.407517547938000990e-01,3.763649785512065415e-01,7.792349292804072736e-01,7.384860817782223918e-01,8.671115837854914687e-01,7.828720777731431602e-01,5.908638363525384740e-01,2.975005366917075622e-01,8.980318928936578127e-01,3.740049342100882912e-01,5.693858524660975196e-01,5.045617724155622152e-01,2.929590012349467809e-01,5.543949275836681512e-01,6.572574087020383038e-01,6.559977321576168086e-01,2.685815582007167190e-01,1.120324699306276574e-02,3.362691401789094647e-01,4.541790612700703500e-01,9.221918222189036118e-01,5.959295285629646610e-01,-1.443314856672818780e-01
7.457675225573268118e-01,8.863379059354545841e-01,7.286673551235740565e-01,6.309647921367563805e-01,7.836840221143521745e-01,5.744058862858281156e-01,8.874919258528344290e-01,9.048329631827938258e-01,4.160960502515614889e-01,2.659764340954122799e-02,3.379677532640500415e-01,8.040706022998419522e-01,2.891025305060230810e-01,9.266450989403947069e-01,6.517050770338843613e-01,0.000000000000000000e+00,8.178921881724830756e-02,7.647544078108376997e-01,1.964701408010014472e-01,5.120393415167936446e-01,7.564864897564582691e-01,6.659763586807516678e-01,6.271164632498512637e-01,8.364410026262666387e-01,2.739915474904900949e-01,7.520456084749060910e-01,7.602604154946512871e-01,6.790242027526971480e-01,7.623364333871083254e-01,-1.754289409376395825e-01,-1.706549956936667667e-01,6.216335275403989113e-01,4.757792193030354055e-01,3.943254495779602298e-01,3.240266179747166575e-01,2.026914173715583245e-01,3.756496492180137065e-02,6.110524057718617064e-01,9.284652578541853218e-01,6.363926932818064763e-01,3.310031506146826619e-01,6.307551572521477024e-01,9.911165227531949506e-01,7.230558352612950213e-01,7.064555952825865015e-01,1.270596295319293689e-01,4.620081262116344512e-01,4.798931105358602567e-01,6.669637119145351845e-01,5.887437674053255243e-01,4.931784485657078054e-01,7.745995018375122498e-01,7.521058079695650544e-01,2.059611755585747661e-01,6.070205058444388957e-01,7.396347233078042205e-01,6.154254426938386979e-01,7.810727169043999440e-01,3.413201057367899471e-01,3.262543342470489716e-01,3.120918302186116988e-01,4.575473344874940729e-01,3.235584542994437429e-01,3.906003385914491588e-01,7.717903949037754341e-01,5.389338894265373048e-01,3.019776849495138249e-01,3.443109840930098087e-01,5.207520228140135599e-01,9.062535070829303985e-01,3.747352169891943197e-01,4.601357148745721104e-01,3.540425674336939998e-01,4.247859187260424885e-01,7.962846905535371222e-01,6.549093696691119515e-01,6.756764184526570238e-01,5.634565457683564649e-01,3.017680550909072196e-02,5.628886047622903011e-01,3.497854403750766655e-03,8.123816349562715811e-01,6.646225799194550588e-01,2.586871720440701572e-01,8.966590318442592134e-01
9.826995749908274957e-01,8.232007391205988789e-01,6.718677039342139112e-01,3.415971715770775852e-01,5.082641406249558402e-01,2.370611033607565032e-01,6.100530954336083056e-01,6.462793942600630892e-01,5.413982201836393671e-01,5.574868113891189303e-01,9.573512465706027763e-01,9.368423402523342602e-01,6.371495273309636387e-01,8.757322711739827792e-01,2.694547722528584099e-01,8.178921881724830756e-02,0.000000000000000000e+00,8.056683422833998964e-01,5.696812480401113321e-01,4.842886189081343495e-01,7.921967170901941246e-01,4.682245268100888591e-01,7.362495104526110001e-01,8.724573161543631716e-01,2.712535871873187898e-01,8.538325074790112934e-01,4.830544820332716149e-01,7.306279211819226571e-01,7.082777273282596653e-01,2.260901141288187977e-01,2.417203345694771965e-01,5.814764571861024134e-01,5.557986307615664368e-01,7.364529348457871105e-01,5.880228579375232911e-01,3.548260243971736866e-02,7.574151852932500262e-01,8.989632725665879232e-01,7.130727943466235175e-01,7.845617264224261644e-01,2.439753873178323040e-01,2.361113540650139897e-01,5.290907535190081390e-01,5.558798409449019484e-01,9.941620474293101362e-01,3.592189018960957325e-01,6.019257109425475427e-01,-5.471328547641721163e-02,9.027491995696128591e-01,9.575045445611479744e-01,8.975275969172296087e-01,4.482931716611761597e-01,2.684470316343362528e-01,4.438753015144683567e-01,3.247582223795742462e-01,6.626226223217057676e-01,8.101667777475192178e-01,9.798540056801030573e-01,6.261475645653714617e-01,6.397187901544117150e-02,1.295809432939018790e-01,7.646492612312925097e-01,6.915825075778410103e-01,7.650230068643127934e-01,6.366216911537823098e-01,6.542389263317563985e-01,8.209400222454130702e-01,6.159956864700065760e-01,7.928887346951314363e-01,7.682635274174256512e-01,3.267013365562805305e-01,4.673932929650637669e-01,-1.239953687427069462e-01,2.794167655795583571e-01,8.194481472915445819e-01,9.632166527556387248e-01,7.153252496333466492e-01,8.139819442383391390e-01,4.638880886055573582e-01,5.323179398845887533e-01,7.966038047232155694e-01,2.244991954685737479e-01,9.207198513603775947e-01,-1.582328843230884630e-02,6.775116665873200938e-01
7.774278387224675679e-01,5.241256527234363638e-01,5.007629476486500364e-01,6.466809914047136898e-01,7.545155686592275313e-01,7.045620301158802556e-01,7.687022621839026959e-01,8.589633521474182576e-01,2.281180436944273138e-01,7.621582412633158832e-01,6.745221391162348201e-01,2.028051691485586172e-01,4.698320275051054429e-01,2.085086528672623618e-01,4.008079221965584193e-01,7.647544078108376997e-01,8.056683422833998964e-01,0.000000000000000000e+00,2.412327911702839001e-01,4.929865837955442753e-01,9.725995482134395242e-01,3.309212495622564365e-01,3.842113253629074188e-01,9.028386777126962137e-01,4.546329207634673408e-01,8.892371895289693517e-01,5.286578591157631291e-01,4.315966384307420300e-01,4.658302694336145522e-01,3.432615757941066548e-01,4.001860195174754553e-01,5.577092016954520171e-01,7.607742705092637170e-01,5.838507380433373140e-01,7.905384141392143293e-01,7.954394710782400901e-01,5.469181927281814293e-01,7.210366638758843871e-01,5.405141364705096096e-01,8.158893742404297322e-01,4.933768821548678574e-01,7.598647537123255358e-01,4.959744527074894105e-01,4.182211285396257305e-01,8.736430151808576294e-01,9.298847156677292336e-01,2.784214496348810242e-01,4.775890079953980516e-01,6.790694773695744590e-01,4.064597972845369056e-01,7.840480047772518946e-01,5.602544337993666801e-01,8.115001645916091189e-01,4.900140431637212690e-01,4.094048281053569438e-01,4.100640927771812549e-01,4.708197038294433256e-01,3.055153948331737479e-01,9.729386165572984080e-01,5.250101069689002697e-01,7.867273869110870121e-01,3.976650001667088041e-01,2.925636835393122248e-01,7.844214122068493555e-01,8.263645650898130413e-01,5.541226889081685147e-01,5.233621523638699591e-01,5.388070965707087989e-01,2.114289631760705723e-01,5.350924271982291369e-01,9.181627740714165542e-01,5.064059917727965487e-01,4.410813737254569156e-01,2.272312075745481774e-01,2.854861573791270812e-01,2.322429512719795530e-01,6.111483551163711114e-01,6.908706359620059301e-01,1.169763686771244232e-01,-1.433412748395935243e-01,4.636218609379124667e-01,8.179340826735562731e-01,3.962416979371281567e-01,3.856039448027267502e-01,7.193702517468968383e-01
