0.000000000000000000e+00,8.111784135408236507e-01,6.857124360462143464e-01,6.421164189721983995e-01,7.524286949935934388e-01,6.203752233725691179e-01,9.484407246378403489e-01,5.307142718653198310e-01,4.509597733745480119e-01,8.425533006810875802e-01,7.865629380498597722e-01,6.377552019213090784e-01,7.392648023152159631e-01,6.753883990788883684e-01,7.140190125544383370e-01,6.359771883761602407e-01,5.242481114625437977e-01,9.233553391674210742e-01,6.776789728735552742e-01,6.976822619875309162e-01,7.215900160274880681e-01,8.655008426921458886e-01,4.084023721459792977e-01,6.063815181014551303e-01,2.382541972396497731e-01,4.522244798950773026e-01,3.813318743793909782e-01,8.496155163691055945e-01,7.114486335605534340e-01,5.339942018268640789e-01,2.882796221079950705e-01,8.711302552412034661e-01,9.200440037095695134e-01,4.772702574069700998e-02,3.612975390598893721e-01,2.078620911027499185e-01,2.044948821554221918e-01,3.352629215533966534e-01,4.528943275284189052e-01,1.784626886688639169e-01,5.370034201508686600e-01,7.226271859825628141e-01,7.886827081387211003e-01,6.351228540621427499e-01,9.997709287561071800e-01,4.817625509157775210e-01,9.034722701430648595e-01,8.038316487122288967e-01,9.976625060212526153e-01,7.846872816070101786e-01,4.964275612808731197e-01,7.261177678705164062e-01,7.286436285081298037e-01,4.719120195825855513e-01,5.919594132202729009e-01,6.314406547425078786e-01,5.492583901375287514e-01,2.643259844866465702e-01,9.234241897476974659e-01,5.961746400388607814e-01,7.509876677847826532e-01,9.139062992202005020e-01,5.679313055884734895e-01,4.859910940519985845e-01,8.953556232692529981e-01,9.028575521026750428e-01,4.209037468949236027e-01,1.583293732101221096e-01,7.901340662737399434e-01,9.660331870031177992e-01,9.671509128441059255e-01,8.414822523366223272e-01,9.031850331102925233e-02,7.048106719256069796e-01,4.061947770908930222e-01,2.056792564473624574e-01,9.661203145827204075e-01,7.068834395817399363e-01,3.188615252370990971e-01,2.898517628419829961e-01,1.761533877869717879e-01,8.891385875087376434e-01,9.401938375176679408e-01,5.670243265259029553e-01,8.450540106135839835e-01
8.111784135408236507e-01,0.000000000000000000e+00,9.963184759710380645e-01,3.448013284022314329e-01,1.399294221130318039e-01,6.693896519974008585e-01,5.762332564966001769e-01,4.638626407942360586e-01,5.259291834072556959e-01,-3.603113682534980766e-01,6.029999489231363530e-01,6.493581706054918357e-01,4.337022816251446811e-01,7.149969866397585250e-01,5.113552723017662505e-01,5.821373800109179708e-01,5.134033144170260243e-01,8.208697905832891273e-01,3.529880008975821992e-01,4.461928065134574961e-01,6.018789792143828254e-01,6.259706217212689383e-01,3.769170206836924830e-01,5.619372604569015106e-01,7.071926357708006039e-01,9.851928655808028790e-01,9.305799067310562833e-01,8.161179834029137492e-01,4.699613428419918137e-01,4.913398714161389957e-01,4.430922538996417970e-02,7.920815110145955629e-01,3.842687953186232352e-01,4.925299790315116333e-01,7.689643678262194637e-01,2.037246119310957004e-01,5.171605699825979618e-01,4.014761095849541661e-01,6.003412791555107209e-01,7.599151777034661714e-01,2.475200419447784184e-01,7.195654043107302389e-01,9.306006871770480249e-01,4.910820998333706999e-01,6.973758730073269518e-01,8.262316660647983646e-01,5.920234728373832134e-01,1.483393766590523632e-01,7.050651002035633885e-01,6.354058411051357602e-01,5.733680685557407397e-01,4.230054229042795044e-01,2.679471083433493730e-03,8.901863248024467490e-01,5.185417027370826659e-01,8.192408532392247977e-01,6.695318340186637851e-01,6.040074396136108081e-01,5.947050453877209542e-01,2.326080345133666738e-01,5.968085593336320827e-01,6.209896263758608592e-01,4.224097839361974360e-01,2.566842925258324692e-01,7.877091424398178221e-01,3.858889657712520904e-01,7.706667548520602651e-01,8.759367059224926200e-01,5.761748403849284994e-01,2.642981874234311968e-01,8.202375337630009033e-01,3.520415508842200669e-01,3.120546891197534256e-01,5.117190814829065681e-01,3.301319079154808045e-01,5.975269039548534167e-01,4.292657312283738591e-01,4.099540727956456077e-01,3.168107419136876324e-01,5.888516569409554258e-01,1.866511584076024910e-02,4.812472183375323120e-01,6.070795379049229723e-01,3.070542017892749498e-01,7.970768673022583517e-01
6.857124360462143464e-01,9.963184759710380645e-01,0.000000000000000000e+00,5.820123470167049007e-01,6.721647667518604319e-01,5.510689142759057635e-01,4.470941915775299980e-01,8.000571564375520417e-01,4.132467296834054227e-01,6.274918660925631331e-01,8.444613159924305723e-01,3.972339371140003461e-01,6.240406103318790754e-01,6.750201187336153374e-01,7.174426784817092839e-01,6.928017444165360805e-01,6.341999356076064576e-01,7.003542737473887891e-01,9.683138866136452583e-01,9.307703411556622619e-01,7.920106254433572079e-01,5.333228057578313086e-01,9.450376512272783414e-01,6.103705226027843489e-01,7.586146755224765226e-01,8.226613285003580023e-01,7.510109966655447167e-01,9.005389976042246225e-01,3.417737508524814061e-01,7.700237408802118599e-02,3.688357726235618195e-01,7.782092952372844374e-01,5.038151915995471297e-01,6.371649576645379565e-01,7.433402315382385828e-01,2.594901774281261897e-01,4.971597141190417513e-01,7.254018289951861265e-01,8.813650469265452703e-01,7.389157991638416467e-01,7.738017098270357774e-01,8.111654880214583807e-01,8.729835992189149962e-01,7.721207111623678010e-01,2.998023428729232331e-01,6.567578003545191390e-01,7.179911479303696664e-01,6.026822755514287255e-01,6.380409474189356889e-01,7.682922971273495882e-01,5.925387258379131161e-01,6.753205893676116345e-01,2.264431949609593819e-01,7.112053834145202202e-01,2.979908716758190024e-01,7.185545574968424942e-01,6.680934733634213973e-01,3.988729372397842310e-01,9.091111215823155511e-01,2.056593439019305247e-02,3.374906427444159807e-01,8.976757405814848045e-01,9.741305293973254731e-01,4.331281761626097904e-01,8.953829089368825489e-01,6.298309111925438630e-01,6.762570434647406925e-01,9.279168066415992566e-01,5.099194044648744928e-01,9.138086359749726384e-01,5.662962340273406392e-01,8.328926056809573542e-01,1.438541876180252643e-01,3.799790063953592534e-01,6.625512007672719195e-01,8.841850325008766553e-01,7.604165801261812963e-01,7.399453879859149152e-01,2.062942807253317912e-01,1.946430660941151913e-01,5.702811936327434328e-01,9.041583280985596716e-01,5.120548216798183061e-01,7.684210504366112415e-01,9.113186173920576616e-01
6.421164189721983995e-01,3.448013284022314329e-01,5.820123470167049007e-01,0.000000000000000000e+00,4.283428425797501937e-01,4.266633796212370155e-01,3.032819969999110965e-01,2.895143622530250149e-01,6.424788163932309004e-01,6.946807699938174485e-01,4.559475938467890122e-01,7.609708984750139793e-01,7.816078561689321358e-01,4.364101380683950704e-01,7.516275458712992075e-01,7.379516153718095328e-01,8.443814117639837358e-01,3.001147822300515022e-01,6.158150477433931291e-01,9.211556524147521685e-01,7.725721390153879042e-01,5.369133293528261484e-03,8.312699415004624059e-01,5.034152365145213581e-01,2.937998962861089192e-01,6.869968207367503910e-01,5.243369441171228384e-01,9.280836175403486266e-01,7.387551543837461709e-01,7.387507851332454356e-01,4.778020755178232215e-01,4.735149232293654475e-01,6.830373574082652111e-01,6.246648159241484644e-01,9.893443557601528937e-01,6.225915440253305677e-01,3.843897681685902734e-01,7.944876992556066941e-01,5.528375829065833580e-01,7.320513266976618194e-01,5.382151448928903514e-01,6.061126942570460585e-01,1.058184405404762468e-01,2.990555487035414517e-01,3.936373578750401170e-01,9.627339083084156535e-01,5.874538002769316147e-01,5.545658995160902549e-01,4.942164996576549063e-01,6.594024006923574488e-01,3.501014718709776208e-01,9.862206959194442790e-01,6.567657225014361666e-01,1.118802133140221616e-01,7.980005474889834138e-01,4.358582914292947197e-01,5.999494537609487699e-01,6.130568561394678095e-01,9.201730248807274970e-01,7.431679312028753870e-01,2.340473467213844139e-01,2.734148164641303502e-02,6.196503839849488715e-01,9.343304430533062588e-01,7.010602905388134687e-01,6.409254604389837962e-01,8.729253292872842795e-01,8.964808552297872657e-01,7.710858698056881622e-01,5.209405750734539264e-01,8.058829334346832018e-01,6.818676543229057474e-01,2.210005282481363742e-01,5.824097743602524302e-01,3.554508701853104080e-01,8.132327205745372156e-01,8.491636321849049818e-01,7.076635133435172920e-01,7.651568640857707715e-01,3.163982181901599244e-02,3.320926654730239624e-01,7.212724613730616685e-01,7.537093234405883857e-01,-1.496772387180833608e-01,9.094113359314590639e-01
7.524286949935934388e-01,1.399294221130318039e-01,6.721647667518604319e-01,4.283428425797501937e-01,0.000000000000000000e+00,9.870946960583005803e-01,5.841778122022135422e-01,8.655771991269717303e-01,7.616680631751956421e-01,7.206855240551569564e-01,6.321157199407617666e-01,6.438848503701206649e-01,4.231687036774400279e-01,6.175813595748246287e-01,1.413660498582589298e-01,8.403145837395327444e-02,4.987142312006981881e-01,4.560275302879835402e-01,7.486363239129414371e-01,4.031552643077491727e-01,7.396578287575759081e-01,4.754336428385322333e-01,8.797611838473793355e-01,7.444911596900566364e-01,7.972508394806827603e-01,5.828172222641622158e-01,7.944698534553384928e-01,4.296999393824140201e-01,4.823714787213323474e-01,6.334454323489974170e-01,1.725586443394936664e-01,6.075238810840551951e-01,5.256606307175495929e-02,7.054039542760383030e-01,4.752875244396198573e-01,6.569981464883682953e-01,3.191946124715419053e-01,7.152325413524045494e-01,2.407045297304819809e-01,5.067627232719303931e-01,6.745469439168537695e-01,8.816134984758997595e-01,7.671469524957676978e-01,-2.422668513377324584e-01,8.814612375955476198e-01,1.236180854941279633e-01,9.774306885936363543e-01,4.553119886700972563e-01,8.616419771131053063e-01,5.298409852604146764e-01,6.146408432288821277e-01,4.864434761827881037e-01,4.147746585057498492e-01,6.604966793651879664e-01,6.759143211701689191e-01,8.941936838039811208e-01,4.891366814963172827e-01,9.253909978567983474e-01,4.501176404759307803e-01,5.413680395078556140e-01,3.934505067280368307e-01,7.242212946891648517e-01,7.543507762434875641e-01,6.676180989531547150e-01,7.814034726625963545e-01,9.495273861995134901e-01,7.178369912267121844e-01,6.387592729174066397e-01,-6.467024391948483775e-02,6.135813932072036181e-01,9.387454671534671835e-01,7.285121661083643341e-01,2.754611093024728237e-03,-1.273473931020873140e-01,4.808654548239689186e-01,3.169198356123534843e-01,5.545811060915512014e-01,5.663149923770606220e-01,1.413355883836658333e-01,1.931335632248618595e-01,4.473699419368042940e-01,9.811995292860774542e-01,4.816573775177724337e-01,5.190656850715396065e-01,7.326736793995175523e-01
6.203752233725691179e-01,6.693896519974008585e-01,5.510689142759057635e-01,4.266633796212370155e-01,9.870946960583005803e-01,0.000000000000000000e+00,6.086789436692500166e-01,5.956013590410177416e-01,7.084940323084771840e-01,4.892502018793690177e-01,1.628786161883330474e-01,4.167146050865021545e-01,3.872431013302110037e-01,6.703677688240553545e-01,7.964767177143237120e-01,2.080501509343472555e-01,6.271020307933720117e-01,7.838402008861450332e-01,6.740610986106680969e-01,8.081804591622783196e-01,6.180594738616485007e-01,7.229157168501079145e-01,8.702172922116808707e-01,9.000700288440319774e-01,4.662730506169706635e-01,5.976272467478686012e-01,8.488385978954113842e-01,2.957537647080977009e-03,5.118480953969735125e-01,-6.413654488554346167e-02,2.207241295897710565e-01,4.039786806886654369e-01,7.172048090250513486e-01,8.330995776055558633e-01,7.043629531800230659e-01,1.575473490314901748e-01,5.465364948911110021e-01,6.948987886707019834e-01,7.386116327357468148e-01,6.281331844767706896e-01,4.380588233770253415e-01,7.802972312185247894e-01,6.438809200091296647e-01,5.398028910669057101e-01,8.768936092062209475e-01,4.111672555054418088e-01,9.042592669021706220e-01,4.936433741961071542e-01,8.090658366566476634e-01,4.830278275934288823e-01,2.315361808234020491e-01,9.216480526131227702e-01,5.073453339692806097e-01,5.554639394361886584e-01,4.973992939827363569e-01,6.222769374342788096e-01,7.727655665453440070e-01,5.450117311676044851e-01,4.726928770516962697e-01,1.063828577413413745e-01,-2.579404514363495271e-02,3.201822476216526492e-01,3.939618182286666048e-01,4.995996271598683869e-01,7.469741125818567529e-01,2.607722175039267065e-01,6.986147562719845494e-01,9.944651706294387328e-01,3.521502138033542062e-01,8.064347963627095384e-01,6.535918140749253924e-01,4.192666350367404426e-01,5.499027776533801370e-01,4.981292080949874523e-01,5.709229706255118941e-01,6.927323949939814263e-01,2.504620256081012686e-01,4.422167086881225728e-01,2.211860276542932380e-01,8.000730623652209036e-03,3.524825622123152202e-01,9.580315149021643162e-01,4.762736497086287324e-01,5.909678473015034239e-01,6.070291692272716810e-01
9.484407246378403489e-01,5.762332564966001769e-01,4.470941915775299980e-01,3.032819969999110965e-01,5.841778122022135422e-01,6.086789436692500166e-01,0.000000000000000000e+00,5.226726317912507858e-01,6.592485408654400469e-01,5.031440815179905046e-01,6.399377074958909617e-01,4.698197189599119805e-01,3.159771068871294886e-01,3.013088660553123743e-01,5.234026218244722806e-01,5.900714050321840265e-01,9.399936930057604112e-01,3.483164395413663739e-01,1.066312167700992214e-01,8.367443585339466861e-01,4.640534988930558047e-01,2.892552602317346455e-01,3.655342046175976689e-01,7.764842016481390274e-01,7.424264752600618911e-01,6.696947559253454418e-01,2.971173007909810870e-01,7.168677938968810448e-01,2.935802828721924551e-01,6.033110415097882040e-01,5.063866667418559508e-01,3.386647181991870870e-01,5.002622303313416507e-01,6.850848149487245298e-01,5.060240815121913593e-01,4.257980768433812790e-01,5.767753223363356607e-01,2.704071765175742326e-01,7.861813228561237432e-01,6.994584995351340595e-01,2.382228907752143299e-01,3.972413007550409381e-01,7.724107442246835875e-01,5.515638732683462164e-01,5.583346372036890326e-02,7.679997436892115337e-01,1.472240645439623907e-01,7.155030461051894441e-01,7.836391912516180724e-01,6.087264726653023317e-01,7.101645750458626116e-01,4.696488723821450884e-01,2.224569257497116814e-01,4.821240035456217377e-01,7.457052387412096417e-01,6.433797866540077459e-01,7.851308061939223926e-01,3.745967267644050303e-01,8.644292232586103797e-01,2.959721229058748238e-01,4.577765187055948259e-01,4.326275048354085717e-01,3.633291487315287727e-01,7.189459059658240836e-01,6.589704139138067296e-01,4.813634755352584338e-01,6.720111830447029755e-01,4.354161959311582675e-01,7.644656759120125322e-01,7.339786328991654285e-01,4.852009250454759060e-01,6.995800765387956144e-01,7.019157392690421604e-01,3.753812034157271160e-01,2.018573727959050157e-01,2.634404826013123646e-01,6.515063468814086267e-01,4.717407686782105758e-01,2.855913103474116421e-01,5.490314942104791429e-01,6.016168703356640224e-01,4.709468611466163246e-01,6.371956747391358533e-01,5.032387764057635327e-01,3.383758930144160626e-01
5.307142718653198310e-01,4.638626407942360586e-01,8.000571564375520417e-01,2.895143622530250149e-01,8.655771991269717303e-01,5.956013590410177416e-01,5.226726317912507858e-01,0.000000000000000000e+00,-2.089690083393190845e-01,6.482843003751576072e-01,4.889466718615076979e-01,6.973403991805835478e-01,6.747259705089315718e-01,7.957262441883221626e-01,6.334395391412467324e-01,2.663367901096508894e-01,8.678424024608428766e-01,4.296519678329741576e-01,6.170291361452402423e-01,4.042450126101835850e-01,8.672962381899588236e-01,6.049529721996130815e-01,3.176376725525784650e-01,4.571619938925329252e-01,3.755120574499164893e-02,6.152048325099896964e-01,5.473940021140490941e-01,4.844081450284775658e-01,1.008501917186608310e-01,5.616550684782638525e-01,5.072223686198774617e-01,7.118252104885778309e-01,4.473605735936121430e-01,7.720539128436332277e-01,4.488240379153019544e-01,4.556134113964453447e-01,2.995870568199053285e-01,5.990734776202709666e-01,8.613009312425072839e-01,7.068293907279499244e-01,3.036128036014831277e-01,5.631220373749682429e-01,8.640967330671558422e-01,5.070729595411153090e-01,5.903079982707672979e-01,8.784827012979630201e-01,4.256528400153793412e-01,-8.312348282677026190e-02,4.371498405005016519e-01,6.883462285152078808e-01,1.724308295703961269e-01,5.228578057527328848e-01,6.798294720911057798e-01,4.169376357070196382e-01,8.344837618905482923e-01,2.776355312259042307e-01,2.942467006349783754e-01,4.539624891566272913e-01,7.922603719197212069e-01,7.596450768304852108e-01,2.006094819715091015e-01,4.466944951715529633e-01,9.255120019656111197e-01,9.714335131840493576e-01,8.468509125579362085e-01,7.761375549085807179e-01,3.847618991968431157e-01,6.088147459362722724e-01,3.291860278914410243e-01,6.471202316153612522e-01,6.157566711085955546e-01,2.949957427604577020e-01,2.991636734683371657e-01,3.177427571094554315e-01,2.630760698750702620e-01,7.611437888199418245e-01,8.185900880488891085e-01,6.107136757107433089e-01,-1.676637339098264179e-01,8.880025291074700525e-03,6.231144677865191328e-01,7.418437547356301343e-01,5.200419442211112742e-01,2.147775098482320177e-01,5.467672483661393246e-01
4.509597733745480119e-01,5.259291834072556959e-01,4.132467296834054227e-01,6.424788163932309004e-01,7.616680631751956421e-01,7.084940323084771840e-01,6.592485408654400469e-01,-2.089690083393190845e-01,0.000000000000000000e+00,3.824231152939498446e-01,9.814933937401483233e-01,6.246521690125066417e-01,7.953869930607093686e-01,9.219256694755795234e-01,7.201588925739674796e-01,2.264414971829063206e-01,8.349149828512344440e-01,4.151792832831320279e-01,6.943297830177904695e-01,8.203506654065776393e-01,8.123658685019781167e-01,3.267207191117972309e-01,6.028163404854995910e-01,9.735419115102892373e-01,2.722616190399979041e-01,3.440496801737858990e-01,9.726408314231966834e-01,5.738115899287929977e-01,2.882045674086239906e-01,2.397599443977814493e-01,5.425684460725942460e-01,7.248853097161198633e-01,2.463216854950106283e-01,7.164933066415574148e-01,2.409593013151282992e-01,2.906313352427885577e-01,-7.102904916497271293e-02,5.407087612547863964e-01,6.018522808349575648e-01,3.307164004628879717e-01,9.553132690472052602e-01,6.235080613736707633e-01,9.627304878040301439e-01,7.173504157622752064e-01,2.224857411938815088e-01,6.356317991470334938e-01,5.962334546759526788e-01,6.010614414167575470e-01,3.968614108555329478e-01,5.988043933035147592e-01,5.373883960194790754e-01,5.661414998691526312e-01,7.010329942258516356e-01,4.249141587876724691e-01,5.500446647233419029e-01,3.366935619570078919e-01,7.087789789872327439e-01,5.633168368223928635e-01,4.222750805123266504e-01,8.867853845340777086e-02,5.638506556216123233e-02,7.489924160650628382e-01,6.785989641644387671e-01,8.960184650806084505e-01,8.830472982907361379e-01,7.917106381259449988e-01,4.227857484887572737e-01,7.792573476439643709e-01,5.182980561567880340e-01,7.754952524459259866e-01,6.329406048091544834e-01,8.163754718802229693e-01,3.912563164643528824e-01,2.776110637993501884e-01,6.769219254046672241e-01,3.408805263585785728e-01,7.683455932654570386e-01,6.842495122164917731e-01,4.920090333442764807e-01,2.845222788137756753e-01,7.392684741432780093e-01,9.616842973993667831e-01,3.266969380594744177e-01,4.890917655917827456e-01,6.223253364250718178e-01
8.425533006810875802e-01,-3.603113682534980766e-01,6.274918660925631331e-01,6.946807699938174485e-01,7.206855240551569564e-01,4.892502018793690177e-01,5.031440815179905046e-01,6.482843003751576072e-01,3.824231152939498446e-01,0.000000000000000000e+00,8.280592860838481561e-01,5.854911476760192857e-01,4.883193919289186002e-01,6.522030743314848333e-01,5.438786407140314694e-01,8.545386701542264651e-01,7.977574018701163450e-01,3.954613487913003489e-01,8.938209815744004860e-01,6.315361624096869075e-01,7.452633884797263963e-01,7.410527782816025422e-01,9.816256474665450149e-01,4.013648983198109255e-01,3.441292486412754759e-01,7.817843337422881733e-01,7.829157098520019842e-01,3.354399550907094518e-01,4.565164888117195785e-01,3.797658654353642804e-01,4.544086663415749516e-01,7.782446220874953413e-01,7.449426140393538009e-01,4.647566172477388124e-01,5.238833455541490602e-01,5.942195363994318136e-01,3.501132657995534858e-01,9.981691759504112138e-01,4.869157437501487329e-01,7.565835395579579847e-01,3.498268943555059574e-01,7.697801030915553122e-01,7.117751392440062608e-01,7.062387067917321737e-01,2.111060501464748496e-01,7.605422073702308161e-01,8.074947636213759550e-01,6.699751648733462961e-01,7.718415485627619921e-01,5.718919881501257629e-01,7.389207353057849481e-01,5.343751378160566112e-01,5.421984646776127903e-01,6.431176239783303883e-01,7.406259301346960200e-01,9.507732843729467254e-01,6.301269072441059160e-01,4.965874710110589341e-01,8.431027040849188303e-01,6.667787807673390965e-01,3.384944430104198099e-01,5.648222924919408250e-01,7.770490610543610011e-01,8.284972151618763547e-01,6.109319520977449791e-01,4.164362356561874812e-01,8.506557497728581829e-01,4.582494799058352553e-01,2.112184548331015044e-01,3.930356894180510041e-01,5.462074716654574669e-01,6.148618308475020111e-01,6.793104525961686235e-01,2.766342760193613581e-01,8.442018741971590856e-03,7.537447492494652179e-01,6.429543748352337662e-01,9.869919800169877355e-01,5.337773015205007354e-01,5.656844436427280742e-01,6.788920484423878188e-01,4.880741595300444047e-01,9.534226322737548998e-01,5.873997410783289297e-01,1.356115467042061373e-01
7.865629380498597722e-01,6.029999489231363530e-01,8.444613159924305723e-01,4.559475938467890122e-01,6.321157199407617666e-01,1.628786161883330474e-01,6.399377074958909617e-01,4.889466718615076979e-01,9.814933937401483233e-01,8.280592860838481561e-01,0.000000000000000000e+00,7.058845844740267994e-01,4.716954176658947340e-01,6.090633181580800137e-01,7.308440161764988563e-01,9.060394723833439246e-01,9.614298628046508144e-01,2.708429660079116341e-01,8.671010699683761036e-01,1.621168643386788899e-01,9.429076608491099298e-01,6.641336317472997797e-01,2.358034406065125099e-01,8.938920547120620119e-01,5.013891361480549147e-01,3.412618875153676790e-01,8.406148915259985532e-01,6.728005559649691270e-01,2.613618124400577392e-01,3.783914970908667241e-01,2.607311287373580422e-01,5.495322323122288077e-01,5.077997764071896514e-01,9.222115831884961090e-02,5.572380272176393756e-01,-1.619272622478196144e-02,7.969542910826193927e-01,6.383927626256098442e-01,8.596553375847155731e-01,6.015516177712484369e-01,4.377167173688421009e-01,4.603541897561559404e-01,5.371989631076712346e-01,8.466059710761938417e-01,4.004448426705045083e-01,3.151467055845372789e-01,9.397810287118516515e-01,7.104039789825056239e-01,4.488310368867410305e-01,6.121510879842523289e-01,5.658124052890556310e-01,4.173150200484810890e-01,5.546616756239952650e-01,8.190947981274012690e-01,9.085380328478516176e-01,7.028103120555790895e-01,5.899060959566246876e-01,5.987637827519012301e-01,6.108829268711137850e-01,7.693071119839628436e-02,4.146309054037117803e-01,2.786473179043112425e-01,2.636939590684839185e-01,9.334964005264559939e-01,6.711210310370010479e-01,5.948574947583096240e-01,7.384031869842977436e-01,9.950297493318289721e-01,7.535495081137039142e-01,2.669331684256065484e-01,6.246309898742334887e-01,5.119241492441634067e-01,6.856820289153378600e-02,5.240607176657686717e-01,7.737361992421960544e-01,3.915259879255650333e-01,4.679422670960222130e-01,3.718625645848685490e-01,5.618660206815201397e-01,2.811433069215408809e-01,8.081878807696000200e-01,5.328199106837030463e-01,7.328349952073047735e-01,7.693003763800771999e-01,1.318498702268472156e-01
6.377552019213090784e-01,6.493581706054918357e-01,3.972339371140003461e-01,7.609708984750139793e-01,6.438848503701206649e-01,4.167146050865021545e-01,4.698197189599119805e-01,6.973403991805835478e-01,6.246521690125066417e-01,5.854911476760192857e-01,7.058845844740267994e-01,0.000000000000000000e+00,4.606158058213827289e-01,8.800420283487020434e-01,3.987798059406819640e-01,4.263880608624254220e-01,7.262512596237333806e-01,5.588164234631725069e-01,6.143601369023438119e-01,9.797493579944368536e-01,6.699875306098960204e-01,4.433510146624066173e-01,3.909368591964937911e-01,6.635826419111702235e-01,-6.851600687518616395e-02,7.123815207441510644e-01,4.334497675490698865e-01,5.351146423229290461e-01,2.934363707180952519e-01,6.703132922526574555e-01,4.992604900277063940e-01,7.534054530724834109e-01,6.890341951708681689e-01,3.260062982590298253e-01,7.729655016422694036e-01,3.586900426725997404e-01,2.853141712801757213e-01,7.482464453977855090e-01,6.240969635221101930e-01,7.835971568299757717e-01,4.483524710347664421e-01,7.231994653860643885e-01,3.123947652819636378e-01,3.598847625311202281e-01,9.985953733102183039e-01,8.494650936927665708e-01,7.367689380913493569e-01,8.163571516675922624e-01,3.106185689352878448e-02,5.302049732474702903e-01,5.774732070665467010e-01,3.845051179647638318e-01,7.888942149556608108e-01,8.730465911271251267e-01,9.876473116424910881e-01,9.351299754809700993e-01,4.342987092497535562e-01,2.272605207105090619e-01,6.573193972245566785e-01,3.928131449751270377e-01,3.887605179020616752e-01,8.535617490496876236e-01,7.548941083270775954e-01,3.670445713559422618e-01,9.554946317777406328e-01,7.671928621443355745e-01,2.484119405360201704e-01,5.349497383486561120e-01,5.929846055673690941e-01,7.757812474464297336e-01,9.836224251581096034e-01,6.820286682242182597e-01,2.670592426999806035e-01,2.903293148520455502e-01,8.003114557422035258e-01,2.573337022328722190e-01,4.209896139030308571e-01,3.048784176200221019e-01,3.759077739686012554e-01,2.562338837947384929e-01,5.703383097816977498e-01,7.591082847135353084e-01,6.578593830655723451e-01,4.753615785513268799e-01,2.744879230792629521e-01
7.392648023152159631e-01,4.337022816251446811e-01,6.240406103318790754e-01,7.816078561689321358e-01,4.231687036774400279e-01,3.872431013302110037e-01,3.159771068871294886e-01,6.747259705089315718e-01,7.953869930607093686e-01,4.883193919289186002e-01,4.716954176658947340e-01,4.606158058213827289e-01,0.000000000000000000e+00,6.621844850988610753e-01,8.992647195373276725e-01,5.576483673600910462e-01,7.423567337602564598e-01,7.781339549333076144e-01,7.972203465650249399e-01,4.742661047551719466e-01,6.558676043638191899e-01,3.032856036381042508e-01,6.971249028285710914e-01,1.804803182686158872e-02,5.220323926147076854e-01,4.259535342413771630e-01,7.359856556845447706e-01,6.281406211901279235e-01,3.467176509542669108e-03,6.732986719613986981e-01,4.288896494358613865e-01,7.190983725151137707e-01,2.043814508292840781e-01,9.999540988528308194e-01,3.803864628556886673e-01,4.429839908406249527e-01,3.621785116869438159e-01,5.105489769466308170e-01,9.110085500232112388e-01,7.570809464066796668e-01,3.617562189723890764e-01,6.627608535751693397e-01,4.917800919305025387e-01,6.584999395302517655e-01,3.938286979250701370e-01,6.639332829131203706e-01,2.528350092188487164e-01,9.298129227649125639e-01,9.424981733839570275e-01,6.516912346256084065e-01,7.939875332236701055e-01,9.860661965377547356e-01,9.363575179790174507e-01,5.306436051130046794e-01,5.358687283034722082e-01,4.022316349026894278e-01,2.840561839397410249e-01,6.184842416575430102e-01,2.070613431148876360e-01,2.298046076315534703e-01,3.981831571666434311e-01,7.722786348919585819e-01,5.536353801358001592e-01,6.956861841441248639e-01,8.333684104143900262e-01,6.485904181930182144e-01,6.875894416577873480e-01,5.640909812381695865e-01,6.319610111934080843e-01,5.904791242423090836e-01,8.259493000208062430e-01,3.411586408544590721e-01,3.470625290878258107e-01,5.058291106849285290e-01,5.453192190228676184e-01,3.107525879596954588e-01,4.745490986797009092e-01,4.706243952075669923e-01,3.506055957201622553e-01,1.895200721730084803e-01,7.454019155340871894e-01,9.169852313843067648e-01,1.815479229719365595e-01,7.388759489570209116e-01,4.469172927863367950e-01
6.753883990788883684e-01,7.149969866397585250e-01,6.750201187336153374e-01,4.364101380683950704e-01,6.175813595748246287e-01,6.703677688240553545e-01,3.013088660553123743e-01,7.957262441883221626e-01,9.219256694755795234e-01,6.522030743314848333e-01,6.090633181580800137e-01,8.800420283487020434e-01,6.621844850988610753e-01,0.000000000000000000e+00,9.850661298768393845e-03,7.028770077435559926e-01,5.041143631400261116e-01,6.368783761697013324e-01,3.326611763157951152e-01,6.338113831550540311e-01,5.173711483808304257e-01,5.510037337621663811e-01,4.936153962670012940e-01,8.764209932854482021e-01,5.526239733002124010e-01,3.355523190847092829e-01,5.849876918449619517e-02,6.159616373954508450e-01,4.066806553763862575e-01,3.810633204859841666e-02,2.680162450110640249e-01,7.634585177946798806e-01,5.834330289310277751e-01,8.573766188734667226e-01,5.367055106115954377e-01,5.388108443907880796e-01,4.520936298350897165e-01,5.513472086763353541e-01,5.942634841097893528e-01,9.487895216835428025e-01,4.547471565440743269e-01,6.927055921063127730e-01,5.458003913408783214e-01,4.979627469837468179e-01,2.123758330134470906e-01,6.389527731347970363e-01,2.324503509230984588e-01,5.923100777581637999e-01,4.770115115409555573e-01,6.996656235869914697e-01,4.479167538029041329e-01,9.877512653165787526e-01,6.932453909859540575e-01,6.799533137950448669e-01,3.195628355239310547e-01,6.555677760719134106e-01,9.395509607748586678e-01,8.555826911341701813e-01,8.937682748213743311e-01,4.650350718536818140e-01,2.396399824835575010e-01,6.998754033859380108e-01,9.884517777411405692e-01,7.656526509618067911e-01,8.870022133714181578e-01,2.872100658534287310e-01,9.727470799844228910e-01,9.317832062100304125e-01,3.356355534078884206e-01,7.460022699761791332e-01,9.239337896229177227e-01,8.614489724771510204e-01,-9.359703908539075690e-02,1.168639270934929836e-01,7.553459056682438888e-01,7.238941525228188567e-01,5.521333675603677937e-01,9.459080611201089450e-01,2.547640001945830276e-02,3.366372511893527264e-01,7.787288544765964549e-01,6.105336028312997598e-01,7.557416732329143016e-01,6.527203731377825280e-01,6.012733031045017773e-01
7.140190125544383370e-01,5.113552723017662505e-01,7.174426784817092839e-01,7.516275458712992075e-01,1.413660498582589298e-01,7.964767177143237120e-01,5.234026218244722806e-01,6.334395391412467324e-01,7.201588925739674796e-01,5.438786407140314694e-01,7.308440161764988563e-01,3.987798059406819640e-01,8.992647195373276725e-01,9.850661298768393845e-03,0.000000000000000000e+00,4.686439341330703723e-01,8.247589567559385770e-01,3.486217775197615332e-01,5.043691477912729537e-01,6.439116353549791949e-01,7.863840328485972586e-01,4.895292220548547735e-01,2.211504585053054583e-01,2.119981795904887778e-01,4.050374236196837563e-01,5.515652928186003390e-01,4.029803840455245534e-01,6.356561566358414073e-01,5.455836664815391090e-01,5.070684844067050445e-01,5.578214887775150288e-01,1.612798031548214883e-01,7.126357087790250455e-01,7.681617076608998618e-01,7.769324532077755974e-01,4.573145766941176804e-01,2.578525662477978431e-01,6.664887812921477250e-01,4.037314222776719475e-01,8.917894713835613496e-01,2.268401550402110445e-02,6.684121568788087275e-01,3.176729939558988192e-01,5.896299460919189883e-01,9.651986740902629425e-01,7.405775092628223977e-01,7.507025038754445712e-01,2.811059358437907885e-01,4.763530113685923162e-01,4.919318796660270277e-01,5.659767188596415144e-01,8.688741659624028557e-01,8.472323168837626595e-01,9.205645076728617981e-01,7.458010918908763998e-01,5.655930055751328123e-01,5.472394792776621442e-01,7.723514914909239693e-01,9.089015556764827863e-01,6.669086005955178198e-01,6.112572860084420912e-01,7.972029816427737003e-01,3.704373370040482394e-01,7.976929662974525659e-01,7.443333190279741718e-01,7.752136577873827150e-01,3.967146391159274144e-01,6.806677293081324631e-01,7.254682583262155315e-01,-1.547560368911495843e-01,3.383810894518413104e-01,3.201551926914870672e-01,1.777960531073320138e-01,4.992258822404823659e-01,6.937282962376555284e-01,6.493025605740121442e-01,5.972215816670731758e-01,6.136847165986830666e-01,2.613980219748142098e-01,2.062841017773534569e-01,5.959412663494859652e-01,5.639970818741579794e-01,5.253873268473329139e-01,5.178323843961332162e-01,7.218188232374898039e-01
6.359771883761602407e-01,5.821373800109179708e-01,6.928017444165360805e-01,7.379516153718095328e-01,8.403145837395327444e-02,2.080501509343472555e-01,5.900714050321840265e-01,2.663367901096508894e-01,2.264414971829063206e-01,8.545386701542264651e-01,9.060394723833439246e-01,4.263880608624254220e-01,5.576483673600910462e-01,7.028770077435559926e-01,4.686439341330703723e-01,0.000000000000000000e+00,2.288487037803387802e-01,9.025268471314267238e-01,5.139419301338186141e-01,2.202336939974601226e-01,6.909260203528855282e-01,3.627944639373469338e-01,5.433249347899259396e-01,9.848922682081853175e-01,5.678969478531452619e-01,7.783316242334687995e-01,7.464315766854707768e-01,9.683248191693775153e-01,1.644166355458493919e-02,3.539681810912647109e-01,5.898907720110895259e-01,2.970124060344372374e-01,9.260643448843918213e-01,9.668661014952049104e-01,4.701068660777254493e-01,8.566365312138668475e-02,3.368238119442031886e-01,7.902991242227999091e-01,6.705115577422496864e-01,6.575276064783810437e-01,8.366429447574695588e-02,5.609283565611664635e-01,4.635689273521177434e-01,9.696989853633364298e-01,7.884569045341516258e-01,7.152489537537960462e-01,6.280070818143131950e-01,4.794742523669404122e-01,5.600598899058810698e-01,2.648830428422204730e-01,6.183678590285842658e-01,7.357188990944893980e-01,2.713707815731013495e-01,5.076756081208116250e-02,7.391149240845948931e-01,4.253907554300245808e-01,5.069211008811995711e-01,7.615129509355700321e-01,2.953096898649411051e-01,1.883667511753041035e-01,6.315592403304726155e-01,9.912042359834278837e-01,2.240202953180308112e-02,4.270709197494179654e-01,9.030835518831267228e-01,6.413776085484047540e-01,6.480523272318219341e-01,8.251337313707974852e-01,5.096341528014795008e-01,4.750871067869716358e-01,6.328322536906823004e-01,1.653170960600986450e-01,3.397452783020735723e-01,9.878730764540533116e-02,2.238887781065569127e-01,7.686502261305301342e-01,9.992296046368842610e-01,1.947340791487859463e-02,6.839597161245059009e-01,5.566555684605180021e-01,5.024663107991307331e-01,5.107298313206608542e-01,7.781999564426553828e-01,1.698623350681891520e-01,2.027680961523420922e-01
5.242481114625437977e-01,5.134033144170260243e-01,6.341999356076064576e-01,8.443814117639837358e-01,4.987142312006981881e-01,6.271020307933720117e-01,9.399936930057604112e-01,8.678424024608428766e-01,8.349149828512344440e-01,7.977574018701163450e-01,9.614298628046508144e-01,7.262512596237333806e-01,7.423567337602564598e-01,5.041143631400261116e-01,8.247589567559385770e-01,2.288487037803387802e-01,0.000000000000000000e+00,2.929695630262580952e-01,8.345910333411841187e-01,6.495802776270588330e-01,8.001586561566035316e-01,8.780030082843712780e-01,9.450899767821545616e-01,8.829715057199469808e-01,3.431228215584346541e-01,6.687120608250475273e-01,6.941299273243650703e-01,4.909002697698533479e-01,7.619723482455151853e-01,2.484674086561354245e-01,1.956171041341789041e-01,7.452526127067145012e-01,3.222740011541338490e-01,4.240283487622216185e-01,6.227936886296998598e-01,1.879250451993320359e-01,5.282601330009728535e-01,8.282105260858327878e-01,7.916651546088069313e-01,4.821895951992765106e-01,3.042707454693835412e-01,6.024680945114920805e-01,8.363441801005355725e-01,8.040653201402870875e-01,7.370222212241878124e-01,5.849006766408242353e-01,8.015278246247826699e-01,6.758355684718203582e-01,7.092051988271866891e-01,6.237454068204364432e-01,6.372008162779674301e-01,6.612758806648051380e-01,5.139432580079784652e-01,4.761469125667888158e-01,1.999763873504626921e-01,6.159775377096824434e-01,4.333957557871498945e-01,8.134440754351305314e-01,5.028672102940132671e-01,4.054110534235252361e-01,1.787451291870321285e-02,9.940033329022488484e-01,2.921215542871735682e-01,6.632422950456494659e-01,3.537592874949186950e-01,4.452632698526649557e-01,4.490013681221129982e-01,9.640514094551246860e-01,2.228975035264751658e-01,9.890206461388120207e-01,9.356872223990561066e-01,4.746844618839936025e-01,3.699198184178400517e-01,1.057624402914101175e-01,4.267140895480762142e-01,5.416703207427508993e-01,4.451653822879790279e-01,8.825673567162063415e-01,3.337804956645419874e-01,4.733323309828278425e-01,5.047580787826819737e-01,9.151768953514395344e-01,8.836951148554590407e-01,5.459437267363574930e-01,6.900670856103723327e-01
9.233553391674210742e-01,8.208697905832891273e-01,7.003542737473887891e-01,3.001147822300515022e-01,4.560275302879835402e-01,7.838402008861450332e-01,3.483164395413663739e-01,4.296519678329741576e-01,4.151792832831320279e-01,3.954613487913003489e-01,2.708429660079116341e-01,5.588164234631725069e-01,7.781339549333076144e-01,6.368783761697013324e-01,3.486217775197615332e-01,9.025268471314267238e-01,2.929695630262580952e-01,0.000000000000000000e+00,2.615952136801869554e-01,8.391186157925196731e-01,7.149076894974168983e-01,1.211808917413561421e-01,9.641800665730140274e-01,5.011389338709011654e-02,5.006410176828940406e-01,5.149049246633893295e-01,9.587769084494778271e-01,6.500689446333892674e-01,4.795412625951505081e-01,5.663302907912511897e-01,3.957070812394681836e-01,3.783690350633878152e-01,7.113910661341033004e-01,2.018925976779228360e-01,5.889811736141814524e-01,5.202172872114614322e-01,5.115355767187622638e-01,5.093413104399320268e-01,9.146485672930353417e-01,3.521891783096048889e-01,9.565528471080620987e-01,7.802702596665914703e-01,4.032552799290797241e-01,5.031241538198241159e-01,3.595116501309746915e-01,6.227477099351044210e-01,8.879188182364562421e-01,2.194940823961504528e-01,2.208589334009273819e-01,6.280025787751262190e-01,1.123007448955400389e-01,6.564971667452412785e-01,7.031043605702074206e-01,6.356347994437696602e-01,5.464211572855167676e-01,4.834777228201339594e-01,4.138021144603780122e-01,5.443886988221465772e-01,-9.725555989809342439e-04,6.311136521595113180e-01,4.472118695062365923e-01,7.342818074540994333e-01,4.514899574153630746e-01,9.432692180513879698e-01,7.866253113727995627e-01,4.201448322459626628e-01,3.773369653350603370e-01,7.344674883456318026e-01,7.501950879997595356e-01,1.423814386915176478e-01,-1.419493371333214460e-01,6.352458273575050107e-01,3.065426316559983766e-01,4.533073991039093253e-01,1.755598786543608458e-01,2.606699153189736551e-01,6.126595046016711787e-01,6.308523093234731371e-01,-1.309690537062346560e-01,4.956566200027035518e-01,5.331625686260237362e-01,7.014922084337503749e-01,5.771566059712245345e-01,2.883404946950618442e-01,4.656940043962694564e-01
