0.000000000000000000e+00,8.223046431197182926e-01,6.846729279455198158e-01,7.954883320294647842e-01,6.380773874664319445e-01,3.115060613487622421e-01,8.167316972558208432e-01,4.787090875218317221e-01,7.759466201322192669e-01,8.908488111391431596e-01,5.282731635236030954e-01,8.536321543140303891e-01,6.283316504939664426e-01,5.486944186208364549e-01,6.415937965460711823e-01,8.905861357393620725e-01,9.175368411993010120e-01,8.583946090948484375e-01,9.292979601928207378e-01,9.685245162897881954e-01,6.288198452382813830e-01,6.997953215519204795e-01,7.038485411470537523e-01,7.101571855856355642e-01,9.757403955157746278e-01,7.580260450485070134e-01,8.819090060650908169e-01,-1.631774652903922873e-01,3.537288293204352563e-01,3.573035166309217470e-01,2.343964413517290180e-01,8.981151339873589823e-01,8.388860308061478754e-01,1.030430657334082713e-02,8.101113130154166120e-01,2.382114661568635050e-01,2.877807953629848425e-01,6.983509067967365036e-01,6.964314972625671452e-01,8.348739936643756465e-01,4.126567589818163073e-01,4.255474981608987628e-01,7.381123565266929365e-01,6.237601210883225722e-01,9.023444424600943758e-01,7.540671054205497770e-01,8.525767735247664625e-01,8.788847227726785949e-01,6.014140871540222255e-01,3.704537071816166871e-01,5.097598313280513604e-01,9.466032718282532121e-01,9.610967060396932160e-01,4.197383324339871158e-01,8.073397248899562006e-01,6.967377083895895939e-01,3.872272048821746582e-01,5.959069530972018747e-01,5.475245034111091424e-01,3.246624432070132626e-01,4.324147087677667756e-01,5.000774518848914996e-01,5.629626337561235427e-01,8.679307627068474362e-01,8.858018765709591014e-01,9.249397020757620380e-01,5.013588882017783188e-01,5.041694461303848351e-01,9.064879370427751937e-01,9.684029472033088837e-01,9.670937597611874992e-01,5.128555721975949777e-02,5.973382204621562747e-02,5.289136223087884670e-01,8.484169915644224069e-01,7.212712409569098648e-01,7.253094957786409003e-01,4.539645368739926301e-01,5.151490401286921150e-01,-1.978967303028891789e-01,6.059664485684876922e-01,4.437518530568020370e-01,6.651529162920637450e-01,5.676136075449587093e-01,8.621277551622736901e-01
8.223046431197182926e-01,0.000000000000000000e+00,7.184655414511712523e-01,4.020471208654594619e-01,8.989606059975898678e-01,4.926324780023187966e-01,1.858210773738422361e-01,6.223767292004412921e-01,5.267320647060943495e-01,4.143577325874608919e-01,-2.681015284981119740e-02,4.663361744962842281e-01,2.589415257351694866e-01,5.910616294803052728e-01,6.886211326646662911e-01,6.101659484918438014e-01,6.838616086643395375e-01,4.540315148113392429e-01,8.248423149279620059e-01,8.234862707422029304e-01,6.118420351981357364e-01,3.455239632781130776e-01,6.703058855273773542e-01,9.383801124029267360e-01,4.065131592685839457e-01,9.334650358817229154e-01,9.987538173130994235e-01,7.887679246180301362e-01,1.719579151841640896e-01,1.319434445833627678e-01,1.550064757494928336e-01,7.968170079781966564e-01,7.295415080434687338e-01,6.237350718734463451e-01,5.575724986480005141e-01,-1.810078853592116122e-01,5.007019149239381184e-01,2.856037050045809877e-01,6.494879423623878267e-01,9.684973119520182694e-01,3.107086162907565230e-01,7.422344095602868563e-01,6.406605316869160571e-01,8.895400504708715905e-01,5.720324042541883314e-01,4.279194602293933114e-01,4.947400633884986854e-01,9.813448188542843731e-01,5.805259955424535434e-01,7.261002748505307469e-01,3.289666967164901479e-01,6.752347850370360449e-01,4.007419952358084458e-01,9.084108498542078358e-01,3.908970398230685594e-01,7.750734203489498819e-01,5.170770181982952129e-01,7.676793933641442580e-01,5.774049741249166479e-01,5.764064457353581528e-01,4.280362842844905868e-01,2.036289495512033643e-02,4.022777328600177921e-02,7.911172381828155409e-01,6.333245211976514799e-01,8.739710316754343289e-01,8.987900222344250567e-01,8.982698954182884998e-01,5.019660535278017699e-01,4.109773790800590881e-02,1.367420112010924241e-02,4.177827229611996707e-01,6.628389232125311281e-01,3.860189687122025370e-01,4.755854034779992690e-01,6.861426573121101602e-02,4.079421268188402339e-01,5.361892504195159281e-01,-1.388221845112475039e-03,6.625427263562199132e-01,9.819137912797317735e-01,9.824697675800960761e-01,-2.877061427175663932e-01,4.789342465338547461e-01,3.182510771064371857e-01
6.846729279455198158e-01,7.184655414511712523e-01,0.000000000000000000e+00,9.738276456364848288e-01,3.976918166187463077e-01,9.936670135719247732e-01,5.517508847464676069e-01,9.446785132034732912e-01,3.428965025160719549e-01,5.647966509528563606e-01,7.555480326202672625e-01,7.665830892148988163e-01,4.189961014338203782e-01,5.478257166142943557e-01,4.730503320964719594e-01,9.734830571847924441e-01,4.723347543086232614e-01,8.079413989374605309e-01,7.768339797749046483e-01,4.120549772296298041e-01,-1.933925204131641817e-01,4.450991506924221741e-01,3.753886928648405563e-01,4.788859506433644775e-01,7.381908808456341120e-01,6.119403284467741511e-01,9.043759638562541836e-01,9.687289338030656838e-01,7.850772737068945073e-01,7.576190715248201091e-01,7.121824846720640201e-01,8.061669822586969847e-01,8.542089866422312161e-01,7.021196394439168653e-01,7.681185894985185225e-01,3.402627421704508826e-01,2.832480961403948672e-01,6.667708012213791058e-01,4.503732586711851615e-01,6.399079985637999846e-01,3.946160589706144972e-02,8.074086306768029075e-01,5.043295612239612202e-01,7.396088401640854570e-01,6.472837243237206106e-01,4.891480792480578099e-01,4.132555567132091268e-01,2.014325109406526759e-01,8.486294175929690597e-01,6.156099662561959063e-01,6.029830294692534176e-01,7.053891142103231315e-01,8.138865788163427428e-01,7.862205982539622884e-01,4.262138217591807110e-01,9.439576648189703656e-01,7.593007415974800667e-01,2.446534221717342611e-02,3.320789151125584926e-01,2.531228593715384445e-01,6.400656499085859430e-01,6.714385228583878984e-01,2.181414565165429031e-01,4.845194196280746546e-01,9.996695916629612100e-01,9.006256228263734842e-01,9.490208657949160687e-01,6.076585339081330694e-01,5.944051173055020509e-01,8.932802832808840465e-01,6.066420386322316505e-01,4.117076992375184319e-01,5.440194140291637614e-01,5.322565662318494706e-01,9.967049135591298237e-01,7.254490853523597460e-01,6.126722538186154532e-01,8.217848724658780579e-01,6.398682761604955749e-01,1.212516265056922116e-01,9.913469041688829364e-01,6.821716328316625999e-01,1.790329844787471314e-01,8.558427173885801986e-01,6.073997345949353477e-01
7.954883320294647842e-01,4.020471208654594619e-01,9.738276456364848288e-01,0.000000000000000000e+00,6.662466337626735680e-01,9.952093802413572998e-01,5.336820772493988674e-01,6.585952516119653044e-01,6.571253503335465762e-01,6.698879218007860459e-01,5.926664527384747361e-01,9.045045829440655494e-01,9.198564834007769697e-01,9.544978389465988977e-01,5.309791818501032878e-01,6.041872016602851669e-01,7.952438493965539035e-01,5.602251608286145101e-01,5.817768689968796370e-01,6.245970493706122229e-01,7.466520513239586210e-01,9.754134655650801289e-01,9.115759992856541372e-01,4.986796669526509795e-01,5.740701771718528246e-01,8.526924580224007899e-01,4.163305079232130779e-01,8.017131081476930321e-02,7.973701884087940339e-01,3.355494392825967287e-01,1.741104769509954631e-01,4.818236823262972979e-01,6.838150409171056543e-01,4.717520301424591445e-01,7.962525939351949855e-01,3.898956344194227652e-01,-1.278358055057205733e-01,5.617849603104028144e-01,9.782709057902110317e-01,7.882014598009239315e-01,5.917641313727349806e-01,4.024836371183463379e-01,7.636565262624583905e-01,6.260328330110127570e-01,5.473611661001697160e-01,9.344492072034200625e-01,9.178289312573145731e-01,4.100693129507877455e-01,4.931557153606709876e-01,4.522678073531262721e-01,7.431908413178329731e-01,3.843179384738145132e-01,4.794173135954931109e-01,3.589210525298688337e-01,3.186773861507670724e-01,9.204263684809795842e-01,8.368885586231554763e-01,8.612398987715109699e-01,4.480962642750389024e-01,1.523566193466460439e-01,4.942051132908614197e-01,6.704884115133852296e-01,4.817941431590530565e-01,9.115568443637552809e-01,8.519139939280241380e-01,6.634365413437814940e-01,6.324281617957552282e-01,2.470824359250464730e-01,5.885152044331164456e-01,9.259678986189979755e-01,7.989731610786093841e-01,7.210088472692154360e-01,3.576177185429021410e-01,1.666461558477240201e-01,7.961336749139142910e-01,6.851615829644972511e-01,5.211095410066095557e-01,1.083970373078824018e-01,-1.431940872302722989e-01,3.044391502330840438e-01,6.101649288330461829e-01,6.321942065042788217e-01,8.809417253182014740e-01,4.383663823260233183e-01,3.681092273994049924e-01
6.380773874664319445e-01,8.989606059975898678e-01,3.976918166187463077e-01,6.662466337626735680e-01,0.000000000000000000e+00,9.334519968328175432e-01,2.414457551187028372e-01,6.564840625075401004e-01,5.925334849030241546e-01,4.044758024370849192e-01,8.478415027036328988e-01,2.796748135524994017e-01,3.247351073815827466e-02,8.048035590780925341e-01,7.112840974940647376e-01,7.235009598626798155e-01,5.219370531926609269e-01,7.816100226564997033e-01,5.609015377876729325e-01,7.098613819577357376e-01,8.554895188087229263e-01,7.906362067626264700e-01,6.264831838277905574e-01,5.647827357988268737e-01,4.356852072519705188e-01,7.804516330956097203e-01,6.231445362110203945e-01,6.913898411766953300e-01,1.622729367071585882e-01,-8.647429518197674581e-02,-1.783206823927671880e-01,3.100323092940348024e-01,7.789001636482448809e-01,6.706812903886689714e-01,5.397762755425896675e-01,5.542547173317229348e-01,1.530941678420696429e-02,4.463059525333621380e-01,7.464485560440380363e-01,3.276105818948876203e-01,1.865508188597861383e-01,7.904437939415478453e-01,9.632970005842383943e-01,5.011333285240122670e-01,4.611756317420799278e-01,3.651372903330285524e-01,7.443244557370380932e-01,7.264706361844706084e-01,5.438652874873068921e-01,8.657110861319077255e-01,8.312809227039327231e-01,5.680873748724901695e-01,3.698929190334455663e-01,6.612403570468806668e-01,7.321448830034797961e-01,5.412136813256041012e-01,1.201874064890026822e-01,4.405311613354727651e-01,7.757303431984472475e-01,9.463325913309618143e-01,5.786909245202620511e-01,3.537730711755272539e-01,9.046588045548759061e-01,4.314955560466938178e-01,9.699544667768270623e-01,4.224040880100388695e-01,8.522735990453058630e-01,5.287989273179969363e-01,9.098318355226701071e-01,5.764234517321449314e-01,6.327587172340319865e-01,6.846693526514724404e-01,7.992714158218552356e-01,3.411469713349110089e-01,3.818460409849587789e-01,5.203444491538218308e-01,4.282985943549065810e-01,6.593400403825800948e-01,2.281768582195738693e-01,4.331283793813689442e-01,7.164171651080907255e-01,6.373396897050878085e-01,9.097950537614212241e-01,2.259358630577957272e-01,7.356707019813039095e-01
3.115060613487622421e-01,4.926324780023187966e-01,9.936670135719247732e-01,9.952093802413572998e-01,9.334519968328175432e-01,0.000000000000000000e+00,-1.893390803676808232e-01,7.677533018677116239e-01,7.762457923229020285e-01,6.577818774995679574e-01,4.650714528845495965e-01,3.389128991976314009e-01,7.978282944263442866e-01,9.307617807277521749e-01,4.010020459763546929e-01,5.151482076617209804e-01,6.494224933445678083e-01,6.124786754108821896e-01,6.061368131977932228e-01,8.700925347058753312e-01,6.073845078431721056e-01,4.676921959699986697e-02,6.330185973650563902e-01,6.064230943883092140e-01,7.560925868341203948e-01,7.778575864408170393e-01,9.139804352629207207e-01,6.641962935264413836e-01,3.703282163483240241e-01,6.367661041575768399e-01,9.826799039918338030e-02,2.267291800029202220e-01,7.550235607770499069e-01,8.579967994328816516e-01,6.911463601364861153e-01,2.334039651061581375e-03,5.452717203785096833e-01,4.390049140832850277e-02,6.599793737541455041e-01,6.841384276864110880e-01,4.292718896472196288e-01,5.246663662246396909e-01,9.880616475596571968e-01,2.830295124867715506e-01,6.991503192750423423e-01,6.650553038850588461e-01,8.371930546220391900e-01,9.481798600747937122e-01,3.501076007586028105e-01,6.303606609775013192e-01,6.682237264666859300e-01,5.581735336842879036e-01,4.049938568392482674e-01,7.066635277565636031e-01,3.760351768553986118e-01,8.336159321763263463e-01,7.411228103749317730e-01,5.347747564606273318e-01,6.149223166418095188e-01,5.069457748065318015e-01,7.643141953219313445e-01,6.840479703615048868e-01,7.292848068729014255e-01,8.753776220481751524e-01,6.865079053807604526e-01,7.306852921585048621e-01,2.012578570065004513e-01,7.578679814840406648e-01,4.527905014204344769e-01,4.105356074694030410e-01,8.420492729982045343e-01,4.692817387649222405e-01,2.353404797830832840e-01,2.652939578920239794e-01,5.316049767444648300e-01,7.430785876524712563e-01,6.614179581479813219e-01,6.000175233274793879e-02,1.730253915271438014e-01,8.530932755025005809e-02,7.699970246774128224e-01,9.497480212078849293e-01,7.708574435017323534e-01,4.210751666645290436e-01,7.656011759761225388e-01
8.167316972558208432e-01,1.858210773738422361e-01,5.517508847464676069e-01,5.336820772493988674e-01,2.414457551187028372e-01,-1.893390803676808232e-01,0.000000000000000000e+00,5.968866105999189875e-01,9.589997439170423743e-02,5.095292270218583219e-01,6.581844245229010459e-01,4.377308550090055483e-01,9.448827273139610572e-01,2.289174640546267070e-01,3.560765513673726929e-02,6.927432680719995961e-01,6.981957236536513456e-01,7.862327327084048800e-01,1.084655262620045219e-01,7.430642540826664089e-01,7.609456481496283953e-01,1.382010293616936780e-01,4.689252709479934111e-01,7.156682476994226105e-01,2.499801801199129925e-01,2.937059984810866942e-01,2.726440695926583557e-01,5.964207314434823992e-01,3.710109627665713061e-01,2.770501903838633595e-01,1.175276583147034509e-01,4.360293220575339745e-01,5.902731991648293430e-01,6.167450788213649782e-01,-1.717699062242175612e-02,5.454809968855480751e-01,1.477080222374586305e-01,8.475336192767114474e-01,4.508352688401747188e-01,7.598866882238827225e-01,5.192053513160808098e-01,4.585253573424019069e-01,3.385508718742205048e-01,5.661378252692776947e-01,6.745123577067617671e-01,2.765967528936716380e-01,4.864587453959334784e-01,3.162087415310431138e-01,7.013404933248433837e-01,2.997583401745081977e-01,5.733749157210219494e-01,3.670085944052363103e-01,5.827792357800830603e-01,6.811182835455005247e-01,9.872812676758757622e-01,5.764848246334379755e-01,5.487666306545480044e-01,7.743657867608580991e-01,6.285950853798946136e-01,1.769339810988762030e-01,5.506295397901009858e-01,3.702827582642900239e-01,6.038476859413793862e-01,5.078526343540391563e-01,8.173905639535054002e-01,7.557780575815364887e-01,5.864323603142924668e-01,9.357847601509019508e-01,4.078115663209234132e-01,3.457678068796130599e-01,3.753988611275987930e-01,7.610228447435987142e-01,6.607639145954520288e-01,1.784504871321169472e-01,3.172312978183156607e-01,5.086853326438181000e-01,5.693678700463999931e-01,5.794310309553021288e-01,8.083708537925754500e-02,1.091283383586701961e-01,5.304216415237296145e-01,7.763187241627724777e-01,5.801640408901120871e-01,3.203698014604426381e-01,6.338567113741756520e-01
4.787090875218317221e-01,6.223767292004412921e-01,9.446785132034732912e-01,6.585952516119653044e-01,6.564840625075401004e-01,7.677533018677116239e-01,5.968866105999189875e-01,0.000000000000000000e+00,3.675264470141378914e-01,6.123240677923247333e-01,9.541022824930002200e-01,4.047120838894818218e-01,6.095422006401541859e-01,7.613199458414782184e-01,5.853044971360387150e-01,6.716345882814561685e-01,4.910813485609561990e-01,2.804992864868850466e-01,9.535422960035889739e-01,8.179513842538242985e-01,6.400197819618071993e-01,4.928907915881106105e-01,2.365528200209023324e-01,4.845222363795099185e-01,9.386484210905577941e-01,6.904494956320555987e-01,4.851191119122273410e-01,6.586832402471802794e-01,5.970597620722987164e-01,1.379559412220979775e-01,1.328540454976090412e-02,2.625383971265156657e-01,4.206626849943183588e-01,9.973398333340408595e-01,7.561498242056277075e-01,3.607174508214189279e-01,1.542328396507971489e-01,4.102195593434035947e-01,6.462394099267706471e-01,4.871606151555057940e-01,7.761374378289431775e-01,2.362444844989004256e-01,7.981948128429411371e-01,3.973666349209883930e-01,8.162922449048573004e-01,9.667499039497893243e-01,5.431972982451382936e-01,9.914129643621131249e-01,5.006663874126078273e-01,3.469662262281366094e-01,6.040509551263216759e-01,7.279943582742052222e-01,3.139001137539387254e-01,5.867349164057968913e-01,2.941008489684320271e-01,8.636614096773489457e-01,6.875014137322704721e-01,9.799154582142886039e-01,5.917297219011253828e-01,6.173546840185796247e-01,1.268561491336195057e-01,4.315988645796675072e-01,3.483990154846837717e-01,9.476656549311240907e-01,7.429665567333200160e-01,3.487172098269529230e-01,7.358624945828201591e-01,7.716370726014333270e-01,4.224530909863145611e-01,6.369813639301488140e-01,9.039476855749375983e-02,5.516872964260479684e-01,4.514479253786514434e-02,5.687226722589542455e-02,6.546066870656803705e-01,5.733217189756864007e-01,4.702305190310953620e-01,4.711203110992572829e-01,1.667041451458921020e-01,3.168550468384402907e-01,5.917682978005602834e-01,7.014796977134949429e-01,8.620117290451347891e-01,1.925088073199630323e-01,7.423649363561400927e-01
7.759466201322192669e-01,5.267320647060943495e-01,3.428965025160719549e-01,6.571253503335465762e-01,5.925334849030241546e-01,7.762457923229020285e-01,9.589997439170423743e-02,3.675264470141378914e-01,0.000000000000000000e+00,5.693608452722175306e-01,5.810642387058917446e-01,3.145295002492068948e-01,7.745172678223639640e-01,6.004872352086407794e-01,6.951777015728966003e-01,3.710907750123358384e-01,8.940998058521644198e-01,4.384107772877632869e-01,3.313506632491988180e-01,6.275129403206143319e-01,7.701866007985276319e-01,1.042579853385767752e-01,2.208927487228572184e-01,8.757514275362878742e-01,4.110768101401350849e-01,7.004905796514350191e-01,9.603767671560454744e-01,4.049424571205139101e-01,5.592307682385380119e-01,3.798949511079178221e-01,2.425568138558167885e-01,7.539401044478482028e-01,4.111926494666024445e-01,5.994380265908960670e-01,5.036127939014795052e-01,2.486068494248932503e-01,9.382293158063002847e-02,6.853470697446356619e-01,5.098874172313557773e-01,4.061288855694662470e-01,6.390678846533615065e-02,5.191796795303669221e-01,7.081228796023892880e-01,5.020046391971419997e-01,7.748541903617969240e-01,7.887209620695239121e-01,7.780465548933928055e-01,5.090219944310805378e-01,6.027615274224535913e-01,5.178372086389972928e-01,3.377155251973082972e-01,4.101038605306875917e-01,4.213223888908874115e-01,7.084441628144959591e-01,3.988348664297842738e-01,7.690266298264909484e-01,7.158519015936438690e-01,2.455329527141772994e-01,5.903854753187339766e-01,5.853681266697643437e-01,3.079290188732180522e-01,5.372452520920941721e-01,5.115184296625172600e-01,6.789798021118675919e-01,8.019481719987658908e-01,4.754885839466381769e-01,7.898483233481878862e-01,8.317157385612027332e-01,4.683201193950639607e-01,3.505718321402253035e-01,5.369877927855225552e-01,7.803071687769614906e-01,5.925539658688661060e-01,6.225208963046495736e-01,5.268590253904743559e-01,2.172478732863477591e-01,8.224007900782104308e-01,5.856802443904457478e-01,5.793397611264763380e-01,3.472537237815683797e-01,3.489446038241418302e-01,9.406061003348000771e-01,8.213904126982397580e-01,-2.925904537152330120e-01,2.682830346471042349e-01
8.908488111391431596e-01,4.143577325874608919e-01,5.647966509528563606e-01,6.698879218007860459e-01,4.044758024370849192e-01,6.577818774995679574e-01,5.095292270218583219e-01,6.123240677923247333e-01,5.693608452722175306e-01,0.000000000000000000e+00,2.104247585378636320e-01,7.399033595526898210e-01,7.534469221365615033e-01,6.209513879200012632e-01,8.385642997669077170e-01,9.883843652620705189e-01,4.425207775349087602e-01,5.748546614455622983e-01,7.218149142908093507e-01,8.802412782306545669e-01,8.854731877437732601e-01,6.877561389904975897e-01,6.466605489991489319e-01,9.606937313734332795e-01,7.797237834381307575e-01,8.343785012213709162e-01,8.022045516167760626e-01,7.371938648473306266e-01,5.773096428664579172e-01,2.509426014351694434e-01,3.790870845490414975e-01,3.516124050138411672e-01,7.002790112236084719e-01,7.732928377914443097e-01,7.268755375176773059e-01,3.823848575337784883e-01,4.927250045133929612e-01,5.148844273893943280e-01,7.455928924122530166e-01,7.748999314002914529e-01,3.512662556998740193e-01,5.273248197676856375e-01,6.590843685931797591e-01,3.362422367389050759e-01,7.711417243323299697e-01,6.873542657048146154e-01,8.058593586550942822e-01,7.221148741630971646e-01,7.437632570605713367e-01,7.533728542451120225e-01,7.647837323601828219e-01,6.144758812870693143e-01,9.994386825540683139e-01,2.323873786003066988e-01,6.141331502398424957e-01,8.317835187453591628e-01,2.506547120856015276e-01,3.731857717151739751e-01,9.807243108167914558e-01,2.478346502639556803e-01,4.538218800934120667e-01,5.768443152436273369e-01,7.855386514732606296e-01,9.465600672930052362e-01,9.485911513668605632e-01,7.550148457565819538e-01,3.701266398542829572e-01,5.295598318336423027e-01,6.242101869330344277e-01,5.070006114909247907e-01,5.785607875036049563e-01,7.433238624417154439e-01,3.845379485289945887e-01,5.070788715225184040e-01,1.488111105965562453e-01,8.459001909682716258e-01,7.042923572696371259e-01,4.980657865255758709e-01,8.077193283966535020e-01,2.234622989897390166e-01,5.329191048998693780e-01,2.094118619607015785e-01,7.482331924192903161e-01,5.594653954287983622e-01,6.373721552892620545e-01
5.282731635236030954e-01,-2.681015284981119740e-02,7.555480326202672625e-01,5.926664527384747361e-01,8.478415027036328988e-01,4.650714528845495965e-01,6.581844245229010459e-01,9.541022824930002200e-01,5.810642387058917446e-01,2.104247585378636320e-01,0.000000000000000000e+00,6.800037657624733445e-01,6.419585813599839597e-01,4.860431705832571891e-01,5.102331297010889166e-01,9.883232667549698425e-01,1.565251217150724350e-01,4.467261370696465894e-01,5.598879566735871505e-01,6.738311631923026290e-01,9.127906923786274218e-01,7.529859310865398836e-01,9.275124664795142415e-01,7.604178288557034149e-01,2.230068856570223135e-01,3.263062618414734883e-01,8.691314613166021275e-01,8.054161089560293307e-01,3.194468783557058433e-01,5.262411642008419932e-01,5.640445460980755277e-01,5.094211571146248785e-01,8.349871942216706699e-01,3.776598424679856736e-01,7.345026626658326396e-01,4.531553815403460694e-01,2.295714900372604617e-01,3.601105992118273091e-01,8.154471522752954060e-01,7.173529564421495808e-01,2.788607500723666588e-01,9.185238194942817458e-01,9.506607090568819363e-01,3.462257150624210578e-01,7.824625314638493645e-01,8.016836280697891004e-01,6.204329981707529251e-01,9.361822107677605365e-01,2.112093910243437733e-01,2.151211168224348991e-01,4.093218824815161305e-01,9.792457700460078796e-01,5.823042569109415645e-01,6.054617943739059038e-01,2.847575282013544151e-01,7.150028485491406460e-01,9.071169048226130904e-01,6.776537569290496110e-01,6.465655638463858601e-01,-9.514137260316039846e-02,6.700020208470816030e-01,2.955665751092380056e-01,7.366483031957051786e-01,7.478311690448485871e-01,8.621595487436179983e-01,7.345142909320443447e-01,9.504180842028094878e-01,7.041341331072443754e-01,3.126657883375065783e-01,7.072529487638602452e-01,7.154850187668349015e-01,5.599251490820428279e-01,2.240904452285261972e-01,4.574250439079695640e-01,6.467937959687859450e-01,3.440761261186724984e-01,9.093982426058022650e-01,2.974499104190380105e-01,9.688834890948988532e-02,2.789019876742441784e-01,3.482928401615125180e-01,9.865919016759939764e-01,3.290572617570804992e-01,3.284515339606222106e-01,1.362200403869879284e-01
8.536321543140303891e-01,4.663361744962842281e-01,7.665830892148988163e-01,9.045045829440655494e-01,2.796748135524994017e-01,3.389128991976314009e-01,4.377308550090055483e-01,4.047120838894818218e-01,3.145295002492068948e-01,7.399033595526898210e-01,6.800037657624733445e-01,0.000000000000000000e+00,8.290949471035600205e-01,6.940948416292751499e-01,5.812658614420426195e-01,7.873028560796928588e-01,6.207049410238841824e-01,7.124191285990405520e-01,9.642232503017664769e-01,6.935225322025972972e-01,2.124704832852881975e-01,4.022719173882340904e-01,4.840985676887030187e-01,2.524896600358946253e-01,3.251358176244335541e-01,3.881418380234976651e-01,5.608564654272560901e-01,5.506386354484789081e-01,4.468808740079607822e-01,1.161448203224414999e-01,-7.281098005528230388e-04,2.881765513865378603e-01,7.434202512325427392e-01,4.531797253835278538e-01,7.446365206880203313e-01,2.557874545185517823e-01,4.836516090862059136e-01,6.567423258951399223e-01,2.666685014693489508e-01,8.133228829339578247e-01,5.572162295679274902e-01,4.538851098590890865e-01,9.928933292146130407e-01,6.692227852950436429e-01,9.778139352098311754e-01,1.386833249260055745e-01,8.177401039953439144e-01,7.949825857380290461e-01,7.463681166001084888e-01,7.720115240806108003e-01,5.848176067563313207e-01,8.522544727232043149e-01,9.124239755557455034e-01,6.909248084764118003e-01,9.416346880575146017e-01,5.974394353841627758e-01,7.869889254658145594e-01,7.138053701294004849e-01,6.350952990554655786e-01,3.676421371178379971e-01,9.148999171058735946e-02,4.550106574630571887e-01,8.070103437198131724e-01,9.923170139400447898e-01,9.366746364743918640e-01,6.477905163901065411e-01,9.107624808824076323e-01,7.363258340221615628e-01,4.465641994070112530e-01,9.263490804870118112e-01,2.498295900715682138e-01,3.989350658402945893e-01,1.300320343028845971e-01,8.439079900340995533e-02,5.317252549792700345e-01,4.689114496568682622e-01,9.180725619950907967e-01,6.927879483782064529e-01,7.387795548417663838e-01,4.744962359498820503e-01,9.103368214523123170e-01,7.171325953298683942e-01,6.463911309720085097e-01,-4.014641389774026292e-02,5.373469307690214025e-01
6.283316504939664426e-01,2.589415257351694866e-01,4.189961014338203782e-01,9.198564834007769697e-01,3.247351073815827466e-02,7.978282944263442866e-01,9.448827273139610572e-01,6.095422006401541859e-01,7.745172678223639640e-01,7.534469221365615033e-01,6.419585813599839597e-01,8.290949471035600205e-01,0.000000000000000000e+00,8.103336013383914960e-01,4.648347697454772720e-01,7.732630079548663549e-01,7.152069974798803687e-01,4.268279257050313635e-01,7.013646613678794495e-01,6.690880504854077593e-01,2.056368657803772093e-01,9.697488416903458086e-01,5.368811020079975460e-01,3.328271531256105087e-01,2.580412871299279098e-01,6.300873307651276845e-01,6.120865011432367053e-01,8.338938959935915385e-01,7.523472748437570745e-01,5.687122581262601395e-01,9.142564251581018764e-02,5.628385628301548760e-01,7.802467733581587295e-01,4.573891101405631598e-01,7.588320293871976263e-01,4.701347339899891731e-01,4.578475758509231025e-02,6.247774029774063598e-01,3.049572697792485854e-01,9.003091865614879508e-01,5.805146866531607497e-01,3.869393632612896372e-01,9.715423268939795687e-01,6.602764967692297260e-01,6.100205927551365370e-01,8.091794966416981927e-01,4.642288016466974421e-01,7.324403324069747034e-01,7.891555654668003239e-01,6.690319119274549253e-01,2.511519536965718946e-01,8.457721870820456012e-01,7.279718623318394144e-01,6.258744498976444026e-01,5.216754893750989996e-01,2.186873742004102616e-01,6.020437937452042254e-01,3.362900892779709938e-01,2.181579183001073619e-01,4.723793706038554863e-01,3.673239827483103515e-01,4.266624037394837199e-01,5.071396653456582415e-01,3.110424418066028984e-01,2.511625689842056364e-01,5.360533171451780099e-01,7.801956572018019509e-01,2.213331360685373284e-01,5.615783599452881525e-01,8.919458934275869000e-01,5.588849301778445744e-01,7.213058174257486188e-01,2.528931759118757672e-01,3.212975043408018982e-01,3.426107878563058318e-01,8.945542594828322924e-01,6.069900904583828138e-01,9.360007496793998349e-01,3.988228248474063875e-01,6.671686795038400675e-01,6.524404090108435472e-01,9.786659644447146533e-01,7.335484405161203370e-01,-1.483797803860184561e-02,4.249195902138786507e-01
5.486944186208364549e-01,5.910616294803052728e-01,5.478257166142943557e-01,9.544978389465988977e-01,8.048035590780925341e-01,9.307617807277521749e-01,2.289174640546267070e-01,7.613199458414782184e-01,6.004872352086407794e-01,6.209513879200012632e-01,4.860431705832571891e-01,6.940948416292751499e-01,8.103336013383914960e-01,0.000000000000000000e+00,7.753423572661826135e-01,9.425400535213555031e-01,2.365839127317181656e-01,6.792073091346892966e-01,2.111274144823002130e-01,4.752413470377376825e-01,7.647040388295854862e-01,3.667455068631603199e-01,8.613114349746842091e-02,9.299561745831945725e-01,7.108996721958301679e-01,3.313059686998161557e-01,3.663653786836525983e-01,5.329417504716432719e-01,5.126902790954291911e-01,2.615766469013384721e-01,3.891415111027132223e-01,6.660802737184973177e-01,6.969327099682156579e-01,8.127651972165391703e-01,5.427462776244570408e-01,4.214091705553046907e-01,2.682982548424889258e-01,1.875062391262176664e-01,6.673397498550718288e-01,3.792620811081297560e-01,4.966503340430400426e-01,4.426862780468779346e-01,3.422408978839829308e-01,4.857819820039787628e-01,6.316963895915759242e-01,7.838612051335278608e-01,9.279807247915974333e-01,6.831735332019278628e-01,9.659770705676912206e-01,7.958903778143932017e-01,7.028488076645652560e-01,9.872923776083291081e-01,7.498949022177008317e-01,9.224911472599779394e-01,2.023559900376002418e-01,4.504367927079498957e-01,7.574728264121789456e-01,9.802725220937247297e-01,4.163312753986581245e-03,8.191655819083507595e-01,2.698005145810329908e-01,9.629028841804394556e-01,7.760062345682404716e-01,9.065501339470225517e-01,7.447505653055163100e-01,6.029177175012263579e-01,7.659688794791525979e-01,4.757648527346448608e-01,1.352645143477939349e-01,9.527570450844838890e-01,9.032239549811429402e-01,8.363772726883298425e-01,5.813544648077215715e-01,4.093541002651023830e-01,5.646283573485038065e-01,6.660137153175460512e-01,5.001613027132372213e-01,9.395247703246614179e-01,7.460601043943910771e-01,4.168591513245383240e-01,9.507185977651945175e-01,7.090710967055048330e-01,8.112904213100142758e-01,7.573465641906490520e-01,8.162380680100868036e-01
6.415937965460711823e-01,6.886211326646662911e-01,4.730503320964719594e-01,5.309791818501032878e-01,7.112840974940647376e-01,4.010020459763546929e-01,3.560765513673726929e-02,5.853044971360387150e-01,6.951777015728966003e-01,8.385642997669077170e-01,5.102331297010889166e-01,5.812658614420426195e-01,4.648347697454772720e-01,7.753423572661826135e-01,0.000000000000000000e+00,5.038924551608350288e-01,6.892336920597214034e-01,1.766497642053740935e-01,5.526216076729888876e-02,5.809076959909234006e-01,8.099453246401816520e-01,7.093703925102006203e-01,6.977552951076750887e-01,6.663000036444762797e-01,2.276781871515116962e-01,6.130068011479201662e-01,6.843225823676822861e-01,9.406634297522485921e-01,4.676606604162262260e-01,1.935274002777606639e-01,6.241275062474349600e-02,5.363247551476783004e-01,7.586961006717585221e-01,8.595951855638715999e-01,6.018840892365631134e-01,2.024943905479541575e-02,2.527100348418007680e-01,4.688371393680833554e-01,7.713631413293409178e-01,9.019773616098463176e-01,5.626658709161360683e-01,6.057311923432664447e-01,9.427228788290781258e-01,7.124821757580789283e-01,6.288273889064039945e-01,5.864665014369947471e-01,5.009002324193659872e-01,4.684346268343603792e-01,2.430515921664279655e-01,5.562797321049628430e-01,4.393294323915876709e-01,7.792764021968691113e-01,3.508968569280512817e-01,4.742879699830747642e-01,8.606589958316409605e-01,1.134242028680707420e-01,4.459059100806568310e-01,2.597391773205839360e-01,2.328126438855994962e-01,5.734985147896978219e-01,2.350977508743505931e-02,5.437504708841529588e-01,9.546443089629842449e-01,6.501168445662139916e-01,9.200440911847305170e-01,6.342418307445594206e-01,5.987236316452956286e-01,9.573551877480257488e-01,6.622136964863523101e-01,7.820924104540423472e-02,2.160034025883231235e-01,6.857258557911454222e-01,4.590625555130335989e-01,2.376372339778998199e-01,7.388561173803517290e-01,4.097176745084552540e-01,7.833538021797175066e-01,8.758427333339714460e-01,4.938322142594825936e-01,4.063119538489935456e-01,7.844729537456169854e-01,9.569283704552188352e-01,7.584335748352024620e-01,5.908757805298002763e-01,5.882739327465684731e-01
8.905861357393620725e-01,6.101659484918438014e-01,9.734830571847924441e-01,6.041872016602851669e-01,7.235009598626798155e-01,5.151482076617209804e-01,6.927432680719995961e-01,6.716345882814561685e-01,3.710907750123358384e-01,9.883843652620705189e-01,9.883232667549698425e-01,7.873028560796928588e-01,7.732630079548663549e-01,9.425400535213555031e-01,5.038924551608350288e-01,0.000000000000000000e+00,9.774668685081592256e-01,7.189743760852225218e-01,1.396309895349275576e-01,5.679255908614855297e-01,9.120418552985841698e-01,5.098204261537393478e-01,9.145581133423831277e-01,6.510907680609738790e-01,6.671026502423544891e-01,6.603369207844753674e-01,5.482893182800062659e-01,7.273534383458198083e-02,3.020491542241419136e-01,-1.617798443741177150e-01,1.855558927295924976e-01,3.631534050247567369e-01,8.434637791073920643e-02,7.175180046289548752e-01,7.889254576986162171e-01,3.897557482832701981e-01,7.826360747872618956e-03,3.969170465101294898e-01,6.460882767134630278e-01,6.078342990656063205e-02,3.043187600999965325e-01,4.225704091160285558e-01,5.781864555389094606e-01,1.765245516118825742e-01,5.331695802136520168e-01,9.401287416845061085e-01,4.879111975248811017e-01,4.148033410985262348e-01,6.161924373511523667e-01,5.453259055348318451e-01,6.340859914057990210e-01,7.557851951264165091e-01,9.867725031054758178e-01,5.706692135273563338e-01,7.892071463115715169e-01,6.661985029026346039e-01,6.476801990532123909e-01,5.195720378511249349e-01,8.620290694423475841e-01,6.015017542880904955e-01,4.857912942683611512e-01,3.059452030293251523e-01,6.885424086755809192e-01,7.609976744229137724e-01,9.804336001567959258e-01,9.032789983204302375e-01,4.574711890231522027e-01,9.380394403778435919e-01,4.411195360330096293e-01,3.746060500766597301e-02,8.144750586871266629e-01,1.434614756524951740e-01,4.274640647912468783e-01,5.779967516451807175e-01,4.294722153412090515e-01,6.226108898723935470e-01,4.974957947074509224e-01,3.243352358981016481e-01,5.558214513608101814e-01,1.915541337555703993e-01,2.802152544518474730e-01,7.368718885087671699e-01,4.422916632272577142e-01,3.421169621049301446e-01,7.455258363143939526e-01
9.175368411993010120e-01,6.838616086643395375e-01,4.723347543086232614e-01,7.952438493965539035e-01,5.219370531926609269e-01,6.494224933445678083e-01,6.981957236536513456e-01,4.910813485609561990e-01,8.940998058521644198e-01,4.425207775349087602e-01,1.565251217150724350e-01,6.207049410238841824e-01,7.152069974798803687e-01,2.365839127317181656e-01,6.892336920597214034e-01,9.774668685081592256e-01,0.000000000000000000e+00,2.337296272689167453e-01,2.229103232702869808e-01,6.845691436121065232e-01,9.002649152674223609e-01,7.472143898075189750e-01,8.598552452643069000e-01,2.887815910875251024e-01,4.131444437896635291e-01,7.066773883673088674e-01,7.033570286031014529e-01,6.425876144814418600e-01,7.918702718944912178e-01,-2.812162433586914978e-02,5.114389069680403965e-01,9.745574617901993086e-01,7.924270885883488713e-01,7.517805455834464246e-01,7.682654285598199406e-01,2.050171249091377601e-01,9.212397725328298759e-02,6.077286003018770311e-01,9.476023422143050601e-01,9.566631713773104950e-01,2.185337513538712362e-01,7.435954504092816553e-01,4.789825918281107597e-01,8.548188804842805633e-01,7.293166595236900696e-01,5.231545511942914395e-01,5.524149333745856927e-01,5.997623189126686238e-01,4.515216516520164647e-01,5.557398613199402426e-01,5.321686590055978439e-01,5.672538541749074792e-01,8.236923488465710541e-01,7.766190866107596236e-01,3.907604480978996153e-01,7.434610625472790613e-01,5.456918026559928192e-01,9.412643966699849596e-01,5.580735387966748728e-01,6.069862650678259364e-01,3.037488104991913351e-01,8.859291327375108382e-01,4.136880135471623365e-01,1.128694129753819581e-01,8.476424056886997516e-01,8.402214757627004538e-01,3.518602516045283846e-01,6.507871572784812431e-01,3.025257715026478111e-01,7.401569794903233301e-01,4.927539325443963669e-01,9.557485674049965851e-01,5.799172089884476744e-01,3.695412790622321642e-01,6.233500647287844032e-01,8.347236743719186336e-01,5.824198588601293691e-01,8.069413483466651993e-01,6.575322748378621407e-01,1.615167942974988502e-01,5.825820785106352595e-01,6.607504499760551431e-01,7.567462163891192084e-01,6.581468577956084420e-01,6.192828907795324689e-01
8.583946090948484375e-01,4.540315148113392429e-01,8.079413989374605309e-01,5.602251608286145101e-01,7.816100226564997033e-01,6.124786754108821896e-01,7.862327327084048800e-01,2.804992864868850466e-01,4.384107772877632869e-01,5.748546614455622983e-01,4.467261370696465894e-01,7.124191285990405520e-01,4.268279257050313635e-01,6.792073091346892966e-01,1.766497642053740935e-01,7.189743760852225218e-01,2.337296272689167453e-01,0.000000000000000000e+00,4.018092765154168688e-01,8.413672730528950483e-01,7.737518672423187027e-01,5.384318894896207297e-01,1.831544914506094690e-01,7.343458912195752752e-01,7.155953982838972882e-01,1.349748857907635546e-01,4.868114698659424255e-01,6.964016334365952243e-01,5.305535348011798380e-01,2.217731865194247365e-01,2.572616554820234547e-01,7.234337204395504539e-01,1.738181549043352758e-01,9.577171751661862631e-01,6.224381923675176287e-01,5.377253317180118453e-01,1.928160087734860362e-01,3.655260576194738764e-01,4.291849549977386213e-01,6.475609879093110477e-01,4.418002082212749704e-01,3.726361065978281983e-01,8.353542279490129285e-01,4.714398204274909965e-01,6.103799136988574681e-01,2.735477871363306002e-01,7.201479702084047085e-01,6.100042070938397343e-01,7.580062119874759752e-01,4.400326246289175680e-01,5.627752109998891417e-01,9.754409476671415113e-01,6.126051113801653791e-01,3.677219196251132471e-01,3.735559249157024420e-01,8.201908267761086613e-01,3.068366803578716495e-01,9.291387314934557162e-01,5.789670289636100753e-01,5.933412189169139372e-01,5.029535775608623416e-01,5.733363210513120478e-01,8.969094684415440666e-01,7.718920800374601265e-01,7.021721441475240466e-01,6.635710058066958128e-01,6.640226118640901731e-01,6.776541449906731129e-01,7.233654563245932589e-01,4.553797052127168676e-01,2.826973203732338624e-01,7.307697820081872075e-01,1.682524946350498832e-02,2.023643177674177840e-01,7.750875855541243808e-01,7.791408256545668820e-01,5.389550654255315099e-01,4.708919145970884568e-01,1.976590614029640758e-01,4.632184771898146258e-01,3.340058730634818396e-01,8.406638818937732793e-01,8.637615599847278114e-01,5.480738971718380759e-01,5.983325536801984423e-01
