0.000000000000000000e+00,1.068526839333770184e-01,6.303159386173626810e-01,8.028738190405553254e-01,4.628220070305564260e-01,2.822526865348613523e-01,6.966436189794815714e-01,5.485813685765547065e-01,2.680013849440227580e-01,8.513725886545551180e-01,5.963844421539001850e-01,8.213748463811043621e-01,5.676622706912684002e-01,6.256861855307324083e-01,6.522869330692919743e-01,6.475872710765380180e-01,9.722551266784882351e-01,8.644311919072429351e-01,8.942572880982009309e-01,9.246737272143141784e-01,7.906066637490418714e-01,8.409859298469424260e-01,6.528964876472814760e-01,9.807601284822118348e-01,9.683138462784753875e-01,9.222603715506910715e-01,7.538935763490732800e-01,7.686887217364658520e-01,4.130653230629126593e-01,6.944625562049603351e-01,3.260107139201907089e-01,8.471499508746777041e-01,8.524483467754365718e-01,8.349390822405234891e-01,6.787501565707390050e-01,7.076304085796554233e-01,3.503161782038994865e-01,4.754346679982278112e-01,6.984232315071952080e-01,9.744919687890400972e-01,2.380217236181993157e-01,9.062317834872126721e-01,9.556348675346316712e-01,7.332421167379756799e-01,7.933163139175414269e-01,8.860815373393164940e-01,9.648253843971368315e-01,5.918843107965463535e-01,7.538102507464746749e-01,6.243110184245150851e-01,6.816458923726751440e-01,6.804366785639698323e-01,7.916537020008218573e-01,9.430249045160574717e-01,4.843693131431783261e-01,6.822078687878635472e-01,6.962433129319219871e-01,6.806674623438829785e-01,8.236860342604407359e-01,-1.180011084395388571e-01,6.836152435529599947e-01,5.873449281440448200e-01,6.605295388150834723e-01,9.115710733487923934e-01,6.538265286582609637e-01,7.015154441942339503e-01,7.465157674644156138e-01,9.340523065633240529e-01,3.828055112344354027e-01,7.313885190969762196e-01,-1.994263399371254408e-02,7.861450501018867332e-01,2.241127755624478246e-01,1.357047127748169379e-01,5.365820929669490313e-01,8.814133225835227847e-01,7.021039483301374506e-01,6.716416327067431524e-01,3.846798251757365117e-01,6.092426331180363919e-01,4.781410388110237109e-01,8.580535672291924598e-01,8.361827867327937813e-01,4.772300280062016786e-02,8.531789520822833373e-01
1.068526839333770184e-01,0.000000000000000000e+00,2.046684126498028999e-01,6.838147889740108232e-01,4.246751742015959508e-01,8.788151365948132510e-01,2.351291802479431661e-02,4.496114161054571845e-01,4.249017199560669589e-01,2.778067046071778234e-01,7.878669656695349577e-01,3.954414762520152005e-01,9.113714267066035379e-01,9.072194528269950098e-01,7.593003691681419198e-01,5.578882758269309017e-01,6.992506700397471686e-01,7.199436902115827763e-01,7.452123695263321856e-01,7.232935938370874673e-01,7.005046292311905010e-01,4.823315761505452270e-01,4.070590494088808242e-01,7.246594854686581044e-01,1.664505410076661807e-01,7.274972858157168210e-01,5.285482511024490737e-01,1.662061494925173508e-02,4.200665173169708666e-01,6.812274415927124238e-01,4.015143573624873063e-01,4.711022403762800681e-01,6.675718150775058479e-01,6.372115126063426782e-01,7.063319377815892031e-01,5.710296126320830723e-01,7.263971608808976466e-02,5.565504468672506366e-01,7.575419518507849892e-01,6.239600965577736247e-01,7.549595621117535238e-01,9.147342043201015516e-01,8.604724179792974104e-01,6.314453858560308275e-01,4.043345241451646865e-01,5.259325110180497198e-01,6.037001608768591820e-01,9.239004680909712608e-01,3.699271191763375821e-01,3.053035420975994119e-01,1.200621709806143217e-01,2.325608686059590646e-01,7.596070830895008674e-01,3.204504832774894285e-01,2.411057526251966510e-01,6.356933849392030211e-01,5.555726453502544127e-01,5.373382804061249685e-01,8.535385866558637957e-01,5.582615623949849226e-01,6.748361091299980297e-01,1.430962888084336415e-01,4.722755463357150574e-01,8.829640091070706243e-01,9.161500135217993668e-01,5.650563695584684965e-01,7.791891756653495094e-01,3.022599592379338063e-01,6.511160144657568427e-01,9.130246496816588619e-01,9.745683298017477902e-01,5.070064420485647094e-01,3.916066991809107334e-01,4.295051287857445388e-01,3.041092960959170810e-01,3.163423589612719966e-01,6.328969501132101216e-01,3.821409871987405116e-01,4.434872675224582061e-01,3.159489908614936809e-02,5.845907227604519862e-01,9.854604901334349520e-01,8.525245561613681300e-01,4.162076364356353531e-01,6.916449318572599481e-01
6.303159386173626810e-01,2.046684126498028999e-01,0.000000000000000000e+00,8.050961680551712574e-01,8.305253205271083683e-01,8.436752852390039248e-01,7.738353851760098046e-01,5.747356450397840266e-01,7.708086679666152907e-01,4.888893377559940245e-01,6.818393634242347900e-01,8.221980560783375136e-01,4.072694958047233249e-01,7.150126167090712359e-01,6.228107943739281671e-01,2.600509544285084518e-01,7.117811905464744848e-01,7.097338183405754730e-01,9.411213798884708603e-02,6.616794034868168639e-01,6.549724329518580301e-01,4.326459184192901763e-01,6.901157266981562399e-01,2.754997402304868448e-01,8.890530672546457236e-01,8.019267890957548772e-01,6.818744857785469238e-01,3.947538723865091637e-01,7.143164701122256544e-01,-5.141029472493710561e-02,5.043151707562390507e-02,4.947992271508361850e-01,4.590333977834969992e-01,5.728479674695372559e-01,5.212011596110968092e-01,6.700811268511198682e-01,4.547023920656657614e-01,9.395829214565443177e-01,7.703836475747900536e-01,3.383059422031265417e-01,8.266267203641705086e-01,5.411000822570262159e-01,7.580098620626174455e-01,4.449771886510524577e-01,9.315768288283554632e-01,4.292669726733614466e-01,9.084714709599204241e-01,9.519283594649078362e-01,9.856928886241210774e-01,9.755043342824568642e-01,4.725335689319318799e-01,6.304860583405469399e-01,4.837038901215815478e-01,5.491579100992572959e-01,5.172073567449625431e-01,4.240251176155768742e-01,5.969834009022763066e-01,8.160360834872643077e-01,7.981325018603637744e-01,1.306104033950104271e-01,9.152276200285856811e-02,6.589102941229281196e-01,8.017404926731565018e-01,6.328648132215793920e-01,7.156408205431936675e-01,4.272278344034051711e-01,6.036606549877823191e-01,7.641071559733516594e-01,6.617816033246914920e-01,5.147710891779013753e-01,2.608844889596873082e-03,3.850970991117720343e-01,3.230399516826452100e-01,7.681066612146207895e-01,4.608962111804873474e-01,7.068925944701995867e-01,7.934131000736894812e-01,7.816947323885352628e-01,4.191644056250815042e-01,5.854720364766812235e-01,9.753697583891616230e-01,5.551735003798656809e-01,9.600983479988591807e-01,7.757896784972899695e-01,5.699213596123660075e-01
8.028738190405553254e-01,6.838147889740108232e-01,8.050961680551712574e-01,0.000000000000000000e+00,9.626577255162350744e-01,8.466225148399528777e-01,6.173371090601750266e-01,3.102513008372079217e-01,6.872292608010069914e-01,7.048853704548238008e-01,7.873645067260279795e-01,4.256640517179923755e-01,8.752038027975668211e-01,7.030691955423393757e-01,7.723550920968619282e-01,8.974019612728006967e-01,6.826320516911839054e-01,2.710689795735046204e-01,7.567738956495092539e-01,5.502862923318327937e-01,8.220362417336435357e-01,8.573376522400745214e-01,7.745433509262642513e-01,7.779000941398083180e-01,7.668287271611657907e-01,9.040832715934612462e-01,8.588577063666534839e-01,6.870470856263218851e-01,4.838327456119245196e-01,7.485697709523114751e-01,4.027034734633146429e-01,4.977964444955020884e-01,6.756129842318761014e-01,3.140615833370294374e-01,8.236450636080074883e-01,4.396861126632421041e-02,5.080842303932566750e-01,6.500446352845814513e-01,7.885036396521230007e-01,2.438606563085058132e-01,1.255795818261497276e-01,6.582476970890871470e-01,9.790793434646954951e-01,4.673907666156986718e-01,9.821168022237998230e-01,5.515475739794761800e-01,4.634808964060349035e-01,3.514030443720587149e-01,4.647182373765266217e-01,6.834094155381245095e-01,3.716658781940884726e-01,9.578575057223005507e-01,6.148676627878975065e-01,7.062015213587823359e-01,7.586275730966323128e-01,7.129276900332943701e-01,4.340768157431657559e-01,2.742230315702952059e-01,5.045750754534249483e-01,2.701262161762117975e-01,4.781483606173275169e-01,9.564666070348820659e-01,6.705469691331895632e-01,8.626336125649151088e-01,5.613981747391028065e-01,2.195242827047714784e-01,7.550442529032693750e-01,7.099861337514448145e-01,4.897686890394385428e-01,8.922070311466615555e-01,7.854416483237153246e-01,5.344054325234322000e-01,3.335994649833615849e-02,2.565542261304881722e-01,6.935542571833556158e-01,8.859537013122013027e-01,9.417561752028122957e-01,4.670662954630566688e-01,2.721841673903778180e-01,3.029966336123029458e-01,6.200163110167558056e-01,5.108761544945054078e-01,6.477306325269516218e-01,4.091845729040869961e-01,9.402495649250717236e-01
4.628220070305564260e-01,4.246751742015959508e-01,8.305253205271083683e-01,9.626577255162350744e-01,0.000000000000000000e+00,7.367870629319837050e-01,4.683027888750724843e-01,8.843089186241026578e-02,7.969561164324561187e-01,3.210392908300037651e-01,7.611239292992368899e-01,6.879430317950085971e-01,6.804772769067695126e-01,8.959641297930093229e-01,5.542248987250770753e-01,9.465886179045712723e-01,6.448919071221370647e-01,7.809335318873033005e-01,7.418854398827894325e-01,6.546774481246517841e-01,7.695898645881082967e-01,4.349410970089668815e-01,8.830997600244211432e-01,6.631102802701400734e-01,6.687842177236383856e-01,4.730120838626624691e-01,4.508240091311742082e-01,4.527192651306504723e-01,3.926515840338108410e-01,4.401923697838113769e-01,7.615827588630799116e-01,5.308452322545272883e-01,7.860983214644563510e-01,7.589863321084886483e-01,2.129567628075891561e-01,2.911304219399433735e-01,2.656911542808578219e-01,3.291724491519136819e-01,5.278333405227408903e-01,6.313691348271186499e-01,3.144687891029591675e-01,3.287367406525520952e-01,8.272383588617968631e-01,4.530296165433601585e-01,6.906883536068507690e-01,9.035636474690883491e-01,6.959084263637673740e-01,7.515485054619257532e-01,4.431214016789717380e-01,3.712315489114325073e-01,5.648970644119152285e-01,5.146002923639965143e-01,5.193861309675917859e-02,5.923629263584757609e-01,6.953756478601165192e-01,4.311920233411761783e-01,9.570437782978720165e-01,5.172003881334795716e-01,8.169122528923021820e-01,6.175923113309199630e-01,3.335708605700691276e-01,6.563316543356672028e-01,5.500564361527743307e-01,6.213186796448888494e-01,6.117107386215019371e-01,7.797969801499128328e-01,4.300039916123954420e-01,7.203679335252932692e-01,1.413521998730330187e-01,8.505357407626544797e-01,4.088425829111587140e-01,3.192890247081174859e-01,6.855658520205569761e-01,-1.211933190542812955e-01,5.770408462445435482e-01,3.689403718018842426e-02,5.744840297660538386e-01,5.730368834096233321e-01,4.228139741555326792e-01,4.096042018575242749e-01,4.282134171918713372e-01,5.747870175791306435e-01,7.919470273982303077e-01,6.940394856899395615e-01,7.282120709718569174e-01
2.822526865348613523e-01,8.788151365948132510e-01,8.436752852390039248e-01,8.466225148399528777e-01,7.367870629319837050e-01,0.000000000000000000e+00,7.666498029764814426e-01,3.095729370130724800e-01,4.147533736848874053e-01,7.942933194586545564e-01,2.437363232564943305e-01,6.651933696827794229e-01,7.773632109204715590e-01,-3.538811321422094536e-02,5.542892312315166325e-01,-1.132828556514171026e-01,7.131799345241744970e-01,6.164248675686579970e-01,6.812887821916604469e-01,7.114457249452583731e-01,6.995052963658972001e-01,4.393764118053733458e-01,4.162920183428994725e-01,9.406450024226491458e-01,6.231239891570330425e-01,3.627999057172300867e-01,6.826179411477617531e-01,4.454338232170302336e-01,3.100364011794920494e-01,6.573045183667410030e-02,1.724857649557786921e-01,2.974956331173840840e-01,7.529732697289552856e-01,7.530002198526269952e-01,9.484921917608435393e-01,7.917714864553971124e-03,1.481540700940067179e-01,4.339290575796170835e-01,6.379004196764502810e-01,7.295803067535915343e-01,2.507098236514771483e-01,7.162174361537542167e-01,7.053333371081385028e-01,8.184568046313606127e-01,7.941020464311830951e-01,6.644321071492163000e-01,6.475299504053344535e-01,4.527222646772537940e-01,5.616673492911525845e-01,5.679814628726715942e-01,4.106635495059118290e-01,7.646607337180243436e-01,6.268925702109664488e-01,7.036012690244478618e-01,8.858539450641368385e-01,4.893163449836627765e-01,4.310412695673971339e-01,7.417849499400016589e-01,6.851409948163417196e-01,4.393376554675355039e-01,4.498355414747239878e-01,5.309948704313000034e-01,4.241474912801782016e-01,9.443307869178039216e-01,5.644906942085365920e-01,3.539858490357409293e-01,2.720470777062103940e-01,6.386189669692559079e-01,4.564269929634650613e-01,6.353752239672376678e-01,4.503707817169103067e-01,7.506037518040287182e-01,4.143107345240202855e-01,2.507638504761732223e-01,7.843997639618278672e-01,8.162048327588372620e-01,7.999032488935962082e-01,7.793736339882689768e-01,5.222273864974722457e-01,5.615791245407667498e-01,2.110782630601746590e-01,7.220542973800910813e-01,9.254868232485589097e-01,3.339161840763956723e-01,4.827806542852584037e-01
6.966436189794815714e-01,2.351291802479431661e-02,7.738353851760098046e-01,6.173371090601750266e-01,4.683027888750724843e-01,7.666498029764814426e-01,0.000000000000000000e+00,4.376832521751937710e-01,4.820958286257558401e-01,6.285325636126577464e-01,4.308705342408841732e-01,-3.547587577529489611e-01,6.432124776831593671e-01,1.002876506374879295e-01,5.699613443138275004e-01,4.034602467944768400e-01,9.641940269294081434e-01,5.178595356447965870e-01,3.857896053515521562e-01,7.142700795443835959e-01,7.665332965185198688e-01,4.556980011375810213e-01,6.169906962763356262e-01,5.984350917631063860e-01,2.083842541136883553e-01,3.110900807786625144e-01,5.922573750447324148e-02,4.113235695818904247e-01,7.169938881303150602e-01,5.528951486086647327e-01,7.069102747620121807e-01,6.134136536215542002e-01,3.846527198182294605e-01,8.479530820489216136e-01,5.730640036561988060e-01,1.024556633160263602e-01,7.598042973410271128e-02,7.711992513013423700e-01,6.635101019437033010e-01,5.077135903632264968e-01,1.028585321246205525e-01,5.227968352013290243e-01,8.680437079727780780e-01,7.300246281584934493e-01,7.516243586615126704e-01,6.567129766020082249e-01,5.354325751199391636e-02,4.270144218174136697e-01,5.817580038027045930e-01,1.438948763314077117e-01,7.892855975415091763e-01,4.686656106591002291e-01,2.738269340749844294e-01,6.394716012783232539e-01,9.661380686103064885e-01,3.518676521698248516e-01,6.269154091177142618e-01,8.797045583044352246e-02,8.124743871807197371e-01,5.854952600191057899e-01,4.242554729588348117e-01,2.207716438590798802e-01,5.168720369086921007e-01,4.102076112251252238e-01,8.767539184630530613e-01,1.946188726517736334e-01,5.522423163648259026e-01,6.810673934250327521e-01,7.315835741620267951e-01,6.708957190156226158e-01,2.611370816822722873e-01,7.584383953279389967e-01,1.823238644245019635e-01,7.615966068706524206e-02,4.198428186394257411e-01,2.539195638948818501e-01,5.805381058321080756e-01,2.330505921699403682e-01,4.157289816743488520e-01,7.266354760236882759e-01,2.651854885551017671e-01,6.306818162966959518e-01,2.829531465999632345e-01,5.830690448579813889e-01,6.097939276560239152e-01
5.485813685765547065e-01,4.496114161054571845e-01,5.747356450397840266e-01,3.102513008372079217e-01,8.843089186241026578e-02,3.095729370130724800e-01,4.376832521751937710e-01,0.000000000000000000e+00,6.021189690458425003e-01,7.246460697528658290e-01,3.839656532905944553e-01,5.286885963106020547e-01,7.366635767436181537e-01,7.267762443963867725e-01,3.115903164088657529e-01,4.227105914846541745e-01,7.332938135092990084e-01,2.094337673269014988e-01,1.125822051086298875e-01,3.302983835042223593e-01,2.418317893005518526e-01,5.326878836715817078e-01,6.142915481016463231e-01,3.269290394969525115e-01,4.559349081852026586e-01,4.669785820275828003e-01,2.266060595193137295e-01,2.228956768852195236e-01,2.742275390933618384e-01,2.204671046397640444e-01,5.525107311661724419e-01,6.178121186445560964e-01,4.001814987942042823e-01,5.425886596909748061e-01,4.051623271250070490e-01,2.318677936933278561e-01,1.614501698591783718e-01,9.576870298753595856e-01,3.832401675827894483e-01,3.668468699087912288e-01,3.580124273799575874e-01,1.179016968404986154e-01,8.028969167814595798e-01,4.572780966950010240e-01,4.945399199960980319e-01,2.716255003707023774e-01,5.509169438323811008e-01,6.370283803506542331e-01,7.642038153804013856e-01,6.389054467549527550e-01,2.506375213559531856e-01,3.001572603485311852e-01,5.166534539557177119e-01,5.330336022523922690e-01,4.866495025929310492e-01,7.772571584317593540e-01,5.073844346184294141e-01,6.719164492256868293e-01,5.764485255234876870e-01,4.877298006241433392e-01,5.083590039523301352e-01,7.123720049775977836e-01,7.430967472324299106e-01,6.230092588342203141e-01,5.691883316346005861e-01,7.484614906119971822e-01,4.291556345034683306e-01,6.992991394722256615e-01,6.709664183913799373e-01,7.425800237196145126e-01,7.088911580871130047e-01,6.534059603328203902e-01,5.167655331567466703e-01,2.150650484648367333e-01,6.787122815784981666e-01,9.381217506483265911e-01,5.653243034737017725e-01,5.943670241991815262e-01,4.872818895287190366e-01,1.241536259481623803e-03,7.696897601981103065e-01,6.334798866232058678e-01,6.950064771358961391e-01,1.827878822072659393e-01,4.223675380310803334e-02
2.680013849440227580e-01,4.249017199560669589e-01,7.708086679666152907e-01,6.872292608010069914e-01,7.969561164324561187e-01,4.147533736848874053e-01,4.820958286257558401e-01,6.021189690458425003e-01,0.000000000000000000e+00,5.572115541010964623e-01,6.868399095211132899e-01,7.783073069672945543e-01,4.509724573749718246e-01,7.690148579495100778e-01,4.565474730565999839e-01,5.887514283042744045e-01,7.960598001258153422e-01,3.376206346087684551e-01,9.027473533041995291e-01,7.395959214961993489e-01,6.961236115542847047e-01,7.867283211069174831e-01,6.482891680047906391e-01,8.728926551987847837e-01,6.662888287720964975e-01,7.370223365159376261e-01,5.552943303870454539e-01,9.833827256636128444e-01,5.869237630058096178e-01,4.777153390969879898e-01,4.303205582472684476e-01,7.006485061116660695e-01,2.644446474378255862e-01,8.125167690041801283e-01,1.342683306176590541e-01,2.475153255832265031e-01,5.657765784964463585e-01,7.043633042057769744e-01,6.519973661984787006e-01,2.571126300082390292e-01,4.077985671702419324e-01,2.507140122283981754e-01,9.404648818963652346e-01,-3.941268604829492039e-01,7.871292298350602845e-01,3.240000905791340369e-01,7.747630742235113166e-01,8.667092301953643885e-01,6.933275018625095765e-02,8.051796268236253162e-01,6.596992529464957844e-01,4.392121223179331624e-01,8.770705675255751066e-01,5.612430264665553281e-01,4.645972890931699406e-01,6.441680784453712727e-01,3.321792353577264212e-01,7.014719478632605032e-01,4.293123987181068912e-01,2.328010833022215453e-01,2.705140875871055450e-01,4.532092628925494804e-01,7.999307589217885539e-01,7.116204399743819575e-01,7.613275863075887884e-01,6.449995552898463158e-01,8.744245416066764864e-01,6.114688619099098998e-01,1.385553551527595184e-01,5.328148618550446747e-01,6.059516526661657965e-01,1.782206810188259605e-01,3.203888197871075372e-01,4.866319494609124829e-01,2.325712003766587654e-01,4.485677183192124939e-01,5.381327631448792337e-01,4.281983167502023679e-01,6.666203718104769527e-01,-2.080358618758366696e-01,4.480184236017141219e-01,6.779651348177105907e-01,6.213948304997174432e-01,5.681917628920102326e-01,6.737981389310739866e-01
8.513725886545551180e-01,2.778067046071778234e-01,4.888893377559940245e-01,7.048853704548238008e-01,3.210392908300037651e-01,7.942933194586545564e-01,6.285325636126577464e-01,7.246460697528658290e-01,5.572115541010964623e-01,0.000000000000000000e+00,7.684331716232445375e-01,5.255213569277561447e-01,6.839365244483526229e-01,8.653369208914885036e-01,6.692972108428859590e-01,8.233740205710112781e-01,8.030710443180680835e-01,7.515999005268224620e-01,6.186775095215836240e-01,6.068394664550201822e-01,9.829188639072625744e-01,6.908810788790700208e-01,9.589940954390024919e-01,4.403371425261424776e-01,4.025571198687731278e-01,4.051420812528717663e-01,3.018063448725869513e-01,7.529231004268304162e-01,4.489920075834367696e-01,2.199847269069405420e-01,3.323397380604169865e-02,2.401557574737249179e-01,3.460750238761080011e-01,1.950723024092519964e-01,8.301166175452415752e-01,1.097102374491447929e-01,6.663107217975411389e-01,4.479589336682996970e-01,7.233537359653303689e-01,6.666384364758607406e-01,4.284001535154962070e-01,3.760494100816850205e-01,5.189930530289036392e-01,9.200327781402917182e-01,9.246871419422589833e-01,4.739163016588034405e-01,6.358162987253859200e-01,6.594055065270774119e-01,4.260921137564189776e-01,6.119623624386434368e-01,2.576724178312612135e-01,8.395463118961808968e-01,6.950358395381569521e-01,5.196485032985967978e-01,8.491162999611641116e-01,7.168128664946668005e-01,5.594043229593654853e-01,2.111250407970977905e-01,1.551275542752157503e-02,2.415286023650087526e-03,4.503667168855439717e-01,4.406996095509757017e-01,6.011970490873658202e-01,6.797024646482631161e-01,8.746292711779412032e-01,5.473000956764124680e-01,7.668625673018737432e-01,7.871890867439290673e-01,5.842440047485275567e-01,8.671542243798682215e-01,3.234338856075479329e-01,6.658413247228803789e-01,5.598418070889573661e-01,7.887933995699099310e-02,6.393058376877179816e-01,6.491451266788326180e-01,8.981944997260736807e-01,5.726274831132657228e-01,2.024117769489229002e-01,6.767587299713860860e-01,7.215484996589889566e-02,8.231397955537175237e-01,3.114272160154816227e-01,2.549610260159298480e-01,7.086283317654914482e-01
5.963844421539001850e-01,7.878669656695349577e-01,6.818393634242347900e-01,7.873645067260279795e-01,7.611239292992368899e-01,2.437363232564943305e-01,4.308705342408841732e-01,3.839656532905944553e-01,6.868399095211132899e-01,7.684331716232445375e-01,0.000000000000000000e+00,5.816947184591564346e-01,8.534988285752868054e-01,7.415328056407461954e-01,4.437892449323877497e-01,4.349540724339195918e-02,5.381100719714826570e-03,7.474093110681818697e-01,9.709385004773118943e-01,7.881966730663487741e-01,8.857181727020541073e-01,5.209571798213419314e-01,8.050040004656594528e-01,6.404106515880360062e-01,4.300694156692259629e-01,7.269384585277103294e-01,8.272212318437619505e-01,3.476233631320466699e-01,5.117698727905014566e-01,4.877515149273436434e-01,7.371581841492136702e-03,3.557233250513514022e-01,9.510342677647427578e-01,1.140695108602479968e-01,8.988765438050253520e-01,2.151271240380857319e-01,-1.931493737887472195e-01,4.175608760992125523e-01,7.303390988123277250e-01,6.684114870596280511e-01,6.373816829840952547e-01,7.089849309437671332e-01,6.886749915027251534e-01,2.861415968312686076e-01,8.031085397891922772e-01,8.769352666251009065e-01,9.009080927391875937e-01,2.030360569515290980e-01,8.173229525633084469e-01,5.267231942519428056e-01,1.213122003378548468e-02,8.941434527530306431e-01,2.752560331701586760e-01,6.216074731699015032e-01,7.550250858702733936e-01,7.147460952674907775e-01,7.266896116520646931e-01,8.811028846699135997e-01,7.431394078656389235e-01,3.166463204418429322e-01,-1.114822678371421849e-01,6.906378181526467985e-01,8.215476485472322787e-01,8.099463330696964336e-01,7.607903428170244009e-01,6.989820301236004951e-01,1.332713744027967662e-01,4.342928618424840015e-01,5.579060298427801490e-01,9.782800555147290744e-01,9.406035692804365356e-01,3.115344878706975962e-01,7.620806155194753684e-01,3.630893533594551914e-01,3.809212591931582237e-01,7.282176162986153667e-01,5.009725144124322904e-01,4.470785580463529363e-01,1.554232657504884263e-01,6.894457834509494232e-01,4.578970963608443023e-01,6.406010367143144535e-01,5.465397438812134023e-01,4.878934185088277808e-01,6.102519596826774251e-01
8.213748463811043621e-01,3.954414762520152005e-01,8.221980560783375136e-01,4.256640517179923755e-01,6.879430317950085971e-01,6.651933696827794229e-01,-3.547587577529489611e-01,5.286885963106020547e-01,7.783073069672945543e-01,5.255213569277561447e-01,5.816947184591564346e-01,0.000000000000000000e+00,5.926788204349422440e-01,5.410943557429306328e-01,3.756919023585085782e-01,6.297450885107864771e-01,5.384318365893424607e-01,9.880144436677785746e-01,8.294857241863369257e-01,5.608716001431846010e-01,6.324328228857705181e-01,2.107959293443874560e-01,7.956178201700960795e-01,8.536969479123079907e-01,8.525574130967142894e-01,2.222980200507374549e-01,7.484563274012941969e-01,3.204743630718217551e-01,5.731252660103119956e-01,7.039282219412510422e-01,4.357500731419001738e-01,5.218929519221385815e-01,7.447553241972497684e-01,9.733864091913464467e-01,3.775809967736472594e-01,5.182390943306035558e-01,2.511236243121471867e-01,5.806816037348968562e-01,7.033173894157253025e-01,4.098640503852864214e-02,4.784396224439591561e-01,4.415755277287017333e-01,7.880635580739255852e-01,6.753231530229615309e-01,8.343984401496979952e-01,6.303021994444326648e-01,6.523995865318971132e-01,7.065530189404947148e-01,3.628645493087676588e-01,7.533295637502918085e-01,5.929410578619227490e-01,8.939926629909800138e-01,4.160941704690251930e-01,7.097500112355310531e-01,8.304816847881147934e-01,7.169603907253455644e-01,1.944147398228710522e-01,6.626354487218510947e-01,4.148215928473049097e-01,5.210728864255075310e-01,5.685372636575800609e-01,9.273784388204532325e-01,7.728955298048880707e-01,7.807875084100635021e-01,7.565708512933373431e-01,2.076892858133702058e-01,9.690810515319900897e-01,7.747664276819421492e-01,5.800658139767669308e-01,8.504127662360702056e-01,9.694814599835120950e-01,8.555350810867230482e-01,7.020791891980513455e-01,3.748087444310342908e-01,5.055082951234626254e-01,5.889340090617263268e-01,9.888103602502360534e-01,3.045791341986068268e-01,9.828303811003812063e-02,2.671942339036908476e-01,4.185652290729604541e-01,8.452951866611582155e-01,5.524559117969614075e-01,4.109359474856411065e-01,7.035928861227070952e-01
5.676622706912684002e-01,9.113714267066035379e-01,4.072694958047233249e-01,8.752038027975668211e-01,6.804772769067695126e-01,7.773632109204715590e-01,6.432124776831593671e-01,7.366635767436181537e-01,4.509724573749718246e-01,6.839365244483526229e-01,8.534988285752868054e-01,5.926788204349422440e-01,0.000000000000000000e+00,7.731897265920650852e-01,1.441700596745489893e-01,9.570111523676636534e-01,5.386657920788842091e-01,3.621568872204483647e-01,4.757581964997684154e-01,7.828548165628560485e-01,9.782549258706926265e-01,8.057411676061768668e-01,7.613926266575561375e-01,8.837078284847990073e-01,6.752086575471759611e-01,3.644902079889014157e-01,7.631197843864081509e-01,5.529433004060394508e-01,5.867810108584635698e-01,4.147592529184618293e-03,5.325559499853129708e-01,6.358785268865895235e-01,8.798851431358718500e-01,5.562105716718535042e-01,6.671604954722351044e-01,5.480045613518280678e-01,5.040034258155997593e-01,6.093919344133362781e-01,9.998396059552415727e-01,4.549607259288924177e-01,6.995312625162658504e-01,9.750695928937059831e-01,8.319371358061121713e-01,8.320524229443566622e-01,9.548101777388359190e-01,7.639094293042916206e-01,6.984010348869202911e-01,4.090040679766278331e-02,7.159364865939337186e-01,7.981159724647566289e-01,6.841526722137236671e-01,6.551778950891461450e-01,8.735068561081957839e-01,8.456279544982302498e-01,6.675797492553124934e-01,7.313927975464287190e-01,7.883857302209077433e-01,2.997761601567254797e-01,4.184868449442282756e-01,5.188078050934857854e-01,4.290900659117071747e-01,6.365828911202978668e-01,3.983090429183498427e-01,6.343056277907546114e-01,6.305472824571025647e-01,7.437833663961700426e-01,7.123117586204005258e-01,7.846653525220186332e-01,6.270336756241604581e-01,2.820215106718698128e-01,7.485550425897625759e-01,9.864844612893698406e-01,7.556425481523720844e-01,4.721883869165617309e-01,4.933394336130286217e-01,2.445359111094540586e-02,6.266228224148220338e-01,9.065043982402090084e-01,3.301733655998683181e-01,6.769283821662419598e-02,7.886930704105959977e-01,7.664710688225703228e-01,4.063921515759185144e-01,2.067882858697034087e-01,7.036741312547215577e-01
6.256861855307324083e-01,9.072194528269950098e-01,7.150126167090712359e-01,7.030691955423393757e-01,8.959641297930093229e-01,-3.538811321422094536e-02,1.002876506374879295e-01,7.267762443963867725e-01,7.690148579495100778e-01,8.653369208914885036e-01,7.415328056407461954e-01,5.410943557429306328e-01,7.731897265920650852e-01,0.000000000000000000e+00,3.597461737838849594e-01,8.497247832071289642e-01,6.373874234922962678e-01,9.952249888169639735e-01,5.656210981456398779e-01,7.827914009245796612e-01,7.555759881923651555e-01,9.583373652186685243e-01,6.755423409730094697e-01,8.983471975405666887e-01,4.244693663425933572e-01,9.321396345587319443e-01,8.987665911800556406e-01,7.807461133129316444e-01,5.128490664679382638e-01,1.546549068298569973e-01,7.677113973919136303e-01,7.498774831928296525e-01,8.311147238963285666e-01,8.328247794352743316e-01,4.780679713876337389e-01,5.827486790146931828e-01,2.644459034390917451e-01,6.698969177875470082e-01,6.162238059956979264e-01,5.343030153261372206e-01,1.029453624712161758e-01,4.329973368248539178e-01,8.063170839888106345e-01,5.878158267619958410e-01,3.970144271957962157e-01,1.693924919393764716e-01,9.992075690880710681e-01,4.867947144108225044e-01,9.379699719263450142e-01,6.825651607684801725e-01,9.972166215558289082e-01,7.179458798069764391e-01,2.389050916899777000e-01,4.570853155107342802e-01,9.176491156964311502e-01,7.034413394707255129e-01,4.418648094873318111e-01,7.990901702682295937e-01,3.560309954599490956e-01,5.714087567900780762e-01,6.201539916353061566e-01,5.038135853055960567e-01,5.089353112313913519e-01,3.068947760443014872e-01,8.597309198223574978e-01,5.749392969759168359e-01,9.022769844560749597e-01,9.715965864188733647e-01,3.003817502727622601e-01,9.746036194112069895e-01,7.493229045840604785e-01,6.123289042406941940e-01,6.600943497990058306e-01,3.447526421923308160e-01,7.936966687389250819e-01,6.057621397920918138e-01,4.114619885952706668e-01,5.178331150363489899e-01,6.482984912388926046e-01,2.613893553639659029e-01,6.114506810500816014e-01,6.405473346809761326e-01,5.994602253858323238e-01,5.120791361452500245e-01,4.392757100132891335e-01
6.522869330692919743e-01,7.593003691681419198e-01,6.228107943739281671e-01,7.723550920968619282e-01,5.542248987250770753e-01,5.542892312315166325e-01,5.699613443138275004e-01,3.115903164088657529e-01,4.565474730565999839e-01,6.692972108428859590e-01,4.437892449323877497e-01,3.756919023585085782e-01,1.441700596745489893e-01,3.597461737838849594e-01,0.000000000000000000e+00,6.657119102135791722e-02,7.300044220757478941e-01,7.219382614957985389e-01,5.468654422340508692e-01,4.264356277478358881e-01,5.757632005804597108e-01,4.405820178605819870e-01,5.234640987779179966e-01,6.385504259096156376e-01,2.704614372197042260e-01,6.918989460277051862e-01,5.014994576308088314e-01,7.602639803970373533e-01,3.395291645292339289e-01,2.420548981281083756e-01,3.378300740086863652e-01,2.942297658102646651e-01,7.139723920568599169e-01,2.406164571785622264e-01,6.231349092877779272e-01,3.362248284706260137e-01,-1.176878630866992487e-01,5.072903546667459906e-01,2.569922742659174197e-01,1.537994420191134415e-01,3.824695388785342987e-01,7.659233252333812469e-01,5.051711248578808489e-01,5.866756325905440050e-01,5.088942591127483261e-01,8.583144615533949695e-01,6.906327231833148117e-01,5.263147825834613158e-01,7.313985262279780741e-01,6.654303844091170594e-01,6.578164076339877431e-01,2.577146274691319849e-01,5.732405714926586127e-01,2.506508040378537250e-01,7.972230657104050211e-01,7.399205550244620788e-01,6.749870205833831127e-01,7.231126501362619141e-01,6.251096071135704424e-01,4.280951461671376190e-01,3.872590583304630352e-01,1.902930548882966755e-01,7.169923257426171759e-01,8.507699482774343513e-01,9.940748864461149692e-01,6.001630821062842180e-01,6.640012957096896873e-01,2.112676154969047038e-01,5.408677808034790813e-01,4.512849191316541386e-01,6.504658751983297682e-01,9.325673690343919131e-02,1.609472974047798655e-01,4.913558375982862714e-01,4.623489528273004856e-01,5.005128186794051137e-01,4.081317358424807473e-01,5.689115760402169153e-01,2.908328251853299351e-01,4.943044014471804082e-01,2.018800092109518662e-01,8.855822608760027803e-01,2.941055806651371451e-01,6.612889475581570364e-01,7.139211932459756937e-01
6.475872710765380180e-01,5.578882758269309017e-01,2.600509544285084518e-01,8.974019612728006967e-01,9.465886179045712723e-01,-1.132828556514171026e-01,4.034602467944768400e-01,4.227105914846541745e-01,5.887514283042744045e-01,8.233740205710112781e-01,4.349540724339195918e-02,6.297450885107864771e-01,9.570111523676636534e-01,8.497247832071289642e-01,6.657119102135791722e-02,0.000000000000000000e+00,7.953108414538533344e-01,6.777505808820762923e-01,2.944987920683556082e-01,9.264228268778427200e-01,8.145428758523429735e-01,2.096484553715643739e-01,5.499010296636975825e-01,6.391459911251080594e-01,3.564105230456174889e-01,7.539383947433084820e-01,9.947750223221678567e-01,8.388423459720082409e-01,5.535018236180802020e-01,1.229648741701223069e-01,2.956423156373684247e-01,7.733247726137175704e-01,9.250989957030895106e-01,6.639162951814067126e-01,7.532125811155400141e-01,7.648455157293457263e-02,5.723738995898967064e-01,2.074669135178011103e-01,3.442912352309754898e-01,2.975960911240447260e-01,1.440236533671656605e-01,9.066547294947834290e-01,8.286387461123861931e-01,6.322821589769916928e-01,5.449860558582666492e-01,7.242787465003510672e-01,8.823994238314004646e-01,8.204544249659415645e-01,6.557129543305626473e-01,7.188845719636290932e-01,6.867684956076157698e-01,7.110595552276715026e-01,7.246324832960870932e-01,2.935242008534126867e-01,7.479828929072507293e-01,3.453525338271314915e-01,5.203754486506078081e-01,7.160859931652621135e-01,6.427816042326052193e-01,7.194989605258099719e-01,1.258365666996330290e-01,7.295020601505994851e-01,6.628051619045529641e-01,9.374368975902696022e-01,8.902720560557194629e-01,-1.910155935026524310e-01,1.782493365094393878e-01,6.680342245223633846e-01,1.026630460211603452e-01,7.747207879909518979e-01,7.884243614652556298e-01,6.716916236337568957e-01,6.552831546777238350e-03,4.102021277114691888e-01,5.258902799285487539e-01,6.994736788619119183e-01,6.373918673318478278e-01,3.298729850130413532e-01,4.518171162575555511e-01,2.215097865316775494e-01,6.749779702702323192e-01,9.709083294431474220e-01,4.658873389065604220e-01,1.230300420953294172e-01,1.746853626427941897e-01
9.722551266784882351e-01,6.992506700397471686e-01,7.117811905464744848e-01,6.826320516911839054e-01,6.448919071221370647e-01,7.131799345241744970e-01,9.641940269294081434e-01,7.332938135092990084e-01,7.960598001258153422e-01,8.030710443180680835e-01,5.381100719714826570e-03,5.384318365893424607e-01,5.386657920788842091e-01,6.373874234922962678e-01,7.300044220757478941e-01,7.953108414538533344e-01,0.000000000000000000e+00,4.911793037967237541e-01,6.932451231700627048e-01,6.310555023722017598e-01,5.656175860974682612e-01,8.491285404810038351e-01,5.274357328478143092e-01,9.452018504775444585e-01,6.234052036382908835e-01,7.640574700890132576e-01,7.519397822783793206e-01,9.257624993042790074e-01,7.574175912126033250e-01,1.226196345915660929e-01,7.815105510654928311e-01,9.668445475758818963e-01,7.359269390015216183e-01,5.728237427335061138e-01,9.090426371655518922e-01,2.688150329923199577e-01,5.999952624255540101e-01,2.006679461037156054e-01,8.054546543552384419e-01,5.890174196231919845e-01,4.724491497180377531e-01,6.393351456224203311e-01,7.224671507790348945e-01,3.914131886390630477e-01,5.639517685007369163e-01,5.917174674588926431e-01,5.134022501715100884e-01,6.694371400773283520e-01,2.107777134585010481e-01,6.037822573481981259e-01,7.975171229842676901e-01,9.016889743858662598e-01,9.305030722042555436e-01,3.853695251616088835e-01,5.202149943278721045e-01,8.133259211043560866e-01,6.778789823522322067e-01,8.300381071027682633e-01,6.268378090754885834e-01,5.862873115378497424e-01,1.111536131381019310e-01,8.722766054658791235e-02,8.329985903924409518e-01,7.733157726179373803e-01,7.062735188885918003e-01,7.683301044950423542e-01,3.023802740335275185e-01,7.914329404134622381e-01,6.019394341994632747e-01,9.541671315994234570e-01,5.874268896219569935e-01,7.697710639399800714e-01,5.160035478579015900e-01,4.906483726776244003e-01,7.447881325883847214e-01,6.847924593917815717e-01,7.676527402125230548e-01,7.484765564637126944e-01,2.522323369375815694e-01,1.268515891578338162e-01,4.227046146734873000e-01,7.251983165819763100e-01,8.308207748124887271e-01,-3.361097185904883267e-01,5.898076552402220507e-01
8.644311919072429351e-01,7.199436902115827763e-01,7.097338183405754730e-01,2.710689795735046204e-01,7.809335318873033005e-01,6.164248675686579970e-01,5.178595356447965870e-01,2.094337673269014988e-01,3.376206346087684551e-01,7.515999005268224620e-01,7.474093110681818697e-01,9.880144436677785746e-01,3.621568872204483647e-01,9.952249888169639735e-01,7.219382614957985389e-01,6.777505808820762923e-01,4.911793037967237541e-01,0.000000000000000000e+00,5.281141367624798688e-01,7.746517465937550195e-01,9.666679718065384064e-01,4.611974924957338295e-01,5.641651506345453093e-01,4.595053886382526875e-01,4.195920202996454851e-01,6.732573358660924878e-01,8.963227646281166638e-01,6.375646532725812721e-01,2.370464962260499520e-01,2.341150542547842384e-01,1.647202778125231859e-01,3.369621250977118398e-01,3.155056973271815890e-01,7.658099026081599536e-01,4.807563967147426287e-01,5.424231581357040755e-01,5.501873026854149362e-01,5.096373671422359530e-01,9.267479631597448364e-01,4.614528522697017854e-01,3.051824163607005369e-01,5.643690830627308141e-01,7.816381005878836330e-01,1.911874138308345961e-01,6.510018329989702979e-01,8.143864348018320376e-01,7.075542529773937162e-01,7.533074504162965424e-01,3.136458311789983577e-01,5.435557522371095018e-01,5.646209497913937669e-01,3.546317407046005732e-01,9.982779603098034249e-01,7.276023863098968203e-01,7.870246023323317353e-01,7.753976505665131080e-01,5.095365802023815727e-01,5.616263224262774134e-01,8.609792241322561379e-01,9.533982234166168412e-01,3.541751180499457252e-01,7.186046153993755903e-01,3.483435168893518341e-01,3.740795777647733522e-01,6.150397551222879233e-01,4.148327320277226948e-01,8.697323076120997420e-01,5.722901849167152388e-01,6.321917916586720088e-01,1.769954917842934405e-01,8.775283514289452524e-01,5.074894566313373767e-01,-1.807527921919006575e-01,2.199172550345221966e-01,2.042778960845318958e-01,5.118548271041255537e-01,7.297497418636782474e-01,4.927675160256859699e-01,2.401862055682145169e-01,3.464081827266347613e-01,4.609927699837027548e-01,7.403243748359735754e-01,5.102675321530329988e-01,7.567802114686004167e-01,4.076307938641767770e-01
