0.000000000000000000e+00,4.868751354445132185e-01,8.204322561217129994e-01,7.851420347839834779e-01,8.103248157721486544e-01,3.207785650180799975e-01,5.656750948484895458e-01,5.477874993848365071e-01,7.330568144740986503e-01,9.490757342715687717e-01,4.640165810422989395e-02,9.808424559737413118e-01,7.886985537513931943e-01,6.567843201783049034e-01,5.867072724090358626e-01,3.771141494564612673e-01,9.708884610273763593e-01,2.020159061933386180e-01,4.327095963818644586e-01,4.295898940220072015e-01,6.343615024030786476e-01,4.565010850408923182e-01,7.941694628200279826e-01,8.838516096993455085e-01,8.244588563840110629e-01,7.253664572388989207e-01,9.394398370285611533e-01,8.558472038762852119e-01,9.833512665402801556e-01,6.897377082727353947e-01,5.602269104630530627e-01,8.302552543369107196e-01,5.933838985570472069e-01,8.161237318459664269e-01,8.908867712334496147e-01,7.842208950719271598e-01,1.690464341001479687e-01,9.815632360335463380e-01,9.163346037533180999e-01,4.696780432198040534e-01,2.934608407498727756e-01,7.305004599918231145e-01,9.048310064041256151e-01,9.313561647851058556e-01,6.177367714666200937e-01,8.758221546411142366e-01,9.422792868044344017e-01,9.745366634606724698e-01,4.461340044866828336e-01,4.442114241717928236e-01,6.546732780875357260e-01,8.930651762493742041e-01,7.220455481865037939e-01,8.130110663153571338e-01,7.745338100362372247e-01,6.519107650352430339e-01,7.215568632859215015e-01,8.608178791073707314e-01,6.549639140089222877e-01,5.425539820980114225e-01,2.190495006322474292e-01,7.099092561201432172e-01,9.027325491226967369e-01,5.370159286793629860e-03,-1.338347995086441311e-01,4.399061484069807237e-01,9.507456515932652952e-01,6.598473656870578186e-01,9.303026330733120686e-01,8.210661305625309714e-01,9.347388098870335060e-01,5.434810901144417894e-01,3.749891910715923427e-01,3.222770347768564303e-01,6.776345724067066589e-01,8.101644847431207497e-01,4.847847888680595907e-01,7.822927601676313847e-01,7.702869342385194606e-01,3.407082123626225534e-01,6.670257325554508343e-01,4.525082534138455959e-01,8.264287150880731403e-01,2.787197039465103554e-01,9.096103601610889822e-01
4.868751354445132185e-01,0.000000000000000000e+00,6.587688101867641421e-01,8.500323231750801511e-01,6.811062553769815509e-01,9.908390402945133069e-01,5.056148055811977571e-01,-1.704441938323780215e-01,6.109633092152580991e-01,7.539128517242189575e-01,4.294727891212708482e-01,6.857370102616175966e-01,8.299437955312392035e-01,8.684534206508927046e-01,5.023439350115930235e-01,3.030406214951705812e-01,9.976724570238206802e-01,5.661496961359863134e-01,8.089123128037221111e-01,4.037054581533323638e-01,6.047717274741665205e-01,8.452435871357284469e-01,6.281842804683799297e-01,8.782487708576172114e-01,2.749197840429076223e-01,8.524763487494183556e-01,6.119514472185008103e-01,6.157857626997353950e-01,2.224467643114000359e-01,-6.776382498421468226e-03,3.703154233979188970e-01,5.037315016354059205e-01,7.575964038650031540e-01,3.575450862690245923e-01,7.499022692729833128e-01,2.522590437592230894e-01,2.443282533691453762e-01,5.213919512591269623e-01,6.782444226737931459e-01,9.975458859510899501e-01,6.278527657500758696e-01,4.364184496670044933e-01,2.806419223039153810e-01,5.770701446278397873e-01,1.171026466161919910e-01,9.290336240052965433e-01,4.030147402968247139e-01,2.888260184358268923e-01,6.214625269556535159e-01,3.454947646608925726e-01,6.405674289099445584e-01,4.874302071706758110e-01,9.091223725425943147e-01,2.898719535040595874e-01,4.373927174932110695e-01,9.612399983123439684e-01,4.130248586712254033e-01,3.215946889655996177e-02,6.160984461936297452e-01,1.817951372318248882e-01,5.156262048355471084e-01,2.771096524715446208e-01,5.981722795413357829e-01,8.028913409148721314e-01,5.234365474466569079e-01,8.556232120605961056e-01,9.371771721655648424e-01,6.734838594547464252e-01,-1.718279694913758260e-01,3.680459424432857563e-01,6.640682111977984636e-01,8.015564869340767729e-01,6.841023759289358575e-01,3.252242313088082315e-01,4.694687841761225333e-01,4.297569171238761476e-01,6.149365133645657844e-01,3.870317931859496019e-01,4.528702127808666988e-01,4.707963821698051277e-01,5.399515836835536708e-01,7.842143529785474687e-01,6.907321799761101389e-01,4.380715673496967666e-01,3.001148320522268875e-01
8.204322561217129994e-01,6.587688101867641421e-01,0.000000000000000000e+00,6.761654060973723013e-01,9.248233243615162635e-01,8.579087292428313472e-01,7.142610753891088793e-01,5.322837620643593448e-01,7.226528841479604726e-01,8.157343718453649029e-01,8.722892574133925825e-01,8.861376409342490712e-01,9.246999682203307369e-01,3.738155351171076890e-01,2.995912705681956778e-01,9.615790484528210502e-01,6.666084630972964886e-01,7.880320262651395735e-01,9.995744852322124840e-01,7.408309510296875455e-01,4.423020175145779831e-01,5.770388818851517332e-01,8.607386200994762149e-01,9.671498074015205670e-01,7.119464167368200203e-01,9.619830866126589664e-01,7.516245740072102777e-01,7.984955679233382009e-01,2.742124373919758717e-01,5.425965166975719178e-01,4.511169876977489390e-01,8.907982722597699299e-01,8.720126029880532759e-01,6.712264461375143654e-01,4.423560360148402482e-01,6.285124220766606928e-01,6.035595857277514104e-02,5.429550938038055774e-01,7.719900827324243098e-01,9.618995985046365771e-01,5.708401321244130910e-01,8.618484368769649961e-01,8.718516922810083392e-01,7.470834959635439532e-01,9.201004111072654812e-01,7.477466334880533694e-01,6.445703269142869507e-01,5.515648173369213092e-01,7.496111707718089434e-01,9.818677787937473145e-01,4.287435639226473971e-01,6.607595533389264419e-01,7.517857122929821889e-01,8.956000025580761470e-01,8.145976547580632277e-01,5.847339981413463006e-01,7.773874251152554926e-01,7.496520546379208394e-01,4.675607733590868564e-01,4.898762476656623455e-01,5.588471368280991669e-01,5.696820406280316273e-01,6.813462866557693509e-01,8.689855934034496077e-01,7.235571353680861906e-01,7.689819798591570610e-01,9.535444128941436004e-01,6.925048384909322507e-01,4.224312396112850365e-01,8.687513440951875054e-01,8.831823644884769786e-01,6.153350457335308166e-01,7.685621261924749925e-01,5.457723917240138167e-01,6.169208198354754202e-01,7.130695326813575319e-01,9.538836708927429520e-01,3.864304034833032642e-01,5.325173851105536871e-01,2.500939534451327578e-02,8.272437920136507250e-01,5.210008191212487372e-01,9.435342789366776284e-01,4.362604244036152323e-01,8.713375424593376994e-01
7.851420347839834779e-01,8.500323231750801511e-01,6.761654060973723013e-01,0.000000000000000000e+00,8.777216428998312336e-01,6.807269307304780748e-01,4.774721644866704029e-01,7.881503712147099883e-01,9.183037588731303158e-01,5.208476376896182813e-01,3.118617225596526099e-01,2.943833180782222669e-01,3.561875090031155766e-01,9.015957564141620084e-01,5.696258651155625685e-01,6.614847525563061215e-01,7.136278977040516613e-01,2.167690860495236904e-01,5.862274438934191867e-01,6.380596917069214502e-01,6.214583183833187752e-01,9.660360760369686162e-01,6.117302558437545668e-02,8.539160894177806327e-01,8.555843293460339005e-01,6.187668584819779882e-01,7.681345081813533149e-01,4.746403617415385044e-03,3.210354327071667235e-01,2.012532969481317380e-01,1.052559630693759019e-01,2.261690588491248044e-01,2.612861641204655694e-01,8.521968402270466703e-01,3.577167627205961598e-01,3.991161082057953502e-01,5.872368882881620067e-01,5.737747035290079456e-01,6.599421037139737711e-01,5.044939917275833574e-01,2.403592825537254341e-01,7.210429594151039900e-01,5.846528091267882976e-01,6.845381547547430001e-01,5.821050500046467402e-01,2.775076967223087943e-01,7.008160475523892430e-01,5.213426712887748726e-01,7.792264855354336106e-01,3.542145804446144575e-01,4.669202012446583838e-01,2.948614997015940875e-01,6.347913111933118913e-01,7.872281106699134945e-01,6.902333639854310032e-01,7.347364580067029527e-01,5.662902900904300818e-01,7.564307064061870367e-01,9.437673887091977409e-01,2.540601910312260681e-01,2.716608939049104943e-01,8.604825536325138025e-01,6.820843743378965929e-01,9.535827824002917064e-01,8.095350470943006860e-01,4.940451624448415902e-01,6.854037543965268986e-01,8.005081692481557099e-01,9.564583690877073718e-02,6.807520735970040704e-01,4.630133448626918002e-01,7.943486057495700026e-01,-1.237502195596657528e-01,4.962469624700999726e-01,1.268481346546563582e-01,7.834741438640303590e-01,8.325347835934291396e-01,4.923210596639929770e-01,2.938830161645121786e-01,5.669904094614139911e-01,7.474004727302759887e-01,8.412589219080193192e-01,8.982414184921668765e-01,5.870406357179555057e-01,3.407051107788082733e-01
8.103248157721486544e-01,6.811062553769815509e-01,9.248233243615162635e-01,8.777216428998312336e-01,0.000000000000000000e+00,6.285054044660371986e-01,7.769705179030996778e-01,2.014951517518733248e-01,9.596598498382954423e-01,5.816960113617943851e-01,4.865278329854906825e-01,9.141219968397532591e-01,7.270097570162520340e-01,-3.706248463491046419e-02,7.559889903813404866e-01,4.142219289606282051e-01,8.579599168656079078e-01,2.673726129279369035e-01,7.582247166989702913e-01,7.471737574220256306e-01,7.489510215656308700e-01,5.973714392808884277e-01,8.069555919982615011e-01,9.377586792472420996e-01,4.141747148354559815e-01,8.543771751434684480e-01,5.412859918313105423e-01,6.913197759888091154e-01,5.529988327981077978e-01,4.947403032116181598e-01,3.935445485815910471e-01,1.574366567321827670e-01,8.266910839980016190e-01,9.923990398931015200e-01,6.147465611809096453e-01,5.577879251387412030e-01,4.874211369833750251e-01,2.326193956718185241e-01,4.128353108462483045e-01,5.520133365541859405e-01,7.079822309213478215e-01,7.375011110354023902e-01,8.747138164885193135e-01,6.600218737773904110e-01,9.446829356267196776e-01,8.450753904629590973e-01,7.823242555505535156e-01,6.334835845680959476e-01,3.288290222496859649e-01,3.065178285220939713e-01,8.785919315885728498e-01,5.292995341722372959e-01,2.895033471953806226e-01,4.225247693190967713e-01,7.165295805657445616e-01,6.028330903410396013e-01,5.858965091058153662e-01,9.354866115204643062e-01,7.128580490785895174e-01,3.745106735435405065e-01,4.895265567736469814e-01,5.718990499584674092e-01,5.440579478247469236e-01,9.911411087587647106e-01,5.807301256375934084e-01,2.995061402935893513e-01,2.536298438901906094e-01,7.185249913181863679e-01,2.760144202598463492e-01,3.417127360653083867e-01,4.296572000627335020e-01,7.407557623175027306e-01,2.651267964109856878e-01,5.645855181614507501e-01,7.174515189230147305e-01,9.404885396606008641e-01,5.520928715419541888e-01,6.514585461790811660e-01,2.498226580365355276e-01,3.295912935782991382e-01,7.554592724401060222e-01,9.757042654464613829e-01,7.693482586769692100e-01,4.048312969123833982e-01,4.617816163461772039e-01
3.207785650180799975e-01,9.908390402945133069e-01,8.579087292428313472e-01,6.807269307304780748e-01,6.285054044660371986e-01,0.000000000000000000e+00,7.028827822524271740e-01,4.923555388170742786e-01,5.690990716645946135e-01,4.111365619823693640e-01,6.032059028783393062e-01,5.688118189123503310e-01,6.876173838598644839e-01,4.264423383502474740e-01,1.842329735960502868e-01,7.376683046128805765e-01,6.739840869929898393e-01,2.700736512426485381e-01,9.254244759967199530e-01,9.512123436260851994e-01,7.461314219817735127e-01,4.448745966937864837e-01,7.951875426365627719e-01,8.736326013718626049e-01,7.489750317929395607e-01,7.824916298806587900e-01,9.441881161947394130e-01,6.647095650728859217e-01,9.694417092180442896e-01,4.539932316773991339e-01,4.975519088569557158e-01,4.313862414296926184e-01,6.414589813272710828e-01,9.225686921450289013e-01,3.714290392184040890e-01,4.593803597275261663e-01,5.496817511119473920e-01,3.226758895014506523e-01,9.030935873404893899e-01,7.596000948271151021e-01,3.458057522997803335e-01,7.462861921901321471e-01,6.052254186967738203e-01,6.635837471578062141e-01,6.493458501306672570e-01,8.350829312318036601e-01,4.523136989435547206e-01,5.768937133651270699e-01,5.546354365940275866e-01,4.831748460828426683e-01,4.604633729279146714e-01,6.477886657004190418e-01,8.440950572573779898e-01,3.251077334805352326e-01,7.869386409106581270e-01,8.486544515754170792e-01,6.654368301299500299e-01,7.927733583445254473e-01,4.422774144775307170e-01,1.780208221632188781e-01,4.386027178804254856e-01,4.756419004514796378e-01,6.123603687713649046e-01,9.694554476880595795e-01,8.467185618054930973e-01,9.811084067046094148e-01,8.922628449687382002e-01,6.118493699748818182e-01,9.337361447387395597e-01,9.393797215986620097e-01,6.037402859285198042e-01,7.068627048647417865e-01,4.309838384667941460e-03,5.773830329201764533e-01,7.345089042060610751e-01,6.507981142151464393e-01,6.442668428847019291e-01,9.051785819683708656e-01,-1.686004190695148952e-01,5.213750638571359453e-01,7.561863267613559980e-01,5.129531202909353160e-01,7.412402701797988769e-01,4.503657313166931075e-01,6.371258488814135479e-01
5.656750948484895458e-01,5.056148055811977571e-01,7.142610753891088793e-01,4.774721644866704029e-01,7.769705179030996778e-01,7.028827822524271740e-01,0.000000000000000000e+00,7.930450908208531713e-01,5.697996982956547996e-01,8.326408418383433041e-01,5.638216901407452353e-01,3.982190134911814394e-02,5.516409861203788179e-01,6.858517752051874750e-01,4.465417209257522835e-01,3.445422695473290275e-01,4.979489658408173813e-01,4.520059654764337076e-02,4.864645721115757326e-01,4.593581916685576805e-01,5.839566030711179634e-01,6.975997659925533556e-01,4.086843244856440127e-01,9.260157539159802331e-01,3.325846551609411561e-01,5.756090916257721180e-01,5.496552641477894241e-01,6.373400967724284216e-01,6.694398401149933564e-01,2.135709168418870596e-01,5.268786742068471973e-01,3.603986545779748751e-01,7.001605693094821170e-01,6.640477654383936112e-01,4.225162963898238533e-01,2.450231811199689580e-01,-1.691681666531880956e-01,3.708644467566317715e-01,6.204671698298598326e-01,6.215415116682323493e-01,2.563072384731272524e-01,6.636937911058659045e-01,3.539021508467797283e-01,1.357558734575583549e-02,7.226743890818656535e-01,6.019441226173851689e-01,3.158999919539942636e-01,-2.276337287442947721e-02,7.146260292665873592e-01,7.727094304095583066e-01,5.212297239078848010e-01,4.204319925407837832e-01,3.208988080325863024e-01,4.846550889356442821e-02,9.834492566568632244e-01,7.104430574333300275e-01,3.556176890920977884e-01,1.303262738726269632e-01,2.179199146971765866e-01,4.754560156794946923e-01,4.531097040624254002e-01,3.973972634289867356e-01,3.418400768304928894e-01,9.558627060083355609e-01,9.566110260292735035e-01,7.954099109823130620e-01,6.000638088130751946e-01,7.431732597502582749e-01,6.381617145813511804e-01,4.174361114141278972e-01,4.430783848679126780e-01,5.541213679001679715e-01,2.092528313634303139e-01,2.668723265437086267e-01,6.597903430965460503e-01,4.924552505729320462e-01,3.052532787809679182e-01,9.720425651250927945e-01,-6.011097337749357616e-02,1.190308931987081459e-01,5.123302509912093516e-02,9.054059257102924363e-01,4.475461258630902273e-01,6.590435644020604666e-01,7.691617958047398673e-01
5.477874993848365071e-01,-1.704441938323780215e-01,5.322837620643593448e-01,7.881503712147099883e-01,2.014951517518733248e-01,4.923555388170742786e-01,7.930450908208531713e-01,0.000000000000000000e+00,5.461193720111684469e-01,7.807448514129987638e-01,6.921554346938206814e-01,5.824152410479517539e-02,6.595750376389599712e-01,7.524977546634016301e-01,5.257882080097591171e-01,6.569435506528602531e-01,9.537820637208157537e-01,5.943656851423277931e-01,5.581018892965724509e-01,5.497585496832846363e-01,8.617597853181065970e-01,1.703847684281657726e-01,6.937826282966368385e-01,7.232143710588174734e-01,3.716074315910444792e-01,6.046966250049798930e-01,5.776597822834921292e-01,4.421935875339714772e-01,7.850472514705779670e-01,4.724100981591856652e-01,1.953112714662692817e-02,2.660152009403501383e-01,9.017700217641274607e-01,5.510534992317547287e-01,7.721172323382732294e-01,1.977035353531388651e-01,3.448869727111656541e-02,7.582394829225760358e-01,1.532638152827980327e-01,3.998383515031008195e-01,4.617001996103050065e-01,2.501806722714606801e-01,3.450777714854648126e-01,4.932172266388528126e-01,8.068240467210301414e-01,5.482959635671119658e-01,2.866107877453590302e-01,6.990553240769241672e-01,7.510858288943731420e-01,4.004330387294888216e-01,6.305634200650594989e-01,3.224827126343090544e-01,5.932768589046863994e-01,5.536844495912958131e-01,8.870467808269693055e-01,2.274904804189444851e-01,3.062084931434246871e-01,5.619515655745767058e-01,6.868210280223087105e-01,4.744300898159466429e-01,-6.935448942867342148e-02,5.443959387932284510e-01,7.955462214897341955e-01,2.566205148389953949e-01,7.772054939137276186e-01,6.485765335728974623e-01,3.513508348264374748e-01,8.981495112579247486e-01,7.395025661193427302e-01,6.267571701871352818e-01,2.868669788904251172e-01,7.823264972008284746e-01,2.749768881165629009e-01,4.067022565254986843e-01,5.572002726952836049e-01,3.226447940613485499e-01,2.224583532117171969e-01,1.177582260854464630e-01,5.679740492128604323e-01,2.542533338056757186e-01,4.213598874974451292e-01,3.841407228264110407e-01,4.495435262153723022e-01,3.727187296027695274e-01,5.875965390257963383e-01
7.330568144740986503e-01,6.109633092152580991e-01,7.226528841479604726e-01,9.183037588731303158e-01,9.596598498382954423e-01,5.690990716645946135e-01,5.697996982956547996e-01,5.461193720111684469e-01,0.000000000000000000e+00,2.066632705618131338e-01,1.422670160750646173e-01,4.466495958881034345e-01,4.059292966315812823e-01,5.963417854674513130e-01,6.403298259524315972e-01,4.457748628615232356e-01,4.198581073957428078e-01,6.274120028416382278e-01,5.756898569266795107e-01,4.290454995779819924e-01,6.158121711891882955e-01,3.157116607530948138e-01,9.966479584798364488e-01,4.676786968433803149e-01,3.086259249868763543e-01,5.702218082930572418e-01,6.678051520610948089e-01,4.265380003399594222e-01,-1.365835655719689345e-01,5.545594962679207818e-01,5.494467106927368727e-01,4.921549364384006919e-01,8.969213080030581375e-01,6.775751634098468035e-01,9.945158341619526610e-01,6.005854424528408453e-01,3.213336565316219917e-01,7.041414239821052190e-01,9.413552156291529194e-01,9.443807346986338169e-01,3.562573169221796565e-01,1.740520582773570080e-01,5.253828884705487035e-01,9.227821149165924552e-01,7.740111334913004626e-01,8.659562148937536286e-01,4.351545320246428261e-01,4.388215505356499735e-01,6.070663358833081613e-01,5.438888825697087981e-01,4.986973145005532682e-01,7.379162678641985051e-01,6.798269795042380936e-01,2.723862788437498850e-01,2.853622880535661155e-01,6.342127779266114596e-01,3.301382763726669056e-01,8.245560345103346567e-01,6.004644345657600413e-01,4.293759827360154602e-01,5.182508816123243545e-01,7.321271349161888597e-01,8.558796521111399214e-01,7.017658520491234508e-01,5.715312161119405765e-01,4.802327653392991502e-01,9.551576120936476899e-01,7.819126103015049400e-01,4.656999877212788519e-01,8.391476933460093601e-01,7.010033817001091183e-01,3.442169179181692185e-01,2.350718405209127060e-01,5.588337036766897192e-01,5.321191676296182366e-02,4.574582528025323280e-01,9.601257632295089328e-01,1.839032434563371565e-01,5.887887947998236005e-01,4.185832937516978380e-01,6.476392154890845410e-01,7.786469483353454235e-01,6.868970598160091257e-01,4.240923158123749981e-01,6.212959621382586617e-01
9.490757342715687717e-01,7.539128517242189575e-01,8.157343718453649029e-01,5.208476376896182813e-01,5.816960113617943851e-01,4.111365619823693640e-01,8.326408418383433041e-01,7.807448514129987638e-01,2.066632705618131338e-01,0.000000000000000000e+00,6.967896292005975045e-01,9.134006951200264179e-01,7.750667407623607064e-01,6.780695428872183239e-01,7.611985552437765534e-01,-2.118449839020031256e-02,7.784021267443947956e-01,6.779357720176582003e-01,9.711787853954513272e-01,8.391412895233434366e-01,9.098453707390216083e-01,5.908524921681395092e-01,5.775424294599165176e-01,1.821715970604889379e-01,7.830452263738634233e-01,5.112721935288084829e-01,6.644307185755284895e-01,7.737212177727339490e-01,3.896031660650501882e-01,5.917097457738159649e-01,2.731124466860340716e-01,3.662960294247864512e-01,6.995907639184897331e-01,2.682939718463084322e-01,5.450745795124971593e-01,7.572953432853845035e-01,2.843412025143928212e-01,2.209104215472151578e-01,9.481468922597592330e-01,8.035541522979189333e-01,4.133488557400942787e-01,7.168138953852521977e-01,5.928594075170314781e-01,5.127038977598090685e-01,5.353836089767066708e-01,7.425709200456316328e-01,9.364886612821603507e-01,9.146619173321101082e-01,2.361916413409713700e-01,7.864219366563609537e-01,3.590418914486717128e-01,8.287514885318391089e-01,6.549055755288696323e-01,6.134823815194644370e-01,8.489382917623559122e-01,8.638835514355714951e-01,6.220396653577319190e-01,7.373477646377496475e-01,8.249431910618189034e-01,3.147732707939787100e-01,3.121703550781051995e-01,5.373201268606448977e-01,3.134014324950610275e-01,6.064783510062596861e-01,7.705928781850543974e-01,7.607944600950810043e-01,7.703406423730081443e-01,5.184956894456904664e-01,2.838685672808286542e-01,7.465906811052971381e-01,6.055807319667563249e-01,6.013464208321814830e-01,3.466326967654731472e-01,4.024070932809101775e-01,9.562024115992624473e-01,8.289175562600337166e-01,5.391757391144375022e-01,6.976386431019854228e-01,2.712554005720305139e-01,2.422964527676872010e-02,2.652600792712211941e-01,5.849631203950456104e-01,6.680670480636968778e-01,6.079226565922321024e-01,5.373046089500875810e-01
4.640165810422989395e-02,4.294727891212708482e-01,8.722892574133925825e-01,3.118617225596526099e-01,4.865278329854906825e-01,6.032059028783393062e-01,5.638216901407452353e-01,6.921554346938206814e-01,1.422670160750646173e-01,6.967896292005975045e-01,0.000000000000000000e+00,4.679987579164427425e-01,3.840115376042627648e-01,7.643630124599937181e-01,5.871969444404315785e-01,9.465434769440074225e-01,5.125028482492841736e-02,7.859399713989024816e-01,5.672469540418215717e-01,6.481343093317668558e-01,5.184827097934890938e-01,6.303283777264212517e-01,7.639346277600250756e-01,6.488182743870608560e-01,1.269847469317464117e-01,8.243449607955352088e-01,8.979049413809356839e-01,6.385654957263829923e-01,7.989843498023160295e-01,6.579240036115117096e-01,2.452804691839310935e-01,2.226754138304300468e-01,5.300136923301751457e-01,6.008312287638001292e-01,5.259850131144636620e-01,5.789558243108856583e-01,3.604160867673403823e-01,5.274302502465666453e-01,9.420904755313986856e-01,8.693487762454694678e-01,5.589964927310774323e-01,5.104508709299191427e-01,8.250764839151035757e-01,7.373974311072239995e-01,4.793580899325056710e-01,8.970551895630143324e-01,6.073961604068759401e-01,2.024932645074754567e-01,8.438187758599182686e-01,6.258147196582202199e-01,6.601396015824426700e-01,9.828289297162999816e-01,2.621508158723963589e-01,6.784425948607814005e-01,2.567986439611463778e-01,6.433177312373299372e-01,7.810862413820296446e-01,7.006877341611142951e-01,8.040595155412413320e-01,2.598522756078230911e-01,2.090186936639801818e-01,1.531058006783362346e-01,4.820488211984345073e-01,9.031596208439812701e-01,6.233186464175441976e-01,5.913564727188135306e-01,7.912155987867557361e-01,4.291358627368866419e-01,2.183635621488821399e-01,8.808842383997919079e-01,9.941653576279978477e-01,6.356604316986050884e-01,1.206303995015205327e-01,2.926618508290811382e-01,4.036905722119287221e-01,8.195401966231458113e-01,8.441926146327288771e-01,3.023812670179560902e-01,1.858443392270908157e-01,6.884366338996769086e-01,7.052420706323382360e-01,6.726667575288193257e-01,2.172374439305941596e-01,2.812071481674233153e-01,8.625443085280206645e-01
9.808424559737413118e-01,6.857370102616175966e-01,8.861376409342490712e-01,2.943833180782222669e-01,9.141219968397532591e-01,5.688118189123503310e-01,3.982190134911814394e-02,5.824152410479517539e-02,4.466495958881034345e-01,9.134006951200264179e-01,4.679987579164427425e-01,0.000000000000000000e+00,8.450247880548350521e-01,8.807428065061091438e-01,6.586169201935314632e-01,7.500558723188959220e-01,9.942865728971793660e-01,4.727926910861413590e-01,7.050309693657531573e-01,4.136186343856214642e-01,9.932128563204956073e-01,3.399162569581056781e-01,6.994149893497383363e-01,7.510524276213557116e-01,4.467882961574451972e-01,7.890837243432820003e-01,7.554607039941132474e-01,6.702435309574008571e-01,3.860809764831442115e-01,1.984558238307407574e-01,5.962207756923492141e-01,6.791569399504144844e-01,4.817488371840553674e-01,6.195419111070333829e-01,3.510872139344300980e-01,2.056554839515116195e-01,3.800875618980255610e-01,5.071312882582098558e-01,6.779111844105655260e-01,9.927794618492897794e-01,6.117895943617277510e-01,5.355517701252499041e-02,7.575600809341453967e-01,5.190098393491962003e-01,9.032271096616177886e-01,8.823800081915812443e-01,8.991787868268897865e-01,5.544453802145680177e-01,5.898027585237091142e-01,6.843045421234652537e-01,5.041213598807205987e-01,7.968535054138804474e-01,8.975070565245213405e-01,5.807783650250484264e-01,8.802446430172712333e-01,7.279311138168256257e-01,9.588097066664685864e-01,7.349038054251426644e-01,7.738404563346141796e-01,2.270676663443132737e-01,7.253082031599864532e-01,6.302834436796156403e-01,6.489290049357490098e-01,9.007450833758733344e-01,7.680756623751369139e-01,2.989723683871937099e-01,7.785257692310746380e-01,8.206028059609222769e-01,7.177778996085552032e-01,5.145934347198434233e-01,5.270136005889461961e-01,7.854600822095275658e-01,2.570761769566424770e-01,7.650565727270475236e-01,5.662156440810952596e-01,3.642366297044630774e-01,4.385919311459671177e-01,3.845296382587100048e-01,3.431959791298169193e-01,3.537412025009532140e-02,3.559979049285848518e-01,4.940313765191361450e-01,7.626206821723157114e-01,5.753549108042774751e-01,7.374165984975143973e-01
7.886985537513931943e-01,8.299437955312392035e-01,9.246999682203307369e-01,3.561875090031155766e-01,7.270097570162520340e-01,6.876173838598644839e-01,5.516409861203788179e-01,6.595750376389599712e-01,4.059292966315812823e-01,7.750667407623607064e-01,3.840115376042627648e-01,8.450247880548350521e-01,0.000000000000000000e+00,2.794638521017905886e-01,9.433933167522872143e-01,6.461904842407913963e-01,8.613555633228863195e-01,7.887364579824472921e-01,8.429051679335570757e-01,7.189488302464712710e-01,6.998616674944578842e-01,4.755235619638853439e-01,9.265167578387205616e-01,7.897145541751120490e-01,5.738409411466449672e-01,5.416696360913054731e-01,3.155546885218937225e-01,9.819158422711670164e-01,5.216514539136097861e-01,3.232610035436508933e-01,3.103331892410087223e-01,5.654039820768026470e-01,5.285821709206866004e-01,9.505162235788071623e-01,5.930821145223585944e-01,1.245041937722766445e-01,2.636569575900877815e-01,4.509848679384398928e-01,4.449485241388427825e-01,5.632729021264215596e-01,9.568409580164878581e-02,5.580922675871452521e-01,4.526516926215279901e-01,6.862158576130715781e-01,7.210912043743959998e-01,7.355676865191187463e-01,7.490057559037390789e-01,9.226034468675434752e-01,8.448522860617910801e-01,4.792434721075352622e-01,9.107107166744600191e-01,7.021307826657927631e-01,5.319839922992951609e-01,7.571147752990105007e-01,5.120373102001548604e-01,7.562076007653514287e-01,7.362901641906390848e-01,2.776171043150320594e-01,6.508746199149766376e-01,-1.128993503345140786e-01,7.009492076841811192e-01,6.382035464419711923e-01,1.060814872416824123e-01,8.745187947588589639e-01,6.941521183931026462e-01,3.745202210045530666e-01,6.294141814752785002e-01,8.721830236114732626e-01,2.501065194362350752e-01,-1.847337581932717299e-01,9.184078093238718932e-01,7.053313595782504386e-01,5.084787287232792607e-01,7.738199400045481235e-01,4.443250511584623252e-01,3.895820159176247022e-01,7.678813895905831632e-01,8.266969395044569957e-01,5.427477246068345140e-01,-1.319502046968060727e-01,5.811186837892232671e-01,6.063871027651882573e-01,4.521251609149025685e-01,6.188306023120150323e-01,7.504873743059858882e-01
6.567843201783049034e-01,8.684534206508927046e-01,3.738155351171076890e-01,9.015957564141620084e-01,-3.706248463491046419e-02,4.264423383502474740e-01,6.858517752051874750e-01,7.524977546634016301e-01,5.963417854674513130e-01,6.780695428872183239e-01,7.643630124599937181e-01,8.807428065061091438e-01,2.794638521017905886e-01,0.000000000000000000e+00,4.786720602425745819e-01,4.946217800811685272e-01,4.918115020799770365e-01,8.901761505928446061e-01,8.143596450369240403e-01,8.485638674936533121e-01,9.509434747208976857e-01,6.712421626965325849e-01,9.701171914788663253e-01,6.106072804166475798e-01,4.939903051381333565e-01,4.399476037213578272e-01,5.817388629430745306e-01,7.802835725656754873e-01,4.241641265852467146e-01,5.324771989732496325e-01,2.809097584032991396e-02,2.036860711509724982e-03,7.684463066403511844e-01,3.578313979404882383e-01,9.675391900033519788e-01,8.908250248829448215e-02,2.759163293915364856e-01,9.718486935578419805e-01,9.887930629128608429e-01,8.537127899128131858e-01,5.672395375271634954e-01,6.074534003364647772e-01,9.882923837397895594e-01,7.290024360211244669e-01,6.410468495039984838e-01,7.931562525001856212e-01,4.403185464449471676e-01,5.232387325818053103e-01,6.195313163929059286e-01,8.335096612831762730e-01,3.493375675483503251e-01,7.845727615498653273e-01,8.782571705980241061e-01,4.479501144732684348e-01,8.406896416152678242e-01,4.051864380903669738e-01,7.218497430745388632e-01,7.755023464398425048e-01,3.180677551210567833e-01,7.577511954039599651e-01,-1.721204194549204314e-01,4.482274493748306110e-01,7.576968914496320373e-01,8.086922664728619647e-01,7.584889512549360946e-01,5.605533077701766453e-01,8.610101100882205927e-01,8.836700150033831580e-01,9.918596886556405590e-01,6.845798648105705375e-01,4.203243019350489940e-01,6.986328025915424789e-01,3.357894178897465887e-01,4.569061711603753517e-01,1.857556071721202240e-01,7.270448340077195759e-01,7.019622504633632465e-01,8.706142212536965852e-01,5.345448711844241751e-01,3.666865770033331251e-01,3.194475002980881606e-01,2.600395037730800496e-01,6.177383333580163116e-01,6.581373660134424153e-01,9.989287446811196958e-01
5.867072724090358626e-01,5.023439350115930235e-01,2.995912705681956778e-01,5.696258651155625685e-01,7.559889903813404866e-01,1.842329735960502868e-01,4.465417209257522835e-01,5.257882080097591171e-01,6.403298259524315972e-01,7.611985552437765534e-01,5.871969444404315785e-01,6.586169201935314632e-01,9.433933167522872143e-01,4.786720602425745819e-01,0.000000000000000000e+00,5.001243111710376166e-01,6.317296332974499107e-01,5.615537654735922590e-01,6.672626495840645600e-01,4.607405519249855863e-01,9.118197729162436094e-01,8.303588610093479705e-01,7.744715778131916473e-01,6.601810562237611091e-01,2.992477861299223107e-01,3.270576299619976646e-01,8.399150208371644055e-01,4.548016442371105028e-01,6.375859226382509792e-01,6.697228014821965392e-02,4.597395433457523301e-02,2.240930530857881409e-01,6.395390419859406927e-01,5.931884439653504204e-01,2.774369796235767738e-01,4.551276426764702121e-01,4.292502284267389889e-01,5.630727666892034744e-01,4.732453009041864833e-01,9.207859130310571683e-01,2.903964384847649294e-01,2.545390226858496030e-01,5.662297570812292458e-01,4.731360880174482197e-01,6.798461894394808303e-01,7.837874467006016310e-01,8.037470111464424249e-01,6.309538560155251163e-01,3.541802092336865382e-01,8.653126446199144173e-01,5.487039902545824965e-01,2.518526274881775495e-01,6.121228369609511555e-01,5.035089644284695964e-01,6.379459831950889948e-01,6.337918572297703834e-01,4.863438400069312606e-01,8.330950236789635976e-01,7.012284651917718437e-01,6.748955600684937162e-01,1.716860569228580990e-01,2.392423414369624912e-01,7.935329166444671234e-01,9.113024546863518482e-01,7.429556498367945183e-01,6.615270710493325046e-01,2.328056802636430667e-01,6.749842923373085002e-01,7.469184309148633183e-01,4.528211419836433715e-01,4.045159700867683172e-01,7.899699742152790360e-01,4.142911357515627335e-01,5.784794546818607941e-01,6.242997717083706988e-01,7.782971841123527135e-01,7.293809269838645859e-01,7.590984806305374200e-01,5.203522466513790246e-01,2.596366752293023938e-01,4.383870022591723759e-01,8.424618820044542655e-01,8.763941645038689776e-01,1.640948903161883465e-01,7.450114497577033923e-01
3.771141494564612673e-01,3.030406214951705812e-01,9.615790484528210502e-01,6.614847525563061215e-01,4.142219289606282051e-01,7.376683046128805765e-01,3.445422695473290275e-01,6.569435506528602531e-01,4.457748628615232356e-01,-2.118449839020031256e-02,9.465434769440074225e-01,7.500558723188959220e-01,6.461904842407913963e-01,4.946217800811685272e-01,5.001243111710376166e-01,0.000000000000000000e+00,2.873149842251370711e-01,7.339771676204094597e-02,-8.350292568950443139e-02,7.890478422417729343e-01,5.731942159020267935e-01,9.027436345800040618e-01,9.902930236597806690e-01,2.490942948409303748e-01,4.521070125631251879e-01,8.094878217545117272e-01,4.508350947205553294e-01,5.675245091064530234e-01,-2.225590530909832276e-02,5.509170136572689724e-01,4.368462702954684640e-01,5.730690522809931409e-01,4.911024345055486906e-01,6.301162587188798847e-01,4.295902254764845107e-01,1.551303494801027361e-01,3.890446437838973592e-01,7.932520168657931636e-01,9.884331969189688039e-01,8.592462448996722735e-01,7.352201645070934877e-01,7.422395794141756209e-02,4.318719388888853095e-01,-5.562379198680206249e-02,9.005696014646682457e-01,7.199970811514805336e-01,5.843158857562613662e-01,8.625368168721441187e-01,2.811512578070488044e-01,6.366056784775324662e-01,7.837216937458262311e-01,8.131411065889174727e-01,6.702309416089013983e-01,4.023733211708144936e-02,4.393167452721674637e-01,7.686471939259555963e-01,4.193386042251063262e-01,5.667091615574640917e-01,6.620290647919366833e-01,2.459102045418750382e-01,3.589916852618473819e-01,6.910093124146559074e-01,1.033786841365594011e-01,8.869265412203208854e-01,8.386657042152095842e-01,5.764940127761226663e-01,9.037076479229421144e-01,6.576001964466159366e-01,4.576950480858920645e-01,2.921866966863558845e-01,7.061660692193074684e-01,9.437375453404686088e-01,3.311096140912282992e-01,2.370557448733464634e-01,7.252069628705017923e-01,3.398770541627604835e-01,5.818193051855278242e-01,3.914781477433159074e-01,5.517865247360818071e-01,1.607563889125804973e-02,5.214008171486759352e-02,7.224571277270995795e-01,6.890073898582889100e-01,4.146433008723195424e-01,9.391819489862681669e-01
9.708884610273763593e-01,9.976724570238206802e-01,6.666084630972964886e-01,7.136278977040516613e-01,8.579599168656079078e-01,6.739840869929898393e-01,4.979489658408173813e-01,9.537820637208157537e-01,4.198581073957428078e-01,7.784021267443947956e-01,5.125028482492841736e-02,9.942865728971793660e-01,8.613555633228863195e-01,4.918115020799770365e-01,6.317296332974499107e-01,2.873149842251370711e-01,0.000000000000000000e+00,3.721958513896544973e-01,7.804646074766762309e-01,6.744862572821928026e-01,8.300292246608941271e-01,1.285382073304693895e-01,7.289469083643950187e-01,2.963245922751125971e-01,7.907077698471776106e-01,8.561881863032237694e-02,6.590818663799234978e-01,6.958555316014060077e-01,5.371404698523219064e-03,3.070912652812723964e-01,-5.640803622328965927e-03,5.950125986097392072e-01,6.558914981465957528e-01,9.920973289014831664e-01,7.576689184483317296e-01,6.260201550299475670e-01,1.648386613469813022e-01,3.459189779639075812e-01,6.775926184280176567e-01,9.120052943335011930e-01,5.694508542651900429e-01,5.947551548652333375e-01,6.517306037404640984e-01,7.904207685149673424e-01,7.555723067962271111e-01,8.921654937756201553e-01,6.330872251098208503e-01,3.595604036605244413e-01,5.007339868322572274e-01,8.666190644581447389e-01,8.260606419914201526e-01,6.245820776234726202e-01,5.510566660256912552e-01,6.665356952801213541e-01,5.289425943227151761e-01,9.291357738773636799e-01,4.965882640593654029e-01,6.706010310190902990e-01,9.231855038942025082e-01,2.104966527343805627e-01,2.519643105609143952e-01,9.108212210239085005e-01,9.014126489399459929e-01,9.656947726876389249e-01,8.098946211478811330e-01,6.066165965412790850e-01,-1.119280026026060471e-01,3.004690281119009598e-01,6.816825123326256675e-01,7.149669625406288587e-01,3.865494072701312067e-01,6.142182679277208290e-01,4.260825993362032937e-01,4.037486694729838788e-01,9.422871082544775900e-01,4.220338722784877095e-01,7.049470082195422593e-01,7.754251811741934564e-01,3.455238251231986801e-01,1.706063670311921132e-01,4.000393869572479999e-01,9.550642759744230048e-01,5.909253823472644385e-01,1.805702718431293485e-01,3.066251081821759206e-01
2.020159061933386180e-01,5.661496961359863134e-01,7.880320262651395735e-01,2.167690860495236904e-01,2.673726129279369035e-01,2.700736512426485381e-01,4.520059654764337076e-02,5.943656851423277931e-01,6.274120028416382278e-01,6.779357720176582003e-01,7.859399713989024816e-01,4.727926910861413590e-01,7.887364579824472921e-01,8.901761505928446061e-01,5.615537654735922590e-01,7.339771676204094597e-02,3.721958513896544973e-01,0.000000000000000000e+00,2.282896657116539330e-01,4.762571582170191942e-01,8.814863872229168340e-01,7.978644252436797313e-01,7.469905017704997485e-01,8.291011120722791006e-01,3.444772619746905296e-01,3.731402104691521338e-01,7.854368661140631591e-01,2.543655403501899892e-01,5.274595064044885762e-01,2.045909452341725943e-01,3.244793107685355893e-01,6.411088771875861347e-01,8.804229355457484640e-01,9.460222018183574999e-01,2.308395477535618023e-01,3.653937371429391012e-01,4.960594772404000041e-01,4.732842559601571075e-01,1.497291156161379422e-01,6.096634742829688536e-01,6.941735369757581209e-01,6.672913482451988676e-01,8.276704225033418849e-01,8.664166590053633543e-01,4.651265065089039696e-01,9.155655259836447124e-01,6.361796543038744645e-01,3.141967058356349707e-01,7.924317730634260482e-01,6.169821885984793086e-01,6.311588809441064374e-01,9.050419357047416735e-01,4.585896188179715005e-01,5.832040612242567201e-01,7.236982419868898120e-01,5.713689064488451930e-01,5.057747620953421119e-01,4.843876863128228627e-01,6.879212096316755787e-01,4.155097378272974984e-01,5.433117232540918273e-01,8.223311097527681302e-01,5.536520725543512267e-01,9.234884623886430166e-01,9.114262370915673372e-01,5.007212009443817724e-01,2.535507434076536559e-01,7.479245924974983195e-01,8.214905056222644442e-01,7.519592440883247075e-01,4.077932052980465238e-01,5.703207424331296904e-01,2.300281780723479330e-01,4.196445808268985389e-01,5.647718305255754467e-01,7.221213465141995691e-01,-3.501391904374306918e-02,4.417567237388814738e-01,2.985548582450166522e-01,2.663113416071435369e-01,5.489724245730184249e-01,9.833787156523212669e-01,5.301961559693737502e-01,4.873485555723849894e-01,5.901135462369242468e-01
