0.000000000000000000e+00,9.513296490524990601e-01,9.276109646336342385e-01,8.252132108734525628e-01,6.560554146075717741e-01,4.177948833123049655e-01,6.197040567148774937e-01,4.980144370577868629e-01,1.389611807176022729e-01,5.950612879310958059e-01,7.698924118176617704e-01,1.058794691895730555e-01,4.954905031850790897e-01,6.521154963778872382e-01,7.661877388266993272e-01,4.174344081209194757e-01,5.775249524644489041e-01,9.945502395021450504e-01,7.800582935140176755e-01,3.718727907027219448e-01,6.350540876676378232e-01,4.989472554545567595e-01,6.411765452481221761e-01,7.702368396585306254e-01,4.332563035813623564e-01,9.293572073849150073e-01,4.430641093386601947e-01,6.523481197697179601e-01,2.533038858729244266e-02,3.080492693200369558e-01,1.752455829409912402e-01,4.577327539332619599e-01,5.724662276244641967e-01,8.723505414011817338e-01,8.499686711461724720e-01,4.966738063174496731e-01,2.153501693865841060e-01,7.091423872802810058e-01,8.786269298942737116e-01,6.823350665183064434e-01,7.595746344817772000e-01,2.286382344623267282e-01,9.401687007915136007e-01,7.680428756665532708e-01,9.187771482009166046e-01,9.885831661056760922e-01,5.838401254647040961e-01,5.556773297882047213e-01,7.149329876065615430e-01,8.722908954286938688e-01,8.326286103379924031e-01,6.494793752731765624e-01,6.720505521923443304e-01,8.505995352703883405e-01,1.864023230278092635e-01,6.799971295594242626e-01,5.710603679971143487e-01,8.612333841871593343e-01,8.892232593151851994e-01,1.658366189410616087e-01,6.990563424860944675e-02,9.003723041404922967e-01,5.744935777787949505e-01,6.695854641921734629e-01,5.445772461518501029e-01,2.712215933589662842e-01,6.717379539469048311e-01,6.893138187717755549e-01,9.429314070351502153e-01,4.791086126127599987e-01,6.423979420694155840e-01,9.406428658463923398e-01,2.911260027188508070e-01,4.824761040092703235e-01,7.040183280397893650e-01,9.598542290624405560e-01,8.383534556446083919e-01,9.487659452366845603e-01,2.299673129765550106e-01,4.840643503095010125e-01,8.318422477521326686e-01,7.101666796739630749e-01,6.082085692326795190e-01,2.093984814984122256e-01,9.691644945082482643e-01
9.513296490524990601e-01,0.000000000000000000e+00,2.784513265873447482e-02,9.501118384779668746e-01,7.671861470272206551e-01,5.065794187072748533e-01,7.752196186348938589e-01,3.599335080928830477e-01,3.386887381570935496e-01,8.072954964891482232e-01,7.012525643058146185e-01,5.175465369202285615e-01,2.766062538673699778e-01,4.777996765202514040e-01,2.888745155798659869e-01,4.072088454558143722e-01,3.998598914273402416e-01,2.997927204404645107e-01,5.147800045307463490e-01,6.966293784937839240e-01,9.507639388682804782e-01,3.171601934623369257e-01,4.618049497184492647e-01,6.759379866591489483e-01,4.836554300819865260e-01,4.526743278959033945e-01,7.981756199379592687e-01,6.915603434927173332e-01,7.750180069661768423e-01,5.697281743963344969e-01,5.946318641689194440e-01,5.199305603961106304e-01,7.202643322842156026e-01,7.852104529168573155e-01,4.703701964113742862e-01,2.480638032950777117e-01,3.829317122691986569e-02,2.183880600537961292e-01,2.315283784049435578e-01,4.828326502324792324e-01,5.936336980081164949e-01,5.420470788603609646e-01,7.038766075632368890e-01,5.550262423686678215e-01,6.964609442789398974e-01,4.524222669389642570e-01,7.440879372723553375e-01,4.239004855387125681e-01,1.755007659229592121e-01,7.268155429390562583e-01,5.977953374571013390e-01,7.670066337257540612e-01,4.810734606664398005e-01,7.025703389984148950e-02,8.950360333164111837e-02,6.566441970470382472e-01,6.969852571447346934e-01,1.229832420477086075e-01,7.686164488593693056e-01,3.702129635111715000e-01,3.810691382574186159e-01,8.163872603129334049e-01,6.436687939771823519e-01,8.958385222348527188e-01,6.269570219576403591e-01,7.971358430825354890e-01,6.658258667077510129e-01,4.964381830715665633e-01,4.675620089924856781e-01,9.867329422039001763e-01,4.821952617089129700e-01,9.647358455356078721e-01,4.419362910317357618e-01,3.693850674817956148e-01,8.375532849761456455e-02,1.993781389973184326e-01,5.330000160452490476e-01,3.146279612669052872e-01,2.511747603743251234e-01,3.545141227531075079e-01,4.776136409523650261e-01,4.410094441813885435e-01,8.278778451401970218e-01,2.917548708510996347e-01,3.703857469253430401e-01
9.276109646336342385e-01,2.784513265873447482e-02,0.000000000000000000e+00,6.863528269174673513e-01,5.112026066724191242e-01,8.743684492433815292e-01,2.567221582504304322e-01,8.802408549348751388e-01,6.746032181168338804e-01,1.575712377054536845e-02,8.809525700308744600e-01,9.614125374247513012e-01,5.733905780843934208e-01,2.214836527091011004e-02,6.875328878616088213e-01,5.088425650227158537e-01,6.325801306709926131e-01,5.960284232490478118e-01,5.293054503980324510e-01,8.280348571841823491e-01,6.790005834109947846e-01,8.974328543699361393e-01,4.514072274909645688e-01,5.883175280143613239e-01,6.620365814058968290e-01,8.510390779018617291e-01,9.995305898991169169e-01,6.093541114431877403e-01,7.631452279566467434e-01,4.891967229895697877e-01,1.142708034080856666e-01,4.366254204668759131e-01,7.873172898198346203e-01,6.016618593996690967e-01,7.144941740650613271e-01,5.672397529260004845e-01,1.369645452330935931e-01,4.251663705165292240e-01,7.821437983513914727e-01,9.868310777242230714e-01,7.558983093247699792e-01,4.895432682166824812e-01,3.544030275742590663e-01,2.387319957659500003e-01,2.510721273300881018e-01,2.249790168130387236e-01,9.029871409896085277e-01,7.128774640107354843e-01,6.416852530823962120e-01,6.135168146969562919e-01,6.961723533615609139e-01,8.916827140562101350e-01,9.063630878312320949e-01,2.957029673461635255e-01,6.014105886301995829e-01,9.490506690272226820e-01,6.670779891059857025e-01,8.462316709407322612e-01,4.140752210962909130e-01,1.022911242668258780e-01,1.476725984866704700e-01,6.331657402598958040e-01,1.988508743718558902e-01,5.415712673880094252e-01,6.240485418448078470e-01,8.750372619519097839e-01,5.694913080062262711e-01,5.775033906476270129e-01,4.522128077027042781e-01,9.765606647725151301e-01,8.774482215100827265e-01,8.565734277704414312e-01,6.372762247877962194e-01,7.123092873790481949e-01,6.318819034937218637e-01,9.854231313097336908e-01,1.950572274695063224e-01,8.126133669253710057e-02,5.487586856598882790e-01,2.098700835397739883e-01,5.046504853126329015e-01,4.114075843045393310e-01,5.513797040840429098e-01,6.554569864040161731e-01,5.361462787299566823e-01
8.252132108734525628e-01,9.501118384779668746e-01,6.863528269174673513e-01,0.000000000000000000e+00,4.121979146459861520e-01,5.638032850404117724e-01,5.116683588142310057e-01,4.402005489526978343e-01,6.460759382840381981e-01,6.944173961290319719e-01,7.737637789463334137e-01,6.690626428923746039e-01,7.707098167615290540e-01,5.310301228347149571e-01,4.226583362616744277e-01,6.491315459521657116e-01,5.266886819486873428e-01,8.809463237421447657e-01,8.054122605773095245e-01,7.405531364969579755e-01,4.272131296806761513e-01,2.623219287038128789e-01,6.531119644891272280e-01,4.161245810825543456e-01,2.331970075491353600e-01,9.600952724535913863e-01,5.341664531917101888e-01,6.255630947753296756e-01,6.367317742611501297e-01,7.209102560389335501e-01,3.107607882244077802e-01,3.891018972279659538e-01,4.905872165302907484e-01,3.577123403438953186e-01,2.952771056509284064e-01,4.976609138281009592e-01,4.214019403389268614e-01,6.945238352970891649e-01,6.764160212520418103e-01,3.363303890634666837e-01,5.636011235725444379e-01,9.060635139639338087e-01,6.591601601137925259e-01,6.654698170308921412e-01,8.990987157678520525e-01,8.091234639557589592e-01,6.789839765111087555e-01,6.885459500552040257e-01,4.945973940474993058e-01,8.987769296013798925e-01,5.745454696950967888e-01,7.592047334002950398e-01,6.550033805523436392e-01,4.251115820650320232e-01,6.701041892083763329e-01,7.099748840679986905e-01,7.905075898938709322e-01,1.296709305480425456e-01,7.779726977171412816e-01,2.915952383842967399e-01,2.673458973212205492e-01,6.258153297109948499e-01,7.739179362809424090e-01,7.427980664900781793e-01,7.605227438407065055e-01,6.035347144677153386e-01,2.930632221986601005e-01,3.923814238202447818e-02,4.401849823695465069e-01,4.413695257134624961e-01,6.877949780262592183e-01,9.562325707858554402e-01,2.011182132877828987e-01,4.566321639820827838e-01,2.976615110168676082e-01,8.811796205759712119e-01,7.969450512478202242e-01,4.442576681564573970e-01,6.278182545906358936e-01,3.071899763499120750e-01,5.814107957785326075e-01,3.668229910368298041e-01,6.044061735176428085e-01,2.669795290842800761e-01,4.799586402953911479e-01
6.560554146075717741e-01,7.671861470272206551e-01,5.112026066724191242e-01,4.121979146459861520e-01,0.000000000000000000e+00,6.858504009960569858e-01,3.582097877119680973e-01,4.566900554637177145e-01,4.827923489093880471e-01,5.529275086525723415e-01,7.860113291089574350e-01,6.307297762562296128e-01,5.659988084340511483e-01,4.588523770020935810e-01,4.324297034590380839e-01,7.475077390015930634e-01,6.317996648587336228e-01,7.654471572485201936e-01,4.358330549012612853e-01,9.614971441162339927e-01,6.408765875460087358e-01,2.524624020196737928e-01,7.814025545724180288e-01,6.663023537739641844e-01,3.287622928606423467e-01,7.940291123576636023e-01,2.181188239725730948e-01,4.410326763373424441e-01,6.729787627084229396e-01,4.496476615309365488e-01,2.795343880521035107e-01,6.674620363950459767e-01,4.747863511743227183e-01,8.103764305935393653e-01,5.292392741544453827e-01,5.563535624489506226e-01,5.351861237763527734e-01,7.262984340063336486e-01,6.774981549391566604e-01,9.980027396578370347e-01,1.981600667678602989e-01,6.588159301720339922e-01,3.629863750641935255e-02,5.629307379539524314e-01,7.701203501391650219e-01,5.357282375301659627e-01,6.637935332561888391e-01,9.834488114156783034e-01,6.219138468360022598e-01,3.967314289135200345e-01,7.240660761197131867e-01,4.550976128977338719e-01,9.702615152972573487e-01,4.736538799339676808e-01,5.833606795213489571e-01,9.517629383093832995e-01,4.103510934207609817e-01,7.124908955093608443e-01,6.243477139376687468e-01,4.784707753019085685e-01,2.980793852530966292e-01,5.989478817720146342e-01,9.598001607146773306e-01,7.068966862365403392e-01,9.760652262740968643e-01,8.778828334656039178e-01,4.734202915600775885e-01,9.584521387582958241e-01,6.310862596730592022e-01,6.384808367813497032e-01,8.092566710220847614e-01,5.032708524328615152e-01,4.146854636938842043e-01,4.428101924839700776e-01,5.903249628972823126e-01,5.448228567597434013e-01,5.964407898295720489e-01,4.402873559935658876e-01,5.669457554083061623e-01,3.798900381901524348e-01,7.582481622752341721e-01,9.352241093585174081e-01,7.818349538045736846e-01,-3.783916407120513359e-02,1.371838848279517409e-01
4.177948833123049655e-01,5.065794187072748533e-01,8.743684492433815292e-01,5.638032850404117724e-01,6.858504009960569858e-01,0.000000000000000000e+00,5.532338636277424060e-01,5.322951941737589232e-01,5.648751724032852195e-01,6.139457424610144098e-01,9.801034370651464656e-01,7.776341263607466914e-01,7.185166030352508892e-01,9.017003006720860636e-01,5.746742480577274326e-02,3.201720665191390980e-01,4.649959412010593596e-01,6.742966060654993488e-01,2.603567039136372996e-01,4.197838264192680358e-01,7.069406312851104213e-01,5.031347189026924571e-01,5.253516716065012027e-01,6.818547419444569435e-01,4.873929193055555609e-01,6.310395362316439938e-01,5.439824318579862261e-01,7.593322335084968788e-01,5.972814527866583401e-01,6.862143283952095718e-01,5.809854212020275632e-01,2.148785346049165990e-01,5.879424647454305486e-01,4.986204261753374167e-01,5.247296361862023861e-01,-3.036542011584816847e-02,1.207832404261532100e-01,7.484395988077924278e-01,8.948061928808208609e-01,7.230364945020409939e-01,4.806813143266522870e-01,6.977501085660499092e-01,5.654545350232400569e-01,6.932590780233014449e-01,8.792952076688489438e-01,6.569331313043523801e-01,8.380343433961232602e-01,4.170398374696973054e-01,6.274723746871467833e-01,6.156207544825115230e-01,7.822779181115238067e-01,5.788840542426624269e-01,7.035351498703310558e-01,5.124191559699849963e-01,4.193156160762760432e-01,9.046900874613356125e-01,6.322318421306624137e-01,8.169623720321627092e-01,6.201981089533458169e-01,3.368289571017278328e-01,6.030204530072925673e-01,5.685817538818445094e-01,1.958270749497353080e-01,6.564589684513435497e-01,6.019721172829818334e-01,2.504887549097753463e-01,4.335864046154155882e-01,7.994052249078704708e-01,4.830361499654471924e-01,8.712051766443680290e-01,8.336455991037069468e-01,7.500483498237568991e-01,6.429508351070032379e-01,4.233880822574880853e-01,5.347034352165750404e-01,6.249241322163459067e-01,7.814371902522874169e-01,6.891357087405109993e-01,6.941509424060590128e-01,2.500743088440758877e-01,6.831887948719436165e-01,6.386728432948831635e-01,9.543597259389891008e-01,7.154532524284945572e-01,5.092252312687697291e-01
6.197040567148774937e-01,7.752196186348938589e-01,2.567221582504304322e-01,5.116683588142310057e-01,3.582097877119680973e-01,5.532338636277424060e-01,0.000000000000000000e+00,3.973604278751785568e-01,3.162284313227188837e-01,1.886992905576488633e-01,2.865358623193506871e-01,4.231363218703962370e-01,4.180298060675814442e-01,4.046140155069252176e-01,4.491552624093862467e-01,8.617891195026432527e-01,6.322467502591566646e-01,3.120614509897572386e-01,7.451920799876260437e-01,5.656043209022370011e-01,8.040623684918185576e-01,3.211900285784904385e-01,2.495954907469288553e-01,8.393338295607052357e-01,5.386833426362162003e-01,7.117053370762886910e-01,5.725590219464289365e-01,4.730071802094266697e-01,4.859725696849462873e-01,4.466217226381544170e-01,2.117492461772985946e-01,2.960431868370361208e-01,5.277728180081959763e-01,2.539965190612634149e-01,1.316690587996483253e-01,1.674507799638774719e-01,3.402772961333259127e-01,5.939236205798478219e-01,7.545066064800234340e-01,5.990094815638310477e-01,5.594522147821454627e-01,3.283762747620256883e-01,3.084590517062996695e-01,6.402090818357766278e-01,7.563107075598061169e-01,7.517208195537993243e-01,3.981185478859142757e-01,5.351655705247220229e-01,4.764611791564238863e-01,8.940652935803529155e-01,5.857910372284489409e-01,7.720790250362560281e-01,6.509185129490878685e-01,4.340217099225517350e-01,8.245371158300404124e-01,5.475121414073298443e-01,5.366376479970030866e-01,6.771341519004932252e-02,7.736924283256511048e-01,1.290844698197032014e-01,2.836151999848119387e-01,7.398093762946384988e-01,7.638440209602649356e-01,9.878130978075128077e-01,6.785182129354297986e-01,7.636008149756108310e-01,6.333418431599215914e-01,9.990789530469577073e-01,5.503456748757327155e-01,7.956141182929017397e-01,7.132178474633746879e-01,2.354290772354262207e-01,4.693545063894403180e-01,4.033705292202734438e-01,7.811417694759985597e-01,7.898156001989018460e-01,-1.999818381864029160e-01,7.069645332626922629e-01,5.357178545512809587e-01,1.672974249724584472e-01,5.289109875801788485e-01,9.814601450359683454e-01,4.749634824076115480e-01,6.874828668157058065e-01,3.778143179754914760e-01
4.980144370577868629e-01,3.599335080928830477e-01,8.802408549348751388e-01,4.402005489526978343e-01,4.566900554637177145e-01,5.322951941737589232e-01,3.973604278751785568e-01,0.000000000000000000e+00,4.081687172190524571e-01,7.443973613845615844e-01,7.029793864946645154e-01,4.811977958950067191e-01,4.781559280916782839e-01,9.098061403294508409e-01,5.930933720320110680e-01,4.786154365907028252e-01,3.675479077140558770e-01,6.467488796252660599e-01,5.472358064942403066e-01,5.321873921278630348e-01,9.657216602350865431e-01,7.741374662902165138e-01,6.774614632034685613e-01,8.737462734268253151e-01,3.493487506916258534e-01,4.196477398019000105e-01,9.481479338843235016e-01,4.440560226828580981e-01,4.221880090194605195e-01,-1.178984594899431249e-01,-2.803343846692843422e-02,2.275274464538321051e-01,6.318131652628393713e-01,3.204193456980021226e-01,7.268645024330342430e-01,1.781347892308026148e-01,4.584905413384088857e-01,3.150139458555686334e-01,4.281342248897044844e-01,1.380696908087520047e-01,5.775261812456093935e-01,5.041738727234742479e-01,9.335415900978091264e-01,6.369713704904665930e-01,8.154353521209979361e-01,7.560064123055008078e-01,2.233267193610514734e-01,4.721931964110438473e-01,3.770417349557219078e-01,6.050438759871060168e-02,7.000158949104358097e-01,6.897207310269670710e-01,3.075773676045265859e-01,6.169630634622055299e-01,5.034039645753083381e-01,7.885508849081832583e-01,9.868263302012683091e-01,5.486924001608057821e-01,7.167007059474028718e-01,-4.856536090181559628e-02,4.196656067645644916e-01,4.426805103032875333e-01,4.185127800785797270e-01,7.937151834322963007e-01,3.417932196434989578e-01,6.247934380071895610e-01,4.292285649525959257e-01,6.661097961289291769e-01,4.941406376394557598e-01,3.982421468081794313e-01,6.706368538704059468e-01,8.021414543199838487e-01,2.586471101431045069e-02,2.882434610589600377e-01,4.722064795982640062e-01,6.163327203564595846e-01,2.740359724281145604e-01,5.017583094181989889e-01,2.353834848292438997e-01,5.331226803833399863e-01,7.383807376562852021e-01,6.951979456589281181e-01,7.409256829360236773e-01,4.245218407244525927e-01,3.700750494955511449e-01
1.389611807176022729e-01,3.386887381570935496e-01,6.746032181168338804e-01,6.460759382840381981e-01,4.827923489093880471e-01,5.648751724032852195e-01,3.162284313227188837e-01,4.081687172190524571e-01,0.000000000000000000e+00,3.842794752768828870e-01,5.769654017258344370e-01,5.974200174728252488e-01,2.969284963913131903e-01,4.289674934042183585e-01,4.140766515119722602e-01,4.761407469034062978e-01,2.241257243910950436e-01,6.922931744234848139e-01,2.990417687483550857e-01,1.132609367484736507e-01,9.079008568658469835e-01,5.629238706240441426e-01,6.291973908496353296e-01,6.309539325452649949e-01,6.387237391033612210e-01,7.574755296250212933e-01,5.043582069002512380e-01,3.656903709457037244e-01,5.160647413978545206e-01,2.705180465079283225e-01,4.875182233848021629e-01,4.512645739491062957e-01,2.326116529641058528e-01,3.713080955467384925e-01,4.169773290596315851e-01,2.900718647985195409e-01,5.625989036494118967e-01,4.408361724532408044e-01,9.895750453058562712e-01,4.602708453225797247e-01,6.808968456496782284e-01,2.931962369276797098e-01,5.817013620744077018e-01,8.698960038509730985e-01,9.354853376415368515e-01,6.438472911713106761e-01,6.715346138837158252e-01,4.272508995467314691e-02,4.161067420910589121e-01,5.120694541733966654e-01,2.794490303179348878e-01,3.889002590393347142e-02,7.718422213680510291e-01,2.735291938833288652e-02,9.212376133218563856e-01,8.746503678222949940e-01,7.510792530124320576e-01,7.383531431942768064e-01,4.847683758188873759e-01,2.962189470213666409e-01,9.112999931344771820e-01,8.650150617581201518e-01,5.626205579441106996e-01,4.946469085234987406e-01,8.816191333907702488e-01,6.482763586661189903e-01,5.390411286662710744e-01,8.976175744082460772e-01,7.028887632590328227e-01,6.181391552413659785e-01,9.359940706372961161e-01,3.669169992591773122e-01,5.330300361663546926e-01,2.208530780523056125e-01,6.790687918572124726e-01,6.858068204712222116e-01,7.309414843343782220e-01,8.634483517196512858e-01,6.337686014275594193e-01,5.143690134295390015e-01,3.468543790791703829e-01,7.177694879596869804e-01,9.285482298931000411e-01,4.850936587631198837e-01,7.251153963614396236e-01
5.950612879310958059e-01,8.072954964891482232e-01,1.575712377054536845e-02,6.944173961290319719e-01,5.529275086525723415e-01,6.139457424610144098e-01,1.886992905576488633e-01,7.443973613845615844e-01,3.842794752768828870e-01,0.000000000000000000e+00,2.910717490553782483e-01,3.055219306313173844e-01,9.080776655685799392e-01,7.299918509517602239e-01,7.134305932897081481e-01,7.724626749001328729e-01,7.920819821355686852e-01,7.361150486035743512e-01,4.930223320173273693e-01,6.422188879729711086e-01,9.361198246918077670e-01,6.265007089747096636e-01,8.137432205047042677e-01,6.554188230895482414e-01,4.626671750985312248e-01,8.479824196343732634e-01,4.702901635134430491e-01,4.811585685192096284e-01,1.163416506431185077e-01,3.347833798878250833e-01,2.340240795232949589e-01,4.612376185202347600e-01,9.070405020460173828e-01,6.304003644165284692e-01,3.943680212209336178e-01,4.658436075065893744e-01,1.312594247851323614e-01,7.764908977479838548e-01,6.772081080050589286e-01,5.533690242225471900e-01,5.720659981346395417e-01,5.597948306096003357e-01,4.258633351439157222e-01,9.409660047379387882e-01,2.516810687084973797e-01,7.302893125888576531e-01,9.359655649609688322e-02,8.790358642910836018e-01,4.395623673802362408e-01,4.465859382898598184e-01,9.639763066696895866e-01,3.883785318314144086e-01,6.694248894735421729e-01,6.784362288079626158e-02,7.510666631659411729e-01,3.449918552501081703e-01,5.961097243569875026e-01,3.854423407195851636e-01,5.025613691096086910e-01,5.727025235703699924e-01,4.397354075358547720e-01,3.354302113911017402e-01,9.844021892718275435e-01,5.338665282969370374e-01,6.785352982378485276e-01,7.428184841311754605e-01,7.797387647645270814e-01,6.052404224629396312e-01,3.796811657312124111e-01,7.934727138110848621e-01,9.368762951288411855e-01,6.916035314364381570e-01,6.785535069254460261e-01,5.955684448957692112e-01,2.622948530930667155e-01,2.146803049605754479e-02,7.802508347046350767e-01,3.236236135021771654e-01,4.922267751742864239e-01,3.771854000342877433e-01,-1.703290071038149334e-01,6.014513198898328028e-01,6.504804276475972813e-01,3.877466210670177469e-03,6.735461602559483785e-01
7.698924118176617704e-01,7.012525643058146185e-01,8.809525700308744600e-01,7.737637789463334137e-01,7.860113291089574350e-01,9.801034370651464656e-01,2.865358623193506871e-01,7.029793864946645154e-01,5.769654017258344370e-01,2.910717490553782483e-01,0.000000000000000000e+00,7.069291914730001514e-01,2.313496922954726975e-01,4.368033477213485449e-01,3.424652609809305526e-01,1.509414769276286872e-01,8.847215966487759209e-01,7.828505874171388657e-01,4.355680293938470893e-01,6.214933145271874793e-01,8.781187025353009989e-01,6.754024271512114597e-01,4.972751326789947024e-01,7.716746736101540716e-01,6.918747430680532995e-01,7.424260487366465822e-02,9.612316874899747843e-01,6.842910705755770318e-01,6.272593822550269760e-01,3.273800826688302301e-01,4.569145570158049119e-01,3.125141723015995576e-01,9.420539172300379516e-01,9.137164462789342245e-01,2.441286426707791335e-01,2.530466177211295742e-01,3.445304326067015199e-01,5.155958722139701855e-01,7.994495367405319852e-01,6.115310350920502014e-01,6.176092492758731289e-01,7.117462898970076113e-01,9.611741322713243108e-01,5.859957747936567207e-01,7.552401295859562103e-01,5.773077211107402462e-01,7.602539602052202916e-01,6.556869206165021335e-01,2.344454180206836380e-01,7.227246893017662543e-01,3.751756599548730087e-01,5.016398824514219923e-01,6.632450492090889993e-01,2.443541044997117606e-02,6.529544044014446991e-01,8.973229658621864058e-01,7.740268928031686091e-01,9.886631213376897431e-01,3.023835714458558144e-01,6.026704158964444336e-01,4.664277488062111843e-01,6.896539033415531872e-01,2.850009948278816596e-01,7.496764636971899876e-01,6.268984468151637124e-01,2.117704934337643133e-02,2.671107875927726250e-01,9.568424922632186025e-01,5.232905997663188646e-01,7.304989653146365391e-01,5.533978040800136000e-01,2.627969576985206834e-01,2.362144142220722054e-01,3.315207247951121872e-01,8.919172508768271612e-01,7.483817055499828452e-01,4.554317011506037738e-01,7.344114504004023436e-01,6.013759905506713133e-02,9.611401815341108490e-02,6.669235902479128120e-01,9.248087961800254275e-01,9.891640441279416773e-01,3.374812514406146935e-01,6.442381224618310975e-01
1.058794691895730555e-01,5.175465369202285615e-01,9.614125374247513012e-01,6.690626428923746039e-01,6.307297762562296128e-01,7.776341263607466914e-01,4.231363218703962370e-01,4.811977958950067191e-01,5.974200174728252488e-01,3.055219306313173844e-01,7.069291914730001514e-01,0.000000000000000000e+00,4.014150712175091895e-01,8.724994815700367612e-01,4.442920559907602152e-01,5.139129681017746976e-02,5.487547419989906583e-01,4.103580831820560215e-01,5.113475190060809972e-01,7.394227597341190839e-01,9.055962648897807332e-01,8.095760590514636812e-01,7.758900320578346888e-01,9.886865719175540468e-01,3.440613101076376301e-01,8.627678575656307913e-01,6.414280491146403529e-01,8.027943990124758455e-01,6.026969250759169894e-01,6.284031289274959464e-01,-1.891014081519815093e-02,1.076274549124029423e-01,8.688940925292854001e-02,9.994879013450740368e-01,4.871501062988418118e-01,3.329555538499716638e-01,2.141145402487969474e-01,6.449804418433627839e-01,6.411103556868662512e-01,6.922094075602438501e-01,4.837317865541146400e-01,5.589384704990341124e-01,9.009772574659341560e-01,7.861190931371981883e-01,6.257579842493470323e-01,7.286486390165687332e-01,7.638483962088986612e-01,8.133005407657171171e-01,4.958013052367630791e-01,8.921057420102406210e-01,3.249376418191327609e-01,3.211788427869229079e-02,7.305267561649113617e-01,6.686466179001453458e-01,-1.509960418010831140e-01,9.650838003493542594e-01,5.551546588831826057e-01,7.411888681795169020e-01,4.883205765952158828e-01,1.167853166315116487e-01,5.077769808379126726e-01,4.034925581073098289e-01,7.642424500360004425e-01,7.679491391231099140e-01,7.908670254769045727e-01,4.525296274075473191e-01,7.249684153096228600e-01,9.054329250253351224e-01,3.652324440681725126e-01,7.141271394494199676e-01,7.653560865674797764e-01,7.598197596792012343e-01,4.285130591563455771e-01,3.834075687038466240e-01,7.865262786972493370e-01,5.914673524780171832e-01,1.953398782504867093e-02,6.704560545451925258e-01,2.118235246718397080e-01,3.055413673645669959e-01,8.274255046072185316e-01,5.461597553501369440e-01,6.435362028730094996e-01,8.743532353372891752e-02,4.713997482611423373e-01
4.954905031850790897e-01,2.766062538673699778e-01,5.733905780843934208e-01,7.707098167615290540e-01,5.659988084340511483e-01,7.185166030352508892e-01,4.180298060675814442e-01,4.781559280916782839e-01,2.969284963913131903e-01,9.080776655685799392e-01,2.313496922954726975e-01,4.014150712175091895e-01,0.000000000000000000e+00,2.118102102120226482e-01,6.260607593545217675e-01,2.045768276145040754e-01,5.790474007976346149e-01,8.324742995326745998e-01,7.769213816081839141e-01,8.659676080784012298e-01,8.273865074240759343e-01,8.738094469001927989e-01,7.876883781910952731e-01,7.303338804938607209e-01,4.836889898500509877e-01,6.868470607230323655e-01,7.126935554561256714e-01,6.362385683288611649e-01,-1.278187900419307244e-01,-3.738463091214877521e-02,4.661298022071967417e-01,9.446984551648580641e-01,5.143097100820176459e-01,6.538935678446129440e-01,6.343906794638235480e-01,7.285336777973157041e-01,2.979271709545342484e-01,5.366856612517929559e-01,7.017305811520432313e-01,7.087457066632275593e-01,6.338734194010713363e-01,4.101341816808283802e-01,7.368052517568899340e-01,7.396377779620660897e-01,4.102815261454650364e-01,5.735989565485466457e-01,3.928776163113021913e-01,7.369074920296084796e-01,7.446373633170602080e-01,8.790531789890762004e-01,5.330646990241735272e-01,5.015855508773121585e-01,2.428635883600939738e-01,7.039282046757463496e-01,9.537393738688576539e-01,6.997867294246161718e-01,6.664862876442539941e-01,9.449915281111807008e-01,9.666872307624561067e-01,3.232774818870775557e-01,4.710925266501569397e-01,7.293029627971006068e-01,5.613706869033168179e-01,7.973634931956925520e-01,7.166613773939383147e-01,6.793017433591150844e-01,7.055387584908627829e-01,9.768505377197882478e-01,6.316976308510002802e-01,7.940617369045029905e-01,7.505643919871114456e-01,9.244049138084338146e-01,3.942560416622435948e-01,2.044094655240313307e-01,2.598122918154027738e-01,8.171271066389876880e-01,2.367028062001467759e-01,7.378040874939311156e-01,1.846724282538756146e-01,4.983430416122224260e-01,8.461549882128140965e-01,4.634698216443979835e-01,5.525064800841910095e-01,2.039591630635237407e-01,6.163306488008993833e-01
6.521154963778872382e-01,4.777996765202514040e-01,2.214836527091011004e-02,5.310301228347149571e-01,4.588523770020935810e-01,9.017003006720860636e-01,4.046140155069252176e-01,9.098061403294508409e-01,4.289674934042183585e-01,7.299918509517602239e-01,4.368033477213485449e-01,8.724994815700367612e-01,2.118102102120226482e-01,0.000000000000000000e+00,8.473718730726518267e-01,7.752624421641772512e-02,7.609851253256273429e-01,2.991576862078129673e-01,9.240441049382668304e-01,4.837403752523038447e-01,8.798046909007392058e-01,6.827521800470393032e-01,4.159517456553444847e-01,8.057649534822749482e-01,2.034503433618096990e-01,1.735606128324653774e-01,7.781530393499742626e-01,7.512879100537361854e-01,1.049922766964202503e-01,1.178261481007263634e-01,-5.397235323507665328e-03,2.714779386041071829e-01,2.792613941033028069e-01,5.758208097089473343e-01,5.609739743105959242e-01,5.175598698340885262e-01,2.224607541042947778e-01,9.873244978974348163e-01,7.472800412077515997e-01,9.930601971512700299e-01,4.662791788926028413e-01,8.996457736175621500e-01,6.938495577052880003e-01,3.513603933880926622e-01,7.814876340184280235e-01,6.679993750784738449e-01,7.328670841296229810e-01,9.199858046767470654e-01,5.802324581336797404e-01,8.741515876864844881e-01,4.848584317645383557e-01,6.585990957336317342e-01,7.180409664535709613e-01,9.056638164937294011e-01,7.009495847294494597e-01,7.370521970090204711e-01,4.003343475536441098e-01,6.618104739655216173e-01,8.207732958633410236e-01,7.101137093641847198e-01,6.283565371022249435e-01,9.936224620719573686e-01,9.885856226327635055e-01,2.869574311567410496e-01,7.369743631772348591e-01,8.535604028740589877e-01,5.677591624043505369e-01,8.962661581586554016e-01,1.063047970614395682e-01,9.989804783596063498e-01,4.234436460019623261e-01,7.564781333632153437e-01,5.016723193219350119e-01,5.614644746283813381e-01,5.052603299546523097e-01,8.248377486867102260e-01,6.308290173061786854e-01,5.224999668339040948e-01,3.854013618608355118e-01,4.139823097520081707e-01,8.176422657309900810e-01,6.170511650339790544e-01,9.658701048097511066e-01,5.604609748665810853e-01,6.353489945969187369e-01
7.661877388266993272e-01,2.888745155798659869e-01,6.875328878616088213e-01,4.226583362616744277e-01,4.324297034590380839e-01,5.746742480577274326e-02,4.491552624093862467e-01,5.930933720320110680e-01,4.140766515119722602e-01,7.134305932897081481e-01,3.424652609809305526e-01,4.442920559907602152e-01,6.260607593545217675e-01,8.473718730726518267e-01,0.000000000000000000e+00,3.642449813049420948e-01,9.708867872068044358e-01,7.727116688945503409e-01,5.913712355091516049e-01,6.182320822247582282e-01,9.637942786131896700e-01,5.922272634880704212e-01,3.523134834678607885e-01,9.104531803026697512e-01,4.148353415552760715e-01,6.578299983375388571e-01,5.774301192270132610e-01,6.858178560407123259e-01,2.749631394054433131e-01,4.243940346568020328e-01,4.389421628666002606e-01,6.844932258846150308e-01,5.291548599777375905e-01,2.289151611846173551e-01,7.824486284295292249e-01,6.742481119496647191e-01,5.433623214126754863e-01,7.897164551338912153e-01,9.258882498887461843e-01,8.716915320066537243e-01,-6.723955559035268981e-02,7.810331847907338032e-01,9.034034160001139790e-01,4.431762757367644912e-01,7.982962541057840866e-01,7.744562028755296312e-01,9.521781403280297207e-01,4.758343972316231296e-01,5.963556211689562403e-01,4.892619447479477635e-01,3.253689652557168466e-01,5.486490134548592801e-01,6.384468041875426270e-01,4.942940576906581507e-01,4.380690400297060916e-01,9.545912848564732656e-01,9.604397011025695985e-01,2.428810994749677488e-01,3.284417590148041577e-01,3.096028402821306980e-01,6.973730706315011130e-01,4.463378394130496085e-01,7.475554046007055753e-01,8.301879574233640424e-01,8.178892684543673797e-01,4.313574269763660318e-01,5.580664749577674000e-01,6.590294287331126544e-01,4.328111562381943278e-01,7.863836089593848611e-01,5.565269135530785949e-01,7.361917762723741987e-01,2.207348570401412302e-01,3.618425888149768843e-01,7.009019311707873623e-01,7.554819057717286901e-01,8.707933546641594136e-01,3.972422761879841335e-01,3.846624066894777094e-01,3.201122240882544046e-01,6.837823014830124446e-01,8.747937807560327572e-01,9.969266112327770379e-01,5.488426700956278159e-01,6.527995580933496633e-01
4.174344081209194757e-01,4.072088454558143722e-01,5.088425650227158537e-01,6.491315459521657116e-01,7.475077390015930634e-01,3.201720665191390980e-01,8.617891195026432527e-01,4.786154365907028252e-01,4.761407469034062978e-01,7.724626749001328729e-01,1.509414769276286872e-01,5.139129681017746976e-02,2.045768276145040754e-01,7.752624421641772512e-02,3.642449813049420948e-01,0.000000000000000000e+00,7.797304541069800532e-01,1.204485832082859142e-01,2.429774346850495648e-01,9.204337364966080903e-01,7.215757331067900182e-01,6.823819191115948479e-01,6.093834910939770477e-01,6.008780970281556444e-01,4.966617569971338852e-01,9.524674182497269159e-01,7.200512276320739646e-01,4.257017742251145709e-01,3.134802923604305264e-02,3.701152690863704353e-01,4.426406214504761266e-02,7.348370373517407739e-01,4.018518629757091287e-01,2.034437588104474059e-01,3.650339409745705921e-01,7.798137494024873773e-01,-2.988407586541850236e-01,7.973473612374567532e-01,9.446430435638604184e-01,7.073550729198383458e-01,6.864110839202841596e-01,9.484533398087984235e-01,7.569067526845387750e-01,4.263679299491555663e-01,8.136113346384620248e-01,5.416505886326777874e-01,6.185890587402209650e-01,5.459528953284478736e-02,7.345215881125322088e-01,5.246271097113301973e-01,4.077770678048829867e-01,5.023222392578549078e-01,8.167954429144306250e-01,7.473909425739666545e-01,6.245798330159986200e-01,7.908496227594019601e-01,2.115357212937931386e-01,6.667639505641778097e-01,7.192235896022676211e-01,7.475093532277339303e-01,4.912917337728334721e-01,5.482931527502001856e-01,8.275211864016990271e-01,9.396248406193614677e-01,4.121175679646618684e-01,7.087978813743088802e-01,3.973701802269012928e-01,6.009299987863365722e-01,6.978408484426503744e-01,5.925122127373322334e-01,9.743956246727196735e-01,8.552166203792744836e-01,7.983125481985023919e-01,4.950170826187712536e-01,3.553254106304434279e-01,3.420339412187146655e-01,5.638099849054607482e-01,6.026829530534489887e-01,5.452060192284775564e-01,2.480870401820425009e-01,3.508073916379969570e-01,5.548232246818645130e-01,3.876055099946019156e-01,5.697312047985697570e-01,4.144556414399377942e-01
5.775249524644489041e-01,3.998598914273402416e-01,6.325801306709926131e-01,5.266886819486873428e-01,6.317996648587336228e-01,4.649959412010593596e-01,6.322467502591566646e-01,3.675479077140558770e-01,2.241257243910950436e-01,7.920819821355686852e-01,8.847215966487759209e-01,5.487547419989906583e-01,5.790474007976346149e-01,7.609851253256273429e-01,9.708867872068044358e-01,7.797304541069800532e-01,0.000000000000000000e+00,6.848936280828066270e-01,9.260149224388245504e-01,7.395309334466596551e-01,7.784375431064196604e-01,8.716314884918939798e-01,6.349598201514528029e-01,7.948785745044002482e-01,3.658314468931493924e-01,9.051303417933784790e-01,8.953948090116001790e-01,7.441430622871937350e-01,6.501559773119751640e-01,3.661754255368986910e-01,1.422484997411642416e-01,5.940612048540991896e-01,5.041728534430039987e-01,6.143457547492385817e-01,6.232828252491453558e-01,4.021358003028462358e-01,5.546219062518046305e-01,8.445008017936777023e-01,8.874058480179847219e-01,4.954479818186132145e-01,3.043447604387212180e-01,6.742994683125512756e-01,5.956543443041059094e-01,7.940568721023678611e-01,8.604143784710988063e-01,4.494848365885181773e-01,7.962988827112911228e-01,7.188335443675931691e-01,7.359994378202452392e-01,5.421058685719696291e-01,9.366941150373517821e-01,5.976070035966655203e-01,9.142345041607213840e-01,7.384518422706186636e-01,7.563186027125892164e-01,2.955810172709250616e-01,7.365135641504769737e-01,6.602454795630149365e-01,6.243925258592674110e-01,2.078113378336780559e-01,5.967488114991209569e-01,3.369219965789579385e-01,6.644830232186939023e-01,9.576533002225504632e-01,8.707231482787520793e-01,7.648235936889626885e-01,6.389530602361024325e-01,6.760987132574025615e-01,3.818034207547349457e-01,7.767811222997378362e-01,9.440363638892447229e-01,1.103973286337028847e-01,1.294012422770157433e-01,1.120837731509012891e-01,7.499330602263638568e-01,1.493824400886195336e-01,7.448114275716499755e-01,6.849642867806846613e-01,-1.060987520196406686e-01,5.937892753822935354e-01,6.783790609948859851e-01,7.016013758327360739e-01,4.404538793439762845e-01,4.035069008802015800e-01,5.052998801117430938e-01
9.945502395021450504e-01,2.997927204404645107e-01,5.960284232490478118e-01,8.809463237421447657e-01,7.654471572485201936e-01,6.742966060654993488e-01,3.120614509897572386e-01,6.467488796252660599e-01,6.922931744234848139e-01,7.361150486035743512e-01,7.828505874171388657e-01,4.103580831820560215e-01,8.324742995326745998e-01,2.991576862078129673e-01,7.727116688945503409e-01,1.204485832082859142e-01,6.848936280828066270e-01,0.000000000000000000e+00,-6.950243203343400844e-02,7.192800694814815987e-01,7.753047318252463960e-01,4.230727626086226989e-01,6.248107490833287869e-01,8.830051363549985544e-01,2.225555329287154938e-01,1.296274776046211219e-01,5.090827476276315045e-01,5.573928357596440453e-01,6.617204250105901409e-01,2.357958650807782663e-01,2.114624415442236394e-01,6.896694360248163680e-02,5.041825464328052453e-01,6.311257154506486611e-01,3.781128449861068108e-01,4.464065670738646685e-01,2.308964541026259365e-01,5.445475234976779877e-01,2.560880709020412205e-01,4.029691827218532252e-01,5.606471263129064742e-01,3.978737646900900593e-01,8.104996898125851335e-01,2.815643069852692415e-01,6.229133384204881274e-01,5.083555887043600396e-01,5.471167208409885019e-01,6.685330000593906474e-01,7.780803025096967307e-01,5.172668515395935085e-01,6.870773229722293429e-02,2.295076442068462452e-01,8.344869924595489374e-01,6.096798457317434972e-01,7.435037662731335262e-01,4.042449348392948560e-01,6.986342716688683785e-01,6.106208088844624626e-01,2.512431201279199389e-01,1.356098272064949206e-01,4.761942225138501295e-01,6.270088701192138014e-01,3.006136594014615082e-01,6.023741718600601480e-01,7.561188059397321304e-01,7.886036672986329599e-01,9.741374608005581859e-01,7.754057742641579098e-01,6.877812546910938574e-01,7.629246159968618990e-01,3.360498689402131589e-01,5.689595541310369375e-01,4.007894899852598725e-01,1.966049362013854995e-01,3.700231536393923659e-01,6.567030386611675263e-01,5.276957303663737386e-01,2.051986782900509787e-01,3.081460695099503821e-01,1.688091876514956624e-01,5.719891325638510882e-01,6.576706372052369964e-01,7.316933306521923308e-01,3.567498226188364763e-01,6.459073015035327048e-01
