0.000000000000000000e+00,9.436501882012947595e-01,4.221480333251118600e-01,6.233181260862293849e-01,7.037331132012426549e-01,5.748558772619938306e-01,2.478179209421525475e-01,9.474172723317256795e-01,4.381710201597153742e-01,9.720097474912481328e-01,8.175721728675072741e-01,6.992737644229276572e-01,7.363852214616155578e-01,1.545487126721749316e-01,6.909157748792306153e-01,9.860821486225973542e-01,7.544154115259322779e-01,4.816856132129657686e-01,9.094965549902224167e-01,6.398582704928453824e-01,2.516888392700674104e-01,5.349638980788405940e-01,4.024478278061830450e-01,7.079452385672785342e-01,9.966458596419749405e-01,7.760281225838711050e-01,9.880124645590986354e-01,6.907282234264050524e-01,5.594185206345491101e-01,3.640578693259929333e-01,5.287720449150337121e-01,6.914368298220356923e-01,8.261470756986094566e-01,4.717686401258590068e-01,4.159713247300660943e-01,8.406636662961233797e-02,2.681101217746412191e-01,9.721582565322524072e-01,6.381451253138092916e-01,8.258111672644914414e-01,7.396838300714478898e-01,7.203986694042409100e-01,9.911513501546618254e-01,9.842538860104755871e-01,9.836682705062468335e-01,6.665909991310488003e-01,4.189872693519741675e-01,7.041295452384476183e-01,8.295610751632414015e-01,8.980303919449640349e-01,5.304437455601538343e-01,4.666949511986215327e-01,7.885120543950494554e-01,8.278137989238086858e-01,7.223320707496615478e-01,7.295883890130576699e-01,8.384575045538935623e-01,8.567944132947440394e-01,4.054086140771714919e-01,4.760960683607909361e-02,7.716267192360075633e-01,6.567784671851401024e-01,5.655201740202122629e-01,6.441572689721845046e-01,1.404623096114467895e-01,5.629858362655162374e-01,7.510286833171344600e-01,3.948704276738117525e-01,7.704754792445702716e-01,9.139873733883933093e-01,5.717448332614764039e-01,8.276599033625263724e-01,4.747386745832174459e-01,3.613899650054064328e-02,9.712846556858646396e-01,3.440534908390378011e-01,2.810758946069634723e-01,6.888711268520970599e-01,4.919870195139815217e-02,2.235916896914348639e-01,5.024032921059693457e-01,6.258208538974429080e-01,8.444679065368643212e-01,1.817840167466732160e-01,8.077983399471279080e-01
9.436501882012947595e-01,0.000000000000000000e+00,7.606829421239335032e-01,4.105450197112897603e-01,3.442895126517361293e-01,9.465072034369176324e-02,4.541659869350203604e-01,2.321558625687475674e-01,5.519934365362523243e-01,2.615087504425405163e-01,5.836005472316627696e-01,8.305346787353624638e-01,5.650589975934905418e-01,8.690360254996001288e-01,4.150978490183985375e-02,5.034219298980912027e-01,6.627310147049483291e-01,1.037813082829790526e-02,3.066608028905663530e-01,7.002901390424748351e-01,6.043368916825374582e-01,5.234165217500433842e-01,6.449416087117613161e-01,8.885565703030147144e-01,6.870060188623661190e-01,-1.340004179086640157e-03,9.927768036546624764e-01,3.618739999268024143e-01,4.406784021556698350e-01,2.947418974939769454e-01,5.604122712641765869e-01,3.215782570127913992e-02,1.700310250217618446e-01,3.419021425150122750e-01,5.384989010434010348e-01,2.798742272932137620e-01,2.374682635708467993e-01,8.713100331415309929e-01,8.825912411711120953e-01,4.873841210048252548e-01,5.028615268791333248e-01,2.734944979671763074e-02,7.661754440048011983e-01,2.551019520654234166e-02,9.388476718827583056e-01,4.434179692345008861e-01,7.712385667415229129e-01,1.795157324095602303e-01,6.517352711994433001e-01,4.432238869540385262e-01,1.272391039788245137e-01,2.191085739261971477e-01,2.515999500925891752e-01,9.809262667071123598e-01,8.608407179502571838e-01,9.889351426213973673e-01,4.234939665663771668e-01,8.806452343503090585e-01,7.467497753970224750e-01,6.332190949872858188e-02,7.247041909688406447e-01,5.062404425937307995e-01,4.537760063388290854e-01,9.342324855400283568e-01,9.122275101816202936e-01,4.365605959319052709e-01,3.269468497974769017e-01,7.606248108585098588e-01,-6.443252256302134384e-02,7.460463532794586738e-01,4.873329468783915708e-01,6.353408201507755315e-01,4.875920419344763612e-01,4.480618358374491295e-01,8.887705411639051922e-01,7.588926863877318851e-01,7.549519157718409534e-01,3.178590881672661572e-01,6.587885958924197816e-01,3.206090320822656548e-01,8.866505673168312979e-03,7.667589690316096718e-01,4.280959077561938830e-01,7.918260885232337731e-01,7.679039968822312101e-01
4.221480333251118600e-01,7.606829421239335032e-01,0.000000000000000000e+00,4.498828005642636629e-01,9.376864878947122062e-01,2.923567138469169713e-01,7.068171596287107228e-01,7.267209084624181026e-01,9.851904445722068360e-01,6.574665393448009265e-01,6.623029695153324070e-01,6.452242681130041513e-01,6.992688478496550397e-01,9.397144292354833173e-01,9.043413780494599097e-01,2.497987880556022944e-01,8.380281797822307643e-01,7.021128815378175902e-01,9.329209673858088747e-01,5.259724569395970439e-01,4.734863223392032361e-01,7.044341545272342353e-01,6.657792896049949949e-01,7.610856788909237114e-01,4.346582521440712776e-01,9.332668191836144267e-01,9.743823464369743004e-01,2.616312822114928438e-01,4.874091004670071392e-01,3.763455498548947675e-01,-1.107144149691719481e-01,8.567615160736085089e-01,8.230677137274140520e-01,9.254278205122703493e-01,4.881120201766862565e-01,4.188442685412392952e-01,-1.883597166277262702e-01,8.523200806314638056e-01,8.874292994678013580e-01,6.130964240631828766e-01,3.218267338229756080e-01,7.095230885131179610e-01,6.485581138810523338e-01,9.897568278240098660e-01,6.231569129042040522e-01,8.736621592803793801e-01,9.345882396125588798e-01,6.245776890962503325e-01,8.497494454425568167e-01,8.134874320713708640e-01,6.021739070060423415e-01,6.505884855392694011e-01,8.621971077329146915e-01,7.761931012753303660e-01,7.749845177963661236e-01,4.180019268040180425e-01,6.841655485841823259e-01,8.266025001228928248e-01,6.847525602432433800e-01,7.893745384014433375e-01,6.940904384248794967e-01,5.702552452810973893e-01,6.687360691631782927e-01,3.807094852883857738e-01,8.107115625108733958e-01,9.595792797702720200e-01,7.454569059923816798e-01,6.801748151598718817e-01,4.542858893426323652e-01,6.027106344528736503e-01,6.728928359382321256e-01,9.257572822165937021e-01,4.045697178475027625e-04,5.121619882875553253e-01,6.061502370590149402e-01,7.902621111382464036e-01,9.621791514406061729e-01,6.842419163107156255e-01,7.713210106141884514e-01,6.268962833633506815e-02,6.248395910033478495e-01,6.074273189220850133e-01,7.788871919154194412e-01,7.722277326866152647e-01,7.557787393306628632e-01
6.233181260862293849e-01,4.105450197112897603e-01,4.498828005642636629e-01,0.000000000000000000e+00,9.642287233912618660e-01,6.397906904100678638e-01,6.670797892156931086e-01,6.608999742306421732e-01,5.914330032399577330e-01,8.750981347582343917e-01,8.951683868367087404e-01,6.376531901053282825e-01,7.638126380442624708e-01,9.707582668058765130e-01,8.163623931767585162e-01,7.412523915597705182e-01,6.866261379010923926e-01,7.255212332169715950e-01,3.477647248108383660e-01,6.100609097554446913e-01,9.113856122528261050e-01,6.310308027183231250e-01,8.162582703289591457e-01,6.923863237476794996e-01,4.700978160971750475e-01,6.189200977642864698e-01,3.711476179008854626e-01,8.401244887024519326e-01,2.702392575346963532e-01,7.327213157273095856e-01,5.964916492142478127e-02,5.172242568185355660e-01,3.980470703382759101e-01,4.711622122831235493e-01,9.816434943424199311e-01,1.086126229982932456e-01,4.887807453146890135e-01,2.172612647460019086e-01,5.619604580777942671e-01,7.417857966059971941e-01,7.129574165876149117e-01,9.824737375256595850e-01,4.507622241888248338e-01,6.132467521759498164e-01,8.300083085964422569e-01,6.112320580730569164e-01,7.380470506683005638e-01,7.804486372548271600e-01,6.162430559051859102e-01,6.645397676384040553e-01,8.072557065038163948e-01,8.229144913650607851e-01,6.835534793052829849e-01,8.531187755133953221e-01,5.395324249266595373e-01,9.113709954002244817e-01,6.225779362590994070e-01,4.533892448078741810e-01,7.249957357765444144e-01,3.004700552727494478e-01,4.720745935042074959e-01,4.600675717001447840e-01,9.997093808530409520e-01,6.963118698797680084e-01,8.655085882048698664e-01,4.596996557216607160e-01,7.627005583020147750e-01,9.287327083932681582e-01,2.446821681144197291e-01,5.439940772169210570e-01,7.207929793448241140e-01,9.584685976683932074e-01,-1.403862006590819445e-01,1.314204170596264959e-02,4.410934813799928245e-01,6.815752167246581505e-01,9.346298708661816557e-01,2.107930531425168952e-01,3.965110809673121350e-01,4.744563693047571529e-01,8.453313322538952290e-01,8.439921897341053914e-01,3.226671467680589100e-01,2.320270471981523697e-01,9.524936389294234029e-01
7.037331132012426549e-01,3.442895126517361293e-01,9.376864878947122062e-01,9.642287233912618660e-01,0.000000000000000000e+00,8.621662583512323952e-01,2.922260283441832640e-01,2.004743401607951558e-01,1.877745995746137320e-01,5.172847928469297418e-01,8.853656916322677484e-01,4.845965976322613167e-01,6.438576553034468519e-01,9.542416141488860859e-01,7.054200330975639588e-01,6.760607884360909647e-01,6.806651244925691069e-01,6.713212338981250360e-01,4.029612385700819255e-01,9.766943613473280106e-01,7.571046958061757870e-01,4.485690507488888090e-01,6.975857721509278742e-01,4.291482939042215450e-01,4.898514284852030221e-01,9.321195497300573951e-01,2.171711592576306138e-01,7.188729602185341960e-01,3.968822995465937087e-01,3.624155946620665203e-01,5.401252133194213156e-01,2.470360677869145039e-01,8.184459336229975568e-01,7.839531223258566772e-01,2.131434678867364096e-01,7.993975951833165450e-01,2.721720495353782687e-01,7.968161799863443528e-01,6.989677519844327280e-01,8.011802619905546985e-01,4.251127655636826042e-01,7.381560988666315826e-01,5.269691228303043928e-01,7.903277639946553190e-01,7.823634281422739978e-01,5.884983187088406453e-02,6.493437727638727841e-01,6.598180540005665895e-01,7.479757816525791636e-01,3.592852569726803225e-01,4.725300859515362828e-01,3.735415842823870403e-01,6.347588826649647187e-01,7.891251332235010851e-01,6.404328878611357245e-01,7.680488587643350407e-01,6.370246460680857314e-01,7.611698541960042474e-01,9.954239274844405294e-01,1.103346505251815296e-01,5.696728856106877403e-01,1.656232551023508470e-01,4.440696682790185590e-01,3.577073823779155504e-01,7.060436931006490724e-01,6.499555661282901964e-01,4.103131577006333686e-01,7.774235926413297637e-01,5.395516298832077062e-01,8.219752935833755103e-01,7.587700340807945754e-01,6.213077070810191227e-01,5.662512763858332798e-01,2.744891734215552104e-01,6.298825196269697280e-01,6.504368936316961003e-01,6.406566548323860966e-01,1.653611654394041564e-01,5.633304588558698534e-01,4.308804432739650192e-01,4.046470583364065177e-01,9.337407224380545046e-01,2.212870824410414494e-01,4.103149105591211154e-01,8.694489443926054495e-01
5.748558772619938306e-01,9.465072034369176324e-02,2.923567138469169713e-01,6.397906904100678638e-01,8.621662583512323952e-01,0.000000000000000000e+00,2.602776203816429268e-01,5.186782487215176873e-01,7.702739834368536043e-01,5.645749604433081270e-01,7.804166064331984343e-01,6.927474645435672818e-01,7.326024106161657112e-01,7.604499002644818928e-01,7.788463976421183821e-01,4.911029692986786932e-01,5.223620778910373907e-01,4.527263745322636646e-01,4.015073686092801020e-01,5.547334200306526242e-01,6.137541080241512015e-01,2.295353310865964336e-01,2.995178519550119045e-01,8.705357206377629664e-01,5.589992260270324476e-01,9.996134681672010913e-01,6.530020042280524351e-01,7.774290675919278693e-01,-6.070253088290922250e-02,5.916043337782079803e-01,1.800970477376880596e-01,5.735176826684464935e-01,6.960912304465588507e-01,7.377867231204062737e-01,6.517937136910244567e-01,4.840265980820670499e-01,5.787112712033567474e-01,3.972061304457914499e-01,7.050424180285335130e-01,2.147579846706599849e-01,3.833966525470839937e-01,8.424514666278684061e-01,3.259141761817431204e-01,2.146625984199561354e-01,6.074425569593260299e-01,7.560467958219313500e-01,7.678172695936826830e-01,4.694056755476490594e-01,5.178911446297723709e-01,5.817983490207718766e-01,1.533704128092053531e-01,7.248001726261759092e-01,3.720572926669408198e-01,3.243211666163853257e-01,1.700486628968088942e-01,9.413879101961322160e-01,7.743072860302596672e-01,4.022182217097064472e-01,3.422190022408305721e-01,4.207781814465073600e-01,5.410159880250748898e-01,6.121003379164681180e-01,3.477397820541970885e-01,8.925357376039332324e-01,4.989812711088132957e-01,4.535520558709860151e-01,5.249920381104434819e-01,9.216374796720633311e-01,6.273104653181926782e-01,6.677139167747920823e-01,6.135237953605785499e-01,5.489304629103439748e-01,7.126645041202349651e-01,3.738514957760358248e-01,5.652850059014046247e-01,7.207172753496241535e-01,4.193575388202503418e-01,3.358984940678156894e-01,4.141243857258890548e-01,2.393145078388876634e-01,2.104485620589897077e-01,5.738183339525176896e-01,6.705185630892204207e-01,5.995424965244309234e-01,2.730079131190072950e-01
2.478179209421525475e-01,4.541659869350203604e-01,7.068171596287107228e-01,6.670797892156931086e-01,2.922260283441832640e-01,2.602776203816429268e-01,0.000000000000000000e+00,4.784414582099853486e-01,5.302118324523710235e-01,-8.226013488547269381e-02,3.393365702346167190e-01,5.202816177251055052e-01,4.456867732693277073e-01,6.046607659174285665e-01,8.907840187994472414e-01,7.434506718497239097e-01,5.486675748050693358e-01,4.212856512103689832e-01,1.222875226421855505e-01,9.149535548462947032e-01,3.454971727817680582e-01,5.816108669559760802e-01,5.394222966037807154e-01,9.545029357853977992e-01,3.833826166904863442e-01,5.465807084583754749e-01,9.839167768545257209e-01,2.786389114190402916e-01,2.891236054125710941e-01,7.816066062620621313e-01,5.773045188459741128e-01,7.516770472034390860e-01,4.493611461660986239e-01,5.513614811650284775e-01,6.622664426530047166e-01,2.634102355596850686e-01,1.073280358906193444e-01,1.493349975607447255e-01,6.088948973116627972e-01,6.792556361828611111e-01,2.289813073927412512e-01,3.279222533664010175e-01,9.228157834263555070e-01,6.242867988729298157e-01,6.077101168184175783e-01,3.554268717386561693e-01,3.863487437412890246e-01,4.572584810765428220e-01,2.236044450665495842e-01,4.578088145932626696e-02,5.545177398630842802e-01,3.691423862393006239e-01,2.180388062307867525e-01,3.376174801961023125e-02,6.143790594682478901e-01,5.569432036304635680e-01,5.431906512631428097e-01,4.677948917134000517e-01,8.695263494189297004e-01,4.637064264738319230e-01,2.675936086304004924e-01,4.081333915620422026e-01,6.805349531646374128e-01,7.633920679646891694e-01,6.217652076310700160e-01,4.271793951312340409e-01,2.422523403989980395e-02,9.408228172421584379e-01,7.824744252636238739e-01,4.951195453212496878e-01,7.878018868270931785e-01,5.776501405271382561e-01,2.003949721020543973e-01,3.956849091544930586e-01,2.547021259028910967e-01,4.988421230948999474e-01,4.153614793056949472e-01,5.039213451079804784e-01,6.594309759428681472e-01,4.326990464319744462e-02,6.312936057036493409e-01,9.010993808547822503e-01,2.532787447924103041e-01,8.214224517065894515e-01,4.069732789392057626e-01
9.474172723317256795e-01,2.321558625687475674e-01,7.267209084624181026e-01,6.608999742306421732e-01,2.004743401607951558e-01,5.186782487215176873e-01,4.784414582099853486e-01,0.000000000000000000e+00,6.156854665146623828e-01,7.783670750128265370e-01,2.281107475558969422e-01,7.354547686434822484e-01,6.810497497874407058e-01,8.392725476021591913e-01,4.829760501746137580e-01,7.621287424181915071e-01,7.454223906813257639e-01,7.041630166184312811e-01,5.549867274826990604e-01,9.135581224580990867e-01,7.871083165077576993e-01,2.049886111861090043e-01,9.492099778387361741e-01,5.090154647390514597e-01,4.966481753327863236e-01,5.669011764946073617e-01,3.562744963222266303e-01,5.312775501171367321e-01,2.985729236310214474e-01,4.593831249497785651e-01,7.777302148582354580e-01,1.811176356095667295e-02,5.220387919667677235e-01,6.113499067965127987e-01,6.021844325049208191e-01,7.505768450671368441e-01,4.711204905256391462e-01,3.832479172104581444e-01,4.483624083806680427e-01,2.872776261122395036e-01,3.920053097825081379e-01,4.187602943900053942e-01,9.929222318983632611e-01,6.451018178921208435e-01,7.300219169168165045e-01,2.130006415483247373e-01,7.311025065998412176e-01,3.639084142375581532e-01,6.832879688508849414e-01,4.044081230192860810e-01,5.337613589277703241e-01,6.575466930771797225e-01,4.213525746502271296e-01,6.934481691485262500e-01,4.608569141527094626e-01,6.790392414083092909e-01,4.411234508594225057e-01,5.336478504942991918e-01,9.790350140898320674e-01,5.081069663076671905e-02,5.935555241138928961e-01,7.996202355336765599e-01,9.190921324304297535e-01,6.008603991394297905e-01,5.572985377596720857e-01,7.477914128434144658e-02,2.350475262374305263e-01,6.367271913912705417e-01,7.328663867838792756e-01,7.611629606664036540e-01,7.053369114796949058e-01,3.691689640315756749e-01,7.887337572432895350e-01,1.790874211121640247e-01,5.014216244495476316e-01,7.323188562543554436e-01,5.926203368555253981e-01,7.376906766977833207e-01,4.499447751665009987e-01,7.641889437947113617e-01,6.105994257978991646e-01,5.139548402955435025e-01,6.850243282642879405e-01,4.509150204171327725e-01,5.344719620495140822e-01
4.381710201597153742e-01,5.519934365362523243e-01,9.851904445722068360e-01,5.914330032399577330e-01,1.877745995746137320e-01,7.702739834368536043e-01,5.302118324523710235e-01,6.156854665146623828e-01,0.000000000000000000e+00,7.266349519445959304e-01,7.629996079184900859e-01,2.824248094246562535e-01,6.533902667236057837e-01,8.614864112117137651e-01,6.070096012875488001e-02,5.028887956116656621e-01,6.255952234887903751e-01,5.606717253754585073e-01,7.134945279255801021e-01,4.720264027366665727e-01,8.962134080416751525e-01,2.651487909755594341e-01,1.595480579752763806e-01,5.661617731165163869e-01,9.586360324707630942e-02,4.426107228271948801e-01,6.243677774350001597e-01,5.579167155855462301e-01,1.689449016517090632e-02,-7.655679375266792597e-02,1.709162349173302120e-01,5.953995608791368133e-01,7.841211568869095316e-01,6.268024719948828150e-01,4.129407741977637047e-01,4.872625059156980853e-01,3.726322819719067869e-01,3.602940861308351339e-01,8.902782993747713203e-01,5.420876141082614508e-01,5.916810735479727246e-01,6.976507355949830291e-01,6.441305904660774573e-01,9.056535916814978382e-01,9.664089051903538286e-01,9.171065959618858177e-01,5.858107956774627478e-01,6.919776588305079912e-01,7.895755228428293915e-01,6.710974044829711715e-01,6.562554125871719046e-01,7.875076934991871447e-01,4.074124713648025198e-01,4.797973131072397202e-01,9.363811820066965108e-01,7.343488534482514041e-01,4.430513906057401141e-01,6.238109875710725616e-01,8.056122143065238550e-01,3.099038383195016899e-01,6.717452782371253761e-01,4.953706685231993867e-01,8.197703335466254293e-01,2.177263604442092881e-01,8.715199602287656555e-01,7.993766673315455540e-01,5.850809120967376264e-01,9.413159116962162010e-01,4.413508567102752411e-01,7.117181428348549055e-01,7.950775310558465536e-01,7.150857815887408098e-01,4.793648057028999099e-01,3.504340550806943622e-01,5.192619930752715440e-01,4.569386738958716720e-01,7.233448526883806684e-01,8.456555400919132381e-01,6.775894189074082030e-01,3.073773057408432652e-01,7.096791006370144483e-01,9.773610001595364194e-01,7.464489453330147573e-01,2.553594847016009139e-01,4.606527284486767182e-01
9.720097474912481328e-01,2.615087504425405163e-01,6.574665393448009265e-01,8.750981347582343917e-01,5.172847928469297418e-01,5.645749604433081270e-01,-8.226013488547269381e-02,7.783670750128265370e-01,7.266349519445959304e-01,0.000000000000000000e+00,4.132598384103412514e-01,7.022298384261558279e-01,3.670177591917407334e-01,7.007015681972862398e-01,6.539334552329757466e-01,1.213229199591781687e-01,9.526718733581542864e-01,7.326007813997110762e-01,6.871795564200848805e-01,6.575621657054232516e-01,7.758582987760674898e-01,4.987476334476755313e-01,6.274138446241617206e-01,8.337234999796266921e-01,2.484362921603974761e-01,4.757697860458725558e-01,6.699459390394373326e-01,6.840052661731020889e-01,3.001146768777295804e-01,7.003946753173678763e-01,4.669674947538919318e-01,7.067824296454029431e-01,6.050412796096087398e-01,5.766836032165392201e-01,3.879448890211039114e-01,5.965011463172615880e-01,4.324656654625948504e-01,5.932043419309503962e-01,7.614858982254670838e-01,8.906151195075819871e-01,5.965312961428723693e-01,5.367218176346750802e-01,6.226074421836301775e-01,6.729594419481863543e-01,9.491019272976021215e-01,5.117918760879861528e-01,3.802805255714872268e-01,5.471989649200971195e-01,7.227352072626203050e-02,7.671088138386212840e-01,6.970205922736020243e-01,3.356826539800472631e-01,8.106429189636416011e-01,4.880591196160247724e-01,5.163588365837948890e-01,6.287505209789867600e-01,7.046494456584685429e-01,6.500807611647655415e-01,9.451313497152039611e-01,7.277246861285520119e-01,3.444073243902949777e-01,5.245827455055972477e-01,7.009558798165584914e-01,1.953294971843955452e-01,6.154536273439832339e-01,7.127943227584426777e-01,6.860115993844708715e-01,7.936390704687286135e-01,1.822251040303159986e-01,5.416154653345931491e-01,6.717627059316293447e-01,7.544818100092761659e-01,5.220722835842112053e-01,9.530172583637333550e-02,4.075716251856162375e-01,6.028279335448986087e-01,7.889532817305942025e-01,4.328071464022681947e-01,5.302596907431221807e-01,8.349927535143618351e-02,3.316611448701273224e-01,6.544568889084096952e-01,8.987238786832382198e-01,4.021591382908400875e-02,1.352831026894706357e-01
8.175721728675072741e-01,5.836005472316627696e-01,6.623029695153324070e-01,8.951683868367087404e-01,8.853656916322677484e-01,7.804166064331984343e-01,3.393365702346167190e-01,2.281107475558969422e-01,7.629996079184900859e-01,4.132598384103412514e-01,0.000000000000000000e+00,1.943124575160061485e-01,6.160181851560045940e-01,6.927212228847069442e-01,3.206972202210502942e-01,1.033476983431699525e-01,4.600259866739609960e-01,7.826719846533356506e-01,6.130296319946727523e-01,9.501860616946961047e-01,7.984960366330471349e-01,3.777647186492166798e-01,5.312466688637412782e-01,8.035853688036878051e-01,6.695180139445737755e-01,3.822805798293693602e-01,9.226264458322362971e-01,7.726071362118328567e-01,5.893576284473092119e-01,5.490404672459556906e-02,5.712657689296025965e-02,5.922552656723336639e-01,7.040235778044187098e-01,4.847312745891602659e-01,6.537147375942566896e-01,2.427096300521279226e-01,5.805418153090265987e-01,3.478355736244327368e-01,8.433144713600067011e-01,7.838231827029298326e-01,2.552394687398124029e-01,4.810244861689030316e-01,6.551595318821188396e-01,5.748126160977043986e-01,9.731528917328420292e-01,6.361560510190649165e-01,3.116006720537526364e-01,5.240293214420579382e-01,5.216985293937373980e-01,7.161186429162841316e-01,3.844158077989735522e-01,4.055121707643919438e-01,5.144393448031634453e-01,5.837257411479701563e-01,6.810948678367779729e-01,8.856656117381627169e-01,9.797782589918635487e-01,4.466394090310130127e-01,9.936572356412929352e-01,6.819690899022017028e-02,7.581858125475520183e-01,6.022557934432190008e-01,7.533996184579756505e-01,9.160439948415333156e-01,6.389351832080926163e-01,6.714946842284954531e-01,7.338517385428947604e-01,8.177607158688332545e-01,7.580116189230228230e-01,2.148523113141768137e-01,5.126982173626294381e-01,6.177314878078543625e-01,5.049039387864290296e-01,4.251751971259737917e-01,6.010879620656762734e-01,9.329998609368709284e-01,9.719341249299897623e-01,6.826817990638603950e-01,7.159946629301574550e-01,7.010149218542762739e-01,7.254428760076783167e-01,8.379292493352747950e-01,9.879336300919647762e-01,4.755969025521762372e-01,9.628391122545520986e-01
6.992737644229276572e-01,8.305346787353624638e-01,6.452242681130041513e-01,6.376531901053282825e-01,4.845965976322613167e-01,6.927474645435672818e-01,5.202816177251055052e-01,7.354547686434822484e-01,2.824248094246562535e-01,7.022298384261558279e-01,1.943124575160061485e-01,0.000000000000000000e+00,6.805493072652064601e-01,4.266548891775386876e-01,2.546154034148866430e-01,3.689219950414626137e-01,7.440012076323163637e-01,5.667023768104668680e-01,-5.084270876958243979e-02,6.307386873142705186e-01,9.997622879147459729e-01,9.885994990392880100e-01,4.530225842274470671e-01,6.963744486925204091e-01,4.376944652114932999e-01,6.774697551896770031e-01,4.362779938738398089e-01,5.956339936934662571e-01,3.804937269648832610e-01,4.261312064762233787e-01,3.067734416966326205e-01,5.843990193694393875e-01,5.996691131173024214e-01,8.799707508819498702e-01,4.980535475410424739e-01,5.489959024997985715e-01,4.729872374758388176e-01,5.466263562478989035e-01,7.358962094449504887e-01,7.805302695580478289e-01,3.072717089988586947e-01,7.959840649214843245e-01,7.662041424908456744e-01,4.071257483037677982e-01,7.929648689184893851e-01,5.343644321123370844e-01,6.130184336932893441e-01,6.282139441034152449e-01,4.562048591841283973e-01,7.912920101078068091e-01,4.066436940092073571e-01,6.428701603883965054e-01,8.021007821231938006e-01,7.825688162524176983e-01,6.966595955760847003e-01,6.110984105508496800e-01,7.870177624800135385e-01,6.417321469102329479e-01,7.434770307152291924e-01,1.835530909818444134e-01,2.610668093300688164e-01,7.138456657557618046e-01,7.432578460783585417e-01,4.393117760371945124e-01,-1.962578678857851422e-03,7.887090272621797293e-01,4.735014621081611863e-01,8.287658714041175045e-01,6.446288073120878259e-01,6.715591069222471843e-01,7.960292012585278298e-01,5.026233824991456212e-01,5.512867345233789518e-01,3.547510409090658956e-01,5.772457956130336854e-01,8.116097181354388068e-01,7.464855502731231329e-01,3.513151681703498563e-01,3.261321815877287200e-01,7.176127463593104938e-01,2.316613226834369488e-01,7.661928637079851168e-01,8.220804192890179829e-01,4.670337804333497544e-01,4.148770894364350315e-01
7.363852214616155578e-01,5.650589975934905418e-01,6.992688478496550397e-01,7.638126380442624708e-01,6.438576553034468519e-01,7.326024106161657112e-01,4.456867732693277073e-01,6.810497497874407058e-01,6.533902667236057837e-01,3.670177591917407334e-01,6.160181851560045940e-01,6.805493072652064601e-01,0.000000000000000000e+00,5.001432056874470788e-01,6.693629754832265411e-01,4.120383007303853873e-01,7.438256179644915367e-01,2.029327088256629719e-01,4.387132360947335052e-01,6.189159508019644040e-02,7.994735833771494660e-01,4.448922510029009181e-01,7.905825303512432622e-01,2.634602903539628449e-01,2.661882161001343228e-01,4.161447795683029249e-01,7.802387269401031000e-01,6.089388901826220390e-01,5.387204637175418975e-01,4.997491215471487891e-01,8.911919067501812564e-02,2.521601557648712189e-01,7.085789744492109188e-01,4.328402997241109218e-01,7.474546603909795195e-01,-1.014744780569551974e-01,5.676289656236378489e-01,8.043705232496999313e-01,8.372201129846389422e-01,9.292789202643099156e-01,5.619871896013315382e-01,6.514199223197428834e-01,7.995077732652215996e-01,2.817358054692807867e-01,7.906245900044237551e-01,8.632616983325496207e-01,9.782561142674941479e-01,4.739630272266703304e-01,9.993228111872153319e-01,9.656873440817720367e-01,3.873257442614233548e-02,5.851892164600396296e-01,6.424716279582710632e-01,7.127494052923560863e-01,4.738598721221297660e-01,8.537322165202813062e-01,9.667243009573498469e-01,5.379515967717926062e-01,5.186200955820664538e-01,2.740985500198524494e-01,7.914938818804848619e-01,7.727429044027892546e-01,8.445099906834765968e-02,7.763841119597093554e-01,9.949641724235509521e-01,4.372321246573488973e-01,7.695674318238130418e-01,9.108682545838120426e-01,5.953365033012405494e-01,5.220208357793516551e-01,2.265174361117935076e-01,7.605011691506212423e-02,2.901985987708247672e-01,4.283206176435730983e-01,7.595510361249844244e-01,6.332312906316378553e-01,4.052449898777134019e-01,2.316555167583079222e-01,2.165842668819887851e-01,5.199566095137670985e-01,3.332795980043995465e-01,5.633153871816859448e-01,5.339540404553178021e-01,3.933701269622570384e-01,8.575466224066005116e-01
1.545487126721749316e-01,8.690360254996001288e-01,9.397144292354833173e-01,9.707582668058765130e-01,9.542416141488860859e-01,7.604499002644818928e-01,6.046607659174285665e-01,8.392725476021591913e-01,8.614864112117137651e-01,7.007015681972862398e-01,6.927212228847069442e-01,4.266548891775386876e-01,5.001432056874470788e-01,0.000000000000000000e+00,8.646364929516840991e-01,6.647035195989621226e-01,4.246968733963245590e-01,6.049609231445838287e-01,2.424287840550937712e-01,8.493761816980287538e-01,5.493049567527622523e-01,8.240025791166759594e-01,7.086785605861212201e-01,8.375514949749355287e-01,3.385740066700112516e-01,6.606041092819342486e-01,3.329212727915921155e-01,8.089661683873315967e-01,1.977317743030522768e-01,6.094657267503271747e-01,1.793387154658730998e-01,4.758320500891861649e-01,3.454071350158394171e-01,8.937074298893129543e-01,5.801107314373662449e-01,2.026660897729996857e-01,3.146058261057014804e-01,7.756033389540991640e-01,9.100989329464813649e-01,9.517135406904803085e-01,3.709247566099775906e-01,4.220166052710762061e-01,9.530729353951310490e-01,7.392941732725274440e-01,2.936248920159902909e-01,8.037263200002821018e-01,6.863760746360900722e-01,7.854177872081912204e-01,4.717514995940755296e-01,9.288284817858453168e-01,8.587742396753245133e-01,7.617990618653505130e-01,8.105946043592150430e-01,6.923775663534591507e-01,2.871955047566121522e-01,8.414321577950696351e-01,8.166462196988464317e-01,7.687139268310076989e-01,8.187783096242454706e-01,4.485465919382340405e-01,5.642774635450134024e-01,8.317750361876902199e-01,8.581430869718535970e-01,9.357674248004813622e-01,7.940585715713041060e-01,9.736469547487304199e-01,9.836800050603562440e-01,7.007300977960077004e-01,3.651744322981212987e-01,8.216733121808881268e-01,8.552909611261568790e-01,5.043659166637086688e-01,8.966023330923323931e-01,-8.777476057854116664e-02,7.651113823473993936e-01,4.174043950607667641e-01,7.641722237066798096e-01,4.246278585423836072e-01,3.833828868184974148e-01,3.890920585480120986e-01,8.432435725873791421e-01,9.643261647321130781e-01,9.313366486647645104e-01,6.574762182145841294e-01,2.402991233012741756e-01
6.909157748792306153e-01,4.150978490183985375e-02,9.043413780494599097e-01,8.163623931767585162e-01,7.054200330975639588e-01,7.788463976421183821e-01,8.907840187994472414e-01,4.829760501746137580e-01,6.070096012875488001e-02,6.539334552329757466e-01,3.206972202210502942e-01,2.546154034148866430e-01,6.693629754832265411e-01,8.646364929516840991e-01,0.000000000000000000e+00,6.091370902657435860e-01,5.904791985224296935e-01,6.735101705254741278e-01,5.204521813661715512e-01,5.090338640988731900e-01,8.385293981678610953e-01,7.485360833052413509e-01,6.569529868479982992e-01,8.040722515353592170e-01,4.527489934116504244e-01,8.888363309172868654e-01,7.035348664578359168e-01,6.879587680640101288e-01,2.382314100894659115e-01,2.192455466047312229e-01,8.666554609813084675e-02,2.934549148350653058e-01,6.626087644592049131e-01,5.587407872611006576e-01,4.258294623531249101e-01,3.740324305797475546e-01,-4.241969330943218264e-02,6.326519581634111322e-01,7.564383486399155476e-01,6.337925050622407186e-01,6.148810519137458686e-01,1.657893322662128688e-01,6.304472102489168117e-01,7.508764142029941135e-01,9.666622810716374303e-01,7.980767192231400520e-01,7.896404327942304624e-01,5.956051650802250963e-01,4.248399115952422589e-01,6.589723527053332752e-01,6.329380475850898691e-01,3.127693570302949588e-01,3.666740627259824081e-01,6.771243167133451646e-01,8.787936111036389608e-01,4.671138362075185069e-01,8.822226378737343389e-01,5.564537916018543751e-01,9.530858765520314746e-01,5.515281124106461430e-01,2.523685960831543174e-01,6.547670159113072597e-01,7.592013008025012555e-01,9.180659832024630207e-01,6.995364890540232139e-01,7.689884564368999476e-01,6.360787662017748367e-01,6.263424597092112078e-01,4.363251078547792927e-01,6.439103528176772784e-01,7.911402982817412610e-01,7.090615055899677222e-01,4.905171404608944519e-01,4.479242683057320651e-01,4.083255910038736669e-01,9.132156043874614104e-01,5.264833886011403008e-01,5.635131998189499836e-01,4.415171796029545570e-01,3.968608864695982730e-01,5.810688053398556097e-01,5.182072491193542296e-01,7.448989497670068793e-01,5.338265272825862828e-01,7.002803692998210705e-01
9.860821486225973542e-01,5.034219298980912027e-01,2.497987880556022944e-01,7.412523915597705182e-01,6.760607884360909647e-01,4.911029692986786932e-01,7.434506718497239097e-01,7.621287424181915071e-01,5.028887956116656621e-01,1.213229199591781687e-01,1.033476983431699525e-01,3.689219950414626137e-01,4.120383007303853873e-01,6.647035195989621226e-01,6.091370902657435860e-01,0.000000000000000000e+00,5.276074293675535598e-01,9.097052129009582933e-01,4.155508637685275675e-01,4.883986706608791639e-01,9.932120862945010842e-01,4.554741866976850240e-01,5.342512361106146468e-01,2.584775732846428253e-01,4.324377490915179423e-01,7.599398228163920521e-01,6.877321984244266773e-01,4.699873976944244913e-01,5.135259594047302256e-01,5.453972102383609633e-01,4.842296581761614260e-01,6.087772142791826324e-01,4.647414349465892602e-01,4.188975478342805703e-01,5.945090997009507827e-01,5.092766073256775883e-01,3.127800581118319045e-01,7.433852711649140410e-01,9.842381045767811809e-01,9.828041283264159489e-01,5.141277574797999961e-01,9.293042249300573765e-01,9.232855573024910667e-01,7.107033914083940029e-01,6.503526005846649305e-01,7.901616016225970762e-01,4.471385517280428989e-01,5.428649540298278175e-01,5.877433983661995986e-01,4.061098610849850354e-01,4.607233807906664369e-01,2.139611982315684502e-01,3.227672670231548357e-01,5.655625315027283939e-01,5.812408159868179824e-01,4.042954611052353431e-01,4.066026063860586071e-01,2.139007110086657837e-01,5.506780113028783008e-01,7.058437780449808852e-01,5.108565008779072381e-01,4.261761687206650495e-01,9.994406633339860679e-01,8.271695631920752412e-01,9.414586435046968793e-01,6.690575462950769658e-01,9.811887516055390890e-01,7.826253961934339642e-01,9.848551074244811521e-02,7.459813201422921258e-01,5.772023365078371437e-01,2.546161698716974953e-01,1.772818314882560614e-02,5.073714875162619320e-01,5.724818795871053911e-01,1.540394348688494189e-02,7.739778576487909012e-01,8.194272112353315762e-01,4.180203949932623786e-01,6.315318458409409086e-01,3.143373634304139075e-01,9.472163909207865773e-01,1.154152368859939215e-01,2.447814619666144331e-02,1.327709099877810717e-01
7.544154115259322779e-01,6.627310147049483291e-01,8.380281797822307643e-01,6.866261379010923926e-01,6.806651244925691069e-01,5.223620778910373907e-01,5.486675748050693358e-01,7.454223906813257639e-01,6.255952234887903751e-01,9.526718733581542864e-01,4.600259866739609960e-01,7.440012076323163637e-01,7.438256179644915367e-01,4.246968733963245590e-01,5.904791985224296935e-01,5.276074293675535598e-01,0.000000000000000000e+00,6.635934745063616358e-01,9.640835956249306227e-01,5.420916145479588444e-01,6.841541090041378670e-01,9.835151539086031125e-01,6.301726694284048857e-01,6.796541632135814082e-01,1.410809943673834999e-01,8.993453663641298723e-01,7.710981554716056507e-01,6.327350605491141033e-01,1.914676273489343827e-01,5.686916366371093101e-01,2.550905555305362227e-01,6.945007403471461505e-01,5.306962541581744519e-01,4.878851090811506808e-01,5.700123503290458471e-01,3.393570999587834924e-01,3.107458428897720559e-02,7.780917230480833835e-01,9.823258075987568727e-01,3.745775587664041950e-01,4.977996803796772562e-01,5.876993702150201671e-01,6.903762684187819687e-01,4.636898340312113342e-01,6.849350924867637636e-01,7.641418900367787925e-01,1.857010650278833885e-01,6.026907649296243674e-01,5.247784207654955235e-01,4.493503575468393851e-01,5.385982412996589419e-01,4.294393265114422875e-01,9.844051711545200867e-01,4.195110738852448340e-01,6.643276158785251795e-01,5.960294369037089091e-01,9.990882239060778769e-01,4.664116957909971717e-01,6.020601322561742741e-01,4.584084227646245124e-01,7.765334822531240189e-01,6.950254520617403786e-01,4.353319053454465792e-01,7.012152855922668682e-01,8.844131779928969816e-01,8.375231387670295513e-01,3.411674823376933396e-01,6.388731906736515587e-01,4.674803358218594940e-01,5.866029864905101254e-01,7.557379924661403736e-01,6.673103969908185107e-01,5.293544439600589291e-01,1.588968137669627967e-01,5.931719436071842821e-01,3.228529822716997844e-01,6.147737302008567939e-01,3.106246682879083565e-01,1.687975324558835810e-01,1.471962298199071262e-01,6.925293898113460411e-01,3.607655328946909323e-01,2.800211365112942330e-01,4.659188932188895182e-01,-1.200660156154148978e-01
4.816856132129657686e-01,1.037813082829790526e-02,7.021128815378175902e-01,7.255212332169715950e-01,6.713212338981250360e-01,4.527263745322636646e-01,4.212856512103689832e-01,7.041630166184312811e-01,5.606717253754585073e-01,7.326007813997110762e-01,7.826719846533356506e-01,5.667023768104668680e-01,2.029327088256629719e-01,6.049609231445838287e-01,6.735101705254741278e-01,9.097052129009582933e-01,6.635934745063616358e-01,0.000000000000000000e+00,7.048638916612018912e-01,7.022882302278277145e-01,2.415184202118229317e-01,7.781432047864825785e-01,4.656992245854688628e-01,9.992642589493780925e-01,4.190455159619586034e-01,8.777917426547167112e-01,6.117116640133061223e-01,9.328031035676275229e-01,6.059977065187409639e-01,1.769080245796095414e-03,1.046405127343305042e-01,5.743142966575605080e-01,6.006189600551882224e-01,7.312599316232643032e-01,5.394295655935119616e-01,3.550839996479450700e-01,5.940195901728266836e-01,2.631667043380813698e-01,7.464447533442178928e-01,6.342647764111176700e-01,4.495874059303621162e-01,8.591327066538924084e-01,3.973407997310897666e-01,2.598432936708476859e-01,8.211508140686637480e-01,7.003852885129228101e-01,8.539353065446479985e-01,3.256908607042092174e-01,6.534267671622706608e-01,5.249672348028262547e-01,9.403387763476774852e-01,7.500455035077635557e-01,-1.670057185547010048e-01,4.781677514398487427e-01,9.026516257520464936e-01,7.250564724190471377e-01,4.586035479801116033e-01,-1.620779779140775201e-01,9.456778653460022888e-01,3.369319675450606344e-02,5.176940416104602871e-01,7.756662250018192539e-01,6.383891634637082202e-01,7.722566449618311069e-01,7.759477985039384684e-01,5.850553552747285169e-01,2.572755602318239077e-01,7.078925048499080663e-01,2.467013941167426616e-01,-1.328022293359795714e-01,9.958090768774543466e-01,4.735169874475934626e-01,7.013553396444796029e-01,7.541196140530771475e-01,5.146752223898770628e-01,7.792839717973297775e-01,2.707573915303285172e-01,4.412389982395668597e-01,1.017129661371548865e-01,4.280194495365377549e-02,4.713737820577448834e-01,9.571774016074527935e-01,7.912348659431567288e-01,4.952219403270169962e-01,8.600239225397023901e-01
