0.000000000000000000e+00,8.365031994127207771e-01,9.929938289073796387e-01,6.312665293645985942e-01,8.193167808097199245e-01,7.314940448188959055e-01,7.651843127726772886e-01,9.929945226424194971e-01,5.255295450314694250e-01,7.926569003585584028e-01,4.882449632645305959e-01,5.597234504437587077e-01,8.012015058311373616e-01,2.032837861689596459e-01,7.351491656381404782e-01,7.837846381487242331e-01,5.202499111050125080e-01,7.318432293071212014e-01,9.985420491623373529e-01,7.884457998649688770e-01,8.941702441060017659e-01,7.428597422939385853e-01,8.737670866644292600e-01,6.082999859942778142e-01,6.627875311536410852e-01,5.479836821898743660e-01,6.787462984928076537e-01,7.841696712273867886e-01,2.399831231754681882e-01,2.115899872316739094e-01,7.086142301382821751e-01,3.027728855849677325e-01,7.270008546972179797e-01,9.424347876752581232e-01,6.261558851831325878e-01,5.186802760595676798e-01,1.366700666677550802e-01,1.444049167401690037e-01,2.614306076873104678e-01,9.500157428176402297e-01,6.432062544294098183e-01,4.960010027170388969e-01,6.491821943218155644e-01,8.592002422159734643e-01,6.018256704912482435e-01,7.704196730242045543e-01,7.753515017788014108e-01,8.151763399357910833e-01,5.784275258945623666e-01,4.269557412394870410e-01,5.683115537212962698e-01,8.702410046580052461e-01,9.078447898044369468e-01,2.495997582527885172e-01,9.122533712362217440e-01,7.403929316529718196e-01,7.503373849159670206e-01,6.236876553903053511e-01,5.195488597768176398e-01,6.583891141061293251e-01,1.000956773574404081e-02,9.349208889832617553e-01,7.685320451905336414e-01,7.291478180488338845e-01,8.147017446820812303e-01,7.387271764237004490e-01,2.676207031889510368e-01,9.603009298554183726e-01,2.856150800233961395e-01,6.027785907988564285e-01,4.594575289779243565e-01,6.129169156830319709e-01,2.794113061267022302e-01,3.676238542447846092e-01,7.791056231239088525e-01,7.635956557158268820e-01,8.370229238579982578e-01,9.564308011383192420e-01,2.313822184088005218e-01,3.223145229762838793e-01,8.321949856656553068e-01,8.888476945376787564e-01,9.412027724437190823e-01,4.006191798074699717e-01,6.034857503316504168e-01
8.365031994127207771e-01,0.000000000000000000e+00,7.112800994421322187e-01,5.178384655447011431e-01,9.803305961973856064e-01,5.011302479416357425e-01,6.074841099132395339e-01,4.367837010612806714e-01,5.952547280863991208e-01,7.433210946807358166e-01,9.277208947569292041e-01,5.701669221481284744e-01,9.162703520517926359e-01,7.322517992240039630e-01,6.203780488973481555e-01,4.761841792266796047e-01,9.453758044446765041e-01,9.492085647126157211e-01,7.018943505567856178e-01,8.508946021272749682e-01,3.902566698292296854e-01,7.369520918132457243e-01,7.765398291085859328e-02,9.744197452309857344e-01,2.680589666748818545e-02,8.982032883871825524e-01,5.660052651332215801e-01,3.600321527227680063e-01,7.478184059147757745e-01,5.972815125417091364e-01,3.367445812672259509e-01,5.066067312043148751e-01,8.475680055828452852e-01,3.407656437088248946e-01,6.303083526778073820e-01,-1.119339688101486652e-02,4.313581155414080714e-01,6.377943443610978314e-01,6.083594723180236752e-01,6.465455688587136152e-01,5.211244938874478594e-01,7.820940193277479136e-01,6.909964630269851416e-01,3.946338734123890912e-01,5.116149373872791450e-01,8.527677485052641559e-01,6.806459195298024678e-01,8.735748175994832998e-01,2.059840753027459004e-01,4.994556038873757542e-01,7.391810430960490397e-01,5.015980946501067406e-01,7.668399251682698203e-01,7.889064707259358933e-01,3.198086009668021368e-01,9.077522687106808208e-01,7.776758470958023972e-01,2.844670876333566523e-01,4.222918549800317445e-01,2.542001652452960947e-01,7.822183209053641395e-01,4.588175962921400286e-01,7.757972291681756172e-01,1.915339712282796425e-01,8.329842419911405171e-01,7.037610631111348436e-01,6.397781069628212247e-01,8.013212794706330300e-01,5.509005204358560226e-01,8.027353573635725992e-01,7.339559652386696831e-01,5.251854116016481111e-01,2.815540802744636029e-01,2.599651168806909052e-01,4.988863993162777066e-01,7.037515219502222807e-01,4.527086048827108633e-01,2.528577846169672849e-01,2.336327442798867837e-01,4.688374907595960206e-01,4.044732132006408076e-02,7.998384776518635553e-01,6.988241285860835594e-01,4.092335989729959933e-01,5.427431372592304015e-01
9.929938289073796387e-01,7.112800994421322187e-01,0.000000000000000000e+00,6.191039157225873835e-01,8.239724782554951332e-01,8.716329020826787399e-01,8.631347664058726110e-01,5.063207945483423345e-01,8.173631108800802902e-01,9.873253546627897004e-01,6.396638560476543001e-01,7.048089584481596059e-01,8.721446475355306704e-01,8.717419299718225378e-01,9.425940393216373225e-01,9.934597913918199463e-01,8.710256846604200742e-01,5.033450861397661402e-01,6.586756356237120080e-01,7.586842440412565614e-01,4.865325756316472017e-01,7.302244166807476677e-01,4.994800925294512473e-01,8.368180253020811588e-01,8.094923498226642700e-01,8.099496676109922966e-01,9.143166844069515742e-01,8.348109374083311218e-01,6.232133370361389035e-01,8.626388973611659461e-02,1.317157642922604510e-01,8.741471208700928308e-01,7.139180979811876604e-01,9.267254067525485528e-01,7.362734013052482096e-01,6.518614345298628932e-01,-1.497438876543246977e-01,9.136848812174724888e-01,8.753919611598803829e-01,6.185990996226440330e-01,2.993882549482773103e-01,2.460874752658961939e-01,6.471212229940503935e-01,9.103865511776730868e-01,7.618504619369455000e-01,1.783569481780689914e-01,5.759599323866259057e-01,8.929875507070080820e-01,4.903955029342113026e-01,7.350694148244545367e-01,7.163082769996870214e-01,9.693746053563878640e-01,4.843903720900187837e-01,6.993264854098015793e-01,2.926594208015742549e-01,4.998374838493949701e-01,7.354768559882580714e-01,9.634700090565092578e-01,6.504140549126911086e-01,1.640293255902415259e-01,3.182824425469530927e-01,7.627940390444616359e-01,9.687598177691429946e-01,6.546387345427167048e-01,6.108887937768425758e-01,9.017860146023430890e-01,6.646506918551096099e-01,4.754580217120376595e-01,6.197874010237137687e-01,9.529808462738668107e-01,9.959304558172252797e-01,2.807756985168196051e-01,7.553107720298037897e-01,4.666599855520552342e-01,9.949069222725137607e-01,5.507348594191832092e-01,6.537759108576645106e-01,4.280615855543711823e-01,3.504418913056207563e-01,5.349263105976707205e-02,8.593947091615568024e-01,9.964163176936027266e-01,9.393101183149550337e-01,7.201612777393507914e-01,7.237595764094328921e-01
6.312665293645985942e-01,5.178384655447011431e-01,6.191039157225873835e-01,0.000000000000000000e+00,5.396166282932586267e-01,6.994532439002477675e-01,9.142679807178801799e-01,2.246171573679258404e-01,8.868284671279377251e-01,6.789643497694557439e-01,6.268913490086031048e-01,5.764633995487443707e-01,5.506704342977669642e-01,6.575088504047394977e-01,9.821624743059124141e-01,6.958963875479807770e-01,9.599211142395347451e-01,8.374466885732726462e-01,7.935390445460785980e-01,5.254224224786263608e-01,8.643196657461356125e-01,4.444262791651918398e-01,5.314656145740527249e-01,2.312817404350825945e-01,4.561879316730965139e-01,7.924042839371512326e-01,9.244540319924453575e-01,5.161977947759917029e-01,4.242288765873896694e-01,5.258314394904135547e-01,5.220138213842598907e-01,3.006260390175391484e-01,8.841506557446464631e-01,6.383269188264963923e-01,7.506767041636265292e-01,2.279212645574084373e-01,2.565189751562497733e-01,5.649376588537802224e-01,6.508978788145189931e-01,9.484598724236906753e-01,5.225199181978955609e-01,-1.259925180023427904e-01,7.992201377223778769e-01,7.544009254105450424e-01,5.845104723148861758e-01,6.720098060408272733e-01,6.875307158030216081e-01,5.799921483817844781e-01,7.582148717562550155e-01,6.856196532082610151e-01,6.069826762563225175e-01,8.291181100352350564e-01,5.408430978675516920e-01,5.204716988723241400e-01,7.479694029790799892e-01,3.001083353336317927e-01,9.354599593825875248e-01,4.341435169160302587e-01,6.420097883149453732e-01,2.166071832800704478e-01,1.704276577834508422e-01,7.501701475164390676e-01,7.839348910734619258e-01,7.498165403726844147e-01,8.843651328014199287e-01,7.960979146486979463e-01,6.985839500895358878e-01,6.939943519134323946e-01,6.729261478049888279e-01,8.514933373817348272e-01,4.242854116629926065e-01,6.352384147589715813e-01,6.488487284407520317e-01,2.790402629222980546e-01,5.518055715182128562e-01,3.624165595496955938e-01,8.995212413820957709e-01,6.050656435950659828e-01,5.141968620960377656e-01,4.559615536235935851e-01,5.849584283429796194e-01,1.344553240418799311e-01,7.246043270434496808e-01,3.181591092700703505e-01,5.239320856440462526e-01
8.193167808097199245e-01,9.803305961973856064e-01,8.239724782554951332e-01,5.396166282932586267e-01,0.000000000000000000e+00,8.220152852199725801e-01,7.378257867215818333e-01,6.249754210254112596e-01,5.874229275579203602e-01,6.248590190797672639e-01,4.480510020062534182e-01,7.388075116850323365e-01,4.770943281333099306e-01,8.606960669142271758e-01,5.496165857247841124e-01,7.538557700565809983e-01,6.768981967298151048e-01,3.499682066609751674e-01,6.364711264741563790e-01,8.584718789018466190e-01,7.566160583661494243e-01,5.897678026215518177e-01,9.688412382180344729e-01,8.435022708585306894e-01,2.410736713563235711e-01,7.526357217512804620e-01,7.465499625569775866e-01,6.004141169498024011e-01,3.668649379950717493e-01,4.911249945967605668e-01,1.192416874493791301e-01,7.990956627956579128e-01,7.362368104016623338e-01,5.163739886120329858e-01,9.885042494262814561e-01,-1.242153750445908061e-01,7.629305157447563435e-01,7.581424315694142990e-01,8.217045850070018309e-01,6.356852104980669216e-01,4.192644289888092235e-01,9.062928893203813230e-01,9.195187263075581541e-01,6.381419803217143194e-01,9.447329999043555526e-01,7.559820634632993253e-01,5.599795196644448136e-01,1.788710561787725806e-01,7.866551130278223170e-01,7.908093607849446816e-01,7.098759925602426968e-01,3.196152215367600302e-01,7.569076952163031891e-01,5.917516646386417056e-01,6.289385410551919797e-01,6.971133701288022566e-01,9.604256936229197406e-01,9.301821694970785481e-01,4.395944053430854703e-01,5.930884650216312615e-01,2.910565082984002405e-01,2.911204733756418417e-01,7.979921055256036233e-01,5.318062212692551416e-01,6.206164953349019298e-01,4.197751531950399406e-01,4.756189483342415092e-01,2.925355354711103861e-01,4.320302781742403342e-01,4.385679209471441409e-01,5.988942775232578564e-01,7.595183805695236989e-01,4.723169336364853033e-01,5.538040658679602712e-01,3.436545516741049688e-01,9.719681113681486462e-01,6.376314005653227479e-01,2.854116540644435762e-01,5.138939137922735600e-01,5.011610357022970863e-01,7.605333137735197369e-01,9.890242414611851718e-01,9.320059326633189922e-01,2.716149772228810821e-01,2.676138882251545836e-01
7.314940448188959055e-01,5.011302479416357425e-01,8.716329020826787399e-01,6.994532439002477675e-01,8.220152852199725801e-01,0.000000000000000000e+00,3.454746529951776557e-01,7.229391287829676216e-01,4.557326069491546838e-01,9.238170766126259092e-01,4.019412519815683260e-01,7.098971050268257921e-01,9.603645934843411114e-01,6.075629687240214905e-01,4.136166326336934707e-01,-3.200888233070303679e-01,6.403956526458307597e-01,7.744956807213212446e-01,6.441613631634051096e-01,7.339950664280202597e-01,3.207986369164598783e-01,6.529398973016662389e-01,8.418725578779616692e-01,9.769807024565564380e-01,4.277866373245607923e-01,6.831714724473495481e-01,4.569443784974465683e-01,6.078585385690269405e-01,6.922262937676978423e-01,4.037851113074444886e-01,4.246068890490857783e-01,8.353292998224507437e-01,4.230577326739742849e-01,4.871416928455548634e-01,4.413903479443766487e-01,1.480227730831819577e-01,2.608264408221292602e-02,7.626547106046088764e-01,6.472018125721774595e-01,7.604028393553894372e-01,4.889997640330360773e-01,7.221324645167824796e-01,4.904332748145507903e-01,7.854755787000596845e-01,8.178021354210632810e-01,6.139573658280930157e-01,7.882629705041290791e-01,7.535284446892638321e-01,4.079775618558066919e-01,9.495153221608310101e-01,2.330049140753396586e-01,6.516495697481856642e-01,7.621008309832478789e-01,8.313231709022989024e-01,6.687611337631926833e-01,4.040448072272485591e-01,5.522612067488864573e-01,7.585517863979351905e-01,9.420765874474661405e-01,4.823137737597756880e-01,4.545061894972944327e-01,7.320003648713926392e-01,9.003100052687015298e-01,8.226583291068920722e-01,9.953763646737856519e-01,6.616159688197345012e-01,6.454356426392560131e-01,7.042689879517696205e-01,4.488743111767748428e-01,6.241321859316972809e-01,6.585230242915547372e-01,9.210611922088072223e-01,4.902150667838590659e-01,2.763096925726745701e-01,1.415910472508632167e-01,2.531658156134417581e-01,7.546843259926137026e-01,5.247850929781637808e-01,3.587250479572801631e-01,-2.948887002279437231e-01,4.651582993044821590e-01,8.086898144371710284e-01,6.027129075608550490e-01,4.173176027293905022e-01,8.475871558021640384e-01
7.651843127726772886e-01,6.074841099132395339e-01,8.631347664058726110e-01,9.142679807178801799e-01,7.378257867215818333e-01,3.454746529951776557e-01,0.000000000000000000e+00,5.025402055956483816e-01,4.966248045882371009e-01,6.735212402735305526e-01,5.821600622904455902e-01,9.120024909352493214e-01,5.125381757407515559e-01,3.712122163157002275e-01,6.568049962426578681e-01,3.367699488795397045e-01,7.491450045908774058e-01,5.516999794476495911e-01,4.230274587501122174e-01,6.685897515525780488e-01,9.830927139880744070e-01,7.181539923026594163e-01,5.262185063317380562e-01,7.409633908886057441e-01,2.532886297020645050e-01,4.944392406931953365e-01,3.253798593236860714e-01,6.074933278673482207e-01,2.219207907718917794e-01,3.086020713617275146e-01,7.132611891672062387e-02,1.487936467581444100e-01,3.157172739619996671e-01,5.166878233784981678e-01,2.702633472961048500e-01,4.565580207997559786e-02,2.986002838212042931e-02,5.343278089408209919e-01,6.529827336528792880e-01,2.707206112682313259e-01,7.602815488642000741e-01,6.884356425209572361e-01,3.788388340515613795e-02,4.544453731839450672e-01,8.303708657474572208e-01,6.551272663236994420e-01,6.491876722502176733e-01,7.839042313676237717e-01,1.747706343024040265e-01,4.729811404924542106e-01,7.374327281162281755e-01,4.310080556197660728e-01,4.511712599580192107e-01,7.426747356998071314e-01,9.112204814474512693e-01,4.964488981936003298e-01,3.374403581555257547e-01,8.497793908482655922e-01,6.726507694433327966e-01,5.674817809634623567e-01,4.457158647047805844e-01,8.549264672751982763e-01,3.381945372994970556e-01,6.732913842353709377e-01,8.038749963907858564e-01,2.454730730870905431e-01,4.004359744117669262e-01,7.755000244619734140e-01,6.422476553480760408e-01,7.033629064757025429e-01,6.397756755501018411e-01,6.330439639553914200e-01,3.449520462329619397e-01,4.548191965905776929e-02,4.114170249489522702e-01,3.906331383581385097e-01,4.323081199159956034e-01,5.472692771310174731e-01,7.808207363755220731e-01,4.225891097699714383e-01,4.631998729074902066e-01,7.929266811295614392e-01,2.914323693442392726e-01,3.616604267485644675e-01,5.108406145305950385e-01
9.929945226424194971e-01,4.367837010612806714e-01,5.063207945483423345e-01,2.246171573679258404e-01,6.249754210254112596e-01,7.229391287829676216e-01,5.025402055956483816e-01,0.000000000000000000e+00,4.713751374735334898e-01,4.052570036319617652e-01,3.518937348774053286e-01,4.838604890070145048e-01,5.437267906708372900e-01,6.147718419208675344e-01,7.190355829319292624e-01,8.611422458964259619e-01,7.669788166151331188e-01,6.327038802364575165e-01,6.517384951229612255e-01,9.616409975272683930e-01,6.848024900585623076e-01,4.821713404243578860e-01,4.076300620273973774e-01,5.470698125476900486e-01,6.660396909376052887e-01,7.705947245367856802e-01,3.950204702160101666e-01,3.313776912471823599e-01,-1.528650927571388318e-01,4.051962314933580944e-01,6.246546981774492302e-01,9.401513362886664282e-01,6.003379597785422073e-01,6.934037548137190754e-01,4.800334071391459956e-01,1.507748579683394485e-01,4.960187830317775992e-01,4.463665750051070691e-01,6.021762400540403570e-01,5.957023479962544332e-01,4.130671334700994901e-01,2.544589103285205267e-01,7.264689115309448386e-01,6.195868221544953425e-01,8.142846235319614046e-01,7.051109789040502784e-01,6.386689126590887611e-01,1.421967940755594073e-01,7.994107873037988865e-01,5.068043391242202933e-01,7.070017529379368781e-01,4.514209643175261522e-01,6.425465052002725663e-01,5.172385856103168811e-01,9.643804597578564675e-01,9.109818944228482707e-01,4.701606634539560736e-01,5.438361009625058973e-01,5.136493586938999378e-01,3.803584641768080199e-01,5.621216633891348291e-01,3.824150144371818438e-01,4.929237259843921581e-01,6.091822123971538661e-01,7.708752625961288185e-01,2.293674631177819445e-01,7.312777657753418703e-01,7.295304148951854417e-01,4.747424418214136743e-01,5.753553525384536016e-01,9.698358403366207359e-01,2.089399828033389195e-01,5.939398577418437686e-01,6.981886045514654193e-02,5.059385235186762975e-01,6.102101654453970792e-01,2.051100315246587313e-01,6.578708136547478658e-01,6.739721955956148314e-01,5.607153085183889107e-01,4.384544139547935093e-01,6.806115050945027445e-01,2.403705064605740627e-01,7.114080202301837907e-01,8.176880850421199831e-01
5.255295450314694250e-01,5.952547280863991208e-01,8.173631108800802902e-01,8.868284671279377251e-01,5.874229275579203602e-01,4.557326069491546838e-01,4.966248045882371009e-01,4.713751374735334898e-01,0.000000000000000000e+00,2.415814517127053418e-01,4.044668551985085014e-01,7.123539002644501128e-01,9.004573755221910725e-01,8.766144684670621468e-01,3.744949236625937372e-01,5.315680474354176344e-01,5.157393591620811346e-01,6.427782620123264623e-01,7.729686697798154871e-01,7.756668336282308562e-01,6.336171250861099002e-01,6.768973950573773379e-01,4.797578770639217560e-01,6.272955175258081439e-01,7.480916381957330996e-01,6.870106958209905024e-01,6.220995060036482727e-01,6.153889692115599441e-01,1.434849961844850974e-01,7.952857212402102416e-01,-2.261890434051841425e-02,7.540897404300742624e-01,5.955960021856185893e-01,3.704818532868265901e-01,2.152153669427696869e-01,2.209195747901515072e-01,7.339934857844876946e-03,3.191621008004107418e-01,4.912237858395331336e-01,1.567782068736489898e-01,7.414097641749947121e-01,6.816250030850886654e-01,7.669645137531377888e-01,-2.118210211252495589e-01,7.790376998019319377e-01,4.265445462369713558e-01,7.827054257407985993e-01,4.403116737182555807e-01,7.782701861366172480e-01,4.318045786641468431e-01,3.120905516694013615e-01,6.070489943637304986e-01,6.828518026562524490e-02,9.622385315225661095e-01,7.591849949699485123e-01,6.766694754634428044e-01,2.285118807781014172e-01,7.582775849926415290e-01,9.461487019368249873e-01,7.439772160602446671e-02,1.386935566784635587e-01,4.703629796346558978e-01,6.752346275013116905e-01,8.917429669948095938e-01,6.276745347308800849e-01,5.289745078270053913e-01,4.907059491319257782e-01,8.204646117151874751e-01,6.557074421992409308e-01,5.315800314835474882e-01,6.106592484909143526e-01,5.465874645803098231e-01,-2.380489124378279420e-02,3.626266988828844573e-01,7.906353927321634334e-01,3.844299791267977717e-01,9.720161554215773769e-01,5.700465604482931603e-01,3.667632064289986227e-01,2.136741536706932010e-01,4.930302823712854887e-01,3.396693291064278863e-01,8.722354404052501398e-01,4.715496757137302430e-01,5.021874007518329908e-01
7.926569003585584028e-01,7.433210946807358166e-01,9.873253546627897004e-01,6.789643497694557439e-01,6.248590190797672639e-01,9.238170766126259092e-01,6.735212402735305526e-01,4.052570036319617652e-01,2.415814517127053418e-01,0.000000000000000000e+00,6.624485570968031700e-01,2.008925002108761237e-01,7.245306510551640100e-01,8.212002552034655123e-01,5.536894396808517138e-01,9.853298150670667388e-01,7.223551762369315732e-01,5.334777582710812371e-01,6.945993939490230362e-01,6.209212676923689944e-01,5.720498390167387814e-01,7.458519813255440889e-01,5.385326068294897794e-01,8.262849122582625050e-01,1.413252062606573933e-01,8.821788670116382791e-01,7.061553632367278954e-01,7.349705003603170805e-01,2.942883979053682042e-01,5.805486054632771342e-01,2.200477473074292090e-01,6.324838925660845046e-01,7.447521014337308287e-01,7.994539496688063407e-01,5.749197485012020881e-01,-1.881498857495800259e-02,5.098465379409339304e-01,7.555323796454280760e-01,7.165976413714110205e-01,7.406567546016902259e-01,2.602288480175957153e-01,6.120384881920551967e-01,4.961944098016692895e-01,7.635635157747566737e-01,7.765093095892491304e-01,2.627047116840792174e-01,8.744110504807414141e-01,9.283090306194869967e-01,7.939251414067416412e-01,5.641744070131544664e-01,4.681096122172024310e-01,6.735702216414118926e-01,6.999088568936810972e-01,5.962114795504696030e-01,6.589704458520493358e-01,6.079903199524476776e-01,7.015176177490788367e-01,6.350618705913285700e-01,3.568459966366852032e-01,2.745994174659157627e-01,5.463322784896063045e-01,7.181396264138685259e-01,6.437516698520953096e-01,4.002797191437963420e-01,7.892663211204802298e-01,6.640154314680323244e-01,6.888856527602084112e-01,6.196940732441017508e-01,2.604188912692799174e-01,5.551173496154028220e-01,5.553679235569479733e-01,6.320407971214540011e-01,6.662543617194914836e-01,6.159711539508128109e-02,7.978290254455816521e-01,2.272489062821128891e-01,9.268756428891321564e-01,5.354579429934930301e-01,5.013894131506387852e-01,4.237881752743266790e-03,6.451526048368019239e-01,1.432368412693743875e-01,7.391941949755115315e-01,3.634066945639926605e-01,8.987145486486372015e-01
4.882449632645305959e-01,9.277208947569292041e-01,6.396638560476543001e-01,6.268913490086031048e-01,4.480510020062534182e-01,4.019412519815683260e-01,5.821600622904455902e-01,3.518937348774053286e-01,4.044668551985085014e-01,6.624485570968031700e-01,0.000000000000000000e+00,8.073950371195278697e-01,6.818674783882897605e-01,7.192958523107084723e-01,7.443041040700723032e-01,6.780224013364386515e-01,6.332535031264957537e-01,6.393486436144957263e-01,6.616055907367879296e-01,4.349368375538278930e-01,6.945714874402802996e-01,2.842137826117485111e-01,7.760953244729427158e-01,5.028523842619233575e-01,1.283938858257768767e-01,7.492860598147375040e-01,8.985616024380834732e-01,8.694048152572714239e-01,7.709520990050321432e-01,1.279718155642677602e-01,7.794983787511354789e-01,4.685574304549382507e-01,8.933879305657560499e-01,8.257234990262246610e-01,4.401124795595216521e-01,2.018576348117738506e-01,5.806733222209934375e-01,7.309882994240860521e-01,7.693604134667464400e-01,4.730214373111734649e-01,5.209719374778305490e-01,7.428941533829388488e-01,6.310697893187928731e-01,2.309679058804376683e-01,6.444791112583412307e-01,2.742769856124623873e-01,9.521095258873953915e-01,5.522569634645043690e-01,2.289838119930387716e-01,5.253530158788947135e-01,5.825142202580924078e-01,6.432890949921217238e-01,7.553700471234161551e-01,5.048882902605149603e-01,6.806050839012678377e-01,6.012021928492849998e-01,4.488749746244702910e-01,9.638941954569222315e-01,6.203663661026189713e-01,4.412260888604544462e-01,6.347928948563333895e-01,7.234167566024486407e-01,9.837861384664453590e-01,6.809050217584683429e-01,8.997502415734871528e-01,2.834352610441451814e-01,4.567465129390257395e-01,8.403176691700039447e-01,4.617886274084475606e-01,7.230676143609892081e-01,5.267540909683405825e-01,7.908188421644927191e-01,7.049620487373482458e-01,2.015615090662051245e-01,4.563662107313268962e-02,2.628370248630162442e-01,1.155889871442515870e-01,2.770730218348398388e-01,7.336602545729612457e-01,3.568529427654563158e-01,4.313700159989148908e-01,4.054749358722570252e-01,8.829774722138601373e-01,3.673590853467885720e-01,9.510053057171610202e-01
5.597234504437587077e-01,5.701669221481284744e-01,7.048089584481596059e-01,5.764633995487443707e-01,7.388075116850323365e-01,7.098971050268257921e-01,9.120024909352493214e-01,4.838604890070145048e-01,7.123539002644501128e-01,2.008925002108761237e-01,8.073950371195278697e-01,0.000000000000000000e+00,7.436945919860237231e-01,5.154000014093399473e-01,3.767967758254558985e-01,5.375447361882261799e-01,8.491117820338297539e-01,7.970882927299605125e-01,6.287966360804447818e-01,6.873885495600076667e-02,5.831382223244526708e-01,4.151947156677894268e-01,8.490816641760977612e-01,4.345718146830547801e-01,4.392230550849689497e-01,9.410335969992884575e-01,4.152303688156710471e-01,3.481257546580810436e-01,3.292118779297979470e-01,6.428973808035538529e-01,2.127511182855528760e-01,5.410052944736289948e-01,2.290146452340239003e-01,5.595062969941104747e-01,7.268765487960711091e-01,4.694876444715647135e-01,1.422735386190206730e-01,4.516747353480856653e-01,8.007519931849665928e-01,4.385066940475182973e-01,5.215603185041303158e-01,3.105898905170639823e-01,8.207761567361540056e-01,7.926653081103620657e-01,8.728373364242225652e-01,6.978228227278778784e-01,8.741560192534758578e-01,3.410383093658164722e-01,6.292096017150122789e-01,6.261488524737637285e-01,4.112050339408798161e-01,4.958641371893176553e-01,7.853177115552281151e-01,4.172343896253533080e-01,8.895146025853561955e-01,5.439063742273292368e-01,8.282216884995959871e-01,9.086578341623771093e-01,8.866805621098736712e-01,6.235884983714514718e-01,7.054910525011688360e-01,5.104884313777492411e-01,6.293087370104757383e-01,9.101125192364636352e-01,7.807349066378698188e-01,1.305674602919076610e-01,6.796897579297436209e-01,9.698761820126504674e-01,7.987997389082924782e-01,3.271016805174624675e-01,9.769742271601452588e-01,3.775400490086749938e-01,3.173670432891361748e-01,3.483080484256454445e-01,5.374765388443560887e-01,4.281347582138692598e-01,5.948038217845290632e-01,6.632958208683921164e-01,1.210549865677158776e-01,1.831633373576289914e-01,1.597940401330117874e-02,8.843392945504708891e-01,9.937691260808341198e-01,4.925759536402525562e-02,6.404679900806642401e-01
8.012015058311373616e-01,9.162703520517926359e-01,8.721446475355306704e-01,5.506704342977669642e-01,4.770943281333099306e-01,9.603645934843411114e-01,5.125381757407515559e-01,5.437267906708372900e-01,9.004573755221910725e-01,7.245306510551640100e-01,6.818674783882897605e-01,7.436945919860237231e-01,0.000000000000000000e+00,7.206793676902292223e-01,6.443867165622462201e-01,5.492218521233027673e-01,9.365950913893051899e-01,5.175206906998214285e-01,6.171938569275190467e-01,9.595673115550481524e-01,9.520645426840902426e-01,6.739602828822686131e-01,7.461742942965469139e-01,7.237702625839346204e-01,4.167245515689447233e-01,7.716741248540085474e-01,4.256798558247927300e-01,5.611114691027113688e-01,5.864192758520230253e-01,6.910098995050236725e-01,2.839601034521803680e-01,5.936663993580078014e-01,7.240349977082480848e-01,5.415839884814168670e-01,4.706632447291390631e-01,1.550765045085542304e-01,4.837225170846891631e-01,7.114347512992654776e-01,7.398845550762918055e-01,7.965107952247234557e-01,7.626168273370501627e-01,8.220499419809818020e-01,9.474517506932699229e-01,5.247043406978616487e-01,4.684470452410304242e-01,9.206346135171086242e-01,9.649037842023866496e-01,4.581398891408102192e-01,6.759590501680554642e-01,4.704544474508719487e-01,5.600643266167806278e-01,3.411745010939521427e-01,4.282871200793650357e-02,4.983236787501773013e-01,7.677190304583925151e-01,5.093992795584288968e-01,5.683751103783857284e-01,7.775323651524332913e-01,4.800017924907546418e-01,3.110642015641016389e-01,4.119527876713722780e-01,1.676224626331770662e-01,5.988596805704926584e-01,5.465204201260317474e-01,6.275706883514663437e-01,8.151220923980819766e-01,6.428770256361305835e-01,6.439460957578486688e-01,4.120172288802764760e-01,8.281032039529909738e-01,3.496933193899782744e-01,6.428722619884518208e-01,5.960053281128604441e-01,3.544650561098002250e-01,3.822361479076111790e-01,7.737736508378308953e-01,8.072306389920645975e-01,9.604290858832350564e-01,4.873300330693400295e-02,2.333558186989265204e-01,6.958018929202302028e-01,8.317709379584854457e-01,7.277523607430363972e-01,5.204783791410398930e-01,7.160114219764001087e-01
2.032837861689596459e-01,7.322517992240039630e-01,8.717419299718225378e-01,6.575088504047394977e-01,8.606960669142271758e-01,6.075629687240214905e-01,3.712122163157002275e-01,6.147718419208675344e-01,8.766144684670621468e-01,8.212002552034655123e-01,7.192958523107084723e-01,5.154000014093399473e-01,7.206793676902292223e-01,0.000000000000000000e+00,8.732459079575606298e-01,6.851094142733162862e-01,9.011558522079355926e-01,2.061735398546780951e-01,7.008915524177090628e-01,9.518628661842322147e-01,4.648371576659336979e-01,2.117979676747640538e-01,7.473202203186646297e-01,8.914113823431752959e-01,1.786328748580970349e-01,4.147695380920903840e-01,3.045421890029328948e-01,6.159840736373781711e-01,5.879021030213531507e-01,5.346343912616330352e-01,1.690357391529070663e-01,3.342725340079565344e-01,9.206808535194425103e-01,3.848025155231099559e-01,9.249548838335861500e-01,7.293039600022005464e-01,3.806967421846692012e-01,6.194861745348247961e-01,2.848283911501801047e-01,4.000347366844673180e-01,5.704671482296332918e-01,2.919433322163469402e-01,4.015414256020349293e-01,3.896031925811728747e-01,9.013782698482100120e-01,2.326787453374073444e-01,9.012699560123893505e-01,6.230216734578969406e-01,3.988580393368938992e-01,2.704643379058017105e-01,7.094779240328595860e-01,4.000170534418693302e-01,6.599999221556867024e-01,8.637363105574799027e-01,4.194112046630963375e-01,1.974726178661810605e-01,4.574927992150857881e-01,7.739548685414160412e-01,1.507572040042748640e-01,4.902283035641077924e-01,5.009164373114096680e-01,6.858337421902165332e-01,9.236500543345760317e-01,8.124248698269030955e-01,9.053477485681875603e-01,9.727750753718980015e-01,7.473699940872324810e-01,6.233809557862077799e-01,5.535908901642325741e-01,7.729517051099619174e-01,9.990408740758305317e-01,9.448110251122390224e-01,5.263869237594998030e-01,3.517595762420167027e-01,4.230496330983045672e-01,9.480886044843724880e-01,3.033089707172949012e-01,6.308367495464913821e-01,6.778383056904405679e-01,2.620204553280373605e-01,8.201141247295344883e-01,9.555989763789469738e-01,6.302817017095320162e-01,7.194704043833584084e-01,7.911426361267545060e-01
7.351491656381404782e-01,6.203780488973481555e-01,9.425940393216373225e-01,9.821624743059124141e-01,5.496165857247841124e-01,4.136166326336934707e-01,6.568049962426578681e-01,7.190355829319292624e-01,3.744949236625937372e-01,5.536894396808517138e-01,7.443041040700723032e-01,3.767967758254558985e-01,6.443867165622462201e-01,8.732459079575606298e-01,0.000000000000000000e+00,6.150325871204871397e-01,4.421344745869266180e-01,4.096244028284578564e-01,8.645136827629136267e-01,5.896457329195750052e-01,9.367274566815823045e-01,6.900608749021025501e-01,6.492330150403077260e-01,6.530536744697432727e-01,7.956991916897053763e-01,5.552108459842286514e-01,5.394039389202917034e-01,4.055741646325697336e-01,2.487812211816957109e-01,5.046336610669784895e-01,2.194886141462287221e-01,-2.983742203401146265e-02,9.568312686402943301e-01,5.053361933947491114e-01,6.892034551849394175e-01,3.628615868509473819e-01,2.019787718859601400e-01,4.696496713868201778e-01,7.336093929908388267e-01,8.479807261757408288e-01,4.102783165718473790e-01,5.058318347816160854e-01,5.243921190529881038e-01,5.632134905319461371e-01,8.954242148877453733e-01,9.411013935264169739e-01,2.060415336866849856e-01,6.622726240993072055e-01,5.091772315681244443e-01,6.647734265188790515e-01,6.550250623100697389e-01,7.012260848957956316e-01,5.927111129275219881e-01,7.229397779981017180e-01,3.311307899622376594e-01,6.769981855376316915e-01,2.734767414712171996e-01,6.101554823186100540e-01,8.515994757942180193e-01,3.520248770245947290e-01,5.403799398640143359e-01,5.150094570931987858e-01,8.532939355164373962e-01,6.806015698493587118e-01,3.529044353858644678e-01,6.637988266065513177e-01,7.589560234980913256e-01,9.686699874760886786e-01,5.702919792114068409e-01,7.815924793838309181e-01,5.798207279591498509e-01,9.138663572380665290e-01,4.252264174611001257e-01,5.517207399473791352e-01,6.075617386587776059e-01,6.500754045814528537e-01,8.683719526897616392e-01,5.361004422638951938e-01,4.224587666317685536e-02,1.963221586482084557e-01,4.202275355855662475e-01,8.524071127044992036e-01,9.345868075021128707e-01,1.574424705098416422e-01,5.796666055407102558e-01
7.837846381487242331e-01,4.761841792266796047e-01,9.934597913918199463e-01,6.958963875479807770e-01,7.538557700565809983e-01,-3.200888233070303679e-01,3.367699488795397045e-01,8.611422458964259619e-01,5.315680474354176344e-01,9.853298150670667388e-01,6.780224013364386515e-01,5.375447361882261799e-01,5.492218521233027673e-01,6.851094142733162862e-01,6.150325871204871397e-01,0.000000000000000000e+00,7.883556085472196440e-01,5.201178015551227718e-01,6.094954929038285396e-01,5.939868627250695088e-01,8.062271132515212990e-01,3.057033211482853563e-01,5.505564976702452817e-01,9.041439468544651969e-01,2.731586560460373958e-01,7.339659450896778292e-01,6.530513788104493900e-01,6.431843510746634296e-01,4.411600017390958084e-01,4.842523017010943454e-01,1.191849791064300973e-01,6.308671467981458170e-01,7.580470152485974111e-01,9.030311574088613069e-01,1.231179568583503220e-01,4.967738006770379133e-01,1.369757698295506476e-01,7.052227426168218294e-01,8.692749333744669293e-01,5.937772824670349836e-01,2.462732036077939363e-02,2.442564455770367682e-01,9.749175063295780763e-01,9.770249920797102750e-01,8.594100501437677009e-01,7.854397144581446444e-01,7.285013300930165414e-01,7.471093912243409463e-01,3.497932523566574248e-01,5.179362738842087088e-01,5.360275524125871494e-01,6.793418496570204912e-01,7.663889966541183041e-01,3.560208314752885128e-01,5.713413222595869340e-02,8.921403645617843603e-01,7.314893939339367490e-01,3.016038288809126944e-01,6.759271982807942836e-01,5.583377312833888162e-01,5.069026859413487962e-01,3.797908595695813627e-01,6.775499661308483912e-01,5.105933628634949928e-01,8.222427323137279087e-01,6.791932677368728299e-01,6.656734484332024193e-01,4.357046322756528145e-01,4.937080360778751675e-01,5.669903438307418719e-01,4.520042378496329505e-01,3.079682469538179701e-01,5.976920545150905539e-01,1.997302668799954273e-01,6.476941092639204589e-01,6.733061393700084940e-01,9.503716414994231032e-01,9.686830312520201547e-01,5.356450195669794079e-01,1.774260181224648347e-01,9.032987878951469485e-01,5.368915066858699348e-01,8.599013008497562449e-01,4.150503835827751287e-01,2.936377575812126328e-01
5.202499111050125080e-01,9.453758044446765041e-01,8.710256846604200742e-01,9.599211142395347451e-01,6.768981967298151048e-01,6.403956526458307597e-01,7.491450045908774058e-01,7.669788166151331188e-01,5.157393591620811346e-01,7.223551762369315732e-01,6.332535031264957537e-01,8.491117820338297539e-01,9.365950913893051899e-01,9.011558522079355926e-01,4.421344745869266180e-01,7.883556085472196440e-01,0.000000000000000000e+00,6.681992031502723695e-01,7.303724540802610798e-01,4.393106087701202922e-01,5.900540956244124668e-01,6.437223790913462196e-01,8.401353363160657395e-01,8.017543364973793718e-01,6.361475530433159387e-01,8.131851511363734630e-01,5.463243172709271178e-01,6.490606041168601736e-01,3.939293295766741476e-01,5.700290966319382369e-01,5.286298529594857243e-01,7.512506719600118288e-01,9.043212500751244276e-01,5.978977220642835988e-01,8.093130142267404015e-01,4.125229970652970479e-01,5.927763562344924297e-01,2.174040459087554084e-02,5.640321421534991719e-01,9.274608348061658125e-01,4.842014756855754776e-01,9.760283566840392000e-01,3.265520510949719846e-01,6.945354732947277565e-01,6.908552008398013422e-01,8.374512570457280924e-01,3.703703973618896472e-01,7.098691735768383193e-01,6.889516484825765064e-01,7.302198976663130114e-01,3.888067691431645878e-01,6.163805061894489512e-02,6.586666763857258466e-01,9.216857569406881057e-01,7.267348502463404358e-01,1.788647339309109296e-01,5.417694185489625447e-01,5.513916859545676674e-01,6.786045066577161000e-01,6.523000960235472157e-01,5.811430745157679656e-01,4.339728423030141946e-01,6.519568907418505921e-01,7.071907999424638103e-01,8.863882883445109995e-01,7.432413563564926884e-01,8.404240899445494239e-01,9.443307776441244306e-01,4.624300780614380435e-01,6.916989308884461396e-01,8.973601169402933841e-01,8.209195084507551199e-01,7.602553251858746863e-01,1.749216099617117715e-01,9.603810771421388282e-01,3.434867769879830224e-01,7.547957388875123907e-01,6.962280718503836008e-01,1.790556908925869106e-01,1.198320275373007809e-01,8.749923471824556653e-01,6.578308467499131007e-01,7.378003888322620663e-01,1.748079825466351822e-01,5.665627315827141963e-01
7.318432293071212014e-01,9.492085647126157211e-01,5.033450861397661402e-01,8.374466885732726462e-01,3.499682066609751674e-01,7.744956807213212446e-01,5.516999794476495911e-01,6.327038802364575165e-01,6.427782620123264623e-01,5.334777582710812371e-01,6.393486436144957263e-01,7.970882927299605125e-01,5.175206906998214285e-01,2.061735398546780951e-01,4.096244028284578564e-01,5.201178015551227718e-01,6.681992031502723695e-01,0.000000000000000000e+00,3.450237224610828157e-01,8.359917374859411332e-01,8.089535214505116922e-01,1.330152989401210961e-01,6.538155156450425887e-01,9.558765766509682571e-01,5.043316847578186435e-01,5.710242647471283073e-01,8.768856102328778102e-01,5.049277297677111642e-01,3.237305717044128284e-01,4.728679301613878394e-01,3.565355337795026447e-01,2.840386826622351979e-01,8.240248557161369836e-02,7.198707037787234198e-01,5.273384814562923628e-01,8.954409778250355112e-02,3.372545149003896015e-01,2.451781070361444548e-01,7.236309815061320316e-01,4.911489099959012172e-01,6.096119706525033877e-01,7.938045369092781023e-01,9.621430005599698188e-01,6.213251879180029524e-01,5.173549632574460100e-01,9.420277319085625933e-01,8.231282461627938973e-01,5.695488982574313797e-01,2.904938681799815181e-01,2.355214925688782490e-01,7.016253327377981464e-01,9.152863783487548144e-01,9.535730492816552051e-01,6.205676422172879958e-01,7.195471889414554179e-01,6.343129704509508082e-01,6.279617165150740421e-01,9.090099384920576064e-02,3.135563897648901421e-01,6.270581001045766323e-01,3.189408323184983463e-01,6.626057379433946126e-01,6.319436886369982354e-01,4.988780612698234251e-01,8.854623320391228347e-01,7.596892449278462855e-01,3.693327459557994019e-01,4.912256125669159923e-01,9.378486287779650432e-01,4.987590795542355959e-01,9.258085392575859940e-01,6.787646406258144305e-01,8.510816946484869860e-02,5.860780205824734912e-01,2.610663309747820460e-01,3.296170851622155784e-02,5.512317767051089223e-01,4.773189847572398281e-01,-1.987822537967562364e-02,1.746246945787009175e-01,3.298048690466605648e-01,6.260268015908482253e-01,7.204354381055453338e-01,3.544174410728109098e-02,7.876058613079949255e-01
