0.000000000000000000e+00,5.614682797764645183e-01,7.565337436155317175e-01,5.511028035836409433e-01,7.467804891442357818e-01,5.084076615945816169e-01,5.268807554627092937e-01,7.188112454711540478e-01,8.187098705242857877e-01,8.032370998282609698e-01,3.455399883720466914e-01,8.284158743378058354e-01,5.826774215429060266e-01,9.251708252592756310e-01,8.355721809486469365e-01,6.644473019445380491e-01,5.130216273235120861e-01,7.643046684560509396e-01,7.314393741372982038e-01,3.367448412749595166e-01,9.342214063650761124e-01,4.994146990261544850e-01,8.735776978972421558e-01,8.911655000151333939e-01,8.203978646295080335e-01,9.267741325465471691e-01,4.194058943205435375e-01,5.724315749955832811e-01,3.293616872812132890e-01,4.261700973425350258e-01,3.914301385741100203e-01,4.612033608083530578e-01,9.521609511373404500e-01,4.306412776009409527e-01,6.428222608539101435e-01,7.645656086231394921e-02,-8.981447307788958945e-02,9.222278684504435775e-01,9.734225712437744038e-01,7.176636537644747182e-01,5.496904136256547391e-01,9.185027961886693681e-01,5.862772233514270681e-01,7.229941809216855475e-01,9.847823111975777532e-01,7.602297420370254244e-01,6.267088771842492800e-01,8.672045477645411449e-01,7.127558174087933462e-01,9.831581998247986842e-01,5.278969869551086713e-01,8.518567521920155095e-01,7.885079885318340143e-01,8.948954114279138450e-01,7.662178645398158849e-01,9.038723657427311098e-01,6.253744389736184406e-01,4.621748279860618536e-01,9.933258364423644959e-01,5.717352269146595001e-01,5.688516011382762638e-01,9.946304903879206183e-01,7.153080553029619315e-01,3.383241478843495020e-01,9.929234828425341775e-01,7.030146050892297493e-01,7.709059049158395460e-01,7.569916105369816073e-01,3.928763197209017011e-01,5.024967394273475163e-01,8.935529178636961722e-01,6.749926319644792283e-01,3.582132371048358799e-01,1.551391991051031538e-01,9.033847735339943785e-01,6.990197208600195111e-01,5.076890687693614845e-01,6.425426754883443170e-01,3.860804683531265380e-01,4.099410235332404673e-01,9.112683677293110796e-01,9.130759714155891604e-01,7.782625543918960664e-01,1.280324513993538194e-01,6.680821743897661369e-01
5.614682797764645183e-01,0.000000000000000000e+00,9.127978908480379738e-01,4.491245501027468223e-01,5.301199928473482315e-01,3.521265027300968242e-01,3.960443040947265736e-01,6.413587791302644003e-01,5.449509199716304764e-01,3.782972215649891279e-01,1.179708789583773787e-01,8.895627423984880933e-01,8.866583981209267273e-01,7.603102975693080134e-01,6.174588406258287865e-01,7.986539140779999046e-01,7.526016025412463062e-01,8.779408661492497101e-01,1.552255295328516527e-01,8.241236266835241242e-01,5.880084428250704764e-01,5.624272749075404088e-01,4.242215032411410514e-01,5.423347370646657284e-01,4.697782486610312391e-01,6.001597082247571713e-01,5.710816373491142128e-01,7.146350155300891516e-02,6.080427092757072494e-01,1.691860871110942854e-01,5.563328385968984158e-01,4.843935006145502764e-01,8.214439659376031599e-01,8.867301321285676607e-01,1.849058201882700925e-01,3.154584161026153799e-01,4.521186183564821492e-01,7.045475513169746629e-01,8.706331685166980305e-01,6.073380828364498552e-01,4.508070964445928253e-01,4.748446184828124528e-01,7.722338389799465741e-01,9.503377708572331439e-01,9.332924566150081480e-01,7.849230056754608054e-01,6.949358780702358240e-01,4.835469536608262286e-01,7.227444468183052972e-01,2.321303738212160961e-01,2.203576020782744838e-01,9.855336936222537370e-01,8.601722595043865827e-01,7.761883734429148030e-01,9.997976529582308647e-01,4.991539469349238756e-01,8.618381082516300973e-01,4.914021178034332915e-01,4.247181502397202046e-01,5.207781959470636490e-01,3.720767337729810054e-01,6.132245438050397679e-01,2.917468604075537097e-01,6.240622518238033711e-01,8.149003910138479245e-01,7.226225894009006279e-01,4.287496464647068128e-01,7.017712002311755626e-01,7.487243537070447097e-01,8.984687317787167782e-01,6.024000531477221587e-01,5.173505349223779248e-01,3.911890949968064302e-01,6.655517400239243653e-01,7.349177464559311090e-01,9.589119099457983353e-01,2.489796579351938877e-01,5.418148917346037319e-01,3.273447285275936647e-01,1.901964896642170388e-01,7.914658924472608437e-01,8.378613586408119041e-01,7.911141360257505362e-01,1.939260444726826904e-01,6.290817464935215542e-01
7.565337436155317175e-01,9.127978908480379738e-01,0.000000000000000000e+00,9.987081479155177632e-01,8.965429139314523566e-01,6.575161548673915668e-01,6.141914185684580474e-01,2.214930884488017504e-01,9.413708897676258402e-01,8.402480371890057587e-01,6.471655017912678609e-01,8.263529510060292349e-01,2.797437853849110700e-01,4.623882941908441513e-01,5.740999855853922140e-01,6.002343078204274152e-01,9.488305432858161748e-01,8.121229900889295195e-01,5.625369071193582204e-01,8.974511803356052253e-01,4.038330190170246747e-01,9.503582744084722034e-01,8.850594991518219157e-01,7.792832309359062348e-01,6.140934681073801915e-01,5.352163601151150862e-01,7.862109755193589233e-01,9.730344089310959399e-01,4.810883776063085149e-01,7.764771965574741863e-02,6.129778846318248986e-01,9.841229888111969748e-01,8.502901123535095973e-01,7.023931334699027307e-01,6.983740904351252166e-01,1.355463348280198099e-01,5.539136787892189329e-01,7.011614051145409476e-01,9.007841047604790985e-01,7.526668316724461905e-01,2.094963241287466083e-01,6.437012344336791037e-01,9.682987506797311461e-01,8.895472344584117730e-01,8.301116717526398903e-01,6.844927140792008702e-01,7.631009660399658001e-01,6.360923952180627117e-01,8.290078979743439325e-01,7.579328861686291940e-01,8.524405791184643810e-01,9.582500194726027987e-01,8.691793958137876697e-01,7.433395749430583566e-01,5.550470766467695549e-01,6.259361552471696122e-01,6.892799530851720924e-01,7.596500887715227357e-01,8.160476912211547251e-01,5.607483094032426063e-01,2.545941261081652862e-01,7.750954363224936694e-01,8.751520131217213061e-01,6.083070775502802396e-01,6.364065648812931020e-01,4.156025321170699338e-01,5.022291206825830745e-01,7.139773172064628470e-01,5.055741527043945416e-01,5.006597002006007990e-01,7.423242814812794910e-01,2.874037003484968822e-01,6.062761474601928713e-01,2.531535919466949558e-01,8.176749911495428957e-01,6.470375898208270415e-01,4.654055833080331661e-01,7.988383999303203531e-01,1.360550601099523929e-02,1.671664193365082485e-01,5.474410096167705575e-01,6.432970270711184657e-01,6.153389557423529777e-01,9.258861448021418195e-01,9.009879601332549948e-01
5.511028035836409433e-01,4.491245501027468223e-01,9.987081479155177632e-01,0.000000000000000000e+00,7.858627691388235803e-01,4.520196891748086698e-01,4.853574909709832408e-01,6.155208257272324346e-01,1.197275383694276912e-01,6.108812274573334200e-01,6.590451582068712622e-01,3.792563515512182848e-01,5.383384569727580615e-01,5.438918489923590949e-01,7.262265822912860047e-01,5.960349908906427130e-01,8.040256216290246893e-01,7.582471803842074642e-01,4.427290610116625946e-01,9.148208433502121872e-01,7.275785019366401984e-01,4.970628094433613420e-01,7.781217994115509073e-01,6.647644019094833823e-01,6.252407818274560158e-01,-1.298703216288593643e-01,7.967647421610973835e-01,7.091623750087925337e-01,3.639163559306994311e-01,3.293697439309867803e-01,-5.602445661782798347e-02,3.171894106603223018e-01,5.281936713689662222e-01,5.020824769824265843e-01,7.062240594188784470e-01,4.766823230029460512e-01,5.879338763809425217e-01,6.606934009889128268e-01,7.503034735052422910e-01,8.465564957875750807e-01,2.621489332276323581e-02,4.769707853012764009e-01,5.786459008844786478e-01,5.536803968267504095e-01,6.147554121800352656e-01,6.708266019143763748e-01,8.643633130541468201e-01,8.495329112827448848e-01,6.096141308081413079e-01,6.344588947246487809e-01,7.420615921436856111e-01,1.387813597369489949e-01,1.652320385203389641e-01,7.195180732193194872e-01,7.729355711527319261e-01,9.291975037070904220e-01,8.553227692707432439e-02,4.875932957644454890e-01,9.634780169615747569e-01,2.780076504530308926e-02,5.348894171658863383e-01,9.210940799239355492e-01,-1.941314787544135279e-01,9.395304830353088388e-01,9.707995517981382605e-01,7.103450863788047798e-01,7.216239395759819208e-01,6.247289043168398059e-01,4.784646884998651761e-01,7.123904590492150524e-01,2.580723314888920816e-01,8.423525239349038962e-01,4.835529799568200060e-01,2.156541044453787470e-01,1.043322386596997192e-01,9.788389222805659040e-01,4.185775436580798092e-01,6.113207578289401312e-01,4.901435708540172742e-01,5.838544833385925781e-01,3.318528226631268785e-01,7.506077100173255134e-01,4.746253163443484580e-01,4.862796009670600217e-01,2.119532753120874635e-01
7.467804891442357818e-01,5.301199928473482315e-01,8.965429139314523566e-01,7.858627691388235803e-01,0.000000000000000000e+00,5.631249131431338428e-01,3.040830705935554934e-01,2.814928203721375199e-01,3.584827048807018857e-01,4.026899452196620599e-01,7.363984691666620730e-01,4.518895713788397828e-01,3.970769665474382371e-01,6.964535283795091347e-01,9.699567107775093344e-01,4.109722324843589347e-01,6.927535858311472117e-01,9.452149315923251693e-01,6.638325532196739376e-01,4.043741351762034641e-01,4.284495283639887520e-01,6.592341350114483411e-01,3.546418586458474076e-01,6.600844435064278093e-01,4.785168967023115116e-01,2.932363827940479561e-01,7.299257742951341665e-01,6.177510488071609185e-01,4.030397452234028566e-01,2.874642859905568448e-01,1.640682993516658916e-01,1.437443856766934258e-01,8.792653676320162370e-01,9.046701213563915767e-01,5.024060852664287147e-01,4.453718570602582250e-01,5.284664150031216368e-01,6.786577863131872945e-01,9.087862220138565039e-01,4.123888339091659749e-01,3.710707455819488576e-01,2.652371286338086609e-01,8.866376151241621706e-01,6.507876568999950706e-01,4.673014713977117207e-01,9.781954647159293303e-01,8.662621320910257605e-01,7.841454137728122165e-01,5.882388665940093686e-01,6.132364219948558404e-01,4.317729614273164152e-01,9.156255603047845915e-01,7.687487408477382544e-01,5.305140402195367422e-01,7.743378425413088850e-01,4.753729796263025942e-01,6.305626707045101087e-01,2.146272073457211327e-01,7.252645913241191344e-01,7.605908499159816927e-01,6.341976717519786089e-01,4.959482445169211551e-01,8.162378186527710078e-01,8.069611256248331310e-01,4.528070166200939828e-01,4.886893765797449829e-01,9.802691449616266484e-01,7.436051508475431948e-01,7.397442210169248300e-01,9.771816895025460248e-01,5.843512514238966560e-01,4.684850550430631477e-01,2.057934335670559833e-01,6.474320856351386544e-01,3.274383894989930655e-01,9.074964362385334882e-01,6.699298846725789680e-01,4.780208942242109016e-01,6.535271751413455066e-01,4.669089881208138282e-01,7.353246062289601204e-01,6.592882034236415834e-01,2.572416369855772267e-01,5.351310260089410242e-01,3.517474948968389858e-01
5.084076615945816169e-01,3.521265027300968242e-01,6.575161548673915668e-01,4.520196891748086698e-01,5.631249131431338428e-01,0.000000000000000000e+00,7.331774434025972731e-01,2.367765646821042569e-01,5.364997306374411634e-01,7.728941841506785648e-01,7.400657898901955578e-01,7.997502124385269529e-01,3.185114170304387815e-01,9.239827105683473540e-01,6.860212668440285322e-01,3.389494654217147795e-01,7.526741827648690819e-01,5.439919286670278353e-01,2.818684682540046338e-01,6.907422348549163704e-01,7.173341525402604502e-01,8.414293290207186526e-01,5.947190752190931740e-01,3.810324949470456080e-01,4.225840205467251143e-01,5.249456352034711504e-01,7.049901902087705174e-01,5.290484584138918089e-01,4.993306513025572713e-01,-4.228539089323007927e-02,2.762418308520294130e-01,3.729238277382778549e-02,4.639811388010433441e-02,7.648324434249988979e-01,5.089499280910885215e-01,4.084142600845540594e-01,3.641651328074232419e-01,3.448676356607971796e-03,1.130784835438384539e-01,4.263777326539699430e-01,2.766082232893642967e-01,4.624005835382450913e-01,6.271789295616356785e-01,5.600760728325502313e-01,9.971736808870390600e-01,5.168880349322034773e-01,3.775336849988003562e-01,6.546067811125159119e-01,7.486679888436633679e-01,6.838023770359207276e-01,4.388457883827887596e-01,6.596797442986499505e-01,7.149967457055846909e-01,7.438676585738421831e-01,6.484490840921476318e-01,9.465906336757843320e-01,2.528545634063726899e-01,2.879630499817333877e-01,4.527093158646031124e-01,1.675148505090662265e-01,3.591467062673361355e-01,2.386846259775812773e-01,6.887673034204846445e-01,6.485889301713607669e-01,8.895118549447916800e-01,-1.700766990262438105e-01,2.875508434586557249e-01,6.707832130844183505e-01,5.099581843669311887e-01,4.984212831388553644e-01,3.429405658041984051e-01,5.838023115485010406e-01,1.292775498988201280e-02,2.548720538068200980e-01,3.995938176149866905e-01,8.316657228060456708e-01,4.762446389614544140e-01,7.857318793193375228e-01,4.898958472358959648e-01,3.890321564530829779e-01,6.054534270566518384e-01,4.888416980689452851e-01,7.027338071393657293e-01,3.622814850348291538e-01,8.939270369616161283e-01
5.268807554627092937e-01,3.960443040947265736e-01,6.141914185684580474e-01,4.853574909709832408e-01,3.040830705935554934e-01,7.331774434025972731e-01,0.000000000000000000e+00,7.740994985389670902e-01,5.269010581706453644e-01,2.175842491086522890e-01,6.793271366283910595e-01,2.930372597266952539e-01,7.965102105887753581e-01,6.458652530547854820e-01,5.122597119167986435e-01,2.908040418687188877e-01,5.589780129077465132e-01,4.014638835931940708e-01,3.428740414659854352e-01,8.285274752729581138e-01,7.185133979604789722e-01,5.198614136602319746e-01,6.589883949443229305e-01,8.860927111326868388e-01,6.413340856381898325e-01,8.562904567886289731e-02,5.397819713608369430e-01,3.144989473283813508e-01,1.881454067045927603e-01,3.156040621217423014e-01,2.039562172506113880e-01,7.890331537385758542e-01,7.295104186934666668e-01,4.133150037816404332e-01,4.947972980739117066e-01,-1.228794444261928215e-01,2.694251399416233150e-01,7.849161635188490749e-01,6.675719072208581295e-01,6.316266439364931484e-01,3.866789639812118207e-01,5.095991325572984953e-01,7.209140882736819744e-01,5.081155879184058310e-01,9.678065414739165373e-01,9.074294746304881198e-02,7.193419934398093130e-01,5.000831178425025891e-01,6.672652205075148002e-01,4.275086922202310236e-01,6.623861843122621496e-01,3.426188133932672741e-01,2.212991108732037526e-01,4.624723953888377759e-01,3.863321386714614336e-01,7.893828296793554689e-01,1.792908895108863421e-01,7.479219745976187772e-01,7.163214882721010701e-01,3.896335539567220563e-01,3.941761583093915666e-01,3.393835801908309246e-01,5.759892777017716625e-01,7.216651839857614048e-01,7.802827720678910950e-01,6.657093608585593625e-01,7.725347354307359193e-01,8.572983276472980751e-01,4.179933416482630726e-01,6.059775097193275117e-01,2.123593821426728867e-01,4.623654394692265357e-01,4.936581104132720110e-01,5.469324078238857467e-01,6.609265512182955771e-01,5.614572538212559971e-01,2.990875324226434651e-01,5.890888542336351064e-01,3.810593246638541709e-01,3.147078945237152814e-01,3.807300613582159654e-01,6.505520555503464530e-01,7.190426994424748974e-01,5.527463740597380326e-01,4.930344130974311234e-01
7.188112454711540478e-01,6.413587791302644003e-01,2.214930884488017504e-01,6.155208257272324346e-01,2.814928203721375199e-01,2.367765646821042569e-01,7.740994985389670902e-01,0.000000000000000000e+00,6.722779655795179110e-01,2.369515386911562882e-01,3.783153773490933736e-01,5.392069811460404871e-01,8.871767739134819308e-01,9.793788029808347950e-01,7.886735873934759278e-01,5.422174126359480262e-01,4.038089207586222917e-01,5.955156409717721200e-01,7.016131301450272417e-01,8.593122682076594909e-01,6.434515946858718749e-01,5.339392122437820465e-01,2.205684800959339109e-01,7.291933088655366824e-01,6.515844460071588129e-01,7.188206619685140186e-01,2.415301935705337077e-01,4.755454480185064003e-01,6.063005803379563075e-01,1.957255494912441551e-01,4.202300505830702804e-02,2.917929305241217519e-01,5.150216848504755029e-01,7.975899815177297514e-01,7.057146162235476972e-01,5.158607130774737204e-01,3.606319674940825643e-02,2.732661800936114771e-01,7.897724349203543159e-01,2.828815114981643730e-01,3.590541972525810310e-01,1.892970721555823355e-01,4.044075588946088318e-01,6.703545056036148697e-01,9.244772266616663181e-01,5.001798123687869468e-01,2.112060533347963065e-01,7.031162733033808898e-01,8.681881403116539220e-01,4.698352244949811629e-01,4.763716033941538530e-01,5.084821534511320129e-01,2.893980930107230010e-01,4.842942944626211776e-01,5.892548261833121526e-01,7.432952593948326525e-01,1.238424564108621118e-01,6.235887945231644025e-01,6.478606439058494093e-01,5.513657776082270257e-01,8.077121066185791731e-01,5.849918966319102021e-01,7.431231791406867071e-01,8.902701502120313748e-01,6.277679208386612864e-01,6.192708531016842821e-01,5.115835542618035747e-01,4.044804057774950001e-01,-2.730588042028816997e-02,6.493357163762570883e-01,6.634735852716172610e-01,6.043578607940023328e-01,6.381879737235175432e-01,4.631932241662480854e-01,3.320549853316654421e-01,2.115362252574026491e-01,7.045741180046471985e-01,7.543055103679927598e-01,1.828408723720832407e-01,-1.869384233868203460e-01,6.398709377290675571e-01,3.844331310077657715e-01,5.447121737797712138e-01,2.545060173555918626e-01,6.964088657850133757e-01
8.187098705242857877e-01,5.449509199716304764e-01,9.413708897676258402e-01,1.197275383694276912e-01,3.584827048807018857e-01,5.364997306374411634e-01,5.269010581706453644e-01,6.722779655795179110e-01,0.000000000000000000e+00,6.444970177849840276e-01,7.069479342890518936e-01,6.783417147500920841e-01,8.074227480744378127e-02,4.954681249571294410e-01,6.722393865830716964e-01,6.566995856273392107e-01,8.829856587845457128e-01,4.908389488391282085e-01,4.326004316852654075e-01,6.994835707606159581e-01,7.905530745946279247e-02,6.287646308673126017e-01,3.692773295447591142e-01,6.053080069766842986e-01,6.997501614160306534e-03,3.308644558977027472e-01,6.907824551766866827e-01,7.173010932844111620e-01,2.401205998788626395e-01,4.184549279054864401e-01,5.537656037399698583e-01,6.842294147336107635e-01,2.729544441788157583e-01,7.386891510404046679e-01,5.383984425188146350e-01,6.905892659960682911e-01,3.973789298382167656e-01,6.308318927498398621e-01,9.493892430529752291e-01,4.807979158645188655e-01,3.377103667163783296e-01,4.440415529134743577e-01,6.787623830616907883e-01,7.455083597552687458e-01,7.468406137742717998e-01,5.038377922707154566e-01,2.727171717880185198e-01,2.952423795180125210e-01,4.439733598091468170e-01,5.121169613131728582e-01,1.286354367388438669e-01,6.835201892042989114e-01,6.698393721583462135e-01,6.461095134825627362e-01,3.336845115496162029e-01,7.544313017430337442e-01,8.674546058662845338e-01,9.729406753486057324e-01,7.813847152373810667e-01,2.245351320305796761e-01,2.034623570341770327e-01,5.371067330370299375e-01,2.306829581667729223e-01,6.180450638817703846e-01,6.647361084262487507e-01,6.976649625838193813e-01,7.324403559265785235e-01,9.646838262217730664e-01,7.585007954124719509e-01,3.221114027570519678e-01,6.080966396191825885e-01,3.568174545177539292e-01,2.859524905952720575e-01,3.851809531837831202e-02,6.442209543401011818e-01,4.685996325715372501e-01,2.702351990216818045e-01,3.496588700928854321e-01,5.703263010587907855e-01,4.862749667019956590e-01,4.621215666744529216e-01,7.963221275878784589e-01,8.157652594931003032e-01,2.999971408239655579e-01,5.591316389820076838e-01
8.032370998282609698e-01,3.782972215649891279e-01,8.402480371890057587e-01,6.108812274573334200e-01,4.026899452196620599e-01,7.728941841506785648e-01,2.175842491086522890e-01,2.369515386911562882e-01,6.444970177849840276e-01,0.000000000000000000e+00,1.431562540351477564e-01,6.534912728796756776e-01,4.589235917051110447e-01,4.767127542883607960e-01,2.450726685668035976e-01,5.252166993804808781e-01,6.907730960771131246e-01,7.022910011971102984e-01,7.796341361089492716e-01,6.695360377418796416e-01,9.491244683064266052e-01,6.919124227674275929e-01,6.066074295682212236e-01,6.643441654840072097e-01,2.702895432448584323e-01,7.742147840315688478e-01,7.132644965769545653e-01,6.418909438555644442e-01,2.990241687429684991e-01,1.939734963914438171e-01,1.766346474809291633e-01,1.036617218525516942e-01,9.679225319626877377e-01,5.384618832846809200e-01,2.492378942592411439e-01,2.508551547412786187e-01,3.484442840034930322e-01,6.651292561393447045e-01,8.960664082216404092e-01,6.063296299165708003e-01,6.462405125515209292e-01,5.016446235011765564e-01,5.497482569710441247e-01,7.382111677773007807e-01,4.032637804948541183e-01,4.927806606480776841e-01,6.790322080105746227e-01,3.783025286017611677e-01,4.297918411961952900e-01,6.639044223588824734e-01,4.134587176023934996e-01,4.647480755336163005e-01,7.438682531169443779e-01,7.373395488069294235e-01,6.513287124648305948e-01,9.355351470561291682e-01,4.946669385577621147e-01,9.606555485349679291e-01,6.519106145407314867e-02,6.043141026573771724e-01,3.182970194116321316e-01,4.659346478042424855e-01,5.249704722171740778e-01,2.059877063291730703e-01,4.282937868919223234e-01,3.754096052199372702e-01,6.752627076071309187e-01,6.026717806627102103e-02,5.518886593889978931e-01,1.515365492727965002e-01,8.348354261663791798e-01,9.241303500246447200e-01,5.202156054243466388e-01,5.195130519161552662e-01,2.975879515068668990e-01,3.419251042694800846e-01,8.720609726934406281e-01,5.325510262668402550e-01,2.121425438828425936e-01,1.936444279169771965e-01,5.081585505073012154e-02,3.889778865062223367e-01,6.559265293281937304e-01,5.186113936571373761e-01,7.167370978220702904e-01
3.455399883720466914e-01,1.179708789583773787e-01,6.471655017912678609e-01,6.590451582068712622e-01,7.363984691666620730e-01,7.400657898901955578e-01,6.793271366283910595e-01,3.783153773490933736e-01,7.069479342890518936e-01,1.431562540351477564e-01,0.000000000000000000e+00,6.227194979897697769e-01,5.302324539222392774e-01,6.432203042706103879e-01,4.432691261178661746e-01,7.121507973049572282e-01,7.907233433996267991e-01,4.500130909166621396e-01,6.040060739217455454e-01,7.286092951000826545e-01,9.403644123826491175e-01,5.673073109741166853e-01,9.896618802597332287e-01,8.235076450695538730e-01,9.360248604466469766e-03,7.959064084518201465e-01,9.120433768056961377e-01,6.285302789478958152e-01,5.910499282659864573e-01,6.955547304196676439e-01,3.860277514171437385e-01,7.364005008121283780e-01,-1.677627248489052536e-01,3.804284874512411374e-01,2.262558628313348918e-01,4.788435678430431608e-01,5.210576518954955771e-01,5.043076690648011784e-01,9.410987218401521970e-01,4.295369897572967610e-01,2.221776240174895833e-01,7.006829074149966141e-01,8.015472133920451547e-01,4.067010001277568954e-01,7.185275005131543935e-01,4.235564283533940211e-01,6.826889308420442948e-01,4.087176745392034904e-01,7.949123194875733489e-01,7.302682802175763932e-01,4.834381445607649486e-01,4.200825008975062058e-01,5.695319968528228527e-01,6.981086344247926512e-01,6.543662940777521531e-01,4.892804466726589085e-01,7.138036803081533321e-01,7.757232858932804342e-01,8.063184134161851535e-01,2.436920575725036175e-01,2.526754583559303047e-01,7.223817369322703685e-01,7.830465088670847118e-01,8.800516958119595223e-01,8.601443273961566494e-01,9.307559265097158363e-01,6.622025787755850823e-01,6.479421930050822676e-01,4.712950974607333365e-01,4.905482666529502045e-01,2.178853790264544676e-01,2.711726374570677667e-01,7.691319779630731990e-01,7.656227597096137982e-01,5.305474394752996981e-01,3.405735621649479405e-01,5.189697983220203925e-01,7.847996388128091194e-01,4.078369530752224414e-01,-1.520454854827297253e-01,2.554041037353648735e-01,9.691198026986111991e-01,6.041054575339807053e-01,6.867464526568356487e-01,5.602788171560006969e-01
8.284158743378058354e-01,8.895627423984880933e-01,8.263529510060292349e-01,3.792563515512182848e-01,4.518895713788397828e-01,7.997502124385269529e-01,2.930372597266952539e-01,5.392069811460404871e-01,6.783417147500920841e-01,6.534912728796756776e-01,6.227194979897697769e-01,0.000000000000000000e+00,2.256671058489204962e-01,6.969727458747109194e-01,6.828774474242478298e-01,4.007789048161861656e-01,7.683501470296112412e-01,5.653051664784800590e-01,2.933580953410166448e-01,7.066955003692243498e-01,9.860813279950069177e-01,7.045801234327259133e-01,5.977301026567295450e-01,9.740213644570780982e-01,6.661590708576472508e-01,9.098882766432943026e-01,6.816589153391522382e-01,6.618131604738106688e-01,5.855002297481399776e-01,5.659187914248094975e-01,3.558489645655496525e-01,3.429351571716101610e-01,6.728176754715635699e-01,7.405469296610046603e-01,4.194792732974592653e-01,4.861514953232268926e-02,5.712151445143247575e-01,4.085832303136041066e-01,4.303107444690293937e-01,6.946245868871119278e-01,7.219405316568477948e-01,9.792560069727760386e-01,7.823272928812884386e-01,2.953596300033918820e-01,6.686057292687228593e-01,6.854660728235908440e-01,4.863374969000743286e-01,7.079977658711631427e-01,5.341652984457179176e-01,5.684139306529598645e-01,3.305546194048856190e-01,1.550376398987748094e-01,9.755033281436127357e-01,7.566182245824734087e-01,6.993824747592237712e-01,7.124824330159741370e-01,6.973577934001877754e-01,4.826234350182380672e-01,9.999761224729045717e-01,4.129949378019501793e-01,4.244348097450680868e-01,6.501623772266866830e-01,6.650103599107737296e-01,9.532747604145653808e-01,6.274817367284287739e-01,7.136505684762586288e-01,8.359728532242707288e-01,8.798512666035429586e-01,6.589578339341509716e-01,7.377612091050550491e-01,8.782825587132254697e-01,9.777034483449082991e-01,6.580879177711895789e-01,3.186041374594097281e-02,2.636887180805295161e-01,5.402571700303649971e-01,8.719389770288944463e-01,9.832614650735784778e-01,4.345451337774870748e-02,-8.093552053384797662e-02,7.911574755759589461e-01,8.276391179538630238e-01,7.166571612319946327e-01,7.879634738890222145e-01,7.606958452523474579e-01
5.826774215429060266e-01,8.866583981209267273e-01,2.797437853849110700e-01,5.383384569727580615e-01,3.970769665474382371e-01,3.185114170304387815e-01,7.965102105887753581e-01,8.871767739134819308e-01,8.074227480744378127e-02,4.589235917051110447e-01,5.302324539222392774e-01,2.256671058489204962e-01,0.000000000000000000e+00,6.133011476763881031e-01,6.930698605126616174e-01,6.666845362177625800e-01,8.436578142461947927e-01,8.590745718086093552e-01,7.331717568639297689e-01,6.642288454503553208e-01,9.923078202442432438e-01,9.467798060981611474e-01,5.241402899989771047e-01,7.524556312344894415e-01,-1.764495331681181223e-01,8.558670586295386018e-01,7.057610872020610993e-01,9.220109453568507973e-01,4.185329739171188002e-01,5.565744288220504377e-01,3.987388931907593914e-01,4.825440701803675458e-01,6.482720873232927783e-01,7.892573572933530013e-01,4.372597923567109190e-01,4.246277290988445530e-01,5.558300782389968830e-01,2.828348503291284177e-01,5.944595939476582380e-01,8.359910338095504212e-01,7.631131028767480506e-01,7.428633487400490010e-01,5.649701592275410134e-01,9.312069160286418068e-01,8.465701815238320105e-01,8.811527696807445187e-01,8.230319859404086058e-01,2.393199341713442840e-01,6.054727933743230261e-01,7.698854817970163245e-01,6.541561351268481150e-01,7.004983375720358341e-01,9.285331618305513457e-01,2.727792139257171899e-01,9.124785882536344817e-01,5.339021986275576115e-01,6.914298623898651464e-01,8.695167871783554547e-01,4.482060870175132439e-01,1.326194032564535774e-01,5.034045590612357124e-01,7.013736146831268670e-01,7.344030044205099861e-01,9.035581409067914294e-01,9.341391079122418617e-01,1.211470999223903250e-01,8.418112869563501022e-01,5.532508777836915304e-01,4.328435017573117327e-01,4.766869318037393888e-01,2.787111216197735164e-01,5.044022788350884801e-01,5.503883738366567302e-01,1.910421760548914050e-01,2.626473078140916240e-01,3.367039510814812120e-01,7.916226103777005418e-01,7.858357366521144804e-01,2.235350114465281257e-01,5.212837161944386954e-01,6.294136979882336558e-01,7.168035646430526153e-01,6.794272188710138716e-01,2.275604611382555098e-01,8.374782919257028890e-01
9.251708252592756310e-01,7.603102975693080134e-01,4.623882941908441513e-01,5.438918489923590949e-01,6.964535283795091347e-01,9.239827105683473540e-01,6.458652530547854820e-01,9.793788029808347950e-01,4.954681249571294410e-01,4.767127542883607960e-01,6.432203042706103879e-01,6.969727458747109194e-01,6.133011476763881031e-01,0.000000000000000000e+00,6.186016083367190665e-01,3.585084761826833333e-01,7.167169514155884436e-01,8.902158777145148250e-01,5.732987841452653610e-01,7.970177060669965119e-01,9.989741380764867174e-01,7.791477904572017277e-01,6.022599052862843694e-01,8.614712761395155738e-01,2.819939474276893510e-01,7.878083001293624266e-01,8.089579136238476131e-01,3.971447679553948840e-01,6.780161003548373921e-01,-1.447733115138674642e-01,4.083057997851730070e-01,6.972217586913599385e-01,7.181929546445287027e-01,2.147200859158531761e-01,9.349093122467710959e-01,1.715737209046140910e-01,4.142024443861778288e-02,6.375548501130181567e-01,8.735401373320524909e-01,8.972260706476380410e-01,4.482658062933477239e-01,4.075591097657988993e-01,2.468601358919946531e-01,3.665255908593902934e-01,1.035595619364017561e-01,6.710539334764370478e-01,6.895927854289678471e-01,6.486935745923017027e-01,3.480162923469051206e-01,9.144133678798388454e-01,5.896629149121310753e-01,7.372913020832640996e-01,3.501585914631947793e-01,6.641353830587956031e-01,6.325952138645780654e-01,9.473527545767109759e-01,9.040245453177142565e-01,5.519398160129920239e-01,6.701843565065097597e-01,2.617403768595876756e-01,3.575900153801427894e-01,8.797396861155704073e-01,8.736283365903299014e-01,6.594623909258190420e-01,9.242977649962045295e-01,6.011979507533612432e-01,7.760306199940361083e-01,7.899470511584490984e-01,8.152070705130842754e-01,6.239916434275958323e-01,9.224083428782950955e-01,7.071027524110824469e-01,4.585775799623230120e-01,3.178918758061547445e-01,7.465612625988129469e-01,7.696149685546128660e-01,5.602032224396813476e-01,2.353485988732934020e-01,-3.607162806103795805e-01,4.027696200048320740e-01,7.063108344029899177e-01,9.164444489188324772e-01,7.665547237155300175e-01,6.369554450131961199e-01,8.583396152469846552e-01
8.355721809486469365e-01,6.174588406258287865e-01,5.740999855853922140e-01,7.262265822912860047e-01,9.699567107775093344e-01,6.860212668440285322e-01,5.122597119167986435e-01,7.886735873934759278e-01,6.722393865830716964e-01,2.450726685668035976e-01,4.432691261178661746e-01,6.828774474242478298e-01,6.930698605126616174e-01,6.186016083367190665e-01,0.000000000000000000e+00,-8.521482390194902445e-02,6.354335673154796194e-01,4.177549881326111381e-01,3.423504565085266904e-01,7.330891598006044063e-01,4.201461976152525146e-01,5.020383530893255397e-01,6.265320620303593824e-01,6.121172707767282839e-01,2.981322903818284242e-01,2.344673790892640164e-01,4.272538029686168137e-01,2.315422047182723042e-01,4.905730853689408422e-01,3.625163602085447190e-01,1.438226674335129907e-01,5.895855310445542452e-01,7.701676404404772525e-01,7.848692135293253713e-01,8.078115575219075861e-01,3.506020089735907286e-01,4.670488416084285777e-01,6.660795557724327187e-01,7.480281420366574618e-01,7.932824169097847378e-01,5.738876644235828550e-01,6.256047554090464757e-01,8.613681291265562479e-01,7.589288004775457397e-01,7.040282279233974760e-01,5.373489456515195828e-01,5.642669439964247413e-01,4.176081241938928712e-01,5.446077233542427898e-01,5.419403013587689166e-01,5.426003096757929800e-01,6.181913779320206137e-01,6.862383313661230000e-01,7.403858401812118961e-01,5.830026991127286173e-01,2.076128689803147798e-01,7.141673965867210150e-01,3.403047259661329260e-01,7.774179946836818900e-01,5.561854455362451599e-01,6.693098153298575603e-01,7.193891874593564273e-01,9.290104352931407572e-01,9.715964865636479431e-01,4.354054775603118932e-01,7.964357416301104386e-01,4.416021593194762174e-01,-1.526166724010993014e-01,7.142483844083952205e-01,5.860179931507268902e-01,6.760366760215879012e-01,7.648923299003000942e-01,2.114397924740849255e-01,3.120487466482061434e-01,5.103472427690199931e-01,4.610978984063869857e-01,7.044046352863766458e-01,3.753251096731701208e-01,4.947952865894214569e-01,8.357308674233827894e-02,2.146009023805923732e-01,5.068866297547691691e-01,3.989825262886829149e-01,5.583964951642128582e-01,7.209511822135441506e-01
6.644473019445380491e-01,7.986539140779999046e-01,6.002343078204274152e-01,5.960349908906427130e-01,4.109722324843589347e-01,3.389494654217147795e-01,2.908040418687188877e-01,5.422174126359480262e-01,6.566995856273392107e-01,5.252166993804808781e-01,7.121507973049572282e-01,4.007789048161861656e-01,6.666845362177625800e-01,3.585084761826833333e-01,-8.521482390194902445e-02,0.000000000000000000e+00,7.209092978010398500e-01,8.866258203392017867e-01,5.533959298533190907e-01,9.481553933227522268e-01,5.113116420531085282e-01,9.408549614907877334e-01,1.692546805745463040e-02,8.747232229729448028e-01,4.583030634880176368e-01,7.991839878705006006e-01,6.001225872334237099e-01,8.672636535705349203e-01,6.565781783412469874e-01,3.742736394338796457e-01,2.590394443059472196e-01,2.383114270951305902e-01,8.414238196996965957e-01,5.207663121343861778e-01,4.539108637862702689e-01,7.927666168891451814e-01,3.232538821105171989e-01,1.016206099345550867e-01,6.869724420775431550e-01,8.230396641169412941e-01,7.955918078740592536e-02,3.450563369963527416e-01,2.723396047962790001e-01,3.235810660817238782e-01,9.247259915207359793e-01,7.350469357419135985e-01,5.727901748174483165e-01,8.061129434222145118e-01,-1.876315762657901898e-01,9.116854037244024322e-01,5.274577574242390599e-01,1.416030146883074936e-01,7.165538557167097089e-01,7.655123880206108344e-01,6.685410141704810627e-01,8.415662758090329820e-01,4.228726553110716546e-01,5.305477676896150907e-01,6.594440367008549408e-01,2.023431128876858331e-02,2.762892506666689840e-01,9.051945383403671164e-01,4.629108671187669444e-01,9.767378688816247267e-01,6.050943671351435293e-01,6.926125183901670201e-01,-8.574240679322858716e-03,6.241035986019406456e-01,1.885321967652752728e-01,6.078850553085192177e-01,6.226132492164119236e-01,9.586131916810387565e-01,3.353861988417386475e-01,-2.809537784862452536e-01,-1.857937965191509555e-01,8.026052001145385084e-01,6.526203800210956807e-01,5.827576759040765664e-01,4.422179999830365693e-01,6.765429474940285459e-01,3.409894921994702788e-01,4.647104045355436863e-01,7.330597230478005377e-01,3.754819201024239828e-02,5.919251351087619906e-01
5.130216273235120861e-01,7.526016025412463062e-01,9.488305432858161748e-01,8.040256216290246893e-01,6.927535858311472117e-01,7.526741827648690819e-01,5.589780129077465132e-01,4.038089207586222917e-01,8.829856587845457128e-01,6.907730960771131246e-01,7.907233433996267991e-01,7.683501470296112412e-01,8.436578142461947927e-01,7.167169514155884436e-01,6.354335673154796194e-01,7.209092978010398500e-01,0.000000000000000000e+00,7.364347087269431658e-01,7.024336617098244639e-01,3.760162899434866812e-01,7.109486909156194079e-01,6.533362440669028270e-01,8.008996555126216554e-01,6.480019568427807242e-01,5.768501432374568694e-01,7.542156464766631707e-01,7.539404963661473502e-01,3.452047022143817090e-01,4.028625459935689657e-01,2.609908251223544418e-01,4.705433679034046190e-02,8.089041186093057778e-01,9.738805848398932596e-01,8.502525182367697276e-01,7.713026171096242223e-01,3.083359575513934803e-01,4.705393176663117405e-01,9.012016862268945605e-01,6.135068446752256488e-01,8.738232148730218363e-01,5.657220851718042232e-01,4.948072120878049263e-01,7.212204524438573516e-01,7.859290821625972701e-01,7.882567800804182179e-01,5.576915242527723526e-01,8.095473140692933667e-01,8.478903247725041448e-01,7.057484531484403689e-01,6.476121695229950515e-01,6.222228823776715378e-01,9.432448132613178160e-01,9.335721012890546566e-01,7.447876532462469612e-01,3.372817899726011648e-01,9.294394697499728242e-01,3.878262186621612151e-01,7.403062979437790014e-01,9.788588188721664141e-01,4.074051066489247086e-01,6.273339801593883491e-01,8.043283683613006163e-01,8.094592058750768038e-01,7.485359099018332740e-01,9.447105296906417315e-01,7.302702136216305817e-01,8.648374554977352746e-01,6.233852100347258007e-01,4.724784156079970265e-01,8.789828584432983760e-01,4.491096242106242808e-01,7.618909046352082548e-01,3.070415833843997411e-01,4.621662531919716321e-01,9.141569253714296739e-01,6.244093289397408819e-01,7.595415491856216672e-01,8.354752278411505806e-01,2.435471406698704600e-01,4.936920083097773304e-02,5.199094470539722401e-01,9.941156022632173794e-01,8.975091789697126066e-01,5.986400685073018924e-01,9.950868868707302139e-01
7.643046684560509396e-01,8.779408661492497101e-01,8.121229900889295195e-01,7.582471803842074642e-01,9.452149315923251693e-01,5.439919286670278353e-01,4.014638835931940708e-01,5.955156409717721200e-01,4.908389488391282085e-01,7.022910011971102984e-01,4.500130909166621396e-01,5.653051664784800590e-01,8.590745718086093552e-01,8.902158777145148250e-01,4.177549881326111381e-01,8.866258203392017867e-01,7.364347087269431658e-01,0.000000000000000000e+00,4.830148602143616854e-01,2.381275385615544693e-01,9.890934112733147376e-01,4.605737825337955504e-01,5.610930820765456239e-01,7.392042176132868070e-01,5.875032533967343706e-01,6.590298738777117249e-01,4.402231679223137517e-01,6.123801834648201492e-01,6.652787521001284066e-02,5.438335968332896897e-01,3.044266358129945060e-01,3.199341091095218581e-01,1.842248025162442904e-01,7.662311287947091154e-01,7.440067673467591902e-01,5.436696272049961198e-01,-1.779008635884430645e-01,7.514730685669780419e-01,6.696293461122514445e-01,3.870893543491021327e-01,9.495886169616912786e-02,9.953103299728840447e-01,7.504910817959815628e-01,3.656364673422361489e-01,6.407760007234428734e-01,8.650546407560951723e-01,6.521604128590725580e-01,5.837436278348195895e-01,4.971149071663143459e-01,7.423331835860207395e-01,5.229144573702124710e-01,8.276498445673881044e-01,5.705977247279956366e-01,4.477701408124173388e-01,7.880881558062864389e-01,3.629224739610722450e-01,8.182151725629928096e-01,5.555082321947336643e-01,8.550209143455369531e-01,5.200544878673998284e-01,4.865069202639026313e-01,4.626967920412324853e-01,4.834938671006184796e-01,6.228484653814699845e-01,9.324116156291777369e-01,1.087626963876457409e-01,5.380024093710666921e-01,6.510396786193546337e-01,1.738927188916603722e-02,7.005874032086018000e-01,5.992210250697977969e-01,5.055527917762910883e-01,2.501761625170954018e-01,2.162090427764868095e-01,5.313280617458964183e-01,6.424030126442387134e-01,6.915858813581918785e-01,6.898680712915369329e-01,-4.851720395067093961e-03,3.036911780327365973e-01,3.214598842325346872e-01,6.070099672890226783e-01,7.061539877114397790e-01,4.633264943575862160e-01,7.376539213784901738e-01
