0.000000000000000000e+00,6.416240998729867417e-01,7.222751341497460897e-01,7.487424942716125464e-01,6.689868607774300813e-01,6.428047811381752963e-01,8.007299112289986143e-01,1.048701230607108625e-01,7.399121926580962683e-01,4.452945104828060496e-01,9.289317023964422937e-01,7.588909419450450278e-01,8.416925649680806476e-01,9.702426006122319979e-01,7.459564458329134284e-01,6.152257523743331902e-01,5.830672257657492086e-01,7.685101449126980899e-01,2.167133700340131419e-01,4.687599482583629795e-01,7.665260618652424141e-01,8.707316784746430560e-01,7.368204323653099186e-01,7.837846952075067097e-01,6.690454776035714701e-01,7.501904942021806466e-01,-1.805742403837509447e-01,5.381997164226237640e-01,3.819290134266112302e-01,5.436081755755377554e-01,1.105089061350995605e-01,9.715204583853420672e-01,5.620955318409901480e-01,9.112415427635570664e-01,9.565122725016284022e-01,-3.143464965118358823e-02,1.548539648876429420e-01,3.920635248948413087e-01,7.396530341864308022e-01,7.746358866113157715e-01,4.451875358930765803e-01,7.228322592045489658e-01,6.415111016202479366e-01,3.678287269964346518e-01,7.066149440607704113e-01,6.937336723462865784e-01,6.321708107059195170e-01,5.260676107423258863e-01,9.245007526546348275e-01,7.516517894194003624e-01,7.744741839878059864e-01,7.403892084330667700e-01,8.814000652765866528e-01,5.580860138335670406e-01,5.286358461218044758e-01,7.948243372534963269e-01,4.567623647249364205e-01,2.684498521113993785e-01,3.600230961345022296e-01,5.882734819077870547e-01,5.018874708344805979e-01,7.980951166523466700e-01,9.903304023493129105e-01,2.653969766054501966e-01,4.362818564186299874e-01,6.146657264182414648e-01,8.913989239225110772e-01,9.492748814501172916e-01,8.264188834689948360e-01,5.453273055901727284e-01,8.311131588643764223e-01,4.184641724544566621e-01,5.614255617878791682e-01,-1.308601475916432999e-01,7.834758295888342161e-01,5.225636039370029629e-01,8.016154276816147561e-01,3.983458613710262330e-01,4.917213412971562225e-01,5.791048881637306245e-01,4.965066787234881929e-01,8.544844381011780232e-01,9.494115882463085576e-01,2.490021013489808477e-01,8.069622270355487625e-01
6.416240998729867417e-01,0.000000000000000000e+00,9.386878279987288520e-01,7.179081039224984861e-01,5.540433543249463355e-01,-1.181596267301239650e-01,5.661533781415791777e-01,3.624113107597115579e-01,5.788698333512359157e-02,8.174945138471461092e-01,7.913187768688552115e-01,6.469378654898172432e-01,3.391779874629527458e-01,6.259829419399361994e-01,6.141015204904419766e-01,7.415075174351680731e-01,7.695727635735839511e-01,9.289886701878679043e-01,4.958505795378029823e-01,4.325482871291481679e-01,8.485526797575005942e-01,9.125324360823006131e-01,8.423028648564186982e-01,8.417316724005388107e-01,2.979382608960797207e-01,4.758572233087664527e-01,4.829290926683798002e-01,9.740817129597333368e-01,4.095231521054536472e-01,7.749550138228655793e-01,4.095192281712053406e-01,6.577292323634968962e-01,4.138816612507834614e-01,1.629364768647785788e-01,7.330334396419535548e-01,2.627837856847631270e-01,1.806954883268246381e-01,6.105000542106330252e-01,8.130771904650988535e-01,7.177400189966376409e-01,5.561832261277492861e-01,3.023234067688856386e-01,8.855438653714657882e-01,9.457018622546038422e-01,9.466390692269138762e-01,8.415688779038801304e-01,7.789162233373075894e-01,9.001365649737944619e-01,8.745875399804567962e-01,7.267292035392513005e-01,3.888311733521077618e-01,3.734544882009885880e-01,3.302642565494794402e-01,3.467083323893370705e-01,9.656040705693419435e-01,8.156972586326367569e-01,7.817938848935399587e-01,5.195753142922193701e-01,5.631239487100822005e-01,3.308017970866367063e-01,3.968207924056670888e-01,4.663314786640073151e-01,8.011674057429370999e-01,2.423438729550145831e-01,6.127510278718706349e-01,2.682896026125257682e-01,5.315469618033750177e-01,7.069901744365881813e-01,6.073457523531898827e-01,-9.566204269892764067e-02,7.712416783516002905e-01,5.373748941516262034e-01,2.966885696105117098e-01,3.956644398846285160e-01,8.116657104187732230e-01,9.073366567206750943e-01,7.195171732280625232e-01,-1.253171214841793946e-01,3.855394784131659369e-01,3.115672895650682395e-01,3.026717936211070770e-01,6.952486735137398677e-01,8.040883998336398886e-01,8.760880458067807908e-01,5.642899171800993541e-01
7.222751341497460897e-01,9.386878279987288520e-01,0.000000000000000000e+00,5.751176773853856616e-01,6.746639132153366969e-01,9.700389479363729084e-01,6.158127606377273855e-01,6.747825559419067254e-01,6.331077051889497653e-01,7.049280286737283907e-01,5.869585347439549849e-01,9.445507328442787065e-01,6.995849146026443532e-02,8.449260842208059508e-01,4.860018925339701368e-01,9.886352285711961230e-01,5.120046365027146607e-01,8.287132352332039487e-01,9.631560704781871873e-01,5.851841592137065895e-01,7.469937937960656749e-01,4.496022232471010849e-01,8.436247984459106508e-01,6.875635940892861342e-01,6.834844472938453874e-01,6.900604479243523937e-01,7.833175252370283559e-01,5.653270766362690214e-01,4.203700201551252569e-01,5.197031820983779582e-01,3.785449319124790657e-01,8.462963075611489305e-01,9.509584578929402010e-01,9.915656626273351426e-01,5.195256618008361471e-01,2.814321856776008657e-01,5.286958485728352475e-01,8.832709693365726755e-01,7.219290258446565689e-01,5.812679443352650743e-01,4.854091771961377422e-02,4.924030405833735857e-01,9.750148971618580740e-01,7.400218191330315554e-01,7.785941586197524522e-01,7.239209913166703148e-01,5.125105862593348771e-01,9.960905749097559436e-01,8.186418437619572552e-01,5.812680253496896876e-01,5.208187040778118337e-01,9.581377390465607435e-01,4.232490538065116215e-01,8.215401012255618696e-01,1.213184786315101849e-01,4.118983680090905763e-01,8.516262183903657856e-01,8.619371872180867644e-01,7.708764431384392823e-01,5.012762673138304592e-01,5.266082196546928440e-01,4.091112229321786087e-01,6.317455145339408995e-01,2.104522117781535973e-01,5.832270603777365281e-01,7.718488760878313704e-01,4.954070229640173961e-01,8.151386028060707556e-01,4.384973374163432802e-01,7.995299514851252898e-01,7.365168124393255411e-01,7.536632473605804350e-01,7.844355251953706309e-01,6.990061940929301887e-01,6.626371071669320267e-01,6.523648194529392264e-01,6.569601825978379495e-01,4.329710296090155675e-01,6.841509655015195479e-01,4.009434996559531617e-01,6.657052647294563474e-01,6.872305491056507343e-01,6.631804309339361936e-01,6.255184533213672404e-01,8.908417026264567884e-01
7.487424942716125464e-01,7.179081039224984861e-01,5.751176773853856616e-01,0.000000000000000000e+00,9.808126365004901093e-01,3.375184354301379308e-01,5.153774814953130390e-01,6.560379392460357062e-01,5.792626924715562620e-01,8.202553503351263098e-01,7.864729426755677766e-01,8.875362532488277889e-01,9.917465095018043186e-01,9.763896356119180497e-01,9.698341569314945509e-01,8.123020334125107267e-01,5.477915805834938645e-01,6.782376101429311577e-01,7.193982952004280840e-01,9.351343682803544555e-01,6.402235909982635365e-01,9.325304650078620750e-01,6.526681838805188374e-01,7.599889057090374322e-01,3.311822716354111962e-01,5.166600085330399494e-01,6.325020629743859368e-01,7.534220281397068231e-01,5.567150868848809164e-01,2.553442284038769383e-01,7.077903525522509787e-01,-3.475681753553629405e-01,3.778915423261554052e-01,3.771497707857643378e-01,7.062656684387373929e-01,3.953012448783762567e-01,1.077386228450275540e-01,3.704779834237512670e-01,7.310778562077639986e-01,6.874237536174063745e-01,8.830095893399210194e-01,9.793262463785055161e-01,8.784963970420421875e-01,5.303921541485845381e-01,9.031648108847044609e-01,9.393780903947880345e-01,5.943872585237085504e-01,6.114770288573404544e-01,3.049607940654033844e-01,8.225625956302216046e-01,6.731526803654259705e-01,6.213767575017389300e-01,3.706661128447152342e-01,9.545495231079984544e-01,7.043725333328324512e-01,4.823907314341827623e-01,7.280667552259854070e-01,6.228548439043839480e-01,3.572366702049974418e-01,1.128719055440536960e-02,7.557309001049505870e-01,8.614272218370376821e-01,7.695612999891919825e-01,6.198975934477559679e-01,3.789552435036890321e-01,6.311922437283957743e-01,6.109236033995020243e-01,9.240283695748862103e-01,5.338802866573427730e-01,4.122763551267610849e-01,2.447105053546890230e-01,4.860470787261628733e-01,4.704858987013439964e-01,2.520203691876302110e-01,4.171535905166430802e-01,4.897825490023796635e-01,7.391711978291426455e-01,6.934974872042437566e-01,1.383949757343091447e-01,1.466523280598037715e-01,6.119555650998652618e-01,5.670603359520691722e-01,7.060399403729656909e-01,2.248112262170896825e-01,6.428056554041973181e-01
6.689868607774300813e-01,5.540433543249463355e-01,6.746639132153366969e-01,9.808126365004901093e-01,0.000000000000000000e+00,4.440924955733303592e-01,5.453789009790119963e-02,4.099056823789293813e-01,7.851284820236382744e-01,7.514969068932977336e-01,7.906135445691286900e-01,6.629581053330455553e-01,7.304847951354977997e-01,7.304570667121452754e-01,4.063790689413264712e-01,6.864674479487312686e-01,8.061285426326483261e-01,7.765932700307662806e-01,6.677428685940539621e-01,6.551246293631474149e-01,5.008851261098440366e-01,4.545218052603992587e-01,6.564240547871090792e-01,8.801794607749875432e-01,3.672241333060035501e-02,3.834698638950678751e-01,7.261442889829551328e-01,4.378585271295882264e-01,1.001804215068708565e-01,5.969865836136312165e-01,6.588049100084294452e-01,5.255082554746650647e-01,5.523854840750327400e-01,7.140808409737904316e-01,6.293660534652159022e-01,1.685873090865650237e-01,3.168074901261029863e-01,5.154229302574864224e-01,6.756925525790767884e-01,5.450484918431224290e-01,-3.382432252365002445e-01,7.050574611965123584e-01,8.665617768095819073e-01,-1.764498816924720270e-01,8.753931817830389317e-01,4.070186722969169058e-01,5.883484679459947131e-01,8.150788617018633886e-01,7.904335432494594693e-01,4.813300704996473223e-01,6.646049048022845129e-01,2.008748672655994993e-01,8.774903345419562406e-01,9.469172374674081905e-01,6.585500721314441197e-01,5.272407386246751315e-01,6.243286925126716458e-01,4.004794878588414098e-01,3.204857864741850193e-01,5.607795786813924988e-01,5.118370843729392883e-01,6.888485425351490443e-01,4.078803122335993292e-01,8.721027017722180474e-01,8.690943200156627801e-01,4.300931830762430574e-01,4.235937573730889083e-01,9.133092328326112286e-01,4.361088172799103546e-01,7.386891480539115040e-01,4.485020687944008544e-01,4.667405856008143283e-01,-1.989352758468000415e-01,3.126896523904480474e-01,2.103967797885038515e-01,9.606050043016938211e-01,7.331119216585978426e-01,8.466913149928283477e-01,5.289640352694978676e-01,1.781952588135190807e-01,7.732102794713526794e-01,7.223796313306767303e-01,5.862336259534260963e-01,2.611916500825893217e-01,3.187455123553497582e-01
6.428047811381752963e-01,-1.181596267301239650e-01,9.700389479363729084e-01,3.375184354301379308e-01,4.440924955733303592e-01,0.000000000000000000e+00,4.029269414800824567e-01,4.051264293874748956e-01,7.859578182067272767e-01,7.615051000874136777e-01,7.376135854257537261e-01,5.713160779330237471e-01,5.899144769314290659e-01,6.836033934042817783e-01,8.193097791194557944e-01,4.609267617773448178e-01,6.761374487549798307e-01,6.791525328314884646e-01,8.753499306936894930e-01,6.850533056986647384e-01,6.081025613011511455e-01,7.377511873518820540e-01,1.878140569881585342e-01,4.344616378483063812e-01,4.092602059415605953e-01,5.789206863606407572e-01,6.267202964658517006e-01,2.927527662761421068e-01,3.167367333372985150e-01,9.718958939768310157e-02,3.578009406653466229e-01,2.088296668041596527e-01,2.951963121002647572e-01,4.701310751040523317e-01,2.037745015754727773e-01,3.858299985425812095e-01,3.924523926367072812e-01,2.674506049264712693e-01,8.033778994563312015e-01,4.038962120758041174e-01,-1.830932915470994127e-01,5.867467109239835610e-01,1.082774775643631920e-01,6.543130166104911272e-01,3.205568615913067521e-01,9.038356973161889574e-01,7.641954815796785372e-01,6.619151362296262775e-01,3.050209247680930047e-01,5.961453593770510428e-01,5.540944739654949380e-01,8.836119123552069743e-01,4.391654696100707467e-01,9.264072008529102842e-01,6.504928641883728213e-01,3.336204695193607517e-01,8.946077095351339104e-01,1.259636138354326140e-01,6.823804481369205588e-01,5.076307904541943472e-01,2.024069975048084780e-01,4.017750607022459453e-01,4.037802013666342837e-01,8.468735724015902244e-01,8.751821234415618767e-01,6.173414634407753399e-01,8.263811944251437946e-01,6.672932482120121911e-01,5.381621752853162910e-01,6.515959632703329785e-01,2.822946224364444520e-02,6.279584558281531281e-01,3.670380962046509987e-01,6.534123800783170344e-01,5.680305420506920333e-01,2.807225946354687807e-01,6.594658900285682579e-01,7.834448677386155468e-01,3.532348132228100290e-01,1.077242634608870930e-01,3.342562356966370940e-01,8.887854074584904396e-01,9.418006325019264713e-01,5.407691213969521016e-01,2.129597759225409972e-03
8.007299112289986143e-01,5.661533781415791777e-01,6.158127606377273855e-01,5.153774814953130390e-01,5.453789009790119963e-02,4.029269414800824567e-01,0.000000000000000000e+00,1.041433008074058586e-01,3.217713064385662181e-01,5.816566443873203429e-01,4.003351854373889962e-01,-1.143926329388671587e-01,6.387359851972894687e-01,9.009196139541265635e-01,2.860023258180113270e-01,7.010404571225347103e-01,5.837901591757104214e-01,3.445809997364777250e-02,6.451604440275457986e-01,8.362007532390103304e-01,9.602846721905369254e-01,2.872494565680708267e-01,3.737853588919429759e-01,8.905582267472503810e-01,3.682145595341155264e-01,7.722323915983351217e-01,5.116942429035754580e-01,2.583449689491058576e-01,2.377095428526352916e-01,4.855113230332244734e-01,3.998547366850599416e-01,6.623613964195372850e-01,3.692502631313114847e-01,3.172558968147062286e-01,6.824557030078941544e-01,2.757774617514857085e-01,-3.738675284646064689e-02,2.478454843729196444e-01,6.782936176087859259e-01,7.323486833823487085e-01,2.304473013566099293e-01,5.089940844693418009e-01,6.832085906702674016e-01,3.239773492737927363e-01,4.760023841225890506e-01,4.914653502613952618e-01,6.010323149431420209e-01,5.112774333301619567e-01,6.094377836183237918e-01,2.019948150438315992e-01,8.886419381667578499e-01,6.203432136598784341e-01,6.690138789937534192e-01,4.448188305714936841e-01,9.548655510711223648e-01,3.320100433188951650e-01,-3.678269504023055636e-01,5.950942325409407374e-01,6.600928451273393449e-01,4.175553575427665698e-01,2.818489864045815585e-01,5.552824183581219764e-01,4.333302192547570098e-01,6.070894156231095851e-01,6.821030796018452413e-01,7.041432460048951958e-01,3.308371504481976144e-01,5.969526671626721459e-01,1.292971929330150871e-01,4.377300300828058655e-01,4.606780017861266119e-01,4.876744871797183967e-01,4.933054790799069611e-01,2.408679388415289890e-01,6.293319539051047684e-01,6.827798074728109734e-01,-3.393094306497220769e-01,6.437778100325686204e-01,6.017744789798467053e-01,4.187417582234350677e-01,3.224208505239651301e-01,8.017750304409089201e-01,4.098544758760010454e-01,2.296488788177649398e-01,5.521877716625095411e-01
1.048701230607108625e-01,3.624113107597115579e-01,6.747825559419067254e-01,6.560379392460357062e-01,4.099056823789293813e-01,4.051264293874748956e-01,1.041433008074058586e-01,0.000000000000000000e+00,6.832000509265835353e-01,5.161501040933733631e-01,3.024909131381831040e-01,4.643073250148560538e-01,5.567885160163951186e-01,9.390190210666882198e-01,7.649225342751343470e-01,3.461684446999999804e-02,6.123477465081262894e-01,7.066877448567998599e-01,5.521969872736930407e-01,9.791419321365292250e-01,8.512432414191274388e-01,2.336183331973185617e-01,7.395289480116508107e-01,8.731946444463402068e-01,6.627002164824418173e-01,5.719549986929477470e-01,7.616461682875145245e-01,7.886941697702380960e-01,2.139949747264542346e-01,5.587654489194409102e-01,1.396938446973170211e-01,5.633023155889400613e-01,4.525087116488762939e-01,2.755588972072949283e-01,3.526828724817943073e-01,5.869319681406882649e-01,1.753739829673416906e-01,5.764743022260275795e-01,7.332186142955623431e-01,3.305940983227046992e-01,3.350176751089866123e-01,6.867258753379088532e-01,6.989089191582423810e-01,7.256799732456353791e-01,9.818451769248102146e-01,6.315737322151524502e-01,9.696103192916041835e-02,5.654552475568098702e-01,6.360787078477846412e-01,4.374364610007507315e-01,4.076693416368831202e-01,4.853234651322442805e-01,6.722875434675299466e-01,8.698937912339899103e-01,7.196928724098036190e-01,5.056775656993121038e-01,5.567113840027579919e-01,1.041054752150646634e-01,2.686869341757638918e-01,2.010117741283571069e-01,3.037881617270080103e-01,6.688921550359299140e-01,-3.490920127777008553e-02,9.482369213065007241e-01,6.588407766197486026e-01,5.014625808069356205e-01,3.330876448872709394e-01,7.655077545688079299e-01,6.667374235775027635e-01,4.385468048215206416e-01,4.954630797617556870e-01,6.541971040045202468e-01,7.118085985081097355e-01,-2.889769976578920319e-01,7.684944708916556788e-01,6.488926681867708268e-01,3.931864608332327204e-01,4.344234227075485233e-01,3.536772530734920705e-01,2.454526921875538337e-01,7.318859324743005601e-01,6.428065950233512460e-01,6.899727456736531872e-01,5.437651744232667728e-01,1.960234777228663239e-01
7.399121926580962683e-01,5.788698333512359157e-02,6.331077051889497653e-01,5.792626924715562620e-01,7.851284820236382744e-01,7.859578182067272767e-01,3.217713064385662181e-01,6.832000509265835353e-01,0.000000000000000000e+00,2.186975853079444476e-01,3.820161379143899305e-01,3.511572330768215622e-01,9.910409023264858952e-01,5.931934424640892267e-01,7.332812798199661586e-01,7.558324460462433336e-01,4.322210200782150569e-01,7.432776282769915088e-01,3.030850798353783571e-01,9.874072289031434746e-01,6.926163813585685114e-01,4.783335603649225276e-01,4.990260435743947842e-01,9.140145311775428327e-01,7.016162685410054500e-01,5.823401624402958499e-01,9.209493506412141928e-01,5.847601880881569958e-01,-3.011528415683417670e-04,2.054195194066637531e-01,6.536586350723074812e-01,7.684464050327548534e-01,7.017884976441265410e-01,4.380831850331842192e-01,7.623757763750098615e-01,2.592182917620495797e-01,4.054357846224740936e-01,8.949397057509006492e-01,7.121802823915213132e-01,6.275662115821053488e-01,4.728704307619109870e-01,7.617666763283701403e-01,8.969231552945701180e-01,8.705958412045106121e-01,8.397294102880793476e-01,2.340660146392820329e-01,7.546828822818418825e-01,3.334734323126491429e-01,4.988635472642671820e-01,5.469100418148414855e-01,1.275811804701663943e-01,7.949211558013316026e-01,5.856961709909382918e-01,7.756330245511453558e-01,8.703516681410661260e-01,5.723353963230504160e-01,5.843227456640083251e-01,6.686992879960251823e-01,6.214156820136371717e-01,3.295902052924756243e-01,4.110536866739636919e-01,8.814707378734987220e-01,8.332503491547254004e-01,6.620924272081677442e-01,9.345383520577603687e-01,7.726563672274401329e-01,7.452741601274476269e-01,6.484244770800848823e-01,4.614020917478233175e-01,7.436875266810005769e-01,9.276218539781811989e-01,2.272527650746645755e-01,-1.441703719698159969e-01,1.070449720526955861e-01,3.399936411931723246e-01,7.487955771330159216e-01,8.068606269623596061e-01,4.081855122629621802e-01,3.255933575389238221e-01,5.063384535586471502e-01,7.404281003996242561e-01,4.427716364781507097e-01,6.453258564851959145e-01,9.319098342469543939e-01,6.484581231292130266e-01
4.452945104828060496e-01,8.174945138471461092e-01,7.049280286737283907e-01,8.202553503351263098e-01,7.514969068932977336e-01,7.615051000874136777e-01,5.816566443873203429e-01,5.161501040933733631e-01,2.186975853079444476e-01,0.000000000000000000e+00,6.282433088425076750e-01,7.392205416464916468e-01,7.305049733417211533e-01,6.562571026704793198e-01,7.741370279525243703e-01,9.545949784393545912e-01,8.761668867206982014e-01,4.012774823866733787e-01,3.242389257147857418e-01,7.306586866160575955e-01,7.990942237771763157e-01,5.919080450214219136e-01,7.691139707178453744e-01,4.485439528696272826e-01,6.109739207381704729e-01,2.544752315626739453e-02,5.334015402385559046e-01,3.631114120860282624e-01,3.999655662851587801e-01,5.449905217054823447e-01,4.610286448291760486e-01,4.652141073050142794e-01,7.776876476553826745e-01,8.431242499970472704e-01,5.794101005976060037e-01,-2.162833763892565986e-02,2.085254310236576980e-01,7.513544841199284452e-01,7.935712701156394377e-01,6.732772693721604806e-01,4.077504094981232452e-01,3.550094427463584834e-01,4.779689086033863665e-01,9.383297915735880901e-01,9.022207862785526222e-01,8.110214007313274465e-01,3.868186975839232877e-01,5.379384105435430774e-01,5.737316470255300338e-01,5.710497116692796471e-01,2.907613857044438754e-01,4.761782871840266607e-01,6.481462724734939895e-01,8.839646252984549868e-01,6.302986957905998278e-01,4.186236105656562789e-01,2.190894623320847889e-01,9.426436640730718741e-01,8.787774678164136377e-01,5.377565632442025123e-01,3.096312238060564548e-01,5.744671680377168022e-01,4.916212881865831830e-01,2.614676305592623651e-01,7.906688834965731605e-01,4.553811892941475592e-01,6.780212487801328125e-01,7.088244070509323036e-01,5.350257800211113413e-01,2.582211547627917825e-01,2.536265532160759117e-01,5.689128369932699991e-01,9.624455524551589480e-02,2.920346429912268338e-01,4.203834648840659716e-01,4.611512285118326560e-01,6.470417159730068590e-01,2.139417913943137683e-01,6.667537553552204121e-01,-1.181668615750714052e-01,3.830683046431233585e-01,8.392241232693125053e-01,3.795058248757643415e-01,3.113001435626081004e-01,5.713912012770752114e-01
9.289317023964422937e-01,7.913187768688552115e-01,5.869585347439549849e-01,7.864729426755677766e-01,7.906135445691286900e-01,7.376135854257537261e-01,4.003351854373889962e-01,3.024909131381831040e-01,3.820161379143899305e-01,6.282433088425076750e-01,0.000000000000000000e+00,3.040115865526523686e-01,2.017284973745294141e-01,5.825754598514379934e-01,7.336957443078743202e-01,3.981939834727220573e-01,9.529571110016585855e-01,7.931412956399673808e-01,6.375066237574309458e-01,7.778613439653552231e-01,7.857890896323266317e-01,2.352268027758280255e-01,6.913677643797412342e-01,4.921575223763213769e-01,1.123586065626049346e-01,4.987205260873442403e-01,7.742818388653136541e-01,9.972615185727962128e-01,3.895337007012143471e-01,4.259355165547846211e-01,4.016228339003492520e-01,6.405965470008632145e-01,6.776515510372718154e-01,9.235956677832368733e-01,3.517592576004013871e-01,9.390835745202254226e-03,5.150369255975650873e-01,7.361736086351171604e-01,9.274954425571324546e-01,4.865300610762636757e-01,6.231171537081861000e-01,6.838421327237417247e-01,1.934928808929188004e-01,6.258078768146544402e-01,5.135907851119508871e-01,8.646602452124385607e-01,4.462379270015255361e-01,9.770495106027669019e-01,5.443747233266593710e-01,5.047169595169244127e-01,6.649126688934434704e-01,2.574080216368876406e-01,1.557835157303258111e-01,6.744291066015832836e-01,5.619545123851973356e-01,5.296257724822539537e-01,5.131006862787296230e-01,7.826603188361631602e-01,9.123008800416899655e-01,4.810660478310669341e-01,-1.850995135197275598e-01,6.515872394130303169e-01,5.374421303845544617e-01,9.441140952154674082e-01,7.959825980487780228e-01,3.331971435853990915e-01,-1.929047639173621653e-01,8.315048359738563821e-01,7.583503163226651411e-01,4.293023409025361614e-01,9.668359284022119970e-01,1.698579468913300194e-01,7.565703578095686610e-02,3.314450816394901578e-01,5.457499159486530749e-01,9.329602695466049367e-01,6.885143421162914779e-01,4.733096002660467372e-01,4.741189540459381235e-01,2.593882020859717419e-01,3.535849533114461263e-01,8.434787948010671332e-01,2.608596673041743697e-01,5.088588167288267128e-01,4.101470391659683967e-01
7.588909419450450278e-01,6.469378654898172432e-01,9.445507328442787065e-01,8.875362532488277889e-01,6.629581053330455553e-01,5.713160779330237471e-01,-1.143926329388671587e-01,4.643073250148560538e-01,3.511572330768215622e-01,7.392205416464916468e-01,3.040115865526523686e-01,0.000000000000000000e+00,6.366147767966149340e-01,6.656494201489622231e-01,8.892241502010290732e-01,7.606656456379128350e-01,7.852599451899626715e-01,4.061721799282060341e-01,8.374759526826498490e-01,1.246842190147560009e-01,9.230865103423188112e-01,4.963323785763293916e-01,7.105699698863369163e-01,8.880357852902437399e-01,6.943968492597393238e-01,4.116997641394154472e-01,9.924091945735307174e-01,7.692249150645246170e-01,5.126489804850444809e-01,5.476504192914435354e-01,5.429384507374032109e-01,2.740815373974188063e-01,4.804950318077459009e-02,7.176339075899316189e-01,2.784023587806052635e-01,2.953492402433708364e-01,5.898542047703609903e-01,1.992620514860291014e-01,7.881433901216334803e-01,6.557786949550128419e-01,2.881189324453830025e-01,4.049916430290009806e-01,9.428843391332759616e-01,2.641481584747260719e-02,8.585588691301080377e-01,5.850528632550316965e-01,1.969317296141638307e-01,6.829418290367870181e-01,6.042751833022145247e-01,7.217342766628875861e-01,5.351105468664054676e-01,6.454200885347129990e-01,9.929377777966572616e-01,2.640523844354734639e-01,7.433206655212170055e-01,9.122854023258580858e-01,9.701049514928598017e-01,5.177664639338539487e-01,6.597290322687946462e-01,4.288895210357672738e-01,7.367755251406471473e-01,7.651970112250993106e-01,4.306162149426091545e-01,8.914642324546513397e-01,4.582819590907057372e-01,6.129682501516549031e-01,7.016241563463742059e-01,6.237792540788250628e-01,7.893169791027078164e-01,4.834583478296543002e-01,7.715529387331550026e-01,5.440827872320121994e-01,6.901164615477312081e-01,5.326654600761043801e-01,4.977300095185684947e-01,6.838237041088295332e-01,6.645432197649224770e-01,3.644269630445188257e-01,3.550514222320995117e-01,5.959338693750577676e-01,6.014312477616726715e-01,7.052457697674597847e-01,5.204178614402273917e-01,5.150718324739228526e-01,5.343743237647811117e-01
8.416925649680806476e-01,3.391779874629527458e-01,6.995849146026443532e-02,9.917465095018043186e-01,7.304847951354977997e-01,5.899144769314290659e-01,6.387359851972894687e-01,5.567885160163951186e-01,9.910409023264858952e-01,7.305049733417211533e-01,2.017284973745294141e-01,6.366147767966149340e-01,0.000000000000000000e+00,6.463476597207317154e-01,6.142625574838840308e-01,8.420103851506872683e-01,6.800361517514836862e-01,7.495807014051996120e-01,9.087340096125448019e-01,7.374448385999968769e-01,6.784633748199663250e-01,7.035378094860140763e-01,7.217689746897333336e-01,7.990704539279125385e-01,-1.334125379051108451e-01,2.220069099023735393e-01,4.045424179443063428e-01,1.489507895010167005e-01,4.407092949208447075e-01,2.848029517202916860e-01,2.529721618339054179e-01,5.657160820602761264e-01,6.074488564145098107e-03,8.401565822208958423e-01,2.299771953253887113e-01,6.619475584401410817e-01,3.349941564091778456e-01,7.691864065079004886e-01,9.272613724860245821e-01,2.301746764001310064e-01,4.162417005173282836e-01,7.186960003512939954e-01,4.412572650233147487e-01,9.735871336711161561e-01,7.203353094224963504e-01,4.926738132943551673e-01,9.622858529178837106e-01,6.309328125882086580e-01,4.572555227787037380e-01,8.730387455557907517e-01,7.464475931039575851e-01,4.917978557168466991e-01,6.036548831073630383e-01,6.549830386539093885e-01,5.666534526824771323e-01,4.674256957348030816e-01,7.267182519880980296e-01,3.226393660981481393e-01,7.012712570323043071e-01,7.791810314181211172e-01,6.708608308365080486e-01,7.337575624173839905e-01,8.324647482131680709e-01,7.981621021787549397e-01,6.186378382242408991e-01,6.460887766958576250e-01,4.333154646237487029e-01,5.951992738813791650e-01,-1.721566295248426470e-01,7.792271872694093160e-01,7.537015540229067279e-01,6.542190282681801250e-01,5.257207316031677902e-01,7.449466456869959785e-01,3.481602181446719069e-01,7.049623619630147608e-01,2.629710246881468705e-01,8.635721761296898391e-01,1.354573612492312173e-01,1.426801638060724853e-01,5.410272098372466143e-01,6.648483306633602430e-01,2.841772416433673842e-01,3.684120782558495538e-02,6.978256244305615086e-01
9.702426006122319979e-01,6.259829419399361994e-01,8.449260842208059508e-01,9.763896356119180497e-01,7.304570667121452754e-01,6.836033934042817783e-01,9.009196139541265635e-01,9.390190210666882198e-01,5.931934424640892267e-01,6.562571026704793198e-01,5.825754598514379934e-01,6.656494201489622231e-01,6.463476597207317154e-01,0.000000000000000000e+00,9.400733229572076910e-01,7.874140296240549342e-01,7.620564308210810989e-01,4.146326431365008336e-01,5.828503063882457536e-01,4.301554114093231740e-01,8.229302117211360068e-01,5.763572354532906505e-01,6.442282422879436199e-01,6.782694262648154560e-01,5.544210507304909719e-01,7.358117144252687702e-02,8.325443228869695567e-01,7.945867723782606973e-01,3.397726775632038954e-01,4.365773914307235493e-01,3.228609748144934954e-01,5.206216793108876528e-01,3.919622572124711324e-01,8.533549536384501533e-01,4.686154231817417637e-01,4.889352991330168097e-01,-1.757231229526008964e-01,5.088109887497981321e-01,8.489435092362912494e-02,3.698541430130904417e-01,3.991229942579719858e-01,6.588633580744418516e-01,9.755900545630736831e-01,4.583805181466489298e-01,6.699689550689805762e-01,7.827665733910406098e-01,6.704649848124984990e-01,6.446217877408073615e-01,6.221382145621950910e-01,7.283187812296365582e-01,6.718703092136731891e-01,9.003795988650677984e-01,8.393836716705552758e-01,8.220224089890157959e-01,3.294458554428291164e-01,9.025691472696244499e-01,4.891965769980087808e-01,4.996066498960054503e-01,5.248350484352808376e-01,3.655926415375009841e-01,7.657789684105766881e-01,4.470199699795032733e-02,2.872080818718925066e-01,8.486440699133949161e-01,4.555170707373390471e-01,9.480832505186411741e-01,7.903524463265824140e-01,7.841005005665473426e-01,6.352158775559793025e-01,9.067752847936735305e-01,5.739973692687818652e-01,7.781969551231679993e-01,7.691585799757584274e-01,4.194224945341138572e-02,7.516175283648844907e-01,2.211922375855595313e-01,7.650748643536326998e-01,4.582931157111636011e-01,6.140121165861648356e-01,2.053200008770380558e-01,6.824653205628337105e-01,7.477006737857858631e-01,7.308535471185299004e-01,6.139402132075751917e-01,9.764548332646774131e-01
7.459564458329134284e-01,6.141015204904419766e-01,4.860018925339701368e-01,9.698341569314945509e-01,4.063790689413264712e-01,8.193097791194557944e-01,2.860023258180113270e-01,7.649225342751343470e-01,7.332812798199661586e-01,7.741370279525243703e-01,7.336957443078743202e-01,8.892241502010290732e-01,6.142625574838840308e-01,9.400733229572076910e-01,0.000000000000000000e+00,7.337605907239748426e-02,8.161422656582264512e-01,6.418995072132542834e-01,7.094379833937237700e-01,9.969495580132928803e-01,6.587908430158572193e-01,6.476165623289352746e-01,8.298154363572881609e-01,7.743063712960082112e-01,2.177516672282930610e-01,6.374954962564666205e-01,8.469004377752797907e-01,5.254068477105178214e-01,7.737503030688459571e-01,7.613123172543374562e-01,1.459591647920132351e-01,4.755400440526842409e-01,5.442892441112787694e-01,6.129922403095716676e-01,5.929798140792061911e-01,5.597315912788514147e-01,2.802126207326874896e-01,2.836445350365704998e-01,8.138176823165618190e-01,9.363994741651852083e-01,3.571999725334464720e-02,2.166563944699152755e-01,7.006454590057921150e-01,4.842984271703641985e-01,7.444985806863864131e-01,5.984706742757687215e-01,7.151402096405083952e-01,6.083331049682025871e-01,5.823930869056103132e-01,9.966139829133675576e-01,5.056152475165252014e-01,6.646929349781682816e-01,7.900915768766740843e-01,4.163810031383671784e-01,3.867071294080843824e-01,8.230254253184600133e-01,7.499913686676586977e-01,9.590116422748649061e-01,9.993492311227596403e-01,5.864849751008018863e-01,2.919103468464007145e-01,4.052213973747698650e-01,4.191209362676270311e-01,6.165403784070611071e-01,7.914044012441477927e-01,6.305592425414064950e-01,7.591364761514693971e-01,7.121250576137212462e-01,5.162173683856791095e-01,8.937320633194466291e-02,5.054834238833917359e-01,6.542722293431879610e-01,2.222894324187884574e-01,2.060577945607123540e-01,3.233847066818122395e-01,6.752531574174420737e-01,6.053904235483875684e-01,2.519784977346077870e-01,2.192070920660077471e-01,4.121542260456433349e-01,6.730576109798694917e-01,5.000757418679117050e-01,7.580004145471627153e-01,6.576715812567749397e-01,4.866717218219478447e-01
6.152257523743331902e-01,7.415075174351680731e-01,9.886352285711961230e-01,8.123020334125107267e-01,6.864674479487312686e-01,4.609267617773448178e-01,7.010404571225347103e-01,3.461684446999999804e-02,7.558324460462433336e-01,9.545949784393545912e-01,3.981939834727220573e-01,7.606656456379128350e-01,8.420103851506872683e-01,7.874140296240549342e-01,7.337605907239748426e-02,0.000000000000000000e+00,-6.406192923669676298e-02,9.421197277748641907e-01,6.219551591165551896e-01,6.542425929171703514e-01,6.701313713611146694e-01,3.034183361493363873e-01,6.533711632154350912e-01,9.442125606202779187e-01,1.414204402003214345e-01,7.490462755856306387e-01,6.391162672846211201e-01,3.572630313209844699e-01,6.476130133026444247e-01,2.188778563928895915e-01,4.655347996338545791e-01,6.646180192504396178e-01,4.565773736736702948e-01,4.447431224812158912e-01,1.870303165569851128e-02,3.965206953714783822e-01,4.686102038776380763e-01,5.975780854848169454e-01,4.945945173307391696e-01,5.802347313521918348e-01,6.916826775686655271e-01,2.621992755472923875e-01,6.977516048853740216e-01,4.458383859246275449e-01,9.257242594670638258e-01,7.570870984721598251e-01,7.835025998474453024e-01,7.159117144544613343e-01,1.191521815496420084e-01,2.988522878958922990e-01,2.188994641521691542e-01,4.284490217100093146e-01,4.448655473757207601e-01,9.594016852918643146e-01,8.904429414540990795e-01,8.375241619246607261e-01,5.805328743537270242e-01,7.156462265934590006e-01,9.105650997488553555e-01,3.231159656954578629e-01,4.394088962314971480e-01,4.032737577185639966e-01,6.517944278632255006e-01,5.124884897211354762e-01,4.121732961547449614e-01,3.781321174276643937e-01,7.735220729180740662e-01,6.508586123340686092e-01,5.736038732301551590e-01,7.171605895330124270e-01,8.233207587528040827e-01,7.873055335303621449e-01,2.107312811407006381e-01,1.652694841728613584e-01,3.630124896470188212e-01,6.072457250500904458e-01,4.434086440105855509e-01,9.573594413672781951e-04,3.688585399680812671e-01,1.136504111877530837e-01,5.507423514513176688e-01,5.582109024598567171e-01,8.072033574523164168e-01,3.124577394796865942e-02,2.147972247572159654e-01
5.830672257657492086e-01,7.695727635735839511e-01,5.120046365027146607e-01,5.477915805834938645e-01,8.061285426326483261e-01,6.761374487549798307e-01,5.837901591757104214e-01,6.123477465081262894e-01,4.322210200782150569e-01,8.761668867206982014e-01,9.529571110016585855e-01,7.852599451899626715e-01,6.800361517514836862e-01,7.620564308210810989e-01,8.161422656582264512e-01,-6.406192923669676298e-02,0.000000000000000000e+00,4.713582095763376167e-01,2.154314076668821520e-01,7.838653236241123201e-01,6.295865181063603488e-01,8.386151720037883228e-01,8.691619251464225426e-01,7.848019021902675751e-01,8.818816206010281489e-01,8.736448706301053191e-01,7.001951431636698198e-01,8.505434192898073675e-01,4.908629070266502525e-01,6.202462715569727614e-01,4.889592031729398935e-01,1.534533618163720636e-01,5.355014672940793252e-01,7.450143297889678662e-01,6.646506582271594077e-01,2.618167037865842262e-01,4.988765116498368735e-01,5.589015659013254478e-01,9.839953027513446138e-01,7.737324044948024060e-01,5.450635764991228482e-01,6.920096572102674148e-01,8.346147827992191903e-01,7.745655521247158948e-01,7.046107022444718648e-01,6.995815784125291037e-01,5.198002832828798603e-01,3.778312320578791628e-01,9.525050599601011525e-01,6.637049404725781088e-01,7.984617708238919143e-01,6.615079045670820834e-01,3.103798751479867196e-02,6.221353377577492072e-01,6.129336220478175390e-01,8.141762930358058536e-01,9.408551804046056954e-01,3.547826388802374220e-01,6.372240053860095399e-01,2.205647467315885457e-01,2.078511044533306873e-01,5.652924792868480042e-01,7.752258613395681675e-01,7.082459091687091923e-02,9.127972932084276181e-01,6.319361374373221318e-01,-1.846935353767876764e-01,5.029873837193389319e-01,6.785669291985583218e-01,7.749527214222083904e-01,4.371425851129669971e-01,8.726398468896907623e-01,1.274335726191905271e-01,3.408641051012172296e-01,5.101269773130113760e-01,6.793901576504967066e-01,3.601840370580883244e-01,4.398418567798000334e-01,2.054349111409044526e-01,7.774352186914625928e-01,5.702581667369998053e-01,7.490888435170989235e-01,3.272187262620045445e-01,1.359329283953572033e-02,3.024416608551387942e-01
7.685101449126980899e-01,9.289886701878679043e-01,8.287132352332039487e-01,6.782376101429311577e-01,7.765932700307662806e-01,6.791525328314884646e-01,3.445809997364777250e-02,7.066877448567998599e-01,7.432776282769915088e-01,4.012774823866733787e-01,7.931412956399673808e-01,4.061721799282060341e-01,7.495807014051996120e-01,4.146326431365008336e-01,6.418995072132542834e-01,9.421197277748641907e-01,4.713582095763376167e-01,0.000000000000000000e+00,5.730058313727405261e-01,2.289319412592727976e-01,6.129070656100485959e-01,5.301364893636099085e-01,8.144640834511709393e-01,4.238227159817771206e-01,6.445158037738402124e-01,7.662719465608522906e-01,9.076754947231607806e-01,6.287520804299101540e-01,1.015009436598020114e-02,6.116352146517419763e-01,8.910729258516936202e-02,4.657149361420617750e-01,2.419322680394772052e-01,4.949183475745076027e-02,6.910107855261065080e-01,6.577122134233290840e-01,9.677767861202837829e-02,6.092766681010594043e-01,6.899523096946967859e-01,7.022350914476334083e-01,1.217952740641440879e-01,7.258378601056358903e-01,7.287355050345726282e-01,6.214782675949022117e-01,8.629816054989992713e-01,2.638442357859063225e-01,9.523211813289327310e-01,7.701116455060013077e-01,2.733778384202543710e-01,7.053904908237480509e-01,6.635242767120530516e-01,4.807704404868217152e-01,9.148616470495504194e-01,9.471200152792698113e-01,6.175540413689953878e-01,2.404711019835921448e-01,9.641294821996020392e-01,9.709473085093039968e-02,3.735778187375659587e-01,5.367174553218789779e-01,3.615091407838407767e-01,7.210758433467289175e-01,3.365485114953606915e-01,7.977290173086075686e-01,6.676672692170302348e-01,4.653186064836495328e-01,6.651442267533413943e-01,4.075494639886051429e-01,4.629541663823733000e-01,7.370047204014951170e-01,6.590980809328761403e-01,1.724380394571474739e-01,3.122274760658494408e-01,4.915036135629535785e-02,3.851935505806566296e-01,6.999159536925678715e-01,7.480333266544271220e-01,6.054057065185017850e-01,7.245097021440289886e-01,5.981063287665943085e-01,4.333975423606887256e-01,2.920402786077022084e-01,7.825652868450861943e-01,4.624560305127648485e-01,4.922248463087073866e-01
