0.000000000000000000e+00,7.354689212798687370e-01,7.424180196006214816e-01,8.159196116532360099e-01,2.170183237110651642e-01,6.478958564163959100e-01,7.091318035641811512e-01,5.842101512016153464e-01,7.442900568920965965e-01,9.464426496935386401e-01,9.299701353737015452e-01,7.283985994903600103e-01,8.281645683462108831e-01,7.260076366235628242e-01,7.938741117935046443e-01,6.170514605579309197e-01,9.050157630190717173e-01,8.200881656209557669e-01,6.017625158347119640e-01,9.167517335073381846e-01,1.452055836327911242e-01,7.128765483185273144e-01,2.750000956179721734e-01,5.153875747754551595e-01,7.207724263064658743e-01,2.739505396154138378e-02,5.068852229901419371e-01,8.782467321479285882e-01,6.429055607737641509e-01,4.637883260696694654e-01,7.443098510493642572e-02,8.173632981397781494e-01,8.447465110734329041e-01,5.514322684907002614e-01,9.165632847556571816e-01,1.607134027591720082e-01,4.452516836949431123e-01,6.399106516722938842e-01,6.633417751594761214e-01,5.800031899949495973e-01,3.953538296909001604e-01,9.125883576454664192e-01,4.080200833807163807e-01,9.379151288255852537e-01,7.327447934558337650e-01,7.360705477603438629e-01,6.968140760677743462e-01,5.538259907834386375e-01,8.573639052458488230e-01,4.199491132850454167e-01,7.553464053246243814e-01,1.078387113182527196e-01,5.499725149876950603e-01,8.703918509976564799e-01,7.928300339283576026e-01,8.836583779734280553e-01,9.008319494880654421e-01,9.846422687145507391e-01,6.682396478606751344e-01,2.629224999416864272e-01,6.292420829425962037e-01,5.241238010869293529e-01,5.779496832113955040e-01,6.152330519926323404e-01,4.785082974745259454e-01,7.690479067001945168e-01,8.586090494202187617e-01,6.672062256035994343e-01,7.238909016856126533e-01,8.260459501731447496e-01,9.978565735358566613e-01,2.325679320052298493e-01,5.997710639609079575e-01,2.382396894453480199e-02,9.740692065613755224e-01,9.356824766554792117e-01,6.623173584300050543e-01,7.538728817019605399e-01,2.721215856242128472e-01,-6.057400734556164790e-02,3.076994057432642093e-01,8.264400248104909474e-01,6.724413700757013723e-01,2.576417664664357732e-01,3.913860649850866569e-01
7.354689212798687370e-01,0.000000000000000000e+00,9.834339627606935030e-01,6.338642518518430302e-01,3.199525298271073126e-01,6.899275706761197613e-01,2.015563397842756732e-01,2.385007152825663890e-01,8.636490028107735029e-01,7.420796675620437988e-01,7.952036253035715818e-01,3.122266278333215017e-01,9.203936910776875369e-01,5.751200128643529919e-01,4.452336908421575812e-01,8.624025464568469967e-01,6.280353637566369329e-01,4.640335835877613113e-01,4.513093645488904238e-01,8.381156234228780422e-01,7.903506144358555252e-01,6.996766953770203745e-01,2.590635887938067539e-01,9.012461763540093873e-01,5.601872371431843023e-01,8.687881049576922088e-01,6.579660306042660611e-01,3.783884116121229990e-01,3.914218062025357492e-01,3.672390942014591708e-01,2.525436117600371455e-01,2.304111753019741082e-01,2.484249129935791889e-01,4.179982116364747702e-01,7.983040404923485989e-01,5.416937656216005981e-02,1.636584941877833044e-01,7.884372098014416075e-01,9.315046628182918065e-01,7.740134149414726883e-01,4.498849044053270796e-01,9.050478401196431211e-01,7.463347449706030368e-01,7.901268610430614014e-01,2.736175123385506391e-01,7.291338423639498467e-01,7.322771688223510544e-01,2.819231621697093071e-01,3.145811162364945401e-01,1.149824647899763130e-01,7.102414849619099746e-01,6.667101063863249966e-01,5.469855345327583329e-01,4.092768846798712223e-01,6.235055153342137224e-01,5.397168372195952912e-01,4.157084888405136458e-01,7.142898566721141984e-01,5.721555032731430179e-01,2.146030637516883333e-01,2.445194592410778189e-01,6.311131816284346607e-01,9.230042493051178187e-01,5.845727566071707848e-01,7.251773299117387772e-01,5.115535423908964541e-01,4.163812374404881056e-01,6.708747694673461437e-01,4.412111251229845488e-01,5.212879848490015178e-01,3.028745924738354689e-01,7.293853317675204062e-01,5.873436113060206409e-01,2.336173047094756150e-01,5.808473739327860708e-01,9.091259180240609528e-01,3.842214701180654002e-01,6.762255557669172301e-01,4.455410669173767713e-01,6.399757222975806237e-02,3.384759718188484756e-01,9.534195017234008418e-01,-7.278709529850943549e-02,5.007719207219276658e-01,6.914414351930301406e-01
7.424180196006214816e-01,9.834339627606935030e-01,0.000000000000000000e+00,4.391505254216255226e-03,9.147270520683613571e-01,4.890964911469966592e-01,9.496902251796680572e-01,8.398172525505348540e-01,9.580072939628018203e-01,9.975658607141938417e-01,9.585773307118606867e-01,8.952065961664901206e-01,6.422494218193793847e-01,8.444463388528593573e-01,6.673727726414865336e-01,7.568653641023969092e-01,7.459788230789129448e-01,7.312752751010951346e-01,7.576487094779358333e-01,8.191618543715629697e-01,9.284568453784036723e-01,9.055521348140932458e-01,7.115633455090730752e-01,8.859285758722660331e-01,7.094914621745291861e-01,7.555885335908855138e-01,5.862360718083667876e-01,7.567399555464301431e-01,4.275291379923091828e-01,5.279856248296929122e-01,2.077346960266349685e-01,9.347446487802605342e-01,5.002597130406603032e-01,9.147004929872598611e-01,8.545298699177915625e-01,1.007267277189861088e-01,9.209049961034852794e-02,5.049966881276041208e-01,4.247133493009168648e-01,9.103597390944727641e-01,4.146719956247617578e-01,5.495653335494089520e-01,6.234485710840096395e-01,9.704008463072393287e-01,8.188088295427488061e-01,8.856419399805095516e-01,9.673544992586071700e-01,7.852794656278742069e-01,8.135707137365837394e-01,5.955634224222492445e-01,8.222037373790231918e-01,7.242454092743727534e-01,9.720331825535712955e-01,5.878664140420530870e-01,4.406092829825208890e-01,9.237545122707748746e-01,7.222785707991054016e-01,4.038871941952175137e-01,3.601572640690612337e-01,-1.397753314363148480e-01,2.118129623674473716e-01,3.811616988654112914e-01,4.993997732145766810e-01,6.197617091500465802e-01,8.324714638318091442e-01,9.273388030747258259e-01,9.920730416207083069e-01,8.581678424129046689e-01,8.212542991878009069e-01,7.554947052469185298e-01,8.798197120914283964e-01,8.266574250903059307e-01,4.145588411464755096e-01,2.334300826248781324e-01,4.084668271636379133e-01,7.542585914611343867e-01,7.485541543843270140e-02,6.766383715202133331e-01,3.174898089408195179e-01,5.323567781004610033e-01,9.315797476297957846e-01,9.454154309916906751e-01,7.061913302689203364e-01,8.250223870450139607e-01,6.460504465905585469e-01
8.159196116532360099e-01,6.338642518518430302e-01,4.391505254216255226e-03,0.000000000000000000e+00,7.189597297311686175e-01,3.056340895625767051e-01,4.336407551460937371e-01,6.613589279188889503e-01,7.743983697850153058e-01,7.868521552676475128e-01,8.487594998038761052e-01,6.082988288822135381e-01,9.674802434662810313e-01,4.783265058897282485e-01,8.949854075855984137e-01,7.471531081940976371e-01,9.290207707999970088e-02,6.635140797972838289e-01,8.138625959533117848e-01,2.848215668534785916e-01,7.623305312510798570e-01,9.871571417748640220e-01,6.320768623245258677e-01,8.359492092651901185e-01,4.048971673882473254e-01,2.106249088804134639e-01,8.549524946263296066e-01,6.720860989949610786e-01,4.357574825657682394e-01,4.203864398468478147e-01,3.425341789638202683e-01,4.981246374861180159e-01,6.874597901520334009e-01,6.483944966598582660e-01,5.873028963443092110e-01,4.439550808023645101e-01,4.349001975693890243e-01,5.609658226188977137e-01,9.461167164345369862e-01,2.812537640895834135e-01,2.426033988751196135e-01,2.379083924577014009e-01,5.461130813181581667e-01,7.192365998404566252e-01,9.338382676657934756e-01,4.807528555989465380e-01,4.956046948998389379e-01,9.807743489965665695e-01,-1.099787585731675649e-01,7.965147189704271380e-01,7.856050924271394953e-01,4.635543480491831070e-01,3.966563500796964625e-01,8.838953467991891300e-01,8.688445302714262741e-01,6.260070697547381879e-01,5.355098118105199312e-01,4.302280820082710067e-01,2.985365685629073895e-01,7.263413618899651203e-01,5.201364112128941120e-01,9.020609250808778734e-01,7.125642860728381711e-01,6.014362993257020840e-01,8.394990885904461964e-01,2.345741031606995430e-01,5.667235976956056520e-01,8.200476706637578328e-01,5.258496080126547900e-01,7.646384049513088588e-01,9.927948596239194456e-01,9.481700227152854987e-01,2.599624490089007534e-01,2.114612527866630703e-02,5.670438437367189000e-01,2.738260854396594723e-01,5.229582539161850008e-01,5.895414350363463729e-01,4.780318863302619459e-01,1.287474473756416438e-01,4.103139761312010192e-01,9.626239872000029729e-01,6.534991083011063573e-01,2.746687510621423356e-01,4.513039877308182568e-01
2.170183237110651642e-01,3.199525298271073126e-01,9.147270520683613571e-01,7.189597297311686175e-01,0.000000000000000000e+00,7.997700572189616608e-01,4.441380752994997239e-01,-1.734917003637713728e-01,6.016809086676147000e-01,4.792321346738540599e-01,8.167029893664273787e-01,2.549218264966908731e-01,2.051672344487002753e-01,6.505224002837513009e-01,5.057022619576968525e-01,4.698400024888423898e-01,2.907630229818732870e-01,7.143423158335827639e-01,6.101614827907897443e-01,6.510525426445220587e-01,6.439466146859365026e-01,8.610773601096879393e-01,4.623290056291906591e-01,3.796226962513379877e-01,5.795633132558510869e-01,4.448352616312971075e-01,5.561923517920532856e-01,8.607969858256436790e-01,5.717215636264131318e-01,2.932325749644992263e-01,5.024922249089134318e-01,4.246455222985586753e-01,8.545741055235129835e-01,5.959237651343278763e-01,5.672932298716810706e-01,-8.884993500492982532e-02,3.613058751487766007e-01,1.308916284212617021e-01,8.565885126561096907e-01,7.668240125861726098e-01,-7.267339896489644069e-03,9.460107192692868150e-01,8.051893680136751330e-01,5.576318432019772287e-01,6.947050310655565886e-01,4.613689104959063925e-01,5.190559800059042495e-01,2.658510264423851188e-01,4.784542194451371633e-01,4.544373167324741725e-01,2.866139478571243515e-01,8.314084029575827817e-01,1.807417520103327124e-02,8.490011689098860836e-01,7.622493517900544857e-01,4.013795814302952292e-01,5.253632048687381095e-01,6.281718651962722166e-01,7.555095595574944367e-01,2.083159797075317399e-01,7.500624961065371910e-01,4.639701645198479607e-01,2.990378066709337146e-01,9.250788611866795907e-01,3.839509915542321794e-01,5.990254406937058906e-01,7.812487965008831914e-01,8.200052435084138613e-01,6.544413142322611510e-01,7.287227631306589792e-01,4.241606246482156339e-01,6.568322907150627721e-01,5.088823602141855362e-01,3.937315489308772509e-01,6.037103998735854349e-01,7.857299312320334961e-01,7.416138105872569497e-01,8.900276040525936239e-01,2.174926918583633406e-01,8.103887509471369155e-02,6.141117241177848074e-01,8.142247333878555038e-01,7.869561485056548733e-01,2.299877599656656446e-01,8.325802324776955254e-01
6.478958564163959100e-01,6.899275706761197613e-01,4.890964911469966592e-01,3.056340895625767051e-01,7.997700572189616608e-01,0.000000000000000000e+00,2.494419708678757563e-01,8.763600540597422661e-01,6.136930850012161515e-02,3.485478975267035651e-01,-4.537255411013785267e-02,5.680705641472008072e-01,9.609453647262933274e-01,4.287533913627052384e-01,5.045655634770850329e-01,3.480378290317227563e-01,7.840993324803847697e-01,5.580035477114766440e-01,6.216956021967817714e-01,5.921662736281336770e-01,8.134838083786489760e-01,5.759248349821917135e-01,7.257353483368729208e-01,4.134863920944783500e-01,6.669204839383487959e-01,3.401849419419452625e-01,6.961058399756001602e-01,4.567001865184840970e-01,3.221049992847849208e-01,3.377883956088157946e-01,1.497957643799001648e-01,5.672252978501358678e-01,4.505281753976879133e-01,7.970938510827343393e-01,1.803666181746437225e-01,4.620230227245822885e-01,5.027055602385720467e-01,4.594778111184087965e-01,7.375720344616522040e-01,4.456961635764642438e-01,5.115875845759307872e-01,5.035297260328664981e-01,7.584724638079676229e-01,8.377328046661859373e-01,9.455341026095140933e-01,5.884423883103786501e-01,7.722855643370198919e-01,6.667794898957999372e-01,9.582004415363039040e-01,5.471676305044956834e-01,2.575695631263590357e-01,5.395569708563021649e-01,8.053373168162818452e-01,7.863849970572986958e-01,4.256975669094412718e-01,4.754652477114378328e-01,8.730789941166673396e-01,5.665984572470696978e-01,9.093770636819475950e-01,2.304333247115405436e-01,7.781880297919048228e-01,6.195933430784157370e-01,7.581537682361985109e-01,9.157790155473853888e-01,4.077324386872093753e-01,5.526212646238122250e-01,4.578779837304410294e-01,7.087811734013174103e-01,4.854772303499189090e-01,6.275683246042288443e-01,5.599574492844331397e-01,4.719682221743266015e-01,4.142255842942387245e-01,2.199921584247206963e-01,4.129271465448184353e-01,7.242766907394622145e-01,4.190959378519981127e-01,2.786809601419729110e-01,6.573477814609809400e-01,4.561302291231163486e-01,9.178627028485077943e-01,9.735984994967462614e-01,9.816375673296322546e-01,5.784905069781913767e-01,5.693415794357780113e-01
7.091318035641811512e-01,2.015563397842756732e-01,9.496902251796680572e-01,4.336407551460937371e-01,4.441380752994997239e-01,2.494419708678757563e-01,0.000000000000000000e+00,1.768270642164145312e-01,3.968890978979423556e-01,6.009024505489208856e-01,7.975830161437243992e-01,4.632773989187492503e-01,3.797852550646847458e-01,4.462965156339218642e-01,7.166100687314950202e-01,8.039780152265771918e-01,6.044036807545806189e-01,3.433406820842198615e-01,6.934230680431304750e-01,7.493655907504268576e-01,7.900454895969994951e-01,4.067088278525970990e-01,4.795549594871869603e-01,3.738420266183746232e-01,4.270353617306010818e-01,1.054803057873303918e-01,4.150129490063022564e-01,5.058374553695454967e-01,5.376529525070057325e-01,5.946698957685192521e-01,2.941142386901274275e-02,6.272707700967009026e-02,6.787906105163709070e-01,2.995006792993239464e-01,2.860200081872130706e-01,6.205924703543476140e-01,1.422909818570355089e-01,7.378649908677645808e-01,7.768777914652935657e-01,6.319382625812286491e-01,7.438897058034894538e-01,5.946003789842670972e-01,6.356795982776008991e-01,5.137656163411781218e-01,8.545477962857301879e-01,6.383915192714537667e-01,7.757686779360564167e-01,3.290892241283680658e-02,7.114954447105570345e-01,6.520358312695921921e-01,2.375155807543421205e-01,9.710176129701645342e-01,4.547283013660497475e-01,5.746522689894681957e-01,9.885409409667808012e-01,7.409245840193902088e-01,4.475674568728036928e-01,7.294513828590415416e-01,5.193760545474741530e-01,1.569598471974515894e-02,4.847335192526025516e-01,6.103758939756764867e-01,4.026749806740593240e-01,7.702164227711830735e-01,8.099384284174585558e-01,6.951663846693980631e-01,5.634827093676636478e-01,8.337361059759699211e-01,5.126870553440654454e-02,5.750719310454635025e-01,4.773569694360585980e-01,5.828243734287749112e-01,1.769534991352537112e-01,4.173479731313017860e-01,7.159163047949846925e-01,2.108166339809814105e-01,6.622314169218201929e-01,5.521109439496418858e-01,5.299338796615927771e-01,1.898720216960643470e-02,5.960932944301875480e-01,6.542994246611096854e-01,5.887511713454505191e-01,5.813655061117902756e-01,5.764938108652946092e-01
5.842101512016153464e-01,2.385007152825663890e-01,8.398172525505348540e-01,6.613589279188889503e-01,-1.734917003637713728e-01,8.763600540597422661e-01,1.768270642164145312e-01,0.000000000000000000e+00,3.073661798370321274e-01,7.755620470545643297e-02,4.726150025783267816e-01,1.389942480230132726e-01,7.532979877575914918e-01,8.350655719526327569e-01,5.058297535116619281e-01,6.656339029116475903e-01,5.103330271375106086e-01,-8.942502830983811712e-02,3.541732993987379841e-01,7.468395704038737204e-01,7.760634994237742834e-01,3.155597371446747790e-01,5.418108041161289190e-01,7.141749960756070825e-01,7.388115374798793766e-01,3.485915002884092395e-01,4.896260619151482363e-01,3.709679749239599422e-01,2.078136450581080815e-04,5.385219045674263239e-01,3.808845553010001828e-01,4.155710896530691034e-01,1.077870086331209065e-01,5.785968761159765439e-01,2.579121724509800262e-01,6.229587579267439335e-01,6.896727738467587354e-01,7.636860243442442631e-01,7.637888197159088399e-01,2.033664889048998059e-01,4.001613723083769503e-01,-3.750719613408537989e-01,5.424715835847631062e-01,4.525561419244775729e-01,8.363457931011690771e-01,3.171654667561925045e-01,-2.304707655143786726e-01,3.686386893682675470e-01,6.423173435046949376e-01,6.840295183689906189e-01,7.127545585207412104e-01,6.845775371209417148e-01,5.926022263266901291e-01,7.215542504217533626e-01,9.790945985827257392e-01,7.455174257320364983e-01,2.517690991821653346e-01,1.347756664468894860e-01,4.296367316245263690e-01,6.318729288136385458e-01,7.260266325818132138e-01,7.446733255655167971e-01,7.772613131345726956e-01,4.003888566622023082e-01,6.883818827196449552e-01,7.364021948523061800e-01,3.830391286431084064e-01,4.789529912807933831e-01,3.748896126415362517e-01,2.063396229195069709e-01,5.047499240397406162e-01,3.388194280938047753e-01,5.803573119282313675e-01,3.937411462674441642e-01,4.654474142986149143e-01,5.264479483042188157e-01,6.485853983906183506e-01,2.242748557378846097e-01,5.851148215883447135e-01,3.110740333896490073e-01,8.498250348964850875e-01,4.277910830828799416e-01,7.687165084267457704e-01,6.402835700325101298e-01,-2.886427350795769953e-02
7.442900568920965965e-01,8.636490028107735029e-01,9.580072939628018203e-01,7.743983697850153058e-01,6.016809086676147000e-01,6.136930850012161515e-02,3.968890978979423556e-01,3.073661798370321274e-01,0.000000000000000000e+00,5.395063289638178938e-01,2.786565489590224209e-01,7.942481055725294503e-01,6.047079945123278177e-01,4.352402608702213849e-01,6.351267298109481985e-01,2.787127850014054498e-01,7.823518900256216657e-01,4.473450406316913930e-01,-3.291659657488194002e-02,3.805147374445784214e-01,8.161369877369905046e-01,2.233606970738732100e-01,8.504228992074194249e-01,6.317343039337617316e-01,4.281402162002373446e-01,6.473189818528344297e-01,9.870036029393911559e-01,1.051719460723767735e-01,4.139049314364803833e-01,5.247824708586442677e-01,7.301967912604996613e-02,7.451365770183310255e-01,3.716194713540050820e-01,6.580352732951610939e-01,8.488909197285668951e-01,5.827602819494109854e-01,2.609984295925790176e-01,5.356268817918045100e-01,8.988355070543926351e-01,4.502525316898338126e-01,4.324075222990841905e-01,4.143040874506173088e-01,8.725483099185213920e-01,5.467293298645971023e-01,9.624908027807663746e-01,5.924937636944318520e-01,5.809562436741014801e-01,5.933181314611698509e-01,5.592053903738274379e-01,2.928444647350389451e-01,7.142897850685719918e-01,6.330574743052144182e-01,5.439557499022404929e-01,2.617706547690629160e-01,5.787050895670078354e-01,6.168886661109880265e-01,7.667028451334441108e-01,9.950445560408484047e-01,5.975228629959493665e-01,6.597924056478358112e-01,4.160323718644399205e-01,7.900157473782702944e-01,4.344474767140107940e-01,4.029936649772619672e-01,2.126724032548827081e-01,5.048138070536742905e-01,7.812745919291900210e-01,6.039088851325348228e-01,7.971231010981888465e-01,4.159944541824169839e-01,8.369179999491549449e-01,6.336063138772775050e-01,6.158007361845246885e-01,5.035397683406757086e-01,4.375062057142416472e-01,5.713360904905719906e-01,4.646961934337228151e-01,8.964649337222494463e-01,4.361184499653897317e-01,1.265635979666668021e-01,5.343464599984719676e-01,7.184436052680015505e-01,4.950665998215637020e-01,3.668021594050676626e-01,7.399213131648629815e-01
9.464426496935386401e-01,7.420796675620437988e-01,9.975658607141938417e-01,7.868521552676475128e-01,4.792321346738540599e-01,3.485478975267035651e-01,6.009024505489208856e-01,7.755620470545643297e-02,5.395063289638178938e-01,0.000000000000000000e+00,4.088886315901864577e-01,6.502448103732660911e-01,6.563604598347891894e-01,7.438597695056512471e-01,6.348100094791540027e-01,7.937482872340153595e-01,5.903851315659545129e-01,5.288603737765650292e-01,6.135761353579374244e-01,7.256284556453727053e-01,7.303272551965536152e-01,5.989506426724955368e-01,5.613305347887752594e-01,8.183243114284921571e-01,5.618375490214035928e-01,9.624565233553645793e-01,8.924286836865816808e-01,6.417112859010668524e-01,3.195637309696907069e-01,3.089003483456123633e-01,4.994100656788494352e-01,7.617363440731190760e-01,7.440079344773135039e-01,6.646958209873840007e-01,4.148193867167186411e-01,6.583064229806319112e-01,2.434566911783264120e-01,4.814194342603622112e-01,6.207665389280626611e-01,4.288004506433190088e-01,2.097102969463610078e-01,9.213843543573362327e-01,5.812524866596896489e-01,9.826474723807799849e-01,8.327031980777542808e-01,9.016701226016978765e-01,9.709786456717397485e-01,3.364785407228690906e-01,7.067650746889824198e-01,7.174492457245070787e-01,6.337083193766323008e-01,4.166716662473626265e-01,5.131452702690830758e-01,5.738822004442525326e-01,8.506581051936428217e-01,8.305156930363102319e-01,7.981321084678842936e-01,4.976931255605315241e-01,4.790263006448693961e-01,2.193921999994286332e-01,2.195924536417331041e-01,7.261658499762505548e-01,2.925718966230940743e-01,5.659764138545958501e-01,4.742947381729796796e-01,6.975844656730239013e-01,5.787650455283126494e-01,4.956087994072401193e-01,5.339493778209402075e-01,7.835360795324775030e-01,8.960957659406314502e-01,7.734031842837303383e-01,6.122328207455984828e-01,5.193854524004095641e-01,4.345198194701035410e-01,8.706782829440548044e-01,2.731850154470481518e-01,1.734546828629513204e-01,2.759550508879257125e-01,3.533893234405122152e-01,5.379107750301599378e-01,8.041008830476945590e-01,7.390978770871959869e-01,3.109868080426920756e-01,8.342774164871238352e-01
9.299701353737015452e-01,7.952036253035715818e-01,9.585773307118606867e-01,8.487594998038761052e-01,8.167029893664273787e-01,-4.537255411013785267e-02,7.975830161437243992e-01,4.726150025783267816e-01,2.786565489590224209e-01,4.088886315901864577e-01,0.000000000000000000e+00,8.276692477255777058e-01,4.460046268540342473e-01,6.712132507918593394e-01,5.184213106989898900e-01,3.846538292224035427e-01,6.684656792344449983e-01,4.726956609872998705e-01,7.001946756916900272e-01,7.825085550489710995e-01,7.611069038820184041e-01,2.964747972566391665e-01,5.102411220732963049e-01,7.240057926785934406e-01,5.789639176599435944e-01,2.608362121848023518e-01,6.665519974219439314e-01,3.820514986592281614e-01,2.594395514618688114e-01,1.997940222669269961e-01,6.989778023907714521e-01,7.614761343379636838e-01,8.137157682155558014e-01,8.627896162432708849e-01,6.400669729922724427e-01,1.923842597457880443e-01,3.454450863748568246e-01,1.861809356567454277e-01,5.927963171341055215e-01,5.752056136441825451e-01,3.746732132479790867e-01,6.579482230803296305e-01,5.391425474706535992e-01,6.737787152371863542e-01,8.668012389376420490e-01,8.774829908406760470e-01,4.610848940546413699e-01,3.408057688342937541e-01,1.590639978612171795e-02,5.512969569252661461e-01,5.268287382454387435e-01,8.525259831706901714e-01,1.057800412836367721e-01,9.317158574314542419e-01,9.666151767758430768e-01,4.496415787047524093e-01,7.497087125043523370e-01,2.302939233124281782e-01,7.952272937688174004e-01,3.485247932260171488e-01,3.965630749307325065e-01,3.604192340156238128e-01,6.489538660785019175e-01,7.765155382239161685e-01,8.518959239553884899e-01,3.729318130559017286e-01,4.861096566806759611e-01,8.653346239475228074e-01,-6.227635345267937272e-02,2.987127101395605777e-01,8.830676325911753777e-01,4.814631569987645743e-01,2.846367992634443178e-01,4.807868717106971168e-01,2.842062933952759773e-01,6.586660320367181409e-01,4.032502960482760579e-01,5.082058922848615712e-01,3.834912174130210571e-01,4.898895248941197433e-01,4.616531511897922213e-01,5.412569999578492608e-01,9.586483902222510123e-01,4.647134144677683154e-01,8.287213245521108940e-01
7.283985994903600103e-01,3.122266278333215017e-01,8.952065961664901206e-01,6.082988288822135381e-01,2.549218264966908731e-01,5.680705641472008072e-01,4.632773989187492503e-01,1.389942480230132726e-01,7.942481055725294503e-01,6.502448103732660911e-01,8.276692477255777058e-01,0.000000000000000000e+00,4.812988003410679783e-01,5.261472973389126340e-01,5.673734117003614852e-01,9.415578592328511798e-01,5.117063551067030369e-01,2.297420286912734907e-02,7.059063133304046556e-01,5.521912665952433130e-01,8.545562128905849208e-01,8.294221742059715297e-01,8.818071477505897704e-01,5.893912149405649004e-01,2.038151124134758019e-01,7.837174400979721733e-01,4.920588488589051623e-01,4.283582356406002156e-01,4.608162059425788826e-01,5.300734322669033993e-01,3.577121007842363198e-01,6.365722737109913432e-01,2.553712777517304078e-01,8.414858704884006224e-01,5.647782391426410253e-01,2.183174024572815120e-01,3.396915315415941494e-01,8.974820804887143066e-02,4.430331611451326368e-01,4.434347154145823477e-01,4.856108419418301292e-01,2.470468778645999453e-01,6.671436458545627890e-02,6.491403783427462937e-01,6.712338455577525620e-01,5.285664186890747240e-01,6.795958818926695066e-01,7.655120614740823504e-02,3.168214254613770930e-01,6.832638599490357123e-01,3.162465645468170994e-01,3.690530821288710017e-01,1.301047546416337630e-01,7.498719540617840851e-01,8.350461084189961802e-01,8.088104542016743004e-01,6.664614144995799627e-01,8.329559183047209325e-01,4.975929023621314395e-01,2.138973600920713314e-01,5.722022650046532100e-01,7.746716619412139515e-01,3.313546444419649406e-01,6.179977989554112927e-01,6.913170046623005049e-01,6.623415574089106528e-01,4.525342382002528474e-01,7.290424865776711227e-01,5.296133722654219333e-01,5.504449565226103847e-01,4.746564080959023157e-01,5.938239715703963473e-01,6.238929729030713300e-01,7.010907899485995243e-01,7.016489415188472689e-01,7.424330664582137196e-01,4.181229342773851165e-01,6.260568503676312568e-01,3.954813520465876309e-01,2.648848606955643836e-01,2.844330670181799969e-01,7.836260387697645546e-01,5.848548755164769686e-01,5.959397034251214809e-01,6.106190071569859157e-01
8.281645683462108831e-01,9.203936910776875369e-01,6.422494218193793847e-01,9.674802434662810313e-01,2.051672344487002753e-01,9.609453647262933274e-01,3.797852550646847458e-01,7.532979877575914918e-01,6.047079945123278177e-01,6.563604598347891894e-01,4.460046268540342473e-01,4.812988003410679783e-01,0.000000000000000000e+00,4.600323434254074417e-01,6.372083169457044560e-01,6.766265966220945671e-01,6.784050699044632537e-01,1.437641002705767335e-01,7.089983173511547054e-01,6.391002828826892745e-01,3.374477836608471559e-01,7.672821427733502730e-01,6.224727251943227291e-01,6.517037241242091827e-01,5.610309570633428278e-01,8.190182301142542309e-01,3.554340941654998698e-01,8.361077437356394526e-01,2.043628096209957334e-01,2.615430393240439910e-01,4.292641745686873733e-01,4.552157124980796277e-01,2.896991860932436325e-01,5.893869736354483413e-01,5.859592703588984985e-01,4.464794258369301216e-01,6.706960099204526404e-01,8.262471738777851238e-01,6.362868716484533227e-01,9.751997542357953019e-01,-1.118142463710502105e-01,6.218717116516131460e-01,9.333143268308856655e-01,8.318725621404117199e-01,2.155040831005224644e-01,6.855984006475109860e-01,2.023159061809983172e-01,4.135203191941870249e-01,8.898273188233101205e-01,7.993310822446533237e-01,5.022981215175370551e-01,2.012345488621925527e-01,9.745918322421283086e-01,4.946379082118199655e-01,5.048856413079226835e-01,9.903528128391129171e-01,5.544312400402415797e-01,8.564698311342627823e-01,8.270710323636616401e-01,3.039845974225949821e-01,4.384947117414585982e-01,2.577826114219435305e-01,8.745429130795585593e-01,7.220081113709571063e-01,9.829505730639269689e-01,7.518938054167180196e-01,6.203036669694973471e-01,3.859333015842719705e-01,5.698827839849095467e-01,2.698648141119099897e-01,9.773371160212007691e-01,9.198167505432754965e-01,2.807928556211093385e-01,3.659704059329944581e-01,2.866944112651875209e-01,6.491009136996068740e-01,8.371674634075195742e-01,7.851526010579242820e-01,4.429830964052036690e-01,4.777280929335311899e-01,7.962017320078077498e-01,6.075302746541385579e-01,7.660357503935311119e-01,-3.990780400220833579e-02,6.330760875664597220e-01
7.260076366235628242e-01,5.751200128643529919e-01,8.444463388528593573e-01,4.783265058897282485e-01,6.505224002837513009e-01,4.287533913627052384e-01,4.462965156339218642e-01,8.350655719526327569e-01,4.352402608702213849e-01,7.438597695056512471e-01,6.712132507918593394e-01,5.261472973389126340e-01,4.600323434254074417e-01,0.000000000000000000e+00,9.619031842727443493e-01,6.124858203060321582e-01,7.104057116455809728e-01,3.347693835890839242e-01,6.185289829881363000e-01,8.061770491598114763e-01,9.961751706390941097e-01,8.624285438949904625e-01,7.177235517393136810e-01,7.898264330891158203e-01,4.851027149945384420e-01,8.698917312954734804e-01,5.367204008506895052e-01,-4.204171169454851142e-02,3.187409645825877158e-01,3.534967718223540056e-01,7.867740262160510811e-02,2.992265218382587078e-01,5.182825686367974471e-01,8.408538022127985956e-01,9.369415401021389256e-01,3.429528522418251457e-01,4.415689489964945702e-01,6.878789402611141801e-01,7.892819778068358438e-01,3.217801151743973631e-01,3.935373502027520454e-01,4.438402431982643725e-01,3.845926037500876360e-01,8.081091237293333007e-01,4.256719271078387434e-01,7.092595158560875968e-01,2.216808918210543544e-01,1.627216741248827536e-01,7.391373724239911347e-01,8.435998916368975253e-01,4.529065218608233634e-01,7.101550411120469697e-01,8.219928073585289763e-01,8.705162106033074165e-01,7.435386840760827010e-01,7.584989210702990370e-01,8.661372302036314252e-01,6.695784952670749135e-01,9.983314436010350956e-01,7.435311564110228533e-01,2.893362942569598362e-01,2.494872961291199343e-01,4.889483469018783279e-01,8.882851347888418569e-01,5.295712854288244786e-01,1.492920830083836747e-01,6.896810906395390850e-01,5.462115859943641460e-01,2.763909164406022079e-01,8.062467583558263762e-01,6.813999339064775729e-01,8.180233213762312383e-01,5.753291976440291222e-01,3.670054499964863215e-01,3.258514808062389356e-01,6.126335325397040954e-01,2.300010369210501726e-01,4.378872821795313786e-01,2.265069326600771538e-01,4.564284118352885389e-01,3.067665885211488530e-01,7.318733077159822464e-01,4.916793975940961792e-01,1.433281139468841336e-01,3.271264190985181397e-01
7.938741117935046443e-01,4.452336908421575812e-01,6.673727726414865336e-01,8.949854075855984137e-01,5.057022619576968525e-01,5.045655634770850329e-01,7.166100687314950202e-01,5.058297535116619281e-01,6.351267298109481985e-01,6.348100094791540027e-01,5.184213106989898900e-01,5.673734117003614852e-01,6.372083169457044560e-01,9.619031842727443493e-01,0.000000000000000000e+00,1.883751121186456601e-01,-2.555932615005399589e-01,6.720880710935561719e-01,4.767218376519704037e-01,9.732203612861050068e-01,9.389057848015327501e-01,6.392282218999643106e-01,5.912659692608164264e-01,5.733739622910832834e-01,2.089267901013706630e-01,2.609364257575386703e-01,9.487211115042215592e-01,1.432322494151670733e-01,2.326476643737416805e-01,-1.025034271407695430e-01,-1.815672126483393878e-01,3.476377974274729721e-01,2.054572048900010495e-01,6.193430947964746469e-01,7.594370003582295858e-01,1.480139627200423025e-01,3.190965943086739309e-01,4.741859752949680040e-02,8.736790204954247852e-01,7.147273303969911007e-01,7.562297326377414031e-01,7.584640859944468128e-01,7.324457542200188964e-01,9.663169874117819580e-01,3.271496905808174427e-01,8.273595619203732987e-01,4.611046113124588897e-01,5.182043364057821178e-01,6.437349339874949283e-01,5.924227768352090528e-01,6.090827129434248643e-01,7.927861060849110686e-01,9.505339558842138548e-01,6.332812195313145542e-01,8.878767146508604879e-01,3.008676428972735239e-01,7.659835665381947711e-01,5.891936684949969916e-01,5.589133187793456914e-01,1.793427971020967737e-01,4.168733925079878833e-01,6.899036231838069355e-01,4.115743136379533818e-01,6.810843486451620965e-01,4.364601644308899187e-01,5.726807793953599957e-01,4.021753302330968172e-01,7.611564639916884589e-02,6.605440596505076645e-01,6.853110278665857091e-01,8.713044432680169260e-01,5.216775136648147404e-01,4.650842567797197624e-01,6.575145161445458131e-01,1.947311095171078699e-01,4.971717038521641374e-01,4.082041556720085729e-01,5.203231615344003913e-01,3.280346340215310463e-01,1.326483413651471932e-01,6.907328501713271285e-01,5.978439848791803346e-01,3.196942316000392914e-01,2.303137500470570365e-01,7.674900136395998995e-01
6.170514605579309197e-01,8.624025464568469967e-01,7.568653641023969092e-01,7.471531081940976371e-01,4.698400024888423898e-01,3.480378290317227563e-01,8.039780152265771918e-01,6.656339029116475903e-01,2.787127850014054498e-01,7.937482872340153595e-01,3.846538292224035427e-01,9.415578592328511798e-01,6.766265966220945671e-01,6.124858203060321582e-01,1.883751121186456601e-01,0.000000000000000000e+00,8.736042539702015830e-01,4.971161778067020864e-01,1.540731245104332015e-02,2.553407180154317890e-01,9.655624963624219737e-01,5.135191240929747325e-01,3.024100247600394198e-01,9.204305684721887371e-01,4.643613837041876136e-01,4.648917001855591424e-01,6.914927767494571942e-01,1.865453721125650555e-01,3.502523130961953113e-01,2.148162434465326898e-01,-1.216852491585326823e-01,1.033479152597515660e-01,5.524658858876844159e-01,8.119157305982946937e-01,4.231041276946125862e-01,4.889578299456187604e-01,3.853777706601395625e-01,9.926343580640439868e-01,8.430441359800669998e-01,6.624552992354795222e-01,2.080237858443574339e-01,5.799037671821094531e-01,3.662568675553614095e-01,2.317455894101888847e-01,6.767957857529431909e-01,4.333573504020568068e-01,8.331118340011575141e-01,3.886726286864903290e-01,6.611061181693365096e-01,4.576752428057873634e-01,6.698071988465467141e-01,7.036331913159438178e-01,7.542957009041169059e-01,-6.747602596938331865e-02,5.958860594746063777e-01,9.384532226263766486e-01,4.069489847297548257e-01,7.279792114255337898e-01,6.747682420238140244e-01,5.517255222652832636e-01,4.604517612268240745e-01,7.493525002398381263e-01,4.697681655524603150e-01,7.545169585164399617e-01,4.935365298265978473e-01,8.256601891306100116e-01,7.091197632799693951e-01,2.174149701165623561e-01,5.462137139448310919e-01,8.776551614023817560e-01,6.347064230265532236e-01,7.652615975871928100e-01,1.655032246030134838e-02,2.714590755086315754e-01,4.653068249570211368e-01,7.980194611265652993e-01,6.250400450684253650e-01,8.449398475002019016e-01,6.430920368391983555e-01,1.833804775352717298e-01,7.050516928573001829e-01,7.757968330509810162e-01,9.159267878813284192e-01,7.013881729117596997e-01,5.562038439022152225e-01
9.050157630190717173e-01,6.280353637566369329e-01,7.459788230789129448e-01,9.290207707999970088e-02,2.907630229818732870e-01,7.840993324803847697e-01,6.044036807545806189e-01,5.103330271375106086e-01,7.823518900256216657e-01,5.903851315659545129e-01,6.684656792344449983e-01,5.117063551067030369e-01,6.784050699044632537e-01,7.104057116455809728e-01,-2.555932615005399589e-01,8.736042539702015830e-01,0.000000000000000000e+00,8.606052847633323122e-01,9.996316779942655550e-01,8.676356358125902890e-01,9.789471007122240165e-01,2.870262974525136790e-01,4.128757572072100923e-01,8.332675439005354789e-01,5.307816800078766217e-01,7.156395687003179740e-01,4.724515266567959060e-01,9.414820499103240259e-01,5.990439911826310748e-01,7.677717657921083738e-01,3.714411048514218994e-01,5.124084306402370004e-01,7.564698245552137212e-01,5.723773967542109542e-01,6.785888984373250610e-01,5.446892397459162094e-01,3.571925337263559541e-01,6.892518797139042253e-01,8.713345156816041381e-01,5.775008243099793992e-01,3.682390086738807338e-03,6.267154905638150364e-02,7.726815369402756373e-01,7.608132101560434180e-01,8.280370330377581078e-01,8.785717790515161774e-01,7.030228447044255535e-01,8.999177870186165773e-01,9.308494358774778155e-01,5.013648993645687391e-01,1.342091843509478355e-01,8.073200183106021832e-01,8.635337054497242981e-01,6.089930007706823023e-01,6.258728759748150017e-01,8.887837137127585496e-01,9.252967612597093883e-01,5.783615518903639785e-01,6.964376566274338431e-01,6.198249456028632753e-01,7.096183622678451375e-01,6.531885845111788935e-01,8.989976110864841274e-01,8.319978553657982889e-01,9.942657207070412229e-01,2.864388052540874918e-01,7.282949437953512017e-01,5.846992939639582554e-01,1.961286271446054386e-01,5.030525235246833260e-01,2.256655512306115774e-01,6.600331635775822381e-01,7.019501520837045927e-01,4.141686447526820580e-01,4.689038797403273229e-01,9.993106533618096865e-01,7.545624775552352004e-01,9.923427773042790834e-02,7.829712135743494006e-01,2.680199356813754985e-01,7.441435636583051405e-01,7.596164439283447090e-01,7.447069508815337135e-01,3.268044792633500312e-02,7.716050177226796425e-01
8.200881656209557669e-01,4.640335835877613113e-01,7.312752751010951346e-01,6.635140797972838289e-01,7.143423158335827639e-01,5.580035477114766440e-01,3.433406820842198615e-01,-8.942502830983811712e-02,4.473450406316913930e-01,5.288603737765650292e-01,4.726956609872998705e-01,2.297420286912734907e-02,1.437641002705767335e-01,3.347693835890839242e-01,6.720880710935561719e-01,4.971161778067020864e-01,8.606052847633323122e-01,0.000000000000000000e+00,7.096717507305752015e-01,7.622233925806504162e-01,6.140459300322712588e-01,-1.405054161899302323e-01,8.081963018672175814e-01,5.572137202043014881e-01,1.477672415178821197e-03,6.972244077240887794e-01,8.459494229288163636e-01,7.423358445804382200e-01,2.741359475296583081e-01,7.002578733686819490e-01,2.287483908882809724e-01,7.901792626760018035e-01,9.987558726084690974e-01,7.856579386963900014e-01,6.458392007113231692e-01,5.479004765279833489e-01,2.859842744005823278e-01,5.485319278071789650e-01,5.819987001952614536e-01,7.832785223629399329e-01,2.353263917598984734e-01,5.380756468112773971e-01,6.741720142174856267e-01,2.076549378413122537e-01,6.312918597465730919e-01,8.649710464888187289e-01,7.535036758818466351e-01,6.189701868675507868e-01,7.788444967816684494e-01,3.260669978081395248e-01,3.562392393101337928e-01,5.493291549800256579e-01,6.993435374747347666e-01,4.632794673363250793e-01,9.617878959552919049e-01,6.611079864340082546e-01,8.707167860941209536e-01,8.791356546967532548e-02,4.189913381236453627e-01,7.081288160813815624e-01,3.474587363589064504e-01,2.666783363351845071e-01,6.816629257622704996e-01,6.531058717341158282e-01,8.053434567445956205e-01,5.036040550134284199e-01,3.879884977449025163e-01,9.162830740740998126e-01,7.577815414268572747e-01,7.786745022344052636e-01,9.644332615163989653e-01,1.620261677274615897e-01,4.918067486113419373e-01,4.723599125671756188e-02,5.620195597736072912e-01,2.967629003114792274e-01,6.740884204726674822e-01,3.146684700767891085e-01,4.804502594868504395e-01,4.482130130623443454e-01,3.975814225528988555e-01,8.965563848362888555e-01,8.302080769082589295e-01,6.286552140957761825e-01,2.083632129662411903e-01
