0.000000000000000000e+00,8.246846923283962516e-01,5.948262237471078073e-01,9.008969789757145241e-01,4.697721617151623397e-01,7.833243403088998580e-01,7.003327857412053881e-01,6.059888296356751303e-01,9.049223746015976344e-01,7.784785931638632528e-01,9.343146521210707878e-01,7.117660004687683672e-01,7.052987888708017739e-01,6.903765461698999628e-01,3.000442239402231759e-01,9.703036642810378698e-01,5.458407927404440585e-01,4.965070033738102073e-01,8.054214981164422582e-01,9.735309400257419199e-01,4.889232657817706995e-01,7.169025590032355177e-01,6.032848223242514019e-01,5.825490719010411045e-01,9.522764667216927492e-01,7.708551051290998268e-01,3.538333083355170716e-01,4.805304221009091270e-01,5.447332880855690895e-01,4.844248095367073015e-01,3.602035699468308927e-01,8.811180869384974690e-01,5.718346427863838510e-01,3.805412240846324234e-01,5.772017430788215497e-01,-4.399470932329876960e-02,6.360329870800938978e-02,6.845359680284971438e-01,5.399613039052854058e-01,5.400187428765098607e-01,3.684760481218768424e-01,6.256456455183140308e-01,6.394149364733908714e-01,4.529160112921547521e-01,6.461391628685382305e-01,5.052943295830972792e-01,8.037988841246844762e-01,7.379071554950481504e-01,9.068813845953573871e-01,6.597791107432386948e-01,4.273062287769072709e-01,8.113914690159929055e-01,5.290595424067275898e-01,6.137387500598570078e-01,9.711161725492445385e-01,-5.520148495104712505e-02,2.642212767808296281e-01,7.897699594548681645e-01,8.519848363638897748e-01,4.663522602781763893e-01,5.043138941729482516e-01,7.535876011770390459e-01,7.327236122288498521e-01,7.352978665261903357e-01,6.027921324954501614e-01,9.805943503322724908e-01,8.257048744504930093e-01,9.653412924234561210e-01,6.785924427097255185e-01,6.334648330035637098e-01,4.823895190899280538e-01,7.621469828971381144e-01,4.953946325265853323e-01,7.919306985817375910e-01,9.528724759793876231e-01,8.725432128876515758e-01,1.029343795526360961e-01,7.345266045922119735e-01,1.880611503859961897e-01,-1.411629576754919735e-01,7.614482046623710643e-01,9.344433364197894942e-01,9.476958582300235578e-01,6.071556687097826588e-01,8.074718335688032544e-01
8.246846923283962516e-01,0.000000000000000000e+00,7.283231962351252031e-01,5.453462105579153230e-01,8.844176049585409372e-01,6.366708104415451652e-01,7.432989133941663162e-01,7.965805115688982807e-02,6.092292508315049204e-01,4.566432377554247579e-01,1.306545206279867699e-01,-2.774414790598861424e-02,8.584115753318755093e-01,7.829230817546238841e-01,6.808105504665512564e-01,4.114577442019011766e-01,3.869208102201002891e-02,5.152296938853390129e-01,9.091199726203385012e-01,5.021481753204670717e-01,9.621645002078320630e-01,5.739481113048878758e-01,6.962908737407631499e-01,6.739195004528069077e-01,4.616742316433071758e-01,9.821254154276441994e-01,7.483552211488629924e-01,6.125251319280399231e-01,3.098318646227978812e-01,4.627468086010532722e-01,2.084666237965218313e-02,6.617226316478433956e-01,5.336303864155607091e-01,3.956449978225023978e-01,4.069620851025851915e-01,4.410154084461677115e-01,3.674841145437575118e-01,5.048893228295642244e-01,4.145071099466441922e-01,5.450038880164573829e-01,2.183805596725931775e-01,6.608780595429364357e-01,9.294136493503627472e-01,5.678597641188951606e-01,6.505831501473079426e-01,9.095401440505715973e-01,3.266814983601569189e-01,1.895579158270052078e-01,4.316328868377016237e-01,7.999770280094682384e-01,6.461568248746700771e-01,1.868455006163615706e-01,7.707811710754113310e-01,5.096012808083852930e-01,9.405420595190545630e-01,4.465703187320123613e-01,4.495639735152262562e-01,7.213646000322484486e-01,5.290999218647747249e-01,7.636996116925887090e-01,2.641992206161851153e-01,7.602085709843094952e-01,1.823780375163115350e-02,4.038529450316613589e-01,7.674410464654856101e-01,7.997690047785144252e-01,3.767717544927809969e-01,8.311147491617560945e-01,7.567619588234110184e-01,7.714553248044935252e-01,9.574953142355371316e-01,2.233960930458900318e-02,7.784456904631921192e-01,2.890515113432470251e-01,5.207640396464275900e-01,2.963926177962157293e-01,7.839409931704024448e-01,4.106258418938730781e-01,8.114113817236981996e-01,2.614264816696358351e-01,5.412905272717124516e-01,8.119961236049689779e-01,6.411903529749816144e-01,3.934299234679242696e-01,6.173146564994504981e-01
5.948262237471078073e-01,7.283231962351252031e-01,0.000000000000000000e+00,5.435816748137820564e-01,6.645568718879846237e-01,9.393329018660374619e-01,9.010227980957423721e-01,5.495524101034153786e-01,8.231617445642462894e-01,5.519088662025322112e-01,8.611413383187640491e-01,3.396337020300840281e-01,6.390798371486962060e-01,5.335389379420132361e-01,6.477812126178661423e-01,8.865099383972294689e-01,8.019716207463100099e-01,8.940680568305019449e-01,8.767460522832530856e-01,8.712783364047497203e-01,6.160672981415993288e-01,9.340161405201135025e-01,9.719641102276502798e-01,8.055594782131757503e-01,6.460702986902741030e-01,9.645577704608515601e-01,9.919688184424519939e-01,8.899145246253155062e-01,5.646600527025700256e-01,1.692407521453371741e-02,3.173700481884833904e-03,8.948199012430719801e-01,5.048952760447931176e-01,5.418238029679611767e-01,9.700471675194340948e-01,2.347787983245351318e-01,2.131557752552465657e-01,7.443811061754636027e-01,7.938869215161871162e-01,4.566381693080106552e-01,5.872131755503056105e-01,9.089589847253279897e-01,5.363132899567906176e-01,6.542871161388822410e-01,6.850846806491209806e-01,5.976225752789954271e-01,-1.385453462701321803e-01,6.423711016998532308e-01,8.051696371752317116e-01,5.598250340490309451e-01,5.171678511490028773e-01,3.951355316679071583e-01,7.796640326693028422e-01,7.947864668285857803e-01,6.547166745676344934e-01,7.628014331472965370e-01,7.445234971992826800e-01,7.306146668599344807e-01,5.482601485866427371e-01,7.512013702645128355e-01,2.617199816146550395e-01,9.833714785190991181e-01,8.767716693028650976e-01,6.289222474048056233e-01,6.434075922935654779e-01,2.687858195062692301e-01,6.636117896499195146e-01,7.963411150530579352e-01,9.817191017564035338e-01,9.203597893262225327e-01,5.597851635284646354e-01,2.763361034508329261e-01,5.803747846420699297e-01,1.351894348528980272e-01,6.262313169958793058e-01,7.862151185412143972e-01,9.697388753304677644e-01,8.086478982600702192e-01,5.717532520873228052e-02,2.741608402178469239e-01,6.626862187542225113e-01,9.667073202710538826e-01,6.281325808623121620e-01,5.800212771425949931e-01,8.259814123377794415e-01
9.008969789757145241e-01,5.453462105579153230e-01,5.435816748137820564e-01,0.000000000000000000e+00,9.062998934311192745e-01,6.642635200791093819e-01,1.267611296613619654e-01,2.439699000130894357e-01,7.420866063737739937e-01,2.994500895032357057e-01,6.621736997185209139e-01,3.219006461350404358e-01,6.435956005015670556e-01,6.624338228411592588e-01,6.348369841779282208e-01,2.912263181886643459e-01,3.804828232164061408e-01,5.948627214201942515e-01,5.399627466988106139e-01,8.529385044017294693e-01,5.155122344044944516e-01,7.332267360722907190e-01,7.669612992489608372e-01,5.486218784344777388e-01,7.333878050997099107e-01,7.516081419745204162e-01,2.888822465140691853e-01,6.998607671048550083e-01,6.696784246010387687e-01,5.986255068694151804e-01,2.330058452281484338e-01,5.870023786365154983e-01,6.239610986836965356e-01,6.481253874569602447e-01,9.800169285071458347e-01,2.610482534723979064e-01,4.707119986377643617e-01,6.504937794676425300e-01,9.758478289685315055e-01,7.338476613455776620e-01,1.397377009517686564e-01,6.566740161569205592e-01,9.173830152576764041e-01,9.325498779828274021e-01,3.624843852765001762e-01,9.161392433738406726e-01,7.962681968347296024e-01,2.275676161930381969e-01,4.093222631299667791e-01,8.261231513213078692e-01,9.351307827429575781e-01,1.748816767853113852e-01,7.966673203591068120e-01,5.559717556092435009e-01,6.315530934520940942e-01,8.850732909797479619e-01,6.120298382590555475e-01,9.626503910553395604e-01,9.818289112814174713e-01,3.109593806323898146e-01,6.740204532142164418e-01,9.615429907424686284e-01,7.649417281181321027e-01,6.575842631198793864e-01,6.323565538961498644e-01,4.962977480339459957e-01,9.028325407901284239e-01,8.560733914242104614e-01,3.081467738344250695e-01,2.230540396516438040e-01,8.321890521803879670e-01,9.923176704062734999e-01,6.167531069180690051e-02,2.165532848197400106e-01,3.684645507341418602e-01,4.505495334683428110e-01,5.244309286871564613e-01,6.782428822515108591e-01,2.508997713627373338e-01,4.996465516755694836e-01,4.370511417439733592e-01,8.653238282850310714e-01,6.243745889014001849e-01,3.269933120056255360e-01,7.558690759456676567e-01
4.697721617151623397e-01,8.844176049585409372e-01,6.645568718879846237e-01,9.062998934311192745e-01,0.000000000000000000e+00,1.644206325572826755e-01,7.139007488330936235e-01,4.881746818609928873e-01,3.655881468599438966e-01,4.311281268105812692e-01,7.607976735219434961e-01,3.847023979889504508e-01,7.107992347966827218e-01,6.902154709687486900e-01,6.470457669241139742e-01,4.467720071256773839e-01,6.815979096654672942e-01,9.935296656936255522e-01,6.536501544293883414e-01,8.945342561644579193e-01,4.055053915782478868e-01,6.383903659423351140e-01,6.657098316487370937e-01,7.759683116635124334e-01,3.333250420909935618e-01,9.413565005180353218e-01,7.280694148577300240e-01,9.948198691177021491e-01,3.914551266508113914e-01,3.577838919151131725e-01,2.489954363040832730e-01,5.211959989837589013e-01,4.611896514786251178e-01,6.560636790723032297e-01,3.527148415698825867e-01,8.411819566114456248e-02,4.041469041934960815e-01,1.183620265542679600e-01,4.258327254733769718e-01,1.306517324142664749e-01,2.501662892794521698e-01,2.750417717661963746e-01,9.183688493718751289e-01,1.316404513953867150e-01,7.520119448913658022e-01,4.326945566625680639e-01,7.584729498161130179e-02,5.356839483308639682e-01,4.709380160182857766e-01,6.937190795886871708e-01,3.079818614337296867e-01,4.856626888334797387e-01,4.201171932727686409e-01,5.265388286340261237e-01,8.748555311679024893e-01,7.384184539790776824e-01,6.931566915978658594e-01,6.136322042614580363e-01,6.375151584069557176e-01,7.032614620197288335e-01,6.116655639795646193e-01,3.662001945994602242e-02,4.668249394194101676e-01,8.652034897251253964e-01,5.341276733509304764e-01,-1.848912584250317348e-02,7.775156960520870353e-01,7.275617164306541484e-01,5.200597536241314822e-01,4.507063744571037645e-01,4.478425722517753171e-01,8.324243131257516026e-01,4.439844372033341369e-01,2.416864472153850418e-01,1.239125703678242152e-01,8.665526989237238853e-01,7.828219407388983253e-01,5.525364275205003617e-01,5.421573249922791993e-01,-2.645427083712470484e-02,6.829383883187707394e-01,9.906996753377208531e-01,7.617031767521696972e-01,2.086910663005073219e-01,3.009371488102391412e-01
7.833243403088998580e-01,6.366708104415451652e-01,9.393329018660374619e-01,6.642635200791093819e-01,1.644206325572826755e-01,0.000000000000000000e+00,4.889030350438670069e-01,6.808300180025457227e-01,7.805390499922709724e-01,5.887462517285139141e-01,5.644296251775217099e-01,3.118566420486815760e-01,5.104583408061713623e-01,6.000628928117364147e-01,7.007456922054472459e-01,6.641855173147811486e-01,8.920987280110144191e-01,3.126577120991669845e-01,2.704054926388664293e-01,6.261344222381455271e-01,8.201387013749722454e-01,3.173086065147199403e-02,6.910907565005383058e-01,8.076997343184509903e-01,5.919198784171553207e-01,7.231427386108137956e-01,8.610545416364578930e-01,1.596030067205084502e-01,2.662524604921776561e-01,4.177176521805394116e-01,1.804989759166636398e-01,2.932173787478476457e-01,5.467484729497247287e-01,5.019105173452461655e-01,6.237290305765312848e-01,4.670496848186585503e-01,5.683355095053950201e-01,2.962328387031210042e-01,6.769710760699765295e-01,7.582979389522054303e-01,3.711118138498044061e-01,5.953863567708530535e-01,5.700861734562714389e-01,5.094181453040509400e-01,6.808824614050315027e-01,7.208206142162010277e-01,7.880189004897327765e-01,7.928849171483349778e-01,3.492994209325877009e-01,6.581490476492833919e-01,5.994228700710858559e-01,4.097294146211751253e-01,6.895609373903037742e-01,9.545921247806810062e-01,9.944424621267574649e-01,6.596832734764290773e-01,7.020840941494777519e-03,6.005043311491069513e-01,2.400190981952232128e-01,6.117602338958951780e-01,6.618411577909345533e-01,8.145872877764365194e-01,4.141686775488410133e-01,7.376647428319952349e-01,7.064924758428239304e-01,4.156440706012562436e-01,9.369577127160397811e-01,9.112075526583176543e-01,5.747757640361080000e-02,2.611352034975334413e-01,7.609084812710928958e-01,2.845862909968924215e-01,1.925896437125267091e-01,4.599725758595023944e-02,4.953699744553548556e-01,7.451030471633255381e-01,6.536898500146626212e-01,6.206710262996767424e-01,2.007769739586902913e-01,1.817870157706662493e-01,2.666066660270829947e-01,6.423504557013461902e-01,8.843173079910441325e-01,2.487413923822537620e-01,6.521785101068149348e-01
7.003327857412053881e-01,7.432989133941663162e-01,9.010227980957423721e-01,1.267611296613619654e-01,7.139007488330936235e-01,4.889030350438670069e-01,0.000000000000000000e+00,7.979644354009205465e-01,7.377509953358122319e-01,5.588838128765963864e-01,6.670447809641852910e-01,7.240608296341619621e-01,6.870930092363380925e-01,6.428142518084868362e-01,5.937638536103653220e-01,7.542104922322933058e-01,7.101315210227722163e-01,2.996619195299719540e-01,3.808148271257036366e-01,8.334978873598218874e-01,4.110952111574002754e-01,6.927627069729356268e-01,5.632588034478842598e-01,6.100695719746070944e-01,2.777349899645210063e-01,7.247376237552916045e-01,4.455408711317188630e-01,2.160447627458979281e-01,5.685497449943313075e-01,7.686586144388805886e-02,4.337265100868579748e-01,7.624609821930461440e-02,4.113863448082739627e-01,6.684474560185214020e-01,3.587664335375425617e-01,3.561450677090094441e-01,-1.034984155991267030e-02,3.134350703782435299e-01,8.177503184069215836e-01,7.238073096932484685e-01,3.638293131498637756e-01,6.225796115498037908e-01,7.809504528467987594e-01,7.695791674449842246e-01,7.690094166828898015e-01,4.267508528981249771e-01,3.290045657656783806e-01,5.895410172145525429e-01,4.863390505167287658e-01,-5.589804087386876508e-02,7.143844682389338674e-01,4.897351088996509949e-01,3.100503207070167688e-01,4.590690435675861547e-01,2.566231454592219352e-01,7.210853487935550143e-01,6.815108878008693249e-01,3.896437173595315717e-02,6.563512039901695516e-01,5.432572701427123008e-01,6.770806125480480775e-01,5.651124794886371872e-01,3.893729016924054598e-01,7.773324888299213420e-01,2.728435150183766145e-01,4.247459889616247430e-01,3.480411589439644793e-01,5.692005547983777225e-01,5.245693428582157702e-01,7.312179406684360394e-01,4.793443661473585915e-01,4.718984468068134763e-01,5.613242916168754704e-01,4.121009654092189223e-01,4.097524135642084953e-01,7.032951478615178109e-01,8.994078894130292934e-01,3.381374319124367256e-01,5.407695375158004802e-01,5.363702418702438468e-01,4.116546806448246332e-01,9.800889318488109625e-01,6.904621204236127685e-01,9.935678056587145257e-02,1.458692978248037897e-01
6.059888296356751303e-01,7.965805115688982807e-02,5.495524101034153786e-01,2.439699000130894357e-01,4.881746818609928873e-01,6.808300180025457227e-01,7.979644354009205465e-01,0.000000000000000000e+00,7.908921275634134274e-01,8.651963301735325906e-01,7.865959133973148276e-01,7.741387454551099667e-01,6.245133291403160980e-01,5.072075125369913673e-01,5.501297367111358527e-01,4.133253303517717692e-01,5.957304599356965102e-01,6.968624726989911533e-01,5.129895796761956284e-01,5.188414871448565613e-01,4.315626724822845262e-01,6.841231066353735679e-01,5.137271889404581016e-01,5.517912669552738070e-01,2.196622441704871032e-01,6.964504654456495913e-01,5.811625488832540265e-01,6.431522127101335640e-01,6.319603855140395465e-01,2.545461391229937864e-01,7.932278960142359336e-01,1.513428090313053975e-01,2.569426787418575553e-01,7.970825203415883298e-01,7.750066635948199556e-01,4.312528192696187812e-01,5.188743370726663917e-01,5.834032323374479523e-01,7.110291633507598297e-01,8.464718483057411813e-01,3.203058861831059589e-01,6.512660150182854046e-01,4.920820108669409776e-01,2.080773810022452930e-01,7.172005181199108126e-01,6.473931334982963026e-01,6.149151263237472298e-01,-1.245472927847718347e-01,9.054362287892741001e-01,7.101155346910742461e-01,6.405345324790197026e-01,3.299538882134445128e-01,2.036968560554899554e-01,7.926565711883621912e-01,9.338770224123976726e-01,9.575827068353732763e-01,6.515892293719297568e-01,3.142788700060153984e-01,4.138793901263825847e-01,5.449437703022252943e-01,7.643250721773237055e-01,3.576635079747870760e-01,5.180919354049257075e-01,3.290488454334395962e-01,2.705470200456853158e-01,7.459187150571775504e-01,7.438815620481513680e-01,7.620890462642025964e-01,1.629967556199127254e-01,6.050075500074584278e-01,6.531059364751481411e-01,4.754763905638401678e-01,3.867299029674255428e-01,7.925917585901700591e-01,4.738294264490200414e-01,4.959323356427266516e-01,4.901730332977459748e-01,3.322802069203325548e-01,1.712827916150350127e-01,3.614086328927914593e-01,7.668045371492264728e-01,5.181942105419516942e-01,2.174731640010207356e-01,2.641326896365980836e-02,7.073543194002847034e-01
9.049223746015976344e-01,6.092292508315049204e-01,8.231617445642462894e-01,7.420866063737739937e-01,3.655881468599438966e-01,7.805390499922709724e-01,7.377509953358122319e-01,7.908921275634134274e-01,0.000000000000000000e+00,5.188915976379306905e-01,6.080932433932291215e-01,7.542545181621380657e-01,6.684293035140587147e-01,7.890524147093838092e-01,7.162191770414862990e-01,7.174360463031582702e-01,7.128460534259404291e-01,4.901616650811583820e-01,5.378193350012652196e-01,5.088972847584373183e-01,3.752652269719695122e-01,4.789876940040880826e-01,5.150257566160193479e-01,8.282353119893867133e-01,-1.480478868456540642e-01,7.827348286199413696e-01,5.561124444876243134e-01,5.593308633615986514e-01,3.439074560650521306e-01,1.457880402778764239e-01,-1.722101961331797548e-01,4.262415676855398905e-01,6.578052517169166169e-01,6.750688799010499119e-01,4.637555363548900855e-01,3.904796695180392518e-01,3.870254587410018599e-02,2.573539434342838050e-01,7.656464373587887895e-01,7.061682944856884081e-01,5.306845847322029242e-01,3.864141547340957938e-01,4.186652775314620434e-01,4.638685315316707913e-01,5.768204017962604846e-01,6.074823162389685338e-01,3.720766320376581171e-01,4.322156941762373417e-01,4.033270688095899059e-01,5.047574295042518422e-01,4.382730730913334538e-01,1.318750133335260255e-01,2.240201825986891104e-01,7.006971722664131486e-01,4.925738842111827553e-01,5.226721046901837697e-01,6.805641976565404150e-01,8.488240393372896708e-01,5.321127370019039793e-01,5.556114281650254005e-01,4.090463006285592895e-01,6.587826455854493002e-01,6.954503477903120068e-01,7.391438967384977854e-01,8.062027324240926829e-01,6.057421730968711726e-01,6.004649047727635969e-01,7.853350836078409891e-01,4.584882601550539505e-01,9.891759824704496329e-02,2.055995616979572338e-01,6.297930785736423065e-01,-6.326804520696005518e-02,3.846016705727597351e-01,5.090676107683673735e-01,4.927293823901517378e-01,1.426330850785150484e-01,3.583490932604366241e-01,2.504429693560509818e-01,2.153614181732783905e-01,5.617820611564080524e-01,8.382968392569875027e-01,5.955524512269629867e-01,7.304139401559336386e-01,4.235376512959293516e-01
7.784785931638632528e-01,4.566432377554247579e-01,5.519088662025322112e-01,2.994500895032357057e-01,4.311281268105812692e-01,5.887462517285139141e-01,5.588838128765963864e-01,8.651963301735325906e-01,5.188915976379306905e-01,0.000000000000000000e+00,4.420413028349052253e-01,5.114093704477177260e-01,6.048573602770748181e-01,8.703812378068909172e-01,8.995844300544809657e-01,5.169165823322371400e-01,9.565607980109700481e-01,6.170866567610050479e-01,3.613531379301851421e-01,9.151981979990502225e-01,2.961760759217914596e-01,6.992393426637155684e-01,4.098657679288426614e-01,9.847650676209263043e-01,9.837782161274324366e-01,7.760220263045631839e-01,8.942673443679142187e-01,4.057377619938443702e-01,7.033331244016800543e-01,4.824998783565529470e-01,2.654121314421905575e-01,3.774296736973662414e-01,6.332610572713930353e-01,8.172387362993372983e-01,4.298814637331085375e-01,2.516066407087439449e-01,5.807705455420564267e-01,6.168594350855153285e-01,7.325972858532320275e-01,8.779867870078975622e-01,3.064793365378325474e-01,6.576396367013102040e-01,7.841739436512638051e-01,4.321064354998203072e-01,7.503021108676118933e-01,7.363726746014730429e-01,7.318627201676761729e-01,9.396912597730096017e-01,3.156549226424327781e-01,7.456134274077805824e-01,5.161463851384356927e-01,4.223123031302490893e-01,2.276986046778513573e-01,7.451370701384931738e-01,5.595555655869990375e-01,9.508229292084133810e-01,7.308571175523483898e-01,3.969669229629664287e-01,6.381295058508430484e-01,-3.220322716805715246e-01,6.164550088902231995e-02,7.691571840855290221e-01,8.197779584881403903e-01,8.659012366067191380e-01,7.889957261720766946e-01,5.097036197608479924e-01,-7.346034169821072379e-02,5.725845870584406194e-01,2.008880196623680225e-01,6.464648718045010733e-01,4.944683024348072720e-01,7.042355623978472368e-01,7.864715509824451445e-01,4.705095852102867959e-01,1.580960688220878207e-01,8.064648023981893510e-02,7.205626154813846718e-01,7.253654514990131030e-01,7.070449780492565894e-01,5.251448798940033108e-02,2.742720543629599272e-01,6.843860386333298074e-01,6.465788393356558528e-01,4.963752452336052112e-01,7.843813043398225604e-01
9.343146521210707878e-01,1.306545206279867699e-01,8.611413383187640491e-01,6.621736997185209139e-01,7.607976735219434961e-01,5.644296251775217099e-01,6.670447809641852910e-01,7.865959133973148276e-01,6.080932433932291215e-01,4.420413028349052253e-01,0.000000000000000000e+00,7.823751248669846836e-01,7.714059139345735838e-01,5.956569532962044944e-01,4.485224872557938003e-01,4.173063692864062979e-01,7.597958474177665122e-01,3.448361334728496930e-01,6.187144463901083080e-01,4.172625097129939453e-01,7.281383110089753030e-01,4.007242985738729835e-01,6.793987686715530216e-01,8.385233618481998663e-01,5.766291859455558999e-01,7.946149446578986142e-01,2.297376992834506138e-01,2.659797070465131363e-01,6.028792610294811949e-01,4.373561511920984191e-01,4.071571455011140372e-01,5.967475702871138932e-01,2.279140010609329026e-01,7.643308733259381871e-01,1.430929601194519951e-01,3.549294599485017937e-02,4.901337377066392609e-01,3.483440342296256764e-01,8.449514978070760129e-01,5.575653478862852008e-01,5.380379299797581893e-01,5.872026810465282853e-01,4.686510600596239806e-01,4.566104793209118662e-01,9.109188263502382421e-01,7.581686293291829415e-01,9.019275505757948785e-01,4.229709243365386007e-01,6.208112149275368807e-01,5.398363391498846031e-01,7.668965376998569949e-01,6.134750245592821560e-01,4.339636869556922072e-01,7.630952207708797674e-01,7.844575358039975743e-01,8.277524775057799600e-01,7.204372809864072469e-01,-3.606470769489728556e-01,7.135552384909200629e-01,7.548522369717198810e-01,6.475248724503230857e-01,6.657040030827363619e-01,9.169744260630090515e-01,7.094033251509668236e-01,8.616160363619189688e-01,9.621682458517245573e-01,4.363561936574756883e-01,9.368333314253146638e-01,3.570804737847355081e-01,9.642893773812173386e-01,4.176319639823020680e-01,4.531402683466121961e-01,4.644191821030176359e-01,3.158833717027594301e-01,3.186191346321674556e-01,8.770826558649255089e-01,7.775144077574769330e-01,9.177138369984979560e-01,-1.270172023429980701e-01,1.096092760979132663e-01,6.398821054192365132e-01,8.156722185801092984e-01,6.093622149703574742e-01,1.112146801367230042e-01,7.997201676763833200e-01
7.117660004687683672e-01,-2.774414790598861424e-02,3.396337020300840281e-01,3.219006461350404358e-01,3.847023979889504508e-01,3.118566420486815760e-01,7.240608296341619621e-01,7.741387454551099667e-01,7.542545181621380657e-01,5.114093704477177260e-01,7.823751248669846836e-01,0.000000000000000000e+00,7.449577907283395639e-01,4.657041728520731616e-01,4.784684128872923603e-01,5.459569719113207542e-01,7.332088746008573743e-01,5.731594349096210683e-01,1.560379951825445477e-01,9.517437190842720218e-01,6.695397773647046025e-01,3.710719864398874801e-01,7.352946770936652499e-01,6.458498149453395509e-01,7.129375307779500792e-01,9.809352246342375459e-01,6.738562035639045211e-01,5.849967649429532734e-01,2.805337797698475022e-01,2.478821277806697032e-01,3.638292476412869902e-01,5.812102223514483690e-01,7.854725198020262589e-01,4.877200100553137907e-01,5.231726852758296076e-01,4.356121202929182368e-01,5.346624128905067552e-01,9.529798020539879122e-01,3.559116356317326701e-01,6.235937526560116906e-01,4.744658399736405574e-01,2.581781945788499955e-01,8.073204282831906164e-01,8.672955570501628131e-01,8.607727363877926141e-01,3.021910399973106176e-01,5.278583840191495291e-01,5.006141171588645022e-01,6.990575290853728863e-01,2.548233489088660639e-02,6.826756567799174835e-01,6.072829089145174164e-01,8.613405080448599538e-01,6.929095048091677977e-01,8.706751993075079188e-01,3.182735737741147486e-01,4.653517077297469329e-01,6.064050860968684953e-01,5.503185460282953301e-01,6.420871145897090182e-01,4.009647315056542038e-01,7.713471407080387809e-01,7.990066197588487906e-01,8.509060839885168592e-01,8.405889640339109237e-01,9.760722292908818876e-01,4.897428155113057180e-01,5.520658137161903456e-01,5.803500501469940343e-01,6.237195709110148201e-01,2.005701374409560311e-01,4.137293209197929755e-01,8.000725830599836330e-02,6.300146462188779273e-01,5.870784889341634782e-01,7.811958506948823988e-01,4.913216441532251011e-01,3.085179663071014877e-01,-1.772812853679752998e-01,-3.205679265990435400e-02,1.840320257824137051e-01,8.874766274261747245e-01,7.219230359196158187e-01,5.120991971321149361e-01,9.301643442043581178e-01
7.052987888708017739e-01,8.584115753318755093e-01,6.390798371486962060e-01,6.435956005015670556e-01,7.107992347966827218e-01,5.104583408061713623e-01,6.870930092363380925e-01,6.245133291403160980e-01,6.684293035140587147e-01,6.048573602770748181e-01,7.714059139345735838e-01,7.449577907283395639e-01,0.000000000000000000e+00,3.389559047043914086e-01,7.458113070232720299e-01,6.652775945424317383e-01,6.515220081952208808e-01,9.537757109185523996e-01,7.523807775861774960e-01,4.087849073102710618e-01,6.854922356335271250e-01,8.792261333884858754e-01,5.231575356123405740e-01,7.239163795087378839e-01,2.744763141204605850e-01,3.505635578472363623e-01,8.326254917254426458e-01,7.114734951921750650e-01,2.824666702271004803e-01,3.620168492085149708e-02,-8.005667393586532454e-02,6.953832320879859141e-01,7.390248189163289849e-01,6.221307190396242470e-01,4.471069493127358130e-01,5.634283790053031815e-01,5.821724332314599515e-01,2.697585297203137222e-01,7.083275384903080507e-01,5.973720561080937408e-01,2.284410672118954710e-01,1.633784208259771997e-01,8.338371305166382141e-01,8.478261714926647041e-01,6.086561501370658656e-01,4.779630185353005989e-01,6.870068652289814670e-01,7.772047140383120389e-01,7.897297087187769016e-01,7.041297404136855898e-01,5.363952180560351835e-01,4.484581170164232411e-01,2.721318073993533870e-01,6.063506654166309628e-01,4.566945038121683065e-01,7.297942290834995571e-01,4.156619594985901944e-01,9.958797486286160572e-01,2.472691758468683054e-01,2.241194106888997895e-01,5.671491720140821036e-01,6.006938594391435515e-01,3.323091063733835115e-01,7.591421851686026567e-01,7.874313002807429296e-01,7.793684338646111875e-01,7.654360256584228361e-01,8.671638907891473513e-01,6.680512133548189846e-01,6.411085587881081294e-01,3.498758697749730917e-01,9.119503847942020958e-01,3.154442422797282819e-01,5.622204091731375364e-01,3.953870547343963926e-01,5.273903570469706814e-01,5.354679066781260488e-01,5.012607752463350552e-01,5.213637960148121975e-01,1.689416361845443859e-01,9.926753581238211277e-01,5.878271198134745745e-01,2.083827266991470084e-01,1.625486746905484628e-02,8.537927849930374569e-01
6.903765461698999628e-01,7.829230817546238841e-01,5.335389379420132361e-01,6.624338228411592588e-01,6.902154709687486900e-01,6.000628928117364147e-01,6.428142518084868362e-01,5.072075125369913673e-01,7.890524147093838092e-01,8.703812378068909172e-01,5.956569532962044944e-01,4.657041728520731616e-01,3.389559047043914086e-01,0.000000000000000000e+00,3.216583968275791294e-01,6.440171913791560288e-01,6.806412099860141840e-01,4.622369066748711619e-01,7.613910338618450346e-01,7.754544817513349120e-01,6.667006238742028135e-01,7.980433873962797797e-01,7.950154737642262104e-01,9.223713677505123165e-01,-1.376916355027038574e-01,2.205140484292822389e-01,6.356617645012071494e-01,7.617924722848767871e-01,3.596327694061377533e-01,6.941420219084588616e-01,2.472206856324411228e-01,8.885767708155442035e-01,6.868012579284940022e-01,7.517804599928492593e-01,2.181615359208539939e-01,2.325592578222331064e-01,2.452614726878958040e-01,9.187792010216870864e-01,3.890535980328585497e-01,5.161783768177141685e-01,4.777193841459457246e-01,9.713990346645645646e-01,9.715375456905022133e-01,7.936680780056425411e-01,5.434880413329910009e-01,4.145289539489471764e-01,6.962030124816861454e-01,8.435304417767131024e-01,9.700516948311419529e-01,7.676675295050412462e-01,7.134703138630469343e-01,6.560914967508932882e-01,7.974895803043918763e-01,7.220469402678748594e-01,8.712199159806299775e-01,2.628690518252702613e-01,6.145280426339055913e-01,6.296434516688632632e-01,9.471560992408939450e-01,5.165824551460501679e-01,4.901242953722341755e-01,6.607993457639385060e-01,8.007359349218973188e-01,5.457517370161095727e-01,6.441249501502780417e-01,9.374375003173645027e-01,6.089943477902710622e-01,5.135626159001422941e-01,2.773926174288908753e-01,6.719586408465145766e-01,6.043378802589912668e-01,8.747563495927583865e-01,2.153403707435082859e-01,3.693168820713744749e-01,5.075109713069456685e-01,7.209016324713237722e-01,8.008351117061381919e-01,8.062555604655606833e-01,2.364776890276586163e-01,-7.451322288054804122e-02,4.860537422616775238e-01,7.538602829683662687e-01,9.556098384199127604e-01,5.962469829196698212e-01,8.717444601260815329e-01
3.000442239402231759e-01,6.808105504665512564e-01,6.477812126178661423e-01,6.348369841779282208e-01,6.470457669241139742e-01,7.007456922054472459e-01,5.937638536103653220e-01,5.501297367111358527e-01,7.162191770414862990e-01,8.995844300544809657e-01,4.485224872557938003e-01,4.784684128872923603e-01,7.458113070232720299e-01,3.216583968275791294e-01,0.000000000000000000e+00,7.744632101116855072e-01,5.467470670882983441e-01,6.293489558410554352e-01,1.531095615919372821e-01,7.306854644471283411e-01,7.441489687019083865e-01,7.071109501858036106e-01,7.843502319952355695e-01,5.694915992201250443e-01,2.375704684234673791e-01,6.056610435077128818e-01,4.014242078515344314e-01,5.603532639445063523e-01,5.013759764347162085e-01,1.790728794691233139e-01,2.195691166666954852e-01,3.159863752325000053e-01,6.166983117093722822e-01,7.355023503606985535e-01,9.272631000390995082e-01,4.134011103949706278e-01,4.460882306266746311e-01,5.263867219337333703e-01,6.568887533660717759e-01,6.472185488862329805e-01,3.141702718490833046e-01,7.181813139406648672e-01,6.752488481821866673e-01,6.140542696769519804e-01,1.070953407826036596e-01,9.278944874511159124e-01,3.377774237855124539e-01,1.378555044996917223e-01,4.959838900792512550e-01,3.600701138039513749e-01,4.819192329586640122e-01,7.640334557738276411e-01,7.075755446126289483e-01,2.796553532110647167e-01,6.528780626781532925e-01,6.685228325006064010e-01,7.423697719624617886e-01,6.335561430519618398e-01,8.429173115285724105e-01,3.058242228207074809e-01,6.513138538445251147e-01,7.789450089926539533e-01,6.692221535090991935e-01,1.611995369241666365e-01,9.845189549626202075e-01,6.388387213217037175e-01,6.579315068383316811e-01,6.438009257138513908e-01,7.643399260207573986e-01,7.738699776238009420e-01,9.348584994216476707e-01,4.404343505148665683e-01,7.813165922967036936e-01,4.301145410613001485e-01,4.262471951277414517e-01,7.278348284419373648e-01,6.661843011728296737e-01,5.071906381009473330e-01,2.057605069957327282e-01,6.243584008871368163e-02,2.582604520103777834e-01,9.697135249801980272e-01,6.172258306598589206e-01,2.475907356673261173e-01,7.470476315955970614e-01
9.703036642810378698e-01,4.114577442019011766e-01,8.865099383972294689e-01,2.912263181886643459e-01,4.467720071256773839e-01,6.641855173147811486e-01,7.542104922322933058e-01,4.133253303517717692e-01,7.174360463031582702e-01,5.169165823322371400e-01,4.173063692864062979e-01,5.459569719113207542e-01,6.652775945424317383e-01,6.440171913791560288e-01,7.744632101116855072e-01,0.000000000000000000e+00,8.999364184231701813e-01,3.189015455922588616e-01,5.488054717591825948e-01,7.966593059147888400e-01,7.749887440816350948e-01,4.413788222409839035e-01,3.443760354240099956e-04,7.382768563236383752e-01,5.516684194808201269e-01,4.775340180534813350e-01,8.272948040325610597e-01,7.114428773085500479e-01,5.615352137026271562e-01,1.195857440597203614e-01,4.989517704783611451e-01,3.557239497994046373e-01,7.071662504009812444e-03,2.937049946801246758e-01,5.148380479495188178e-01,3.083281664619434981e-01,2.087306362214076394e-01,7.241686073393490686e-01,8.886758186558723072e-01,8.168894795745832438e-01,3.350640037355180900e-01,3.029000402114802037e-01,9.391198025817611983e-01,2.287955216191670665e-02,6.972123754981860433e-01,7.591687808119974568e-01,6.527419675085706086e-01,5.099018102582174583e-01,6.325393421009534167e-01,6.713348086508128532e-01,6.109626079388140729e-01,7.523008365484272764e-01,6.059332007685047650e-01,8.437888710613321575e-01,8.182783981347747648e-01,9.615747044236031549e-01,5.860572184451400268e-01,9.995436193099225264e-01,5.531940105752839454e-01,4.231605132717569662e-01,5.835598674486865978e-01,7.480642454073975767e-01,7.390679311294032772e-01,6.621496600467229321e-01,7.667202058750797189e-01,2.398321732236591008e-01,7.339373485182959511e-01,2.544468595247793008e-01,4.545906960363137461e-01,8.694198226178001532e-01,9.297910077185327360e-01,8.565878642444419988e-01,6.624751652998976947e-01,4.832757279376450610e-01,6.887394507191544335e-01,6.643041537439401401e-01,8.046268912988437938e-01,7.473474108270551364e-01,2.236295050998381162e-01,9.177575601154185081e-02,4.024457127792014366e-01,7.000473861545714049e-01,4.221165137203369278e-01,3.445384602875827262e-01,5.780637521444539351e-01
5.458407927404440585e-01,3.869208102201002891e-02,8.019716207463100099e-01,3.804828232164061408e-01,6.815979096654672942e-01,8.920987280110144191e-01,7.101315210227722163e-01,5.957304599356965102e-01,7.128460534259404291e-01,9.565607980109700481e-01,7.597958474177665122e-01,7.332088746008573743e-01,6.515220081952208808e-01,6.806412099860141840e-01,5.467470670882983441e-01,8.999364184231701813e-01,0.000000000000000000e+00,7.533492983831636680e-01,5.959902736473885465e-01,9.631350755212484405e-01,7.233608820708063991e-01,5.294456855007501073e-01,7.979749043000116115e-01,7.668045453882840201e-01,6.603098909879701051e-01,6.225654768781937465e-01,4.237751141080720596e-01,1.818231728193353269e-01,5.698776043239075495e-01,5.839749356976554617e-01,6.534919775599580261e-01,3.122057263520421899e-01,7.190442025882961552e-01,9.672009747471380647e-01,4.410978003985562834e-01,2.642096760526070343e-01,4.330332298530076840e-01,5.966087058209434968e-01,9.156305870136497438e-01,9.326765110949605253e-01,5.161056322050868728e-01,8.924591350936933454e-01,7.827053931637025785e-01,9.509448700121251319e-01,7.837266410151262630e-02,6.073081770231719689e-01,5.149737952827734278e-01,8.900479659072672023e-01,8.986773284156674979e-01,5.566320244868552258e-01,5.346531186426567439e-01,8.464272903699984196e-01,2.372858464002865209e-01,4.185556179757483619e-01,4.265140036996649675e-01,7.571137883897036680e-01,4.851981152523227592e-01,4.785854867356954534e-01,6.363687950000289639e-01,1.594930968325925236e-01,3.692447580770231719e-01,8.450731315885815498e-01,8.636635107101386932e-01,6.439749964647147884e-01,6.884702758274835466e-01,9.567780687553053554e-01,5.736476489206864260e-01,6.955558847414113899e-01,4.889646436751358127e-01,6.238055825874621041e-01,8.311701176404561187e-01,6.852025922694636728e-01,5.552000151537889172e-01,4.161595213034414709e-01,9.543917074990659888e-01,7.001626268001751585e-01,7.951344284409027630e-01,6.976912706121978225e-01,1.704576068191004101e-01,4.553293521975275149e-01,7.500769700647598182e-01,9.124610995034180272e-01,9.853321937586232426e-01,2.919877364746299442e-01,5.159636391605226802e-01
4.965070033738102073e-01,5.152296938853390129e-01,8.940680568305019449e-01,5.948627214201942515e-01,9.935296656936255522e-01,3.126577120991669845e-01,2.996619195299719540e-01,6.968624726989911533e-01,4.901616650811583820e-01,6.170866567610050479e-01,3.448361334728496930e-01,5.731594349096210683e-01,9.537757109185523996e-01,4.622369066748711619e-01,6.293489558410554352e-01,3.189015455922588616e-01,7.533492983831636680e-01,0.000000000000000000e+00,7.539679624238904143e-01,8.612519165854853886e-01,5.872603774619146177e-01,4.007671865642059017e-01,7.980921518741016518e-01,6.752231803577719571e-01,4.976873414891372915e-01,5.756069186551140415e-01,8.171247693666694456e-01,3.457324796175505477e-01,4.959405782621285064e-01,5.310960317713786689e-03,5.214931407268231789e-01,4.531084906483000552e-01,5.527500344372984209e-01,8.165641656608773058e-01,7.917889790387466764e-01,3.676604668272785981e-01,5.479466687392071655e-01,7.567654326197809089e-01,6.164103412457531128e-01,2.651357055564106391e-01,5.464862241509663154e-02,3.092148043195536156e-01,5.589643558835258874e-01,4.299289719591539161e-01,9.749126889127028850e-01,9.708795797681242234e-01,7.507953870030605881e-01,4.940208900873946374e-01,2.176191893868497859e-02,4.738631546586478255e-02,-2.585009664004345176e-02,3.821788586436047908e-01,7.122435213997673209e-01,6.048125364174227192e-01,7.951162766724138020e-01,3.033960197492810984e-01,6.579056882203645484e-01,7.779696671685056852e-01,5.678253523114035195e-01,9.220125688273964060e-02,3.939934947677233013e-02,4.375767784658197712e-01,8.154449948067966636e-01,6.134482421235221139e-01,7.195319311991675848e-01,2.971798368490382591e-01,6.806148410266967819e-01,9.428993725318060015e-01,4.386449209920221248e-01,4.668921003671017145e-01,9.696612651000728889e-01,5.111920553123511235e-01,7.852821141790351511e-01,6.202285653073580374e-02,6.906885266520013111e-02,9.173102885201573908e-01,6.107839206408697263e-01,3.069902831277461219e-01,2.301395292101028334e-01,4.398448880377831549e-01,2.219145449100491108e-01,7.486158930314649185e-01,5.434612276913306506e-01,5.973665092984701275e-01,3.073114221205400787e-01
