0.000000000000000000e+00,9.745521588647600986e-01,6.411699214862791596e-01,6.477382566176549394e-01,7.525478705080759223e-01,9.948524454226227443e-01,6.645016173767084311e-01,7.487363763462014932e-01,4.310844839946043061e-01,3.515047262031395503e-01,7.128178330710098765e-01,9.344922767348515791e-01,6.633509921774740636e-01,7.323864160612463259e-01,9.864614023069420146e-01,7.614853543492650090e-01,8.748069535158804477e-01,3.309289139067746188e-02,4.793188211587816050e-01,4.999192607875874161e-01,7.752946030697009938e-01,9.065689831121287456e-01,8.631823624237535686e-01,5.056105380819346795e-01,7.488372955440190104e-01,8.786104192367726329e-01,7.237124010249786910e-01,6.636367626039887391e-01,5.983526039402962127e-01,4.705460265808005804e-01,4.702691976602731416e-01,7.545266044978333753e-01,7.783304680457738822e-01,6.441733061874512778e-01,8.550423556732734687e-01,6.143174796609673916e-01,2.506010369096456358e-01,8.292787128239228478e-01,6.092877218920856874e-01,7.665891089207417242e-01,5.902364460252362832e-01,9.626885339951989362e-01,4.070425907785966690e-01,6.359374506390783610e-01,8.559588498875123630e-01,5.914271881851376200e-01,4.101126106874690147e-01,4.725277626462454639e-01,6.003597638812909754e-01,2.031328200280012874e-01,7.648705231987085185e-01,2.495805389490328152e-01,6.889412555240079783e-01,6.080705965294422866e-01,4.659093458702983637e-01,6.205470739925548207e-01,8.183836264839360330e-01,3.842318731688082467e-01,6.358668971551177940e-01,2.015155030874662620e-02,3.683485145369621572e-01,9.005036467508297227e-01,4.579788593345259229e-01,6.715194328896365583e-01,7.904339260086137298e-01,7.226760890004036986e-01,9.625382617542300734e-01,6.889010101126533669e-01,9.694314688094585186e-01,6.808325633206320227e-01,1.745216378078530139e-01,6.483825877776763225e-01,2.987775799136516142e-02,2.110697907666408135e-01,8.398433044916907564e-01,7.191810453015125004e-01,9.069208220856618263e-01,6.015769891465150288e-01,2.978600818285694340e-01,4.562339791755898322e-01,4.348540577671736740e-01,2.895477118823168716e-01,8.151429132957003221e-01,2.755567681557049564e-01,4.370319257014344538e-01
9.745521588647600986e-01,0.000000000000000000e+00,7.935454842153080168e-01,6.387919063986752244e-01,9.354209046846214681e-01,-5.919649544214281023e-02,4.297980921178219671e-02,9.906966350410006950e-01,6.855089111480432151e-02,4.181479017396956821e-01,1.166686939691288505e-01,9.685205606100404374e-01,4.433783145409084248e-01,8.240154356486738552e-01,2.527228202461972995e-01,2.605735582257553626e-02,9.638989724743425302e-01,4.505053914608172505e-01,6.549582155895931068e-01,6.101690826557474301e-01,8.349020829101402308e-01,6.724969820305590762e-01,3.024825427792008359e-01,4.167827226741351865e-01,1.671837120857404824e-01,9.353395886376759671e-01,6.267828553444300121e-01,9.103571270432299078e-01,4.457179986687034856e-02,4.061937112249797699e-01,2.394544948115092386e-01,4.869823512661163312e-01,6.908517010470185404e-01,7.459316863476538328e-01,7.886518390697665470e-01,2.736215286660451107e-01,2.665682221253875550e-01,-8.257415778734786271e-02,7.904149233841007982e-01,4.560450897064429743e-01,2.931302672411151278e-01,8.875047471435696389e-01,6.630446095854894972e-01,8.094962256206399420e-01,5.954319271683519155e-01,6.808017099319845222e-01,3.449246979760093867e-01,9.059592794019732942e-01,3.488112783011006468e-01,2.314246863872270743e-01,4.704965245927334450e-01,8.000191843630595212e-01,6.313498523227292214e-01,9.334408731336549803e-01,9.833375415903764516e-01,3.966133044956352549e-01,6.641003249839668721e-01,4.052788783883001233e-01,8.882835966918458670e-01,5.956885111478519290e-01,6.899605606047622963e-01,-7.547640396996321832e-02,7.686301077376049840e-01,7.426734024276545609e-01,6.020655540436803399e-01,3.511387229974765045e-01,6.873513232317745025e-01,6.569101611275147690e-01,7.455171136318652358e-01,9.039114927971836355e-01,6.427876109449155440e-01,6.216146964520715690e-01,2.533063054171196260e-01,-8.473116533370388115e-02,3.910130022755323731e-01,6.681124111448769609e-01,2.422553820751570386e-01,5.724924811661682433e-01,1.352093160994038701e-01,1.588141541907748394e-02,6.038281186302073555e-01,9.349303846297388754e-01,7.156734663870855107e-01,3.823303712431307955e-01,2.928091075186268766e-01
6.411699214862791596e-01,7.935454842153080168e-01,0.000000000000000000e+00,4.889962718556412624e-01,7.915219527194162774e-01,7.208846416065566309e-01,9.599531698579513161e-01,7.535973138340474886e-01,8.596239616551637486e-01,6.095651877862058310e-01,7.164727180005477924e-01,9.756566697741622107e-01,7.731714304810552996e-01,7.944666276477638789e-01,1.665072741131570777e-01,9.067944331784374423e-01,8.867143224713679439e-01,9.243589601438730874e-01,9.705365047317091598e-01,8.380187237731133720e-01,7.465522049596488019e-01,7.255596574867795301e-01,2.895014035599049462e-01,8.310175433914933629e-01,8.726081405009487035e-01,7.415324409698134112e-01,7.820311093322297458e-01,9.703754507813900920e-01,3.290114853258238048e-01,1.135617782646275303e-01,3.408245639614359002e-01,9.822947623687179330e-01,8.902893960033255727e-01,5.319859928897407997e-01,7.569427203466285725e-01,6.188217812592168299e-01,3.245576257991467095e-01,5.588810733377594930e-01,7.152652297569490614e-01,6.897968535930174561e-01,3.832813610523849723e-01,6.659168279989245987e-01,8.577527442191450469e-01,8.955307291708851647e-01,9.240691211676386185e-01,8.338312013493047736e-01,9.035154018142711463e-01,9.151398064237670216e-01,4.676546879345339636e-01,9.133207212072834702e-01,4.882835643767418632e-01,7.115023404505950166e-01,5.478930079798083330e-01,8.045514357555204610e-01,7.782434754798245313e-01,7.813059601157792411e-01,8.752738079048346664e-01,9.437062185831549543e-01,5.121618972651273971e-01,3.910710032485382737e-01,2.410788608300145630e-01,5.805225838890875067e-01,8.297964549795069367e-01,7.235476103593596608e-01,5.966212754712978406e-01,7.621239343958035040e-01,9.137777424062579756e-01,6.354400588078876755e-01,5.405825469877684197e-01,8.394249466341334731e-01,7.525517476512836312e-01,9.357668501397646832e-01,4.861112185804657149e-02,6.794497666438217287e-01,4.184873886174402813e-01,7.735728437066317076e-01,7.305755568003680089e-01,8.980298412362338611e-01,3.023239873433528069e-01,5.798490680183248508e-02,7.596402424676996779e-01,7.944192259307487625e-01,9.425385220144801846e-01,7.600382866245614100e-01,6.794525680313907579e-01
6.477382566176549394e-01,6.387919063986752244e-01,4.889962718556412624e-01,0.000000000000000000e+00,6.633943808368018002e-01,5.356540807702139251e-01,5.395798002897606027e-01,3.013466371309302949e-01,6.917661309826736993e-01,9.033807971437445294e-01,7.845199953413000138e-01,8.337653675086345029e-01,4.984168359230144452e-01,9.233601854993487290e-01,6.721374513447295751e-01,7.000945246009961931e-01,7.302245956885375922e-01,6.948941179095020626e-01,6.659725899131121452e-01,2.483141099348785408e-01,8.097062636980980610e-01,8.791941897052781840e-01,6.472578621416772426e-01,6.079786303051183394e-01,9.557714827585047646e-01,6.196997682431154564e-01,8.266529260735457907e-01,4.035342867279136936e-01,3.455978385128257724e-01,4.906469504685007435e-03,4.847997039258616914e-01,6.439859014243052293e-01,7.314069070703701492e-01,7.407737616142724413e-01,4.361235598545251113e-01,6.959049532060272991e-01,4.385402984250141856e-01,7.704511137863383485e-01,8.871141886995646819e-02,7.332098452738937677e-01,1.876280162947272512e-01,9.380570076442864558e-01,9.873356861846307453e-01,6.082187966019060310e-01,1.582930227702021297e-01,9.803893714115580194e-01,9.888027079500572025e-01,7.790529432653761077e-01,9.155742999569789209e-01,9.294009687438361533e-01,6.144568672502258577e-01,1.181925402104979234e-01,6.203351008598694261e-01,2.221820145949698622e-01,2.626909943958035676e-01,8.591408958742789981e-01,2.666208368624966019e-01,6.471881184480342553e-01,7.999118144142169928e-01,6.027134238037504810e-01,6.384848600411159314e-01,7.910050285281171600e-01,6.821988906871420122e-01,8.554059890723016979e-01,4.299556756130113455e-01,4.137237364636993098e-01,6.373747814670456258e-01,5.948001686411832356e-01,9.859725219751684921e-01,9.142486120165056462e-01,8.372849103417148164e-01,7.708337066727040110e-01,4.921666381291011083e-01,5.962026139119505630e-02,2.677182527551834057e-01,9.258623649799142541e-01,4.868324554069283217e-01,4.517533575310567762e-01,2.848837050412607041e-01,2.017574850556363431e-01,7.421664585653328094e-01,4.804250357882356437e-01,2.257409705420896917e-01,6.039095947039184731e-01,4.443510672809152795e-01
7.525478705080759223e-01,9.354209046846214681e-01,7.915219527194162774e-01,6.633943808368018002e-01,0.000000000000000000e+00,4.194938970771970865e-01,7.068981060723323884e-01,3.244757901371088660e-01,7.956325539757259646e-01,7.823591596578591822e-01,6.547805153924671773e-01,7.764513555269514367e-01,2.521697020671211376e-01,5.991018492147146546e-01,4.476748591559839840e-01,7.763933257618759187e-01,6.163289767762493154e-01,3.643257224827095575e-01,8.197977443452248991e-01,6.789467260421522266e-01,2.151375307451260099e-01,5.076420554682803399e-01,7.348934512885956227e-01,6.346519188502687259e-01,3.150467440869438307e-01,4.677495647269148127e-01,8.935123195661592854e-01,7.841877920064206364e-01,4.566250684823277006e-01,2.240008712723475515e-01,3.761973614111365771e-01,3.345103566176736987e-01,3.194678452532506152e-01,3.342359492804131138e-01,2.026683214822157519e-01,4.981588371534273474e-01,1.534990323435727055e-01,7.851959704153254060e-01,6.265754117421888925e-01,5.525948461183634031e-01,4.145796714724827026e-01,2.922823460071302115e-01,9.372465654410395697e-01,5.733094720442747372e-01,6.182386558809271904e-01,2.857316606875727749e-01,6.749410382964071697e-01,8.235597797251136276e-01,5.036837895867348758e-01,4.114894727753690140e-01,3.936556364085015969e-01,6.824054582999802276e-01,6.940179208346217710e-01,7.255981638793945754e-01,9.712963607261068111e-01,6.842235552132457377e-01,4.893273805870169135e-01,4.036583382666907305e-01,8.489013457845671073e-01,8.017363306541931411e-01,5.152164508606755788e-01,6.725819830329944349e-01,6.575420703355381313e-01,2.962384941425420526e-01,3.097180851290469716e-01,6.417054390340699577e-01,4.158119303259594224e-01,8.067174125639889892e-01,5.553288007203558418e-01,2.081978694305883504e-01,6.454599294244574015e-01,7.482286728595227698e-01,7.276857925765515267e-01,5.287978568243887345e-01,2.267619918665531864e-01,5.864452149910198697e-01,3.432231223027930600e-01,6.000369831048827374e-01,4.892108234265306610e-01,6.640286444984966341e-01,3.133153740421885658e-01,7.928663652089983360e-01,8.381790892915343960e-01,4.053891961786769693e-01,5.723765084520969770e-01
9.948524454226227443e-01,-5.919649544214281023e-02,7.208846416065566309e-01,5.356540807702139251e-01,4.194938970771970865e-01,0.000000000000000000e+00,2.718657650661212566e-01,-1.888221841246108534e-01,7.709706146338359822e-01,5.980165454768132660e-01,7.995125135206259115e-01,3.128530235808049120e-01,9.673031569978793875e-01,5.989689209696180683e-01,7.731611812864688238e-01,5.266715979451027652e-01,4.475505930968532997e-01,3.163141117893381038e-01,6.208197133093259490e-01,7.214431903770183174e-01,7.904248326743227304e-01,8.138479462550405330e-01,3.498503441786172674e-01,8.946082730749229661e-01,3.353647041398054585e-01,8.775258669126069222e-01,6.748328923545355851e-01,3.667749674113699454e-01,1.924652935697986900e-01,5.608961940884278352e-01,2.449664675896504051e-01,3.356674978075360749e-01,6.866658306391660860e-01,3.035144327335388414e-01,5.976545070783640945e-01,6.017564975345193190e-01,3.381219674489217564e-01,4.453145052960393868e-01,5.813633063428246261e-01,4.024254074548070381e-01,6.984038340450805515e-01,4.894688093532976181e-01,6.613228331780284242e-01,5.033207783284570080e-01,6.623365431720760199e-01,9.953012081982155479e-01,7.068671653165580215e-01,1.748977851765553537e-01,6.378074852474137080e-01,6.423863258935558207e-01,7.204933615664250723e-01,5.637901794198485472e-01,6.428930369886528551e-01,8.393262745313433415e-01,3.738730988334063587e-01,5.778391792601998977e-01,5.964579034968049420e-01,2.469822703688672738e-01,9.055223847998917774e-01,7.045484875418793758e-01,6.713324731901573195e-01,6.087882258905630284e-01,3.156757466383551813e-01,8.308270224515723612e-01,3.695974439627935926e-01,6.103982376536352117e-01,7.534893346247196755e-01,7.281221121307765998e-01,5.742268275608564121e-01,8.779377352564670112e-01,9.833232062293049136e-01,5.926388497729587757e-01,3.918299640471762935e-01,7.211769818688307243e-01,5.400183718752877837e-01,4.457228833018522240e-01,4.199301284838413695e-01,7.600842813384025565e-01,2.628202630858295641e-01,2.894319271946971805e-01,3.238426074551092881e-01,9.063421916340819173e-01,7.441091412044733566e-01,2.425556353648630203e-01,5.563276418187224071e-01
6.645016173767084311e-01,4.297980921178219671e-02,9.599531698579513161e-01,5.395798002897606027e-01,7.068981060723323884e-01,2.718657650661212566e-01,0.000000000000000000e+00,4.454964512660273823e-01,6.380771350825849009e-01,4.127765247475573274e-01,5.160915544067006255e-01,7.372302834977904062e-01,6.064985475009384563e-01,4.030777108711203205e-01,4.791633802400358522e-01,5.978176064233379217e-01,7.835789644628337047e-01,4.944962174170006719e-01,1.964215794106418944e-01,6.441724372333562654e-01,6.627751245769857302e-01,7.740836673373894250e-01,5.457919260544776829e-01,7.899418717753127206e-01,5.164337240702480125e-01,4.626903855407585309e-01,4.208502254018831046e-01,3.177163642550537848e-01,6.353198933380563851e-01,-8.186257283725141554e-02,1.916290152917270520e-02,2.845398257998936822e-02,7.894096252028324212e-01,5.650831731982639550e-01,6.970232270626385285e-01,4.391380464769337744e-01,4.035341290511454959e-01,5.114774224372389266e-01,5.687951959421291281e-01,5.434137516431439829e-01,-2.190777968483961780e-02,7.186177119914005651e-01,7.564042990388586407e-01,4.260922393586322188e-01,9.134923866989622665e-01,5.542179941985199143e-01,1.320386095873200272e-01,2.538372159197115341e-01,5.271438266219662383e-01,4.189881171155558359e-01,5.268077986167634119e-01,-2.897503159879938339e-03,1.867446835842510033e-01,7.633494723174200081e-01,5.788532986673281533e-01,2.043293911554872611e-01,2.726955657026346458e-01,4.286693899168221300e-01,6.909752499342759480e-01,6.796375157155670754e-01,2.631760589301742614e-01,1.421758349870541616e-01,7.888186013617406456e-01,9.556503815412361602e-01,7.561123573247285901e-01,-1.262630085359116028e-01,6.571388082748460535e-01,7.282379817363211494e-01,7.311752576239229917e-01,5.819147570500977640e-01,4.346585863843973607e-01,5.677432032095999226e-01,1.914162630592786407e-01,3.184479092120647836e-01,7.743795760961218466e-01,9.442696495670008794e-01,5.094176710690401233e-01,7.279855324194904886e-01,2.384811280718395765e-01,2.226509100726968560e-01,4.252461829154532413e-01,5.096266912192295440e-01,2.938532774703322414e-01,3.053769679164464179e-01,5.235613593386286846e-01
7.487363763462014932e-01,9.906966350410006950e-01,7.535973138340474886e-01,3.013466371309302949e-01,3.244757901371088660e-01,-1.888221841246108534e-01,4.454964512660273823e-01,0.000000000000000000e+00,1.724793328568823836e-01,7.795763809082537632e-01,8.772517301350446495e-01,5.525708917063150150e-01,5.255344873434132369e-01,5.855634264515001686e-01,4.272510346821922211e-01,4.649729083761591775e-01,8.903456924333056355e-01,9.504922792484487015e-01,7.337346539728599737e-01,9.767022468552087888e-01,8.452261360125558065e-01,7.823985419340950820e-01,8.543751765545919419e-01,8.933073295463896946e-01,8.270039281486827321e-01,4.325598161189961877e-01,7.615488476093834613e-01,6.525125914279638062e-01,4.826091259077642803e-01,-3.288288329231075502e-01,1.132758342544315597e-03,5.570333491361256772e-01,3.786208844527885753e-01,5.455801205894282857e-01,4.995117192143000429e-01,3.341037206991206432e-01,7.467243319903162924e-01,2.724411278448553297e-02,4.811237746384471881e-01,5.061140639443491018e-01,2.904549610952177341e-01,7.995777458249802017e-01,5.466011780502083583e-01,3.897472958709548574e-01,2.746675342594270819e-01,8.755990140693896695e-01,4.833094558045617495e-01,7.271162789084929523e-01,6.642268069232040162e-01,7.599784909258722188e-01,5.655077290016835567e-01,2.227661930633371423e-01,5.104917519743485954e-01,7.279160233075878672e-01,9.287401962531235400e-01,6.680691862568312045e-01,2.722235679354457760e-01,5.957887563985815316e-01,7.257766388751687447e-01,5.706184468676933630e-01,-7.650138376096790593e-02,1.024757544738898463e-01,5.754945601088951035e-01,4.052280960958575817e-01,9.374691558305666694e-01,5.779694156731242094e-01,5.597260778138520854e-01,6.692388416437806686e-01,4.064731167978380411e-01,6.714708268428092042e-02,4.556196907711408395e-01,1.354100985873170904e-01,7.280660262275613359e-01,6.227039469407343042e-02,4.284878989358116286e-01,5.566662501142397579e-01,2.738424978706073265e-01,6.697613838379885554e-01,3.617421646038340155e-01,6.348962821484774866e-01,2.102756806965543623e-01,4.169989816676736849e-01,6.010608262948139435e-01,5.295380675390833902e-01,2.263672894299346150e-01
4.310844839946043061e-01,6.855089111480432151e-02,8.596239616551637486e-01,6.917661309826736993e-01,7.956325539757259646e-01,7.709706146338359822e-01,6.380771350825849009e-01,1.724793328568823836e-01,0.000000000000000000e+00,8.499333066409168191e-01,2.652862833277077059e-01,9.760457911718080082e-01,7.746621432348582692e-01,6.782054804877730714e-01,2.180198888391116085e-01,5.368312035854779785e-01,9.719919798470205707e-01,4.908329741597847740e-01,6.086909346830606804e-01,8.099672672766242698e-01,4.463625920126961244e-01,6.812501382461462196e-01,4.383226260310613687e-01,5.041901555063859064e-01,5.821559242122840150e-01,7.373115814015029912e-01,4.147351798155524127e-01,2.881626909097059208e-01,4.860286351934823279e-01,4.638645496254802936e-01,5.948799514373603881e-01,7.723776850919913395e-01,2.579256790074667127e-01,6.560717679072695097e-01,5.319710920995742720e-01,2.677346205119817690e-01,7.962405545177293487e-01,2.071005206339534277e-01,9.956421970540569877e-01,8.548405420992072345e-01,5.062916038099717353e-01,5.763144096856384069e-01,7.355101970370192532e-01,7.923655065331999259e-01,6.325274053072381664e-01,6.001588323847859563e-01,3.749589895879652524e-01,5.917947234578988525e-01,5.831300024211513167e-01,6.323410185446072251e-01,3.825049950929350073e-01,7.438981922715534045e-01,8.361118895521342242e-01,4.660310641530412967e-01,6.163675722154233760e-01,5.180474932565859447e-01,6.198207859037987433e-01,9.344041717302112859e-01,9.852836595769318695e-01,2.113924512975154102e-01,5.504439664506923791e-01,3.082809156752484153e-02,3.513353251094748497e-01,6.510938077117427447e-01,9.716803450473849857e-01,3.089583696243791699e-01,6.476811838192313431e-01,2.935789552379712841e-01,7.842203048889719863e-01,1.440700802347545488e-02,6.734849071255564201e-01,4.162261462754339725e-01,2.652883430964179667e-01,7.914156521983425341e-01,2.878489528418484156e-01,2.575007727690555859e-01,7.830448657413634495e-01,6.591919844264505501e-01,-3.712835741619699426e-02,3.825656221263767920e-01,4.609048653157510889e-01,6.582984765521209258e-01,4.804196788915690020e-01,1.987361749134335387e-01,6.227758206566701427e-01
3.515047262031395503e-01,4.181479017396956821e-01,6.095651877862058310e-01,9.033807971437445294e-01,7.823591596578591822e-01,5.980165454768132660e-01,4.127765247475573274e-01,7.795763809082537632e-01,8.499333066409168191e-01,0.000000000000000000e+00,5.713786000333571646e-01,7.777249391938625411e-01,8.560405852823158579e-01,4.167558670353843642e-01,4.793589590550202395e-01,5.601771589280306607e-01,3.062245024002044347e-01,4.888917270794356784e-01,7.219368128050183131e-01,7.749240657014148104e-01,7.924036831700111971e-01,4.355497799325706576e-01,7.608691721151442655e-01,9.483890700460054779e-01,4.466768289490156141e-01,9.595030404276249092e-01,6.413429779042002510e-01,6.409875280434293998e-01,5.346964168060071021e-01,1.363513846192513645e-01,5.465399897459197742e-01,4.707682896366296998e-01,4.656844951549968248e-01,6.022379465043281588e-01,4.325600588935089030e-01,3.528848550529873895e-01,2.041512723872406510e-01,7.513224939951692605e-01,9.119014991557040650e-01,4.501206092211860743e-01,2.660804233066965674e-01,3.256524263152648091e-01,6.230340246600458709e-01,2.061118846971781160e-01,8.237717830678461528e-01,6.186236115165719696e-01,7.331654014019512999e-01,6.358989019342947691e-01,4.537423586105642781e-01,1.637441250662695913e-01,6.412526785852664668e-01,7.771500680223839552e-01,5.029512262520211552e-01,5.845185426530382644e-01,6.597450019537940413e-01,2.987939737530413420e-01,9.829581238911063723e-01,7.163747440195687988e-01,7.470178954450995557e-01,6.163661193514209380e-01,4.061601616931639347e-01,6.572945601575334029e-01,6.910549402247425643e-01,3.739991009904267694e-01,9.947568199733454186e-01,3.594717644362770970e-01,9.346381437633944911e-01,5.452245053255266871e-01,2.936210369987768409e-01,8.122331125878515801e-01,8.478928221842272350e-01,6.953754448517966980e-01,5.755498601877192533e-01,2.229774345905589650e-01,4.634113938079119643e-01,7.429148496364960108e-01,6.160476343307504932e-01,7.483322577753147575e-01,2.578521553355176410e-01,3.004291186871682617e-01,5.763806324940623504e-01,6.157820996715654971e-01,6.082308330206728231e-01,9.711452768172237904e-02,4.092981292442697261e-01
7.128178330710098765e-01,1.166686939691288505e-01,7.164727180005477924e-01,7.845199953413000138e-01,6.547805153924671773e-01,7.995125135206259115e-01,5.160915544067006255e-01,8.772517301350446495e-01,2.652862833277077059e-01,5.713786000333571646e-01,0.000000000000000000e+00,7.238036869078565694e-01,7.217575990064708513e-01,5.517119597530953934e-01,5.681116371726109282e-01,6.223955209506251141e-01,7.063384776422787503e-01,4.882785904189227422e-01,2.624283651786455396e-01,8.430578368577372750e-01,9.646064344543253677e-01,7.437086027787176423e-01,6.815306998795952476e-01,9.268832744161452641e-01,5.291385653694564983e-02,6.296007646181974726e-01,8.061659150949010977e-01,3.820282712359742705e-01,3.953225717354418717e-02,3.415198875921896526e-01,-1.406621773264843944e-01,2.454406523936106255e-01,2.919255804714502300e-01,8.603117144204369682e-01,7.529153417108355173e-01,3.092318885510913495e-01,2.267491031407121160e-01,2.733735285308726004e-01,6.952908427196837771e-01,4.581699097616823702e-01,7.233438694574882699e-02,5.178095790164247703e-01,4.170229226467161432e-01,2.568517657685478461e-01,8.458294441578099176e-01,7.099045817963326455e-01,3.114990604026676713e-01,7.935245058914652816e-01,2.305858296951018571e-01,4.253895658831414739e-01,2.964102371412253856e-01,5.262136905911917184e-01,9.076383282741602443e-01,7.179864014183723331e-01,9.687471034572905926e-02,1.524898235584558892e-01,8.541214191709771697e-01,6.917539702875104002e-01,6.873983598152684227e-01,2.304965471254789566e-01,5.495906736973870110e-01,7.335957207389287582e-01,5.706784884495205157e-01,6.015043699560859158e-01,2.928761315359335593e-01,2.624779473914403138e-01,6.748662805251162133e-01,9.924889982885185535e-01,2.457639183364759838e-01,8.433516596178884939e-01,7.092679819265731433e-01,5.822345200840551849e-01,4.042149405396397999e-01,4.732189764570366997e-01,2.245330125837630697e-01,9.559106464691817795e-01,7.220421007103096089e-01,4.844774071562258921e-01,5.912724942315632504e-01,3.752438650141759480e-01,7.183978976441063313e-01,6.828113368296077068e-01,7.753551637775433214e-01,3.823213913449931001e-01,3.284957013763407097e-01
9.344922767348515791e-01,9.685205606100404374e-01,9.756566697741622107e-01,8.337653675086345029e-01,7.764513555269514367e-01,3.128530235808049120e-01,7.372302834977904062e-01,5.525708917063150150e-01,9.760457911718080082e-01,7.777249391938625411e-01,7.238036869078565694e-01,0.000000000000000000e+00,6.750272903437413152e-01,7.554582320479216184e-01,6.791699200245452372e-01,1.889815746468843649e-01,6.204713543967431688e-01,7.781575072475280797e-01,9.608881292264975782e-01,7.757425391853111085e-01,4.712092346279141419e-01,5.237899428584441575e-01,3.315995775565364623e-01,6.207434639999865889e-01,3.789450834621033160e-01,3.815780228387123385e-01,6.245353004085670845e-01,2.074915469181750349e-01,4.032607108988701672e-01,7.474931329102320055e-01,1.278157104324805782e-01,8.493611796341591358e-01,5.420751665433658495e-01,6.673791156202518726e-01,5.805603942742965096e-01,6.195388298405476446e-01,2.459606057681461011e-01,2.692422312666711282e-01,4.987393626989373163e-01,4.026102121205359374e-01,3.626444247432025758e-01,8.111731358176053064e-01,6.739433855909137128e-01,7.687356100109874468e-01,5.972701808686952107e-01,9.850717003564145591e-01,4.039050989529194280e-01,9.566300234644014022e-01,6.627260904882009696e-01,7.480895640253033552e-01,3.828572913634917807e-01,7.567004890218673729e-01,3.818136662976043816e-01,3.891895125643806130e-01,5.125459710379646205e-01,9.766327337588656121e-01,3.010975012123373040e-01,4.552280070312732518e-01,8.797584556297395331e-01,5.713891547012148742e-01,4.619002440916765151e-01,4.655337928608364595e-01,4.090495999710644925e-01,6.507987113852677918e-01,6.905172631738829558e-01,5.375150454157942015e-01,7.295791974082979081e-01,7.813950660641821866e-01,5.810036817515052965e-01,7.045315328669743415e-01,6.632119908175869716e-01,7.578881530569770986e-01,3.798096813207887390e-01,5.270794846077349050e-01,4.026124334752996803e-01,3.468004428395186078e-01,7.246723725276797701e-02,4.775101062329886181e-01,2.859017594715655419e-01,6.371862784036617933e-02,-1.684510398840964596e-01,5.276344520966321783e-01,7.707677790313414157e-01,6.442336013912415282e-01,3.026143697353845252e-01
6.633509921774740636e-01,4.433783145409084248e-01,7.731714304810552996e-01,4.984168359230144452e-01,2.521697020671211376e-01,9.673031569978793875e-01,6.064985475009384563e-01,5.255344873434132369e-01,7.746621432348582692e-01,8.560405852823158579e-01,7.217575990064708513e-01,6.750272903437413152e-01,0.000000000000000000e+00,8.435418071871472190e-01,8.354859426133716127e-01,9.901145854485617903e-01,4.280755996753810022e-01,8.793764326281559018e-01,5.105417978965853809e-01,9.396281583591920006e-01,9.692338402012772303e-01,6.684688541773593506e-01,9.152957846300590061e-01,6.003792183782398206e-01,1.512955380955328666e-01,7.245266394341975946e-01,7.617925889471297562e-01,5.575052838315385229e-01,2.445238454291012720e-01,6.958459504043827959e-01,2.330422906162255003e-03,6.918616145830902564e-01,4.369698555850041188e-01,4.906231910517886985e-01,4.949912884373052213e-01,5.444768085987864437e-01,2.402323707634458072e-01,6.196675410898569991e-01,4.609442377078876718e-01,5.921707649683427555e-01,2.042283063603005377e-01,4.134010120679482148e-01,4.570335532107615006e-01,9.198611255153316124e-01,9.893475976609016342e-01,1.010057921107954115e-02,1.011854713132444572e-01,7.982355430696207454e-01,5.193499792853355501e-01,3.634175815480187310e-01,4.155160995253478484e-01,7.085031463692808007e-01,7.131637503348582374e-01,9.085510417824576024e-01,6.244915581467108678e-01,4.325419548663854141e-01,8.722318565528246470e-01,8.977102881754871477e-01,7.175237206219486907e-01,1.522489953551570130e-01,6.791070366562363958e-01,4.774815992317189006e-01,9.556813411605368236e-01,8.268488158772644425e-01,7.860443793071799634e-01,6.195661808452116448e-01,6.505947103495853812e-01,8.573321294876214971e-01,4.327559534538488184e-01,9.242166017512848386e-01,9.824817547317115096e-01,3.417810990450664919e-03,2.302947293729626921e-01,4.368524950062743217e-01,7.393376249808158995e-01,7.054755899520788187e-01,7.285193472759015076e-01,4.523939468639419093e-01,3.916473613485901284e-01,5.251099492379259770e-01,4.196050421154429166e-01,8.001702515009230243e-01,8.183480886145105826e-01,4.356083980783252985e-01,4.723523688241350049e-01
7.323864160612463259e-01,8.240154356486738552e-01,7.944666276477638789e-01,9.233601854993487290e-01,5.991018492147146546e-01,5.989689209696180683e-01,4.030777108711203205e-01,5.855634264515001686e-01,6.782054804877730714e-01,4.167558670353843642e-01,5.517119597530953934e-01,7.554582320479216184e-01,8.435418071871472190e-01,0.000000000000000000e+00,9.179055758925794839e-01,5.506972511478589460e-01,7.489320260074220359e-01,4.971858397933687779e-01,7.687465130681366832e-01,8.562389911489016736e-01,6.156634230412216802e-01,4.131308914270286348e-01,7.312383266407566085e-01,7.822811009470411747e-01,-1.636870360688959525e-01,7.567854246854611722e-01,8.984492058964685945e-01,6.645522193107933351e-01,2.185977563636238574e-01,-3.395417834311792449e-01,1.291139740951567985e-02,3.656312003879745864e-01,5.967593205776823284e-01,7.278303379517162552e-01,6.261513739637200038e-01,4.230051070059153151e-01,8.405279518021047114e-02,4.333845806853264260e-01,5.832352787303924924e-01,8.175651068852965997e-01,7.958741391450487868e-01,5.712868943576779879e-01,5.546526064010531831e-01,8.725385025857224086e-01,6.152499189942962632e-01,8.889620760545656752e-01,7.381301378572433514e-01,8.459984157195262755e-01,6.575737432875903288e-01,1.437595980568487364e-01,9.280752738236220933e-01,8.349978630916339295e-01,4.867743909346399223e-01,7.997566359543464287e-01,6.739582414906388763e-01,4.956193551802065556e-01,6.878195002631043442e-01,3.412775126944163073e-01,7.622282080414226613e-01,5.001961021200294066e-01,2.144553123668070660e-01,7.965602160746370064e-01,7.375508109867137119e-01,2.898922997769180082e-02,7.701433993938775480e-01,9.492778632411525974e-01,4.844899106043195069e-01,7.285701802833265406e-01,6.685007304258061556e-01,2.377020455125349596e-01,7.985608223949134388e-01,1.218334550188425736e-01,3.176308341139544300e-01,2.888164292285185786e-01,3.624916591605038541e-01,1.075786009913214381e-01,7.894668643196423030e-01,5.777543246203917793e-01,2.619067600224223025e-01,3.641479120103411349e-01,3.112080928413293313e-01,7.518309753360883363e-01,7.503220602693684294e-01,4.933593599613795289e-01,6.454350713224419334e-01
9.864614023069420146e-01,2.527228202461972995e-01,1.665072741131570777e-01,6.721374513447295751e-01,4.476748591559839840e-01,7.731611812864688238e-01,4.791633802400358522e-01,4.272510346821922211e-01,2.180198888391116085e-01,4.793589590550202395e-01,5.681116371726109282e-01,6.791699200245452372e-01,8.354859426133716127e-01,9.179055758925794839e-01,0.000000000000000000e+00,7.333131117534594789e-01,6.683971184824011313e-01,4.537967698797846228e-01,7.786868708853165177e-01,6.787442498887319431e-01,5.566708201361966202e-01,4.840276927518923911e-01,8.171712467732705765e-01,8.498553003286339891e-01,6.072152982155305523e-01,6.157584554359396556e-01,7.638941818887048374e-01,7.998068152777216833e-01,1.587560754551086140e-01,-6.589622269062134219e-02,8.832748839571079313e-02,5.301289047798095622e-01,5.858305979899491867e-01,4.363798932401254937e-01,6.108080785281044811e-01,2.864586706762595747e-01,6.173668866054432547e-01,2.731878436451516956e-01,6.912363113694253158e-02,7.026429619344631838e-01,4.573319334806563163e-01,4.661304916599932069e-01,5.685450281358099822e-01,2.008174454221522687e-01,9.978688354166160845e-01,6.937367294378802285e-01,6.750308816703045611e-01,7.357127212265868188e-01,4.312278473438217463e-01,4.004184229241679605e-01,2.840576295369199311e-01,6.184566037222830603e-01,6.743678622050860438e-01,7.582724248778822673e-01,6.410194097532163626e-01,7.325354975682567549e-01,2.357367201862348993e-01,9.662488734710037441e-01,9.582130700082551744e-01,6.279392383441622094e-01,5.224592706347386262e-01,4.115343162363434004e-01,6.542552312688643124e-01,4.325503572473335945e-01,6.849170424727504258e-01,6.785769023656478272e-01,7.232605343780118545e-01,9.689430966876143581e-01,4.096100346906137446e-01,8.268114904889627415e-01,7.414407625339189956e-01,8.778429559265951143e-01,1.876016565410242865e-01,3.315358009239122161e-01,4.533070740504951956e-01,9.220029409208331250e-01,6.390814771976498498e-01,7.777687124282423037e-01,2.937652680852672615e-01,6.046309814787078629e-01,4.324790682423920729e-01,9.989193324704112031e-01,5.851928892320500397e-01,4.444993487598504212e-01,3.911137351115020477e-01
7.614853543492650090e-01,2.605735582257553626e-02,9.067944331784374423e-01,7.000945246009961931e-01,7.763933257618759187e-01,5.266715979451027652e-01,5.978176064233379217e-01,4.649729083761591775e-01,5.368312035854779785e-01,5.601771589280306607e-01,6.223955209506251141e-01,1.889815746468843649e-01,9.901145854485617903e-01,5.506972511478589460e-01,7.333131117534594789e-01,0.000000000000000000e+00,7.044778341345051542e-01,1.104532732350410468e-01,4.398706530860632125e-01,3.503166167446054857e-02,9.741615523242177499e-01,5.758765426448011482e-01,9.538877948131588846e-01,5.649141464742291063e-01,5.910401228617371272e-01,9.399338456997929914e-01,7.765737944406743143e-01,5.296355201613990316e-01,3.162687022927359454e-02,1.540571241212602138e-01,4.848275596596036963e-02,7.871421383422685381e-01,9.936224373173410118e-01,8.997107005706591609e-01,6.531508451583287744e-01,2.243670315881376998e-01,4.185028633980661938e-01,4.962944025759800093e-01,5.234099503257414465e-01,7.419077470456192369e-01,2.964612733565161196e-01,5.294143889836806505e-01,5.116707901680128678e-01,2.570781234344423627e-01,7.951586869751829934e-01,6.674782323913560633e-01,5.558396185946021806e-01,5.548845348770287123e-01,5.322194346415485278e-01,4.556838214870364001e-01,9.507474559664677582e-02,4.733080242968177864e-01,6.994668200149941617e-01,5.782632913689377263e-01,7.553304621554811638e-01,5.386517637525917168e-01,1.839715758602242790e-01,2.407791239919480075e-01,4.666916547756025935e-01,5.773623970015738793e-01,7.339479353911084747e-01,3.542138525022004991e-01,8.815042766848861788e-01,5.823202309674772037e-01,3.697252682978767746e-01,6.626055873233616111e-01,7.696748003606237454e-01,3.038614130623986109e-01,5.058670933065033681e-01,9.957659268880225678e-01,5.254919847781316378e-01,4.395034998697249229e-01,5.513189606319960356e-01,4.242796332628916423e-01,9.310999654991102270e-01,2.589483969807190866e-01,4.485258485479745039e-01,6.067839165642323618e-01,3.750912655621713165e-01,2.227673137484151300e-01,2.648052170101579672e-01,8.450359604418713477e-01,4.952503865191821286e-01,4.656641875028428301e-01,7.597352428815418168e-01
8.748069535158804477e-01,9.638989724743425302e-01,8.867143224713679439e-01,7.302245956885375922e-01,6.163289767762493154e-01,4.475505930968532997e-01,7.835789644628337047e-01,8.903456924333056355e-01,9.719919798470205707e-01,3.062245024002044347e-01,7.063384776422787503e-01,6.204713543967431688e-01,4.280755996753810022e-01,7.489320260074220359e-01,6.683971184824011313e-01,7.044778341345051542e-01,0.000000000000000000e+00,4.769392350149167514e-01,8.998236276351688767e-01,5.521221214232711061e-01,6.897106685604268428e-01,2.266838520974057691e-01,7.600519033026960081e-01,6.678616845402769453e-01,7.828984142010589897e-01,5.758465025682053540e-01,8.820817735484990374e-01,5.861911118229832240e-01,3.929566737827016598e-01,4.819809468621895077e-01,6.429754998981598302e-01,5.214801069625456531e-01,8.227321100550135657e-01,6.966575632668952078e-01,8.055220387259682813e-01,3.989074793385529727e-01,5.447455303580398533e-01,7.893762164698068240e-01,5.562360509062511671e-01,5.591298437345417760e-01,2.745990148600765957e-01,8.361105245365860750e-01,6.268268188358601112e-01,3.698457285040928078e-01,8.564463539416101723e-01,6.376030618153640805e-01,8.338450120194571547e-01,5.317841154265010584e-01,7.499495797403804564e-01,8.709250747198656883e-01,2.677965787272830189e-01,8.795072256493183804e-01,8.288749631972569532e-01,6.633069792947190457e-01,9.014361607618710803e-02,5.756403575549091656e-01,9.611822135903430597e-01,7.187282456463121028e-01,7.116074243217629380e-01,2.974152602846391602e-01,6.679595684229737707e-01,3.915404548954479758e-01,6.973841424723967730e-01,7.174751944611772458e-01,4.463334310039375752e-01,2.962970412609741144e-01,5.220871428493352173e-01,9.807599723228390687e-01,3.627184162438517046e-01,7.326275248888381997e-01,3.214566589883785519e-01,9.593334730577929292e-01,3.066100527841633117e-01,4.504875689453626819e-01,4.747470382037644598e-01,7.376196700701156406e-01,7.927087552561506989e-01,8.982063200165578687e-01,6.751041593813111863e-01,5.568824706609886155e-01,5.179594930378069728e-01,6.368589635733674648e-01,4.656339128625121004e-01,4.092371225085916220e-01,6.000782567470548390e-01
3.309289139067746188e-02,4.505053914608172505e-01,9.243589601438730874e-01,6.948941179095020626e-01,3.643257224827095575e-01,3.163141117893381038e-01,4.944962174170006719e-01,9.504922792484487015e-01,4.908329741597847740e-01,4.888917270794356784e-01,4.882785904189227422e-01,7.781575072475280797e-01,8.793764326281559018e-01,4.971858397933687779e-01,4.537967698797846228e-01,1.104532732350410468e-01,4.769392350149167514e-01,0.000000000000000000e+00,6.180803861720250980e-01,7.619431797276772222e-01,4.793188299920078665e-01,3.359845633592422609e-01,7.791368497293864603e-01,7.163988235587477327e-01,5.836068693152962616e-01,1.317470957813163535e-01,2.515439294229934730e-01,4.342868692464486591e-01,2.914355709354039536e-01,3.942278310848474909e-01,2.452367388640835366e-01,7.021729120504214272e-01,2.277102431844564567e-01,7.520447181431791916e-01,1.747839891975543902e-01,2.631404119330434388e-01,-9.058342065236395235e-02,5.564453267879587717e-01,6.663878865870097590e-01,5.386075266916581228e-01,1.817951387061997048e-01,4.720087745493890541e-01,4.720754190153129137e-01,1.242725196337364918e-01,6.365640490980660759e-01,6.890601027110884180e-01,7.701332038242011402e-01,3.331803506987923019e-02,7.181542033578777184e-01,4.455923368095562331e-01,7.699142923850499365e-01,4.578389176071447908e-01,5.662315734933062172e-01,6.651838364269297976e-01,7.855678175910378869e-01,6.440045374971458125e-01,1.005102223364536806e-01,6.486053897046647476e-01,9.841561625451398232e-01,4.598966650504257569e-01,4.988268257925312921e-01,4.716598829318506825e-01,6.087728842170103682e-02,7.091464545259860142e-01,9.137032582158788330e-01,6.618314540522898248e-01,9.768972227663254015e-01,8.330931967953635331e-01,2.211409570169504124e-01,3.770229912519500459e-01,7.367424770248929278e-01,4.800636460505822156e-01,1.051891223125121094e-02,5.798490205016176846e-01,4.629566761680513065e-01,4.598026013989734984e-01,7.220293647050510799e-01,7.200141445757166636e-01,1.765759069988868113e-01,4.825888634147177947e-01,4.239513533199615325e-01,6.540377052999981622e-01,8.011977419031940384e-01,5.820662337298000422e-01,7.596493956699875705e-01
