0.000000000000000000e+00,7.954459552916303133e-01,7.819921566845787764e-01,3.129133808252934079e-01,8.658202222436922613e-01,6.520123714910494028e-01,6.965910385613840461e-01,9.347520222187315486e-01,9.092157890224964456e-01,7.293399388223105184e-01,9.357096451484608890e-01,4.514634007338273469e-01,6.047329987939866758e-01,6.080210979835374285e-01,6.001849231645242089e-01,6.897047971829699531e-01,6.610646419098779036e-01,7.521044332934414545e-01,7.831407048653464820e-01,5.367267603890542027e-01,6.781914021627173383e-01,4.396258054421020023e-01,9.205113123206437598e-01,7.685548276798420675e-01,7.987044835687021616e-01,3.601982093167410692e-01,7.701823296795620166e-01,6.714387460848423306e-01,7.855340464749345220e-01,2.586052826304729435e-01,7.470663126291499090e-01,8.212257828222778722e-01,5.439628545025776418e-01,6.155341990803060437e-01,7.149991891628380003e-01,5.188507266206634494e-01,1.988460457538893944e-01,9.024390817486294125e-01,4.068492392198455043e-01,6.024045572756615563e-01,2.680614044450980171e-01,7.827125818021144488e-01,7.619796069328573784e-01,7.930415858757866587e-01,5.495001638271884703e-01,7.699366797653229844e-01,6.254107198469947004e-01,6.778917963500907806e-01,4.427228852537684611e-01,8.764208924973301285e-01,7.501611604919312670e-01,2.637991012312591588e-01,7.735870207821552436e-01,7.486406868392403435e-01,6.251563654544450843e-01,8.344251929782943167e-01,3.644087999656828725e-01,2.476313640974727170e-01,9.700152071487673222e-01,5.941425908082927920e-01,5.557925026026917514e-01,9.550960963004120341e-01,8.810074679486999960e-01,8.469991575237593162e-01,6.652722680106697428e-01,7.710385854734839173e-01,8.338803102280043511e-01,4.177995126046745167e-01,7.979493148672263114e-01,6.238432376575818727e-01,7.831510450613544672e-01,9.086244582237350542e-01,-3.480311857657999997e-01,3.657171834317060055e-01,6.644216523282095999e-01,6.837456286978509379e-01,9.737388838116116663e-01,8.172441803923043979e-01,5.739656088923206223e-01,4.747821639858228471e-01,7.089795315055780200e-01,6.043504388920215575e-01,9.373959517564810495e-01,7.658371182063049287e-02,5.938685215498812342e-01
7.954459552916303133e-01,0.000000000000000000e+00,9.089125905415789131e-01,3.733343203721828374e-01,6.064293310513977353e-01,7.995068724668958904e-01,9.908105994160029129e-01,5.311043635402472596e-01,2.501845293007709525e-01,4.798806521379275214e-01,4.201216211893006869e-01,-7.331597791979418965e-02,7.831035551688070306e-01,4.892739100356791604e-01,5.769326394676475012e-01,4.575381300555796948e-01,2.776172273037110227e-01,9.256723924524372649e-01,9.082610191870472693e-01,7.350494311248936263e-01,6.015185212248913560e-01,5.623495310493866750e-01,6.038450946006970188e-01,4.326222007033229677e-01,7.282167099261519505e-01,7.486592320978109338e-01,7.887256666951190098e-01,8.575033852989725203e-01,5.200055413746328403e-01,2.996927094608588249e-02,1.292329390046332849e-01,4.618473800308768862e-01,5.843289408818115316e-01,9.177223474376650092e-01,6.578560874389599578e-01,2.299476047059920147e-01,1.051396284827310623e-01,7.557055584421674688e-01,7.290398248590225228e-01,8.420187224083330868e-01,4.820436839544499641e-01,8.132449753998592934e-01,1.220306473308174766e-01,6.546373836219034903e-01,8.715898309148621959e-01,8.248641592445447035e-01,5.214011603235251258e-01,5.629456947932367505e-01,8.921493848862225295e-01,9.076248321563304966e-01,7.029084902903289800e-01,3.204816524979385295e-01,6.831299773311368950e-01,7.616087167204170782e-01,9.370452883747444339e-01,5.877800993292991993e-01,5.670692929407359362e-01,4.441338977685175826e-01,9.131298543153433256e-01,2.237683342743777559e-01,3.027644833826818593e-01,6.969302113812334554e-01,2.674788265256418107e-01,3.232311471255533974e-01,9.581132767975574227e-01,7.159951014090880639e-01,9.983192788055584854e-01,6.676782127763476460e-01,7.258313813050745189e-01,6.269788052116999078e-01,9.617287799414147020e-01,5.203094896813458270e-01,4.956814010126675552e-02,3.645580286817826088e-01,3.237375060586700215e-01,-5.128604729458935418e-02,4.198378733842065280e-01,2.566339992004787116e-02,3.876902769584841812e-01,7.600408693301550223e-01,7.216893179988013163e-01,3.370625278875848396e-01,4.749311772478800320e-01,3.140513226793222312e-01,7.229339087713118062e-01
7.819921566845787764e-01,9.089125905415789131e-01,0.000000000000000000e+00,5.631573566117278329e-01,7.682302697574583394e-01,9.699736126142083359e-01,9.172122250666615573e-01,4.220534816925664567e-01,6.874329114876015501e-01,5.222830925104355870e-01,8.980580562253466237e-01,6.734513617422990261e-01,5.584347731819735428e-01,6.694826296804625709e-01,7.812222407049990158e-01,3.480098856475211111e-01,6.042946240664343049e-01,9.072543683372491508e-01,6.737413936280349791e-01,9.773531336616244625e-01,9.007234550006432139e-01,8.703381728624266511e-01,1.661067313726735106e-01,7.077308773939952058e-01,8.390967306381995616e-01,9.000371866021104061e-01,5.378650400033552215e-01,7.121465733070346804e-01,4.934469099925414826e-01,4.209366194014492746e-01,2.075356921210479988e-01,7.526537544036513427e-01,8.118982641732571670e-01,9.336950204721539137e-01,9.625156697063612654e-01,6.138165863713590520e-01,1.774560056694224341e-01,8.935301353784974587e-01,9.548803751729093570e-01,7.099922654813608514e-01,1.790696245765449335e-01,9.318443742271718122e-01,6.335803935834974920e-01,6.478953199422124998e-01,8.827266469453051156e-01,4.595466800471345592e-01,6.098465038874124611e-01,6.268153152195159450e-01,5.911550390486493001e-01,7.220145886054776252e-01,2.262308386637356117e-01,6.764886766076094737e-01,1.897769995946711752e-01,8.855219749134592977e-01,7.391604805523152022e-01,7.249336796475774891e-01,8.547762367196657385e-01,7.645392556055361499e-01,7.131031088378650962e-01,4.163837365074998242e-01,7.005531388318373409e-01,7.725262627992046660e-01,8.721106082293179629e-01,8.086239922744806741e-01,7.961810884454862958e-01,7.228567355165235186e-01,4.283263088360705351e-01,8.475763562216227509e-01,9.812386692306067637e-01,6.903677628561466495e-01,8.290784290755959240e-01,3.956276661475846557e-02,5.952520614021576950e-01,4.949368982734699274e-01,7.181002951308154136e-01,8.372051566775252640e-01,4.073258080871874354e-01,7.956217886761618452e-01,1.399168173614100952e-01,1.612059341284370895e-01,3.071437602932780564e-01,9.651755227136018522e-01,1.505431712573972527e-02,5.804802365564323274e-01,8.342145550357752404e-01
3.129133808252934079e-01,3.733343203721828374e-01,5.631573566117278329e-01,0.000000000000000000e+00,9.503246908083999855e-01,3.126193303223525621e-01,5.112482739923009945e-01,7.602109526559829300e-01,8.063219507270883435e-01,9.641247782827826462e-01,6.010023015526466672e-01,2.740836532610984033e-01,8.854221528853180034e-01,4.840849393994330896e-01,5.828045782451809487e-01,9.481099835736465087e-01,4.839626545618079811e-01,8.914170533222447457e-01,7.604367593231825539e-01,6.348620396185268300e-01,5.245752577930902216e-01,4.162143974822008485e-01,6.574498294102881779e-01,8.928425468416884003e-01,7.458599312379361468e-01,7.409185567675750095e-01,7.985781070248850755e-01,7.161540282536923430e-01,-1.688640550981765354e-01,4.477760954157361528e-01,-1.267765522949720891e-01,3.294082620948302065e-02,5.223057101956616322e-01,8.003015499490317985e-01,7.601005971679297701e-01,6.543951176336911812e-01,5.857382391277106137e-01,7.408240525906805152e-01,7.645336018699422365e-01,6.834545226247559224e-01,7.991768218091566123e-01,5.406852163553090840e-01,9.548322312678900747e-01,5.288006473683166675e-01,6.402105911108124658e-01,3.511667017623136822e-01,8.925005727322602445e-01,5.615100037918876463e-01,7.015698349695814739e-01,7.068073305939671647e-01,1.412967762879616951e-01,6.074010875773400153e-01,7.354595934527139445e-01,6.672859232230443638e-01,9.386378563951042198e-01,7.028806498551635196e-01,7.705182501025318320e-01,4.362819462680427307e-01,2.538306931966847757e-01,4.272559735811227721e-01,4.418013502666873205e-01,5.449309629376162256e-01,7.351435495110590912e-01,9.415873938529238929e-01,6.495745102054520936e-01,4.681446053850545352e-01,7.665517980491559635e-01,4.985593437192222255e-01,5.824467302560615289e-01,7.229802707598347311e-01,7.585633979325663301e-01,7.449158892598185533e-01,4.774132142996033723e-01,-9.062553325719485686e-02,7.644197981874391035e-01,7.055278054888887151e-01,5.214343743570459822e-01,3.325235413615804658e-01,3.488608270054207039e-01,2.901320056531133673e-01,2.921841685848222125e-01,2.465923540099770050e-01,7.805285950419657004e-01,2.211306938977442016e-01,6.320111254221535413e-01
8.658202222436922613e-01,6.064293310513977353e-01,7.682302697574583394e-01,9.503246908083999855e-01,0.000000000000000000e+00,3.414318335353658806e-01,6.070611194444845982e-01,4.197429286483533861e-01,2.118249538165937751e-01,7.170826169027850749e-01,6.150604338672182037e-01,2.400780659968291542e-01,6.581810201848492525e-01,8.834741687333106386e-01,7.029260871235671893e-01,7.660272225120288159e-01,5.523084442804980787e-01,9.268568595709472113e-01,9.555432310044198463e-01,6.106840015687198253e-01,6.024743718914347124e-01,5.700942022304873458e-01,4.018226241875551552e-01,9.283006480136465344e-01,7.090468530127673752e-01,7.884204421102328775e-01,6.139266618724859015e-01,7.163154647384630813e-01,3.428608966368436040e-01,3.254417906825955997e-01,4.902154173748676791e-01,4.846762749565730055e-01,8.467479515690043979e-01,6.279067347043053582e-01,7.077856787624576818e-01,2.792738446276096242e-01,5.587874904325035308e-01,-1.142255430957708345e-01,4.353861435139079195e-01,2.754091112842826927e-01,4.228948487882686624e-01,7.202430322269244289e-01,8.824618897406399931e-01,8.976420976332804003e-01,9.095563097962697796e-01,9.779003586383404611e-01,9.806664830663237575e-01,3.472412323598981221e-01,5.388895882248072589e-01,3.269526471714567228e-01,-5.855425767339519916e-02,6.305251879983821972e-01,6.122606286629970196e-01,3.075928847424422852e-01,4.403125890915526863e-01,6.118691605053214744e-01,6.775408843948728110e-01,6.957970115215920126e-01,7.938879510363974212e-01,-1.057818916771031681e-01,1.704556343220231529e-02,4.578377715532411796e-01,3.280710073049735165e-01,3.294870285000558452e-01,6.783099879286468292e-01,4.590036472933686773e-01,5.543328788965222742e-01,6.544497834400290204e-01,5.103636512858427121e-01,5.226716125468392482e-01,7.164831929001760358e-01,5.325661207376910511e-01,1.501101523177313934e-01,3.569082406815369396e-02,3.545946712796477218e-01,7.550476616558036147e-01,6.095373985140529749e-01,-1.665866221030296024e-01,1.418691092149876043e-01,6.925804623862218123e-02,5.346699345132950310e-01,6.262538240471643425e-01,1.989073793943046953e-01,5.196876609636810196e-01,6.291743695969953531e-01
6.520123714910494028e-01,7.995068724668958904e-01,9.699736126142083359e-01,3.126193303223525621e-01,3.414318335353658806e-01,0.000000000000000000e+00,5.180317743584266221e-01,5.696123799136764143e-01,3.445534930454664524e-01,7.251437158479252520e-01,8.752706363105076104e-01,5.543274734912302382e-01,9.557436936492693658e-01,4.214535956107017256e-01,4.634590706448439290e-01,9.861919326274121156e-01,6.426494591818128210e-01,4.823816240757837770e-01,7.718679800499743671e-01,5.125585319973531284e-01,6.129897518708460336e-01,6.902017027184207398e-01,6.136118411228903557e-01,9.312328495821625696e-01,4.991595830861869088e-01,7.441622646904842708e-02,8.611864287134464169e-01,7.642648912630645164e-01,2.699113551174933123e-01,5.217780034666007483e-01,5.984973906807142807e-01,8.570227762841258201e-01,4.809220624028829327e-01,5.622812139833206491e-01,6.043148375294640218e-01,3.732260532034776812e-01,5.914982112735114317e-01,7.681747730496775173e-01,9.121765652366188304e-01,7.729047993406894523e-01,3.863755301271777354e-01,3.698988873603911154e-01,6.595909584411583371e-01,4.863269818555620017e-01,6.491775977665147357e-01,7.488190203712135062e-01,8.599941995550042240e-01,3.547698879753692358e-01,7.501967199857628721e-01,4.816582582738434537e-01,5.465837991325728229e-01,7.006959656971781802e-01,3.618271187694664937e-01,7.244983809136751329e-01,6.998297134657487373e-01,5.643992187216144707e-01,8.759779315918783116e-01,5.514357072998563591e-01,3.464376382945822952e-01,5.728408268389525437e-01,3.670018430574347734e-01,7.665618858729095209e-01,7.470384077714309345e-01,6.639742465625090295e-01,8.264962705992339176e-01,5.856813570450297712e-01,4.733732260262397684e-01,7.115540421468763421e-01,5.575468046688838442e-01,6.752584787122013488e-01,4.285401261351092783e-01,7.016402668744579074e-01,7.415873822805125748e-01,4.417068098327697756e-01,7.585755927957140710e-01,2.813218917607956948e-01,6.212163575430252882e-01,1.228857310316669449e-01,3.486207947663895190e-01,4.671145317231091554e-02,4.919114115722584279e-01,3.584334774506452437e-01,6.786926039810979583e-02,1.927576251989898404e-01,4.026087680052712336e-01
6.965910385613840461e-01,9.908105994160029129e-01,9.172122250666615573e-01,5.112482739923009945e-01,6.070611194444845982e-01,5.180317743584266221e-01,0.000000000000000000e+00,4.950174810144372106e-01,2.760596296242575076e-01,4.773012579818642909e-01,4.815941477680156235e-01,7.945330362536173752e-01,1.874819562720793642e-01,7.462047136958528393e-01,6.746763600094179969e-01,5.453851622266809862e-01,4.823538713162820457e-01,2.603440871411338842e-01,6.045919411616680339e-01,3.010659808889563083e-01,8.902672484288854937e-01,5.740660235108133724e-01,4.249118968605015700e-01,2.605282423395036129e-01,2.716861726235847985e-01,5.172611934729389738e-01,5.598438821550629774e-01,2.128817813159751271e-01,7.309473280779018589e-01,-7.978428881770772974e-02,2.553392512740735310e-01,9.405680277886291352e-01,8.828783537284893290e-01,1.510391092149317716e-01,4.264910528111856558e-02,3.978660633222257936e-01,5.597456310573585281e-01,3.814856626379494742e-01,6.499049490240385030e-01,4.512002679052707355e-01,4.388844994444277003e-02,3.787615671418546048e-01,5.096716321115373205e-01,-5.408039869080816242e-02,9.026558830541260292e-01,5.502299888587420806e-01,4.506561082738220758e-01,6.007406319635633096e-01,4.299269531356619267e-01,4.585311142001547990e-01,1.080715069646321358e-01,6.921031627273850351e-01,6.063426350321433622e-01,7.529765480611290140e-01,6.970216500286884331e-01,1.775489455827110666e-02,4.409871119575552445e-01,7.086501091271124597e-01,9.381711742044214208e-01,-1.038554402932593823e-01,6.453098130917426234e-01,4.139563694401858784e-01,3.811042302264500692e-01,7.766655060921476839e-01,9.270138598775488070e-01,4.161485992505224440e-01,5.065306322391264215e-01,6.802298418084065101e-01,7.257118520706645759e-01,2.172606262556603940e-01,5.900101433025275455e-01,4.992482368468993403e-01,5.894936902075857965e-01,-1.643816790132228145e-01,2.608229595814408608e-01,2.177394683090795313e-01,2.619529310176905157e-01,1.070790748501718320e-01,5.083995155836776858e-01,-1.432433802110374688e-01,3.028687632899439985e-01,5.662001218079494302e-01,5.739629628546620843e-01,6.950380795253542354e-01,5.732013810218243854e-01
9.347520222187315486e-01,5.311043635402472596e-01,4.220534816925664567e-01,7.602109526559829300e-01,4.197429286483533861e-01,5.696123799136764143e-01,4.950174810144372106e-01,0.000000000000000000e+00,5.498507512253227869e-01,3.120895408839622354e-01,5.158237201556603591e-01,5.075363657694302866e-01,7.893824749698086229e-01,8.183672430210018334e-01,5.593070490400017247e-01,4.446386027104910488e-01,7.023546897826316027e-01,4.211246915173678107e-01,6.357006869148041917e-01,7.667163318880018119e-01,3.769771856158169454e-01,5.294778180400416812e-01,5.873949670173990167e-01,8.865742403386726034e-01,4.684922336485669581e-01,5.736240880365726102e-01,8.937954298662135200e-01,5.238581388244180070e-01,2.831275014790518574e-01,4.636255533138627372e-01,4.998425199591488566e-01,8.562811936439439220e-02,2.350587300897868381e-01,3.261394609348753915e-01,3.046888014077994700e-01,2.257275602417933014e-01,1.925889510125312343e-01,2.333696828904536502e-01,6.322563319197662679e-01,2.204210785836809294e-01,7.327505157826830207e-02,5.941511295782226920e-01,9.224957002258938887e-01,2.753951650537383999e-01,4.980057064806250322e-01,3.391556886992854736e-01,4.193755992553720446e-01,6.743916306804915717e-01,5.959088682964321926e-01,2.916817291241079468e-01,-1.498689280595225104e-01,5.172087526001183377e-01,5.910201712020377585e-01,4.650258800588263908e-01,6.221775250817657144e-01,7.889357652315049929e-01,3.371590944934982348e-01,2.011783530831529332e-01,7.875669347635474438e-01,6.783781487111656405e-01,6.376778531320271837e-01,3.375839508768067043e-01,7.947481209506218613e-01,4.251400637177378261e-01,6.147737057832916019e-01,5.736538097568776307e-01,5.617188828307870807e-01,3.881113532044342396e-01,4.834900900948905234e-01,4.852053598106659260e-01,4.161771669618045122e-01,7.721054843686102620e-01,-1.842576774053232835e-01,7.912470593601371727e-01,3.490601172901943577e-02,5.994366408396096801e-01,7.680434360753233269e-01,6.604796147547133955e-01,3.422912001295448647e-02,3.350255041175045356e-01,5.583536051147443002e-01,4.069109885178308073e-01,6.085124603913468766e-01,7.860091452896955655e-02,5.398752590561421982e-01
9.092157890224964456e-01,2.501845293007709525e-01,6.874329114876015501e-01,8.063219507270883435e-01,2.118249538165937751e-01,3.445534930454664524e-01,2.760596296242575076e-01,5.498507512253227869e-01,0.000000000000000000e+00,4.854113161157804224e-01,8.792518850825583598e-01,5.295886083698422286e-01,6.714780625301270955e-01,5.676292789464082444e-01,4.521062627118317967e-01,4.779945688153692807e-01,-6.882886599967649732e-02,3.608745224398520746e-01,7.844648811438849068e-01,5.205038205482866998e-01,2.553086714557151748e-01,2.731821665117569742e-01,4.901653178445981585e-01,9.961486046532133098e-01,4.036642379556459881e-01,7.670003619999692379e-01,6.083489376283990335e-01,2.183929418060942540e-01,5.235427152442713172e-01,3.219239205961952344e-01,5.858098384795930036e-01,3.167126722411002238e-01,6.984561230068987436e-01,2.513882988639894456e-01,5.184055137972182203e-01,4.692465421874958409e-04,3.599782468636457677e-01,6.690698188211685604e-01,6.211340267294712669e-01,3.194697987765434677e-01,3.904274991371304848e-01,6.800422723215765464e-01,2.659875484605059848e-01,7.489021822113737237e-01,8.944688433598310118e-01,6.068287338812792253e-01,-6.825684831536441011e-02,6.332956650320568093e-01,4.295682615559675011e-01,4.832224916442596219e-01,2.210527603455005319e-01,5.738886197978403381e-01,9.229050900483602993e-01,4.805878500701715739e-01,5.377685584703166821e-01,6.796112584520354050e-01,1.702186300593531154e-01,7.363594612573594045e-01,7.638732439680653297e-01,7.719056708489482332e-01,4.115987371971350228e-01,7.591401673106126236e-01,5.067002148646712056e-01,8.985190237720417361e-01,6.112941569880201431e-01,7.008072832445854106e-01,5.774590989470128610e-01,8.014289432450467654e-01,6.469493056293021960e-01,5.695785084116525843e-01,4.298067596144846125e-01,6.161232064938400033e-01,3.474356273849073529e-01,8.528836113493676319e-02,4.164678796070536704e-01,3.205612870971942252e-01,2.629771665372644396e-01,2.594962469101328439e-01,7.376343528672313354e-01,4.383025161323862440e-01,7.854169113872490060e-01,6.843487218260426719e-01,5.519796652050072971e-01,5.860432541228203229e-01,5.236376613529243329e-01
7.293399388223105184e-01,4.798806521379275214e-01,5.222830925104355870e-01,9.641247782827826462e-01,7.170826169027850749e-01,7.251437158479252520e-01,4.773012579818642909e-01,3.120895408839622354e-01,4.854113161157804224e-01,0.000000000000000000e+00,8.104734170342783317e-01,4.200319235593462652e-01,9.161588455873427295e-01,2.528733268384188437e-01,6.358977293347742865e-01,1.680231235964572134e-01,8.034065360457545157e-01,5.967118421986221666e-01,5.895731376258496192e-01,7.387471243544377897e-01,2.729477512608105005e-01,6.347410949277378922e-01,6.503047200937231986e-01,9.193844495625373980e-01,4.949280931106561088e-01,7.108564814615717653e-01,8.797645041293101764e-01,4.386046823649339399e-01,4.429821824441668165e-01,1.253285745255866279e-01,-4.832667308458082900e-02,5.556078778123746398e-01,3.989048206124538032e-01,8.621033649665629239e-01,6.762247593621580899e-01,7.790013483030410191e-01,2.032104461755217251e-01,7.685849826710093868e-01,7.340892882510248185e-01,7.715145310997599815e-01,3.775623817077278233e-01,4.229956110448599427e-01,7.744528892025138722e-01,7.714087815829696604e-01,5.959665644609541957e-01,2.594085433230272630e-01,7.005451010033570958e-01,9.131570573404333979e-01,4.199360931802116337e-01,5.058934713398244298e-01,5.098908851294334799e-01,7.436714020901619149e-01,6.817181370891703951e-01,5.100913663969898204e-01,4.788010375798876783e-01,4.286103061419891391e-01,8.204282199561029054e-02,5.087704756383417681e-01,5.686323511333214453e-01,4.526671664644899007e-01,4.142737584924308658e-01,6.870667355875457183e-01,5.531343067245291234e-01,4.172560461279633537e-01,4.422560958076979243e-01,8.129416655602011987e-02,4.721973573880904884e-01,7.688014250020486218e-01,8.947855267092036380e-01,4.118623957229750610e-01,5.240587246719391468e-01,8.939601074630878497e-01,7.549236412716915368e-01,3.811258769256292700e-01,7.440172338791328777e-01,4.452890149321443447e-01,7.763763054287556864e-01,9.366068037486692255e-01,9.818753637209810467e-03,3.520748657376817636e-01,4.561049718873440018e-01,7.417162806558248445e-01,9.523968294584743699e-01,7.620177865901220926e-01,8.848441982368925318e-01
9.357096451484608890e-01,4.201216211893006869e-01,8.980580562253466237e-01,6.010023015526466672e-01,6.150604338672182037e-01,8.752706363105076104e-01,4.815941477680156235e-01,5.158237201556603591e-01,8.792518850825583598e-01,8.104734170342783317e-01,0.000000000000000000e+00,4.840406059345260248e-01,5.995104848064312097e-01,6.580248696275674547e-01,6.650623887489663932e-01,5.975088773538901332e-01,4.721246110373086280e-01,8.803137801661895523e-01,3.067302175733013225e-01,3.774975050714537983e-01,9.478543806803492178e-01,6.837680887843293753e-01,7.852134184943146966e-01,2.287205199842129999e-01,7.259035675978917634e-01,7.325344759166013686e-01,5.624323129221177053e-01,9.967098686202022773e-01,2.075826924408508134e-01,1.623307014890733313e-01,2.757067643173674032e-01,3.824314239526961368e-01,4.034016732373740116e-02,8.158856163126246841e-01,5.929500821334061644e-01,5.901252862744456040e-01,3.202681159232658725e-01,5.832800123304913154e-01,5.704349235694295972e-01,1.243034110066101351e-02,7.910684850765921372e-02,9.978374328303454277e-01,9.537634564715951058e-01,7.851549040289081960e-01,5.027803758431779180e-01,8.655336787902614404e-01,4.001937325842667148e-01,9.502707588087885293e-01,4.525475152726315953e-01,6.582357895820591942e-01,7.616320874536443020e-01,6.352106857491007785e-01,6.742781362386285338e-01,6.729017897489429911e-01,6.457447982510795548e-01,8.292626978634731749e-01,6.152038030411437486e-01,6.337933340224415346e-01,6.900798948278874523e-01,6.716537848714400072e-01,6.856976209003203815e-01,2.591740496889968215e-01,9.097613688321545267e-01,8.706478167940201462e-01,6.318724343004729072e-01,5.681336752073069540e-01,8.569063759011108505e-01,8.960046404776867979e-01,5.623480250496450950e-01,3.063006833795056116e-01,9.193275017702184915e-01,2.935912049068108431e-01,5.326276986475367847e-01,5.509433652257845759e-01,7.487670460516077098e-01,6.294428794166144758e-01,6.892404623966102983e-01,7.972805099067304946e-01,4.688409537727293852e-01,4.869415744342803221e-01,6.606374370658593120e-01,6.075331474616267879e-01,6.180506645363765816e-01,4.684508741543906840e-01,5.964862835290005716e-01
4.514634007338273469e-01,-7.331597791979418965e-02,6.734513617422990261e-01,2.740836532610984033e-01,2.400780659968291542e-01,5.543274734912302382e-01,7.945330362536173752e-01,5.075363657694302866e-01,5.295886083698422286e-01,4.200319235593462652e-01,4.840406059345260248e-01,0.000000000000000000e+00,7.090139857413845226e-01,4.856962594766821573e-01,7.374674879372575820e-01,8.927619814045452129e-01,5.559054116678561197e-01,6.671344403337278184e-01,7.229364555640049872e-01,8.535018608499921333e-01,6.124071376565882741e-01,5.445377081325903923e-01,9.435548004274708633e-01,9.238791369806567122e-01,4.745432288386841613e-01,3.562468681406546489e-01,4.387693794000919745e-01,6.365759440477744002e-01,4.205692986721228377e-01,5.735817211780015468e-01,3.765256706406365783e-01,3.243560992801894916e-01,5.394041687754780323e-01,3.618348915460908310e-01,2.519312582070515893e-01,7.939252457816075026e-01,4.937452323649448860e-01,8.855443670296550551e-02,4.366526663600799330e-01,4.441995784868130737e-01,3.846940394558000520e-01,2.101798041474795820e-01,7.055952262471264502e-01,8.135147132464508601e-01,7.415605334938613069e-01,2.425244597345078690e-01,3.627726134625351984e-01,7.862115097556644505e-01,9.616802425688919520e-01,6.687813142305738534e-01,5.079567835205023307e-01,1.685767359154699552e-02,4.834683718855289358e-01,5.310322688385411549e-01,3.935974301580486001e-01,9.056626165648571369e-01,4.204397687297092845e-01,4.514554700176243163e-01,7.577293661790194257e-01,2.459892579945271163e-01,7.992563899061166932e-01,5.008892862696049386e-01,6.427160517527842343e-01,7.507136503009127493e-01,4.355694534415993635e-01,3.266698519627572184e-01,7.484139073430615685e-01,6.312246295223505888e-01,4.192324039111738343e-01,6.064416454430776593e-01,6.559008742420038285e-01,2.802660232049640210e-01,7.958009504937026968e-01,5.997716768725951386e-01,4.863053844679516291e-01,8.656213575351976441e-01,2.486944174877459279e-01,3.675919006758420204e-01,1.764403317614778866e-01,2.876412352183385090e-01,5.025105526591110428e-01,7.662734196777598594e-01,7.979765710675652546e-01,4.199087699583745614e-01,7.653769577545573854e-01
6.047329987939866758e-01,7.831035551688070306e-01,5.584347731819735428e-01,8.854221528853180034e-01,6.581810201848492525e-01,9.557436936492693658e-01,1.874819562720793642e-01,7.893824749698086229e-01,6.714780625301270955e-01,9.161588455873427295e-01,5.995104848064312097e-01,7.090139857413845226e-01,0.000000000000000000e+00,7.485268911484455057e-01,7.878302786770851052e-01,8.461562172769460100e-01,8.439468289628695441e-01,9.252107099517615785e-01,4.874555700997669772e-01,1.422026105591297218e-01,4.880929878949721301e-01,4.818901690370079871e-01,7.845092791802148469e-01,9.942469058673432114e-01,4.187078999211614194e-01,6.942169168467957618e-01,5.634828479737559181e-01,7.256213002759837050e-01,1.210495983099903888e-01,7.403608669022274658e-01,1.452508913266787605e-01,2.060801272296937658e-01,4.093655000098193608e-01,7.474437335471137978e-01,9.377579714552969348e-01,2.115764937404516766e-01,6.921366432926441548e-02,9.626224659568861641e-01,6.367223918323412502e-01,3.819524360736179514e-01,4.627613192092389083e-01,9.949595997928473157e-01,7.754452900110220259e-01,2.837444125213970381e-01,8.961140713592404827e-01,4.456539088518168268e-01,6.390992827577737234e-01,4.358796163824695813e-01,4.345659424238905166e-01,9.827247501600551161e-01,6.669449552965577288e-01,2.975536867955653197e-01,9.690391967029539089e-01,5.443867204423095130e-01,6.006853971521159963e-01,2.085617628749607266e-01,8.888641629655505971e-01,6.819525310362015702e-01,6.972938629003965216e-01,4.570671971132977407e-01,1.182803989096321666e-02,6.196314823585348242e-01,7.332911278140991085e-01,7.218800535315856859e-01,7.193979743361568202e-01,6.396931043564592079e-01,3.449462220939180090e-01,9.558316286687190688e-01,4.340688817929120868e-01,5.422254406146445049e-01,4.884375271660543194e-01,6.749466644784470892e-01,7.218071924329995115e-01,3.513223144834716205e-01,1.479571867208031855e-01,5.374524170982741822e-01,4.567746716689319864e-01,6.273272741659896568e-01,4.095503159302243956e-01,6.610967562695458516e-03,5.134612558864631859e-01,9.796955681498383806e-01,7.363778521050725612e-01,4.424016998105979037e-01,2.190780138673198603e-03
6.080210979835374285e-01,4.892739100356791604e-01,6.694826296804625709e-01,4.840849393994330896e-01,8.834741687333106386e-01,4.214535956107017256e-01,7.462047136958528393e-01,8.183672430210018334e-01,5.676292789464082444e-01,2.528733268384188437e-01,6.580248696275674547e-01,4.856962594766821573e-01,7.485268911484455057e-01,0.000000000000000000e+00,7.809460641921466273e-01,5.756143640656435911e-01,9.934538418699880857e-01,4.423680410519119643e-01,6.357422742595078002e-01,6.419709315433629326e-01,7.447772324084891427e-01,5.453080580609342976e-01,7.493376188437382845e-01,6.357289113782358392e-01,3.422601762506297662e-01,3.831760220990826360e-01,6.138917874310365619e-01,2.557279474794942331e-01,5.971314885835593556e-01,1.649790974080149186e-01,3.105513771288424540e-01,6.582644744622028199e-01,6.366291936344350422e-01,9.910306857410688952e-01,4.089178578329898950e-01,5.931991419699252921e-01,1.989953458436054812e-01,4.063897062981354225e-01,7.425927085522506799e-01,7.059977486824229320e-01,4.636437853926852481e-01,6.720246988576220604e-01,6.341933386256082272e-01,8.847806966346667412e-01,6.768239801751574358e-01,9.767483510895667020e-01,6.664618821518460967e-01,1.620213973532655949e-01,1.243789955272714964e-01,8.418207600884894948e-01,7.490098382292111889e-01,6.647120350093344010e-01,8.970623772685016872e-01,5.705422398204987866e-01,5.289163244145125287e-01,4.841506619738518147e-01,5.207804972867391413e-01,6.078329164694095121e-01,-1.376325463677524064e-01,1.255639763514368179e-01,6.748902710958255557e-01,8.921029459173704934e-01,6.014114581552325589e-01,5.035806606102039007e-01,9.180362600323160871e-01,4.511699682073616047e-01,7.813629744928685117e-01,8.935844267241371819e-01,4.689861983934556222e-01,9.885926994170283200e-01,6.095725581883855160e-01,5.942176642657014396e-01,6.207751434370133437e-01,4.276563176593732862e-01,4.090106980954084648e-01,6.875026761282772014e-01,7.413994656769662406e-01,6.223015255248082189e-01,4.690196441020729745e-01,4.440537391181366700e-01,8.558668872685681883e-01,9.902801393733262625e-01,6.603277952735678857e-01,5.102759145478492631e-01,7.997133220127785602e-01
6.001849231645242089e-01,5.769326394676475012e-01,7.812222407049990158e-01,5.828045782451809487e-01,7.029260871235671893e-01,4.634590706448439290e-01,6.746763600094179969e-01,5.593070490400017247e-01,4.521062627118317967e-01,6.358977293347742865e-01,6.650623887489663932e-01,7.374674879372575820e-01,7.878302786770851052e-01,7.809460641921466273e-01,0.000000000000000000e+00,6.088536168702043394e-01,6.437725744177408282e-01,6.849097577180554008e-01,7.724705938205767008e-01,6.119254018843803822e-01,6.830399844662911057e-01,8.616319600395394573e-02,4.247719250378267364e-01,2.267823323776645694e-01,4.006779353348887129e-01,1.437392376996159127e-01,4.648505248195971551e-01,5.010080936988342559e-01,3.890962943708597965e-01,5.772446102655870437e-01,2.838805335167329455e-02,6.062880185775135766e-01,8.734313344310775662e-01,6.180377565199013379e-01,2.287357415915698411e-01,-1.325535819004625970e-01,7.310557042286769391e-02,6.050605252541556567e-01,6.048038073431246664e-01,9.155752697939886220e-01,5.666677402288041732e-01,4.170704489248488467e-01,6.627392890383978497e-01,4.157972091326379571e-01,9.415151252256351855e-01,7.478770428735811437e-01,7.939208243823925315e-01,4.086872565887104680e-01,6.624792575857234578e-01,8.877444827615754708e-02,-1.077129092682586886e-01,4.423256942181763018e-01,8.835763136933000306e-01,4.651882201009351903e-01,7.024952904458008351e-01,5.075489477867888288e-01,5.360763594377027097e-01,7.352770362087970302e-01,7.869709475500019646e-01,7.754542753593954840e-01,2.289209640772917886e-01,7.598131539516407296e-01,7.756619538056008789e-01,8.164843173616238570e-01,1.980000567627166752e-01,8.015231699498742701e-02,3.520887712463395269e-01,4.704732284128870234e-01,4.480291834644137272e-01,9.032935861251907284e-01,4.487559407051134319e-01,4.328674665384181219e-01,5.414393734448033069e-01,7.430251181679388139e-01,4.572208148829738916e-01,7.512532489922081336e-01,9.718749589835271596e-01,2.599169180306152849e-01,4.095234114430190142e-01,2.674517277706333629e-01,3.378156675363029882e-01,7.209729939393458853e-01,7.367348398081063898e-01,5.363831220879177186e-01,5.312106538665957167e-01
6.897047971829699531e-01,4.575381300555796948e-01,3.480098856475211111e-01,9.481099835736465087e-01,7.660272225120288159e-01,9.861919326274121156e-01,5.453851622266809862e-01,4.446386027104910488e-01,4.779945688153692807e-01,1.680231235964572134e-01,5.975088773538901332e-01,8.927619814045452129e-01,8.461562172769460100e-01,5.756143640656435911e-01,6.088536168702043394e-01,0.000000000000000000e+00,6.658038057859053671e-01,9.655169532205798433e-01,4.156806342414898214e-01,4.493980999506732021e-01,6.416382094693975358e-01,6.732307498797034384e-01,5.714219627620071851e-01,9.508236868934664132e-01,3.715232715438473443e-01,5.269328484327598927e-01,4.562160058868354184e-01,2.927143473469989710e-01,2.342740349547779988e-01,1.964925748526380744e-01,3.486070774709655318e-01,5.232199034341367128e-01,3.999355208073166468e-01,6.341702696974377274e-01,6.764234300865882288e-01,7.112024261885637744e-01,1.173827433973984036e-02,9.874982801283558320e-01,5.840619487736006255e-01,7.471918194865061202e-02,4.922741112072799297e-01,9.903355586074938377e-02,4.487397957816112726e-01,8.502618551887325404e-01,8.277963781106886243e-01,6.235727970525620778e-01,5.530270322521712023e-01,3.654215917565933336e-01,4.242607056811034671e-01,5.140321895979571565e-01,3.045561697744361696e-01,7.271536331347197013e-01,8.037325537953982080e-01,9.441029616736064112e-01,5.488527934539449982e-01,5.349698400203068971e-01,9.461752442185829004e-01,7.338616734020134702e-01,4.543899809492291664e-01,-1.649855527706248493e-01,5.438590072355835581e-01,3.768160983384805096e-01,6.169032322170476812e-01,4.501839529482271618e-01,8.219148325004804745e-01,9.978939146579166586e-01,9.576201802348089931e-01,9.623477417155013036e-01,2.042034790388592702e-01,8.971290600408773352e-01,6.918548621812545818e-01,4.233673147100198153e-01,4.229502773788678671e-01,1.778726215754158901e-01,7.250130424745548918e-01,3.129540770686482509e-01,5.774516777815078550e-01,4.890961185165936809e-01,4.203831061996330526e-02,-1.827968823380707042e-01,6.796794315714502766e-01,6.317300878560919708e-01,8.143844815793191971e-01,6.775683756350286968e-01,4.647209402648199150e-01
6.610646419098779036e-01,2.776172273037110227e-01,6.042946240664343049e-01,4.839626545618079811e-01,5.523084442804980787e-01,6.426494591818128210e-01,4.823538713162820457e-01,7.023546897826316027e-01,-6.882886599967649732e-02,8.034065360457545157e-01,4.721246110373086280e-01,5.559054116678561197e-01,8.439468289628695441e-01,9.934538418699880857e-01,6.437725744177408282e-01,6.658038057859053671e-01,0.000000000000000000e+00,5.149299213485891702e-01,5.754981695986296497e-01,9.696234289774381399e-01,9.847059535205192615e-01,5.343306541812657962e-01,4.361627148799884224e-01,9.224285087023006424e-01,5.255675849379992659e-01,8.970492380900999541e-01,3.116543891906714547e-01,2.403601120301480099e-01,4.532949523828658234e-01,4.040763016282427622e-01,1.685355743842207460e-02,4.799496119260415194e-01,2.178294087887162889e-01,8.242328523808430951e-01,6.421500161384502414e-01,4.579631228698587964e-01,-7.084184923157216263e-02,2.404028181218944016e-01,2.200500250151988246e-01,6.445057970859505714e-01,5.835895852557275720e-01,8.273925035427310837e-01,9.488221997515176032e-01,6.836768257255618764e-01,6.921159037383108892e-01,9.757273404952824247e-01,5.888830062883534389e-01,9.075575402376313550e-01,6.947843032794004392e-01,6.476949899828237101e-01,3.502560534441451767e-01,6.832802511393994971e-01,8.099921284652867870e-01,7.085841012591653776e-01,9.365100869654199300e-01,7.183538259925600356e-01,7.483052682342348216e-01,8.024745370525665500e-01,6.983707101428485720e-01,2.368006581803131227e-01,6.930635629721810798e-01,5.039798176477428004e-01,6.549293003425407100e-01,8.306863760551992382e-01,6.635268427974037042e-01,5.982557084151491900e-01,7.101589056840720282e-01,7.023998575485581597e-01,2.317949814742218395e-01,8.451113662071721988e-01,7.195985680053968991e-01,9.276227280061977165e-01,5.682509624220835054e-01,2.472944317070153164e-01,3.719763240148867278e-01,4.190070489696874900e-01,8.950759222530018100e-01,4.799806231700328163e-01,5.535029085904015211e-01,-1.440121156744411657e-02,6.341648643290606069e-01,5.158595685760581917e-01,6.898269202312359294e-01,-5.888915871642730337e-02,4.255229637720172597e-01
7.521044332934414545e-01,9.256723924524372649e-01,9.072543683372491508e-01,8.914170533222447457e-01,9.268568595709472113e-01,4.823816240757837770e-01,2.603440871411338842e-01,4.211246915173678107e-01,3.608745224398520746e-01,5.967118421986221666e-01,8.803137801661895523e-01,6.671344403337278184e-01,9.252107099517615785e-01,4.423680410519119643e-01,6.849097577180554008e-01,9.655169532205798433e-01,5.149299213485891702e-01,0.000000000000000000e+00,5.392899205966223963e-01,5.870468976031185671e-01,1.869140202066615353e-01,4.099745800650907435e-01,2.696133334299040119e-01,6.164720712004360115e-01,1.152959264643603349e-01,6.631395827570562007e-01,7.037734551159233742e-01,7.091014271233936350e-01,2.658803856660117981e-01,1.759723113317465115e-01,4.763372522741547987e-01,4.644606202716894394e-02,4.473242016239608598e-01,5.194208599893589406e-01,5.342080317657800226e-01,5.040263642014423118e-01,4.335734436584373075e-01,4.986384175097394733e-01,6.410557389843174469e-01,4.792121183430909648e-01,3.329218337307244258e-01,2.400723553966676582e-01,9.360623997926103002e-01,8.470780384873413116e-01,9.002487855596390531e-01,8.962508252499959971e-01,3.758653555313437034e-01,7.014889966742392513e-01,4.443427476830219547e-01,2.994325578664698839e-01,5.369312229605996967e-01,4.717908272224382582e-01,8.660495344393925876e-01,7.012876130063208091e-01,8.745205470533650161e-01,6.852919187588617511e-01,7.786563552402805399e-01,4.043117496362323982e-01,6.526049042637496189e-01,5.887141190743439001e-01,3.032710559114162874e-01,5.831056681321551416e-01,7.862557028915750923e-01,1.202686754168319494e-01,9.679085631452271077e-01,3.815605211118813789e-02,6.206210765489976744e-01,5.930784995235436341e-01,8.963807347721160224e-02,7.085855302066919048e-01,9.042504811885042626e-01,7.769188053494318069e-01,1.862962030680860026e-01,5.299678310754721844e-01,5.880579147381664873e-01,4.261191424725747634e-01,6.534428652745168931e-01,8.945588734529453800e-01,8.653674858237250245e-01,7.431711442691159020e-01,4.350072988152227094e-01,6.686330123787391777e-01,8.543793555394741945e-01,3.654808405619550116e-01,5.405061578531664690e-01
