0.000000000000000000e+00,6.110566436779181210e-01,2.743888148901149626e-01,1.694661372109553255e-01,2.663324424763635623e-01,7.513611119999585863e-01,6.334384865207122184e-01,7.992623230560637060e-01,6.876941864887140543e-01,4.855102653076681096e-01,9.836027589376946656e-01,8.433043207617403336e-01,3.775990182143181828e-01,6.277572045013135593e-01,5.485249608513244057e-01,8.739951618617104456e-01,9.429032129645693594e-01,7.668092248649663878e-01,9.109961438858160676e-01,7.032465246586355745e-01,5.375465510787602597e-01,8.230609101413721707e-01,9.529524798414980014e-01,9.880959068983771187e-01,6.567424307364075897e-01,9.640162609397724403e-01,7.415856780989442676e-01,4.550038089836002664e-01,2.565619960731683746e-01,5.492284229219872582e-01,6.056862746749214210e-01,4.396264007321700196e-01,6.079645493489643782e-01,8.448694030575578662e-01,8.807092351584121515e-01,4.141084519281394427e-01,5.178520922183446062e-01,5.031791304963181277e-01,8.500591523217935208e-01,6.695457639448064713e-01,7.400183412154881513e-01,1.302363527697663059e-01,5.174738635132486442e-01,6.589103070651418648e-01,6.343662108479644068e-01,8.176389004325610443e-01,5.200157297151903890e-01,4.277324666988049917e-01,3.833749240418187210e-01,2.073604375236079156e-01,8.984807775412776421e-01,6.905399662827901297e-01,7.272665996307704495e-01,6.759022969530918967e-01,5.283755585462804882e-01,7.301683417810249654e-01,8.849555010747377493e-01,5.765595003632124627e-01,3.776863798873395517e-01,6.733644539462680934e-01,3.503272089734714712e-01,8.023132133890940043e-01,2.882861704756025656e-01,6.790173878995607870e-01,6.777325990990106241e-01,3.109896159907110103e-01,7.194747734670826622e-01,8.422056288727496343e-01,8.560558981138883805e-01,6.329779752177248087e-01,8.488172356513744576e-01,4.427305983292830760e-01,3.050282050080052043e-01,3.224896952660408767e-01,4.533413722594218931e-01,5.405883489092185856e-01,9.021407797365498249e-01,6.725392683096355073e-01,2.200419949793750440e-01,5.627968593288970034e-01,7.793852075365025334e-01,7.812548020475649224e-01,6.829701112593310475e-01,7.417551041538807954e-01,6.323310344533034089e-01
6.110566436779181210e-01,0.000000000000000000e+00,9.004032182604003731e-01,8.674419809721397590e-01,6.631945882859198171e-01,7.239146844904682521e-01,5.105831504951918731e-01,4.806189556513979499e-01,4.728242628635637157e-01,6.520700967558976657e-01,7.070260697874564126e-01,4.727217483520354535e-01,4.553796226189431029e-01,9.479990137771316938e-01,6.299383396443382077e-01,9.955073892938411106e-02,3.708196014120515027e-01,7.269922681955447441e-01,2.153291419149091224e-01,6.644316247931275621e-01,7.752564444329619331e-01,6.981426229304995568e-01,6.037715559673931809e-01,9.210725186736287151e-01,2.680913811682554826e-01,6.348214353724415115e-01,9.714550415886696877e-01,9.685110713417481865e-01,3.370203754216201109e-01,7.539921336701232990e-01,3.758598847546853472e-01,5.769716799334424495e-01,6.615870193261237375e-01,7.360854409988357716e-01,7.910290230012386736e-01,3.564007316237021161e-01,2.028922098093448589e-01,7.943554252641988889e-01,7.265480174492794374e-01,7.684164219721788536e-01,-2.042149781382148754e-01,7.981032506772163249e-01,9.156854620540798573e-01,4.983241259090414044e-01,9.887312248051357555e-01,6.255728857523703557e-01,6.347958373125414111e-01,5.583343157224398556e-01,5.031740339998139744e-01,6.896833512703005598e-01,5.305876018420409013e-01,2.252307832080729100e-01,6.753431279403562248e-01,4.682732279578477597e-01,5.192959164468432531e-01,4.591000477113605371e-01,7.628628454717922835e-01,8.142348480456501614e-01,2.182791752754273396e-01,7.818977676665112009e-02,3.321018491053518984e-01,7.266466788694078138e-01,7.339469587421378893e-01,6.570318957415238748e-01,8.008974774450162704e-01,8.373127100625792352e-01,4.028277965952261619e-01,6.243505770494089946e-01,2.088573421161710741e-01,8.210327763409634994e-01,9.131612899768157821e-01,9.468715777452457738e-01,2.658501679529661210e-01,3.651990046722559669e-01,4.178544582020285447e-01,4.389024934691994617e-01,7.446348026761721028e-01,5.332021273382809845e-01,2.439828316031425470e-01,-1.434212257556032877e-01,4.012529593216263568e-01,9.225802232104717282e-01,4.053028474064974684e-01,2.642698063899719396e-01,5.928336748083098406e-01
2.743888148901149626e-01,9.004032182604003731e-01,0.000000000000000000e+00,8.466801272851466331e-01,5.364130298833447164e-01,9.310657096073902128e-01,6.154569034501016223e-01,6.888016786139528058e-01,9.342357051292686787e-01,6.895560482488523046e-01,6.090521228644993901e-01,6.857022172386776360e-01,6.691078526386352587e-01,7.305794235791447377e-01,6.643595833001350037e-01,7.942392100553263834e-01,6.206021392502845124e-01,7.816236043416020518e-01,6.745282369117856502e-01,9.938801540639888854e-01,6.627336550673772475e-01,6.905237222581606105e-01,4.839388740892822671e-01,6.068571711838602889e-01,7.386269659393963627e-01,6.170008261660711035e-01,6.214899868928428495e-01,6.750183553468547260e-01,5.657262766324711034e-01,3.789761937651950907e-01,5.169736289401336560e-01,5.817654868530904855e-01,9.695141741416556380e-01,9.302798147230876280e-01,8.533992738780235010e-01,3.242218542634309753e-01,3.006834887405992474e-01,2.818307792323756500e-01,7.387182161184767670e-01,4.030267248655396428e-01,5.464331747768710335e-01,1.972920973324289451e-01,2.045831049775820032e-01,6.196047995416612553e-01,5.292418895264101586e-01,8.685179903096338361e-01,9.817206875302511015e-01,9.135728759441268387e-01,8.884488529872252016e-01,8.848244657814976488e-01,5.266577828859937416e-01,7.949098368308886720e-01,8.722344535678392408e-01,8.592656591639005192e-01,4.642426086949848485e-01,8.709000428714642750e-01,6.174841014288530161e-01,7.759033945635832596e-01,5.503062056710346095e-01,4.350613548468557634e-01,7.043470440017918222e-01,5.429847642232845661e-01,7.173746212427699609e-01,9.111131426761825969e-01,7.267967230635550280e-01,8.506184235736817811e-01,8.367452316231374088e-01,7.560159780315242051e-01,8.707284093121969715e-01,9.702679389319981418e-01,7.875227431738969219e-01,4.255309066462715784e-01,4.846991926973678866e-01,2.137393759496595408e-02,3.334433308247953809e-01,8.552550211303455718e-01,6.223616845018347110e-01,9.474762457849216224e-01,5.466067061106710812e-01,9.622350394084589614e-03,7.802688415518318488e-01,8.010091463166200132e-01,8.529185511582630941e-01,7.905206450524773221e-01,7.496646752341895592e-01
1.694661372109553255e-01,8.674419809721397590e-01,8.466801272851466331e-01,0.000000000000000000e+00,3.445104267294625267e-01,5.954536223299877751e-01,6.040398240742679281e-01,7.650768298472531148e-01,6.095565997972864913e-01,2.059945187267255284e-01,7.669779027337350064e-01,8.104074304191768441e-01,8.975594194674743065e-01,6.698532094630872402e-01,8.710596587359331622e-01,6.184576036868009163e-01,9.648310224908497323e-01,6.530874647147182355e-01,9.843192338347069859e-01,8.268897979103676521e-01,9.312904790997581506e-01,5.362733776394567053e-01,8.212031372144343866e-01,8.409579769200884458e-01,4.125317520760273804e-01,9.777066841624812987e-01,9.546628915626012013e-01,7.754027549200526170e-01,3.640499691064154053e-01,2.382871496873198436e-01,4.877258787237772619e-01,4.958550545390759123e-01,-1.354238742658370187e-01,4.083276826104541568e-01,2.707360503301016741e-01,4.217510016660492300e-01,5.154141063815413926e-01,7.778554205148257017e-01,9.807364936416451684e-01,7.259277018977848828e-01,5.067134882900182768e-01,3.849302955983007757e-01,5.061779460309353551e-01,8.631877913955109394e-01,6.137671957400523404e-01,8.847726438402296889e-01,4.591020215698001783e-01,2.085474064937116734e-01,-1.534076743608176197e-01,3.659481366873141850e-01,9.170290025422320745e-01,9.347957534547118863e-01,7.394060169500469293e-01,4.597080417173868838e-01,6.736611122762095061e-01,8.378327321474177136e-01,1.737487991050957192e-01,5.298551697936191296e-01,7.723985110161106782e-01,6.497643477119392497e-01,4.942684984866612674e-01,6.164986405772794331e-01,4.095246802398878616e-01,6.559972835487470899e-01,4.114756020304916051e-01,4.992795463256554656e-01,7.812672115688682473e-01,7.410530383979724300e-01,4.737154378775663699e-01,4.576586260681924645e-01,4.294323774348994815e-01,6.255433065321273078e-01,3.891195036287583564e-01,2.600041846241307741e-01,5.638599379337735362e-01,8.178262821068693622e-01,6.450342282501744240e-01,6.449596124530545538e-01,5.228265761760413355e-01,7.706085047539042998e-01,4.798282469615728907e-01,6.517535640540335073e-01,9.434408068195794250e-01,7.785268426860383340e-01,6.736992850473602079e-01
2.663324424763635623e-01,6.631945882859198171e-01,5.364130298833447164e-01,3.445104267294625267e-01,0.000000000000000000e+00,6.774917794107431224e-01,6.882427331494422873e-01,5.360688783737731500e-01,6.984727410386993851e-01,9.865617798702527308e-01,7.758332538517120902e-01,6.745093489264240016e-01,8.283347446983915230e-01,9.089559507925536463e-01,8.686490539380334885e-01,6.643702191415656877e-01,9.514157892615422440e-01,7.068549635723206936e-01,7.525199628076897351e-01,6.923628306132477706e-01,6.085563468704883183e-01,3.567157139967497281e-01,6.212346642564164911e-01,9.590445957151401135e-01,7.166713701899029010e-01,5.779935699526015380e-01,6.299171950925512853e-01,7.652485031695407391e-01,5.006414200497704137e-01,7.946475631453715494e-01,-3.777308911176635586e-02,6.944074956682303457e-01,6.238471506188963955e-01,9.259844630533402565e-01,4.943803030891850692e-01,6.841427016915933024e-01,2.384421383979201114e-01,2.975105461474351065e-01,9.097317094498623691e-01,9.485954325533803022e-01,7.262990187602254011e-01,7.195317366285709504e-01,8.610862723909751271e-01,3.994944920552120360e-01,7.167949911924557105e-01,5.728272255009110303e-01,4.466312263131901883e-01,8.327793465390664895e-01,6.965282896213559338e-01,2.320299382776688513e-01,5.553667369631103412e-01,7.987412724192273217e-01,7.052001613509745193e-01,1.303584560875509779e-01,7.914724248115161398e-01,2.404733864914555541e-01,4.691052819996748835e-01,3.886893059732380862e-01,7.961242066106193338e-01,3.091961261419776119e-01,4.381000878019639666e-01,1.295447232240101998e-01,1.034656475268215525e-01,7.911680450795485209e-01,1.863930715202612443e-01,6.265001856438700001e-01,6.062102506060584872e-01,4.325263868070818862e-01,5.614342090776582861e-01,7.123843604168584864e-01,8.044849586943466635e-01,6.766976603586952743e-01,4.215012061849250924e-01,7.845114371471852976e-01,7.126410005934701308e-01,5.795720761233735807e-01,9.157615247602794994e-01,5.366064110949426702e-01,4.245782885558130881e-01,6.487476837412917696e-01,9.941324761900500739e-01,4.898361637396662083e-01,6.266073782286882832e-01,5.229163428407915815e-01,6.256666403723704084e-01
7.513611119999585863e-01,7.239146844904682521e-01,9.310657096073902128e-01,5.954536223299877751e-01,6.774917794107431224e-01,0.000000000000000000e+00,7.218995881919670898e-01,5.640559511148742766e-01,6.038114119706976535e-01,6.844026488948262710e-01,7.731553560421077220e-01,4.118108060536433412e-01,4.257666952878087496e-01,7.544948297565415851e-01,6.417158222593158934e-01,-1.840255857077742752e-01,6.678003887339407640e-01,7.373679313764837095e-01,8.061688856244568768e-01,3.791386482271668079e-01,9.132512780205832570e-01,3.506397031259921304e-01,9.030232703879558231e-01,4.416122579315784336e-01,6.104238874283542948e-01,4.118346647783829306e-01,8.718154395685437930e-01,9.701605948845459793e-01,5.907010695152110635e-01,5.397973261744279938e-01,2.156289036578194207e-01,5.400068734154734873e-01,1.944880526506027052e-01,5.738660364325669505e-01,7.326831931743219561e-01,6.373585789002469970e-02,3.044862910179527149e-01,5.060207757908837811e-01,6.200505052138549633e-01,8.483646667207703773e-01,6.763531223627894384e-01,4.933910088535310434e-01,7.119698549447216473e-01,4.828050529855497097e-01,2.301739567329099678e-01,7.742138113800028920e-01,3.828961901132802437e-01,7.140545490071843471e-01,5.455947124704288997e-01,1.140930238357523580e-01,4.047630658483409860e-01,6.649540869748025163e-01,8.656077265328847581e-01,5.940917197289932172e-01,9.002553116006776213e-01,9.392169293145152809e-01,6.902314593371323692e-01,-1.572426523234552731e-01,4.407494738256721445e-01,6.203254258224274453e-01,5.526003221642612484e-01,5.084398105650569377e-01,5.111924869508411851e-01,6.457000178710368132e-01,9.488201312233890405e-01,8.033229247295939901e-01,6.599598214488102688e-01,6.513209746840666892e-01,5.332537808219033337e-01,9.536556761671927118e-01,9.819591905668769716e-01,7.799729636116802256e-01,7.350663301470510003e-02,7.100946192778916088e-02,5.944104986149107983e-01,9.243595048777918377e-01,6.711191067113809750e-01,5.607583908254551996e-01,6.725782647751065157e-01,4.834710207904960866e-01,6.776979140526764311e-01,4.334836894861058831e-01,4.211170637140413398e-01,2.988772705385223105e-01,9.613235203215183544e-01
6.334384865207122184e-01,5.105831504951918731e-01,6.154569034501016223e-01,6.040398240742679281e-01,6.882427331494422873e-01,7.218995881919670898e-01,0.000000000000000000e+00,7.650062902074014071e-01,-1.098933573440471906e-01,6.892861972395432080e-01,6.887403840996300097e-01,6.518561207714579364e-01,1.297930712163396505e-01,5.747596728346735517e-01,7.451177027249428209e-01,5.886791049354749283e-01,9.756929473906813532e-01,5.460327103726465570e-01,2.927855305758813587e-01,4.551747046842997690e-01,1.726327753409981902e-01,2.796970651446296641e-01,7.044321978044448818e-01,4.702847048229116811e-01,6.327046233670523268e-02,8.775358329541871338e-02,1.511041782247202203e-01,7.861695734295516269e-01,-1.192307623192436217e-01,3.817464079978272196e-01,2.264542271193357992e-01,5.573241150923333859e-02,3.084522203464707957e-01,5.889348810977119708e-01,5.930805832362175956e-01,2.059325694030459120e-01,7.801265391684397699e-01,4.043062600969953291e-01,4.823427914128231020e-01,5.013419730896889748e-01,3.641795009310555553e-01,3.247741878214014388e-01,5.010906511907140537e-01,6.781461671388845369e-01,9.337480462674850878e-01,3.296569049758964198e-02,9.127815553523320746e-01,5.904814621870455582e-01,5.084926172861444771e-01,2.957995824648424477e-01,5.019345934524317432e-01,4.029948353720477217e-01,5.797933677016398057e-01,3.537429720236704989e-01,3.071066981482832858e-01,6.568451253269196322e-01,6.142506872576933841e-01,6.581726829593713690e-01,6.770791578841308667e-01,2.502918292556918778e-01,5.944865835747059624e-01,4.574210405994011963e-01,4.450418151489151652e-01,7.595111680937201015e-01,4.725923593805056999e-01,4.351104593136974064e-01,5.175185112786577779e-01,8.795370837187027613e-01,4.982331758271177358e-01,4.753670984199152016e-01,5.106973258518773262e-01,5.185690283168999937e-01,3.228418802009165867e-01,4.473298012253208999e-01,6.165327437380870856e-01,1.651340864963294075e-01,2.239114123635136122e-01,4.548442240606864195e-01,2.645270582797776826e-01,3.722198371383753784e-02,2.831905103674278168e-01,7.150946934658318765e-01,2.249994299958866795e-01,5.651448583237234091e-01,5.460711480942613827e-01
7.992623230560637060e-01,4.806189556513979499e-01,6.888016786139528058e-01,7.650768298472531148e-01,5.360688783737731500e-01,5.640559511148742766e-01,7.650062902074014071e-01,0.000000000000000000e+00,6.215245735944924244e-01,3.975948499311564577e-01,6.974333222881144989e-01,5.359428679340374480e-01,2.848636924405278936e-01,6.338674110570878817e-01,6.252572872044365182e-01,6.109196539494270439e-01,7.236429047707777507e-01,4.832086274899501377e-01,8.757471914771877697e-02,5.532517931788062393e-01,6.853259151524614401e-01,4.028872466144591824e-01,4.936361230530506017e-01,6.024871646878495746e-01,4.785330272638072535e-01,7.187532792470152643e-01,6.460222894278744299e-01,7.722519475870840422e-01,2.526541691468870976e-01,5.011855314099351588e-01,5.403315933850386110e-02,4.325312779264361973e-01,5.740619252682757079e-01,6.273112502827862258e-01,7.494978345901603944e-01,4.437776061923818793e-01,3.605314298448097921e-01,7.639934175395461935e-01,5.309852700726699348e-01,7.181115018032806496e-01,2.701958558439736535e-01,3.719497433829396238e-01,5.510809245723596872e-01,4.218312119957470241e-01,6.701008284293443751e-01,3.429294754414480284e-01,7.980861526199889422e-01,3.413158615682346797e-01,3.713321788608485718e-01,7.596806327094138833e-01,8.948589762533626368e-01,5.544152664325401325e-01,2.022604106524775180e-01,7.817670467128733369e-01,3.717295548682561512e-01,8.963545083232221655e-01,8.104276705711697948e-02,5.753951926368856551e-01,9.434548480878555132e-01,6.333318656468142072e-01,5.932505278378041869e-01,6.569076167553551393e-01,2.682371507149865497e-01,9.642090304973456316e-01,8.623511656675547643e-01,4.135156720453950774e-01,6.388246690130630068e-01,8.826158579724318054e-01,7.117564848727540028e-01,7.500098442400221499e-01,7.517771658345473451e-01,3.827478006547621603e-01,3.402649979045924145e-01,4.264315522421131543e-01,6.691545157749394512e-01,6.450950738256917560e-01,4.655832367593539245e-01,6.479019898073392625e-01,3.489654098578673924e-01,2.573091359100468933e-01,6.695052946039063979e-01,8.599882950389056147e-01,6.438847834124224179e-02,4.675228861624858845e-01,6.690944628827503182e-01
6.876941864887140543e-01,4.728242628635637157e-01,9.342357051292686787e-01,6.095565997972864913e-01,6.984727410386993851e-01,6.038114119706976535e-01,-1.098933573440471906e-01,6.215245735944924244e-01,0.000000000000000000e+00,5.831963252730235636e-01,6.646572239096264489e-01,6.259687620495791860e-01,5.179959488933608691e-01,9.076468600957696697e-01,1.290738143631320334e-01,2.404811630413732915e-01,2.374632232529268194e-01,1.364567017771602664e-01,3.777915209133444474e-01,7.191239677074066083e-01,5.501032110290435817e-01,7.627490737100817153e-01,2.188757454959819604e-01,9.387250804371206625e-01,7.218034053333797218e-01,3.625274952374257786e-01,7.938402409746753152e-01,6.088562195612249317e-01,1.838192187419926960e-01,6.946659279568652146e-01,8.781282359802988768e-02,5.590714616024486938e-01,4.210113225880952603e-01,7.675048141989959660e-01,5.090846754937086716e-02,7.214008759443885088e-01,5.496561613694341819e-01,4.185135382801987713e-01,8.867218238411771480e-01,6.867283856631817285e-01,2.738391991084204724e-01,6.367239740794501390e-01,8.949372079972253147e-01,7.084626413118960686e-01,3.684198591329670425e-01,4.108506586537759020e-01,6.322467534571161174e-01,5.258566769697535781e-01,5.237943626977946687e-01,6.950913084150366350e-01,3.077597459424394888e-01,4.219125172612006036e-01,5.149855601508434022e-01,4.356942550642141643e-01,8.398912254517114651e-01,8.290084669294556230e-01,3.359381192950914308e-01,4.265060343876842519e-01,6.091068859129664670e-01,3.612067135114094274e-01,2.938562284462004626e-01,7.183861227849496212e-01,6.108972086491304410e-01,7.558297784278850129e-01,6.692112977593385192e-01,7.233566836815309431e-01,9.608762827781642812e-01,8.778533045109799815e-01,3.462905677529027892e-01,8.897990864137028666e-01,4.503189629171825970e-01,5.792531754578099656e-01,4.657891971110261209e-01,3.881151665889870928e-01,4.395586581731637521e-01,7.057182787325099182e-01,8.327638454915073929e-01,1.481155129894168865e-01,1.172804024660994843e-01,7.322655979129667064e-03,5.245519478354363496e-01,9.776439011130355627e-01,6.603452078150979787e-01,1.967987867399533242e-01,4.090586982785112125e-01
4.855102653076681096e-01,6.520700967558976657e-01,6.895560482488523046e-01,2.059945187267255284e-01,9.865617798702527308e-01,6.844026488948262710e-01,6.892861972395432080e-01,3.975948499311564577e-01,5.831963252730235636e-01,0.000000000000000000e+00,4.853620409876618913e-01,7.933845791781812817e-01,6.435196068716739770e-01,4.606534076580165449e-01,7.419160308906418422e-01,1.911427247074660718e-01,5.327486205871013736e-01,1.107123052517053341e-01,5.492700974295354754e-01,8.398281258797524185e-01,7.680468042751726898e-01,2.870130078241066029e-01,7.048733213232796224e-01,2.389685033505035971e-02,8.479221941484177405e-01,8.280352447597144616e-01,7.822467223487507004e-01,4.833377092015791465e-01,2.716193345639077994e-01,8.584243334960668659e-02,4.954620292016157501e-01,3.120550759146669684e-01,7.905211336547994794e-01,8.173735711483496313e-01,4.122123556950041956e-01,6.708449987662126746e-02,5.598373402564753576e-01,5.534916541024796910e-01,7.007022399694989856e-01,6.331193355252756616e-01,2.585368848834944666e-01,9.152346960768602546e-01,8.373917122617556830e-01,2.460007940719589614e-01,7.632599958893051539e-01,9.321235541695838123e-01,7.678863301639387018e-01,7.654936899228415026e-01,3.821032515331624912e-01,4.342334209708204606e-01,1.702612642269922816e-01,6.740983479962713298e-01,4.531539516053267880e-01,5.407338348249408622e-01,6.033083392209497298e-01,6.183265209959826203e-01,3.340180099245547152e-01,6.444022322311628859e-01,6.330647912381280884e-01,7.632756282849399998e-01,3.555141826194205823e-01,5.024512100484223032e-01,7.565250632252317198e-01,6.768156709565035234e-01,8.105119717772094612e-01,6.518839270260690100e-01,7.885462535568468212e-01,4.047688200252079205e-01,4.662633825504417517e-01,7.054564814721538957e-01,6.723224227822109933e-01,4.561188369471806947e-01,3.017531330917159194e-01,5.464772668501254316e-01,4.743765862161987146e-01,7.112667093937016238e-01,4.870256267708538145e-01,5.325428290174830659e-01,1.894286844289694294e-01,2.071385310988814177e-01,4.827617404330428741e-01,6.792436353453454867e-01,8.716774355575792610e-01,7.771373953214653907e-02,6.423528562703465505e-01
9.836027589376946656e-01,7.070260697874564126e-01,6.090521228644993901e-01,7.669779027337350064e-01,7.758332538517120902e-01,7.731553560421077220e-01,6.887403840996300097e-01,6.974333222881144989e-01,6.646572239096264489e-01,4.853620409876618913e-01,0.000000000000000000e+00,9.802434674994684460e-01,4.541485362227984934e-01,4.851611782782477844e-01,3.157238339194301524e-01,2.540106442543383358e-01,7.736887033184455253e-01,7.034990627143449249e-01,5.799204938918911534e-02,4.603193511869067001e-01,6.440583698694500869e-01,5.779171711050781202e-01,4.896258179672408062e-01,8.501723932312665877e-01,5.499745468920216318e-01,7.234187055597066651e-01,7.737399681363754667e-01,6.700213942167450032e-01,2.035612291449223621e-01,5.223954673499118240e-01,5.237129812743352986e-01,1.892563190553981922e-01,4.534455436972489872e-01,5.639833720843071552e-01,6.292505089134541318e-01,1.024294469269345920e-01,2.806214230365038920e-01,7.467266605729017126e-01,2.384779833454331588e-01,1.966190724167651838e-01,4.671323610729359865e-01,7.045428062552558934e-01,9.147850743305571131e-01,3.185135885906160147e-01,9.451831905961791680e-01,2.438736523051072969e-01,9.023705212222246086e-01,4.714775179619643541e-01,7.860444947391185266e-01,9.478719661056214107e-01,5.813642953799376123e-01,1.046002049579456417e-01,7.543575482349699213e-01,5.860534170203497428e-01,6.694615700326768115e-01,9.810931298899775443e-01,7.741297961513496917e-01,4.958337852526137901e-01,6.551172241338776292e-01,2.838324273569562406e-01,2.268679468599881510e-01,4.417808984507448633e-01,5.318731033854993129e-01,4.771545519748864317e-01,8.338113252489237626e-01,7.858749106048062982e-01,5.066065982825871394e-01,8.670501545891411421e-01,7.581576091422070895e-03,5.469283684560533043e-01,6.548175263414708347e-01,2.898785439139707210e-01,1.972117756408465761e-01,3.024317037100159311e-01,8.940041384285181136e-01,7.750936899034934768e-01,7.318541569849690287e-01,7.526630903905603409e-01,6.166092931535674948e-01,2.797515310620772855e-01,5.495005072180328964e-01,8.642481142492588475e-01,6.676449135758623088e-01,3.906426942192301466e-01,4.894499625949086941e-01
8.433043207617403336e-01,4.727217483520354535e-01,6.857022172386776360e-01,8.104074304191768441e-01,6.745093489264240016e-01,4.118108060536433412e-01,6.518561207714579364e-01,5.359428679340374480e-01,6.259687620495791860e-01,7.933845791781812817e-01,9.802434674994684460e-01,0.000000000000000000e+00,5.081579519407347645e-01,7.210844542668652934e-01,5.366965907637983868e-01,6.699493225180499500e-01,9.228946124293407882e-01,6.061568745438008499e-01,4.456283930494500112e-01,7.515237836290560303e-01,5.770181782821166561e-01,7.451067482529029062e-01,9.994478394715562430e-01,8.527168673051034320e-01,8.685350014210580297e-03,3.572545058509855043e-01,6.807315974590598673e-01,8.281751922664195575e-01,3.808978765436589198e-01,-1.481449116983480918e-01,5.535512212195573545e-01,4.912122513914672917e-01,7.361413852985800865e-01,6.052364038079058872e-01,4.607121195120540413e-01,2.342301562111150370e-01,1.280531361650701638e-01,3.874161286256195824e-01,7.679344362599944684e-01,6.441888756677414118e-01,6.351358682090889607e-01,6.484311965629956376e-01,7.295905431393978624e-01,5.979548452571750161e-01,9.050245807589530900e-01,4.828137324320387336e-01,7.736013977332426572e-01,4.671781137638953973e-01,4.417237883923736397e-01,3.112468582933134442e-01,9.525988632457983440e-01,7.466860781822032278e-01,6.687220014791714906e-01,2.979065334647432728e-01,7.716397503785025203e-01,3.258662430293061685e-01,6.681715718939401638e-01,5.021166675475252639e-01,9.182082337973253017e-01,4.142674766769412487e-01,4.484296536240571784e-01,7.397252503556117631e-01,8.616791207029926847e-01,7.806244369876889078e-01,5.439913531841162886e-01,6.689637839481961112e-01,5.587160878320406310e-01,7.518206276025499735e-01,6.708945453464079112e-01,5.400812368844492006e-01,5.638177455637988222e-01,5.172658722558398647e-01,7.252844886445219963e-01,3.096780865776633807e-01,9.366620650072975396e-01,7.076105303027599991e-01,4.962860513606910384e-01,5.102832884327872520e-01,5.740122516820214127e-01,3.961880409249935453e-01,4.653272116028103755e-01,8.067682490150063224e-01,1.300596552099570757e-01,6.675008142839565506e-02,5.640930809807076507e-01
3.775990182143181828e-01,4.553796226189431029e-01,6.691078526386352587e-01,8.975594194674743065e-01,8.283347446983915230e-01,4.257666952878087496e-01,1.297930712163396505e-01,2.848636924405278936e-01,5.179959488933608691e-01,6.435196068716739770e-01,4.541485362227984934e-01,5.081579519407347645e-01,0.000000000000000000e+00,8.151058509992055168e-01,8.297161444975296174e-01,6.782201640253432418e-01,5.753040295267235482e-01,7.794429821374111444e-01,5.730867099127727737e-01,5.819635488867342943e-01,9.016605850842963621e-01,6.961540899334269783e-01,9.305862525069825975e-02,2.740044653719249101e-01,6.834468670792451794e-01,8.033594196823050648e-01,9.680521462500557561e-01,3.685054832850986894e-01,3.991200498116492801e-01,2.636562155914374261e-01,1.768386278138111001e-01,3.937775909666935692e-01,6.475754776336698493e-01,4.849011686711907076e-01,4.230864384084987995e-01,6.313810297382814740e-01,3.636307002026648583e-01,2.221617710813982016e-01,7.515668647791081680e-01,8.814679727019201216e-01,5.779236667563967256e-01,7.766560563740220191e-01,9.985022128494178695e-01,6.238452989762319767e-01,8.478693773358542130e-01,8.576512179146142945e-01,8.845117081720088592e-01,7.272360333682157396e-01,8.134984020534185012e-01,9.697694756877603961e-01,5.369465025003448133e-01,9.505170728259164648e-01,6.935699442696013906e-01,5.503417443987955737e-01,7.575136305066043629e-01,4.511559009633950845e-01,6.902118263163855572e-01,6.563477729470615918e-01,7.877396155047302617e-01,5.582257440354744249e-01,2.413859700934836983e-01,6.449013353767101275e-01,7.208630969999595406e-01,8.833422442760207050e-01,6.447800810216332001e-01,6.210237591417397951e-01,9.018814900727688544e-01,9.591464838114803770e-01,5.511195413537450793e-01,7.963211868859446652e-01,6.383005642131854840e-01,6.728853412672287648e-01,3.942917565635749577e-01,-1.045633791506207222e-01,3.421633515597687913e-01,8.416159091965147443e-01,4.384848042133639434e-01,9.390988720830800718e-01,6.044979936678602783e-01,-6.409634068236247373e-04,1.183685279116327566e-01,8.526646912939084277e-01,5.820119921930786422e-01,2.851408489402542656e-01,4.313704505502614084e-01
6.277572045013135593e-01,9.479990137771316938e-01,7.305794235791447377e-01,6.698532094630872402e-01,9.089559507925536463e-01,7.544948297565415851e-01,5.747596728346735517e-01,6.338674110570878817e-01,9.076468600957696697e-01,4.606534076580165449e-01,4.851611782782477844e-01,7.210844542668652934e-01,8.151058509992055168e-01,0.000000000000000000e+00,3.864064376395945910e-01,4.157353703388520505e-01,9.392063705977454768e-01,5.198366085803166614e-01,6.930941437495038437e-01,9.543861903938379854e-01,7.374314281222769107e-01,5.660332531460718908e-01,8.047299569710703038e-01,8.303803765669985903e-01,3.145326176205509583e-01,6.314229599675599269e-01,3.775886193148788594e-01,6.436530005979145264e-01,6.156052282224119265e-01,2.801083171586868925e-01,6.023783279293052351e-01,9.342329818386481133e-01,8.513560976993044260e-01,8.819539516011413172e-01,9.911557550994032351e-01,4.651434602646847827e-01,5.568701305862513440e-01,5.791154807776028868e-01,3.631513003746580370e-01,4.588760508883978351e-01,2.038803446853865997e-01,7.443912332803773735e-01,8.018875420392533870e-01,8.872923686880597183e-01,5.717290023635521745e-01,3.835626112613695904e-01,9.848905678740234038e-01,4.942394791891878136e-01,9.637645456986115855e-01,4.069208887349747283e-01,3.484504249265135689e-01,5.146171624016288026e-01,9.904511946197215311e-01,8.560222702219595359e-01,4.295237302577650795e-01,9.590285361202907088e-01,9.432379175591589782e-01,7.054495203151016636e-01,9.580812838844663393e-01,2.542978700403148995e-01,6.337748268073830626e-01,4.381741059916481329e-01,8.308603324862158246e-01,8.275752901328921052e-01,9.930928767625637477e-01,5.613438197710145516e-01,6.765178085458141144e-01,5.222804115912301759e-01,2.311222762169697909e-01,1.575355886158650853e-01,6.352201866155489096e-01,6.146658482002764767e-01,1.256457921196156916e-02,5.888951924603327281e-01,6.524275444632824383e-01,7.974422222057969689e-01,4.802580846262947123e-01,9.467675968956015264e-01,3.203984969837760932e-01,-9.898411117522722125e-02,5.532520971716116120e-01,6.945544542365940099e-01,8.522097723317962892e-01,7.403072366348455446e-01,6.384990230006131195e-01
5.485249608513244057e-01,6.299383396443382077e-01,6.643595833001350037e-01,8.710596587359331622e-01,8.686490539380334885e-01,6.417158222593158934e-01,7.451177027249428209e-01,6.252572872044365182e-01,1.290738143631320334e-01,7.419160308906418422e-01,3.157238339194301524e-01,5.366965907637983868e-01,8.297161444975296174e-01,3.864064376395945910e-01,0.000000000000000000e+00,3.376365160518466496e-02,9.239722546259329095e-01,2.203328851741623851e-01,4.426601456151550429e-01,7.110040442941464311e-01,7.050676356205589634e-01,8.105221108652134188e-01,5.100855882296601029e-01,6.813601940807046953e-01,2.674576193292664827e-01,4.432025716138555671e-01,2.584095844287903065e-01,6.805998852072339123e-01,2.259182615880213629e-01,3.733293077779730185e-01,5.658189739383926442e-01,3.403853201354632430e-01,3.122858996358900407e-01,4.810998004729021837e-01,9.449534563155732592e-01,5.465169107829522810e-01,4.867311148752195837e-01,1.406393864792549186e-01,7.924913711526246907e-01,5.223463013062242810e-01,5.527761465134247709e-01,7.706445937811143843e-01,4.808810128126498329e-01,7.975636074083305438e-01,4.324675369435563299e-01,8.722264087898994323e-01,7.724127225934047658e-01,3.299576226756157915e-01,9.072009778724721141e-01,4.119441922277712331e-01,3.314149863825286424e-01,8.842707295789743460e-01,3.700217534959603372e-01,5.396967683091571377e-01,9.372157888184670105e-01,6.819210396297693544e-01,4.088912739733878698e-01,7.952758614910424573e-01,9.228802537941767081e-01,2.440784242098752166e-01,3.727206460263892129e-01,5.301966544506354628e-01,2.586112302623043147e-01,9.517808276282794244e-01,2.172625625225655388e-01,7.132480799894548307e-01,6.544118912880336758e-01,9.590706456974088523e-01,5.001038708675841216e-01,6.970292625012954879e-01,7.824480219636972267e-01,5.984748901901827400e-01,5.336287038805874738e-01,3.287429844952391988e-01,4.839155469663188880e-01,5.531000002870465337e-01,8.409530598103189813e-01,8.926785153169701503e-02,5.542186704438863964e-01,6.466714963271147365e-01,3.651372338032708442e-01,4.324394666437452739e-01,8.111895459054747626e-01,6.876085596076305650e-01,7.076630784261148666e-01
8.739951618617104456e-01,9.955073892938411106e-02,7.942392100553263834e-01,6.184576036868009163e-01,6.643702191415656877e-01,-1.840255857077742752e-01,5.886791049354749283e-01,6.109196539494270439e-01,2.404811630413732915e-01,1.911427247074660718e-01,2.540106442543383358e-01,6.699493225180499500e-01,6.782201640253432418e-01,4.157353703388520505e-01,3.376365160518466496e-02,0.000000000000000000e+00,7.252025760547514688e-01,6.118172056631412392e-01,4.292951898823400003e-01,4.819303954134648293e-01,8.043319569361816468e-01,9.753654637494930668e-01,1.285722803574929629e-01,4.328146110337871555e-01,6.801543625971145923e-01,4.777941673520106347e-01,6.943839359804799827e-01,6.920711897406205404e-01,4.068042888547219738e-01,3.337091549430701298e-01,3.253384268438285210e-01,3.679101308796833836e-01,6.723359027448738701e-01,6.800530903325578969e-01,8.587620228497450103e-01,5.163913822717367541e-01,-1.981540614952873591e-01,4.972858012465057320e-01,4.023687741319135203e-01,8.931156216427978967e-01,7.192468789395345397e-01,3.758557469803891493e-01,8.035776525939638537e-01,8.677186686628799439e-01,1.586869385731131121e-01,6.900548877086997157e-01,4.238988581128368960e-01,6.834151935901269792e-02,3.345384750503324067e-01,4.647796965289635596e-01,4.453408127385893311e-01,4.641458411974621057e-01,5.237512613799898409e-01,1.720761863117709067e-01,6.302544863860970459e-01,8.079951506206621836e-01,6.777908583543457155e-01,3.677295354995963050e-01,7.845424895593501313e-01,5.828976513382069236e-01,7.686598275443641270e-01,1.459316580736832181e-01,1.376921746558999460e-01,6.211008861008933124e-01,8.763223595700302404e-01,5.945867910942508328e-01,7.912500095089851637e-01,8.430495491783928097e-01,2.387762805421378975e-01,7.092652519962231450e-01,5.584903802363139214e-01,9.401649025149159122e-01,2.419766512146599990e-01,2.193787288019090898e-01,3.272672953268987994e-01,4.479656435640940182e-01,9.094833112809853626e-01,4.294827344131849634e-01,3.953280847129440057e-01,5.309273617878760287e-01,5.752466260754511840e-01,7.919236858085623165e-01,8.237279606654100972e-01,5.679546300193825115e-01,4.283547070666789136e-02
9.429032129645693594e-01,3.708196014120515027e-01,6.206021392502845124e-01,9.648310224908497323e-01,9.514157892615422440e-01,6.678003887339407640e-01,9.756929473906813532e-01,7.236429047707777507e-01,2.374632232529268194e-01,5.327486205871013736e-01,7.736887033184455253e-01,9.228946124293407882e-01,5.753040295267235482e-01,9.392063705977454768e-01,9.239722546259329095e-01,7.252025760547514688e-01,0.000000000000000000e+00,6.472815845728415729e-01,6.501438190841892784e-01,4.259002133222280495e-01,8.084894430853102332e-01,4.432686333120067212e-01,5.160630681922591112e-01,7.453496768559193519e-01,5.324526054437124234e-01,4.865537830526285856e-01,3.944775294104077012e-01,8.143299004621602499e-01,4.540344899424890168e-01,4.760408702442512352e-01,2.870007226473493267e-01,8.097965438004436356e-01,2.677471701491809242e-01,7.115433487805520318e-01,6.834452685268439520e-01,2.903589034297938687e-01,9.709922754001201750e-02,8.772011733500701958e-01,9.056100734385417184e-01,6.941172314021507583e-01,1.515816376669892329e-01,8.682949129301371638e-01,7.947436664844939047e-01,6.551618654549413723e-01,9.352896700544579556e-01,8.106449092641020426e-01,5.614835796275925439e-01,7.406124646342268081e-01,7.946302175475180585e-01,5.455873251689625780e-01,7.319385348870879326e-01,3.618054746103029906e-01,6.922389892205568218e-01,5.810765500885157753e-01,6.512555759915126252e-01,5.634012963412935449e-01,5.634783240372209789e-01,4.737075251778189444e-01,7.377121321731467951e-01,3.206049243148815231e-01,3.042295570397782201e-01,9.709760385904442348e-01,5.772113328157373324e-01,7.744594698935470811e-01,6.959473265050789559e-01,6.765496802227511930e-01,5.059391620199606976e-01,7.394347374999008515e-01,4.923511382766926348e-01,9.119436559614725324e-01,7.082246247084145185e-01,4.607762521891792806e-01,4.067510938439313772e-01,7.453342117476823292e-01,6.565378906809627990e-01,6.947666581748775938e-01,6.529115456082078550e-01,9.917148241488731308e-01,9.801184523536156379e-03,3.451555817024557493e-01,5.508924599948918921e-01,9.639021991608569540e-01,7.713991375750934854e-01,2.297629316954154510e-01,7.061043809737529431e-01
7.668092248649663878e-01,7.269922681955447441e-01,7.816236043416020518e-01,6.530874647147182355e-01,7.068549635723206936e-01,7.373679313764837095e-01,5.460327103726465570e-01,4.832086274899501377e-01,1.364567017771602664e-01,1.107123052517053341e-01,7.034990627143449249e-01,6.061568745438008499e-01,7.794429821374111444e-01,5.198366085803166614e-01,2.203328851741623851e-01,6.118172056631412392e-01,6.472815845728415729e-01,0.000000000000000000e+00,7.366840679585802132e-01,7.031094121364727112e-01,4.283335063321117020e-01,7.414301815010422292e-01,3.167854654690712701e-01,9.085711561035544337e-01,5.037986792470060537e-01,4.761601710455133918e-01,6.680942742954192326e-01,6.544885285021876387e-01,6.762248968936189764e-01,5.052887858010606248e-01,3.679500158660431453e-01,7.003434627780817934e-01,4.649576492992352206e-01,5.896248980397491568e-01,8.605631222891330090e-01,5.636282120856530575e-01,4.097358371279747336e-01,5.472442549122189526e-01,9.276351148059558405e-01,7.569496691443634573e-01,6.505939567328050677e-01,6.067897495235081706e-01,9.147286910698549933e-01,1.722628775480169461e-01,7.990403146024381842e-01,6.261276691792266869e-01,7.216621574527595229e-01,5.506400298996317888e-01,2.121431059660875973e-01,4.023760835704293104e-01,4.735405794292887327e-01,5.759354166838399625e-01,6.451777525483020082e-01,2.510675434808493783e-02,8.965098050429247678e-01,8.221622964770047837e-01,4.682301525839697720e-01,8.937763246141356976e-01,5.963239088231158114e-01,4.934481946715082445e-01,4.277992020941585039e-01,5.159629307599751247e-01,8.020560739931285044e-01,6.678296776436553062e-01,1.088152038362349971e-01,4.585691705349902447e-01,4.246509874660674977e-01,8.258867820345867639e-01,4.997263391187777293e-01,9.697250542039479448e-01,8.840729381413190424e-01,4.765378584403209272e-01,8.865302320229531685e-02,6.757680887176096274e-01,6.862213966569247203e-01,7.476569346794073034e-01,6.141585548246399906e-01,5.261898960113327028e-01,3.882813364078499530e-02,5.729469596507175133e-01,4.316113075616896388e-01,7.661734225039485979e-01,6.135427769882050297e-01,9.771339402311259026e-02,6.515005777987636915e-02
