0.000000000000000000e+00,6.403474337816117412e-01,5.370411859310414426e-01,9.230729865934025336e-01,5.061316072960915236e-01,6.012748437021366854e-01,7.205954011044980456e-01,7.537966084847496084e-01,2.527526557451547085e-01,8.762740300629954238e-01,6.147112785687002257e-01,7.061657152200321308e-01,9.037528031668156103e-01,7.408086377312246285e-01,2.794084196760395766e-01,8.071633846310319882e-01,7.020653476304222762e-01,9.772601692668372309e-01,8.697818804827623929e-01,6.816362448939734531e-01,5.996246853530984300e-01,7.641195367144513195e-01,4.515094277143781865e-01,8.685837720116156291e-01,7.151927661762804700e-01,5.643803968484326639e-01,4.003128494022644146e-01,7.792224332292081446e-01,4.310408962870012073e-01,4.772790730415001903e-01,4.468336671711066743e-01,7.541297655661293176e-01,6.776686503881348411e-01,8.043305932178924644e-01,4.174217740505195007e-01,5.208489189444611700e-01,1.090667353548382436e-02,8.353909134830269645e-01,4.408400971478300678e-01,9.187800524661505763e-01,6.462536129714073763e-01,6.385961339235746159e-01,4.508939324728172271e-01,5.732875856680008653e-01,7.618403067141426011e-01,6.274463977256649061e-01,6.024459465996878649e-01,9.484347311976859540e-01,8.516023325983139713e-01,6.602755300634742808e-01,7.025276856880594556e-01,6.451652753926881978e-01,5.846542876388711729e-01,7.872963692488482712e-01,6.510245060051708110e-01,8.189977834802120160e-01,8.650784057994319598e-01,8.466768736912635429e-01,6.917003226884361755e-01,4.102945225122817119e-01,2.322660508205702523e-01,8.016331232705655729e-01,9.485580242858616673e-01,9.870003946067866796e-01,9.118600544834758459e-01,9.431252233820086595e-01,6.426350248672173526e-01,7.524897314662950532e-01,6.368039903503899257e-01,7.379751851837719201e-01,6.960280389215112162e-01,7.459462074036823376e-01,3.946129543585749078e-01,1.179024471411281860e-01,7.071866644870479224e-01,7.768997127144411374e-01,6.321644967374728807e-01,4.231172361740443977e-01,3.879553639783009933e-01,5.200521531728019564e-01,4.400793117021079004e-01,5.251390253598339219e-01,7.789340237446862325e-01,5.933389399332816838e-01,9.893339433694279261e-01
6.403474337816117412e-01,0.000000000000000000e+00,2.959145461643786779e-01,4.421200554786097747e-01,7.408334119479520474e-01,2.075999453958789487e-01,4.154199978076633104e-01,6.914823661922641085e-01,8.334987227581105440e-01,8.606794203923975317e-01,8.575173985092502393e-01,7.001870209280440793e-01,7.548699901174767968e-01,5.508091600385133235e-01,4.240105107064814915e-01,-8.627610146411632264e-02,5.638345977652849950e-01,2.848740899259839532e-01,5.031154971768379003e-01,6.588999332094046535e-01,4.357993642185455929e-01,2.550188031635678421e-01,4.418131925615060851e-01,9.294766341482132432e-01,2.839450769435566957e-01,2.738191840639544461e-01,8.869223641785105583e-01,8.257430650384821602e-01,2.396597238586390399e-01,1.515384549607565884e-02,1.905762720719928194e-01,1.960282255577530386e-01,4.168045067020967887e-01,6.823638807969453213e-01,2.925186831047582037e-01,3.750712561092724440e-01,3.625700563538848398e-01,3.493015377012885780e-01,9.383263480170207504e-01,8.753308839611074754e-01,3.463922745531459180e-01,9.571918694585084264e-01,5.536494380495236012e-01,1.466550902007576762e-01,6.720256084092797177e-01,8.377830918216415679e-01,4.856260425093183453e-01,8.855328328048099884e-01,4.443129198123751400e-01,3.297746876847648112e-01,7.689321081162667770e-01,8.281974563012832746e-01,7.264904637405815713e-01,5.403454102992821806e-01,9.015770550870060296e-01,7.950581116185088115e-01,9.546656673504714252e-01,6.522502352274580639e-01,7.654374149392786375e-01,6.343716493373957599e-01,4.140987797604530618e-01,6.480761770253415932e-01,7.220026737814347895e-01,8.399277899144019788e-01,7.131719944338893447e-01,2.079123925961784969e-01,8.004202934687233428e-01,8.463611752541250199e-01,5.646320891325520286e-01,7.764674225702200561e-01,9.509868093402820133e-01,7.488933756384748008e-01,7.834979985289161064e-01,5.135726115421246352e-01,-3.349881124262130139e-02,3.935846866022656432e-01,7.649383931967920214e-01,5.681641601270280839e-01,3.777807931625608573e-01,2.550524501236594577e-01,1.198240176025100467e-01,8.875600495217261798e-01,8.199218526242884053e-01,2.134338309603644734e-01,8.299575465962455434e-01
5.370411859310414426e-01,2.959145461643786779e-01,0.000000000000000000e+00,6.468662749950627733e-01,6.411143940819182818e-01,8.450861862452122564e-01,4.541180364430437710e-01,6.491106775133292928e-01,9.438506806634255897e-01,3.387267844056635058e-01,7.834280574680767550e-01,8.995601578143067600e-01,9.966369544949922332e-01,6.389171003300158080e-01,8.495233412613862889e-01,8.676404844293118535e-01,3.650795169049209088e-01,9.608538716148330439e-01,5.029254056143853679e-01,5.813439425563173835e-01,8.229013146870101103e-01,6.055358602801786949e-01,7.339001852658346703e-01,8.258547643875273625e-01,6.322163357801631189e-01,9.868282030070008037e-01,3.884510932937020877e-01,8.510526090037040525e-01,2.485363058901985944e-01,4.805364139103814325e-01,3.281441241957282484e-01,2.927779197957352531e-01,7.127297754736159341e-01,9.892908394917676596e-01,9.772377772497669035e-01,-5.967333542819727721e-02,1.081797690978054949e-01,7.158076348565677316e-01,7.463589008998211538e-01,8.116104464847609945e-01,6.856086352515296245e-02,6.666762428695641729e-01,6.184127193901337582e-01,6.214337758009835788e-01,5.033279603546096936e-01,7.336345884703137088e-01,8.211958728252298778e-01,8.617461268939400343e-01,9.705469778849178386e-01,7.830127204650718653e-01,4.202621502556134758e-01,9.231759687151558369e-01,8.958439589350584153e-01,8.860833094301527879e-01,4.610059144553715349e-01,8.098120785918612174e-01,9.644188272206347667e-01,8.687290064054302707e-01,6.206394434613954347e-01,5.113641320974318116e-01,2.413591828497762271e-01,6.608573579077576809e-01,7.756226970619513050e-01,3.181367616962135214e-01,7.812986546094529139e-01,3.333315660442164319e-01,4.780976346940707944e-01,8.472339147637998336e-01,6.137764221347136173e-01,5.381522397301035099e-01,1.921077012465585154e-01,8.690476863276990205e-01,3.391609532528586102e-01,5.385197302681690168e-01,5.385505740490654780e-01,5.837277144361765480e-01,6.504810836156165177e-01,9.766393286087349246e-01,6.786693013625693105e-01,5.630891851931708186e-03,9.657112168380375117e-01,8.263849417913761153e-01,9.210845583163702610e-01,6.096032062758712788e-01,6.148755656056502650e-01
9.230729865934025336e-01,4.421200554786097747e-01,6.468662749950627733e-01,0.000000000000000000e+00,4.410052301615421944e-01,5.873154411625107763e-01,5.494744921933000237e-01,-1.751511958303358096e-01,3.514008758109101738e-01,7.926063434150364406e-01,7.730167117442147129e-01,2.849819057117025101e-01,6.702508356962907365e-01,3.623709183690769775e-01,8.066355253522733415e-01,2.668619642636075318e-01,4.337059078689174396e-01,5.505813182194292388e-01,4.680310365410792484e-01,9.407242867910031725e-01,5.349416395569723814e-01,9.116824372360842199e-01,8.785957475474122091e-01,8.239159921593346425e-01,6.162378904800913659e-01,6.111218323671780972e-01,4.318456562582974056e-01,2.550354040116074028e-01,6.229277952349857594e-01,2.358992852937788209e-01,5.311857609963031024e-01,5.757801023286585052e-01,1.812581430014538197e-01,3.113594423694858171e-01,2.153298566388757718e-01,5.599147718200974122e-01,3.308004998127818397e-02,1.601034828206882865e-01,6.050910320059779135e-01,6.035124689015236576e-01,6.092880870490530176e-01,3.701961469874644473e-01,7.248533212626458999e-01,6.867537390024982535e-01,5.856521943243316874e-01,9.608686274365012547e-01,8.976116515473456792e-01,3.168779948463441576e-01,1.411828624893918527e-01,3.751035784828619102e-01,4.746338309890357210e-01,7.688502402186846441e-01,8.952544619101262535e-01,8.850550267468023646e-01,6.736613991721155381e-01,7.854718418578550132e-01,5.098780888915087628e-01,7.864857175839031767e-01,4.511674109354377182e-01,7.723990053976913517e-01,5.013964242698546458e-01,9.104735573114399738e-01,4.734406676744735976e-02,7.077829675086301231e-01,7.274778130630846773e-01,4.679473802406733940e-01,7.969641525328039489e-01,8.188317730082003143e-01,6.387440862165516542e-01,8.381496487447401833e-01,7.238447170114035156e-01,5.216921354676153921e-01,9.424802485455685552e-02,2.141153157608191582e-01,4.455709083628828227e-01,7.309891101279961667e-01,7.190316740310159771e-01,7.148749362356128234e-01,7.950577897063609845e-01,3.247673967208193346e-01,6.066701501478188874e-01,4.763658497083684829e-01,5.822666819271757888e-01,2.289257031045985324e-01,7.469787957164453207e-01
5.061316072960915236e-01,7.408334119479520474e-01,6.411143940819182818e-01,4.410052301615421944e-01,0.000000000000000000e+00,1.737388906629347696e-01,3.501253327715471153e-01,4.270230814208992864e-01,4.153782045160050451e-01,4.567321177450604508e-01,4.499291295641146271e-01,7.810821266957671538e-01,9.867094625478014525e-01,2.883990638167987508e-01,7.608432800318560840e-01,4.977606873603496185e-01,3.686947682281161986e-01,7.031341713422195605e-01,2.361810165547937324e-01,2.513012911513320402e-01,5.676661063855240608e-01,5.519208840553559980e-01,6.909951871287056679e-01,7.315463650099978121e-01,1.836845459831178140e-01,6.265830271104033677e-01,5.575424934773502983e-01,5.218040784749635730e-01,4.529040232027904955e-01,1.955327346978386061e-02,1.387867581768510161e-01,2.475455036765658312e-01,7.847313431843230269e-01,-1.870227275730985683e-01,5.354870284604156261e-01,4.099816433424747220e-01,3.061937857438981059e-01,7.784244206407293643e-01,6.139635634275858456e-01,6.482833088071261463e-01,6.577600957880600507e-01,6.485380333564496613e-01,7.093094594668263309e-01,7.786739591123917892e-01,9.742709629779935376e-01,4.357374147707783196e-01,4.799217650922809053e-01,7.178719744500434707e-01,7.368764809196608478e-01,4.653350468235677440e-01,4.098615839417095730e-01,5.177686147389886084e-01,9.154286149934178773e-01,4.721003030411148327e-01,9.735047195473891524e-01,5.707916562192245635e-01,4.209422798103257812e-01,5.992089167250185255e-01,5.477344456853723287e-01,2.476648006186475126e-01,6.603215965675564014e-01,4.808292057996428337e-01,8.824435308789402299e-01,2.284881773333407584e-01,6.212836628878470879e-01,5.274782649780630495e-01,7.701503784359807758e-01,7.728945804107636430e-01,5.465816498889809472e-01,6.634465664615067926e-01,6.501371192158914569e-01,1.626821530839331897e-01,4.476567753951130046e-01,7.639541088643931888e-01,7.847104323881554100e-01,7.508180201652526753e-01,9.728832808880140126e-01,7.560200658336284629e-01,7.559996215046949075e-01,1.129101924461868162e-01,2.829190423971942869e-01,2.848009580819829134e-01,7.068104924805869160e-01,3.436277436756883796e-01,7.677174592165288969e-01
6.012748437021366854e-01,2.075999453958789487e-01,8.450861862452122564e-01,5.873154411625107763e-01,1.737388906629347696e-01,0.000000000000000000e+00,6.845039092886039400e-01,4.559547007122436435e-01,4.427068193945686292e-01,4.339905843126483642e-01,9.250393732172352834e-01,5.658469773914152068e-01,7.004988466003542191e-01,4.908170948118733001e-01,6.679576055084744945e-01,7.601162189964318916e-01,6.330852669797484289e-01,3.663409358219821277e-01,4.427548288547143995e-01,6.799537712072006856e-01,6.602795193092831916e-01,2.768893405049914214e-01,8.907426803272808780e-01,8.112662361588901527e-01,5.473533392698497480e-01,4.414018723952810030e-01,4.695017672447748813e-01,5.371191464488345169e-01,5.295979393016407855e-01,6.161614639251745684e-01,3.582070323091965935e-01,6.001989293803370318e-01,3.129185409327565059e-01,4.609165917766363529e-01,6.410052758171961296e-01,3.207234550459647227e-01,7.643672933244034517e-01,4.478339145629039453e-01,8.596597230945799417e-01,4.578550369675227771e-01,5.531714449839197911e-01,5.166368207996770989e-01,7.745572763235499814e-01,5.292886895059639718e-01,7.530554218497388375e-01,8.029403915343892306e-01,7.129587538288691961e-01,8.855857507104182291e-01,4.715666348207190328e-01,3.602245607858178267e-01,7.037436165169939084e-01,5.125537878003864067e-01,5.650820650469148276e-01,8.313834355224535289e-01,5.046834344265855865e-01,5.504118489394447256e-01,5.867703033775023558e-01,1.430003402756257758e-01,5.634356511459355232e-01,5.086274324113307932e-01,4.686201921120581870e-01,7.741863195981455448e-01,2.340018580037001306e-01,2.049493456208040798e-01,9.039993389951920255e-01,3.270838749946565482e-02,9.109988464551579401e-01,-1.747744861554289542e-01,4.576434712300143093e-01,7.627986233782159120e-01,7.862513681471128280e-01,5.174753171689444597e-01,4.186484586967886834e-02,3.018675062527303443e-01,7.074344268104131306e-01,7.421226598561611043e-01,8.429618349757105333e-01,5.708270572254009467e-01,8.354614222930190071e-02,4.504898117641019106e-01,5.651428833347026393e-01,8.419957270682939532e-01,9.202363165020703839e-01,6.348110259683020784e-01,7.444155975454266327e-01
7.205954011044980456e-01,4.154199978076633104e-01,4.541180364430437710e-01,5.494744921933000237e-01,3.501253327715471153e-01,6.845039092886039400e-01,0.000000000000000000e+00,5.212543061562213698e-01,7.446166805829075308e-01,5.735265332873558108e-01,6.069941799244222835e-01,3.803223219905342845e-01,7.357193074982026904e-01,7.888420453489686235e-01,4.879146455273475347e-01,5.270986019237188236e-01,7.638687756731386003e-01,5.082850837441972303e-01,5.742620179135405900e-01,3.129936165383933599e-01,2.197010372909253550e-01,2.648340212237860203e-01,4.555484788142025177e-01,8.426244169810471751e-01,3.889282123015368464e-01,2.145338914741537206e-01,4.480889746837315446e-01,6.478841094367088216e-01,3.038517403042512166e-01,3.619952905729981740e-01,-3.328830215031529649e-01,3.371694521819398327e-01,6.388364631677729832e-01,6.905037758961518612e-01,4.072791992946654949e-01,7.853207094851973880e-01,4.214083750449580390e-01,7.877386921962721278e-01,9.538059358103577745e-01,4.974847479425927310e-01,4.339761762328969708e-01,2.303106753053184019e-01,6.524216179626650680e-01,2.301174839958577689e-01,9.102553164068277747e-01,2.458518487153988907e-01,1.590287433802040906e-01,3.637115897709888163e-02,4.677354311769501005e-01,7.972588236387651017e-01,6.983110488379028480e-01,7.779035975069186204e-01,6.241505522385590865e-01,7.265666474211894821e-01,7.904373358788534532e-01,-3.726843745703981026e-02,3.797569075764229418e-01,5.802082338201495215e-01,6.717069051144896052e-01,7.332512400063964653e-02,2.916047807473211573e-01,6.620020435217144339e-01,5.234933966521292392e-01,2.788861687533443212e-01,7.601289755581175367e-01,2.003624516837316794e-01,-1.726684496228927945e-01,4.064215020209378526e-01,1.829743132070947853e-01,4.964027322805397158e-01,9.515680387019176401e-01,4.307712024484013358e-01,4.793329950437248410e-01,5.158456882094731855e-01,4.792514224141030676e-01,7.878109097448403597e-01,8.004983863794926657e-01,5.692491844202738349e-01,1.649716235022325173e-01,5.841637361697319397e-01,5.850869687437403321e-01,9.637248298413242376e-01,6.982877669381669650e-01,4.936655244237238560e-01,5.520138264758408519e-01
7.537966084847496084e-01,6.914823661922641085e-01,6.491106775133292928e-01,-1.751511958303358096e-01,4.270230814208992864e-01,4.559547007122436435e-01,5.212543061562213698e-01,0.000000000000000000e+00,3.804963951686521906e-01,1.544186200496213413e-01,5.058918121151471103e-01,7.567779008294482912e-01,9.192608497090877240e-01,9.745492333044026845e-01,5.658281791178282338e-01,7.985122779576394603e-01,6.846399162518946868e-01,4.373921228586454824e-01,3.551775577893465652e-01,5.639156057324662408e-01,9.489229448919770382e-01,2.752466181284245472e-01,5.809845481349618090e-01,6.094087465876291132e-01,8.057926960724447196e-02,7.568206329823214951e-01,2.729433085860274999e-01,4.837635784966509145e-01,5.515810434356295255e-01,4.571256143337145139e-01,3.271819657695587136e-01,7.095775593467964493e-01,2.023064770331186313e-01,4.672031771617659590e-01,7.632292836840955941e-01,2.511644219424233326e-01,5.684915779569790772e-02,2.293769500849422438e-01,6.789543596518923807e-02,3.438239021748589197e-01,2.977749406933254406e-01,6.948050538408673260e-01,7.639857650262624755e-01,7.513059167265715432e-01,6.589843087456001003e-01,4.062908077960092901e-01,3.039235626554125380e-01,7.988716115083038805e-01,4.135135558600498973e-01,7.696221979261944623e-01,7.718718286620869229e-01,7.543168351436507768e-01,6.106266135096425351e-01,3.018455916322290156e-01,6.454878437643405409e-01,6.008267271252052399e-01,7.995403582711136936e-01,6.623424949273565288e-01,6.749341517129948675e-01,2.811487965991174010e-01,6.817291555878340903e-01,4.344099430947612750e-01,3.899410940167417627e-01,4.197619958087291936e-01,6.567366156128690013e-01,-1.547917256206797210e-01,2.297929716291666480e-01,6.454458788965944382e-01,5.134230860299305865e-01,6.984563872502835835e-01,5.786166733205200252e-01,3.113123713177365914e-01,4.383513471413924001e-01,7.268041169305723415e-01,1.328940772662863361e-02,4.305232666531745300e-01,8.297762629555615055e-01,4.923824995601702170e-01,2.803229991046981562e-01,5.629308575735956222e-01,4.185588274417226806e-01,7.239956061463554970e-01,5.974623896056771022e-01,3.871177398655662460e-01,4.806807939375200012e-01
2.527526557451547085e-01,8.334987227581105440e-01,9.438506806634255897e-01,3.514008758109101738e-01,4.153782045160050451e-01,4.427068193945686292e-01,7.446166805829075308e-01,3.804963951686521906e-01,0.000000000000000000e+00,6.672125224147238409e-01,3.003939157258811443e-01,5.141338508928517959e-01,4.592825853834303640e-01,5.580732056785303596e-01,1.091379881641512811e-01,8.708207714372637742e-01,9.500761979890085529e-01,5.986033840821680663e-01,3.212905974629001182e-01,6.331545310900318357e-01,8.929953678646760373e-01,3.829522314316602949e-01,5.873495006266643559e-01,8.028921030508826551e-01,6.809435723455398159e-01,4.511472318002716086e-01,7.263621367993229327e-01,5.576484823798796286e-01,1.854572278980568673e-02,4.148599819332955407e-01,5.828035631689558738e-01,5.674042046095508773e-01,3.446624013151876609e-01,3.117254994346047026e-01,9.302911268074571804e-01,2.443038883313486398e-01,5.781520945621885232e-01,4.392966666505492834e-01,7.875574305676660281e-01,5.890067488667011242e-01,2.655051567392552325e-01,4.737036824358740739e-01,4.764103708706107776e-01,6.492026768123193570e-01,6.910350992379294954e-01,4.820324465837114714e-01,6.199372640626844566e-01,1.686295806404625730e-01,6.948593845226380683e-01,5.990577648440771341e-01,6.892561333572135851e-01,7.875185809834743811e-01,6.808749470366296519e-01,5.440106780209453818e-01,7.761014240967170075e-01,7.303595016684921726e-01,5.281845241415229486e-01,2.855408634492513920e-01,5.496490923711243592e-01,3.138097639950870876e-01,2.577326681934521968e-01,7.363363104560118888e-01,6.621430775119913070e-01,6.545303827304711497e-01,8.210874985100787837e-01,1.459065215535800542e-01,2.332328919427038572e-01,8.547283059869460464e-01,6.303407982930034903e-01,6.370175382475979919e-01,7.059524842155174840e-01,2.918926541212855663e-01,1.826984147874707309e-01,5.151525623285954092e-01,7.491435879225292194e-01,4.981858658848888899e-01,7.596456633937697100e-01,4.770781844404908267e-01,3.100305109934639591e-01,5.469786854963765155e-02,5.113282896680307887e-01,9.412539351481624683e-01,8.909618038338701362e-01,6.764258028132692779e-02,7.644378095407027285e-01
8.762740300629954238e-01,8.606794203923975317e-01,3.387267844056635058e-01,7.926063434150364406e-01,4.567321177450604508e-01,4.339905843126483642e-01,5.735265332873558108e-01,1.544186200496213413e-01,6.672125224147238409e-01,0.000000000000000000e+00,7.922021614193952566e-01,4.193655203340755921e-01,3.370714633183117259e-01,9.677170893167108545e-01,4.653268210731569821e-01,7.232310084069735190e-01,6.740069929438290419e-01,6.931444236629611400e-01,4.857974520152725240e-01,8.564234894630204931e-01,9.229344174785377719e-01,5.145618447420874375e-01,6.115251564573235266e-01,5.205753415325268252e-01,8.537192180534476371e-01,4.601383221669074208e-01,4.200023887283150792e-01,6.426239792953700736e-01,2.265655567218039235e-01,5.059479479110384759e-01,5.443132277310240852e-01,-9.832521041377079163e-02,8.927563600462801174e-01,3.530419629162490081e-01,2.632354455537267990e-01,6.208537308766661766e-01,1.220771608113886686e-01,7.984531443583225974e-01,6.386888347279333633e-01,9.587828730650472808e-01,5.091375184935031939e-01,5.235066907523113766e-01,3.579358044243348691e-01,9.254210579198013376e-01,6.064214828342319175e-01,8.284676317097522391e-01,1.750513186315950931e-01,6.370621958516551331e-01,4.130034561780450697e-01,4.061040579174511334e-01,5.733377308207128209e-01,4.664513379804904880e-01,8.015916098565584180e-01,3.319445120020411144e-01,5.171288058998479986e-01,8.542316511859240347e-01,7.937874791049337464e-01,9.738822428986319002e-01,8.857245959348920561e-01,2.225371358479527606e-01,4.713295243001539014e-01,8.269203153259911954e-01,6.021298374107839635e-01,6.706837032018145850e-01,7.528380838129037356e-01,7.607364431343071054e-01,6.461540545201238661e-01,7.149475752820595442e-01,7.211632604961186743e-01,7.788255848900785816e-01,6.396590608988892424e-01,4.605219266568465475e-01,6.473564409643758344e-01,3.221726174451445823e-01,5.155388438780194038e-01,4.073800802626643125e-01,5.856626260096939873e-01,5.961295593705998597e-01,4.244775205371396631e-01,-4.227778081537095223e-02,7.273164064671304718e-01,8.448963670671687520e-01,8.075243630629875824e-01,5.187155482226131209e-01,7.491714149777168874e-01
6.147112785687002257e-01,8.575173985092502393e-01,7.834280574680767550e-01,7.730167117442147129e-01,4.499291295641146271e-01,9.250393732172352834e-01,6.069941799244222835e-01,5.058918121151471103e-01,3.003939157258811443e-01,7.922021614193952566e-01,0.000000000000000000e+00,8.746941856076412281e-02,6.710630833198140133e-01,1.847835864614342516e-01,6.065330752766946443e-01,4.061686922246516285e-01,5.418669878036942444e-01,8.530170387916383712e-01,4.961861358662748023e-01,1.896394582274564256e-01,4.209029859148132879e-01,7.369222904465332347e-01,7.159948067033986563e-01,9.335163802411671208e-01,4.236442944185332959e-01,7.501853486000925608e-01,5.299727301382504141e-01,7.148312782585338754e-01,2.857546408724302989e-01,5.977377340175197284e-01,5.104756839967516946e-01,2.609600710883760444e-01,5.172979012133617216e-01,6.493842258200505091e-01,6.501065500950974352e-01,6.769986855551499705e-01,2.045222830177607087e-01,4.477272809259587594e-01,4.956671139198253750e-01,6.161710732529428469e-01,6.399092437125741828e-01,6.193716924151863035e-01,3.067979861049112689e-01,5.124338038073225077e-01,2.726718741187754147e-01,7.267136889452423532e-01,5.211873897299726943e-01,4.801815224433568785e-01,7.927368685906428514e-01,4.275179080283431077e-02,6.905223347666211708e-01,7.362613202655740041e-01,4.054552253282493468e-01,6.727044261872716646e-01,7.274010620575601660e-01,9.874263613390700245e-01,4.066816704271932759e-01,3.011195858358353683e-01,4.788852246489112563e-01,5.358530219809370942e-01,5.727943674518223283e-01,8.663478745458382813e-01,6.203780011463836397e-01,4.356029628702668965e-01,6.147227183586094768e-01,5.763901837160582131e-01,5.497599138321587198e-01,9.295041784761989279e-01,1.543555279545207881e-01,4.999619758859618068e-01,6.825131598519548204e-01,8.929743285787639095e-01,2.349225972260832185e-01,3.630945366459235185e-02,5.581205608287594933e-01,8.361059302279932881e-01,7.164092465398110843e-01,6.223418470560098531e-02,-1.324080746173766920e-01,4.546973160681472836e-01,4.837499594735017450e-01,6.736166436217350117e-01,9.392111560196311215e-01,4.704539291347659691e-01,9.999260062725582321e-01
7.061657152200321308e-01,7.001870209280440793e-01,8.995601578143067600e-01,2.849819057117025101e-01,7.810821266957671538e-01,5.658469773914152068e-01,3.803223219905342845e-01,7.567779008294482912e-01,5.141338508928517959e-01,4.193655203340755921e-01,8.746941856076412281e-02,0.000000000000000000e+00,8.403152347312728976e-01,4.932498959575144504e-01,7.796796739056811587e-01,5.495024521397500195e-01,4.669635612551545911e-01,5.737901345680329612e-01,6.591433361481419118e-01,9.642752425699685492e-02,9.258770952419174138e-01,5.503021875994804635e-01,4.076580691294758307e-01,6.767240661575506522e-01,1.970553612653800357e-01,6.508427125519065104e-01,2.272959913505872565e-01,6.402087392633777629e-02,2.162735817051840426e-01,5.878532980670292396e-01,5.345517996352890933e-01,6.329971309653470435e-01,9.291443749974011013e-01,3.767178660976402416e-01,7.653510940968308862e-01,3.029516069248737731e-01,4.669565808294560139e-01,5.675017006476705816e-01,9.046938133424861084e-01,8.482012076422900115e-01,4.778005901289798518e-01,4.816159640611016313e-01,6.014986825519319513e-01,3.333643574648591512e-01,5.487537549670793435e-01,6.990959411909212218e-01,4.495148711798926389e-01,6.151387228431184351e-01,6.477321796461716907e-01,9.008021435433024582e-01,6.917609388945104021e-01,7.800697603901611821e-01,4.220010921852638264e-01,7.524084159081010359e-01,6.688303827150461345e-01,2.596432317868098139e-01,8.138036232450246432e-01,9.474990506285125846e-01,4.215002083587589543e-01,1.505055882628641428e-01,2.704913163597389425e-01,7.704143841440905804e-01,7.188105287706993973e-01,7.201338550601777966e-01,7.157605573752383599e-01,6.818934052269260970e-01,8.699098235051208050e-01,6.038300668651224168e-01,4.241066935281040950e-01,9.525370483923999432e-01,8.185552644160505320e-01,5.206389425218272970e-01,7.941009009948523101e-01,5.150992549641406626e-01,3.700719741104913640e-01,6.856900257485877281e-01,3.856696677107789295e-01,3.315577749230653737e-01,2.907957261074289312e-01,5.862405048825781728e-01,4.996471676101523207e-01,8.980115746226728923e-01,-7.828274270633991949e-02,5.432780616553988251e-01,8.734784676156980288e-01
9.037528031668156103e-01,7.548699901174767968e-01,9.966369544949922332e-01,6.702508356962907365e-01,9.867094625478014525e-01,7.004988466003542191e-01,7.357193074982026904e-01,9.192608497090877240e-01,4.592825853834303640e-01,3.370714633183117259e-01,6.710630833198140133e-01,8.403152347312728976e-01,0.000000000000000000e+00,7.986967587530839907e-01,9.070241487187348239e-01,8.685092782532887190e-01,1.916737871462226572e-01,7.818000314719113497e-01,7.776013925301359375e-01,8.514156662396071829e-01,9.522261729453517232e-01,6.082006927185203971e-01,7.984825319471151595e-01,9.768385551832822200e-01,4.256294461922363048e-01,3.949447584773339015e-01,5.934992724359948735e-01,7.267453876062401896e-01,2.251617706334872737e-01,3.928993840894353662e-01,4.888996763073386598e-01,5.522864383674852551e-01,6.552112869749540103e-01,8.049039121061779545e-01,7.320506919292149028e-01,4.873043955675460670e-01,5.213983713019615385e-01,6.317209313919891489e-01,3.339255350332495098e-01,5.765534842584004727e-01,7.696156969027138084e-01,6.510832447373049447e-01,6.280405196749165864e-01,4.263407761033063959e-01,8.480959848915273769e-01,-1.303409311245167235e-01,3.257274166952472960e-01,7.980516639953756375e-01,6.854144487099034233e-01,1.528097431529898409e-01,9.284060943970469104e-01,9.272906180935061027e-01,2.003246581552080852e-01,2.242949777256364463e-02,7.900841353882290807e-01,1.131637128412200100e-01,4.806690158557491710e-01,6.679564792598468026e-01,5.299182875920295244e-01,6.940170798752135495e-01,2.609269421941639577e-01,9.558548641582438332e-01,7.142594622592247644e-01,3.315739365484973167e-01,5.820030667245653655e-01,7.167635421060339351e-02,6.104161722401312273e-01,9.499001923164821504e-01,2.927740035479420855e-01,8.706180902211286821e-01,9.840179833807287668e-01,5.083430711392479262e-01,-1.363782598634685761e-01,4.098486839846705032e-01,5.569718709454567485e-01,9.738347455623689308e-01,8.757257726031845158e-01,4.802562277108103350e-01,3.889028895917874262e-01,2.663522135817407710e-01,4.475187014315641920e-01,6.001740167253841740e-01,8.049781316596060776e-01,5.859210140263335642e-01,3.377813338573499857e-01
7.408086377312246285e-01,5.508091600385133235e-01,6.389171003300158080e-01,3.623709183690769775e-01,2.883990638167987508e-01,4.908170948118733001e-01,7.888420453489686235e-01,9.745492333044026845e-01,5.580732056785303596e-01,9.677170893167108545e-01,1.847835864614342516e-01,4.932498959575144504e-01,7.986967587530839907e-01,0.000000000000000000e+00,8.370424339717430495e-01,4.193543458940316437e-01,8.437610053075914607e-01,6.765973153741352553e-01,8.655773399536170754e-01,5.714749606880069610e-01,9.434410108668188633e-01,8.694105301091784588e-01,4.284525351345526145e-01,8.360700880235379939e-01,5.919257415820726731e-01,7.946215932368152490e-01,6.317493666932657570e-01,6.746646582181290430e-01,5.308326276313326542e-01,2.667227825314922862e-01,-1.380624555161960587e-01,7.428028352221319741e-01,9.624733423370404051e-01,4.666018227558497156e-01,6.388612061765061023e-01,1.407288397019540449e-01,3.234082194084708095e-01,9.548985949246862059e-01,4.846659932543325722e-01,6.141297937196981138e-01,4.107983878359204866e-01,5.401763822256953063e-01,4.273765911753350522e-01,4.928835492032710430e-01,8.622741066008673405e-01,6.053218317126698444e-01,9.586197093782430345e-01,2.747960799616830929e-01,9.775064715928226677e-01,9.321129066664028961e-01,9.971977164605902999e-01,5.254624446671789517e-01,4.935839526733838412e-01,9.999053244524318540e-01,8.455353444865634227e-01,7.281542131859779499e-01,8.603884667951113840e-01,5.821419329136979792e-01,7.232109087114125812e-01,7.916328407115160726e-01,7.317583695528402377e-01,7.076468143785096254e-01,9.487396755700877593e-01,8.824099390312236668e-01,9.483197362155569854e-01,6.806391061458493263e-01,9.023382508098336530e-01,4.015853569024584457e-01,6.124446397807735698e-01,4.886639460720368922e-01,5.207255790299678555e-01,7.034535207923304778e-01,5.634025060780968319e-01,4.611656915197226980e-01,6.373249240129641446e-01,9.803413513681576985e-01,5.863154767839293680e-01,6.317068895527596650e-01,1.626666128710920964e-02,1.660044022120792384e-01,6.927223253092907873e-01,5.232115826344854170e-01,8.650111528223511925e-01,5.597493857663204953e-02,8.739716284518304068e-01
2.794084196760395766e-01,4.240105107064814915e-01,8.495233412613862889e-01,8.066355253522733415e-01,7.608432800318560840e-01,6.679576055084744945e-01,4.879146455273475347e-01,5.658281791178282338e-01,1.091379881641512811e-01,4.653268210731569821e-01,6.065330752766946443e-01,7.796796739056811587e-01,9.070241487187348239e-01,8.370424339717430495e-01,0.000000000000000000e+00,5.504239187565471703e-01,8.316650016355887631e-01,7.433739076945136137e-01,5.918595849779246798e-01,4.810737075509882166e-01,8.456306285415230439e-01,5.107985061820827788e-01,6.663727871436071482e-01,9.006834303157337240e-01,4.061178345561433992e-03,4.641216273207974807e-01,9.556242082273564975e-01,5.539856780191901309e-02,3.612590630953635973e-01,3.750516161795092174e-01,2.142019460148671672e-01,7.332522535040284506e-01,2.398278994596798053e-01,7.539972243871526647e-01,4.712298065800911706e-01,5.517460081964571383e-01,2.059187972722379412e-01,5.114120475363015395e-01,7.983224071076485684e-01,8.914559591386942428e-01,5.090231611091234898e-01,7.479342222025398544e-05,9.183145413424602665e-01,7.363169478419925307e-01,8.710486753206835298e-01,8.520146903163604568e-01,6.547462375438404258e-01,6.323182025855580424e-01,3.655398971428871491e-01,7.630593033353565424e-01,6.635731923021588319e-01,2.784962364590728642e-02,9.154879596172104117e-01,3.217777289187250256e-01,4.269817518502687648e-01,9.864964238040510036e-01,6.244565134177796351e-01,8.571790341990592754e-01,4.234538707846635108e-01,4.968145946602641194e-01,5.407271506964317354e-01,2.832895494289309202e-01,7.636907984844345521e-01,6.486769690887502771e-01,4.623637764062871747e-01,4.810218455865686860e-01,5.113437701070787655e-01,7.908890282888549894e-01,6.113152586458098225e-01,3.619523173999951160e-01,7.929810320210672892e-01,5.190526478175032654e-01,6.990766696796067992e-01,2.049556311471447678e-01,4.659798541051045073e-01,7.430706140920937397e-01,5.899501912504254708e-01,5.949339770803193650e-01,5.131562987099074213e-01,1.077538924153403493e-01,4.762304431562450202e-01,2.002044219203302222e-01,4.398199925673991206e-01,2.389280841488443385e-01,6.347042928879301771e-01
8.071633846310319882e-01,-8.627610146411632264e-02,8.676404844293118535e-01,2.668619642636075318e-01,4.977606873603496185e-01,7.601162189964318916e-01,5.270986019237188236e-01,7.985122779576394603e-01,8.708207714372637742e-01,7.232310084069735190e-01,4.061686922246516285e-01,5.495024521397500195e-01,8.685092782532887190e-01,4.193543458940316437e-01,5.504239187565471703e-01,0.000000000000000000e+00,9.389355666561839397e-01,6.561487867628862380e-01,7.323393357290397532e-01,7.941785360522937154e-01,9.052696032549173433e-01,8.755606016490585786e-01,8.849419923462094051e-01,6.893502188299028832e-01,6.345614990833846614e-01,7.391883361362044935e-01,9.149670727942090798e-01,9.584769698530664073e-01,6.200105002153544209e-01,6.415851963373057076e-01,2.651486793879114234e-01,5.004244986197317058e-01,6.300725173953050096e-01,2.261714518033975663e-01,7.251918868119913153e-01,1.374883652195252881e-01,5.447606592527567404e-01,5.713978936287726906e-01,9.126433085560091696e-01,9.594991215480864755e-01,2.261080015146344491e-01,8.247677584107528936e-01,6.114858637365174765e-01,7.198945892992758555e-01,7.991935993771717150e-01,7.996503469220825888e-01,8.066759041759270499e-01,7.755276332551319651e-01,1.069860856342645800e-01,6.061506399629943420e-01,7.664982521284079420e-01,5.190612625737127672e-01,8.142897562862517757e-01,9.867296461174230870e-01,7.098791304854628059e-01,-3.558614493347158625e-01,4.061229883348063674e-01,5.591003032568688802e-01,6.640104205095548329e-01,7.540099566577465051e-01,4.843732329587127627e-01,7.696079971552461929e-01,3.337611274203809986e-01,4.468556947337526952e-01,9.061867106829365470e-01,-5.600246713450354741e-02,6.334475375033924438e-01,8.780869966978436247e-01,6.697068636896055249e-01,3.510442574618686806e-01,6.609674203803982406e-01,8.694046559622935488e-01,-1.366639177489034074e-01,3.361031614083415109e-01,5.433784773958271197e-01,9.643102208521024676e-02,7.735589587789817312e-01,9.974349051888068418e-01,3.201066919183808701e-01,-1.190800554536325107e-01,8.853042826900140438e-01,3.003633595786742161e-01,3.922797343813752002e-01,5.233365275767145608e-01,8.777891913455959649e-01
7.020653476304222762e-01,5.638345977652849950e-01,3.650795169049209088e-01,4.337059078689174396e-01,3.686947682281161986e-01,6.330852669797484289e-01,7.638687756731386003e-01,6.846399162518946868e-01,9.500761979890085529e-01,6.740069929438290419e-01,5.418669878036942444e-01,4.669635612551545911e-01,1.916737871462226572e-01,8.437610053075914607e-01,8.316650016355887631e-01,9.389355666561839397e-01,0.000000000000000000e+00,6.604817871555312969e-01,7.929326293106786494e-01,6.040403973726840015e-01,9.387349321438487326e-01,8.417142350448495458e-01,3.057998349430377516e-01,7.023350249598704353e-01,6.812378210876856022e-01,8.274979170602577705e-01,4.424589462436490650e-01,4.676073783308811183e-01,7.108704490881819771e-01,-5.965842906808418999e-02,4.381206388620054182e-01,6.083645444359888632e-01,9.153227104550545334e-01,4.939605514765507133e-01,8.039717664537577857e-01,3.071052334529014161e-01,5.780904195697864623e-01,4.136946670955767291e-01,9.746653112155098109e-01,6.242210209110199415e-01,3.025498818894879482e-01,6.024340265824134066e-01,8.527790301085417246e-01,5.859837692452416480e-01,6.956863650181230874e-01,6.924814928956136706e-01,4.697394149642629135e-01,7.111217165339540625e-01,4.124179508940465366e-01,6.104496565272556907e-01,6.786155058137873786e-01,8.863837158515540660e-01,6.709333562484581792e-01,6.807097988573689307e-01,5.785776429097371221e-01,6.109619176944658392e-01,8.260238597651902159e-01,5.259242658208955756e-01,9.582387166165277081e-01,5.193399515987018322e-01,4.966925105798721263e-01,9.459951762882370385e-01,8.428542191580279397e-01,5.543868836531804511e-01,7.182484398081605548e-01,9.070020628262492890e-01,8.185812432446279985e-01,6.014742615645174428e-01,5.725345520733642335e-01,9.711585192930402011e-01,8.258939508354973258e-01,8.097223836147350307e-01,7.463567615582480386e-01,4.402122515234166977e-01,6.452665374997139658e-01,9.004980871218879468e-01,4.746419879742174719e-01,7.693581899091489484e-01,5.025214647406629487e-01,2.800657026062870480e-01,2.905193707550505211e-01,7.700421295848338676e-01,8.000800245467304395e-01,6.225974571895633858e-01,9.028562192085447524e-01
9.772601692668372309e-01,2.848740899259839532e-01,9.608538716148330439e-01,5.505813182194292388e-01,7.031341713422195605e-01,3.663409358219821277e-01,5.082850837441972303e-01,4.373921228586454824e-01,5.986033840821680663e-01,6.931444236629611400e-01,8.530170387916383712e-01,5.737901345680329612e-01,7.818000314719113497e-01,6.765973153741352553e-01,7.433739076945136137e-01,6.561487867628862380e-01,6.604817871555312969e-01,0.000000000000000000e+00,3.820629346865330733e-01,9.554058000965528485e-01,9.143149239770220760e-01,-1.583007629448792142e-01,7.442083389514242420e-01,7.998571788129962279e-01,-1.896543032277175633e-01,7.559512699165777949e-01,6.520444585740874377e-01,5.488699537824026642e-01,1.538043865297843149e-01,4.610988941208826741e-01,4.120719698955506161e-01,3.676204513279994757e-01,8.377403955462763285e-01,9.250858384157978342e-01,7.491532315071304238e-01,7.491936546921542650e-01,2.067640809217121123e-01,5.562913143861921705e-01,3.551838423267979494e-01,8.641279501334645508e-01,1.024750557262204542e-01,4.000451056181334453e-01,7.029805952581672512e-01,5.879689280557731657e-01,9.373022969196096454e-01,4.561022721152743209e-01,4.753988061018835642e-01,4.145833935359318767e-01,4.521346433469847215e-01,2.323567958143096523e-01,7.133698117584741372e-01,4.498825920792819955e-01,9.599634089886828203e-01,2.674593560204606146e-01,3.283133253352397141e-01,7.788731789450715759e-01,7.929531667788265459e-01,6.298724270383337931e-01,7.527627412322058786e-01,2.597336697934901073e-01,2.253619096643749986e-01,2.029325149442867127e-01,3.387143231507290242e-01,7.664420718651693276e-01,4.465687640693759564e-01,5.952744466926847000e-01,2.253919047853330804e-01,4.808952989991968630e-01,7.164304553094520411e-01,4.872224031062967198e-01,7.024440576215119636e-01,4.849455579588896614e-01,4.777150874894965926e-01,2.471641865767550406e-01,5.270421189670209117e-01,8.155942846977705107e-01,7.198044710568034521e-01,6.153134095050123431e-01,2.054653090951555905e-01,4.583520945936899738e-01,1.064784982301168470e-01,5.746955501604105176e-01,4.693106792922164816e-01,2.722038762310602378e-01,9.918126022695161748e-01
