0.000000000000000000e+00,7.544186249797927291e-01,6.006626997005323210e-01,9.507557175254770510e-01,9.035466690613905838e-01,8.278849030467703152e-01,7.939329922698197262e-01,4.486969012184024996e-01,8.038450141931721138e-01,8.400958190367413536e-01,7.123612143109487871e-01,5.847319325580218052e-01,7.077209920542603117e-01,9.898508455591186195e-01,8.935804224741122903e-01,6.590690539692960481e-01,8.891542316489962072e-01,7.892076887291188392e-02,7.965929626621368609e-01,6.872570395929407105e-01,8.598589655572705936e-01,5.791893273200445780e-01,6.465785692312093769e-01,9.401173283636731215e-01,9.210465148809858782e-01,6.449459334989270376e-01,7.771837065151864232e-01,5.096173006355176893e-01,2.702113364640272852e-01,7.396757455995269792e-01,3.898157879622144995e-01,3.052605543292017942e-01,3.822590990647576903e-01,7.912842679155369652e-01,8.022545241292808882e-01,-2.999654540308349659e-02,3.703742133766585454e-01,4.996848260918879125e-01,7.121958713294601617e-01,9.187266187328918532e-01,2.065735940615623656e-01,7.341926331918900983e-01,7.876688449963764604e-01,8.342981858740259327e-01,3.355328398345281404e-01,7.199269861120444203e-01,8.901387847029808009e-01,6.603143965416582439e-01,7.513025808229455427e-01,7.622695732355820875e-01,7.419943820435976889e-01,8.239520591248550296e-01,6.601392896402904498e-01,6.007485082227771445e-01,7.138016869222290062e-01,6.626626809257465389e-01,5.948760926791709647e-01,7.584920566209973902e-01,7.560782654579191187e-01,4.059520023650892151e-01,6.831200126901630643e-02,9.539372516236790389e-01,9.845964563089766308e-01,6.464034347457285890e-01,7.706510839154274983e-02,8.432905262657548473e-01,9.453735446957778343e-01,5.859830374407318798e-01,7.212146687888616459e-01,9.935990231743346834e-01,5.318773752348534556e-01,8.818197958550458848e-01,1.784786590320253108e-02,-1.990936231109124432e-01,5.108907432869987941e-01,9.211133862731547550e-01,9.186733313534320988e-01,7.012768434357297131e-01,7.288078350154261198e-01,4.573880505891221304e-01,7.134249138644049859e-01,2.422700456350211640e-01,6.810717569318205378e-01,5.248777475095786071e-01,6.120506487039002463e-01
7.544186249797927291e-01,0.000000000000000000e+00,6.714301681632279806e-01,4.433188733496695177e-01,6.166949999338318111e-01,4.290020787522570989e-01,4.957638709800626931e-01,6.738835550282119558e-01,7.133477659429503515e-01,3.262520901437842569e-01,6.379423964365438238e-01,5.719480627062702993e-01,5.492952998958831046e-01,9.229563433217792268e-01,4.157423225682138623e-01,3.811927058374256494e-01,4.053481517935924039e-01,6.607980565370120685e-01,6.314236810187959792e-01,6.946416174620387851e-01,9.274229082048239814e-01,1.976633801464551254e-01,8.931166223732238674e-01,5.043410391876916865e-01,2.790080630813563944e-01,6.436722247649098172e-01,6.542625412932224771e-01,2.850119951106701577e-01,6.759718353443059380e-01,5.917792780793176277e-01,3.375828367265574226e-01,6.418331764720467403e-01,2.001431703633215486e-01,7.717694648212413133e-01,7.777431922483240001e-01,2.456385714468440340e-01,4.620532730146691969e-01,7.475153352708572285e-01,5.758744631001958547e-01,8.184260471227438050e-01,7.808067823623380255e-01,7.946093630478019421e-01,9.723542000112067596e-01,6.175091219783378493e-01,6.967440300205298698e-01,7.274990923393243047e-01,6.962468573815907558e-01,9.970532618406857672e-01,4.530824910217443047e-01,6.626523640770315415e-01,3.213106265367320358e-01,8.908259489378176355e-01,4.462418291525571123e-01,4.966928743003823365e-01,4.549322923773045368e-01,7.889674570965214961e-01,9.477053910492300171e-01,4.242396497369733122e-01,7.070062877309041260e-01,3.735231656424820024e-02,6.014322245335446127e-02,6.329333676214734528e-01,8.971821191666395912e-01,4.112857077672494865e-01,9.221734616111736393e-01,4.518366463398084121e-01,8.456181214680227320e-01,9.073483410942104754e-01,4.172267090629187547e-01,7.251821286791639842e-01,9.623363389208923202e-01,6.484605418336809590e-01,2.084183463264996650e-01,5.106969496643624096e-01,4.681055155955738956e-01,6.089388801403018414e-01,6.168729188121732099e-01,7.055328238638958194e-01,3.653856305440692509e-01,3.678366346408152299e-01,5.892268565294522809e-01,3.330303553603757294e-01,7.072546352240403067e-01,2.739675051414163787e-01,7.641681600636593963e-01
6.006626997005323210e-01,6.714301681632279806e-01,0.000000000000000000e+00,5.247100243215248039e-01,4.979117691551666613e-01,4.440494154987992825e-01,6.989792184772287698e-01,6.441530418413675685e-01,5.065753244025308355e-01,8.305448267666339923e-01,8.795279050185671466e-01,9.794547057488083297e-01,8.394653022264985109e-01,7.388250856704130509e-01,7.515155950016098041e-01,7.086885412374293036e-01,4.842343528178442158e-01,8.946372316881127107e-01,6.949827587841240772e-01,7.514941436134512376e-01,8.535678787563810710e-01,7.846074730963586985e-01,8.913142920626229149e-01,5.366403800119848855e-01,9.846723975396628470e-01,6.124833655774062358e-01,7.452647590050800464e-01,6.142840861115287376e-01,2.167191491937796310e-01,7.117934603478187627e-01,1.092435845106099618e-01,9.627708115035754632e-01,6.751421699902628859e-01,6.353409730083547924e-01,9.626061394524014769e-01,6.057139781427903769e-01,5.251293253442975706e-01,6.283098010781804632e-01,6.290007210133988780e-01,8.886406886564915952e-01,2.617507647591632014e-01,5.632412546012193211e-01,6.006209928750084748e-01,9.355982523524656314e-01,7.874987229156962254e-01,6.086370960919962325e-01,8.692579882480789832e-01,6.773970317675382935e-01,9.346963073981899850e-01,6.215345326972195883e-01,6.122863743889033206e-01,4.966327412968707389e-01,7.228672917437765078e-01,8.380477588981368742e-01,7.278119943510672485e-01,8.469104838557747206e-01,6.066801332301297034e-01,9.732272315854226807e-01,5.058960539643552190e-01,7.583111186895112876e-01,6.375368096566947917e-01,9.989828763929655686e-01,8.786810836135789948e-01,6.200854526410961576e-01,9.277953191725133442e-01,7.323854079682825535e-01,4.768168639976092527e-01,8.017384295289341489e-01,9.456024343210678307e-01,6.294293976546978531e-01,7.952813570661865228e-01,2.424212355965897348e-01,4.909088555860018355e-01,6.423345493223681091e-01,5.260285347687689850e-01,7.067284743960769999e-01,9.570752019051653736e-01,5.091450518922164825e-01,6.198815899529818152e-01,1.744404236895789606e-01,6.884105207441103547e-01,6.979737585999910010e-01,7.104818298047784753e-01,9.615768131008075592e-01,8.442021268581832993e-01
9.507557175254770510e-01,4.433188733496695177e-01,5.247100243215248039e-01,0.000000000000000000e+00,3.794916930953883272e-01,5.768335723784214775e-01,2.272133313807243593e-01,6.304892615152788427e-01,6.941866763946968888e-01,6.632728263533732571e-01,6.919788462077254287e-01,3.283619811803611954e-01,6.428029212645554047e-01,9.858767385787761128e-01,4.240651166689621832e-01,3.105944625297784034e-01,1.540749657651287463e-01,3.169813089935893391e-01,7.629877802990592262e-01,7.327354940526763505e-01,7.905104763271409984e-01,5.181282791772223728e-01,9.151219973088985382e-01,6.181438914809014307e-01,7.746876695225048959e-01,2.702666749889587328e-01,2.668938166313693516e-01,7.090109210026319664e-01,5.416851844202723587e-01,2.159225967243283417e-01,5.540835817356333237e-01,6.698084071373768822e-01,9.205651553220631778e-01,2.814934597851084797e-01,3.807570489162221961e-01,4.603106147337494847e-02,4.452125591927365567e-01,6.519853745863029015e-01,7.293078112385227296e-01,7.591377264152107118e-01,5.595073888953827623e-01,6.472385478988283980e-01,9.471008317075593208e-01,7.029655747066638760e-01,9.671111150468697515e-01,4.514748021837320380e-01,4.314024719586717627e-01,4.732137123275471646e-01,4.633691024137795988e-01,5.469830669993648309e-01,8.353022438136308292e-01,7.992141252159281617e-01,6.321343842083940734e-01,7.566852430898527437e-01,9.448190456942189286e-01,4.795372636518089315e-01,7.047398889310612091e-01,4.166592402283119667e-01,6.140595404063016183e-01,3.286921092518488852e-01,3.628528397705999553e-01,5.102187720450038766e-01,7.580901414906151548e-01,4.194314539859655411e-01,5.429290393938532855e-01,4.141149878016336938e-01,6.336616516038501290e-01,6.899835559200382384e-01,8.925180741085590730e-02,5.335315072209831921e-01,7.825363341000179940e-01,6.314553712263855090e-01,4.846655135989471064e-01,-1.887858603429602433e-01,3.243354159481220966e-01,8.557304130960405875e-01,9.695986619487124702e-01,7.064056002887689201e-02,4.025516986315745838e-01,5.427079976548360163e-01,5.546627199598614943e-01,8.303894831113921571e-01,8.759871483138850223e-01,5.010126641903954736e-01,8.702752486708313917e-01
9.035466690613905838e-01,6.166949999338318111e-01,4.979117691551666613e-01,3.794916930953883272e-01,0.000000000000000000e+00,4.908055901444052793e-01,2.091528064110419541e-02,3.303509634266534878e-01,7.333742143288113358e-01,4.710922653855580400e-01,6.045702543231590287e-01,2.019226060760853092e-01,9.413560392736872728e-01,8.170140491831652252e-01,2.163770667554930083e-01,2.022861639225957131e-01,5.625655635441638713e-01,7.981024183778582248e-01,4.338020699578375855e-02,5.176079426015995910e-01,4.374237268563472281e-01,7.728856232182755859e-01,7.462290066884412765e-01,6.245634433051304724e-01,6.641237094670452423e-01,8.017194379326942899e-01,2.747518942605094439e-01,7.563134994860624127e-01,3.848598010241823797e-01,4.651885467136240293e-01,4.401768467786275618e-01,4.998261859501934579e-01,6.143813017957564515e-01,4.680130224162057928e-01,8.548180814245939230e-01,5.952512539034014033e-02,1.511821946852715814e-01,6.437375284618781501e-01,4.297721487671430918e-01,6.207033888827240276e-01,7.634001175062455485e-03,3.922467952002831604e-01,6.310987511959696983e-01,4.010825604303938086e-01,8.694284819807461817e-01,8.891125573590213937e-01,9.101899588452472267e-01,7.053461758169939921e-01,4.696607595432647497e-01,7.345296052286112154e-01,5.528582437747815437e-01,6.130665723198549522e-01,9.672226368298786348e-01,5.889266055837308889e-01,8.914295183214352436e-01,5.489214802618360700e-01,6.103775995421389933e-01,5.771375192958903000e-01,-5.878337970746119745e-02,6.337313209965947935e-01,5.098536683268379832e-01,6.429102964043735824e-01,7.969661596810067028e-01,8.167366941858003049e-01,4.768108340778869914e-01,4.391760652813874594e-02,5.494209194809354102e-01,9.257460129553886086e-01,6.715147254176351277e-01,8.531321520545387393e-01,1.085991882385239360e-01,5.790444328147333897e-01,4.960844595467160389e-01,3.531016117051078984e-01,2.681564796273585016e-01,6.955894181414479238e-01,9.162186031139996079e-01,2.585062537003063321e-01,1.300399559742628497e-01,1.158933746267948178e-01,2.299395760269351274e-01,7.584610853051920731e-01,3.945051118545156443e-01,2.189610897109147136e-01,7.991428593062995800e-01
8.278849030467703152e-01,4.290020787522570989e-01,4.440494154987992825e-01,5.768335723784214775e-01,4.908055901444052793e-01,0.000000000000000000e+00,5.392486934181078828e-01,6.714431009822151575e-01,3.422307206529576207e-01,7.406315402857945873e-01,6.598991980884709729e-01,5.029822520898253879e-01,6.981261924089278148e-01,4.612399915004099515e-01,3.758121822859318284e-01,6.427415088499148776e-01,8.826036551710804146e-01,4.770301887926222673e-01,5.345406621470345510e-01,7.966241836769635265e-01,4.411218868414584215e-01,7.891974116091651226e-01,2.536873564774759782e-01,8.759954754263409304e-01,7.011163117983478799e-01,4.798388211286906402e-01,6.868950313045659728e-01,6.446908356979917931e-01,1.467544146768445523e-01,-8.366807416727717328e-02,2.335323625365169908e-01,5.305492428177800424e-01,6.198408632851137856e-01,5.588717853169677952e-01,7.051115678901693773e-01,5.515369954958468934e-01,1.568786510375342336e-01,5.720337930167749274e-01,8.712874927213778431e-01,4.293840168498167520e-01,4.169242033931903624e-01,5.230571932851639794e-01,6.379040740459511749e-01,7.090531763329935844e-01,3.243876652858257437e-02,5.767548195569970337e-01,9.512484759721967498e-01,7.603871046493051455e-01,3.332107406923383586e-01,7.326704195156369392e-01,2.248568663662696976e-01,7.260413671528237467e-01,6.266061895545013138e-01,3.978656542070797553e-01,2.970382322644147255e-01,9.168747875299522176e-01,7.960479080978839495e-01,5.981235068199328708e-01,4.002267389173028711e-01,5.305113541768526897e-01,4.242902189656271861e-01,6.412731741168786748e-01,5.945957580890478544e-01,4.759968182647398294e-01,5.183065143747463965e-01,6.658979936422225743e-01,6.539240781697664984e-01,8.465552737010552109e-01,4.978223236507552385e-01,6.166466163427536396e-01,4.552372701934692678e-01,8.717721606521788846e-01,5.017369346451734380e-01,2.745422030886537357e-01,2.663446957065846998e-01,5.812989078325716541e-01,7.803616963244126570e-01,7.341299559950443809e-01,4.896320938837438463e-01,2.914748242344725737e-01,5.073459597612977046e-01,5.078462439491849834e-01,3.839144692178764751e-01,3.464219879087876985e-01,7.706682314770041398e-01
7.939329922698197262e-01,4.957638709800626931e-01,6.989792184772287698e-01,2.272133313807243593e-01,2.091528064110419541e-02,5.392486934181078828e-01,0.000000000000000000e+00,6.197415756659844233e-01,4.781766799269437374e-01,7.699205874831530627e-01,3.108753245190440939e-01,3.230823335100391769e-01,4.681402501640946068e-01,7.241196132762183213e-01,7.312268697195107858e-01,4.321178238034524832e-01,6.272265776489096556e-01,6.686617260442195843e-01,6.921170745230066368e-01,4.707055749436158676e-01,2.994543916644670789e-01,4.772701848277184911e-01,1.619948894814514651e-01,2.760335366609121266e-01,-1.495134916645290135e-01,2.547041745225487874e-01,1.413766509853250086e-01,4.595628123593067382e-01,5.934489278574464066e-01,2.652072552009645534e-01,3.244381318157524841e-01,3.938096018434459333e-01,7.623439633007053073e-01,2.945791727452687359e-01,7.877973102026479824e-01,1.893845494326635015e-01,5.072348968595907781e-01,4.679017975142150121e-01,5.163807294090944078e-01,7.999206462318386723e-01,6.593629722110063707e-01,7.953524491706627231e-01,5.776697297093759120e-01,6.458403016137949093e-01,5.619274838239570746e-01,-3.435088729865276025e-01,7.701693903729239787e-01,2.784569619511867988e-01,5.986514485244206485e-01,2.539146871884046530e-01,6.325904687883550093e-01,6.363879948170638734e-01,7.608636587763021319e-01,6.757580135795011600e-01,5.052327624180804611e-01,5.176735771125672292e-01,5.759787620238883132e-01,5.129709250487803907e-01,8.760719675070578472e-01,4.897633482088065149e-01,6.607105705968963072e-01,3.438744084113525695e-02,9.370027071708189048e-01,5.675113481451071751e-01,6.229738678012957109e-01,7.944033952355602501e-01,5.333226380157440882e-01,8.758078761478043095e-01,7.493577251812124640e-01,4.177545289316988431e-01,4.171538363881717726e-01,4.706710938961702340e-01,7.954343486911206185e-01,5.075819559257097602e-01,4.068558095308481004e-01,9.167862746525204387e-02,3.237287418480342405e-01,4.315992285346531565e-01,3.573753182392018779e-01,4.470066476745775952e-01,7.331175317032465610e-01,7.221666498106537047e-01,6.998575879089456997e-01,3.090233111885896666e-01,6.080122499266545910e-01
4.486969012184024996e-01,6.738835550282119558e-01,6.441530418413675685e-01,6.304892615152788427e-01,3.303509634266534878e-01,6.714431009822151575e-01,6.197415756659844233e-01,0.000000000000000000e+00,4.973410365685071444e-01,6.430039913290472864e-01,5.482402588463226589e-01,5.965093826803891108e-01,4.643253073085657490e-01,4.691777801966728889e-01,4.304956814047284919e-01,3.483334385896483809e-01,4.858111142781982861e-01,6.030809530278209429e-01,-2.843650578455224065e-01,5.268152415280560330e-01,7.146982290689655182e-01,5.404728921929156105e-01,2.982464208006365691e-01,5.043594854141290051e-01,2.061631732448972187e-01,5.779367783336825104e-01,6.080776899340474273e-01,4.344306112349970439e-01,7.509571309640608039e-01,5.637984337663888290e-01,5.877333774440616221e-01,1.904594021517266311e-01,7.313276409161851843e-01,1.271487140638103974e-01,3.863480466995899976e-01,4.949862977179316226e-01,5.879344986377316173e-01,7.421429882453955962e-01,4.065055901636988045e-01,6.616140884629340135e-01,3.419176848781628753e-01,4.960180883197170543e-01,3.961252876196977857e-01,5.648362370944527422e-01,7.971566621568522137e-01,5.701521006783389911e-01,2.935122580793256830e-01,1.187710183714311696e-01,7.782946290283891955e-01,5.665220000344852735e-01,6.465240655194343100e-01,1.924081779321048791e-01,4.959894217749912793e-01,4.928845549375355795e-01,7.730726066926272289e-01,5.173786700196656430e-01,7.513947102576050696e-01,1.159195288812586710e-01,6.959735739751967687e-01,2.494771372294328840e-02,5.316114873135444618e-01,4.326232247161088118e-01,5.135321815670377266e-01,4.202995549815164988e-01,3.883509567732484902e-01,9.514404556454691964e-01,8.772741219872155494e-01,9.181763788238351820e-01,5.820700083066133734e-01,7.412127941185363555e-01,4.314414519407680504e-01,4.707238361129389981e-01,6.438474289798409300e-01,2.091966787244238513e-01,5.119962256214815044e-01,7.779291203702909385e-01,2.985687503086530414e-01,2.654271140006069229e-01,6.438723962948715851e-01,2.941480601575332532e-01,5.433812015914433191e-01,7.855226630776395158e-01,7.332465095402255217e-01,4.522704844660789258e-01,5.397457139276887195e-02
8.038450141931721138e-01,7.133477659429503515e-01,5.065753244025308355e-01,6.941866763946968888e-01,7.333742143288113358e-01,3.422307206529576207e-01,4.781766799269437374e-01,4.973410365685071444e-01,0.000000000000000000e+00,5.589779324190846665e-01,7.618592527262377789e-01,3.746956990239177498e-01,3.720788822595679779e-01,7.981578560472410988e-01,2.833286787725179945e-01,6.601997046395625679e-01,5.363712262137212416e-01,1.080959803016978971e-01,4.525630356261677312e-01,6.954063453719477872e-01,6.461899985478031239e-01,7.240891274099501285e-01,7.844327864325045807e-01,9.346804660236351925e-01,7.276141725107516667e-01,3.447495253556812633e-01,5.666625207434269340e-01,7.290661296663329960e-01,1.782260414561072648e-01,6.104647934461433501e-01,5.061789016617985748e-01,6.594054620625666718e-01,3.028098572134421129e-01,5.295403162213758730e-01,1.436024990045575433e-01,3.583490311499109016e-01,2.821462655037396128e-01,1.148742533146096621e-03,6.941059234714985759e-01,6.889502971263983255e-01,7.423331621143285097e-02,3.800487654000676008e-01,9.801794751595712674e-01,1.830591835458040273e-01,6.578482302210104660e-01,4.533066273715452565e-01,3.140860677294720071e-01,6.131764666596011271e-01,7.970182370552163498e-01,6.797444993318428885e-01,4.486474765838465717e-01,5.315895775679200241e-01,4.504679453582102755e-01,5.732992503081020264e-01,5.363987179201593625e-01,7.162338574536807334e-01,2.956080778101063955e-01,7.209040859858157901e-01,3.834259745648475048e-01,2.205914732158796021e-01,7.208465274744957352e-01,7.267358301713220392e-01,4.952074704042513931e-01,9.894268556398475578e-01,7.364787405483711469e-01,7.095670457799767572e-01,6.657566603117586190e-01,8.646608448514201406e-01,7.958148353208239767e-01,6.232863779483563960e-01,8.146346385305779370e-01,5.127217722960093482e-01,7.963616457767934698e-01,2.569296779042492540e-01,6.630179745066303587e-01,5.737233121968496885e-01,7.883684113652651426e-01,5.676174166448338942e-01,4.731830826225081332e-01,5.460055043786740114e-01,9.442416287759585192e-01,5.913346467699762687e-01,7.403709643615435931e-01,4.566197536622579878e-01,6.224002740501055619e-01
8.400958190367413536e-01,3.262520901437842569e-01,8.305448267666339923e-01,6.632728263533732571e-01,4.710922653855580400e-01,7.406315402857945873e-01,7.699205874831530627e-01,6.430039913290472864e-01,5.589779324190846665e-01,0.000000000000000000e+00,5.336412482718710937e-01,8.449054995039100291e-01,7.131119823091912613e-01,5.865615657079905620e-01,4.437256716644328858e-01,-1.821121659160348516e-01,9.200722875690598990e-01,5.949824732140935879e-01,9.825685685918401635e-01,4.676393119452542102e-01,4.077280358359487433e-01,5.549902684927215946e-01,9.999561681069284447e-01,7.460521827279862350e-01,7.474450731934569880e-01,8.905026555223981566e-01,2.708245445737798573e-01,7.693931976346239932e-01,8.360778018309616977e-01,7.112117871163844418e-01,4.524953351525617395e-01,4.828646532979410932e-01,6.632362074589536194e-01,7.713860173068206594e-01,7.419587442816941714e-01,7.335522633009050608e-02,1.916254791008993041e-01,5.570723955617544743e-01,5.453707079232441579e-01,4.642742154687501954e-01,4.345051021741012098e-01,5.306906099796221410e-01,9.558868835425411437e-01,8.430169958530260299e-01,4.964577064573307830e-01,7.764689220125933211e-01,6.452895382357120013e-01,5.186748675843223522e-01,5.664065347194029432e-01,6.739572091175638491e-01,5.997180013762798412e-01,7.949191102057311387e-01,3.377160301560643285e-01,6.467896017950569565e-01,5.209300092522243242e-01,7.194227615319839231e-01,2.963405510025834411e-01,6.328185052189854165e-01,5.559506435052283813e-01,5.098209091302257079e-01,6.899206061004560242e-01,9.930872167155784247e-01,4.037553419326599391e-01,9.454556717092704732e-01,9.408094395554300604e-01,7.175138819474548013e-01,4.687792315761016848e-01,6.577372840102437834e-01,4.536211648980489897e-01,4.204358889226602058e-01,2.454623953979043482e-01,7.171125930872598309e-01,6.279800474252634768e-01,4.018334164717882739e-01,5.789657303268868072e-01,6.352703651080680025e-01,5.410573493407365708e-01,3.273826570286265669e-01,2.009596037048118344e-01,5.631069292591991404e-01,7.855996573934131977e-01,7.099138410477545680e-01,1.821545347069726539e-01,3.129607238005980285e-01,4.613303181415598364e-01
7.123612143109487871e-01,6.379423964365438238e-01,8.795279050185671466e-01,6.919788462077254287e-01,6.045702543231590287e-01,6.598991980884709729e-01,3.108753245190440939e-01,5.482402588463226589e-01,7.618592527262377789e-01,5.336412482718710937e-01,0.000000000000000000e+00,5.067523427830107341e-01,3.336503424470949053e-01,8.742008329621455687e-01,7.177028924353536787e-01,7.736800780288446422e-01,4.599690456906703195e-01,7.019509812695584605e-01,4.809583003263494527e-01,9.644874888355978726e-01,4.617504920277410996e-01,5.738102051162055073e-01,8.493441031737316571e-01,4.323848169207510916e-01,3.463706791123598583e-01,9.393670134961936702e-01,8.850694001842610570e-01,9.768637417857095606e-01,3.156556489808070021e-01,2.269593399199837935e-01,7.080083662920128029e-01,6.724308536133842829e-01,7.174423574543793425e-01,2.577091492790081206e-01,5.729768496238951681e-01,7.096490305341414395e-02,4.586868732671129378e-01,5.261155803354815585e-01,4.718993670508794258e-01,4.743684301218694666e-01,5.527592007287140952e-01,4.652714999123430673e-01,5.843765517732080195e-01,2.941197354552251286e-01,5.740542719398302740e-01,4.156871080815743857e-01,8.242812661598826196e-01,7.673242572974092734e-01,6.351239907819317132e-01,2.791153233647225562e-01,7.575991925289669027e-01,6.090902526307528930e-01,6.753888499030371584e-01,4.625572095388768568e-01,8.015366460857392683e-01,6.736280372408630646e-01,4.649029940034216657e-01,8.197383032172573802e-01,5.581544449376296679e-01,2.681231368525515690e-01,6.475481554527569017e-01,8.307090931429826630e-02,8.807320990992746346e-01,8.715445332614317753e-01,9.755343419580208009e-01,3.382375178023180329e-01,9.060800392356311850e-01,6.118610367021121155e-01,4.284887350230028868e-01,4.117745042021801471e-01,6.210928301354392556e-01,6.440410984767127589e-01,5.106619287235432125e-01,5.561531066505035481e-01,2.299257075045734733e-01,6.891110603670105306e-01,4.551061464181699323e-01,-1.528467311884131874e-01,6.342361700348876363e-01,4.904525783311681764e-01,5.788989732122824527e-01,8.974423898275990519e-01,6.868224624233030262e-01,6.880645615627201117e-02,1.237279584661846316e-01
5.847319325580218052e-01,5.719480627062702993e-01,9.794547057488083297e-01,3.283619811803611954e-01,2.019226060760853092e-01,5.029822520898253879e-01,3.230823335100391769e-01,5.965093826803891108e-01,3.746956990239177498e-01,8.449054995039100291e-01,5.067523427830107341e-01,0.000000000000000000e+00,4.184202791427096835e-01,9.886900998186936018e-01,7.167709942365042552e-01,1.286843540548037734e-01,3.829114597088916216e-01,6.906896516211125103e-01,6.935459343537450083e-01,5.982155523270307196e-01,7.598253213584826860e-01,4.255418892982029133e-01,7.310715122155465595e-01,9.266183562431672405e-01,7.495563707366389439e-01,5.731210996539628511e-01,6.697860997303541897e-01,7.484210898394783040e-01,-9.791368819528709078e-02,4.344173352353700723e-01,3.204691980222332814e-01,2.872560641552601712e-01,6.129094657542342173e-01,6.203191410914358217e-01,4.655053957049195557e-01,4.086761964581197559e-01,5.382468242834360650e-01,2.091726241583571066e-01,7.145603459870361052e-01,2.263065437852982142e-01,4.581420987652220500e-01,6.056683634942237049e-01,8.400507059798377751e-01,7.045179610276216531e-01,7.492866132439620630e-01,7.677086856231041256e-01,6.363762097627454484e-01,8.185927321964768799e-01,6.815688896987448508e-01,9.887231726325309555e-01,6.612129224548168871e-01,4.561729547713008759e-01,9.334614470814562859e-01,5.594447285472039511e-01,7.979624203839328356e-01,7.897354823795906809e-01,4.241610945805396327e-01,7.803009671172786987e-01,7.916855004170826327e-01,3.679883050243213938e-01,2.594548103421409069e-01,9.617852973540957917e-01,6.426966328675378648e-01,4.186057558984744853e-01,8.528891391066715233e-01,6.027163632037024765e-01,7.397865724153261935e-01,3.136201076453235537e-01,7.706046113297170264e-01,1.669286674419020455e-01,5.912266089143662917e-01,5.527450274615476333e-01,4.567753048340823518e-01,4.491898044481120178e-01,2.611099352976322119e-01,6.531292142949876034e-01,6.571089210804730296e-01,6.215038390952659642e-01,4.661543475681546589e-01,3.256476286864311009e-01,6.208255829014230898e-01,9.559535522933303442e-01,5.713388249690779519e-01,7.089489480656485654e-02,5.314158058910412041e-01
7.077209920542603117e-01,5.492952998958831046e-01,8.394653022264985109e-01,6.428029212645554047e-01,9.413560392736872728e-01,6.981261924089278148e-01,4.681402501640946068e-01,4.643253073085657490e-01,3.720788822595679779e-01,7.131119823091912613e-01,3.336503424470949053e-01,4.184202791427096835e-01,0.000000000000000000e+00,9.152504585576382024e-01,6.524910358395276111e-01,8.607665189799438288e-01,6.465588422405471603e-01,7.936238637619301706e-01,8.236783590906154862e-01,6.749546340454072313e-01,9.205743517762663419e-01,1.626049661029928262e-01,6.157895429797696218e-01,8.773847695216534515e-01,7.450273911372938818e-01,7.855514753758550128e-01,6.651672594284930851e-01,8.138176240027441555e-01,-1.934889995766641002e-01,3.925184966240263806e-01,4.456643000076916938e-01,3.992768413495000335e-01,7.501324412042789103e-01,6.076615177586830452e-01,8.569149126854735954e-01,3.558232475839883113e-01,5.738934627220390050e-01,6.476976136951639873e-01,6.170875174795964480e-01,7.713007647687769586e-01,3.945876354573278899e-01,8.641395572616579202e-01,5.595482654772206965e-01,2.538519456128379148e-01,6.633539069061082927e-01,7.685402992286218815e-01,1.785224210161891478e-01,5.673741446863170834e-01,5.609127409933541974e-01,7.784050345331852139e-01,7.533639713518148762e-01,6.374428873038705534e-01,6.243525162483192226e-01,3.653561691291103142e-02,4.839806369124670105e-01,6.965380389500365199e-01,8.709471372906334441e-01,8.941412235270265185e-01,2.021558573280152482e-01,7.331424948867346636e-01,7.853025199001691936e-01,7.509727788819532401e-01,4.750856516207142000e-01,6.382797978180707599e-01,9.612863565128110244e-01,4.267824513841731449e-01,3.007229661174538604e-01,3.835095900986381090e-01,6.913177699391011011e-01,9.021401668321658018e-01,9.076219641911629221e-01,9.691249267039392379e-01,1.943941065214478126e-01,2.352115022544574996e-01,-1.796481890647416702e-02,6.094622370380945453e-01,9.726148629081696750e-01,7.400282834194233939e-01,5.319938494040807875e-01,6.804500132571241755e-01,7.940050497198616331e-01,8.998805173192089280e-01,9.059103412324731597e-01,3.264669387277951418e-01,8.367344841537538436e-01
9.898508455591186195e-01,9.229563433217792268e-01,7.388250856704130509e-01,9.858767385787761128e-01,8.170140491831652252e-01,4.612399915004099515e-01,7.241196132762183213e-01,4.691777801966728889e-01,7.981578560472410988e-01,5.865615657079905620e-01,8.742008329621455687e-01,9.886900998186936018e-01,9.152504585576382024e-01,0.000000000000000000e+00,9.339526649240490475e-01,6.673134840973536930e-01,9.450355808212270725e-01,7.370855813635610598e-01,7.510720809459399128e-01,9.304227275542021891e-01,8.725910019140770135e-01,9.572995159972625956e-01,8.162632480814288050e-01,9.997396461460474892e-01,5.182764473910296266e-01,2.383321168818239577e-01,8.462434837965921997e-01,4.928153006872275643e-01,7.585406795952002179e-01,1.492629261246137540e-01,2.667559497104377009e-01,2.486502571338362055e-01,7.457326246808606562e-01,6.291438307292830379e-01,4.367336799885906395e-01,5.663568485260761509e-02,5.701568022328344920e-01,5.134706775146525848e-01,9.974679069690133293e-01,8.328834024626368127e-01,2.036347292424168509e-01,4.238920371568778434e-01,5.862923870391077985e-01,7.033402414365690358e-01,8.933793655748214491e-01,7.526843123110347200e-01,9.141373660086550279e-01,7.552643741949379708e-01,6.899584738465782685e-01,6.834932162968946345e-01,8.965309738202716927e-01,6.876995208492668876e-01,5.623925719730671346e-01,6.885081149254475008e-01,7.204944936098548469e-01,4.640698150429032331e-01,4.284358625710329993e-01,6.409979503055667216e-01,7.966718564391267465e-01,5.459016349191415651e-01,2.898590175478290565e-01,4.855269783624054925e-01,4.129658490405424542e-01,9.125014090999853389e-01,9.197821735613846972e-01,6.845853864304271008e-01,5.781001496561055664e-01,7.610884813520735204e-01,5.296334114580977248e-01,7.661939555009394942e-01,6.026201314112542562e-01,4.967725569541120434e-01,6.028925234211582329e-02,3.643899625326781910e-01,6.674467457783042068e-01,4.271586194122151126e-01,7.953848547670254732e-01,5.703748442384435346e-01,1.907436597568631376e-01,4.381047508772715759e-01,8.035717696488244854e-01,4.495488522084870597e-01,7.590885313225969044e-01,7.819701657306672438e-01,5.107371426552613780e-01
8.935804224741122903e-01,4.157423225682138623e-01,7.515155950016098041e-01,4.240651166689621832e-01,2.163770667554930083e-01,3.758121822859318284e-01,7.312268697195107858e-01,4.304956814047284919e-01,2.833286787725179945e-01,4.437256716644328858e-01,7.177028924353536787e-01,7.167709942365042552e-01,6.524910358395276111e-01,9.339526649240490475e-01,0.000000000000000000e+00,4.145096120083764379e-01,5.252475842622162938e-01,4.305757054750443680e-01,2.367529921391568204e-01,6.244739581853082644e-01,6.518866197728990786e-01,6.078598354638050649e-01,2.563328206535345211e-01,5.130799060520625510e-01,4.819127723776805428e-01,6.014054950692342416e-01,6.439142193199243192e-01,6.071386193593005798e-01,5.470606345912248231e-02,6.501381278866111835e-01,2.477253679393190411e-01,7.483390262466556031e-01,5.977882733266939308e-01,3.133983083931216607e-01,4.077452920376778978e-01,4.713063846910276466e-01,4.104323371459663861e-01,6.508588614224759539e-01,3.243452985251001897e-01,6.280361604743942561e-01,3.036882365625616087e-01,7.326480153448748922e-01,6.149716997817352704e-01,7.174294448372253719e-01,8.185616131632077463e-01,7.408228031924717349e-01,4.080267835043210334e-01,4.735849540664227586e-01,7.019797748261579207e-01,-1.750133777107320820e-01,7.022494312145326489e-01,9.225941455195298957e-01,7.011587120117396266e-01,7.764052464838793188e-01,9.392087499389103478e-01,6.071344230284944077e-01,3.923468227122656193e-01,9.685596913364015181e-01,3.361796702440412732e-01,2.654516472684530504e-01,7.331724273775992451e-01,4.704334570008675276e-01,6.834610512308412211e-01,7.879589308549603821e-01,7.784670129305590880e-01,5.841457494595883038e-01,8.947793582774964394e-01,8.156210619686408148e-01,6.995792439263256446e-01,7.560507454452368714e-01,7.668069309439571324e-01,2.555716399607430023e-01,3.540997349036189012e-01,2.495835862094352708e-01,5.594399055804147869e-01,1.679659123872732085e-01,9.472261812215390098e-01,7.309631470533505260e-01,2.847978406139324292e-01,3.881624754798651544e-01,5.897811371255150537e-01,7.011016530477697239e-01,8.936693521040585120e-01,5.128744859683455060e-01,3.937846040831742833e-01
6.590690539692960481e-01,3.811927058374256494e-01,7.086885412374293036e-01,3.105944625297784034e-01,2.022861639225957131e-01,6.427415088499148776e-01,4.321178238034524832e-01,3.483334385896483809e-01,6.601997046395625679e-01,-1.821121659160348516e-01,7.736800780288446422e-01,1.286843540548037734e-01,8.607665189799438288e-01,6.673134840973536930e-01,4.145096120083764379e-01,0.000000000000000000e+00,3.714908315219876966e-01,8.977374786659599870e-01,5.256860390432954722e-01,3.819135786294370893e-01,9.785225724423090021e-01,4.558405176206608567e-01,5.478518605948708986e-01,9.165113394039895445e-01,1.103497085711483972e-01,1.421388676645073124e-01,9.191062439367614356e-01,2.799074087771038499e-01,5.754143673381449942e-01,4.796275846519357788e-01,7.613584121624801249e-01,4.048781677296158787e-01,5.933338307081211793e-01,6.110984530766073730e-01,2.949096145503722899e-01,1.991744590927984337e-01,3.169504473060910654e-01,2.454910809426286700e-01,8.112502138099848548e-01,4.807255569313359511e-01,5.039447922590142293e-01,7.005358491386415309e-01,7.236679003376125241e-01,7.370922600674000291e-01,9.692439064400398818e-01,2.196946705805931654e-01,5.183515469606061465e-01,5.323802433493983743e-01,5.634228210182490315e-01,4.783872293578168566e-01,5.970409323104275412e-01,1.666917755285246550e-01,9.340428283332909976e-01,6.762544574390930707e-01,9.063427610454858341e-01,8.320522963617015266e-01,1.936972093611593893e-01,8.480085131882946214e-01,4.009977079265149569e-01,5.056476704810096701e-01,1.809129278687844899e-01,7.405337147468176173e-01,3.828183046876630358e-01,7.880387959483673432e-01,7.711351901336601644e-01,6.785924882331264563e-01,7.837005432923858095e-01,9.921446497452708346e-01,7.918826792005005943e-01,3.839269647226407622e-01,7.950961895402148816e-01,9.339448325345699464e-01,2.878712321222696158e-01,7.076602932414296498e-01,2.181979879786302423e-01,1.449017743318914142e-01,6.626734438215116096e-01,7.178060841530111702e-01,2.915028507565954885e-01,-1.164833262960775079e-01,4.080095066500332157e-01,2.527509465602360006e-01,6.941207048545507963e-01,7.462486987418354145e-01,6.805859892347113638e-01
8.891542316489962072e-01,4.053481517935924039e-01,4.842343528178442158e-01,1.540749657651287463e-01,5.625655635441638713e-01,8.826036551710804146e-01,6.272265776489096556e-01,4.858111142781982861e-01,5.363712262137212416e-01,9.200722875690598990e-01,4.599690456906703195e-01,3.829114597088916216e-01,6.465588422405471603e-01,9.450355808212270725e-01,5.252475842622162938e-01,3.714908315219876966e-01,0.000000000000000000e+00,5.884493046695262741e-01,4.559775832398579309e-01,6.627171139859270310e-01,6.048979117425390406e-01,7.749205224648791912e-01,8.085135329696991890e-01,8.712613668587124716e-01,5.972985240002195440e-01,8.918870135417006351e-01,8.149676723595993266e-01,6.247643176869681625e-01,2.524593341891003262e-01,3.600472917527974825e-02,5.342189057592806600e-01,9.617880372200089401e-01,6.643899023128551073e-01,4.243255502311701344e-01,7.569954022006304406e-01,6.662049969499026503e-01,3.962142269283422946e-01,6.859249336101249650e-01,9.669428482319593066e-01,6.908811340118866662e-01,2.248192890155678858e-01,7.633900420709232026e-01,8.456882062877133510e-01,6.461903502187723580e-01,5.494275976041373966e-01,7.712235818178961866e-01,5.719771625960445860e-01,6.965783805912657556e-01,5.617109170346505920e-01,7.917362937824630187e-01,9.902987344318853191e-01,8.110316212333824604e-01,7.916702075634297620e-01,7.462841646698691322e-01,7.718512132562367345e-01,7.766728226319781214e-01,2.382109256428127098e-01,6.642767735327765877e-01,9.048421363172641785e-01,7.938137251406554018e-01,3.034211906652076740e-01,7.415286391423165924e-01,6.158707955286395475e-01,9.321676911128301546e-01,9.654692283204481251e-01,4.665106639585437365e-01,5.796895018295717961e-01,9.115402476932823461e-01,4.929274418727055407e-01,4.597721380172223871e-01,5.300797568072583843e-01,7.863926100200692160e-01,1.754786778818828719e-01,3.354257544283136827e-01,2.043103747105262658e-01,9.527179200525088820e-01,9.519992271276582763e-01,7.470333518190716005e-01,2.198621071159624907e-01,3.080869821108958018e-01,2.244001529607166923e-01,8.925121324648126464e-01,7.139283102103990419e-01,7.013962259046244707e-01,8.190427861275543231e-01
7.892076887291188392e-02,6.607980565370120685e-01,8.946372316881127107e-01,3.169813089935893391e-01,7.981024183778582248e-01,4.770301887926222673e-01,6.686617260442195843e-01,6.030809530278209429e-01,1.080959803016978971e-01,5.949824732140935879e-01,7.019509812695584605e-01,6.906896516211125103e-01,7.936238637619301706e-01,7.370855813635610598e-01,4.305757054750443680e-01,8.977374786659599870e-01,5.884493046695262741e-01,0.000000000000000000e+00,2.549677550095486578e-01,5.723420718975809063e-01,8.780944834110113728e-01,4.681546341567563441e-01,3.485321966939782801e-01,9.110466778203163418e-01,4.179345917481028794e-01,6.546794864176335160e-01,7.484724019119650684e-01,6.462768184276441730e-01,2.611898097153381726e-01,3.886116700009148994e-01,3.721873589890292156e-01,6.972590283341476569e-01,6.506888946799740392e-01,7.789445767011445865e-01,3.650754214708210599e-01,3.451348411630706936e-01,4.018178188523581218e-01,5.071421422700448378e-01,4.497465430045772261e-01,5.749590299963108775e-01,7.145381697675259325e-01,4.058157422440830109e-01,7.696214104841883064e-01,6.721098439994618312e-01,9.991890309144605409e-01,5.572778139546583631e-01,7.112272813302469299e-01,2.073094525590731818e-01,4.956408087720863831e-01,7.164750446714717169e-01,8.026460020432868436e-01,4.405394948679680622e-01,7.286812393420979417e-01,7.381004467201460750e-01,4.574336374717080655e-01,8.051912613264612384e-01,5.474056378953127133e-01,6.138981306351419809e-01,9.242604846677602293e-01,3.694881236970546379e-01,1.608974911212465997e-01,3.249370930163758553e-01,5.479832968793623138e-01,6.627460885828355686e-01,2.131144888882961219e-01,4.744759315835124225e-01,3.506933977023806159e-01,4.768703702239890374e-01,3.173120357618407494e-01,5.362231310198789513e-01,8.981879424048330174e-01,2.131531029021756507e-01,3.365203297859107323e-01,5.357921317807082806e-01,6.300590486400644563e-01,7.352467429206331895e-01,7.688379469988595449e-01,6.639566896195302492e-01,3.517676359460448765e-01,4.660843127139425168e-01,5.265730746126322526e-01,9.945904729712973236e-01,7.739773081379098807e-01,4.797839291816768936e-01,3.335132320192367716e-01
