0.000000000000000000e+00,5.550434306538637452e-01,7.441923822038195580e-01,4.944404028497918491e-01,8.371397645389307973e-01,7.866611197560265945e-01,7.774672522953854914e-01,9.500708178073588028e-01,4.639339269627716367e-01,7.698132614233804683e-01,9.446871013271759265e-01,9.937601541498584101e-01,7.806882703419729674e-01,6.865820155971416039e-01,9.479329260633585497e-01,5.657536770913218493e-01,8.571913434565583412e-01,4.782113950890841125e-01,7.511794012120672770e-01,9.537882261575613141e-01,9.648367427631254767e-01,5.926470861456013539e-01,9.960065990073155850e-01,8.394667408955260868e-01,6.575424688502928827e-01,6.632040062033639494e-01,5.112042108890941794e-01,5.018652156715440737e-01,2.290062727122555430e-01,2.191836018638782801e-01,4.511465208434359275e-01,2.777411029424383115e-01,8.796223066996231577e-01,8.604677690911793908e-01,8.685701229589952721e-01,7.874215137450757407e-01,1.406920759143850119e-01,3.883310115050558897e-01,9.752092384574244655e-01,7.596527897806033547e-01,3.277473026919806576e-01,4.668125551177784160e-01,8.913487601540811545e-01,6.178515904434719319e-01,4.992809789716760593e-01,7.137744834056254373e-01,6.133238823054795175e-01,9.096642264825368640e-01,9.306545782133749389e-01,4.746029460562407598e-01,6.172253107215232015e-01,4.906542385535527795e-01,8.296525010280971779e-01,8.082183349047196153e-01,9.175787238789169242e-01,5.423619938205361812e-01,9.063852099285135688e-01,6.861217184110134371e-01,6.641269974001957621e-01,3.381543178997418186e-01,5.479950555904760101e-01,4.904350101683124796e-01,5.152097802246395908e-01,1.745608237075731706e-01,7.489954487157386431e-01,6.952363850307979876e-01,5.978244459040411574e-01,8.995141741380284772e-01,6.377755968672262910e-01,6.389175307160415151e-01,9.888482261151394503e-01,8.400792081665183764e-01,4.827163066734884156e-01,2.084561880895328678e-01,8.560139081849827969e-01,5.164428837529834171e-01,7.431856365164957179e-01,3.013224163063130678e-01,3.583136442928751553e-01,1.528708308552882977e-01,3.011927608787007271e-01,9.786069123694871585e-01,7.035344008287341966e-01,3.073909184034791520e-01,9.658060177421616821e-01
5.550434306538637452e-01,0.000000000000000000e+00,3.449220599182262204e-01,8.779567217792787481e-01,8.864976428379236495e-01,9.454697602285979663e-01,7.631414026529550476e-01,7.984528480802558503e-01,6.516162458128892387e-01,6.110726807768833702e-01,7.140618353296555032e-01,4.922114903046770351e-01,8.709495686109123280e-01,9.264230563789745965e-01,6.815017051286680339e-01,3.428795623482799870e-01,8.537303872131405402e-01,9.835723760578579666e-01,6.627149966100058798e-01,6.018967436183148001e-01,4.320762529131723650e-01,5.534318016329963230e-01,7.893762262552137532e-01,7.768132778157053053e-01,2.990881483062606261e-01,6.854033889925765788e-01,5.356568692776617624e-01,9.216021854872656904e-01,4.922486773652974823e-01,5.498742372738453232e-01,3.655919187153445216e-01,-1.019390843633800336e-01,2.522910243064149793e-01,6.464147277487622967e-01,4.089109397536648816e-01,5.248919849229327639e-01,-1.244666621220363312e-01,8.198658268103210522e-01,6.927824906896060675e-01,9.121472798062906229e-01,5.080602430838202510e-01,6.196677742717412452e-01,9.702929591961232392e-01,6.765102332597927592e-01,7.306553497484216120e-01,6.060786221322338463e-01,-8.525096750384317246e-02,7.836561724806681006e-01,3.856088318999040254e-01,5.023475988779285695e-01,6.660286097248763193e-01,9.474916914266454659e-01,8.666559801871797086e-01,2.348903952944891849e-01,8.794833807742334919e-01,6.975701588806663134e-01,5.146768233271638016e-01,9.333882712923387004e-01,9.603424263931588101e-01,1.415628239405459232e-01,4.538034979210198716e-01,4.587432868530434416e-01,4.356969122701018216e-01,5.275028805689817579e-01,6.820559008863902317e-01,6.411284978162787862e-01,8.070021859897197336e-01,9.457996780245856439e-01,4.002016530738882749e-01,4.791251492460545380e-01,3.130051514853984251e-01,1.542277319880231701e-01,4.887617477943276834e-01,2.448915473799926634e-01,-8.451947391786900077e-02,7.594535335122476472e-01,6.957937140340689774e-01,3.337555372281604260e-01,7.924340107446905535e-01,2.372188142413754197e-01,7.924323717431016600e-01,8.229049567001525123e-01,8.884801960716272040e-01,4.317107769053082356e-01,6.040280589562441182e-01
7.441923822038195580e-01,3.449220599182262204e-01,0.000000000000000000e+00,7.404768936568359994e-01,7.492244480133744000e-01,7.853556862019981377e-01,6.158155781516363447e-01,9.571134626041164495e-01,5.178558438689419008e-01,4.785799478934824047e-01,3.428313612011636424e-01,2.088933252444200583e-01,6.044663386179759401e-01,8.200787772904108985e-01,9.918145386009268316e-01,8.705950228055349127e-01,5.828740724630725456e-01,9.744820044750706067e-01,7.557039209152243142e-01,4.161168581906130592e-01,3.973800259518617262e-01,8.038604426515587598e-01,5.285023349514628155e-01,7.432583572597130095e-01,6.630075870483834732e-01,6.790593745515477453e-01,6.529695551484778759e-01,7.118578114673600465e-01,5.178691127641242842e-01,4.640308234051310765e-01,2.836328596766528598e-01,7.241243475227654436e-01,6.108435551782186446e-01,6.676909587351743669e-01,7.450536940936686170e-01,4.585921252858693453e-01,4.183142785654214713e-02,7.944058895608627768e-01,5.932857212813757997e-01,6.090814532965668215e-01,8.070769829556866115e-02,9.490669241799750688e-01,7.108027844628760361e-01,5.687033723222147952e-01,9.389526683653371952e-01,8.579607657838851376e-01,5.001238676140894457e-01,7.785086827038740775e-01,4.620608284706207436e-01,4.445584502610107624e-01,6.844381053475757648e-01,7.145527259813660992e-01,8.802000309934630007e-01,4.265257976871337231e-01,6.602030036164876492e-01,7.538185462632531753e-01,5.619913421041715651e-01,1.581174131079625678e-01,6.563609835780188639e-01,4.796399202047442190e-01,3.911319696196083884e-01,9.520002917626362304e-01,6.761559443274590686e-01,3.057060807273969116e-01,9.843761058518933904e-01,4.624729488705388025e-01,6.377413566816600987e-01,7.668583233695405177e-01,8.498694091886210833e-01,9.265702065150985822e-01,6.751777010782333832e-01,5.113456130023419366e-01,4.045383931415222900e-01,2.665544964518923865e-01,8.156956395504501023e-01,3.412967027416631272e-01,9.771806618918521536e-01,5.069763623466868596e-01,2.490934785256629092e-01,2.956876195372448168e-01,1.324584297529077526e-01,2.218438509629128974e-01,9.437841413205469987e-01,1.252890848413994521e-02,9.685893626977882809e-01
4.944404028497918491e-01,8.779567217792787481e-01,7.404768936568359994e-01,0.000000000000000000e+00,6.650574567397606884e-01,9.893035558905480809e-01,5.877428048974788766e-01,5.361304383564869935e-01,7.353260305179477596e-01,6.981195071293463394e-01,9.591322927810163046e-01,6.472649133065120353e-01,9.857923286904917148e-01,6.312396233983437188e-01,3.720787894674498220e-01,4.809670175915538581e-01,9.347854568135360864e-01,7.006348335775892666e-01,7.595687528252319520e-01,9.636883139972047818e-01,4.466276468082200357e-01,6.677880699772427153e-01,8.060741443481391766e-01,9.096586514217493979e-01,5.675091237360032626e-01,9.603594594722112410e-01,5.059588276314853639e-01,4.906108515075131571e-01,7.278133998676225014e-01,2.600894234039536901e-01,1.591658885499650233e-01,6.927048595456898328e-01,8.531278136218701791e-01,8.305810593474466375e-01,4.147155759529258523e-01,6.595053498266745251e-01,1.104590227072608372e-02,4.205515278242863419e-01,9.117422050575143544e-01,2.608607091086647886e-02,4.174358393249594235e-01,2.922707802661861365e-01,2.966172574148056018e-01,9.454539811251020387e-01,8.942768051510694427e-01,7.740067245543498231e-01,8.049793779693826812e-01,4.452673948301651419e-01,3.859615653677807012e-01,7.875703643382304664e-01,4.963410549321593535e-01,5.653025275638419167e-01,3.475954554743956870e-01,6.181797860763009744e-01,7.932968320656190730e-01,3.555093828374275011e-01,9.171983837037182008e-01,6.258133527761405857e-01,9.807963220105644364e-01,6.065327397197331494e-02,7.456908192748673558e-01,4.817559040194252518e-01,4.513850054981644599e-01,6.039442047571451644e-01,8.248529564721382989e-01,6.082874687206732967e-01,7.067610710783213124e-01,7.850982251552469648e-01,5.082052958039129376e-01,5.253909705037085320e-01,9.168380548983058320e-01,7.070694174268508103e-01,3.755785441629087007e-01,3.050059000803074793e-01,5.133105126034673837e-01,7.726321440126249218e-01,8.657235774265039652e-01,2.388606134858757835e-01,7.525805262068898660e-01,5.159236322406813846e-01,3.096565022763501651e-01,9.520008972429764293e-01,7.256070734076928153e-01,7.529266426754912533e-01,7.524326799682958811e-01
8.371397645389307973e-01,8.864976428379236495e-01,7.492244480133744000e-01,6.650574567397606884e-01,0.000000000000000000e+00,7.744201103621279891e-01,6.386221122586979160e-01,5.200179116606287177e-01,7.286878554271551955e-01,7.998822856760150479e-01,9.588122373084284611e-01,8.583138578948376063e-01,2.563870779437587566e-01,9.375893243320976289e-01,3.314031185175974059e-01,3.887029082039472616e-01,9.479903576379103969e-01,4.428691453322444183e-01,7.765540921663616203e-01,7.782946465150146764e-01,5.250042298377630839e-02,5.639236699007262876e-01,4.672462684320904946e-01,7.178483910206889806e-01,1.267317009338556344e-01,6.574052721696626023e-01,4.756402145559859851e-01,5.825423508885249069e-01,2.210095955504776943e-01,1.795629243906083083e-01,4.673635671307613260e-01,9.914433312757200412e-01,8.976323200842434291e-01,9.246634811250702413e-01,2.864069202124098212e-01,5.514017364650012354e-01,3.911040454362830765e-01,2.218851548716075095e-01,7.971652194931677649e-01,9.883992738139574241e-01,9.115279380909037110e-01,8.966173211729810966e-01,9.241110997406348782e-01,9.472492864804389345e-01,9.469418204026732733e-01,9.351429966694856377e-01,7.655839482045939670e-01,8.977848146305671406e-01,6.163946829484409085e-01,4.891895951866403469e-01,7.247263203469240800e-01,6.886913481862336761e-01,8.532769196929551603e-01,7.310489311414292146e-01,5.609940660377972232e-01,6.637498674834079182e-01,5.889995960635849848e-01,2.156749076432968315e-01,6.090393948146636260e-01,1.353790799253622723e-01,3.658843045701911517e-02,7.572008467458570813e-01,7.527883433182366302e-01,5.920595289333583366e-01,4.246442437125454994e-01,4.624762640502385613e-01,4.426549566585705198e-01,9.598470791170881089e-01,1.962806771935284855e-01,4.848645667547315519e-01,5.633405300781897385e-01,7.817615804230361176e-01,4.639750057597092359e-01,-9.647730683025487752e-02,4.865979249733045631e-01,7.301096078561104541e-01,6.167995052543093770e-01,3.855202458648054886e-01,2.190019113915412929e-01,2.715150579257888941e-01,4.243446046931777516e-01,8.252567968385832176e-01,5.903448634310235477e-01,-1.604164749079746433e-01,6.613165310546642583e-01
7.866611197560265945e-01,9.454697602285979663e-01,7.853556862019981377e-01,9.893035558905480809e-01,7.744201103621279891e-01,0.000000000000000000e+00,5.950132836037058670e-01,6.590556805332732360e-01,4.910888507176626727e-01,1.769412960257280010e-01,9.432772372138268357e-01,7.474967164002616071e-01,9.556815686531200393e-01,3.097320416865255721e-01,6.512810635925181391e-01,3.217311185280848918e-01,8.577427519959776037e-01,7.080764787139900429e-01,6.358879174160544379e-01,9.209107121905738547e-01,8.067918100188626873e-01,2.837169016482620210e-01,5.307403521098873478e-01,7.362810870349857373e-01,7.429921965695107655e-01,6.267201112730548251e-01,4.396025249161694681e-01,2.157857853060682340e-01,9.916082461571674653e-03,7.814042888838930168e-01,5.119601854673239139e-01,2.901153283267798866e-02,6.447964904244345430e-01,5.566501316311763814e-01,3.186422602656844294e-01,3.086399448112641108e-01,5.333517335443057616e-01,5.038895656923044752e-01,4.834587902624972178e-01,4.714640396035338910e-01,5.435401289354427901e-01,4.270456016132562205e-01,7.861767086401816318e-01,8.002650528180773604e-01,9.923999263257436976e-01,3.254995278350792942e-01,9.169296085837169707e-01,2.104943261360072704e-01,7.839627253393215423e-01,3.876869117512358187e-01,2.715562033164694022e-01,7.316401829768883758e-01,4.904411769275590083e-01,6.946088856161830583e-01,3.652172318052095967e-01,6.252348528861720878e-01,7.068766208649177596e-01,5.634163884721750115e-01,3.806955814888669520e-01,3.884761226685720104e-01,7.720584630192375286e-01,5.216129725919611548e-01,9.119359447169824717e-01,4.112363952380713172e-01,8.377166324402877118e-01,3.387726111932077289e-01,4.620529365047800763e-01,5.468483068363908517e-01,1.809642004871923199e-02,7.221634420631828366e-01,7.617795042796592364e-01,8.897836477262474064e-01,2.304800107600977477e-01,5.514556652686665172e-01,3.539891926395335453e-01,5.521839100759067254e-01,4.354941608465236480e-01,3.771105612763306913e-01,1.818426320896363579e-01,8.742506327638975561e-02,3.015378669972983428e-01,7.096866894156552696e-01,9.391893590839219819e-01,5.852646136960737433e-01,6.252564158674644990e-01
7.774672522953854914e-01,7.631414026529550476e-01,6.158155781516363447e-01,5.877428048974788766e-01,6.386221122586979160e-01,5.950132836037058670e-01,0.000000000000000000e+00,7.501903009455770377e-01,6.748787754264570227e-01,4.507768861214075939e-01,3.960292293144012654e-01,5.527778986982968545e-01,1.332626564948136694e-01,5.352311819464430354e-01,6.785973060250933830e-01,2.694592796946988500e-01,9.935447024473003097e-01,7.072503048986841234e-01,7.280132869160214071e-01,5.754851301970708155e-01,4.709378842847590230e-01,5.625834987266581377e-01,6.484106373889201302e-01,6.397517719218710486e-01,4.075703253613218724e-01,5.745085025533890333e-01,6.005246683731998436e-01,7.865885502030063314e-01,2.225472785799454400e-01,4.322231975869117448e-01,4.179515446564776582e-01,3.569607999475179483e-01,4.381241784140681994e-01,4.720518154548904999e-01,5.057455724896335880e-01,2.368715624940536391e-01,3.929195164030625520e-01,7.813167559011474639e-01,7.087922234156444068e-01,4.605823313660424856e-01,7.253951041900019714e-01,3.037100185581747547e-01,7.497412971452180885e-01,5.091916739345261345e-01,6.793818039826604593e-01,1.936790322027614475e-01,9.248764120452704351e-02,2.848241963527747833e-01,4.397736162096936852e-01,6.143237410142906585e-01,6.653271287987869709e-01,7.996963026953902709e-01,9.666174466050003961e-04,5.628510937012950466e-01,7.669183836998222370e-01,7.964673425036135068e-01,7.567182102197457239e-01,6.647853913244010648e-01,8.057106704628588245e-01,4.333712300590187860e-01,7.698532596037944709e-01,4.932922866348153357e-01,4.796495860567268621e-01,8.898321066504878418e-01,9.518674952112883281e-01,8.025871379659998972e-01,2.102151836889329384e-01,6.931337841067043426e-01,1.181501377713930073e-01,4.720548202485687628e-01,7.270131207275143392e-01,5.958372902918940284e-01,5.445254241083372637e-01,4.579497357486308484e-01,6.318228472335118973e-01,6.278463263020572782e-01,3.889732865380152171e-01,4.976433432872271467e-01,5.673590085044410980e-01,1.239189287524440908e-01,5.801887990081358026e-01,7.531659703518387428e-01,6.234524815631806716e-01,-3.486193594004314833e-01,7.238126355832759096e-01
9.500708178073588028e-01,7.984528480802558503e-01,9.571134626041164495e-01,5.361304383564869935e-01,5.200179116606287177e-01,6.590556805332732360e-01,7.501903009455770377e-01,0.000000000000000000e+00,2.420492842599294980e-01,8.839410948234809329e-01,4.808037325471555823e-01,6.031617565849300977e-01,6.545361300276162364e-01,7.086486163508634029e-01,6.453509744107790436e-01,4.958205924139095222e-01,5.564011455907384995e-01,6.393327928354963774e-01,7.199337185251519777e-01,1.532728602078440028e-01,7.817419210198544022e-01,5.849446304631393811e-01,7.088850278024340090e-01,7.056141512053386577e-01,6.439193026332192815e-01,4.113580825623699977e-01,6.028251921958768245e-01,3.129759519198277440e-01,3.713398796300421689e-01,6.523809010669833208e-01,9.571989042119682933e-02,2.118355931482270305e-01,4.893838780674653055e-01,3.547836730226844315e-01,8.510862728707220271e-01,2.622797923965203282e-01,2.868476982670623010e-01,3.071596030078122541e-01,7.996119946008191370e-02,4.668554312992761468e-01,1.096039784218619390e-01,4.565117744699682123e-01,8.291812153316358014e-01,4.410100709661405882e-01,2.167626298041520350e-01,2.190600189388945407e-01,1.647241102830822035e-01,6.486604687095481880e-01,2.874234045523653691e-01,6.104509653178330497e-01,1.634808880253041941e-01,4.472569226502135509e-01,9.555831450448322439e-02,4.942821667021929377e-01,6.003197021248016796e-01,4.031148481087860613e-01,5.742259630025965400e-01,2.434602358368718744e-01,2.686104478348057267e-02,3.104153928536130813e-01,2.618101828683047638e-01,4.748335375893689148e-01,5.671909424614216544e-01,6.335972554889436337e-01,6.235044711533329620e-01,8.248529916141943419e-01,2.373396434451961468e-01,7.845177038038968487e-01,4.931996670750125045e-01,3.311495223287466150e-01,4.397773830012212670e-01,6.802971559484873865e-01,3.511284287853647657e-01,3.393175738752060022e-01,3.173860346883662364e-01,3.404331951798302835e-01,9.005440887648491488e-01,5.062846971675967200e-01,3.160896557064530876e-01,3.733151561035996657e-01,-1.973744500385043177e-01,9.333698478166688739e-01,9.146512839217244561e-01,5.068335240997725588e-01,5.294658428050780241e-01
4.639339269627716367e-01,6.516162458128892387e-01,5.178558438689419008e-01,7.353260305179477596e-01,7.286878554271551955e-01,4.910888507176626727e-01,6.748787754264570227e-01,2.420492842599294980e-01,0.000000000000000000e+00,7.681918072399397390e-01,5.279933220944315053e-01,7.250120017310968112e-01,9.605852761813958862e-01,6.829209895006180808e-01,5.054165239419015077e-01,7.545814395571142086e-01,3.425602937201526754e-01,6.745447641312670717e-01,6.375851840115653868e-01,6.103654900565281816e-01,8.133029816600014783e-01,7.536902313405583476e-01,7.189445391203738156e-01,9.468696248026792217e-01,8.423772667028120997e-01,2.141919476172721437e-01,3.724718411496434900e-01,6.430886643091108246e-01,3.476839988314115448e-01,7.768257251282406628e-02,3.139014862543358930e-01,3.749787948240008717e-01,3.278604496382991895e-01,6.103421307294161213e-01,8.331655133623281362e-01,4.769965234900098716e-01,2.935051626656354773e-01,4.490811251153684069e-01,8.577717498568235843e-01,6.071276616141670912e-01,2.721299923377756835e-01,6.849286019884909260e-01,4.137047770177806894e-01,9.589786138611663402e-01,8.418956235574949210e-01,8.150026535168879427e-01,6.408930409185105148e-01,5.783572204522330340e-01,5.092733935039139848e-01,5.506290356428247268e-01,7.964091194228226644e-01,4.997589070629714358e-01,7.311592759004699182e-01,6.483755484248064915e-01,5.120676089232333306e-01,5.692920666212828440e-01,4.275991588594325599e-01,4.913100636481210204e-01,7.858540208923601167e-01,4.537694314311598309e-01,7.224716702316790196e-01,7.186837415400605389e-01,7.571152486281214067e-01,1.222929045898854261e-01,8.500513492008423544e-01,6.739523511529529332e-01,4.366955571438713157e-01,4.202849059361004613e-01,5.996797311578486722e-01,9.124813176032550155e-01,7.717179229328476886e-01,5.370296617159244779e-01,-6.904096029427800318e-02,4.993263070957827676e-02,5.241515467197493949e-01,4.842233749944049315e-01,6.637122289540520192e-01,1.101759058311655992e-01,1.658696398689276860e-02,4.516835600706951559e-01,2.419940892880078076e-01,9.727408185131246610e-01,9.754741686578697335e-01,6.821718956047329030e-01,7.679410958882612048e-01
7.698132614233804683e-01,6.110726807768833702e-01,4.785799478934824047e-01,6.981195071293463394e-01,7.998822856760150479e-01,1.769412960257280010e-01,4.507768861214075939e-01,8.839410948234809329e-01,7.681918072399397390e-01,0.000000000000000000e+00,7.837447232191979696e-01,8.091491146596039297e-01,7.118796997976437613e-01,7.969913061635016671e-01,8.762448424675156611e-01,6.134452931487222038e-01,5.855732124967119034e-01,5.138185046987451265e-01,-1.351696435536771657e-01,9.096704581507040199e-01,9.622213896818772039e-01,7.773262401816471989e-01,8.593022621436257058e-01,8.336630882714251012e-01,8.640631335250480438e-01,6.087565554375397037e-01,7.588769776810602163e-01,7.028043458402707389e-01,2.043913225680831780e-01,1.867641900758694462e-01,4.431695093662677554e-01,6.306684748133548624e-01,4.189692771259595494e-01,8.117390543548419490e-01,4.117795322521611845e-01,4.315299372033659653e-01,1.765303109649364321e-01,4.003484797416979046e-01,9.199560014402535790e-01,6.107797036007931446e-01,6.428463441706813164e-01,2.595643591176474141e-01,5.720035217757400980e-01,7.390669771560061108e-01,9.647216977092086809e-01,7.160549984072848151e-01,8.056580965932860217e-01,2.159251465091142075e-01,3.540935488078464366e-01,8.228840401817385519e-01,6.875819482478632283e-01,5.444044187928491763e-01,4.298370499811287604e-01,5.426090974095070241e-01,4.640890629070050788e-01,5.072945973586786561e-01,3.748360574795078781e-01,5.994927345837236521e-01,7.580160255282353265e-01,5.775862297117151378e-01,4.435577591085496096e-01,7.521604590726912454e-01,7.525806858541994604e-01,7.212385964293366314e-01,7.365085666667394726e-01,7.542958178900153188e-01,4.119541306714122331e-01,4.932947456736852532e-01,4.274724469407157335e-01,6.628764716021751102e-01,6.327345820338824423e-01,6.101891905729098786e-01,5.817886554010267552e-01,3.297012213925822888e-01,5.537644566297498239e-01,6.350715017931103379e-01,7.385658278950565370e-01,2.729679898293116969e-01,6.227830119237464102e-01,8.193214585194714961e-02,2.011562877677089134e-01,8.590802385109048700e-01,7.635675041453536815e-01,-5.375935962627612641e-01,5.972345212926813973e-01
9.446871013271759265e-01,7.140618353296555032e-01,3.428313612011636424e-01,9.591322927810163046e-01,9.588122373084284611e-01,9.432772372138268357e-01,3.960292293144012654e-01,4.808037325471555823e-01,5.279933220944315053e-01,7.837447232191979696e-01,0.000000000000000000e+00,6.873213501131687497e-01,4.820231746673686590e-01,7.755440756082888631e-01,1.757091576851044501e-01,9.262952659054940474e-01,6.090121294907165916e-01,4.437332391364665063e-01,7.886809856411571840e-01,8.549760181456238506e-01,9.442412570109173231e-01,1.594875229031693376e-01,6.141933532451654409e-01,6.383731810168107312e-01,5.775760729089602918e-01,7.026642607246215144e-01,6.937973711106665275e-01,5.061138682548983470e-01,6.521264929703547431e-01,6.018716287537034804e-01,3.270552119600066421e-01,-8.270991907182831393e-02,5.697740392378088936e-01,1.959749172646060578e-01,7.711503426520378568e-01,8.104957029461071216e-02,2.647828776409577589e-01,6.639251304377343788e-01,6.109006474606548664e-01,8.586291546361415339e-01,6.892319787877652093e-01,6.205188381233005535e-01,7.270048842061942462e-01,9.746858833193354776e-01,9.610335919266514981e-01,7.975208520654302191e-01,4.366467336479693540e-01,6.214657962232627009e-01,2.700186785384549037e-01,4.343655722889970261e-01,6.088207805429184383e-01,9.906234912588814945e-01,5.310491007040640810e-01,9.845309783117438540e-01,5.938575466619145926e-01,6.198472859339100305e-01,3.848990331112130958e-01,6.813592797023536596e-01,2.420475721718056139e-01,5.418608133063989030e-01,7.596127838464630244e-01,3.253890626999051960e-01,7.649458277093061920e-01,7.934781669293732020e-02,3.556891019027298428e-01,6.139901009826793654e-01,9.874493160485550147e-01,7.672665685917907652e-01,8.727868612850949726e-01,5.660366637568087222e-01,6.996321530789585408e-01,4.228359623589275640e-01,7.682077740764950979e-01,5.160739752136180858e-01,5.209104301696285688e-01,5.924079490835303385e-01,6.923514058406470273e-01,7.966188981279533898e-01,6.275394730058727610e-01,2.342723007054422490e-01,7.016092634616516444e-01,7.064756961949590908e-01,4.060583128661748864e-01,5.455767383703399309e-01,6.719939594874327904e-01
9.937601541498584101e-01,4.922114903046770351e-01,2.088933252444200583e-01,6.472649133065120353e-01,8.583138578948376063e-01,7.474967164002616071e-01,5.527778986982968545e-01,6.031617565849300977e-01,7.250120017310968112e-01,8.091491146596039297e-01,6.873213501131687497e-01,0.000000000000000000e+00,6.645668358691100286e-01,9.481015426489356468e-01,7.499995833516188704e-01,1.148304977131340276e-01,8.502681254824479007e-01,5.664855713088473577e-01,9.791350084717278524e-01,6.123312680628607563e-01,9.042342154935667509e-01,9.982469292507130110e-01,2.602198075796009480e-01,5.041011593382336287e-01,6.344119619108034014e-01,7.910577114218897421e-01,5.162391710620524155e-01,4.339115947173906029e-01,2.321179484021004824e-01,8.923712739339106914e-02,4.457949403537990185e-01,4.891414681832061961e-01,5.067453150490317526e-01,9.795412326602771502e-01,3.948568537413387758e-01,7.661855928412628636e-01,4.936812945576259937e-01,7.795695899293700881e-01,7.504530498410099115e-01,6.944757628538283933e-01,5.700497122686087881e-01,5.097673802603551740e-01,6.871960539461224871e-01,7.502470174473472309e-01,6.602811901644046744e-01,7.750424525523819108e-01,9.040222902498826762e-01,6.126016676835187580e-01,7.914158452527991772e-01,4.253830312459646601e-01,1.236943483084202572e-01,1.008473837030531839e-01,4.123344345839979885e-01,4.444974113313087116e-01,5.060495154540497476e-01,5.243241197335365422e-01,5.248690825978152841e-01,7.661130500732232784e-01,7.437807850854073477e-01,2.922700432341704402e-01,5.060752927749462282e-01,6.906168179620694181e-01,6.851407766300761093e-01,7.345616083510009275e-01,7.888809140725765445e-01,1.816755622611759546e-01,7.514413916602714627e-01,7.167765216906223369e-01,5.087848652938444793e-01,6.324939109878628951e-01,9.719775150936975638e-01,6.351381066026227096e-01,6.705464547973524203e-01,2.513237584034412331e-01,2.618298008286757406e-01,5.253596709499379624e-01,7.793966486567717178e-01,6.584240954448876693e-01,-1.302869606692776405e-01,-1.742696858636219592e-01,3.824938727207211064e-01,7.485870398770611001e-01,5.874342097298959064e-01,7.102778986766526970e-01,5.470013629696253155e-01
7.806882703419729674e-01,8.709495686109123280e-01,6.044663386179759401e-01,9.857923286904917148e-01,2.563870779437587566e-01,9.556815686531200393e-01,1.332626564948136694e-01,6.545361300276162364e-01,9.605852761813958862e-01,7.118796997976437613e-01,4.820231746673686590e-01,6.645668358691100286e-01,0.000000000000000000e+00,8.768749797599774132e-01,6.207415120172165013e-01,5.816349140900122228e-01,8.184050714262396387e-01,3.068354995687995190e-01,6.040129111392811279e-01,2.830022070258251810e-01,9.791474534840264310e-01,6.995389049309974627e-01,7.240639445142977859e-01,8.465145379081865373e-01,3.785816325151561967e-01,7.266634564394315321e-01,7.630206018776245491e-01,6.388800803257735916e-01,5.728917020147576977e-01,3.426354183161207101e-01,4.358346358302891410e-01,6.472418882454608058e-01,6.072190392308899343e-01,8.978105596082767148e-01,7.319169889597573198e-01,2.226003400441667335e-01,3.169918874055888125e-01,4.465357646671241909e-01,6.317180781407373269e-01,7.391311812311428531e-01,4.651075779207283767e-02,7.472354564870741234e-01,7.384122079705048858e-01,8.386354388162383655e-01,6.460861957822207069e-01,4.077231470087580578e-01,8.234413248430849652e-01,8.801779193410533830e-01,7.561016590581423058e-01,8.408004145791929673e-01,2.507244583411726846e-01,6.314638863011339254e-01,4.734283790406586534e-01,6.617600858885672732e-01,3.858741983619558003e-01,3.267620532352311091e-01,7.305071189764910100e-01,6.318892953649353217e-01,9.133907335267512639e-01,2.233832728680723023e-01,7.648434735331985923e-01,7.175501535702125677e-01,9.752763672770659031e-01,6.659717865422822847e-01,9.883675787843919647e-01,8.015459054350051460e-01,7.591188871532750237e-01,5.578399176538532123e-01,2.160149672695801937e-01,5.655462309789741626e-01,9.553543711420177109e-01,8.220538253418266939e-01,2.830096332632651146e-01,2.794691581137950798e-01,3.674538044412597459e-01,4.931140282895430937e-01,7.078841819807738522e-01,7.977318836298020743e-01,5.204347048608112258e-01,7.719194727388775101e-01,2.207857345073751254e-01,9.914544979988000328e-01,7.473398299525433330e-01,2.617304280527547600e-01,4.788744601341157203e-01
6.865820155971416039e-01,9.264230563789745965e-01,8.200787772904108985e-01,6.312396233983437188e-01,9.375893243320976289e-01,3.097320416865255721e-01,5.352311819464430354e-01,7.086486163508634029e-01,6.829209895006180808e-01,7.969913061635016671e-01,7.755440756082888631e-01,9.481015426489356468e-01,8.768749797599774132e-01,0.000000000000000000e+00,5.355705167120612398e-01,7.038094040705137333e-01,6.143630926151273375e-01,6.876638274127628847e-01,7.855705279203832880e-01,9.229247515651256561e-01,4.237476046171280153e-01,9.112794306983819093e-01,7.918803477055370577e-01,4.266464336873025953e-01,8.534120706865295780e-01,5.827920998204971781e-01,9.652556019701791223e-01,7.104176415332527084e-01,3.633493803602384498e-01,3.961719753903943930e-01,1.597188801533765412e-01,7.104218703609852525e-01,6.756827390974073921e-02,9.470274662607677252e-01,4.528678765631692360e-01,4.951602291942915901e-01,5.133295310947361134e-01,7.164938283549691089e-01,5.928483179069278242e-01,9.893738138619333489e-01,3.545848243027331925e-01,4.820533036108665681e-01,6.917042465491222147e-01,6.233985905707154496e-01,9.078685526886828283e-01,9.659950372439820576e-01,9.662307296775710652e-01,5.947368543987222589e-01,5.160862704192069605e-01,6.670540488056315720e-01,9.316472206593650052e-01,5.228639702710683457e-01,6.797623655988448421e-01,5.002600366145282251e-01,5.968539625058282283e-01,4.071790313215217227e-01,7.071246104899194806e-01,4.970516193913663283e-01,5.614125669715956946e-01,2.969232999730126443e-01,-1.020135537285817989e-01,3.174413293622991850e-01,8.055237530017851366e-01,6.668381431479609711e-01,9.440900317047689061e-01,8.189239014761302560e-01,2.121015366821025760e-01,3.953122252855350016e-01,7.301376257951723847e-01,4.326297429685457274e-01,8.639821917114121064e-01,8.912864856991268292e-01,-9.838534938426192478e-02,5.059015093427746690e-01,2.538560089574801726e-01,6.959554510119612125e-01,7.256996568922200463e-01,2.170135450272487054e-01,-3.691514273811058455e-02,4.428977616514259696e-01,7.719104898721816932e-01,8.875216054275605337e-01,7.728968269234335331e-01,4.330090581899072588e-01,7.722357092410525592e-01
9.479329260633585497e-01,6.815017051286680339e-01,9.918145386009268316e-01,3.720787894674498220e-01,3.314031185175974059e-01,6.512810635925181391e-01,6.785973060250933830e-01,6.453509744107790436e-01,5.054165239419015077e-01,8.762448424675156611e-01,1.757091576851044501e-01,7.499995833516188704e-01,6.207415120172165013e-01,5.355705167120612398e-01,0.000000000000000000e+00,5.259712192869753222e-01,9.573310869328304218e-01,4.291033087400465407e-01,9.663279995223691410e-01,6.793368222257331057e-01,8.535234979817183376e-01,4.096384027385592264e-01,7.539451230169295082e-01,9.102488294599685448e-01,4.998978700513611040e-01,2.006513178750417570e-01,6.195496004787538480e-01,7.932893857105828284e-01,4.178818881225599968e-01,6.211114844570380100e-01,3.691745287894606653e-01,6.030410577971052621e-01,8.729401899196346237e-01,5.871329448112249105e-01,2.906191934813422417e-01,2.170210057100350476e-01,2.054669982402050898e-01,4.048079469999834590e-01,6.541158235868408388e-01,6.646891918547110922e-01,2.295810476572365810e-01,5.365530405208789322e-01,2.909575810380066740e-01,5.867487845119265799e-01,6.200198474012929006e-01,4.514223382445298194e-01,4.471852031690986551e-01,4.672665890921078868e-01,2.462536474855432922e-01,3.285677319281546382e-01,1.981506743152268990e-01,4.810607276675386013e-01,5.153775138369700581e-01,7.049239024950220145e-01,6.304656715394061361e-01,4.590384932183557698e-01,4.918814840987161263e-01,4.669138805585054119e-01,1.770031977799867706e-01,4.666695166805753248e-01,1.305486713140364789e-02,7.204247105931329553e-01,6.627430165939938167e-01,8.206890462451662538e-01,5.501352972365125549e-01,5.297207418845293475e-02,9.655098247049035409e-01,6.991616095854458202e-01,4.281698035099363864e-01,5.034936779705891929e-01,8.384482891796949389e-01,4.868194451085248731e-01,3.187065155239861003e-01,9.701255348406141732e-02,3.621748677195325006e-01,4.706573266348691442e-01,5.949870118238530514e-01,7.671752287459580044e-01,9.804088425159701581e-02,-5.714811915940254394e-02,4.109034460716864956e-01,6.296478464615944404e-01,7.678796069325483087e-01,5.242839094595985738e-01,6.885860218174213454e-01
5.657536770913218493e-01,3.428795623482799870e-01,8.705950228055349127e-01,4.809670175915538581e-01,3.887029082039472616e-01,3.217311185280848918e-01,2.694592796946988500e-01,4.958205924139095222e-01,7.545814395571142086e-01,6.134452931487222038e-01,9.262952659054940474e-01,1.148304977131340276e-01,5.816349140900122228e-01,7.038094040705137333e-01,5.259712192869753222e-01,0.000000000000000000e+00,6.611728551460086534e-01,7.214277618391878866e-01,7.367583188727644394e-01,8.221835840070890189e-01,5.967509884104493789e-01,2.814481355829587250e-01,2.314700810607546455e-02,6.690824878166812262e-01,5.015962325250270526e-01,1.981840826270716560e-01,5.864703053418017786e-01,6.519530766588236270e-01,5.403605497103542987e-01,7.585758586569928408e-01,-1.415257781485685096e-01,3.352442989252863992e-01,7.917565152380834359e-01,4.897111163999242622e-01,4.734614552480702621e-01,5.526699116553888125e-01,3.892046553339228998e-01,1.062177928469966726e-01,4.168004607028715225e-01,8.787221810055440008e-01,5.450612349098381548e-01,6.901116905062089080e-01,9.475223331860751497e-01,8.302928368187843799e-02,4.384109091322407892e-01,7.015628766541990302e-01,4.828966891624745239e-01,9.771359707068385525e-01,7.308224630483454165e-01,7.609380621376412579e-01,5.952343328700062663e-01,4.581590232580929345e-01,5.034418869017227571e-01,7.570977602771863380e-01,9.794652057863255656e-01,7.394991645662590818e-01,4.385215450267753168e-01,3.210976658264759198e-01,8.585186327306233434e-01,2.278278940287381538e-01,8.734013419037740533e-01,7.509889626224612869e-01,6.359401060099840741e-01,6.269155438305636929e-01,8.007881379929819854e-01,5.244240024317068372e-01,6.458987672191087714e-01,6.690281816406005166e-01,2.570684666817534270e-01,6.590762617277550195e-01,6.438761795779593955e-01,6.939388918609338264e-01,6.297132266824644331e-01,1.154341841768145027e-01,7.478312412570644607e-01,5.799153249111548281e-01,4.422810973120148703e-01,4.310754139919390493e-01,3.262247874853175800e-01,4.666759350143087626e-01,6.107195984141630118e-01,9.212524264988043443e-01,8.402506077177014365e-01,5.843260564194312501e-01,7.082736036990308071e-01
8.571913434565583412e-01,8.537303872131405402e-01,5.828740724630725456e-01,9.347854568135360864e-01,9.479903576379103969e-01,8.577427519959776037e-01,9.935447024473003097e-01,5.564011455907384995e-01,3.425602937201526754e-01,5.855732124967119034e-01,6.090121294907165916e-01,8.502681254824479007e-01,8.184050714262396387e-01,6.143630926151273375e-01,9.573310869328304218e-01,6.611728551460086534e-01,0.000000000000000000e+00,4.440063339518279806e-01,7.182417750754925834e-01,8.222036552714035995e-01,6.570200199943960762e-01,7.605048146997901437e-01,5.849908740349293312e-01,9.776399894149506720e-01,2.485620407717216152e-01,9.179876052982298695e-01,6.642562608217881248e-01,9.036328467477137139e-01,1.125791986133563571e-01,3.549657505168017924e-01,2.870910368624806641e-01,7.821100124962487854e-01,9.470566028682805282e-01,6.831542728399483400e-01,5.300778754807270454e-01,3.014829848174415128e-01,9.351352291014668194e-02,5.301916087893498997e-01,3.930108682155963873e-01,3.895380111837885156e-02,3.926321995664671105e-01,2.755813817749657169e-01,3.770925660379874089e-01,6.769436660559333685e-01,9.474320574595428424e-01,6.416054961154293856e-01,6.064688015105937913e-01,9.289785038023159469e-01,4.334667330144037489e-01,9.028653655494128794e-01,8.515929089319898004e-01,8.418343898211052556e-01,4.761301491500364302e-01,7.851544066993569881e-01,6.050469174402887118e-01,6.517769087766708269e-01,2.330917031139419782e-01,7.001581886957807255e-01,7.871287219501458265e-01,3.221103400865773514e-01,4.733281613927189935e-02,6.163138850324423323e-01,5.641654364261223797e-01,8.894647864235174506e-01,1.223206007884156815e-02,5.933751499129510387e-01,7.980600968773274850e-01,5.589392655408621513e-01,3.741456009166536090e-01,7.987459346719569808e-01,7.017411451006017042e-01,6.113345539481803703e-01,6.038447915194884719e-02,4.324935241645443407e-01,7.157746314223302209e-01,5.919573840935030695e-01,7.833390239764670415e-01,7.697477888020853865e-01,3.029805921604574181e-01,8.097040914846316551e-02,9.651969568175549075e-01,6.995525755945920521e-01,1.694281888441930006e-01,2.938974088166605436e-01,8.595190821329894426e-01
4.782113950890841125e-01,9.835723760578579666e-01,9.744820044750706067e-01,7.006348335775892666e-01,4.428691453322444183e-01,7.080764787139900429e-01,7.072503048986841234e-01,6.393327928354963774e-01,6.745447641312670717e-01,5.138185046987451265e-01,4.437332391364665063e-01,5.664855713088473577e-01,3.068354995687995190e-01,6.876638274127628847e-01,4.291033087400465407e-01,7.214277618391878866e-01,4.440063339518279806e-01,0.000000000000000000e+00,7.563543286742320237e-01,6.503059706772629234e-01,3.021095116482174214e-01,4.903783107155547660e-01,4.929082580601744645e-01,6.646109678020060141e-01,4.280259047745400558e-01,6.241209223822091756e-01,1.076719044583298625e-02,7.246048349899624208e-01,1.573810153307930726e-01,3.268611699092005551e-01,5.452512447469932688e-01,5.606524635524106071e-01,5.578895441889171192e-01,1.072090567770854624e-01,2.566478574427237813e-01,4.504285798127047324e-01,5.607664342175597838e-01,9.328624519163041251e-01,6.226247721473867625e-01,3.908164754615798264e-01,5.415596400773133867e-01,3.888409588908405268e-01,7.237423574174921548e-01,8.764258856448865487e-01,6.286950723381351525e-01,6.950327187487470582e-01,7.596059194350145427e-01,5.435333669338496820e-01,5.217574848514272556e-01,5.844329260707356033e-01,5.280294515810379785e-01,8.044514537427303047e-01,5.518049933174644650e-01,7.392078708629419292e-01,6.441238611337400943e-01,9.792000669931701928e-01,7.387580973413391261e-01,9.070460425028489260e-01,7.464917532730781513e-01,6.529695035373725975e-01,5.533373214214794000e-01,2.641238719031991367e-01,4.241978153944109819e-01,7.597945031566706309e-01,8.896413144876257340e-01,4.223188050050054598e-01,6.907501741146860885e-01,6.051554048996452551e-01,7.284707815338202774e-01,7.048492265563176540e-01,7.167772039562041453e-01,7.871265949799991501e-01,5.363083357376633442e-01,2.160801756365566817e-01,5.817240932394704966e-01,4.520944356695071886e-01,5.546700527956798243e-01,1.947451207639697701e-01,2.127575031877434741e-01,6.433182210997926420e-01,2.622446408985694699e-01,7.594242502360798452e-01,6.160791135782902606e-01,2.963797642513282260e-01,5.330834495142839913e-01
