0.000000000000000000e+00,9.732896407659222815e-01,4.964615143128135455e-01,6.368658995453608807e-01,7.985589846138253511e-01,8.131374172672742873e-01,9.206887836680825998e-01,4.504314920535332778e-01,8.574078412817487393e-01,4.895364776292000508e-01,7.618953027252499677e-01,7.168324689043077402e-01,2.449767865830209945e-01,8.799853215609216850e-01,6.571965389488344522e-01,3.162709305283781247e-01,3.992877997197451512e-01,8.891105777991498149e-01,5.441540917296812108e-01,4.407772446832495250e-01,7.758851085802306313e-01,9.621315602822347879e-01,6.781166532182218987e-01,5.139149920123873283e-01,6.009929189761177293e-01,5.581029930392206184e-01,7.429122861953184609e-01,7.221382298415774947e-01,5.893360137280918565e-01,4.638712948088174470e-01,2.672150313328079951e-01,6.862431381167205524e-01,9.651745095942918518e-01,5.476188248251512292e-01,8.008647212325021858e-01,5.481914649523212946e-01,7.227477262892940679e-01,6.730726543784761873e-01,4.001241745180591503e-01,7.236142373468954503e-01,5.190017700561622149e-01,9.310862272343025658e-01,4.520223984071325418e-01,7.194459513328077538e-01,6.967731628330680049e-01,4.317282837886370350e-01,9.778355516653401969e-01,7.658367335917151131e-01,8.671202406721612022e-01,8.203947988179690620e-01,9.703270572633999613e-01,4.631024650107502527e-01,9.179447415438959368e-01,8.646721677225768232e-01,6.515732500265392080e-01,9.089562904712805702e-01,9.211424389595815887e-01,4.625230555346855343e-01,1.881822511928755437e-01,7.798824291596846703e-02,7.729760697085168442e-01,6.787335753988297249e-01,5.848353608860084041e-01,6.584031131421542726e-01,7.152301296775056549e-01,7.289619799299408287e-01,9.642320011716051242e-01,6.526585848249200073e-01,5.153193157947899561e-01,6.261926609278199996e-01,6.393602491575978153e-01,7.781736830849002029e-01,2.218736958793815772e-01,2.734428813262574920e-01,7.900222019634577375e-01,8.375916457487703193e-01,9.998291459327659503e-01,7.963501355822188987e-01,3.073542248096237661e-01,3.332158565725991117e-01,4.787423057566093099e-01,8.379714578003513159e-01,6.127085736623752998e-01,7.058257331703522430e-01,4.059593348311272831e-01
9.732896407659222815e-01,0.000000000000000000e+00,6.548184203235678513e-01,9.886754334084153495e-01,7.774166401934503590e-01,4.885425351756088053e-01,6.065618370834950923e-01,5.226400170451191984e-01,3.467027343566025932e-01,3.633655668760246704e-01,5.933521678466834315e-01,5.630964626501819836e-01,4.036499895271514760e-01,6.190740537661048037e-01,3.957254075418827899e-01,4.288880836304204136e-01,4.947166703086789963e-01,8.760212620733722755e-01,6.397111216089780283e-01,5.418037391132096703e-01,4.401245186634905049e-01,5.499793796588584582e-01,5.081283879596232289e-01,7.397715211611183284e-01,4.826850561561986663e-01,6.239508676290256295e-01,3.228518704039282650e-01,7.203802665235597980e-01,7.425976213514643431e-01,3.382713670974937248e-01,3.085916856217708615e-01,5.311514527321165025e-01,6.716712654813913330e-01,3.321161125530202041e-01,4.163279937925984386e-01,3.563881842552508727e-01,4.625747347966695511e-01,7.437584811185079525e-01,6.324824584173651676e-01,6.656180119431336362e-01,5.790786836362361578e-01,4.448987840157233031e-01,5.574799129999306047e-01,6.841245431023030843e-01,9.705279898457694898e-01,7.799213712205249616e-01,5.478956069000374685e-01,8.873365731697530068e-01,4.948343110357695807e-01,5.227784902921780441e-01,3.050859049420936997e-01,2.422809970806117652e-01,6.022438343092422208e-01,7.180399281772053000e-01,7.308922571553181369e-01,6.230056753219834764e-01,8.145965984340314270e-01,8.094666260355468657e-01,9.573304304973895285e-01,4.458138484730376772e-01,1.082238862569093185e-01,6.784335411212021327e-01,9.719387739290330508e-01,4.759452802152065454e-01,9.264676454790008453e-01,8.970535377947767008e-01,8.074970655939854858e-01,7.135556395386747353e-01,7.647922553174946181e-01,2.623068038470188212e-01,4.158688957329255143e-01,5.488336670075190105e-01,4.383035195521148286e-01,5.780572968654857924e-01,4.701330476477281750e-01,5.407000067714641256e-01,8.949546641589553042e-01,3.300726769828887797e-01,4.372561723036998416e-01,7.367716402770756456e-01,7.749581210199324444e-01,2.717954013321542961e-01,1.262152510247114001e-01,5.424874328241789945e-01,2.322750627017708958e-01
4.964615143128135455e-01,6.548184203235678513e-01,0.000000000000000000e+00,5.504174531721778285e-01,9.632772839864875980e-01,7.218857332191370713e-01,9.032440734347323419e-01,9.628553225528716508e-01,9.286494097393765967e-01,9.075761873622529841e-01,9.156123411122225608e-01,5.407528458822170869e-02,5.792898050800514564e-01,8.050765836658682062e-01,7.901627899221149720e-01,5.997574743621174598e-01,6.731472283189441352e-01,7.362217966681301462e-01,8.061267838560740584e-01,8.487304864261759896e-01,9.184228957946397598e-01,8.485683958820479100e-01,7.866019385372402528e-01,9.612483590160945113e-01,7.264291854388515990e-01,6.229439579150177764e-01,3.802296670800647815e-01,8.177944325548427429e-01,5.141825165861384495e-01,1.273150757127146926e-01,2.297680974661109321e-02,6.651869484580650305e-01,9.404504476281527747e-01,9.280590718990379129e-01,8.213684839891957079e-01,4.188290972358946207e-02,2.462037586545314793e-01,8.682487360708149859e-01,5.667344603971087302e-01,8.144215917949564343e-01,3.308900505299553485e-01,9.196186119367250056e-01,4.312459001897310795e-01,8.120768788820109663e-01,9.752022175700263418e-01,7.823003706204101348e-01,5.944786779890527395e-01,9.302055157484351300e-01,2.035307145399462281e-01,8.026487690763681737e-01,9.018005758770016866e-01,5.563723588250992780e-01,8.354653354261843967e-01,8.985145716434489449e-01,9.112215265948887533e-01,8.107901644996261536e-01,5.709014609166482845e-01,9.295850655483889335e-01,6.902557458751419350e-01,2.010376903357121992e-01,2.823196391089572987e-01,4.865175917145927453e-01,6.955563810798687241e-01,8.595274567404417310e-01,2.049865763741637870e-01,8.043971392334186010e-01,8.320861564327384219e-01,6.508733861920368291e-01,9.343352693821360688e-01,8.052981731694319745e-01,9.724250608704175791e-01,8.331183030440044712e-01,2.930340689239523400e-01,2.631387407517918331e-01,4.000898929754542199e-01,3.610180859414032772e-01,9.618189196844795230e-01,8.989029310941788475e-01,7.559203394421989408e-01,3.559567519196604746e-02,7.512571521254380880e-01,9.345331337279946249e-01,6.045527807618588101e-01,9.471768924172646598e-01,7.138594221022169783e-01
6.368658995453608807e-01,9.886754334084153495e-01,5.504174531721778285e-01,0.000000000000000000e+00,4.772267309611702424e-01,8.954069823137107420e-01,4.838853009562410490e-01,6.962438191077300331e-01,6.232137280246001776e-01,6.835563446653268871e-01,8.918084870754163784e-01,6.491352826368806950e-01,5.398608269342060062e-01,6.789050266785662258e-01,7.207219376647917564e-01,7.630977340416245092e-01,7.318790052594749129e-01,1.010753059838385426e-01,5.851624060012206030e-01,3.105501303713204542e-01,5.907920243218275358e-01,8.355095578007939450e-01,8.788779238885262579e-01,9.952600179856943008e-01,6.813469321986507232e-01,1.594301876115356009e-01,6.083685798457073579e-01,9.563020981930462350e-01,5.919362376910981827e-02,6.361578873194280170e-01,3.615472326942259507e-01,4.584503489804353515e-01,4.260310092382616487e-01,6.151687566878066143e-02,8.572807714606061058e-01,5.862796895802604435e-01,3.373790632836086711e-01,6.581923929678969998e-01,5.367423567701206100e-01,4.418311980306773301e-01,3.447612815648539719e-01,7.286614331783571874e-01,9.063416105843222770e-01,9.678184855702880451e-01,7.951650287333762446e-01,4.375595205815772659e-01,9.665730780648715825e-01,7.517748167228661682e-01,7.041160910699716391e-01,8.904267360696509481e-01,7.764651992092725941e-01,8.734438302899738549e-01,8.144680984494435672e-01,6.558735890598221818e-01,7.529096649232613903e-01,6.653052613638082979e-01,7.776769721758676202e-01,4.473847345850963109e-01,7.138856013249678112e-01,8.483210226811369048e-02,7.171134508364153115e-01,4.645480754913091648e-01,6.971894889812881857e-01,8.394429496555555481e-01,8.870618749461096630e-01,3.505112513657481221e-01,6.199440249791862145e-01,6.693216671778429161e-01,1.780044207337267911e-02,6.236637579367820816e-01,7.088377539967751773e-01,8.257922169449156691e-01,6.464111238260413783e-01,5.542127871840215603e-01,-1.948106364975014382e-01,4.456173835710392495e-01,7.909592835238481445e-01,4.806864684090605966e-01,2.893151608863288593e-01,1.700539814702346497e-01,4.156680987264058103e-01,3.407804459897669780e-01,7.182131273146760142e-01,4.285051734856546446e-01,9.048616770097310802e-01
7.985589846138253511e-01,7.774166401934503590e-01,9.632772839864875980e-01,4.772267309611702424e-01,0.000000000000000000e+00,6.849913134418836869e-01,5.941089476017019644e-01,5.344453628122681349e-03,5.980634841268738233e-01,7.969222539119520388e-01,6.184912122947450186e-01,8.897560455073013630e-01,6.945807230914257113e-01,7.635536572876990835e-01,6.684995816453614959e-01,6.091946070079743425e-01,7.139023664340816699e-01,7.585148422616976305e-01,5.506188760761907552e-01,3.517273715625127695e-01,6.378725927024204712e-01,7.880995909255994469e-01,6.940912951495042948e-01,8.913610527012671980e-01,6.661822136856151433e-01,8.904699385058855166e-01,7.799836234328674234e-01,4.233360425251513348e-01,4.659590925918532522e-01,3.945449387763013682e-01,3.291484070151826646e-01,1.678684800711160718e-01,6.166873807400777840e-01,4.086656470683480702e-01,6.194530880765849457e-01,3.691779334593379147e-01,4.709515369827772524e-01,5.929208755777197748e-01,7.893274238594052417e-01,7.033349659159343625e-01,8.069644737609170670e-01,2.489463111000028983e-01,9.808220353596667218e-01,4.525148170850164520e-01,7.869333653452563748e-01,9.753266413489144471e-01,8.908906490654302512e-01,7.463491527265525560e-01,2.741956870808013869e-01,6.653731847872594585e-02,2.894846478331480344e-01,8.555307453719647182e-01,9.362433604780118213e-01,1.861341480223195344e-01,6.137471724168376275e-01,8.821411382217769770e-01,7.236895564089828037e-01,5.750541145817653632e-01,5.498308246926745246e-01,7.559584593299297772e-01,2.520890519982197930e-01,6.823143924445618236e-01,7.561013683679924657e-01,6.540145832579660201e-01,4.827050799437202500e-01,4.454841881332126108e-01,7.824460429253536908e-01,7.996569982674165411e-01,3.798959397163592655e-01,9.219043574880594338e-01,6.279343186945383071e-01,6.622659117664764228e-02,4.730839367206455814e-01,3.397129939540743937e-01,4.896138844739117979e-01,3.532081061115731613e-01,6.739064947083390766e-01,6.060647487325006022e-01,7.914782752754718764e-01,1.560626651321375402e-01,5.412258330960482144e-01,6.385652649640637391e-01,9.285204741290020714e-01,6.782144603510972258e-01,8.991052655694377060e-01
8.131374172672742873e-01,4.885425351756088053e-01,7.218857332191370713e-01,8.954069823137107420e-01,6.849913134418836869e-01,0.000000000000000000e+00,2.175835811165894307e-01,3.188994106517915039e-01,5.345239719656160737e-01,8.557918454109281203e-01,7.704745483063772937e-01,3.479038362559159214e-01,5.823685570147862922e-01,9.237368438622445277e-01,8.971241293629775848e-01,3.512772206065511993e-01,7.328595553458376877e-01,5.402167734290059808e-01,5.868361090757040488e-01,3.354005390247597473e-01,8.498837192200839885e-01,2.679764746464137204e-01,9.640440460530448341e-01,6.868770583822493281e-01,4.058447681803961649e-01,7.195651060209589112e-01,6.648341104937596224e-01,7.870167780044534656e-01,1.942513760227968789e-01,4.870061589885944509e-01,4.879197899182932119e-01,5.559460914466163306e-01,5.027866540201889056e-02,8.872945315021940615e-01,7.469958668824544512e-01,3.529708752333458044e-01,4.599491078600533855e-01,6.004244962478476610e-01,7.069732005598240443e-01,6.489227754825310779e-01,2.094948358895091511e-01,4.810416674100330137e-01,5.973316694726025222e-01,8.415051824075645559e-01,6.617103910399488864e-01,2.079470028896996392e-01,4.175076115815479771e-01,7.477962125574739716e-01,7.165007113508193859e-01,5.112097197970706386e-01,7.230825935756775014e-01,4.103201392762402810e-01,4.711707090402095233e-01,9.869506354074342180e-01,9.474254147317708874e-01,7.857699879932377174e-01,5.456016416460440777e-01,2.508478716629398697e-01,4.754684344850546029e-01,5.431941577102977758e-01,2.530030247045451097e-01,5.361547940601509854e-01,7.522394690143563434e-01,6.758078823311309824e-01,6.045774067384699357e-01,5.907222961373157499e-01,4.872977114289794853e-01,9.027482367412054121e-01,6.285956086995385661e-01,4.862232052736089605e-01,7.052602496676291244e-01,4.162946162688269114e-01,4.696898712366560646e-01,7.983455449917659097e-01,5.631298438957706987e-01,6.216235850700534415e-01,4.527648675408399437e-01,3.486377985855168005e-01,2.505572915154052338e-01,2.576039898853077492e-02,1.911598827305503734e-01,8.421340034916637851e-01,9.309312146168314817e-01,3.108372456036834763e-01,9.076415090920731954e-01
9.206887836680825998e-01,6.065618370834950923e-01,9.032440734347323419e-01,4.838853009562410490e-01,5.941089476017019644e-01,2.175835811165894307e-01,0.000000000000000000e+00,5.959990027156321091e-01,6.316421053326981561e-01,5.490240077661903140e-01,3.363993692550039105e-01,2.664167812158582116e-01,4.148954214051945311e-01,2.599659290414130242e-01,5.461191569900768483e-01,4.279513736971402582e-01,3.460193121672678340e-01,5.945210942038252622e-01,4.610032872958935712e-02,9.523537988491138639e-01,6.929697682116644497e-01,5.164848386722084017e-01,7.025123944199849202e-01,5.146528376782067982e-01,4.566277844317322421e-01,6.730049100061585854e-01,7.579099465335679131e-01,3.909724393236047590e-01,2.388480968657489822e-01,4.253132079844724189e-01,5.087886051580394753e-01,2.950673017864338110e-01,5.298494290899928849e-01,5.533821910095183538e-01,5.283634505005873061e-01,3.816885578459671691e-01,2.171208833074155242e-01,4.086213626731400317e-01,7.791174438427264093e-01,6.984015776458045721e-01,2.178076808298363143e-01,9.525533366901117738e-02,9.094669709831522120e-01,4.039658598931558653e-01,9.071960409867962927e-01,6.255669088096629249e-01,5.887904816025512078e-01,5.838140548081536263e-01,6.184406475968913242e-01,4.761616583728379704e-01,5.073171952071273694e-01,3.128726055882870005e-01,5.189972401162759041e-01,3.707033525742586821e-01,6.793274776434594653e-01,7.486992214056149564e-01,4.664374594870037138e-01,5.250113592560538001e-01,5.507157981858510354e-01,3.821577824859606620e-01,-1.553240979225820884e-01,7.991194191861177298e-01,4.722661415065214641e-01,6.503797806915644353e-01,8.843216815311316648e-01,3.446205251153515725e-01,5.570322753228464929e-01,9.080924115197206437e-01,4.214436554854773531e-01,3.742684659522009794e-01,5.397491142306009015e-01,8.222301708605860293e-01,2.811121198670922250e-01,2.701042899869274816e-01,3.035414166896731603e-01,2.058002174680544083e-01,5.768431035660428474e-01,6.673129903906711569e-01,3.734460854582888345e-01,5.918965638959899911e-01,4.478839294361040557e-01,8.512605329427597178e-01,2.690570537262729212e-01,-3.146147219050907107e-01,4.717296632690764491e-01
4.504314920535332778e-01,5.226400170451191984e-01,9.628553225528716508e-01,6.962438191077300331e-01,5.344453628122681349e-03,3.188994106517915039e-01,5.959990027156321091e-01,0.000000000000000000e+00,6.267617325373245896e-01,5.339498623872096505e-01,6.315254090527312458e-01,7.955817918265601918e-01,5.273490575226941202e-01,4.429677154464005118e-01,3.995140171925511963e-01,7.983150321368687186e-01,8.077638074409720925e-01,3.416476211980935540e-01,2.840664275500802693e-01,4.884377541839434733e-01,6.327984411134514042e-01,3.049499289990500461e-01,4.408735901224614118e-01,7.819850774233674251e-01,5.813050764465235165e-01,5.795979182841516364e-01,4.778453180890429586e-01,4.911117128012156829e-01,5.638827968281407976e-01,7.076174816738710627e-01,4.813728936358652177e-01,5.578423299197676766e-01,8.482358022913734086e-01,7.053405007754768308e-01,5.076190951597543410e-01,6.338043262170329761e-01,2.980786314859385500e-01,6.991508303399502910e-01,9.601178939776291443e-01,6.763787778899374992e-01,5.066897845341893775e-02,1.910113449192154533e-01,6.634030054287544109e-01,5.390086777240728211e-02,9.659245611499149842e-01,3.362952129299476844e-01,4.995607019061458209e-01,7.647242604867853233e-01,5.656049218922412081e-01,7.897514372313602093e-01,-1.727807778664453564e-01,3.750810125072321366e-01,5.687856599451950323e-01,4.469154067111589801e-01,7.346319446602960213e-01,9.070690108544036123e-01,7.449847797125829230e-01,8.406548732529266488e-01,9.638400406723288683e-01,9.202699526545403685e-01,3.902419389745759304e-01,5.650377245218285438e-01,7.740961942004624952e-01,2.734957467893431304e-01,8.112147360555385101e-01,6.337633356881852142e-01,6.449760673278337464e-01,6.760025452010685054e-01,7.215550489128900180e-01,5.503136200392495514e-01,5.645396859324233185e-01,6.815888176076606575e-01,5.679799620846013308e-01,3.546544030342635434e-01,6.566255035768748805e-01,6.592853307287622755e-01,4.119566950147706130e-01,4.029379830265668594e-01,2.310817190406122823e-01,-1.532442909277694776e-01,3.651817799811322152e-01,2.693755221964800883e-01,6.673824796344514088e-01,4.825431541059660989e-01,1.641310897134306002e-01
8.574078412817487393e-01,3.467027343566025932e-01,9.286494097393765967e-01,6.232137280246001776e-01,5.980634841268738233e-01,5.345239719656160737e-01,6.316421053326981561e-01,6.267617325373245896e-01,0.000000000000000000e+00,-1.520856814032248150e-01,6.315582120093287122e-01,5.286725226475639250e-01,5.609920652659596829e-01,2.983402878864218621e-01,6.455404672625797424e-01,4.824001212098795732e-01,9.080832661267408401e-01,4.521537490205921883e-01,2.509399506206727026e-01,8.626410936518544847e-01,9.970767566739404675e-01,6.851771954520300412e-01,5.833298724351583253e-01,4.799464805117599209e-01,2.188059288791595891e-01,4.771057290814830765e-01,9.218505292875069923e-01,6.746366924695912370e-01,5.361072430279287815e-01,2.990638423297031778e-01,5.879329177311061194e-01,3.743831672602949689e-01,2.108614640443891575e-01,4.327316252070224634e-01,9.014815054597934418e-01,4.972593664513408895e-01,3.655039476337889059e-01,6.004935841206739955e-01,5.850341591212453451e-01,2.174890123018475285e-01,7.602466381132790829e-01,7.610769768188477280e-02,7.862762011696982078e-01,2.301803050650314542e-01,8.890283254843850402e-01,7.029894632078007577e-01,2.076493511769711697e-01,4.696255386759273787e-01,4.462552673829918159e-01,4.827576825056469900e-01,7.830302563792741477e-01,4.409938368892711291e-01,6.370704976925494201e-01,8.497412951222407251e-01,9.175517038851116469e-01,6.616967250480725315e-01,6.715697630285730746e-01,8.417489719317182706e-01,6.516730968856132566e-01,1.035757168289835328e-01,4.103798965992355718e-01,6.662994822832776221e-01,6.730542791074394238e-01,8.470903946995832212e-02,6.029231639664617282e-01,2.602912130327878493e-01,3.869133035763613337e-01,5.455937718754061416e-01,6.205606950540226707e-01,5.268222739372732111e-01,9.362258765919939663e-01,1.321709519379355713e-01,7.494777163614894100e-01,6.277264269435034461e-01,2.532864499302416861e-01,6.857661472345261133e-01,6.978708860643439982e-01,4.332558659353891173e-01,3.187805391924279919e-01,2.129851601632399283e-01,5.574478898495613954e-01,5.323502565655983121e-01,9.944069607448779990e-01,7.049505536132312233e-01,7.521596195558550857e-01
4.895364776292000508e-01,3.633655668760246704e-01,9.075761873622529841e-01,6.835563446653268871e-01,7.969222539119520388e-01,8.557918454109281203e-01,5.490240077661903140e-01,5.339498623872096505e-01,-1.520856814032248150e-01,0.000000000000000000e+00,7.845853181457598247e-01,8.403259925176167489e-01,6.867910478687393461e-01,3.334238742351341434e-01,3.360549342440800613e-01,9.384763708564851648e-01,4.883058806193865675e-01,5.395666769124592976e-01,5.464245528889882797e-01,8.707147195085606084e-01,2.801315059906449023e-01,6.329462872951548136e-02,7.713701111935906685e-01,2.457083847577164193e-01,2.870430443577731694e-01,5.359489718851013773e-01,6.713984816241140852e-01,9.251209337633456986e-01,4.816574032215221735e-01,7.162251639570270667e-01,3.352818316316558689e-01,5.140271857146468948e-01,7.622944691986157650e-01,8.085436023610926837e-01,7.412034718954603196e-01,4.470279866948947411e-01,3.326559057717080048e-01,2.555760301423279368e-01,9.535407701179262618e-01,8.425911934512577695e-01,3.222491514589291839e-01,2.313987358341145772e-01,4.255966009145554230e-01,4.105196615109549807e-01,9.984033164430741181e-01,6.637743325937447425e-01,4.810164747755962256e-01,3.765179922211085439e-01,5.839120879785193452e-01,7.116859175587945119e-01,2.623238948756470013e-01,5.848910560463700392e-01,6.890647162864457220e-01,5.609043345691151483e-01,2.535091629092362520e-01,7.448204767271604521e-01,5.574882663917049008e-01,6.261254225843521093e-01,8.447116183477343387e-01,2.139372785403362842e-01,4.063502781593059110e-01,6.923439658061176782e-01,5.045241780104535723e-01,7.764030317169848816e-01,9.897354089501739782e-01,5.546848504113165435e-01,6.958958866338904592e-01,7.666179606351506415e-01,4.018576545327223748e-01,4.101994899270318407e-02,7.340321217735381598e-01,1.929204827528848420e-01,3.401534383297027953e-01,4.287932686518742820e-01,6.101111014381512820e-01,6.656087676273187981e-01,4.933429567236899405e-01,5.904466424510632638e-01,2.164877748799609591e-02,6.233732941118871329e-01,3.336808345170749757e-01,5.837444263874020933e-01,2.484389516689899657e-01,8.752168920735723390e-01,5.486002533660531144e-01
7.618953027252499677e-01,5.933521678466834315e-01,9.156123411122225608e-01,8.918084870754163784e-01,6.184912122947450186e-01,7.704745483063772937e-01,3.363993692550039105e-01,6.315254090527312458e-01,6.315582120093287122e-01,7.845853181457598247e-01,0.000000000000000000e+00,4.449489742283818106e-01,3.668725104604846354e-01,7.500078481706889955e-01,9.748393189608062226e-01,7.459784294349744993e-01,3.816254407459818143e-01,9.343610013593264263e-01,4.557060076843543750e-01,9.768507053153305808e-01,8.595785427065923967e-01,9.805921959656918041e-01,7.121915506884883840e-01,9.950103725363346197e-01,5.591945026660557483e-01,6.308076487030863655e-01,7.975627572784380614e-01,2.399540044399918748e-01,4.119909221691138157e-01,6.379525922657871551e-01,2.169661035667694027e-01,5.475304210683633599e-01,4.397836242171226928e-01,7.300529729206148843e-01,7.640810656034658921e-01,2.581999176669214080e-01,5.637323346759768317e-01,2.237992712625565539e-01,9.246590759546180482e-01,9.980761703118535833e-01,4.646415911502591034e-01,7.673127229517952008e-01,9.930473242325452699e-01,4.754563019000159763e-01,5.164431089177665690e-01,6.762033733324436247e-01,4.911692908898902532e-01,6.046703668193227355e-01,4.560990729821019496e-01,7.310131364884389638e-02,6.005413772011808371e-01,6.472484243998651854e-01,8.665877325430910716e-01,7.206294801566125452e-01,9.765835116672378913e-01,7.953675797527393065e-01,1.110779289987643970e-01,3.651270290158250553e-01,7.914538928148575625e-01,5.506852708725412660e-01,2.608277211658940886e-01,4.283555095379937838e-01,9.649936020584892749e-01,6.181818157494511912e-01,6.461373730355373102e-01,9.865210402946361645e-01,4.486614164622388379e-01,7.944934204719825699e-01,3.188257464891115500e-01,3.949812785651239944e-01,4.367199750673007030e-01,3.917247268057478804e-01,4.966929864312604193e-01,1.292648284161918015e-01,8.272519576997535706e-01,7.746771495453046441e-01,7.459245706432141576e-01,3.637126798073804235e-01,5.134554116443628136e-01,7.761398927384345336e-01,4.602915809624517213e-02,9.833521717574489340e-01,7.880355798234861542e-01,5.404122502050363597e-01,8.268214216282543383e-01
7.168324689043077402e-01,5.630964626501819836e-01,5.407528458822170869e-02,6.491352826368806950e-01,8.897560455073013630e-01,3.479038362559159214e-01,2.664167812158582116e-01,7.955817918265601918e-01,5.286725226475639250e-01,8.403259925176167489e-01,4.449489742283818106e-01,0.000000000000000000e+00,9.260819785242752067e-01,6.646670226751189015e-01,9.923609593428739384e-01,9.077759608852677964e-01,6.260990615262165271e-01,3.409834428024175468e-01,7.296705814555433101e-01,6.429734353944609460e-01,6.155784507920243342e-01,3.221294242297311761e-01,6.227225290180740114e-01,7.877488624271619111e-01,2.112368783673318484e-01,4.170880507536918191e-01,8.922650438358104008e-01,9.894639056906162633e-01,1.205720772625479553e-01,3.439654368873547585e-01,6.625716716807862339e-01,7.427476404131955201e-01,4.617218375309131706e-01,8.175043127460167591e-01,3.645246517232985095e-01,4.842570201117825102e-01,3.761591150636760528e-01,9.752243886971829756e-01,6.407546872798169924e-01,9.620878611211496345e-01,4.579091251073319491e-01,2.641419478988331626e-01,6.395725570825602224e-01,6.876516140610087202e-01,4.879605877876868614e-01,8.190383688130038475e-01,7.109050982551075037e-01,4.265567923134124251e-01,5.272537300803825655e-01,7.979120085088772241e-01,5.747899248927906823e-01,8.229797815636173963e-01,6.051680513627989422e-01,7.803115640755525773e-01,6.660631784690247414e-01,7.722556962211108988e-01,6.549469247172237107e-01,6.942086122005657334e-01,7.821966966925651965e-01,4.904159038607441845e-01,1.414075994081007703e-01,8.537905234790819087e-01,7.888999846426980600e-01,6.141332603404247026e-01,7.769548383161339888e-01,5.974404102516681636e-01,5.672267688428044297e-01,6.851940273960094308e-01,5.464705753748571038e-01,7.766844535770855984e-01,4.373416528815201598e-01,4.801737991869023947e-01,4.149451381230208069e-01,6.413443875543487493e-01,5.332087629802801931e-01,4.302040025616795105e-01,4.689310338353867014e-01,2.603706467901138466e-01,3.030777015181198575e-01,7.158527016310679558e-01,5.450834938905643190e-01,9.121043663203870500e-01,1.654648530189583022e-01,5.452356865871184344e-02,4.701493641511775290e-01
2.449767865830209945e-01,4.036499895271514760e-01,5.792898050800514564e-01,5.398608269342060062e-01,6.945807230914257113e-01,5.823685570147862922e-01,4.148954214051945311e-01,5.273490575226941202e-01,5.609920652659596829e-01,6.867910478687393461e-01,3.668725104604846354e-01,9.260819785242752067e-01,0.000000000000000000e+00,7.305030601783439881e-01,6.541626644187421569e-01,9.903553551745185590e-01,8.169162830653141638e-01,2.784976811400355357e-01,6.913278128486531893e-01,6.954519822510357718e-01,8.102133356163495614e-01,8.869611901114098362e-01,6.891205000742599562e-01,4.763742211152462991e-01,7.825269388067406240e-01,6.346141421349826839e-01,7.026057221873625025e-01,8.351020173760923537e-01,2.349278701706901118e-01,3.065045879204354451e-01,1.048468647563236822e-01,-1.676412354333952082e-01,5.431963691009974449e-01,4.480107906937830231e-01,6.932778574850716469e-01,3.093610357464844363e-01,3.531280585941413142e-01,5.950158167344486992e-01,5.158249030566149917e-01,7.873902939899803943e-01,6.328525395008418597e-01,7.948483876035150608e-01,9.265802781954928236e-01,6.903212408786603138e-01,9.783033995050602893e-01,5.146124364544155672e-01,9.155306132871710023e-01,5.870545763069947576e-01,4.743864285407732306e-01,4.143437285757687327e-01,5.445641388275348493e-01,9.130100015697939844e-03,2.427212303860857429e-02,5.606767487030795971e-01,5.095373783089172104e-01,6.864126618910971755e-01,6.905632456478599801e-01,8.289292873407217987e-01,2.042082217005429245e-01,5.305566721297808597e-01,2.834068453559186740e-02,7.492192015302814312e-01,9.035952370318264260e-01,6.553281351389368403e-01,9.993535602666313578e-01,6.383909775571849909e-01,9.431127349804666604e-01,4.111165131268598172e-01,2.785518797516017275e-01,7.652862016950441326e-01,9.776562880353534268e-01,8.861654618555674379e-01,4.145327163863389286e-01,5.750414862130840410e-01,3.411034374831634630e-01,7.849213419063227892e-01,4.228912483676316447e-01,7.638372371900764568e-01,7.463967140500210595e-01,8.967653629678347393e-02,6.970141579956821154e-01,9.581116547736743261e-01,4.710140507668442167e-01,4.991867070127435357e-01,7.020007079044081610e-01
8.799853215609216850e-01,6.190740537661048037e-01,8.050765836658682062e-01,6.789050266785662258e-01,7.635536572876990835e-01,9.237368438622445277e-01,2.599659290414130242e-01,4.429677154464005118e-01,2.983402878864218621e-01,3.334238742351341434e-01,7.500078481706889955e-01,6.646670226751189015e-01,7.305030601783439881e-01,0.000000000000000000e+00,4.545597140061880537e-01,7.820364518544312693e-01,9.219527026306217898e-01,6.967578241376658488e-01,6.378299894830034011e-01,6.234095115851474578e-01,9.367063041203339546e-01,6.794256374890930150e-01,4.812055872176838056e-01,9.632763868129901041e-01,4.556664783284874454e-01,4.685667152605870744e-01,4.668678794657046272e-01,7.806881890865436935e-01,-2.826572719145210577e-01,2.914412445640873206e-01,5.308006154816256039e-01,6.332473366340417575e-01,4.433612884082163696e-01,7.883354736686389863e-01,9.931205450543172386e-01,1.329983886008180016e-01,2.960895149869160470e-01,7.900460635877486482e-01,9.966456339622415950e-01,5.767079823708951558e-01,8.607114673948360051e-02,6.552083229952833099e-01,7.235075692672058301e-01,8.677477783898259744e-01,9.591982585128941974e-01,3.458573616972462350e-01,6.554044156733130899e-01,7.570854739050095761e-01,9.655432897047462326e-01,8.491500154042337378e-01,2.982855640787125950e-01,2.028115678213013029e-01,2.121430978218366223e-02,6.368375561764871851e-01,8.006420297293161958e-01,2.473727447596767992e-01,4.823443814437211041e-01,2.066529454426500878e-01,5.393211485140599892e-01,6.617564718322453687e-02,5.644257435978743409e-01,6.945784852520409114e-01,8.005727323233643444e-01,4.477092149327225878e-01,9.956804122683029501e-01,7.748334987299673182e-01,4.457053033819425858e-01,5.513762074225998511e-01,7.670889173093640157e-01,9.002428564041042858e-01,4.342016451509731478e-01,6.235746107895908663e-01,3.220432939148590856e-01,7.678538824312932665e-01,3.144719185366458558e-01,7.215067178781140456e-01,6.868258972663087158e-01,2.640613568444493686e-01,6.290263375813804902e-01,4.062381735232089564e-01,3.920064954665408719e-01,8.188763312515362491e-01,8.354333588675120215e-01,7.666420333726182701e-01,9.184506839774877474e-01
6.571965389488344522e-01,3.957254075418827899e-01,7.901627899221149720e-01,7.207219376647917564e-01,6.684995816453614959e-01,8.971241293629775848e-01,5.461191569900768483e-01,3.995140171925511963e-01,6.455404672625797424e-01,3.360549342440800613e-01,9.748393189608062226e-01,9.923609593428739384e-01,6.541626644187421569e-01,4.545597140061880537e-01,0.000000000000000000e+00,5.666746387235425120e-01,6.797642755310699947e-01,2.261164808287275951e-01,8.455076217729422527e-01,7.905670867740135499e-01,6.933462946535300375e-01,6.833859634612525769e-01,3.801708718900452255e-01,3.834751023940061732e-01,2.589707448991640515e-01,6.797851917315498316e-01,7.913548805988552814e-01,2.420798808822646753e-01,4.506784194100010854e-01,2.717490670984061829e-01,3.102716469932613741e-01,7.868465311660448602e-01,6.558309874152696839e-01,2.238262906467606561e-01,6.801454040906695919e-01,2.247049605616622814e-01,3.449464827864800465e-01,2.348771050580740483e-02,8.007183043659770183e-01,6.991875817443536922e-01,5.535510898644744326e-01,8.882479062947392645e-01,5.101366575586865348e-01,4.490240295748720856e-01,2.208238013735714655e-01,5.430327440410370743e-01,7.797003694536482898e-01,4.852467590246964946e-01,3.877017782380720035e-01,2.898169685417200658e-01,5.995814292975648607e-01,4.430411715581690779e-01,8.079210981781704826e-01,2.843429734925739805e-01,3.897810128116314110e-01,8.726740985770243819e-01,4.094482848437756561e-01,3.089595096249245776e-01,1.667566252537643345e-01,3.039650038897769302e-01,1.507145734038896068e-01,6.901668466523029899e-01,1.655169207812524912e-01,6.397396195963084287e-01,8.604846043687008894e-01,4.922285368078778145e-01,7.716978219894359281e-01,9.997683732354746278e-01,1.479967240344948476e-01,5.512997759161781808e-01,6.973320882613853744e-01,7.771827529624446562e-01,3.906480357966690686e-01,2.437405741338093679e-01,5.551562473324933578e-01,5.207725713211395213e-01,5.883903803989086745e-01,3.402074592239913153e-01,8.001270468410917602e-02,4.847592421914267979e-01,9.559113543578722227e-01,9.097469944701057631e-01,4.246602180051404218e-01,6.326283804821645207e-01,9.632433027285562943e-01
3.162709305283781247e-01,4.288880836304204136e-01,5.997574743621174598e-01,7.630977340416245092e-01,6.091946070079743425e-01,3.512772206065511993e-01,4.279513736971402582e-01,7.983150321368687186e-01,4.824001212098795732e-01,9.384763708564851648e-01,7.459784294349744993e-01,9.077759608852677964e-01,9.903553551745185590e-01,7.820364518544312693e-01,5.666746387235425120e-01,0.000000000000000000e+00,8.553504116087357056e-01,2.196153114333882495e-01,5.251869643078390659e-01,9.457277805494711531e-01,9.714542059528448181e-01,2.313148241350058143e-01,7.219798042609931743e-01,7.920305995315168879e-01,2.315439519483825093e-01,2.606036490388524696e-01,8.427471193650073467e-01,7.668272563768068206e-01,6.956840569340160263e-01,3.860207522561893700e-01,5.038680813478531306e-02,1.346341658477738512e-01,8.146641756201403739e-01,2.282487766749013436e-01,5.876449827390729519e-01,7.037515875494421147e-01,3.093053995730083439e-01,8.268038160022315175e-01,6.350125321650326171e-01,9.708310338975342235e-01,3.072170812167501763e-01,1.904021735676318661e-01,5.599849219865634664e-01,9.562166579103720254e-01,4.833585262739404920e-01,4.263789640940179870e-01,4.883058090969432663e-01,5.129226295905149335e-01,7.707252685923867697e-01,3.382253814834163541e-01,4.303409251179545203e-01,7.815195606278967366e-01,6.250284429754003890e-01,8.895179812012905529e-01,5.049704662526186549e-01,9.743260097852854962e-01,4.971072711595636573e-01,5.844076784607928898e-01,5.963517130064648342e-01,5.594538535073226848e-01,6.269242872239711994e-01,4.350331925587328508e-01,8.853781733393062403e-01,8.903614431670050511e-01,8.765592279224797556e-01,9.752549683687872228e-01,6.351993857674498312e-02,7.960512319812982351e-01,6.445333442312429773e-01,3.288712975245013798e-02,7.074729225177327496e-01,7.042639970749863254e-01,5.285711250626574653e-01,5.917222763531502228e-01,6.367914578847527762e-01,4.211350989023077140e-02,9.071129076075981068e-01,3.795723709913576549e-01,5.214543466179604181e-01,1.381633191937125249e-01,3.305015260985136871e-01,2.698268250168077698e-01,3.366958458687073219e-01,6.365878021646913520e-01,3.653905676725291984e-01
3.992877997197451512e-01,4.947166703086789963e-01,6.731472283189441352e-01,7.318790052594749129e-01,7.139023664340816699e-01,7.328595553458376877e-01,3.460193121672678340e-01,8.077638074409720925e-01,9.080832661267408401e-01,4.883058806193865675e-01,3.816254407459818143e-01,6.260990615262165271e-01,8.169162830653141638e-01,9.219527026306217898e-01,6.797642755310699947e-01,8.553504116087357056e-01,0.000000000000000000e+00,8.194877652337133611e-01,6.292914764960272356e-01,9.080265916533309944e-01,4.403046341216637072e-01,-6.771586068754956167e-02,9.027263843029411650e-01,8.507919035995373802e-01,5.643293614528763907e-02,3.081732367835674502e-01,8.525353138007627507e-01,6.865437517253482058e-01,2.098798038760736617e-01,2.295694090439819868e-01,4.500674261352929917e-01,4.138608917052007397e-01,9.812164841986477093e-01,6.863054832661150684e-01,-6.834261459783450010e-02,2.231386762823390213e-01,5.982846742221463732e-01,9.848677556051617099e-01,7.117571529271545794e-01,6.868115470079978468e-01,4.349115044914741435e-01,6.878085794003028219e-01,8.078890765869803925e-01,7.446297034682250460e-02,5.326351802193263207e-01,7.182115964658735141e-01,7.547839052883312805e-01,2.336456113427780590e-01,7.028263910849141816e-01,9.758463084798378873e-01,2.584325560736993044e-01,8.876355200072408858e-01,6.704844531262267315e-01,5.123702630553409465e-01,7.453867555071864714e-01,7.890209864538002549e-01,7.346908752118108676e-01,9.806972170211210038e-01,9.083162299089012626e-01,5.881530936617738181e-01,2.703579149780074298e-01,7.671426963493604978e-01,7.225999645149023820e-01,7.680030006427788214e-01,8.953556198496003260e-01,4.117570078962571323e-01,9.948131484643393252e-01,5.788470849535209961e-01,2.941240207749746816e-01,4.157183665825749941e-01,6.723121341739136669e-01,6.219995244602398721e-01,3.402429244528785146e-01,2.847322126015388033e-01,5.951233643991222788e-01,6.333888126680577990e-01,2.973943175167287345e-01,3.591704075420150688e-01,3.870576959653325710e-01,3.626209472656338750e-01,2.210366321368441855e-01,6.525203098522489586e-01,7.475909219055513200e-01,-7.199644813209041261e-02,9.012947032805147529e-01
8.891105777991498149e-01,8.760212620733722755e-01,7.362217966681301462e-01,1.010753059838385426e-01,7.585148422616976305e-01,5.402167734290059808e-01,5.945210942038252622e-01,3.416476211980935540e-01,4.521537490205921883e-01,5.395666769124592976e-01,9.343610013593264263e-01,3.409834428024175468e-01,2.784976811400355357e-01,6.967578241376658488e-01,2.261164808287275951e-01,2.196153114333882495e-01,8.194877652337133611e-01,0.000000000000000000e+00,8.324667208825535791e-01,6.756728800738678320e-01,8.435553867095828551e-01,3.125861865063468414e-01,7.406654071444247478e-01,8.172719236593747327e-01,5.949318475535827488e-01,5.190550328861295304e-01,7.413645881233883739e-02,5.494645696205179286e-01,4.186246757827137843e-01,2.950103766681905770e-01,5.330878928479191314e-01,3.400857688486548236e-01,7.154169613270093819e-01,9.043115883871949423e-01,5.564072324856048635e-01,4.155783302314931538e-01,2.305754758930160242e-01,2.771881151341568095e-01,7.623018721243852713e-01,6.951229786962107582e-01,4.605967585170034351e-01,6.023091736989000244e-01,8.920151295590169616e-01,5.599454966999704020e-01,8.143588198905814535e-01,2.902695182073445901e-01,3.725523794790692733e-01,7.186208152031288154e-01,2.282665435635060081e-01,6.295799074127428341e-02,8.961183752520687218e-01,7.109804821662045748e-01,6.246316164248837399e-01,3.386588469612561436e-01,2.230471101445712645e-01,4.483121098333215926e-01,6.586371404945305930e-01,-2.608685396637822063e-02,8.665220349629939589e-01,2.284140963770230071e-01,7.757344294133192708e-01,5.025328387608019032e-01,8.156247977053043829e-01,6.143150083719032262e-01,8.600925809665721511e-01,5.653189993842332450e-01,7.996056718625917936e-01,4.601032895079715246e-01,7.304062648058013973e-01,6.294832570403406935e-01,4.506867820609455344e-01,8.558084775153933510e-01,6.911724981047904226e-01,5.773314524762527267e-01,5.529473078178760437e-01,7.601999019277858594e-01,3.866859510372789299e-01,5.518560717503127044e-01,-1.930442613766289450e-01,7.918874413905336862e-01,5.534037317700075675e-01,4.799959814410980075e-01,5.145655655588705635e-01,2.814520029366235909e-01,6.809373963779311034e-02
