0.000000000000000000e+00,6.123301855567712115e-01,9.424590111786839142e-01,7.756843676160236623e-01,6.220982335394820151e-01,8.925034000268939893e-01,2.305533939791810927e-01,7.536315943081951518e-01,8.769192791740724191e-01,9.245612843706426665e-01,9.431607318094367143e-01,5.690717215727693068e-01,6.119467088653148812e-01,8.661870963040152471e-01,7.697880821191775969e-01,7.238940039792188808e-01,8.346436644664469995e-01,6.663349619185304773e-01,7.681526762186512425e-01,5.199279539867134314e-01,6.646252319050964807e-01,6.443914183907931692e-01,7.220783838951810862e-01,9.406358011739532898e-01,6.027122665184539985e-01,7.423270160886824565e-01,8.168322430994413574e-01,8.928908498626969559e-01,3.288599903489344278e-01,-2.553187082952412812e-02,3.652964493759230935e-01,7.114447474437489705e-01,4.468613655801457196e-01,5.359168945799025474e-01,9.514955301548471134e-01,3.911612615227008094e-01,3.306671774330401936e-01,5.198831394911166415e-01,6.819426066954528132e-01,9.587721866828456951e-01,5.792627527457054892e-01,4.244816369891893926e-01,6.346494707518957057e-01,3.157026818458503747e-01,5.468608272057661202e-01,9.546307618209143309e-01,2.318613249959646239e-01,9.429190403812449661e-01,-1.712407913498301126e-02,8.774156780281827661e-01,7.046705702077277200e-01,9.352576866120705379e-01,9.687035441238251998e-01,7.513551711116380760e-01,2.299827460019199799e-01,3.563225539319340163e-01,8.727662367894892803e-01,4.975580976765048846e-01,2.752319483993387328e-01,7.003087967661038027e-01,7.225197559881325615e-01,8.722457638725820139e-01,5.799511233668097621e-01,8.684989727875226384e-01,7.953106593187044826e-01,9.063038306033077696e-01,6.842423605978467105e-01,6.394719986876595819e-01,9.980140584745991195e-01,5.419630134082553674e-01,5.591571661613607969e-01,8.402448515352193281e-01,6.283184332548130691e-01,7.343641475885455128e-01,4.429232924288078466e-01,6.750578386306033130e-01,9.165561110772260101e-01,7.476649519959988055e-01,5.390626226078464311e-01,4.223257379277810530e-01,9.875081581052606028e-01,7.431127604521476915e-01,8.708250248992539522e-01,-6.811308629561330097e-02,7.720367083071935088e-01
6.123301855567712115e-01,0.000000000000000000e+00,9.622858768079700642e-01,2.394294959678849588e-01,6.663803516129561677e-01,9.553749683418710781e-01,7.695302509584338591e-01,4.932148758536523681e-01,9.322260494488983362e-02,9.726368747170599516e-01,6.523614142789128101e-01,8.098037317966813031e-01,7.511989361213000649e-01,7.726388785596445263e-01,4.613774266525935142e-01,3.977375170844172914e-01,7.160298819197373765e-01,5.371512629118460058e-01,4.171543438196370079e-01,4.551878281655852287e-01,5.943638325095574881e-01,4.521297789792020350e-01,5.212427081673044471e-01,9.054633933365872078e-01,2.318756901951827820e-01,5.823611428878050500e-01,9.734787629738247405e-01,8.407044699126794418e-01,-1.232606935620115668e-01,4.624025918472878804e-01,5.092663093538678520e-01,6.229060091025919732e-01,5.637052421679291658e-01,6.605334061880523411e-01,4.834730096486118955e-01,2.526613370648551626e-01,-6.563678148653864786e-02,2.386095063364943869e-01,6.201814791595531284e-01,7.679200117663738112e-01,9.428296748148495832e-01,-1.150318614540046941e-01,8.450447878503606347e-01,5.548185137927582611e-01,8.420287588900537967e-01,6.081177447990279150e-01,4.487262775495263201e-01,1.350891861317044806e-01,6.684298466483891143e-01,4.835783812439069518e-01,4.472220716702322019e-01,1.709976382382073778e-01,6.318871125248793907e-01,2.018676206088629299e-01,4.123022950760463212e-01,9.732221015610895698e-01,5.260324128663186327e-01,3.467047269184040381e-01,8.732987839074338732e-01,4.716648114585104690e-01,2.807447614822630721e-01,5.285261416584773331e-01,2.910805841793691340e-02,7.575444442805486789e-01,8.035166927221234490e-01,9.220921558892659631e-01,4.550973445796249739e-01,8.192984565435708078e-01,7.991216541622833125e-01,8.619834123518297364e-01,5.826546160435148725e-01,7.405432887189601354e-01,5.275744522820576821e-01,5.273863120064217203e-01,6.096446053728199477e-01,6.951817108923292743e-01,5.105899503742804546e-01,5.384123825836684141e-01,4.326905149519438831e-01,-3.033657846723891716e-02,5.233242241070915624e-01,7.486318459938704484e-01,5.484944789952601596e-01,5.581190857643074654e-01,4.773559252537765696e-01
9.424590111786839142e-01,9.622858768079700642e-01,0.000000000000000000e+00,2.003412489150810105e-01,7.439184937159805111e-01,5.173793150759514736e-01,2.926418031210564208e-01,5.143450805870309894e-01,9.330695802591529864e-01,7.161116527790570840e-01,8.535085522556269400e-01,3.922446589698164177e-01,1.340539840909386604e-01,9.913836867226724081e-01,6.960434088596717528e-01,2.424779439827594585e-01,9.945936508962969214e-01,6.948598138293191617e-01,9.554508765760677536e-01,2.863713631008087401e-01,6.578578254027416250e-01,5.588671659388382285e-01,6.549241452472253089e-01,8.198339467018190829e-01,8.154272531023157855e-01,6.795931674347243101e-01,6.915592400260760497e-01,7.557291115319200170e-01,4.426906308081320907e-01,1.797288206197929228e-01,3.613420059385897831e-01,8.228072751780901584e-01,6.342398180350361514e-01,9.118146599461477431e-01,5.252052185409035179e-01,5.237110489860897777e-01,5.076312202350626857e-01,7.158035987937241273e-01,6.827312772481627379e-01,2.605707283139759856e-01,2.417968671266516323e-01,5.558567630197424059e-01,9.229144435044853712e-01,9.161952670935833432e-01,9.167881100684880380e-01,7.763458500491979830e-01,4.208051005079585516e-01,7.873347047506914498e-01,4.986336771423278691e-01,8.624598525763841339e-01,8.759313339960799194e-01,6.370485513274826150e-01,6.657923137087055077e-01,4.355827837016349457e-01,6.946135448017649594e-01,4.850600688395640403e-01,7.236255686463185510e-01,-6.530955499019275301e-03,9.387771980342429767e-01,7.137269352388669885e-01,6.714146140270893515e-01,5.394402373480065016e-01,8.512171089663761459e-01,4.828427892203705496e-01,7.993667502059093044e-01,5.587536853936156955e-01,8.552294454597384465e-01,6.010673769903258634e-01,7.553330801850686171e-01,4.382273376949784582e-01,9.524539764335662184e-01,5.446711267122653632e-01,5.334334584149851288e-01,2.722954487577958771e-01,7.698382724748771277e-01,4.030845724480397463e-01,8.801184832044544049e-01,8.961227760905392525e-01,3.014431119541230442e-01,2.186145071746533608e-01,9.014634219280581728e-01,5.550488528622992135e-01,5.729262627051561196e-01,7.416510372640754412e-01,7.914123589727057873e-01
7.756843676160236623e-01,2.394294959678849588e-01,2.003412489150810105e-01,0.000000000000000000e+00,9.043529448901604928e-01,9.280514796541421418e-01,3.895275105649561587e-01,4.558796916013509448e-01,6.752920490505280871e-01,3.545557962921997985e-01,4.166870153871209959e-01,7.305041325536477670e-01,1.607949026392188063e-01,4.234376819230188937e-01,9.739463272800905624e-01,2.047091615910943407e-01,8.155631402618286341e-01,5.030851170798467109e-01,8.238834109847117393e-01,7.137598626423533599e-01,9.051155453711874355e-01,6.196119298804140252e-01,9.924555821912052211e-01,9.750121017872566132e-01,4.745293147440765580e-01,8.379992716816221376e-01,9.850191815833351239e-01,6.833626390290793440e-01,3.785993346760302414e-01,4.241013410855621335e-01,5.970059785221442095e-01,2.707916100034869489e-01,6.208434265973795663e-01,8.432663704870211330e-01,8.094301670183075004e-01,4.254000987927903932e-01,9.331009279872718443e-01,6.391876439035856228e-01,7.702574448692059983e-01,7.272297844133198685e-01,3.506696875540720182e-01,8.101883786707765323e-01,8.255238632481158856e-01,8.751339113494067679e-01,4.817565821294806927e-01,3.351814728322665138e-01,7.984017045176291516e-01,2.802652649577934141e-01,6.034986537298101666e-02,6.347511257592862721e-01,7.972114274721326943e-01,6.939794760310079580e-01,6.099436008754839378e-01,6.229697383179145787e-01,2.220564779483040485e-01,8.916222819261742094e-01,6.818873359347031871e-01,6.677381102245640854e-01,7.310200925319392251e-01,5.728799210734101255e-01,4.722699617953320939e-01,4.105689750074725808e-01,7.616141005220037341e-01,7.882947747686225304e-01,3.817142387504801060e-01,8.568753548565942735e-01,5.245518142901078873e-01,7.461102384526104858e-01,4.842955352336200114e-01,7.286127489709293137e-01,6.253971723994438126e-01,5.843353186987593206e-01,7.286156313973162213e-01,3.298588572148491993e-01,7.521004951488309276e-01,8.356829860252042996e-01,3.354554614154207082e-01,5.635468376271768332e-01,5.437813547753976851e-01,-1.999509556519396547e-01,4.693288836136383924e-01,7.065169958246630966e-01,7.175461726231433524e-01,4.649606190942994211e-01,6.279066395692003422e-01
6.220982335394820151e-01,6.663803516129561677e-01,7.439184937159805111e-01,9.043529448901604928e-01,0.000000000000000000e+00,9.167499903020009944e-01,2.538350011854410004e-01,4.958721029571375727e-01,6.966033839335012967e-01,6.494414232136074272e-01,9.148498232561260712e-01,7.550610090651155293e-01,6.480243321920957644e-01,6.588486602543192072e-01,5.824988260532145690e-01,7.175821454134631017e-01,7.965849450455477765e-01,7.363059743014749303e-01,9.392624819109914869e-01,8.018071846456101825e-01,6.368300846478281985e-01,6.382394705023743953e-01,7.189647434186480224e-01,7.744537315308316350e-01,9.811570936717622926e-02,4.239542775643953543e-01,7.430577462287903945e-01,7.471608768126771771e-01,5.488702185501622699e-01,2.332433570302737957e-01,5.449031573150168173e-01,-4.172758000866955141e-02,5.715259241510468602e-01,4.832729551157166070e-01,7.825081141416625474e-01,4.047442479592517905e-01,7.163677954495520361e-02,6.410657760226904367e-01,8.500976568283489243e-01,7.518852109161928698e-01,5.965922763567281795e-01,6.186351630758680775e-01,5.841264017195656466e-01,9.120990429678482725e-01,5.071343308887874546e-01,6.100843386586385364e-01,6.920660291368483374e-01,9.458491764735089680e-01,6.036277991028931034e-01,3.634324827747263953e-01,1.674006117885981915e-01,2.736499153269276730e-01,5.127351002038957883e-01,5.389426380604960265e-01,8.066684115728676163e-01,6.926108144129510258e-01,6.135366774519335209e-01,2.442943870382559002e-01,5.866882879300228115e-01,4.158834356188442771e-01,3.228793850471993188e-01,9.319087670560028958e-01,7.028480306712028280e-01,3.859645252180080588e-01,8.403611965585529031e-01,7.819244888460198384e-01,2.681759803041305901e-01,7.042921976238167847e-01,7.871435940356104055e-01,8.189837017124509400e-01,4.863590295520611173e-01,3.337686258278366180e-01,1.175101492608691400e-01,3.057646572651310235e-01,5.745822705539159747e-01,6.146405551806586320e-01,3.009680469354487076e-01,2.819537788719692628e-01,3.160499003276245195e-02,3.484819554470233172e-01,4.020622735084469213e-01,6.180053560912294186e-01,6.670474128810123249e-01,3.468513066841302783e-01,3.945390558296431316e-02
8.925034000268939893e-01,9.553749683418710781e-01,5.173793150759514736e-01,9.280514796541421418e-01,9.167499903020009944e-01,0.000000000000000000e+00,4.133111581120392786e-01,4.180083425469194869e-01,7.760446967617311564e-01,8.239267572642549053e-01,5.963859733495976423e-01,5.133923285941106585e-01,3.354699277497017462e-01,5.110015094656880086e-01,6.219228820944393554e-01,9.452640621630847839e-01,6.867375948262514906e-02,7.299283731932756369e-01,7.286675578042438595e-01,8.217952053046958527e-01,4.297186134589934259e-01,5.118155122291652426e-02,4.399796166313308943e-01,9.593017470937346136e-01,5.908106651001643339e-01,3.471197774094117450e-01,5.897540622847142755e-01,6.949063666840821218e-01,1.474293840674399947e-01,2.977252936244284554e-01,2.985564324614842224e-01,8.806577852343454582e-01,7.519659288216375970e-01,4.014317195728548393e-01,5.257917476748796837e-01,3.280385362664565152e-01,3.149420574110669557e-01,5.674380673725600843e-01,5.385885403332629773e-01,8.497408222302029746e-01,5.026380304111761621e-01,2.594912243376810701e-01,5.013477671574106953e-01,5.354591131548774863e-01,5.642619251631313393e-01,6.013493899864416070e-01,7.071883560432856708e-01,7.547289258073668350e-01,-1.105552610800879243e-01,2.721800103014536676e-01,2.289505113883070764e-01,2.763235306996337792e-01,5.504552335141069674e-01,7.315239671536442057e-01,9.712014223320553086e-01,5.002719814677769605e-01,4.833373377518891956e-01,3.595600042288856768e-01,2.255311001362568235e-01,2.329757093811961333e-01,5.273289576851422078e-01,5.284097646732374143e-01,3.924008655375625931e-01,7.243561602684732703e-01,8.465553348777320464e-01,5.075981119754937598e-01,8.005993014187168244e-02,2.220327592850531440e-01,5.116581155626782618e-01,7.874946978843692103e-01,5.592229711436885742e-01,7.234702189804629313e-01,3.671249461616484244e-01,5.114956998147803802e-01,1.354802227361487366e-01,3.069059831413403217e-01,9.985431322373712337e-01,3.763944183853630276e-01,6.985062118202091108e-01,3.059115288163179458e-01,7.351301806343532030e-01,4.049889342068001552e-01,6.435178743204937879e-01,7.348775031466459051e-01,9.371729540921227564e-01
2.305533939791810927e-01,7.695302509584338591e-01,2.926418031210564208e-01,3.895275105649561587e-01,2.538350011854410004e-01,4.133111581120392786e-01,0.000000000000000000e+00,5.907865431496978070e-01,4.798266957463095950e-01,7.731348487696996230e-01,3.824272916285975654e-01,4.363901005241592190e-01,6.871643310087177658e-01,3.110390529832623985e-01,6.528727736608201937e-01,4.037010590221380424e-01,4.428795585566744353e-01,9.132249259683866693e-02,2.228538652258120756e-01,9.556517633900876163e-01,9.314382081052305917e-01,3.698845833142956341e-01,4.665211121661919647e-01,9.060415214150598917e-01,6.223782564016996366e-01,2.759840362959112281e-01,7.613089985538454840e-01,4.015216730895573294e-01,5.304699097325066282e-01,4.180237093677247051e-01,6.538243574600872687e-01,8.885636836428882912e-01,5.748884249275492131e-01,6.739756086409047775e-01,4.177631252713161492e-01,4.274740719591135774e-01,3.818144408165091153e-01,7.553263877345124389e-01,6.928057245040382117e-01,5.862923747295056831e-02,1.759851495253394738e-01,8.437571330261179892e-01,8.630862779873315072e-01,5.895818098671918861e-01,8.749738470844048432e-01,2.692668977959777332e-01,7.230080708276902524e-01,2.076554568735126394e-01,4.585449674991895486e-02,3.132775682163113640e-01,7.265260236739459199e-01,4.653757704985916899e-01,4.962834355816178045e-01,4.455926461295904306e-01,6.323406992196899390e-01,6.341991638584122404e-01,6.542468326191094308e-01,1.903090815737917829e-01,7.714334100628368329e-01,5.294564488461714902e-01,-1.373254647139007800e-02,7.591983114788236620e-01,4.595247133372485360e-01,8.462490616101902008e-01,8.576918905569628215e-01,5.305601610252299594e-01,5.942832187964369045e-02,6.744227916343192852e-01,7.690803235331282739e-01,4.924299303766855873e-01,5.176416250550581744e-01,5.980633747812391654e-01,1.673088794309251226e-01,6.074948694464510357e-02,6.482695133302228685e-01,7.271754674447968858e-01,9.644825695933891829e-01,3.448071028747888844e-01,7.551358641061470811e-01,4.530529022561163160e-02,4.294745477868218697e-01,4.405154670290560293e-01,7.610686097310672693e-01,1.216702352719862823e-01,2.467067794623989951e-01
7.536315943081951518e-01,4.932148758536523681e-01,5.143450805870309894e-01,4.558796916013509448e-01,4.958721029571375727e-01,4.180083425469194869e-01,5.907865431496978070e-01,0.000000000000000000e+00,7.837932858527197899e-01,3.691008701132463266e-01,-7.448001242056118132e-02,2.884770183695111734e-01,8.549793967918354332e-01,6.527708476954388050e-01,3.858500886146953857e-01,7.662102457384519782e-01,7.908374044972035222e-01,3.168975366733011167e-01,4.143842873247660652e-01,5.770048196308763533e-01,7.198560305626965361e-01,7.127909636262099724e-01,6.984674617332723434e-01,5.624365013193853846e-01,7.537676385133176282e-01,7.335165403647174731e-01,3.010889003763723148e-01,5.520285116595197161e-01,6.586041744279270693e-01,4.619561170920372106e-01,3.602970926955862963e-01,3.745308842897163704e-01,6.446977007800417381e-01,3.744817259150923228e-01,3.723911183679507464e-01,3.431869128581465089e-01,5.836393833285509203e-01,7.313526573697162192e-01,5.829614551152316748e-01,6.689200946699029871e-01,2.118158973585537175e-01,5.822451704151023755e-01,7.740570290432304823e-01,5.971647605266638958e-01,7.910245140725102875e-01,3.692804012676965675e-01,2.475648093479544398e-01,7.542931930745483404e-01,3.182664434667179520e-01,5.028233112453955878e-01,7.937870300951750391e-01,5.614164561959138489e-01,2.656218454716700039e-01,5.048569072308819461e-01,6.270828398126088166e-01,7.660921153461326405e-01,2.317692881125146542e-01,4.561996414448755144e-01,8.637870967812411038e-01,1.229652250883551678e-01,2.863726055374524876e-02,-1.252693211273694096e-01,1.492091528280720669e-01,6.682098623388263992e-01,6.193993579207869304e-01,9.641054112120649444e-01,1.908470724449009559e-01,9.971616412371856475e-01,5.001695597475730448e-01,1.123001938981817160e-01,-1.291696784080239579e-01,7.021715286146656965e-01,6.532406692156652595e-01,-7.873771481738761624e-02,4.434283684869920195e-01,3.525157065029372871e-01,6.083119418362663566e-01,4.224081413608340996e-01,3.289357942934609813e-01,5.561541708935462403e-01,4.328001186166235414e-01,7.912805530187937419e-01,3.104215771888466091e-01,2.817267666327700759e-01,4.239869131288548365e-01
8.769192791740724191e-01,9.322260494488983362e-02,9.330695802591529864e-01,6.752920490505280871e-01,6.966033839335012967e-01,7.760446967617311564e-01,4.798266957463095950e-01,7.837932858527197899e-01,0.000000000000000000e+00,-1.006900752282375161e-01,4.957727486347170975e-01,7.612736552924340705e-01,7.282376682614265517e-01,8.551118597450982906e-01,5.451843691731879105e-01,5.127876675025473396e-01,7.114724159827481298e-01,3.806144817775415357e-01,4.087777443002297839e-01,8.507984968050497088e-01,7.314629433809369807e-01,6.029405178500848450e-01,5.238915404796514741e-01,8.552371348425699127e-01,7.238680154856067528e-01,4.438820223362394679e-01,7.432150340425791590e-01,4.388596521696971897e-01,6.538223502773378160e-01,6.753233824509912164e-01,4.051514365211129065e-01,5.766803086956380220e-01,1.103803387314013923e-01,7.958110227447749985e-01,4.346932287044306675e-01,3.347862097833470552e-01,2.493498707703314388e-01,5.877819169942857247e-01,5.345514948459128002e-01,7.029497381335996220e-01,7.655961786674492231e-04,6.798609185660603460e-01,6.503043862097014349e-01,6.759984838196667623e-01,4.901659358888221241e-01,5.319130031759418120e-01,8.250143853223136370e-01,6.557601684958143384e-02,4.584408118954011457e-01,2.661974775755253098e-01,2.196914363967547579e-01,5.605101113649492151e-01,7.410350111698775777e-01,7.668733819712649780e-01,4.899045647395623981e-01,9.545795757838173579e-01,2.792043764919152071e-01,4.213832167628330794e-01,5.333124109591973472e-01,4.886052969277459024e-01,2.047435245729082032e-01,2.050329692355079836e-01,6.155736101760752588e-01,5.320633256985862758e-01,7.913327892473145386e-01,7.652560235010297252e-01,4.883108308847627921e-01,6.572155271469266591e-01,4.496874817290846260e-01,2.018823188680776426e-01,8.409860174320893389e-01,5.233859557769793280e-01,4.895062407935864002e-01,3.681446720393737326e-01,5.908185804460193147e-01,6.615235230705549530e-01,7.299353680847672221e-01,5.306926242735841154e-02,4.859862978631444563e-01,7.841596150550842470e-01,5.275638779780412735e-01,5.323405535445205894e-01,2.491642325657464074e-01,5.898726734004351435e-01,5.460320208736604286e-01
9.245612843706426665e-01,9.726368747170599516e-01,7.161116527790570840e-01,3.545557962921997985e-01,6.494414232136074272e-01,8.239267572642549053e-01,7.731348487696996230e-01,3.691008701132463266e-01,-1.006900752282375161e-01,0.000000000000000000e+00,7.411328257968686772e-01,4.368795516482095742e-01,7.967277315231985346e-01,9.864725558598621546e-01,7.893596101561406453e-01,7.758777503661742347e-01,7.354096363773824363e-01,2.584226127943827292e-02,6.739848943034251194e-01,8.958624722872826629e-01,7.634829554309418009e-01,7.016918495596129457e-01,2.305321891499953479e-01,7.950259495981345514e-01,4.807784960416693343e-01,8.469781341424673649e-01,8.743357976743459936e-01,7.337096628468471327e-01,7.553017237390901029e-01,7.639422836831132324e-01,2.285889876863351766e-01,5.171524468505424021e-01,7.055883225478402077e-01,5.933912111549383139e-01,6.057011801630117764e-01,6.157424166512426300e-01,2.462011288756114080e-01,4.572552117962802587e-01,8.128111657157448544e-01,6.661694222386336239e-01,1.380219426976991570e-01,3.176970628736721647e-01,3.580903178571572809e-01,6.680994519823071354e-01,5.756466460041061994e-01,6.107932019323011330e-01,7.572213545587122008e-01,5.528120364671842424e-01,5.171890451363122532e-01,5.723842090675471672e-01,4.346253047171996231e-01,6.095691505351649164e-01,9.164196282787356873e-01,6.484906243191457254e-01,8.210383285599270886e-01,4.030407322053319308e-01,9.867924390899460718e-01,3.756493522786695793e-01,4.512238551608932502e-01,4.037105267517260843e-01,3.382550153191379305e-01,7.513026703861272471e-02,9.528920463008025976e-01,5.000021046634562927e-01,9.611029433179705261e-01,7.537829191853251398e-01,7.392831897606347846e-01,9.811266443034756257e-01,4.469312645321644739e-01,6.158134035928514161e-01,4.186028322456101791e-01,5.268535456613299139e-01,3.126385427749663326e-01,3.191330307247763343e-01,3.772113387869169276e-01,9.003275487602069305e-01,6.511292948415060566e-01,7.498576020254624774e-01,4.754002987107004419e-01,3.002499206921445118e-01,5.640485708064379988e-01,6.674859545897162683e-01,7.275617822416030611e-01,1.359686160948051226e-01,3.129839712206139435e-01
9.431607318094367143e-01,6.523614142789128101e-01,8.535085522556269400e-01,4.166870153871209959e-01,9.148498232561260712e-01,5.963859733495976423e-01,3.824272916285975654e-01,-7.448001242056118132e-02,4.957727486347170975e-01,7.411328257968686772e-01,0.000000000000000000e+00,7.582449117773676361e-01,7.970014731572633293e-01,9.223184545953649893e-01,4.909796648568546251e-01,4.662024940385747773e-01,6.428461421793728592e-01,3.174470568270547632e-01,6.707241840414066569e-01,7.859428852393208764e-01,7.015279427939722368e-01,6.927347569491432155e-01,7.822916790756367922e-01,9.884823094083068362e-01,6.140582062806256847e-01,6.295099052099072390e-01,9.935670341609275091e-01,8.271234875671026332e-01,3.640465313985035145e-01,9.294217420559849896e-02,9.577289768567949502e-02,3.317559021105176975e-01,5.370747002881529619e-01,7.554872806043939626e-01,4.496370373963187173e-01,4.529297304182765549e-01,6.019814891727672812e-01,7.295633652314433837e-01,1.706967322506918738e-01,7.472171151605044859e-01,3.599109205892006003e-01,3.877978832383087715e-01,6.586510527445050833e-01,7.903341229861762240e-01,5.780851767238135430e-01,5.689414113713453514e-01,7.015172615298759240e-01,7.521055692740548082e-01,4.994885802627976323e-01,7.140353146100085757e-01,7.543284111913359791e-01,7.466014333056437691e-01,7.310419995178998320e-01,6.846042131307240597e-01,8.775161042725927452e-01,4.337964155375304554e-01,4.396715454687415425e-01,3.296492271305828115e-01,9.410665848981771830e-01,4.222841354810624170e-01,2.618604942331386187e-01,3.250731953329623058e-01,4.248756792858054965e-02,9.681282382855649349e-01,5.450408572986485956e-01,3.920508325521533388e-01,2.206729913528034659e-01,7.265568121817254088e-01,2.039391232032215506e-01,3.133651326995905428e-01,6.250318928751990022e-01,4.229353556071051567e-01,3.270074229698421986e-01,2.370733431818829173e-01,5.561828473891803348e-01,5.870991852148892409e-01,9.369873179354097914e-01,2.728577127887189535e-01,4.010712951587650510e-01,5.853682050928502578e-01,7.011623498838511770e-01,8.404570049858691716e-01,5.538216443711090342e-01,3.770428265617364882e-01,8.775439439986675305e-01
5.690717215727693068e-01,8.098037317966813031e-01,3.922446589698164177e-01,7.305041325536477670e-01,7.550610090651155293e-01,5.133923285941106585e-01,4.363901005241592190e-01,2.884770183695111734e-01,7.612736552924340705e-01,4.368795516482095742e-01,7.582449117773676361e-01,0.000000000000000000e+00,9.603128285968688393e-01,9.088322451471552155e-01,2.505302520078880879e-01,2.632436389850122405e-01,5.460522574236240656e-01,2.097860753327046024e-01,7.602417688792999506e-01,8.652078761152386388e-01,9.311017533490949516e-01,3.488494663156004316e-01,6.620558076936362557e-01,7.890149178247766182e-01,2.454773646187708713e-01,3.414302305057377307e-01,8.697872635526647800e-01,9.547787305023118787e-01,4.319620076462880598e-01,2.827496399654004233e-01,3.355081939482614795e-01,5.115762426099026428e-01,6.045321767216066400e-01,5.387511668548965460e-01,5.817361259334514756e-01,-1.198661259615296099e-01,4.323737999433190371e-01,3.810475597626558075e-01,9.666696210257569311e-01,6.660781972363747361e-01,4.131987505071402778e-01,2.423286880645323660e-01,4.448000377611412426e-01,6.174295730824630457e-01,6.534466128948019925e-01,9.346119773162606670e-01,7.132487752477391085e-01,4.581608090672271705e-01,7.179456984175308643e-01,1.568068748851696170e-01,6.136143812861988289e-01,5.559638778722183483e-01,8.942315384197220274e-01,1.061418864723491333e-02,1.302377956919266999e-01,8.706558664895005517e-01,-1.866845145049685906e-01,-1.478070196137153125e-01,8.796775101899182436e-01,5.403512713054431371e-01,5.560504509008563634e-01,5.081817762289869700e-01,1.646736325490061048e-01,6.543797140862240846e-01,7.274162512965069993e-01,6.662696861458201891e-02,5.012657216463802801e-01,8.639019546425966700e-01,6.350460084696887275e-01,4.227097061683314783e-01,7.147389486569386552e-01,4.371967769238436219e-01,8.063394636406687743e-01,2.271518423061714143e-01,2.040951046284981973e-01,4.104813427833229333e-01,6.136858007418894978e-01,8.710227209171068630e-01,2.418779533800264614e-01,3.654448656984599086e-01,2.160827023900926680e-01,6.953249603838592696e-01,7.672268155819573776e-01,8.988614036432195087e-02,6.151774988909004538e-01
6.119467088653148812e-01,7.511989361213000649e-01,1.340539840909386604e-01,1.607949026392188063e-01,6.480243321920957644e-01,3.354699277497017462e-01,6.871643310087177658e-01,8.549793967918354332e-01,7.282376682614265517e-01,7.967277315231985346e-01,7.970014731572633293e-01,9.603128285968688393e-01,0.000000000000000000e+00,9.957059178216092210e-01,5.090517223958350712e-01,4.574921882833226650e-01,6.644292747240756469e-01,4.441095830824329238e-01,7.061491729824084240e-01,8.250778687409707768e-01,5.688335089104862297e-01,7.246386609177611904e-01,4.924484238203498121e-01,6.058629083333488818e-01,5.624823441750527175e-01,5.504332942555800745e-01,5.665407497862113839e-01,7.193190710354018247e-01,1.829396262395922013e-01,7.838717400486272524e-01,1.585567551209418335e-01,3.215217735952660694e-01,9.819666132559854432e-01,7.109900778481608175e-01,7.965804957617523829e-01,7.514533022706825216e-01,3.807324159691148902e-01,8.817798184919904969e-01,4.436982336458698550e-01,7.439357619772907215e-01,7.331902951346807029e-01,7.673717731648432849e-01,7.868800148603665168e-01,2.804723151161035988e-01,9.945081786670222357e-01,2.394241207837068397e-01,9.840735246411096426e-01,2.292293922248383187e-01,5.459214237778634571e-01,4.502490257981285326e-01,4.386170884514452584e-01,7.840392902826597288e-01,6.782734657057821748e-01,9.933566132450115660e-01,4.452716155279351495e-01,7.248825853106704020e-01,7.508248226788851731e-01,9.520066571954770573e-01,2.235185780165520053e-01,2.867656543795525370e-01,8.496765416285140260e-02,8.925547170124469298e-01,8.732939420423421195e-01,8.089536493120311755e-01,5.376314384123574985e-01,6.262090957863408747e-01,2.924250425750853366e-01,9.803114035266228266e-01,5.211488259811679624e-01,5.497645920430073163e-01,9.000421964387050888e-01,7.185678720201275071e-01,2.920515720248372249e-01,5.213123640644793388e-01,8.392821191703770875e-03,3.542586963177004056e-01,6.832541564917734567e-01,7.661101341951890298e-01,4.082179843037807565e-01,4.448751405516043755e-01,3.644044210054218080e-01,8.285464714399232156e-01,7.355955337102990654e-01,5.364435670669581713e-01,8.288156487561711971e-01
8.661870963040152471e-01,7.726388785596445263e-01,9.913836867226724081e-01,4.234376819230188937e-01,6.588486602543192072e-01,5.110015094656880086e-01,3.110390529832623985e-01,6.527708476954388050e-01,8.551118597450982906e-01,9.864725558598621546e-01,9.223184545953649893e-01,9.088322451471552155e-01,9.957059178216092210e-01,0.000000000000000000e+00,6.177411562629702146e-01,8.051836098142398090e-02,5.206799902792919044e-01,8.432023440331597453e-01,9.080962205279548005e-01,6.007262469527602233e-01,7.099340062066195056e-01,7.637907739976226296e-01,5.000401368961697735e-01,9.561698761513872658e-01,5.813870477227877087e-01,7.777154077408063859e-01,8.209350847240849403e-01,4.582769978980709702e-01,4.949935754382585040e-01,3.887524555580421648e-01,3.213440254837703347e-01,7.663848653501958985e-01,8.556237446331748098e-01,7.131671065835624157e-01,8.104416448441134069e-01,5.470820126839858188e-01,3.036564642894825639e-01,5.654571491356306101e-01,8.666817509256449226e-01,5.566686550415075319e-01,1.707962163307913950e-01,3.295276017869532836e-01,5.649388415186776813e-01,4.706676155282970564e-01,6.350177875532478922e-01,4.407088715050703764e-01,7.567327160042021106e-01,4.177997758545162754e-01,8.199285040915179623e-01,7.323059850740476495e-01,7.528794040546891164e-01,6.933111836052960886e-01,9.100726972819129790e-01,5.468360055255492291e-01,3.226752691464852552e-01,6.121105091891403394e-01,4.905661695685151757e-01,3.786830181754475277e-01,8.371245761484693571e-01,3.472166486202900026e-01,3.645641340401746811e-01,7.713608034513854683e-01,9.915109660304642913e-01,7.345026671366687854e-01,1.828019685861841381e-01,9.815159473671779544e-01,7.120548443256632387e-01,7.709389485047588586e-01,7.234634407244436849e-01,4.780402885089919951e-01,6.349598420662792009e-01,7.356048486026025568e-01,4.330131474265774827e-02,4.773954665673338926e-01,5.694187346551063955e-01,7.762816786811512770e-01,7.377774645570699397e-01,8.903391463319718646e-01,6.131923431073065256e-01,3.756802734910176245e-01,8.567858104779981776e-01,2.801533966871034287e-01,7.495111022437689341e-01,3.164753459451892792e-01,6.151110063216163049e-01
7.697880821191775969e-01,4.613774266525935142e-01,6.960434088596717528e-01,9.739463272800905624e-01,5.824988260532145690e-01,6.219228820944393554e-01,6.528727736608201937e-01,3.858500886146953857e-01,5.451843691731879105e-01,7.893596101561406453e-01,4.909796648568546251e-01,2.505302520078880879e-01,5.090517223958350712e-01,6.177411562629702146e-01,0.000000000000000000e+00,8.721167222338199743e-01,8.381463967365980761e-01,4.411327974123337436e-01,5.761986572559694153e-01,6.453730877175667402e-01,8.356172402005048738e-01,3.661880076262356148e-02,6.389727363230734980e-01,6.256366981666990901e-01,6.290857619794464339e-01,3.090822621977948326e-01,4.998222744454777766e-01,9.060250759002220766e-01,2.343688340129315151e-01,7.916668453484223544e-01,4.601428468048704978e-01,3.787959916735177401e-01,7.683583537929681295e-01,2.228062502682947588e-01,4.432694189671155249e-01,3.887458120672033779e-01,2.681769498569137600e-01,7.119783956502011568e-01,5.907721949219286728e-01,8.655307531706106783e-01,5.267240390181309601e-02,2.111301980720957094e-01,6.659431231528735173e-01,7.871973664991785968e-01,8.358980001793854253e-01,9.227465720044997211e-01,4.001263185128687283e-01,9.453906052883547240e-01,6.334749615297204928e-01,7.898431580022913234e-01,5.999065643337831988e-01,9.423441517348706276e-01,3.843095945722884155e-01,1.205195477321667347e-01,9.751263111847638942e-01,4.265475490504960776e-01,-4.428847619345269160e-02,9.209691903820080849e-01,2.105373848551739258e-02,2.957891221937912207e-01,2.016052627591080060e-01,4.057968559813606713e-01,6.125285950077880015e-01,9.676553059159342940e-01,9.825448380467676213e-01,6.152851866521092949e-01,2.316744816796142969e-01,8.063367905826057669e-01,3.608437225226996947e-01,7.457545749338634344e-01,6.151492526944918326e-01,6.587951536379416106e-01,-1.366609532070977018e-01,3.191842867281440288e-01,9.682808397179054616e-03,7.479313630804919066e-01,7.445882059166102351e-01,4.156743073436126590e-01,5.111776873377106289e-01,5.157393136338489503e-01,3.088781112402597673e-01,4.934740699711621659e-01,1.478490327113874681e-01,7.147563196173908340e-01,6.190883076008671937e-01
7.238940039792188808e-01,3.977375170844172914e-01,2.424779439827594585e-01,2.047091615910943407e-01,7.175821454134631017e-01,9.452640621630847839e-01,4.037010590221380424e-01,7.662102457384519782e-01,5.127876675025473396e-01,7.758777503661742347e-01,4.662024940385747773e-01,2.632436389850122405e-01,4.574921882833226650e-01,8.051836098142398090e-02,8.721167222338199743e-01,0.000000000000000000e+00,4.717392363144073952e-01,1.901071777226146647e-02,2.191877540164986482e-01,8.746424703133471867e-01,6.520283849250345654e-01,7.234577084569542293e-01,5.099910902191874262e-01,4.981661149354165152e-01,4.952391535848504334e-01,6.509156881606682488e-01,7.782280071702690760e-01,7.280173014232187434e-01,3.664735561408704045e-01,2.639072076535662892e-01,3.081225042733571340e-01,6.562240630006946907e-01,7.401499890124358938e-01,7.204592637034462621e-01,4.944299193814385429e-01,4.082157834905290605e-01,2.683249489275799093e-01,3.291650474108147595e-01,6.247305843326482755e-01,5.178717452313629233e-01,9.144854608889763092e-01,9.080898082895089152e-01,7.713401662594022712e-01,6.830296450785308116e-01,8.274384700916163071e-01,9.133531348816817941e-01,6.713498853183247350e-01,6.004497461215633214e-01,5.179752491252694879e-01,5.711201924545156183e-01,2.089099665379038906e-01,5.717180356833138077e-01,8.579092980690101733e-01,1.694325446055504891e-01,4.203206266297969673e-01,6.917374048637089379e-01,7.940233215866472349e-01,4.897238115579941042e-02,8.010812278969973166e-01,5.322099311543779798e-01,4.001368308862216505e-01,5.334211623190689977e-01,9.354854454535510566e-01,7.208299638523582020e-01,8.033883968930604080e-01,9.604453703548855303e-01,5.227383603120770994e-01,8.253195836914518635e-01,2.597905551087995035e-01,6.954236868939585037e-01,4.096031686726048227e-01,-1.458773219934950405e-01,7.332322223940456185e-01,3.321443657957026119e-01,7.823966318615569460e-01,3.556858837697904896e-01,6.068596945140519727e-01,7.333627139370837433e-01,1.101830344382832838e-01,3.593939870906124323e-01,7.664494820532234964e-01,4.254567603831919120e-01,8.373584231312131143e-01,3.651069598220360035e-01,9.236482535703790520e-01
8.346436644664469995e-01,7.160298819197373765e-01,9.945936508962969214e-01,8.155631402618286341e-01,7.965849450455477765e-01,6.867375948262514906e-02,4.428795585566744353e-01,7.908374044972035222e-01,7.114724159827481298e-01,7.354096363773824363e-01,6.428461421793728592e-01,5.460522574236240656e-01,6.644292747240756469e-01,5.206799902792919044e-01,8.381463967365980761e-01,4.717392363144073952e-01,0.000000000000000000e+00,6.327769556991179600e-01,8.428214881281534954e-01,2.796558612842645619e-01,8.138691700371595283e-01,8.226471602666208804e-01,6.868530489351857282e-01,9.063161607835580336e-01,5.804336843591396677e-01,5.635137938884374753e-01,9.460888494516235259e-01,9.048126465175937438e-01,2.260644254601090197e-01,8.647071315175738904e-02,3.972331124237943323e-01,9.139052296224545735e-01,5.374391519569252651e-01,7.380373456387382403e-01,8.581301669792648079e-01,2.519979307103305533e-01,1.353831811088657133e-01,7.513771121395007579e-01,4.317703387733390907e-01,5.699031850941120858e-01,7.709672587314775338e-01,2.053777830846617858e-01,3.004488791649145840e-01,7.591035008802571316e-01,7.915768337203972216e-01,9.251182915496378723e-01,8.503269836507434398e-01,4.911499095690746025e-02,3.096408100613209924e-01,6.691474894755558012e-01,2.066002250240268900e-01,7.327456887259417018e-01,8.950131111379659998e-01,7.817923851524150036e-01,6.958265578898202852e-01,9.766883812940531095e-01,8.133013865754007421e-01,6.528444493357367095e-01,6.108305590754165015e-01,2.929095863265558652e-02,2.822769440583166034e-01,6.867436171191669825e-01,8.442118338838163760e-01,3.832372333170104561e-02,9.403779267054799273e-01,6.131331040393591669e-01,9.465345573236901844e-01,9.097172771533889035e-01,5.694879462943471804e-01,-1.804021062924614782e-01,4.011196890878569454e-01,7.658268145446032182e-01,5.489843297440045733e-01,3.480576288520174089e-01,6.244329434271322921e-01,6.125443217716295408e-01,8.872285533484930431e-01,9.977663107934833242e-01,2.949842597215143192e-01,4.968544426548239801e-01,9.563445498923741628e-01,6.964288972984777892e-01,7.956475692830495827e-01,8.006380671167041829e-02,8.278219998614011477e-01
6.663349619185304773e-01,5.371512629118460058e-01,6.948598138293191617e-01,5.030851170798467109e-01,7.363059743014749303e-01,7.299283731932756369e-01,9.132249259683866693e-02,3.168975366733011167e-01,3.806144817775415357e-01,2.584226127943827292e-02,3.174470568270547632e-01,2.097860753327046024e-01,4.441095830824329238e-01,8.432023440331597453e-01,4.411327974123337436e-01,1.901071777226146647e-02,6.327769556991179600e-01,0.000000000000000000e+00,7.518698513856866272e-01,4.325139300513613505e-01,7.475299102252461747e-01,8.206604942556792182e-01,9.630282167746729849e-01,9.178335727724785675e-01,5.774324366967584776e-01,3.140321521340312394e-01,5.938352253018780447e-01,6.945292519791333996e-01,7.872957045433621737e-01,2.761200203689320176e-01,4.592327095908741996e-01,8.208991029101749826e-01,4.905235674543513280e-01,6.705985163636446478e-01,4.400691098361539377e-01,5.599805385969630622e-01,3.023535477664481830e-01,4.217327373628076415e-01,9.864705778568435557e-01,6.005159874487315808e-01,2.432007434597522055e-01,7.588023082334716118e-01,5.860100281861116978e-01,6.248027367151055556e-01,8.422588946289922829e-01,5.743822997205196845e-01,6.161317640910900506e-01,4.465171207357296335e-01,1.728962543456848133e-01,4.471982262970781719e-01,6.758694875165791593e-01,4.102392468356521604e-01,9.421490257000280089e-01,6.931042728150980103e-01,9.651819196069119089e-01,7.161304179735550335e-01,7.149975246898484516e-01,3.173874364092343359e-01,6.349611347099078928e-01,6.620009679895854093e-01,4.626192983054635000e-01,3.084794217744827316e-01,4.239652420104901287e-01,6.962718294070956437e-01,7.391340220386958260e-01,5.839598427324351748e-01,6.732680595819291458e-01,5.325751066107543563e-01,6.250304760450623442e-01,7.922526633276784080e-01,7.149686381573407967e-01,4.544916932492016337e-01,5.018015449285709861e-01,3.462967492398636993e-01,8.762960260472052454e-01,4.310123849657985368e-02,8.746846722915785355e-01,7.707549169355051299e-01,3.421498820863166923e-01,1.781476995033991761e-01,5.032173384109978054e-01,5.180422251103661280e-01,6.732813967193952420e-01,7.307825294653114145e-01,5.760034445246579038e-01
