0.000000000000000000e+00,7.039451793331557017e-01,7.358670683439827442e-01,5.058585104542614452e-01,3.581350503776050548e-02,7.854944465987019342e-01,6.006936163034382048e-04,8.533487440240801192e-01,8.793634054821001245e-01,6.059127048327362930e-01,7.110039810967794249e-01,-4.103399863341763987e-02,6.218120325813774052e-01,4.332747112162916858e-01,6.599820992713909540e-01,9.375799402324661580e-01,7.300838961299607188e-01,5.094882169906505415e-02,8.299878506249459553e-01,8.836951319402615024e-01,9.015933929559212245e-01,8.227721483318571893e-01,9.298241207182967871e-01,7.458221509071182309e-01,7.533811493403030912e-01,3.452865406310001717e-01,6.199729866662478939e-01,8.490287298774943370e-01,6.778007221741352284e-01,4.809352956139905100e-01,5.504012391078296762e-01,4.556714712534694622e-01,6.668258934849125019e-01,4.847204813633247400e-01,9.848288281000848743e-01,5.787575485894449479e-01,9.851521609769986476e-03,9.702311689411469153e-01,9.545821378518593026e-01,6.734378480660782040e-01,4.575663300601222616e-01,7.310685410094219794e-01,7.418650314389187983e-01,9.778206595285767744e-01,9.619083241211892066e-01,9.107650995034869412e-01,6.779905045144267728e-01,5.361424524352623733e-01,8.688037783301487682e-01,6.332575035873204694e-01,9.095767374493534119e-01,9.469878748988840300e-01,9.946417602471235853e-01,6.035710466963738474e-01,3.186184792721508674e-01,9.782256625784248039e-01,8.462699868402506764e-01,8.724493358236643514e-01,9.370486517653562331e-01,5.694357882649002667e-01,5.403606986834654791e-01,9.809818760491360035e-01,7.132366058827468436e-01,4.639611757191383079e-01,5.809353679720676844e-01,7.912201630847877087e-01,8.328302636842391804e-01,6.309029289006545804e-01,4.883416098607031852e-01,8.203374235162752548e-01,9.720019056334592289e-01,7.970053023025156502e-01,6.566952601515616550e-01,3.176315907761737556e-01,8.299928919928706295e-01,6.007412857620345603e-01,4.663189145409124547e-01,6.094431647807596608e-01,2.811831174525324384e-01,4.264377433398814921e-01,4.898690675459127508e-01,7.593054902558017405e-01,7.242812057555407801e-01,4.379489931892524002e-01,7.982391342033334780e-01
7.039451793331557017e-01,0.000000000000000000e+00,9.504164107878774193e-01,5.890759673381251726e-01,9.842732214442868610e-01,4.019632617230356475e-01,4.795148386912655991e-01,4.386618591844522186e-01,1.084340392221843155e-02,8.520037607407479063e-01,4.659752290061159874e-01,5.156567826416776912e-01,8.262981592610443293e-01,7.506367229102343108e-01,5.267122928640048940e-01,2.400651851827810546e-01,7.431153899176385913e-01,9.210842308580032833e-01,7.786611724048728700e-01,4.092541277485147733e-01,4.107347569931792952e-01,7.942302254854397559e-01,-6.975913325816804345e-02,6.403390453801863780e-01,4.554945772344189403e-01,6.566729519543531568e-01,2.472848357255553464e-01,4.053605753620208030e-01,5.955825207838894020e-01,5.806296224615256074e-01,1.019579138207749036e-01,6.514335307040560741e-01,7.555833460684828751e-01,2.404653989193544228e-01,6.915212715809764266e-01,5.659372283312045226e-01,5.085380032923346727e-01,4.578052368839728992e-01,5.997854684849097673e-01,6.304812392042469238e-01,3.068437687200933559e-02,5.503939885900588358e-02,7.900413158171809558e-01,3.953790704594605243e-01,9.930379742836281665e-01,5.598520794024762770e-01,7.092971818274852458e-01,7.200307040591712449e-01,9.190947765583089568e-01,7.102854294706741900e-01,4.114022316747014130e-01,5.083325294591003463e-01,7.493081103799150711e-01,6.556011682460918255e-01,4.639714202408963262e-01,5.326103984255999846e-01,4.941560370235914545e-01,3.390247093654764621e-01,7.527963272358881852e-01,8.524358331922184950e-01,4.824655741814791732e-01,6.841053243814454454e-01,7.921696949909637908e-01,9.897514084485633523e-01,6.018316919506878637e-01,6.737095185762004279e-01,4.839957456437071204e-01,4.422025412551709445e-01,4.338719472887062611e-01,7.109033056017893815e-01,7.693225434888832925e-01,2.943902551583238436e-01,2.891040261302428305e-01,2.575908891693230451e-01,8.936777740778337198e-02,7.533108926533195193e-01,6.817758686077893815e-01,6.026039117436401416e-01,3.355259852882878091e-01,2.144327766100020613e-02,3.883915353168156948e-01,2.381685852150995930e-01,5.075882320526674540e-01,6.663628797026469597e-01,5.190604617100098572e-01
7.358670683439827442e-01,9.504164107878774193e-01,0.000000000000000000e+00,9.716172307658916818e-01,7.951536980848206149e-01,3.380159466179868399e-01,9.324091817385222747e-01,8.967664866318675321e-01,7.708950040479068955e-01,8.080717104679638885e-01,4.934048840054465757e-01,4.771296768491851137e-01,5.413971232911879428e-01,6.675069025237834186e-01,9.095440001115387973e-01,6.559083001352896680e-01,6.730092367492034322e-01,8.413286538303529349e-01,8.292283781745244386e-01,9.313320247797293172e-01,5.791059322948025612e-01,9.526068597314101272e-01,6.068716255043239416e-01,6.765399106780112248e-01,4.606380795508208115e-01,8.639330684497442681e-01,8.391000752331598811e-01,8.883530701841521049e-01,4.672391553203396053e-01,5.890603620069085888e-01,3.921687578384752682e-01,6.444314076949242409e-01,5.674995918726272182e-01,8.338439519307084824e-01,4.573421782810992986e-01,6.070764948207864053e-01,7.149750555332372304e-02,4.806559792396115083e-01,9.655663129381195642e-01,6.431925874987733938e-01,5.644076722277820979e-01,4.181445555730569086e-01,8.504748201970977473e-01,3.903719327758304880e-01,8.581417469238862283e-01,8.851471566526583068e-01,4.632873959022884569e-01,7.632600405262350840e-01,8.340729562243097694e-01,3.573219072753672787e-01,6.455819966060974968e-01,8.586168416801018832e-01,9.234455314622429523e-01,8.601744620239920591e-01,3.919922469210554983e-01,8.877957681821614377e-01,4.688896769943280973e-01,5.075584074643293420e-01,6.860454126651193141e-01,5.734592442669946832e-01,2.777651447852644839e-01,5.271418190585577257e-01,9.168376581543977721e-01,1.325278348887441726e-01,9.919304904306966986e-01,8.630512724630696741e-01,8.442838979703355395e-01,9.399739134852660438e-01,6.450371870715352340e-01,8.155230888608498985e-01,3.377191989333924171e-01,7.960548865958642084e-01,2.357333923044961643e-01,2.970438838381065372e-01,8.590540308089418264e-01,4.214865571597521954e-01,9.041953154622447419e-01,7.281929071144223053e-01,4.217366632667038928e-01,2.720605444304165510e-01,6.922039267366328907e-01,9.785798400703416000e-01,6.077891032537861005e-01,6.638818276059663681e-01,6.534012271987164056e-01
5.058585104542614452e-01,5.890759673381251726e-01,9.716172307658916818e-01,0.000000000000000000e+00,9.195920102213684943e-01,5.728256425542168628e-01,3.125267417748766041e-01,4.632319434842723238e-01,5.276415317857821030e-01,9.944317376520401819e-01,3.577530437586461387e-01,8.507788853107858262e-01,4.085460584725287281e-01,6.698170224990245281e-01,5.447939621077807493e-01,7.508078090053130760e-01,5.817208120060948229e-01,8.841499726417264560e-01,8.700593486265429943e-01,6.275635048764548474e-01,8.375357393078626256e-01,7.093999825959952377e-01,8.013725119601845526e-01,3.651276183986528201e-01,6.587329766373901663e-01,7.144690258145011130e-01,6.420973965130134520e-01,6.892712745034180744e-01,5.182082972631784079e-01,3.709146715849042653e-01,5.155284146807902479e-01,4.729408080633597522e-01,8.224769571216340447e-01,6.659790737313369124e-01,6.326834948049931961e-01,3.363750162370474084e-01,-5.406154674896415657e-02,4.097980735131074304e-01,5.705014688130176648e-01,9.561090764118809204e-01,3.098253506935740031e-02,7.510119014604741405e-01,6.133889501439280245e-01,8.655806532728800295e-01,5.091557151991168428e-01,6.598570200334830105e-01,2.427989172121610140e-01,7.229280672555049581e-01,7.289216661440094391e-01,6.948109704134399767e-01,5.256195925051285744e-01,8.403926849399435683e-01,5.870532348967085756e-01,9.254211800217109207e-01,3.924229197926953905e-01,4.557433282257306595e-01,7.721086198220821206e-01,5.578807318063510046e-01,6.490910895144554882e-01,3.774581511855974458e-01,4.744697417465796874e-01,7.018552118282540553e-01,9.952706600490190958e-01,6.576225144510524645e-01,8.777928919582332901e-01,5.209327246055318605e-01,4.073621732717340738e-01,9.858154139421819728e-01,5.361196900436329127e-01,2.131767297903800762e-01,6.760514134703878852e-01,5.198173761457716147e-01,3.552135640866570521e-01,3.737992410231123497e-01,1.110971195951651752e-01,8.211187769485863708e-01,4.735748956156333733e-01,1.751173574644226127e-01,1.381305663619160073e-01,6.359058422306724800e-01,5.195389113211806853e-01,7.706091141210916762e-01,8.202996783956513216e-01,3.179261140511679407e-01,9.977062817019246577e-01
3.581350503776050548e-02,9.842732214442868610e-01,7.951536980848206149e-01,9.195920102213684943e-01,0.000000000000000000e+00,9.537083043250181857e-01,9.857867810697029665e-02,6.842057578765677051e-02,4.499719392306971710e-01,8.458451208266998256e-01,8.986303943517649495e-01,7.916781139922696164e-01,9.343501395493487849e-02,2.994569899224200915e-01,4.905006757371087045e-01,8.302143542569552226e-01,2.122075323904291377e-01,5.615743750142770940e-01,6.005562678371639818e-01,4.395837563293442107e-01,7.311458199061996455e-01,8.669389965394765918e-01,6.131153144561810597e-01,9.333085922146719948e-01,4.040476606036446650e-01,7.001799798830042887e-01,5.775053585315756965e-01,3.976507651452196868e-01,7.710220121191262432e-01,4.304213172660918962e-01,2.060460765136740702e-01,6.438208216680307849e-01,8.154951959586864696e-01,9.346285640141223094e-01,4.719480308713752126e-01,5.281314098312919203e-01,4.047959148089236847e-01,4.099949643005538213e-01,8.553108233068722477e-01,4.104203705605911079e-01,7.380697975900146757e-01,7.643574600093696603e-01,6.579107965600322627e-01,8.500888210640105136e-01,9.593592981399273745e-01,6.933034450317748787e-01,4.614745209642249213e-01,8.755579337345090751e-01,5.422343989383379137e-01,-8.939595413757596420e-02,5.669916548698839508e-03,5.672653894655944606e-01,5.992583049484428992e-01,6.958928786982421233e-01,5.227853979676281293e-01,6.415794954081159851e-01,1.193571529139815096e-01,7.950071625464829594e-01,7.072859308804145817e-01,5.316114418360891047e-01,4.313407029464488285e-01,3.169934274497832050e-01,6.186524864387863420e-01,8.883213469960371533e-01,7.586388626526290313e-01,3.388266103642710858e-01,8.777324583465488939e-01,9.547738666723053491e-01,7.809473052133908411e-01,6.490033298816747509e-01,7.084346337126011806e-01,6.795476843536518707e-01,5.668080759622103060e-02,1.950662894546338344e-01,7.642031372997533101e-01,7.856707431401948050e-01,8.931664572625318543e-01,6.760293206252008247e-01,5.772543511073726652e-01,2.258770959309450155e-01,6.334225693901816001e-01,7.951126830626193964e-01,5.033875278098384198e-01,1.136417331083191401e-01,7.547968117130167132e-01
7.854944465987019342e-01,4.019632617230356475e-01,3.380159466179868399e-01,5.728256425542168628e-01,9.537083043250181857e-01,0.000000000000000000e+00,2.619227700549813243e-01,5.726318487574375560e-01,5.193028719742335264e-01,6.695901978363435481e-01,7.144725412040132673e-01,7.383501562556160636e-01,9.031427594553740335e-01,4.243144753182296891e-01,7.116745074280057537e-01,3.338349557762397835e-01,7.338203203158348842e-01,5.315700842819295335e-01,9.150133120028658418e-01,1.037371978329022365e-01,9.789664754076937703e-01,5.885187101067227422e-01,7.490672563691211927e-01,6.625387515977001485e-01,2.943593746490522634e-01,4.210991816625088147e-01,7.241355396783166753e-01,5.060220267410489026e-01,4.276534590564787242e-01,5.788514165745578532e-01,-8.566583780088744826e-02,6.884006826799340395e-01,7.906407685478438196e-01,8.039027427256189018e-01,6.942356560302279656e-01,2.654687282335768117e-01,7.767384175860009288e-01,6.221513168360247592e-01,6.186907530318918047e-01,5.246121242320435085e-01,3.335926818032118879e-01,7.962815479686340403e-01,7.794782000890214668e-01,3.604621089217789343e-01,6.793228792131612570e-01,2.838398523287871678e-01,8.129942087978183629e-01,6.558800368423801652e-01,2.129946551321496573e-01,4.317322023234711481e-01,6.436333486002618898e-01,5.298848933886409762e-01,4.192571428749614082e-01,3.260402103101701643e-01,6.999191274409963803e-01,1.129292739389413242e-01,3.592102728061131733e-01,9.028168894321687565e-01,7.147311649224954433e-01,4.243028504806993784e-01,7.208036689495680438e-01,7.265238486957228403e-01,6.356773308463591343e-01,8.099616649514086442e-01,6.179682066264973184e-01,7.996251200596509179e-01,6.418125321554938312e-01,6.885054463122862733e-01,6.649555680985519412e-01,7.633774949365683682e-01,3.237260388824836355e-02,2.886462125826146918e-01,5.427625897320412784e-01,2.305664269652442644e-01,6.457010018703687182e-01,6.826914274305256880e-01,6.186008888115304138e-01,2.397879822207309441e-01,5.717409867779611465e-01,3.132975132500768201e-01,2.805370568794497976e-01,2.234834313511016579e-01,6.398156714399945155e-01,6.668312173075966465e-01,7.507370145010058282e-01
6.006936163034382048e-04,4.795148386912655991e-01,9.324091817385222747e-01,3.125267417748766041e-01,9.857867810697029665e-02,2.619227700549813243e-01,0.000000000000000000e+00,2.169427491426411669e-01,7.210129728442862262e-01,7.124495753676163279e-01,5.937360513120626404e-01,5.818912494080822340e-01,4.920980616057033519e-01,4.439821654450697985e-01,9.606257440181265039e-02,6.175428684228201348e-01,2.384865150407206313e-01,7.653377319196133510e-02,6.669599962413554906e-01,5.812516459195409269e-01,6.829125589221518577e-01,4.121921003428051233e-01,4.656368452203696329e-01,8.253827668568217701e-01,3.272383625526951167e-01,4.745329246417243629e-01,4.006809707422671063e-01,1.160568784683090882e-01,6.729201230574005654e-01,3.004674207898970772e-01,5.545983999270254206e-02,4.975258068292297553e-01,7.512688327935270749e-01,5.876190935854446185e-01,6.169571898682194577e-01,5.517168855251679549e-01,2.202804944143411103e-01,7.128720938317790745e-01,3.147916039707124303e-01,5.017321767434913538e-01,4.756341616320669541e-01,2.652777224174419635e-01,4.595473384806907924e-01,5.434388013026151265e-01,8.379269728601141942e-01,3.011365264860339508e-01,3.401971784777372276e-01,7.165439073062658260e-01,3.869552875124683267e-01,4.786837816367205400e-01,1.691754879119364841e-01,2.052205249730769121e-01,5.206904465317347963e-01,7.311608475884578962e-01,8.404978902518777106e-01,7.012135884568957422e-01,3.566956455667053549e-01,4.201269029657215270e-01,4.885898428782949887e-01,5.647859157703848387e-01,4.480662925370079708e-01,2.700934869922009263e-01,6.112862778028881339e-01,6.803958600840341875e-01,6.281025450156128009e-01,9.638771497275723174e-03,4.752218910314579547e-01,9.659679811364280111e-01,7.832296158103775330e-01,4.225467354590348723e-01,5.362807462011095483e-01,5.453331344969957195e-01,5.765183611606531366e-01,5.073188297967170524e-01,6.219102413480063207e-01,4.583609639897163190e-01,7.343966890347435328e-01,4.722945874820627665e-01,5.127038940827930436e-01,3.167273049226779769e-01,4.933571725382064344e-01,9.367396049324352436e-01,5.498927332186783756e-01,6.114711603004502338e-01,5.564575141919808621e-01
8.533487440240801192e-01,4.386618591844522186e-01,8.967664866318675321e-01,4.632319434842723238e-01,6.842057578765677051e-02,5.726318487574375560e-01,2.169427491426411669e-01,0.000000000000000000e+00,6.750356596640422202e-01,2.639869073798032373e-01,5.595104172837345180e-01,5.384912422743831639e-01,4.129110113906479529e-01,7.888046851378781588e-01,6.391585972595732468e-01,3.225469110422063412e-01,7.312662316508740101e-01,7.510506225114672585e-01,5.834242946261689600e-01,8.067808785417792672e-01,5.552477052038820027e-01,7.754549970264502656e-01,2.690753204241256302e-01,8.756538230856031335e-01,4.349996531030356217e-01,3.711955347790867332e-01,6.381137561533950509e-01,5.934346776231491649e-01,5.178415166854009044e-01,5.355735594525797838e-01,2.838670977611689183e-01,5.426038459533388814e-01,3.332135824817303305e-01,4.337956162612705557e-01,7.964624150778758516e-01,5.220316576653623031e-01,7.756861320445764818e-01,7.445406161899155162e-01,7.495691611779927710e-01,5.464269942757551402e-01,3.094923949759483262e-01,5.027583491886007672e-02,6.396924651394274575e-01,7.663428955178799296e-01,9.489484469698605817e-01,1.010563753566265793e-01,8.395250494163625232e-01,8.376454322918766016e-01,3.360784216209297681e-01,7.020610286034887348e-01,3.246034868747642577e-01,8.330191882049803320e-01,4.644413895527855773e-01,4.443967177245785605e-01,5.121321187964167354e-01,9.866836496667918954e-01,7.009769302167070393e-01,2.299543011263729675e-01,2.984717666742608966e-01,2.459748574211309199e-02,4.913201082395387553e-01,5.140057799152254470e-01,8.132030649352071094e-01,4.688863350475211966e-01,2.463770686648457942e-01,8.840339723673513728e-01,2.958443391396022859e-01,7.046961057933907036e-01,8.980881021691449195e-01,5.300146934967413515e-01,5.071649250139655951e-01,1.092413118869119959e-01,7.993698809298130925e-01,5.456657292564053297e-01,3.708071963828046824e-01,6.735032598207224552e-01,5.641252547393573735e-01,7.180662066915594055e-01,7.871633147367558259e-01,2.156230033646449051e-01,2.972219175602998087e-01,9.855423011930353194e-01,9.636328447654803897e-01,4.910053820207444519e-01,5.926890654586510765e-01
8.793634054821001245e-01,1.084340392221843155e-02,7.708950040479068955e-01,5.276415317857821030e-01,4.499719392306971710e-01,5.193028719742335264e-01,7.210129728442862262e-01,6.750356596640422202e-01,0.000000000000000000e+00,1.850902385940577100e-01,9.113194921220542088e-01,6.813269331330665812e-01,6.465734629475439199e-01,6.370035209052067326e-01,6.653352661604619023e-01,7.393587590276152754e-01,6.675284667025863650e-01,6.127757869542757030e-01,5.188289673952503067e-01,9.323853402072307395e-01,8.646910916798473679e-01,3.411165323518272618e-01,4.698754129401342405e-01,7.860463682333027613e-01,7.672015317964264725e-01,7.106995430212426079e-01,5.325819998158999313e-01,4.354616207325401334e-01,3.083679738824987027e-01,7.962848117077168109e-01,5.321476239304990807e-01,3.952461561642033328e-01,4.170829859123653116e-01,7.128984180218410627e-01,7.071730496972689073e-01,6.634733080218849777e-01,-1.915040667406182062e-01,5.284305493105287965e-01,9.750183382647061858e-01,6.039494404713143805e-01,1.030982914726583516e-01,8.356027407443672450e-02,4.679586528920690047e-01,2.853923190867335147e-01,7.970180451671977639e-01,2.536535982075343032e-01,3.521415010592893191e-01,2.353649183119350119e-01,3.351128341527061516e-01,7.097135420693946317e-01,9.203482457019391827e-01,4.228838958092221989e-01,9.808625364049718964e-01,8.076421886659000682e-02,6.590223352887818464e-01,4.091976531558685348e-01,4.280720884081418154e-01,2.636874692194521863e-01,8.655184816771581691e-01,-2.493991511691370788e-02,3.243579957973502514e-01,9.647047367951013808e-01,4.899492245697163462e-01,5.513719197256556903e-01,1.836019896278631158e-01,9.597749033254285855e-01,6.951976954142509157e-01,4.903424512922790468e-01,7.625050997700161259e-01,1.627563641533545935e-01,6.674241426219464923e-01,3.223382554786727860e-01,5.755246066920820525e-01,3.468816197283255409e-01,2.037532427366041399e-01,5.811766117434967738e-01,4.164945602769835609e-01,3.961066211411331528e-01,2.892084328206075972e-01,-1.594227893256747741e-01,4.915324699825536769e-01,4.113428881872481790e-01,5.045876352578470003e-01,2.975538959715419152e-01,1.910098898330906403e-01
6.059127048327362930e-01,8.520037607407479063e-01,8.080717104679638885e-01,9.944317376520401819e-01,8.458451208266998256e-01,6.695901978363435481e-01,7.124495753676163279e-01,2.639869073798032373e-01,1.850902385940577100e-01,0.000000000000000000e+00,7.252016343407290400e-01,5.911864576250663861e-01,2.226401014141301260e-01,7.775420944763564712e-01,6.445663539095878303e-01,6.544456522056594228e-01,4.797116583978833226e-02,3.222575636215411765e-01,3.699673926105069288e-01,6.309085297637830880e-01,6.898875611962518306e-01,5.377864495972216607e-01,9.654112876623837103e-01,6.087408074628735122e-01,7.648478789270335421e-01,-1.415559205500734608e-01,6.185492034594822774e-01,6.109626864381995093e-01,5.400868310705695396e-01,7.231298662746448169e-01,5.338715621085911023e-01,4.646263838068463992e-01,7.461153331530493427e-01,5.067116850694599606e-01,7.252329330870166402e-03,7.260569546715190184e-03,4.042639188663533223e-01,7.147296305177934794e-01,7.332632203397133619e-01,6.052166261202476250e-01,5.011117429907515630e-01,3.071470444365336783e-01,7.181084762326961357e-01,6.050022220590494104e-01,6.881914931487692622e-01,7.343730178868989045e-01,7.392268208669137142e-01,8.325894897405966555e-01,6.597954001610355501e-01,5.415343718480123414e-01,4.671001997587400090e-01,3.313338110764323940e-01,5.525798664679559824e-01,5.809982200752857873e-01,4.575155702194366736e-01,7.438719778366282842e-01,9.939818777580280429e-01,4.435845397107225641e-02,7.066735027019023230e-01,5.560096231835433001e-01,6.685891734234199468e-01,4.533159051467051670e-01,4.529810077321345663e-01,2.619975044930894503e-01,7.783956064683280607e-01,6.227864583254475450e-01,5.233623388828899659e-01,8.842034261245959037e-01,5.204767977326596462e-01,7.729522909602721814e-01,4.458707225256280382e-01,8.121502296975756652e-01,2.370798391829266882e-01,4.419198901439488347e-01,6.500886530371721150e-01,6.418466365458805889e-01,7.495518271517233044e-01,3.286268362966805467e-01,6.584943834037105814e-01,5.546166298152496177e-01,8.475551769517629397e-02,9.066823239931345313e-01,4.752288804043894865e-01,4.969963303791549714e-01,4.525222407548920023e-01
7.110039810967794249e-01,4.659752290061159874e-01,4.934048840054465757e-01,3.577530437586461387e-01,8.986303943517649495e-01,7.144725412040132673e-01,5.937360513120626404e-01,5.595104172837345180e-01,9.113194921220542088e-01,7.252016343407290400e-01,0.000000000000000000e+00,2.342141275261951927e-01,4.923450923141051705e-01,5.861381891514547693e-01,2.351182007560121690e-01,7.817053502926206709e-01,5.237976879167611788e-01,6.720567267065619133e-01,7.616186023383065828e-01,1.371858660117183659e-01,2.304347233864897926e-01,5.850281092490764445e-01,3.302066178271287900e-01,3.499679822916015870e-01,3.019667534228167582e-01,3.662889280823143912e-01,8.551045624932753775e-01,5.924256491487889242e-01,7.140476326907928273e-02,3.692445999758829367e-01,3.356386791795606950e-01,5.929467685450047210e-01,4.062849082300382664e-01,6.338330683567837687e-01,5.880656961560415397e-01,1.193418688519913909e-02,2.563198727779516517e-01,1.616809556929413583e-01,6.255658115274916886e-01,3.379537106633667687e-02,3.536570096372142480e-01,9.952374285425062972e-01,8.653178931968895649e-01,-2.011442799119747549e-02,6.588029810457614044e-01,8.111980540086964897e-01,7.392801904376700151e-01,1.289277294837563176e-02,7.436630594943040018e-01,4.821370110289496247e-01,7.296410889652340526e-01,7.784616830460602266e-01,8.718777915586637395e-01,1.276845774434282876e-01,3.879769142969451967e-01,6.834641570552162371e-01,4.885320466573021547e-01,6.978264106639142650e-01,7.450744530740035509e-01,4.164520417835293475e-01,2.301181589855619547e-01,2.168664221241855261e-01,8.909398855253186644e-01,6.871826445884616774e-01,4.306918892592273562e-01,4.148925817849601350e-01,9.887140212056033661e-01,8.563242397977555154e-01,6.718335619557458394e-01,7.379250298942890973e-01,4.112256402410646716e-01,6.235274612971000163e-01,3.428670983063056843e-01,6.525533742045646068e-01,5.313543932684683391e-01,2.199259689232070936e-01,4.495696391096562494e-01,4.367012811836274988e-01,6.879104445931644163e-01,6.722712216412498609e-01,7.653091363608252040e-01,8.440613351011987397e-01,4.751240446847061483e-01,5.662967814871896488e-01,-4.084340997435723097e-02
-4.103399863341763987e-02,5.156567826416776912e-01,4.771296768491851137e-01,8.507788853107858262e-01,7.916781139922696164e-01,7.383501562556160636e-01,5.818912494080822340e-01,5.384912422743831639e-01,6.813269331330665812e-01,5.911864576250663861e-01,2.342141275261951927e-01,0.000000000000000000e+00,4.109624095432060087e-01,5.221064434983214708e-01,4.224292461820630673e-01,6.850731577990645249e-01,9.469637694200985223e-01,6.201856684534400310e-01,8.142006265838918067e-01,9.073427791138104492e-01,8.220128243235007570e-01,3.958074728706354461e-01,3.583415902199394432e-01,8.246252171055034053e-01,9.571941708119571235e-01,6.364420535736026174e-01,8.147045817783824528e-01,5.596984465151720878e-01,5.643041832291291193e-01,1.310309024474865802e-01,4.626957798861447979e-01,6.557479762629354614e-01,5.082893260317912221e-01,7.488250388725861129e-01,2.978890020426325780e-01,2.458380870081970926e-01,4.508125083448231291e-02,7.286382507467336067e-01,8.013184754574095292e-01,9.736769535155381794e-01,5.165314552833951689e-01,5.814610295978552834e-01,7.740704274069847290e-01,-3.371948396493512634e-02,5.184596291068515050e-01,5.911081838849941983e-01,7.183861626445859905e-01,2.052265832249305366e-01,4.197873578751645240e-01,6.345661971471764362e-01,6.725082437104070721e-01,9.657323122905212553e-01,6.461486068061913501e-01,8.626175413623159427e-01,9.197190738875724580e-01,7.763840418501635199e-01,6.748422072304099961e-01,9.412651514938479291e-01,7.870988372277012424e-01,4.412165064741800924e-01,4.922664208559804910e-01,2.273772556436292891e-01,-9.045756124771979489e-02,9.438281254195013403e-01,6.950252023366030318e-01,3.870333438125400649e-01,6.817948431330291825e-01,4.777195153638005842e-01,4.494167594797618404e-01,9.080531104894629113e-01,9.948757064402359296e-01,4.378173976574989412e-01,6.766752519846370717e-01,9.826041940467999947e-02,5.554537788501605622e-01,6.432829482922171049e-01,4.596681654534682804e-01,3.194978424511807913e-01,5.815376382107113606e-01,4.723234461282325158e-01,7.528452084699639724e-02,6.277903609652640826e-01,5.807121237624421894e-01,2.013638489208563198e-01,5.126510769427775616e-01
6.218120325813774052e-01,8.262981592610443293e-01,5.413971232911879428e-01,4.085460584725287281e-01,9.343501395493487849e-02,9.031427594553740335e-01,4.920980616057033519e-01,4.129110113906479529e-01,6.465734629475439199e-01,2.226401014141301260e-01,4.923450923141051705e-01,4.109624095432060087e-01,0.000000000000000000e+00,6.877111796811667954e-01,6.598356486858790726e-01,7.899591141604481725e-01,6.615418696178869684e-01,8.419195531728395077e-01,6.498545734500887905e-01,8.637840258076194822e-01,1.188383249335933506e-01,7.424261708451125319e-01,7.358044571449023907e-01,8.846280589273486372e-01,2.033332474843571325e-01,3.143035938096192666e-02,6.591672478248216116e-01,4.295466993273083234e-01,2.048030091413342579e-01,8.729798797935253707e-02,-4.160598990832609090e-02,5.653930869275896054e-01,8.860081461478600540e-01,7.786955979161714891e-01,5.342415989381893437e-01,1.755003621500519362e-01,-5.962849278070680992e-02,2.918357046510827169e-01,8.875437596165168808e-01,5.585328426355643527e-01,1.292873963985594621e-01,9.728195731390422152e-01,9.636366280349203395e-01,6.681891630933326498e-01,8.161160582264637142e-01,2.377929986643895766e-01,7.562425278860682720e-01,7.316150172349447089e-01,7.047606713326067807e-01,6.641361681510442594e-01,9.293182350415831738e-01,9.254657907704786357e-01,8.236332137781032792e-01,9.304336959877136382e-01,6.610047625465952370e-01,4.331560857468322312e-01,9.160198996439002928e-01,9.341599237573973147e-01,8.190016174762719814e-01,3.133250680559183654e-01,2.390411110117015847e-01,7.456380088217869906e-01,8.345763890849994260e-01,6.754833537026710966e-01,4.195160007606023034e-01,6.135773884172412984e-01,6.557038052852892651e-01,9.057541251255394332e-01,4.099935917161148802e-01,6.403774670740187691e-01,6.562346821505883332e-01,7.170453311067944702e-01,3.636794934636362608e-01,3.358633285545956637e-01,3.009405513253005093e-02,6.142323676316203684e-01,5.824254758663826026e-01,2.280378064378868475e-01,6.092049683692570827e-01,5.611472432887636835e-02,3.857847897244255364e-01,4.288856956420007416e-01,5.180159243801084612e-01,3.625502452001092557e-01,5.346594767098674650e-01
4.332747112162916858e-01,7.506367229102343108e-01,6.675069025237834186e-01,6.698170224990245281e-01,2.994569899224200915e-01,4.243144753182296891e-01,4.439821654450697985e-01,7.888046851378781588e-01,6.370035209052067326e-01,7.775420944763564712e-01,5.861381891514547693e-01,5.221064434983214708e-01,6.877111796811667954e-01,0.000000000000000000e+00,8.020386162589168144e-01,7.422322714204078187e-01,6.212346170611459106e-01,9.312189274963926788e-01,9.975765723896445891e-01,9.161444995784024936e-01,6.454415326361183647e-01,5.010695625145255017e-01,6.861394281937989170e-01,6.202643783700952929e-01,-6.066794214818324593e-02,1.541222380093485445e-01,9.940375346975260928e-01,5.733699561408587275e-01,6.773057423360409612e-02,3.581561755624329546e-01,2.464385525403012811e-01,7.515989987756033219e-02,4.373708275509391452e-01,9.868010760604715159e-01,6.827909508215092016e-01,1.895802815295821453e-01,3.553635932950390819e-01,6.468255573604071440e-01,9.350593582529989067e-01,6.319231688804878289e-01,4.982681575860339329e-01,6.096472187131998233e-01,7.903946042869903765e-01,7.929289315304735020e-01,8.788228765639947149e-01,9.385550561461875052e-01,9.179507333350830356e-01,4.506255402147415490e-01,9.002815921452176351e-01,2.472016764273066436e-01,9.377465525907744404e-01,9.938781520536730252e-01,6.468448047174861770e-01,8.147917311820960240e-01,7.855688271023307800e-01,8.580596796588806363e-01,7.484415055651565396e-01,5.068950012991400023e-01,6.186979766444412610e-01,4.987569653525375513e-01,5.835224031726248262e-01,9.853705794882056113e-01,7.134406416815209928e-01,8.235641142485184973e-01,9.212115568940419941e-01,7.043657817667975385e-01,6.997450966525772253e-01,9.431301662497607596e-01,6.152886255923780690e-01,6.088743839493667709e-01,7.740590990232643076e-01,8.547932757311876850e-01,4.251088043326768373e-01,5.791756397752203522e-01,5.138475968770050972e-01,8.424490056795059800e-01,6.954638237496416631e-01,7.604971698258525814e-01,6.700593206610389041e-01,5.791528249546269436e-01,7.780639690487158866e-01,9.795309001947913874e-01,7.121440714341430445e-01,2.758291123172305626e-01,7.119981611981432978e-01
6.599820992713909540e-01,5.267122928640048940e-01,9.095440001115387973e-01,5.447939621077807493e-01,4.905006757371087045e-01,7.116745074280057537e-01,9.606257440181265039e-02,6.391585972595732468e-01,6.653352661604619023e-01,6.445663539095878303e-01,2.351182007560121690e-01,4.224292461820630673e-01,6.598356486858790726e-01,8.020386162589168144e-01,0.000000000000000000e+00,9.597785740521558306e-01,2.027083807648422942e-01,6.981178927561315639e-01,6.415957561202019210e-01,8.460530381565264380e-01,6.329145409830835289e-01,2.797884947833525482e-01,4.036959241910636487e-01,8.986255382275378789e-01,5.553357985425911858e-01,5.152963759585722503e-01,1.037006089194171532e-01,6.299358905623287930e-01,7.853899889533388912e-01,6.343441967087586342e-01,3.149316415302099714e-01,2.613906472632082090e-01,3.096033883154369337e-01,5.474899198921210491e-02,6.070463323164677627e-01,1.301533317318926408e-01,2.526268366012632272e-01,7.838751498697995590e-01,9.258857313973631875e-01,6.875153400997505715e-01,4.079603766268447007e-02,7.343233339961974249e-01,4.637482831323248567e-01,7.706642436286326170e-01,7.046606664162228251e-01,3.045401999173082408e-01,7.305538386116985361e-01,6.109390151446333350e-01,4.554608732641202695e-01,9.422097886532188743e-03,5.064154280497743521e-01,5.700471663163405589e-01,6.990007112826669422e-01,7.672783047019768876e-01,8.664984459535662875e-01,9.825669974475943480e-01,7.219116116555026608e-01,5.943170010337190945e-01,9.151645185303148855e-01,5.740444598005067789e-02,3.904032521743886486e-01,7.546549152707857644e-01,8.754604553535745293e-01,7.086012751007738641e-01,7.820837681388677076e-01,6.088636059210794649e-01,7.030854795281100689e-01,6.340505003297046693e-01,3.074237209910566926e-01,2.859807307021170475e-01,5.725592672512407333e-01,7.421687852824804255e-01,4.006108751587530992e-01,1.456383358159177299e-01,5.200165195942152430e-01,7.284862983415988369e-01,2.885318988927657591e-01,3.662300572280046129e-01,4.071434273423957251e-01,-1.693565242368570978e-01,3.805237815495879916e-01,9.254488802694277316e-01,6.311446856624101931e-02,1.726826985884251098e-01,6.975100350552992934e-01
9.375799402324661580e-01,2.400651851827810546e-01,6.559083001352896680e-01,7.508078090053130760e-01,8.302143542569552226e-01,3.338349557762397835e-01,6.175428684228201348e-01,3.225469110422063412e-01,7.393587590276152754e-01,6.544456522056594228e-01,7.817053502926206709e-01,6.850731577990645249e-01,7.899591141604481725e-01,7.422322714204078187e-01,9.597785740521558306e-01,0.000000000000000000e+00,6.203354963741453121e-01,6.752532325194087193e-01,7.497911975214062164e-01,7.292582197717897285e-01,9.306767879321745651e-01,8.931108449218949641e-01,2.489915427966498673e-01,9.988435356742042526e-01,4.259474607546790415e-01,9.512529499869369909e-01,6.391203522019829331e-01,7.081852228574445629e-01,3.728978550436750083e-01,7.981556674555714270e-01,-1.510097646924506432e-01,6.411455752979786649e-01,4.839949592114232702e-01,4.354622571289266109e-01,5.931258001459456253e-01,3.695499685962341241e-01,5.597143077444945991e-01,4.503459345243217005e-01,5.067994896793462933e-01,6.725336879728858186e-01,3.694007243075178581e-01,4.617450295119285286e-01,6.674312047856927332e-01,5.738017105674357854e-01,8.781047356511593183e-01,3.085943907552063381e-01,6.749362794022277789e-01,8.617198862802585291e-01,9.882062971190579415e-01,2.208415767961514342e-01,2.606436557635839479e-01,7.442547165714105128e-01,9.004441869170777268e-01,2.744021558882719369e-01,7.591176045058778410e-01,5.578808404506307994e-01,7.582344406301089190e-01,7.822383784644455496e-01,7.142698830129575738e-01,4.098653613559379294e-01,4.311200886265467158e-01,3.384923055559879712e-01,7.745714867899625711e-01,5.235184180763203798e-01,9.177456864715486384e-01,6.751636096193800451e-01,6.469237290998743894e-01,8.019262720324996652e-01,1.808305902092255668e-01,8.681459988196202904e-01,7.900436892159321545e-01,2.734783832382566837e-01,-4.757405250812477004e-02,3.693520257857039191e-01,7.240268925149866419e-01,6.417344790000776289e-01,6.270431245606009618e-01,7.676741266781182960e-01,4.838525453824626954e-01,5.118080103184431406e-01,3.979349156676360577e-01,5.597847905193271689e-01,6.883593155872114178e-01,3.642825207595548065e-01,4.811244226111560107e-01
7.300838961299607188e-01,7.431153899176385913e-01,6.730092367492034322e-01,5.817208120060948229e-01,2.122075323904291377e-01,7.338203203158348842e-01,2.384865150407206313e-01,7.312662316508740101e-01,6.675284667025863650e-01,4.797116583978833226e-02,5.237976879167611788e-01,9.469637694200985223e-01,6.615418696178869684e-01,6.212346170611459106e-01,2.027083807648422942e-01,6.203354963741453121e-01,0.000000000000000000e+00,7.586123846755877809e-01,7.943937143998938133e-01,4.658492057529927677e-01,8.142297998751009125e-01,6.143236831368094064e-01,1.584282167562098831e-01,9.512821091627190473e-01,9.658520522066069702e-01,8.054704776468952776e-01,8.054133975366077891e-01,6.135982507595708624e-01,4.927251346346144811e-01,1.069926589427809827e-01,1.169901387414724707e-02,3.020321451901710752e-01,6.548098300034258523e-01,9.127610452883359038e-01,5.417085654279055751e-01,1.569394573426311223e-01,5.289294049852011348e-01,6.401606936737255227e-01,4.788023113591068358e-01,3.925004702625995434e-01,1.874040284526953815e-01,3.475072285732329069e-01,8.295292062372123798e-01,7.340031274488152402e-01,8.600447949720378960e-01,4.000088748921730719e-01,3.790314657809433774e-01,7.688166898481718636e-01,7.419649353815163106e-01,3.487145524150319087e-01,6.007278097863044675e-01,1.387018595228643458e-01,7.419819025921814415e-01,9.557073259071813265e-01,6.064491159501290696e-01,7.991342766008651122e-01,7.493317059394273283e-01,9.415124368568860147e-01,6.106151130521036974e-01,5.175702627500887720e-01,4.761844376455691696e-01,6.941930437149951283e-01,8.309207573122593393e-01,9.708807985111752581e-01,9.838613529944345570e-01,6.810976016543466294e-01,9.621129826016329156e-01,6.277053432146221246e-01,6.774606851078920355e-01,9.963201236151029150e-01,4.333327404216741896e-01,7.255360958038914454e-01,3.511830861510241431e-02,3.749617075776426889e-01,6.627994273407915582e-01,6.809541137135743938e-01,3.376941460214299973e-01,6.069569067128729456e-01,6.179860733175810417e-01,1.301071371734247306e-01,7.381685370486926745e-01,7.232101402340714857e-01,5.079173821980675907e-01,4.387295303995482620e-01,6.960677246718778577e-02
5.094882169906505415e-02,9.210842308580032833e-01,8.413286538303529349e-01,8.841499726417264560e-01,5.615743750142770940e-01,5.315700842819295335e-01,7.653377319196133510e-02,7.510506225114672585e-01,6.127757869542757030e-01,3.222575636215411765e-01,6.720567267065619133e-01,6.201856684534400310e-01,8.419195531728395077e-01,9.312189274963926788e-01,6.981178927561315639e-01,6.752532325194087193e-01,7.586123846755877809e-01,0.000000000000000000e+00,7.891323905213665224e-01,8.368797256732699585e-01,9.405527450011946788e-01,7.502270130823239791e-01,8.295711970220979170e-01,8.742153801432770432e-01,5.379007321625584037e-01,4.328204097117427929e-01,6.279404809791349074e-01,6.511280590500762022e-01,2.241197533575591261e-01,1.512523632303845456e-01,3.339411084750582570e-01,3.346683679011415724e-01,8.463229545197498149e-01,7.386620079379100368e-01,3.024532241058047743e-01,5.028598857853546766e-01,4.232188321970160039e-01,5.155722010726142557e-01,6.783665635809125183e-01,9.848677777253271870e-01,5.649178439538463659e-01,5.091455210515878349e-01,6.372555027980149056e-01,9.143501907323985378e-01,6.023968907390879757e-01,9.296514168860469107e-01,8.963750034327351290e-01,6.129472279438933358e-01,7.599437085941010972e-01,3.359765116600235135e-01,4.596543688783614190e-01,7.255435184664991155e-01,-1.053091998518932842e-01,6.684563365922530087e-01,3.070496781893783944e-01,5.795126677475905819e-01,5.070178725964503696e-01,7.026928814074222540e-01,2.695458739578301954e-01,4.146226315185189693e-01,5.872663724439931565e-01,5.429232262205645476e-01,7.881740636840867120e-01,6.797363830956532071e-01,7.277377952387454885e-01,5.720170078449828832e-01,6.493266882268653450e-01,5.284159483716655004e-01,4.567350073398498411e-01,3.499927028709196031e-01,6.095625528008499217e-01,8.316904242679659109e-01,7.449265449580531051e-01,-1.386022891953031522e-01,3.598102603638199115e-01,3.961695832612107115e-01,6.309667030879549943e-01,7.322039127770848532e-01,5.768372566352120145e-02,4.823516523181655136e-01,4.461981611402299763e-01,5.911749331786115835e-01,6.846331582360244417e-01,1.540340669579121358e-01,4.871627351758837099e-01
