0.000000000000000000e+00,3.387874715464635478e-01,4.482114830670034245e-01,6.109723660575442361e-01,6.094032827091824256e-01,8.135066507846772099e-01,2.275197797203197259e-01,8.240435517399467003e-01,9.764220421924264537e-01,5.492581609264106657e-01,4.884228365524858617e-01,9.707572490314053670e-01,6.180841900293396751e-01,8.286128546905425774e-01,9.295795218442668428e-01,6.995109439289036724e-01,9.281564569464617609e-01,3.224308303282075738e-01,5.027245149993770923e-01,5.618226104702075396e-01,8.747410988658230746e-01,7.843172054889675504e-01,2.281247904073622490e-01,5.099423164640143336e-01,3.222323626285079068e-01,6.907883555093887740e-01,6.860266867983193517e-01,6.348254569336304609e-01,4.827921888721773552e-02,2.640534463046826930e-01,5.123726318257075807e-01,6.679919774573913616e-01,7.089917737087439997e-01,9.403596835949425969e-01,9.428701423954317651e-01,3.519581351285884230e-01,3.276245129448066007e-01,6.072595555919202415e-01,4.384369017116931389e-01,7.225228495604675283e-01,1.321613036108192640e-01,9.017289110964126220e-01,8.080976075326486985e-01,8.018262039699701749e-01,2.072118198107304188e-01,6.911889631416888724e-01,6.693075267513397542e-01,5.784928739110664075e-01,4.821978951237644584e-02,2.268828059593683000e-01,6.372361855016466237e-01,7.579174488057924819e-01,8.499958962451354960e-01,3.626154214820319632e-01,6.890051879128148427e-01,4.077897660335984553e-01,9.663003342526139683e-01,5.938454277276246085e-01,5.608898315634210929e-01,3.361621973786677042e-01,4.774006040906213499e-01,4.234059726378682775e-01,6.162460948415381390e-01,4.231716131988510488e-01,9.859644533753535445e-01,3.438859295730131160e-01,5.075834071302702810e-01,6.252786494557568409e-01,6.115352320586323609e-01,3.443652421791552065e-01,8.558567825871408186e-01,6.986121347140012983e-01,2.526806544442385394e-01,5.238965430370088328e-01,9.170842921900435041e-01,8.281451065068610173e-01,4.794623829703793527e-01,7.979301424255472730e-01,4.761219115506200028e-01,6.277045227261567051e-02,7.080372063348223666e-01,8.054054968581386698e-01,5.327731010435299286e-01,3.678159157409995883e-01,7.482936852589259225e-01
3.387874715464635478e-01,0.000000000000000000e+00,9.265260148277393304e-01,5.069464976584975302e-01,6.906187132132075579e-01,9.504049037366852914e-01,4.875081535695546808e-01,-1.980565082534338495e-01,8.917969753283427892e-01,6.311384584533982212e-01,5.955253243283766817e-01,1.018423296536234424e-01,9.718076200939924636e-01,3.400151789266354641e-01,2.788233168409948726e-01,5.559349860049899172e-01,4.521374103956236068e-01,5.409531854707376741e-01,8.362102308432215469e-01,8.078456547720292980e-01,6.860011783371491312e-01,9.873981834370789690e-01,7.078970788386499402e-01,9.871559110585206298e-01,3.612929700988818382e-01,7.200433125948393354e-01,9.598793798598961313e-01,7.091119698123182769e-01,4.020895329610234964e-02,1.775827193859493003e-01,2.286471014229670695e-01,3.344918525184259472e-01,5.658808824659029568e-01,9.145593254815076456e-01,2.306243744468054468e-01,7.735039438170505655e-01,1.951480991080664085e-01,6.627555044478615764e-01,9.887773306032064946e-01,7.024657833211241931e-01,2.852032301960141236e-01,8.213098058541803415e-01,5.510770101958317735e-01,4.495763732623833109e-01,4.825019860956220041e-01,6.742219265325921640e-01,8.729449381343478143e-01,4.929982515580849101e-01,5.069505689608276855e-01,7.553360738529799612e-01,5.505295557154294972e-01,8.030135799874142943e-01,5.895339930191806355e-01,7.127501392411544900e-01,9.787147018017106070e-01,4.776195404630389496e-01,5.308704423803267680e-01,7.543292087816486635e-01,5.658354502366099714e-01,4.649031204238326387e-01,3.985720758509915251e-01,8.403307511929719587e-01,2.355717603931146986e-01,9.597747505548656077e-01,9.299618388336484687e-01,8.540362052749210786e-01,2.171081342288841420e-01,7.765573685312460173e-01,6.603740229934614847e-01,5.967856594961484795e-01,6.190524235048117108e-01,7.702216145620073284e-01,5.497100690723550898e-01,5.142816534366324577e-01,7.313161505297978149e-01,7.562701959136436392e-01,3.996235610169082686e-01,3.163199975158718091e-01,5.744311778325561502e-01,2.732853238637689697e-01,7.691587408666409331e-01,9.597190263053190229e-01,5.953319423694776180e-01,2.038678944947274266e-02,6.961614857696296621e-01
4.482114830670034245e-01,9.265260148277393304e-01,0.000000000000000000e+00,9.453969423351350487e-01,4.832209699647394552e-01,8.525110933108164257e-01,6.810108891036363854e-01,7.703576222998307355e-01,8.580728298567955603e-01,5.132819460047097770e-01,6.024718398940389630e-01,8.003425561681893896e-01,6.828647887877405953e-01,8.288064737215926625e-01,7.391758318367531722e-01,7.981408786986476933e-01,8.174565309974815008e-01,4.434191941860517461e-01,8.642911634887651129e-01,4.230950530928196951e-01,8.949076744946030670e-01,5.012545437196818110e-01,7.499209196032534663e-01,8.618575082750341565e-01,9.541744624022031607e-01,7.075362706108675459e-01,4.865654539082193697e-01,2.722098124591699753e-01,2.098070806301876867e-01,5.851518214426120190e-01,2.111579972124976445e-01,6.136615053511070839e-01,1.192921635497483090e-01,7.594243263303043223e-01,8.134766323669440080e-01,7.767124718417549589e-01,5.848772039175080817e-01,3.550090262968363941e-01,9.911595878694090533e-01,9.352277626019267487e-01,1.276374804238880889e-01,7.509158916020430841e-01,9.964375825985537505e-01,6.166097854547611945e-01,7.040569359666428717e-01,7.383466900056174786e-01,9.287713615427720670e-01,7.370072413289998625e-01,4.306114254320402845e-01,9.732526177345578455e-01,8.654859290162106866e-01,6.928804429317657609e-01,2.887044172147240628e-01,2.454927173542082453e-01,9.650930676440629963e-01,4.868651607769620138e-01,6.911928517568775021e-01,7.481585655425952996e-01,5.570355541411180500e-01,2.528229518052951263e-01,2.900154907675187577e-01,6.398239420572522373e-01,9.895437322158116000e-01,7.964568222054547730e-01,4.306379917889454068e-01,4.755568825376311759e-01,4.974563568693846638e-01,5.417945712751176535e-01,6.656331301525900690e-01,6.604807962786412023e-01,6.401762716818706345e-01,4.318711020700903847e-01,4.143951313417295612e-01,6.454443863122339975e-01,9.897301649354076636e-01,8.853100348987550383e-01,4.736455714359283919e-01,9.619007500479463957e-01,3.674239873221260000e-01,7.303496231726417376e-01,7.246912651600246891e-01,6.608796478965139887e-01,9.862024688931441130e-01,3.515149762298620528e-01,9.021377942763699753e-01
6.109723660575442361e-01,5.069464976584975302e-01,9.453969423351350487e-01,0.000000000000000000e+00,5.152908347305760195e-01,6.741763847730058989e-01,3.689827713708134227e-01,3.613560856702733859e-01,6.533644428104683488e-01,6.619542367446519249e-01,9.535933615611527081e-01,9.293636871205471772e-01,6.629591735670388175e-01,7.206406991220507541e-01,6.758452884356089818e-01,6.889725998894219439e-01,7.019627762415475702e-01,6.606665650821819114e-01,5.391848110776931158e-01,6.836677572799993996e-01,5.832185194309948972e-01,9.302452738629027884e-01,6.553177078068513906e-01,7.725690089816418249e-01,4.517346876348823370e-01,8.771276409007577879e-01,8.262549481821750419e-01,9.574743562690182230e-01,6.725774514651746694e-01,3.501135239116238695e-01,3.520364437431492410e-01,-1.545039095074281499e-01,5.984493165225232003e-01,6.691238159303907196e-01,7.937982406276661296e-01,-5.516096801649919557e-02,2.210462071901841963e-02,8.712998733655991090e-01,2.296975565738991754e-01,8.832865286659508097e-01,7.709486483509857546e-01,5.195426327051261284e-01,5.433718706271358778e-01,7.643727707520562298e-01,4.223289208804054673e-01,7.994882952627553330e-01,8.745379474152039645e-01,2.471605320670096639e-01,9.856703764391528955e-01,9.929052019705849608e-01,7.763744005525299308e-01,4.000050171675149646e-01,8.194481992262065972e-01,8.639519774008503905e-01,8.261539492631969628e-01,8.141269898464906785e-01,6.106564221754865462e-01,7.847230887158972434e-01,9.286073783663235659e-01,4.123499141589941352e-01,-9.157286817185007755e-02,9.518252696081936914e-01,5.086271155948539624e-01,8.866655427554194224e-01,9.680399829500623277e-01,8.899304273190028480e-01,7.371555256510332610e-01,8.834246326260868365e-01,1.335807344340782243e-01,4.176399828980275619e-01,7.700717168372518406e-01,4.252706509975051063e-01,1.854237690465269928e-01,4.676707441741523308e-01,1.095803600334568917e-01,7.204098250433049744e-01,5.684521433631408716e-01,3.756039023913205210e-01,2.540898679662052517e-01,9.944132645244130320e-02,4.909376370957313496e-01,2.174966180529925019e-01,6.208395170564765531e-01,5.699665712634462977e-01,6.392907316032957477e-01
6.094032827091824256e-01,6.906187132132075579e-01,4.832209699647394552e-01,5.152908347305760195e-01,0.000000000000000000e+00,3.996370187489058368e-01,2.813769503218955803e-01,2.233076215275680565e-01,5.879990094737670425e-01,5.127863981078066846e-01,8.513536801476198068e-01,3.781447337947129173e-01,9.890151059856897575e-01,6.442156086403569848e-01,5.833585662850011566e-01,8.442186841451526647e-01,5.190004931464029525e-01,1.644339542364288975e-01,5.800648275304975954e-01,7.590295115665218750e-01,5.565955530954344033e-01,5.161508932657760118e-01,9.278196746193200228e-01,8.022403307727965505e-01,4.874903751983951650e-01,6.300836180549931331e-01,5.966280145537997681e-01,6.175260366602155493e-01,1.881367485192403377e-01,7.180568755622911414e-01,6.911747063696711546e-01,7.359968851213689600e-01,6.596707634856461278e-01,6.226902401042750945e-01,7.062145378009948571e-01,9.195359905360023667e-04,4.271451456180852535e-01,5.331431357549596406e-01,5.500491480211157080e-01,5.069927627610574250e-01,1.774897475476750475e-01,7.291303788147973641e-01,7.363146006993243065e-01,8.127462833706631251e-01,6.928928518351200605e-01,7.375163906203803243e-01,6.204460168744696524e-01,7.961374072350413389e-01,2.376465427676132669e-01,4.368420613074088799e-01,6.942234644948871436e-01,6.314839732938867245e-01,6.424695521725567460e-01,4.427193841903514504e-01,7.217515508747200936e-01,7.073508048376120870e-03,6.356694311707622447e-01,5.090443809042844991e-01,5.069361061856481054e-01,6.868426310002804236e-01,1.076450303056595975e-01,1.360307741942640702e-01,6.157498334403980200e-01,7.934878674842981150e-01,9.391869341782754788e-01,5.454476680216874263e-01,6.634606881768582154e-01,-1.887315480857715555e-01,3.921437028101663058e-01,4.171756330591068762e-01,7.295773863309480411e-01,4.451704047470059905e-02,5.944436311442409249e-01,3.576352608408855938e-01,3.114652911372057797e-01,9.833659390575564263e-01,9.505338128757859772e-01,3.693059316601760567e-01,3.465042827111460833e-01,5.808946867166768779e-01,2.990539243051514862e-01,7.989171493497634335e-01,7.912195076989193554e-01,3.326146583617665131e-01,4.309466237331358585e-01
8.135066507846772099e-01,9.504049037366852914e-01,8.525110933108164257e-01,6.741763847730058989e-01,3.996370187489058368e-01,0.000000000000000000e+00,4.500760064892021517e-01,5.965373116376507800e-01,6.399985158871052127e-01,7.132512480194568294e-01,4.963629123350604688e-01,6.127428040891118588e-01,9.739858215888992365e-01,4.637531673541277488e-01,6.784146802580081070e-01,3.622162197747520740e-02,4.189138616882270849e-01,5.092856939758674262e-01,5.783026564563400473e-01,6.961966093466325223e-01,4.120499731074991345e-01,9.766552224422448969e-01,3.605996129419726803e-01,8.660025006895136768e-01,7.212151996317324176e-01,8.599369338884306213e-01,9.944158559594661329e-01,6.278453584587968539e-01,5.447816048101217223e-01,3.367542810377592843e-01,-1.766035954905334493e-02,5.204442319183643084e-01,7.309662758779926772e-01,7.748587465271237207e-01,6.129860551819953374e-01,4.343045891212520826e-01,1.743364959705742678e-01,3.335972767699836306e-01,7.363176615825295368e-01,7.319615246635217121e-01,2.304325308067372013e-01,9.092420810138092113e-01,9.995725916286155588e-01,6.654733541592734447e-01,3.955661659007372322e-01,4.924579001397407785e-01,6.193807590897191240e-01,6.096622945990218811e-01,4.361449253679168248e-01,2.405346827014394617e-01,5.071815177333677260e-01,2.808022795104471725e-01,7.025689169407685064e-01,6.260756475275779387e-01,9.463072114798115608e-01,8.080763332844886904e-01,5.521376027211519766e-01,7.340369269623665538e-01,5.076820817350964354e-01,3.772527784372146226e-02,1.381730444716078865e-01,8.304918723736772757e-01,9.400805489252536118e-01,8.434012112423796559e-01,7.370988410904086852e-01,5.005623942903856261e-01,7.850200583491329098e-01,8.032306176121866148e-01,4.587656826060772519e-01,4.664986190897440488e-01,8.349727772907640233e-01,3.499647066762725384e-02,2.154497043853235705e-01,2.711254739717842699e-01,6.666434124616370527e-01,9.437897070495551155e-01,2.507062269777668995e-01,2.619266879433864159e-01,2.707436760468338033e-01,1.907557935552595951e-01,5.097445764345490682e-01,7.891967786478621960e-01,6.930973932500178458e-01,-3.586374848785878200e-03,3.971765973866597799e-01
2.275197797203197259e-01,4.875081535695546808e-01,6.810108891036363854e-01,3.689827713708134227e-01,2.813769503218955803e-01,4.500760064892021517e-01,0.000000000000000000e+00,6.462615448547526231e-01,1.081495605703460816e-01,3.654997530675925255e-01,4.710570209692797605e-01,5.078402743287370180e-01,2.128132309060225824e-01,5.959898435862499566e-01,6.952111786871878474e-01,2.808213420889603684e-01,2.675699851159758502e-01,5.081091692754310385e-01,-1.415874819799179118e-01,9.216376667205057327e-01,8.538642333442528765e-01,2.055683671801927237e-01,1.666912102334950352e-01,9.407513318805850178e-01,4.836131932192202498e-01,1.708317414049251026e-01,4.943868645123051797e-01,2.595188021747161788e-01,4.476839889080901913e-01,2.812751410013614173e-01,7.916353957554658205e-01,6.636940488978753105e-01,5.072472524355811085e-01,7.481510367206537504e-01,3.520003011530674075e-01,5.595921890613255734e-01,-3.047461115069594051e-03,4.655379767776796629e-01,2.478969633911927706e-01,2.611117887515659874e-01,7.576972059008594274e-01,1.413909262109065527e-02,5.408392411077289630e-01,3.364416850202923692e-01,7.273088050271694360e-01,3.359312759139645443e-01,5.093680102353522754e-01,4.383683304527159486e-01,3.120322318848871013e-01,9.762781069498814857e-01,4.664152530084560988e-01,2.683718936503598496e-01,5.526526407085596837e-01,5.278432346409633880e-01,8.428081702513746665e-01,5.623890118037842001e-01,6.606624895782108320e-01,7.202917919636511179e-01,9.337594491469556335e-01,-5.973275500404306992e-02,5.263242060991241145e-01,2.292048375953730788e-01,5.825133999089653347e-01,2.879626182032407611e-01,9.371652518937858556e-01,2.479819380665255202e-01,3.325558428308369452e-01,9.280854762893893106e-01,7.184421131491194323e-01,5.395896558512826013e-01,2.398362002999987197e-01,7.042839681771729810e-01,5.762658971886586157e-01,3.314765545149748194e-01,7.178751507443072999e-01,1.613497995494084236e-01,2.688949567906684934e-01,1.775377220676995493e-01,3.730230533611483129e-02,5.445731155131643408e-01,3.650476424290871602e-02,7.660893058145341605e-01,3.019250857207442795e-01,6.495620428602997265e-01,3.081708035995949224e-01
8.240435517399467003e-01,-1.980565082534338495e-01,7.703576222998307355e-01,3.613560856702733859e-01,2.233076215275680565e-01,5.965373116376507800e-01,6.462615448547526231e-01,0.000000000000000000e+00,7.809520050210486675e-01,4.963008418632486318e-01,7.023631809766150980e-01,6.160068460911860555e-01,3.813192306359922124e-01,4.442966815599239672e-01,5.390609332060872783e-01,5.262230096969900961e-01,2.943924619597518832e-01,7.576690051239136636e-01,3.175235337783434697e-01,7.555817282850891825e-01,9.725764937923067066e-01,1.163221941371422041e-01,4.492377028621723500e-01,2.987776608590674288e-01,5.987715649156096775e-01,7.643988590672230465e-01,4.989595984479453517e-01,-1.807866670630853267e-01,6.604828844311652070e-01,4.717058997694692501e-01,3.525301945814597326e-01,3.694524711841749021e-01,5.019417599755351400e-01,9.608830646138829534e-01,5.758183413278019636e-01,-1.086385924282635834e-01,4.498819133265172798e-01,8.629807414166311696e-01,9.254371741198460510e-01,5.390602654386587034e-01,6.399394764222131604e-01,3.631841224868337936e-01,9.753813491722816975e-01,2.344075603038889011e-01,9.346947879900278089e-01,4.092558931960335600e-01,5.512678248379245805e-01,7.332973538199042407e-01,6.264904310450204461e-01,7.838238331894367139e-01,5.480148772865007789e-01,6.569360431800554956e-01,2.092053805463881533e-01,7.788183538505883963e-01,3.305862141677933241e-01,6.681871628991903345e-01,4.473835454816382229e-01,6.397891810421839631e-01,5.691969139964286883e-01,9.457107366444168495e-01,3.282644822634594450e-01,2.300063195935498628e-01,2.567453277015919744e-01,9.212017950578548220e-01,9.507615647908729262e-01,4.261990876610542434e-01,5.085344043070723075e-01,8.169069973237741422e-01,1.990753801684625179e-01,2.329815834996366297e-01,4.784095157584705715e-01,5.141291003421487593e-01,4.921977019731013647e-01,2.381854795664464786e-01,4.775217309298414592e-01,6.722850911107107752e-01,5.499797261111384339e-01,9.183061034402401068e-02,2.761232894054917453e-01,5.720521192981995462e-01,2.551090370657421169e-01,8.092427514929720900e-01,6.462630397154560669e-01,-1.707100987040323370e-01,5.529184122210610841e-01
9.764220421924264537e-01,8.917969753283427892e-01,8.580728298567955603e-01,6.533644428104683488e-01,5.879990094737670425e-01,6.399985158871052127e-01,1.081495605703460816e-01,7.809520050210486675e-01,0.000000000000000000e+00,6.054538387857950621e-01,6.787339883693153109e-01,6.805409418646465314e-01,9.249025664589097806e-01,5.682297146771712049e-01,5.933088555020396004e-01,8.489303055458037317e-01,7.541251439811214041e-01,2.742462830000969021e-01,2.139636665631120260e-01,3.559117782444718575e-02,9.443700191178887593e-01,3.796194290877906163e-01,8.061545846315109065e-01,7.378181323706306527e-01,3.101785001921245621e-01,6.620032650400003993e-01,4.153932712279026496e-01,7.911751265170845482e-01,1.729124435055384712e-01,2.188545642085436560e-01,5.562520229209981792e-01,3.259399997062091825e-01,6.241334752045075707e-01,3.831432118586100000e-01,8.500772855589773247e-01,2.976563818664449967e-01,2.276155699993258688e-02,2.243163537004057573e-01,7.427497226491066584e-01,7.289719016348539249e-01,2.077558703766762549e-01,7.940587119748867551e-01,8.653544174025682434e-01,4.311617219900173992e-01,4.495131483104761183e-01,7.476519938239405416e-01,4.993603283563853856e-01,4.077599117272902585e-01,6.026688981585809346e-01,5.753540200846293251e-01,7.346784390031507739e-01,6.056773723912037832e-01,5.171247770883754535e-01,6.843089132549277087e-01,7.979297426219329470e-01,6.839640329638162486e-01,4.830342494447134594e-01,-1.503136975742136172e-01,3.286221132321331950e-02,8.989620789174881388e-01,5.792923517468615557e-01,5.186139784816603537e-01,4.064335676948281906e-01,7.502737972456816617e-01,6.521984822997706210e-01,3.760807864813413559e-01,4.706606818091985112e-01,8.540434123825068058e-01,4.393742618645264386e-01,8.515366040709547724e-01,5.260217304726322318e-02,7.315570878768107299e-01,5.394506445018043550e-01,2.003941373282553673e-01,8.200595604191479593e-02,8.775633491457098811e-01,6.814277502895891292e-01,4.016445266508550938e-01,5.729371457368335196e-01,1.908802825457985852e-01,4.883843360407476020e-01,6.472270119235645769e-01,4.384846898845439211e-01,1.187346125275913905e-01,3.197474306555559975e-01
5.492581609264106657e-01,6.311384584533982212e-01,5.132819460047097770e-01,6.619542367446519249e-01,5.127863981078066846e-01,7.132512480194568294e-01,3.654997530675925255e-01,4.963008418632486318e-01,6.054538387857950621e-01,0.000000000000000000e+00,7.827593024406584998e-01,6.765006249816970518e-01,3.082327989069424956e-01,8.644092988281026901e-01,6.828451788793631350e-01,7.200690300777081720e-01,9.361193714197157956e-02,4.593812219965497379e-01,6.663587482279258456e-01,7.972717441720150733e-01,7.152450303137692922e-01,6.488640795248784565e-01,7.876347601970886680e-01,7.409634513409462109e-01,4.630916449405777513e-01,6.925475939697091077e-01,7.386479425279930400e-01,7.329059165102996820e-01,2.356890076782207355e-01,1.457948140247291302e-01,5.934254919860606492e-01,4.978830104573405690e-01,7.582189003784504111e-01,9.702021217392928776e-01,7.693378697868936689e-01,6.438631561198532305e-01,4.715496121990898626e-01,7.622294385965828756e-01,7.106853773641932381e-01,7.723038148589718155e-01,2.408600274382440287e-01,4.460500331768597615e-01,7.623769835972711295e-01,9.192837276928962353e-01,7.827865246189518178e-01,6.385019783826346718e-01,6.507526549121287474e-01,7.409888504437214252e-01,3.536816785956619635e-01,1.846488746466826425e-01,5.154224618307619021e-01,6.781551343588252401e-01,8.199900634862336557e-02,8.306661355094316912e-01,7.435483756643891384e-01,8.650021499422103077e-02,3.296427631067774255e-01,5.828145177421919509e-01,5.883175981823710599e-01,5.322358555873659691e-01,3.207812144656793651e-01,3.829285854021819424e-01,8.822823402458057629e-01,9.281013965780608999e-01,7.091518225992428093e-01,6.136856204291830652e-01,5.759396295437273494e-01,7.037564582659592283e-01,1.680900607634522037e-01,8.413606293047417584e-01,6.561217234427277889e-01,2.039292923365927657e-01,5.321290307565987865e-01,2.436589444589411235e-01,5.967431702525349824e-01,3.168282110401518525e-01,6.264594705733229629e-01,6.218009795067127587e-01,7.317137786037031244e-01,4.614721981787016647e-01,4.433383725760071115e-01,7.490831165607716446e-01,7.443415554385064414e-01,3.308793927812515023e-01,5.711199653272017729e-01
4.884228365524858617e-01,5.955253243283766817e-01,6.024718398940389630e-01,9.535933615611527081e-01,8.513536801476198068e-01,4.963629123350604688e-01,4.710570209692797605e-01,7.023631809766150980e-01,6.787339883693153109e-01,7.827593024406584998e-01,0.000000000000000000e+00,2.210396586066088465e-01,7.367893482340992506e-01,6.403954751212312946e-01,5.232758113919745435e-01,4.075060772629206518e-01,3.909532903595379638e-01,6.867807097006741746e-01,2.606926728134624505e-02,6.321386478901984685e-01,7.645674493488437973e-01,7.832738238482070958e-01,6.673703865938090951e-01,8.524488186581329341e-01,3.437920839330645961e-01,5.578674967848674671e-01,9.994525242745113669e-01,6.237705021718179532e-01,7.095035497790874723e-01,4.376025696989140901e-01,2.557833352530675675e-01,9.169191647796686162e-01,5.111983951037911700e-01,9.608031507864247533e-01,6.762826000780526314e-01,2.741325453215261998e-01,2.471910362795699534e-01,7.862798844138223497e-01,7.719092204550680458e-01,7.317077806861530531e-01,4.321074062251300529e-01,8.333162262006885701e-01,9.316123056129766988e-01,9.227685342226851217e-01,8.870543708652878223e-01,6.794282782571869905e-01,8.615509630735809221e-01,8.600247444779347550e-01,4.596531692312945117e-01,8.610813763731153259e-01,5.401765668116045305e-01,3.656954919841468588e-01,8.104526530690282504e-01,7.376086695091899070e-01,8.683257517429030514e-01,8.598810503768604674e-01,7.343367637161040129e-01,6.034930017096811206e-01,4.661524805421399242e-01,4.972661331541172736e-02,2.342694421418825557e-01,5.072135143806317803e-01,3.590813023711819651e-01,7.666731598105757106e-01,8.020551640055649800e-01,7.389344328073653712e-01,8.865685825771604245e-01,9.312026505250519115e-01,4.880471959041157715e-01,9.297458382574880220e-01,8.957287894467436118e-01,5.461108870773381252e-01,1.826842145435856879e-01,7.435017482415197110e-01,4.798756211735802912e-01,7.404610913069806788e-01,8.116248611330025842e-01,4.623685355613278980e-01,5.220809891085687049e-01,5.576590626597892619e-01,2.131797309160327059e-01,8.129265064678591335e-01,6.119269560327016411e-01,1.457990392730847996e-02,4.018073696754863589e-01
9.707572490314053670e-01,1.018423296536234424e-01,8.003425561681893896e-01,9.293636871205471772e-01,3.781447337947129173e-01,6.127428040891118588e-01,5.078402743287370180e-01,6.160068460911860555e-01,6.805409418646465314e-01,6.765006249816970518e-01,2.210396586066088465e-01,0.000000000000000000e+00,9.953924204661216413e-01,8.284302188214723861e-01,8.899650576402082791e-01,6.846707979143143996e-01,5.374201683043473843e-02,6.637894952993373954e-01,6.188788243183817039e-01,7.539334517363822652e-01,5.816415356566407846e-01,9.156053074549685977e-01,3.773478185960547071e-01,6.736655074265585075e-01,4.628820478854779319e-01,7.681046027805948917e-01,4.905389716367081210e-01,5.795377132703365408e-01,6.275109521987130845e-02,2.343295336922961158e-01,1.033613723472606161e-01,5.815357459813925711e-01,7.137015243156786815e-01,6.940434389910222768e-01,7.847569759656026767e-01,-2.750395604987965203e-03,3.207552564372840864e-01,4.498579202689492740e-01,9.584279209503178132e-01,1.282077082010016633e-01,5.698884626635203343e-01,7.244170758857326753e-01,4.261926112333547234e-01,6.413703769307390612e-01,6.056862415646298015e-01,7.517214346826074367e-01,9.261097640045385937e-01,9.927493151176980390e-01,4.879395604964358868e-01,4.465586909974534335e-01,3.972801871399715412e-01,9.982924663011479849e-01,7.257153888568179667e-01,9.480336496131729351e-01,8.894033714412126201e-01,7.434847208249653061e-01,4.858049742420951222e-01,6.725572480852718416e-01,5.104143531781515364e-01,5.550000063947549966e-01,1.721275782693179601e-01,3.499759424051824275e-01,6.739799787127872532e-01,9.707340356698017647e-01,8.351207177753261490e-01,6.788995940834392506e-01,4.174140952970277207e-01,9.635092426931486376e-01,2.033229860996875471e-01,9.701049627498820049e-01,9.869052676001822677e-01,7.993165193490665565e-01,2.552676550078372686e-01,3.059053596166413369e-01,2.295491467335524782e-01,3.508743137774013032e-01,7.973216761796864116e-01,4.781936233906334821e-01,3.352152297345508125e-01,1.103633820053746550e-01,6.089839946389073999e-01,9.123174669005942317e-01,1.520283237216495664e-01,3.840069149383786851e-01,2.965525256862269199e-01
6.180841900293396751e-01,9.718076200939924636e-01,6.828647887877405953e-01,6.629591735670388175e-01,9.890151059856897575e-01,9.739858215888992365e-01,2.128132309060225824e-01,3.813192306359922124e-01,9.249025664589097806e-01,3.082327989069424956e-01,7.367893482340992506e-01,9.953924204661216413e-01,0.000000000000000000e+00,6.554710369472143139e-01,2.927088067641623464e-02,7.049673935953763015e-01,4.807775844306930724e-01,9.221610163656703829e-01,8.597874907314192461e-01,6.769657698957134428e-01,5.707159835145321214e-01,8.793435126225386256e-01,6.576919846996530372e-02,9.600527042767051933e-01,4.073702265224397046e-01,4.987711201230866642e-01,5.715900018674142657e-01,8.501699967544178449e-01,2.418813267422921798e-01,7.951299370671431888e-01,4.263093745323828232e-01,7.810822832176027575e-01,6.914526260443482064e-01,7.575875884922247394e-01,5.040322630770007750e-01,5.003189862511331354e-01,-1.985382797679656475e-01,8.540317846779077460e-01,9.546270077394141129e-01,6.106368888799019734e-01,4.951672564101343710e-01,6.119934342858200926e-01,6.082226159021925094e-01,4.851388177751908559e-01,3.810930123921170143e-01,6.567329650728545021e-01,9.317207745541327135e-01,4.929693273556734479e-01,8.715741838121257024e-01,8.560847036943906030e-01,7.996600044638875193e-01,7.687692510615050656e-01,6.343367212304226177e-01,6.309022807281871037e-01,4.950975854582681523e-01,6.618037513763022073e-01,7.131570494093839585e-01,8.246024486376218876e-01,8.475597690064866629e-01,5.886577149052366620e-01,6.933958417440760913e-01,7.985830878855737502e-01,9.021516428618647776e-01,4.465050432445688000e-01,7.477138532141811567e-01,6.754538391935673847e-01,8.813495655485167335e-01,6.160758866137326928e-01,4.872636544347487830e-01,9.706230436528352490e-01,7.785495579732808480e-01,7.202362134263964322e-01,4.993584410360710768e-01,7.185467469804183160e-01,5.206163470041084151e-01,2.809122462729337633e-01,8.771048111751851284e-01,6.503915569726160806e-01,2.025899391897076351e-01,4.805277787397037037e-01,4.354337151051523302e-01,7.676690263442143003e-01,8.026996129609367259e-01,3.988216212133623984e-01,5.320774047545215879e-01
8.286128546905425774e-01,3.400151789266354641e-01,8.288064737215926625e-01,7.206406991220507541e-01,6.442156086403569848e-01,4.637531673541277488e-01,5.959898435862499566e-01,4.442966815599239672e-01,5.682297146771712049e-01,8.644092988281026901e-01,6.403954751212312946e-01,8.284302188214723861e-01,6.554710369472143139e-01,0.000000000000000000e+00,6.542432506997466479e-01,6.732494214924096276e-01,6.601012684594977920e-01,8.778056803416842691e-01,9.937780244295885135e-01,4.287833509545653787e-01,7.761094770657479547e-01,5.193401065276874728e-01,9.067238039395689730e-01,9.079250266433952499e-01,-2.881965743075018405e-02,4.327275205049472273e-01,6.710512614909460716e-01,9.691797561017791995e-01,4.831631496768925560e-01,5.529696066335968441e-01,4.233951218157359225e-02,4.251892679974664802e-01,4.880417985356056976e-01,5.258796002795165236e-01,8.376107416539463335e-01,4.139491959772314544e-01,2.279435008452962153e-01,7.165783685917096468e-01,9.552980110443402006e-01,6.725797088834221116e-01,7.729081615247797021e-01,6.993101821851885891e-01,9.655819494153651261e-01,5.988647228390489019e-01,8.898170281667719950e-01,6.043394338459580073e-01,6.600290904396057812e-01,4.667104230321690861e-01,6.874244395935673602e-01,8.808501248357808455e-01,4.587858522731469435e-01,7.416760441869278964e-01,-6.380972262984774268e-02,9.719506635127643790e-01,7.309056765990712412e-01,6.358542112779077549e-01,5.042544311792619416e-01,5.420329340959273434e-01,8.729907038359254745e-01,4.223959589971043038e-01,6.019439625360022417e-01,5.730859818981407505e-01,2.184410866166961174e-01,6.948299539048029549e-01,5.276970260745885710e-01,8.287520649154010988e-01,8.704103519702033331e-01,4.199560085626637962e-01,5.729990202171373337e-01,6.940391562950314341e-01,8.738144917969077330e-01,9.881648054583211938e-01,3.208762574357805208e-01,4.032144762893412615e-01,7.800380510684117308e-01,9.221163377589811638e-01,2.611699291471409334e-01,8.152998000423191671e-01,-1.909086617552277487e-02,2.825296768534441560e-01,5.642050605567063837e-01,1.636595879809348286e-01,9.306675174762027436e-02,7.860637798112829477e-02,9.570739276926283345e-01
9.295795218442668428e-01,2.788233168409948726e-01,7.391758318367531722e-01,6.758452884356089818e-01,5.833585662850011566e-01,6.784146802580081070e-01,6.952111786871878474e-01,5.390609332060872783e-01,5.933088555020396004e-01,6.828451788793631350e-01,5.232758113919745435e-01,8.899650576402082791e-01,2.927088067641623464e-02,6.542432506997466479e-01,0.000000000000000000e+00,4.946206472431000645e-01,2.826582335667544021e-01,7.784792233278367002e-01,4.103834894057554750e-01,8.935667663783583015e-01,7.033763344353508584e-01,7.939518180864364449e-01,6.737547834535118074e-01,4.405197440386892094e-01,7.455305168274853900e-01,4.808277385961509665e-01,6.891899557154568257e-01,7.371227794577326353e-01,4.821955623831838955e-01,7.077633065234857357e-01,1.440729605679454128e-01,1.292475777029988560e-01,7.294044750721379033e-01,8.268213274457330009e-01,9.814024288358842441e-01,6.717251873365109871e-01,2.537909225369268107e-01,7.464614445951335275e-01,5.114676317388587856e-01,5.405099101564387887e-01,6.979802023217229756e-01,2.402432352107352342e-01,7.529311881084111979e-01,7.049259926354792816e-01,6.973003212216469793e-01,5.711283941954752308e-01,3.766691836496955936e-01,6.669390070140364113e-01,-1.748080797754306415e-01,8.385724033393870958e-01,5.615682334802254427e-01,5.838273089085518341e-01,9.584963244074156119e-01,3.549035781876785922e-01,8.888686202947464476e-01,7.326272194587819531e-01,7.698753095135855151e-01,5.341453852235475974e-01,6.356887034109532930e-01,2.749611124295370801e-01,1.154657481686043874e-01,4.868218979630203336e-01,4.141353843630095066e-01,9.449813035497989233e-01,6.071747879622587662e-01,4.433088021344700480e-01,5.065202977239305904e-01,6.309772422025988758e-01,5.284164165087986698e-01,2.580619192416117036e-01,9.338853695069404548e-01,7.043335817427597290e-01,4.638609672428816721e-01,5.789555770783382238e-01,5.119341606215334073e-01,7.835782190181704854e-01,6.185527881164311070e-01,4.733630054195391290e-01,5.538050935739479153e-01,1.839490292270239413e-01,7.219678624969554370e-01,6.389008359209916721e-01,6.806453683653933551e-01,2.712886946998674942e-01,6.667334282807899637e-01
6.995109439289036724e-01,5.559349860049899172e-01,7.981408786986476933e-01,6.889725998894219439e-01,8.442186841451526647e-01,3.622162197747520740e-02,2.808213420889603684e-01,5.262230096969900961e-01,8.489303055458037317e-01,7.200690300777081720e-01,4.075060772629206518e-01,6.846707979143143996e-01,7.049673935953763015e-01,6.732494214924096276e-01,4.946206472431000645e-01,0.000000000000000000e+00,4.933115351320223607e-01,5.153827369079557741e-01,9.099392062595955677e-01,9.090817131639463700e-01,6.762418450046092655e-01,6.218678459064828079e-01,6.777579558604313048e-01,3.605549048805209988e-01,-2.120717090669100302e-01,9.061641620192338875e-01,3.327918537666252341e-01,6.340321671806548043e-01,6.328137785072978083e-01,4.525051773620178408e-01,2.099610476940683701e-01,5.745930700041751438e-01,-2.765072587219150058e-02,8.357239905743610864e-01,6.647134999161704583e-01,5.992176492236374052e-01,2.822853594922128950e-01,6.636519911642757563e-01,7.394284482721873442e-01,7.310825070476479892e-01,3.270104215350482235e-01,2.680742517197386987e-01,5.816793331073483175e-01,1.292370169247476219e-01,9.155178347755060786e-01,7.342836442737306069e-01,5.509491453151279527e-01,-1.502394483635955957e-01,7.180035337698484899e-01,6.762901874063104168e-01,3.804087982718271088e-01,6.163243585730310281e-01,8.045776630326674228e-01,3.650327428323233425e-01,7.021576832633303900e-01,9.703150123947791306e-01,4.178822625996754248e-01,4.027493925581834278e-01,2.888493835284829392e-01,2.348653954102846234e-02,2.476261965812771582e-01,6.840985185329119256e-01,8.533291559677236293e-01,7.882326256874996329e-01,6.941353885257457446e-01,5.212138656883330556e-01,4.666173543405626734e-01,8.104024956692160719e-01,5.600878667913876674e-01,6.978409030354165710e-01,6.084523502328772482e-01,8.404763369593610811e-01,6.007546445197737839e-01,3.167443474425738481e-01,6.015448533563312328e-01,6.307579643718375095e-01,8.144039670487879246e-01,7.879498079416535905e-01,2.373765973690329656e-01,7.591894259605943551e-01,7.779199583632090409e-01,7.707530119897659793e-01,9.894371083169553049e-01,4.313416163267582148e-01,6.943806546492840015e-01
9.281564569464617609e-01,4.521374103956236068e-01,8.174565309974815008e-01,7.019627762415475702e-01,5.190004931464029525e-01,4.189138616882270849e-01,2.675699851159758502e-01,2.943924619597518832e-01,7.541251439811214041e-01,9.361193714197157956e-02,3.909532903595379638e-01,5.374201683043473843e-02,4.807775844306930724e-01,6.601012684594977920e-01,2.826582335667544021e-01,4.933115351320223607e-01,0.000000000000000000e+00,4.671464261663592077e-01,3.001978255550638575e-01,9.332334527949941450e-01,7.522485415273931775e-01,6.054807814331779614e-01,9.684249784254564952e-01,6.176031693423353897e-01,6.235980546203775399e-01,7.338335800339933490e-01,4.083705191078291774e-01,7.153623172921858009e-01,5.486356743244834577e-01,3.407149543645722201e-01,4.046410869641126618e-01,8.543511771432485968e-01,3.150280262733254344e-01,6.092499656187804202e-01,7.884207022822948829e-01,5.632019213197966279e-01,5.507354136391693356e-01,9.980019074206160079e-01,8.651409585219664855e-01,4.555788099475711062e-01,4.457454200261229960e-01,9.318745424336568606e-01,6.219133625478615590e-01,6.522423983411544945e-01,4.276421507236197184e-01,7.728661559796926595e-01,6.721350084181020312e-01,7.329473272595973254e-01,9.909967004935303914e-01,8.064213770945491966e-01,3.798389824002881276e-01,7.470652947035748559e-01,8.949334638998767133e-01,9.925154664810695859e-01,5.976138656426552842e-01,4.933583403286846969e-01,6.298170789968562389e-01,6.725525072900437884e-01,8.065311395865385480e-01,4.941357022104789221e-01,2.756981546965890928e-01,8.020377636558500001e-01,8.411206798659365269e-01,6.837811550019441409e-01,9.379673187578125848e-01,4.697847694246015671e-01,6.751759003874884257e-01,5.140152014315715334e-01,2.137529236742587435e-01,9.409659663810467922e-01,6.257539130823739359e-01,7.764803458892255428e-01,2.013883588694893034e-01,4.590837941733360572e-01,6.616046414389035180e-01,9.357153605380486017e-01,3.141354725469647224e-01,7.597550744045159510e-01,2.857682120826952055e-01,2.550034466999601124e-01,2.672917168557138734e-02,8.717287580056150009e-01,7.409216339431019538e-01,2.974804934371809706e-01,8.073564860242280483e-01
3.224308303282075738e-01,5.409531854707376741e-01,4.434191941860517461e-01,6.606665650821819114e-01,1.644339542364288975e-01,5.092856939758674262e-01,5.081091692754310385e-01,7.576690051239136636e-01,2.742462830000969021e-01,4.593812219965497379e-01,6.867807097006741746e-01,6.637894952993373954e-01,9.221610163656703829e-01,8.778056803416842691e-01,7.784792233278367002e-01,5.153827369079557741e-01,4.671464261663592077e-01,0.000000000000000000e+00,6.697479040557896557e-01,4.270897978389633365e-01,6.666647641768680410e-01,9.869396356068428355e-01,7.127515863968252319e-01,9.612915836396105362e-01,2.360144500260907829e-01,2.722509190907971277e-01,8.030188392645214446e-01,6.691416842809714272e-01,2.272997523523912766e-01,6.439521993469194960e-01,1.766698999711376894e-01,7.866247255990143072e-01,6.610268335259593675e-01,6.102800965699646252e-01,5.504482442842304479e-01,2.763992807917383110e-01,6.589622926247813428e-01,3.539386495387198961e-01,7.603917301200899814e-01,4.958632559849304733e-01,4.284779568075353096e-01,4.426302343271025785e-01,1.811261244040082152e-01,9.068555584306408068e-01,7.336476502740608696e-01,7.428719139795209037e-01,4.068053427735332517e-01,5.046528357730040160e-01,7.339969334703528858e-01,6.352272536532869163e-01,2.244812075722277256e-01,5.476249239290909010e-01,1.376351077814979285e-01,6.788261821240750837e-01,1.647531505897654666e-02,4.144682226428558769e-01,5.458937064771717251e-01,7.767311231947173766e-01,2.068942872147616074e-01,5.911511527886412765e-01,7.057052518882415137e-01,4.751349940275124695e-01,3.036770749825754567e-01,9.143346479359182322e-01,9.046285073560458301e-01,2.353197552168290740e-01,5.832121475113634379e-02,6.915230290995345586e-01,7.669801055066933770e-01,7.903874387724558748e-01,7.587721222923934361e-01,8.919970319139343129e-01,7.405385093465268742e-01,2.716196609522957273e-01,5.834093434477927165e-01,7.987643586357912051e-01,7.419942979195190969e-01,5.833312103993246733e-01,4.483714981303002500e-01,7.925772496205030215e-01,5.257361281911163697e-01,8.654356407904537640e-01,8.303674314953655156e-01,2.572345232407179383e-01,4.501229651081704586e-01
