0.000000000000000000e+00,7.881544932629266365e-01,9.683649561989513543e-01,5.491873612735055366e-01,5.604054115225709509e-01,6.820037273177486092e-01,5.645170156071372958e-01,7.927069956464539713e-01,7.838644747643888078e-01,9.498545547791604760e-01,9.688888120054054420e-01,9.120609752547375049e-01,5.945188877956870677e-01,6.858551310061530293e-01,7.850436479131641665e-01,8.361248453032678052e-01,8.193507830995375718e-01,6.452749747002685110e-01,2.331291979438561146e-01,3.030062767980469807e-01,8.142514179774112959e-01,9.992340037061540059e-01,9.191697734775770012e-01,6.729325522893020439e-01,4.155521319553569515e-01,9.645062919954654479e-01,9.292471239314031850e-01,8.675085967519152730e-01,3.428548673092951526e-01,4.067316369741312276e-01,1.113666273018191766e-01,4.218409415028813170e-01,7.286819510637315700e-01,4.319269234632874266e-01,6.592067082887106411e-01,9.114835633793773040e-01,8.994445018915560308e-02,3.522221922616696199e-01,9.091294664575718665e-01,7.567653541371286430e-01,2.869108714583825104e-01,6.431485410517218115e-01,6.410224946029025039e-01,8.418009662770270518e-01,5.524232813078812088e-01,4.580561686340307026e-01,5.634290606726706230e-01,7.714501476675459379e-01,6.791967048851220712e-01,8.677479659746196727e-01,7.251485787930381788e-01,2.105522805165970235e-01,6.694020738456917252e-01,4.198261660782238724e-01,9.785908712430770873e-01,6.282039447994163250e-01,6.892674059177444912e-01,8.333030885081422756e-01,1.840536532496231947e-01,-1.430710638610788732e-01,3.161793332035198745e-01,8.718453664741210307e-01,6.788531146148386597e-01,6.826233883791430479e-01,9.569396063015807030e-01,3.662999230835464193e-01,5.392023549169083080e-02,6.477402510821358428e-01,8.970488422463746003e-01,8.980170441872410425e-01,7.687236092359500672e-01,8.942016862226671581e-01,2.230837369257425151e-01,4.659499527910463401e-01,1.973818300906884649e-01,7.250566184859580376e-01,7.066708021217417146e-01,4.240330425291696237e-01,1.750138188737853928e-01,4.237567185105128864e-01,8.615599720353834812e-01,6.362727661448188687e-01,6.115145101336215694e-01,4.359836646916607772e-01,6.304692847863593297e-01
7.881544932629266365e-01,0.000000000000000000e+00,9.119771822522373395e-01,6.387141395784110554e-01,6.889818000541282350e-01,-1.862652502474049232e-02,4.945778982445972471e-01,1.877265032365113273e-01,6.178185147966674950e-02,6.631426266421656113e-01,3.817524399136784652e-01,6.759527830579457053e-01,7.557893459698022953e-01,8.763948263671358374e-01,5.396224772095301603e-01,8.436425814842056781e-01,7.709993139434314635e-01,6.266117168109882618e-01,6.363751601538780722e-01,7.590474478395662361e-01,9.817025694582065531e-01,5.913344447524185865e-01,2.773177827863692047e-01,6.302108298945351406e-01,4.861386380738966229e-01,4.423434709139755228e-01,7.182001939201881902e-01,2.670585565158394292e-01,5.800167066234708235e-01,5.862844881197357694e-01,5.668265838697874592e-01,2.767713557344178565e-01,9.341605257862482803e-02,5.967002863441382976e-01,9.274236425711135379e-01,-1.184008132364038068e-01,3.463618404737804912e-01,8.523759026224635438e-01,6.722587004539630762e-01,6.092402341335122484e-01,3.196322753202449629e-01,9.725471085653225600e-01,9.810117967522901106e-01,4.954026330852158710e-01,9.262016821416308998e-01,6.254254415827120717e-01,7.843592280054794141e-01,-1.808112802239816019e-01,7.475788442599707873e-01,9.503782572738550538e-01,2.491156834140742515e-01,6.086193149396228463e-01,7.884046997435141257e-01,8.290217906943094794e-01,2.684828314928839887e-01,5.548103704253520840e-01,6.363696445399473767e-01,1.384155745238421498e-01,8.012566886329525184e-01,6.797327982981060668e-01,8.330815243278755222e-02,2.287156973931782633e-01,6.343972366496459792e-01,7.944029948970097177e-01,6.664201125409232596e-01,6.182559162122241991e-01,5.232389400060970530e-01,7.966624726645199495e-01,5.548536216897648199e-01,7.657566426007874627e-01,5.727902141972076588e-01,9.627508540531232173e-01,4.781630970338129338e-01,1.191272968970945173e-01,3.483603743353183013e-01,5.584265948786854006e-01,7.799103421049586871e-01,5.156499030659705829e-01,2.706408248337378586e-01,2.702067089914642617e-01,-9.559042444151097384e-02,9.550352638099355307e-01,6.577430034953223315e-01,2.641240496558840967e-01,6.308588260623761990e-01
9.683649561989513543e-01,9.119771822522373395e-01,0.000000000000000000e+00,4.565792039201465036e-01,9.800753709960779991e-01,4.840168100419282582e-01,8.300984322378682778e-01,4.792117944013392639e-01,9.375314386915969411e-01,7.616425393354454565e-01,5.181966372991209102e-01,6.160716555984897813e-02,6.982659305016597484e-01,4.701037392946196825e-01,5.118816673608027612e-01,9.716751716408484896e-01,5.023281036937229382e-01,6.206958003861026141e-01,8.687850591109003151e-01,5.839758451573714426e-01,9.967225417054513814e-01,4.684291862136908957e-01,7.576099776679853237e-01,9.525540465213315766e-01,6.916141978020482473e-01,6.765079394695969750e-01,7.980969496864547263e-01,8.379408825244988313e-01,3.451477882535182728e-01,1.762025707402105901e-01,1.135318883510070959e-01,9.872006866511168210e-01,6.495916519964769487e-01,4.736680481036781298e-01,2.641769248348147525e-01,7.613143415393766600e-02,4.024692785801691763e-01,9.517528316923895559e-01,6.793022677466682424e-01,8.439520619251070777e-01,5.839680099930798507e-01,3.099318277050002735e-01,5.255094190441560453e-01,7.228857881222661153e-01,7.883638597029403172e-01,6.257992806046330792e-01,5.073813989101073618e-01,6.581331389772111518e-01,8.405161589146072920e-01,4.567754755345438400e-01,2.756947326316156466e-01,9.487281176167767782e-01,4.023906273864492622e-01,7.087001530559613460e-01,9.385127643841509881e-01,9.315322777032450929e-01,7.083918460976522669e-01,6.345332842293416320e-01,9.960897444991292371e-01,6.386480198829611599e-01,6.742586092954814259e-01,5.057024523190648546e-01,7.509373130318353073e-01,4.260036238496888727e-01,4.011587831605398224e-01,8.163120720939781583e-01,7.964763154914289434e-01,8.652593455148521739e-01,8.166415006531426712e-01,7.836052642627332476e-01,3.440222998355476625e-01,9.471582804267620892e-01,5.285515529137028157e-01,6.035459863427822258e-01,8.168681069914455195e-01,9.905579473614150032e-01,6.615802889081910942e-01,3.667315131492726588e-01,2.641006763472021346e-01,2.818773491162715472e-01,9.590363522839505661e-01,9.715472579214271542e-01,7.264802161402710290e-01,3.468214041242453360e-01,8.601625757516767612e-01
5.491873612735055366e-01,6.387141395784110554e-01,4.565792039201465036e-01,0.000000000000000000e+00,7.990636657515335362e-01,7.995726029274218272e-01,5.890604548917348637e-01,6.230639646155563538e-01,5.922927984382011513e-01,6.299698637616208963e-01,5.843975209157752371e-01,6.025787650388791938e-01,3.454475091469395576e-01,7.706444627010913262e-01,6.409472157423131700e-01,7.838313359185828944e-01,6.986617184222314592e-01,2.969095975906817508e-01,5.756952719719375944e-01,7.397194012681698183e-01,9.889459626920500401e-01,9.414658942408948850e-01,5.711978086731270832e-01,8.051225132195996004e-01,8.768136456119381972e-01,9.942721780317169689e-01,7.149642613241994349e-01,7.294418940468032353e-02,5.205270031796681574e-01,6.071094512044389324e-01,2.735505062930187470e-01,1.410091847875245656e-02,1.090922027436433406e-01,9.962827386206902780e-01,2.264620999193555917e-01,4.281673232756699754e-01,3.991553448886228095e-01,9.998594289094263621e-01,9.572555055573290783e-01,7.327782547885148823e-01,5.935109580956126063e-01,5.875379002087846025e-01,9.011841053766647125e-01,6.062666913880888631e-01,4.223875309961845903e-01,5.623912092993703649e-01,9.239476605041733182e-01,5.813334439766932871e-01,6.462648509969811661e-01,6.384752449303308097e-01,9.534053271366320637e-01,6.177162439694553475e-01,8.443775654049374690e-01,6.875422598568773358e-01,4.251273254999479723e-01,7.071967656958134674e-01,6.538249659179170559e-01,9.494644097558928575e-01,9.207961155358810323e-01,7.086267156407914936e-01,1.964852428411319740e-01,9.342036958224604337e-01,7.354875546375998496e-01,9.811144771072188853e-01,9.670029335060904563e-01,6.700922484748444985e-01,7.669153924701096470e-01,9.897616577723216125e-01,3.929025825909214786e-01,6.584752856300756241e-01,7.712545581705920750e-01,4.705709828840718423e-01,3.716950576429252084e-01,5.473887375323729376e-01,5.343588769611410383e-01,9.439724054601668080e-01,8.807368742985171028e-01,7.473124033650262454e-01,4.943838927971202502e-01,5.156225435610639618e-02,9.042979940842198472e-01,7.031475309442621890e-01,7.293862080069335452e-01,1.471511888892322317e-01,6.392449448727892669e-01
5.604054115225709509e-01,6.889818000541282350e-01,9.800753709960779991e-01,7.990636657515335362e-01,0.000000000000000000e+00,6.123014826056358828e-01,5.687163980890364012e-01,1.843436060412398034e-02,5.885483819564880648e-01,7.181921145275989016e-01,6.568569826142577339e-01,7.070202068387069216e-01,5.116730717712074661e-01,6.221697534829693232e-01,6.024641692667048742e-01,1.885235832262419781e-02,4.794325574864895523e-01,7.431194277548454075e-01,6.777123729079724823e-01,6.315622178888652405e-01,6.236646267407539579e-01,5.202717077465414119e-01,7.319670688754802423e-01,3.411620314799648779e-01,5.374947172438533372e-01,7.042601986719884133e-01,6.377539814741319812e-01,4.224665001593390090e-01,7.915869781078681555e-01,2.856833222786113735e-01,3.998493097926261175e-01,1.000956204272772931e-01,8.022260785329123900e-01,6.326982035246412339e-01,6.951498187872065526e-02,3.284889302541922351e-01,3.451044756883205888e-01,4.828408710908265178e-01,8.253578321399249740e-01,6.935232791271787045e-01,6.405042999595136899e-02,7.500355806225549316e-01,9.519039547039743754e-01,9.482090652266509379e-01,4.514954770567543574e-01,6.453037374582536456e-01,6.220628249437524238e-01,9.056461813096712277e-01,5.265778994747680741e-01,5.651862230283185573e-01,7.459593161755599666e-02,5.788790039472179183e-01,7.269095231313378314e-01,5.188637309791237495e-01,9.906277800501825936e-01,5.365395417080279783e-01,6.514443171132533461e-01,2.269018642549126552e-01,8.450288817958934162e-01,1.827081087391511233e-02,5.748418539785536963e-01,6.606665592251643737e-01,5.209564775340685960e-01,5.670749299589101788e-01,9.650283213796034820e-01,3.168541723043633018e-01,5.019768505802417735e-01,9.071768139794279540e-01,3.060960359716662429e-02,7.801229877044025818e-01,7.091970724134221138e-01,3.781073169805396206e-01,1.794416983816050915e-01,2.642225446181145632e-01,7.191974889661099102e-01,5.542091923565813927e-01,3.913306950561254438e-01,6.218163307376466387e-01,6.709872016093875180e-01,5.578994982305766070e-01,6.968062630856206585e-01,6.978357523584601818e-01,2.759376268621109851e-01,3.874525395621830761e-05,4.689695126731394659e-01
6.820037273177486092e-01,-1.862652502474049232e-02,4.840168100419282582e-01,7.995726029274218272e-01,6.123014826056358828e-01,0.000000000000000000e+00,2.500803736872399541e-01,3.139665155139410024e-01,3.415201402849643575e-01,9.957260357687933716e-01,4.660503253118309930e-01,3.551744955199434006e-01,1.525815712829837467e-01,5.125077749332767052e-01,7.511943507389697849e-01,2.999272096537111687e-01,5.252879553945173363e-01,4.348580577650217882e-01,4.849571182408334291e-01,9.483934840871462990e-01,1.543118366365540117e-01,4.339384131488435714e-01,7.281701222552572350e-01,7.354638487591229623e-01,4.969384951770641212e-01,1.803649359435280375e-01,6.915709938368234111e-01,2.591261353383078059e-01,5.309269708469086524e-01,2.210251769941507516e-01,4.643940809157241500e-01,4.399410878219989218e-01,8.047049311295135787e-01,8.366538150923444883e-01,5.267275422180608402e-01,7.149430713628271428e-02,6.028648460861234515e-01,4.666623326637366342e-01,8.333882688032252517e-01,4.611741345075916487e-01,5.276637817571545597e-01,6.321742202768675378e-01,9.688997811829427320e-01,7.808569091655591654e-01,7.942086209311736145e-01,9.995487868886777649e-01,2.874513213091091646e-01,9.130637799662519871e-01,3.445370345104143972e-01,6.120889734504079138e-01,4.244865134433416509e-01,5.099239836880675725e-01,6.580699558644136360e-01,6.462903388148746320e-01,7.461713032670319601e-01,5.911761714157042213e-01,7.666530061505204552e-01,7.959540725448288612e-01,9.625467874090808396e-01,7.213968095670279801e-02,4.881092314944587285e-01,5.727695163202062290e-01,9.447667510547966829e-01,6.098331968544304926e-01,2.986612731880269878e-01,6.608449517379059168e-01,6.880437825574169386e-01,8.971292411586516691e-01,3.876398402162219980e-01,4.051680692088636127e-01,5.410683462283993883e-01,8.577747327924007958e-01,5.080652025848306774e-01,1.948078825865340313e-01,5.186468596843109014e-01,7.883241019562596819e-01,7.166546291098382371e-01,9.365096189644244173e-01,7.910773014335880093e-01,5.599422738279801193e-01,4.706184091214333787e-01,4.988997647185828277e-01,8.525597591401932185e-01,7.700229254973945947e-01,7.969328426688251366e-01
5.645170156071372958e-01,4.945778982445972471e-01,8.300984322378682778e-01,5.890604548917348637e-01,5.687163980890364012e-01,2.500803736872399541e-01,0.000000000000000000e+00,4.376156994279740697e-01,7.943635113677485204e-01,4.884170596738679482e-01,6.681577371340190474e-01,7.418440534184784774e-01,2.599207629587767521e-01,5.505528917899412678e-01,5.928020360156958102e-01,4.394660478985094043e-01,5.103054895278532621e-01,6.756217495876152279e-01,6.857566853475481894e-01,2.503300850783447551e-01,7.226007448830802371e-01,4.699962276196258393e-01,3.592534011948512185e-01,8.743223973156692974e-01,5.998890553296523098e-01,7.705445274930757815e-01,6.450499738913091363e-01,4.301184733987901132e-01,1.856053137272834774e-01,-1.093205217669528800e-01,4.964653251951151036e-01,5.038803455842025825e-01,5.651506135512579521e-01,4.147607200706025093e-02,3.540250970062904790e-01,2.627538706475101571e-01,3.032518838692138119e-01,6.148299302869534300e-01,6.788131627429493387e-01,5.073355090730811146e-01,1.998847577329547209e-01,4.167153560303152871e-01,7.409865377417003129e-01,6.704893664543163379e-01,7.652469018588938798e-01,2.153774520506061552e-01,6.465259551264509463e-01,4.466968558088992292e-01,5.148080650440501893e-01,5.554707888344418976e-01,1.353816047101124298e-01,5.306958979849656366e-01,5.569743459608501590e-01,4.528182780128786056e-01,7.474321044277657533e-01,4.951645191427000436e-01,1.508997268895446164e-01,2.115693292369060230e-01,7.414328604346519525e-01,5.020284646728965239e-01,4.025450535382215644e-01,7.718959510514309397e-01,4.013023994227655211e-01,7.330224243883343149e-01,8.351751167668791664e-01,3.172606023513699358e-01,3.060245127922662789e-01,5.227312442194107511e-01,8.078812443280485311e-01,4.117548520536986612e-01,5.279574212660509414e-01,3.729598502830101525e-01,5.708879698182958151e-01,1.315781304427512122e-01,3.097690880386101409e-01,2.340655667382123828e-01,6.373481007997358061e-01,9.681388014718707025e-01,5.177943489216424444e-01,5.604949403125205620e-01,2.591775681696960043e-01,9.581513499885213614e-01,8.027898316440003068e-01,6.581643566932345868e-01,2.381983937998012058e-01
7.927069956464539713e-01,1.877265032365113273e-01,4.792117944013392639e-01,6.230639646155563538e-01,1.843436060412398034e-02,3.139665155139410024e-01,4.376156994279740697e-01,0.000000000000000000e+00,4.002173801752242910e-01,4.521335441983498904e-01,9.304398773857689431e-01,5.541767978451304089e-01,8.697812442151912071e-01,8.598725953535161226e-01,2.854301910739131531e-01,6.930585001433610115e-01,3.929574399797404194e-01,2.733126950365898367e-01,5.373752177872594959e-01,6.389349175813077153e-01,2.309290870055299705e-01,9.281462271525631191e-01,4.087113867038103532e-01,9.004146935303426469e-01,6.819803918042349755e-01,3.798918356505830429e-01,5.408014541041461509e-01,6.595091779220556560e-01,4.114187542653234830e-01,5.157635381506802119e-01,4.825372492285384673e-02,3.881015857876146113e-01,7.172289909770885874e-01,5.513447582945432135e-01,4.599615946223551965e-01,3.879227148374487788e-01,6.795525961203727761e-01,6.446348053059680616e-01,5.358507232745911564e-01,4.570721874172246069e-01,1.165747413421882872e-01,2.085361361662940727e-01,9.582162846569155512e-01,4.082067370997150002e-01,9.158048053310549053e-01,5.032537100670442243e-01,-9.218934729911129611e-02,3.163943448805400793e-01,5.650689262356658471e-01,2.894912570858824141e-01,6.174848892337291284e-01,5.518106523856329826e-01,6.569792531147545800e-01,7.759003254627365731e-01,6.655609883329207666e-01,7.651344313162043997e-01,9.996099477997217875e-01,6.309348057980744828e-01,5.600979400692258636e-01,5.079945426904719508e-01,5.965491930056845415e-01,5.116774831535377821e-01,3.484548599001329183e-01,9.746170431662151135e-01,3.902921322315310304e-01,3.279099658761274183e-01,4.733904942297713636e-01,7.490813255573801621e-01,5.154087266247490140e-01,3.294493564215494972e-03,5.202773413269325964e-01,4.098130065599643324e-01,4.367364193583263277e-02,4.775549606477663134e-01,5.382773147951875892e-01,5.778405120710531362e-01,5.766758440482677717e-01,5.670982492200506986e-01,2.415277842025846666e-01,6.242143595525606603e-01,5.202126513291878140e-01,8.589639905541599507e-01,6.567671118337852221e-01,5.665339826419084623e-01,2.828425649801226682e-01
7.838644747643888078e-01,6.178185147966674950e-02,9.375314386915969411e-01,5.922927984382011513e-01,5.885483819564880648e-01,3.415201402849643575e-01,7.943635113677485204e-01,4.002173801752242910e-01,0.000000000000000000e+00,6.034689463996865122e-01,5.136763770860396372e-01,5.853378670770994496e-01,3.434266816085964624e-01,8.452563458983375355e-01,7.104207157249153859e-01,7.521045963282918523e-01,7.959200014517217037e-01,7.560447444990427979e-01,4.828153940364385832e-01,1.104302203121249604e-01,5.046785375455334899e-01,7.403571565383122444e-01,6.290708046211911375e-01,6.175910775398134600e-01,7.805905432089562668e-01,4.214184908027072685e-01,7.721969770629496521e-01,6.869766609150871339e-01,5.884388985341240108e-01,5.383135825848003320e-01,2.381331757571596153e-01,7.802262834180856421e-01,4.512690144352055621e-01,6.157550062943081270e-01,7.976518383714286120e-01,5.740421619686463250e-01,3.217050621045955960e-01,6.956972301800485869e-01,8.222677881560087609e-01,1.518950108518794528e-01,1.148275693013111054e-01,4.806942883251216214e-01,4.415277943077730582e-01,8.148832189249867186e-01,8.392129213959163003e-01,7.099090582860692056e-01,6.844583205066757658e-01,5.747517160591391061e-01,6.171613641618937107e-01,7.378109353071552468e-01,4.649749569724961895e-01,8.269724405519907062e-01,4.005668761486101404e-01,6.873786450757801703e-01,7.749414025470204859e-01,6.504616331383632488e-01,2.246618441032671443e-01,9.498370012110159966e-01,9.255911290321013896e-01,7.559654957935094677e-01,1.023485788150521325e-01,7.634921330815179763e-01,6.486093478845375015e-01,6.863061842489994735e-01,6.613304069077976521e-01,6.519633408913261263e-01,5.133912216315510424e-01,6.239368632078913235e-01,4.041637983642084597e-01,6.617089773632737204e-01,7.184541505482239243e-01,5.419376235417761034e-01,4.875347863516392710e-01,6.513352488964989639e-01,6.719763164384010556e-01,4.475366637605572295e-01,5.775217146900920584e-01,5.333444884154657784e-01,5.197010760325287970e-01,1.457458936155393292e-01,7.090191875244219455e-01,2.614642679786168267e-01,2.571217973671890977e-01,3.289722413168417736e-01,6.961269196735859754e-01
9.498545547791604760e-01,6.631426266421656113e-01,7.616425393354454565e-01,6.299698637616208963e-01,7.181921145275989016e-01,9.957260357687933716e-01,4.884170596738679482e-01,4.521335441983498904e-01,6.034689463996865122e-01,0.000000000000000000e+00,6.180860347364557361e-01,4.921505456755934649e-01,6.731747233176748058e-01,6.073897817710138813e-01,7.777375807408113406e-01,6.384863773072626536e-01,6.747084619030507824e-01,7.006201562174466657e-01,8.682049689048234598e-01,6.983152892940123202e-01,9.328857652414062063e-01,3.395758271192159672e-01,7.148369662246509826e-01,8.997392091273436199e-01,8.355280225427856866e-01,4.675436059524851196e-01,-4.184257866833326900e-02,1.234283474113881396e-01,5.726417697931347472e-01,5.740756238262917366e-01,2.464231902926235229e-02,4.752692840030751098e-01,8.388248205177043504e-01,5.207544386473723641e-01,4.859194209407879939e-01,4.543467469257652658e-01,5.575937793152878630e-01,7.602605948482329401e-01,6.197109255970876251e-01,4.912036371890488029e-01,2.525890464135022162e-01,7.875202121433508839e-01,6.674903177725943770e-01,7.884767572162318938e-01,8.715168120648939531e-01,9.086899460949182661e-01,3.646015194690135353e-01,9.345577512972340628e-01,6.689679002707483724e-01,4.348896433972933018e-01,9.246352980457331894e-01,5.530583478085432381e-01,7.834242723038736811e-01,2.378490948552760831e-01,6.931124126013624709e-01,7.664877150603468525e-01,7.651258885877303406e-01,4.830425999886141242e-02,8.764929604224379611e-01,7.652301828576126841e-01,6.138904954971696748e-01,-1.594256548797629569e-01,4.396717352440326354e-01,6.490635561318731650e-01,7.300483708449087006e-01,2.227264990213712048e-01,6.051718924310892644e-01,3.355443206485710927e-01,2.281214259568718483e-01,8.886145945395521606e-01,5.476225425287344351e-01,8.252492724684834524e-01,5.448130758593527911e-01,2.833929907455655650e-01,3.003586357029717768e-01,5.271888175262237075e-01,8.934176594107013925e-01,1.997145220953095157e-01,2.159501383228016880e-01,4.775264458934359579e-01,3.552505383460833471e-02,9.887071096730022379e-01,8.846492312526330615e-01,6.320230811970976026e-01,6.485345255709122902e-01
9.688888120054054420e-01,3.817524399136784652e-01,5.181966372991209102e-01,5.843975209157752371e-01,6.568569826142577339e-01,4.660503253118309930e-01,6.681577371340190474e-01,9.304398773857689431e-01,5.136763770860396372e-01,6.180860347364557361e-01,0.000000000000000000e+00,7.636412380781482101e-01,8.950418229002584658e-01,7.118922645694776286e-01,7.030570741985500138e-01,6.705408093519718005e-01,7.923304340920249711e-01,6.557014860974604842e-01,2.507350096738942269e-01,7.728197368747700136e-01,3.865703086790108767e-01,2.651112370221553882e-01,6.105569320939691069e-01,5.168297501888915457e-01,1.170838448769594420e-01,8.187081766709243258e-01,7.515018831900998064e-01,7.125853390220522332e-01,4.900052647998499045e-01,3.048354284297670747e-01,3.372783026638544457e-01,4.292985533100149853e-01,3.129498123639162799e-01,8.863293632613025164e-01,9.139781489045043505e-01,5.918046191305491588e-01,4.445006484068491082e-01,7.362282917551745687e-01,7.174039762492908645e-01,4.841711413499940608e-01,5.361578013003267529e-01,3.855188513024645491e-01,6.930622243847721631e-01,9.476604991953631041e-01,9.932674926530888904e-01,8.321006869723839294e-01,4.911993506863743808e-01,6.445895203288374287e-01,3.341030179519504095e-01,3.754688087234839822e-01,4.640477173148050971e-01,7.850025139467511348e-01,3.127371391451556626e-01,4.430424849205165660e-01,1.036977496127556714e-01,6.916941020864273426e-01,2.073537544123585652e-01,5.540520280831147115e-01,5.926259087746328369e-01,4.385684615360662120e-01,4.727717449393205318e-02,2.683689774032136377e-01,9.044988556961210957e-01,6.349878754982933859e-01,5.566806473459250393e-01,1.374528945686630532e-01,7.871196820134755967e-01,8.387520958137704152e-01,4.887350174141662507e-01,8.512521684559875013e-01,7.229102115256442751e-01,7.242470860299987656e-01,5.738857183792496208e-01,6.609982802658458390e-01,7.103913477534360421e-01,9.818022769244212355e-01,5.031033475009912825e-01,5.217211360159420552e-01,2.582270741676525594e-01,1.282193826912814139e-02,-4.203329163098890042e-02,4.384690945668051065e-01,4.782892341680702319e-01,5.648478463158104756e-02,4.408440494254233788e-01
9.120609752547375049e-01,6.759527830579457053e-01,6.160716555984897813e-02,6.025787650388791938e-01,7.070202068387069216e-01,3.551744955199434006e-01,7.418440534184784774e-01,5.541767978451304089e-01,5.853378670770994496e-01,4.921505456755934649e-01,7.636412380781482101e-01,0.000000000000000000e+00,7.228925673865780333e-01,4.701372077737570043e-01,7.663575106653626179e-01,8.016161765669628236e-01,5.319057386659636899e-01,8.850811486787880655e-01,8.974340434307491732e-01,7.587184702210372222e-01,2.606209633940360648e-01,4.924716519173414353e-01,9.556673280162014672e-01,7.283235126231322187e-01,5.171603942541962429e-01,5.169881136283046574e-01,6.639652975299366044e-01,9.631459934861921757e-02,3.202623051010431987e-01,4.367304993446349815e-01,6.342604224227997856e-01,5.802530243066782445e-01,8.361620430136788018e-01,8.777964456854177033e-01,7.691894570852557678e-01,1.570428331405773759e-01,5.897965412307655253e-01,2.387254920921470236e-01,5.734463229193075273e-01,5.404052597485831111e-01,4.359592224774958003e-01,6.205432075337122821e-01,9.150564897139363829e-01,6.705578624417741773e-01,2.816418362960519950e-01,8.503242723113080270e-01,6.984999185438711677e-01,7.499986150673085827e-01,7.839288236260988363e-01,7.507803460207523871e-01,2.088459996814026887e-01,6.084912322673137197e-01,2.956082582132160685e-01,9.305567796500934241e-01,7.099012636133628096e-01,5.485868896818929530e-01,5.709173503579648701e-01,4.357994764689669953e-01,7.104256311661446555e-01,3.860459676334273560e-01,9.007415223100578849e-02,7.053466540597821410e-01,6.682271846627587664e-01,8.483580477857605162e-01,5.842128874082690437e-01,4.449804228127187122e-01,4.763335821807459514e-01,5.473930388735694930e-01,4.724903017039274733e-01,6.671732123198206299e-01,6.071416854428093313e-01,5.779200253960807832e-01,1.633452960323598102e-01,6.833466388068477372e-04,6.148852744346804400e-01,3.427734985091340780e-01,4.214969245987050805e-01,4.523191781571159198e-01,7.338688961318208248e-01,4.450865205500187938e-01,7.703355539407866770e-01,7.210216178243527008e-01,9.868341190425122811e-01,4.025246009731918151e-01,4.329513053461613303e-01
5.945188877956870677e-01,7.557893459698022953e-01,6.982659305016597484e-01,3.454475091469395576e-01,5.116730717712074661e-01,1.525815712829837467e-01,2.599207629587767521e-01,8.697812442151912071e-01,3.434266816085964624e-01,6.731747233176748058e-01,8.950418229002584658e-01,7.228925673865780333e-01,0.000000000000000000e+00,3.630421941765397120e-01,6.809517940712231931e-01,7.881970787072503093e-01,9.612631361395392871e-01,8.430202086356612945e-01,2.448271297320384621e-01,9.594248275690230310e-01,6.238483185783765261e-01,9.666544837335575568e-01,9.242128118674672876e-01,8.872639673010852546e-01,4.900006047265926812e-01,7.630304027272121203e-01,8.297463894244375693e-01,6.056491024068636486e-01,4.146956424725320445e-01,2.197683502497198293e-01,5.924466151850385498e-02,6.835753784405345090e-01,7.105969129735524303e-01,4.600380790257863617e-01,6.949279271594213103e-01,5.122296881284398307e-01,3.237266167886715951e-01,9.136081356975920276e-01,6.069221190795666132e-01,7.465994056769628129e-01,2.966233154815250961e-01,6.384349864730737290e-01,6.348078682547538820e-01,4.385246500401851488e-01,4.107541186777294295e-01,5.626770434736523274e-01,6.907656846193339639e-01,6.005765604196361407e-01,7.302719251343009477e-01,9.055561938873913919e-01,9.578013490164236643e-01,2.244139362439852847e-01,5.568449357946991807e-01,9.345447515859750531e-01,8.672960240758382788e-01,8.015700175482461942e-01,7.809234662241134606e-01,6.338846477733989238e-01,3.939691514991974786e-01,3.099650516854871585e-01,6.310063298754888805e-01,6.917273682801857726e-01,4.081014103199150922e-01,5.572914619973438066e-01,5.079503321973596330e-01,6.359653781314862364e-01,7.475732964677102022e-01,6.837901306152762704e-01,5.678196947012280615e-01,6.777777206346299321e-01,7.736919919630699249e-01,5.661786612972206090e-01,2.334744739082036946e-01,6.465160388414680215e-01,7.760778863769604019e-01,2.910583276913698558e-01,8.488388880565851391e-01,4.838220128490508531e-01,7.695089994206905093e-01,2.515762648849118599e-01,3.961746338906072529e-01,8.500074607297317675e-01,5.766169115546806445e-01,6.931226228659000121e-02,7.449031223605002694e-01
6.858551310061530293e-01,8.763948263671358374e-01,4.701037392946196825e-01,7.706444627010913262e-01,6.221697534829693232e-01,5.125077749332767052e-01,5.505528917899412678e-01,8.598725953535161226e-01,8.452563458983375355e-01,6.073897817710138813e-01,7.118922645694776286e-01,4.701372077737570043e-01,3.630421941765397120e-01,0.000000000000000000e+00,4.765396922644369315e-01,9.304967144192746176e-01,9.819497262961450756e-01,5.133090298876670232e-01,2.396094861013661759e-01,8.443499680261231655e-01,6.333994226928202353e-01,4.330654561362703991e-01,7.937864732102388743e-01,4.024865635437147038e-01,7.042722316098289914e-01,9.607946025073423879e-01,5.209877061330270287e-01,6.441125232486724084e-01,3.925887332013670017e-01,2.381691852460370851e-01,5.575311450586132311e-01,7.469226057545240716e-01,7.181961547935867829e-01,5.658097703168036841e-01,6.241184248407173341e-01,3.646361943766606162e-01,2.976031635723801472e-01,3.471240110804231227e-01,6.886680530112966325e-01,6.014626866059998855e-01,-1.950598191068736720e-01,7.697085545657531558e-01,8.614010725084616515e-01,6.289858664211003259e-01,9.051072215773743324e-01,2.653715675781736505e-01,6.195175571611926113e-01,7.406330383365998804e-01,7.686352470349668842e-01,9.284972800344795107e-01,4.836424386732028902e-01,5.208351965947418671e-01,9.451877788125857549e-01,6.871241203922898722e-01,1.591754050643555962e-01,8.379694865894051770e-01,9.579465450817393757e-01,8.644146617053741766e-01,4.734674595172336242e-01,4.244523929343222979e-01,2.376785673422206202e-02,8.000030036952476831e-01,5.320431144474847551e-01,8.146521931022511209e-01,9.156970431997917270e-01,5.156480142850076165e-01,5.577847539447253755e-01,6.282247815982180406e-01,5.993922393498301027e-01,9.850726754150512798e-01,6.838765549807508393e-01,2.363111450852670437e-01,6.742757485149769581e-01,2.370985313211400602e-01,6.851454945101161931e-01,4.239960731034602137e-01,9.333821393267247579e-01,5.083149778776190758e-02,1.848844353225921888e-01,2.043202746599311614e-01,9.357628215758917456e-01,6.475436602677007158e-01,7.744620691283857772e-01,4.510390316517943199e-01,2.305400282443049453e-01
7.850436479131641665e-01,5.396224772095301603e-01,5.118816673608027612e-01,6.409472157423131700e-01,6.024641692667048742e-01,7.511943507389697849e-01,5.928020360156958102e-01,2.854301910739131531e-01,7.104207157249153859e-01,7.777375807408113406e-01,7.030570741985500138e-01,7.663575106653626179e-01,6.809517940712231931e-01,4.765396922644369315e-01,0.000000000000000000e+00,8.185787998486668826e-01,5.635802294055901607e-01,1.952320019094240244e-01,2.656408133507522362e-01,4.332924726251221048e-01,4.751052016824128948e-02,7.334201226185919076e-01,3.648568618465404811e-01,7.482888478715058467e-01,7.286524928716471283e-01,7.405479802662702227e-01,8.535443598413201549e-01,2.783210620594434286e-03,7.832069906700784845e-01,5.614181603056696002e-01,2.223067960177936842e-01,5.119922529074725226e-01,7.132429413816117059e-01,3.527460573565914803e-01,6.165781467778657099e-01,5.346075592738180893e-01,2.256546385329696522e-02,6.683760036378726399e-01,6.903429681357360348e-01,7.248472580832625578e-01,1.364231402098858847e-02,-1.202054331190032660e-01,7.409233632353996457e-01,4.603250051396796660e-01,8.311079656100879287e-01,9.159427837592215571e-01,3.398054538004428582e-01,2.752272742199386446e-01,2.546509170100924035e-01,5.178237454269639661e-01,9.490874393553605515e-01,7.758037798760434312e-01,2.453864513855317508e-01,9.292858821602110186e-01,6.955400694938640438e-01,6.766676500583300724e-01,4.725119948144737014e-01,6.112635403765912523e-01,9.206749771333957444e-01,4.142884732539683368e-01,4.691125183138779020e-01,8.863659220767342584e-01,1.368159618997177029e-01,9.631057972617687035e-01,7.345239441347275466e-01,3.550880946960115470e-01,1.680382780268475373e-01,7.595001917356093424e-01,7.633998183388420733e-01,6.086160851779162106e-01,7.956470206750732022e-01,1.420661908973588905e-01,1.459059086867885435e-01,1.382206073826393149e-02,2.964331394243137074e-01,7.824911221223652680e-01,7.605398253297978028e-01,6.569551383672934675e-01,6.326167923998756715e-01,2.435415242038463102e-01,4.779264114937263885e-01,9.678950377433321872e-01,5.853981054092372016e-01,3.217657153948946247e-01,4.720761693855852759e-01
8.361248453032678052e-01,8.436425814842056781e-01,9.716751716408484896e-01,7.838313359185828944e-01,1.885235832262419781e-02,2.999272096537111687e-01,4.394660478985094043e-01,6.930585001433610115e-01,7.521045963282918523e-01,6.384863773072626536e-01,6.705408093519718005e-01,8.016161765669628236e-01,7.881970787072503093e-01,9.304967144192746176e-01,8.185787998486668826e-01,0.000000000000000000e+00,5.496447023028127044e-01,2.721975408392071638e-01,8.459642258186046426e-01,3.527850991992059204e-01,6.587119016702641661e-01,5.276930030063539112e-01,2.087040372532771859e-01,7.090431195437421064e-01,7.732455589565003784e-01,6.686812787228006982e-01,6.230902439692957984e-01,4.216931355511507329e-01,3.980822967202558571e-01,5.284251342657658723e-01,6.158308460797853323e-01,2.336241123237364492e-01,3.664975954738227681e-01,3.394231873022591772e-01,5.732293898555855804e-01,5.707315848121659041e-01,4.110160361103811222e-01,5.824427664026161633e-01,6.492434874364036990e-01,6.390264015181252866e-01,3.329689703628590514e-01,1.916958321044979763e-01,5.149942361208631469e-01,2.922818460875744803e-02,7.784824606951075143e-01,5.179500087116181151e-01,7.418948373216576186e-01,7.827658570109303771e-01,3.188743700527729152e-01,4.367137486769748778e-01,4.744808463949955479e-01,7.296152001428943823e-01,7.988241957502104640e-01,4.171561524223085793e-01,6.903728478064341534e-01,4.735889925601128869e-01,4.648071930722006417e-01,5.973484187935866885e-01,5.917433966866185724e-01,5.340378414571538279e-01,8.502402793274327353e-02,4.772338586996125454e-01,5.482588268654302599e-01,4.470151216114547910e-01,5.758769635838099088e-01,9.713989349565227416e-02,5.213736978760495910e-01,7.338273178980144751e-01,4.348031302193817726e-01,3.767585288170158947e-02,5.265936270435526145e-01,4.146702651029277042e-01,8.920007750369718380e-02,5.306972608837770000e-01,2.422910522524949761e-01,5.389917273226847438e-01,2.823821343445899745e-01,6.903184893259586286e-01,4.247880316250500776e-01,7.119296890312785120e-01,6.188285462508998913e-01,9.751034082478473586e-01,8.509523179715031693e-01,2.454704222269357972e-01,9.304454730906575044e-01
8.193507830995375718e-01,7.709993139434314635e-01,5.023281036937229382e-01,6.986617184222314592e-01,4.794325574864895523e-01,5.252879553945173363e-01,5.103054895278532621e-01,3.929574399797404194e-01,7.959200014517217037e-01,6.747084619030507824e-01,7.923304340920249711e-01,5.319057386659636899e-01,9.612631361395392871e-01,9.819497262961450756e-01,5.635802294055901607e-01,5.496447023028127044e-01,0.000000000000000000e+00,8.557769427417452057e-01,4.472380485926971128e-01,7.944302972847590016e-01,7.768117782792387516e-01,7.602899225109515102e-01,6.362405850914342187e-01,8.734561727391244590e-01,4.211932529797293712e-01,2.450484569327025519e-01,6.338944623725408789e-01,9.000756573609686173e-01,8.192080948813894314e-02,5.271743177752434839e-01,9.942834021741421280e-01,8.563808325576702796e-01,6.017222622618706440e-01,6.710939767618233631e-01,6.527136351539560843e-01,2.463150595261735520e-01,3.515974756220514585e-01,7.510792824621309594e-01,6.996879004313668604e-01,7.130597464557835163e-01,7.144885200894217636e-01,7.962733740427756501e-01,6.661992868764877729e-01,8.501732031820192770e-01,8.643380883444115037e-01,9.325726809515075821e-01,6.051232146726720496e-01,8.101662876737194541e-01,9.233433179639926047e-01,7.730458373821246232e-01,8.815246173445362432e-01,9.901366400807254387e-01,2.428339718733455999e-01,7.171861060071206273e-01,7.488663433987283735e-01,8.756770881436228837e-01,8.346121953693602658e-01,8.906854572196039044e-01,6.327354305285578517e-01,-1.299944458985203555e-01,6.102791253149508766e-01,8.340207347331080046e-01,7.657229573209404228e-01,8.455150546532216316e-01,6.754736249337347509e-01,2.954961118327452119e-01,6.649293490610673762e-01,6.627869664175187747e-01,5.190822845667784069e-01,4.792156948769118463e-01,2.304640973827746520e-01,7.162469314658558295e-01,3.733848496351404034e-01,4.898000085917250113e-01,8.142790176466218055e-01,6.645806909817022490e-01,7.351452550243963158e-01,7.026488579354762676e-01,1.987218609296261262e-01,4.282129371170362853e-01,7.254915252468333575e-01,4.143439693658622636e-01,9.290830027530719848e-01,4.941031749379272142e-01,6.553135474663273063e-01
6.452749747002685110e-01,6.266117168109882618e-01,6.206958003861026141e-01,2.969095975906817508e-01,7.431194277548454075e-01,4.348580577650217882e-01,6.756217495876152279e-01,2.733126950365898367e-01,7.560447444990427979e-01,7.006201562174466657e-01,6.557014860974604842e-01,8.850811486787880655e-01,8.430202086356612945e-01,5.133090298876670232e-01,1.952320019094240244e-01,2.721975408392071638e-01,8.557769427417452057e-01,0.000000000000000000e+00,4.657613263766273715e-01,7.901429822449781981e-02,5.426987883261020773e-01,5.655449406524108991e-01,3.410920740462409784e-01,9.604451900562599453e-01,7.130475598067317344e-01,4.125529606997244692e-01,8.002171095193197914e-01,7.092920276908279975e-01,1.171134786176121767e-01,2.717450568647740150e-01,-1.802357167060212595e-01,6.333933348798987950e-01,6.293497286519551537e-01,7.729279881759733017e-01,3.699597539731876994e-01,5.297087707191188571e-02,4.314415590421243896e-01,4.750993985731691849e-01,4.825273330214750467e-01,4.483703072243663823e-01,1.764185666353369486e-01,6.041644858997394785e-01,6.152401837400350848e-01,4.511853401289465104e-01,7.860022602728060637e-01,7.417562689403793819e-01,7.618483727679530304e-01,7.652019063743202842e-01,7.956089209170955634e-01,3.634010422947023811e-01,3.136873563521550556e-01,6.594716737419731301e-01,2.715508922643857792e-01,5.643508974159895386e-01,6.335658444971232761e-01,9.154782883264823701e-01,8.666454180974708654e-01,5.017800267897993827e-01,6.203215223419930036e-01,-2.277437660104639217e-02,2.720084999920670543e-01,6.381854435779154011e-01,4.673448695629289773e-01,8.462439100631246047e-01,7.452821334633861206e-01,7.194233486042149739e-01,4.253131223667328542e-01,8.206033137714098258e-01,7.912047579920693519e-01,7.442137624388863726e-01,5.285107200586753873e-01,7.013395577135148606e-01,7.079097106409543150e-01,4.372604246358413604e-01,5.893088323789141825e-01,3.516095431353866152e-01,6.443729055121865112e-01,3.715444565327769011e-01,6.750748853884220857e-01,3.316764945440475731e-02,5.488832890399952813e-01,8.462543030280474943e-01,9.825712888716825466e-01,4.326208277831387200e-02,1.284012866036337297e-01
