0.000000000000000000e+00,6.760684222223746209e-01,6.247718396774710747e-01,5.850786716175482294e-01,4.515406852418185069e-01,-1.305918845986631105e-03,6.758297078470091312e-01,8.150090543289684186e-01,8.442567261160017766e-01,7.855470378500983841e-01,8.613571795406977927e-01,7.461497645348463825e-01,6.776660547748871721e-01,9.590644369902803223e-01,5.237352847483947027e-01,8.750894203101513558e-01,8.041393787212236521e-01,7.041082266387790334e-01,9.026896428633052194e-01,1.290469023754118039e-01,8.134833172486596320e-01,9.571776215330624060e-01,9.288099176781616784e-01,7.448253355028426892e-01,7.362246333562900702e-01,5.002131284179435200e-01,7.187808780648724527e-01,9.401452491504266318e-01,4.030032250615850353e-01,6.639697011183063324e-01,5.137632491422144954e-01,8.262907259217515676e-01,3.454969687083383478e-01,6.094716624069563826e-01,5.553116367638534223e-01,6.592807330345298311e-01,6.790857760702664891e-02,8.471338643035237759e-01,6.046900508030017551e-01,6.595234105484224507e-01,6.015389562027960713e-01,5.483331015660537489e-01,6.270816577095356115e-01,4.694004193200058128e-01,5.846560926490494969e-01,8.657309956509100513e-01,9.203121459634024948e-01,7.968773512667290948e-01,6.252445211692488902e-01,8.241481777972002876e-01,7.867538005518436295e-01,6.488351602148361152e-01,9.706895415115034398e-01,8.270446847189358852e-01,5.721855905137165355e-01,6.020888767766208183e-01,6.602641279826744203e-01,8.370760561775589803e-01,5.336950193342058224e-01,5.737450655835002467e-01,4.475635558690009286e-01,8.120563094272531535e-01,9.855613278852355386e-01,8.948924159116113941e-01,6.540010410237679928e-01,5.226521981173318787e-01,6.475064639874854588e-01,2.281634682753418963e-01,6.245227265065997901e-01,8.320635780490992506e-01,8.657275416225341802e-01,7.952917378599213549e-01,7.682505908586918508e-01,5.743751577608053882e-01,6.409536365398761371e-01,5.571471562329717298e-01,6.134801456097175310e-01,3.764334671852257452e-01,5.113069103730820686e-01,3.367880231877961039e-01,9.193430328429726961e-01,8.429168121408151526e-01,6.996541333797281492e-01,1.890498381914346437e-01,8.908666959571718280e-01
6.760684222223746209e-01,0.000000000000000000e+00,7.438023059552746341e-01,7.824726864315024732e-01,8.242285517242674553e-01,2.101947515729359339e-01,7.994056149754742435e-01,7.836261620634233926e-01,4.542172120946518232e-01,7.989878905917064955e-01,9.132491917913032609e-01,8.860026101821280031e-01,4.407860926531868007e-01,9.156220669903003540e-01,6.196418222669461962e-01,6.957457166013958361e-01,7.630699182084578203e-01,8.920051354121223408e-01,3.218155297346243504e-01,2.317127076243357953e-01,4.686319755988713753e-01,5.392765345819272582e-01,5.057321287485148087e-01,8.533716276924527833e-01,2.916283632100047374e-01,-1.475723899564849173e-01,7.304731359194946982e-01,6.359249070088197620e-01,4.494728988062185460e-01,3.299855453787758908e-01,5.255889293740638735e-01,6.100555876861066817e-01,7.051228647909048020e-01,6.662781968649459374e-01,4.313327862407911883e-01,3.850045914868484020e-01,8.770102922036926082e-03,2.688067831051988987e-01,9.736638582176204704e-01,4.088688590275957879e-01,7.699137441188267372e-01,7.834065944969782480e-01,8.203806875981070057e-01,1.181426150385465751e-01,6.814423724964281393e-01,2.849357989609739850e-01,7.551969395574468225e-01,6.066932750558318155e-01,4.716406124121252375e-01,7.921470685670604084e-01,4.053027355592425107e-01,6.548474047843225732e-01,7.529195556746670626e-01,9.825203378426722312e-01,5.682809344585924016e-01,6.262645273953638680e-01,7.916591525062028900e-01,6.071853344751134696e-01,9.903577245710020183e-01,5.060142490180741248e-01,6.007512529183576255e-01,9.221814148253750787e-01,9.975954096363437440e-01,7.663500797024688227e-01,8.610890542980733642e-01,8.384100163834148356e-01,7.972111647006212554e-01,9.531228873345169994e-01,6.092778263999287791e-01,-1.339530775728264567e-01,4.853444779502699147e-01,4.911680954122634724e-01,2.281363197933246600e-01,6.477267943280302642e-01,4.156130989666997344e-01,5.378262198763602564e-01,5.323683056860035734e-01,4.246567001345750159e-01,2.772628240207873906e-01,4.532677135127769485e-01,2.569539671169129291e-01,5.738250202491672614e-01,6.183402300315946620e-01,4.709140622159618816e-01,1.311704805335159318e-01
6.247718396774710747e-01,7.438023059552746341e-01,0.000000000000000000e+00,7.908939443060023500e-01,3.669090154966337947e-01,7.368270925492557133e-01,6.718644211477208250e-01,7.499060245559567850e-01,4.538967384833222929e-01,2.218942025778446181e-01,5.873384529521913366e-01,8.276390027021677254e-01,5.131469206041506803e-01,8.015413455249357222e-01,5.617163181931797977e-01,8.044859994088331412e-01,6.859619477001004384e-01,6.769109848542641528e-01,6.692510143780142640e-01,8.601869129485225640e-01,3.806944141002781001e-01,9.706010440419288177e-01,8.704844712241460725e-01,9.765964101275288467e-01,9.692130833684928781e-01,6.570695324611619537e-01,2.723872610608211176e-01,7.769009874499503976e-01,2.649812881007623244e-01,3.995035117135943836e-01,9.554758242574817872e-02,3.078645665056686243e-01,7.138808345557478008e-01,4.201960749061374734e-01,1.431900151129708032e-01,2.505261791499087676e-01,3.858202883700021513e-01,8.917324648331490522e-01,8.597245808041676929e-01,9.607778645270454998e-01,5.715810930428535386e-01,5.103456538849365787e-01,2.488690010351764514e-01,9.011651177850569239e-01,8.786607953759719702e-01,8.059710396353549910e-01,4.914982041790907363e-01,9.572756786867240297e-01,8.386648970863814778e-01,8.042160086978769051e-01,7.674007296203806394e-01,6.845120440852243693e-01,4.563483354529808689e-01,9.480051467799669451e-01,9.084421311180539416e-01,7.315255075712929766e-01,4.732185944983058334e-01,7.984188000421467146e-01,8.137650460608816250e-01,5.605522958351012441e-01,2.262708937433673406e-01,7.812076633395459435e-01,5.321638784119075982e-01,9.499074191318871430e-01,8.341630361205537580e-01,6.112298730990830542e-01,8.292587917264685471e-01,6.066431321648146913e-01,7.657266910484787914e-01,8.830121283597676118e-01,7.393802150561222808e-01,9.066040602434138895e-01,7.654011292342771666e-01,3.867846216563080031e-01,8.191084317193875197e-01,2.609765853816320424e-01,7.435896863067813500e-01,6.923157907493839858e-01,-9.755803904698924500e-02,3.145334098721159766e-01,8.424834854772014214e-01,2.689275923387030032e-01,9.766842994508373454e-01,6.901963082698776564e-01,5.246657272880159706e-01
5.850786716175482294e-01,7.824726864315024732e-01,7.908939443060023500e-01,0.000000000000000000e+00,6.744583248575503065e-01,6.685453592521011235e-01,5.460267612063059994e-01,4.523073276194938264e-01,7.497314753636415974e-01,9.740643888716149501e-01,4.116515279806377547e-01,9.338384848651793968e-01,4.325706362884501610e-01,6.307086596250380817e-01,6.892113867980915742e-01,8.116206509098116140e-01,4.107278568961195697e-01,7.860312476802384651e-01,4.888636077619991083e-01,9.706921235880570098e-01,5.964862305128280084e-01,8.395259388147265911e-01,7.521761241394376851e-01,8.736289128364402856e-01,5.472939115491495254e-01,6.091213033979474556e-01,6.991836567075107034e-01,6.462061256485733818e-01,4.934656589514577751e-01,2.644571628610581926e-01,2.953698507818004471e-01,4.823357949212855877e-01,4.233608089333534830e-01,8.238747808256682292e-01,9.715674285909952079e-01,5.473680929305660414e-02,6.868735228679497817e-01,3.091661401001091214e-01,8.597906707446065777e-01,7.208614789779761445e-01,4.798396910820116323e-01,9.811783471580537430e-01,5.859371248392534204e-01,1.986478663989541260e-01,8.774270699234990589e-01,4.236903869155053126e-01,7.055664278183870763e-01,6.656429667078962442e-01,5.347633932990125682e-01,4.316444567651370745e-01,4.648668752627594380e-01,8.928685168922001480e-01,4.268069992185160033e-01,2.046568485925102654e-01,6.767954165124101529e-01,7.984920612371919635e-01,1.095034369918651551e-01,7.073736603890656838e-01,9.301576546993787220e-01,6.372029237508947119e-01,5.371771101026213691e-01,4.887009727749302423e-01,8.511914212062905716e-02,3.679003393008851708e-01,6.230174828647574437e-01,7.202804223821064333e-01,9.724650231507829812e-01,9.661953291491964801e-01,2.834284723324714816e-01,4.293705959264536576e-01,5.833623614479495068e-01,5.512871975408837333e-01,5.216854785166263886e-01,-9.013441757538281918e-02,7.697539754190118044e-01,9.626770820040176924e-01,3.809391434346037775e-01,4.307935165694820601e-01,2.273910731914944583e-01,6.653718043902744350e-01,5.557080161178992173e-01,8.884271938149642667e-01,6.207572730161710073e-01,3.572973534343537594e-01,8.862649931650743440e-01
4.515406852418185069e-01,8.242285517242674553e-01,3.669090154966337947e-01,6.744583248575503065e-01,0.000000000000000000e+00,6.471708879153115213e-01,6.729649561842256933e-01,9.036840503740970476e-01,6.469654390648011955e-01,2.307832402551653894e-01,7.624413030570325045e-01,6.512545997605746484e-01,7.543279206742640186e-01,9.063432902163431892e-01,7.368284000396644329e-01,8.951147317114889201e-01,4.424131539687058967e-01,7.704718001772669078e-01,5.888447856777963008e-01,8.930171283994646769e-01,9.717880352932142252e-01,4.389200590731775486e-01,6.618607329744212731e-01,5.377416019825458360e-01,5.818687369086517069e-01,6.042949093424014873e-01,7.947715222785829425e-01,1.742349475180662577e-01,3.417944549892516504e-01,2.801837191440714747e-01,1.171177431077399106e-01,2.862810775913112726e-01,4.133065195298244454e-01,5.766974349482710815e-01,5.476907610404226912e-01,5.845192717932412574e-01,8.751864820696256264e-02,5.858658720703316947e-01,6.055928336495289832e-01,7.635805940972527628e-01,-1.817481730647815819e-02,7.821961593698314452e-01,5.341464400304397619e-01,9.656587737103492497e-01,8.210687866131298751e-01,7.205750168445861359e-01,9.380726977624138652e-01,7.255991713960943112e-01,5.979196800145094581e-01,5.796579791128766423e-01,2.483016208120295276e-01,4.372609350230766134e-01,5.592710841168718749e-01,4.553828052526710524e-01,5.294487244643436563e-01,4.181234420526441786e-01,6.219059150383463574e-01,4.025905938638876802e-01,6.745773856648373812e-01,7.596257906210016064e-02,1.392025388862420943e-01,5.616284321759056342e-01,6.971299945133818676e-01,6.179069286472946843e-01,5.740609889445645875e-01,7.058131372382543400e-01,5.022267277882263015e-01,9.620468508580548583e-01,9.175083110852693125e-01,7.227582001095159692e-01,6.001370373598661212e-01,8.688944033356011953e-01,3.538954140188096398e-01,4.766962482529502054e-01,7.196247327534568416e-01,3.824991555596685133e-01,5.209328856448417477e-01,4.487845551821586509e-01,2.143034150864097931e-01,4.294940330278779750e-01,4.115659726666930918e-01,5.333818153321043809e-01,5.203133019506434032e-01,4.680831117331568647e-01,6.612166084340921346e-01
-1.305918845986631105e-03,2.101947515729359339e-01,7.368270925492557133e-01,6.685453592521011235e-01,6.471708879153115213e-01,0.000000000000000000e+00,1.031638846918604274e-01,4.029975952207018874e-01,9.802149552508071517e-01,4.950268250480250876e-01,7.308923067008177288e-01,5.919853138212284316e-01,4.226429842521842728e-01,7.474231748608728410e-01,8.000491419598646514e-01,6.444215824404729565e-02,-2.369857631648458751e-03,1.921491251601463446e-01,9.799602012821385655e-01,4.083642670876267422e-01,6.362966577142434854e-01,4.328632268664523997e-01,4.252339353652425102e-01,6.059882158067730895e-01,5.930495842330343326e-01,9.950642714711466219e-01,7.408552334862577027e-01,7.810186626410993149e-01,6.681147457092311281e-01,4.033852456347249982e-01,8.968246306658010647e-02,7.065706825860476048e-01,5.715685123705471771e-01,6.398678632834282620e-01,1.620982096838067266e-01,3.280483786099098742e-01,3.193210395189081119e-01,6.288330074719280516e-01,6.090288173567718344e-01,5.916230914620994596e-01,2.485689357430914681e-01,2.732909853320907301e-01,9.552434648170753384e-01,2.317887979082429994e-01,1.401534065658492922e-01,4.835500511440796179e-01,4.336612622637395220e-01,8.798124316561524161e-01,5.232176219226418734e-01,7.367401988675522650e-01,7.224484285810562900e-01,1.788737195293905458e-01,2.421725774635414552e-01,8.016247084563367098e-01,6.691348076692560376e-01,4.735973252925016475e-01,7.758830340198246134e-01,8.293519851303603474e-01,8.230790033824633145e-01,4.306336300364380643e-01,4.234581561780322856e-01,2.756112926182532341e-01,8.002275209016149748e-01,2.932928838257745086e-01,7.803796854900572066e-01,5.875611925677843850e-01,9.108434302606240873e-01,9.285213429450918099e-01,6.511822022683757538e-01,5.370449537783379412e-01,6.997144983021080789e-01,5.981592671138173944e-01,7.939056572956960656e-01,-3.258469661348364910e-02,-1.096682407443834578e-01,6.362699761549261979e-01,4.882597673686241979e-01,2.174778356377430888e-01,5.239736429584644917e-01,1.316174700651086826e-01,5.770624162734803164e-01,6.076589707514705729e-01,4.803551998311834104e-01,6.116179655827013173e-01,6.731114713014059170e-01
6.758297078470091312e-01,7.994056149754742435e-01,6.718644211477208250e-01,5.460267612063059994e-01,6.729649561842256933e-01,1.031638846918604274e-01,0.000000000000000000e+00,8.016598486777942734e-02,3.300332358392943366e-01,6.001433065636971875e-01,5.239728816279842771e-01,3.332441864750196325e-01,5.587406952598514831e-01,7.759456848595355227e-01,5.044056516502991583e-01,5.841152191594208842e-01,6.504757772504183855e-01,1.300253605661673140e-01,2.023889828164770754e-01,6.625430933208420470e-01,8.927789398012871969e-01,2.356006671062880337e-02,5.960468994963996625e-01,8.174360100182813671e-01,7.837248779430179280e-01,4.372673799744221657e-01,1.913163906640146239e-01,7.397254051487597293e-01,3.483365836787973013e-02,-1.522533309748419494e-02,2.076827128826704838e-01,5.771274424533142655e-01,7.333685661410097589e-01,8.610646626365972001e-01,3.809422011157711507e-01,1.565278655723212065e-01,4.277015471260188773e-01,5.960442130539288508e-01,9.022042629393323132e-01,7.682724825483088216e-01,-1.872897881105978490e-01,-1.397214388607815883e-01,6.509323709141325853e-01,5.456617039669572344e-01,8.005065184264388289e-01,6.267546032620410212e-01,1.147064976327690361e-01,2.890372258090468938e-01,5.017607954516911661e-01,4.260839340379352080e-01,5.328679113135701417e-01,7.447016327205404629e-01,5.320924457934311791e-01,5.736419788593728475e-01,9.268833265336362537e-01,4.547789135969493857e-01,9.469279027215987687e-01,5.343972119095458106e-01,1.860300105111155067e-01,7.647736290821456340e-01,2.042788780944025107e-01,2.582572429097265698e-01,5.953285491720750056e-01,7.289563825238769557e-01,6.450857163791646753e-01,5.822051281093236774e-01,3.933092361519897606e-01,9.558766043314578242e-01,4.756417109805572419e-01,-3.200935073874012771e-01,7.231959635751219473e-01,4.427700131784992332e-01,3.403863762777922242e-01,1.746465274688522307e-01,6.291631441516215562e-01,5.597447270848018297e-01,5.403958644921906807e-01,5.542668339022955859e-01,3.749518540622597262e-01,2.452443500419420330e-01,5.909158235983786867e-01,1.847755970759824284e-01,7.611178128684021882e-01,4.382968745874545324e-01,4.473430975958833655e-01
8.150090543289684186e-01,7.836261620634233926e-01,7.499060245559567850e-01,4.523073276194938264e-01,9.036840503740970476e-01,4.029975952207018874e-01,8.016598486777942734e-02,0.000000000000000000e+00,6.418757248305795304e-01,7.298674639202742398e-01,1.861535362073708511e-01,6.359648132883172211e-01,5.784720148978895748e-01,8.342726479490585323e-01,6.712741502685500850e-01,7.420825915335698131e-01,1.408428556642759566e-01,6.178533668891768027e-01,4.871849302102007062e-01,5.817049900302688759e-01,8.323953500520108184e-01,4.173509995570806042e-01,7.589124177163317775e-01,1.226380258132727247e-01,3.077737247190748815e-01,6.823444491918729815e-01,4.386816677533388331e-01,9.311782114449880243e-01,2.206774424099207654e-01,4.628689919631417959e-01,4.653979362042368756e-02,8.828549149012889785e-01,3.311214700884502760e-01,8.661170062616747600e-01,7.291560385519394449e-01,7.383833751523457556e-01,3.099816323824199360e-01,8.246237874402413404e-01,4.281846007421343248e-01,7.014565933804064457e-01,5.154800800369063740e-01,7.529092146448289613e-01,6.096037296512279990e-01,5.780678985512575085e-01,3.819287243083413497e-01,5.598850149267485810e-01,4.622700164216941299e-01,7.562042804375207483e-01,4.608925081356921027e-01,7.624870049899927782e-01,7.073697556825874200e-01,6.750459683894151075e-01,3.454279327894735907e-01,5.973053944062404197e-01,7.246316628197028153e-01,3.696769856645384378e-01,6.363175075004094960e-01,4.907632052161532421e-01,4.642651601817882612e-01,3.215175575778133621e-01,5.716647002037931191e-01,7.181986307757699528e-01,3.324493254876806914e-01,4.884688095970178279e-01,4.799743253268611842e-01,7.804546898086107687e-01,5.835927889413734526e-01,7.429984322490392756e-01,3.522248617027252671e-01,6.189750470203692068e-01,9.553123503488655244e-01,6.767023811285571844e-01,5.079214436458819870e-01,4.048020360966821940e-01,7.443797464126498120e-01,1.523116259614923917e-01,4.970626094508469595e-01,4.660423136254127630e-01,3.836237747555192312e-01,1.494250972080060358e-01,7.137355662142716994e-01,5.808305899180021825e-01,8.707454991785062992e-01,1.958371992453529498e-02,3.664401510365868919e-01
8.442567261160017766e-01,4.542172120946518232e-01,4.538967384833222929e-01,7.497314753636415974e-01,6.469654390648011955e-01,9.802149552508071517e-01,3.300332358392943366e-01,6.418757248305795304e-01,0.000000000000000000e+00,8.886939749590936355e-01,6.434126054079207790e-01,9.960271100946544998e-01,6.111515250020225221e-01,7.538583241608354246e-01,7.448315032315584450e-01,5.156766671089821896e-01,6.655495067883404614e-01,6.262489148687717666e-01,4.183528231133276098e-01,9.705575380323475665e-01,7.985241686164173958e-01,6.799547049791276887e-01,6.067984369314227688e-01,7.118865665045644997e-01,2.526650529084726871e-01,4.512409258476948737e-01,7.338576047859424190e-01,2.852995306714551926e-01,6.428469044770939167e-01,2.990986729062752869e-01,6.806763685207484205e-02,6.156448710161971372e-01,1.141044925972452689e-01,7.867874066032746194e-01,5.143282021484973932e-01,9.744818511874016320e-02,3.138923390678561853e-01,4.236953322878199701e-01,5.729604026450212800e-02,6.838923669521982385e-01,4.160715676521486439e-01,4.252978567304124269e-01,9.649260590882237087e-01,3.607331906401052279e-01,7.006632395401939384e-01,8.447382352087088320e-01,6.813328889325472870e-01,2.291228805551842884e-01,6.070046288958627079e-01,4.361450204979410161e-01,7.785173204677185987e-01,6.632181577037267184e-01,9.374843800152590223e-01,4.418416577828976899e-01,6.719006145318366929e-01,5.261408342953075579e-01,5.498744048981294430e-01,4.165995910908026900e-01,8.629394579580750291e-01,2.662225918702230271e-02,1.930060095374969420e-01,4.831122311623636811e-01,5.797795276369440698e-01,3.357725697696141154e-01,9.857998712371871530e-01,5.518986425275630436e-01,4.884145046153960668e-02,9.829474407092299026e-01,4.660002462545982382e-01,8.150544870113870521e-01,6.087164801880131648e-01,5.185631730858485389e-01,4.539307317849353152e-01,4.329313694940102875e-01,1.825504217558313880e-01,7.632985026437298925e-01,7.225438934532215640e-01,2.823882433512643342e-01,3.128660867486354746e-01,7.949768509051986787e-02,8.361951537613991903e-01,8.773560900414020258e-01,7.680940621429787063e-01,6.240856338214936239e-01,1.877385698746285303e-01
7.855470378500983841e-01,7.989878905917064955e-01,2.218942025778446181e-01,9.740643888716149501e-01,2.307832402551653894e-01,4.950268250480250876e-01,6.001433065636971875e-01,7.298674639202742398e-01,8.886939749590936355e-01,0.000000000000000000e+00,4.199781378399434772e-01,2.530923390933675909e-01,9.670402446847753408e-01,7.641807835742406851e-01,6.193115372255878492e-01,6.503860135839125700e-01,7.028481289247849872e-01,3.756383814825621781e-01,5.271754346821659887e-01,4.057874044639164235e-01,2.499959192994032423e-02,7.636072812265060072e-01,2.496995510025959153e-01,9.865469817726857382e-01,-1.332868326520655899e-01,6.507703371764657074e-01,6.761878057228363215e-01,5.939616483484684295e-01,5.404016717140684989e-01,2.972034526126853815e-01,4.514216737516817957e-01,4.953288675128039165e-01,6.644000136783185795e-01,7.642860143255664207e-01,9.330633866156821110e-01,5.756537212404844173e-01,6.363758245661091384e-02,9.043076600350381522e-01,5.704771224974147792e-02,6.640043246363914742e-01,1.620574088619719522e-02,4.232720202085963890e-01,9.634840688556492450e-02,7.078604158292692849e-01,9.793983399611161378e-01,8.958831044766851770e-01,5.437840194578976716e-01,6.748720620018798799e-01,3.528239261789841708e-01,6.642474159365526765e-01,6.793109541544783969e-01,6.516995866677940397e-01,8.239339607530750120e-01,4.949572727925927174e-01,1.117713045873040267e-01,8.193060133144800528e-01,3.443308920941541285e-01,8.391354236389874099e-01,9.851880291903604148e-01,5.275381427799502587e-01,7.116388087260568929e-01,7.278652491718383688e-01,4.888475388263020527e-01,7.148317879369221473e-01,8.810019911347325428e-01,7.753063340279371385e-01,7.807514548678342603e-01,7.602255570324242262e-01,7.291848235076522355e-01,8.919957471014844375e-01,9.784204119486479279e-01,3.440260878801274513e-01,3.273714257083862877e-01,3.468584820688918047e-01,7.411526075095509203e-01,2.723384495367764946e-01,4.940148302797826574e-01,4.955744433000503490e-01,2.796421754186002584e-01,5.578926008624576216e-01,7.595917453577467615e-01,9.404801955702999372e-01,6.823867981226208190e-01,1.311732787347709983e-01,5.601295117466823514e-01
8.613571795406977927e-01,9.132491917913032609e-01,5.873384529521913366e-01,4.116515279806377547e-01,7.624413030570325045e-01,7.308923067008177288e-01,5.239728816279842771e-01,1.861535362073708511e-01,6.434126054079207790e-01,4.199781378399434772e-01,0.000000000000000000e+00,6.746859092741245290e-01,5.341836118936218458e-01,8.178558692078938819e-01,6.147111662024260514e-01,9.930535624642784498e-01,9.045491341097650073e-01,4.405123498592374842e-01,1.255867610855519456e-01,8.795465469825503035e-01,7.741288379415166565e-01,4.268685955632406936e-01,7.875326378238436398e-01,8.663905782408781731e-01,6.224733660204554431e-01,7.508117814892188990e-01,9.895630512626217845e-01,4.153066473776687584e-01,7.624769925085959077e-01,7.945632205788172309e-02,1.672744983663299323e-01,4.340179393877651171e-01,1.388866099736902338e-01,9.390906006471702039e-01,5.889986546887597818e-01,1.663152741891512909e-01,3.279853242764277921e-01,8.478504072869208485e-01,7.280753187749577915e-01,3.566880246999830084e-01,4.940740256382600837e-01,3.036678457172997669e-01,9.307381374315097933e-01,6.744564238884264151e-01,5.724989360735411870e-01,9.722678629902732350e-01,7.256030999915482615e-01,6.832149656645446489e-01,6.120793532176310725e-01,3.904784402762254136e-01,5.100769248541262568e-01,4.461539694103590636e-01,9.754516308451308682e-01,7.551269030636242885e-01,8.178980488918268232e-01,4.090354998145486753e-01,5.424150174669866153e-01,8.114945964804437528e-01,6.315801567242834702e-01,1.528582326407130210e-01,9.715726164662404074e-02,7.749956248744227505e-01,8.509214194475246407e-01,6.515134776610502776e-01,9.934783874905164236e-01,7.539410678624756112e-01,8.963929152330966099e-01,1.916819978187236095e-01,3.901405896072045465e-01,7.060353505867008606e-01,4.266548589031990968e-01,6.833641157734301474e-01,4.114640858416570568e-01,2.108414382268606890e-01,3.653722060055159537e-01,6.832113084407487325e-01,6.705743968061919080e-01,4.057945614731494066e-01,2.657736673837114982e-01,3.248393075643862260e-01,5.817156836211823112e-01,5.033249331157761963e-01,8.352745229337297239e-01,2.866986523358892036e-01,7.180052874560397536e-01
7.461497645348463825e-01,8.860026101821280031e-01,8.276390027021677254e-01,9.338384848651793968e-01,6.512545997605746484e-01,5.919853138212284316e-01,3.332441864750196325e-01,6.359648132883172211e-01,9.960271100946544998e-01,2.530923390933675909e-01,6.746859092741245290e-01,0.000000000000000000e+00,8.134889921975032578e-01,7.237130943199818756e-01,1.324086497646861406e-02,-1.292680735773851231e-01,9.754427832333019133e-01,-1.572113605802126224e-01,6.513331260596545436e-01,4.322684914552713531e-01,5.237706380944366913e-01,2.864103570075900440e-01,7.611353861773710872e-01,3.218668217872768245e-01,6.697765378102474854e-01,4.324663751700991154e-01,9.400568156880577675e-01,9.742992362438078757e-01,2.176776866451103354e-01,9.493206586745686626e-02,5.713100955125728353e-01,5.234730422675105688e-01,5.409394873083905875e-01,6.398240381476112404e-01,7.391588250190946896e-01,2.305945445430071516e-01,2.977001703213198458e-01,7.689485128007232939e-01,6.136418680024705585e-01,6.308567573545554863e-01,-1.153339510891533137e-01,4.785320150186153088e-01,5.836103714695593109e-02,2.062452858685553114e-01,6.825448137505285562e-01,3.485724338592194327e-01,8.852579592092590932e-01,6.233652244400150755e-01,6.808588895493882243e-01,2.780485621234410898e-01,7.416551397638070364e-01,1.442567622987288856e-01,7.058942601781592607e-01,7.653370862753662296e-01,7.329030803956791962e-01,6.178775471175357303e-01,6.025227639220983589e-01,8.899016866390577762e-01,6.604396870201451053e-01,4.209375803549814665e-01,3.917818816910063617e-01,7.368774977753196342e-01,6.556550107605340072e-01,8.292140471845486083e-01,9.434640723846673405e-01,2.031196839507488361e-01,4.515693958339526692e-01,5.456663831316892477e-01,4.427873209029889456e-01,4.727391286896454603e-01,7.863316285546723128e-01,2.050912756314625385e-01,3.641644302634942099e-01,5.339997353923341405e-01,4.529288236777649357e-01,5.294691197697382057e-01,9.005951308178664627e-01,9.167101724334624224e-01,4.414083242480207336e-01,7.192906984519260860e-02,6.310630934698578942e-01,5.830536779392886393e-01,2.027899537804648267e-01,5.408058286128163417e-01,6.331884517075404561e-01
6.776660547748871721e-01,4.407860926531868007e-01,5.131469206041506803e-01,4.325706362884501610e-01,7.543279206742640186e-01,4.226429842521842728e-01,5.587406952598514831e-01,5.784720148978895748e-01,6.111515250020225221e-01,9.670402446847753408e-01,5.341836118936218458e-01,8.134889921975032578e-01,0.000000000000000000e+00,8.392616650552942037e-01,6.491545387860540028e-01,6.349682082649362735e-01,3.847403438253015895e-01,1.360248281481213073e-01,6.790653022487461721e-01,6.498505985681909403e-01,9.400099888412728477e-01,7.960505318651405204e-01,8.142713788100226502e-01,6.416568540773348595e-01,5.405352853051119677e-01,7.709026396212913523e-01,7.568410080300603804e-01,3.217573126504632564e-01,2.869498948349828438e-01,4.256165997483979391e-01,2.903181197881402609e-01,6.645591453074308763e-01,7.224393987514489135e-01,7.452417894357630246e-01,4.553859157683167735e-01,5.250599303197104328e-01,5.268494944900513621e-01,7.573176263325261948e-01,5.999843063053045267e-01,4.252100762419418478e-01,4.140138127165057247e-01,9.174887537648591662e-01,5.327817886639184541e-01,9.541963484169546650e-01,7.480240586424719007e-01,8.112621615493579297e-01,9.233618205337544849e-01,8.174280934885587158e-01,8.860283632840378898e-01,7.339333636725350329e-01,4.038846692436101060e-01,4.504183363048944178e-01,5.173030696407832085e-01,4.149319483252377760e-01,2.897322341920966493e-01,8.079027423044605749e-01,9.902774800741858119e-01,4.373096706663781585e-01,6.858528980620186566e-01,2.943819113599496218e-01,7.292496528331882111e-01,7.130714445675307989e-01,7.723639856861485020e-01,7.733190620865474374e-01,8.062457621788234885e-01,4.548091476262894339e-01,4.746405058419162493e-01,3.190342255754319845e-01,4.525379697672351487e-01,9.974074473580292199e-01,3.989267761508590304e-01,8.948394727683491867e-01,1.542146097443192476e-01,3.106665712408263613e-01,5.648896475708120590e-01,4.428257416776051336e-01,9.380923275322927690e-01,6.246216499947446765e-01,1.732175795549550368e-01,5.519264958056206982e-01,5.277762946015209788e-01,8.186498202848272454e-01,2.613343845391745690e-01,6.866315697615881231e-01,8.119663358017666921e-01
9.590644369902803223e-01,9.156220669903003540e-01,8.015413455249357222e-01,6.307086596250380817e-01,9.063432902163431892e-01,7.474231748608728410e-01,7.759456848595355227e-01,8.342726479490585323e-01,7.538583241608354246e-01,7.641807835742406851e-01,8.178558692078938819e-01,7.237130943199818756e-01,8.392616650552942037e-01,0.000000000000000000e+00,2.339445257183865590e-01,6.501088154641618821e-01,5.283581907301264646e-01,9.778823742989477541e-01,4.938997839280099278e-01,8.918189812737815636e-01,5.045443671111882189e-01,2.721991733730559915e-01,8.332855816313832209e-01,6.752309276408483552e-01,6.508803631898406605e-01,8.402055887812541757e-01,5.425816433831058827e-01,5.821524735961620678e-01,5.573607324479077363e-01,5.777144059520515906e-01,2.242886661509581880e-01,2.710481968101676187e-01,6.092269548927837786e-01,9.989877270588467528e-01,9.801031348897002449e-01,6.995373194149125951e-01,3.528401641496098362e-01,9.847414645847771819e-01,6.068122993355560268e-01,7.450606569944377977e-01,7.062459776607994399e-01,2.171108970425569828e-01,9.705927644889548178e-01,7.360448565035303536e-01,6.887858334037015862e-01,8.825584075131410744e-01,6.737315747414815981e-01,8.243076045863627632e-01,9.268845934203471248e-01,6.003707100960662402e-01,7.110000764719328625e-01,7.597105437263179661e-01,8.834752349245867942e-01,7.691488009817801785e-01,6.783794636304836256e-01,6.075323353278107019e-01,9.512613237127357513e-01,8.274449299590528328e-01,6.300304250141821605e-01,4.408620670188840296e-01,6.495533330788373361e-01,6.818863427364824092e-01,6.490578011464019914e-01,2.632111303671630931e-01,7.886449365849250714e-01,7.978504694802215358e-01,6.827778486664226598e-01,7.956225861621717410e-01,4.012456131435854778e-01,6.372898052291395832e-01,7.408329466737745284e-01,7.591454052993092949e-01,1.943588171782880403e-01,7.791369476469635069e-01,3.194365406449315437e-01,8.591497124218463455e-01,4.692272041867324717e-01,5.428765627945510985e-01,3.144924840880284900e-01,7.418797282856524067e-01,9.120690604248972155e-01,9.264822284436126099e-01,6.286565871214094825e-01,5.376620753820080534e-01,7.577345303532354581e-01
5.237352847483947027e-01,6.196418222669461962e-01,5.617163181931797977e-01,6.892113867980915742e-01,7.368284000396644329e-01,8.000491419598646514e-01,5.044056516502991583e-01,6.712741502685500850e-01,7.448315032315584450e-01,6.193115372255878492e-01,6.147111662024260514e-01,1.324086497646861406e-02,6.491545387860540028e-01,2.339445257183865590e-01,0.000000000000000000e+00,4.594200271052022444e-01,3.103697797899316879e-01,7.821811135209472132e-01,5.113730280255651683e-01,9.631282386008688245e-01,5.723760776022240870e-01,6.776345011434217191e-01,7.023039292142753132e-01,8.433471742349180067e-01,7.890395334271156358e-01,5.605422566590493316e-01,7.396474065738578574e-01,5.370893684680027036e-01,4.767300741455723356e-01,3.546029235057497342e-01,3.861595700069086479e-01,7.615512753632309728e-01,3.853589011361677752e-01,7.113001568047407908e-01,6.836639419377760207e-01,4.620855788949876919e-01,3.565986329408326050e-01,8.858934113775772667e-01,4.843056082323301537e-01,6.864924113372160575e-01,5.111294829365449210e-01,1.284952394152420463e-01,6.303205754472608335e-01,6.328760103304024165e-01,9.832059212825310368e-01,7.976484798077345673e-01,4.304302035014980765e-01,7.552023344749543288e-01,6.281669407457566301e-01,6.087893153072374552e-01,4.945955456236562631e-01,6.150710726941883699e-01,7.522167129739133484e-01,3.752043719766312568e-01,7.209023151194939860e-01,5.435054547841301487e-01,5.056136865304201589e-01,6.962983702017865317e-01,8.980925446132235201e-01,4.553327987395718313e-01,5.882962641736688703e-01,6.700661162631730283e-01,7.565636360142724559e-01,9.439631500995805391e-01,8.966078123589448223e-01,4.388407213005646179e-01,8.587884980774322941e-01,9.929583082150217344e-01,5.340000425759801050e-01,6.505982738047392244e-01,6.515558072775370357e-01,8.575991201601974590e-01,4.293055164139062407e-01,6.947169811901175718e-02,4.114602997115367478e-01,4.326194821944870372e-01,8.719164633778708762e-02,6.612941061147659116e-01,4.070160520759938394e-01,3.382120816901843519e-01,6.665367564966183656e-01,8.690152386189431422e-01,6.087805488493243100e-01,7.503567382746360037e-01,5.746805760727862200e-01
8.750894203101513558e-01,6.957457166013958361e-01,8.044859994088331412e-01,8.116206509098116140e-01,8.951147317114889201e-01,6.444215824404729565e-02,5.841152191594208842e-01,7.420825915335698131e-01,5.156766671089821896e-01,6.503860135839125700e-01,9.930535624642784498e-01,-1.292680735773851231e-01,6.349682082649362735e-01,6.501088154641618821e-01,4.594200271052022444e-01,0.000000000000000000e+00,7.934264337477374696e-01,7.082137747368077996e-02,1.120966110577925612e-01,8.390726733886029187e-01,3.409902526947903301e-01,6.055488334296139641e-01,3.918777168944114209e-01,9.478532493747088283e-01,2.209909318169760717e-01,7.507477993140913020e-01,7.111875367984911156e-01,1.229014042428745318e-01,7.719971299990674440e-01,6.080835682885401550e-01,3.961231653866820190e-01,6.144187002414457366e-01,4.238117765702123507e-01,9.312131726340332483e-01,7.846342402261777815e-01,2.698326498794269002e-01,3.565584403536427582e-01,7.276404298373468915e-01,6.483624745996197092e-01,2.427721195392771036e-01,1.286267362505065792e-01,9.816464655952502616e-01,9.817702537949708486e-01,7.393377339791148417e-01,7.677184621209697246e-01,7.258918498210227277e-01,5.973051286448387565e-01,7.546917591343345055e-01,5.881616223938528343e-01,5.372259834743269291e-01,3.427802843136054101e-01,3.386424860388508318e-01,9.852609232192443001e-01,8.282132804908902690e-01,7.022948812094130799e-01,4.073722495785382924e-01,6.130449755911205889e-01,9.172636205928940134e-01,5.391981924955012717e-01,8.735906375496060861e-02,1.847447397859763307e-01,3.657056018269725373e-01,7.475965062864071697e-01,7.583505628829738665e-01,8.527922320557181912e-01,8.213035486843797139e-01,3.216251890452590523e-01,9.887879726915107526e-01,2.720177002616003259e-01,5.093110616034463023e-01,5.241878949465631488e-01,7.532076964098500804e-01,5.683126006170715616e-01,-1.959400503619466716e-01,3.326610500431893547e-01,9.654255030432233875e-01,3.717581145456823333e-02,2.307875081581326759e-01,3.164704148359482883e-01,1.222911314099891511e-01,1.232230991600322678e-01,8.243305865806195287e-01,6.824302138862243794e-01,7.225180348494869564e-01,1.466398312337273760e-02
8.041393787212236521e-01,7.630699182084578203e-01,6.859619477001004384e-01,4.107278568961195697e-01,4.424131539687058967e-01,-2.369857631648458751e-03,6.504757772504183855e-01,1.408428556642759566e-01,6.655495067883404614e-01,7.028481289247849872e-01,9.045491341097650073e-01,9.754427832333019133e-01,3.847403438253015895e-01,5.283581907301264646e-01,3.103697797899316879e-01,7.934264337477374696e-01,0.000000000000000000e+00,4.366758885231996068e-01,9.306718039100102258e-02,8.643810551605886072e-01,4.468837592440972895e-01,8.361562375724311824e-01,5.155249685018782335e-01,8.634932101577341701e-01,7.472058672215041719e-01,6.682608404678489489e-01,5.157478236940732375e-01,7.174780647094473052e-01,3.240560966084847783e-01,4.427853228449348810e-01,2.917978338649905856e-01,7.995326800121229649e-01,8.329007984217612348e-01,6.755271307420251947e-01,5.527435917350160821e-01,2.721016649469843451e-01,2.364967582114448075e-02,9.888690184974568975e-01,5.871268026272747909e-01,5.803604116077596409e-01,5.859872792619368331e-01,8.965579147671731697e-01,6.872625957662013008e-01,5.953976897026889148e-01,4.160914257418495410e-01,7.139114194862884455e-01,6.137390497733409278e-01,6.273317809053706728e-01,9.453996994506198570e-01,6.789173601059228513e-01,7.127323407856245296e-01,8.106858368754359390e-01,5.708625550819534933e-01,5.388931439141534385e-01,3.165768362165300998e-01,5.331534309272413230e-01,6.289026493576661547e-01,2.207413809668855587e-01,5.058371861249006951e-01,3.035383135236059959e-01,6.283821969274328012e-02,9.789082175880849945e-01,4.216347797827662003e-01,7.830923908418514490e-01,7.754898233351177339e-01,6.280180490241059621e-01,7.293689824890041695e-01,7.879849885942676879e-01,6.929637852029947309e-01,7.341565116822381665e-01,9.520974605975917049e-01,7.671160426340155603e-01,2.712139023278999361e-01,2.378669765974169015e-01,3.539169785785128974e-01,6.735394109856199796e-01,8.451798288581806595e-01,8.521998783288350365e-01,4.012000604288868955e-01,7.290380673269366563e-01,7.965338903072964882e-01,5.953669161530559251e-01,3.455606686342498901e-01,5.607515303153273178e-01,7.852627398932577885e-01
7.041082266387790334e-01,8.920051354121223408e-01,6.769109848542641528e-01,7.860312476802384651e-01,7.704718001772669078e-01,1.921491251601463446e-01,1.300253605661673140e-01,6.178533668891768027e-01,6.262489148687717666e-01,3.756383814825621781e-01,4.405123498592374842e-01,-1.572113605802126224e-01,1.360248281481213073e-01,9.778823742989477541e-01,7.821811135209472132e-01,7.082137747368077996e-02,4.366758885231996068e-01,0.000000000000000000e+00,4.274295867803818982e-01,4.358194407487912536e-01,9.194329281815131205e-01,6.791365542636577102e-01,4.671046939711591128e-01,9.042054187723541636e-01,4.188897186617336899e-01,7.831685104223400362e-01,8.643357180886599433e-01,2.000468509640830894e-01,5.073377856085962145e-01,1.134733681032762259e-01,2.019582119916591423e-01,4.462102125816343468e-01,4.081913806121291177e-01,7.139867862951985167e-01,7.368813777231348894e-01,6.235019487339978905e-01,4.778636625744660527e-01,6.679991143517406416e-01,8.701070096330202341e-01,9.720381988786707117e-01,1.365276935437798600e-01,2.485913421526186606e-01,5.619082191381894464e-01,4.415546844479761868e-01,9.738403701986275696e-01,6.845069452790839559e-01,6.640201502552656176e-01,6.744188082389370731e-01,6.139429737972460499e-01,5.297826624861489142e-01,2.063652818539583600e-01,3.397301736647072579e-01,1.585208623282111928e-01,9.466703493315939966e-01,7.168084185255625407e-01,6.896119126179062198e-01,7.577051865207184989e-01,7.874608106799685370e-01,9.826100788053417912e-01,5.235189833551894267e-01,2.491067657157385595e-01,5.371164977705424892e-01,3.437569725946363480e-02,7.728927033289419990e-01,8.555457974215976424e-01,2.924957151090695762e-01,7.200821546230220527e-01,8.609340038731977396e-01,7.065729101140213464e-01,8.170368926521370811e-01,7.589657881826317176e-01,6.834939260402712602e-01,4.108936248684430526e-01,5.526781940091973766e-01,1.372125256389234438e-01,7.737093485358949030e-01,8.940606715596726151e-01,4.672980315647555782e-01,6.616595644690060896e-01,3.560807278983619817e-01,9.202185539297004224e-01,8.271596745235092474e-01,1.251614992487078970e-01,3.951966781441270671e-01,7.998332774982288562e-01
