0.000000000000000000e+00,4.883819000052680992e-01,9.897273762027412047e-01,6.509329665814860277e-01,9.172744774824598268e-01,7.476719205316731953e-01,8.422654540462206629e-01,7.327292123285453762e-01,5.442512229445439775e-01,9.961827561353366889e-01,9.822384846211320575e-01,9.389961620165163669e-01,7.318312845533061495e-01,6.281015291534857159e-01,4.436238047216818359e-01,6.922834703687442692e-01,9.525236681184899856e-01,5.629239112747570495e-01,7.668892525767184720e-01,8.103150737767685907e-01,5.933548840353995990e-01,5.260319399534929552e-01,2.239914475566628926e-01,6.270494098237981984e-01,7.074837367065738292e-01,5.962209577043701136e-01,7.055149066393873181e-01,8.523537853157303612e-01,1.727008350357875921e-01,4.207535502886188827e-01,-6.591626878970854864e-02,8.703033765482212081e-01,7.669123611339465629e-01,8.263470137712338737e-01,8.417276787575914687e-01,5.633750638507255548e-01,3.840846498893324412e-02,4.902810475900133413e-01,9.318040402549966350e-01,4.415260897950371577e-01,7.655960913139477908e-01,9.007264642988137560e-01,6.650706486610915569e-01,5.197585406756020099e-01,9.130868266166084490e-01,8.706292721873895024e-01,8.076822700764196838e-01,6.785208221393925765e-01,9.523676903554643136e-01,9.962565329905892497e-01,9.635734421339141598e-01,9.362288259938962298e-01,8.659961081062212962e-01,2.432459761652160379e-01,1.498591620636802457e-01,7.325865553248830375e-01,8.397026861163059408e-01,8.172454438747950300e-01,4.676990574964244862e-01,5.815303801540765427e-01,5.418846630213212112e-01,8.406120176899805063e-01,7.268086734272267702e-01,6.779958358345340441e-01,9.177898652320396478e-01,7.670565470788421880e-01,6.230346792558864033e-01,5.205310705260509652e-01,7.175726027804228968e-01,7.534155638420906298e-01,-4.876726380510099101e-02,9.624416576608487706e-01,3.427526934460032315e-01,5.861289573231784900e-01,7.430073935421200870e-01,6.528152640241202675e-01,4.699727078656700252e-01,6.458200650963110689e-01,1.340157181692266664e-01,1.250470783655195373e-01,2.235585978694100417e-01,4.442068265729169352e-01,7.530492262197174824e-01,4.703024657324328742e-03,7.542219941439913811e-01
4.883819000052680992e-01,0.000000000000000000e+00,5.473558868464865057e-01,6.486363211827261832e-01,6.419613590026329586e-01,6.399072167875048400e-01,7.698627084244112906e-01,4.247154906001129882e-01,7.569762608382974989e-01,6.688481565482616853e-01,3.352348830499006782e-01,8.161405540451055485e-01,9.193224780146197483e-01,6.618559025254729944e-01,6.193889940525278970e-01,5.629599968871901172e-01,6.418031311915772807e-01,7.147500428496772473e-01,8.778947212026874114e-01,4.239160174556849126e-01,9.842110023258181517e-01,6.519112101219013411e-01,6.561159656857755429e-02,3.884460046373279796e-01,5.328309328819318402e-01,3.162016764489158915e-01,6.423274481010872172e-01,7.102792773251851433e-01,6.724192937473518761e-01,5.234015234972448916e-01,3.457882913907339706e-01,9.363945675571746508e-01,6.935245132925295097e-01,3.947765143930073162e-01,4.426126916444393378e-01,3.113472120728612014e-01,5.395472764386900488e-01,8.546224478135143743e-01,7.172969440567407151e-01,7.636645194863500574e-01,5.600406501084488342e-01,6.557012097946237628e-01,4.943206241731107897e-01,5.653980811183343391e-01,8.084210541602799838e-01,5.845615937959439679e-01,7.387821111843841937e-01,4.698950664660383469e-01,5.053368407026549436e-01,7.170488422388638927e-01,3.199357054521791421e-01,9.981019542100975084e-01,8.604355015113207550e-01,5.109619512731815583e-01,8.746569214905839384e-01,5.876686885659150317e-01,4.975863478993248767e-01,5.244599759932726535e-01,8.738687526347896917e-01,1.387953211615322591e-02,7.532652328416200582e-02,3.696922468046711652e-01,-2.322931168493805321e-02,7.378986628815686899e-01,8.618675016192951510e-01,4.688475906020482253e-01,7.677818028007257212e-01,5.858312328920892709e-01,3.446388566039764179e-01,2.151234130429716673e-01,5.780330964298439067e-01,9.246731054626022850e-01,3.816948907902614208e-01,1.595396238620403473e-01,7.077309176226410647e-01,8.367740056658715675e-01,4.258709749576805592e-01,7.607028226891187073e-01,7.333884336029650175e-02,1.388759465962269291e-01,6.150873022779809185e-01,8.943433716775203157e-01,4.185170976517335051e-01,-7.198797799360881489e-02,5.542415011833622396e-01
9.897273762027412047e-01,5.473558868464865057e-01,0.000000000000000000e+00,6.449534499825370082e-01,7.494361598863582552e-01,2.652691687529680764e-01,2.815677280535827665e-01,5.090601839175177279e-01,5.123004256185911265e-01,9.872696937991286559e-01,8.148061588676126510e-01,8.971945361258865104e-01,9.662827303979363291e-01,8.589524766960975333e-01,9.532436380143064492e-01,6.371929155168449821e-01,5.183488894496919297e-01,7.002047519013572252e-01,3.778504571843855908e-01,4.753934238965645820e-01,8.303417273488382655e-01,9.354965663883496596e-01,9.609068488210852355e-01,6.270539327754423020e-01,6.665862611720879682e-01,6.363024243041973671e-01,5.682152560829586418e-01,7.951423455505909343e-01,1.753506136168845042e-01,1.128311744887535717e-01,3.346910270909790874e-01,7.749811640221816456e-01,2.744625425707840627e-01,5.917720077565178372e-01,8.281948996484290726e-01,4.360654798031424750e-01,1.807004911463755137e-01,5.507868596058460575e-01,8.850547902548532297e-01,3.579975595866319305e-01,2.238202108194838058e-01,6.345601370570970179e-01,4.719676362072631193e-01,6.022342529533458722e-01,7.659591347151644136e-01,3.315970639136409659e-01,7.525955682497180721e-01,4.795600592111003424e-01,3.854950205334188307e-01,7.409690533086531472e-01,3.618693310702909838e-02,8.601976322867801450e-01,9.312924745342132660e-01,5.982262823991995049e-01,5.245289186726482811e-01,7.054930586522384361e-01,7.084646487232952872e-01,2.724112972386742437e-01,6.761010536227054502e-01,4.281103917955250138e-01,2.060285596164496413e-01,6.382551598293368933e-01,7.770503181278101135e-01,8.860653224244311454e-01,8.959664168361674008e-01,4.853607923191861073e-01,8.778670283854688172e-01,3.632208078045779942e-01,6.420179079338101946e-01,9.392725307864974171e-01,9.661321708154670951e-01,3.176401074179840411e-01,4.528224007046399158e-01,4.496711373310619542e-01,3.447528887287073518e-01,4.459655791972921834e-01,5.494189326082545843e-01,9.456058328793213175e-01,5.371258232296612922e-01,5.248153543720933678e-01,8.477070068224286103e-01,3.001408986315957650e-01,7.409689017787907117e-01,7.567770860234539487e-01,7.008026385231310718e-01
6.509329665814860277e-01,6.486363211827261832e-01,6.449534499825370082e-01,0.000000000000000000e+00,9.083076682054807005e-01,9.573173009598137106e-01,7.610490883697468290e-01,2.049128490396316393e-01,4.944999706445670218e-01,2.690274605068728730e-01,7.506568354706777413e-01,4.301648898562069889e-01,6.741787016754035022e-01,6.901911218914107415e-01,9.687759059981657650e-01,7.257454649930524804e-01,7.460071271042304497e-01,6.758969783142265708e-01,6.131370851433348701e-01,3.919497994195295654e-01,8.413267916681298475e-01,3.168643612194435022e-01,9.829513499762103645e-01,5.491525505085650405e-01,4.689345871257165066e-01,9.429828268125486357e-01,7.861564998788059810e-01,5.420784588001950066e-01,7.479280691876333265e-01,7.942663322392904401e-01,5.047188258299792896e-01,7.767485487077958606e-01,5.547462424862019681e-01,9.563615399867534395e-01,7.772978737180465114e-02,2.615962804774133454e-01,2.098107124566307990e-01,1.010380786709454415e-01,5.164628335146385085e-01,9.533738106882938546e-01,6.090525928365622121e-01,9.710046834524899140e-01,6.497430033796897098e-01,4.439955116354306341e-02,7.807908604768262206e-01,7.539746508533609060e-01,8.614664226915866863e-01,4.902770386119440493e-01,5.770156227175931019e-01,6.311821194281076464e-01,7.587669168691053567e-01,7.330772980460452670e-01,7.308305862856074864e-01,6.091771076138177143e-01,2.622296012939889231e-01,6.144595624829750635e-01,3.226848494670655487e-01,6.238350271244637035e-01,6.167909167600361675e-01,5.005946775565510709e-01,1.347049518045246967e-02,4.562722450223969384e-01,7.964906770880596232e-02,8.952544686996461998e-01,4.239675461699473069e-01,7.635848199471851894e-01,4.453038160397481127e-01,8.630743444971202827e-01,2.727246861102785025e-01,5.648491186135742304e-01,5.576445861582755015e-01,7.611788128479369808e-01,7.906974375636474095e-01,3.316884499441232759e-01,7.110325941200505984e-01,7.152900093134038073e-01,6.257356472168942307e-01,4.235309825688026719e-01,3.539478262687488219e-01,2.798000643306957635e-01,5.852083828200784765e-01,5.046718302851056492e-01,7.025940279473239514e-01,5.817769941796587796e-01,8.601653800839262898e-01
9.172744774824598268e-01,6.419613590026329586e-01,7.494361598863582552e-01,9.083076682054807005e-01,0.000000000000000000e+00,9.204210514330202209e-01,2.556767309235044028e-01,4.272455710048816968e-01,8.603157921967358179e-01,6.672827645452821255e-01,7.974132230633994567e-01,5.670793974123273795e-01,9.685378447955654835e-01,6.607477645842898539e-01,2.125085871660247205e-01,4.157653428782603910e-01,6.033684453096970213e-01,5.254922544370688176e-01,6.165051354920626503e-01,8.136169123343790499e-01,8.261221015418719338e-01,4.672610043873996477e-01,8.815200613446257938e-01,7.286010556303075258e-01,1.110101981254293935e-01,8.180396796793220071e-01,8.039254638209398784e-01,5.782618730138310292e-01,4.301544135097276067e-01,3.742089800847610004e-01,1.612576648386173372e-01,2.817962289549083010e-01,9.810228931152151777e-01,8.941905471481005341e-01,4.054421821340108423e-01,-4.497265937023706139e-02,1.451909012601315663e-01,2.347039960003826364e-01,2.866865494018666638e-01,7.592624369744385149e-01,3.207881097250578906e-01,4.015126279672069365e-01,9.496516783803305994e-01,7.534530526631915137e-01,7.008517707434701594e-01,9.685291646847473679e-01,8.217500897346966537e-01,3.369846773476816715e-01,3.927268560300973821e-01,5.798774538266023848e-01,6.698281795035995190e-01,5.077471029876671205e-01,5.423153324613523285e-01,2.331036080761249851e-01,7.059594616861566418e-01,6.923320639253182085e-01,5.942224054600353522e-01,4.601607376703648056e-01,7.356749475901053215e-01,7.267134835727377951e-01,6.458014746771330028e-01,6.151568229568129542e-01,5.797255555901466018e-01,2.848659347408822873e-01,6.333195477149967667e-01,2.188914670063425993e-01,6.852313302766257497e-01,8.831996781587255763e-01,4.907706399345308501e-01,5.587169925819421845e-01,7.094499078917531065e-01,2.382966588204725178e-01,2.354334967676169899e-01,3.348250296243184820e-01,1.636221332194596201e-01,4.842587752167309412e-01,5.268625263448818430e-01,5.337539245766127483e-01,4.295562423315967271e-01,2.443488434137265908e-01,6.163511282607109232e-01,7.107311117819326007e-01,7.951020512438747856e-01,6.898651875689117141e-02,5.672334807536548729e-01
7.476719205316731953e-01,6.399072167875048400e-01,2.652691687529680764e-01,9.573173009598137106e-01,9.204210514330202209e-01,0.000000000000000000e+00,5.014948547011961466e-01,7.349994081351572950e-01,5.456247322974623337e-01,6.568901967956284338e-01,6.777601592091132554e-01,7.509693126500016636e-01,3.135553003935519500e-01,9.105184644080560608e-01,2.217448502927309717e-01,2.790809516513705346e-01,6.506537460436646603e-01,5.474674100526943921e-01,2.497872081911892139e-01,3.515249611750754788e-01,2.140208475045987935e-01,2.186718530108445191e-01,6.118295766294337135e-01,7.721925372146781763e-01,6.186917104455630367e-01,4.080393613235559491e-01,8.194528608387907642e-01,4.294260236480761939e-01,4.204043147048378559e-01,3.600681694581212566e-01,3.758632623300084408e-01,7.703625539119891563e-01,4.633766766121088510e-01,5.267167256071361159e-01,3.911714157351529053e-01,2.150802939990827112e-01,3.594470477852387824e-01,6.950078928285812196e-01,8.820318852053172787e-01,7.101759589603297007e-01,-1.621642762920426084e-01,8.370304728135991024e-01,9.126332738509256304e-01,6.093772528391309118e-01,9.848586455059845646e-01,9.698599918000726516e-01,9.705467082851942928e-01,5.576804297788027220e-01,5.874075883691659561e-01,6.872292563524856623e-01,5.502590946157392970e-01,2.231409424733312441e-01,7.073981840837730850e-01,2.030282134487041701e-01,-2.355138704838495856e-01,9.481305473540885265e-01,9.642158312441506673e-01,7.592517396558966514e-01,9.928905348528664909e-01,7.256913110032197078e-01,1.748657887980923920e-01,1.374792366334243732e-01,8.130670977137328670e-01,7.344669560528092056e-01,3.424921346703743152e-01,7.112402764989913528e-01,8.923844532790662365e-01,7.799158792783296157e-01,5.904441439108969458e-01,3.408599617906029611e-01,8.518515140356074378e-01,7.665884810825783768e-01,2.926746302544742939e-02,1.522177589062003733e-01,2.866779250308720828e-01,4.955151882189206547e-01,7.755056675365610275e-01,1.536980039458279435e-01,7.552622688712351540e-01,-3.076724130753916153e-02,7.646357679893178716e-01,5.595677993260598226e-01,9.665648304377012501e-01,4.155127619510702308e-01,2.494963229248590708e-01
8.422654540462206629e-01,7.698627084244112906e-01,2.815677280535827665e-01,7.610490883697468290e-01,2.556767309235044028e-01,5.014948547011961466e-01,0.000000000000000000e+00,7.892080841394103485e-01,2.197712155369649645e-01,6.672963360418839862e-01,5.530717783665654030e-01,7.955477277463155472e-01,4.936617144247303912e-01,5.815112888834512717e-01,5.589841355676389290e-01,2.836233627733584228e-01,4.996323781929471464e-01,4.465571731829000579e-01,3.588522492528737340e-01,5.803040590137152899e-01,8.130058749715111110e-01,7.070856860965217816e-01,3.451505788991582335e-01,9.233275001124690018e-01,9.781086660680030076e-02,2.917865902752148077e-01,5.658653065691947592e-01,3.177567438342906447e-01,7.409293018393096064e-01,5.839530761877013143e-01,7.255377036218968456e-01,3.642739516917485876e-01,7.692453506774415972e-01,2.568566577772411486e-01,7.907951772402501689e-01,5.163369774164960901e-01,3.825513879514989002e-01,4.498618171506892915e-01,8.235324142874250741e-01,3.849620500677307655e-01,5.365851761216622329e-01,5.709545684820050981e-01,6.770000740846935372e-01,-1.744572773653786102e-01,6.759284494281616595e-01,7.797768961740396687e-01,5.883271951951172252e-01,4.468245255020608098e-01,1.419143459804562413e-01,4.139161797849399971e-01,-1.862417478854651587e-01,2.142625862632688283e-01,6.082031446092488469e-01,4.768702465576044047e-01,8.340390625021018023e-01,5.648072175556944075e-01,4.330154765982467402e-01,5.022674820899371007e-01,8.616729070525142031e-01,4.508789815073375729e-01,3.243909174630824621e-01,6.572371906213960724e-01,2.825821647511104207e-01,9.279026225850243170e-01,7.743696985052901383e-01,-1.821625358001925377e-01,9.480767016625346599e-01,8.357701037226503704e-01,2.006256406208893894e-01,6.716054446010721879e-01,8.636415489364512865e-01,7.648062337409886613e-01,5.086809750740922675e-01,2.259858808022097432e-01,4.450869681920592846e-01,7.757939309989975163e-01,5.078832001765535287e-01,3.914601573975541315e-01,9.535429052255860183e-02,2.708814685794482813e-01,6.134050934669101895e-01,1.856867467431173591e-01,7.565198503770375060e-01,6.562199705534697003e-01,6.495168506870864222e-01
7.327292123285453762e-01,4.247154906001129882e-01,5.090601839175177279e-01,2.049128490396316393e-01,4.272455710048816968e-01,7.349994081351572950e-01,7.892080841394103485e-01,0.000000000000000000e+00,6.380916692571654281e-01,6.166172987391494997e-01,2.215652393534237319e-01,4.833050600041215450e-01,6.865917435589796725e-01,4.812983536014957542e-01,2.177360711071479327e-01,5.707744314377741768e-01,3.323992876735528679e-01,4.682251753747419531e-01,6.583997140859659813e-01,6.327035075782211360e-01,7.614278516846885170e-01,4.716289754118295208e-01,4.388693099180889234e-01,6.715780949339807959e-01,5.267946683240349870e-01,3.022933232542921456e-01,5.716195547601347071e-01,7.337108151429814207e-01,2.643953386877065936e-01,3.834562168957912354e-01,3.050869340588947543e-01,-7.453949579715180018e-02,6.290644449477545974e-01,3.133450354181323005e-01,6.233013664816103860e-01,2.031217107037218139e-01,2.773890076538352290e-01,8.161963055078059748e-01,4.935950038702241471e-01,5.794563388194523545e-01,6.009292684356115632e-02,5.623685080594792440e-01,7.105743195395590739e-01,6.492793597326050881e-01,7.861879533748229454e-01,7.708960431207256825e-01,4.487629554114981878e-01,2.758730912593108098e-01,6.256010418659400107e-01,4.763002095997823093e-01,6.319810397801343127e-01,5.862172732499215666e-01,7.977686476437826357e-01,5.515045583655479033e-01,6.367862004064458459e-01,8.537814291042610249e-01,6.239019835061148100e-01,5.609204500916871172e-01,9.311543313669710109e-01,3.131558065678760050e-01,7.310717800452155857e-02,6.633632727616667335e-01,5.784589696296860151e-01,8.746020980313140569e-01,4.075028647387675673e-01,6.488208026417647822e-01,4.786128050854119853e-01,9.759476153064174930e-01,6.883548200039552034e-01,2.031640212378562904e-01,6.882419644771919920e-01,7.520101756265696880e-01,3.656761563175070506e-01,7.003046717490878370e-01,6.694952730391038331e-01,-1.265458811580176535e-01,2.618818198934156904e-01,4.084989765385174665e-01,4.663699792411067357e-01,6.749643133921879867e-01,4.953334780732717713e-01,9.733740706677217469e-01,7.185072981702074202e-01,3.516187106119971206e-01,6.731154714683502682e-01
5.442512229445439775e-01,7.569762608382974989e-01,5.123004256185911265e-01,4.944999706445670218e-01,8.603157921967358179e-01,5.456247322974623337e-01,2.197712155369649645e-01,6.380916692571654281e-01,0.000000000000000000e+00,7.936152493759534021e-01,4.710335342265857261e-01,2.545071196111218237e-01,9.497645480626171199e-01,4.161802967373173234e-01,4.227402437300240567e-01,9.360461258504182425e-01,6.717186539321601257e-01,9.144298350429695965e-01,6.490283583058749084e-01,4.356251564635942319e-01,3.181531510266821794e-01,6.006405030316527283e-01,5.621188719451907234e-01,9.892637865860085533e-01,4.998922280672277174e-01,6.042623286752055733e-01,3.748554173494589303e-01,1.986566702328802780e-02,5.749477491817528430e-01,2.060837423176386241e-01,-1.113103360252787749e-01,4.950317924847781326e-01,4.469825137821769601e-01,5.674609851215953737e-01,1.545476565442770456e-01,-9.232438679185636654e-02,5.795959392620133599e-01,3.197263715466139855e-01,8.004824577986293654e-01,4.005783131433628963e-01,4.244635746795082931e-01,4.834422360281116493e-01,3.897576236265928307e-01,5.930499015171186716e-01,7.727590678877834796e-01,7.459132900766960450e-01,3.608612525894806522e-01,1.872657749666777338e-01,3.319347504625025924e-01,8.783676743221864591e-02,3.810525940708045511e-01,4.856974413704445159e-01,4.588273750083414204e-01,4.408998313484231990e-01,7.298928597859075662e-01,8.050713852074146137e-01,1.048963405055679393e-01,7.479170948770924587e-01,2.257612819976043683e-01,3.626466920341093747e-01,2.122973781534425244e-02,4.740021483225845267e-01,-1.669240984023601104e-02,3.831194664983517129e-01,6.501092674339328248e-01,7.352867617544988077e-01,7.309897972769907604e-01,8.430483085693792900e-01,5.833307543394159467e-01,6.386875591161738086e-01,5.042922188850915699e-01,6.400096219199166159e-01,7.000369105514590018e-01,3.265050758979783779e-02,5.041567563402937768e-01,3.666341939279625928e-01,7.826654807088258003e-01,7.541136248064430614e-01,2.146917106678720988e-02,4.942078490040840988e-01,1.196019521719274697e-01,9.171940835879992537e-01,7.328786468603610826e-01,6.219278985607219479e-01,6.951531136139567080e-01
9.961827561353366889e-01,6.688481565482616853e-01,9.872696937991286559e-01,2.690274605068728730e-01,6.672827645452821255e-01,6.568901967956284338e-01,6.672963360418839862e-01,6.166172987391494997e-01,7.936152493759534021e-01,0.000000000000000000e+00,3.052276292275595271e-01,7.839934166768508517e-01,6.450162730171429271e-01,7.770847440830621622e-01,8.233057995524311057e-01,3.688794766949493042e-01,5.152701190907253981e-01,7.699878032064968458e-01,6.056700152723260011e-01,8.223575763196250277e-01,4.544898483816777190e-01,2.687095862250269418e-01,2.088512149739265300e-01,9.343503369483603382e-01,5.873029938174090248e-01,7.825419849081047818e-01,6.330913711512184960e-01,7.265294146429455147e-01,6.600846269527064214e-01,7.612129730979875220e-01,2.500828457518683434e-01,8.791330498429998919e-01,5.293394080388695855e-01,6.489609915176504096e-01,5.102811931979569504e-01,5.731599735098631410e-01,3.990051732434298781e-01,6.384852007600211321e-01,1.117844652759105301e-01,2.852219202713112134e-01,4.335513922311958757e-01,8.623847953927878951e-01,8.865793809523185853e-01,6.206409031044021196e-01,6.243080106580780608e-01,6.346483282921573377e-01,7.063089722344155774e-01,7.702596503250680460e-01,6.214570933177666623e-01,6.042042681578891905e-01,7.972770084793088241e-01,7.705601087995078702e-01,2.548626819225137119e-01,1.019537374020496046e-03,8.026249666467559774e-01,6.048148408154789823e-01,5.586296066980769304e-01,8.354542707948883207e-01,8.550572025844408452e-01,2.181926268574535810e-01,2.709355395401163991e-01,7.335615835237070392e-01,2.509408879544716697e-01,6.386259698881751046e-01,4.529680296965480912e-01,4.248030381722576743e-01,9.620312865580419315e-01,9.828795954059071915e-01,6.421606644507682482e-01,6.342949711120879908e-01,6.039441031203196530e-01,5.883806758494820599e-01,4.163064917144481680e-01,5.206193283654874104e-01,7.856321223898535822e-01,9.777798788143208242e-01,6.949324324352448290e-01,3.962867258234795687e-01,4.834632267728852795e-01,4.457506635860879474e-01,3.969372494902224657e-01,7.196201553720265043e-01,6.841221452349941501e-01,3.445394319588901411e-01,5.414612370641845862e-01
9.822384846211320575e-01,3.352348830499006782e-01,8.148061588676126510e-01,7.506568354706777413e-01,7.974132230633994567e-01,6.777601592091132554e-01,5.530717783665654030e-01,2.215652393534237319e-01,4.710335342265857261e-01,3.052276292275595271e-01,0.000000000000000000e+00,6.763999339394796140e-01,9.570272613858796795e-01,5.449109762835465665e-01,6.814204321030586931e-01,9.969554048095813359e-01,2.581195605932470327e-01,4.156391484693672811e-01,7.571248929366334313e-01,6.481075987342874711e-01,7.839960811707272770e-01,7.232146911290219249e-01,7.581351787552716992e-01,7.984584653390176534e-01,6.261472461494116404e-01,4.578658613821072754e-01,7.501814713567368509e-01,8.945428856201966816e-01,3.080188250913730164e-01,4.995898141978785123e-01,5.966711686951902127e-01,5.121268167572826657e-01,7.641717212267334913e-01,6.511603143468216448e-01,7.350351004338009364e-01,2.792758106845494304e-01,7.252334178211361504e-02,2.846688352975961789e-01,5.101765339282462453e-01,7.307364812248887675e-01,5.948166418592416571e-01,7.381516332918507395e-01,7.818611507282113848e-01,7.900282584045140721e-01,4.958827682025109262e-01,4.886969899766344660e-01,6.130499308692225480e-01,9.335150582715789902e-01,4.799883612837266833e-01,5.926700756481139143e-01,3.354925507050577904e-01,6.982659211277224554e-01,6.939439308245213267e-01,6.001461825351895873e-01,6.810589351285651905e-01,6.643201261315873074e-01,7.342901998130688668e-01,6.093985897250701056e-01,7.250633083109068178e-01,4.565831769723127098e-01,3.639767801501098687e-01,6.519974008175615232e-01,7.080138449266700773e-01,3.635718368333312744e-01,3.268126438454538318e-01,3.145965855359158514e-01,7.443931974834954168e-01,8.626622372865652144e-01,1.716100896581355950e-01,3.749592506979427253e-01,7.906268679895028795e-01,7.783182362806804200e-01,3.548693376302330948e-01,2.889781967039743993e-01,5.415420445538076111e-01,6.199967054669303090e-01,7.288224982600722823e-01,5.069481635257888641e-01,7.627864879029933043e-01,1.812596462094042959e-01,3.673833884512104353e-01,7.374841052078322523e-01,8.897522554750059154e-01,7.920142679638907390e-01,6.884794012398353091e-01
9.389961620165163669e-01,8.161405540451055485e-01,8.971945361258865104e-01,4.301648898562069889e-01,5.670793974123273795e-01,7.509693126500016636e-01,7.955477277463155472e-01,4.833050600041215450e-01,2.545071196111218237e-01,7.839934166768508517e-01,6.763999339394796140e-01,0.000000000000000000e+00,8.480784781366402791e-01,5.435460886280092385e-01,4.774019806661470300e-01,5.391918330554424932e-01,6.199214910742139040e-01,2.803298808194122915e-01,9.395173378864796199e-01,4.127683326733048719e-01,7.916819045899070595e-01,2.526801827853869531e-01,8.688747047065994433e-01,7.955730483298852906e-01,7.820441091371822528e-01,6.334795202264561498e-01,8.625618844179046008e-01,7.168904714278527823e-01,5.235142578164708738e-01,9.616103006559487687e-01,2.285583728004002002e-01,7.059202980530984162e-01,7.001998303085009701e-01,6.992161713066642470e-01,7.305887847170823290e-01,3.134917516324896014e-01,5.030190746633385057e-01,5.813592435570483774e-01,7.510225274689165120e-01,9.720676103564880322e-01,3.597303132546642024e-01,7.376200661260027269e-01,1.494201614645065436e-02,4.045486296676159554e-01,4.434349207776743240e-01,5.209843191738954271e-01,5.360695771467891557e-01,6.386460286303156098e-01,7.652516910963127472e-01,-2.189804567848357975e-02,6.132487496212989386e-01,6.038738365616842518e-01,2.703951301762924642e-01,9.752761594263449352e-01,9.849646006463691483e-01,6.008561099484284185e-01,5.687039340783028862e-02,6.748641635730554533e-01,8.717339508669296189e-01,1.810206351088551047e-01,3.051998935860540385e-01,9.405504849006883772e-01,9.910434645804510057e-01,6.117517628601656376e-01,4.348201026307805250e-01,5.590528134161312224e-01,7.165006747569020451e-01,8.362513898283370217e-01,-6.930712337235994669e-03,3.374614096518957929e-04,9.219830104598056852e-01,3.532906968468476627e-01,5.396483215372092079e-01,6.851843434250576292e-01,2.067340959891754704e-01,5.070867892665852361e-01,5.362625065495549848e-01,2.655771084528403825e-01,8.612779586677317412e-02,4.002951157464819665e-01,7.287111292715019173e-02,7.430487942395694878e-01,9.225330875238941797e-01,2.820369722567619419e-01,8.635604786293260560e-01
7.318312845533061495e-01,9.193224780146197483e-01,9.662827303979363291e-01,6.741787016754035022e-01,9.685378447955654835e-01,3.135553003935519500e-01,4.936617144247303912e-01,6.865917435589796725e-01,9.497645480626171199e-01,6.450162730171429271e-01,9.570272613858796795e-01,8.480784781366402791e-01,0.000000000000000000e+00,7.024405059496477977e-01,8.813613631474456200e-01,4.742830146743259312e-01,7.254012452438798331e-01,7.055491761906969306e-02,8.187312815926511833e-01,9.440074851282590496e-01,8.163675946204242972e-01,5.252941718229279244e-01,9.181363417496050117e-01,7.680786773521154354e-01,5.780341591829806225e-01,7.272668342920847184e-01,7.476007136443678647e-01,5.087862398107514394e-01,3.355055639179037597e-01,3.662029343357665057e-01,5.883829971245206902e-01,5.238621728668139133e-01,7.324749036469332397e-01,4.459769799051089834e-01,4.822854250742188986e-01,2.207962061955466293e-01,5.129657824092754836e-01,4.727945923914580462e-01,7.083390869886212471e-01,2.484908447545131627e-01,-5.869065052733632437e-02,3.874679367327490409e-01,4.995103918425167766e-01,9.109270276619546580e-01,2.571759304138178104e-01,5.251612596457405635e-01,5.643254372201133018e-01,4.342368059470619879e-01,7.766792706293468296e-01,8.802218950069429226e-01,4.322479136895819862e-01,3.862147516234343270e-01,8.389714121737591457e-01,9.890124607042988236e-01,8.887831209227946561e-01,3.763618018239376917e-01,8.893004334672948152e-01,8.694341451278961852e-01,9.147270725359964993e-01,5.495296020617683741e-01,3.585905154527006533e-01,4.264124561546983050e-01,8.407806876829502229e-01,9.548981088105200632e-01,7.101310016704527328e-01,4.333692153774729716e-01,3.556811837062926474e-01,8.817295817540835579e-01,6.281541069137419608e-01,2.223144255352344223e-01,8.389179583873660473e-01,7.297959109963760849e-01,4.057963340893195325e-01,5.403597397539967595e-01,4.140176234409147504e-01,4.553734331542549363e-01,7.800691239649684139e-01,8.718743712216161512e-01,4.688992673035075609e-01,5.475881963504853900e-01,3.387876726495359092e-01,4.374149426836168031e-01,7.029913582461321253e-01,2.963269261835442814e-01,7.425625825369343014e-01
6.281015291534857159e-01,6.618559025254729944e-01,8.589524766960975333e-01,6.901911218914107415e-01,6.607477645842898539e-01,9.105184644080560608e-01,5.815112888834512717e-01,4.812983536014957542e-01,4.161802967373173234e-01,7.770847440830621622e-01,5.449109762835465665e-01,5.435460886280092385e-01,7.024405059496477977e-01,0.000000000000000000e+00,6.937733421105427567e-01,8.516719523492420896e-01,6.985490239308542737e-01,7.470372247521319675e-01,4.035324941821104572e-01,8.073717739876974386e-01,6.374203412537848834e-01,6.492026564048729576e-01,2.713340630763835803e-01,8.123825247730933619e-01,4.192908053451371853e-01,6.455575997380605946e-01,7.421096745369933911e-01,7.117414225224438784e-01,6.996727773582117615e-01,7.053582339705811721e-01,3.719938678381488062e-01,5.775843936063769224e-01,7.093639041031669645e-01,9.985326495190142149e-01,9.561208155598254210e-01,5.176819006187306504e-01,4.655717485127679467e-01,4.856912575809007038e-01,6.388219418151160900e-01,6.108310285854889887e-01,2.124039488174052637e-01,4.835210182761289222e-01,7.380428700821359822e-01,8.482715671824420101e-01,9.102486900230175593e-01,5.100529747543012249e-01,7.635717264189136877e-01,5.702807658731505747e-01,5.442996335560998933e-01,5.211567658350213517e-01,6.650739361978870168e-01,4.021466743681729739e-01,5.070465590014944235e-01,8.455568941661165683e-01,9.329379446440967394e-01,7.832664793900352418e-01,7.258486965403028179e-01,5.897661310203687890e-01,7.321405173697064228e-01,1.514370860092449367e-01,1.178314696397740891e-01,5.088291061291962958e-01,4.264586138887634381e-01,4.118121602066475706e-01,6.570509526036359960e-01,9.372490860890605457e-01,6.356628711224245887e-01,9.775896685526072050e-01,6.791834414353929983e-01,3.846731161591003811e-01,7.603928338436189982e-01,6.347906004286241188e-01,3.350854945121656270e-01,4.506876088120055357e-01,5.351051802857518247e-01,6.768596377488985683e-01,7.785665001108195149e-01,7.711465182397492235e-01,4.945268331929958405e-01,5.220543503345721481e-01,9.420877062509408484e-01,4.945739940557797865e-01,5.464527541200318028e-01,3.710668956062952439e-01,9.000592373684568326e-01
4.436238047216818359e-01,6.193889940525278970e-01,9.532436380143064492e-01,9.687759059981657650e-01,2.125085871660247205e-01,2.217448502927309717e-01,5.589841355676389290e-01,2.177360711071479327e-01,4.227402437300240567e-01,8.233057995524311057e-01,6.814204321030586931e-01,4.774019806661470300e-01,8.813613631474456200e-01,6.937733421105427567e-01,0.000000000000000000e+00,5.625976246098641775e-01,8.014159356422664304e-01,4.673314987285689948e-01,2.596806894359761086e-01,7.650680466465961116e-01,7.360208149981607439e-01,7.385158631723743872e-01,4.014355399638394606e-01,8.982462586726438492e-01,2.894663372160963810e-01,7.441895131063461788e-01,8.430159718451644135e-01,2.640794815920719518e-01,4.007871127939974798e-01,6.843526880897660147e-01,3.277492761771182428e-01,4.749039241228398267e-01,3.958800025263085054e-01,7.717004285330678615e-01,5.669765749170254665e-01,2.260933419257031285e-01,3.223516605720149752e-01,8.409033477973311133e-01,8.830353968874353754e-01,4.700268114157134525e-01,4.603444275288097742e-01,7.268881844409345039e-01,5.147875404530731780e-01,4.374771666680254412e-01,7.453655769063223246e-01,7.352889906157527022e-01,5.131296183125948901e-02,8.767782000448496316e-01,4.211755491265343765e-01,6.180144648069882951e-01,7.977519416706353450e-01,6.041349294652618163e-01,2.578418084733848925e-01,4.231305657575917811e-01,4.050409194454703266e-01,6.060698481664564818e-01,7.261460329022222382e-01,6.230479748621908787e-01,8.191958699264004773e-01,5.970733122142979354e-01,5.993569577159333361e-01,4.607930123181751547e-01,7.303355996891331969e-01,8.592445007329112538e-01,3.152014206995624179e-01,6.029157180313347020e-01,3.926565118125701637e-01,6.863923153561038992e-01,6.484695934269758544e-01,7.200444285411840006e-01,9.701635797249764659e-01,9.078004795303931118e-01,1.703902753701257433e-01,6.327274737560629747e-01,2.727861716589913832e-01,4.536755027271393570e-01,9.532470638316823397e-01,2.494497884694122092e-01,5.299896501925314141e-01,3.021136409590978802e-02,5.496603662564940596e-01,8.845921959110790711e-01,5.515893677855933097e-01,-1.319785514056767139e-01,3.223359112906027391e-01
6.922834703687442692e-01,5.629599968871901172e-01,6.371929155168449821e-01,7.257454649930524804e-01,4.157653428782603910e-01,2.790809516513705346e-01,2.836233627733584228e-01,5.707744314377741768e-01,9.360461258504182425e-01,3.688794766949493042e-01,9.969554048095813359e-01,5.391918330554424932e-01,4.742830146743259312e-01,8.516719523492420896e-01,5.625976246098641775e-01,0.000000000000000000e+00,8.370495914281279592e-01,9.745895400457875724e-01,5.839133108084104684e-01,7.472738487078254277e-01,6.745462299222682034e-01,4.681850740667493072e-01,2.168562998623962679e-01,9.082327771425657836e-01,4.751110016325296725e-01,3.693287840131797561e-01,3.204953050086724597e-01,7.021985769333742855e-01,6.002179003862361251e-01,2.835592234969399605e-01,4.783692478471940901e-01,4.816256439037071013e-01,4.913336363255077499e-01,6.217469632163795668e-01,7.179260150073266677e-01,3.410704126576057371e-01,5.184909939329730433e-01,2.960411218327690386e-01,9.818148645873936431e-01,5.815439045112305028e-01,6.548072533420042918e-01,9.957299727817630064e-01,5.964805239820547555e-01,6.070191253004861842e-01,8.067536177978512635e-01,7.437698745506270415e-01,1.758192861686813935e-01,8.691639463947439248e-01,3.208697812170183128e-01,7.600845741030044511e-01,4.041440538247784708e-01,3.295442083406696643e-02,5.275413082012223587e-01,5.739625137059274351e-01,5.702895250727598730e-01,7.147750691959040559e-01,5.557031976649915439e-01,7.983061565502722612e-01,9.359743546184916552e-01,7.395293196862165463e-02,7.017384679933900138e-01,7.053227090849893965e-01,6.806142284136555975e-01,8.400744666636957014e-02,9.677343069618393745e-01,3.385679208676753982e-01,4.888204533292623832e-01,7.476796750612229037e-01,6.855270958058122810e-01,6.678895185784434751e-01,7.512459562140089142e-02,2.956921356393649170e-01,5.843195741765245810e-01,5.086363832979701183e-01,2.297015273644527622e-01,5.273026656159212067e-01,8.357804238409848319e-01,-1.992869652111251555e-01,1.304772046240327832e-01,-1.724104294178570584e-01,9.954698022443384531e-01,6.966842558719013034e-01,7.635504887953503683e-01,2.948008825588197546e-01,6.613319671752060369e-01
9.525236681184899856e-01,6.418031311915772807e-01,5.183488894496919297e-01,7.460071271042304497e-01,6.033684453096970213e-01,6.506537460436646603e-01,4.996323781929471464e-01,3.323992876735528679e-01,6.717186539321601257e-01,5.152701190907253981e-01,2.581195605932470327e-01,6.199214910742139040e-01,7.254012452438798331e-01,6.985490239308542737e-01,8.014159356422664304e-01,8.370495914281279592e-01,0.000000000000000000e+00,4.991829936728368056e-01,6.333491028947880741e-01,8.203742474081228142e-01,7.020235432855314039e-01,9.840808549529888039e-01,6.288129312118906356e-01,6.165820782972789571e-01,6.697878349577970347e-01,6.981664502203860367e-01,6.453036038728737767e-01,4.976998252688043523e-01,2.701290863776616424e-01,3.370195453176362821e-01,3.206748309689125831e-01,3.988231937711805841e-02,4.273238477286273040e-01,8.314719482031101006e-01,9.716776725946384419e-01,7.563498858619821519e-01,4.325187431968817720e-01,9.009099010616716807e-01,6.102132142748434296e-01,3.756669142308592391e-01,7.287632985437306754e-01,7.440513639417108138e-02,5.769454909333320280e-01,6.566819743992734493e-01,8.831820793829979754e-01,6.622748238690271405e-01,9.363806631894324717e-01,6.944421001970402241e-01,4.208619372574999296e-01,8.798212274562595692e-01,7.434889180189937496e-01,7.130594262632855562e-01,5.483139731102300019e-01,7.435207542245833023e-01,8.658376703739538716e-01,7.156363251406364645e-01,5.934835526054533794e-01,7.765551785226522119e-01,7.832075415028163512e-01,5.916375445281766288e-01,9.374125562482867047e-02,7.576894418811338516e-01,8.457352764387927602e-01,3.898089458775657601e-01,5.089687160130291765e-01,5.760951801151480423e-01,4.910184057028820770e-01,8.192879492828288868e-01,6.279827714844699038e-01,5.173768752037838370e-01,2.555301632038739501e-01,6.604697472905436406e-01,3.096900721074450358e-01,2.265279086775655037e-01,7.254922130867528240e-01,6.629386140669878413e-01,6.961840047656440156e-01,2.490755742158064501e-01,4.164699915713583334e-01,7.679157976292550099e-03,4.981191595197917987e-01,7.581646503855571373e-01,4.268374086369272069e-01,6.659655288038758281e-01,5.628525384976044155e-01
5.629239112747570495e-01,7.147500428496772473e-01,7.002047519013572252e-01,6.758969783142265708e-01,5.254922544370688176e-01,5.474674100526943921e-01,4.465571731829000579e-01,4.682251753747419531e-01,9.144298350429695965e-01,7.699878032064968458e-01,4.156391484693672811e-01,2.803298808194122915e-01,7.055491761906969306e-02,7.470372247521319675e-01,4.673314987285689948e-01,9.745895400457875724e-01,4.991829936728368056e-01,0.000000000000000000e+00,4.588288726480044821e-01,6.448130953490632811e-01,6.292656632255881899e-01,5.321430299874774228e-01,7.725085507729421153e-01,7.133510653761599984e-01,2.315688812698477317e-01,7.990870995720668057e-01,3.233012763958492686e-01,7.554229627483655118e-01,7.868747578070707238e-01,7.822043824523756683e-01,4.904239610516444858e-01,6.638123051368851613e-01,4.439741813097490275e-01,9.828688693328252457e-01,4.343245243433166980e-01,3.994075708167648675e-01,5.490280983954418659e-01,2.081014993021356174e-01,3.776436510224978615e-01,9.727582867786485066e-01,5.237702902635420488e-01,3.046543706828802045e-01,4.041476720385521193e-01,4.163786806587695399e-01,8.046123071219566381e-01,9.866750466203738634e-01,7.505577895351313034e-01,7.558560745026206007e-01,1.289563728753060079e-01,4.833932152485443390e-01,3.559167695975996581e-01,5.361676556764822799e-01,7.553388297051960576e-01,9.375167869408497223e-01,7.630897880146720880e-01,5.060858307804948497e-01,6.225839598719359325e-01,6.935986107792816435e-01,7.649365153455074395e-01,7.469276819514698573e-01,5.876632334195904805e-01,4.651347607389299532e-01,7.744533280367058570e-01,5.322553993308875020e-01,3.154683768943822297e-01,4.850822041453201061e-01,5.284138916046312584e-01,9.279585039111313272e-01,4.947012242184777309e-01,5.275831953665321983e-01,5.969948785171523831e-01,3.817667300097812300e-01,5.492574413802112643e-01,7.980853338879321246e-01,4.433985666889771471e-01,4.365222165344989635e-01,3.718682976991872779e-01,4.463738980000113155e-01,2.025514404173150429e-01,1.087850441541763219e-01,5.186461797908170634e-01,9.218869205185644677e-01,6.823532517940613662e-01,2.538264438859489380e-01,2.016746650842689559e-01
