0.000000000000000000e+00,7.325238150248840618e-01,3.511852737926033363e-01,7.615033444400793883e-01,6.570428021509393535e-01,7.154721465578179895e-01,5.414738354999548697e-01,8.764701422739901160e-01,5.208207658101450255e-01,2.399193338929794250e-01,6.714613506951253585e-01,6.092958715126193386e-02,7.033508230863299016e-01,8.353205159796288637e-01,6.992718423426393937e-01,6.254542560337100765e-01,9.386961330882305221e-01,4.198473665025410639e-01,7.995800335698004524e-01,9.550441924603398913e-01,7.612392327188324259e-01,7.965023055300630705e-01,5.489337993834459972e-01,9.737067176234043275e-01,6.052141960297334755e-01,6.003571414445331156e-01,4.249137162254146283e-01,9.660830200121942601e-01,4.076980171653343810e-01,5.506603002905734456e-01,3.326550789055532920e-01,5.335909449182423270e-01,8.169876810077870699e-01,8.939261096052869560e-01,7.164436850613703500e-01,4.314360018562883314e-01,4.561134157052418869e-01,3.032789763862948074e-01,8.865435369237636420e-01,8.904007315922105592e-01,5.315618780358707385e-01,9.550176764941035179e-01,6.808852477808499115e-01,5.074344759184519216e-01,9.415886362619160233e-01,7.368434472271183644e-01,3.037932149480019328e-01,7.408710450657709501e-01,9.176347496716051877e-01,9.843898971470970150e-01,5.900869914584315756e-01,8.178431041632977516e-01,7.465142303739109586e-01,9.171826966023685079e-01,6.124244129068681097e-01,9.830451566166664712e-01,9.040283355697044110e-01,5.081443651568343656e-01,9.486354322009651341e-01,3.093370875952239363e-02,3.990187345265735486e-01,5.723420760474571267e-01,4.952690215147105279e-01,7.367279432015052532e-01,6.853818892095726589e-01,7.017287733641643932e-01,7.767464845226507153e-01,8.992874220643761740e-01,8.713523494873653963e-01,9.631690406387178882e-01,4.147451671204793744e-01,5.701242453582007208e-01,5.795173350416392699e-01,5.526586555087448227e-01,9.678930453698635361e-01,9.693752401947505204e-01,7.326415571087685485e-01,8.147393221929830620e-01,-2.632709692124305390e-01,4.400898154633179349e-01,8.967804612594028058e-01,9.415364285248937204e-01,7.889091415730251633e-01,3.317312072349964946e-01,4.741643841235061996e-01
7.325238150248840618e-01,0.000000000000000000e+00,5.319744550769115454e-01,9.982051159783354999e-01,7.302384810269304527e-01,5.643790213366444153e-01,4.081802016755431417e-01,5.637562780125596751e-01,5.813893812436727870e-01,3.804268392059765302e-01,7.295857474867369907e-01,3.435423110047827189e-01,4.511049520217487729e-01,5.282834967177302277e-01,7.147606477271858383e-01,4.202058092570634673e-01,4.251001725749261051e-01,7.222149070038218488e-01,5.189278271463133585e-01,2.099788065650854407e-01,3.850376558064791954e-01,4.997221473142307580e-01,1.264632058915297619e-01,9.126617828854058923e-01,4.483394399768499961e-01,8.050631052491075135e-01,4.749287458188712341e-01,5.172008060386590333e-01,1.429057441551128405e-01,3.035357331602411279e-01,2.527199821106161925e-01,7.553397750556705148e-01,4.155974608251138402e-01,3.821790220154297479e-01,7.368891841303020218e-01,4.148817423292363027e-01,5.509338579201315117e-02,7.898480013330339000e-01,5.971202737128490368e-01,4.240486004301770584e-01,1.800980623553152804e-01,4.320587542806307302e-01,6.341660114132697812e-01,9.634862088604664310e-01,3.336037141615919577e-01,9.023409885858917345e-01,6.810270351189788851e-01,5.638590165720730463e-01,6.726396424216866121e-01,7.450641207018313672e-01,6.532401469596306187e-01,6.156930777700319046e-01,6.519193238682291502e-01,6.732145070223030103e-01,7.030351766344092868e-01,9.610319322948520648e-01,5.082953582549664118e-01,1.767171156345782590e-01,9.465705038244024427e-01,3.639898073718298432e-01,5.974525146699665168e-01,7.718719268276210688e-01,7.861823529361440244e-01,5.321999215122102944e-01,3.632055152151659194e-01,5.066237755454778835e-01,6.546175374611725717e-01,7.004730538315936395e-01,5.922744275419269400e-01,7.394621896730685373e-01,6.659506448001730750e-01,3.887824405087185742e-01,2.593246200451084782e-01,5.127438279368797813e-01,4.429840552593476422e-01,2.214224071402448035e-01,9.250852114215553090e-01,6.210668331680561094e-01,2.059769514413647695e-01,3.343607460373103635e-01,2.092112761933936915e-01,6.252185601233727352e-01,4.712358827890271717e-01,1.812696225898319802e-01,7.678069919875093463e-01
3.511852737926033363e-01,5.319744550769115454e-01,0.000000000000000000e+00,8.756315992211147758e-01,8.594415026285097126e-01,8.431032828774245313e-01,6.822601067851770118e-01,8.948444074550607752e-01,9.262113717521799350e-01,6.730695922235903073e-01,7.068066753666150115e-01,6.828199980203439878e-01,6.237974761117709432e-01,8.544562258460425275e-01,8.637642061761221512e-01,3.315735112695979425e-01,9.982047436284252617e-01,7.559200221597958125e-01,8.637036653544343245e-01,8.199371941236440753e-01,4.274232741021776194e-01,8.578595276629052968e-01,8.191041179540383688e-01,8.502407558076001681e-01,7.996219298204716441e-01,6.203969940433472496e-01,6.691907538601499228e-01,9.789317538117758843e-01,1.954016988383148468e-01,4.943258366395892334e-01,5.409918035175662610e-01,1.234451348101177071e-01,6.659429798373981413e-01,8.604798474606025760e-01,7.437210860188698813e-01,4.517777559283087108e-01,4.315043890267147852e-02,8.093038245209202008e-01,4.645107157875415504e-01,9.804219163111753677e-01,4.006969527370561890e-01,3.069465168053042703e-01,9.453665277810954781e-02,9.659852615288998523e-01,9.718681645946870562e-01,9.436510481049253940e-01,9.205267239438290616e-01,8.874922268392547720e-01,8.874269521403632677e-01,8.748500808995078870e-01,8.240547246601711562e-01,4.834678356114505138e-01,5.640056972825009396e-01,4.535998888702961751e-01,5.540482304398396396e-01,9.834708856739966532e-01,8.958875456547682470e-01,8.862108374764282592e-01,9.645345018979680773e-01,7.150754609136119599e-01,4.803351460622238833e-01,5.460204414096170300e-01,9.627422767792117586e-01,6.228450672032197488e-01,6.427131913236625582e-01,8.161808032060275941e-01,8.753452018097975795e-01,2.759334606846513549e-01,7.609084938323006364e-01,9.746237181100548819e-01,6.971101263690514527e-01,7.723629076453900622e-01,3.577786453287569168e-01,4.484380479590404645e-01,5.537046082514486267e-01,9.879460301082576557e-01,8.706030326912574946e-01,8.235757453038444753e-01,3.154951166237965898e-01,-2.892245315023121432e-01,7.332298665468772736e-01,8.624801090293359174e-01,8.732244413117765669e-01,4.372471430051941277e-01,7.077207470097507391e-01
7.615033444400793883e-01,9.982051159783354999e-01,8.756315992211147758e-01,0.000000000000000000e+00,7.526615980810271722e-01,9.846302817354803949e-01,5.528931261664250529e-01,5.569721346278327934e-01,6.063603650041909932e-01,5.055216805665099233e-01,8.551718171727250573e-01,7.947066896389973767e-01,7.290628350195177410e-01,8.057260243293994373e-01,7.307017516731000306e-01,6.217558327048534617e-01,7.842293675636315964e-01,6.637143630058570665e-01,6.404183176579454351e-01,7.991316918519250079e-01,5.369428381833025732e-01,7.605302823675837987e-01,1.096003204789724184e-01,8.960038157889453903e-01,7.917417549878842387e-01,7.485224810246075000e-01,5.151962422815198339e-01,7.306635106480463548e-01,5.767250669114083461e-01,5.010237010952124370e-01,5.734212403218883480e-01,4.860306495224170353e-01,9.945810218149890858e-01,5.230558650913581520e-01,9.991342089870791643e-01,4.505858367280538568e-01,3.752892149764743834e-01,7.121992742380596209e-01,6.026364172419351739e-01,7.338206391847938992e-01,5.121438299085135926e-01,2.989128807817688638e-01,9.816241666749646599e-01,7.419818551470236390e-01,6.159038502891406308e-01,2.508255852842296019e-01,4.072729378804256228e-01,8.499200468225608374e-01,3.458876451221157833e-01,7.482265814223135747e-01,7.939650933421209533e-01,2.981793980496488805e-01,4.370620762168047069e-01,7.369704824657086206e-01,3.003003434774348390e-01,7.383054528739635414e-01,7.269603503516188781e-01,7.537685709118895350e-01,4.068741907654439549e-01,5.978474913285086734e-01,7.003560134809332371e-01,6.048705351703809185e-01,7.961011363032541865e-01,5.654576938041623313e-01,8.338551605333035521e-01,9.843701570875396101e-01,6.318613882031492990e-01,5.882260405153169058e-01,7.143933307931249477e-01,5.696483015183246845e-01,3.302021709580191811e-01,7.081553779906909485e-01,4.332466000354701086e-01,1.201603337962073859e-01,4.193750158352101964e-01,5.498749313153062923e-01,2.122450734180926502e-01,4.236244091673835865e-01,2.495062883822213862e-01,2.622603186004632270e-01,2.228535077086268579e-01,5.742824791239229398e-01,8.494786368963325174e-01,2.282729899415644470e-01,5.838025055665215790e-01
6.570428021509393535e-01,7.302384810269304527e-01,8.594415026285097126e-01,7.526615980810271722e-01,0.000000000000000000e+00,4.870505289307713870e-01,7.058966721344583917e-01,7.120517204381416887e-01,5.978575361540541255e-01,4.240580082791750027e-01,7.446568938210503807e-01,6.189209354702310817e-01,9.290077098200160144e-01,7.230307441492025422e-01,2.670486127669506327e-01,7.202014767064353062e-01,4.474491432548919900e-01,3.577481996024242106e-01,2.686519380049364747e-01,3.739708617049832678e-02,7.689545867175306970e-01,7.675189725707666222e-01,6.558546835908171113e-01,7.426472355509058376e-01,5.094957525208423377e-01,4.493452344447874669e-01,6.686182750538798292e-01,6.342037763780200565e-01,1.632984171053718514e-01,3.593457807874080312e-01,1.174316482588019517e-01,4.998203370032262560e-01,4.032666496128453071e-01,6.293503696443083495e-01,7.199025748350583731e-01,2.245051373228496017e-01,1.203799302465106691e-01,7.386481712954021672e-01,4.592987170670060904e-01,8.976189478998461979e-01,-5.179322255867652158e-02,8.532975164238387755e-02,8.118764557874720289e-01,5.921195390099160960e-01,7.101228526160823229e-01,7.017009362930035632e-01,8.566578701661485828e-01,1.609576394623135898e-01,9.191261961130907654e-01,5.743734395037628504e-01,6.892470357679190140e-01,6.854108844347130969e-01,9.519674489141038976e-01,8.164147958787788539e-01,6.323574050245940326e-01,8.298110275585700579e-01,7.591153212480947765e-01,2.610100559712471013e-01,1.518997562111490396e-01,5.080590016766540762e-01,3.907077194535809039e-01,5.295721626298819373e-01,6.051126873883432289e-01,8.011016683941052374e-01,8.874499386263585698e-01,5.666963897618562118e-01,6.499663372022069785e-01,7.672678789098702490e-02,6.637609228687126883e-01,4.268419243040448841e-01,2.065897858838163514e-01,4.340144427533744187e-01,-1.118821645628631650e-01,5.336110316594906422e-01,1.860885426152757427e-01,2.045373802754236192e-01,4.416875812529720280e-01,5.413561193695783924e-01,2.951332254986546166e-01,4.453829323046039623e-01,4.346503277956215716e-01,9.807148381892547562e-01,6.057368912314773368e-01,2.931199671964830333e-01,6.417227305118471392e-01
7.154721465578179895e-01,5.643790213366444153e-01,8.431032828774245313e-01,9.846302817354803949e-01,4.870505289307713870e-01,0.000000000000000000e+00,4.858459208474718571e-01,7.895017529347672092e-01,4.596464870987355122e-01,5.486481995766855357e-01,8.165820840632703748e-01,6.766636204532414656e-01,9.933871403272342970e-01,5.300096951315185212e-01,6.205406168096342379e-01,5.080895004441632334e-01,9.281652147136615350e-01,7.173490716478884144e-01,4.227261945637188489e-01,5.857522440887781290e-01,6.261126875917042423e-01,3.097910417143265871e-01,3.345039571861426198e-01,7.914769684450939646e-01,5.301491467401125979e-01,5.914343832991686423e-01,6.079658319476602957e-01,7.821993565354088407e-01,3.355637248598005717e-01,4.473615722510341230e-01,2.655519390034710159e-01,5.625135611803203650e-01,5.972950251101027952e-01,6.217015360854415418e-01,6.387213798696240730e-01,6.114972537872989111e-01,5.593515684303403956e-01,4.514903673343127477e-01,6.008171374647295337e-01,6.412537067608564678e-01,5.544741481328596677e-01,7.297706672901258518e-01,7.978661085383048635e-01,4.577746824166235018e-01,9.646821958611069281e-01,8.468370280546193563e-01,9.362079133047920276e-01,3.903355673617892041e-01,5.855422771013391037e-01,4.152234527051010260e-01,4.046971536379494472e-01,2.441201306013380257e-01,8.111502381425607089e-01,8.840310437552377776e-01,9.955836409320810709e-01,7.499255959655076742e-01,4.954150807360822584e-01,9.336679160768709407e-01,6.819474202900077664e-01,3.929916361891538923e-01,5.033733817196873739e-01,5.298106896394612075e-01,2.267549188181297581e-01,7.759035239242821902e-01,6.154675769797258722e-01,7.979573307375000812e-01,5.959717772022692373e-01,4.550751875384260736e-01,4.014484814751113073e-01,3.157450900099311175e-01,9.498322307887879790e-01,4.124533221974995834e-01,6.443746089437206725e-01,3.618171674300728613e-01,5.857378004573733365e-01,4.269321290854845574e-01,8.480065630069010263e-01,3.632965323174557892e-01,2.998570944141357164e-01,8.827016025638612096e-02,2.452175682715331539e-01,7.590442479113248542e-01,8.458323850230118346e-01,7.911886480354723972e-02,5.802465777653293966e-01
5.414738354999548697e-01,4.081802016755431417e-01,6.822601067851770118e-01,5.528931261664250529e-01,7.058966721344583917e-01,4.858459208474718571e-01,0.000000000000000000e+00,4.783438329387648680e-01,5.798008980740244622e-01,6.577832870072694016e-01,9.381880945999741817e-02,5.109775917610482887e-01,7.082636782009772425e-01,2.920710470421122862e-01,2.606143528555054378e-01,7.354785937701380921e-03,4.955492282636315138e-01,4.132441128842808120e-01,3.822056784454622713e-01,4.117294468563827414e-01,9.575124510356998186e-01,4.357032538233336361e-01,7.115751498930681374e-01,8.438332838570852257e-01,4.305028140972582684e-01,-1.443697024164539155e-02,2.873900582737901610e-01,7.408188127061994255e-01,3.490852060620703301e-01,5.870115957878785373e-01,2.331086330713571242e-01,7.436863136877851499e-01,6.081748222995778663e-01,6.292348846765306591e-01,3.959890130161000110e-01,6.818375189559142679e-01,7.097389435460246809e-02,6.727365977936989871e-01,4.900038732812271314e-01,4.353471570966067627e-01,6.317406066955346677e-01,7.111043936465293314e-01,7.646150625968473058e-01,1.881504817753481829e-01,6.581510617055608137e-01,7.123781295838659267e-01,3.073583438860000294e-01,6.898220738098296279e-01,5.762645786840114859e-01,5.660893666067958740e-01,5.138294890927781466e-01,5.661133403639163619e-01,4.469478631536040192e-01,3.921439140552209768e-01,6.939885848532654222e-01,6.054841971565652625e-02,7.574911410298340586e-01,2.774899730564605038e-01,6.292886609549861454e-01,5.787048654490482003e-01,6.589679746345379341e-01,3.009709795123119980e-01,3.586421957346237477e-01,6.651302109568426602e-01,5.174154862498638874e-01,4.335222143587487698e-01,6.407291746017519385e-01,6.840806086198626401e-01,3.234145202086586290e-01,2.378118423578686191e-01,4.883599682255096441e-01,7.074391058176943137e-02,4.625752413161885457e-01,3.673298675194357488e-01,5.265087145541343938e-01,2.410386882727074132e-01,5.500270281691305163e-01,8.281047046912795584e-02,2.085536934040079227e-01,1.244246918738581703e-01,5.762202285307675975e-01,7.437000049340657393e-01,6.877867959646286611e-01,2.025697257832805298e-01,6.433321917429825065e-01
8.764701422739901160e-01,5.637562780125596751e-01,8.948444074550607752e-01,5.569721346278327934e-01,7.120517204381416887e-01,7.895017529347672092e-01,4.783438329387648680e-01,0.000000000000000000e+00,4.297613354206228919e-01,2.247901269634529908e-01,5.093410590926524817e-01,7.627331264557299928e-01,2.467417587744623886e-01,7.698812142258338875e-01,-1.021500885702966155e-01,6.346544129816954483e-01,4.491046648612019299e-01,1.099984889497890306e-01,4.015349226556721440e-01,7.979240849943411984e-01,6.232638076796300775e-01,6.103404754714335523e-01,6.725039494822068198e-01,8.117709617009213341e-01,5.817773718303385078e-01,2.711110001001321157e-01,4.717847512773343244e-01,3.651954718407591782e-01,6.912436380811994852e-01,5.539655310903668362e-01,2.975325307904103100e-01,6.184708701685029952e-01,2.881148982722318008e-01,8.668950671572690503e-01,3.980560209525888515e-01,4.032490945156101403e-01,5.628100366018922163e-01,1.366860715543248839e-01,6.566172339402911451e-01,5.726593346178089350e-01,7.463638917183119670e-01,5.741774748934096451e-01,7.005997178113274604e-01,4.336017735644937532e-01,3.300872900953555900e-01,4.177771205733016822e-03,6.566555982664811220e-01,8.884359086446327325e-01,1.769288984218795463e-02,7.776209098886525117e-01,2.185070732819801020e-01,5.965377708868506712e-01,2.990050679726592997e-01,5.898225879350276202e-01,4.401830748837129992e-01,6.522266933496562169e-01,5.521215720259082804e-01,5.327175060760832581e-01,7.786668067674755722e-01,3.559142616933365089e-01,4.156522657119673947e-01,4.596106499969394577e-01,2.497950225690178105e-01,6.695679938251618557e-01,7.900548887148435284e-01,5.940328901040237142e-01,5.891450423926255509e-01,2.853024605209270037e-01,5.821539118262895052e-01,4.052131509547286514e-01,4.005470747313349955e-01,4.612803851493965657e-02,5.230258758935317775e-01,6.565391961077181593e-01,4.528525729942369793e-01,5.390683791830020999e-01,4.320458303185302773e-01,4.851826577066121748e-01,3.339926607252275970e-01,6.035601753483850473e-02,5.691976651301441370e-01,7.709460783728233624e-01,4.010768467224093969e-01,2.192163543742808307e-01,6.245422359186971750e-01
5.208207658101450255e-01,5.813893812436727870e-01,9.262113717521799350e-01,6.063603650041909932e-01,5.978575361540541255e-01,4.596464870987355122e-01,5.798008980740244622e-01,4.297613354206228919e-01,0.000000000000000000e+00,5.579311635806988301e-01,6.904789195805903779e-01,1.410191391801788596e-01,6.474623722157089034e-01,6.755632248248105709e-01,2.150092822888128863e-01,5.797344592145982078e-01,7.401024175965207341e-01,4.366846449001185460e-01,6.715835674269865496e-01,8.023354299593659089e-01,8.815382251422869686e-01,3.692342289087992557e-01,5.568015229689075030e-01,7.911174366758210175e-01,2.159502146134331668e-01,5.094431995666145463e-01,5.198975442438398264e-01,4.698506909816526078e-01,5.144922665905203862e-01,6.399820275575106299e-02,2.890561004693764091e-01,3.970311626412073025e-01,6.206019458778928577e-01,2.056889674778446808e-01,5.279015276759090325e-01,6.033292012405209320e-02,2.210087003289322172e-01,7.736041090567395972e-01,9.172943797442254521e-01,5.213555189761489572e-01,5.494888379830781266e-01,4.093818284286989684e-01,4.613511666317877680e-01,5.601371148967146940e-01,6.539269476546365478e-01,4.958483054382425981e-01,6.011028664573110358e-01,5.932801521787784971e-01,5.492208528613680141e-01,7.369535891460679000e-01,8.123123590959876461e-01,4.508762143325990845e-02,8.585806474511226138e-01,4.000150875151837759e-01,7.162663023173904131e-01,4.369846832868707898e-01,4.848420259119443076e-01,9.567150953921542689e-01,3.691694854976292905e-01,1.410022421552903638e-01,2.898843308203499780e-01,5.771664392512337871e-01,5.231529709692369634e-01,4.416137746581990653e-01,6.190588283907586531e-01,6.171023084585807172e-01,7.226971176768206551e-01,9.859579675173442137e-01,5.065013310120752843e-01,2.724737245103420746e-01,8.344701428183761704e-01,2.940084965876557654e-01,7.132727411126366102e-01,5.973296414845992164e-01,6.956097163049275167e-01,9.574335270378215856e-01,4.750277479034129557e-01,6.723276463604654918e-01,2.271867584750895119e-01,2.384797301558840565e-01,6.852478630862803843e-01,9.558302859274231400e-01,-2.512113910506652559e-01,5.679572000999638659e-01,8.141915686465788227e-01
2.399193338929794250e-01,3.804268392059765302e-01,6.730695922235903073e-01,5.055216805665099233e-01,4.240580082791750027e-01,5.486481995766855357e-01,6.577832870072694016e-01,2.247901269634529908e-01,5.579311635806988301e-01,0.000000000000000000e+00,7.499882956871559703e-01,3.949826902557604935e-01,5.493256063796747579e-01,8.093519301178592196e-01,7.645395892338686661e-01,7.833255246445780529e-01,6.277329244846377998e-01,4.399485730280616735e-02,1.930254673597571746e-01,5.671622190497089822e-01,8.650954539967383727e-01,5.084666421519747903e-01,7.868564998144649270e-01,7.066053215744305671e-01,3.995277585113692354e-01,1.555651595129862175e-01,-7.747138109359420766e-02,8.626221045376420982e-01,7.833668092463652588e-01,1.434326428175862200e-01,3.096733179491218402e-01,1.685879787404861163e-01,5.804381627182756409e-01,9.786751684244755500e-01,6.583276295013061885e-01,7.110819411522667499e-01,4.641662727110669184e-01,5.657960473728120832e-01,6.695522964071481953e-01,8.979566699942477248e-01,6.296517084201541659e-01,7.313682346097823972e-01,8.394229040271523612e-01,6.619469675730853542e-01,4.935939481309465915e-01,8.712850975584360835e-01,5.264607787570372427e-02,7.753872035453979183e-01,4.563928905826697413e-01,3.330260642732209009e-01,4.978082650288425670e-01,1.218524798496689598e-02,5.354802173806951782e-01,6.022056372439871241e-01,2.006077741919443935e-01,3.701188270608783415e-01,6.745960448613136373e-01,-3.818340476725005650e-01,7.579359621424945903e-01,3.521378740041928301e-01,4.603102364430605720e-01,3.380861386457615358e-01,7.910695123258293382e-01,7.578861243922119240e-01,6.438392650033771814e-01,5.639757049198512728e-01,3.191010317614350611e-01,2.493241775255368164e-01,6.565192509251929209e-01,4.801953869008899756e-01,8.387970481496276332e-01,6.127144874866792268e-01,6.262989704599800644e-01,3.194066719930974130e-01,3.804446432585938398e-01,7.473529720915140784e-01,7.335451952686928845e-01,3.119662695759803372e-01,-3.658384783507637183e-02,2.991283802221891275e-01,2.065348392573867001e-02,8.071244506342012404e-01,7.573028572881203013e-01,4.609389757406716082e-01,7.502764409323784411e-01
6.714613506951253585e-01,7.295857474867369907e-01,7.068066753666150115e-01,8.551718171727250573e-01,7.446568938210503807e-01,8.165820840632703748e-01,9.381880945999741817e-02,5.093410590926524817e-01,6.904789195805903779e-01,7.499882956871559703e-01,0.000000000000000000e+00,4.991238947321247066e-01,3.117872084826160961e-01,7.156348641509208131e-01,6.343307368531220236e-01,6.992930144993465547e-01,9.758165193805411475e-01,4.977283843050974155e-01,2.252333376770420670e-01,6.525408922814680546e-01,6.029974354776800327e-01,7.700035168663764695e-01,8.328255434893973019e-01,9.011735439965363748e-01,6.761083221078578731e-01,3.908361369223657955e-01,4.998551594591060798e-01,2.708452130398531499e-01,3.751832248900743849e-01,4.149041881510481811e-01,2.714903181882122318e-01,1.350269837018546470e-01,9.144261572621532608e-01,7.239391100353886888e-01,2.452351459287413771e-01,3.423609448275847233e-01,4.624599976977896154e-01,4.098516673179261049e-01,2.666236921101172719e-01,3.279121960215219400e-01,7.022283932324192568e-01,5.392781973471098000e-01,5.128639384653458366e-01,5.798099755218568685e-01,6.043750160860777987e-01,6.970799430447534029e-01,5.172549723854957815e-01,7.700665252632111768e-01,4.884732177973566403e-01,3.587926613667009601e-01,4.900088545400407281e-01,2.263670583216736421e-01,9.399933353695867355e-01,5.845756766485363798e-01,9.459769200054490845e-01,4.089587708384450626e-01,7.729924462141577468e-01,9.973075187263461538e-01,4.492243318940002950e-01,5.497633623675488579e-01,7.808841247249516115e-01,4.732724711956100561e-01,6.567843916433531160e-01,2.954171879164924630e-01,8.217099625671162588e-01,5.842673509022203171e-02,5.117542892406418131e-01,9.496318037414431812e-01,5.420764381210645827e-02,5.111543145407198008e-01,3.163288725845385674e-01,3.953358325880438340e-01,4.927367215609501638e-01,7.752626597110952311e-02,5.143855514358047776e-01,7.321991006691199733e-01,4.568777238379058137e-01,5.941263982602646987e-01,2.378424206254509676e-01,1.367724651160365512e-01,6.928261075768276100e-01,6.026726773437307560e-01,9.871747931934784503e-01,1.791028009668970133e-01,8.597906334828999686e-01
6.092958715126193386e-02,3.435423110047827189e-01,6.828199980203439878e-01,7.947066896389973767e-01,6.189209354702310817e-01,6.766636204532414656e-01,5.109775917610482887e-01,7.627331264557299928e-01,1.410191391801788596e-01,3.949826902557604935e-01,4.991238947321247066e-01,0.000000000000000000e+00,4.574140047573515000e-01,6.378422870481655904e-01,7.122096103706303527e-01,4.831955825251464387e-01,7.247382159518132028e-01,2.491593046448157267e-01,6.477828220729139330e-01,6.520952829989258293e-01,2.650154648610165697e-01,4.929666677602228542e-01,6.110594252865977349e-01,9.901016136834701609e-01,5.451467356300927491e-01,7.546772422572278760e-01,7.374925338396949304e-01,8.128589192890542936e-01,2.299140880447808899e-01,5.331859648384478234e-01,5.553297520574757007e-01,6.548300011124511544e-01,8.117592730162344061e-01,4.586683880125038693e-01,2.000845915845939349e-01,8.305711419133786355e-02,3.475809423383580121e-01,5.161294195426150422e-01,8.584828294972176588e-01,6.610281142126168685e-01,3.819336254535751207e-01,6.014463777882056439e-01,8.428917906809311189e-01,8.623196891751847559e-01,6.107365636151563804e-01,8.164720732281830484e-01,5.128933516107208046e-01,7.493371424194441577e-01,6.745918393385613721e-01,5.660583970218632244e-01,4.128871965144899070e-01,6.300978334623036359e-01,4.178168277668580788e-01,8.395814070849039190e-01,9.401521584709593427e-01,5.294453575731093986e-01,8.601999728693507929e-01,8.912594871127308416e-01,3.591044865317771784e-01,1.274627665077485428e-01,4.507564099107089217e-01,7.657431474095833801e-01,6.120337653771087405e-01,4.425093733839612353e-01,9.047698357707809613e-01,2.556257446265921551e-01,3.338096462132073561e-01,9.565516931895454711e-01,7.967295877117077652e-01,5.553599381819049885e-01,9.626739014825463903e-01,8.765515246066943877e-01,4.575276755714586807e-01,5.775564029255264575e-01,4.839055854598665607e-01,7.078982459593907706e-01,4.774543901481194119e-01,2.496237503619572473e-01,6.587293764990013178e-01,2.278246355766397335e-01,6.374535488807677730e-01,9.043221613629741640e-01,6.962006336496396885e-01,6.534257912901156873e-01,3.288099139345584954e-01
7.033508230863299016e-01,4.511049520217487729e-01,6.237974761117709432e-01,7.290628350195177410e-01,9.290077098200160144e-01,9.933871403272342970e-01,7.082636782009772425e-01,2.467417587744623886e-01,6.474623722157089034e-01,5.493256063796747579e-01,3.117872084826160961e-01,4.574140047573515000e-01,0.000000000000000000e+00,7.090528897878574099e-01,4.968184158824220376e-01,9.284577570224292753e-01,5.235900240158768426e-01,6.032202180550390036e-01,7.332035243380679024e-01,7.775225345470797578e-01,6.008535321253194450e-01,8.061119246141622563e-01,7.638188929877375299e-01,3.284131324422304710e-01,6.510787077776387655e-01,9.619855154541087083e-01,8.559509346832142596e-01,3.868411005945400494e-02,5.386112691596445234e-01,3.383066139174085163e-01,5.642171766816180822e-01,5.967080695773756549e-01,7.484435948575879349e-01,9.177949881651862318e-01,9.038151423511979754e-01,5.680537472662482434e-01,1.928769473888497787e-01,7.471424452381161263e-01,6.580634647262590953e-01,9.168919199319214286e-01,5.740150167453567098e-01,5.778852667881070326e-01,9.242063395224632272e-01,9.260645065459963687e-01,7.800889605924520298e-01,6.366678259140361451e-01,3.901051864418497717e-01,5.395040181321900663e-01,2.688944740943208234e-01,2.252582117903445535e-01,7.671402586905330390e-01,4.822639204090634069e-01,9.027215079736983228e-01,4.211226365646674741e-01,9.148767523667273860e-01,4.448581241913535100e-01,5.157542563555002069e-01,-2.107878292410153287e-01,2.570249743199519710e-01,4.810461330620354747e-01,5.541825709963870139e-01,7.595645321944251016e-01,8.490127597690443340e-01,9.111339034423591166e-01,7.058009668939146941e-01,5.108204989352869152e-01,8.358110662969698845e-01,5.628542590040314098e-01,6.096414943737165082e-01,9.003279252550493439e-01,7.883322641127681329e-01,8.679126613831575909e-01,3.150289099931363745e-01,-9.149388874249109183e-02,4.812823464410923013e-01,8.487938156838359394e-01,2.702710774297631957e-01,7.787454718433641787e-01,3.359409799031690680e-01,6.164205255250942983e-01,2.087152581733046908e-01,7.055593238077405571e-01,8.389377837306224439e-01,4.686687574068188478e-01,6.321746385157472892e-01
8.353205159796288637e-01,5.282834967177302277e-01,8.544562258460425275e-01,8.057260243293994373e-01,7.230307441492025422e-01,5.300096951315185212e-01,2.920710470421122862e-01,7.698812142258338875e-01,6.755632248248105709e-01,8.093519301178592196e-01,7.156348641509208131e-01,6.378422870481655904e-01,7.090528897878574099e-01,0.000000000000000000e+00,2.281610819530428547e-01,7.269075101129651717e-01,9.895257374675441309e-01,5.767992628154452461e-01,8.575934823960795761e-01,7.331160278607073977e-01,4.767707588323349954e-01,6.768012263454254995e-01,6.247038803908907534e-01,5.867421187773720348e-01,4.666522711176942506e-01,4.265757299872313668e-01,4.162065227480875595e-01,7.281582575168217275e-01,2.471605765219112849e-01,3.551363112620771201e-01,1.884790315325737473e-02,6.964000609412726028e-01,7.098396631244564547e-01,6.792762655264127369e-01,7.134459696861823463e-01,2.190442866143637868e-01,6.336296323328320657e-02,7.294322785638260864e-01,7.865063310854570888e-01,4.005764382417846825e-01,2.030471596751604046e-02,4.605953583025788611e-01,7.880176305772029766e-01,7.735346223038583879e-01,7.614264395937095919e-01,9.943578642474077967e-01,9.917695171656358832e-01,8.649744690017138193e-01,6.975432732086063181e-01,4.908758108678440979e-01,2.142382853027863521e-01,9.207149720794653991e-01,5.496629077296524279e-01,6.110696218864509754e-01,6.552516739746070407e-01,7.616979329133484189e-01,6.188217799586243073e-01,6.451597500879638902e-01,8.137547974082890434e-01,5.726233199024972631e-01,4.062009219848798369e-01,8.185882653522084107e-01,6.924518148845852927e-01,7.888221633273369005e-01,7.455695683161734921e-01,9.546517432178244222e-01,7.211845733906705469e-01,8.981251487409908085e-01,4.704851694709148990e-01,7.471817866063085178e-01,2.414766365376405655e-01,6.130392087187354067e-01,4.526816161003560657e-01,3.190306301090569674e-01,5.590847368147369156e-01,7.795320116077437966e-02,8.648494186479568357e-01,3.012228855546144057e-01,7.122886705203401725e-01,4.385537816034824621e-01,5.690560681720638891e-01,1.118680943474789358e-01,8.722552954522395652e-01,7.228401437936706753e-01,7.511965591246529961e-01
6.992718423426393937e-01,7.147606477271858383e-01,8.637642061761221512e-01,7.307017516731000306e-01,2.670486127669506327e-01,6.205406168096342379e-01,2.606143528555054378e-01,-1.021500885702966155e-01,2.150092822888128863e-01,7.645395892338686661e-01,6.343307368531220236e-01,7.122096103706303527e-01,4.968184158824220376e-01,2.281610819530428547e-01,0.000000000000000000e+00,7.956528006783395446e-01,6.171214052479990775e-01,6.671623552114929190e-01,2.685208644289746593e-01,2.054289531954066328e-01,7.441534422560619477e-01,8.950311642317074767e-01,6.985023718159281136e-01,7.960144601128134045e-01,4.788073801699099796e-01,6.766612641985997323e-01,6.289050534387888858e-01,6.358105722549257655e-01,2.488154492743910873e-01,5.313834609822150057e-01,6.977741568405541883e-02,4.589155359842340687e-01,5.660878426087896376e-01,2.155307069065285908e-01,4.577624000350869471e-01,3.323048515036930439e-01,2.479119617331540515e-01,6.468995363998754078e-01,8.279547416522615721e-01,4.667598652509422075e-01,3.794278372347991146e-01,6.905399455934672082e-01,8.485419801086621083e-01,4.453043671552849303e-01,4.473825940736674833e-01,5.234528744818987001e-01,6.503924291568997651e-01,4.515383307013782765e-01,7.440018385263433842e-01,4.283444989159622684e-01,4.521640261376602132e-01,6.622417784273149088e-01,6.293623843554467800e-01,6.130530613713348620e-01,1.738284678979465925e-01,4.769645248229971712e-01,5.328707522729639323e-02,8.351467216554552264e-01,8.946057906097348855e-01,5.268653062501624795e-01,7.943320671601798999e-01,7.234875498926512938e-01,2.216642027129958614e-01,7.765097229042844384e-01,7.673371042138537046e-01,2.841084304790932880e-01,6.136412760858146465e-01,7.952905372341955159e-01,3.077340735709978015e-01,7.141854140433852027e-01,7.483001487467335622e-01,9.086417722208809389e-01,5.470109626750107035e-01,2.776806019329448594e-01,4.212823803543264134e-01,5.043913389910978928e-01,4.735788942023202441e-01,6.780026764480184820e-01,5.532689879936165678e-01,8.642089765642686772e-02,2.147761341892820419e-01,7.890257558672522098e-01,4.025159855129144537e-01,-3.555768629579192375e-02,4.142554992380331758e-01
6.254542560337100765e-01,4.202058092570634673e-01,3.315735112695979425e-01,6.217558327048534617e-01,7.202014767064353062e-01,5.080895004441632334e-01,7.354785937701380921e-03,6.346544129816954483e-01,5.797344592145982078e-01,7.833255246445780529e-01,6.992930144993465547e-01,4.831955825251464387e-01,9.284577570224292753e-01,7.269075101129651717e-01,7.956528006783395446e-01,0.000000000000000000e+00,5.532777855592272420e-01,9.548832954004050633e-01,6.665527987799932941e-01,4.210129025617004306e-01,6.123626694776153068e-01,6.631727010288852586e-01,8.447379215843147104e-01,7.510834187001772522e-01,5.194061445940894028e-01,9.417684970091806385e-01,8.371239468659822380e-01,8.381181474523362596e-01,5.295485144151517165e-01,5.843805333054585827e-01,1.651601637982519910e-01,5.058605794376321851e-01,4.640350097491533488e-01,9.295008355056783023e-01,4.072129669804925856e-01,4.731300078202904102e-01,4.124743743778384597e-01,5.074718211790893996e-01,9.130574639098644196e-01,6.464416337380325395e-01,8.127866138889071612e-01,6.533237705847498578e-02,6.951796022454935775e-01,5.349463060389494373e-01,5.078587851004491283e-01,4.685090337214622425e-01,7.390561914996677251e-01,8.441955015354615233e-01,5.821850431468613696e-01,7.728702700315019936e-01,4.288678804808862544e-01,5.814338906683265140e-01,8.691428333015568386e-01,6.886153681800974979e-01,7.668752396867258847e-01,9.843848160381744039e-01,5.743317164318855195e-01,4.318347154971089452e-01,3.401620765690332449e-01,7.942124413989946063e-01,3.559756925056491994e-01,7.315038978928326552e-01,7.547137275084616626e-01,7.059103904711642175e-01,5.976085263516262014e-01,1.526674392808879954e-02,7.850839714570123640e-01,7.170500542823022433e-03,3.195948383562638440e-01,3.429378758505753355e-01,5.826947918559760575e-01,9.319508739282751364e-01,3.336506161343498200e-01,5.992771947761146301e-01,5.767346765732007663e-01,9.457646849099055064e-01,9.625550139190781618e-01,4.195616748641158023e-02,3.037092982025560994e-01,5.846244446739047307e-01,-9.781258617614205231e-02,8.158663157298898794e-01,8.765437101034327938e-01,6.033287960901815294e-01,6.498969092089659227e-01
9.386961330882305221e-01,4.251001725749261051e-01,9.982047436284252617e-01,7.842293675636315964e-01,4.474491432548919900e-01,9.281652147136615350e-01,4.955492282636315138e-01,4.491046648612019299e-01,7.401024175965207341e-01,6.277329244846377998e-01,9.758165193805411475e-01,7.247382159518132028e-01,5.235900240158768426e-01,9.895257374675441309e-01,6.171214052479990775e-01,5.532777855592272420e-01,0.000000000000000000e+00,4.050315759144458849e-01,8.065037237393599678e-01,6.096268173240541044e-01,3.240243588425302246e-01,6.787713652487902261e-01,7.297172505320423941e-01,7.433873464543026000e-01,7.451923796673592948e-01,9.803118071090104468e-01,6.131611252968379722e-01,2.512726521910725319e-01,-1.381700440753737269e-01,2.611302490349640681e-01,4.876646774157444852e-01,6.171950718966289218e-01,9.317672544431977455e-01,6.441018357753000023e-01,7.480324716074532310e-01,1.659622596474035205e-01,3.791693733064085969e-01,6.980211458786669265e-01,6.778655838894016572e-01,3.541974850269122843e-01,5.619356788134626246e-01,6.982177677318576192e-01,8.964048473289426555e-01,8.538165228568509457e-01,8.375114569084373128e-01,7.265559459606605319e-01,6.410378839258983330e-01,7.493137457445366856e-01,7.627119194764752086e-01,4.895793305978398680e-01,4.905483539683673788e-01,8.601576113041906613e-01,4.554178486864045583e-01,9.606073037171091178e-01,5.439848868159065098e-01,6.262460304603092442e-01,5.389473743821477925e-01,4.604829842818156660e-01,9.617477557970807167e-01,7.168468886981366195e-01,4.783294148795251832e-01,8.068422335709460880e-01,9.318722537738959311e-01,5.971654511457327175e-01,8.664541040282576212e-01,7.110015172322367016e-01,9.420775170097656082e-01,9.352718365940152490e-01,5.503051993628920169e-01,6.255996760711680649e-01,7.847445112641626697e-01,6.045260311940910958e-01,1.825906678362556324e-01,6.491520994161229519e-01,5.903640880305593974e-01,8.644283848907233780e-01,5.964542265986996217e-01,6.144747815868633056e-01,1.388198023449773166e-01,2.893474380912052224e-01,6.082415913867141866e-01,8.067213400646783272e-01,1.186525377894182276e-01,2.614979197057345495e-01,6.242723911928271807e-01
4.198473665025410639e-01,7.222149070038218488e-01,7.559200221597958125e-01,6.637143630058570665e-01,3.577481996024242106e-01,7.173490716478884144e-01,4.132441128842808120e-01,1.099984889497890306e-01,4.366846449001185460e-01,4.399485730280616735e-02,4.977283843050974155e-01,2.491593046448157267e-01,6.032202180550390036e-01,5.767992628154452461e-01,6.671623552114929190e-01,9.548832954004050633e-01,4.050315759144458849e-01,0.000000000000000000e+00,9.848892876491788240e-01,6.814655535245809359e-01,6.804030107320868659e-01,6.444688078095354156e-01,3.706754021303541036e-01,9.601043062844502041e-01,-4.422209066256399534e-02,3.334090974091139525e-01,4.121584444352869858e-01,4.385081244513214793e-01,3.978316978588993802e-01,1.512666119871374781e-01,7.240235693228773695e-01,5.858688736999186908e-01,1.852691435194032676e-01,6.037897676905590316e-01,5.141467515390734100e-01,2.337322620410233476e-01,2.248686938093519549e-01,4.741384574889315751e-01,8.988186800440824964e-01,6.370980060505092579e-01,2.892389822462291260e-01,5.745331502809245539e-01,7.707377334187877072e-01,7.699889168430739117e-01,2.253567868804543795e-01,6.641862386453780687e-01,4.970713420217681699e-01,5.411700350386818847e-01,3.683034208169529977e-01,6.801714830570630976e-01,4.983927456180373694e-01,8.423798906905716199e-02,9.225707484795421243e-01,5.920393280248903434e-01,7.626273870645646769e-01,9.207219156872529231e-01,5.620136176467152023e-01,6.601165606975387679e-01,7.868330715103584172e-01,6.831941843484198307e-01,5.746846589622582879e-01,3.380986426376795251e-01,7.722941835021837065e-01,8.425362171530670352e-01,4.221181998678151803e-01,5.546881373807424076e-01,7.767920213975514354e-01,9.710396690207963033e-01,4.561278144840878457e-01,5.560235890154482385e-01,6.482066796082703863e-01,7.800806867293172964e-01,1.834710203400563289e-01,6.250132055189135949e-01,8.502541273214693218e-01,2.640934336708505858e-01,9.477361796618943846e-01,4.748573592842617042e-01,8.541379636715523693e-02,8.168989968052470241e-02,-5.754723513017859227e-02,7.138095070997001468e-01,6.859638179555086479e-01,1.446006722024684998e-01,6.734956538401216664e-01
