0.000000000000000000e+00,9.820980361645961221e-01,9.178599826546679497e-01,8.814882986044745294e-01,5.470886095165368168e-01,6.482990772311789662e-01,5.905385839808567905e-01,5.554883872249545274e-01,5.804511339411019266e-01,8.989156297973402987e-01,6.179533409594458737e-01,4.606690526691428200e-01,1.832885436769716159e-01,8.671128993105747806e-01,5.159175465691741014e-01,5.465391102002919305e-02,4.554393414991620981e-01,4.490149135069838038e-01,8.419660419818038033e-01,4.467598538986709555e-01,8.983057094100811435e-01,7.713682087145421473e-01,6.056181672838308883e-01,4.313741766740971095e-01,-1.884618816331778135e-01,7.812500587079100889e-01,7.757802432024561989e-01,9.597217589008307792e-01,5.774102919657234656e-01,2.055407152394448655e-01,5.675059106237670958e-01,3.057703030267774347e-01,4.739924875391939851e-01,9.463200534844251610e-01,5.143414060962275824e-01,2.834978410241478231e-01,1.265719314074382866e-02,8.288769930398418584e-01,9.578536026707669127e-01,8.452102435794320856e-01,-1.986475778706219830e-01,6.894927300512182500e-01,9.527406176650143887e-01,6.318161982406199639e-01,9.045685525412329175e-01,9.504766121039250892e-01,8.588778039184207236e-01,6.918063604423239088e-01,9.573371866793415341e-01,9.484322344364281010e-01,2.433662588174855812e-01,9.275947617180638760e-01,6.740231779471173024e-01,7.972851905938782568e-01,6.525950967887006460e-01,1.938494220029423343e-01,7.402281573621604105e-01,8.287594650786075379e-01,9.578430673863848055e-01,1.853646200581150205e-01,2.979061738714886554e-01,4.220729623257711838e-01,7.859715054761380326e-01,8.546185864943381949e-01,7.401066604811947780e-01,9.005226448841521236e-01,5.862428470841332118e-01,8.212931351212637843e-01,9.633253001586457032e-01,9.823792752599785905e-01,8.723703819223951328e-01,8.228992616547026184e-01,4.478132565963139355e-01,5.175633017016665338e-01,7.569079564835002882e-01,7.754786637099524427e-01,9.052263105073556915e-01,5.349307520318316023e-01,3.707256703105965556e-01,2.269331483457455445e-02,7.627136838558130627e-01,9.709491858791887697e-01,6.007612952220651170e-01,2.269485946839595591e-01,6.749664030904783951e-01
9.820980361645961221e-01,0.000000000000000000e+00,6.552697924057168111e-01,7.775170167475718985e-01,6.507228193932110827e-01,9.311346547854612021e-01,5.251877690057743520e-01,3.261368858094577661e-01,5.046494413676723134e-01,8.017746357003968649e-01,2.836486620662537206e-01,6.253313590772789921e-01,6.617653371114901040e-01,9.724308834661934409e-01,4.243057357857897838e-01,9.503621027773299090e-01,3.308504187149123865e-01,6.724352980366792298e-01,4.806981440346691503e-01,2.927094987953993699e-01,8.861854315007897664e-01,2.323376042826517662e-01,5.377792684609946638e-01,7.120977055033813619e-01,5.430364479755110940e-01,3.878037927753715808e-01,7.698612386590484302e-01,2.528797846761614565e-01,7.474634136326604450e-01,3.146385348070517840e-01,5.767267377618721103e-01,4.230164462174346163e-01,5.471006222660539375e-01,4.628453834852283011e-01,5.361431455697297510e-01,5.713971733287371846e-01,3.128942368350093872e-01,7.518401344306409051e-01,8.075493768456600829e-01,8.310926240208877935e-01,7.240873564961114450e-02,5.839958127907294294e-01,9.237062609209739650e-01,3.752192796433230226e-01,2.183024742511376903e-01,5.720627814395142785e-01,8.045421140241619806e-01,4.510848710369104730e-01,6.287493053510440078e-01,3.885379960315876735e-01,4.636101828709267569e-01,4.328788774370278536e-01,6.957643389299584813e-01,6.334574148389111592e-01,5.496931633587986976e-01,7.068896549109102700e-01,6.258396396890733016e-01,5.359537169384853694e-01,2.743461839160140636e-01,5.017382703405760536e-01,6.104111572896320226e-02,4.596387428342800785e-01,7.146580648230734800e-01,7.211535519512236592e-01,6.568313274700036120e-01,8.091771994255846367e-01,6.295580729856022906e-01,4.359436842846969862e-01,7.042394416141455338e-01,4.332093255330454751e-01,7.080960402129703457e-01,9.128905131852255161e-01,5.896722218105616697e-01,1.406147137671487444e-03,6.894470702477205615e-01,8.882113401974004452e-01,6.699516365526529960e-01,4.264661379054367485e-01,4.418833258397731889e-01,1.609205116823430870e-01,4.414731476996900522e-02,9.765879363438239036e-01,5.642571436978091048e-01,5.508695889226484788e-01,4.590799873688138355e-01
9.178599826546679497e-01,6.552697924057168111e-01,0.000000000000000000e+00,4.509407657585406959e-01,9.948583749135206933e-01,6.054030676833271896e-01,5.553414823773440423e-01,9.952265016697339206e-01,7.205998244116428308e-01,8.849297313248151164e-01,9.669975633810677929e-01,6.109575742870768655e-01,8.382259370296953893e-01,5.616904184427036206e-01,8.967745801484627854e-01,8.014809552152676320e-01,6.797275469478725185e-01,9.259731743389892911e-01,8.585498532123954085e-01,6.082386845899026007e-01,8.786757911246579900e-01,8.874954980893926537e-01,6.559248229869452107e-01,5.977521518942655043e-02,9.465911728418424653e-01,4.418702471224331685e-01,7.530571540507272621e-01,8.852556892220396767e-01,3.812257881804251292e-02,4.808974660710295668e-01,4.500470528331704245e-02,7.769696086607150720e-01,7.816908101855777335e-01,7.384222642931813629e-01,5.637212754708182949e-01,4.760651702036943211e-01,1.142387774672236206e-01,6.646448926811425739e-01,5.195637301036430955e-01,8.730708935000744964e-01,5.795943108265868560e-01,8.899754098398758861e-01,8.182696406967280289e-01,7.266095043059516145e-01,6.332908285266675152e-01,7.084780075915961817e-01,6.986625711652938442e-01,4.253152913934332702e-01,9.321964415726317066e-01,4.025656510802130272e-01,4.412048837935090284e-01,2.987595415728613313e-01,3.245229591885303577e-01,8.316344959707990814e-01,4.737191019318519047e-01,5.339038939901440406e-01,9.914757914138330186e-01,8.421886414791224240e-01,5.129131367869463887e-01,3.681506451455136830e-02,1.864198923619364845e-01,8.062404219648375836e-01,7.271675803719688247e-01,5.843235401584558897e-01,5.141183643341010745e-01,6.457877884390368362e-01,8.295748499236165197e-01,8.087304133333189649e-01,3.912070238399125710e-01,4.301041773233155729e-01,7.075025202391657109e-01,5.266257190206059535e-01,3.826820700249526919e-01,2.648731834838038424e-01,8.503709576434523854e-01,7.959009684782525351e-01,4.359383511013492085e-01,8.325642649569732212e-01,7.532464164084002878e-01,2.929310732918783966e-01,6.652726820417544928e-01,7.846911915889217548e-01,8.713643928778544989e-01,2.370660216164061918e-01,9.600141327594191587e-01
8.814882986044745294e-01,7.775170167475718985e-01,4.509407657585406959e-01,0.000000000000000000e+00,7.543488580607546901e-01,2.133410165364721112e-01,3.394967833995551909e-01,9.823063457612446481e-01,3.751601483927310410e-01,9.064739838996890287e-01,8.880494009507643449e-01,5.254795168249415394e-01,3.915932921773736530e-01,7.031218303691904037e-01,7.691191483060531020e-01,5.368437083038398727e-01,6.392514860851205016e-01,7.972991022033671937e-01,7.156731148310052637e-01,5.345248957600545747e-01,7.382164037659313394e-01,7.982523463475859060e-01,5.068753532702184872e-01,9.834821239555245898e-01,5.484821043271761454e-01,5.800171327798978593e-01,4.012803328149910365e-01,9.768576456950017750e-01,3.802462538265515279e-01,5.771277232158374959e-01,4.128880944464012881e-01,-8.812920292671690137e-02,4.605494117056679326e-01,1.993844363169068323e-01,4.203412330584442858e-01,4.429096235667825399e-01,3.868530258490647800e-01,2.958938087777068793e-01,8.566799114051704134e-01,5.496416984605793088e-01,6.821465388245590011e-01,3.577761819329154935e-01,9.728336616303714379e-01,4.761256360111469910e-01,7.104231502850432145e-01,7.760945206575693422e-01,6.126873419701013290e-01,7.448410292076047545e-01,7.457108409616119982e-01,6.984645855426664385e-01,3.749678605057302216e-01,8.177677040389654817e-01,8.865960028323872644e-01,6.256322990816700624e-01,5.682888285114027216e-01,7.148598047571926850e-01,7.128030129566542694e-01,5.962878398810584901e-01,6.682916374108802682e-01,1.662888437490732674e-01,6.953250969433536488e-01,6.157108788566924007e-01,7.970683594049793319e-01,7.443075858529486499e-01,9.520739567078855270e-01,7.597663400003410450e-01,4.906622986898869221e-01,5.962897995020521869e-01,4.454721637650069233e-01,6.521855979741454368e-01,7.975032820592198313e-01,2.469082761144096305e-01,5.311842601870628844e-01,2.051953994433253214e-01,4.460192755770247541e-01,9.808182746511611150e-01,7.440174706666451421e-01,5.339871684456302114e-01,2.769525590733508680e-01,3.907190180133868762e-01,6.546244563921357340e-01,4.969979618973326962e-01,6.845077697064336775e-01,-4.807347137116665947e-02,6.858953747894466213e-01
5.470886095165368168e-01,6.507228193932110827e-01,9.948583749135206933e-01,7.543488580607546901e-01,0.000000000000000000e+00,7.858538710895111024e-01,5.985278463754147849e-01,4.437726968547826001e-01,6.154023787812981094e-01,6.632184996011970535e-01,4.184729207493268488e-01,4.463978820178811646e-01,4.006857643537711233e-01,7.821212764928375805e-01,7.262304394174752264e-01,5.866420297222849634e-01,4.919091012290970344e-01,9.586780602076925284e-01,5.671914674008082802e-01,5.515595390346135218e-01,7.529210686519792750e-01,3.261744946252586042e-01,9.833415817234593126e-01,5.636470519466189044e-01,7.392361837688161685e-01,9.883230236126039348e-01,7.251457110830891173e-01,6.459506732526603123e-01,2.456531151090038390e-01,6.486525886461455004e-01,5.424487843272376431e-01,8.727671434651498306e-01,9.747287406376432539e-01,8.868326757784961156e-01,5.404926867699438864e-01,3.190620534273632125e-01,5.031335080024785800e-01,3.150614921736094587e-01,7.378809679573135050e-01,5.318662616662387377e-01,-1.245910851523366059e-01,9.384694088121763311e-01,8.057369308940172115e-01,9.317158543444777896e-01,4.196611535127164894e-01,4.692658544538664822e-01,9.636732546195174720e-01,2.334679897018647199e-01,6.484258085790488568e-01,4.810438335796085596e-01,4.457546274662493313e-01,7.052993686944680762e-01,6.287202233174536969e-01,7.332038689176996193e-01,1.930035179920499555e-01,6.039125060201163686e-01,8.582963089934385614e-01,5.069124806973051428e-02,4.189507938370045093e-01,2.701709191947855304e-01,7.567084922968818628e-01,4.521290252563758272e-01,5.564258934826663561e-01,7.888266282492548687e-01,1.772803538603747175e-01,4.159212975839398085e-01,5.200615961066528126e-01,4.926275300174157712e-01,4.733653217797167412e-01,3.215896829057496471e-03,7.554904976658249893e-01,9.252130550881504378e-01,3.734642428422046967e-01,5.130166664805821952e-01,3.862940709984843402e-01,6.095718155953849804e-01,8.889283069194083842e-01,6.020672087336454981e-01,4.943124045414103440e-01,5.821221254128610134e-01,7.662061335813368235e-01,7.101112716221065213e-01,9.253958044303037811e-01,3.279587890857352250e-01,9.694995334941118870e-01
6.482990772311789662e-01,9.311346547854612021e-01,6.054030676833271896e-01,2.133410165364721112e-01,7.858538710895111024e-01,0.000000000000000000e+00,4.967380506737614221e-01,6.894683624153143953e-01,7.966525050591006796e-01,7.548140468710179407e-01,7.354876560098151383e-01,5.855186303884964971e-01,1.948035408734623830e-01,5.550974803906666422e-01,5.893125061789845631e-01,5.503215728396740891e-01,4.233688564826517675e-01,6.809315048708333151e-01,2.287753921933176615e-01,6.025876618793742923e-01,7.935605881257292715e-01,5.189253110368337030e-01,8.747801904848141463e-01,7.648505646908460021e-01,1.884057186130958655e-02,5.037219958636051098e-01,7.920860749860381134e-01,2.268947792609213587e-01,4.657004261262629452e-01,5.649809309379705269e-01,3.658102571261419023e-01,5.942606097141651667e-01,4.666280616991796970e-01,6.707292561480460158e-01,5.997769494234639343e-01,8.488319185743285755e-02,5.087678885949172003e-02,9.903525405032370665e-01,7.220627055383590509e-01,3.808945513173709885e-01,4.756259477313604100e-01,6.907808859513959732e-01,1.902681296588810689e-01,7.600777640270052204e-01,6.742012252795542837e-01,1.417639982174039859e-01,5.328117717079163818e-01,4.514499286560150759e-01,6.209509041047552858e-01,4.205146631201033824e-01,5.065155432338396269e-01,8.157681434613659466e-01,9.478201787013792456e-01,3.542763277602550831e-01,5.370113184397462547e-01,9.777235680254228178e-01,4.859981463976553728e-01,7.031714256638869065e-01,7.534274478079916459e-01,5.723094332199485379e-01,5.003037925010622722e-01,6.962789387631570515e-01,6.380075382043333132e-01,6.211630517929472850e-01,6.368414378555353750e-01,6.084288812775662247e-01,7.666534616137616887e-01,8.703894468147290731e-01,7.248355788507425679e-01,6.368767879289713996e-01,6.945307439364981628e-01,3.531928247844078328e-01,5.594843736571476489e-01,6.699966310755429699e-01,6.666371103330472891e-01,1.137207393260737942e-01,7.606014225593378253e-01,8.689306138101398069e-01,7.525545681208001270e-01,5.491780232544082319e-01,-1.084007547138332583e-03,9.207274783202181734e-01,5.738517799266482644e-01,3.015181178709199772e-01,3.756446478060396776e-01
5.905385839808567905e-01,5.251877690057743520e-01,5.553414823773440423e-01,3.394967833995551909e-01,5.985278463754147849e-01,4.967380506737614221e-01,0.000000000000000000e+00,5.563877042983828014e-01,7.616920343184161446e-01,5.991914703431899802e-01,5.905551843250944621e-01,4.977431854136131761e-01,7.247538913291944329e-01,6.192130405907646518e-01,2.040681973089045198e-01,5.276326987714042849e-01,2.935398158512236844e-01,3.208307678516948425e-01,2.517459003596734801e-01,8.961032894131002458e-01,6.440250697052595230e-01,4.380292536484557409e-01,2.367249305996164122e-01,6.893179973264725868e-01,5.414005269134515297e-01,4.373743475428684135e-01,5.040751616088238185e-01,4.200074026985951003e-01,4.999460050981178183e-01,5.177002379648373287e-01,7.192273827542916553e-01,2.264847146177634274e-01,4.926002147740322634e-01,4.582026498045392859e-01,6.262770114947557865e-01,4.137644340857124514e-01,3.018603293418737898e-01,1.611716453226252899e-01,1.533210424064067323e-01,6.594131360505069983e-01,5.725774054806246349e-01,-1.939345270253562958e-01,7.846196206568609721e-01,4.580438934088128522e-01,7.472994226353237845e-01,3.105622865456688642e-01,3.019049952169666207e-01,4.532866253156296321e-01,4.310746672759666609e-01,1.091635897627954155e-01,2.008018210741176757e-01,2.229126117860877887e-01,4.050030943624040591e-01,6.329781264135946328e-01,7.606845460416467031e-01,6.659267676667984803e-01,5.768624548715883815e-01,5.407118222883013914e-01,7.554977970089373773e-01,4.207968135304862578e-02,4.713068821989017110e-01,4.782129136383462820e-01,1.811298402570403199e-01,1.660085698042045865e-01,6.925700586661217573e-01,3.499951599868247887e-01,2.449503341297567249e-01,4.556607703709472657e-01,4.130107644127632982e-01,5.529303542136591032e-01,6.371301841009584521e-01,9.460842568206814240e-01,5.089173688905951343e-01,4.498265962573957943e-02,4.542288905662864584e-01,3.142971519481976145e-02,1.224012498645819513e-01,5.712814044705246674e-01,2.962305804765881234e-01,2.057225078091241555e-01,6.433252762661978430e-01,7.623963696951067126e-01,1.492143609314605102e-01,4.917434694333364664e-01,4.453979913534842350e-01
5.554883872249545274e-01,3.261368858094577661e-01,9.952265016697339206e-01,9.823063457612446481e-01,4.437726968547826001e-01,6.894683624153143953e-01,5.563877042983828014e-01,0.000000000000000000e+00,1.913549809166882054e-01,7.747694148624130195e-01,5.033383587865242204e-01,5.533492870020915166e-01,7.133504755245045903e-01,4.234189518493810533e-01,6.298296679732150460e-01,6.411734297583242537e-01,6.812695010572311638e-01,4.464574771041299184e-01,4.403265967724021568e-01,3.299504317424904465e-01,6.431806182990880139e-01,7.053675570788606741e-01,6.308866100611336403e-02,4.768187381344014542e-01,-1.782875473275017109e-01,3.461012920429344941e-01,7.983787314450809802e-01,3.796934552221253867e-01,3.154159829154407624e-01,5.637874011892953785e-01,2.774419052113132333e-01,7.909495190449176150e-01,4.559918906383010340e-01,4.447046681450618766e-01,-3.054369987699425693e-01,5.833495257427198100e-01,4.560545757168770753e-01,2.621543557150182169e-01,8.481162335149737830e-01,5.273048363967609564e-01,7.002018865133734504e-01,3.779404451884632588e-01,4.619911779267191765e-01,5.820727328346080309e-01,6.820631791041266156e-01,3.742689833129507759e-01,5.637839086838550284e-02,4.944993144600423607e-01,5.851686658812531583e-01,4.565556644936336617e-01,4.095727099784408631e-01,7.185693620643169854e-01,9.358758032771982149e-01,2.745590594631756587e-01,2.376722007456936736e-01,8.650080857258831690e-01,4.489361569484267012e-01,3.513527180113106274e-01,8.145833135747052589e-01,4.919812186923855912e-01,3.475736951427911281e-01,4.706577568733059658e-01,6.206129316416457709e-01,6.030738123878502943e-01,2.179027142721647325e-01,4.794854324884764152e-01,1.803547844034082415e-01,3.774837915948645595e-01,6.772000762092914572e-01,7.922227703928235165e-01,2.477421153219894756e-01,4.745450491847107988e-01,6.345299801076057511e-01,6.610987838752517831e-01,6.256174397916669516e-01,7.798475900986451270e-02,2.548954536484571154e-01,7.041728754127000167e-01,7.623668812590103649e-02,3.251246582420660447e-01,6.526041780291317318e-01,5.053939092515729037e-01,6.249892072557763356e-01,5.012589245076334299e-01,5.704571735354637685e-01
5.804511339411019266e-01,5.046494413676723134e-01,7.205998244116428308e-01,3.751601483927310410e-01,6.154023787812981094e-01,7.966525050591006796e-01,7.616920343184161446e-01,1.913549809166882054e-01,0.000000000000000000e+00,6.628731764937593196e-01,2.380670556124480919e-01,7.450888672413538139e-01,3.137825733757036994e-01,3.760860364263234890e-01,7.820963245586298740e-01,5.784242660215619392e-01,2.339904457636713675e-01,5.377497420512074022e-01,2.733562649486592777e-01,8.829490170047693542e-01,7.009782283189261998e-01,7.342844112121056366e-01,7.862050235005697829e-02,6.180914974424915886e-01,4.496717492796915017e-01,2.733755624444089150e-01,7.813255338036613207e-01,6.735383176209196465e-01,5.806918905573725809e-01,5.372403975036663670e-01,7.789158691525137623e-01,5.052713407504813015e-01,4.235891977171624689e-01,4.395176029190162037e-01,4.399292578992082814e-01,6.689461435002734824e-01,1.682456709813671403e-01,4.669330603203465380e-01,6.172790488051866920e-01,4.214285601493313327e-01,7.340200502129206050e-01,4.346237160756664664e-01,6.461965617052167765e-01,6.697636667808540278e-02,6.553333146156714584e-01,6.034434026456130251e-01,5.254834803642696173e-01,3.986468964309581864e-01,2.734583956656047588e-01,4.368926074102964519e-01,4.254347342553526645e-01,4.844220267510197520e-01,6.618968567983080087e-01,4.129478919650394486e-01,6.635719012663441330e-01,7.329333251307457164e-01,4.269980842677253419e-01,6.318637682366222696e-01,6.083727129458471605e-01,1.822501764796733426e-01,5.471718001619758631e-01,7.425575476039842915e-01,1.078742931158382934e-01,6.588292307787089186e-01,5.382865626307686835e-01,3.902066297787430971e-01,4.841839411662867687e-01,5.443921337780794900e-01,7.702122112052917080e-01,3.326900328599700085e-01,6.194882958537594186e-01,1.488159100402177415e-01,5.246065879401208276e-01,7.841474395734696068e-02,2.775172869405159171e-01,6.305568708744935247e-01,8.937078647986655966e-01,5.028919795440255358e-01,5.203621878101912790e-01,6.028545194562157095e-01,6.979294195949921065e-01,8.815262369856773361e-01,2.963303201052261415e-01,5.953312763332836433e-01,2.240828047124264477e-01
8.989156297973402987e-01,8.017746357003968649e-01,8.849297313248151164e-01,9.064739838996890287e-01,6.632184996011970535e-01,7.548140468710179407e-01,5.991914703431899802e-01,7.747694148624130195e-01,6.628731764937593196e-01,0.000000000000000000e+00,6.746454084937427709e-01,5.168034660597137231e-01,4.613731320929266300e-01,9.827627490593353610e-01,6.973491299788087128e-01,-2.223674938943870916e-01,8.486665913504993775e-01,4.599533570572824637e-01,4.756101541728517956e-01,4.250427260739061408e-01,8.719773205565113372e-01,4.606311736437704307e-01,8.397073925566721497e-01,9.978463265162749174e-01,7.077364455226912154e-01,6.716455815382758043e-01,8.771887491209968690e-01,7.952623899159348975e-01,5.399549478997194285e-01,3.959681277756568751e-01,9.130911679512776491e-02,6.782755627107930341e-01,4.512546546579943585e-01,6.094610943506892919e-01,4.751585308665687846e-01,5.867509711093999991e-01,7.783050612877762120e-01,5.962512219197202423e-01,6.920784854230030980e-01,5.440304038559546917e-01,3.781907548012194975e-01,8.539646241813872996e-01,9.869614296626767480e-01,6.436417364640093508e-01,5.979657922014267601e-01,7.366562528474959182e-01,5.883764463030586311e-01,6.553850357713189578e-02,7.288022419750639358e-01,1.051992567809158646e-01,5.842223143121034745e-01,4.740941219275160434e-01,7.922981778188125102e-01,7.003741400343190815e-01,6.641191701439496109e-01,6.487139985244829710e-01,5.521553614592056292e-01,5.182985997632012509e-01,2.523448955284583461e-01,3.591252695980300391e-01,5.962284911727977477e-01,7.685523901022774940e-01,4.454839495859134746e-01,7.745775244278112481e-01,7.062911296686873452e-01,6.699620959139320764e-01,6.053602458479936388e-01,8.873501490271203940e-01,5.808926327273747359e-02,5.094528061157226340e-01,8.786822112331270640e-01,5.935412375227648862e-01,4.170905222271889534e-01,4.120544548489409875e-01,5.634411283170641660e-01,6.210544993743095654e-01,9.215858059241056610e-01,2.533286290424338061e-01,3.526567911960380997e-01,7.343209976008824302e-02,2.165479780568668189e-01,6.197857906108122927e-01,2.168452257477968825e-01,4.581101810313725209e-01,6.899441285320758732e-01
6.179533409594458737e-01,2.836486620662537206e-01,9.669975633810677929e-01,8.880494009507643449e-01,4.184729207493268488e-01,7.354876560098151383e-01,5.905551843250944621e-01,5.033383587865242204e-01,2.380670556124480919e-01,6.746454084937427709e-01,0.000000000000000000e+00,9.839973445098592064e-01,7.704726408443622887e-01,7.725176923162023757e-01,6.276467111041897917e-01,7.547353573772352942e-01,4.772656315075134992e-01,6.601126979481566348e-01,4.716710257437397025e-01,9.246082712371670453e-01,4.615149150943644862e-01,4.076421766778878242e-01,7.767170806136018957e-01,2.509396416353752435e-01,6.780677297011137306e-01,5.535007435435279621e-01,5.742489224220423960e-01,9.168815659188525591e-02,1.376752462430591295e-01,5.563747713181422805e-01,1.552828919498679960e-01,3.822799314999987264e-01,6.371286067128603126e-01,9.175143470171196469e-01,8.697438598048428116e-01,7.997501985671342517e-01,2.970270155456594674e-01,5.639712910242542510e-01,6.357119926295892176e-01,2.975835396469197480e-01,-2.500815679758247034e-01,9.610992638155910761e-01,7.439139050353100746e-01,8.515094048139802974e-01,4.073943031025522576e-01,5.702485540116543072e-01,5.254809460209599603e-01,6.314632578994699985e-01,4.637263001404884344e-01,2.334356159461871694e-01,6.291132222266785368e-01,8.830789267826755218e-01,5.801678349144618885e-01,8.784423935619574408e-02,5.366672823523012115e-01,1.772665214922789501e-01,6.082821280593615487e-01,-1.300732065882476141e-02,8.966001173590142370e-01,1.967832553400838957e-01,6.692134582406047416e-01,5.362356781722746879e-01,3.832351003918128551e-01,9.563486933243300347e-01,9.558217716265708930e-01,2.929295635648644369e-01,6.151720955832198356e-01,6.244963204813408497e-01,3.117103475160016290e-01,5.649902158435823329e-01,6.058709043948944384e-01,7.443969544884172507e-01,4.120191744633552866e-02,3.559729353938707597e-01,3.699576922135760504e-01,9.892802025105409403e-01,9.283506518741564406e-01,6.012004934491350649e-01,4.103180283828211095e-01,3.835924538040559884e-01,3.411051422305632630e-01,6.932795420312122259e-01,4.397898311713105413e-01,4.071216651743770898e-01,1.189023793737436913e-01
4.606690526691428200e-01,6.253313590772789921e-01,6.109575742870768655e-01,5.254795168249415394e-01,4.463978820178811646e-01,5.855186303884964971e-01,4.977431854136131761e-01,5.533492870020915166e-01,7.450888672413538139e-01,5.168034660597137231e-01,9.839973445098592064e-01,0.000000000000000000e+00,7.233784810281334021e-01,9.149763673804672814e-01,6.074228283780613857e-01,7.975802198489807537e-01,7.481344261195816969e-01,9.799150337962124757e-01,9.099200349259479736e-01,6.907737585728702667e-01,6.069091322358115548e-01,2.900112688909429748e-01,8.911005809844074754e-01,9.253712004578141803e-01,2.334362255506812200e-01,8.732895604816599544e-01,8.631689069879392440e-01,7.155618420741381991e-01,4.354349522266888206e-01,2.881816748953752727e-01,1.809223823886423332e-01,5.734770366449202239e-01,8.010646379918310300e-01,7.926410664026199981e-01,4.034947593023157641e-01,3.648698527163153349e-01,5.852392897891740553e-01,4.025859660255680095e-01,4.866874058005846715e-01,5.723965699994367773e-01,3.097075746974117250e-01,8.279856931391587072e-01,4.612905854869848721e-01,9.560293594139410711e-01,4.043694950988929726e-01,9.645275522577603233e-01,6.330864450138249389e-01,4.212620319566932059e-01,2.610091571309998137e-01,6.136961062669521461e-01,2.031192500029403991e-01,7.994600748749731700e-01,2.380575210972962208e-01,4.575831536311747438e-01,7.974492720606515261e-01,5.229672685517877673e-01,7.863267167602723262e-01,6.776258519736301222e-01,8.855128606351793108e-01,5.879794227468161383e-01,4.743358745762275563e-01,7.217968441965669779e-01,5.222955004370424259e-01,9.495994584697045049e-01,4.825846038642974123e-01,6.193688193130185704e-01,7.362795732750746502e-01,9.567359438819273976e-01,5.902983510253713151e-01,3.949641433302711890e-01,7.891674623355282581e-01,4.181720914924696997e-01,2.952949196158457523e-01,3.822493694838822731e-01,4.678407527602547189e-01,8.306937135858851740e-01,2.284417730021267301e-01,1.911880754027383555e-01,3.253720899352542384e-01,5.346006046624043329e-01,4.920754753582933794e-01,4.338463426459451822e-01,7.673769674042941746e-01,5.752333407642262753e-01,6.347508210693859620e-01
1.832885436769716159e-01,6.617653371114901040e-01,8.382259370296953893e-01,3.915932921773736530e-01,4.006857643537711233e-01,1.948035408734623830e-01,7.247538913291944329e-01,7.133504755245045903e-01,3.137825733757036994e-01,4.613731320929266300e-01,7.704726408443622887e-01,7.233784810281334021e-01,0.000000000000000000e+00,6.115204551721655779e-01,6.257360542894494504e-01,9.225947296030797551e-01,7.227050664280056935e-01,3.959078269395354122e-01,5.870109207247494743e-01,5.088854057768085193e-01,7.645198845298926127e-01,2.110690397961625664e-01,6.182388383444147317e-01,6.906617773261196636e-01,6.959881221661983197e-01,6.444240648182948394e-01,5.052635202944814052e-01,2.830267663397912359e-01,6.008837826929405157e-01,4.698901035869698650e-01,4.060858704552852139e-01,3.349055573186075080e-02,6.191289909142642101e-01,6.888597629603425698e-01,7.385561531386632961e-01,8.754521106539502051e-02,5.989456720862248451e-01,4.916664967716517509e-01,8.159049827077196060e-01,7.379243470890788359e-01,4.419979696108978229e-01,8.348334784186205448e-01,6.990864765240430989e-01,5.933551516085291411e-01,3.329206587302307452e-01,6.708964312916494421e-01,6.587517300975971324e-01,7.527117077938274559e-01,3.608098551665477882e-01,7.485386491452407087e-01,6.129976952862482564e-01,5.635171339833570103e-01,6.329688805068263147e-01,4.264888844690850611e-01,8.591750045883383979e-01,5.298391531403517929e-01,8.879091651053639955e-01,7.240048765374766937e-01,9.266355477441023947e-01,5.215188829755699196e-01,5.233364536309919046e-01,8.325275387458794807e-01,4.922797774548671734e-01,9.315572124951715383e-01,9.197016177557142402e-01,7.597250277721728784e-01,7.948989830949262370e-01,2.766545762202123893e-01,7.520740938246797125e-01,5.803077378287262444e-01,7.646710822008662145e-02,6.274649778074302409e-02,4.241167556730773835e-01,4.503535939920429998e-01,7.464428601864885326e-01,9.942377298109827954e-01,9.095014540150073712e-01,8.707069715122022213e-01,3.241409689528474969e-01,2.729281496667627094e-01,5.089464708617441602e-02,4.358523379836220513e-01,8.997441441018955155e-01,-8.955704779707501784e-02,9.827774417667111129e-01
8.671128993105747806e-01,9.724308834661934409e-01,5.616904184427036206e-01,7.031218303691904037e-01,7.821212764928375805e-01,5.550974803906666422e-01,6.192130405907646518e-01,4.234189518493810533e-01,3.760860364263234890e-01,9.827627490593353610e-01,7.725176923162023757e-01,9.149763673804672814e-01,6.115204551721655779e-01,0.000000000000000000e+00,6.981175094058316155e-01,2.839421312969386824e-01,7.913305148869195227e-01,6.841005433385792811e-01,4.034769235917312624e-01,5.375247002857160838e-01,6.938026376093251457e-01,4.476012132430755019e-01,5.037922322729029290e-01,6.204539343485351299e-01,6.565802609225170894e-01,6.215529838914309879e-01,6.090227682555402478e-01,7.375640317059004580e-01,6.504018477058438608e-01,5.138769712794115652e-01,1.216639408291945862e-01,5.522642608653599572e-01,6.530412730127510557e-01,5.789413942463377261e-01,6.881665863821028184e-01,6.935424454007623751e-01,3.788893084279136847e-01,4.156166140400498477e-01,8.612485354986672004e-01,6.137058296528945522e-01,1.167853772914402843e-01,9.719704737245806747e-01,8.734708432005997558e-01,5.066187637642389774e-01,8.833378113713074020e-01,5.425782443118734033e-01,7.661685190403619838e-01,9.775666279755609311e-01,9.014085818581473175e-01,8.813465980282653156e-01,8.056590051009069331e-01,9.844595522129067078e-01,8.639706518961276505e-01,4.357404245631603112e-01,2.493418909288716012e-01,6.933375100835397209e-01,9.354701463786855298e-01,9.306197192873987278e-01,7.893088673323771509e-01,5.416887824374095883e-01,2.195655032078640823e-01,6.719909534127714856e-01,4.978358758390526440e-01,4.283750054157827170e-01,6.531007293700732408e-01,2.261838210540481620e-01,7.566252102624051457e-01,7.783599792065979406e-01,5.347450085979097573e-02,8.737546988091404732e-01,8.669675650173094272e-01,7.052230972977977519e-01,7.568205875480088496e-01,1.233427662533621572e-01,7.195464816210761505e-01,9.543898155806744832e-01,4.788414717738272985e-01,1.936492157408949977e-01,4.641301228471919060e-01,5.098869803428376368e-01,2.446298287457169818e-01,2.511762495764268133e-01,8.501354835613740279e-01,3.444489044020777602e-01,4.202392388037768378e-01
5.159175465691741014e-01,4.243057357857897838e-01,8.967745801484627854e-01,7.691191483060531020e-01,7.262304394174752264e-01,5.893125061789845631e-01,2.040681973089045198e-01,6.298296679732150460e-01,7.820963245586298740e-01,6.973491299788087128e-01,6.276467111041897917e-01,6.074228283780613857e-01,6.257360542894494504e-01,6.981175094058316155e-01,0.000000000000000000e+00,5.804084789280585799e-01,6.319728674171610772e-01,5.578552365905447008e-01,2.324327460725413019e-01,6.767096269089063476e-01,9.879881804190231431e-01,7.557023896486750880e-01,2.090268227850516358e-01,8.938446963035768800e-01,4.315902578435124037e-01,9.318656815225847545e-01,4.842570761419605629e-01,6.895604353924003060e-01,7.139734833502705547e-01,4.481583465006357958e-01,3.636824388309192746e-01,7.871487392907061675e-01,5.242424059927399682e-01,1.427260154404353387e-01,7.556127371057388409e-01,3.543204868353382331e-01,4.451022453251812783e-01,4.411548092902246587e-01,7.981428729041459835e-01,8.474938116012479261e-01,5.228346430020744950e-01,5.070259646945176613e-01,3.114176397391654194e-01,6.380716419344305557e-01,9.777127287008307022e-01,6.854065097762442882e-01,4.627657834194585651e-01,7.072861647227678406e-01,7.067703830214602245e-01,4.067446516636704645e-01,7.988761842099161292e-01,7.045520253255480592e-01,5.892532239367055391e-01,4.027781505189065858e-01,6.371212527770242495e-01,7.800589942561702017e-01,8.468691192998406558e-01,6.781390343191919801e-01,6.476626786701114025e-01,5.667701722489311145e-01,1.530925883357984185e-01,4.745961140194410177e-01,3.077577179579538136e-01,2.444088763126558983e-01,6.669935489162257536e-01,6.397156790843069318e-01,6.191155738966411803e-01,9.702825745806831215e-01,5.334522261637165697e-01,7.991957959757367558e-01,6.181101834473398116e-01,7.976359990506109998e-01,5.999301905618685815e-01,5.481385181475422197e-01,6.690392707882261147e-01,8.771643119650230913e-01,6.395109119465169911e-01,2.034984502020009411e-01,5.400404016394784179e-01,3.777990942023679022e-01,4.755916999013339308e-01,3.715526627831564621e-01,8.850627173787025681e-01,3.171993878319219751e-01,2.134782274002059999e-01
5.465391102002919305e-02,9.503621027773299090e-01,8.014809552152676320e-01,5.368437083038398727e-01,5.866420297222849634e-01,5.503215728396740891e-01,5.276326987714042849e-01,6.411734297583242537e-01,5.784242660215619392e-01,-2.223674938943870916e-01,7.547353573772352942e-01,7.975802198489807537e-01,9.225947296030797551e-01,2.839421312969386824e-01,5.804084789280585799e-01,0.000000000000000000e+00,6.206195427999358083e-01,6.967987012439565975e-01,6.737625206483432994e-01,6.856692904455649051e-01,9.128042181709425940e-01,4.239330739449403973e-01,7.594340668870737110e-01,8.790660065108361065e-01,7.088204571088210226e-01,9.287603212245338913e-01,4.685245145755345675e-01,-3.175488175200235630e-01,2.146127466649129789e-01,6.969276141042617112e-02,4.671642040366922322e-01,7.515831105709420701e-01,5.727147038854134564e-01,4.866421623839429778e-01,6.208686573262619524e-01,2.750482244401513121e-01,2.294792747125502796e-02,5.483673940505542355e-01,7.351601169276335002e-01,9.557657225464302186e-01,2.201753797978625582e-01,8.353192315622366415e-01,7.850651923677574029e-01,5.629677061600236732e-01,9.881335622626654658e-01,7.559204083819887066e-01,4.331012935888910453e-01,-1.651591528802980879e-01,5.457511115618964848e-01,4.120807825602877394e-01,6.396714329295295487e-01,4.487856575353852961e-01,4.460171635779992538e-01,9.923050101676269552e-01,7.059281479397010450e-01,3.340756564295844777e-01,8.921347319053056779e-01,7.242211243109381025e-01,8.260638196966677560e-01,5.721733923861478388e-01,-3.710011626771684279e-01,4.369320048256861155e-01,6.234231903554715570e-01,8.733295701680974243e-01,4.703452644578322017e-01,5.433525941902439538e-01,7.737349584173828232e-01,9.726917776419303774e-01,7.482939677181367211e-01,8.124765549307454426e-01,9.396523125576176083e-01,7.215911476467599117e-01,7.372903160455752669e-01,3.991958070549317394e-01,4.854556088075129283e-01,9.066108736022382431e-01,3.271391865912349761e-01,5.894921402741655214e-01,6.894779932878324358e-01,1.982495347327322133e-01,3.289879603927139406e-01,7.322008891626534677e-01,7.175467314755277215e-01,2.540565562425420865e-01,8.175883561146229939e-01
4.554393414991620981e-01,3.308504187149123865e-01,6.797275469478725185e-01,6.392514860851205016e-01,4.919091012290970344e-01,4.233688564826517675e-01,2.935398158512236844e-01,6.812695010572311638e-01,2.339904457636713675e-01,8.486665913504993775e-01,4.772656315075134992e-01,7.481344261195816969e-01,7.227050664280056935e-01,7.913305148869195227e-01,6.319728674171610772e-01,6.206195427999358083e-01,0.000000000000000000e+00,3.393321830144475637e-01,7.476267789168894451e-01,4.328337347357560372e-01,6.724503216107791115e-01,8.808295154521594839e-01,5.863273187897867222e-01,2.280576593701184041e-01,3.740045890300214282e-01,4.753086768147327668e-01,8.603057994838146927e-01,4.653951611779755804e-01,3.800970746506842080e-01,3.777704111199421400e-01,5.110349052657692237e-01,7.762564635377809941e-01,6.672403191961044921e-01,6.301549691543751885e-01,9.377655938453738349e-01,2.649479628840760714e-01,7.043964113807719141e-01,9.403901398591607563e-01,6.000714959138461202e-01,6.551897650436335763e-01,4.117835692145496718e-01,6.131499891221950937e-01,7.724496049896731886e-01,8.640366186440715524e-01,5.721209970482333818e-01,6.694816943702992518e-01,5.268920665656444680e-01,7.081643940210794463e-01,9.173899096316766588e-01,5.066766227413874724e-01,9.200740825248170385e-01,2.541941033154843654e-01,9.987659330045961514e-01,4.517792482324085035e-01,8.993217102304396082e-01,3.220908938273677191e-01,5.770220365887714919e-01,3.793158710566921221e-01,8.989088913854148544e-01,1.226013362883205809e-01,5.882803790146289291e-01,6.019222301022181254e-01,7.666108946242758959e-01,4.432468582138452962e-01,9.864045315216047882e-01,9.655458190982298960e-01,8.169987587896226922e-01,8.082359619215874202e-01,6.514583879284545631e-01,8.196351611666394810e-01,7.267097678326341903e-01,9.179285874489194752e-01,7.493752743152841400e-02,3.650022514436632726e-01,7.732783613776306186e-01,9.951406237180469017e-01,6.713392151256092344e-01,7.932534584575076098e-01,4.410577607152828539e-01,3.944506852145804876e-01,6.579682344009933903e-01,9.154815022468951735e-01,4.293270678374336291e-01,3.820769776917495308e-01,8.488500075741040041e-01
4.490149135069838038e-01,6.724352980366792298e-01,9.259731743389892911e-01,7.972991022033671937e-01,9.586780602076925284e-01,6.809315048708333151e-01,3.208307678516948425e-01,4.464574771041299184e-01,5.377497420512074022e-01,4.599533570572824637e-01,6.601126979481566348e-01,9.799150337962124757e-01,3.959078269395354122e-01,6.841005433385792811e-01,5.578552365905447008e-01,6.967987012439565975e-01,3.393321830144475637e-01,0.000000000000000000e+00,4.681959901129635337e-01,5.230744218868048634e-01,9.832404317270291294e-01,7.739383952844997028e-01,2.090252916066162869e-01,2.386744525360374181e-01,1.175681535816558432e-01,3.370032506279276863e-01,8.667183829285338703e-01,8.093779870072488336e-01,6.607571219184064093e-01,3.200192549411834952e-01,1.623905656621876248e-01,7.167698034688204656e-01,4.842125057719212089e-01,7.138038649347051567e-01,6.992784933719351503e-01,4.384457489157125298e-01,5.231481027069027068e-01,6.900553502106371306e-01,9.517387625670475915e-01,7.711896930333993483e-01,1.443854197623084257e-01,7.244731502931915645e-02,6.005552925289322497e-01,6.755051176062706331e-01,9.316867031662614540e-01,6.897163903523207962e-01,7.166368121949612258e-01,7.031559117212313748e-01,7.236754138507374146e-01,7.822079395455442397e-01,3.066882082689994515e-01,2.851039864709010163e-01,4.295204242448871224e-01,5.137038178534980570e-01,4.082370318500732065e-01,6.595675229182896837e-01,6.727053138691042600e-01,9.157065052991477661e-01,5.393966019514971899e-01,9.186463066327440474e-01,4.515144738894457666e-01,5.034233302298116719e-01,2.041180268504987905e-01,5.586170523579946368e-01,7.337214937408027549e-01,-1.039542399331144784e-01,8.022632759249909151e-02,8.729538662408049543e-01,5.170666555945995224e-01,2.149691374924158904e-01,7.856693026806329527e-01,9.527408334654718924e-01,6.265371416316652953e-01,5.042919289821189421e-01,5.739686442879284867e-01,6.523409086840792348e-01,4.040986134023390464e-01,2.757656240663567404e-01,2.077919212655130188e-01,4.962671045794491143e-01,-1.160025938988827887e-01,8.476810206843415907e-01,3.614634842067825926e-01,4.777072470388906145e-01,5.949208679792982180e-01
