0.000000000000000000e+00,6.141026792447453753e-01,9.252053076852599922e-01,7.416452357960355846e-01,7.187497092266006415e-01,7.662361467060005982e-01,4.123406329826975747e-01,1.358454629010957260e-01,8.757521632265591327e-01,5.040822798453985509e-01,7.940413375958004227e-01,8.222349411970903965e-01,9.033047361644873652e-01,8.212688501733597102e-01,8.588990872106009311e-01,6.861286255790116639e-01,7.804283384323894568e-01,9.084557253805948251e-01,7.210372080915115056e-01,4.009344844426435683e-01,9.606134371197808663e-01,4.248422874969771112e-01,8.738803888700594769e-01,5.282290082094472927e-01,9.987868870151421774e-01,9.833081302050835637e-01,9.202980508265812265e-01,3.237932647051866009e-01,2.681929997444368330e-01,5.403361240866664389e-02,3.166519590781288751e-01,7.423955829147480534e-01,3.003167544590774618e-01,6.862783700158988642e-01,3.111875025493213154e-01,6.572009448799061015e-01,3.553604055600720901e-01,9.107549484610162338e-01,4.382279701067490207e-01,9.775970037137075019e-01,2.685497216931874154e-01,9.736346582353387902e-01,9.957126433489040807e-01,7.950132659620574582e-01,8.408296155733075983e-01,8.481348054650734714e-01,8.462623063392181733e-01,7.354158937937902429e-01,2.014205231285391695e-01,7.568093765265166972e-01,8.927120271387274375e-01,9.077654468217620787e-01,9.507133856484673018e-01,5.404759067758591051e-01,6.893746441998652719e-01,6.139121027653123841e-01,7.107594981130388456e-01,3.357454752077978499e-01,8.811688779827300255e-01,3.802788553636069491e-01,4.904444512667677780e-01,5.937618215010134204e-01,7.648579625051518116e-01,7.751198777547583241e-01,8.291879689937641240e-01,6.373340656987805941e-01,9.604093906758560673e-01,6.179152231823803465e-01,9.776327938157397535e-01,9.664965026433127715e-01,2.080401820330850526e-01,3.838139658604106663e-01,5.794300861395516034e-01,3.736478297089271816e-01,5.450669216746717449e-01,4.248585758380662991e-01,8.164271333792916252e-01,8.210264577959117682e-01,6.273047953405282984e-01,7.278699935123411624e-01,6.436628919272265881e-01,9.101546300565194203e-01,9.440437932420122635e-01,7.535116226676458195e-02,6.818594015054809665e-01
6.141026792447453753e-01,0.000000000000000000e+00,4.127319559209102207e-01,6.101688216134937282e-01,9.284939571819372794e-01,6.879470953874460282e-01,5.860254144174136259e-01,-1.614256328938428742e-01,5.603996515028164538e-01,6.583685505456740028e-01,5.086913722286089401e-01,1.186091211513524701e-01,5.076024599648869540e-01,8.831580721585959859e-01,7.542378690062337965e-01,7.732163783976145899e-01,7.027257015615496760e-01,8.125032844469340931e-01,4.315268950804140857e-01,6.766761945355961316e-01,8.497607236482065396e-01,3.733799206329641018e-01,9.712911138368867103e-01,8.911543956309981862e-01,-1.776611125456944995e-01,6.264311628468410831e-01,7.608196220233507390e-01,6.839634812271071507e-01,3.995902483630053847e-02,3.018591568342657849e-01,2.346355732224665036e-01,7.062260417717507455e-01,8.756882758133648359e-01,5.529535388383906014e-01,6.830939226281889098e-01,7.951557891118787857e-01,1.797551645837216217e-01,5.879831933771453301e-01,7.501849895600082307e-01,5.308424139007166254e-01,5.809484504276785088e-01,5.218720403891046605e-02,8.256433501073705550e-01,6.354579382386941200e-01,4.813653559696462469e-01,6.109864084884412128e-01,6.461392343556230378e-01,6.702279113337417105e-01,8.563342477677093889e-01,7.425755104687721264e-01,2.328049973978594256e-01,7.532423438851101882e-02,2.249232924023599478e-01,2.263662409046545421e-01,5.104491338201952999e-01,7.206885521295259833e-01,4.073858107853555732e-01,3.469303025884921676e-01,9.115376179597932671e-01,1.973027362103773330e-01,4.888424164250980697e-01,6.144056269633847434e-01,4.104651769522368321e-01,8.087441460191867604e-01,2.625277286784667985e-01,6.511115163850397236e-01,6.136717948161932723e-01,7.148669111740728610e-01,5.296334923078883650e-01,6.339340818200824845e-01,6.104645344459828094e-01,9.601036947412771028e-01,3.722368510921152396e-01,5.108979416147007013e-01,7.801858269076391572e-01,9.043999733150549503e-01,9.035056884732247662e-01,4.286472867553388078e-01,7.023555797062329686e-01,3.505541643876941560e-01,6.805967967477428715e-01,9.124790053719270544e-01,5.876383736070566188e-01,2.205627050818151635e-01,7.295936808755167924e-01
9.252053076852599922e-01,4.127319559209102207e-01,0.000000000000000000e+00,9.135163145257493289e-01,8.405678291739760999e-01,7.173616950212743371e-01,2.874259713686844186e-01,6.824396148391662642e-01,6.063618793786644812e-01,9.459459205076959920e-01,9.613722431401438007e-01,6.613912353224177254e-01,5.166885800703239218e-01,8.560675794420090634e-01,7.957407289522366867e-01,9.454244865113444751e-01,7.092780858614233797e-01,9.295196648925381222e-01,9.489192956260079637e-01,6.759288245066561451e-01,5.851202410596616499e-01,8.516899098509960186e-01,6.488827530254630549e-01,4.135777811144983329e-01,9.990789260717529707e-01,7.378953447083891337e-01,7.436751170263848909e-01,3.646283684887829946e-01,4.871547631829021285e-01,5.468197665746853398e-01,4.936914044843331295e-01,7.778420205035876389e-01,9.834449827435896019e-01,9.669492515084932016e-01,7.199338960429848555e-01,1.239545060469802729e-01,1.285804969336817039e-01,3.462821559518095560e-01,8.690003386964035847e-01,4.062317986755427657e-01,4.259981051216488179e-01,2.037048430615306938e-01,6.793936458106379916e-01,6.076568714621458644e-01,8.051050505765087184e-01,9.131883540586367420e-01,7.690934203326184049e-01,7.306064560595331159e-01,4.689222675134256946e-01,8.067877994105447925e-01,6.237738148714339070e-01,4.378118361793372215e-01,6.591311797124128624e-01,8.088735226921048849e-01,5.564959463160870090e-01,7.179826004234151071e-01,7.858193290189050551e-01,5.312442252092506312e-01,4.731918845695182174e-01,5.612741828534737465e-01,4.626008999150038603e-01,8.299926218418661739e-01,7.594331730596608487e-01,6.318523908805403488e-01,4.491869073223598297e-01,3.368277187104007364e-01,9.923502423135087680e-01,6.970384540722718292e-01,7.758420373917324087e-01,7.589106789974567890e-01,5.712262959141122254e-01,9.958810876142112356e-01,-8.642736033581636945e-02,2.653836759304671888e-01,9.757578294662373475e-01,7.964477306457740102e-01,2.076628755241698987e-01,5.412777479995520835e-01,3.625496687526178485e-01,5.114427233011287210e-01,6.591552182604608623e-01,9.289521557773445792e-01,4.523695419296092091e-01,8.576300981027520365e-01,8.540112103356098938e-01
7.416452357960355846e-01,6.101688216134937282e-01,9.135163145257493289e-01,0.000000000000000000e+00,7.592874284186199585e-01,6.333095079425287155e-01,3.776310310719719343e-01,1.400534061214100678e-01,7.656251790657784273e-01,8.766177080116056564e-01,4.017501153939166403e-01,6.277774281777025456e-01,4.205869421456934210e-01,8.289769080467502826e-01,6.689831003008819277e-01,7.121600160950545266e-01,3.238918369298802169e-01,8.807691340159091720e-01,8.851817265468779894e-01,7.287561509813775817e-01,8.518496694122533741e-01,5.152801748910440516e-01,4.072137395567598239e-01,9.355350553710513051e-01,3.094768528442992106e-01,7.823486638034455876e-01,2.700789277559143692e-02,8.548630502396562525e-01,8.272809004970936575e-02,6.714703541542627052e-01,5.915998512274702748e-01,4.205956477472497790e-01,9.300207446233071940e-01,6.648473141481067161e-01,4.989449213545130157e-01,2.356494155792548673e-01,1.136398238082270834e-01,7.240194495157579180e-01,9.890551500347594116e-01,5.195131582312185747e-01,5.468807564098137064e-01,8.880789724796543938e-01,4.239393031477124429e-01,7.489030426293414866e-01,7.010472408786886378e-01,4.754342157848653327e-01,5.465743249117186453e-01,4.836745775829420779e-01,2.763846050760992989e-01,8.287115753463872858e-01,7.662904807696382381e-01,8.723530618742344478e-01,3.431910581253285741e-01,9.363167292525491625e-01,9.607167382822509039e-01,9.536844127364301205e-01,8.568727364667984014e-01,6.508552048382164612e-01,7.484954859157103568e-01,5.471119077033642641e-01,6.927042696906917651e-01,7.627501048493303681e-01,7.854309795282943263e-01,9.844952141091826148e-01,9.309860566286877193e-01,7.073219913838668660e-01,7.293932721381630735e-01,9.806297492858311315e-01,1.723051536444745180e-01,7.062804551586954194e-01,7.298219286103186931e-01,9.679554908513322564e-01,2.228231746419393755e-01,1.051692901309521783e-01,2.696562559523154601e-01,5.014977496973458404e-01,6.497260188361572153e-01,4.608854677125094335e-01,4.505317224749953997e-01,2.076078878597161503e-01,1.946495504197504334e-01,7.290714490442765650e-01,8.753296537650540055e-01,4.960403724585508711e-01,4.761855304160010904e-01
7.187497092266006415e-01,9.284939571819372794e-01,8.405678291739760999e-01,7.592874284186199585e-01,0.000000000000000000e+00,1.822063647249553275e-01,3.752112956886319850e-01,2.358698510717069374e-01,6.316053651716539985e-01,2.669817247376446989e-01,6.118194000301170332e-01,4.238969918171335283e-01,9.486823084321659438e-01,8.443288796090298032e-01,6.315201771823139021e-01,2.008372121040663261e-01,7.174869239548008482e-01,2.434792988232544475e-01,5.056651112278842675e-01,8.148807833267129874e-01,9.035125720863981247e-01,2.764134190050686612e-01,6.673504018224978296e-01,2.373479654042928710e-01,6.501090303112170288e-01,8.089877066167457942e-01,9.701784241773280248e-01,6.985435815548222127e-01,4.052481765883093612e-01,5.668998976412970014e-01,1.061656381103066593e-01,5.030817321997107516e-01,3.711998956310235687e-01,4.189614963061362163e-01,7.520516100431833273e-01,9.731377972106530772e-02,4.553205372979274856e-01,4.787653805881151303e-01,9.205530329404454370e-01,3.419132010691797174e-01,7.081332504182696885e-01,7.230507557499604721e-01,6.848233890223609510e-01,6.261747768652681234e-01,4.896048565988098122e-01,5.124497547330352232e-01,6.143458871648643793e-01,9.348716405915733496e-01,4.084290560643710766e-01,3.452655675976809002e-01,2.380678484185108634e-01,4.788306024366193459e-01,1.647828228085101154e-01,7.475227281158722814e-01,2.518034771916499714e-01,9.483926178234444171e-01,4.828949644694742194e-01,2.349397297454448030e-01,3.252479292707605163e-01,5.533910168059940071e-01,4.206793628357139436e-01,5.680435860567971673e-01,5.251138432922994870e-01,4.652942985020315225e-01,9.722951966996014050e-01,6.232954550446491160e-01,7.786100039420859042e-01,7.413193065165842865e-01,4.558157419673476429e-01,6.952436919204093568e-01,6.748875057118863818e-01,4.013329371693812320e-01,3.476681601669603383e-01,2.506653256545144925e-01,4.188366417406484965e-01,6.306871887586495973e-01,6.984777450601081794e-01,4.925749211100862723e-01,4.199100328794868053e-01,5.884265744983565583e-01,5.749357301100151973e-01,9.122104292263745196e-01,1.460727078922048061e-01,3.068228837866677217e-01,9.262045468392171577e-01
7.662361467060005982e-01,6.879470953874460282e-01,7.173616950212743371e-01,6.333095079425287155e-01,1.822063647249553275e-01,0.000000000000000000e+00,4.489964198408090690e-01,7.623049484640380680e-01,5.431932645135953974e-01,2.287064072294319184e-01,7.985662173125824825e-01,5.959068357632968382e-01,6.174204675347030324e-01,7.516678574305188931e-01,5.681455938280041140e-01,-1.162166396985385708e-01,5.811101388113503186e-01,7.957614563713997224e-01,7.652311627274116512e-01,7.536302600508479888e-01,4.441775595392403742e-01,2.513035092344008681e-01,2.385530931736069837e-01,7.443180969718916629e-01,5.996401391915089363e-01,7.588999781812784118e-01,4.476138998013057813e-01,4.737142775637091102e-02,7.587133933941250241e-01,2.458294017325635683e-01,2.565283013579352511e-01,5.607226440135971712e-01,4.273509426928221999e-01,2.373884754330878588e-01,7.970380623875301662e-01,1.716238832156611882e-01,1.604707012365508001e-01,4.279684809009732804e-01,4.419047950170482131e-01,7.356185385318642078e-01,4.347679124118155047e-01,6.480390134436441185e-01,6.728371287533879697e-01,8.284456915517184328e-01,4.123200510610585123e-01,4.072795556583105880e-01,9.514095413365939446e-01,5.995068814369778343e-01,7.728341142627990212e-01,6.135880239269069225e-01,5.459993943138816697e-01,8.058313996265435986e-01,9.112375178781575435e-01,5.699014327438358674e-01,7.618278674187528576e-01,4.136835746185384410e-01,7.867423152248987916e-01,6.307701532384801801e-01,4.345609016510849631e-01,5.594023800881676722e-01,9.780631073033943523e-02,6.136314967499776341e-01,7.720166300619705213e-01,8.246297843881383871e-01,8.640159749876976658e-01,6.445448085578842079e-01,7.021070410592513689e-01,9.156467161888619533e-01,6.650558329476374819e-01,7.322610948234086203e-01,9.675227304671256690e-01,7.879169560292272889e-01,-1.477667916055211417e-01,5.293905009035950737e-01,2.472260809029594719e-01,4.541883676073915077e-01,6.133863293068355649e-01,5.537202214781933307e-01,6.786904040852000108e-02,3.434792479771815454e-01,-5.449845384802032289e-04,4.234962435650105328e-01,8.577369063305633201e-01,5.089729445460153823e-01,9.149169051568412092e-01
4.123406329826975747e-01,5.860254144174136259e-01,2.874259713686844186e-01,3.776310310719719343e-01,3.752112956886319850e-01,4.489964198408090690e-01,0.000000000000000000e+00,4.832455579623693431e-01,6.840403598684983155e-01,3.793035652359613152e-01,6.651276304629877290e-01,4.431248155900859853e-01,2.862622573673981319e-01,3.150014067538120521e-01,3.861301150723716602e-01,6.072351851240099796e-01,7.039717418540951677e-01,6.925838377771912358e-01,3.549615099217927616e-01,1.471328471037769599e-03,7.495861284905115385e-01,3.293638480792274170e-01,2.890595470999514083e-01,6.570965245381102937e-01,7.669952513740223576e-01,1.802197238089782091e-02,6.627318342575916343e-01,4.485090984784136370e-01,5.354754934126043642e-01,3.993924269787792469e-01,3.980074705770146881e-01,7.717492750886659758e-01,2.846716333869114823e-01,6.547721765366198987e-01,1.281413050471221504e-01,2.417492311208251921e-01,3.034453880976455409e-01,7.119258856792842760e-02,2.946658410154401331e-01,7.536926112868622685e-01,-8.445597612466075599e-02,6.017478785493957094e-01,5.810212772151517324e-01,7.250571844071349581e-01,4.612122125645186088e-01,3.031794874661060124e-01,4.736387543920754783e-01,5.360413148496692148e-01,4.568721435855754853e-01,3.088315858624650079e-01,5.496230373114145973e-01,7.229104830759075506e-01,7.756457597973417384e-01,5.905507500660527320e-01,4.305187825877756502e-01,3.441934797560517456e-01,3.511051667858253178e-01,3.256063562549582624e-01,8.360316607202903372e-01,6.156616373988940127e-01,3.130747211004584196e-01,4.766551408276625823e-01,6.997496517986653286e-01,8.841360052486825216e-01,8.420045895651353529e-01,3.355083628346207103e-01,1.254548709339282364e-01,8.281562880330815002e-01,7.144303939520553204e-01,4.486648464027344629e-01,4.683811978658642405e-01,3.542994884747528994e-01,2.000211430344237262e-01,5.301965745644663386e-01,6.275665316111892489e-01,2.105656423107798159e-01,5.612270735266103872e-01,5.302111857100237913e-01,3.981914274583430169e-01,3.175214929719384349e-01,5.797723909903873540e-01,2.363529967289495007e-02,6.993397174507377523e-01,1.355167829541464586e-01,7.049186943350437273e-01
1.358454629010957260e-01,-1.614256328938428742e-01,6.824396148391662642e-01,1.400534061214100678e-01,2.358698510717069374e-01,7.623049484640380680e-01,4.832455579623693431e-01,0.000000000000000000e+00,5.628181232289106717e-01,8.515184057152485053e-01,6.698154602300848692e-01,9.218100854266028099e-01,2.601975847627854832e-01,5.589415614601462856e-01,7.232113426546056267e-01,5.067581249226029705e-01,6.831968551385867450e-01,5.377214019221578933e-01,8.184767986245448101e-01,9.661053238298557000e-01,7.485906428394688561e-01,6.494675331179946554e-01,3.289120352649137491e-01,4.281439926724669998e-01,1.912456383648300506e-01,5.275434680258366260e-01,2.025488537749729756e-01,2.618586228953833084e-01,5.521067260353507145e-01,2.365122415828984637e-01,2.257906002372742083e-01,4.591109216413654104e-01,7.890090101606862527e-01,5.527023190379811712e-01,4.249042737145225512e-01,6.068395574439233719e-01,9.105007067347391236e-02,4.700307101510481367e-03,3.900138181854579944e-01,3.746718157177167385e-01,4.467264836072784018e-01,2.720401485461233504e-01,9.531244613135353427e-01,5.923517404276250620e-01,6.416437511811672323e-01,5.544873850939218141e-01,6.885068991680893813e-01,5.838507800328683883e-01,5.142154325948968818e-01,2.987465477883342602e-01,7.508848177921572109e-01,6.947312122696652770e-01,4.624104435488611275e-01,6.644551209512047363e-01,6.276854720278268740e-01,7.414101908579097122e-01,2.620508598823306778e-01,7.375019085482480419e-01,7.195083510703974561e-01,4.318201780498368558e-01,1.366701279752924603e-01,5.389025380796064191e-01,4.516943877894742387e-01,7.954734916234500464e-01,8.690663490552537063e-01,4.332089938728401202e-01,4.201390631369291695e-01,9.306110021404123689e-01,7.178684871659043454e-01,7.008206872409272759e-01,5.275986300705506338e-01,5.939637453320614213e-01,1.139896460795068595e-01,2.090590354322755251e-01,4.804174483293469078e-01,8.338815675590234289e-01,3.236651664947765017e-01,4.245651252580878721e-01,4.224714753325096162e-01,3.493637350438205669e-01,4.435103611183204286e-01,8.535265945780701191e-01,4.208007269883762280e-01,5.727945366300682961e-01,2.826650366446925577e-01
8.757521632265591327e-01,5.603996515028164538e-01,6.063618793786644812e-01,7.656251790657784273e-01,6.316053651716539985e-01,5.431932645135953974e-01,6.840403598684983155e-01,5.628181232289106717e-01,0.000000000000000000e+00,5.871179905513426167e-01,6.053723446850128864e-01,7.636303732134931410e-01,7.233187948782349164e-01,3.452163367210336897e-01,6.866105707676261050e-01,2.368101407271070991e-01,5.192623133221387910e-01,8.053243876417611746e-01,3.415312476437347700e-01,8.079183008963645163e-01,6.573399168667570791e-01,5.028180236196682085e-01,6.647614186152807081e-01,8.208887758274737712e-01,4.744022198940364143e-01,7.192402149783320153e-01,5.540265273690370140e-01,5.006081845022279930e-01,4.500749938809477935e-01,3.266800665605634757e-01,2.229041483263059509e-01,3.145307881583532805e-01,7.813507320941572853e-01,4.656515678766026123e-01,6.819828535597861618e-01,5.805432049933217931e-01,5.248231684480967330e-01,8.411724824534784206e-01,9.161594259582381827e-01,8.601171167719696697e-01,4.878075086988116205e-01,5.458556749615890435e-01,5.050721722553421777e-01,9.071929715875903799e-01,9.519417964579400815e-01,9.809248215580212982e-01,6.601249912225032324e-01,3.323589953775041295e-01,5.345566005372582863e-01,6.340843159352987923e-01,6.339845439097757662e-01,7.758198737652541865e-01,7.228744669628850428e-01,6.431774828075212946e-01,7.973694538700604184e-01,5.553461440467615251e-01,3.298512690327664032e-01,2.068026085287368865e-01,8.092787744128081551e-01,9.104955560398267367e-02,7.494725945368266862e-01,4.684551442599743099e-01,4.772874444021634188e-01,9.287414780402517556e-01,2.288200398620694465e-01,5.298186671270002090e-01,3.835492329141182433e-01,6.039028401963392190e-01,8.090673200655040809e-02,3.413822351287691959e-01,5.451279111923030829e-01,7.249775930669202229e-01,4.526302059278760614e-01,7.082262197558916172e-01,2.681110659407302532e-01,7.037587939929302872e-01,9.840364287986238523e-01,5.844629680985018449e-01,6.209833285999272201e-01,2.529544434451612145e-01,5.207277507914064296e-01,6.820834010509868595e-01,9.446737245147833750e-01,2.008235382387525969e-01,5.334761525728870524e-01
5.040822798453985509e-01,6.583685505456740028e-01,9.459459205076959920e-01,8.766177080116056564e-01,2.669817247376446989e-01,2.287064072294319184e-01,3.793035652359613152e-01,8.515184057152485053e-01,5.871179905513426167e-01,0.000000000000000000e+00,1.596347888414381133e-01,8.596356277464128892e-01,8.271551097219337345e-01,4.198650151039924339e-01,7.970597400269607835e-01,9.944550480445764062e-01,9.032694487178327680e-01,4.865312673376304131e-01,2.773813595960602507e-01,8.748098322154753692e-01,5.190900091768997360e-01,9.812157273647337252e-01,7.848001793944707760e-01,9.896877932440907299e-01,6.383707545584098586e-01,4.680427823365604367e-01,6.064275961165372930e-01,6.297108366374398747e-01,3.413110377085438740e-01,6.367513790436095666e-01,7.987162491599459901e-01,6.040846541397475455e-01,7.227369782638762841e-01,5.907006419800191477e-01,7.902163832485507022e-01,2.871044177064244196e-01,1.563070349267555170e-01,7.568936595383514154e-01,4.966417196481383023e-01,8.368634731457977871e-01,3.915851125340084060e-01,5.555915264516865237e-01,4.883321278052549785e-01,7.349220834266301239e-01,5.974101946057635004e-01,5.345796251925638565e-01,7.997582717116616946e-01,6.864889137564009758e-01,1.358193286390116938e-01,6.711711128744665134e-01,3.274511199028988795e-01,4.360589882757029967e-01,7.402821321481030115e-01,5.452719509128221009e-01,1.606624019589915631e-01,6.045588758917213035e-01,5.093979179329410911e-01,6.305486575163944396e-01,5.457328923530283538e-01,5.536278933382529077e-01,3.410499083683924959e-01,2.572518435192736597e-01,4.020905497453712285e-01,3.127259067584046148e-01,6.900624056944757445e-01,2.233669676259597558e-03,6.547888170077720282e-01,8.420413713790719790e-01,7.821913018318227273e-01,4.906954066350598942e-01,8.450281125952513461e-01,7.937434387080762876e-01,2.477798670577099072e-01,5.742613524399095004e-01,1.545300777672947157e-01,4.157213936850241986e-01,7.067277907665747705e-01,2.050414172059346340e-01,2.691822857887513631e-01,1.820157319145738195e-01,2.983217575206869032e-01,9.782370056883979981e-01,7.820278428948244098e-01,5.064039839919484143e-01,5.039528362100612613e-01
7.940413375958004227e-01,5.086913722286089401e-01,9.613722431401438007e-01,4.017501153939166403e-01,6.118194000301170332e-01,7.985662173125824825e-01,6.651276304629877290e-01,6.698154602300848692e-01,6.053723446850128864e-01,1.596347888414381133e-01,0.000000000000000000e+00,5.815334098277684660e-01,8.141441896645740250e-01,3.213060984413037557e-01,6.596376453164088938e-01,4.564184728813865388e-01,5.837790137555242120e-01,8.589183156204205360e-01,5.227238707773294024e-01,5.126398444053972270e-01,7.992089360100973483e-01,9.691367862930266863e-01,6.995470526594201877e-01,7.970942287685962580e-01,6.503932590155983018e-01,4.552030115909080910e-01,5.802804193161503754e-01,1.312666172247914931e-01,5.092865636121386430e-01,2.300804765117989426e-01,5.381439130446360464e-01,4.995431399388537974e-01,6.360373408973494236e-01,6.170241950920185570e-01,6.188890764642606124e-01,6.974737792696639183e-03,-5.366363710950039501e-02,3.872143604428087693e-01,8.872503254959487329e-01,3.498292711673305355e-01,4.656708030661482756e-01,5.260718503169130589e-01,7.443199215407718672e-01,-1.919539618722937435e-01,2.879270852867040764e-01,9.073847596208040045e-01,8.448021417530050536e-01,6.783005958476625574e-01,4.696773437522900885e-01,8.563063850498392471e-02,6.632128291779494367e-01,6.617633029676112111e-01,7.587095507066068389e-01,8.342309944293915258e-01,4.320548597546199909e-01,7.178126592871123535e-01,9.814045778983315760e-02,4.500813207573896579e-01,8.354620306717897016e-01,1.299302217919638680e-01,7.737831629857766513e-01,9.896985069138333757e-02,6.732200878378922226e-01,2.892665225985766031e-01,8.485568187375119864e-01,7.556870908596621250e-01,8.022434642552940254e-01,8.126176096398690651e-01,7.080674756041693829e-01,8.264799297364656683e-01,4.969309916652663861e-01,5.267628572526352748e-01,3.153557266753637123e-02,3.825879130126883521e-01,6.094691423815535858e-01,8.999308563194051702e-01,9.669058553705551784e-01,6.268794194652778373e-02,6.362400591317427523e-01,5.228213323230983534e-01,3.265897914526395551e-01,6.385939037306376242e-01,6.884028486535234137e-01,-1.687843153782470074e-01,7.964102827021810604e-01
8.222349411970903965e-01,1.186091211513524701e-01,6.613912353224177254e-01,6.277774281777025456e-01,4.238969918171335283e-01,5.959068357632968382e-01,4.431248155900859853e-01,9.218100854266028099e-01,7.636303732134931410e-01,8.596356277464128892e-01,5.815334098277684660e-01,0.000000000000000000e+00,2.885602490776718598e-01,8.354297131257589770e-01,9.383287218100588856e-01,6.574295425068822363e-01,5.012480121415737733e-01,7.887106559022039054e-01,6.909746387543587165e-01,7.021079760799066039e-01,8.515752280732497015e-01,3.606875469944411661e-01,8.561957683410384989e-01,7.795532062085159808e-01,4.662127390695374740e-01,4.270047269260528466e-01,8.355111967583263022e-01,7.924139411473312133e-01,6.836422894948617213e-01,1.361419119203093400e-02,5.151209317219952455e-01,4.563671365577435246e-01,2.882399248938878888e-01,7.692167594508215744e-01,4.732118413449789562e-01,7.192430399886031722e-01,5.860579753070593867e-01,6.682958661448816784e-01,7.868376931111457084e-01,2.010422789304533442e-02,7.544643513732661455e-02,6.124344211737863253e-01,7.738076772451593088e-01,6.697571944420361856e-01,6.985687662711402846e-01,8.741130200486720847e-01,7.877722930918922284e-01,7.474469663073739500e-01,3.669875163108270444e-01,9.735613849248984097e-01,6.767345535096240816e-01,5.918262466786787801e-01,9.093881979100066903e-01,2.349752630371526874e-01,7.333688987809192650e-01,6.679676374708072573e-02,7.285002174257200203e-01,7.186764212712754007e-01,9.045963482156723634e-01,5.804940475416423551e-01,-2.764346766233988228e-02,4.872170456992477305e-01,9.951802060566623531e-01,5.906983145743538444e-01,7.873146527948772233e-01,9.715429907614023808e-01,3.938974018889065398e-01,9.963215865861054787e-01,5.352956799640835595e-01,7.621050557096890055e-01,5.771280514666794481e-01,5.340170074439417602e-01,7.977778357974565360e-01,5.355852256033164505e-01,5.399978375510720019e-01,8.797159673116218270e-01,5.761956598808940511e-01,3.735063503742099833e-01,2.686841815834420943e-01,2.018174896503711069e-01,2.740747986464478481e-01,8.137455768405091883e-01,7.946372890980688553e-01,2.158461008042756868e-01,5.715968074096420271e-01
9.033047361644873652e-01,5.076024599648869540e-01,5.166885800703239218e-01,4.205869421456934210e-01,9.486823084321659438e-01,6.174204675347030324e-01,2.862622573673981319e-01,2.601975847627854832e-01,7.233187948782349164e-01,8.271551097219337345e-01,8.141441896645740250e-01,2.885602490776718598e-01,0.000000000000000000e+00,3.858950835684751834e-01,6.363953446936188030e-01,6.510099507622271187e-01,2.951773409849827168e-01,7.495554652689981889e-01,7.760127791112672035e-01,6.847114016463123898e-01,6.889761621445470441e-01,6.945227723319289392e-01,5.477035762911035555e-01,9.515343021713288385e-01,5.394274758396899738e-01,6.311289564085874604e-01,5.013984395433065400e-01,6.645576998930015078e-01,6.132174133135176453e-01,2.598795652990961713e-01,2.815126450540474945e-01,7.647888173771474341e-01,5.412840244277634660e-01,4.604245864980841541e-01,4.639786396480281017e-01,2.790055363779881947e-01,1.958163413578894174e-01,9.889302364447765115e-01,6.587433572337183518e-01,7.963730820838447189e-01,3.696038761050917110e-01,8.816062865777297697e-01,4.945790319940243651e-01,1.033740291377021614e-01,8.017258595559423329e-01,4.359146869734322194e-01,9.403780819801269564e-01,5.457192687178197277e-01,6.434692219475706132e-01,9.561151810051395916e-01,7.185502717906570025e-01,6.791383090395772815e-01,8.666004561677951301e-01,5.655792070919016812e-01,3.552445182420380793e-02,9.218116683401977873e-01,3.473417526899513774e-01,5.278893934346768901e-01,3.633987823417655916e-01,1.677677797698872153e-01,4.117801992195903038e-01,7.685029881115383876e-01,4.914800697007977726e-01,6.506473460388429997e-01,8.006445199399840895e-01,4.085543839645264796e-01,8.103425909582618880e-01,6.896460273254679807e-01,5.923914186736845000e-01,1.421305645066388845e-01,9.960884178479451068e-01,9.026401856545903657e-01,2.309108151298922551e-01,6.084310995722457260e-01,6.689015113618707042e-01,7.836453284735915847e-01,4.779616739873371878e-01,8.027236685679315364e-01,-1.055801253178427768e-01,5.451517189523089613e-01,6.476497909915326368e-01,6.609945830584831317e-01,8.046424561023308719e-01,2.271211693262255582e-01,7.019132032619055384e-01
8.212688501733597102e-01,8.831580721585959859e-01,8.560675794420090634e-01,8.289769080467502826e-01,8.443288796090298032e-01,7.516678574305188931e-01,3.150014067538120521e-01,5.589415614601462856e-01,3.452163367210336897e-01,4.198650151039924339e-01,3.213060984413037557e-01,8.354297131257589770e-01,3.858950835684751834e-01,0.000000000000000000e+00,5.411889902685720344e-01,8.085991273790147371e-01,4.221342131907445117e-01,9.507808519711358208e-01,6.199543347783581515e-01,8.898896605793729098e-01,7.288529320498936537e-01,5.291142345943293801e-01,6.517393777563245116e-01,7.385654463793825952e-01,1.454779642947841116e-02,7.822405061430190987e-01,8.022671879988142463e-01,7.003025185561883026e-01,6.924619816636928826e-01,3.972275154121261420e-01,2.013878542419386408e-01,4.384191555434261423e-01,6.645363099525605777e-02,8.141183514050608361e-01,4.775744561976003055e-01,3.434894186247110515e-01,1.326059127073550836e-01,3.496006166981803220e-01,9.406378708824260082e-01,6.123490619640266086e-01,5.625708151829689196e-01,6.187080154325663717e-01,9.324419809230204415e-01,6.525243535659499550e-01,9.092844445426011557e-01,7.709102217280500158e-01,4.067021559256930319e-01,6.780550207240843008e-01,9.623206781849671376e-01,4.465376451105001476e-01,6.903731677554705293e-01,1.384710145426784333e-01,7.010893119418081243e-01,6.872109355682675114e-01,9.702542797682240927e-01,7.261117523626993142e-01,2.425930254504136963e-01,5.154312817415535042e-01,9.216918049031316285e-01,1.423409477162036578e-02,3.896292090507212924e-01,7.357028851232563227e-01,6.048546076104968083e-01,7.945058176195791688e-01,9.283359526364228786e-01,7.433047028811303747e-01,9.383105322061441322e-01,7.244652198659222719e-01,4.863549659663315428e-01,5.427166814468811218e-01,7.136430842724410528e-01,9.899299108249746126e-01,5.542061731576006789e-01,5.415904734566973078e-01,1.813749143708890399e-01,7.734388437487154100e-01,4.506571259861848477e-01,8.342620280415072864e-01,5.733965355480326043e-01,5.311909758704126405e-01,8.970732639599224845e-01,8.933543544957779359e-01,5.326378643477989172e-01,1.578110483427571376e-01,8.800633526979693144e-01
8.588990872106009311e-01,7.542378690062337965e-01,7.957407289522366867e-01,6.689831003008819277e-01,6.315201771823139021e-01,5.681455938280041140e-01,3.861301150723716602e-01,7.232113426546056267e-01,6.866105707676261050e-01,7.970597400269607835e-01,6.596376453164088938e-01,9.383287218100588856e-01,6.363953446936188030e-01,5.411889902685720344e-01,0.000000000000000000e+00,7.622068409744768847e-01,6.402129376216623147e-01,9.324161204941338044e-01,7.858993563098349844e-01,4.895928502186054909e-01,8.070169236363884391e-01,4.463137031906513896e-01,6.093712919383988957e-01,8.057256785100007646e-01,6.242198640773527485e-01,7.208205926936525065e-01,8.743169172441958015e-01,4.887977820419579511e-01,2.851159927560592000e-01,1.595026301335251626e-02,2.123962802932076455e-01,7.935787406374118502e-01,7.778946742370230760e-01,7.746479936246786213e-01,4.588710982835924601e-01,2.669444488973105045e-01,2.173098769967876098e-01,7.609386754836381384e-01,5.973311324712097248e-01,7.462889856396746069e-01,2.282071072122689448e-01,4.188225335726519227e-01,8.443718351729114779e-01,6.712025468418160168e-01,7.394395137035540966e-01,9.400684915661050578e-01,3.684210994205586731e-01,5.366587705135392738e-01,6.855305473305651764e-01,2.254664037249478614e-01,7.114121644852233750e-01,7.433009534004577645e-01,6.943117508425166173e-01,2.165474201874906246e-01,5.760212617454134598e-01,7.058069149404736509e-01,7.858362588387830527e-01,4.728960952506776616e-01,9.570556505883569542e-01,7.526641980614549032e-01,7.960857686455016236e-01,4.358972441892119964e-01,7.528124962469124881e-01,9.689083033176996151e-01,7.998291165133437908e-02,3.340913275768512825e-01,6.091594502806437772e-01,8.178345133109707898e-01,5.146318583927503854e-01,7.935762176409911772e-01,6.203817617555398289e-01,4.181879033103676480e-01,2.032473573678527656e-01,5.984421368568142441e-01,3.060844975482049923e-01,6.518516197309336402e-01,2.809436740664194021e-01,5.963559898246946211e-01,2.942900502449548039e-01,-5.243850884684156388e-02,-3.519071511862764678e-02,9.268913152429287816e-01,6.501089715402829095e-01,4.047165297096032566e-01,6.748000848699601262e-01
6.861286255790116639e-01,7.732163783976145899e-01,9.454244865113444751e-01,7.121600160950545266e-01,2.008372121040663261e-01,-1.162166396985385708e-01,6.072351851240099796e-01,5.067581249226029705e-01,2.368101407271070991e-01,9.944550480445764062e-01,4.564184728813865388e-01,6.574295425068822363e-01,6.510099507622271187e-01,8.085991273790147371e-01,7.622068409744768847e-01,0.000000000000000000e+00,6.486373655670492067e-01,8.598602298911025565e-01,7.776741083456097936e-01,3.904463291235193978e-01,6.231092070121979631e-01,4.985695854273815009e-01,5.847850667343265085e-01,9.953045362359193016e-01,5.681753678835707033e-01,8.285511112858557903e-01,3.824420640289405426e-01,2.246722057539166095e-01,5.047312256492926252e-01,4.063150840321992918e-01,3.578763121951917814e-01,7.017256224240961959e-01,7.377256587499623208e-01,1.300561774949788862e-01,6.901265254602566568e-01,4.072667159435658935e-01,5.676530376935277067e-01,4.669012476864174976e-01,9.263041061719688996e-01,2.318430946099125922e-01,2.685447472754003972e-01,8.075332917704799440e-01,4.357271032205780603e-01,7.692045742704067823e-01,5.072097126854067106e-01,6.574104363754812441e-01,9.434126046217289341e-01,6.605652172587858084e-01,4.417511701186404571e-01,5.015235048701900400e-01,2.317283563284160477e-02,5.401997552267715497e-01,-2.191063315263083733e-02,4.896477635570726239e-01,5.566718092624223235e-01,5.192125055882671480e-01,2.392766885535228538e-01,6.226542542681298142e-01,7.714162478902450992e-01,3.517849940033267453e-01,1.406340364089047890e-01,1.529691117068038286e-01,1.432089938408275531e-01,6.608151523174057296e-01,3.752718474899099377e-01,5.077754898491205759e-01,8.390338704309447948e-01,8.353539824435107786e-01,1.933973938394600856e-01,5.585945978817314916e-01,8.337909431218410994e-01,9.866573509487063243e-01,4.492233996819274267e-01,5.252245717163929184e-01,8.452066904899899757e-01,4.373853796747471101e-01,8.458228563129004396e-01,8.550375420907776469e-01,9.634870035171548552e-02,5.607616314113164080e-01,6.946652197072004098e-01,7.234801270440426313e-01,6.515055099482043310e-01,5.671823609618225071e-01,2.261057734580337875e-01
7.804283384323894568e-01,7.027257015615496760e-01,7.092780858614233797e-01,3.238918369298802169e-01,7.174869239548008482e-01,5.811101388113503186e-01,7.039717418540951677e-01,6.831968551385867450e-01,5.192623133221387910e-01,9.032694487178327680e-01,5.837790137555242120e-01,5.012480121415737733e-01,2.951773409849827168e-01,4.221342131907445117e-01,6.402129376216623147e-01,6.486373655670492067e-01,0.000000000000000000e+00,5.693612491402442188e-01,9.038608262811728133e-01,9.749756221778258514e-01,7.564244001938011941e-01,6.826486595945385760e-01,6.925199669688333337e-01,8.959848749980239280e-01,9.098610823787282031e-01,8.480315064455494767e-01,6.879280600147660296e-01,2.071605448117800341e-01,3.768479534765538652e-01,3.831024260440027418e-01,4.456533043538771222e-01,6.753640560424204464e-01,8.306728537653407241e-01,9.840943057275736150e-02,9.023812742193823011e-01,1.183727895982193551e-01,4.196122983610361401e-01,3.069610118636835194e-01,7.333059709499689660e-01,7.398588263054588499e-01,7.306251676561728026e-01,6.732780721765311283e-01,2.841794355655243853e-01,4.265450240614108157e-01,7.928102837319792595e-01,8.654342620191664004e-01,3.054854509249489980e-01,8.030815548410422666e-01,8.371826142580977015e-01,7.854946972353180623e-01,7.563054149225236777e-01,8.957159215928618412e-01,2.950061501725930735e-01,7.490895152854230021e-01,1.474819917558437554e-01,5.731242809359778922e-01,8.417213441595695622e-01,5.905864861169358715e-01,5.119177211434264851e-01,6.816077807909252106e-01,1.127880993022110645e-01,6.646882467514132475e-01,7.219391857565844450e-01,7.387268665319528527e-01,8.548771668464366646e-01,4.399155983462165742e-01,8.026590086775033939e-01,4.308032811676208995e-01,3.667933734913416677e-01,3.268600949677989975e-01,6.428828694790889031e-01,6.310608556574117678e-01,5.370355631936123419e-01,4.991777957704446878e-01,7.134522512561570773e-01,4.030024565326106867e-01,7.233047320297522065e-01,8.614248506277691897e-01,7.554207922202244019e-01,2.066637561182259053e-01,7.403580442221171509e-01,8.239694096777221421e-01,9.133250288482981372e-01,5.844724208503693230e-01,9.723991191472033391e-01
9.084557253805948251e-01,8.125032844469340931e-01,9.295196648925381222e-01,8.807691340159091720e-01,2.434792988232544475e-01,7.957614563713997224e-01,6.925838377771912358e-01,5.377214019221578933e-01,8.053243876417611746e-01,4.865312673376304131e-01,8.589183156204205360e-01,7.887106559022039054e-01,7.495554652689981889e-01,9.507808519711358208e-01,9.324161204941338044e-01,8.598602298911025565e-01,5.693612491402442188e-01,0.000000000000000000e+00,6.057113705620480459e-01,7.336148418214079037e-01,6.398734057348316462e-01,7.562122162064266462e-01,5.624562344280634729e-01,2.067156768921304955e-01,6.502913850751328440e-01,7.734537247367081481e-01,3.872613556327051398e-01,6.593257958903878668e-01,5.157653279986598172e-01,2.883784255656216544e-01,7.564839363708656395e-01,3.464939446712895776e-01,6.602668569069344295e-01,3.720955813200453877e-01,7.834020127050203008e-01,-2.131901933851844677e-01,4.165619976220537035e-01,7.322691664959539715e-01,6.512078509424068518e-01,3.350241113713915420e-01,-1.122751974184011958e-01,-1.658791611588159576e-01,6.105950400152956314e-01,9.116321786771856006e-01,8.002932478741128230e-01,6.296670156614052327e-02,6.789750393940279238e-01,4.682996849377737969e-01,6.509760947356783012e-01,7.513039953017635053e-01,4.851103549093068734e-01,9.461713644163417536e-01,2.547650559676885029e-01,3.080134665688665785e-01,2.965156191716993850e-01,5.862053386245736908e-01,6.399648736457378417e-01,8.420429205442182541e-01,7.158342771874042221e-01,7.716336386913444922e-01,4.142369695445420885e-01,4.104476855177685013e-01,8.294597858033669890e-01,6.651820871505573773e-01,9.325109518160168420e-01,2.279437272450176299e-01,7.000475121605401752e-01,7.161858391550537384e-01,7.543500680739033681e-01,-1.942104280731207777e-01,6.851682811349170121e-01,9.318227402793440861e-01,2.984484710050025469e-01,1.699462508766332869e-01,9.282707605465103651e-01,4.942702586783697116e-01,6.956009937220047901e-01,6.653874778160683290e-01,5.637107096808714468e-01,1.406004270090519537e-01,7.156645424703516056e-01,9.183461404402550876e-01,4.192559720507081922e-01,3.682716597606659481e-01,8.686593859544468055e-01
