0.000000000000000000e+00,4.993711963299612977e-01,6.750972090699083328e-01,6.108009956943023511e-01,9.325127257100422895e-01,7.985428013804203307e-01,7.963906464105854344e-01,9.572449612066389335e-01,6.656028973363520285e-01,8.782897932511493089e-01,9.843936346045583097e-01,4.343779590169503102e-01,7.723282768815469268e-01,4.793069208883430354e-01,8.812419107165235799e-01,3.195112612673851604e-01,8.184866367219225669e-01,6.884656727568166934e-01,5.881025744820294054e-01,8.367378386346211450e-01,8.481720700839002758e-01,9.541608146986650940e-01,6.515097843300596825e-01,6.141215648897959678e-01,8.017132060056769705e-01,8.722590617974659288e-01,4.514759215775237533e-01,9.322720559939625673e-01,4.336668375493815120e-01,2.715278576023787971e-01,6.636073311273769093e-01,7.637938788286742220e-01,6.453424198602890627e-01,4.451965632295976083e-01,8.656933041020848929e-01,7.931271757640006026e-01,9.729119955363980943e-02,9.171532783402631672e-01,6.274697658846457582e-01,7.676235708419327786e-01,4.973522314336739081e-01,2.500011146818545971e-01,6.472319217687372284e-01,6.721913215708881228e-01,7.871622954661733340e-01,1.400446429995187703e-01,2.147745165870219297e-01,5.358865472539332542e-01,9.933639316399853758e-01,6.799615348709745488e-01,6.305348073253776997e-01,7.212960464355245849e-01,5.359979235003470288e-01,9.247563250468612273e-01,6.236251900660328973e-01,9.330822646651868446e-01,3.228747432346674717e-01,4.443628561513077169e-01,4.003659311997956882e-01,5.992256709271541748e-01,3.583507186842089243e-01,9.342126398128300924e-01,6.428100445579236766e-01,4.085670712732973886e-01,7.891864800565735472e-01,6.699326953138240448e-01,5.195927643281691433e-01,6.077650702182146869e-01,6.967749462162453611e-01,9.791755349738667791e-01,5.903413252313722825e-01,6.392520249823735456e-01,8.016477811851119295e-02,3.246933010509990281e-01,7.080513635519083415e-01,5.863365439239160981e-01,5.935728705726446286e-01,9.809184201925579272e-01,2.246265855779385479e-01,4.287615858380738332e-01,4.509826165747893301e-01,4.206980245388611817e-01,7.290567284634689171e-01,2.388676600257930716e-01,8.102840053250669472e-01
4.993711963299612977e-01,0.000000000000000000e+00,9.296673706152209782e-01,6.899897747194828623e-01,6.515198444846436177e-01,7.462026828235893694e-01,7.351502630640978087e-01,3.745763780822917166e-01,7.595421509614775912e-01,5.161703370257426648e-01,1.575694651442661742e-01,9.315840789990643689e-01,5.818810984538651532e-01,7.294848780203154748e-01,5.274154999208757744e-01,7.592698142620523116e-01,3.343587810273889599e-02,6.711689572509197399e-01,4.085482137023674909e-01,7.224730225661395444e-01,8.990004387395698071e-01,4.667813268519434011e-01,5.341387971372291155e-01,6.741253365215321702e-01,6.422601912246259648e-01,4.520313205776950727e-01,9.168454341440035460e-01,1.335408771613977863e-01,4.924516946677526819e-01,3.432473720289699187e-02,3.169665188403759104e-01,4.399414449999963783e-01,6.459646390176889685e-01,4.909187359766469250e-01,7.171674839277317748e-01,6.865430994182770696e-01,-1.473336260819224364e-01,6.604182434988884465e-01,6.484923583840838113e-01,9.372370007407426762e-01,6.057370404747403070e-01,7.776265934233999033e-01,5.411647927233771416e-01,-1.278420807957665328e-01,6.223853761708511012e-01,9.595487629149359599e-01,7.479179456801090531e-01,6.615739636395268075e-01,5.446359054727996085e-01,8.213817461041282852e-01,6.959905633518843615e-01,7.685202732444236240e-01,9.348732711941163398e-01,7.602232744597063885e-01,8.270542615932200414e-01,4.420311989315101608e-01,3.964022817410297606e-01,7.973671338249292972e-01,8.213849392863360466e-01,5.907000264797850342e-01,3.468518782382705723e-01,2.939252169459319330e-01,5.707705015370689861e-01,9.096564815113910019e-01,7.434227197349959626e-01,6.554205484253112779e-01,8.178906596600045154e-01,8.241939431783175118e-01,6.545429668570557080e-01,4.655929432649977828e-01,6.166596375423902821e-01,9.960523315708063041e-01,7.580513103792838603e-01,-1.096895017170835263e-01,6.332354428243178734e-01,3.557022293004102886e-01,4.340010329716488813e-01,5.673027584692382774e-01,2.641837655630891457e-01,5.533078944325804382e-01,5.940312083948222632e-01,9.554751600950199819e-01,9.557327478205139837e-01,7.058435897176613683e-01,4.680649726940579458e-01
6.750972090699083328e-01,9.296673706152209782e-01,0.000000000000000000e+00,6.492619649873065946e-01,5.789715438774394318e-01,8.069487216541706420e-01,7.176129684639054318e-01,7.627817936015042211e-01,9.923369942907485086e-01,8.450576932517690487e-01,8.996987311797048914e-01,4.031225506278553472e-01,5.231790368742903485e-01,5.085990145829089037e-01,9.357162569416818121e-01,8.863746057269191736e-01,5.064516738284412511e-01,9.623476664438553874e-01,9.333645018665568394e-01,8.894422782530811977e-01,6.882907856583270201e-01,6.582928024107954634e-01,5.454311785972847382e-01,6.541753931137594957e-01,2.923852633123834588e-01,9.597325177618062364e-01,7.603235132524378548e-01,7.649010970069303195e-01,5.367689565300221011e-01,6.067862958506310411e-01,6.388562658230534375e-02,5.190929880108841044e-01,9.012982902139203834e-01,9.183047149679701704e-01,6.176489209150126669e-01,2.863019211873188419e-01,4.828092787305861000e-01,6.672571863898861810e-01,4.581758525629864298e-01,6.261779716942056373e-01,2.140051925778025388e-01,4.915783846887684105e-01,7.012896942794871746e-01,9.339509322914895106e-01,2.143708609301090140e-01,6.659375760224975904e-01,3.731432802906351487e-01,5.652024240056530147e-01,8.751590812342965320e-01,7.697343172744260942e-01,4.845311226327124743e-01,9.190503686456423793e-01,7.384285745474967744e-01,9.674488850855271771e-01,6.014623532650178461e-01,7.269088412397968213e-01,4.884738148641882272e-01,6.988043762121940450e-01,7.128731888448717191e-01,2.732239865623756203e-01,2.808114297317403363e-01,6.231026414700925331e-01,5.479507337303222148e-01,7.831384510772687602e-01,2.757813388718267089e-01,9.620701104656895764e-01,6.830157591357144398e-01,7.385910959008319399e-01,8.237717223925892229e-01,9.921330810555343271e-01,6.495301476444682587e-01,4.174092322999543581e-01,1.849965339658420360e-01,5.462108438376124253e-01,4.935118524360049275e-01,4.747929297658590730e-01,7.387691296361216242e-01,6.787788130702631095e-01,2.303307493967954311e-01,2.354317132998214324e-01,8.571835127688612888e-01,7.488495920267698169e-01,6.694203674688161687e-01,9.547401277248221962e-01,8.966166392269883101e-01
6.108009956943023511e-01,6.899897747194828623e-01,6.492619649873065946e-01,0.000000000000000000e+00,7.235670818958849226e-01,6.502746085316355451e-01,7.411564958230258959e-01,4.205817510724773611e-01,7.479148744997897724e-01,7.754663332326507952e-01,9.171018727833881723e-01,9.818306182604190635e-01,4.195762878320596356e-01,8.476781722219556281e-01,7.316692256196014599e-01,-1.220053735008958112e-01,6.226355509972818503e-01,6.722158091610735964e-01,9.934052374334239044e-01,6.843348857715789713e-01,6.792187503626592182e-01,7.221628233319273837e-01,8.369186611517734908e-01,4.658259142869650149e-02,4.973820902744770511e-01,4.001421680813690429e-01,8.449478184404713987e-01,6.192768645960302631e-01,2.839040419212254251e-01,4.820069180000297049e-01,5.969139207760699728e-01,4.995404997784785306e-01,8.737693010546587757e-01,9.349093776303307735e-01,9.072702227377029693e-01,3.571413207389668720e-01,4.020423928392896640e-01,4.760131279136314841e-01,7.946054249526967039e-01,3.890305931648090909e-01,3.098582118611130642e-01,2.333863962174985429e-01,9.850321966972301890e-01,5.145010513246692785e-01,8.519535807283924456e-01,9.973108010165705473e-01,6.859507582518293844e-01,7.326506302047850472e-01,6.029462302966938081e-01,1.150478885380395583e-01,9.393533031583939374e-01,9.762539284840402454e-01,5.882362858132330619e-01,9.578660024587183353e-01,7.673199078155199526e-01,3.322697161410620992e-01,9.508065807915233592e-01,4.506983342497202227e-01,6.921560041514374095e-01,1.183385885171706065e-01,4.808425550445709074e-01,7.981437160924454988e-01,6.492644795450193129e-01,6.870603722007471159e-01,7.545486616098151522e-01,9.341796853798776112e-01,3.013268628573375629e-01,5.496904042647923205e-01,7.058174049832008912e-01,5.680278117756438760e-01,6.240394596070506505e-01,4.341777944415583512e-01,3.693789547354828229e-01,2.282775667089503302e-01,9.828207029988136334e-01,2.569259621793056406e-02,4.797746617553980686e-01,4.525386338393840302e-01,7.500603075467708880e-01,3.751289718576507615e-01,5.532345303437549155e-01,8.150126790613886341e-01,1.131731739513026080e-01,2.203070416779659979e-01,9.914270033233267831e-01
9.325127257100422895e-01,6.515198444846436177e-01,5.789715438774394318e-01,7.235670818958849226e-01,0.000000000000000000e+00,5.586195871844725769e-01,5.954681033874732465e-01,5.133572788115151608e-01,5.141353394385759223e-01,8.722654461651895286e-01,8.892958190652050510e-01,3.252635642591344967e-01,3.770121100751152587e-01,9.554622667142288472e-01,6.370840939294888372e-01,4.780109970615412651e-01,2.945599474767132131e-01,6.616747836049907683e-01,4.807605389509569394e-01,2.880731096105146882e-01,7.417768551880591366e-01,5.852731814978126001e-01,5.498493495951061183e-01,7.177907778038056241e-01,4.597209313474783787e-01,4.581023156906865457e-01,5.799545607736964481e-01,5.894356950611104873e-01,6.644055647695650269e-01,3.494405283502715065e-01,4.559163271605076173e-01,7.224212049625525767e-01,5.986055935563537878e-01,8.758004228921788537e-01,4.316065482832994737e-01,2.659214267881943039e-01,4.713898612785857312e-01,3.133544729424337927e-01,8.777692582311764635e-01,6.877657858700586546e-01,7.797692998755412219e-01,2.965799417897743151e-01,4.239770259480865056e-01,6.402065407895018989e-01,7.476465813234309810e-01,6.868312017320272744e-01,5.231467730412759920e-01,7.864404570605295630e-01,3.288112973008049944e-01,7.134932937538992492e-01,8.491005103285458322e-01,9.251922530022311797e-01,9.564427837435360846e-01,5.541121958157805283e-01,8.695749461474404640e-01,8.794280712552604573e-01,7.239338858772829122e-01,7.891964082040073825e-01,6.012331635986323253e-01,6.029012496744111660e-01,1.268735817154203194e-01,7.071163935181900007e-01,2.221806481646828035e-01,7.702341426002283775e-01,3.681545743589775821e-01,4.033860687095527364e-01,6.060348974730925820e-01,4.583535588188685228e-01,1.596649694764021299e-01,7.916129976161767612e-01,2.108045318435495807e-01,6.850557613659794542e-01,1.964909803039602831e-01,5.249593899958030496e-01,2.989981793565726353e-01,8.867166014399792129e-01,7.732014791799539655e-01,2.171635551338391423e-01,5.239289860698537193e-02,4.129598830679816479e-01,6.541814974466875210e-01,9.834090458661036704e-01,5.368733376118877132e-01,1.747267853110832103e-01,3.102858833271304739e-01
7.985428013804203307e-01,7.462026828235893694e-01,8.069487216541706420e-01,6.502746085316355451e-01,5.586195871844725769e-01,0.000000000000000000e+00,2.164636522514603867e-01,5.573187931584239196e-01,5.279611579893649376e-01,6.747188347928166907e-01,2.818524340401694639e-01,4.876409263207409084e-01,9.754890886701621522e-01,7.041544879618988340e-01,7.463406923771152002e-01,5.484887010469301494e-01,3.788660621470399392e-02,2.073427903578625719e-01,7.654061350708830647e-01,9.752889260455371856e-01,7.798893199411295329e-01,5.767999025601351359e-01,2.963268632567006566e-01,7.937447803432389204e-01,7.362528837174263652e-01,7.141502562990382774e-01,8.398604495815021886e-01,7.045060669517855256e-01,4.426667691689175621e-01,2.612823416836523305e-01,4.344459173037169553e-01,4.624310939165274803e-01,7.744436664411284976e-01,6.187589275086275986e-01,5.433105384359855350e-01,5.363433339556866741e-01,5.098069932253355141e-01,4.295939721442558756e-01,9.649968593601563338e-01,7.299489169610592354e-01,5.419839828323115283e-01,4.829466599402811311e-01,8.269851294903719507e-01,9.388201119464453237e-01,6.514010315942800888e-01,6.158056662136663917e-01,7.429616907014116034e-01,7.519830216186096372e-01,5.227443423725590677e-01,5.300498282903186587e-01,3.915777582799985779e-01,4.772188638309127762e-01,5.759604739296037001e-01,7.959578991748240684e-01,7.343749787713591548e-01,4.766785295181387161e-01,8.500923777590890795e-01,9.294077944052494544e-01,6.500829842013551296e-01,5.436501473699746345e-01,1.515416987981040853e-01,3.849844550193356474e-01,4.971061901892120938e-01,9.655273587060756446e-01,7.179946962966571311e-01,9.927246267575531302e-01,8.042277041937145876e-01,7.671891505893438934e-01,4.761639394216494181e-01,6.860818615745251092e-01,6.177495706926474650e-01,7.592838881206837032e-01,3.436055045448883072e-01,1.175957954761350233e-01,2.065347178286677521e-01,8.492985559952396235e-01,9.762899198214246566e-01,6.061103524743400861e-01,5.162538138420665890e-01,3.755080074640341214e-01,6.752685012902590600e-01,4.489109816221263927e-01,8.205167634812543520e-01,4.308923573590395795e-01,7.766179414041491924e-01
7.963906464105854344e-01,7.351502630640978087e-01,7.176129684639054318e-01,7.411564958230258959e-01,5.954681033874732465e-01,2.164636522514603867e-01,0.000000000000000000e+00,6.460978204002458813e-01,5.472751612679290778e-01,4.728774897603208460e-01,2.156238955249002998e-01,5.866032727171168748e-01,3.671249904020436050e-01,8.983831570611644154e-03,2.446054022281023976e-01,2.577518822328988546e-01,3.658938951919650795e-01,6.004527215173893762e-01,5.366484691800657014e-01,9.700700069986526453e-01,6.217076154996029613e-01,3.791047343223117316e-01,2.737646397906005058e-01,7.944360554835026011e-01,3.408134152283694984e-01,5.951479635370082732e-01,4.788519911854432487e-01,2.533362412800941876e-01,4.869504442118053888e-01,-1.478307999889748592e-01,2.774026708672844288e-01,2.384394732231830127e-01,8.674043241368797341e-01,4.980218894192250945e-01,3.977068090589065963e-01,5.510843209307639823e-01,1.191440447389917681e-02,3.207866005337394744e-01,3.463240903054340403e-01,3.228952435835148738e-02,4.380337315645196350e-01,3.275543858007898823e-01,5.453856569815003219e-01,5.702995704656483866e-01,7.104060829606141381e-01,4.208188930397135374e-01,7.474550782794379122e-01,3.820210027804950004e-01,6.109761329223203363e-01,4.023525191627970732e-01,3.416269855556364199e-01,1.989957598700516639e-01,3.835134107639961432e-01,7.165785048895607634e-01,9.573827545686340867e-01,5.871118345843334696e-01,3.174346877967095248e-01,5.833522799748162013e-01,4.455012012732184612e-01,5.469353039869970790e-01,2.844352615066685422e-02,2.681642069464745259e-01,2.629791384443420643e-01,6.619613011262089897e-01,2.441244197610999700e-01,6.759347696929107752e-01,-3.302629703401060990e-02,5.998212100611732822e-01,8.714647518726621467e-01,7.598759317045132855e-01,5.792530601877768914e-01,2.752114278620849674e-01,5.281792079426137487e-01,3.292141882470951408e-01,5.335631128592804862e-01,5.271889728568628364e-01,4.239631810678810564e-01,9.404370400079802295e-01,6.905830717253478301e-01,2.677698920240236813e-01,7.294430607704678327e-01,5.708356346526888281e-01,4.364921400137284913e-01,3.884519100337238129e-01,4.525395591113149929e-01
9.572449612066389335e-01,3.745763780822917166e-01,7.627817936015042211e-01,4.205817510724773611e-01,5.133572788115151608e-01,5.573187931584239196e-01,6.460978204002458813e-01,0.000000000000000000e+00,6.288610505232525849e-01,7.782447641494653068e-01,7.361554763436329862e-01,2.802920154164242894e-01,2.274269057089629564e-01,4.832077384636218609e-01,3.267422282871710881e-01,4.607724491718542259e-01,4.310882401240963002e-01,8.642044589291064671e-02,5.202788823643439420e-01,7.411411846579168961e-01,7.645128156269672681e-01,2.262056729727047744e-01,6.041285042631973079e-01,6.501707286661326801e-01,7.894500199543161845e-01,-1.021190366526419230e-01,4.933939061555340788e-01,7.269012087039357084e-01,2.541046649295234938e-01,-2.824053321699426800e-02,4.594324676462121504e-01,5.055625445836630094e-01,4.930748598625154244e-01,6.775503665795623576e-01,8.256903354621403235e-02,6.723170637935786953e-01,7.498972561351997523e-01,7.153590343041535959e-01,7.222309393918598941e-01,7.758459975360747496e-01,2.996677757350535987e-01,4.314265933059923119e-01,3.290413890356724824e-01,3.380900572575055163e-01,6.120803130374768974e-01,7.140638633875381336e-01,4.061582676889322618e-01,8.771455090935377230e-01,-7.944116911675830339e-02,7.345059944867186885e-02,2.144630974316298622e-01,6.097842929823567015e-01,5.020048167630022373e-01,3.191302666360745777e-01,7.234023632404579240e-01,7.193676777912439979e-01,7.932032426863858676e-01,7.960693432099692490e-01,6.416864728798817863e-01,9.689056969801628227e-01,3.212162456763142382e-01,4.796711617966492591e-01,2.878839157174531982e-01,8.558032286766137364e-01,7.559218258903992460e-01,5.390294943730018495e-01,9.028545169369555090e-01,8.369045525685144815e-01,5.540554844108085408e-01,4.397792022496876951e-01,4.656135218189759728e-01,1.837000879807067777e-01,1.539192550831322281e-01,4.726270869033276645e-01,5.197626517232243337e-01,4.903356088906772325e-01,5.731022761697127654e-01,5.240395288069036317e-01,2.154431408851739671e-01,5.159899366506490725e-01,4.463536136835458135e-01,4.423659550967150578e-01,7.230862364328419778e-01,6.282781615662798025e-01,4.695287893228830556e-01
6.656028973363520285e-01,7.595421509614775912e-01,9.923369942907485086e-01,7.479148744997897724e-01,5.141353394385759223e-01,5.279611579893649376e-01,5.472751612679290778e-01,6.288610505232525849e-01,0.000000000000000000e+00,7.712516116295853319e-01,5.349141420826990512e-01,1.019635078499510350e-01,4.451064208995101912e-01,6.422500634219248106e-01,2.754540922307795459e-01,2.363533791971161313e-01,5.750648031772801483e-01,7.318532313309566995e-01,1.446375803577355790e-01,7.619139852761971365e-01,8.188089181157901519e-01,3.908516833648319477e-01,1.642034866684681516e-01,8.499502840071679888e-01,7.569267576297356026e-01,5.229555624188113594e-01,6.703201824635443007e-01,3.629228690152289105e-01,5.761771712766176057e-01,3.789620773526750086e-01,3.328929330513401563e-01,7.808719611080949807e-01,5.401877257649544406e-01,3.122153125615537705e-01,3.098637006484549761e-01,3.195345148332705554e-01,6.848883738751417871e-01,6.803381602493703273e-01,5.356348415027206711e-01,6.499278538802553129e-01,2.981329838391661435e-01,9.942764813529872403e-02,7.363358767605073796e-01,1.763533709897233959e-01,6.099356883096584969e-01,4.946851524545022305e-01,6.666305834637473726e-01,7.572924312546974734e-01,5.074412619132634417e-01,7.268111416278457693e-01,6.537826736521086257e-01,6.410300977186182969e-01,5.288101339712534266e-01,6.597920809782737983e-01,8.755018831073825281e-01,8.357041816957843094e-01,6.580858404509588588e-01,5.409106749508391099e-01,8.208514637167827477e-01,6.882030717097175065e-01,7.597989141641636746e-01,5.330592553782295129e-01,6.109422198121190473e-01,2.775366954769034611e-01,5.311305818310383398e-01,6.389440118359697163e-01,3.248691065671712730e-01,7.492051694026627962e-01,6.203378870145008772e-01,3.453737965810191879e-01,9.548576545778831859e-01,5.988650021072267071e-01,6.686271459521246907e-01,7.475164937825345968e-01,-7.221376217580147139e-02,6.333545811072079923e-01,6.735839660620710490e-01,7.245866683710744383e-01,2.679151652626993729e-01,5.169805404866333332e-01,4.246035073608680488e-01,8.715587437675039739e-01,7.722173473991199577e-01,1.047853384240103464e-01,3.839840131217571173e-01
8.782897932511493089e-01,5.161703370257426648e-01,8.450576932517690487e-01,7.754663332326507952e-01,8.722654461651895286e-01,6.747188347928166907e-01,4.728774897603208460e-01,7.782447641494653068e-01,7.712516116295853319e-01,0.000000000000000000e+00,4.895428145700523870e-01,7.968333341162845418e-01,4.182418843680488219e-01,7.907103702405611223e-01,5.492969531330177402e-01,2.778323851319920434e-01,5.379895037595410212e-01,1.991676342300299427e-02,6.246904941556969959e-01,8.324994465194706095e-01,6.119505282267448942e-01,6.844763059047469511e-01,5.419423858371974490e-01,7.500607041770530614e-01,9.352003942390310076e-01,9.237764985806908857e-01,8.458824147864184573e-01,9.058396151182439571e-01,1.127715249484048388e-01,2.875641861809036803e-01,2.767444659565273524e-01,8.391808525641646366e-01,6.184593074482620523e-01,2.089282862454862610e-01,7.716051020079469636e-01,7.255725693476624549e-01,3.928139194094095177e-01,8.305476526506436752e-01,5.853680213777461283e-01,7.138607719219077774e-01,2.639267531686364521e-01,3.447886012978411130e-01,3.246557627594737205e-01,6.413423031141800568e-01,7.557844834075087004e-01,6.863342719851637241e-01,6.207746998203739208e-01,7.256657230136540626e-01,4.693430333462143556e-01,3.374133879824861015e-01,4.676310691348006809e-01,6.115820225271371147e-01,7.157469887710135037e-01,2.365878751593019080e-01,9.218170263948913812e-01,2.449937880945555757e-01,6.557977196866684455e-01,5.532036680160191677e-01,9.289485441384712772e-01,4.767330075185672311e-01,7.987274008905381750e-01,7.785984215909752537e-01,9.265551265803264602e-01,9.689058768415385048e-01,6.795350530290273916e-01,4.360376333896948120e-01,5.986452570403807405e-01,6.118326104344412597e-01,6.023958795233131935e-01,7.592729519507301905e-01,4.523900162525744673e-01,6.003098833366852238e-01,-1.926165478613242055e-01,4.327822314171486662e-01,2.508499834534493877e-01,4.082044355831939142e-01,7.627055592304744502e-01,7.665671708205403778e-01,-1.809606142546356933e-01,5.499164548092807525e-01,4.466639594771003585e-01,8.745427845457970362e-01,7.686612944760637944e-01,5.975013101477411048e-01,6.315523238961368024e-01
9.843936346045583097e-01,1.575694651442661742e-01,8.996987311797048914e-01,9.171018727833881723e-01,8.892958190652050510e-01,2.818524340401694639e-01,2.156238955249002998e-01,7.361554763436329862e-01,5.349141420826990512e-01,4.895428145700523870e-01,0.000000000000000000e+00,5.055856275726374749e-01,4.128472778173218893e-01,5.627661246057422684e-01,5.590456242355388294e-01,3.747844450030595187e-01,7.550444591744661649e-01,4.878693062714226647e-01,8.527175104352064938e-01,9.895007801929819324e-01,6.271485731898404081e-01,2.010632212258619267e-01,6.158896446658270740e-01,9.690193727129232659e-01,3.529769663363632182e-01,8.644731592170514789e-01,7.803935869443112683e-01,4.722781283455923518e-01,7.241356770092673978e-01,7.467949376052512855e-01,3.669979148025626341e-03,1.817211055512450435e-01,5.024345777040700733e-01,4.602117673947733745e-01,5.154425721436209917e-01,4.410464576453430041e-01,2.375384125586779416e-01,5.993510898911154072e-01,4.974186701265228550e-01,4.584307556827435515e-01,6.702821970147956332e-01,6.552002364611502205e-01,8.341742865829117060e-01,7.462781987278298557e-01,8.932206649383185315e-01,3.539707074700365608e-01,7.149894740120315006e-01,4.897796449139357744e-02,4.622521118518128080e-01,6.049589089808702358e-01,4.275074048144233974e-01,9.615471606660392911e-01,6.842850596914514805e-01,5.555196836528379922e-01,7.412790156196263913e-01,4.372160831240886059e-01,7.721019739076318000e-01,6.982998982594553761e-01,7.409636040795765100e-01,2.269235906313829196e-02,3.146605952096089842e-01,4.750266835434553414e-01,5.537723292461851354e-01,7.438366497916211184e-01,6.362375044505743649e-01,4.888523857456852362e-01,4.812468390805759721e-01,6.476537013291518985e-01,6.783482897858246208e-01,7.628897554800339043e-01,8.534723393820731197e-01,3.886940865189915106e-01,2.792618146350256403e-01,5.618348499809363572e-01,3.723743933219090252e-01,7.882858982618663468e-01,6.224175763979438170e-01,4.201180434560218835e-01,6.549822181097924023e-01,4.379099421426497218e-01,2.351374635489156262e-02,7.911988608712369198e-01,7.756508575796948746e-01,4.076605204959663498e-01,7.407145358742328600e-01
4.343779590169503102e-01,9.315840789990643689e-01,4.031225506278553472e-01,9.818306182604190635e-01,3.252635642591344967e-01,4.876409263207409084e-01,5.866032727171168748e-01,2.802920154164242894e-01,1.019635078499510350e-01,7.968333341162845418e-01,5.055856275726374749e-01,0.000000000000000000e+00,4.669603251810154898e-01,8.222811316250026037e-01,5.840710494806528041e-01,9.838716268308507207e-01,1.612249885285655937e-01,4.299312101386723595e-01,4.022448123675530507e-01,7.908225108473242448e-01,7.910509750219119063e-01,4.298542182825053626e-01,7.156727870726172780e-01,9.862140357950682779e-01,7.250337990550819178e-01,1.401424224472556379e-01,6.083108550353092392e-01,5.440650260426165286e-01,5.659694673618321792e-01,-3.127020493972088033e-01,-2.408157281206039224e-01,5.288612085915729566e-02,9.339420816921639723e-01,4.959771891179126646e-01,7.847697159049852322e-01,4.030022442275943417e-01,5.119736222450067542e-01,6.567120733040612279e-01,2.137375613992340828e-01,5.800192152416692171e-01,3.839123394688908064e-01,5.500869612805839859e-01,6.117277535873568706e-01,9.637252687856597833e-01,8.722323136901758422e-01,7.993467891684875593e-01,6.495513839895454833e-01,5.574455585268217606e-01,6.263888453301311721e-01,6.026085907213994952e-01,4.958868477379201889e-01,6.342855032437139107e-01,4.593880600767075162e-01,7.569881339627932970e-01,5.232845697675329033e-01,9.860705603515933504e-01,7.511482208405155792e-01,8.651259363035850303e-01,9.373742628481595007e-01,7.788671168853211757e-01,4.397554631235771061e-01,4.775199897456505749e-01,5.430925613039845334e-01,8.426245668715967030e-01,8.981844678163630746e-01,5.267739225798234726e-01,5.680603787381193204e-01,7.204800604559037369e-01,1.904862914267040630e-01,5.458683055841115905e-01,9.437617640239018835e-01,9.857040750253207584e-01,-9.952482428570505468e-02,7.297554227819680328e-01,5.309510663370672345e-01,3.341942822943291813e-01,4.306233081323936895e-01,7.982801415222480212e-01,2.961351248529342506e-01,6.289160352070639892e-02,4.888632040593587913e-01,7.209487756928080193e-01,1.341576248717374353e-01,9.115492060917090855e-02,9.282442026989625727e-01
7.723282768815469268e-01,5.818810984538651532e-01,5.231790368742903485e-01,4.195762878320596356e-01,3.770121100751152587e-01,9.754890886701621522e-01,3.671249904020436050e-01,2.274269057089629564e-01,4.451064208995101912e-01,4.182418843680488219e-01,4.128472778173218893e-01,4.669603251810154898e-01,0.000000000000000000e+00,3.314714799348280616e-01,2.150883077692121448e-01,8.597636261814423086e-01,9.367829233413326184e-01,5.463651910054807548e-01,6.344187353153912801e-01,6.619794727020968939e-01,9.778358438177461309e-01,6.073030541152082407e-01,9.565110938828492726e-01,6.509499980945344655e-01,3.962442371001943520e-01,7.890004835187480747e-01,6.468540315809879759e-01,4.166106717916739921e-01,3.118867373488123929e-01,-3.741868686841194891e-01,3.785033117715169704e-01,1.115457678469746750e-01,8.003842235603246813e-01,4.655188801934452281e-01,8.971665512250436292e-01,3.254497470794659453e-01,2.402744649235849794e-01,7.105528618519466599e-01,4.033075330013772275e-01,7.180645093432294068e-01,4.046440593099299710e-01,7.670685034484356901e-01,6.488369970150387189e-01,9.201993084144215462e-01,9.695348412057513965e-01,5.534146206159311632e-01,8.006919631587071651e-01,4.685037069058447523e-01,-2.831177583745194126e-01,6.838161787128126390e-01,6.726115219464051664e-01,9.419795265238390947e-01,6.597722329379921424e-01,9.521817377734981269e-01,4.111079866761837565e-01,6.288379078747963202e-01,7.875481130817103548e-01,8.752163839159556868e-01,6.647097997685256221e-01,4.474729057083954853e-01,2.899866117674107513e-01,8.438973730084535774e-01,7.672510212075789315e-01,8.387837517102036955e-01,3.171813816943984676e-01,6.239321206222475658e-01,5.160698595207116046e-01,4.762967607099651279e-01,2.743205377692675695e-01,5.467764629287964473e-01,8.918933303003991897e-01,5.995798568322343591e-01,1.580197565204046195e-01,2.928489750232521338e-01,4.777085207883241535e-01,3.136384728630579044e-01,7.878506492118741988e-01,9.964573166197383536e-01,1.387337724248833837e-01,-1.742778979575402565e-01,5.405346772652541709e-01,6.139205263067878393e-01,5.222188346358435096e-01,2.386910208600916961e-01,7.241354301962732443e-01
4.793069208883430354e-01,7.294848780203154748e-01,5.085990145829089037e-01,8.476781722219556281e-01,9.554622667142288472e-01,7.041544879618988340e-01,8.983831570611644154e-03,4.832077384636218609e-01,6.422500634219248106e-01,7.907103702405611223e-01,5.627661246057422684e-01,8.222811316250026037e-01,3.314714799348280616e-01,0.000000000000000000e+00,4.392721894855778908e-01,4.375249835253705588e-01,7.988341546819165417e-01,7.561336526728533736e-01,7.646118828374017795e-01,9.666091783176795627e-01,8.400624091076286382e-01,9.378807724371467369e-01,4.345212799920153413e-01,7.755371488224415133e-01,6.392359663831426175e-01,3.007899178721399336e-01,6.915506445614132414e-01,6.697989336522972570e-01,3.299381235495875697e-01,6.119274856350191971e-01,2.848333082530636329e-01,5.200357949090954612e-01,6.760369374752490668e-01,7.949751748784341654e-01,7.282004851489830566e-01,1.117133703012889029e-01,4.186543167305786239e-01,6.855956433389095439e-01,5.700645778382757989e-01,7.315044665500642918e-01,4.262187044340858821e-01,9.919581929835852296e-01,6.853991220437936072e-01,6.676488877187328752e-01,7.787301158473385332e-01,4.338307366119097952e-01,6.034465280609199178e-01,9.729368817708694550e-01,3.334169012817446154e-01,8.174128832767670882e-01,8.104477629213602263e-01,6.774342306830136717e-01,4.337357692160891398e-01,4.396643710419865236e-01,6.158826992914259169e-01,8.074618376743816217e-01,6.136237875287584576e-01,8.492183542051516820e-01,5.408650674671242609e-01,5.738918343576639991e-01,5.104489507076029886e-01,4.013355102735040036e-01,6.362979012070207885e-01,9.971392422183061877e-01,9.276559991461571508e-01,8.001372300468507781e-01,7.000106601090836378e-01,3.822693029483152927e-01,6.526244514406164265e-01,5.194567479340974625e-01,4.165591170453990522e-01,9.460951525777900883e-01,5.284040051022051987e-01,4.273156763928266377e-01,7.157172157482959429e-01,5.415599878594753447e-01,9.267460311028871134e-01,7.291938921902143544e-01,3.528663595854752422e-01,2.518229767931466911e-01,6.584857034627588090e-01,8.375085782254308997e-01,7.355085085901031938e-01,5.023815407557794543e-01,4.694865193875582543e-01
8.812419107165235799e-01,5.274154999208757744e-01,9.357162569416818121e-01,7.316692256196014599e-01,6.370840939294888372e-01,7.463406923771152002e-01,2.446054022281023976e-01,3.267422282871710881e-01,2.754540922307795459e-01,5.492969531330177402e-01,5.590456242355388294e-01,5.840710494806528041e-01,2.150883077692121448e-01,4.392721894855778908e-01,0.000000000000000000e+00,6.793164381448865141e-01,3.423784344334840357e-01,1.798667701842673328e-01,2.015188583297328473e-01,9.893590016741742321e-01,9.564159356308568061e-01,7.881309989848007680e-01,5.427771403609227274e-01,8.099835349359123526e-01,3.552591893835250758e-01,6.945713399170555524e-01,8.172104732896497969e-01,6.860773917087098495e-01,-1.015268511128489953e-01,3.529293829477604394e-01,1.457587253251922677e-01,3.898735733134353620e-01,4.003316557968100153e-01,5.732687877500732831e-01,3.238150368653588962e-01,4.202941839196485674e-01,1.538961753883134886e-01,4.208173558456356211e-01,7.104554099724120775e-01,6.924003738865118773e-01,5.795593253465585182e-01,6.889781403684916983e-01,4.299300554512658357e-01,3.105170041640474277e-01,9.282495025178931769e-01,9.926246275192368573e-01,6.129626277308118931e-01,6.744209413680656295e-01,3.914049726482650149e-01,4.929932085105035444e-01,5.791789731816892051e-01,4.429574022829257385e-01,6.496221842850616879e-01,7.638769351673674324e-01,9.179482167820385285e-01,8.766642526511289057e-01,6.972005540021249947e-01,5.788631772598026304e-01,7.250884806398008031e-01,5.577117905585021740e-01,4.148205142999529249e-01,6.873652869689423905e-01,9.591275947347909225e-01,8.665639483235079155e-01,9.046039056158974301e-01,7.820637184629080085e-01,6.903756783292643862e-01,8.131548143567116638e-01,7.083004716660379341e-01,5.240315248721992836e-01,8.122830465843885461e-01,3.527773995786392947e-01,2.556960577344473684e-01,5.157967390907032268e-01,8.014333564524677156e-01,6.419668436966742275e-01,8.277877229700630890e-01,3.330912107199183181e-01,4.245235308185454914e-01,3.143407709026729835e-01,3.491435433664400456e-01,9.040434670390867788e-01,9.510005524464113513e-01,3.420047316369019264e-01,7.720981114893596953e-01
3.195112612673851604e-01,7.592698142620523116e-01,8.863746057269191736e-01,-1.220053735008958112e-01,4.780109970615412651e-01,5.484887010469301494e-01,2.577518822328988546e-01,4.607724491718542259e-01,2.363533791971161313e-01,2.778323851319920434e-01,3.747844450030595187e-01,9.838716268308507207e-01,8.597636261814423086e-01,4.375249835253705588e-01,6.793164381448865141e-01,0.000000000000000000e+00,5.799528398575068966e-01,2.788822397055593649e-01,8.318355246249998780e-01,6.139608559875215921e-01,9.560860085740154890e-01,9.191776577309285212e-01,7.584542276221958312e-01,2.947740337697741242e-01,3.975662556629434574e-01,2.264192671795808853e-01,5.601345786753022526e-01,-3.790144038953563443e-01,3.043075778325605718e-01,2.460699391089963273e-01,2.895607678333448343e-01,5.538908288934125679e-01,8.729729883986169225e-01,8.475378026998972025e-01,8.542568587499776989e-01,2.877410496251795458e-01,2.359438566266546800e-01,7.022463124859009698e-01,7.729135169132022032e-01,7.923350000244459013e-01,5.398985965136271492e-01,2.294456085242293497e-01,4.883840167083124961e-01,8.990784788187156096e-01,9.195575898497225786e-01,2.421367181263734403e-01,9.330857968271041303e-01,8.297494230822560768e-01,4.126379068491977664e-01,3.582148390223250933e-01,5.875880059706086733e-01,9.494011110897382366e-01,6.071504793924497045e-01,2.137394564816496867e-01,6.325341830556830969e-01,7.026123469540009880e-01,7.991368651365444720e-01,4.802902622242486430e-01,9.810528797091834230e-01,4.289379293475423793e-01,4.548280751500375363e-01,3.064305814200312117e-01,2.116383836799356211e-01,5.383206730711502797e-01,5.045346455406428676e-01,1.185612352740695319e-01,6.332739370646104371e-01,8.160098542220541873e-01,5.203805659591788091e-01,6.247614624769302072e-01,6.933630477068939424e-01,9.586634380440955949e-01,6.160522257615503872e-01,2.026776020411891754e-01,3.020794164771324342e-01,6.997695765154898773e-01,2.968281296553157977e-01,4.677331327234747760e-01,1.924702277795358185e-01,3.687680389108676238e-01,7.456648517789076225e-01,9.750297079610452666e-01,9.014252163231513126e-01,-1.767292486307185106e-01,2.743991885922054952e-02
8.184866367219225669e-01,3.343587810273889599e-02,5.064516738284412511e-01,6.226355509972818503e-01,2.945599474767132131e-01,3.788660621470399392e-02,3.658938951919650795e-01,4.310882401240963002e-01,5.750648031772801483e-01,5.379895037595410212e-01,7.550444591744661649e-01,1.612249885285655937e-01,9.367829233413326184e-01,7.988341546819165417e-01,3.423784344334840357e-01,5.799528398575068966e-01,0.000000000000000000e+00,5.713475858665846285e-01,6.775148959501648971e-01,8.748042491318882563e-01,8.274262997672096054e-01,9.032717545594844966e-01,4.143808865669380559e-01,4.525141919831423554e-01,2.413190488851840176e-01,6.095856810220926514e-01,9.593793322698234149e-01,5.870390825546165647e-01,7.496653007257461088e-01,4.124930751852070587e-01,3.633333617203120536e-01,8.517789650773004428e-01,9.295505473196014057e-01,5.460154742249677673e-01,7.103733746853746478e-01,3.150147541944556262e-01,2.864313316738093529e-01,6.572510808914024949e-01,5.441425599284535064e-01,7.133711835255617251e-01,2.905942840048797993e-01,2.660508640466255348e-01,8.237459990691886613e-01,4.724633336802702699e-01,7.919041565629378887e-01,7.983102945471275136e-02,5.641740727519501952e-01,7.016723877338288951e-01,4.893229487944435463e-01,9.384716366367302776e-01,7.304347011335516893e-01,8.312885434220478320e-01,5.330466795495769627e-01,8.080287026143733176e-01,5.765547014682277371e-01,9.118120541008440938e-01,7.149209661817932382e-01,7.694105224551742728e-01,9.938156560343180956e-01,2.956277562373481604e-01,2.849663732840370112e-01,7.839575589871065064e-01,6.612482521294491544e-01,9.882858197891801755e-01,7.439458625438066797e-01,7.179414900676310829e-01,2.587239087962075468e-01,3.877404616006019378e-01,7.113543495168664910e-01,2.916916419245602077e-01,8.871382163895097372e-01,9.284725621330096601e-01,2.481340525592324042e-01,5.417040956151291109e-01,6.313373645678298507e-01,6.702948105677156709e-01,3.097535979367662673e-01,6.951297427732484602e-01,7.183010951865479443e-01,4.316953515447996548e-01,5.024425159450747191e-01,6.879672286096515377e-01,7.799776740587847090e-01,3.113260565177966566e-01,9.033039262502804423e-01
6.884656727568166934e-01,6.711689572509197399e-01,9.623476664438553874e-01,6.722158091610735964e-01,6.616747836049907683e-01,2.073427903578625719e-01,6.004527215173893762e-01,8.642044589291064671e-02,7.318532313309566995e-01,1.991676342300299427e-02,4.878693062714226647e-01,4.299312101386723595e-01,5.463651910054807548e-01,7.561336526728533736e-01,1.798667701842673328e-01,2.788822397055593649e-01,5.713475858665846285e-01,0.000000000000000000e+00,8.063541656923142176e-01,4.653507504288796892e-01,9.871651089721624750e-01,6.724662840809472186e-01,4.543355487317085606e-01,9.955520949607045145e-01,5.021777194242940112e-01,9.687186109993461969e-01,7.784394935097668222e-01,3.309003082311714472e-01,3.724785118705808973e-01,5.927230489169985628e-01,2.735058544094569610e-01,4.344796643043494222e-01,6.674303154212477551e-01,6.225312268888252287e-01,4.502092011862322551e-01,2.828718569895243284e-01,4.648261068639795157e-01,4.905092840305740887e-01,6.321008633594900061e-01,6.053968133163336596e-01,3.827778814826063858e-01,5.461547231426567839e-01,8.874698609363711466e-01,2.591286565243460793e-01,3.400759186085729469e-01,5.658114728226881773e-01,6.677454178010563401e-01,1.540127155173214024e-01,3.438494522985401369e-01,4.152589386332662946e-01,5.651484758144860177e-01,4.781406100010952565e-01,9.794785130265928341e-01,7.491286241721495376e-01,7.091410292222734002e-01,6.073146453903370823e-01,7.418430059785365849e-01,8.009495973625841980e-01,7.405437658357215680e-01,4.444186702128348765e-01,2.438838734913395812e-01,2.984597100882920850e-01,8.432640136928780394e-02,3.929352897543925138e-01,6.446758797975560284e-01,5.171465039086460547e-02,7.619380384453808830e-01,9.224368250373800038e-01,3.647863356364952070e-01,2.151182293306813098e-01,6.172728209011565381e-01,8.051255495329947554e-01,6.822863166206019070e-01,3.149626744173189552e-01,3.196621874890138160e-01,5.974124018582969153e-01,6.019545559074851448e-01,9.639641918007189891e-02,2.484703257273149224e-01,4.438532586367752164e-01,3.552752703850742266e-01,8.641689004175573396e-01,7.973435596958391436e-01,6.223889804633742084e-01,4.032296849476537659e-01
