0.000000000000000000e+00,7.463299286308946456e-01,3.401881060338677876e-01,8.783625129411247734e-01,6.079313164870354669e-01,5.140471768260190810e-01,6.234596619026683273e-01,4.709636099671707377e-01,7.500754535859336380e-01,8.716688826284281211e-01,5.078271831546353754e-01,5.895720372666459763e-01,8.912506211292723357e-01,7.251095915225792554e-01,3.668828118115216586e-01,2.226404492482510766e-01,4.502587689174780139e-01,7.051496381565051097e-01,8.840992395464373210e-01,8.739509580453784787e-01,9.898987711757656349e-01,2.703045753425667441e-01,8.587482719992031166e-01,3.316124118654366626e-01,8.412241823891513093e-01,8.869752932047256788e-01,4.505304552309019606e-01,8.489962705451434832e-01,4.362486386679976236e-01,2.688269849604351114e-01,5.978649949739114344e-01,9.603797407836027755e-01,6.906670882929907274e-01,5.323968649704107214e-01,4.439411868319971810e-01,5.272933874332722537e-01,3.746703648323474467e-01,6.271411977887505484e-01,8.636434242931433358e-01,8.586957318516739157e-01,4.818588679582831991e-01,6.669131947041567754e-01,6.771466437673971939e-01,9.756294905190144862e-01,5.393778386458235596e-01,7.151849895836120963e-01,7.165489529530916224e-01,7.167578882405781782e-01,8.287051953755841804e-01,7.341379619244883248e-01,4.870993631235477350e-01,4.813199990542328388e-01,6.591043478610411066e-01,8.027179393888796977e-01,7.305207947819312153e-01,8.009316167574885847e-01,4.580138078737899798e-01,9.983007565360926261e-01,7.250477207293760662e-01,4.560583040942713384e-01,5.636083910546056952e-01,7.646097070511636007e-01,3.734316322269120442e-02,8.180056292806583418e-01,9.623688704270917382e-01,7.200465811590321952e-01,2.305271067097265092e-01,9.981326724402250772e-01,9.343355263243440234e-01,3.803327198321095892e-01,7.494056667192213750e-01,8.563185373844007797e-01,2.776551799917383878e-01,1.003775104635559190e-01,7.798686062283683995e-01,7.404654076351600001e-01,7.779352377370182259e-01,9.590359620908261995e-01,5.567409004470436074e-01,5.252224684773555419e-01,8.816221642559645133e-01,4.331088918633724250e-01,8.952959300253732211e-01,7.668808427749345125e-01,5.314943556317909268e-01
7.463299286308946456e-01,0.000000000000000000e+00,4.575322658815647037e-01,9.276625675529364123e-01,9.606687384923152662e-01,6.479427255148253462e-01,2.356704360556642897e-01,4.432286485606976023e-02,4.025048513955414298e-01,6.319406085004366513e-01,9.268110014820576392e-01,4.530367085156501439e-01,9.735984574762059918e-01,8.240662579982036551e-01,9.028007811858563825e-01,1.420080156892222500e-01,4.612812957403078507e-01,5.496864652990718358e-01,4.677175144279712149e-01,7.055502602854034633e-01,8.188594853199344659e-01,2.731858729587852141e-01,3.970362979658703662e-01,9.532142425450496059e-01,1.556978892707028550e-01,2.452194028847529128e-01,8.571396733242184762e-01,9.348484347669309136e-01,5.574967981779320736e-01,6.689852914544995865e-01,7.517175079889591993e-01,7.227333913305089563e-01,3.543124968715920531e-01,4.711734673704247589e-01,6.443140564003227988e-01,-7.740754820960168980e-02,4.343005832860469262e-01,5.940146752461884505e-01,5.922501774824693310e-01,4.975853938369945162e-01,3.394804967818092489e-01,8.323289932658883838e-01,9.696809078167053508e-01,6.052966134411547072e-01,9.223939091735938733e-01,4.108293031061171496e-01,6.593596652059665608e-01,7.750166530493549644e-01,7.568854350870251047e-01,7.546883750339394847e-01,9.856786898607783343e-01,6.831325231994870295e-01,7.805482095166053069e-01,6.500340105780364475e-01,3.696401765228417569e-01,4.361906004636687539e-01,5.249166825400941594e-01,7.768145620407778118e-01,9.376547094515270686e-01,4.305770833847709089e-01,7.937248928364895040e-01,4.742295059726044371e-01,6.212475633023815114e-01,4.748573803388308479e-01,8.655948901237915383e-01,9.354710708860354273e-01,8.418235198101177152e-01,9.054255001115909529e-01,5.317838991804240134e-01,5.064048642783748333e-01,3.497858946202940800e-01,3.846448396945649773e-01,4.070568143823077162e-02,2.452240156309437036e-01,8.031182666922186408e-01,5.382320210283326745e-01,6.737336181780652078e-01,5.218494220731040301e-01,5.667964801961553611e-01,8.294192504032027458e-02,5.446202872935359540e-01,9.284256172659749451e-01,9.274250346414326662e-01,6.743423361804008753e-02,4.704893182411191699e-01
3.401881060338677876e-01,4.575322658815647037e-01,0.000000000000000000e+00,8.396509657335549104e-01,6.290384728990529029e-01,7.116364556489234161e-01,9.633494427812027139e-01,2.311580718264072409e-01,9.483537498500635987e-01,9.654985594295537599e-01,9.888532061198023193e-01,6.554716734802599198e-01,9.807469529888652726e-01,5.507179696004426139e-01,6.417058120805729793e-01,8.909501614794324009e-01,9.454418249112368500e-01,9.050555025740698589e-01,4.345284545764862560e-01,5.082934449803938604e-01,6.193682087113167034e-01,7.651077434375385122e-01,4.335489359951262833e-01,7.677905678591490091e-01,8.527854594292099133e-01,5.993522983485184419e-01,9.931011406166712074e-01,9.305426909226715004e-01,4.202354870171338685e-01,1.400616330745513283e-01,4.930819759873025787e-01,7.028560254328719559e-01,9.566219938293477609e-01,7.101787840357856041e-01,8.558047334164136100e-01,2.868176933721105493e-01,2.208168109029257919e-01,7.847731347698696514e-01,4.559170687483747320e-01,7.624708110794464755e-01,5.152921676371510218e-01,5.282663525707558261e-01,9.274586349619570180e-01,6.576482195074773163e-01,4.971641678797393826e-01,4.592313256081266837e-01,5.339026473304918641e-01,8.717799943912536431e-01,4.534475853011078472e-01,6.742794109919150181e-01,7.305879819459016877e-01,8.030230023304399944e-01,6.736976892252812821e-01,8.761332757327445764e-01,5.401870515763013136e-01,6.992558698577586718e-01,6.461592733357991447e-01,6.693335177038071959e-02,4.634157195897658510e-01,7.764131418859157030e-01,6.034641968476062157e-01,9.373430278413152905e-01,6.281300925918275047e-01,1.753637849682805269e-02,9.007349363853655033e-01,7.100117973452367837e-01,8.468706537702298531e-01,8.622723564178498279e-01,7.094005249208938935e-01,5.520890087876646757e-02,6.173854767838266033e-01,8.489981554719640000e-01,-3.993817534776081257e-02,7.928643011998142143e-01,9.162998745545533064e-01,8.109620933641372709e-01,4.638014295774184337e-01,7.376845973437515802e-01,2.327835058865191098e-01,3.916461273237116791e-01,6.582135215520692473e-01,9.304744197838867859e-01,9.045176960281078316e-01,2.410310477019019515e-01,8.276200676353251406e-01
8.783625129411247734e-01,9.276625675529364123e-01,8.396509657335549104e-01,0.000000000000000000e+00,9.070566023156618751e-01,6.571416049191067810e-01,4.207621451331212126e-01,7.018233821528515604e-01,4.464930650724757699e-01,5.026959764303678968e-01,6.202919587836265292e-01,4.008764240326535555e-01,7.333734276004110209e-01,9.611757000947764862e-01,1.160394010253687630e-01,9.294043035418845244e-01,2.792174574323725844e-01,9.665236758196846800e-01,3.431301111132564197e-01,5.347803924559769717e-01,6.056852496392224339e-01,9.765600783224450687e-01,9.118340860095764944e-01,5.891645231434780028e-01,4.767286914887970961e-01,7.471575007335840013e-01,7.562451700811505528e-01,7.645863590405179711e-01,3.530840467205776934e-01,2.873783795031845667e-01,2.816091375259202612e-01,7.675446306645629102e-01,2.994998998034320015e-01,6.092003124370281020e-01,8.284698199800262230e-01,2.667574567713613121e-01,3.213251614687111513e-01,9.673406689388178714e-01,4.562753574908366416e-01,8.589526997662235708e-01,5.556161563556515359e-01,7.218420012432325006e-01,3.698018548556463170e-01,6.263946698661905232e-01,9.368741430922444824e-01,9.158783377337175180e-01,4.322363505915104431e-01,8.441306201733099757e-01,6.462873255198518796e-02,5.231649291136933888e-01,8.474736899528345635e-01,7.981918173316236986e-01,4.754043877790674610e-01,6.824641459519618092e-01,6.385042691339002374e-01,6.417091159544803247e-01,1.994888572074164992e-02,7.105361784547774562e-01,8.056894832267592621e-01,3.776040161300302511e-01,2.648517279463845076e-01,9.171069189454950088e-01,8.930876055860834661e-01,3.061847804548641916e-01,6.035661077554352882e-01,7.249424966007432802e-01,6.249146793663559185e-01,8.589913158222685086e-01,2.346292889692869477e-01,4.065130571394427461e-01,3.740266264647103545e-01,5.139954087617678580e-01,5.489514276480917943e-01,1.918703996030506898e-01,3.538253201041124396e-01,7.497635051477257173e-01,6.720531073122293364e-01,6.987419179883698206e-01,4.595290990324336633e-01,6.184890876397619586e-02,6.540006929799698776e-01,8.941355387864837745e-01,5.549878638205277825e-01,6.590025252685438595e-01,2.776139573347595757e-01
6.079313164870354669e-01,9.606687384923152662e-01,6.290384728990529029e-01,9.070566023156618751e-01,0.000000000000000000e+00,6.745436815354313165e-01,7.919834685012143716e-01,2.948392952572185810e-01,-1.282784303565030759e-01,9.055649175334460343e-01,9.470200736621182669e-01,7.263730224191193852e-01,8.593487004049980005e-01,7.197649125370724210e-01,7.191170298804659966e-01,6.850235801073166764e-01,7.246328582212484548e-01,4.137133709645389734e-01,6.888943910263733983e-01,8.807409526631310159e-01,9.189105216820195876e-01,6.983615927631505738e-01,9.092635114797609219e-01,8.513249095695099022e-01,5.951851691009408807e-01,2.097716615011085972e-01,6.843996420598065233e-01,5.331381590600416942e-01,4.825571285715830050e-01,2.586485657099955177e-02,9.791773182030161227e-02,6.916290058022737108e-01,2.419564508756378574e-01,8.054037360264635348e-01,5.920270949351231771e-01,6.306086547984198765e-01,1.637349460998502038e-01,3.962228506003232509e-01,8.959985630027148540e-01,5.733732381795259014e-01,4.280931733584344423e-01,2.521360875830648829e-01,6.302009301175798273e-01,7.194965520907237178e-01,6.566617308449642643e-01,7.770008672049952825e-01,5.645162420682444671e-01,6.736794213274243104e-01,5.217408478390808124e-01,5.716105374472367773e-01,3.173330450911037159e-01,4.337676394967868720e-01,4.396226810242690464e-01,6.256613944958839824e-01,7.799980067088974067e-02,6.006653537489782257e-01,6.929889738495813578e-01,7.243092925525628223e-01,6.973322425964048055e-01,2.357053324174396836e-01,6.610533087116978734e-01,5.447789077811341363e-01,7.761595263699424541e-01,9.813703773212280046e-01,4.474854203401424368e-01,7.915234375127283561e-01,4.865672861084883727e-01,6.090714376862966795e-01,3.767004347909042039e-01,8.524404110407586277e-01,7.158282851542541181e-01,7.036692452536679188e-01,3.738799465614555118e-01,5.438125358373520069e-01,5.844498729333903464e-01,4.706175119932129447e-01,7.619599275582279452e-01,4.677831774872575621e-01,4.158318744497462305e-01,3.836928706988653737e-01,5.357734937485455484e-01,7.533826390054026989e-01,7.617071190525198654e-01,5.133582717919300542e-01,7.369586618101087172e-01
5.140471768260190810e-01,6.479427255148253462e-01,7.116364556489234161e-01,6.571416049191067810e-01,6.745436815354313165e-01,0.000000000000000000e+00,7.246722133587246706e-01,7.808053002403751996e-01,7.487045543869461639e-01,5.923258424228123875e-01,7.357512744596642618e-01,4.388183864848954618e-01,9.152646137851777608e-01,6.878717818119960414e-01,4.603138770508577449e-01,3.751047443554549332e-01,8.032295270374387730e-01,4.455278562868442149e-01,9.124931989176043867e-02,6.869552947921654384e-01,7.493311087776594048e-01,5.188262597149980726e-01,2.388138621229630998e-01,8.297892634242726162e-01,3.307610813470892586e-01,6.188465148846948871e-01,7.109488446131779771e-01,9.854850167479852763e-01,4.874197714283909910e-01,3.473231364363258550e-02,4.845025232303426521e-01,3.390113333490095138e-01,7.717208924247648261e-01,7.335182768050916291e-01,6.746945569887303762e-01,6.970692442529616839e-01,-1.317020190731709728e-01,5.575887442700783181e-01,7.428499310889900009e-01,8.171916105748664449e-01,3.276531187579045934e-01,5.234433860243459247e-01,9.013761696550205427e-01,5.715198735276885156e-01,5.842855543667568874e-01,7.993504657942976932e-01,6.958868322518301230e-01,6.418135315959712095e-01,2.620041826516771311e-01,4.580770869819358881e-01,6.457390015218058554e-01,6.054476596186353365e-01,8.702430058234251753e-01,2.118145057863135561e-01,6.761586712006497635e-01,9.209294043182859602e-01,6.488664044839215217e-01,4.723556997852911277e-01,7.978556988896992053e-01,4.308531395563389155e-01,2.647036248931054075e-02,7.167671158639445927e-01,2.059074500522207751e-01,9.836289096774264440e-01,7.615471974037472114e-01,2.916932535311984875e-02,7.667799600484489497e-01,9.818683449741136826e-01,7.270770460569307980e-01,9.640011649102653291e-01,6.741071288739358680e-01,8.447836421416909936e-01,2.151210136942974249e-01,3.554840012964150531e-01,5.337696772432019010e-01,5.270596418222658341e-01,7.987103035544933505e-01,1.818171983903339450e-01,3.846414335826916497e-01,2.029477435981172362e-01,5.714667733278945283e-01,4.408817179271808939e-01,9.488718964489641916e-01,6.060708927971555360e-01,2.783295535988547509e-01
6.234596619026683273e-01,2.356704360556642897e-01,9.633494427812027139e-01,4.207621451331212126e-01,7.919834685012143716e-01,7.246722133587246706e-01,0.000000000000000000e+00,6.684868585254173379e-01,5.643980531993304517e-01,3.843984926304138544e-02,7.241062864964119550e-01,6.844465734275611002e-01,-1.233798140443733704e-01,6.927240055541246111e-01,5.584218638072490082e-01,7.900477811548816121e-01,7.169510098068232473e-01,1.800126257742038494e-01,6.235692641707992756e-01,6.967281142496415391e-01,6.046258646676301307e-01,4.720745854772684935e-01,2.607752541915468458e-01,9.243972164691153237e-01,4.550178811298233872e-01,5.707801225068813711e-01,4.672782497244764022e-01,7.879302994529875370e-01,2.189906998138274885e-01,4.204078995863125834e-01,2.634348879247435105e-01,3.474215342264192485e-01,1.550044725625085162e-01,3.841142733577672108e-01,5.456783782740691757e-01,4.242492913354700135e-01,3.206116470769467264e-01,4.560411635128745478e-01,7.204249505030911882e-01,4.073129356971530446e-01,7.809505711325057664e-01,6.578448910093732671e-01,9.681140922267470472e-01,5.698853289219734108e-01,6.801899263124170369e-01,4.250373262443495892e-01,2.073156498988758811e-01,5.095861649509837443e-01,6.595567918997452539e-01,4.535031269043427460e-01,5.913756401191813117e-01,2.060658636313622005e-01,5.647352868388602065e-01,5.023563370809309703e-01,7.438488209384312988e-01,2.808359647376901247e-02,4.374767571931083010e-01,6.008216344510390883e-01,7.691045161915081030e-01,5.372408036149139976e-01,2.940039920798271367e-01,2.222136496800783123e-01,7.171468227392495676e-01,7.513480495830869577e-02,8.074079654080281720e-01,2.747878012179760798e-01,6.196043565743385440e-01,5.136884074867048566e-01,2.159883652437226687e-01,3.250240953759299112e-01,6.296230732117622519e-01,7.772381454634654796e-01,4.666604062156423649e-01,5.005269435881674056e-01,4.898671527640335865e-01,6.515482654404971541e-01,5.804276094110941697e-01,2.827754302187139857e-01,3.456029514132826774e-01,3.967255917788130581e-01,6.667276093749832100e-01,5.008696953684159681e-01,4.117601123693840348e-01,5.332289842495695487e-01,6.559198238067851516e-01
4.709636099671707377e-01,4.432286485606976023e-02,2.311580718264072409e-01,7.018233821528515604e-01,2.948392952572185810e-01,7.808053002403751996e-01,6.684868585254173379e-01,0.000000000000000000e+00,2.107391568554229377e-01,7.232554342815713522e-01,6.319450989098787108e-01,4.731528936255655071e-01,8.645817412416257897e-01,7.276196350795293144e-01,5.060622673992002385e-01,3.767735138216405932e-01,5.366232956981225044e-01,7.156177637522285195e-01,7.428883298594042561e-02,8.435275458541034999e-01,8.313717869987832243e-01,7.131390004271336291e-01,5.223810396431668446e-01,5.748633749212246347e-01,7.645998362900158218e-01,9.447533700639985932e-02,5.389565359727960248e-01,5.352670645627212176e-01,5.729006966346152918e-01,1.059390862908666381e-01,-4.100890801443035638e-02,4.261792115133812842e-01,5.303858376961299026e-01,5.797567766825336699e-01,7.191301106367836704e-01,3.375917921577668013e-01,3.360433420474679966e-01,7.455835955296148398e-01,7.884576101281910443e-01,3.721629153434565240e-01,6.238560757877122942e-01,5.928450303287084999e-01,1.377068793710052412e-02,3.326895052771959849e-01,9.470042929875719384e-01,4.121149082481321280e-01,7.933171879582842090e-01,4.050502531507741977e-01,3.463329319132928408e-01,6.623604704098704499e-01,4.223777738391308878e-01,5.836017993695308270e-01,2.919333579958462432e-01,5.059977473567647266e-01,3.110260367117695379e-01,9.503720691518078301e-01,4.416192785830346246e-01,3.063022447615388333e-01,2.675388638705334388e-01,5.955667080446597206e-01,3.001026189615322859e-01,8.456893894109345222e-01,6.679026362140361162e-01,8.555124666911890774e-01,9.611550352810718234e-01,2.769442574032926485e-01,2.755175615961820146e-01,5.751115557278834167e-01,4.005835778988317553e-01,6.099836330165294696e-01,2.826657938850926088e-01,4.577746340414173276e-01,6.792503735871530113e-01,1.910213570716464693e-01,5.913706925755630728e-01,4.758199124720990936e-01,9.201766392826977725e-01,5.880121093261954091e-01,2.028062015681243724e-01,-1.438988122961278315e-01,4.599191472685724147e-01,9.885922786200962431e-01,5.361186143994856046e-01,2.804619274830972842e-01,5.680875191301089089e-01
7.500754535859336380e-01,4.025048513955414298e-01,9.483537498500635987e-01,4.464930650724757699e-01,-1.282784303565030759e-01,7.487045543869461639e-01,5.643980531993304517e-01,2.107391568554229377e-01,0.000000000000000000e+00,3.192351558670715184e-01,5.381451125351960352e-01,3.663291911597303940e-01,6.526707435141907432e-01,4.167106463057484445e-01,5.123979191993782711e-01,6.856094340768320583e-01,7.776534077073951057e-01,4.313614409484002876e-01,2.519633511408867488e-01,8.092633644039889385e-01,4.524629319618778123e-01,7.276056504025048000e-01,6.310750304053239779e-01,4.092510189034351820e-01,6.221843754328537646e-01,6.628346948742843692e-01,3.604135164253946533e-01,7.340453983364354507e-01,3.004938045854530504e-01,2.381575192149004705e-01,7.712252687172019838e-01,5.051268104789773394e-01,5.807963523709732678e-01,4.978858471636630201e-01,9.821068282772962288e-01,6.698916776665647665e-01,4.107074969245257112e-02,3.712563261764119105e-01,8.433515704427689830e-01,7.216509509209860784e-01,9.266108599557605352e-01,6.619622404838424456e-01,7.167672222705853136e-01,9.916942665097967513e-01,9.647594497212864662e-01,4.887119986133330873e-01,6.352837964102486801e-01,4.229746935515703576e-01,5.029337835303954174e-01,3.208016072230440718e-01,4.010414912369983931e-01,4.094105982174472969e-01,4.341002719448562863e-01,7.638819785823065533e-01,4.289348430637611731e-01,7.962027999714378357e-01,6.599465314737695820e-01,-4.611534620052237798e-02,8.437930655351977283e-01,9.969736300781846527e-02,2.346122062408779740e-01,6.995772854086935721e-01,7.010358829023208838e-01,8.360517293564143637e-01,4.591233749407349629e-01,7.329924457271408400e-01,7.100806031480368929e-01,5.088311502763557259e-01,3.005829239752177418e-01,9.435572174548131352e-01,6.158348441617517155e-01,6.650288089325465668e-01,4.173065171187662070e-02,-1.463600045179091480e-01,5.937518375095838380e-02,7.839394416117160258e-01,3.055568130262046322e-01,1.225755489614956534e-01,3.341830482992963480e-01,6.098747816064836041e-02,2.236824731281110978e-01,4.437982611136324640e-01,6.305861777830439330e-01,7.275577965541785153e-01,5.856059339678934550e-02
8.716688826284281211e-01,6.319406085004366513e-01,9.654985594295537599e-01,5.026959764303678968e-01,9.055649175334460343e-01,5.923258424228123875e-01,3.843984926304138544e-02,7.232554342815713522e-01,3.192351558670715184e-01,0.000000000000000000e+00,8.947493299536096734e-01,7.548650102603756684e-01,6.854944866005733273e-01,7.921593794682915135e-01,6.922927270454317661e-01,8.027880391156484441e-01,6.788562898132247669e-01,4.651758050445282677e-01,5.080154807957588670e-01,5.922373832294507423e-01,9.454792827482713102e-01,7.013419628967992869e-01,8.503416481784333847e-01,9.885684584787732820e-01,2.800490482254424651e-01,6.972779044956902705e-01,1.308120062247475068e-01,7.773558416837851315e-01,2.236355039778574194e-01,5.703993203827403269e-01,2.116416260050633241e-02,4.495697930963503119e-01,4.497167749791091684e-01,8.526884117658870554e-01,4.919837169377508923e-01,5.293418603994189953e-01,4.802031344017065884e-01,6.731981840237256653e-01,3.091327393771333143e-01,7.160485835051012549e-01,4.887721872880148588e-01,7.326967472553377325e-01,5.274399700109011491e-01,9.167287214588148991e-01,7.069136554935758765e-01,1.773659281728687809e-01,6.611382723766510150e-01,8.069228312663678793e-01,3.248253873193568952e-01,4.823834997167004701e-01,6.517586956666219233e-01,6.006316967445894939e-01,6.756730268816526497e-01,4.271691495631139146e-01,7.620281212186049702e-01,7.209676169376257882e-01,8.489496472925098791e-01,7.282542726064447081e-01,6.420362430915881324e-01,4.296278608493326878e-01,1.398426816293663888e-01,4.323675774635517000e-01,2.421681378345758306e-01,5.395890372912472976e-01,9.723451758883088214e-01,4.932329394794382482e-01,7.003969379604413348e-01,6.505040402689115098e-01,5.163567263422512710e-01,6.580584820889960884e-01,4.782905926066954860e-01,3.589841842737027111e-01,2.391817520676408904e-01,5.119521941957908551e-01,7.792546396022389521e-01,4.203693136149669884e-01,6.405108893774391632e-01,7.714280296762182632e-01,3.024769180382298472e-01,4.796008096013965605e-01,5.203558818314495821e-02,6.779996866386210908e-01,7.957214955572047277e-01,3.472160028729870396e-01,7.270915074008689194e-01
5.078271831546353754e-01,9.268110014820576392e-01,9.888532061198023193e-01,6.202919587836265292e-01,9.470200736621182669e-01,7.357512744596642618e-01,7.241062864964119550e-01,6.319450989098787108e-01,5.381451125351960352e-01,8.947493299536096734e-01,0.000000000000000000e+00,8.164587036150686705e-01,3.353218100207797647e-01,9.920040749332370567e-01,6.374937199664069132e-01,4.591933113128269794e-01,7.696229235252505241e-01,6.358685124255033516e-01,7.389146919464357754e-01,8.384914298321812787e-01,5.879030576752506398e-01,6.404868749344641010e-01,4.999771685812858246e-01,5.894585070611906286e-01,4.688994754805836940e-01,1.889357112213311263e-01,4.835413190270309580e-01,5.390412481095974151e-01,7.002572135595254155e-01,4.757182896186721854e-01,6.330546456125915045e-01,4.304032121230524921e-01,9.483771696230389736e-01,7.746720213523854426e-01,5.521961400604440406e-01,6.871363253640684343e-01,1.440668229928691035e-01,3.329686318861599936e-01,4.826164221115584740e-01,2.669766870268825976e-01,5.255445523139389286e-01,4.992847913535162219e-01,9.529952992496186770e-01,9.292830285427993164e-01,8.827665601689508312e-01,9.972332006119200010e-01,7.881146374701415436e-01,8.826330632180703351e-01,5.049077810520418153e-01,4.293038317135804416e-01,5.401900189778203742e-01,4.171843003539899009e-01,7.672416747486919819e-01,8.404293570582700434e-01,9.600152976309058728e-01,5.952204345439334743e-01,2.515451889315188927e-01,7.559259543511442914e-01,9.507562350505665005e-01,2.009817610982665148e-01,-7.737236125556229416e-02,7.729184424539967679e-01,3.717033046727668544e-01,9.947202758571520587e-01,6.727291894004598927e-01,5.348526472337952198e-01,6.484830172263712500e-01,7.501417478667021799e-01,7.903448669185753062e-01,7.565008939770112573e-01,7.561457878957287271e-01,4.586851931608712518e-01,4.905309220885054611e-01,-1.817467315913636472e-01,4.470869295090389994e-01,4.043108423521314387e-01,9.889834169180211632e-01,6.262891677860518147e-01,5.176993443614396062e-01,4.433077463016231734e-01,6.495042776623769498e-01,6.505434934064102670e-01,5.675713450387106507e-01,5.256612004508056657e-01,6.900015097736805769e-01
5.895720372666459763e-01,4.530367085156501439e-01,6.554716734802599198e-01,4.008764240326535555e-01,7.263730224191193852e-01,4.388183864848954618e-01,6.844465734275611002e-01,4.731528936255655071e-01,3.663291911597303940e-01,7.548650102603756684e-01,8.164587036150686705e-01,0.000000000000000000e+00,7.430301309132156806e-01,5.175353177315602515e-01,6.124102604978621800e-01,5.147991159084454038e-01,4.672435944075493675e-01,4.218898440937223770e-01,5.424671890201804292e-01,8.373698693717546160e-01,8.680578806928700430e-01,5.855583244951307886e-01,7.843501973545631278e-01,8.294860119333045123e-01,1.706183772708152191e-01,5.367066257787806993e-01,9.540862741932211177e-01,7.415354813794797773e-01,6.408515151071606519e-01,3.426254442640826181e-02,4.876298354937196877e-01,5.427860970478275426e-01,5.026393534139853569e-01,9.767411236279333053e-01,3.904024706202868789e-01,4.536220930707446364e-02,4.319144778143005348e-01,7.161642213571792759e-01,9.081068828652862912e-01,4.273410501285503371e-01,5.290021884304028088e-01,4.196257956569180991e-01,4.293276842610184163e-01,7.987368755764658879e-01,7.972561712041842386e-01,6.222272651168423430e-01,8.486520931278411783e-01,6.198632207806868966e-01,7.106075159328221202e-01,7.694850182275760897e-01,-3.580333270006202939e-02,4.029536923797403247e-01,4.486812456603709864e-01,5.538596213928622669e-01,9.901712674970910566e-01,8.694633428362408267e-01,5.999319658450029680e-01,5.674226904513915981e-01,6.314620483920821981e-01,5.852512326801362352e-01,4.195059371728026010e-01,7.416202623496306323e-01,3.228477076190113260e-01,8.465269521367601024e-01,6.474630104413656717e-01,4.758543028098096150e-01,5.428954522785609527e-01,9.502749419755196492e-01,6.803112926025999263e-01,-1.849895578005259500e-01,6.926005986960726002e-01,6.269115272636115455e-01,3.100171422134511134e-01,3.337736978035681368e-01,1.704480679278200239e-01,6.625627425684199601e-01,7.638019268427631570e-01,4.460404793962545189e-01,4.784700207363780100e-01,5.563925456778638923e-01,2.294417061463376317e-01,4.891227750530223184e-01,7.129201681594782292e-01,6.888435632539686715e-01,-1.580130849074865840e-01
8.912506211292723357e-01,9.735984574762059918e-01,9.807469529888652726e-01,7.333734276004110209e-01,8.593487004049980005e-01,9.152646137851777608e-01,-1.233798140443733704e-01,8.645817412416257897e-01,6.526707435141907432e-01,6.854944866005733273e-01,3.353218100207797647e-01,7.430301309132156806e-01,0.000000000000000000e+00,5.415323646893470677e-01,7.565364590803035361e-01,6.744880923222087432e-01,6.261637320699149356e-01,9.897296424310484397e-01,7.119663899848811539e-01,5.234524480436969496e-01,1.561975785092820090e-01,9.045243498265934656e-01,8.347036694261095180e-01,3.478062280282385732e-01,6.932767862221542732e-01,2.340835798553810854e-01,1.924846420065974839e-01,4.596476719722865090e-01,4.633626994671945498e-01,5.597953791415445357e-01,5.840640474642079250e-01,7.090611820047721947e-01,9.931408447434550979e-01,5.416974844112103504e-01,7.116760429929851473e-01,6.432440724985089009e-01,8.914225272052936355e-02,6.884221500841185559e-01,6.490904119694458352e-01,4.477773015110890209e-01,3.697612961816360011e-01,5.106544476001980692e-01,8.525068994470251793e-01,9.033307167691366768e-01,6.957161143542575088e-01,4.529658866197721068e-01,6.320373379310207929e-01,9.316854782078785868e-02,4.581578543531416026e-01,7.655486608532493520e-01,3.706006229555743881e-01,7.089739736250630919e-01,4.780875282994219155e-01,5.466570373100783087e-01,9.163144045366664603e-01,8.777004129033372237e-01,6.780042611318257695e-01,8.051331602396669673e-01,4.295941254614613070e-01,5.800586970986070234e-01,7.286070303983716023e-01,4.155599727778315211e-01,7.969645289598046300e-01,4.753468112876555463e-01,3.484867066894079546e-01,9.725616996737311837e-01,9.117113360835239488e-01,6.924252829386976504e-01,6.802839270466610744e-01,8.357690233954413461e-01,8.594259130592152296e-01,6.254858356665895514e-01,7.365410678397146249e-01,4.789217227310395009e-01,1.660954624995187590e-01,8.653793866464547513e-01,7.519375365266268707e-01,4.007845890198639127e-01,4.433710667522013926e-01,9.892959166510117974e-03,3.616821351450799082e-01,6.568245379334397560e-01,7.556230277341924317e-01,-7.434639193972916726e-02,5.638175240059808413e-01
7.251095915225792554e-01,8.240662579982036551e-01,5.507179696004426139e-01,9.611757000947764862e-01,7.197649125370724210e-01,6.878717818119960414e-01,6.927240055541246111e-01,7.276196350795293144e-01,4.167106463057484445e-01,7.921593794682915135e-01,9.920040749332370567e-01,5.175353177315602515e-01,5.415323646893470677e-01,0.000000000000000000e+00,4.047388891104461428e-01,7.606964998827985269e-01,5.787323305258490480e-01,7.946337639631460004e-01,5.853288707394935786e-01,7.139165906409320472e-01,7.699534694594931672e-01,5.760118754911423000e-01,6.560997831721926410e-01,9.309581817075375243e-01,1.068983968136659746e-01,7.279334159444633690e-01,6.966635065699107177e-01,6.941622207775316467e-01,3.370226913265568225e-01,3.951766223157607838e-01,6.477185317454938751e-01,4.754587123575181318e-01,8.081657529993555578e-01,9.512795550213400952e-01,9.668239626913586182e-01,4.177471831124266455e-01,4.238712378215661047e-01,4.514474137528692310e-01,9.420043453851558723e-01,7.167280578086552278e-01,5.175904518854717029e-01,5.257337245684204907e-01,8.597892136641906990e-01,7.566667899162857758e-01,1.344583058192742320e-01,8.066683062408774862e-02,4.808480192496185635e-01,6.217662536449233279e-01,7.706086597362383772e-01,7.003453251934290691e-01,5.384780136756617264e-01,5.538648645054520259e-01,6.004723572794588016e-01,4.307913079769712383e-01,7.503432704389253471e-01,9.229893066972179039e-01,6.870445179859395735e-01,5.059499674415148807e-01,3.844372228609967412e-01,5.414119952546504466e-01,7.018425739414788644e-01,6.475067283095512494e-01,4.055519838978636216e-01,9.759128531577561105e-01,4.870648458306894302e-01,4.719696831197103815e-01,5.135342868203585098e-01,7.326939359720595624e-01,-6.951951811071402365e-02,9.491067700690425379e-01,7.229230909315635945e-01,7.464087246970395606e-01,-4.833220100892166027e-02,9.453602042581504827e-02,6.541237869344773692e-01,4.102540474720509645e-01,8.261518866597181709e-01,9.263382693002513157e-01,5.683488101005749193e-01,4.178024109497558425e-01,6.988320162069047159e-01,6.583460051031080340e-01,7.363502616035790815e-01,3.646909895551655456e-01,2.244502063464943187e-01
3.668828118115216586e-01,9.028007811858563825e-01,6.417058120805729793e-01,1.160394010253687630e-01,7.191170298804659966e-01,4.603138770508577449e-01,5.584218638072490082e-01,5.060622673992002385e-01,5.123979191993782711e-01,6.922927270454317661e-01,6.374937199664069132e-01,6.124102604978621800e-01,7.565364590803035361e-01,4.047388891104461428e-01,0.000000000000000000e+00,7.880217230519754867e-01,7.894474402903748356e-01,4.368148140668789980e-01,6.332270048014205788e-01,7.547083065223337828e-01,7.356034585811915827e-01,6.652547926579799320e-01,6.579135228746982866e-01,6.709806426116701195e-01,7.545651323236548524e-01,2.724338711529322166e-01,5.609808203512227642e-01,5.692470312701822799e-01,6.996741483286746943e-01,1.458527359890607056e-01,5.320855277844593889e-01,5.437275883464662840e-01,3.692479947762459247e-01,5.173699434929954766e-01,5.422491956772831356e-01,5.154312988393705552e-01,3.152204867061307869e-01,6.659477267638959086e-01,1.961844941851681456e-01,6.308518300807024470e-01,3.022058695887403501e-01,5.239892402236228097e-01,3.704170097950752472e-01,2.995021200983977727e-01,6.966852808392757224e-01,7.972537499215894830e-01,3.671194939210772334e-01,4.399046464315484739e-01,7.627238439616049748e-01,2.017798448194428329e-01,4.884826827353636602e-01,4.241533402758649318e-01,7.864314488441495055e-01,5.419152762267159806e-01,4.928325245316311776e-01,9.113240140000330447e-01,7.453149035866767358e-01,1.671103392260237797e-01,4.061419616013884348e-01,3.040042224659505465e-01,6.873285217257792123e-02,5.461325310157586488e-01,-1.740950264505237433e-01,9.944076931457749291e-01,6.047262323705748788e-01,6.611932459180163146e-01,7.870820374793673357e-01,9.340186537805128530e-01,4.210246794746210774e-01,4.299708202347520825e-01,6.174549509452446072e-01,6.405889315962763897e-01,6.825555950929831361e-01,5.867320437347447459e-01,4.959266636321404409e-01,5.175870544762114500e-01,6.986083975297677773e-01,4.324054808462884925e-01,-8.930029100371017492e-02,3.438421412627043483e-01,6.518794747776042176e-01,6.632441240094649748e-01,2.864701612154200716e-01,9.526203969914258385e-02,6.614652434975096806e-01
2.226404492482510766e-01,1.420080156892222500e-01,8.909501614794324009e-01,9.294043035418845244e-01,6.850235801073166764e-01,3.751047443554549332e-01,7.900477811548816121e-01,3.767735138216405932e-01,6.856094340768320583e-01,8.027880391156484441e-01,4.591933113128269794e-01,5.147991159084454038e-01,6.744880923222087432e-01,7.606964998827985269e-01,7.880217230519754867e-01,0.000000000000000000e+00,4.198283566671765499e-01,5.772199615873935263e-01,7.719839477038201725e-01,8.724592865741480630e-01,6.643741299048944171e-01,6.204026876817680947e-01,1.835030088814272875e-01,2.675518622337186847e-01,6.357126575134786073e-01,6.378045875894077232e-01,7.318781095151143390e-01,1.785247438241961346e-02,4.787658524018340023e-01,5.741844514321302606e-01,2.964929314302350294e-01,5.430375743133836197e-01,5.787416702310385075e-01,5.664492293672742651e-01,6.712575073654035718e-01,2.910294213595477908e-01,4.818134964030085787e-01,4.676471226801706127e-01,6.593133078009011383e-01,8.522836089725726039e-01,5.021764668324574243e-01,3.467556639342644909e-01,4.719246043996021545e-01,6.064874619130281586e-01,4.362701312891359429e-01,9.514813872911624948e-01,5.910730817071170318e-01,6.834564983323941911e-01,4.909531098826276918e-01,7.345572549591604661e-01,5.813849244426623208e-01,6.069614046399681717e-01,5.147765434590887423e-01,7.885217328199816134e-01,7.351866062643787059e-01,8.882386853914684410e-01,7.768918021381564509e-01,2.508113316828625705e-01,5.802561335133470388e-01,-1.344545203647908582e-01,-5.339492192775213697e-02,6.608674593206406156e-01,8.741417339915384943e-01,3.873367543196596374e-01,5.875418149257637390e-01,9.476613595849391336e-01,8.542421650868874394e-01,8.727778532963738067e-01,5.105682137613658522e-01,2.034493897987142419e-01,8.826586354298261439e-01,2.251595132805948585e-01,1.088267063376636978e-01,4.563522340426747759e-01,5.633094844771703302e-01,4.250829013111631638e-01,7.136997158807303343e-01,2.417873741914084440e-01,4.663786988503150766e-01,6.049702282737199482e-02,5.631715148372339330e-01,5.401152669396683814e-01,7.400701920777371656e-01,4.382310054029779356e-01,5.772315014671255406e-01
4.502587689174780139e-01,4.612812957403078507e-01,9.454418249112368500e-01,2.792174574323725844e-01,7.246328582212484548e-01,8.032295270374387730e-01,7.169510098068232473e-01,5.366232956981225044e-01,7.776534077073951057e-01,6.788562898132247669e-01,7.696229235252505241e-01,4.672435944075493675e-01,6.261637320699149356e-01,5.787323305258490480e-01,7.894474402903748356e-01,4.198283566671765499e-01,0.000000000000000000e+00,4.361493362629793036e-01,8.035947440938174813e-01,7.361153600006755671e-01,6.735539199876918737e-01,5.563042201029430034e-01,3.664364364072631997e-01,9.189870083635336417e-01,6.829550009013577450e-01,7.146227199599983759e-01,5.306772069965801641e-01,4.143130768362459637e-01,4.649547269137300765e-01,1.615020025868196263e-01,7.772248485190724754e-01,6.164625341511965617e-01,7.948880542761844747e-01,6.897701847030542899e-01,4.307615331586841512e-01,7.841005545453973991e-01,1.499979356731198921e-01,7.078928894694495044e-01,8.232608564031709264e-01,7.983163631281643413e-01,3.378466717866517310e-01,8.854553222185017614e-01,6.767890261762768978e-01,5.894308253941861198e-01,8.378371689930920185e-01,7.976348784498001887e-01,7.893053430567135154e-01,3.008353619012634206e-01,9.804313890666266351e-01,7.356022402994910614e-01,5.502095513440780072e-01,4.789569614079025595e-01,5.726047185803984085e-01,6.889713119347316006e-01,6.595883233683622615e-01,8.034802254195588800e-01,8.116865436358723374e-01,7.177927082735939823e-01,6.299194991697798507e-01,6.134545661318318022e-01,4.827890683974767061e-01,2.812533541742465726e-01,5.790889300733781386e-01,7.880467716986292448e-01,8.032382549476922984e-01,7.285047104058638423e-01,9.308970159039400283e-01,7.559283613269988100e-01,6.072493694265876929e-01,7.369268728083124831e-01,5.717464642041936163e-01,7.495806954949301160e-01,5.800659865524419034e-01,3.811424341088531786e-01,9.173034879697998800e-01,9.468394736441402282e-01,7.294793558398299238e-01,7.679216489408026147e-01,6.165795766222542662e-01,3.540741032789266329e-01,8.245148271963212983e-01,5.094518198683264387e-01,5.730589698582654323e-01,5.758459971835032665e-01,6.617100876093419126e-01
7.051496381565051097e-01,5.496864652990718358e-01,9.050555025740698589e-01,9.665236758196846800e-01,4.137133709645389734e-01,4.455278562868442149e-01,1.800126257742038494e-01,7.156177637522285195e-01,4.313614409484002876e-01,4.651758050445282677e-01,6.358685124255033516e-01,4.218898440937223770e-01,9.897296424310484397e-01,7.946337639631460004e-01,4.368148140668789980e-01,5.772199615873935263e-01,4.361493362629793036e-01,0.000000000000000000e+00,8.471586958328192196e-01,6.137503357792657432e-01,8.339365612706722830e-01,5.415313191473668519e-01,4.597526459443451174e-01,5.935244767472974692e-01,7.500369050638632240e-01,6.767944832581984649e-01,2.564360535421915110e-01,8.455895683520261441e-01,1.830952344145397870e-01,3.403157437353934167e-01,3.568178048178315409e-01,4.984287459901322603e-01,5.267511612883395422e-01,6.126268247156611002e-01,3.543774311066709704e-01,1.052580172387430624e-01,3.616180603696864115e-01,3.912866607617457859e-01,7.257929795703927933e-01,7.923590604946009197e-01,6.884587786054944258e-01,6.076766666622275270e-01,9.865346455231162048e-01,5.653904724873093368e-01,6.216773961372226154e-01,7.846738997135538352e-01,7.163801747606679537e-01,3.912667110348958532e-01,6.426138021973396564e-01,4.109891748080974350e-01,7.207757735838213886e-01,5.771539603543183183e-01,9.613313794241916677e-01,5.400798980989862663e-01,8.259838795529101940e-01,4.151511851275162535e-01,4.022587706554957010e-01,7.228387022561730824e-01,9.699784070670067759e-01,7.930296026084814320e-01,-1.003045269961200248e-02,6.805412884581354405e-01,5.169928252493081189e-01,6.190043820179970124e-01,7.134557081222930863e-01,5.753864512922987062e-01,8.830163553325602876e-01,7.825272307086750256e-01,2.020737868574288831e-01,7.293661343725169610e-01,5.354677952699546939e-01,6.871176403765328899e-01,5.020938160979432352e-01,7.368857437791430653e-01,4.403904283967613464e-01,4.864271987950442577e-01,5.750150834263890731e-01,9.503964935915039103e-01,3.793414898643320265e-01,3.707757947923538966e-01,4.386285872270628272e-01,6.410462734542422547e-01,7.523954164151374080e-01,-3.601395277905161674e-01,6.169675625959989418e-01
