0.000000000000000000e+00,6.962072786710412631e-01,2.786474025652895259e-01,6.169650323003121883e-01,4.236220618708702035e-01,6.975677776918280948e-01,4.955736074511466471e-01,4.934000797474403233e-01,7.100190550691748426e-01,9.343418671040681911e-01,3.570389232799051626e-01,5.089981010097675007e-01,4.298080266908413383e-02,8.345680438787264066e-01,9.596834783062766494e-01,3.110919951476426304e-01,8.070089774597491994e-01,9.021223336139613247e-01,2.118767713342744052e-01,9.087676444014953780e-01,5.186281771237014615e-01,6.487067611449753857e-01,4.005366122485691238e-01,6.764022905400957075e-01,5.734533620106136986e-01,6.904370536121009483e-01,9.514485356375030900e-01,7.546406239529079851e-01,4.234427686501048838e-01,7.191573991185917780e-01,2.108889972283410075e-01,7.910689467674845154e-01,9.922005890399117067e-01,2.375830616389771333e-01,6.335078790646008207e-01,2.789018734315766301e-01,1.085887485995363361e-01,6.966162447850343664e-01,4.294198567686255963e-01,9.773645330497225947e-01,4.265640686098511325e-01,8.285791541003071359e-01,4.374071116870251186e-01,4.816994809430176216e-01,7.326503038601123174e-01,9.745942527204872752e-01,6.905624378158259358e-01,5.175626210394428384e-01,7.493863885024201199e-01,9.433985000208628957e-01,8.345244306045876970e-01,5.251693732527586977e-01,9.729105083920317476e-01,6.378174876189721676e-01,7.967956227888806087e-01,9.383016689763654661e-01,7.279982022499492667e-01,6.570342652784069148e-01,2.716460721289645219e-01,4.162698992448462532e-01,2.442913644111644467e-01,9.568497495499168615e-01,5.560344346842269747e-01,5.982336509455481455e-01,6.120341910501871929e-01,6.133015807865179747e-01,2.032687318437222390e-01,9.988076789546879164e-01,8.216276799286806876e-01,7.599554693218049106e-01,8.276449541600103821e-01,6.474304186580187581e-01,7.471576160164945524e-01,4.596144106996897238e-01,8.203051680829708259e-01,7.031047529834406618e-01,3.236360595456428402e-01,2.582828049166387419e-01,5.156601265742996043e-01,-1.191576123098936069e-01,7.561670742968535919e-01,6.715719181243472446e-01,7.055363557776401784e-01,4.202611106320406353e-01,2.503222957280551997e-01
6.962072786710412631e-01,0.000000000000000000e+00,8.547843088263248346e-01,7.637473981215927576e-01,4.934006650278033868e-01,6.085543381397815615e-02,5.863751593710748722e-01,6.118078813403851068e-01,5.590226934685964544e-01,4.608120646784995555e-01,2.371607669569205656e-01,4.168987317617604549e-01,6.746281512548462089e-01,7.424175772095668036e-01,2.199834224628684776e-01,5.594177320634404760e-01,4.469836963100549121e-01,3.948344684103404223e-01,8.280001828339415004e-01,2.343221391090120204e-02,4.231645748614028535e-01,4.448486304346296327e-01,9.908770420609626095e-01,8.512660977203223567e-01,7.412362337250837374e-01,6.340097976560017390e-01,7.978177350801030077e-01,-1.582994396929524039e-01,4.179305912219685171e-01,5.370060107921885706e-01,3.749045670190954693e-01,6.776309090582901540e-01,6.589368658300931436e-01,3.453280693649469768e-01,4.197780103917106986e-01,4.372565318254225675e-01,3.027362968653221631e-01,6.366005283621716249e-01,9.525382786599022600e-01,6.928575256918051428e-01,7.746804281746837439e-01,9.825266453044234627e-01,6.411000848837069555e-01,7.295642978428646952e-01,7.133802637168107363e-01,6.531321637936540192e-01,6.410871888898658222e-01,8.115862672676067424e-01,6.213261813812334111e-01,3.184659294982775113e-01,7.657610099913449986e-01,6.079684919402982279e-01,6.509419909436533480e-01,1.297042774062643622e-01,2.647122811107993079e-01,6.150982422350792511e-01,7.988235195358441842e-01,5.473311232546020921e-01,4.237606493490109205e-01,4.611991399924820767e-01,3.581628230295191839e-01,7.243719722724770715e-01,6.167052795391977371e-01,6.965777839492828249e-01,8.761389512735547891e-01,5.495439179137020513e-01,5.259461528434137279e-01,5.100686771004102615e-01,7.992845595285880123e-01,7.592123560918417891e-01,6.645011938766619553e-01,8.496449966377171981e-01,7.338091704705498874e-02,1.797095308320614815e-01,5.901391317332691511e-01,6.663685543607344997e-02,4.855387056897244591e-01,7.818304479379719618e-01,2.697554491582183078e-01,3.051035355553894934e-01,1.015662413966107562e-02,7.919386631205393989e-01,6.136656106493584284e-01,5.783329444665070707e-01,7.567299722528854078e-01
2.786474025652895259e-01,8.547843088263248346e-01,0.000000000000000000e+00,8.288708733902321324e-01,4.671166290145242206e-01,5.810774372063741700e-01,8.896646851646001775e-01,9.412263390751745007e-01,7.828264727246753152e-01,6.092282941675889463e-01,6.928189173605425744e-01,8.281517986521913510e-01,9.294535750466237367e-01,9.778065227827320571e-01,6.949984196483528498e-01,9.805820279289857444e-01,9.456843900192561936e-01,4.154930342198485671e-01,2.318276286158545696e-01,8.610051604546690163e-01,8.629598901022685897e-01,5.583159211467767502e-01,8.495498455706398389e-01,6.669440615638408953e-01,6.178248793500115132e-01,6.323738269817514857e-01,8.492554681694390872e-01,5.993371749606226651e-01,6.451365323350831682e-01,5.894623484352226050e-01,1.528100717129642350e-01,2.713893239697029447e-01,7.584399040404321557e-01,7.790881941103564579e-01,8.807991117010379734e-01,3.661986275881023434e-01,2.887149909685637894e-01,9.310294190564427641e-01,7.684418073486506406e-01,6.524630247335336808e-01,7.257670720093154504e-01,7.853180292707572230e-01,8.662369271531168424e-01,7.146673819958215823e-01,6.110985968876539998e-01,6.449376914079969492e-01,6.485985289694395917e-01,2.656483437778202616e-01,8.726080578407293675e-01,9.005469248708932728e-01,6.214178970441006644e-01,7.909966119148443831e-01,4.641943799997096942e-01,6.896039610165216605e-01,2.314524129800585583e-01,8.093990053627656556e-01,9.931373558902849563e-01,9.296933806202578587e-01,6.422530825125354337e-01,3.860104886228173937e-01,2.343104723476593931e-01,5.424956811903750009e-02,8.065076603869718586e-01,2.481995000838875254e-01,7.208981959587744681e-01,6.196031948430141822e-01,6.987285121091869611e-01,9.139899417935217762e-01,7.286380554929343667e-01,6.176759732281479343e-01,6.219737776238568605e-01,7.214226706723398941e-01,6.757046780247629725e-01,5.045324589795264769e-01,7.714047634615253113e-01,3.653999689255685857e-01,9.020495897731044543e-01,4.541224947514776455e-01,5.619372805766150725e-01,3.816646424073116828e-01,8.037768603799085865e-01,8.985721088131086720e-01,4.328271913395211890e-01,2.639908613438171070e-01,6.438004306060682858e-01
6.169650323003121883e-01,7.637473981215927576e-01,8.288708733902321324e-01,0.000000000000000000e+00,9.717122426752144992e-01,6.172488192558479581e-01,6.876564392019987038e-01,6.451847572266267150e-01,2.964943147485351038e-01,3.199185204668912874e-01,7.759155781913414929e-01,8.980381986769273572e-01,8.217780095801854312e-01,7.419227577429416964e-01,8.923093262162380412e-01,9.890828480210775986e-01,5.342058836536300870e-01,5.956408332642573189e-01,6.213786105024730055e-01,4.297786187792076995e-01,8.595309612338944971e-01,7.969207530597488542e-01,6.793049257133936258e-01,9.284206310011130503e-01,5.479743362441136245e-01,2.215807587943777190e-01,7.037307675130569651e-01,4.327779730587479334e-01,5.481136156104831070e-01,4.963307671569744950e-01,2.657411271817980980e-01,4.083081502516917594e-01,7.193632520627816218e-01,6.499941156065530690e-01,9.987333008373248111e-01,4.991810081233835628e-01,4.645629492495909618e-01,7.012229970985164318e-01,5.689413600602872823e-01,7.668029910499889468e-01,4.996535015245378020e-01,6.383520768460921868e-01,9.301122392708756070e-01,4.511185202510033521e-01,9.345622229662492453e-01,5.640908201659451393e-01,2.848298606233291008e-01,8.973231493739971532e-01,7.139604453286100272e-01,7.518696713476700211e-01,9.600578633428465958e-01,3.387794625447568819e-01,9.962640243098475068e-01,6.480680605040085585e-01,8.782114867279660064e-01,9.410558607586592128e-01,4.774045135065004830e-01,9.197399201571857530e-01,6.522313131687278442e-01,5.634959259002249032e-01,2.718546245543503881e-01,3.465509004940761084e-01,7.432771414344543359e-01,4.489403777784220506e-01,6.399177837619728360e-01,6.135240848482516052e-01,7.379474709256528264e-01,9.462353642157177447e-01,4.580978748018628144e-01,7.771349009620565074e-01,4.089715900359300882e-01,8.826366760997971239e-01,5.493800199707002951e-01,7.039267334971428813e-02,2.278605550818110226e-01,7.980458268153143297e-01,7.937051381214583756e-01,5.603139951600477620e-01,6.232956324209565357e-01,5.984265457043771441e-01,2.570270338626289841e-01,6.646134010244562074e-01,3.037111100435808120e-01,3.264832698431133773e-01,7.271835472309371440e-01
4.236220618708702035e-01,4.934006650278033868e-01,4.671166290145242206e-01,9.717122426752144992e-01,0.000000000000000000e+00,7.395307741072212337e-01,2.117331490751863388e-01,4.798128273954910816e-01,3.987851981273629054e-01,6.911030940770541697e-01,5.807601462610507970e-02,2.217359606810513362e-01,6.970674139842660821e-01,4.136080591356265379e-01,7.763270200803752408e-01,6.898861935229950726e-01,6.043590144224366689e-01,8.935630540520835829e-01,3.474167386354742870e-01,7.772578093952576817e-01,6.019142729890279986e-01,5.979887921179781740e-01,4.441763962995848858e-01,7.900889610888757186e-01,5.865693883951774712e-01,9.344593846160381689e-01,2.893422547201290329e-01,4.876670722341251984e-01,5.486110081561071938e-01,4.167972024211429871e-01,2.238196406799861093e-01,5.806511542272331239e-01,9.358425952728390840e-01,5.030827070513665955e-01,5.061784402779480052e-01,5.057420742939787717e-01,5.181582060461860095e-01,6.713970762915422164e-01,4.642610779951849564e-01,3.605536443205354935e-01,2.977184696738858216e-01,8.120168593185892458e-01,6.051759204007700621e-01,7.078064793679663680e-01,6.696651672036576519e-01,7.634900188368756169e-01,3.406589173619753996e-01,8.392766392643373763e-01,5.644949446271923382e-02,2.334794194446906945e-01,5.238030327908390626e-01,7.758669099611076314e-01,1.058804447480181099e-01,8.020853784863896108e-01,6.397118207484187025e-01,6.136327060697900349e-01,7.587069227952398798e-01,5.000761966761734234e-01,5.396243374409275262e-01,6.735067182602242353e-01,5.833218162831328435e-01,5.553519311423237292e-01,4.172760627733067551e-01,4.314082680389537128e-01,6.915003079747543691e-01,5.571468182729524266e-01,6.799736178753941207e-01,6.315578292931747217e-01,5.037423865380031840e-01,6.326230073294366596e-01,6.981866539193950505e-01,8.231634977994388702e-01,1.850575905292915213e-01,4.676245043788406219e-01,4.094773509660895039e-01,2.911077525024959312e-01,4.571151865899462097e-01,5.153814858767821194e-01,3.422675180580413423e-01,4.302169641415235501e-01,2.454304876419987624e-01,3.973943980701197809e-01,8.136824660686189370e-01,7.669617784547673178e-01,1.822857140066442769e-02
6.975677776918280948e-01,6.085543381397815615e-02,5.810774372063741700e-01,6.172488192558479581e-01,7.395307741072212337e-01,0.000000000000000000e+00,8.430515645787134416e-01,5.293746774826786350e-01,5.634798684515603950e-01,3.760595835403585108e-01,6.606387988095301367e-01,6.267561393595192376e-01,7.107130324749002526e-01,9.984004881318360169e-01,7.250510414205543208e-01,3.905203204939428074e-01,7.225313258529667548e-01,5.402067217475495786e-01,4.169585986639803288e-01,4.136455287973898054e-01,6.828029080379703908e-01,5.202463152094468635e-01,2.145325601831785389e-01,9.471534458331882789e-01,6.847154170035910647e-01,5.717783567195195982e-01,4.729339129770109285e-01,7.834275357281674790e-01,6.881641688343117513e-01,5.190006583543813612e-01,2.526683510599088134e-01,2.680452504403187941e-01,6.072074039801885759e-01,7.121922815182156752e-01,9.422052689067014208e-01,6.488340111749864303e-02,7.358866979318860746e-02,5.223387602500679794e-01,2.460185104827143365e-01,8.922635948598358624e-01,4.206192751787594108e-01,6.443849993814473320e-01,8.448332901338068135e-01,8.215126043026376168e-01,4.116305019668575760e-01,5.756326592917294649e-01,9.280680696488285975e-01,4.980063486997283184e-01,2.399216519050968999e-01,5.993807551347263285e-01,6.532775385598336149e-01,5.896538389229644128e-01,4.356989311346893268e-01,9.416672006396069605e-01,8.468468704004171732e-01,9.163179442967435140e-01,4.012278770601619415e-01,6.832672639525013691e-01,4.879418061894204017e-01,9.402813869635383293e-02,4.989885184676728924e-01,9.908446581242709161e-01,2.841705169273542886e-01,7.069631042425055245e-01,9.810881148687585762e-01,5.601026614019429806e-01,5.538922251267643926e-01,4.196823564939424767e-01,5.450622778908853494e-01,4.168926092325233590e-01,1.723971222747665288e-01,6.348764208063307768e-01,3.005298567086711614e-02,1.394403505169805046e-01,4.611042481051554343e-01,3.441265111522787690e-01,5.059925112458958374e-01,4.485328478131486718e-01,1.536957633688507963e-01,-1.811135959847746391e-01,7.318129025464740200e-01,7.216099136938263214e-01,9.031285254453202960e-01,8.970325325558118346e-01,4.948545802832444718e-01
4.955736074511466471e-01,5.863751593710748722e-01,8.896646851646001775e-01,6.876564392019987038e-01,2.117331490751863388e-01,8.430515645787134416e-01,0.000000000000000000e+00,6.731870858240710520e-01,3.861617210270911621e-02,9.026831783483328930e-01,5.173727484902668206e-01,4.692721695996894815e-01,3.401124245588181827e-01,6.070775457099548689e-01,4.923044844199820913e-01,6.469425464840246054e-01,2.742267556724468647e-01,4.607695399293412208e-01,5.214589706671843850e-01,9.275846237461000676e-01,3.388372995171826801e-02,7.149134937270945622e-01,8.005361336542307638e-02,9.953949371999106788e-01,3.413421584705816358e-01,7.855521969223501211e-01,6.947287752455052479e-01,5.639916733561858297e-01,6.189804779963129500e-01,3.438549621821495039e-01,1.754512485912099184e-01,1.135000824799234781e-01,6.877122493634910683e-01,3.577154391590320424e-03,6.598968736994152984e-01,3.654298061843134215e-01,2.312527167960805319e-01,5.634929381781936808e-01,7.692035857152752509e-01,4.937687610926806414e-01,3.647223481577144266e-01,8.583779400529329973e-01,8.581390004658365767e-01,4.800145964705636592e-01,6.080790801799589307e-01,5.868073601439521836e-01,4.066666667901683851e-01,5.940064509697258188e-01,5.767802190580879618e-01,5.839320260896490034e-01,6.330760226657459189e-01,7.719945835324022454e-01,3.246903474349292495e-01,4.198960388912697517e-01,3.293833670692408733e-01,2.193507497560178154e-01,-1.824023023266132804e-01,5.554230022219103224e-01,8.914175331863315455e-01,4.256139488344204413e-02,7.149177388003740141e-01,4.167443192261333085e-01,6.778885177859315103e-01,9.371280687279340826e-01,5.690071283613387099e-01,6.133174642565037971e-01,3.804142049009821003e-01,6.579413686890693835e-01,2.926829367445011876e-01,5.794383696200973155e-01,3.095437837075902254e-01,7.211679398065146129e-01,3.277939480998964816e-01,3.290316398753365679e-01,2.083153367592419092e-01,3.367133147602563437e-02,5.573964555914997510e-01,5.414812487070443936e-01,-3.864533267690747897e-02,3.165855006389037829e-01,4.565542335201816515e-01,8.033596501633364362e-01,4.194930197638702674e-01,6.519805962379168762e-02,6.735028320398035451e-01
4.934000797474403233e-01,6.118078813403851068e-01,9.412263390751745007e-01,6.451847572266267150e-01,4.798128273954910816e-01,5.293746774826786350e-01,6.731870858240710520e-01,0.000000000000000000e+00,6.111221073878662091e-01,9.161436318820121993e-01,8.022238462092379230e-01,4.929165924508782104e-01,6.533856196096191615e-01,9.579479156892134473e-01,5.872735423009255440e-01,4.741242563766977502e-01,7.681740977378443969e-01,3.578879101546749153e-01,4.123988773870665425e-01,9.653261136103835627e-01,9.255244072878406891e-01,9.732522085241949172e-01,2.329506277908677814e-01,8.316569755727859503e-01,7.245534607502799318e-01,7.285611860407743556e-01,5.646821308623940494e-01,4.662303991886144749e-01,9.135589276908462342e-01,3.563839099777755814e-01,6.703475578074308272e-01,2.939135015315096355e-01,7.240827084162646532e-01,7.463893828373949768e-01,7.158548354412163084e-01,5.153809315224622267e-01,7.933607860039757487e-01,3.245244724590943819e-01,8.235887439881115490e-01,5.103503601263977840e-01,5.986194620078416628e-01,5.007206796279409788e-01,3.370313039748623618e-01,5.247888842263518372e-01,6.946550816840159071e-01,5.082943671438210353e-01,3.996238845306156473e-01,5.893680169082597953e-01,3.274943989339344497e-01,2.026014907299696077e-01,4.777757279943684043e-02,5.972460031044530826e-01,5.129616773202380076e-01,5.135336810307529198e-01,9.754161526557664219e-01,2.645751538789430923e-01,4.028970374473609950e-01,6.768138203696081323e-01,8.626418867949303682e-01,4.594158916947884141e-01,6.545263244922012724e-01,7.340808054404737160e-01,4.459530515455474853e-01,7.681893031649081882e-01,6.413236750180256740e-01,6.444683193100351204e-01,5.701230312374199194e-01,6.579959624391329420e-01,7.602330061416660012e-01,7.922294456662857254e-01,4.761757751118962934e-01,5.244041701521797716e-01,7.400956174172810265e-01,3.204610335801766352e-01,3.402658606661328466e-01,4.460923979411809959e-01,1.486131530925937083e-01,5.227024651590428395e-01,2.330567385214888931e-01,-2.528424409917318094e-02,4.304154576635990104e-01,4.190076949237602766e-01,7.007187357237835146e-01,2.485541699587879849e-01,7.739620192570968449e-01
7.100190550691748426e-01,5.590226934685964544e-01,7.828264727246753152e-01,2.964943147485351038e-01,3.987851981273629054e-01,5.634798684515603950e-01,3.861617210270911621e-02,6.111221073878662091e-01,0.000000000000000000e+00,8.895263763142046143e-01,6.140775208147634112e-01,6.855441361151960455e-01,5.177671056195078947e-01,9.937409232129987835e-01,4.257405761412220158e-01,4.123445235768249395e-01,2.529193410592995295e-01,7.605907948588728207e-01,1.301346118652196571e-01,5.291511860827521341e-01,4.999824185268186283e-01,5.283561283105262518e-01,5.697707544250457667e-01,2.715216762466275413e-01,7.798484120992735802e-01,8.469214730081244813e-01,9.355653470181038989e-01,7.872336435192814896e-01,3.956147984449096544e-01,7.402750393780178628e-01,6.655780865322129258e-02,5.227304939403438766e-01,1.008982860073748267e-02,7.549665833830380146e-01,5.046272648892231594e-01,4.382662991029431243e-01,5.548657053638940129e-01,1.376710121898274686e-01,8.903394410062933639e-01,6.503299206578023739e-01,-6.779851616010010296e-02,2.332214970393917397e-01,6.471104573650331426e-01,8.385493008801719883e-01,8.932645137527757129e-01,3.436571208940724098e-01,4.843822045911710950e-01,5.335048580658838802e-01,9.837332996072405411e-01,7.839949850865381986e-01,5.591636661755821081e-01,7.474917415245075913e-01,9.280976595673068319e-01,8.000053291983293402e-01,9.565562843387132030e-01,8.198335675631379660e-01,2.716469057154424771e-01,2.521093948326818060e-02,8.406668838678226230e-01,1.403975543937268644e-01,4.141961713778024023e-01,7.088206331955623218e-01,5.948470586487468736e-01,7.689670392962321133e-01,8.840666564779346981e-01,2.519177349826509649e-01,5.334890024119252061e-01,3.404543566836989998e-01,1.064248421589484295e-01,5.111520103594928699e-01,6.523959079644010561e-01,3.162766334451991845e-01,-8.876500120477875955e-02,6.605384501868723224e-02,5.212514769861670283e-01,4.852612753820039759e-01,7.371296305284469330e-01,7.616882420298982659e-01,8.804819487269766043e-02,3.938502726821101474e-01,2.401646894922925546e-01,7.425371085453943421e-01,2.615119891075289305e-01,7.309173591152660909e-02,2.627076523585851753e-01
9.343418671040681911e-01,4.608120646784995555e-01,6.092282941675889463e-01,3.199185204668912874e-01,6.911030940770541697e-01,3.760595835403585108e-01,9.026831783483328930e-01,9.161436318820121993e-01,8.895263763142046143e-01,0.000000000000000000e+00,7.337489251144103664e-01,3.597394043725092305e-01,7.418723305088836817e-01,5.296316027961734951e-01,6.852136123612105889e-01,2.605945741754834288e-01,9.934356426185975142e-01,2.541258050223959564e-01,9.843340970681702107e-01,7.415170212051611642e-01,6.932893688088042072e-01,4.413213120005706758e-01,6.796120925654083322e-01,7.273824626472296107e-01,5.759993105488636633e-01,8.726827371410058598e-01,6.655606844334500671e-01,4.547025914557903392e-02,3.801803059724888634e-01,4.233713498896272132e-01,8.197354062411457143e-01,3.209813037727882179e-01,6.069913062040442897e-01,3.874919405389134486e-01,6.552820607190033009e-01,4.016897002712892517e-01,4.189440278694303577e-01,4.997772546090565315e-01,9.106768388872210629e-01,6.175656311312945901e-01,3.752046443349578153e-01,5.310420015161581020e-01,6.299358824206940932e-01,9.965029335312424186e-01,8.637042193860337003e-01,6.760010307427731790e-01,6.737224145660699604e-01,6.615726901245134739e-01,4.634049621385382678e-01,6.233411538148363462e-01,4.991729046969767269e-01,5.279137725569547079e-01,7.040108135970600811e-01,7.159658802420446611e-01,7.418512531337049243e-01,8.173306612971023011e-01,2.081822835811107941e-01,6.972899174279674206e-01,5.115568713108207266e-01,4.637930221673288167e-01,3.522963669748281346e-01,6.402828397713160591e-01,7.982414070957023489e-01,5.850808590984760693e-01,9.459625590313707200e-01,7.455247072232414063e-02,5.626936602314314140e-01,9.576871169723115695e-01,6.713342875215934091e-01,5.732261802063376432e-01,4.399501436565457779e-01,8.015574108197650594e-01,1.542682107331607155e-01,2.146169849734661794e-01,5.663825751680425791e-01,5.373867759974843006e-01,8.034927512910544634e-01,6.734033576333464666e-01,4.857084221265879354e-01,3.668180000918407346e-01,4.264763744452437777e-02,9.334888538298523608e-01,6.318240936288955778e-01,5.174214528514975431e-01,5.281769513639282820e-01
3.570389232799051626e-01,2.371607669569205656e-01,6.928189173605425744e-01,7.759155781913414929e-01,5.807601462610507970e-02,6.606387988095301367e-01,5.173727484902668206e-01,8.022238462092379230e-01,6.140775208147634112e-01,7.337489251144103664e-01,0.000000000000000000e+00,4.608566852793883895e-01,6.327223255566237770e-01,6.422907707496967600e-01,4.700684023770237974e-01,3.172778944875636609e-01,3.608062471863715537e-01,5.223232517073710390e-01,6.489272937055443613e-01,6.219119210477762616e-01,7.510841860704854378e-01,7.957289068174351332e-01,2.717859993719321521e-01,9.637614501103619613e-01,4.268772162404023685e-01,7.364584217020361256e-01,7.768629093772027039e-01,6.338254009827519742e-01,5.455044788053756699e-01,-1.000085995316059156e-01,4.751394529222615626e-01,4.593534811325701295e-01,6.884356225554096875e-01,6.240342230712385696e-01,3.182840001316113998e-01,2.417103325868072417e-01,3.189806479373865633e-01,5.864362357630141798e-01,4.589096547886010735e-01,7.496124046707502986e-01,3.845842381727481163e-01,2.910769299024017487e-01,8.631219492611514887e-01,8.313720326848625941e-01,7.935803666152938529e-01,7.781024542435621694e-01,5.656373305484764247e-01,3.674187300785882182e-01,2.194924113380435915e-01,6.105378609539502399e-01,3.959424245262506137e-01,6.632590496689665382e-01,6.810436908494548192e-01,7.653232274911698774e-01,6.175305055307349633e-01,5.374859737125129433e-01,3.667615636464723328e-01,6.484971221579389766e-01,6.691052333376240613e-01,5.786219349548483715e-01,4.739171543384979035e-01,6.801640789391666386e-01,2.344493573855889468e-01,5.728681533826207595e-01,9.279368409101844684e-01,4.950506310773179486e-01,5.615833746179866859e-01,9.630802760369764348e-01,7.285310346528379721e-01,5.535209873103654754e-01,3.241210579794236990e-01,6.174738434547020205e-01,6.532081850130353473e-01,6.691294891074002493e-02,5.788191358908419959e-01,5.886616269096049958e-01,7.668968864734474478e-01,5.676081814444681184e-01,4.223973621805551804e-01,1.951425325890562279e-01,9.765926337656422040e-02,9.552522289766041119e-01,5.982645589816595888e-02,5.308453501767780303e-01,3.665460469041648683e-01
5.089981010097675007e-01,4.168987317617604549e-01,8.281517986521913510e-01,8.980381986769273572e-01,2.217359606810513362e-01,6.267561393595192376e-01,4.692721695996894815e-01,4.929165924508782104e-01,6.855441361151960455e-01,3.597394043725092305e-01,4.608566852793883895e-01,0.000000000000000000e+00,3.973696389542391016e-01,2.989915229889446580e-01,6.248220223676618224e-01,1.341495669395544876e-01,2.580283826117443780e-01,4.583450640559122435e-01,8.133181575605304969e-01,8.878996348061063415e-01,4.364410138348158164e-01,2.075746308270717821e-01,8.590477329819226071e-01,4.965333287444343435e-01,6.454947308774077186e-01,4.700977497067782562e-01,9.303770501795439740e-01,6.514831834604534189e-01,5.751173032171809085e-01,8.597833051760693512e-02,4.554975426143414441e-01,7.645708201671777005e-01,7.224875388420661793e-01,9.963370625722205443e-01,2.501394911846418490e-01,1.108078348328200291e-01,1.625318665490598780e-01,5.867593001920123896e-01,7.096676867244400277e-01,2.354528361883982956e-01,3.428714497316283083e-01,6.489309358559831598e-01,4.572684176405701351e-01,4.480183448583241468e-01,8.374539089542895054e-01,4.325206049288004562e-01,1.327693837891613382e-01,5.119529437526426641e-01,8.355509727137154508e-02,7.103803772254398963e-01,9.697389804409982383e-02,3.677744979473724918e-01,9.537198508514916906e-01,7.034277130445966142e-01,6.860000253126053993e-01,6.032849382459078980e-01,7.431867025225707968e-01,-1.820021103535081619e-01,8.111663941029937375e-01,8.131874444621478570e-02,6.794964886394201375e-01,3.253752847442580309e-01,7.229077624584063777e-01,9.268734066372610325e-01,7.386875695431351918e-01,5.569696336594560648e-01,5.956503812212748938e-01,5.286581784679492135e-02,5.813310347961943014e-01,4.785655327404749748e-01,9.525710384297438882e-01,6.285296102181442413e-01,6.196082276306128511e-01,4.789234304228920380e-01,4.723850670037471056e-01,9.832038033723971004e-01,3.567900703578629207e-01,4.773121902592473154e-01,4.986058530335727990e-01,4.750880013975201099e-01,4.798261138493118971e-01,8.549222338004404120e-01,7.268642790092523231e-01,1.768501511759429101e-01,4.975654304140808559e-01
4.298080266908413383e-02,6.746281512548462089e-01,9.294535750466237367e-01,8.217780095801854312e-01,6.970674139842660821e-01,7.107130324749002526e-01,3.401124245588181827e-01,6.533856196096191615e-01,5.177671056195078947e-01,7.418723305088836817e-01,6.327223255566237770e-01,3.973696389542391016e-01,0.000000000000000000e+00,6.010921681449196141e-01,9.939246646017485531e-01,2.175146459952733424e-01,5.768681190385850366e-01,5.026720245957738697e-01,7.697305889362148212e-01,6.172020968137115204e-01,9.715468536385767351e-01,9.500885068084138352e-01,5.300040158230705511e-01,3.674189081650256483e-01,7.148944935033383352e-01,5.488653730176414891e-01,7.703345112676268647e-01,3.304135596409903952e-01,6.728572710410912761e-01,3.486326701963235464e-01,4.082089299797900250e-01,2.884143732839357099e-01,5.367033658821094289e-01,7.948645752187843971e-01,7.297037507432498904e-01,2.021630682977517968e-01,-1.788780710318904066e-01,6.596085974691845433e-01,6.255720637249049254e-01,4.150772942245168351e-01,5.902810256805293143e-01,7.192305001412566678e-01,2.217197117116081195e-01,2.836774126756270720e-01,8.729730536436735022e-01,8.074076411446032830e-01,7.995858809303367787e-01,6.177128323617303574e-01,4.698452346589133688e-01,8.297157309333369479e-01,8.737304598777183295e-02,8.951564461527342642e-01,8.153228028915308068e-01,5.116563942480879534e-01,4.150323030753676479e-01,5.223116476151912213e-01,9.048580279451463593e-01,2.350063862535640979e-01,8.001174084887749949e-01,5.144035975149261475e-01,6.771337111276874987e-01,5.922827872939595562e-01,5.223048827224106017e-01,7.631692653910727708e-01,4.465907284647930853e-01,-1.880704218755589463e-01,9.324628571067514748e-01,7.473638882820939910e-01,3.097974664728960215e-01,8.691772045929830881e-01,7.700885235620664737e-01,5.678996535068506768e-01,4.843741169602945873e-01,5.601092349305375473e-01,4.711023297030029200e-01,6.243692150691627640e-01,6.459638847157992414e-01,6.501515351769853179e-01,2.871915927581314421e-01,3.368323985154086375e-01,2.285601644441545843e-01,7.793661341976910739e-01,7.644809969221753043e-01,5.668073987918499368e-01,7.970102239613456874e-01
8.345680438787264066e-01,7.424175772095668036e-01,9.778065227827320571e-01,7.419227577429416964e-01,4.136080591356265379e-01,9.984004881318360169e-01,6.070775457099548689e-01,9.579479156892134473e-01,9.937409232129987835e-01,5.296316027961734951e-01,6.422907707496967600e-01,2.989915229889446580e-01,6.010921681449196141e-01,0.000000000000000000e+00,4.624692312520173321e-01,6.856734599205496217e-01,6.975369210242462481e-01,8.853940688824877281e-01,7.910168590550339385e-01,7.095480616040095168e-01,8.774852642378186962e-01,9.138641046367576015e-01,5.125417381587119570e-01,6.578866168282955229e-01,2.526855065457620508e-01,9.233051738043184242e-01,6.789119624799759833e-01,9.664969494679628292e-01,-1.554064814320467447e-01,4.153229540482134552e-01,5.479472064538654097e-01,6.538837381844140317e-01,8.046432458096709484e-01,6.516659230427558347e-01,7.852988432887453296e-01,2.375208995144951207e-01,5.102937447639132040e-01,9.983715813024600649e-01,8.691653661014129284e-01,5.227463195093747794e-01,1.876983191243660753e-01,4.534169612189769411e-02,2.239975628231620497e-01,5.881591353374775455e-01,8.240583712866332844e-01,9.023083506913929241e-01,7.751699958533395662e-01,9.421782573815137285e-01,6.044793071047995792e-01,7.227897127887900064e-01,9.425062121160321382e-01,7.868366490848884842e-01,8.954534721606774994e-01,4.875279496568513671e-01,3.878533875515780549e-01,7.503820076019881435e-01,4.818682505245034386e-01,7.081630941613208385e-01,9.115037829111273249e-01,2.461576822077500837e-01,6.895576424199465482e-01,6.335166930296732835e-01,8.339649642458226708e-01,7.825338840689306519e-01,4.473370280100577578e-02,8.685817099342916237e-01,5.282851161765759196e-01,5.374036317585348943e-01,6.857983289945395189e-01,5.731851936636424005e-01,7.867276107003278174e-01,8.882739367482584969e-01,2.498836033110365118e-01,2.197860673661332087e-01,3.450533503064380225e-01,6.624286513644883634e-01,5.474746630526642344e-01,8.419141448042447573e-01,3.480298202129530338e-01,3.151165556796105549e-01,4.771257341177863598e-01,5.113704058587520418e-01,7.408407738867283099e-01,1.757324583529117634e-01,8.004015673495373795e-01
9.596834783062766494e-01,2.199834224628684776e-01,6.949984196483528498e-01,8.923093262162380412e-01,7.763270200803752408e-01,7.250510414205543208e-01,4.923044844199820913e-01,5.872735423009255440e-01,4.257405761412220158e-01,6.852136123612105889e-01,4.700684023770237974e-01,6.248220223676618224e-01,9.939246646017485531e-01,4.624692312520173321e-01,0.000000000000000000e+00,5.794571506326249288e-01,5.542128595871274044e-01,1.661157302726286311e-01,6.252285486323503338e-01,7.795264516314115433e-01,4.989513505275185445e-01,3.065705821347738946e-01,3.394152594758725883e-01,8.316696649883148496e-01,4.270619083897904122e-01,8.063719709751063780e-01,5.187912360581209414e-01,6.923080510936733267e-01,4.350215385936404555e-01,1.787175581730945928e-01,2.849969778255450614e-01,2.389269481178004084e-01,1.748991350550062052e-01,5.079599733416074736e-01,5.359393574788576808e-01,3.663461476211523071e-01,1.012019732166700714e-01,2.983822615325026906e-01,9.193202926595795965e-01,5.847922147539978965e-01,3.649161338567493695e-01,7.882181864517210368e-01,5.697329599717265713e-01,7.985502785047787766e-01,5.997900260308008935e-01,4.342965256013420206e-01,6.709379474517380704e-01,4.025448112926555133e-01,1.790419334813853069e-01,4.006045134221677406e-01,7.458689575974661867e-01,6.147346626958338778e-01,9.391351057022722104e-01,1.453223847799214319e-01,7.204602973339289118e-01,9.358832016745400884e-01,4.015004303463065027e-01,7.545765616884650973e-01,6.087794412598764859e-01,5.657745979984502016e-01,3.374042036121145394e-01,6.402672345789666153e-01,7.460142044371936842e-01,4.316165053723118317e-01,5.574126771608742814e-01,7.064799343746855920e-01,6.979419455904939396e-01,8.323694433058810294e-01,5.006345978275558162e-01,5.168848210599338300e-01,6.359866896050920815e-01,7.039530913711971039e-01,2.984097575465481933e-01,-1.804498202250253147e-01,3.256167492065542741e-03,5.028208062105941206e-02,5.240836784637845636e-01,6.771241664889886547e-01,5.389593143366336880e-01,3.834551349356232208e-01,5.695707010788325642e-01,9.926810832872038359e-01,7.656373789154150566e-01,4.831229244327405192e-01,5.385162918026721313e-01
3.110919951476426304e-01,5.594177320634404760e-01,9.805820279289857444e-01,9.890828480210775986e-01,6.898861935229950726e-01,3.905203204939428074e-01,6.469425464840246054e-01,4.741242563766977502e-01,4.123445235768249395e-01,2.605945741754834288e-01,3.172778944875636609e-01,1.341495669395544876e-01,2.175146459952733424e-01,6.856734599205496217e-01,5.794571506326249288e-01,0.000000000000000000e+00,9.172122081879451327e-01,7.880749180076279670e-01,1.025539258444239099e-01,6.538669817838533849e-01,2.237667238328388541e-01,2.055424479775592173e-01,7.413990324391601661e-01,6.782668943147366347e-01,7.648018578710937820e-01,3.546889270353115187e-01,9.554615659295098151e-01,1.277806948624908845e-01,2.750194863574910720e-01,5.159920203572651021e-01,3.541439352577462341e-01,4.523608317240352394e-01,1.683724980663889870e-01,2.457356070342360532e-02,2.446867394103420523e-01,2.309084677527450391e-01,2.267307550428557250e-01,5.682345040541149084e-01,7.128947634017719359e-01,4.408598484157046360e-01,4.501924640799860877e-01,6.744001127968781706e-01,7.296268313886220547e-01,9.125570123630906139e-01,2.590557967543382079e-01,1.682101082796352287e-01,6.865744637583075516e-01,7.289357042872306458e-01,4.424623892452405616e-01,3.151518841617914624e-01,4.918220486402296032e-01,6.389008685625638950e-01,9.115733022308460942e-01,6.183260774529523163e-01,7.833899961533815626e-01,4.612473062407342894e-01,8.197033511774673986e-01,7.412355467787028473e-01,5.267003358909243538e-01,4.973207322660754270e-01,7.295463548810718901e-01,7.693246239465781899e-01,5.200814483311354541e-01,6.624263638530822895e-01,9.977856540154266263e-01,8.148604150266273161e-01,6.556409699625187493e-01,7.825506773101943425e-01,6.107491484645308777e-01,7.498120791414705222e-01,7.157845370389586126e-01,8.251399147148125168e-01,2.782359374083457348e-01,-6.566794749873092196e-02,4.052578100116088211e-01,-5.369458615827252257e-02,4.256224493894480987e-01,5.784769393375620572e-01,-1.376939249907722096e-01,1.070787891812892828e-01,3.867737916394123898e-01,7.937621370275637078e-01,8.348412083846706855e-01,5.493751906017787512e-01,9.877892698996836307e-01
8.070089774597491994e-01,4.469836963100549121e-01,9.456843900192561936e-01,5.342058836536300870e-01,6.043590144224366689e-01,7.225313258529667548e-01,2.742267556724468647e-01,7.681740977378443969e-01,2.529193410592995295e-01,9.934356426185975142e-01,3.608062471863715537e-01,2.580283826117443780e-01,5.768681190385850366e-01,6.975369210242462481e-01,5.542128595871274044e-01,9.172122081879451327e-01,0.000000000000000000e+00,8.992310606097270176e-01,4.561766936227071856e-01,8.797048884896515597e-01,6.336146791001676659e-01,9.301407458057853184e-01,9.962561364020664501e-01,8.060020288973550606e-01,6.460815343222926499e-01,9.735178156895308854e-01,7.220618972987621342e-01,8.925201447688458911e-01,7.170264948868211308e-01,1.776188510552212385e-02,5.171321396142717353e-01,9.691206539655037311e-01,8.070867618849435488e-01,9.716442258779737218e-01,7.261480880428333728e-01,5.069197301298384861e-01,4.381991994366160603e-01,5.102383065337613433e-01,3.960202495056256433e-01,6.368680801783875856e-01,3.418534237089873029e-01,9.798415113101222040e-01,1.075544092681409297e-01,6.727780887574615898e-01,7.773332269298244279e-01,4.162878658917201768e-01,5.001918380189572799e-01,7.116501041303781028e-01,3.908957073919442360e-01,6.804397527859575856e-01,5.994354735534555001e-01,3.953200374694821329e-01,4.567287250291520162e-01,7.154107788119616895e-01,8.199637749320799474e-01,6.791855893456906212e-01,7.076800739004572849e-01,8.042350231148692741e-01,9.773927847961408344e-02,7.975328529338632233e-01,4.249525941288987418e-01,6.781537352354619630e-01,4.171863454234048252e-01,7.066748408707899110e-01,8.390762703487134599e-01,8.752422042527318036e-01,9.783427639698467626e-01,3.138951365091003920e-01,2.594717436829443447e-01,5.176174932246627725e-01,6.056347187206307936e-01,6.247776919273496654e-01,2.094741429198332949e-01,2.485947797928790837e-01,7.341735427394722180e-01,7.977715060304269024e-01,-1.198183247855743455e-01,9.680881413041717565e-01,3.800307352093255653e-01,4.857867405799210295e-03,9.778938922287916391e-01,9.377605649051159453e-01,9.481322911575873480e-01,4.470594915029557082e-01,5.502868414776702632e-01
9.021223336139613247e-01,3.948344684103404223e-01,4.154930342198485671e-01,5.956408332642573189e-01,8.935630540520835829e-01,5.402067217475495786e-01,4.607695399293412208e-01,3.578879101546749153e-01,7.605907948588728207e-01,2.541258050223959564e-01,5.223232517073710390e-01,4.583450640559122435e-01,5.026720245957738697e-01,8.853940688824877281e-01,1.661157302726286311e-01,7.880749180076279670e-01,8.992310606097270176e-01,0.000000000000000000e+00,6.823586517667079576e-01,8.746440678945767155e-01,8.100285206307226149e-01,7.529393087500422244e-01,4.950056265822542212e-01,7.939625604328167663e-01,6.133946041410702765e-01,7.810862178324582406e-01,6.804035640074148628e-01,3.637167813792056004e-01,4.702117484683493442e-01,3.199664245605945423e-01,-7.433151611919544544e-02,7.089784277351091069e-01,8.288526561195567188e-01,7.130832196451601934e-01,6.517648724682719719e-01,5.994580572279275543e-01,1.158060436809509389e-02,4.474815486363106221e-01,7.122917925898507585e-01,6.299336075267606416e-01,2.484966672510082464e-01,6.456333203023533196e-01,9.211772428873825636e-01,8.170844652831741328e-01,8.445820065329597837e-01,4.969681701762332371e-01,6.925878279227197787e-01,5.829055557087474693e-01,8.687242053448609447e-01,3.887391004719637499e-01,6.524052601008095698e-01,3.980015467867664691e-01,8.309153975035923345e-01,6.545865669318577940e-01,5.477742672393276502e-01,3.814094005299497603e-01,6.975015165397022709e-01,4.794709283704268743e-01,5.885427861028340590e-01,5.927847391725753479e-01,5.673517951749251775e-01,5.912157848560011253e-01,7.806942000948322580e-01,7.396453847255368697e-01,8.529320264699318255e-01,6.091623217041884919e-01,4.529373049406284490e-01,8.114472058968535961e-01,8.806161523064424956e-02,5.936742026855570398e-01,9.763048507623193206e-01,6.659815081085564969e-01,4.916933577672767397e-01,2.433841399009018802e-01,5.426789087647057030e-01,7.843723146265813018e-01,6.716570968426978094e-01,4.790329979774901603e-02,7.831784321669196247e-01,2.873477929631467753e-01,5.406527130276289617e-01,6.451712443733363944e-01,6.822276915395785180e-01,4.797622096485755216e-01,5.751886232314951108e-01
