0.000000000000000000e+00,7.443959859530557832e-01,2.791199924627956186e-01,6.239086738806236543e-01,1.964363404294539317e-01,2.345525270971012266e-01,6.914749896848296773e-01,7.519768336182935942e-01,9.302075961994578090e-01,9.374715192394071916e-01,9.153267926987841419e-01,9.105789977718031780e-01,9.316762236432390987e-01,4.849782968853840748e-01,9.975309701464112333e-01,8.274120768320709640e-01,3.812412857568752145e-01,8.369181753026244674e-01,8.001786531364005750e-01,8.946270120148536176e-01,5.920557836172953836e-01,6.423881677870070250e-01,8.819151232743017710e-01,6.310850483821012213e-01,9.119386853722980524e-01,2.790778060446692799e-02,4.638754965626114557e-01,8.225536534124169297e-01,4.731092124075341188e-01,2.980021213890784448e-01,3.641724655761083840e-01,6.060343014093259040e-01,4.286386199303415800e-01,8.235217629326616606e-01,8.594164404957364001e-01,2.160584700165673611e-01,2.585516649344059004e-01,1.797956402911502632e-02,6.710627810001286164e-01,9.555310439711259818e-01,9.994072908292583879e-01,9.751064507320533759e-01,7.034675812453359267e-01,4.720532464423913277e-01,5.626917720113097099e-01,8.770503723556170028e-01,5.222396436820697652e-01,2.903075228263191088e-01,8.979242274260315071e-01,7.943638734203606333e-01,6.932114549228077793e-01,4.995864954097505861e-01,8.061289385084319248e-01,5.722736452983285815e-01,6.409131480574179474e-01,7.927660580151194569e-01,6.963403134985749476e-01,7.268282558157362905e-01,3.128624706917120246e-01,2.651999084544072183e-01,7.099920171872396990e-01,7.811880666683634900e-01,9.162530854337335162e-01,8.201951934953590762e-01,9.280676568783643443e-01,2.640797210948092610e-01,3.650140518887786678e-01,9.038913532982260080e-01,4.231612796965155132e-01,6.114551573622004632e-01,4.068954118897826211e-01,7.000142325515574804e-01,2.516056092324546745e-01,3.079966833822835315e-01,6.850345025350803585e-01,8.502234058345591317e-01,5.704058535374856298e-01,8.702549949263806983e-01,2.597122266686326952e-01,3.037098881219467139e-01,9.950049274144383560e-01,8.637356776371721834e-01,2.179960719422555648e-01,3.855019636205004874e-01,4.270628047737044103e-02
7.443959859530557832e-01,0.000000000000000000e+00,7.213290420782976220e-01,4.659385548212335859e-01,8.207544874130953128e-01,3.070786563641840772e-01,1.100955919369960290e-01,7.943827484607769440e-01,6.817530962424575014e-01,4.402829347395783577e-01,-1.551000359055745292e-01,4.609525574926156555e-01,5.921422510049627608e-01,7.702319690200736257e-01,7.843177837069729152e-01,8.760288011400428898e-01,7.807418395835415970e-01,9.776406693130650361e-01,9.145233932921675857e-01,7.402983598759496076e-01,8.990664057906421203e-01,4.159278011016159793e-01,9.928058974390008284e-01,8.296789147116221397e-01,6.793759910287566761e-01,6.369589110311615343e-01,6.292943460225007835e-01,1.368509635651633527e-01,3.113480963641133692e-01,4.557735128212774822e-01,5.188707054067488444e-01,9.573810803697145599e-02,9.380409356969796608e-01,5.622630490735841535e-01,2.215314303389106232e-01,3.353710735915486074e-01,6.223824868193812421e-01,5.261692141845972781e-01,4.134081364379289525e-01,1.216976848047435222e-02,3.019944264797684852e-01,2.974029857555670064e-01,7.970839178437916228e-01,8.003794371595297497e-01,4.238740439897618617e-01,5.785952771509014214e-01,4.698928365852581557e-01,7.812921841022224534e-01,4.186131488387871413e-01,2.220416387196248453e-01,2.953059179791773792e-01,9.645602936318594667e-01,6.897205241224744210e-01,7.825227220339630030e-01,9.357183393252742620e-01,6.656626885326970555e-01,5.582122314605972857e-01,8.039357776790894139e-01,6.267544802902474954e-01,2.171112501069128453e-01,-8.070788237629604456e-02,4.912573833146691160e-01,6.193746580498759036e-01,7.120504316674194367e-01,3.198191091362325711e-01,6.891903863163869604e-01,5.458960715826592924e-01,9.242582977115298970e-01,5.947728178153346423e-01,6.375159245997454871e-01,9.863246938833206690e-01,7.468560951951208615e-01,9.609134673385311132e-02,3.062017201719802184e-02,7.038658844069285436e-01,9.953593769283821668e-01,5.809957235697433831e-01,5.362905066610267335e-01,3.594048113747028150e-01,2.108245649219841478e-01,2.919201431251116086e-01,9.835775528811205870e-01,4.347648230394064450e-01,-6.038657724488763479e-02,6.637622273860450672e-01
2.791199924627956186e-01,7.213290420782976220e-01,0.000000000000000000e+00,3.581048156097771384e-01,3.954165217564427626e-01,5.268322229675836965e-01,8.965319645318774455e-01,9.564439230373192879e-01,8.782431383467037556e-01,7.992826281178012637e-01,7.248027454141279247e-01,9.861932086245698281e-01,9.656358213938712742e-01,4.420502543799813555e-01,5.461374514768506661e-01,7.959276945450977081e-01,8.004811135488154594e-01,6.004465600693624783e-01,6.010552705160965292e-01,6.453756202530414043e-01,9.835214535818616044e-01,7.332232516574475056e-01,9.707536575635151710e-01,8.390919752016563482e-01,7.342552418097151312e-01,8.723649818751763041e-01,6.261536648196965871e-01,5.427997421890672358e-01,1.913898906550654533e-01,4.779688529305632372e-01,-1.941679939615750805e-01,6.049130172119708826e-01,4.925405573332611864e-01,7.351317203394251987e-01,7.202686981249317721e-01,7.014827121907150076e-01,-8.792219315406717139e-02,9.009026219853858430e-01,8.029490186132608454e-01,8.117665797734913147e-01,4.968845856212589229e-01,6.368687025847281635e-01,2.393501398411592151e-01,7.289958035208439213e-01,7.127559967466080559e-01,6.824943458701012711e-01,-1.767257911611330168e-01,2.046168006689105812e-01,6.410491077754706390e-01,1.759055965333329030e-01,5.401771855859045512e-01,5.105052739295564690e-01,7.589688744436506873e-01,6.294640030855409574e-01,4.273769016210188232e-01,6.841613483952632135e-01,9.742820440538944027e-01,7.542294222605400167e-01,6.958181838857566692e-01,4.261835387764192906e-01,7.353040689529261043e-01,9.440751551351029836e-01,8.969957664239553985e-01,9.936390888202130123e-01,8.390437788855842349e-01,9.406009232830829792e-01,8.700092295579971990e-01,7.550383477697893975e-01,8.500194166422276876e-01,4.882244744490509269e-01,9.663167716239811078e-01,8.743281007231642477e-01,1.932891757795904969e-02,1.302484295374619350e-01,5.910268358370036612e-01,6.489386424641023776e-01,7.986096438252759944e-01,6.809011162810694184e-01,6.721322553380085774e-01,3.815368894434778557e-02,7.526163503448585201e-01,8.130750138634359470e-01,7.093540107907685410e-01,6.399247797273496241e-01,5.875618842379377593e-01
6.239086738806236543e-01,4.659385548212335859e-01,3.581048156097771384e-01,0.000000000000000000e+00,7.271580094372918079e-01,5.738366015912299556e-01,7.240682095949934061e-01,7.598123646234428152e-01,7.506968894513087465e-01,8.759163344074392121e-01,6.986355448096777110e-01,9.283037633558299806e-01,8.314465811494623493e-01,9.702587405213359828e-01,2.558222770938471946e-01,1.815966024637365450e-01,6.234594530202565155e-01,4.220411121531231768e-01,7.906221842121841092e-01,4.003776172777029352e-01,7.375515113982642479e-01,9.329584909194617026e-01,8.598999347414701955e-01,7.792775573029342429e-01,1.382970462459512662e-01,7.956426353469094881e-01,5.668707375353443378e-01,9.850696290121627730e-01,3.539551015228816766e-01,5.098254218285201977e-01,3.519135741636925108e-01,3.400950980432909665e-01,7.885409448590849912e-01,8.044533378237554988e-01,8.275886930871808600e-01,9.672207516918872316e-02,2.654328766923976790e-01,8.607964291698130266e-01,9.642234182992033276e-01,8.319692793467314829e-01,5.585170374350184597e-01,9.482904292474573227e-01,7.011293586132679723e-01,4.475105717899581781e-01,5.296662246691533626e-01,2.852624603815410720e-01,9.140174353151573339e-01,6.727288946491056798e-01,5.900633881720485086e-01,2.837173082517108202e-01,4.535929742842207957e-01,6.169924777907285218e-01,6.472904086467043960e-01,4.979937863082563032e-01,7.655895575981910284e-01,6.951929208570314378e-01,4.909143649272669219e-01,7.053805604872424029e-01,9.884922483608180599e-01,1.795326453649013221e-01,5.691563068080762733e-01,9.929041811465306733e-01,6.938759498558213501e-01,7.888720049562805148e-01,6.504609934412737271e-01,7.087942195025814796e-01,5.155032988750580802e-01,6.969270794293609406e-01,4.574290145648139960e-01,3.887927295688534124e-01,9.252712203489936726e-01,6.936497248423263429e-01,-1.003498789749381892e-01,7.278798037807283627e-01,7.477842291720343537e-01,9.129953424152971175e-01,5.278467411353102712e-01,3.785824465441003372e-01,9.271315276358508273e-01,4.975835070287393802e-01,5.758153206192220264e-01,7.382356332063088056e-01,3.285761654425161660e-01,7.512495815283464218e-01,8.466252150227285833e-01
1.964363404294539317e-01,8.207544874130953128e-01,3.954165217564427626e-01,7.271580094372918079e-01,0.000000000000000000e+00,8.708197921131661801e-01,5.749930128562512621e-01,5.634016471608822574e-01,7.966788306227482463e-01,9.596341185686086961e-01,7.537797613217585013e-01,9.542927994852727913e-01,8.866063456854338387e-01,6.443654458410879027e-01,4.071430570627763701e-01,5.767067356004621503e-01,8.272565241008631443e-01,7.630104588858812598e-01,7.109283826054657585e-01,6.918402461557308092e-01,9.278768400491896884e-01,7.622352476659097764e-01,7.839849076026137453e-01,8.139260759748492280e-01,2.944018268500818714e-01,9.824051746177410172e-01,8.951694796200488913e-01,7.381152403527703187e-01,4.444180543021764018e-01,4.679379653979332532e-01,7.137606925080031139e-03,6.985815672348169025e-01,7.737122288109525847e-01,9.219853131338321406e-01,6.412530048341269495e-01,3.414550205795727766e-01,3.348551611911105841e-01,7.309650298667382806e-01,9.885601647667136005e-01,7.750657069361073237e-01,2.117725029595108610e-01,6.978978976504354170e-01,3.373315814332505935e-01,5.502619968953945673e-01,6.690234143398892108e-01,4.252062084738489345e-01,7.838042029802652078e-01,4.840916375677074557e-01,5.098369723678247700e-01,3.034264063763998376e-01,3.133366700358212742e-01,6.848220995668404809e-01,4.888973673535317865e-01,5.044520239398623263e-01,6.736694918447778679e-01,7.307545427593321596e-01,2.701744658557819756e-01,7.020008068876967267e-01,7.612565496748286975e-01,3.625870803637674111e-01,7.999088495096439155e-01,7.282220879225000942e-01,7.619562027552054806e-01,6.304755080896926600e-01,8.347504199439714778e-01,5.991858932118748760e-01,6.843778597986441836e-01,4.626142193261238988e-01,6.661025791252991324e-01,7.392910494886069106e-01,8.665458590884504986e-01,6.202794995155234137e-01,1.431574943602548222e-01,6.265554993083644053e-01,6.483692700560241828e-01,9.361241404469488048e-01,6.952003653197730282e-01,7.111378391941102217e-01,6.117197736363761962e-01,5.727031904934151152e-01,1.423413284687986662e-02,6.960774653628590825e-01,7.660447800183669553e-01,9.714444875589256512e-02,7.642674015785948516e-01
2.345525270971012266e-01,3.070786563641840772e-01,5.268322229675836965e-01,5.738366015912299556e-01,8.708197921131661801e-01,0.000000000000000000e+00,7.404039071796934823e-02,6.360256882985645399e-01,7.545249917512459881e-01,6.628436653209001106e-01,9.692724660661412583e-01,5.827551968102832047e-01,6.751896411866822323e-01,9.419234244771330644e-01,9.328328599860647996e-01,2.720515766165483851e-01,3.633782117720171234e-01,6.033881385264074915e-01,4.038971317908277570e-01,8.485291220610013951e-01,6.249931638635051190e-01,6.779925696611635022e-01,9.144112365599365022e-01,8.693631471768785701e-01,6.534444362412233920e-01,7.886545260686053105e-01,1.604837683861686237e-01,6.611076335625749589e-01,7.900610774180136797e-01,5.092451524202776941e-02,5.670455494386059808e-02,4.754761192075143139e-01,4.051109638372616950e-01,4.181863269218156764e-01,6.090262485563309180e-01,-1.647183134822258477e-01,2.447785559845959968e-01,6.247562313633729936e-01,8.000003600519456359e-01,6.351568223102564970e-01,7.940962727228391416e-02,8.874623013322664733e-02,2.693817737747642438e-01,6.141420272797053492e-01,8.599772504555762698e-01,9.074705827043614281e-01,6.314285536722850090e-01,3.085321026068511552e-01,5.833037394085623939e-01,7.255325994490422481e-01,1.238584662629279159e-01,6.237301974843860730e-01,4.767856450907045907e-01,8.092594441721386866e-01,9.775907396169313257e-01,7.786343970522194846e-01,7.750837846222696781e-02,6.615007082913417769e-01,8.338230114812346105e-01,4.865729883585245275e-01,7.838328008948480807e-01,7.009489338622547638e-01,2.892949223249565716e-01,4.569843074364481894e-01,7.126943762827087081e-01,4.923104809401306348e-01,6.434863457641587514e-01,9.492803058277878847e-01,5.083357669628906228e-01,4.109645317076290327e-01,7.776003421507085012e-01,1.712719923988527959e-01,3.072284199872559254e-02,5.943735673290545529e-01,6.620913801703018908e-01,1.656136404218927216e-01,7.978992239875006831e-01,7.304572158138225024e-01,7.731141603082074543e-01,2.955925887312121914e-01,3.490729126282577921e-01,8.859041839198219526e-01,6.312063076074030388e-01,7.350438586739433955e-01,3.580264757791937758e-01
6.914749896848296773e-01,1.100955919369960290e-01,8.965319645318774455e-01,7.240682095949934061e-01,5.749930128562512621e-01,7.404039071796934823e-02,0.000000000000000000e+00,2.789638548231918036e-01,3.216356376095901304e-01,3.773574986177500312e-01,4.657994056095973723e-01,2.821733524153069994e-01,5.774628152810743487e-01,1.019444516906138354e-01,4.930696446542190414e-01,3.033091900227197213e-01,5.742870729707654220e-01,5.308012811178915991e-01,5.164455907362348608e-01,8.783291178087125894e-01,8.938053387203505062e-01,5.535455350851837819e-01,1.644935776440503705e-01,9.184940662846963200e-01,8.624712820879976150e-01,6.894078356049653244e-01,3.258096591371900663e-01,5.044127665185536014e-01,3.408922886341714253e-01,4.787377340006918613e-01,-1.747658756715262940e-01,3.644255580921954563e-01,2.783417223404963114e-01,7.322128485601338277e-02,6.446172206281322037e-01,4.121768156288337925e-01,3.803727325217076682e-01,3.594581906309473052e-01,5.985955604078212478e-01,7.856422908878420985e-01,3.610117942511255062e-01,3.986050368591150805e-01,7.885638109214920810e-01,5.930506883203410240e-01,8.680798095716846241e-01,7.945255204326084897e-01,2.242989576485767689e-01,5.378492839750503851e-01,-1.171592556008374114e-01,2.852564118184103825e-01,1.257652752142370545e-01,5.105479007909398126e-01,5.504747573425757823e-01,7.280145952326223524e-01,9.720210436401675036e-01,7.460398377601727971e-01,5.631342380892403465e-01,3.893975307525268104e-01,3.064671243714254256e-01,8.969769684628087214e-01,1.121560607960200157e-01,8.687261861294354182e-02,7.822448707076182783e-01,9.335076293537141190e-01,3.702630846008413412e-01,6.600234932840542967e-01,2.515764037175428625e-01,5.067543238370465497e-01,2.696323563577017191e-01,3.495337302270404289e-01,7.858997602125897819e-01,6.943770900789197897e-01,5.988391592991699763e-01,5.582666292105559203e-01,2.638107229809891763e-01,5.029187755945153659e-01,6.741230570491649754e-01,5.570102339900557809e-01,3.118215247040896365e-01,5.828784819930868943e-01,4.782141312856073023e-01,6.608913452484389550e-01,5.533056425879266937e-01,4.632784179560565097e-01,3.772057752856795565e-01
7.519768336182935942e-01,7.943827484607769440e-01,9.564439230373192879e-01,7.598123646234428152e-01,5.634016471608822574e-01,6.360256882985645399e-01,2.789638548231918036e-01,0.000000000000000000e+00,4.999667901888780186e-01,6.143915485076111294e-01,1.766286267285962774e-01,5.830731387680992972e-01,9.583116830137857756e-01,4.092041089886897520e-01,7.284995242020277928e-01,7.274926859056515260e-01,7.074612756620207721e-01,6.566471405585496690e-01,2.115153161407841431e-01,3.925985589886746840e-01,4.564192599000514439e-01,5.522492917635094534e-01,5.117785725263745977e-01,6.510631850772935492e-01,2.203820594597001858e-01,6.873987472831721846e-01,4.917710160701799227e-01,5.148384139310310248e-01,2.670891634396798664e-01,2.631140813479501683e-01,5.917726971828403126e-01,5.313855008911487765e-01,1.535192092792579122e-01,7.380250093000852996e-01,2.152979444263930231e-01,7.748446232546918333e-02,5.797700267471870283e-01,3.750710197240239574e-01,9.286107902544901149e-01,4.560605434219972554e-01,7.166358443900592290e-01,7.982366333693382554e-01,9.765907623660694536e-01,7.482988254042671761e-01,9.229893891931858496e-01,7.093472296328100501e-01,7.946170702101413852e-01,4.309130408288280312e-01,4.005011639834216153e-01,9.205444490144982783e-01,7.738739168622146281e-01,6.364634107409767871e-01,6.011600950580175962e-01,9.507318933804828065e-01,3.276290824032144222e-01,8.529248049118947073e-01,3.262959787332961881e-01,4.776232736472165175e-01,4.808406071888294830e-01,5.374050398873578271e-02,2.792484679695325100e-01,7.311056910087483374e-01,6.898344460363505792e-01,5.365371381596901745e-01,7.571040393120833656e-01,4.453019275497367979e-01,1.864363561149896265e-01,8.370909616427236744e-01,5.854060663650876295e-01,7.259905212349687664e-01,6.522770434684814767e-01,7.718243422390749231e-01,1.593982838312939243e-01,1.753395383176836464e-01,4.977870514373366473e-01,9.062246686389160422e-01,6.517356582388750263e-01,2.537401981187492606e-01,6.770968850837147945e-01,5.531743272349714385e-02,2.945550792547623198e-01,6.071683747527959474e-01,3.591779188057601102e-01,2.228721813358367498e-01,6.851019031322417296e-01
9.302075961994578090e-01,6.817530962424575014e-01,8.782431383467037556e-01,7.506968894513087465e-01,7.966788306227482463e-01,7.545249917512459881e-01,3.216356376095901304e-01,4.999667901888780186e-01,0.000000000000000000e+00,7.731058533202528338e-01,4.157029970636916261e-01,5.139684271914689573e-01,9.055751774659498432e-01,7.809159036017778721e-01,6.202029821612271565e-01,6.055614733315433096e-01,8.204755254099823647e-01,5.854374047045479701e-01,6.504985409939131324e-01,7.124858032414356224e-01,6.407767059493058026e-01,6.603834685264260429e-01,6.896615859411564520e-01,6.952625309019044852e-01,9.752904435187573773e-01,3.432233977430766414e-01,4.702130725378284581e-01,-5.810983224658694546e-02,2.644302168397730801e-01,3.439849077162393520e-01,3.023056847790192014e-01,4.469343903953407748e-01,2.067834481196918484e-01,5.755693895587279396e-01,2.170749033606274025e-01,-9.893751424220388613e-02,5.692060313633692248e-01,2.350433169267725497e-01,1.330331034795585732e-01,5.085982166611811017e-01,7.882251492868999065e-01,4.976573412189601031e-01,8.528120555145489723e-01,2.912756033265568867e-01,7.265777837155606989e-01,7.673711398456315447e-01,5.861879362406436922e-01,2.888246948940857428e-01,4.077755356317188107e-01,5.702240285332295100e-01,7.982676417376391997e-01,7.392939192915014557e-01,8.857403362976781214e-01,7.953015810375700934e-01,3.081158278354546032e-01,8.249077962498821970e-01,3.649704781501906803e-01,2.798266462775810259e-01,8.636290395683025034e-01,7.455303775299869373e-02,4.235608556097850141e-01,9.788424523444495540e-01,7.047506188211000167e-01,4.180505374636420690e-01,5.872539788422559415e-01,2.418160513740406081e-01,6.699838656442353990e-01,6.290904019477835396e-01,1.899033430455583649e-01,6.389730731733481717e-01,6.118863506647937989e-01,6.100420557603151162e-01,7.819994370500710223e-01,3.142779171758446344e-01,7.512062659907878803e-01,-4.363477165097939814e-02,7.423608522625786410e-01,6.672100549488233501e-01,3.705190796808256470e-01,4.541216714806891042e-01,6.504038538611875975e-01,3.567297809160570043e-01,6.609158028573449695e-01,3.989640243710292911e-01,7.927595069315711562e-01
9.374715192394071916e-01,4.402829347395783577e-01,7.992826281178012637e-01,8.759163344074392121e-01,9.596341185686086961e-01,6.628436653209001106e-01,3.773574986177500312e-01,6.143915485076111294e-01,7.731058533202528338e-01,0.000000000000000000e+00,8.227185631185900405e-01,9.544673972209356538e-01,7.862607996363210061e-01,8.967155506543267318e-01,7.972550666138815689e-01,4.005935109674589878e-01,6.823968999176022177e-01,3.853248945731985176e-01,3.651602674003484594e-01,8.243533521726025270e-01,5.731041363455509074e-01,5.962762553426910195e-01,6.449613707172068278e-01,5.830893417434798165e-01,5.991635798614975972e-01,5.937864687704246247e-01,9.039907802902753531e-01,9.958791434210776394e-01,2.241610628640665348e-01,5.231488409604656553e-02,3.303052770681946977e-03,5.092468685933528860e-01,4.748071977402646970e-01,6.687667247277202520e-01,6.663307948075917198e-01,5.527045514386097480e-01,-1.228790570823015543e-01,7.728443827880138173e-01,3.390761904742916055e-01,9.836971190616385918e-01,2.147420235521123322e-01,4.283362152045337989e-01,8.334579482409055773e-01,5.113789648296500623e-01,2.209192044526523957e-01,6.615425782875972160e-01,9.235180906983225801e-01,7.405149990734796184e-01,6.019019346942765525e-01,7.413035499614830659e-01,5.687439998028807064e-01,6.813203775110650007e-01,9.938283845044567633e-01,4.215225584702753103e-02,5.327999325602117420e-01,6.993612188602500446e-01,4.708002604987835404e-01,9.673858690183834153e-01,7.804656825499745043e-01,3.376755251259263568e-01,4.505954468066474816e-01,2.572788032657782331e-01,4.820709439946753161e-01,6.073840892742050634e-01,8.590459329152482226e-01,7.210780796576813367e-01,6.893811659957918003e-01,9.456911607916184126e-01,7.539835681995893379e-01,6.418233098508639989e-01,7.865039780499315514e-01,2.582219255966576865e-01,1.317037165699627976e-01,5.668503208633911550e-01,4.298538713297177516e-01,7.307302807846846049e-01,3.289336170890626992e-02,6.322136697469090683e-01,5.088906434034978776e-01,3.567373112169819338e-01,4.422314051596729079e-01,5.784969102537851349e-01,2.532334834563758630e-01,6.593748802279292276e-01,4.321618778988279841e-01
9.153267926987841419e-01,-1.551000359055745292e-01,7.248027454141279247e-01,6.986355448096777110e-01,7.537797613217585013e-01,9.692724660661412583e-01,4.657994056095973723e-01,1.766286267285962774e-01,4.157029970636916261e-01,8.227185631185900405e-01,0.000000000000000000e+00,9.075112341910518410e-01,4.076330250995482407e-01,2.302793521868640725e-01,6.693575272016152322e-01,2.406278330176721547e-01,7.589844183324393478e-01,6.416291530669592236e-01,8.598145390675394628e-01,4.986994686212479211e-01,9.043198121422889590e-01,6.570022135156601273e-01,7.839152208128404853e-01,5.701156871486805500e-01,5.706098424535067659e-01,9.202456284543526488e-01,9.335590335682553143e-01,6.476975349219497025e-01,3.871094206824118311e-01,5.424885778374476386e-01,3.207472672624545051e-01,7.591171247589695303e-01,2.743346391798631156e-01,5.485329054923752112e-01,4.337605216325285395e-01,6.579878292519658611e-01,5.144683267742213850e-01,2.553080761425313150e-01,7.964749783104635439e-01,2.554184672730259731e-01,2.585883603343454018e-01,7.899530732301951463e-01,7.136429704375378824e-01,9.456925591589372404e-01,9.952210008649140516e-01,7.055354842229240031e-01,4.714549655976533193e-01,9.903418581121053998e-01,6.770285416673977874e-01,4.332913785032286302e-01,6.496176159378703741e-01,8.258149449633092054e-01,4.604106077241252315e-01,5.771282521845488844e-01,1.104329437310158091e-01,5.253750344613319356e-01,4.121090953510256893e-01,4.702152768506333014e-01,9.258019290424368553e-01,4.687559433834498704e-03,3.502073544021394591e-01,4.058891932932864322e-01,2.934156936573629748e-01,8.997974513847826206e-01,7.099617646921315695e-01,1.895039366516271251e-01,5.859946194970796496e-01,9.859109143978856959e-01,7.109487573801074323e-01,6.813543035846483242e-01,6.827435191245160295e-01,7.169879368371019357e-01,4.043564954897730934e-01,6.571333749045006334e-01,5.734092484678441348e-01,2.401011686968337611e-01,6.170520905525385125e-01,5.877096066310687483e-01,3.506029802390529110e-02,4.691066660849037007e-01,4.083714362106364293e-01,7.390606917402877674e-01,7.247545079523254330e-01,9.640117953292365316e-01,3.212113552420819973e-01
9.105789977718031780e-01,4.609525574926156555e-01,9.861932086245698281e-01,9.283037633558299806e-01,9.542927994852727913e-01,5.827551968102832047e-01,2.821733524153069994e-01,5.830731387680992972e-01,5.139684271914689573e-01,9.544673972209356538e-01,9.075112341910518410e-01,0.000000000000000000e+00,8.105453220619986965e-01,5.791329625820186289e-01,6.668772210781540588e-01,9.550365157981698383e-01,4.333292338412728650e-01,5.784332309070456812e-01,6.267455146662812560e-01,5.510742950488050074e-01,5.086994344676261104e-01,5.012449422765149487e-01,4.997457888957242966e-01,6.195772910889719709e-01,7.944197541883173397e-01,5.251587675000095601e-01,5.151343916809562051e-01,7.089270151810709297e-01,3.114431287308471186e-01,1.956417048152055971e-01,3.718075862770109374e-01,6.650178726752509206e-01,6.529059027722226016e-01,7.754936917303519861e-01,3.281653580953455274e-01,3.074653329137274627e-01,3.690697816804572873e-01,5.371778429897637874e-01,6.922110261748205540e-01,9.865351566524038773e-01,3.182052520664043760e-01,7.322680099898031258e-01,9.385343677341695390e-01,7.516982691768144820e-01,8.376477795716967822e-01,5.972208410107108234e-01,7.915537093373832267e-01,6.280391895858653539e-01,5.144926893691121883e-01,5.643079919045647097e-01,6.495179870205998185e-01,-4.986197861197039227e-02,6.035797086807486167e-01,4.630855399662603400e-02,8.412551600875251001e-01,4.197763068348525084e-01,6.011899779411454814e-01,5.966667316645468677e-01,2.309017059059564891e-01,6.578457779816077045e-01,4.619765577136517032e-01,7.682317530186364429e-01,4.968399315204160560e-01,6.341760466392701856e-01,8.034089966310671294e-01,4.359077609428975708e-01,8.607954918331299776e-01,5.636552679064350535e-01,4.503594113171914270e-01,7.783138766432832201e-01,6.215072833986358125e-01,4.515552804864729763e-01,5.037587902585726196e-01,5.247187742009385980e-01,5.017540537649474164e-01,1.516816063202838516e-01,7.943356759125352884e-01,6.936033797111992305e-01,4.950976053285367495e-01,3.956120196486678786e-02,3.104212867818226251e-01,9.862105259182366579e-01,9.019934959143053321e-01,7.266525236177552582e-02,6.568303431027150419e-01
9.316762236432390987e-01,5.921422510049627608e-01,9.656358213938712742e-01,8.314465811494623493e-01,8.866063456854338387e-01,6.751896411866822323e-01,5.774628152810743487e-01,9.583116830137857756e-01,9.055751774659498432e-01,7.862607996363210061e-01,4.076330250995482407e-01,8.105453220619986965e-01,0.000000000000000000e+00,8.700274453460392632e-01,6.297991334473732605e-01,6.459029226505048626e-01,6.075590231617262749e-01,6.468754328806634035e-01,4.148599364894000052e-01,7.765337893951420600e-01,7.878533581735334135e-01,6.422230860995424839e-01,7.726469815081045134e-01,4.249814811901525546e-01,5.031788157990575439e-01,2.056638579258862065e-01,6.518876591843593138e-01,7.137125127460198781e-01,-1.251152199244660590e-01,1.092986949650268658e-01,3.143538462768220576e-01,8.163245226111057740e-01,7.018451725137239139e-01,7.763134259153172678e-01,8.340456226255501537e-01,4.785077211086826710e-01,4.842000803069696491e-01,8.086033985635451282e-01,8.685192794594078780e-01,9.501785761441633449e-01,5.692871616085111164e-01,8.283276198276009472e-01,2.713680883664970622e-01,6.657094569384551797e-01,7.421908356429972597e-01,4.086392619471530541e-01,7.366260077688895347e-01,4.583603351726752151e-01,9.269459641209724099e-01,7.923980392310764342e-01,6.764284796650903431e-01,7.285864586166703738e-01,4.568218095011273849e-01,5.065017928648164469e-01,7.473618250031219823e-01,4.190479291285141850e-01,9.455557990578196126e-01,7.423986005530759380e-01,8.291089831764251183e-01,3.100683856614879219e-01,6.385604302194393123e-01,8.032039506359682779e-01,5.894755432336885592e-01,2.030230430835827105e-01,7.808237826963549955e-01,9.734415648030280144e-01,7.792914628538525346e-01,8.189674527719948971e-01,4.809652194695296368e-01,5.048126185529264731e-01,6.945336271533020245e-01,4.660887057333780170e-01,2.302976145017684995e-01,4.129768153748559212e-01,5.931167771602675609e-01,5.165476058095721523e-01,9.540656398893034851e-01,6.469070204936298030e-01,6.708673086744671998e-01,4.613475885675311430e-03,6.076027786752864479e-01,8.247829479191183255e-01,8.213374381142494185e-01,4.225118319878529149e-01,7.573869927201157815e-01
4.849782968853840748e-01,7.702319690200736257e-01,4.420502543799813555e-01,9.702587405213359828e-01,6.443654458410879027e-01,9.419234244771330644e-01,1.019444516906138354e-01,4.092041089886897520e-01,7.809159036017778721e-01,8.967155506543267318e-01,2.302793521868640725e-01,5.791329625820186289e-01,8.700274453460392632e-01,0.000000000000000000e+00,9.869393283510183856e-01,9.863913400211892224e-01,9.663971083490342506e-01,8.709350300995877259e-01,6.423433290481468383e-01,1.165665801686154579e-01,8.707189988416452753e-01,7.166442123138944131e-01,4.856468136636002964e-01,7.156026684093161894e-01,6.980756629899330379e-02,9.207130131764834635e-01,5.960412401197444643e-01,9.986221791172098516e-01,-4.659326772129146477e-02,3.438252481901196700e-01,6.364517502607189847e-01,2.048768705072029905e-01,7.094490861585515118e-01,6.124198768930259051e-01,4.342533653130536964e-01,4.530400165320581651e-01,5.555787714876976313e-01,9.528879854659016990e-01,8.328151673626332796e-01,6.217983446656488722e-01,2.836701248528244457e-01,5.564436798173847398e-01,7.834272436319544841e-01,9.527874813933205900e-01,8.566200509754324788e-01,6.024283357574473641e-01,9.655072565828750619e-01,8.972849868200043488e-01,4.005240867480021616e-01,4.384469022067198907e-01,2.323286650369832396e-01,9.750835056173018378e-01,9.411202238450202540e-01,8.936125359288605852e-01,6.995086675557158351e-01,9.009332842344972558e-01,7.305322747236382419e-01,7.979507952630429113e-01,3.999734411459281436e-01,4.708177679828833284e-01,2.055452906147300363e-01,8.515357717044620411e-01,9.560339920242570955e-01,2.676758929823073729e-01,7.278023959647921259e-01,4.123803023718003447e-01,1.586007274128211075e-01,9.894680740099741634e-01,8.485343252504737865e-01,6.382018872951715771e-01,4.068940453083528253e-01,6.209890939697145784e-01,5.288411389393039563e-01,7.708718954217688157e-01,5.151344575273524296e-01,1.178137926297243565e-01,7.160053391722307481e-01,9.489001443263150870e-01,5.207028303407996717e-01,5.571238186980669305e-01,8.244256938617227082e-01,9.699108878912071630e-01,-1.894079525406738851e-03,4.215554110095423579e-01,9.270391344419245394e-01
9.975309701464112333e-01,7.843177837069729152e-01,5.461374514768506661e-01,2.558222770938471946e-01,4.071430570627763701e-01,9.328328599860647996e-01,4.930696446542190414e-01,7.284995242020277928e-01,6.202029821612271565e-01,7.972550666138815689e-01,6.693575272016152322e-01,6.668772210781540588e-01,6.297991334473732605e-01,9.869393283510183856e-01,0.000000000000000000e+00,7.228858822054754496e-01,9.528778470667311762e-01,9.106129227545403104e-01,6.686872145184096228e-01,9.195139596569570362e-01,9.763064591472244702e-01,7.580960102378531129e-01,4.461894521384855983e-01,6.650590026004447042e-01,8.129520681033922114e-02,6.028234640078485862e-01,8.770213956339247829e-01,7.177624520781789030e-01,6.885101750917732577e-02,2.504685439366908795e-01,2.124106643021725083e-01,7.039249391962043578e-02,5.497609371193262762e-01,9.447641684313570209e-01,5.060023138988324343e-01,7.280997462941334319e-01,7.653636896323064154e-02,7.254736925643254786e-01,7.205607045541813083e-01,7.808323662243839003e-01,3.593713750134781559e-01,5.522830682253516699e-01,8.327838399660117963e-01,3.756287292088460461e-01,3.886858345612830279e-01,3.129232607478023565e-01,5.839922726201030034e-01,7.666755695884126531e-01,5.261290359273221862e-01,7.185742381856576877e-01,6.732501826844844439e-01,7.083217830563938167e-01,9.322038263413264803e-01,6.832940676449148487e-01,6.566507124537974971e-02,7.146591826412453941e-01,7.199690354945699200e-01,7.558303215032763367e-01,8.917409202636163990e-01,5.043547612588872298e-01,6.559033101532518728e-01,-1.235485153264321290e-01,6.420372441045079093e-01,4.885112645070277537e-01,8.809429725216586515e-01,9.129934905867536088e-01,5.440595532928428346e-01,9.912362959043490296e-01,4.742071873716089958e-01,4.725538293932954326e-01,8.748064535152648702e-01,9.000223366470478936e-01,2.610956849543644154e-02,8.092961128089407041e-02,4.076289185361336442e-01,7.402231514768246035e-01,6.174842689791977257e-01,3.358257358668677584e-01,5.700702398490009593e-01,4.776734098630419645e-01,5.875748509541249831e-01,7.180315280629882002e-01,9.811403835936346463e-01,4.783867607265860356e-01,9.582796698943025770e-01
8.274120768320709640e-01,8.760288011400428898e-01,7.959276945450977081e-01,1.815966024637365450e-01,5.767067356004621503e-01,2.720515766165483851e-01,3.033091900227197213e-01,7.274926859056515260e-01,6.055614733315433096e-01,4.005935109674589878e-01,2.406278330176721547e-01,9.550365157981698383e-01,6.459029226505048626e-01,9.863913400211892224e-01,7.228858822054754496e-01,0.000000000000000000e+00,9.376272674740642188e-01,7.941325480461783881e-01,8.381784343961631301e-01,7.229382801943478043e-01,9.334723450333161088e-01,8.351112865406620234e-01,1.727996099789012308e-01,6.647281448442644569e-01,3.679874695729602463e-01,7.510628898236814122e-01,8.495880514640962167e-01,5.205492863953674609e-01,3.112446377441744488e-02,3.490957292879016127e-01,5.442832421297507661e-01,7.610782589108450180e-01,3.095670534763572679e-01,7.097755402310409467e-01,3.095427110045095853e-01,2.943605075617548583e-01,1.728461730426261167e-01,7.580532185310050464e-01,8.685121628398186910e-01,6.316828798438521853e-01,-8.984741515502164821e-02,7.555137117953121262e-01,8.796727982792922340e-01,7.274904483528494836e-01,9.971347316385550386e-01,9.534238402241096422e-01,4.643919162545575019e-01,6.380733408453241884e-01,3.960604978070713100e-01,6.351515610792559663e-01,7.111732250933866517e-03,2.396810828057486520e-01,4.629908734486230110e-02,6.607712338347826453e-01,7.623954571559528048e-01,3.518380400993253998e-01,4.590390684766182394e-01,1.020817097359013048e-01,7.117276929088280912e-01,3.536121767330995258e-01,7.312949030677082796e-01,-5.984040137772864143e-02,4.912481572822599563e-01,7.839678882832781248e-01,8.550491260483148448e-01,1.073875016225068202e-01,6.866568248711871769e-01,5.933847584051503699e-01,6.109131140418816441e-01,3.093637030329324245e-01,6.208088472886399423e-01,7.319472673825608844e-01,5.484759744508480583e-01,3.902283527575858280e-01,7.151174867610594621e-01,5.419920446671671055e-01,4.920970288273486259e-01,5.591957338663623434e-01,4.526193084405462641e-01,4.188698799444986465e-01,1.218262829145947967e-01,7.576950135291672384e-01,4.818880032768169119e-01,4.249494383236797623e-01,5.859683555941359590e-01
3.812412857568752145e-01,7.807418395835415970e-01,8.004811135488154594e-01,6.234594530202565155e-01,8.272565241008631443e-01,3.633782117720171234e-01,5.742870729707654220e-01,7.074612756620207721e-01,8.204755254099823647e-01,6.823968999176022177e-01,7.589844183324393478e-01,4.333292338412728650e-01,6.075590231617262749e-01,9.663971083490342506e-01,9.528778470667311762e-01,9.376272674740642188e-01,0.000000000000000000e+00,7.346513173001810726e-01,7.211155153128833151e-01,5.939778882301715024e-01,6.049007347168326998e-01,6.400254470074402402e-01,8.944240691576620383e-01,2.901001300774578295e-01,5.591319208584786260e-01,1.657682805638838464e-01,9.569711345614038134e-01,7.320280695031988749e-01,5.875399616708008033e-01,4.898557107766747798e-01,5.048499376540329653e-01,4.525040756064079850e-01,6.431620122144490193e-01,6.322934367340076189e-01,9.398040543799712765e-01,3.390754508679597046e-01,4.802157705505445406e-01,8.646416719528475792e-01,6.237056145369430649e-01,4.872003466474085775e-01,2.924584457675283855e-01,9.601109648379516637e-01,7.075868015443829151e-01,2.092249289006969937e-01,6.092101789885284724e-01,7.045365316273340950e-01,4.757267657905477343e-01,6.936885321204738775e-01,9.165161017022023238e-01,1.893264160761430059e-01,6.098263625475929262e-01,4.424360231011702504e-01,5.112060448001646273e-01,8.882579942619489577e-01,4.102848525118971690e-01,7.854105825123610662e-01,8.241322731415893221e-01,1.438326213688827585e-02,3.524919431898361211e-01,2.010999402343270070e-01,4.305518311288930589e-01,5.876909102069041158e-01,7.488099564206995851e-01,8.404501891077217346e-01,7.653294757372901547e-01,4.699085606424200368e-01,6.678251008337022787e-01,8.028321630189448888e-01,7.533054298848318453e-01,6.058380582610194409e-01,7.263499875377588122e-01,7.647777160163882204e-01,6.300381140436872585e-02,4.011952670529951859e-01,8.792953246514533250e-01,5.390154791709362847e-01,6.297109940860181609e-01,7.400800308713606501e-01,4.553968709638836487e-01,3.117260263974803991e-02,8.591664520187528575e-01,8.475337307303264511e-01,9.108170796118540968e-01,2.420565313827607867e-01,7.128991411896110630e-01
8.369181753026244674e-01,9.776406693130650361e-01,6.004465600693624783e-01,4.220411121531231768e-01,7.630104588858812598e-01,6.033881385264074915e-01,5.308012811178915991e-01,6.566471405585496690e-01,5.854374047045479701e-01,3.853248945731985176e-01,6.416291530669592236e-01,5.784332309070456812e-01,6.468754328806634035e-01,8.709350300995877259e-01,9.106129227545403104e-01,7.941325480461783881e-01,7.346513173001810726e-01,0.000000000000000000e+00,2.176548921766057187e-01,8.980417230698301001e-01,6.111567218738749308e-01,4.152487543996905561e-01,6.698091739538898359e-01,4.420908200610034755e-01,4.477970733806553305e-01,7.351616008168304628e-01,6.955427889401220032e-01,6.308774449318041988e-01,3.810873081760228764e-01,4.568917183702052021e-01,7.760522911460807638e-01,6.713264125872012711e-01,3.016111149117198797e-01,7.780628371388367270e-01,6.633552092510327514e-01,7.079591109413994054e-01,3.111851234337316141e-01,7.242926757647579761e-01,4.847055179261884339e-01,2.775093003225565513e-01,8.500025055370573346e-02,4.120639090766327617e-01,4.209436558467891665e-01,2.115092938761078400e-01,4.387215274260022335e-01,5.293769902604522626e-01,6.571540885356017547e-01,7.682170131407972669e-01,2.583537647094792944e-01,5.706381471567474328e-01,4.858426721765167211e-01,7.737476735685666629e-01,3.132767494690663623e-01,2.982075084723917469e-01,9.326241472431596735e-01,6.371617937901862261e-01,7.119729422655183271e-01,6.988158858649610172e-01,6.254810335575219371e-01,4.329477566519730480e-01,3.078817851666151295e-01,7.817669074151273323e-01,8.020642812542952971e-01,6.131366906366744196e-01,4.108080160883694765e-01,7.183165778438648230e-01,3.459018397646028697e-01,7.446708313217059727e-01,4.552704247528063242e-01,7.227116850879025112e-01,9.748203717729593265e-01,7.794414765693344904e-01,6.163119292348537975e-02,5.440968760973559082e-01,-5.467515973382600092e-02,5.025589732058350911e-01,7.067173289064697661e-01,7.968391731661539357e-01,1.731092724818268647e-01,4.115165197152717558e-01,2.724193695876392929e-01,2.287202335955988708e-01,6.744498851463957001e-01,9.422819776831425909e-02,6.499830175123697540e-01
