0.000000000000000000e+00,6.433123903319269976e-01,9.466272656966912002e-01,7.113198496210680899e-01,7.510384222851509417e-01,9.909860105675128983e-01,9.069553292475658612e-02,7.463783083302389931e-01,5.661341442735603469e-01,9.458807783586450357e-01,9.221651984367548183e-01,7.864674616226473569e-01,7.461146450237284844e-01,7.502631327057864841e-01,5.390760367941407338e-01,6.665036897957692386e-01,4.418798508544580228e-01,9.579169968019044523e-01,6.316412658562834403e-01,6.340025305347435358e-01,5.778481729212715523e-01,6.929212249214828923e-01,8.337608703693852874e-01,6.170062048466508076e-01,7.608080005531718815e-01,9.876640248512685849e-01,5.368617664685573221e-01,7.637613027715591807e-01,5.803259185228500927e-01,5.670371664072300089e-01,3.120012482709433876e-01,-7.586118452365969711e-02,4.108727257870361527e-01,7.330495624175306091e-01,9.115664679008081972e-01,3.964945572614194669e-01,4.483920897031399289e-01,8.497922051682409439e-01,8.640555569619463583e-01,6.111452593817535694e-01,4.299616440426823893e-01,8.301283374619290445e-01,2.402260719890259577e-01,6.913682315314659821e-01,8.334697897027314450e-01,7.939145362373912773e-01,4.472423418447352694e-01,4.196944691393460491e-01,9.652949106226494935e-01,9.642664767611902610e-01,5.948453148179705385e-01,6.152660370020081038e-01,9.726520166567199643e-01,6.131652390374441319e-01,8.189710297542597273e-01,6.713302239561920182e-01,7.524896506263588636e-01,6.804059544742386834e-01,7.128549978514648888e-01,1.297781610800681773e-01,1.116195123363117186e-01,5.090602030896283076e-02,8.542909679178460891e-01,9.609165788378023487e-01,8.805199479930319040e-01,4.646763299977411110e-01,8.265090984728656887e-01,8.872081916696313852e-01,8.070970969050156318e-01,7.478056648937423390e-01,8.329288208730281085e-01,8.311772723631267734e-01,6.345881872391392897e-02,1.684585577397878786e-01,4.716339015872652585e-01,7.647624434264637117e-01,9.229509450956869809e-01,6.289407468707512994e-01,3.369030991289450050e-01,5.200840080232723706e-01,5.108467980743115477e-01,8.250295518696255659e-01,6.820922603033778842e-01,5.226982398241233341e-01,5.674916910015398441e-01
6.433123903319269976e-01,0.000000000000000000e+00,9.186415620741696930e-01,8.823804799605803328e-01,7.623984976716824402e-01,4.583340489602356072e-01,7.795251019239595180e-01,4.224980729728764484e-01,5.491627201313411533e-01,5.728681573340862476e-01,3.498212049253336398e-01,5.899999209073734097e-01,7.884441146678236034e-01,7.076873336507775170e-01,4.482903378745100587e-01,5.750336694848510177e-01,2.028610473728736374e-01,2.207707304481369426e-01,6.021983313414612793e-01,7.451650110313808861e-01,9.672169552694941386e-01,4.462563817960668033e-01,2.701614937074413580e-01,8.464856947052558089e-01,2.813710836040612118e-01,6.726515821857612654e-01,9.774341220013670339e-01,3.586292134545435162e-01,-1.069263476658829093e-01,2.932308907462546563e-02,5.516954271597480919e-02,6.595967050801131437e-01,4.481551409251360862e-01,6.152664585755949211e-01,7.522100321938223200e-01,2.673029765213906783e-01,3.141690170358829581e-01,3.975302407186725312e-02,8.900696034518834621e-01,6.323590717225956448e-01,1.166051241037882741e-01,9.759332117474306401e-01,9.296313520219869897e-01,4.480302242261683943e-01,7.959272577044115282e-01,6.678888197252674797e-01,9.145952563665084023e-01,5.635087124338322706e-01,8.834756507390685298e-01,4.228839078787639538e-01,8.233925961606823885e-01,5.714377894291483573e-01,4.819103122190148136e-01,6.193098226066147127e-01,8.833395495770707262e-01,8.882269246153090547e-01,6.055690546801024698e-01,7.982296142937350680e-01,8.700538922729261770e-01,4.186656472823684916e-01,3.814159464385695752e-01,7.766957350422212247e-01,6.996662071996455623e-01,7.573161635794374291e-01,5.993982278402449904e-01,4.841690425768865880e-01,4.870344673685654824e-01,6.921642446578814001e-01,6.966586164506697321e-01,5.027102555807936302e-01,9.871217260673919025e-01,7.664948149476256134e-01,6.681314338996890978e-01,5.641729382508332558e-01,6.437566871514902589e-01,5.609614270059220392e-02,1.558535719576019732e-02,6.219161051847589272e-01,4.251877205550160244e-01,5.417500941459491015e-01,2.863994271307160333e-01,4.901987115003376139e-01,5.412624520158171304e-01,1.533894519609953037e-02,7.498494738586634067e-01
9.466272656966912002e-01,9.186415620741696930e-01,0.000000000000000000e+00,2.177686299320826246e-01,5.708351936123828158e-02,8.568435638200405657e-01,5.340863374639261973e-01,9.615531422403948980e-01,7.189066407957518667e-02,3.305269394885986811e-01,6.817659839244083475e-01,9.201750731498207214e-01,5.439083703873880404e-01,4.346926061186104917e-01,7.802571080079129251e-01,8.410691551630866680e-01,7.017678075990341213e-01,4.552130893542579715e-01,7.165599655590405570e-01,6.781958191559508409e-01,3.631839854702049175e-01,9.310426404492085917e-01,6.713491372594210249e-01,4.397479632132518801e-01,9.937987525806990519e-01,5.806947199658679670e-01,6.114029626448084231e-01,8.587503887476691800e-01,2.798523113532567774e-01,5.356749320442569795e-01,5.442741519839811026e-01,7.547203000637465742e-01,5.527873370370948169e-01,9.386631160467469037e-01,4.894841843640571621e-01,1.030181043032729060e-01,4.414459284630578018e-01,5.813374413963257048e-01,7.796336221965702862e-01,5.400433826548897143e-01,8.056930394490871561e-02,6.826601022350021752e-01,7.240037099936181830e-01,8.633166592884125023e-01,9.541879401428423613e-01,7.198941541412954281e-01,4.302692688292003020e-01,1.085089952202965141e-01,8.574385121800096599e-01,9.839269054443199325e-01,9.965023923860174548e-01,7.817931039176710950e-01,8.793391598873530057e-01,8.133257641138289529e-01,2.918583442370908942e-01,8.884515600540450198e-01,7.740565360516884486e-01,6.141400425885907843e-01,3.666834595815435804e-01,5.192629582155887658e-01,4.127413830429171870e-01,9.823621386590639659e-01,8.773423392594165149e-01,8.641287847015528545e-01,4.935978839976664090e-01,9.049246306365604786e-01,7.802828431395656406e-01,6.517125312106991641e-01,6.121805795700420161e-01,8.585566859520821215e-01,8.850056380508012355e-01,7.187797930731762985e-01,2.887186705685954036e-01,-1.566040621955952505e-01,4.831129349249083660e-01,3.190271904772957745e-01,9.190912520694923815e-01,5.664719012280781119e-01,-3.739375675454675862e-02,6.865107437233298748e-01,8.738976157859495997e-01,5.237284259412381404e-01,6.889947746051801047e-01,6.480528141363295358e-01,5.068678349884799816e-01
7.113198496210680899e-01,8.823804799605803328e-01,2.177686299320826246e-01,0.000000000000000000e+00,5.134253934721793033e-01,2.614491398613613682e-01,5.651725796821776004e-01,5.981678358828979025e-01,9.370170708883400756e-01,6.158333220030622890e-01,9.509022608746502403e-01,6.948558476345140233e-01,2.286509543631758401e-01,8.423822248241918942e-01,5.253412761786412366e-01,7.579041242788788768e-01,2.728053846801984927e-01,7.812168822067309115e-01,4.007268607820214101e-01,4.105740739059708377e-01,4.825287149482657689e-01,3.246391656323294739e-01,4.326800724078749272e-01,9.333048856105179425e-01,3.340580796357386917e-01,7.714174659551276125e-01,4.185406592969229123e-01,2.490681530868998073e-01,4.184139806213117985e-01,4.328306799968237306e-01,-1.338035786405900041e-03,5.734495227913843918e-01,6.619068369596433632e-01,4.752956869351291358e-01,4.499133747480326129e-01,2.098310495681074417e-01,5.840475180907719333e-01,3.260335434995388360e-01,9.558080548262847254e-01,1.998875398331342312e-01,7.261322362385472240e-02,9.363532827798839442e-01,4.648058095002405299e-01,6.526190666742912594e-01,6.622210527929772717e-01,9.426348288804284881e-01,6.930136680889892320e-01,6.221684177562974982e-01,6.079006265025480582e-01,8.084085128115853225e-01,7.398174075497876423e-01,7.535321416885474299e-01,6.983044060577914269e-01,8.736337657555104386e-01,6.108997272561710323e-01,4.093295985778301893e-01,6.541044258602148886e-01,6.164042430891990554e-01,4.858917528521674578e-01,7.223724348620945424e-02,3.845970046473189408e-01,4.352351250572067953e-01,6.508435427061451950e-01,1.367316170672308873e-01,3.147762015019527349e-01,9.605080001497940945e-01,6.123194598644311482e-01,2.387628347289992847e-01,2.320143063340245615e-01,7.069442744980131144e-01,8.224939486778223285e-01,8.108719956222413261e-01,7.402240093638114971e-01,5.835062323985866772e-01,5.383845016689985385e-01,8.747766544828248225e-01,8.479934749575195330e-01,6.115802940825082468e-01,8.512348615338528601e-01,3.661219760271244850e-01,2.725864835052795310e-01,6.534910915928962005e-01,3.454562405750817855e-01,2.459992580812921104e-01,9.936619454231078175e-01
7.510384222851509417e-01,7.623984976716824402e-01,5.708351936123828158e-02,5.134253934721793033e-01,0.000000000000000000e+00,8.179472439261651351e-01,1.805020050559662803e-01,-1.268984072262909490e-01,9.687466455219466699e-01,8.543357241587402617e-01,6.157750937057961949e-01,7.183265761386575798e-01,8.460498312225257500e-01,8.213356102988327301e-01,7.657662366453990010e-01,1.716269009711998139e-01,5.372251108318415458e-01,7.552874284115195236e-01,6.361292644542374530e-01,9.624138604428899013e-01,4.961047995517712805e-01,1.190005575146030892e-01,7.330792414515974187e-01,6.943430063251859741e-01,2.417239400070306243e-01,3.942904596519724025e-01,9.163549322762123417e-01,2.740881646265581617e-01,4.824667622772066955e-01,7.039245893418306643e-01,3.896039573566263403e-01,5.100921917419434237e-01,6.548057879054706154e-01,2.008878290936713662e-01,6.419500629957949345e-01,1.636983852440707793e-02,-2.521736105887851798e-01,9.558475345211497887e-01,4.750865153968932830e-01,7.792127121097883746e-01,-4.855959258314845872e-02,7.951925908475481197e-01,5.113689907220599906e-01,3.234699866500426735e-01,9.585038624195063583e-01,2.929211692430493397e-01,1.526944385644946056e-01,6.184362543573278526e-01,6.262666942631152089e-01,3.481847527817699683e-01,6.964331857229159040e-01,6.651042820229591257e-01,8.325633604342339567e-01,9.262983120191613517e-01,9.519277055472501470e-01,5.988927775789811836e-01,9.200343954939897984e-01,5.221678492546437678e-01,9.896973082577211756e-01,4.030627192442970963e-01,4.533270787328792517e-01,4.907451370216572295e-01,8.396911241773843404e-01,1.282841809278033873e-01,8.915975565580720463e-01,2.835083084071796100e-01,6.542282940105186295e-01,7.951413616435328846e-01,6.492595327481093248e-01,7.131782978362856129e-01,4.154495439801678680e-01,1.097236723941092534e-01,4.579455036971047388e-01,1.680755564368627830e-01,8.633748541795034648e-02,9.593307113656491039e-03,7.398801236189943564e-01,7.959228960371189654e-01,5.955536548863542556e-01,7.648705402689932598e-01,5.496252794364672178e-01,9.223295099809244446e-01,6.955404920815673186e-01,2.788682303813798113e-01,4.811676672026057311e-01
9.909860105675128983e-01,4.583340489602356072e-01,8.568435638200405657e-01,2.614491398613613682e-01,8.179472439261651351e-01,0.000000000000000000e+00,3.473682510094235898e-01,5.982208555219095114e-01,5.363489490478859922e-01,3.652877403419209079e-01,6.065937047480779443e-01,6.830332465588607738e-01,2.674641108975180925e-01,9.157144473064046108e-01,5.248578994599406577e-01,6.516732762987718086e-01,3.917717966094580451e-01,5.725674318042739408e-01,7.491604954460234778e-01,6.446207944069826112e-01,6.277505641126891467e-01,4.249342957704249635e-01,3.130160452210899447e-01,6.164470191339180838e-01,2.870273246156211933e-01,3.621762226808546981e-01,8.987799785981838152e-01,9.664553620892417651e-01,5.035806523288494096e-01,7.121497660100368776e-01,1.229974464749861163e-01,4.790451593934789698e-01,8.954266325959524542e-01,4.362464253955763982e-01,6.442388755333585681e-01,3.379773230587507782e-01,1.988922622135597673e-01,3.286565276225109633e-01,9.776026572826528316e-01,7.161462967452415507e-01,1.032817808233565532e-01,5.708851168920462404e-01,6.451521753094541234e-01,4.673498820450297520e-01,9.581534309813818373e-01,8.716284670344793817e-01,4.803665828181995501e-01,6.719529561060855194e-01,2.744781904110726312e-01,6.505511405888575460e-01,6.317866325265497629e-01,6.051620184850080575e-01,6.813774557809387789e-01,1.664559201667462629e-01,6.243181977148481998e-01,7.191029901585790363e-01,5.398662090941945824e-01,9.562202566814667071e-01,7.700296820272831688e-01,7.282765696650113085e-01,4.418537617515231886e-01,7.779358530254926185e-01,6.169458188987114733e-01,9.955895722511688417e-01,8.038135453521947360e-01,7.004845116177891295e-01,4.642461096314093316e-01,1.868228508435716417e-01,6.224399059494580833e-01,5.720080266787072043e-01,6.916057441331993072e-01,5.292036275242585353e-01,2.420053121959200582e-01,7.273898382791260664e-01,6.331874137773900735e-01,6.985395192350359883e-01,5.641769811985990479e-01,5.941579969298570463e-01,-1.830186313884028526e-01,1.487296597975285017e-01,9.164262795688096763e-02,7.978133279117594068e-01,5.392077163800778061e-01,4.133445999767695889e-01,8.983685139136599052e-01
9.069553292475658612e-02,7.795251019239595180e-01,5.340863374639261973e-01,5.651725796821776004e-01,1.805020050559662803e-01,3.473682510094235898e-01,0.000000000000000000e+00,5.281081354494830959e-01,3.633081899840361340e-01,7.414373457877800888e-01,3.678085118410232557e-01,4.301467430847317197e-01,7.895287326430895369e-01,5.571418096061726555e-01,5.740684727925314812e-01,4.170673902938073496e-01,4.249502713696875489e-01,6.417529920862196091e-01,6.330961182741661197e-01,9.148051855782326491e-01,5.817086860742523013e-01,7.266453518430382452e-01,4.313377884291283992e-01,9.964087430825012692e-01,8.978424544179458566e-01,3.842444635722698232e-01,4.400996901115147297e-01,6.894793871162000487e-01,3.217049850480429574e-01,5.524395701721068752e-01,1.503739127488920024e-01,-1.051490962074370095e-01,6.470263511823010072e-01,2.227654521476837290e-01,7.407976124298278897e-01,4.240924640117087890e-02,7.746527735389836800e-02,5.822354016258811660e-01,4.435042525829529514e-01,5.239379767497180929e-01,5.650125328995893037e-01,3.771280794688677274e-01,5.208244011620235536e-01,3.759920221686864905e-01,9.915913283783149845e-01,4.962008468198755295e-01,3.760701414522221731e-01,7.632888710898373397e-01,6.512729291306953994e-02,4.350454913689350556e-01,4.397663015404723597e-01,4.857331727358975559e-01,5.308126268164760075e-01,4.584780715389921157e-01,3.708068266138933589e-01,5.100162268386476683e-01,2.650185396645986513e-01,2.121745297727034019e-01,6.661450959484145340e-01,3.948302755998523983e-01,7.190696368887987411e-02,5.054190648425473942e-01,7.035234261155064450e-01,7.991349688275414254e-01,4.206398024460195062e-01,7.947888536183169705e-01,6.497621586255476478e-01,8.064882956961010319e-01,5.424110762800432584e-01,7.080270407733449956e-01,6.121666181144980179e-01,4.389530017257873840e-01,5.852297549311791247e-01,4.680311974643641681e-01,5.611742829801215082e-01,4.940700681429112673e-01,5.180273708498990270e-01,6.129994197172624615e-01,7.628092521667513282e-01,2.229949256717805861e-01,4.290533328855574702e-01,5.387380765739966382e-01,7.597364375053837771e-01,2.688653210116990766e-01,4.295698802545968586e-01
7.463783083302389931e-01,4.224980729728764484e-01,9.615531422403948980e-01,5.981678358828979025e-01,-1.268984072262909490e-01,5.982208555219095114e-01,5.281081354494830959e-01,0.000000000000000000e+00,4.486583995691798554e-01,5.321872117271277958e-01,6.798075756463800579e-01,7.763373579338675445e-02,8.239641941115221080e-01,2.617014672747309811e-01,7.716197817342825838e-01,9.675070080138833406e-01,5.391698649503258167e-01,5.048990676291914559e-01,7.485787285748728426e-01,5.272433519013055570e-01,5.451406544531059994e-01,6.449968204492529944e-01,7.562127757487329127e-01,9.745806861561906453e-01,1.985089621502281465e-01,7.218187200122172520e-01,3.329927397228774621e-01,5.838716079756726129e-01,3.175172574858570740e-01,1.481574043883964187e-01,2.421574807759439563e-01,4.128800721946116470e-01,5.238483534754631021e-01,7.534251612291652522e-01,4.881734072869641228e-01,2.480140174439728340e-01,7.509890824854338343e-01,3.019756225253985571e-01,4.841586301929847180e-01,1.269003255579681652e-03,2.426771712980957674e-01,7.919066777877123986e-01,8.791446501455165707e-01,4.456453287816744546e-02,7.888715977019422620e-01,4.562554748998751686e-01,1.469818244562502429e-01,2.301552116349723787e-01,5.166150871344487028e-01,5.091662577836069126e-01,6.416714732794694953e-01,6.111443855523138735e-01,4.350376260671039996e-01,1.834344610669065290e-01,7.280115109113854954e-01,8.704147800599792983e-01,1.490952995870693243e-01,4.675225214625132186e-01,9.862972364685262949e-01,5.579589248724561301e-01,6.390919862540264118e-01,1.033150866123890010e-01,4.077928951942981772e-01,9.109469836041966806e-01,6.482336728179178831e-01,4.551222286247595394e-01,5.026066443972925235e-01,9.349961418431652627e-01,4.605869872637159967e-01,3.981966616658675351e-01,4.261794190033807994e-01,1.411079591472412867e-02,-4.742840714543208880e-02,3.847109907919384064e-02,5.176107497094788457e-01,4.798663858835014451e-01,6.100425158729453345e-01,6.813080886870549469e-01,4.940706066069328051e-01,-1.964593472459501000e-01,3.816107702469188068e-01,8.049244590937756350e-01,8.043505884779789117e-01,3.840219538971489377e-01,4.105667657454266095e-01
5.661341442735603469e-01,5.491627201313411533e-01,7.189066407957518667e-02,9.370170708883400756e-01,9.687466455219466699e-01,5.363489490478859922e-01,3.633081899840361340e-01,4.486583995691798554e-01,0.000000000000000000e+00,5.351060253048531834e-01,5.432816723858483465e-01,2.460894841843943026e-01,7.242133180933039149e-01,7.683475670575419247e-01,4.809391874556545043e-01,4.760035314846942089e-01,9.966654291330900861e-01,6.401211922287850520e-01,6.546943957878461617e-01,6.569445184828942574e-01,8.743062111985206997e-01,6.638814852377716846e-01,4.126591873376046493e-01,7.789157327127136377e-01,7.318910342107316502e-01,7.174882096943862031e-01,7.949620812777423717e-01,9.243677903436091636e-01,4.261815255292533688e-02,2.259468558003901451e-01,6.817022980779676722e-01,7.711171048100713410e-01,3.639714331953204374e-01,5.261224351274165212e-01,5.051436184402441354e-01,2.153985371962243434e-01,1.349222337349167133e-01,7.618446233428282088e-01,5.764120690693155247e-01,5.225678267605657901e-01,4.132853059150309871e-01,7.334257135421657914e-01,6.302183776286967021e-01,4.701621732130225051e-01,4.256069283869634741e-03,6.163568106066201757e-01,3.513754494408294349e-01,5.047173855304678547e-01,1.761960594605836705e-01,7.116707102654643569e-01,3.119272911685554428e-01,6.033079757816139921e-01,8.966167733879391033e-01,7.412633871357408033e-01,1.646534477287498743e-01,7.283586438051041778e-01,7.113601772604811746e-01,2.759849004819662777e-01,6.014201664920084678e-01,2.900958232562899086e-01,4.855552559274369795e-01,6.973946805651042302e-01,5.501624274095753275e-01,6.886491945541205473e-01,7.197910927415366311e-01,4.364693051179646677e-02,7.844770262799802829e-01,6.668773807479382310e-01,3.769426162499215360e-01,4.542566464651604519e-01,6.595256355907602730e-01,4.814746774307206434e-01,6.327800768850264657e-01,5.670124192963459375e-01,9.379930102254664392e-01,4.813613446604767532e-01,8.058258042070254312e-01,7.674691852401900605e-02,5.317692265479800895e-01,5.756541765649975106e-01,2.176890632108452184e-01,9.396713280368632626e-01,2.074566991003252703e-01,6.504480198631255039e-01,5.944340008628012928e-01
9.458807783586450357e-01,5.728681573340862476e-01,3.305269394885986811e-01,6.158333220030622890e-01,8.543357241587402617e-01,3.652877403419209079e-01,7.414373457877800888e-01,5.321872117271277958e-01,5.351060253048531834e-01,0.000000000000000000e+00,8.035097452662346429e-01,6.067625604182912413e-01,7.420626206836058447e-01,9.909595719153717619e-01,6.190034935571241403e-01,6.542352037313525770e-01,6.730273302287792525e-01,8.773986891105348684e-01,8.471558077304113255e-01,7.794724989568961870e-01,6.612980315357186445e-01,9.882684383215487589e-01,6.385328256406028746e-01,9.065285827156546183e-01,9.127568829599793654e-01,3.917760276006695963e-01,4.342135651159714227e-01,4.732746883038824737e-01,8.174164735618251187e-01,5.719454549831194390e-01,5.816238502011031319e-02,4.199483770829368634e-01,6.493456618155896143e-01,3.698567761133574328e-01,6.798275386438777934e-01,6.428023105804744342e-01,4.338362053160640941e-01,2.066841705271625362e-01,2.542903269611924699e-01,6.170153254484690430e-01,3.676004804359249700e-01,4.708535460609455936e-01,9.714797109688496635e-01,6.553105259063835009e-01,9.919279395039721781e-01,6.285604226548047180e-01,7.625200458774618051e-01,4.293730600240044382e-01,6.580543497737558756e-01,3.751089149686873681e-01,3.711854812625300370e-01,9.913204688823051836e-01,8.953271651617465965e-01,6.825277639383643402e-01,3.170603906826710006e-01,2.835222357659255010e-01,4.148069604185796733e-01,5.704291862737023155e-01,6.649799466737675857e-01,3.015438655807334278e-03,8.954787482121789877e-02,3.742601176613878367e-01,8.324682998062031825e-01,7.448655803700933165e-01,5.738666826603844306e-01,2.887269778150695076e-01,7.001613025781074917e-01,7.880333692897518727e-01,6.940661808902237606e-01,6.107346939627197324e-01,7.801531289720697870e-01,6.708953809109224897e-01,4.362988379496380298e-01,3.874729795969150681e-01,4.532049522030408562e-01,4.797106399874121463e-01,5.540279979558087042e-01,7.660862997782820205e-01,3.668885986907634567e-01,-7.614957323935071798e-02,6.821110706903160681e-01,7.306202216816082284e-01,5.189329185032149905e-01,4.443586432348832216e-01,2.786761956032500209e-01
9.221651984367548183e-01,3.498212049253336398e-01,6.817659839244083475e-01,9.509022608746502403e-01,6.157750937057961949e-01,6.065937047480779443e-01,3.678085118410232557e-01,6.798075756463800579e-01,5.432816723858483465e-01,8.035097452662346429e-01,0.000000000000000000e+00,6.622107268637889010e-01,4.171285616121385154e-01,4.766972792744603726e-01,4.700844999192315687e-01,5.777400734100475166e-01,3.055046158191727645e-01,7.249106010895172147e-01,9.587537858507318989e-01,6.555483374012640585e-01,7.604454654237657873e-01,5.689230186722252780e-01,5.420999975302684959e-01,3.731183997274886144e-01,1.270582670622397159e-01,6.463772371135074746e-01,7.813317190049534622e-01,8.629749773681381075e-01,7.836863382952471424e-01,3.736510526137246657e-01,4.814827814401101969e-01,5.662068247989008318e-01,8.317670871170650404e-01,2.657127681024769039e-01,5.368597568860271618e-01,7.991615626318430143e-01,4.033818825006780795e-01,9.541239822033321660e-01,6.612868773704638770e-01,3.524071662265679805e-01,1.014373006873371674e-01,6.136252629826678406e-01,2.332634178870187924e-01,3.278724363535427955e-01,7.787885170444730498e-01,6.795506359790867146e-01,6.007969574909367561e-01,5.213284267308333497e-01,2.515909259882177507e-01,5.851053581878679077e-01,5.572374531537171993e-01,6.951258125338186655e-01,4.307803289025203264e-01,6.354331847332476135e-01,6.970962916527873032e-01,7.144804974889081839e-01,5.025042493850516712e-01,9.955774603842642012e-01,8.121065215555737238e-01,5.787268399553435749e-01,1.163660638523733581e-01,7.359650278712679405e-01,8.912843267657385438e-01,4.989420576194543155e-01,6.114170885965555247e-01,6.907013048179074799e-01,6.419162447733586241e-01,6.522056677945745617e-01,2.675948723996420808e-01,6.436397191191389755e-01,6.045095176634611711e-01,1.613467428212761456e-01,6.068003576516018960e-01,5.282508961860721275e-01,3.055881660988701287e-01,7.310953954459034065e-01,4.227536134114948108e-01,8.949290681284373106e-01,1.646167234219928222e-01,5.418243353185195899e-01,2.098000204734733753e-01,8.759682833976194516e-01,5.120009077209877191e-01,4.342233669050310496e-01,7.432434311138020888e-01
7.864674616226473569e-01,5.899999209073734097e-01,9.201750731498207214e-01,6.948558476345140233e-01,7.183265761386575798e-01,6.830332465588607738e-01,4.301467430847317197e-01,7.763373579338675445e-02,2.460894841843943026e-01,6.067625604182912413e-01,6.622107268637889010e-01,0.000000000000000000e+00,2.618911080206146047e-01,4.677707542624913728e-01,7.939928360016589304e-01,-1.344068216059434995e-01,4.899052526448907097e-01,3.127481655356254553e-01,5.996998360501097913e-01,8.209961109749248642e-01,8.896850703933925075e-01,5.242098469133587013e-01,7.009123632861642417e-01,6.885279983574809082e-01,6.939773439769610919e-01,6.619576414324745972e-01,7.603383089480018064e-01,4.324589890033525563e-01,4.366721870076066270e-01,4.452853220523672051e-01,4.408709070080945591e-01,2.741406410134624161e-01,4.972309112134409848e-01,8.272539768645379432e-01,5.179749123506868225e-01,4.360255867495552162e-01,6.116505973005641472e-01,5.073579911243997209e-01,9.220802916144659189e-01,7.030524288115219678e-01,7.877965586436791456e-01,4.145526108554006273e-01,5.107415410060842653e-01,6.274821884678912776e-01,6.627327038937411707e-01,6.848067381028419831e-01,7.417550532071925939e-01,9.600242416263021772e-01,5.117601594776640672e-01,4.294127531367291639e-01,9.170418488848298688e-01,2.974620304244359748e-01,9.874554761349366716e-01,7.965191241189344407e-01,7.847038985360187402e-01,6.046029309761479231e-01,1.933289971262268092e-01,3.658960643438495808e-01,6.052267258512957770e-01,7.321772396021357654e-01,4.565678066287840453e-01,4.440857882115713529e-01,9.353566519440070781e-01,7.044942751634375444e-01,5.943402300673483740e-01,2.126592225391629454e-01,1.013808528869830682e-03,8.011140311406914627e-01,4.687203039593941245e-01,5.756987295827797890e-01,7.653624247451328300e-01,7.110700733881637481e-01,6.128350757720868458e-01,3.163117918374617199e-01,4.006585275167702520e-02,4.891310016545328265e-01,4.694559597428464293e-01,6.244640687930270717e-01,4.140814132319364793e-01,3.574059086997893875e-01,6.645342995188578961e-01,4.786870786035221648e-01,8.762148934079738716e-01,3.465033369347552128e-01,6.538563215517716465e-01
7.461146450237284844e-01,7.884441146678236034e-01,5.439083703873880404e-01,2.286509543631758401e-01,8.460498312225257500e-01,2.674641108975180925e-01,7.895287326430895369e-01,8.239641941115221080e-01,7.242133180933039149e-01,7.420626206836058447e-01,4.171285616121385154e-01,2.618911080206146047e-01,0.000000000000000000e+00,7.853653041107534483e-01,4.254994119635580052e-01,8.121765032482447522e-01,7.631114929800932867e-01,2.255233364998103229e-01,5.562485549284768016e-01,1.584618177114988091e-01,8.941409327254465911e-01,8.135709332812416372e-01,8.855091311701821510e-01,8.994814845837375561e-01,5.678217888090955068e-01,9.201780914509658515e-01,5.282063623653133755e-01,8.240433130241578974e-01,4.944263803685424730e-01,4.604195835212895327e-01,3.690211626599395611e-01,7.898978778923594346e-01,8.464627376825885063e-01,9.029038753223389557e-01,6.631357867219699331e-01,2.888067273436270010e-01,6.049352909040428550e-01,5.070865009791329925e-01,4.761867892738564922e-01,8.771647429320618139e-01,6.549495908064373491e-03,6.026992568230786773e-01,6.338798095672557587e-01,6.789481630520459721e-01,9.768090514277665282e-01,5.710597035535739385e-01,5.129776114366646489e-01,2.956113786505265018e-01,6.898571442667830178e-01,8.537882440283858232e-01,9.741657093187616745e-01,8.451471887394533811e-01,6.381893253311344827e-01,9.230567547558360397e-01,9.276385422039084006e-01,7.899097913882486832e-01,5.766235600657014793e-01,5.672644545896897705e-01,9.153984289828664966e-01,6.289700375909765828e-01,5.918598338982347107e-01,5.574019604165688646e-01,6.613467252343546710e-01,8.164022900961594997e-01,9.400699890881630827e-01,5.303993015778420972e-01,4.050182825357140359e-02,8.458030725943326278e-01,4.611276712172029946e-01,6.271027691963756423e-01,4.180428195103423339e-01,9.046338251924556095e-01,3.491913501109777385e-01,7.791059406502627294e-01,9.913910649371493466e-01,9.780200145178836735e-01,8.381067951309304487e-01,7.778151453778596736e-01,6.589338675078006968e-01,8.595713540220231708e-02,7.764295025779388570e-01,6.809843026399939880e-01,4.108959126534117434e-01,6.859752123447078187e-01,5.558948609381464401e-01
7.502631327057864841e-01,7.076873336507775170e-01,4.346926061186104917e-01,8.423822248241918942e-01,8.213356102988327301e-01,9.157144473064046108e-01,5.571418096061726555e-01,2.617014672747309811e-01,7.683475670575419247e-01,9.909595719153717619e-01,4.766972792744603726e-01,4.677707542624913728e-01,7.853653041107534483e-01,0.000000000000000000e+00,6.854321089547092960e-01,5.516163671864943163e-01,4.511736279397240423e-01,8.606702396326169069e-01,6.256468427645979213e-01,6.052351163051079563e-01,6.091784947466640787e-01,8.298425503992015173e-01,9.348579279034145983e-01,8.382250041873223756e-01,4.564928379045314899e-01,6.856772861303918054e-01,7.332488082337210722e-01,6.852094925880874987e-01,1.828039699435772825e-01,7.413486937834936619e-01,1.375263817194138927e-01,7.087576877329582192e-02,6.860337356209782467e-01,4.583126840026481852e-01,9.727114095506587121e-01,5.940251219179780717e-01,4.271751495661280096e-01,6.374759702218102397e-01,8.584631175023875738e-01,6.733316488971969882e-01,7.056641189394460278e-01,5.903278542513230587e-01,8.213729838174672615e-01,5.000779674614610482e-01,6.981653361158242088e-01,6.578200992341795006e-01,8.897967903156954739e-01,8.908302251252356863e-01,6.679825208470221432e-01,9.914754009144950420e-01,5.375818505594516239e-01,8.007561475445692523e-01,7.765703719773173752e-01,3.318858296627250626e-01,9.534389206620056401e-01,6.188081876705252560e-01,5.499310413672939823e-01,4.070829265982039979e-01,8.295351496613038167e-01,1.803224715783514898e-01,5.795144569891176323e-01,4.174399090294865777e-01,8.540277704415393245e-01,3.654653745162476097e-01,6.563690153694937690e-01,4.037622971625413615e-01,8.096039662892168254e-01,4.848503344108790469e-01,7.317201736145163560e-01,5.166463158603478156e-01,4.874713285557831788e-01,7.386064746842688766e-01,6.318804713375880677e-01,1.849377148178922847e-01,2.808209617860614737e-01,2.749099655563824185e-01,6.289303834256241288e-01,2.943198516179028612e-01,4.535070717083576897e-01,4.305249528734252928e-01,6.532720459346385011e-01,9.827622704711573842e-01,6.193590529864030358e-01,1.745822335938112257e-01,5.271172354125868154e-01
5.390760367941407338e-01,4.482903378745100587e-01,7.802571080079129251e-01,5.253412761786412366e-01,7.657662366453990010e-01,5.248578994599406577e-01,5.740684727925314812e-01,7.716197817342825838e-01,4.809391874556545043e-01,6.190034935571241403e-01,4.700844999192315687e-01,7.939928360016589304e-01,4.254994119635580052e-01,6.854321089547092960e-01,0.000000000000000000e+00,5.702770161116991199e-01,5.152326078693559852e-01,6.635460100381811444e-01,3.437229110521766162e-01,2.314782331046517094e-01,8.332025277351707837e-01,6.055327983316320939e-01,6.854391701339098697e-01,9.569351985938232552e-01,5.350248783509315986e-01,5.512368574587533931e-01,8.253643457018682295e-01,4.949813508046549404e-01,5.264217116939809982e-01,7.156632782645950819e-01,4.705506314946539259e-02,6.947457060031990705e-01,2.477675065312606451e-01,9.005477785923327039e-01,2.037739178244783456e-01,3.626039409855893458e-01,4.532878001217803265e-01,7.092640950229989194e-01,7.415700920676306929e-01,7.010898938811015446e-01,6.574172492549381630e-01,6.256832384000360348e-01,7.181466135654608340e-01,4.380179557787202138e-01,5.080960388931671234e-01,1.283576778872646262e-01,7.367068357172319448e-01,8.372905110842780996e-01,1.084809650255937064e-01,6.796239975975506553e-01,7.844616671812890685e-01,3.902580614705506989e-01,1.668795297023020208e-01,5.460084091078127866e-01,6.964403926378405219e-01,9.528152725454779315e-01,5.403296602360297962e-01,8.009020929287782309e-01,6.722033938465388214e-01,2.169575878219699161e-01,2.805765740345025350e-01,4.367858848097472824e-01,5.390787045043254899e-01,6.227617453627469768e-01,6.099676907634302703e-01,6.668918712622091682e-01,3.864329391541664327e-01,9.645896017711013126e-01,8.116149416848423837e-01,2.090618428334975465e-01,4.976379215526934852e-01,7.348498246842456449e-01,2.806623157982103267e-01,1.303638637911968545e-01,5.092952290175192243e-01,9.506885261012192334e-01,7.383180876032668927e-01,4.822854290793970322e-01,8.902953789746573254e-02,4.688178243344682250e-01,4.928260929243482025e-01,8.370298784167350403e-01,5.192103495319893014e-01,8.054284250977828893e-03,5.851307800774907530e-01
6.665036897957692386e-01,5.750336694848510177e-01,8.410691551630866680e-01,7.579041242788788768e-01,1.716269009711998139e-01,6.516732762987718086e-01,4.170673902938073496e-01,9.675070080138833406e-01,4.760035314846942089e-01,6.542352037313525770e-01,5.777400734100475166e-01,-1.344068216059434995e-01,8.121765032482447522e-01,5.516163671864943163e-01,5.702770161116991199e-01,0.000000000000000000e+00,5.244271456597917602e-01,9.447006203207706232e-01,9.096742145674555635e-01,8.699396772533738442e-01,6.366645787730008665e-01,7.231798040779655601e-01,9.362682227512418576e-02,9.621153427297416405e-01,9.638470296093167855e-01,5.079066774037003240e-01,7.236195128846230062e-01,6.049417493197741802e-01,3.043762643085401454e-01,5.809463355090020986e-01,6.810272063632290263e-02,7.628413708775899638e-01,4.509591152211121501e-01,9.457304029288213787e-01,1.996491424960892269e-01,6.149740610659307771e-01,7.295406521855078708e-02,-1.620668716140217513e-01,8.092685711396974124e-01,8.646354155876267988e-01,3.351079396199890814e-01,5.367074387582165818e-01,9.638622692788390012e-01,4.280560673765340107e-01,4.091189266011036052e-01,4.507480214676351515e-01,8.921502488611290360e-01,5.487082608159336017e-01,8.509608110066597675e-01,5.695813078615595826e-01,4.525717254590220784e-01,9.854125720080191275e-01,6.014992052456447080e-01,3.575045192996595955e-01,8.965153718776266434e-01,9.901185689587967964e-01,2.308094212483485230e-01,7.378141436733886005e-01,9.141990856918101871e-01,6.150079150433003516e-02,3.605293246949366481e-01,1.562184016064706304e-01,7.599489930420771922e-01,5.213106276224090951e-01,6.920966663848782119e-01,9.885473763821078785e-01,1.278746362688108762e-01,9.123067768549288914e-01,6.373925840562194578e-01,8.307879750394698837e-01,4.390559713612888215e-01,2.688896519444296529e-01,6.866853782170433407e-01,5.989660724365351019e-01,3.741239481381823384e-01,4.891807404888329769e-01,8.273409055516484090e-01,6.896489688992681888e-01,1.488473150735305540e-02,8.525595724900414396e-02,2.466551188748967172e-01,7.539996588618251838e-01,4.093426576957100993e-01,2.924802861368270834e-01,3.055004078218523933e-01
4.418798508544580228e-01,2.028610473728736374e-01,7.017678075990341213e-01,2.728053846801984927e-01,5.372251108318415458e-01,3.917717966094580451e-01,4.249502713696875489e-01,5.391698649503258167e-01,9.966654291330900861e-01,6.730273302287792525e-01,3.055046158191727645e-01,4.899052526448907097e-01,7.631114929800932867e-01,4.511736279397240423e-01,5.152326078693559852e-01,5.244271456597917602e-01,0.000000000000000000e+00,2.703012427483805213e-01,6.590144248213892775e-01,9.148847648002537136e-01,8.598182440592390119e-01,6.282695009484540183e-01,5.349124881728535286e-01,8.552123315562005779e-01,3.121546186276832890e-01,6.862807311941525601e-01,6.850872831070299318e-01,7.518532315770942720e-01,1.962978422240976295e-01,2.114932932341227756e-01,-6.704477075483189497e-02,8.701553904569763187e-01,7.743167122797884883e-01,4.148961090963136922e-01,9.503020009869346252e-01,5.818545840302388195e-01,5.176169520014617387e-01,7.520212738041284206e-01,9.532663873489580775e-01,8.843024841053335194e-01,3.997448977110611978e-01,5.094037802712667595e-01,9.850788345671960267e-01,7.520114794350161169e-01,9.554977032586371433e-01,9.705008486013086966e-01,7.354785714115930073e-01,8.977218631094298074e-01,2.980660911083685694e-01,4.856037417555989499e-01,8.953209730322577720e-01,9.824264786531070603e-01,8.345863239069645223e-02,8.426870046792197533e-01,6.693599789218426244e-01,9.162323393425715334e-01,5.332948946321225403e-01,2.594744993560937907e-01,4.724976752361546017e-01,6.449706554650669506e-03,7.403904114056314434e-01,5.877900135647826652e-01,8.778849221191010743e-01,7.494641896809421944e-01,6.358626351427186796e-01,7.843859269817319291e-01,3.495780742573579292e-01,5.771900698915667371e-01,4.831249148023087914e-01,-1.074133561817077198e-01,9.362905252463626926e-01,9.516860656543685293e-01,1.940820699085719636e-01,2.499188284833978591e-01,6.349342802984311307e-01,7.725640595448924897e-01,5.536225077333152278e-01,7.590078891670691830e-01,5.485532587938413140e-01,2.238941500857236089e-01,6.661341649082511696e-01,4.680403542817397344e-01,8.928132694822311644e-01,7.395783426187938492e-01,8.703027668213889623e-01
9.579169968019044523e-01,2.207707304481369426e-01,4.552130893542579715e-01,7.812168822067309115e-01,7.552874284115195236e-01,5.725674318042739408e-01,6.417529920862196091e-01,5.048990676291914559e-01,6.401211922287850520e-01,8.773986891105348684e-01,7.249106010895172147e-01,3.127481655356254553e-01,2.255233364998103229e-01,8.606702396326169069e-01,6.635460100381811444e-01,9.447006203207706232e-01,2.703012427483805213e-01,0.000000000000000000e+00,2.909608432969234548e-01,7.889423827884154417e-01,4.449962324102911260e-01,4.700107058428515394e-01,2.986330801335802532e-01,7.741665299283867485e-01,5.656012203079604506e-01,6.528907232810252648e-01,9.669523946428539851e-01,1.083230654452913000e-01,5.202809525313714101e-01,3.322373398497839858e-01,3.047956453964264512e-01,4.584219699125879899e-02,7.858644525520812607e-01,6.999409231565921763e-01,4.257666467936211396e-01,2.130607510003261207e-01,6.359607283184203208e-01,4.183451623308222511e-01,9.452936423565652113e-01,2.625288117350986772e-01,5.986735181373015191e-01,6.806030746250122387e-01,8.097787029899679023e-01,3.779628963433713795e-01,8.394346573313804516e-01,4.528491828330548641e-01,5.002652688688277172e-01,4.512310334718387383e-01,2.642563037652817526e-01,3.328083055080235386e-01,5.141994973398781310e-01,6.654215165220591643e-01,4.864840238972272246e-01,9.311040482221761838e-01,8.991569153575879048e-01,8.912821869405133102e-01,6.591299708014670689e-01,7.014356275925313078e-01,7.828638495090629590e-01,5.667137001633621995e-01,2.065704508161445019e-01,4.395360037832979905e-01,7.610275377654616147e-01,8.716831492642171941e-01,6.303178076504468708e-01,3.646349765161753798e-01,8.224966284247443582e-01,5.211295340981769719e-01,5.641683800515068237e-01,7.710912620055409006e-01,3.989844131885582068e-01,8.207625303099341796e-02,5.496743786201312432e-01,4.105055888658170060e-01,7.073873032970015018e-01,6.874744788815332353e-01,8.411872243099975943e-01,5.452413133666981215e-01,2.473186974878748001e-01,4.578713777255757345e-01,2.981578477531816040e-01,2.283479538982934876e-01,7.778902737898327757e-01,5.942098257249508464e-01,9.625030613279939029e-01
