0.000000000000000000e+00,4.176667831027393030e-01,9.884736398843230187e-01,9.956013150876467099e-01,8.460087535121274538e-01,7.187653422706981043e-01,6.050473815001503608e-01,4.806955663358529196e-01,4.225337866899541162e-01,5.562884906533169804e-01,6.781192661769039898e-01,9.225184446857273013e-01,5.185981469866541849e-01,4.017844857739810149e-01,9.727111991536663282e-01,6.716795204746738301e-01,8.321155552784507137e-01,5.890892043076154660e-01,4.794671644350721462e-01,5.346948613051776267e-01,7.210577312881288892e-01,5.353289347877533411e-01,3.495619402602442305e-01,7.968143689539594066e-01,7.362458093554552496e-01,6.535181434276826629e-01,6.838012753218863926e-01,4.567136902096917694e-01,5.532050515425150916e-01,3.992716718237552809e-01,1.600836312003700024e-01,7.706441219210562465e-01,8.671180646626993616e-01,2.780088094912674945e-01,5.346078414081610886e-01,-2.331565592711560830e-01,5.635961597517841204e-01,5.515401290077590613e-01,8.171106843796513974e-01,6.659764396417530152e-01,3.168636602762080479e-01,7.226213310496881759e-01,7.284630212067875199e-01,6.669808326802671994e-01,6.190362379376351809e-01,5.507142926947562467e-01,9.123145879081084875e-01,6.645761792592580486e-01,7.384003952786903913e-01,8.962347972492349379e-01,4.466898590297481431e-02,3.419668394172170611e-01,5.330453291925300041e-01,6.760447885058389339e-01,1.277436067401664099e-01,7.567436094271248193e-01,2.074729782332911110e-01,4.671025037686110659e-01,9.868602842250786544e-01,5.039800025793149674e-01,5.102968888313449414e-01,9.833766699543556866e-01,6.318014658470213485e-01,7.668215607340795881e-01,6.784758022685541956e-01,9.381991059761071172e-01,6.696716319081130742e-01,5.423083389061744697e-01,5.256138743619591658e-01,6.087923976039165685e-01,6.452851288286824971e-01,8.245560918870966649e-01,4.230884267548240540e-01,3.138653627647067790e-01,8.571252916011177225e-01,6.303874383125989134e-01,9.346680443162125318e-01,5.503034315184722747e-01,3.353163858323007229e-01,6.008406394215629054e-02,2.504540788310052335e-01,8.536808226078264061e-01,4.218320820824447703e-01,4.517806459216981985e-01,9.284344320496425995e-01
4.176667831027393030e-01,0.000000000000000000e+00,9.252320427825988514e-01,6.187202235795528082e-01,8.736804601201687559e-01,3.640929274697660700e-01,2.096877206664968241e-01,4.754677353016289465e-01,4.364459282895594705e-01,3.208724615744556335e-02,5.108209053454118020e-01,5.371096759045652647e-01,6.904388506445306994e-01,6.366649768502176121e-01,7.083098884247308602e-01,8.655363889409329881e-01,6.308645039707272417e-01,7.232905352823048029e-01,5.306738043558184570e-01,4.030478197987179545e-01,8.479689044275636745e-01,3.363871005587660279e-01,4.277256365356654766e-01,-1.039388713454654778e-01,3.898506399656025412e-01,6.293558275415807035e-01,6.600082612575581820e-01,9.353616195545952916e-01,4.379235460607969754e-01,7.257307218301985163e-02,4.441219713533392510e-01,4.748938636511683686e-01,4.819415492437797433e-01,5.435031088331990778e-01,6.338904528678779293e-01,4.158575625356011884e-01,2.887975407911455572e-01,5.799530523688456451e-01,8.613844161762503893e-01,7.596612598847101161e-01,3.928240534938096801e-02,7.218925230883564970e-01,4.469754769084459123e-01,8.121824532203913982e-01,7.374035572036761188e-01,9.832515596914667144e-01,6.052174308695916771e-01,5.461918859808254645e-01,4.986373874540636630e-01,7.028101681407458168e-01,6.234872334007571792e-01,6.527858395933747726e-01,8.460550427450507227e-01,6.230837712525052474e-01,6.987446346531001051e-01,9.144400172241737845e-01,6.680600898880740823e-01,2.653677722276066020e-01,8.367191045902631075e-01,7.109973662595885091e-02,2.205966322074344454e-02,4.809792416213313215e-01,5.791251342979109040e-01,9.590210907041043509e-01,6.279266687418844084e-01,9.431439443446484328e-01,6.181102820522053065e-01,4.236116866509888057e-01,7.564134556545960564e-01,7.017037608224836465e-01,8.153103261452590012e-01,7.641943842313774216e-01,1.090003954098539563e-02,1.285957232827430186e-01,6.297397829970959870e-01,4.703072857877074187e-01,7.134170430058137669e-01,5.313925533937884360e-01,6.378716186194528515e-01,4.969787719218391464e-01,5.618665100763473585e-01,4.095084893222181721e-01,8.606189458311839235e-01,3.401232605032452616e-01,5.511628450234300480e-01
9.884736398843230187e-01,9.252320427825988514e-01,0.000000000000000000e+00,8.583274999846730591e-01,6.637938129239607798e-01,9.808529707633085737e-01,8.497073420416876299e-01,5.591651463699650604e-01,9.628807465563323786e-01,7.072643864519208012e-01,8.243908109055853028e-01,9.272366342731205302e-01,8.562416178366213382e-01,8.278918033192101955e-01,9.770681602360241635e-01,6.787388364641122607e-01,2.751811631716778450e-01,8.521545580498054440e-01,7.585490995102742717e-01,7.342808163865521820e-01,6.782361002376113834e-01,7.788311084980703569e-01,8.404687725079376115e-01,6.127922405939389972e-01,6.779520979046281814e-01,3.588970829810290697e-01,6.921810207671649229e-01,7.029399356031544865e-01,4.301653027483987590e-01,3.598167172043078565e-01,1.056102345524717045e-01,7.663790017918986619e-01,8.095839835619813574e-01,9.884665058797392767e-01,6.189894377063061004e-01,3.390978861964655255e-01,1.403376051581598505e-01,6.643162227289628463e-01,9.393511025408984860e-01,4.308457345749956424e-01,7.276701219297134760e-01,8.108489923997584947e-01,8.592432321015841534e-01,4.179029723112930306e-01,5.755146630354530668e-01,7.951181158488165313e-01,9.806281539936632097e-01,9.688411830373825362e-01,8.694344263608139167e-01,6.905609505218600619e-01,7.906364132429768432e-01,7.381030450518936137e-01,6.702975830851997108e-01,6.747292801415251118e-01,6.756250953012726823e-01,7.470334271482288457e-01,9.080540438208345444e-01,7.002947467006418458e-01,7.389996317652420821e-01,5.138912124102745782e-01,3.749203664868082653e-01,7.136879090962967576e-01,5.433340769754944066e-01,8.031781963890913811e-01,8.082448255692232797e-01,6.646658793654504072e-01,5.140884847951788794e-01,8.249963435510290211e-01,2.037670764652176614e-01,5.631880363069540207e-01,9.168387163401450213e-01,9.272787253475749392e-01,7.275867305159673393e-01,3.117317606875060973e-02,9.973130090326811636e-01,9.915869186764636467e-01,8.375309614904974387e-01,5.247496663383205417e-01,1.223851732870542310e-02,4.273664420659490926e-01,8.574563360001984380e-01,7.044272669203914816e-01,5.099703964462491967e-01,8.161699369238982760e-01,7.391318636508534823e-01
9.956013150876467099e-01,6.187202235795528082e-01,8.583274999846730591e-01,0.000000000000000000e+00,6.545240788888986305e-01,4.807733790958974573e-01,3.743967164726070829e-01,4.371604565102193973e-01,6.283692678658954200e-01,7.551486781632946732e-01,5.089231260899428344e-01,9.875682569928927457e-01,7.706733079388095042e-01,9.656492173080704067e-01,6.038393987132093521e-01,9.372251214745209724e-01,7.060809970925531198e-01,7.210816623695139871e-01,8.281415454538808563e-01,1.286292164547589156e-01,4.969604761097867196e-01,8.025283062158927727e-01,8.271831084259895217e-01,6.527524499495760413e-01,4.346513839097370657e-01,7.747124088201964298e-01,7.278262056484474662e-01,8.821200926752366112e-01,6.276250595330455928e-01,2.726173276824606084e-01,5.417106621569747205e-01,4.923311614488049548e-01,6.678211605090373926e-01,5.139833548101919725e-01,9.356926289155613752e-01,4.943882721893705368e-01,1.694754734081702768e-02,6.432973374747872342e-01,2.145037766763474296e-01,6.398621483014393929e-01,5.779889492046897947e-01,7.487987565710093607e-01,6.917191951242798176e-01,6.518151656190565024e-01,2.982429334355737871e-01,8.909831709374405051e-01,6.644961102576757428e-01,7.446898908723876831e-01,7.903611573499985665e-01,5.721661855498437754e-01,2.474096461069806574e-01,4.665564803844272079e-01,7.855062813440115699e-01,7.963918368222677735e-01,7.259770164940090309e-01,8.309592591865497813e-01,2.962058172558604263e-01,4.608812123160979657e-01,7.904124823402518540e-01,3.583272952248587329e-01,7.952579974235106652e-01,4.848433853170360242e-01,4.276681626684927795e-01,4.424534183967073764e-01,2.553981427347050137e-01,2.983367096455976641e-01,8.216432749886370956e-03,9.124769611125747026e-01,1.372239760201551251e-01,4.349405363536797964e-01,9.763120338249604568e-01,2.438177707730352639e-01,4.028719118151393719e-01,2.267015074754974990e-01,9.731327028587639649e-01,4.837389453639059367e-01,3.410070546335196573e-01,4.823860005138110862e-01,1.502028580622791765e-01,-1.476722646380352888e-01,5.143065626744135477e-01,5.630949897865225040e-01,4.906463004501862568e-01,6.473248746156844424e-01,3.523903609751048993e-01
8.460087535121274538e-01,8.736804601201687559e-01,6.637938129239607798e-01,6.545240788888986305e-01,0.000000000000000000e+00,8.208581259732568025e-01,2.523118191893188866e-01,4.824988630209571250e-01,6.561302262904353810e-01,4.534209940287434737e-01,7.070051826711545306e-01,9.406957386453208558e-01,9.164162721172135484e-01,6.554529141372245071e-01,2.710486495595276768e-01,5.719822692396341335e-01,7.612191930826219810e-01,6.947559662706938033e-01,7.734218696686627759e-01,6.254885136426303616e-01,6.317852380680526458e-01,4.833963471604705298e-01,7.643526526564545787e-01,7.351856988114913172e-01,2.715680565485271702e-01,8.079071072186737590e-01,9.825785616977014136e-01,5.587186042995594404e-01,5.257075698752020632e-01,5.664941395288306536e-01,3.126139054250685057e-01,8.124006998182971007e-01,6.060846895795801714e-01,7.293669977950628658e-01,3.823075022587585359e-01,6.033681848983555307e-01,-1.510605582105499223e-01,7.273080750450613419e-01,8.206207307592444655e-01,9.248096448329080621e-01,4.043551330414594386e-02,5.884246716231290586e-01,9.462089574985074192e-01,5.044804127317237263e-01,9.953988727616445154e-01,2.335361432298702355e-01,5.569164607623279251e-01,2.774265264358641847e-01,2.608224110792626282e-01,5.653473945492525354e-01,3.282963320101056626e-01,3.991594596067358225e-01,5.434089677868492174e-01,7.083670707634163177e-01,7.177681167850086252e-01,3.321205680278953576e-01,4.970715883140806590e-01,-3.362835487204801632e-02,5.234139517036565659e-01,6.485890069799515878e-02,2.204017313093152297e-01,7.426822757926234697e-01,7.743550384708107748e-01,4.870353295726770337e-01,6.644541943847087628e-01,6.517031070692403949e-01,6.266919456952095846e-01,5.719849793940885441e-01,2.155122160185423685e-01,8.556124944985541436e-01,3.368215456211973713e-01,-4.725305138870161681e-02,2.904502335550744885e-01,2.584075055999991988e-01,8.465927093757776856e-01,2.853537982148475483e-02,6.980395972221533629e-01,7.409203457099908796e-01,6.452635884801827260e-01,3.059796419980720383e-01,5.143476366755939111e-01,6.763697206566581244e-01,6.634581894160439530e-01,3.949250882215051828e-01,5.140842320306332480e-01
7.187653422706981043e-01,3.640929274697660700e-01,9.808529707633085737e-01,4.807733790958974573e-01,8.208581259732568025e-01,0.000000000000000000e+00,6.867901996221414951e-01,3.163992239705250009e-01,2.973362493343942869e-01,8.390534046637945220e-01,7.223251208434594561e-01,5.343526305570766022e-01,7.736724616511430064e-01,7.540094029137552889e-01,7.068624365072090354e-01,6.550868972499737097e-01,8.643130883818166410e-01,4.765664776985635287e-01,5.215718400872925153e-01,7.296580162531463021e-01,7.831844123245367273e-01,5.774700268271685255e-01,7.537102629252538932e-01,7.954970903763076695e-01,5.879933040960752533e-02,8.186498498929056788e-01,6.575894902369153749e-01,7.909665293136269870e-01,-1.367668061949025571e-01,3.914040625780531579e-01,4.233001765982714604e-01,1.241313799672946888e-01,8.182826855642920671e-01,6.803876858883279866e-01,3.940694070424969331e-01,8.642424048461983671e-03,3.007594237095815859e-01,8.863945952281062635e-01,9.948893125455782194e-01,8.768224136252688039e-01,3.616575376783425222e-01,4.484718121814768588e-01,8.628560976350593270e-01,8.680353554442629127e-01,5.004581459108673469e-01,6.132897319221292110e-01,4.827655071090060090e-01,7.483628486469839913e-01,6.743062579269930579e-01,7.690756910831725301e-01,5.261513830577635442e-01,7.822452307019605033e-01,8.446211155275853422e-01,6.275528035606412480e-01,6.310886536597720697e-01,7.985595598469538148e-01,7.933500590961061194e-01,6.463464894293950991e-01,7.241217846494820698e-01,4.046746266497734945e-01,2.319915142253727025e-01,9.535350088879247510e-01,7.810952420522566664e-01,7.468134819811724778e-01,7.758412802232286243e-01,1.474157214867328480e-01,7.164988800380289735e-01,9.943347635417022490e-01,6.303780492163474358e-01,4.358651404839809507e-01,9.991612194326253693e-01,7.287820915325760041e-01,4.468719852381140001e-01,3.042681957556647721e-02,5.277987315878928110e-01,7.061316502347992907e-01,8.915698617940719384e-01,6.363857142836675251e-01,1.653256816191378820e-01,6.480796566741209297e-01,3.833239021722756323e-01,8.596286120111701345e-01,2.879332706181698676e-01,2.901625497331115078e-01,7.158859808812443326e-01
6.050473815001503608e-01,2.096877206664968241e-01,8.497073420416876299e-01,3.743967164726070829e-01,2.523118191893188866e-01,6.867901996221414951e-01,0.000000000000000000e+00,3.342099629631651858e-01,7.314700898243692295e-01,4.788693953324063002e-01,9.406024779422489379e-02,6.456608521448778948e-01,5.008331279209204956e-01,2.670144043340399453e-01,5.011702591069254753e-01,7.429409836450793225e-01,9.116121646096361220e-01,4.213507636787600652e-01,4.593085385272315802e-01,9.418368730973275538e-01,8.279489644800841486e-01,4.196336021992433940e-01,2.972905331769588599e-01,5.639529424756266618e-01,4.515514273934629341e-01,6.779397051497058069e-01,2.928167861654005777e-01,1.003919619308018957e-01,3.202046152200455076e-02,6.239993526078126962e-01,6.138544525428885068e-01,5.848007262830576813e-01,2.934061661642065610e-01,4.488140320136917438e-01,6.137054572738341873e-01,1.980458859082268597e-01,1.772701837374675016e-01,6.530815647195459261e-01,7.307157951911118499e-01,2.938690629264426590e-01,3.852137706351516089e-01,4.167792263589507051e-01,9.930538193815097170e-01,-8.658754152549202887e-02,7.911114353329652404e-01,2.363969778250461506e-01,4.827681770326838206e-01,3.434559114689724191e-01,2.233897935434425164e-01,1.442280282645450051e-01,4.167506597686506664e-01,4.787361890512469853e-01,7.948429328491111168e-01,4.254141058568972622e-01,8.283465243438352665e-01,5.290470401459693717e-01,4.970627205579686292e-01,6.774754230328220439e-01,6.033111271573469159e-01,5.882415131906255645e-01,7.203550960013853643e-01,7.769306184543328664e-01,4.954660742095631787e-02,9.665599739309178595e-01,8.040615471412432269e-01,5.872214916923538253e-01,4.186246763738252774e-01,6.262813266677993429e-01,3.139460298069834954e-01,2.974554596975571563e-01,3.886501157521893290e-01,3.262470236657180611e-01,3.806806612960900171e-01,6.850773428627933148e-01,2.206951949466046947e-01,2.422670319149465012e-01,7.539059470872517821e-01,6.467141349510031612e-01,6.168929100704219071e-01,5.057687826594269298e-01,5.655343403282072634e-01,7.563093920725000308e-01,6.753118317748683097e-01,6.357728440723557917e-01,3.480698193353209957e-01
4.806955663358529196e-01,4.754677353016289465e-01,5.591651463699650604e-01,4.371604565102193973e-01,4.824988630209571250e-01,3.163992239705250009e-01,3.342099629631651858e-01,0.000000000000000000e+00,6.552448817951557203e-01,3.409783599700931811e-01,6.243929051359543569e-01,4.557934943038227105e-01,1.481073817993882602e-01,7.770887734080096365e-01,6.603387414203212291e-01,7.799188642363670265e-01,8.899698796762686159e-01,6.476480107500031114e-01,3.993286680797836219e-01,6.187095486942753020e-01,9.916424287884513245e-01,6.993539920427267464e-01,7.666762850151002118e-01,6.205256240302552406e-01,7.043533646791678704e-01,5.790532131411142425e-01,3.079927691316351468e-01,5.701065945270604729e-01,5.693791694200811548e-01,1.240109248224016414e-01,8.822388367553293809e-02,6.260500257913592659e-01,7.265602789931402405e-01,6.914767034522749656e-01,3.289201349102108818e-01,5.815699189493062082e-01,5.821972197999476517e-01,2.110985312356168653e-01,6.273820849906988073e-01,3.119513714118397618e-01,5.738609266695993139e-01,5.034602755273421826e-01,9.201225967585204835e-01,4.718859999561431096e-01,9.662978128363245434e-01,5.897766568448497004e-01,6.733386278570282490e-01,1.323443727824023808e-01,2.658244045670764555e-01,7.279035531659466818e-01,4.577956127773583628e-01,7.408763904900378394e-01,7.829074743380369794e-01,5.599345199774058424e-01,7.388402167507743812e-01,6.768512614976295305e-01,5.319302429373351515e-01,6.394115419546217982e-01,9.581435036300668395e-01,4.775595849741265941e-01,5.083472198041616430e-01,5.729820802322713735e-01,5.751885704578246772e-01,7.907553685966418611e-01,8.814533680100690161e-01,6.790092062143593399e-01,6.143860761906102530e-01,7.844317392087207796e-01,2.535992108705673598e-01,1.732410547123544586e-01,4.098020971894885123e-01,6.874806109995348358e-01,7.364856321001983508e-01,6.125330311935265337e-01,7.164942611441781350e-01,2.427416487020357672e-01,4.948710399854266417e-01,2.278201343390825473e-01,4.145997223097457884e-01,5.114795685591151386e-01,4.962217684214949576e-01,4.684745025326074175e-01,4.321651304891780954e-01,5.995817880666242106e-01,2.284344465705147875e-01
4.225337866899541162e-01,4.364459282895594705e-01,9.628807465563323786e-01,6.283692678658954200e-01,6.561302262904353810e-01,2.973362493343942869e-01,7.314700898243692295e-01,6.552448817951557203e-01,0.000000000000000000e+00,3.932782344839578781e-01,1.825104539535046533e-01,2.371198775872412345e-01,7.764517184809720529e-01,6.429167467324294893e-01,7.235067740414535820e-01,4.931805798669611773e-01,8.349432723086673835e-01,2.447449438730956994e-01,5.096409596834095002e-01,7.625982088864557973e-01,5.567307306813384926e-01,4.817668528095386815e-01,6.200925202950284820e-01,2.672543435143309720e-01,5.254286465123911842e-01,1.917441376768035388e-01,6.292013150702052693e-01,2.605725483828965627e-01,3.556648028306769183e-01,3.664505941560119995e-01,4.435262831153652385e-01,4.119315007021623898e-01,5.122807739257858595e-01,5.363689041816240843e-01,7.408931468206907400e-01,7.679137763559019669e-01,6.639256191259271245e-02,4.575772621268340834e-01,9.274063160649582693e-01,4.985030139659986648e-01,6.587726276980928608e-01,2.884849634017268571e-01,5.356468370416215263e-01,2.346267502957954387e-01,9.173366477136025710e-01,6.471911921668911383e-01,7.372038142116790205e-01,9.709643874915543371e-01,5.747213995150122212e-01,9.110218779974341707e-01,3.528613610425559433e-01,6.344946449878561268e-01,4.343119102138899568e-02,7.902257998376405190e-01,4.691845069888485598e-01,2.344895995791395626e-01,3.022353113822040527e-01,6.435589891379394079e-01,7.194522283430606624e-01,3.896391196412530844e-01,4.275053673414185296e-01,7.093734444769796976e-01,6.598197783726644783e-01,6.979775365781999419e-01,2.712826591387564323e-01,5.417182489951667401e-01,5.613610589378321691e-01,7.065257431445580716e-01,5.649430041528064050e-01,4.601574900812688274e-01,7.082052732297248188e-01,4.063698334097224363e-01,4.975392989147331413e-01,2.743537562174732658e-01,5.433189095558940140e-01,6.083010484671180773e-01,8.322626759741815761e-01,2.620438764044866198e-01,2.229114756852516310e-01,-1.585600718072505688e-01,4.136823398306224697e-01,6.691574972417152489e-01,5.554745497176982738e-01,2.348409484631341360e-01,-5.676247515953228295e-02
5.562884906533169804e-01,3.208724615744556335e-02,7.072643864519208012e-01,7.551486781632946732e-01,4.534209940287434737e-01,8.390534046637945220e-01,4.788693953324063002e-01,3.409783599700931811e-01,3.932782344839578781e-01,0.000000000000000000e+00,4.044401034018925700e-01,6.809778673450340714e-01,6.649833033561929341e-01,6.000810208360964904e-01,6.245778157309060941e-01,8.753763675158577895e-01,7.119726023471458776e-01,7.122429376774415122e-01,7.251486930765367322e-01,6.612866921546907140e-01,6.729238652351732242e-01,4.181391630152949679e-01,4.245639841329537090e-01,7.527082307888124380e-01,4.191281676777974252e-01,6.895318098627892800e-01,4.831203421138033360e-01,4.118852637902197245e-01,5.845829944342015860e-01,6.797937415049372101e-01,-1.017341275066867695e-01,5.503471772855430544e-01,9.074468847743611954e-01,2.809751312534622958e-01,6.269877993709442876e-01,4.563030611183966356e-01,7.574590389175167582e-01,2.722339969765994461e-01,6.561671448195259826e-01,2.023461418779061993e-01,4.695218311786213961e-01,2.397294041805847764e-01,6.461159108413405683e-01,9.429462308758893574e-01,2.061314786013803135e-01,8.440699748202094010e-01,6.531057631780669004e-01,7.135733289891699194e-01,2.986488337522807401e-01,5.286578853153467428e-01,8.334213337160438773e-01,6.369862847231779757e-01,6.371650923878258155e-01,8.067614896762934085e-02,5.270426646180375041e-01,1.627496039364859926e-01,7.072277313860889647e-01,7.356222511316097279e-01,5.902211774657690757e-01,5.772510371139545349e-01,5.153062222809896564e-01,9.972941235236837398e-01,6.983169592304491191e-01,7.100381811874021398e-01,9.450437134618270285e-01,9.493194579767340047e-01,5.031259293937956345e-01,6.774240058912522899e-01,3.310590591874023048e-01,5.568770720276512431e-01,8.490663105513281961e-01,6.986511893241343918e-01,2.211775944280865158e-01,3.593589603408687272e-01,1.719702540577366656e-01,9.528968527540218059e-01,4.015921170215052127e-01,3.898442649806602711e-01,4.133845057951007762e-01,4.570692386036674382e-01,3.546210543038732510e-01,9.821009190693007485e-01,4.522058641588631578e-01,7.326640393615466706e-01,8.673004737963241340e-01
6.781192661769039898e-01,5.108209053454118020e-01,8.243908109055853028e-01,5.089231260899428344e-01,7.070051826711545306e-01,7.223251208434594561e-01,9.406024779422489379e-02,6.243929051359543569e-01,1.825104539535046533e-01,4.044401034018925700e-01,0.000000000000000000e+00,1.878961922829630316e-01,9.171843075115929667e-01,3.126193504890203423e-01,6.964531838407160558e-02,9.618714310789655553e-01,6.170941252198635096e-01,5.184848174913950780e-01,4.262498679668437207e-01,4.322573791100688956e-01,6.020551390377836265e-01,5.010689061583112336e-01,3.936474847823375756e-01,4.839246159286446636e-01,4.842754591746554760e-01,4.148184743897158078e-01,8.441608760081151797e-01,6.246292078486846977e-01,2.060906004246076950e-01,-6.775118398273544118e-02,2.926344727550266311e-01,4.709027998189642128e-01,4.786814519284571801e-01,8.055869740215740871e-01,5.893848293440842045e-01,5.238323944429958967e-01,4.337203130456561140e-01,7.189797857693143168e-01,8.656118987241588902e-01,9.196363561082052662e-01,6.189972507806050794e-01,7.178356531156020459e-01,5.108330735577781834e-01,1.361058270838533535e-01,8.845057655501231686e-01,5.793098299016330444e-01,7.008622915939113351e-01,3.710060921447637106e-01,6.788010566757761710e-01,7.516627378768770962e-01,9.435339642237231539e-01,5.968901846162957270e-01,9.773941665977728954e-01,4.353150286861529050e-02,3.408618739574735823e-01,6.905935198484702831e-01,4.131793641003213002e-01,7.789838870122418601e-01,8.074465424439727368e-01,7.173849497227838823e-01,5.788306385488601880e-01,4.278506720993404122e-01,6.888230110971942377e-01,8.706505095014104301e-01,8.190289637438959991e-01,3.808328373084132745e-01,6.706834195568942558e-01,2.799337901586556043e-01,3.782590134620364419e-01,6.068777900282934512e-01,6.649951929760207214e-01,9.507297661704351421e-01,7.434420500614781213e-01,7.541157576463601853e-01,5.002602347006528394e-01,7.905987652686407019e-01,3.630509416132288170e-01,6.106133278745531356e-01,-1.093158692339687849e-01,2.063382299728242497e-01,3.416867613161053141e-01,8.164377008359866572e-01,6.196915670812701560e-01,7.911901056743269045e-01,6.809784939261903647e-01
9.225184446857273013e-01,5.371096759045652647e-01,9.272366342731205302e-01,9.875682569928927457e-01,9.406957386453208558e-01,5.343526305570766022e-01,6.456608521448778948e-01,4.557934943038227105e-01,2.371198775872412345e-01,6.809778673450340714e-01,1.878961922829630316e-01,0.000000000000000000e+00,6.973238271671917676e-01,9.327474296573484702e-01,5.412367207067416697e-01,4.021807220375837599e-01,7.354064801020805398e-01,5.153655347675619725e-01,7.190127426873706984e-01,9.479520308665261297e-01,6.106602957596936054e-01,6.746228590198779518e-01,7.933841966069812290e-01,7.579910215125997830e-01,2.277289848721843757e-01,4.045607108677731212e-01,9.155166829433571962e-01,4.346012281509356034e-01,4.845426186865058327e-01,4.632150491107028256e-01,4.824592398416090167e-02,1.925425201320790369e-01,4.495059325728948951e-01,6.320519889632322252e-01,4.038087931020405419e-01,-3.917344323275367968e-02,4.414242463379203785e-01,6.926093300066883396e-01,7.109080345994990280e-01,9.855586182362165992e-01,7.927645766290531970e-01,7.324165245790508205e-01,7.845853255386079361e-01,2.956815786626456610e-01,6.599130502940514509e-01,5.157621201436835001e-01,7.369649132264977087e-01,6.576406581249383265e-01,7.284305126149691612e-01,5.953268246953919984e-01,7.430373488586523578e-01,2.398749129133260216e-01,5.778444861479123951e-01,5.974119575795219239e-01,5.381489976599145297e-01,3.999324159611350460e-01,5.178086863832231934e-01,6.838412955254499215e-01,2.533824211447132102e-01,4.257895136274226777e-01,3.329745368915280612e-01,7.952327542206140132e-01,3.878656013692824978e-01,9.189898495698171077e-01,6.069123415242400066e-01,3.102276100786705570e-01,1.943746322789635661e-01,4.198822599611858886e-01,4.722544910900123294e-01,3.675239868267291543e-01,3.944366911902269512e-01,5.342049841302191071e-01,5.947480656385393250e-01,2.242113663555801162e-01,9.992829141455569220e-01,2.328321744592949660e-01,1.688114277056194240e-02,5.158313541611538877e-01,3.823818234784557291e-01,2.351456561076626373e-01,6.261172955457742217e-01,7.455364233289122344e-01,6.369123695895975157e-01,5.215678831562793327e-01,5.900196045077860107e-01
5.185981469866541849e-01,6.904388506445306994e-01,8.562416178366213382e-01,7.706733079388095042e-01,9.164162721172135484e-01,7.736724616511430064e-01,5.008331279209204956e-01,1.481073817993882602e-01,7.764517184809720529e-01,6.649833033561929341e-01,9.171843075115929667e-01,6.973238271671917676e-01,0.000000000000000000e+00,9.394179884423562443e-01,8.179469353711235069e-01,5.541899581527957031e-01,6.559342020291581976e-01,9.301641080484237545e-01,9.493470706448963181e-01,7.189957584038454419e-01,9.377867634150649501e-01,1.436515291820035511e-01,9.377440800587093506e-01,4.797698692274320331e-01,3.631013658501961450e-01,2.598132977763706331e-01,7.333397536482402224e-01,7.514141508314525764e-01,4.266016354348683426e-01,-1.691056038700471387e-01,4.160667130629932542e-01,4.340873744391692268e-01,7.050338331998790009e-01,3.872767949555903089e-01,5.349989613584602566e-01,-1.032779501887318013e-01,1.038578505611809089e-01,5.754829703105420746e-01,9.725303721852487371e-01,6.839712832089017702e-01,6.532625847125306251e-01,4.301699829461147484e-01,7.890479932140641584e-01,4.080053734482647076e-01,4.189056332261528737e-01,9.610788628967605884e-01,7.973329077567132828e-01,6.016053631222342268e-01,5.675315717768778523e-01,8.154687360796522011e-01,6.281939675464146555e-01,8.247239186780552789e-01,7.249827142158733473e-01,9.386345834417993972e-01,6.742806416990213547e-01,6.541795622922972342e-01,8.197181928405679052e-01,4.863438526664165540e-01,6.207098693218224827e-01,1.999442271431189633e-01,3.814444609899217964e-01,9.590005180779601623e-01,8.295591067099834515e-01,4.680785313165897188e-01,9.151796937540492838e-01,2.046155742453557580e-01,9.697873243252778108e-01,5.797768971730329346e-01,3.512352128113054306e-01,1.400930802987612224e-02,7.346245428085456108e-01,-9.240013986936643220e-02,2.366028563989470701e-01,5.311869782646464477e-01,6.747331838670129756e-01,3.061965261166342267e-01,4.714471573231229229e-01,6.528196696394689136e-01,5.595556081287282879e-01,5.997293039699116979e-02,3.160548904140180193e-01,6.289786802762918905e-01,2.408823277161336041e-01,5.151127586664882019e-01,6.568602121854905107e-01
4.017844857739810149e-01,6.366649768502176121e-01,8.278918033192101955e-01,9.656492173080704067e-01,6.554529141372245071e-01,7.540094029137552889e-01,2.670144043340399453e-01,7.770887734080096365e-01,6.429167467324294893e-01,6.000810208360964904e-01,3.126193504890203423e-01,9.327474296573484702e-01,9.394179884423562443e-01,0.000000000000000000e+00,7.697691352466564663e-01,6.093896503192788305e-01,8.295908679002619301e-01,5.941560510577925669e-01,5.453076152569261703e-01,9.128757794935402625e-01,8.567516015639721205e-01,6.593316738748220551e-01,8.073992802915667122e-01,6.374758755362979201e-01,4.116594399841078111e-01,7.917773678102686397e-01,8.188502320811891222e-01,2.953401095516458019e-01,4.653981665473070350e-01,6.672690471615639884e-01,-1.880182778606423466e-01,4.640901996113330763e-01,9.165231307635866020e-01,2.550668798299831064e-01,8.921848916082473213e-01,6.781781860656495020e-01,4.925186322662605254e-01,6.722179374564728471e-01,9.822816024143966596e-01,7.862202840536623993e-01,4.539872298371044335e-01,3.695836701385707412e-01,5.772738385001596750e-01,9.213348388186030080e-01,9.749922151435561624e-01,7.969227536320238059e-01,6.503566746557968292e-01,7.890585039097675057e-01,4.919600638916208357e-01,4.278686607732720693e-01,3.459259242661822942e-01,6.686727681766951870e-01,9.189597024744626808e-01,4.781795992843460019e-01,6.413485573334920531e-01,8.833864689422953331e-01,8.814144639158647543e-01,8.363913209950618599e-01,7.165463790884607498e-01,6.175889815791574255e-01,6.655737869697465614e-01,8.417427132168080472e-01,2.817314409034859524e-01,7.544666436928524345e-01,5.447643684053533608e-01,7.754181214729248817e-01,7.286542373427821184e-01,6.615355053506877248e-01,6.042026014768784314e-01,6.648785790935684004e-01,9.999981575733928318e-01,6.733273766636050928e-01,-1.727665664867748252e-01,3.463469236295377840e-01,2.858098281036816068e-01,6.366538007962394552e-01,2.241296393950142352e-01,8.427835197960610314e-01,1.488152982743715380e-01,3.962827968885128671e-01,9.400159463870960685e-01,4.174285500654154046e-01,8.486537154634603564e-01,5.282699874125937889e-01,7.220767379133442576e-01
9.727111991536663282e-01,7.083098884247308602e-01,9.770681602360241635e-01,6.038393987132093521e-01,2.710486495595276768e-01,7.068624365072090354e-01,5.011702591069254753e-01,6.603387414203212291e-01,7.235067740414535820e-01,6.245778157309060941e-01,6.964531838407160558e-02,5.412367207067416697e-01,8.179469353711235069e-01,7.697691352466564663e-01,0.000000000000000000e+00,2.201901665947577635e-01,7.585198652899666216e-01,5.662643763180446044e-01,7.867084338616752159e-01,6.308908939031526719e-01,8.043439888475000243e-01,9.728432352894309521e-01,4.112041087161019681e-01,2.561854967777576486e-01,-7.772614370947755758e-02,5.931656454703944092e-01,7.582658129408419434e-01,5.748878855968174717e-01,3.586851310621010369e-01,3.864321183618251165e-01,5.967440929338396760e-01,5.352350008488353517e-01,5.234864038895523652e-01,6.593606340202744498e-01,5.345679883208726002e-01,5.781048039357714607e-01,3.619401846646185250e-01,2.387633172113744762e-01,4.278005178471733227e-01,4.254793342083086349e-01,2.484115709919752502e-01,4.951435262925926173e-01,6.777712834189772995e-01,3.155121986637116627e-01,6.487771696161580559e-01,7.087787249871976281e-01,7.655849266163251565e-01,4.591958015776431701e-01,2.966957249210231407e-01,6.474627552606038172e-01,4.320384921741669548e-01,2.312435214428818775e-01,6.116580086967755570e-01,6.835535022137717576e-01,6.729581214123718791e-01,9.593419887744452090e-01,7.876624922256141303e-01,9.072348485336458879e-01,7.141321950668948482e-01,1.741540948046324810e-01,3.696604342194013126e-01,6.916077337660899715e-01,1.704423000173433123e-01,4.499399337706840307e-01,7.853418248820481784e-01,3.014333528554513086e-01,9.472469040211461966e-01,3.044334160576621096e-01,6.913508464622550864e-01,4.758513182263655050e-01,8.787173734509229339e-01,1.849392897963411109e-01,5.945022166541078512e-01,5.876836281635445802e-01,7.368289456391619030e-01,4.564047480933374756e-01,8.569254643690237261e-01,7.559771105431399851e-01,7.018590060369878092e-01,5.520594384691599465e-01,6.549364969778294077e-01,6.393562896688762542e-01,5.107196111622759327e-01,-1.959898647483718503e-01,5.385590946024212400e-01
6.716795204746738301e-01,8.655363889409329881e-01,6.787388364641122607e-01,9.372251214745209724e-01,5.719822692396341335e-01,6.550868972499737097e-01,7.429409836450793225e-01,7.799188642363670265e-01,4.931805798669611773e-01,8.753763675158577895e-01,9.618714310789655553e-01,4.021807220375837599e-01,5.541899581527957031e-01,6.093896503192788305e-01,2.201901665947577635e-01,0.000000000000000000e+00,5.297512979433647295e-01,8.105890300599554177e-01,5.415469423101004764e-01,8.008592032662115168e-01,6.581986267603707752e-01,2.876629524410742600e-01,-3.857685161143873387e-01,8.967253727633245353e-01,4.304793825505315308e-01,7.876119525489935214e-01,7.841900752064721036e-01,2.587574599241169310e-02,5.826398424685226285e-01,1.093733287728791137e-01,1.287519888238189691e-01,3.364506531126371103e-01,4.097326115128012702e-01,4.079639015927412626e-01,6.843900825548531186e-01,3.218309467063986129e-01,3.161546253204500223e-01,4.176676486133015787e-01,9.375243709905172196e-01,5.612921423446181057e-01,5.063792367922477222e-01,6.155068207001987979e-01,5.053760352000408185e-01,2.885864353362256329e-01,8.597736964046953645e-01,7.884134510566734866e-01,6.931078226558239352e-01,5.682134607122545367e-01,4.761545143321520013e-01,6.780188429721110133e-01,5.292381238588176329e-01,8.503368802746260613e-01,5.670855760304988058e-01,6.328821022588358991e-01,4.823815825386358891e-01,9.377047344231533854e-01,5.445880317134456083e-01,7.011506705787429183e-01,-1.383274574893733899e-01,2.424823525876732555e-01,2.254485902055490543e-01,-3.714214425703574185e-02,5.188160373372813217e-01,7.357559407294136378e-01,7.650211361777421448e-01,-2.556066329302197904e-02,6.044624092513257718e-01,4.823457784239907342e-01,7.702008437346571368e-01,4.412977831637405757e-01,6.020896649063779416e-01,9.935416717191288827e-01,6.602777512241385649e-01,2.332908298491864207e-01,4.613890782747994135e-01,8.319708806918438837e-01,3.204731558892582877e-01,4.117026338731564206e-01,3.475599975111594575e-01,1.513281746172228173e-02,2.257368771598909363e-01,2.864370859834301508e-01,5.440542712292505412e-01,3.532320094528332843e-01,8.020298391963284201e-01
8.321155552784507137e-01,6.308645039707272417e-01,2.751811631716778450e-01,7.060809970925531198e-01,7.612191930826219810e-01,8.643130883818166410e-01,9.116121646096361220e-01,8.899698796762686159e-01,8.349432723086673835e-01,7.119726023471458776e-01,6.170941252198635096e-01,7.354064801020805398e-01,6.559342020291581976e-01,8.295908679002619301e-01,7.585198652899666216e-01,5.297512979433647295e-01,0.000000000000000000e+00,6.633352571393008601e-01,4.821244173522922227e-01,7.547008117332472121e-01,7.673537199802216158e-01,2.664295842362643940e-01,8.105226456380846267e-01,9.035750980270792487e-01,7.413652134489376877e-01,7.797800570801192155e-01,9.725997851759664581e-01,7.368180723903530183e-01,-8.335760129591404666e-02,3.797640718353539890e-01,8.571090956882594647e-02,9.379326384402690842e-01,4.274061335485722646e-01,6.677440952370827798e-01,5.419314419083983703e-01,5.962940750108849386e-01,1.542318775407092168e-02,5.938351500611992462e-01,8.321446206083569219e-01,9.091058885746304830e-01,2.549455597719837430e-01,6.059255428124199483e-01,8.374194135233142822e-01,4.463610008617279190e-01,1.297501117191537379e-01,3.461680786127590420e-02,5.078260154709918206e-01,3.584455105945325015e-01,6.087727544789091061e-01,4.084836779127684614e-01,7.102207371514961398e-01,5.100971732084030874e-01,6.292139654453918762e-01,8.017856924702156940e-01,9.850966129296427898e-01,5.970529969290710309e-02,6.240264637981181028e-01,3.061806046926217051e-01,5.614326830002301927e-01,3.434004459082001248e-01,2.628302364863280838e-01,8.918629954917213221e-01,7.866769152270127741e-01,4.394032465949169741e-01,9.787470849647131876e-01,7.792627966520724314e-01,8.160407529028895768e-02,6.883636414645504242e-01,7.930078516427281343e-01,9.579883909986718349e-01,7.310879681367429272e-01,6.741579729762348094e-01,5.912973978654368912e-01,-5.903982647671413009e-02,9.266505973477587865e-01,7.124158704110350460e-01,8.388943254525482729e-01,4.265436669091283717e-01,1.326955114426851545e-01,6.220306563640687347e-02,6.850786482535949906e-01,8.352597935908869786e-01,9.686221958681371369e-01,3.380907285221315117e-01,7.674386565277105943e-01
5.890892043076154660e-01,7.232905352823048029e-01,8.521545580498054440e-01,7.210816623695139871e-01,6.947559662706938033e-01,4.765664776985635287e-01,4.213507636787600652e-01,6.476480107500031114e-01,2.447449438730956994e-01,7.122429376774415122e-01,5.184848174913950780e-01,5.153655347675619725e-01,9.301641080484237545e-01,5.941560510577925669e-01,5.662643763180446044e-01,8.105890300599554177e-01,6.633352571393008601e-01,0.000000000000000000e+00,8.679677218614394452e-01,6.944929838582515336e-01,9.331987766127242123e-01,9.732033432860731637e-01,6.349708977365110529e-01,6.636843801304239676e-01,4.078378110169293969e-01,4.194567625651851595e-01,2.205881862631604573e-01,6.811249544632195230e-01,5.330897617506976660e-01,3.965667602977638317e-01,-1.662579575807940635e-01,4.200214376078987288e-01,3.906912161707900566e-01,7.174609325648961811e-01,5.701659299426113936e-01,3.015136766412641056e-01,5.194245739772517245e-01,5.325618768506878986e-01,2.237672912595741470e-01,4.291220282771295857e-01,3.353416458412858958e-01,2.452559467910747359e-01,5.450310531520088375e-01,7.283806251979362267e-01,7.814654514542229702e-01,9.921104901279154120e-01,3.543327237638609351e-01,6.221761109714553095e-01,6.324033951553792443e-01,5.627086997224378662e-01,5.213225909561092219e-01,4.769873087114316901e-01,9.529093025474119072e-01,6.689393656004936073e-01,7.731035156949837006e-01,6.065915776113842695e-01,9.013553107908804929e-01,9.504845637323404706e-01,7.144013131068723821e-01,-7.198118540880638072e-02,3.936687671480515460e-01,4.237723449462688086e-01,4.449271099033412225e-01,5.575975043139762555e-01,8.045347543388089440e-01,8.048163536461763190e-01,6.767737225273130486e-01,9.058752736095252445e-01,7.211635225955852491e-01,7.504595927219348539e-02,4.648028056987861256e-01,6.923961400678589895e-01,5.669910976299303851e-01,5.749208832907644062e-01,4.241881853743419417e-01,4.716818587428860954e-01,8.372162767187636412e-01,7.402315276608057992e-01,8.211281066933435735e-01,2.623222902962945580e-01,6.639442929580781083e-01,5.164301271333480159e-01,5.867358967919136248e-01,2.477874905969645047e-01,3.110820141628362068e-01
