0.000000000000000000e+00,6.689531928693025487e-01,9.938407297215707814e-01,7.284119913547185687e-01,9.333731843179511323e-01,9.124196586297218525e-01,7.518629760967512343e-01,8.710659937623483895e-01,6.600266275598158927e-01,9.698639052574179464e-01,6.659309628991882946e-01,2.688554611454590515e-01,5.143555829390823453e-01,5.938015391143375288e-01,5.642666942337677405e-01,9.090439072268019505e-01,2.862588087438190376e-01,5.163127682025046017e-01,4.106205338114560788e-01,4.620154727949053464e-01,6.192570741254681543e-01,9.100178285908431253e-01,8.153916930876470293e-01,4.481598479519807721e-01,8.345812181689545861e-01,2.928855794124265999e-01,9.216908443045583876e-01,3.147987416564920204e-01,4.910599537973756035e-01,6.680795236255940850e-01,9.673360527675861631e-02,4.259546044384663888e-01,8.308819624679630866e-01,-9.914835546019241941e-02,5.207252318962138915e-01,2.554927131405441698e-01,4.000072916842292714e-02,6.811092700742035211e-01,9.360183658740569568e-01,8.643045626012862970e-01,6.768744933748508386e-01,8.461537034666093415e-01,9.235217247434643895e-01,8.860048684286856435e-01,6.194437715507394859e-01,7.790997439297314697e-01,8.826212138758692261e-01,6.562524317802718166e-01,9.821919341049989427e-01,7.623608029515579476e-01,7.098451946223526265e-01,6.311853961213774733e-01,5.964619997096756165e-01,4.521542085693771584e-01,8.797040357172151159e-01,9.740721179228114535e-01,6.490949961607550556e-01,7.590429105735747584e-01,9.118692375483906654e-01,3.190303517613428674e-01,7.989514444800197568e-01,6.974941432231612781e-01,7.364265686115174514e-01,6.793929844129789064e-01,7.369069581753954212e-01,5.103637347290198578e-01,9.972962647423437854e-01,9.531754169733506199e-01,7.384948649357977457e-01,9.621109390260778049e-01,6.048252637163002987e-01,1.239908587872581291e-01,4.318331449018354973e-01,3.877931469305372914e-01,6.717846335148069947e-01,7.333077589220633463e-01,7.546888521639572023e-01,5.978464090799393560e-01,3.099173851007696601e-01,2.475062102459290314e-01,7.886456034434052853e-01,8.172783923582687127e-01,9.067726912209316259e-01,1.284740471546756690e-01,3.276034759921706008e-01
6.689531928693025487e-01,0.000000000000000000e+00,7.502069265646833518e-01,6.179415836113867355e-01,7.788428094832344772e-01,8.199260701772933535e-01,2.129058099738598969e-02,2.748561006924964412e-01,5.070798450186618789e-01,4.152869798953648384e-01,2.527620713240413264e-01,7.348987194062408523e-01,9.301726720471888976e-01,7.556845773749588657e-01,7.151740392986281059e-01,8.285342602768496212e-01,8.282906480920629866e-01,7.962154880981027472e-02,7.054917019297550773e-01,9.411040175923564011e-01,7.509444199387373953e-01,7.615280662338033135e-01,7.515725176448397882e-01,8.046344933475486627e-01,5.195720390883397100e-01,5.398605530477982306e-01,8.067691250754140952e-01,4.043468108366949920e-01,6.340125295518027615e-01,5.088372386444404150e-01,3.046446243869235238e-01,4.675291143750395784e-01,6.515637930267766942e-01,6.583916969985625922e-01,8.471463005282989789e-01,6.328458184845101586e-01,2.462045908713616782e-01,4.534487540223909874e-01,7.289058256520760670e-01,6.022274062994892319e-01,5.289085187160572632e-01,5.346638912470835781e-01,6.307030047528773276e-01,8.461485805133450722e-01,9.913650824174284892e-01,7.834133472677778931e-01,7.386433973730601732e-01,1.799247456631714037e-02,4.130972875823597512e-01,4.775845573870961536e-01,4.742876301179348442e-01,4.030176133394883786e-01,5.346964046672193493e-01,6.271761583547580399e-01,7.053205242564368760e-01,5.868367144136973357e-01,6.164182157202920953e-01,5.281412487310215287e-01,8.331447896097157191e-01,6.038105232279692425e-01,2.265168669856133243e-01,3.215934952627116372e-01,8.289441905740219108e-01,6.416774745313701400e-01,4.568315816858482536e-01,7.534412555995284588e-01,8.521310244367428233e-01,5.488096436276734824e-01,-4.425119907544475262e-02,7.666294394029448123e-01,6.272317872090021895e-01,9.242119093611447234e-01,6.281940252945135139e-01,2.535576864611965853e-01,4.135321887336594893e-01,3.565415597207811094e-01,9.866200755297447333e-01,3.369484489167567931e-01,2.877128827426735369e-01,7.243951687204452927e-01,5.886123757024219749e-01,8.095711099818105883e-01,5.847870897267779533e-01,2.205185208546841802e-01,4.587572090492913340e-02
9.938407297215707814e-01,7.502069265646833518e-01,0.000000000000000000e+00,6.866385919210297173e-01,5.800031343860378996e-01,8.161257122579796963e-01,9.374292447724149602e-01,8.641875505514450273e-01,4.574918422696021003e-01,9.088469664726507302e-01,8.750740094089347609e-01,5.045442147634721097e-01,9.792957954121772612e-01,5.737354907280369787e-01,6.165664766230434246e-01,6.688666850573411482e-01,9.393190539765947644e-01,9.756480074166715699e-01,7.160940354244020867e-01,7.215768553002261942e-01,6.847432749377011518e-01,4.996494344079148719e-01,5.137414271528361054e-01,9.466288473741212295e-01,6.065303814692797335e-01,6.475158067007549256e-01,7.935786699594841176e-01,6.635430635885448680e-01,2.200848546872997413e-01,2.455051381505790054e-01,-8.772186745688882736e-02,8.339864104408516443e-01,5.420134195224055595e-01,9.912854128025392342e-01,1.778157440779808418e-01,4.371073238612797063e-01,1.218233544951812797e-01,7.421026633494429703e-01,9.211194993193162484e-01,7.469489234534023581e-01,4.750793184208695896e-01,4.926739940182645605e-01,8.762251779042176114e-01,6.846908180763778828e-01,8.433507730813559755e-01,8.513953094221626827e-01,7.950954540461971920e-01,9.853542201332783357e-01,7.350607406115217124e-01,4.369355085361990021e-01,8.140326800296586729e-01,6.790794074761929977e-01,7.375023417623488564e-01,5.100008517741251302e-01,7.747154100711841629e-01,9.560968590636801379e-01,8.102684027370851139e-01,7.421951474677978000e-01,7.957068788791500369e-01,5.525174737745661702e-01,5.452346901183875438e-01,6.829744217850399757e-01,9.829689124917417864e-01,9.816905095986834251e-01,6.955563409470248981e-01,6.456357969261266039e-01,9.457182012540400473e-01,7.310496017868705065e-01,5.424334596970703526e-01,8.259083565549856232e-01,3.153151217987357757e-01,9.975922262930861928e-01,7.547299807738752087e-01,3.500762123228122746e-01,6.008931903689153087e-01,8.096062484736352705e-01,6.530015053263088509e-01,7.868069493642405599e-01,-1.023603399220164856e-01,4.150321695309519554e-01,7.904107702771819843e-01,7.053719597582399636e-01,9.951513127425970495e-01,9.882683250544634923e-01,6.817695697847332426e-01
7.284119913547185687e-01,6.179415836113867355e-01,6.866385919210297173e-01,0.000000000000000000e+00,5.874894062085489477e-01,4.569398058492781245e-01,4.204531101961738182e-01,3.642731565254661019e-01,5.293579571517174065e-01,6.599264231239774237e-01,4.296681970753952751e-01,5.010622525944188332e-01,7.759760920720488730e-01,7.006006570274085909e-01,3.516743546575787915e-01,3.083004788349545944e-01,7.204224335051518935e-01,8.647009835919355902e-01,4.297485150305913049e-01,6.639454340543134991e-01,8.968277703702399739e-01,4.464589694879304016e-01,9.696962898993164437e-01,9.010993163624181346e-01,5.946867379827056599e-01,2.531673924622796501e-01,9.263708382021547116e-01,8.149963494567763478e-01,4.679575147421080605e-01,1.412847979972010337e-01,5.809431939082664309e-01,2.199719502282208028e-01,8.219035789549299365e-01,6.380153785182556270e-01,6.756416238177407330e-01,2.613712008908630757e-01,3.196651108663855489e-01,2.375277147613758522e-01,2.493016385969768212e-01,5.007533397318034707e-01,2.596991835198722010e-01,9.936353456872810685e-01,4.465638119985532728e-01,6.959394879342679641e-01,8.301316886088366820e-01,5.891758915830720422e-01,7.022351139326501457e-01,9.471123518675703679e-01,5.517185105660966649e-01,7.027035707316573454e-01,6.701419980408914734e-01,6.946329313011336826e-01,7.539877693291159311e-01,9.242164084963971904e-01,7.719216253784755288e-01,6.234246912581768996e-01,7.669167145837857413e-01,3.001125326202157551e-01,2.028050711537166539e-01,5.585991211858110095e-01,7.576578109908496117e-01,3.097189954177440585e-01,4.020091016416155738e-01,7.179606350788746427e-01,7.304079790318057652e-01,4.664712919783343681e-01,8.851771487824735551e-01,7.624343932932986512e-01,3.747837345264537490e-01,4.924257143598715913e-01,6.777288744125998798e-01,4.268635854402862972e-01,-6.347286680791652813e-03,3.856512070050689411e-01,4.394902090299200315e-01,7.016305789809067495e-01,4.858049012671594169e-01,5.691027638120850218e-01,1.513176767465829187e-02,5.397796820079570068e-01,2.531108804997934669e-01,7.406842428333360040e-01,9.882326107458430098e-01,2.778831006652007218e-01,8.325156992005374734e-01
9.333731843179511323e-01,7.788428094832344772e-01,5.800031343860378996e-01,5.874894062085489477e-01,0.000000000000000000e+00,5.980100559480793221e-01,5.223580953814872530e-01,8.498619767015609394e-01,8.015245213394515122e-01,2.734113229311798676e-01,6.078526769134060537e-01,8.285971011085524474e-01,5.800639595940162430e-01,7.274944317134418581e-01,7.855500266170465373e-01,9.899209553417218643e-01,6.128991800014010893e-01,5.830173162225421590e-01,9.945786398463172251e-01,5.500864374377680832e-01,9.099084538434752956e-01,7.760662694059452527e-01,4.597496796191046786e-01,4.389495282727598480e-01,4.744992228737273665e-01,2.527838040153688182e-01,3.739629180057297830e-01,3.111089100909732452e-01,7.063545820196477365e-01,3.040990917118087111e-01,2.185472975734558954e-01,6.938522886196588635e-01,6.428280123969394300e-01,6.697804067064879741e-01,4.984886250268773522e-01,3.897156763137207824e-01,-1.205506242148099011e-01,6.645654398417716324e-01,4.960929075820292855e-01,8.057002267458148737e-01,7.410332710263176637e-01,3.365512174156986003e-01,3.351829229874750404e-01,5.328872439022058760e-01,7.865337868856987491e-01,7.235000674460844161e-01,8.958565865577206022e-01,9.334790112228780190e-01,4.017486845701199738e-01,5.311903597330189797e-01,5.071494044135727020e-01,7.870836853040457104e-01,7.650165504825486851e-01,7.287020532394183903e-01,2.558044208775534512e-01,5.849357532308543384e-01,7.093527134722886762e-01,6.033321844618239060e-01,6.109850603819322323e-01,1.741518863626125013e-01,3.560276634228914383e-01,5.066335855286948631e-01,3.336682800022399142e-01,9.119480494282835581e-01,6.518044292220113167e-01,4.708612172032858312e-01,4.860602820879376118e-01,3.504423230001743050e-01,6.294592750460642483e-01,9.495235649482082207e-01,2.872500004022308095e-01,8.342988268360846948e-01,7.640496256398560115e-01,6.229801514288425546e-01,5.544731770795385817e-01,7.996932199459940716e-01,6.858523768702534662e-01,4.822073395637088700e-01,1.948031153957485717e-01,4.716284050600220157e-01,7.973104835881739128e-01,6.387176447496543119e-01,7.083473364334281763e-01,3.171363366700806208e-01,7.388315676688309575e-01
9.124196586297218525e-01,8.199260701772933535e-01,8.161257122579796963e-01,4.569398058492781245e-01,5.980100559480793221e-01,0.000000000000000000e+00,7.257447161855066220e-01,5.837140176086135224e-01,3.760731716700798088e-01,4.745369860211182123e-01,4.003879594336693382e-01,7.656553966586825410e-01,5.206591500588638732e-01,6.752411371129481976e-01,8.294887415657625773e-01,1.542754803624076798e-01,6.314482589697630877e-01,2.248831648854583976e-01,7.784225123182443307e-01,9.068640028283294630e-01,9.518781904795946547e-01,2.034106583148052871e-01,6.198193303563741541e-01,7.436497087569886588e-01,4.772539633100457146e-01,8.853511766636322777e-01,9.324898251515918446e-01,5.567486989906533790e-01,4.430289901632595284e-01,3.477419361289036948e-01,4.425552706822276638e-01,7.754318574487123472e-01,-5.988768526643009626e-02,5.818475648769043662e-01,7.436268175084805865e-01,5.039251295299526090e-01,6.371200333623479317e-02,3.021503743583858204e-01,2.143780730932592360e-01,7.914561677295328668e-01,5.760900057737879942e-01,8.441125571657042137e-01,7.299982160656797170e-01,8.506970498782193690e-01,8.519694029923913225e-01,9.369446193592644301e-01,7.887584005261889519e-01,3.734351406133767232e-02,4.948311148053871622e-01,3.825042869153881253e-01,6.266739046523659429e-01,4.674557709939328176e-01,5.062801181703178166e-01,3.560000590904071616e-01,9.162603347010968013e-01,8.007645192263259659e-01,5.047911530153348370e-01,5.724841177353318100e-01,9.407099005791906832e-01,3.005370422944611541e-01,5.632072341446802133e-01,9.690344401358845783e-01,4.357717615304504966e-01,2.338075213283342946e-01,7.024838454924083875e-01,-1.223751505713848303e-01,7.407807529113012990e-01,7.681285420021782828e-01,2.368139650408165875e-01,7.912534691549438781e-01,7.616244932759066444e-01,7.602166418984086516e-01,5.925850735197356611e-01,4.209810756064797377e-01,6.708690171046484130e-01,8.740452357751438139e-01,6.607333447641613455e-01,7.739115157782185950e-01,5.617666251648750775e-01,2.237607557085447563e-01,4.595344894552912951e-01,3.469629654165585775e-01,6.855314110056502930e-01,6.891031133681092546e-01,6.583748022453073112e-01
7.518629760967512343e-01,2.129058099738598969e-02,9.374292447724149602e-01,4.204531101961738182e-01,5.223580953814872530e-01,7.257447161855066220e-01,0.000000000000000000e+00,6.873460364568603209e-01,6.372080360989340608e-01,3.682065183762436300e-01,7.998953565110957786e-01,4.236522411440807323e-01,3.245518825045773381e-01,2.724720905209305766e-01,6.034142305954903751e-01,5.477151700965612324e-01,7.356702459916801828e-01,3.420649480877796522e-01,7.245632281481928505e-01,6.497691247673458292e-01,9.234626700026603574e-01,2.919893929456822690e-01,5.583443634199648092e-03,8.888930533504385556e-01,4.326453668813030617e-01,5.382750524014050519e-01,6.604480215683428135e-01,7.205242675397238727e-01,3.587227419436073705e-01,1.217059625767490938e-01,7.886196493985481171e-01,2.489501554688044460e-01,4.598318534574256100e-01,6.666258142586340973e-01,5.704147622249505778e-01,3.410055816168126031e-01,4.579638126642117113e-01,4.886122541957199084e-01,7.973321966929169946e-01,7.516970043166472104e-01,4.735933231641848429e-01,7.918529069649582475e-01,8.346048760966151558e-01,2.784067632143260029e-01,8.050086746553640760e-01,2.188268598435611778e-01,1.217378297496125687e-02,4.328403087967155338e-01,5.945234597878473748e-01,4.077477443383170086e-01,7.529212058461015600e-01,6.547837241900735794e-01,3.194913001768238114e-01,7.546135682431135416e-01,4.008055595817171524e-01,6.066752131575332552e-01,7.363327056534332282e-01,6.021270238205027603e-01,4.151549468585253311e-01,5.194180062613379389e-01,5.863498424836363077e-01,4.851501732469439276e-01,4.808285294546659761e-01,8.168402113543057341e-01,8.027424126290888529e-01,4.791317839757426866e-01,3.284999016099963143e-01,3.555889984681658289e-01,4.233573308175366812e-01,3.400205170090241369e-01,-9.996595399388620573e-02,2.759664442765483727e-01,6.958073298024878284e-01,3.659987731082929852e-01,7.562849517158172219e-01,2.980743209253780557e-01,4.917549802968186334e-01,5.293501039932129171e-01,2.903628891340062079e-01,4.186562918377101372e-02,4.503259302074258952e-01,8.669322031570767528e-01,2.608653001532371674e-01,-5.764103346382110082e-03,7.694086119279945901e-01
8.710659937623483895e-01,2.748561006924964412e-01,8.641875505514450273e-01,3.642731565254661019e-01,8.498619767015609394e-01,5.837140176086135224e-01,6.873460364568603209e-01,0.000000000000000000e+00,7.513691205187478239e-01,5.008709067445549223e-01,7.495594865451650213e-01,1.188700843916441346e-01,9.762648042172308305e-01,3.689207528321022389e-01,2.888367264619552399e-01,2.178556703437124487e-01,4.828701666593538389e-01,5.241633011834982980e-01,4.846768564778164978e-01,6.547507115713836479e-01,6.812209716687649408e-01,3.241652316190736238e-01,6.506937582541936216e-01,9.324721386471599427e-01,6.519555806393075859e-01,8.236441138251010541e-01,3.195029817640824277e-01,5.747873369351395034e-01,4.344065676908458462e-01,4.727227999109950285e-01,3.684758083620172098e-01,2.620897146460043903e-01,3.938195317304510890e-01,4.865231755893074106e-01,6.729381433353682773e-01,2.999823106472854217e-01,8.980444402694326422e-02,8.855977870861363455e-01,8.670627092590134088e-01,1.029542570987154043e-01,5.032067440651039059e-01,2.563524602728693008e-02,6.894341564035717518e-01,8.755491861658712960e-01,9.224587247295283898e-01,4.089125290411938507e-01,5.041874455574967273e-01,5.049737767817865652e-01,7.790367714783579256e-01,4.275520080154903702e-01,5.987055429135612616e-01,5.127860424983374799e-01,7.352037512367376459e-01,5.319380333679948336e-01,9.359955578104927065e-01,6.407393468822952798e-01,6.112762549188940353e-01,2.833124434612990794e-01,6.466698769795184987e-01,3.172009358013548330e-01,5.779849311884044383e-01,6.077969371842283364e-01,5.694308952961917303e-01,3.398504167436430246e-01,5.137612645688082180e-01,7.540667568670321730e-01,3.214956709933629031e-01,6.207554499901209999e-01,5.508812522090394959e-01,6.361711597045517363e-01,3.154424018154474152e-01,4.523260167698388567e-01,3.227359315981151444e-01,5.433879950383722068e-01,3.228797073668450146e-01,5.789215828062264091e-01,8.920576046471686560e-01,9.566803247561426193e-01,4.102127123012034304e-01,5.130822870857275619e-01,4.233538392390164828e-01,4.336093409334472737e-01,5.109244807084828421e-01,1.957841673604620858e-01,5.898587001029512167e-02
6.600266275598158927e-01,5.070798450186618789e-01,4.574918422696021003e-01,5.293579571517174065e-01,8.015245213394515122e-01,3.760731716700798088e-01,6.372080360989340608e-01,7.513691205187478239e-01,0.000000000000000000e+00,5.035703418488086669e-01,2.299624788938857134e-01,7.427617316768335698e-01,8.421656178324482545e-01,6.327128022911016059e-01,4.846902798860376893e-01,7.013240971329974816e-01,7.659353733584871593e-01,7.255592071850953673e-01,6.214641595092296189e-01,8.407254230732703615e-01,8.761961810648809523e-01,2.585118779709698611e-01,4.380441291065099163e-01,9.764441821551681500e-01,4.451520817781689510e-01,1.353063243583854658e-01,5.723394742329921403e-01,5.228468503789389654e-01,5.280558441809630743e-01,5.471326373205662730e-01,4.972142623528898464e-01,6.770108553863201095e-01,6.174329799666280483e-01,4.166063851327730938e-01,6.276712761277217778e-01,1.542497778719577051e-01,5.385892930309005289e-01,7.346123971698774735e-01,6.517870604562154835e-01,4.021934765565178815e-01,1.394387085514302016e-01,1.706521261099183326e-02,4.162835598578853991e-01,4.478244644687017773e-01,8.304394722664922845e-01,5.411707380412794643e-01,4.020062688993263911e-01,7.978150837214924573e-01,4.261312952691095335e-01,4.789553751409934557e-01,6.409129860830591330e-01,9.666904398454316816e-01,5.936231099497840669e-01,5.555327776361261849e-01,6.179170277284929957e-01,9.098194354936723904e-01,5.429231315484914777e-01,7.534116737577022382e-01,8.393270732013565771e-01,-7.155094923067559232e-02,7.044093735781804533e-01,9.715282186935026987e-01,4.569577810213597546e-01,8.635504985790032340e-01,6.982660742729510650e-01,6.633827563444678610e-01,6.932294881634371020e-01,8.239802328621094185e-01,4.437186141698087893e-01,5.051817522635601021e-01,8.538506134206444997e-01,7.883146160871430386e-01,7.686622474652262671e-01,5.478310306195068868e-01,7.098710253379990620e-01,8.003172679443643078e-02,8.877346424701842986e-01,6.140453032015209534e-01,2.539140360195569213e-01,1.068958902414262335e-01,7.969624865671347536e-01,4.526301807522631337e-01,8.792609564376513420e-01,4.942522780288017836e-01,7.459306721485490232e-01
9.698639052574179464e-01,4.152869798953648384e-01,9.088469664726507302e-01,6.599264231239774237e-01,2.734113229311798676e-01,4.745369860211182123e-01,3.682065183762436300e-01,5.008709067445549223e-01,5.035703418488086669e-01,0.000000000000000000e+00,-3.191077742396380978e-03,6.201023785839809843e-01,5.306164624179918743e-01,8.005968770233722331e-01,6.856270201971415013e-01,5.664909665097324076e-01,9.593188021586408487e-01,4.412315803948738679e-01,4.701557055142566721e-01,4.827304177466576474e-01,1.604537877025143111e-01,6.141859790434274213e-01,2.299496648534620769e-01,5.990187494918799427e-01,9.722826553688820317e-01,8.175603787041895165e-01,7.119087354613633511e-01,7.463089014788020226e-01,5.586483604952203752e-01,3.834671060515145724e-01,5.263322198537574437e-01,8.254013932508422746e-01,-9.736536156516695240e-02,4.780518852689555898e-01,8.619127559910521041e-01,5.675753571754857951e-01,5.134375924652132550e-01,4.315775238838073236e-01,9.764877003674963252e-01,6.802346399045673675e-02,5.221523064635733569e-01,7.837987213200555692e-01,3.606312585120501901e-01,5.670550603743459428e-01,5.849395879433193501e-01,7.700021871745592605e-01,4.493873505243028976e-01,7.755954904594206667e-01,4.708183679088882023e-01,5.864358013754971122e-01,4.427941612350729805e-01,8.982619055158862498e-01,7.806374892636531726e-01,5.001800613862074085e-01,8.953659564511480262e-01,1.433289996372589525e-01,7.958653457927080677e-01,5.587206419241033117e-01,8.845367054562655040e-01,5.634636060185231887e-01,2.238095328615500312e-01,3.266993486825073845e-01,6.974625788626264145e-01,9.617458891525256792e-01,7.561938135270623862e-01,2.767533587663071476e-02,6.713093980298198149e-01,6.055531609154967132e-01,8.719214229753612100e-02,1.696411704009278265e-01,8.797850574274386215e-01,3.885342134898140953e-01,3.515742968365837551e-01,2.763757445651311984e-01,5.908281773861423503e-01,6.035993714589634740e-01,4.779685310798348352e-01,2.911816810269840516e-01,5.812661332488994193e-01,2.256525725398082216e-01,2.898674279580435997e-01,6.182738818225200772e-01,7.770012552792338045e-01,6.678232392152751995e-01,6.906667209015209252e-01
6.659309628991882946e-01,2.527620713240413264e-01,8.750740094089347609e-01,4.296681970753952751e-01,6.078526769134060537e-01,4.003879594336693382e-01,7.998953565110957786e-01,7.495594865451650213e-01,2.299624788938857134e-01,-3.191077742396380978e-03,0.000000000000000000e+00,6.700109860538713269e-01,9.936709944779870129e-01,7.379641928726252686e-01,5.472864290329382264e-01,3.425405746057338385e-01,1.333908083249217558e-01,9.446040414117227169e-01,8.907047388849179681e-01,8.108156627277917083e-01,9.632345012082698110e-01,4.044179367472487407e-01,6.479013215395621472e-01,6.025422630001375790e-01,4.713407060364738221e-01,8.008621710412106021e-01,4.332970586382290934e-01,4.197757706067219985e-01,3.039656576857329151e-01,2.960183861980574260e-01,9.342328010933419191e-02,4.968494732462270802e-01,7.614522225073387940e-01,8.425827623633240782e-01,5.412624219440743678e-01,2.249903681025883784e-01,7.460634497470479409e-02,6.064901207342293654e-01,7.970918312151435980e-01,6.939584572220038883e-01,5.733406762204029672e-01,4.514138599037816335e-01,8.222352328096704799e-01,4.855085891240323165e-02,8.712408643832513233e-01,5.114580769696814855e-01,2.550527931203617205e-01,7.944266363140713993e-01,9.684089967367337515e-01,6.011883691132015040e-01,4.084020905701515325e-01,9.932807120751557806e-01,7.976966060925183566e-01,-1.734437726186256190e-01,6.540595696231041867e-01,8.010782268470035827e-01,3.403936491974235978e-01,4.590211239473153126e-01,8.373767353596579532e-01,1.783863513169768600e-01,9.228619476667427879e-01,2.586949649031045073e-01,6.334590868149648779e-01,5.217403181247723953e-01,6.221961830019716588e-01,9.666160688896612285e-01,7.547046301046362871e-01,9.632285331849582688e-01,3.928418484015860912e-01,5.769799868521774400e-01,6.514342509462104358e-01,6.172418000975249397e-01,4.493760316789920384e-01,4.735644451713680869e-01,5.623320465081775854e-01,6.728870598520585444e-01,7.521703071521321782e-01,3.906634646987413029e-01,3.602339883875634863e-01,2.938771038156089421e-01,6.073798849158594804e-01,5.020375447185518869e-01,4.222346106320041814e-01,5.916180397660507628e-01,5.712445502920199258e-01
2.688554611454590515e-01,7.348987194062408523e-01,5.045442147634721097e-01,5.010622525944188332e-01,8.285971011085524474e-01,7.656553966586825410e-01,4.236522411440807323e-01,1.188700843916441346e-01,7.427617316768335698e-01,6.201023785839809843e-01,6.700109860538713269e-01,0.000000000000000000e+00,6.981454213912131612e-01,7.821243071458532370e-01,2.158145288246990368e-01,6.268854318030447903e-01,4.749361765633768329e-01,7.413199716658405158e-01,3.895829784906025273e-01,5.382791465996370484e-01,8.765839120797107586e-01,9.994229183864635768e-01,2.097888856257957568e-01,8.525527042674512224e-01,7.964926501740579035e-01,2.713644511400037374e-01,8.361256082787988930e-01,7.770896661277162387e-01,-3.628977165714899478e-01,3.277166233803394668e-01,4.313747482725480697e-01,5.862951270421258299e-01,7.881508635551812691e-01,4.987657980395553969e-01,5.334826194168096510e-03,3.853741758729588573e-01,5.400108657406737372e-02,1.432441393555828058e-01,7.315330653395534233e-01,5.155974840095881584e-01,4.235490435311232149e-01,5.872847082336352109e-01,4.956801305038265881e-01,8.653649586487340839e-01,5.662106429574169653e-01,8.563042575538286627e-01,7.980920793656851586e-01,6.999417061697379427e-01,4.085632068139898321e-01,6.643877152351723714e-01,7.360026207524899000e-01,6.308162007379282121e-01,8.527754631249817585e-01,5.158644549038642335e-01,6.588015261691638758e-01,9.192431618769294488e-01,5.689140798028926582e-01,8.576448159343228461e-01,7.940461081240989261e-01,6.234433197266106008e-01,5.426719178093144524e-01,6.066435128175297065e-01,6.033213713991805172e-01,9.018195299300801882e-01,8.332918710627348347e-01,8.980747496154979359e-01,4.869326706555721085e-01,9.303047537765259944e-01,5.966610767691880035e-01,5.958931385019168303e-01,7.180431542814713630e-01,9.599201532594078268e-01,4.924564564659032473e-01,7.976608765501259635e-01,4.074411246900764283e-01,5.838415734167770044e-01,5.783982445801949535e-01,6.362124143498313344e-01,3.067973921451118691e-01,6.399027645923814900e-01,4.734452474901515440e-01,8.447478661554785884e-01,8.072504358518562961e-01,4.620060303175363425e-01,6.281595545402933745e-01
5.143555829390823453e-01,9.301726720471888976e-01,9.792957954121772612e-01,7.759760920720488730e-01,5.800639595940162430e-01,5.206591500588638732e-01,3.245518825045773381e-01,9.762648042172308305e-01,8.421656178324482545e-01,5.306164624179918743e-01,9.936709944779870129e-01,6.981454213912131612e-01,0.000000000000000000e+00,5.808599615452826326e-01,3.911906340769210622e-01,7.843415212458257901e-01,2.427280251853078386e-01,4.297767226278852992e-01,5.923930362349862921e-01,7.612910390541348660e-01,9.216870630898819083e-01,5.881108910704777593e-01,4.232329287032843279e-02,6.470527571913876619e-01,5.333288039345360776e-01,6.735164748475261920e-01,7.053225697646816617e-01,7.068612877204950573e-01,3.293396744029968293e-01,1.085892406131083818e-03,-1.004510772712845917e-01,4.402113120547604952e-01,7.088840830636126134e-01,8.894416548808727896e-01,8.619781026005911562e-01,3.663104918615308070e-01,3.325851719462085687e-01,9.420712851491412909e-01,8.664682892718249541e-01,7.910531287792121891e-01,5.967053710600731531e-01,8.832576468696679006e-01,7.654947872628902195e-01,8.853638786295997543e-01,9.618498722216470842e-01,9.683957510957661441e-01,6.120124488902373150e-01,8.630818946671460212e-01,7.173973176847120437e-01,9.242640491839827499e-01,9.250015471575581127e-01,9.959085198268466943e-01,7.978499757039669849e-01,7.230979172075759909e-01,8.953826914627396327e-01,4.652373029179182051e-01,8.109050448645264142e-01,5.166785128898458979e-01,7.433676150863980370e-01,6.644335952739341966e-01,2.800704140813685683e-01,3.526513762167153843e-01,8.093025292880546839e-01,8.470047563397957724e-01,2.500343416268558383e-01,4.752045740321056977e-01,6.832053455490750826e-01,5.122683877879526948e-01,8.528681690673296789e-02,4.368566667307400286e-01,5.297519606052326635e-01,5.111774370023977054e-01,4.063635091702103019e-01,2.621987355662132313e-02,4.499636172854860616e-01,3.129735841935982199e-01,9.199826686448020485e-01,7.360074716908717729e-01,8.102265194399369541e-01,3.980156904121882611e-01,2.153402630027685949e-01,7.021657890849435368e-01,6.284322594825484387e-01,-5.898485083080476366e-02,6.651230054775179035e-01
5.938015391143375288e-01,7.556845773749588657e-01,5.737354907280369787e-01,7.006006570274085909e-01,7.274944317134418581e-01,6.752411371129481976e-01,2.724720905209305766e-01,3.689207528321022389e-01,6.327128022911016059e-01,8.005968770233722331e-01,7.379641928726252686e-01,7.821243071458532370e-01,5.808599615452826326e-01,0.000000000000000000e+00,5.067067352597613983e-01,8.039802496821808475e-01,7.729579175171586991e-01,8.023992214223955033e-01,8.040172104672350661e-01,9.327580992550384142e-02,7.872765646494156444e-01,7.637730775175815001e-01,4.609386455799235338e-01,7.083997950496625506e-01,4.735204230752821930e-01,8.173528424167028072e-01,5.621979208779134263e-01,8.579346168290450381e-01,7.058605398652494367e-01,6.834900742056003731e-01,2.118905498018661127e-01,4.695503790458178672e-01,7.519042545813926504e-01,6.365048577187689682e-01,7.094369282141740340e-01,4.710214669243774632e-01,1.130209919711253480e-01,8.319137383633156135e-01,6.150701409643328788e-01,6.209196627535447099e-01,2.599657910274143502e-01,5.984676099383507974e-01,2.894470925590704180e-01,6.611978333084364001e-01,7.088800029993971297e-01,7.959098212866340116e-01,9.661704680755114349e-01,4.425925652727720205e-01,9.170890236781609195e-01,6.745366316706649101e-01,4.948800121459623891e-01,2.532563386321994292e-01,4.014744507331378248e-02,9.563452882263963062e-01,4.219440347538400693e-01,4.141116105080446808e-01,9.997241679134889480e-01,9.052265367602658763e-01,6.438243027807486474e-01,3.690901587220618563e-01,3.418073285980591930e-02,9.831796507867099910e-01,8.162418053859864520e-01,9.980381831367293177e-01,6.869928774390056114e-01,2.253392588738284963e-01,5.258958159362082663e-01,4.222835546254695149e-01,4.086503930808471075e-01,9.589315179643841391e-01,6.954944611645171859e-01,5.978425245418232947e-01,1.824389252876595646e-01,5.919418582135829165e-01,6.599143901360349229e-02,7.991399462333865777e-01,9.778553707060096967e-01,7.939465340240716706e-01,4.724068100697906836e-01,4.195887373442206414e-01,4.768308669263052746e-01,7.301665650527241480e-01,4.778863084218374357e-01,3.399285418638027245e-01,4.402476794184893016e-01
5.642666942337677405e-01,7.151740392986281059e-01,6.165664766230434246e-01,3.516743546575787915e-01,7.855500266170465373e-01,8.294887415657625773e-01,6.034142305954903751e-01,2.888367264619552399e-01,4.846902798860376893e-01,6.856270201971415013e-01,5.472864290329382264e-01,2.158145288246990368e-01,3.911906340769210622e-01,5.067067352597613983e-01,0.000000000000000000e+00,6.273970276009123159e-01,4.822331789366028909e-01,7.814020715699428188e-02,4.975354923215947744e-01,6.416722519144686387e-01,9.315827054157110876e-01,4.470274460080802537e-01,7.785052945085797482e-01,5.752076915905030008e-01,4.561068808627851134e-01,8.497184169707354684e-01,6.907727628688496990e-01,4.101371493949266256e-01,5.955730892704891311e-01,3.195173529933927892e-01,4.854646960742824979e-01,4.899970736331248911e-01,6.049645604435737178e-01,3.572369030055436712e-01,8.503846333399659452e-01,-6.032159662846517389e-02,5.536836256333549366e-01,8.648866586080218299e-01,7.096135870681725688e-01,5.006194041599271172e-01,6.180550153733646024e-01,7.699410729094222638e-01,8.878011705577989465e-01,6.184376001364574327e-01,1.098699256101414029e-01,3.341016911160984426e-01,6.918536781939742530e-01,4.943375499567991826e-01,7.547837680632059065e-01,4.283818354990070465e-01,5.619841685213083915e-01,4.615112112322246052e-01,1.550857509578074667e-01,7.740312880318328537e-01,7.313566053022766411e-01,6.747687819205423487e-01,9.490919814280729394e-01,2.675096031853033129e-01,5.961492560439813904e-01,6.839549294462628215e-02,4.206996933192304056e-01,3.647658645130608113e-01,5.324091524627734273e-01,6.077619982332704840e-01,9.801185758875844423e-01,5.113282990999176159e-01,7.229934418052340606e-01,7.572986731682518347e-01,5.430418415511664154e-01,7.058011283400328351e-01,9.294154655645909813e-01,5.425590993757892777e-01,1.949641682067446702e-01,6.806689641978135308e-01,5.990429831059851384e-01,8.555300643561168927e-01,4.783573920144243985e-01,9.228999374821935664e-01,6.706545916336195123e-01,5.788675174712814009e-01,2.813200934814242271e-01,7.181892432456521425e-01,8.129064752658611281e-01,5.378446953579625323e-01,9.319678668768509588e-01
9.090439072268019505e-01,8.285342602768496212e-01,6.688666850573411482e-01,3.083004788349545944e-01,9.899209553417218643e-01,1.542754803624076798e-01,5.477151700965612324e-01,2.178556703437124487e-01,7.013240971329974816e-01,5.664909665097324076e-01,3.425405746057338385e-01,6.268854318030447903e-01,7.843415212458257901e-01,8.039802496821808475e-01,6.273970276009123159e-01,0.000000000000000000e+00,7.306117450722378059e-01,8.890481851110294542e-01,4.922068177116849519e-01,5.559568249421482644e-01,7.681120528219962384e-01,5.029977768396962645e-01,3.224812829305447326e-01,8.783487829587249829e-01,6.193629655510106691e-01,3.845734526973044187e-01,7.088889537532035989e-01,9.830085442346886415e-01,4.190490467383199413e-01,3.811253230743416598e-01,3.604973607217894505e-01,2.396266712552360123e-01,8.990374123681504903e-01,6.362439876541094996e-01,9.945677674336128593e-01,5.283476078071561721e-01,-1.071109491922459939e-01,3.799493374087881681e-01,7.182059947203438544e-01,6.760943549498579230e-01,1.209207636399262098e-01,7.803311898440254968e-01,9.242050425285924797e-01,6.475757203809053841e-01,5.334464044663197457e-01,7.752860741940638123e-01,7.117349574198069684e-01,7.034065992369327169e-01,4.762410214444177670e-01,4.225714419012459033e-01,4.733680460086553410e-01,7.684269016796652085e-01,4.152621757375091760e-01,5.144992036522523238e-01,6.420220941987668795e-01,6.305337566625704993e-01,6.560041490120395169e-01,7.731100640201963303e-01,6.999267156526417510e-01,7.666174384701077149e-02,1.633939262726132879e-01,4.455451001768342412e-01,7.657563480429461222e-01,7.317979844787642074e-01,5.835954131568620307e-01,9.728720773042047743e-01,6.569784460061535158e-01,6.501431553604994917e-01,6.380281790109746387e-01,7.084588172889415558e-01,6.054581003039102294e-01,3.887437398671768074e-01,5.437048049272490413e-01,2.384869397288444659e-01,3.201901310376555898e-01,6.106451445946790152e-02,5.273246050013393749e-01,7.823434737121526261e-01,5.225362290085457939e-01,5.608029338843526501e-01,3.039282076792506615e-01,7.405048209598009690e-01,7.947460417569747193e-01,6.450487057556317794e-01,6.941563337432151704e-01
2.862588087438190376e-01,8.282906480920629866e-01,9.393190539765947644e-01,7.204224335051518935e-01,6.128991800014010893e-01,6.314482589697630877e-01,7.356702459916801828e-01,4.828701666593538389e-01,7.659353733584871593e-01,9.593188021586408487e-01,1.333908083249217558e-01,4.749361765633768329e-01,2.427280251853078386e-01,7.729579175171586991e-01,4.822331789366028909e-01,7.306117450722378059e-01,0.000000000000000000e+00,1.155665866837752714e-01,6.639723284004765969e-01,7.009056814687447678e-01,9.916709247457595744e-01,6.250013166517942587e-01,8.747475951774751346e-01,6.632875236097159899e-01,7.931352433881095898e-01,8.723273554904402705e-01,7.515850996699566799e-01,4.764818252086499006e-01,5.247019321137104120e-01,7.744170629404529826e-01,3.349134111495273292e-01,7.153556917713156382e-01,9.627596042158890199e-01,9.941439132615467189e-01,3.944936444313016932e-01,5.940596349190478964e-01,5.399038557565538632e-01,2.879428231154295692e-01,4.589095303306960361e-01,7.605448595644141996e-01,5.085085765369088406e-01,7.768006083946644713e-01,6.056507322556666795e-01,5.064281038390353595e-01,9.037521461431747838e-01,7.963712055404859047e-01,9.249937907773527757e-01,5.672177308191932443e-01,4.199469666318990657e-01,4.628071739723079170e-01,5.379163455539667238e-01,8.977481114927032824e-01,9.831646992311213751e-01,6.491773486666324589e-01,6.230094374786750988e-01,7.175014974730549167e-01,5.737457304685329440e-01,4.581639928917783933e-01,9.951750101884614397e-01,6.071765937445536832e-01,5.207494473470359875e-01,7.065664855582808324e-01,7.304102512991346163e-01,5.684218851924980331e-01,7.414158411690412454e-01,7.165388061302730982e-01,7.025535998405837423e-01,6.892026766593032372e-01,4.581324402101770721e-01,2.798814450482923211e-01,6.640265220747523234e-01,8.780835989422032251e-01,3.437435100674439692e-01,6.003330747470591033e-01,7.091843827786454835e-01,6.849334844755261553e-01,7.850063449067239407e-01,6.579824147805372059e-01,6.793692768946004712e-01,2.613290565950501243e-01,7.313261453974082560e-01,5.873475467799380567e-01,3.154200909472038017e-02,-1.562120954097757086e-01,5.956080267145764662e-01
5.163127682025046017e-01,7.962154880981027472e-02,9.756480074166715699e-01,8.647009835919355902e-01,5.830173162225421590e-01,2.248831648854583976e-01,3.420649480877796522e-01,5.241633011834982980e-01,7.255592071850953673e-01,4.412315803948738679e-01,9.446040414117227169e-01,7.413199716658405158e-01,4.297767226278852992e-01,8.023992214223955033e-01,7.814020715699428188e-02,8.890481851110294542e-01,1.155665866837752714e-01,0.000000000000000000e+00,2.056653704647764050e-02,9.811244979920157316e-01,8.406764343609209877e-01,4.430374486886392016e-01,2.116481503478587489e-01,8.936625088807779171e-01,6.036164796701739554e-01,7.055833033793924569e-01,3.728634783172340983e-01,8.833110960122358968e-01,6.519701904375266865e-01,4.309040881834468872e-01,5.468234632996978872e-01,7.630427782629108924e-01,8.638723549865507945e-01,7.780383063903751895e-01,4.950709378468263200e-01,7.160912124228169251e-01,-7.875929380403007274e-02,7.800509814104633621e-02,7.773760219056394805e-01,5.048827389783324682e-01,3.507634510644923043e-01,8.179951153045574852e-01,8.570526541356749961e-01,4.046627993211753677e-02,9.966327281224762746e-01,7.063279893806718723e-01,6.658618770232991313e-01,3.554893983766175269e-01,7.819744098903543827e-01,6.401981782565924553e-03,4.528716241850140323e-01,2.240390943593712492e-01,4.282292845154971883e-01,7.613891959640582963e-01,5.076889246092540775e-01,4.885041668685852767e-01,2.839273339987826161e-01,4.887796038904144158e-01,7.712270789093437218e-01,3.466968010780141496e-01,4.819181575833376141e-01,7.680918021967874099e-01,1.962508714692665635e-01,3.146284802434854422e-01,1.161686805768948755e-01,6.722661843594475162e-01,6.349231135110188218e-01,8.630761113305901455e-01,7.998012506049370085e-01,6.173711621568663821e-01,7.024689710993314851e-01,9.268957949905320959e-02,5.680510563171693450e-01,4.716349922593788269e-01,7.470532510800247383e-01,6.202337552947798649e-01,7.452926360966153352e-01,3.195761842181859547e-01,6.915612918093486661e-01,5.167175682810207782e-01,4.995673832126713010e-01,9.652369707396425413e-01,9.219635616517009025e-01,1.777687426680986116e-01,4.689702533673593687e-01
