0.000000000000000000e+00,9.027266974073947514e-01,8.326356484184098683e-01,8.219503055338529540e-01,8.342680975225451601e-01,6.354810853184647002e-01,7.663495941011845280e-01,4.575321181366455714e-01,5.839244075166609704e-01,8.887417958388917905e-01,9.748631240840700540e-01,9.127952461645005844e-01,3.292996942155764772e-01,6.270945124890592304e-01,4.024222323563151904e-01,9.168893524839348830e-01,2.083069660528429901e-01,8.197827899336622703e-01,8.386675274072225017e-02,5.286143544672482486e-01,7.303038269982429220e-01,7.300081730011824810e-01,5.947160864518252765e-01,4.619997889517175604e-01,5.747815729808757323e-01,6.266336202651957565e-01,6.441157237181618367e-01,7.090933931784251243e-01,7.774831764816130253e-01,3.020510712954741495e-01,5.694465244111663882e-01,6.161016149870253145e-01,7.763254784223347915e-01,8.256741105751906895e-01,8.820691724958006352e-01,2.023403788333582864e-01,3.495059843477791306e-01,3.610845057087485044e-01,7.108301484073948906e-01,7.829932901064345918e-01,4.138877965820356719e-01,8.065654485079407632e-01,4.889768235560729703e-01,7.073444350783132384e-01,9.995497656110429174e-01,7.919714043912655654e-01,9.275573165004666887e-01,4.383422041210449094e-01,8.010660606510499049e-01,6.798995258211368853e-01,7.811196149901014074e-01,5.104325929655891825e-01,4.724097634686980074e-01,9.820134780992072487e-01,2.725268067338390554e-01,6.663643312393034979e-01,6.594406735457328805e-01,4.442826784216895031e-01,6.105109383329234696e-01,3.760009956380668816e-01,2.803922673442620361e-01,7.638466583130643084e-01,8.744508169257519947e-01,9.275971406956082799e-01,8.161321150807125946e-01,4.395354821327621675e-01,8.408133061651313911e-01,8.000728641722637535e-01,4.759146131461743368e-01,7.658694164062953558e-01,8.873928684916564391e-01,5.921334030726663755e-01,9.317767488722600300e-02,3.814215277171442708e-02,5.094133800103810561e-01,7.083947360005992122e-01,6.782848283433198233e-01,6.508971281907217632e-01,3.477239650204856369e-01,3.449601437032465689e-01,6.416518115478044848e-01,4.478668391129759230e-01,6.065527858517297810e-01,4.048129910100695117e-01,4.327378469703558883e-01
9.027266974073947514e-01,0.000000000000000000e+00,6.164906327994995605e-01,4.169083998938891700e-01,7.552262204691942982e-01,8.401928197111666607e-01,2.545470599992752381e-01,4.987155408088327357e-01,6.051204094814641721e-01,6.905515472726632131e-01,5.558242693872723628e-01,7.938817817007731703e-01,4.455402615428141200e-01,7.377820821610068247e-01,4.084358627242740125e-01,5.284427534311741947e-01,9.287277960365987184e-01,4.563746224982307420e-01,5.453962394522069435e-01,6.597516392742900360e-01,2.367367793706110501e-01,3.226824943988493375e-03,8.361802287926736188e-01,8.048355767898432989e-01,2.215440558747102939e-01,6.640812569100867924e-01,9.632061856775017139e-01,7.472429400770621566e-01,4.462151745763844324e-01,4.990165445171979020e-02,6.997905097169602184e-01,5.837791227360372703e-01,4.131101729201210881e-01,2.218423274295649450e-01,6.372940665704247554e-01,5.688870300242623301e-01,3.514546082010504557e-01,5.592841066042701925e-01,8.310552645900043389e-01,4.792677048680570318e-01,5.405131178205406783e-01,6.999590662483999859e-01,6.480799897625986183e-01,9.022952596637596745e-01,4.172008218527207823e-01,9.702548741319437786e-01,4.279989382135798714e-02,7.448885970822578528e-01,5.693924612523175721e-01,7.286621583093308985e-01,4.704182888228460868e-01,6.670564054129922427e-02,3.093133360744722560e-01,7.944239721672190502e-01,9.080939011083168921e-01,4.084925225574402852e-01,4.886265625940739987e-01,4.884718200063691840e-01,9.212538635947673527e-01,3.376832850223943083e-01,5.156907045024473613e-01,5.840550405280744428e-01,8.409703957440162192e-01,6.351617744288535761e-01,9.944175841802267435e-01,5.554764201890145525e-01,8.324667270987142764e-01,5.510327856680100611e-01,6.331445211467581213e-01,6.327443501004113013e-01,5.961727838740974450e-01,6.813335787987416792e-01,3.860075594975075353e-01,-1.069231609731096655e-01,4.976835474260490333e-01,8.330418068494104267e-01,5.330370170704048505e-01,2.814894605530260940e-01,4.264697567579857074e-01,7.424768206276953497e-02,7.011984054167297309e-01,6.847880465467750533e-01,7.609323514042607428e-01,3.000345123636860012e-01,6.857336865386145508e-01
8.326356484184098683e-01,6.164906327994995605e-01,0.000000000000000000e+00,8.801245977079881211e-01,9.481277239351189046e-01,9.774501570178188992e-01,8.996462884221148038e-01,9.689769179263020282e-01,5.865897554216310539e-01,1.038026078883974024e-01,6.218874689706311853e-01,6.707839268090748375e-01,6.011728466413982508e-01,2.546719324372671567e-01,7.657657804591336825e-01,3.710701641004122142e-01,7.838024397177072444e-01,6.893204712837115444e-01,4.616626685109964656e-01,5.518164010433701527e-01,4.174351534430084110e-01,2.167211212593390668e-01,8.970574662461483495e-01,5.231561333864110930e-01,7.661827725196204142e-01,8.139545040846001278e-01,9.274935247186563148e-01,7.095633055248831145e-01,9.299057350537284217e-01,2.573381760796734641e-01,-6.832050797132976916e-03,4.168919964294062752e-01,7.185656196549001784e-01,8.530949965612399932e-01,7.611331652954166360e-01,2.085774155733543991e-03,7.939904411327383116e-01,1.048788415985557471e-01,7.346022271436906115e-01,9.307403085808991783e-01,7.612487831150990258e-01,9.901833466971518005e-01,9.782586706935559873e-01,3.323759128195901136e-01,5.516638252384917784e-01,9.829177109225482045e-01,9.126869677632194477e-01,5.426301013158085773e-01,6.623557163555144900e-01,3.056623513073291054e-01,6.797444800505159090e-01,9.263451580737652735e-01,7.325499015699581395e-01,7.994081393585864559e-01,3.164477087250536780e-01,9.973778754617443898e-01,7.008352230048116027e-01,4.823794008300507086e-01,5.686125382221619562e-01,4.178495868324226259e-01,5.043307873757865156e-01,7.982859357391332011e-01,9.376699170950235640e-01,8.243716061585950605e-01,7.705135323043472706e-01,3.420597018416304813e-01,9.840774168977192149e-01,7.517837888681577763e-01,9.139916789023612154e-01,4.337154312118365329e-01,6.257384595773192171e-01,6.201580311748554619e-01,7.475816104966873654e-01,3.678283385086696944e-01,8.843594974475055270e-01,7.880758941628496217e-01,2.779509704899554845e-01,8.279128213284847604e-01,1.990462733871215806e-01,7.593112404355659706e-01,6.743986867090870918e-01,7.439724357758964457e-01,2.691292295463457718e-01,8.475955376713555367e-01,2.896293370198288475e-01
8.219503055338529540e-01,4.169083998938891700e-01,8.801245977079881211e-01,0.000000000000000000e+00,9.266380740657532700e-01,8.411473413434840118e-01,7.447804043281401887e-01,4.706075431691008060e-01,8.799646719462912436e-01,8.144058958565488782e-01,6.374889161996177833e-01,8.381239161839995067e-01,8.896896739747042204e-01,8.524712897320489979e-01,6.744943838518844270e-01,6.180851373064815135e-01,8.260253500510864599e-01,8.799589916435159864e-01,5.299395100934573000e-01,9.606011338484096163e-01,9.768647049696637108e-01,1.705264001957896847e-01,4.852607561125446556e-01,8.274636560768044991e-01,4.531557068579284975e-01,7.505722335036200121e-01,6.165662427143383528e-01,5.941580887125249566e-01,4.946215521747793775e-01,1.867186785425767603e-01,3.890384925875041144e-01,7.357677088196471482e-01,5.539974758303140012e-01,5.914226159508497727e-01,3.848687574390508015e-01,5.286165875803181535e-01,5.933976004757782752e-01,4.886681465387264778e-01,7.476150270972458101e-01,7.772082963131464739e-01,7.857506566632468381e-01,2.928905921475783991e-01,6.138494033388787186e-01,5.028387109761307538e-01,6.602865267722097808e-01,4.472557097017576533e-01,7.353582700751004619e-01,6.176252758744144034e-01,5.924192304094733075e-01,6.290126405639964169e-01,7.762022046022913901e-01,7.756056501271582082e-01,5.998937133177011383e-01,6.393409577487458861e-01,8.154180730805813404e-01,8.068160067992523610e-01,8.032368068640233227e-01,7.339331996987410456e-01,1.539866922489897816e-01,4.016210743816493456e-01,7.921832628453371328e-01,9.122317652450077086e-01,6.591192254441511356e-01,9.982537236940798309e-01,5.311648271493665252e-01,1.322466205855302446e-01,5.360442610337717850e-01,6.012517160927354221e-01,4.247710126171383993e-01,9.801809116791138088e-01,5.185571147826351091e-01,7.256112727488848169e-01,4.290700448414282442e-01,4.198774577735135960e-01,7.485178101760993075e-01,4.206811794184457387e-01,8.289438761895353558e-01,3.500319349011769554e-01,3.075547178481843891e-01,4.738832145523151906e-01,1.776215537487946250e-02,7.955873780123368100e-01,5.640598961397721434e-01,1.266260351966828207e-02,7.570158983102104333e-01
8.342680975225451601e-01,7.552262204691942982e-01,9.481277239351189046e-01,9.266380740657532700e-01,0.000000000000000000e+00,8.744695451207363801e-01,5.178566511731661492e-01,7.331769703247692505e-01,2.824004928720491581e-01,6.954855532798205342e-01,7.777296048322650535e-01,7.503763431134893302e-01,7.328458140736952009e-01,5.179291994632994056e-01,7.743221964243280908e-01,7.887621701178659794e-01,7.494843056815441162e-01,6.846871562914481624e-01,7.660713213702821101e-01,5.668173558948899071e-01,8.454696747833670978e-01,3.222424566245873923e-02,6.025666715677727714e-01,8.965560313642322310e-01,6.761021200787232788e-01,5.071532717406918023e-01,8.931799423178967690e-01,7.548977424538703129e-01,5.275843181548524052e-01,3.364031920793401076e-01,4.012446444027391590e-01,7.898949068675733542e-01,6.274388850686313246e-01,1.619544585169081508e-01,6.319788796244106832e-01,4.441687016225512319e-01,3.571564631462839090e-01,7.734025666881597649e-01,6.385133879391176048e-01,4.545645255494382142e-01,2.456755993983505415e-01,4.166312969422569790e-01,4.068517483372127153e-01,7.788593177356678554e-01,8.329706672828323111e-01,5.544337046514463685e-01,9.735460044990162931e-01,5.772989394239439465e-01,7.921091866697437256e-01,5.317286895648409839e-01,2.927853060402556551e-01,6.546840293623533702e-01,9.967672646035041772e-01,6.543066535356449887e-01,4.680917783983468139e-01,5.469759052723968118e-01,3.892619773737855671e-02,2.967820876621568571e-01,9.051258731747409414e-02,7.586060234541147640e-02,2.060558890171660384e-01,7.651660237841565460e-01,2.707451017386230951e-01,7.291650162743714692e-01,4.790315409056852269e-01,2.969310047109594008e-01,5.107026775642425909e-01,7.821158454811099059e-01,4.592622247315895634e-01,9.645569913970124531e-01,4.611158767740741737e-02,2.595967775867834559e-01,4.780297667896153402e-01,4.579177121803236772e-01,2.784069902632765325e-01,2.974407964342202781e-01,7.988861865897942671e-01,6.609430669719994489e-01,3.380196168010669577e-01,5.215234075187813456e-01,5.589710288400889793e-01,2.819296746071631166e-01,2.512409756004728711e-01,1.419076350426247968e-01,2.332561637010706623e-01
6.354810853184647002e-01,8.401928197111666607e-01,9.774501570178188992e-01,8.411473413434840118e-01,8.744695451207363801e-01,0.000000000000000000e+00,7.869714006446588694e-01,7.038691155648014730e-01,5.341796622699086505e-01,2.628944631394858900e-01,7.348176944890330020e-01,6.180378732677039855e-01,1.027098473959869307e-01,7.821887664280360308e-01,6.372787375929105380e-01,7.228166097561771197e-01,6.417790538072882800e-01,3.690276916067367630e-01,5.342332839948733536e-01,7.963851918019344556e-01,4.427121158760710662e-01,4.039247795476570424e-01,7.017809385148111589e-01,8.923692035169856762e-01,5.268751135586082768e-01,8.440155982651389444e-01,9.133244806957042661e-01,5.760673019011443019e-01,4.370910418848981682e-01,5.694178771164533082e-01,6.948033176293311707e-03,2.928245406405461937e-01,1.650430039905498858e-01,4.919036292697561707e-01,4.584834801366378110e-01,1.488572007192252682e-02,5.015102408949345669e-01,7.204961608564112163e-01,7.600963424178829309e-01,7.894636184541241608e-01,2.426726332819037490e-01,7.366921346305053131e-01,9.467077160495415145e-01,5.498630833330253598e-01,7.568543179312900993e-01,7.667339125851574400e-01,8.507213782338565178e-01,9.364841849292827591e-01,2.472260324706120060e-01,4.918087416438267079e-01,5.545973683039452373e-01,2.043881434466096048e-01,8.873346047929460134e-01,8.814708649988899358e-01,5.923158701992106145e-01,7.415701443234375967e-01,4.548295661364434306e-01,6.082328929231175518e-01,5.643793426296257465e-01,6.987202835879635643e-01,7.106782382051252123e-01,3.530833441762968317e-01,7.569138180666210580e-01,6.302689386132944716e-01,9.195791349017974348e-01,6.573408595323543269e-01,4.297077766322454639e-01,7.815179636438241983e-01,7.222873991328813137e-01,4.776899797976218998e-01,6.989407581764583988e-01,6.521387332734610576e-01,7.371608803043215863e-01,-1.206669909205523028e-01,3.496532121533094672e-01,4.427592361253218090e-01,6.657599390587392030e-01,7.409600616861288236e-01,1.984523989960604307e-01,7.727334478765642833e-01,5.652413561478251136e-01,4.887880008965285739e-01,4.366337838861156784e-01,7.648719556830391175e-01,2.073403195226413420e-01
7.663495941011845280e-01,2.545470599992752381e-01,8.996462884221148038e-01,7.447804043281401887e-01,5.178566511731661492e-01,7.869714006446588694e-01,0.000000000000000000e+00,2.205057587067387470e-01,7.563628012161623948e-01,5.817407964524354824e-01,5.393238999701438496e-01,4.709093674853180866e-01,7.349632721907131128e-01,3.334226969107800809e-01,5.527966179391652357e-01,7.644135702199714721e-01,9.748576424683926822e-01,4.976441719357829752e-01,7.250503873682297984e-01,9.396062022318633078e-01,4.728544650702327101e-01,7.969573093790899287e-01,5.199701685092187331e-01,7.193411073012985213e-01,9.426968603258606416e-02,1.046431753392995656e-02,4.662625665224895410e-01,4.388980890753725328e-01,5.033105892707164797e-01,6.230047656058093075e-01,3.611156716344897655e-01,7.749518453433430487e-01,2.750500898253136484e-01,4.478833915843682401e-01,4.183358722404800778e-01,3.435879953524115793e-01,3.263619151268525309e-01,5.600306505234902144e-01,7.500780365821422269e-01,4.070872818056977538e-01,6.243857161627608399e-01,6.123059835293340747e-01,6.763674797478750333e-01,5.765625981916385756e-01,6.567460364151836982e-01,1.969999612107047396e-02,7.528219718000550564e-03,1.405805253263649746e-01,5.383772597316076602e-01,6.781568554587651398e-01,4.418464446275374713e-01,6.983389124260035441e-01,7.299987141059902651e-01,2.997192985824203015e-01,7.802875824221024992e-01,4.648256009192415772e-01,5.251200013220861385e-01,4.630561368283214740e-01,7.528312131146053243e-01,-1.166857673307212240e-01,3.042870877160676613e-01,5.777349007488523647e-01,1.456335997663771031e-01,9.232026417221949055e-01,9.004463989238555843e-01,3.901774461550989725e-01,5.507964539796306180e-01,6.517999809742185402e-01,5.302640458216462127e-01,3.117368793219001954e-01,5.973918021463300310e-01,5.318945757216002601e-01,5.560028614546361769e-01,1.456061597197614021e-01,2.783570811773299902e-01,7.826123866828758047e-01,6.250481584578361227e-01,5.609250768475674276e-01,3.859726806933622134e-01,1.598243967381410835e-01,5.271087652231674081e-01,1.777045295364211575e-01,5.072867262310617464e-01,-5.303872131073308904e-02,9.731028016602711883e-01
4.575321181366455714e-01,4.987155408088327357e-01,9.689769179263020282e-01,4.706075431691008060e-01,7.331769703247692505e-01,7.038691155648014730e-01,2.205057587067387470e-01,0.000000000000000000e+00,5.051136002811215109e-01,2.742856376517130990e-01,4.099143432597207592e-01,3.087219388797427522e-01,6.733853521111476947e-01,9.525642423515696677e-01,7.001446882690055551e-01,9.896469886510664837e-01,7.947844877596557112e-01,6.456971485520945908e-01,3.326020164316053629e-01,9.928844873767420642e-01,7.742981174777853193e-01,4.483158885202992994e-01,6.931026384695730957e-01,8.967643562136157209e-01,2.965677841895130173e-01,1.240593197591771529e-01,5.554925481388405251e-01,3.910888980962723416e-01,-1.942552699163221097e-01,3.784231646648705816e-01,7.454744146703419228e-01,5.871137125305707638e-01,3.576289531490304818e-01,8.649763500590336163e-01,7.590021955396158981e-01,1.669736215810285751e-01,4.156601639910306734e-01,4.857497998337969025e-01,5.194237204929244012e-01,4.019317522236220963e-01,6.583405666722210725e-01,4.278020242746080060e-01,2.215185785129979434e-01,9.837014374212691425e-01,9.961101191672416810e-01,2.895704470708258538e-01,7.773562078229141470e-01,3.587971970975306624e-01,2.363733174965921280e-01,7.136644914015412011e-01,7.260773369018541645e-01,5.177311667413475593e-01,2.092613855066169926e-01,7.589920729517631859e-01,5.942116136820840833e-01,8.106203393162544346e-01,2.567546686653162658e-01,6.315026632973450571e-01,8.909964509790854192e-01,2.145035302247153830e-01,3.180267352863188624e-01,7.999183825648599200e-01,1.175013376386302433e-01,7.011295724369006610e-01,7.584708792382963694e-01,8.251288641923537615e-02,3.637750938338106810e-01,9.209672773510573229e-01,6.840878126187229791e-01,4.709980150793033338e-01,7.897787339323406597e-01,7.148584873575594134e-01,5.103680433093550350e-01,3.817420264441552247e-01,7.449817767818414094e-01,4.739494534491425215e-01,6.677951935770639613e-01,6.708953743538194070e-01,1.988575484199112675e-01,4.426295971553347308e-01,2.522666019078769750e-01,6.424292436769530878e-01,9.504506802259227172e-01,3.938751766321917369e-01,5.148707256204886340e-01
5.839244075166609704e-01,6.051204094814641721e-01,5.865897554216310539e-01,8.799646719462912436e-01,2.824004928720491581e-01,5.341796622699086505e-01,7.563628012161623948e-01,5.051136002811215109e-01,0.000000000000000000e+00,7.804469829613118748e-01,8.711719946734476361e-01,8.248097799609438452e-01,4.336561349191142556e-01,6.924449415642859318e-01,7.403869676242458286e-01,4.479353155864004288e-01,6.969679237673441774e-01,2.218936538948168002e-01,9.969377357255355676e-01,3.257952137743360677e-01,8.099102120815921957e-01,8.803933525204845623e-01,1.212440140806136518e-01,4.766091360439957403e-01,1.519864422808084869e-01,5.599719665042410810e-01,7.017779588490491438e-01,9.662319531324792266e-01,3.973032393887883096e-01,6.915009167755673536e-01,4.637932690441504135e-01,5.133416813785446342e-01,4.560206071382515436e-01,6.373998070945697814e-01,7.485295809798144795e-01,3.619768803970367932e-01,2.059708188565879117e-01,8.953812170239381363e-01,4.508086370226129236e-01,6.784048719597088883e-01,4.140143776036973589e-01,4.434109801214165536e-01,6.181859289874590546e-01,1.442470569415708337e-01,9.232176954905316757e-01,5.024699492324844474e-01,6.077263383731139612e-01,7.637892802263602787e-01,3.346819684190063260e-01,7.399918984322889637e-01,6.686955738795897775e-01,7.402256975993084520e-01,6.185868250196310258e-01,8.120063318886810988e-02,8.286669309232496117e-01,9.469474208836121676e-01,9.075746390724990231e-01,6.982239941910641789e-01,6.536331642854128487e-01,3.733285179066322401e-01,7.575814139315770745e-01,7.151663556264291621e-01,7.792675961189675649e-01,4.115721238797291348e-01,8.532863262004053428e-01,9.481118868548258360e-01,8.678335026777237449e-01,8.566320985912451169e-01,6.447250348697078914e-01,7.378315549227302261e-01,2.597104038442837881e-01,4.065635471735250528e-01,6.120605598685417981e-01,7.938843413153904294e-01,6.276592353465827445e-01,4.559126629546242371e-01,6.181882379115938297e-01,7.702596322430939058e-01,7.432613776880937495e-01,1.999572343295455967e-01,4.166294197287104817e-01,9.085997038591798747e-01,6.346345645351612053e-01,2.135948458097214619e-01,6.966279627448140888e-01
8.887417958388917905e-01,6.905515472726632131e-01,1.038026078883974024e-01,8.144058958565488782e-01,6.954855532798205342e-01,2.628944631394858900e-01,5.817407964524354824e-01,2.742856376517130990e-01,7.804469829613118748e-01,0.000000000000000000e+00,4.343926121683278074e-01,4.346076169792620347e-01,8.764396230613107353e-01,6.622533300270625478e-01,4.005469075938904444e-01,8.996331869596738695e-01,8.603391053894022811e-01,7.612636350454650147e-01,6.782887725328553552e-01,4.442807108580079101e-01,9.213949148906074305e-01,5.504805328561021005e-01,7.090248229449233053e-01,8.944780121857515143e-01,5.631249030430841573e-01,6.819025436581745980e-01,6.682962908869958252e-01,7.478708097171342384e-02,7.326733032451935301e-01,4.769034518948851997e-01,2.067869231240371808e-01,5.969524150895637593e-01,7.837252143041967267e-01,7.721498536053771344e-01,9.461209459064185978e-01,4.396913258078924969e-01,3.054995186714041799e-01,9.861197936716755708e-01,2.924281404049164368e-01,9.271949610540622944e-01,6.671048616098117501e-01,7.599414827714030540e-01,9.631380306852518336e-01,4.822131227381688534e-01,6.700668615269645967e-01,8.380614865414222070e-01,8.926207195511143277e-01,4.123106606091513360e-01,4.394862546315966845e-01,6.152283994082118346e-01,5.231034643932088724e-01,8.084060554439428392e-01,7.143026339827497351e-01,7.370836540448498786e-01,7.096762046890277009e-01,7.811645654500655178e-01,3.368484001538160633e-01,9.008095739735061391e-01,2.927162183081267188e-01,7.880896633927985118e-01,2.284773365955427848e-01,6.956164229860132275e-01,7.181683227086743670e-01,4.641934996627599119e-01,5.567214410164477156e-01,4.175057442032937827e-01,9.703066879449544491e-01,9.549577817593055684e-01,4.898854073408656085e-01,7.036088807094306175e-01,4.431586307327511354e-01,6.006971315139798540e-01,5.903349100943560135e-01,7.191864006829564726e-01,5.395178161053314492e-01,9.215628790207792687e-01,8.476744979409683856e-01,3.684850713734098004e-01,3.857355117891201335e-01,3.548357840377387717e-02,6.576374304496971357e-01,7.771376353378516288e-01,8.615030984064673270e-01,2.978498542464489973e-01,6.191263843554741797e-01
9.748631240840700540e-01,5.558242693872723628e-01,6.218874689706311853e-01,6.374889161996177833e-01,7.777296048322650535e-01,7.348176944890330020e-01,5.393238999701438496e-01,4.099143432597207592e-01,8.711719946734476361e-01,4.343926121683278074e-01,0.000000000000000000e+00,6.856736310746467389e-01,5.821336284918163795e-01,9.842695293031471504e-01,4.466324437104204348e-01,6.685440411760490420e-01,6.811315886609690118e-01,9.793622530195489340e-02,8.214750755919550951e-01,7.025214308625243875e-01,9.627806121882029888e-01,5.215617571101969219e-01,7.394774262809260534e-01,8.756390484441879396e-01,6.863655314594786505e-01,7.891121064445667521e-01,4.614520861333505919e-01,7.082854385323086310e-01,4.432953104147884238e-01,5.820308271521411614e-01,4.045031513002719237e-01,3.229688191335916003e-01,7.080785937481988146e-01,4.417131651690480165e-01,9.797590641320212956e-01,3.693758398313919944e-01,7.611585959355763320e-01,7.822952009569646981e-01,6.856377732083650534e-01,6.499227082980671977e-01,5.950963229877871408e-01,5.519272108673546340e-01,4.930753038015935896e-01,7.719959320971137018e-01,6.350092241016129790e-01,4.816316999380046981e-01,7.303557590402168787e-01,6.449668008479986225e-01,7.954401914509541260e-01,4.037472934952701653e-01,7.520695027725601278e-01,8.634166309001449768e-01,6.551549210009659507e-01,8.923387887934405294e-01,9.919644705868120305e-01,4.451977978473872222e-01,9.554783072624658535e-01,8.731729228987241687e-01,8.031438885163426633e-01,4.241976500621437718e-01,7.906695800945449104e-01,6.704559443841984212e-01,2.448123300959604287e-01,6.740322921323234073e-01,9.461735115080089908e-01,4.167848098401681911e-01,5.886847473883757287e-01,7.409954522480880490e-01,2.440478064712920947e-01,5.739844463082295345e-01,9.002518330762646626e-01,7.461328181297108841e-01,7.654540315033934172e-01,4.486645652678258878e-02,6.185805139842512901e-01,8.778487193770512231e-01,7.059580592892598094e-01,6.529241698458536636e-01,2.980820715295845469e-01,2.671586032978197078e-01,5.560888411260382913e-01,2.951823344698705220e-01,9.576019062085230349e-01,9.381186126725114816e-02,5.208101659270913952e-01
9.127952461645005844e-01,7.938817817007731703e-01,6.707839268090748375e-01,8.381239161839995067e-01,7.503763431134893302e-01,6.180378732677039855e-01,4.709093674853180866e-01,3.087219388797427522e-01,8.248097799609438452e-01,4.346076169792620347e-01,6.856736310746467389e-01,0.000000000000000000e+00,7.608876353699586259e-01,9.920358083227089896e-01,3.855670732254482536e-01,4.727943861741865650e-01,6.979488950147993975e-01,8.022849897690490506e-01,4.293602490398223948e-01,7.350794615704361323e-01,9.371204220500859439e-01,2.269580753943369889e-01,6.928211893476537986e-01,8.225105063245686798e-01,1.360370744586933689e-01,7.683286177686233787e-01,7.305703416575103359e-01,7.478886068892790506e-01,4.648672954387781386e-01,2.966056762641939293e-01,9.286316773612270925e-01,4.534606995622356140e-01,2.523484954981133899e-01,7.862022272339276308e-01,4.297138568008221360e-01,3.419979704983977520e-01,2.423304967991628811e-01,7.651895864627865640e-01,2.992662465232749924e-01,3.789944782172909310e-01,4.982035369342681375e-02,4.407765144705620419e-01,3.978444286526982010e-01,6.744953759288252471e-01,6.467061643556861750e-01,4.845138573389179970e-01,4.186491948122510465e-01,6.518219400324409829e-01,4.398552085846962334e-01,4.239241455241753442e-01,1.594749603310661179e-01,2.200237195182127015e-01,5.152468646412456943e-01,3.691207854267571919e-01,5.475914551666939412e-01,4.331445506747623186e-01,7.243851577452996571e-01,5.156730756807803920e-03,9.861102969469235369e-01,3.417604308962360893e-01,5.324104586705914466e-01,7.213196585663971261e-01,7.640953937178455169e-01,8.129859898902970228e-01,7.120569292259298910e-01,4.150632657322026603e-02,8.877451480393567795e-01,7.995888431876392310e-01,5.246743512675504650e-01,3.846755017921914543e-01,8.434365093260185464e-01,6.617316126769917650e-01,5.548255700597908291e-01,4.563760432529627153e-01,1.359402689074993426e-02,5.742578458758267335e-01,1.782581093248087889e-01,6.739956444605206265e-01,7.037087756416793294e-01,-3.716740054473934296e-01,5.172791522295701050e-01,7.177312024191729867e-01,5.020672303747086840e-01,2.927142972074070482e-01,7.828524880876178704e-01
3.292996942155764772e-01,4.455402615428141200e-01,6.011728466413982508e-01,8.896896739747042204e-01,7.328458140736952009e-01,1.027098473959869307e-01,7.349632721907131128e-01,6.733853521111476947e-01,4.336561349191142556e-01,8.764396230613107353e-01,5.821336284918163795e-01,7.608876353699586259e-01,0.000000000000000000e+00,6.964922476257158213e-01,5.474586618503718416e-01,2.682521705908622600e-01,6.101023133518631569e-01,4.538703775607227375e-01,9.028494976907168734e-01,7.481499537946811884e-01,8.468025792512916539e-01,6.883044782965827002e-01,6.664522723078032396e-01,9.677620144260606905e-01,5.607298992116318548e-01,6.677716878427318870e-01,8.773548698742513752e-01,7.133272859872413774e-01,6.509927494601349673e-01,3.398304221375858612e-03,2.378968372313142732e-01,7.659583593167834659e-01,7.788583417498073924e-01,9.909520179418723762e-01,6.572116827089382607e-01,5.841104173771652919e-01,3.331226388885287770e-01,4.421581395549548099e-01,8.708290795532980244e-01,7.342833856348227606e-01,2.407530154165110070e-01,7.268096378326434071e-01,8.808812958436132989e-01,6.392245876460855847e-01,3.638012854263973361e-01,7.353448921756162715e-01,9.378109364540481163e-01,8.443537074237555951e-01,6.048468195480354304e-01,3.173968532350419092e-01,4.615710770843617361e-01,9.381958656688212939e-01,1.879039344627383978e-01,7.137406306474869400e-01,9.818255714055704741e-01,2.585425203172113662e-01,6.468619915755513539e-01,6.452163441574753078e-01,4.311802421650535733e-01,7.600255136490743357e-01,6.470795888847854505e-01,7.146344095635099869e-01,2.864211759705835303e-01,5.200237479291149878e-01,8.783267507432711563e-01,6.584900480133712986e-01,3.870180508399054253e-01,8.062830611441852424e-01,5.744193389988222487e-01,9.354489811202987282e-01,6.251247945431402941e-01,6.452947248946587777e-01,1.047028004614501545e-01,9.343032532131024387e-03,5.992059521954227197e-01,3.653661185146123147e-01,1.709353956249389239e-01,6.890622361157026088e-01,4.099970471749324052e-01,1.065390618555950297e-01,5.650102046020233360e-01,7.407953010784381620e-01,6.442643618181433940e-01,5.252967847664287149e-01,8.548124868988491443e-01
6.270945124890592304e-01,7.377820821610068247e-01,2.546719324372671567e-01,8.524712897320489979e-01,5.179291994632994056e-01,7.821887664280360308e-01,3.334226969107800809e-01,9.525642423515696677e-01,6.924449415642859318e-01,6.622533300270625478e-01,9.842695293031471504e-01,9.920358083227089896e-01,6.964922476257158213e-01,0.000000000000000000e+00,6.557879857688118097e-01,8.224283947217547741e-01,5.073755902320121747e-01,6.254072419514810077e-01,5.339342394385816482e-01,6.151521393432908269e-01,8.298087913455746145e-01,9.505129570542207862e-01,8.605233173519050149e-01,8.879063535521056760e-01,5.496894639904089663e-01,3.794097914326068910e-01,9.458563327003571830e-01,6.086247268704054747e-01,2.788844697874386935e-01,5.417139932722562223e-01,2.037962067055547055e-01,1.670870989023391373e-01,7.843082759693341677e-01,7.299430101272504912e-01,5.983230567300890090e-01,6.557673545471980059e-02,7.963425432620607758e-01,4.513088062335840478e-01,6.362226578465389748e-01,6.634385268019064030e-01,4.088876461269034812e-01,9.676329689396259148e-01,6.238022982126589788e-01,1.364799263410153007e-01,6.378875313399556823e-01,6.248320253759281906e-01,7.950088635221014277e-01,6.969257660226851891e-01,7.113339573554332551e-01,7.111516779877823380e-01,9.580389315634610936e-01,6.008591911569290955e-01,7.094536104823843115e-01,5.156200100566846745e-01,3.984190764278066066e-01,1.306105241233577324e-02,6.741142795473289429e-01,4.536428286540440946e-01,4.107134955116039654e-01,-2.987923731903915359e-01,3.171410438741498194e-01,5.427878206241214532e-01,9.322510854333909691e-01,8.147349998559590967e-01,2.555768816081013250e-01,8.566786020242042055e-01,9.037600555308028527e-01,7.922997296848290905e-01,3.955132903000430078e-01,4.123484225090400801e-01,7.572208542708405155e-01,7.526241212950061099e-01,2.845434108962736630e-01,4.191534833438554375e-01,4.155901766281555054e-01,6.713133287320515175e-01,2.688745223426335929e-01,6.800936149009174647e-01,6.068428925831629295e-01,2.036748295310035761e-01,9.614761422720415895e-01,7.022556394645557143e-01,7.157387894883706636e-01,-1.804506419255839655e-01,4.280340906863638883e-01
4.024222323563151904e-01,4.084358627242740125e-01,7.657657804591336825e-01,6.744943838518844270e-01,7.743221964243280908e-01,6.372787375929105380e-01,5.527966179391652357e-01,7.001446882690055551e-01,7.403869676242458286e-01,4.005469075938904444e-01,4.466324437104204348e-01,3.855670732254482536e-01,5.474586618503718416e-01,6.557879857688118097e-01,0.000000000000000000e+00,5.932884011983954320e-01,8.515033596993527576e-01,7.631623331793087051e-01,6.814819151186226609e-01,-1.118961767286271169e-01,6.038127124889224318e-01,3.902744050390322128e-01,5.146449727122248685e-01,8.054997152313704278e-01,4.042700399792158450e-01,5.187062009833172116e-01,9.885776146032867473e-01,6.013873362715935755e-01,4.279674071804656643e-01,7.463971742411819321e-02,3.353849019556762734e-01,4.145629400369116868e-01,4.480764330111457472e-01,4.730864231684105414e-01,6.262763460425413431e-01,2.222113684337333750e-01,4.090498028208865433e-01,5.369844832028667359e-01,9.651307034278269192e-01,5.708556070642920588e-01,6.601009671749518137e-01,5.505602622817353797e-01,7.734040967786539600e-01,4.225959508279570898e-01,9.285757500666218522e-01,4.991699033331762347e-01,6.431021071669068556e-01,4.132660518323315602e-01,4.816360832421017202e-01,7.748584046994210217e-01,7.312718001990801131e-01,7.064691138620297073e-01,6.363016882289734832e-01,2.760456974069875891e-01,9.502518987897538016e-01,8.301728368457615970e-01,8.317077768895725365e-02,4.200474054565878634e-01,2.045250253757418257e-01,1.921337885546253454e-01,3.693086492688386624e-01,3.977396304230159663e-01,5.004230962694738993e-01,9.306161291414607462e-01,5.633582697201193756e-01,5.084671873116168861e-01,4.352428208552349131e-01,9.646887727312515315e-01,6.402685263328159460e-01,6.389513350208659848e-01,4.471074361938031649e-01,5.391158699769544871e-01,4.097417925763854329e-01,7.336729962187056309e-01,4.159550816214678259e-01,6.899594065201779536e-01,8.518398163874304485e-01,4.903179245371432904e-01,6.712932850571657895e-01,1.160078735885939488e-01,2.623489061002171052e-02,6.898996775100268986e-01,6.771289525795695097e-01,2.894107594218627288e-01,6.960327688483024522e-01
9.168893524839348830e-01,5.284427534311741947e-01,3.710701641004122142e-01,6.180851373064815135e-01,7.887621701178659794e-01,7.228166097561771197e-01,7.644135702199714721e-01,9.896469886510664837e-01,4.479353155864004288e-01,8.996331869596738695e-01,6.685440411760490420e-01,4.727943861741865650e-01,2.682521705908622600e-01,8.224283947217547741e-01,5.932884011983954320e-01,0.000000000000000000e+00,7.745069437686069591e-01,1.626595553137125394e-01,7.445622011488899072e-02,9.976831782261668113e-01,9.842241472487958109e-01,4.052422848124385690e-01,-7.815599354241908880e-02,8.900991895373967511e-01,8.021727923743134925e-01,6.634704343652456648e-01,5.962321902714031729e-01,7.407344312010595289e-01,6.632876051921698934e-01,5.451497054322212987e-01,4.535079619753462077e-01,4.601757207738380595e-01,4.509516221311237194e-01,5.510414586050427221e-01,9.364058370967565104e-02,7.122952606268200260e-01,1.124370886576141482e-01,3.434974306577820782e-03,4.648194219505621394e-01,5.446191526431326535e-01,7.813611437600729293e-01,7.611483599797230770e-01,7.388928434413768453e-01,5.089608111857065742e-01,3.895642840888532410e-01,6.103134169958839284e-01,9.473624316079629626e-01,6.553617729087067856e-01,4.628108562202349896e-01,4.244131969356927381e-01,6.971882193299531183e-01,6.352311325846693446e-01,8.477320836547237448e-01,7.886563574417719824e-01,4.428247946997925233e-01,2.335414477968714708e-01,6.066519914232560984e-01,3.240882188953604637e-02,5.746936914805038654e-01,1.316306941311486678e-01,5.302417126097763722e-01,6.833862219360655743e-01,9.099703144687835144e-01,8.814695273009862664e-01,7.436172093986209708e-01,1.183238202598391187e-01,8.556859031458667886e-01,8.586793727180332958e-01,2.844210608039357546e-01,3.539408410312808728e-01,9.285028251410530897e-01,3.904192378164907939e-01,7.512178339030606278e-01,3.468679834127198491e-01,4.434086022332991428e-01,6.303720982466970435e-01,9.027446605234763499e-01,5.344986840918448667e-01,4.507948106348409478e-01,1.088158385375235793e-01,2.858501216782768362e-01,7.140024589979424574e-01,6.616149280503453856e-01,2.632053473094127516e-01,8.322188441356141997e-01
2.083069660528429901e-01,9.287277960365987184e-01,7.838024397177072444e-01,8.260253500510864599e-01,7.494843056815441162e-01,6.417790538072882800e-01,9.748576424683926822e-01,7.947844877596557112e-01,6.969679237673441774e-01,8.603391053894022811e-01,6.811315886609690118e-01,6.979488950147993975e-01,6.101023133518631569e-01,5.073755902320121747e-01,8.515033596993527576e-01,7.745069437686069591e-01,0.000000000000000000e+00,3.486438755616468876e-01,-9.327856085429708788e-02,8.721730575281814168e-01,6.576075992621274180e-01,6.511023611153806678e-01,-2.672900300092218018e-02,4.422320431988479017e-01,6.504069571300679087e-01,9.934340441264959409e-01,9.116082447070374961e-01,6.489759959490527530e-01,3.503038527840814098e-02,3.412365339001238729e-01,5.332543900594528541e-01,9.436938658321217810e-01,6.812444734794053103e-01,5.536466666968584693e-01,4.897999531734409939e-01,1.263233158389012178e-01,3.981161470585128370e-01,5.078182857490555202e-01,5.379839317461572179e-01,6.516422787388653770e-01,4.753158350008567790e-01,7.295314737589929655e-01,9.685738888368927713e-01,8.699378621261739664e-01,8.929695253000368149e-01,8.715211077688441721e-01,6.051404061355550867e-01,6.848796873351391534e-01,6.434992579683220804e-01,8.735040681460412015e-01,4.815750553231596953e-01,7.174457149588537863e-01,7.509604905077643666e-01,5.176103320813997266e-01,7.657532351381930447e-01,8.456567522413530602e-01,7.934933706837403733e-01,7.260706841084874075e-01,8.325617476654058047e-01,8.316746115768691369e-03,1.319251515648050821e-01,5.253532349351996977e-01,3.752832607136471488e-01,8.147093833503462612e-01,3.997473372653076451e-01,8.175374717181550510e-01,8.083505692040580115e-01,4.550531074169325563e-01,2.946713169115883768e-01,2.434727557266901654e-01,7.222421071338945842e-01,7.583975280158377075e-01,2.135714263953834569e-01,5.849118786305407269e-01,5.763375192168230798e-01,2.835347554325987618e-01,5.881187270081422724e-01,5.188235713693236661e-01,4.839467488418132124e-01,2.939702221862133258e-01,9.528770815682590101e-01,6.145621048820733012e-01,6.462421008878427298e-01,5.225443975809248576e-01,6.247160908005409130e-01
8.197827899336622703e-01,4.563746224982307420e-01,6.893204712837115444e-01,8.799589916435159864e-01,6.846871562914481624e-01,3.690276916067367630e-01,4.976441719357829752e-01,6.456971485520945908e-01,2.218936538948168002e-01,7.612636350454650147e-01,9.793622530195489340e-02,8.022849897690490506e-01,4.538703775607227375e-01,6.254072419514810077e-01,7.631623331793087051e-01,1.626595553137125394e-01,3.486438755616468876e-01,0.000000000000000000e+00,7.267910757124268484e-01,9.241215480922446712e-01,6.300757578846338802e-01,3.814003136983169506e-01,5.978736421994990113e-01,1.932827753130457460e-02,5.164843341928765375e-01,2.652871970207922314e-01,8.108178686948758207e-01,7.541522955871672318e-01,6.910551361363701517e-01,-1.502988735086329963e-01,4.937697674543037873e-01,1.354163115177877408e-01,6.496303805534455744e-01,6.649679887488305630e-01,5.080288845204404824e-01,3.990764015047068014e-01,4.007293570529013582e-01,3.935343829528424320e-01,7.730428632048457205e-01,6.205426735036525532e-01,1.738669267641733962e-01,2.501729317055967350e-02,6.755986084917561252e-01,7.558041518193955310e-01,5.063581134778879500e-01,4.808094483281440956e-01,8.459579303457073207e-01,8.649115886554760158e-01,2.248421434058616719e-01,6.884435793444610985e-01,3.223320358323422674e-01,7.100951439581918434e-01,6.912637663267100496e-01,7.170823775555292823e-01,8.961142740466151446e-01,2.383888294276916564e-01,6.120604864566262515e-01,8.094822247451115560e-01,6.332205805092264717e-01,1.414545771480871239e-01,6.120037793348679367e-01,2.019163607451544828e-01,7.058211716635931499e-01,5.715235291854818822e-01,4.080275887993947692e-01,4.732917701742525018e-01,6.677472063187726015e-01,9.208514578928844729e-01,-3.876848956825532100e-02,8.204697273530039414e-01,4.833181666168708812e-01,7.649373228208797837e-01,3.534727560501280674e-01,2.199206773696008310e-01,1.740245808553827489e-01,6.221665790351451619e-01,6.286100282523388039e-01,2.240091321181318373e-01,6.645774010539899912e-01,5.232052001078952852e-01,5.826073740832472536e-01,7.591851141409555748e-01,8.301655785434334245e-01,-6.497932066693085096e-02,4.125190854946515495e-01
