0.000000000000000000e+00,5.231237187286907897e-01,6.074544056381664392e-01,8.207482338094921337e-01,8.398370187436623446e-01,2.784613025472598702e-01,8.320313852239428210e-01,3.082852440696438601e-01,8.223235934349694132e-01,2.252911198743173249e-01,7.847589436895522352e-01,8.344751491042288194e-01,7.697510431599294822e-01,7.700071733047778588e-01,9.479696085083457735e-01,8.442987766556881990e-01,9.060367758377656511e-01,6.848379198589437111e-01,5.387165878449035050e-01,7.191215221446121131e-01,8.673737415677604812e-01,6.584345268351692315e-01,4.769513055538927015e-01,5.150334644211077562e-01,5.374072052590742610e-01,9.802643626708009705e-01,9.402297718604357701e-01,4.692434491046043599e-01,2.431731985583928668e-01,3.708422125433783467e-01,2.527756133845350250e-01,4.582225366272416611e-01,7.404790574019846083e-01,5.250177892215450726e-01,9.781426203555003696e-01,5.130900276729829512e-01,3.293973681023909528e-03,7.788940694365604767e-01,7.322974375300175254e-01,4.085547772607356909e-01,5.623602382523769094e-01,4.988598644555234940e-01,7.269326022168234314e-01,9.623499318388047952e-01,8.011943908352635590e-01,8.822492921692434154e-01,6.170693536058720063e-01,6.908257478807530161e-01,8.695496489317714461e-01,6.206815341527799346e-01,8.749703510039628096e-01,6.502969174311504785e-01,6.441493584551279961e-01,6.763476513675007462e-01,9.582775998922931082e-01,4.871641218489734526e-01,2.748615309080520985e-01,4.336568267856897863e-01,9.492856624190786352e-01,7.731038787411343982e-01,4.366882899006813146e-01,6.291636507640749887e-01,4.768681155228330915e-01,5.284603087905723751e-01,8.521783158321161178e-01,6.188015580509349522e-01,7.401678664734213653e-01,5.551559279171581762e-01,7.812361562335672360e-01,7.972974133053181145e-01,9.461216447714192457e-01,7.402324154272037493e-01,-8.428294626582356897e-02,1.573378007233401099e-01,8.069743755140292851e-01,8.858968861268476935e-01,4.282268659374469655e-01,1.356074296281148672e-01,5.404750191527850633e-01,3.443889995479112454e-01,6.862300144552871961e-01,4.138388867430317641e-01,9.731366452383378718e-01,2.979456116710106350e-01,9.332271888691041628e-01
5.231237187286907897e-01,0.000000000000000000e+00,9.817806947183035371e-01,2.331041492862149789e-01,7.736136722737114724e-01,4.304116331695223563e-01,7.320601965272098832e-01,4.194625995060624613e-01,4.784149020787909490e-01,7.078796991627303026e-01,3.011757554381803148e-01,6.887631771833738759e-01,2.452048239126559115e-01,8.641914196392899150e-01,5.503626535284174004e-01,5.286111158828734613e-01,4.122643044303374027e-01,7.826132964111078838e-01,9.306371515298996755e-01,6.371504418549313042e-01,6.010360796386545745e-01,6.130030585110730623e-01,9.895108189935014620e-02,9.970123147516233297e-01,2.437729472195765967e-01,7.039320343202066788e-01,6.550271640294710318e-01,4.542678945311951488e-01,5.069507931245578192e-01,2.607713617871013634e-01,4.268813098321062593e-01,3.010247796067586079e-01,4.011493606704471526e-01,8.884674784272541537e-01,8.700723612420253883e-02,2.134190750602603659e-01,4.436664692801089438e-01,4.028537292616039128e-02,6.587816169496764074e-01,6.740898701128024140e-01,5.573005844649207008e-01,9.552028624211756913e-01,9.670834550033946542e-01,4.906394901459968927e-01,6.063471699437066320e-01,1.035320108255777111e-01,2.248546645431377389e-01,9.667428349210764882e-01,6.458490522369777498e-01,9.267886358063260888e-01,2.632814265386876351e-01,3.506275409763912748e-02,4.387401664747856422e-01,3.210338189816800969e-01,6.654390739005836553e-01,6.473724774382167979e-01,6.841684270638945797e-01,1.553078810055655845e-01,9.783536977891105213e-01,5.732529141710705073e-02,4.139140749445574530e-01,4.915841103489171360e-01,7.036203498253266186e-01,8.109163883567359621e-01,8.833040083460734770e-01,9.055826998919843662e-01,1.767293331153963198e-01,4.584117847708102378e-01,6.218377783815037807e-01,8.053686612248969201e-01,9.871661156841411433e-01,3.244965886883977579e-01,3.114551019626751183e-01,7.915042401246898951e-01,3.872400704546393180e-01,5.522972826171623772e-01,6.497506919304065764e-01,7.088719877239023637e-01,3.991453341863589466e-01,4.130130703748458032e-01,5.670410365747207138e-01,6.272260591495864013e-01,4.828083481939253185e-01,4.847388045587651684e-01,4.729974333682940291e-01
6.074544056381664392e-01,9.817806947183035371e-01,0.000000000000000000e+00,8.190310287246266308e-01,9.473444661746924789e-01,7.081883093749856695e-01,2.009260947675101938e-01,9.754266634844479533e-01,4.060767189127355015e-01,9.454697159886742419e-01,8.448252635480051342e-01,8.123785558522143013e-01,4.010383650562203695e-01,4.428018118978039874e-01,7.408709283515715338e-01,8.713651079170152691e-01,7.792007546839249121e-01,7.967292415612433620e-01,2.749497565913469055e-01,4.322288922638047870e-01,6.228723341699646809e-01,7.644600428046026686e-01,8.305937915655721149e-01,7.772066711385380300e-01,5.184074271180086901e-01,9.187386411589042456e-01,9.043232855696249350e-01,4.219393214467577202e-01,3.544319334381549336e-01,5.544897235618371223e-01,6.271146348718664720e-01,9.158876568378365723e-01,6.746441271733778500e-01,9.607819566108500853e-01,4.133108730706226974e-01,1.191644466452985579e-01,3.424293012946202364e-01,7.091832216868197702e-02,9.289134597706178997e-01,6.920277440718957118e-01,5.136609907739053682e-01,7.887590922121969772e-01,6.482708757557942292e-01,7.770950818893864742e-01,9.207998107479593575e-01,8.221748654501546127e-01,7.824061245920483909e-01,8.974916222244868624e-01,9.924041746050777935e-01,5.113953846837044903e-01,9.848655035544443548e-01,9.377341289943786906e-01,9.647903832730428952e-01,4.994410023101354956e-01,7.371022355574902152e-01,6.299479172751579759e-01,5.143714741369992405e-01,6.474783866850134517e-01,7.443919899751652025e-01,4.131296035004772271e-01,3.312512307442041504e-01,7.470621697099332215e-01,5.027091537458291404e-01,8.384212296794496533e-01,5.513512136269999031e-01,8.091556134191172367e-01,7.875535254427745713e-01,8.777271121743684956e-01,8.599901988139592168e-01,9.419348903703759213e-01,7.431117650739877956e-01,8.049587169154059918e-01,3.664894925525730152e-01,3.949130410511367262e-01,6.434217155605514993e-01,5.989579030984819585e-01,7.286822592386686948e-01,9.514085219246031233e-01,5.008517037262580907e-01,3.976573788809101284e-01,6.744045086274318423e-01,9.448301244288530576e-01,8.057552446786838685e-01,9.694194708959410489e-01,9.940759833999573969e-01
8.207482338094921337e-01,2.331041492862149789e-01,8.190310287246266308e-01,0.000000000000000000e+00,7.090648811316013767e-01,3.456281098663683271e-01,3.697078558454782726e-01,6.254499321351955077e-01,4.705212286014005540e-01,2.213726337585698034e-01,5.596179532734177897e-01,6.445338884604104868e-01,6.062441583064329675e-01,6.501260185640661549e-01,8.683740621111475377e-01,9.530150378903502473e-01,9.336465146408918780e-01,8.573178618014530850e-01,7.884069418078734071e-01,5.816446068544378623e-01,9.297683748721872199e-01,7.994778742949780748e-01,7.430018117055374738e-01,3.774961414642735713e-01,2.906432084526229809e-01,9.049704100758003689e-01,7.066542897140095647e-01,2.031118219527948687e-01,3.618759470091515995e-01,4.076805385334195120e-01,5.661462964199903691e-01,5.510823492606732321e-01,7.282720057349464371e-01,5.939051317355119597e-01,6.188939785222048462e-01,3.392580199010414299e-01,1.285697919920883170e-01,6.196698946602968716e-01,5.838188530658603437e-01,3.408152006970861514e-01,4.912603188090819972e-01,6.798785299997774922e-01,9.628939807040670651e-01,8.331720268592406331e-01,6.008676670793690056e-01,9.553344506948138193e-01,2.088889526480562087e-01,7.970220526718678755e-01,5.851058374750085500e-01,6.987118386809356707e-01,-5.869927887567807923e-02,6.082324733122131954e-01,2.327894249272521032e-01,6.128205264060215818e-01,3.893973164822391864e-01,8.437145265641856628e-01,4.111091564599446135e-01,7.573082068410151857e-01,5.405273720614045541e-01,4.165140239243090292e-01,7.343383117033706053e-01,8.979599053899152139e-01,5.721207955528606615e-01,8.457871470595716978e-01,8.575972037278427607e-01,6.743814406101983350e-01,6.223505006301657261e-01,7.120620748480295248e-01,5.980564086480891217e-02,4.537097054779971605e-01,6.840468474133925003e-01,7.354979728230059965e-01,4.298977537597133969e-01,4.616772275607155529e-01,5.031696024354278540e-01,6.478506954031660880e-01,4.098972237774116678e-01,6.050304589471675598e-01,4.448627284988218022e-01,8.152058725766163361e-02,2.303708342885033705e-02,8.362364902600104566e-01,6.108945729646340084e-01,4.117510930320276152e-01,5.534386815837313289e-01
8.398370187436623446e-01,7.736136722737114724e-01,9.473444661746924789e-01,7.090648811316013767e-01,0.000000000000000000e+00,1.433014163016021747e-01,6.716701056672391701e-01,4.749436332893657298e-01,4.651809087133622067e-01,7.310188942510024157e-01,7.862919114758367689e-01,9.753914583741579714e-01,7.932351241065543901e-01,9.162936556165551805e-01,9.123021107406320551e-01,5.768652437170644909e-01,7.428217714635713120e-01,4.208188986077237015e-01,4.457238434972358165e-01,8.377387056131414544e-01,9.215331427471076253e-01,4.221536600078772961e-01,7.628420856701455532e-01,9.867011458117433964e-01,2.962256174116120189e-01,5.265240511234057230e-01,8.913443685854984810e-01,8.520554229166948934e-01,5.671283568237335260e-01,5.614203687542200782e-01,5.802773786035250181e-01,2.376294260381258960e-01,4.445642924530053830e-01,6.102474234517957230e-01,7.228233913055253090e-01,-1.154632517381574686e-01,8.795796434890690296e-02,2.717443070393377735e-01,8.783578702350902656e-01,2.634695237213975916e-01,3.094607755270767924e-01,4.355845738198507733e-01,9.517938024610101966e-01,3.136951089520488845e-01,9.285161074193213349e-01,6.626478903367030160e-01,4.560033711347226681e-01,7.835391410638370413e-01,4.825579986809889199e-01,2.946697906302102599e-01,4.951402047251690086e-01,4.660381544527196218e-01,6.798565240047695912e-01,7.154483928152329808e-01,6.749865305316219422e-01,7.794589365143312909e-01,4.642290903947812186e-01,1.798306566785095109e-02,7.709739579901776496e-01,7.308163890292579401e-01,5.871853660764601024e-01,8.642414492779068036e-01,7.957560956773443994e-01,9.500383136906699333e-01,9.058016325483646547e-01,-1.464878637562192221e-01,5.958976123305340655e-01,7.566386884950236924e-01,4.582506158295618914e-01,7.122782335848296675e-01,6.633172205754281903e-01,5.395089958871754909e-01,4.337208180623519649e-01,6.224095930155372214e-01,4.078493465257374551e-01,6.325516532016444149e-01,7.969438605482266347e-01,4.348092619039421458e-01,1.220108349169852641e-01,5.376888477760586454e-02,4.566596754259036328e-02,7.470473070381359326e-01,4.803013705731137284e-01,7.599414056678827079e-02,7.128380148980858477e-01
2.784613025472598702e-01,4.304116331695223563e-01,7.081883093749856695e-01,3.456281098663683271e-01,1.433014163016021747e-01,0.000000000000000000e+00,4.992929342119520886e-01,7.839192891962312171e-01,5.960934170782770103e-01,8.905712752867963600e-01,3.475815845702159290e-01,7.929427274153731942e-01,2.795036920533927605e-01,2.240374377180192056e-01,7.027752495354280260e-01,3.718828421883973445e-01,4.741669259674724524e-01,3.944350107033557373e-01,7.660620683611514270e-01,4.658127303100791927e-01,8.479442070764019457e-01,5.362373103174450373e-01,6.651027522624572974e-01,6.830114166046229451e-01,5.841236232936546369e-01,4.557695681364525853e-01,7.285127780229750938e-01,6.641535512923077977e-01,4.321228956670943866e-01,6.833669378468432143e-02,4.731382891051583162e-01,7.934155286300860199e-01,7.844337241639041114e-01,7.516658562729130466e-01,8.506717138009689538e-02,1.234271415922441328e-01,7.401597390629855999e-01,3.702435330275516412e-01,9.919213880383650483e-01,5.084379910929650581e-01,5.491110953244666693e-01,9.798932918590406160e-01,6.065342282286565467e-01,5.155107993375412229e-02,2.113838225689101125e-01,6.135418302983065564e-01,4.110223423308307367e-01,6.657811901665842136e-01,3.538792787038149701e-01,4.597692509514439418e-01,5.775501115975772981e-01,6.669264215769372672e-01,5.928692282192857821e-01,4.467867808548158237e-01,3.108224437782066696e-01,5.020143437694165600e-01,2.017378897791972381e-01,6.226455327115165694e-01,6.840981785002322457e-01,4.551906230021147137e-01,3.422467921301337035e-01,5.283854375736378728e-01,4.557418397919712483e-01,5.992327495508786850e-01,8.487754919315768642e-01,5.874841233640819560e-01,4.950940107687102354e-01,6.502196677673991454e-01,2.097716210082473665e-01,4.085692925941979969e-01,8.693441127405286961e-01,8.613203484620619577e-01,3.809602468627178995e-01,5.859114922698117622e-01,3.903042324621896486e-01,7.467026038202398963e-01,5.465568210958284823e-01,1.961690984897468681e-01,1.366319892606843445e-01,2.768655420439240511e-01,4.770525259705410415e-01,4.955330565415653199e-01,9.723797646306893139e-01,2.986855621355846147e-01,7.845491385487842750e-01
8.320313852239428210e-01,7.320601965272098832e-01,2.009260947675101938e-01,3.697078558454782726e-01,6.716701056672391701e-01,4.992929342119520886e-01,0.000000000000000000e+00,-1.185088235999559036e-01,5.339837588356004527e-01,9.354710594099318044e-01,5.700560946062220857e-01,4.433494450016415428e-02,8.525294727256673699e-01,2.033326108733041482e-01,7.727509798240055350e-01,6.215166510035363689e-01,7.301715943699044198e-01,7.254575489217481854e-01,5.742975559971541522e-01,4.799728580816651768e-01,6.534916829538235383e-01,5.445928464380123124e-02,4.580402376563028621e-01,3.638598938959463069e-01,-1.322953540321614163e-02,7.709951379434931695e-01,4.310095386320999533e-01,6.159698036744232219e-01,4.113722087330028976e-01,3.079386762423604318e-01,2.355279793593414994e-01,4.035555532861978545e-01,4.474931085897419503e-01,6.112211197483192748e-01,5.080833129456382435e-01,7.263464081842296860e-01,5.927926636180780307e-01,4.774201071124208329e-01,8.195299447926965852e-01,7.962401839220389910e-01,5.527538050962462757e-01,2.011793583373088778e-01,9.218643536630162227e-01,1.560182698534675894e-01,2.622209847169782448e-01,3.102889362827621067e-01,3.408216067903774293e-01,2.149596116247603217e-01,7.402816605515132320e-01,4.809839780822104949e-01,6.825644012927373216e-01,2.539013048656318938e-01,9.765427989478411286e-01,5.874061149318037245e-01,4.434368125378000958e-01,5.935657581647796333e-01,2.111865503719350390e-01,-1.568384854604545908e-01,8.920760062695033410e-01,2.272975957402864622e-01,5.281568744975597696e-01,7.179896198213083780e-01,7.186485763304755192e-01,8.677262729126794527e-01,7.928315848625371309e-01,7.639198437708503153e-01,5.968494495350717965e-01,6.793139001838434110e-01,3.214447028836136533e-01,6.717450108379453555e-01,6.947628597238989512e-01,4.610427644364093469e-01,7.214441812055283343e-01,7.806512292820687593e-01,4.043001819019386156e-01,3.241813369102623521e-01,5.115482736403260677e-01,4.824135620688204118e-01,1.438276114078743673e-01,1.507491274596993724e-01,4.093877052816978779e-01,4.940661508776204025e-01,2.790939571135027664e-01,5.213250561486356682e-01,4.342720598952835021e-01
3.082852440696438601e-01,4.194625995060624613e-01,9.754266634844479533e-01,6.254499321351955077e-01,4.749436332893657298e-01,7.839192891962312171e-01,-1.185088235999559036e-01,0.000000000000000000e+00,6.073715684290261763e-01,5.042335735170232480e-01,6.448435283808043872e-01,5.416265243046769484e-01,5.855038104615414296e-01,4.099395506447656157e-01,6.152486735179482080e-01,6.388502893421554862e-01,9.508142313716435590e-01,1.469119301281265368e-02,7.832094173491925826e-01,6.115895353975959736e-01,4.673135161065054555e-01,7.677558214746744714e-01,6.154921764232000880e-01,7.826140258636037350e-01,6.458338632733836571e-01,7.073971540429885296e-01,7.493054575727597921e-01,5.134512833368376494e-01,4.036369503499567246e-01,2.626681913913432309e-01,3.385768482499240117e-01,6.508323575114670634e-01,7.267741143341044374e-01,7.845865427211110577e-01,4.730288761604851122e-01,5.639350251063020014e-01,5.459859815429082275e-01,5.485587454425605580e-01,7.332205974614026678e-01,6.934555198169567447e-02,1.418189974634266326e-01,6.791352976145613729e-01,3.629891532224852613e-01,6.806977156020675990e-01,7.269527414071033089e-01,2.066327532374421239e-01,5.969021391378475094e-01,6.457865251082357538e-01,4.725614657824034892e-01,4.167357478155346850e-01,4.683818421767739215e-01,3.182785954873521561e-01,4.974568539260394440e-01,3.385816544977235387e-01,2.780524710597624405e-01,5.345125478852745804e-01,5.516278098717933842e-01,4.929138131247358112e-01,6.253533091022217549e-01,6.449198803988615003e-01,3.896642524362183835e-01,5.356254751855044072e-01,7.947569472319311323e-01,7.461984412060472804e-01,4.205552972519938648e-01,6.998268771995748150e-01,6.488082876081203709e-01,4.501459578623119850e-01,7.616377575340147477e-01,1.133060335874968017e-01,4.604272214263135932e-01,7.915442671020880283e-01,7.084991648406167020e-01,5.359180541655703678e-01,6.567687281690867129e-01,7.810441537973631387e-01,5.287262561831636010e-01,5.019368167942814818e-01,5.437040132010882987e-01,2.668167517032467018e-01,7.648008220683532032e-01,6.741091143922678386e-01,4.193409124089669260e-01,5.349496987387518665e-01,6.583939379130918645e-01
8.223235934349694132e-01,4.784149020787909490e-01,4.060767189127355015e-01,4.705212286014005540e-01,4.651809087133622067e-01,5.960934170782770103e-01,5.339837588356004527e-01,6.073715684290261763e-01,0.000000000000000000e+00,7.801197677466137348e-01,3.570803906168131814e-01,7.245309329262523690e-01,9.300762242029929627e-01,5.593227525975338343e-01,6.020292635047239660e-01,6.045621324170141753e-01,3.044707796650271692e-01,4.969352912236157938e-01,5.553105282578478796e-01,5.925198951389603064e-01,8.345725302995030681e-01,5.291145399677867900e-01,-1.488946449427847041e-02,7.250955361890262241e-01,7.780011760435585622e-01,7.152683222755215064e-01,8.256792384589073386e-01,7.013190111640463797e-01,5.710738183647676713e-01,4.595098092448495763e-01,3.309516316223422572e-01,3.605324706936872126e-01,4.427618641167471170e-01,6.197097916447535937e-01,7.074195843913250181e-01,4.970238773187518055e-01,5.416843278120077043e-01,5.365868070597474837e-01,9.818668442683862185e-01,5.342440768358140968e-01,8.424340383594355330e-01,6.792466624445007983e-02,8.968036358188414825e-01,4.103315870513950525e-01,8.194506152806705357e-01,7.947135059942154189e-01,6.230931460218901430e-01,9.818604276198749092e-01,7.866136511831336442e-01,5.141395972043741880e-01,5.904096334630839493e-01,6.222541705660858957e-01,6.299776597027767489e-01,5.827808784771379980e-01,4.262716060127685891e-01,7.477138313311768592e-01,4.889841088325012075e-01,4.799098608280901179e-01,6.782659042197874966e-01,2.976584871472331972e-01,5.392258452579862249e-01,7.083361835525651129e-01,7.756140058940586002e-01,-1.145678769368065203e-01,4.478709101286474370e-01,2.940614671458839369e-01,2.685819150294920243e-01,9.131638944343993813e-01,1.921416637116342419e-01,4.840636795056816322e-01,6.448078761627076272e-01,4.359121143282176369e-01,2.874393227348020496e-01,4.096117141325754663e-01,3.152031760559532714e-01,7.508851704753587430e-01,6.675606732813219590e-01,3.812819372289267816e-01,2.179796708981101006e-01,4.417980052107899347e-01,4.825602468880018647e-01,5.506851614731977929e-01,7.148734257457753927e-01,1.615334457178707606e-02,-1.173094360943930381e-01
2.252911198743173249e-01,7.078796991627303026e-01,9.454697159886742419e-01,2.213726337585698034e-01,7.310188942510024157e-01,8.905712752867963600e-01,9.354710594099318044e-01,5.042335735170232480e-01,7.801197677466137348e-01,0.000000000000000000e+00,7.812288995919538515e-01,9.123653576662895670e-01,4.464076264713197628e-01,6.904346754729540070e-01,2.974713472092409550e-01,9.748308021393546907e-01,6.267510492231171959e-01,4.229057475608335448e-01,5.203045966120178889e-01,6.392123549856947307e-01,6.961759059677270489e-01,2.802278349214286646e-01,7.499681916925160508e-01,7.123995485039974485e-01,7.918925309334695628e-01,5.469211153917090673e-01,5.740377209634502931e-01,2.172403428543729642e-01,5.346581547290698566e-01,2.907254257388395269e-01,2.112446279686188144e-01,9.268531242065781717e-01,9.176893877633413021e-01,5.759341427132760316e-01,2.669684519579961779e-01,2.700201059655326641e-01,4.251743370428850977e-01,4.437859737538615290e-01,6.192565866306002365e-01,9.244464055830784455e-01,2.420675836744787535e-01,1.869088759464414273e-01,3.907068993816227298e-01,2.085786145560794280e-01,8.340618153535580559e-01,4.282274599959693950e-01,6.739984905621233535e-01,6.442381882276938532e-01,3.103216235977531712e-01,1.252743356220234749e-01,5.034264942892079375e-01,7.053786328401208117e-01,5.111531480975791686e-01,4.995342075058063491e-01,7.129332712717026954e-01,9.422722902911221388e-01,6.893109872007993078e-01,6.909273416635033360e-01,9.317823901758474081e-01,5.999941620896540595e-01,4.106695416080742289e-01,6.597517450076635370e-01,1.125565807900649196e-01,6.349866735973681564e-01,7.758416485865807788e-01,9.430752338972188120e-01,7.123845115697504671e-01,8.727479537433383561e-01,8.660894487879475800e-01,4.353209553208656213e-01,6.529219050856285289e-01,6.039692894854339356e-01,1.371359353539176318e-01,3.027322881504436181e-01,4.630053828168835262e-01,9.219572656038967917e-01,9.481113343990622555e-01,1.597375454304769959e-01,4.867422245419740223e-01,2.263586106864248770e-01,5.030259155086083123e-01,9.489509668401459042e-01,9.433500306058841822e-01,3.781396378527088764e-01,7.483361986823726664e-01
7.847589436895522352e-01,3.011757554381803148e-01,8.448252635480051342e-01,5.596179532734177897e-01,7.862919114758367689e-01,3.475815845702159290e-01,5.700560946062220857e-01,6.448435283808043872e-01,3.570803906168131814e-01,7.812288995919538515e-01,0.000000000000000000e+00,9.514032301218726673e-01,8.656572823371833092e-01,6.790059027918909917e-01,5.625678692769562339e-01,8.566306928372234841e-01,8.950077331920479606e-01,4.161200267100223504e-01,7.584899677916502325e-01,7.797462582500487294e-01,6.198430799119176715e-01,7.701936412101579865e-01,3.552213996056547973e-01,5.039682923409434245e-01,3.507793885346721652e-01,2.163205940720545062e-01,8.101265465665019594e-01,7.358683280895192969e-01,2.406086406789309795e-01,6.566673912638447685e-01,8.978453335503205901e-01,4.598082266219252756e-01,6.584454655673606105e-01,2.932911149233195514e-01,5.339491714174460224e-01,4.057460488694233369e-01,6.307199747499537823e-01,7.775718176397065085e-01,9.568603228400403005e-01,6.377625156755575286e-01,3.749212581737689232e-01,9.148789739835812007e-01,9.494728934008729304e-01,5.067826833835403777e-01,6.708648200703110076e-01,7.801148000057038789e-01,8.450553001117262486e-01,4.503368260717862115e-01,5.479143920201960949e-01,6.210239784642466176e-01,2.948883992172654511e-01,5.448068494217661595e-01,2.255725003117530769e-01,4.944131709328599689e-01,6.771884877961868998e-01,1.632941168889319172e-01,2.635201413511498725e-01,9.847060053206344588e-01,8.847748952321716764e-01,5.661022395571096988e-01,4.939047967093255220e-01,4.209625320330309117e-01,6.349986957279891708e-01,7.651547503699929198e-01,5.156625144277101613e-01,2.767470412891968046e-01,9.926023841401466763e-01,9.258664464754517986e-01,6.098831777873937598e-01,7.019015202632336026e-01,2.226967828162511320e-01,2.612223894849884376e-01,5.150985215506519443e-01,4.809910457621291435e-01,5.893184230032073589e-01,6.302868360110257528e-01,6.117311282516078030e-01,4.358113509181182899e-01,5.291278886372013934e-01,3.330066664153098488e-01,6.412874264069161612e-01,8.066568758150006735e-01,-1.490625297790770520e-01,4.139752429739012585e-01,6.258049878775836516e-01
8.344751491042288194e-01,6.887631771833738759e-01,8.123785558522143013e-01,6.445338884604104868e-01,9.753914583741579714e-01,7.929427274153731942e-01,4.433494450016415428e-02,5.416265243046769484e-01,7.245309329262523690e-01,9.123653576662895670e-01,9.514032301218726673e-01,0.000000000000000000e+00,8.930639218110647537e-01,4.825389371714544073e-01,4.205190086386055848e-01,6.451321815011450411e-01,4.766115749474338359e-01,4.167653842767830574e-01,5.914824079230044385e-01,8.367245371754941097e-01,-3.921889046861071204e-01,4.732715516452190574e-01,7.484512155654668986e-01,4.523916080569724829e-01,4.960532879670046524e-01,2.477529479332026552e-01,5.237240679667818366e-01,1.353394191141123470e-01,2.851015010338805999e-01,4.845738639854065832e-01,7.186903627336002076e-01,6.695699394144162264e-01,7.662445778592913426e-02,3.425654238851327804e-03,4.524869619116445030e-01,3.042205593931564533e-01,3.427679015514329070e-04,4.625731443944426924e-01,8.464691239138814050e-01,7.191850683384716225e-01,5.669053441340061728e-01,4.690112691004461598e-01,6.180794273325957988e-01,-6.725831004234578137e-02,9.831089039873702751e-01,5.088635390811264703e-01,4.376304937962059993e-01,4.721741990600698546e-01,6.696274480104194016e-01,5.633295864058146529e-01,4.927027249245733431e-01,5.430488051330473187e-01,4.651296467133938517e-01,6.498953189860878776e-01,3.191998099719695614e-01,7.457084235624408253e-01,2.675024302513185903e-01,5.985311654811934501e-01,6.365167073990586344e-01,3.150385025896038638e-01,4.728896688809864357e-01,5.882019846514165984e-01,6.040916236982171172e-01,7.165152787572022230e-01,6.347540725163377529e-01,4.615387120212461336e-01,2.089654351493041573e-01,8.745966233129628398e-01,6.057043419074427115e-01,7.687143327894891964e-01,2.378579725330528805e-01,8.664054307159622104e-01,2.779079343768525723e-01,4.670704948472219620e-01,3.394203085087795779e-01,8.500647961410834341e-01,8.854847304678881148e-01,6.562260845493315120e-01,3.589127716583980776e-01,5.187911236383656588e-01,7.445901030021055966e-01,9.352436051917493165e-01,8.485346410057319488e-01,1.113948034974531764e-01,7.048847613656910038e-01
7.697510431599294822e-01,2.452048239126559115e-01,4.010383650562203695e-01,6.062441583064329675e-01,7.932351241065543901e-01,2.795036920533927605e-01,8.525294727256673699e-01,5.855038104615414296e-01,9.300762242029929627e-01,4.464076264713197628e-01,8.656572823371833092e-01,8.930639218110647537e-01,0.000000000000000000e+00,7.444848580344394229e-01,8.908034065130804313e-01,5.403827139868307983e-01,6.972700475023613231e-01,8.459676080029232548e-01,4.767515929561227384e-01,8.681216839124382689e-01,5.458517499844584009e-01,7.375508442635418938e-01,9.483335129455916501e-01,9.124087179725731689e-01,3.658438614301618430e-01,7.412252297226085140e-01,6.680797963108460191e-01,2.031382128232673834e-01,5.520248622345345080e-01,3.992460227917332682e-01,-1.035396358866249034e-01,-5.060141921835367707e-02,3.674760542919291995e-01,9.369873936811704551e-01,5.424203798631225260e-01,4.720134511207720318e-01,4.493293015461086171e-02,9.807705947656316647e-01,4.210283692219629059e-01,7.039453683879557389e-01,5.723300404421662879e-01,8.447766336575993629e-01,8.363134354997654452e-01,5.147224324381322047e-01,6.182084737972031174e-01,6.489710062147728831e-01,7.249679568230072979e-01,5.342488487029214417e-01,7.186395471527807777e-01,8.750047506059739355e-01,8.950222372750881172e-01,7.531370224450487649e-01,8.561308026603380306e-01,7.965797355168396932e-01,6.475846792410691055e-01,5.548158656203396877e-01,7.275422479224958883e-01,8.971527406420393147e-01,7.253934006099204135e-01,1.783568705576621949e-01,1.070552115750466604e-01,7.649969463462863439e-01,9.441571651669432574e-01,6.166538809068409233e-01,8.203256763336607138e-01,4.441098316007601743e-01,6.696454189603353591e-01,8.637357544074324434e-01,6.669527248366230454e-01,9.427556865764813443e-01,4.960003214074747424e-01,5.921340893570983255e-01,2.046516902534745719e-01,4.756216752683368743e-01,6.285842049394954056e-01,5.477403341206134035e-01,6.658471881922105595e-01,5.167748021038780504e-01,3.023204303689159822e-01,1.888473556820575994e-02,6.824431012868126256e-02,9.024701273279610581e-01,6.794974353873972639e-01,3.931232902136391205e-01,4.543490920099274022e-01
7.700071733047778588e-01,8.641914196392899150e-01,4.428018118978039874e-01,6.501260185640661549e-01,9.162936556165551805e-01,2.240374377180192056e-01,2.033326108733041482e-01,4.099395506447656157e-01,5.593227525975338343e-01,6.904346754729540070e-01,6.790059027918909917e-01,4.825389371714544073e-01,7.444848580344394229e-01,0.000000000000000000e+00,9.189365496060892813e-01,5.237013388589732976e-01,8.466993964438191966e-01,8.509148380133583212e-01,8.517079880199005526e-01,4.722371361390423350e-01,7.909747100722612778e-01,2.176432909645109048e-01,8.316677626673568691e-01,2.575645118273429679e-01,2.676399347776091120e-01,6.270417972514022997e-01,6.086163563566552304e-01,7.517836542028354385e-01,6.240301984533164203e-01,3.961812626965265371e-01,2.049373811166135817e-01,4.109749646009286383e-01,5.216727217308518849e-01,8.795307805152969838e-01,6.097080141000638109e-01,5.479332452860767866e-01,-7.197290713578463617e-02,2.270963618219677405e-01,7.356451374152660483e-01,2.100282178602884409e-01,4.334004957899916244e-01,9.237756612811945933e-01,5.537405666745403021e-01,4.456046965066555732e-01,9.653797001451572823e-01,8.598353030842832423e-01,4.454314048939541082e-01,9.028537514622575477e-01,7.386106342076359521e-01,8.305633056698493721e-01,2.597760371440226979e-01,8.463485396821412987e-01,4.433959834491777441e-01,9.912071978927867733e-01,2.941819193999103410e-01,4.928965577294336375e-01,6.236008521845921582e-01,8.813395972211356399e-01,8.892971701834663234e-01,4.533808014796680830e-01,6.024582365310306997e-01,6.275225315436067097e-01,4.558971418638099737e-01,9.963788894282077369e-01,6.575699012018083600e-01,6.188361236423678413e-01,4.568703531859034106e-01,9.101245145838583461e-01,9.572975465239286219e-01,7.891122223027116078e-01,4.299448509403339114e-01,4.789952988411317891e-01,3.033013995928361961e-01,2.614874483200215760e-01,1.167243744573604192e-01,2.173758466455306682e-01,6.088238638327918562e-01,6.513599101655787038e-01,5.953037214848015957e-01,2.356598211361396120e-02,8.180141506142440955e-02,7.140084378872422199e-01,7.916472804294487631e-01,1.968864051440929464e-01,6.460758310798614401e-01
9.479696085083457735e-01,5.503626535284174004e-01,7.408709283515715338e-01,8.683740621111475377e-01,9.123021107406320551e-01,7.027752495354280260e-01,7.727509798240055350e-01,6.152486735179482080e-01,6.020292635047239660e-01,2.974713472092409550e-01,5.625678692769562339e-01,4.205190086386055848e-01,8.908034065130804313e-01,9.189365496060892813e-01,0.000000000000000000e+00,4.401777082450502587e-01,4.068247329081272068e-01,4.064647130015389687e-01,4.124071843381733604e-01,7.156598408238835640e-01,7.017924215638489116e-01,6.406956236498085877e-01,6.482290877788668970e-01,9.975212325096833865e-01,2.266678665651960800e-01,9.296126007087209819e-01,3.211216671109029530e-01,5.037103890600974632e-01,2.914483975690807527e-01,-3.679174148383979048e-02,2.516863164158321675e-01,7.612335274628099224e-01,6.756808344273159683e-01,7.406875765760296826e-01,6.576238031327199529e-01,2.449457242160951176e-01,1.485822581661854769e-01,6.969345691097397211e-01,8.319429649955115691e-01,6.243662654804342793e-01,5.455038499046996892e-01,1.704167946860605520e-01,6.008941519157094957e-01,5.619273303726831648e-01,5.812232873163797331e-01,5.494955391302838166e-01,6.235890977908857824e-01,7.583154950788736359e-01,9.287309013527154933e-02,4.388428259762122141e-01,4.022007409856572790e-01,3.717360272261016618e-01,9.684532395439706676e-01,1.250141149360839143e-01,3.805131972049136113e-01,4.648071823126405655e-01,7.200664365594867666e-01,6.174922508199407467e-01,3.781946384439046627e-01,-5.543964305423398908e-02,4.576783781964012809e-01,7.148410868924504058e-01,6.819543705835109382e-01,8.463662159923818207e-01,4.352190790016430451e-03,2.564482550980102249e-01,4.809657683196454370e-01,5.896576625846011721e-01,6.222026538721935340e-01,1.530799042888504047e-01,6.527951572296328830e-01,6.643276921479679409e-01,4.149490401532603401e-01,1.773181959484158021e-01,5.539638981335500700e-01,7.452341525297845326e-01,5.901557763346594321e-01,4.692745405838519845e-01,3.303588567114068564e-01,4.767310375990007065e-01,4.696375950680918843e-01,3.681523235294312801e-01,4.722494979031066631e-01,8.150169319599086248e-02,5.515554757212195458e-01
8.442987766556881990e-01,5.286111158828734613e-01,8.713651079170152691e-01,9.530150378903502473e-01,5.768652437170644909e-01,3.718828421883973445e-01,6.215166510035363689e-01,6.388502893421554862e-01,6.045621324170141753e-01,9.748308021393546907e-01,8.566306928372234841e-01,6.451321815011450411e-01,5.403827139868307983e-01,5.237013388589732976e-01,4.401777082450502587e-01,0.000000000000000000e+00,5.724686619667136434e-01,6.252118436922284861e-01,5.620541223788754204e-01,4.268266232561714890e-01,7.378980857448756980e-01,4.240993107773111115e-01,9.345921152344018878e-01,4.816486661243979950e-01,3.494269504070109944e-01,2.001351467137764129e-01,7.650498839611941104e-01,5.811730817489607626e-01,3.911278919782502639e-01,7.475666236867488379e-02,1.822807240545421537e-01,6.739381160066685306e-01,4.687046753465623494e-01,7.729990212560544638e-01,5.314112238672321631e-01,5.744711434900063862e-01,4.693953791859560853e-01,5.052129071514640524e-01,7.954809756808809418e-01,7.192043210282732524e-01,4.323786373861838173e-01,9.144107429330828873e-01,7.000168681911392854e-01,9.843076557692702622e-01,5.517506552334758840e-01,5.377422646427996167e-01,7.945302733707968468e-01,9.742909321847718074e-01,2.587132789377346587e-01,1.766202291763467047e-01,-1.753131436672222820e-02,4.185963721992565501e-01,6.526415502152678183e-01,6.218353011766917238e-01,6.389074495530885356e-01,4.104000696596994957e-01,6.358638255416783069e-01,9.177937726653890849e-01,8.257436583266442032e-01,2.596894038109623937e-01,2.079074715319444155e-01,6.265387629874124009e-01,1.584797889550777494e-01,3.954724005320295888e-01,4.227747046532762676e-01,5.923193402885302827e-01,3.363437855622960493e-01,7.080165951485400955e-01,3.016637926469235009e-01,8.987833192478423827e-01,9.122714377636720329e-01,3.508813834402778609e-01,3.451021963755651623e-01,7.718416017897909986e-01,3.847679113561053299e-01,6.258206472709192392e-01,6.506412776010788157e-01,4.843191059012764144e-01,7.155675539779084993e-01,7.319407868339744550e-02,3.985731259370572932e-01,7.759024423322633535e-01,7.465889363963921221e-01,2.875509016124339068e-01,9.786404351456943207e-01
9.060367758377656511e-01,4.122643044303374027e-01,7.792007546839249121e-01,9.336465146408918780e-01,7.428217714635713120e-01,4.741669259674724524e-01,7.301715943699044198e-01,9.508142313716435590e-01,3.044707796650271692e-01,6.267510492231171959e-01,8.950077331920479606e-01,4.766115749474338359e-01,6.972700475023613231e-01,8.466993964438191966e-01,4.068247329081272068e-01,5.724686619667136434e-01,0.000000000000000000e+00,9.486687593989073797e-01,7.592391604430130947e-01,2.186045980291073942e-01,8.395267315211805137e-01,9.564228927434822447e-01,2.796778235248247313e-01,4.797252810629343278e-01,4.783540364729187422e-01,5.907952348331025894e-01,6.620236918959405692e-01,2.695250198979462497e-01,2.614129248412264683e-01,4.234577705199870090e-01,3.134189045528104067e-01,7.973739890171921418e-01,5.660196950237345037e-01,9.385690292212534036e-01,6.713180472711536284e-01,2.023502405920579172e-01,3.527275954874916075e-01,8.098905873431667679e-01,9.410154533963154266e-01,7.996577570599310292e-01,4.675944627960240685e-01,9.272619479764780959e-01,5.390646939800062265e-01,6.296353122839262184e-01,7.414760848738550791e-01,9.080651576429483729e-01,4.531594961059108306e-01,-4.269942560203085491e-02,1.249622336030396935e-01,7.178634112206596640e-01,9.119466519115195791e-01,7.054291273385643324e-01,6.684677196467646576e-01,7.761150490246900846e-01,1.990367370992583984e-01,8.113354114142610207e-01,9.111398061921589520e-01,6.438833272636566019e-01,5.805781460615727640e-01,2.580514939192813939e-01,2.634540240281955659e-01,6.937634744308752710e-01,9.970988708783010690e-01,6.394520834953150157e-01,6.104455016001165690e-01,7.527941653337643091e-01,9.244403793930114910e-01,8.150449123762977255e-01,4.132849285391721472e-01,7.916042744473972270e-01,5.985778353087508608e-01,8.495520759237359387e-01,6.628690094257613241e-01,3.249428133418896802e-02,3.698767659366632987e-01,3.821688799508451417e-01,7.442033992633970696e-01,3.490459164488408650e-01,5.044318823603347601e-01,-5.759100114405404924e-02,7.837529086316782356e-01,1.676983811917587275e-02,6.924331011633880761e-01,1.953801481977613941e-01,5.586295493780730759e-01
6.848379198589437111e-01,7.826132964111078838e-01,7.967292415612433620e-01,8.573178618014530850e-01,4.208188986077237015e-01,3.944350107033557373e-01,7.254575489217481854e-01,1.469119301281265368e-02,4.969352912236157938e-01,4.229057475608335448e-01,4.161200267100223504e-01,4.167653842767830574e-01,8.459676080029232548e-01,8.509148380133583212e-01,4.064647130015389687e-01,6.252118436922284861e-01,9.486687593989073797e-01,0.000000000000000000e+00,3.421594402148618874e-01,6.375171001889939904e-01,9.280580537190930013e-01,5.912002311810157229e-01,5.635567138419287359e-01,6.202757291148133789e-02,3.444770640739731604e-01,7.257197592886216464e-01,9.114166793114013565e-01,5.418482196352573110e-01,5.657513178750294136e-01,-9.843382831236988095e-02,7.092329971392060672e-01,5.495353471433288561e-01,3.742112182245057594e-01,9.034490270314310401e-01,6.260317613383008517e-01,4.007209905574329878e-02,3.615491250396248857e-01,4.706958096287581217e-01,4.563664774197288554e-01,6.704950051862580418e-01,3.086033906166058549e-01,7.832741767410899003e-01,8.627147262805749950e-01,8.981412914932510594e-01,7.368616303213397778e-01,4.397687226494507717e-01,9.089596933481544072e-01,6.812270521929644218e-01,7.461956668205702581e-01,5.026598546624299058e-01,7.050439119476857863e-01,7.475713112575771424e-01,7.306711912363159644e-01,4.414236544658283745e-01,3.699043108427785276e-01,8.943683066844105856e-01,6.046866888546561514e-01,7.641987920036384940e-01,6.774502914524904718e-01,1.041683693382765841e-01,-4.534195338673935316e-02,5.336384773293858519e-01,3.830076309925783962e-01,6.983843646519259929e-01,7.029199382431897680e-01,7.572235946119949546e-01,2.420233465099073944e-01,9.308850312222174406e-01,5.994073897934044659e-01,5.809611653834970690e-01,4.140925161948188493e-01,3.786634444280268519e-01,5.002659038788473955e-01,7.658067282161483691e-01,1.730272736232220665e-01,3.816176535092516975e-01,4.230293843032462697e-01,4.003328479185651045e-01,1.884763890797742925e-02,-1.019710367272386731e-01,3.558017702048349440e-01,1.669574211003905795e-01,6.146533843875120473e-01,4.356951666210178709e-01,4.594348525845602937e-01
