0.000000000000000000e+00,7.106886327436811035e-01,4.415437020802511769e-01,7.010381843445425698e-01,8.372784802454907860e-01,8.506340690178090247e-01,6.056747401821911403e-01,2.699255476966393452e-01,6.743167316166204239e-01,7.692627458927985273e-01,4.396210475397563933e-01,2.908779341519127648e-01,8.312062746202582009e-01,9.931663206024849977e-01,8.352799441539743297e-01,-8.291283626276041430e-03,5.034053283488741926e-01,4.591862152722045454e-01,4.647783899070259683e-01,7.784545780129585868e-01,9.447382890406701428e-01,9.696445061258309739e-01,7.856918793242038124e-01,9.581707976108084779e-01,6.494161292431632759e-01,6.449615226602192219e-01,7.183202795447219957e-01,7.425104550873374842e-01,2.686002670080597232e-01,6.354398477510457555e-02,2.849182680494836695e-01,5.176460738661159411e-01,8.000396834330576468e-01,3.977957790208689892e-01,7.677830793257693909e-01,4.377173333998299332e-01,1.362703778722265946e-01,9.635448579052543483e-01,5.768975551568078508e-01,9.093466039700686121e-01,4.501491799969207785e-01,4.357135949085763071e-01,5.074171881671755147e-01,7.397599662964490230e-01,6.982069166890401135e-01,6.944194373406004095e-01,6.252484941483900105e-01,7.004528219729315719e-01,2.543541356840498535e-01,8.507945931748905899e-01,9.169667168261044221e-01,7.857912710432809478e-01,4.845496655740967884e-01,7.175659486082631711e-01,4.078078389536113901e-01,9.142656235119083208e-01,8.764899703864492686e-01,5.419927842126291972e-01,8.241391497369281449e-01,-3.878556223118402313e-01,6.601333335689891779e-01,4.905412174316892693e-01,8.935791750255062116e-01,8.261111001510020868e-01,8.701781174185000411e-01,9.204641550750563006e-01,8.145748783776697310e-01,7.832205344342471065e-01,8.687817543128070197e-01,-6.427413969831344276e-02,9.694605340282269612e-01,8.727133518418097591e-01,3.133401195749400681e-01,6.125542865798773162e-01,9.807018757096239714e-01,9.303512760787399083e-01,9.607472445545506279e-01,6.002619799116444277e-01,4.041946910173393470e-01,-4.466811791050806502e-02,4.595357084092756561e-01,6.274805712690028070e-01,5.626625135571018399e-01,7.306281565378138776e-01,4.626057439107047475e-01
7.106886327436811035e-01,0.000000000000000000e+00,9.697604281913374535e-01,5.671057972143842552e-01,5.590065783645072894e-01,9.484242313544948288e-01,7.072519438259969871e-01,9.254730689918190256e-01,6.620348881013631281e-01,8.773467700003768632e-01,4.753731251424231363e-01,7.569701740561783909e-01,9.656224878917151200e-01,7.510851398737562468e-01,3.903799677101658094e-01,9.664257714909426644e-01,4.454118208113538313e-01,5.197148507528395189e-01,7.173242236236941904e-01,6.075784142139243338e-01,5.171172933557677265e-01,9.584896896162701241e-01,2.398638944485634028e-01,6.381189548444605730e-01,5.776125647793132201e-01,9.749791828434551944e-01,7.245505638129043913e-01,9.263596185245952519e-01,2.644395167312953987e-01,5.087526167638694030e-01,6.203051290309256199e-02,3.265706276431775690e-01,2.496613914762143838e-01,8.852700479679318502e-01,8.365151750331790703e-01,6.606062590850532434e-02,5.810385295552522589e-01,9.337814019846285563e-01,9.134629810044716525e-01,3.195526236440115464e-01,3.440861076637860005e-01,4.503700680290478320e-01,6.587493896408070926e-01,4.930195844670162142e-01,7.198237843736003949e-01,3.549897768629317607e-01,9.342729513876197878e-01,5.960864593703070202e-01,6.770645895211200305e-01,4.248123401245040842e-01,1.896214353355727550e-02,4.147557781131901433e-01,6.207831145633259107e-01,4.463106051016871301e-01,6.713814319451311130e-01,9.193927783649443741e-01,6.664521694108227479e-01,-2.453715551018510466e-01,4.999940357573193217e-01,5.267502183277241734e-01,7.529994467794874913e-01,5.980928979753603603e-01,1.137090320938459742e-01,5.630037990347029897e-01,7.008761832889766064e-01,9.599238807093437575e-01,8.748475473908227107e-01,5.845506736145085203e-01,4.646710780884021896e-01,4.393341092753279553e-01,5.094692391703822265e-01,5.707171683108140936e-01,2.623081654211491531e-01,2.487970640624089513e-01,4.972896476628266837e-01,9.793419663786285811e-01,5.115020932487240879e-01,4.718148727419535504e-01,6.125089452387370015e-01,2.872484392057622626e-01,6.064577307618965740e-01,8.944365948405321731e-01,5.612830842924969588e-01,6.312577971030670643e-01,6.132955889834444951e-01
4.415437020802511769e-01,9.697604281913374535e-01,0.000000000000000000e+00,7.174144376445105165e-01,7.961179991543769763e-01,9.441711987316381283e-01,7.098878768333510836e-01,4.826405569379756955e-01,8.185267053620506328e-01,5.837415713389513261e-01,6.316460355311256381e-01,3.225172081300480831e-01,6.185761454606336640e-01,4.271721426957404977e-01,9.914047510977759270e-01,6.850896257535656897e-01,4.260139583911816685e-01,9.526147126678676802e-01,6.299961293553142383e-01,7.180258032696061887e-01,8.960673466237309981e-01,5.192471824185032059e-01,5.618138956024676389e-01,4.685995578646741100e-01,9.089977395255127712e-01,6.869140851563442229e-01,7.119655984864009524e-01,7.114651528104043443e-01,2.962319333764876772e-01,5.854159565132471821e-01,6.665528833681647058e-02,6.605472447724862750e-01,9.765415446174384728e-01,8.624471770418045136e-01,5.952445600591119712e-01,1.708421719234817227e-01,1.115079781396011438e-01,4.126540151565989412e-01,8.023076154728954190e-01,9.798780017870021286e-01,7.117081941495426722e-01,3.106300767137865071e-01,8.675592623486764188e-01,2.699954001146300242e-01,9.442522436674753994e-01,8.977064424075774651e-01,6.716137925817093901e-01,7.461646815959576129e-01,9.564066591039291909e-01,6.626028761516440380e-01,7.752182216382048630e-01,9.871270231036608500e-01,4.484202278726245328e-01,3.005016630365588970e-01,4.173411286894949668e-01,9.865579755691781250e-01,9.748405644173782081e-01,6.786383529842948681e-01,4.148041973115624281e-01,7.964150441283480708e-01,5.778498841188006718e-01,6.243681180429584421e-01,4.301986185325311074e-01,6.267298332509061431e-01,6.804245553225560794e-01,7.521432975077900762e-01,4.207108707244423540e-01,8.428759884645141698e-01,6.153126681018916688e-01,6.081205033796655002e-01,9.938547006666449413e-01,6.775452072386519697e-01,1.768844438394203689e-01,2.487470465074178294e-01,6.138559357580356535e-01,5.735937657755361130e-01,4.006599927750019163e-01,4.340705657428959308e-01,4.769592064219374539e-02,1.041495421412669126e-01,8.338198576754692892e-01,7.926239664857067657e-01,5.513862689792686789e-01,8.213743156693898984e-01,8.172348044590982408e-01
7.010381843445425698e-01,5.671057972143842552e-01,7.174144376445105165e-01,0.000000000000000000e+00,5.445146066650209393e-01,6.420433517637097465e-01,4.719919442472074178e-01,-1.752450944039071756e-01,6.853815188801023472e-01,6.610016443556864241e-01,5.641339148826103322e-01,6.204174500778587564e-01,5.593395773649858516e-01,6.854516103291672380e-01,7.770873137260062569e-01,6.514211795198981969e-01,8.016944674243010605e-01,6.489668631093241657e-01,9.848519552153266465e-01,7.781024549328238171e-01,9.232218917996941610e-01,7.951292275323182945e-01,6.642284989716098487e-01,7.300860434288446443e-01,4.798670868252660204e-01,6.574625941025110665e-01,8.717205861922634469e-01,6.945713026040628568e-01,8.260732949766030897e-02,3.228885401299375069e-02,1.497378018737570426e-01,7.944410345369650184e-01,4.488041185422184109e-01,9.115741842693900754e-01,7.664587727881689849e-01,2.493431411761667105e-01,3.700717769328421003e-01,3.581336811067197257e-01,7.046681303516597605e-01,7.345481163938898383e-01,8.535510188041806057e-02,7.518032088377396560e-01,5.757320469555948783e-01,7.297262256099092959e-01,1.910544469779421883e-01,7.230667782404207600e-01,3.838612102435420281e-01,6.000595789701334004e-01,4.318375398041783275e-01,4.658956415561885667e-01,5.640079187382953663e-01,6.449879690839925850e-01,3.869493947171646075e-01,4.472802040169906457e-01,8.904123090626067105e-01,7.197953984947430550e-01,8.947877752740289736e-01,7.459283406786455517e-01,7.438067863586730333e-01,7.170782189358101411e-01,3.369746200647094625e-01,6.941256010959333533e-01,5.889772256816494522e-01,2.957209826957378843e-02,6.150418931394145972e-01,4.568018278882428618e-01,6.658541865206696331e-01,8.806639815583010567e-01,5.964166903393604002e-01,6.886724711504385033e-01,7.076700405689499984e-01,1.315608954383247486e-01,3.882174313244542985e-01,4.323177567977877223e-01,5.137458936549164079e-01,2.882602681657135957e-01,4.149930278555704621e-01,5.314361623347477748e-01,1.188997113698313790e-01,2.305639097569181784e-01,6.422693475588489020e-01,7.257885524739956518e-01,7.089827260771570661e-01,2.056172051372882059e-01,6.142368013986549968e-01
8.372784802454907860e-01,5.590065783645072894e-01,7.961179991543769763e-01,5.445146066650209393e-01,0.000000000000000000e+00,7.131930947960658518e-01,6.536075134833581046e-01,6.045592056194124542e-01,5.258879335225473683e-01,7.222673986455380168e-01,8.069256724901124889e-01,3.645850920385572680e-01,6.448573325646709264e-01,1.538184267674731487e-01,6.156569245781449151e-01,7.612269724855876829e-01,6.612537439098871150e-01,4.912276820627816676e-01,8.944425314820644290e-01,2.430336590614479708e-01,4.052111387511754259e-01,6.178414224649080300e-01,5.171818656892063215e-01,7.923651044376708308e-01,1.778355379790164288e-03,7.688365569929276333e-01,4.401562814756576625e-01,4.338011018413958086e-01,3.101053538434951351e-01,2.256535100915305070e-01,7.838598511440576511e-01,4.795806689409502499e-01,8.136441171074582090e-01,9.052020098899781209e-01,7.343878030958943537e-01,3.472546084030193603e-01,2.476768542580981558e-01,-1.439060984316774816e-01,8.321987425346625278e-01,6.470899271845504952e-01,4.524994061190255601e-01,7.066659730675164397e-01,7.949719448631695773e-01,8.318437041403772270e-01,9.414081141502219641e-01,8.887994860106736006e-01,3.187467993208360495e-01,6.534742891311779989e-01,6.737880031444646312e-01,7.301026269412957959e-01,5.517411521103998684e-01,8.352855468353843627e-01,4.722578025885426634e-02,9.159240963980939954e-02,8.212762220247363798e-01,5.188136010626781536e-01,2.373067314506366599e-01,6.967135951311242970e-01,5.722992279823020390e-01,5.834438201191938234e-01,2.698467181309679441e-01,2.721732851257105956e-01,9.580515544114340809e-01,1.280016593640063982e-01,9.101810020516487576e-01,3.745715098003118415e-01,7.307770790527199356e-01,7.826854381951159345e-01,4.063492253783522745e-01,7.567164734978024665e-01,9.284623231291488921e-01,5.001707704791372722e-01,5.307064579505008650e-01,2.646496104610333022e-01,4.519625016100461412e-01,2.478131158062944761e-01,8.377420257853116503e-01,9.594961277179374637e-01,5.465296392794175562e-01,1.709793324417955285e-01,1.208781039794107059e-01,4.162483016052446194e-01,7.923262615389152774e-01,3.766600293437613045e-01,4.760553285719449912e-01
8.506340690178090247e-01,9.484242313544948288e-01,9.441711987316381283e-01,6.420433517637097465e-01,7.131930947960658518e-01,0.000000000000000000e+00,1.882905633057399830e-01,7.582988370899437225e-01,4.576900966275370686e-01,7.050902090373483144e-01,9.199216861756979169e-01,6.306208871951961559e-01,5.341777416363657771e-01,9.367647029411323434e-01,3.013207480890979784e-01,7.420196433329310226e-01,8.406525058402105621e-01,7.681983008917701028e-01,9.173433342410229896e-01,6.788006580359382536e-01,6.449043592087304599e-01,6.929929891371789941e-01,6.437218459645008828e-01,9.732188986349604720e-01,4.989221604788550146e-01,8.560358177461150353e-01,7.959599096712395294e-01,5.197715995032406999e-01,6.553191702215450665e-01,-1.349446152097077967e-01,3.161882595940507246e-01,7.232550780937567758e-01,5.331557039028492206e-02,7.750029542530213478e-01,7.994112315513188793e-01,4.803067690235981457e-01,3.542916352345102382e-01,4.646759921473089805e-01,4.297969318651644333e-01,7.946926597252117475e-01,3.862216434897653983e-01,9.875762007177741886e-01,8.103284446631714433e-01,7.282241075971520594e-01,2.309695048274048590e-01,6.202203379406214800e-01,9.640475814160511803e-01,6.039959842702136150e-01,7.819729115912930073e-01,5.563349597282651882e-01,3.061743994425731308e-01,6.049832629843169274e-01,4.919858486783725837e-01,2.895094245015550904e-01,8.868985353564707852e-01,8.405324906536454366e-01,2.430081340684553670e-01,7.239984967199397659e-01,7.203035387076142104e-01,2.028769993640355540e-01,7.401097711006645596e-01,3.323838794052710321e-01,2.523271647726430533e-01,6.777762278635712789e-01,7.805704214824936704e-01,4.949767038991228496e-01,5.239063117095852373e-01,7.638265610081846901e-01,4.313501977678536603e-01,6.074909165515268716e-01,7.845072042590619521e-01,7.422838203333997908e-01,4.210939421707785013e-01,5.816558612311204524e-01,7.419742972706886430e-01,5.694926396199018193e-01,3.547367760116539870e-01,3.302972734795879550e-02,2.057362359191683698e-01,1.866810481417427170e-01,-1.259029223650701690e-01,9.739106654820373077e-01,9.657296684653653429e-01,2.112191519260833428e-01,8.200208059059550525e-01
6.056747401821911403e-01,7.072519438259969871e-01,7.098878768333510836e-01,4.719919442472074178e-01,6.536075134833581046e-01,1.882905633057399830e-01,0.000000000000000000e+00,6.287229125709341560e-01,2.709465181352796459e-01,5.885295984053354745e-01,5.259552914727633199e-01,5.182596452603813741e-01,6.902460575875605242e-01,7.849531102033289187e-01,2.545495742138052520e-01,7.156489566646784262e-01,6.926985262739969729e-01,3.339459223929776011e-01,6.817402199147778452e-01,8.528465785975549718e-01,4.296390391969014955e-01,2.097102133275297320e-01,6.984015933073031146e-01,6.406752298432165649e-01,2.135495099435010258e-01,4.543660051627607666e-01,4.892440536255787675e-01,6.185126113506025369e-01,5.899570366775193087e-01,7.006917784667927585e-01,5.695513615916614203e-01,6.487639188727903905e-01,7.574291106810683294e-01,4.999116965310059224e-01,3.718314290980425096e-01,2.506106622048627774e-01,4.158852237459274015e-01,3.145693690546220722e-01,2.442384490055463375e-01,5.626275618322243988e-01,5.541460684752578247e-01,5.117538166490500640e-01,7.704511760858377967e-01,6.366750651468370270e-01,6.607959077522357338e-01,5.411952188461586211e-01,5.960843081013333933e-01,5.422735760126937699e-01,2.783376183509982948e-01,3.638064862383179054e-01,7.852572693521674418e-01,8.610059293974686723e-01,5.627550881350062983e-01,5.627939680191311744e-01,1.688907985415162571e-01,3.924233964433635480e-01,7.974447944106084485e-01,4.161992991843361800e-01,7.129686161087879226e-01,2.341609051102231942e-01,1.069379811259405094e-01,1.569581316983589270e-01,2.780234410249196597e-01,6.845741480196770867e-01,4.256633518643302416e-01,2.654874245980602954e-01,2.922570902975840101e-01,2.602657986786971467e-01,7.725250991640169040e-01,3.834360132909080954e-01,3.558469017417713043e-01,4.289214727997051613e-01,7.672928268008902819e-01,4.305048977717594871e-01,4.297451505327540833e-01,3.193220099073131313e-01,6.461575346974512968e-01,7.507496695431188360e-01,8.664552545582755727e-02,4.955791816025627572e-01,5.273548406653458809e-01,7.187844764724308222e-01,6.001540730868631934e-01,4.271001849377347170e-01,6.960717596448932065e-01
2.699255476966393452e-01,9.254730689918190256e-01,4.826405569379756955e-01,-1.752450944039071756e-01,6.045592056194124542e-01,7.582988370899437225e-01,6.287229125709341560e-01,0.000000000000000000e+00,4.594755026017691146e-01,2.074368003592250431e-01,2.657217672386618101e-01,5.669889624973186715e-01,4.816701576789694794e-01,3.251353776675768303e-01,5.756084885700125664e-01,4.508737643558067831e-01,7.140430979976517545e-01,6.643103352606640755e-01,5.499980034906011284e-01,4.853152413452882508e-01,9.939443709474080624e-01,4.343778616832812967e-01,6.429144255056287172e-01,6.955287012364723687e-01,2.230730099726522253e-01,3.631833897963340219e-01,2.980177386809232387e-01,6.093567231756884528e-01,6.494209667896321259e-01,7.822599954914107867e-01,1.229049274713324008e-01,4.908791694938850481e-01,6.502997850971843630e-02,5.913233800898752834e-01,3.230566626794970642e-01,1.656779576648875763e-01,-1.530928627536880249e-01,4.488605401481953749e-01,7.418680504162153966e-01,4.012942712062150252e-01,5.791285751600485643e-01,3.016458271075130315e-01,8.177742593756481826e-01,6.429332750869837243e-01,8.012909807611531265e-01,8.788060133655553052e-01,9.396082775941008158e-01,5.908119671131979722e-02,5.414338883045994866e-01,4.308322464519837025e-01,2.010403923863334497e-01,6.291586153811661308e-01,5.441745963877596681e-01,2.397130959869935851e-01,3.022485908998611692e-01,3.027912097380703882e-01,4.589932460986193008e-01,6.598721423513005391e-01,7.317599767623745866e-01,2.350812320105730713e-01,6.547217934671207829e-01,3.534621377644149298e-01,5.680946929841106385e-01,6.737535254129708440e-01,9.416411793597305735e-01,3.101579667407046159e-01,3.757948624144370475e-01,8.372978539508117990e-01,4.093106441263126838e-01,-3.792951188759391412e-01,-8.663792527080464712e-02,3.005836297045803018e-01,2.665607710640517936e-01,7.101211782470974176e-01,7.356895395502838220e-01,3.144131553417997549e-01,5.463959676546492616e-01,3.752537544258568447e-01,9.997601404729750119e-02,5.688073181216004581e-01,4.349356362102232421e-01,7.220820955928419771e-01,6.601566599299728555e-01,7.371231264255065918e-01,4.775562623200765300e-01
6.743167316166204239e-01,6.620348881013631281e-01,8.185267053620506328e-01,6.853815188801023472e-01,5.258879335225473683e-01,4.576900966275370686e-01,2.709465181352796459e-01,4.594755026017691146e-01,0.000000000000000000e+00,4.995508402419389649e-01,5.407827878913515907e-01,4.002117800386592594e-01,9.454991299370474334e-01,9.687820464591164749e-01,9.696164600996444172e-01,6.615554792559212860e-01,4.467815463181740721e-01,6.336325102835922429e-01,6.224861822395462152e-01,1.992245406961750398e-01,9.983337324467199680e-01,5.860887423492354698e-01,6.903635625382373853e-01,8.951397259053137656e-01,5.749333913793797102e-01,3.871643068051340286e-01,8.377472770348195485e-01,9.882888005886286686e-01,4.990707222896720308e-01,3.029158425803936128e-01,3.501263460311676914e-03,5.995070419436019371e-01,4.942765337603951536e-01,3.486707797504961515e-01,6.763649207606285962e-01,5.728559947949988240e-01,4.091773915766204750e-01,7.064001205991090604e-01,7.395361332673686672e-01,8.168666310478812642e-01,4.837328760040290332e-01,2.618563591127993084e-01,8.819393859437482108e-01,5.223579552546353533e-01,9.787582275144034449e-01,4.320115936834096337e-01,5.162334576270792841e-01,8.627780321722051671e-01,2.343973473767145821e-01,4.615727524462103215e-01,5.759773238201052470e-01,2.148233110618965325e-01,6.959212983924968343e-01,7.705487372399741908e-01,-1.922149058846941982e-01,7.139777931685497014e-01,5.520246303551459288e-01,7.117412672668976814e-01,7.058566762504210335e-01,7.330045512462042279e-01,3.465308147411665374e-01,1.082215318942398447e-01,7.585446246795342073e-01,7.945454332734048775e-01,7.229700131804845942e-01,8.768549126145289696e-01,6.099707668435330188e-01,7.635855966886055946e-01,5.303686304503467674e-01,3.225988123932705398e-01,8.760748137633201926e-01,4.729056932683521342e-01,3.795133989636837457e-01,5.408727795276428996e-01,3.676113893871159055e-01,2.992518985349176264e-01,9.719071265561087802e-01,3.129734033740558252e-01,4.406137676643458456e-01,3.019895790548406400e-01,4.699263601309398020e-01,6.874938987053610395e-01,8.006203779970884060e-01,7.853400479485744823e-02,7.852857519386717833e-01
7.692627458927985273e-01,8.773467700003768632e-01,5.837415713389513261e-01,6.610016443556864241e-01,7.222673986455380168e-01,7.050902090373483144e-01,5.885295984053354745e-01,2.074368003592250431e-01,4.995508402419389649e-01,0.000000000000000000e+00,8.335931251814033827e-01,8.482377443511668336e-01,6.540774175174007832e-01,9.497543228543268157e-01,6.128665719852892657e-01,6.944545791926926004e-01,8.236333505983515213e-01,3.961404608739593769e-01,6.562888130208444082e-01,9.966588590568687955e-01,6.539163714735500843e-01,7.702345399140546611e-01,7.160568125616524338e-01,8.180677532458755508e-01,5.414126675540589240e-01,6.522192882943298464e-01,8.153452602445239172e-01,5.009688993065087859e-01,5.520146364199532973e-01,2.901072511259121800e-01,5.813849576432303934e-01,6.881796708879091007e-01,7.643010498847229162e-01,8.245293473636852166e-01,4.609178024141155072e-01,3.289786299804415282e-01,4.768436063655456247e-01,4.699692500745755730e-01,8.750818907216812992e-01,4.764486006453212408e-01,4.062411887638755492e-01,8.445641727809757304e-01,4.805958012569613858e-01,9.952178534161476575e-01,6.582258267759522052e-01,6.614989075172900135e-01,5.718153020669858311e-01,7.296675930879998884e-01,8.461120029229082240e-01,-1.343885390380799016e-01,7.433292282870632706e-01,3.718153297117045009e-01,2.273586096864899098e-03,4.936015397500624902e-01,7.636503447416027601e-01,3.045003289650479728e-01,6.041674855755334583e-01,4.541460582608913277e-01,6.791858064463582867e-01,2.613451750315546884e-01,4.033864943107821621e-01,2.320396789121757508e-01,5.424835151091050855e-01,7.057837274202704014e-01,9.098224009374111798e-01,4.674438870088529763e-01,6.211533149716792490e-01,4.906841639546780653e-01,3.464963295679692745e-01,2.770760288086727696e-01,8.725974200185262486e-01,2.753836613759895746e-01,2.077731886541728246e-01,3.112096862589451840e-01,4.566482079118835968e-01,6.417026952132316442e-01,7.651107529790870387e-01,5.805541551385892118e-01,5.409659965603003107e-01,2.161724752019265061e-01,6.344333229645311434e-01,9.063857381955491288e-01,8.202809693804617996e-01,-9.901586638073700541e-02,3.212718103156441130e-01
4.396210475397563933e-01,4.753731251424231363e-01,6.316460355311256381e-01,5.641339148826103322e-01,8.069256724901124889e-01,9.199216861756979169e-01,5.259552914727633199e-01,2.657217672386618101e-01,5.407827878913515907e-01,8.335931251814033827e-01,0.000000000000000000e+00,7.218516824924396946e-01,4.751761969317039314e-01,7.104561898314760704e-01,8.726478087316097421e-01,3.941670891327889725e-01,5.762280869272740080e-01,7.891364373127436327e-01,3.650124554801827959e-01,7.001253426138542846e-01,8.663515978423413921e-01,9.234404872869266256e-01,7.404925299362211666e-01,8.969443460471123730e-01,3.065927392888927461e-01,6.334585247386891327e-01,5.208862354960747121e-01,9.635423244475278537e-01,4.278262474160507978e-01,6.253109547720338002e-01,4.159965569079331349e-01,3.319715832433710045e-01,9.184205688112934141e-02,5.911506112897578769e-01,8.704334259460264622e-01,4.170760951411065509e-01,5.984717424486920567e-01,5.475361668477095600e-01,8.771286963262378000e-01,7.251943175985391399e-01,4.261733513635598825e-01,2.766474467222017064e-01,9.255875689733581435e-01,5.552869626727929830e-01,2.084197074819292284e-01,1.425963604351898747e-03,5.382402862629538376e-01,6.881705278313373642e-01,4.702736399700950254e-01,5.519444468947395377e-01,5.477615764489583983e-01,6.000300862619005748e-01,6.857759939923538939e-01,7.502993388005517739e-01,9.254393085766856597e-01,3.506001221866191786e-01,4.229951698958294565e-02,3.755210364852853422e-01,4.325023062879219116e-01,2.758464124481507240e-01,5.433448877913249486e-01,3.947185520248474577e-01,7.477222663700222594e-01,2.697013425502001738e-01,8.831221142429145354e-01,4.792331815902975967e-01,3.190053416995115576e-01,7.969208282015041167e-01,7.248862934982809314e-01,4.656047418354599121e-01,6.747478937239969055e-01,4.944773330836367276e-01,4.550183245274826427e-01,3.319397079385646432e-01,4.421378869463032379e-01,7.856453247819255026e-01,3.210509944687792716e-01,4.264674866605744352e-01,6.688226403010839871e-02,6.855157500224670075e-01,5.225959806016805542e-01,6.266201286926015301e-01,2.048807430175152988e-01,5.624441949105494359e-02,7.513054366408526974e-01
2.908779341519127648e-01,7.569701740561783909e-01,3.225172081300480831e-01,6.204174500778587564e-01,3.645850920385572680e-01,6.306208871951961559e-01,5.182596452603813741e-01,5.669889624973186715e-01,4.002117800386592594e-01,8.482377443511668336e-01,7.218516824924396946e-01,0.000000000000000000e+00,7.552810313522325680e-01,3.689811302468377630e-01,8.470121929818246187e-01,7.679970155517421571e-01,2.812654142573165483e-01,4.599656369920239185e-01,7.997211814581239864e-01,4.371589576148824374e-01,6.131387368327266829e-01,7.319440067983371545e-01,3.067622913960734721e-01,8.135827630753426076e-01,6.999324628938319304e-01,3.211518170773540737e-01,7.247668802463177462e-01,6.510303853976904254e-01,5.709220293870345131e-01,2.450055789345413348e-01,5.003819075252740056e-01,7.897302721988260776e-01,7.322054816595819915e-01,7.051827762344243800e-01,5.649177975310162303e-01,7.408463132680784824e-01,4.733275659012619596e-01,3.708730910868381359e-01,5.749335003323942095e-01,5.558956686087126453e-01,4.691827546515633940e-01,2.653205040123814973e-01,7.781415706582635039e-01,4.800514418978797382e-01,6.435622494936585891e-01,9.092882412010119264e-01,6.175607482091239886e-01,4.270845101950309086e-01,6.334283977498584850e-01,3.632185337290901872e-01,5.249641452135360709e-01,7.692578265227103529e-01,7.694089139305350100e-01,4.939860402613678592e-02,7.328294693564826323e-01,9.354704086559355591e-01,9.495177890066390791e-01,-1.528728420968234469e-01,5.838661259090250910e-01,-1.121764423526116494e-01,4.675711116022506775e-01,4.019232014459583890e-01,7.806294039457669642e-01,4.902945445076776765e-01,5.652154013529164800e-01,4.921617216334837064e-01,6.888678931631321278e-01,9.724288010582466946e-01,6.336976939501101080e-01,7.212133396513297212e-01,2.137611883673258828e-01,4.611836259706544316e-01,1.001192561759121774e-01,2.013344197422714810e-01,5.502504421701598369e-01,7.596339030921681612e-01,2.015513609760521407e-01,2.331793530104965539e-01,3.727697964325120128e-01,-2.557184351023531477e-01,4.663068582835828702e-01,4.227231356870603252e-01,3.541244861417575107e-01,3.319820553157308840e-01,1.271588962516885350e-02
8.312062746202582009e-01,9.656224878917151200e-01,6.185761454606336640e-01,5.593395773649858516e-01,6.448573325646709264e-01,5.341777416363657771e-01,6.902460575875605242e-01,4.816701576789694794e-01,9.454991299370474334e-01,6.540774175174007832e-01,4.751761969317039314e-01,7.552810313522325680e-01,0.000000000000000000e+00,3.048580254120228927e-01,4.342644509065870517e-01,6.579141949305330472e-01,9.344846873163213941e-01,6.177138678766521673e-01,4.678666632603298847e-01,5.070339274547981390e-01,8.193792783526748780e-01,8.171562422484042187e-01,8.408469922385570783e-01,5.341714444610173862e-01,5.851989804625068459e-01,3.562003516009983883e-01,-9.650628735555145943e-02,6.743468689232925417e-01,3.941124713287381676e-01,1.797633040988367292e-01,3.658858139032227785e-01,4.485079126308920694e-01,8.126991028299531683e-01,2.739604719454670767e-01,2.123465248373404834e-01,4.279142654658940059e-01,2.157746128006080011e-01,7.612991277291684122e-01,5.984254066255125792e-01,4.818439603452641107e-01,4.416783758684078576e-01,7.729445538222751155e-01,9.448576659576356507e-01,7.984756663932178755e-01,9.279661510831430649e-01,5.709517041341192201e-01,7.531495192936530358e-01,9.189923714410571653e-01,4.560094148290821381e-01,6.462717398983158779e-01,9.074307776390799773e-01,4.816909384072017297e-01,4.839459630102692089e-01,2.795331302392486950e-01,7.930575472011383020e-01,6.121417999607201565e-01,5.524085299876417832e-01,6.402926059824495253e-01,4.667729844892378743e-01,5.802154086145505651e-01,-2.669851778429436218e-01,1.693959048402786383e-01,8.821816211173272304e-01,7.584095644980363149e-01,9.415223036752158325e-01,8.065068366261162192e-01,7.497196686116479603e-01,4.193486094768170136e-01,5.841928211056806042e-01,8.951969805474445652e-01,8.324725349901581639e-01,6.222566727982128398e-01,2.551661468104438613e-01,4.118892369312096013e-01,7.872358517425993574e-01,4.259002078401953328e-01,6.357700025947182754e-01,4.834745660236261511e-01,7.112155227178044992e-02,3.342857082921539824e-01,5.689012169335395663e-01,8.417999943704161936e-01,2.865045716847091084e-01,2.806081448398596856e-01,6.119883766565931138e-01
9.931663206024849977e-01,7.510851398737562468e-01,4.271721426957404977e-01,6.854516103291672380e-01,1.538184267674731487e-01,9.367647029411323434e-01,7.849531102033289187e-01,3.251353776675768303e-01,9.687820464591164749e-01,9.497543228543268157e-01,7.104561898314760704e-01,3.689811302468377630e-01,3.048580254120228927e-01,0.000000000000000000e+00,6.202353005724463575e-01,6.869317317021045310e-01,7.419563421003926296e-01,5.980243600329033793e-01,7.998629783327532161e-01,5.163872229066052144e-01,8.372473384954426390e-01,9.312728179834437459e-01,4.129443819878059752e-01,2.874038111654879102e-01,5.177238087832765068e-01,8.152814270986026290e-01,5.824125002202460433e-01,8.998440330375215845e-01,9.624142918281350934e-01,4.563820247153528298e-01,4.361329443501354430e-01,3.884873925052508281e-01,6.042324774906588924e-01,8.277899061740208175e-01,9.219293625391042912e-01,5.076196711501095304e-01,4.544906208885656773e-01,5.247045731591406525e-01,3.253802316452720778e-01,9.994498200236316965e-01,3.154402780273161122e-01,7.670695201797247398e-01,9.352640318302215539e-01,6.590936543104231049e-01,6.963208852034834528e-01,4.056954516660917220e-01,6.236857048555239924e-01,7.214833590171635391e-01,5.103274879321800794e-01,6.454772059011989471e-01,7.637765848364149734e-01,2.021558061981878207e-01,5.005209586111627473e-01,5.272118097626481426e-01,4.946750537029573902e-01,7.849118676423245677e-01,6.228912402183308661e-01,6.616965101463195831e-01,4.380406070192622292e-01,3.932719746731317967e-01,1.120048689979086520e-01,6.173625450246404966e-01,6.731025597247325409e-01,6.367913975804135873e-01,7.687843855199830712e-01,7.336380650266220993e-01,5.300294281617120573e-01,8.862087281374637637e-01,1.420782777119370122e-01,2.175450596854049123e-01,7.086381808294107687e-01,5.183608403093399319e-01,6.932649033508013758e-01,5.140753880004585996e-01,5.866633621378586350e-01,6.031148870890813418e-01,7.755395567599709938e-02,7.008665833068155049e-01,5.918090319710390679e-01,3.087695995814317140e-02,7.849947723814720835e-01,7.678915291083711070e-01,8.141967858911911549e-01,4.165257546022048674e-01,2.969995924041214375e-01
8.352799441539743297e-01,3.903799677101658094e-01,9.914047510977759270e-01,7.770873137260062569e-01,6.156569245781449151e-01,3.013207480890979784e-01,2.545495742138052520e-01,5.756084885700125664e-01,9.696164600996444172e-01,6.128665719852892657e-01,8.726478087316097421e-01,8.470121929818246187e-01,4.342644509065870517e-01,6.202353005724463575e-01,0.000000000000000000e+00,4.045142991749743899e-01,4.363104611723580550e-01,9.200790692196800791e-01,2.328268082990895549e-01,8.248326850788522124e-01,7.476955976435308848e-01,4.407389793944550549e-01,4.983696208133430172e-01,5.251938315931219819e-02,7.082233065771614822e-01,5.610550249282434399e-01,7.337043441473507510e-01,7.828411901631402436e-01,4.515831976154321414e-01,3.070009186898685072e-01,2.938486850360273461e-01,5.178007706873885008e-01,3.699631880062864697e-01,5.165883054268340935e-01,2.863255023959687673e-01,5.816984467423025329e-01,1.464425977405650059e-01,4.609850778156213691e-01,7.507977455035436121e-01,6.801019123673447409e-01,7.880904220671788307e-01,5.563429379935324048e-01,6.442129101722893214e-02,6.793288108184352136e-01,7.650845140572060110e-01,8.435669534497363120e-01,7.919827651828796888e-01,2.771982430429360544e-01,5.539993283841611049e-01,4.058509566394796764e-01,5.942722543672389612e-01,-8.885443358431814598e-02,-1.784780285384165721e-01,6.489947286811678095e-01,8.501718790755139477e-01,7.512740795773477087e-01,6.459652161208723209e-01,9.095018978873661286e-01,6.940530040067545148e-01,5.991834239145834573e-01,-3.815704281175935630e-02,4.910624461291596687e-01,7.347147027379981044e-01,9.674024608955222870e-01,7.985532011095237692e-01,7.877618051226793483e-01,8.480894603708309942e-01,6.348096605419856209e-01,4.531430834244654648e-01,8.141461419235939134e-01,2.152020833591931082e-01,3.783546895329632509e-01,4.576017643442629179e-01,4.312162044054514975e-01,2.668670630640077729e-02,7.082161352796962905e-01,4.500210179934585053e-01,4.146265915867962670e-01,1.445769293146017265e-01,4.334791909024244827e-01,4.371168828639120374e-01,8.826453702888004127e-01,8.608767548599554065e-01,4.482511569017119113e-01,5.208600372103024956e-01
-8.291283626276041430e-03,9.664257714909426644e-01,6.850896257535656897e-01,6.514211795198981969e-01,7.612269724855876829e-01,7.420196433329310226e-01,7.156489566646784262e-01,4.508737643558067831e-01,6.615554792559212860e-01,6.944545791926926004e-01,3.941670891327889725e-01,7.679970155517421571e-01,6.579141949305330472e-01,6.869317317021045310e-01,4.045142991749743899e-01,0.000000000000000000e+00,3.651942439974938948e-01,6.482266265379776904e-01,7.211076817297518149e-01,6.109760705488460619e-01,9.568635908622594721e-01,6.075720406522557848e-01,2.431691477395339085e-01,8.270538904018053250e-01,6.963386964961882919e-01,9.501372120133433352e-01,8.865414823667002731e-01,6.397683918186424235e-01,7.071276666403859545e-01,2.817256167768961705e-01,7.011347931590072857e-01,5.294063649318800913e-01,6.299718960740925411e-01,2.793871610797958316e-01,4.988434170964681780e-01,1.985570911987405984e-01,4.875354652974290270e-01,7.230456192359333567e-01,8.542559426965377067e-01,6.177352475864066328e-01,4.703704933667046673e-01,6.337631407367282366e-01,2.076409230957821095e-01,4.209355125716259249e-01,7.810532615998559969e-01,9.817762503550681030e-02,6.293866966768980609e-01,7.431438912810734987e-01,5.478799855704516997e-01,3.427791939051938463e-01,1.788369480110258980e-01,6.671404244890091206e-01,9.853489944192534988e-01,6.856290166716549894e-01,6.873908898565305181e-01,2.002072010883179931e-01,6.749373033723589099e-01,4.987505650266328416e-01,9.108761826605515921e-01,1.101359952003411052e-01,7.449794879909270584e-01,7.999798258846475552e-01,9.451556883308914747e-01,9.507722295717436767e-01,7.021327758547026843e-01,1.575528391692013752e-01,9.391059274961911507e-01,7.133152423767273875e-01,-1.349750459962345550e-01,9.916079065120960712e-01,6.111066487178791196e-01,7.644607475133849972e-01,1.414015889681817795e-01,4.200381995074414787e-01,2.723663969074154312e-01,5.122848517936993140e-01,7.609846122632776266e-01,6.069365522718083161e-01,4.911701195454971636e-01,-4.937095726317339284e-02,2.742506361541872106e-01,4.837755133852976730e-01,4.287980057705180759e-01,2.565278581616770581e-01,7.616453418200542780e-01
5.034053283488741926e-01,4.454118208113538313e-01,4.260139583911816685e-01,8.016944674243010605e-01,6.612537439098871150e-01,8.406525058402105621e-01,6.926985262739969729e-01,7.140430979976517545e-01,4.467815463181740721e-01,8.236333505983515213e-01,5.762280869272740080e-01,2.812654142573165483e-01,9.344846873163213941e-01,7.419563421003926296e-01,4.363104611723580550e-01,3.651942439974938948e-01,0.000000000000000000e+00,8.671518866263900893e-01,8.252596774342122465e-01,8.255595602807981326e-01,6.584054511111081531e-01,2.247102254357636608e-01,4.019871700218041188e-01,4.275572313474567676e-01,5.188136989144606082e-01,7.640956444432129846e-01,7.954361099015676562e-01,7.122929395547155096e-01,2.583087548908808428e-01,6.523068876762572188e-03,1.512775807148009077e-01,6.976124953966098552e-01,9.603394052619219634e-01,7.137491070320620690e-01,-1.814591106657928443e-01,7.895957904801308158e-02,4.455585791638476123e-01,9.674332849917848254e-01,9.809217648719524840e-01,6.169960916341240553e-01,4.568004965869422729e-01,7.298271673516475433e-01,5.723143092089186812e-01,4.773205182869177388e-01,6.078593319375397153e-01,3.755590980691612124e-01,8.637862473751463099e-01,7.320541873969419466e-01,2.568491487839219545e-01,7.193111543107117978e-01,7.192995128822723405e-01,7.195104672773285914e-01,2.789149836726342313e-01,8.471106044316443207e-01,7.710110701295123103e-01,4.355990410843088023e-01,7.163762875425123688e-01,6.187007685803208590e-01,6.794884271903464112e-01,3.288759792370040125e-01,5.360778116474030908e-01,2.351239490371558050e-01,8.997386563267542048e-01,7.562395175147262893e-01,8.921184399642014817e-01,2.637044429626045350e-01,6.857951188093160955e-01,9.358299654306696524e-01,1.692670005283259393e-01,7.132467602386120820e-02,5.401961590318888895e-01,3.668492437202582890e-01,3.732312010131426661e-01,5.203678205015127567e-01,3.747310512209827138e-01,4.719769872237483677e-01,3.467967780868285166e-01,1.763255281196536225e-02,3.241755362525443607e-01,2.239835064188058777e-01,4.993949600803205269e-01,8.297757813491138945e-01,8.338306553125569565e-01,3.970571741716778513e-01,3.531751345559358546e-01
4.591862152722045454e-01,5.197148507528395189e-01,9.526147126678676802e-01,6.489668631093241657e-01,4.912276820627816676e-01,7.681983008917701028e-01,3.339459223929776011e-01,6.643103352606640755e-01,6.336325102835922429e-01,3.961404608739593769e-01,7.891364373127436327e-01,4.599656369920239185e-01,6.177138678766521673e-01,5.980243600329033793e-01,9.200790692196800791e-01,6.482266265379776904e-01,8.671518866263900893e-01,0.000000000000000000e+00,6.188853812132040222e-01,6.114614925475482243e-01,9.744261396444930945e-01,2.793191208912938484e-01,7.340795883949755574e-01,6.791704567664186287e-01,5.286000470427048015e-01,9.702669799052183741e-01,6.525012277792787696e-01,6.663363869784757476e-01,2.445481243154463968e-02,2.740652091919940081e-01,6.250600899740897665e-02,5.757215594146840587e-01,7.553146481308793403e-01,4.053406284577819596e-01,3.452667878704045457e-01,8.935947489443614444e-02,1.794595393622697155e-01,6.259174178820731127e-01,7.597593699338183182e-01,7.350683927967661679e-01,2.749208265470243218e-01,4.548698669989210963e-02,8.208849595451591652e-01,1.678106400135281617e-01,9.517284765376603506e-01,9.679928468953653553e-01,4.643937848477018848e-01,2.028433504476972460e-01,6.235972815464443930e-02,4.240011885525538649e-01,4.179722969417943856e-01,6.390345574737201773e-01,8.136458939591598716e-01,3.753035609284204321e-01,6.345562517788799761e-01,6.068501131149944827e-01,6.965079308524763091e-01,3.780120658698203906e-01,9.389609313483100461e-01,2.650857601786424378e-01,2.760209833784237898e-01,7.939131913599286605e-01,7.288165589682398249e-01,6.554243333967949559e-01,6.972874776499794480e-01,4.138022173952484173e-01,7.014231582077793403e-01,9.043516823368790147e-01,5.886517547661039851e-01,2.376127622878716761e-01,5.458918908989005558e-01,2.659377591831159626e-01,3.670898559773810854e-01,4.001514866497689615e-01,6.647005081491088596e-01,6.477262866655288942e-01,9.175148424315657802e-01,5.012580908758383913e-01,9.567764250931309888e-03,5.136445323256569884e-01,4.721201116357894856e-01,9.961738331735585650e-01,6.760307197287145353e-01,5.910233947241790853e-01,7.219898570408117555e-01
