0.000000000000000000e+00,2.382151513442103963e-01,8.242954976628711350e-01,9.963361464727340522e-01,6.382079549412694730e-01,3.413302578774829454e-01,9.485604262012818921e-01,4.537058724465805604e-01,7.387553496557258681e-01,4.120365248359680876e-01,6.946303816530688957e-01,9.195294018692957705e-01,8.152616022353651459e-01,7.256359264575911183e-01,9.471103322139455827e-01,4.479858842098684568e-01,5.045453293089958713e-01,6.353188357557225663e-01,5.547605838268567791e-01,9.728716336973578516e-01,2.393414117504173433e-01,3.201919179714269870e-01,5.850676049397116607e-01,6.531843651777753390e-01,6.745934068418776297e-01,8.894416951119391568e-01,7.090858157867244715e-01,3.271986935157806808e-01,3.461406076026510847e-01,1.632225862831724328e-01,1.111075441963566973e-01,8.491082540160752590e-01,1.032649098962993978e-01,9.454863074028647674e-01,8.956202312920066300e-01,4.212168217863282993e-01,1.477638331939972738e-01,8.753731095477705892e-01,6.932274458288065766e-01,4.520031270376779764e-01,4.161270001506663374e-01,9.447184941113018208e-01,4.662459111767651709e-01,7.262872511566242917e-01,6.178575778190172896e-01,5.466124760101714886e-01,3.262053350245599503e-01,5.144587659259042267e-01,8.652707174894812558e-01,8.778619413352997114e-01,9.200849329107818608e-01,3.227612680964659919e-01,4.199580730789707061e-01,6.392541700973374263e-01,8.285372378669348947e-01,4.492688990315671926e-01,6.536273749921949205e-01,7.701536858100852534e-01,6.056555959647423881e-01,4.957858031564060797e-01,5.995679438814636164e-01,2.553315122669987391e-01,7.815292408035573457e-01,7.721457560008828658e-01,9.294024215189714555e-01,3.116405792070970904e-01,6.061475941435656711e-01,-2.057168543973841857e-02,9.495996997762463643e-01,7.145345835795312572e-01,8.752650712437921587e-01,3.934770940122978011e-01,4.230761420224619096e-01,4.955021576499492597e-01,8.739638336279367259e-01,7.990531934060988162e-01,6.724216501846776994e-01,8.009003119758448808e-01,4.525459228782686694e-01,4.255793657799458729e-01,9.598243116992232205e-01,8.357310568401219442e-01,6.497865003833559472e-01,2.566095165950855184e-01,6.403851931209414428e-01
2.382151513442103963e-01,0.000000000000000000e+00,6.266571684064066172e-01,4.631059761115885465e-01,7.688065769278425998e-01,1.051624637938466389e-01,3.405832653860316195e-01,3.406736647797862227e-01,5.707367485706781318e-01,7.687427470630144866e-01,3.486361845107699975e-01,7.100322370104336089e-01,6.968388461970566050e-01,5.561889516247909837e-01,2.076062171109524235e-01,1.496940237741959945e-01,8.763799661186263412e-01,7.615898123759219651e-02,5.157022138162152824e-01,2.064940917808317788e-01,8.645889915947095883e-01,4.092165743652582122e-01,5.449443916367576746e-01,8.462687194704159310e-01,7.550331123619983265e-01,4.205206094710793874e-01,8.891349918784314799e-01,3.547490069865212314e-01,5.006812074193039974e-01,4.882199726076952850e-01,3.334984564661758188e-01,2.526404387617466885e-01,8.714821423976514270e-01,4.431443710350972953e-01,3.461679109889433947e-01,2.754503102120942071e-01,1.247948128763951142e-01,-1.310415079651542358e-01,8.175592174937000856e-01,5.548857062957291975e-01,6.343796480058495613e-01,7.935118279370488859e-01,8.921244658124937166e-01,4.778474888752803906e-01,4.115822065835607058e-01,5.314166365679632298e-01,9.405168449854652835e-01,9.395248026173664835e-01,7.921510480052240677e-01,3.362955312618115533e-01,3.671462621971878226e-01,7.755780185210957578e-01,6.057890862647039576e-01,5.606412956809680992e-01,7.725712426612374450e-01,6.953590858986093970e-01,5.680606693238919869e-01,3.921267892253995635e-01,9.632644763634164997e-01,5.621780986475828357e-01,4.818265873760447793e-01,2.040364049445910766e-01,6.138663704926236031e-01,9.808325717678320066e-01,9.981827643917581261e-01,7.942230114200159452e-01,7.346537013005493000e-01,5.680984617518304303e-01,7.639075705628579627e-01,-1.756211403011394834e-01,9.554823547559170294e-01,9.138945241643368078e-01,3.816773091884836377e-01,4.222914991362015646e-01,4.885709937202953324e-01,9.837071641777798137e-01,5.496391504794572169e-01,6.287447891478845641e-01,4.659460815740799067e-01,4.351334527782175221e-01,8.985308230576628530e-01,4.772195663373071106e-01,6.598163435452063519e-01,3.421290710843510885e-01,6.786105886485052086e-01
8.242954976628711350e-01,6.266571684064066172e-01,0.000000000000000000e+00,5.249788435092750394e-01,7.268655684714822041e-01,6.659616423961562948e-01,7.255231602399301316e-01,9.267253790617937526e-01,9.432582461873030288e-01,7.262101116391154187e-01,8.019020496078499427e-01,8.231121880609680863e-01,7.473432540646434141e-01,4.812180027488214273e-01,9.305313669461032777e-01,9.040649299665285410e-01,9.266703587170264100e-01,8.225598029385340348e-01,4.585279582727362913e-01,8.368326043055804853e-01,9.787192801757540472e-01,4.846228709819908054e-01,7.753823125832854934e-01,7.137253420051086206e-01,8.170883794652857857e-01,5.899019984049839183e-01,6.315682952146695062e-01,4.165385286399480025e-01,3.644925023634431049e-01,3.318133469221516973e-01,4.684764298979401387e-01,7.404785300950421645e-01,5.597141624773624979e-01,8.728227489945160622e-01,8.624741786377030373e-01,5.639421166453758572e-01,3.747055079567542801e-01,3.747608119173261310e-01,7.450813966816215439e-01,6.518936556163161811e-01,3.498252627814875670e-01,8.474526809408738925e-01,7.682574085263133012e-01,5.308154016345505433e-01,4.602389446723914590e-01,9.976363031354140709e-01,5.319286330494247261e-01,2.389615272519912403e-01,8.746631991188167365e-01,7.124110524042911452e-01,8.162293355357131963e-01,5.514767179456632196e-01,9.920947854786879017e-01,9.272478222297352302e-01,6.429577068990115496e-01,7.505153285340475655e-01,7.398296474373543541e-01,9.029781635008495844e-01,1.242347817605044674e-01,2.097684611010897371e-01,2.487180357416224341e-01,8.362578639690066984e-01,3.162537607586233257e-01,6.207239488676780104e-01,8.388259976901034642e-01,7.136745056202500326e-01,8.909515958039295747e-01,6.700297406243332921e-01,7.213935915529536835e-01,9.232682735397808038e-01,6.479844056491139703e-01,8.996175818185710993e-01,5.258467180722475875e-01,5.501836708045518831e-01,9.028167190772077300e-01,9.567331313491584943e-01,7.716364626060239207e-01,3.837586322160887464e-01,7.187157022899844927e-01,5.333954221559644888e-03,4.472040339057171132e-01,9.022252684945146761e-01,7.419376621837955321e-01,6.257268803434459237e-01,9.207542682152193292e-01
9.963361464727340522e-01,4.631059761115885465e-01,5.249788435092750394e-01,0.000000000000000000e+00,6.675044393555841227e-01,7.914121466515361414e-01,4.119977066931017062e-01,2.227894286734072304e-01,5.143429088725273157e-01,5.853861964206354962e-01,7.477757245852683088e-01,2.120939951344412155e-01,8.414187321710414613e-01,7.684207274674874633e-01,5.430513574536590671e-01,9.590946644320670345e-01,6.989058450879175322e-01,9.674025614719858890e-01,9.921734458163956605e-01,6.160046426405197950e-01,2.468251643301576648e-01,2.405405646588788249e-01,7.027403049245397604e-01,3.110473600449953357e-01,8.835716878895993887e-01,7.596408498891594752e-01,9.132223532010840250e-01,6.520257327501979283e-01,3.876250903421659677e-01,2.045964770162533308e-01,4.520068948254929442e-01,5.855418012339249634e-01,7.603756902412656116e-01,9.049946692316879204e-01,6.396404900123087156e-01,4.891880674184007072e-01,2.626691319412660652e-01,4.243635065852041088e-01,8.795207930166060173e-01,4.796997219180557104e-01,2.528766009965349171e-01,9.658777212223617070e-01,8.715296141840165323e-01,4.132438914741342062e-01,5.247739866831171440e-01,8.830502813683287489e-01,6.696247247682455273e-01,6.722443543312210945e-01,7.958567718382213441e-01,4.257636655120897173e-01,9.443223008243152305e-01,8.141604915141967824e-01,9.514652050596866806e-01,7.675220641363778018e-01,7.920762667251852740e-01,9.165388139434791359e-01,7.249512956330348423e-01,4.170286303656468019e-01,7.603332501770688756e-01,5.220987225206364934e-01,4.790662403234613453e-01,6.669669232753479005e-01,9.253236750686791856e-01,8.994096686989049294e-01,5.724327506934354659e-01,7.086468357746282809e-01,8.490055114819508031e-01,6.438343025216477500e-01,-1.763741450165883795e-01,5.669376547249038722e-01,9.007804885587411547e-01,2.106968688608496509e-01,4.674212611047710575e-01,4.999559660703273289e-01,5.437256701987088769e-01,9.829722360731321107e-01,6.056781510555359072e-01,7.879958536541089575e-01,3.271551116507100954e-01,3.675227077479106264e-01,8.447322771203712444e-01,7.790607554471801199e-01,4.937773647280984113e-01,2.899311209039731052e-01,4.466585877013806161e-01
6.382079549412694730e-01,7.688065769278425998e-01,7.268655684714822041e-01,6.675044393555841227e-01,0.000000000000000000e+00,6.387550624653924869e-01,8.626426679074293835e-01,5.364435511758050001e-01,6.119688939876898326e-01,5.406714646969327243e-01,6.046485611820959782e-01,4.036495614641151253e-01,1.408981483119546296e-01,2.207728211437848254e-01,7.999492099964531366e-01,3.320426823344755501e-02,1.845418320504570164e-01,5.350451879849389414e-01,2.711884056466062898e-01,7.587515662233890179e-01,9.821704385758203149e-01,7.478951216250764311e-01,4.448673970089191410e-01,8.860713943382200197e-01,9.237483180492672696e-01,5.924494402321824893e-01,6.123685843099104797e-01,9.524423988084530501e-01,2.732648179686154033e-01,4.876833125135983105e-01,4.029365561161337150e-01,4.383783824532359041e-01,9.865236531283981813e-01,7.475088667643380314e-01,6.485642221621554793e-01,1.099672464490237395e-01,2.941307806165730510e-01,3.687467879288162109e-01,6.782784479903885000e-01,5.016203410432151788e-01,3.202925982608526567e-01,6.615304529365489961e-01,4.996641848129344532e-01,5.667039193698999444e-01,6.694643267523912034e-01,7.102593195798405645e-01,6.680984871476537412e-01,7.848882765567131159e-01,2.083937870472843956e-01,4.336024730839273533e-01,5.909291225404503800e-01,9.490494064670982333e-01,7.159460602541410923e-01,6.862571321679736824e-01,9.988709136494182683e-01,6.066647229350126125e-01,9.258771531012364997e-02,5.688351153911586078e-01,4.136984558130479828e-01,9.670822467491103636e-01,2.085194887090532356e-01,6.356193335112981790e-01,1.878919344487579302e-01,9.022783032726228170e-01,4.173509669812062173e-01,4.430083984953344101e-01,7.221811808911792196e-01,9.351833787212078253e-01,6.094896704284714639e-01,3.186954090086079328e-01,9.803274167123814387e-01,4.526509141386194646e-01,-3.170770466079532168e-01,4.055006846550447408e-01,7.473335482743956870e-01,6.676008667398536378e-01,9.257529340906474058e-01,4.758825164957532494e-01,1.105452900397804750e-01,-1.034954933547824474e-01,7.175220246568640992e-01,6.065222155233576107e-01,9.242360189790668201e-01,2.425104923623671582e-01,8.068553714745922978e-01
3.413302578774829454e-01,1.051624637938466389e-01,6.659616423961562948e-01,7.914121466515361414e-01,6.387550624653924869e-01,0.000000000000000000e+00,1.462748297216207027e-01,6.989889498815957669e-01,8.279806574623335136e-01,7.056905754642373019e-02,5.220959064875592137e-01,9.776849529794092719e-01,6.221584301678890760e-01,2.180390384672330206e-01,5.901087394595212476e-01,2.650248716560632545e-01,9.401219188651270819e-01,6.381215928076429122e-01,9.601377598296573224e-01,5.561273615606103782e-01,9.816021091175661795e-01,6.240750716321260549e-01,4.786779455831824404e-01,5.380763615177305281e-01,5.539779454505100453e-01,7.290458473293038866e-01,6.681164954863618721e-01,1.757752177855712028e-01,2.648407892935564778e-01,5.405366032103832152e-01,4.861384661539828178e-01,2.385224524244864142e-01,6.363563444423219195e-01,5.110533687526506164e-01,6.197820481162757966e-01,5.219728870754225536e-01,5.548923003749071103e-01,3.915683960667414865e-01,1.732290204624815366e-01,9.648385661429816906e-01,3.048969052470015262e-01,4.623351193578726370e-01,9.120082887024901774e-01,3.297275564609177256e-01,9.697556423388868918e-01,9.664834234739578811e-01,6.714335891261089539e-01,4.576667455793138051e-01,7.208844132756182521e-01,4.128832707972527327e-01,2.460876848459567501e-01,8.941812053714850439e-01,4.034350027500536728e-01,6.494434206948022092e-01,7.142830781161627618e-01,6.807529284002947767e-01,7.247172868022550007e-01,7.556507287544297347e-01,8.924917227651463225e-01,4.152782590976114574e-01,3.284163906219069728e-01,7.533138579897349363e-01,6.727590741425251153e-01,3.331139881069886677e-01,9.957776920295517975e-01,4.064336223744607901e-01,7.723093709214912117e-01,2.317031573294123237e-01,7.878158910504100554e-01,8.045445265508619492e-01,8.208231372175005536e-01,6.835870665698633442e-01,2.735964486312817412e-01,7.682266776471553538e-01,3.887071379629902790e-01,5.029193081912309848e-01,6.524107939051919658e-01,5.636141618323061708e-01,4.835389099474051711e-01,5.880375296167278387e-01,7.777931214934737936e-01,8.475513587059181342e-01,5.739159496950462236e-01,3.747664470936639125e-01,8.864121927682730995e-01
9.485604262012818921e-01,3.405832653860316195e-01,7.255231602399301316e-01,4.119977066931017062e-01,8.626426679074293835e-01,1.462748297216207027e-01,0.000000000000000000e+00,3.470858652942747091e-01,5.507872238911972751e-01,6.740199225133001182e-01,4.374638304649557385e-01,2.964178979884670162e-01,5.006570175508884279e-01,4.520826176873363744e-01,7.437621530027878070e-01,6.760980533234923762e-01,2.996902025420676297e-01,-8.190698969653470440e-02,5.598262066106185486e-01,3.576570599897747615e-01,7.336462891239133866e-01,4.352577572545819895e-01,2.512882366405890244e-01,1.091952139402727895e-01,6.521369120246895967e-01,2.384233494993733271e-01,7.393108567599018244e-01,5.231157080073491894e-01,7.616789578268466920e-01,7.939767921717502119e-01,2.357398474195805393e-01,2.647366222955820358e-01,6.787881824157688815e-01,7.248682436507866145e-01,5.463507006527680288e-01,2.112498883589289389e-01,4.239615205936990705e-01,4.479582004244376248e-01,4.642695284549652746e-01,2.470368797810716388e-01,6.352322108417393087e-01,7.481497241178542978e-01,9.534736936694527820e-01,6.559119764052195878e-01,7.463517100900716184e-01,1.624861282271394813e-01,2.858428532546233303e-01,4.450289150568169649e-01,2.046277400781849609e-01,6.091698696291545367e-01,2.024543851279045070e-01,3.940719164259466334e-01,5.104733367980008873e-01,4.261790882963218952e-01,7.318393929845737889e-01,6.323620873455597646e-01,3.976761315361724280e-01,4.171387237485441601e-01,9.383019692871107376e-01,5.283965745245908785e-01,6.748935156945077285e-01,3.517481944699979435e-01,6.029085016506321448e-01,2.991949643070269671e-01,7.332652001185074875e-01,6.832682979086606156e-01,4.537336938370939987e-01,7.200977875088760971e-01,8.519490254018465825e-01,6.375308008431762596e-01,4.192873952956317485e-01,5.183475765530425328e-01,3.314659687069949623e-01,5.169793714700584575e-01,2.688026372108300310e-01,-3.156312028477307741e-01,5.421989585630038189e-01,2.382469397946809786e-01,6.716617025974602750e-01,2.309942489012334066e-01,6.901653045452905699e-01,4.888012812867907897e-01,4.296239307554103326e-01,4.549712800657078060e-01,3.228260700756352408e-01
4.537058724465805604e-01,3.406736647797862227e-01,9.267253790617937526e-01,2.227894286734072304e-01,5.364435511758050001e-01,6.989889498815957669e-01,3.470858652942747091e-01,0.000000000000000000e+00,2.592741245722720023e-01,6.937688838655705625e-01,5.367268356319155886e-01,4.524717921093437956e-01,7.506258707315867085e-01,7.852159917736873940e-01,4.276279355760876366e-01,4.258891437618773090e-01,8.809752308271102672e-01,7.271612390521187130e-01,8.979294765983106275e-02,2.464945282076280997e-01,9.272724990157550362e-01,5.585663836667973392e-01,5.471302823533775728e-01,4.467470374689044843e-01,4.176720246871029607e-01,7.758318947188473924e-01,2.920397365631602904e-01,9.057462095690903270e-02,4.687382213787440466e-01,3.168493693406021494e-01,3.201120492779593318e-01,4.751011334935160285e-02,8.955814185726402865e-01,7.717762457666521581e-01,3.130160392627718280e-01,5.511683208850878257e-01,1.758240381865918689e-01,7.262838778272469042e-01,7.873277396694500219e-01,4.139096431645380436e-01,6.001139827877369770e-01,8.821091071559956642e-01,9.069291987608385508e-01,1.244433883480626640e-01,4.451422106360425346e-01,6.030544145156869762e-01,6.428717941247477086e-01,2.116911885773682944e-01,7.771543062238233102e-01,5.429564057259843590e-01,2.891383194843651916e-01,9.698421337232567829e-01,7.737854665167115398e-01,7.788877618972360750e-01,4.989303556688160501e-01,9.968430322288053258e-01,7.413344447157879102e-01,2.058294428829998135e-01,7.275937930585043567e-01,2.129369196521256336e-01,7.944763396596115079e-01,3.700391065957996939e-01,7.772087651433683408e-01,8.612340758840748567e-01,7.947551992209667127e-01,3.221632828024233453e-01,6.918643096668277703e-01,1.636492290209965172e-01,4.966900442299264085e-01,2.362218108403268124e-01,7.532121095626067575e-01,7.178902208701325449e-01,5.323937009275453436e-01,3.499351205873453274e-01,7.733835680443931215e-01,3.247967044307317752e-01,1.274287287113946288e-01,4.230860052291561813e-01,2.057972660394287723e-01,1.296319755988550870e-02,2.035795391103648599e-01,5.101404295962927993e-01,6.341716871266620537e-01,5.651028992456424982e-01,5.553430004130385234e-01
7.387553496557258681e-01,5.707367485706781318e-01,9.432582461873030288e-01,5.143429088725273157e-01,6.119688939876898326e-01,8.279806574623335136e-01,5.507872238911972751e-01,2.592741245722720023e-01,0.000000000000000000e+00,4.335614180018586561e-01,2.233210238755801158e-01,4.094877253751274537e-01,5.120268178281841553e-01,5.984414752541457050e-01,3.982477499741698401e-01,5.282649644191285132e-01,7.735355834065018588e-01,7.497086183753621791e-01,4.123883836664439251e-01,8.272529325476412065e-01,7.537691740753524883e-01,7.783463816363818122e-01,7.644037164248325134e-01,7.841978753994311990e-01,5.842980392752833430e-01,3.343988312517385264e-01,7.598580759592774569e-01,2.786724100214675315e-01,1.839776252151415215e-01,3.577874427634012977e-01,8.767967187148939523e-02,5.419307678070951484e-01,5.022589473111169767e-01,4.725988987745114445e-01,7.681401759741934843e-01,3.910597814812790673e-01,5.799077538439088159e-02,7.632338516842378517e-01,4.291122769110816138e-01,7.213971132353320659e-01,-5.262325543527732186e-02,3.445579787837060870e-01,7.935309042745142261e-01,5.588480235641082317e-01,8.307840110933982780e-01,3.885879436340198417e-02,7.057063030210083410e-01,5.306513396384313630e-01,6.766481064142411128e-01,2.866127418846270980e-01,7.850427219624009911e-01,2.463919986713536125e-01,4.091124068621807552e-01,5.898805216829967613e-01,9.442936998934804427e-01,4.132807268457339145e-01,8.814011253043261274e-01,5.613465130709522910e-01,6.140151183815381053e-01,7.364843340461969534e-01,6.385928347518115000e-01,9.982296287187005790e-01,2.647604378080981036e-01,8.180249611998103854e-01,7.245770845937515858e-01,6.003799720135949425e-01,9.637098004428432674e-01,9.116504977839486878e-01,5.898469595719544323e-01,4.708048512377147610e-01,9.336162023884624350e-01,6.204528990384663434e-01,6.274846334723994667e-01,3.792975193639367415e-01,-7.457109242360640544e-02,5.699192669231725183e-01,7.297243445415499963e-01,4.343011825200882026e-01,2.080130362270864730e-01,3.830935597879522314e-01,5.699369076045164295e-01,9.969292267542237962e-01,7.474949483552094653e-01,3.800764647092714221e-01,2.842669007858366625e-01
4.120365248359680876e-01,7.687427470630144866e-01,7.262101116391154187e-01,5.853861964206354962e-01,5.406714646969327243e-01,7.056905754642373019e-02,6.740199225133001182e-01,6.937688838655705625e-01,4.335614180018586561e-01,0.000000000000000000e+00,6.066428990165922963e-01,5.315248758418977815e-01,6.058816044889797636e-01,6.263743684622693486e-01,1.022015456241217035e-01,7.780333959628119578e-01,6.044719184776217169e-01,7.075376395015455788e-01,6.736126429067134103e-01,7.125875280862828953e-01,5.753421311418388528e-01,8.345606541626554575e-01,6.279258478610686423e-01,7.439199868538665106e-01,6.524898481541098194e-01,7.254498043211558000e-01,8.417059683357905886e-01,8.712893624575368534e-01,5.661157157677286778e-01,5.248789667512472334e-01,2.424196956739958497e-01,7.754870629247502256e-01,4.819568088107811232e-01,5.181527474917818621e-01,8.172934021837772178e-01,1.954481254558686210e-01,6.195820159545785133e-01,1.418385046910234371e-01,2.056566779233136300e-01,6.322313138375189601e-01,3.910474532588763541e-01,6.890461746435945223e-01,7.483928208409831306e-01,8.228085461102253584e-01,9.257286029047787634e-01,7.053978915403332772e-01,6.925206642363613829e-01,3.181189451927036727e-01,7.261127282750645673e-01,2.115130823181815278e-01,5.982300110376055358e-01,8.183764733451043272e-02,6.454512209203152606e-01,7.071770254161441338e-01,2.944164467907361971e-01,7.228441823303238811e-01,6.892299891265358802e-01,5.239905241910043365e-01,7.304081525783087114e-01,3.025583691947828641e-02,7.022240746307728543e-01,7.052860045384339305e-01,6.666108798565590909e-01,6.019432977451646405e-01,6.805918030594146906e-01,5.006171651105227882e-01,3.299412119938354149e-01,7.451242146622143459e-01,8.988546176682721267e-01,5.588350690114427533e-01,2.562119441681561804e-01,4.437273933173262463e-01,4.092915969138239962e-01,4.683048467016004968e-01,2.285234822705702884e-01,7.077515692133869996e-01,5.876753747347560619e-01,7.937003752504205867e-01,7.851985993002676967e-01,2.059939271153478635e-01,9.609237273070999619e-01,6.994592604327586338e-01,8.396530322858649642e-01,6.741517751444461304e-01,3.202103283643036313e-01
6.946303816530688957e-01,3.486361845107699975e-01,8.019020496078499427e-01,7.477757245852683088e-01,6.046485611820959782e-01,5.220959064875592137e-01,4.374638304649557385e-01,5.367268356319155886e-01,2.233210238755801158e-01,6.066428990165922963e-01,0.000000000000000000e+00,9.125985862650813907e-01,5.756069209433276601e-01,4.369082488126633801e-01,5.082039069799151321e-01,3.385191810610557184e-01,6.990972657782709154e-01,6.163465922145014986e-01,7.337932971932479287e-01,6.716821273804077785e-01,4.489964249460658974e-01,2.488814239744476242e-01,7.459006685334007569e-01,8.256260633447697339e-01,2.150472928515776705e-01,6.879786435969245106e-01,7.018278154215891185e-01,6.389587231670481593e-01,1.125441498444310212e-01,4.380552587921584529e-01,2.286891392127458622e-01,1.383063574618569047e-01,3.515262884814291944e-01,9.775159130206403368e-01,7.032601811033847294e-01,4.357181544455167588e-01,4.208496509034482802e-01,2.997859080135823473e-01,9.353793421026607158e-01,6.980222723441819044e-01,5.952563553293369614e-01,7.075378123651672180e-01,7.305959586363877101e-01,5.796084641262880810e-01,6.868317115514739335e-01,5.044167166869978347e-01,7.327816064892584969e-01,7.334660447494415481e-01,8.088202951865743895e-01,5.544133632526111466e-01,7.059349224017400504e-01,6.416669230787082068e-01,8.285480964992284481e-01,1.956077325691899793e-01,4.245011838479976207e-01,7.145557067173983201e-01,5.301983354483996713e-01,7.673174289771631518e-01,8.629433355729941857e-01,5.628397622673324552e-01,2.537038798476402013e-01,3.254484284252308068e-01,7.292018686866993393e-01,6.033512656454390610e-01,6.500126157793579829e-01,6.357664917445425834e-01,6.347085025136806058e-01,6.106811533426962368e-01,7.751076735279475161e-01,9.895614485307581143e-01,4.339480913097326642e-01,7.224490165620685023e-01,3.684750146121634762e-01,2.442178399135822853e-01,2.979671304033723045e-01,3.137525044489724579e-01,7.640314354091051197e-01,4.455494983420474342e-01,4.026083553842845775e-01,3.762764282008131955e-01,9.450752685412691090e-01,9.593582200842256658e-01,9.279052628982769058e-01,4.015408726395566230e-01,7.665979537822065204e-01
9.195294018692957705e-01,7.100322370104336089e-01,8.231121880609680863e-01,2.120939951344412155e-01,4.036495614641151253e-01,9.776849529794092719e-01,2.964178979884670162e-01,4.524717921093437956e-01,4.094877253751274537e-01,5.315248758418977815e-01,9.125985862650813907e-01,0.000000000000000000e+00,4.195152019405177235e-01,6.546327697919611666e-01,7.920249584618674898e-01,3.121426294090293707e-01,9.599193759763469114e-01,6.747180158249275195e-01,3.605020346043469881e-01,9.451768010986627555e-01,9.390290691327639605e-01,5.081273185343463394e-01,3.724521318753005739e-01,4.142722781974744750e-01,5.948201538565440760e-01,8.606487105544498029e-01,2.809521898041100751e-01,5.071593831824974252e-01,5.584651388886808787e-01,2.484315114059523488e-01,3.288419125827558021e-01,5.801979893343031103e-01,6.724510616879457725e-01,5.183267762892163066e-01,4.866466465227075044e-01,5.737069245402096618e-01,-6.016293484575169215e-02,9.449184228796445595e-01,1.189030292749844279e-02,6.782241229727001830e-01,2.977781734218795662e-01,4.116256471338926026e-01,1.283960125657455653e-01,7.565407223261861880e-01,9.640865202833996950e-01,8.941800834800707198e-01,4.585313504456380307e-01,9.803275149368807506e-01,5.735186857067071653e-01,2.935197427449967034e-01,5.541742857630881369e-01,6.196113284284302525e-01,9.878236757570292292e-01,3.475923236165124330e-01,3.618274066506058650e-01,8.080485234145148299e-01,7.439303016352796227e-01,4.674954936592771726e-01,9.353266437125422605e-01,5.913787824278318173e-01,4.349533801808623812e-01,6.771529335194778065e-01,7.792162354386487078e-01,9.476058954819103208e-01,5.569309969856413023e-01,7.373149126987601498e-01,7.136844947364126002e-01,3.214292107350995575e-01,5.971327906896308768e-01,5.766758953346683425e-01,8.273846738800523237e-01,4.917919874232961064e-01,3.534432049545292998e-01,4.965110445664595584e-01,4.751788767069482500e-01,8.739771874153156039e-01,5.963397857774709321e-01,4.276630186251886845e-02,4.100783962219959888e-01,1.428151450561775948e-01,4.606867763250959147e-01,7.024877014236964312e-01,4.496858033945149713e-01,6.023636014812772110e-01,4.562015516997360853e-01
8.152616022353651459e-01,6.968388461970566050e-01,7.473432540646434141e-01,8.414187321710414613e-01,1.408981483119546296e-01,6.221584301678890760e-01,5.006570175508884279e-01,7.506258707315867085e-01,5.120268178281841553e-01,6.058816044889797636e-01,5.756069209433276601e-01,4.195152019405177235e-01,0.000000000000000000e+00,5.429466213545237618e-01,4.818033332766427090e-01,5.151828816057710814e-01,7.311377945715722415e-01,8.888770802345903332e-01,6.306318852404195763e-01,4.181906109061503396e-01,8.250145875340297863e-01,5.128839373054943085e-01,4.102407867848187895e-01,9.469821711031674027e-01,5.657325795062521090e-01,6.726099755176389028e-01,5.829460750525257140e-01,6.962164483152745165e-01,5.610071358999287883e-01,2.714593635461401422e-01,-1.925603516781174140e-01,5.423668385300343120e-01,4.315938442769031158e-01,5.512959559683990873e-01,7.169582515661019340e-01,3.217223102017218728e-01,5.335437464867122115e-01,6.874050821942424561e-01,9.462965938390199838e-01,7.921128080266957028e-01,5.252572785352020990e-01,9.158248999515522515e-01,7.333111328918689997e-01,2.616707075861253173e-01,1.087747138321839592e-02,7.385750100995092104e-01,6.161755022760101452e-01,8.639660368905106580e-01,9.180873025725374559e-01,8.950639222150423846e-01,9.297530954683007609e-01,8.339681019788154348e-01,9.769715168572631336e-01,7.621004587509948580e-01,8.194209317411597082e-01,8.249261564962386828e-01,9.983921115923994893e-01,6.638441685585124707e-01,8.471818342773470567e-01,7.915959166939380287e-01,3.142219703553885135e-01,4.124913415589189780e-01,6.342330326857538170e-01,8.859726323651819779e-01,3.476153460173636578e-01,7.131440353771659746e-01,6.994101299182372555e-01,6.806539744095874145e-01,6.130675047130571542e-01,5.193551428732201547e-02,6.740712753155813086e-01,8.833551836555935122e-01,5.043705861458688267e-01,5.773459265166498433e-01,6.272823992392384529e-01,7.198619469537985704e-01,3.200523066903783742e-01,5.602911098818297297e-01,2.607372437368018492e-01,5.260953671167447609e-01,7.491605996868808681e-01,3.604374559939639289e-01,1.496603733580799955e-01,3.891579019084692170e-01,6.458478604104501697e-01
7.256359264575911183e-01,5.561889516247909837e-01,4.812180027488214273e-01,7.684207274674874633e-01,2.207728211437848254e-01,2.180390384672330206e-01,4.520826176873363744e-01,7.852159917736873940e-01,5.984414752541457050e-01,6.263743684622693486e-01,4.369082488126633801e-01,6.546327697919611666e-01,5.429466213545237618e-01,0.000000000000000000e+00,7.919289089549768068e-01,5.563303980513575331e-01,8.028695419829424695e-01,1.713546432754251697e-02,8.984725993250630705e-01,6.363845507449890082e-01,8.226221758935893247e-01,5.609594460112168335e-01,7.390749184690288409e-01,9.828941927178165283e-01,4.529323156631225311e-01,6.158919982790372893e-01,8.002160800522089001e-01,7.139346466808075276e-01,6.760909390272791253e-01,1.721862106018600125e-01,4.668121313788058946e-01,2.421648796689268857e-01,8.118477314368205411e-01,6.382315033624481604e-01,6.471507071327383676e-01,1.598753495738980401e-01,5.699138445569970068e-01,5.094756140940478462e-01,2.100460594506992629e-01,4.324636313734385729e-01,6.587917480616974908e-01,9.467322453291953099e-01,7.403892240199680952e-01,9.334178955520803234e-01,9.309969873846277721e-01,9.236065205659740318e-01,7.546452959653509041e-01,8.521775213880337096e-01,7.768331424443063460e-01,6.327469075468886706e-01,3.116225986370217971e-01,8.157348137407995914e-01,9.185906184149414955e-01,7.652314842405244510e-01,6.464797498463659142e-01,8.163579204553372826e-01,5.703075436549911448e-01,5.635306161593989227e-01,5.610121610871942055e-01,6.515233440417519395e-01,4.730519208893813055e-01,4.361923811298851206e-01,2.283228736046818141e-01,8.914763049869806055e-01,9.572753375036998635e-01,6.312459867925495072e-01,4.123413334196395774e-01,9.487102769538933167e-01,4.370578153906536922e-01,9.624292077439382531e-01,8.996882875022668147e-01,7.076474880104000054e-01,-1.060126468299810581e-01,5.502007498465812940e-01,4.081782383185440510e-01,7.372799474736433378e-01,2.063022105504704051e-01,1.261415079714617860e-01,5.918189149149705175e-01,3.701805180226615533e-01,9.591114285516161297e-01,7.677200615861361488e-01,2.595442661627683778e-01,2.236385224076955780e-01,6.613450879824486206e-01
9.471103322139455827e-01,2.076062171109524235e-01,9.305313669461032777e-01,5.430513574536590671e-01,7.999492099964531366e-01,5.901087394595212476e-01,7.437621530027878070e-01,4.276279355760876366e-01,3.982477499741698401e-01,1.022015456241217035e-01,5.082039069799151321e-01,7.920249584618674898e-01,4.818033332766427090e-01,7.919289089549768068e-01,0.000000000000000000e+00,7.480268990843472743e-01,4.151117864689026216e-01,7.945153218812164297e-01,7.160679610842339837e-01,6.045502907131957704e-01,6.339243168351298419e-01,8.296792843360131231e-01,3.019682038897802956e-01,5.974713810341554243e-01,4.716545985589345458e-01,6.395870750535759264e-01,8.680053146321691226e-01,7.780341910919811310e-01,1.860837686265336410e-01,5.503817365420469176e-01,6.904352764598407077e-01,1.138531020839068653e-01,6.145821895657941347e-01,5.967598003456957567e-01,4.461061196882159519e-01,2.554774580224419833e-01,5.941436102654642504e-01,4.065038916736560815e-01,7.240743167474892328e-01,7.749889007892821757e-01,6.549117355181323097e-01,5.920224567485966594e-01,9.283425405186884749e-01,7.836335585155607131e-01,7.879428287242092876e-01,7.444069215097305348e-01,7.553348133811504939e-01,6.275512950370180087e-01,6.606049143299908000e-01,4.278351542760555071e-01,7.513750570355400837e-01,8.898621099375605414e-01,2.404095561331435760e-01,7.428707498041546842e-01,8.440152727322816073e-01,6.670212956990217990e-01,6.085882121577169679e-01,3.696224401432971485e-01,2.120887465688268969e-01,3.791542325617322517e-01,5.233687257231699475e-01,2.177727524648988833e-01,6.677689554327731480e-01,9.963245002702536546e-01,7.490855170280585895e-01,7.101034278788574683e-02,2.134563821502572234e-01,6.261154993015495274e-01,8.534453403373309585e-03,6.449132783637026023e-01,6.142254693893945960e-01,7.892196530662169973e-01,1.919426562613151810e-01,4.450786199571113433e-01,4.919836352418739955e-01,6.479198826601991756e-01,9.442929074874497619e-01,9.519690673122332969e-01,6.795634684546949522e-01,4.250508688814020331e-01,7.790110266407073158e-01,1.884614431152829561e-01,7.913620729975009427e-01,5.367687586402196676e-01,2.035596428758639775e-01
4.479858842098684568e-01,1.496940237741959945e-01,9.040649299665285410e-01,9.590946644320670345e-01,3.320426823344755501e-02,2.650248716560632545e-01,6.760980533234923762e-01,4.258891437618773090e-01,5.282649644191285132e-01,7.780333959628119578e-01,3.385191810610557184e-01,3.121426294090293707e-01,5.151828816057710814e-01,5.563303980513575331e-01,7.480268990843472743e-01,0.000000000000000000e+00,8.300101767225491756e-01,8.972892251369904981e-01,2.289802008011709300e-01,7.425646349788501688e-01,5.902142015985760715e-01,6.796943294886244324e-02,7.833811999875706089e-01,9.960976446816562913e-01,4.512282687436669493e-01,6.973824402494220864e-01,6.222710607647997660e-01,7.653169010851306187e-01,4.073760281733871391e-01,7.421895694847600866e-02,5.220340561093919085e-01,7.242677813396662945e-01,6.233521381667875838e-01,8.689710018849517992e-01,4.361073046493362804e-01,2.535766952328071255e-01,7.531998569458944193e-01,9.793409687451926082e-01,8.346480102681045343e-01,4.769868207062439303e-01,5.080745335067980983e-01,3.781203194189836081e-01,3.005969203331377848e-01,8.333615602601901484e-01,5.717395471170456656e-01,6.987914213855923595e-01,6.555039671274464075e-01,6.490117296555208970e-01,3.215082819599102693e-01,3.712702249146956346e-01,5.716367684327564591e-01,3.717752189679562197e-02,5.330266737573061686e-01,8.073248246374302717e-01,2.754757976046481871e-01,8.200080615767281200e-01,4.064654701163158967e-01,8.699187591261944297e-01,6.323346501603829273e-01,3.788647083322225217e-01,3.516441661675233643e-01,6.177899370554925662e-01,8.883389932650306298e-01,8.492507796143322629e-01,8.058896890547516678e-01,8.330838040710905057e-01,3.626619660337253026e-01,6.089727227541045229e-01,6.107919108242046979e-01,5.779049764643342524e-01,6.992730394609261158e-01,-5.912439409582700978e-02,1.626322515043837347e-01,5.107040668459432720e-01,5.390540977951644441e-01,2.181124597700934697e-01,3.892020167000630471e-01,6.982294095632621822e-01,6.288744846797099664e-01,2.585663116948380691e-01,4.778281258107482943e-01,2.579355305570105727e-01,6.620484162391560012e-01,2.563680722355097807e-01,7.509411608917887504e-01
5.045453293089958713e-01,8.763799661186263412e-01,9.266703587170264100e-01,6.989058450879175322e-01,1.845418320504570164e-01,9.401219188651270819e-01,2.996902025420676297e-01,8.809752308271102672e-01,7.735355834065018588e-01,6.044719184776217169e-01,6.990972657782709154e-01,9.599193759763469114e-01,7.311377945715722415e-01,8.028695419829424695e-01,4.151117864689026216e-01,8.300101767225491756e-01,0.000000000000000000e+00,5.122157800741832245e-01,8.091746317538657252e-01,6.757879179941825853e-01,8.339405456728423705e-01,9.639137891096591915e-01,5.020837127601864847e-01,7.301657322751308188e-01,7.107152643135230541e-01,9.163596581533635099e-01,7.427710280348025496e-01,4.893261047776217287e-01,5.214746809708363795e-01,5.188838596575577888e-01,1.649329241174128935e-01,8.174086921356306101e-01,9.439478481721215175e-01,6.536451081837409971e-01,8.487987276834009220e-01,6.003354292147334847e-01,-5.181838115952006052e-02,6.107266291802410096e-01,4.287003089222994334e-01,6.060590910684844346e-01,2.580929338449269306e-01,2.759590797465589218e-01,9.024211631828441549e-01,5.326631952974464346e-01,5.809050873283763128e-01,4.275829887160570442e-01,6.743044239934757877e-01,5.404325749758766007e-01,2.407338206326575247e-01,4.182197283365656770e-01,8.072711859023756764e-01,6.514761692051391773e-01,7.532962478008652374e-01,5.246490309201787827e-01,5.594651961933772011e-02,8.247478730614201670e-01,7.139482879408480809e-01,8.060090346897075264e-01,2.053783283042992791e-01,1.007383232455181382e-02,4.602013071702435454e-01,9.139160112050213058e-01,4.142971268811906915e-01,9.504822542420167109e-01,2.125925509639960687e-01,1.982888940472981032e-01,5.307114580837652973e-01,7.858984535020387963e-01,9.798810781673176207e-01,9.654379624123614612e-01,6.190361256848230243e-01,8.268544106374108305e-01,2.898770017237878860e-01,4.381232422974284252e-02,7.740759852870096047e-01,7.192202196875239206e-01,6.525057075990290389e-01,6.301848641251409644e-01,2.926064079154760966e-01,2.905685648410273325e-01,5.776735972984754497e-01,7.036309597744796474e-01,8.749458863979682199e-01,4.141954526043928331e-01,-1.768477987121400696e-01
6.353188357557225663e-01,7.615898123759219651e-02,8.225598029385340348e-01,9.674025614719858890e-01,5.350451879849389414e-01,6.381215928076429122e-01,-8.190698969653470440e-02,7.271612390521187130e-01,7.497086183753621791e-01,7.075376395015455788e-01,6.163465922145014986e-01,6.747180158249275195e-01,8.888770802345903332e-01,1.713546432754251697e-02,7.945153218812164297e-01,8.972892251369904981e-01,5.122157800741832245e-01,0.000000000000000000e+00,3.214548449483653481e-01,4.191686900936182347e-01,4.619563346218525379e-01,2.229002900781434093e-01,3.091620945790544139e-01,7.603649711313614779e-01,1.339551675770043471e-01,7.709597531109280144e-01,6.071847361876349103e-01,3.772341128714298275e-01,4.736738116775870422e-01,7.575869510460794265e-01,1.812237126834531920e-01,2.783900939410446362e-01,5.728201029521213794e-01,3.864011791413001218e-01,6.702395559832876604e-01,4.698556901485052562e-01,6.646097407136986046e-02,6.479097578400093704e-01,8.288916215450748970e-01,9.335018958977365777e-01,4.693152600004233954e-01,2.087477170028165241e-01,7.370725564830197252e-01,-3.573397257865517651e-01,6.218772039673665653e-01,7.242993308609082526e-01,8.189168540712592481e-01,6.855308868452775206e-01,4.119596126213410647e-01,7.810337206346565919e-01,6.757674250371792715e-03,9.738757475103043681e-01,9.827272003524818444e-01,4.260769448104540502e-01,6.293935855085871500e-01,5.453891356162872128e-01,3.088207965199378235e-01,7.759278742768720427e-01,9.629181310326433429e-01,5.184259688639462071e-01,-3.459596721234262096e-02,6.224448708529418672e-01,8.819259125174082614e-01,8.625675904723437704e-01,6.705694269992360512e-01,9.283772879614738960e-01,4.512493865051200870e-01,4.461593026180669663e-01,4.069273546329021940e-01,7.961594557724658294e-01,6.988421942596427794e-01,6.663658922846478205e-01,5.482834632154443000e-01,5.455033365329650108e-01,5.100161537726467520e-01,9.145544958933210511e-01,4.177507273986949543e-01,6.212916090990764362e-01,4.982285042988298662e-01,3.044679098879990095e-02,5.755326734822489021e-01,9.503719746374359456e-01,9.728586177483049546e-01,1.225886569676372662e-01,7.601041859507010612e-01
