0.000000000000000000e+00,8.973899755749894513e-01,3.116922244579818924e-01,4.754474510194601211e-01,6.650424696956315218e-01,8.636111649679154567e-01,7.731128382552265865e-01,4.876210831635551801e-01,7.215356586169705544e-01,7.605077338956172106e-01,8.227130101779623894e-01,6.008990635342794651e-01,8.033983918320193596e-02,4.276585135580807107e-01,7.416021602643937394e-01,9.482234597171912416e-01,9.867686291128452414e-01,6.912988731262377229e-01,6.587341644838642374e-01,4.971663042012693934e-01,9.508588927259933321e-01,8.375800796172174767e-01,7.752629249076441464e-01,5.733739014318033345e-01,9.854413616269325216e-01,8.500153712750149193e-01,3.078294451623545536e-01,5.392981354043454578e-01,2.060301668755572246e-01,4.747876541660430161e-01,3.010576090630926460e-01,7.633809691404901399e-01,7.606274793836846904e-01,4.844209936884674161e-01,8.030712502840264833e-01,4.679895238408833258e-01,2.474002128802492428e-01,3.682581630418105822e-01,8.190216627006469130e-01,8.463633831199364188e-01,5.539617336073592302e-01,7.686553375915160524e-01,9.843623780517529731e-01,6.023919763060906485e-01,7.038955576263273839e-01,9.583061289034322527e-01,4.679125143395213016e-01,3.331838291697505894e-01,9.866284449649691535e-01,8.660443117193747931e-01,8.177004155666325325e-01,8.535593379150101523e-01,7.535649856092956345e-01,9.845042551404180609e-01,7.196708585043988249e-01,9.021245789596000764e-01,4.498317499306935807e-01,8.747938572982532079e-01,1.743779953122892665e-03,7.762562669243215918e-01,2.765847472833809009e-02,4.771833031666871117e-01,8.963023077318414966e-01,6.526026256658596925e-01,2.910847183965888929e-01,4.964491507864892128e-01,5.320973033036946465e-01,2.903977777463952470e-01,8.569218723688477590e-01,7.881948066436341716e-01,7.292883791077814370e-01,7.727736775555640314e-01,-1.208832590398598722e-01,3.434133212351149766e-01,8.761530740913286985e-01,4.650130678101189741e-01,5.848200590522221187e-01,6.975002961683883784e-01,2.218256017212920095e-01,4.969752277876660074e-01,7.514721208087645765e-01,5.529749270863474342e-01,6.695431904181674554e-01,4.354248666496578490e-01,8.987446431304182415e-01
8.973899755749894513e-01,0.000000000000000000e+00,9.961537412190768492e-01,3.208633488454827876e-01,8.773454051592902703e-01,2.367792432768525968e-01,6.819019052425461247e-01,7.645213556920360531e-01,7.623808821352867637e-01,7.578452880970283356e-01,9.378155283709440626e-01,5.072884078813366671e-01,8.711177382379323708e-01,9.850770129033273870e-01,7.137274966794833198e-01,1.322124074781662051e-01,7.656065206985698257e-01,6.138561998235633199e-01,4.478624490068596198e-01,9.351239527864352308e-01,6.023486393006901585e-01,5.362347678890124758e-01,6.443214585905124858e-01,7.139365676368272240e-01,5.682977242178313126e-01,4.782642918191333248e-01,2.868174017609852466e-01,9.378816457829723952e-01,4.024047428957432393e-01,2.352690706350910321e-01,1.185693197649896335e-01,4.139355420581293243e-01,7.316982635265849577e-01,4.446425243752087919e-01,5.123670398526545267e-01,6.388375933870414913e-01,-1.694306626246074587e-01,7.020544759685433123e-01,6.139876907652174198e-01,9.557813973183532097e-01,6.594857479750945162e-01,6.435797124321336327e-01,8.093220765213352541e-01,7.053610921568032044e-01,1.329598070085771799e-01,5.682572780748990082e-01,3.939133794730711458e-01,2.621471660618844846e-01,4.392371075345775921e-02,7.627569919556571598e-01,5.620511779056163171e-01,6.557872220751421732e-01,4.506504705958648827e-01,2.961515588998875348e-01,9.947462279938927843e-01,9.539106352355249951e-01,7.318194385524281476e-01,6.468507926967217436e-01,3.079317422042119889e-01,1.736575462571118278e-01,4.474402454906039606e-01,4.820760693232981065e-01,6.449900948535520762e-01,8.779281845881649060e-01,8.064819339417222954e-02,7.961495297025894535e-01,7.741454626222352697e-01,5.124854273160659446e-01,4.275471940548949412e-01,8.138706851369991169e-01,7.147624628953029857e-01,3.067632455424626481e-01,6.698727944777371768e-01,6.815675874287115965e-01,8.059992348624718250e-01,7.887668093877353570e-01,7.664375777215700625e-01,2.442114521430701624e-01,7.225880876138878195e-01,1.581664657212426828e-01,8.494793422431290431e-01,5.645358111900163900e-01,4.994406953920955128e-01,4.898482951896966364e-01,3.924673532692199984e-01
3.116922244579818924e-01,9.961537412190768492e-01,0.000000000000000000e+00,9.991405751663630097e-01,9.805572541237143058e-01,8.127654420389439638e-01,6.519074019034983847e-01,8.014303689233243100e-01,6.125467493308548450e-01,7.269865042121111953e-01,2.687484547625750286e-01,9.185425414858979787e-01,4.764570084721526100e-01,9.992372735633587855e-01,9.051508136434436302e-01,2.629512814754929040e-01,4.579230802536439215e-01,9.797996739398850963e-01,9.230246202752032669e-01,9.392932304565140278e-01,6.906241954637871716e-01,9.425378274969418158e-01,8.907566264472277506e-01,7.510154885102467981e-01,4.630315090359538033e-01,3.236177113547095696e-01,6.056304310038471694e-01,4.426844295879475144e-01,2.297552905436756887e-01,7.471066409754700821e-01,2.399538179963502105e-01,6.350400878420949802e-01,9.225401349268527174e-01,8.072114229672959773e-01,5.553738440977152857e-01,2.808005314160736399e-01,2.200586545302912200e-01,8.520774178899153117e-01,8.180939187594707951e-01,5.540797398093368908e-01,6.377521544492065209e-01,9.922684403929860064e-01,6.727546393699130878e-01,9.435635200070409123e-01,7.090389616574543918e-01,9.601597797500298626e-01,4.002084019738976761e-01,9.651875950350956579e-01,7.603838379540197590e-01,9.215280463439612380e-01,9.509350555536698613e-01,6.629937589918452057e-01,7.045753381274284521e-01,8.523115187355074784e-01,7.668716306611482736e-01,4.729804231906508116e-01,8.324235579854025735e-01,7.955524113849652412e-01,9.890209332781981777e-01,4.331973954646224922e-01,7.066385747614988000e-02,8.124917301806749981e-01,7.933251865115100721e-01,7.764750312523736042e-01,7.909366089319433968e-01,3.145759159289618911e-01,4.148662460994028134e-01,9.559409518416910334e-01,9.143710755764280496e-01,9.214226222916265252e-01,6.122078832764921152e-01,5.094337374789459361e-01,7.333064254791470393e-01,1.834322274518855878e-01,6.030714741617368979e-01,5.083740817923109168e-01,1.630354721468485757e-01,8.348569570192099221e-01,7.249320030092374356e-01,1.316188482408091331e-01,5.427758210171249598e-01,4.994475111912374810e-01,1.312091764958858431e-01,4.126583130155276335e-01,8.116950747159281665e-01
4.754474510194601211e-01,3.208633488454827876e-01,9.991405751663630097e-01,0.000000000000000000e+00,6.925488387419442837e-01,7.315487621952869723e-01,3.365713345827987535e-01,4.787267024651860603e-01,3.610225952150183382e-01,7.521301024139042113e-01,4.433634164397006749e-01,4.093575259154897394e-01,7.969397282717430864e-01,9.757646888391577900e-01,6.877804692621207749e-01,9.804400436998548241e-01,9.977193614333642602e-01,9.311073112777354943e-01,6.552284346502716961e-01,9.945102562388977718e-01,6.215581075113470189e-02,6.207312093808942111e-01,9.866554532602285210e-01,8.585995613111666591e-01,7.374825868273161555e-01,9.648014715425783372e-01,7.805326079471244238e-01,1.367790272560679699e-01,1.538773869686116680e-01,7.130721697678604754e-01,5.786969638627312840e-01,4.270995500015061230e-01,7.681995465286387548e-01,5.084836266635435198e-01,3.044419969394571157e-01,9.452480225761682175e-02,5.719178441019304726e-01,1.035773002434233203e-01,9.169061740747315170e-01,4.400535390597313246e-01,4.053997596638974632e-01,2.382655075905101005e-01,6.972678380584680369e-01,6.878405335050349345e-01,5.944386817383140453e-01,7.246534264338129194e-01,6.238067647148266559e-01,8.447277722798833821e-01,7.808854536173708283e-01,7.342738810775911729e-01,9.912726204121146134e-01,4.484631871825120464e-01,8.159508721182201496e-01,5.245307884935846224e-03,6.114520836155519223e-01,7.103137328417028495e-01,9.539800132100504371e-01,2.085096134702471016e-01,4.719838992343161621e-01,2.371593759439785676e-01,5.160589956634923370e-01,7.210133750071890946e-01,9.920774186085332680e-01,9.356897725045079106e-01,6.095937759992674509e-01,3.076729695780742180e-01,7.701728329401502648e-01,8.482370799666262284e-01,1.494312678071169354e-01,7.750655734043232492e-01,3.959649621570318634e-01,7.497051429978809356e-01,7.897847719527442134e-01,-1.580290831316571443e-01,7.614114415977437655e-01,7.560984065370766893e-02,5.379014980832111936e-01,3.152552229737169420e-01,2.682272323253867552e-01,2.401640741553595637e-01,6.890017330601596601e-01,7.451199911489685412e-01,9.928576038421303984e-01,3.282021194167980549e-01,7.269224202423112402e-01
6.650424696956315218e-01,8.773454051592902703e-01,9.805572541237143058e-01,6.925488387419442837e-01,0.000000000000000000e+00,9.528335658813511522e-01,3.792145411366982799e-01,8.464051147846582968e-01,4.322003008843675054e-01,8.726182307464320775e-01,2.882639826653767279e-01,4.137171928614357674e-01,9.321192089542842396e-01,9.439456708120671502e-01,4.684022489174958226e-01,7.357666544035905698e-01,6.436671071529475041e-01,6.246106785661252880e-01,6.984295200538275239e-01,6.844657479518349019e-01,6.504457687478398809e-01,5.302144124744362363e-01,5.899495821803604212e-01,7.611967694924204331e-01,6.292113917359156705e-01,6.599133868957445248e-01,6.851746908791574997e-01,6.861802875217573039e-01,2.050645385860606074e-01,3.028433942962866499e-01,2.179980235795501153e-01,3.848018134834882975e-01,8.321566369489195036e-01,9.966237619997064812e-01,3.984522812648268186e-02,4.705590366032141869e-01,4.027754049371395917e-01,6.383841701952315262e-01,9.731455228667847956e-01,5.280518794756707823e-01,4.233431027913526212e-01,8.238490633980347644e-01,7.453559528882731655e-01,9.867532859733086914e-01,6.751530373196126256e-01,5.819471267497614009e-02,7.041617680132860047e-01,4.836218736444894972e-01,-1.819561464874482615e-01,7.259040212908107748e-01,7.276887366996871442e-01,8.359173137898192607e-01,4.134939372901638710e-01,6.106168369344339153e-01,7.874290305290552183e-01,8.837856407052465668e-01,4.997464848559102224e-01,-1.532029325434561828e-01,2.725075876860549862e-01,2.802774078138393632e-01,5.025437325705585101e-01,6.283785730028497163e-01,6.899412298496355733e-01,6.346075404577706802e-01,7.166760382148845698e-01,3.535209407861406028e-01,5.128185188261821237e-01,5.060785374043014206e-01,9.640098513678310166e-01,6.399102396595368614e-01,8.985074075072051469e-01,6.872738812399246111e-01,3.413555477669676375e-01,7.555560921635784410e-01,4.492832422013369742e-01,7.254492185048587727e-01,6.073981332723632498e-01,7.215329383534550001e-01,2.765754484031121563e-01,9.634776587240932721e-02,7.507926764857787427e-01,3.162669881696325014e-01,7.389867864711203715e-01,1.871556726831338432e-02,9.972237250926803132e-01
8.636111649679154567e-01,2.367792432768525968e-01,8.127654420389439638e-01,7.315487621952869723e-01,9.528335658813511522e-01,0.000000000000000000e+00,4.302377982612451968e-01,6.149979402327107048e-01,4.390634228762497759e-01,6.656363743774345032e-01,7.482072484918079747e-01,6.425932170834132151e-01,6.818758631284632665e-01,3.671225503114997069e-01,5.127741905585804227e-01,3.988181672121092758e-01,6.980822636898107447e-01,4.034228995045024413e-01,7.243513084191094409e-01,6.420322022016091701e-01,9.048005639164523606e-01,2.006522660551822157e-01,7.781176817495730758e-01,6.221873327464301218e-01,5.767253261126543684e-01,5.777116231314058936e-01,9.149438690939966090e-01,6.078604671241111257e-01,7.173681466045299382e-02,7.826943114781974575e-01,3.448348347948378967e-01,4.132052966686210471e-01,6.593058536851903462e-01,2.576029139118287889e-02,5.410511555461389177e-01,4.495735937921043202e-01,5.821823999939534922e-01,5.400008583686115582e-01,5.058985394577024675e-01,5.281370193579897343e-01,7.684432232842104415e-01,5.583157178212965199e-01,7.832577862003703428e-01,7.260325265613227774e-01,8.533469049245078208e-01,5.958871292200760283e-01,6.552449310907484392e-01,8.054185455965265916e-01,6.821207142120893074e-01,6.444345143396222886e-01,2.350198867142893611e-01,7.695036303841447101e-01,8.501526134135999335e-01,5.281524969452302543e-01,7.039302350041336531e-01,6.332645997374649616e-01,9.860794936882522066e-01,4.186666984056630625e-02,4.477088111077233146e-01,2.314469235702688865e-01,3.541572189479773591e-01,7.310883250918316367e-01,4.787102616395644827e-01,7.457049705410599971e-01,7.042241893270906328e-01,8.149588901228904669e-01,3.225061640417402620e-01,9.030758392889023378e-01,5.117044504538690308e-01,6.942087133002752264e-01,9.286559610493341221e-01,9.386745196364725263e-01,7.154813379903717241e-01,2.494812666645739030e-01,1.518911766916373335e-02,5.533687941683831379e-01,5.953102312109352923e-01,4.251766385226968259e-01,6.245126247324244151e-01,2.290780513247983596e-01,8.923897133534618442e-01,6.735538143844308490e-01,5.100184285737731082e-01,4.173115469497860608e-01,9.904852230035396943e-01
7.731128382552265865e-01,6.819019052425461247e-01,6.519074019034983847e-01,3.365713345827987535e-01,3.792145411366982799e-01,4.302377982612451968e-01,0.000000000000000000e+00,3.665489447194933970e-01,5.747818935324051637e-01,3.940343159505600434e-01,5.221288126360890125e-01,3.144080423291268911e-01,6.835208072244990385e-01,7.568056654630966884e-01,7.533393716672398543e-01,4.344849149976615088e-01,8.789774505484453382e-01,1.009296572875687525e-01,2.608288852620473941e-01,6.988915937787708588e-01,5.058026741137108262e-01,1.415043075344613044e-01,4.273856362216069127e-01,5.092077626589285311e-01,5.791332186368021162e-01,4.234019580555684059e-01,8.807114370827757721e-01,7.478574408087746983e-01,9.894347108883599917e-02,8.949733012169610591e-01,2.370861800725077104e-03,5.350179756580595303e-01,2.350898526698745605e-01,7.099844970650154297e-01,3.493543622104815505e-01,7.803058224585802082e-03,3.568626779623499945e-01,6.691748809589682656e-01,8.911511640366267528e-01,3.945555808298661926e-01,2.867944784925385848e-01,4.223495466797361764e-01,9.256697679650826016e-01,4.941665249352816258e-01,3.526922938842753652e-01,4.867958135726521141e-01,6.685316846313922312e-01,7.352844567422460731e-01,3.815818024279644671e-01,8.052884346926561521e-02,3.327602808576219373e-01,6.034475263395808753e-01,6.804684968331096151e-01,6.756652069745860967e-01,6.930590385608929038e-01,5.607450482222837707e-01,7.938680769667507686e-01,3.679331613849187166e-01,5.395787285698441238e-01,2.440529087797177754e-01,5.850621386874718111e-01,3.782297169487934818e-01,7.549831498467983737e-01,8.717525597191867481e-01,9.342146216689286575e-01,3.078968312603199142e-01,6.302753328126604604e-01,5.257431957897638064e-01,7.566508591326224220e-01,3.730797027261900101e-01,7.184726220870044644e-01,5.965764108090261253e-01,5.889815382252416853e-03,5.687342120578622318e-01,7.705006763225754618e-01,-3.610548498866124056e-01,5.113707818304645825e-01,4.865578124661320003e-01,2.812909189210246463e-01,2.709426650951884397e-01,7.871121023248881521e-01,7.284803756246245321e-01,2.197989018872546774e-01,6.262722536701604836e-01,7.575324423106415406e-01
4.876210831635551801e-01,7.645213556920360531e-01,8.014303689233243100e-01,4.787267024651860603e-01,8.464051147846582968e-01,6.149979402327107048e-01,3.665489447194933970e-01,0.000000000000000000e+00,4.428019765781985306e-01,5.051643283555898867e-01,5.108617599812022014e-01,4.239537108651363351e-01,9.819120464088950673e-01,8.942611611977512309e-01,6.121966332506202368e-01,2.210882352425928565e-01,7.393219755702248319e-01,6.803456164674392959e-01,4.374180950117990685e-01,5.918698977235713476e-01,9.332196593899764192e-01,3.570991335089241381e-01,9.252551225063727902e-02,6.744296500524196158e-01,5.532214610635365348e-01,1.262831978323816218e-01,9.312068121674139665e-01,6.600788725728528039e-01,5.529858136260688006e-01,4.091923092696684305e-01,2.239093863245119054e-01,5.185165173435604125e-01,1.077858079528771634e-01,4.492001451722880262e-02,6.000086540262007384e-01,2.231644359784721865e-01,4.081275385470687356e-01,5.374281416326003313e-01,9.178769937370608867e-01,6.358718934376537124e-01,2.091529411425981921e-01,1.521310938486555332e-02,8.052868081983314275e-01,4.441460233796469259e-01,3.035723817095764554e-01,4.174279720073269528e-01,2.183753631928642414e-01,4.224922716886819196e-01,4.305823274784642551e-01,4.182390710125192396e-02,7.006495651568602767e-01,3.989330343684684976e-01,5.304517862581414889e-01,5.058505207159458283e-01,9.067812937308465937e-01,4.880007093152682329e-01,3.027873660879496498e-01,4.756544577402505025e-01,7.493109811897714634e-01,4.209465633777240146e-01,6.150246984124184690e-01,4.672676532109235059e-01,3.345965439061412416e-01,7.784512516137214178e-01,9.349733513417169961e-01,6.991256551947360176e-01,8.115769417778513350e-01,9.112271329599866965e-01,2.416831629912535029e-01,5.125012774574212449e-01,2.751161055087302243e-01,5.062312515526408152e-01,2.070328182792650351e-01,3.915360434089372177e-01,6.374306058042442658e-01,4.043781101698080693e-01,2.647948685107726075e-01,6.629756350420273892e-01,4.656604749840288493e-01,5.230727773506579359e-01,7.493456628331360836e-01,5.997567798021310459e-01,7.280736837174467402e-01,3.722621811206316966e-01,3.970433979194009089e-01
7.215356586169705544e-01,7.623808821352867637e-01,6.125467493308548450e-01,3.610225952150183382e-01,4.322003008843675054e-01,4.390634228762497759e-01,5.747818935324051637e-01,4.428019765781985306e-01,0.000000000000000000e+00,4.785754813280768127e-01,4.274228705272591911e-01,9.582070568240972364e-01,7.682282174394052809e-01,8.080264870694418011e-01,7.895103191406189769e-01,5.978066710854508248e-01,2.944177691972244548e-01,6.824712991970944831e-01,7.674028141177104967e-01,7.438781692061606776e-01,6.214434583030340464e-01,7.905237138414993314e-01,5.986135093617237501e-01,7.313177017150388481e-01,4.609643701839256091e-01,7.525470276459986785e-01,5.031333877992933967e-01,5.999969019416535598e-01,5.525286497380934581e-01,4.721597402065291216e-01,3.283648614130990073e-01,5.318135013838082292e-01,4.420165771033219282e-01,1.804909021851486550e-01,1.174264427731357974e-01,4.376670316486063195e-01,4.902792540822782930e-01,6.658889205261991906e-01,5.433194447533995497e-01,6.680639184111818452e-01,1.634928878533363494e-01,5.234650854219754512e-01,9.188765499452731245e-01,3.593563591832116440e-03,9.948416586992896438e-01,7.647496097748818222e-01,6.746471302784635693e-01,3.237006911665927800e-01,2.287820396132926593e-01,4.148656557499062481e-01,7.274643416470746304e-01,8.590778222079010762e-01,8.767816515658579668e-01,7.679435126848814797e-01,7.130170373196943467e-01,6.406815376041321564e-01,2.166064469478103383e-01,7.384787594250763476e-01,4.762255899407982218e-01,-1.561472747193126953e-01,3.766263032370487096e-01,6.257561762117551662e-01,4.863829508122067824e-01,8.062510993961543582e-01,9.303959358608524521e-01,7.319137103503542408e-01,2.003855241312441637e-01,9.897870148974126092e-01,5.242834892568408733e-01,7.598928081817627467e-01,9.578227032733196422e-01,5.050141323490785483e-01,5.788125909448255113e-01,5.562665264519583985e-01,5.366386655938464728e-02,2.373997203154010749e-01,7.729722117713642149e-01,4.159602077084922911e-01,5.641747663106025934e-01,-9.514291894722101683e-02,2.404311314811646005e-01,3.497251773384094653e-01,4.294260968138310375e-01,9.310226179216825326e-02,4.451017780063026286e-01
7.605077338956172106e-01,7.578452880970283356e-01,7.269865042121111953e-01,7.521301024139042113e-01,8.726182307464320775e-01,6.656363743774345032e-01,3.940343159505600434e-01,5.051643283555898867e-01,4.785754813280768127e-01,0.000000000000000000e+00,6.049627177349419238e-01,4.899955809469613843e-01,7.908841831176015580e-01,5.290567467986568850e-01,7.335799270739924438e-01,4.498080804715624548e-01,6.753952110535861308e-01,5.339487693831095338e-01,4.559667443153116451e-01,7.173667104488454793e-01,9.549325506084249682e-01,4.861009817021851864e-01,5.664378394781499626e-01,6.144474035590041794e-01,4.624189399655495025e-01,5.776527931790336190e-01,6.264467118630980824e-01,2.340664481545525755e-01,7.816980103377419997e-01,5.692048868747001666e-01,2.083839043433173555e-02,7.922763148845094472e-01,8.709173450605824929e-01,5.277848102596391922e-01,3.659293680664531534e-01,8.203714182375532182e-03,3.627173801856202751e-01,7.702510842959172654e-01,6.976079759220983334e-01,9.460582038306899477e-01,2.737615154791370881e-02,3.527645745546147404e-01,4.871574852745169659e-01,6.715731147110598487e-01,8.707625973708530420e-01,6.256880918307016204e-01,9.089945207225522683e-01,3.451304631549180768e-01,4.416828589694170581e-01,9.992616649392707107e-01,2.096572759454501389e-01,3.259495180075116516e-01,5.087696604570337566e-01,5.915136206102592498e-01,1.263409676714712972e-02,5.278002607864412665e-01,2.566027946529118031e-01,8.183093274957892183e-01,9.744729800369644757e-01,9.428688688538788831e-01,3.351548478164780853e-01,7.320673503759544953e-01,2.465863442127867733e-01,3.428790467981783774e-01,8.495307926010464694e-01,5.074420653479528864e-01,6.625922990843490235e-01,6.437734250272286740e-01,4.827172672722925273e-01,6.412678513338367914e-01,5.546476220259669576e-01,5.997837971194815987e-01,2.094766817487942190e-01,5.583754878132178856e-01,2.698237131882960660e-01,7.229977962397775570e-01,7.984823226726355250e-01,6.708415234481650558e-01,5.219943881250004303e-01,4.169369661061834154e-01,4.869131018457870108e-01,4.572813172505560408e-01,8.340231341536824550e-01,3.535891237220829542e-01,9.153366520447295818e-01
8.227130101779623894e-01,9.378155283709440626e-01,2.687484547625750286e-01,4.433634164397006749e-01,2.882639826653767279e-01,7.482072484918079747e-01,5.221288126360890125e-01,5.108617599812022014e-01,4.274228705272591911e-01,6.049627177349419238e-01,0.000000000000000000e+00,6.949662004597143561e-01,4.642666925330565797e-01,5.815761431868223807e-01,6.906417766254273616e-01,9.933053607213545577e-01,6.062870809373919201e-01,-1.270761517457936751e-01,7.262205822553022827e-01,9.054467661535372525e-01,7.904705267198961494e-01,6.672645799420857671e-01,5.554090909409475918e-01,8.025324379084441961e-01,6.319325530781575440e-01,7.200879519946532525e-01,2.600682634941348104e-01,8.327048017513094536e-01,4.974894865443031389e-01,6.849209226012955565e-01,5.294135896708804800e-01,5.931594463519470617e-01,2.914449312844300533e-01,2.593216401597821519e-01,5.829111639820839796e-01,4.487808571195484597e-01,6.640279921250365203e-02,5.257924687231589900e-01,9.025595960856359623e-01,6.431733603940594790e-01,6.346157743760098002e-01,6.210983408582247955e-01,5.347713997702892019e-01,-7.686421055981422501e-02,6.113855823097449349e-01,7.943269643815373815e-01,1.764529151846702115e-01,9.223608125503905963e-01,3.571596283403484229e-01,8.757196003631698700e-01,7.109590101141382013e-01,2.547815278981461762e-01,9.433996967238871267e-01,6.125542972677184839e-01,9.342022977798104533e-01,3.812819078278051332e-01,5.042857323884644138e-01,7.835466782107802786e-01,7.027024235240192374e-01,7.546375073816387058e-01,5.909425638278020809e-01,7.318442012596706459e-01,7.826521245270386951e-01,5.139870684695367897e-01,4.373658774319441056e-01,5.213930486814832843e-01,5.696047300761887255e-01,3.779585348104143039e-01,3.933188792156783742e-01,8.531849472431687342e-01,5.036097127440483101e-01,2.616030102131405299e-01,2.459627164497651119e-01,3.310052780565804209e-01,2.136050553456755041e-01,5.498941111769698464e-01,4.567734431359571912e-01,5.314014233730309789e-01,5.997903767660362102e-03,3.605925749475302755e-02,7.921836706194139710e-01,8.806550059459198332e-01,4.394398487466443792e-01,6.494635836206876789e-01,4.735638244094530491e-01
6.008990635342794651e-01,5.072884078813366671e-01,9.185425414858979787e-01,4.093575259154897394e-01,4.137171928614357674e-01,6.425932170834132151e-01,3.144080423291268911e-01,4.239537108651363351e-01,9.582070568240972364e-01,4.899955809469613843e-01,6.949662004597143561e-01,0.000000000000000000e+00,8.690937096305769716e-01,6.506277445205151944e-01,6.055447553557512519e-01,4.840293238186121894e-01,9.956702972561861653e-01,3.176296551730415363e-01,8.523640209576843763e-01,8.857967463269955655e-01,8.259851811430738433e-01,4.467928586451149764e-01,6.739425242868289923e-01,6.430018093170526416e-01,6.986173427485109499e-01,7.136809364859332261e-01,4.118763198858440555e-01,4.914855388835203676e-01,-3.896594504443030571e-01,1.828773571470294068e-01,7.340082247200431231e-01,8.756120534578446524e-01,6.945808857582205231e-01,6.600530538029463212e-01,6.312758134442580937e-01,3.759216471145916949e-01,2.629082838273948397e-01,4.288815790678440765e-01,7.592945760894665996e-01,5.234934456058761842e-01,2.015675095458907273e-01,6.008545626585463095e-01,7.264979835828075938e-01,2.091308981833515657e-01,3.508780171434306983e-01,8.152154052965023823e-01,9.301906809316037306e-01,8.608200642510206446e-01,5.399327864155891721e-01,7.186320045937744094e-01,7.234372405519846894e-02,9.660665070458096526e-01,6.639616429609741521e-01,8.701242383956888649e-01,8.213134223401973300e-01,5.557116271436528532e-01,9.367292013579673338e-01,7.690217486784419743e-01,5.322433346117405595e-01,2.688990633909948968e-01,5.061038423351066351e-01,1.076324285849121626e-01,6.334856720782464645e-01,1.932386193696990773e-01,4.608589184545907047e-01,4.983933523200598792e-01,7.312097462851815388e-01,8.313303869291061021e-01,1.389861253429120203e-01,5.993681460247648474e-01,7.408057832965649903e-01,4.435380301154454030e-01,2.953212063524064401e-01,4.741248015154849726e-01,-7.703576075508633547e-02,5.093600252487875402e-01,9.663368673273515785e-01,7.231309114226575074e-01,3.911285184468983878e-01,3.868565442210337713e-01,2.810128299256101636e-01,8.554528648775134858e-01,9.620419341399251145e-01,2.024785241523002211e-01,7.493384022865052785e-01
8.033983918320193596e-02,8.711177382379323708e-01,4.764570084721526100e-01,7.969397282717430864e-01,9.321192089542842396e-01,6.818758631284632665e-01,6.835208072244990385e-01,9.819120464088950673e-01,7.682282174394052809e-01,7.908841831176015580e-01,4.642666925330565797e-01,8.690937096305769716e-01,0.000000000000000000e+00,7.268183980501142782e-01,5.658823676617830145e-01,4.628688601275252612e-01,7.927900959363307631e-01,4.025188909110455349e-01,5.381985035048789667e-01,2.374917802522842625e-02,6.964673930287245129e-01,6.434716357080019211e-01,6.216295887456019242e-01,9.279943644411369208e-01,7.178659809406985337e-01,6.875194763381812235e-01,2.762078123799888152e-01,9.407191679656591310e-01,2.431857710720653210e-01,5.580151447818000321e-01,1.175950542258353687e-01,6.618277971994327435e-01,6.993321294961308832e-01,9.510236331851750213e-01,7.035478749467420911e-01,5.476997174530151558e-01,-1.581780127494586408e-02,4.831710493937844686e-01,9.774576822853232594e-01,6.450318072849536843e-01,2.041846821276401269e-01,5.045797099886090153e-01,6.664140121987758292e-01,6.600433585657889957e-01,9.810249557308562407e-01,9.913580357106538399e-01,9.408486235706949863e-01,4.425721578787616961e-01,8.586744835916114704e-01,4.929235430459116829e-01,9.443323035425544854e-01,6.869768632111088458e-01,5.192760480087355024e-01,6.976623797863488186e-01,6.496031984278471949e-01,8.618234624712118874e-01,5.913528656586518606e-01,2.427349997063142917e-01,8.278445998923746885e-01,7.205553899707541898e-01,7.812553019123865683e-01,-4.559961828612063561e-02,4.511740502995483793e-01,6.123704607999610472e-01,6.163832067297193573e-01,9.366200081259723476e-01,8.184516450205990834e-01,8.932026573175473327e-01,6.104688318318916007e-01,6.970151038776536412e-01,9.777754267415760259e-01,8.561029384967695499e-01,3.017714175475353366e-01,4.564382662644770328e-01,2.545366806418636330e-01,6.212872658413384208e-01,7.462255819385718025e-01,5.675042674354616734e-01,3.776040892219071354e-01,-2.460761556817392393e-02,6.673083331135201135e-01,6.649114591843598987e-01,9.945134801701045468e-01,2.541399126875312220e-01,6.484917762094587479e-01
4.276585135580807107e-01,9.850770129033273870e-01,9.992372735633587855e-01,9.757646888391577900e-01,9.439456708120671502e-01,3.671225503114997069e-01,7.568056654630966884e-01,8.942611611977512309e-01,8.080264870694418011e-01,5.290567467986568850e-01,5.815761431868223807e-01,6.506277445205151944e-01,7.268183980501142782e-01,0.000000000000000000e+00,9.759711759547482490e-01,8.898647599960530785e-01,9.631087055068194847e-01,8.934803639057659064e-01,7.576571410613912594e-01,7.586354949469217290e-01,6.113998182449548180e-01,9.424146177461132368e-01,7.508824412452274055e-01,6.057089887276959628e-01,5.394080662660680758e-01,5.569076542357245252e-01,6.465619480503602690e-01,5.208145598541350507e-01,2.274897003866312162e-01,5.440565403703092606e-01,4.245837321984048951e-01,5.274610082289556967e-01,7.915541046091241206e-01,1.661343551346408098e-01,7.391174993996703080e-01,4.079896137937010780e-01,4.059451412215824700e-02,7.485853258406452992e-01,6.922029847099060440e-01,9.582075600832244966e-01,3.944285626428217784e-01,7.110735017287850290e-01,7.898877525148142453e-01,6.225863013491776954e-01,6.532150084702527115e-01,6.918832913120688266e-01,4.891777270865114158e-01,5.575876162948224524e-01,7.948768018509150268e-01,7.832423873446878737e-01,5.842042794006463424e-01,9.810502211352473134e-01,5.006642055203981423e-01,5.697638196395327613e-03,2.764316118041067472e-01,3.895811477499051545e-01,7.724813769776999184e-01,7.186242485438255612e-01,8.644785975115285570e-01,6.954975819547366545e-01,1.807418599685333138e-01,6.412191124740370674e-01,9.650986116255151348e-01,8.791766379885493921e-01,9.550412592336890993e-01,6.400539754258357528e-01,6.174534641218075715e-01,6.615132673441984634e-01,2.261799080865346812e-01,6.599546800381791423e-01,7.396408999720440747e-01,9.296133109636104397e-01,7.052150012559986747e-01,2.010750748995666637e-01,2.738922737295498289e-01,8.665918232676658173e-01,4.832347728590078439e-01,9.448179708628807738e-01,3.602567043296457383e-01,3.351850046067939015e-01,7.126570642858527371e-01,5.604861059779286947e-01,9.161190026045219481e-01,7.591185511047316981e-01,6.904356424773511192e-01
7.416021602643937394e-01,7.137274966794833198e-01,9.051508136434436302e-01,6.877804692621207749e-01,4.684022489174958226e-01,5.127741905585804227e-01,7.533393716672398543e-01,6.121966332506202368e-01,7.895103191406189769e-01,7.335799270739924438e-01,6.906417766254273616e-01,6.055447553557512519e-01,5.658823676617830145e-01,9.759711759547482490e-01,0.000000000000000000e+00,8.478220514137780883e-01,8.413287395486656051e-01,6.149420723781854337e-01,-1.868048503313246844e-01,6.411412438453253371e-01,6.438357395847861264e-01,9.132318669872303563e-01,2.939888069146344707e-01,6.730808382648065802e-01,6.667681994213778829e-01,3.036546891734360210e-01,6.637928332159257483e-01,7.615109829948982778e-01,7.309084784563414372e-01,4.412606403218545248e-01,5.264878772271217588e-01,7.479090869601843217e-01,2.383256153415111434e-01,7.402912545197929406e-01,1.743016788257573391e-01,3.451779327940225905e-01,3.754887130742224910e-01,4.696340751477963704e-01,7.928439848565336234e-01,4.494796708877713542e-01,1.490043942240693031e-02,5.176464690038190541e-01,9.757618116669379837e-01,7.675840414135193246e-01,7.667067906669249311e-01,6.696890792656350344e-01,5.853366509230527592e-01,2.729988067541848085e-01,9.582552253010964138e-01,4.208668328399128855e-01,6.901445177848670731e-01,6.991277457506195336e-01,9.343680582569707793e-01,7.260009838610774757e-01,8.623486963050198684e-01,6.138660106619917567e-01,5.634376292298419742e-01,9.945328570000303570e-01,9.118506501329685099e-01,3.808442882831808429e-01,4.593183360391583370e-01,5.827851014389868745e-01,3.139026408287201031e-01,3.283041377872900624e-01,8.947019733016484677e-01,8.837392996917332599e-01,6.175214808611798611e-01,8.283795171330189389e-01,3.275813442602026893e-01,6.188337972036198620e-01,7.767282016766475783e-01,-1.703629889655647878e-01,1.283351615138656754e-01,7.038486136073146548e-01,4.198409791354950071e-01,6.773827952196413982e-01,6.746660069509839985e-01,6.846445034552555153e-01,3.531076525800154464e-02,2.288754864530896938e-01,2.165980153141827125e-01,9.964891802757803729e-01,4.061520599551239896e-01,7.549729455689389024e-01,7.957891263049341468e-01
9.482234597171912416e-01,1.322124074781662051e-01,2.629512814754929040e-01,9.804400436998548241e-01,7.357666544035905698e-01,3.988181672121092758e-01,4.344849149976615088e-01,2.210882352425928565e-01,5.978066710854508248e-01,4.498080804715624548e-01,9.933053607213545577e-01,4.840293238186121894e-01,4.628688601275252612e-01,8.898647599960530785e-01,8.478220514137780883e-01,0.000000000000000000e+00,9.680887486733330549e-01,5.634408368955980961e-01,4.680229747610631374e-01,7.185511165671393252e-01,7.805727009109889591e-01,3.521622588060329129e-01,9.353679991017228579e-01,9.037378938852245192e-01,8.466488356326611342e-01,2.116433215271030233e-01,6.505665056420040226e-01,7.222467513393336924e-01,4.620908118455237523e-01,2.865036142052411750e-01,3.840201775842299048e-01,4.494192546286293610e-01,7.757160635053784725e-01,5.514885656514227907e-01,7.442374517472519768e-01,4.592716073626755269e-01,3.065582783487991736e-01,5.333884768082923777e-01,6.622873847597999797e-01,7.453115431458081641e-01,7.543815575680464791e-01,3.699892185969175934e-02,8.948898054204948993e-01,5.587666191897177059e-01,9.914742596863633795e-01,8.488210233173965058e-01,7.236957845340352691e-01,7.409640568437465546e-01,5.107343302761453707e-02,3.141302412438992664e-01,6.664555039556236959e-01,6.922283084714596635e-01,8.895497780815390110e-01,8.560181352529837584e-01,4.377027376467126363e-01,5.138376071684533919e-01,6.323072784489887077e-01,2.969212858971410629e-01,9.628535647571101475e-01,4.025211247498855505e-01,4.897490282167961673e-01,7.734250364714853054e-01,7.278468495147417672e-01,8.157703143622577757e-01,7.325911576465220509e-01,7.662593263064003679e-01,4.357395383341599038e-01,6.224775560955413400e-01,3.905549404775302547e-01,4.972836476734042721e-01,-1.344772539719863991e-01,5.476132667629035611e-01,5.342761654891533540e-01,2.039240273636590550e-01,7.878858201809078032e-01,2.117444125963426349e-01,6.411665406130400147e-01,2.213323106153774755e-01,3.707768864397448239e-01,2.732635773508106380e-01,6.159961948846642832e-01,6.400379752717499926e-01,6.977714755523473089e-01,2.880228803868282172e-01,8.991818878023695172e-01
9.867686291128452414e-01,7.656065206985698257e-01,4.579230802536439215e-01,9.977193614333642602e-01,6.436671071529475041e-01,6.980822636898107447e-01,8.789774505484453382e-01,7.393219755702248319e-01,2.944177691972244548e-01,6.753952110535861308e-01,6.062870809373919201e-01,9.956702972561861653e-01,7.927900959363307631e-01,9.631087055068194847e-01,8.413287395486656051e-01,9.680887486733330549e-01,0.000000000000000000e+00,8.425777905048964511e-01,2.131809049549518442e-01,3.734110120207935202e-01,7.540797480100711603e-01,8.129822127878132410e-01,8.860098723746341332e-01,7.152209179773258985e-01,4.082509814303704743e-01,4.426210400659857380e-01,4.977500279785038173e-01,1.188700032378881971e-01,5.503253836504815588e-01,4.692282501007147832e-01,4.824751713475001202e-01,5.243146996371725876e-01,9.349290521512323426e-01,9.772313447787013274e-01,5.615022188083954591e-01,5.930657981360172304e-01,4.917663259067590609e-01,6.324574948937403684e-01,9.078145280111513671e-01,6.181745971236178860e-01,3.173108291177086371e-01,6.416475181221282797e-01,7.104317741722921964e-01,6.383111700544804590e-01,6.704868463570932136e-01,7.907604952871518655e-01,9.543312451607631752e-01,9.230373818961546961e-01,8.738126523253459954e-01,5.726525208133157463e-01,7.755945017172594103e-01,5.118923155565529015e-01,3.785410032478120357e-01,9.367254458468962097e-01,6.929217594934210522e-01,8.408679128329512587e-01,7.858673028257697757e-01,4.629619423793566169e-01,-3.685578556261303040e-01,3.357698509699408862e-01,5.427768883818618884e-01,5.596643514699836119e-01,7.553423571636379563e-01,7.679300779855534609e-01,4.316471275284359255e-01,6.444621702178432443e-01,7.687461523218233062e-01,8.726659601339614714e-01,4.070750336911931888e-01,3.840828408815374351e-01,3.139393867274311023e-01,6.010407562824806593e-01,-3.398585864180403426e-02,4.597625689950569083e-01,5.325344580192232780e-01,3.400479378288924215e-01,6.759875966583938078e-01,5.201178486029226500e-01,5.718232694747458211e-01,4.087526697309759594e-01,9.831221881927817430e-01,7.259516567953294697e-01,5.192600605038331096e-01,4.366226441195268926e-01,4.612613207822701678e-01
6.912988731262377229e-01,6.138561998235633199e-01,9.797996739398850963e-01,9.311073112777354943e-01,6.246106785661252880e-01,4.034228995045024413e-01,1.009296572875687525e-01,6.803456164674392959e-01,6.824712991970944831e-01,5.339487693831095338e-01,-1.270761517457936751e-01,3.176296551730415363e-01,4.025188909110455349e-01,8.934803639057659064e-01,6.149420723781854337e-01,5.634408368955980961e-01,8.425777905048964511e-01,0.000000000000000000e+00,7.354187516829431281e-01,4.910576995140246148e-01,9.068951538154661485e-01,3.359887946448820162e-01,7.858688721685042067e-01,7.372672677097147353e-01,2.607841313920067350e-01,5.233253641007430401e-01,9.949295413600656168e-01,6.151009959918557479e-01,2.338118523452438757e-01,7.891025853798392387e-01,2.264705427218158262e-01,6.510766517018186095e-01,4.755350636007324994e-01,5.422564165587778762e-01,3.445502973092224863e-01,7.697429026749086356e-01,4.419227548268813144e-01,5.149913970044307510e-01,6.570713454513252838e-01,9.006641777511668057e-01,2.519267573155060669e-01,7.713613255511442279e-01,6.152694763424064739e-01,3.028394334110066644e-01,9.615238444283342734e-01,6.610027123219844869e-01,7.912247680689445950e-01,4.991309302039673712e-01,3.651774085847194762e-01,6.704515162053676924e-01,4.115773302566403391e-01,3.508079166316391273e-02,6.784850555650857595e-01,9.682957479682237079e-01,7.193913958769313499e-01,5.703925678371196684e-01,4.547632807040239977e-01,2.953498810042847200e-01,7.483620618753371589e-01,8.808038126145423252e-02,5.477268769571322915e-01,5.187047381016017811e-01,8.144977002729346660e-01,3.991264581328207717e-01,7.929503569998730406e-01,5.841533440713087000e-01,9.765483372306316134e-01,7.785180639979021322e-01,5.945305615560011470e-01,5.976508539622320537e-01,6.684404213281501805e-01,6.024908412317485640e-01,6.682735808979203274e-01,3.794757357082824689e-01,7.229729082517013516e-01,3.608107248175765891e-01,4.959320570544999973e-01,4.043510459199930462e-01,3.353672446112666572e-01,4.662427917864871985e-01,3.245444858696291957e-01,5.933449586371757345e-01,6.991257433354860495e-01,2.983777594677612388e-01,7.947532147466549457e-01
