0.000000000000000000e+00,6.038234962561203067e-01,5.729120341875362232e-01,9.349070610257734781e-01,8.001577216268683790e-01,7.006320513251078630e-01,6.487910262869905909e-01,5.305860850092941616e-01,8.117837853527917202e-01,6.718086033539432123e-01,9.689868642695932399e-01,8.125802429247855896e-01,6.430021427779260002e-01,7.280262158071363343e-01,6.002995120278352692e-01,6.398758101455822578e-01,7.667089829732277595e-01,6.505342263274700443e-01,4.379880355682632675e-01,9.492932330739678459e-01,6.333436343961879045e-01,9.440830036337305442e-01,5.318644318357548251e-01,4.538150149430579816e-01,5.520485959150989164e-01,9.203874608726509976e-01,9.295261999443632517e-01,3.212355728706711711e-01,6.400812656483121366e-01,7.867811438526417164e-03,1.412898265952345911e-01,7.603905802040934470e-01,7.926602299776724925e-01,9.870639864349215475e-01,7.327938770912939548e-01,5.890920454739104195e-02,4.049649086494808148e-01,9.247647853939938711e-01,8.357706235643003190e-01,9.251641545584580184e-01,2.580024364343847521e-01,8.270608589317889336e-01,8.857045229445307255e-01,8.650854381623339640e-01,7.260538131013367646e-01,6.376095656093939690e-01,7.790952589021994390e-01,9.985901736119173755e-01,6.744809541147926968e-01,7.212921315445812720e-01,7.814819217688716568e-01,7.809907894734611222e-01,8.922953143125305076e-01,5.253130316116321197e-01,9.665169926287140445e-01,7.421273740371210348e-01,6.326267020069058500e-01,6.272909847563351571e-01,6.043144745605445456e-01,6.795538926367310495e-01,4.180782654264266207e-01,7.130397308048531668e-01,7.148613149848754844e-01,5.655360425275545166e-01,5.715502499163447325e-01,7.281735327199564400e-01,6.508312872480823685e-01,8.060097569042227184e-01,6.686578567261057815e-01,4.423106281218301961e-01,8.812418169092229858e-01,6.129596199691125236e-01,4.072701076024479172e-01,-3.213816261461782120e-01,8.575681659942223645e-01,6.187667121436702944e-01,9.920328346472353509e-01,8.505030857628148588e-01,3.638478037079542760e-01,3.023734938208309103e-02,9.534093804889697266e-01,9.406544578936228973e-01,7.170050950324523553e-01,8.427882253896574749e-01,5.769560476293032064e-02
6.038234962561203067e-01,0.000000000000000000e+00,8.916131214333322674e-01,7.317199156203332278e-01,2.606340313923841134e-01,6.491844291805615175e-01,5.370347498410210640e-01,5.229633575146535041e-01,2.577676855089048452e-02,3.892381034430492104e-01,7.677058613607302684e-01,7.862065098214117143e-01,6.245473444614455527e-01,2.300956285538132418e-01,5.673114873344711206e-01,6.038574637177089866e-01,6.391781263223095255e-01,8.880223724496542070e-01,3.097487674735466268e-01,3.895460349588310001e-01,9.584330232568096797e-01,4.364682786025244621e-01,7.472597722929550379e-01,8.265142797006901354e-01,2.764666180507872606e-01,8.404157681171511296e-01,5.798930334321739100e-01,9.918455740921970909e-01,4.807942763467553116e-01,5.555263486689290264e-01,-2.886464274051869783e-02,5.846126321486873056e-01,2.329699300644938187e-01,6.020547733931831402e-01,2.183245928926167700e-01,1.975933748896438746e-01,2.434530023525969811e-01,7.501107176387271647e-01,9.111795544250494983e-01,7.419572098630387025e-01,2.023545019982654070e-01,7.655571995436443178e-01,8.342862794286832751e-01,4.282344726414393787e-01,7.979352072954661867e-01,9.954746446741675747e-01,5.260280141951811927e-01,3.172770335706337486e-01,2.385965745726281451e-01,7.259277123032349399e-01,6.393847178077983751e-01,7.160358294846863592e-01,8.632575045556373228e-01,8.064263485771390183e-01,7.031470137841453472e-01,3.195761949549512093e-01,7.331684160442966114e-01,9.635979917270008910e-01,6.244792330893425003e-01,1.891635351184427771e-01,2.528977845776452238e-01,4.028949247959675573e-01,8.378255998523636006e-01,8.697002038060055451e-01,8.270218990692831396e-01,3.687139737528311034e-01,8.304370436736024930e-01,7.518951061640076761e-01,4.823217124267707434e-01,5.250427523411762554e-01,9.665416217520375053e-01,1.188928598742874654e-01,3.017779409287884573e-01,6.896343760915202292e-02,7.595325172790603485e-01,8.853705036569711195e-01,2.786731967945161870e-01,4.113638267522778391e-01,3.945552460411039242e-01,3.322208912049127300e-02,4.077963924665805595e-01,7.778526404288335083e-01,4.281465419095676350e-01,3.349972519276014360e-01,6.144966685090024194e-01
5.729120341875362232e-01,8.916131214333322674e-01,0.000000000000000000e+00,7.196538151809113160e-01,5.540422607160652158e-01,8.796762813436104222e-01,7.564455948448634004e-01,6.939445469347386153e-01,8.641658142709657264e-01,7.545968904995916660e-01,7.913667514515351220e-01,8.955465187781893599e-01,7.966333037269577311e-01,6.538016605072287657e-01,7.145131463561023022e-01,4.893965957644978992e-01,9.885510654010220000e-01,5.918726542834089610e-01,7.243180389395491581e-01,7.175824108840500593e-01,9.236416597894426816e-01,7.967142559562936377e-01,6.631617862909547911e-01,8.843842501793577338e-01,8.723126980647756268e-01,7.216732495421211979e-01,6.730403610946631421e-01,5.432589944625750844e-01,2.003516312812563330e-02,3.279998971828629317e-01,5.908040670065715094e-01,2.450298868560879806e-01,4.507694947432495103e-01,8.671377036651345405e-01,8.351641429076267498e-01,3.151036677705056910e-01,5.136565286481693526e-01,3.026121674998520916e-01,8.859802489677839343e-01,6.576688236560843670e-01,3.181088763906856909e-01,8.902625612756494000e-01,9.890336808657441692e-01,9.618009676250314222e-01,6.619084200460677581e-01,2.004009610332238844e-01,7.746045555237934810e-01,8.157913307758302146e-01,8.926373091516620617e-01,7.034542845474972550e-01,8.021085907487339739e-01,5.385661689420364606e-01,8.333464979924116722e-01,6.430401257154694239e-01,2.665731811792988459e-01,7.002996020658441845e-01,4.294708863844642344e-01,9.704434101330440265e-01,9.962452803296758530e-01,7.625429562367218583e-01,7.480069644126630113e-01,9.386885483221553139e-01,6.631061397591424544e-01,8.916793004768761577e-01,6.328792444809079321e-01,9.573350647467503416e-01,5.550005400402668876e-01,8.898830355112289370e-01,8.914950474376256428e-01,6.066634807454841516e-01,8.627172122117326980e-01,7.256926698910055595e-01,1.919877100137276915e-01,1.623060094620960570e-01,4.917398032123297402e-01,7.519621569893664148e-01,6.980529195849979329e-01,4.509392098994633447e-01,4.385618781644839981e-01,5.029814454797513212e-01,6.163794815679141115e-01,5.554367473831626212e-01,6.260218215621994320e-01,2.596771681853008440e-01,5.559666250453978442e-01
9.349070610257734781e-01,7.317199156203332278e-01,7.196538151809113160e-01,0.000000000000000000e+00,2.094538757706159993e-01,3.628248548386879824e-01,5.136174940524153021e-01,4.877041381070904569e-01,8.125143266659189401e-01,9.373639363338834851e-01,9.999424224556077156e-01,9.319335479705737058e-01,5.895346430053461928e-01,8.252749099733903693e-01,7.585632423520382028e-01,2.470220651762869701e-01,2.876910105911117954e-01,4.871948059823871247e-01,3.260502659452380048e-01,3.729478113588780008e-01,5.855403932842364600e-01,7.485066050058154508e-01,6.272916988182046794e-01,8.825992985344190966e-01,7.685144813875373071e-01,7.553243296639655657e-01,7.220428934646367924e-01,7.654409552827368124e-01,1.057406461400997588e-01,3.323189980588711068e-01,5.732166975325054814e-01,1.145636018703654613e-01,6.397653621727079631e-01,9.649307512885669791e-01,9.411739507631728952e-01,1.738659213876353471e-01,1.922387143237390128e-01,2.046369887581274416e-01,7.573630474998377382e-01,8.968799005127633395e-01,4.847537611193570850e-01,7.821528347342291410e-01,6.150268356214687593e-01,9.681514901837487974e-01,1.863288099762716588e-01,8.639510422330037853e-01,2.073158666590906307e-01,7.496896258379927014e-01,5.496459657563841361e-01,9.931717230746447411e-01,6.499996709111016679e-01,9.392691165317726965e-01,7.986077320017457293e-01,6.759200369818161303e-01,5.582953653173339248e-01,5.265418830293886465e-01,5.690872610343327143e-01,2.987476733530097239e-01,2.665249093988236173e-01,-5.029621733846909026e-02,7.630089164953390846e-01,2.121366182405370338e-01,9.761135586236339146e-01,8.538947877516218643e-01,7.765781139129335209e-01,5.705285768686721992e-01,6.374337609150997341e-01,8.985461956695142138e-01,6.418318270538710957e-01,6.915997348906467446e-01,7.851518023450914097e-01,7.085380982038261832e-01,4.617517840915729144e-01,7.517907240325282237e-01,6.926201530641099557e-01,7.351514843370985375e-01,7.825634605967056734e-01,6.621271604571483671e-01,2.952755412698447879e-01,4.768387880198148854e-01,7.969608191686613496e-01,5.199163106337294504e-01,4.308989480489506807e-01,2.930058773531903360e-01,8.190960706694736526e-01
8.001577216268683790e-01,2.606340313923841134e-01,5.540422607160652158e-01,2.094538757706159993e-01,0.000000000000000000e+00,3.482776279768222683e-01,7.585274587387076384e-01,7.113852522787876831e-01,4.815180123958862635e-01,6.944052378088653166e-01,2.055508031320383011e-01,4.085510443992434459e-01,6.960737247527620797e-01,6.141093492906857243e-01,7.385346250464528417e-01,3.918502618699109402e-02,5.857127033168365582e-01,2.074995248158723604e-01,4.627808703712813498e-01,9.424954754973411397e-01,9.378060037924109693e-01,5.026505332019760575e-01,4.423573030655917893e-01,8.782310330428675371e-01,6.768138964638472643e-01,5.034063944866287166e-01,9.334345705818500871e-01,9.093790495634997972e-01,-1.000227380154284224e-01,6.770767799520218677e-01,3.140737061362276483e-01,3.191291309661740683e-01,2.362457509836194680e-01,3.833417510444930842e-01,5.496765093531763569e-01,-1.580111446661008889e-02,2.604628863023296104e-01,5.520547486184004260e-01,6.336785371801980649e-01,6.101899050370118704e-01,2.403847077045394576e-01,5.273196905105677068e-01,2.290463349714540742e-01,6.423485850180370438e-01,4.732943763087167355e-01,8.674201935985330625e-01,1.474483466019549383e-01,6.812470752629039561e-01,4.992028360471060244e-01,5.373656987833056453e-01,4.546573830589427656e-01,5.055580147284350900e-01,6.623743853369743473e-01,4.776991622849059427e-01,9.573290012740810484e-01,8.292519246230056762e-01,4.286546220875827595e-01,6.287758624918869943e-01,7.391838497305178723e-01,2.324580051560787008e-01,5.720654020606478207e-01,4.501763619107074232e-01,7.053169539714282399e-01,8.648914371822589153e-01,7.268620457436443250e-01,7.123192279279030314e-01,3.787204204112593064e-01,9.599394333144649627e-01,2.725221975950531655e-03,6.274578385137452585e-01,5.843828086458563442e-01,3.743210219729912192e-01,7.363739449670372306e-01,1.103949335176160479e-01,7.642759128364170484e-01,9.078573415944370950e-01,6.582158903143593420e-01,6.118636910201071810e-01,6.002356964459752975e-01,4.323569132256695480e-01,5.356187856125309565e-01,7.970116147719370492e-01,6.731048490771720516e-01,5.226247320776781224e-01,5.180063241338058733e-01
7.006320513251078630e-01,6.491844291805615175e-01,8.796762813436104222e-01,3.628248548386879824e-01,3.482776279768222683e-01,0.000000000000000000e+00,6.177923057578625921e-01,6.730149024899283461e-01,6.695176480518211237e-01,8.368900607069568176e-01,6.479775195474011262e-01,3.025221669001321723e-01,3.346866672529983378e-01,8.061107787925518853e-01,4.367557225378091434e-01,6.325976752451772933e-01,7.738661283052941098e-01,3.177749834696906861e-01,2.937694230020419517e-01,9.780457323393536573e-01,8.628971039395419984e-01,4.636764793029901632e-01,5.371120812241658715e-01,7.643263953471578498e-01,5.807760494932002748e-01,7.619905435732021726e-01,9.632518360343212960e-01,6.847001551351288295e-01,3.292807720261543558e-01,3.535646906130107681e-01,2.012680954624390672e-01,7.004684792988022934e-01,6.762389106304549369e-01,7.456864439676926803e-01,6.213442969673432792e-01,5.692579865175647624e-01,2.170853309942835097e-01,5.834636125054548650e-01,2.826773172708082482e-01,5.324184405498615380e-01,3.467289195892424569e-01,6.888465607515655842e-01,6.930108105754564374e-01,4.626103103145567386e-01,8.750223809772169625e-01,7.601414608550064456e-01,6.813591166851913350e-01,5.595150929119615535e-01,8.359619896842450659e-01,7.757692271423275443e-01,4.833032352733426795e-01,4.096938008127386510e-01,4.165021266628899377e-01,6.327486005762087418e-01,9.069732459984968242e-01,9.048042040290374954e-01,7.519248903969133480e-01,9.466539574840271420e-01,6.321342534975363803e-01,1.286539873106779530e-01,7.146649035902142844e-01,6.583053510117250484e-01,6.357724297784043133e-01,6.916064209669312568e-01,9.365147499302109990e-01,5.064082459228779198e-01,4.786268763417001471e-01,4.134129328349780419e-01,4.412829796815792016e-01,4.337993054231095713e-01,7.644909002178389423e-01,1.969037728116399544e-01,5.894767821840811717e-01,-2.584239741532943224e-01,2.778087589995548723e-01,7.179220706025442045e-01,6.822264595269627030e-01,2.429955699729599572e-01,5.807271129586267788e-01,1.849849509389004110e-01,8.045456819443479457e-01,6.787192864609977727e-01,9.439426321843772394e-01,5.072312332088242393e-01,6.169304173205860664e-01
6.487910262869905909e-01,5.370347498410210640e-01,7.564455948448634004e-01,5.136174940524153021e-01,7.585274587387076384e-01,6.177923057578625921e-01,0.000000000000000000e+00,3.037279723550693200e-01,5.579845374844021322e-01,7.673887401311595413e-01,5.899033657716881152e-01,5.855476854802782460e-01,6.458799422587309103e-01,4.145503804125413305e-01,9.186721757983441483e-01,2.627305670812325744e-02,6.213098786451620725e-01,1.653998225850667747e-01,4.404460905784782776e-01,7.296991140764746975e-01,4.885104289456626558e-01,-4.740731513807078246e-02,4.187204694346646217e-01,7.645087843695901331e-01,6.409173299749517660e-01,7.775732111734149354e-01,3.497844096384310486e-01,1.172528653188837505e-01,4.993518691281173538e-01,3.558765126436060355e-01,9.365531255078103634e-02,6.386492753026593583e-01,5.330572684493338764e-01,5.836168079325488867e-01,4.032792123262466388e-01,5.213272547437015625e-01,2.091672489802159363e-01,-8.387295830242218198e-02,9.602738978635365630e-01,5.088818057349944746e-02,5.063719781023924282e-01,6.863685299076968116e-01,9.659417317690313087e-01,7.447156104390584286e-01,4.751474740238899042e-01,7.583179589239406049e-01,2.493671966195583345e-01,3.006928428534975106e-01,5.459084092006546429e-01,4.558525381432300683e-01,6.106781963136692637e-01,4.266609477812227658e-01,4.961020951571200044e-01,4.418111319915668522e-01,7.450317213719441778e-01,5.641481113362526445e-01,2.897467927684159172e-01,5.818909081796005411e-01,7.895606731498965303e-01,4.313578733065167037e-01,6.519795150573575171e-01,9.279572567530979255e-01,5.202343157100774995e-01,7.335445655574333035e-01,8.773271904618865635e-01,8.381041917807838804e-01,6.866001597877070539e-01,8.137858076832757970e-01,1.355125806949457334e-01,1.023184528598284210e-01,6.195249451897356652e-01,5.297902147982590515e-01,5.285725710819739742e-01,6.456459343714665566e-01,4.164549486048341187e-01,3.848781102098802753e-01,4.481394214278047738e-01,6.743876536379742603e-01,7.736588801379677971e-01,3.610478970125025056e-01,7.714522658680023071e-01,9.882792543098470883e-01,6.683621759222689585e-02,1.252838013582284193e-01,4.615318245653123874e-01
5.305860850092941616e-01,5.229633575146535041e-01,6.939445469347386153e-01,4.877041381070904569e-01,7.113852522787876831e-01,6.730149024899283461e-01,3.037279723550693200e-01,0.000000000000000000e+00,6.945448256088918582e-01,4.633034735865094178e-01,5.505434460211520165e-01,4.345720443667674404e-01,5.292398552140311629e-01,8.869951891685002865e-01,2.189245843265142100e-01,6.429298941715312354e-01,8.292611288993606555e-01,2.477445193857058525e-01,4.760833516029164825e-01,5.782829168267993314e-01,4.650355648983547363e-01,3.698267469435625454e-01,4.731884740887660201e-01,6.958208963214156384e-01,3.054876609549164734e-01,5.447288273763705169e-01,5.928466159927645585e-01,3.384192210058296624e-01,5.590389029546711797e-01,3.830304165510544090e-01,5.415197425608176962e-01,2.518362411922543398e-01,5.899585653090331228e-01,5.110880205123495834e-01,4.375802520435497778e-01,7.672781934907487722e-01,3.349428815082511890e-01,4.917367711789789597e-01,6.997500112616862333e-01,2.515181802120886601e-01,7.792675328071602125e-01,6.536297347631246923e-01,3.500609040473273703e-01,6.511243128668682267e-01,8.779003787301719042e-01,6.676465159814289896e-01,6.739332191532452221e-01,3.876936808529894973e-01,7.512503160864766327e-01,4.506029914331685093e-01,5.038814115618438505e-01,2.186570923367900932e-01,4.681309373659056083e-01,5.389974066498999239e-01,1.965414773663216874e-02,7.067626196658717275e-01,7.872351744243503147e-01,7.636459192495135273e-01,5.402095155456826392e-01,9.706254780305784147e-02,7.623989801285666612e-01,5.501984068246439374e-01,7.836866363578254280e-01,9.646451747448364644e-01,6.104536261737295577e-01,2.355204869494765818e-01,4.770057980934057640e-01,5.240462410103137181e-01,7.577927750332991153e-01,5.593948237285614189e-01,2.681877512098106986e-01,7.463687403877107274e-01,2.275309560904250350e-01,7.139213344541683881e-01,7.293387558402363302e-01,7.949721994022233007e-01,7.022366276472128410e-01,7.654697346105269196e-01,1.984814009612408114e-01,6.148640278554984295e-01,3.231472277414105809e-01,7.955161028185546712e-01,2.695231177655722510e-01,3.063422314586064510e-01,2.021488228789737607e-01
8.117837853527917202e-01,2.577676855089048452e-02,8.641658142709657264e-01,8.125143266659189401e-01,4.815180123958862635e-01,6.695176480518211237e-01,5.579845374844021322e-01,6.945448256088918582e-01,0.000000000000000000e+00,3.239343857134729388e-01,6.265408774265510683e-01,6.891920517947723868e-01,5.187260796203444491e-01,5.469031533928295774e-01,7.044953437481844549e-01,3.893592877488333270e-01,2.558556831132786646e-01,6.522997032102538506e-02,6.611923998566628935e-01,9.591001722249078432e-01,6.753912341978458578e-01,6.687414486061918906e-01,2.830744667494356492e-01,9.856118754457867670e-01,1.454954716875374310e-01,3.147850740586594642e-01,5.144389886554692204e-01,2.632361039279618176e-01,2.822239209192617393e-01,7.396408304100969555e-02,4.261473490656229601e-01,7.776108930841243438e-01,3.485671278561868203e-01,5.396799336478956821e-01,4.499145512617373083e-02,4.781415767113296189e-01,4.030737782955582382e-01,7.620311282884564275e-01,4.886884217813426967e-01,8.412812346036246947e-01,4.699717556597355905e-01,1.044746741733678930e-01,7.340645028637633462e-01,8.024118775883606336e-01,8.407422172226068913e-01,8.454865449993753668e-01,9.554834099879765397e-01,4.492693230506398794e-01,7.011369644877526452e-01,2.003230224612925492e-01,6.756000462720864741e-01,7.637808799896451672e-01,2.526179380417770126e-01,3.413014682954519374e-01,5.140791282512593430e-01,6.040941238318934259e-01,6.213652056313163641e-01,4.140769725904644982e-01,6.013576358647130249e-01,4.366037329986160453e-01,4.784538709901245968e-01,2.026167299199994332e-01,4.724456560570721164e-01,9.275282420686236096e-01,9.474360730696320676e-01,4.917409238697769691e-01,7.662911121123354707e-01,7.448403129528397004e-01,7.771698088957952333e-01,6.433403823523999865e-01,7.040480716198567190e-01,7.151787438682390974e-01,1.053527579427793182e-01,2.126699316060669601e-02,7.142228532554245612e-01,5.758654767754814996e-01,3.020644697565795789e-01,8.683821782048539717e-01,1.314564250845488280e-01,2.136876402096609673e-01,1.573939132733626067e-02,3.617144682089347141e-01,2.149506510266778192e-01,7.694241070798435445e-01,4.409606915148204798e-01
6.718086033539432123e-01,3.892381034430492104e-01,7.545968904995916660e-01,9.373639363338834851e-01,6.944052378088653166e-01,8.368900607069568176e-01,7.673887401311595413e-01,4.633034735865094178e-01,3.239343857134729388e-01,0.000000000000000000e+00,6.526798994298194101e-01,5.476826641198009327e-01,-4.282853206759595910e-02,7.049986529069915964e-01,4.089067594175784803e-01,-1.665436595247202778e-01,9.835721104038603890e-01,2.942693038013686202e-01,7.683154684060912176e-01,4.678065594704555186e-01,5.523953018840908058e-01,6.295574024087075005e-01,4.875626561906117318e-01,4.909746608769668397e-01,7.777571549653680139e-01,6.948995501041503875e-01,7.097644033701935307e-01,9.902617643555005067e-01,3.504711380401575038e-01,5.174177296791885317e-01,2.725771603466065063e-01,3.758567156481602556e-01,4.119606308929172345e-01,1.910171681791405784e-01,3.659128079365034369e-01,1.355817581852506171e-01,4.114901468095786274e-01,4.922126840713062501e-01,6.061831598396320020e-01,9.895435244498400618e-01,5.719563623918997308e-01,4.652399911242097730e-01,7.321678972413143693e-01,3.405426624043774719e-01,9.724649962469562592e-01,7.560185813869647609e-01,7.043940418758418698e-01,7.907731523900716208e-01,5.304883119200226593e-01,5.877300219522640923e-01,3.845957790582990032e-01,6.040237279896316647e-01,6.947312485955383643e-01,7.787196730670382649e-01,7.323190428885789638e-01,3.552280290376171878e-01,5.291314493504800653e-01,5.945052213967977339e-01,5.749871814909912615e-01,5.440030814913219270e-01,2.615527957642848067e-01,6.855475514067305154e-01,6.706171573533481478e-01,8.868717085928929933e-01,9.223090370757125456e-02,7.648580118607888334e-01,7.191912213044518998e-01,7.505227137213769106e-01,7.014396996322459499e-01,2.040786327111344112e-01,6.168741216876468814e-01,6.596372380792185908e-01,1.590520906972221482e-01,1.646520831430166032e-01,4.110079971626046658e-01,4.955705482372879667e-01,6.971872362120601352e-01,4.101378574665061061e-01,5.487831605436318538e-01,7.929909725839248136e-01,2.926608938019102379e-01,6.827829288445877998e-01,8.811209979655650892e-01,2.153563285577261011e-01,2.649010292144891587e-01
9.689868642695932399e-01,7.677058613607302684e-01,7.913667514515351220e-01,9.999424224556077156e-01,2.055508031320383011e-01,6.479775195474011262e-01,5.899033657716881152e-01,5.505434460211520165e-01,6.265408774265510683e-01,6.526798994298194101e-01,0.000000000000000000e+00,6.646696503048794558e-01,7.737096932128803006e-01,7.941179170343697358e-01,7.538390195670936489e-01,7.483913474537375876e-01,9.208719411719671344e-01,6.997325108095667767e-01,8.512883588952325775e-01,5.205433139187980451e-01,4.811448998937662980e-01,1.598863012287672358e-01,2.645908745429848552e-01,8.245171087376567121e-01,4.346885947151176710e-01,5.313661326265873841e-01,8.827926597209807547e-01,7.702868193454079915e-01,4.347220794125362664e-01,4.678943541310615073e-01,7.475560638379268319e-01,4.899011222184750380e-01,6.567136050098225653e-01,7.900788546976327265e-01,6.404488095218427990e-01,5.139498728705279573e-01,3.397320821191600615e-01,2.665310092123782670e-01,7.850397163534446054e-01,3.899780115167225114e-01,3.923539529716435492e-01,7.431403856371883165e-01,5.260529497894974593e-01,8.093052895754742071e-01,3.456561450194493013e-01,9.680306705114462007e-01,7.204376523322808534e-01,2.331110429861910638e-01,7.611975394673464908e-03,7.140457007082834373e-01,6.471290606235556853e-01,7.095778702620120226e-01,5.431909476383079208e-03,3.079901889805043425e-01,7.926045124721360358e-01,5.754789443220929002e-01,4.721401880566662712e-02,5.265943157932102547e-01,7.123100298600602009e-01,4.525023320412831507e-01,1.906237091869467659e-01,1.742191648708479035e-01,5.087301984474443817e-01,7.916296356023900804e-01,6.256084222646247639e-01,4.297010261187798053e-01,6.964010612288199509e-01,8.803593825754024715e-01,3.623312024731908387e-01,5.013825197365208153e-01,8.663572573214461947e-01,5.684030123325818362e-01,4.781775023371424016e-01,4.162255709907025647e-03,4.643144130014646986e-01,8.469422281832930111e-01,7.934917861855204091e-01,2.283238879184550374e-01,6.351479432954647564e-01,-4.799413508098215875e-02,4.807453142600189855e-01,8.835812175650903377e-01,5.020871369604341661e-01,-1.500726618672952872e-01,7.418952208052146391e-01
8.125802429247855896e-01,7.862065098214117143e-01,8.955465187781893599e-01,9.319335479705737058e-01,4.085510443992434459e-01,3.025221669001321723e-01,5.855476854802782460e-01,4.345720443667674404e-01,6.891920517947723868e-01,5.476826641198009327e-01,6.646696503048794558e-01,0.000000000000000000e+00,4.613680542089677039e-01,3.803147428700751065e-01,6.935517995118977153e-01,5.621389810462973369e-01,6.960594437692395609e-01,4.391355152806787343e-01,8.601115248054240769e-01,2.582786835861221597e-01,9.423318313619875042e-01,2.608523861028370638e-01,6.653119851127498041e-01,9.293453626311597437e-01,5.586611204527375252e-01,9.121938355564752632e-01,9.208445387282926387e-01,6.841418509425237771e-01,-1.076829526399843417e-01,8.714313860648231769e-02,3.180584357835904985e-01,3.720618462548193062e-01,7.351185536107617269e-01,7.449482564732099465e-01,4.814782736879675840e-01,3.802339328160471155e-01,-9.650071917425240287e-02,4.116429765810752928e-01,8.094249325863291933e-01,8.395618732269377604e-01,4.533437390267827105e-01,5.690503182693069650e-01,5.116886974930246086e-03,8.974874674871747837e-01,5.035077701013956908e-01,8.557800952456998678e-01,4.930293594194110618e-01,4.801000140521128889e-01,4.071886900336556536e-01,5.949464040186011049e-01,6.222257734520389993e-01,7.014697556816037460e-01,2.758578508641996718e-01,5.789952867428291849e-01,6.483847639127980900e-01,8.192814752092150155e-01,2.677823921809928676e-01,6.494984445703615439e-01,9.744491548669632630e-01,2.697310786195082910e-01,5.084827248261758470e-01,9.651809248995789625e-01,6.476104566976728094e-01,6.124216501038168836e-01,6.416356867721453305e-01,3.786219541093843038e-02,4.425394519226599210e-01,7.621093250998319801e-01,6.444195547653942535e-01,6.446383985774704062e-01,9.242110890581634042e-01,5.751088763162850448e-01,5.500885350535289486e-01,1.373778697091703749e-01,5.627535133880162688e-01,6.384003088440792784e-01,2.549167262577580195e-01,1.048913993476770501e-01,4.591402999955688791e-01,5.739297438694959119e-01,6.790402775902526500e-01,5.022245627044389371e-01,5.289841951126960096e-01,2.336553391556602244e-01,7.938824288755094161e-01
6.430021427779260002e-01,6.245473444614455527e-01,7.966333037269577311e-01,5.895346430053461928e-01,6.960737247527620797e-01,3.346866672529983378e-01,6.458799422587309103e-01,5.292398552140311629e-01,5.187260796203444491e-01,-4.282853206759595910e-02,7.737096932128803006e-01,4.613680542089677039e-01,0.000000000000000000e+00,9.945951700659101391e-01,7.630351485173197945e-01,4.925860980745369599e-01,6.344036441603372323e-01,7.302735067203351971e-01,6.265810962688685981e-01,7.389264329872611281e-01,9.473472601835530860e-01,7.659805891313309356e-01,7.711962748156383496e-01,9.414718978853139353e-01,7.125251048693855838e-01,5.234570359176804466e-01,7.717605467253965124e-01,9.098843728992976887e-01,2.969815862742451046e-02,2.974455668213822346e-01,7.486444421017494910e-02,2.689995039568368607e-01,6.777367047252909060e-01,7.001788711180207958e-01,7.404649246288294018e-01,2.232628792160044062e-01,2.121143955747543663e-01,9.246356206028293334e-01,8.735742064716707223e-01,5.558278623939593155e-01,5.393215614296044125e-01,4.209994927183469127e-01,6.097467636966696913e-01,6.113092586167910847e-01,8.737852845430780224e-01,2.288844453944077484e-01,6.453830341477319044e-01,5.627203583282942567e-01,3.761042086350614710e-02,3.849524927588300338e-01,6.193175985923728977e-01,5.347191529989551162e-01,5.220993842154502129e-01,5.837137391526375785e-01,6.557034022493566372e-01,4.643858499367667925e-01,6.248555394306782862e-01,4.349307234241783227e-01,2.165808344301964894e-01,7.235801599049336286e-01,3.664313993714551909e-01,9.987583923727745283e-01,6.006309333539406881e-01,9.471505975433975877e-01,6.205528670551235804e-01,6.119553617658494149e-01,7.884126249795988528e-01,3.839957003432054039e-01,5.924936002066475416e-01,7.035127127224725108e-01,8.874126140572283772e-01,6.935998780743127812e-01,6.614400039760366390e-01,3.027879551112189760e-01,4.159490450305913245e-01,7.732944785706526991e-01,5.718102435141877438e-01,2.669221822825212920e-01,7.079039840777177073e-01,-1.098223377101248399e-03,6.518647600552546217e-01,7.518872410022982011e-01,3.261898659235281661e-01,7.258449547279192116e-01,6.647121028685990529e-01
7.280262158071363343e-01,2.300956285538132418e-01,6.538016605072287657e-01,8.252749099733903693e-01,6.141093492906857243e-01,8.061107787925518853e-01,4.145503804125413305e-01,8.869951891685002865e-01,5.469031533928295774e-01,7.049986529069915964e-01,7.941179170343697358e-01,3.803147428700751065e-01,9.945951700659101391e-01,0.000000000000000000e+00,7.069038081651862759e-01,2.363627725570655036e-01,8.388732468088027083e-01,6.162387180526353037e-01,8.933288926599093349e-01,9.316511177919577502e-01,9.332779768830579137e-01,4.301892182075098825e-01,5.276502121177193416e-01,8.029018872789529526e-01,7.654726243283952458e-01,7.994686580090807348e-01,5.259468652258927346e-01,5.347268522986148298e-01,4.306442726916687169e-01,1.580601313969814403e-01,1.122148169523877193e-01,2.583026402141012090e-01,4.267083096207166526e-01,7.250422728995493671e-01,3.854431085494311460e-01,2.893881282420700529e-01,2.912609198956887524e-01,9.499589751299694074e-01,9.926249068981306545e-01,4.719843625751359295e-01,5.321591033342019106e-01,5.533579420378400560e-01,2.560876891729121363e-01,7.711770822213624976e-01,8.765867045618986886e-01,1.228047314231943271e-01,4.801087035050459195e-01,7.428652018481501917e-01,9.174237894237001756e-01,2.214151582421801656e-01,8.625975241447519926e-01,7.065084610455243386e-01,3.135603127348098873e-01,3.190557165076143287e-01,8.532108454322206992e-01,7.739927354396922698e-01,4.076384856108443699e-01,4.365350329018435893e-01,8.139689667000707951e-01,6.263836820240911152e-01,2.958191699746466341e-01,8.301009853783983816e-01,7.948428992955126615e-01,1.554126045928740964e-02,7.096359623960943885e-01,6.770228091632971568e-01,7.356018331894355056e-01,9.905256888324044384e-01,4.067750339628651846e-01,8.561514773812242129e-01,3.695869916666252863e-01,9.789772904618021521e-01,2.653927172074215801e-01,1.674713230731787739e-01,6.130982375850992927e-01,6.319947022710051820e-01,9.958062156887145244e-01,9.598103640370715395e-01,3.896667928710924045e-01,1.869864525022395529e-01,7.544259069809882146e-01,6.036959976799737282e-01,9.719174826876403328e-01,5.189444311701996160e-01,6.188378721072332889e-01
6.002995120278352692e-01,5.673114873344711206e-01,7.145131463561023022e-01,7.585632423520382028e-01,7.385346250464528417e-01,4.367557225378091434e-01,9.186721757983441483e-01,2.189245843265142100e-01,7.044953437481844549e-01,4.089067594175784803e-01,7.538390195670936489e-01,6.935517995118977153e-01,7.630351485173197945e-01,7.069038081651862759e-01,0.000000000000000000e+00,5.736537358822213495e-01,8.729933652676261646e-01,5.398532046210704483e-01,3.322119562188085018e-01,9.685224175059359286e-01,9.114568707952446225e-01,7.320735400664397652e-01,7.480274125698990195e-01,6.085037610600155800e-01,3.409327837526006100e-01,6.999822364532751751e-01,8.036773566822527082e-01,4.677461987267366172e-01,2.709373350846205897e-01,1.264972015116227755e-01,1.668104658669939400e-01,5.724368353677751209e-01,2.062394385821524068e-01,5.479533997165423331e-01,7.671910556898865474e-01,3.152795126232231793e-01,9.714199729503014691e-02,5.060523899927609204e-01,8.068774284771480509e-01,6.739576878924544712e-01,2.073623809642329563e-01,7.944086151229061699e-01,9.765074661880429607e-01,7.704583797952399005e-01,9.951324059665085375e-01,2.066760085537235614e-01,4.581493718149880906e-02,7.521433812985450773e-01,6.433054403722346937e-01,5.477469499731212332e-01,8.784957159236850277e-01,7.793725845191405988e-01,6.616463371736432952e-01,7.259109167973618604e-01,7.463146048093760587e-01,8.512581118519412238e-01,5.082247378559570650e-02,4.429073666356591610e-01,9.556551628247897945e-01,6.559067989004158106e-01,4.231849032296788327e-01,4.186892109626457747e-01,2.708471938145055047e-01,7.053667228903184316e-01,5.150294832742806639e-01,6.792220816595205823e-01,8.064465915380125693e-01,4.226685890452034911e-01,6.704944605428180271e-01,7.558080115302411306e-01,1.240950290063441985e-01,6.932336182170442118e-01,2.866181673281051334e-01,5.181610213766589812e-01,2.435496872454719630e-01,5.386277119596366569e-01,7.030048538328425023e-01,4.060114924097970590e-01,4.094374714364884538e-01,3.113527406408901355e-01,7.483224659839489146e-01,5.325783820221253739e-01,7.879320429053915387e-01,6.360447258759425182e-01,5.487652188990150837e-01
6.398758101455822578e-01,6.038574637177089866e-01,4.893965957644978992e-01,2.470220651762869701e-01,3.918502618699109402e-02,6.325976752451772933e-01,2.627305670812325744e-02,6.429298941715312354e-01,3.893592877488333270e-01,-1.665436595247202778e-01,7.483913474537375876e-01,5.621389810462973369e-01,4.925860980745369599e-01,2.363627725570655036e-01,5.736537358822213495e-01,0.000000000000000000e+00,8.537703635776465738e-01,7.763754578256900629e-01,6.444029375457596132e-01,7.816619715317241202e-01,6.118953591294176153e-01,3.270250477173283210e-01,2.517134614832173267e-01,9.527600329712333505e-01,4.730351603797371407e-01,5.429151946140833296e-01,8.990741678978692031e-01,5.291578168013421068e-01,4.165553122504420114e-01,5.907245516946296737e-01,3.047053483483111447e-01,4.984821965218364515e-01,3.180508624351922609e-01,5.116298182061060906e-01,2.948523655866575055e-01,3.253572179021002042e-01,7.564206236918090409e-02,4.895924775160373499e-01,5.359111322692644563e-01,9.539691255169995276e-01,5.318780217481149375e-01,7.671985265349015037e-01,3.630408866554285519e-01,7.096856341223812814e-01,6.575038433594020404e-01,9.013939804624234720e-01,5.291962191019935480e-01,7.170558953793279011e-01,4.178155554961269225e-01,5.246613110911831912e-01,3.612763650988323194e-01,9.133254855261991878e-01,8.168095542141002863e-01,9.717332199375735557e-01,8.832512609056870634e-01,7.358567241824489624e-01,2.576677740897190816e-01,9.931951575860958892e-01,6.305539478666913888e-01,8.137606127972251135e-01,7.543120622755339344e-01,4.041067302086536195e-01,-6.973018545508050114e-02,7.905772463297466857e-01,9.928353226237074391e-01,4.994549384787491109e-01,7.250262092318842111e-01,6.036495300146611509e-01,9.650300263322572070e-01,1.405188360006137671e-03,1.712943827341436021e-01,9.953983356708928643e-01,7.252093432237157744e-01,2.462507601241994970e-01,6.490273244095916549e-01,5.735644991625730160e-01,9.740636140363924111e-01,2.720745168941449688e-01,6.071045274652911994e-01,1.734162007638057890e-01,2.555469254809500379e-01,9.389431237805437869e-01,7.097753131756135980e-01,5.489268916050424885e-01,4.371684541697995474e-01
7.667089829732277595e-01,6.391781263223095255e-01,9.885510654010220000e-01,2.876910105911117954e-01,5.857127033168365582e-01,7.738661283052941098e-01,6.213098786451620725e-01,8.292611288993606555e-01,2.558556831132786646e-01,9.835721104038603890e-01,9.208719411719671344e-01,6.960594437692395609e-01,6.344036441603372323e-01,8.388732468088027083e-01,8.729933652676261646e-01,8.537703635776465738e-01,0.000000000000000000e+00,7.277663968252674476e-01,7.355807961854908816e-01,6.804770253497125498e-01,9.721344213880621643e-01,7.674478690392372293e-01,8.130770473803616838e-01,4.570923894859793557e-01,5.416716730648266642e-01,7.400866588543217883e-01,6.010037120474291950e-01,8.774983493747160468e-01,6.597890968451909366e-01,5.243313021426387888e-01,2.436380238821651278e-01,7.777497771180499342e-01,7.250739459820947364e-01,7.332010124974754905e-01,4.638377743962620592e-01,2.438965686804222543e-01,3.189335360171694500e-01,6.913120338762337447e-01,9.522523060377171555e-01,7.899219444807188406e-01,7.274747874873580544e-01,9.683360529587747845e-01,9.130586080799257820e-01,9.942895838518273077e-01,8.237021077984890693e-01,6.500224543751644823e-01,7.371069843544151290e-01,5.306189860595880159e-01,7.332389189071575331e-01,8.419277042000640199e-01,6.260932879106907434e-01,5.957128768157973209e-01,2.042192460211355864e-01,5.385507609450894684e-01,4.718112145309961702e-01,3.695956401934770152e-01,6.424963344105911744e-01,4.187805828055693458e-01,7.959377751990928118e-01,1.298772710123447804e-01,1.988177151686134625e-01,7.295275918819976724e-01,9.536699310822692732e-01,6.614395097954698377e-01,4.536149463275777061e-01,6.664738087729255023e-01,4.698361635423567439e-01,8.830872507683789063e-01,1.612603616931752026e-01,8.628969965406727560e-01,6.598923426901104339e-01,7.019435032113502393e-01,2.895166332109281315e-01,7.025426134188621496e-01,8.831058819547541461e-01,4.114505265560003400e-01,8.701542838762046372e-01,4.698505376564738878e-01,3.092010060400146032e-01,1.153247647109683777e-01,2.226928638716094144e-01,6.206168906341950064e-01,9.826381901733928226e-01,3.607306976257549924e-01,5.834827312145297595e-01
6.505342263274700443e-01,8.880223724496542070e-01,5.918726542834089610e-01,4.871948059823871247e-01,2.074995248158723604e-01,3.177749834696906861e-01,1.653998225850667747e-01,2.477445193857058525e-01,6.522997032102538506e-02,2.942693038013686202e-01,6.997325108095667767e-01,4.391355152806787343e-01,7.302735067203351971e-01,6.162387180526353037e-01,5.398532046210704483e-01,7.763754578256900629e-01,7.277663968252674476e-01,0.000000000000000000e+00,5.444201639719180585e-01,6.407928195559556839e-01,5.787573613885823587e-01,4.588882675625132190e-01,6.769909905718788368e-01,6.576373359136713503e-01,3.054700385215012304e-01,4.006359384465223439e-01,9.357543645697108392e-01,4.793255451976491388e-01,3.778245526663656095e-01,5.843701623458169570e-01,-2.570469669302519189e-02,3.071674548163649265e-01,6.835944450324727972e-01,7.913647586130019285e-01,8.314588791440287174e-01,1.377969536905734871e-01,1.158561035870509515e-01,5.802157135963080803e-01,3.936215534197907706e-01,5.197287241453688589e-01,4.725411822612543000e-01,2.286452077290459239e-01,7.858797447110219547e-01,5.597393807726565307e-02,6.201110024440791291e-01,5.582095366473094344e-01,5.246330246434074418e-01,7.640364904092282750e-01,7.461042103863797514e-01,6.364693331927900877e-01,4.019946872976576380e-01,1.372692361630235003e-01,3.955105498849116330e-01,4.732241188261160914e-01,8.256410684663265664e-01,6.110255654546417059e-01,4.910832004660544703e-01,3.417106733520886563e-01,9.663276003084060317e-01,4.741571733885497908e-01,4.318177307064926529e-01,4.323072725094067037e-01,5.302014666258082487e-01,2.588627158931612882e-01,7.907786893185155819e-01,7.975806659590631842e-01,5.689266092423236332e-01,4.122127005601927130e-01,3.367332368226344519e-01,2.478619659753465709e-01,3.565299170457465472e-01,8.200746995555454610e-01,1.662192504698447593e-01,2.697054064942970841e-01,8.555118098252049164e-01,4.658615922988205149e-01,5.106994414595605880e-01,2.743364307183309148e-01,2.548610176344032752e-01,-7.141246110646448653e-02,7.381822202055347004e-01,8.093893073133251459e-01,5.345939248689965950e-01,7.603385885373772357e-01,6.489381980219538493e-01
