0.000000000000000000e+00,9.014580200455815095e-01,3.213009782042083873e-01,3.283343662163884513e-01,7.021111832816009368e-01,9.505370470214296041e-01,5.836648921341753837e-01,8.644793139418592842e-01,2.658841423780273772e-01,9.370516884992504680e-01,7.416811836928716151e-01,8.398531411786919199e-01,6.854454850011193479e-01,4.713735958999574760e-01,4.615680129106293217e-01,7.064439604957947205e-01,9.790817216365110820e-01,3.460842430547078075e-01,8.845468898926847068e-01,7.441521032757484333e-01,7.595157522767626013e-01,6.499135865258862665e-01,4.283587061400332408e-01,8.519797403411146774e-01,7.093289957138579904e-01,9.831676493898279245e-01,9.169540998864041947e-01,2.440559092478460090e-01,1.797785836819688898e-01,2.146946228145356073e-01,4.776172960994675143e-01,7.751124576586382320e-01,1.574931774828257081e-01,5.865179535091294971e-01,9.460188403516516242e-01,5.622739230181197367e-01,4.190139438416671247e-01,8.695810882674045450e-01,8.801187921974852335e-01,8.167563110178408525e-01,1.119326686976348517e-01,8.807208053120101354e-01,4.457774603783604128e-01,2.549115241322938985e-01,8.909720073971466592e-01,6.850931642380699849e-01,9.184712143684599095e-01,6.220713316655415159e-01,4.957033249937674579e-01,9.678840264683010730e-01,6.636570582158833886e-01,6.192617443184109671e-01,9.843322583539626525e-01,6.441297099114997593e-01,8.711362221815858176e-01,9.643110227051441274e-01,8.993126254951555598e-01,8.622900799448652842e-01,3.196363768736656397e-01,7.520760775639234730e-01,1.505249137260115944e-01,9.327695755003528877e-01,7.041271421945252129e-01,6.045498083958347202e-01,4.627217878468276036e-01,7.564677894794962221e-01,7.040223018260612919e-01,7.799907581484923913e-01,6.117194523710103304e-01,6.607284710635905611e-01,5.433378548347305159e-01,2.478393528809504365e-01,5.417293535731402265e-01,2.702868572291157734e-01,6.363498704322798627e-01,9.547985901997422253e-01,6.356334973974560043e-01,6.770236509186911000e-01,3.529254387117729541e-01,2.274322815903551398e-01,6.333019412742872944e-01,7.492108679935161053e-01,7.582606737695826160e-01,5.209022109378809162e-01,6.380715475281015792e-01
9.014580200455815095e-01,0.000000000000000000e+00,9.875146844427613591e-01,6.182904893374980837e-01,7.856720218610976358e-01,6.894985416432189984e-01,5.101296952390458328e-01,4.962667377554541570e-02,2.379900097284255445e-01,1.965523849112318575e-02,-3.979329695029176772e-02,2.808854410170213423e-01,7.812321114005476019e-01,7.984606811883798727e-01,5.719552053806955527e-01,9.392447081545658438e-01,6.314365444787539694e-01,2.917540459020010468e-01,9.851681464851195225e-01,6.538310166541493329e-01,9.648427599993956161e-01,6.127004580213937235e-01,5.703492705179895594e-01,5.528077663985137002e-01,3.563214376181553789e-01,7.516621534004558347e-01,4.158840264782584506e-01,5.717438396431633318e-01,1.216166035525011041e-01,3.315693254070157803e-01,-9.718459183630909215e-02,8.229395246859823043e-01,4.622405860642063713e-01,3.367523373675673781e-01,7.918745625349690176e-01,4.507017841408027525e-01,5.120285222910128109e-01,4.001603304171466591e-01,6.433306056826734176e-01,6.911925299042197546e-01,4.288305006615086845e-01,9.809449000869678859e-01,8.328211719382219158e-01,5.795279021159553956e-01,7.671653922204904053e-01,8.060946939539053169e-01,5.748681787331815229e-01,7.964408268705195360e-01,4.170845759739724157e-01,7.285528610732237009e-01,1.175392056288289411e-01,3.987400118850391584e-01,1.530382054362081634e-01,9.405694311507928340e-01,7.399040521807018767e-01,5.617472033284061084e-01,7.683718365777997272e-01,3.897020917213870339e-01,8.197254671884386390e-01,2.007752837725047534e-01,-8.689967928878651604e-02,7.144045436878881938e-01,6.669036257840932347e-01,6.341828992900125916e-01,7.807413559810428838e-01,5.815142573007339166e-01,7.771442841349673891e-01,8.579743160949205860e-01,8.669750510557843182e-01,2.904812072620069907e-01,8.584651199164285984e-01,7.479494029815759726e-01,4.522673299400919444e-01,2.906594703973295335e-01,9.327551280789203592e-01,4.801274455786065376e-01,6.548221514601858528e-01,5.280403955194624688e-01,3.902814429166708843e-01,2.214852160500019040e-01,6.027853801284102087e-01,6.798688903364196179e-01,5.359731736222458354e-01,6.503542218377171835e-01,6.554167858688666470e-01
3.213009782042083873e-01,9.875146844427613591e-01,0.000000000000000000e+00,8.083582698154435642e-01,5.603384826024744303e-01,6.351874760002749198e-01,7.719928024082798323e-01,8.638590928977046834e-01,5.923157259766527183e-01,8.549641529059840428e-01,9.628199876377707689e-01,8.364112879814364909e-01,5.777958645941504434e-01,7.803233268472327122e-01,7.249303248131222510e-01,8.536774197656096241e-01,7.110540859341667463e-01,4.762233317592841075e-01,6.678463192067589649e-01,7.859331831460237838e-01,7.343713811686600756e-01,7.003543313569918771e-01,9.017663822494428327e-01,7.311339569742554279e-01,8.501105127431654029e-01,8.730737314639201996e-01,5.906658254642742634e-01,8.731444177138113494e-01,-7.489919332012195952e-02,1.377860460580168922e-01,3.686914516841007239e-01,2.809326373691888867e-01,9.098251663809696632e-01,9.632210917074567336e-01,6.801644019482327996e-01,6.693318815234361452e-01,2.569967576140125276e-01,9.667670077083290181e-01,3.897109624222213631e-01,4.578192241431068843e-01,6.346772589752835980e-01,5.798590349214540751e-01,9.566425218139751330e-01,7.361961362230620143e-01,4.208967685723234986e-01,6.109913167873979312e-01,7.602140970983589652e-01,5.778904779836715466e-01,5.760923356456673083e-01,8.842634635045818481e-01,5.324916440622088354e-01,7.305687512841239073e-01,6.253735261234566467e-01,8.291938227543698137e-01,8.915165905387466561e-01,7.648778995769254241e-01,6.410717461247484872e-01,6.719104512382538807e-01,9.545080824934707442e-01,2.502008972086803840e-01,-5.951324026211426976e-02,7.653318718638070228e-01,9.024488824880584348e-01,5.076220929071725285e-01,8.405113625956340817e-01,9.014887808464908669e-01,7.194814794201221941e-01,8.193782816362141785e-01,2.178437621815120517e-01,9.399841465966239928e-01,5.192927111487680714e-01,7.309157754977604338e-01,5.198268844284001933e-01,3.543267552517358476e-01,1.885744838267531809e-01,7.136928125063595196e-01,3.004468631797067024e-01,9.360213978262904577e-01,2.082670258930014451e-01,3.630393045808872898e-01,4.745265920039487550e-01,9.634068027591634609e-01,4.561230609609459585e-01,5.529614378920993945e-01,7.983059688958400457e-01
3.283343662163884513e-01,6.182904893374980837e-01,8.083582698154435642e-01,0.000000000000000000e+00,8.225656695621187398e-01,6.107492532906775295e-01,2.133961071181704472e-01,3.821919746735563672e-01,4.711016628207449486e-01,7.058990822251571817e-01,2.527018213182512518e-01,4.661782390552341448e-01,6.661476365641882946e-01,6.109197182833054907e-01,6.270186814954465948e-01,4.330703991498281447e-01,8.478339582351461790e-01,4.383390048925089877e-01,9.253137164375597745e-01,9.903800049606185096e-01,8.280012528034361718e-01,8.737957526390037755e-01,7.251461191230974546e-01,9.398537802519715267e-01,7.293534372205739968e-01,8.727417193358695258e-01,4.907449601857499233e-01,7.908639734379560027e-01,2.699533356081616486e-01,6.069942999667998773e-01,4.268032833047335495e-01,7.505246390881179508e-01,5.438858224815946718e-01,7.623057244114699316e-01,7.506174671983532054e-01,2.221434875802362485e-01,3.211394444455125674e-01,6.652180223308876705e-01,7.769596657475693613e-01,6.166604144681313571e-01,5.107166527950508517e-01,2.282053363537968893e-01,4.518568247597228305e-01,6.910765598093023820e-01,7.942574909428335994e-01,5.547826703745492027e-01,4.341022820205522326e-01,9.303351714413872209e-01,4.386917788523568840e-01,5.924732834438057871e-01,8.953883456125197871e-01,5.297761337348838584e-01,9.309334851255061105e-01,8.294429901364162028e-01,7.677938118314964200e-01,6.212746953762330326e-01,9.642001625934039089e-01,9.271295923090596691e-01,1.042875808647884678e-01,2.773156548269386512e-01,2.102886995751956090e-01,9.669238731865622549e-01,4.168768628517608987e-01,8.151009804373625656e-01,7.232917213853199412e-01,9.862205294920101117e-01,5.146037995701011614e-01,8.631581473873696231e-01,7.623576708446532235e-01,9.079483332041863308e-01,8.567928416208536735e-01,7.032219532853604127e-01,5.333106504153481975e-01,3.859326576274857423e-01,4.928551151473133940e-01,6.978918413839898527e-01,6.384722775236024717e-01,3.937378975003389403e-01,4.114320095389374932e-01,5.708801139314285678e-01,9.672175780935227118e-01,9.529939605224382326e-01,8.749048997298651820e-01,4.749320531252414490e-01,5.848466582903157907e-01
7.021111832816009368e-01,7.856720218610976358e-01,5.603384826024744303e-01,8.225656695621187398e-01,0.000000000000000000e+00,8.081105223308903129e-01,7.217666095025434547e-01,2.201922495705258553e-01,5.082973266411057178e-01,7.814877756643481277e-01,7.713664173874712482e-01,7.381677405768660716e-01,3.560516150595357532e-01,7.277941201440090158e-01,7.959725290210462045e-01,8.417672304423505780e-01,7.174725995776030096e-01,8.409668159171997948e-01,6.385772638887785568e-01,7.385529603440179613e-01,4.188430512075682621e-01,4.028074497535484300e-01,4.788998245421369204e-01,5.177005432713857047e-01,7.033259240135614210e-01,5.864810849771584511e-01,9.598139738992577108e-01,7.984104197306473027e-01,2.587223905782578548e-01,3.365116199305806521e-01,2.881375732608922879e-01,4.839829466674090419e-01,9.480963218050497687e-01,6.134565558187556888e-01,2.637472506752617796e-01,4.372015949650909228e-01,6.129740584404816950e-01,2.494938038291933113e-01,5.421612632331913595e-01,8.600576044839565171e-01,3.887405051604764794e-01,9.010500874099541813e-01,9.140803129481247513e-01,8.283938659268507143e-01,5.484905957167095503e-01,6.438667034161758007e-01,6.605926153275526458e-01,5.777660899723613408e-01,6.128076676379961008e-01,7.778321306086257714e-01,2.875470166748679834e-01,6.157125439138482204e-01,2.637876082757246166e-01,6.862029740688060375e-01,3.858259429107192551e-01,7.047117755637920533e-01,6.959973047449208305e-01,8.435714839740704463e-03,3.940271119469162531e-01,2.254969069742794319e-01,9.220107753894463132e-02,7.392902990056954282e-01,5.858343969440397148e-01,6.787642822649520014e-01,4.930503516851790780e-01,1.365741364452496553e-01,8.045772719102894932e-01,4.891862446794272290e-01,2.803478891182094035e-01,5.911512560284021278e-01,9.756932443104353592e-01,6.853809757472895114e-01,6.743825874024285127e-01,4.156076965213458818e-01,6.540482250071724124e-01,4.880820373065752893e-01,7.297804977632778023e-01,4.842501497572594960e-01,3.815831595915583074e-01,4.639164677065406306e-02,4.697800491182442251e-01,7.846170189815833140e-01,8.410679694200710044e-01,4.027816272930894170e-01,6.681625965796754718e-01
9.505370470214296041e-01,6.894985416432189984e-01,6.351874760002749198e-01,6.107492532906775295e-01,8.081105223308903129e-01,0.000000000000000000e+00,6.850069228153093936e-01,4.853913740945595690e-01,6.100044132169456512e-01,9.338072063404938561e-01,7.651738852831719839e-01,9.503178529919110717e-01,4.671657341620908399e-01,7.911956207092312177e-01,4.434979256020832317e-01,4.670779511052566280e-01,3.509079965026824510e-01,7.637952272762978945e-01,7.998000291252811422e-01,7.378673155636361614e-01,5.489680881552777558e-01,4.451045026090661438e-01,6.746561109375285303e-01,9.217923558868459377e-01,4.103606473839716551e-01,9.118901624305695286e-01,6.799326062403662219e-01,6.492317377639437170e-01,4.044274503055525494e-01,3.963352052263420244e-01,1.453305364701250324e-01,4.389352535977164571e-01,-1.239011253815223701e-01,7.643456947223212783e-01,7.694308206753218693e-01,3.663612240975914203e-01,4.463281866715452240e-01,6.492438375905751347e-01,7.711414283688982074e-01,5.623175421193323809e-01,9.818874778176941431e-01,7.950635650154662670e-01,5.056053570089251714e-01,9.076327969487948399e-01,6.795654507941431000e-01,6.747371489885463092e-01,4.279380590544876739e-01,-1.896999998138806931e-01,5.553515807957997152e-01,3.398142521370740576e-01,8.968601112496829009e-01,6.234156533159496139e-01,6.220344081851538753e-01,6.718085375715484586e-01,6.808531946217009079e-01,9.412389748766466502e-01,4.660581351553091389e-01,5.476220532979195754e-01,3.436200507037002749e-01,5.176655320210642452e-01,4.446330172559754823e-01,5.567451205711684281e-01,9.604681227784196418e-01,4.328913310181582430e-01,6.582249496764802643e-01,5.082716740534569677e-01,5.064412291344108086e-01,8.902741104938550754e-01,4.495801908084620102e-01,6.709980165853375311e-01,6.967277812521729397e-01,5.239883561968613490e-01,5.613616781458463656e-01,2.437757478766000574e-02,7.557974303760990331e-01,7.795667604148313057e-01,4.750207538620034864e-01,6.977782518490961428e-01,4.991757472888450620e-01,4.665242671159567922e-01,3.693300051024122066e-01,8.865070294302699327e-01,4.444283872667122437e-01,2.302399161188883325e-01,8.159160505914508921e-01
5.836648921341753837e-01,5.101296952390458328e-01,7.719928024082798323e-01,2.133961071181704472e-01,7.217666095025434547e-01,6.850069228153093936e-01,0.000000000000000000e+00,4.312327919832296685e-01,7.602449039665145625e-01,4.305708169012743558e-01,4.817752481887431770e-01,6.797207733660983742e-01,5.249314619366038936e-01,6.324363962487118407e-01,4.787380764715234993e-01,3.833068293187332776e-01,5.011531520751243418e-01,5.081465710743791053e-01,4.350048232383438851e-01,9.274560667398402680e-01,6.602097315910149256e-01,3.128258590842850628e-01,5.099039464192027804e-01,7.773047326488440323e-01,5.816268434970138790e-01,6.849734358607765250e-01,3.815298804692209833e-01,7.644514691446178123e-01,4.812204087637600991e-01,3.301770508133925475e-01,5.922893946777882945e-01,4.270433985921662234e-01,4.955310367101795066e-01,5.600579733269799299e-01,4.436118446869308229e-01,2.122037375246784152e-01,8.913547260223044777e-01,5.447395853899557050e-01,9.131105628508336958e-01,6.825148236352457376e-01,1.562385717198642304e-02,6.439669977245764398e-01,6.758769250441629683e-01,4.315584035541876196e-01,8.573836232620120068e-01,4.676212018288412597e-01,4.927535506095150897e-01,4.694329602231131493e-01,4.496258161391495922e-01,5.882077764420963195e-01,2.013591112153270343e-02,7.543846092701081973e-01,4.340385379040836988e-01,7.828056289950433566e-01,6.463763980955909982e-01,6.563760928513422410e-01,5.226153759832398160e-01,7.606459928151124705e-01,4.410404157494114408e-01,1.022233352561030123e-01,5.595779970104179935e-01,7.744117802850104537e-01,3.265334234733106022e-01,8.231202608070097293e-01,7.041103242687462016e-01,3.512080315977879619e-01,3.255699286584112784e-01,4.435521735168914126e-01,1.330083142763360815e-02,2.189412763925370764e-01,4.550562314759019622e-01,7.039365238039209105e-01,7.341738401924832180e-01,4.272042299473835514e-02,2.368298973823375064e-01,5.147819002889559847e-01,2.515619964711348078e-01,5.128787920609115814e-01,4.805847071596664466e-01,2.870787823187542775e-01,-2.796308020587034981e-01,8.535208702150091087e-01,5.592009762103720139e-01,5.357156307226084158e-01,4.022543910685614232e-01
8.644793139418592842e-01,4.962667377554541570e-02,8.638590928977046834e-01,3.821919746735563672e-01,2.201922495705258553e-01,4.853913740945595690e-01,4.312327919832296685e-01,0.000000000000000000e+00,3.290922037061655980e-01,1.803263057650835721e-01,3.059103417545078196e-01,4.515404485512605759e-01,6.157122422758714020e-01,5.737915145260330529e-01,4.084680580864132327e-01,3.826263945470813610e-01,5.763525444770441208e-02,4.497956875064433313e-01,1.858624735030820485e-01,9.072667872412233381e-01,7.939444455833302161e-01,7.259538242501208938e-01,6.255829320104979718e-01,6.469417546976969913e-01,3.323183647449358125e-01,6.943820271838740954e-01,5.649416641001507866e-01,4.740667576684747669e-02,3.001869448218695835e-01,6.942518512894316762e-01,4.711195702812793207e-01,5.492573716158045682e-01,3.723691615514553854e-01,3.305444182703167755e-01,4.819393952407639015e-01,4.728113626513943402e-01,3.669887070860967659e-01,8.005374866804634282e-01,8.701575426194800844e-01,4.629321666924675061e-01,1.997029336361827723e-01,7.773599706625383687e-01,5.257300702663085801e-01,8.870776202127444998e-02,9.391840711421222121e-01,6.737510847200847142e-01,3.818470072712829566e-01,7.653113981492065676e-01,9.302018815322401490e-01,2.046266584467379412e-01,-1.759371881735081466e-01,7.473924392662233407e-01,6.837283984036456319e-01,2.799163465129714257e-01,5.142103622651624795e-01,4.175301152717184050e-01,8.796644011912230221e-01,5.223248915127595149e-01,8.924107168912506216e-01,2.988883774729980680e-01,5.491603744751064609e-01,9.233904517867373984e-01,8.700513369928722374e-02,9.647999183779455423e-01,5.298109348639937766e-01,2.945988263098540116e-01,7.947401523644546106e-01,9.134219391955369360e-01,3.091960712838570657e-02,-1.948821417819352753e-01,6.185872058734012691e-02,4.367833693807018913e-01,6.984650997472956480e-01,4.474928677459377724e-01,2.178014115141206353e-01,2.214080420459232923e-01,5.528068457093917587e-01,6.140069959027374402e-01,1.058498466648508524e-01,-2.441863192917240188e-02,5.009567218979132930e-01,6.115013955359591691e-01,5.235012083909424963e-01,7.560280897002394918e-01,6.267941807430291723e-01
2.658841423780273772e-01,2.379900097284255445e-01,5.923157259766527183e-01,4.711016628207449486e-01,5.082973266411057178e-01,6.100044132169456512e-01,7.602449039665145625e-01,3.290922037061655980e-01,0.000000000000000000e+00,6.363066135116365318e-01,6.264765198244524047e-01,3.858373844226091753e-01,7.648676295345732123e-01,8.596254719413053413e-01,9.150796668575085224e-01,2.816371355268529886e-01,5.219825413614701537e-01,4.089916282506133038e-01,5.694276294479094780e-01,8.909521698742529638e-01,9.416294841254437831e-01,2.497318495187882403e-01,5.686098522049338744e-01,4.524755827376705786e-01,7.945846542830969916e-01,3.912431180149860133e-01,7.047831593067727107e-01,6.226066616560143041e-01,2.088746388409352950e-01,1.650569034306795801e-01,1.167336177959071436e-01,2.409326231165678789e-01,6.383341686387755676e-01,4.488739865702235377e-01,5.619105398713938326e-01,6.255768562180007430e-01,2.433933970404852098e-01,6.475462040603339187e-01,6.727226280537481617e-01,8.172320707255433803e-01,7.766039346996261861e-01,6.601041423212880010e-01,6.585000434861498775e-01,4.458176900442765711e-01,7.267424106581780174e-01,4.207870296097397933e-01,6.387152007037761869e-01,2.412234290394904002e-01,6.200204540491678351e-01,5.320157334080659606e-01,4.971400435075148394e-01,4.946895091819601964e-01,7.239682073357132097e-01,6.616026637143671563e-01,2.615543775014242400e-01,8.590427153193599397e-01,5.079559843312375644e-01,4.260445215154031184e-01,5.998726571401601371e-01,7.791561356557379359e-01,2.809300033735854241e-01,7.284407282894601598e-01,4.133451402212419135e-01,8.516228062635552432e-01,7.526788591146902352e-01,2.638483633419674845e-01,4.554450369356480843e-01,9.449120121763775471e-01,7.202340956003083772e-01,7.923794043718127011e-02,4.382878658662565097e-01,9.585723601762692336e-01,5.397641994584572167e-01,1.955509357861518194e-01,4.647776110148253426e-01,7.206130017422545109e-01,5.916254769214126519e-01,4.999033356997021893e-01,2.327178549413358444e-01,2.348265392104172400e-01,4.933575808222288028e-01,4.630187002335214297e-01,9.389499384342282484e-01,3.497886675386586708e-01,7.058857485075002991e-01
9.370516884992504680e-01,1.965523849112318575e-02,8.549641529059840428e-01,7.058990822251571817e-01,7.814877756643481277e-01,9.338072063404938561e-01,4.305708169012743558e-01,1.803263057650835721e-01,6.363066135116365318e-01,0.000000000000000000e+00,6.456364210590243013e-01,4.815623220693276418e-01,6.231047004834202596e-01,7.366430193373750823e-01,-8.820513306920646501e-02,3.791065661862564329e-01,6.188105663869313267e-01,7.427983840060174980e-01,4.269642672109473791e-01,8.396304342927951581e-01,5.088263622411693943e-01,2.642134177898028957e-01,3.024397592288293746e-01,2.250904324253530930e-01,5.849825078909125509e-01,4.046943979700433625e-01,6.528170499486296574e-01,4.620970706710135212e-01,4.620697605701484800e-01,4.000225035050504752e-01,7.414051152725547045e-01,1.001697039217757101e-01,7.563862082096463046e-01,6.597919135976577643e-01,5.281953625641125916e-01,2.279066579142831339e-01,5.259261483117151359e-01,5.241678930531166181e-01,6.051645750667361545e-01,9.002031794846964141e-01,6.049389151116854046e-01,9.967571671312084325e-01,7.922427372490865594e-01,6.360433020259765868e-01,8.059441729544466471e-01,4.548303557785222107e-01,7.152121898794616683e-01,6.021153593160344375e-01,4.018556449552838084e-01,3.181410549415627509e-01,4.197278478958627046e-01,6.984241930220763672e-01,8.136155321243968563e-01,2.425573606060255905e-01,4.184035665776935087e-01,2.639688616241245844e-01,8.161098778180624347e-01,9.448803469739885941e-01,7.922220744283132721e-01,5.081986869104223592e-01,2.256341050107190660e-01,7.859863777056408374e-01,3.224767788106021604e-01,8.492114929141960644e-01,9.557971496217854135e-01,3.114046953966509435e-01,7.800727955085146048e-01,6.851814408155535441e-01,5.004017687783822721e-01,4.826670943747101705e-01,6.442306791070188110e-01,5.789064362891225279e-01,2.321519787003792357e-01,5.667411918148655969e-01,5.988093879915661333e-01,9.155180709815098350e-01,7.520105638776505286e-01,7.193847371886129549e-01,2.437868107511852733e-01,-5.382575679105075506e-02,3.855610340079780318e-01,9.170920842760617031e-01,5.003458081365622645e-01,2.433298038105976835e-01,6.544677012940968153e-01
7.416811836928716151e-01,-3.979329695029176772e-02,9.628199876377707689e-01,2.527018213182512518e-01,7.713664173874712482e-01,7.651738852831719839e-01,4.817752481887431770e-01,3.059103417545078196e-01,6.264765198244524047e-01,6.456364210590243013e-01,0.000000000000000000e+00,4.115551027239496285e-01,7.440858046450251617e-01,5.195718935873816502e-01,6.479183746508712094e-01,7.213089128477073730e-01,7.468210581052789898e-01,4.969534187873207998e-01,5.342939707696936491e-02,5.029292675166128213e-01,6.736847285866588431e-01,4.047425459132401038e-01,9.161808500075766526e-01,9.321597550856033365e-01,2.493224330199072525e-01,2.927295139220252307e-01,6.241563594790396907e-01,9.164368328034061539e-01,5.978675316452708444e-01,1.726353973743815495e-01,3.957882975411469717e-01,3.380531788723560860e-01,4.733550219998601816e-01,6.179223487419822636e-01,5.038602686798863139e-01,4.778763206993037471e-01,3.706236285299096544e-01,3.213711974368093083e-01,8.044972619433056193e-01,5.459356034141291669e-01,4.814286345013471524e-01,6.585221343266659533e-01,6.868758264129032343e-01,6.619062071474433040e-01,7.199927270272677982e-01,4.490703584696663642e-01,8.284743099168844216e-01,9.431407588547862098e-01,8.765329335201361705e-01,3.744008304879543614e-01,6.846599230955472404e-01,5.063779037137589034e-01,7.112667556957593673e-01,6.862879573312383741e-01,7.506690623216385472e-01,9.017423424095253326e-01,6.406643558897421320e-01,5.237578983717108283e-01,7.682664908255036895e-01,6.590385478899181138e-01,4.961975807294583540e-01,7.231397217472128602e-01,4.471918678839806316e-01,3.103868760804258664e-01,2.717104288584856198e-01,7.862498165841356190e-01,5.766161787642964942e-01,7.192866335194618710e-01,5.896067747756617017e-01,6.371568333071124801e-01,8.905335228982890206e-01,3.413593293582147803e-01,2.315199064983439192e-01,2.717853018895021733e-01,2.368613419292937838e-01,9.546188388579612827e-01,7.084725189133163348e-02,2.176136544604684864e-01,6.623607526495957076e-01,1.688379693954023264e-01,6.049709457620824349e-01,5.162688260820943453e-01,1.781371166112757642e-01,6.546086048564834226e-01,6.433214675923659698e-01
8.398531411786919199e-01,2.808854410170213423e-01,8.364112879814364909e-01,4.661782390552341448e-01,7.381677405768660716e-01,9.503178529919110717e-01,6.797207733660983742e-01,4.515404485512605759e-01,3.858373844226091753e-01,4.815623220693276418e-01,4.115551027239496285e-01,0.000000000000000000e+00,6.129479932980101964e-01,8.327334151127606665e-01,2.752683783020450914e-01,3.841232625080522878e-01,3.468018389506898336e-01,7.604311397283634033e-01,8.119369161787169942e-01,8.338658797314136839e-01,7.269576649700315585e-01,6.374589219133643958e-01,5.698886243107549321e-01,8.236967317857809556e-01,5.233447693134540835e-01,7.952814728414686618e-01,7.318808687997986340e-01,6.254968128443696429e-01,1.426960014705284108e-01,6.814147928752189998e-01,-2.355558206746258820e-01,4.623826086616082409e-01,6.971954105850416417e-01,7.413363438870053113e-01,5.748849375858412492e-01,2.882715270150252862e-01,2.857669968577634112e-01,4.228592399680701219e-01,8.105056690129391894e-01,7.498050025986229272e-01,2.973106341716149070e-01,4.686623719176772895e-01,9.886311121483306597e-01,7.957151448680868100e-01,8.738021340315009766e-01,4.873456722665738261e-01,5.153483128912521583e-01,7.626227395140060539e-01,7.784255017995584947e-01,6.195091086002711966e-01,7.173322327776094909e-01,2.452610265610836171e-01,6.658706204465116851e-01,7.771037643531688577e-01,8.793925010066161452e-01,6.627889526000649845e-01,5.717249819533369859e-01,8.252275681341907365e-01,8.139113107258513224e-01,7.498129352541806902e-01,5.263596642081393995e-01,3.242736250155133643e-02,7.238401489211614415e-01,9.086904240365443197e-01,6.248868253195283273e-01,5.179543468433537301e-01,3.934801055401718761e-01,8.908615965915342993e-01,1.225756594292287532e-01,7.888919950438979534e-01,7.552081026908179506e-01,4.861384288620362870e-01,4.806879512372252417e-01,5.641001398068410388e-01,7.492677107385887769e-01,4.658785081298566499e-01,2.591379988640857834e-01,3.336014060637593204e-01,-1.261814549978035327e-02,1.493173000847247134e-01,1.576990489047112032e-01,7.579638797806358408e-01,6.441932138980197564e-01,5.405062460558307524e-01,6.453769502808650582e-01
6.854454850011193479e-01,7.812321114005476019e-01,5.777958645941504434e-01,6.661476365641882946e-01,3.560516150595357532e-01,4.671657341620908399e-01,5.249314619366038936e-01,6.157122422758714020e-01,7.648676295345732123e-01,6.231047004834202596e-01,7.440858046450251617e-01,6.129479932980101964e-01,0.000000000000000000e+00,5.096586059324881290e-01,5.361387098051865197e-01,8.051523105509630351e-01,9.603710394830672348e-02,8.428661141715190208e-01,6.687430801125794355e-01,9.585867020582807818e-01,7.781462625744045569e-01,6.272329433007696187e-01,6.827480202779216967e-01,7.262862079490861600e-01,2.864077679745513083e-01,4.329430287447817438e-01,7.425403088110991145e-01,9.107930571287108368e-01,2.049848131865109058e-01,5.962514053724928820e-01,1.686715660237734782e-01,4.120329636301533482e-01,5.664643638262002456e-01,4.457443743917913204e-01,4.586304223216982057e-01,4.552973584134721863e-01,1.092489211901122304e-01,6.478995756719259091e-01,9.878828598590860821e-01,7.244473191146906244e-01,2.553559251889750970e-01,7.255654680991050487e-01,9.926134856062854839e-01,4.988297687533054248e-01,6.229550606724703066e-01,6.992566692263909589e-01,7.723007084463029415e-01,3.890615619225281652e-01,5.930375024189595834e-01,9.965389095002006314e-01,8.806805993458918236e-01,8.156658763422203196e-01,6.032405166458986168e-01,5.186688352707311545e-01,7.684901286443380775e-01,6.002009106992708398e-01,8.989775730921643060e-01,6.255935684291492604e-01,4.959271075990309141e-01,4.330503418062759957e-01,2.514655286913569099e-01,8.859076419289401150e-01,8.401007575190866383e-01,5.434659697835297898e-01,9.833216380619295149e-01,5.784408647520709046e-01,7.140892432621204211e-01,8.207145884524740254e-01,2.406119210335524727e-01,5.131440613278450691e-01,2.805705380294944429e-01,5.546120579950297724e-01,6.821512582556584769e-01,4.778555340088089243e-01,2.714343367734416423e-01,8.542273311820479664e-01,4.110726294004338199e-01,8.001248449317257538e-01,4.796264539202813038e-01,2.391733608772273478e-01,7.360769949446661631e-01,8.891322711509438426e-01,4.320561819012301852e-01,5.952600914985706204e-02,6.710217131134856849e-01
4.713735958999574760e-01,7.984606811883798727e-01,7.803233268472327122e-01,6.109197182833054907e-01,7.277941201440090158e-01,7.911956207092312177e-01,6.324363962487118407e-01,5.737915145260330529e-01,8.596254719413053413e-01,7.366430193373750823e-01,5.195718935873816502e-01,8.327334151127606665e-01,5.096586059324881290e-01,0.000000000000000000e+00,8.304820452012914300e-01,9.633360779496229487e-01,3.771308957419335917e-01,5.089196858761204645e-01,7.605104859524414174e-01,9.747450941028432680e-01,6.724977225105717160e-01,3.393794459452159074e-01,9.224880171492001457e-01,8.987828591722584193e-01,5.062633171821331324e-01,4.462348567757231099e-01,5.105410711829584391e-01,8.483465382401846888e-01,6.847342329279711981e-01,2.467897411719924272e-01,1.009615426854076903e-01,5.398782420390045855e-01,9.191190779273572531e-01,8.836047005201720372e-01,4.163321567651022126e-01,3.125752444178898637e-01,2.278877586708138447e-01,4.045307031153761446e-01,3.326722202758858882e-01,4.471261526449537560e-01,6.106844692945246900e-01,5.346499046929987786e-01,7.233306901937543998e-01,5.431744654291403851e-01,7.804401696870303384e-01,5.515794283691107802e-01,4.716303830886948711e-01,7.776883602690305430e-01,9.375371866240486129e-01,7.981990548211833625e-01,8.889010768829456177e-01,8.697913737494009645e-01,4.835302826817663435e-01,8.842961832917356491e-01,3.940357365637071618e-01,3.366623396055979933e-01,7.146766317984987182e-01,9.929515215024902197e-01,4.130154797079723106e-01,3.420916555816049254e-01,5.793003781902980043e-01,7.264538884017944786e-01,7.684897676967659130e-01,7.207887684727187771e-01,9.787907232988029005e-01,4.959265771946125279e-01,5.339251987160221757e-01,7.705740270787868607e-01,7.287908159941668407e-01,7.558336248563113369e-01,4.857784717908504857e-01,9.313069574697161457e-01,4.124182448802704570e-01,2.891053411054915825e-02,3.399044222582227603e-01,8.479703324079840288e-01,5.286435540513537701e-01,6.615322918119918016e-01,3.970214756611442075e-01,5.499454054613992504e-01,6.940761766503060759e-01,4.934474715054066873e-01,6.633184980333390879e-01,7.575485485662680762e-01,8.907181502782405280e-01
4.615680129106293217e-01,5.719552053806955527e-01,7.249303248131222510e-01,6.270186814954465948e-01,7.959725290210462045e-01,4.434979256020832317e-01,4.787380764715234993e-01,4.084680580864132327e-01,9.150796668575085224e-01,-8.820513306920646501e-02,6.479183746508712094e-01,2.752683783020450914e-01,5.361387098051865197e-01,8.304820452012914300e-01,0.000000000000000000e+00,9.009234257873616203e-01,7.908668530502062088e-01,2.469895106549682140e-01,7.365126657723952697e-02,5.742671636003361391e-01,9.924334473384128774e-01,4.216492445847602188e-01,1.591569617572830041e-03,8.128587878502205877e-01,6.190785009022979901e-01,7.441723210929807042e-02,8.964395282461775638e-01,4.555097400937775931e-01,5.127722220745014603e-01,1.973159886460636170e-02,3.526917307874835039e-01,6.378761052737274007e-01,7.962365673530295007e-01,3.194625447718535405e-01,4.013848456800532816e-01,2.981602997749229211e-01,2.741458993398233068e-01,7.991875265688044294e-01,4.588381138590341690e-01,6.549587112994351701e-01,1.759387739256556005e-01,-1.743056435973915630e-01,3.417493892947189860e-01,2.954029942684536225e-01,4.849070138134527475e-01,7.619069670394149618e-01,7.841680099519988678e-01,7.171215244688842194e-01,6.910548757707145606e-01,5.341824097256733239e-01,7.953157131440641292e-01,4.808188336320354805e-01,9.517110160566989441e-01,9.137272032172983893e-01,4.998403961212564139e-01,5.647858041739239887e-01,4.413356788803053377e-01,5.415666746317687741e-01,6.189733405958119938e-01,6.424605426656844476e-02,5.400944352663342718e-01,6.264557374329137174e-01,7.638975195705878241e-01,2.133403238235981603e-01,2.465997425755675487e-01,5.468671828601957552e-01,3.631525687325375396e-01,8.210955216214042007e-01,5.698936827115107517e-01,5.341346810386455868e-01,9.981453789730302395e-01,5.244213232700911664e-01,5.029012222299493740e-01,4.876241529012337317e-01,3.489046898466030555e-01,8.758196368013045907e-01,4.986369415939662098e-01,2.402425982608766830e-01,2.078635488824880917e-01,4.798011007580023635e-01,7.431053317385890589e-01,8.385619611383497984e-01,6.717585826479750555e-01,4.103664049077826448e-01,4.945910946029574706e-01
7.064439604957947205e-01,9.392447081545658438e-01,8.536774197656096241e-01,4.330703991498281447e-01,8.417672304423505780e-01,4.670779511052566280e-01,3.833068293187332776e-01,3.826263945470813610e-01,2.816371355268529886e-01,3.791065661862564329e-01,7.213089128477073730e-01,3.841232625080522878e-01,8.051523105509630351e-01,9.633360779496229487e-01,9.009234257873616203e-01,0.000000000000000000e+00,4.860210302720772702e-01,4.066687124982482082e-01,9.059321148867447437e-01,4.747042214132296545e-01,4.249353191783846739e-01,7.894262953739229483e-01,6.825918469732007443e-01,5.433633284718810685e-01,5.452274155539085232e-01,7.741840556080408220e-01,8.954635791448498638e-01,8.441777997190071936e-01,4.211810045720557061e-01,5.924047560809844182e-01,2.979700182283479548e-01,4.716040750979109686e-01,6.180404522441739212e-01,8.504828965743965741e-01,4.648242152820766249e-01,4.691201569667921012e-01,3.195422349679804541e-01,1.757948281866361928e-01,9.900307368412695208e-01,8.612905733380780138e-01,4.371761284825443905e-01,7.970189758098602528e-01,8.375352940099662913e-01,8.910767634572823725e-01,8.220598029326786627e-01,4.430721153078293617e-01,7.378229984324692348e-01,4.253940405083790344e-01,7.196116785130737270e-01,2.975663255956762510e-01,5.376668556773626095e-01,2.721266237001194743e-01,7.385042146381328720e-01,5.890779342093632742e-01,6.443520620258462728e-01,3.383416903792416663e-01,7.259928210344633870e-01,5.483384989325991166e-01,7.917760756708092096e-01,1.830779573450013742e-01,1.966284225672401340e-02,5.615846010328139348e-01,5.775733259643752726e-01,7.327405688292214503e-01,8.064382858112659758e-01,5.515720264227272907e-01,5.945456336769436856e-01,6.215686226328073216e-01,4.202383926964171068e-01,9.500810209293675257e-01,2.195458170649540186e-01,8.082822268906532104e-01,7.750982730864779402e-01,7.712341365454840059e-01,5.052511436696897063e-01,7.264648670379378892e-01,3.409892296579560833e-01,6.168269878147047969e-01,2.472302991776846315e-01,5.626838203771857838e-01,4.843615698856743590e-01,6.741515129129026507e-01,6.870414299360744215e-01,2.391955107498155153e-01,7.027479956618492007e-01
9.790817216365110820e-01,6.314365444787539694e-01,7.110540859341667463e-01,8.478339582351461790e-01,7.174725995776030096e-01,3.509079965026824510e-01,5.011531520751243418e-01,5.763525444770441208e-02,5.219825413614701537e-01,6.188105663869313267e-01,7.468210581052789898e-01,3.468018389506898336e-01,9.603710394830672348e-02,3.771308957419335917e-01,7.908668530502062088e-01,4.860210302720772702e-01,0.000000000000000000e+00,5.394250396893879307e-01,8.466778146778348724e-01,5.964002644243335816e-01,9.199783587651035877e-01,8.396964123512086209e-01,7.689018927454026597e-01,5.372265330092163005e-01,4.548959307162683818e-01,4.131028374367978762e-01,9.204881368168991163e-01,9.722147564503800243e-01,6.601099266597972859e-01,2.892746506131514961e-01,2.005399383754517817e-01,4.081709932725819390e-01,-1.560676072638772505e-01,8.074170481148900125e-01,7.864559135539668233e-01,5.496596597615793778e-01,5.754811829220286556e-01,4.479136069730615954e-01,5.969683089582599189e-01,8.147271597653479303e-01,4.497527864911259887e-01,8.491354968531181768e-01,4.551836650961079145e-01,6.034578958939393889e-01,9.402309084508490011e-01,7.325744610710945848e-01,4.653831384866962129e-01,7.697953769924238410e-01,9.633291256780375234e-01,5.944488959014631035e-01,7.948927286666207515e-01,6.070905645205985079e-01,8.897843197268446858e-01,8.749359764961288644e-01,6.618495570609472800e-01,7.954305464001297787e-01,5.056025197687389339e-01,2.741214808873926878e-01,6.165937600773540028e-01,4.101768566640185965e-01,2.561005885063542542e-01,4.443650341512875301e-01,4.184577100769225066e-01,8.776916865689975422e-01,9.616972530992777823e-01,4.950699998816333047e-01,9.346632728708587079e-01,5.453833480084671059e-01,4.111271613134076519e-01,4.844234079544353921e-01,7.232795342709518183e-01,7.784037157869891921e-01,1.075173330848753772e-01,2.657757317425675780e-01,8.626126827444662304e-01,4.469445434528102612e-01,5.169208742161013337e-01,6.340119813528425352e-01,2.063058499147017444e-01,4.418970121499576353e-01,6.419480127893548715e-01,9.705727228769930326e-01,6.187880459083405782e-01,2.010835492310046879e-01,5.569213024207925189e-01
3.460842430547078075e-01,2.917540459020010468e-01,4.762233317592841075e-01,4.383390048925089877e-01,8.409668159171997948e-01,7.637952272762978945e-01,5.081465710743791053e-01,4.497956875064433313e-01,4.089916282506133038e-01,7.427983840060174980e-01,4.969534187873207998e-01,7.604311397283634033e-01,8.428661141715190208e-01,5.089196858761204645e-01,2.469895106549682140e-01,4.066687124982482082e-01,5.394250396893879307e-01,0.000000000000000000e+00,7.874082841427635371e-01,5.219474225914243481e-01,6.622032679705591729e-01,9.557075495790157138e-01,6.972919537525255063e-01,7.059635817387155399e-01,5.447054417372592106e-01,7.844715101469866836e-01,5.914623091265507338e-01,8.033512992920998075e-01,2.800527189346215806e-01,4.490534514306355196e-01,2.664647626807561398e-01,7.566080857877474086e-01,8.898351933232113709e-01,8.594633848760280248e-01,1.272155298115321687e-01,5.516493257736682088e-01,2.490013057508783656e-01,4.976090752937561978e-01,6.604310621818589855e-01,7.092031712137719657e-01,6.067872558103843961e-01,8.619464956698610347e-01,9.677364737760674185e-01,6.567612161464776444e-01,9.732750264558007736e-01,8.011780204833794938e-01,4.299733849936223096e-01,6.440509866194416011e-01,4.110492031307538263e-01,1.585195876138499327e-01,6.653258713597832719e-01,5.864319074155164291e-01,2.144257223917820920e-01,4.058158047846362471e-01,9.626970788608396612e-01,8.674773386641178030e-01,4.081385317966834125e-01,7.980167280669736574e-01,4.494619075700524991e-01,2.295939497304367305e-01,4.515695013667983537e-01,2.052956166643958302e-01,7.112989528127415806e-01,6.452039891842032970e-01,6.068999965110470907e-01,3.517391046543641986e-01,6.122188203144028895e-01,8.337423711159910322e-01,5.195837099950022520e-01,4.754278502782209870e-01,6.204955181165199285e-01,9.980900732446467138e-01,3.387999843456506177e-01,2.716785260036247429e-01,4.120440815820192726e-01,7.331173783874141980e-01,9.690071447759815992e-01,2.548822230326452942e-01,5.778252360413558275e-01,6.294689788946142284e-02,3.864230643670321097e-01,8.106024295133196222e-01,5.048965428693258373e-01,5.938061723489883592e-01,4.828914233155156555e-01
