0.000000000000000000e+00,5.128218585449674238e-01,7.363703214466038593e-01,3.496323711859723460e-01,6.940502494095077690e-01,2.899101496241229814e-01,9.916840721692750105e-01,7.882140218576491053e-01,7.485280557502348442e-01,6.175730599318535186e-01,5.667502612230748138e-01,8.371157396548379870e-01,6.860706047326395884e-01,2.680494293865801070e-01,7.461361434597345577e-01,7.040969825072768140e-01,5.058353889587842156e-01,5.537269975869681948e-01,8.656531312623140240e-01,5.059366668338465267e-01,6.976528489552611401e-01,5.845193690550296584e-01,3.220881465403098720e-01,7.779553839823677430e-01,4.635234464112770181e-01,8.054691453593662009e-01,8.949033827726815549e-01,4.885634539044240165e-01,5.530094831643397324e-01,7.914383205068746818e-01,5.502729602800996433e-01,9.843247992368038268e-01,4.695535096520018215e-01,7.416047632266380418e-01,7.101808981305612889e-01,7.164213027306843840e-01,2.852965715641322397e-01,-2.345464486794509307e-01,8.749897863373585771e-01,7.051658580925439512e-01,6.564227822063690987e-02,7.166901728391490423e-01,8.651521705760990555e-01,8.080634988186327083e-01,4.245634031533370711e-01,9.631937933785690298e-01,6.477604957533660279e-01,8.669180280652742931e-01,8.068924805736052974e-01,6.069509288705960959e-01,7.803359654308521520e-01,8.434785607433579191e-01,8.513506257415400791e-01,9.996616528966094650e-01,8.649611853240597448e-01,9.884048565150618249e-01,6.536975015429675739e-01,7.058466138516408250e-01,5.544318886084146358e-01,2.544681044284993199e-01,5.111856587338539093e-01,6.315592336619793024e-01,6.492066093518011893e-01,6.496956426752246161e-01,7.684082326570407240e-01,7.908548382027051904e-01,8.353526045336174821e-01,4.806314414027876847e-01,8.380092127979951178e-01,5.589784132685984286e-01,6.119974077589888095e-01,6.807067129666990457e-01,5.740397730884104766e-01,3.446138824514622390e-01,4.225123340506287128e-01,8.024412642317706457e-01,4.303356625166806504e-01,6.980480251735624586e-01,1.131085312445645336e-01,4.677014162551338949e-01,9.467377832388166325e-01,6.865753242103357357e-01,6.313862527964442251e-01,4.746392636717958191e-01,6.494722289737486776e-01
5.128218585449674238e-01,0.000000000000000000e+00,6.838477931267119558e-01,8.894943238930033136e-01,7.954445463328199128e-01,7.797772233294066879e-01,2.244717871303397172e-01,4.485307644470424848e-01,2.241183059784409015e-01,7.489175180630951445e-01,5.872991856163209956e-01,5.221604406387378994e-01,2.693084028998942170e-01,5.180000991862714343e-01,5.413591762900309412e-01,8.308798255156123469e-01,9.083487392177886921e-01,8.667941252709924216e-01,6.260641413007770328e-01,7.976739208750329713e-01,8.154461630200222633e-01,4.167104895057288649e-01,6.134056852710249030e-01,5.987665366893575314e-01,6.144451110575550601e-01,7.931301800158296889e-01,8.553703740789468934e-01,7.882878376329545134e-01,2.814842675978841968e-01,7.111167590927890414e-01,1.275453926605544241e-01,1.123359340459325895e-01,3.936723732387217289e-01,5.546939103318146991e-01,7.287655240734245421e-01,7.024175072625856719e-01,5.071787763549115979e-01,4.067515570516233026e-01,8.333443205930125552e-01,7.632533292996159791e-01,2.797627369089013272e-02,5.467614363499047059e-01,8.025404024373321565e-01,9.372672407526284610e-01,8.123522569264441939e-01,7.704695185963367221e-01,1.934857821096327701e-01,8.113081350063350294e-01,7.710284507759890271e-01,6.779631617592581927e-01,-1.456156141834999140e-01,8.489938411070583335e-01,3.816211814889821641e-01,3.589760283043735289e-01,4.398283521345751623e-01,7.323855054796217789e-01,5.653031879714455199e-01,5.425470578290526591e-01,6.606706736045537820e-01,2.110356694149218559e-01,3.647981100732967663e-01,8.559131926042430338e-01,4.036583159263512632e-01,9.137932171954338267e-01,8.964358761177974033e-01,5.837836476666257157e-01,6.792510368262062448e-01,6.150116517860840792e-01,5.774138930885739374e-01,7.618289823740596045e-01,6.936567579554028251e-01,7.479863772158712454e-01,3.719978882662565711e-01,3.091110832673061859e-01,6.495079338317519824e-01,5.726354009830421088e-01,6.480914287657898454e-01,5.068313819753200722e-01,5.609941621684590984e-01,9.330053055918696367e-03,4.792835846283974299e-01,8.885506789639788794e-01,9.069048623966842471e-02,2.931206527663752365e-02,2.000528647081828426e-01
7.363703214466038593e-01,6.838477931267119558e-01,0.000000000000000000e+00,4.886564998692581874e-01,4.150400303020750359e-01,9.031774719853818967e-01,4.148043130130341649e-01,8.966576276140242330e-01,8.492856219789659544e-01,4.811890139244566766e-01,4.701365133445620792e-01,9.330917290653065743e-01,5.352534543126385991e-01,7.262900002719078207e-01,7.215995083457046322e-01,2.573275872130323383e-01,7.196643759285974440e-01,9.780034571644442565e-01,9.860096756675256202e-01,8.928917443891591921e-01,7.529690496328161897e-01,9.150636930930446944e-01,4.142417747305857656e-01,6.754892945314060482e-01,8.400541035433247705e-01,7.047370817272736732e-01,6.785983510638731175e-01,7.041897701398286413e-01,2.739449668677706451e-01,4.197372315651857755e-01,1.291830397398629759e-01,7.435100972918704532e-01,4.812193629725287636e-01,6.611098941503182891e-01,4.158351589506208978e-01,3.148714819118828556e-01,1.605491598639915696e-01,6.995291575016259200e-01,5.254761583391240887e-01,9.481545148196822703e-01,5.331660781618204892e-01,6.384340057219741738e-01,7.466354116452158518e-01,6.865099573045007064e-01,5.681362307447171967e-01,7.046951716865913484e-01,3.425062731365565716e-01,8.646080890324878698e-01,2.824078181729379189e-01,6.647210545362193246e-01,5.933376700759169786e-01,3.873689214753713861e-01,6.188214305893536826e-01,8.314071129699953655e-01,7.717807031754386760e-01,6.919810848628599187e-01,9.907064482160591323e-01,4.330858388556345639e-01,2.533860835952010948e-01,5.557150616754573669e-01,2.355072886157602574e-01,7.030079775999665825e-01,5.567424078036132817e-01,5.530335892079930593e-01,8.025034370870774980e-01,9.539056776780140412e-01,9.579977322168556908e-01,3.779269865125703953e-01,9.762458143006566003e-01,3.771512324608994327e-01,6.098523589104167808e-01,9.100825347346553906e-01,7.512946165498229911e-01,4.420639154808836957e-01,7.336484448698767924e-01,8.861258171724671895e-01,9.790177848152867845e-01,7.083124927487225442e-01,4.343951768069737041e-01,1.750675185280257951e-01,7.602353946745050717e-01,7.104252324899733573e-01,6.711338441508412078e-01,9.724936221248519086e-01,7.730898594706455684e-01
3.496323711859723460e-01,8.894943238930033136e-01,4.886564998692581874e-01,0.000000000000000000e+00,8.330330441244164774e-01,3.678100062533016246e-01,5.857969427821893005e-01,4.443396742846055236e-01,4.503546635272232534e-01,7.818493997520115091e-01,4.996030653062521476e-01,4.197662656197781450e-01,9.390830414387114633e-01,7.906582469528241619e-01,9.730440524160194338e-01,7.978739998058269611e-01,4.196493031967394316e-01,1.453208291517326944e-01,9.295853077064825110e-01,7.117370206954503065e-01,4.645720925208604024e-01,8.816146955748287439e-01,3.311831981051737706e-01,4.628747289047357993e-01,4.616170404805342575e-01,8.388424071176858732e-01,6.855614654938008146e-01,3.693677844482219363e-01,7.074072942029340227e-01,3.035718419874284812e-01,5.401839084835247107e-01,9.250723726526607349e-01,5.434115454616985641e-01,2.607471490712180984e-01,7.130654282423105617e-01,-3.481806989472197578e-01,6.869482598381583260e-01,5.029480111832300704e-01,2.856309897717802526e-01,7.597562407315243682e-01,5.639722423024426945e-01,8.031078447551420751e-01,3.893532644181944002e-01,1.502442848652953411e-01,6.845330133719568222e-01,1.429957599239666255e-01,5.398804877274010483e-01,6.291450349625020699e-01,6.301112957964114525e-01,8.031733684279499519e-01,5.077903550974132152e-01,6.758289206795224935e-01,9.782920181333208953e-01,2.383499095296209014e-01,5.668653617697507752e-01,4.744403872238845410e-01,2.377676544461588271e-01,9.306084091508968203e-01,4.215690780892856759e-01,2.679119632949463758e-01,4.722323518553009913e-01,4.440021196446177765e-01,6.786285510291102385e-01,6.382167263745457397e-01,8.524771277534858305e-01,6.020872599557358651e-01,5.180284900950615778e-01,8.391634477740840259e-01,7.003941466449872255e-01,8.930903160662340134e-01,6.296132303352276471e-01,9.369361148082455681e-01,2.423707700452035207e-01,3.825895421289898790e-01,4.678448424008037065e-01,6.300850830427967564e-01,7.950848410223181340e-01,3.322412859709521493e-01,3.215635119331405334e-01,5.735007929655429049e-01,6.396582902313523444e-01,6.670589349323582384e-01,7.380718087815643091e-01,2.295734229871356225e-01,5.968352762263615663e-01
6.940502494095077690e-01,7.954445463328199128e-01,4.150400303020750359e-01,8.330330441244164774e-01,0.000000000000000000e+00,5.599931648501691450e-01,5.545679325973549290e-01,3.930444120170256128e-01,4.178887816084443929e-01,8.822162457489381993e-01,9.494530696951490878e-01,6.097895370921772029e-01,4.619139595356273054e-01,5.837875765643232295e-01,3.293790064264753292e-01,6.366285731177303564e-01,9.210660885677324217e-01,6.249171665670875120e-01,4.830940073731057049e-01,4.530351636194603904e-01,8.315457191434794115e-01,3.984284242813144750e-01,7.795979130930852374e-01,6.599284987700103633e-01,7.075131074069173076e-01,6.938825687945565646e-01,9.672109586137741521e-01,8.094329453056235968e-01,5.123342019504630862e-01,6.479633762347519754e-01,9.711928722170244666e-02,3.280660452203593147e-01,4.197351417105840143e-01,7.018629829276950005e-01,4.515421664901884125e-01,2.293443916804405736e-01,2.123094733690595592e-01,2.293493968569660368e-01,5.441196922320249429e-01,6.868129788831823790e-01,4.211091050366166932e-01,8.349457578038492755e-01,6.242060722620595969e-01,9.805572155765011066e-01,8.950577643160175789e-01,6.962845136543802660e-01,9.442630286191251443e-01,4.739745306246598844e-01,6.623430722763472556e-01,5.398762146477222856e-01,3.137001128336713296e-01,7.080060856853049867e-01,6.844793135675524276e-01,6.896547950812451644e-01,7.355193424255446200e-01,5.096811391952357218e-01,3.469565555480432772e-01,7.700961015367377982e-01,5.230532486265028203e-01,6.517913723398425230e-01,3.117775058504749230e-01,4.789313554548452756e-01,4.363632390640564962e-01,7.767685793872932676e-01,5.554340077946765541e-01,7.957619160335852593e-01,6.296306517511653933e-01,5.275321669307113659e-01,5.602601306496572953e-01,9.023764614556757380e-01,5.255592604559261583e-01,6.731008442342225617e-01,4.759752754080529003e-01,7.059954114315256657e-01,3.450765286888259897e-01,7.496304340399732036e-01,9.698386599222869053e-01,7.546991959448358100e-01,2.362632928981620029e-01,6.407226564830548893e-03,3.024171044275167919e-01,9.999940124350521486e-01,8.019937082091063152e-01,2.999996425525295329e-01,9.528970456838460334e-01
2.899101496241229814e-01,7.797772233294066879e-01,9.031774719853818967e-01,3.678100062533016246e-01,5.599931648501691450e-01,0.000000000000000000e+00,3.636437445790970391e-01,7.673262948162247188e-01,2.981087966288786806e-01,6.771072069243337932e-01,9.085920385333999816e-01,7.742819496887275443e-01,4.109125950408980543e-01,5.326275836196204816e-01,7.765930005208547815e-01,3.051053443884925165e-01,3.615939503323518656e-01,7.656482992517712471e-01,3.741541714611446579e-01,8.046841535918740629e-01,9.345754756095255855e-01,5.840987131084647288e-01,6.378687357634827970e-01,3.482491330597162760e-01,2.103315587154000119e-02,7.324178972536925514e-01,7.447652181310525366e-02,9.521355898699561671e-01,4.088372475804413764e-01,7.892347081538589881e-01,5.412860482460115641e-01,2.783442895060865840e-01,7.648757680637376932e-01,4.797687795101588937e-01,6.039803093995390615e-01,2.448952107214466545e-01,4.268438663161663316e-01,7.869189600915192928e-01,9.011913068277735972e-01,7.889280512550054247e-01,3.312484702266904057e-01,-9.953672613549777171e-02,8.040340785583683925e-01,3.491579656911600327e-01,7.326680481144014490e-01,6.752096297948196879e-01,8.139229751248583389e-01,8.277541170318699626e-01,6.077754199987994710e-01,5.153611527553204619e-01,5.207735554454643312e-01,7.912222881373321970e-01,6.674979791226711701e-01,9.036306044444789576e-01,7.165819672256822370e-01,7.039841976465947004e-01,4.185571592144572417e-01,9.903079605218281234e-01,3.921875014093924028e-01,3.510884816758306354e-02,5.281267448065712911e-01,3.939774929327739539e-01,7.980410535284557794e-01,7.040924040846701093e-01,8.078510306695911858e-01,4.438139843394019457e-01,1.028010572717240612e-01,7.889354015289842259e-01,2.415495462563140294e-01,9.599545618561609039e-01,5.391665744240938807e-01,7.815616505394398228e-01,3.394389877308130465e-01,5.641780450408876435e-01,6.704238240514290847e-01,7.538430849650573640e-01,9.604498881847500780e-01,3.499724869017193374e-01,1.001189144219623572e-01,4.142477039559163687e-01,4.249726662725142323e-02,8.088424719045287370e-01,7.898017477477459192e-01,5.671692648557122851e-01,4.327374494613221434e-01
9.916840721692750105e-01,2.244717871303397172e-01,4.148043130130341649e-01,5.857969427821893005e-01,5.545679325973549290e-01,3.636437445790970391e-01,0.000000000000000000e+00,4.663765331657207525e-01,2.230931125747207255e-01,5.380692855198804248e-01,2.685110651138079008e-01,4.024912732947788507e-01,3.544157654221997134e-01,6.667283571055676594e-01,1.966349609075850047e-01,7.321330041075163608e-01,5.666211340204986291e-01,7.710854103296962969e-02,7.581936048883280987e-01,3.233362828022238178e-01,6.884710748363812582e-01,3.631401320736141747e-01,8.598237280147169592e-01,8.401357764037916676e-01,4.251153695379756292e-01,5.917150167125926341e-01,4.672134559095613149e-01,5.629471711209008827e-02,6.608199056808922167e-01,2.111508719131632295e-01,4.011770145408244392e-01,2.429562437101509820e-01,4.626929117240731193e-01,3.066553320296953045e-01,6.191998988776286073e-01,-1.560106202463169001e-01,5.217170844420456755e-01,5.190501765965040981e-01,8.678511520504728072e-01,5.803791344295001764e-01,1.299054742064965351e-01,7.195730038600348655e-01,6.784493477971672570e-01,7.205204774939102386e-01,6.017313941027141455e-01,5.434248997433710482e-01,7.458160936261013507e-01,2.938486302430823871e-01,5.611109178574179568e-01,6.558933299800124850e-01,6.556462277647667758e-01,7.876268979562444095e-01,5.428607373085221344e-01,7.211588037335434631e-01,6.436459422532205821e-01,7.424184308670072063e-01,5.727817354576820730e-01,6.194666487440492197e-02,7.575756729221395647e-01,6.052441849053185052e-01,7.932456445949962465e-01,9.057863500933907575e-02,3.759711786818349388e-01,7.438927214363794116e-01,4.722300912991290733e-01,6.043529907967539749e-01,4.691493263006473735e-01,9.431225636621169972e-01,3.136164868009037043e-01,6.971090170442671985e-01,6.066864985987817649e-01,6.523894226456375955e-01,-5.292414710742451844e-02,4.320136484506162944e-01,3.940972950485122084e-01,2.613598457856262658e-01,4.938191470104723590e-01,6.266267850742576195e-01,6.233503154032384863e-01,2.174002677417166338e-02,6.602885700637667332e-01,3.054007232171145336e-01,6.608373578455435382e-01,2.242958721714218284e-01,3.946541143878716795e-01
7.882140218576491053e-01,4.485307644470424848e-01,8.966576276140242330e-01,4.443396742846055236e-01,3.930444120170256128e-01,7.673262948162247188e-01,4.663765331657207525e-01,0.000000000000000000e+00,2.772219299762012090e-01,2.521637653586104033e-01,2.822539583147867237e-01,7.271100945669976834e-02,7.737336548263007430e-01,9.562981136109802716e-01,4.070135660853711479e-01,7.584932952657231775e-01,7.288232876289814088e-01,7.342600727835451035e-01,6.069156888908987524e-01,9.771046051739897820e-01,9.023195675385813352e-01,3.059758305137731949e-01,7.275470307962200733e-01,7.709718616967602411e-01,4.539076195825673121e-01,2.622152366941232771e-01,4.452023168441379686e-01,7.813319776561427066e-01,6.047580874291667019e-01,3.409135833025609963e-01,3.274657584852309899e-02,5.827105055322406857e-01,9.173092755905731810e-01,3.416469677637252733e-01,3.600913746732027354e-01,6.526896479574906262e-01,6.846177820550058968e-01,5.784288750684782876e-01,4.435750750296446054e-01,9.437529218274949283e-01,7.772703834958403224e-01,5.182445145329829250e-01,8.977177736621617665e-01,6.952868178730721160e-01,1.842462634289006584e-01,6.682914798167265413e-01,5.107514776112909161e-01,2.652589426796801986e-01,2.606900934945892145e-01,6.894432788213341601e-01,8.659356325840421587e-01,4.660093969929728769e-02,6.850228835362357493e-01,5.943686716550427018e-01,8.562017707254357957e-01,9.296336776253971701e-01,5.491335674423801771e-01,6.360548624403020712e-01,7.528942608816941995e-01,3.283249433219606050e-01,7.759529934804094697e-01,2.117528995858453944e-01,3.272024416080719922e-01,8.074999740215789146e-01,7.551053622995906878e-01,6.624268761825138352e-01,3.648550455942281001e-01,9.207500393035237263e-01,4.439056639343996746e-01,3.730302086432607522e-01,5.726230578174584807e-01,1.125824689073774004e-01,5.381722060585503176e-01,5.410153314059982232e-01,6.044241205016902541e-01,8.723291335878315955e-01,5.062238272925533300e-01,2.277176958753933944e-01,4.659750218039312442e-01,3.935083189134508386e-01,7.019898190911377789e-01,8.741240841887738533e-01,7.568756843217596675e-01,7.175417617003136961e-01,5.657786268077292791e-01
7.485280557502348442e-01,2.241183059784409015e-01,8.492856219789659544e-01,4.503546635272232534e-01,4.178887816084443929e-01,2.981087966288786806e-01,2.230931125747207255e-01,2.772219299762012090e-01,0.000000000000000000e+00,2.991711332727938766e-01,3.716698469509067682e-01,5.979254882489097866e-01,4.859509537466407680e-01,5.125620488468977110e-01,9.954308094103208049e-01,5.884294799357565608e-01,6.557124348608089903e-01,2.856772486088023921e-01,6.014286478538958258e-01,9.732012136725702867e-01,6.607332186999631540e-01,5.301720560869077614e-01,6.730845693998959156e-01,7.123607345399851631e-01,7.928666422416252857e-01,7.895544832607748198e-01,9.838768055860965811e-01,5.205321378165272961e-01,1.205369002558770442e-01,2.191535915769235177e-01,1.374995039474448399e-01,4.833331421274932316e-01,4.999368272212013631e-01,2.933027493549786313e-01,5.926193631710027221e-01,5.624515531670547519e-01,5.591824772414109163e-02,5.829344967185142723e-01,9.170230360276470094e-01,8.309865073118150036e-01,9.790886378633477383e-02,7.880905968316158638e-01,2.254855691801889439e-01,4.854015144120465974e-01,9.922681752763615748e-01,4.950336751650302736e-01,7.011464317993693074e-01,5.129865493611793781e-01,5.246927883418729399e-01,5.730021433966038247e-01,7.126047739166291306e-01,4.362883620484871994e-01,8.397862529560922162e-01,3.043091879511509723e-01,7.064328886619550829e-01,9.161817460312400296e-01,1.254494689538638019e-01,9.097413020865692257e-01,7.906321661055000227e-01,2.278255784530461292e-01,5.480950547284367813e-01,4.715979915611226980e-01,8.805278847866968572e-01,7.637711067039613111e-01,6.996516179514347122e-01,8.518037160346892955e-01,-1.904900557695090868e-01,7.425612783661630356e-01,5.773553853105738431e-01,4.678189975161263225e-01,7.211372947674328238e-01,6.127032756535077951e-01,4.778135514377990223e-01,3.187330663860542534e-01,9.522839170432757516e-01,3.863269117454249946e-01,8.451836534746284268e-01,2.933107474058138098e-01,4.755959564694702268e-01,2.813138719430113843e-01,1.862746889435474840e-01,9.174851677000871453e-01,6.332142953714307021e-01,5.660779112296486781e-01,5.318742714441777597e-01
6.175730599318535186e-01,7.489175180630951445e-01,4.811890139244566766e-01,7.818493997520115091e-01,8.822162457489381993e-01,6.771072069243337932e-01,5.380692855198804248e-01,2.521637653586104033e-01,2.991711332727938766e-01,0.000000000000000000e+00,6.936517703733630080e-01,7.476102285388852575e-01,2.074615743659886935e-02,8.509850571208110726e-01,-8.024444670340891150e-02,2.081445614259307478e-02,8.607027124573635168e-01,6.701387780024717911e-01,7.303977263387767538e-01,8.444460342800812480e-01,9.782083034879611727e-01,4.629604946632623896e-01,9.393872582163139695e-01,9.901351706318581858e-01,7.973563743480043264e-01,8.277326424101953961e-01,9.543967879603224569e-01,5.019589523593429581e-01,2.998343166797854953e-01,4.526039866832219927e-01,5.387731851957839879e-01,2.600336430555424960e-01,3.382886449666127060e-01,7.709615795008287753e-01,5.296645606318146626e-01,3.174196294295058007e-01,3.363912379897154303e-01,4.798922972222792183e-01,4.314190953575548493e-01,7.987207885857510181e-01,4.990752719779846247e-01,6.125212767765101374e-01,8.487598829050704285e-01,7.820153757777570380e-01,9.566520577889716659e-01,8.150788475864206850e-01,5.732044462018631714e-01,4.126864048174033184e-01,7.797879274026913166e-01,4.812029734103725476e-01,6.202173468536643641e-01,4.158682281822130289e-01,7.161111032670713916e-01,5.173081490474954469e-01,6.690821048049834241e-01,6.886708781003759716e-01,6.783153948339553097e-01,8.410745024028614125e-01,8.163430613127496960e-01,5.081944404679122895e-01,1.058360562594763965e-01,5.727588308876682133e-01,6.575199669601433650e-01,7.147671803998721929e-01,6.507166259915554418e-01,8.794726761266697945e-01,6.943602728745328356e-01,8.213261694600999530e-01,4.399542191370381383e-01,7.676062564177933423e-01,6.706204494022700580e-01,5.065804702673507576e-01,3.200818691983487452e-01,1.766514570924837546e-01,4.198522905847705267e-01,3.382012062746519998e-01,2.200105277368033518e-01,4.136625044748223345e-01,5.410551742833994426e-01,6.529221078643017429e-02,3.561979015212441979e-01,8.935818290170025602e-01,6.924598081393716908e-01,1.363600551979106956e-01,2.903217763612159219e-01
5.667502612230748138e-01,5.872991856163209956e-01,4.701365133445620792e-01,4.996030653062521476e-01,9.494530696951490878e-01,9.085920385333999816e-01,2.685110651138079008e-01,2.822539583147867237e-01,3.716698469509067682e-01,6.936517703733630080e-01,0.000000000000000000e+00,7.382868230594662462e-01,5.155081969035363310e-01,7.746675419543258556e-01,6.384041131679039083e-01,5.290121949275260471e-01,6.133837278825486905e-01,4.233634578434151141e-01,7.287113536330142027e-01,9.645861306803411583e-01,5.297626667960267932e-01,8.256857876686747588e-02,4.807907188496456374e-01,9.223263171805557992e-01,3.369683559723507527e-01,8.939739142873335265e-01,6.787689613743618233e-01,8.721571970297445908e-01,4.978332057431241742e-01,4.590692242287411906e-01,4.598793901159845543e-01,2.714080007441706521e-01,8.503612696441280594e-01,7.996796642164386570e-01,4.733470080262751067e-01,-1.844411422066970785e-01,4.082497217434351566e-01,5.929248060341367754e-01,7.104144978553916800e-01,4.080968726510999511e-01,5.130556411275547513e-01,7.474875026616631946e-01,3.811979099344365851e-01,6.036939668122947023e-01,8.750097786818948897e-01,5.952189165157359962e-01,6.929143551893477415e-01,7.291819286617220452e-01,7.758021361086173684e-01,5.314712337091452854e-01,6.388612895931269353e-01,6.322081775391286129e-01,8.849244939328239079e-01,7.019865023229829859e-01,6.327286743047698669e-01,9.577702493046049703e-01,2.276348515451462329e-01,4.586414402384274558e-01,9.365034589259754183e-01,7.682851656611151825e-02,4.734146354557832725e-01,5.113445739376177857e-01,5.359800535904715169e-01,8.528628243709650558e-01,8.960619977236404798e-01,7.966201367387872878e-01,3.606004897984780855e-01,8.112820322269299611e-01,4.904350016726359840e-01,9.889807516842890056e-01,7.045554292652616013e-01,8.679088076862206957e-01,6.068523533912648649e-01,6.168765419262461219e-02,3.034422747097240830e-02,9.040409701650992114e-01,5.066349097612378172e-01,7.167847680213738082e-01,5.741506314433131308e-01,5.024467762056105125e-01,3.245700882375666119e-01,6.948407946127947987e-01,4.923169658639519053e-01,2.192775169639909760e-01,4.367148866607578062e-01
8.371157396548379870e-01,5.221604406387378994e-01,9.330917290653065743e-01,4.197662656197781450e-01,6.097895370921772029e-01,7.742819496887275443e-01,4.024912732947788507e-01,7.271100945669976834e-02,5.979254882489097866e-01,7.476102285388852575e-01,7.382868230594662462e-01,0.000000000000000000e+00,8.707341945505249203e-01,9.322223514233174413e-01,9.555442547773048689e-01,3.998188297424343229e-01,9.241470994609912726e-01,2.684499597731138110e-01,5.878024089683433484e-01,9.850637495778021835e-01,7.517448045384357291e-01,1.450156815323649373e-01,7.722845645332619968e-01,6.081286131479868295e-01,9.733218242321334257e-01,7.717432846415839265e-01,9.465719861070220897e-01,7.409435053103412550e-01,2.492161958252228290e-02,5.683178298374463866e-01,4.892763186765026195e-01,3.954104510666484051e-01,6.861684671532825019e-01,5.569720286697481537e-01,6.455947825747364588e-01,7.842857946116188819e-03,2.997703913773535067e-01,1.807466451428267340e-01,6.967608675168032173e-01,7.797557177923677418e-01,3.828891875397559819e-01,3.632784423769840343e-01,8.933113456089120108e-01,5.643803217450740206e-01,7.724928255426757318e-01,8.213992486480397037e-01,7.356978097291282381e-01,7.220426165771685056e-01,4.775852719767499366e-01,-1.947705447752685060e-01,5.996090861540130934e-01,6.302204302997719276e-01,5.007589119063944327e-01,8.256746675709007999e-01,6.986706896233003672e-01,4.279102805354319528e-01,5.682955611577366062e-01,9.368097540552332569e-01,7.914735267872081703e-01,5.538408526130822462e-01,3.710244372903597765e-01,4.132233701225627165e-01,7.235591073575133869e-01,7.353097326639590481e-01,7.396586402182253606e-01,3.123865502641235414e-01,5.266897813612154700e-01,9.215400417963532931e-01,2.628110424035274284e-01,6.319168921964104513e-01,7.020092595610798458e-01,5.028840875628428631e-01,5.147139154449477116e-01,1.806902287082571834e-01,2.901273992384258982e-01,2.824129146296672777e-01,9.303465350553492552e-01,2.506290852139398395e-01,1.168267012502487989e-01,3.478424672308749743e-01,4.431703041439117863e-01,4.616397302847007889e-01,9.994988327815844675e-01,4.040780670367246086e-01,2.324912349904388331e-01
6.860706047326395884e-01,2.693084028998942170e-01,5.352534543126385991e-01,9.390830414387114633e-01,4.619139595356273054e-01,4.109125950408980543e-01,3.544157654221997134e-01,7.737336548263007430e-01,4.859509537466407680e-01,2.074615743659886935e-02,5.155081969035363310e-01,8.707341945505249203e-01,0.000000000000000000e+00,7.060565721612255263e-01,9.008511537739671837e-01,9.209190621680102273e-01,8.234282537196142560e-01,9.817855172921965412e-01,8.463577730761526752e-01,4.324340446273586269e-01,7.197322101388436977e-01,7.237614676385802914e-01,4.605295748765398933e-01,9.158928364268480449e-01,1.485004018363986905e-02,9.175947512967889130e-01,2.873716930193364605e-01,4.545759607346449571e-01,4.059742662780232436e-01,8.934352728684312461e-02,7.630352005678731064e-01,3.787468227408279930e-01,7.199588203558532351e-01,4.521064517349065448e-01,4.977655720160239494e-01,2.665977226066652550e-01,3.052517347697208949e-01,5.548513546418815112e-01,6.964652092606935518e-01,2.839605861362348715e-01,2.421882592466362560e-01,2.534201973486476314e-02,9.227577017586157115e-01,5.930883506315061116e-01,4.742890724193768448e-01,7.231042274089284350e-01,6.313987889683749799e-01,3.772945294660489668e-01,9.561754730723275308e-01,5.037558000961733784e-01,3.761108393475273148e-01,2.018186252474424847e-01,8.345562649427138435e-01,5.507835305094042067e-01,9.014168131862096978e-01,6.979900263997291798e-01,2.946498327957144392e-01,7.978035621794908883e-01,6.266798554316292957e-01,6.150812345748163379e-01,3.296460013323241900e-01,4.541915965125309929e-01,5.768056155969979448e-01,8.228749551025957842e-01,7.561527769996811976e-01,9.623070574151670886e-01,9.500939538338621926e-01,5.974071559754563499e-01,4.942117108853939511e-01,4.705358243076216418e-01,7.579937903426088308e-01,5.790584566784667819e-01,3.390751235989695189e-01,5.897804712878780276e-01,7.056301194017034276e-03,6.303428166914074593e-01,6.709828361965821664e-01,4.382155804212544692e-01,2.303079096865524034e-01,-1.226114111459041256e-01,4.216337063542477948e-01,7.270068835962454346e-01,9.414603987257996742e-01,7.206473942637807717e-01,5.127732405327986021e-01
2.680494293865801070e-01,5.180000991862714343e-01,7.262900002719078207e-01,7.906582469528241619e-01,5.837875765643232295e-01,5.326275836196204816e-01,6.667283571055676594e-01,9.562981136109802716e-01,5.125620488468977110e-01,8.509850571208110726e-01,7.746675419543258556e-01,9.322223514233174413e-01,7.060565721612255263e-01,0.000000000000000000e+00,2.259884459376048094e-01,5.160374592015347650e-01,5.647297280003504838e-01,3.063159812790263725e-01,6.603001051454981951e-01,9.541446722268174252e-01,4.195522628376475160e-01,3.038799480746772197e-01,7.683783222403967050e-01,8.858410570199618528e-01,2.009454321402914245e-01,7.829327926249081138e-01,5.421693760151868879e-01,8.405115089350834179e-01,4.409664804398049087e-01,3.449898678451904788e-01,2.792322320748310549e-01,1.926714603345346666e-01,6.201357007254475473e-01,9.242959924293341345e-01,4.313166305571575210e-01,4.568530986300661234e-01,5.971992492282764964e-01,9.631800278843890561e-01,9.106917932962985684e-01,9.326962020558620114e-01,2.211526238593975457e-01,9.295184163520463505e-01,2.578581818772506251e-01,9.051748912018255933e-01,8.588791533217728924e-01,9.146520987568538263e-01,8.616355585265881301e-01,8.304703472242085383e-01,8.059911567278452704e-01,9.418006787666686197e-01,7.799787517248449875e-01,4.202552146724340409e-01,7.899496499749162348e-01,9.292642053141904057e-01,9.188959554974617250e-01,4.457319232208175053e-01,4.995179353203743622e-01,8.321068030693372641e-01,6.383049483112090972e-01,-5.007457719174399080e-02,5.459599330098973136e-01,2.406970020967185986e-01,9.885192283028019222e-01,8.025477613343822147e-01,5.043628719569781538e-01,7.590251566091729130e-01,8.374353392395975648e-01,7.829164880049381825e-01,6.664614246985083312e-01,3.903995393018322435e-01,4.428466321660785021e-01,7.553732074577088618e-01,2.579817054143909716e-01,3.760901951134139054e-01,3.965122181963197656e-01,7.721709150722356751e-01,8.803919370472615968e-01,7.909860051346654375e-01,7.980441906408048958e-01,4.957507403939045987e-01,6.355103528175588545e-01,6.097577843648687157e-01,8.824820987717938436e-01,7.016531229511796530e-01,6.135136169011533580e-01
7.461361434597345577e-01,5.413591762900309412e-01,7.215995083457046322e-01,9.730440524160194338e-01,3.293790064264753292e-01,7.765930005208547815e-01,1.966349609075850047e-01,4.070135660853711479e-01,9.954308094103208049e-01,-8.024444670340891150e-02,6.384041131679039083e-01,9.555442547773048689e-01,9.008511537739671837e-01,2.259884459376048094e-01,0.000000000000000000e+00,3.416223553461193996e-01,7.538509229237543297e-01,5.524315838041434779e-01,5.899717118065559429e-01,7.511771665823324673e-01,4.034618500103566152e-01,4.987309598681936573e-01,4.972784493150200213e-01,7.429594221081972094e-01,5.768796508339625317e-01,6.255257454248137616e-01,6.490764494352792013e-01,5.794842188244999637e-01,-9.045070645559506739e-02,5.053927778510293178e-01,5.105120261082352062e-01,3.952765050947351089e-01,3.560388525028762574e-01,6.773515659514564025e-01,6.633140619413584460e-01,6.143553650776156783e-01,4.163895427550717843e-01,4.802391786022807141e-01,7.851859288158377082e-01,6.621348501212259707e-01,2.813894028000649833e-02,2.670496798720111142e-01,9.387166596218710080e-01,6.234756676353814253e-01,8.360359866026452202e-01,6.742093031405114179e-01,5.605792302900616253e-01,1.065421437179408515e-01,4.358164877338379095e-01,3.291625273497011950e-01,2.086979482651948326e-01,3.300230473809539489e-01,8.356186541430965509e-01,6.248418011249152748e-01,1.538711447922051778e-01,7.465285273662159993e-01,7.075963368998788861e-01,1.229838142456902567e-01,4.087782079010718328e-01,7.529330261605722274e-01,5.898528047101383454e-01,4.782358182993502460e-01,8.809292837068931625e-01,6.201268822672659775e-01,9.965169453656714804e-01,4.792522024043823214e-01,6.294972585101368256e-01,6.746673018187836490e-01,8.730066339279821119e-02,3.440335385857010708e-01,5.453703012121019489e-01,5.046247547068611894e-01,6.129209225363340119e-01,1.988197285190475838e-01,7.314479992076254877e-01,5.309945806844320604e-01,9.648680738166827142e-01,1.407332069513728412e-01,5.880211090676806807e-01,4.055408909012156449e-01,5.516095202712991696e-01,8.196115585059708941e-01,-9.243155878125097757e-02,5.284087607507033102e-01,4.643766212626613266e-01
7.040969825072768140e-01,8.308798255156123469e-01,2.573275872130323383e-01,7.978739998058269611e-01,6.366285731177303564e-01,3.051053443884925165e-01,7.321330041075163608e-01,7.584932952657231775e-01,5.884294799357565608e-01,2.081445614259307478e-02,5.290121949275260471e-01,3.998188297424343229e-01,9.209190621680102273e-01,5.160374592015347650e-01,3.416223553461193996e-01,0.000000000000000000e+00,5.860663716792537947e-01,7.042038385415700930e-01,2.720136513523439548e-01,3.726524427430273345e-01,7.087791803443493910e-01,7.938397581298279881e-01,7.939839585493572161e-01,8.655359922770892167e-01,2.933535083213887479e-02,6.897062591645214402e-01,-3.605859850960180246e-02,6.792043494739911091e-01,-8.789153128064068621e-02,3.809716027006093686e-01,5.170012978257154668e-02,6.602294762022999919e-01,5.730899477904659589e-01,2.229585726936712531e-01,3.159658396838707084e-01,4.643057837845845359e-01,2.083934599572923041e-01,6.188063776336218957e-01,7.142078291515049360e-01,7.789394150232948899e-01,-1.673829069206433928e-02,7.401837648038867012e-01,4.401168206865468946e-01,5.798628325543375706e-01,6.972294909605929458e-01,9.962355326238592212e-01,4.995432304544967783e-01,8.524842167521986536e-01,5.813462231972460481e-01,1.513743695970200080e-02,7.246402350599661091e-01,4.121173536559443740e-01,7.203526725451295798e-01,5.934571884842054779e-01,3.466751486830874640e-01,7.737640196087338662e-01,4.112210207291084885e-01,6.215458638147675074e-01,8.348831101467800719e-01,3.110179233379358199e-01,5.745024047475444373e-01,8.465313800791902654e-01,3.634782800456995422e-01,6.144620423823732303e-01,6.207191045099169635e-01,9.548327962317856299e-01,1.920791777464115058e-01,6.260737093009050014e-01,5.059079107921761187e-01,7.783299725023722360e-01,7.749516513068268608e-01,6.205304662930805071e-01,2.701468422625395993e-01,1.878068389306155883e-01,7.232995985082717183e-02,7.529168810169148962e-01,4.886233586750262092e-01,4.982819875899504591e-01,2.713751809989821684e-01,2.735855276054407481e-01,4.848858333691583589e-01,7.766078344893432295e-01,7.064458226566810994e-01,4.298879600210013252e-01,4.306579175075682109e-01
5.058353889587842156e-01,9.083487392177886921e-01,7.196643759285974440e-01,4.196493031967394316e-01,9.210660885677324217e-01,3.615939503323518656e-01,5.666211340204986291e-01,7.288232876289814088e-01,6.557124348608089903e-01,8.607027124573635168e-01,6.133837278825486905e-01,9.241470994609912726e-01,8.234282537196142560e-01,5.647297280003504838e-01,7.538509229237543297e-01,5.860663716792537947e-01,0.000000000000000000e+00,6.383395398661306785e-01,6.968299236399635443e-01,7.892973991118041877e-01,8.195664893578126220e-01,5.666438386579787378e-01,8.889975290179378264e-01,9.249168401636250758e-01,6.795138389367616494e-01,6.921394220809375941e-01,6.863144309941173749e-01,6.072047576370024347e-01,1.459635247771276789e-01,3.450449575666618696e-01,9.067756177714106358e-02,6.949970601475093934e-01,2.052233485812539615e-01,6.126145467612569284e-01,6.333521253821942087e-01,7.691394147242675006e-01,2.655071113244734660e-01,6.352000721632470315e-01,7.418834618803378245e-01,4.164231607917139866e-01,5.702156057912579623e-01,7.287673426953831246e-01,7.139155090537643300e-01,6.954455148640001916e-01,6.533855778953545634e-01,8.401190633254428386e-01,7.660023586852944266e-01,6.986854996900903059e-01,6.523343237122821714e-01,6.572794426337109641e-01,9.685336120180059183e-01,7.677207309936395774e-01,6.793091771260215683e-01,7.062958481275559697e-01,9.524903829506664588e-01,7.110120590858696188e-01,6.709384320814242297e-01,4.339751497291112203e-01,8.319398332401064522e-01,2.067566079101393894e-01,3.428307972879017784e-01,5.618999778556791336e-01,8.294269227592624416e-01,6.643826668540150360e-01,9.327487466275414807e-01,6.743579742508067909e-01,1.583961377959031414e-01,5.493506032168783415e-01,7.598717945231993065e-01,4.509166833804018615e-01,8.391071260973399504e-01,7.636170714325318798e-01,1.841325849392551894e-01,5.116970768891612176e-01,3.618177353338621893e-01,5.478953784927045323e-01,7.512174506181624745e-01,6.787250328855211068e-01,3.097413870084777532e-01,-3.816691566771290289e-01,4.634383698340523994e-01,7.880136448991479359e-01,7.172949968149682221e-01,5.825677193612365246e-01,7.410217927375053470e-01
5.537269975869681948e-01,8.667941252709924216e-01,9.780034571644442565e-01,1.453208291517326944e-01,6.249171665670875120e-01,7.656482992517712471e-01,7.710854103296962969e-02,7.342600727835451035e-01,2.856772486088023921e-01,6.701387780024717911e-01,4.233634578434151141e-01,2.684499597731138110e-01,9.817855172921965412e-01,3.063159812790263725e-01,5.524315838041434779e-01,7.042038385415700930e-01,6.383395398661306785e-01,0.000000000000000000e+00,7.406592350568445005e-01,6.094026071455385107e-01,7.380820487289269094e-01,4.094033451247469091e-01,9.205721248465179585e-01,7.289986648285308179e-01,7.718010334123295291e-01,9.889484409616926541e-01,5.372519149887985401e-01,1.239256721173490894e-01,4.481601084299102755e-02,2.025879979933153385e-01,1.042593642567871681e-01,4.286028803134879772e-01,4.626778347579200701e-01,6.289821455346340517e-01,7.268134509493151540e-01,7.059228898038838462e-01,9.057024252283170374e-02,3.706546023050858452e-01,5.613676485308569664e-01,6.841254173253162874e-01,4.585912613362795320e-01,6.316397663435444620e-01,7.441619648607716853e-01,7.233111706650444672e-01,5.348755088829506565e-01,4.222434612142592636e-01,7.159542227834880812e-01,4.328424201166766183e-01,4.142283911243717642e-01,5.122194041605043768e-01,6.469752741551088038e-01,6.190914935457959567e-01,5.073797179151948722e-01,7.708800197922177633e-01,5.597630023665074450e-01,3.410726375258719134e-01,6.531919456850486805e-01,7.262625926491013129e-01,9.058219844747404936e-01,2.582190092129778569e-01,7.304116994132250351e-01,8.787815631603735911e-01,4.825162655412252866e-01,7.712164576831928020e-01,6.617000821628061802e-01,3.952503031065397465e-01,5.606626373416628839e-01,8.909539184091598285e-01,6.503043984074007300e-01,5.966405475416669546e-01,4.673429117885795625e-01,7.550380200624661198e-01,8.770176636677738669e-02,3.892572548649694819e-01,4.745322986862635650e-01,2.300706547419829606e-01,9.439244273089761883e-01,7.013896581170460109e-01,7.620068443488822174e-01,4.882101567440529921e-01,6.538649318500056040e-01,4.185594408561999491e-01,9.137651083046790523e-01,4.691386870469528292e-01,3.342043922340814377e-01
