0.000000000000000000e+00,6.612063276229638298e-01,9.564131415714641760e-01,6.492697347068602243e-01,9.861083500087607367e-01,7.692522683419427132e-01,5.131966244430727908e-01,4.344519584868567486e-01,8.920546442801455811e-01,7.805160997893889618e-01,5.432974491265026851e-01,7.620099237766393419e-01,3.432457194731883821e-01,5.925671391001203769e-01,8.247576048940771232e-01,2.681191054654737393e-01,7.194995966791689623e-01,4.698649160908006661e-01,8.264788202111852389e-01,4.045318392605719571e-01,4.143873671439762818e-01,8.483591398945118378e-01,9.962415334459115979e-01,-2.796654258731061105e-01,7.621853347662017608e-01,6.885632250980121549e-01,6.015303590520626464e-01,7.382289300576241331e-01,1.860553203740853978e-01,1.229344856903221983e-01,2.396494933973138397e-01,5.244560175418809811e-01,9.733433837034500824e-01,9.515309393894696433e-01,5.025480359561362853e-01,5.510040623682093130e-01,6.146437290054969360e-02,1.728370490641515517e-02,8.509419925783640037e-01,9.200905692029182070e-01,2.956382056728026342e-01,7.181085463052587770e-01,5.826865960843518044e-01,7.483177644234696446e-01,8.634806389893934231e-01,4.958512098720637140e-01,9.757912127204331210e-01,8.933682825254719573e-01,9.647720208916253926e-01,3.628302883321447014e-01,5.022103411590663757e-01,-1.108636064241703689e-01,6.663152035647850191e-01,7.472483766665178884e-01,9.880077415360699611e-01,8.358436626205093534e-01,4.737028064149469975e-01,8.763456179321866824e-01,7.351777820362361826e-01,6.704709454970645410e-01,4.802970442695700948e-01,4.370446798580415737e-01,4.613662458506695430e-01,5.940596685407414368e-01,6.466428363214264952e-01,2.757857991845370504e-01,9.247905236752989033e-01,3.340665187586949192e-01,4.571360528483431884e-01,6.775098402835567635e-01,5.873698795431701036e-01,6.568163246861543625e-01,7.661729232387782806e-01,6.002633402741086588e-01,8.513042922358351472e-01,8.548325742480729073e-01,7.476050230531392504e-01,3.263361997446493357e-01,5.130244017995236883e-01,5.775343583780049306e-01,7.313324023084883940e-01,6.800738492817053338e-01,6.427826102162907951e-01,1.001658428799852112e-02,8.798979843487331198e-01
6.612063276229638298e-01,0.000000000000000000e+00,4.355176786106259579e-01,7.597312312265007694e-01,7.511486307741312984e-01,2.184324568092499419e-01,2.323675414920634841e-01,7.892609086601672930e-01,-1.701523861923164016e-01,2.488758030514661157e-01,5.199050915046559140e-01,-3.002056377215124860e-01,6.485059309422599449e-01,1.649738664192687831e-01,6.778928725921689047e-01,5.900445631801877200e-01,7.705916246178625695e-01,2.801385563561178960e-01,4.539967094092717814e-01,7.285014693433768951e-01,5.902718873286995072e-01,3.762132949595006215e-01,3.427557454761492872e-01,7.859495510752335656e-01,3.385514492051712176e-01,6.881238375000199303e-01,7.538029296370866161e-01,7.630647210368640687e-01,4.971068184509087051e-01,2.384324120765005106e-01,4.223991535408926357e-01,4.355489080052255546e-01,6.996581519877127509e-01,6.042524826794086756e-01,4.114086489076302366e-01,4.553250858728181139e-01,3.519890228244008101e-01,4.784955021790562868e-01,9.700857294328641967e-01,6.602922678093749997e-01,5.720878258085786428e-01,9.329799359885818655e-01,7.981475284122407921e-01,7.045627005110893792e-01,6.735245230364637070e-01,6.834068007718270277e-01,6.212777820329656864e-01,5.598132142134459865e-01,3.288615416131234204e-01,7.307860529050751452e-01,6.294513544778265191e-01,4.232680150821934162e-01,6.926230340707626443e-01,9.627991366632052683e-01,3.049928913565256305e-01,5.337954034741566600e-01,5.255785848767988711e-01,4.171070041644363569e-01,3.596143323325721730e-01,7.752644737717364620e-01,1.097924574717064165e-02,4.211958707334047536e-01,3.310354123543478577e-01,9.592699119382543937e-01,7.537782147702407620e-01,2.442657530269266020e-01,5.643466017340855734e-01,9.451562117273073493e-01,7.879044560736835345e-01,-1.579680753445735220e-01,5.500606975275992294e-01,5.915305036323810217e-01,2.330664996912329701e-01,5.931077434630824818e-01,4.417537356924756131e-01,7.098290267268186904e-01,6.952516337220429055e-01,2.831800291621309196e-01,8.780010426951673219e-02,5.723328211578728730e-01,6.505462791214593476e-01,9.406674089631853475e-01,5.289958329683149829e-01,-4.974744174654685547e-02,4.009106257996873368e-01
9.564131415714641760e-01,4.355176786106259579e-01,0.000000000000000000e+00,7.842418439098071126e-01,6.819701894313100476e-01,5.815177227651405767e-01,6.970410208747476188e-01,4.247469072426841019e-01,4.637701462188733581e-01,5.249016719779524554e-01,9.134809598376105733e-01,5.514372984416802126e-01,8.931041141768976122e-01,4.180790991654249611e-01,6.017380792996656069e-01,7.398466827077270214e-01,4.959077267939048239e-01,3.273625223220305025e-01,8.603473753585850758e-01,6.927376031065559658e-01,8.467975218922074720e-01,7.983080811530195442e-01,8.849867991803306300e-01,7.046921043624919667e-01,3.380017137588127163e-01,6.831384848088719597e-01,9.171674923991836037e-01,9.158126846988662306e-01,-3.233497888682150823e-01,4.939463970603447662e-01,3.845700201113783079e-01,9.348067115001523764e-01,8.935840296675694461e-01,8.438911540638535103e-01,9.823958771833789516e-01,6.284966838159885549e-01,2.922421921075801232e-01,8.354362649240498762e-01,4.382034561378677084e-01,9.551054133839942395e-01,6.864118462560354628e-01,8.828066621837175054e-01,8.439506509315350957e-01,6.124531016538686812e-01,5.282579686509871753e-01,4.802135116204886423e-01,6.061305025441722227e-01,9.961007015445701995e-01,9.268405884715720522e-02,6.710458476785612358e-01,9.132905657729423199e-01,8.649597885176963930e-01,9.619604873785626564e-01,2.248168863775036053e-01,8.543432377338898709e-01,5.414291604149676918e-01,9.967139879156254878e-01,8.410476687945925844e-01,6.158502976698835285e-01,2.839897017796853551e-01,3.962719446813126600e-01,9.009987788948655707e-01,6.472883290597799544e-01,5.483858504400183076e-01,9.870951723388435850e-01,6.233746596542104612e-01,8.402023585387340399e-01,7.585040704816589097e-01,8.851325444175164314e-01,7.325302500606089007e-01,4.776518864972845724e-01,4.492515756466470278e-01,5.437112089955767891e-01,4.557657010648897833e-01,4.885140184572027144e-01,7.032889852965664712e-01,9.398060573546511698e-01,5.548208591893935004e-01,4.290006308867410634e-01,1.264406314304852008e-01,4.891408432767811454e-01,7.396825550440113695e-01,4.841954436956691366e-01,5.314365046379657676e-01,8.979970547387499114e-01
6.492697347068602243e-01,7.597312312265007694e-01,7.842418439098071126e-01,0.000000000000000000e+00,6.486998069337504003e-01,4.636717260066767210e-01,4.563685014385174266e-01,1.265563981099104562e-01,5.803919721554309241e-01,4.944439916483543973e-01,9.472229797455313793e-01,8.650059230558485579e-01,5.462753399754574080e-01,7.581297750246064338e-01,4.689247038083198538e-01,4.821101400516540902e-01,8.384348418381850632e-01,9.175167592619567491e-01,3.261296960701851599e-01,6.182866074447821436e-01,4.254323331227292115e-01,4.418833068079905946e-01,7.782153389531227816e-01,7.589965021002578194e-01,5.244386763553287034e-01,6.132096412216067050e-01,4.897045776551018914e-01,4.754442370251792949e-01,1.645791475714275809e-01,9.641840853972903636e-02,7.142606921371668083e-01,4.524136995920657323e-01,6.745662626312954879e-01,6.586076418081365791e-01,4.984249696178899569e-01,1.107038513429566828e-01,4.736882606138622109e-01,3.552392771300335039e-01,2.895124363858736505e-01,4.137901077960686180e-01,-1.821994293626799932e-01,6.813221068618326992e-01,7.228886190049169658e-01,7.335537300238954561e-01,8.429221750283845127e-01,7.073895687499915930e-01,7.633051424575516553e-01,4.556194797011402509e-01,6.988104517492736978e-01,6.680916362663940067e-01,5.399087926110226476e-01,1.223478540462457076e-01,5.281940574938986943e-01,7.021131480952582660e-01,7.179211535570254599e-01,7.305987438629217845e-01,4.966287084943808022e-02,2.915017866950032621e-01,6.460467466911912204e-01,3.495030646040184208e-01,5.977940787955189350e-01,9.173561653876889377e-01,7.378350216614059098e-01,6.780488121258760881e-01,7.738693444714288550e-01,3.219006545188359270e-01,8.220496089180061583e-01,6.550832200417415763e-01,2.103306139308729339e-01,9.745422768755036547e-01,5.387430408769248169e-01,9.969756479645204283e-01,-1.964684382659950823e-02,2.100634156695320998e-01,4.304229479818781900e-01,7.672380264505302971e-01,8.980816015261682272e-01,5.975179126444384314e-01,1.512526431426208517e-01,8.876500028800388131e-02,6.003499768496967093e-02,5.697250380621223798e-01,9.803602935001616281e-01,-4.065609352604504512e-02,8.547970712420011052e-01
9.861083500087607367e-01,7.511486307741312984e-01,6.819701894313100476e-01,6.486998069337504003e-01,0.000000000000000000e+00,5.701608913582600913e-01,6.294547142712270116e-01,5.830962430495267856e-01,5.554247335968787169e-01,2.082121578702123554e-01,2.690054290567665540e-01,5.288748476555278355e-01,9.387122099899374295e-01,7.307512025367359776e-01,2.750805935253294865e-01,4.880896719188730359e-01,6.305080478759570450e-01,7.876385214136760737e-01,9.201348711322715479e-02,7.913973697399587781e-01,7.036793391568004763e-01,6.418740561210747320e-01,2.986514724324669801e-01,3.178571039391019371e-01,7.655336299094063213e-01,-1.205404145472563915e-01,6.162024115377768840e-01,4.324722744847213085e-01,2.936867081613657171e-01,6.985429171537963500e-01,6.825228907172496973e-01,6.629300073041780594e-01,9.571253349260544496e-01,7.922818221522308635e-01,3.485826252736515807e-01,1.853793377629494588e-01,2.888245499115951187e-01,7.673948149758857973e-01,4.034456244973845251e-01,8.871696492060296979e-01,5.646546093498174823e-01,7.679221768231041523e-01,4.709370708012888262e-01,8.845551079065896993e-02,5.316904622776832401e-01,8.342339321000250552e-01,7.931786855168125872e-01,6.579151816877404357e-01,8.560436710263399362e-01,7.526689376153991029e-01,6.271191252025386520e-01,7.538415247381218265e-01,9.569981382251432356e-01,5.963297694032646534e-01,6.186594814364613226e-01,8.879248919088676972e-01,7.491155037535407457e-01,6.344833175390939273e-01,4.555664491232923052e-01,4.058000210663796903e-01,2.227486794682689009e-01,4.549542395514525883e-01,9.372372503773206409e-01,7.950908422209644888e-01,7.161449120387461953e-01,7.682199621030333381e-02,7.018541955759365347e-01,5.994431715705610397e-01,7.895550915899718358e-01,3.184925383709749647e-01,4.449202975812322491e-01,7.895233129955351314e-01,2.315717087958703568e-01,6.815519211253580067e-01,6.079428320578728062e-01,6.716339295955394695e-01,6.022901467631099903e-01,5.827133602797559542e-01,3.927537849433065942e-01,3.485662268830769239e-01,4.215720823308206078e-01,8.530090494708706395e-01,6.499489182811813981e-01,8.922496655153840939e-01,8.016817282952855006e-01
7.692522683419427132e-01,2.184324568092499419e-01,5.815177227651405767e-01,4.636717260066767210e-01,5.701608913582600913e-01,0.000000000000000000e+00,6.525878254079869878e-01,5.998836185062190740e-01,5.670889628422629558e-01,4.783125869311757317e-01,2.467789473593065552e-01,3.509340386068527939e-01,9.352412717680169685e-01,6.350940769394635144e-01,6.721904486774561427e-01,5.595826679474367182e-01,1.529382628742581574e-03,7.464281509336189169e-01,7.153690352378013761e-01,4.339358946933021266e-01,8.928050651407909433e-01,2.936583978907839620e-01,4.888962510925560223e-01,6.492346022622804691e-01,7.912948019200488625e-01,9.035086834932802846e-01,5.551041745655473925e-01,7.192421635687460402e-01,5.702644450509354312e-01,5.698008479101820400e-01,2.122854282870240139e-01,5.867334296530574145e-01,7.073712083517135207e-01,8.812388143594057643e-01,7.988811389177048472e-01,4.716489388370979086e-01,5.449335158472642382e-01,6.554465356443532897e-01,8.880803680047092419e-01,7.784413250340314061e-01,3.838978480552780459e-01,5.139694708647838395e-01,8.552181130734869408e-01,7.099777242897221674e-01,6.064649263900472320e-01,3.053519881129214131e-01,8.618972847328898457e-01,8.517346308610591610e-01,4.926912769352256860e-01,1.035096531071606485e-01,5.542260346720281339e-01,7.468564226551168694e-01,1.231870663127651588e-01,7.142113635320832543e-01,4.129356506944311112e-01,9.830766651770739273e-01,5.576387006015599557e-01,6.298526921066269768e-01,4.715463769545181205e-01,2.468501001688547941e-02,1.129229939578809960e-01,5.831306164625081889e-01,8.867498999270183591e-01,7.429785164203333014e-01,9.377189190163516264e-01,5.800103610336844184e-01,7.256887095107569241e-01,8.943793617959309161e-01,4.227014630238478676e-01,6.638608633096743095e-01,8.752188718402580392e-01,9.674169598576339846e-01,1.989337916669783601e-01,3.486558599410836679e-01,5.376875634764278766e-01,3.398850855538880777e-01,6.527148782263980653e-01,7.254058843874535700e-01,6.994643593059141073e-01,7.654475667230142832e-02,1.312832507174240548e-01,3.923036915403876890e-01,8.466012773055867635e-01,3.889969419865110245e-01,8.800047349692488030e-01
5.131966244430727908e-01,2.323675414920634841e-01,6.970410208747476188e-01,4.563685014385174266e-01,6.294547142712270116e-01,6.525878254079869878e-01,0.000000000000000000e+00,4.135647189436674198e-01,3.024934570683551205e-01,6.365106828468818367e-01,7.184551611315260766e-01,3.378478721715391653e-01,3.603448104967760246e-01,2.588464368229632107e-01,6.321154379461503270e-01,7.690106143181625331e-01,2.670725035700167727e-01,7.694816343391039926e-01,5.663993174611068326e-01,4.194030005082703405e-01,7.645015997115326423e-01,3.354227091223925261e-01,4.829617556543175927e-01,9.226771018048388617e-01,3.322119842246483712e-01,-2.675778703467016073e-02,6.799786252771380379e-01,4.502139367542525306e-01,3.303927133120046489e-01,6.210494901226347730e-01,5.442074025885752508e-01,6.167739606807147723e-01,4.386586438699338619e-01,4.770086501453312255e-01,6.004213495266363942e-01,5.431431834480506815e-01,5.242711393827528266e-01,4.500625643575611318e-02,2.095816229422829691e-01,4.037418053273452712e-01,5.871732245824596852e-01,6.304610364344936935e-01,6.891929140205599325e-01,4.594102461219317646e-01,7.721456082067291726e-01,2.690311025937619505e-01,4.270233922380776148e-01,5.810058631624515080e-01,3.679788648749557356e-01,7.839344921037726399e-01,4.212313413357838821e-01,6.264761816621059465e-01,4.677376701261991565e-01,5.006490627627243617e-01,6.008454061339142394e-01,1.568489699425799633e-01,6.777105456998512301e-01,2.512231299949377883e-01,9.770331582916517155e-01,6.951790302155920198e-01,5.157359956815120716e-01,2.699505038982261129e-01,3.037922468655333552e-01,8.943592276361478355e-01,9.102249112744340565e-01,4.035174977968412069e-01,6.827680572143155491e-01,6.080533222130827253e-01,5.045646674172116208e-01,3.061998407429910030e-01,7.913259868740981640e-01,5.587851704040001088e-01,3.622627923053021171e-01,3.126118377488507627e-01,8.604955086551859811e-01,7.182526320323241453e-01,6.008415856803239752e-01,9.406736899969619925e-01,3.576830451257366761e-01,-6.330494264293065609e-02,4.970858715547866735e-01,8.556623071543218995e-01,2.353991435051114023e-01,2.811929862126752999e-01,3.043860262399789018e-02
4.344519584868567486e-01,7.892609086601672930e-01,4.247469072426841019e-01,1.265563981099104562e-01,5.830962430495267856e-01,5.998836185062190740e-01,4.135647189436674198e-01,0.000000000000000000e+00,7.078027812737088809e-01,7.145758462431075486e-01,4.011168303327844464e-01,3.704913218676593178e-01,6.486841801710518940e-01,6.236452020458577161e-01,4.999118603520292248e-01,7.356383883163590820e-01,6.719220544917900995e-01,7.351905113907810652e-01,4.185148807403143434e-01,2.448323302217652042e-01,1.619463707634632432e-01,5.060341986934583369e-01,3.614189232913397332e-01,7.874163853727230711e-01,2.204992462530165898e-01,2.021969440069886770e-01,7.124989022741593514e-01,4.513491777706971075e-01,4.383459854139584722e-02,4.987989469579389712e-01,1.575439210442223514e-01,6.996057302106156728e-01,7.759399159552062830e-01,6.641809654636808835e-01,2.103867802230891537e-01,5.619101761095334213e-01,3.801806770008950842e-01,3.836775755184533843e-01,3.719964794072918579e-01,9.987711624832246171e-02,5.455002202200216477e-01,3.823091349254725824e-01,6.282252220778112850e-01,6.657610394823186839e-01,2.786676199904120077e-01,5.337702143456363180e-01,5.391403526443689920e-01,4.841101784686057674e-01,7.383446412951397697e-01,4.388156563059131265e-01,3.284119361814498150e-01,2.042225885720652667e-01,4.737408475506076355e-01,7.167758483110734380e-01,9.758988021441552529e-01,8.784668027275354119e-01,4.905587660795538429e-01,2.417085272149845643e-01,6.362323072253404099e-01,6.594507996210463574e-01,7.370771361393810839e-01,4.419589489664623727e-01,5.632238290698918792e-01,8.978557374573350458e-01,4.911652993993799732e-01,3.691883048160893299e-01,6.165419943056132945e-01,4.263427173939935977e-01,8.799990244488450353e-01,6.393992361893523491e-01,2.654111327177089974e-01,7.109815452812561221e-01,5.157936173784425371e-01,5.506535883852180513e-01,2.472420077397621818e-01,6.757901261786007918e-01,6.298086402178526555e-01,5.421201993270822195e-01,3.193288956057379058e-01,1.261585182124040916e-01,2.045989490055362126e-01,8.263849270014550497e-01,6.449184379206264195e-01,3.324350392461543624e-01,8.156997469243816579e-02
8.920546442801455811e-01,-1.701523861923164016e-01,4.637701462188733581e-01,5.803919721554309241e-01,5.554247335968787169e-01,5.670889628422629558e-01,3.024934570683551205e-01,7.078027812737088809e-01,0.000000000000000000e+00,4.530551026263738845e-01,4.064252820885136952e-01,4.802044996219370088e-01,4.261002830873431013e-01,7.007366526420556463e-01,6.663309939231647494e-01,4.293881073310344965e-01,7.826238980763536857e-01,1.242249529772555539e-01,3.341037434970512976e-01,8.215928851554037404e-01,2.632394541371955166e-01,7.145770714793203693e-01,6.165758135701948639e-01,2.563059177946012124e-01,5.349007374450879260e-01,4.306335659491842272e-01,6.803933023314491235e-01,8.506968806216901324e-01,2.921694944575904951e-01,-3.003191256797874131e-01,1.926042469932955081e-01,6.851137731865013514e-01,5.667172236924438167e-01,5.907312120102964359e-01,-1.768209687235508254e-01,1.522816277784249661e-01,3.240392476086108586e-01,6.651523130251529858e-01,9.808191474585715719e-01,7.034699514088421646e-01,2.562630893596972159e-01,7.800381612119571262e-01,4.203198330905488223e-01,6.887095682661199536e-01,9.504080509382843989e-01,6.485943203518854672e-01,6.704536415424185991e-01,7.881786297459686397e-01,5.601006373697298146e-01,4.634547943023864525e-01,6.561044605496648696e-01,4.758194100231311063e-01,3.180807913158558708e-01,2.974294029824868790e-01,5.672402449789903933e-01,3.076331856646158380e-01,4.557094064454539351e-01,7.537089745193535639e-02,7.810803990463734969e-01,8.943434096518657617e-01,-3.557670192634110329e-02,8.467426765284837842e-01,8.462777012078358529e-01,7.131811373195378057e-01,6.428796708436177454e-01,5.543817599049950529e-01,7.149999954156309734e-01,8.974978124738215435e-01,7.096691394787569829e-01,6.780007413626252255e-01,8.681501861161887712e-01,4.414724889030510746e-01,6.503397973879805338e-01,4.220963710560023396e-01,4.672110172617640611e-01,4.131088089803586216e-01,6.550375457141419666e-01,6.694453314815362877e-01,5.649298103678574989e-01,7.882706042173888150e-01,6.042359387744582477e-01,8.076201727850604861e-01,5.942677166455396787e-01,5.113477444956244788e-01,7.104699668477939545e-01
7.805160997893889618e-01,2.488758030514661157e-01,5.249016719779524554e-01,4.944439916483543973e-01,2.082121578702123554e-01,4.783125869311757317e-01,6.365106828468818367e-01,7.145758462431075486e-01,4.530551026263738845e-01,0.000000000000000000e+00,2.420358756266627609e-01,4.884796445568100332e-01,7.514299021477236495e-01,8.884202328692631934e-01,3.613840906145492360e-01,6.569313649644359376e-01,9.252931709673315464e-01,4.895052068570511783e-01,8.676545919758263947e-01,6.557640533829873775e-01,8.531258260110461400e-01,6.637273697171275355e-01,6.093728229575502420e-01,7.196709857035049618e-01,4.001199441370485443e-01,5.245021696703019431e-01,9.735435584494765981e-01,8.539581877198986204e-01,4.525945897291284714e-01,2.019629224915103216e-01,5.400506785642655849e-01,7.855304645471561376e-01,6.150524358388521629e-01,4.934046775878035973e-01,4.823636209021486820e-01,3.699589458713677947e-01,9.457001432901362969e-02,6.493558015112673720e-01,9.017632555088442858e-01,8.563740216568243024e-01,6.859178573763567988e-01,6.519649425147602262e-01,6.529740344737052782e-01,7.468802182605147610e-01,8.571702541341881254e-01,5.791977064490531069e-01,9.486863009882958719e-01,8.904030021684306018e-01,3.349837620248227177e-01,6.411316590725322229e-01,7.069228237092697320e-01,5.933819018617245700e-01,9.494723456571427800e-01,7.530656137103226844e-02,5.252225920277709958e-01,8.100241777109068453e-01,3.226505792927305410e-02,9.407335589128333897e-01,6.203643913937035848e-01,2.175577228628833848e-01,7.498978078941841430e-01,7.571031312819941350e-01,3.336502147683835240e-01,5.079008583375614894e-01,7.760826218416172484e-01,6.831290253714814575e-01,3.667452486426782121e-01,7.959092136511475291e-01,8.595554851274141150e-02,4.459596214444693785e-01,6.251098120889359011e-01,3.225080711931211375e-01,5.594563920164005166e-01,2.196743130541643496e-01,3.166000201972153372e-01,5.509466025168119341e-01,8.483923908055242269e-02,5.337632063370854052e-01,5.424651240549621667e-01,2.951386623547522930e-02,4.599768697334467582e-01,6.137532681581976401e-01,6.811927171589785557e-01,2.781481509724024193e-01,6.551673864348898091e-01
5.432974491265026851e-01,5.199050915046559140e-01,9.134809598376105733e-01,9.472229797455313793e-01,2.690054290567665540e-01,2.467789473593065552e-01,7.184551611315260766e-01,4.011168303327844464e-01,4.064252820885136952e-01,2.420358756266627609e-01,0.000000000000000000e+00,2.114793469783342872e-01,3.820676870305983464e-01,7.887840909510213105e-01,3.511106933397643015e-01,5.194320276261132907e-01,7.967126207768805424e-01,7.313806029033514955e-01,6.193330795381809528e-01,7.702432202835377550e-01,9.151298697940908333e-01,4.858359763460204372e-01,7.572138547906674955e-01,9.702921993770738940e-01,5.797293462262078645e-01,4.533113387476960798e-01,6.227577518221474318e-01,5.032587355399826823e-01,5.252576953221330669e-01,5.180653279079900919e-01,7.411684356562578402e-02,5.131765436176405348e-01,8.832299596177718426e-01,1.498996239841951794e-01,3.831675741815495639e-01,5.558192020235643849e-01,3.092321334543310374e-01,9.099524909270213513e-01,8.762908117622778548e-01,2.153505878250272509e-01,2.052484357636941148e-02,5.945110679590527303e-01,5.775412307326893702e-01,7.354765811663095398e-01,8.093253874636683332e-01,7.516839048599077699e-01,6.987377594399670766e-01,6.005714926068619341e-01,7.614974935542730972e-01,8.959478929086569510e-01,7.642955812322134168e-01,5.322355154588352955e-01,8.965216073874145986e-01,5.035608796291213274e-01,4.273782853461133291e-01,8.305768435506242220e-01,6.866643917500315775e-01,8.764556684116491247e-01,7.538657214839173948e-01,4.152268419236385677e-01,2.133248245570180113e-01,6.160054480622614292e-01,6.691784910583218338e-01,7.426127181080512951e-01,8.632255527344933066e-01,7.530061553394667984e-01,5.748526060483030165e-01,6.154469966559868999e-01,3.305242043385470674e-01,4.542593353405096623e-01,4.438699042084271462e-01,5.290666899959501901e-01,4.492115341904657777e-01,3.522692300970864387e-02,4.669686557222389456e-01,4.539763877449636276e-01,6.786456558908944281e-01,1.457484582238821602e-02,8.198673913014475900e-02,4.792758443078107833e-01,7.748852976415281368e-01,7.420109920364423850e-01,2.100702436118496719e-01,6.744271626444289236e-01,6.712263389322845608e-01
7.620099237766393419e-01,-3.002056377215124860e-01,5.514372984416802126e-01,8.650059230558485579e-01,5.288748476555278355e-01,3.509340386068527939e-01,3.378478721715391653e-01,3.704913218676593178e-01,4.802044996219370088e-01,4.884796445568100332e-01,2.114793469783342872e-01,0.000000000000000000e+00,6.667985738311248411e-01,5.259996192332493381e-01,6.460014364516639684e-01,2.628282396056885184e-01,3.394106934117969154e-01,1.139291965088609117e-02,9.426273245149326130e-02,7.090257530144720155e-01,7.033860055673828438e-01,2.459985872801962459e-01,7.168656262718534622e-01,9.894493585512127432e-01,2.279747921472815297e-01,7.690714442523352012e-01,8.504201333384183714e-01,7.026381595842668970e-01,7.769058473548495769e-01,2.861455269518943800e-01,8.431955307185907966e-02,3.956505338432467767e-01,7.208001839120734555e-01,6.169292901136026464e-01,3.794311394592738695e-01,1.284833418046031628e-01,5.976281783864381136e-01,8.822739329423092691e-01,7.878061672080876043e-01,8.252807917981614949e-01,6.081050436636017409e-01,6.286451787477245201e-01,4.227781593253854830e-01,5.341173401411558608e-01,5.927548038478862580e-01,8.042929686224404850e-01,7.382144287174188246e-01,9.483270499311233781e-01,3.175108905224480749e-01,2.218967024686144263e-01,4.504954519262953094e-01,8.720094190004474832e-01,5.322182233419476827e-01,5.328518492253442318e-01,8.207348290269497193e-01,8.831636735124651638e-01,4.097313597230183291e-01,4.454059406122835574e-01,7.881373208622851623e-01,5.206837130463879415e-01,4.929169541846264435e-01,6.672370615220329926e-01,3.370985869858444950e-01,4.885201527173024250e-01,8.202965675877903484e-01,4.087355733362623700e-01,4.685563596511180262e-01,8.065067236985045129e-01,2.684348543914881202e-01,7.692686538786333017e-01,9.606997845378473233e-01,6.073820050790970093e-01,-1.470505437527095671e-01,4.584298067755290806e-01,5.957306568890544662e-01,9.659465878908138903e-01,6.693341774622737494e-01,5.570966315405005975e-01,4.074296749109693749e-01,2.222355546557782668e-01,5.209584838237435456e-01,5.940581450150360654e-01,8.823401606198671976e-01,7.820106336947596493e-02,9.681797837430301534e-01
3.432457194731883821e-01,6.485059309422599449e-01,8.931041141768976122e-01,5.462753399754574080e-01,9.387122099899374295e-01,9.352412717680169685e-01,3.603448104967760246e-01,6.486841801710518940e-01,4.261002830873431013e-01,7.514299021477236495e-01,3.820676870305983464e-01,6.667985738311248411e-01,0.000000000000000000e+00,8.658002430191831245e-01,5.113211025425083989e-01,9.804971490932097300e-01,8.197111802964555105e-01,7.439575866658036940e-01,6.863775422478858301e-01,5.771230317919178177e-01,8.781112932533707838e-01,8.491736569974039917e-01,2.365008322872141355e-01,9.160492715217205539e-01,4.630070076966544823e-01,9.567700916805863542e-01,7.682999854277184903e-01,8.682394866901006480e-01,2.990445347296864509e-01,5.166735757202075563e-01,4.458809736585966355e-01,4.013379907163189264e-01,6.887248262239298313e-01,9.710570301313827812e-01,8.463856079488197848e-01,5.121701121885133823e-01,3.820537897234644875e-01,6.265949510064854344e-01,3.740315501287865274e-01,6.534118624886785520e-01,5.054416883129865257e-01,6.810785828007539511e-01,1.617021742110367477e-01,2.372549543505841352e-01,6.734244576178635144e-01,6.379846377833116033e-01,9.437442684967476403e-01,4.570523788275414057e-01,8.974348853530189629e-01,7.882682685161211955e-01,7.912738355858098815e-01,5.323210139072432900e-01,6.715548574558353190e-01,5.978504121468376509e-01,9.576841625509284750e-01,6.673093854002491998e-01,6.077510963277625855e-01,4.305906015695540878e-01,2.733888012024909275e-01,6.595478573469683026e-01,3.796565235129575333e-01,1.420069239267762184e-01,6.411770163959337188e-01,9.085364670254236774e-02,6.958170637071465769e-01,7.372743694479831911e-01,6.841171389787336077e-01,9.075150163480639742e-01,8.361556325392206501e-01,3.156327748901440744e-01,5.342667309180502144e-01,6.930275891260923027e-01,4.861880439833144996e-01,2.755867959611137397e-01,4.609038572488127761e-01,4.085910607709960507e-01,5.619749202393319321e-01,5.992340973037992846e-01,7.727633613383266820e-01,7.204153733330898035e-01,4.781907553662954197e-02,4.588988329047362091e-01,6.383239084587093437e-01,6.656633292083063980e-01,7.521875006524332274e-01
5.925671391001203769e-01,1.649738664192687831e-01,4.180790991654249611e-01,7.581297750246064338e-01,7.307512025367359776e-01,6.350940769394635144e-01,2.588464368229632107e-01,6.236452020458577161e-01,7.007366526420556463e-01,8.884202328692631934e-01,7.887840909510213105e-01,5.259996192332493381e-01,8.658002430191831245e-01,0.000000000000000000e+00,6.698967230297133701e-01,5.267167040205927853e-01,7.872265722994454817e-01,3.910264073763654036e-01,8.087453814541116781e-01,7.218128588763224052e-01,7.544786640030303193e-01,6.815548464603350398e-01,7.455047634978331228e-01,9.603321614845214960e-01,5.699638704248294330e-01,5.699750082803755058e-01,3.983376662057996898e-01,4.371748283192047890e-01,2.284579789410249862e-01,5.254727268707917176e-01,-1.067872204708691930e-03,7.495448233318059428e-01,6.808632345075361636e-01,5.448414999413928594e-01,9.093589628716940432e-01,7.690928120876817653e-01,2.586363143658537700e-01,8.154760424454102763e-01,3.855025966419449723e-01,4.117752658308633240e-01,3.775721918987551273e-01,4.640903156952058128e-01,4.041882095633394512e-01,6.418737315840766788e-01,9.057131560089083377e-01,8.543938200362681812e-01,1.961103780998672830e-01,7.627554284142203933e-01,2.846425036158635180e-01,8.736356767990218763e-01,7.871495749614334514e-01,6.599798523936246664e-01,4.358921499535940436e-01,5.735580037272069998e-01,7.113268756865528397e-01,3.722602577715983241e-01,6.511394771181899799e-01,4.338607038638644942e-01,7.253990371980776342e-01,5.609433304031528206e-02,5.016687908810464336e-01,5.943430474289945753e-01,7.536523312175387179e-01,9.190579632671973531e-01,7.798301598002377322e-01,5.367553076533710943e-01,9.663580007165709640e-01,7.836956115361152220e-01,2.460644374636637433e-01,7.560124814220499090e-01,8.194152024631115028e-01,9.452836216816470349e-01,4.160967984294948740e-01,4.110217819554453644e-01,5.675644032350848356e-01,6.793729813742818147e-01,7.477151750974460054e-01,7.318324311745803001e-01,9.504309069096456009e-02,2.764410809737001262e-01,8.616500489121952100e-01,4.035231309549857093e-01,4.396940449718549360e-01,3.280049596247507360e-01,4.145338997900898659e-01
8.247576048940771232e-01,6.778928725921689047e-01,6.017380792996656069e-01,4.689247038083198538e-01,2.750805935253294865e-01,6.721904486774561427e-01,6.321154379461503270e-01,4.999118603520292248e-01,6.663309939231647494e-01,3.613840906145492360e-01,3.511106933397643015e-01,6.460014364516639684e-01,5.113211025425083989e-01,6.698967230297133701e-01,0.000000000000000000e+00,5.593177214866273950e-01,7.961044014194790241e-01,3.822838297489660198e-01,4.833916393447617033e-01,8.403605361366495163e-01,8.405210683280579520e-01,4.891533614974278854e-01,8.476475604805558395e-02,9.496441620107038961e-01,7.444961185749918720e-01,3.288102628477979072e-01,6.051664911909581113e-01,6.014870787045891731e-01,4.554464842176075834e-02,3.123571267359369630e-01,4.860320678205297118e-01,5.607619820209961414e-01,6.339707599159254414e-01,5.537172694286890406e-01,4.350893721564403904e-01,2.854192982883646534e-01,1.800848746795358224e-02,-2.406868972072369883e-01,7.388829663812938042e-01,4.482266547909536936e-01,6.062467820613551828e-01,3.942723116131868766e-01,9.146776119912698455e-01,4.081194319577294838e-01,4.721364204169953283e-01,6.561717206371137090e-01,5.440517981296160155e-01,6.392831767734890036e-01,5.410870490249364284e-01,5.441723804234149808e-01,4.123963026458410397e-01,9.568014996106635195e-01,6.065285937467683741e-01,7.569230315840320689e-01,6.566658290035399803e-01,7.177539993192783019e-02,7.009848063870407486e-01,7.453650737763568568e-01,8.603003485783269344e-01,2.037852007255483711e-01,2.154621653196576447e-01,7.641118427509517586e-02,7.819499732756858279e-01,8.737529356522061308e-01,4.560048731873589944e-01,6.034910084296887245e-01,6.459038405743138256e-01,4.121280640433478970e-01,3.701517403490826030e-01,6.059112609421711815e-01,6.085176979457878055e-01,6.043197959548256559e-01,3.725407717365311622e-01,4.215592182285495260e-01,1.684378255636761745e-01,7.358218104414331329e-01,7.997039947783686209e-01,5.134257354671799556e-01,1.386669493945666687e-01,4.736805020625146079e-01,6.710836001709352683e-01,9.276821172445873787e-01,7.007930456926473317e-01,5.802582173303119095e-01,6.200474976047710696e-01
2.681191054654737393e-01,5.900445631801877200e-01,7.398466827077270214e-01,4.821101400516540902e-01,4.880896719188730359e-01,5.595826679474367182e-01,7.690106143181625331e-01,7.356383883163590820e-01,4.293881073310344965e-01,6.569313649644359376e-01,5.194320276261132907e-01,2.628282396056885184e-01,9.804971490932097300e-01,5.267167040205927853e-01,5.593177214866273950e-01,0.000000000000000000e+00,7.662946869791886773e-01,2.816622930679259507e-01,6.409966599847578550e-01,5.803580271322279494e-01,5.608229021512227686e-01,5.951018591113721445e-01,9.810152686558664126e-01,5.193938312983482630e-01,3.109066883606690368e-01,6.054578825723663238e-01,8.900330040163015877e-01,4.730770994610382640e-01,4.258060073297338932e-01,4.505184373439772849e-01,4.814023954489086154e-01,5.740950519012125719e-01,8.508996597173658083e-01,9.239508849417797931e-01,4.300357894389145175e-01,6.256940696324291284e-01,5.490985118014428679e-01,3.764233286694260716e-01,9.252013320835122956e-01,6.048183262495276935e-01,4.655096595126160253e-01,7.045312414843100113e-01,7.142155226857397343e-01,7.771090789990237058e-01,4.902679440420443790e-01,5.121404781382833393e-01,4.348230552549565697e-01,3.142246464796215610e-01,4.763879545425282469e-01,7.670755468097543162e-01,6.514654511982790330e-01,8.823952025416099687e-01,7.626225042484789940e-01,7.020829555075015493e-01,9.272616827280298901e-01,7.670518205696008618e-01,6.239456324111736230e-01,-1.003863416737801884e-02,3.105467473336225859e-01,2.741343604323432381e-01,6.519060241706244874e-01,4.146256991106370693e-01,6.633396615488480474e-01,8.196863292891870545e-01,8.542086718880796958e-01,8.433823236872465268e-01,7.094570256197467728e-01,7.743073269599819453e-01,4.243529679985420522e-01,9.464867339908953348e-01,7.001137497905036700e-01,2.513195125692115339e-01,2.927068749924102153e-01,7.955158824830002029e-01,7.860498572432090825e-01,1.356197948638197259e-01,8.052437041816937757e-01,1.731128751833772850e-01,6.602727860171105911e-01,3.450598388889847268e-01,6.765736721039470325e-01,8.994231306665032566e-01,9.418620363214788016e-01,5.619484976270501253e-01,6.786653175584759223e-01
7.194995966791689623e-01,7.705916246178625695e-01,4.959077267939048239e-01,8.384348418381850632e-01,6.305080478759570450e-01,1.529382628742581574e-03,2.670725035700167727e-01,6.719220544917900995e-01,7.826238980763536857e-01,9.252931709673315464e-01,7.967126207768805424e-01,3.394106934117969154e-01,8.197111802964555105e-01,7.872265722994454817e-01,7.961044014194790241e-01,7.662946869791886773e-01,0.000000000000000000e+00,6.547493105133129765e-01,3.389743650987890322e-01,7.015578852581976221e-01,7.769641436853598204e-01,6.936706510787585822e-01,6.452018526225361539e-01,9.808152674235197654e-01,3.172306424433089522e-01,7.169107051548697651e-01,5.637797227725841465e-01,7.040086575017856507e-01,5.533566310018434020e-01,3.675995500560903517e-01,-6.402892715411401259e-02,4.479427489948892283e-01,1.527971665321350148e-01,8.552263278017151471e-01,9.885596825422112710e-01,2.753387940185296756e-01,3.348042012263216516e-01,6.207716231805071594e-01,2.927069830889653668e-01,7.053300022389700219e-01,1.521045968291823147e-01,7.296990569521432102e-01,8.214335804200881830e-01,3.934022877387111095e-01,9.082280828039538401e-01,7.359737628209713778e-01,1.596469218743714891e-01,8.249560780790907710e-01,7.922720446262121463e-01,4.525687360282990568e-01,9.503523526507451358e-01,7.545171567867086093e-01,5.144006414153502460e-01,7.901577148433469588e-01,2.287296468879775613e-01,2.152612679954317432e-01,8.498052034368036578e-01,6.924552413033693288e-01,7.350637866349614136e-01,5.420200286932398415e-01,3.718961995915123220e-01,9.745225022180854790e-02,5.563748104734744793e-01,6.436307316673681722e-01,4.778411953826421366e-01,6.143973254781578408e-01,6.056992892016863639e-01,7.410293166336574533e-01,6.544041981479121750e-01,2.370056802607768409e-01,6.880789569239958992e-01,8.056189360441358138e-01,7.377513685321800130e-02,3.743636945478278077e-01,5.566801427048341244e-01,9.508089303740968612e-01,9.353105975498194891e-01,7.550976653183285592e-01,3.075432692775338372e-01,2.412865307973375562e-01,6.319405546165919318e-01,6.097717804226404636e-01,2.454942278232336572e-01,-1.813014654940293680e-01,6.457895551360429698e-01
4.698649160908006661e-01,2.801385563561178960e-01,3.273625223220305025e-01,9.175167592619567491e-01,7.876385214136760737e-01,7.464281509336189169e-01,7.694816343391039926e-01,7.351905113907810652e-01,1.242249529772555539e-01,4.895052068570511783e-01,7.313806029033514955e-01,1.139291965088609117e-02,7.439575866658036940e-01,3.910264073763654036e-01,3.822838297489660198e-01,2.816622930679259507e-01,6.547493105133129765e-01,0.000000000000000000e+00,3.668480940011486502e-01,9.997190537938166477e-01,4.084312248301376069e-01,7.653695313832585834e-01,9.443862246052969756e-01,6.401454677606807087e-01,2.377927693875238058e-01,7.719439712015669919e-01,6.198823454557279566e-01,8.508796212453956231e-01,5.922332495243260997e-01,6.166451223036397700e-01,2.690756653170650603e-01,5.486751376673643099e-01,8.682365585668344599e-01,8.806791638419269042e-01,7.560672418421436891e-01,7.491780417515703228e-01,9.360518969712026960e-02,6.998210187889160050e-01,4.061511699094952910e-01,6.055857135001515568e-01,4.411259510374528348e-01,8.465707548721089770e-01,8.920829407949296685e-01,9.385092618733733572e-01,8.793435050305558054e-01,9.476783244294946229e-01,9.352527250065519882e-01,3.627234577531333048e-01,6.607904840373913791e-01,5.122435052394249677e-01,2.957718404934909784e-01,9.970852171987637513e-02,3.242713240437772315e-01,5.192564746370276207e-01,4.250131410088932582e-01,8.147504551200305256e-01,1.061351811061601452e-01,7.780707443680846547e-01,8.905593763507555494e-01,4.592879029551494297e-01,1.492578035279788773e-01,6.625881115905624119e-01,6.315958012019174950e-01,6.629458078267662646e-01,9.347776483942076275e-01,5.961009655310138822e-01,4.709691119328536235e-01,7.885359956349460298e-01,7.936087579297770311e-01,4.976167150761973135e-01,7.647811461678837297e-01,9.736130626737244942e-01,6.077800171130587348e-01,5.753935814768764700e-01,7.051090521143335010e-01,4.772287761304511156e-01,9.931568164092050566e-01,5.618236023364557852e-01,7.453507355157119596e-01,3.828411023822080872e-01,6.555046851804886554e-01,7.022851324814879392e-01,6.961616756278306284e-02,7.060054238180460962e-01,5.020140078023379582e-01
