0.000000000000000000e+00,7.381048726006275151e-01,7.211410068089787462e-01,9.014757416326407702e-01,9.716041295137238798e-01,6.068495826817545957e-01,2.710482899901339726e-01,5.403141048732140739e-01,8.000646114249926333e-01,5.616702554833805650e-01,6.637035929113821453e-01,3.636486164816698508e-01,5.235527666465796814e-01,8.262433300892914056e-01,6.687979882387786734e-01,3.491698783106218507e-01,9.565048986565956035e-01,9.759321003092424895e-01,9.451789145444692286e-01,6.105158742993628262e-01,9.071727059510232838e-01,3.825053943654164179e-01,8.072278119637554816e-01,7.873747837930800131e-01,7.946655428750653005e-01,7.404905281998601652e-01,9.617377075266141384e-01,9.674632140525630808e-01,2.624173136307497156e-01,3.093517040456315037e-01,5.835487989110065277e-01,6.895533348656595063e-01,5.944461254110940951e-01,4.185336984804005067e-01,8.646948620514052219e-01,4.479023654660761466e-01,4.472505586563843560e-01,3.287142574960959518e-01,3.968754934376660382e-01,9.801430991369372014e-01,3.251654991432524344e-01,9.703788991199686631e-01,7.215004839977032791e-01,4.049756431289648906e-01,9.234373114348222167e-01,5.315109260759669496e-01,4.793929984269044153e-01,7.191903368823961973e-01,9.633219879114938156e-01,7.779290468072532772e-01,7.198154213217774489e-01,6.596273304330645404e-01,7.182255976522029517e-01,3.055143832839242735e-01,5.247430894886364605e-01,7.566709256832166997e-01,8.957267591518249805e-01,8.714540926512570618e-01,7.242147703854030505e-01,7.148605281146207524e-01,2.065679414600214425e-01,7.326591950205606496e-01,6.040605514841231871e-01,8.987138795051980988e-01,9.248508555957156707e-01,8.575391590643599571e-01,4.619668654797043361e-01,6.192926579373640994e-01,6.137655631864271655e-01,6.140155013155048636e-01,6.600322392333787258e-01,6.643234770961148339e-01,4.092158903856185082e-01,2.274494861093205589e-01,6.018936776049275128e-01,9.113029856692433928e-01,6.772475723026352146e-01,6.454223270690702119e-01,4.680156896828774338e-01,4.700719584014030616e-02,8.365809623719148158e-01,6.431768423533470447e-01,2.217964182310517007e-01,3.684650892360973318e-01,7.489755355625311584e-01
7.381048726006275151e-01,0.000000000000000000e+00,5.364265970697017494e-01,5.094021323754202024e-01,1.531403938712230517e-01,7.890353584225930916e-01,7.205941516533580504e-01,3.852034165535226373e-01,4.078114777496816279e-01,7.127230465633890288e-01,8.233032622451545990e-01,5.970541871739558637e-01,9.146064101500411825e-01,7.984258229568385046e-01,4.022623575752347636e-01,8.369068705818765164e-01,7.942235671357107396e-01,1.133201156252702790e-01,7.775044737595786515e-01,8.871243853855430572e-01,9.410575231309428190e-01,3.557824488388722783e-01,6.255104262723841790e-01,8.061897805510473969e-01,6.419943898512568969e-01,5.182746074695261385e-01,6.435273932684799636e-01,7.357612064846335009e-01,4.682214369024060296e-01,6.957050652192831031e-01,6.328536457863055409e-01,1.628441585826187754e-01,7.851106099508552427e-01,2.222811515399155669e-01,4.681387379780053148e-01,7.549506868717897889e-01,4.824821293395927246e-01,5.510274618168579108e-01,7.259194107366877535e-01,7.502766891704584218e-01,3.031512190507229532e-01,7.462408661108426156e-01,7.347526977554443839e-01,5.841324961397265092e-01,8.567470101888351453e-01,4.437123180542591472e-01,9.714762824278561082e-01,2.671784169038846080e-01,5.149022439510118065e-01,4.967413874347206271e-01,5.681088193818428778e-01,4.921769665141212946e-01,9.307908208912664128e-01,8.419690181888441760e-01,-1.557206371954918955e-01,7.553242148108691989e-01,8.663899801791006272e-01,7.580420815908579524e-01,6.435095877554725119e-01,3.561105329134296449e-01,3.233435097897107147e-01,5.180424912332639575e-01,4.905444693431555980e-01,4.563993001626869828e-01,6.733936017686741327e-01,7.267705980752660055e-01,3.882421684435371501e-01,6.174094036658830387e-01,3.097190812242257563e-01,3.154375872754591192e-01,8.710240926415486751e-01,-6.703491936655361916e-02,5.997883590463775061e-01,4.947338324377500984e-01,6.888770032065011373e-01,8.426077636172539798e-01,6.239131077833456329e-01,2.591795377656025412e-01,5.372580576188792367e-01,2.035075505173505883e-01,3.050196387028852318e-01,8.450330119684794639e-01,6.304737091528083148e-01,2.797192645020985524e-01,2.038045996252459691e-01
7.211410068089787462e-01,5.364265970697017494e-01,0.000000000000000000e+00,6.845516327403694534e-01,9.725053046188979478e-01,4.051125819057461719e-01,5.770710196568967776e-01,2.949699229610557305e-01,6.356569259502758973e-01,8.097427614464223211e-01,6.374752818597777537e-01,7.749519571486492842e-01,9.997585465649497238e-02,8.315710245402618828e-01,8.618161043945098410e-01,3.389306217439859714e-01,7.010659867164933390e-01,9.892560354016219915e-01,7.069577891494013278e-01,8.485626915592290320e-01,9.838312266351880719e-01,4.713029192966690650e-01,2.025918444459047507e-02,8.150350739809537615e-01,7.512372297654784647e-01,9.954448613071746887e-01,6.394572076701910968e-01,8.224590730747765033e-01,2.467905205621491183e-01,3.861917671466579272e-01,4.714912245991021433e-01,8.696417707375460049e-01,9.363265171806479659e-01,6.566182364164725449e-01,2.915667824393243235e-01,1.684356980522373481e-01,3.910825765166072721e-01,3.482553042559212164e-01,6.671989446407765589e-01,7.484828097451098339e-01,5.600636389198072607e-01,9.831832860546182440e-01,3.140537197520535950e-01,5.051877969083603537e-01,6.205297567504061140e-01,6.537927034175708974e-01,8.728580509799450660e-01,7.184033874539540454e-01,6.583935653812944544e-01,7.413771307021121970e-01,6.506759802585637686e-01,7.343266710452608370e-01,8.173787046652137844e-01,9.576955950356108582e-01,5.753284224367940514e-01,4.013590298771871900e-01,8.092309710820816404e-01,9.365754117377234067e-01,5.686539076705774409e-01,2.324335129868915772e-01,6.600641613095576954e-01,6.568224653217894504e-01,9.886728673645732712e-01,7.206117171024196688e-01,8.315458003432589784e-01,9.038194956395954049e-01,2.599485971471081069e-01,8.394135485125482354e-01,9.102907554988437511e-01,4.409178110932336914e-01,8.195243430219575353e-01,8.110987114250052532e-02,5.445468498614474129e-01,2.485983259101227916e-01,5.130693870416965785e-01,8.538724037635551101e-01,8.956280636174066556e-01,4.310964096734148376e-01,3.215589298199912349e-01,3.828377938245028922e-01,9.743131980688234384e-01,4.273833300273508495e-01,4.272969094468440088e-01,9.875134389299345949e-01,9.152832784283996270e-01
9.014757416326407702e-01,5.094021323754202024e-01,6.845516327403694534e-01,0.000000000000000000e+00,9.274319388075091819e-01,6.117973926898956361e-01,5.008633139300123771e-01,4.287142285047039758e-01,6.343736533585591086e-01,7.665532439170695822e-01,6.288461462782217737e-01,6.363877873975557486e-01,4.862803499023594100e-01,7.128660493966564315e-01,9.611598696416567833e-01,9.909491256305799078e-01,2.825567085857606520e-01,7.779480021815163848e-01,7.304531474421704917e-01,9.579368784306322437e-01,5.060041695264131389e-01,8.456048995017315661e-01,8.121743325147445791e-01,7.681145488683769340e-01,5.114733425209951889e-01,7.272719455450891157e-01,4.281200049862301515e-01,4.409367594736839369e-01,7.940250802945014730e-01,5.812018114220931508e-01,3.230730015472070282e-01,3.631468731733392685e-01,6.638455772408771161e-01,9.413415666040214624e-01,6.194651235785212373e-01,5.465182102415091503e-01,1.036481403999928719e-01,6.539409454490698881e-01,9.417938748682290750e-01,7.624354228321262861e-01,4.384042855868602873e-01,4.398206739611558724e-01,4.806992150289748356e-01,6.148266974546301444e-01,5.157838725425072379e-01,1.296207538057505826e-01,7.059309872461225766e-01,9.076971585036802681e-01,8.467060063070173948e-02,8.100545523384315993e-01,5.967780641840058076e-01,6.910934677516173963e-01,1.884381978161562277e-01,7.655366865409526378e-01,8.799300047533338553e-02,7.841597856757264173e-01,5.634681747417530362e-01,6.997835122599266322e-01,7.472207951797100733e-01,-4.211961490212517978e-02,4.634747880994296576e-01,7.333544906458082657e-01,5.015997846902858770e-01,9.569351001245578470e-01,7.528985742711772344e-01,6.419800228313178314e-01,8.688755508756822454e-01,8.242360822817227373e-01,5.572177877847939165e-01,5.516297687659621474e-01,6.460086921061078957e-01,6.140930623158639134e-01,1.553790240746815154e-01,4.514869328720202968e-01,6.502834743627455838e-01,6.323511300525929135e-01,8.557952912886146457e-01,5.012141772792569894e-01,3.699357072240085920e-01,1.345588194746400734e-01,1.478931855305255227e-01,1.029484522065031576e-01,3.480439104019952268e-01,7.305126217838412428e-01,8.065619516195737804e-01
9.716041295137238798e-01,1.531403938712230517e-01,9.725053046188979478e-01,9.274319388075091819e-01,0.000000000000000000e+00,5.179066178258233677e-01,6.240193849361336254e-01,2.212507461993916125e-01,7.744498862725384125e-01,3.490499373086399792e-01,7.853304486864323142e-01,8.136451489491444145e-01,9.013286285574285683e-01,8.547076613406418000e-01,8.529495141659583224e-01,6.371739756753680428e-01,9.573265434465103585e-01,7.815474477542979637e-01,7.726044986370985690e-01,7.235785028355868898e-01,5.271668992868887571e-01,5.215905915638069379e-01,4.820351188241654983e-01,8.987916173911350004e-01,3.261917063669289019e-01,8.516955411796270914e-01,8.290142552189138092e-01,3.363114988844407849e-01,2.202804284380066591e-01,2.500054879135719665e-01,7.769591115315610530e-01,4.905309151682684665e-01,6.654546948023305486e-01,6.704365591881077391e-01,6.307322345361573435e-01,5.060834325004425205e-01,4.899278946202680896e-01,7.742087282800834691e-01,7.400086798616023476e-01,6.732386066230668931e-01,4.071194862694906824e-01,3.528255046117271809e-01,9.563973492441693036e-01,5.058873828499007574e-01,6.705759184451606236e-01,7.687437360725606350e-01,2.069112894942480296e-01,8.343107589053501139e-01,6.271315101869880948e-01,4.163382079271846781e-01,2.515708961441845970e-01,7.468197331927779459e-01,2.410892773398942979e-01,9.380017169307041103e-01,4.042087988355361761e-01,7.636364162345808948e-01,7.794095861935939062e-01,2.358307609423213741e-02,2.541822396209553192e-01,5.969125406785409371e-01,2.305783507983619196e-01,6.918601035975017188e-01,9.015742178600986145e-01,7.346638699552866525e-01,9.389777653431288229e-01,1.623206315588816562e-01,4.722233083775186357e-01,5.890251566002575601e-01,2.307204232336151906e-01,7.628019016989375789e-01,4.550874214131823137e-01,2.318339910194266440e-01,2.212535093804079145e-01,3.784283536776230639e-01,6.766062335318328014e-01,5.382347520325476697e-01,6.516755910068985358e-01,5.450221716957700524e-01,5.897489879756998565e-01,5.730578439355940024e-01,3.912824687275112678e-01,8.338988851163628979e-01,9.925915423957969441e-01,3.755789350314435726e-01,6.134237865624416752e-01
6.068495826817545957e-01,7.890353584225930916e-01,4.051125819057461719e-01,6.117973926898956361e-01,5.179066178258233677e-01,0.000000000000000000e+00,5.578929255735822768e-01,3.926262874632751032e-01,5.726586473399811750e-01,-1.371277411702195859e-01,6.333362372353062986e-01,7.735518826494633959e-01,8.202823833382129060e-01,9.802349758987918271e-01,6.859653860172522100e-01,7.473046033735777360e-01,9.428561115567903883e-01,4.785732371929822815e-01,6.860302124674534374e-01,4.270426084602675365e-01,9.951768574638149012e-01,5.356823954409035693e-01,7.288768968495735745e-01,9.673132791284229093e-01,5.698852993831856617e-01,7.234332419396839464e-01,8.791219702980064277e-01,6.889740386956835216e-01,4.581986681634919734e-01,3.456732413295651174e-01,-7.859998717902694221e-02,5.723183868784729178e-01,4.303863713422856341e-01,6.903607460471018475e-01,5.523274697158665481e-01,1.067079397219517500e-01,4.474359156288345019e-01,4.356526642292011253e-01,4.187365347017041883e-01,4.271736118652252334e-01,3.038647091173813930e-01,7.150459094882135602e-01,9.255243395391019590e-01,3.066484641125880595e-01,8.329053646169384262e-01,7.352673065408150688e-01,6.290111789104910756e-01,6.412160206078960645e-01,6.667157041832599829e-01,1.415685587920148258e-01,7.820876732190595870e-01,5.446921378889559850e-01,6.439319686241145035e-01,6.308384073427572014e-01,7.244461785516996821e-01,6.855584864685274615e-01,6.470760962134121108e-01,8.914832133265967462e-01,7.045570515785497534e-01,2.746853328373857761e-01,2.848112585853221357e-01,4.631256921860489872e-01,2.470883956552968885e-01,5.426081773610498260e-01,5.415858361022427570e-01,9.083588413164572772e-02,7.266489636640901528e-01,7.970522298961615348e-01,6.877025799681057983e-01,5.045997743810292091e-01,8.401913054609220222e-01,3.147507403541527360e-01,1.906133938804483174e-01,2.687502823338077107e-01,5.749367580934822142e-01,5.727381124178654304e-01,9.482363181180615275e-01,7.464791207028648179e-01,3.701397986158972975e-01,2.849991577309666235e-01,5.591729838130569119e-01,9.822093666650548727e-01,6.123964835600339551e-01,2.925803425704452954e-01,4.641476891388071069e-01
2.710482899901339726e-01,7.205941516533580504e-01,5.770710196568967776e-01,5.008633139300123771e-01,6.240193849361336254e-01,5.578929255735822768e-01,0.000000000000000000e+00,6.582702115202945237e-01,1.275342117942000197e-01,5.009705390392249491e-01,5.178658031064625744e-01,6.245545628190219967e-01,5.448084816586056256e-01,2.980610678566421035e-01,7.372173765507029630e-01,6.145367883502640405e-01,6.259706546263957838e-01,4.195160841963015974e-01,4.525161898600562616e-01,4.247077734089383383e-01,8.928579874237472236e-01,5.933210048745234388e-01,3.465835163487404058e-01,5.215537453967559189e-01,5.196541842364128527e-01,7.108504024221266038e-01,2.870631895771835751e-01,6.689635748799628301e-01,5.164723989719787189e-01,2.470856588640957252e-01,-5.197275081790603268e-02,2.644990763948515955e-01,1.852037635761059342e-01,4.322242998970967642e-01,7.376276907999357313e-01,4.923855084494103695e-01,3.539319381761634603e-02,6.285782450082204598e-01,7.679269151858733045e-01,6.462397570648548140e-01,4.596451262605127930e-01,3.462218173406456101e-01,9.058339975519454912e-01,1.602634453435116124e-01,4.524857238627681966e-01,4.936245652384579907e-01,6.893857109575834974e-01,3.608907067191082785e-01,4.539120970417582224e-01,4.331546692138755761e-01,2.495875848409727926e-01,7.643966848438285000e-01,6.359117558967463113e-01,6.702679241511766417e-01,8.851222192637594466e-01,5.354121053887730408e-01,5.639832056192549681e-01,4.260823670526380225e-01,8.433857271975155889e-01,5.723641279056682629e-01,4.450043814559623834e-01,2.610968047661006430e-01,6.707141311654814253e-02,9.723856793841989532e-01,7.609229878278210846e-01,6.383423236409244694e-01,6.741728573198250141e-01,5.174630910683631901e-01,6.634851820783267407e-01,5.707419531735946627e-01,7.792407257101767737e-01,5.227359831441825699e-01,4.389445620574054518e-01,6.357104284310588493e-01,5.594715328369506691e-02,1.676083522081449895e-01,4.097281138223315966e-01,3.711647358015877085e-01,1.267934034514809627e-01,3.992974966573804574e-01,4.290015802758558316e-01,4.565561493997511988e-01,6.163547112121768867e-01,5.884561184052750082e-01,2.764430071679422340e-01
5.403141048732140739e-01,3.852034165535226373e-01,2.949699229610557305e-01,4.287142285047039758e-01,2.212507461993916125e-01,3.926262874632751032e-01,6.582702115202945237e-01,0.000000000000000000e+00,4.475765464548436268e-01,6.407610976666656688e-01,2.858861484497355332e-01,7.827336938792017751e-01,7.798384270878119251e-01,6.054189093729357429e-01,4.242855165554417218e-01,2.019060123000649409e-01,7.818600511183941837e-01,4.670791014733713387e-01,4.649168573253504300e-01,6.353840445692919836e-01,8.666948331718873355e-01,4.616861402673692050e-01,6.149293366973218600e-01,9.113879232390466045e-01,5.902852133023581693e-01,5.369138094690961704e-01,4.684140935131330674e-01,6.668958310721537774e-01,7.604821339253834411e-01,4.231948526869018234e-01,3.789590194801862877e-01,5.221697841023440478e-01,5.767052935468380825e-01,7.955496544536421188e-01,4.310619219457239026e-01,3.961890612236627085e-01,1.722050159777379630e-01,4.529757042417945634e-01,8.831526092893871027e-02,4.514019413947488735e-01,1.236524666021818208e-01,3.106429655890680652e-01,9.144055090012164211e-01,5.034664478198749293e-01,8.277244480072507571e-01,7.629126749099649496e-01,3.895725025789731344e-01,4.956647516154831234e-01,6.815108207774370763e-01,8.550671381117740388e-01,6.490748791519893590e-01,1.491281596489554551e-01,6.931315452500966812e-01,7.603745411939610843e-01,5.065020279313928731e-01,6.657103372461907753e-01,4.802518991999538689e-01,9.902482747771808314e-02,5.556815881879987318e-01,5.887052722978292074e-01,5.670040690978952469e-01,4.535692870524856701e-01,7.201112413646896249e-01,7.179801798213867325e-01,8.052158389132403338e-01,3.443231889760953734e-01,4.718548813833997602e-01,5.622730375956102034e-01,6.596167963508698939e-01,7.553164539415389012e-01,6.246939105855053853e-03,5.626803145469778666e-01,5.908067463467636671e-01,5.318869768043101853e-01,3.791437667511784460e-01,3.911857233402767919e-01,5.300966208360280429e-01,6.526850734599033421e-01,3.531888704418303382e-01,4.308618837021818693e-02,7.012344244054830034e-01,8.367315327109324796e-01,9.720754302524697854e-01,2.040136022757617629e-01,4.453532558821338694e-01
8.000646114249926333e-01,4.078114777496816279e-01,6.356569259502758973e-01,6.343736533585591086e-01,7.744498862725384125e-01,5.726586473399811750e-01,1.275342117942000197e-01,4.475765464548436268e-01,0.000000000000000000e+00,3.327534025839058440e-01,9.513661805611521860e-01,1.716984030584403076e-01,8.699317381444395814e-01,6.425564507474933462e-01,7.031542703815657491e-01,7.698858686735846613e-01,7.518096689972689761e-01,7.339375126550509165e-01,4.556246234382446691e-01,5.700054777794115735e-01,2.868539885954273227e-01,4.276340260251354497e-01,7.146967559879414678e-01,8.537880560245998396e-01,5.719920873821807694e-01,5.875109552544584002e-01,5.057267556037686740e-01,2.697220314645877304e-01,3.371079996054650030e-01,-2.984193717008373214e-01,3.016014163164214557e-01,4.896648355659193319e-01,7.574920249985329646e-01,5.478405636472941653e-01,5.913778034347246804e-01,4.222956121485533787e-01,3.465549448759840945e-01,-1.784042916181043936e-01,9.116779757484388957e-01,2.126256421929176854e-01,4.404792073420375487e-01,7.930019781668057322e-01,4.701797287421972671e-01,8.560913007908550476e-01,1.250520774465554430e-01,6.614166613267984385e-01,4.091899501159565467e-01,7.086871922138289204e-01,5.806611429103720745e-01,6.494061587186892304e-01,4.965952682746650471e-01,5.445742496640156860e-01,4.548668526570250892e-01,1.074614533959856177e-01,7.269783990705686039e-01,8.496678232749154125e-01,7.653248197860488267e-01,9.925239414383192349e-01,2.893986937737367260e-01,2.901556646065781009e-01,1.059469971824948953e-01,6.116180535219415404e-01,5.309633858669693396e-01,9.142818816617723776e-01,7.194707321770016373e-01,4.087156601571318437e-01,4.512466189152380402e-01,8.359499591678869468e-01,6.714381633160185769e-01,7.902209469905707717e-01,9.032195486949592400e-01,4.229237222009409880e-01,7.925040438400405840e-01,5.856942909133941999e-01,4.439333920346629769e-01,3.005167966949309211e-01,7.213567374743397043e-01,4.541606415250269979e-01,2.045451276085154535e-01,3.002852857127057407e-01,5.136582331017153225e-01,5.033766227741921506e-01,7.672000279148909474e-01,6.480427871386137406e-01,6.351159125769103575e-01
5.616702554833805650e-01,7.127230465633890288e-01,8.097427614464223211e-01,7.665532439170695822e-01,3.490499373086399792e-01,-1.371277411702195859e-01,5.009705390392249491e-01,6.407610976666656688e-01,3.327534025839058440e-01,0.000000000000000000e+00,-1.085147864174114546e-01,6.676658677436205780e-01,7.502191813810263898e-01,5.556394559047639348e-01,5.542478909370835982e-01,4.111844346870791034e-01,6.895982504959912163e-01,3.993573953873277294e-01,1.984282393175476611e-01,4.228529399901403973e-01,7.957962002407624746e-01,7.786886412843324612e-01,9.810434293645874382e-01,8.351214147118694031e-01,4.722790817172422551e-01,8.516829817117882451e-01,6.129916711444048927e-01,6.701018856657258160e-01,2.971349887232179743e-01,3.434712229923367888e-01,2.891608131286227956e-01,7.615473301048387711e-01,7.431305138776869157e-01,7.033419244691742067e-01,1.839415460925581947e-01,7.633984863985765479e-01,5.987716085523595577e-01,9.374378925097864856e-01,9.952784311700584308e-01,3.852998080489411503e-01,6.527074182974922367e-01,6.949784827736729120e-01,6.624946822905749544e-01,8.175716579119104432e-01,8.310595177898267849e-01,9.152858729813539984e-01,9.306197854361660804e-01,6.919896500114206539e-01,4.437838834378728392e-01,6.462991612032960020e-01,6.591908830083508253e-01,7.439746426646544064e-01,3.317225941475382411e-01,4.950079728119205491e-01,4.984192723308754625e-01,5.159567407880800705e-01,5.666730204203719312e-01,5.077262685542984766e-01,8.746313532914425926e-01,5.097832610491834782e-01,4.121404084470126628e-01,3.788630348700167128e-01,8.806754782309851315e-01,4.374000892588350009e-01,7.604398690538196615e-01,9.317858460267580689e-01,9.573979269111170254e-01,2.536292761522784822e-03,6.824276055431558463e-01,1.747086862284147335e-01,3.565345813291375121e-01,3.544092111306085813e-01,6.703381547009018560e-01,4.701258109347213887e-01,2.587484946234883676e-01,4.164456582491478653e-01,5.555475060698387146e-01,4.496725280808668290e-01,7.678216300332471045e-01,3.042601138529918980e-01,3.960469615879686489e-01,6.484658548706685455e-01,8.768266088635540134e-01,5.248669801938998791e-01,4.202007366867716032e-01
6.637035929113821453e-01,8.233032622451545990e-01,6.374752818597777537e-01,6.288461462782217737e-01,7.853304486864323142e-01,6.333362372353062986e-01,5.178658031064625744e-01,2.858861484497355332e-01,9.513661805611521860e-01,-1.085147864174114546e-01,0.000000000000000000e+00,2.787124667490559760e-01,6.452099754714359925e-01,7.082387021207989797e-01,3.686149833668329046e-01,6.833183688543349454e-01,5.239705179363733922e-01,3.319380506935710184e-01,5.187597696575825257e-01,2.578267458186507266e-01,9.975612760192094364e-02,6.545826061391017969e-01,6.456748687678347531e-01,5.742974568449429329e-01,4.699053175528169479e-01,4.069255524134237634e-01,9.592294299968455729e-01,4.691599600773509460e-01,5.327970360523109905e-01,5.393546715657744350e-01,-5.401953850329885287e-02,7.367457716396360601e-01,7.337848497440067064e-01,8.513794051388856587e-01,4.674250688583717617e-01,4.949587260640639919e-01,6.290049740379349830e-01,4.834399100211214106e-01,5.045089812952090469e-01,7.438951164609386435e-01,5.314922517184379469e-01,4.764841960996591963e-01,9.221631662522082884e-01,5.791972666131421921e-01,7.197265789971579730e-01,8.044558373786420136e-01,9.505933936774432214e-01,6.695527849622562311e-01,3.813873024832752368e-01,6.895994672008356474e-01,4.155687850613117851e-01,8.983547059947014635e-01,7.635535248191165358e-01,8.655681076489555315e-01,9.652856925863410043e-01,4.003381662787895423e-01,6.423845705536400663e-01,6.304513248924890068e-01,6.509760994029269998e-01,3.886840200746458640e-01,4.015237415515630071e-01,6.857831784102272898e-01,9.133883849989110626e-01,8.188977322929572589e-01,7.015324262375530751e-01,7.215682864387923390e-01,3.675655863928911637e-01,6.694628428751191462e-01,5.137310862117658861e-01,9.954913803134485262e-01,2.481615029066170375e-01,9.516320356875923592e-01,3.839159710164596895e-01,3.150375056032993504e-01,6.399866919660670561e-01,2.523831101136405630e-01,4.240812898621635352e-01,4.185500726658771820e-01,3.086862190479738866e-01,2.154771820516798719e-02,5.279174097560215273e-01,6.060277396106571457e-01,3.703503198103407223e-01,4.803510918644995353e-01,7.557696782127752977e-01
3.636486164816698508e-01,5.970541871739558637e-01,7.749519571486492842e-01,6.363877873975557486e-01,8.136451489491444145e-01,7.735518826494633959e-01,6.245545628190219967e-01,7.827336938792017751e-01,1.716984030584403076e-01,6.676658677436205780e-01,2.787124667490559760e-01,0.000000000000000000e+00,8.243061277034614553e-01,7.876765135474783630e-01,6.330169906679009584e-01,-5.692621843449924279e-01,8.165164724535330931e-01,4.022460704136823773e-01,2.069400136384806910e-01,7.572264876785272936e-01,9.629800225829021620e-01,4.422300787308777736e-01,4.943420523623598961e-01,8.191216322796732729e-01,5.852471137763313180e-01,8.725928372062069505e-01,8.186262992675926720e-01,5.369358475385042073e-01,4.443692078487365693e-01,3.536192825053964262e-01,4.707875772063297992e-01,2.399936046702071946e-01,4.573137996007378137e-01,6.001452552975640176e-01,5.966748498770140241e-01,5.575189798779280892e-01,6.878106175478304607e-01,3.274461195151408266e-02,9.320250245132457589e-01,4.092046444632804758e-01,9.522002744761776105e-02,6.044788454804531641e-01,3.489987041844954119e-01,9.229702850405033798e-01,6.604177896635441414e-01,4.126476022766821239e-01,2.489011355654091873e-01,4.496736556675733909e-01,5.832779628245309267e-01,5.358464619863352318e-01,4.195744727348381664e-01,7.232716419544586994e-01,4.971577438199996646e-01,8.961676884698879242e-01,4.555791089027014240e-01,9.496334999381916830e-01,2.079889930842386894e-02,6.584040620322362258e-01,7.170984640733780724e-01,1.086893192149519100e-01,2.640984958526999549e-01,2.880844536323440841e-01,9.496531363430570361e-01,3.764953672791979677e-01,9.446904531884665612e-01,5.842033385541213208e-01,8.235945333500607202e-01,4.349973474225002912e-01,2.083168820502915852e-01,3.074410287930018915e-01,7.425393148509409347e-01,7.270509565097782456e-01,6.102028679817501633e-01,6.151771413237359237e-02,5.675252389881570991e-01,5.290351815760079290e-01,6.983158670420268610e-01,4.699449823239120749e-01,2.549727924841284077e-01,5.927433399441379702e-01,5.534508845173704561e-01,4.208501687195106977e-01,6.424667772835014334e-01,1.134275746625846293e-01,6.202607092075779205e-01
5.235527666465796814e-01,9.146064101500411825e-01,9.997585465649497238e-02,4.862803499023594100e-01,9.013286285574285683e-01,8.202823833382129060e-01,5.448084816586056256e-01,7.798384270878119251e-01,8.699317381444395814e-01,7.502191813810263898e-01,6.452099754714359925e-01,8.243061277034614553e-01,0.000000000000000000e+00,5.678787326270016145e-01,7.431825348767781003e-01,9.805324490443243501e-01,3.218472199070447348e-01,5.369375869848949101e-01,7.343145909078276912e-01,9.085667571023794409e-01,5.376934407318132436e-01,5.184224460637656406e-01,2.560641563293920564e-01,7.231619090758546475e-01,5.178300158848172519e-01,8.162479311708723539e-01,7.914300819254117547e-01,4.649425094133557979e-01,3.514847960829470264e-01,1.954240496003949168e-01,4.471839947798686432e-02,3.419523169487474479e-01,6.072952592701648111e-01,7.062962264313470406e-01,9.629335614959138034e-01,2.737117537583668159e-01,5.945834714833821977e-01,7.998749507431330841e-01,7.407408557789870729e-01,7.626193937960149549e-01,4.808901182994672618e-01,2.675626056454269430e-01,9.684093421705373128e-01,5.640649577803746872e-01,4.004894505483025946e-01,9.995465074554221729e-01,7.163235955314438685e-01,6.088433089825714406e-01,2.329726303381221553e-01,7.428904406791648762e-01,4.663733023680041723e-01,7.669854677008174360e-01,7.941820590547623571e-01,6.599325431139236864e-01,3.392446782030803520e-01,9.479077268852411642e-01,8.642485232255040506e-01,8.225902694201657761e-01,5.910749402259627416e-01,3.457281374111424443e-01,3.517406268951018822e-01,7.241893102104406399e-01,9.782759014205237857e-01,7.950615141505287253e-01,8.589971718724358496e-01,2.520043221021173729e-01,6.602317439341733873e-01,5.373104543757265539e-01,6.132419085727388586e-01,4.233252099964402437e-01,3.195846045245005485e-01,8.777570670638028538e-01,6.922564658148355754e-01,2.214789662026014350e-01,9.748442584746696005e-01,4.295406817426269952e-01,4.002581203924264752e-01,3.641213505655233051e-01,3.557785884645188190e-01,6.529953289242036440e-01,8.209322253647668433e-01,6.433277544673048354e-01,7.223934354739125485e-01,4.312776160474538489e-01,6.918068516921659361e-01
8.262433300892914056e-01,7.984258229568385046e-01,8.315710245402618828e-01,7.128660493966564315e-01,8.547076613406418000e-01,9.802349758987918271e-01,2.980610678566421035e-01,6.054189093729357429e-01,6.425564507474933462e-01,5.556394559047639348e-01,7.082387021207989797e-01,7.876765135474783630e-01,5.678787326270016145e-01,0.000000000000000000e+00,6.806307882497921735e-01,7.920319996006779384e-01,9.280059647103577891e-01,4.349377181295879247e-01,9.007451350060234896e-01,1.519841221741886350e-01,2.243148084333426717e-01,7.606600643657115413e-01,4.817906445538767679e-01,7.123270533083413403e-01,7.462314845827507925e-01,9.967219595249878772e-01,7.569868350669004542e-01,6.447428845716438595e-01,2.305744823007476463e-01,7.922811685318300601e-01,4.086195219979033011e-01,6.076417430481449999e-01,6.670462683461484410e-01,5.801328517737442958e-01,6.039345517963871091e-01,5.335344837729367740e-01,5.221481850020801563e-01,6.697161201777979134e-01,7.870630562472199498e-01,6.628172773925640193e-01,7.777520462814339064e-01,6.598610747838080659e-01,7.526696549490601296e-01,6.599483836520562141e-01,8.247534629482355939e-01,4.119524224673803969e-01,7.528830189889530455e-01,5.033198587536948931e-01,7.034699906162045213e-01,9.945676783480382754e-01,4.460388762296985665e-01,4.665208952034559653e-01,5.613131049217114921e-01,-8.153355288369561193e-02,9.921936787845011541e-01,7.268987034814231585e-01,4.689229666852417489e-01,8.427587808957628379e-01,9.276053050537332867e-01,7.073483841371098757e-01,4.094567207475784398e-01,2.283999423929006789e-01,2.974874244841249071e-01,7.350204414046236367e-01,7.136334179753930362e-01,6.083805119493860269e-01,9.676626081926906764e-01,9.142263735885063358e-01,5.739752029924307664e-01,7.160265183472891426e-01,7.141927986519156502e-01,7.708511825424483321e-01,2.691769562099463053e-01,2.603794537560026878e-01,1.960246453478807771e-01,2.411746545393502472e-01,8.426765585697213456e-01,8.675764118331346086e-01,4.527064576513589178e-01,2.365024644367365869e-01,2.421613599392516969e-01,9.712651226069978216e-01,7.676554431028350667e-01,6.207876676873368416e-01,7.187792594110945510e-01
6.687979882387786734e-01,4.022623575752347636e-01,8.618161043945098410e-01,9.611598696416567833e-01,8.529495141659583224e-01,6.859653860172522100e-01,7.372173765507029630e-01,4.242855165554417218e-01,7.031542703815657491e-01,5.542478909370835982e-01,3.686149833668329046e-01,6.330169906679009584e-01,7.431825348767781003e-01,6.806307882497921735e-01,0.000000000000000000e+00,6.276561812143902630e-01,9.636326621869131248e-01,7.490660780619320391e-01,4.874889629289981263e-01,8.166952151379874847e-01,8.656027696413940431e-01,5.570032837079113008e-01,4.004867333752181180e-01,7.720979713316123982e-01,6.785026649646349606e-01,4.677602959060431775e-01,7.295286662720090742e-01,5.861614610270761139e-01,1.951349203033489466e-01,4.627611708860221440e-01,3.139563423525096320e-01,6.958346831047516057e-01,8.697524474556231899e-01,3.977435369727945202e-01,7.427365238572318784e-01,-1.937310386953118857e-01,-7.496864855159793284e-02,6.795333212293538372e-01,7.607890060916860930e-01,6.282641308310150663e-01,3.494057032282359976e-01,5.382483132858517649e-01,4.188226868029973904e-01,9.714506457492043667e-01,7.335046669630129745e-01,7.579463340759473589e-01,4.911771198887719403e-01,7.870883963156150021e-01,7.845414572351234739e-01,7.779345071360895814e-01,2.503468175002309115e-01,9.067167142566368021e-01,2.441188564076485767e-01,6.780467715557000341e-01,7.962701266201599459e-01,6.902270965124840396e-01,5.977848586450509316e-01,4.598647239580944124e-01,7.365472182968120229e-01,4.645334008894753675e-01,2.980274822537419266e-01,7.765942814452975185e-01,4.774779464964690745e-01,7.756024765916182950e-01,8.273001971431589441e-01,5.528812917045085040e-01,5.780338816112923217e-01,7.961544202606700704e-01,2.771978315292508155e-01,8.789546137190231700e-01,8.331833010288861585e-01,3.688895996731705318e-01,5.798291352813187416e-01,6.358680037016181119e-01,5.121660403862307032e-01,5.145635293282009304e-01,3.558967785167004294e-01,4.462221760931080472e-01,7.774910979343921946e-01,3.232132607893835052e-01,3.722537745330293801e-01,9.773983819968916631e-01,6.047244952238901572e-01,5.031189765838712802e-01,7.257307258415577333e-01
3.491698783106218507e-01,8.369068705818765164e-01,3.389306217439859714e-01,9.909491256305799078e-01,6.371739756753680428e-01,7.473046033735777360e-01,6.145367883502640405e-01,2.019060123000649409e-01,7.698858686735846613e-01,4.111844346870791034e-01,6.833183688543349454e-01,-5.692621843449924279e-01,9.805324490443243501e-01,7.920319996006779384e-01,6.276561812143902630e-01,0.000000000000000000e+00,4.237215741337170827e-01,8.022425347513514327e-01,2.332333626859394438e-01,7.078679612070407634e-01,6.568690031968854592e-01,4.192755895139161915e-01,2.394544358880402735e-01,9.287604383601484326e-01,5.083939352485769003e-01,3.986257254722863630e-01,8.047205543626344548e-01,4.398441021980469268e-01,2.583822714741855764e-01,4.386420471151011857e-01,-1.427290105445777613e-01,6.254316919550496623e-01,3.226685882884723633e-02,7.732649560061568561e-01,4.381696213448236787e-01,-2.908708415625738120e-02,-9.706625693247561415e-02,6.227719510688883853e-01,9.672641413459643900e-01,5.327073940064511737e-01,3.251292991374582497e-01,-2.830106662956011210e-02,7.238159769360537066e-01,4.630776251897801288e-01,2.222929279655384005e-01,6.071263673673163996e-01,5.001336361587218615e-01,6.070472734130862857e-01,8.004818149312090680e-01,5.586171722125921058e-01,7.307315474728661719e-01,5.961095391741989546e-01,6.831204727486885897e-01,4.001559821873618139e-01,8.180351327642461090e-01,4.350970899860321373e-01,6.864495634650674694e-01,5.175862697664127543e-01,7.143981922288119568e-01,3.752032410468413848e-01,2.157439771805511886e-01,2.836838918809695964e-01,8.483610675587734962e-01,8.078489391219871862e-01,8.948429002468741844e-01,8.052392297514139319e-01,2.151180575485329982e-01,4.623904034087513715e-01,6.090538062381167794e-01,5.094315879872497455e-01,7.392578050541350754e-01,2.799534623728180405e-01,5.294339063053105088e-01,5.155242880380811465e-01,6.762707866186918881e-01,-3.465573094684852862e-01,8.430376605706679793e-01,5.091414580255930744e-01,6.830740450168985012e-01,1.068728656346454725e-01,6.992478599255522731e-01,7.412690203650255105e-01,9.578445069415509883e-01,3.455453207431959939e-01,4.842608094048401202e-01
9.565048986565956035e-01,7.942235671357107396e-01,7.010659867164933390e-01,2.825567085857606520e-01,9.573265434465103585e-01,9.428561115567903883e-01,6.259706546263957838e-01,7.818600511183941837e-01,7.518096689972689761e-01,6.895982504959912163e-01,5.239705179363733922e-01,8.165164724535330931e-01,3.218472199070447348e-01,9.280059647103577891e-01,9.636326621869131248e-01,4.237215741337170827e-01,0.000000000000000000e+00,7.429628847153266769e-01,7.530669951598462086e-01,9.104804422670053077e-01,5.982136541716983613e-01,9.033793376680452347e-01,8.161628095005477590e-01,9.890557243832986956e-01,7.774631824411819547e-01,8.318349056843948874e-01,6.526491874930031578e-01,7.352354308909312408e-01,2.893088590315235353e-01,-1.722817216652600680e-01,3.610427307794915608e-01,4.946033670465806442e-01,6.053610521335861527e-01,9.480377997266198342e-01,6.160426297859759037e-01,6.590705422690961157e-01,2.539303701651236533e-01,4.672225965392360902e-01,4.210932943746428792e-02,7.195887998256499385e-01,7.291899221664122077e-01,3.905891400307685002e-01,8.518456450572668981e-01,3.499826520950418685e-01,6.412305264567976781e-01,9.542886438196639398e-01,8.402499310673654520e-01,7.898534124602900608e-01,9.574545657898629880e-01,6.500074831268747300e-01,5.740083655256507100e-01,6.049787799218857565e-01,7.206124706856653628e-01,3.932872530910987985e-01,2.242148511171668523e-01,6.114924955584793986e-01,6.077267391476981473e-01,2.183194798382303570e-01,2.797216093010160831e-01,5.705620737821124333e-01,1.102572262252773938e-01,3.224368971486395452e-01,7.048597148637680831e-01,8.066763403780682351e-01,9.696437952775465163e-01,5.786267256987570606e-01,6.035581584805344013e-01,9.188388121609191161e-01,2.868270861887320944e-01,5.604132047171086484e-01,7.826715447790326685e-01,7.372850156877428507e-01,2.513553569538251597e-01,5.018862786120106279e-01,5.407620724540217472e-01,9.886495077799946074e-01,6.140327658557179769e-01,9.898039283052149084e-01,6.773787176610615024e-01,4.110215808557973749e-01,9.347524642780353776e-01,6.126732688776319602e-01,-3.468966176448362582e-02,5.332902021132640558e-01,5.316170165702098771e-01
9.759321003092424895e-01,1.133201156252702790e-01,9.892560354016219915e-01,7.779480021815163848e-01,7.815474477542979637e-01,4.785732371929822815e-01,4.195160841963015974e-01,4.670791014733713387e-01,7.339375126550509165e-01,3.993573953873277294e-01,3.319380506935710184e-01,4.022460704136823773e-01,5.369375869848949101e-01,4.349377181295879247e-01,7.490660780619320391e-01,8.022425347513514327e-01,7.429628847153266769e-01,0.000000000000000000e+00,3.854137764534786292e-01,7.630254923455228599e-01,4.854618146811953694e-01,4.568734148956103414e-01,6.790713586415190184e-01,3.605905367872001555e-01,2.497651958279731021e-01,4.521125004619692689e-01,6.432873077045282439e-01,7.894788659282485632e-01,2.235466965508210724e-01,7.747190237685313008e-01,6.883302460463157635e-01,5.858806986089883928e-01,8.721062867357932680e-01,1.298207945137449248e-01,6.733369767399896011e-01,2.803180258096987232e-01,9.596734869176222482e-02,2.224987399952157718e-01,8.770169220988222047e-01,7.555966489254479779e-01,5.394121021635893687e-01,5.339066756883551479e-01,2.084403897490580693e-01,9.598349335214207967e-01,9.400966283917280286e-01,5.791518594278419751e-01,3.328638680489246493e-01,7.561881999382920050e-01,2.935195212299715473e-01,6.208772055579027116e-01,9.297204540857550992e-01,5.342983210315283005e-01,7.822189278700444337e-01,6.501064209087515922e-01,9.900079862876410841e-01,4.683499829591275532e-01,5.458282354658120505e-01,8.252393707908101117e-02,8.691634459612657126e-01,4.730468828935126546e-01,5.310532240748192523e-01,6.505575770643551303e-01,6.869161906846538157e-01,3.135415799305534268e-01,5.434401039488223617e-01,4.547815945610652610e-01,7.615322083713323975e-01,9.488968771826394866e-01,7.032565763563487504e-01,7.295350661171479123e-01,6.971689462937787907e-01,1.268273863438075799e-01,3.295706059751385419e-01,6.386063061573989952e-01,7.557095515375960026e-01,5.025241146998119524e-01,5.202804025281292377e-01,6.458058363438985428e-01,7.803892157007334962e-01,4.879687384995394783e-01,3.308908521386524360e-01,7.588070546331951993e-01,7.880930802602024166e-01,5.291952173459446573e-01,5.480605751194334019e-01
