0.000000000000000000e+00,9.740579572017952215e-01,4.673709272325876629e-01,9.412150626264004227e-01,9.420007220268632464e-01,7.015968416511564332e-01,2.445590288135918444e-01,6.289727951399458616e-01,4.430364037545086453e-01,8.385793667209071600e-01,3.201959471931316026e-01,4.216189421983325691e-01,9.961909999211187028e-01,3.120648555478714448e-01,8.421528019154470579e-01,2.472677481754067541e-01,7.249172692251437677e-01,2.833517510415911600e-01,4.429205382775046052e-01,6.110212270065884521e-01,7.360284169269526444e-01,7.492851825471527061e-01,4.456374357324798252e-01,6.821342385535519304e-01,7.468038782478259030e-01,6.186774690298911805e-01,5.589553735148662383e-01,9.854485575858937807e-01,3.194949987985915563e-01,5.195364163090372411e-01,4.988029441109678164e-01,7.572859417023203310e-01,9.640054468099094054e-01,9.120251558903353928e-01,8.609305556023614248e-01,2.724628390994536797e-01,5.496761808354728718e-01,9.213517190597191320e-01,6.284999654400017510e-01,3.642345446112517093e-01,6.279776138922307238e-01,7.257852818892077673e-01,4.991193510210635287e-01,9.578657925104656634e-01,3.805556418994449075e-01,7.507567315628062010e-01,7.601145604875587658e-01,4.426126564235318139e-01,9.557170779166180852e-01,9.568549041219256424e-01,7.407580402638190842e-01,4.027773703803833039e-01,9.772161960106240386e-01,4.815940718956552846e-01,7.583814777927326833e-01,8.081734211949458402e-01,6.181481017636120123e-01,7.806445050567100141e-01,9.940650849118926741e-03,3.285114852117104745e-01,4.541507386969019788e-01,2.882328128194586725e-01,5.840180206105198835e-01,4.355431002118860251e-01,6.231603038146437124e-01,4.897845845079127347e-01,6.660726522983451137e-01,8.282033768771508431e-01,6.313281690924881229e-01,8.211852829476637972e-01,9.820285047109992282e-01,7.396477420474724118e-01,5.887516702931624435e-01,4.434522245153417197e-01,9.510011590712494911e-01,6.588127002646304575e-01,7.969220068252854672e-01,5.641102906807431427e-01,5.702535919744990967e-01,5.592585320089196177e-01,6.672824727258542810e-01,4.964161485586267575e-01,3.853715362849189363e-01,5.831250676178040271e-01,7.027651829419827578e-01
9.740579572017952215e-01,0.000000000000000000e+00,5.847861571083882160e-01,5.448259516815320280e-01,6.662006320022619832e-01,7.105591696217264941e-01,5.348059145513919255e-01,5.643994781957730744e-01,9.077347652789544696e-01,7.552883823501663763e-01,7.545505055566368302e-01,4.173931922265870509e-01,9.200536508924457291e-01,5.990805337127689256e-01,7.945314607947178143e-01,7.944280022290488574e-01,9.157164059221899466e-01,7.506557364041548386e-01,7.617821020064334814e-01,6.221386042106044068e-01,1.913606774019453727e-01,5.677914298306298013e-01,-1.449354656649183837e-01,6.249311519392029002e-01,6.892738000931982745e-01,4.838999591298867031e-01,5.421084034157023224e-01,7.265417790367103557e-01,5.197350727593591513e-01,6.789003709277886545e-01,1.899333553725663926e-01,5.489515951124395166e-01,3.057815071966436538e-01,2.675953041692946122e-01,8.963311310781912900e-01,4.561513652652409712e-01,5.125149947659469740e-01,4.802656704690916323e-01,9.865949453590747709e-01,4.106113624357938252e-01,3.863007038545274163e-01,9.059510814309145177e-01,6.568092247061665390e-01,6.431231398293275614e-01,9.165645590611016802e-01,7.883622029462422631e-01,9.468790811573557509e-01,3.543141917698035964e-02,3.652192633753020834e-01,5.237680347032350747e-01,9.987194452426231273e-01,6.867921497091054039e-01,4.175436577922755910e-01,5.188206490157732942e-01,4.545073985912159165e-01,9.778300398155976847e-01,5.993440482493420651e-01,5.970207918023628935e-01,6.547687157390447155e-01,2.851664186287478642e-01,3.525056966171194461e-01,1.080810789171189439e-02,6.368093783848181033e-01,6.503623071376527509e-01,8.555394339210453669e-01,7.421867329692474202e-01,7.048082118590360823e-01,8.578744523611310235e-01,4.722091962573412571e-01,5.740787979245172146e-01,9.911676974634786585e-01,7.954815261532939275e-01,3.659177926159310479e-01,-8.399636446389111000e-02,-3.329668393031615103e-02,8.396708323902668525e-01,7.889712850734300620e-01,1.919227899124543724e-01,5.095025988365539105e-01,5.115363662004802636e-01,3.740884271203859246e-01,9.902788240755437954e-01,3.076535525257007020e-01,1.081099338871499144e-01,9.346550264567048405e-01
4.673709272325876629e-01,5.847861571083882160e-01,0.000000000000000000e+00,7.327433869882356010e-01,5.161869475696387877e-01,8.054639371865758291e-01,8.852252310746095976e-01,9.803993448274724853e-01,3.301693248967051408e-01,6.493278622024341029e-01,5.384210295080671393e-01,7.833351897143605580e-01,7.050197516017185917e-01,8.843505304408608714e-01,9.112886807749184248e-01,6.961386590389688767e-01,2.456623879657282017e-01,7.544391112874281324e-01,1.496002507535338644e-01,2.928534832979127200e-01,7.516201597270848467e-01,8.603016773336875644e-01,2.732398016949646458e-01,2.484378737863970621e-01,6.197338743409185335e-01,7.549481104133215492e-01,9.994300507857660776e-01,8.905187040652671193e-01,7.484130493027055797e-01,7.983575515896385033e-01,3.421444147365808597e-01,7.352982290779609409e-01,7.488164721653546296e-01,8.562922788033504595e-01,9.849271645013473186e-01,5.526723763124898881e-01,4.648688360901891414e-01,7.840653170469975564e-01,9.351213001248270817e-01,6.684083782732885837e-01,4.072264430794155787e-01,7.447578393595035706e-01,8.076105087851176423e-01,7.772461000477005610e-01,6.911906275416453971e-01,7.106457196746206462e-01,6.557105399506932830e-01,7.277343597918158880e-01,9.278119672338607238e-01,9.554732064810387282e-01,6.774122906980208914e-01,5.662453491290704299e-01,5.913415670262209822e-01,9.638869073633530293e-01,5.138355942515832053e-01,6.271977630515065405e-01,7.648122135621886475e-01,9.523623763775634909e-01,9.994098640510011844e-01,4.415022917569983996e-01,5.860501209433761627e-01,6.896371719405379741e-01,7.974921627212220310e-01,9.475352196701118945e-01,9.656435145419710597e-01,8.763764028348075552e-01,4.150830698091795834e-01,4.865713996099053640e-01,8.865707904075356138e-01,3.748066410699351092e-01,9.501804372748805516e-01,7.169250709398263810e-01,2.547627688862934559e-01,5.347242430187382212e-01,2.822162935018917018e-01,7.318153459265362981e-01,8.123861550071007631e-01,8.219506216267751242e-01,6.043607140060808236e-01,4.672227588863591130e-01,6.704215126011346948e-01,8.794562524819886651e-01,8.070766582702969538e-01,6.526690316133643144e-01,6.675569279985715809e-01
9.412150626264004227e-01,5.448259516815320280e-01,7.327433869882356010e-01,0.000000000000000000e+00,5.120964916415587931e-01,7.971853565187481117e-01,7.444162615292881924e-01,6.845212155599892379e-01,8.581279737826680298e-01,8.012833019415245284e-01,7.004369150562244073e-01,7.453655131696397262e-01,8.978723904045070592e-01,4.311413832313057970e-01,9.207053115157390888e-01,5.637000849171859285e-01,8.495400186853218072e-01,7.077705284510968919e-01,4.195821928538092105e-01,6.310584900545774811e-01,8.497328071303534847e-01,9.661687755757532026e-01,3.059668883383667159e-01,3.255261908601456700e-01,7.015979203339274273e-01,8.820839749139046670e-01,6.866253668079801420e-01,5.800516147222813945e-01,2.936023877938775950e-01,1.358206211502198946e-01,1.453315879534833599e-01,5.630556149405118171e-01,7.436994523177157257e-01,2.019623332154009132e-01,4.669696422783762291e-01,3.732191165950757838e-01,3.748391541430774465e-01,6.474650669341223130e-01,8.646434088538350604e-01,5.550932420986522953e-01,2.011839423465840437e-01,7.591696039785746919e-01,6.041598575864863818e-01,2.421233360056715966e-01,9.190189542851103788e-01,7.408135460513438630e-01,6.227855300563115426e-01,4.336411418507097881e-01,2.499780252070720465e-01,7.311636656648849986e-01,5.622788467828204739e-01,7.529240113821329405e-01,3.695780887803394865e-01,3.712913485397449365e-01,9.458807095490190386e-01,7.081050157396233669e-01,8.051983630708444695e-01,6.244406091046177387e-01,1.777047114581494502e-01,2.677973576882264339e-01,1.768498035495111864e-01,8.557876974065391495e-01,8.956022050767034060e-01,7.769059944560020581e-01,7.005210360608979947e-01,3.454949277266028962e-01,9.771914688812844973e-01,8.810682690398156103e-01,5.471309202683452000e-01,9.398566257275015046e-01,9.494693446146820204e-01,8.015830617409638315e-01,4.533093582661742449e-01,2.611491706764014209e-01,3.841864703085632327e-01,6.375731804602619013e-01,8.481509188549253286e-01,8.653339025260677886e-01,4.438837232176538472e-01,2.298786668586777215e-01,5.943961210964402442e-01,7.146724108909046080e-01,6.901629119816103941e-01,4.986430503871857600e-01,3.765713544038368221e-01
9.420007220268632464e-01,6.662006320022619832e-01,5.161869475696387877e-01,5.120964916415587931e-01,0.000000000000000000e+00,6.791066360537871827e-01,3.208209763972399986e-01,3.314006711529760008e-01,5.000307870137591371e-01,6.079526117204409053e-01,2.102985075982118091e-01,6.404699512612923584e-01,9.614890295666129738e-01,3.548994418798874229e-01,5.685291369502712966e-01,9.216717834190076841e-01,7.038257932210562062e-01,7.840598450703138989e-01,6.778669407843991301e-01,5.817388448048015359e-01,7.925924949374141271e-01,4.613295732725868903e-01,6.734199546497093847e-01,8.253339100182343069e-01,3.292838619839968395e-01,2.048855312727796973e-01,7.659200489170417958e-01,7.800800998481105530e-01,-2.566387330107808284e-02,5.297947739300115089e-01,3.811212402905614915e-01,4.210546399702527198e-01,9.838219288328297063e-01,8.234564803180076664e-01,7.567001463978900722e-01,2.541485083143848467e-01,5.276340534759262901e-01,7.841557981590763227e-01,9.681014609306470842e-01,6.379029855207780653e-01,6.000385590339810671e-01,9.632104838431568838e-01,6.560725149489280428e-01,3.692457611645590942e-01,8.285323106238492441e-01,9.351267805359787522e-01,8.649290793172270675e-01,8.921817117650514550e-01,5.434837236142793238e-01,6.859119143213615599e-01,7.298721803183427781e-01,8.160521485650887308e-02,4.070822071575470047e-01,5.312695587752686022e-01,5.025213436597636418e-01,2.530099260048437326e-01,3.449098988997277848e-01,7.963190056797198046e-01,7.069255290101675859e-01,4.826049655740765054e-01,6.959655666569202204e-01,7.541851338775035218e-01,7.513815674737651662e-01,1.329988500573918708e-01,6.279744745968507402e-01,6.919803402763659017e-01,7.231714061597087628e-01,8.587982831371051562e-01,4.402566852200265335e-01,5.186134832252830007e-01,5.605807420199315771e-01,6.598719450922336804e-01,5.457845388432636113e-01,5.457318775509507613e-01,3.513156498389938265e-01,6.556565107953193916e-01,4.334365355739587256e-01,9.238837972656878117e-01,4.416784626491536692e-01,2.722648254584804639e-01,4.015048141893581279e-01,7.646944292130591903e-01,7.054660693355184475e-02,3.865897936478823738e-01,2.891896385407368153e-01
7.015968416511564332e-01,7.105591696217264941e-01,8.054639371865758291e-01,7.971853565187481117e-01,6.791066360537871827e-01,0.000000000000000000e+00,-4.591423626268653635e-02,7.157769041029351520e-01,7.011138804029160010e-01,7.501701310173423121e-01,9.300792652935727656e-01,7.663809616086838528e-01,7.442797856513196919e-01,9.278250047706830816e-01,5.817943175206845563e-01,6.341542696362895137e-01,6.889710311101256979e-01,7.645923074506586481e-01,7.707061401808350531e-01,1.603486050671877050e-01,7.314406121039042086e-01,7.063385327802721436e-01,6.115375973802272824e-01,9.251256348167271604e-01,6.012239548239358689e-01,5.932892610004838474e-01,4.198782197112214121e-01,5.393570691950384521e-01,4.692476454853319878e-01,3.004614428582437768e-01,3.411005188453303250e-01,4.561868747396974344e-01,7.683971999987349033e-01,6.198926312844658115e-01,7.436624657955644979e-01,5.392523407637785926e-01,1.515574957751451013e-01,2.958243559870252781e-01,7.273346817812487153e-01,4.310198057736653321e-01,7.668657202990267763e-01,6.054732374395176420e-01,8.372381555701547962e-01,4.517451090700639882e-01,8.565226786574789974e-01,5.511309164475410860e-01,7.570782618390685670e-01,2.349804961267851211e-01,2.645239754697766843e-01,6.817666388126734089e-01,7.668411751885080285e-01,7.351921770563523140e-01,7.920345749080429654e-01,5.027405153969418672e-01,8.137436640165272017e-01,6.801441863974726498e-01,3.328570065390974442e-01,4.518183762317397600e-01,7.803172560915019318e-01,2.921230032210382910e-01,5.005742867087462633e-01,3.027309340737562304e-01,4.450912934612752392e-01,9.941392476077419715e-01,6.980426251521330006e-01,5.219903914782617615e-01,4.608076363514060914e-01,6.061029794510333635e-02,2.942704863098144497e-02,6.144371691953619541e-01,9.677766114873066483e-01,6.349903519859907419e-01,6.518421310811999270e-01,4.541101246030112004e-01,5.261007577607560437e-01,1.341267089527959921e-01,7.842927223334937858e-01,6.028016065728646344e-01,3.747393279101445818e-01,5.399230505095685695e-01,4.653612516142279776e-01,9.620168150982915112e-01,9.976044726064061674e-01,6.768791449284867756e-01,2.360007009863284710e-01
2.445590288135918444e-01,5.348059145513919255e-01,8.852252310746095976e-01,7.444162615292881924e-01,3.208209763972399986e-01,-4.591423626268653635e-02,0.000000000000000000e+00,5.347986804313553666e-01,2.572331307484709839e-01,1.606312493640182915e-01,6.905439374848059142e-01,3.968735181664063694e-01,2.135185549839931640e-01,6.397670636353273155e-01,1.834993225245070136e-01,2.587122331884718074e-01,3.626963177066937494e-01,7.072116566491570833e-01,3.241182935383116748e-01,7.499880058014659623e-01,4.167030518991747257e-01,1.847695164220777564e-01,4.452069758041936054e-01,6.472343561190487815e-01,4.790789678248376648e-01,4.290787923026589956e-01,5.276278521854900205e-01,5.711965049021066054e-01,7.473990995902024537e-01,1.652218558635673296e-01,1.490351768758168827e-01,5.592321726052293940e-01,2.173982679835443355e-01,-1.443868294477164138e-01,7.490219740654276981e-01,1.606555791779585851e-01,4.231603047620324243e-01,4.405670223896949178e-01,6.180964448052050919e-01,4.394476159890747247e-01,6.793155101323307132e-01,8.969689156496202243e-01,8.789895208935128990e-01,6.143972249749251047e-01,9.911210420810458999e-01,1.436498238321972376e-01,2.096685676149589728e-01,4.770420298464249087e-01,4.210439862989013848e-01,6.045190762047871758e-01,2.253157969525146631e-01,7.565741096150171430e-01,5.019124368849915419e-01,4.276005510750968686e-01,8.905879632944891933e-01,9.103248198972810901e-01,-5.710315567736987674e-01,6.151405693662045371e-01,2.159119107219253098e-01,-1.130420760413614056e-02,1.290539971843525091e-01,7.547718514738219753e-01,1.308508795678456904e-01,8.882918087737329271e-01,7.222606919277687609e-01,4.268249599957446572e-01,8.833290419777315439e-01,8.364089123155492578e-01,6.363375245246639667e-01,5.118844749935129723e-01,6.237290880625899758e-01,3.508396137058117370e-01,7.311734381148968787e-01,1.484213329494952494e-01,3.589237613848321740e-01,6.412406867857509685e-01,3.281594162171100892e-01,4.772366477535771034e-01,2.758519035519230167e-01,6.735631666555057240e-02,1.680274908280113555e-01,8.443019245062841627e-01,7.965662232523825770e-01,5.060886155506378881e-01,2.868704048557388364e-01
6.289727951399458616e-01,5.643994781957730744e-01,9.803993448274724853e-01,6.845212155599892379e-01,3.314006711529760008e-01,7.157769041029351520e-01,5.347986804313553666e-01,0.000000000000000000e+00,5.012578754028440553e-01,8.499457174022990724e-01,2.404071440880855559e-01,2.253039735479627770e-01,9.308541364875981827e-01,9.477227148634733700e-01,5.268877712203519081e-01,5.684801219930253335e-01,6.613082705438430020e-01,6.447728029008581441e-01,5.193391199306941486e-01,5.100097069483332524e-01,7.158460489373660307e-01,4.824626715893661766e-01,1.865000228058572296e-01,6.484599985051847648e-01,5.510658189066602181e-02,7.142035237398096648e-01,7.651504373944967297e-01,9.026308729259173713e-01,2.554246991515518594e-01,2.908978112230982682e-01,3.467695750224009665e-01,2.859353684065792933e-01,2.068645111078568632e-01,4.169852481864038674e-01,1.289999847366164187e-01,4.285257452006014933e-01,1.424592075561607329e-01,8.465395807590739286e-02,8.523300623525398301e-01,7.663643992396215188e-01,-6.055767020753183294e-02,2.314116251501742438e-01,2.262259341154155834e-01,5.186106169229010021e-01,4.899589093486811375e-02,4.186848726596582582e-01,4.972879587075496599e-01,3.665066709444003701e-01,9.859879909183447699e-01,2.931787277791529367e-01,9.497192101236061612e-01,6.059802329444369251e-01,5.969589086167130798e-01,5.689108110965027665e-01,5.018987167249285841e-01,6.310385621257504907e-01,7.548479614285051875e-01,7.457250694688548620e-01,8.416431408063327346e-01,4.262653273400971998e-01,7.805009215609554074e-02,6.960072316028557138e-01,5.558143851592503015e-01,8.538053507401114350e-01,7.554355866738888814e-01,6.652597554891477305e-01,5.137988493751076691e-01,9.307729631591168395e-01,5.979548145483271071e-01,6.228428198952452588e-01,6.464751313515056941e-01,5.672377918727692370e-01,6.550501751113357862e-01,5.040904562356406382e-01,6.660261914401742755e-01,7.298254097354109904e-01,4.490724116738055161e-01,5.467868202570704828e-01,5.034560920635618997e-01,3.991094433967844468e-01,7.321564181997191056e-01,8.691793655581279143e-01,6.310669007974786249e-01,6.111440257307595436e-01,5.765151795958845318e-03
4.430364037545086453e-01,9.077347652789544696e-01,3.301693248967051408e-01,8.581279737826680298e-01,5.000307870137591371e-01,7.011138804029160010e-01,2.572331307484709839e-01,5.012578754028440553e-01,0.000000000000000000e+00,5.915689222107531897e-01,4.622224571665861648e-01,5.057912697235479316e-01,9.597410518854329053e-01,7.842206784032769162e-01,2.263251177299852313e-01,3.395444455395871808e-01,5.553915315757242954e-01,4.730583080469999979e-01,4.597182397874153281e-01,9.509172469975274433e-01,6.453965808020978301e-01,7.220062131290607699e-01,3.549578146558560743e-01,5.122088866611578251e-01,-2.478202396283507580e-02,-1.549731621855679475e-01,7.566737687862336026e-01,3.612536008119480169e-01,2.953369004663466413e-01,5.919523851516363955e-01,5.232376625124577352e-01,7.150916205674121562e-01,5.235666862981018799e-01,3.388797479087475306e-01,5.154231589841519190e-01,2.764292808299205206e-01,6.015480984826810928e-01,4.036900398347104124e-01,8.715055083545482084e-01,9.410233806837402515e-01,5.213707407904671909e-01,6.935679857830141515e-01,3.785585841356419179e-01,-7.221640176397961519e-02,8.376965652396605178e-01,7.462922719846016850e-01,6.549023255682454581e-01,6.558456153251028820e-01,7.317742130756885732e-01,7.091955482174000513e-01,7.917524827245037145e-01,5.186583895036870340e-01,6.664539743313111497e-01,6.572400086999199420e-01,3.939202881171069426e-01,8.270170925700710551e-01,4.719023231833389120e-01,6.896030547168089386e-01,5.349392353557843593e-01,4.449386704069488441e-01,4.491565916409515080e-02,7.317424377022334614e-01,1.238985347286615940e-01,7.057698633302584845e-01,9.698287778998357922e-01,4.765751330945773301e-01,6.401707373061978901e-01,2.579158445785793008e-01,5.105750038795437984e-01,4.215484030230036705e-01,6.861134213954654948e-01,5.503056624800301000e-01,3.091337776598166998e-01,5.009742669094801037e-01,6.717344254957517968e-01,5.139492529693291401e-01,6.425577002570915797e-01,9.079016180902742261e-02,3.839198902186832241e-01,5.777847251123406913e-01,5.567808653030291710e-01,6.727949990237606093e-01,8.521947419476745278e-01,5.492286669420917145e-01,5.178855545481678702e-01
8.385793667209071600e-01,7.552883823501663763e-01,6.493278622024341029e-01,8.012833019415245284e-01,6.079526117204409053e-01,7.501701310173423121e-01,1.606312493640182915e-01,8.499457174022990724e-01,5.915689222107531897e-01,0.000000000000000000e+00,9.094388212384767467e-01,7.240393727244613942e-01,7.094766625171902152e-01,5.696553633680623285e-01,7.477881312613544607e-01,1.864554155209020292e-01,5.356179140523842364e-01,4.129989502907859267e-01,6.275069057818577489e-01,9.195781834378153885e-01,4.335912150977422885e-01,2.911435933636143947e-01,6.042474976933530639e-01,7.545086439827091151e-01,4.558352443145163302e-01,3.164302675095107542e-01,6.923761834990130870e-01,9.550185899851971749e-01,5.547189629448504578e-01,2.681961366083995824e-01,5.258905782026117581e-01,5.028634228921800009e-01,9.945223112237449037e-01,5.195121134847975330e-01,5.509732735762207234e-01,5.946730822204704392e-02,1.479725178195897273e-01,8.637449077996390834e-01,9.098072553602009060e-01,6.074307071028895999e-01,2.491326831733291780e-01,5.909816470286434198e-01,7.263016164510824879e-01,9.450242180926524682e-01,6.156263496880569619e-01,2.601575803146799482e-01,7.217023981122477894e-01,5.526798416956983928e-01,3.898199934166893810e-01,4.794148182157589311e-01,7.077413117118313002e-01,2.601604508833892937e-01,8.052897537552724527e-01,5.425876368435015307e-01,5.616593766492843365e-01,6.135994412457614899e-01,2.179237907278917807e-01,7.609770386609149284e-01,4.390051227142990342e-01,6.480315688219943915e-02,7.434219170211825434e-01,6.139767357744544407e-01,5.025329174790770237e-01,2.610163275128349891e-01,9.013451325081984766e-01,9.337077645056951480e-01,7.975570400464284671e-01,9.078017243202755049e-01,4.003529334787416238e-01,7.581297847358321462e-01,3.818487377473187006e-01,7.611224565600925862e-01,4.321182929458060040e-01,5.394991072350504568e-01,6.908572060514102109e-01,2.641606722185841361e-01,5.600853049822902552e-01,9.899297132260725940e-01,3.215422890665023958e-01,1.369654987660426648e-01,2.852037636541899235e-01,6.944777562919883795e-01,6.839964379835262731e-01,6.697545869249736661e-02,5.505992700346096225e-01
3.201959471931316026e-01,7.545505055566368302e-01,5.384210295080671393e-01,7.004369150562244073e-01,2.102985075982118091e-01,9.300792652935727656e-01,6.905439374848059142e-01,2.404071440880855559e-01,4.622224571665861648e-01,9.094388212384767467e-01,0.000000000000000000e+00,7.974719794126081673e-01,7.859102847205861053e-01,6.491647510446992841e-01,4.399990244654954363e-01,3.200402580496131133e-01,6.076109605663400082e-01,6.195724000081258565e-01,5.669683832676875035e-01,9.869882744883468062e-01,4.700475744146666579e-01,3.753517732080630109e-01,7.836150325107812398e-01,2.178248497840003517e-01,3.845759448761872368e-01,8.866489255667588942e-01,7.990580049696706100e-01,9.992856867415746969e-01,7.546518112188227434e-02,6.708279188852358521e-01,-1.823009024355104479e-02,4.757336405864877049e-01,9.100435727474126546e-01,4.285668041391899608e-01,5.841952882388186108e-01,2.575141209035312628e-01,6.652763714999242461e-01,5.828795218709273973e-01,7.159938488886614660e-01,4.477323096697428673e-01,2.614619709664739444e-01,7.570436294962111790e-01,8.490461208022945794e-01,6.393701672626966870e-01,7.237592267442511940e-01,6.479230593973621666e-01,8.786430782853902333e-01,6.275668044136312185e-01,2.812373985729882953e-01,4.594504793247146113e-01,5.637794321020198618e-01,9.968024126299519505e-01,6.232939251935635250e-01,8.230914927163277550e-01,6.795699006089932492e-01,4.730615018996872090e-01,5.098039486377219792e-02,-1.702317036227104508e-01,2.829227575222964530e-01,7.308191817084122022e-01,5.212882156286667845e-01,-1.063135831663657438e-01,1.298336524012311255e-02,9.190548297345676465e-01,9.923796175894615823e-01,6.871597980340453660e-01,6.871561463839616080e-01,7.196688796902244167e-01,5.446513233503305074e-01,6.088864063658588899e-01,3.061513902423596001e-03,4.912789808439345096e-01,7.512696372123653932e-01,5.478976974021725344e-01,8.423614210953282999e-01,4.121658004231473771e-01,7.517324378378820171e-01,5.444026989299034502e-01,5.643916159379891440e-02,3.711017844335746663e-01,7.530054474116858465e-01,9.514142420274960266e-01,9.580107512360870325e-01,5.512903338439364420e-01,2.873331706804462815e-01
4.216189421983325691e-01,4.173931922265870509e-01,7.833351897143605580e-01,7.453655131696397262e-01,6.404699512612923584e-01,7.663809616086838528e-01,3.968735181664063694e-01,2.253039735479627770e-01,5.057912697235479316e-01,7.240393727244613942e-01,7.974719794126081673e-01,0.000000000000000000e+00,7.024679802288252839e-01,5.871152388120173260e-01,6.109565132193879311e-01,5.816193113056027375e-01,3.058408863008355572e-01,7.700763296486967668e-01,3.429639489353295545e-01,8.644420411525214343e-01,4.109389161909190458e-01,7.443673017097520717e-01,2.500066433344971806e-01,7.232245531165339969e-01,5.113419527201191750e-01,5.777757808172563347e-01,4.323133261139894268e-01,6.576084730937786782e-01,1.472143472711540946e-01,5.727064931447982676e-01,2.569265010016877904e-01,5.865285316693902296e-01,4.229151690020224730e-01,6.964689511085435658e-01,9.858298760285985063e-01,4.476111511831313838e-01,6.667333280682797847e-01,7.752477299111351083e-01,7.163090829918660196e-01,6.320339995086169393e-01,5.666106103581252107e-01,1.660400706538008309e-01,6.504719948060733170e-01,9.220978138089765963e-01,8.362443253775287966e-01,9.448107776277561154e-01,9.752742337661801653e-01,6.473599221704958717e-01,5.488495687169285819e-01,4.973225408145680593e-01,9.955522487131697185e-01,6.309167653960997546e-01,2.968552099741320616e-01,5.438752445604708718e-01,7.690455999680597676e-01,4.573954038548085910e-01,4.552800861116467757e-01,4.616455559406665854e-01,4.235799566912906711e-01,2.178217492338847261e-01,4.486034141868198710e-01,1.013998572049021468e-01,7.250264324922773840e-01,7.744888783569680024e-01,8.183828286478979086e-01,5.461752009689456733e-01,9.053746539933255066e-01,6.576307227880804351e-01,6.629835160090966628e-01,6.103992729560098196e-01,6.543564506413761528e-01,4.971164693516111344e-01,6.843669450437093182e-01,5.007665811526167410e-01,5.819543902061461438e-01,3.006309205752758507e-01,6.573800186919950272e-01,-1.022752731987464081e-02,7.516279342177866196e-01,3.025485073375293599e-01,8.161410096111355594e-01,6.814857724951666196e-01,3.059632123324675934e-01,5.446137931251736619e-01,6.020633814209797041e-01
9.961909999211187028e-01,9.200536508924457291e-01,7.050197516017185917e-01,8.978723904045070592e-01,9.614890295666129738e-01,7.442797856513196919e-01,2.135185549839931640e-01,9.308541364875981827e-01,9.597410518854329053e-01,7.094766625171902152e-01,7.859102847205861053e-01,7.024679802288252839e-01,0.000000000000000000e+00,1.316404651904618806e-01,7.080409933741023121e-01,9.150625840932530286e-01,4.536096817243596702e-01,6.125561024376486863e-01,5.633992408114760764e-01,9.684423592565977179e-01,9.025018254469832080e-01,6.372037531514667119e-01,7.453069583379829943e-01,6.009358250018413949e-01,7.663934486681037717e-01,7.083300469826548929e-01,7.291358703962921295e-01,4.769776035931566072e-01,7.150329177261732783e-01,2.833968314174367675e-01,5.107639390835173598e-01,4.891226062350179093e-01,6.780226769646288121e-01,6.173123042372943847e-02,6.914001633301751770e-01,1.611611931187230951e-01,2.060424439452131218e-01,7.843952497815332991e-01,7.069604918318991293e-01,5.112199356784452586e-01,6.512746309765887753e-01,4.986692660400463550e-01,5.445067679678087247e-01,6.974633101078441255e-01,4.447037577092168292e-01,7.780082550771295624e-01,9.047014322461331970e-01,9.326870345847242394e-01,6.709145678251228206e-01,6.116753781910241328e-01,8.439613699775144751e-01,5.193754556632125263e-01,7.975787744085327535e-01,3.559038659845267238e-01,7.510387537787117651e-01,6.504314725108231166e-01,8.672390506360068141e-01,9.926274143386112359e-01,5.635715566343590943e-01,5.158033362877672001e-01,5.190387448077076193e-01,2.896202298013235144e-01,8.894595345134179709e-01,6.369007701879685346e-01,4.311316369921748826e-01,6.616331027791629849e-01,8.519140210868231256e-01,7.409699640962428280e-01,5.531807568219296867e-01,9.960664271134709313e-01,9.357132896844289061e-01,5.387964328987702167e-01,5.796836889263070614e-01,2.843143705614270805e-03,3.844558077754606229e-01,6.504250011001184717e-01,7.601596055304589150e-01,8.622034468175252542e-01,5.508568511861912098e-01,3.862179130561731455e-01,5.122800527689702621e-01,9.491704139025871623e-01,5.139166896238179794e-01,3.506506562336069166e-01,8.518900766045682804e-01
3.120648555478714448e-01,5.990805337127689256e-01,8.843505304408608714e-01,4.311413832313057970e-01,3.548994418798874229e-01,9.278250047706830816e-01,6.397670636353273155e-01,9.477227148634733700e-01,7.842206784032769162e-01,5.696553633680623285e-01,6.491647510446992841e-01,5.871152388120173260e-01,1.316404651904618806e-01,0.000000000000000000e+00,2.920575792034998397e-01,9.559709077996457749e-01,8.231977135215287067e-01,4.807768402385401152e-01,2.367422136789159581e-01,2.717067397910147286e-01,7.047481974032238083e-01,4.031023456045418341e-01,5.558773178960422223e-01,8.727512042101710499e-01,5.174026283377117785e-01,4.413096397106959778e-01,9.790155202289196890e-01,4.715414544298200394e-01,1.776864423479021168e-02,6.918467831120362899e-01,7.864779114134111682e-01,6.020653289364676919e-01,8.802558733005110270e-01,6.135733119419283232e-01,8.408419585710675825e-01,3.390362031945243215e-01,2.363686504566568369e-01,4.940004190903555248e-01,5.109824655748403943e-01,6.264898168061356909e-01,5.987366384794989838e-01,7.137731673127125642e-01,9.226348499275784931e-01,2.191255359590097151e-01,5.592666327704864937e-01,6.034814584359259326e-01,2.020138112971218425e-01,9.925058934383007569e-01,8.127373158236906869e-01,6.807542177126748584e-01,5.556565896757821310e-01,7.173654752758031883e-01,9.279443753543292761e-01,7.417677393812489584e-01,4.044388852751408248e-01,9.769408089917893667e-01,9.602816042310234890e-01,5.690694653431696559e-02,5.373383986474576934e-01,5.548041407800122782e-01,5.715890383700731325e-01,7.928124718386533321e-01,7.344797072004974892e-01,9.912752735045471386e-01,9.588578653356492065e-01,6.970780222628948364e-01,9.872583354283974710e-01,7.102617920894459536e-01,4.669844488266920446e-01,9.266926752876474271e-01,7.684769295921427545e-01,8.456872511124202685e-01,7.673747341353109874e-01,3.356124035006250450e-01,7.654173327865856358e-01,6.080460020933590171e-01,8.368979723666004622e-01,8.793106363918806734e-01,5.226053589772284846e-01,1.907106392903019088e-01,5.466854978016361111e-01,7.556361454352464868e-01,3.093021292341665007e-01,3.520217713206358345e-01,7.015595475366460665e-01
8.421528019154470579e-01,7.945314607947178143e-01,9.112886807749184248e-01,9.207053115157390888e-01,5.685291369502712966e-01,5.817943175206845563e-01,1.834993225245070136e-01,5.268877712203519081e-01,2.263251177299852313e-01,7.477881312613544607e-01,4.399990244654954363e-01,6.109565132193879311e-01,7.080409933741023121e-01,2.920575792034998397e-01,0.000000000000000000e+00,6.309925242036469317e-01,7.374014007067514198e-01,5.551553193137360731e-01,2.070951969800076120e-01,7.236455987074098539e-01,2.454116062781860341e-01,4.977104407668603847e-01,4.639758803725487213e-01,7.486761901415609488e-01,6.555873839207917442e-01,7.035392147159343912e-01,7.465046440198677136e-01,5.105922632651755944e-01,3.057641612468258163e-01,3.222485190969426871e-01,3.128775909657388783e-03,2.457698206045081379e-01,4.494491157359574718e-01,7.245200743298031432e-01,2.737446795852609485e-02,4.497932538001235270e-01,4.334876423476191065e-01,9.374211303902420245e-02,9.874212912485135218e-01,7.772373982548053117e-01,6.136246775124005737e-01,4.442346601814901597e-01,8.729760341160630599e-01,9.635116741201102952e-01,7.770051922873373318e-01,6.940415745892869470e-01,3.114282018551219888e-01,7.781551256339011013e-01,7.126918715286804096e-01,5.874578428574265265e-01,7.247243359067820911e-01,6.245989735283291600e-01,8.183313032939211196e-01,8.056254200429995294e-01,8.226904212342903699e-01,5.849958600976626899e-01,4.091636514463565244e-01,8.513711961436142284e-01,7.202488548767974619e-01,2.068248323911133224e-01,5.391724521824923233e-01,4.744799740155067891e-01,7.924869787668924470e-01,7.407623303514017099e-01,6.963126596287604331e-01,8.528450571113872503e-01,6.674555300363304022e-01,9.125908376534015432e-01,4.691862938606671807e-01,5.034560985530192045e-01,9.972885296172019354e-01,4.341910647838734261e-01,7.023484767732746104e-01,8.768356502258170537e-02,3.909220569261281364e-01,5.745578812740825825e-01,7.582463434031507798e-01,1.552812318352202736e-01,5.711255917824618056e-01,3.704675376739818837e-01,6.921896061505841136e-01,7.274793829070156370e-01,7.791489815352551362e-01,4.084522762218320002e-01,5.686412064729415849e-01
2.472677481754067541e-01,7.944280022290488574e-01,6.961386590389688767e-01,5.637000849171859285e-01,9.216717834190076841e-01,6.341542696362895137e-01,2.587122331884718074e-01,5.684801219930253335e-01,3.395444455395871808e-01,1.864554155209020292e-01,3.200402580496131133e-01,5.816193113056027375e-01,9.150625840932530286e-01,9.559709077996457749e-01,6.309925242036469317e-01,0.000000000000000000e+00,5.955409585765272240e-01,4.258443022021990987e-01,5.442025930776184239e-01,7.348601145057325201e-01,7.920101106695971449e-01,6.057714547455866905e-01,2.885165171213914873e-02,7.547402068425430599e-01,2.911174520381920594e-01,8.665324479131712998e-01,8.860791478071803340e-01,6.835126910655872079e-01,6.026130616710648757e-01,2.945181277722545565e-01,4.293634380026796760e-01,4.098292140189657151e-01,6.575399572876978738e-01,2.698657468231553946e-01,4.224991758323637381e-01,4.690038011289708875e-01,1.144599890677610587e-01,5.621346928847015256e-01,7.005613585370996654e-01,7.884111511751478174e-01,4.036775943238842257e-01,7.969856622930572287e-01,5.317299653193499065e-01,-4.688098417191599587e-02,5.332188763098102413e-01,9.799241647575990255e-01,6.474469691806702398e-01,8.783847850230102061e-01,5.632865852969390907e-01,7.774819997747705047e-01,6.505570347278065713e-01,5.779409673598592811e-02,4.156074001820056485e-01,2.637177021038409341e-01,5.487337423305687079e-01,2.311488039732209898e-01,7.508253326192425581e-01,3.035098004600446098e-01,8.987594441234023623e-01,5.428299916543526393e-01,4.972412987208441049e-02,5.901646697904689987e-01,7.675954024373430329e-01,-1.740197789301722864e-02,4.790140822608115467e-01,6.915969596900506389e-01,6.248052117221682966e-01,9.991844903547673074e-01,3.495979645929729873e-01,2.408148297676324656e-01,7.937989871475633619e-01,8.007790883459693365e-01,1.804693045091924630e-01,4.993998966858699817e-01,4.787796707198622159e-01,4.631672212462608629e-01,7.339356935926257819e-01,3.842399809644680975e-01,4.061211331470977459e-01,2.995521809095328392e-01,6.678362066748956272e-01,6.290011643730470947e-01,9.070782802738222017e-01,2.531455721081419391e-02,6.010964583388649363e-01
7.249172692251437677e-01,9.157164059221899466e-01,2.456623879657282017e-01,8.495400186853218072e-01,7.038257932210562062e-01,6.889710311101256979e-01,3.626963177066937494e-01,6.613082705438430020e-01,5.553915315757242954e-01,5.356179140523842364e-01,6.076109605663400082e-01,3.058408863008355572e-01,4.536096817243596702e-01,8.231977135215287067e-01,7.374014007067514198e-01,5.955409585765272240e-01,0.000000000000000000e+00,9.067069331680938093e-02,5.839111504066746283e-01,8.521408791471896116e-01,5.828499182177970805e-01,4.669155997128762170e-01,7.491949389965748551e-01,7.199012478417101679e-01,3.817964711614185713e-02,6.852702130947151415e-01,5.065751518399058684e-01,7.834655806177993551e-03,6.626444832572604415e-01,4.175182361798300823e-01,5.372286229961114046e-01,7.474628782302900065e-01,7.185867262873485428e-01,8.828180676415235961e-01,8.361800884797864208e-01,3.203588640019326972e-01,3.018792207411430395e-01,8.442162986601405850e-01,9.261812535953171110e-01,9.831274296785728062e-01,4.462184915122065498e-01,9.974419525259303754e-01,7.608775255995260389e-01,5.252233035058276878e-01,9.401498195656716739e-01,7.088290797257111864e-01,8.038470009211343692e-01,6.765143063235891097e-01,8.842891151730599697e-01,9.193336004080272517e-01,3.336326214772953325e-01,8.225202958503425865e-01,8.381271802454641762e-01,1.139938019617506848e-01,5.902702625378805079e-01,9.177490500781968485e-01,4.447855036432948883e-01,6.710767182281927035e-01,6.798273530812646293e-01,1.346069971546289545e-01,2.711132348232492273e-01,7.998825514403977710e-01,4.808177191727284749e-01,5.678119907657461773e-01,4.619991231035122659e-01,7.550229940070718460e-01,7.232516362231391494e-01,6.549273536713966504e-01,6.897990894880149382e-01,5.237080298001807188e-01,2.062041771766536247e-01,7.290953413008616213e-01,3.255829916633364851e-01,2.886442050461938136e-01,5.017769538065363077e-01,6.236167634761624612e-01,4.140451485916432084e-01,7.628111549945240100e-01,2.628889605488606285e-01,5.144473606326387810e-02,8.433179872882381467e-01,9.623917325632913577e-01,9.888754908720482906e-01,4.926618307709585420e-01,9.893209592161958943e-01
2.833517510415911600e-01,7.506557364041548386e-01,7.544391112874281324e-01,7.077705284510968919e-01,7.840598450703138989e-01,7.645923074506586481e-01,7.072116566491570833e-01,6.447728029008581441e-01,4.730583080469999979e-01,4.129989502907859267e-01,6.195724000081258565e-01,7.700763296486967668e-01,6.125561024376486863e-01,4.807768402385401152e-01,5.551553193137360731e-01,4.258443022021990987e-01,9.067069331680938093e-02,0.000000000000000000e+00,2.976755259157140565e-01,9.113215283448210524e-01,4.765220259722234841e-01,4.891766466573256311e-01,5.006777573081894195e-01,8.703614475921717109e-02,4.870577888183547643e-01,3.650654637024805527e-01,7.255012887407418232e-01,5.216005246688936170e-01,5.037965532572354910e-01,4.355817025561791733e-01,3.505631140419886993e-01,4.462363231611086722e-01,6.870868870185875554e-01,8.555693337079908201e-01,9.820696711422564062e-01,5.060442236812026096e-01,1.934570182998867141e-02,6.241631691843783081e-01,8.890719953368395601e-01,4.898064003419765333e-01,4.604451017142219271e-01,7.731800861143925951e-01,9.000511244392789267e-01,4.123996150123725446e-01,5.836268232690523527e-01,9.178299508273539686e-01,6.231418073032666261e-01,5.477794498014776359e-01,2.925603511320323813e-01,7.137734869596641385e-01,4.949570216144469348e-01,6.189476828992536150e-01,7.942290362166811724e-01,7.005765576277596107e-01,7.664593034185668285e-01,4.472085539399918708e-01,1.596645429699248414e-02,6.521494352674936934e-01,6.430039543957287718e-01,6.345445758107978174e-01,6.021309523978241041e-01,7.158595592154888276e-01,5.641302536130436973e-01,5.533856008767430446e-01,8.616613875892752406e-01,6.086024751294366597e-01,9.727455305448724499e-01,9.981080436577605131e-01,5.737416647892167321e-01,2.175255339927202047e-01,6.345167445214712210e-01,4.990616950452504419e-01,3.392510022576877837e-01,3.167603029629169065e-01,5.118427994101152345e-01,7.192871010372692275e-01,5.395701264033093691e-01,-3.690906447225727471e-01,4.356246657264010169e-01,7.775109292146499262e-01,5.856713868689136238e-01,6.019613819988999248e-01,2.984351857538302122e-01,-5.960289973658616791e-02,6.048066730334333840e-01
