0.000000000000000000e+00,6.323459372833920566e-01,6.025786552167511356e-01,9.293245192347925343e-01,8.413755146730997891e-01,9.350169577605247362e-01,9.316866304732360771e-01,2.799814207962353363e-01,1.066445702304798238e-01,7.750372502705725752e-01,7.326761151683461870e-01,8.703711001698323235e-01,8.396350050875296400e-01,9.653666080772359548e-01,6.574988612816867750e-01,8.339925340486293859e-01,6.250270054981903467e-01,9.678188360372257382e-01,7.968194065568128259e-01,9.153471074089922777e-01,8.335768930008042865e-01,9.720792002927767239e-01,3.269705341365864437e-01,9.345733740708630499e-01,6.895435213776448524e-01,9.569741200358841127e-01,4.547526309556567670e-01,7.041097907487589014e-01,1.832932658469478282e-01,2.155715237963785058e-01,2.785007891265989799e-01,7.004413331564031120e-01,5.174031872276995125e-01,3.563184607108160762e-01,7.627903142277032700e-01,5.660135494964916303e-01,4.164654241631922660e-01,8.451958994651223023e-01,9.619819273338158228e-01,1.171489732975000697e-01,5.417631200263077762e-01,8.767252727366290355e-01,9.072407474959804929e-01,4.980597628655221709e-01,8.844997120128937906e-01,9.680848722139697715e-01,-1.261740833659233951e-01,8.320360448764136940e-01,8.066653091723420266e-01,6.441584860497440168e-01,7.784539816975080129e-01,8.832771017276990211e-01,8.715692821139638946e-01,8.263181692200975981e-01,4.434607056207938713e-01,7.916451120264613728e-01,8.841816737550142191e-01,3.746121785760095912e-01,2.349599029973111486e-01,6.895235921274666113e-01,5.320619069619243469e-01,8.570997226387354617e-01,9.824493357577903652e-01,5.180604127167964812e-01,8.266921599802898868e-01,7.097155941727992801e-01,4.310755004139293911e-01,8.140989249849571729e-01,2.641500286317098878e-01,3.864297541582413231e-01,-1.018905651579304350e-01,9.319758969658498149e-01,6.236465380403406478e-01,3.083277010243235527e-01,5.419539219407771835e-01,7.459510739154844028e-02,1.205665010979861257e-01,4.879578296498617296e-01,3.716569821956056119e-01,3.771179262117508313e-01,9.558147535052039512e-01,7.688621627647447276e-01,9.300506432553244940e-01,3.007467380642891430e-01,8.447367739420514887e-01
6.323459372833920566e-01,0.000000000000000000e+00,5.838027574531824415e-01,5.306781601481110888e-01,4.357892114476581424e-01,8.110301102259901418e-01,2.005608128339816665e-01,7.577143714669518637e-01,7.254181994793995614e-01,3.185943357168777301e-01,7.763060499595566544e-01,4.686196012364674535e-01,6.973335276114784875e-01,7.375502478264026607e-01,6.352169884852115755e-01,8.212921526894056967e-01,9.228797563636296220e-01,6.080917440105846339e-01,5.104929225286735095e-01,9.957113408884534778e-01,7.719546429644463803e-01,5.582162847967943042e-01,3.620834317335921426e-01,9.787286846818427088e-01,3.402572836123872180e-01,9.130479375690653265e-01,7.509964387702368072e-01,8.962526906709130659e-01,4.851372294543288555e-01,6.273037297259048684e-01,4.713335635141976954e-01,2.340713071247752519e-01,5.580615163676304613e-01,4.685582562867646184e-01,4.192438888663534424e-01,1.984539368266631520e-01,2.532771447296170431e-01,4.307650643469679297e-01,6.907240381264532214e-01,7.015301748199158638e-01,2.380204041180087882e-01,7.851046825149740060e-01,2.164813727291724499e-01,9.706308991619614357e-01,9.494965359323037646e-01,4.666627444978245220e-01,6.151892991829883695e-01,4.143796791160015980e-01,5.649519940317636602e-01,6.538747814558066862e-01,7.894080090267923122e-01,4.249035823603544704e-01,7.349888947230227565e-01,2.486242791199535229e-01,7.543199058705921667e-01,8.197102248995963292e-01,5.186578406812719644e-01,4.034498470002202408e-01,9.295129853409340726e-01,1.450368824875166440e-01,5.256476548477096999e-01,9.563918722800027750e-01,8.481990063643344291e-01,8.099373972948643585e-01,7.607517310444682490e-01,8.506846943442752940e-01,6.587493364495403125e-02,6.591365874286330140e-01,8.642554865334863834e-01,9.117223085729531107e-01,7.952508720387971852e-01,8.126282069521150175e-01,4.603865675870802421e-01,3.297943504408090143e-01,6.864456717305655875e-01,7.003569215567918560e-01,9.781314360178096079e-01,7.472840370409634669e-01,4.809047472460761807e-01,4.741805072271991772e-01,6.696681365962775523e-01,7.548328428889110597e-01,7.028551199767235635e-01,5.886098866286397779e-01,2.806991074724937141e-01
6.025786552167511356e-01,5.838027574531824415e-01,0.000000000000000000e+00,9.824537074574654083e-01,7.063712859665909338e-01,9.209434198971673258e-01,9.191246499335035125e-01,9.161428661987682798e-01,9.001505698859123550e-01,8.224184239536130869e-01,1.481170788658568022e-02,8.494839043500107545e-01,8.438257747680077969e-01,8.711914197094108303e-01,8.782599374337424214e-01,8.610342355546909410e-01,7.264051462769195444e-01,9.674722256411689703e-01,9.768088937585670539e-01,7.922797061486883674e-01,5.363566999801430146e-01,5.239997752745775284e-01,9.189643939926663840e-01,7.187647149476596997e-01,6.166763354715155687e-01,4.596091989110937526e-01,9.792393244796994134e-01,8.538581977206984863e-01,9.578451397844475190e-01,5.242540305338494466e-01,4.623697688886235779e-01,7.919818366341176974e-01,7.980584401848695997e-01,3.191912614368308532e-01,8.386940909974466285e-01,2.366383706626064565e-01,4.618491909799830042e-01,3.470544598585354468e-01,5.676116653709568638e-01,7.361721438017698738e-01,3.935022642980485208e-01,5.331274662504744688e-01,6.724317710679988958e-01,3.340208626101969225e-01,7.275085191075947311e-01,9.321338437963055945e-01,8.863018630672963027e-01,6.096907307127621412e-01,9.610157752934490594e-01,6.900760530969970441e-01,4.103115944046227814e-01,8.909940946085049829e-01,9.622702549065010880e-01,7.125246114681464960e-01,4.424056232413079437e-01,7.780319301960720857e-01,7.900763460961115481e-01,4.292944516736377780e-01,6.129432650449190279e-01,2.954207348383348086e-01,5.743078227394966540e-01,6.413824537330204967e-01,5.325069326624400912e-01,9.712908354411954326e-01,4.850420130697299936e-01,9.064863649955327007e-01,9.147169490788419344e-01,8.456744316750621770e-01,8.108429411685399435e-01,9.763646961775003241e-01,8.813782811698949171e-01,8.522355487827377729e-01,4.074553418396470450e-01,2.456459288739250568e-01,7.369764403947434150e-01,8.074312848748382843e-01,8.594464268173457322e-01,6.941121993381630384e-01,2.269536589582159813e-01,3.130459845538797192e-01,8.593679191737360057e-01,3.295405069251602370e-01,9.459127289114938053e-01,9.304923257878815468e-01,8.844059309150272830e-01
9.293245192347925343e-01,5.306781601481110888e-01,9.824537074574654083e-01,0.000000000000000000e+00,9.953421723740549787e-01,6.704299404643200289e-01,6.769243887740736820e-01,6.920327484008560459e-01,5.922726067996744170e-01,9.178857109872684550e-01,4.757421677001856253e-01,9.471639464908578887e-01,6.790277857630885316e-01,7.805612945406752434e-01,3.985100732013115987e-01,9.285841394885179234e-01,6.699307154214237947e-01,7.138416222020371737e-01,7.460498501092353019e-01,6.620230225011479730e-01,9.969495222370987619e-01,2.338125975862444250e-02,5.098990763465183207e-01,3.556012092933861224e-01,4.757424428865034138e-01,8.167122500206519531e-01,7.652831987153759785e-01,8.248852941496794822e-01,3.130755694800153588e-01,2.912475260533074067e-02,3.461268595523125935e-01,6.096211176251640218e-01,4.067880591869299511e-01,4.947739583466444491e-01,5.247176923101634083e-01,2.965256045476550306e-01,5.605475540686324365e-01,4.312945661785387852e-01,4.702085789814821060e-01,6.855687259633154174e-01,5.216385584046355772e-01,7.998384075419335826e-01,8.101400282296804534e-01,7.048210594298981446e-01,9.797872102106796044e-01,7.194877198020688258e-01,8.473069213489740070e-01,2.607912096791745737e-01,4.302586960914872027e-01,6.352910069758096467e-01,6.015066245120698207e-01,9.698748841435868018e-01,9.520622622644662192e-01,8.258977419398659814e-01,2.075365180738719117e-01,5.660132904177647140e-01,8.654998264424874632e-01,8.596954263712063282e-01,7.004326815537283979e-01,4.797710427575079262e-01,4.305204946419824430e-01,6.634184566594021337e-01,6.277909494973075155e-01,5.475672893855134671e-01,6.932611495008428326e-01,4.301441051867875842e-01,8.807247400662261416e-01,7.540571722342004346e-01,4.369830987900714669e-01,6.081593135597338495e-01,5.143536267639584603e-01,6.293968903809693538e-01,4.446271221992055822e-01,1.489229008013544242e-01,4.274862695014363667e-01,5.679560256722704370e-01,4.168754648803255636e-01,4.851991385715825333e-01,3.842148644066186725e-01,5.647036058565518130e-02,5.283218809033809471e-01,7.452349115927021650e-01,9.358437151730030212e-01,1.980079637041681773e-01,8.842190308816338939e-01
8.413755146730997891e-01,4.357892114476581424e-01,7.063712859665909338e-01,9.953421723740549787e-01,0.000000000000000000e+00,8.518122042737013011e-01,2.219262795960999790e-01,8.310368178257560023e-01,8.211948451398392024e-01,9.217967197680819735e-01,8.031872007753593223e-01,8.369165481458451517e-01,7.581317189276451929e-01,6.662805686795194582e-01,9.521288588468505010e-01,9.465123493939436861e-01,5.889024637083524194e-01,7.383319445199116871e-01,8.114244820710269090e-01,5.469643741715264351e-01,7.155207777467320618e-01,2.378165774299017057e-02,5.813386477338943203e-01,6.190357899025756838e-01,4.080658652087486571e-01,5.090384080221169727e-01,3.977225087414906213e-01,7.408917443545529613e-01,3.760310646968894055e-01,3.401246888302598276e-02,1.661964190390381457e-01,-1.445309348405856009e-01,4.491145012563305117e-01,9.474464072733785880e-01,4.116048706674771407e-01,4.143088857188600982e-01,3.576567686852283323e-01,5.658041024942852548e-01,6.802269853905356101e-01,5.393051878054340165e-01,4.572367543966561199e-01,6.361247445265302281e-01,5.688176788652099525e-01,7.799908976997742549e-01,7.183809329691160928e-01,7.555583874728338811e-01,6.342697391234985993e-01,5.358602306283515304e-01,1.399814332893920821e-01,5.149450248365547989e-01,7.348055067862280243e-01,6.530062436741306264e-01,7.598320138852876493e-01,9.054085438524314133e-01,6.745272606328880372e-01,4.059051265754892168e-01,4.852586228842927785e-01,8.171155892636989826e-01,6.158679573440284383e-01,-9.717956897999262267e-02,5.219963484780948404e-01,5.000053382909648292e-01,6.858613216519447997e-01,7.630313763443841157e-01,8.277124508320244933e-01,5.475828162692900625e-01,5.865299376836734524e-01,4.351630480537535539e-01,6.665206284657260172e-01,5.425471192120764341e-01,7.528757794959031191e-01,2.169113744548868683e-01,4.884221934737569826e-01,4.270244546351022463e-01,3.402893445583293208e-01,8.097948677550484975e-01,4.713418283955324029e-01,5.827515577814577075e-01,3.997814947357506421e-01,1.806375148299206312e-01,3.401875097606818499e-01,9.929406934919564609e-01,7.260517831788295684e-01,5.700670129765010863e-01,6.398426270807704430e-01
9.350169577605247362e-01,8.110301102259901418e-01,9.209434198971673258e-01,6.704299404643200289e-01,8.518122042737013011e-01,0.000000000000000000e+00,7.522004226409381156e-01,4.969367587866228564e-01,9.298850843416999190e-01,9.962214762816802294e-01,8.824311173482108916e-01,7.000912951904838533e-01,7.977989894568632279e-01,8.760426399459821933e-01,6.424351019701730614e-01,7.651606687196679246e-01,6.068173425686588240e-01,7.544181500236777360e-01,7.557405430183761208e-01,5.933174463682238109e-01,6.008275506366315133e-01,5.800627355574705657e-01,3.065049022898002629e-01,7.156873823602541984e-01,3.203447241187715178e-01,5.477008145863476729e-01,9.756335364613946126e-01,8.158517956443446240e-01,4.388196047182835180e-01,2.577111117593522405e-01,7.266100029529782844e-01,5.911652287667517047e-01,2.347189080897040814e-01,7.408505638792475256e-01,2.443551942722750614e-01,2.144774235730373124e-01,5.502646168172488084e-01,5.983040411676245895e-01,6.105706123103883387e-01,3.558399856967803254e-01,5.415726060292548327e-01,6.844562882804215986e-01,6.037708340379300820e-01,6.803528742577680255e-01,8.157415819220016351e-01,6.092091280223188576e-01,7.513822854437246512e-01,8.144065361904611056e-01,2.021161508146665786e-01,6.680855017861789813e-01,5.086348020886126697e-01,5.691344610062899489e-01,3.993880521376577120e-01,1.242099016707324532e-01,4.535674377982472638e-01,4.441962474897691582e-01,4.258842205386030311e-01,4.388433222792841315e-01,6.006439411770437831e-01,4.775772358106066262e-01,3.831326561395989039e-01,4.006450018396979229e-01,4.649061288920531831e-01,8.266448332936657817e-01,6.699458416648854664e-01,4.825249734259079437e-01,2.623268919240253072e-01,8.089463369599427800e-01,7.157018663328833519e-01,6.956524233538836643e-01,6.909462250747646639e-01,7.080354891368367820e-01,2.927939889952099195e-01,2.335673906665187982e-01,2.116184064433417611e-01,9.221004055630969143e-01,8.947849956638327662e-02,7.367746830124084489e-01,4.893053055278818175e-01,3.866724448645578183e-02,4.882264551050867762e-01,7.030911219102047305e-01,6.770996652257813553e-01,4.250056065212415857e-01,4.056266139362461054e-01
9.316866304732360771e-01,2.005608128339816665e-01,9.191246499335035125e-01,6.769243887740736820e-01,2.219262795960999790e-01,7.522004226409381156e-01,0.000000000000000000e+00,5.851939715746750093e-01,3.497830309995508813e-01,5.877871269237366914e-01,6.525628635392900084e-03,2.892371156182264591e-01,4.724179270805711761e-01,5.109505264263813906e-01,5.180648122438492598e-01,5.938137143804218532e-01,8.869627931331687254e-01,5.897715685164950372e-01,5.707454091433942223e-01,9.585905888823136323e-01,8.907070064989153213e-01,7.204087672454775326e-01,2.876877219415481246e-01,4.332426046452244606e-01,2.965216851925951413e-01,2.929440745630447207e-01,6.907461108038552844e-01,7.581540010603065038e-01,2.528541444636405178e-01,3.592472825605460551e-01,8.245696670690494390e-02,6.614268171668813423e-01,1.892513721350105316e-01,3.864617799625066352e-01,2.300339503317437029e-01,-6.885812986437311878e-03,3.063100405220862132e-01,5.719440168733352925e-01,5.354994680412150654e-01,5.374023600408553980e-01,7.420070690766588095e-01,8.437260055709263629e-01,8.408972426641718734e-01,7.066362846658078567e-01,9.839947267512596518e-01,6.684977189828175126e-01,6.292677163622270031e-01,4.679314942444365855e-01,6.834818115838089403e-01,3.977888465901823212e-01,4.952309518470443539e-01,7.634526036081898948e-01,4.625120475144196552e-01,2.141315273280804399e-01,7.911981716586808933e-01,5.650443127963463708e-01,7.478723676751490856e-01,6.976680758556137452e-01,8.914439229281283517e-01,5.819473694261365626e-01,5.681680177772916451e-01,2.706049142489848347e-02,8.158381699003154630e-02,8.022216473347455468e-01,8.313217993006851714e-01,6.084751060354927077e-01,2.010813430968057536e-01,6.657190834054559359e-01,7.968382761819730042e-01,9.747154674377292438e-02,-9.057789721554644624e-02,4.057160024114638830e-01,7.435563711573029977e-01,3.288054249102743132e-01,2.907318289913323750e-01,6.332104591930437509e-01,5.420643863317641253e-01,6.396927590875975955e-01,5.626250472064469044e-01,5.881183349551412087e-01,5.426706598379904545e-01,9.698188384280099772e-01,4.361097579159834980e-01,6.417384633425435858e-01,1.025621004450936180e-01
2.799814207962353363e-01,7.577143714669518637e-01,9.161428661987682798e-01,6.920327484008560459e-01,8.310368178257560023e-01,4.969367587866228564e-01,5.851939715746750093e-01,0.000000000000000000e+00,3.636681508757304004e-01,9.610465002706877202e-01,5.158637094312029658e-01,1.631910643214299628e-01,9.903352026925369422e-01,6.865923811706813318e-01,2.841107994060600439e-01,3.983289836858152633e-01,4.212919092739483840e-01,4.682583609465963970e-01,7.794550408792025875e-01,6.012830283080364824e-01,8.973082271946867250e-01,7.748771439627815116e-01,6.169526082927889732e-01,8.717455620809473338e-01,7.678989534111341220e-01,6.271970918575210385e-01,4.771309001258864368e-01,5.168849307728768938e-01,4.743414434447464911e-01,3.109285804493611693e-01,1.032272703861806251e-01,7.717736823800375179e-01,7.700931590003103899e-01,9.573215705381453722e-01,2.019023456841259612e-01,4.854315156172990253e-01,2.252499269207319521e-01,2.012076948873278426e-01,8.278905349417509107e-01,6.556477866671052146e-01,5.980063653001767010e-01,9.725427593833283479e-01,9.876311568246431971e-01,5.136154337800474812e-01,9.424345883552349701e-01,6.602890365355906788e-01,6.940969691686620369e-01,5.867346960759663999e-01,-2.099218306034442150e-02,6.630438060902734687e-01,6.242727317154396216e-01,2.708482409677952576e-02,4.937569035073008927e-01,7.971978467615654651e-01,6.494428178128519580e-01,5.621126453099799525e-01,5.784640023167060274e-01,5.405473449884904413e-01,8.669345467486421208e-01,-1.360921102896548440e-01,1.772482882324540321e-01,7.486859606444553616e-01,7.298389318697252603e-01,8.470685066275288611e-01,4.540543666369755149e-01,2.838923774495345498e-01,7.910550628328553158e-01,7.572559494785293666e-01,7.685377240171650248e-01,2.016870325144871912e-01,5.482161007227589478e-01,6.499035008521332202e-01,3.786616366646096132e-01,7.569387592680820731e-02,6.669325373964112291e-01,5.569656860024387868e-01,6.860728937594083865e-01,6.308710547321363382e-01,3.814853730198610737e-01,2.557076998081336261e-01,6.961586340388671301e-01,7.939869168573621128e-01,6.416624342120736957e-01,5.867318769553342417e-01,7.577152514821590135e-01
1.066445702304798238e-01,7.254181994793995614e-01,9.001505698859123550e-01,5.922726067996744170e-01,8.211948451398392024e-01,9.298850843416999190e-01,3.497830309995508813e-01,3.636681508757304004e-01,0.000000000000000000e+00,2.259499027635603619e-01,6.473313704373266919e-01,7.984452873091898439e-01,8.204782138350089626e-01,7.938407150045383442e-01,3.550535292973744372e-02,9.279567445161955863e-01,6.706949423300900825e-01,4.171508094915593601e-01,6.597808632737272028e-01,6.205940299105278113e-01,3.034306732306954468e-01,5.555659818156040153e-01,4.268961961136168992e-01,7.201109989480195539e-01,7.931529812811041191e-01,2.853966220746114169e-01,7.480298552642477006e-01,6.957290163971635577e-01,3.726824036990155076e-01,1.695965707735924699e-01,4.413697016459727958e-03,7.338793334681987801e-01,5.131930607668647726e-01,1.197266128586455952e-01,5.174990378382637868e-01,3.243793006028673487e-01,7.977034251930675834e-01,5.276362897614990111e-01,7.358086938839039082e-01,7.031567073465952999e-01,4.030942863404795573e-01,9.602323130566521314e-01,7.618593626378939998e-01,8.883585646322991192e-01,9.050248829619065294e-01,6.142334175901328353e-01,4.674750499222438127e-01,4.250932546160173797e-01,6.825044632942196543e-01,1.548281528262778206e-01,6.599829218566310995e-01,5.991025906563224313e-01,8.425999067926813746e-01,6.508030661878501100e-01,4.478052324794559724e-01,8.584982125538686004e-01,6.875217619309444972e-01,7.535784696528083915e-01,8.835023214994162100e-01,3.556561517095431224e-01,4.928534503126086319e-01,6.707262454567329835e-01,7.486333026383600320e-01,8.978712429080869528e-01,8.452985620264501510e-01,1.006964373635400867e-01,6.152485311833759685e-01,6.262862661364614336e-01,6.187876949045676422e-01,9.229866386899218123e-01,5.699910232204672411e-01,6.906769710356108760e-01,8.957128961245604259e-02,-9.315588950212166930e-02,6.051565382845423002e-01,7.122252715780378329e-01,6.149413068585103392e-01,3.020355013019948576e-01,2.336775545891673356e-01,2.765325602114846459e-01,5.538278647798789978e-01,4.406098073270853233e-01,5.930272043705224760e-01,4.457829963287068264e-01,6.073602849075443455e-01
7.750372502705725752e-01,3.185943357168777301e-01,8.224184239536130869e-01,9.178857109872684550e-01,9.217967197680819735e-01,9.962214762816802294e-01,5.877871269237366914e-01,9.610465002706877202e-01,2.259499027635603619e-01,0.000000000000000000e+00,8.289023866905309568e-01,2.128349698977495541e-01,4.205067342514264839e-01,8.530893483123193066e-01,6.709527201305443000e-01,7.898932681975578962e-01,2.430344516329556448e-01,9.903371856090407155e-01,4.369345822563791559e-01,9.824569877720593647e-01,6.099131064104995614e-01,5.875180692076484856e-01,9.053237645848969395e-01,9.607841123278151318e-01,6.938073114015369525e-01,9.183110176745796771e-01,7.539225393856288093e-01,4.540985450441517024e-01,4.671154193001713639e-01,6.306378300519887015e-01,-2.845729592782519912e-02,5.317198484903784550e-01,2.981288604445861967e-01,7.691399425914762222e-01,7.100598550901596751e-01,4.165507129614809956e-01,2.202106189122352287e-01,4.482740927260356334e-01,7.946652340692120786e-01,5.440235661240633291e-01,6.003375153864611846e-01,4.029197847434158875e-01,6.789574126034386703e-01,6.125502940413989350e-01,1.492606644828431972e-01,7.403888695938228848e-01,8.577847439437205068e-01,6.793750940801908111e-01,2.574148682362992768e-01,4.695538419350547832e-01,7.902347902694228932e-01,6.128685634095797363e-01,6.521817533328455596e-01,6.307366230331038492e-01,8.069545315716527556e-01,5.879866630216143975e-01,6.054419734615539284e-01,8.714601529707431959e-01,8.491140064532794185e-02,9.324453686154297039e-01,5.880515381646048700e-01,6.220217868410297113e-01,8.827491871039312432e-01,6.522475652129070545e-01,8.860146909257793357e-01,5.965372558551603754e-01,8.753174160333857534e-01,7.914313534234751479e-01,5.346453372460502340e-01,4.893613285431603899e-01,6.760276064218135872e-01,7.230196203452770032e-01,5.977797989705706527e-01,6.819936973597144902e-01,5.657631978640448311e-01,8.366805940268187136e-01,6.894126728741793997e-01,9.855366955575787236e-01,3.533908377290300162e-01,-1.997132171351634344e-02,2.205139422428495644e-01,8.867458723597722026e-01,7.452015796929419844e-01,5.247927745372236163e-01,4.113047753601125067e-01
7.326761151683461870e-01,7.763060499595566544e-01,1.481170788658568022e-02,4.757421677001856253e-01,8.031872007753593223e-01,8.824311173482108916e-01,6.525628635392900084e-03,5.158637094312029658e-01,6.473313704373266919e-01,8.289023866905309568e-01,0.000000000000000000e+00,7.083759682279708869e-01,1.530550620838656284e-01,3.938354969833960384e-01,5.991108730532792581e-01,4.154592255009166291e-01,7.127876324780042516e-01,3.268953627315655530e-01,5.373941778255189039e-01,6.985805493762987650e-01,5.170552787602017419e-01,4.232741940099717937e-01,7.334866185409979478e-01,6.567350613584345131e-01,7.820458937540910593e-01,7.713653022161167661e-01,9.873538530105555600e-01,6.688329384245547127e-01,-1.194784868961854263e-01,2.208770534892312010e-01,1.190950257064196105e-01,3.412944266663059945e-01,7.072334958902206647e-01,7.622761576412627749e-01,1.615439929629909344e-01,4.108360948571833648e-01,3.892342763808932515e-01,-1.059275878541924287e-01,9.863832067257267688e-01,6.371898670778494145e-01,1.042953533043786685e-01,5.277729014909214866e-01,6.516185958591174110e-01,9.580223530849714120e-01,7.065951079974741589e-01,5.632851213581415717e-01,6.351598382299039613e-01,7.762840708213882834e-01,9.005418653818034747e-01,6.974102452476810265e-01,3.373504838596280697e-01,1.451791689886741399e-01,9.300840314668445963e-01,6.663618795943460071e-01,6.128086795931134145e-02,7.835085283619207530e-01,6.798430863982497518e-01,7.110055053742572184e-01,6.469849506844551623e-01,3.641628839735508993e-01,2.428957574307832046e-01,7.279822370684095878e-01,6.796843852161823518e-01,8.164471375890880456e-01,9.672632128509075500e-01,2.301348465097278750e-01,6.095939537277517140e-01,5.692512188132468065e-01,7.116619457145134664e-01,7.248452882328624280e-01,9.976941677591344426e-01,6.999412592345310991e-01,2.242222195746207403e-01,1.397144932762087455e-01,8.791435132422443788e-01,6.528622183084268338e-01,3.474157421265738344e-01,5.406095776020765076e-01,1.233491802700065199e-01,3.653986763664697213e-01,5.998945748857738014e-01,6.450151169543493213e-01,6.887613153998887183e-01,4.608598440833950871e-01,3.434353913393607405e-01
8.703711001698323235e-01,4.686196012364674535e-01,8.494839043500107545e-01,9.471639464908578887e-01,8.369165481458451517e-01,7.000912951904838533e-01,2.892371156182264591e-01,1.631910643214299628e-01,7.984452873091898439e-01,2.128349698977495541e-01,7.083759682279708869e-01,0.000000000000000000e+00,8.012228770720392079e-01,3.366926279800127042e-01,7.708395614947096686e-01,7.910118616930771340e-01,3.115094792208953356e-01,4.963986918556174688e-01,7.777583459997133852e-01,5.108352378028885310e-01,5.419025583461591911e-01,4.591393631375637052e-01,6.677345610047146218e-01,9.432370029764225450e-01,4.966061023214148884e-01,2.213262857446173792e-01,9.487132976541496898e-01,5.009425199293290332e-01,7.398627908835073708e-01,4.457642980630890928e-01,3.557443583903582840e-01,5.318994861215511349e-01,7.148735562737223992e-01,7.369675404467708191e-01,4.002911413562088017e-01,3.581528579869543982e-01,3.174906548694366171e-01,5.967120674589601048e-01,6.274000307849217917e-01,2.086980022485021014e-01,1.852831616164734019e-01,4.415939412252146146e-01,9.947177882879250088e-01,4.670895519278143726e-01,4.688207138780784988e-01,9.562887171815159792e-01,5.111084626462728542e-01,7.316524528216775680e-01,4.985719113557521842e-01,3.463576865401256644e-01,4.061226366895019924e-01,5.693013691958010991e-01,9.942783242907391461e-01,4.185624515244701360e-01,1.727575578878565166e-01,4.461644243566302848e-01,3.273853713900344853e-01,7.740049354947712290e-01,9.427378854149643939e-01,2.644642519613155107e-01,-7.028742982542365847e-02,6.126885798118757442e-01,3.490676976273767718e-01,9.636080909927461358e-01,7.287397981707068872e-01,7.516841594346950206e-01,5.636101702455009743e-01,4.242728120186527452e-01,3.182083987487583920e-01,6.683733315331462643e-01,6.580157561124373444e-01,7.083244562429581448e-01,5.123552784691239870e-01,2.551834990139142945e-01,7.681421526334816230e-01,6.350585825091131786e-01,3.887804154294365322e-01,2.715445498280401049e-01,3.733157922223189207e-01,5.104776010205662740e-01,4.627838881155635908e-01,5.937376382617123305e-01,7.071224907929927195e-01,6.986566454397045156e-01,7.523148361150935326e-01
8.396350050875296400e-01,6.973335276114784875e-01,8.438257747680077969e-01,6.790277857630885316e-01,7.581317189276451929e-01,7.977989894568632279e-01,4.724179270805711761e-01,9.903352026925369422e-01,8.204782138350089626e-01,4.205067342514264839e-01,1.530550620838656284e-01,8.012228770720392079e-01,0.000000000000000000e+00,4.663895631252300000e-01,5.323684075403531946e-01,7.158058186780243970e-01,3.381011750438691066e-01,1.421230726584165049e-01,5.425792848159526338e-01,4.839685009072657307e-01,9.289034240956947075e-01,9.528449969197010372e-01,5.457514708711191931e-01,9.225519407436997277e-01,6.464260894113521561e-01,5.270421023964504403e-01,6.122945079743905561e-01,3.728154723188693564e-01,3.788703542647212097e-01,2.554764417480637467e-03,1.918595380902420877e-01,4.896840019973703328e-01,7.038984607481031386e-01,5.033629965097565773e-01,6.553921064283058096e-01,3.927827177917193047e-01,3.004086351630490537e-01,7.102903219665284151e-01,7.960200792745498743e-01,2.342402883367902811e-01,7.404578291669110524e-01,6.636599886206389076e-01,5.089482607011501791e-01,6.002216021364822351e-01,5.586402619547897741e-01,-3.595666462423763310e-03,5.595023568266348502e-01,4.346356698920703643e-01,4.658554967016433901e-01,4.317501217832147020e-01,6.809850813767034383e-01,9.392283585328224937e-01,8.685690929965812490e-01,5.198739738886610784e-01,5.025862288365912089e-01,9.273016128452153950e-01,7.724408771311152000e-01,2.742418511536507397e-01,6.634067359114707019e-01,3.448935759764519826e-01,-1.549556522893601185e-01,7.179871112551283741e-01,7.052622094607501335e-01,7.801254268039605755e-01,6.492441032514796317e-01,4.832402885127817238e-01,8.542148316207331948e-01,4.835205309139668506e-01,6.081105424454474884e-01,4.304074715544841112e-01,8.510022244782278200e-01,9.339904059859632790e-01,5.766744836593624690e-01,5.686129675284691265e-01,5.919825937497995572e-01,7.693003296889496800e-01,4.720028591825044528e-01,4.841822938257436260e-01,4.533220424689340389e-01,1.217864724449254088e-01,7.284095864979757140e-01,9.480087315141382254e-01,4.755369770760531356e-01,4.814649694543253755e-01,3.044277802690905643e-01
9.653666080772359548e-01,7.375502478264026607e-01,8.711914197094108303e-01,7.805612945406752434e-01,6.662805686795194582e-01,8.760426399459821933e-01,5.109505264263813906e-01,6.865923811706813318e-01,7.938407150045383442e-01,8.530893483123193066e-01,3.938354969833960384e-01,3.366926279800127042e-01,4.663895631252300000e-01,0.000000000000000000e+00,6.693616454211068767e-01,9.205696311872693105e-01,5.335406620015787915e-01,6.018927374210482073e-01,8.549286921857404131e-01,9.530970628033906822e-01,8.129051889181094781e-01,8.868107593152864121e-01,9.887596806946173933e-01,7.333267262320720681e-01,4.390778279676900153e-01,6.060419313750770032e-01,9.658062259364139646e-01,6.081654005529073537e-01,3.736194813817642069e-01,4.234223162528778783e-02,1.123585228711049544e-01,7.581007618292392447e-01,9.301990510771526166e-01,8.931874451820235317e-01,6.058631293243971205e-01,4.410084636930619584e-01,2.309391215592649371e-01,6.037779849617745942e-01,7.885723794009470433e-01,6.066252055522045605e-01,2.462435522957429623e-01,5.499392047883971957e-01,4.885472827843704846e-01,5.458782322355516525e-01,9.483569774957458787e-01,6.976705796178186425e-01,6.227547298070975623e-01,2.079980089373632546e-01,6.749084987035947059e-01,5.753470325485431358e-01,3.956519195974163572e-01,9.866214204910562779e-01,5.771738233355578895e-01,3.882057259981617214e-01,4.504490866108545322e-01,6.358966875791436379e-01,5.977268074541417509e-01,9.580190642156165559e-01,3.689249763075079791e-01,3.541176274853288786e-01,5.941525760251638033e-01,7.731592132371831738e-01,2.780654369417089877e-01,7.659543944465194709e-01,8.603027853283923276e-01,5.390693843697854648e-01,4.032859838134439934e-01,6.644210834960683210e-01,6.260368146575484571e-01,7.350023662961936433e-01,9.010818419811577051e-01,6.432989714181572838e-01,4.516736213054735050e-01,5.317425243792397449e-01,2.197087101991819225e-01,3.730479752530869719e-01,9.099411864547787276e-01,4.768167159188747561e-01,5.064850583651550053e-01,5.609769764174823425e-01,4.337582830764783459e-01,4.866532777834655654e-01,2.473096963728179942e-01,4.576044092253978568e-01,2.842354515298909368e-01
6.574988612816867750e-01,6.352169884852115755e-01,8.782599374337424214e-01,3.985100732013115987e-01,9.521288588468505010e-01,6.424351019701730614e-01,5.180648122438492598e-01,2.841107994060600439e-01,3.550535292973744372e-02,6.709527201305443000e-01,5.991108730532792581e-01,7.708395614947096686e-01,5.323684075403531946e-01,6.693616454211068767e-01,0.000000000000000000e+00,6.006641666283135672e-01,6.196721636168992520e-01,4.704130800978173488e-01,8.822880913216234466e-01,6.165830791212311146e-01,9.664085137425604266e-01,3.978962466399714737e-01,4.193598657973188759e-01,8.011642407500735308e-01,4.632510844373414205e-01,4.193215173059964274e-01,8.962575182174793431e-01,2.626524595356046765e-01,4.012776181117620466e-01,5.746322847823679414e-01,2.495408872846874848e-01,5.857460982032827168e-01,3.756968877583644062e-01,4.416162097643537288e-01,6.186550231191618732e-01,2.906769307892794196e-01,1.472702239953721237e-01,3.673322150107614092e-01,7.480955381493394896e-01,6.834263158567078777e-01,-6.957266313709911665e-02,9.078825313740024328e-01,9.869258588699879597e-01,6.328142305683355229e-01,8.674294632975515507e-01,6.373677714537664407e-01,7.899273068051055890e-01,5.476869473163729074e-01,5.220833784891723006e-01,7.594672988654959100e-01,5.016206384860270040e-01,6.014941618178253346e-01,9.414975977793269557e-01,3.687187742056792228e-01,8.193297509562517122e-01,7.562240068005469107e-01,6.495206287422754521e-01,5.042813126013970804e-01,7.382405207164921546e-01,3.739928885788290636e-01,1.155985945950694371e-01,5.586074631710304939e-01,4.822064581455866583e-01,6.717203777884949156e-01,6.263125594649030514e-01,7.674076592486883674e-01,7.476468949114136731e-01,9.409632821506382916e-01,7.321306661639653823e-01,3.858700075401799712e-01,7.215598759967321030e-01,7.598756719395883819e-01,3.315366068706209202e-01,2.441283954585038996e-01,4.422600169497203360e-01,6.459648458446181074e-01,6.232844281275005116e-01,5.338043891572661348e-01,2.449055931567329092e-01,-1.975582316497501434e-01,7.336769689329887267e-01,2.624982035093926802e-01,6.846771615367662767e-01,4.437453713901765018e-01,6.956903444526579827e-01
8.339925340486293859e-01,8.212921526894056967e-01,8.610342355546909410e-01,9.285841394885179234e-01,9.465123493939436861e-01,7.651606687196679246e-01,5.938137143804218532e-01,3.983289836858152633e-01,9.279567445161955863e-01,7.898932681975578962e-01,4.154592255009166291e-01,7.910118616930771340e-01,7.158058186780243970e-01,9.205696311872693105e-01,6.006641666283135672e-01,0.000000000000000000e+00,6.834140087203129099e-02,7.298615989495657042e-01,8.342818068088239114e-01,7.472418626640131567e-01,-1.491222264185900204e-01,3.636836399429598243e-01,2.798892547985961654e-01,5.680756534233553090e-01,3.319429985607291189e-01,8.582419329622060777e-01,2.227095678286028502e-01,7.954714470994570519e-01,5.379238761694011828e-01,2.580163821846391259e-01,5.988245322929418579e-01,6.394923145171015344e-01,9.882052439711451752e-01,6.234616520037468135e-01,3.273732979119846620e-01,3.115770315949037972e-01,2.864221508648178149e-01,7.747651254844754032e-01,9.791578213699939637e-01,5.362791949541579895e-01,5.481757025639686365e-01,1.551781412388986425e-01,8.132796257109288218e-01,6.547085937153703794e-01,7.623585856098420432e-01,9.057166273552715863e-01,4.722343742731390792e-01,4.199971197020875568e-02,7.172872501082445673e-01,7.777982905313409745e-01,2.838006593161149227e-01,9.922364019741376495e-01,6.747746998303006949e-01,6.147705807298066150e-01,7.889583442408656389e-01,4.302635603555318711e-01,6.701458804843012373e-01,7.708880000412757783e-01,2.138966305617013564e-01,6.568421754398265922e-01,4.693422241670892614e-01,5.224600317986943798e-01,5.609802419507229354e-01,5.945944590059889512e-01,6.125104725808369066e-01,7.577755156950372051e-01,4.350981385444766536e-01,8.143277223970579737e-01,5.877939847390896422e-02,5.393345748701372511e-01,6.695591787070707124e-01,4.502331197963011511e-01,4.755469172975423930e-01,3.263766945140456066e-01,3.198902268789857728e-01,8.078927614173383454e-01,6.815522371725505346e-01,4.213916547348945940e-01,7.470451251922654023e-01,-9.052539605148854363e-02,6.732021512068431246e-01,8.166038645912891969e-01,8.836979748480402463e-01,5.001806520840045289e-01,5.270035474253080832e-01
6.250270054981903467e-01,9.228797563636296220e-01,7.264051462769195444e-01,6.699307154214237947e-01,5.889024637083524194e-01,6.068173425686588240e-01,8.869627931331687254e-01,4.212919092739483840e-01,6.706949423300900825e-01,2.430344516329556448e-01,7.127876324780042516e-01,3.115094792208953356e-01,3.381011750438691066e-01,5.335406620015787915e-01,6.196721636168992520e-01,6.834140087203129099e-02,0.000000000000000000e+00,7.626336670943691942e-01,6.506582309957463783e-01,1.270072034316471477e-01,8.873046142787457402e-01,8.887224167501746042e-01,7.884377659474499644e-01,6.619246689835027730e-01,4.701349400051830218e-01,6.198549983582652967e-01,9.371704792838334575e-01,7.756597232337075765e-01,3.871027276511775916e-01,2.820151349021031706e-01,5.611544195254372092e-01,4.653323869318607975e-01,3.997587601129365398e-01,1.436651112090912008e-01,8.148327696960971922e-01,3.833223673121061159e-01,3.665976175456756581e-01,7.776172547889358411e-01,4.148673520796190006e-01,6.187433120034570022e-01,7.541245087837465666e-02,8.056357676961170000e-01,7.866061712402508954e-01,6.526698006944910979e-01,9.723618418098887162e-01,8.850618424014368157e-01,8.062857435118245819e-01,3.647025424403327332e-01,4.479956311733206409e-01,7.367417795950569337e-01,7.455750933188186602e-01,7.186341265068725281e-01,6.221818902409297358e-01,7.839455772920483900e-01,6.032612042391437557e-01,8.704543347246642693e-01,4.479503533185988373e-01,6.720713284118342568e-01,7.172064803137366829e-01,5.805925549321604429e-01,3.609312348813621396e-01,7.859234529345267006e-01,7.201252669294085917e-01,8.835340939878907340e-01,4.006166692681739638e-01,4.454571205191579786e-01,5.157242432047026703e-01,5.712620950437985456e-01,2.925649284876640221e-01,5.872540502544194574e-01,1.811297156561992028e-01,6.732352429951359296e-01,5.796565413546895806e-01,1.134252308293594996e-01,6.591929541665895176e-01,2.753491087832858897e-01,8.263224628239368430e-01,7.834415485646943900e-01,4.489048016761464921e-01,9.322645631208775763e-02,6.775239372638498514e-01,9.480495347845745435e-01,4.686203449399836130e-01,5.183422637559144119e-01,4.238383301023573302e-01
9.678188360372257382e-01,6.080917440105846339e-01,9.674722256411689703e-01,7.138416222020371737e-01,7.383319445199116871e-01,7.544181500236777360e-01,5.897715685164950372e-01,4.682583609465963970e-01,4.171508094915593601e-01,9.903371856090407155e-01,3.268953627315655530e-01,4.963986918556174688e-01,1.421230726584165049e-01,6.018927374210482073e-01,4.704130800978173488e-01,7.298615989495657042e-01,7.626336670943691942e-01,0.000000000000000000e+00,3.856677339094815027e-01,6.844619724200768918e-01,6.191417909175640499e-01,1.086111423786586573e-02,7.507877685008370605e-01,8.218816137895297302e-01,2.614106247736798228e-01,7.488300275967409991e-01,6.819313448448243165e-01,1.602564324779490457e-01,5.689368374496103220e-01,2.385513804624859735e-01,4.516501538047168474e-02,6.061111205111181510e-01,6.217009697011038893e-01,7.904000369452868213e-01,5.543256753770471335e-01,4.111639763334065112e-01,5.886895637073121801e-01,7.666136841380678524e-01,8.755011961838877754e-01,7.364983748496464200e-01,3.514795626071963164e-01,2.192141385316178082e-01,6.367896475772349962e-01,5.242049507470275538e-01,3.352320089076605836e-01,7.956684956394728392e-01,1.100246803010265922e-01,3.251269492813822493e-01,3.658754601010576479e-01,7.369246101665365423e-01,7.845582656546501443e-01,4.895775771235241214e-01,6.338382501807334757e-01,7.902409855430244656e-01,4.704162811508958431e-01,7.461333550219564348e-01,6.886454247464149914e-01,4.019581441790661680e-01,9.221516787856038899e-01,4.270168395066760159e-01,4.550340916847875339e-01,3.712465997072705859e-01,3.023897049250307556e-01,9.719442892415453006e-01,5.552667743277397427e-01,5.162322375906391869e-01,7.563788565784196338e-01,7.093381686343618320e-01,2.308237226322409075e-01,6.879726005019101143e-01,6.031672846664533072e-01,-1.228854312999508314e-01,6.472269336158704700e-01,3.643276679315273769e-01,4.309655477971501281e-01,7.723966583552922538e-01,6.796973764047549438e-02,6.730435751367290775e-01,3.766916670209226048e-01,9.673951501349425941e-02,3.826697356544886963e-01,8.996136145909501280e-01,7.132087099253712204e-01,-1.876187925590113714e-01,7.816313496332543131e-01
