0.000000000000000000e+00,6.078028524890239925e-01,7.203181161556171386e-01,6.660157688196555181e-01,5.142888585433598170e-01,8.083970104016394709e-01,8.104627598530166344e-01,2.100253860285770657e-01,4.102634669382200783e-01,5.774731393654689571e-01,7.845493599543296170e-01,4.747850003944821262e-01,9.819938311257301322e-01,9.303626292981577173e-01,6.742319129633792540e-01,5.908888948198236513e-01,7.717412221077988299e-01,4.388534438438987939e-01,4.137165840329836142e-01,9.940485837932506730e-01,8.574140291993510576e-01,8.868154534238410491e-01,8.181553655556010884e-01,6.064465072107356747e-01,6.780948178161726458e-01,7.991430018965313131e-01,9.514332270345171594e-01,8.399712072821725606e-01,5.653178741648011707e-01,2.877346035468225649e-01,3.053165090380023372e-01,9.897680554232280992e-01,6.923408416436852564e-01,9.563894449944118081e-01,6.776807362909856858e-01,3.464208409959295132e-01,1.686010851132682953e-01,7.474016009830363183e-01,7.794682404044007695e-01,2.882098619243769755e-01,5.447257865429060431e-01,6.925098014358368470e-01,7.623007605433662626e-01,8.753485020763779323e-01,9.292758635695612668e-01,9.903240770723560349e-01,6.270349753413536620e-01,8.640541204494551764e-01,5.583014751860653213e-01,9.256034294367386783e-01,9.208886678051124708e-01,6.889776079895693073e-01,7.392246541515909986e-01,8.649556638481568083e-01,8.183338881199243575e-01,9.803568533161736154e-01,8.109879717400089172e-01,8.598497106517478672e-01,6.324170397259917253e-01,7.171869186480973601e-01,2.743653489290214242e-01,9.281030546817201632e-01,8.313337838290244530e-01,9.955031825595801465e-01,9.493168204190121084e-01,9.910954952964722287e-01,8.188086512684854545e-01,6.769834042124747153e-01,9.270949956643057543e-01,9.329002209151140423e-01,4.509379940137668297e-01,9.564608558461380472e-01,5.145141763260403511e-01,4.123570263548933523e-01,9.323962535655594408e-01,2.581143255916138468e-01,8.587186341258354894e-01,4.942492593360685027e-01,4.058885934236804993e-01,9.483643335696878562e-02,8.032238169323202559e-01,7.614787929168354008e-01,5.055536423065514207e-01,7.257322247626096789e-01,8.616913195508975054e-01
6.078028524890239925e-01,0.000000000000000000e+00,9.529797160994687433e-01,7.048789459279154457e-01,4.100529532052490378e-01,7.376882706887800678e-01,6.511980634522226419e-01,8.286577389903010404e-01,4.040076540639209735e-01,6.233141299284165049e-01,2.042722579770355762e-01,5.032102445936070811e-01,9.993718831090131482e-01,6.530439134957423120e-01,7.853346051037857212e-01,7.799643753793016332e-01,6.284595883373520486e-01,7.883784177742756416e-01,5.204480069046827362e-01,6.585109345987294471e-01,5.605344326065619942e-01,9.284160555248273106e-01,5.780961254886041178e-01,7.819120777483203888e-01,6.774180388248309814e-01,9.739974041642250890e-01,7.394391638301314185e-01,6.526683926500991273e-01,4.258382665300108894e-01,5.427092877613923783e-01,4.265541355195898721e-01,4.624117252245580345e-01,7.538844473957113657e-01,2.595807710769677534e-01,5.325393808067148127e-01,6.809922218023755081e-01,2.854618650511643874e-01,7.368054116714249924e-01,7.008804057970894341e-01,7.682702395057443567e-01,5.121739257317975413e-01,6.468105078181258794e-01,5.931917517161747755e-01,9.699091935251804575e-01,9.236773577656498535e-01,8.931918008135366627e-01,9.077113990414952260e-01,9.585270688624039082e-01,5.359963798129967483e-01,5.380659145139810029e-01,7.856724689656294225e-02,5.583789808380190678e-01,5.120459601706428554e-01,7.530805763130885566e-01,3.696708932212432464e-01,7.699123003881823690e-01,-4.965138352258502419e-02,5.122611309505616939e-01,8.992076591266409125e-01,1.610535808977348049e-01,5.571737550112219051e-01,6.505834741502422025e-01,2.559493148690714093e-01,5.563156508754953933e-01,8.750870400256487436e-01,9.241742503170821132e-01,5.356177547017781926e-01,5.785271254198507407e-01,1.142557454283147644e-01,8.259352217344505531e-01,5.191692377777225031e-01,7.627280960046186609e-01,5.825534619833884209e-01,2.422343320892935969e-01,1.485789193536976860e-01,9.063965217866968294e-01,7.250482079620527154e-01,7.763591041431867623e-01,5.699413000054366352e-01,2.841266946073470745e-01,3.485549769523731412e-01,7.711129244331001997e-01,7.480956308474410177e-01,2.561257586791056973e-01,7.841207431416370444e-01
7.203181161556171386e-01,9.529797160994687433e-01,0.000000000000000000e+00,6.599784559112835680e-01,5.692649869310377753e-01,8.875139570022145818e-01,9.997894403546062625e-01,4.110556880129170310e-01,6.726704317184108994e-01,6.787485392040749632e-01,7.801717666717131738e-01,7.878432947195219693e-01,9.075036602162743771e-01,7.597156621422651579e-01,9.999832486338817716e-01,8.105343521377834648e-01,8.347075684219591452e-01,7.912136237546834039e-01,9.609013184825880849e-01,5.958004633155328245e-01,4.745059752402558950e-01,4.913748137925814108e-01,9.506310855994581921e-01,9.418247496663429974e-01,9.514287614296328410e-01,9.397983023231510913e-01,5.352774942218307963e-01,8.440557892301185916e-01,6.176454901055290492e-01,3.057418784433632575e-01,5.431719079289239194e-02,7.044216984019321393e-01,6.043986369909165601e-01,2.471320255171086111e-01,8.398476562429640913e-01,6.250097530850646788e-01,-7.063173641379730250e-02,8.409389880398614459e-01,4.432035159914879396e-01,9.673399512851277304e-01,2.256307652899195992e-01,4.203208200425563312e-01,9.481711004740193127e-01,2.826748151277038157e-01,9.415044093954343385e-01,4.646968791270171817e-01,7.106491454851892042e-01,8.158587382879525229e-01,8.453052313772225768e-01,6.287647086031135091e-01,9.286753287611456686e-01,8.871428682234492324e-01,5.637113291811725047e-01,3.423847169700842130e-01,6.743149122705834886e-01,7.400555086245703684e-01,5.781059922611606616e-01,6.557198154676057156e-01,4.910013803109204988e-01,4.619158374299722203e-01,7.930786494845025736e-01,2.253079915244944886e-01,5.557635937311277141e-01,2.438535282657861292e-01,-1.220153375611667812e-01,8.737527842856642746e-01,9.220411064907022558e-01,5.667745879679426668e-01,6.497836812748205571e-01,7.232966685332742340e-01,7.093004756978412706e-01,9.326053983957918181e-01,6.699337692342365314e-01,2.955516490407344987e-01,7.794422621209528002e-01,6.162873792043386256e-01,7.761215502564642321e-01,8.235036827656958547e-01,2.598439296312398672e-01,2.644999093464008855e-01,9.644437067029859589e-01,8.451797823009016275e-01,3.950623852200294550e-01,3.416964883066254677e-01,4.650432496481458067e-01
6.660157688196555181e-01,7.048789459279154457e-01,6.599784559112835680e-01,0.000000000000000000e+00,5.027603306691654783e-01,6.835725421796897683e-01,4.592642197474327559e-01,7.649301309903748791e-01,4.568127300436182758e-01,6.366277229382819591e-01,9.943885179895068926e-01,2.669708525917106612e-01,9.852503546976193460e-02,6.282064490120773392e-01,7.125004755159304315e-01,5.460998561642320670e-01,5.055367327118913678e-01,2.250337503645265247e-01,6.783246510582180422e-01,6.296393283357493154e-01,9.247015682097048384e-01,2.469262595224381573e-01,6.623402219104297384e-01,6.801698769494451957e-01,-1.604246509083021299e-01,7.282519680198246137e-01,4.779994771017737620e-01,7.384802910094883099e-01,9.593291901637661656e-01,4.506634327952349084e-01,3.002918220790675163e-01,6.678951173563594246e-01,8.209534360691200794e-01,4.977161996712869407e-01,6.686518872266845603e-01,7.497125101280126547e-01,4.989536385646546335e-01,7.980444613961208411e-01,7.227259454352736867e-01,4.376229726240944418e-01,-1.054682106348376613e-01,6.862391134192808995e-01,6.051482872684476044e-01,9.758541186422534097e-02,9.559632310254935206e-01,7.211217742442465051e-01,4.958011638024591439e-01,9.389860070242159740e-01,1.219021450983759358e-02,3.653517585885548979e-01,4.056018545607656955e-01,5.716829676529400217e-01,6.631796996769807606e-01,4.604584140698544936e-01,8.267187792952374048e-01,5.310989218268556966e-01,7.522445041417713529e-01,7.308825573162209821e-01,6.610334028410083107e-01,7.865823525705353259e-01,4.325191539568081778e-01,7.907887593619067346e-01,2.078746496607526972e-01,9.579513210570756998e-01,5.946176625264163462e-01,8.977541192841356210e-01,6.770989773303826009e-01,9.848393161610203839e-01,5.128158616188019936e-01,9.607560242759494162e-01,8.073860781713738666e-01,6.427779790183667519e-01,2.254639290192283207e-01,5.986171581411310338e-01,6.705205912273249913e-01,6.585163955112710577e-01,6.691724659803820474e-01,2.665493678420641777e-01,3.134622257657430633e-01,3.495260994322982873e-01,3.420842967546733338e-01,9.451445264740605534e-01,7.599996260783122848e-01,5.613065176615180674e-01,3.490934970153596884e-01
5.142888585433598170e-01,4.100529532052490378e-01,5.692649869310377753e-01,5.027603306691654783e-01,0.000000000000000000e+00,6.333065860497540944e-01,4.751244477686665801e-01,3.160008855119039728e-01,5.412324298381803178e-01,6.556719193767623910e-01,2.288899612501819891e-01,6.491474355570329147e-01,5.150182134329078787e-01,7.570816178085103543e-01,7.547525303603858093e-01,7.392998551516510863e-01,6.588032058717635531e-01,8.693941985993668409e-01,3.892321482097136354e-01,7.124344988398007006e-01,7.857441720001054897e-01,8.415744823763892102e-01,4.443723394339162414e-01,9.759805306183439999e-01,4.534272512767681396e-01,7.467740294525382350e-01,7.225351772197918798e-01,5.781235732009727402e-01,2.582390354351378203e-01,3.785354112893826173e-01,5.199563246567108221e-01,5.250677784964787875e-01,6.284119000468657568e-01,4.846948415416104106e-01,2.516289111562846625e-01,7.752030108403976660e-01,1.153308714066939439e-01,4.292071708295743804e-01,6.212238969056911309e-01,2.342070453341333902e-01,5.533049849533803188e-01,1.745985375173666754e-01,7.327730059508630323e-01,6.966094834476478370e-01,6.392396699586258002e-01,2.806168545990805896e-01,4.167458556860373364e-01,4.639461562013265650e-01,6.995985469687406866e-01,1.653595811524556369e-01,6.458099966261341418e-01,6.584911483005201349e-01,8.741399623513158579e-01,7.573518147569897607e-01,8.721774058279077035e-01,5.541142450257340313e-01,5.925639944004388315e-01,4.102629737706267044e-01,4.402548890600082032e-01,3.779084134940968731e-01,7.090951817267127089e-01,5.479313804233099106e-01,6.906609457349026648e-01,7.268066183559025450e-01,4.199514798312871666e-01,5.286413670688339117e-02,2.017655870045439170e-01,3.636294706603822036e-01,5.368689012074507882e-01,5.616073145253590582e-01,6.328256779816893163e-01,1.048945282363772935e-01,4.341183609479281058e-01,1.239521667512155645e-01,2.938981291429116904e-01,8.044597433495713767e-01,6.523875980070628078e-01,5.745092106527829312e-01,3.290191346754088864e-01,4.693122058619092485e-01,4.863501160752281560e-01,6.189168758327160402e-01,9.395975739697144391e-01,3.327767519343143299e-01,5.407501048477271199e-01
8.083970104016394709e-01,7.376882706887800678e-01,8.875139570022145818e-01,6.835725421796897683e-01,6.333065860497540944e-01,0.000000000000000000e+00,1.134274913152893416e-01,4.004974418220170751e-01,3.551597421855233194e-01,8.065429968667398031e-02,6.832418838660587745e-01,8.755616642015028039e-02,6.255296492054384094e-01,8.449982440124816918e-01,7.322733967983601211e-01,7.120407645910937777e-01,5.155355043045786179e-01,7.286449101887078061e-01,6.088799577714998357e-01,8.179047773542058586e-01,9.457831513110706023e-01,4.897534031806026200e-01,4.473718263430163655e-01,4.285835660925156887e-01,4.449268341338440402e-01,7.430560105536373472e-01,8.437747579169873058e-01,5.277372884347053539e-01,4.616203296132799228e-01,1.071298329049271136e-01,8.097338217261816906e-01,5.580099111976848381e-01,4.122130440444000121e-01,6.731733977610424580e-01,5.486359011568876509e-01,5.130632832001761345e-01,5.861485997182958041e-02,1.688070970109993296e-01,6.225449971524446013e-01,7.231128968127146228e-01,4.608130891731416767e-01,5.176119323584065235e-01,4.527416551351308160e-01,4.557640826619593910e-01,6.497281718672029971e-01,6.170053826314971790e-01,2.858069661412548923e-01,9.847107549607700960e-01,5.739831941701523110e-01,5.120750088306353920e-01,5.936878264582530207e-01,9.729976648916887072e-01,6.037944833989009608e-01,7.889230529411785930e-01,6.623658900324684851e-01,7.943664797880836126e-01,6.913722442738318152e-01,3.435937524097729678e-01,4.508194932901248841e-01,7.791041969116713206e-01,3.422644817999760392e-01,6.920092974735213565e-01,7.999240694339098123e-01,4.269915050789867550e-01,4.359732704489226451e-01,7.422465564907462232e-01,6.747286090594444286e-01,8.783964932395981196e-01,5.342317277322937707e-01,9.311875045983722954e-01,7.927654181068704009e-01,7.562812046874766159e-01,4.717878159119334724e-01,4.258638764529928955e-01,4.024412026043808766e-01,6.180909236523739470e-01,7.589945446338374202e-01,6.706650097343851424e-01,3.008590709806673869e-01,1.100907914059926496e-01,4.774348909615362957e-01,5.053650279044276106e-01,7.748575773268001621e-01,-1.409378619890999662e-02,6.876054237928365120e-01
8.104627598530166344e-01,6.511980634522226419e-01,9.997894403546062625e-01,4.592642197474327559e-01,4.751244477686665801e-01,1.134274913152893416e-01,0.000000000000000000e+00,4.885844269354552849e-01,7.848535927651095756e-01,6.795763061489993317e-01,6.146391732640879013e-01,4.520680473816816591e-01,5.162558030859724090e-01,3.734729085662688020e-01,2.631627158695598601e-01,4.023350930456852659e-01,9.892421170084468862e-01,1.349800819030315402e-01,6.294274672204186460e-01,1.212166530172395645e-01,7.640990786425074788e-01,8.554016993244381029e-01,9.116638090148259099e-01,8.418000093923893035e-01,7.163418550710867194e-01,7.642005265542627379e-01,5.102029544480242151e-01,5.822617352957031311e-01,2.191796536227459957e-01,7.114850153953883316e-01,2.285480881480470017e-01,2.592089915148224066e-01,2.688406098536655908e-01,7.597000051853666225e-01,6.275154522290565806e-01,5.265514379660480859e-01,2.390515072224170257e-01,6.298502589651963079e-01,4.573350062606119093e-01,2.376341009410096461e-01,1.154984334902012799e-01,4.384492396772528000e-01,6.556326222529368364e-01,2.183712351411619401e-01,8.032386948424803386e-01,2.743736232036041445e-01,3.298348236740564765e-01,3.431604787121923517e-01,7.504202010671972012e-01,5.759599088913878173e-01,7.347787014959745733e-01,1.999787600238464302e-01,7.802144603371233833e-01,5.830406143596935653e-01,7.113650354655709496e-01,6.755797927878737230e-01,1.347070157490766473e-01,-1.095797729072856136e-01,9.526696351322594403e-01,4.415025405889360099e-01,1.438247698433933464e-01,7.689345129688144320e-01,6.615614111553290710e-01,5.671946267871312841e-01,4.056953948090221695e-01,3.728418244469627330e-01,4.293405616951384007e-01,9.584685839082019987e-01,4.388436054811766240e-01,7.695600079175596298e-01,3.654820836082652846e-01,2.179402667788253034e-01,1.721619845983073938e-01,1.518977553705277428e-01,4.270685711170627702e-02,5.079495567494659580e-01,2.658050439320556735e-01,3.006414300726406585e-01,7.242615796466399525e-01,2.565402121668290958e-01,7.478331778012387021e-01,7.528736996042326712e-01,7.852334923910891940e-01,2.366084232410387567e-01,2.517394221375640062e-01
2.100253860285770657e-01,8.286577389903010404e-01,4.110556880129170310e-01,7.649301309903748791e-01,3.160008855119039728e-01,4.004974418220170751e-01,4.885844269354552849e-01,0.000000000000000000e+00,7.274818923113772762e-01,4.258197915701555369e-01,-1.087060050144475348e-01,3.491027156005511722e-01,3.844395963505777836e-01,8.544373664883470054e-01,4.243717760176971554e-01,2.666587417822523509e-01,6.236797632342596653e-01,8.726808704207761336e-02,-8.514825520490633404e-02,3.931114617905048236e-01,9.131229894542430836e-01,9.571926341736700650e-01,7.079976704255310782e-01,5.588507565747694583e-01,3.358194970543579849e-01,7.462463347376357969e-01,1.762994124276752728e-01,2.908468191616477294e-01,1.511141762448002246e-01,4.043720525529851395e-01,2.721245847263362855e-02,2.345960469162003126e-01,4.677716185764044937e-02,7.428214749659176608e-01,4.665082140405574784e-01,5.074217538156324814e-01,2.139810906442869143e-01,4.235736996222564388e-01,2.837844749587041873e-02,5.127163691323678441e-01,4.450742952998000823e-01,4.992761230824518948e-01,2.849384354259351659e-01,3.576796568924139330e-01,8.748461311375657079e-01,5.953526219532676578e-01,9.661627420728632343e-01,2.183117992836449417e-01,6.223479070180236716e-01,7.830891147466194635e-01,6.750165424125014191e-01,7.542770211556508730e-01,3.810431091701595996e-01,5.666437487367099735e-01,9.715629790195769999e-01,6.736869270318719405e-01,1.180473147776248122e-01,9.024594480291998899e-02,3.083999573141193995e-01,4.759899278332642703e-01,5.430761492571289928e-02,7.165306862523108666e-01,9.916056627919153099e-01,2.132378958480044273e-01,8.359670644629966230e-01,2.510372200290782452e-01,9.375635428216583245e-01,5.139591490614879854e-01,3.615412906678169835e-01,2.862455343335797431e-01,7.161675780921861840e-04,4.014101320582241783e-01,2.893563393173206530e-02,3.408702059788449867e-01,6.624496725028674593e-01,5.821605868881059020e-01,2.079799321510398813e-01,6.191346209021401092e-01,7.417350046579366252e-01,2.265733824619606263e-01,4.259549455424659348e-01,6.710552162173489821e-01,5.562900730133567562e-01,6.123142114231464594e-01,6.429648507254901446e-01
4.102634669382200783e-01,4.040076540639209735e-01,6.726704317184108994e-01,4.568127300436182758e-01,5.412324298381803178e-01,3.551597421855233194e-01,7.848535927651095756e-01,7.274818923113772762e-01,0.000000000000000000e+00,6.937438005555667253e-01,5.965960480748782047e-01,-1.676416386688977245e-01,9.948219664113219229e-01,5.568345880667099346e-01,8.586564620625884992e-01,3.623097823020644537e-01,6.549122044548747468e-01,5.154793677168633126e-01,7.209046064129693843e-01,1.223679067839932993e-01,1.727234394177541710e-01,7.058454916510604749e-01,4.882893907975262571e-01,7.169083562308132818e-01,7.852155610869522295e-01,3.858173405203010886e-01,9.364397060556972630e-01,5.899977812743735228e-01,4.102648922197646431e-01,5.642389154435605292e-01,1.208488671803393394e-01,5.026090554777763453e-01,4.828020894409382202e-01,4.701191807764309449e-01,5.092029477185535669e-01,5.860970358624444376e-01,-1.093900590859662320e-01,4.554080953708172785e-01,7.064626224768355556e-01,7.539991911249666057e-01,4.357289764753639605e-01,5.588232363387786172e-01,7.492352762484902895e-01,7.002072841439112016e-01,7.625918284377468659e-01,9.973366089681270363e-01,5.080921601604440063e-01,5.247445613110655049e-01,2.173603496538336344e-01,6.933775835160130852e-01,4.227700189613238790e-01,2.375300364257243724e-01,3.902772091362913809e-01,7.399527615912361300e-01,5.405919705662171060e-01,7.023349519787641659e-01,3.366892489310497893e-01,8.072575557456518336e-01,3.393850394309156915e-01,-1.731822409718093148e-01,2.330399891186803185e-01,5.327613860527892209e-01,2.003411079542190554e-01,9.355316317746917854e-01,5.279762763020354743e-01,7.079287968318112023e-01,2.733902376864015271e-01,5.242990457026707185e-01,6.860952324476847775e-01,5.460165548034787708e-01,6.965654633263509421e-01,3.784533687146867664e-01,4.326798757396351225e-01,2.766516397573722807e-01,2.044070320219331105e-01,5.512370729451152584e-01,7.361814779602184888e-01,4.135997466687298119e-02,2.292141302057390806e-01,5.349666800177695913e-01,5.071989304872264182e-01,5.360858368269900698e-01,6.616965437845900855e-01,4.145310437331682918e-01,7.359514797860206015e-01
5.774731393654689571e-01,6.233141299284165049e-01,6.787485392040749632e-01,6.366277229382819591e-01,6.556719193767623910e-01,8.065429968667398031e-02,6.795763061489993317e-01,4.258197915701555369e-01,6.937438005555667253e-01,0.000000000000000000e+00,1.492222810265091126e-01,2.852781998831655508e-01,6.534756962359311583e-01,8.892920861502744412e-01,4.551445036209131323e-01,4.953261990225902300e-01,5.622155218778539520e-01,2.348007977940644309e-01,2.709461999877039173e-01,7.164257863674309279e-01,8.819265063694066153e-01,3.250299165662551282e-02,8.758908705275267881e-01,5.458870299227291945e-01,5.734341156926031635e-01,7.594084151377948899e-01,1.350326309156566207e-01,6.260264007014771925e-01,5.052236787458221912e-01,2.727567521748722745e-01,3.171712539881060278e-01,5.082833386374142615e-01,4.543116649341328861e-01,7.245595848374311032e-01,3.761454845510904255e-01,3.787219708743324031e-01,1.247277805255049554e-01,4.490141535767431247e-01,8.638198639196339457e-01,4.070363051283398814e-01,4.904814563964565721e-01,4.006678704793087409e-01,6.361400477700966949e-01,1.586396671259993063e-01,8.980854163009703850e-01,7.068352382298802583e-01,4.287426830495236207e-01,2.089828422684632259e-01,7.732786324672713540e-01,3.306050004010008814e-01,6.771140847393777307e-01,6.234093345395758101e-01,7.475776778491174390e-01,5.462946830046400137e-01,3.129154264452545520e-01,6.513344595484159560e-01,4.455869456474736978e-01,6.110182378423910654e-01,2.957083146552468844e-01,5.152108010564460105e-01,1.054375857649930137e-01,4.363359712588026906e-01,4.049180755089306638e-01,6.352415897450263138e-01,3.239760022541472440e-01,5.510731986116124137e-01,3.900969052136966098e-01,6.628683961194757890e-01,4.898957471200252600e-01,6.862074682818439797e-01,8.885464400625321391e-01,3.312499125523847843e-01,7.183423239715499564e-01,1.689304227830854543e-01,6.924950280120011348e-01,2.253503656403352262e-01,6.178994690018504432e-01,6.706887186654255650e-01,2.789792756003907082e-01,1.241412039934541439e-01,6.780430535218442412e-01,8.688333388398234991e-01,2.421514369057736205e-01,5.671583936304149809e-01,6.346638712981147457e-01
7.845493599543296170e-01,2.042722579770355762e-01,7.801717666717131738e-01,9.943885179895068926e-01,2.288899612501819891e-01,6.832418838660587745e-01,6.146391732640879013e-01,-1.087060050144475348e-01,5.965960480748782047e-01,1.492222810265091126e-01,0.000000000000000000e+00,8.831166850424246872e-01,4.292090711283630400e-01,8.301757639147708812e-01,6.701135254617016646e-01,7.818630138573505750e-01,9.844475707023322419e-01,8.385436560944535822e-01,1.219990332616938122e-02,4.360560213441330157e-01,5.221532392029140102e-01,7.422062627121893685e-01,5.156676501309865879e-01,5.676663496432785561e-01,4.463176076603390663e-01,7.217011027793375222e-01,6.692014022062822143e-01,8.505538659626309395e-01,2.950524981269623259e-01,2.844149584521781793e-01,5.548662460483446690e-01,6.851577902781371687e-01,7.036992890771353037e-01,5.394195683356540760e-01,7.684991949075661299e-01,7.696568665056849334e-02,-3.889074700316042521e-01,5.113347871781189768e-01,9.045601073507191225e-01,8.065032565236508466e-01,6.997124506845919800e-01,5.405462844480170004e-01,8.575482221480726919e-01,8.513020471974253045e-01,8.703654646449858756e-01,7.595047546270111694e-01,6.755539770551788337e-01,7.392582894937341775e-01,3.498115186560656897e-01,3.571615721030036994e-01,7.704984775912262496e-01,6.766839114599884075e-01,9.572094810937059606e-01,5.397609058917300917e-01,8.055487633315380203e-01,6.962660566589751188e-01,7.700663782090767517e-01,4.045513850369469866e-01,3.701559549102508284e-01,4.319047283767845080e-01,4.372278272837307744e-01,8.313584616272015060e-01,2.073635584433382306e-01,5.914010135409626390e-01,2.227473597598009780e-01,2.707429942561332403e-01,6.041175533737551673e-01,6.066046891329293089e-01,6.729004485835006211e-01,9.566595324608874185e-01,5.612147073008575404e-01,5.107574536841419377e-01,8.256703304607390104e-01,5.334227242189097939e-01,4.641952649507179451e-01,9.199452629276145821e-01,8.933632498131475197e-01,5.997671861573383723e-01,3.378763558159375568e-01,-1.469872930241101217e-01,5.189458935159875219e-01,6.735226668942815298e-01,9.841612973087630056e-01,6.679064392060368727e-01,1.985925950494625003e-01
4.747850003944821262e-01,5.032102445936070811e-01,7.878432947195219693e-01,2.669708525917106612e-01,6.491474355570329147e-01,8.755616642015028039e-02,4.520680473816816591e-01,3.491027156005511722e-01,-1.676416386688977245e-01,2.852781998831655508e-01,8.831166850424246872e-01,0.000000000000000000e+00,6.011193173206910156e-01,8.610066988763094287e-01,7.123577145418721335e-01,3.790752016647696565e-01,6.666201143491521375e-01,1.289518302410035122e-01,3.125418276712671473e-01,4.813289141500307622e-01,3.148235056685233513e-01,2.624706423024413260e-01,5.506755164430574556e-01,6.295342322109541700e-01,9.917469733636126161e-01,7.815484263410641397e-01,2.995968871326545324e-01,4.640564673923225358e-01,2.676854114221990932e-01,2.181283189335060380e-01,4.819026165826553743e-01,5.470223168509327216e-01,7.649972207257937917e-01,6.581262913406179527e-01,2.435087558996305301e-01,6.167401600275174145e-01,3.501314546151306772e-01,4.019938231642234960e-01,5.696109175511643828e-03,2.760935529755166873e-01,4.250056809042523920e-01,3.765209720705436913e-01,4.166185960002132815e-01,5.850394069968897215e-01,6.656893270294373943e-01,6.900329160739310241e-01,6.166058930731264098e-01,6.792453754333672711e-01,6.907243031490952756e-01,4.182901823928417695e-01,2.224493779779754543e-01,5.022831767011957105e-01,2.356872645959938173e-01,3.538982123431650972e-01,6.040207751910451339e-01,4.955484210594801042e-01,3.417144837385474032e-01,6.319913681790801929e-01,6.088891019459214959e-01,9.547153117563289895e-03,4.363302366724571835e-01,7.416163261033804632e-01,2.796993036021279133e-01,6.701763421975138746e-01,8.425865396817532327e-01,4.817393007052441778e-01,7.663638591816954726e-01,6.119335256797904243e-01,7.458530153249763872e-01,4.668080040701105271e-01,7.184359895940688467e-01,4.970639162252904475e-01,5.743183255750100580e-01,7.872530883622923525e-01,4.403428053945126486e-01,3.918260916107060288e-01,7.705081150488417574e-01,6.565947284257653838e-01,5.530538230550170742e-02,3.505373671603857488e-01,4.737441533462153354e-01,4.662080783082103164e-01,6.890559027238256640e-01,5.449863359179517586e-01,9.249548141775005838e-01
9.819938311257301322e-01,9.993718831090131482e-01,9.075036602162743771e-01,9.852503546976193460e-02,5.150182134329078787e-01,6.255296492054384094e-01,5.162558030859724090e-01,3.844395963505777836e-01,9.948219664113219229e-01,6.534756962359311583e-01,4.292090711283630400e-01,6.011193173206910156e-01,0.000000000000000000e+00,1.115991979245456456e-02,8.933655713628190220e-01,6.181790510019025131e-01,6.042593424779633127e-01,7.479817352039453970e-01,9.689550498479443386e-01,5.576986985154513965e-01,7.996383705913143736e-01,7.192839616209792952e-01,4.828479214805100339e-01,6.622731664208743041e-01,4.092030397286598453e-01,4.616231143946579740e-01,8.475851119123076760e-01,8.973195212852418390e-01,5.969179572769525155e-01,7.981345281870979580e-01,2.433484286320873324e-01,6.697657511167763866e-01,6.712880596292903901e-01,5.811491209213305309e-01,4.115361510438812487e-01,6.716143518207858820e-01,3.068757335631829841e-01,8.819807895903284400e-01,8.762949246926865499e-01,2.460698240627228750e-01,3.738010812627625690e-01,6.566746305949801021e-01,4.614175134157094682e-01,7.885274188295405828e-01,7.612590944854926711e-01,6.181710719597113268e-01,5.653093707187744066e-01,5.213526941352606414e-01,5.331234138270521949e-01,7.348330189269665080e-01,-1.621080210260921750e-01,7.575342059897365310e-01,2.560844255458430418e-01,5.975691214692671616e-02,6.903817566099134106e-01,8.822411065889499415e-01,7.564055644317231319e-01,4.625817339882716261e-01,6.028636212948069728e-01,2.607954793986939634e-01,3.896399706409530150e-01,5.232948842911744336e-01,8.452632579997126916e-01,6.420743258748383697e-01,5.247086094363148101e-01,5.422223847797273955e-01,6.570899691533529374e-01,4.578124965559531856e-01,7.329058990488458436e-01,7.827613720707661260e-01,4.205398740941067581e-01,9.675720800745182260e-01,4.085083005503824527e-01,2.164508380269057064e-01,2.247759319079987717e-01,5.708377824631213349e-01,2.555662089914855217e-01,2.386010750232052946e-01,4.055190313553470594e-01,2.819003548115766103e-02,2.454702943333305076e-01,8.662414680714902726e-01,6.427356022552435100e-01,3.259976104873051339e-01,5.861298033603448143e-01
9.303626292981577173e-01,6.530439134957423120e-01,7.597156621422651579e-01,6.282064490120773392e-01,7.570816178085103543e-01,8.449982440124816918e-01,3.734729085662688020e-01,8.544373664883470054e-01,5.568345880667099346e-01,8.892920861502744412e-01,8.301757639147708812e-01,8.610066988763094287e-01,1.115991979245456456e-02,0.000000000000000000e+00,5.349431102298309870e-01,4.703361614079948350e-01,4.551107768083373917e-01,7.505319599011326392e-01,9.425762827199138938e-01,6.086300693882327195e-01,7.032483525166960403e-01,9.907576222716458769e-01,4.134468769416420608e-01,9.371262798999447918e-01,4.853871861527265241e-01,9.699880871558765882e-01,4.629943674884694493e-01,8.852832725711126116e-01,2.173853348385451356e-01,5.134229822643973096e-01,9.057898040751675983e-02,4.766153223336832001e-01,8.743102075558024655e-01,7.285796726828966952e-01,6.851762664717819806e-01,2.954469810413608566e-01,7.921592058268569492e-01,2.034141662133870376e-01,7.546922196581408171e-01,6.285501588766957415e-01,5.368696701354803286e-03,7.257938072026517418e-01,7.195173649574092556e-01,8.703714008012995995e-01,9.124222371122820974e-01,9.845200825705130443e-01,7.156784808522711483e-01,4.571132197239443085e-01,6.439244318381809329e-01,8.264276269135724107e-01,6.692457064225865171e-01,5.096160568834959825e-01,9.283667741953885999e-01,2.795580056093110999e-01,6.668610669650852918e-01,9.100478339792207327e-01,3.298170613726355560e-01,7.037107305133815105e-01,9.440414149207470018e-01,1.308580741903929423e-01,2.080900165902627441e-01,5.629207327946380568e-01,4.832507336816430077e-01,3.802531882207560443e-01,6.162957233926690259e-01,8.497157989590575777e-01,9.827405490353471329e-01,3.592501964188322683e-01,2.723199175252351556e-01,6.149708656267049989e-01,8.034811483008357236e-01,7.298918703240926398e-01,7.902287695318566119e-01,4.220801725093152879e-01,5.975862249154703099e-01,4.589441963367662525e-01,7.635598992940144658e-01,5.954969652273705005e-01,7.119255175309617822e-01,3.967769864960083437e-01,4.999091556097609024e-01,5.983737424614803402e-01,4.243780708758951303e-01,5.920428599820750648e-01,5.088913986277222579e-01
6.742319129633792540e-01,7.853346051037857212e-01,9.999832486338817716e-01,7.125004755159304315e-01,7.547525303603858093e-01,7.322733967983601211e-01,2.631627158695598601e-01,4.243717760176971554e-01,8.586564620625884992e-01,4.551445036209131323e-01,6.701135254617016646e-01,7.123577145418721335e-01,8.933655713628190220e-01,5.349431102298309870e-01,0.000000000000000000e+00,2.216644281090210389e-01,6.630492559766619776e-01,6.640515090075427285e-01,5.999685589715751943e-01,6.752461579692007332e-01,7.479856380064425769e-01,7.032251112505329971e-01,6.617236838817189826e-01,7.210648346419963328e-01,3.256126057054609113e-01,7.720881155417717023e-01,9.247780593667449534e-01,1.069246874886198156e-01,3.205819328439013516e-01,3.312921838147770970e-01,3.886503612410048270e-01,9.047299770794013929e-01,6.779545972598753911e-01,7.206660122805911284e-01,5.124274671960671323e-01,4.749548080088834556e-01,5.839192340588768015e-01,5.482480490512450233e-01,8.518309455048840295e-01,6.884266456439805948e-01,6.540744849456618937e-01,8.238310554492357385e-01,7.135748186178009211e-01,6.566461558363690942e-01,7.654384234225933836e-01,6.348869460650283791e-01,6.287153864732281106e-01,3.687898301598412365e-01,7.856182181273931864e-01,5.029712880815891962e-01,7.859735463711255976e-01,6.195488171515383113e-01,7.849789445686030653e-01,5.734158764151240373e-01,8.211259085954142334e-02,8.165804055727481359e-01,4.375710827716801088e-01,6.009801906078706679e-01,6.064494694482559511e-01,2.257763344938715777e-01,2.202025476758773526e-01,5.763303368548267080e-01,4.784311907480779391e-01,5.894242045585367240e-01,4.920419985064378721e-01,6.792329433535243544e-01,5.011359872735121623e-01,4.864237018898838194e-01,6.912679202282328017e-01,2.680527801239040997e-01,7.839369860793093947e-01,6.498164864097261129e-01,4.338937614537931031e-01,1.555107163663749237e-01,7.985129626935761893e-01,7.939735845058637498e-01,9.792091436433113527e-01,1.229628544702595500e-01,1.778379917042228475e-01,5.822893559879421810e-01,5.600584992399463280e-01,9.333308906695330087e-01,3.639564639358804921e-01,-5.127214557696804786e-02,5.223525082630907646e-01
5.908888948198236513e-01,7.799643753793016332e-01,8.105343521377834648e-01,5.460998561642320670e-01,7.392998551516510863e-01,7.120407645910937777e-01,4.023350930456852659e-01,2.666587417822523509e-01,3.623097823020644537e-01,4.953261990225902300e-01,7.818630138573505750e-01,3.790752016647696565e-01,6.181790510019025131e-01,4.703361614079948350e-01,2.216644281090210389e-01,0.000000000000000000e+00,6.396173124306366864e-01,7.189116675450900606e-01,6.698937914070447475e-01,6.669376318079217603e-01,4.958977141968055058e-01,4.643808358938845693e-01,4.182871398631531901e-01,7.935253509578346076e-01,5.056185011137418472e-01,2.604090004428992189e-01,8.954422092368670150e-01,6.162593357348170597e-01,4.818733911474509246e-01,3.808017364679517347e-01,4.885963546190044138e-01,-1.506248293729917365e-01,1.444345255080188017e-01,8.764216148654765393e-01,5.009765370432892606e-01,5.506909175735308359e-02,3.494422474291612041e-02,5.527130621221687523e-01,5.813070861734404016e-01,7.167727688037957012e-01,8.127624310132980368e-01,7.968496129086091173e-01,9.991331256073711087e-01,3.151488557564755544e-01,4.423274477477076028e-01,7.806864165341462769e-01,5.063132771768901197e-01,8.479788109955478381e-01,6.323640425284984268e-01,5.523777791278485783e-01,5.274277805037878020e-01,5.980261977773605464e-01,4.451330877392878915e-01,7.612790798927160374e-01,6.289848645826078277e-01,6.124576419361540403e-01,6.322675567432357591e-01,6.543295399056832107e-01,4.679932930186494477e-01,4.272887416118935633e-01,5.491335765047904438e-01,5.795254200796660093e-01,4.982843220521502303e-01,4.919847068066452445e-01,6.220951863455475017e-01,6.865059125683469210e-01,7.731995757107545941e-01,8.727206009212886695e-01,5.391799861485189194e-01,4.013927203406920108e-01,6.428560478020910463e-01,4.790484421959362304e-01,1.263319638037294634e-01,7.221918032822827183e-02,2.261940919905141081e-02,-1.391608415539390409e-01,6.424975502257572746e-01,5.633349531485923878e-01,2.642228605994657586e-01,2.892927776998223677e-01,5.413734074859495315e-01,4.543803700310322102e-01,5.194018150976484893e-01,7.405492133623315931e-01,7.531394165001226160e-01
7.717412221077988299e-01,6.284595883373520486e-01,8.347075684219591452e-01,5.055367327118913678e-01,6.588032058717635531e-01,5.155355043045786179e-01,9.892421170084468862e-01,6.236797632342596653e-01,6.549122044548747468e-01,5.622155218778539520e-01,9.844475707023322419e-01,6.666201143491521375e-01,6.042593424779633127e-01,4.551107768083373917e-01,6.630492559766619776e-01,6.396173124306366864e-01,0.000000000000000000e+00,7.102164459939377394e-01,4.388583504121727485e-01,7.441348105738058161e-01,9.645289364093958540e-01,7.016868083281552204e-01,6.960981037851872166e-01,8.726988776318047591e-01,6.882035606848609932e-01,7.144440948204631159e-01,9.799648357655801334e-01,9.367027738286216598e-01,1.884655095188136620e-01,5.233523489515867766e-01,-6.933098910495202882e-02,5.235757028877612296e-01,4.664727937284662840e-01,4.318278108204762211e-01,4.352997630237747106e-01,5.142285146112060001e-01,5.306757734970327656e-01,6.479537049386907555e-01,6.317492012205260243e-01,2.100476244519504099e-01,4.092346534386044898e-01,4.108385346140093208e-01,8.767622570211214272e-01,5.984636935943876690e-01,8.466862266322116026e-01,5.589792720702700946e-01,5.249368722595773029e-01,6.248052552555655170e-01,9.941002362327309161e-01,5.992700604129352904e-01,2.868693163212556185e-01,7.422073150815129416e-01,6.329229841658776667e-01,9.718558180494419885e-01,7.616368013894715405e-01,6.079387918078692499e-01,2.334681724833793937e-01,6.376379167254008218e-01,9.388664328314045848e-01,2.192007444941076189e-01,7.172192600693686471e-01,7.511179619575406585e-01,9.404956777683157743e-01,6.195744490136222415e-01,6.025592775718637828e-01,4.595313264255603269e-01,3.188557964889632279e-01,9.095443551064774645e-01,2.629653827868617677e-01,4.663159037895154291e-01,7.168990588489938531e-01,4.806449668628119953e-01,3.779333504802330213e-01,-4.472559504107531669e-02,7.738109185093993148e-01,6.523629926486069763e-01,7.567177713779582593e-01,5.306839944822172583e-01,6.921313516409112188e-01,6.398888787298734337e-01,4.415758769424164565e-01,-4.345643949058008992e-05,4.827873715049894598e-01,7.945367049420625216e-01,4.854419778590869372e-01
4.388534438438987939e-01,7.883784177742756416e-01,7.912136237546834039e-01,2.250337503645265247e-01,8.693941985993668409e-01,7.286449101887078061e-01,1.349800819030315402e-01,8.726808704207761336e-02,5.154793677168633126e-01,2.348007977940644309e-01,8.385436560944535822e-01,1.289518302410035122e-01,7.479817352039453970e-01,7.505319599011326392e-01,6.640515090075427285e-01,7.189116675450900606e-01,7.102164459939377394e-01,0.000000000000000000e+00,6.486627248496044107e-01,-3.637229639374480739e-01,6.217304543107287085e-01,5.421643702671847809e-01,3.151375125102048314e-01,6.419283254856813503e-01,4.562210799392062421e-01,6.290122030424661892e-01,8.668823338986517690e-01,8.590544374874156119e-01,3.857427714413236286e-01,4.036950418495789394e-01,-3.421376955352277704e-01,4.117583179904905077e-01,8.130797403901030007e-01,8.370988612110972227e-01,4.890623694749607897e-01,9.528044932633983333e-02,4.199319336624810495e-01,4.570656788560335526e-01,2.362533876653516995e-01,4.347498160962140479e-01,3.305539099394473324e-01,7.254566746906773167e-01,6.381589347526829270e-01,-6.112550263255059346e-02,9.857428477899419228e-01,7.866065507407896673e-01,6.089366762776791120e-01,4.325423376519189622e-01,5.045178178252314183e-01,1.361785147726257972e-01,4.016247731723783243e-01,5.859208897913827929e-01,4.515272724295149032e-01,8.627007230007506244e-01,8.529587136660532476e-02,9.048903728533423951e-01,4.127837823927658079e-01,6.820808738792658588e-01,7.388199365614098735e-01,4.937227888063091541e-01,7.264112495366521483e-01,2.393906709250776810e-01,7.472864107601098205e-01,9.989566196397802189e-01,7.023418654532341820e-01,7.924812559889815589e-01,7.722779743601694280e-01,8.975229228794135983e-01,5.032909452744462886e-01,2.319825615136214825e-01,7.680594815522794327e-01,7.809548906461777351e-01,4.017533540252356539e-01,5.841021070130574255e-01,3.295095997188042247e-01,5.401237699718942631e-01,4.723820700201017408e-01,6.972134948171468949e-01,4.635119575817540638e-01,2.259091933496928661e-01,7.747999264848175471e-01,4.066983493153480400e-01,6.795745680496610985e-01,-4.301846865191705227e-02,7.999002966872708065e-01
