0.000000000000000000e+00,6.129286897137437018e-01,7.145053629386138860e-01,5.268430836250548310e-01,9.835378431541063060e-01,5.025922028975516875e-01,9.528191743757685739e-01,5.560141789918318089e-01,7.698262702825953152e-01,9.440970181884231760e-01,9.976566415861477521e-01,9.891463825359829709e-01,8.401477150992461285e-01,7.235690850537157548e-01,7.046974743092803140e-01,6.262616806034406736e-01,3.917075288010195555e-01,5.400158196659062826e-01,8.077046352173862243e-01,6.622545282902045916e-01,6.338105714531158119e-01,2.293361307487952749e-01,9.686208208712148160e-01,6.730979560513464799e-01,4.727448332965217825e-01,7.174188213104262246e-01,6.188200482794891100e-01,4.523334033075577243e-01,6.415919696831957619e-01,8.671415459319778418e-02,5.691834163227696974e-01,4.556979936578066659e-01,6.058414956350877123e-01,3.855291927988874212e-01,6.918454126906148360e-01,2.608882885699878584e-01,5.240661983236336585e-01,6.397309078269817206e-01,6.627744145297503886e-01,5.512743833861465381e-01,9.219920866004805565e-03,8.785644797522519367e-01,5.015096305900668128e-01,5.272427608416966338e-01,7.708048001535975358e-01,4.810309516636574467e-01,7.681561258717342633e-02,5.745930249491181252e-01,8.637937592195006342e-01,9.422395503510234693e-01,9.981238105277173700e-01,6.485663860087961252e-01,8.218033444514759589e-01,6.145176675442608483e-01,8.893305643132713989e-01,6.132427212796984772e-01,9.745443753963081157e-01,8.360730368110571575e-01,7.784313993112912389e-01,1.181117131962077932e-01,7.047207561876116244e-02,3.799744349641751562e-01,8.744008914872581917e-01,9.527411122881110916e-01,9.638735475838430267e-01,9.528450176869422972e-01,6.300927669598617165e-01,6.625947110508689786e-01,6.942261118618949789e-01,2.799830656393330064e-01,6.246303731469378118e-01,4.206123821114544636e-01,6.277704453009273766e-02,4.940407392695221334e-01,7.988127092610871616e-01,6.301859361720284491e-01,7.955411247322232704e-01,6.607407096761604981e-01,-7.102738753107865066e-02,4.419200588314318723e-01,6.623267469463753887e-01,4.539889616454179655e-01,7.402332159755515839e-01,1.445776386536036240e-01,5.502117451150378979e-01
6.129286897137437018e-01,0.000000000000000000e+00,4.491339669425219450e-01,5.447374854505534492e-01,7.397077212776255184e-01,4.597426174727509696e-01,4.872467846247317547e-01,-2.595581381184131065e-01,9.087462395449427133e-01,6.103671902857626952e-01,5.422215816363463725e-01,7.319274585826174295e-01,7.441232623426724535e-01,5.273595498913323798e-01,5.350824021910820516e-01,3.171771826260208482e-01,4.876429302695160506e-01,5.492910628503778758e-01,5.411639088340665094e-01,7.421546637562943527e-01,6.530268476719077730e-01,9.252128334529922116e-01,2.421755907590200374e-01,6.617936936722649266e-01,7.450207895089693000e-02,7.752509119111384850e-01,9.324283406607540847e-01,6.777561289072930872e-01,7.381699665897103468e-01,7.950563973708372201e-01,4.664999090067886711e-01,2.177451999202001109e-01,7.124052476319665539e-01,2.297540799326176497e-01,9.823120866200681922e-01,6.746035614359308097e-01,-2.073681687436657040e-03,6.689658588441532716e-01,8.400965519149559135e-01,2.425591127595727869e-01,7.027236618837524595e-01,7.443628508122227538e-01,5.905326893819760059e-01,7.992459588313082230e-01,6.454559872271519172e-01,6.620172446121939114e-01,8.958141208474130757e-01,6.096626968425121751e-01,5.687540852981042283e-01,2.823357435021916495e-01,5.115055981399986296e-01,3.359628381078927362e-01,8.416511208970525182e-01,8.922522534136395622e-01,7.561584137516307036e-02,9.303776310619644718e-01,7.467873924505865624e-01,8.876014189990426573e-01,6.971231989034175347e-02,4.781341459513482328e-01,5.390328304236392531e-01,5.953043642493720533e-01,7.223330047851681535e-01,7.818769853521824187e-01,4.694925080621952795e-01,7.426004490177973150e-01,5.147181384988823716e-01,9.125925844436191259e-01,6.467066143491360941e-02,6.175803096697142225e-01,3.040885779127150412e-01,7.032577548008639434e-01,7.150578412734180933e-01,3.673998384422527130e-01,4.680291442718772510e-01,7.797586870351778110e-01,5.713317606763039791e-01,6.508499714667043134e-01,4.954522702383430399e-01,5.345630214278087600e-01,1.641443597626887352e-01,9.348350549440637147e-01,8.964191720906882210e-01,2.431339875329421862e-01,1.760141445362957968e-01
7.145053629386138860e-01,4.491339669425219450e-01,0.000000000000000000e+00,6.312588919751033201e-01,9.915335060178626092e-01,8.616633383213520014e-01,9.607374106344035436e-01,4.794482091101027743e-01,8.355849759099061025e-01,6.886238783186031664e-01,5.120063286677210002e-01,2.400280031546508652e-01,6.823260668106549964e-01,7.639309075498611490e-01,8.845220758783869375e-01,2.553018304284581097e-01,9.910968164920077594e-01,7.814977927014119530e-01,5.331091084045613826e-01,3.125103103399518578e-01,4.551627762993723514e-01,6.169199449323038431e-01,4.754088596850967186e-01,5.049751714895750476e-01,6.514788167521399220e-01,6.578539790085402572e-01,9.496337239055674395e-01,7.774009589762640449e-01,4.013365168808522565e-01,2.540875099685828142e-01,5.188202042233783784e-01,7.399323840811236064e-01,8.228902525413118729e-01,9.096992739224560864e-01,6.832851769915341267e-01,7.596679134295446501e-01,4.158928445564233356e-01,7.540986946560619408e-01,2.094843540745301436e-01,8.388593263441943559e-01,5.712981822877627458e-01,4.803758029818910869e-01,6.959696348138199040e-01,8.699556039149132225e-01,9.609227424527204686e-01,5.015656002311003059e-01,6.865863572900465783e-01,5.232916745161700911e-01,6.726067618246249769e-01,7.919743361048277031e-01,9.649667994215629374e-01,8.146181281948569053e-01,6.712752557255157182e-01,6.561797028628630901e-01,6.163833052004991098e-01,4.387456165818205411e-01,8.403594220443482143e-01,7.344969205937142975e-01,5.005199891933241885e-01,7.317326250052125225e-01,4.819079398447526641e-01,3.283520490258042268e-01,6.199700688917042513e-01,6.197676912158293083e-01,8.567921522655671529e-01,5.026270644829390344e-01,8.866155451761981166e-01,6.835622641439280667e-01,7.473665737144195020e-01,7.425981692327353612e-01,6.966768217155256959e-01,8.334453548740055062e-01,7.229887747996555092e-01,3.945096669760985719e-01,9.649375126688473081e-01,8.902523336732273140e-01,1.556455799004196061e-01,-4.370108575776202042e-02,3.781376905050622406e-01,7.898942431408561005e-01,7.942435508884719830e-01,9.705220449219643664e-01,6.989267624584981631e-01,5.269636371213068937e-01,5.140729056827569865e-01
5.268430836250548310e-01,5.447374854505534492e-01,6.312588919751033201e-01,0.000000000000000000e+00,7.056296687197435302e-01,4.650867751359341051e-01,2.774620172367788795e-01,4.528759148185086958e-01,9.796459665736362288e-01,5.248319560255020333e-01,5.921957831068618283e-01,2.927191144206379159e-01,6.406640043909386240e-01,8.217005203125017365e-01,5.733950457566902026e-01,4.052219944499888538e-01,2.708958052887284751e-01,5.614851989919500408e-01,6.780041737618967002e-01,9.393987994622823301e-01,8.238246486574827276e-01,8.741396794180033014e-01,2.270771913033696743e-01,9.545125382305715833e-01,7.276433441239282818e-01,9.878076989014896725e-01,5.091840511423419979e-01,9.604722090903830001e-01,1.515491072400778350e-01,2.042070085837117965e-01,3.340720575782195612e-01,5.237849959275414635e-01,5.515642309710907520e-01,6.510477245452889195e-01,7.858885219179406745e-01,2.514106464088113890e-01,4.612215871480979668e-01,6.116907544231775518e-01,8.799507666577515153e-01,4.273090408632105319e-01,1.796383035711450818e-02,6.733479726072059135e-01,6.576221538941278144e-01,1.421425734033143207e-01,4.040906108519799478e-01,2.439231026437524430e-01,5.649342254631577465e-01,8.722389286514372619e-01,8.237122213271577120e-01,7.747448256064148886e-01,2.939537255485009937e-02,4.292510070592605032e-01,6.222143386687996047e-01,7.866607095906201774e-01,8.715044575813750694e-01,2.797034424135987352e-01,8.577209694483608482e-01,7.691375761587571080e-01,7.194823970217600895e-01,6.351649355824328103e-01,8.185409042364755194e-03,4.111197782334687356e-01,9.952949539143962632e-01,9.458448860250605605e-01,7.709002150259972597e-01,5.874365567194207438e-01,7.296578971402142288e-01,6.948350367023805596e-01,4.678288452640296802e-01,7.126513530783913364e-01,2.614796930659685770e-01,7.866637166707497464e-01,3.927699309673445827e-01,1.336576636056640011e-01,5.894170566227032726e-01,9.644471150383634450e-01,5.190745767013653644e-01,5.678870809476919135e-01,-6.058510091488020222e-02,2.090794368488279875e-01,7.294441351195162238e-01,9.645422360571022091e-01,7.765439542622465385e-01,5.350644856433399710e-01,6.573903136594346774e-01
9.835378431541063060e-01,7.397077212776255184e-01,9.915335060178626092e-01,7.056296687197435302e-01,0.000000000000000000e+00,8.308670672908622379e-01,3.709656500592227180e-01,7.864652920935154556e-01,7.859678741469903196e-01,7.596870360857097548e-01,8.066745643408965716e-01,5.768995182408583888e-01,3.750157406199126076e-01,6.105806580797193961e-01,6.073433957482500256e-01,9.440757549042058105e-01,6.963951603579322525e-01,8.049226524028665342e-01,7.476725907329202503e-01,6.015331981962604990e-01,6.662637598464289379e-01,3.862708409584234559e-01,8.918460345498583353e-01,6.675732429163208081e-01,4.206314309176530930e-01,7.436020735462924858e-01,8.271109454848950548e-01,7.285853651421254629e-01,7.889223396715667747e-01,5.939678352468249489e-01,3.371897058459997210e-01,7.796893452597426499e-01,2.557870637396955638e-01,8.907352460006721095e-01,6.056387314840628866e-01,7.965962613928239122e-01,2.466853540859441918e-01,3.643280240185804431e-01,7.509552289865342178e-01,5.532851464314144652e-01,4.020234337204537933e-01,5.552247621476307238e-01,8.287047091977403079e-01,6.286147426966103291e-01,4.821097103939036566e-01,8.315295540643385941e-01,7.862496312040974100e-01,4.278212629771838138e-01,5.327997320341538723e-01,2.088035724980084606e-01,6.399935596034264096e-01,6.115020265658984711e-01,3.551656597790698866e-01,4.918513911233204916e-01,3.360626106296146220e-01,8.439448653336425465e-01,7.264165701394759145e-01,4.759711751016940662e-01,9.011808756926469322e-01,7.880559366200519111e-01,4.266007944187073520e-01,7.295352395328329465e-01,5.629589931176813833e-01,6.649068777259844465e-01,8.907683542712128144e-01,6.090500804069700624e-01,9.515111257531493338e-01,8.831670980178194519e-01,5.897160771830355364e-01,9.691316552590777400e-01,6.299318223265296668e-01,9.669182073351934026e-01,1.164715030185462380e-01,4.017494167226597912e-01,4.330725886265631708e-01,7.144296704333330528e-01,4.722260238240635344e-01,5.720910253176839655e-01,4.568525703774573010e-02,3.260094625044914762e-01,4.197902800085963060e-01,7.526115866472330440e-01,7.053653530866625943e-01,5.045612396347306516e-01,6.440241390265392107e-01
5.025922028975516875e-01,4.597426174727509696e-01,8.616633383213520014e-01,4.650867751359341051e-01,8.308670672908622379e-01,0.000000000000000000e+00,7.947246133045186012e-01,7.992378152992509754e-01,5.138540395269848293e-01,9.160558567334901037e-01,8.522240084055169307e-01,8.651499780600172551e-01,8.582900993985608240e-01,8.569327226748426618e-01,7.011253310821325968e-01,7.232674698608508868e-01,6.939284393207338919e-01,7.403663232601349620e-01,7.901450620871761643e-01,5.105573460989792922e-01,4.512827849566315996e-01,6.824942537044973445e-01,5.921416335504354755e-01,4.037352670996444126e-01,6.441032795655307064e-01,7.197800542713976846e-01,8.267386641326357477e-01,8.213616645850392306e-01,2.473863364130615417e-01,4.425153845648537726e-02,1.904584966231931409e-01,4.274417490667818953e-01,5.462480781740569613e-01,2.074383148790890918e-01,7.493483859603715658e-01,-1.671496229935165445e-02,-1.503561507512583550e-01,4.554415731595100048e-01,5.836212794098106782e-01,2.268105542022815502e-01,5.836857055894767443e-01,7.218578959264270178e-01,8.988762271477321875e-01,3.756556717872389650e-01,4.335216745858123111e-01,7.320458400484900485e-01,8.360701612876619837e-01,4.575988582361606993e-01,1.156340158991612521e-01,5.638332082351370511e-01,7.698375933536417692e-01,4.638893334233480381e-01,4.362409338166908235e-01,5.579903199795543944e-01,5.694922578215115827e-01,7.451102593781793182e-01,6.168727964457617619e-01,4.397488577752087235e-01,8.055170267870895850e-01,1.160897317014495528e-02,7.645405365692414801e-01,9.983920035967644990e-01,5.073280043198542533e-01,2.861610089359113984e-01,3.226890920994553436e-01,8.927520821744661106e-01,3.277168090605279138e-01,8.812708518362438737e-01,7.568856897499751657e-01,4.118392554326392729e-01,8.364985993668900832e-01,5.959452835892391498e-01,7.361936848938646083e-01,5.666763212973352504e-01,2.028113660144917063e-01,4.937151946314651818e-01,6.982322273393370970e-01,4.312750675893924912e-01,4.956166918017643752e-01,1.540532591425556597e-01,6.797208348499639285e-01,9.352653457366070233e-01,7.224811531343038329e-01,4.675248580998145886e-01,6.287313096597053619e-01
9.528191743757685739e-01,4.872467846247317547e-01,9.607374106344035436e-01,2.774620172367788795e-01,3.709656500592227180e-01,7.947246133045186012e-01,0.000000000000000000e+00,6.063979473381574392e-01,7.782615772183880676e-01,-3.919617181734024181e-01,7.110091694236403415e-01,7.779626109213776397e-01,9.872420816640438135e-01,5.628204512153454075e-01,4.923249554731771727e-01,5.062695368322678302e-01,4.864295965960767631e-01,5.043523641933612689e-01,4.693525932046286320e-01,7.724709659990993682e-01,7.666808077401836563e-01,4.735049963712894550e-01,6.216302835967127960e-01,7.169982313731697587e-01,4.093778248939958231e-01,5.722970186731322212e-02,6.668058828903778226e-03,6.895170754555841608e-01,4.051303157559609236e-01,3.265609661447271828e-01,5.495103998255527200e-01,3.766675268220992523e-01,3.345533777661224284e-01,7.203917113374793679e-01,4.137045913009516629e-01,1.827978870150112067e-01,3.225510200188096976e-01,6.511125159527316741e-01,9.424649037851675626e-01,4.276908304009282569e-01,5.797970220490902271e-01,2.760911952447190898e-01,7.700112274113188882e-01,4.272937713658463421e-01,9.097344132437786834e-01,5.578200476296082400e-01,4.128014578485499353e-01,9.202641232860415688e-01,5.672406927931312737e-01,4.678147642849636023e-01,5.661534881179280942e-01,9.200271496702419061e-01,1.430470278545946106e-01,4.916833732908662546e-01,2.134419972581182989e-01,4.823016628308990916e-01,7.153704665187862188e-01,2.303233643394186347e-01,7.942151025215804516e-01,4.831434423982124970e-01,7.909352581925672698e-01,2.026167254697950892e-01,1.451399287883783397e-02,9.637772838718439150e-01,6.130932046991979245e-01,7.783390913915908538e-01,5.255936403457045492e-01,9.534044729325207301e-01,2.132888704886145292e-01,5.597117810213985134e-01,4.094031093024333434e-01,7.774611212189347365e-01,4.970766223093734948e-01,7.215115872591904012e-01,4.906997353611523005e-01,4.942244009241401614e-01,7.711219393936870059e-01,4.072689878291842480e-01,2.198315452013817062e-01,5.449452854175781402e-01,6.437143535617332324e-01,9.767149093608201715e-01,3.980445130664123088e-01,2.627577466901040437e-01,7.953924170980279929e-01
5.560141789918318089e-01,-2.595581381184131065e-01,4.794482091101027743e-01,4.528759148185086958e-01,7.864652920935154556e-01,7.992378152992509754e-01,6.063979473381574392e-01,0.000000000000000000e+00,5.195562105637695494e-01,6.366318898937218806e-01,2.517755371189662750e-01,7.036486562795274402e-01,4.339542261915225185e-01,6.411362085719809478e-01,2.365881174417557575e-01,9.224039223912767760e-01,7.215364470848650846e-01,6.183712520057249584e-01,4.291262692614364327e-01,7.482655109355862422e-01,7.096732658793546422e-01,4.245864026321377604e-01,4.628767712705511017e-01,7.937062423828844526e-01,3.884353999261121182e-02,4.294024077735512090e-01,5.701128344001782366e-01,4.425829765851506115e-01,5.758986151571554579e-01,5.037124767159947281e-01,4.058957992354825239e-01,6.266423140489661980e-01,5.363206420990254131e-01,6.534347954169781314e-01,6.250344594243675278e-01,5.004875217864891424e-01,3.440131982916522224e-01,4.389963508951952864e-01,9.172872319630795968e-01,2.267749054404810949e-01,2.821108811640555825e-01,-2.182857104320136687e-01,9.679000253589551406e-01,6.742843950895031080e-01,6.655556429937056206e-01,7.829292094261811608e-01,7.927699775528790349e-01,6.881304593400715541e-01,4.032024439289214612e-01,2.479800917472982369e-01,5.878715636436004921e-01,6.665400759560808908e-01,3.185448156984123091e-01,2.251255018815917219e-01,8.202567062043238932e-01,7.457652709323074891e-01,5.493557979012670955e-01,4.634614308052500409e-01,4.111777080870924750e-01,7.388702544117915494e-01,5.686756157685948221e-01,7.566499978677382332e-01,8.087193292835295200e-01,7.053927573784619653e-01,6.516621965444937548e-01,5.439791311457893297e-01,4.236767527869816363e-01,4.501235655766134824e-01,4.908023602609148939e-02,2.059067986083307766e-01,6.327766746848607626e-01,2.712610005603720009e-01,8.195143801077220402e-02,4.071444824282015595e-01,6.572733061480093841e-01,3.920193648458746294e-01,5.271526158281504282e-01,5.905105902690497288e-01,3.335669536789239720e-01,-5.025676012854235486e-02,7.422743385693395535e-01,9.123233117112171664e-01,7.080631906023288069e-01,4.057975198601894706e-01,4.448350111165014775e-01
7.698262702825953152e-01,9.087462395449427133e-01,8.355849759099061025e-01,9.796459665736362288e-01,7.859678741469903196e-01,5.138540395269848293e-01,7.782615772183880676e-01,5.195562105637695494e-01,0.000000000000000000e+00,3.731468415222582991e-01,2.200408575591474292e-01,4.454122592262056424e-01,8.938331144116180571e-01,6.153564185430814293e-01,4.334575906159806591e-01,6.020863978612208678e-01,7.079050993615882970e-01,1.932892596264306762e-01,6.144074910178140003e-01,9.058214273245903669e-01,6.105651314055885459e-01,2.158619626075732323e-01,1.634447879369380074e-01,7.693717511773175977e-01,7.052073863308855328e-01,2.496054822539756635e-01,8.880120599251782876e-01,3.500235068745100042e-01,5.201594723571135725e-01,4.408298391061413746e-01,3.227086934228494686e-01,6.230597449930376230e-01,5.763617673263552454e-01,4.979963652182509137e-01,7.650955766678604331e-01,5.792988771410360060e-01,2.646475805463964770e-01,6.796149067190502269e-01,6.647585223599428161e-01,2.835971324317352882e-01,6.706931475426759492e-01,5.165697875518668880e-01,4.548900069896034126e-01,3.603673334443220910e-01,6.829876028075486660e-01,4.300354494239817527e-01,6.066664650306584639e-01,7.189664169202104604e-01,4.299849499245310680e-01,3.232452581826607552e-01,3.527029662828939927e-02,9.755426176858766896e-01,4.449538468149947801e-01,4.351976072578157551e-01,5.868313817008359579e-02,5.572130192890752953e-01,7.224497350270282503e-01,9.879897409171189970e-01,4.400391118896764264e-01,5.047005472870653708e-01,4.258692953384305979e-01,2.496758918543160177e-01,4.920957153785995297e-01,8.476092872261111744e-01,6.098454118194467366e-01,6.587876608871076067e-01,4.419350741247859427e-01,8.003426386339891341e-01,2.526351597244883562e-01,5.509701986502435478e-01,9.873756882382583866e-01,5.036949323625689035e-01,5.962965751817177473e-01,3.270952707097298240e-01,6.116211157710724766e-01,7.296834799302314156e-01,6.020929930186849077e-01,7.261684222421971313e-01,4.669904633906202251e-01,-1.635080863465038781e-01,4.094573167916979450e-01,5.276554688120494996e-01,7.063327781116749415e-01,7.638786445111153123e-01,8.659486545052729189e-01
9.440970181884231760e-01,6.103671902857626952e-01,6.886238783186031664e-01,5.248319560255020333e-01,7.596870360857097548e-01,9.160558567334901037e-01,-3.919617181734024181e-01,6.366318898937218806e-01,3.731468415222582991e-01,0.000000000000000000e+00,2.363370863342847961e-01,8.685639176490781432e-01,5.703400416951640572e-01,5.424661419443123078e-01,5.072414834225581481e-01,5.851716932205154320e-01,2.860788899462208823e-01,5.212692816050183975e-01,5.991479269892996395e-01,6.308154615348660066e-01,8.070808010043835079e-01,5.238373919214937002e-01,6.535777866085823451e-01,8.141944416200500578e-01,3.579202568264636675e-01,7.551186341489504183e-01,7.626424756707352870e-01,7.464708403072254361e-01,5.086579187553018633e-01,6.193105647565851912e-01,2.058189319946253648e-01,7.148430759821705616e-01,6.331110482228777814e-01,4.663096585807697259e-01,7.639313225016274300e-01,2.713798837635740813e-01,8.247852984264976428e-02,7.592515842190361575e-01,8.547547505332132589e-01,8.063252553008390944e-01,4.376875236211130726e-01,7.938433729462097688e-01,8.428080289879243958e-01,8.514303341699123173e-01,6.268383198792466526e-01,8.826853700870254116e-01,8.082979696585380625e-01,7.020310808839879124e-01,4.633730574531153001e-01,4.143389022859685911e-01,9.784364054122463017e-02,4.040128055516216121e-01,9.125181835588748180e-01,9.344153570990723079e-01,8.328515140179092446e-01,5.743971932809092129e-01,4.060667177153466367e-01,6.166495660360072906e-01,7.179193610962808503e-01,7.625921672639057736e-01,5.175779360697551068e-01,7.541299102635220519e-01,5.670581491516661909e-01,5.262003424329888546e-01,7.952909974245858660e-01,2.027026686589706861e-01,6.429382114928609004e-01,7.857724758472461879e-01,7.468104978825390594e-01,3.514655633394143663e-01,7.054353385653433506e-01,7.120704777163073818e-01,2.908595787266450294e-01,7.721339871263336319e-01,6.246906283965700940e-02,6.357494004735315674e-01,2.892468216303032413e-01,5.421343576105178697e-01,5.521324280837360821e-01,-6.576749224674047212e-02,6.545380273409154848e-01,8.256924955556548262e-01,9.764141783441312450e-01,2.176324284868892955e-01,7.234557814032942513e-01
9.976566415861477521e-01,5.422215816363463725e-01,5.120063286677210002e-01,5.921957831068618283e-01,8.066745643408965716e-01,8.522240084055169307e-01,7.110091694236403415e-01,2.517755371189662750e-01,2.200408575591474292e-01,2.363370863342847961e-01,0.000000000000000000e+00,9.638418864060277480e-01,7.538259442473865812e-01,4.680673562327077875e-01,1.767552688869983846e-01,2.618447236779718468e-01,3.001958501657477352e-01,3.788538353843365902e-01,2.431054572134808689e-01,8.883411081409299248e-01,6.780381688944586704e-01,4.871576181909660908e-01,7.659583534783049874e-01,8.468770657455741979e-01,6.234202398844953530e-01,2.651189780670017426e-01,7.025561993229790803e-01,9.430515864392251535e-01,3.315383956377964125e-01,6.530150559620312434e-01,7.074588773254608665e-01,2.493952440352255606e-01,8.230179909953531103e-01,4.618591184657707682e-01,5.144607803859722051e-01,2.421381636626937228e-01,3.077217763801120554e-01,9.047676849630661433e-01,9.892015533901001856e-01,-8.254772758601081062e-02,5.124863138376972715e-01,5.497177594668708478e-01,2.960004411826682238e-02,3.716985137923506932e-01,8.909838932918126009e-01,8.981208516961635135e-01,6.376278668194207411e-01,9.479005208454882592e-01,7.640795138887535032e-01,4.985087720811015033e-01,2.348991221703587429e-01,5.093729339984003346e-01,6.477969397384961692e-01,7.899351826319975789e-01,3.796389003281475105e-01,7.034657389545165840e-01,6.049133514680625767e-01,7.184827393214285873e-01,7.663992329169940776e-01,-4.055298883157218426e-02,4.170002316294166289e-01,4.928778316840051743e-01,9.396180883033178333e-01,9.396113731821397197e-01,6.701383406555299072e-01,5.382064241185636755e-01,8.529123925801671557e-01,6.187252737702551020e-01,3.550212385032555096e-01,6.384097994443581614e-01,9.847132958352331489e-01,5.476118261830092981e-01,3.719024777056516573e-01,3.560546753736473224e-01,3.039305651908590922e-01,6.333995247592445477e-01,5.807457853806599068e-01,4.783355931273571282e-01,4.337338584258172980e-01,4.202466330432491071e-01,4.822378566155929303e-01,9.647765229331461967e-01,5.545410134025865467e-01,6.039901506517638685e-01,4.109099732385481651e-01
9.891463825359829709e-01,7.319274585826174295e-01,2.400280031546508652e-01,2.927191144206379159e-01,5.768995182408583888e-01,8.651499780600172551e-01,7.779626109213776397e-01,7.036486562795274402e-01,4.454122592262056424e-01,8.685639176490781432e-01,9.638418864060277480e-01,0.000000000000000000e+00,1.171292073783938292e-01,8.878012354114818150e-01,7.253358682970200144e-01,7.678360413950653385e-01,5.761055081770947162e-01,5.651765998972915206e-01,6.299530777202556608e-01,7.751260638154637839e-01,9.584271427065652604e-01,4.441792214538133887e-01,8.874776411911737828e-01,8.266075603061547872e-01,7.691806803249735536e-01,2.365984207125870209e-01,8.705962425165723051e-01,7.552841190480918954e-01,4.312693474263774585e-01,2.146009594271281462e-01,2.659841066983544833e-01,7.721033780668385971e-01,7.782227948429835118e-01,7.057228128363330910e-01,2.978898108727283112e-01,5.972783966290404756e-01,5.546557252574815244e-01,5.401611346519523682e-01,7.061684569748465368e-01,6.830143163051844990e-01,2.527552457482022952e-01,4.054164646049971399e-01,7.979309660468612009e-01,7.147031683325746343e-01,3.107323156114251139e-01,8.817468375754846655e-01,6.986893703644244669e-01,7.876187578129448807e-01,5.324116789755101165e-01,3.161823253166102243e-01,5.034944731933995721e-01,6.805202533448180269e-01,4.046632501463532927e-01,5.432303075607007870e-01,3.007342259722326494e-01,7.883874768175702652e-01,2.694416942624237588e-01,-8.322971406947521356e-02,5.658738295007383901e-01,1.919080646734418472e-01,6.702689983699121612e-01,4.864598534392620133e-01,5.404147021726241062e-01,8.647750895735630827e-01,7.097376295997382956e-01,2.747917789714348080e-01,5.232638267480111960e-01,8.377064800765948727e-01,3.141725337193364553e-01,8.540658881338174524e-01,5.215843932712810327e-01,5.559666672324443670e-01,5.372845701971066257e-01,3.001461451305226791e-01,8.183150122255473946e-02,3.025171832227987467e-01,4.205663477834858943e-01,5.150011779536368683e-01,-1.405072827641654087e-02,4.125848792338626114e-01,6.497095700315511646e-01,7.225721302989378536e-01,6.736475952867345685e-01,7.557697216087708725e-01,9.928707624282202548e-01
8.401477150992461285e-01,7.441232623426724535e-01,6.823260668106549964e-01,6.406640043909386240e-01,3.750157406199126076e-01,8.582900993985608240e-01,9.872420816640438135e-01,4.339542261915225185e-01,8.938331144116180571e-01,5.703400416951640572e-01,7.538259442473865812e-01,1.171292073783938292e-01,0.000000000000000000e+00,4.241370482582016432e-01,4.278948690537103250e-01,4.812474672953649946e-01,6.993887126968147960e-01,7.555047843502601390e-01,4.409334459585841359e-01,6.019305453328991362e-01,7.092000326849463576e-01,6.780038730124513524e-01,8.463042780636851337e-01,6.384520985384908309e-01,7.907262498678806484e-01,8.212038679205279079e-01,7.378662619654674515e-01,5.948042854117232547e-01,1.155501606625700256e-01,6.647191132514667089e-01,3.458694759954455272e-02,7.359023512376464682e-01,8.796026354931301139e-01,5.393104018450016746e-01,8.422813491816909526e-01,2.204136672935718133e-01,2.693581098012363118e-01,7.183031588736216166e-01,7.832980219063141458e-01,4.584304675941714424e-01,3.874522013402046383e-01,6.593827706115029663e-01,4.218707257705667235e-01,7.824466837740151615e-01,8.280961864785778559e-01,6.567383770345942562e-01,6.971419992430371027e-01,8.902675085948060785e-01,9.094011686973114683e-01,6.960375750501768266e-01,5.982975010942555016e-01,7.546679290812619012e-01,8.000352939072857827e-01,3.196468546568538294e-01,8.326498203281004207e-01,8.659504935595880859e-01,4.507749498107352926e-01,4.313203127667974979e-01,2.803631138547447166e-01,7.787427952503259698e-01,2.048641438255240366e-01,6.207339458820010369e-01,7.493339696917514781e-01,8.732072339301989450e-01,7.306417799400286572e-01,3.902418062318880887e-01,2.287519670761337109e-01,7.902299281282008092e-01,4.742278464183107278e-01,7.547587108403476241e-01,5.088862055402143536e-01,3.322057238800971701e-01,4.556986418453096710e-01,2.257734597931093101e-01,2.060511229952575740e-01,5.009253496280132723e-01,8.362907732893511970e-01,5.744960552587033975e-01,6.595962357951461463e-01,6.403017422322402341e-01,4.749945924483084392e-01,7.692192366065433440e-01,9.582900072772158051e-01,3.037363777946874843e-01,7.758152999248845161e-01
7.235690850537157548e-01,5.273595498913323798e-01,7.639309075498611490e-01,8.217005203125017365e-01,6.105806580797193961e-01,8.569327226748426618e-01,5.628204512153454075e-01,6.411362085719809478e-01,6.153564185430814293e-01,5.424661419443123078e-01,4.680673562327077875e-01,8.878012354114818150e-01,4.241370482582016432e-01,0.000000000000000000e+00,2.047125134568893445e-01,6.951202159919732670e-01,9.467784983468081617e-01,4.733427755097350254e-01,5.497470328541209650e-01,9.378164194063600689e-01,7.823937494627974942e-01,8.974270087671155638e-01,8.584779098178021428e-01,8.547224160060047371e-01,2.060542543003211768e-01,9.272597733019929400e-01,8.160382446164103909e-01,6.276421868370737345e-01,6.886265655784562512e-01,4.971671682426245242e-01,2.919352587381257025e-01,3.362975594076033081e-01,4.046382972760461105e-01,4.020120725368683257e-01,3.196559244661219545e-01,5.186359523333531341e-01,2.601527904776974598e-01,7.366813520390629311e-01,7.889991250342921481e-01,9.631471559622037937e-01,4.344006411041508864e-01,7.410613755464604546e-01,8.566809529746923779e-01,9.875588541432829270e-01,5.293004011159609945e-01,8.974463243309803717e-01,9.278193131162323359e-01,6.702462677764173815e-01,6.397110908917010841e-01,8.189745635709738680e-01,6.170614644700959106e-01,7.364806305692537247e-01,6.271325076578199154e-01,6.417160768348574296e-01,8.627685835909092438e-01,5.064507072410887600e-01,3.486323310167901424e-01,8.372358959788908095e-01,2.736352925157893301e-01,5.205680896636138977e-01,6.644745537452718676e-01,8.713868328016584064e-01,9.880271806531824019e-01,4.943366422642407887e-01,8.274412752296919082e-01,7.257951431498597117e-01,7.640079543659948902e-01,9.460074523647050704e-01,5.049489052156175273e-01,8.770937456127853027e-01,7.062163832348059556e-01,6.775853504514521841e-01,4.561088684478780686e-01,-1.474195803365325186e-01,3.110073124976218129e-01,8.865464599391954525e-01,6.288284849286617240e-01,3.647468809312839344e-01,7.754797360696210617e-01,2.126653712865529677e-02,6.829829531362378026e-01,5.990378668467732926e-01,9.256783474732512840e-01,3.019918962738627477e-01,7.778513394281316717e-01
7.046974743092803140e-01,5.350824021910820516e-01,8.845220758783869375e-01,5.733950457566902026e-01,6.073433957482500256e-01,7.011253310821325968e-01,4.923249554731771727e-01,2.365881174417557575e-01,4.334575906159806591e-01,5.072414834225581481e-01,1.767552688869983846e-01,7.253358682970200144e-01,4.278948690537103250e-01,2.047125134568893445e-01,0.000000000000000000e+00,5.607485444701048455e-02,6.393428787075370323e-01,7.504996140461724918e-01,8.473488640872751665e-01,7.651625827484234144e-01,7.140598036963325956e-01,3.329867504677067602e-01,4.013584304283657200e-01,9.175080317746205916e-01,6.693895371517366577e-01,1.714226740887463685e-01,7.108195652452968805e-01,7.953984671342912982e-01,1.660848307128496293e-01,2.328232206534736337e-01,5.486746930708427117e-01,7.833533455155413661e-01,7.363510269839255162e-01,7.882276839707520466e-01,6.936400669688692622e-01,5.523727593377527612e-01,1.551981444768618379e-01,5.275447631392609082e-01,5.603477240786629565e-01,7.118870460769822772e-01,4.554544619611518574e-01,6.657352965573954950e-01,8.962636569332599334e-01,5.811213890111143199e-01,3.658933654974552141e-01,3.585083695460736797e-01,6.276910698559736712e-01,7.908656019998965281e-01,7.195894168732184237e-01,7.510573588019038294e-01,3.053168291311477711e-01,6.161301607477488451e-01,7.783056965712630282e-01,7.937224579873692898e-01,5.951551791582686546e-01,8.092330133963628880e-01,4.687755753263166403e-01,3.849004241792707282e-01,5.488908229758903135e-01,5.095141713047771637e-01,2.327511076295235570e-01,8.447443290919433023e-01,3.194546325232112127e-01,6.201395475688272763e-01,8.997004856633750158e-01,6.105226531736379636e-01,2.056574713477708483e-01,6.919130900161990505e-01,4.025270220006298416e-01,9.681622723415423959e-01,9.850606505478665120e-01,6.670856751391145423e-01,7.748280467499506496e-01,4.369572541856283632e-01,3.724901111856065428e-01,7.978344187859603975e-01,5.228025125972269871e-01,4.640917338634774625e-01,2.834309818057053620e-01,2.567538216554540731e-01,4.287447605210115142e-01,9.272900056926685064e-01,3.903703725680162107e-01,4.009559140713675474e-01,9.383148141696607825e-01
6.262616806034406736e-01,3.171771826260208482e-01,2.553018304284581097e-01,4.052219944499888538e-01,9.440757549042058105e-01,7.232674698608508868e-01,5.062695368322678302e-01,9.224039223912767760e-01,6.020863978612208678e-01,5.851716932205154320e-01,2.618447236779718468e-01,7.678360413950653385e-01,4.812474672953649946e-01,6.951202159919732670e-01,5.607485444701048455e-02,0.000000000000000000e+00,7.811947307716304856e-01,9.238793238709833711e-01,2.839617410769783024e-01,4.276263610877090726e-01,6.828750275142255743e-01,6.848773719620555589e-01,2.471342048678449310e-01,4.021356551685155156e-01,4.289942891903951172e-01,7.742618856470564470e-01,9.833344617161040579e-01,9.499591281596951875e-01,5.433871201811023566e-01,3.238862237068746430e-01,4.810952065007019218e-01,4.732682906634856357e-01,3.521073392567791727e-01,4.593552242415193110e-01,7.178808204996646181e-01,4.217055145536239835e-01,2.277603074299327790e-01,7.479016242242092494e-01,9.098850029162941500e-01,9.148113862139498620e-01,5.349585297012442453e-01,8.221316039567595491e-01,2.940354137466129059e-01,7.080430045577853493e-01,3.854157107034508201e-01,7.843123144151576964e-01,8.397992538084433356e-01,6.246055647668590227e-01,7.731700867297108815e-01,3.785192694620469478e-01,4.056650190604124684e-01,4.719191728824894128e-01,5.220537065775205932e-01,6.501620749951962930e-01,9.196712952380656780e-01,6.582865034403603266e-01,7.750915707611411021e-01,6.347288118469011087e-01,7.501446936283399092e-01,1.424169778580989254e-01,1.012781675113888363e-01,7.046975113767319776e-01,4.330639361267641374e-01,6.134930923795773872e-01,3.596632662390177870e-01,6.787973298765540564e-01,6.945375447781577671e-01,4.993639535703612298e-01,6.566783454805196207e-01,5.485838010795099917e-01,7.062492212062643215e-01,8.407116718856872950e-01,6.691794804633192095e-01,6.205935706673502139e-01,5.291837060210633492e-01,9.363337728472993504e-01,7.661090913663725077e-01,2.200057353037641050e-01,-1.230633806922004636e-01,5.572245459570021042e-01,7.906894181475324634e-01,6.809789749570123174e-01,5.224154540484984288e-01,7.278460119916273507e-01,9.452970786468819497e-01
3.917075288010195555e-01,4.876429302695160506e-01,9.910968164920077594e-01,2.708958052887284751e-01,6.963951603579322525e-01,6.939284393207338919e-01,4.864295965960767631e-01,7.215364470848650846e-01,7.079050993615882970e-01,2.860788899462208823e-01,3.001958501657477352e-01,5.761055081770947162e-01,6.993887126968147960e-01,9.467784983468081617e-01,6.393428787075370323e-01,7.811947307716304856e-01,0.000000000000000000e+00,1.561657616089258960e-01,9.776178431099847854e-01,6.033050898876487489e-01,3.892644555568573472e-01,6.292072236406534014e-01,9.306406373528990361e-01,8.368838414085436606e-01,7.742482667870126400e-01,7.010269558645635390e-01,7.881624797319668474e-01,9.588001237360430640e-01,4.025821950878543110e-01,4.210589038381254978e-01,6.626995498566401466e-01,4.821653804449024250e-01,6.886650860886888159e-01,3.472491943652808999e-01,8.030781980395640396e-01,2.077954308265576588e-01,5.250798998527974604e-01,6.554386434084763513e-01,6.072339591347659660e-01,7.162519086340353169e-01,4.957404758095465547e-01,9.187196531411495615e-01,6.828102599375494020e-01,4.577515757259069673e-01,3.176053569764470397e-01,9.947781770535194523e-01,5.396363442296072677e-01,9.184600022567982469e-01,6.089651476304051014e-01,4.886184052341177031e-01,5.839245876893272014e-01,6.142446156889862507e-01,2.768163976684085981e-01,7.343533142029170513e-01,8.373526525807257759e-01,3.236374584304757551e-02,7.051844125739870073e-01,7.495821762494414564e-01,4.106074739446265998e-01,3.139924789833199725e-02,1.830750485152207174e-01,6.218641775810657135e-01,6.683790240847690134e-01,7.194722265169837261e-01,5.377017608068905830e-01,8.338659714255444166e-01,8.811000121174645816e-01,5.829595679587292745e-01,7.690399035983968012e-01,9.708748694031694715e-01,6.297131556256311269e-01,7.404626125189172070e-01,7.034221559904443866e-02,1.260153499766882845e-01,2.238871730398306892e-01,6.725197364486410478e-01,9.299026222149934240e-01,8.142695129741729376e-01,1.520352997494064939e-01,1.224135253453463995e-01,5.496339056268952916e-01,5.435577236858206707e-01,9.358647778346328439e-01,-7.810503539226751335e-02,5.592150297224990352e-01
5.400158196659062826e-01,5.492910628503778758e-01,7.814977927014119530e-01,5.614851989919500408e-01,8.049226524028665342e-01,7.403663232601349620e-01,5.043523641933612689e-01,6.183712520057249584e-01,1.932892596264306762e-01,5.212692816050183975e-01,3.788538353843365902e-01,5.651765998972915206e-01,7.555047843502601390e-01,4.733427755097350254e-01,7.504996140461724918e-01,9.238793238709833711e-01,1.561657616089258960e-01,0.000000000000000000e+00,6.245675229166366416e-01,7.509705086399194318e-01,6.963676255175120788e-01,5.773780810339770309e-01,4.485814367667192992e-01,2.787226834662018815e-01,6.444912155942431609e-01,5.567461603324301844e-01,5.129098053311812455e-01,3.351689529147348079e-01,5.055307003621651862e-01,8.948275486991575864e-03,4.777964480697192706e-01,6.500999916595732175e-01,6.462326051906223112e-01,9.785145059972247816e-01,4.305968373565287055e-01,4.973132749605405634e-01,4.388993276837017676e-01,4.286918585278007288e-01,4.675618128106330262e-01,7.516717934306260673e-01,4.473083859321835831e-01,2.459552194411981085e-01,4.019664645065099129e-01,8.822434501480628244e-01,8.706895530182594545e-01,7.576067401584875016e-01,6.001210370581898657e-01,5.244481006845589377e-01,4.889234436129809014e-01,5.929149631706430723e-01,7.299819394391655614e-01,7.054309839059197396e-01,6.933582040273245095e-01,7.939340376004961897e-01,7.157241314196264304e-01,6.830161649211827779e-01,9.977310865324380273e-01,8.753649081515191277e-01,8.427283392391097250e-01,4.674376442295991030e-01,3.188747240151275364e-02,4.395021239922913825e-01,4.598386873301780753e-01,5.514967056773928400e-01,3.256315021046049529e-01,5.092743535826603773e-01,6.123759650118152376e-01,4.119047550743449304e-01,7.842621087620608167e-01,9.734915786354161327e-01,9.964852251018767593e-01,5.423298257993041105e-01,3.686484875554421059e-01,-1.796763571274824778e-01,8.897973812212058853e-01,2.145794693539976594e-01,3.929843293637599322e-01,6.949795489212874378e-01,5.548383793166322686e-01,1.760063322371718808e-01,9.808856430014595285e-01,9.760121798774870072e-01,6.443657303381908896e-01,2.050547751462388768e-01,5.164396153301654691e-01
