0.000000000000000000e+00,6.723521581216768128e-01,8.148422437208210356e-01,8.886968153280961902e-01,5.574523627357430566e-01,7.183555879071756856e-01,5.358963633504661983e-01,6.856676954018168235e-01,9.342941305264278462e-01,7.394645130137085243e-01,6.329301400775677600e-01,9.002248751163611784e-01,5.990315366584405554e-01,7.858609193381178581e-01,7.071132583440749020e-01,4.291821653395864189e-01,9.229084217873534390e-01,5.248399897250685120e-01,6.024815812810901949e-01,6.982998719737856241e-01,9.371480509134958448e-01,5.712436538161254074e-01,7.059353229482920877e-01,4.761311279210280190e-01,9.677665915832436294e-01,9.525763495533545733e-01,6.278553620902448396e-01,2.745134098438908321e-01,6.272868947644701931e-01,1.196571531270623767e-01,1.053342897131759881e-01,6.377894987856653763e-01,9.084660659274758077e-01,8.932654253336922423e-01,5.386971569318368402e-01,3.854936576590298758e-01,3.191558091545820819e-01,7.865247530300141232e-01,8.521104291270816811e-01,7.847969854784212496e-01,2.537400053159163393e-01,8.219790025596777072e-01,6.544706168879217412e-01,6.465719289975292439e-01,4.918462575584469643e-01,9.732791581206330367e-01,2.419535909306531896e-01,4.797377620819043287e-01,7.195378229646647306e-01,3.027688064629376341e-01,9.841794211952976656e-01,7.292664428702727575e-01,4.637743037115281686e-01,9.933187276001385069e-01,5.485674217897162919e-02,9.863216565904511235e-01,7.775435049854648728e-01,8.353483877982759154e-01,2.431821053285936618e-01,5.867146948948771534e-01,2.844999196031182120e-01,1.009457488493746280e-01,9.733516426161252788e-01,9.807234886023588061e-01,4.990079856367161115e-01,7.438087336113077264e-01,9.006392791603765602e-01,6.108436043653683312e-01,6.313255395797574554e-01,8.141550179406501497e-01,6.200818399181942109e-01,7.567319976261319692e-01,2.849345788508775845e-01,5.332716411376978716e-01,7.437887713640460863e-01,5.177758038564592713e-01,6.032106910114688469e-01,2.890346828998581752e-01,5.098278442609998073e-01,7.591540017480225000e-02,9.658267570990803907e-01,6.194837080448787336e-01,7.444811401069540979e-01,4.237881102437616176e-01,7.484694602156526377e-01
6.723521581216768128e-01,0.000000000000000000e+00,2.745594545163929645e-01,7.756149983817011151e-01,1.605421874494599443e-01,3.060493316654399609e-01,-1.092405549438293377e-01,6.735488911052260885e-01,5.377319974951563220e-01,5.146043200350123303e-01,8.731104778700323754e-01,3.912618329612037038e-01,4.224711121813038428e-01,8.309432757192358743e-01,4.376965328419086254e-01,1.480156678611036225e-01,5.884928676195837483e-01,8.832551762013276520e-01,2.152296760607425030e-01,6.499775953312985077e-01,3.115463404175426998e-01,2.999635574167971996e-01,6.509580670179399009e-01,8.917280112587419039e-01,4.202706699633700360e-01,9.570843541772425800e-01,4.274835212643751658e-01,4.793046708037758119e-01,7.124612366047400336e-01,2.525260660344508246e-01,4.064301599317350910e-01,2.821842311547245741e-01,4.900440416638915386e-01,5.372242848315121888e-01,6.250330036161060310e-01,4.906767597322637675e-01,-1.811366829996397532e-01,1.072270713533133579e-01,7.347882896482176296e-01,5.601960987113452362e-01,2.056477788365420056e-01,7.514983462287587734e-01,6.636555101691866687e-01,5.641339788514501130e-01,8.146468390401879756e-01,8.056781263462944320e-01,5.772874179289253505e-01,3.399864923135100803e-01,1.252708658093335536e-01,7.865156013149477987e-01,9.737270417277228418e-01,6.852419403782977758e-01,7.291910525200825388e-01,7.571679273599083437e-01,6.600132994032307243e-01,6.230865327503029016e-01,9.455433837303064415e-01,5.958336339792898173e-02,6.373986966197482396e-01,5.184898930875159184e-01,1.762532301213110830e-01,7.408164917794397564e-01,8.704852660090425243e-01,5.974076490822929353e-01,4.088471685404727052e-01,5.702090987986652149e-01,4.578286352544349014e-01,6.085338300998580641e-01,5.732475250502024888e-01,5.675483650591579554e-01,6.728763868315870145e-01,6.136167386843101312e-02,6.035259982321882211e-01,-1.337509113800619542e-01,6.120261397926624047e-01,9.582962318024246251e-01,8.720644994645355697e-01,3.710972936409584477e-01,5.556966704349711739e-01,3.136280152328550508e-01,8.429891962024310681e-01,7.956988220914695820e-01,7.807777971721805432e-01,2.560707476607934630e-01,4.052969779835048358e-01
8.148422437208210356e-01,2.745594545163929645e-01,0.000000000000000000e+00,6.963481575267218560e-01,3.112631911319048150e-01,5.064097390767793305e-01,6.647060276312731775e-01,8.379354717778403350e-01,6.688057093676681442e-01,8.381612364723979303e-01,6.816785380518339821e-01,9.608809096228753122e-01,4.598193019628145084e-01,8.308371174182653807e-01,8.142048681574589608e-01,6.230988359382263475e-01,9.542172804746957837e-01,9.466413768141495044e-01,8.842528901920962969e-01,8.693224430198039920e-01,4.246540544125846361e-01,8.412301406053274144e-01,9.725262518110843191e-01,8.749650990954158658e-01,7.181417630901000271e-01,3.782129180581060846e-01,3.744068121637941227e-01,9.885835230534976148e-01,5.739744546685462412e-01,3.532459076531181408e-01,2.166688443023305211e-01,6.290277819134446613e-01,7.404091041660676442e-01,9.566401787702167869e-01,4.729356345289308372e-01,2.779763766274679360e-01,1.429542720526069954e-01,6.703471396975101415e-01,6.123506806755661946e-01,9.420532660093000610e-01,-7.262884624788459864e-02,7.403864033604029560e-01,8.194260512432675059e-01,6.863340708478867791e-01,3.723924676163119507e-01,7.884893209170601436e-01,8.544345906923037637e-01,7.253935879106765405e-01,7.584275803214515221e-01,4.573068036290574567e-01,5.296853610519584032e-01,7.786324584232872104e-01,9.073033798850587139e-01,7.901924807302638243e-01,8.591266243578009609e-01,7.207259313346476848e-01,9.790685259998186396e-01,6.795292436070204944e-01,7.249379890839560137e-01,3.292265310471735873e-01,1.066164005416547766e-02,9.854522407846832976e-01,6.512832429485519992e-01,4.439074784425189879e-01,9.782613537180242513e-01,6.231420165604008021e-01,9.848028955467071910e-01,4.193573761127306065e-01,7.996223401083996096e-01,8.134595084222114858e-01,8.056620881769300802e-01,2.292089211346094169e-01,5.938313729940640773e-01,3.680324937928545204e-01,7.856594489704205042e-01,9.727402237818912889e-01,8.219510532556955074e-01,9.385801913461692125e-01,5.490840133484475860e-02,7.964788277508747516e-01,4.056800886513229343e-01,7.642028224165408057e-01,6.080889530075986871e-01,8.516434338622922429e-01,8.011646491696211569e-01
8.886968153280961902e-01,7.756149983817011151e-01,6.963481575267218560e-01,0.000000000000000000e+00,4.723379984763834138e-01,7.175868758326378050e-01,5.585350770144640320e-01,6.015570907523578592e-01,1.553868107470248727e-01,8.891085893853072353e-01,3.282753744436297527e-01,4.247085629698378328e-01,9.851268642542152509e-01,9.236209953388072602e-01,7.311169952038184539e-01,5.618731708457218588e-01,7.715609088004002913e-01,9.184264064783363990e-01,6.576503207845260102e-01,2.295157518407158204e-01,7.655262505859492528e-01,4.680299426397211415e-01,5.930291412164951925e-01,6.023179264062425986e-01,4.669030924386331494e-01,9.678368741437716194e-01,6.439301673195001463e-01,5.958228921685744250e-01,3.770317662633477229e-01,3.867266396410028451e-01,1.151605407406922216e-01,2.632477720267050250e-02,9.350655432604617623e-01,5.385452308028866319e-01,3.473655084291003003e-01,7.829465634521608486e-01,3.466837401280113973e-01,4.679875510867992916e-01,4.412650897868372613e-01,2.840844411850789730e-01,3.780039467580994517e-01,7.584927214111227833e-01,8.974994452298499237e-01,6.150012351019638057e-01,2.402218427815986934e-01,2.676178785318717446e-01,6.759249317718105665e-01,-3.414398667926192843e-01,2.456659561606244768e-01,7.812006475152031282e-01,7.359804451912748124e-01,5.053459803308802956e-01,5.804805223703294326e-01,6.148437601526430818e-01,6.755178566362356474e-01,7.095155173653090452e-01,5.512478564823766192e-01,7.252815412767412706e-01,6.191943104191258707e-01,7.094232203582340190e-01,5.547460131992820731e-01,5.436955439790772671e-01,4.007363233151249871e-01,9.636059527174987149e-01,9.253372851180270420e-01,1.850006865024476088e-01,3.275057661259714314e-01,8.681596926427496141e-01,3.619451775237791935e-01,7.271589999461932630e-01,7.463686547349714928e-01,7.764114204227308136e-01,2.918367668432957363e-01,6.060521839440667913e-01,2.960232906901384964e-01,7.002759601840086168e-01,4.314973679377959170e-01,4.995416276445742709e-01,4.066030426542849852e-01,5.246523095582129592e-01,4.859510725567586231e-01,6.655592177912887930e-01,4.356728142876186149e-01,5.870720130694641048e-01,6.949055930619738586e-01
5.574523627357430566e-01,1.605421874494599443e-01,3.112631911319048150e-01,4.723379984763834138e-01,0.000000000000000000e+00,7.010562990108504255e-01,9.235259464799204787e-01,8.663473651785047469e-01,5.361337841869258103e-01,5.897289959093260370e-01,7.740468316280990635e-01,4.417614613668908730e-01,6.738482822630655900e-01,6.810305323156086166e-01,9.522314606674974202e-01,7.164975911533159048e-01,8.921900766885161316e-01,8.283192562755405941e-01,7.710953808508393958e-01,6.391333810554307160e-01,9.222170545176390233e-01,7.203571772808239349e-01,8.881332576797015266e-01,9.487194903862937734e-01,5.118578248921505924e-01,6.431185453775813965e-01,7.274471673236437841e-01,7.637752783546187807e-01,1.620564156739893180e-01,2.731928565382327756e-01,4.147190518392927100e-02,1.720988493658879293e-01,7.932917647130086625e-01,2.369653357526053661e-01,2.954079172465485792e-01,3.735329930568475065e-01,3.489150283878333925e-01,7.007809823930577497e-01,2.869759983147789351e-01,7.144815800998178812e-01,7.312406372662907383e-01,6.264464528177637881e-01,3.484336994349674921e-01,9.667922879957856486e-01,9.883318912340061102e-01,7.089123553466203376e-01,-2.515923796273054069e-01,5.639367688526824018e-01,2.343567006709649236e-01,6.299245032134229705e-01,5.080770353375618775e-01,7.796169017530147904e-01,3.199542595958799751e-01,3.463113747062779857e-01,7.160718368119196597e-01,8.474146082628283283e-01,5.533743615906689950e-01,6.080721522409282542e-01,5.311396708033414571e-01,1.229541508624475421e-01,2.576817972673671742e-01,5.180864413118542178e-01,8.798718985002966786e-01,2.244428623349511709e-01,9.172358720094277995e-01,5.987866840874963570e-01,4.835468045323195740e-01,9.985328202932972630e-01,7.625811403698735669e-01,2.766446738110581727e-01,4.458149041936645962e-01,7.610286724418443560e-01,7.864516826889262902e-01,5.603595287732352492e-01,3.436852694718487977e-01,3.013365050455640293e-01,9.792120559463910467e-01,3.586040603334815779e-01,4.031297486573264255e-01,2.652893055898541963e-02,7.739913849094546272e-01,9.664632195144272353e-02,5.950266550177916169e-01,3.009900791448578972e-02,2.537962491237824025e-01
7.183555879071756856e-01,3.060493316654399609e-01,5.064097390767793305e-01,7.175868758326378050e-01,7.010562990108504255e-01,0.000000000000000000e+00,2.769448016809302193e-01,6.865073900210102442e-01,7.461532436644037203e-01,7.540784257262077572e-01,7.086047891505838914e-01,5.810969164817171295e-01,8.761184526685122931e-01,8.656336371266623031e-01,3.390758635723667425e-01,2.294488325784217742e-01,8.077354309070378102e-01,9.408205544105968654e-01,8.605269661246290891e-01,3.088984921636108716e-01,7.540339722387374710e-01,3.580752048302991430e-01,6.970026891513967371e-01,8.827291356132447309e-01,-1.754157434178239550e-01,6.415133908768366755e-01,9.748855255199700975e-01,8.809501815489630960e-01,3.058060886166866221e-01,3.957375634652313678e-01,6.862598788743459188e-01,6.370854063138413625e-01,6.744116704023972453e-01,8.604119542418333655e-01,4.723881988859703340e-01,1.903358391723946330e-01,2.467175124279862852e-01,4.231343745084348296e-01,6.343242485641978901e-01,5.398266148308492607e-01,1.284149942735300642e-01,6.036538428825762859e-01,6.604993091009512263e-01,7.224558259299527219e-01,6.353146785084577974e-01,5.939671465269977801e-01,8.312808107206558494e-01,6.547657183914127321e-01,9.732959874866119188e-02,7.825166091925158662e-01,5.875078954493176964e-01,6.420671357856392314e-01,4.962617069732984110e-01,2.306253042796903574e-01,9.682082517107641895e-01,3.557178611877789276e-01,4.801006313902221323e-01,6.501886600151036699e-01,2.962319732483952306e-01,6.768593942764322691e-01,3.563034884605629227e-01,8.389081566223836051e-01,8.698048438752812306e-01,6.279390137775735514e-01,3.339936555520343076e-01,7.268932531645362349e-01,5.012985543723396109e-01,4.973101292893304382e-01,4.180024393222881995e-01,5.249873275476393264e-01,6.556867455337388462e-01,7.866164524817430559e-01,3.339493996410883847e-01,7.944878342003300897e-01,4.104018158639679004e-01,6.938048566440869758e-01,2.542324564075789661e-01,5.143586782974148841e-01,4.950448535110450049e-02,1.517545284329218369e-01,5.900778502241608159e-01,8.676543263524131300e-01,9.448878250104876253e-01,3.187841432627399052e-01,6.999503053417572840e-01
5.358963633504661983e-01,-1.092405549438293377e-01,6.647060276312731775e-01,5.585350770144640320e-01,9.235259464799204787e-01,2.769448016809302193e-01,0.000000000000000000e+00,3.179564883267850250e-01,2.381347875269827774e-01,5.263776117471624660e-01,4.271699002468901663e-01,3.007725624413675192e-01,6.483278533349197126e-01,1.324928530101553148e-01,2.837546506884188746e-01,7.926543487767014895e-01,7.656025356002250648e-01,5.202223625285860020e-01,2.740306326148672644e-01,9.900968268155903029e-01,6.443368376319563717e-01,4.631851444248031302e-01,3.898908691995388032e-01,5.159141657223939026e-01,4.099283897479850114e-01,8.961779310782078678e-01,5.956156180731170258e-01,6.257139308790179433e-01,7.382266342479341104e-01,5.162476996240596971e-01,5.901430868252415252e-01,3.307819268482410924e-01,6.648517341434736494e-01,4.426082991086743856e-01,4.360172981976422335e-01,3.137543453066533039e-01,3.543575324205920918e-01,6.245763375232669112e-01,6.050151216486405747e-01,5.845511518041326404e-01,5.903054814942902961e-01,7.968287960294102579e-01,6.423864308039719528e-01,6.164204465047042891e-01,6.404138105060710462e-01,1.146112536800225901e-01,6.198993706657922598e-01,6.347350702009791901e-01,4.523260231958710076e-01,5.779584488079374527e-01,5.039782492522175694e-01,5.111470197383920500e-01,2.407803413881582921e-01,3.738615788934067652e-01,6.049604622258730746e-01,3.233764751204267762e-01,4.718452160538616491e-01,6.176641861424292390e-01,5.426698032371414238e-01,1.242281374979598979e-01,2.348975105422001775e-01,7.041604758995059221e-01,5.087575089643479043e-01,3.338718313987102393e-01,8.084149229279338211e-01,9.696680092948257723e-01,6.896051319127516344e-01,6.686887316757652577e-01,7.110843212970534566e-01,4.952855327362714610e-01,3.564128358938003505e-01,5.585557454786992393e-01,3.319094048472074343e-01,2.544192596409960427e-01,5.113041305854273411e-01,4.747949878781200228e-01,6.268584717809554396e-01,6.632910887233680608e-01,2.463593149391856210e-02,6.274125518131558055e-01,3.921979742975679750e-01,4.067951832983691118e-01,2.260855458980796928e-01,3.841920233509477089e-02,6.967514352344803541e-01
6.856676954018168235e-01,6.735488911052260885e-01,8.379354717778403350e-01,6.015570907523578592e-01,8.663473651785047469e-01,6.865073900210102442e-01,3.179564883267850250e-01,0.000000000000000000e+00,6.305313999331735308e-01,6.016373212827464956e-01,4.397866704994456422e-01,6.309848782853528792e-01,9.471919657127818581e-01,2.349719787979479557e-01,6.142404180545996129e-01,3.566964223642448140e-01,9.982486445986837875e-01,5.796935846585393737e-01,7.029596398523718648e-01,5.859122906177747225e-01,3.227039374800823035e-01,6.392413912407159948e-01,5.203971117236129151e-01,7.561798844098274186e-01,8.570167502881830268e-01,5.657929108856470934e-01,4.570498666845764779e-01,6.810153555217979271e-01,4.457098556361441810e-01,3.865842856157878371e-01,5.250395388767944427e-01,2.559705709356802084e-01,4.278792121837741158e-01,2.845885117717172896e-01,1.776655502096547712e-01,-8.490780146671954298e-02,2.679515244997781112e-02,4.737002025517199066e-01,8.767336752546284195e-01,6.120320673422294799e-01,7.248393057015547480e-01,6.143532523074226592e-01,9.953052933436929983e-01,6.786153148557980685e-01,7.356866496807179523e-01,6.380117347178781984e-01,4.843620775108934962e-01,4.751498617330192076e-01,5.508041290415774949e-01,8.132523220260794439e-01,6.852321420885487679e-01,6.103534967386530230e-01,3.239399094404437074e-01,7.173262882039207478e-01,7.690858118912105024e-01,7.418845881980129509e-01,2.758524794848694062e-01,5.896927839463512733e-01,5.030897888515589722e-01,3.815497290284034504e-01,4.079619334397751595e-01,5.073679142861721170e-01,7.814157376287738099e-01,4.403633742931199468e-01,2.121814766269731201e-01,7.838076972352170380e-01,4.406380857544653362e-01,8.914851069180568244e-01,5.657145057435979396e-01,6.800844770043230625e-01,5.610769302337070830e-01,7.385298785748388717e-01,4.208346803248183554e-01,3.484837085796809175e-01,2.921385454115072444e-01,4.267929390144782342e-01,6.503102283506199122e-01,3.648466650778668940e-01,5.775622366125294782e-01,6.647507311444167399e-01,4.988763040433353280e-01,7.161081944289366952e-01,7.860267878331854696e-01,5.860354535331318004e-01,5.037251649586392821e-01
9.342941305264278462e-01,5.377319974951563220e-01,6.688057093676681442e-01,1.553868107470248727e-01,5.361337841869258103e-01,7.461532436644037203e-01,2.381347875269827774e-01,6.305313999331735308e-01,0.000000000000000000e+00,7.224867375444783413e-01,6.630729040536554875e-01,6.163853419591956984e-01,5.768048520396330536e-01,9.899385106550291358e-01,7.747316688431252762e-01,8.648860513493636937e-01,3.797779513261657636e-01,6.907747430310560155e-01,8.235027713931631910e-01,6.060574435398360382e-01,6.457715165546096259e-01,6.176999086973150588e-01,4.659118845021011923e-01,9.989065332725440838e-01,4.334634311215480040e-01,7.111092528374142185e-01,6.222623541110895440e-01,3.071506359591938962e-01,1.274201560530288657e-01,-1.569919429865375693e-01,7.296570475263191025e-01,8.216825925453610235e-01,8.884568187319715760e-01,2.278546817610095088e-01,5.106434983102728919e-01,5.256611199798972844e-01,2.667264672303925055e-01,6.758786636316562735e-01,6.220905879968137153e-01,8.233831120411749804e-01,2.184703414808418231e-01,5.506115056393844354e-01,4.775407600062940294e-01,4.225691382210800540e-01,8.554631401124547230e-01,6.515289662325306486e-01,5.746974811418532891e-02,2.822400008676970717e-01,4.062670108994492768e-01,5.137648892987992655e-01,7.791176020701069405e-01,2.669800225115755432e-01,9.695800792150801595e-01,2.463095139033119607e-01,9.449943795852765449e-01,6.674909396160659536e-02,4.392669115042017181e-01,8.401730713238840798e-01,8.612130202011543112e-01,8.266110267745928331e-02,2.510428271805558720e-01,8.663784236402893857e-02,4.333849548842302335e-01,7.467161948296854312e-01,6.628322928073147047e-01,4.602627008241677586e-01,4.263807980923445817e-01,8.479448511745785177e-01,2.276656717038302025e-01,3.752945735429931151e-01,6.687673660947766052e-01,9.309113125103134490e-01,5.029907257715614533e-01,1.915425071349760311e-01,6.393318491516845059e-01,7.262716201330623456e-01,3.143409656736894653e-01,7.985159363783667086e-01,1.847829128603776239e-01,2.824071318341928039e-01,3.096404379890791425e-01,8.632747258998700879e-01,7.356357165735238901e-01,2.407628828656561970e-01,7.047191248083458648e-01
7.394645130137085243e-01,5.146043200350123303e-01,8.381612364723979303e-01,8.891085893853072353e-01,5.897289959093260370e-01,7.540784257262077572e-01,5.263776117471624660e-01,6.016373212827464956e-01,7.224867375444783413e-01,0.000000000000000000e+00,6.169813241937086579e-01,2.055965968790456622e-01,6.778194785708008263e-01,5.979325476112546944e-01,6.429395454113778774e-01,8.341662992707327140e-01,7.034611365556125984e-01,4.073436339711895560e-01,8.310065821017218468e-01,6.425351675418684572e-01,9.717549787535105787e-01,3.807913427800723172e-01,3.947713746476388952e-01,7.651879369118983476e-01,6.430189799645682491e-01,2.444550691845993606e-01,7.374051898238249692e-01,6.477877449416619138e-01,3.222803907248223965e-01,4.029086253424916109e-01,1.434257065557849042e-01,4.279940160304483987e-01,6.660207557777286791e-01,6.014225206911304467e-01,4.619645533973721907e-01,3.522949676869552293e-01,1.924738981152034067e-01,3.598145932174783290e-01,9.355540960366368619e-01,8.150324148792970069e-01,1.996275205135411290e-01,5.084711754531393568e-01,9.790097209604258222e-01,9.865117766972764102e-01,8.745619312829830960e-01,7.418611966147518055e-01,7.780610015187208184e-01,8.444497730450551964e-01,1.174144825477847071e-01,2.624929036080937972e-01,2.430108873155676502e-02,7.482085582848084782e-01,8.722025237093995464e-01,7.740043736351917003e-01,6.424128255943618582e-01,5.487499911265572017e-01,6.021109460215331444e-01,4.848069963253839876e-01,9.029538298782366912e-01,4.510330853273972762e-01,3.119407991670022362e-01,5.964899152111494685e-01,4.130611899262889852e-01,9.262110396062684936e-01,6.067362525315358468e-01,4.517027024794655343e-01,7.852658484978902731e-01,7.933601816319433286e-01,6.458800949505640876e-01,7.682273060042882351e-01,7.561684157014501029e-01,3.805309308205210850e-01,1.757094923794174368e-01,4.349340421742269314e-01,4.388182168626626467e-01,5.108245328346459058e-01,9.640239016672027539e-01,2.076074090210712486e-01,4.863647860244921239e-01,5.730437757277307975e-01,4.538696094313112162e-01,8.730241931755801099e-01,5.828859563396138199e-01,-5.150341808719396952e-02,7.201835947736160426e-01
6.329301400775677600e-01,8.731104778700323754e-01,6.816785380518339821e-01,3.282753744436297527e-01,7.740468316280990635e-01,7.086047891505838914e-01,4.271699002468901663e-01,4.397866704994456422e-01,6.630729040536554875e-01,6.169813241937086579e-01,0.000000000000000000e+00,5.897466124947077226e-01,9.762473365417217996e-01,9.685252205663122949e-01,8.058605718012584740e-01,2.333192927779429160e-01,9.092958750805124613e-01,7.880065235647275568e-01,9.496612100532534351e-01,7.264240034335516238e-01,9.186666118160947692e-01,5.527756084714866569e-01,8.390330271929380412e-01,7.241785826135032078e-01,3.353674339315932951e-01,3.269664278430952087e-01,4.897201245446870521e-01,7.183986462285704144e-01,4.807946393255215778e-01,3.009780727120755506e-01,7.484850960830566891e-01,4.427063866134220427e-01,1.387197236554453886e-02,6.444977206750530652e-01,2.749482228599083866e-01,7.444144446960100359e-01,4.022159382138621453e-01,4.317370957365098127e-01,2.055613563362284346e-01,4.327258305748735157e-01,7.304039291061618089e-01,7.152465294833945109e-01,7.460315140723648986e-01,5.088044557315739569e-01,8.348104586899495194e-01,7.169313495258604618e-01,9.210015730508014364e-01,4.312554458358365816e-01,4.395745209196741943e-01,6.079969888416499879e-01,3.491742011767354215e-01,2.720600824334304391e-01,7.587580738405514946e-01,9.092296924189735563e-01,4.307580093954827549e-01,6.750738449305063726e-01,8.643476164797545547e-01,7.842407425843717084e-01,3.184862517164642193e-01,5.869639642746301567e-01,6.093768195789293074e-01,9.036506063696951863e-01,5.998795759357749002e-01,2.913765084939000660e-01,9.161945149719290526e-01,5.435155889477115698e-01,6.434250353040401604e-01,8.151949988076894194e-01,1.296573089204596241e-01,7.969149154276429226e-01,9.949172789313857068e-01,5.655374367921467416e-01,-2.413385880133719352e-01,3.739894903811716853e-01,6.867159483027165390e-01,8.345224900136802848e-01,5.310164397517919133e-01,4.397072813492300947e-01,7.904592212920319438e-02,4.150420601802441989e-01,3.260247145201983221e-01,4.102432174005008481e-01,7.035645987287830749e-01,5.769875895239392483e-01,3.803855166752562189e-01
9.002248751163611784e-01,3.912618329612037038e-01,9.608809096228753122e-01,4.247085629698378328e-01,4.417614613668908730e-01,5.810969164817171295e-01,3.007725624413675192e-01,6.309848782853528792e-01,6.163853419591956984e-01,2.055965968790456622e-01,5.897466124947077226e-01,0.000000000000000000e+00,7.872410902097880525e-01,7.278301812598002574e-01,5.964182069789771834e-01,5.115322342128090227e-01,2.108545810282342337e-01,3.604780113220384941e-01,5.420709777407709540e-01,7.747278942763526910e-01,6.922636434930098392e-01,7.289431672862065614e-01,6.648485400565879999e-01,1.179471840060177662e-01,5.144952334620587209e-01,6.896594261691360028e-01,4.987570931994319556e-01,7.464765074132482248e-01,2.288694585671540715e-01,2.724563501463230786e-01,2.411778138585830011e-01,1.982538315070301316e-01,7.246523527534020070e-01,2.647375693977648270e-01,4.970355045633437219e-02,2.676361090112620023e-01,-5.586811969568164504e-02,4.939377059932279490e-01,9.525407170242093935e-01,6.704140408867049761e-01,3.137040237274313914e-01,6.882868872227181356e-01,6.975240655269122625e-01,6.933590997808282141e-01,6.520113081521308196e-01,9.246898827156523337e-01,7.764138570998373456e-01,6.468279277557578144e-01,6.914081358156066726e-01,2.506557199825899529e-01,5.392086821609280989e-01,7.048983137089287476e-01,6.122436654420938540e-01,6.878229930683436855e-02,8.696535753433457527e-01,6.372746381672447225e-01,6.665283484018493798e-01,9.553648239261069985e-01,8.098202825943938699e-01,-2.600284104631372939e-01,7.068815843580881220e-01,3.848174141541928495e-01,8.356113363068918831e-01,4.862122988791161560e-01,3.026896540401260438e-01,5.762608272883458227e-01,5.625331435082371323e-01,2.880062787234907162e-01,-2.095405748593257012e-02,4.959799552063423045e-01,6.409813113374303040e-01,7.956114688472057939e-01,3.065380687572515361e-01,5.176001889179308035e-01,2.542943307822297938e-01,9.700297365944178241e-01,7.010381214367928937e-01,8.004519038948630927e-01,-2.327988954524234932e-01,5.978186075765790086e-01,7.643767175415272508e-01,7.402256585328922389e-01,7.894162533790094471e-01,5.809007402056708402e-01,6.155428574526606855e-01
5.990315366584405554e-01,4.224711121813038428e-01,4.598193019628145084e-01,9.851268642542152509e-01,6.738482822630655900e-01,8.761184526685122931e-01,6.483278533349197126e-01,9.471919657127818581e-01,5.768048520396330536e-01,6.778194785708008263e-01,9.762473365417217996e-01,7.872410902097880525e-01,0.000000000000000000e+00,9.781105209405692724e-01,7.495890727660148301e-01,7.480577137933427379e-01,7.973710541512675221e-01,2.364394038317965338e-02,5.632393469681511444e-01,8.026041602353084503e-01,9.331425206886003743e-01,6.475667517854148958e-01,6.504802039962740423e-01,8.168418340168996927e-01,5.055859503457551529e-01,4.792561970013462513e-01,3.486343234992734796e-01,5.780849469102021798e-01,4.493261623905677182e-01,4.882048603466585535e-01,2.795868455452151791e-01,4.297526037279203459e-01,7.205619405325218718e-01,5.582386957151788121e-01,6.510920567515187107e-01,-1.411789274307674313e-01,4.550959856621819566e-01,1.388129917677395075e-01,6.993654269368327903e-01,7.717103494912169737e-01,5.216311607636914260e-01,6.312296582052655536e-01,7.857266649922632906e-01,1.006830943287329028e-02,7.176348195016529763e-01,7.304349186808375416e-01,7.642961170198340204e-01,6.701511738011518560e-01,1.983102234729793023e-01,4.448417900280877135e-01,7.494762118185434030e-01,7.257926079148991905e-01,3.366236281733037128e-01,6.217427490059371786e-01,8.663885749255539892e-01,5.072699283596265873e-01,4.182695861044883334e-01,5.908125300595411522e-01,7.339591712357182995e-01,7.287953476293286270e-01,5.993377388059533128e-01,9.024539443222930890e-01,7.103298090976869483e-01,7.553202723299695664e-01,8.104681407053516695e-01,9.238031280361902464e-01,5.557145815993762561e-01,5.629594504662240873e-01,4.517745685396523103e-01,1.062785905221095839e-01,8.471413578350699414e-01,4.017197053810572793e-01,7.699366457891735349e-01,4.950777995066302228e-01,6.748845313146488722e-01,7.860214032687828922e-01,7.013252796999458472e-01,3.739363006480020402e-01,2.893582575628260156e-01,2.643407756220995664e-01,3.232242302035304160e-01,8.177680918801830678e-01,1.428853211604734497e-01,6.115616108194936729e-01,8.296815979728315860e-01
7.858609193381178581e-01,8.309432757192358743e-01,8.308371174182653807e-01,9.236209953388072602e-01,6.810305323156086166e-01,8.656336371266623031e-01,1.324928530101553148e-01,2.349719787979479557e-01,9.899385106550291358e-01,5.979325476112546944e-01,9.685252205663122949e-01,7.278301812598002574e-01,9.781105209405692724e-01,0.000000000000000000e+00,4.855813811761665044e-01,-1.860458737864390533e-01,7.676790715690768874e-01,6.350022966002994984e-01,6.636943181029225647e-01,9.455576810999977155e-01,5.309396763129576868e-01,7.148633148057037534e-01,4.124489269904818012e-01,5.955951136620294406e-01,2.139668601502548451e-01,-1.862961860931017233e-02,1.586555275865279002e-01,6.495050107426311170e-01,2.433340496794728636e-01,2.850164279233186049e-01,2.544144163977804518e-01,2.575888243025407087e-01,7.870712010565218408e-01,6.475323135338348912e-01,8.324514663018692806e-01,4.355345326124739902e-01,1.132559290894816773e-01,7.931436348875442466e-01,8.077433943792694526e-02,9.375018167841897565e-01,3.612900449589031560e-01,7.022321929643694505e-01,6.143814200293855610e-01,9.177616342557207707e-01,9.084915692556413402e-01,2.846451574928020589e-01,8.955143171944122127e-01,6.535476403101228016e-01,7.287662829695524813e-01,6.560639028346400003e-01,3.497813705207455937e-01,6.498187917823166071e-01,5.390375829724607382e-01,6.850930776772211628e-01,8.218643778641980813e-01,7.167537413952962400e-01,8.177132545263695595e-01,7.598460647353536546e-01,2.942732634810557579e-01,5.795394520954549877e-01,4.282530122668737338e-01,7.222520157951530795e-01,6.043488615252642360e-01,6.876999568042930777e-01,5.156389581008488099e-01,5.894581650579249210e-01,9.007373343003658439e-01,6.385096247154984361e-01,7.692958999291563682e-01,4.739110913711120920e-01,8.050013246218004070e-01,8.319660937234854003e-01,7.836705090035448462e-01,1.113502997262708627e-01,4.139320818054075812e-01,5.590233138981792749e-01,6.909413310814530584e-01,6.372570008088153104e-01,4.350372621431561337e-01,4.300640222853872041e-01,3.197866496403152792e-01,8.246990858897128573e-01,2.268543967980852782e-01,5.423066474363039124e-02,7.245411696745611696e-01
7.071132583440749020e-01,4.376965328419086254e-01,8.142048681574589608e-01,7.311169952038184539e-01,9.522314606674974202e-01,3.390758635723667425e-01,2.837546506884188746e-01,6.142404180545996129e-01,7.747316688431252762e-01,6.429395454113778774e-01,8.058605718012584740e-01,5.964182069789771834e-01,7.495890727660148301e-01,4.855813811761665044e-01,0.000000000000000000e+00,4.988483329440521197e-01,6.323704306833559663e-01,3.207275826182057199e-01,7.817058123515575607e-01,8.266417875236755641e-01,6.068131672317530478e-01,8.900496562881018425e-01,2.740454535368824218e-01,8.269444644504307940e-01,6.630105145744707995e-01,6.160690154699794974e-01,9.048811745745378721e-01,7.773190392992148645e-01,4.357142753150027303e-01,4.755193903557728419e-01,4.649798688920284695e-01,7.453759976867518899e-01,5.447555282427180012e-01,4.997245225716232531e-01,6.453926364283022465e-01,4.072669655033104297e-01,6.389963523259202249e-01,5.700928648980683189e-01,5.595225501305866045e-01,9.036544030871679345e-01,7.770760239917302581e-01,3.500296868169164854e-01,4.880674936979974010e-01,6.204069123244020378e-01,8.934793584745358563e-01,4.013791849336507123e-01,4.753803537030369952e-01,6.325693192111901952e-01,4.407111502480476894e-01,3.058985079073476832e-01,4.886848159527719115e-01,4.784385625698805988e-01,4.817146741730599091e-01,9.486437074790055046e-01,6.466967069519240496e-01,9.050741910528716794e-01,2.529889258445893185e-01,8.048090659462457941e-01,6.829724749252472638e-01,4.042299743945649837e-01,3.367154979502381407e-01,3.222910839270796135e-01,6.757810223168051467e-01,2.622686329958979212e-01,8.042812471778205685e-01,7.632959953476676773e-01,-1.581422636308346674e-01,5.230701305046425720e-01,5.289150048904501800e-01,7.900797195047812860e-01,1.923945854226553065e-01,6.615219540673816789e-01,6.278504184972093505e-01,3.295006781221345715e-01,3.333129514598270893e-01,7.231366060521513539e-01,5.493022727557559381e-01,7.600528325837506427e-02,2.785339071661090404e-01,2.966966930559344906e-01,3.077771885410032215e-01,9.871644187693382477e-01,6.893226371125484864e-01,5.147627705125477071e-01,7.987907907624006709e-01
4.291821653395864189e-01,1.480156678611036225e-01,6.230988359382263475e-01,5.618731708457218588e-01,7.164975911533159048e-01,2.294488325784217742e-01,7.926543487767014895e-01,3.566964223642448140e-01,8.648860513493636937e-01,8.341662992707327140e-01,2.333192927779429160e-01,5.115322342128090227e-01,7.480577137933427379e-01,-1.860458737864390533e-01,4.988483329440521197e-01,0.000000000000000000e+00,7.293863704909105961e-01,5.060513212204105216e-01,3.944606370370576931e-01,7.398199286970790212e-01,8.457018653033883115e-01,3.242399140425783477e-01,5.058107520640300336e-01,1.448216532296377757e-01,5.107892397708002630e-01,3.014976362987900060e-01,5.352481431044484594e-01,6.825315373450697720e-01,7.457015663528775151e-02,5.839255517932889772e-01,1.886945317887096796e-01,7.460269710364975104e-01,6.064918366603551103e-01,5.888158308174242794e-01,7.608515979739562951e-01,3.059189581527989588e-01,5.755443193369091937e-01,7.130106356652203825e-01,6.817953984830135150e-01,4.193914920046924455e-01,2.049143583679922387e-01,7.346434051555269518e-01,9.440163473841453046e-01,5.279049086451486072e-01,8.786497744222727668e-01,4.607155484740005913e-01,9.856527309242437696e-01,7.728232283134878200e-01,4.700042238725310462e-01,4.953888558395915798e-01,1.067467024413791266e-01,4.906829655766691278e-01,8.418859542899066462e-01,5.749584428683817139e-01,5.205754184729107781e-01,7.719277027785986789e-01,6.754914299239546116e-01,5.410545218035726078e-01,4.034117610757618211e-01,5.781647795524100797e-01,5.358315723951069254e-01,7.377732925663693653e-01,1.006384179292066083e-01,9.197180066440692192e-01,5.278579361078432619e-01,5.850757806399258243e-01,7.671287128642740871e-01,4.611597079508338304e-01,4.059571295855207707e-01,7.626712017815630018e-01,5.590676986738145615e-01,3.736738399622832052e-01,4.127125130473880410e-01,5.406260540148357663e-01,-1.899926598456880278e-02,-2.006784778252156676e-01,2.535682495812585646e-01,4.520101780959220883e-01,5.696919452652531302e-01,2.977500058758681400e-01,5.293388426474148617e-02,6.077601767055572646e-01,-1.982692726931694072e-01,3.227961557067733633e-02,4.374393415164800625e-01
9.229084217873534390e-01,5.884928676195837483e-01,9.542172804746957837e-01,7.715609088004002913e-01,8.921900766885161316e-01,8.077354309070378102e-01,7.656025356002250648e-01,9.982486445986837875e-01,3.797779513261657636e-01,7.034611365556125984e-01,9.092958750805124613e-01,2.108545810282342337e-01,7.973710541512675221e-01,7.676790715690768874e-01,6.323704306833559663e-01,7.293863704909105961e-01,0.000000000000000000e+00,5.518494275774996627e-01,6.514215781221645019e-01,7.909716143956464496e-01,8.040446100307517829e-01,5.849684023725455484e-01,8.113632595179975926e-01,9.344191924655385062e-01,3.095069900222094383e-01,4.139005588884139275e-01,6.197638406412410150e-01,3.545382850259712892e-01,4.655113737580170996e-01,1.918710513449004285e-01,3.590125459472114366e-01,8.546714184528265701e-01,9.530840136759604064e-01,4.659609482430472349e-01,2.623905214584214551e-01,6.236327005976323168e-01,3.838459479270768249e-01,8.711108612936365736e-01,2.361970900326767764e-01,6.170792935715906369e-01,5.350081523873263523e-01,7.923612303511813337e-01,5.566085810470401407e-01,4.157360496674767925e-01,2.986530534362671907e-01,4.842359834082990977e-01,5.805239048496945165e-01,4.259085846540798248e-01,2.581616943282381005e-01,8.382318900244956072e-01,7.908923277472046376e-01,4.272673791668341048e-01,7.159406788830907642e-01,4.162958075386678503e-01,5.764437596605379577e-01,1.386151737527658960e-02,8.665549613671985618e-01,8.892924163962665496e-01,4.664452735093628233e-01,7.840715254217868191e-01,1.477200022726494477e-01,3.992537378889444710e-01,4.486521505093195583e-01,4.476324494541344262e-02,6.209090626126843038e-01,5.531886015416193070e-01,8.464052086168030176e-01,7.367082299634644116e-01,7.641048757708865935e-01,8.479884567931265105e-01,9.652787172109217328e-01,6.261059962667865353e-01,7.318302072141589232e-01,3.266732540923703021e-01,7.124655890551718773e-01,9.724048391970618876e-01,6.548167763463998980e-01,7.245376613991849624e-01,2.322511768589778994e-02,4.853666356784417379e-01,4.732635495488529132e-01,7.283096998373429498e-01,6.677549246658129878e-01,1.081184577982454292e-01,8.380728396388503754e-01
5.248399897250685120e-01,8.832551762013276520e-01,9.466413768141495044e-01,9.184264064783363990e-01,8.283192562755405941e-01,9.408205544105968654e-01,5.202223625285860020e-01,5.796935846585393737e-01,6.907747430310560155e-01,4.073436339711895560e-01,7.880065235647275568e-01,3.604780113220384941e-01,2.364394038317965338e-02,6.350022966002994984e-01,3.207275826182057199e-01,5.060513212204105216e-01,5.518494275774996627e-01,0.000000000000000000e+00,6.324807825806966211e-01,9.092811980384919446e-01,9.440064779790338090e-01,6.906285312840688695e-01,5.648873699410177363e-01,7.352974771592817316e-01,6.086285015547530097e-01,7.874219523679127919e-01,6.415629604939132591e-01,6.546363396476537755e-01,3.235572975433086418e-01,1.339361990117128309e-01,4.845406705112992873e-01,1.780872536720549404e-01,9.240088718198290474e-01,8.510902089723814123e-01,5.619456229020142191e-01,4.589400631195220126e-01,1.235128418586339816e-02,6.990817164420435326e-01,9.289812843232405637e-01,6.401061095769319254e-01,5.568386287960829240e-01,3.815623414123686663e-01,7.487200955997723728e-01,8.898543198758031014e-01,8.537868906987284845e-01,4.401221428333623176e-01,7.559868640331309786e-01,2.226240207004042126e-01,6.084227202121265110e-01,5.409907029948028967e-01,6.356059071628057389e-01,5.442140751333319759e-01,7.667226059761914625e-01,4.349555836204013204e-01,7.333380423655749825e-01,4.063267583083052803e-01,4.474035689842033592e-01,2.067624316582295507e-01,9.714834636081002284e-01,6.480384001678888284e-01,1.571132756648331297e-01,6.999075715577216528e-01,5.833491820972215303e-01,7.408296271466157101e-01,9.436611783801256426e-01,7.224145915587905087e-01,7.330014658087055102e-01,6.114879225583990108e-01,6.861668962158617990e-01,4.738969908613402393e-01,6.987313058754887063e-01,6.506785571946591684e-01,3.408804127614890878e-02,5.857155093942542079e-01,2.995320839443751937e-01,2.659727936746512644e-01,8.825535380325246759e-01,3.074096298353977685e-01,4.308091603838122285e-01,9.363661401520868843e-02,8.454275761154419477e-01,7.028374355491028291e-01,5.443099496078268595e-01,5.506741918645589040e-01,2.042387777899421497e-01
