0.000000000000000000e+00,6.542439305209126754e-01,6.828710001620862391e-01,7.839939953146395357e-01,6.078566215176427479e-01,6.705912782231961966e-01,7.392041743997616043e-01,9.012863543288170964e-01,4.427446542780097416e-01,2.601721319885125783e-01,7.934458076461701204e-01,3.255310699462682367e-01,5.252936307506129721e-01,5.071472967288132017e-01,6.317972515895466934e-01,7.523676307714117772e-01,9.278917834205162585e-01,7.580045680873686020e-01,8.058528110059003380e-01,1.136677163864539958e-01,7.230961240737513451e-01,5.598137749683803621e-01,8.799578554722243817e-01,6.371154518189484639e-01,6.601157338525357465e-01,6.894463671970288976e-01,7.714138659915169560e-01,6.362965396560050779e-01,7.910223294481826262e-01,6.246469444265020377e-01,8.131726911751227527e-02,2.853508048886020387e-01,7.097521941793945022e-01,6.580956158646142917e-01,8.790852972713413260e-01,4.846645484305733276e-01,4.283462305783838908e-01,6.628863241148553742e-01,7.813518915744330773e-01,9.399806048612170395e-01,4.594864612801998760e-01,7.109353352963669881e-01,4.735905381318735174e-01,9.695758473910630615e-01,8.297650483786211950e-01,7.802893654265445900e-01,8.050772846202491895e-01,3.011634901742736292e-01,9.826577806418115291e-01,7.100443167226466734e-01,3.861069279375768382e-01,9.812928588275107167e-01,5.577449414901896052e-01,7.805115756135946326e-01,6.392769016633205181e-01,8.269515042495635404e-01,4.054533691583785959e-01,4.293329813104065917e-01,4.481750686291943730e-01,2.048813370998555927e-01,4.998199573320155076e-01,3.159208471829640374e-01,5.711589094219291507e-01,3.923802674130435486e-01,7.846516360199657925e-01,4.154903288385054516e-01,6.552382207715979900e-01,6.427744585804046062e-01,4.282399920303481267e-01,4.007049708885692674e-01,7.478656191784878171e-01,8.615345950379722506e-01,4.722277986004395078e-01,5.881992831780337161e-01,4.758814512610435865e-01,7.288557513483898687e-01,9.912099884293767982e-01,9.677832907377601490e-01,7.910848354874812083e-01,1.092267258634139343e-01,8.091492744811160653e-01,7.562338609372634135e-01,7.848472317209276294e-01,6.053731833231569270e-01,5.081718839914268759e-01
6.542439305209126754e-01,0.000000000000000000e+00,7.735122122019960633e-01,5.756571949351642070e-01,3.064734327649400458e-01,4.194128159788114707e-01,4.192461252955115847e-01,6.310840661823792219e-01,3.839943362776034874e-01,7.742195448571801419e-01,5.526433833263932893e-01,6.789282166035465194e-01,6.603101708576866180e-01,4.700552004593010480e-01,4.579868458320848768e-01,7.642808627618755679e-01,5.876385980367330175e-01,9.757585022227556193e-01,8.033175610977922876e-01,8.339077608683713727e-01,9.311573598462900003e-01,6.149378429317395867e-01,4.105437258076961027e-01,7.171944196428374774e-01,3.125314492134794175e-01,4.375262281324641123e-01,6.401713941289808307e-01,5.939630318254398578e-01,2.140090218387527207e-02,6.652136187221110442e-01,3.280342480180958864e-01,2.554370672774108897e-02,9.009548062998581353e-01,5.468514759850525708e-01,9.442639861858175276e-01,1.452673492323672544e-01,3.134110590874230606e-01,5.758419255264288772e-01,8.925443621838975439e-01,7.396696291835685999e-01,6.175210254616990690e-01,5.125651137391860068e-01,5.355093132887441820e-01,6.117825808609870242e-01,5.053276274281160996e-01,3.071417694592474823e-01,1.755735725711554951e-01,9.344037402599525421e-01,7.636610888737189740e-01,3.356478064677639317e-01,2.955554968291365658e-01,6.002177842945300990e-01,5.330429993186035498e-01,8.797732729411970043e-01,4.669767436467726629e-01,6.493957805912254910e-01,5.310070908177888516e-01,8.100527530563277345e-01,5.484229611067803489e-01,7.218575799975122109e-01,1.577590549157223965e-01,5.034369581808511018e-01,5.543364806029864589e-01,6.697800046782580452e-01,5.785676279793074972e-01,6.590958808483619868e-02,6.841894051841693747e-01,6.921192616465302594e-01,7.063294388620867670e-01,3.801351741231252523e-01,4.124385718384898647e-01,5.836545917837718811e-01,3.881081589434447476e-01,1.549603259012339862e-01,8.810892264434210253e-01,3.085990863408462070e-01,5.101988115570924576e-01,9.700481109979209871e-01,4.495721556856243084e-01,4.548813409395003338e-01,7.417871524997396993e-01,9.492664506007768566e-01,4.864180255697079791e-01,5.681158923686774331e-01,9.864592890493868449e-01
6.828710001620862391e-01,7.735122122019960633e-01,0.000000000000000000e+00,6.353923751320875724e-01,8.588039328362898628e-01,7.483707508973913569e-01,8.329449949908821482e-01,9.678185116230213492e-01,6.682204253479433476e-01,7.826991340489076743e-01,7.969831063833554552e-01,4.672777688975994770e-01,9.372120716068659263e-01,5.572078622477918408e-01,6.760108113236978911e-01,7.029331513368806128e-01,8.201230830080276091e-01,6.723830841202984576e-01,2.157953675837348539e-01,8.849593849423024183e-01,5.055660590345508743e-01,7.884792048705694389e-01,9.568556977629136817e-01,6.845010932219374178e-01,9.974145600203956352e-01,3.810257193171073808e-03,9.214046584632193948e-01,5.025137925946149275e-01,5.938204866650940161e-01,3.284940082174684362e-01,-1.994190782609063795e-01,6.608550346110912965e-01,8.581710539015364736e-01,7.993115414459814883e-01,4.663193209356455982e-01,7.104958723231880047e-01,4.148030097219578827e-01,4.347426073739176777e-01,7.153866208963273188e-01,8.329869928670268209e-01,4.100055686458848325e-01,8.988983944407080706e-01,9.414008848857160494e-01,5.796879505074437576e-03,7.531200214328206410e-01,5.027073721179459165e-01,4.116827167297780199e-01,5.984863546297488623e-01,6.610127603545429276e-01,7.530180512891195832e-01,9.247979345700885201e-01,6.403966807667050842e-01,7.993741715151514438e-01,9.181874149910216332e-01,8.021560436318312393e-01,7.492074690792330793e-01,8.084469867548447208e-01,6.698838080133820982e-01,6.163791112337451139e-01,7.352180193638296890e-01,1.739465416012284660e-01,8.650249676656753817e-01,2.092870268864039929e-01,8.429150990450092751e-01,9.808943634934533806e-01,9.100624060346975686e-01,9.440380691479350883e-01,9.031850881858374258e-01,8.053698742162574975e-01,5.852523480747759965e-01,8.270337686250881504e-01,9.628384967229337565e-01,2.002170260818831315e-01,2.486820045682075764e-01,9.366167496536201842e-01,2.200363192542021673e-01,7.772971195757796270e-01,6.630589756166194171e-01,2.156991930403491242e-01,8.553188323415894523e-02,9.082512245031192366e-01,8.184506095963344219e-01,9.944366062205405310e-01,6.610639431540360489e-01,7.977395817369360431e-01
7.839939953146395357e-01,5.756571949351642070e-01,6.353923751320875724e-01,0.000000000000000000e+00,4.809072019279259091e-01,7.469024104248500606e-01,5.525119589387907926e-01,7.748286130139229178e-01,5.764343519914998382e-01,5.237563462649912349e-01,6.364795412659182139e-01,7.593840488496088614e-01,6.396382719968038977e-01,4.959554573246994780e-01,8.222443529126429729e-01,5.564844496834269183e-01,8.166209150689806018e-01,6.277351028128568267e-01,9.935423077554685900e-01,6.829599663903190843e-01,6.970441053477788307e-01,7.785170931104956615e-01,7.055026036863678573e-01,9.615148904125967455e-01,4.517470480538467448e-01,8.093323319875240784e-01,7.048665029393972326e-01,5.577599235523864607e-01,7.620420085422324741e-01,3.188220291810614504e-01,5.242707680137300708e-01,6.086350232702367746e-01,8.478823489985101158e-01,6.497181672300726962e-01,7.416180181936877780e-01,4.760478603216680704e-01,7.801233792719159954e-01,7.359154464586545874e-01,4.467765737431976247e-01,6.873135054417642831e-01,4.159585746671127238e-01,2.795785423720769103e-01,9.593714326547624349e-01,6.754702418662057450e-01,5.373367389444976688e-02,5.513128788344401343e-01,9.775352968141921561e-01,6.567420318634659138e-01,1.491988636843692428e-01,8.735217247137546659e-01,7.946991598341960339e-01,4.647093654399870877e-01,6.871337692464629665e-01,4.027538698787909155e-01,8.358668384222677217e-01,5.637924839829526746e-01,7.924900403478627453e-01,6.731385781283514280e-01,4.251965679342339932e-01,4.652775324409337554e-02,7.773299009774916613e-01,9.447648606643632707e-01,6.686099360350171716e-01,5.816798205843932701e-01,5.318661332964956800e-01,7.038218838495918783e-01,8.692803829404824878e-01,8.496108284106247410e-01,5.213803890523607265e-01,6.711779500279818622e-01,9.805443732244860655e-01,7.018817000000621142e-01,5.770320636613250898e-01,6.648409132167589775e-01,4.500337853450016579e-01,4.485590442144900547e-01,7.395552960328202197e-01,3.139006899091825731e-01,2.285979345936249296e-01,2.730868340153426166e-01,2.510643001150273390e-01,6.941735297380718928e-01,5.568395531645917718e-01,2.886163727515762001e-01,4.140689323912077890e-01
6.078566215176427479e-01,3.064734327649400458e-01,8.588039328362898628e-01,4.809072019279259091e-01,0.000000000000000000e+00,9.552461118894849390e-01,4.569784362835634384e-01,6.210939598041274046e-01,5.120416917334559281e-01,6.838786840674828671e-01,8.028854689233503317e-01,6.903631783962785873e-01,6.471589461311255675e-01,6.489358879382058909e-01,4.841568708686816991e-01,-1.678906483087524992e-02,4.581831739016543059e-01,5.302919494009454837e-01,9.636894234161442752e-01,8.060073649585010047e-01,5.432325183418802439e-01,4.714388871654399127e-01,7.858747075127812121e-01,7.766737660922271580e-01,6.908821257672661531e-01,4.470445065168959786e-01,7.371863599329563366e-01,9.521094545272905663e-01,7.360813393308051067e-01,5.265303330109980529e-01,4.751357870953142881e-01,5.874379342004075744e-01,6.544012197781476914e-01,1.898479818880721703e-01,1.675240850726991346e-02,4.619341371082323899e-01,5.346957001732444148e-01,1.928750323164291625e-01,5.932049022896991319e-01,6.452936334629008064e-01,6.206260360071934601e-01,8.870826589246190164e-01,5.616582043477250652e-01,3.805044858532838359e-01,4.865296745325139449e-01,6.861917885544587259e-01,7.143069835296156356e-01,5.857243306839947650e-01,4.275604571050521940e-01,7.798440007219398229e-01,2.193333587304581722e-01,3.422053285106069209e-01,5.752543858974719093e-01,7.634301319166248989e-01,5.013082456810137311e-01,8.484625156570654303e-01,7.371117637558670665e-01,2.476219771700814976e-01,6.952871961954750768e-01,6.953968398672089046e-01,2.795143415349898852e-01,6.318482126995728088e-02,7.822263485790702520e-01,6.998282868166612047e-01,7.847052915947079210e-01,3.123485099264667331e-01,8.978308152070457737e-01,9.825300951684283746e-01,5.755046060491161297e-01,8.370774952598171170e-01,5.478567224226263965e-01,4.913028278146600036e-01,2.545027506414337948e-01,4.699102469575935359e-01,2.725807196109585884e-01,6.185306537736455779e-01,7.982348684632534219e-01,1.527532695901544779e-01,2.062112314635147423e-02,3.491603070610158621e-01,7.532003483050174752e-01,7.558275859379687267e-01,7.287689071969094545e-01,3.399574602345782348e-01,6.638986217950096913e-01
6.705912782231961966e-01,4.194128159788114707e-01,7.483707508973913569e-01,7.469024104248500606e-01,9.552461118894849390e-01,0.000000000000000000e+00,7.858413328071685022e-01,4.386422831433986480e-01,5.955580953962692492e-01,7.281942589969826463e-01,6.429320814637073944e-01,6.545774716266685722e-01,9.800564638858441091e-01,8.067405547882210426e-01,5.399410390088966727e-01,4.043756167722257766e-01,8.608543267747037486e-01,3.332616338294758229e-01,3.296367913256172399e-01,6.492864995947849049e-01,7.342058337945587265e-01,3.570401678943202484e-01,4.797153254073358020e-01,3.706644858630042672e-01,2.265769150335947002e-01,6.534036317302868158e-01,2.205940541455618242e-01,5.285907679121767400e-01,5.931916106919243870e-01,4.007935933628885006e-01,2.927318611356182210e-01,5.446957508220864885e-02,7.277733112329418663e-01,8.844217309216303446e-01,4.212855016234196004e-01,4.647470897954831051e-03,3.156914965738175649e-01,5.319703715958430390e-01,5.313474726797603465e-01,4.552357078520629652e-01,8.282860882382747994e-03,3.860813481858459406e-01,6.928841831405851970e-01,7.593911734414076076e-01,7.072286622250116839e-01,8.234423432071896753e-01,7.452420931001746407e-01,5.826931390814856782e-01,3.972943352019107088e-01,6.810135339377977326e-01,5.644295660585778585e-01,5.642175886343711033e-01,7.863139510660064335e-01,3.184578235372452215e-01,9.879715350399789209e-01,7.781449088071969999e-01,5.654112020288125651e-01,2.458565388526503803e-01,6.092217841244306209e-01,2.745148626308381301e-01,3.035510875916916373e-01,3.747650386334983041e-01,6.397717619938065869e-01,7.041594775981731003e-01,2.790121031594057222e-01,7.457800216822354500e-01,4.110296186039966715e-01,2.600337268235222710e-01,6.200627000118789089e-01,7.515688274064751262e-01,5.500819423865017654e-01,4.859587656871742767e-01,2.309315684347797160e-01,4.734310683971916234e-01,4.437001926053802392e-01,8.818742870825959645e-01,7.583257119798034740e-01,4.871920410671388146e-01,4.108478266354825270e-01,2.118499973694926153e-01,7.929554068471238448e-01,5.199212924123917112e-01,4.649124420548318981e-01,3.227375920244399815e-02,7.068445362409538912e-01
7.392041743997616043e-01,4.192461252955115847e-01,8.329449949908821482e-01,5.525119589387907926e-01,4.569784362835634384e-01,7.858413328071685022e-01,0.000000000000000000e+00,3.726362882828533341e-01,1.618018570669092770e-01,7.265408905906070025e-01,4.288627541492502360e-01,3.412807852509927020e-01,5.970734072230585721e-01,4.392404824313773104e-01,5.679425252743963703e-01,4.744241794242979315e-01,8.381939401374622900e-01,6.066257418625138342e-01,4.842486954516604380e-01,4.546748583846093594e-01,7.255266356437012343e-01,3.186062452068478823e-01,3.981292044023334586e-01,9.312491867841929949e-01,7.910941691925359454e-01,5.474184275507888442e-01,6.406052976325425918e-01,1.163633982876563638e-01,5.026658972285432680e-01,6.315248085589431071e-02,5.699872666839419511e-01,4.250197152928551492e-01,5.435800064752309702e-01,3.527191753305113364e-01,4.977363873432556485e-01,2.011698278491031722e-01,-3.299539450560931564e-01,7.770490389956552502e-01,6.058141071412997958e-01,6.532225831162178364e-01,4.036201431187330657e-01,7.604998385084603685e-01,7.575212998644667017e-01,6.242466787248268645e-01,6.642524380076577639e-01,4.010501302802097490e-01,4.533038430446105771e-01,4.497316708546358899e-01,6.493420700366886456e-01,1.276908440145711754e-01,9.472199420278071269e-01,3.420321435805186994e-01,4.505448141164254960e-01,7.951252670516480991e-01,7.736139759342176569e-01,2.018209890138867590e-01,5.194472320834916390e-01,4.655126801871440900e-01,6.012373194112247132e-01,5.201456420158607763e-01,3.970932651374871059e-01,6.931682165713873855e-01,4.770409924453501427e-01,6.738895821370471939e-01,7.982384482219067046e-01,4.811218285033218578e-01,4.080426386293670715e-01,9.653364414044648401e-01,4.877411153431213120e-01,5.813309579426940710e-01,3.886340318176467745e-01,2.612724941245890276e-01,4.217669012032484455e-01,3.906507843442955652e-01,4.943249993137016074e-01,6.559066410328294461e-02,3.586692988926091230e-01,4.619216269497724014e-01,5.766056134662749244e-01,5.954320375397255116e-01,7.626698283407269408e-01,2.837371141368222882e-01,4.098143509683486174e-01,2.362362718630244829e-01,3.702615012010297413e-01
9.012863543288170964e-01,6.310840661823792219e-01,9.678185116230213492e-01,7.748286130139229178e-01,6.210939598041274046e-01,4.386422831433986480e-01,3.726362882828533341e-01,0.000000000000000000e+00,3.889350130925657290e-01,4.715040966602607186e-01,1.860240772390744646e-01,4.964498334710797378e-01,6.643378041491989627e-01,6.189451124925848813e-01,5.015231159124141636e-01,2.252951606033308865e-02,2.591536456207856887e-01,8.758127251087016729e-01,7.758567357838548340e-01,1.105752977322770891e-01,7.103593807065472499e-01,4.919055075475021743e-01,7.385901641017506014e-01,9.309994488531507795e-01,4.491887232210496905e-01,4.315594113806136001e-01,4.680084159800947941e-01,3.372549443504365696e-01,3.905168742895219758e-01,2.723766556923327697e-01,3.691804527598570029e-01,4.638171600122497629e-01,4.103955719394912216e-01,7.662899965358463961e-01,5.230239887759484674e-01,5.398590917162015002e-01,2.014182330988631420e-01,1.795059772503050377e-01,7.468333674446712145e-01,7.299264498429525183e-01,3.548877015376947774e-01,3.653573820263102401e-01,5.718033316171309277e-01,3.913921213543408717e-01,6.397754519103571180e-02,4.805441499396259641e-01,2.290588443618336578e-01,5.421612993532411995e-01,5.178195221614803057e-01,5.656487818965612036e-01,2.177932787032823003e-01,7.945192286500004641e-01,3.177476497554244661e-01,7.563190825745268464e-01,7.325551254012179214e-01,3.721207698383394158e-01,6.169846802991735268e-01,5.947861250603589944e-01,7.805646510901927126e-02,6.354559644850217293e-01,1.363582029019191344e-01,7.298423008922723110e-01,3.385230429944953712e-01,1.741593767861360264e-03,7.719251332104274388e-01,7.822764327177093024e-01,-5.873136653157101650e-02,6.927803544259450996e-01,6.281810684737051398e-01,3.192755557596448357e-01,4.919265198764343761e-01,6.899276550375994521e-01,6.936541213220441537e-02,2.571238738741913332e-01,4.749116999515772264e-01,5.690483179681967707e-01,7.458550810288107069e-01,8.968508821242688889e-01,7.109184175076496137e-01,-7.336447633990486605e-02,5.710280869006950644e-01,6.554393551848843869e-01,8.112581674187990810e-01,4.980913328239264248e-01,1.780164831085260801e-01
4.427446542780097416e-01,3.839943362776034874e-01,6.682204253479433476e-01,5.764343519914998382e-01,5.120416917334559281e-01,5.955580953962692492e-01,1.618018570669092770e-01,3.889350130925657290e-01,0.000000000000000000e+00,4.271447524234396331e-01,5.489960882837976452e-01,6.745747394234090644e-01,5.803956170325809127e-01,8.921200532334515598e-01,4.330088758921251668e-01,5.199604537335875687e-01,9.277227207772613671e-01,6.379822814193368830e-01,8.650194877504661095e-01,6.448231371294753655e-01,-1.558661516837184791e-01,9.676230007775926678e-01,6.839409567939308543e-01,2.879300806618814712e-01,2.563460591133698285e-01,5.711208024177094611e-01,6.119495562529163601e-01,7.236703937908197659e-01,6.391537814694767672e-01,1.338057287680689822e-01,-5.825652705356079708e-02,5.304396596866357561e-01,2.150590509069609801e-01,6.470769486746380528e-01,2.017887703277767772e-02,-1.772891120499356377e-01,4.897368327565084778e-01,8.589863175579443011e-01,6.202415164061272357e-01,7.983356253804643199e-01,5.493638357228567415e-01,7.415069505887064150e-01,8.226006124150321286e-01,3.245806294181532436e-01,7.730269265713184401e-01,7.421569924741209245e-01,2.640236682520993305e-01,6.701596294154501532e-01,4.739224868917495392e-01,8.755800331113532398e-01,9.627824837862974938e-01,6.305628635550064587e-01,9.161100842531637589e-01,7.318837009767102941e-01,8.390117772839993382e-01,9.276018779045337448e-01,2.805961551869752824e-01,2.574831352545283170e-01,5.217542746423713407e-01,2.616834129815467924e-01,2.087907826203408146e-01,9.884459386272466119e-01,6.360540065301538704e-01,7.800824911167716369e-01,7.687704841589337867e-01,5.794913000329592334e-01,3.590206657234277232e-01,9.958894369906844402e-01,5.987997842445664798e-01,6.610362030549377099e-01,9.356284412092452651e-01,4.996808639419779152e-01,2.443045259290062832e-01,5.936188975006828628e-01,7.235393789197188674e-01,8.856228772974029662e-01,8.851797005959132214e-01,7.265246323787675209e-01,5.693983717714524717e-01,2.118377724603854317e-01,2.581793959256465376e-01,7.302356742194349160e-01,7.926927230880906894e-01,2.227686123259370876e-01,2.387268940366202019e-01
2.601721319885125783e-01,7.742195448571801419e-01,7.826991340489076743e-01,5.237563462649912349e-01,6.838786840674828671e-01,7.281942589969826463e-01,7.265408905906070025e-01,4.715040966602607186e-01,4.271447524234396331e-01,0.000000000000000000e+00,7.018272343510509881e-01,7.549390444047132664e-01,4.968781704863438065e-01,6.246689508239322564e-01,7.099573105097720660e-01,6.184580320247673457e-01,9.863946633605457093e-01,3.765227212272054258e-01,7.126871540311792153e-01,7.685933343166232445e-01,9.808567004825043956e-01,5.013072346953957314e-01,7.560175764440648649e-01,5.037627308482326427e-01,6.634763704455869382e-01,6.151695345592519404e-01,4.945949092128676394e-01,6.810686835705652697e-01,2.303561836473561053e-01,4.223838938748268879e-01,4.390281342321428193e-01,5.390003890499881489e-01,7.082454295940634470e-01,2.447478513016848045e-01,7.727892992877766210e-01,1.375771424475518423e-01,5.049999546296906477e-02,5.260856312754185193e-01,3.988837836598481124e-01,1.933330889018970711e-01,7.132264532791615652e-01,6.872177066719501459e-01,4.807851156227371803e-01,2.547995166155337388e-01,7.972882423937760477e-01,2.938277896101487152e-01,8.838123376139622733e-01,3.200655576081787856e-01,5.290458363929329000e-01,6.180759709094559851e-01,6.108151488724822276e-01,5.797431264483692281e-01,7.533285693802900251e-01,5.143896591792606054e-01,2.878229836099532313e-01,8.276153753786432699e-01,4.380372592430311629e-01,1.667719946220606597e-01,6.087615459662791828e-01,5.740127987287665379e-01,3.350352823610351360e-01,2.724978393058773984e-01,5.321489716157856709e-01,5.625092897618815257e-01,7.986971383040883943e-01,6.822036075151861612e-01,6.921000590704269317e-01,2.768944225718539820e-01,4.729966845354651173e-01,3.331192258218538260e-01,6.474469482597673409e-01,7.189705743876224631e-01,4.110147240803024848e-01,8.542642419602962389e-02,4.314971610030518545e-01,4.959446451801308720e-01,6.350410303035441961e-01,7.007893279989503565e-02,2.714390655504467231e-01,9.705246994204969058e-02,4.417040931883269850e-01,4.855841068616257306e-01,8.933148740515355346e-01,4.959408788297905435e-01,3.494605283399354612e-01
7.934458076461701204e-01,5.526433833263932893e-01,7.969831063833554552e-01,6.364795412659182139e-01,8.028854689233503317e-01,6.429320814637073944e-01,4.288627541492502360e-01,1.860240772390744646e-01,5.489960882837976452e-01,7.018272343510509881e-01,0.000000000000000000e+00,7.709178532830588404e-01,6.049113657523471632e-01,7.731752060716816644e-01,6.747263707894142204e-01,4.049314760015115117e-02,7.555867030538617746e-01,6.278467800423620515e-01,6.822760772633661430e-01,6.489959167480771063e-01,8.747685311477564341e-01,6.993034320446330776e-01,4.712969245051468747e-01,6.338453885993852177e-01,3.758314206014513048e-01,6.024427643016775358e-01,9.245994206811840588e-01,2.958752768450184645e-01,7.316058210800031603e-01,4.492024703258828411e-01,5.313781642043060582e-01,2.677259760300067515e-01,4.879221454896900401e-01,6.794314441272286675e-01,7.379530466348960260e-01,2.528195266120350504e-01,4.710681317908113064e-01,6.974841696594138440e-01,9.324995671882411186e-01,6.039088457475906280e-01,3.405245395237329609e-01,3.675993462345191753e-01,6.363669368175115526e-01,3.016950737768753221e-03,4.548449321193495654e-01,6.017192210119786111e-01,6.395280778672481903e-01,9.124830884054269120e-01,6.142961626995030455e-01,4.800885447758730940e-01,6.322981195655487108e-01,3.545131638002974039e-01,7.825198209699577578e-01,8.878603107632991875e-01,7.659929805810616887e-01,4.776536773425169025e-01,5.443185475833225428e-01,4.379063831069266999e-01,4.643990123661918545e-01,6.579436373758233980e-01,7.124961826935610754e-01,7.473165156621983662e-01,9.924079026235641532e-01,7.539010226034720263e-01,5.931960409682829338e-01,7.677749049994682107e-01,9.447943221752345133e-01,5.898192460981199758e-01,7.237439999464085894e-01,4.086239192627881267e-01,9.825376432082506550e-01,7.229510769583311625e-01,5.869632864084075585e-01,4.086928181849973085e-01,5.730701490898605366e-01,7.320170501255469642e-01,5.000427100258987290e-01,6.438953721971178989e-01,7.479015381141783658e-01,3.709442515678466612e-01,5.081963704796502723e-01,7.582203261324679255e-01,7.530693706558916345e-01,2.610878867503312328e-01,9.863261514013318410e-01
3.255310699462682367e-01,6.789282166035465194e-01,4.672777688975994770e-01,7.593840488496088614e-01,6.903631783962785873e-01,6.545774716266685722e-01,3.412807852509927020e-01,4.964498334710797378e-01,6.745747394234090644e-01,7.549390444047132664e-01,7.709178532830588404e-01,0.000000000000000000e+00,8.053445667686037757e-01,5.483648461299832633e-01,5.708392019703627529e-01,6.055522697749423644e-01,9.047186717318395077e-01,5.545454609846054428e-01,6.903997449215311111e-01,2.972895022794488917e-01,8.824239787088404841e-01,8.618418820605822095e-01,4.660480069924172186e-01,4.625266882903754651e-01,4.324478283668043432e-01,6.607809021843901176e-01,6.442320210563550198e-01,8.513656877559759861e-01,7.338237533964116210e-02,2.465999793598508960e-01,4.785456873716189552e-01,5.867769962893223390e-01,4.808573023208899122e-01,6.412413085263083401e-01,4.822144893693227075e-01,-8.739248972389121461e-02,4.358077270952878113e-01,5.495740123497654395e-01,6.690711566815246147e-01,6.896492549061039590e-01,6.963394405122184105e-01,7.468083258930672264e-01,4.207887350907570378e-01,5.762811925761289755e-01,4.962636606287945673e-01,8.973492160933569384e-01,4.199147363494801777e-01,5.046158461369212311e-01,5.725889474540065693e-01,5.198213590428673037e-01,3.128737360445347782e-01,3.154041632315798260e-01,5.183454079914331381e-01,2.910725588221722004e-01,7.417785062971721244e-01,6.837990602799675077e-01,9.168939052788183108e-01,8.670800932250321003e-01,9.078116906475739434e-01,7.146093832252251588e-01,1.479126096218592035e-01,5.026360053878718981e-01,5.090017635541844720e-01,8.931415536519434761e-01,9.993957381885092417e-01,7.758718553626513526e-01,6.364042158154805673e-01,3.865173490299573800e-01,6.142743036378019994e-01,5.292653476357077613e-01,7.874312194890922267e-01,6.951905040119007451e-01,5.203301689721964163e-01,-1.885711105948582877e-01,7.245077667252376452e-01,5.800174411938975316e-01,5.238827047872189890e-01,2.912845041548132174e-01,5.712677727462332072e-02,4.611325511063200239e-02,3.150226858798948482e-01,2.440507580906904894e-01,9.331009446341198554e-01,2.181392195360462860e-01,2.267196162983266261e-01
5.252936307506129721e-01,6.603101708576866180e-01,9.372120716068659263e-01,6.396382719968038977e-01,6.471589461311255675e-01,9.800564638858441091e-01,5.970734072230585721e-01,6.643378041491989627e-01,5.803956170325809127e-01,4.968781704863438065e-01,6.049113657523471632e-01,8.053445667686037757e-01,0.000000000000000000e+00,9.042501363875279363e-01,6.350688872185589195e-01,8.777265072682345348e-01,7.754961030930775934e-01,5.148887434918256734e-01,6.496724515422723778e-01,9.192297822308741484e-01,8.270827109038730862e-01,3.467630883877484416e-01,8.533849366881763876e-01,2.551535279260513378e-01,6.134712489546672032e-01,9.839597241061431854e-01,9.167185586043268275e-01,6.517173073552688933e-01,4.407654577357499326e-01,-3.032483488159215534e-02,5.725503162330725093e-01,5.868520468914146804e-01,6.651768671974045422e-01,6.788450328888433472e-01,6.277168584164745102e-01,5.077224441238784580e-01,3.419701712543143923e-01,6.121844914139947802e-01,7.779229070281499236e-01,7.560048278562282453e-01,4.795239013248138726e-01,4.509708187183763539e-01,5.511293534722410126e-01,9.844209209582549525e-01,5.603737359699728637e-01,6.209807342322526402e-01,5.675211201752348167e-01,4.697753242406786378e-01,5.787190821488590320e-01,6.981576865314773617e-01,7.138519821075647309e-01,9.664101608957791356e-01,7.280562371663741317e-01,7.664285863221756978e-01,7.070240054646224070e-01,6.955252344356226413e-01,2.370394972611699624e-01,3.441698271696742584e-01,9.384578824327067803e-01,4.790744962835732923e-01,4.043973405522665598e-01,4.974431422150971116e-01,6.028073464412599947e-01,6.346598580105340393e-01,5.599692144558975349e-01,8.806705686753174556e-01,6.582276613757994665e-01,9.424915878314581441e-01,2.807901945979163760e-01,4.064428962490449493e-01,5.970630010675379573e-01,4.559175707523993037e-01,4.228188569419386034e-01,3.658240312840239927e-02,4.366625405998200149e-01,7.565437452329183410e-01,8.378347431893171660e-01,4.820812808105354730e-01,6.593507765135164789e-02,3.258535179162078688e-01,9.928239642618768013e-01,6.299376928241549045e-01,6.037057552471732924e-01,3.912427109632926614e-01,7.380084207268231555e-01
5.071472967288132017e-01,4.700552004593010480e-01,5.572078622477918408e-01,4.959554573246994780e-01,6.489358879382058909e-01,8.067405547882210426e-01,4.392404824313773104e-01,6.189451124925848813e-01,8.921200532334515598e-01,6.246689508239322564e-01,7.731752060716816644e-01,5.483648461299832633e-01,9.042501363875279363e-01,0.000000000000000000e+00,9.604417419996669203e-01,7.861038798695467733e-01,6.614816840894510719e-01,8.082970039760259962e-01,7.222953773133202748e-01,2.492235505154954400e-01,6.085423261115117111e-01,9.344388114301070969e-01,5.832086314188307252e-01,5.949295324625902825e-01,7.511693456971149097e-01,4.589901617638892373e-01,6.099504290133451745e-01,4.364574629792440374e-01,3.243043614483442916e-01,6.383747801875729877e-01,2.102387428974404338e-01,7.549833693838443605e-01,2.886123226291676946e-01,8.928250054484813125e-01,7.635360340839159043e-01,5.352820967807672137e-01,3.729383424980561856e-01,6.799173374437093020e-01,6.147712880651673428e-01,3.308398502560538912e-01,7.135116327989299290e-02,6.010543419625740125e-01,7.145628552267756506e-01,3.724356623836873048e-01,8.068710073340590316e-01,9.949937945666413874e-01,5.825463984481903390e-01,5.593246840457224422e-01,6.883837385854343349e-01,9.958247967296715020e-01,4.371048431661766487e-01,2.722849642575695395e-01,1.284340587853112330e-02,7.082714249944510598e-01,7.941439167687279754e-01,7.720749367168631139e-01,6.398294338394053815e-01,8.124550032285612344e-01,7.674121659755921421e-01,4.339026971761241747e-01,2.628494645726247025e-01,7.702385404146366854e-01,6.528589760655630903e-01,5.763578036266090443e-01,6.744141342904714786e-01,8.487814690673567419e-01,6.808635930715991602e-01,6.496474725210065193e-01,7.604445716604508743e-01,7.574419125803230068e-01,8.563425338469052850e-01,8.231481818616994683e-01,3.911645158585320692e-01,-1.512756322634596362e-01,6.979269937761544140e-01,4.072611283680399596e-01,6.683065627203794712e-01,4.271973627233666138e-01,3.189092906993329368e-01,1.514014320706512651e-01,6.627345639820582113e-01,4.875272427597771574e-01,1.681517024129687565e-01,5.169328505931215512e-01,7.972228947815510613e-01
6.317972515895466934e-01,4.579868458320848768e-01,6.760108113236978911e-01,8.222443529126429729e-01,4.841568708686816991e-01,5.399410390088966727e-01,5.679425252743963703e-01,5.015231159124141636e-01,4.330088758921251668e-01,7.099573105097720660e-01,6.747263707894142204e-01,5.708392019703627529e-01,6.350688872185589195e-01,9.604417419996669203e-01,0.000000000000000000e+00,6.357928613981929100e-01,7.578033644148854941e-01,7.839037804876097804e-01,4.098462233377278552e-01,8.974353925421991729e-01,9.214262426837318554e-01,6.658885350695697980e-01,7.805592994704146914e-01,2.820516691129519860e-01,-1.098403622230837429e-01,3.887366249499999565e-02,7.228721799033033246e-01,4.018432286372479734e-01,-8.467874607852689250e-02,6.971838943204963224e-01,1.144067849525731984e-01,5.981767389173568983e-01,2.783013957549662076e-01,5.941426865460844864e-01,8.890818457766289651e-01,2.470382080051315710e-01,2.160181409142882536e-01,9.573923587545646319e-02,8.355248204667566903e-01,4.175068630616634580e-01,7.655766159683015104e-01,7.910387311316589010e-01,6.708688840228619332e-01,6.425441236212831031e-01,7.212098948255382114e-01,4.743298044183789086e-01,5.635164824153972019e-01,5.362966009766637621e-01,2.206730035410204294e-01,6.160608488049492681e-01,7.814368459439889891e-01,6.187446665992939465e-01,4.523908959621934511e-01,6.182536592230137851e-01,2.913676580711906938e-01,9.006562126203319085e-01,7.691194753983308097e-01,8.632585784306994192e-01,5.193489114748474078e-01,5.484020877443218644e-01,6.306044359776750152e-01,4.122891897720077914e-01,4.551631911480006898e-01,4.347071147579837369e-01,5.431431405649770339e-01,5.381552670078622036e-01,7.200787086855594543e-01,8.571565740569498937e-01,4.239132652587956351e-01,7.763925574877927893e-01,6.343815786135258428e-01,4.936965066886775388e-01,4.041886859469596693e-01,7.349577319403935438e-02,8.582916311394696018e-01,4.148116604995610857e-01,7.704603823271722884e-01,4.485891426850314723e-01,5.176075666922054230e-01,-5.097248955227065559e-02,3.579375441610140873e-01,4.437038187928130095e-01,4.363849769810762558e-01,5.541111603874306901e-01,3.757583851724765056e-01
7.523676307714117772e-01,7.642808627618755679e-01,7.029331513368806128e-01,5.564844496834269183e-01,-1.678906483087524992e-02,4.043756167722257766e-01,4.744241794242979315e-01,2.252951606033308865e-02,5.199604537335875687e-01,6.184580320247673457e-01,4.049314760015115117e-02,6.055522697749423644e-01,8.777265072682345348e-01,7.861038798695467733e-01,6.357928613981929100e-01,0.000000000000000000e+00,7.765052125592726284e-01,5.699747020747897297e-01,9.372202598319702149e-01,7.706727034912077556e-01,9.852380996706244787e-01,5.263250587250980495e-01,1.682449219396384976e-01,8.538507568618423083e-01,2.401381381411255844e-01,6.950958455761632182e-01,5.399599950824487404e-01,7.625472702089638455e-01,4.213807038765123858e-01,7.550662735961316541e-01,1.202458154394705492e-01,4.413018688910251286e-01,2.065181638934051045e-01,-3.770220203494560329e-01,7.570250955948125693e-01,8.528749184665379568e-02,3.203662881085982406e-01,6.895712132567961561e-01,4.371717253396861791e-01,7.112642753145405061e-01,5.329890433229425017e-01,2.621974993470236881e-01,9.341378319322232171e-01,-1.126637037915719508e-01,2.734516764491737861e-01,5.271071473784811889e-01,8.269790371472249824e-01,4.589211513318782742e-01,6.750415408828527308e-01,4.395852810586620141e-01,5.555441052221299358e-01,5.071491791945090810e-01,7.330789392467280674e-01,5.664397634826985328e-01,8.712612630682340376e-01,4.831136093366922291e-01,7.734449574080546341e-01,8.815929127783218577e-01,6.372257282057705030e-01,3.171894918763845661e-01,6.179283369982904173e-01,7.967696404487788486e-01,6.078365270000584131e-01,7.440304687014727136e-01,8.812260929081374705e-01,6.815987299845210901e-01,7.329583906548082783e-01,7.259325336767602499e-01,3.511394289515695766e-01,3.814017521075031003e-01,5.414387313339841246e-01,-1.941901844437458613e-01,4.394952203776689714e-01,3.742265590842845935e-01,5.835124990904690945e-01,2.063118698544661733e-01,4.722304051742174935e-01,5.507896062581897345e-01,7.379876826084348640e-02,1.884952784895207178e-01,9.676676084694140201e-01,4.500334092463484370e-01,7.654158235862619231e-01,8.741114265203575595e-02,4.895960254485262064e-01
9.278917834205162585e-01,5.876385980367330175e-01,8.201230830080276091e-01,8.166209150689806018e-01,4.581831739016543059e-01,8.608543267747037486e-01,8.381939401374622900e-01,2.591536456207856887e-01,9.277227207772613671e-01,9.863946633605457093e-01,7.555867030538617746e-01,9.047186717318395077e-01,7.754961030930775934e-01,6.614816840894510719e-01,7.578033644148854941e-01,7.765052125592726284e-01,0.000000000000000000e+00,7.146393428440047657e-01,9.038626257512173412e-01,5.184391487461613712e-01,8.132811872179076529e-01,7.534424673446182830e-01,2.574682778220386270e-01,7.865403229370373506e-01,5.433001806736855732e-01,6.891301014934575475e-01,6.330570115803765274e-01,7.397648037271259414e-01,2.539776156538260665e-02,7.228662150058284830e-01,3.454947857926309734e-02,6.082185043505512478e-01,6.174262174134350634e-01,4.522958246699664842e-01,7.452821510691357565e-01,2.776036957672139982e-01,6.508034168141341169e-01,4.264837898398737143e-02,2.359793131340177097e-01,9.560098459915955527e-01,4.674082084631558942e-01,1.265478073354695254e-01,8.891362281250320132e-01,8.809000223222352988e-01,8.095917584254336274e-01,9.956324661535271847e-01,8.892635150869107052e-01,4.170417817197892285e-01,6.852919803615112881e-01,3.853063032210903849e-01,9.261427210158835743e-01,9.312143503007013212e-01,5.238653999565336949e-01,8.776419987698506064e-01,7.249983513468915008e-01,5.268892186390012888e-01,8.884236103291393016e-01,8.956583241278844032e-02,7.430240653060471434e-01,3.984821652259400437e-01,5.013521745366591453e-01,6.297360324748180194e-01,5.503860700760946356e-01,4.846435240212432216e-01,6.327656136428956302e-01,8.700171814775911061e-01,8.639840600592340047e-01,8.771191670035940469e-01,6.519132418554691721e-01,6.134896169708475844e-01,9.228450608811269440e-01,8.676444517427635006e-01,-1.914359060874910590e-01,5.729255006001303663e-01,7.435320573779374831e-01,7.369942545388592503e-01,6.811138041578614910e-01,7.280213968304275474e-01,4.739889298759343839e-01,7.210227918739183783e-01,6.367994951711688500e-01,8.245832882410631948e-01,4.923955417989557826e-01,-1.232426355863868173e-01,1.336913741609924711e-01
7.580045680873686020e-01,9.757585022227556193e-01,6.723830841202984576e-01,6.277351028128568267e-01,5.302919494009454837e-01,3.332616338294758229e-01,6.066257418625138342e-01,8.758127251087016729e-01,6.379822814193368830e-01,3.765227212272054258e-01,6.278467800423620515e-01,5.545454609846054428e-01,5.148887434918256734e-01,8.082970039760259962e-01,7.839037804876097804e-01,5.699747020747897297e-01,7.146393428440047657e-01,0.000000000000000000e+00,8.965374583349767779e-01,9.417236540716957816e-01,7.779299767130333221e-01,7.472897115289369729e-01,9.285488674321881186e-01,5.201959042075182671e-01,4.849013156540191716e-01,2.994515008197988770e-01,7.704467721015945125e-01,3.337464334425583878e-01,2.447631732089054490e-01,4.912902351031783188e-01,5.454619800087532333e-01,6.687622464447122717e-01,6.467141483415522751e-01,9.593474389855076723e-01,7.850596861138336990e-01,7.947627547199543896e-01,3.634750622162108424e-01,6.861194029804612571e-01,4.206312984105752828e-01,9.722493067062161209e-01,4.040918946045129467e-01,4.921398880284583166e-01,7.329237040705639528e-01,4.583588472603244979e-01,7.520277383970336293e-01,6.383399116909548310e-01,6.902512118776680250e-01,6.883378992370609017e-01,3.177215468058374181e-01,5.872034902058318462e-01,7.386109769034154837e-01,7.990157012729927066e-01,6.837418548922838957e-01,3.357781812751396422e-01,9.505045410108539095e-01,6.169112475968621112e-01,7.417606491205921415e-01,7.051888487395353566e-01,4.744420006884075836e-01,8.513708792226144517e-01,5.847566656600304835e-01,9.006316138895517076e-01,6.637272111781022943e-01,9.416844202720180412e-01,6.893375011833154931e-01,8.472660970599986685e-01,5.249913966461204895e-01,6.015548278243187941e-01,1.053357301942955265e-01,5.049696251123266810e-01,8.237777884415110607e-01,6.785335228656682593e-01,6.206490116020100256e-01,3.496097436018903437e-01,8.336163737459830747e-01,7.731039481774553135e-01,8.030181042228345945e-01,4.370781870507992051e-01,7.430058611939268642e-01,1.694256069012887445e-01,4.249368453812559787e-01,8.519607726139344361e-01,3.173735400568128417e-01,5.600922888554066281e-01,4.641788797304787217e-01
