0.000000000000000000e+00,6.118113386332353354e-01,9.035999768815955457e-01,6.883279836567195442e-01,6.988335654512319861e-01,7.642869046675860867e-01,6.958844462777041828e-01,9.817205540177479373e-01,8.233965205283141353e-01,4.717351402803270366e-01,8.717602233095594899e-01,5.988931942687643062e-01,7.377097362464496433e-01,8.713141880532343508e-01,5.206483415441626184e-01,8.289353384133028024e-01,6.715093464922736732e-01,7.452231743710812095e-01,8.844219806542882312e-01,6.148742705259194752e-01,6.613308725828150880e-01,6.606636999072290628e-01,9.569147113715102959e-01,6.038780087543564878e-01,6.635513245976361052e-01,6.751577031864877676e-02,5.192365346834091344e-01,8.552999359013757630e-01,4.782860074782595006e-01,-1.731711593335062138e-01,6.964876212342756556e-01,4.868049624756740634e-01,9.214008158201929533e-01,9.331947899466023211e-01,7.098470535656505875e-01,4.594285662840463247e-01,2.649130277322542248e-01,6.330741456984148030e-01,4.676242551835466110e-02,9.679807728186545779e-01,4.311103217212766681e-01,4.313571818890826193e-01,4.168145457568697143e-01,5.316473849833813770e-01,5.529459166884476140e-01,7.134970207536693865e-01,6.023330155294046584e-01,4.329608340596925453e-01,6.074531847843911425e-01,4.777837552503508278e-01,6.766236787192780877e-01,6.868413135131268277e-01,8.920975433320033066e-01,6.475093365909340148e-01,4.199263172053134818e-01,6.138322348296595399e-01,4.467483708054635905e-01,9.713299641458216227e-01,6.283529217360637187e-01,6.320008010884434757e-01,6.864019090668097567e-01,8.134127669619366507e-01,2.882551561446419219e-01,7.430962806198629922e-01,6.716306887916922985e-01,6.021600710885861574e-01,9.036224724145832665e-01,9.366632257443956444e-01,4.156149858279256093e-01,7.307741299822841929e-01,8.652845581117096438e-03,7.316231947503895050e-01,1.808287918367734726e-03,4.883669215025875365e-01,7.095307053805106623e-01,8.230800990428827069e-01,5.577924686574496915e-01,8.111493025325977602e-01,1.122615277963208841e-01,4.304757719854290787e-02,1.805954492117837762e-01,9.961058870310199875e-01,8.778534447994023049e-01,5.666623974272873010e-01,3.531274212679413882e-01
6.118113386332353354e-01,0.000000000000000000e+00,6.703161675682133280e-01,5.731474280648479747e-01,5.212298321794094358e-01,9.787868300224406015e-01,6.525826161166525807e-01,3.121388270992969116e-01,8.071342653576033532e-01,3.983156043515240219e-01,6.773631860767944657e-01,6.023020145817972182e-01,9.437655774016714405e-01,6.501824821924709896e-01,9.196649806512199321e-01,1.479507361899387585e-01,6.744375342324888667e-01,8.653080989413166613e-01,5.583785494495452362e-01,7.302740700036025601e-01,6.578580777981708483e-01,1.471760046927122201e-01,5.427939088242029753e-01,8.689968606152824737e-01,4.996120445970558266e-01,5.128765138844332272e-01,4.222236585603453274e-01,5.821289079712739234e-01,-8.737698079384363659e-02,3.257047344499607866e-01,3.374773668257123882e-01,2.674239230275559098e-01,9.430311509226555478e-01,4.354614971503859566e-01,2.220943800246992228e-01,1.374161450788908834e-01,2.482501638406976463e-01,7.503556253732358572e-01,7.499397100711734376e-01,9.268183727058245669e-01,5.253728010295267703e-01,6.462071488013011455e-01,3.361845779103016518e-01,8.769719056697591331e-01,8.692337741934709205e-01,6.380781278818842273e-01,3.252992618774195321e-01,4.222611010481951976e-01,4.697482197312448648e-01,6.422655492360527241e-01,4.886362188966477671e-01,6.068890803157102054e-01,7.883699559182736349e-01,2.513818990367482353e-01,4.996386912562685856e-01,6.177173718814052972e-01,5.274154417240953796e-01,7.792847800589778329e-01,4.356985789098964945e-01,7.300811887227121044e-01,2.649186926290081900e-01,5.437634152204651183e-01,6.908010173603228443e-01,6.526274039551157591e-01,7.640405004606368733e-01,9.957347419031534752e-01,8.345413146371627455e-01,5.779920786764956020e-01,5.953897778223041781e-01,3.487940465880297602e-01,1.633682272279007308e-01,6.917749421701193668e-01,-1.690789899058333101e-01,5.288040166125724806e-01,6.913749799820801019e-03,9.243751662390339296e-01,9.403707858766258143e-01,3.693712826958402973e-01,1.701429075410898772e-01,4.773642592582973965e-01,3.052707885805622245e-01,8.206319246306781334e-01,6.496245021111521911e-01,3.388905031300674109e-01,8.102771599364229083e-01
9.035999768815955457e-01,6.703161675682133280e-01,0.000000000000000000e+00,6.884785456570431394e-01,1.431100586620865922e-01,4.940514139659889503e-01,4.437391838530921340e-01,7.022122489087255781e-01,9.860031462335031582e-01,6.674149765622984232e-01,6.284463591960867124e-01,8.879756554297670856e-01,8.688333802631129643e-01,9.189377074525716393e-01,8.957158259299176084e-01,6.761327389906124363e-01,6.075106136113918032e-01,4.169327261657130856e-01,8.500397730277690078e-01,8.596740457277035619e-01,5.835510875674886355e-01,9.970087734107276889e-01,6.671435500696482057e-01,9.524240754540224119e-01,4.359982174426637047e-01,9.309056752446474015e-01,6.195973010555090310e-01,6.320639822786661144e-01,3.677718230387754250e-01,1.455935285917629995e-01,2.972504098203481160e-01,6.798212515527392030e-01,8.945307957046966241e-01,4.440030206923046285e-01,8.111013917616419766e-01,4.980565323462232685e-01,2.282362026575380232e-01,7.969268929342956387e-01,8.221898213888675366e-01,5.614726074699152303e-01,3.543512319609469774e-01,4.090243739009108426e-01,7.638855131817718913e-01,8.447627349750217451e-01,8.173706676894123557e-01,8.337106666387797960e-01,4.699359070458640764e-01,7.535381903079690913e-01,8.058728225374580667e-01,6.492135940599199628e-01,7.051627930577307746e-01,9.419474373797243061e-01,4.092354396966264574e-01,8.704310076773491556e-01,5.183930347316623166e-01,8.575002125861324043e-01,6.303083803645764815e-01,4.744608450067225869e-01,8.003316283623655991e-01,5.200341011576314898e-01,4.176380912864922079e-01,6.623260095315048890e-01,5.732736155991603466e-01,4.335193118387898337e-01,6.347631807665644610e-01,7.672811269612693774e-01,6.609769134979919247e-01,5.361115318203830693e-01,8.801046501831245594e-01,7.593228273445324916e-01,8.529353805630492946e-01,5.229861010712804070e-01,4.606895611528575296e-01,2.636946749154087666e-01,9.737918590990444212e-01,9.713325027550374635e-01,8.236473588688224545e-01,6.308415317748398143e-01,2.471137871080116288e-01,2.880253330494246811e-01,3.411150845728735392e-01,9.643919498225490550e-01,9.169594591797801675e-01,5.627814180280377165e-01,4.386065665577474904e-01
6.883279836567195442e-01,5.731474280648479747e-01,6.884785456570431394e-01,0.000000000000000000e+00,8.056001303949187342e-01,8.231185167900050281e-01,1.906347484103042556e-01,4.128245413981813106e-01,9.635072224947601738e-01,4.112738984009939314e-01,9.408547793334769427e-01,4.330949278703906669e-01,6.125039679394504027e-02,8.702151921889449415e-01,6.589898855286600021e-01,9.982457091397791693e-01,4.196198427257778474e-01,4.257098947793470645e-01,7.599935400210069414e-01,7.272758254054503269e-01,9.822698347618442627e-01,2.061471883365621205e-01,2.424286504245238838e-01,5.397662051740617084e-01,5.750752013976259125e-01,3.088734292213063393e-01,3.339811206341891658e-01,5.727209421123193867e-01,3.632018456236197901e-01,3.582073635736117145e-01,3.883985016950715352e-02,4.642295391562510365e-01,5.447972673232959195e-01,5.113269824497950200e-01,6.436012216598691049e-01,4.435075365627709765e-01,3.346271952109606818e-01,6.926675153909774840e-01,9.463816865815720680e-01,4.677727366521600150e-01,7.552577001156955960e-01,7.567948055074948943e-01,9.274129389771056386e-01,6.084342863066449780e-01,8.702561405831906738e-01,6.232597775621854241e-01,6.865989785605234319e-01,7.910082750108561322e-01,3.472118722235125743e-01,6.103605527680878717e-01,6.137451786077050553e-01,8.884230143179908668e-01,7.345087656558401124e-01,3.678187965257435632e-01,5.735285642763647829e-01,8.769068405480591188e-01,9.803946764186367568e-01,5.186197266086418622e-01,9.032775637613823516e-01,3.886000382498857042e-01,2.009585206763425669e-01,8.022921754634476654e-01,7.419881822042505570e-01,4.597125444904734959e-01,4.544283650075714442e-01,6.896480998582933397e-01,7.485306123235584419e-01,5.914989796913311393e-01,1.388539296802288880e-01,8.011890150750271555e-01,9.656655441192889544e-01,6.742988714714094334e-01,2.275539626685301742e-01,4.600397710439707577e-02,2.063226360333708931e-01,6.822946950755705009e-01,6.247458148801434685e-01,5.445598565211459130e-01,3.403368646826445687e-01,2.199602800573203787e-01,5.450898134969828224e-01,7.719106741258358051e-01,6.164050243547273267e-01,4.199721872847910764e-01,5.380929531264433408e-01
6.988335654512319861e-01,5.212298321794094358e-01,1.431100586620865922e-01,8.056001303949187342e-01,0.000000000000000000e+00,9.197071030611879694e-01,5.823340240825025660e-01,4.521559720202557586e-01,9.060860451458627729e-01,1.488544449638371653e-02,7.837721603754689292e-01,9.813860020734056500e-01,5.855220285379931777e-01,4.872472141984378058e-01,7.170774868360688670e-01,6.028923111957195102e-01,9.905873104781224292e-01,7.185286760892926061e-01,6.654785239690523824e-01,7.437400462693724013e-01,9.220574138548099929e-01,5.227351218620150952e-01,6.943976325530871740e-01,4.553589516631557643e-01,3.830235446525744880e-01,9.028390402559984818e-01,8.428700647616430564e-01,2.905787017458568711e-01,3.310819055217361639e-01,5.420657823301547884e-01,4.909003895411300222e-01,2.035773280139302477e-01,8.291501819729105716e-01,9.729237051541956838e-01,7.065002404128114533e-01,4.089801914907366664e-01,7.302344822939983715e-02,7.843452876066454582e-01,3.724830189940586123e-01,8.283361531960327095e-01,5.808036755786560867e-01,6.922804315660725516e-01,6.676862100172513692e-01,3.326113547223474853e-01,8.424441596020765255e-01,5.293580348480255715e-01,5.097441982908340607e-01,7.508972752095328662e-01,3.682976600929704913e-01,6.709720737240612021e-01,5.491336914363583732e-01,2.688810074557257956e-01,4.682643141413081467e-01,2.652843816071928096e-01,4.102481696067045713e-01,2.248271563257726868e-01,6.431348168640201868e-01,4.396326463290518571e-01,5.498435502490587323e-01,4.008885897494379735e-01,7.156024014967308222e-01,6.904886712006751415e-01,2.332368799710148877e-01,3.690395998807431965e-01,7.232800585684909800e-01,3.145026358722690096e-01,5.312113687842057175e-01,7.528076080429415562e-01,2.974796321346138278e-02,6.343585938098559307e-01,8.744599899546283694e-01,6.332026116772018209e-01,3.170782967735478186e-01,3.039353574711048389e-01,2.957092169290345338e-02,7.993682613147050642e-01,7.199974582569945714e-01,6.721514029572746018e-01,4.980135533623148425e-01,8.703747910636885909e-02,6.088976023303112328e-02,7.505092981664412966e-01,8.275091340877016588e-01,4.480469595293826712e-01,9.048760229208839823e-01
7.642869046675860867e-01,9.787868300224406015e-01,4.940514139659889503e-01,8.231185167900050281e-01,9.197071030611879694e-01,0.000000000000000000e+00,5.782604178748929069e-01,2.841029318638414458e-01,7.548668614484986827e-01,4.934369626632059136e-01,5.890303822106088827e-01,7.666961731299022365e-01,7.680084712723239670e-01,4.532119564892806984e-01,9.125782948157284968e-01,9.277566218928499087e-01,4.427283783777191117e-01,6.190293187338455905e-01,4.972085417749290692e-01,1.955304664028188061e-02,9.795668374271226941e-01,5.891336219605103341e-01,3.008044405083134532e-01,9.686625564134889732e-01,6.089997300734157903e-01,4.217081028311477908e-01,4.506633199510238774e-01,4.465649151125974381e-01,4.051620410692077789e-01,7.049115418063520710e-01,-1.899990163243202856e-01,4.783524087050597950e-01,6.716634576388963440e-01,3.067205898393224883e-01,6.004423456713116058e-01,2.519970253129584226e-01,4.213145058319381908e-01,3.881048360237477901e-01,9.824652251836885064e-01,7.389516827622917283e-01,4.176225403139455228e-01,6.602166164432647921e-01,6.519860795369150086e-01,9.923597819471494663e-01,9.286649339952564031e-01,7.925791026514104054e-01,7.822045237971979592e-01,5.696337750057309801e-01,6.005347642277654163e-01,6.162222249952076236e-01,4.728623353954356512e-01,5.367986667792442601e-01,5.697532128918092464e-01,7.924041916239594752e-01,7.342692037981522757e-02,9.007800188239799555e-01,3.313086483544630534e-01,8.317548116994375462e-01,8.359834181696610411e-01,1.084477199042757772e-01,5.919147587778161856e-01,5.208815686084422580e-01,4.927124409219316159e-01,5.641502872708330507e-01,8.457875030795555249e-01,8.641809163419408302e-01,7.962180667775412557e-01,3.140294101852714181e-01,3.963556984806059225e-01,3.046385050579208942e-01,9.326730696700318290e-01,6.265458531689875876e-01,5.239344570193514850e-01,3.114396077494831494e-01,7.832252997961162144e-01,6.723696738395221750e-01,4.127732791775829968e-01,5.627160022883974655e-01,4.830080982706134174e-01,4.901299924589865853e-01,6.742278790008338074e-01,1.010116797815465983e-01,8.057942625788783175e-01,-7.311596360900912694e-02,2.618570414435801297e-01
6.958844462777041828e-01,6.525826161166525807e-01,4.437391838530921340e-01,1.906347484103042556e-01,5.823340240825025660e-01,5.782604178748929069e-01,0.000000000000000000e+00,7.176193134988194666e-01,5.865735817581685385e-01,6.200695687002996115e-01,7.551166845401510175e-01,6.506631577792686416e-01,2.174659947740092691e-01,9.024939916946056462e-01,3.151753181999570330e-01,3.959591715655246674e-02,7.534989833621619226e-01,3.806720506130572002e-01,3.790662269411055885e-01,4.473650030521004739e-01,7.093668045011560785e-01,6.538396689319241339e-01,4.377279534605378331e-01,7.680173252094245617e-01,2.025034798458848762e-01,5.203218967364300340e-01,4.664009039891701125e-01,3.073020213900494735e-01,1.453140255797329972e-01,6.210970887590923084e-01,6.432043575552057746e-01,3.214324479846436544e-01,6.730594291935846352e-01,5.573168133242465405e-01,7.155011148537734345e-01,7.462191040869610159e-01,2.561829623478798501e-01,2.991880675240702891e-01,6.950037910347387493e-01,1.157090170646689897e-01,2.086761079506949390e-01,4.582164379883584826e-01,6.945108743022674336e-01,6.971279452809363564e-01,4.642293988092961454e-01,6.965930211720807730e-01,5.042109163909603842e-01,6.976503646464312647e-01,2.246121849909773760e-01,8.383825065775665220e-01,3.296525531592934266e-01,4.527553072916798982e-01,7.682112411464416812e-01,6.616189074818406013e-01,8.141764744423934941e-02,6.309388379624331078e-01,4.592990526514944549e-01,6.198079427977435385e-01,8.480113914897522420e-01,5.196970020848772354e-01,5.414783883763440997e-01,5.392930162608285949e-01,7.436188225748285863e-01,6.439225974056164148e-01,8.104287244702400583e-01,5.604421194151176788e-01,4.136226295287936949e-01,8.039907275961389876e-01,5.628817057691914982e-01,2.654190609731450490e-01,6.809062123068543304e-01,6.352525408329626755e-01,7.329507431728319311e-01,3.959858119637005291e-01,6.269480550740197389e-01,3.393572006430798371e-01,1.617889640834208331e-01,4.949019530400806111e-01,7.366675210712143873e-02,1.084592048296533218e-01,4.225166575207670583e-01,3.126782150733877774e-01,5.216896676700721880e-01,5.720825105262523635e-01,7.912582163298382820e-01
9.817205540177479373e-01,3.121388270992969116e-01,7.022122489087255781e-01,4.128245413981813106e-01,4.521559720202557586e-01,2.841029318638414458e-01,7.176193134988194666e-01,0.000000000000000000e+00,4.745749170211672197e-01,5.911292731777691989e-01,4.520816260262696118e-01,7.126467299131821198e-01,9.931335191420319619e-01,9.057265262156561914e-01,8.895835228498697456e-01,3.086278598915996874e-01,6.763117435062461213e-01,4.771418637892768100e-01,2.090522988050553255e-01,7.541732472075975968e-01,9.689486387649673960e-01,4.547797741206590083e-01,5.861479724205015396e-01,8.563566224377960889e-01,6.259938753943486978e-01,3.527197971603188709e-01,7.738932206893934795e-01,8.955580894245851464e-01,5.824301870694450489e-01,2.291478216171978499e-01,6.814472424365199954e-01,2.482932449919294793e-01,6.422954380459190427e-01,3.333370193041296781e-01,9.852927508746952556e-01,5.221568960641173041e-01,5.509144061476177745e-01,4.724837967561446722e-03,9.712948857045806683e-01,6.520807675525208680e-01,3.076241789189121389e-01,7.360254322784652858e-01,9.155173548940684913e-01,5.444558012070677133e-01,6.540786285285191681e-01,2.371346987905147974e-01,2.857220398289783692e-01,4.784122357637289324e-01,7.459289790407782617e-01,4.979772278177220235e-01,8.208689027984430453e-01,8.771773453695685951e-01,2.265842169183558130e-01,5.131015884456883169e-01,3.230746820044260725e-01,6.136090976903896266e-01,7.406718250054801223e-01,7.249271165924613403e-01,4.786890266755987611e-01,5.035682635187505030e-01,2.000375309142174152e-01,7.450429999808221293e-01,7.459903154867109087e-01,8.010272477527160540e-01,2.120597821707040642e-01,8.501620492555580499e-01,7.496941591847878783e-01,6.272088997037938984e-01,4.877353495885747847e-01,8.659753151775361202e-01,5.893572142875789233e-01,1.022548352338973898e-01,3.935504278516765431e-01,5.509701746590687232e-01,4.097912919789372665e-01,5.752522529662219553e-01,5.096619776527437917e-01,4.529445885395751437e-01,4.167738805925162437e-01,5.686478546167834935e-02,4.692246294780112459e-01,2.784900395448918764e-01,4.926729944046765453e-01,4.790301405535187795e-01,1.249050686973414252e-02
8.233965205283141353e-01,8.071342653576033532e-01,9.860031462335031582e-01,9.635072224947601738e-01,9.060860451458627729e-01,7.548668614484986827e-01,5.865735817581685385e-01,4.745749170211672197e-01,0.000000000000000000e+00,3.840510296660494816e-01,3.061342568347175663e-01,-1.172353246201612992e-01,7.573322494099035129e-01,5.887739064419815760e-01,9.868734042406022144e-01,5.338507950742950037e-01,5.174503396681756628e-01,5.435661517198515646e-01,8.267419064012779817e-01,6.459269627819133053e-01,7.461101910896663636e-01,7.511123645408176452e-01,9.660461389151926426e-01,7.136799910312305872e-01,3.929663211556693597e-02,5.758668992964223188e-01,6.486995576113365747e-01,7.880010872212785955e-01,5.116219603878076061e-01,2.579230089732117981e-01,2.235242248704793766e-01,2.946435251161015900e-01,7.498823895091281111e-01,4.112487249784791965e-01,2.984760712942907679e-01,3.160171481565476337e-01,1.009080684567758290e-01,3.650748791216820166e-01,9.812580102261476700e-01,9.445656032819578218e-01,5.426549819229831151e-01,6.108958560916281089e-01,9.784248061039635402e-01,6.671992753377662400e-01,9.321891848420689186e-01,9.011774378230237303e-01,9.161997848746215867e-02,2.204278146298629670e-01,5.278976436277327267e-01,7.800392537083115085e-01,5.325147348609129416e-01,1.635643363564897312e-01,8.460474821946889490e-01,7.649760460124550576e-01,6.150550014581345204e-01,6.583213632221067702e-01,3.037280467875351220e-01,6.151789395592228704e-01,8.976304654488721502e-01,2.252524288916329387e-01,2.262303960491232613e-01,6.519701706079631398e-01,4.658614272459268846e-01,9.761077894847720593e-01,7.009406408884594208e-01,2.607463387207263894e-01,1.331092828540599571e-01,9.780631203534504436e-01,8.066297354913357087e-02,5.858916761078806212e-01,8.870465451639845123e-01,6.044475280886889568e-01,2.061345679015155474e-01,7.535073851453097937e-01,6.272045580353882155e-01,5.387204180403601939e-01,6.920885081992385057e-01,2.019462507863227854e-02,2.204473713952427583e-01,-3.434176693477986042e-02,6.913224879468620188e-01,7.578743369443465827e-01,7.303409029433226562e-01,7.370032012223211304e-02,5.552091600839956786e-01
4.717351402803270366e-01,3.983156043515240219e-01,6.674149765622984232e-01,4.112738984009939314e-01,1.488544449638371653e-02,4.934369626632059136e-01,6.200695687002996115e-01,5.911292731777691989e-01,3.840510296660494816e-01,0.000000000000000000e+00,8.366204140737352191e-01,6.907691382036834638e-01,7.338361385152432081e-01,7.290966670679324135e-01,5.067661053871460597e-01,5.190662691923350058e-01,4.643837764522191214e-01,7.000235929470187690e-01,4.573270257882163792e-01,1.704694113065722272e-01,7.797067891038579335e-01,4.422278428527727789e-01,6.459769366916462419e-01,6.417073972194627940e-01,6.067724345510697725e-01,4.966167983922070150e-01,8.340183664355795834e-01,6.299354353506844140e-01,2.813381207713206988e-01,3.592883610376618742e-01,3.187149864951245304e-01,4.606868411923579210e-01,4.753551595321371392e-01,5.430817729894690249e-01,4.019640307529894763e-01,2.792628703987680705e-01,7.605079675166964703e-01,7.950826367513186277e-01,9.354609442960526433e-01,4.585401205921329493e-01,3.016263417128403623e-01,4.160152715807668988e-01,8.401189618955438032e-01,1.345175554549063734e-01,5.186324491695035732e-01,9.370781289291342242e-01,7.074652051611829418e-01,7.937767095042134180e-01,3.055682225859145951e-01,5.392172621286779322e-01,1.920390948222746863e-01,5.813268735924406183e-01,4.407197736210930472e-01,7.004461587978790815e-01,6.721625003745543836e-01,5.739802671272367096e-01,5.301955051139769504e-01,5.902165966115500151e-01,4.905945894586280498e-01,3.098007296262311194e-01,5.175764091829794245e-01,5.394068450624130984e-01,7.633468647254527673e-01,6.286054971860063345e-01,9.103531661942535491e-01,4.108130586717982924e-01,7.861152871366675621e-01,5.829915601676138870e-01,6.400682709306600993e-01,7.592671965838532211e-01,7.695361114510055334e-01,7.728852500083761567e-01,5.419858035516621486e-01,5.877845889243766830e-01,5.405651591115581134e-01,5.502959295357070513e-01,7.999537593350444231e-01,9.688251313993355707e-01,9.410399587589504677e-02,8.319462537541273683e-02,8.112843322588983996e-01,9.584562677211450055e-01,8.041419282812468650e-01,2.804227669198738893e-01,9.886790049844813577e-01
8.717602233095594899e-01,6.773631860767944657e-01,6.284463591960867124e-01,9.408547793334769427e-01,7.837721603754689292e-01,5.890303822106088827e-01,7.551166845401510175e-01,4.520816260262696118e-01,3.061342568347175663e-01,8.366204140737352191e-01,0.000000000000000000e+00,8.912454563452932854e-01,3.868024552689693918e-01,7.378348485107021348e-01,9.623649884225062845e-01,6.442120267852271542e-01,8.292211139552595478e-01,4.069898980361842944e-01,7.567959091425457974e-01,9.833804762447824199e-01,2.427308578061905253e-01,7.317606853537886868e-01,4.018049281464944333e-01,8.827448003053265380e-01,5.297366137113882489e-01,6.186659839790313864e-01,6.225750880928732078e-01,3.502648426272181315e-01,8.990560348190191828e-03,2.260939367721340187e-01,-1.424438156812062872e-01,5.930746221334273205e-01,4.537564650861937721e-01,7.303536239808919861e-01,4.471929248371707133e-01,2.162409476468406810e-01,2.258304240751635994e-01,6.772350724322895310e-01,4.586029154051850520e-01,9.758141527946437854e-01,3.776961234281348556e-01,2.151928564086655893e-01,4.523590121718997215e-01,9.660817930197416192e-01,6.219930456755748960e-01,8.917645232842026370e-01,4.036832012010488913e-01,7.629263379298483194e-01,2.686413918580958793e-01,6.720094392305534514e-01,1.390302630350583601e-01,5.175285279651592463e-01,7.538521278118541780e-01,6.196858418478276009e-01,7.606059427900777603e-01,5.484875954193142444e-01,5.152219582561977651e-01,5.941520423963919662e-01,4.403863234747190658e-01,-1.546709118921875126e-01,6.393548255540327796e-01,6.481920743046800659e-01,2.101565472050955230e-01,5.694409158680406868e-01,7.834691925541826807e-01,5.698722290840231297e-01,2.372818003511581175e-01,9.011476542764653708e-01,6.891785349286264628e-01,4.493124260757029309e-01,4.618136775220166301e-01,6.019610785469029501e-01,4.037131523018529511e-01,3.960123312119454703e-02,2.442328368049922482e-01,9.139239158059745405e-01,6.774498097204315616e-01,4.383257969952569777e-01,5.412326153402065021e-01,2.218559393331460405e-01,6.304388645945006031e-01,1.442822881422978487e-01,7.577508437935912555e-01,3.335708474521702493e-01,5.886085249050030388e-01
5.988931942687643062e-01,6.023020145817972182e-01,8.879756554297670856e-01,4.330949278703906669e-01,9.813860020734056500e-01,7.666961731299022365e-01,6.506631577792686416e-01,7.126467299131821198e-01,-1.172353246201612992e-01,6.907691382036834638e-01,8.912454563452932854e-01,0.000000000000000000e+00,6.777068854438421663e-01,2.462029428673968012e-01,4.829459572315555338e-01,7.895647538357751793e-01,4.136983086906260154e-01,9.954542689116763210e-01,1.472409657748686707e-01,4.540582163208967681e-01,1.585241728288721008e-01,9.033409820259145073e-01,3.053694324014656347e-01,9.241782583595830047e-01,3.593708038309669783e-01,4.699815924457265148e-01,8.940878631378836872e-01,3.817169922496218004e-01,2.820337264914939412e-01,6.168328370933253701e-01,4.178650014735867391e-01,5.699631893239983649e-01,7.288710584669726433e-01,7.601856671521922681e-01,3.114555771796398975e-01,3.708916557390818936e-01,4.619316499445302870e-01,5.778738163396366367e-01,8.877499070621978072e-01,7.639046534154259049e-01,3.674981808135588945e-01,5.718228464854971937e-01,6.909725644579268744e-01,8.928258655284075918e-01,2.047138015821408363e-01,4.068674666658482764e-01,9.126769814564448247e-01,7.019780547758867062e-01,4.758211747823474780e-01,5.467508120674277050e-01,4.083582203478874351e-01,7.985654305815661491e-01,9.518604906654191122e-01,2.898780395179305636e-01,8.687171746302688735e-01,2.005028980794516524e-01,6.508058827809622970e-01,8.515637036582758279e-01,6.461147885026281568e-01,3.506179025690234763e-01,6.061250849205502833e-01,7.042969525926449093e-01,5.581394887794183246e-01,5.516315402079996488e-01,5.560695161365949435e-01,2.074771203751858417e-01,6.405715536958354051e-01,9.166741907949385038e-01,1.546497138770617230e-01,7.182709230543566914e-01,7.849966579555005541e-01,7.909346588067602823e-01,-1.627904309117794990e-01,2.751007173335053291e-01,5.127783177604799958e-01,5.645067089373697611e-01,6.345419136871256471e-01,5.836195145438933807e-01,7.698385471389931345e-01,2.146787905934761931e-01,9.421300797850740150e-01,9.030901861066108482e-01,6.174791500351393125e-01,4.554497669643634561e-01,6.252096448518159599e-01
7.377097362464496433e-01,9.437655774016714405e-01,8.688333802631129643e-01,6.125039679394504027e-02,5.855220285379931777e-01,7.680084712723239670e-01,2.174659947740092691e-01,9.931335191420319619e-01,7.573322494099035129e-01,7.338361385152432081e-01,3.868024552689693918e-01,6.777068854438421663e-01,0.000000000000000000e+00,9.507417156215569598e-01,8.313314643120439662e-01,9.686974631507134781e-01,3.457453908089914707e-01,8.650351516905565585e-01,5.647577826555006952e-01,6.692000790010834699e-01,6.546853792709965703e-01,6.700599712465643565e-01,4.159854814285321445e-01,8.993306399418893315e-01,-5.745270600631072200e-02,7.400099628712633049e-01,7.465520770218425639e-01,4.828232880621003975e-01,4.561187377475545701e-01,-1.820573572506505311e-01,1.328371507064265433e-01,8.620492828357582127e-01,9.792711031552503442e-01,4.510928106172117924e-01,4.637514990924712643e-01,1.708619359732039544e-01,4.365929880071227065e-01,7.571328949224184202e-01,7.939296540414033654e-01,5.221675186977935423e-01,7.887454140608843867e-01,9.987554670095771803e-01,9.476723292260491593e-01,5.909285067582819018e-01,8.322332258351103906e-01,6.793041106381026983e-01,9.024662722970691053e-01,5.882465350344372457e-01,7.471907181841236367e-01,7.305080349327344180e-01,8.643800478622494232e-01,7.228655161365451498e-01,4.510651723802847068e-01,5.229148597732171666e-01,7.201954285135981904e-01,9.263470112636321696e-01,6.783632868816485972e-01,7.998206366155735658e-01,6.206216046709208678e-01,3.620966938148122427e-01,-1.787753056178501554e-01,8.512046362286631584e-01,7.027526445063505545e-01,6.819461560620871943e-01,8.991144484619804089e-01,6.879849381409062214e-01,7.526291879565637499e-01,1.161516779997991133e-01,7.379837515722696972e-01,8.651381733274781105e-01,2.272496462841398779e-01,9.861124029278570124e-02,-1.553158559882035772e-01,6.814855807261488430e-01,6.665730723214904341e-01,5.830093884192273368e-01,6.677466160345839619e-01,6.640770129330086924e-01,2.441617979358080004e-01,3.979535498294918261e-01,6.171347861358733589e-01,7.567967971621606393e-01,9.330402194301181673e-01,8.458653776657776291e-02,7.291343693956486849e-01
8.713141880532343508e-01,6.501824821924709896e-01,9.189377074525716393e-01,8.702151921889449415e-01,4.872472141984378058e-01,4.532119564892806984e-01,9.024939916946056462e-01,9.057265262156561914e-01,5.887739064419815760e-01,7.290966670679324135e-01,7.378348485107021348e-01,2.462029428673968012e-01,9.507417156215569598e-01,0.000000000000000000e+00,9.729779768136030960e-01,8.975899201458829024e-01,8.460044297376918543e-01,9.341931982778994836e-01,5.929780718513986137e-01,7.822612413641778506e-01,8.191783072625318241e-01,2.145932838983624635e-01,7.269281591251541830e-01,6.825012130569878543e-01,2.729368840694493814e-01,4.265580184360138194e-01,8.478668541799553315e-01,8.016580691739414455e-01,3.470315042990874954e-02,3.232387980614859213e-01,5.885104482090718347e-01,4.493257536194932289e-01,7.139669895022643376e-01,6.375234721456789488e-01,6.151452499530640772e-01,6.146250381650303352e-01,3.946966189552052473e-01,9.374921513278847707e-01,9.993411158967809849e-01,7.505377787522817812e-01,4.450546726170231393e-01,4.693810707490994050e-01,5.693870720664102603e-01,2.268437920402608943e-01,7.593165470053219179e-01,9.382255220286153108e-01,6.111517905330250411e-01,9.636793047978108318e-01,8.007156897914258220e-01,9.202783645002233781e-01,6.265018041003497240e-01,5.552564893494407183e-01,7.479646780107924720e-01,9.475742509880287212e-01,6.557478324063024111e-01,7.266127618311465364e-01,3.222455868445958105e-01,7.769786225473545027e-01,5.101972008373896195e-01,7.127959221365391951e-01,5.475327389338775497e-01,9.657081458132579233e-01,7.409762474523287068e-01,9.121470824170623271e-01,8.124698824795992813e-01,4.599931515988640585e-01,7.663455996068617715e-01,6.328840719963386707e-01,6.279637782328040263e-01,7.392613131012611971e-01,6.416570704853308271e-01,9.533611039812699417e-01,2.178488543859259940e-01,3.114296042181713964e-01,9.772621258903176900e-01,9.688706427461502013e-01,7.544819324692993989e-01,9.099620417485365653e-02,5.951163705269514326e-01,6.997686891743791771e-01,2.384223393381415812e-01,8.111907852423697607e-01,4.102817129474427560e-01,5.762522840853346109e-03,6.133625891782094053e-01
5.206483415441626184e-01,9.196649806512199321e-01,8.957158259299176084e-01,6.589898855286600021e-01,7.170774868360688670e-01,9.125782948157284968e-01,3.151753181999570330e-01,8.895835228498697456e-01,9.868734042406022144e-01,5.067661053871460597e-01,9.623649884225062845e-01,4.829459572315555338e-01,8.313314643120439662e-01,9.729779768136030960e-01,0.000000000000000000e+00,7.371423918044088808e-01,5.649219140261638739e-01,4.529550186651114529e-01,3.649568790443593613e-01,5.211006273661127342e-01,8.664984504462620585e-01,7.857918048447776194e-01,7.618391283461388719e-01,7.319248760512875318e-01,6.921952582968010637e-01,5.619459866803112602e-01,5.509811789858142239e-01,6.635687896051503110e-01,5.358649839120989133e-01,7.548179665050296361e-01,3.692525300302045288e-01,4.979309371941431639e-01,7.239914165298038107e-01,6.083972514561643008e-01,8.821604565819874955e-01,4.391044360715253836e-01,1.190086760008973593e-01,9.512974804726811451e-01,6.193896472090903993e-01,5.779504552933272254e-01,1.977413748677816774e-01,6.988295973768895442e-01,6.844353426924172368e-01,2.925747843495543621e-01,8.090686014368492218e-01,5.110499550390880108e-01,5.859211131443036180e-01,2.452418094333621013e-01,3.963077630963715015e-01,5.928212929352856264e-01,4.554900803476239490e-01,5.446913486244038261e-01,7.407598403476058913e-01,6.623731898457650979e-01,3.478393653974692912e-01,5.260889979795960736e-01,6.387866240309428845e-01,7.483987802917533294e-01,6.463847285358317318e-01,7.901514714438857556e-01,6.984210497983042165e-01,1.992618679032858720e-01,5.144658279548406377e-01,9.295049623962505780e-01,6.931416431651638010e-01,3.479431196729363407e-01,4.524380486036085336e-01,8.938423823082317643e-01,1.865743166867466288e-02,8.428672651120399095e-01,9.887286922285252189e-01,9.752093381941537853e-01,7.321783945236570723e-01,4.739011636329834576e-01,6.410678474321108711e-01,7.854265435877040291e-01,3.597018182731305247e-01,7.904383457855113093e-01,3.085915885783485080e-01,5.133807152053777856e-02,2.511043923879549555e-01,7.850879475810165209e-01,2.633650215563936373e-02,2.566710143266047184e-01,4.922119346385551708e-01
8.289353384133028024e-01,1.479507361899387585e-01,6.761327389906124363e-01,9.982457091397791693e-01,6.028923111957195102e-01,9.277566218928499087e-01,3.959591715655246674e-02,3.086278598915996874e-01,5.338507950742950037e-01,5.190662691923350058e-01,6.442120267852271542e-01,7.895647538357751793e-01,9.686974631507134781e-01,8.975899201458829024e-01,7.371423918044088808e-01,0.000000000000000000e+00,7.064767764178605525e-01,5.078053308282883815e-01,5.689023375350910072e-01,1.806334127368917630e-01,9.975955623929098071e-01,6.810533712555892905e-01,6.115719385072088121e-01,9.341206423615920906e-01,7.935176782519930416e-01,7.069960776295468596e-01,7.409933892934572608e-01,8.628005823767412874e-01,2.781080944750755068e-01,2.988921296095184421e-01,3.073702924627464417e-01,2.163481264073655042e-01,1.982727715870811758e-01,5.049876273345440536e-01,7.946605374354789308e-01,1.066162301536713736e-01,2.404221558325319585e-01,4.786234524952003300e-01,7.334688453227389271e-01,8.830907120657911502e-01,7.117377040271807287e-01,5.471681531050709424e-04,7.561715050737718435e-01,8.614891805586158968e-01,5.911424591551753815e-01,5.326002652864700870e-01,-5.109983088016753494e-02,2.026919485839265289e-01,5.756185417936425797e-01,4.829185624909951846e-01,3.425856725532006042e-01,6.479148418405356047e-01,6.021073844057317492e-01,6.213914584864290713e-01,3.799672665866898891e-01,4.890313421120605075e-01,1.197302072210324475e-01,4.372649985899120795e-01,8.882313805348124314e-01,1.163725644598606890e-01,7.721617924299891689e-01,3.957701947286936250e-01,3.930225011272289182e-01,8.899287011968273209e-01,9.903199381537259871e-01,8.909799094212149662e-01,4.063937544317663964e-01,8.665554673431209443e-01,5.976653743508228978e-01,7.124830481185989717e-01,5.429730741476497258e-01,1.270669744855538186e-01,7.787936092367506724e-01,2.505056671195594054e-01,7.213396780987694212e-01,5.785893752145936375e-01,4.447659713494315215e-01,6.355239133686869657e-01,7.220507650050514981e-01,2.631408190417762194e-01,5.383584950169514327e-01,9.135452703922786188e-01,4.719563321758601382e-01,6.024553129679558472e-01,3.698120602818987246e-01
6.715093464922736732e-01,6.744375342324888667e-01,6.075106136113918032e-01,4.196198427257778474e-01,9.905873104781224292e-01,4.427283783777191117e-01,7.534989833621619226e-01,6.763117435062461213e-01,5.174503396681756628e-01,4.643837764522191214e-01,8.292211139552595478e-01,4.136983086906260154e-01,3.457453908089914707e-01,8.460044297376918543e-01,5.649219140261638739e-01,7.064767764178605525e-01,0.000000000000000000e+00,-9.095561368568291782e-02,8.656717249492242860e-01,6.503924881074173436e-01,6.128240976327635758e-01,5.747980220994526324e-01,7.155743369290132883e-01,2.527864630670071389e-01,5.328077856130661871e-01,4.104049111687070872e-01,-1.834483190666197361e-01,7.612763589012447873e-01,5.985926123503235718e-01,6.955609318239314165e-01,1.120269921524190762e-02,4.567441526908156205e-03,3.691311674740234139e-01,6.550388130903563866e-01,8.807547979112634318e-02,2.409081727116390015e-01,5.057513472831327572e-01,6.736828946132142892e-01,9.287853760006768988e-01,3.278776958714559875e-01,8.943241214140165152e-01,5.861704627664890976e-01,8.911707444159511216e-01,9.636289209076063234e-01,9.954627314589591380e-01,1.710298324358056898e-01,9.796192434038024643e-01,2.411232554464337041e-01,6.622579103367500775e-01,6.079185453008828510e-01,6.893003058541687933e-01,7.456383393773969859e-01,7.994003954016165592e-01,8.714397340432730177e-01,4.917248641345239313e-01,6.287709166798073346e-01,5.547484123953300150e-01,7.376810044197726901e-01,8.096829027530979550e-01,6.344497513410036760e-01,3.048347133721182600e-01,4.909768404079229986e-01,9.558565927821668362e-01,7.480495597636771521e-01,7.204246676294384644e-01,6.757753489197604324e-01,7.481383768575892157e-01,9.690726823836719461e-01,4.763525128851381907e-01,4.788542703227054442e-01,4.002004309876044386e-01,4.865730543871537583e-01,5.538402060773996993e-01,-1.099475913257474957e-02,3.350106940572772363e-01,6.153027387767043832e-01,9.720056469238426144e-01,6.701668353157894664e-01,6.609692433632909925e-01,5.149848336537939941e-01,8.337309801504816376e-01,5.024872703776553928e-01,8.565441025855631274e-01,6.873537799028348605e-01,6.629398577030113371e-01
7.452231743710812095e-01,8.653080989413166613e-01,4.169327261657130856e-01,4.257098947793470645e-01,7.185286760892926061e-01,6.190293187338455905e-01,3.806720506130572002e-01,4.771418637892768100e-01,5.435661517198515646e-01,7.000235929470187690e-01,4.069898980361842944e-01,9.954542689116763210e-01,8.650351516905565585e-01,9.341931982778994836e-01,4.529550186651114529e-01,5.078053308282883815e-01,-9.095561368568291782e-02,0.000000000000000000e+00,6.908328883727699564e-03,7.366342750176736454e-01,5.874881556386284398e-01,6.637732399678518691e-01,7.334314905671123208e-01,7.683342934156646153e-01,5.286156217188947570e-01,5.399088901819663056e-01,9.637011363804831587e-01,4.687795872992007173e-01,3.500515531713462858e-01,2.769035701752811662e-01,2.793017855292365681e-01,3.992599082701521751e-01,5.728998422503290833e-01,6.031912103606646980e-01,5.645535541665229751e-01,6.082700349657016448e-01,-3.620894416393307669e-01,6.942371487462171142e-01,8.875426789513300996e-01,8.054563034925150689e-01,-4.046357788499155284e-02,3.962821032087362472e-01,7.627116040945998154e-01,7.932817999228483075e-01,7.725007297177750587e-01,4.928727220256258756e-01,7.385170680101901253e-01,9.730099626260685364e-01,4.335601480808785047e-01,5.848585469151394989e-01,6.821724341563594196e-01,7.975295995091105095e-01,5.346349434937147649e-01,5.915800323054761778e-01,4.155480753374025116e-01,7.881466647637850320e-01,5.142647180538809648e-01,8.085676712891658457e-01,7.095777516873679192e-01,4.279642994920425103e-01,6.092934085838301872e-01,5.363285784753850649e-01,6.273845217374188765e-01,7.821461335573514084e-01,4.550829735219569794e-01,9.889333996094598067e-01,2.460096085515920961e-01,7.365885012170583224e-01,4.196146868478336511e-01,4.316675472543723968e-01,7.447809703325347641e-01,1.198691735845870410e-01,6.243499245611023873e-01,5.954529367416225849e-01,6.351021819771911492e-01,4.156311799716827515e-01,6.031597539922499696e-01,5.459200125119580971e-01,5.046512341354513209e-01,5.252525132385958972e-01,7.725609384901205301e-01,6.795236039220107216e-01,3.877807047987397171e-01,5.024318970885600644e-01,5.343294626571706285e-01
