0.000000000000000000e+00,8.513709246608633929e-01,7.604911532988956058e-01,6.044494998381482187e-01,6.767256443239743069e-01,6.613800612869926709e-01,1.306153043673199399e-01,5.324501273891482089e-01,9.740683835166437099e-01,8.381485768576774076e-01,6.061459798669526222e-01,2.566474782714589509e-02,9.511695331139686793e-01,5.520666717355915409e-01,1.678607608496697212e-01,9.239975536689186697e-01,3.864113522917733134e-01,6.795396490987088978e-01,9.611674594405629213e-01,4.696616206042842911e-01,8.276508005398930390e-01,6.760148593965982222e-01,9.530603354416210538e-01,4.104761064127728232e-01,6.094544795341608756e-01,5.622419884962135406e-01,9.226477379488084996e-01,5.283614071819494606e-01,5.286100931887397492e-01,2.916388531738648426e-01,4.719739419822190363e-01,6.020179651826511602e-01,6.205244324724370486e-01,6.276462590135623021e-01,4.482734796257621390e-01,5.990957113964646696e-01,5.748596997159882704e-01,2.998932632056141578e-01,5.794569120460797418e-01,8.623005469877701445e-01,6.379411454508541190e-01,6.839050360678277096e-01,9.094619271888227940e-01,6.345578098531976519e-01,5.958797256738144199e-01,4.447510047025147739e-01,6.456847350507419758e-01,8.051651197278090200e-01,6.497152880316910961e-01,6.950066867992606978e-01,8.133348568246376864e-01,3.561157368385514665e-01,2.447070547027541398e-01,7.191622935663308791e-01,6.640380850328293505e-01,8.574639661322194240e-01,8.049091963542618355e-01,2.035558841542075004e-01,5.423933410852388448e-01,7.064491944804079937e-01,3.373349470759129387e-01,4.939128822900617499e-01,8.801674300073194512e-01,5.934941790647165760e-01,3.180378946014476571e-01,2.766961057745822572e-01,8.501681632391114851e-01,4.053358739012268286e-01,7.701763809307371478e-01,7.256584100475372834e-01,7.634162609761920848e-01,8.983216281014547722e-01,5.266890714345644486e-01,3.466753364035600748e-01,7.841990488090918587e-01,9.490379013378147377e-01,6.476998319214539723e-01,9.497164713817508597e-01,6.649987484016164352e-01,4.804799813065466219e-02,7.004526769991575863e-01,9.927761998700772583e-01,4.676844588072683884e-01,7.856080407792419562e-01,9.875914138705570444e-01
8.513709246608633929e-01,0.000000000000000000e+00,6.481143268205673547e-01,5.258547792761782969e-01,3.821699041329754687e-01,5.534257562381873496e-01,4.529850315198337696e-01,1.578640871635185461e-01,4.716290329272453952e-01,7.026127864976587922e-01,5.992871603154794613e-01,1.422743951239981985e-01,6.821013410238681018e-01,5.217936020505905548e-01,1.007891736373960415e-02,1.232137262948713313e-01,8.501848935833794529e-01,3.495732906441468280e-01,1.458892160804393656e-01,3.505874817932091991e-01,9.490752746827063602e-01,5.220153927623039092e-02,2.673980258208930039e-01,7.718036988725586189e-01,3.056517000076257040e-01,7.095679073186916819e-01,7.141789994010205866e-01,4.140111868820786634e-01,3.114328864176619804e-01,2.399051771472713868e-01,2.763881887599617948e-01,8.794536740566912814e-01,4.063681838811677993e-01,6.848334127261090920e-01,4.967170578057343300e-01,4.308842583456830577e-01,1.689010567044167410e-01,3.402295838647408921e-01,6.858851549366690170e-01,6.712409371041757611e-01,2.116814104018595044e-01,5.506274934491570683e-01,9.861311317803731491e-01,6.898767189258042665e-01,6.787480798206745325e-01,4.479769495422099568e-01,9.574817470224394889e-01,4.040990244428261935e-01,6.988533530410019345e-01,7.735607581211126349e-02,7.758589128160578996e-01,1.420863478598406726e-01,4.801331070488120134e-01,7.027290394287958319e-01,6.172427008464379528e-01,6.250632344151153541e-01,4.098438655500468153e-01,9.140701794846592954e-01,8.530051393289592720e-01,-2.501727063771588266e-01,7.960982032017628329e-01,5.365078310548788698e-01,6.125246049580845842e-01,1.576870519504213475e-01,2.344894447385045821e-01,9.691207060428007614e-01,8.326751744093440211e-01,3.737589305941444451e-01,5.095106711487169537e-01,5.107761001713669868e-01,8.888392088932994817e-01,8.149461482975434157e-01,3.917980269896697010e-01,5.169563487698811688e-01,3.475684723639249074e-01,7.265510979547858961e-01,2.293216866485950356e-01,6.832247494508909558e-01,9.613526180194094384e-02,5.439577739006171697e-01,4.847617404012932729e-01,4.469819320679012109e-01,2.929394676306321665e-01,7.589349093830050075e-01,6.485319574096148898e-01
7.604911532988956058e-01,6.481143268205673547e-01,0.000000000000000000e+00,8.731362638587630842e-01,1.231924738264051911e-01,4.937432856055039010e-01,5.256002017404639570e-01,8.802681051515824917e-01,6.447040517064537291e-01,8.045054587817324077e-01,6.958084805204872714e-01,7.557059957880690737e-01,3.825121718223922773e-01,3.022842439555530891e-01,9.229827445749296810e-01,6.779681905296068845e-01,8.297650216310772375e-01,6.669105375579226225e-01,6.940249594461143090e-01,4.944227559045650811e-01,7.062116633372149677e-01,4.099267584773607087e-01,9.994828170699989744e-01,9.512880357878165105e-01,5.716860686855649298e-01,5.869020262908204444e-01,9.756621486420046230e-01,5.495430622448189695e-01,4.733147553834111121e-01,4.752920532173877111e-01,4.575593040404918876e-01,6.619649542568425415e-01,8.031257629140040599e-01,7.658402490600981771e-01,7.781158522838689251e-01,3.710965632472099651e-01,5.441280389738909484e-01,7.573941376543361637e-01,7.073467526535053285e-01,7.871486177017635866e-01,4.499508910536101913e-01,8.999733278756940624e-01,2.990499887173127536e-01,8.647072739663601570e-01,8.898612898169616647e-01,7.275636685852694407e-01,7.155417054262529497e-01,7.674256254797890975e-01,8.293992637986297156e-01,2.967585623900732550e-01,8.727295051256409586e-01,6.923926796817270191e-01,7.740327899126605571e-01,2.878751445608122017e-01,8.410195519675590647e-01,9.548783409235993558e-01,9.596528876367765859e-01,2.876688276693346591e-01,9.633545147057652747e-01,5.718033277487895305e-02,1.026756065480814162e-01,9.420903814339396387e-01,5.899213133621472593e-01,7.535833081921429200e-01,6.118271944498795412e-01,7.177789626569534009e-01,4.996518664723293979e-01,7.883296810050816061e-01,6.627357564566779269e-01,8.767369981124271128e-01,8.763884501245660097e-01,9.840956203316048034e-01,4.455100485767243823e-01,3.611305698728547453e-01,4.549796001352320873e-01,5.348579955599495062e-01,9.731895098157251622e-01,8.557205513798056273e-01,2.240552946517575805e-01,1.400111165042716987e-01,9.458796736841119657e-01,6.149358698209230756e-01,7.510087990725997642e-01,6.365453186860312584e-01,9.031932651080907259e-01
6.044494998381482187e-01,5.258547792761782969e-01,8.731362638587630842e-01,0.000000000000000000e+00,4.798342689846963882e-01,7.901257721347986207e-01,6.041802421535636958e-01,4.013049825210580068e-01,7.081274687666557766e-01,6.006239230111019012e-01,9.794712542176224890e-01,6.057509518230750345e-01,6.598520118839157345e-01,6.217367306244692138e-01,9.313085300389931653e-01,8.543957906544846770e-01,4.212263404083100848e-01,9.353303578628046067e-01,6.055333793992410119e-01,6.861853060193280340e-01,6.240321195068152527e-01,6.474224311185997616e-01,8.769544006753522414e-01,8.593923624923820448e-01,1.624462909258598264e-01,6.781318907476846514e-01,7.673701990478849488e-01,5.466621184895738006e-01,6.416181985676814303e-01,4.409402252707837477e-01,3.589509598240311350e-01,5.869227031627122226e-01,6.214639836301976139e-01,8.162687401519597152e-01,6.399890289596988913e-01,1.317883792871321069e-01,3.006698546491420876e-01,6.359556242363059164e-01,6.958246480577944260e-01,3.578122440166734419e-01,4.054126480354053319e-01,6.135638274209052057e-01,8.241023598177310561e-01,6.612485432897702298e-01,5.329429839777964917e-01,4.915287357009082148e-01,8.060710874873446841e-01,7.255462975039479456e-01,3.320386180792352926e-01,6.686880607333431925e-01,4.756908341430486353e-01,8.192456527579046188e-01,6.357555878266006877e-01,5.537006273388715982e-01,8.997492180004172946e-01,4.516721151076482643e-01,9.402262146222143402e-01,7.778621672525418695e-01,7.729140809897742104e-01,3.762905134683189878e-01,5.349819806399858102e-02,9.682729097002177321e-01,7.123614089881693534e-01,4.617508064443993643e-01,4.915691464439810865e-01,9.221274351086038434e-01,4.481414735820972717e-01,9.963478694470195851e-01,3.345971337230654319e-01,9.920524546567299762e-01,7.677043628117584673e-01,8.512297538954856080e-01,6.985621672159201268e-01,4.707865174316270274e-01,4.202498092729787249e-01,6.363731944308550492e-01,5.308192749084469364e-01,6.489953557529918315e-01,1.472410215554185720e-01,-1.973482770341251913e-01,2.991613707909044351e-01,6.096938725538312287e-01,7.451283864441835547e-01,-3.756676366229469433e-02,4.986081453952995179e-01
6.767256443239743069e-01,3.821699041329754687e-01,1.231924738264051911e-01,4.798342689846963882e-01,0.000000000000000000e+00,7.014074060126912480e-01,9.363666508746322226e-01,5.420928952871174600e-01,6.065575489110565099e-01,7.116719850227860578e-01,2.757567888289674807e-01,9.945266437638561330e-01,6.412801765146856070e-01,6.999696584509894626e-01,9.290733112515580094e-01,7.408115185118668844e-01,6.184049038876155979e-01,8.620275355775440795e-01,7.564450524348292904e-01,6.080647482224704747e-01,8.552547306452481513e-01,7.702858505606156037e-01,4.368060480437158111e-01,5.089953003833060929e-01,5.198089556684402091e-01,4.474581796852640236e-01,9.010520692448736879e-01,6.209954408789561953e-01,4.722879708200320437e-01,7.304683048809748058e-01,5.515239809444181240e-01,6.428198469868234843e-01,8.503307526085881474e-01,7.085627789042565627e-01,4.900967992578895149e-01,4.044795501530445980e-01,5.597794737057264491e-01,6.918281228745780664e-01,8.101759594795242547e-01,9.279029400546990880e-01,5.886764863600475461e-01,6.998121654693667537e-01,8.568937877165770933e-01,6.634950132690858871e-01,9.657092801079375510e-01,3.573973588042247407e-01,7.603175326253592825e-01,4.487854245896116256e-01,7.486116335128131238e-01,6.590627755223501527e-01,7.330973204577392321e-01,6.335591496702523973e-01,4.501061327258120692e-01,8.196632684153928317e-01,7.538407428159140666e-01,6.599443389476257193e-01,7.542905449108600058e-02,5.138913208549156231e-01,9.523632493502631746e-01,1.475856158550326036e-02,5.337685387003199278e-01,2.842881051246471391e-01,7.307552758857596142e-01,7.385313481435126226e-01,8.734523663150570716e-01,4.050403683839591262e-01,6.456907664033489924e-01,8.766107000228531287e-01,6.356024241414302001e-01,7.453244142599383393e-01,5.000281510589099643e-01,6.486524045961995499e-01,3.945896696497213085e-01,2.168202358947655117e-01,2.232716423945483863e-01,2.805903458183929555e-02,9.589893469914227975e-01,1.641493131433956476e-01,1.110345032212925881e-01,2.734053379661700589e-01,7.072626153876599986e-01,7.011751228285422188e-01,3.769097254024302845e-01,3.427961254174394234e-01,3.543643697932667980e-01
6.613800612869926709e-01,5.534257562381873496e-01,4.937432856055039010e-01,7.901257721347986207e-01,7.014074060126912480e-01,0.000000000000000000e+00,4.349398040950402944e-01,2.074435493643150830e-01,6.759036532708515566e-01,5.507032611900866126e-01,1.606120975344016710e-01,4.423564768406063052e-01,-7.868357819208901538e-02,4.646521854283905961e-01,6.305402195500757756e-01,5.565044052427817745e-01,4.593416136800407834e-01,7.192117211856198233e-01,3.887534808957679999e-01,7.086395032870684840e-01,4.920696798046597098e-01,4.086807069766492662e-01,8.548368815179423486e-01,5.845283218805802372e-01,1.033268877629693466e-01,9.603996665045505532e-01,9.249811037627225785e-01,9.436337182780185628e-01,7.836540119141197636e-01,1.954830843492387504e-01,2.208305181829338104e-01,5.973129044807246046e-02,6.843351830401924740e-01,6.105591622278843111e-01,4.310795025060377705e-01,2.907656915647403029e-01,5.782737142833352939e-01,2.210061275568675765e-01,8.666077389942439257e-01,7.634664155743986491e-01,2.970456977415710798e-01,4.308147359466039661e-01,8.332746530625713133e-01,7.035193177710957757e-01,9.902119777665252531e-01,7.766304768040102058e-01,4.935476714117894570e-01,4.642724760471461098e-01,5.055676364366694653e-01,2.373141745398530122e-01,7.236670597790489934e-01,8.523884987590376605e-01,8.853889084614287031e-01,3.127208179088677431e-01,5.868598997550166230e-01,5.149699353430925441e-01,8.518260014562191174e-01,5.314131419837098136e-01,7.247323128205427345e-01,2.863270727469459098e-01,2.991540164759335374e-01,1.644595469100089136e-01,7.166309232352259251e-01,8.852930410967382313e-01,8.099528181464771270e-01,9.398372236843876015e-01,3.329836619477392068e-01,8.651266263557824132e-01,2.412220528292544075e-01,4.444223881713686430e-01,8.099007833643278031e-01,2.833707449355660213e-01,-5.611000639590871253e-02,7.851651324567527901e-01,7.065688840466772813e-01,9.226859696688337609e-01,7.269066098455043701e-01,5.219489566571748895e-01,1.847961451433331459e-01,3.188757699119707523e-01,1.604119323567163580e-01,4.948130653080669017e-01,7.389721037253480507e-01,4.493027504129596950e-01,4.262418178003199443e-01
1.306153043673199399e-01,4.529850315198337696e-01,5.256002017404639570e-01,6.041802421535636958e-01,9.363666508746322226e-01,4.349398040950402944e-01,0.000000000000000000e+00,4.787775020769993173e-01,5.062781112776263415e-01,7.487512467072390265e-01,5.312745750772807085e-01,4.924178135794461397e-01,8.881863663700363398e-01,1.230654006476657181e-01,5.249594134904179699e-01,8.061210235786698819e-01,7.849443483987479375e-01,2.440525941898087081e-01,7.271120491029601229e-01,8.139178414668665207e-01,9.523568658102842255e-01,2.040768208685253271e-01,7.765266272594983921e-01,5.027527028059729508e-01,3.385064945672262571e-01,5.353890425205316550e-01,4.828298462690711612e-01,5.332627767171642663e-01,5.853289796787011223e-01,3.254470790042415240e-01,-1.493672852960206410e-01,3.149682798840898745e-01,8.384725162120963970e-01,5.900933569593724837e-01,7.214442581091760065e-01,5.141620407188367547e-01,5.028960997464211324e-01,4.625211722101380540e-01,9.797768219431066683e-01,2.000177855668460458e-01,4.584825913519866569e-01,3.206237395173220928e-01,6.493249541943526548e-01,3.694932176489356124e-01,7.617739995031762579e-01,6.898235134016383885e-01,5.364457923529560857e-01,6.333608044924856628e-01,1.447960545015661293e-01,6.226935888784675965e-01,2.351580147122982190e-01,5.933756453951516407e-01,4.452323974971637566e-01,3.595048373166885858e-01,7.508944737504763545e-01,7.378190905941049982e-01,3.761109475202717434e-01,3.360536985637263552e-02,7.199577723742548452e-01,1.570152283842574659e-01,5.766218689344539960e-01,3.235246250421146552e-01,6.541750393490853438e-03,8.233556501084235979e-01,8.227081948049791427e-01,6.924973206761622091e-01,7.118089988681076674e-01,8.653156291967717406e-02,4.614570707100372204e-01,5.950386700539223028e-01,3.621395876661038793e-01,6.165437642731662615e-01,7.468302278628874413e-01,-6.312038284085955131e-02,3.898506513462790535e-01,3.932547490715322946e-01,1.519799256112060737e-01,3.470732394317843639e-01,4.990654908154881775e-01,1.547680372815014860e-01,3.934705569918027224e-01,8.841506804199634750e-01,1.871856182593896120e-02,3.814864892340305014e-01,2.429493908081515052e-01
5.324501273891482089e-01,1.578640871635185461e-01,8.802681051515824917e-01,4.013049825210580068e-01,5.420928952871174600e-01,2.074435493643150830e-01,4.787775020769993173e-01,0.000000000000000000e+00,6.455259780616307008e-01,4.824020879901522174e-01,7.624742599037450663e-01,7.028782773674070450e-01,7.544094147309170495e-01,8.294105512062602825e-01,6.423515141244616755e-01,5.787977512636600652e-01,4.184409605972438939e-01,5.305786985483580409e-01,2.119485808981641795e-01,8.768211458682293458e-01,4.705619103738201692e-01,5.854644390011669586e-01,2.859652889759071170e-01,6.053676377760121019e-01,4.873253331413944789e-01,7.391861761468744296e-01,6.977840110638334759e-01,2.634447662745988961e-01,7.707171087690987132e-01,5.777061714793884084e-01,6.831662373352327400e-01,4.955421711926621398e-01,6.664214722951444791e-02,1.544892771258598585e-01,8.989812242446182378e-02,3.169850888453480953e-01,9.633088058532604525e-02,4.034797847747363386e-01,8.547035479711352357e-01,5.904082169209221576e-01,4.001956866201081819e-01,6.447963304226108638e-01,7.044539240457742268e-01,5.512337271323930477e-01,5.316045484452579517e-01,6.632204137894889273e-01,6.677607902039534027e-01,5.596669403692168254e-01,4.663598200357162438e-01,3.046790519843465272e-01,1.796604074278098928e-01,7.875595437283553490e-01,7.210486644488806052e-01,6.901504035355252586e-01,9.347571787217469064e-01,3.805186285170132632e-02,6.478436125718406435e-01,3.102256807526988514e-01,7.475058542436610054e-01,2.944894493335486474e-01,5.603886587644588690e-01,4.268856843261371603e-01,5.064283087113785609e-01,3.479522083119612839e-03,5.559727908529150664e-01,4.523841268611532018e-01,4.644722195233409456e-01,9.184396971763590933e-01,1.801111037828724212e-02,5.654507434820780221e-01,6.868341291529469483e-01,6.319578984434712776e-01,4.562809035966669535e-01,2.672795639451965855e-01,7.082112644164951787e-01,6.153103248357805199e-01,4.871330825395080999e-01,7.062987060085292867e-01,3.327810487139249984e-01,3.146043091941663896e-05,5.558558167594325194e-01,9.436180615919865788e-01,9.248306954919004452e-01,3.673350341627663607e-01,4.816892338907923232e-01
9.740683835166437099e-01,4.716290329272453952e-01,6.447040517064537291e-01,7.081274687666557766e-01,6.065575489110565099e-01,6.759036532708515566e-01,5.062781112776263415e-01,6.455259780616307008e-01,0.000000000000000000e+00,7.435990787811315172e-01,4.760210910862118228e-01,2.998223760785440062e-01,5.877284513140743627e-01,8.947024418756599484e-01,6.573545371308240348e-01,5.087749707646546105e-01,8.133019434025484662e-01,4.124101807151219767e-01,6.634467495035126783e-01,7.178783449083544488e-01,6.211323228119243200e-01,4.233522604647550480e-01,2.160372206008833451e-01,7.419956765137780685e-01,7.498219795620614248e-01,2.271774255231608364e-01,7.253260835172151699e-01,4.346535810120917553e-02,1.781130606344769052e-01,-3.127599453870832935e-01,2.674083690471663055e-01,4.831784688524399241e-01,2.083453028739035706e-01,2.574321397184961557e-01,8.708565989402082819e-01,-1.470676745909448024e-01,5.984165471600946251e-01,5.506153553713218907e-01,5.165579309144265885e-01,8.501935887122626934e-01,7.364462332831680502e-01,5.619540963542205558e-01,9.787651886651210775e-01,7.632524461883712918e-01,9.153483555660892890e-01,4.742738836625092214e-01,4.488061956071053293e-01,4.673796664996579531e-01,6.864329290051039978e-01,5.252196029581034376e-01,6.893815298430766569e-01,4.622302804980873425e-01,5.621230753815678050e-01,7.913168678544149071e-01,6.286060427911033255e-01,5.437085434757578106e-01,8.929818072728054057e-01,6.980182855542209630e-01,4.793482864297011758e-01,3.709997917917876031e-01,5.217990059230320776e-01,9.390597173334754855e-01,6.530846359103613663e-01,8.062181618390569515e-02,5.191039761379087070e-01,2.619296508123980516e-01,3.470560836310029318e-01,9.655335762791701359e-01,3.793324582098162034e-01,4.069154422513715508e-01,5.455854665869591669e-01,7.769795292002223963e-01,4.330402315077053199e-01,2.835456616663787344e-01,2.270870503523449713e-01,4.230032498748153569e-01,6.583246341707724714e-01,8.070090304305775897e-01,7.676089822568015197e-01,1.853621321548935830e-01,-4.900065227886965524e-02,4.881384848314930802e-01,2.901373796819322615e-01,6.478965564529713950e-01,2.307194907202419487e-01
8.381485768576774076e-01,7.026127864976587922e-01,8.045054587817324077e-01,6.006239230111019012e-01,7.116719850227860578e-01,5.507032611900866126e-01,7.487512467072390265e-01,4.824020879901522174e-01,7.435990787811315172e-01,0.000000000000000000e+00,3.866591704291535980e-01,6.129288100720765575e-01,4.578180753600437081e-01,4.072257088438582806e-02,6.253717371071074727e-01,2.631557592219714303e-01,9.469507490098323377e-01,4.086420747445074220e-01,4.528716111988396187e-01,6.094441129682044433e-01,4.613730532261339223e-01,2.216688250511545111e-01,8.888933633376101540e-01,8.844973849686208478e-01,2.924541192380470944e-01,9.896533995513421278e-01,2.469993204308224277e-01,9.258280897794795017e-01,4.615270469183577751e-01,1.818337680688056901e-01,4.810717850606003460e-02,9.302554917100651632e-01,9.395383903331304687e-01,6.718369494765135119e-01,7.447127219082370075e-01,5.593281835688802550e-01,3.141284475219929817e-01,6.837570847522294049e-01,9.360511009692489282e-01,7.491543821538745318e-01,7.560176741353999974e-01,2.849559466300851662e-01,6.748066402347833170e-01,6.582024679492075592e-01,9.523839045298273520e-01,4.229496273818821872e-01,7.102563021900620832e-01,7.910040319166790068e-01,4.055282972211290415e-01,3.714746874072475391e-01,2.981499466216655514e-01,6.146017280135627203e-01,4.375971778542179780e-01,6.573819578716761924e-01,6.074825374486568785e-01,7.632174471335241295e-01,4.705055329738455638e-01,1.765708714401139634e-01,8.471341669703278399e-01,2.239865643163853337e-01,5.174809328914919959e-01,9.426701511946918854e-01,6.914253570491613043e-01,9.658539303777303742e-01,6.125985865653674756e-01,4.464977783623297891e-01,5.652238607913748769e-01,4.636675654745185948e-01,6.771148673753529801e-01,8.346150221825018312e-01,9.118432927156971957e-01,9.407074759704640021e-01,6.489920236168971179e-01,7.446492450819649500e-01,2.189467776036077562e-01,6.056472547318305644e-01,9.557319144577763881e-01,9.941312426033639682e-02,9.420965473861309114e-02,3.521495494018997974e-01,7.535790899342089677e-01,7.119202535274645749e-01,7.887048582728249935e-01,5.720917381292703885e-01,7.871022020237355976e-01
6.061459798669526222e-01,5.992871603154794613e-01,6.958084805204872714e-01,9.794712542176224890e-01,2.757567888289674807e-01,1.606120975344016710e-01,5.312745750772807085e-01,7.624742599037450663e-01,4.760210910862118228e-01,3.866591704291535980e-01,0.000000000000000000e+00,2.640802233226658413e-01,6.729111710849928762e-01,6.308071603821536755e-01,6.822950719904850025e-01,5.030912050334455099e-01,4.431085147784299960e-01,6.541459847555223250e-01,6.986171834032753880e-01,7.736806241684329732e-01,8.335730777969796446e-01,7.299168667394525523e-01,4.936391644054304306e-01,7.182498562374205475e-01,4.094539097948729500e-01,6.837757765685469336e-01,6.095839318910749594e-01,4.547193129646104892e-01,1.827570551226064544e-01,1.787307924957415306e-02,2.803656681244307558e-01,4.988592636591413498e-01,2.395079842730133690e-01,9.421471028782245627e-01,7.414135525924443471e-01,4.360025981473886203e-01,1.618689643174387183e-01,6.707871979973343279e-01,6.858362048346839934e-01,4.716192452242740640e-01,3.091863658028318196e-01,5.377441213271499931e-01,2.750942414455207485e-01,9.383582794950469097e-01,9.373285175885264220e-01,6.578094254992529200e-01,4.539153958806030897e-01,8.943487631457782694e-01,4.514978797803720356e-01,5.045626247237415818e-01,6.802716981835555954e-01,5.253676791847916583e-01,9.679907366894426879e-01,7.634038481431433265e-01,6.032458245404316299e-01,2.461430320701661068e-01,7.202587446768010659e-01,4.312955739157775525e-01,7.272906131544895070e-01,5.169852202185328816e-01,4.270379003326869594e-01,4.488795799911469708e-01,3.534739290197490558e-01,7.158438896200205459e-01,5.581343360801857001e-01,6.357083490448770524e-01,7.280394766329087997e-01,5.560326908030215343e-01,4.509912801857628994e-01,8.261983987240347771e-01,5.897519601129610489e-01,7.324485045527224791e-01,3.641352629768737081e-01,3.154502313373899192e-01,4.448044494903605206e-01,6.134109651870449653e-01,9.646231692748649111e-01,3.546655726827906419e-01,5.171899618611729421e-01,1.613815465765541246e-01,3.535785416354360056e-01,8.924416111650322891e-01,5.580055130141780007e-01,3.760374837093616307e-01,6.453792481906357459e-01
2.566474782714589509e-02,1.422743951239981985e-01,7.557059957880690737e-01,6.057509518230750345e-01,9.945266437638561330e-01,4.423564768406063052e-01,4.924178135794461397e-01,7.028782773674070450e-01,2.998223760785440062e-01,6.129288100720765575e-01,2.640802233226658413e-01,0.000000000000000000e+00,4.958492615432193440e-01,8.584636782572645508e-01,9.216410559932614044e-01,5.190323406953775143e-01,8.146818642436001179e-01,5.307774760705262773e-01,5.935649093243073882e-01,6.491538435057351286e-01,6.372962108767528111e-01,7.359470871017329552e-01,7.772570162501659663e-01,7.786235387989653978e-01,5.518842040491507284e-01,5.397910428033686481e-01,8.169957768773533635e-01,7.382746106248561091e-01,4.471189114015907129e-01,4.344965630166128245e-01,3.744714982157474892e-01,2.638949152019169908e-01,8.344466791025472174e-01,6.603041332569711264e-01,6.043031192505663451e-01,6.992975168053332247e-02,6.240989435255619999e-02,4.547408836479226446e-01,8.465212995699679110e-01,2.935384827403899055e-01,2.908634666615740882e-01,2.595470586666932811e-02,5.725852508815839625e-01,6.502939585360095753e-01,8.792111890904716898e-01,6.407721070673920716e-01,9.185867601709447605e-01,6.599826805632810212e-01,4.496111627771623986e-01,3.499206229253902234e-01,7.530578617961565524e-02,2.315152886349512440e-01,7.062938997097749638e-01,1.067253523034854615e-02,5.413812766208260241e-01,6.461425522184385262e-01,7.850599257277635079e-01,5.623078061136463912e-01,8.895856418225885909e-01,4.328643751348059676e-01,6.683711179816449466e-01,8.322517560681302884e-01,7.869209441940199223e-01,5.005275080444399061e-01,4.517653361648960586e-01,1.183006918482591985e-01,6.172081816118941688e-01,5.684809808048003621e-01,6.956636181566276944e-01,5.838760611276136991e-01,9.662275667775674926e-01,6.773592818505190793e-01,4.990735112831825582e-01,2.030008330051600585e-01,6.844503558570782520e-01,4.557445372138947404e-01,9.514792973020463895e-01,6.142208702734132109e-01,5.984473284601710130e-01,4.750249301573110094e-01,5.670382928745707485e-01,8.494459193439136691e-01,7.654432698706286065e-01,6.546189538546576259e-01,7.729776298739828855e-01
9.511695331139686793e-01,6.821013410238681018e-01,3.825121718223922773e-01,6.598520118839157345e-01,6.412801765146856070e-01,-7.868357819208901538e-02,8.881863663700363398e-01,7.544094147309170495e-01,5.877284513140743627e-01,4.578180753600437081e-01,6.729111710849928762e-01,4.958492615432193440e-01,0.000000000000000000e+00,7.638790408271262100e-01,4.345550519371094156e-01,9.000985952784722466e-01,2.773909686580555700e-01,3.450678288330543131e-01,1.649263118804743522e-01,6.913882510178104290e-01,7.708500277084546770e-01,9.527440852616559930e-01,9.998104992631542398e-01,8.752975098418356303e-01,6.665432479288826428e-01,8.726303159146955313e-01,9.052310008037586231e-01,8.953443733289906392e-01,1.263989347315699376e-02,7.351523125240788659e-02,1.044213799383177793e-01,7.698860943603449414e-01,5.557566567854346218e-01,4.598066564852495430e-01,2.322287247788365760e-01,2.547607079268239261e-01,2.921097159932427023e-01,4.183165671846166833e-01,4.243123915298607218e-01,9.960818864306206777e-01,3.826493641128340117e-01,6.714261091248697744e-01,9.929595417693124482e-01,6.088980703477120393e-01,9.496273679674798185e-01,6.515163640939254375e-01,7.873846919086160412e-01,6.034557705975895914e-01,2.054443001067499941e-01,4.755658861637814816e-01,5.718164197784021408e-01,5.609306626877890167e-01,7.615625100188120333e-01,6.278849188653820024e-01,7.695129156826059358e-01,4.433793928948620566e-01,8.782614551217597931e-01,7.843500929203823802e-01,8.803122906934578440e-01,5.699643207168643144e-01,6.283327242134826296e-01,3.363757744496108648e-01,9.260172129451257339e-01,7.359872071520661141e-01,4.345531346853894195e-01,6.739524482044625397e-01,4.142598499648605381e-01,8.567679856949934614e-01,7.894126396062193241e-01,6.394846233910446154e-01,8.385165495407292946e-01,9.236990378795306711e-01,3.388660388892653641e-01,6.282495272937753394e-02,1.894443627579280587e-01,4.550625777550605378e-01,6.015816397028106444e-01,9.785210400917879747e-01,1.868571754158507292e-01,4.283286163223497534e-01,5.580749948557490736e-01,8.976692917018107565e-01,7.421138420774062716e-01,7.431983919803329952e-01,8.866807398414788821e-01
5.520666717355915409e-01,5.217936020505905548e-01,3.022842439555530891e-01,6.217367306244692138e-01,6.999696584509894626e-01,4.646521854283905961e-01,1.230654006476657181e-01,8.294105512062602825e-01,8.947024418756599484e-01,4.072257088438582806e-02,6.308071603821536755e-01,8.584636782572645508e-01,7.638790408271262100e-01,0.000000000000000000e+00,5.103157954440539212e-01,2.284653969905829363e-01,7.474780660529616316e-01,7.502625879611420912e-01,4.218368787369729533e-01,5.620202809464260874e-01,9.385272607758562424e-01,5.033853545727283718e-01,8.057412072093124156e-01,6.365051505973148283e-01,4.137747247202321343e-01,6.156443941321269042e-01,7.402444203876379358e-01,3.739447464576841629e-01,6.593295368811877832e-01,5.589512842734409848e-01,3.666106326633091772e-01,7.675927924375339773e-01,3.204229029238537252e-01,7.073246108847986227e-03,7.305481504343086518e-01,5.493804248880767016e-01,3.679462387555740843e-01,7.153433790785984625e-01,7.636534241786590016e-01,5.173964714424106326e-01,2.098615761363220311e-01,5.390393764466816506e-02,9.559052612075316091e-01,9.388163164102798497e-01,2.518738316418289713e-01,8.706031405409937474e-01,6.109397703348075082e-01,6.249867098861268122e-01,6.961976006064800604e-01,6.056445882670820069e-01,8.822553363085098299e-01,1.515906974651731742e-01,5.779924415386692438e-01,8.088197862044184117e-01,1.770215221159485153e-01,4.313076928924515219e-01,6.822544636483173219e-01,6.769131745824761293e-01,9.250025813698341537e-01,1.212498046275111707e-01,1.929891213933961902e-01,8.615008349742495630e-01,6.239792834150265088e-01,4.467201081034085641e-01,8.946917670424318070e-01,4.849474002288606811e-01,2.138063818269728134e-01,7.523715035277925844e-01,3.347733393364142884e-01,6.502711355953211259e-01,6.898472772420058963e-01,8.422945392108387441e-01,4.126882196808727699e-01,3.051466872584777112e-01,3.582391586907907044e-01,4.027546008902615493e-01,5.243025374915948750e-02,2.462727990373152764e-01,2.933445543247646947e-01,4.255580948206839076e-01,5.035370196749886507e-01,2.182056597874481030e-01,7.983784872065737837e-01,2.705195483814868407e-01,7.990063470503137033e-01
1.678607608496697212e-01,1.007891736373960415e-02,9.229827445749296810e-01,9.313085300389931653e-01,9.290733112515580094e-01,6.305402195500757756e-01,5.249594134904179699e-01,6.423515141244616755e-01,6.573545371308240348e-01,6.253717371071074727e-01,6.822950719904850025e-01,9.216410559932614044e-01,4.345550519371094156e-01,5.103157954440539212e-01,0.000000000000000000e+00,9.615211173443953818e-01,9.026722790322648793e-01,3.299652402161292603e-02,4.290424933446684852e-01,2.294311087610240718e-01,8.927137501002651021e-01,4.275021536656964383e-01,5.865261752846251397e-02,8.090296935211579443e-01,5.696709003357558476e-01,7.748673397710026389e-01,7.933148052225600377e-01,7.908195966550368716e-01,6.316047466698977431e-01,2.102877535061562775e-01,3.687350719518845965e-01,7.581853590546383526e-02,5.420271857326774967e-01,9.667108431129640689e-01,3.935171981767708882e-01,7.581681323895779201e-01,4.885615749068880076e-01,7.555754726732708537e-01,5.587806394237769814e-01,1.085993416436579900e-01,3.155013606819395688e-01,7.923744225700859456e-01,6.218670053556171196e-01,5.106672125387363703e-01,8.235269550782781112e-01,7.956989460082006804e-01,7.797940470188909901e-01,2.404414629929394753e-01,5.995872182659722771e-01,4.759360421888636505e-01,7.364920518089964618e-01,3.717427047702926424e-01,6.990131061288296088e-01,6.943862636697226698e-01,7.263443215681704146e-01,8.738135526778791906e-01,6.226458536102630337e-01,5.818050960540829264e-01,7.385660300105504339e-01,2.833706043515491491e-01,5.479549450881324724e-01,5.437746832005800890e-01,4.594469840219589929e-01,6.984830825746145555e-01,7.461758599894684485e-01,-1.714127755342404469e-01,3.332399950676411260e-01,7.320223337203546343e-01,5.768248342712297694e-01,9.184064680103080081e-01,5.560380999662828394e-01,2.842569574104789609e-01,1.272999753611417373e-01,3.032532027694807564e-01,4.471922958307077423e-01,4.141925867308836606e-01,6.408928620795295572e-01,7.705767352948694748e-01,7.654504700609553458e-01,7.958712198777334601e-01,2.443767702758008753e-01,8.604244646331472568e-01,9.706611223468122329e-01,4.170533338273553214e-01,6.529695677397265863e-01
9.239975536689186697e-01,1.232137262948713313e-01,6.779681905296068845e-01,8.543957906544846770e-01,7.408115185118668844e-01,5.565044052427817745e-01,8.061210235786698819e-01,5.787977512636600652e-01,5.087749707646546105e-01,2.631557592219714303e-01,5.030912050334455099e-01,5.190323406953775143e-01,9.000985952784722466e-01,2.284653969905829363e-01,9.615211173443953818e-01,0.000000000000000000e+00,8.874661698717112301e-01,8.429870451173349100e-01,6.511724874874040836e-01,7.217688632525969261e-01,5.323997330348241297e-01,6.828993726468322034e-01,4.990052636703872224e-01,5.997420476582104865e-01,-1.772395181380635176e-01,4.636854393220960491e-01,2.634822368267354387e-01,5.945798256744396770e-01,7.345421032023581320e-01,4.696746306779600033e-01,4.239239941522613409e-01,4.300002316866148866e-01,4.465344377598816084e-01,5.560620781447193073e-01,8.514603684648711646e-01,3.561029221619340102e-01,4.822712648809998059e-01,6.517790910218294043e-01,6.072696262258051592e-01,8.676215514469943768e-01,7.583888931459766836e-01,5.317664794991834309e-01,9.282604286681244155e-01,7.990540793268350317e-01,9.459959703635754114e-01,6.249873244667784045e-01,6.864113856732328989e-01,6.631013123277132992e-01,2.052008760996077985e-01,7.759081860337785352e-01,5.821557595602599999e-01,5.020359187941024759e-01,7.448207662982661015e-01,6.233566757071957731e-01,7.916613676469422822e-01,7.815569101856900680e-01,4.544821731599907877e-01,6.599914448187199634e-01,5.470758300428941734e-01,5.938176765321011574e-01,4.347113593728556546e-01,5.960211188817594596e-01,6.397209041022331455e-01,6.955151236240858514e-01,6.454073091154952646e-01,3.911929976395842612e-01,4.799699503252848332e-01,7.621203340937868775e-01,4.948171989123293368e-01,5.260510857098594784e-01,6.725946593603376877e-01,8.863840623898373849e-02,4.699664594036654514e-02,5.952171686482695678e-01,6.196583328044310557e-01,5.251018536352232147e-01,7.930082535878507644e-01,2.574827535636003972e-01,2.576299857670143467e-01,5.566704175790246900e-01,5.403049369649391975e-01,5.151968035051922579e-01,8.324378611132778882e-01,4.523852384659527992e-01,2.626379846262115736e-01
3.864113522917733134e-01,8.501848935833794529e-01,8.297650216310772375e-01,4.212263404083100848e-01,6.184049038876155979e-01,4.593416136800407834e-01,7.849443483987479375e-01,4.184409605972438939e-01,8.133019434025484662e-01,9.469507490098323377e-01,4.431085147784299960e-01,8.146818642436001179e-01,2.773909686580555700e-01,7.474780660529616316e-01,9.026722790322648793e-01,8.874661698717112301e-01,0.000000000000000000e+00,8.495941662699835195e-01,9.440887687473090706e-01,6.144049734050174294e-01,6.965883598095790052e-01,9.019755615054817488e-01,7.397930269850895302e-01,8.194930929752664017e-01,2.444968010855217144e-01,9.696826826963337309e-01,6.585529881676877029e-01,6.582780794802979285e-01,4.369233019939503526e-01,4.876854335251387118e-01,2.119500668649486330e-01,4.575640805517210419e-01,4.331383922691982580e-01,4.355795428736043418e-01,7.673569038893742755e-01,-1.899456951064918686e-01,5.986833412495775608e-01,6.873603625660921201e-01,5.898981723480026806e-01,1.186248053456778334e-01,4.537735653879628739e-01,6.195271996882272258e-01,8.272343634120121747e-01,5.800492457888989373e-01,8.713626919507085899e-01,9.900679925607969167e-01,2.656922436863490278e-01,5.775198808550813245e-01,6.968290127732915673e-01,6.862875313720375736e-01,9.471291013238294365e-01,2.097337766379083479e-01,7.994516180518114190e-01,8.605006180388661274e-01,7.587149151536499714e-01,7.670578243019500198e-01,6.198196122073410530e-01,6.045343473620051755e-01,8.032774617474965906e-01,3.792910118289309906e-01,7.401417957710214601e-01,4.498596327776470116e-01,7.767884235325229758e-01,4.442560674065932913e-01,9.520784235217549796e-01,7.674315348017907157e-01,6.387848292810490713e-01,7.124154967383424797e-01,6.322266310420828761e-01,6.333057806049384730e-01,7.275330520421775526e-01,7.077144782203688145e-01,1.062473280430083038e-02,4.068949065165061163e-01,6.729727856326966906e-01,9.346757351659091828e-01,7.136235491067006720e-01,7.049661264857262077e-01,7.182080905126705384e-01,7.167238852338611022e-01,7.091039115090617129e-01,3.253512046175652261e-01,5.657941428499019265e-01,-1.539298836516311830e-02,9.327064916868194056e-01
6.795396490987088978e-01,3.495732906441468280e-01,6.669105375579226225e-01,9.353303578628046067e-01,8.620275355775440795e-01,7.192117211856198233e-01,2.440525941898087081e-01,5.305786985483580409e-01,4.124101807151219767e-01,4.086420747445074220e-01,6.541459847555223250e-01,5.307774760705262773e-01,3.450678288330543131e-01,7.502625879611420912e-01,3.299652402161292603e-02,8.429870451173349100e-01,8.495941662699835195e-01,0.000000000000000000e+00,6.388072018868345969e-01,2.642415325256174397e-01,6.066786087141657902e-01,5.336429119450870617e-01,4.102455848736533128e-01,9.416105537029110240e-01,7.831663972616027536e-01,6.894195088151011674e-01,4.647089699255938511e-01,3.125110125300813446e-01,7.084198475068180789e-01,7.189303376294799985e-01,4.939263847038808941e-01,7.825752542477379947e-01,9.996417721507475651e-01,3.631750433384010046e-01,5.969734080157028666e-01,5.032472987495931749e-01,3.712688231910161729e-01,7.396885072096233138e-01,6.303639769870954535e-01,8.640163891280712161e-01,2.319465650544107471e-01,4.407745373040480308e-01,7.712449402545562549e-01,8.983968507893094202e-01,2.004546197390853490e-01,4.599111792738743154e-01,8.679509736838846301e-01,6.722032757629980981e-01,6.305122663003182026e-01,4.884180383176140450e-01,7.014442925028285813e-01,6.778621659192938242e-01,5.494594477829535251e-01,6.837027046773331840e-01,6.996784801196584969e-01,8.825956841642339512e-01,5.598574298608021138e-01,6.781091753016434964e-01,4.292342940603177670e-01,2.018360143249479099e-01,2.481526749713143798e-01,7.848711543647457489e-01,7.094819726192570508e-01,3.202696554751269242e-01,8.845809793044725478e-01,4.889067509476939799e-01,7.419227128321924658e-01,6.621121529555580310e-01,7.218259126623838284e-01,7.392517247667024227e-01,8.766410190330946595e-01,3.238577432801629241e-01,-1.868984196331515413e-01,5.290543313079579812e-01,4.301075440425556895e-01,7.172010427675263866e-01,4.687676445796549740e-01,6.257001787339775412e-01,3.257907065531711055e-01,2.081935825740150181e-01,6.031025776290276363e-01,6.500723160141532730e-01,2.438907079324248439e-01,2.411899576852257199e-01,7.683392967871935930e-01
