0.000000000000000000e+00,9.108029531358324826e-01,7.310767162147868703e-01,9.887893473789522991e-01,7.618974224331540590e-01,9.330477249124314865e-01,4.867411353502232307e-01,4.026467304254859325e-01,6.691260225657351679e-01,6.905444054315440505e-01,7.349397363531339211e-01,5.262886332633488484e-01,6.691129785865760349e-01,7.751679921899593539e-01,8.170435959871461540e-01,9.391379665905740248e-01,6.047858269262337272e-01,8.882202330223627484e-01,8.782695163404481420e-01,8.087508520946394830e-01,5.962669664101234446e-01,8.689555553089528539e-01,7.593587784876744129e-01,8.676310324164473453e-01,7.809760263012897052e-01,7.081607288632063568e-01,4.498709141583939752e-01,2.145294253784810895e-02,-1.433766195091104589e-01,4.378622452481746308e-01,2.890370492538599789e-01,3.370878409284676636e-01,9.161527831204828720e-01,9.562513221159358867e-01,6.874085222802888140e-01,3.291385453057388832e-01,4.922922707571970591e-01,4.269811785659798353e-01,9.895668191451056916e-01,5.057694978054961821e-01,6.159675426246199459e-01,7.060201615885068893e-01,7.794975816780906896e-01,9.101686522118386247e-01,1.068355482335730244e-01,6.367183084833412110e-01,6.065566714894434774e-01,8.322847203000000027e-01,4.452320172841212620e-01,3.686152490767012346e-01,8.694285904943984677e-01,6.000267654380153637e-01,9.242108227764271877e-01,9.875452580066301778e-01,6.905279831933213153e-01,7.618169596874665439e-01,2.643168128638674341e-01,8.418763770287102099e-01,5.792130133983253160e-01,3.229197803479984530e-01,3.813448226227535987e-01,5.346469445924667552e-01,6.290609857542189820e-01,7.141513222298825347e-01,8.931937362923410006e-01,7.181500520669893417e-01,7.527236620812826073e-01,9.761271291671802519e-01,6.695584097385245403e-01,1.179719259269986810e-02,1.956039635457379189e-01,4.775757385464531879e-01,7.581850328486944290e-01,7.927564230901471554e-01,6.285404516442175682e-01,3.870495931728034078e-01,5.626069466284731035e-01,5.489474377595626731e-01,2.200397046672603052e-01,4.390829391015029781e-01,9.812654834746132870e-01,9.467001976638727001e-01,6.860748689409992274e-01,2.319511316128111122e-01,8.041164622405048146e-01
9.108029531358324826e-01,0.000000000000000000e+00,7.253116303164057754e-01,7.159418551250228413e-01,5.778071511621617473e-01,6.254463204513517338e-01,2.853856248364032289e-01,4.688106924763795202e-01,9.347555401165084932e-02,7.984448784935569421e-01,7.198465352684298990e-01,9.833505063996981210e-01,6.455088628955625296e-01,6.573999218134104483e-01,5.131360818550263492e-01,7.631146576126185410e-01,9.344656177689161236e-01,8.943830607214465767e-01,8.433743118069504385e-01,7.063498258135800789e-01,8.416374750955627482e-01,6.894394528013066958e-01,8.447432513136001742e-01,2.768585582779613530e-01,9.574579295110393629e-01,8.167935249556083077e-01,7.386792011705649585e-01,4.824492020917330870e-01,5.302064538462002430e-01,4.354262117860298043e-01,1.069485004368241204e-01,6.580958732643776843e-01,9.131822405146043931e-01,2.479014937689851261e-01,5.114164245570494982e-01,6.589592106709627473e-01,5.825081390957340816e-02,4.940764063724445432e-01,6.945000284119016154e-01,6.225693457571394029e-01,5.067841796398528942e-01,7.276297488218510523e-01,7.166788007860868115e-01,9.992687146787054830e-01,9.271127799984117956e-01,4.701970616688441185e-01,5.311583954004486241e-01,9.810432047104282738e-01,4.513230001821045279e-01,4.525679505252420687e-01,2.222180238497306060e-01,6.189248627498613597e-01,7.986277659656038086e-01,9.240236239892170023e-01,2.850614615088172266e-01,4.417554199961246653e-01,4.723751565223845428e-01,1.070944049795682362e-01,2.112341467113263704e-01,5.212550091052027268e-01,4.474766651890294544e-01,2.786105642544395855e-01,9.770653431531064470e-01,4.156284969927291906e-01,7.775992288620281467e-01,4.563066427265485836e-01,7.926994016039294877e-01,7.302824589872765060e-01,2.211912953821025263e-01,6.665636230270013396e-01,6.577891605367216510e-01,7.505073973002935883e-01,1.084727649809932581e-01,5.796302964453075024e-01,6.913259485046302499e-01,9.095649175856282964e-01,6.249626102785397208e-01,2.426218765556046597e-01,4.391154089395535864e-01,2.867404479167071640e-01,4.680342092848460145e-01,6.359399975746172773e-01,5.551917343178280895e-01,7.408439526447745394e-01,7.788472223878692979e-01
7.310767162147868703e-01,7.253116303164057754e-01,0.000000000000000000e+00,7.106350036978678064e-01,3.996521643466386386e-01,7.680490818147565069e-01,7.549261983152346644e-01,9.224047391728552592e-01,7.928889074748455279e-01,6.542529143427401328e-01,7.553253818525353935e-01,6.107911901320014492e-01,8.195833356153040539e-01,9.037827944133369762e-01,9.789261666304175380e-01,9.404627298304845118e-01,4.001584393813331086e-01,6.033566531872877059e-01,8.484808855776245773e-01,5.401058785130992135e-01,7.574161642150778473e-01,3.629475542596527493e-01,9.774629831218000220e-01,6.957710247768079670e-01,4.216485224433064172e-01,6.234923430094809760e-01,6.999173700960508171e-01,8.399804122029623787e-01,5.756825696661777014e-01,3.692905545439560955e-01,3.007014892281277829e-01,5.413456271798924302e-01,4.409155214844119874e-01,5.819586500634379433e-01,5.016341764520886315e-01,5.834015190073698481e-02,3.833196108413087222e-01,6.487142047941930612e-01,6.537336720705161364e-01,9.907838334554934789e-01,6.880212878050899761e-01,4.264289451508897488e-01,6.965619231437601977e-01,8.212323846963983653e-01,6.222821345053783926e-01,8.495885359844564944e-01,6.483847311578156969e-01,8.045028308211228385e-01,4.652736831269534967e-01,8.250870579891060874e-01,7.135257183234721134e-01,9.881973121751581601e-01,7.494996956293046297e-01,8.778494848831116526e-01,6.517173597149251707e-01,8.437381883947374650e-01,6.086703818397325438e-01,4.843295042373979564e-01,7.385690148036447855e-01,6.943168580452446781e-01,1.846978586028170943e-01,8.946624516319285902e-01,9.827509595626984229e-01,8.024743360043030682e-01,6.456938816118817925e-01,7.911187499336964635e-01,8.057249084763065117e-01,3.841734825065112879e-01,8.143719999190764947e-01,8.046166222321140538e-01,8.331332920974038325e-01,8.321495622912993273e-01,2.957889597618178490e-01,1.440696053005081079e-01,5.631611510499866524e-01,9.557320776178720445e-01,7.019630840447854681e-01,2.535415403531571243e-01,5.292595585427305460e-01,4.640249720840685654e-01,6.044444850256716073e-01,6.446026662215363912e-01,9.194607573124122801e-01,8.526133814550156398e-01,9.133126269675916342e-01
9.887893473789522991e-01,7.159418551250228413e-01,7.106350036978678064e-01,0.000000000000000000e+00,2.889622200181845013e-01,7.351658755500044551e-01,3.268471346338558403e-01,3.721294012010589736e-01,8.158997882566944027e-01,7.555161855223894163e-01,7.264296562981804595e-01,8.272782686044272138e-01,4.310383970996760628e-01,7.435195234511280393e-01,9.380895732585060598e-01,5.178421070286540751e-01,8.648093559425354959e-01,2.119410684061334149e-01,9.803634870996541517e-01,7.816133990843665558e-01,3.750981637340845554e-01,7.946951452078855338e-01,2.767328005878952335e-01,9.095873836053262051e-01,4.010910712909113718e-01,7.579219423266386757e-01,5.383759132053628216e-01,9.053231823816180190e-01,5.092082732660501154e-01,4.225935242311893991e-01,2.106478835405206085e-01,8.621365822989333905e-02,2.099687782049833862e-01,7.307086893722574139e-01,6.721811169668188146e-01,6.928330418250816525e-01,5.437316477356639588e-01,5.887537391145327703e-01,9.630773064027889907e-01,4.304187938484981824e-01,4.083501352786080840e-01,6.242437960325990520e-01,8.650548462400142746e-01,2.285480535236104616e-01,6.374207069764283862e-01,7.804378719206644943e-01,3.611574003232552732e-01,9.739875701786442352e-01,4.878977723729207572e-01,8.894869937504898960e-01,6.461802577253800139e-01,6.491312057641682731e-01,4.889936315952785328e-01,7.431194627720090207e-01,1.322227466448775979e-01,7.467936271991402197e-01,5.162743206929757411e-01,8.952816394917545439e-01,7.597662230350203938e-01,3.541622410295161005e-01,7.050101213636195130e-02,6.430715059492897456e-01,1.515610939912394317e-01,4.537833313469905039e-01,7.309660680491150142e-01,6.013608633406617443e-01,8.998486495968870402e-01,6.654638757347135503e-01,6.663955912935224379e-01,4.500319946746543232e-01,5.367701690948007975e-01,7.243961370657930887e-01,4.541519261292202847e-01,1.489136404803753366e-01,7.569180778002063681e-01,5.525472086091613999e-01,6.473170501275586908e-01,7.719958612680386523e-01,1.866552706857456043e-02,5.862517298505982577e-01,6.505103670842609098e-01,1.931568200383158851e-01,9.851721995330304793e-01,4.631936510278542585e-01,4.304776095788905854e-01
7.618974224331540590e-01,5.778071511621617473e-01,3.996521643466386386e-01,2.889622200181845013e-01,0.000000000000000000e+00,6.620334898957875858e-01,6.717284591858714293e-01,2.699945841574622474e-01,5.433898236798622161e-01,4.381356903841172601e-01,2.937599957762821457e-01,7.159597106304385061e-01,9.547798090261724324e-01,9.180351611448209770e-01,3.153557945765007586e-01,8.504960378576554847e-01,5.223404092579240210e-01,7.275621650776056271e-01,6.364516876322774408e-01,6.453762957625108765e-01,7.332659639228464865e-01,4.807207950736749891e-01,9.623690264197107824e-01,6.575332880255999601e-01,4.662522816734946951e-01,9.839134621558632832e-01,7.145436054264918679e-01,8.081782182111679758e-01,3.978229576061016459e-01,4.623341172434987656e-01,4.265990917032672636e-01,7.478201110346519576e-01,4.454155749823942578e-01,9.364242088056496938e-01,5.809566119954561597e-02,7.004251328644189867e-01,5.843755523627875981e-01,2.795894336350820408e-01,9.551768111746926637e-01,7.790157882185720917e-01,6.534655571858016994e-03,7.906128459218351168e-01,8.110923738773410108e-01,9.436526973380315875e-01,7.230141797817406513e-01,6.110487606310558428e-01,5.920801532311108506e-01,6.865081006532768315e-01,2.235557898166874446e-01,6.147369452124814559e-01,7.413655048640261924e-01,6.059812879675833264e-01,7.651758953196307056e-01,6.028025175305725680e-01,5.975454799259113381e-01,6.710222178443601138e-01,4.678517928983570995e-01,5.014141359325307024e-01,5.138050877656118454e-01,-7.268988159363057311e-02,3.079460761152493231e-01,6.379842461719582580e-01,9.491702361658076459e-01,7.292950796210564413e-01,6.402010401551851970e-01,1.077148730672962129e-01,5.196825008682830482e-01,8.133374960842568724e-01,6.948515002294701759e-01,9.095094405897958811e-01,3.467156126858734200e-01,6.487870332742478041e-01,5.570577307270860867e-01,3.309018198570002900e-01,5.507724742870130363e-01,6.194435207536383992e-01,9.461227454940780435e-01,3.067600532263061730e-01,2.175502825058988066e-01,7.784119647144244203e-01,6.178529603323151820e-01,6.450640803043643512e-01,6.152997088452994978e-01,6.631111685973423153e-01,7.334722051755697692e-01
9.330477249124314865e-01,6.254463204513517338e-01,7.680490818147565069e-01,7.351658755500044551e-01,6.620334898957875858e-01,0.000000000000000000e+00,7.338856622406787489e-01,3.419707302593089082e-01,7.395979840804653982e-01,6.037149404934035735e-01,2.869670945732825107e-01,7.130787467502397448e-01,7.436192124780686141e-01,6.258934427254491117e-01,7.275174067623965124e-01,5.717937855200047048e-01,8.480121631735553223e-01,3.559303293613457209e-01,6.991850650461627348e-01,6.053670182601447181e-01,9.835646464989044047e-01,7.810093261207473603e-01,6.640868892211184704e-01,5.463696395375570170e-01,6.174787092238581687e-01,8.730734573452711977e-01,6.206115233050176760e-01,6.834655342380008269e-01,4.204082434948750446e-01,5.043874915466500797e-01,1.762763322105319885e-01,5.260634545536604367e-01,8.291777911695134007e-01,5.071540173231519066e-01,7.124973834076698820e-01,6.974353740631022980e-01,2.985218672947318463e-01,4.899477261690760033e-01,7.513044561610053851e-01,7.752859803227487578e-01,2.745092798670144552e-01,2.449362166638904270e-01,7.130463973625169594e-01,7.730585034536915368e-01,8.322817509044220241e-01,7.991501102177729354e-01,5.573047469667249398e-01,4.554210096558317100e-01,3.807180764039546084e-01,3.120714957574136639e-01,9.244438704619321046e-01,5.923991427450842062e-01,9.246479530556958037e-01,2.816425184497836076e-01,7.543256153135503572e-01,6.825240147595238449e-01,7.254803578065711633e-01,5.952960697105289523e-01,2.748179832230507880e-01,4.404456125067591765e-01,5.086692877849751104e-01,7.540058186282956321e-01,6.146834955587253679e-01,2.203962206482539266e-01,6.672899625671403490e-01,7.560490673446362830e-01,4.320268036946215418e-01,3.344953144403698397e-01,2.038690456698424303e-01,6.046870664785911620e-01,9.761549177963148027e-01,2.998798386293844986e-01,1.570006975219579923e-02,2.504171323863244036e-01,4.176859837752026627e-01,7.280857854295311737e-01,9.706902895553625177e-01,4.881960696042363379e-01,-3.444006122668633041e-01,3.172431538252701855e-01,4.888093971200654364e-01,9.661084768275109980e-01,2.571646288672297942e-01,5.629756796877350977e-01,7.719618431300633299e-01
4.867411353502232307e-01,2.853856248364032289e-01,7.549261983152346644e-01,3.268471346338558403e-01,6.717284591858714293e-01,7.338856622406787489e-01,0.000000000000000000e+00,3.100491210890382598e-01,6.018981599454116260e-01,8.597576130560565799e-01,4.529844489195905544e-01,3.993032629428956426e-01,5.823100332773245569e-01,6.447346017915095429e-01,7.663646339233235460e-01,3.411755583497494415e-01,9.867080540687359624e-01,6.634086931531670839e-01,4.367256262263152222e-01,7.199278963736993608e-01,3.093179521766294959e-01,5.367485654648113114e-01,1.399621158029635548e-01,5.591427756201970967e-01,7.723975809144593141e-01,5.902217626102685966e-01,2.714508187561393004e-01,7.592836628360835061e-01,2.516554967930328957e-01,5.864803814438900309e-01,3.525075598624805018e-02,4.832414790858360343e-01,3.139802242324140069e-01,2.887981647279702635e-01,3.572406322292003278e-01,5.199598197702717250e-01,3.941730943186282365e-01,4.381439703589955492e-01,-3.468273668864717552e-01,6.210644758888695938e-01,3.470490879664857031e-01,2.766228102039187675e-01,7.013599856354015838e-01,4.956917008930541990e-01,9.959093078060949900e-01,7.209031727811949786e-01,4.236753396462206722e-01,5.095080373538882768e-01,5.067838939622157923e-01,4.978371649162468549e-01,2.593153700863080613e-01,5.555073638417291626e-01,6.054236676997004629e-01,3.636990183270525923e-01,9.994118087560470709e-01,4.471439316485260052e-01,6.915925179328181738e-01,4.113555907115729604e-01,6.083879644758791727e-01,1.093804743930846396e-02,5.770518539432675231e-01,4.717858757750435506e-01,6.980064921130978428e-01,4.462526773372437749e-01,7.333654677881680239e-01,1.063909534800162593e-01,6.202504066584997311e-01,9.398277691875536188e-01,1.104997117982030597e-01,2.348478556123477223e-01,7.133419782544497822e-01,4.863671055694384071e-01,6.048016242464705483e-01,4.185165955037836727e-01,7.497782576071898575e-01,2.525946768762316608e-01,6.993908968121930192e-01,2.783930499199973041e-01,3.646190730124774237e-01,7.793333357470023648e-01,3.111992835714009198e-01,5.981325747678638560e-01,7.169860717564934260e-01,4.161488175957868130e-01,4.839534908338027908e-01
4.026467304254859325e-01,4.688106924763795202e-01,9.224047391728552592e-01,3.721294012010589736e-01,2.699945841574622474e-01,3.419707302593089082e-01,3.100491210890382598e-01,0.000000000000000000e+00,7.555829500724414727e-01,5.054478088353028253e-01,5.212906177222654813e-01,2.782315880443108624e-01,9.297066096611659169e-01,9.833511133453395336e-01,7.794857221821648308e-01,4.227777576483824906e-01,8.160601728262275589e-01,6.037135295549576064e-01,5.448262890300701322e-01,6.739279182682215152e-01,6.744993855324836751e-01,5.415087436856387548e-02,6.238945131538153888e-02,9.254569843665022555e-01,7.898209770570948640e-01,9.428438322893525347e-01,6.260180553205220155e-01,7.866323333015335928e-01,7.335230602881193107e-01,5.560701381587327408e-01,3.227674303629782804e-01,7.282763646677088420e-01,4.337199726330465688e-01,3.815534593082957615e-01,6.499934592200510286e-01,9.892335260612605818e-02,1.386493210640979690e-01,8.139921577200609493e-01,3.066468925818573998e-01,6.871109690346612897e-01,4.651799587276270881e-02,7.235775049358214028e-01,5.967301815797303455e-01,5.671806210524449332e-01,7.781066506098843760e-01,4.894753899115877882e-01,5.522219394982106344e-01,7.386604187238368091e-01,4.458845253409003395e-01,7.644802836896670284e-01,5.878105358440308681e-01,2.862067342070356291e-01,7.022542647193619203e-01,5.403768400539541439e-01,7.847756800152760892e-01,6.396224083303700958e-01,4.054661283611638023e-01,5.072500220685792760e-01,6.681112554668119374e-01,7.775739256730462845e-01,6.914042244402996973e-01,2.443888582724231262e-01,2.819273474754602771e-01,4.522176728133321388e-01,6.637828818300449685e-01,6.659352862746396040e-01,7.545153646368095712e-01,5.684836314949608393e-01,1.156239399994902356e-01,7.228917242255085140e-01,5.077408642858344257e-01,5.807887028242531002e-01,3.167474830659464669e-01,-1.510587373354038421e-01,6.526577401169799675e-01,7.640696745283678259e-01,4.308510551391196430e-01,4.492861450449093241e-01,3.429859005740357736e-01,1.773074323646326167e-01,2.470284198278731025e-01,6.725228293996678985e-01,4.886028807108165894e-01,4.865886723747593345e-01,2.710165810292259891e-01
6.691260225657351679e-01,9.347555401165084932e-02,7.928889074748455279e-01,8.158997882566944027e-01,5.433898236798622161e-01,7.395979840804653982e-01,6.018981599454116260e-01,7.555829500724414727e-01,0.000000000000000000e+00,7.708456916747250531e-01,7.648103043806606660e-01,4.487965981556364947e-01,1.257287762040881947e-03,9.326361093686343917e-01,7.076451549257515294e-01,5.202977605818080997e-01,9.984954358082245296e-01,7.673528531019376819e-01,5.583490587724005971e-01,9.013607579253309909e-01,8.079811528235880669e-01,7.067075386567385209e-01,2.222827130465528100e-01,8.167082717097031708e-01,5.454402941668945459e-01,4.098080862054543361e-01,6.069870564727871676e-01,3.475942602147336080e-01,1.084530205541750780e-01,4.245067214349832474e-01,4.136448189107264639e-01,3.085020998222397504e-01,5.296689307449324868e-01,8.998675659372388225e-01,9.511264430479970944e-01,1.951591493014502854e-01,4.845862626046291144e-01,6.395810563110604363e-01,6.597032879829319851e-01,4.218656937772619631e-01,3.406477650927070555e-01,4.751932000651625243e-01,5.486386407854273450e-01,7.080064021355778614e-01,9.220720270866346047e-01,7.098538032779028173e-01,7.285609692904886359e-01,7.262207218280612997e-01,7.047919162488286426e-01,6.661427564916616584e-01,3.612147619922040365e-01,2.201159631413476814e-01,4.771215085801002176e-01,5.318853189197525477e-01,7.481074313145332777e-01,7.450167924119865948e-01,9.257819075020756738e-01,5.995420989444850690e-01,6.541443342709030162e-01,3.525955610271260809e-01,5.360132153708137281e-02,5.646805738093896299e-01,8.765677979317516577e-01,4.094974293082289662e-01,8.697616077976388915e-01,3.162899875446610332e-01,7.596101293547719013e-01,3.495335437803029910e-01,6.363058552612009811e-01,3.188106832156962778e-01,4.591711264895620426e-01,2.474246841215766157e-01,7.360340134911733667e-01,1.277802870260207613e-01,5.457019298764850257e-01,4.796152099581700301e-01,2.091929642451810234e-01,9.558802566892919961e-01,-2.018906959221877795e-02,2.360239312234016229e-01,8.710860140991331102e-01,9.303781884878683517e-01,9.774701935117073859e-01,3.564480723006360208e-01,6.969898175082873681e-01
6.905444054315440505e-01,7.984448784935569421e-01,6.542529143427401328e-01,7.555161855223894163e-01,4.381356903841172601e-01,6.037149404934035735e-01,8.597576130560565799e-01,5.054478088353028253e-01,7.708456916747250531e-01,0.000000000000000000e+00,7.590904018961623922e-01,8.573789117583375807e-01,9.791769992916676824e-01,8.895350702075069949e-01,6.849314247666479227e-01,4.605173190360717372e-01,7.011602721851125652e-01,6.929076490339648453e-01,6.536719741615765189e-01,9.945261443322490624e-01,9.526962759886751231e-01,3.436391063883316166e-01,7.131034459366353273e-01,5.236977111670457763e-01,6.182009691947518704e-01,6.793634151601349869e-01,7.857549248381286988e-01,8.058494042562278636e-01,4.927592633540993083e-01,-1.426718361255140122e-01,6.130955240741042811e-02,4.096052833832184992e-01,6.337558777632565921e-01,4.364903524278241909e-01,6.991060983599817202e-01,1.196923443670789705e-01,4.891111395123063366e-01,7.171704945326653480e-01,7.558307025784265498e-01,6.143866687991906828e-01,7.414249591762387404e-01,1.108156432453367285e-01,2.954032795448923165e-01,8.448904076391248186e-01,6.782398952834109984e-01,6.655774334635657929e-01,5.434673669144605146e-01,1.571255437778062980e-01,7.716081330261279625e-01,5.786253952295314917e-01,4.893761341355777894e-01,2.968094445223166677e-01,5.648305329240332906e-01,8.757321525933934314e-01,3.982659343523035078e-01,7.069016235415596094e-01,5.806891644583578316e-01,9.240114119611418930e-01,8.235787071050767461e-01,2.647397992747879680e-01,7.286080874100758775e-01,6.014636999909358517e-01,5.475378718847737636e-01,5.519654321191534985e-01,6.402816523181940056e-01,7.261239857403469777e-01,9.483365615304897300e-01,9.282479745324766496e-01,1.304297371028296793e-01,6.988008132175407283e-01,8.831737483093345942e-01,5.339642305529128663e-01,4.637541097417575697e-01,-6.274060975064810197e-02,2.654495237034766864e-01,2.349362327260981764e-01,7.218364974902011788e-01,7.293636950576416478e-01,6.158601395198524120e-01,4.813913049858635218e-01,5.841915134381318042e-01,7.392079830278581731e-01,4.631852712328049515e-01,5.219028198635324856e-01,3.627276973944231764e-01
7.349397363531339211e-01,7.198465352684298990e-01,7.553253818525353935e-01,7.264296562981804595e-01,2.937599957762821457e-01,2.869670945732825107e-01,4.529844489195905544e-01,5.212906177222654813e-01,7.648103043806606660e-01,7.590904018961623922e-01,0.000000000000000000e+00,2.764138200919267763e-01,9.751133451804930852e-01,6.946609176845505162e-01,7.103048455389370242e-01,4.131495777050171458e-01,7.927401500329225303e-01,6.371137410187971417e-01,8.955188864946754812e-01,7.683538629206737580e-01,4.359873781229329781e-01,2.753121451494487948e-01,7.247002861442749522e-01,9.838077701724685653e-01,4.457092846271540898e-01,8.329700027120350292e-01,8.532224593026909165e-01,4.139937549233292935e-01,1.668225683870235287e-01,1.952176768001816567e-02,2.037330291975193164e-01,5.676720988506955834e-01,8.676448882823803999e-01,5.134445969322054548e-01,6.354277608418598122e-01,2.700496452396583535e-01,3.203865097791848693e-01,4.823450491111653249e-01,8.328161208011882755e-01,7.309887475990821670e-01,4.375544032784034476e-01,3.620261824351247437e-01,7.837291907718838546e-01,7.835558404227589424e-01,7.509997992455164084e-01,6.862793270160215675e-01,5.690553650672292019e-01,3.725493618947901542e-01,3.488053502753215018e-01,4.645225339347828775e-01,5.620550890710032110e-01,6.906096186075009191e-01,9.636895516920513938e-01,7.633637186757765702e-01,5.188080124849336894e-01,2.606579508950335744e-01,1.839065273697009784e-01,9.830504819160821306e-01,4.916526457290663066e-01,7.185947075660186201e-01,7.689479604377880140e-01,4.057280309760951109e-01,3.918843302812816676e-01,8.633513582679895881e-01,5.114421629941671155e-01,9.221345240579232883e-01,7.426185270352558820e-01,8.804774607208561976e-01,5.102323587376142999e-01,6.777077622057062767e-01,8.408639545714605701e-01,5.765055667171186116e-01,5.733048240962137498e-01,3.138238542905626982e-01,6.935148162419396689e-01,8.214760822878834912e-01,3.155740810040419484e-03,8.592439338715914809e-01,3.212146308773902170e-01,2.945902949252503511e-01,2.601235337598461483e-01,7.967122692938161110e-01,6.826046073950550186e-01,5.662112126170124604e-01,9.064390523941208144e-01
5.262886332633488484e-01,9.833505063996981210e-01,6.107911901320014492e-01,8.272782686044272138e-01,7.159597106304385061e-01,7.130787467502397448e-01,3.993032629428956426e-01,2.782315880443108624e-01,4.487965981556364947e-01,8.573789117583375807e-01,2.764138200919267763e-01,0.000000000000000000e+00,5.996625658367206180e-01,4.250754983765866468e-01,3.684443441816183107e-01,6.838801834781138567e-01,6.953654141561146362e-01,6.442509530647715366e-01,5.940980689767740852e-01,7.851251359029788324e-01,7.007131977371857667e-01,7.833279843502254369e-01,6.690635398937140321e-01,8.584663497161815204e-01,6.520176346236579157e-01,5.924506072708388693e-01,6.225863547041726731e-01,5.897909248848176578e-01,4.744387489124290980e-01,4.155533076182447716e-01,5.903630806635065120e-01,4.898049091979060909e-01,8.981892764127208384e-01,3.247393425566573733e-01,2.983482868754076534e-01,5.097775345609710795e-01,3.947312088972536603e-01,7.255752598518063756e-01,6.980790788808863834e-01,5.664585556984431669e-01,5.080086533278573846e-01,6.198434213584442798e-01,6.609920062625846970e-01,4.193372348950865081e-01,4.262351802744407947e-01,4.781361133446466738e-01,2.522693331492384394e-01,5.966701120919193357e-01,2.723069299716210923e-01,7.734765158092988813e-01,6.734768857359919592e-01,4.592749119029122529e-01,9.620050405012272599e-01,4.886488603661272023e-01,4.832251372723490035e-01,7.024792117248274126e-01,5.232899475755377061e-01,8.597896345297677545e-01,2.954047924554873417e-01,6.762675047485523505e-01,6.350458462734935861e-01,4.832516063135873230e-01,6.763254535518942179e-01,4.320679307944347292e-01,6.409208274064349675e-01,3.412684477037319919e-01,9.059521646612089807e-01,9.463201209388816260e-01,5.182492731651858198e-02,6.633123437812498135e-01,3.800802987459559468e-01,2.270067725618663546e-01,5.226723365863287230e-01,4.714576477269241117e-01,5.354429499000101789e-01,2.452487233552752832e-01,7.892928859052256163e-01,4.485136359485301649e-01,7.395314500013063785e-01,5.030872358380841236e-01,7.000152580224969778e-01,8.986089908762228129e-01,7.725195071541910430e-01,2.195583233408720802e-01,6.904406698614237170e-01
6.691129785865760349e-01,6.455088628955625296e-01,8.195833356153040539e-01,4.310383970996760628e-01,9.547798090261724324e-01,7.436192124780686141e-01,5.823100332773245569e-01,9.297066096611659169e-01,1.257287762040881947e-03,9.791769992916676824e-01,9.751133451804930852e-01,5.996625658367206180e-01,0.000000000000000000e+00,7.670362940629272819e-01,4.629229927368386788e-01,4.358381726895667052e-01,5.047360005696615026e-01,5.574089627985530093e-01,6.085242434092874575e-01,9.700716814267493771e-01,7.601222084026062475e-01,7.466342170675107637e-01,5.514985107645853368e-01,9.583756451790218511e-01,2.235163351246216568e-01,3.354060876822957393e-01,6.475185229198735515e-01,6.251195098794106730e-01,1.193003780007409892e-01,4.849199467101126815e-01,1.812469513598669313e-01,5.150168211850432165e-01,6.405511304436614095e-01,6.791850967293685537e-01,5.750690989463633773e-01,7.073278099780758721e-01,2.515859486166520734e-02,8.583741053027317269e-01,7.769589199626409926e-01,9.095463109611021668e-01,6.785937035350525504e-01,9.217687036605149986e-01,7.997800518693037874e-01,5.541287540670426504e-01,7.341177099918181348e-01,8.287036514167001044e-01,7.355661777896448372e-01,7.830805789864310196e-01,1.499682632705759688e-01,4.039874659211837304e-01,8.869444310893046524e-01,2.326164409237631570e-01,9.222043343093717649e-01,4.328598189764745752e-01,4.191313388772883730e-01,4.794806580933432816e-01,5.603388498506284288e-01,6.132434999803259013e-01,2.632340403397698259e-01,3.598492269678540967e-01,3.866583667322503470e-01,4.922330000404149253e-01,6.779518214513333696e-01,8.557466433771381276e-01,9.171469207538504032e-01,3.639532930077447048e-01,7.211704227902635544e-01,9.785484119836025396e-01,6.975519147111473861e-02,8.431213105888865078e-01,5.058844588416877563e-01,9.799605401837115926e-01,3.591089551833852589e-01,5.317637334398699345e-01,7.457861099105992375e-01,4.203044972169031057e-01,4.121074516841706226e-01,1.500435186266267096e-01,5.087648572920367984e-01,2.249254940665334768e-01,7.271756507606039754e-01,9.304856319350844895e-01,8.616613037026243926e-01,3.309067248535452199e-01,6.888299034594923542e-01
7.751679921899593539e-01,6.573999218134104483e-01,9.037827944133369762e-01,7.435195234511280393e-01,9.180351611448209770e-01,6.258934427254491117e-01,6.447346017915095429e-01,9.833511133453395336e-01,9.326361093686343917e-01,8.895350702075069949e-01,6.946609176845505162e-01,4.250754983765866468e-01,7.670362940629272819e-01,0.000000000000000000e+00,4.141946518290889334e-01,7.002791753603488933e-01,5.450059469381470789e-01,8.294610780544873219e-01,7.733350619948737847e-01,6.208069047116199224e-01,7.878394144914455666e-01,6.612952857483961333e-01,6.558705688215570317e-01,9.363127214784738861e-01,7.124267943471904729e-01,3.216119788308783312e-01,6.598290360084776429e-01,5.726238612143064177e-01,3.402977208872164372e-01,1.874627885732731425e-01,7.280154255545964181e-01,7.094508595862287770e-01,6.442266045587021761e-01,4.856651509291690094e-01,7.495652079233969811e-01,2.268362882624695709e-01,3.802001287460122780e-01,7.195090477882524205e-01,8.486250002976970519e-01,4.251643802307254472e-01,2.413618351964533504e-01,4.571551450744082978e-01,6.251041780710304696e-01,9.812907585751488027e-01,8.471270995617710131e-01,7.430263029386364737e-01,4.771289473385138535e-01,7.508363515474294481e-01,9.136052261118280393e-01,6.897020112616386589e-01,5.558202785844997829e-01,8.625762699849850446e-01,4.123041554433575229e-01,7.268434007796764629e-01,8.707695411353058024e-01,5.812744182202493892e-01,5.484971155081039829e-01,9.152892457461132558e-01,9.018477117226637585e-01,6.854223193326879071e-02,4.868773825004892863e-01,4.492277710990543738e-01,8.039112057754602692e-01,7.900394981262569560e-01,2.478226797467328324e-01,6.981672339742041045e-01,3.254089322555030472e-01,6.774694778777868853e-01,5.362239428302276734e-01,8.459730416715037782e-01,3.847055170167363869e-01,4.440502580324119930e-01,2.442363639648673090e-01,-1.762763941597888795e-01,6.412938824796843296e-01,2.466861980387423381e-01,5.556819726977429985e-01,8.381113491424829753e-01,4.365010781428667608e-01,3.924869404989674848e-01,9.489096669294921904e-01,3.835107743462352614e-01,6.224986870457414057e-01,4.688864862504350528e-01,5.854363230241781402e-01
8.170435959871461540e-01,5.131360818550263492e-01,9.789261666304175380e-01,9.380895732585060598e-01,3.153557945765007586e-01,7.275174067623965124e-01,7.663646339233235460e-01,7.794857221821648308e-01,7.076451549257515294e-01,6.849314247666479227e-01,7.103048455389370242e-01,3.684443441816183107e-01,4.629229927368386788e-01,4.141946518290889334e-01,0.000000000000000000e+00,6.886225475228053838e-01,4.102188529051775112e-01,7.066603122599833808e-01,6.939119593171574341e-01,6.466257122509478927e-01,8.825210004382190165e-01,4.485259057766802226e-01,2.976596636638175197e-01,7.759851509990598473e-01,7.070314352001927372e-01,7.703116118423796177e-01,2.891209645607399348e-01,6.558176243059167243e-01,2.733600665099189531e-01,4.367681836453618516e-01,2.989386491088827924e-01,4.037329404384554787e-01,4.955382567650071790e-01,1.614824260271288114e-01,4.415970266971837588e-01,3.974422582592816999e-01,5.793567298671631338e-01,9.956724470494351387e-01,8.542013760650530863e-01,9.175607121570809044e-01,4.540168070828436847e-02,7.849145555754294401e-01,6.603621338606684432e-01,7.577397479357741439e-01,4.684473913670920142e-01,4.892535360483668549e-01,6.241808239282957693e-01,7.007420660139683788e-01,7.338671587950298392e-01,6.868419456109022825e-01,6.749292069104014802e-01,6.831423149790787352e-01,5.823355053785844726e-01,6.348137650511669339e-01,7.641601551521783886e-01,7.524948967132919497e-01,7.427596117556791722e-01,7.124908020546615317e-01,4.626455148910999515e-01,4.649060828131775791e-01,3.241399520679885682e-01,8.235345432413069267e-01,5.556811676958417490e-01,9.484505715222428801e-01,7.059121267005006306e-01,8.671433417803342536e-01,6.852456317947117626e-01,6.281955545432165167e-01,3.031819904795441945e-01,3.214214591561417311e-01,7.542935940449135845e-01,4.336584838313050083e-01,5.335506005587598022e-01,5.688304598025255565e-01,8.099448358165901585e-01,6.422613819752832631e-01,7.708006535766707135e-01,3.353036966193221335e-01,1.681351239912087954e-04,3.797159681611102511e-01,2.254262471653624700e-01,9.891428719566066619e-01,7.665033342114808690e-01,4.987858883670164833e-01,6.123865846367811949e-01
9.391379665905740248e-01,7.631146576126185410e-01,9.404627298304845118e-01,5.178421070286540751e-01,8.504960378576554847e-01,5.717937855200047048e-01,3.411755583497494415e-01,4.227777576483824906e-01,5.202977605818080997e-01,4.605173190360717372e-01,4.131495777050171458e-01,6.838801834781138567e-01,4.358381726895667052e-01,7.002791753603488933e-01,6.886225475228053838e-01,0.000000000000000000e+00,8.658080505920315861e-01,5.063908826157799137e-01,5.257291864896324052e-01,4.434379711269005320e-01,9.285131092349836468e-01,4.604068188087314661e-01,2.357474423404659902e-01,7.333184025585005594e-01,5.648983833000876809e-01,6.247404670686340644e-01,6.763341518952694642e-01,4.534354933012431643e-01,4.451063578935737786e-01,5.116335541867421677e-01,7.919969839110285736e-01,4.721333807647336012e-01,7.641336458872810544e-01,6.321823758429764295e-01,5.565299544307011903e-01,6.973855116942744292e-01,5.716823537821221768e-01,7.015086393219843730e-01,9.808284541648637500e-01,4.546058938638143365e-01,3.521617560971039840e-01,2.727964149725030096e-01,7.183596918020316302e-01,9.312716172047946772e-01,4.633021205161392819e-01,6.170443928377417064e-01,6.058145784364592501e-01,6.087495807461069941e-02,2.315506385977139092e-01,5.915267009849070057e-01,6.587719515414857119e-01,7.188604046941419190e-01,5.764725459166952781e-01,7.167783468984084694e-01,7.904892498857756244e-01,9.414920910147925870e-01,6.350331371019217463e-02,1.718887156727353371e-01,6.060219987220598625e-01,5.025537480729084239e-01,5.643951636580372133e-01,3.258337321027764966e-01,3.995250025511173364e-01,4.043501803561547203e-01,6.020646426159448339e-01,8.698380065139479367e-01,6.063014533151880325e-01,4.254392241287359711e-01,6.921245486218142728e-01,4.801281880820664760e-01,5.251796443636087552e-01,8.663431603145999027e-01,6.895409883587483302e-01,7.767423701704251338e-01,7.878336516306831960e-01,9.113332432893539448e-01,3.034315682357549560e-01,7.443956134833755733e-01,6.912228735525568490e-01,5.863606148205322555e-01,7.970091153390661542e-01,7.674791423204827545e-01,6.748512194950400112e-01,7.535464588745971470e-01,5.710157530848871676e-01
6.047858269262337272e-01,9.344656177689161236e-01,4.001584393813331086e-01,8.648093559425354959e-01,5.223404092579240210e-01,8.480121631735553223e-01,9.867080540687359624e-01,8.160601728262275589e-01,9.984954358082245296e-01,7.011602721851125652e-01,7.927401500329225303e-01,6.953654141561146362e-01,5.047360005696615026e-01,5.450059469381470789e-01,4.102188529051775112e-01,8.658080505920315861e-01,0.000000000000000000e+00,5.595694628889760214e-01,4.767510260633204267e-01,4.959582145796975761e-01,9.179894952346908665e-01,6.512303647986407151e-01,5.136769418200225479e-01,2.562798490336157808e-01,7.996231263348749785e-01,8.099157100454341673e-01,9.663191669879472867e-01,6.435085396364857990e-01,7.741952904531380630e-01,6.545394002456200733e-01,4.723050753148201331e-01,2.238956669953988676e-01,7.811227871397473654e-01,5.387635510122945615e-01,6.380188930103257716e-01,5.572433854475220549e-01,3.296643861469293890e-01,4.625884851849990098e-01,7.283695261109025543e-01,8.465492598999271312e-01,9.381897852688028672e-02,6.729488062982426078e-01,9.851407812133097242e-01,5.065952673446293408e-01,3.526036342786171840e-01,7.534185850048329414e-01,2.286321657703195009e-01,2.664289015662160143e-01,7.710173798723291005e-01,7.354933454943592963e-01,9.839980019746135120e-01,9.734375584324621578e-01,9.609440548074597022e-01,7.823887211672865272e-01,9.463720766812557805e-01,6.093515594131198032e-01,8.498725501911381652e-01,4.903159101963926458e-01,6.229863967998142682e-01,6.421998421748744690e-01,6.049884456733558569e-01,6.973211261300044095e-01,7.549491812178237282e-01,9.153120062251992595e-01,8.180938981621136419e-01,4.054936913998064552e-01,6.245259062186572230e-01,5.228790705522048388e-01,4.376382066093088552e-01,7.416592776339482329e-01,6.396540832578974101e-01,7.301773721646001025e-01,6.496965498331619404e-01,3.920303562262497099e-01,9.763602370463386748e-01,8.108688734185642843e-01,8.403061291289399826e-01,6.864221775000982628e-01,5.735947529335496675e-01,5.817745177964813719e-01,5.421340140567163512e-01,6.562112142730864850e-01,9.195632953673660293e-01,5.498355713471516637e-01,6.430725356052767738e-01
8.882202330223627484e-01,8.943830607214465767e-01,6.033566531872877059e-01,2.119410684061334149e-01,7.275621650776056271e-01,3.559303293613457209e-01,6.634086931531670839e-01,6.037135295549576064e-01,7.673528531019376819e-01,6.929076490339648453e-01,6.371137410187971417e-01,6.442509530647715366e-01,5.574089627985530093e-01,8.294610780544873219e-01,7.066603122599833808e-01,5.063908826157799137e-01,5.595694628889760214e-01,0.000000000000000000e+00,8.807002943535816031e-02,3.516625416407914706e-01,9.431230888651208621e-01,6.759675068561006306e-01,4.944883477721930820e-01,8.948866369893458961e-01,4.557350439254156393e-01,2.093382282670079031e-01,8.771188508536179040e-02,6.954066488099732712e-01,2.790026730250547704e-01,5.895373123127389814e-01,4.623298146478312387e-01,6.279679443632159019e-01,5.647500312613623619e-01,8.875201229406682879e-01,4.035626065050507139e-01,2.366152927018822238e-01,5.737798213165298256e-01,5.873168651198461543e-01,9.968395016781670392e-01,5.755753242624059851e-01,2.058915587541332304e-01,5.806379649024822065e-01,7.541012059544000001e-01,7.936805698413031962e-01,9.852006149679779501e-01,7.742491865540712670e-01,8.064819324479582940e-01,5.442261639876717627e-01,6.049976599369953911e-01,3.670679693528166032e-01,5.349873844429686720e-01,4.717504439695098251e-01,8.287466679947043113e-01,1.097218536188524496e-01,5.380897469883660911e-01,7.900678611759244241e-01,4.055251287432978247e-01,7.569113368947227860e-01,8.812236227224310436e-01,6.705304967254198667e-01,2.804675959092543525e-01,6.225404813811715732e-01,4.702566852040398482e-01,7.740262772940192937e-01,5.114946177245498493e-01,4.180028052706202812e-01,9.845972257708199837e-01,4.918848043793255242e-01,6.308526263378954058e-01,5.029921769617672345e-01,4.235140432368311725e-01,7.639580504979304187e-01,3.574932382592632685e-01,3.575510265896016948e-01,4.727245266411023716e-01,4.009213127454519521e-01,5.996173415845558186e-01,5.468931055026642341e-01,4.616294773813183761e-01,2.537070121378045551e-01,1.629486173808489258e-01,8.080210805308531974e-01,6.136608778255210339e-01,3.753798140008464401e-02,4.043984094944547691e-01
