0.000000000000000000e+00,3.492472514877597023e-01,8.516516466024078857e-01,5.647494580428283895e-01,8.213099676029147478e-01,3.283839701575448355e-01,6.015370064858172050e-01,6.310752788629523380e-01,1.077237582438623775e-01,9.085135127966915691e-01,7.911951355544982745e-01,6.079336960243583166e-01,8.139223430679762838e-01,9.792477563728644308e-01,4.208060089179123664e-01,7.380427113601671918e-01,8.090639138597240931e-01,3.252340946123093435e-01,9.401547480474318208e-01,9.568245970456847882e-01,6.520851291328813026e-01,7.458995036524161959e-01,5.854247708352667834e-01,7.181714505745253607e-01,4.104673987203531493e-01,9.317515901804030998e-01,7.349730215590249971e-01,4.196938499302549364e-01,4.965937928718316408e-01,1.974051513623315823e-01,5.915703938483951596e-01,4.085699954882751617e-01,5.341282278879362355e-01,2.501116506196511269e-01,4.027405229973051171e-01,5.373282262496738015e-01,1.540164938409226414e-01,4.526053658415241099e-01,7.374270146319689134e-01,6.727509220755513164e-01,1.751580412821447108e-01,8.233370482992343753e-01,9.032988620485512543e-01,8.395001412620342052e-01,9.295876308730626203e-01,3.558764582612308769e-01,6.541351734700103782e-01,8.448083077379018313e-01,6.517836448877519784e-01,2.858532634103597703e-01,7.570834342089801661e-01,4.038255210962801711e-01,9.839086549705369222e-01,5.772720218409892468e-01,4.248203629703695139e-01,4.846591940817047695e-01,7.340864339917198000e-01,8.538220530500059136e-01,9.094289797477755899e-01,8.954802324509639200e-02,7.471465839330211356e-01,7.721433988552470762e-01,9.585792371656762789e-01,4.438494789329243129e-01,5.003798769057035134e-01,9.619744751087259127e-01,6.036700314681184842e-01,9.203296304525196980e-01,7.854774648372599977e-01,6.809491747493836566e-01,7.550405443377991022e-01,9.819604118761143807e-01,-1.254127558756151783e-01,2.637189661934990492e-01,9.542018292330304297e-01,7.814136384362296850e-01,3.144687871037858962e-01,8.715128260797000426e-01,4.789948241505166404e-01,2.240943686176224692e-01,6.603134783334809743e-01,7.507391986519859062e-01,8.798828699034655365e-01,4.857868777306746377e-01,6.972566231519231605e-01
3.492472514877597023e-01,0.000000000000000000e+00,6.240503674461946870e-01,6.709270693178366329e-01,7.523932810304164720e-01,5.192681213836575216e-01,2.963324285268464919e-01,3.299304890009500668e-01,2.017138766020157015e-01,7.737952052077421428e-01,7.332785644931173463e-01,6.202331834817188527e-01,9.084718350212285243e-01,3.438856369441786187e-01,6.968936703479585715e-01,5.483414756499339626e-01,2.072642015656107617e-01,7.797351330466943953e-01,5.663923415722900145e-01,6.842410976938477774e-01,6.507312937089501093e-01,7.996696184650720074e-01,7.455132380699475148e-01,9.778764508815080969e-01,3.331101362235944219e-01,5.181085275490077136e-01,5.619708049122401627e-01,2.184861235102888155e-01,7.869743935249123856e-01,5.432545581758247977e-01,2.903227036746267586e-01,2.466226935804267106e-01,3.312549161404670928e-01,7.652564365754728204e-01,4.376817353219787932e-01,3.881301393887536810e-01,5.076659009676326439e-01,4.068937227352141806e-01,5.316048774201357352e-01,8.754725388927039331e-01,5.246236352793651886e-02,4.783803771958252682e-01,7.833201627933805700e-01,9.247418963948860204e-01,2.410637210926101226e-01,7.458194746868593850e-01,7.177383999323310171e-01,9.141767659678634583e-01,8.635631458341128663e-01,5.763665806585854812e-01,4.023053958576405797e-01,7.313538411066645706e-01,5.549151089697619277e-01,5.008272508890085906e-01,4.985129825042913243e-01,9.928384618585620602e-01,6.888013930355041392e-01,3.544397927451871100e-01,5.139591122373009524e-01,9.577487926841630195e-01,7.513601154568468887e-01,5.822570354916835056e-01,9.216210107395114148e-01,6.248538478780110150e-01,8.702002552755434550e-01,9.884582979695741844e-01,3.046481608853371034e-02,8.067410775235667186e-01,7.259113723864128731e-02,9.737447296432402144e-01,6.072742025394898269e-01,8.224758983850243288e-01,1.253957750277712169e-02,4.127968737907213859e-01,2.827819562789687380e-01,3.909448851411886916e-01,9.298237709903980353e-01,7.215253886657435611e-01,1.314744138725769396e-01,3.298060309238738386e-01,5.607636312141083268e-01,8.401422579947559477e-01,6.866013304828701980e-01,4.769403432579218949e-01,4.434835767970840004e-01
8.516516466024078857e-01,6.240503674461946870e-01,0.000000000000000000e+00,4.707783754946139876e-01,2.148271326951344262e-01,5.517147156282113940e-01,7.002378997302608488e-01,8.258044474187445916e-01,5.170493036374772533e-01,7.599455558200980398e-01,8.939032591228470714e-01,8.597693557455673430e-01,8.885921120360976699e-01,9.224304069055077049e-01,7.790119706972387092e-01,6.553405660496116614e-01,9.767547437788056675e-01,6.070855578838842970e-01,8.602153573562112410e-01,6.909560083098145178e-01,8.419756907166237037e-01,8.871555406002673561e-01,8.814060362103937063e-01,8.204245786383869143e-01,9.822974803285720036e-01,7.382819208752029461e-01,8.517988196016812452e-01,8.824165526324587727e-01,5.774881696465555825e-01,4.805791229463321490e-01,2.783638885530055340e-01,7.571911789148535465e-01,8.986341320755502071e-01,8.890104439513674128e-01,6.626610279457643138e-01,4.442140086364202989e-01,2.247265160322485245e-01,9.874687512327124939e-01,9.270011208673568648e-01,8.063305675964836938e-01,5.175073679313639818e-01,9.690827715874164028e-01,8.250577159832827023e-01,7.042264483906399697e-01,5.808273686939013913e-01,5.854353417429458695e-01,9.101343341020714517e-01,8.319453404070272784e-01,2.313601368114091561e-01,8.934029487593629915e-01,9.062501532346889377e-01,8.900111521372107148e-01,8.266535412107715031e-01,6.052457545269723793e-01,4.178361282641158969e-02,6.805477469546810099e-01,5.966126491815160193e-01,8.004161986895103054e-01,6.087802328664905227e-01,5.215772837441186027e-01,3.935958623745422491e-01,2.223553770384557315e-01,5.729678181343383914e-01,6.198449939043104706e-01,6.144843777431600040e-01,2.248830753718319697e-01,5.327516918887580388e-01,4.198879318324019172e-01,2.670975306333895904e-01,6.425114686960435861e-01,8.757705536706326122e-01,7.709642862702451582e-01,3.542313547665175699e-01,7.699715423338895359e-01,6.481996267110127219e-01,8.411280186107046308e-01,9.831676011661292236e-01,7.163027330370117518e-01,2.467480717439677895e-01,3.268162889815993122e-01,8.372142865227365505e-01,7.903415469386911862e-01,9.568298609745620187e-01,8.174039834324539067e-01,9.395336219440231229e-01
5.647494580428283895e-01,6.709270693178366329e-01,4.707783754946139876e-01,0.000000000000000000e+00,7.918385355546841975e-01,4.958202435879418557e-01,5.902300350403418827e-01,8.228832877419166580e-01,8.220744392070001849e-01,4.364353693784805976e-01,6.983585474300556539e-01,5.609934290805256296e-01,5.962755862631866632e-01,5.575810197313146865e-01,5.230061718784113634e-01,6.683125580763231710e-01,7.247170919012222434e-01,7.586619017177602675e-01,4.381713909732660173e-01,7.905950676415822720e-01,6.421915865366624177e-01,7.231331750055216556e-01,4.861671619511495623e-01,5.184015717874272955e-01,6.771332938564915693e-01,6.161825726874926579e-01,4.962058218706259516e-01,8.104586950462849826e-01,1.034094822739870384e-01,6.971461957066581450e-01,3.117316899465915059e-01,6.844597918913062351e-01,3.225127632011929313e-01,9.948163412566459751e-01,9.135858286002552786e-01,2.685320515464826863e-01,-3.316420279155421480e-02,7.328761718049948692e-01,8.891877486179919909e-01,6.746998879748742350e-01,4.890639776933364269e-01,9.533151995620045005e-01,3.952647048878878966e-01,6.762717475344097728e-01,6.173623540801307374e-01,8.640426135066126001e-01,4.902919101431976179e-01,7.704897765090243933e-01,1.468752842480624266e-01,6.228193885446177136e-01,9.429829961251555703e-01,7.845556198005465554e-01,9.976400511055689702e-01,7.004016215956910818e-01,1.451069825788275647e-01,7.756233334484332609e-01,1.229196890660748109e-01,3.314185276916831735e-01,6.331742751740647712e-01,2.475389981996922728e-01,4.132046419864280340e-01,8.914039218700321454e-01,2.578038514032138240e-01,9.674340846914730729e-01,5.619596310344675549e-01,6.282992972259145992e-01,5.263271037890318027e-01,9.017453110863502541e-01,1.108375187794957972e-01,5.542660238743107870e-01,5.861077979923687842e-01,6.903377894079066879e-01,5.492727828847797644e-01,3.267424335376053479e-01,7.700226823112327201e-01,7.591972107439709516e-01,4.863977729158737162e-01,2.119597603238341788e-01,4.893083737061788563e-01,1.864054050244114136e-01,7.928573874733566562e-01,6.745307077087425718e-01,4.857477000638106279e-01,1.596230187377683518e-01,3.734508479124698521e-01
8.213099676029147478e-01,7.523932810304164720e-01,2.148271326951344262e-01,7.918385355546841975e-01,0.000000000000000000e+00,2.385431828301691204e-01,7.349516651901590869e-01,4.252848920053232673e-01,7.067533061945919792e-01,5.032126389730567917e-01,5.690299621979137967e-01,8.450206016134772513e-01,9.478981846787257748e-01,4.938474669945889239e-01,7.459102345782353538e-01,1.539036673017817880e-01,7.587109063614760895e-01,6.994740607315232950e-01,7.862548673482505635e-01,9.432820027877411029e-01,7.203205689613361162e-01,7.693674302704903156e-02,5.986146565851587775e-01,8.934340313247276510e-01,5.200513352474358530e-01,6.882681718007331861e-01,7.700129265915249821e-01,9.929200203423058646e-01,2.506296497918829025e-01,2.760495156868743583e-01,4.903105842470582010e-01,8.258622834150888825e-02,8.707444433067287326e-01,7.883696634834900241e-01,5.058478325179884827e-01,2.602830451426313974e-01,3.386066692204604545e-01,7.818725508263888457e-01,4.842487866098053595e-01,6.321281586482035975e-01,4.669196654090292387e-01,4.990585384367344224e-01,6.048207599516434163e-01,6.798663325699126903e-01,8.752104685050452471e-01,7.736493635221218801e-01,2.536023797940998303e-01,7.011575995286798424e-01,8.083703895038917286e-01,6.106465978696252739e-01,3.360810987454169729e-01,4.315808389895436914e-01,3.654925090759680306e-01,3.657697699295338056e-01,7.217260829635858688e-01,3.252316514555423366e-01,5.750904728907060282e-01,6.029842348813393427e-01,6.846442651467451457e-01,-1.712297890657660249e-02,4.692818365801452174e-01,5.897146071510546150e-01,9.256213590831797733e-01,2.307243438410639114e-01,6.917738149122028002e-01,4.418153879032738485e-01,9.967851336686426311e-01,9.567400853166028174e-01,4.300328447248025210e-01,8.032468689217309166e-01,9.264793986979678042e-01,4.238513012016716930e-01,3.110749563093765380e-01,5.614761641066673414e-01,2.640677352515854448e-01,8.069480061293252682e-01,6.606680521413563767e-01,8.609917524163814839e-01,2.855427569777409524e-01,-6.324562341995648707e-02,6.520004980299724806e-02,9.971143956876740155e-01,6.940508536613980706e-01,2.103013014664733837e-01,9.300780317727010971e-01
3.283839701575448355e-01,5.192681213836575216e-01,5.517147156282113940e-01,4.958202435879418557e-01,2.385431828301691204e-01,0.000000000000000000e+00,2.052797604289280931e-01,7.084299925709847123e-01,3.550660405326480085e-01,7.609763262070570189e-01,7.222799311874793515e-01,4.486949703401506562e-01,7.313439731624524764e-01,7.784475518271530836e-01,5.220785489173613847e-01,8.162529247783335551e-01,4.316048337860401429e-01,7.396151208691632561e-01,1.690485201855213837e-01,7.106539878265052401e-01,9.547573613964096539e-01,7.282992713473821489e-01,7.226111073729712952e-01,6.580559749476163622e-01,7.189740834998566976e-01,8.109587878730990518e-01,7.264896543340689794e-01,9.355038737250434000e-01,4.793500652404917850e-01,4.761648994408052560e-01,3.756881530118801882e-01,4.946799699578503517e-01,7.308500561464162937e-01,7.811892999109483204e-01,5.989227390216647073e-01,6.844652984251152761e-01,3.642229719215868133e-01,1.612822480934293923e-01,4.989433154084013666e-01,2.556278624163268454e-01,4.406970507523400027e-01,3.849262602050031457e-01,9.633822303337581383e-01,4.655802369248404626e-01,9.402584797609939704e-01,3.419345199836409943e-01,5.228015301379268509e-01,4.479492063533513924e-01,2.817735122205772824e-01,7.740228832973475859e-01,6.954011672164304159e-01,7.735860230244085978e-01,9.582511634644197418e-01,5.601344856852568110e-01,5.425372896694362623e-01,4.619284800539408264e-01,4.028826278716038378e-01,7.087450407466409086e-01,8.921696716607857569e-01,5.815850209787098990e-01,5.829843187534625715e-01,7.217672807154839054e-01,7.038537976073898639e-01,8.923232514526587833e-01,6.255190207945442449e-01,7.600515978651333215e-01,2.826983713042722779e-01,9.322461798238262931e-01,6.833680524942792323e-01,4.490759988814146952e-01,8.327317576426921386e-01,5.805771775700031556e-01,3.574279366278286241e-01,3.702753937404749673e-01,5.503933607806530404e-01,4.116455679118465327e-01,7.686994260100050713e-01,2.072697917389148270e-01,3.174670520771318838e-01,2.530479720615033679e-01,6.688117796498069811e-01,8.572828849152460684e-01,6.474324097932777633e-01,4.056823894842806477e-01,8.806688566669411689e-01
6.015370064858172050e-01,2.963324285268464919e-01,7.002378997302608488e-01,5.902300350403418827e-01,7.349516651901590869e-01,2.052797604289280931e-01,0.000000000000000000e+00,4.552320797196940938e-01,5.659815279530520105e-01,3.991039530522223489e-01,3.343234781878452466e-01,5.427878952419904479e-01,3.342436377421763583e-01,4.282570622105425495e-01,4.446997058807638514e-01,3.774066239830247554e-02,9.524297463493238691e-01,9.635872106132749026e-01,4.379597169598646311e-01,7.908787395596907910e-01,9.596649000156525222e-01,3.000661221370956033e-01,4.867177742132357543e-01,6.809316193054664179e-01,3.895067797784534935e-02,3.348372188771163716e-01,4.362384053487205482e-01,4.307427116271174694e-01,7.117338233092344035e-01,3.070163227221030522e-01,2.260398948890126047e-01,5.068704781593175168e-01,-1.011792527300571370e-01,6.156278120146987387e-01,7.648593583039398069e-01,2.566342519369707587e-01,5.571530493812911766e-01,7.794641569380076351e-01,6.679280330740102745e-01,7.915603393497644413e-01,5.748042090701181994e-01,-2.731682823119355175e-02,6.371414333423195409e-01,8.379568236595409392e-01,7.919916171579973740e-01,3.001374653990156460e-01,7.318901773836608005e-01,5.116429410234329955e-01,4.538654243407143074e-01,4.092567906296991076e-01,5.221549125383141421e-01,3.067613367299856231e-01,7.317004465031039517e-01,5.044078370141262813e-01,6.831097832421599847e-01,4.619768236300272335e-01,6.659120520606219840e-01,4.798436378583524342e-01,8.111040569614521578e-01,2.010501187464757700e-01,4.353064240087639591e-01,3.291801753644831852e-01,6.742634972996985887e-01,8.375040631276051695e-01,6.861443873170310903e-01,5.581044956475321728e-01,2.112582178127718480e-01,6.552663132897244003e-01,7.658010048095695854e-01,6.057889786393038101e-01,4.290659591343931600e-01,6.122999807712021791e-01,1.580071029021727635e-01,2.042610525389974563e-01,6.538686543712114441e-01,1.454867154412842201e-01,5.869730600227659467e-01,5.199815598015290474e-01,-4.291631107539284340e-02,3.416044282671953924e-01,6.543684388656209050e-01,9.871741003675944537e-01,4.874493443086297395e-01,2.190036835242418767e-01,6.202134384590805016e-01
6.310752788629523380e-01,3.299304890009500668e-01,8.258044474187445916e-01,8.228832877419166580e-01,4.252848920053232673e-01,7.084299925709847123e-01,4.552320797196940938e-01,0.000000000000000000e+00,7.294657748411019771e-01,6.660718850731712770e-01,6.207249744123672919e-01,7.550670109951577169e-01,5.536234513590905237e-01,7.060607810674073281e-01,4.296372521414277279e-01,6.781456574056190512e-01,5.348898343809522782e-01,1.368381893917817171e-01,5.253014349898732505e-01,8.540905135823557703e-01,8.946748375528429387e-01,6.656754594803985237e-01,3.734845450382203724e-01,4.640759693035185762e-01,9.234354501601358400e-01,5.594059496700242162e-01,7.079252691443246315e-01,6.282114403680776338e-01,1.674490823135071083e-01,3.972353615973720498e-01,2.980387932444172883e-01,5.806960707423101109e-01,2.037710756978933779e-01,9.398345532512618616e-01,6.202868172845865669e-01,6.621642377333321061e-01,4.036490215765049516e-01,3.825754284709756980e-01,2.858146641003000421e-01,5.534371694779296469e-01,5.881819155643246422e-01,5.185237510370143132e-01,8.371658710245092339e-01,4.377752259025742831e-01,7.417732579709019891e-01,6.498678181422684608e-01,5.149443770428510092e-01,4.612416221609926259e-01,2.227399887153320157e-01,4.445336041001424765e-01,7.987429503934317943e-01,7.717027789466688326e-01,5.667989542486837617e-01,4.094939871258121422e-01,8.529469012966678365e-01,9.252872779238030532e-01,5.272958729193683025e-01,8.731889656852738213e-01,9.670375129129220593e-01,2.692071018071486299e-01,7.864479569771426481e-01,9.365754039880127557e-01,7.310102632629218444e-01,9.360736953136725713e-01,7.354745294343149054e-01,6.313763950456976470e-01,6.808333851914032397e-01,8.195333706978933375e-01,4.035481789364598892e-01,4.955785907815811187e-01,2.043802738667275798e-01,5.814204498104847962e-01,4.457315467019039579e-01,4.766981195757429290e-01,5.931105367219023927e-01,5.273283880504027188e-01,2.336606868550718530e-01,5.218701239845181528e-01,9.806358738494002081e-01,-4.957414252613465133e-02,3.650963439768016294e-01,9.186824497832319913e-01,6.486818488445594832e-01,7.960475802412120272e-01,4.121745271726380833e-01
1.077237582438623775e-01,2.017138766020157015e-01,5.170493036374772533e-01,8.220744392070001849e-01,7.067533061945919792e-01,3.550660405326480085e-01,5.659815279530520105e-01,7.294657748411019771e-01,0.000000000000000000e+00,3.097642074115477540e-01,6.782292399006536465e-01,2.658137434216219508e-01,5.703174976994564993e-01,5.193691706948548870e-01,4.417327047869344936e-01,1.863976711552738919e-01,4.303724645387049796e-01,7.318040501674796250e-01,5.227713300789967876e-01,9.042461777444001925e-01,7.181997814791917234e-01,4.330941066383461324e-01,6.675007818521497827e-01,8.655950338402991218e-01,7.363246340271910606e-01,6.874020286908733013e-01,9.303110059023389500e-01,5.242460840140862333e-01,2.397171530885039981e-01,5.863110905360293668e-01,2.841761001091688832e-01,5.920421473903476617e-01,3.991168456795952113e-01,4.328740687754589200e-01,5.652783925654645270e-01,5.837597022177692940e-01,1.726784639305164459e-01,5.592859495307782591e-01,8.001718609557725292e-01,6.945683531890095574e-01,9.770756499238544279e-01,8.451509998911348465e-01,7.688326861109580079e-01,8.316408411391351674e-01,8.317111694730305871e-01,2.734438516080810455e-01,4.144439887586376381e-01,7.301435138027356775e-01,5.178736369871276279e-01,6.644143091089687037e-01,5.691291398508093735e-01,6.231599798606127782e-01,6.912061885697308172e-01,2.711038247968725612e-01,8.015746736774598258e-01,9.375363290344598255e-01,1.500797694030380214e-01,2.067093616680470425e-01,9.957545547318936707e-01,5.335360671393020171e-01,3.269927781720781690e-01,6.142712190042194376e-01,4.270958167370969560e-01,6.656948274596764525e-01,8.405256188665203299e-01,6.170728855903692134e-01,4.633473807488667773e-01,8.066660318305753918e-01,3.406274228375080204e-01,4.620770068959236809e-01,8.532357935937269211e-01,5.325583145992625056e-01,4.244391382596234275e-01,2.907228579409186775e-01,7.118821021122100356e-01,5.097360407733335652e-01,6.080377011801803011e-01,9.444699350005210103e-01,5.406260411512958663e-01,3.582055992002707301e-01,7.557409085963736617e-01,3.008698605952232485e-01,6.035045144354304059e-01,5.831764145089903817e-01,3.390932137291293724e-01
9.085135127966915691e-01,7.737952052077421428e-01,7.599455558200980398e-01,4.364353693784805976e-01,5.032126389730567917e-01,7.609763262070570189e-01,3.991039530522223489e-01,6.660718850731712770e-01,3.097642074115477540e-01,0.000000000000000000e+00,7.399480602871085777e-01,2.779649983653825762e-01,1.082983670800221898e-01,5.529088215388526795e-01,6.074217340122546327e-01,6.117567729504037599e-01,7.976929304533568743e-01,5.538032941273044463e-01,8.805045338249917197e-01,1.049107319574845154e-01,7.346767300315872884e-01,5.218743237925003164e-01,4.198867090504114774e-01,7.706961570697983266e-01,5.547934072651017345e-01,9.995620616924636437e-01,7.275246147251637208e-01,7.333522407271533261e-01,3.831686167891007466e-01,3.280832501601362861e-01,2.945611390427662069e-01,6.590047359142198191e-01,5.243980263808076803e-01,7.436650494542625944e-01,7.375146138252135497e-01,6.008895660047735010e-01,4.525218816543468692e-01,7.513796467009936642e-01,7.192626905915266988e-01,6.472618594856848206e-01,5.251869307586765068e-01,6.415460074932674006e-01,4.529701419282016195e-01,6.355531262083402577e-01,4.189403563139098008e-01,8.205031362250995164e-01,4.938380612045759621e-01,9.144031728103799717e-01,5.858504919379654563e-01,3.063536337715963009e-01,6.030865033389539720e-01,6.098351808380381156e-01,3.914523279551240242e-01,4.431086236324583982e-01,6.378409419324729823e-01,8.450287664765768203e-02,6.458080302821369578e-01,2.035465111365741264e-01,4.201877669238131552e-01,5.348012584268536651e-01,-1.123547691151730032e-02,6.865176781453355970e-01,8.232153314913164266e-01,6.085251463320550114e-01,5.475308860668506306e-01,6.839242820325515115e-01,5.717270309989198607e-01,9.596169956707559789e-01,6.357123519763083763e-01,8.743734236444649088e-01,6.738903980091250911e-01,6.822829864102336606e-01,4.378218358865114124e-01,7.382961645160599495e-01,7.440097746375956556e-01,8.742577819837731301e-01,5.975626139741199161e-01,3.698516909882704207e-01,3.171969507762505969e-01,5.875288886785117182e-01,5.209533530105276977e-01,5.178147383245087498e-01,7.007251626979846826e-01,5.194440244152294106e-01,7.999082023613462988e-01
7.911951355544982745e-01,7.332785644931173463e-01,8.939032591228470714e-01,6.983585474300556539e-01,5.690299621979137967e-01,7.222799311874793515e-01,3.343234781878452466e-01,6.207249744123672919e-01,6.782292399006536465e-01,7.399480602871085777e-01,0.000000000000000000e+00,2.050672901733162357e-01,8.681171936543250478e-01,6.692896593424891849e-01,3.001626916007739121e-01,4.802161286059238310e-01,7.708720984415131650e-01,6.324871937740297323e-01,7.316752405339352894e-01,9.116736208856853763e-01,8.108490576986020493e-01,4.364543882101267203e-01,6.183050385725892273e-01,9.648622857372004535e-01,2.726906585034833408e-01,7.898617944125302381e-01,6.723258566237306777e-01,3.537252433521631545e-02,5.892128652853977355e-01,5.897260608985888108e-01,5.871435842701658858e-01,2.451056729189301231e-01,5.396587892685386079e-01,9.046483759101076050e-01,7.601974348753701705e-01,7.234610801769760791e-01,3.524688225370714023e-01,7.840130028500833514e-01,8.811270422495499632e-01,9.582506202625522551e-01,4.723794951686722809e-01,7.156146308544604207e-01,5.436859534254129267e-01,8.132095024900246605e-01,8.956198001035906575e-01,5.651465502252174256e-01,2.444088263244989234e-01,9.027084222439288874e-01,3.796027721599164462e-01,4.665112557242103719e-01,9.622773839845869537e-01,7.851962541426642517e-01,6.424267601511107761e-01,3.866988893905166091e-01,3.594010790471101613e-01,6.593277607120788808e-01,5.967031988130402365e-01,7.665919169276003142e-01,7.049383055873758019e-01,5.869211058567619377e-01,3.981725437559942016e-01,6.486977221969691954e-01,6.188664363935306723e-01,5.497029940185116370e-01,9.776066208631624121e-01,3.804531846572116183e-01,9.692351108861528841e-01,8.675028490555956040e-01,6.620105133678040321e-01,5.986217284629820057e-01,5.806637293194440996e-01,7.044100632327975342e-01,-2.503287581262980677e-01,-1.036076345942296695e-02,6.088177467609663385e-01,9.957322394393135490e-01,6.251936323457948363e-01,4.431390266621251239e-01,5.650905447924461367e-01,3.680244427972144683e-01,-7.931639291845737905e-02,4.786603096882223740e-01,5.500091748708249018e-01,2.055308319480423362e-01,2.880355171016664162e-01
6.079336960243583166e-01,6.202331834817188527e-01,8.597693557455673430e-01,5.609934290805256296e-01,8.450206016134772513e-01,4.486949703401506562e-01,5.427878952419904479e-01,7.550670109951577169e-01,2.658137434216219508e-01,2.779649983653825762e-01,2.050672901733162357e-01,0.000000000000000000e+00,3.664907991213423033e-01,9.237724887702615240e-01,7.146472638998715432e-01,8.781186790195596448e-01,9.908410305801760298e-01,4.411373203668756404e-01,2.776029445668777296e-01,6.122533877666330726e-01,9.933694444336838014e-01,4.368924108694135500e-01,6.069596953264795314e-01,9.983873115732504466e-01,3.277712344787599985e-01,5.137270907055057068e-01,4.297053010632845838e-01,3.124611125677558277e-01,2.462752745324873205e-01,3.504681650022931638e-01,5.938559295218865941e-01,2.004384864381669462e-01,9.753618412250365521e-01,4.147071974586353793e-01,6.267579119516624164e-01,4.967773277603184101e-01,7.784843834122712192e-02,6.572192385321554697e-01,4.078551019063937355e-01,6.276950452193515995e-01,2.951737403234928614e-01,5.888996398654879894e-01,7.212880435040645022e-01,3.974879195582550206e-01,3.099001271437294425e-01,5.333019198847368525e-01,4.562427091070498375e-01,3.719221740172780066e-01,6.169841021753922350e-01,4.655633445168437801e-01,5.795219650664935607e-01,7.103633505987647645e-01,7.633460568133690893e-01,4.854178307981338869e-01,6.051939396261561965e-01,9.229896783836603058e-01,1.389600374354637846e-01,9.909101981105400414e-01,5.275512903993803127e-01,5.914325154228605719e-01,6.134235839185367412e-02,4.382725632678558525e-01,8.919659395503265475e-01,9.723289542428252830e-01,7.442775022200817103e-01,6.322797011200300688e-01,5.627489129103020460e-01,7.176893255249071624e-01,4.668328137789494736e-01,7.053520547673167718e-01,7.914601782981984801e-01,5.732555445661058346e-01,4.253355285660718743e-01,3.704253310742718908e-01,1.150378143710426154e-01,6.766494282494543988e-01,6.006530137031426131e-01,2.124994240445758353e-01,7.290914829749433057e-01,5.402598624498785584e-01,5.572992631190815116e-01,5.254736057141180527e-01,4.305954087459904489e-01,7.461778493542272628e-01,4.530051511596302483e-01
8.139223430679762838e-01,9.084718350212285243e-01,8.885921120360976699e-01,5.962755862631866632e-01,9.478981846787257748e-01,7.313439731624524764e-01,3.342436377421763583e-01,5.536234513590905237e-01,5.703174976994564993e-01,1.082983670800221898e-01,8.681171936543250478e-01,3.664907991213423033e-01,0.000000000000000000e+00,3.403067482035554425e-01,-3.397820390653982781e-02,9.103920780498980792e-01,7.969562795932623178e-01,7.544796549274869202e-01,9.197790148500029073e-01,8.521893902029182843e-01,8.747354856772677767e-01,6.044495145195908359e-01,6.044826674191106086e-01,7.510050594885948616e-01,5.202275125355926289e-01,6.306235213989570543e-01,6.631814914958867879e-01,8.757665873338668083e-01,6.985263536938755013e-01,2.981713882028345086e-01,1.765092131063442649e-01,1.951412436564541608e-01,6.942621120300701554e-01,9.046836584069438691e-01,7.223564495508133509e-01,4.935384349849574193e-01,2.384059172437682714e-02,7.053179064327164127e-01,4.275790316719407791e-01,5.786888599743101880e-01,3.904378800973569708e-01,8.180483425960823896e-01,9.895070949919180237e-01,5.706498205286504311e-01,6.550037356392407473e-01,6.525629679135227512e-01,3.282085422554200660e-01,4.967764729853246242e-01,9.594952784630159659e-01,4.557927069337354697e-01,8.964089102238577134e-01,6.929019878633064788e-01,6.872106778033225671e-01,6.677704216671718207e-01,8.954720058958984819e-01,5.102722923568235869e-01,5.943866343639658822e-01,8.991152246067720677e-01,7.379414932568734153e-01,7.437487816818340036e-01,2.596395584582152360e-01,4.760554053881469461e-01,4.423827834190594555e-01,9.568918356641531453e-01,4.432799529566915919e-01,6.462538323950268726e-01,8.303327769004641423e-01,5.386903020510915852e-01,5.140446008752780349e-01,8.295864327774019609e-01,3.250179132647098568e-01,7.813345353019602868e-01,2.237809879316430828e-01,3.487440941066736189e-01,6.998615643681428411e-01,4.409582854400278529e-01,3.288919160846606737e-01,7.545323794506583193e-01,3.728748077955434947e-01,3.294542002173213580e-01,7.229976673195680492e-01,9.543669736222724076e-01,8.379464171564696695e-01,6.021058773808276587e-01,6.992608995982991793e-01
9.792477563728644308e-01,3.438856369441786187e-01,9.224304069055077049e-01,5.575810197313146865e-01,4.938474669945889239e-01,7.784475518271530836e-01,4.282570622105425495e-01,7.060607810674073281e-01,5.193691706948548870e-01,5.529088215388526795e-01,6.692896593424891849e-01,9.237724887702615240e-01,3.403067482035554425e-01,0.000000000000000000e+00,2.611886210202909453e-01,6.877211454528561196e-01,7.538420527092440926e-01,6.669947829418958474e-01,5.777583996836394009e-01,7.900439889342286692e-01,9.215720408787640983e-01,7.109418342596879326e-01,9.944331102236663167e-01,7.153445806152926023e-01,7.571393487804369826e-01,8.338814099172038308e-01,7.703465291766881107e-01,9.936380703556716432e-01,8.809390152911862337e-01,4.988919204437339272e-01,4.724679785368536278e-01,1.054838287226511628e-01,4.421726422008521173e-01,7.832649282923285217e-01,1.847185573260644587e-01,2.940466728456779255e-01,3.832297370683788312e-02,4.661079140843545354e-01,5.123404114781913155e-01,7.034959352945069355e-01,2.756488893418185260e-01,4.214498681232806687e-01,7.342092810008610249e-01,2.805057768830550025e-01,8.241581780232964949e-01,9.034909252107921063e-01,3.340219362835987749e-01,8.917018448238521744e-01,4.257585775382509707e-01,6.206781173792493833e-01,5.590995606808383256e-01,4.926170420499998426e-01,6.382435243952572224e-01,9.799956272584360306e-01,8.909168810107679359e-01,8.145817581449789069e-01,7.134418888781151047e-01,7.488680527763091899e-01,2.416994245582176348e-01,1.041538313111720765e-02,-1.355293539703730232e-01,9.890260942260643562e-01,7.121843739022603037e-01,5.139167564027584678e-01,6.982689866919861155e-01,4.916343146229568695e-01,8.568974642337428005e-01,5.858175477291213129e-01,5.725219763675309936e-01,6.665724263471481947e-01,1.875901569115530354e-01,5.084636746013692088e-01,3.580593386846405712e-01,1.720791477667460434e-03,2.950853051413958039e-01,7.582084615582632692e-01,7.882854499454041708e-01,6.051860466598482091e-01,6.857401535637858148e-01,5.623781917253108942e-01,8.442482178335496412e-01,7.803898219229677968e-01,8.881216906565638780e-01,1.921122424469656753e-02,9.623673989156980024e-01
4.208060089179123664e-01,6.968936703479585715e-01,7.790119706972387092e-01,5.230061718784113634e-01,7.459102345782353538e-01,5.220785489173613847e-01,4.446997058807638514e-01,4.296372521414277279e-01,4.417327047869344936e-01,6.074217340122546327e-01,3.001626916007739121e-01,7.146472638998715432e-01,-3.397820390653982781e-02,2.611886210202909453e-01,0.000000000000000000e+00,5.582117532934512960e-01,1.427833947329803788e-01,7.744010344779672650e-01,4.575878868034501945e-01,7.919126654385020281e-01,6.262136195849656861e-01,2.375136691165180836e-01,5.209772464284078142e-01,8.852627618092283601e-01,5.708513843980265179e-01,3.028398696882544372e-01,8.315165865839226900e-01,7.557731069323860851e-01,7.945355582459654453e-01,5.935873483101289372e-01,2.783751112421058993e-01,5.929368783279346244e-01,6.715836501641927470e-01,6.985831257390381355e-01,9.705875592073037739e-01,4.851225743437246329e-01,5.852105200320537604e-01,8.120800396719997094e-01,2.190894302090517498e-01,2.274535757042066841e-01,7.458469544999021261e-01,4.331471774103393679e-01,9.586994265340005317e-01,8.693803191963226373e-01,6.765071156208267711e-01,6.790648564199349702e-01,5.710717737027894980e-01,4.103742635768733438e-01,6.552598877982167558e-01,7.867049182494264548e-01,-5.579401311791817863e-02,8.673305546773156793e-01,5.357188111439843414e-01,5.943757080234544077e-01,7.541878826578598538e-01,8.766597975326541059e-01,5.465505445936639228e-01,-1.506667457239930785e-01,2.690987871515900798e-01,5.914368323911072256e-01,5.661120625138490459e-01,4.243177891866267704e-01,6.319642022771411183e-01,6.244906754468705357e-01,5.433123135466014775e-01,3.391710807579004783e-01,8.263761276806863565e-01,6.125097944392020599e-01,5.052214107118382369e-01,6.956262001319971633e-01,9.653062237405931612e-01,4.871562493767667701e-01,1.037028258617183132e-02,2.731215449949859764e-01,2.616225921685655376e-01,3.389423161271281071e-01,4.072462840435523979e-01,1.669489779065581603e-01,3.694869960712147128e-01,2.441847151232387492e-01,4.146438008469161551e-01,7.504915968357244171e-01,2.896303134432537396e-01,8.865776033831684888e-02,5.993585222974334714e-01
7.380427113601671918e-01,5.483414756499339626e-01,6.553405660496116614e-01,6.683125580763231710e-01,1.539036673017817880e-01,8.162529247783335551e-01,3.774066239830247554e-02,6.781456574056190512e-01,1.863976711552738919e-01,6.117567729504037599e-01,4.802161286059238310e-01,8.781186790195596448e-01,9.103920780498980792e-01,6.877211454528561196e-01,5.582117532934512960e-01,0.000000000000000000e+00,5.055951254254709148e-01,4.690803614966470581e-01,8.607384946646548518e-02,6.706375556676777983e-01,9.411415372738775043e-01,7.183289922643759651e-01,6.720366610556314235e-01,9.444721604083908817e-01,6.914429081359515505e-01,4.226768174467919748e-01,7.742396140357935552e-01,2.347492558937973317e-01,6.456103314573500285e-01,4.088815627125735319e-01,-1.070547572421487181e-01,9.332934791754543546e-01,1.672376132105221069e-01,6.124048058617594936e-01,5.465912548286931960e-01,5.213686194001532215e-01,4.108636046371090256e-01,6.262636023524118523e-01,5.565575825365576268e-01,8.267595931380185004e-01,3.900488124972506521e-01,4.669205951472553684e-01,4.407726790019214635e-01,4.659763404786426699e-01,5.244990132025826313e-01,5.746886613906524444e-01,6.228284648223848530e-01,-2.663813790304922491e-01,2.261809083606424187e-01,1.319423710894468971e-01,4.872956844462892900e-01,6.789066935074700160e-01,7.424156584382423096e-01,7.878706698971005284e-01,6.112329524645336853e-01,6.667679566896551613e-01,6.097303162769037721e-01,4.661146217003728776e-01,4.423272956990251248e-01,5.029540593232467716e-01,7.572623655690843281e-01,4.014908868245064544e-01,3.362034437764036682e-02,5.584155113804087911e-01,3.051806497969454801e-01,8.660439414557420390e-01,7.393477835939683551e-01,6.443735168273075908e-01,5.359496114559110236e-01,2.725037874647320488e-02,4.107780615559707416e-01,6.226758541940707881e-01,3.617412636312506979e-01,2.573789195100014693e-01,2.729150088687849474e-01,7.384072713479501449e-01,8.592984926949134294e-01,4.941429194475632780e-01,3.526036394599501578e-01,3.728333718649115003e-01,4.696240204592213030e-01,2.948851017453795256e-02,4.004550834468689757e-01,7.470377669710228652e-01,7.129030966419794835e-01
8.090639138597240931e-01,2.072642015656107617e-01,9.767547437788056675e-01,7.247170919012222434e-01,7.587109063614760895e-01,4.316048337860401429e-01,9.524297463493238691e-01,5.348898343809522782e-01,4.303724645387049796e-01,7.976929304533568743e-01,7.708720984415131650e-01,9.908410305801760298e-01,7.969562795932623178e-01,7.538420527092440926e-01,1.427833947329803788e-01,5.055951254254709148e-01,0.000000000000000000e+00,9.144050721140960514e-01,9.650444191528336768e-01,9.140698952328162319e-01,6.404019168713556143e-01,8.068527013247586144e-01,5.965516598176237029e-01,4.827575844963352125e-01,6.982897708591152552e-01,6.687587753505435106e-01,6.322600781338199027e-01,5.858249053721247268e-01,4.362338368038981562e-01,2.815011213850110994e-01,-4.326915645744239258e-02,6.939144371705141534e-01,8.016256694356628243e-01,5.286427654269241216e-01,6.231902904577610869e-01,4.413061954555915767e-01,5.975180422446813022e-01,8.223138706505717099e-01,5.787729884935697289e-01,1.751629299093210301e-01,5.413102277243106997e-01,6.253517525411775857e-01,6.879184758615412010e-01,6.702256107829583920e-01,9.271351594865999690e-01,9.392910118929101992e-01,6.767452672138567493e-01,7.472272991451620605e-01,5.549504491840600018e-01,8.458729124133168575e-01,7.135381986339790483e-01,7.176111751238636316e-01,2.312177820055009714e-01,7.741743405534236011e-01,7.976895193971389464e-01,7.516134550273798620e-01,6.893942545511654307e-01,6.292993974635687771e-01,7.101021029287033492e-01,7.653705777022424828e-01,1.607231707175641733e-01,3.428204619225321825e-01,7.988444026523948693e-01,6.117243238783541814e-01,9.331424717467834418e-01,2.754069319975399055e-01,4.236544092638697134e-01,4.131614688795410828e-01,6.045693641343353741e-01,4.582094456826383833e-01,6.577248884520494610e-01,7.155278810550466106e-01,2.611482359374540096e-01,5.519575546736499305e-01,7.116901697391255777e-01,4.384478289484720626e-01,9.818963799378033208e-01,8.768206486499858787e-01,6.817335726378738192e-01,4.352714345262974627e-01,5.151670258874274655e-01,6.962900765893800248e-01,2.178311828491023006e-01,4.239712181766250310e-01,7.428953428630160616e-01
3.252340946123093435e-01,7.797351330466943953e-01,6.070855578838842970e-01,7.586619017177602675e-01,6.994740607315232950e-01,7.396151208691632561e-01,9.635872106132749026e-01,1.368381893917817171e-01,7.318040501674796250e-01,5.538032941273044463e-01,6.324871937740297323e-01,4.411373203668756404e-01,7.544796549274869202e-01,6.669947829418958474e-01,7.744010344779672650e-01,4.690803614966470581e-01,9.144050721140960514e-01,0.000000000000000000e+00,1.745612274974378542e-01,8.329262931252148228e-01,9.671978021738919518e-01,3.721555969897845095e-01,7.248788045500785815e-01,7.983434699719825778e-01,4.506890425431356872e-01,6.140342367793493183e-01,7.171787237853026742e-01,7.766490894788512511e-01,6.539608340607732107e-01,4.289488377952724862e-01,1.326806178245845680e-01,7.890113859458203205e-01,6.255327015355797160e-01,8.301703326568179442e-01,4.142398960108525929e-01,4.233229491708547787e-01,3.189462305829370292e-01,7.512118550644095727e-01,7.703959723159745643e-01,3.175985887028314747e-01,5.808712394570697546e-01,9.717859071185288578e-01,8.257524122215469387e-01,1.910642202911234655e-01,8.556127169082485828e-01,3.547340684266688804e-01,4.375527413744063066e-01,6.952757533484315022e-01,5.626612739577677713e-01,5.079890575235371797e-01,6.264536088346635001e-01,2.944205626645330920e-01,6.687850711960149352e-01,2.363614255026097732e-01,9.378834522700569831e-01,5.077765719525388910e-01,6.970920677724943282e-01,7.319435806828320512e-01,4.943527138700282153e-01,4.881763015341133993e-02,1.974304802847978713e-01,6.332132701666469687e-01,4.803364688947591721e-01,2.480625173215120494e-01,3.997372688494588711e-01,9.360074863160803282e-01,8.564487104402842554e-01,4.274170196715968983e-01,7.154350824636577233e-01,9.141434884976210595e-01,4.319294111282369619e-01,2.746927942181315307e-01,6.377504219350449421e-01,4.594900279236179275e-01,4.165047571507664581e-01,9.908889558576445822e-01,7.130562590444412541e-01,7.232614257566516436e-01,5.450558907532927488e-01,5.815800499036090088e-01,2.130570761229144405e-01,8.999234932298392220e-01,2.085293491968705226e-01,5.139229790047395996e-01,4.831349627693596882e-01
