0.000000000000000000e+00,4.521464043090397955e-01,8.791370073319929590e-01,9.281650350522130388e-01,6.816308943807315446e-01,9.074562320209618171e-01,5.235996649350962429e-01,7.286254079296847763e-01,9.607259409090579405e-01,4.507918979414688998e-01,9.162642300540599916e-01,4.374102832635999860e-01,5.469124754116678755e-01,6.148010079877506140e-01,9.940144461854159008e-01,6.157388394830468625e-01,6.887738607835273141e-01,6.896902628605261487e-01,6.933645110140186363e-01,6.076360304367651732e-01,8.647418209336975581e-01,5.229764830680297960e-01,8.910981617286648504e-01,6.987691086970719834e-01,7.007665692999256457e-01,9.219559899352776089e-01,8.206007311587609765e-01,9.022803871762179462e-01,4.350843174262901125e-01,6.849757377266136871e-01,4.419761784582386666e-01,6.287383836131015258e-01,6.844809949618925193e-01,9.999981883755260093e-01,4.115413246050446672e-01,3.800973449110334190e-01,2.930032434384409190e-01,4.409238546594261288e-01,9.440644151079695678e-01,4.779412399724870530e-01,1.009948992960845240e-02,8.160053614915474540e-01,8.728608698740800698e-01,6.498595881729183343e-01,6.145069771419691129e-01,8.502081320054497571e-01,3.966783037840769799e-01,5.566760286985436013e-01,2.071963481148358655e-01,6.803301069708538318e-01,6.316448289060981880e-01,7.606457525167803491e-01,9.658878735207566679e-01,4.930747723398342663e-01,9.559398832484892194e-01,4.782719837565680976e-01,8.182865827379806056e-01,9.041655438897157060e-01,6.369236830034754604e-01,5.394910890763432443e-01,3.192699483512073111e-01,9.975492104845675723e-01,6.922115760997293865e-01,9.768723083846365673e-01,9.364365157613957491e-01,9.667283806498558896e-01,7.558061280834426077e-01,5.683151075591537094e-01,1.632176513233708770e-01,9.530645303070354180e-01,2.769359704965566049e-01,5.424491311085171130e-01,6.450176215157847892e-01,4.444740277378750881e-01,8.700986885778996260e-01,7.247109549016350627e-01,9.460504803517264527e-01,7.885749433611712877e-01,1.121171604223323293e-01,4.757764761662920949e-01,6.399365156085263795e-01,7.014400747850627615e-01,8.128917783994246138e-01,3.847757431778702220e-01,9.529708787650910118e-01
4.521464043090397955e-01,0.000000000000000000e+00,8.060588828667969441e-01,6.987998273218589684e-01,3.315721179075968861e-01,9.676969647658314466e-01,4.437907467534296102e-01,8.088611625327260524e-02,4.473232447359583031e-01,7.287240586054033464e-01,8.831135661830917805e-01,7.807601887786146388e-01,5.850779755160315787e-01,2.627926065371997133e-01,7.067091731910302155e-01,3.189617586663481275e-01,5.602848006315548357e-01,9.767619734853995039e-01,7.231105109519616603e-01,2.225741931709823151e-01,6.466541936020668846e-01,5.484698920927945087e-01,8.249835034857685434e-01,6.070423461562759471e-01,5.522958436460270182e-01,5.506602219597604986e-01,7.627711306726976392e-01,4.337575354223635049e-01,7.470733361592388766e-01,3.720191237532803896e-01,1.196262167590102649e-01,4.391622442540750182e-01,7.417881915154795891e-01,2.980393651921656728e-01,4.128634144901885961e-01,1.331987613511388668e-01,3.414023477349571456e-01,7.860780879276743072e-01,7.855407918229221353e-01,4.651293793338031612e-01,2.419403182847795764e-01,6.746763602762684275e-01,8.496650798237432856e-01,8.206731935759252750e-01,6.461031027835194562e-01,7.039986954417900566e-01,3.618080202189986050e-01,7.876909918710609526e-01,7.495664753623537679e-01,3.179623431694624802e-01,8.999507262901373927e-01,4.732253319557842008e-01,6.562263384836929392e-01,5.104057746848839061e-01,8.132794073572728877e-01,7.911218368400365630e-01,6.121518383619123371e-01,7.390375837919598290e-01,8.631059803925852369e-01,5.902228804584628286e-01,3.631370262074674615e-01,9.460514794319003773e-01,6.399303009934156350e-01,7.466827052134815679e-01,8.387821291825457992e-01,5.071124345944144629e-01,6.625895668648729142e-01,9.539932020686597847e-01,4.462301079513056323e-01,2.301781473589867844e-01,3.393775458424715397e-01,1.800716589489899100e-01,2.067612816968832923e-01,-3.188305128239632413e-01,4.677080065085431615e-01,6.987296805256812959e-01,7.423910388722786413e-01,5.422455491417879081e-01,2.939856574085856211e-01,2.630322038825402831e-01,-3.903077472037651541e-01,6.864116926596773860e-01,9.621771758180183154e-01,7.384617944225243535e-01,7.789701844294663613e-02
8.791370073319929590e-01,8.060588828667969441e-01,0.000000000000000000e+00,4.723078579416125633e-01,9.250070958559245549e-01,9.158469720266797509e-01,7.181981571469809866e-01,8.738777278652474223e-01,6.604030938480681678e-01,8.684112706575176643e-01,8.202863564906699434e-01,1.263888769009531843e-01,7.728321429944293719e-01,7.501228543647500135e-01,6.283782319502929647e-01,9.388197542617513491e-01,7.890234923874424044e-01,6.608054468235491363e-01,2.993043205323326905e-01,3.197453370972286324e-01,8.905504293870469823e-01,6.263550161462195787e-01,6.356049384532130864e-01,5.745501017460880044e-01,8.821429428360624270e-01,5.007674134284313405e-01,1.794814689885911863e-01,3.718299054256418712e-01,2.193497132016784534e-01,2.557221909614560973e-01,5.516172802682168808e-01,9.002669307399341347e-01,7.237102557523942270e-01,9.113688281045384532e-01,9.346100244743815733e-01,7.078602147624729612e-01,2.928049413894820985e-01,7.610429059322845191e-01,6.099911129182367109e-01,8.547930784555793915e-01,2.917394535627947927e-01,7.391774946652265310e-01,4.329184612256104514e-01,9.517116226514472643e-01,9.270971362217491629e-01,5.546094220346241555e-01,6.686253781824637032e-01,5.814077153055604574e-01,6.312278049672660485e-01,8.209229564756651554e-01,7.831699709554745814e-01,3.583430018785298543e-01,4.001670614329762010e-01,5.778955620081541733e-01,6.114028598808153303e-01,9.790145019790176262e-01,8.749133948604943534e-01,8.802782564493085715e-01,3.159106495617609589e-01,4.558073247985774401e-01,6.858375227226488624e-01,4.547028569655313657e-01,6.576788809547117198e-01,8.886685672712613115e-01,9.460187954256555898e-01,5.851634294306478079e-01,9.617165471716374592e-01,9.588096531715835091e-01,7.053010039034141032e-01,4.573253583051187232e-01,2.812468370271593576e-01,6.325836976685915714e-01,4.226334335221635929e-01,5.980887599522235476e-01,8.559299753794057386e-01,8.438634911968806440e-01,6.028703018721159879e-01,9.675300427259259095e-01,7.409272427391875304e-01,5.829145181606032455e-01,6.930809909581154837e-01,7.835991023404226263e-01,2.013525954830210907e-01,8.400714729442734230e-01,7.226770195923196693e-01
9.281650350522130388e-01,6.987998273218589684e-01,4.723078579416125633e-01,0.000000000000000000e+00,7.029865327324332780e-01,7.419615000221662093e-01,7.679244068231203535e-01,7.149685182351658286e-01,9.154514736030791022e-01,2.334820137195035145e-02,5.704536682752046062e-01,7.636685395240172536e-01,8.708690391641721318e-01,7.841513117339599104e-01,8.887132578430257945e-01,7.933617514226255496e-01,9.403050211223697996e-01,7.111217548698859359e-01,8.766451643455620557e-01,9.100661728760648383e-01,9.493734017797412772e-01,9.891078515373553648e-01,3.436695499837054690e-01,9.355778457030901052e-01,4.684691359957638968e-01,7.069683755099519518e-01,7.516744955638313685e-01,7.966733085629348343e-01,4.149140280876142950e-01,3.823157944813315723e-01,3.122365622153563391e-01,4.815687510954015371e-01,6.026655734624373206e-01,2.619900490319511110e-01,6.143319688266414280e-01,2.903358866130125726e-01,4.574038272723003340e-01,4.678362043434022843e-01,7.273921165601503480e-01,7.223526265709654393e-01,1.272352332565282185e-01,6.329920700560217606e-01,4.122896214886154764e-01,7.459487781536343620e-01,9.665862114950912742e-01,8.717288301589412591e-02,5.605180630165839117e-01,6.883179496610614123e-01,2.731108589750882443e-01,7.391536662135469449e-01,5.343134948547136887e-01,9.360875127342949131e-01,6.397005519383588412e-01,4.688025936652241987e-01,4.745447455417129423e-01,3.822414962069391881e-02,4.813988802964860869e-01,2.686967477265860271e-01,6.075675274074024967e-01,-1.158012626111888793e-01,7.346173749092437255e-01,7.264556935941557381e-01,9.868934679425668266e-01,7.920636948905821484e-01,7.867144800306473673e-01,3.150101030637921795e-01,7.486412457017305178e-01,8.513869566594649552e-01,9.634333254170671101e-02,5.430644140554596877e-01,8.341018795844961087e-01,5.711930822288167064e-01,1.835075252811180224e-01,4.502400993794966610e-01,8.839418408783733527e-02,4.273017422220368733e-01,6.426230553349124852e-01,4.924900516169593567e-01,5.541787956811844440e-01,4.345694450207796544e-01,5.519505589051779681e-01,6.185096385200606894e-01,7.685529567131033080e-01,3.508816036347911504e-01,5.682411765869463949e-01
6.816308943807315446e-01,3.315721179075968861e-01,9.250070958559245549e-01,7.029865327324332780e-01,0.000000000000000000e+00,5.542648041720292795e-01,5.171310953924036502e-01,2.029859282813767929e-01,7.243822246820273980e-01,6.966901310353500465e-01,5.052556905638467821e-01,4.860596298809097826e-01,5.498426025823007768e-01,8.675655293173185623e-01,7.612082650741999190e-01,1.032583070117299578e-01,9.022409652267447955e-01,7.928010041617302717e-01,8.423624176973297795e-01,5.152698106645094978e-01,8.984019517207093575e-01,6.327884335351185996e-01,8.271481661990823797e-01,4.886266301203799345e-01,2.117919477541372608e-01,5.695107500257652333e-01,7.437928940558398150e-01,8.602585704323143512e-01,2.203990260922294442e-01,6.353614861126195557e-01,3.184482672413639914e-01,5.821600052771946920e-01,6.578491498266902937e-01,5.978057719854782404e-01,2.120447093764973867e-01,5.321723474584483249e-01,3.687094958469060435e-01,5.537121833108678004e-01,7.309743895604136066e-01,7.743228613222318257e-01,5.554570571503928411e-01,2.443635349752488195e-01,5.650364728018105742e-01,4.550264247246344484e-01,7.712365907345847260e-01,7.131961329642455549e-01,8.083288925710006012e-01,7.869506363279487049e-01,2.734171548185031497e-01,6.821825671988732687e-01,5.448818366642739219e-01,4.480834483194088835e-01,6.334171189517163736e-01,4.614198570918038866e-01,7.716246952856343766e-01,3.012434005580566510e-01,6.787788147044071518e-01,8.846436509595287934e-01,9.798698290935081712e-01,7.108444378219490323e-02,3.311014320153292667e-01,4.767388964988555911e-01,6.245737847346178873e-01,6.396372297026465814e-01,4.622566879849321353e-01,4.907327728767299502e-01,7.820546512358294011e-01,7.200271809434842796e-01,3.316129786820526393e-01,2.616754466260927670e-01,3.668675314281133470e-01,4.009456793037812217e-01,5.220709765365101340e-01,4.566360787508952912e-01,3.720641285265073317e-01,3.326694849569553636e-01,6.912801263892925929e-01,2.836311037311162186e-01,5.696190723360100572e-01,7.103109328882918350e-01,4.071351494619233069e-01,6.354318323515129041e-01,7.586562837321879638e-01,-8.280763051353734472e-02,8.714233918707207094e-01
9.074562320209618171e-01,9.676969647658314466e-01,9.158469720266797509e-01,7.419615000221662093e-01,5.542648041720292795e-01,0.000000000000000000e+00,3.747903853766954008e-01,7.454524783902009011e-01,6.718110761826441291e-01,6.302254097773944963e-01,9.282730433560932859e-01,6.426224350349090120e-01,9.283906196590097082e-01,7.455495338626008106e-01,9.271065204150553685e-01,9.938907940568191268e-01,2.355237624584078371e-01,6.392975028317473551e-01,2.372610392819375080e-01,8.801150270131543607e-01,6.949075934738211391e-01,6.961310585148323682e-01,7.860219482032368976e-01,6.426518797874305466e-01,4.733777765387187086e-01,8.935179651910192256e-01,1.986596957860592427e-01,6.230145552072364756e-01,7.662352504973717338e-01,5.988754886763442142e-01,3.766415942181575716e-01,4.323844905207827605e-01,7.130878282008813462e-01,9.302390016454550326e-01,7.661062894848316152e-01,6.211754368433092255e-01,5.277116219480202375e-01,5.748093976020812734e-01,7.524461765972566551e-01,5.056532695957216550e-01,4.957410605966886541e-01,7.334201140561411592e-01,5.032769232593057307e-01,9.754955454745228849e-01,7.685035395468547970e-01,6.516742396635173407e-01,5.704839495812908945e-01,5.300212290076385946e-01,3.137657673528241875e-01,4.483263438470613260e-01,4.662961320602929671e-01,7.382312298761068980e-01,7.060429103493570668e-01,5.711794230975453246e-01,9.336334198679870910e-01,7.794610578899566766e-01,7.315460694718634027e-01,4.059547963430892303e-01,7.500955980025367786e-01,4.250442788304376607e-01,6.958978035334959511e-01,5.768799329688469868e-01,4.201189428765287337e-01,9.407178256189662191e-01,7.851931767503731452e-01,7.263593959732084215e-01,6.412353253878707582e-01,6.707343175299652627e-01,6.000563373384337762e-01,2.753402317384278097e-01,7.186005677114054579e-01,8.039047087890072510e-03,4.313824531864885459e-01,4.701923092439979635e-01,2.989021442696265241e-01,5.040668376551423746e-01,4.855907115335257318e-01,7.821785076240297396e-01,1.967600192187330677e-01,1.344627294198049439e-01,6.137595430466336044e-01,7.398680219215684195e-01,7.674837405958109260e-01,4.075156758228755671e-01,5.521767994371538091e-01
5.235996649350962429e-01,4.437907467534296102e-01,7.181981571469809866e-01,7.679244068231203535e-01,5.171310953924036502e-01,3.747903853766954008e-01,0.000000000000000000e+00,6.911123467560555955e-01,3.594576174178050199e-01,4.943847518193210111e-01,2.418484816043305063e-01,2.272428491891576585e-01,4.604528992801433240e-01,2.604061249152663793e-01,4.711748691320016280e-01,1.527129190804177306e-02,2.035407051128584888e-01,3.272112975852871086e-01,4.289768567439443681e-01,7.867723349347741646e-01,6.271047466680989002e-01,6.063866335505925242e-01,5.019367046468862226e-01,6.757043687360071438e-01,1.859967018300436314e-01,7.944402865935364932e-01,2.883433425003347761e-01,1.952665634045579746e-01,4.761628716262856775e-01,5.717989115913776343e-01,4.151932467327795750e-01,2.389276172102828555e-01,1.168428391992965276e-01,4.315965731353624268e-01,4.776768586492748381e-01,7.215179258479518243e-01,4.023541567331797020e-01,5.665613154910780214e-01,9.852979557786500919e-01,3.293630275898948856e-01,4.861098845588185391e-01,6.142947797317332981e-01,4.259600687009261755e-01,2.406884800042436434e-01,5.109670179721547134e-01,3.813013406313245368e-01,4.006678761400899180e-01,1.938434594829769875e-01,7.884533185843141112e-01,5.063078360881380080e-01,6.942193030833924972e-02,3.591561435260913759e-01,1.479835886769234610e-01,4.236133294779584890e-01,4.156824081495903433e-01,1.474640548877492741e-01,2.329811600183910869e-01,4.872550704664522225e-01,2.517167636204905024e-01,2.378083186160087625e-01,3.338794382193280841e-01,7.994531516184062436e-01,5.041688923286521407e-01,4.948806272117632354e-01,9.271432859643450319e-01,5.914572025934061728e-01,6.007823527529191354e-01,2.813465649167831151e-01,2.291243971483780673e-01,5.257798982835673041e-01,9.460167701331028134e-01,6.021511230451889185e-01,3.607843831805758739e-01,7.622373636410540998e-01,3.159196105410677080e-01,6.376760556311419359e-01,4.043418395012081668e-01,4.408043234625335649e-01,1.586271687346737791e-01,4.387639785915971591e-01,6.947474796678118070e-01,6.992162107090682532e-01,3.012835663166197886e-01,2.781569600620386051e-01,7.566941190098237513e-01
7.286254079296847763e-01,8.088611625327260524e-02,8.738777278652474223e-01,7.149685182351658286e-01,2.029859282813767929e-01,7.454524783902009011e-01,6.911123467560555955e-01,0.000000000000000000e+00,3.823213171457359172e-01,9.556445711628508421e-01,2.865733855491355286e-01,1.309440524066659561e-01,5.719073616743883814e-01,3.171805145159286576e-01,3.002724838309442923e-01,4.088473530084797414e-01,6.541519654021317187e-01,2.545192491750510322e-01,2.544011581619484152e-01,5.282400218715155304e-01,8.941339223644990675e-01,2.894408541702201410e-01,5.460023383411058973e-01,4.148851506915238740e-01,3.863848557899621783e-01,1.539069090719348831e-01,2.517712635445353841e-01,6.843422142649204787e-01,-1.851812845443031041e-01,2.049481225016351327e-01,2.831369535971948181e-01,6.979757818982700313e-01,9.412293918705449958e-01,4.884929767461607675e-01,4.857214343014772395e-01,5.107071732868876390e-01,5.832782189264261730e-01,5.161275700349371442e-01,8.102268112202375416e-01,5.328096256422703014e-01,4.314317939299454618e-01,6.397786008695149906e-01,4.548870365847998420e-01,3.971796457070472242e-01,4.551174506778654094e-01,9.090969692342717456e-01,6.160116097880782293e-01,2.813321737096683983e-01,3.330996117226707742e-01,1.047788177241344987e-01,3.204635106963571456e-01,4.654539416985033207e-02,1.676136087854993018e-01,3.707169456304314492e-01,7.118219987285793193e-01,6.595020058274674302e-01,3.284830475041041753e-01,3.059350079368912123e-01,3.562923082209287218e-01,7.137013112574025486e-01,3.362824278046407933e-01,7.500880498593560652e-01,5.483094322992335679e-01,6.193174396378936519e-01,5.801482412860847759e-01,6.946171448554145922e-01,2.810867861218880326e-01,7.505968709017485363e-01,6.175397229869669102e-01,4.000490321245266934e-01,3.753731662614248066e-01,4.501133176568994365e-01,5.121242668233851880e-01,4.367339554718047689e-01,6.827864178282514462e-01,8.614590749550294912e-01,8.363861129582070841e-01,7.915627213630593850e-01,4.338614968187485821e-01,3.421741223926899611e-01,3.851177812772648146e-01,4.466728325223615625e-01,6.362009297770061522e-01,3.209267055946739555e-01,4.687912301885881483e-01
9.607259409090579405e-01,4.473232447359583031e-01,6.604030938480681678e-01,9.154514736030791022e-01,7.243822246820273980e-01,6.718110761826441291e-01,3.594576174178050199e-01,3.823213171457359172e-01,0.000000000000000000e+00,6.267345115927701604e-01,8.433096706143160537e-01,4.507722686155047342e-01,5.045272274247258881e-01,5.697166638445150255e-01,4.223815092825887740e-01,4.750418358014056874e-01,7.345164766933398592e-01,7.079803293125647157e-01,7.157942461641298992e-01,7.715248426363278123e-01,8.380298828603156558e-01,6.726076019095028613e-01,6.290975976613191745e-02,8.019476026438902005e-01,7.338308883094466495e-01,7.790928646014652625e-02,6.191670527558378323e-01,3.659485363080889897e-01,1.914464456115508029e-01,7.829359649130494814e-02,4.012871062004706446e-01,2.556983333840467942e-01,4.646976772352154894e-01,8.155818461001704822e-01,3.462642503075668010e-01,1.739097270368253900e-01,9.145786151244016116e-02,5.986181808151052053e-01,6.577197026430268156e-01,8.630013207197425595e-01,6.403570287313637976e-01,7.301758455411875293e-01,6.039248975348533444e-01,5.028089766661055782e-01,6.449347684192068275e-01,7.395668814252960299e-01,2.966507651434058257e-01,3.069785406430638464e-01,6.229705153607570933e-01,5.326868438374858794e-01,5.857076309586509710e-01,3.824375879802007772e-01,6.621440047916875571e-01,5.662636259960640572e-01,5.262419419671514609e-01,4.247048036432893858e-01,7.033505198667322489e-01,7.692697402881426560e-01,4.045457777248964715e-02,5.938909387347021118e-01,1.992638430323482035e-01,7.639440147207761100e-01,6.134114932115876107e-01,5.967801954241106488e-01,8.767249966260955985e-01,5.176330639545171364e-01,1.019495245925197413e-01,4.936740174466776043e-01,8.100945053259386297e-01,7.524249139727295921e-01,7.317683213725284519e-01,6.939521576587489582e-01,6.545116464100834142e-01,5.377593969761955695e-01,8.026904452420726699e-01,3.752196521813432883e-01,5.107460614142799171e-01,2.788702081777579833e-01,4.704606723922620248e-01,1.753034413811909165e-01,8.289520647778350071e-01,9.746108799378587761e-01,7.764223594904132719e-01,5.912369542390349952e-01,7.537391168772693550e-01
4.507918979414688998e-01,7.287240586054033464e-01,8.684112706575176643e-01,2.334820137195035145e-02,6.966901310353500465e-01,6.302254097773944963e-01,4.943847518193210111e-01,9.556445711628508421e-01,6.267345115927701604e-01,0.000000000000000000e+00,5.738788661924448808e-01,4.070054723672046348e-01,9.936061040187863513e-01,5.377789349876573866e-01,5.423340764753623588e-01,4.770161382495996527e-01,9.189762689188024636e-01,7.335739591173975338e-01,4.904294875901853423e-01,7.038961392751301727e-01,9.074972267898807621e-01,7.824513921808551320e-01,8.002952856750523702e-01,8.199421192948904702e-01,7.586091365774687567e-01,7.418132028181955162e-01,5.438621484695378427e-01,7.400768493787335256e-01,5.933992785013101345e-01,3.714073640956424560e-01,1.243894317527671350e-01,6.440895713375055509e-01,7.492879105986032240e-01,9.730446321128500831e-01,5.720738993912960479e-01,-1.302301033016277088e-01,4.034948734970625339e-01,4.359467946236713631e-01,6.352789656674845409e-01,2.976606819715027497e-01,2.616778159636807821e-01,6.620398316125044591e-01,7.004473553314830570e-01,7.789789999112447516e-01,9.905629689349274569e-01,5.522982357942625153e-01,6.128735910668335896e-01,6.363367177812684350e-01,5.788738791586384158e-01,3.562053525695374478e-01,5.684302071659540490e-01,5.142114990754156345e-01,6.425476054718292085e-01,5.242523112395549578e-01,5.305024580250314870e-01,6.412653965383159349e-01,6.933278531769687669e-01,2.346566175890867356e-01,8.796100287372236037e-01,2.976718005258317534e-01,4.701351427063004129e-01,4.345817225825732710e-01,6.472393705650689721e-01,5.622819030211119173e-01,4.424703402303460931e-01,7.565943523732286957e-01,6.616793086716876715e-01,9.504657544792349810e-01,4.073694017460270378e-01,1.586361346318812537e-01,8.709137693197684937e-01,8.198574134269903668e-01,5.864386950094484935e-02,3.769813304425908562e-01,2.337985839113332076e-01,7.664360215396919251e-01,7.989274632638827534e-01,3.452615474196604195e-01,5.808844972119078243e-01,-1.932786900700250721e-01,4.164614974199032371e-01,8.556669144405137928e-01,4.245227332838348300e-01,2.084037843418147518e-01,1.852892923169336958e-01
9.162642300540599916e-01,8.831135661830917805e-01,8.202863564906699434e-01,5.704536682752046062e-01,5.052556905638467821e-01,9.282730433560932859e-01,2.418484816043305063e-01,2.865733855491355286e-01,8.433096706143160537e-01,5.738788661924448808e-01,0.000000000000000000e+00,9.008811347474277031e-01,8.391908955919098467e-01,3.560263638572295219e-01,-1.425606699592852633e-01,9.762542517942164322e-01,8.972969133873719416e-01,7.501836940023054456e-01,6.231715715362875496e-01,4.110305877272709685e-01,7.079609613061781381e-01,6.307098413258529490e-01,5.723094287848186079e-01,8.451670514710901694e-01,5.844812154658931558e-01,3.302326372714965430e-01,6.288334631689640464e-01,7.005714963638399739e-01,6.834218574913335509e-01,5.696284549122166384e-03,-1.175365205644743893e-01,9.856346390270015467e-01,6.079349700320902938e-01,8.820864141280930770e-01,2.420625908484362598e-01,7.264745089929406374e-01,-1.686273787891649778e-01,2.163489682277692783e-01,6.885684571991769198e-01,8.812816528903988367e-01,4.751129390358386217e-01,5.298154195501950658e-01,9.987331495806773818e-01,9.397407485741687827e-02,7.552374505986970687e-01,2.447470079456166014e-01,4.115736809951723307e-01,7.459792940012075491e-01,2.476658965655733624e-01,7.624324558614249403e-01,1.849505867101877421e-01,6.333488312087640626e-01,5.292342365244928626e-01,7.659533515040267693e-01,6.913687575205937907e-01,1.644126817818325481e-01,4.470611899226809016e-01,4.022270912626684791e-01,4.886739388062034672e-01,6.509057184974839094e-01,2.395767099583396287e-01,9.610024242164102448e-01,9.272880450977653011e-01,6.095327978558280346e-01,3.723907191511663939e-01,6.331803684755648032e-01,2.203017261720647546e-01,7.125665312977522703e-01,3.584539248129277045e-01,6.925336653090840011e-01,5.273250218067957462e-01,6.333676998968316152e-01,4.276030330701027227e-01,2.775650843403507095e-01,8.592597398863728309e-01,7.430373937596933542e-01,5.524449832958618911e-01,2.175581184966343951e-01,5.182444559710579490e-01,1.172893873209185922e-01,2.998816408972260761e-01,6.376477629134019720e-01,2.111892670761278679e-01,4.495122204523454568e-01,9.024614984479129021e-01
4.374102832635999860e-01,7.807601887786146388e-01,1.263888769009531843e-01,7.636685395240172536e-01,4.860596298809097826e-01,6.426224350349090120e-01,2.272428491891576585e-01,1.309440524066659561e-01,4.507722686155047342e-01,4.070054723672046348e-01,9.008811347474277031e-01,0.000000000000000000e+00,7.841914354124318587e-01,7.002375010636778807e-01,6.328497197033893240e-01,2.559590963570689270e-01,9.234480898865978782e-01,5.876547599568542335e-01,5.050351880700478802e-01,8.386648792101749628e-01,8.412546109609830847e-01,4.468107343228883144e-01,9.383522892042468477e-01,5.709918953475768832e-01,7.195435538556117505e-01,4.350301850021258687e-01,4.028675852073206887e-01,6.808535204256536133e-01,1.840358083672857248e-01,2.597122001527298885e-01,5.769332432969287439e-01,2.639159886498512186e-01,6.806389910433765511e-01,5.352244846921396793e-01,4.440720912446655677e-01,2.999595110744460724e-01,5.917694044253791752e-01,6.011292675814922104e-01,7.909943934931751297e-01,6.569475513850896453e-01,5.013573573167220410e-01,4.557134953560150192e-01,7.763870138446370417e-01,2.418944203045590435e-01,5.418448339467862862e-01,7.746028082101219514e-01,8.512600994963983592e-01,9.760443649939157806e-01,5.772023575721433319e-01,3.861326922652549287e-01,2.210729670531265123e-01,4.003727015319580307e-01,8.783057773388888156e-01,5.945749386660139635e-01,8.178238386019159867e-01,6.022108137047791354e-01,6.715621100041245795e-01,7.451084143794786119e-01,7.136415071179055269e-01,7.217387282651848146e-01,5.167847681345036914e-01,4.991846675002860056e-01,5.114112878628013226e-01,7.735662428722968054e-01,9.969654080687131437e-01,2.044888548480177648e-01,5.988078640470104741e-01,9.872423174341790064e-01,6.391729066866148612e-01,6.448575864238300648e-01,4.790273262371640833e-02,6.315340731133773922e-01,2.317131091101260199e-01,6.535875886884129349e-01,6.562320638831813380e-01,9.629569458572082574e-01,4.360458996642015972e-01,6.938672216817258764e-01,5.989066759912334281e-02,7.704447468337847216e-01,5.041460797939725236e-01,5.341223934707489684e-01,9.885371442420003429e-01,4.481548232193743320e-01,7.743390361822859447e-01
5.469124754116678755e-01,5.850779755160315787e-01,7.728321429944293719e-01,8.708690391641721318e-01,5.498426025823007768e-01,9.283906196590097082e-01,4.604528992801433240e-01,5.719073616743883814e-01,5.045272274247258881e-01,9.936061040187863513e-01,8.391908955919098467e-01,7.841914354124318587e-01,0.000000000000000000e+00,6.832443715462735989e-01,6.785473248043066841e-01,7.469860557950602775e-01,9.984226273328586920e-01,4.456367538428550046e-01,7.610740065476322425e-01,4.076096047853113857e-01,8.632849096008633483e-01,7.545451132293683472e-01,7.555192926843641299e-01,9.479327633887253413e-01,4.574152169103395948e-03,5.340991840329640805e-01,6.468242187100886609e-01,6.730288908949513260e-01,5.785217775224434922e-01,2.558310167951814984e-01,5.046223111980873144e-01,3.389016303768686011e-01,2.270167121386196807e-01,9.037425928470229630e-01,5.044645470080909577e-01,4.489685260585752347e-01,6.797955084728828090e-02,8.349920397747591094e-01,8.257846698599707880e-01,8.959864140012927525e-01,2.032702643936322717e-01,3.646010936849076178e-01,9.997833957779933556e-01,9.202647655903498647e-01,2.785470702647133145e-01,6.470577743879470933e-01,2.180739333522605516e-01,5.012187142078641244e-01,9.396555029175432949e-01,2.601047633894262509e-02,4.581165722664138906e-01,8.578420934088445415e-01,9.165382249304702134e-01,9.455500898210611460e-01,3.281049748914883768e-01,7.849820280107595583e-01,4.068695582583852777e-01,7.253713116401110383e-01,6.430128669055241719e-01,3.119964008212655071e-01,6.947265549692273057e-01,6.344036244496095156e-01,6.244854488124080838e-01,8.945296483141967903e-01,9.164833050930839553e-01,9.490053654899932578e-01,4.236346686021741359e-01,9.420970567579314281e-01,3.162645026908470491e-01,8.633137524725970069e-02,5.723567247824790094e-01,7.595131460506481247e-01,7.243024992223002778e-01,4.347556216915217098e-01,7.971210366076670883e-01,5.565990901788511191e-01,8.454028995485638465e-01,5.578460782224428094e-01,6.541100328365112571e-01,8.751524922836406706e-02,3.225493763798147340e-01,8.070946011042684498e-01,9.802963788084627650e-01,4.481944031431318032e-01,6.131818001389024442e-01
6.148010079877506140e-01,2.627926065371997133e-01,7.501228543647500135e-01,7.841513117339599104e-01,8.675655293173185623e-01,7.455495338626008106e-01,2.604061249152663793e-01,3.171805145159286576e-01,5.697166638445150255e-01,5.377789349876573866e-01,3.560263638572295219e-01,7.002375010636778807e-01,6.832443715462735989e-01,0.000000000000000000e+00,9.096239468365131531e-01,4.648148304097212691e-01,5.320662944270287964e-01,7.533924131270028912e-01,1.923937945642220371e-01,8.403418185157555120e-01,9.707367962698170150e-01,9.135256934290393316e-01,3.199434282234467353e-01,5.029252762520873832e-01,2.203630274626419139e-01,5.577606146489118011e-01,6.545737575148936616e-01,5.999702560489458270e-01,2.732804809181234584e-01,4.844851334955266875e-01,2.140398681958604610e-01,4.799899838178048883e-01,4.542277590100763374e-01,4.016515006554022271e-01,5.324805308704287921e-01,3.470738544330091990e-01,6.427413591278195726e-02,6.943416455628325101e-01,4.360537187043322938e-01,7.206154178357087048e-01,2.567567072916586701e-01,6.019005859230274202e-01,4.111038457715106009e-01,9.037638940345802396e-01,9.489619631052710336e-01,7.338630266068699726e-01,7.301106135211585801e-01,9.588827566191978624e-01,6.181468351955100582e-01,9.042748936617404087e-01,7.822944157270332877e-01,7.141630196143369247e-01,3.146786227712112249e-01,9.184380820684473479e-01,6.043102055234194081e-01,7.283303386626723830e-01,6.720285750706960215e-01,5.071218927657354936e-01,6.631262288735985111e-01,4.707740897211017961e-01,2.839873913096804259e-01,6.841554278205264072e-01,6.019529217956423039e-01,8.852808080139508151e-01,5.460195686782362001e-01,9.757672206348129151e-01,9.184006106191682228e-01,4.147063102769296683e-01,3.390740743591046380e-01,7.637551329745837503e-01,7.387618113497058658e-01,7.012179557997889612e-01,7.688861155945363457e-01,-1.590375776281929276e-01,3.410385032474725353e-01,8.684247085140994749e-01,7.163276502736491969e-01,7.076871710719655484e-01,3.200066615606512177e-01,4.182897617035564730e-01,4.128710211647619310e-01,9.287565564748783142e-01,8.117471918840294398e-01,5.571345317912566042e-01,6.594599374929125402e-01
9.940144461854159008e-01,7.067091731910302155e-01,6.283782319502929647e-01,8.887132578430257945e-01,7.612082650741999190e-01,9.271065204150553685e-01,4.711748691320016280e-01,3.002724838309442923e-01,4.223815092825887740e-01,5.423340764753623588e-01,-1.425606699592852633e-01,6.328497197033893240e-01,6.785473248043066841e-01,9.096239468365131531e-01,0.000000000000000000e+00,2.510003381608943429e-01,9.866080484585869614e-01,9.788300936168474742e-01,3.122910405854336657e-01,9.972780278963104816e-01,6.176314455193040454e-01,9.755285322839733764e-02,6.889605945805087339e-01,8.018074695207793035e-01,8.043557724947252296e-01,2.169557868572589976e-01,6.888221460096662918e-01,3.851468218998970183e-01,6.456670010250171732e-01,6.141635709251356268e-01,5.056438537034638747e-01,3.841910991145233156e-01,7.631591614590389483e-01,7.187549051837998082e-01,2.814535712053851668e-01,4.261554681365843367e-01,7.720425924003118112e-01,6.480267927276841533e-01,8.106902939213345149e-01,4.557308468185255479e-01,9.112063950764766329e-02,5.724995194213692296e-01,7.675113215336275552e-01,3.450832817399760444e-01,7.434758313290407150e-01,7.303574025926251601e-01,2.564245580032817884e-01,4.050901757326987318e-01,4.441949564953819318e-01,3.938323005479221761e-01,7.939108453329448700e-01,9.637659678501028226e-01,4.636148997640412994e-01,8.272862895361122737e-01,9.694921030393375272e-01,5.704398889826082231e-01,4.134818883802528489e-01,6.368896647057535887e-01,7.408749120578899117e-01,4.591630764453079050e-01,2.137122444954835665e-01,7.109807501291043330e-01,6.395315183558747396e-01,4.464916304933739255e-01,8.056581557320819931e-01,6.282475093675532474e-01,2.753889951761938071e-01,7.308897853214101348e-01,5.551138494216030228e-01,3.257403256388230472e-01,4.372925292945834541e-01,7.301351857780046251e-01,2.063979940157742166e-01,3.528735940316296560e-01,2.960108018984016764e-01,7.670853886700816915e-01,3.657783585625596356e-01,4.048231633473007296e-01,-7.688441677081944703e-02,5.054145826319135226e-01,2.626315519357226291e-01,9.752723737894684053e-01,5.540321146073828862e-01,7.378967200830154338e-01,4.144137956500187348e-01
6.157388394830468625e-01,3.189617586663481275e-01,9.388197542617513491e-01,7.933617514226255496e-01,1.032583070117299578e-01,9.938907940568191268e-01,1.527129190804177306e-02,4.088473530084797414e-01,4.750418358014056874e-01,4.770161382495996527e-01,9.762542517942164322e-01,2.559590963570689270e-01,7.469860557950602775e-01,4.648148304097212691e-01,2.510003381608943429e-01,0.000000000000000000e+00,9.851663960038786749e-01,8.698090322584239864e-02,1.686862558078597862e-01,9.695821791773394649e-01,9.293959449825249797e-01,7.814238747604481672e-01,3.374233564734546720e-01,3.439039819357442296e-01,6.822888922613504770e-01,5.147833461190133297e-01,9.528781210138489444e-01,-2.710361731895261084e-03,4.271075014257803559e-01,4.940835839362878179e-01,4.911302383003490757e-02,2.342988514895885666e-01,6.668927717705663838e-03,8.518500958038479620e-01,1.481889691756040628e-01,3.276407686718587620e-01,-1.793503658417121005e-01,5.354739603297294925e-01,6.162495240792692508e-01,9.602438438734158810e-01,3.984786427269726983e-01,5.148600022566247603e-01,6.289737948827147651e-01,1.206672727867745820e-01,8.054470149293907477e-01,6.674367257596690584e-01,6.356219755629716195e-01,6.407740719411784136e-01,4.461494467555831567e-01,6.948281244214267183e-01,4.133089755391511910e-01,9.597177812611145109e-01,2.305062081147247754e-01,7.415545739928908198e-01,6.479756106287755113e-01,7.621639243485941462e-01,4.501645631496440925e-01,7.679251491946772479e-01,4.152608775068389324e-01,4.044876300295892069e-01,2.872546341360087130e-01,4.512353272082962330e-01,1.653582136980977779e-01,8.519562550580161986e-01,9.412549577092221842e-01,5.772959530506890369e-01,7.176887652040782051e-01,9.710108176462819429e-01,4.821874612956359996e-01,6.106626860227954978e-01,8.037542273577923391e-01,2.782692168244277342e-01,5.410119596499670669e-01,5.440992254373591130e-01,3.349063576532550490e-01,5.702416232712733679e-01,7.483513131893109183e-01,3.407884222056842827e-01,-2.902647852334025447e-02,8.407324180499631608e-03,7.299639331596988745e-01,4.485602604452190167e-01,7.341432120870535760e-01,1.275412359775472126e-01,5.214677009217426606e-01
6.887738607835273141e-01,5.602848006315548357e-01,7.890234923874424044e-01,9.403050211223697996e-01,9.022409652267447955e-01,2.355237624584078371e-01,2.035407051128584888e-01,6.541519654021317187e-01,7.345164766933398592e-01,9.189762689188024636e-01,8.972969133873719416e-01,9.234480898865978782e-01,9.984226273328586920e-01,5.320662944270287964e-01,9.866080484585869614e-01,9.851663960038786749e-01,0.000000000000000000e+00,7.907201409445525631e-01,8.606467241009818636e-01,9.404830477185625037e-01,6.921959670928636843e-01,7.417539899873858422e-01,9.584866517125331109e-01,5.391297150367635460e-01,3.878120568854944716e-01,9.642191732202866072e-01,7.205761199650638771e-01,5.109775302083962023e-01,7.706145183839738788e-01,3.151601084720155321e-01,2.638432587229236903e-01,7.740559224455585419e-01,6.006595048461139674e-01,8.839949094338892532e-01,7.932755439069585357e-01,4.580191363866862320e-01,2.227201862033240110e-01,8.767620296208645803e-01,9.754303693110913942e-01,6.445700838157080170e-01,6.421375098647613688e-01,5.062535129092847752e-01,6.438599121326061825e-01,6.929837089586390331e-01,4.543370038001408040e-01,6.289988927788363604e-01,9.033269174790735656e-01,7.280816036447762540e-01,7.615024096917990537e-01,7.688739340822581259e-01,5.748399170921096868e-01,6.312038855941976001e-01,3.093001302656530616e-01,6.277066038869222320e-01,7.833941504784460719e-01,7.102400689215880858e-01,8.768210750002509712e-01,8.543554260115943100e-01,8.104648753456956678e-01,8.373105818341696968e-03,4.179742990829725668e-01,9.417509031053510338e-01,8.912746080297467843e-01,2.989148294880910051e-01,7.410907229274440455e-01,8.118083712794295081e-01,6.364628555778160113e-01,8.489289478014052648e-01,4.493903500190965516e-01,8.245296158964043887e-01,6.104266556983173331e-01,2.268300128343578026e-01,-3.642111591623258260e-01,3.617492554371839475e-01,7.295436116225316736e-01,7.621466269200096733e-01,6.390592963487317091e-01,7.917262203348029992e-01,4.937822035714394819e-01,4.306456692796203911e-01,4.163145422651303162e-01,7.381283667412525951e-01,7.396461378226240058e-01,4.185868952229943041e-03,6.858881308180292402e-01
6.896902628605261487e-01,9.767619734853995039e-01,6.608054468235491363e-01,7.111217548698859359e-01,7.928010041617302717e-01,6.392975028317473551e-01,3.272112975852871086e-01,2.545192491750510322e-01,7.079803293125647157e-01,7.335739591173975338e-01,7.501836940023054456e-01,5.876547599568542335e-01,4.456367538428550046e-01,7.533924131270028912e-01,9.788300936168474742e-01,8.698090322584239864e-02,7.907201409445525631e-01,0.000000000000000000e+00,6.488241302372584896e-01,7.071742551103131769e-01,6.937966642790394101e-01,7.077602318585886065e-01,7.754271741678397944e-01,8.147582617263706695e-01,4.612275625844445281e-01,7.547849803754960174e-01,8.112042253869971020e-01,5.202615934702865541e-01,5.737017580398999783e-01,2.171222608663381792e-01,5.202975424925252446e-01,5.215318147111787095e-01,7.682393971872428784e-01,7.329281821037895162e-01,4.396178482361209339e-01,2.673325085054798628e-02,1.900999936113190736e-01,9.807526004917983542e-01,8.155921465023626693e-01,6.724937857227233362e-01,7.360382259635740443e-01,3.938619026046394911e-01,8.864401019402912141e-01,8.475157710197379624e-01,5.688308686915171108e-01,6.455934060367134464e-01,7.215826274157317588e-01,6.042485339773666642e-01,3.738566079940752740e-02,6.257931232272000432e-01,7.749358572936875245e-01,7.186913479290996110e-01,6.636295074942973882e-01,2.386824839185401892e-01,4.592447955749660027e-01,9.184431448491412464e-01,6.896234105365804945e-01,9.652031905107278931e-01,7.294611164528478353e-01,7.204610134168648594e-01,3.034086910290733075e-01,7.289271802307158987e-01,6.375662928692475973e-01,6.078023682809265971e-01,9.837832055397737197e-01,5.309878662641764890e-01,5.016000691027205916e-01,6.767703314094712930e-01,5.822453191207362933e-01,4.893063695497560373e-01,7.994175721598397732e-01,9.044538749333297378e-01,8.710904395865703975e-02,3.699090512929319452e-01,5.116500763836566712e-01,4.970658453689237311e-01,4.435311372641556060e-01,3.288644438677627013e-01,2.584294749395318336e-01,8.099038180651296770e-02,7.032148650619021168e-01,5.220153931919022661e-01,8.361386368473284758e-01,2.309679704470938844e-01,6.082563395705569143e-01
