0.000000000000000000e+00,9.963219782097012533e-01,4.544524254901843863e-01,5.736593742998732370e-01,4.911146738409871149e-01,4.028869807870821274e-01,8.631032340209374709e-01,8.339197233225816852e-01,9.882528416034682683e-01,5.740303642649082771e-01,6.931455778294921544e-01,7.753348722316805164e-01,7.445659581585084563e-01,9.534867085188184488e-01,5.189941391145790339e-01,9.031709415276218955e-01,6.528410477773520793e-01,8.129824747300743448e-01,7.782083121698217809e-01,8.743207580637912812e-01,6.557707430219070766e-01,8.310235428616128406e-01,7.411623951472787741e-01,7.065016697842532167e-01,9.490055369180503408e-01,7.651561178906345351e-01,7.706496190638956190e-01,5.952283257718862242e-01,2.036910935273903572e-02,2.727731677813887146e-01,1.267091113439051120e-01,7.938458243280027693e-01,8.575471186571956839e-01,4.903628447472871965e-01,7.155519344598419984e-01,2.551656757512589246e-01,5.355894504939967549e-01,8.629052567070879531e-01,6.413062787243080098e-01,7.054278891650863637e-01,4.311676272306863011e-01,8.647797371730063798e-01,6.076913279861353434e-01,7.113036591831499722e-01,8.074453309665448053e-01,8.464923299332415274e-01,9.896808876173890379e-01,9.888501095786564887e-01,7.985915983139297847e-01,9.157210821773603682e-01,2.477202324923350463e-01,9.329226006927946457e-01,9.467511360800322517e-01,6.916236733610541254e-01,5.042075504933839492e-01,9.275426741924253093e-01,5.764996494988149367e-01,6.511691572557086749e-01,5.886358334427650441e-01,2.635107551532591130e-01,1.555220440484496036e-01,6.984916558140551457e-01,7.178506936922584014e-01,4.835369489641754837e-01,8.462916959070202472e-01,4.403428918294848282e-01,1.158215689202416326e-01,5.694852770417685450e-01,7.943872560819138506e-01,7.044665167843752185e-01,6.022691018727833745e-01,5.473517669009093645e-01,6.163290314528575564e-01,1.533493172404288007e-01,7.316591152775844265e-01,8.720496094467867776e-01,9.857811408694552302e-01,6.178790023388781583e-01,5.868737550214735837e-02,3.166529594101534228e-01,5.399684940655987697e-01,6.258172295302381061e-01,6.996573381122691559e-01,4.604348852525911862e-01,7.338896825709174676e-01
9.963219782097012533e-01,0.000000000000000000e+00,8.517407506320648913e-01,7.999842316270595610e-01,7.162869192512394401e-01,7.050406132691172667e-01,5.666365820861117841e-01,4.435987690727044575e-01,6.502016161568012764e-01,6.407403787297348829e-01,8.350238422432745833e-02,4.796835477205623199e-01,6.218441850034733820e-01,4.110325609259280477e-01,7.872020991624582020e-01,7.459531313423909404e-01,9.434933423571200128e-01,9.340468092398515054e-01,9.196876686586938909e-01,7.508887988122023849e-01,4.473861585448675737e-01,8.340078566784593361e-01,-4.756860999612944063e-02,7.008950117209238329e-01,7.831813695906147954e-01,6.759265662421178877e-01,6.255661582830315259e-01,1.465085359938062826e-01,2.899804631348259498e-01,3.297667948062444898e-01,3.271997155554942638e-01,5.888295897171352822e-01,6.884147271458580519e-01,9.889978453866229424e-01,5.937833826705575246e-01,5.583684437760305652e-01,2.661997521002002487e-01,5.316080441963809688e-01,7.177720176316266798e-01,8.145151460546815603e-01,1.886949139266971484e-02,7.853788112280948308e-01,3.279787460264247390e-01,3.889327703584735119e-01,5.428819994439028074e-01,6.094776073621166468e-01,7.796930889060250669e-01,6.697610140244736332e-01,4.231107183893242363e-01,6.511763240910577455e-01,8.709361809646802843e-01,3.449458247132392019e-01,4.155774941280179213e-01,5.663397611573182111e-01,6.708688546642761485e-01,8.052666799419718746e-01,4.447940437485713439e-01,7.604408160470328415e-01,5.285047524633936789e-01,3.791234005930510628e-04,6.024813244889750674e-01,8.532883235776501409e-04,4.993985478542071199e-01,4.408119361439114536e-01,2.748144115811207433e-01,6.896387903857079671e-01,5.311199952403479196e-01,9.289030083531877313e-01,4.364655212064709744e-01,5.315568433884068078e-01,6.425524493665506487e-01,4.024315034082468490e-01,4.168729226821200617e-01,1.224323915161313892e-01,2.108249456965171353e-01,8.796376171041581093e-01,9.553359072423441845e-01,4.922654567933151259e-01,5.577372030743784626e-01,1.404407731859576847e-01,2.156570902990913308e-01,6.513310276874004767e-01,6.326342163404119479e-01,6.881160566471427043e-01,3.691118696476529681e-01
4.544524254901843863e-01,8.517407506320648913e-01,0.000000000000000000e+00,7.388109511846897570e-01,6.403921266015571989e-01,6.506787805035553207e-01,7.207123379160722543e-01,9.231876232034940122e-01,5.555040679088586453e-01,5.798123765399565421e-01,4.715611192394031925e-01,7.339974647539112551e-01,5.304097505633070808e-01,9.100418467255436683e-01,3.088687329594888564e-01,7.673550073951276307e-01,6.771473573216608699e-01,6.808445820594362097e-01,5.003294221014129572e-01,6.045096232467365160e-01,4.783055477110486065e-01,7.185301002489504762e-01,6.485825712794187625e-01,9.671475716323822969e-01,6.548492036475838107e-01,9.471587647418702183e-01,9.744823645393394518e-01,8.152202097370282452e-01,4.916187250895447947e-01,7.265946172512645351e-02,2.254749627765701980e-01,6.490938944850821457e-01,4.998462548653403448e-01,9.132504837146419030e-01,9.960408807889189475e-01,2.817502226295334200e-01,9.038079709046026311e-02,7.701293281957360959e-01,5.285932757199999221e-01,5.713949539747756878e-01,5.828938280429405427e-01,8.043271598324879257e-01,9.448019102212247278e-01,4.269165503589175126e-01,7.718408537948094894e-01,2.222218856787594177e-01,5.195654894248674660e-01,9.854670319634972753e-01,8.636579439015096282e-01,8.895404414156029560e-01,7.354439138298140000e-01,6.038303056664049429e-01,6.461733962875466641e-01,6.151789512515146718e-01,4.552593349738312534e-01,8.532042499618898157e-01,8.338516431356064462e-01,7.850130035840512388e-01,5.288736344416198332e-01,3.204048452490149690e-01,6.798239432403887506e-01,8.849109353344254414e-01,7.837120390964936734e-01,6.476814796125787144e-01,8.901298727901754138e-01,7.033875491236591948e-01,6.020291427944490792e-01,2.538374628262167754e-01,8.998679950791734772e-01,8.259063190190707449e-01,4.385314763831261731e-01,8.226925009823569113e-01,7.345771229455817786e-02,5.520881179320228371e-01,7.032793834567350189e-01,6.104659336526678803e-01,9.178785797653907785e-01,8.178686432658173189e-01,3.649710701877331154e-01,2.916001731642832162e-01,2.707955916501184057e-01,7.546656434652722067e-01,9.373332139501864280e-01,9.656067053818450097e-01,9.162812282046776113e-01
5.736593742998732370e-01,7.999842316270595610e-01,7.388109511846897570e-01,0.000000000000000000e+00,8.471757447624441717e-01,6.734266991806525660e-01,5.044545445887855806e-01,6.615464134427546661e-01,6.181452122568223961e-01,4.012076791442116819e-01,6.327240769262796327e-01,6.541208563663584163e-01,2.495725218608156326e-01,9.423369874567891769e-01,5.352977490450533393e-01,8.215622775741278083e-01,8.429263987215815934e-01,7.907018807129716498e-01,7.117550007106773213e-01,6.238779942439062198e-01,9.303471564347677303e-01,4.054931206316411130e-01,4.243020242342309123e-01,6.341718213144429406e-01,3.558656265177201350e-01,9.303560959125241059e-01,7.803881639933942793e-01,5.057121567721831745e-01,4.171646150656045382e-01,2.612685964262439486e-01,6.358555482503154277e-01,5.732695399554541549e-01,6.175632988126417144e-01,5.338363810838827606e-01,9.834275522158895111e-01,2.616571561464788309e-01,2.529376504015989902e-01,4.613063297584414912e-01,8.347288053252872597e-01,5.474923120672678944e-01,6.309191473358172209e-01,5.960760607724677751e-01,7.047894199820015082e-01,7.695641326115103542e-01,8.687293127517390356e-01,9.453880487327950277e-01,9.723826596763455177e-01,8.323074288546673527e-01,5.036152796668224019e-01,2.677729965822830960e-01,9.635858108387447274e-01,7.405599044074339110e-01,8.674030931794666222e-01,8.357800846612242207e-01,8.848182413735382612e-01,6.988069767587880010e-01,7.593208514439545587e-01,7.772472494196265291e-01,6.514332913682190362e-01,4.591002014061779657e-01,6.970974055622547461e-01,7.683526782513400155e-01,7.179133842228160312e-01,4.858506662970679679e-01,6.989593003763389101e-01,6.825322467628756051e-01,9.198254709407003293e-01,1.497589473007181204e-01,6.951849021653907501e-01,2.115995721990767409e-01,1.410563150780794472e-01,9.570108930998740826e-01,5.162231877460868867e-01,3.787631448908173049e-01,3.554202725658125450e-01,4.879468354604970526e-01,5.512011263006175721e-01,3.734242021015622415e-01,5.748570108107212140e-02,3.406944896070086548e-01,5.427622331489447838e-01,6.447869367748342295e-01,6.102312723397664840e-01,4.199508435136639073e-01,8.962830995821498004e-01
4.911146738409871149e-01,7.162869192512394401e-01,6.403921266015571989e-01,8.471757447624441717e-01,0.000000000000000000e+00,7.599654951914192047e-01,1.087375044503389870e-01,7.728770049614180904e-01,4.641011342738775580e-01,8.681825675038901124e-01,7.046900009884403682e-01,2.081550312812774362e-01,9.721649339854085969e-01,6.338309318870130049e-01,7.455434784819486849e-01,6.048854626371098497e-01,7.197844804210677960e-01,5.123271388402629301e-01,9.774307777697577304e-01,6.991629269747443587e-01,8.116994483991700760e-01,2.888817939899122611e-01,7.496815736178151779e-01,8.225949087588259045e-01,4.724034501069754866e-01,2.848421374998810207e-01,9.857495798427936551e-01,6.105760554410712970e-01,5.988036885070874282e-01,4.442160499708530663e-01,6.018785490508382630e-03,7.358412498304072180e-01,7.091339311679483171e-01,6.380331068912430403e-01,9.930344349417956629e-01,1.113810670698216765e-01,8.702570999784819961e-02,2.924762173997077497e-01,9.978250616401752593e-01,2.334044514872170850e-01,5.657992271599616707e-01,3.925750977695664501e-01,6.138819972276495784e-01,6.039123436792196431e-01,6.789433317289373937e-01,5.675933316368096948e-01,8.756557783160427988e-01,5.540546957784378002e-01,1.136336071836969164e-01,-5.017051808313019445e-02,7.256466285291405249e-01,9.100357646534935618e-01,4.006916034913514668e-01,8.466740596305790678e-01,9.374895206183014862e-01,7.554990901699084604e-01,4.127051444811921099e-01,6.360797730606361222e-01,6.608551898802936808e-01,3.917410860027967234e-01,5.849057116913229937e-01,5.042565584505685067e-02,6.906771596198106877e-01,9.259347303803611151e-01,8.062618653846510552e-01,6.405652802372103771e-01,9.304876099693393243e-01,3.891281771452461680e-01,5.293540820493235488e-01,8.307698894362844921e-01,9.640230098649240631e-01,9.901158388390121079e-01,1.229256447576643207e-02,7.857454363606031222e-01,5.523328393215496401e-01,8.756880515461054060e-01,4.976304866551798933e-01,4.268784979428361659e-01,6.313326152646182576e-01,2.505794648946010339e-01,3.774909530080336473e-01,9.614781679951751592e-01,7.853181888842758474e-01,4.595408354972896348e-01,6.114439418605053245e-01
4.028869807870821274e-01,7.050406132691172667e-01,6.506787805035553207e-01,6.734266991806525660e-01,7.599654951914192047e-01,0.000000000000000000e+00,2.730743828029271181e-01,5.865403994758917605e-01,2.024765480763369985e-01,6.519594804200669058e-01,5.641069272801227941e-01,5.523586795427993801e-01,9.961339002847697799e-01,5.010895538653779013e-01,7.358949521572381025e-01,8.722701152796836777e-01,8.281774060664548465e-01,8.542968286757017804e-01,9.509925167142685432e-01,7.773986094905245281e-01,4.283167979140123927e-01,4.739456665762073473e-01,6.149509531628367665e-01,6.048230807338033088e-01,2.595511368766532101e-01,4.828337945113136409e-01,3.092177328009895199e-01,4.069710295768110830e-01,4.389290941108490163e-01,7.115727785376926295e-01,2.419213579052220120e-01,2.917114483746493514e-01,4.537662564936204568e-01,2.785491959150734886e-01,6.036487200629411243e-01,5.906252748647254913e-01,1.678669082990231487e-01,3.250745640944024406e-01,8.184529684238804892e-01,2.198361686062489939e-01,7.780151459397092184e-01,6.909046683736940198e-01,9.017964668260416428e-01,7.282939527873298902e-01,6.775980336609964683e-01,6.263312600555005494e-01,7.497250283679052218e-01,5.413683574404574150e-01,5.046321534231685835e-01,4.110694295181967495e-01,5.605324473817054898e-01,5.794254373251431778e-01,4.009215088584606734e-01,6.473338050327558379e-01,8.921174571898966565e-01,3.045772712979754049e-01,6.748972879527252999e-01,2.883149827744716509e-01,8.983730047396621954e-01,-7.791756012429489064e-02,4.705222338493581513e-01,5.249446917950135738e-01,6.550497318549064474e-01,6.102281166832498327e-01,9.426585956412422140e-01,5.483669037008469527e-01,7.913451176844381596e-01,4.823807959045925964e-01,3.915074154610723722e-01,6.775904489830876232e-01,4.963049756180026306e-01,-1.670452822318420072e-01,3.192386212602853490e-01,4.554879412400306138e-01,3.248641973951567063e-01,8.144680672049454673e-01,7.055572888305015056e-01,4.153762979302524916e-01,1.610646394669290604e-01,2.819542320277712011e-01,3.959745758413749650e-01,9.833119154740795897e-01,6.071620144583441681e-01,7.057893123124500123e-01,9.032556127080750841e-01
8.631032340209374709e-01,5.666365820861117841e-01,7.207123379160722543e-01,5.044545445887855806e-01,1.087375044503389870e-01,2.730743828029271181e-01,0.000000000000000000e+00,9.118639155812735542e-01,6.615247114639611903e-01,7.518772012311411013e-01,4.010499140960826492e-01,7.636878542075973275e-01,5.321342091451289891e-01,2.604130021207141654e-01,2.033800711435889697e-01,2.138281132988020805e-01,4.245651205535387329e-01,7.929051116236487395e-01,4.247245050393568810e-01,9.464852608134672884e-01,7.226054357574269726e-01,6.708068281775527719e-01,6.545738957523381529e-01,6.731836541988347467e-01,4.455918371097870034e-01,2.904545257194321994e-01,7.658589706746048442e-01,4.765412100130392847e-01,2.511628184225236926e-01,2.680730955981147634e-02,3.257158607693204644e-01,6.281140157192385276e-01,7.220791908641115142e-02,9.192826237173539194e-01,5.104073983066109710e-01,3.081014080886215201e-01,4.203433699197122730e-01,2.216089614034830457e-01,1.152028503139737592e-01,6.523853641043542151e-01,5.594027575336231184e-01,5.102192487616178385e-01,9.834854957475658299e-01,4.405855928883701811e-01,6.208415896995371774e-01,7.228514687556948370e-01,3.656424350032342341e-01,2.833408545294787695e-01,6.893385169965798864e-01,9.725628253595539618e-01,5.652852973547924931e-01,2.916821109585104321e-01,7.253250713981559405e-01,7.369160268087177057e-01,8.026693971634623059e-01,3.504940894215099467e-01,5.097835284672642686e-01,4.568115927230918527e-01,1.742079132562690535e-01,1.250746714252117843e-02,-6.350515529309738727e-02,3.716368029081608126e-01,5.925561745539513758e-01,5.587569481704792729e-01,2.792662659650315682e-01,2.237242936903010015e-01,4.635296096903563368e-01,8.646644277870737527e-01,2.951684407493181950e-01,5.170121926147405178e-01,6.983483995704262703e-01,6.267017898913331830e-01,3.966349054065338997e-01,5.825303118969265004e-01,2.788211262542453772e-01,7.217994833767505947e-01,7.551729856331022006e-01,4.363606605020801665e-01,7.356399896434792085e-01,2.740621016766544779e-02,2.117386286368647397e-01,4.965335013113370000e-01,5.588428660185253971e-01,5.021341252427723445e-01,4.991685532123914526e-01
8.339197233225816852e-01,4.435987690727044575e-01,9.231876232034940122e-01,6.615464134427546661e-01,7.728770049614180904e-01,5.865403994758917605e-01,9.118639155812735542e-01,0.000000000000000000e+00,4.354190376079284386e-01,2.390410159942831236e-01,7.954158661958485865e-01,2.475316353732900931e-01,6.088975264943246035e-01,1.407077981433593472e-01,4.751686248586111105e-01,4.092879671887985626e-01,8.830800420741187207e-01,5.251275893591622612e-01,6.288311317431863889e-01,8.124185525564185939e-01,5.514830377798536354e-01,4.577095487734831325e-01,5.233056211159579085e-01,7.914076039840227672e-01,5.191969765128900960e-01,5.307797636055565649e-01,6.838984735397077852e-01,3.795086830265225197e-01,1.644623927048274870e-01,-9.884879644971812651e-02,2.304250653544456240e-01,2.109468235215537085e-02,4.656611179655406607e-01,7.811810008633506275e-01,3.982799441839235399e-01,4.273496931263733312e-01,2.171360610639372912e-01,7.440298628678757575e-01,6.338314724886056073e-01,1.368027523681639157e-01,4.785041244699853591e-01,7.107477624859853682e-01,5.825272484488999147e-01,6.363387067531549590e-01,6.664340371089819692e-01,5.278280154008201386e-01,5.016670048023376127e-01,3.841915887659233531e-01,5.395729682765217916e-01,7.823613940382804222e-01,4.105572157610338224e-01,5.598750540067840564e-01,2.813123283571491995e-01,3.029512622473560790e-01,9.567498802391017909e-01,6.658849081533991798e-01,5.389273822823570370e-01,-3.674549490816583774e-01,7.878052027279012215e-01,-1.747750595423036568e-01,2.760717916937886485e-01,7.714133203193861421e-01,6.049068330668125881e-01,9.435037276138695805e-01,8.325897386534885092e-01,3.189391502001869827e-01,3.859462625316836260e-01,9.028785513361667903e-01,7.208936415596958192e-01,5.460269135028692628e-02,6.684053349394262211e-01,4.709714160938009986e-01,4.610715602269178093e-01,6.614965171016355949e-01,7.158742577861642031e-01,2.148589182643564910e-01,2.709407872846064658e-01,2.231537733769812515e-01,3.059071657335350747e-02,5.095569558694360568e-01,6.620292752848264684e-01,2.676150962972209668e-01,2.555238751254159113e-01,5.647896483768968245e-01,1.477434518155124887e-01
9.882528416034682683e-01,6.502016161568012764e-01,5.555040679088586453e-01,6.181452122568223961e-01,4.641011342738775580e-01,2.024765480763369985e-01,6.615247114639611903e-01,4.354190376079284386e-01,0.000000000000000000e+00,9.747620825533548361e-01,5.257619848475367785e-01,4.312503364617796819e-01,4.015814998185223694e-01,7.165807606283336462e-01,2.117020849616852995e-01,4.702698113728909779e-01,9.225647119060246260e-01,2.457728890870023997e-01,7.182796166381669734e-01,6.632049099389003555e-01,9.404534639752776259e-01,6.988177004285506255e-01,5.011073868284177113e-01,7.009280105220132562e-01,5.864948121236290834e-01,4.811599959748460442e-01,4.137331585950250745e-01,6.602871626506250369e-01,5.583834478908820120e-01,2.316513841696695719e-01,3.585134679563940496e-01,4.000240549641991272e-01,5.068964207142274692e-01,4.838427638080541326e-01,3.437419849995391186e-01,5.544942390594742587e-01,4.527701156398336590e-02,5.265039749414190950e-01,2.059615850824658145e-01,7.386878000083911822e-01,2.173082216542121803e-01,5.553061691375328346e-01,7.315145427060236738e-01,5.626590781522866624e-01,9.364331727001663497e-01,7.380820700250220190e-01,6.883802524005548928e-01,6.976407145646343899e-01,2.925375799080327521e-01,2.882467530254937405e-01,6.537123397099994238e-01,3.072246727761069329e-01,1.001899201136728507e-01,4.431333599421918290e-01,8.606743747014293788e-01,9.189437132817683818e-01,7.422493569084308573e-01,1.657062231977703970e-01,4.914883883605416504e-01,4.086901026195842168e-01,4.815789543507553727e-01,2.030898208038217911e-01,6.341054631629179372e-01,8.848076603503350901e-01,9.533293013571504382e-01,6.795236941463356217e-01,5.164395973946275253e-01,4.604292798223010297e-01,5.969768018137620036e-01,4.337610501426048537e-01,7.861631337270631459e-01,5.310556538310599040e-01,4.921112871945534928e-01,5.245449386482043952e-01,9.584109137020076219e-02,5.734768281226731990e-01,7.741030278644628337e-01,7.923164826066946276e-01,6.066188202272765340e-01,5.159533176179066372e-01,4.906422038829393317e-01,6.984009972906947139e-01,9.259905872304416974e-01,8.393222362408143677e-01,3.758713050092578611e-01
5.740303642649082771e-01,6.407403787297348829e-01,5.798123765399565421e-01,4.012076791442116819e-01,8.681825675038901124e-01,6.519594804200669058e-01,7.518772012311411013e-01,2.390410159942831236e-01,9.747620825533548361e-01,0.000000000000000000e+00,7.393389863643929916e-01,4.092629404835498308e-01,9.244206039363274119e-01,6.119963333642313152e-01,7.588553615602486868e-01,4.017597368690931092e-02,6.340515418256420510e-01,5.952691389335094119e-01,3.999360228376934723e-01,7.680417877134689819e-01,3.115143886440024379e-01,3.212626242056604853e-01,7.113344710549061034e-01,4.341699320936360795e-01,2.107968310790636068e-01,2.831560194483830339e-01,7.244644176789379886e-01,6.284591245183184238e-01,7.133087425344794008e-01,4.951082654978578024e-02,2.238622790189833955e-01,2.485608005733182801e-01,7.915485686813086286e-01,8.645308790041669189e-01,2.250333206550930165e-01,2.531618726632383076e-01,2.695498183638676548e-01,4.082167968696617799e-01,6.464822356529246195e-01,7.552313044937623010e-01,3.967692728353062748e-01,4.789755792747763530e-01,9.928568522556449061e-01,7.355178133228490456e-01,9.696682573267240146e-01,7.751070933697379317e-01,4.527886700231271155e-01,3.990681054790639615e-01,1.682341650687924905e-01,6.829652647243569241e-01,7.604901549458386034e-01,7.023992793159842263e-01,4.760035530931170933e-01,5.902631282758744602e-01,2.570000931825955903e-01,6.865713833814895972e-01,7.365229362127078128e-01,-1.485991421169025051e-01,7.308413493985338460e-01,3.572898156428616634e-01,4.928909756157162647e-01,7.438625939042107227e-01,6.334559443151041025e-01,7.388803311432318166e-01,4.896353379449266408e-01,2.422017570588831936e-01,8.475573460294230088e-01,7.794390288476911177e-01,3.205379660206495451e-01,6.299894984917077112e-01,6.190759245654224863e-01,4.292329405795767827e-01,4.463529320830174618e-01,3.143124249276643689e-01,3.208733140192517874e-01,8.085533349231491806e-01,8.871663186991352035e-01,2.535390602823092698e-01,2.824561833453707177e-02,2.069295843211609864e-01,5.373767495997689991e-01,8.802223447471515527e-01,4.003162249552271179e-01,2.396423399105111485e-01,7.125067150861937870e-01
6.931455778294921544e-01,8.350238422432745833e-02,4.715611192394031925e-01,6.327240769262796327e-01,7.046900009884403682e-01,5.641069272801227941e-01,4.010499140960826492e-01,7.954158661958485865e-01,5.257619848475367785e-01,7.393389863643929916e-01,0.000000000000000000e+00,8.682462244119983907e-01,4.434255079943044131e-01,9.907401524230547984e-01,9.384095491380871623e-01,8.944299055238033036e-01,9.053872943935532547e-01,9.297996952254654612e-01,5.921859113594007962e-01,8.784258776230362553e-01,9.425807793728049333e-01,2.467863211869331386e-01,5.808418900406280283e-01,7.207976427820559362e-01,5.875064261341309546e-01,2.560328049509394965e-01,8.655940841393577889e-01,5.003496087605047160e-01,2.000098613249184643e-01,5.003765265169520804e-01,4.875465559509948310e-01,5.268091049177852092e-01,9.956025469736973221e-01,6.409781993272830602e-01,5.174500550704962398e-01,8.976733259180690039e-02,4.872958485293837905e-01,4.125116896100793351e-01,7.349746257433152907e-01,4.706703298862416895e-01,4.795003776027624287e-01,6.960742063239954147e-01,5.340744812577766787e-01,9.528759422739456753e-01,3.858270475368998365e-01,6.443809918307116247e-01,6.419217208287613108e-01,7.046668973503992239e-01,5.891847377568710797e-01,3.803405653290476973e-01,2.969274751326249628e-01,7.754794043400008441e-01,7.693880951935444523e-01,8.099619573740433065e-01,8.754837685338616726e-01,4.839589291157433415e-01,7.694713972747483366e-01,9.039384220645246826e-01,4.367982288733404661e-01,9.805262814567177188e-01,2.829823859643296191e-01,6.260332008423822314e-01,5.638297454266669728e-01,9.758863557314665371e-01,6.066091630786404343e-01,7.563219398416334283e-01,9.505707486675710749e-01,6.665963512252386369e-01,3.676790893879648414e-01,6.963643999953242902e-01,8.565581464800867684e-01,7.876299283060911316e-01,3.939526237587753221e-01,3.785647461320935103e-01,6.704109577040039403e-01,6.317103769222177645e-01,4.673689411516694370e-01,7.079410669224218688e-01,7.185457849764830263e-01,1.688546461543706800e-01,5.290085404592552720e-01,7.179585983390494031e-01,6.126630082378856645e-01,5.520756012681465874e-01,7.795572768891554372e-01
7.753348722316805164e-01,4.796835477205623199e-01,7.339974647539112551e-01,6.541208563663584163e-01,2.081550312812774362e-01,5.523586795427993801e-01,7.636878542075973275e-01,2.475316353732900931e-01,4.312503364617796819e-01,4.092629404835498308e-01,8.682462244119983907e-01,0.000000000000000000e+00,6.968563460703309786e-01,9.665342777702635724e-01,8.880543775791228667e-01,3.432089071434918370e-02,3.902446358944834381e-01,3.336141341045889552e-01,8.694946076912475341e-01,6.309896869007350917e-01,3.597061153559762969e-01,9.840497117008266681e-01,7.516019540706162516e-01,2.710075886905089493e-01,3.150629573138064576e-01,7.201048916464232175e-01,9.614165305334844147e-01,7.566276096440621712e-01,4.198762509267298104e-02,7.192829917886560676e-01,-8.142250205313844580e-02,5.904314741803000643e-01,9.019624045502471210e-01,1.292009215817370160e-01,5.513034080422418715e-01,-2.052055926062660851e-01,3.294136678867287931e-03,3.292213343682977578e-01,1.621491275890643013e-01,7.581000340747525712e-01,5.351033316232964854e-01,5.578200952723918471e-01,5.356301119878141836e-01,9.366889118877330667e-01,8.521939637499748033e-01,8.613703352324394436e-01,4.650596437675386663e-01,4.383846738097386120e-01,3.941285017801993140e-01,3.189522346336009506e-01,8.441488636621655717e-01,7.475341652716793739e-01,7.519184395516447239e-01,5.664908496553651140e-01,7.698157748825591451e-01,8.401093803347171596e-01,9.885502270580792672e-01,8.088391602761847432e-01,9.229983029999895283e-01,3.676569112650420607e-02,6.602241943379475453e-01,6.317969289004808919e-01,6.673589778816302331e-01,6.799958091169894248e-01,6.058798018300813881e-01,4.089011087725833438e-01,7.207089180738395218e-01,8.266410235022269015e-01,4.133614270164119864e-01,7.642552398578035255e-01,5.521909373415485600e-01,4.392740527912480930e-01,1.335851412436027952e-01,5.689531037327829610e-01,5.027276597645154999e-01,4.305000168843221564e-01,6.972897355115301732e-01,5.712588495825347001e-01,6.929490268661958607e-01,2.512293335405627048e-01,5.370745207979625846e-01,8.835522861588283039e-01,7.675057553754131012e-01,4.889134531754878443e-01,6.123078737143039518e-01
7.445659581585084563e-01,6.218441850034733820e-01,5.304097505633070808e-01,2.495725218608156326e-01,9.721649339854085969e-01,9.961339002847697799e-01,5.321342091451289891e-01,6.088975264943246035e-01,4.015814998185223694e-01,9.244206039363274119e-01,4.434255079943044131e-01,6.968563460703309786e-01,0.000000000000000000e+00,8.516710585845448378e-01,9.589870037757604049e-01,2.231877627330700747e-02,5.608761826763508651e-01,7.790508370128570448e-01,6.975780482095162993e-01,3.308554842707787103e-01,9.583674723727114708e-01,6.107136318983903411e-01,9.345273360945673957e-01,5.016353917404611229e-01,3.336719356566999473e-01,4.724542808330849941e-01,6.674922399357312575e-01,7.619540827494277746e-01,4.909383395101001302e-01,2.496714351425012302e-01,-7.258007324992057918e-02,4.067892702864386867e-01,6.299794897034232122e-01,6.690184258326876687e-01,2.364958206547937425e-01,6.343425418889205858e-01,7.652681625807356003e-02,6.986121293095167717e-01,7.731498561178565820e-01,9.768429815343977474e-01,3.602164016705100558e-01,7.263613858619715202e-01,4.517572366991767230e-01,9.483717204512921439e-01,2.092059706410958619e-01,7.178557332195074636e-01,1.494168610615905501e-01,4.699575132458309601e-01,2.988592383228035332e-01,7.691274870395947705e-01,6.820213150180632899e-01,6.502196553292988179e-01,4.096063439709019538e-01,5.463388409253719935e-01,7.073798503573015539e-01,6.866253075877998269e-01,2.575195266137468297e-01,7.725848641853134691e-01,8.513953408731277372e-01,5.744198773703870775e-02,4.663293651437380727e-01,7.896561405259385769e-01,6.193676877062512798e-01,4.006194364075308378e-01,6.809368633096412049e-01,4.872191806189741792e-01,8.607747192214869614e-01,4.586299485501404427e-01,3.400349019536762496e-01,5.758950430984390856e-01,8.098009574166300517e-01,9.394209388394800797e-01,7.031732011894746837e-01,4.153867533034250048e-01,3.697191199661688937e-02,1.961515866034817257e-01,7.701015229188665767e-01,9.578308450089185744e-01,7.497362978200587946e-01,2.931552466508516863e-01,2.734941686887391588e-01,5.544719445334246322e-01,8.643622798524543960e-01,3.530865896203397858e-01,5.633735821455903015e-01
9.534867085188184488e-01,4.110325609259280477e-01,9.100418467255436683e-01,9.423369874567891769e-01,6.338309318870130049e-01,5.010895538653779013e-01,2.604130021207141654e-01,1.407077981433593472e-01,7.165807606283336462e-01,6.119963333642313152e-01,9.907401524230547984e-01,9.665342777702635724e-01,8.516710585845448378e-01,0.000000000000000000e+00,6.514815171547505557e-01,7.681622199779531979e-01,6.473315838123980814e-01,7.614012978350547245e-01,8.097689567137342781e-01,6.733440957388651116e-01,6.786194792343385185e-01,4.186739456126891690e-01,1.739265582247435382e-01,6.539828377711661700e-01,4.013821053644017756e-01,9.015921548624196147e-01,7.296986743238507156e-01,4.951018818910367658e-01,6.763617854531411844e-01,1.894720726623911888e-01,3.779973669476613951e-01,7.395632905993032580e-01,4.292154784864650741e-01,4.160107179853359538e-01,7.092398241465797115e-01,1.146590745160459418e-01,2.497354354685748512e-01,2.267889791586703840e-02,8.525999283945081553e-01,6.039001784670025019e-01,2.120445981953744397e-01,7.523909737372607154e-01,7.875532174066712798e-01,3.022672814900191629e-02,6.852405954997097259e-01,8.390114846861890241e-01,6.355514990287907118e-01,7.307490459628678270e-01,5.278850933013065072e-01,7.817692812998821017e-01,2.232304040737448925e-01,8.561295565289526177e-01,9.490608252747673168e-01,4.578948344862053821e-01,2.366099888105735738e-01,4.736139070146397900e-01,5.875569024519000649e-01,5.667228529482883914e-01,4.110774057883203603e-01,6.950410000316007419e-01,1.022831200893403736e-01,8.811664162690029389e-01,6.867560648571927606e-01,4.309285057446391454e-01,6.426725749017222489e-01,4.347634462757461460e-01,8.935813836429080670e-01,8.865298839509069273e-01,1.834029224982006712e-01,9.282699819139007547e-01,5.147075530690055079e-01,4.132758564320189176e-01,5.322354810955076676e-01,4.367906219734758455e-01,2.638320768714563225e-01,8.887068083750211400e-01,6.638266047383348800e-01,6.875165501400805068e-01,2.101621746135629576e-01,5.292533874363011259e-01,4.443015163345442331e-01,9.805313589211115399e-01,2.309922308649736689e-01,3.158628524881205157e-01,6.036125612008855779e-01
5.189941391145790339e-01,7.872020991624582020e-01,3.088687329594888564e-01,5.352977490450533393e-01,7.455434784819486849e-01,7.358949521572381025e-01,2.033800711435889697e-01,4.751686248586111105e-01,2.117020849616852995e-01,7.588553615602486868e-01,9.384095491380871623e-01,8.880543775791228667e-01,9.589870037757604049e-01,6.514815171547505557e-01,0.000000000000000000e+00,7.208233256484706253e-01,7.778435307337036031e-01,2.826525330730002006e-01,4.080620759343219217e-01,4.027747457157755395e-01,4.855626324324164300e-01,4.746803065029743807e-01,6.538765646282899135e-01,9.825325305261577435e-01,6.500913430098067547e-01,2.321649435693943775e-01,6.006780922348348151e-01,4.894582446765495809e-01,2.912812281279524851e-01,6.869204420696875535e-02,3.140365057483698319e-01,3.754533079502297976e-01,3.876075861315516624e-01,2.353011580264731950e-01,6.775087055294976013e-01,3.625282886317475750e-01,2.886438690220750058e-01,7.167281357247381468e-01,8.149198138601098096e-01,8.234602942992755858e-01,3.733671562268978672e-01,4.985518708960276490e-01,8.130799166945471557e-01,6.515402714870078826e-01,8.083893542153288703e-01,7.948687580142377307e-01,8.630522431083443857e-01,7.369351828304290253e-01,3.817467069784401534e-01,3.814718821174302166e-01,7.793822796318286006e-01,4.913903324313631527e-01,8.310351505567739050e-01,4.893446206957407507e-01,9.034315553740024374e-01,5.892511833047159309e-01,4.056714520368051580e-01,4.809374426272173819e-01,7.728975084220975900e-01,8.984395311816352203e-01,4.360080191493694857e-01,6.179977377191312460e-01,7.740146005366500548e-01,8.950514486893063060e-01,6.076643952028484286e-01,2.592201828204527270e-01,5.306062605240638996e-01,8.937620853603442939e-01,4.406426097572527234e-01,6.791618466955265943e-01,8.614549533350084332e-01,6.348457041051015493e-01,7.838501157671660113e-01,8.534213279598178159e-02,5.680042039459408665e-01,7.446716495457437190e-01,6.242809787589447268e-01,5.928025380498027630e-01,4.637517997175036322e-01,5.300463474843231104e-01,8.513382259589179490e-01,7.372658571290150453e-01,2.002041396208525392e-01,5.058266697993745176e-01,7.993185190409313190e-01
9.031709415276218955e-01,7.459531313423909404e-01,7.673550073951276307e-01,8.215622775741278083e-01,6.048854626371098497e-01,8.722701152796836777e-01,2.138281132988020805e-01,4.092879671887985626e-01,4.702698113728909779e-01,4.017597368690931092e-02,8.944299055238033036e-01,3.432089071434918370e-02,2.231877627330700747e-02,7.681622199779531979e-01,7.208233256484706253e-01,0.000000000000000000e+00,5.983412541765509296e-01,8.210744652128573184e-01,7.200681861273049433e-01,7.210214529087209945e-01,7.515512316019041794e-01,4.569927975998086533e-01,4.637958824550393877e-01,8.113142449816665991e-01,5.036158809595375763e-01,7.678981344551532029e-01,8.366036101022378269e-01,8.859068144364207198e-02,7.236355803941206810e-01,7.736853784633993536e-01,2.431656073048279465e-01,7.517550906995900117e-01,8.887903942880456265e-01,6.930793602685543231e-01,4.290108179808014843e-01,5.702010884999018092e-01,-1.399438694423296714e-01,8.336188366774846537e-02,8.142431084245119743e-01,8.612334491648141466e-01,1.467101591335977576e-02,5.564441641206638867e-01,8.700758719013524933e-01,8.850919699391636142e-01,8.567295002944994575e-01,8.126912934479694206e-01,8.975933249824210591e-01,7.278334635898312532e-01,4.401391659881712104e-01,2.287719485247750317e-01,2.682252756700267415e-01,6.330290338929664973e-01,9.656820430602837124e-01,3.015260764262219229e-01,7.787481676294533139e-01,9.260303646125378485e-01,6.080076300937442557e-01,3.911529184305427842e-01,6.809402061380301907e-01,3.278368999289829055e-01,3.535895640214621327e-01,4.350072620739705576e-01,5.238468522439579944e-01,7.107621476523672266e-01,9.053778586350405000e-01,7.317634713506414590e-01,6.476293756600501883e-01,8.645580550989375723e-01,5.505548564650006860e-01,6.229789395844901323e-01,9.385961548317631742e-01,7.302624653338880556e-01,5.080747299984970100e-01,2.761751693011328945e-01,2.976666897183987137e-01,7.223977214106698241e-01,6.432882776224623234e-01,5.487564039579917452e-01,2.805562309816024280e-01,-8.990021166334027924e-02,2.607057129043870991e-01,8.078859781272600404e-01,6.163305862556346382e-01,5.660730155663896701e-01,1.871621757736412484e-01
6.528410477773520793e-01,9.434933423571200128e-01,6.771473573216608699e-01,8.429263987215815934e-01,7.197844804210677960e-01,8.281774060664548465e-01,4.245651205535387329e-01,8.830800420741187207e-01,9.225647119060246260e-01,6.340515418256420510e-01,9.053872943935532547e-01,3.902446358944834381e-01,5.608761826763508651e-01,6.473315838123980814e-01,7.778435307337036031e-01,5.983412541765509296e-01,0.000000000000000000e+00,1.149129712501007622e-01,4.391015607621841510e-01,7.994462290543948857e-01,5.408621603263906730e-01,9.775892458859403167e-01,6.756918521963161117e-01,9.884680573591889674e-01,4.556899879157688127e-01,5.744828060584927787e-01,8.788361563060820281e-01,7.163435522956279611e-01,5.512963741256116101e-01,4.664232882679208991e-01,4.788608281372411790e-01,5.224166115286651424e-01,6.240353583766620194e-01,6.891274334372929911e-01,8.880396790488740422e-01,2.133510745523249097e-01,1.174895674919931299e-01,7.713796379595199149e-01,4.952444088644767373e-01,8.550056727308907867e-01,2.450798478670300484e-01,6.902088102218607579e-01,8.537223080682779797e-01,5.886911531084678684e-01,6.186608513149595145e-01,6.578279044010180154e-01,9.701174432076692389e-01,4.872095551390590029e-01,2.578112236290857062e-01,6.977902027363694915e-01,9.708728427155692842e-01,6.692487977720742443e-01,8.132745594777041065e-01,6.488218538689332071e-01,8.037961294258906264e-01,3.932220441034380842e-01,6.317352602711885368e-01,6.245434908743352498e-01,5.377233755885792998e-01,-1.073424632059921391e-01,4.063060921757523092e-01,7.459895345912699316e-01,8.952047666045302998e-01,6.850555255254522358e-01,9.017199341285869751e-01,5.807877276878328221e-01,6.113704457914265200e-01,8.573705113942053924e-01,6.124462224246421949e-01,6.413682501055165686e-01,9.657826312151648329e-01,4.914915679354748268e-01,2.907538262146654173e-02,3.091422575421098884e-01,-3.201302937484538091e-01,7.787594390248632203e-01,6.661295515276813850e-01,4.536213287264788119e-01,3.243280599219596216e-01,4.468384277650605529e-02,9.330008199210452213e-01,7.470097218174267528e-01,9.117455077954544906e-01,4.516714324540206937e-01,6.807705968066009028e-01
8.129824747300743448e-01,9.340468092398515054e-01,6.808445820594362097e-01,7.907018807129716498e-01,5.123271388402629301e-01,8.542968286757017804e-01,7.929051116236487395e-01,5.251275893591622612e-01,2.457728890870023997e-01,5.952691389335094119e-01,9.297996952254654612e-01,3.336141341045889552e-01,7.790508370128570448e-01,7.614012978350547245e-01,2.826525330730002006e-01,8.210744652128573184e-01,1.149129712501007622e-01,0.000000000000000000e+00,5.086179230414651364e-01,5.783561561535121021e-01,8.402111772594875738e-01,4.438774113674457400e-01,6.663303982398944836e-01,7.191295539552120530e-01,7.290670802659448002e-01,4.695946836315298412e-01,7.928363975621508519e-01,5.544127926320916444e-01,2.597415660722924291e-01,4.017811026679845021e-01,5.791013610376396503e-01,3.930345974858874269e-01,4.940669161227038697e-01,8.759307375801047568e-01,7.482809528403304711e-01,7.451810109673973059e-01,1.804713003776515501e-01,7.638805286885266277e-01,6.594781137775749258e-01,4.477267625250740957e-01,3.854339922282566389e-01,7.629681054338197654e-01,9.892659113296999873e-01,4.996463831525320143e-01,6.965367111690167201e-01,6.550533447185005187e-01,7.481467340042471381e-01,2.489231986344579428e-01,5.438592024645607648e-01,7.678558526949159635e-01,6.224723899689882378e-01,3.855694161827822319e-01,-3.793185933313207858e-01,5.934160698420182234e-01,8.402071992408577383e-01,7.930132560483892368e-01,8.657105946114606043e-01,2.973384647675650916e-01,4.301117655487825542e-01,5.114446695228109796e-01,5.920054180698154367e-01,5.634763270880422947e-01,4.413734004158177404e-01,8.202006981605085567e-01,8.880945095927317290e-01,7.759828820615003453e-01,8.285451368161594887e-01,3.258038531711860419e-01,5.282201733366579388e-01,2.677157472897191970e-01,2.088740114506414391e-01,2.613714069555647113e-01,1.885966767745200778e-01,4.363804060188211098e-01,5.409580309857946467e-01,2.152219626975586386e-01,7.692725062892470378e-01,2.016261835945943326e-01,5.366374475429613877e-01,-6.646939051586311931e-02,6.136093298229450266e-01,2.318894297789982906e-01,4.726828103418130866e-01,2.950023019149748960e-01,5.468447330992800559e-01
