0.000000000000000000e+00,5.052748458371872919e-01,8.560029179350875372e-01,9.970277441286474751e-01,6.781272469628399913e-01,9.053577714878424665e-01,4.425444612868206090e-02,5.684538436293098407e-01,9.337209013137004465e-01,9.382958444122498909e-01,6.780292856079983554e-01,8.103305387576531515e-01,5.885768114038798515e-01,3.101392802110141678e-01,4.088197487152967491e-01,8.332918264407480624e-01,8.614500628702319585e-01,9.966350864328270553e-01,8.365097893603333779e-01,8.198759839802228777e-01,6.155283147274648314e-01,8.562593446204864733e-01,3.902393798793950541e-01,5.625561809382444434e-01,7.431413082521047819e-01,9.049491031815971587e-01,6.082134382174462228e-01,5.560603264985015670e-01,6.749731125954816502e-01,2.277426581276627560e-01,3.905614826974816434e-01,6.577856648798701134e-01,1.025618981324131207e-01,5.010188707490692561e-02,6.108627975482514572e-01,3.399041298687548451e-01,3.920291175477069734e-01,5.520082895578087845e-01,9.696196430529226973e-01,7.148362054313978087e-01,6.569493145114341237e-01,5.130468371037517628e-01,7.779796658935160814e-01,7.061217067559877325e-01,7.166706750677455107e-01,4.142600518997031078e-01,9.129139479851277050e-01,8.072343769942407210e-01,5.047668738691473145e-01,4.971599898716140276e-01,4.022207642075310008e-01,6.851384098506242415e-01,5.943533703016229408e-01,9.129391895972777116e-01,6.644250370776829673e-01,7.969130457015511926e-01,6.512750148823018836e-01,6.728155783824721903e-01,7.999004015097501696e-01,5.045419286071958220e-01,2.750561098992677089e-01,7.512344211752108869e-01,7.883719064806495869e-01,6.493913709391522238e-01,7.600760166283033747e-01,6.886377113481992884e-01,7.210675096862465550e-01,9.531644393414921979e-01,9.794261455943165107e-01,7.887393240944605699e-01,7.831997352636167475e-01,9.153346495598705390e-01,2.615753233108131792e-01,2.499373402600625071e-01,7.715521253514816546e-01,8.954229575627705717e-01,6.261373677557398043e-01,8.879283846815643200e-01,6.222560766274773947e-01,5.883228321645890269e-01,8.377080769568981955e-01,5.383351383857576389e-01,7.268756275475198869e-01,4.323915544792056309e-01,5.641537976982399227e-01
5.052748458371872919e-01,0.000000000000000000e+00,9.485723326889647922e-01,1.159329560960259409e-01,7.950744436011900618e-01,5.260733171915018547e-01,7.849176121323375721e-01,5.714380384840803684e-01,6.650431453826537442e-01,4.810811898443275725e-01,6.718111343967714255e-01,8.011668958458332268e-01,8.977258063007871325e-01,6.518909660850258359e-01,7.398833469277201758e-01,1.282256154205510534e-01,6.325301720489437951e-01,5.647119419883552816e-01,6.374022753111698858e-01,7.822592930531487854e-01,6.131867406937003828e-01,3.700157067054922200e-01,2.407381355136886392e-01,8.714291440196434424e-01,6.354107101738517560e-01,5.587141210423585136e-03,9.128074514030732889e-01,5.238172154182902940e-01,4.332821663641422405e-01,6.975144277092300005e-01,3.935172386893907026e-01,8.478425569787591265e-02,6.938236897290870342e-01,9.529547834958582708e-01,6.333415107662381249e-01,5.257179109592433619e-01,4.920305890822392336e-01,5.437938948098662850e-01,9.169559918598814141e-01,4.952435470668050677e-01,5.810222144052996640e-01,6.877503437861788305e-01,2.308520843714000070e-01,7.931859962886442794e-01,9.741588676683338166e-01,6.682127873000357487e-01,7.643499932220495507e-01,3.060890653426521224e-01,6.516346819976163163e-01,4.723609224638296578e-01,3.372141251492849490e-01,6.485365110592484772e-01,4.165381936031558596e-01,5.489972887761525033e-01,9.278241999836949194e-01,9.415965340917282766e-01,4.493940789535083025e-01,6.469369625072578511e-01,7.301472694508575056e-01,5.808807742825061737e-01,5.293847763153025632e-01,6.785713759272836709e-01,1.177053406947187186e-01,7.667090351741637777e-01,8.198468191389155502e-01,7.929212823074844874e-01,9.124674082074405446e-01,6.920487165338173874e-01,2.476497999453250443e-01,3.378883580002197684e-01,7.942368215270212417e-01,2.367048887512901711e-01,7.408295330516098121e-01,5.218527883048231786e-01,4.563080153805935124e-01,8.817561417864195894e-01,8.979553639916351138e-01,8.926158116544161691e-01,8.908571844646436810e-01,5.569165014966570570e-01,4.779296789022863812e-01,9.370604430115693217e-01,4.963514992980465612e-01,4.897093573697887114e-01,7.401976811780659471e-01
8.560029179350875372e-01,9.485723326889647922e-01,0.000000000000000000e+00,1.680449992838174422e-01,9.624482987499608511e-01,9.348244121149507091e-01,8.184860742839953351e-01,4.730646728610689022e-01,8.686254884865131087e-01,6.356462469092896139e-01,4.963381425248483692e-01,9.612731385852902877e-01,6.398297685923109990e-01,9.420466604507418129e-01,9.810785747132799717e-01,6.170784926612462584e-01,6.023575984778312131e-01,8.553506123284542184e-01,7.953073213116381712e-01,7.769145593769898328e-01,6.377284715056609210e-01,6.877768118136251552e-01,9.925572801627704500e-01,3.407555599989889883e-01,5.750087289884716624e-01,4.564898866399709210e-01,9.694182039004024809e-02,3.564328086081965941e-01,3.342019554467663411e-01,2.773328390882570105e-01,6.545355149984595222e-01,5.106045102910137246e-01,4.235394058953969587e-01,5.717204573364664810e-01,4.763197146240204516e-01,5.371387855885497720e-01,2.713550292996079194e-01,4.857619938396524617e-01,8.461026880477037215e-01,6.388680487469127200e-01,5.968428510244159213e-01,4.811372813203129151e-01,4.862975456316014355e-01,8.118526450987286758e-01,9.190169234615338523e-01,2.206256306632589648e-01,6.516133022116092910e-01,4.315990874719054515e-01,8.540781992722313865e-01,9.481938424909246432e-01,5.836150546000776762e-01,6.147111317995961333e-01,7.701961673596597890e-01,9.727841962379422114e-01,7.076373837625034025e-01,9.374914923050364779e-01,9.273004013536835233e-01,8.833141196955482943e-01,3.348040202233895091e-01,3.061330822902575410e-01,2.929575527342468955e-01,6.910124516883904278e-01,7.905326482360106599e-01,9.651081745270586598e-01,9.628906666686809501e-01,4.302114663639949876e-01,5.201968599557733608e-01,8.973419440332208730e-01,7.094938518473180578e-01,6.345286141067612018e-01,9.701366022442169390e-01,7.356756976093652423e-01,5.961304807106326820e-01,7.786982821110587372e-01,9.861027887484707932e-01,7.441359067579268460e-01,4.449564255907626498e-01,8.440257122824629255e-01,4.803956869881600422e-01,2.700441515683593696e-01,6.265247073173751957e-01,8.163531233294755163e-01,8.780987160847746331e-01,9.225866184088058475e-01,7.641553078100368213e-01
9.970277441286474751e-01,1.159329560960259409e-01,1.680449992838174422e-01,0.000000000000000000e+00,8.147594432510032458e-01,5.428909675158299919e-01,7.234117683905049168e-01,7.643645605597965131e-01,4.570162688444356358e-01,7.360011963299841753e-01,9.714497724504340681e-01,6.085407619413020219e-01,7.417651686592124927e-01,7.972145852857737136e-01,2.200130572190069911e-01,8.566171143395910903e-01,7.565197791979557662e-01,1.652597788305686932e-01,3.496682250584454144e-01,7.290281499142408084e-01,6.607007461219188693e-01,6.328651650352162816e-01,7.538905920467156019e-01,8.915215910575827740e-01,2.121410625118736737e-01,7.218983038131079333e-01,5.738851937123669034e-01,7.494705612581016307e-01,5.615632541083230844e-01,-4.114355299502808760e-02,5.778403378911927124e-01,4.535353962612990730e-01,5.764783610597882246e-01,4.357639578736050012e-01,4.915022228072085109e-01,3.863417740048384896e-01,2.562469638376791981e-01,4.736227053950112786e-01,6.815015503376647965e-01,7.136667973084758199e-01,5.991569586973455319e-01,4.057212134406158466e-01,6.941818516698953223e-01,7.305552647358453111e-01,6.768652471735754350e-01,9.202094560583424787e-01,3.447501114370133107e-03,6.864547471573927417e-01,4.229352802318696591e-01,6.177749784279481515e-01,6.627429055471091290e-01,6.789926339360822238e-01,6.654781414209196555e-01,6.167935526895620413e-01,6.080423159377579267e-01,7.204901073655686217e-01,6.229091426777982887e-01,4.668507647814965078e-01,4.148478255159820938e-01,4.842262703223114140e-01,7.554621543647176418e-01,3.192929395882309479e-02,9.554966911022660936e-01,6.996651886553878485e-01,8.522397930203307048e-01,6.421480900772055245e-01,9.043436312188209980e-01,9.676246903165870439e-01,7.012456820323711426e-01,8.393235571100802206e-01,7.316390815565216865e-01,2.472502810829345088e-01,5.225076097773919681e-01,-1.077861813584299611e-01,2.110980421020182685e-01,8.124471649959426056e-01,8.241557877945465682e-01,6.604918278908482598e-01,6.092053544768879503e-01,3.577211416840717639e-01,5.380351430411122182e-01,5.046817462452187764e-01,1.585079663984265697e-01,3.826150059828451466e-01,3.926511184030208601e-01
6.781272469628399913e-01,7.950744436011900618e-01,9.624482987499608511e-01,8.147594432510032458e-01,0.000000000000000000e+00,9.813543217219116155e-01,1.956836734401533606e-01,1.835091274833869010e-02,6.696826951013350460e-01,8.734354329783804438e-01,6.270891354228788073e-01,5.137767488971352048e-01,2.531224546357720429e-01,3.204226278128806116e-01,4.044250423341154144e-01,1.576005144104280220e-01,6.019645898811232243e-01,2.799770607701584924e-01,8.633930497083016631e-01,6.617786796935841709e-01,9.540265935918085249e-01,3.280893222824311506e-01,4.599264504070468274e-01,7.365299098141443457e-01,5.344740812600518032e-01,3.169611225173548652e-01,4.454096128315508940e-01,9.508733553220635182e-01,5.871710112353288880e-01,7.937240026275464988e-01,7.001267719547425994e-01,4.348789389680163264e-01,5.097388239648645847e-01,8.088116008285761716e-01,4.852157406183222332e-01,6.069451543093477008e-01,3.749837327889616878e-01,6.647063107823735217e-01,7.932386964159361398e-01,7.611328202927890585e-01,6.990222347618991749e-01,7.801816453387092620e-01,8.792903721097042880e-01,8.180535638831394341e-01,8.022428028220767171e-01,7.301337068431534849e-01,7.725704946069462675e-01,3.022490745654416999e-01,9.126083959597930742e-03,5.837745979761613802e-01,7.907329597075377636e-01,3.640638155476244031e-01,6.215238552441526565e-01,5.832106187166321565e-01,7.925257425556960778e-01,6.063301854316840434e-01,4.489581631710998777e-01,2.693960244341542798e-01,3.913811449749271532e-01,3.818897530754259972e-01,6.083142584612927228e-01,1.065788936866096243e-01,8.656666522151973409e-01,7.847315025221577311e-01,8.077150765742519001e-01,6.691779723477935260e-01,5.583652735552447899e-01,7.968311454250145420e-01,6.031824470318901676e-01,8.578089476346129061e-01,7.217637381128776397e-01,5.531882065170016238e-01,7.817312735401568125e-01,-2.960920011146012110e-01,7.583273237109824372e-01,8.599380918106204197e-01,3.299666176110650495e-01,9.865125429113793531e-01,4.646090482299780611e-01,1.026259044472863924e-01,7.318217309090058187e-01,8.570562981229019606e-01,6.413611527090280484e-01,5.265400406271983358e-02,7.179757235989711051e-01
9.053577714878424665e-01,5.260733171915018547e-01,9.348244121149507091e-01,5.428909675158299919e-01,9.813543217219116155e-01,0.000000000000000000e+00,7.121966603505984761e-01,6.733927308183981220e-01,8.371457769811725402e-01,7.019578836576617631e-01,5.636942154055228915e-01,2.054432012571711097e-01,9.404613097872918104e-01,4.568103871722788978e-01,3.210365611791035634e-01,7.042091419988679712e-01,7.232084832243738104e-01,7.979899647112966843e-01,6.204141328619361406e-01,8.330536690511008979e-01,9.233515288999587511e-01,2.661736541812308454e-01,8.319515284202668726e-01,5.778131620003751356e-01,3.938854818647191669e-01,6.552917240891901196e-01,5.280664264618797343e-01,6.094693862186679745e-01,3.803148177831919274e-01,3.387727881022807308e-01,1.784155577773662849e-01,5.561956476369335212e-01,4.203361107955743692e-01,7.074701417234335876e-01,4.703273638446732741e-01,7.163230563787982286e-01,4.744576634824664851e-01,2.127009680181959350e-01,5.658610948167915877e-01,7.060693369613334491e-01,2.346286713771394972e-02,7.148808814594781458e-01,4.872177799351845584e-01,8.223322704941231631e-01,9.384948312361274247e-01,6.674147616859072984e-01,7.363508024314217026e-01,6.709795272379625031e-01,5.341968300356270127e-01,5.059648364904593132e-01,5.128028559093665839e-01,2.170414503736171064e-01,6.140167097097219973e-01,5.242782124242435504e-01,6.597382875188102513e-01,6.318119501290960782e-01,9.325423386294491301e-01,7.509754936507195833e-01,6.956060794846957718e-01,2.898911795651152312e-01,5.063136351420339798e-01,7.375748008551490376e-01,9.452460120452790271e-01,7.203295661061338562e-01,1.086453471975280388e-01,5.508745207465585159e-01,9.436602037387364916e-01,8.395958741541127424e-01,5.484595086639153516e-01,7.723896271400915170e-01,8.384399899748670171e-01,8.988401331866867627e-01,4.563865740694868500e-01,5.016390351587475260e-01,-1.759971332443919512e-01,7.217823125551404706e-01,5.511036825869810585e-01,4.441187414594612859e-01,7.754686556173056022e-01,-1.535502701004667903e-01,2.136483504746615747e-01,7.911029694180896077e-02,9.522341018195259466e-01,5.680350873192272498e-01,6.418848884015004863e-01
4.425444612868206090e-02,7.849176121323375721e-01,8.184860742839953351e-01,7.234117683905049168e-01,1.956836734401533606e-01,7.121966603505984761e-01,0.000000000000000000e+00,5.786593528651883256e-01,5.534082863769296257e-01,7.799445280701403638e-01,6.687087923036150183e-01,7.995532992547940143e-01,7.979353000207402014e-01,2.708306480772209104e-02,7.539464257328738483e-01,2.656571953945209286e-01,9.318964121603483530e-01,3.383634278825634611e-01,5.766195214173912564e-01,9.801568519563740312e-01,6.714990407409141548e-01,2.686733753134094016e-01,8.023636779989194723e-02,9.325378766194445390e-01,2.156133707030639113e-01,5.343858270721311143e-01,7.625531588510165992e-01,3.611603696797622831e-01,5.724961595492806810e-01,2.321011039163032863e-01,1.119090050320563634e-01,7.980147971064941448e-01,2.058121418856908857e-01,7.348407075942834377e-01,5.107732405973457457e-01,4.453798786820282740e-01,5.654283734200025169e-01,5.930123196695693544e-01,7.432971215196534365e-01,5.317479974879621984e-01,9.523689796926995688e-02,1.624850593170011348e-01,7.594295666103717535e-01,8.454071043531262708e-01,7.706993382193926267e-01,3.377198926881274099e-01,2.054535482544173619e-01,6.303341697742295135e-01,7.328142872695331267e-01,4.401302477983154993e-01,4.970093219699090459e-01,5.228742232131300405e-01,7.418309681324697369e-01,7.623274763554908073e-01,6.833997455315005132e-01,4.105351582160927659e-01,1.501291468017402209e-01,6.941087146469244740e-01,3.236820128245482819e-01,1.831935516175537682e-01,8.847852114585097461e-02,4.521778248404342837e-01,5.372296674919221360e-01,9.446810932717145670e-01,7.518707354916116525e-01,4.284627049706288826e-01,4.787351809262773150e-01,4.752164408182407151e-01,7.902770287243658931e-01,4.230321648567778592e-01,7.534041533708492056e-01,8.813671964382291391e-02,3.358112924439171643e-01,4.329507147954188007e-01,5.167104393395354212e-01,7.652919991887436879e-01,5.976080308496378724e-01,9.180944476530734644e-01,3.550612329154605451e-01,1.055112327237985731e-01,3.611776160970970873e-01,8.453106824559739607e-01,5.051863763641428751e-01,2.131665236929317087e-01,5.621826169775197002e-01
5.684538436293098407e-01,5.714380384840803684e-01,4.730646728610689022e-01,7.643645605597965131e-01,1.835091274833869010e-02,6.733927308183981220e-01,5.786593528651883256e-01,0.000000000000000000e+00,5.198993510204982238e-01,4.906572687891731510e-01,7.435274035144724403e-01,3.215231336714554633e-01,9.235095966767664644e-01,5.926708881677195118e-01,5.401945983698652753e-01,2.723741591403344708e-01,5.470593260238758582e-01,5.172426915234459299e-01,3.210957097729198462e-01,8.826932881516124096e-01,6.046733932229513275e-01,4.761956505128831507e-01,4.669088593918865326e-01,5.976149206227774346e-01,5.542108101651551655e-01,5.991961099223752640e-01,2.404292231225604037e-01,7.808380285258200715e-01,3.609058965829085586e-01,5.296002738262581833e-01,2.496259547915433141e-01,5.526780611188536474e-01,9.981662996682235667e-01,3.516145756974358161e-01,7.730861570298230845e-01,-1.377525491425799498e-01,6.412760481653747568e-01,4.372175938786586058e-01,8.066582748989844509e-01,6.468618969232124982e-01,1.868835375427797540e-01,2.570106279417736506e-01,9.578178166134758698e-01,7.853867189297596418e-01,6.383972469256887772e-01,5.938956090256057863e-01,5.007021858108086088e-01,1.482672031214126995e-01,7.945164931364034899e-01,6.084345629273967271e-01,6.267240858842292317e-01,7.406574049038883167e-01,5.718536880292816038e-01,9.497489568762789158e-01,5.978887108200532374e-01,5.280381568253788016e-01,4.582960207156592247e-01,7.685362216105684485e-01,7.467002682801708868e-01,7.975728072682585212e-01,5.535656581208494575e-01,2.094534248340532978e-01,7.972860005114473791e-01,9.796977350535202023e-01,6.180994603370366658e-01,7.636594893300109321e-01,-1.302092965481457254e-01,4.575110193783529233e-01,3.858388971949433532e-01,5.650516102457088241e-01,2.362456591973388087e-01,3.755910155698566344e-01,9.057038929691252696e-03,7.696033444609735874e-02,6.893227974519148260e-01,4.787921044982626495e-01,6.318545967233054617e-01,7.422307791943992816e-01,5.276392415812622971e-01,2.700858540370183469e-01,9.201086757929509696e-01,2.488379104323875934e-01,6.054155358720543223e-01,1.633547983866760756e-01,5.793375583086509684e-01
9.337209013137004465e-01,6.650431453826537442e-01,8.686254884865131087e-01,4.570162688444356358e-01,6.696826951013350460e-01,8.371457769811725402e-01,5.534082863769296257e-01,5.198993510204982238e-01,0.000000000000000000e+00,5.829392765025146472e-01,9.271800206896154695e-01,6.851524846611486419e-01,7.069498072957425272e-01,7.619218945127719245e-01,7.993854874207448891e-01,6.305584075750758632e-01,6.756396680572800406e-01,4.813370772260719410e-01,5.493817099875066834e-01,9.582898969395698963e-01,9.764408734088650954e-01,9.981440378197299346e-01,7.068096615897617729e-01,5.973808074246499400e-01,4.163405496984626808e-01,5.367311992728003300e-01,1.929462173919310464e-01,7.137199865526638876e-01,2.015587501369635048e-01,2.740274661266040024e-01,4.379332670704096930e-01,5.284365052013305641e-01,4.448343459022104929e-01,7.630243443847952722e-01,3.216476657990425259e-01,3.938882662129120638e-01,4.640860947724503305e-01,9.664285781277878185e-01,9.118025478669079531e-01,4.567645493024262149e-01,3.413240666414348312e-01,3.965331883880887087e-01,9.720431821679534901e-01,4.283712653260594028e-01,6.958739403395995671e-02,2.085290016711866812e-01,1.911208106512589933e-01,7.695901157216986643e-01,9.618716900353798671e-01,9.844267610089738607e-01,5.839163047964383013e-01,7.750592777333725758e-01,9.804343813714380129e-01,1.729477645251285001e-01,7.585354542395996713e-01,9.993220887317419976e-01,7.662957312527582943e-01,4.725076476030268813e-01,8.165160108583362497e-01,6.072298202227829345e-01,6.821849108305789722e-01,5.449480398304418216e-01,2.599925540552271430e-01,5.921529172847667111e-01,6.988483144984849460e-01,6.438869099157915610e-01,7.032909357276007078e-01,8.838951561175997229e-01,5.783188933664571429e-01,5.009868396402412660e-01,5.034493527361204590e-01,7.468953056789779943e-01,4.222965545638607265e-01,4.436015840760728079e-01,3.124726401307065249e-01,7.704136822451115307e-01,6.442207410266086454e-01,6.040062138032972205e-01,5.163997800887081269e-01,7.546910335477624576e-01,-8.285682396929977545e-03,2.776581234931760345e-01,7.479950329318140190e-01,2.158987037207906468e-01,4.591329567738758333e-01
9.382958444122498909e-01,4.810811898443275725e-01,6.356462469092896139e-01,7.360011963299841753e-01,8.734354329783804438e-01,7.019578836576617631e-01,7.799445280701403638e-01,4.906572687891731510e-01,5.829392765025146472e-01,0.000000000000000000e+00,2.002407549177624702e-01,4.172852324442417604e-01,6.808254620062406115e-01,8.923840043543130873e-01,7.285802895217582398e-01,6.964324474240946028e-02,6.771207193649324552e-01,4.344390814615943230e-01,4.662403452272436133e-01,6.551447235147670467e-01,8.632786622004435806e-01,3.789479794176562333e-01,2.721345214404967128e-01,6.966570362683944806e-01,9.990764014627760981e-01,5.344832997316228962e-01,5.037318381826018099e-01,5.340279624393315938e-01,4.825131644310923229e-01,5.899958687151937164e-01,6.799167019501103360e-01,5.599510017512111526e-01,5.332892548463468163e-01,5.759417171861477280e-01,1.197389824867415159e-01,7.404643021740415776e-01,2.618981104370760038e-01,4.777136854542385347e-01,8.051588061720129641e-01,5.352731783187809622e-01,6.641081149131285999e-01,9.135807679078936094e-02,3.168770386855001009e-01,9.911030452531022217e-01,5.108532855078682378e-01,7.057904384571356271e-01,6.517705179643572544e-01,7.666260074026234328e-01,5.756021796527854839e-01,4.962490828326202030e-01,6.656752307173412486e-01,6.843792362385054950e-01,-1.172690456789549640e-01,5.985556969108485337e-01,6.451103268590152595e-01,9.542310470058172900e-01,9.094649598396897794e-01,6.693371128252404434e-01,4.522595316412389432e-01,7.371343057753982908e-01,2.298207433899869812e-01,6.747070937095704934e-01,4.708460322391390118e-01,9.506588223826866191e-01,5.513921221269101336e-01,4.968553489769342857e-01,1.636596726047124251e-01,6.915743286106819099e-01,7.083545007862045439e-01,6.907168746154954686e-01,5.284329313795420591e-01,7.374089790754949636e-01,2.879119958102824839e-01,4.453214869501366802e-01,2.480734914287212600e-01,5.012909559413013527e-01,4.837217986074572873e-01,3.514981005574788764e-01,6.876712458161519104e-01,8.162167209065851470e-02,6.035423633495280438e-01,9.271191092604040840e-01,4.725498659084032549e-01,7.693341133904394447e-01,8.190440607364901648e-01
6.780292856079983554e-01,6.718111343967714255e-01,4.963381425248483692e-01,9.714497724504340681e-01,6.270891354228788073e-01,5.636942154055228915e-01,6.687087923036150183e-01,7.435274035144724403e-01,9.271800206896154695e-01,2.002407549177624702e-01,0.000000000000000000e+00,8.296146471775691644e-01,6.507506768732770341e-01,6.051494654473178469e-01,6.787928885757321673e-01,8.996789527079462889e-01,8.367382453768270612e-01,3.395060625592604686e-01,4.086137335038320106e-01,4.330214247902389735e-01,9.584953586939148895e-01,3.021636283845600124e-01,4.494027674868467104e-01,7.126812173267332851e-01,7.532727103447880435e-01,9.928321454378208344e-01,7.689142403112169122e-01,6.556123754953615546e-01,6.572455662591215608e-01,4.768563018376472118e-01,1.162164272032260304e-01,3.793673007249794837e-01,3.153083884636880274e-01,6.004956092095244946e-01,4.430896070433311129e-01,6.645897351177850743e-01,2.261773707694642588e-01,2.488559225572016254e-01,5.747528979028764251e-01,7.003675160670082001e-01,7.104093387963752448e-01,3.024035730065926519e-01,7.003201600844755070e-01,2.679841289592673204e-01,5.532296308679877095e-01,7.080435229961554722e-01,8.421410210915938332e-01,6.066671705770211309e-01,3.658420437409271031e-03,5.837205119943819076e-01,4.504078252903577773e-01,6.771518934822078339e-01,9.884408877030567142e-01,6.555910668330227065e-01,7.052289222183449890e-01,8.248056358614620498e-01,8.251838706044175575e-01,6.005976811658804149e-01,9.035521675845709089e-01,1.733811792481358693e-01,5.927194603537661033e-01,7.260752727498817061e-01,8.475744194982954838e-01,6.757567237034819430e-01,8.696769678498382783e-01,3.089505574136787724e-01,5.974431760532220581e-01,7.033318814819311537e-01,3.659154773217699885e-01,7.774441424197507944e-01,7.340274273813927053e-01,5.601424073727224728e-01,3.322918213099473883e-01,2.922670746070615277e-01,5.182046849767973917e-01,4.090746453118027093e-01,6.824657803023097546e-01,7.264177259902188100e-01,4.495894424715374260e-01,6.133475361027161954e-01,6.457603576106460963e-01,8.497726973202879286e-01,7.010668518892785306e-01,3.780413516491696324e-01,3.258457138657115393e-01
8.103305387576531515e-01,8.011668958458332268e-01,9.612731385852902877e-01,6.085407619413020219e-01,5.137767488971352048e-01,2.054432012571711097e-01,7.995532992547940143e-01,3.215231336714554633e-01,6.851524846611486419e-01,4.172852324442417604e-01,8.296146471775691644e-01,0.000000000000000000e+00,2.019860088705788814e-01,6.056728723016536753e-01,7.867768704092767962e-01,7.977004136425100977e-01,7.762147981058019619e-01,7.924870699255553985e-01,6.082522583514193837e-01,5.844730603075264375e-01,6.168400646311460456e-01,5.166632079214645845e-01,7.963846900264357487e-01,8.345282900951470628e-01,3.630820634904419197e-01,6.987965266993934055e-01,6.230714997341912920e-01,4.531365125973546015e-01,6.816927728149977384e-01,2.468571037017402992e-01,3.468149686489299666e-01,4.904634240377333532e-01,7.732156198309776407e-01,4.863179015072819356e-01,5.164929058800410422e-01,5.862690541495982899e-01,2.939864792828121853e-01,7.186849608407196444e-01,2.568413954134709520e-01,7.208347941931096958e-01,4.874654442876872329e-01,4.089491436726159224e-01,6.338614855905353451e-01,5.491897036292385792e-01,9.343935836836722020e-01,8.374585764449629099e-01,7.134996536636775133e-01,7.411888921650428008e-01,4.448335674538125839e-01,6.379896204239842161e-01,5.559464397915163669e-01,6.287044545544197005e-01,6.176091456145450520e-01,5.448254632896533112e-01,4.052336409524367467e-01,4.106365228670476042e-01,7.706825337996108249e-01,4.156244528202024391e-01,5.977854866584499938e-01,4.156337879850022787e-01,6.265463104208074396e-01,5.229555934332350553e-01,2.670760938753797831e-01,8.162255019522012267e-01,9.152274796951136437e-01,2.837633250288336406e-02,9.915202735727450811e-01,5.025699505161124181e-01,3.308029164243059261e-01,3.823671121582953858e-01,4.658959159942985817e-01,7.023889729992784936e-01,2.610071081771897505e-01,3.762345073089277125e-01,3.251049741303042029e-01,8.624517401912104031e-01,6.520452311203528417e-01,5.972635904581659050e-01,9.425414488853740835e-02,1.091478208319070636e-01,3.649689226096046735e-01,9.466151109932706698e-01,6.069506836690913287e-01,5.128938077652345218e-02,5.465077570497025583e-01
5.885768114038798515e-01,8.977258063007871325e-01,6.398297685923109990e-01,7.417651686592124927e-01,2.531224546357720429e-01,9.404613097872918104e-01,7.979353000207402014e-01,9.235095966767664644e-01,7.069498072957425272e-01,6.808254620062406115e-01,6.507506768732770341e-01,2.019860088705788814e-01,0.000000000000000000e+00,7.084928474286220634e-01,4.172591238147111969e-01,3.099223258570116268e-01,7.679719601008911933e-01,8.356894530125303922e-01,5.221335521105379129e-01,6.229808828992492442e-01,6.427551931467153645e-01,9.455343718832842637e-01,6.810756069345330621e-01,8.303082661700013078e-01,2.982763839492772601e-02,8.099709183513613686e-01,1.642174371334287619e-01,5.029987874636742129e-01,5.170268013728124279e-01,1.862199675952917743e-01,5.724243148471280102e-02,5.536361253041131025e-01,3.399066186585546490e-01,7.293435988821582727e-01,8.776508394338347063e-01,2.854312139265743897e-01,3.602290003853383382e-01,6.084413916983347770e-01,4.003413350089430889e-01,9.270783849608744687e-01,1.066177793751751923e-01,3.896748183086753414e-01,7.165805873205587373e-01,6.553723143375537186e-01,6.316546122808825992e-01,4.808440983530536394e-01,9.028022410161150590e-01,7.750472613535485111e-01,5.447622761794634894e-01,7.929038816349682772e-01,4.705827998138739643e-01,7.975348280782224020e-01,6.279490513462758772e-01,9.214191720979946210e-01,7.060210679140397350e-01,4.698766620956401074e-01,9.611506722418745596e-01,4.259919065656981862e-01,9.365099821910733979e-01,6.910380931994793974e-01,2.320343238902783933e-01,7.376749769570015713e-01,5.207310620200301665e-01,6.988842033655601194e-01,8.715085274432984308e-01,4.264140788416627692e-01,7.220281239428494313e-01,6.868361828083630050e-01,5.877469541328952385e-01,6.534347845148708034e-01,7.266490991514406028e-01,6.827045345789218844e-01,5.556777256458851344e-01,9.597734056757910304e-02,5.442536969149951442e-01,6.015457623901451223e-01,4.852904704711712425e-01,6.914020663535860312e-01,3.951807025406864904e-01,1.942129019998908510e-02,6.633885143492413983e-01,8.807618724800141408e-01,5.521545862821292117e-01,3.076603674224473450e-01,7.208206016655637205e-01
3.101392802110141678e-01,6.518909660850258359e-01,9.420466604507418129e-01,7.972145852857737136e-01,3.204226278128806116e-01,4.568103871722788978e-01,2.708306480772209104e-02,5.926708881677195118e-01,7.619218945127719245e-01,8.923840043543130873e-01,6.051494654473178469e-01,6.056728723016536753e-01,7.084928474286220634e-01,0.000000000000000000e+00,7.419184068861535142e-01,-1.577632643879395002e-01,6.364462838473439188e-01,9.543528653755393165e-01,6.420579786196769501e-01,7.332184355732715986e-01,4.104753846516768778e-01,9.736411738484086476e-01,5.760099214429057479e-01,8.599891567025804706e-01,3.084139045938779633e-01,6.384258240619113955e-01,8.334250693487157413e-01,5.846542928572094899e-01,6.015194475272765962e-01,3.335804058928715232e-01,2.448880604421925788e-01,6.628900679280447239e-01,7.732208595468815782e-01,6.428835051025396652e-01,4.546353017370137750e-01,4.012142480337156925e-01,-1.106123336422651371e-02,7.542071856949492670e-01,8.320102103053541587e-01,3.028768075585511199e-01,3.148120577887251748e-01,4.987406606586727853e-01,7.495008493415186157e-01,4.545265592188221238e-01,6.702829055626420285e-01,5.327889975331283612e-01,8.077140646280519531e-01,8.586544404225009419e-01,4.849791675611427877e-01,9.359010485711112270e-01,8.605850951180040731e-01,7.913833637472167393e-01,9.240866446373708909e-01,4.690780416524369389e-01,4.824182073125454218e-01,4.851021700022546401e-01,6.009956898026107552e-01,7.653728348643935586e-01,7.602249339970951203e-01,3.638784523139368954e-01,9.520917198408913873e-02,3.809178654520881113e-01,5.881218420179240569e-01,8.642435336283422753e-01,8.958100917524215445e-01,7.653008634617294303e-01,4.327286772665243642e-01,7.774377208251632698e-01,2.286332136157167016e-01,7.066652356665277246e-01,5.045353342406085906e-01,6.382648326418747242e-01,2.341877829462496174e-01,2.266625916318743082e-03,4.312430651735541520e-01,6.741362715720315979e-01,2.009217897720375345e-01,1.685942258224326917e-01,5.623209258688400235e-03,3.248307368088409475e-01,3.448129840638284316e-01,8.010010887932114132e-01,3.839303812111356518e-01,5.961761752503312861e-01,6.004692909979746362e-01
4.088197487152967491e-01,7.398833469277201758e-01,9.810785747132799717e-01,2.200130572190069911e-01,4.044250423341154144e-01,3.210365611791035634e-01,7.539464257328738483e-01,5.401945983698652753e-01,7.993854874207448891e-01,7.285802895217582398e-01,6.787928885757321673e-01,7.867768704092767962e-01,4.172591238147111969e-01,7.419184068861535142e-01,0.000000000000000000e+00,7.269497360333747604e-01,2.782649893948515585e-01,2.715155366952883287e-01,6.806681661403857220e-01,6.401763837004006419e-01,3.775380444702508553e-01,6.582141209680850702e-01,6.789018930500488880e-01,6.803563917151002061e-01,5.973660222922023699e-01,3.428655106872565694e-01,8.209141675280373640e-01,2.931851292229410433e-01,7.785771472808156179e-01,9.595440490789648724e-02,5.632833892047068858e-01,2.777303566310626581e-01,5.683127509945545830e-01,4.477939601630999689e-01,5.866995512792330114e-01,4.576863329000957492e-01,6.676241760730698971e-01,3.614318468847532717e-01,7.374118545092150923e-01,7.154203725855009521e-01,4.776516550449798615e-01,2.600666098301034346e-01,5.832769767704972796e-01,7.444362467091896196e-01,6.555654522336715750e-01,5.110532766731846754e-01,6.001279644979125028e-01,3.299791051753565574e-01,7.444855656715583248e-01,6.452963184699973542e-01,4.967415835249496259e-01,7.094324887397954749e-01,6.578342274801254330e-01,4.341826914838839424e-01,6.520328966626530720e-01,4.619433674461945194e-01,5.726611852891182464e-01,4.899377403027709854e-01,5.255378962136783016e-01,2.539316691504062140e-01,3.939547585045182210e-01,6.041901325560582459e-01,9.320434916422259963e-01,4.722961616001885576e-01,2.401515590758728502e-01,4.948669927838943994e-01,5.227089608079946714e-01,5.667637047587502641e-01,5.419926313297949161e-01,1.340014633894058282e-01,6.854810377187617876e-01,6.658590677883410303e-01,4.886847800751086268e-01,5.281300223789674453e-01,5.854454031113639489e-01,6.036223908833935337e-01,4.896877996620946361e-01,5.347662498237888418e-01,3.680158874385753842e-01,5.648984356664480400e-01,1.938119101716833381e-01,8.665674957321399807e-01,8.499733308979806612e-01,6.087604916946580680e-01,5.066117824003903980e-01
8.332918264407480624e-01,1.282256154205510534e-01,6.170784926612462584e-01,8.566171143395910903e-01,1.576005144104280220e-01,7.042091419988679712e-01,2.656571953945209286e-01,2.723741591403344708e-01,6.305584075750758632e-01,6.964324474240946028e-02,8.996789527079462889e-01,7.977004136425100977e-01,3.099223258570116268e-01,-1.577632643879395002e-01,7.269497360333747604e-01,0.000000000000000000e+00,3.372602893160965842e-01,3.376392016635767490e-01,7.904324233846621306e-01,9.506144225476818033e-01,6.660333942450664679e-01,6.995379262894967365e-01,5.717223951624332834e-01,5.686980849180345299e-01,4.435258960476038959e-01,7.338422882215223098e-01,8.768913213793876338e-01,6.302578518752479653e-01,3.263080569706059419e-01,5.958443039277820930e-01,4.261995972004438138e-01,1.430241567623632970e-01,3.957203761406247189e-01,5.864292893537405016e-01,7.520824883355737844e-01,-2.808977155293940209e-01,3.902065631125527512e-01,6.433464530833097328e-01,8.850651558314024392e-01,5.843780297703280446e-01,2.588452958376010749e-01,7.016419923304835216e-01,6.047119471967167259e-01,6.449372407083691083e-01,9.263034759274260121e-01,6.738184451140647457e-01,7.897043552475240258e-01,1.477126981974016262e-01,4.327727185799422616e-01,2.123042363400561849e-01,7.293358841961454786e-01,4.607321868035264556e-01,9.139771688011172346e-01,4.250537376746232887e-02,4.210581716609432812e-01,9.635865514349675198e-01,7.233480380180334901e-01,8.156225129239597083e-01,8.959599950825871684e-01,7.747486135650132333e-01,4.426864445415085725e-01,3.551027801100782866e-01,6.398261169079570987e-01,9.855635390682642161e-01,5.425204335734914451e-01,9.869233417526268592e-01,2.878769102977856154e-01,6.427664995323265629e-01,1.041866374866253810e-02,3.591084263270274413e-01,5.076888772425502960e-01,5.720825794823406474e-01,3.484561626037402382e-01,2.668540741618008472e-01,7.368533994499359974e-01,6.950793359327394061e-01,9.818728706422225061e-01,4.116004298668956563e-01,5.205192543882055656e-01,-5.238522917679405699e-02,6.605254344882383055e-01,4.168669539443967675e-01,7.282242682200567030e-01,4.760446585784220974e-01,7.108043390055924782e-01
8.614500628702319585e-01,6.325301720489437951e-01,6.023575984778312131e-01,7.565197791979557662e-01,6.019645898811232243e-01,7.232084832243738104e-01,9.318964121603483530e-01,5.470593260238758582e-01,6.756396680572800406e-01,6.771207193649324552e-01,8.367382453768270612e-01,7.762147981058019619e-01,7.679719601008911933e-01,6.364462838473439188e-01,2.782649893948515585e-01,3.372602893160965842e-01,0.000000000000000000e+00,8.131372172641313512e-01,4.118813429185358976e-01,7.934938389923317237e-01,9.120090087546173230e-01,2.794314496332169773e-01,7.387035943349106182e-01,8.701296022017257492e-01,7.508429661248177123e-01,8.509024725336410411e-01,8.633501188258148051e-01,9.358166995308465630e-01,7.654859635802010454e-01,7.677906606364357511e-01,4.280404051197150284e-01,7.358662490127324540e-01,8.676995543814186584e-01,7.515551872551885504e-01,6.869294499455066427e-01,4.109282589622559878e-01,5.395553247387903095e-01,4.338106721633278595e-01,8.270736438140139368e-01,7.815094212163644638e-01,5.189833354456522274e-01,7.556851057134699179e-01,7.351443481309020145e-01,4.186577702385477773e-01,7.417662246154760330e-01,8.249719016617979017e-01,5.736522184730357132e-01,9.262233826345008803e-01,4.413740852844015849e-01,8.822222016019772850e-01,6.977663385427067544e-01,6.323922708344185128e-01,8.228301362650014550e-01,4.238801981664442886e-01,9.265109112732257124e-01,1.844726497482600258e-01,8.399649001155817807e-01,7.399326239263088745e-01,5.106230646675798956e-01,2.528990723292526832e-01,5.272000271728984888e-01,9.764534623017723236e-01,6.956703063269259468e-01,7.064252993503193911e-01,8.722170301853993113e-01,4.713044298046583092e-01,4.566312278085079002e-01,7.412830527337203046e-01,2.113812259371619096e-01,5.481856477365871783e-01,6.896277642759472970e-01,9.467402196153962279e-01,2.099644059935248941e-01,2.082257860903906355e-01,4.566318845412832839e-01,5.087565479786492206e-01,6.679419893862350577e-01,9.697083746186041520e-01,5.039856051852669161e-01,2.071800763352638630e-01,1.963453098539062192e-01,8.074189220502506759e-01,3.512278143347964399e-01,3.288354439920683214e-01,8.145666070525833247e-01
9.966350864328270553e-01,5.647119419883552816e-01,8.553506123284542184e-01,1.652597788305686932e-01,2.799770607701584924e-01,7.979899647112966843e-01,3.383634278825634611e-01,5.172426915234459299e-01,4.813370772260719410e-01,4.344390814615943230e-01,3.395060625592604686e-01,7.924870699255553985e-01,8.356894530125303922e-01,9.543528653755393165e-01,2.715155366952883287e-01,3.376392016635767490e-01,8.131372172641313512e-01,0.000000000000000000e+00,5.581571232407981364e-01,6.779653230410048748e-01,9.653554482583670548e-01,-1.448204235401671924e-01,8.058413702717923677e-01,6.748812600368105930e-01,5.280507610882146929e-01,5.894228652598648699e-01,7.979674200708277709e-01,7.314049088416888500e-01,1.082948581745847849e-01,3.260721917550741811e-01,6.217145263234599151e-01,4.877923144200617123e-01,6.864572712721244141e-01,2.087281679165020054e-01,5.836441598630823790e-01,5.248873998853361700e-01,2.622682996279275258e-01,4.296088811680065511e-01,9.536238042599050058e-01,7.939361418178392249e-01,1.438042035184058931e-01,7.297168357868213384e-01,7.348540894343171814e-01,7.259939650262691169e-01,7.101741680352713360e-01,6.942675308348991159e-01,5.315365515696325316e-01,5.929535930011521350e-01,7.804521352351048158e-01,3.495815245235297519e-01,1.056288472922498889e-01,4.299003612527899088e-01,7.142363063158471137e-01,6.638822397217400972e-01,9.281437960537425313e-01,7.456583449066196412e-01,6.938442501827859488e-01,4.004974511272439419e-01,8.288440180794079959e-01,4.742975828535419547e-01,4.347666418573442604e-01,4.131058364317697906e-01,4.724520710141131841e-01,6.691210763881496604e-01,9.944517278945911309e-01,7.379437540546396335e-01,9.783712180740380404e-01,6.527258716627906132e-01,6.166792994336022238e-01,2.998848615530784745e-01,6.740149042651381039e-01,4.380936470409024230e-01,3.058312225844673216e-01,7.959133067157293795e-02,5.758265507718580700e-01,9.218804626953078785e-01,6.952036648563104659e-01,5.239264459110317684e-01,3.378684901573778543e-01,1.166389704161724661e-01,5.022408671974363248e-01,8.976765413227734136e-01,7.536781127367222499e-01,4.639289839047784914e-01,7.737435251219894061e-01
