0.000000000000000000e+00,7.761890004705991331e-01,7.754129523233384003e-01,5.018044202778786378e-01,9.044911686253660488e-01,5.917251228823687814e-01,7.349509103262533705e-01,4.220622683432321831e-01,2.483126514739376067e-01,4.856021511956118419e-01,5.477460832422860193e-01,7.856458358140016029e-01,9.865272222324761309e-01,6.165882094150486603e-01,8.744484111166010987e-01,9.755642928413956749e-01,4.980471703663588712e-01,7.214636479734788388e-01,7.184289436937913997e-01,4.013873182161279418e-01,6.456700096861501814e-01,9.025909370613381943e-01,8.742424266483661555e-01,7.833169479226087528e-01,8.299927052696269847e-01,8.937247670575276803e-01,9.733346652358842999e-01,4.315064254970469859e-01,3.323976493291732059e-01,7.771131434886754397e-01,2.074623490604287079e-01,7.854228278578709865e-01,8.206266268185149482e-01,8.727666565552543165e-01,7.955797404586576471e-01,4.481732429409625573e-01,2.495505836457324045e-01,7.179735943905143358e-01,4.511213606729658210e-02,8.185393105338304442e-01,7.022376348327601381e-01,7.821557388499652541e-01,7.127581424481108652e-01,7.791455555889974516e-01,8.411597939743723495e-01,2.586607881609663817e-01,7.794565573541296644e-01,8.568401173657411718e-01,6.404921208312134295e-01,7.440996471969836268e-01,4.799993304165653951e-01,8.490558760692092921e-01,1.047439945103334769e-01,8.292803190774097333e-01,6.526584230696077515e-01,7.344907228778201347e-01,4.188664813436970835e-01,6.352724072793797250e-01,6.885899536257882314e-01,-3.872709388569577360e-01,1.437473860671588111e-01,6.738253428865780270e-01,9.573634648506513800e-01,9.931770375177937371e-01,3.488250342573460117e-01,4.081697186775021802e-01,9.487778096745339562e-01,8.658401083850553182e-01,6.543801654698625514e-01,9.734293346048048523e-01,7.562251178496686155e-01,8.541317384944406843e-01,5.583631950753414896e-01,5.789304196200035779e-01,4.375735731134593465e-01,8.135329002279152455e-01,4.343953603516453876e-01,7.603601569188469522e-01,2.649562609780992117e-01,-4.488548938644382202e-02,8.077577067781734899e-01,6.426239096456840549e-01,7.035788811513103980e-01,4.713267439988875762e-01,4.543513319511481297e-01
7.761890004705991331e-01,0.000000000000000000e+00,9.143492806634565540e-01,4.399691282277390925e-01,9.683740899363216803e-01,2.000757207039514651e-01,5.834161148162089194e-01,4.260060332933223171e-01,4.660170678821238810e-01,9.798180066228069363e-01,4.712668522339891752e-01,4.748718469437054890e-01,4.454271612795956403e-01,9.026918285832201683e-01,5.556010154775861132e-01,5.012180464593425366e-01,8.228162045679665582e-01,1.346399298941371170e-01,8.098692488547434287e-01,6.861323725416040853e-01,8.023680671960913280e-01,3.792362517110517972e-01,3.922699354482069301e-01,9.584369048239446132e-01,4.931374515830806993e-01,1.679334072955360191e-01,6.673391311018621597e-01,5.511560866351712384e-01,2.860631572957204050e-01,-7.633979041301279522e-02,3.429345124798367506e-01,5.106623148475916141e-01,4.602805174097717167e-01,6.168225574822824298e-01,5.070659306215369311e-01,5.342700831715634785e-02,-2.873007609222716918e-01,-1.596890877280742471e-01,9.290781845758422364e-01,8.791894148622286798e-01,2.837306254378390014e-01,7.358286602700411239e-01,9.279203278222809548e-01,8.756384657727974696e-01,9.338702251991025660e-01,5.411782498672603747e-01,9.312426343848890786e-01,8.809169163771118916e-01,4.297673893976017290e-01,4.954518404399975151e-01,4.421216155645548151e-01,9.259274373982144812e-01,6.666060851330480874e-01,7.958052848218277742e-01,6.320017358722946899e-01,9.818971222398363841e-01,4.773091180707994541e-01,4.467424284364047149e-01,7.183540919154279836e-01,-2.338220129346686160e-01,5.201009276814942961e-01,6.698831827694058383e-01,7.266758093934446716e-01,6.311249244027269389e-01,9.730154492262204080e-01,6.023145454034509738e-01,4.581789846824288470e-01,5.416981222002867913e-01,9.151714417120795364e-01,4.159530987426340309e-01,6.591529571904425344e-01,5.681546440829144951e-01,5.573882939064918052e-01,5.590204690571927149e-01,5.485306949103697649e-01,3.124576742156852105e-01,6.929854489820155283e-01,5.472963515291120462e-01,5.769401866121026679e-01,1.428644604784785714e-02,4.387902742955160362e-01,6.593034479584009011e-01,6.227011937831999910e-01,3.981179587983032508e-01,4.820822930615150104e-01
7.754129523233384003e-01,9.143492806634565540e-01,0.000000000000000000e+00,5.835650965381814492e-01,6.573295440484983043e-01,6.461344138242566260e-01,7.621186281784707583e-01,5.787227745277939706e-01,5.129575141509814529e-01,6.180477449367168807e-01,6.902684780276753251e-01,9.557154637263032271e-01,9.570409288318905139e-01,4.392673647846574436e-01,9.259570036504785051e-01,8.957983258483952493e-01,9.565592661255073459e-01,6.559608429328933621e-01,4.923662074000112465e-01,8.859434553323368711e-01,2.269263891243146758e-01,4.532436192538850106e-01,3.587887015485022868e-01,8.173459785307881642e-01,5.843860351619571958e-01,3.302517198829992839e-01,7.360607068606267456e-01,9.042011995796693791e-01,5.341934697330686932e-01,3.574721124884024936e-01,9.205711609614662672e-02,9.801355102644395689e-01,6.092191607482069227e-01,8.393681160559758325e-01,4.335787279826729401e-01,4.885533955809953088e-01,4.128961304224287865e-01,6.908094667596232918e-01,6.186854631436760066e-01,1.789183050579488121e-01,5.156598824651984492e-01,7.181795608700211053e-01,6.817642697223741388e-01,9.740692854716507254e-01,4.373379262710877513e-01,6.764362360622597770e-01,8.587886782071278979e-01,6.027480455337508314e-01,9.545010387288065390e-01,9.752939008094148043e-01,7.091853279461737269e-01,9.989261038943624271e-01,9.948456559114702280e-01,8.461314354423563611e-01,6.026985025302914467e-01,6.272327709906901916e-01,9.648178191149996419e-01,6.810493436628159980e-01,6.823375705942222869e-01,3.275240404633178448e-01,4.175620610661627818e-01,5.724196915539982999e-01,6.109746882423300329e-01,9.040786244695661056e-01,4.365034700939965373e-01,5.324934088164215984e-01,7.686494252744320299e-01,2.788454644501385804e-01,7.938418973916598897e-01,7.312737597542735557e-01,6.389189327715365518e-01,7.431466507345336758e-01,4.735548682053088432e-01,5.501787070921999590e-01,9.522571620007777016e-01,8.644485025467862904e-01,1.237148457325254053e-01,7.295732243453060262e-01,4.221932479310198660e-01,5.653332523476926053e-01,8.192744380202596766e-01,7.863087730900903960e-01,2.021033987271966814e-01,9.157005092642379607e-01,9.920517333791020187e-01
5.018044202778786378e-01,4.399691282277390925e-01,5.835650965381814492e-01,0.000000000000000000e+00,5.101706275079639363e-01,5.722186220802362167e-01,4.116522647645418642e-01,1.335407310508854584e-01,7.751780332189193157e-01,8.189761636620793706e-01,5.163747329463931335e-01,7.722381292619064919e-01,9.009412239517617937e-01,3.348328152589228335e-01,6.836450566763221381e-01,8.660208561418976103e-01,9.632229312841390501e-01,3.989033025774788577e-01,8.633677499516315690e-01,5.818410512427962811e-01,4.772517210963628242e-01,6.912052736917305706e-01,8.727711072310406770e-01,8.608162074351397575e-01,4.764220149417605077e-01,3.776071450029054866e-01,6.843160846048149670e-01,7.921776917186813538e-01,4.347871364557776008e-01,4.945810952606766731e-01,3.084310709666721606e-01,4.480992302495361290e-01,6.118947533306545727e-01,9.937993879921049878e-01,7.440990522259847140e-01,3.212434525957732351e-02,2.210990712924746360e-01,6.889782220899629550e-01,8.191830147923466754e-01,4.822622247831340747e-01,2.309058219317839389e-01,6.685543532803915889e-01,7.796538291459915726e-01,5.051850026608742938e-01,7.815067687584245082e-01,5.733754920224529705e-01,7.054889611213133183e-01,4.542010012060253010e-01,6.956589092432876598e-01,9.525978815212420292e-01,2.150549823193364518e-01,3.579743275771508637e-01,6.028952351104484020e-01,6.193878519261740712e-01,4.566859345532915948e-01,4.987343617315981303e-01,7.529706339107938851e-01,7.827959397814350240e-01,8.844342194403462809e-01,3.882583076039226588e-01,7.664045360581679400e-01,2.262537687252352912e-03,3.393551857032435226e-01,7.362999274231716296e-01,6.963386611105338853e-01,9.085562442744719025e-01,4.774928275515752940e-01,7.804475678010284190e-01,5.395486503215643492e-02,7.126414419264708311e-01,5.405916552728141644e-01,9.004012819557569713e-01,7.888847918882473387e-01,5.216930636305214808e-01,2.959003379295068181e-01,5.955584582746054068e-01,7.462935515302208112e-01,4.494324337863516150e-01,1.831218687112230736e-01,2.624597118515122895e-01,4.780690627296283468e-01,8.359540158012819244e-01,6.142487315996402186e-01,-1.943380810169890727e-01,9.335977207472928585e-01
9.044911686253660488e-01,9.683740899363216803e-01,6.573295440484983043e-01,5.101706275079639363e-01,0.000000000000000000e+00,5.181982981702132340e-01,1.646390582645342049e-01,4.384284697421962917e-01,7.301957486901275995e-01,5.314511447388337029e-01,8.370399007217108611e-01,4.957764291707266180e-01,7.583297020514288000e-01,6.709862283778122993e-01,7.132602428883044743e-01,1.947717125059847051e-02,5.921174785024234666e-01,6.509576234120270088e-01,9.232496471689813911e-01,8.055315407838292696e-01,6.766884429222743691e-01,5.282761254545417229e-01,1.171074550701895201e-01,6.489029093168572349e-01,3.585380555595293339e-01,5.329501604392614666e-01,6.089951703692226825e-01,9.794908434925884144e-01,5.372840662148357094e-01,3.912244832079085910e-01,3.247863375814510345e-01,6.174222823877849597e-01,1.974292919865096307e-01,7.589416927597020246e-01,6.460517101531584316e-01,2.975403035663074514e-01,7.998477620841666635e-02,5.892769554057712966e-01,7.625320355042957132e-01,9.183289015706884717e-01,8.431220939986787677e-01,7.948306835737162235e-01,6.628627447217861901e-01,6.111441408081174087e-01,9.761909532662217392e-01,6.154748587307641294e-01,5.694400303013065212e-01,6.449643832171749747e-01,6.196391567859014238e-01,7.445690443882464482e-01,4.160029513821092984e-01,7.330184985997320046e-01,5.519590374992244808e-01,1.075486095738167371e-02,9.119076553425682352e-01,9.618558000280770237e-01,3.239869382180641244e-01,7.485378027271922807e-01,-2.581716790890020707e-01,3.991285279784997364e-01,7.331506628636139666e-01,6.404570180545554603e-01,4.635533017428929980e-01,8.657613711817752078e-01,2.108072568675272707e-01,3.736915072166832608e-01,6.194917396425223544e-01,8.338959604480102872e-01,5.033210088609852972e-01,5.632985604560891701e-02,7.566164224253567605e-01,4.438143996880882791e-01,-1.499807516701585630e-01,9.578536662722987594e-02,2.714672702623644462e-01,3.326106879489594825e-01,9.304395941659623359e-01,4.607170830550001983e-01,5.553853534862434049e-01,5.431520796115948402e-01,7.915870151302712987e-01,9.040997888739461530e-01,7.607903849223907056e-01,4.894399652688598001e-01,4.290814819819063208e-01
5.917251228823687814e-01,2.000757207039514651e-01,6.461344138242566260e-01,5.722186220802362167e-01,5.181982981702132340e-01,0.000000000000000000e+00,6.062656392899281599e-01,5.738113350306758287e-01,4.729875429894910832e-01,5.070842924509492144e-01,5.074814644649944251e-01,5.399546288210892442e-01,5.811877714974246212e-01,6.167976213147616793e-01,7.498215788280220284e-01,3.061802638991742431e-01,8.922390290693280601e-01,6.133182247734114689e-01,5.005405140796661545e-01,8.896040878639565053e-01,8.797623682390830480e-01,4.809812755737193357e-01,7.996366188645196438e-01,5.435541462172006622e-01,7.423963588064355079e-01,4.821238172924477428e-01,8.607113080332425836e-01,5.944281635572208344e-01,4.274438822309311048e-01,1.209130831246179316e-01,3.115575943062788289e-01,2.106477557513598553e-01,5.733825165910565458e-01,8.406201995454074538e-01,4.908381623966724394e-01,7.889144010155922648e-02,3.740959708942135364e-01,7.295715193074038263e-01,4.466913012840779684e-01,3.498196173659028907e-01,4.987797456465027368e-01,5.821776193659801146e-01,1.427602688274537956e-01,8.801149153597411789e-01,7.870503161505963963e-01,4.691594695685886718e-01,7.632546800460455749e-01,7.020909560741337430e-01,7.799782435376763079e-01,2.306141938112761802e-01,2.139331843529292398e-01,4.316037378686979897e-01,6.964414610762815760e-01,8.053237270816797633e-01,7.079072683087344053e-01,6.051314452637164276e-01,7.010452030990327321e-01,8.148263775782813578e-01,9.583691316895505130e-01,2.279577345053702964e-02,5.478400157909676382e-01,7.352089657609766071e-01,6.686228724702948378e-01,6.589721577482554604e-01,2.999547425394371025e-01,7.814032656553060452e-01,5.538167983021674567e-01,8.714360847081856765e-01,6.970313242565929768e-01,8.596632839341600274e-01,6.714690654400741476e-02,6.882908694343574663e-01,4.269750532606344517e-01,3.814943922068780302e-01,7.947636413701655300e-01,7.479329066970444861e-01,6.248971069157639446e-01,7.465118225421389919e-01,-5.370218382253599820e-03,3.878877270908953623e-01,6.097446532693291399e-01,9.856375912415138441e-01,4.355719971554524172e-01,1.036191482875710723e-01,5.336271417874396406e-01
7.349509103262533705e-01,5.834161148162089194e-01,7.621186281784707583e-01,4.116522647645418642e-01,1.646390582645342049e-01,6.062656392899281599e-01,0.000000000000000000e+00,4.870246105314575136e-01,6.794868808541091321e-01,9.284247636678598370e-02,7.723364377544079673e-01,2.878003748795194827e-01,5.576537004715386159e-01,5.873129714270207691e-01,3.355880369085619264e-01,5.938540374662788501e-01,8.112793713626206271e-01,5.880886728321206292e-01,5.165590548795813142e-01,9.249142947311006502e-01,8.755725950801929169e-01,7.134749227455904341e-01,4.484291548626980206e-01,9.053472024400367468e-01,6.882532372644782903e-01,4.951639571236530757e-01,6.440302957268321249e-01,4.329016389796506159e-01,6.639760400068112078e-01,4.692261561894367494e-01,3.065838219714721591e-01,4.031540970136874291e-01,6.325752375961977148e-01,7.806244179290896534e-01,7.098863323910243883e-01,3.341632792712526112e-01,2.451798040124219813e-01,4.541776861248240649e-01,8.591087264191423767e-01,6.010710227022293406e-01,5.902600766167114266e-01,5.117570067715548898e-01,4.583222754390801068e-01,5.189592122832846766e-01,5.049287195785873150e-01,7.716272073276975174e-01,4.432837641308062793e-01,6.473763003492579715e-01,5.324971735344086188e-01,6.204850934326205936e-01,7.312599003560948940e-01,4.033341389497688279e-01,6.826835347294468725e-01,6.006546584293919189e-01,9.583499108223627605e-01,1.507367473586650464e-01,4.462011814767187223e-01,7.293047598079720473e-01,5.534578047695102310e-01,2.230053508931768291e-01,6.309092118122436865e-01,5.335002400530972633e-01,6.360736107130671169e-01,6.782899714624048837e-01,6.731528493921122847e-01,4.146681220434765835e-01,8.995073015992867127e-01,9.219417156122845514e-01,4.526359420965488378e-01,7.689040708449562667e-01,2.847328431605121724e-01,7.898372194214968722e-01,4.476410758079332752e-02,5.866526617357802342e-01,7.601804381837726776e-01,2.698657092697499538e-01,6.768785498975299353e-01,4.753947713069087699e-01,5.451208362277103481e-01,1.008907474368468532e-01,4.393192589602844533e-01,8.270585859981943733e-01,6.488265863215556539e-01,4.943988752574599577e-01,4.950266603824796108e-01
4.220622683432321831e-01,4.260060332933223171e-01,5.787227745277939706e-01,1.335407310508854584e-01,4.384284697421962917e-01,5.738113350306758287e-01,4.870246105314575136e-01,0.000000000000000000e+00,3.156521936806807593e-01,5.820226271218190695e-01,4.401931727748294443e-01,5.362445311399723913e-01,6.602167304335042619e-01,7.003853432546736091e-01,7.499183230806844014e-01,6.487059528195533442e-01,-1.915426416727845083e-01,2.743886586114083204e-01,3.762822575715938367e-01,9.127021145268316982e-01,9.967127752394447371e-02,4.815549714595698250e-01,4.205448647388151384e-01,8.456810941225645362e-01,5.809284412287094579e-01,1.973232788369468915e-01,6.992285667050663900e-01,2.363483482196672147e-01,5.157168559360396642e-01,5.893597112662880555e-01,3.595366757117738898e-01,3.706380661478250182e-01,7.485693135355111494e-01,6.753460437292579943e-01,3.038063706927084384e-01,5.242907768473411556e-01,5.910365452670817143e-01,5.208073759375619893e-01,5.635286545741770015e-01,4.628747944764747269e-01,7.544654009965094943e-01,5.658981796468000036e-01,1.632440817698513624e-01,9.918052092818308019e-01,4.735138165797569409e-01,5.058078344979621832e-01,4.506802260384132341e-01,2.069837477730144537e-01,9.896769695441185455e-01,5.253856377207695161e-01,3.651961485987125222e-01,6.854161833241902979e-01,1.256038441900674263e-01,4.611638843398248033e-01,5.024315028938904915e-01,7.556438367003782686e-01,4.604129162637342065e-01,6.108186501917480804e-01,6.848531844640600719e-01,4.226089159938761219e-01,4.423739036302481442e-01,4.757102371408362673e-01,4.410385648731143249e-01,7.701658579738877020e-01,7.769997437861164702e-01,6.385488921100967996e-01,5.543221110175914346e-01,9.120882901803277765e-01,7.317336543982335684e-01,2.952738295639117383e-01,7.319274810022617928e-01,4.427150083891507326e-01,3.440487635575442682e-01,5.505943558632152568e-01,2.137351059308209844e-01,6.971517957654453923e-01,1.391538232693757260e-01,5.559362795804930757e-01,4.837577098884496829e-01,6.001316247481285338e-01,7.343509244740549502e-02,9.966957004833094658e-01,6.689625948313812076e-01,4.167321714025514767e-01,4.792245700320048041e-01
2.483126514739376067e-01,4.660170678821238810e-01,5.129575141509814529e-01,7.751780332189193157e-01,7.301957486901275995e-01,4.729875429894910832e-01,6.794868808541091321e-01,3.156521936806807593e-01,0.000000000000000000e+00,4.279161741703340072e-01,4.390625339416135975e-01,4.738212134191199243e-01,6.835387989314988255e-01,5.937000024323939584e-01,6.980321384489166503e-01,4.101396627440355158e-01,6.670675948265355482e-01,7.343189182896483480e-01,6.768830083753141214e-01,6.302901211997162800e-01,4.409772648855254662e-01,7.029932332996864375e-01,2.620039554027717155e-01,4.825641266445077626e-01,6.147908140645260699e-01,4.756605725415213315e-01,6.979771554448490622e-01,4.129301215300131278e-01,5.299362364601611919e-01,2.131920900765602589e-01,7.281737376841893594e-01,2.059963381084832235e-01,7.843650117537804833e-01,6.556004445492873423e-01,6.571382430103986927e-01,5.455509640160278728e-01,1.258920934678931514e-01,5.877217557405379766e-01,9.359533621417056581e-01,9.880836273662001457e-01,3.783537391437334918e-01,7.853311379871467102e-01,6.578044342987173776e-01,9.864042083385993198e-01,9.851569382806549813e-01,4.276751081445148706e-01,3.687133175645925798e-01,5.219287423746812316e-01,3.558983536900728883e-01,7.166475809281694920e-01,6.386813528053052469e-01,3.714164253868125209e-01,8.078186805759719480e-01,-4.420103923829757364e-02,9.982190565602060417e-01,6.762841671417855194e-01,6.048285094152898722e-01,9.873778029559499014e-01,4.185002508826162204e-01,2.316537419791423746e-01,2.457057829938912863e-01,7.851609022533695414e-01,6.115558910193499287e-01,5.948610032752261745e-01,6.966964012276036788e-01,8.645015467628039962e-01,3.460726113580581687e-01,7.551729987630169116e-01,5.094672060545283321e-01,3.789638016649048424e-01,9.989502317339215010e-01,7.559828430194909243e-01,5.366368882194537671e-01,3.136786914777599522e-01,2.059330563339336062e-01,6.441982251660433034e-01,2.650895223078113538e-01,6.676171246878909171e-01,2.088126239507513138e-01,7.173524595725093711e-01,5.072964509818000955e-01,9.942533737280317974e-01,7.291190812394054976e-01,6.354390551368223061e-01,7.071930223523159587e-01
4.856021511956118419e-01,9.798180066228069363e-01,6.180477449367168807e-01,8.189761636620793706e-01,5.314511447388337029e-01,5.070842924509492144e-01,9.284247636678598370e-02,5.820226271218190695e-01,4.279161741703340072e-01,0.000000000000000000e+00,9.216436085095990327e-01,4.436241240179022993e-01,8.361418220137305513e-01,8.523418735475201125e-01,7.884808181796780779e-01,2.408854175002734799e-01,9.184481495163072662e-01,3.074646630457145702e-01,6.294773221606076996e-01,7.304643903102612246e-01,9.501984223908600535e-01,5.630757960681828100e-01,6.882971817955869653e-01,9.451482676701017382e-01,1.996225462755948643e-01,6.709075203496663864e-01,3.876211731352354750e-01,9.063258270447548393e-01,6.823394095582482333e-01,3.878726153231104035e-01,2.084019227987059242e-01,6.554194543158471387e-01,6.898882531787248196e-01,7.097626488236090658e-01,4.857463188475137916e-01,3.858500055400914674e-01,2.309831453294802217e-01,5.028496771432321433e-01,3.656394895286829705e-01,9.412378086571266955e-01,8.131211830866323931e-01,2.712713052032872385e-01,4.555450340992335811e-01,4.618112876896827701e-01,6.627669212364544205e-01,7.207675041341786715e-01,6.550533308563168955e-01,6.574645590196279699e-01,2.864167620329736152e-01,5.075137094809174521e-01,3.052974713634375448e-01,8.020603839440416660e-01,6.504043744450931364e-01,6.320847318508818757e-01,5.169704894866650191e-01,5.424551583978286518e-01,2.259725235845223001e-01,5.321790958571144259e-01,8.704657708117962134e-01,9.033545956304162017e-02,7.740671850992023595e-01,5.798340278035511997e-01,5.076618218872607224e-01,1.712723937731278623e-01,6.175961145257857776e-01,4.981576752588333656e-01,3.403661696082562749e-01,4.668340731283892597e-01,5.372601479237758548e-01,5.647395436926925250e-01,8.276167070937869852e-01,6.148141922542380566e-01,2.437849023697410966e-01,3.167350116073073818e-01,4.526858173673022345e-01,7.865723675802982484e-01,2.520798005552897791e-01,5.906384168099794163e-01,7.026354187391767869e-01,1.303218948842652103e-01,4.464888130268026556e-01,7.021127109306212200e-01,9.991790540721707803e-01,6.594205262831323022e-01,3.583862821356755823e-01
5.477460832422860193e-01,4.712668522339891752e-01,6.902684780276753251e-01,5.163747329463931335e-01,8.370399007217108611e-01,5.074814644649944251e-01,7.723364377544079673e-01,4.401931727748294443e-01,4.390625339416135975e-01,9.216436085095990327e-01,0.000000000000000000e+00,6.566579561453110836e-01,6.078869377766460413e-01,6.072110511323520754e-01,6.084007675784731672e-01,-1.950461814573861419e-01,7.493488198560200875e-01,5.919922921682954087e-01,6.788809892398551815e-01,6.522147168804234285e-01,7.467980404745814260e-01,1.284116747207959264e-01,3.816318827345901443e-01,7.084603450722115614e-01,3.467926680198732958e-01,4.596131131424441851e-01,4.618225483693830791e-01,6.629852161638082331e-01,3.732044739359935415e-01,1.845041411131894682e-01,2.990397572682971794e-01,3.273574000750144042e-01,4.666990411414838058e-01,7.626118563619490587e-01,5.315787518504790921e-01,3.834354769372384508e-01,4.237989814007440681e-01,4.688228785960369405e-01,9.698798775757762058e-01,2.869535014975190257e-01,4.159534390986520114e-01,8.395806994029945125e-01,5.031390496363149500e-01,2.884627541098542802e-01,9.904451263264260064e-01,8.019001560191197919e-01,9.870867467087939273e-01,3.665170128946809713e-01,6.654450208744439044e-01,5.844965408116047367e-01,6.406431205470930479e-01,9.889148197152718422e-01,7.474683162042142781e-01,9.550217413320993831e-01,6.064795350805458618e-01,9.638483911622999223e-01,1.020819125807742450e-01,5.723922107749704891e-01,7.445082549038225528e-01,2.295945749456569651e-01,7.388661139449692605e-01,5.586405133604124273e-01,9.518701986764583900e-01,7.954923875998296534e-01,6.951335403402704172e-01,6.552232109555843342e-01,3.519963328927330215e-01,5.903720224808897132e-01,4.993221627307961596e-01,5.146764312364796590e-01,7.148682717169714262e-01,4.597962447559199028e-01,4.843006153685106563e-01,3.622693826926079441e-01,4.454678452839070935e-01,4.044687956241093119e-01,8.050382766714342386e-01,7.097870167215392101e-01,2.822404513173307761e-01,4.739232565697999999e-01,4.216824537623129476e-01,8.782516230388887069e-01,4.588727224196123555e-01,9.353880237588639568e-02,6.712427373157250354e-01
7.856458358140016029e-01,4.748718469437054890e-01,9.557154637263032271e-01,7.722381292619064919e-01,4.957764291707266180e-01,5.399546288210892442e-01,2.878003748795194827e-01,5.362445311399723913e-01,4.738212134191199243e-01,4.436241240179022993e-01,6.566579561453110836e-01,0.000000000000000000e+00,8.163732546037977267e-02,4.234212887165547667e-01,3.839919396545650176e-01,4.347710918889641785e-01,8.616395836963274268e-01,5.733283790080757614e-01,3.177739553992390276e-01,7.875491836955410552e-01,6.764124272649542080e-01,4.529856698753488842e-01,4.318695467092826812e-01,8.208691829141456786e-01,2.356391382654236533e-01,4.490714849712900691e-01,4.233707443561520734e-01,6.954691804075043837e-01,1.898238651022809975e-01,2.205776331664124901e-01,2.452147513525356204e-01,4.273377045264362684e-01,5.219452800458679320e-01,7.677495930045585837e-01,6.480816734140747437e-01,3.680842420294740958e-01,5.003393913239498891e-01,4.445651680823157759e-01,6.941744311758322183e-01,2.663760530217206268e-01,4.104677780910793716e-01,2.166258733284764371e-01,9.708304541716347158e-01,3.049244718704424706e-01,7.197328022641110712e-01,9.258342407001580732e-01,8.903813090185863643e-01,7.176997953292605370e-01,9.389196920102205191e-01,6.482331812445220054e-01,6.839573097245477129e-01,4.084450170768627597e-01,7.670233840447646667e-01,5.227828525928515102e-01,7.328842309916251407e-01,5.040651644920525198e-01,4.415686122996054230e-01,6.763124856980267108e-01,5.413938820288672904e-01,4.934589457373031451e-01,5.248505920838653083e-01,5.762599212777591573e-01,8.542963563701292395e-01,7.792248653108581058e-01,6.692411059693097464e-01,5.016879484156663294e-01,9.047360462657427771e-01,8.414678480942793248e-01,1.592764836725860667e-01,3.729501257565943639e-01,6.625417814715693909e-01,6.848544128165379163e-01,3.256494892971392718e-01,1.209500537900603662e-01,6.913243464318281628e-01,8.317367508673295662e-01,8.455373916098891662e-01,5.932507230387952246e-01,4.460596340584185859e-01,1.230119261259390306e-01,3.679060970534232533e-01,4.416176208200218167e-01,5.953361180942663422e-01,2.530870791339729364e-01,6.752180487535563991e-03
9.865272222324761309e-01,4.454271612795956403e-01,9.570409288318905139e-01,9.009412239517617937e-01,7.583297020514288000e-01,5.811877714974246212e-01,5.576537004715386159e-01,6.602167304335042619e-01,6.835387989314988255e-01,8.361418220137305513e-01,6.078869377766460413e-01,8.163732546037977267e-02,0.000000000000000000e+00,7.889153311798444701e-01,9.033715453861718148e-01,4.033809036276321813e-01,7.877972142191354277e-02,9.937420776298389047e-01,6.761810155714960135e-01,2.452018793392345131e-01,6.682693705939551920e-01,7.498390795438563128e-01,4.868880023958804815e-01,9.376635130105722693e-01,5.939632603603908212e-01,6.676614567904632924e-01,8.975828769558586995e-01,9.015027564496878032e-01,6.360569305083582092e-01,2.729545726861791199e-01,9.372045203669220059e-02,2.521511277157345576e-01,6.433625844586975395e-01,6.256999224831818474e-01,7.042275945310122465e-01,5.396412134307355668e-01,5.508554024014078454e-01,8.666352996611579318e-01,9.084488357824594962e-01,5.151072021869081974e-01,5.823431961027851766e-01,8.482666559102582937e-01,7.292343802177134737e-01,9.446025565690523429e-01,4.238997518138526988e-01,7.902586993745519539e-01,5.921604380884477603e-01,5.523038156703642398e-01,8.787148146422120165e-01,6.337249889652036838e-01,7.600977248472373660e-01,6.543022754683838205e-01,9.378820769167088844e-01,7.162787716238021574e-01,8.645199519903216112e-01,6.764224008223387319e-01,4.721092559678604639e-01,9.836530458098747820e-01,3.264916320363338009e-01,1.707121740000663510e-02,6.570833830906568362e-01,4.743485051891803139e-01,4.627467741996890149e-01,6.343184034742213040e-01,6.619363988707012147e-01,1.365670149056174287e-01,8.919036345425627177e-01,9.493793403880625981e-01,4.343148211204568288e-01,9.896621211067943014e-01,9.489234702608565497e-01,8.900005221669942124e-01,6.914811071087609839e-01,4.642976683789533654e-01,6.895394346834456956e-01,6.624526173954436992e-02,6.050996942287965030e-01,2.688389715003403069e-03,2.990166420980743256e-01,3.623300537614497774e-01,4.805717101710532679e-01,5.408480880900694565e-01,4.418572025611295362e-01,7.900008204251451893e-02,6.231599013252162589e-01
6.165882094150486603e-01,9.026918285832201683e-01,4.392673647846574436e-01,3.348328152589228335e-01,6.709862283778122993e-01,6.167976213147616793e-01,5.873129714270207691e-01,7.003853432546736091e-01,5.937000024323939584e-01,8.523418735475201125e-01,6.072110511323520754e-01,4.234212887165547667e-01,7.889153311798444701e-01,0.000000000000000000e+00,4.882289166257427482e-01,5.837573989404708508e-01,4.714510960860436306e-01,9.896298061140221813e-01,-1.085912664068382494e-01,7.952677984932595701e-01,7.708413091549086715e-01,4.413299300518876422e-01,7.164293326388903038e-01,9.123472933527008166e-01,8.153929513983527722e-01,1.037452798584456021e-01,5.149386801238807765e-01,7.413257617953775691e-01,3.683655132333795157e-01,2.230489379741787681e-01,3.242640258865107095e-01,4.349747327622658366e-01,6.178214226737734904e-01,8.410474755647312506e-01,4.789287188730735334e-01,4.381550793163255797e-01,5.372779900374268225e-01,7.452135870496915393e-01,9.067654480206556178e-01,9.531094049371269250e-01,3.049146159890984142e-01,8.943259263533703818e-01,7.370321130052849279e-01,5.802294194066688338e-01,7.639625454526894899e-01,7.208932454657435152e-01,8.873217466009326593e-01,3.434063116230231527e-01,5.065874560506858915e-01,6.792025852894587601e-01,6.417360190034603340e-01,2.132702837862600620e-01,8.567987010226127964e-01,6.034350936586952985e-01,5.841707633777062370e-01,7.017752115537445601e-01,2.254511027920545474e-01,7.233233611443128375e-01,7.671327853914168271e-01,3.042821405320287331e-01,4.315821322825945106e-01,7.907038567207528290e-01,4.807819018532464295e-01,2.064670353458021856e-01,9.936596657601736160e-01,5.473952638748719179e-01,2.310708930081184498e-01,-1.630568493943903019e-01,4.004610607472117167e-01,8.912143844709325968e-01,7.776565117485677581e-01,9.616054104774531819e-01,4.892326300409308160e-01,4.936569100961297751e-01,6.741231934254670044e-01,7.722518499465236275e-01,9.352264261897290654e-01,6.099683850474255653e-01,3.716358751199891897e-01,5.781686499073912695e-03,8.753740509284806404e-01,3.976477034871491734e-01,2.839956783624311698e-01,5.593367023792725767e-01,7.483320036455459734e-01
8.744484111166010987e-01,5.556010154775861132e-01,9.259570036504785051e-01,6.836450566763221381e-01,7.132602428883044743e-01,7.498215788280220284e-01,3.355880369085619264e-01,7.499183230806844014e-01,6.980321384489166503e-01,7.884808181796780779e-01,6.084007675784731672e-01,3.839919396545650176e-01,9.033715453861718148e-01,4.882289166257427482e-01,0.000000000000000000e+00,4.049964973250210210e-01,6.092688672988472165e-01,7.603137856770605385e-01,4.568012784832834461e-01,6.475347851659996046e-01,2.067710194318966022e-01,5.456228503101580030e-01,7.548000822725453585e-01,8.996354164545148357e-01,2.408976566217370663e-01,7.556742571843114709e-01,9.585821171010618924e-01,6.620988279278458011e-01,2.500178644451465093e-01,6.118092506488579385e-01,4.133235711715911309e-01,2.324820146623354788e-01,6.389016874650889077e-01,4.717921624741450333e-03,5.378105575104458191e-01,1.985550457630209098e-01,2.997645912491813114e-01,7.170569522632710413e-01,7.743359113150953821e-01,6.576543869661747310e-01,7.659040572729465257e-01,4.045539687105949578e-01,9.887398613017399640e-01,1.336286095348063474e-01,8.362564825270961677e-01,9.611566572727604507e-01,7.152477106088485082e-01,7.347345118588290980e-01,3.273962456438235247e-01,7.613946376209947964e-01,7.199638229530803679e-01,2.871733614834527937e-01,7.319475975734694995e-01,6.401248127537163546e-01,4.274839300451883650e-01,9.736351032887947676e-01,5.578303394925083758e-01,6.171612627129953177e-01,6.338942674614137518e-01,2.158151111344435713e-01,2.048069427511974294e-01,4.304075638744101484e-01,6.585338094441040013e-01,6.996337091311720657e-01,6.133683746729463593e-01,5.566073810782062870e-01,7.098501413172866314e-01,9.480227476618673377e-01,4.156779791561970687e-03,6.596279348773034235e-01,7.346857184665402940e-01,8.471939900625036213e-01,2.141515363792918791e-01,5.799654691906752646e-01,5.314310403478456069e-01,2.772599640038458935e-01,7.335470610502953237e-01,2.745032071223950654e-01,5.061411992049134057e-01,1.836400350449924612e-01,6.997270856158325225e-01,7.427640248937865675e-01,9.664434796354397506e-01,7.278778635346728754e-01,9.588040277442512194e-01
9.755642928413956749e-01,5.012180464593425366e-01,8.957983258483952493e-01,8.660208561418976103e-01,1.947717125059847051e-02,3.061802638991742431e-01,5.938540374662788501e-01,6.487059528195533442e-01,4.101396627440355158e-01,2.408854175002734799e-01,-1.950461814573861419e-01,4.347710918889641785e-01,4.033809036276321813e-01,5.837573989404708508e-01,4.049964973250210210e-01,0.000000000000000000e+00,4.342603053271177904e-01,3.016058463915352039e-01,8.109827830125003745e-01,4.105036505378595324e-01,9.453626322013534145e-01,1.701088663579525262e-01,4.556831459401821105e-01,4.055489502870743279e-01,3.530438630078847062e-01,4.936002366509560368e-01,4.194833507727261379e-01,8.846898511104768215e-01,4.676250714134757014e-01,5.174597572621477681e-01,5.117286266848874998e-01,7.613525772508029643e-01,1.878214297881508343e-01,5.721742208447260225e-01,5.673527173994278305e-01,-5.731254623490225630e-02,4.999486521963291685e-01,7.444247278769087206e-01,6.006797351911054017e-01,7.709451503785699211e-01,4.293168586856812019e-01,1.426023205800129035e-01,9.698704991482549609e-01,7.592613204801477167e-01,7.373655772183381751e-01,5.316144823680813980e-01,5.409560356918523549e-01,5.240718774644398392e-01,7.558601952021798409e-01,5.664075098398276831e-01,4.044697355614494949e-01,9.474140353680612359e-01,9.086658469763042589e-01,9.898427775604987655e-01,8.287918525416211324e-01,9.181911501627846306e-01,3.070720485702633229e-01,4.971060952783925013e-01,5.511082920302248223e-01,5.670010950655416382e-01,3.073668490249195084e-01,4.920614575695567705e-01,5.740414205055193175e-01,8.694054774964053989e-01,6.968066827223433624e-01,1.243604892902198666e-01,2.513350894779008970e-01,7.311862548576334442e-01,5.565442800722230077e-01,2.909976716559668497e-01,7.334035532807086089e-01,2.047809798915589674e-01,2.818633463711996412e-01,7.331062155608668585e-01,8.333605581400482798e-01,7.438800619107236445e-01,1.965053313864222398e-02,2.008730617092025772e-01,4.967554008240840924e-01,1.952921203178825671e-01,7.601442861131667561e-01,6.327748180301818737e-01,7.428674517421933743e-01,3.497224233645300218e-01,9.767748035605546830e-01
4.980471703663588712e-01,8.228162045679665582e-01,9.565592661255073459e-01,9.632229312841390501e-01,5.921174785024234666e-01,8.922390290693280601e-01,8.112793713626206271e-01,-1.915426416727845083e-01,6.670675948265355482e-01,9.184481495163072662e-01,7.493488198560200875e-01,8.616395836963274268e-01,7.877972142191354277e-02,4.714510960860436306e-01,6.092688672988472165e-01,4.342603053271177904e-01,0.000000000000000000e+00,6.939409838198307146e-01,4.974053327843672712e-01,4.081004320323621815e-01,5.877122499162058533e-01,7.167681568041579521e-01,1.996129747948199584e-01,7.613396351700819631e-01,3.248885589529342255e-01,1.663045739160478320e-01,9.242866961882079124e-01,7.233159337347421225e-01,3.804284247431985455e-01,2.631124618073399368e-02,2.614920209969230358e-01,5.745621517506775966e-01,8.786022714677348411e-01,3.596447608538234642e-01,9.113529102476674026e-01,4.028358643555116081e-01,7.372705593426498449e-02,8.242400961436691098e-01,3.084013019279664425e-01,6.774864816884308416e-01,3.496729384951573483e-01,9.612703192616778303e-01,6.108797133932661882e-01,7.842528020706505121e-01,6.657886412151364786e-01,7.912529453506436106e-01,9.965276946000487523e-01,5.528355788843972718e-01,7.530849142316818901e-01,9.997340296466428189e-01,4.435869364847921381e-01,7.505458843570514960e-01,8.936363598884520254e-01,7.761691887556381175e-01,6.497362364206448193e-01,4.665498094816769026e-01,5.177434565520743215e-01,9.770793749141784001e-01,7.503510108200633910e-01,1.551660009757941106e-01,1.960397823958247299e-01,7.948603339962242442e-01,9.862608506146992582e-01,6.860398522601901528e-01,3.847808193752367822e-01,6.071150369334581409e-01,4.561438198303991443e-01,9.456778926994220402e-01,6.745500571408284962e-01,7.513944720836285285e-01,8.113815160626716150e-01,6.514596197935865751e-01,4.122868791964894308e-01,4.894512679265761168e-01,9.784284544582566578e-01,2.491759803014634289e-01,8.530960986827625936e-01,7.288679716561534683e-01,1.379076886131519464e-01,5.329684491158305226e-01,5.015459088600429105e-01,8.778193293223603977e-01,7.415427438138442184e-01,6.229801049831040771e-02,4.669472215227871703e-01
7.214636479734788388e-01,1.346399298941371170e-01,6.559608429328933621e-01,3.989033025774788577e-01,6.509576234120270088e-01,6.133182247734114689e-01,5.880886728321206292e-01,2.743886586114083204e-01,7.343189182896483480e-01,3.074646630457145702e-01,5.919922921682954087e-01,5.733283790080757614e-01,9.937420776298389047e-01,9.896298061140221813e-01,7.603137856770605385e-01,3.016058463915352039e-01,6.939409838198307146e-01,0.000000000000000000e+00,9.739174436833282211e-01,9.554077908754776693e-01,9.809664678088748646e-01,8.210487850914331975e-01,4.642540863253589167e-01,5.590884952559809218e-01,4.213887065172315927e-01,6.510680159730708461e-01,6.660700920016194848e-01,7.804586270422720906e-01,2.396978525618194689e-01,3.621317192576629096e-01,-9.358226148142076428e-02,6.355086570326387019e-01,4.575029372138477157e-01,4.780567403556222894e-01,7.786806775218273469e-01,4.174208190554142273e-01,7.361770878554237951e-01,4.365326187243457889e-01,7.770612035757322733e-01,4.198499428973861414e-01,7.449662429201561187e-01,6.618725777119476295e-01,6.652853119011679084e-01,7.384861814392066348e-01,9.629380751391614091e-01,7.943453658757571034e-01,2.881663639884182726e-01,4.327924943919805312e-01,4.212926703167527154e-01,4.307871530148091321e-01,4.246285225546014841e-01,3.479305349018272375e-01,8.570848245773919905e-01,2.450253339297457922e-01,7.982808511426843223e-01,5.193561775560950888e-01,6.510528623933931058e-01,4.628830178968743048e-01,5.845116460190501462e-01,2.922774130221046374e-01,6.447507224162316586e-01,7.561554889534489732e-01,5.257361429223647020e-01,9.650462426032775376e-01,9.718059573800066353e-01,4.116282020875744463e-01,5.557449978501752819e-01,3.920160502904082023e-01,7.397513730841559498e-01,5.653583585508914489e-01,5.631895999727124513e-01,6.364651958411429167e-01,4.877360660066474285e-01,-1.826569491734393036e-01,2.712242427216595697e-01,7.286318033863707910e-01,8.463200313952001785e-01,3.229104438944496724e-01,5.111463724004956521e-01,5.826316310857270198e-01,5.612362658795055914e-01,9.025750178556211090e-01,3.963097779237605978e-01,5.957157654497851063e-01,7.782643203777994678e-01
