0.000000000000000000e+00,3.946782638139779142e-01,6.711335118818373413e-01,1.668913925240275153e-01,5.201135377587827735e-01,6.923333872788655086e-01,6.053812073687689921e-01,9.621226710836118245e-01,8.139652739846197083e-01,6.400496988967911971e-01,6.629520834977783439e-01,7.802873392482692072e-01,7.290313147554011719e-01,6.850492418860424371e-01,6.374888630588235738e-01,9.872356252976526303e-01,6.793881551250080530e-01,9.893212311342693965e-01,9.845931612165073066e-01,9.624539912723925061e-01,9.172109163952014699e-01,6.824863381321846223e-01,7.168098885728584335e-01,7.939475239121420724e-01,9.830424391681098495e-01,6.979946831432879417e-01,4.235990604327030118e-01,8.268694941396936837e-01,4.866337899036919934e-01,-1.617028830226772684e-01,1.755397332406444522e-01,7.566139568202788768e-01,6.272157978697494585e-01,6.036705805501411115e-01,3.319205257839109580e-01,7.031886356144741168e-02,3.963702355307978653e-01,5.810225921925710191e-01,6.658445452911423423e-01,6.928697008148057002e-01,3.446282733372053597e-01,8.284081738074645651e-01,9.016373311901172416e-01,5.272583977010125711e-01,5.170093682857785922e-01,9.043115636137938340e-01,5.678506493140788036e-01,8.901626996700718886e-01,9.353865807452778069e-01,5.363687988921540528e-01,8.961219102012368820e-01,6.976740796055289628e-01,6.733280054037842355e-01,4.391828412272599791e-01,6.339175452478266193e-01,9.386570430102683660e-02,7.463314073279287975e-01,9.193500589010364932e-01,8.044840298775269849e-01,7.228405478763357817e-01,2.868335430136005892e-01,7.766639472620894269e-01,4.753012894209778239e-01,6.598485592547700396e-01,9.682848042394066601e-01,5.705384361111384139e-01,7.188003946421195334e-01,3.361446782488951568e-01,9.309679000374148083e-01,8.481349577178363131e-01,7.941525326560823217e-01,4.805825425922157779e-01,7.522685095007175526e-01,5.202863575735278134e-01,4.773354574417717489e-01,7.923516851435585817e-01,4.101019204391614381e-01,7.799121777290958235e-01,3.854928718663322984e-01,-9.601135618392864224e-02,2.982569294060826159e-01,8.111060435280116332e-01,2.836004857845866312e-01,3.182803994905083478e-01,8.542594083358596713e-01
3.946782638139779142e-01,0.000000000000000000e+00,7.027201238528686389e-01,6.678014324774710353e-01,7.506571958116383669e-01,2.438091328701749716e-01,9.649355444370401047e-01,4.794444287113723280e-01,2.248231007916861590e-01,5.378355089974524716e-01,3.685520176991760599e-01,8.715404373262445326e-01,3.159646742902127436e-01,9.900885660928977483e-01,3.933536464343474481e-01,4.678427378032450346e-01,5.175419737996929115e-01,8.213271157060252348e-01,7.806755310909454515e-01,5.896498584349409988e-01,7.323090245776088247e-01,2.602427440140038239e-01,2.853819736871327506e-01,7.416676230883123555e-01,3.759483097420696085e-01,5.661341840066748121e-01,6.575163611124138496e-01,6.544250281788919210e-01,6.530090803432740953e-01,3.072992265473422080e-01,5.489671392358212998e-01,4.398176526122181684e-01,4.541419355303002447e-01,3.472337796496466344e-01,4.117666747246063186e-01,2.626850587873238996e-01,5.561155809329990651e-01,3.863145190285106612e-01,8.031221184827506132e-01,5.394734043576119298e-01,1.120417660803033066e-01,2.143935619585015662e-01,6.813220379236413216e-01,7.184802517023275437e-01,7.762471458474995423e-01,6.494785361213978314e-01,2.175687797869026441e-01,3.821589263767815048e-01,6.248064277345463102e-01,4.038208555305878855e-01,5.189318989377447178e-01,6.290347844893888762e-01,4.082821745049350359e-02,3.060628877818554194e-01,7.605545763619981914e-01,7.917289852816712381e-01,6.098354361697527759e-01,1.270341894402717553e-01,4.442728269442987599e-01,4.201679336930221886e-01,3.250517890785274422e-01,5.025166555452630357e-01,8.292746705132534313e-01,9.698069051252374839e-01,4.636228242067203520e-01,4.581877241479693774e-01,5.327852342996910462e-01,8.448082684262191444e-01,3.819968426058261701e-01,6.993283237537631924e-01,7.545480236369840332e-01,3.960335817023535876e-01,6.659125901176240481e-01,4.598839678659581987e-01,3.080667445337880728e-01,4.358566133138321308e-01,7.359543526587011275e-01,2.327631497745841493e-01,5.777826483285676273e-01,-1.494677063868119216e-01,1.171406676419267934e-01,7.010806241422021801e-01,7.401167670511733521e-01,9.151308606145742708e-01,8.220830098343597792e-01
6.711335118818373413e-01,7.027201238528686389e-01,0.000000000000000000e+00,8.593505116917280473e-01,6.355897927654478030e-01,8.857213100537921768e-01,6.836919213998982059e-03,8.870694694588453499e-01,9.321103867128675002e-01,5.492992128473320745e-01,4.135351978844185039e-01,5.561607792848395349e-01,9.334916323218799272e-01,6.879726340857148514e-01,7.538999962429246970e-01,6.549792783951530195e-01,7.953483249300541402e-01,7.994089418190106766e-01,4.603725926343923414e-01,6.600485908240043553e-01,8.567090137266575312e-01,8.728187333404439086e-01,4.911249760281027887e-01,9.807696700952160951e-01,7.108727781547274915e-01,5.535811149911769036e-01,6.887034306460348976e-01,7.165349709763413344e-01,1.514864324492553871e-01,2.261346930808529609e-01,3.706956461848593953e-01,6.293332857123873358e-01,7.871278586117538278e-01,5.863426651640722964e-01,8.136130341034086833e-01,4.574316215569407262e-02,1.540445357110763192e-01,9.088974872237904901e-01,8.022657148901489732e-01,9.381731135527899834e-01,9.766373173447745470e-02,2.139668593564179599e-01,7.133616251809298259e-01,9.933482857752575779e-01,6.778455718629868010e-02,3.895821402546125745e-01,7.558568598165019692e-01,7.796897755377604211e-01,8.757728019965527189e-01,6.751468896498149519e-01,6.424831794392427131e-01,5.181456637475985172e-01,2.638087216307184457e-01,9.890883044455393014e-01,1.620984276009908298e-01,7.138538945667176616e-01,8.387348211538593334e-01,5.348187080667228255e-01,8.882529230453345415e-01,6.003321995465588090e-01,5.121054163287510619e-01,4.916787982091586594e-03,5.205330288330746180e-01,6.290101014862431450e-01,6.101142018951215551e-01,7.020278841051683649e-01,5.141454751241805177e-01,2.713915918229184987e-01,6.972863198040301080e-01,3.151257590744144799e-01,6.307303074797946385e-01,4.492536938945584368e-01,3.766770895655199292e-01,2.044884285964310155e-01,9.602064578881862600e-01,6.509606948924643310e-01,6.229727661123446447e-01,3.067315361411628305e-01,3.136803911885512330e-01,6.299301486237253167e-01,9.283412500480108243e-01,4.525634072204909875e-01,7.133477311866682768e-01,1.590220884521598155e-01,9.657342492932967648e-01
1.668913925240275153e-01,6.678014324774710353e-01,8.593505116917280473e-01,0.000000000000000000e+00,9.256596921545121592e-01,7.893548279186719530e-01,7.181571671298798698e-01,3.583966588187603719e-01,4.439798704571272236e-01,9.193570342849046728e-01,5.575074499291037267e-01,1.165914294309350341e-01,8.534499202683621943e-01,5.347526285939040447e-01,2.407680309139375585e-01,6.165739904077541800e-01,5.685989155478126111e-01,5.017256064948278915e-01,6.283663362665042884e-01,6.023784800292293351e-01,8.632855823024516706e-01,7.352098128295306845e-01,3.159503261887712244e-01,8.055889188279385937e-01,3.750701251218007126e-01,6.484551929765980383e-01,6.014245362365739922e-01,3.231246357988106777e-01,3.212481222894109090e-01,3.850070697767474237e-01,5.800847441380133640e-01,5.960177467965583897e-01,4.897163573562717809e-01,5.516215476296072451e-01,8.281235938242383909e-01,5.583137539942868433e-01,2.485802991886953972e-02,5.396073885696435202e-01,9.359523253831523171e-01,7.658444827492250084e-01,4.514477975094897122e-01,7.218993044883130761e-01,4.808124014016224024e-02,5.349938375256922951e-01,2.183321829682728643e-01,3.725815510831854693e-01,7.703124930352852617e-01,9.963089385856495062e-01,6.048586863633580446e-01,7.744930902099560477e-01,7.892988048290028313e-01,6.891364324488946647e-01,6.010663059598948532e-01,5.325401016727857595e-01,5.237697117751252129e-01,7.973920776705621938e-01,6.764120044806775089e-01,6.740639417730569516e-01,7.680096835264991206e-01,7.033061418448584012e-01,4.707526127331423255e-02,9.327688149849944210e-02,7.309112578278491590e-01,1.289699197353425253e-01,7.836615870512502191e-01,9.119848168868083249e-01,9.358457288286264886e-01,6.653707364709359195e-01,6.885075704263456942e-01,7.831167948299447845e-01,8.968369174163447477e-01,1.788290172515828447e-01,3.779545148361246332e-01,2.095098540017860667e-01,2.188373616997872917e-01,4.002027112925702346e-01,3.366087758941886388e-01,6.442547574676142919e-01,7.842909223882084113e-01,5.612561202117746229e-01,7.969291126315098950e-01,7.619289370385954330e-01,7.886500972357930461e-01,7.928031548853324839e-01,8.297411905563200074e-01
5.201135377587827735e-01,7.506571958116383669e-01,6.355897927654478030e-01,9.256596921545121592e-01,0.000000000000000000e+00,6.806696552823597868e-01,5.895790490061519895e-01,4.863428098740437133e-01,3.725931319270446851e-01,6.237355581152511652e-01,9.690590701552096453e-01,7.876099888794969583e-01,6.598722103980929621e-01,8.487301248106943197e-02,5.748239662630757474e-01,4.873129541301617351e-01,2.768284108067805560e-01,9.847820547447272421e-01,7.794403846171138461e-01,6.109501131410165486e-01,4.796856319310359718e-01,6.466135475902565766e-01,2.560643270421384399e-01,8.842170469355848939e-01,1.343582068535619789e-01,5.533126828564040034e-01,9.080769946038981244e-01,6.195026604620187394e-01,4.062922789476997032e-01,4.686234124326341677e-01,5.420970479217875893e-01,6.161397205888992090e-01,6.190138395971708229e-01,6.123824851640304878e-01,6.001468226163071407e-01,4.149362883640812516e-01,1.783445133777471492e-01,5.321798678165837182e-02,3.889851094573959500e-01,2.445352907190014302e-01,7.475974070066806476e-01,6.485668001757664003e-01,3.006466555927063133e-01,7.774076702806893557e-01,5.173967326684469903e-01,7.743952375518429188e-01,6.333600457070607259e-01,6.938957472741281718e-01,7.160855669764734088e-01,3.990164019981549126e-01,1.626934005282447970e-01,9.009889162431040655e-01,4.539906990931853459e-01,6.815051907297710043e-01,7.798037824270612761e-01,4.608824050174328835e-01,7.215042236801474385e-01,-8.430309002570809951e-02,8.856274651250124474e-01,1.371368229619782109e-01,3.603574742777686940e-02,-1.693780337189164931e-01,7.524935636381110404e-01,4.720361211166837490e-01,8.007943841960710740e-01,7.005195606001454189e-01,9.944734484743733560e-01,9.944139829499556438e-01,2.805392679133598133e-01,7.146773753939562601e-01,7.936032919946089947e-01,6.309986799026415794e-01,5.325975908002348325e-01,7.226346784695587555e-01,5.084218277744348979e-01,6.099384012275872458e-01,9.151856812545861031e-02,6.773396991772830944e-01,3.053444475387070423e-01,2.763519575702698683e-01,2.692634921208170162e-01,9.164947735348704105e-01,5.675943018990259326e-01,6.797059977807116127e-01,4.294587718244111674e-01
6.923333872788655086e-01,2.438091328701749716e-01,8.857213100537921768e-01,7.893548279186719530e-01,6.806696552823597868e-01,0.000000000000000000e+00,1.683682599591709572e-01,2.123371022528878771e-01,2.752120681869011376e-01,4.955101708946407779e-01,4.726265876846922342e-01,5.232217721735124005e-01,6.177084673086156164e-01,2.856311871004517111e-01,4.047861497789136398e-01,1.653051323213643731e-01,9.205780191494068454e-01,5.483401601323867336e-01,9.593470182579708627e-01,9.061959119739042556e-01,5.885012224771321021e-01,4.881288230488491919e-01,7.128352304210322510e-01,8.042268330009261224e-01,7.146491879523865220e-01,7.706615817519002487e-01,3.476770096459876891e-01,4.138691492734218325e-01,4.601460291318391072e-01,7.749516618199971951e-01,3.509469696451609222e-01,6.497226319465078115e-01,4.033512574081292712e-01,4.070645631112867480e-01,7.818556941523179260e-01,2.115661241918148916e-01,2.306898769000007704e-02,4.116978635842826195e-01,9.121170412123871252e-01,8.851436617525475503e-01,2.238239194169153456e-01,7.873221987179241932e-01,8.855967972235049279e-01,-1.792896027610557108e-01,9.799863236839648772e-01,4.467789593378366231e-01,6.166675059340295251e-01,4.861550515922138382e-01,6.471059051980049270e-01,4.936111733922534106e-01,5.726247345582382575e-01,6.288585301590573495e-01,2.496009057353433258e-01,2.602575654046885845e-01,3.386494677905889095e-01,9.928660750772217991e-01,6.848026848606607597e-01,6.592422111179998545e-01,4.901936871346946889e-01,2.824651378306918814e-01,3.722544136776304580e-01,5.891988722904151210e-01,5.997377045511050886e-01,8.161343140491038595e-01,9.968589949717032717e-01,6.887582380641728008e-01,5.709194490186457749e-01,9.737429458981811115e-01,3.172732801082415732e-01,2.104427454999401592e-01,6.391702077104118862e-01,4.893037373424428127e-01,4.187384355557420834e-01,6.813515646705932405e-02,3.069434158977428773e-01,4.659501208098670855e-01,7.525670987981079030e-01,2.539307870075279694e-01,4.398889627376631473e-01,5.318950623714340242e-01,4.928557913320225081e-01,9.908824786107172100e-01,4.762407477543608159e-01,-1.338937243377791297e-01,5.420366471355865245e-01
6.053812073687689921e-01,9.649355444370401047e-01,6.836919213998982059e-03,7.181571671298798698e-01,5.895790490061519895e-01,1.683682599591709572e-01,0.000000000000000000e+00,6.989408606603283447e-01,7.323921715311957348e-01,7.097160065038292664e-01,3.339173319033421627e-01,3.112801749045998045e-01,3.386841958745574477e-01,5.479074189250154880e-01,5.146414784066786208e-01,4.620479704671627275e-01,9.609577077899634778e-01,5.508060450870549268e-02,2.205069537652948886e-01,5.967241096054362037e-01,9.255347067241850301e-01,6.500602579364371802e-01,7.300360105322897253e-01,6.264584749278357956e-01,6.529701940638419355e-01,4.665797625216484557e-01,7.727317024803993517e-01,7.179911948100365926e-01,-1.245420208762210157e-02,3.972454023174992743e-01,-3.098143698555070880e-01,7.848707333778137674e-01,2.190957674740111327e-01,5.337968582038673526e-01,3.817629610870566514e-01,2.393332495544561178e-01,3.661198370309433070e-01,2.397702833255945243e-01,8.475719073155982830e-01,4.585570928546416902e-01,9.060130775061236985e-01,3.745781879961783689e-01,8.992057372733487375e-01,4.809844672329079973e-01,8.882666494635915733e-01,5.872965790178297230e-01,2.996924079640481131e-01,4.904600215855999257e-01,5.505814543800291450e-01,4.955739834655856768e-01,7.783083710341415218e-01,7.962257848069438371e-01,2.096814831552960834e-01,1.104041406962293914e-01,7.501973987439889413e-01,4.612785850803297616e-01,6.633479582147214781e-01,5.757608721737591528e-01,4.775604868552154603e-01,3.448118578295016334e-01,7.470999690045585506e-01,6.740953026399879588e-01,7.431465573269100400e-01,5.661986977295890844e-01,7.883273006331877886e-01,2.064505267785309850e-01,4.064123462027015576e-01,5.729771473766100964e-01,7.519308694086864753e-01,7.720066525634081689e-01,-5.027502041057943516e-02,5.065493578065463076e-01,3.185424916715131477e-02,4.641065760566499554e-01,2.766294509197693152e-01,3.997497394504397339e-01,7.567208932149480649e-01,4.181065770008798310e-01,2.491298784074021111e-01,5.905858029824876398e-01,6.935508864630892667e-01,3.831480583908803972e-01,2.604324401615554785e-01,4.212178380171145431e-01,6.570948630995233630e-01
9.621226710836118245e-01,4.794444287113723280e-01,8.870694694588453499e-01,3.583966588187603719e-01,4.863428098740437133e-01,2.123371022528878771e-01,6.989408606603283447e-01,0.000000000000000000e+00,3.133614440193267514e-01,2.281061220958076619e-01,4.555741012110012256e-01,6.405206979128358347e-01,7.548326159630351917e-01,4.014602900524428253e-01,5.961075010168476185e-01,6.561050568132600347e-01,4.751851497252336798e-01,5.675445555887235205e-01,2.583029211007884518e-01,9.664442299228245270e-01,8.754055540193170781e-01,9.607733551010267936e-01,2.298537450048988573e-01,7.238358699446572064e-01,2.139611011776768601e-01,7.870078595189144988e-01,5.930375905470663955e-01,8.250358860542583717e-02,3.193864788486402428e-01,7.771214567538675677e-01,5.894179679205383549e-01,2.659514848223347716e-01,5.714035480838302039e-01,1.106701178835222399e-01,7.499461583856208424e-01,2.028380777163051873e-01,4.645108819283558788e-01,6.184763743546044523e-01,4.835031448705685575e-01,3.361237395854682619e-01,4.504222384335325735e-01,4.310348333858755598e-01,6.705180374957618872e-01,7.769714291593703415e-01,6.946619328383892844e-01,7.020863489892297249e-01,7.579015773353233731e-01,7.827680710577633594e-01,3.847210975649008047e-01,5.306548626558719173e-01,6.085898566869649695e-01,7.607555381228743308e-01,3.266108224992815834e-01,7.750341373335911666e-01,4.570659969513480858e-01,7.075511575787727381e-01,7.238996588662413023e-01,7.557754729624268641e-01,7.979003515578610983e-01,1.056124402881281343e-01,1.272090268749804520e-01,7.298376111626749818e-01,9.356766985698262706e-01,6.520269829569497189e-01,7.653263729785171332e-01,4.300823449251518493e-01,6.286968086735474914e-01,6.188349797449721468e-01,6.751201701835116697e-01,3.093818799620146054e-01,7.366839715726604121e-01,3.791201017461662270e-01,1.827690988231965574e-01,5.004113265627133655e-01,5.115630997744488040e-01,4.036753210948517134e-01,2.209985843450652798e-01,4.761355273923444931e-01,4.994940139130759071e-01,-1.840077340721456012e-01,3.706112661438472067e-01,5.199641867631836778e-01,4.854398183255567156e-01,4.198366964465281570e-01,7.199351307626945529e-01
8.139652739846197083e-01,2.248231007916861590e-01,9.321103867128675002e-01,4.439798704571272236e-01,3.725931319270446851e-01,2.752120681869011376e-01,7.323921715311957348e-01,3.133614440193267514e-01,0.000000000000000000e+00,3.780457059403561915e-01,7.407093590368124536e-01,7.600470401533985232e-01,6.491835372144759697e-01,5.296024837897119752e-01,6.074754118611601639e-01,4.128613721318866725e-01,2.025228839076493037e-01,6.075257416070033445e-01,4.667618811495501396e-01,6.393675300155076124e-01,8.419760456841657303e-01,7.602207138893233296e-01,4.310948334069653609e-01,8.397096819886452623e-01,5.994576616572182548e-01,2.911329996409188214e-01,4.072870943126946086e-01,7.908827998193246334e-01,5.390110817731847970e-01,1.016193851815813814e-01,-5.994960710196755027e-01,4.790492720676804705e-02,4.654465721263966183e-01,7.076572056905640062e-01,5.116095256971997518e-01,-2.657875648670925961e-01,3.686815227999201694e-01,4.190536615356828531e-01,6.520135024760662645e-01,4.480221233844350337e-01,4.790985869972838040e-01,2.422833070160599483e-02,4.959107223857133762e-01,3.776314506912008540e-01,2.840405747968672290e-01,6.805754779814723321e-01,7.696345083141488130e-01,3.481940098662849037e-01,7.166471670531363580e-01,5.611163807995814823e-01,7.134899024336112394e-02,5.851158064461677022e-02,7.145472755155110045e-01,7.631508809588944953e-01,8.492228282142535445e-01,8.398724730663685856e-01,7.522283687109748707e-01,9.166333972625916315e-01,3.077544444493239273e-01,2.107156740198379841e-01,3.320035374575824871e-01,7.462495381048442900e-01,7.608556950606649716e-01,8.055084649342011405e-01,7.997525706176547011e-01,8.870508033822365190e-01,2.083951315764620560e-01,9.288829935946600891e-01,5.680624321695283419e-01,5.677699270550068400e-01,8.772141310303279704e-01,4.483377751747892326e-01,6.925231328448671064e-01,5.550964843098651347e-01,3.538506958051601536e-01,7.702685655862029357e-01,2.930846917815486674e-01,1.634922314894304562e-01,4.536517842650260035e-01,4.732971718874379174e-02,6.064879983246155293e-01,8.240313807925473411e-01,7.485521632671937597e-01,1.055820576067928313e-01,6.359496284621508622e-01
6.400496988967911971e-01,5.378355089974524716e-01,5.492992128473320745e-01,9.193570342849046728e-01,6.237355581152511652e-01,4.955101708946407779e-01,7.097160065038292664e-01,2.281061220958076619e-01,3.780457059403561915e-01,0.000000000000000000e+00,8.172867251785169707e-01,7.119328213953051154e-01,8.831900917965873621e-01,8.969420628674354967e-01,4.523851688365970181e-01,7.447803974315889697e-01,6.961625894840373086e-01,7.090406990649834595e-01,3.348190476364456547e-01,6.459619234657457687e-01,7.864682633864784611e-01,5.048918969113411759e-01,8.620932266635844554e-01,7.587314190284316640e-01,5.907859355983603455e-01,7.463965962535225040e-01,9.377420398380988953e-01,7.488868867486909719e-01,-2.262411959518081939e-02,3.357206724723449387e-01,3.626652826795345730e-01,2.325885716141177229e-01,5.288442269720866618e-01,7.981701467270538863e-01,1.630264140511154813e-01,3.420238148881757367e-01,5.683544076832928171e-01,7.327990532267223411e-01,2.678956759270682553e-01,7.899179895733148271e-01,5.596030716466682264e-01,5.820057118866713841e-01,6.147490310362755395e-01,7.849161308908444434e-01,7.510143043230937954e-01,6.002822815285494551e-01,6.541672256971955424e-01,5.482369212358919608e-01,7.865721482780455576e-01,3.448125584451989245e-01,2.036260045795073026e-01,1.587125874465746544e-01,8.211142247438414365e-01,7.872721081695419620e-01,7.356855912177524548e-01,5.665588904405212123e-01,3.831311033736691796e-01,6.683749986452470759e-01,4.861420302583444597e-01,-9.909288504195636060e-02,7.743230634224133047e-01,6.544318743327521837e-01,7.822260646861104449e-01,9.919561262594029927e-01,7.499089318373262092e-01,8.501022747023659898e-01,7.960983861522665794e-01,4.604986313041060653e-01,5.739204925766960841e-01,1.944298787035096399e-01,8.535260641689612626e-01,8.018386319290217168e-01,2.502716858153688495e-01,4.942607024802496696e-01,7.079878999612531087e-01,4.320479634004730785e-01,8.103776818120552727e-01,7.951750026075308231e-01,7.709476700136874694e-02,6.502200441964018918e-01,7.336617689342681548e-01,6.924605785094264387e-01,6.513211706966766101e-01,3.804559760796213386e-01,6.252046248499468772e-01
6.629520834977783439e-01,3.685520176991760599e-01,4.135351978844185039e-01,5.575074499291037267e-01,9.690590701552096453e-01,4.726265876846922342e-01,3.339173319033421627e-01,4.555741012110012256e-01,7.407093590368124536e-01,8.172867251785169707e-01,0.000000000000000000e+00,-1.998372591746504778e-01,4.425599396634532501e-01,7.923794127972023649e-01,4.821654669425209927e-01,4.887813813658906659e-01,5.743813254650437239e-01,6.245436134159072505e-01,4.314966016470189736e-01,9.480627649549724367e-01,8.515564009320383265e-01,8.111351650921480028e-01,9.111623005272733167e-01,9.040797933814710419e-01,3.991340285280152722e-01,6.546123004889539132e-01,8.422273174118256600e-01,9.999828814619409201e-01,8.723280099720831515e-02,1.243158747490909488e-01,4.839806844025629773e-01,7.856162507026105413e-01,6.350611033421715845e-01,5.057938532971765211e-01,6.701294371820432083e-01,3.370446512105769454e-02,4.136854069300227033e-01,3.909822525744022226e-01,9.889175805179193368e-01,7.045906608173185814e-01,2.353489461272647021e-01,4.239832775076311094e-02,3.939683512756549932e-01,4.715641855687154882e-01,7.752177840345630955e-01,6.283383456529989530e-01,4.723746512678917431e-01,5.246349002331314182e-01,5.381132881432558746e-01,6.802559688990665876e-01,7.629308651357538107e-01,5.631177094655545057e-01,7.810825165844366147e-01,6.754996522833710548e-01,3.340936830449671158e-01,2.897560845160589427e-01,6.105939396874197067e-01,5.047839621994369974e-01,3.838963590825753003e-01,5.536999009665818372e-01,1.364996943832900156e-01,4.749202025743164413e-01,6.813956609959823663e-01,9.302689242936603709e-01,9.301981906138891976e-01,6.563893537014983126e-01,6.097245302894633845e-01,5.792407031785616889e-01,6.030201715492282677e-01,6.746951419306705944e-01,2.276894868176502496e-01,4.986479064976716002e-01,3.773071458412459722e-01,4.541788108671934165e-01,5.887561004967873934e-01,3.441253051505040461e-01,7.829078091787794458e-01,5.014250550581074162e-01,1.958081772689831690e-01,3.817938028544647366e-01,8.713909278681942761e-01,5.070029736399020992e-01,3.470422905001946390e-01,2.531636731525324091e-01,4.323008281117858287e-01
7.802873392482692072e-01,8.715404373262445326e-01,5.561607792848395349e-01,1.165914294309350341e-01,7.876099888794969583e-01,5.232217721735124005e-01,3.112801749045998045e-01,6.405206979128358347e-01,7.600470401533985232e-01,7.119328213953051154e-01,-1.998372591746504778e-01,0.000000000000000000e+00,8.068086092081159233e-01,5.123827340648225981e-01,6.686945737165408410e-01,4.851564233422686612e-01,4.459725224370563734e-01,7.893411289155356503e-01,5.321498113000056041e-01,5.854119378350530756e-01,8.646303003679093324e-01,5.366960490701981890e-01,7.458605181350949076e-01,6.239747560757821221e-01,5.014891172959097254e-01,8.615245148407788545e-01,7.441589506009274047e-01,4.622949764269159711e-01,3.327069705901622987e-01,5.061592345414126504e-01,4.487771498800143810e-01,2.861741585573278623e-01,7.009614253823854835e-01,6.973468014077343069e-01,5.743533287501654261e-01,2.842286738851663164e-01,5.190877291522311143e-01,4.468522408910403088e-01,8.829819604775992481e-01,9.472896671488799658e-01,4.754518169063846056e-01,7.012484300312461505e-01,6.633686803024486656e-01,7.425010209338370748e-01,9.176219456828554888e-01,7.196053617181107365e-01,6.934680284072491929e-01,8.254797039328933828e-01,4.263886460964493863e-01,4.286353568806506864e-01,7.432613321078986868e-01,7.791815455868549289e-01,5.605392741207954055e-01,7.341406695587979758e-01,7.272687570677928148e-01,6.737568060506751166e-01,4.003048885312205374e-01,6.763500368140615837e-01,4.505377834928212533e-01,6.303797423182936344e-01,4.434557762656166635e-01,7.659986028192191654e-01,8.771224921176785927e-02,4.722686492288350468e-01,7.211981177800044218e-01,3.355165157050128411e-01,9.009390063709410423e-01,7.376488058581618379e-01,6.820832479786684832e-01,6.177619970052887766e-01,6.528781697744718837e-01,5.970851081898846946e-01,6.563219421614805427e-01,3.826722052427807830e-01,6.433796028896637820e-01,7.726506625022218078e-01,3.224132114519346892e-01,7.907318470516666586e-01,4.777646604595495727e-01,6.634617378042451108e-02,5.447788270683515677e-01,9.471934339331610220e-01,7.669036814850043182e-01,-1.848420931456314642e-01,3.830797999840691581e-01
7.290313147554011719e-01,3.159646742902127436e-01,9.334916323218799272e-01,8.534499202683621943e-01,6.598722103980929621e-01,6.177084673086156164e-01,3.386841958745574477e-01,7.548326159630351917e-01,6.491835372144759697e-01,8.831900917965873621e-01,4.425599396634532501e-01,8.068086092081159233e-01,0.000000000000000000e+00,7.595883327836763232e-01,7.019199821500861081e-01,8.007418357513745866e-01,7.309822118394493362e-01,8.810433818115226412e-01,5.531525376426735807e-01,7.664811776327769000e-01,7.268353386101336078e-01,4.634539651166382224e-01,6.545320131185341506e-01,7.904744405822279329e-01,7.870176245716020702e-01,6.337967795504093615e-01,2.003038231450593454e-01,7.285832514305421448e-01,7.878395416023791231e-01,4.981320665006157000e-01,3.506997152450557209e-01,2.822809391807482027e-01,9.126950540104656895e-01,7.128118195526620404e-01,7.472690215930254398e-01,5.964177258369109946e-01,4.897451662769790048e-01,6.665167891756498264e-01,6.178300103897558238e-01,4.494722318611597545e-01,4.878482751575689003e-01,4.959179437251276523e-01,6.039356994394994294e-01,9.762152016337963811e-01,5.369763237227067609e-01,8.611872177308970144e-01,4.516813818782679513e-01,1.365897807989970569e-01,5.799307659749728394e-01,8.580509457333796997e-01,6.855465466569161670e-01,6.298050166216746515e-01,8.256247503963864975e-01,9.179133179225906769e-01,5.658753777510789895e-01,9.754741871808404463e-01,5.681647597230413682e-01,4.287616866019735018e-01,6.749400076862864806e-01,5.399557117687286967e-01,4.895736270903200404e-01,5.099245565949513948e-01,9.000287467360182925e-01,6.295494392279902263e-01,8.034638631526281882e-01,6.831083528024051166e-01,6.251323894270489623e-01,7.171389337659737073e-01,4.633939651291648087e-01,4.617257608800190427e-01,8.416386212669019207e-01,6.606148737137460536e-01,5.534135490429381576e-01,4.225888409872213813e-01,5.996644170597946744e-01,6.705027067069631030e-01,4.266598942744456724e-01,7.446989309997580353e-01,4.923124742476611693e-01,5.044587017733934697e-01,4.564992780547979523e-01,8.707495529018591807e-01,5.521487136457067235e-01,4.740553926256264594e-01,8.482409465163894824e-01
6.850492418860424371e-01,9.900885660928977483e-01,6.879726340857148514e-01,5.347526285939040447e-01,8.487301248106943197e-02,2.856311871004517111e-01,5.479074189250154880e-01,4.014602900524428253e-01,5.296024837897119752e-01,8.969420628674354967e-01,7.923794127972023649e-01,5.123827340648225981e-01,7.595883327836763232e-01,0.000000000000000000e+00,7.796833241828177163e-01,8.966458703676961628e-01,6.732109313267347073e-01,8.331314586751413787e-01,2.677414088732571473e-01,7.227462377655093917e-01,-1.259343204220898516e-01,7.174695433925686316e-01,5.335717899966897493e-01,9.062865141245364242e-01,2.783335591785862095e-01,8.051277358513333482e-01,6.113600287951728163e-01,6.264861975257399740e-01,1.480079178699834908e-01,7.344693734206747537e-01,5.541749255275549846e-01,3.536627483320715637e-01,2.361749759106334112e-01,9.587343827257394091e-01,6.154109309125449512e-01,3.149548872178466463e-01,5.291094237071383155e-01,5.410255419244413000e-01,6.041227564130237093e-01,3.077290032907502582e-01,6.349607506303780458e-01,2.989277993617061105e-02,6.546361539628209325e-01,9.474252101943951843e-01,4.475964621078386552e-01,9.082330015593294004e-01,9.140030040063789052e-01,6.229557573508459623e-01,4.941226724905284362e-01,8.804063837089785016e-01,9.063780224289081922e-01,5.064285180057129243e-02,3.568208796210109446e-01,2.936253678845970327e-01,8.058949069519151243e-01,8.147747619627956350e-01,8.542896907895471958e-01,9.975406425565678248e-01,9.203279935030437287e-01,2.987517395664608388e-01,7.605081485865810009e-01,6.543054934211894880e-01,9.192872310759063748e-01,8.057111628111693902e-01,3.013290654524511947e-01,6.898259441549896565e-01,7.858562369077611853e-01,5.141650743299085446e-01,3.789048855095610846e-01,8.395234736773153905e-01,9.554213365977916039e-01,5.285869688317296200e-01,4.995141008772008284e-02,7.381044538844476477e-02,6.476274883006011285e-01,9.867002454575100057e-01,6.087814451853059694e-01,7.294727463206239770e-01,5.556592827053148387e-01,1.154585368305993676e-01,5.424185862256956092e-01,6.254131462805258002e-01,6.746681487561944079e-01,5.625896262617602339e-01,6.227248647591746566e-01
6.374888630588235738e-01,3.933536464343474481e-01,7.538999962429246970e-01,2.407680309139375585e-01,5.748239662630757474e-01,4.047861497789136398e-01,5.146414784066786208e-01,5.961075010168476185e-01,6.074754118611601639e-01,4.523851688365970181e-01,4.821654669425209927e-01,6.686945737165408410e-01,7.019199821500861081e-01,7.796833241828177163e-01,0.000000000000000000e+00,2.449088080491270414e-01,9.353810431091017508e-01,7.948113863085364272e-01,2.352544003745749568e-01,6.929928024366562855e-01,9.163450558467832741e-01,3.390377413484626512e-01,3.811488588829752278e-01,4.491879272713624749e-01,7.088841436433773735e-01,4.442831932412026896e-01,7.779685563354690192e-01,6.015581976659621910e-01,3.750329233379557370e-01,3.469078816064229409e-01,7.278779795996533908e-01,4.618387936270375582e-01,2.302680369436930496e-01,7.537760346031726622e-01,4.620808883865308858e-01,2.808713741836128541e-01,3.117638102807624989e-01,7.052599169339992535e-01,8.886636942510576231e-01,7.899126858885544555e-01,-8.268625720327937856e-03,4.785081916745027586e-01,9.103367241726887382e-01,2.347402072261627892e-01,8.853408661565456139e-01,4.901039591642557536e-01,6.651398552007388165e-01,4.956656360547633255e-01,3.761315728366706468e-01,7.008678221285744581e-01,3.023212018292634751e-01,3.584314245700500612e-01,8.878010612198222740e-01,7.444250688383564629e-01,5.805386759680147835e-01,6.164704266276505029e-01,6.001638533749041882e-01,-2.541936488033896824e-01,7.358076114433963477e-01,6.794207546105109907e-01,2.209807226756526632e-01,9.095018944395734106e-01,4.855922379480034912e-01,2.111101243242856085e-01,8.706391250657896652e-01,9.546770216449010360e-02,7.403702593221888062e-01,2.822255638234124620e-01,-8.390038680049283215e-03,5.070704961226084606e-01,7.786933460414158237e-01,6.437116599455630084e-01,2.922263734798699053e-01,5.379687319567358905e-01,2.974158294631449873e-01,6.162546962899472236e-01,8.048271887859794749e-01,4.146759896139767809e-01,2.495216174754211202e-01,6.972046642476380229e-02,5.421472504524799119e-01,8.056614063104271528e-01,5.061563904435485428e-01,6.540317096716730116e-01,6.172974872362948506e-01
9.872356252976526303e-01,4.678427378032450346e-01,6.549792783951530195e-01,6.165739904077541800e-01,4.873129541301617351e-01,1.653051323213643731e-01,4.620479704671627275e-01,6.561050568132600347e-01,4.128613721318866725e-01,7.447803974315889697e-01,4.887813813658906659e-01,4.851564233422686612e-01,8.007418357513745866e-01,8.966458703676961628e-01,2.449088080491270414e-01,0.000000000000000000e+00,7.818796166975355844e-01,5.059622194832120723e-01,6.903408154785717343e-01,7.176944836353449375e-01,9.530492888505486260e-01,-1.796701029058542509e-01,9.351501157068342618e-01,7.246185011605460469e-01,-1.954325178009819752e-01,4.795229282105821778e-01,6.137869363211000406e-01,6.200481338499391759e-01,7.768216861272386753e-01,5.707408971703376022e-01,1.573114093655286760e-01,3.626175645739785347e-01,9.581776571245802510e-01,9.391208915020932135e-01,8.417846739296476199e-01,1.774495299192874742e-01,1.644560004989796820e-01,7.000449950247060737e-01,1.725183593851259412e-01,5.582772684243304528e-01,5.078370718607675416e-01,7.161626491103235681e-01,8.652387187017315240e-01,2.945054015096908451e-01,2.467837635566318411e-01,3.337002244838596088e-01,6.246762107286926158e-01,2.889099541443990726e-01,1.087762503189196039e-01,3.743017517568780206e-01,4.217552528815321500e-01,3.121545871526891780e-01,9.782819478612734265e-01,5.698723951522548514e-01,3.747922782349140114e-01,3.829400665353831501e-01,9.697062066878163744e-01,3.471868207186211697e-01,4.384653249276909692e-01,1.748361064186683064e-02,2.578633770022614180e-01,6.927105112883169546e-01,5.675819070041241421e-01,7.892012228236429117e-01,9.956499542699437377e-01,5.057981612682062034e-01,7.906498923351736874e-01,2.902695703818571338e-01,7.155460769052467418e-01,4.469764826064010488e-01,9.193339971427136881e-01,7.973692256874173045e-01,3.911159462850790636e-01,6.188114037975561699e-01,1.591435303600223228e-01,8.912716898034466206e-01,4.798304606219971347e-01,4.350745890274180794e-01,1.543412317854993276e-01,4.621302486357627415e-01,6.784548315428526877e-01,5.302348334486044479e-01,7.502569579631133134e-01,2.202646272013666362e-01,5.520457701178251853e-01
6.793881551250080530e-01,5.175419737996929115e-01,7.953483249300541402e-01,5.685989155478126111e-01,2.768284108067805560e-01,9.205780191494068454e-01,9.609577077899634778e-01,4.751851497252336798e-01,2.025228839076493037e-01,6.961625894840373086e-01,5.743813254650437239e-01,4.459725224370563734e-01,7.309822118394493362e-01,6.732109313267347073e-01,9.353810431091017508e-01,7.818796166975355844e-01,0.000000000000000000e+00,9.152288365921459334e-01,6.539796139987176238e-01,7.331409130876873625e-01,8.171977772781181537e-01,8.785327132539768602e-01,6.519677850353301496e-01,6.022190750896332379e-01,4.547209996295440426e-01,6.700122013698623924e-01,5.103178719330964119e-01,6.890076248823387983e-01,3.691553893385123297e-01,2.798157185023742444e-01,4.805290402726065113e-01,6.730750187862264422e-01,1.941154629092134432e-01,9.502015185595766855e-01,7.661963870726093973e-01,5.137925759023067585e-01,3.459104829745733301e-01,9.370119740522065976e-01,4.795770593557406869e-01,7.688636193829503362e-01,1.782215410424056456e-01,6.934606539838955586e-01,2.948049560923044488e-01,7.163531706098501539e-01,8.118356161687750872e-01,7.938262001545732804e-01,4.930013900997270437e-01,2.447002893549756197e-01,9.082965753014677901e-01,8.931923210697412241e-01,8.100640045452335292e-01,6.800145495128254725e-01,7.889614144624987890e-01,9.888149499068094039e-01,3.273602812224690739e-01,7.900930275723598850e-01,6.035473710437292416e-01,8.003749676428586479e-01,8.185784808811122915e-01,5.409026550999624927e-01,1.383408811214202339e-01,4.841193488709762405e-01,9.275988060085534892e-01,6.013584417306727659e-01,9.644390284318933304e-01,7.916260043586929029e-01,8.202759907686310026e-01,7.502267300104922265e-01,5.003767092048181375e-01,6.306038111358089893e-01,8.766978254777353374e-01,5.549020838368945441e-01,5.914514921036427841e-01,7.005988597031089782e-01,8.965333800018382426e-01,6.931092293095539869e-01,5.758615665133424155e-01,6.204029868181331064e-01,-9.078640767210682805e-02,3.462248286323492685e-01,7.271604776785536295e-01,6.376903170829275602e-01,6.468317215799883613e-01,1.792420716615060750e-01,7.121062487749229009e-01
9.893212311342693965e-01,8.213271157060252348e-01,7.994089418190106766e-01,5.017256064948278915e-01,9.847820547447272421e-01,5.483401601323867336e-01,5.508060450870549268e-02,5.675445555887235205e-01,6.075257416070033445e-01,7.090406990649834595e-01,6.245436134159072505e-01,7.893411289155356503e-01,8.810433818115226412e-01,8.331314586751413787e-01,7.948113863085364272e-01,5.059622194832120723e-01,9.152288365921459334e-01,0.000000000000000000e+00,8.915706840757761098e-01,7.928523170375002538e-01,7.906082189211041111e-01,2.450185939165565319e-01,5.876788415870690674e-01,8.981751737012255710e-01,2.729369396611779353e-01,4.157022616256114689e-01,7.622431096159394404e-01,5.150630952031401977e-01,3.716769498473337929e-01,3.028900219074947553e-01,3.282674801196389103e-01,1.593737133606749345e-01,1.014095949845372630e-01,6.461090983514468089e-01,7.291433580251747149e-01,4.547601306090673923e-01,2.351584931867026218e-01,6.633951894870363519e-01,2.641383485579687496e-01,9.839778082602768094e-01,5.801876808184590617e-01,4.984994432907055573e-01,7.763703987271760587e-01,6.512227050712522392e-01,1.479561456716452228e-01,7.304285242735998329e-01,3.742343991000992576e-01,5.764949036942842442e-01,1.292840430414749775e-01,7.084181522942757381e-01,6.280386211227401150e-01,5.071163785168801841e-01,2.183906255930237461e-01,6.898833900970218203e-01,3.612578046573436952e-01,6.221788555857984404e-01,9.066417414224717808e-01,6.821880023447356445e-01,7.607999713658020191e-01,7.218755602480673161e-01,3.625744123516444484e-01,8.179822290732685630e-01,9.597056678480095915e-01,8.378531880268391685e-01,5.580452380063849471e-01,2.626207718774524191e-01,7.867024968982656574e-01,7.989459567188482714e-01,6.536814985035609427e-01,9.716340063838565522e-01,7.488921846465989018e-01,6.103224310931530949e-01,1.025867927048003669e-01,3.159503360924660886e-01,4.489478075963860282e-01,7.344715799276723134e-01,7.969593833084098744e-01,1.038927618086932930e-01,3.697539575895213426e-01,4.236674223215317059e-01,7.576374456036814031e-01,5.904327232770183453e-01,5.592274884385166622e-01,8.441666723496232816e-02,7.321934959200508963e-01
