0.000000000000000000e+00,8.500534065739145939e-01,7.598033120936733553e-01,8.630326720921778216e-01,7.944042220292825141e-01,8.771038389616121478e-01,9.177708852957461305e-01,8.858355199386841461e-01,5.837030390741658747e-01,9.868625224287660425e-01,7.876962333314569964e-01,7.765872502340435135e-01,8.541466774941458562e-01,3.639935845981789875e-01,5.772225509993933468e-01,6.320175247166596177e-01,8.168588195621105941e-01,1.686556434993968512e-01,7.742599612450509206e-01,6.077466455082387586e-01,7.566126827804503518e-01,9.962553436600009027e-01,4.960543835259513812e-01,6.957443564820759985e-01,4.734777759707714528e-01,8.481618248677837979e-01,7.521123546899430856e-01,7.887210328744667098e-01,4.560203204940901922e-01,7.891384349668535414e-01,5.107161160734423611e-01,2.765237029292813009e-01,5.370765920842460739e-01,8.047812592091269090e-01,9.019391350687193665e-01,3.713587685072847755e-01,1.005619509184919463e-01,8.058907734122697786e-01,7.773554018175600211e-01,7.946062536664464382e-01,5.481134547157016090e-01,6.344435594766019149e-01,9.084409215151890704e-01,8.965759628091147793e-01,8.717720471749288436e-01,5.666487988638809759e-01,7.011605641598045446e-01,4.773281900350259677e-01,1.688756003443614151e-01,5.365303196715902612e-01,8.136133136969844193e-01,7.732081390990370728e-01,9.645251819362506973e-01,6.511549722935605633e-02,4.739659157535221490e-01,9.119134916910622835e-01,8.807687521518156037e-01,9.307615782177303121e-01,9.937270602848415901e-01,3.717652978236238859e-01,-1.353568162529710239e-01,6.511999243865510545e-01,7.025346030810953879e-01,3.198331214598928440e-01,4.297452554969927729e-01,9.796036727527369647e-01,9.294626168186210791e-01,6.879709630566986922e-01,3.685595674046823200e-01,3.014422625142604839e-01,1.187779013054546945e-01,8.940029370413228316e-01,4.017741508054353261e-01,5.404423832976579245e-01,6.280937127303614087e-01,4.590455518554580894e-01,9.884240803672894593e-01,7.577535109596906793e-01,4.325017664664261297e-01,2.684266153572282820e-01,6.523461016444939142e-01,8.446850231679894350e-01,6.107371235117868835e-01,-1.558076282536129675e-01,7.878973238188486938e-01
8.500534065739145939e-01,0.000000000000000000e+00,6.921466968061701364e-01,7.305172272987892068e-01,3.742989441502231895e-01,7.984231196183155799e-01,3.692234226444344736e-01,4.929313123425431709e-01,5.649204728359455974e-01,7.952600853103661827e-01,7.417838744628632019e-01,5.988432904276773661e-01,9.394081036630603787e-01,6.886545514437181215e-01,3.330082177355729867e-01,5.716709166231437322e-01,6.047700935958986168e-01,5.489238664000930523e-01,9.855513961151027846e-01,7.327637686373770221e-01,4.607509756402835555e-01,2.129243437563380914e-01,7.645299037357270455e-01,6.359889852616786854e-01,5.010695554102608806e-01,8.898152879249640046e-01,5.998891243412900476e-01,6.691872003477896680e-01,5.883532194622689282e-01,4.468364326141588405e-01,5.645758785857868389e-01,5.745482220936353190e-01,5.479399124874521076e-01,8.854591041307846577e-01,5.274624373382716946e-01,3.070533474705564592e-01,2.442811235857905161e-01,7.616203663169864857e-01,8.633991009019431617e-01,8.904045782396882158e-01,6.137301732286493117e-01,3.461532660294521779e-01,7.982615779206320150e-01,9.634713628455469081e-01,9.930903847342622548e-01,6.697000250397556753e-01,9.622235758229022995e-01,6.314588258924777042e-01,4.792650667448658530e-01,5.144367465220565233e-02,2.353233662531886150e-01,7.361298552024616582e-01,7.589281869279715931e-01,7.837798332944866386e-01,8.042887321780258780e-01,6.440726677346692020e-01,3.992976095947999848e-01,2.364227178067564161e-01,9.161405179487258632e-01,4.470694184875785848e-01,4.652890111648591009e-01,3.566969008544016440e-01,5.434321616448436476e-01,9.238284599887732762e-01,9.485518529396315124e-01,2.168365403818534598e-01,8.457709577520806654e-01,8.868770920410301573e-01,-1.976102257982025601e-01,6.348244364519336491e-01,4.109206118118728934e-01,7.233387150832261137e-01,2.271196194364583643e-01,7.426053187374175302e-01,5.829827333287210811e-01,6.760039746548922590e-01,7.421842224270895905e-01,9.162437595054060413e-01,6.569791442109451651e-01,4.668560426459524848e-01,7.887943356589752764e-01,8.123718443935284972e-01,6.596970570869036266e-01,7.821272855373211375e-01,4.645847236351823284e-01
7.598033120936733553e-01,6.921466968061701364e-01,0.000000000000000000e+00,8.751176326261079774e-01,8.052830679463474084e-01,7.956008728745500580e-01,9.507137197590737054e-01,7.769689838488116340e-01,5.219848676707348201e-01,6.684188070192315090e-01,6.898616285623995203e-01,9.215346577346459345e-01,2.635741149485326673e-01,7.094244025601991188e-01,7.403739966385073368e-01,8.886313997194718040e-01,9.259534142184392413e-01,6.925440203148706120e-01,7.497659313551023885e-01,7.475000427930706959e-01,6.492311160246216906e-01,7.970577038095529865e-01,5.341127225951627366e-01,7.295176480171030597e-01,7.478761666400357555e-01,2.124101557500028270e-01,9.283776342373875057e-01,6.154252131031361372e-01,3.797585525035893778e-02,5.408864116768367092e-01,3.013765560743706384e-01,4.627581506432135727e-01,9.059905195491690932e-01,8.473414758807349401e-01,8.542753483180691720e-01,3.399080019677892528e-01,2.383032212915899839e-01,4.909342862542344088e-01,7.174915083990185405e-01,8.030299986471152174e-01,4.037591261629481232e-01,3.982167771212659635e-01,5.076924743805315554e-01,7.772923604702491884e-01,8.658421114635963534e-01,7.857882221043923643e-01,9.212353800422331540e-01,8.286436433344738228e-01,9.276501541032056153e-01,3.658907347440908953e-01,4.980140959216217134e-01,8.906721068820444565e-01,3.126818698361606974e-01,4.869995605862112997e-01,6.858019125022430940e-01,4.979978813016421313e-01,8.405777601169974744e-01,7.241781486183024308e-01,4.764296505168313933e-01,3.962054924596603023e-01,4.927035100671008361e-01,9.477435281853896498e-01,1.910367009179787523e-01,6.821026565576064904e-01,6.509674010169050895e-01,4.161684932402708315e-01,7.762568781150469555e-01,3.891563668846151902e-01,6.827471469964749851e-01,6.073865888459383244e-01,4.193973611616454433e-01,4.883810202915533361e-01,1.359970617953833449e-01,4.055117493885111446e-01,8.992767033225309570e-01,2.661283126149102674e-01,8.088385383794755024e-01,8.767843292822993240e-01,4.634334886368240980e-01,2.113447521810011831e-01,8.898226081638705987e-01,9.641486672575492189e-01,7.951832616182908930e-01,1.175597442714433338e-01,8.292582959649718033e-01
8.630326720921778216e-01,7.305172272987892068e-01,8.751176326261079774e-01,0.000000000000000000e+00,9.695079529408026087e-01,9.767360730515722844e-01,6.059419187793141370e-01,9.818228137112470222e-01,6.757342346416794765e-01,6.212306307510274683e-01,7.049363482504673595e-01,5.112996498244435362e-01,5.554779842149575320e-01,8.532441410348593491e-01,3.081089918617223589e-01,8.553716528292493182e-01,7.258095951974286031e-01,7.555774118254805494e-01,6.484322339376304978e-01,6.917970371746599012e-01,7.674777956741956064e-01,8.789379032955912940e-01,6.477572353273907124e-01,5.804279254962914081e-01,4.287780966474303290e-01,7.964046098917407779e-01,8.209431899395971399e-01,6.141311577074355377e-01,5.935072101620174623e-01,5.023445503143020296e-01,3.871671887829920555e-01,3.267794078708907701e-01,9.199666945916035177e-01,7.472386525998307993e-01,6.903172648542069689e-01,2.933940335259271892e-01,4.289598259291957927e-01,4.599812660421567778e-01,2.506928576383859464e-01,7.947601565450964634e-01,-8.082642086587932262e-03,3.797084469257919759e-01,4.020101928875247088e-01,7.594586384722885608e-01,8.113890552374785070e-01,5.018510682426708946e-01,7.994525444473997711e-01,8.161376042830992272e-01,5.190793353284802736e-01,5.961076673141120219e-01,7.663386645344472115e-01,8.688987621412872508e-01,4.007523033077841634e-01,7.231867481925520202e-01,6.530002119474049849e-01,9.576878456704508435e-01,4.729616119404194685e-01,6.337153945637229446e-01,6.860275442710996874e-01,1.695202150215929515e-01,4.806886678449763250e-01,7.321809578317692857e-01,5.018440824162497815e-01,9.868967332345101040e-01,9.755946449128702902e-01,4.334723713936499134e-01,5.526972603259781014e-01,8.660002057467331982e-01,6.538028195802421116e-01,6.565736515517536231e-01,5.665215880490828138e-01,9.996528245131823809e-01,6.812094144665911122e-01,3.409201654975027029e-01,5.306589526675812296e-01,3.327077567534867386e-01,7.009903361383621467e-01,4.647753737132968022e-01,5.058096206250236593e-01,1.485985418018103410e-01,1.418782025864402940e-01,7.288333727423281783e-01,4.593506723118779833e-01,2.949111739121814679e-01,6.960625467404348843e-01
7.944042220292825141e-01,3.742989441502231895e-01,8.052830679463474084e-01,9.695079529408026087e-01,0.000000000000000000e+00,4.237142695767431855e-01,6.418238609592894495e-01,7.219810796026070454e-01,6.177034874300588729e-01,8.819949753500578860e-01,9.123197353871110860e-01,4.246484558933055764e-01,7.413289768218946918e-01,7.500245715389038947e-01,3.169096742172969883e-01,5.328084173739484619e-01,5.718736605809801032e-01,6.976214993827906108e-01,6.166542668101957503e-01,5.496586872687685421e-01,9.631109817274509100e-01,3.659967896724271030e-01,4.185883745182673032e-01,9.203868148812609506e-01,2.025587587954514324e-01,5.599903659265295097e-01,9.571738310385830006e-01,4.553479643401461829e-02,5.216436455337968292e-01,3.534753283340494878e-01,2.319890766157219342e-01,4.398712973614267163e-01,5.395838782885191698e-01,5.476528905755737586e-01,1.307803134545812151e-01,6.071348121646067408e-01,5.701597400859484965e-01,6.977131739915638509e-01,6.692733034522673208e-01,7.979451627619966736e-01,7.854314069483636640e-01,9.956017660275007231e-01,4.158113902267784323e-01,3.230238431365999308e-01,3.506247516302682388e-01,6.584255960776563832e-01,7.389389263711484412e-01,5.768735644138156538e-01,6.726279361700141513e-01,5.499547106053765955e-01,8.425326458367113913e-01,3.152556562453414091e-01,9.991188926094207723e-01,7.730699484263295895e-01,4.549883473991697680e-01,6.377048891981385026e-01,7.597359736224700288e-01,9.517446430188811757e-01,4.890426620548140590e-01,5.258149234244471337e-01,3.562515740227680805e-01,3.281174427225462820e-01,5.108776247180496499e-01,7.497793195420089374e-01,8.690336575431131250e-01,7.621363327894460360e-01,7.947531971911829807e-01,7.422445305260743087e-01,5.106462194875496241e-01,6.988895639671394155e-01,2.101344868993485215e-01,5.859220144649275319e-01,3.264166829769938327e-01,5.729304710193636740e-01,2.837213582855373506e-01,7.335112425035719141e-01,4.219793301642282279e-01,7.357285311945718220e-01,1.913847918448222107e-01,1.968762908118491806e-01,4.029814837345350176e-01,4.271841610421661661e-01,5.409765071904637512e-01,3.661916363569034383e-01,6.242257914592242996e-01
8.771038389616121478e-01,7.984231196183155799e-01,7.956008728745500580e-01,9.767360730515722844e-01,4.237142695767431855e-01,0.000000000000000000e+00,4.232841721163249638e-01,4.268292535545681332e-01,1.634826439602733161e-01,5.411398346367376488e-01,7.379861606688532527e-01,9.032616401879121071e-01,9.535799254867127761e-01,2.246758241236637421e-01,7.977032616065345971e-01,8.631057624093509961e-01,6.854327868295305715e-01,9.837834911218595879e-01,2.534563762206069049e-01,5.428296082990501370e-01,8.313201188913085238e-01,4.609463207437470289e-01,7.912038622971560020e-01,9.973641163817337230e-01,6.500104409419155127e-01,7.397958414317941100e-01,4.549723341472726168e-01,7.024510717274662364e-01,6.208721703660720070e-01,6.878222496589473378e-01,7.013345144731619740e-02,2.675799315394766231e-01,4.831525877020400594e-01,2.055794825805928594e-01,5.440293538558957920e-01,-6.466517258327378337e-02,5.336363088627726903e-01,4.790454252909409627e-01,8.854196062852407456e-01,9.247423991261275455e-01,6.865014118599653548e-02,6.219446604904993459e-01,6.431041842302210876e-01,8.520744714597996428e-01,6.059630154103249344e-01,7.076844405091138324e-01,6.701203386018355079e-01,6.351200343100305012e-01,5.501066895053193795e-01,4.748165976148734924e-01,3.797491546808415830e-01,6.216258927252467370e-02,4.640626872608213938e-01,-1.029343707169333572e-01,8.433866341699223224e-01,7.483017902142707900e-01,4.734741207763996651e-01,8.524584213271807487e-01,3.491993358792967461e-01,5.730339670252102557e-01,7.920379269287308732e-01,7.370144604298346502e-01,5.788222225185475356e-01,3.465689064039833012e-01,9.092273396098766725e-01,2.929817708613575711e-01,7.842801332526005975e-01,3.997930389753832081e-01,7.015493407673285553e-01,3.885095583901299054e-01,7.505425317363437765e-01,2.405897810965928474e-01,2.776301584852178816e-01,1.926267730435388681e-01,7.758071528961878460e-01,3.862996883777987112e-01,7.101589937806043196e-01,4.518589052030869690e-01,2.951990110642480070e-01,7.294200025577113333e-01,2.605984983629012208e-01,6.190268714565489994e-01,7.495399796745207954e-01,2.205316541941945152e-01,5.058535343446951549e-01
9.177708852957461305e-01,3.692234226444344736e-01,9.507137197590737054e-01,6.059419187793141370e-01,6.418238609592894495e-01,4.232841721163249638e-01,0.000000000000000000e+00,7.181973901604421506e-01,6.102191247327825030e-01,6.447189377134542321e-01,6.370750722387173992e-01,1.787748020854343020e-02,4.178604309543643147e-02,6.219329794313659399e-01,6.549689299486446403e-01,9.280516473191282589e-01,9.222372408148389322e-01,7.646632878212314965e-01,7.031277001832575424e-01,8.727299328764458464e-01,9.708068197971235769e-01,4.343490037339457488e-01,2.445084645685518532e-01,4.865716435938990947e-01,7.481972097242517439e-01,6.744366111051326440e-01,2.180279904480187936e-01,7.422632943279147133e-01,1.475078469606868059e-01,1.974489756692430764e-01,4.777527520899010893e-01,5.364226058886942816e-01,2.644583650149354703e-01,5.120546437155275576e-01,4.755557328553476348e-01,-1.023399650863796029e-01,4.804556492378400656e-01,3.488978302813776633e-01,8.730555867711122797e-01,5.592558823987378025e-01,3.326123480967181356e-01,2.899314912748591211e-01,6.981318051418943238e-01,9.907336565860600519e-01,6.041957887690796447e-01,7.928639472662841747e-01,6.754249229519835307e-01,5.929836412969651249e-01,5.477929888108143963e-01,6.762426438632143100e-01,2.736939293532599238e-01,3.555261502369391202e-01,6.279620029659647162e-01,4.644027760197046439e-01,5.488022352546311211e-01,4.820246114670019844e-01,4.494611625791785081e-01,6.386788306125363857e-01,6.540192208068339175e-02,3.360359035798834437e-01,7.821648381682917428e-01,3.973795595173779116e-01,3.151411310901715002e-01,9.400576056880445286e-01,9.293875655676799852e-01,6.749324211535866480e-01,4.259770497864371341e-01,4.126860411125311545e-01,2.096590675118935321e-01,5.986467762352489785e-01,6.859940307607027554e-01,2.650408074239469225e-01,3.512807524021595018e-01,5.468807286968583314e-01,4.587385682219033978e-01,2.276947688260635982e-01,9.758668898449900375e-01,5.865643364043024999e-01,5.753657058142945813e-01,4.792066828949484436e-01,7.500503626489090081e-01,4.981012597515590556e-01,5.611731488209059648e-01,2.201395679731090946e-02,5.939017460533249082e-01
8.858355199386841461e-01,4.929313123425431709e-01,7.769689838488116340e-01,9.818228137112470222e-01,7.219810796026070454e-01,4.268292535545681332e-01,7.181973901604421506e-01,0.000000000000000000e+00,7.266771678622830910e-01,6.990919231131710321e-01,7.850874440247226360e-01,6.566491787802596347e-01,6.492893335325836679e-01,6.156939192786191617e-01,2.538702712673054918e-01,5.594077780661982358e-01,3.343277209773858338e-01,2.783190923880820775e-02,6.892281730567790810e-01,8.172944069198331274e-01,1.847533055964676596e-01,4.745452754981207555e-01,5.380465400092067085e-01,6.356684478820517903e-01,7.207370966122785827e-01,3.852040137225249405e-01,2.894371456215047433e-01,4.199416726084902463e-01,5.899493753676485902e-02,3.917737209053463454e-01,3.736664388514705504e-01,4.465576418912521883e-01,7.588890751650234634e-01,4.660875022465041373e-01,6.882380013370529293e-01,1.171097564037606488e-02,8.150499260832411164e-02,1.712748431696424767e-01,6.420389268619739465e-01,2.127036402123267389e-01,1.578035577379352516e-01,7.935926195152532836e-01,9.105370296609425207e-01,4.413192227616094532e-01,9.159164481074210107e-01,5.175564798188974081e-01,3.101520057576168110e-01,8.769720537735182786e-01,6.215404941432871588e-01,7.738574335330310472e-01,3.986195520203502651e-01,6.189983007395981618e-01,6.258009008127979333e-01,3.087169587248128622e-02,8.471527123827212735e-01,4.129602872180700990e-01,7.367206597353224140e-01,7.126255295315550020e-01,9.218045299238235568e-01,7.251490107188155454e-01,4.642729746719573836e-01,6.621197623369405871e-01,7.602663020828681617e-01,6.018484120839309170e-01,6.377966020301385486e-01,6.508690671620629420e-01,4.346128930830107651e-01,9.918332070788422605e-01,4.954060855026069521e-01,2.540646478177495116e-01,7.761509428881109285e-01,2.931512892780699375e-01,2.517202259369889505e-01,6.857493345690328646e-01,6.018997112650850134e-01,4.272990838309920769e-01,8.965417694805767335e-01,2.040139273823789734e-01,3.806495169136034362e-01,4.521752401982015446e-02,5.198538929667666508e-01,9.600543255081733784e-01,6.655102183510268610e-01,4.999914319629319426e-01,2.490804347307073729e-01
5.837030390741658747e-01,5.649204728359455974e-01,5.219848676707348201e-01,6.757342346416794765e-01,6.177034874300588729e-01,1.634826439602733161e-01,6.102191247327825030e-01,7.266771678622830910e-01,0.000000000000000000e+00,4.505423794734672027e-01,7.776256348685720576e-01,6.404616309180215517e-01,8.178039714852638475e-01,8.208757891753416525e-01,4.000707837293384639e-01,5.041474700110929463e-01,5.395721666432444774e-01,7.879262482320701366e-01,7.875720557399764621e-01,9.917089008558857000e-01,6.985621774653011373e-01,-1.333839611101916844e-02,6.075158217339994282e-01,2.976476469094522237e-01,7.705628299231940259e-01,4.087164370549585257e-01,4.214460186402461672e-01,2.771268776315718441e-01,6.906904006333469681e-01,5.522185283778993092e-01,3.927151418567688679e-01,5.793323833157633107e-01,6.456740909724683064e-01,7.793510545220428964e-01,9.676315272300785031e-01,3.662227650649152455e-01,4.992185686353931007e-01,7.310819185192131142e-01,8.127104450783954048e-01,7.726430793193900248e-01,2.283994942779753456e-01,6.667870116026964888e-01,7.070030962581904665e-01,8.675840020761117488e-01,6.663840855674829644e-01,7.563112165848281387e-01,6.379202069039566769e-01,7.550844341154022699e-02,7.030736394269002654e-01,4.302215878178747288e-01,4.790772192678420804e-01,3.459313299949761111e-01,8.246436344471539392e-01,8.721174931189967783e-01,-1.154611663868604921e-01,8.234771360103236848e-01,4.090399659954027656e-01,9.650381413317876689e-01,6.329166380026002292e-01,5.737846143200088234e-01,3.037689555008725728e-01,3.298216686521697749e-01,2.896755388734538750e-01,8.730418536252959605e-01,6.486820926448506608e-01,4.315586870085352245e-01,4.322044193696236158e-01,8.961733564451237477e-01,7.490421798384970797e-01,3.379878784857508478e-01,6.263232442803796651e-01,5.820956608453559111e-01,3.475421857513417145e-01,2.309558209459581790e-01,6.479001947116132254e-02,5.327385630005739836e-01,7.751716318240693404e-01,7.691714967680976511e-02,2.960239626079276820e-01,3.756772658031651835e-01,7.643179862834679206e-01,6.402565882497071037e-01,5.434487563245826713e-01,6.642306184475805786e-01,7.233072034157019825e-01
9.868625224287660425e-01,7.952600853103661827e-01,6.684188070192315090e-01,6.212306307510274683e-01,8.819949753500578860e-01,5.411398346367376488e-01,6.447189377134542321e-01,6.990919231131710321e-01,4.505423794734672027e-01,0.000000000000000000e+00,2.955513350500160730e-01,7.128235407316371175e-01,6.851901688154193870e-01,4.175081293329053200e-01,7.406410426892380272e-01,2.321308821205223805e-01,6.490588728002915087e-01,6.984284195810328555e-01,4.821760097098365949e-01,2.726097636640005817e-01,4.552611716579530454e-01,7.763960061773171883e-01,6.637486705578247159e-01,3.391844106393754332e-01,7.783316468349998907e-01,4.015418125889627099e-01,2.382537902900112303e-01,6.196200337448641848e-01,3.223268713228986115e-01,4.996137349225927560e-01,1.254122932546251623e-01,6.309286900959981681e-01,8.750338206847320111e-01,6.754791416881030797e-01,7.744066181144808603e-01,-5.614639657783213056e-02,7.559064000317848586e-02,9.174671714055024907e-01,9.358505904140970166e-01,7.473423121046632867e-01,6.140413877237065332e-01,6.659001486840547823e-01,4.293958595962675817e-01,4.119209488493498772e-01,7.100044519390386055e-01,6.581091001032206567e-01,4.503448568471487001e-01,3.934220644899127373e-01,3.714571016108102475e-01,-3.775746043485126435e-01,8.869438143416017439e-01,3.525943480127421426e-01,5.558775600851714183e-01,6.214564606388185419e-01,2.305017791569684282e-01,6.596701522471427603e-01,4.944709257752165632e-01,8.008725552762990807e-01,2.830757719291901453e-01,7.686374002923723747e-01,5.901850940228932085e-01,2.314241684747021521e-01,7.128804975468447935e-01,6.102748309680443572e-01,7.760191830269409508e-01,7.617380292601054759e-01,6.366147456135636817e-01,7.664292621884144507e-01,3.810491486050364696e-01,7.430975313248643355e-01,6.739468403533481755e-01,5.324779765850167212e-01,5.675597704370675123e-01,4.500797903093419206e-01,1.738043818393118778e-01,7.655715301611673018e-01,6.468112198738223961e-01,1.397791986153072152e-01,3.445762698092319498e-01,5.601377360756996104e-01,4.147825112965387029e-01,3.404381148996136197e-01,9.966615829856850794e-01,5.648013683163898291e-01,3.823450304178241943e-01
7.876962333314569964e-01,7.417838744628632019e-01,6.898616285623995203e-01,7.049363482504673595e-01,9.123197353871110860e-01,7.379861606688532527e-01,6.370750722387173992e-01,7.850874440247226360e-01,7.776256348685720576e-01,2.955513350500160730e-01,0.000000000000000000e+00,3.615768527356141848e-01,8.165201459451401078e-01,6.413763551688963505e-01,6.751733241234860738e-01,9.579567098089513122e-01,6.961704117727800512e-01,6.461742455936410057e-01,6.777970850059918950e-01,5.705703210568540129e-01,6.768710347872635147e-01,7.407696843835224199e-01,8.389292288641199136e-01,7.915827551572766074e-01,4.237438796683269393e-01,7.578225799728751655e-01,6.092404070560945017e-01,7.932418319465128764e-01,3.491156399178502179e-01,1.781601137024927672e-01,3.036407275491366242e-01,5.911482108705752303e-01,9.270204635647174563e-01,6.553572839910487557e-01,7.783306589367843253e-01,3.870987798371038902e-01,2.266040725327354566e-01,5.047537871612574056e-01,9.063223004391585125e-01,8.283769415720565465e-01,4.899358692027294682e-01,5.020028085892966896e-01,7.734100208481403671e-01,4.788983169099951809e-01,8.980952506363887311e-01,7.971108885823268153e-01,9.076114178953935685e-01,7.497476877220887737e-01,6.428301885447449404e-01,5.335484484299199970e-01,4.081012949336272899e-01,6.729603883080895743e-01,4.028705362368891763e-01,5.310368756594283646e-01,3.778558060529007001e-01,7.260587547305098477e-01,7.161329258770902095e-01,5.822004905697291122e-01,4.421478515497951345e-01,4.693176341534936458e-01,5.123847649361994439e-01,6.476632708005092276e-01,6.671304324809170794e-01,6.154082006896255397e-01,7.417473265998825172e-01,3.691806612609540572e-01,2.800850868178076936e-01,6.084532543563645479e-01,6.466365765821882050e-01,8.631974712321917043e-01,4.391732058787377602e-01,6.731299094895827340e-01,-1.341516697980867368e-01,4.118354893219829949e-01,4.522314486512323817e-01,4.691833901009193619e-01,9.137466209001108286e-01,7.998643882519005377e-01,5.131301226163934026e-02,1.975155516069594386e-01,5.249343551640210936e-01,7.013035591748083553e-01,9.055152134096414729e-01,5.829664086697299297e-01,4.584749795072628475e-01
7.765872502340435135e-01,5.988432904276773661e-01,9.215346577346459345e-01,5.112996498244435362e-01,4.246484558933055764e-01,9.032616401879121071e-01,1.787748020854343020e-02,6.566491787802596347e-01,6.404616309180215517e-01,7.128235407316371175e-01,3.615768527356141848e-01,0.000000000000000000e+00,7.485553759363048343e-01,4.514103393880328774e-01,7.015750401237521583e-01,5.178715816241118430e-01,6.964410550239347186e-01,3.634032388957092463e-01,6.043247481905850149e-01,7.597944207723911214e-01,6.291833037845251386e-01,5.983257298815511938e-01,1.254797715057643925e-01,7.068307334938285225e-01,5.165629126764446077e-01,3.782011671295826272e-01,7.875906761021891356e-01,8.890955753504738990e-01,9.655781646489911552e-01,5.973127988086965878e-01,2.958461833157060572e-01,6.647091232032998898e-01,6.209374327615055922e-01,7.692126854791779822e-01,2.585992888496961295e-01,2.195771313571984462e-01,-1.781615582286321109e-01,9.687006624383190379e-02,4.957111644198420874e-01,8.665552185415229536e-01,7.519759833736534560e-01,6.549280627251896636e-01,6.834308306436890357e-01,7.888561554887562055e-01,9.062420776572929215e-01,8.791991408401390595e-01,7.917106940987417296e-01,7.369177326503282277e-01,5.690872264734960773e-01,7.260062419496866593e-01,4.896935450165486592e-01,6.611183793377223283e-01,5.469876846595065345e-01,7.433366534698212513e-01,9.424734219514598887e-01,5.176818931279503211e-01,4.432023318717547289e-01,6.469300827424492306e-01,6.650722270974988026e-01,5.152447999073321849e-01,4.548582538613050730e-01,5.460725958619935261e-01,5.773957659761768113e-01,6.558386440912120641e-01,9.476362031129396124e-01,6.619266674673031092e-01,7.568674967019234368e-02,7.973749459146881602e-01,-8.438876884518164978e-02,8.885592479090899110e-01,7.087901910998988253e-01,4.779890609459890305e-01,5.825053526367878209e-01,2.616687917150449794e-01,6.081282206881027941e-01,2.967903583262337941e-01,6.759076970337776213e-01,7.016553686077126040e-01,9.592829727000196094e-02,4.899181293341123289e-01,2.785033395472919504e-01,7.636167216304257099e-01,6.297172910393903367e-01,7.935976660234530522e-01,2.835471232805763520e-01
8.541466774941458562e-01,9.394081036630603787e-01,2.635741149485326673e-01,5.554779842149575320e-01,7.413289768218946918e-01,9.535799254867127761e-01,4.178604309543643147e-02,6.492893335325836679e-01,8.178039714852638475e-01,6.851901688154193870e-01,8.165201459451401078e-01,7.485553759363048343e-01,0.000000000000000000e+00,6.899488841772427605e-01,5.019813708871345703e-01,8.829078571286140820e-01,8.758744488933987160e-01,7.628261718584398166e-01,7.310072645472608377e-01,8.772156389694013567e-01,9.130018734532679980e-01,6.484158774597909014e-01,9.974237836011101699e-01,9.117662760788269871e-01,6.405880777625043709e-01,5.109772815359261422e-01,6.139198908764686990e-01,4.359714081487285342e-01,2.160943471809423366e-01,4.528551987322320116e-01,3.133641171033196837e-01,4.351713918406943660e-01,2.818087445514531608e-01,7.391054415637148267e-01,7.356598220421041168e-01,2.975061945037972833e-01,4.778783926291237938e-01,2.900705674363927566e-01,8.408912466310272116e-01,2.143698907493266914e-01,7.969968914112731673e-01,7.764079333488378420e-01,7.479687878565900450e-01,9.238421603319398878e-01,6.951518691837904607e-01,7.500048575260183370e-02,4.871643911777628344e-01,9.106291879365808750e-01,4.813851821628806205e-01,4.627274428897215075e-01,9.238352943182855936e-01,6.160047749367545400e-01,6.460245348010473787e-01,8.675009583430387528e-01,4.726586619260892963e-01,8.611124680263264608e-01,2.121841126964108537e-01,7.297026865150396668e-01,5.177696563688174436e-01,2.406838651511107874e-01,5.512424256977734860e-01,6.474831500376589943e-01,8.883375414845927631e-01,7.725859297500198286e-01,3.527371165125019470e-01,7.539514902885986469e-01,6.395535180598335145e-01,6.139021473630972281e-01,7.742699418097074293e-01,3.755926669722606803e-01,6.103391544570252458e-01,7.465107612454020547e-01,6.061873491273910286e-01,2.270576120233540607e-01,2.888099436656889063e-01,6.985859141001338202e-01,9.612192492647345099e-02,7.356310298280961391e-01,6.219274733004354072e-01,1.060749837142344332e-01,7.666817546911680603e-01,2.006533811625371422e-01,7.202031496798355636e-01,1.960143549575265043e-01,5.113041002278945202e-01
3.639935845981789875e-01,6.886545514437181215e-01,7.094244025601991188e-01,8.532441410348593491e-01,7.500245715389038947e-01,2.246758241236637421e-01,6.219329794313659399e-01,6.156939192786191617e-01,8.208757891753416525e-01,4.175081293329053200e-01,6.413763551688963505e-01,4.514103393880328774e-01,6.899488841772427605e-01,0.000000000000000000e+00,7.296902106012710387e-01,7.612642119523320705e-01,6.974696986009288890e-01,7.012948543588836126e-01,4.201919265530785208e-01,8.684740273146623890e-01,7.346993430950297110e-01,7.902829886656173031e-01,6.901829279968315634e-01,3.348655753753676523e-01,5.500801077097574598e-01,7.727988104159698723e-01,6.388400466628132435e-01,4.158774549555488420e-01,1.727563788486843541e-02,4.933809112939380181e-01,2.887881888627938931e-01,-1.470337189380525600e-01,6.294237460130968076e-01,6.650816146758752323e-01,8.854923794194815567e-01,3.660934129530954984e-01,9.527712942858140854e-02,4.894556978621208976e-01,6.176044900711836760e-01,9.804077474484322874e-01,5.345326786041126876e-01,7.285819704956005838e-01,6.270233379812959473e-01,7.487613989845492979e-01,6.398479111778525574e-01,6.717009333983204877e-01,7.420848147224174962e-01,3.332004314820467550e-01,7.842551281866869672e-01,6.418386659764471203e-01,4.106181887545355402e-01,4.801064772640638023e-01,7.097493503238556656e-01,8.978495396590429056e-01,2.445188745435786237e-01,5.389893267982879266e-01,2.603749941098276732e-01,8.311139544721955763e-02,6.893593462467327848e-01,5.830646177977354405e-01,3.031737526696077004e-03,2.239149679820564565e-01,6.830568777972846339e-01,1.048164444031655790e-01,8.301895568857662333e-01,6.851910759627932723e-01,8.083439981845579325e-01,9.961293343808652612e-01,5.884508120982349100e-01,6.301214562654903206e-01,4.256582067784909218e-01,8.518741513635463836e-01,6.337663845341098279e-01,4.237477700969879413e-01,2.752996808928876993e-01,5.729930454151175301e-01,6.921548830771058203e-01,5.732390862174074897e-01,3.174873075492509189e-01,6.109963746359872161e-01,7.097394150908465926e-01,6.946112005996668559e-01,9.509933978298561463e-01,5.825687842450182341e-01,8.046356878512800348e-01
5.772225509993933468e-01,3.330082177355729867e-01,7.403739966385073368e-01,3.081089918617223589e-01,3.169096742172969883e-01,7.977032616065345971e-01,6.549689299486446403e-01,2.538702712673054918e-01,4.000707837293384639e-01,7.406410426892380272e-01,6.751733241234860738e-01,7.015750401237521583e-01,5.019813708871345703e-01,7.296902106012710387e-01,0.000000000000000000e+00,5.419373682873184217e-01,7.417995209258191336e-01,4.138910504989510297e-01,7.514902340235097844e-01,8.387994308179044234e-01,5.887332848314403844e-01,6.260549815996617751e-01,5.018438792433427276e-01,4.078992736040040201e-01,3.210005636399997364e-01,1.167630579463477813e-01,9.027490350776231631e-01,4.011070787852374364e-01,4.837176751340957481e-02,6.086161308482960219e-01,4.392379112732094359e-01,3.820526139049586489e-01,6.279026253022818027e-01,6.775282250325008748e-01,9.370842547799773659e-02,4.025276279157041781e-01,1.327073524337884225e-01,4.708899670802152437e-01,4.480787496015573024e-01,4.225245557081818149e-01,4.772028059635597952e-01,6.772170807223798494e-01,8.554791823834301256e-01,4.491751706361756247e-01,8.104763096845586379e-01,9.954009018182776725e-01,7.424048669403338074e-01,1.303228303751284567e-01,4.740084386186955712e-01,2.489321552852088448e-01,6.715632813541914103e-01,5.041312457410231929e-01,8.132008596225496211e-01,5.784665354918092639e-01,3.933003523719511008e-01,7.309348493990343032e-01,4.311179823063217009e-01,3.180005323376475235e-01,7.052613323499480336e-01,4.104641224069783823e-01,5.498529849484734555e-01,4.688062235744486772e-01,7.187026669568770121e-01,6.831529385013450639e-01,4.125052604575642490e-01,6.524439393618345351e-01,4.718861400462547873e-01,7.344165501869760471e-01,7.258050122628145751e-03,2.376436398713701048e-01,8.032682504371612131e-01,4.300628214972841978e-01,5.009156286483714693e-01,4.752579262570959528e-01,4.930054014716993560e-01,5.581420072935423526e-01,6.326433077993607323e-01,4.768987736504551322e-02,7.315428266923108547e-01,3.691983698307990114e-01,4.525208591565360039e-01,9.618197993285356739e-01,6.242499917031357759e-01,7.007427050098504751e-01,7.229981336648194645e-01
6.320175247166596177e-01,5.716709166231437322e-01,8.886313997194718040e-01,8.553716528292493182e-01,5.328084173739484619e-01,8.631057624093509961e-01,9.280516473191282589e-01,5.594077780661982358e-01,5.041474700110929463e-01,2.321308821205223805e-01,9.579567098089513122e-01,5.178715816241118430e-01,8.829078571286140820e-01,7.612642119523320705e-01,5.419373682873184217e-01,0.000000000000000000e+00,5.706800755568960382e-01,8.653604023092527353e-02,3.075871628369395427e-01,8.504730709890052642e-01,8.879097720883374345e-01,2.695812370825809712e-01,8.406152906203014918e-01,9.044311757811897001e-01,4.393359513436705388e-01,1.444444947307563926e-02,6.670371194121891278e-01,6.011629626475448740e-01,5.961732706093713086e-01,4.611880405862512911e-01,1.404755091370595357e-02,7.785671977431827262e-01,7.913542745848288762e-01,8.008599065310300080e-01,5.493525508275407532e-01,5.297239830962707785e-01,1.545570434119614700e-01,2.463119964350542479e-01,6.827541045547792509e-01,5.212295912632231021e-01,6.302316838249426567e-01,7.992529023839434199e-01,9.443089967515878591e-01,9.826812067380452653e-01,8.786163010555847475e-01,8.178680613301086977e-01,2.826131463131867361e-01,3.925823993859478382e-03,2.009789444267823799e-01,4.353094409013568145e-01,5.852149631663797757e-01,4.417612009581912136e-01,9.497209756891842325e-01,3.577151350384453199e-01,9.945059870053343243e-01,5.403747499446077684e-01,2.314066806277323141e-01,6.623500900710124206e-01,7.161626670477521106e-01,5.496077014409602723e-01,4.347189405626297187e-01,3.384630202140616051e-01,8.452643790756179110e-01,6.545182002852033554e-01,6.914194470638862500e-01,3.646115904654417816e-01,8.715855739684087444e-01,2.796884822359632095e-01,8.603993509230554171e-01,2.296213485951749678e-01,4.282725634778907220e-01,4.659164116662404265e-01,3.336399275662125241e-01,1.462267556773979849e-01,4.497457480545640762e-01,3.117345065188142916e-01,6.642941600067110430e-01,3.009523302660052080e-01,5.098377175925470350e-01,2.849564481473952915e-01,7.455751243513307758e-01,6.902225596380323625e-01,5.979686016774559132e-01,7.729232375506291941e-01,6.076154435316160063e-01
8.168588195621105941e-01,6.047700935958986168e-01,9.259534142184392413e-01,7.258095951974286031e-01,5.718736605809801032e-01,6.854327868295305715e-01,9.222372408148389322e-01,3.343277209773858338e-01,5.395721666432444774e-01,6.490588728002915087e-01,6.961704117727800512e-01,6.964410550239347186e-01,8.758744488933987160e-01,6.974696986009288890e-01,7.417995209258191336e-01,5.706800755568960382e-01,0.000000000000000000e+00,4.880157119319366021e-01,7.706610518303997903e-01,4.929943879243648408e-01,8.216242742984168901e-01,6.679326441684458882e-01,4.675572191918548892e-01,7.443205944525582707e-01,6.291807183825574024e-01,8.551980803421147526e-01,7.487010954145157937e-01,9.529602394809205679e-01,5.232199091857092643e-01,3.531161488677087568e-01,4.417060551834026683e-01,3.637485751581603366e-01,2.045629722381195337e-01,7.454602272554740061e-01,5.682608641906056191e-01,5.095235564615153701e-01,2.474338178293072066e-01,6.845522482134522857e-01,9.407414313462461042e-01,7.030005238876286811e-01,7.234654366195616415e-01,3.872641887292220808e-01,9.268358960177202066e-01,8.767583308955700927e-02,6.738435744960727947e-01,8.361105544132839684e-01,7.230740751524311616e-01,-1.069744737641493137e-01,6.763078718280813861e-01,7.269805952930317172e-01,6.030988372186236735e-01,2.281780518705021632e-01,6.928381931071327937e-01,3.931515023958678245e-01,3.076838687626536895e-01,7.125265547165873237e-01,5.835865731675561330e-01,8.465689326574071805e-01,7.340875776832576083e-01,7.218223121841778056e-01,5.622260052413291520e-01,4.846210720087554269e-01,5.331539241688207920e-01,8.441022583380172195e-01,5.451166587865821089e-01,8.971570518746379008e-01,6.959749395445004039e-01,7.385222185016609986e-01,7.205005764115633982e-01,8.138622725725201956e-01,4.257461775772580087e-02,4.392613662282414122e-01,1.874937774221386855e-01,2.334270513337023956e-01,1.762245629622484766e-01,7.171121636335789917e-01,7.264909552664043924e-01,8.861622666650239566e-01,7.251042535392187016e-01,-1.768946796264656562e-01,2.424295034977566876e-01,5.822514499849344993e-01,5.016337958178624934e-01,2.106170061722925646e-01,6.207945772214096269e-01
1.686556434993968512e-01,5.489238664000930523e-01,6.925440203148706120e-01,7.555774118254805494e-01,6.976214993827906108e-01,9.837834911218595879e-01,7.646632878212314965e-01,2.783190923880820775e-02,7.879262482320701366e-01,6.984284195810328555e-01,6.461742455936410057e-01,3.634032388957092463e-01,7.628261718584398166e-01,7.012948543588836126e-01,4.138910504989510297e-01,8.653604023092527353e-02,4.880157119319366021e-01,0.000000000000000000e+00,2.164224734784976067e-01,4.412157783293249036e-01,8.352271333113449048e-01,7.468961110473298914e-01,5.158579048628282315e-01,9.330934396748604698e-01,6.185202752001519588e-01,8.518079221875112239e-01,4.342434081496908127e-01,9.105720542803330542e-01,1.498809227172976100e-01,3.801754948227861197e-01,1.223705798162912362e-01,5.956993040351350466e-01,5.186765408320423987e-01,6.279042194852229031e-01,7.667621571184495277e-01,5.324477459521150813e-01,3.898275171020399998e-01,5.465864962188187182e-01,8.158470572445672975e-01,7.170708401407922539e-01,2.563950828498473447e-04,7.457336566372604336e-01,8.293098052213120353e-01,-1.860970624547911845e-01,6.185948614498025799e-01,6.345301790641444395e-01,5.799752216827935847e-01,4.808956084785646068e-01,9.896644459990390219e-01,6.417021256312014366e-01,3.746442138253779364e-01,7.443072717307752661e-01,6.702620379177665066e-01,6.064118804833122933e-01,4.397616392558194032e-01,5.430782846229592620e-01,6.117024078353014982e-01,2.829921267775025728e-01,5.652204999339427438e-01,4.289232763765744583e-01,4.176091860631295782e-01,5.390445014277831515e-01,4.793480586004459365e-01,4.410427788611531175e-01,8.361443413477476216e-01,7.666611224213799591e-01,4.052487372284670486e-01,7.217099339572049521e-01,6.582284842289087834e-01,4.603165609865094154e-01,6.451479019643849844e-01,5.250486580040756301e-01,5.244840391046199368e-01,2.738170080048759059e-01,3.761779310757360495e-01,6.718118997080506638e-01,5.245951731906055571e-01,6.111025255141329104e-01,2.901661418158056893e-01,2.897969812127629829e-01,5.278885450225159204e-01,4.820074892779713238e-01,6.249542135115587760e-01,6.802959155764534693e-02,4.248973140495376777e-01
