0.000000000000000000e+00,5.362838851003529639e-01,7.367295797516626443e-01,7.605643025900796772e-01,7.766258395216748545e-01,9.906251842486051284e-01,6.682101435307583603e-01,6.970168381651895562e-01,8.716260374200189565e-02,8.451600911959886719e-01,6.871719529598477871e-01,5.061846105029964571e-01,6.617292845280352553e-01,6.365520798710522232e-01,1.814321703369029537e-01,6.005922076608802840e-01,7.061770222625469717e-01,8.306067387819510150e-01,9.976564325568686442e-01,6.752562362494413106e-01,6.137251971029644704e-01,4.535828572839329942e-01,6.661592019868357584e-01,8.779949280265294531e-01,6.461584759777200260e-01,9.027043408357702248e-01,4.585212173564474081e-01,3.643865330268450387e-01,5.038497821671954480e-01,4.561710821767642754e-01,4.256172688469338494e-01,5.055007744217576704e-01,6.422879196007383884e-01,9.960544782447089407e-01,8.464368669615213170e-01,1.177952586421338599e-01,2.852248842362282710e-01,8.422221080683488514e-01,8.217578564795083862e-01,2.402574482254333232e-01,7.466842800372548439e-01,9.113375039215051432e-01,9.187384515361952664e-01,6.965296907214320044e-01,2.710636147597116907e-01,8.772815804003601947e-01,6.741548499503060565e-01,6.292570850957374118e-01,7.994588024978470653e-01,7.713010673244977689e-01,6.093128305139113854e-01,7.315754060487097421e-01,7.468572970062609118e-01,6.467570779772708889e-01,4.606437133608811685e-01,5.426945815263677364e-01,9.212213052321838180e-01,5.777977889189593874e-01,2.168691647157291735e-01,7.935746835608823435e-01,4.503835141018141530e-01,8.479766583021745019e-01,4.159696029630949310e-01,9.652448898611261097e-01,6.858242827936796848e-01,-1.784622477668677543e-01,8.567919490577816655e-01,2.152364639450294326e-01,7.726684957367336848e-01,8.448483172782783601e-01,7.267216834452359109e-01,8.066110193021671648e-01,7.731853240945179007e-01,-1.685023780185615494e-01,5.030458119382842375e-01,3.022548651979680701e-01,8.550297505247231866e-01,3.103500937899791867e-01,2.452509163491325417e-01,4.623642210219658377e-01,4.272740530929402536e-01,7.024991827908649844e-01,5.307682633221809665e-01,2.139333739169250737e-01,9.462546245013494506e-01
5.362838851003529639e-01,0.000000000000000000e+00,7.215241606324720447e-01,6.127408135712943960e-01,6.324832382918205154e-01,4.528512014366352090e-01,2.764378446558006797e-01,9.119603008925399878e-01,7.178666555143238259e-01,7.680706647207906634e-01,6.939801128667715258e-01,8.571612746080357059e-01,3.528375836085016481e-01,5.876146259174147568e-01,2.176467484354493720e-01,2.466035232755406648e-01,8.696511032901979021e-01,7.019061451664073692e-01,6.589426095405381822e-01,5.711302696599913631e-01,7.938705873944733593e-01,5.537476009685172729e-01,9.103791198103106108e-01,6.669149615332787828e-01,7.818464854400624109e-01,8.398286287836469466e-01,6.609383259052927784e-01,6.435821615016659170e-01,6.885126825187877497e-02,5.052572276080049551e-01,5.956583695511621368e-01,7.864013962987167483e-01,8.520391922096509640e-01,3.105121000875715742e-01,7.159264540126301091e-01,3.867051949062372262e-01,2.085619778536881852e-01,6.399957564138846200e-01,4.518241039043102147e-01,5.415128653624760036e-01,6.106984826482820816e-01,9.387815377103049183e-03,6.987858304163722112e-01,8.771739376561151769e-01,6.578366217681715922e-01,8.740958374325252800e-01,9.039227423600612044e-01,9.812299794428867017e-01,6.217061593516126639e-01,6.579309882846481328e-01,3.953641621571027942e-01,2.137729151431696228e-01,2.434400023197604290e-01,7.210925190444028576e-01,2.138408887458799201e-01,1.168707447380721853e-01,5.787908776290611179e-01,2.346875539884833162e-01,7.263547056879454678e-01,4.862132912681871311e-01,5.930992457415069641e-01,6.791657362609564430e-01,7.697515566004110577e-01,4.671080843035128605e-01,9.880273287760883427e-01,7.528364933070209597e-01,3.482862510682831481e-01,9.281209255353549681e-01,4.855692477459206957e-01,7.332263232539116826e-01,3.631496045180084842e-01,5.744881315859887705e-01,4.994247463818617810e-02,4.114520941116586727e-01,3.991746673418287150e-01,8.193373798339421699e-01,6.938894590396323947e-01,-9.558904231830134268e-02,5.619668479532446970e-01,1.955249294545421679e-01,3.038764386841895093e-01,-4.584205322760631640e-02,5.984411497614174902e-01,4.297820556740638009e-01,9.712731871383862847e-01
7.367295797516626443e-01,7.215241606324720447e-01,0.000000000000000000e+00,9.839215515267781820e-01,7.778379573447312678e-01,6.333147588864171951e-01,6.999873766182977963e-01,7.889432057075725924e-01,8.077352124906543862e-01,9.553285148600915155e-01,6.043526929717753238e-02,4.443162716247501254e-01,8.739012962309973265e-01,7.978245274920093832e-01,7.484930188521463634e-01,9.258033056767621671e-01,7.726249083821292718e-01,8.780492641662047681e-01,8.543916097279329325e-01,6.247787642929373275e-01,8.509059696362313296e-01,8.049881613597869023e-01,8.833214486384000086e-01,8.822287227385149366e-01,6.760979652886576208e-01,8.942773450465061336e-01,5.784730507130538824e-01,8.813059955717155169e-01,1.932066405175546786e-01,2.158064838294574961e-01,5.853378250013181461e-01,9.611016721824842124e-01,8.544382951463415088e-01,6.413766573445062180e-01,4.381635264022119003e-01,3.095604374508716949e-01,2.326944390126255424e-01,4.905043929008849335e-01,8.595892047137886349e-01,7.611268299689397665e-01,5.974178352018615357e-01,7.863692997485265401e-01,7.407106927527792317e-01,9.999816576328091067e-01,2.017802169122840383e-01,7.495955088934940225e-01,8.540677978846057394e-01,-7.468795636228053869e-02,9.093354437301125470e-01,8.573727495854781555e-01,9.045629809242293762e-01,6.836237514555054684e-01,9.202683546575048945e-01,4.348180780565427117e-01,7.678721215744670481e-01,7.178016604449961591e-01,6.428059801278689367e-01,3.870010543290237637e-01,9.737601349394801042e-01,-1.639858247909178890e-01,5.969174944631745472e-01,-7.569148634970840339e-02,2.688090010043205913e-01,4.245354432190964200e-01,6.607479235050500721e-01,9.746798067930391163e-01,6.063677401349916174e-01,7.204989999825096580e-01,4.911013903514271361e-01,4.862064267138141438e-01,9.834226033362416519e-01,5.265065765542342735e-01,-7.402075569608926320e-02,2.507960681473550557e-01,8.785825626864087745e-01,7.132486087602998293e-01,6.006447025164268760e-01,6.876862565194207244e-01,3.216301763995835783e-01,3.558982531140832961e-01,7.199689549548451417e-01,4.250545311880147281e-01,9.331283859254352331e-01,9.185190972836054790e-01,7.121672208464572273e-01
7.605643025900796772e-01,6.127408135712943960e-01,9.839215515267781820e-01,0.000000000000000000e+00,3.865873779998239140e-02,8.809877617790001780e-01,6.680975990862820790e-01,5.172113818112140660e-01,9.523261809920141596e-01,2.509193505832882920e-01,8.784679979593670307e-01,9.409099795240789543e-01,6.829005535368505297e-01,5.286131643704616856e-03,7.479680748790210609e-01,8.692456544271951469e-01,7.263039866108960130e-01,2.428047693940973417e-01,1.210569816782539471e-01,9.462604220269476007e-01,7.129467263566650059e-01,6.911926445551161979e-01,6.602691590626585949e-01,6.127399162285941392e-01,5.166590212314241537e-01,6.029464928831638343e-02,4.999025526165418176e-01,3.434084252939898496e-01,2.716614632814692287e-01,2.742862972721862302e-01,3.652137368032405407e-01,2.079305505683170519e-01,7.564642354736309526e-01,6.950300106678835022e-01,5.660952580428449954e-01,1.308638504528514823e-01,3.676262632980675793e-01,4.398178117421414068e-01,6.319848229194483524e-01,8.012522148460511362e-01,5.612057867765829489e-01,9.415225745287499892e-01,6.538130565233044589e-01,2.633011702342792915e-01,4.966320010473460056e-01,6.208612950364498229e-01,7.162706398100028293e-01,8.899278704279905972e-01,4.471923680230298070e-01,6.401654923383659490e-01,7.562886086654059259e-01,6.191733121692400976e-01,7.587468333337361592e-01,3.124618071572066169e-01,7.869988912435711415e-01,9.862853797682734625e-01,7.629336122507655027e-01,4.017033173180432071e-01,7.086618675601054074e-01,4.125036973255810091e-01,5.894551377157798422e-01,7.016169222273964667e-01,4.609209233254075722e-01,6.603734261368613412e-01,5.271218294728619025e-01,5.723429556490240433e-01,9.175019164507635105e-01,6.553072947537704751e-01,5.296582234539815026e-01,6.315443665866468104e-01,4.800500537990825545e-01,7.267156939731546084e-01,6.165273363780972016e-01,3.641258817886277033e-01,7.986538770344790983e-01,6.441237180682810592e-01,9.283798934148996818e-01,3.169843990781371357e-01,6.987304947896422203e-01,-8.683153429330522921e-02,5.147471353406996020e-01,8.918064370101393967e-01,4.313861108478999062e-01,1.922012157007044753e-01,8.408382369614234575e-01
7.766258395216748545e-01,6.324832382918205154e-01,7.778379573447312678e-01,3.865873779998239140e-02,0.000000000000000000e+00,7.035747665278684337e-01,5.561312975687277005e-01,6.867791741939827110e-01,7.668372212255955001e-01,5.270548812063247102e-01,2.711273954944686815e-01,6.420928508486266617e-01,7.958454555589491441e-01,8.633218409918942404e-01,5.540044739052803202e-02,8.590445727958526678e-01,5.022529638246981953e-01,3.886597555644331625e-01,6.039217508637418907e-01,8.447393325879899439e-01,4.127479161659101115e-01,2.579995847707962087e-01,6.317894258951944897e-01,6.000157413131212980e-01,1.524154268824759739e-01,1.581537551605103342e-01,7.517413902706795437e-01,5.295235475715868168e-01,4.588268631703121270e-01,9.189469445096548617e-02,-9.645301199469304143e-02,4.776556625037193249e-01,9.940165958248836642e-01,8.420645243783326794e-01,4.657025095960850569e-01,7.158701807175870124e-01,5.360120431681094644e-01,3.063526091541562413e-01,5.476304585445108675e-01,5.146769100923029860e-01,9.494931701150735037e-01,6.275166677762077372e-01,4.488626658793365420e-01,4.462742765591850569e-01,6.385205996521250427e-01,6.803569068336040582e-01,5.558842892038018402e-01,8.490070104370450732e-01,3.051253902312936472e-01,4.757931839877419522e-01,9.853449144901447188e-01,7.843487443789428637e-01,7.969245774185164111e-01,8.528442357168997123e-01,9.287332810372986858e-01,9.564029163595201277e-01,5.533206750894094084e-01,8.048808878845388204e-01,7.380855314002449097e-01,4.895448353078382664e-01,5.636065113173150953e-01,4.336947391059975399e-01,2.782000488872295452e-01,7.462467466202041821e-01,9.554054708806820617e-01,6.543423155101864008e-01,6.128102206025018983e-01,5.846315214825370532e-01,6.742595970717673026e-01,6.378023526233898011e-01,7.473263715162776766e-01,8.823806788993087125e-01,8.115764297959210394e-02,5.021734083573972107e-01,3.142619423008783386e-01,4.083819125162437835e-01,6.292868476652659915e-01,2.054193796071310252e-01,3.539041670374800108e-01,5.239601480628047758e-01,4.065861338955177318e-01,9.311722272555295055e-01,8.496318936543151290e-01,6.294192434189269658e-01,3.308476979437553478e-01
9.906251842486051284e-01,4.528512014366352090e-01,6.333147588864171951e-01,8.809877617790001780e-01,7.035747665278684337e-01,0.000000000000000000e+00,7.169759777600880346e-01,5.520736099343788172e-01,4.013615934835759180e-01,4.639493870938387610e-01,6.497806220119740628e-01,6.979658341175084546e-01,8.748024443552298024e-01,8.179049101900586205e-01,5.188126508352446375e-01,5.255951370375095966e-01,9.374141435350656915e-01,6.945642094835479119e-01,9.078155816688009416e-01,1.250008240509696833e-01,8.312375057179028914e-01,1.555540129605098576e-01,3.303114337545327572e-01,8.570518932865095474e-01,6.757866451341760783e-01,3.234602260721486378e-01,6.695580749583694979e-01,4.425165131922990658e-01,5.219996749407991299e-01,3.658243594715991365e-01,3.992838191903471667e-01,5.279755737287704642e-01,7.941221991729836560e-01,4.863965611735324157e-01,5.741579288795584102e-01,4.394106612379674037e-01,3.638302602033444133e-01,5.640419203828321848e-01,7.708369016254272843e-01,5.152066964994940212e-01,5.432080667302611188e-01,3.555652532526428766e-01,8.568986434476505432e-01,6.120918758076765442e-01,8.699539322337432878e-01,4.032484647160406999e-01,6.016520311226971618e-01,3.345968692241616527e-01,7.227439058042429698e-01,3.739506477678544716e-01,4.559472431606501064e-01,6.024047944072408178e-01,4.799958287460573958e-01,2.808000150328339162e-01,5.107219980039248153e-01,4.397896904240439220e-01,4.157867698995102446e-01,9.471535285459161679e-01,6.007323119790665134e-01,2.380858448025945096e-01,3.088459648662676416e-01,-3.593247175491975365e-01,4.309068166020466051e-01,5.183135484527823245e-01,5.436898830215541878e-01,5.649000893814575264e-01,3.009621833343787967e-01,6.864113276398631225e-01,4.920664320181782347e-01,2.308915455441506170e-01,6.740532002018769786e-01,9.025422597551586712e-01,3.587145793325443588e-01,7.666451952936832737e-02,7.324154080570172143e-01,9.494324987330189369e-01,5.173600027135794033e-01,5.614523905728365794e-01,3.158788546432836908e-01,2.958566505644295852e-02,6.688115313382780869e-01,3.139504652865403589e-01,8.915355696423240550e-01,4.017062504896741215e-01,7.737638156361099639e-01
6.682101435307583603e-01,2.764378446558006797e-01,6.999873766182977963e-01,6.680975990862820790e-01,5.561312975687277005e-01,7.169759777600880346e-01,0.000000000000000000e+00,8.054421434769314381e-01,2.694007057074324640e-01,3.781316647884884752e-01,5.044028541785897657e-01,6.100351329752565777e-01,8.422642958701183069e-01,3.757819606649552835e-01,5.357229928139595199e-01,6.072928173786971140e-01,9.824186154139296079e-01,3.019834185989792030e-01,2.011470366068009441e-01,6.259636910234525065e-01,7.188931352889560422e-01,2.973592066929474087e-01,5.664469027230503162e-01,7.502040550177948575e-01,7.239687819419167170e-01,6.099450523572761407e-01,4.167503637154684193e-01,5.361955554889408226e-01,5.963177608186248646e-01,4.520937338282576823e-01,3.496164004306593354e-01,5.551091113483319628e-01,5.159314713067167379e-02,7.279195049385317473e-01,2.798463917606212048e-01,7.508732664800773504e-01,4.634975170448852322e-01,7.455535079387165531e-01,6.976263921136744983e-01,5.349725846523175621e-01,4.370408562159435184e-01,5.005623783390735770e-01,5.104523499456072866e-01,7.305814986210618089e-01,4.672227034146183011e-01,6.776176973547753946e-01,4.234273672993017490e-01,5.954685371535184402e-01,8.088797147547555078e-02,6.703039300654225485e-01,4.516924093621064173e-01,4.171511151408175966e-01,6.123187609340395854e-01,5.622296784915844503e-01,1.973976985269568218e-01,6.095591369162931539e-01,4.205859665866394925e-01,5.454282219436167312e-01,9.287895459066808357e-01,1.589781531098920508e-01,5.309851908759104511e-01,4.549234240485801051e-01,2.294795217899442130e-01,6.424223120826247913e-01,8.614957704798561489e-01,4.108202889376574851e-01,7.880781335055113690e-01,6.991825504033891692e-01,1.519533772325691867e-01,4.702383751926917377e-01,3.602946972258657121e-01,5.329595407689208253e-01,2.105458933503115970e-01,5.404052149215925471e-01,4.245321045103065960e-01,2.758386673864912098e-01,8.840715717035839694e-01,3.992592337877552966e-01,5.329269320882725758e-01,2.180660479689375542e-01,9.286267861601996132e-02,8.497982706278521814e-01,4.328886639491792421e-01,4.156190194192532772e-01,7.999544556234290393e-01
6.970168381651895562e-01,9.119603008925399878e-01,7.889432057075725924e-01,5.172113818112140660e-01,6.867791741939827110e-01,5.520736099343788172e-01,8.054421434769314381e-01,0.000000000000000000e+00,7.615043619168335720e-01,7.111707166348950615e-01,3.081135805124367022e-01,2.414293734192494156e-01,6.100015429915417453e-01,7.219302467661905531e-01,5.983878013270884644e-01,9.996215126335532553e-01,5.064659107350845124e-01,6.300183877753769979e-01,4.740591971664092075e-01,6.026172151866493465e-01,6.761217628532761870e-01,6.891414432060348760e-01,7.801877414100101271e-01,6.051264441791305293e-01,7.540392246156499834e-01,7.361199265240482292e-01,4.122996573117775898e-01,5.932142183203718000e-01,7.178780254098876545e-01,1.802392622898387961e-02,2.127786443015802498e-01,3.577829287870705754e-01,5.459766634875033997e-01,6.641644996169457915e-01,6.508272806671460131e-01,6.777919283379754134e-01,2.468258778030389955e-01,7.534558502194762530e-01,8.483974891817787078e-01,2.968469832449910362e-01,4.552849315929305418e-01,4.721344712465660454e-01,3.690761466426735193e-01,1.314222647733836180e-01,8.459322684601273679e-01,4.251031301510148075e-01,3.046290862453400750e-01,5.133879076998943969e-01,9.400122764800195041e-01,5.852413761876640308e-01,4.376819104067864452e-01,7.401072587135085756e-01,2.838420331506480432e-01,2.936405586260271150e-01,8.799356934649624762e-01,2.186710928033945567e-01,2.941259523198546666e-01,4.033104020200649620e-01,4.421129220945507199e-01,-9.862449863494519853e-02,7.545834008998987263e-01,5.531171853526797300e-01,6.308142483526609778e-01,6.439789389353357540e-01,6.738303961134977094e-01,1.111889224078203287e-01,4.968138943428605514e-01,6.836073798563804260e-01,7.372071275330495110e-01,6.631775612488650662e-01,5.831048267360361415e-01,7.381576518828438793e-01,3.111350071313100929e-01,5.708036629748103330e-01,6.541212413781033463e-01,6.535267210598278975e-01,7.770941495330301318e-01,8.231030157568115513e-01,2.640080001756851535e-01,2.851434527205367053e-01,6.988266619875922459e-01,5.406605230970920051e-01,6.359308692440994726e-01,6.065174855570480972e-01,7.565029628420449903e-01
8.716260374200189565e-02,7.178666555143238259e-01,8.077352124906543862e-01,9.523261809920141596e-01,7.668372212255955001e-01,4.013615934835759180e-01,2.694007057074324640e-01,7.615043619168335720e-01,0.000000000000000000e+00,3.158660257956546480e-01,5.565386607741076297e-01,6.057230838272212869e-01,8.887419206552006345e-01,7.119737300025741344e-01,5.125457705309623968e-01,7.291547448830582034e-01,8.544733994957207646e-01,6.283034885368014022e-01,5.779211204069124586e-01,6.312424742168597502e-01,6.751376814943164106e-01,2.796015470375825540e-01,9.241821564911580911e-01,5.126745766666455095e-01,7.821288713259296754e-01,3.360058041991023647e-01,4.097655223030252647e-01,8.448886076740753648e-01,6.531121541393802854e-01,2.431599953237971179e-01,5.267471763349201169e-02,4.232952343770449155e-01,3.736662485692222591e-01,4.110397141108440566e-01,7.959739693592406962e-01,2.372659753016517770e-01,4.736760873040061215e-01,7.280806003626428824e-01,9.395416478720960418e-01,8.466762643185923309e-01,3.176800389588490536e-01,4.689218861466035171e-01,6.758508710702362254e-01,-1.164935518502797085e-01,9.791236007126857821e-01,7.457411057133638277e-01,7.219560496108210490e-01,5.635862860903023686e-01,6.045028737807287694e-02,5.938309499295262306e-01,4.869508637612740554e-01,7.905876597369250192e-01,7.196671565746839416e-01,5.745383390868111784e-01,5.084926805787189918e-01,2.978203511698327977e-01,2.670454038964525934e-01,7.314934151760830172e-01,5.061924888758836394e-01,5.024399338020237860e-01,1.463062054127152456e-01,4.853665588601284719e-01,3.403241680972235450e-01,8.628404017004130955e-01,6.259922594589635292e-01,9.705832418866574551e-01,6.505654217604655010e-01,8.978829145791827893e-01,7.067983231194555627e-01,2.296957177267388850e-01,6.981611275451161669e-01,2.834765080816274985e-01,2.020968684318494579e-01,4.064369602432413853e-01,6.153178059115663734e-01,7.580995117439143227e-01,5.256499840484126773e-01,6.778934790352220130e-01,5.027237076770119106e-01,1.023363356760108450e-01,5.629642848831268864e-01,5.490177484438558686e-01,9.164776707025240610e-01,3.221675734163018112e-01,2.255437868345130936e-01
8.451600911959886719e-01,7.680706647207906634e-01,9.553285148600915155e-01,2.509193505832882920e-01,5.270548812063247102e-01,4.639493870938387610e-01,3.781316647884884752e-01,7.111707166348950615e-01,3.158660257956546480e-01,0.000000000000000000e+00,7.198344116745701848e-01,7.496607824052033964e-01,4.594339633181604432e-01,9.633187815282731048e-01,2.442049981846119155e-01,7.359964486457255539e-01,6.167428215196761876e-01,5.181751198200190700e-01,2.842385777109413536e-01,6.275533128099926028e-01,1.341183689399265758e-02,7.046537086187972809e-01,7.539976088590860659e-01,4.811643840510997361e-01,5.836912601984350218e-02,7.278758275896430874e-01,8.628279342144995478e-01,6.040873549741652138e-01,4.619071636265460468e-01,8.074926901002497936e-02,1.696557392225951366e-01,3.205971345434159847e-01,7.722816004529320377e-01,8.152070696527643490e-01,7.179334543798825408e-01,2.935881320343273759e-01,-7.513553686622091721e-02,6.099332627889586522e-01,9.473366365178446102e-01,6.153200828553253565e-01,5.044827869998105285e-01,7.556723654659682765e-01,6.175969656590896140e-01,3.534841671033990274e-01,9.578836555041172485e-01,6.428224643355451295e-01,4.279496824471536454e-01,7.085238181776881694e-01,7.107193851479773894e-01,9.532643401220864954e-01,-1.032791678320949119e-01,6.847540201837611917e-01,7.607731448191558110e-01,4.777486738065764849e-01,8.351802546864945942e-01,6.521428880460936606e-01,4.719557373702412129e-01,3.034611351308413862e-01,7.569446261899788198e-01,5.837805152752764126e-01,1.364736352094986227e-01,6.466416780338470893e-01,5.227283318603234141e-01,9.224379877452374421e-01,8.544337083485417095e-01,5.778165946578854850e-01,7.977926001132586986e-01,7.494776242058941440e-01,6.559551635947471482e-01,7.836166533356077046e-01,6.498141115183102556e-01,3.620044203563405061e-01,5.244675002195857694e-01,4.442090751386528202e-01,7.008608911554035092e-01,4.778300786359211405e-01,4.343851001705365533e-01,1.948136754419311500e-01,8.453887275212285113e-02,3.376840349973502242e-01,6.192124947139009405e-01,6.128003375674523356e-01,8.927809786098436229e-01,2.763030754596451088e-01,4.140528448305945686e-01
6.871719529598477871e-01,6.939801128667715258e-01,6.043526929717753238e-02,8.784679979593670307e-01,2.711273954944686815e-01,6.497806220119740628e-01,5.044028541785897657e-01,3.081135805124367022e-01,5.565386607741076297e-01,7.198344116745701848e-01,0.000000000000000000e+00,6.854971218883744166e-01,8.810886317985855420e-01,4.887419965927131127e-02,5.225567552203187471e-01,9.963844772910972480e-01,5.705835356896881150e-01,6.769249475582800324e-01,7.018051533532858599e-01,7.755037291129469601e-01,9.149944794756705857e-01,9.615237500911497648e-01,9.243817827834794887e-01,8.280189014043547457e-01,3.511890849336546383e-01,7.314150095497431447e-01,4.695581165001009860e-01,5.512481323330925553e-01,5.992833107231760881e-01,2.407296466228910081e-01,3.219824751446643263e-01,2.162447521305784215e-01,6.410690667310477986e-01,8.152974602311839902e-01,1.179789553842571365e-01,5.123467395620181497e-01,-1.218127055406069831e-01,5.962157802972249954e-01,4.363786704829555330e-01,3.637253282696124579e-01,4.554228996874916668e-01,9.515082757807437064e-01,2.172966703967729452e-01,8.264414705096855274e-01,2.854729137087622104e-01,4.663052254858924273e-01,3.878330626427506367e-01,3.526138104935213624e-01,5.561050606649082795e-01,5.335501006962475312e-01,5.297110532895474844e-01,9.261982795936215540e-01,9.963672161787379133e-01,5.728700374678915574e-01,4.738587542344325221e-01,4.210241556428184762e-01,7.957478082439415346e-01,6.474397707286906334e-01,9.766049060305087570e-01,-1.549312210674192170e-01,-9.134430278735994335e-02,2.967774730624285207e-01,6.187476510504361649e-01,6.266116833480834813e-01,2.287894805131840126e-01,5.724469237155311863e-01,6.407546648473385620e-01,4.998090163421189391e-01,4.713809417206608621e-01,8.391206969958204809e-01,7.260978401509293745e-01,6.240494215333667327e-01,1.951276511897488408e-01,2.318326508567649102e-01,6.376912060162341911e-01,6.566836572649095150e-01,4.424919040606171694e-01,6.023121667249924371e-01,6.200340265943684592e-01,8.421494671082108141e-02,1.678928446187480383e-01,6.145174726635899143e-01,6.217290128865141652e-01,5.065889783839587768e-01,9.852151538966448241e-01
5.061846105029964571e-01,8.571612746080357059e-01,4.443162716247501254e-01,9.409099795240789543e-01,6.420928508486266617e-01,6.979658341175084546e-01,6.100351329752565777e-01,2.414293734192494156e-01,6.057230838272212869e-01,7.496607824052033964e-01,6.854971218883744166e-01,0.000000000000000000e+00,8.717150649164564502e-01,6.295373814544376057e-01,6.519510307396556570e-01,9.640681389006418023e-01,8.147192653108978888e-01,7.418889489508325719e-01,6.607532116766881014e-01,7.167990773368835278e-01,6.824397840409872629e-01,5.799255190103671520e-01,4.806569354808307160e-01,7.824957583810309147e-01,4.979759306069261315e-01,6.575501304133158920e-01,5.424106670479411640e-01,3.625053535224289636e-01,5.933273881831109264e-01,6.316505126694030858e-01,6.194600938856970052e-01,8.767079216053008661e-01,4.878999310412210910e-01,2.752510858776983649e-01,7.116132977719396013e-01,5.369542150475109521e-01,1.922684158055486814e-01,5.949512849738377573e-01,7.282291349258768198e-01,5.083767928078432030e-01,4.770535715706156754e-01,5.603004172862759980e-01,8.921607699178407680e-01,8.887060609409325185e-01,9.558149516485641151e-01,5.595302485866668896e-01,5.167475253905193799e-01,5.667393953697111852e-01,2.746782271216026694e-01,4.132055213214639311e-01,4.908059256495190814e-01,8.037151781900095937e-01,8.835661007370930742e-01,1.277832532302161130e-02,5.384711832355142391e-01,6.431029291252098323e-01,5.378727626049927268e-01,3.381640659713667230e-01,5.399414611823678545e-01,4.505315269107023624e-01,5.228902838011080245e-01,4.503827394942728213e-01,7.349697682137741328e-01,8.944064304781846886e-01,7.685814241865733809e-01,6.862931997596299905e-01,8.494074533309365904e-01,8.809677583065469442e-01,8.893353153419099044e-01,7.467295293249527344e-01,3.608379161601525387e-01,7.101964907290044815e-01,7.750287376135118755e-01,7.784247882888556402e-01,2.820467770046713452e-01,7.978713737942308981e-01,9.731003885129128061e-01,6.077184744311752151e-01,1.055612817673160092e-01,3.209259457913263835e-01,7.537388895081890139e-01,5.871646304770976599e-01,6.463770844683516259e-01,5.733847646284220279e-01,1.985653026824626133e-01
6.617292845280352553e-01,3.528375836085016481e-01,8.739012962309973265e-01,6.829005535368505297e-01,7.958454555589491441e-01,8.748024443552298024e-01,8.422642958701183069e-01,6.100015429915417453e-01,8.887419206552006345e-01,4.594339633181604432e-01,8.810886317985855420e-01,8.717150649164564502e-01,0.000000000000000000e+00,6.233823414372141603e-01,6.577471696361942843e-01,9.007730304407454147e-01,6.160200810599604226e-01,3.487045677226877638e-01,2.734230554922930656e-01,5.930092142325420479e-01,9.718299814135844539e-01,6.312384533553500043e-01,5.367355233520476609e-01,7.390447586900159571e-01,5.502102900322677348e-01,4.950051907154103814e-01,8.819446032249945722e-01,8.032395494230757382e-01,7.231393835889904365e-01,5.814957070704896980e-01,5.995355657488690149e-01,5.732433032000434636e-01,8.423982443174773405e-01,5.298021059825225310e-01,8.425948213811220722e-01,3.883267288958403007e-02,2.411606241021401753e-01,6.363672771033312969e-01,9.685138850901406915e-01,5.259361209102766388e-01,6.256880585006059370e-01,5.155606458144185167e-01,8.044430080629991764e-01,7.331085863197218666e-01,8.171105813253717320e-01,6.247286668529460352e-01,6.537932321809458713e-01,7.017165134668946758e-01,4.843180174331681020e-01,5.738621167739407225e-01,7.063112311771975182e-01,8.789662974485130675e-01,9.929783432684594624e-01,2.415738114112408741e-01,8.032060899234125806e-01,6.190612880409739338e-01,4.836684146229719428e-01,9.658752565006339941e-01,4.027498536420633379e-01,5.578336378338235590e-01,3.096648997874185683e-01,9.288452455655611395e-01,4.256770680980593857e-01,2.973120541050629506e-01,9.902640520105212563e-01,7.837808089906479481e-01,8.302396467232936450e-01,6.977836867604877424e-01,6.294300657773715946e-01,7.843446942758729445e-01,9.662145628412492915e-01,9.586416174493048725e-01,1.379055381318092521e-01,4.604306609550801177e-02,7.669080161792687367e-01,6.808596207434883807e-01,7.419366497974344554e-01,8.791455939757532034e-01,6.435650649916864197e-01,5.589501225841831955e-01,8.956978698275823714e-01,9.754037748115076401e-01,3.451803291055678402e-01,7.861295747113037358e-01,5.485888663639549856e-01
6.365520798710522232e-01,5.876146259174147568e-01,7.978245274920093832e-01,5.286131643704616856e-03,8.633218409918942404e-01,8.179049101900586205e-01,3.757819606649552835e-01,7.219302467661905531e-01,7.119737300025741344e-01,9.633187815282731048e-01,4.887419965927131127e-02,6.295373814544376057e-01,6.233823414372141603e-01,0.000000000000000000e+00,7.701006102289333910e-01,2.114236136669071786e-01,7.620034436693527979e-01,3.970525311634233168e-01,6.759712134284732166e-01,2.528461119715039174e-01,9.730262733537252684e-01,9.955292368973309713e-01,6.358000305131255026e-01,8.933729728579735685e-01,4.602350653532171210e-01,6.548206220778182152e-01,4.114154241711671101e-01,4.427657503238455194e-01,3.131639646873151661e-01,5.503338965799136062e-01,5.377228042378633388e-01,6.536502883972922229e-01,6.765049324512757423e-01,6.640201297682042370e-01,-1.345794535761463129e-01,-3.899630806085797596e-01,-1.372538444461246510e-01,4.538618881515652514e-01,2.675167998122188195e-01,6.764480722264935020e-01,2.081033839479792258e-01,7.596734536485905132e-01,8.078585695357949348e-01,9.182678545225195776e-01,4.566352968374531307e-01,9.945843782215193496e-01,8.486640037520140067e-01,7.221604977561414396e-01,5.204271589254614305e-01,7.610758800458697904e-01,5.975833082143817698e-01,9.326391675226303191e-01,9.361442101489259038e-01,6.111942394990970140e-01,6.236630917097183424e-01,6.150834383975903874e-01,9.300393243428977108e-01,5.708799910385604637e-01,5.132041311363465530e-01,5.821120963546420057e-01,4.394765815931417907e-01,8.521095972768499838e-01,5.350705070841039745e-01,6.012248266979566269e-01,4.113433108908371438e-01,7.720719571893533972e-01,6.736530536448702700e-01,8.684741256553718536e-01,1.395165699562145589e-01,4.230958176694471495e-01,5.758494007863012021e-01,3.088970685097884861e-01,3.566522531896373360e-01,1.589332356750762787e-01,6.087327818027173931e-01,7.048327219157103363e-01,6.448222949538355842e-01,6.127808649321606627e-01,3.823342781584513350e-01,3.627686752008794091e-01,6.516531740473783252e-01,9.505587243554662891e-01,3.521169364694791692e-01,4.177200757789223395e-01,4.206625681641001369e-01
1.814321703369029537e-01,2.176467484354493720e-01,7.484930188521463634e-01,7.479680748790210609e-01,5.540044739052803202e-02,5.188126508352446375e-01,5.357229928139595199e-01,5.983878013270884644e-01,5.125457705309623968e-01,2.442049981846119155e-01,5.225567552203187471e-01,6.519510307396556570e-01,6.577471696361942843e-01,7.701006102289333910e-01,0.000000000000000000e+00,6.904900269055185280e-01,6.096613906573016273e-01,2.903713427346292231e-01,5.500067495652177785e-01,6.415084691142456386e-01,4.116883198263376342e-01,5.785762869457455881e-01,2.577183185430374501e-01,8.994207106567840837e-01,7.282316742210058758e-01,6.716320238066995074e-01,6.688134786651390717e-01,2.425897670535023254e-01,2.739327581405783252e-01,5.158669313828148084e-01,3.965206052620209309e-01,5.296934407744977591e-01,4.967060535312162184e-01,4.582516078879652621e-01,7.182828252284604309e-01,4.415647696285990853e-01,3.553756319806469222e-01,5.383736057243698747e-01,9.105328111945213410e-01,4.769292374617802310e-01,6.411528874087455421e-01,4.602210584958107420e-01,6.212930321899159392e-01,6.517414926346626336e-01,6.315210124629554445e-01,9.200326386769828169e-01,3.051834420737842366e-03,3.148940137638654990e-01,4.538058619342611455e-01,7.153864376681312587e-01,5.331807929478724617e-01,6.513698703611894292e-01,9.863814267444910300e-01,5.671781237139834619e-01,7.792146289265334813e-01,3.758186127773943674e-01,4.414607257198568391e-01,8.744780221747970872e-01,5.103789096353356092e-01,4.398367210901304447e-01,2.561805301618855779e-01,5.698776332035269121e-01,9.362962064022389841e-02,6.055719381996792494e-01,7.454308790217620828e-01,6.667044868162613769e-01,4.607740274754212884e-01,9.565760698818235319e-01,5.020787732788913882e-01,7.163863720626958420e-01,5.712683577222221754e-01,4.623537828641924863e-01,5.850889162685991157e-03,1.023751836224807976e-01,5.142606756724374950e-01,6.577144962064799261e-01,-1.063873740060691242e-01,6.764118505828682348e-01,7.551880156874611616e-02,-1.836095571461346387e-02,3.459989873738011923e-01,4.508362379631971062e-01,5.621536297252405223e-01,-6.886655846278555426e-02,7.581524185925506698e-01
6.005922076608802840e-01,2.466035232755406648e-01,9.258033056767621671e-01,8.692456544271951469e-01,8.590445727958526678e-01,5.255951370375095966e-01,6.072928173786971140e-01,9.996215126335532553e-01,7.291547448830582034e-01,7.359964486457255539e-01,9.963844772910972480e-01,9.640681389006418023e-01,9.007730304407454147e-01,2.114236136669071786e-01,6.904900269055185280e-01,0.000000000000000000e+00,9.263183546332379725e-01,9.788900460225156974e-02,2.371590104046415737e-01,3.940513178900624247e-01,2.939909702992652418e-01,2.663805478016428863e-01,7.649370342915581267e-01,7.819122270632096194e-01,5.951764406932920082e-01,4.986436197997350384e-01,4.228020862468331864e-01,8.301597655410923871e-01,1.443246867307897419e-01,7.140646049477994417e-01,6.077182238016002325e-01,5.996823969714296654e-01,4.791333108572233268e-01,5.744857074530211882e-01,4.002530185188256651e-01,6.436698437607737411e-01,1.604173057896198240e-01,4.187621498714048651e-01,6.893363569923371958e-01,5.778736449305479361e-01,4.403223388751775769e-01,9.843808415321900762e-01,7.611635626902937268e-01,5.137302122543391247e-01,8.053615880159971097e-01,6.296978123215306589e-01,9.562949730727448028e-01,3.261644553419555392e-01,5.687186940256458989e-01,5.035149705173546097e-01,6.463718456441394089e-01,3.758072105191057055e-01,7.675699300973258810e-01,3.522005536006256321e-02,7.979482769125528785e-01,5.778549927910230366e-01,6.913959902965080007e-01,5.185188687922934747e-01,7.251578088714694115e-01,2.119679804158258827e-03,7.100749938657964222e-01,7.468970194088051517e-01,-6.810749179399958053e-02,9.929383324883690465e-01,6.874756641534767176e-01,7.652477829144855859e-01,8.958681825713395996e-01,7.473531187416161403e-01,2.309235031355656997e-01,7.764109410562066715e-01,6.386156265754727723e-01,3.776544908159763514e-01,3.361788361121933466e-01,7.549409802261258795e-01,3.392646957855747214e-01,1.126733341274083755e-01,5.627993181352355379e-01,2.679470050121278701e-01,2.271649566393992292e-01,2.457174488717263350e-01,1.905268388564273496e-01,8.498301331257471780e-01,9.372893545043838870e-01,3.954468650180711364e-01,5.002685225716604345e-01
7.061770222625469717e-01,8.696511032901979021e-01,7.726249083821292718e-01,7.263039866108960130e-01,5.022529638246981953e-01,9.374141435350656915e-01,9.824186154139296079e-01,5.064659107350845124e-01,8.544733994957207646e-01,6.167428215196761876e-01,5.705835356896881150e-01,8.147192653108978888e-01,6.160200810599604226e-01,7.620034436693527979e-01,6.096613906573016273e-01,9.263183546332379725e-01,0.000000000000000000e+00,8.710801651302315651e-01,9.899063075053945449e-01,5.867067025264174340e-01,5.376944047519595093e-01,4.377422291114398956e-01,9.699772153676089470e-01,6.530023287674618926e-01,4.704623887319229203e-01,4.207051716608131153e-01,6.970412781324486495e-01,7.829550673773379987e-01,4.389584415709987253e-01,4.795461390586674977e-01,4.668352659923249992e-01,4.180655252273753897e-01,6.244896599131700698e-01,8.288151839711731528e-01,4.034968731907845330e-01,6.559302754197906538e-01,4.152776779989191813e-01,7.328441620674251977e-01,4.865330603673678200e-01,8.734736992797867972e-01,2.311226379023882949e-01,6.243678604951304889e-01,8.227524666563903466e-01,8.484076025556752665e-01,8.943945045343006939e-01,1.814166697038944176e-01,6.750167718624514590e-01,4.515562704234049596e-01,6.398335354023367838e-01,7.701506022761587245e-01,2.655165928451898583e-01,4.428050116815697712e-01,4.588843225347107313e-01,3.546268311292883890e-01,9.265668312676634821e-01,3.852493288882005151e-01,4.298436014931546478e-01,6.673572335481928741e-01,4.045185429005490607e-01,5.827481392297804291e-02,-1.272382230066175790e-01,9.975506004976897323e-01,7.540768190083275702e-01,7.192871016882323998e-01,7.545494973341131395e-01,9.518417389196213163e-01,7.831980766858134269e-01,7.871277868716012316e-01,5.284933495198772535e-01,7.656801755317516056e-01,6.711077401276802634e-01,5.356436455799524765e-01,2.495748080030762428e-01,5.156354946069455769e-01,9.570818101751918938e-01,9.436795400476354345e-01,7.694261183629909073e-01,9.825441840439415042e-01,1.234583484226316891e-01,3.920852114821165024e-01,5.737536519307100402e-01,9.371642546305063437e-01,7.130846306345962615e-01,5.107353043544116122e-01,6.668753563563978304e-01
8.306067387819510150e-01,7.019061451664073692e-01,8.780492641662047681e-01,2.428047693940973417e-01,3.886597555644331625e-01,6.945642094835479119e-01,3.019834185989792030e-01,6.300183877753769979e-01,6.283034885368014022e-01,5.181751198200190700e-01,6.769249475582800324e-01,7.418889489508325719e-01,3.487045677226877638e-01,3.970525311634233168e-01,2.903713427346292231e-01,9.788900460225156974e-02,8.710801651302315651e-01,0.000000000000000000e+00,6.813295266039106624e-01,3.200486618593764709e-01,7.382772111600277576e-01,5.176182540986760117e-01,2.925239478164248230e-01,9.699094864840862584e-01,4.358955562853336629e-01,6.121542756549106512e-01,4.864102503833545033e-01,3.907548874738637767e-01,3.356460785194751439e-01,1.434296588975485509e-01,2.688921820602632393e-02,5.783135622018751310e-01,4.711427087216520926e-01,6.354959880208603806e-01,5.013633450655115009e-01,2.997875204844479002e-01,4.658289295874371572e-01,6.845071406794939195e-01,5.896998963884390044e-01,7.447570142749747601e-01,2.342852919350209284e-01,2.105318644834083819e-01,6.727687240242349320e-01,6.383129532834806996e-01,9.647311636146246316e-01,6.642344309667154167e-01,7.188671170145255473e-01,6.958738279270464400e-01,7.389398095501049646e-01,7.123948673307072266e-01,6.560209777167029799e-01,5.640420885848669297e-01,6.610606023105786155e-01,7.854230506972578185e-01,7.862812189469395863e-01,9.735120323853536650e-01,7.557910161130060311e-01,7.666625461630818261e-01,4.520953378730392380e-01,6.420090456913096766e-02,4.454077742960152464e-01,7.063823737008262382e-01,6.055211200992888232e-01,7.633895312195344562e-01,8.682426451034590542e-01,2.803096027781077360e-01,4.497814373303699598e-01,7.670116205513697327e-01,6.336831533254630999e-01,6.734793352076864359e-01,5.145000285989079769e-01,7.275737870649575667e-01,2.349819511623930102e-01,3.392523522970479766e-01,4.182995804719196742e-01,7.349444737004887651e-01,6.035349319542374635e-01,7.785870957000134984e-01,3.412236948806373071e-01,4.894271517426392326e-01,7.869925359695902900e-01,4.480107299528536813e-01,7.265789770397632630e-01,7.557388707573241549e-01,7.476265708612876981e-01
