0.000000000000000000e+00,9.052361066146129565e-01,8.866381208799484215e-01,5.120556022933483442e-01,6.188231879430098337e-01,8.417429252244877924e-01,7.496014159575667968e-01,8.867461785287237275e-01,6.008593648636847417e-01,9.703100813603606767e-01,6.679482102781680863e-01,7.131914952007014641e-01,8.039468728364623784e-01,7.130641501899834811e-01,9.067425946562728267e-01,7.972664561508466807e-01,7.609309392910188485e-01,7.323278490611233593e-01,8.730649148491091971e-01,8.240539725839239882e-01,7.850260208119406169e-01,9.975107503814695242e-01,4.270324670352773078e-01,1.300192898779342909e-01,3.859028077248006783e-01,1.045963458147211589e-01,8.168212523528367575e-01,8.955469764540028299e-01,6.038684848082452872e-01,-2.728992766739185560e-02,1.449800971684190865e-01,8.684465947614712633e-02,7.817990524891583748e-01,9.311979531790655074e-01,4.523600378818107837e-01,7.462947062986642344e-01,5.500961722073540727e-01,6.551291693790030068e-01,5.625683454207733858e-01,7.797324962870989529e-01,4.243730707438484462e-01,4.896807395750787939e-01,9.727816780167398703e-01,9.318808715292362654e-01,7.501298998500343096e-01,9.462542664876668619e-01,8.211917262806315287e-01,7.810796655422287404e-01,7.756079150232479957e-01,9.702817232265017466e-01,7.946726698745461004e-01,9.264453273103983033e-01,9.776556295666952723e-01,4.901834977114809533e-01,5.453742488178123793e-01,9.273784542274642329e-01,9.544357147282516163e-01,7.456892117933089370e-01,3.543717021506896381e-01,4.215732677000393336e-01,4.056064999381053249e-01,6.408957337383089925e-01,7.724523307821979934e-01,5.795164946517628035e-01,4.021859479963497686e-01,8.041850439728431832e-01,9.280072251154080076e-01,7.417478036126549101e-01,8.938296218072658839e-01,6.622541224066815779e-01,6.476145466179091814e-01,9.739495588757675071e-01,3.797983435830561416e-01,5.087559177997725245e-03,2.224563935737145504e-01,6.092151375583979567e-01,4.508236590940813415e-01,3.616397554902771039e-01,3.372553249164454980e-01,-9.805134905430762382e-02,7.829320353827780021e-01,8.329426631928015246e-01,6.507749850044172168e-01,4.415667679089131936e-01,1.359848393626491847e-01
9.052361066146129565e-01,0.000000000000000000e+00,9.301519848148993574e-01,8.605909547211857413e-01,4.354865032497542421e-01,3.875548074898939044e-01,3.484828537790619629e-01,5.769206944204110510e-01,5.963622802577397408e-01,9.191124249972835170e-01,3.794298923493368836e-01,1.857804343741553676e-01,7.262818722949031525e-01,6.610178403154604032e-01,6.773722632043677194e-01,7.572453171774856662e-01,7.972304654660294920e-01,6.673633761100333794e-01,6.335568044083965678e-01,7.245645477105383536e-01,7.819220671613759110e-01,6.607608167470151450e-01,8.697862850877842167e-01,4.073602406009736443e-01,1.970913739116422481e-01,-1.562428199650307548e-01,8.202697782145976779e-01,9.057572302748421178e-01,5.515426793723998689e-02,4.845778297206284613e-01,2.015558273419231772e-01,5.611279191695175972e-02,8.794419591409987635e-01,9.931770783356883570e-01,5.743381706867671799e-01,7.110632302144442862e-01,7.715411582997529216e-02,5.732776496843656755e-01,9.878749886731716945e-01,6.993814965808602402e-01,5.250006628713722590e-01,8.497005292196359028e-01,6.405944332808128916e-01,7.565843952153862295e-01,6.464621324092497678e-01,5.252624620088619523e-01,6.631117774474099003e-01,2.290937300451305059e-01,5.023890210014023694e-01,8.895064633730950243e-01,5.493858436716972937e-01,8.993453518788873113e-01,5.364719560928734587e-01,7.662571501441004518e-01,5.450209412975043355e-01,7.067461934148039360e-01,6.997699381030073607e-01,5.670846155207692751e-01,8.361883707589635728e-01,2.961060458610591598e-02,-2.777263425681619768e-02,4.876225562800416413e-01,6.332786752875054770e-01,6.840759732498238321e-01,8.867079986214122522e-01,8.657278638744361210e-01,2.625094350751197014e-01,6.283059364887175757e-01,4.190274822721568038e-01,9.983091606755527536e-01,5.554460331788102501e-01,6.721059572189438391e-01,7.056277444227494755e-02,5.987724027799380400e-01,6.709611067346538116e-01,2.603044905540180531e-01,7.780549958461779880e-01,4.826561161676189982e-01,7.553476945928119246e-01,7.645968152902046233e-01,1.229546564824421373e-01,6.049430897015060093e-01,6.337852683194356018e-01,3.927713808168329518e-02,7.152402103434216674e-01
8.866381208799484215e-01,9.301519848148993574e-01,0.000000000000000000e+00,5.210047147090837161e-01,5.572233530705769100e-01,6.658031063748914846e-01,4.550398458407919899e-01,3.130078351662822778e-01,7.307374115288791661e-01,9.695626748529430072e-01,7.003342393083942241e-01,9.959437860991020575e-01,7.503928217972013481e-01,7.438515419384861271e-01,3.560607182168217255e-01,3.108104160279867578e-01,8.346045995520362526e-01,9.523559655926612244e-01,8.595971445804044819e-01,6.258771065368587960e-01,8.978426488742665690e-01,6.036957915623196724e-01,4.367713887328841249e-01,6.687445769843574084e-01,8.936211576360063580e-01,6.892673403616899064e-01,5.756788106695480689e-01,9.992865010463234388e-01,5.611086623681977859e-01,1.350553626815514108e-01,5.300907098802920547e-01,6.395032238496114463e-01,4.671407292316675890e-03,4.791591183866468207e-01,6.043931376137152700e-01,5.112677156316539628e-01,5.236140881422077786e-01,6.291095843138591048e-01,7.886192825332698497e-01,9.253830756158929471e-01,3.229419932429334894e-01,9.394377818208200503e-01,4.129012414643588036e-01,9.253524496327008020e-01,8.882571151177260926e-01,4.886183400201122851e-01,4.365662253519199676e-01,9.048969843087180109e-01,6.150931285783300950e-01,8.573499668956781061e-01,6.530897009977512102e-01,7.937212060397793589e-01,5.608315254991623755e-01,6.731895020624401038e-01,5.211932242252627079e-01,6.707693982762772400e-01,7.236308666878752405e-01,5.969088785347440584e-01,4.712108151353543994e-01,6.555418788614722492e-02,6.373329886766614383e-01,8.368942434536784658e-01,4.250827694231540388e-01,8.213289470036745366e-01,9.442986282658725194e-01,5.476788090129950382e-01,8.099047403827978053e-01,3.248523826448299068e-01,7.437120330080575492e-01,8.412131752118789940e-01,9.704305998889637408e-01,9.910592614666955402e-01,4.935971444984532663e-01,4.885062371560657812e-01,6.506413190160509341e-01,8.574601548867835099e-01,6.292166304097536189e-01,9.170610145885573772e-01,1.902013892896657898e-01,1.264252496231766665e-01,6.624721160832194311e-01,2.113208906009368948e-01,7.694196816202504285e-01,9.321263659933863854e-01,7.707523749801876711e-01
5.120556022933483442e-01,8.605909547211857413e-01,5.210047147090837161e-01,0.000000000000000000e+00,6.935850058399064544e-01,9.994847661476637946e-01,2.001368208561022100e-01,5.628711550052265533e-01,8.895165052270490591e-01,6.661002599682273040e-01,5.335286987213352372e-01,7.482559517242433067e-01,3.456722347842817733e-01,6.897879343069425184e-01,7.783197678666872177e-01,9.000411278561958328e-01,9.205671278387693723e-01,5.403855599721656411e-01,6.622814444245710419e-01,6.746959624788965160e-01,9.689047714852032644e-01,6.235264488106055936e-01,6.184931908464692540e-01,7.927506169468389041e-01,5.019796652856177710e-01,2.690518921317482937e-01,6.924465840875144718e-01,5.327000612761974008e-01,1.069496646888671160e-01,4.015013862975920778e-01,5.542823990132548229e-01,3.816542458837149931e-01,7.759946382956280919e-01,2.172364401379774934e-01,6.698121785344938184e-01,4.398586057310821529e-01,2.661906759378302456e-01,4.864173101701533830e-01,6.804541342318776165e-01,4.777241016160728715e-01,4.509936922704781970e-01,4.830425623347108233e-01,9.211842600128276048e-01,3.165883901230497344e-01,7.695722344944611049e-01,7.115200025765496816e-01,9.462630121810285955e-01,6.292102286664241761e-01,7.240188440958070792e-01,8.743398844616158128e-01,7.974837977729520855e-01,6.878971021892343884e-01,6.817193290881234935e-01,7.895172429371398737e-01,5.583856839577672204e-01,9.302840384249528860e-01,9.479078866517344215e-01,7.191959732860322418e-01,9.848496678796013759e-01,2.167887771570153332e-01,2.009070229379124051e-01,7.751811509040854586e-01,2.567897827806490119e-01,7.245235238876540640e-01,7.964929457424226866e-01,7.565172551406889045e-01,3.898347167484399467e-01,4.036040851742929148e-01,3.636867183405092518e-01,7.507610960105588482e-01,8.997531470363046013e-01,5.527265443195236161e-01,5.141171172618285157e-01,3.428322174917302068e-01,8.541900950174110552e-01,9.182592176935187034e-01,9.623623212899007351e-01,2.134321912516650710e-01,2.150287967919061460e-01,8.580965866288339794e-02,5.197712917202089722e-01,7.470609916412246365e-01,9.758289070258754361e-01,5.432525107648260576e-01,4.212834954100440066e-01
6.188231879430098337e-01,4.354865032497542421e-01,5.572233530705769100e-01,6.935850058399064544e-01,0.000000000000000000e+00,6.217431671951569871e-01,6.102253966113586614e-01,4.266684681534813756e-02,7.080347349815285796e-01,2.287125616796661098e-01,7.069222952144401662e-01,5.887569903082600087e-01,8.246611086968049786e-01,9.201966675655338657e-01,7.673104922452619325e-01,6.366535056885626043e-01,8.104740679008897164e-01,7.246648331511622576e-01,7.774866713791489525e-01,5.020128858192638432e-01,7.893450485532247374e-01,4.161648284579737567e-01,6.255400445982580715e-01,6.236890314948292380e-01,7.376655753496843548e-01,7.838795558364365368e-01,9.798745252004863460e-01,7.972619258583154567e-01,3.888952289261534689e-01,2.167288293131880705e-01,3.322978999425916236e-01,4.651775611819373157e-01,8.792955264481187028e-01,7.075317212305403114e-01,9.666909075978712407e-01,3.271623314563127938e-01,5.145084957002459269e-01,7.566041399858468575e-01,8.701736736677362360e-01,9.348406315122632648e-01,1.023482106422029247e-01,6.437286676054558843e-01,8.609479823166666934e-01,5.855906726988869826e-01,6.091263493591035916e-01,5.086891860684149558e-01,5.792609355448167241e-01,7.074921330420799181e-01,4.589105455657155330e-01,4.697077953323701704e-01,8.026813252243804042e-01,8.566170085900433051e-01,9.290169661055067696e-01,6.629394952352456460e-01,9.013649967321000211e-01,7.540833490197746958e-01,8.725361719827317009e-01,7.028231662139866609e-01,4.449493557324808446e-01,4.209222467199899009e-01,5.321395285227852323e-01,4.237502696548745007e-01,6.958433593242593362e-01,4.299427070313350807e-01,8.861461978120707128e-01,3.861435981711841547e-01,5.489897663078664447e-01,7.313167205612982613e-01,6.120545160287303998e-01,7.496492459108271555e-01,6.226679185646456505e-01,4.773142281030042788e-01,2.623576054227652055e-01,-9.530297799777764922e-03,7.701602524816000273e-01,7.025529726935274555e-01,7.836687616853932337e-01,6.571612138434654860e-01,5.807231985674898844e-02,-7.293636012147608483e-03,7.291259064071233809e-01,7.162890557991913321e-01,9.861168859591376012e-01,7.699253282515059471e-01,4.350546732653712834e-01
8.417429252244877924e-01,3.875548074898939044e-01,6.658031063748914846e-01,9.994847661476637946e-01,6.217431671951569871e-01,0.000000000000000000e+00,6.819916249103162853e-01,3.095083868228891144e-01,9.022546893945543323e-02,8.836109564507029779e-01,4.393873860904289885e-01,4.738678350693684149e-01,3.708778434227907872e-01,8.793955682213674407e-01,2.983210861147584936e-01,5.336116276675355596e-01,6.997402844721111181e-01,4.699264860657433873e-01,9.189291292912111775e-01,4.994443872713267840e-01,6.594677747611535912e-01,8.603451874993319759e-01,6.624710960388636716e-01,7.916047288713083940e-01,6.916565086593025047e-01,7.975280495955362481e-01,6.670710604679994660e-01,6.567254664535369102e-01,4.677899494810530134e-01,6.307837175824299036e-01,6.879578311308633953e-01,7.687532301624702136e-01,6.935465572742045559e-01,6.937367159508358583e-01,2.300432421857780685e-01,5.912153365803156646e-01,4.028329675394872744e-01,6.869680388276571126e-01,9.089502800398192583e-01,3.981060313691658359e-01,4.365058373053519181e-01,4.210993771615197945e-01,5.908059687208703226e-01,6.354554017599813864e-01,6.178956504230993518e-01,4.875850626006660860e-01,7.457283708596842420e-01,9.549333848974121963e-01,6.311171467821382608e-01,9.667724360260357974e-01,1.911928565706754735e-01,7.137793420465280425e-01,7.909526812811742413e-01,6.571528208266713689e-01,2.961282104159962958e-01,5.123734313256458339e-01,4.496515886669965045e-01,4.340483251904643236e-01,7.002973284067836035e-01,3.441413554341837266e-01,4.408297958251528592e-01,6.912791571274388147e-01,4.523376522447211112e-01,6.904466503294730551e-01,7.289298211914684300e-01,6.091917712180485722e-01,3.082102197452799563e-01,5.931614818801038691e-01,4.860839493075750917e-01,8.933843500268442428e-01,7.209590473297379232e-01,5.654926082653802810e-01,3.333480063778290203e-01,2.506393474859855974e-01,3.858685592242319107e-01,5.560083474574684104e-01,9.938938573555709810e-02,4.541381021542540974e-01,7.216140854643584568e-01,3.220621065086476942e-01,7.353024337190954274e-01,4.357984486843112237e-01,3.873302782427019419e-01,2.189820498694913797e-01,3.399694973470813730e-01
7.496014159575667968e-01,3.484828537790619629e-01,4.550398458407919899e-01,2.001368208561022100e-01,6.102253966113586614e-01,6.819916249103162853e-01,0.000000000000000000e+00,5.890428608166701219e-01,4.382938434448402365e-01,4.778064539192946047e-01,4.272139164893222207e-01,7.689835798634402364e-01,2.411706234848708386e-01,-1.498924293368779359e-01,6.120329433171782796e-01,3.740097676381137770e-01,8.608512748060090924e-01,2.148510101178949250e-01,3.940772747633307649e-01,8.522033182867985168e-01,2.282232670587434342e-01,6.109894086641681765e-01,3.582332238187473372e-01,7.984420747738447677e-01,7.548419163324990855e-01,8.453309466075602518e-01,5.874532410727623111e-01,4.367687875234464445e-01,1.757755038484756227e-01,4.596346656816378551e-01,4.446677400344226649e-01,7.564161747350486298e-01,2.057705568557533227e-01,6.938914468002403690e-02,4.473549163998170597e-01,2.304674065523687199e-01,4.003903370308285470e-01,5.957168279352023088e-01,2.229232597280906558e-01,1.173741527030354448e-01,5.946538318223035802e-01,5.243408289263292721e-01,7.072035133343441693e-01,6.927808922152477455e-01,3.566436598845189598e-01,6.581219688306614302e-01,5.926950599236961992e-01,3.355829255804504418e-01,8.585740243485545653e-02,7.501379596529497151e-01,3.876244222377490112e-01,4.399003867450535510e-01,5.295119014397930979e-01,6.708695071190934334e-01,5.617255988329841188e-01,5.881971910946661719e-01,2.472458639626023968e-01,8.520267244021013930e-02,9.085598069166347379e-01,9.092647291537093654e-03,4.311074480609082271e-01,5.133202364525389916e-01,2.328869712862322860e-01,8.965835724167718901e-01,9.040520557188410633e-01,7.632605204105702423e-01,4.006605470424802196e-01,9.274818037969472240e-01,6.075972606636399487e-01,2.677704509311059078e-01,1.922947642692240111e-01,6.639260401943493095e-01,4.719213338676815916e-01,1.509286612365155072e-02,5.912152774144616707e-01,3.120289768036927924e-01,6.219962484821303095e-01,4.067317695215765250e-01,4.659295905661207243e-02,7.241612862780824056e-01,7.851729735253936138e-01,9.159389034355535086e-01,3.107494736084978060e-01,3.834511832441515056e-01,4.160955293952134371e-01
8.867461785287237275e-01,5.769206944204110510e-01,3.130078351662822778e-01,5.628711550052265533e-01,4.266684681534813756e-02,3.095083868228891144e-01,5.890428608166701219e-01,0.000000000000000000e+00,7.921740594260797685e-01,5.990906552223795867e-01,3.442966177749360313e-01,6.166656595929066453e-01,5.041351108432334804e-01,6.085807818639510369e-01,4.347025160685926704e-01,5.490766246144437313e-01,8.678420224558182072e-01,8.523797698098278808e-02,6.918835399017897458e-01,8.273475565230454798e-01,5.666469737617453317e-01,4.462393630599904570e-01,7.763997816316475786e-01,5.175375459096746011e-01,4.692660112783951232e-01,7.490500627287648427e-01,3.506405959853688969e-01,4.909383495289813548e-01,5.514630281363217534e-01,6.169020716929137782e-01,1.680971661398500128e-01,7.592437687174447003e-02,3.464558948422010731e-01,3.474582688808914854e-01,3.647643925595269732e-01,6.532824464559164324e-02,5.961869846090702696e-01,1.887461722018288768e-01,5.920810453067646417e-01,1.979858264706021442e-01,6.198747285211059221e-01,5.374195276137638810e-01,8.410360973390100803e-01,3.124406931277954325e-01,9.138473580844772570e-01,5.309915662230487721e-01,5.892948423349864129e-01,5.311365499359148590e-01,5.199670203927019285e-01,7.325364489641672527e-01,7.084307116223199641e-01,7.584093562820579670e-01,4.817009688897116448e-01,2.495548371200309035e-01,7.412867092790931256e-01,2.087964647088976500e-01,3.085409635312141852e-01,5.026529709195644013e-01,4.036520902165172675e-01,4.168442889620775915e-01,5.091745051030402980e-01,7.444466138570083880e-01,5.794775408271436445e-01,7.666450310278776215e-01,8.845428551208185386e-01,7.564023498331355899e-01,5.860829114732730716e-01,6.221096605392724133e-01,4.879886007903247447e-01,3.538557317813809666e-01,7.324833418442201483e-01,6.655890939017090613e-01,-1.003225405203604648e-01,5.028890318983042507e-01,5.667658275028402137e-01,5.778366745999651277e-01,-1.800448452989831527e-01,1.562797236388591138e-01,1.746689608370242119e-01,3.877379028202586619e-01,4.200602552702265013e-01,3.791535488279547395e-02,4.355320722829637559e-01,6.317642445105573490e-01,7.712600722543533349e-01
6.008593648636847417e-01,5.963622802577397408e-01,7.307374115288791661e-01,8.895165052270490591e-01,7.080347349815285796e-01,9.022546893945543323e-02,4.382938434448402365e-01,7.921740594260797685e-01,0.000000000000000000e+00,4.163365779528885313e-01,3.753997593152609280e-01,6.705454689153453884e-01,6.730748383504102650e-01,6.746684837177457927e-01,5.017861140626178607e-02,7.461351338936401678e-01,7.171785702089121806e-01,5.282617120903216890e-01,8.971858356791534428e-01,4.453590123696364866e-01,8.356158710167713721e-01,2.649886450115096492e-01,2.610593597941579525e-02,2.167615829944715689e-01,4.872608170932319904e-01,6.185746433224140750e-01,7.693791445940911800e-01,9.041216808459638932e-01,5.121593448590769926e-01,4.240169638544255548e-02,5.221862994917771950e-01,4.251340951065008533e-01,2.887923313212725773e-01,7.157459259164139498e-01,6.371048748842045306e-01,3.798644562346857323e-01,2.111880898030450981e-01,4.540111757106272128e-01,6.261767667863252784e-01,6.349568890767196550e-01,2.817308542686455253e-01,7.833437627967343442e-01,6.892429415251621894e-01,1.857783263050428180e-01,5.107778840969232625e-01,9.746080877839748968e-01,5.018872213042495645e-01,3.107200606899860884e-01,7.014026442855725296e-01,1.770872157963097049e-01,4.674709722505572262e-01,3.817326166977298429e-01,4.298849695090330991e-01,8.745589039194608116e-02,9.698113875747385038e-01,6.389713779505697966e-01,5.837973207837631184e-01,3.489801525894382639e-01,7.976476339474256605e-01,3.983531974982227331e-01,4.375509944489344716e-01,7.846190832739676768e-01,6.455448160472327945e-01,9.960909080241924229e-01,8.763140483682443360e-01,6.514374155561318824e-01,7.457257686173859312e-01,5.795857945444098380e-01,3.003194672673198395e-01,5.806209561975879119e-01,8.401276415520287921e-01,7.578476477065192451e-01,3.109290404999467405e-01,3.704668203487301859e-01,3.888719579447610930e-01,7.658072125519352902e-01,7.725337665816102151e-01,6.927574240489733359e-01,3.146741432884240797e-01,5.779610388469187399e-01,6.305043024624022996e-01,7.904547800794741175e-01,5.158192862780978105e-01,6.361898354953057222e-01,3.152246708980205869e-01
9.703100813603606767e-01,9.191124249972835170e-01,9.695626748529430072e-01,6.661002599682273040e-01,2.287125616796661098e-01,8.836109564507029779e-01,4.778064539192946047e-01,5.990906552223795867e-01,4.163365779528885313e-01,0.000000000000000000e+00,5.370406558629682303e-01,8.601781599986726978e-02,8.750509329555078430e-01,8.278903299786565251e-01,5.138810075438353664e-01,3.616554332366314073e-01,7.084721601727047569e-01,7.074125241769881889e-01,8.080003181700990966e-01,7.667236537805638408e-01,5.214844757124115215e-01,5.057831668070019715e-01,8.557205595236052620e-01,3.533991051778480053e-01,5.888908466221524085e-01,6.749161720378810125e-01,9.649589408168374183e-01,2.464019362168478056e-01,6.752194104307100986e-01,-3.103536218809674341e-02,4.345501531568421449e-01,7.692666004708379468e-01,4.506648936248822124e-01,6.713997281049051136e-01,7.687670451568406893e-01,1.595978940167523674e-01,3.866604029096222250e-01,4.077456294790139379e-01,5.891917323205235757e-01,9.239350568603365010e-01,1.195126884869807671e-01,6.883425520366381889e-01,6.889645932757674229e-01,1.565283855794773193e-01,9.578708208583038841e-01,1.687339384759150088e-02,8.076052556495760815e-01,5.148954377319077125e-01,7.223628279131254493e-01,5.412168643979622384e-01,6.136430868211636414e-01,3.855282039222560631e-01,8.543814633777084833e-01,3.023928781786942577e-01,2.689582958985290984e-01,9.369797213115546031e-01,4.094556911006857480e-01,6.649668164017537020e-01,6.631526620466690058e-01,1.585761618761798442e-01,-1.060895710575571332e-01,3.545263216929745997e-01,6.929238673150340810e-01,4.324528044703677132e-01,8.890035852008069117e-01,2.592224754131210451e-01,2.469198924585450095e-01,5.704419793174106967e-01,5.359985882702956728e-01,5.703407380001388471e-01,9.203382196808108651e-01,5.195912841134511240e-01,4.166602379954049695e-01,2.104366060031002128e-01,2.122215261431484035e-01,2.241895340397583036e-01,6.164132052303226139e-01,6.169311238409351805e-01,1.289090691410694871e-02,4.261653959039658490e-01,4.048886275839677640e-01,7.835400011635336170e-01,6.315680369698473129e-01,1.824625574102425041e-01,5.503466745989562536e-01
6.679482102781680863e-01,3.794298923493368836e-01,7.003342393083942241e-01,5.335286987213352372e-01,7.069222952144401662e-01,4.393873860904289885e-01,4.272139164893222207e-01,3.442966177749360313e-01,3.753997593152609280e-01,5.370406558629682303e-01,0.000000000000000000e+00,4.010154323348684713e-01,9.965609465505740339e-01,6.533771768358160870e-01,7.892001551404648207e-01,8.674260705589110776e-01,8.800564690013723546e-01,9.354394413612752146e-01,5.919200560758608454e-01,9.620542632780355596e-01,9.431033977114516853e-01,1.640189864443162837e-01,4.839226698648457226e-01,7.930037410914548834e-01,1.063215610189490179e-01,6.439523735798208248e-01,3.512824118527661521e-01,4.687416639585679778e-01,5.804073630634127845e-01,2.609464154240311862e-01,4.000451208578802431e-01,1.396593491814470712e-02,2.590305653356547166e-01,6.392258302581673712e-01,6.942828734376459421e-01,6.428359557485870956e-01,2.072862597524152417e-01,4.545660104716535699e-01,4.970881118538028609e-01,6.537970373017631953e-01,2.099393592969707734e-01,8.698695129392342018e-01,4.217634824401126914e-01,8.353167360940733088e-01,7.172750975520144623e-01,7.455760401913060775e-01,2.074315561523784601e-01,8.553367798447796266e-01,9.388699238877257214e-01,2.602932940006202900e-01,6.005883687733278853e-01,3.263382316435136099e-01,5.222825821418802805e-01,4.217170953179804060e-01,9.527325235533358194e-01,2.729030615297496354e-01,4.491629122944744146e-01,2.688373388719619839e-01,9.079467589689003137e-01,6.874654497693193367e-01,4.149337064449493684e-01,8.602957697334888687e-01,3.595087768041329568e-01,9.877816146646483109e-01,6.077440344422231355e-01,5.849194266336366077e-01,5.230118774152954231e-01,7.854184104903542130e-01,4.647609959885343200e-01,5.476422571072273593e-01,2.913332495530611133e-01,7.523220636767939951e-01,5.416717567591828875e-01,1.805864898042113809e-01,3.770547293980880399e-01,5.716895561069659237e-01,7.355562806230233619e-01,2.998364188795044627e-01,2.724917102102593636e-01,2.056231592395444951e-01,6.099324040428800719e-01,7.443224554017476846e-01,7.866533261150165934e-01,5.547766118621367815e-01,5.694865850868439106e-01
7.131914952007014641e-01,1.857804343741553676e-01,9.959437860991020575e-01,7.482559517242433067e-01,5.887569903082600087e-01,4.738678350693684149e-01,7.689835798634402364e-01,6.166656595929066453e-01,6.705454689153453884e-01,8.601781599986726978e-02,4.010154323348684713e-01,0.000000000000000000e+00,4.716591198276396391e-01,3.686322169448632557e-01,7.317229116796215571e-01,5.220932144431769117e-01,6.300279281688774269e-01,8.945047228530511596e-01,1.913222835730671589e-01,6.669013245096531151e-01,7.378474200945901451e-01,5.794204985793871554e-01,7.378789594613158753e-01,6.951176465114318193e-01,7.292002577588061474e-01,2.629057608698091020e-01,7.010669443329490269e-01,3.708039373545451989e-01,5.348892125512123563e-01,2.236297298218290486e-01,4.830759909367593474e-01,4.865141112443486238e-01,6.071896979408785144e-01,2.969263369833645139e-01,4.445437748904048636e-01,3.905540004706941071e-01,7.986368387996656271e-02,3.580989298180636826e-01,3.495481116821402834e-01,7.492436643849352818e-01,4.757414538491095968e-01,3.449319276969429748e-01,7.904485996361920730e-01,2.584927490725585364e-01,9.985032895026921818e-01,6.785763447287155303e-01,4.565159829546593384e-01,7.791958433608643375e-01,4.287093614915232775e-01,6.734254317098871123e-01,3.186743400307150975e-01,3.341781703127207903e-01,6.859923715462731275e-01,5.224991105573524308e-01,8.034858969357322467e-01,3.215099344516718638e-01,8.364661511228149715e-01,6.621779274086967426e-01,9.615865778162888677e-01,4.398516223843981221e-01,7.531262769744255792e-01,6.487563526179019879e-01,9.123911300067595320e-01,6.645202861695749252e-01,5.148683492065053713e-01,2.458109092965241882e-01,4.373453118808234286e-01,8.704133556983020270e-01,2.284662987051033212e-01,7.778726953718422266e-01,9.247469223143407469e-01,4.674608168222007532e-01,3.686233038148727381e-01,6.639977194479196321e-01,2.962983828797883246e-01,3.708298408084215181e-01,6.525996237388658194e-01,4.586755450261578715e-01,5.708845185277755530e-01,8.226914245967123507e-02,8.977037516475506740e-01,9.547819324833040078e-01,4.737214029561189754e-01,3.488323668391925952e-02,4.850776698542557663e-01
8.039468728364623784e-01,7.262818722949031525e-01,7.503928217972013481e-01,3.456722347842817733e-01,8.246611086968049786e-01,3.708778434227907872e-01,2.411706234848708386e-01,5.041351108432334804e-01,6.730748383504102650e-01,8.750509329555078430e-01,9.965609465505740339e-01,4.716591198276396391e-01,0.000000000000000000e+00,4.655971140471814596e-01,2.736045511957331811e-01,6.486754506961567301e-01,5.298907745888519205e-01,7.072074401408031674e-01,5.588614489389474027e-01,8.696229454487603983e-01,6.660377550244495071e-01,7.038306662949557202e-01,7.544421206724805096e-01,2.799319113385912994e-01,3.906513444772593546e-01,5.228406737806440274e-01,8.917129255423639211e-01,5.544361502596001356e-01,1.995193557562675302e-01,4.301436060873466971e-01,3.504872567864453226e-01,7.795253240249222504e-01,7.390692467351290817e-01,7.571923428558989810e-01,7.658270437892134019e-01,4.061762134960146264e-01,5.587928732040035179e-02,7.897008514354272313e-01,7.331017242422596114e-01,9.431810974082824872e-01,5.059106095277091653e-01,9.388736414843181777e-01,6.120078614225686886e-01,6.213962975153179968e-01,8.432782807188564655e-01,7.846730475051849618e-01,8.690099251210381404e-01,7.393936278560815367e-01,7.347555266744817404e-01,1.244532751296518608e-01,7.450198527071429933e-01,7.842960725234296993e-01,8.326846035830076653e-01,6.126377042147636010e-01,6.021114685784847431e-01,7.361778140831530814e-01,5.129562707948945866e-01,7.442205629303928482e-01,6.195575106059575399e-01,4.670741698741386339e-01,6.408982953067968724e-01,6.615160937307991151e-01,9.057611257996864840e-01,9.635149657306841808e-01,8.282578416883976669e-01,8.167952777992436575e-01,7.828806884545195244e-01,9.625630017210214939e-01,6.422971291605011901e-01,7.127554185821048938e-01,8.409943044059702277e-01,7.650585308546237195e-01,3.613923149936796309e-01,1.955655966994187742e-02,4.566951736239965309e-01,6.355619550264528517e-01,8.566033531975447701e-01,9.350640905439778772e-01,1.884626810963263288e-01,2.823812724415369901e-01,5.024471861268373640e-01,5.838467475199251577e-01,6.720509917195726102e-01,5.448153530133388323e-01,6.488870195251498219e-01
7.130641501899834811e-01,6.610178403154604032e-01,7.438515419384861271e-01,6.897879343069425184e-01,9.201966675655338657e-01,8.793955682213674407e-01,-1.498924293368779359e-01,6.085807818639510369e-01,6.746684837177457927e-01,8.278903299786565251e-01,6.533771768358160870e-01,3.686322169448632557e-01,4.655971140471814596e-01,0.000000000000000000e+00,7.478065434977512749e-02,8.760719325515768929e-01,7.461464427919957121e-01,4.589818355729586297e-01,4.365980240651092248e-01,8.306929732959048573e-01,9.149672659231180560e-01,7.997993992836147648e-01,9.954334125762163143e-01,7.956728196138604936e-01,6.226702766644964804e-01,7.059960101128984755e-01,5.860199838964009755e-01,9.466919005801838205e-01,5.163864843691461370e-01,6.725109336237994340e-01,2.074284153557837962e-01,7.638450909015742640e-01,8.400610578239987580e-01,5.401690763704107834e-01,9.089899668989216419e-01,2.208230062074396927e-01,7.697226163359127682e-01,6.298716302740849926e-01,9.411572570882699162e-01,4.623027111242717369e-01,5.000494341478932681e-01,5.392345450971816057e-01,9.232752836746855873e-01,7.087578615882722533e-01,8.084858770921385940e-01,8.297437058126275744e-01,6.810452393308241703e-01,3.680691440639604073e-01,6.535946357824984343e-01,7.421153602551203710e-01,9.774186776068045646e-01,7.429685516073918361e-01,9.922397849733897157e-01,7.359116681673496529e-01,4.186645814062427418e-01,8.765295249726409166e-01,9.743642871670771255e-01,5.725191114562446781e-01,5.508114636923016061e-01,-6.227405185446377445e-02,2.309482208778688983e-01,7.339364363682001624e-01,7.644687453301012292e-01,8.146076184029766853e-01,4.397864960234634246e-01,9.993429507248031696e-01,6.036485249086060989e-01,7.541318908658524167e-01,6.163733230307685274e-01,9.958448722421164856e-01,5.050333549605466876e-01,8.746855087092714198e-01,3.284791251663302658e-01,3.098307444606656150e-02,2.698442403098354481e-01,5.511312107511555647e-01,7.129557887972911567e-01,8.373316647411567226e-01,4.468052375753799321e-01,5.206605251321163585e-01,6.602449685345790353e-01,7.582900379391854795e-01,8.609665198379292672e-01,6.195478304846272488e-01,8.771789184893268310e-01
9.067425946562728267e-01,6.773722632043677194e-01,3.560607182168217255e-01,7.783197678666872177e-01,7.673104922452619325e-01,2.983210861147584936e-01,6.120329433171782796e-01,4.347025160685926704e-01,5.017861140626178607e-02,5.138810075438353664e-01,7.892001551404648207e-01,7.317229116796215571e-01,2.736045511957331811e-01,7.478065434977512749e-02,0.000000000000000000e+00,7.298155696040288243e-01,3.868656738542901041e-01,6.323764777804414816e-01,3.575172091943456532e-01,6.318263805709056768e-01,8.221824981677783306e-01,6.010483156910082503e-01,9.722217083613216015e-02,6.189588071258306234e-01,7.830910341776715633e-01,6.138870411694938856e-01,7.551184593686607327e-01,6.637473925293296828e-01,5.853665557238065809e-01,2.125830414037767624e-01,3.070560745502117772e-01,5.071454891395926756e-01,2.861181443970791660e-01,5.487443245094457689e-01,5.509815033990368427e-01,6.050602842099217504e-02,4.111375307528018497e-01,3.304407432642407771e-01,5.655652159907672560e-01,4.377778752820666863e-01,4.950987498854363955e-01,4.036142586648097108e-01,9.647745871582530386e-01,5.598609536491830907e-01,3.233040687710866945e-01,9.305278349058582199e-01,4.465374072894146562e-01,5.155648668926496869e-01,1.667938327388366060e-01,4.478964435082964379e-01,7.862601755178456608e-01,5.513645521416771222e-01,9.003892380329767686e-01,5.570247642632976115e-01,6.273857397328160834e-01,4.064752264687552241e-01,2.475910604456358077e-01,6.304273704454844696e-01,7.031431686208868825e-01,1.534234079822696106e-01,5.730402567433793282e-01,7.674506947432335746e-01,1.122412021682879096e-01,9.965177310458781523e-01,4.863273100823700679e-01,7.547225100713347290e-01,6.148828568092273850e-01,7.624882782894577549e-01,5.344842171222554672e-01,7.178154567925267848e-01,6.129968275231025832e-01,4.181908253622012572e-01,5.513851149164294974e-01,7.427533035082814483e-02,2.586408515562038657e-01,7.991343520179858828e-01,6.703268822909462799e-01,7.785320486032648590e-01,5.580169290271861371e-01,5.894977337542535167e-01,8.938554539626766826e-02,8.418896156312547507e-01,7.828763006951857673e-01,5.962867001982415927e-01,4.348651166065239382e-01
7.972664561508466807e-01,7.572453171774856662e-01,3.108104160279867578e-01,9.000411278561958328e-01,6.366535056885626043e-01,5.336116276675355596e-01,3.740097676381137770e-01,5.490766246144437313e-01,7.461351338936401678e-01,3.616554332366314073e-01,8.674260705589110776e-01,5.220932144431769117e-01,6.486754506961567301e-01,8.760719325515768929e-01,7.298155696040288243e-01,0.000000000000000000e+00,4.678558213304365720e-01,8.916349703288779516e-01,7.403564512966985811e-01,6.898710812521197111e-01,7.392416615790895484e-01,4.805868917113278460e-01,6.735736183237106545e-01,7.851206180835795800e-01,7.286983716163883962e-01,6.817622262444703596e-01,8.575092211434229839e-01,6.532065659586362427e-01,4.073089925014944379e-01,2.444274484814557558e-01,3.572093198802642755e-01,6.231463873050255842e-01,2.488906810010354798e-01,4.603409894861407725e-01,5.515422985980588111e-01,2.402174251567637531e-01,8.026715932707602363e-02,4.488865752479467286e-01,5.397564456487216056e-01,7.506338426863534696e-01,2.025396992976877253e-01,8.562587804685040105e-01,9.997022718662610385e-01,5.465572463134134029e-01,7.141511091969899860e-01,4.076835494505772761e-01,9.676734659425245688e-01,4.099045517784969395e-01,5.897455645700653282e-01,6.715481895036896631e-01,4.997942903535846915e-01,9.654625517983437266e-01,6.695143755692001264e-01,9.399628905229943099e-01,5.417898779590987202e-01,9.299726655043972778e-01,7.804488840752802359e-01,9.977198071485045006e-01,6.122736986563154238e-01,3.964816034846233017e-01,6.885253043762917802e-01,6.669014850423677920e-01,6.700065270454564903e-01,1.849881325674522861e-02,8.764889168222014248e-01,5.328130255815470839e-01,4.089843109480727490e-01,2.218244566212152213e-01,7.521917550548282705e-01,9.834313667865726138e-01,4.227923725986332260e-01,-1.479676058178848175e-01,6.810103465640596765e-01,3.458614062983743631e-01,4.291599297399125712e-01,7.892140309677395660e-01,5.250315650448842408e-01,7.833196915229881374e-02,6.812304857074038544e-01,5.536407431366465737e-01,5.544572964640630541e-01,4.981339798187499612e-01,7.670788863108579658e-02,4.109458923659017882e-02,9.686783888517063179e-01
7.609309392910188485e-01,7.972304654660294920e-01,8.346045995520362526e-01,9.205671278387693723e-01,8.104740679008897164e-01,6.997402844721111181e-01,8.608512748060090924e-01,8.678420224558182072e-01,7.171785702089121806e-01,7.084721601727047569e-01,8.800564690013723546e-01,6.300279281688774269e-01,5.298907745888519205e-01,7.461464427919957121e-01,3.868656738542901041e-01,4.678558213304365720e-01,0.000000000000000000e+00,7.527004118441801284e-01,4.949836219281202876e-01,6.171793508824167107e-01,2.467825501240701047e-01,7.035146448587451529e-01,7.627183986658162551e-01,6.106022249287041959e-01,3.218198697312815715e-01,7.425251774815130323e-01,6.332636165851099896e-01,5.590014449167569621e-01,4.179537679535348937e-01,2.772447650381548723e-01,5.643325327913502054e-01,4.250315870106965432e-01,6.293805226961772803e-01,2.949724399538947162e-01,5.720883184370070262e-01,7.386103228329713444e-01,2.430088948889251310e-01,8.517917070458276285e-01,7.337915303177013904e-01,8.658570266911336244e-01,7.188863278389874267e-01,8.268271308216662563e-01,6.790670091357347005e-01,6.972287818996886211e-01,5.503783557444261731e-01,6.098301903734862917e-01,7.451353568089882362e-01,5.016142380668253686e-01,8.428961744653056254e-01,8.623453006351928796e-01,6.913045596195220854e-01,4.388416207669990077e-01,6.646944549923723411e-01,8.022045637431068910e-01,3.986318332816940480e-01,5.494602866631181914e-01,3.608064749078189193e-01,7.011591224933135802e-01,8.880603350145338526e-01,2.514791077776617478e-01,3.652103531353712018e-01,4.526901698505109151e-01,9.571965773923579723e-01,9.568863862823465682e-01,7.100283935386365597e-01,8.577947956904004023e-01,8.562287501551165692e-01,6.498082275062389002e-01,5.152774144935028389e-01,4.792130920249464410e-01,8.102480627851637029e-01,4.361250735849425686e-01,4.053334255972702582e-01,6.899558767926839975e-01,4.934589484611671129e-01,6.003349014922585436e-01,8.556474417976265290e-01,6.806348492056517596e-01,7.911045328137009669e-01,4.747555148651381729e-01,3.132006570863430372e-01,7.490925536878051405e-01,6.944330474753374061e-01,3.546337417461496999e-01,5.482083596667399750e-01
7.323278490611233593e-01,6.673633761100333794e-01,9.523559655926612244e-01,5.403855599721656411e-01,7.246648331511622576e-01,4.699264860657433873e-01,2.148510101178949250e-01,8.523797698098278808e-02,5.282617120903216890e-01,7.074125241769881889e-01,9.354394413612752146e-01,8.945047228530511596e-01,7.072074401408031674e-01,4.589818355729586297e-01,6.323764777804414816e-01,8.916349703288779516e-01,7.527004118441801284e-01,0.000000000000000000e+00,6.795948369297419855e-01,9.580427235943467235e-01,9.337293277380329659e-01,6.819075341918092725e-01,8.766181638086451011e-01,7.307979653539654619e-01,2.002786226111516465e-01,5.804679309655891295e-01,7.550166748215773049e-01,6.277018853604393600e-01,4.339306517366021687e-01,5.557451815479621526e-01,5.539852214127490848e-01,2.710754904435989099e-01,6.775985600367948614e-01,9.582323228905391677e-01,7.728711853746856875e-01,2.532908207370715425e-01,8.236296568196799228e-02,4.002830361694256767e-01,6.332172589903829474e-01,9.404550091618344432e-01,6.252115107986390141e-01,6.193516869472170949e-01,8.910564719775836418e-01,9.169959653635302299e-01,6.756163077990593457e-01,2.170259559028420715e-01,5.264751373580913718e-01,4.139646939662134373e-01,6.894352508774833632e-01,6.575020149369704692e-01,7.700475549026613020e-01,5.643046490950844873e-01,9.554920926247750801e-01,4.685460209959647071e-01,6.617841812144114044e-01,8.702195730976789445e-01,5.939201922436254666e-01,5.829801773131617626e-01,9.821613310255051799e-01,3.122583777661936955e-01,2.296206879952747137e-01,6.627962814411435533e-01,7.985945865196983906e-01,8.511821426346456443e-01,3.773300377432138308e-01,6.680223989611817625e-01,7.508604481768398342e-01,8.812995791387976396e-01,5.533199223273292944e-01,4.220675528268688081e-01,3.999631933091398750e-01,4.520789246822753960e-01,2.090455495134484754e-01,2.339022736414535508e-01,4.622429702628581549e-01,5.597635439820390912e-01,9.937796637515114995e-01,-1.187687511774164068e-01,7.031428493521265644e-01,5.253992830840621409e-01,2.725939798430401795e-01,6.879482336805994303e-01,4.455694198580289478e-01,-4.959933784765435671e-02,6.835857281568566979e-01
