0.000000000000000000e+00,8.502997274904640079e-01,8.509047142086744175e-01,2.830357581886207008e-01,8.392183087775427763e-01,7.792236618520012037e-01,9.223335897390305682e-01,6.193943733227383897e-01,9.366148824120998917e-01,7.129888036558708064e-01,7.982967257959343588e-01,4.684214155166579463e-01,8.994984962489720459e-01,8.658763725175644410e-01,6.313320306465539655e-01,2.923545638375936173e-01,6.799180733037673008e-01,4.885412266935518222e-01,5.714654901483383620e-01,7.001418970278571186e-01,7.224852242748105446e-01,6.000871634616049555e-01,4.861726826429861315e-01,8.043870422724836988e-01,9.131573834327837424e-01,9.527798960729338962e-01,9.824472587045109950e-01,7.778717799450542980e-01,5.921804287423786395e-01,3.471066500070829064e-01,3.784732443567780935e-01,6.616208147584179411e-01,4.022303460968431610e-01,9.585728964044487599e-01,7.758599593588169085e-01,4.269578215004711796e-01,3.399466149528720393e-01,7.458045609128163278e-01,6.609576675456179107e-01,3.732923191681508657e-01,7.810597328807755702e-01,9.453642131651268654e-01,5.341835362706921497e-01,8.741839920897113148e-01,8.800698004185516510e-01,8.249853484226776779e-01,8.173648447205883460e-01,5.635452548890929059e-01,6.987246312920754043e-01,9.557058151175928939e-01,4.982549844394957295e-01,2.620215886191830101e-01,2.453954291708217439e-01,4.416065553439448843e-01,9.702216114203084940e-01,8.951341956568293901e-01,5.197352766470345609e-01,4.687265139043066964e-01,3.907531385128675261e-01,1.201522017265540532e-01,5.845198626094709748e-01,9.228876374276935302e-01,8.756384561820408363e-01,6.367300073746590128e-01,8.349719055029334314e-01,9.557848226534761960e-01,3.690136985166917460e-01,6.097584511005892383e-01,4.812628872988264916e-01,4.622312602534620063e-01,8.813655140259845089e-01,2.587700373804976417e-01,2.746571577942825693e-01,3.394133694617834096e-01,5.014924180119738617e-01,7.278597020819239649e-01,6.348594670976754895e-01,5.970681028081565866e-01,1.092699606389549161e-01,2.649270137974790718e-01,8.627509897814354956e-01,9.861874877564595909e-01,7.529952591212409896e-01,4.315997782259591020e-02,9.240051919415763759e-01
8.502997274904640079e-01,0.000000000000000000e+00,6.671850708397397689e-01,4.171530387273070239e-01,4.959239905984507146e-01,8.674168761640743686e-01,5.523642124203348436e-01,6.378408885476487544e-01,2.860794117097356648e-01,7.161516309722778528e-01,7.455750719698507334e-01,3.397469892782873924e-01,9.083653058797342972e-01,8.335843874093398220e-01,6.389771217710848994e-01,3.619575829392984723e-01,3.033889015532658107e-01,2.043647051877383047e-01,3.678047731393288000e-01,2.485793351266243623e-01,7.914819089475894076e-01,6.768987620259966365e-01,6.521267834907502614e-01,7.218093311714450788e-01,4.664744564619143774e-01,4.124634238214925919e-01,6.813429217569875185e-01,7.802435686590628583e-01,8.083918212333236764e-02,1.049895855790981686e-01,4.830616029382579502e-01,1.871109086188564585e-01,2.768379243696599823e-01,7.725274000316024736e-01,2.211702581388707012e-01,4.815394392767746168e-01,2.677389467729000549e-01,8.630407024822649431e-01,9.969060861591692024e-01,5.534547330648491581e-01,1.117380457827514897e-02,8.646505987316106534e-01,1.868937711803478341e-01,4.140617959584840801e-01,6.131673250662315056e-01,8.065058687214454736e-02,7.429515537857720453e-01,9.227210880861473896e-01,4.515962863917984405e-01,8.898585088078635463e-01,4.923741253269769969e-01,9.193243716761415607e-01,5.309434420284961931e-01,6.365159748385774696e-01,5.300008593868721363e-01,4.664241544824935248e-01,2.319577862278350833e-01,7.428093309109294884e-01,9.984829654401218280e-01,3.804736075921408833e-01,5.797202593796582648e-02,9.012513620002572390e-01,8.367821185710965226e-01,7.638906159711930099e-01,6.525546023649744232e-01,6.194851692250810116e-01,8.587364862352931949e-01,9.719280689674121287e-01,1.169811707360197545e-01,9.893466644623255535e-01,6.213139303668989699e-01,4.133133331681909106e-01,3.851135547565087691e-01,-1.034710706843008921e-01,7.626000725318068385e-01,3.507159547808910149e-01,9.163564387926957933e-01,6.109700799600081833e-01,4.367796915568458171e-01,4.245588989584088424e-02,2.479071433721742046e-01,7.801659419533193418e-01,9.715180549971083046e-01,1.392698698090801823e-01,9.484826508041990234e-01
8.509047142086744175e-01,6.671850708397397689e-01,0.000000000000000000e+00,6.570401265725808182e-01,5.359816052288742805e-01,7.109160155056019059e-01,8.460389287849172657e-01,9.702519245157095185e-01,7.162414930886760178e-01,9.779442429285387650e-01,6.372871911683064550e-01,4.363030769337663539e-01,6.942485616151876648e-01,8.462821712180361722e-01,7.654400107883325699e-01,6.519716827188350994e-01,6.816363159438294517e-01,3.176793674740859275e-01,7.442720665235104116e-01,7.949161292889579400e-01,6.368452185067929872e-01,5.854974672053474549e-01,9.461380654098954235e-01,3.372151714845680326e-01,6.878178782705118843e-01,7.935744591062248166e-01,5.914090413617969499e-01,6.656765717121539971e-01,4.632054960018481826e-01,4.357386699917025208e-01,3.041818210812740064e-01,9.031633890216173022e-01,8.672378681434242953e-01,8.332027705494382541e-01,8.682955522173061436e-01,5.025232111591997342e-01,4.719505287612401623e-01,8.698781077439372567e-01,2.469395825366874908e-01,7.958194095840549487e-01,1.479335296893087015e-01,1.903308723126204693e-01,6.746545778010291095e-01,9.178007265797920589e-01,8.989073156317664015e-01,1.500963321476134205e-01,9.600246632552023041e-01,9.314828087558597591e-01,3.058552393208890385e-01,7.438273465841330756e-01,7.242369333517091334e-01,6.867111136044723452e-01,9.115688916326050162e-01,8.442850194355298044e-01,6.419036560831038463e-01,7.633730253898355356e-01,9.408398381212627060e-01,2.845342984185865731e-01,8.521343658235641660e-01,4.272229029168790881e-01,6.220285845384767587e-01,9.915111943356180735e-01,3.035256250882580886e-01,6.567785285667461226e-01,5.881674400523652091e-01,9.928117599533359261e-01,5.706166273927875121e-01,6.304742210978169226e-01,4.350302536764756312e-01,7.684954108022346020e-01,7.770388432575114912e-01,7.933665789248849354e-01,3.656848114155374918e-01,4.118260002682813670e-01,9.597571701498187613e-01,7.178789205082947156e-01,6.849179710767296925e-01,9.492962285832436953e-01,3.497811038751336143e-01,-1.982840099372830400e-01,7.131324985081335388e-01,7.455845630001828317e-01,9.876560959519485872e-01,8.106290577586549029e-01,8.614583559399273671e-01
2.830357581886207008e-01,4.171530387273070239e-01,6.570401265725808182e-01,0.000000000000000000e+00,5.379637778458156161e-01,4.889715757613707914e-01,7.032399982842285624e-01,3.318542924758651758e-01,2.724836138825199594e-01,5.660835454696639957e-01,-1.962861842295442194e-01,3.922563210791852883e-01,9.105934394062170645e-01,4.082971506241251936e-01,-5.215262741739076779e-02,9.361848304886959404e-01,7.400071924939628509e-01,7.050268841556430743e-01,5.015673776370982440e-01,6.624724275012748853e-01,7.804765929016178605e-01,4.256134758533386964e-01,4.913175088683435221e-01,7.785711104868369148e-01,6.548918869295612399e-01,7.009352320594062213e-01,6.734777740292308135e-01,5.140494425732707873e-01,4.155379426181801672e-01,9.877359833323363925e-03,5.833780208177801185e-01,5.770799744744975479e-01,7.374923037239922152e-01,7.575016993561924927e-01,2.230551709441339348e-01,3.100588264060868959e-01,-1.318021271964978647e-01,7.753484441531719451e-01,9.938838298911196745e-01,8.106221039975896048e-01,2.847379449630027537e-01,6.710523040897826696e-01,7.414205253269723350e-02,9.205345467842949159e-01,7.263110507343381039e-01,6.513241558266553710e-01,3.271138842638152133e-01,8.805371738227382172e-01,5.138643696432466657e-01,7.713132495161718616e-01,7.602891902180279882e-01,6.617866311370514953e-01,7.725382200482774353e-01,7.384981533838465007e-01,7.082073892033181606e-01,2.693866536562944947e-01,3.980757404578411096e-01,6.787124004100475450e-01,5.569953064692015898e-01,1.949705814099046142e-01,5.491880536862282502e-01,5.758585602606093312e-01,4.292124391510809822e-01,8.110552532793038338e-01,8.036712568875138407e-01,8.457553553750708497e-01,7.508138384364364537e-01,4.888286842518073105e-01,7.981410082843962694e-01,8.654185114625903008e-01,6.430120079861721960e-01,7.044667974799002641e-01,7.872716852128528453e-01,2.532520616246796211e-02,5.059265396320814512e-01,6.229486167476903091e-01,7.473725020560813004e-01,4.260416054307692400e-03,5.869031821084518263e-01,5.549096528694827946e-01,1.754630119276482103e-01,5.457851199763602557e-01,7.693619273905415445e-01,8.974091372456404203e-01,4.957386359444578838e-01
8.392183087775427763e-01,4.959239905984507146e-01,5.359816052288742805e-01,5.379637778458156161e-01,0.000000000000000000e+00,2.570150190224015363e-01,6.527662998416722262e-01,4.001427289516120145e-01,5.067189468880796133e-01,6.262151473715285022e-01,7.444387219017908341e-01,8.441186093807658830e-01,6.483097445146823734e-01,4.274753386707523806e-01,7.073912404479927307e-01,8.696405713560328987e-01,3.315092252893417357e-01,3.764906454459541196e-01,8.980526897549322429e-01,9.985537620202972198e-01,8.145089179288388381e-01,2.445867083123835772e-01,7.714191254867566183e-01,8.955688875695578810e-01,3.355346206106814000e-01,9.068183130506379808e-01,6.615264674537750800e-01,6.897988006312950615e-01,4.068792935069079908e-01,6.241086042581129867e-01,5.145132983294711249e-01,5.413476453047849635e-01,7.874551109563050488e-01,7.114756567134286058e-01,4.651909062265214834e-01,3.870441081657637339e-01,2.253078661426139717e-01,5.848853648313896425e-01,4.379817352200148228e-01,7.380120858086433033e-01,9.997264994494665935e-02,6.641651492250507660e-01,2.703232737298472133e-01,7.762092065988014378e-01,7.093862230665910484e-01,4.032351668507019316e-01,5.520153208891802610e-01,6.278274246017366833e-01,9.321876415709923203e-01,7.927968247746848274e-01,5.873558431706538130e-01,2.424893217695295866e-01,4.065528852709425767e-01,5.273149827644687537e-01,6.578793351485179297e-01,4.712452541795397187e-01,5.714479770297737904e-01,3.635936465397848760e-01,8.607257411356692423e-01,2.105642025417604757e-01,7.793455943569187472e-01,7.704072154602938927e-01,6.314097466546285675e-01,7.971293015159730544e-01,2.968749538667922461e-01,6.136446680252589658e-01,3.907323390624357629e-01,3.890666536411498955e-01,6.587529101909197493e-01,2.156016914032749809e-01,6.118860521232434291e-01,5.132248873803374467e-01,5.131450538690828234e-01,5.798360909573490041e-01,4.506984933397829574e-01,6.043783339606151328e-01,2.219987679351368426e-01,1.714701480361167235e-02,3.490705036813386286e-01,7.542985989746860964e-01,6.966304319529961209e-01,9.288143464214760892e-01,7.188451084810731917e-01,4.338925791854486569e-02,1.187862617914902663e-01
7.792236618520012037e-01,8.674168761640743686e-01,7.109160155056019059e-01,4.889715757613707914e-01,2.570150190224015363e-01,0.000000000000000000e+00,5.361597882153764649e-01,2.502975664157403024e-01,6.744152153765489155e-01,9.835189193186817391e-01,7.845139210739054958e-01,5.974812448124398045e-01,6.010935114777498089e-01,6.451612742453931570e-01,8.948179646490475037e-01,7.800277783900231299e-01,4.541531078898534690e-01,4.653079721980905581e-01,7.667029724989324890e-01,8.102951013425246929e-01,7.804706717848255426e-01,6.981487366274289341e-01,7.395017279602797977e-01,4.665386740222164930e-01,7.160989230322688526e-01,7.015464654796611521e-01,6.897039604938679513e-01,9.206878483899982868e-01,1.722410781164134541e-01,2.627210618879072812e-01,5.897330080562894761e-01,5.965512215175916566e-02,6.057856724904288059e-01,8.887401488571273767e-01,6.264814572110415369e-01,3.566118231958463891e-01,5.140599060012447374e-01,4.348244888514359308e-01,9.830459077498268083e-01,9.960241494467223511e-01,5.353575226636355655e-01,5.441817094284803202e-01,7.624925025232044407e-01,8.088119613940341068e-01,9.276722973721546195e-01,6.620248148627053686e-01,7.009852986417500764e-01,9.707149074874414918e-01,2.898423776433637356e-01,2.208217808512642488e-01,7.501965212331807020e-01,9.089781063292324825e-01,2.495818641942075533e-01,4.981991828084746388e-01,3.656999026211538717e-01,7.288404174488656295e-01,4.230472033398208209e-01,4.723221309771905574e-01,1.524408449543430966e-01,5.763045236691448636e-01,3.620047929385562524e-01,5.143065632041685653e-01,6.665528136216761768e-01,7.507109659563703241e-01,8.809305032059479013e-01,4.604254516559032617e-01,5.390170019996644024e-01,3.736661012973586660e-01,5.593618694053897888e-01,5.208455110614210737e-01,8.663759767600722750e-01,4.442655692424398173e-01,2.373540455571698793e-03,7.432170579751371520e-01,4.969576662611558948e-01,6.446617285652465057e-01,4.870165602437082075e-01,2.427643047203099091e-01,2.489969460272319635e-01,3.027680439624005349e-01,4.197434053135401522e-01,6.634975537740832596e-01,4.338115374693841120e-01,5.465886272074317320e-01,5.841342357901763149e-01
9.223335897390305682e-01,5.523642124203348436e-01,8.460389287849172657e-01,7.032399982842285624e-01,6.527662998416722262e-01,5.361597882153764649e-01,0.000000000000000000e+00,2.896002092292156438e-01,2.050329944654794567e-01,2.861629795543674248e-01,7.400783032268021255e-01,4.885554518549466430e-01,5.493234923573956374e-01,1.097422189454377861e-02,8.087341711759675478e-02,5.739101827016890311e-01,5.206367099954436473e-01,7.637139613796670723e-01,5.294267517143935731e-01,8.181950378650306721e-01,7.268266548378014003e-01,5.433810949395172507e-01,7.839040566676690469e-01,4.262923203311734244e-01,6.567179095674894329e-01,4.409283970753495874e-01,6.694553859545457897e-01,8.734830389429972808e-01,5.761922308836924245e-01,4.316085103361343434e-01,1.071601483525602555e-01,6.072925780089923897e-01,6.930573284388710231e-01,3.676894730006865508e-01,7.186350546648941906e-01,5.129522615605560665e-01,7.018100976473565233e-02,5.082407104716317736e-01,6.702183289827685631e-01,5.195661260842271423e-01,7.483451984298239434e-01,4.396301117505546641e-01,2.117741375990164765e-01,6.461208726421877602e-01,9.568388802558284167e-01,3.161974605700750285e-01,4.368808430258451780e-01,3.808899954349878048e-01,3.353274558054205601e-01,1.687242654368776296e-01,5.923589433644977920e-01,4.988498830856863409e-01,7.347110590149998899e-01,7.263659009992657900e-01,8.103858058509856299e-01,5.341202103964317605e-01,9.550765338173505814e-01,7.475950325528812890e-01,7.417661180394823361e-01,6.890885312617316405e-01,5.735556858223203047e-01,2.619873764024046037e-01,2.768624608256006203e-01,6.012005177940772382e-01,9.358463831652501508e-01,7.759996002990097175e-01,6.950797002489828014e-01,6.634473749186838853e-01,6.256734337543348179e-01,3.736913590014765418e-01,4.138606328149755931e-01,6.375439197614640729e-01,4.493929959781207129e-01,5.326429586316412390e-01,6.483874365898545378e-01,2.236659822113298279e-01,5.759878629765932123e-01,1.537839121440728873e-01,7.743330916222151972e-01,2.720105785211081595e-01,2.273439748851600883e-01,4.993230104302627814e-01,9.815770847292744072e-01,2.869700161883380063e-01,4.626091976747916390e-01
6.193943733227383897e-01,6.378408885476487544e-01,9.702519245157095185e-01,3.318542924758651758e-01,4.001427289516120145e-01,2.502975664157403024e-01,2.896002092292156438e-01,0.000000000000000000e+00,7.750960270790824280e-01,9.748378311197253288e-02,6.529696026302704848e-01,2.571550761724662459e-01,7.476242066287621668e-01,7.959009209238677718e-01,2.002605889368089254e-01,6.983729182195769214e-01,6.665229440111299919e-01,4.703813352675846882e-01,1.883253181982272595e-01,2.065066802832332959e-01,7.713687269293676430e-01,7.950819976504659437e-01,5.069707951759991893e-01,7.020674561597992636e-01,4.097714192786275356e-01,4.972650667880231246e-01,6.092321257386673627e-01,3.169002239324735237e-01,7.636501050390325229e-01,7.794207877601123657e-01,6.368216151382612988e-01,9.515112124006950278e-01,2.675830269435727771e-01,5.784942733167858231e-01,5.324557981792991113e-01,3.507559457065212993e-01,1.709960929530045248e-01,6.763492145357595797e-01,6.833917676646605877e-01,1.657105277382204256e-01,5.377562512156384145e-01,7.896028153602756561e-01,1.730902406887686318e-01,4.035776202074689567e-01,7.663240482140784016e-01,3.567146976128253155e-01,7.835967217726278466e-01,5.177153603882259647e-01,4.006023199396419043e-01,7.008410405977968383e-01,4.202969378041505055e-01,7.500719153571977493e-01,2.648593362272885776e-01,5.420794939972728432e-01,9.345134051211628767e-01,4.530119271404930426e-01,2.480660483525776450e-01,6.741775780954377684e-01,4.568655249094633053e-01,4.314961333078812245e-01,1.537159759829070382e-01,3.281891196116348830e-01,8.897782344211638828e-01,5.511931939925597268e-01,6.850315226833181281e-01,3.937765537940111082e-01,3.400244354790953327e-01,6.059351729632392880e-01,7.904690040506698878e-01,6.695214516805907401e-01,-9.212416025939595965e-02,6.758322761357793418e-01,1.285967551229683647e-01,1.868119887233417042e-01,3.776433427355474493e-01,2.458898918609135342e-01,2.673106451245749193e-01,5.976767639740896421e-01,1.140497371123943976e-01,7.798902606782573965e-01,7.586112003154807937e-01,8.398023848879776487e-01,6.655185912822469962e-01,5.457768238818045958e-01,5.184445133847581655e-01
9.366148824120998917e-01,2.860794117097356648e-01,7.162414930886760178e-01,2.724836138825199594e-01,5.067189468880796133e-01,6.744152153765489155e-01,2.050329944654794567e-01,7.750960270790824280e-01,0.000000000000000000e+00,7.179221851802513044e-01,4.799125523009907246e-01,3.665825646905572777e-01,9.941652709747477168e-01,8.405733847876171172e-01,7.557448558075254841e-01,4.405913142172668273e-01,4.345195836034885239e-01,6.120225955887494962e-01,5.713990063468190606e-01,7.076465978753435637e-01,6.202646866577277152e-01,6.286957480300140455e-01,7.273281738199098845e-01,7.860581550472081069e-01,4.303059832834007503e-01,1.414255976443225815e-01,8.500245007197382296e-01,3.896044459994872367e-01,3.082723637480855317e-01,3.578312575189297462e-01,5.466275202123223043e-01,1.617528016371456434e-01,7.238435423464819607e-01,6.704025481754427584e-01,8.630549561542727455e-01,3.824970658990868300e-01,1.100544697969111640e-01,6.794651363281806189e-01,7.382952667840220196e-01,5.714450645178326127e-01,5.557807256234331694e-01,8.917415949481365400e-01,5.438287602954063882e-01,7.401642091762812292e-01,8.977352110371012994e-01,3.243915915266207817e-01,6.209969595176706436e-01,5.511389169965138501e-01,3.111298351886343516e-01,3.322864650377763684e-01,3.053371254233616106e-01,8.084880734729388285e-01,5.909237756107799111e-01,6.443401293820520959e-01,6.603096188608653661e-01,6.581377572430718859e-01,4.460200252659107800e-01,8.954747851343957121e-01,6.004760906772331763e-01,5.217138784997705780e-01,4.411003427393871967e-01,5.979193637134636585e-01,6.024241448560846424e-01,9.583813254116062552e-01,9.486002997967133421e-01,5.180562443934166872e-01,2.727077228743411963e-01,6.677156305920393109e-01,7.112628854617205620e-01,7.961318304391701295e-01,7.402027446778102204e-01,1.282285932958852903e-01,5.422304506184151274e-01,2.744497394898766651e-01,7.973690540151170403e-01,7.402150506043924105e-01,6.391248656277366269e-01,6.472461425844555638e-01,2.206059407230406277e-01,1.578190610663309235e-01,9.372465840982875385e-01,7.325598353728783874e-01,3.988800714098156286e-01,6.952311820465051362e-01,7.898184939326331477e-01
7.129888036558708064e-01,7.161516309722778528e-01,9.779442429285387650e-01,5.660835454696639957e-01,6.262151473715285022e-01,9.835189193186817391e-01,2.861629795543674248e-01,9.748378311197253288e-02,7.179221851802513044e-01,0.000000000000000000e+00,6.457771880969699341e-01,4.772970596803746690e-01,6.061356655515474090e-01,7.472681643572682830e-01,6.766453959336792279e-01,2.036115600706945861e-01,8.416100692110383141e-01,7.378465837530500115e-01,7.218252641015520110e-01,9.108872034295285580e-01,4.808980185927387296e-01,4.350780669481844054e-01,6.890928878392641455e-01,9.453672960077470488e-01,4.560765020311156603e-01,6.530112780996704114e-01,9.615335045313073703e-01,7.865901677280329185e-01,2.922584281870787559e-01,8.130644668517257589e-02,4.675130703362541107e-01,7.106018994291510849e-01,7.704811766386456817e-01,7.141875205490288980e-01,7.189060062730934231e-01,1.262136132601112959e-01,6.184194852721712765e-01,5.188910515301315973e-01,9.416701609696256359e-01,7.263981131965511207e-01,2.113031453931799031e-01,9.634760298151342495e-01,5.510614691788262576e-01,3.779769388607795433e-01,6.812725642985637542e-01,9.647958993685342710e-01,5.647973232863578996e-01,7.082416998566553046e-01,6.853613031416347923e-01,4.604300411658613368e-01,1.091830767450298750e-01,5.580098198004852517e-01,3.949920647444409294e-01,6.294858293403883254e-01,5.563905588549510339e-01,9.369436427878007345e-01,6.155150987900023241e-01,6.102101028981132824e-01,6.818700064562952523e-01,1.961553879528511457e-01,4.544023532621943584e-02,4.099977090730547724e-01,9.979779501182219903e-01,2.158997781050705778e-01,6.090765759347336328e-01,4.093781690761028602e-01,6.901011111770650741e-01,6.211667986106550465e-01,5.166327866248076051e-01,7.749998206545083423e-01,7.057690294039579149e-01,9.018283603584698049e-01,5.193495989487240116e-01,4.602805634509064131e-02,1.519747848583252181e-01,6.835955428425101177e-01,4.782796492948549472e-01,4.117438935604182948e-01,4.640799574293874574e-01,2.947553192434592684e-01,7.480935458944300287e-02,4.839710443780419480e-01,6.429693070743569550e-01,6.019590301724795367e-01,7.068101726838311727e-01
7.982967257959343588e-01,7.455750719698507334e-01,6.372871911683064550e-01,-1.962861842295442194e-01,7.444387219017908341e-01,7.845139210739054958e-01,7.400783032268021255e-01,6.529696026302704848e-01,4.799125523009907246e-01,6.457771880969699341e-01,0.000000000000000000e+00,6.686238247202163087e-01,5.692274553846159435e-01,6.954959755841797486e-01,2.040773815268234204e-01,9.842476702392604082e-01,3.986345129758500083e-01,4.279625562444852593e-01,9.224766607270220575e-01,7.460225466220224977e-01,8.860063625191195724e-01,9.363747033707457701e-02,5.349572027606599445e-01,6.321962896558069867e-01,2.084105016645940722e-01,6.309906571941871212e-01,8.103326114139930425e-01,7.997920477344315771e-01,2.169929770250185741e-01,4.235332527458468554e-01,5.086798893911717023e-01,4.988750620483193288e-01,3.027562110410970675e-01,6.324406119933215775e-01,6.033378836063271189e-01,3.077393577940678027e-01,5.294425806588358707e-01,7.667674986027125383e-01,9.750020077340221247e-01,8.057807803939336377e-01,6.383016708789677196e-01,7.102291128735510606e-01,6.776708165379510262e-01,6.254925946104205048e-01,9.384069887527862752e-01,4.862366754883669651e-01,8.867948631384938718e-01,8.827148513869083057e-01,3.921914567700126586e-01,5.483920101213554110e-01,5.602418974328868817e-01,4.935150808307192660e-01,8.095706622782722350e-01,2.931927619661181539e-01,6.524337855629845917e-01,7.455557191021837671e-01,7.383366678631270164e-01,9.192103001552854868e-01,8.255675137429085986e-01,3.903213783645175239e-01,5.748124417377301620e-01,7.000897174407560986e-01,7.057900988713448065e-01,8.133333381813127039e-01,8.419259680319814976e-01,4.805605990864356136e-01,6.687714491115384075e-01,8.274987231742072513e-01,2.063342421076377886e-01,3.710500231122209058e-01,9.339647221803947241e-01,7.416442883043509182e-01,5.053319140931324949e-01,3.585053161284068590e-01,4.797451471400738209e-03,7.087209646406574803e-01,5.251880786558686953e-01,8.973104182644742188e-02,3.568885613962943237e-01,4.783936965533473473e-01,4.814621932380205305e-01,5.672581035066390776e-01,6.028544495719395657e-01,1.583735083560054435e-01,5.203568139407932502e-01
4.684214155166579463e-01,3.397469892782873924e-01,4.363030769337663539e-01,3.922563210791852883e-01,8.441186093807658830e-01,5.974812448124398045e-01,4.885554518549466430e-01,2.571550761724662459e-01,3.665825646905572777e-01,4.772970596803746690e-01,6.686238247202163087e-01,0.000000000000000000e+00,5.569872206168950957e-01,6.611561020875476036e-01,6.689718830458868393e-01,6.438062226566567681e-01,6.006669058434753738e-01,5.154166523501537700e-01,1.703035300507476091e-01,2.253446010921058007e-01,8.618347876656103912e-01,9.503564972448075299e-01,1.156757471236904977e-01,9.884554527597700924e-01,3.882942704051473015e-01,5.343332866604710851e-01,5.100231037804027201e-01,4.949730946628111417e-01,2.971017305902696748e-01,3.217162742351156179e-01,5.864155755126920777e-01,2.961267868711014994e-01,2.830790934189262309e-01,5.383463248667599843e-02,5.140075957075361801e-01,2.673840741576580804e-01,2.454593293700434997e-01,3.091034765777507798e-01,3.238428980507395138e-01,1.138639047655631009e-01,3.204805113659461302e-01,7.384865494945541675e-01,3.311052375008005089e-01,4.363513566948286071e-01,4.624339724759530812e-01,7.026716030692250481e-01,7.283710344238351064e-01,7.210923463043429349e-01,2.496902732094640753e-01,4.166095335723816184e-01,7.172116141849809168e-01,7.355833218735621237e-01,6.995638534228404426e-01,8.775043519303010742e-01,9.015788552777661558e-01,8.615226915536720043e-01,7.206703861760055396e-01,5.398084979576394105e-01,8.127494231087398768e-01,4.907265238184765899e-01,4.411202562974738117e-01,6.883592109173918283e-01,9.242103135997112862e-01,8.038901372563617143e-01,6.548990069495888022e-01,3.561552067906307295e-01,5.736697683344519350e-01,5.402231526631453562e-01,5.126035235567369952e-01,6.637831059947805201e-01,5.104817492507781607e-01,7.304131300750436040e-01,2.587464771720858203e-01,3.316757092935689322e-01,4.089629628775091064e-01,5.449455556601794370e-01,4.845901611048616942e-01,2.141104865422628345e-01,8.698065696999673913e-02,1.813799339120743259e-01,7.017655097504404971e-01,9.255995634231982683e-01,7.916442952814037870e-01,1.408191622261268650e-01,4.851850301029861368e-01
8.994984962489720459e-01,9.083653058797342972e-01,6.942485616151876648e-01,9.105934394062170645e-01,6.483097445146823734e-01,6.010935114777498089e-01,5.493234923573956374e-01,7.476242066287621668e-01,9.941652709747477168e-01,6.061356655515474090e-01,5.692274553846159435e-01,5.569872206168950957e-01,0.000000000000000000e+00,5.620005738354731939e-01,6.127251608115681369e-01,8.637628095475635703e-01,5.362277956907095522e-01,7.512454466028970490e-01,9.382919908605514836e-01,5.510405027649021292e-01,2.695263697492169541e-01,7.936230709385392323e-01,5.661462712267402164e-01,7.438154988463000494e-01,3.722402563091463668e-01,5.221554528023079067e-01,9.409623972081333498e-01,6.859366392110316513e-01,6.116079240887926094e-01,6.540949996705318625e-01,5.423610479084175484e-01,6.511332314337016092e-01,6.997177192536888635e-01,5.735864507643095855e-01,6.206785003747878893e-01,1.999338905418712176e-01,3.838888924463068619e-01,7.851325938514025493e-01,6.287028214651781965e-01,5.097563016376013278e-01,5.740721534437098761e-01,9.627198866377233433e-01,1.428328266426400484e-01,8.573097376891045673e-01,6.405404461143036077e-01,7.637036001036581201e-01,7.828573100692025610e-01,5.020924116225223832e-01,2.394891161035332394e-01,6.522809968133007341e-02,7.805623880565801809e-01,8.794780971595677066e-01,6.811945358180491183e-01,7.435417421135482874e-01,3.094374445127613393e-01,7.380815148180889240e-01,6.467449452687434874e-01,5.504633995368539701e-01,7.240861743283807384e-01,5.224221095871062204e-01,1.420406135627358402e-01,7.802836790577393211e-01,7.392224233619222318e-01,6.948997902750322364e-01,4.137263881262343013e-01,6.170364538475534566e-01,7.168843425304569639e-01,6.204850993171956430e-01,4.549648205638907594e-01,6.211709414771211524e-01,4.765178379048762292e-01,9.615915922801763216e-01,7.586107838423891137e-01,2.111750054219834472e-01,4.462079585330416265e-01,7.214570729365923363e-01,4.371289872464654835e-01,7.355155042173562308e-01,6.277018310170005000e-01,-6.800215704418269280e-02,5.318821308470853548e-01,5.014388448713182900e-01,9.489998365345770903e-01,4.716788447809073803e-01,8.487648755578367510e-01
8.658763725175644410e-01,8.335843874093398220e-01,8.462821712180361722e-01,4.082971506241251936e-01,4.274753386707523806e-01,6.451612742453931570e-01,1.097422189454377861e-02,7.959009209238677718e-01,8.405733847876171172e-01,7.472681643572682830e-01,6.954959755841797486e-01,6.611561020875476036e-01,5.620005738354731939e-01,0.000000000000000000e+00,5.109076164550260257e-01,6.549962344875442932e-01,5.560283490252411198e-01,8.229101692897154985e-01,5.064578349576225325e-01,2.571092646236982082e-01,7.241076196600129133e-01,7.867322222029380363e-01,8.001484405414674983e-01,5.516203033439357473e-01,-4.701665950573832853e-02,4.488405832988697775e-01,8.289647489996715413e-01,8.091645408035191833e-01,9.881066426041815731e-01,7.665758711059641461e-01,4.925925476883353249e-01,3.842507226280193477e-01,6.024070724741105165e-01,7.933748714746888808e-01,6.817177175268084310e-01,-3.684225880285645349e-01,4.701562732876090056e-01,9.620385705020331191e-01,8.167630934872158743e-01,8.265706573482320962e-01,4.630267175322367867e-01,8.457565316642330355e-01,7.965688060024613826e-01,6.021239179191788526e-01,5.920539421393731239e-01,7.080804375311272603e-01,8.545000138890546104e-01,4.871407216711908239e-01,6.925790549059560597e-01,4.463245975902458418e-01,5.934940483984731951e-01,6.985746647159515321e-01,5.202647157950224255e-01,2.335700973752228293e-01,7.500958611921937358e-01,7.005533835255480790e-01,8.788580505264097509e-01,7.879502635234588714e-01,4.309658448453052015e-01,5.061558626300489694e-01,3.804152131774370948e-01,3.909445760227689970e-01,3.114210369946257551e-02,9.750798465708764295e-01,7.043513738831266302e-01,4.419408830494173102e-01,6.353793935402782811e-01,9.216602220698892900e-01,4.808231814510603441e-01,2.210134740379500751e-01,6.701971383740931154e-01,5.272275216498866213e-01,5.490789042728345670e-01,2.723855594470843688e-01,8.668635894653609064e-01,6.893013731916426412e-01,6.751364748977393138e-01,5.606458840346525418e-01,5.950310790902533231e-01,4.086596249937239911e-01,5.575967279657715325e-01,8.415220307726387627e-01,7.563654810738944523e-01,5.093216624453320573e-01,8.597713956944884606e-01
6.313320306465539655e-01,6.389771217710848994e-01,7.654400107883325699e-01,-5.215262741739076779e-02,7.073912404479927307e-01,8.948179646490475037e-01,8.087341711759675478e-02,2.002605889368089254e-01,7.557448558075254841e-01,6.766453959336792279e-01,2.040773815268234204e-01,6.689718830458868393e-01,6.127251608115681369e-01,5.109076164550260257e-01,0.000000000000000000e+00,9.787062971081376128e-01,6.385719937374021438e-01,4.863137619039789028e-01,7.179891961095411501e-01,5.935271625119664662e-01,9.717891230984885276e-01,7.186590893580572237e-01,9.622043775673978505e-01,7.934097173843142059e-01,2.784856912150032726e-01,4.884278270398371702e-01,7.098103130943921313e-01,2.725717415694358658e-01,4.789662351128635143e-01,5.874022064444968105e-01,5.036505607685307639e-01,9.694629230025970656e-01,7.032160598034431498e-01,4.928005308133222018e-01,6.343382466071282311e-01,2.137752550528491668e-01,2.161748906374341417e-01,7.859952583234575130e-01,7.446060798114610968e-01,4.334653283862673900e-01,4.619395153541749344e-01,7.134174899768783717e-01,2.360956047215481968e-01,6.639035943459987710e-01,8.206948716472799443e-01,6.711239151254293489e-01,7.499237469182044036e-01,6.686721724675112055e-01,3.633613307271822412e-01,4.575752511642274811e-01,4.394410694724529831e-01,6.390256315914213392e-01,8.715573586477898260e-01,2.406262293701986743e-01,6.220531236343296300e-01,6.598392768734258063e-01,7.530369241609448094e-01,7.033606718705167626e-01,9.522590908066761450e-01,4.590277918950455560e-01,4.702137197999854967e-01,2.991043186558186573e-01,4.691298532848007241e-01,4.333190146134826559e-01,6.159016022337391316e-01,5.555023672540055912e-01,4.814158644520168395e-01,6.187943983634197620e-01,4.263753788168858638e-01,6.013717297252062499e-01,2.151233777640637872e-03,6.794396491761728329e-01,2.288296278794925975e-01,5.466855520331633800e-01,5.810100197524927790e-01,4.886664217286605383e-01,1.538513290845816561e-01,5.173113052352473762e-01,7.869641368299962192e-02,3.866172132343854706e-01,7.558912168953856314e-01,7.748449637515741895e-01,8.050966820502276633e-01,5.276687876836088087e-01,6.914109730680094712e-01
2.923545638375936173e-01,3.619575829392984723e-01,6.519716827188350994e-01,9.361848304886959404e-01,8.696405713560328987e-01,7.800277783900231299e-01,5.739101827016890311e-01,6.983729182195769214e-01,4.405913142172668273e-01,2.036115600706945861e-01,9.842476702392604082e-01,6.438062226566567681e-01,8.637628095475635703e-01,6.549962344875442932e-01,9.787062971081376128e-01,0.000000000000000000e+00,2.422364787725873325e-01,8.059821996714032488e-02,7.080934644521050814e-01,2.114797593504853246e-01,8.261728913078878467e-01,5.924349308265945968e-01,3.928486541128612952e-01,6.292565076604990093e-01,4.733937470857834118e-01,5.729152136108143223e-01,5.135543632117218760e-01,5.506098212349098686e-01,3.189926511970894163e-01,6.379534030598221772e-01,6.031423944089870925e-01,1.908497937612223805e-01,6.054128036889271369e-01,-1.280635112404610865e-01,3.735528516646634545e-01,5.098728304330196748e-01,4.331574201036262894e-01,8.312972275363439412e-01,5.019927609315781858e-01,7.730121878949904879e-01,6.064187745979295885e-01,6.901205180290483909e-01,5.414009750956266798e-01,9.247888814799899437e-01,9.358031662811814311e-01,6.516098015876738980e-01,2.843558844377317429e-01,7.171822273350356713e-01,7.317474795436755830e-01,2.158088365328729996e-01,8.511495948455327643e-01,2.152878475198842859e-02,7.222801058884892322e-01,7.366751860318797585e-01,7.952867683080775407e-01,4.207838188272482460e-01,9.076501543624817536e-01,6.756408356596295128e-01,4.636796421822529934e-01,3.106300778015825270e-01,2.888963000889663846e-01,2.172522523998145216e-01,7.140177899404871464e-01,8.098724450025533983e-01,4.897119010373837678e-01,6.257215544783790717e-01,6.170131500489359766e-01,4.307746571876711061e-01,3.426292274938483873e-01,6.392015701506160719e-01,7.622176726848313155e-01,2.348988489651244460e-01,2.321382047844085250e-02,4.895946531794951317e-01,3.846061431172810852e-01,7.386107770715806264e-01,6.427412976679358625e-01,7.416517199915151348e-01,7.553193141379328512e-01,3.927658711008334969e-01,7.670245181440527027e-01,7.893089318066104365e-01,4.876903164727697249e-01,3.192294710206749486e-01,5.315512859076846341e-01
6.799180733037673008e-01,3.033889015532658107e-01,6.816363159438294517e-01,7.400071924939628509e-01,3.315092252893417357e-01,4.541531078898534690e-01,5.206367099954436473e-01,6.665229440111299919e-01,4.345195836034885239e-01,8.416100692110383141e-01,3.986345129758500083e-01,6.006669058434753738e-01,5.362277956907095522e-01,5.560283490252411198e-01,6.385719937374021438e-01,2.422364787725873325e-01,0.000000000000000000e+00,8.471286276040923546e-01,6.389989140463379069e-01,9.305508736193303099e-01,6.405378604696221334e-01,3.657782601189019656e-01,9.396048412585431553e-01,6.485434822303356439e-01,4.756680826216129754e-01,4.872193382574755427e-01,7.243192949680133941e-01,2.131186249443981495e-01,5.168109448836016862e-01,8.007159637251054507e-02,4.997960973962654041e-01,9.311278873596765537e-01,7.633673344229445767e-01,8.506584573741231559e-01,7.534590816800408319e-01,4.351716880695619682e-01,4.991563882362728966e-02,9.005080144071153647e-01,7.994912892043636310e-01,6.314499307051120169e-01,5.719777273263937367e-01,6.783228925767575967e-01,5.383330544850682964e-01,7.680424910510132985e-01,6.357551688030597115e-01,6.498480147486012104e-01,5.119284054910714366e-01,3.682754194137349835e-01,5.442488883914768927e-01,5.550206636002832372e-01,5.141912218482733860e-02,6.669784163678291744e-01,7.102541489121928509e-01,7.195448708982881136e-01,9.020284467526973327e-01,3.686451231648152360e-01,9.761319157379918510e-01,3.751300429817309157e-01,4.981433536169467824e-01,1.771653581891947937e-01,2.753377170934547258e-01,5.989380455068277209e-01,4.520162258820963341e-01,6.600428413693789631e-01,7.645092535485182861e-01,8.221507001213648191e-01,9.618061876233141572e-01,9.502819119741720000e-01,7.891830325406012925e-01,4.838849049116065726e-01,5.414776075491105622e-01,5.349375588970307627e-01,3.562422391580105652e-01,4.898692532128357535e-01,6.097989547630613405e-01,7.120856307074443503e-01,3.291096240513053939e-01,2.680970924879142459e-01,3.136142287174994991e-01,8.156351713940218628e-02,4.290357640960658081e-01,5.973939409081199248e-01,7.085276860693581202e-01,3.726148638147143144e-01,9.796690996930181861e-01
4.885412266935518222e-01,2.043647051877383047e-01,3.176793674740859275e-01,7.050268841556430743e-01,3.764906454459541196e-01,4.653079721980905581e-01,7.637139613796670723e-01,4.703813352675846882e-01,6.120225955887494962e-01,7.378465837530500115e-01,4.279625562444852593e-01,5.154166523501537700e-01,7.512454466028970490e-01,8.229101692897154985e-01,4.863137619039789028e-01,8.059821996714032488e-02,8.471286276040923546e-01,0.000000000000000000e+00,1.450543050642015275e-01,7.341325682313866174e-01,8.294254368474800465e-01,6.599210313779931836e-01,2.139948714052271606e-01,4.676149307501326069e-01,1.624817575386479085e-01,2.943848117320039259e-01,7.802948920213619299e-01,7.093256369049762977e-01,1.021628054771789168e-01,4.536427153620828934e-01,3.589665551371087338e-01,5.921845097169282646e-01,6.737824500288009943e-01,7.895061682596064001e-01,4.635164308612989004e-01,3.713171090191861312e-01,5.131233875797499566e-01,5.796639086808146324e-01,7.910036155398680879e-01,4.072088933417042922e-01,3.495484120166653108e-01,5.204534055597264119e-01,7.455672918272393535e-01,7.653783783946770392e-01,5.240486510637317741e-01,6.064951652017399608e-01,6.937206443116518129e-01,5.811569735133236270e-01,6.707901899396632173e-01,2.555647715945170151e-01,5.546156550439735877e-01,6.641484291558783504e-01,7.538659877725173430e-01,5.764771613352527302e-01,5.497262336550761130e-01,6.667809829848436731e-01,4.464248232216168066e-01,6.156946983211750712e-01,5.558136154620045843e-01,5.466053908912451575e-01,5.953840670714818373e-01,8.191137619008375115e-01,7.290229472421136947e-01,7.715765619224932426e-01,6.638903535175478821e-01,6.041298588828389882e-01,4.376592394337176506e-01,6.475571686412735506e-01,4.315579298009455944e-01,8.404257265661932985e-01,4.055002614286918883e-01,4.203844431661587500e-01,3.241912142782420458e-01,6.286831296289710491e-02,-1.114383654745299407e-01,7.020791839150899438e-01,3.416975126584251843e-01,5.383255971401194051e-01,4.771648405890814293e-01,4.162453281645195347e-01,6.719313262249081431e-01,7.601855659469651805e-01,4.960922996406635921e-01,4.886566395845549082e-01,6.846951909457692498e-01
