0.000000000000000000e+00,5.226700043217002989e-01,9.015014589142165136e-01,9.549629257033328544e-01,9.890820150079870920e-01,9.290666889293621722e-01,6.036450873807861495e-01,6.894764975206405522e-01,8.949768333040626356e-01,6.319039041627123598e-01,8.053645618536419137e-01,9.507707419932827086e-01,7.195800358953858833e-01,7.860477918460444524e-01,3.170603107438235146e-01,3.589874129526372526e-01,8.614748664714301229e-01,6.136850951294151590e-01,7.168260654334732696e-01,4.458517054748242225e-01,7.055653692937781107e-01,9.955451656912019942e-01,7.432871696678762241e-01,9.760830014913890462e-01,8.587396215671541100e-01,6.574805323007020252e-01,9.571319539056455383e-01,9.419123729459756289e-01,3.488355358842303300e-01,1.837394684726756655e-01,4.118553933097298114e-01,6.004391865695573038e-01,5.455390995433643253e-01,4.254897552100802560e-01,9.567150576164470399e-01,4.934634547701106655e-01,4.934680395654104101e-01,7.289385936913228559e-01,6.975305859110133566e-01,6.187673853106133715e-01,4.396287140080282763e-01,6.277833471044654834e-01,8.570869298020582505e-01,7.916706786516167771e-01,7.052045845771431898e-01,9.731158624763893705e-01,4.165767391576056800e-01,8.922403329470740552e-01,7.256484054272684947e-01,6.012811301052719548e-01,7.263543944710630917e-01,7.215592511472026516e-01,4.004621398053566095e-01,6.497107127718314556e-01,2.299115214553503761e-01,8.504849156200642302e-01,6.364237944664136171e-01,6.183458432075281674e-01,5.238763979506384505e-01,7.400147751251766604e-01,4.000116917513140136e-01,6.984528472947648670e-01,5.558688272887750692e-01,9.107637602810116917e-01,7.760588695558139349e-01,5.981743256594980462e-02,8.414591410034593100e-01,4.370072151458238019e-01,8.372170714255710022e-01,8.360389164501623727e-01,8.440034108128169343e-01,9.669481819167397019e-01,2.815133468560940266e-01,5.373793203607448721e-01,8.992850057634855787e-01,9.822021538195773172e-01,7.733043850450307399e-01,5.270711786138452259e-01,2.466971470086034846e-01,2.056478782465165356e-01,8.228063176988154037e-01,8.024001821256698808e-01,9.740901716501394469e-01,7.854386775332501403e-01,7.931717207989027463e-01
5.226700043217002989e-01,0.000000000000000000e+00,7.672335617986654199e-01,8.166699534699345397e-01,5.870833637572749897e-01,9.260171722112826576e-01,6.119721313725317025e-01,2.431177922270171265e-01,2.542995762109801494e-01,9.232438381227314750e-01,5.886792335227934991e-01,2.584538252472950992e-01,-7.059111199978601592e-02,2.782729481677380101e-01,5.953315060336570319e-01,5.433129373747929147e-01,9.834867533329888500e-01,9.369855506776596510e-01,8.608550951219116065e-01,9.778817841460183402e-01,4.187336787392862969e-01,3.478226259199872494e-01,6.188381656597542468e-01,7.951756032822479003e-01,4.750461393932627896e-01,2.206524220996779195e-01,9.812302135493916611e-01,8.821276127708671533e-01,3.831024250149497878e-01,5.898260500850761590e-01,2.672003039087201270e-01,5.254639105523254416e-01,4.900051930698149372e-01,4.988472407482801851e-01,4.586859795054999966e-01,7.105740212194149308e-01,4.420900857149452357e-01,9.707398461949774404e-01,6.265995099502721377e-01,9.100776023869765474e-01,-3.580187911124010913e-02,5.794313348927199181e-01,9.570185178171040086e-01,2.622153739160389962e-01,6.578098287839431180e-01,6.411492765892263801e-01,6.861270496593327994e-01,3.424933860337121549e-01,6.109462758369266222e-01,6.960607419736488666e-01,9.951829257125457406e-01,6.481552076621136527e-01,9.511436755960147593e-01,6.437585275984536448e-01,8.975729783377328630e-01,6.392573023970165025e-01,7.498977249261904454e-01,6.452219604592277502e-01,4.819471863385401122e-01,5.301081621103209685e-02,5.822040995551656106e-01,1.722282661783385363e-02,7.606424019113423585e-01,6.943740145462024005e-01,5.723341084723452266e-01,3.592702010119636635e-01,2.778076392777729664e-01,7.983651759183163499e-01,5.692822545468902984e-01,4.543701311851223168e-01,8.259989584021740772e-01,4.229114227357418376e-01,5.554398306882173397e-01,4.095877416891846590e-01,7.461872686854371661e-01,5.363822587760715965e-01,6.733621609615154657e-01,6.721753916989778865e-01,1.329468073406555317e-01,2.021483060208572879e-01,7.151021594356352651e-01,9.143106829287287463e-01,9.723444995180072770e-01,2.968988868996397801e-01,7.459447415035999063e-01
9.015014589142165136e-01,7.672335617986654199e-01,0.000000000000000000e+00,6.929981911674373274e-01,7.098142147390994472e-01,9.996286836727640290e-01,8.030100843393397358e-01,7.800259858806298796e-01,5.662167934519481971e-01,7.955795259952328502e-01,8.314563346292932478e-01,6.669259512865159945e-01,4.858502890609524560e-01,9.810636118063518207e-01,8.348378329211737503e-01,4.046338376996012065e-01,9.555892595347882379e-01,9.601029537875237496e-01,7.064423346956859584e-01,6.344769724436498670e-01,8.218861905671932533e-01,7.227543551797174226e-01,7.567865275106607781e-01,6.406091690333439725e-01,8.416539196925774124e-01,9.028541744344862341e-01,8.013802410814646615e-01,6.258256315367566325e-01,3.916391724659817886e-01,4.606814698196787239e-01,5.613641544217826684e-01,4.240116805961565150e-01,7.836005452734843280e-01,9.141294386454225096e-01,8.903880988896291093e-01,1.397224798825269232e-01,3.990634713502536762e-02,8.687937615905785282e-01,9.989192085430071977e-01,2.965224242606216976e-01,2.848527931032883154e-01,6.705540436958904449e-01,6.467885131873395421e-01,7.470064840379004867e-01,7.073923491547837727e-01,8.224574993404721868e-01,8.162960894191073624e-01,6.230736756792909503e-01,5.663982280726771457e-01,6.836328485352635154e-01,7.175386152288216746e-01,4.105697033985756805e-01,7.190245511040632698e-01,3.655262891491155020e-01,9.037633116182304249e-01,7.754764040613476572e-01,6.087611654621998269e-01,9.067590522236381734e-01,9.855391101237518381e-01,7.358335398342072953e-01,1.429541173072407800e-01,8.288369806728748124e-01,3.746332994627528390e-02,8.507574815344853825e-01,7.203960426344304668e-01,9.577612764945676593e-01,9.017488094650023545e-01,6.754480377019558279e-01,6.709504365873510956e-01,8.088546603819264380e-01,5.115158703223295078e-02,8.091055828082384105e-01,2.218077628092825493e-01,4.451300819841528256e-01,9.849450532560627414e-01,6.283596385936217610e-01,4.038170443007791932e-01,4.007208144578823239e-01,1.820930037585974381e-01,6.893302429215407423e-02,8.613743330768627304e-01,7.022906761756839700e-01,8.002179260023998264e-01,4.561752142147510458e-01,9.867444560264793108e-01
9.549629257033328544e-01,8.166699534699345397e-01,6.929981911674373274e-01,0.000000000000000000e+00,9.176918816924866107e-01,7.016924725083798497e-01,5.609358946710708560e-01,4.777353287773219437e-01,7.785698573036008430e-01,4.524929497914711995e-01,9.872181581448571386e-01,1.630981848538916035e-01,5.279760016169346981e-01,7.157260462551865432e-01,5.472975604502562375e-01,8.808501354733770938e-01,7.680936261361062112e-01,4.074262554510279521e-01,7.195875002022387168e-01,2.627178795857068039e-01,9.644166564826693877e-01,4.809983767114919262e-01,7.929587515909672923e-01,8.012628451346134328e-01,5.814196596815776052e-01,6.050317852334881064e-01,1.070551733136305139e-01,6.635339016843122550e-01,7.107541254675605602e-01,2.358605790752252573e-01,5.522435714939945006e-01,8.376557368572729034e-01,7.213442956173328202e-01,9.785571015231879777e-01,8.862871887130809867e-01,2.404544057192131434e-01,-2.993516252668275146e-01,5.307581053302581342e-01,9.771980868921463781e-01,7.178841198771361842e-01,1.777407753561559556e-01,7.010202272488481601e-01,6.237220120489884723e-01,7.437459168549680477e-01,8.511839938862592048e-01,1.061463803544453327e-01,3.954797254328471512e-01,6.085492938729684109e-01,5.519217856224253316e-01,7.414895242140402409e-01,7.145800315410978376e-01,8.825394001145406842e-01,2.297780303186663931e-01,1.739343801963593172e-01,9.947459869744590399e-01,1.826974348881618415e-01,6.725245314578328637e-01,7.373247552380171044e-01,8.017082622715220319e-01,1.915452957858951866e-01,6.765052239836154557e-01,6.500195943470903348e-01,1.674551689376758690e-01,8.783399663292719151e-01,5.395507451344674354e-01,6.609997470593851343e-01,9.565938964330886751e-01,2.407152331184952421e-01,3.557251928064701918e-01,4.396820393825239259e-01,8.140307427276778363e-01,7.314499346210239228e-01,6.866265647460059185e-01,2.848256791331055249e-01,3.094838976645971629e-01,6.901240762350370206e-01,9.249265459294278013e-01,7.782913062937213411e-01,6.475832270238177646e-01,6.227499728790761857e-01,2.920177066184537207e-01,6.747148752118847792e-01,4.624876803407925729e-01,2.525493782980375301e-01,9.481330536318954838e-01
9.890820150079870920e-01,5.870833637572749897e-01,7.098142147390994472e-01,9.176918816924866107e-01,0.000000000000000000e+00,6.667261981567824680e-01,2.000867229959612525e-01,6.565399870700001639e-01,2.097507603119364572e-01,3.809012746212471767e-01,8.415460258954178263e-01,7.426855028426482264e-01,9.121574742207685382e-01,6.098742776905446972e-01,6.860660196286305634e-01,3.292122103124726085e-01,6.703360690013863143e-01,2.876303458727629825e-01,9.056681421054531000e-01,6.665263687282939609e-01,5.677800578148700650e-01,7.073106183926192170e-01,6.616034685087590628e-02,9.622854083871390518e-01,4.141134368919310860e-01,8.683392689655002883e-01,6.029866126621135081e-01,8.210345244719904345e-01,6.059642914696353744e-01,6.643795493734107049e-01,5.992332700042504179e-01,1.505651549808497414e-01,4.432403203728516039e-01,9.055773461364979848e-01,2.509903215565694179e-01,6.552575040100581116e-01,3.592246490937843761e-01,4.780231651195205322e-01,4.004013540711347519e-01,9.312324816009589501e-01,1.500477921878183574e-01,7.995456224447321514e-01,6.274029829805105596e-01,5.537496667441177411e-01,6.341756278884185249e-01,8.753516240974739127e-01,8.198243117315112682e-01,6.470819791707875801e-01,6.339964374974668138e-01,6.480165478601312978e-01,6.164920390850173737e-01,7.884084276309708539e-01,9.715011872084550193e-01,6.860858818628113864e-01,2.179409994013866703e-01,5.327391836025007210e-01,7.380006527796459936e-01,7.727259235594913234e-01,8.313726912844368044e-01,6.322800543932526329e-01,1.651350434923324478e-02,2.371135081075931017e-01,5.056307601244897088e-01,8.842769145880904347e-01,6.812167823764572194e-01,8.180499942916958922e-01,4.952672834063711615e-01,9.484500337116911206e-01,6.380474000449174454e-01,3.294200316726675903e-01,8.804033647130544704e-01,6.224753707322245866e-01,5.939631305017802898e-01,5.629880787780947582e-01,7.163546494004560117e-01,5.850987959606546163e-01,6.857125103197353466e-01,7.954834952585791985e-01,-1.754941354511624085e-01,5.883906089187009858e-01,5.472885113671734914e-01,9.454474415452323033e-01,5.527505143866739967e-01,4.173052488203100041e-01,4.312542255979632810e-01
9.290666889293621722e-01,9.260171722112826576e-01,9.996286836727640290e-01,7.016924725083798497e-01,6.667261981567824680e-01,0.000000000000000000e+00,8.084732178060330954e-01,5.562807434148855368e-01,4.221942026066347609e-01,8.476791223686461763e-01,8.993074576278704546e-01,9.783127080623186256e-01,9.054362596420698628e-01,9.662653272525248971e-01,2.109590686884082189e-01,7.725348213907998751e-01,6.776069582240495937e-01,4.145138697602874789e-01,7.161337380819555731e-01,5.951024941839182514e-01,6.450447567567987317e-01,6.994630608249684522e-01,8.434238137993310680e-01,7.909673616877983537e-01,6.811250470059936335e-01,4.858866940536709644e-01,6.367561043906131424e-01,5.538625768245600822e-01,5.673936806855885973e-01,2.928012299057434348e-02,2.772217307731910108e-01,4.822687197120398284e-01,7.315791228479942010e-01,5.306892642141656236e-01,6.433140497222986642e-01,4.606668806985482756e-01,2.170722457041953102e-01,5.585113639071694891e-01,4.908052297051406776e-01,4.901812907275698850e-01,-2.901982681832937505e-02,5.922162698055424279e-01,5.502817578139702626e-01,7.706666800350973068e-01,9.923982453763546818e-01,6.261633251590357219e-01,6.664522244388341177e-01,4.868225491483875178e-01,2.988790398650028046e-01,5.395299134333138014e-01,5.158722216891100665e-01,4.173389264753795125e-01,6.620728853636543842e-01,5.875715574035783595e-01,7.780961512390938140e-01,6.838188869051811114e-01,5.256929079311237762e-01,6.035045653168146229e-01,6.628236959102334902e-01,4.047788408672711169e-01,-1.437803191043809103e-01,5.530599558056863430e-01,6.368577945883950875e-01,7.173229268508439782e-01,9.684362161164561389e-01,8.389580665313359775e-01,6.681153925316524189e-01,3.772358959742563300e-01,4.262024112370768059e-01,4.527623483292369522e-01,7.577979062538490185e-01,4.979070081796015956e-01,7.638692958518292775e-01,4.846595514183237863e-01,6.663030175859796511e-01,9.071352548510780434e-01,6.244425245729391394e-01,8.747647072438433646e-01,4.779863869501463913e-01,2.828480517656500881e-01,4.785718009984161192e-01,7.070606007744659749e-01,2.853415323954732741e-01,7.770683942408336264e-01,9.712768243243593558e-01
6.036450873807861495e-01,6.119721313725317025e-01,8.030100843393397358e-01,5.609358946710708560e-01,2.000867229959612525e-01,8.084732178060330954e-01,0.000000000000000000e+00,7.791962561929348663e-01,6.283790424492435855e-01,7.922251825933681602e-01,6.448562993721020931e-01,3.021286164651554307e-01,1.441425504442048200e-01,9.513129226665035798e-01,3.455855738919126341e-01,7.522752655365525509e-01,5.659147268992960056e-01,5.829989335754585111e-01,2.766863545205592856e-01,9.033879435897540500e-01,5.287422354878797970e-01,1.884715816287872020e-02,7.906356198311772498e-01,9.866849078286306085e-01,6.365148080276175069e-01,4.397055020680727955e-01,5.199742237379250120e-01,2.085042487991310978e-01,7.456524320493550517e-01,3.537713613424512404e-01,1.886061298014292120e-01,5.036419307482360441e-01,3.371867125595673920e-01,9.074092532810668077e-02,6.721633561008615310e-01,3.904249429548645178e-02,5.921843267496771368e-01,1.229263786889405879e-01,7.828272109366428699e-01,2.504351228999463497e-01,9.222855901688347124e-01,7.065048311233085299e-01,9.393164309983701443e-01,5.398762342874270370e-01,6.298664073107594907e-01,5.091621562709505167e-01,5.212162844619061541e-01,7.580890323734500447e-01,4.044729008685919447e-01,6.101064640430096109e-01,7.554159894862648716e-01,8.011859011822744514e-02,2.742251448998571650e-01,5.271408647700408512e-01,9.606555246974272100e-01,5.261726366249503961e-01,8.208283182332093419e-02,3.510739955400231094e-01,7.173338584588615507e-01,5.745779648425632935e-01,3.510524772311433561e-01,2.354661903572393133e-01,6.410139117494693117e-01,6.982670671203761170e-01,8.341103384240337038e-01,1.525490061009238249e-03,3.694649748706743120e-01,5.127284531557952940e-01,6.288218171730267647e-01,8.039450811744056624e-01,7.385984273362964370e-01,6.283045947501099127e-01,5.997090306563018780e-01,5.718489840427308790e-01,7.837960665149757977e-01,-4.962147335455641128e-02,3.553324402026392104e-02,7.086984646442977542e-01,3.854916549040487417e-01,2.129200484709948549e-01,6.016459896820399722e-01,8.975187077113421230e-01,5.099856449363783240e-01,3.034024529122813507e-01,4.529100229269894529e-01
6.894764975206405522e-01,2.431177922270171265e-01,7.800259858806298796e-01,4.777353287773219437e-01,6.565399870700001639e-01,5.562807434148855368e-01,7.791962561929348663e-01,0.000000000000000000e+00,4.547498915692964605e-01,-3.214291261085888696e-02,7.333555209668348729e-01,4.478531678098718327e-01,9.473752843726382933e-01,6.730032186502173941e-01,6.631663364465978372e-01,6.749222482817551771e-01,9.979342952198035910e-01,3.115139148899280785e-01,3.219826160750348110e-01,9.467431054799405610e-01,4.524996153609118221e-01,7.051336505172708380e-01,4.171445081509603248e-01,7.880600257072130077e-01,5.833652489867441338e-01,3.128519468600513553e-01,5.917311655628582079e-01,2.962296552614201994e-01,4.155747422430834948e-01,6.274615628660811240e-01,4.109509379022430742e-01,4.181143245585619006e-01,4.487085710631647517e-01,2.561502456936337047e-01,7.356717718394883976e-01,3.957525264907146845e-01,3.356408995045763177e-01,2.537839772104487635e-01,7.441050050562065810e-01,4.731568934720738473e-01,4.259646910744956938e-01,7.824508157919484175e-01,8.066833984025564286e-01,2.905907477037606990e-01,5.865788716817197379e-01,5.326797780039800312e-01,4.262309496152800192e-01,4.406832865406471456e-01,6.192282940542442882e-01,4.320920319651147534e-01,8.133561575550234402e-01,6.674220776701453861e-01,4.768328594840288148e-01,5.952439472672428344e-01,8.450576750994581721e-01,7.102687174969736228e-01,6.164312710558695896e-01,6.930054295465425396e-01,-7.005328487223808076e-02,3.909669918354533036e-01,5.982921245945092004e-01,8.862796963592896038e-01,7.257399799993216050e-01,8.265294435416120633e-01,8.714269116833809337e-01,5.264720524026822446e-01,6.665090829939713801e-01,5.436315449058629623e-01,3.621644411596059432e-01,6.277652779231444047e-01,3.597478534094996627e-01,6.506181714852503628e-01,2.015798493179193906e-01,6.623864779364059541e-02,4.130942932157450898e-01,7.563487262861570137e-01,7.483208483020196145e-01,4.843820715114164899e-01,2.715297026113199785e-01,2.034904821961141808e-01,7.035069215320306490e-01,2.543063098480292661e-01,4.322490773472865144e-01,5.530459591990516399e-01,1.198001972693345102e-01
8.949768333040626356e-01,2.542995762109801494e-01,5.662167934519481971e-01,7.785698573036008430e-01,2.097507603119364572e-01,4.221942026066347609e-01,6.283790424492435855e-01,4.547498915692964605e-01,0.000000000000000000e+00,7.087359695440651475e-01,8.177877030111926349e-01,3.096933543258332255e-01,2.783390006518597359e-01,6.584498182830194057e-01,8.492135480360920585e-01,6.328677492057056542e-01,2.650367234241919889e-01,2.424239467110982649e-01,5.435130112646956446e-01,3.121305407060099846e-01,9.091752279065740128e-01,9.581344439847571115e-01,3.025514903861687421e-01,6.299558005047654063e-01,8.968022865133298271e-01,6.863425457826763942e-01,9.740306049262270616e-01,5.277689147462101271e-01,2.837344375811815533e-01,5.062308153844119474e-01,3.721648210516674826e-01,7.063047264615299747e-01,7.304861542973278832e-01,7.736563565099711104e-01,3.404661645327332065e-01,5.424176902624571195e-01,4.603371740420143521e-01,2.581544778191333656e-01,5.713922416396507442e-01,8.844242294618376299e-01,6.881415206817734775e-01,6.731998466395709979e-01,4.723057562576207236e-01,9.992725938334665603e-01,7.699225409024664790e-01,3.465154060758349752e-01,6.360331341550289341e-01,3.116946629895671061e-01,6.547713822642575732e-01,5.324691039391700187e-01,5.372197279338792875e-01,3.123758365642170798e-01,5.582615539573304586e-01,7.312958225225356657e-01,9.089879095754471727e-01,5.652356679526208127e-01,7.626973226915326753e-01,7.978804559554172338e-01,8.717990737533858336e-01,1.532694069117404856e-01,6.886878251984788202e-01,6.237562556672343606e-01,6.108820282196474327e-01,8.691631732378659603e-01,8.356988285233853953e-01,9.747103895188774514e-01,5.322189943436810289e-01,6.802379242737193188e-01,3.642321318037439193e-01,6.396025077704455830e-01,6.950668634937746670e-01,3.119906691585803138e-01,6.020197559356003092e-01,3.541599620114198599e-01,7.978547116520409155e-01,6.948351767357288100e-01,4.925557670725643766e-01,5.633531752390714686e-01,3.745644504663671048e-01,3.775163338189643225e-01,3.596261922396152277e-01,8.469808960416875809e-01,5.742738128653925855e-01,5.321982978697472610e-01,6.636819325884308896e-01
6.319039041627123598e-01,9.232438381227314750e-01,7.955795259952328502e-01,4.524929497914711995e-01,3.809012746212471767e-01,8.476791223686461763e-01,7.922251825933681602e-01,-3.214291261085888696e-02,7.087359695440651475e-01,0.000000000000000000e+00,4.218304949597295739e-01,7.061245987018115455e-01,2.940692880319085156e-01,9.901738132737737397e-01,8.076304289413007709e-01,4.188275074786008134e-01,6.345227951415619572e-01,8.904160010573792805e-01,5.135536811718374173e-01,2.085887905005321119e-01,9.262567916830605208e-01,6.705257517816378687e-01,3.091742358854475126e-01,4.822356639529734590e-01,5.465260055385863236e-01,7.046718819642949772e-01,6.178001201426897016e-01,6.191775724079052745e-01,3.980597517425337184e-01,4.511898984799507795e-01,6.293043133327512473e-02,5.132119394384825339e-01,3.621624241137394451e-01,7.926991717417759542e-01,7.976727691175846680e-01,6.908026453818760793e-01,1.169438417739429303e-01,6.499179921061877252e-01,6.623586395098195467e-01,8.254261725457719967e-01,2.947890398338222084e-01,7.524847144211523897e-01,6.746390209333629207e-01,5.376087255021502198e-01,9.834850562955989028e-01,5.622190831754029228e-01,8.310767110033748795e-01,7.540102865264224352e-01,7.546355812056466661e-01,7.796639785144678925e-01,3.749572947286182178e-01,9.148203709469239220e-01,6.937407290198521759e-01,2.875221913224214054e-01,7.164611027526849307e-01,3.947065085175134325e-01,4.626742165314037813e-01,9.805582293045100872e-01,6.382106325246459377e-01,-1.360125410627550102e-01,5.925048908839901651e-01,7.671797024413362642e-01,6.179284523357477799e-01,8.741316758574741996e-01,9.703158865261851673e-01,4.028389102947319556e-01,4.206559122949209417e-01,4.955052663656210332e-01,1.736334794845863505e-01,2.935134744497212150e-02,7.420901806627018260e-01,8.954259104731763230e-01,5.330277343146679891e-01,5.160934564726157303e-01,2.854364927645043348e-01,6.051879107388606904e-01,8.449407248175939689e-01,3.405034472682279545e-01,2.977780879973615513e-01,6.231155960161367802e-02,6.373846503376184858e-01,6.150769416277523938e-01,6.314438520528866672e-01,4.454219168746886837e-02,6.028432350832162445e-01
8.053645618536419137e-01,5.886792335227934991e-01,8.314563346292932478e-01,9.872181581448571386e-01,8.415460258954178263e-01,8.993074576278704546e-01,6.448562993721020931e-01,7.333555209668348729e-01,8.177877030111926349e-01,4.218304949597295739e-01,0.000000000000000000e+00,4.337545248397871034e-01,5.177234863792143926e-01,6.441340946009759261e-01,6.318397675155571491e-01,3.273675320994521298e-01,3.775892825611110171e-01,6.857175136565674123e-01,4.197391481751453490e-01,-7.124306512668446278e-02,5.850919790997358705e-01,7.312598943585859601e-01,3.671193151057117188e-02,6.027118031111931007e-01,5.228535780235165076e-01,3.189286999532863626e-02,9.621071396188389802e-01,7.687553828536647371e-01,4.104634451658348282e-01,2.744481476049540070e-01,5.243970855274180387e-01,-8.097669428876687336e-02,8.699224602654729299e-01,7.204438646973543303e-01,9.533122412391240585e-01,5.253010262689189469e-01,1.315235177732438643e-01,6.916001042234476426e-01,9.437812040423725346e-01,7.197040924340371015e-01,5.839431802515353542e-01,7.273083820293861912e-01,9.964827181354131147e-01,2.362088245672405162e-01,9.839115839580545586e-01,9.085804715849139512e-01,7.112727976292531062e-01,9.217317401034855751e-01,4.103477908771655525e-01,4.825136861240095776e-01,7.415229482717442533e-01,7.387788549525852178e-01,5.947839544764630393e-01,8.054986995738373512e-01,6.696328056079865476e-01,5.188325984028687721e-01,7.414071418898297017e-01,3.677440961982694073e-02,4.473535798634620808e-01,-3.813734256701106773e-02,4.622963136337539525e-01,6.484718937770822533e-01,6.096060118991859511e-01,4.713248501803539714e-01,4.145341251962314510e-01,6.392929852274210623e-01,1.097578170084173022e-01,9.541458937283435748e-01,7.063984013338816537e-01,7.052061434687139085e-01,6.897930629973694217e-01,9.866078219166121155e-01,4.904318746701920029e-01,5.376571391217874751e-01,5.646494500885765877e-01,6.401789880700037294e-01,7.953287533586277380e-01,5.390518092748104451e-01,9.805421257526237833e-01,-4.622915736615659799e-02,2.714590968299832735e-02,5.208993912932892156e-01,8.896966209481228516e-01,3.032596197492989365e-01,4.761260717683028498e-01
9.507707419932827086e-01,2.584538252472950992e-01,6.669259512865159945e-01,1.630981848538916035e-01,7.426855028426482264e-01,9.783127080623186256e-01,3.021286164651554307e-01,4.478531678098718327e-01,3.096933543258332255e-01,7.061245987018115455e-01,4.337545248397871034e-01,0.000000000000000000e+00,9.844377609818556474e-01,7.381655233988262399e-01,3.521169576377619070e-01,4.345991330007248354e-01,5.219520070363521391e-01,3.259701341856503509e-01,5.908221747836913673e-01,4.245819006369192516e-01,9.209477609016660793e-01,8.713948201352269551e-01,6.754930285332425566e-01,9.116550765411328694e-01,5.603375511576638157e-01,8.916327927749304605e-01,4.892907858732286064e-01,6.787472794639779483e-01,6.706353760711651901e-01,4.446492016550078752e-01,2.584371131107768838e-01,7.567298376804076909e-01,9.190784639537988854e-01,7.691741828073530574e-01,2.155336710145973611e-01,6.917603099568702119e-01,-1.744996170010138514e-01,5.436076781021002002e-01,9.010135840751146707e-01,8.873690822462803052e-01,4.478499486496287374e-01,8.503090786186341399e-01,6.751789699574336501e-01,7.277461883206168825e-01,1.137123425593528359e-01,7.454886180882197566e-01,9.915977309956460761e-01,9.644725430483043205e-01,-8.259675553022061134e-02,5.002495758411520388e-01,1.942275181510270954e-01,1.302807364764582698e-01,4.129392056149803758e-01,5.266764197303940298e-01,8.391236348608854811e-01,8.913123945238694557e-01,3.720674673642244690e-01,4.438318201057758206e-01,9.780244351052695961e-01,2.028391301079620068e-01,3.677676556902811922e-01,7.472324868481475812e-01,2.798365994297373760e-01,6.616951358193385868e-01,4.199930147733511587e-01,9.269534237579224456e-01,5.989719226350698200e-01,7.495999651624309923e-01,4.153120974835024515e-01,2.280707495353374026e-01,7.298303220560429239e-01,7.023898384081316282e-01,5.576462882879060778e-01,4.164028661050785951e-01,4.935629537816680901e-01,1.437620510258688367e-01,6.205991570035220839e-01,5.469124691512723402e-01,2.257759489743981496e-01,1.159359301509152868e-01,9.709941713983243350e-01,6.332132199464184374e-01,4.409622649694421859e-01,-4.872220133821048016e-03,6.119166661992420098e-01
7.195800358953858833e-01,-7.059111199978601592e-02,4.858502890609524560e-01,5.279760016169346981e-01,9.121574742207685382e-01,9.054362596420698628e-01,1.441425504442048200e-01,9.473752843726382933e-01,2.783390006518597359e-01,2.940692880319085156e-01,5.177234863792143926e-01,9.844377609818556474e-01,0.000000000000000000e+00,5.159677112013240086e-01,6.237637511305864635e-01,7.786964856925296941e-01,4.275778890160907286e-01,4.305633562414943882e-01,4.464358220700676005e-01,8.981394879608965987e-01,5.357210385412607412e-01,8.032438280955132015e-01,4.923848837663474809e-01,4.966934136773903941e-01,1.921039663350470605e-01,6.104517498544214105e-01,8.156047761498800286e-01,4.750251199128053825e-01,4.326916931792939569e-01,3.483942900634603435e-01,5.537115115586657144e-01,2.858032049270982089e-01,7.694092246342856267e-01,7.283671024960605145e-01,8.150259690288605974e-01,4.317527433375880630e-01,2.887686843595901331e-01,9.030205978514751486e-01,9.966017387158792040e-01,7.045445395035084823e-01,4.178737321633330115e-01,5.025298309951967690e-01,9.035397021344616642e-01,9.611662335984157979e-01,8.000846385502504710e-01,9.471701553077525038e-01,9.245964268489298421e-01,6.953431044998396038e-01,9.329748287186923061e-01,4.773620042093059679e-01,8.194585923649579939e-01,7.674224451105829958e-01,9.647331948349247011e-01,6.791801220882085488e-01,3.012751137698472248e-01,7.975998288243209000e-01,6.517194006677478058e-01,5.077829004231708687e-01,6.091351095299863960e-01,5.809185373799116148e-01,6.080912507189767391e-01,9.360095962414537452e-01,6.044285932066252309e-01,5.886730599164194944e-01,6.372343646427041097e-01,4.129431931468913741e-01,5.299450073447139475e-01,8.832230771590534602e-01,2.574962180573303616e-01,6.969713684557695688e-01,9.212222579256889032e-01,5.665614856538804256e-01,2.077329430728270254e-01,2.553665493613437310e-01,1.710047808219345988e-01,6.406463867307656823e-01,4.130902360291134334e-01,8.676650475138899532e-01,3.108273969418023919e-01,4.757584499214493889e-01,9.613252666102718724e-02,9.830499116101140133e-01,7.833637452103878740e-01,4.833572018794927150e-01,-1.059167777519243181e-02
7.860477918460444524e-01,2.782729481677380101e-01,9.810636118063518207e-01,7.157260462551865432e-01,6.098742776905446972e-01,9.662653272525248971e-01,9.513129226665035798e-01,6.730032186502173941e-01,6.584498182830194057e-01,9.901738132737737397e-01,6.441340946009759261e-01,7.381655233988262399e-01,5.159677112013240086e-01,0.000000000000000000e+00,4.380908054357001702e-01,6.918276199867522402e-01,5.077392756455709755e-01,7.557253086506028339e-01,4.893751085536534595e-01,5.590734429551553752e-01,8.031640058641733582e-01,5.047474223961671003e-01,6.689724379902414197e-01,6.731996451746471433e-01,4.880443947931948356e-01,6.190212719071727099e-01,7.731516357887977531e-01,7.644969953165163812e-01,2.190149246368408020e-01,4.142375593298757153e-01,1.739197658910646982e-01,9.271705934362945989e-01,6.775695772301578712e-01,9.429787328427026161e-01,1.939203347491081086e-01,7.782704369827864177e-01,3.755878781839379066e-01,9.780971105748816896e-01,6.871732466482154411e-01,6.551175891692981867e-01,3.036934768876173862e-01,8.210816518301452538e-01,8.039352024001226171e-01,1.594858116077415289e-01,7.458879117918982837e-01,9.241331659522573627e-01,6.649743771114664526e-01,5.806110812337739180e-01,6.955467183738914816e-01,7.660419516057141998e-01,9.616484222199525034e-01,5.572793543707545982e-01,6.462351837827778889e-01,-3.863005105614025769e-02,7.888894461769656585e-01,7.656690949273188274e-01,8.711756787538105229e-01,7.105740057887011130e-01,8.157079388675881892e-01,4.719352982406716523e-01,3.549138126146155203e-01,5.431927385200531200e-01,6.019691525923799302e-01,5.442498480074369205e-01,9.633714110577112910e-01,9.064515665949393064e-01,4.514645334056949788e-01,9.799432202955147275e-01,2.333266654811826935e-01,8.591784152915932227e-01,5.418098225902805432e-01,7.668801123602747571e-01,3.780960560769711654e-01,3.468541359102579325e-01,7.805935711357440132e-01,4.214340191184399176e-01,8.156467906327511397e-01,5.577629874171767810e-01,3.019547755637028708e-01,3.719454245839850515e-01,2.197432556949413807e-01,6.776045117705941090e-01,7.395338238312034740e-01,4.051593980721542310e-01,9.466699646426842696e-01
3.170603107438235146e-01,5.953315060336570319e-01,8.348378329211737503e-01,5.472975604502562375e-01,6.860660196286305634e-01,2.109590686884082189e-01,3.455855738919126341e-01,6.631663364465978372e-01,8.492135480360920585e-01,8.076304289413007709e-01,6.318397675155571491e-01,3.521169576377619070e-01,6.237637511305864635e-01,4.380908054357001702e-01,0.000000000000000000e+00,4.883081759582430514e-01,7.415572611898446631e-01,6.175505224316070185e-01,5.090185180674862142e-01,6.665040728084900001e-01,4.595757295330206715e-01,2.352663811671595051e-01,3.637709138066053116e-01,2.798234346210067280e-01,2.694996699983893129e-01,9.953238335694283290e-01,4.650390827066734345e-01,8.696090182591246220e-01,5.510175228667685277e-01,-3.286042305481717829e-01,1.001022307273966155e-01,2.560962420785557470e-01,7.342617193678390164e-01,9.528894409533167353e-01,5.492003276659299660e-01,4.311707261777465994e-01,5.481469637617218948e-01,6.294997222684204363e-01,7.672670867605863032e-01,7.589171188297282322e-01,2.167988251961041613e-01,5.061742593495796028e-01,9.567103163757800788e-01,5.588955231270980040e-01,7.139960140539874933e-01,9.136292068110776210e-01,9.055938431979630998e-01,8.152991399181038767e-01,5.859997357789206163e-01,4.990424489033929434e-01,2.625580911128744255e-01,4.501189352520806874e-01,7.831945501718196034e-01,2.575753188221330259e-01,1.151852389718620168e-01,2.777458219622864766e-01,7.559498491282837795e-01,9.346406493581393971e-01,8.750589799336188079e-01,5.114003508144500110e-01,4.680959048658215882e-01,4.229107252286444796e-01,7.794352143728546789e-01,8.760463578814203789e-01,6.154098401166024912e-01,5.393349211413857036e-01,7.229500844204949095e-01,6.714163221200094567e-01,5.477356137521577351e-01,7.692951722779148849e-01,9.242573140295469170e-01,6.950368766391102904e-01,5.832014196277021112e-01,-9.675788931453488395e-03,6.971243994788574039e-01,6.749103213521058242e-01,4.234162906306627727e-01,6.042622245827389271e-01,4.199877398387008576e-02,8.275238405059684443e-02,4.000272908376382164e-01,7.289379233974253580e-01,6.030566551283432775e-01,1.454135138499954294e-01,6.851855490823607342e-01
3.589874129526372526e-01,5.433129373747929147e-01,4.046338376996012065e-01,8.808501354733770938e-01,3.292122103124726085e-01,7.725348213907998751e-01,7.522752655365525509e-01,6.749222482817551771e-01,6.328677492057056542e-01,4.188275074786008134e-01,3.273675320994521298e-01,4.345991330007248354e-01,7.786964856925296941e-01,6.918276199867522402e-01,4.883081759582430514e-01,0.000000000000000000e+00,5.774001855803823080e-01,5.704375664023764170e-01,7.367633977248010391e-01,1.712092848501023390e-01,9.774251384704493173e-01,-3.036169157351245595e-02,-2.394594031759567088e-01,8.488693518962298068e-01,3.509616828437023273e-01,6.461602719447346876e-01,8.812488106866959159e-01,1.315627145557304589e-01,2.033436012722212027e-01,1.531943112117766514e-01,2.339892121132353675e-01,2.291514683197591606e-01,3.939133078178429503e-01,8.639306082541401421e-01,5.816607928510815206e-01,3.599446747186049178e-01,8.519446709161869469e-02,9.347808602827328839e-01,9.953824873636215598e-01,6.580337258929720434e-01,9.557206074126796125e-01,7.421243524749951970e-01,5.813470689471915698e-01,5.063648166821597130e-01,8.885236839204926351e-01,7.925573270875418963e-01,6.704941213596532501e-01,7.626580283355368639e-01,7.825969071102674146e-01,5.723273490678614239e-01,4.462734516306269827e-01,9.371479797163089209e-01,2.885200733622962366e-01,4.592789432343284406e-01,2.344124617417108758e-01,4.903687985539773586e-01,8.131244407832410870e-01,7.542639521496909971e-01,7.347480332484905841e-01,4.963550228630566052e-01,4.687346300754802186e-01,2.270787692097975541e-01,7.232478664567052462e-01,4.621644783229389430e-01,5.588660542887780025e-02,5.004989588467142481e-01,8.228612715501344432e-01,7.384343150237303588e-01,5.211872972489119960e-01,5.049714116307199019e-01,8.459666014216871144e-01,5.131763153970914093e-01,5.800220123925273752e-01,-9.403480379116929688e-02,6.327402423005359378e-01,2.485550728911805618e-01,6.049492849013282658e-01,4.828473036079187763e-01,1.980176993376384365e-01,4.457730504275957406e-01,6.364547357211103318e-01,4.358217713994975151e-01,7.561389411981901398e-01,5.113551678209375950e-01,7.391565597184015513e-01
8.614748664714301229e-01,9.834867533329888500e-01,9.555892595347882379e-01,7.680936261361062112e-01,6.703360690013863143e-01,6.776069582240495937e-01,5.659147268992960056e-01,9.979342952198035910e-01,2.650367234241919889e-01,6.345227951415619572e-01,3.775892825611110171e-01,5.219520070363521391e-01,4.275778890160907286e-01,5.077392756455709755e-01,7.415572611898446631e-01,5.774001855803823080e-01,0.000000000000000000e+00,7.174039087468871978e-01,8.780119039525426938e-01,9.662500340615703953e-01,7.753128231193353592e-01,3.472799916352896643e-01,4.477040970044906532e-01,8.543497148184874268e-01,2.397359303443612755e-01,9.824966248509898747e-01,7.629916252368942331e-01,9.280642630683467731e-01,2.878959598577603418e-01,2.591383602889660992e-02,1.346512607715134313e-01,4.028971590293209393e-01,7.260021705133028469e-01,4.251736229125666622e-01,4.213961053243291954e-01,-5.750645579609611757e-02,3.354024767084700098e-01,5.145959118726363135e-01,9.318762304376242422e-01,6.729475711426284867e-01,9.365452896423983598e-01,8.619233280405470543e-01,6.284246464142614341e-01,7.643957978467792458e-01,6.982270329938451425e-01,7.697124862105079179e-01,2.378293939992514316e-01,6.680069106844729321e-01,6.732126180993007747e-01,8.730149440071797162e-01,3.941409425567011793e-01,6.891560214909251414e-01,6.463739899398096567e-01,5.442897175705211366e-01,9.515841319535521814e-01,7.761430260430548511e-01,6.992200862804298644e-01,6.891931061364937605e-01,5.649999474349944872e-01,8.344660577824150605e-02,7.242563673610564745e-01,6.854038264122794821e-01,7.716817010632280871e-01,8.745776299904344242e-01,6.980586879067098849e-01,6.899298595576318638e-01,9.830460697651618451e-01,8.646639026319812293e-01,7.187340175438372558e-01,4.991786864179066918e-01,7.196847940994415271e-01,7.067228213606500109e-01,5.928694239015441791e-01,2.027500631834078249e-01,7.163710488676939825e-01,8.284231489593782971e-01,7.209731532524366049e-01,4.681205425315541069e-01,6.285046402265241916e-01,2.936050445669549300e-02,8.657343905381076343e-01,6.648522652979239611e-01,5.451392207956607949e-01,4.379272085074518706e-01,7.678082855540195872e-01
6.136850951294151590e-01,9.369855506776596510e-01,9.601029537875237496e-01,4.074262554510279521e-01,2.876303458727629825e-01,4.145138697602874789e-01,5.829989335754585111e-01,3.115139148899280785e-01,2.424239467110982649e-01,8.904160010573792805e-01,6.857175136565674123e-01,3.259701341856503509e-01,4.305633562414943882e-01,7.557253086506028339e-01,6.175505224316070185e-01,5.704375664023764170e-01,7.174039087468871978e-01,0.000000000000000000e+00,3.941296665513803199e-01,9.438366531587114583e-01,9.940317724118145071e-01,6.777719912553794579e-01,6.073913568739184310e-01,6.720228344427532363e-01,4.820776947685024849e-01,-1.845036790909418689e-01,5.457855962548106010e-01,4.961653453958017601e-01,5.564518105951883342e-01,3.972103696816217111e-01,2.752403827257655089e-01,2.847743666838691290e-01,2.727034339048740041e-01,3.903278808402839140e-01,5.852087991181773585e-01,7.711095578895547087e-01,7.877045859964688923e-02,7.583190035476774504e-01,8.020070101340959212e-01,8.941053958961683312e-01,7.641582384197707078e-01,1.906624154413766314e-01,5.215959288853535547e-01,7.684506979141315641e-01,9.244286732495001768e-01,9.516102372341861404e-01,2.760686535368896966e-01,5.730738411565696744e-01,7.732222923042770812e-01,4.150264048139265527e-01,4.759474693814585433e-01,6.369873797461997889e-01,4.941966933650308036e-01,6.509927664143577708e-01,6.813602444291744220e-01,6.320765679429027895e-01,4.148764339302802306e-01,7.679100172064018404e-01,8.579720844716952621e-01,2.714904827553578093e-01,5.844374444169878613e-01,6.395698593104438556e-01,5.823276402189161427e-01,8.761353565686245126e-01,8.926949064552514024e-01,6.340952689540689802e-01,8.264991525917673165e-01,8.591357982673324400e-01,4.166509903824274774e-01,6.872154560687254721e-01,6.751715173957396621e-01,9.110129184376020151e-01,6.438400740637124642e-01,5.037118233017355839e-01,5.983290111141915668e-01,6.030135305040204008e-01,7.704132043011783226e-01,2.893303952492186637e-01,1.932004148293333112e-01,3.765837705090341880e-01,3.090105281054652542e-01,7.711799971088518779e-01,9.272899328324866186e-01,7.612972790555045943e-01,6.476780004400399804e-01
