0.000000000000000000e+00,6.966663503581318473e-01,5.644223597172730589e-01,6.005000430088714980e-01,2.925540390514217992e-01,5.803323124324385462e-01,4.292273464221458279e-01,8.381658328182742812e-01,8.920444319533878952e-01,7.252250579527167451e-01,8.971702967726722378e-01,4.062151954448687263e-01,9.608928806037484449e-01,2.472225941580709352e-01,6.817254938718830815e-01,8.815626720912357328e-01,9.391014110802978765e-01,6.528099628525412257e-01,8.036288721678093161e-01,6.598243441769578999e-01,9.224718754252447805e-01,9.495112611073203146e-01,7.181107422560416564e-01,5.089162463725653840e-01,6.869814756061848326e-01,2.277048839046376949e-01,4.367190770097565955e-01,8.419238207441728239e-01,1.117763448077976340e-01,1.023604341788243027e-01,2.560507141857137903e-02,8.417001013873361970e-01,7.691041824624975654e-01,7.512366161841892431e-01,4.014691156193493371e-01,1.003677943968665914e-01,1.949551572404300825e-01,6.920751950890811077e-01,5.249961556837466903e-01,6.598582039503709806e-01,5.298031891547858585e-01,6.668402652484612947e-01,2.805713689888632567e-01,9.996198773112705549e-01,4.573782807464898958e-01,8.834740468308381889e-01,2.723547893550176124e-01,7.491441722399559966e-01,8.546686805110401686e-01,8.155082866964663557e-01,2.261054518154699822e-01,2.418204030552615902e-01,7.966197405625468075e-01,4.550440742987837406e-01,8.600137972978991741e-01,4.828365501247149916e-01,7.407817968839309763e-01,9.316902400530708839e-01,9.418585724813332005e-01,5.383904665987837568e-01,6.197065824128535905e-01,6.318324961687875607e-01,6.200136113965792894e-01,8.529473353858119111e-01,7.724549078981904904e-01,5.634183041325582231e-01,6.919372711261039255e-01,9.796569990932781913e-01,8.355559633380846840e-01,8.031252891674457439e-01,7.030688613563927936e-01,6.903628724226298363e-01,4.621259496129732636e-01,4.052233306869529872e-01,5.444543255681931759e-01,7.148697623256530242e-01,8.526130009101376972e-01,3.120463655831324234e-01,4.420262667241676158e-01,5.833746149756131594e-01,5.082052787521952331e-01,9.762053796312655241e-01,9.208168891369381548e-01,1.300605876721516452e-01,3.451152860918620391e-01
6.966663503581318473e-01,0.000000000000000000e+00,4.186208981670314078e-01,7.589959693182690703e-01,6.676365977260780848e-01,7.202654627522597774e-01,6.247880980413044183e-01,3.593011526698162289e-02,6.660773104153241420e-01,6.064227938462783962e-01,8.518291397883062666e-02,1.700556563123857279e-01,7.972988715333866327e-01,5.088342987302869602e-01,6.514294915008652653e-01,4.231266094886558249e-01,8.906522508461384158e-01,9.234886934449033635e-01,3.977491471718072047e-01,6.155411065595184361e-01,6.128132629342100124e-01,3.115104367453761514e-01,6.337255125991693161e-01,8.027161525587470647e-01,5.658853914430765908e-01,8.448907685632865983e-01,9.627751098024113219e-01,5.693164634665809354e-01,5.701652703877629902e-01,2.926706000103371785e-01,2.865777048961409834e-01,2.312109081284973444e-01,8.841437717123128426e-01,4.734932056430971592e-01,4.502479641124392251e-01,3.517981195697585939e-01,4.300125711216623570e-01,5.063745905704624128e-01,6.201191563532658657e-01,6.032014494788338066e-01,2.776406628463750151e-02,5.732556095840167787e-01,6.339860260569517569e-01,6.301786725877133177e-01,4.344994708617078150e-01,8.559473497039274958e-01,7.609347757976283599e-01,8.384953251903835003e-01,4.843986436770827964e-01,4.562512132760638273e-01,1.634335991024387924e-01,4.357309576261876871e-01,4.368620451201057353e-01,7.750682698472112220e-01,8.088748558915695441e-02,6.771725594680892968e-01,7.425481525993740117e-01,4.655495907143576417e-01,5.853341285646828096e-01,3.454435868708865542e-01,5.303580144493250659e-01,3.166354026376539954e-01,9.291106484662312592e-01,4.865457093053162652e-01,8.666676512981327241e-01,8.854399435118214257e-01,1.139054299521648494e-01,3.637456715479098213e-01,4.290394875504078831e-01,6.094873005003783595e-01,8.126376237872858788e-01,8.306400940623597240e-01,3.183827241761133520e-01,7.609794980432903477e-01,7.412603023211925546e-01,9.505798103873536187e-01,9.532762207815781430e-01,3.354649611968990586e-01,4.811067695636571107e-01,3.193772219394507283e-01,7.926283502087740906e-01,7.494715294056948363e-01,4.068096915401482327e-01,6.409470452171955879e-01,7.605876463079278560e-01
5.644223597172730589e-01,4.186208981670314078e-01,0.000000000000000000e+00,8.622700146452196845e-01,9.002960707498489645e-01,6.192713309896819007e-01,7.941946374080230964e-01,7.999437449968798131e-01,8.956838349070106453e-01,5.348851664013003493e-01,6.287498038347130169e-01,4.351893591309257125e-01,5.077132365305131456e-01,9.479933935157059954e-01,8.642043418576204061e-01,7.319581105275578814e-01,5.862187464025538919e-01,6.162331926260583570e-01,4.417593715734316473e-01,9.063497042077957033e-01,9.299672856390229780e-01,7.219155875053034910e-01,6.774382139210750609e-01,9.709792903339837800e-01,7.699649593119453073e-01,6.765237230662823897e-01,8.674946372293136365e-01,7.668480021650488920e-01,7.676886249922383332e-01,6.858306079198668581e-02,8.580172388066970024e-02,4.706095970630767567e-01,6.561739052205712852e-01,8.325911450372348588e-01,3.604219762520521897e-01,3.661603957596227255e-01,1.201553315384666365e-01,7.977541967607955087e-01,8.707884629845288327e-01,7.430154269126874045e-01,6.235926543520694532e-01,1.980743942699576265e-01,7.255484009016813784e-01,4.208385073639522300e-01,7.035424144184231343e-01,8.400482799037113368e-01,6.917414968447397339e-01,6.864526180180181569e-01,6.741448584997228322e-01,9.413691291748520484e-01,9.735891928856791333e-01,3.317873611303139292e-01,6.349363747960385940e-01,3.091867957310629467e-01,8.915805420587744612e-01,3.942966608965454145e-01,7.894597584891867026e-01,8.771320779937326062e-01,3.591036006792918678e-01,5.139444237181246544e-01,4.879483011654389690e-01,7.236797837832602553e-01,8.027156883858242997e-01,7.678780547464429951e-01,7.886517886735264771e-01,9.531850443374223492e-01,8.764783342680773082e-01,6.539169687824645250e-01,9.815539196187104132e-01,8.510014429055675622e-01,5.159122770205071262e-01,9.741887578304450068e-01,3.401071878962379502e-01,3.366609135535919561e-01,9.882331097506411588e-01,6.643880171155193137e-01,7.928014889844775537e-01,7.280812768804814095e-01,4.748262934872847785e-01,1.962230394364385955e-01,7.854638802423046240e-01,8.996870712694564620e-01,9.997436358519531385e-01,9.762864666604178510e-01,7.161734057418025490e-01
6.005000430088714980e-01,7.589959693182690703e-01,8.622700146452196845e-01,0.000000000000000000e+00,9.988357241170953138e-01,6.836122238246409299e-01,3.461906824466590704e-01,6.962955011677940398e-01,5.920141034361436905e-01,4.994811077374561870e-01,5.530980016142391653e-01,9.162583224021623174e-01,9.643593233191899428e-01,6.519044276092917922e-01,7.150487316069219501e-01,9.752648507892267560e-01,9.031125091941663019e-01,5.589682461046399098e-01,8.217617827476962900e-01,8.064017059138611776e-01,9.337034113968641913e-01,5.125084046554162498e-01,8.694438747075592389e-01,7.594744204901682227e-01,5.649993373926630591e-01,3.600064625031351717e-01,6.826584816471819028e-01,6.311644119776745887e-01,6.463489356008648989e-02,2.331861369803487072e-01,6.361524170507270037e-01,9.059584458129413820e-01,8.003085681330839307e-01,9.224934030576629196e-01,7.053605978228767448e-01,4.579123844141034794e-01,5.729477638634001835e-01,5.518660033626532346e-01,8.822332529828907921e-01,8.085846837613465121e-01,4.879539487876943804e-01,3.385648050735003967e-01,6.126423792839944538e-01,5.761984841370565436e-01,6.840585733828609127e-01,7.140416796029040725e-02,5.121529106122940656e-01,8.900456566511278922e-01,5.676157205572164299e-01,4.055194708598746645e-01,1.546214526959741320e-01,4.513448344033126891e-01,8.793559900065669455e-01,7.023996351728868381e-01,6.642661447447181233e-01,7.248557359321011750e-01,6.508927335586118801e-01,9.628207462265622185e-01,7.244435273258859054e-01,2.876179622343859599e-01,6.175214702402834765e-01,6.458245875783035217e-01,8.305895617008135501e-01,6.928805511137469120e-01,7.370400717117879807e-01,7.703049754362577550e-01,2.384788478881914586e-01,9.227561460284251504e-01,6.112118005614526617e-02,7.357322664042147409e-01,5.038520981121520359e-01,4.944619136247105362e-01,-1.022239044754363890e-01,-3.289783512334468751e-01,4.493153694344211302e-01,7.083026036473483167e-01,6.083425620950190238e-01,4.444631035324851376e-01,1.276797372482458941e-02,4.794223779989548184e-01,8.562625463378484847e-01,5.350335793891175529e-01,4.465102013762174971e-01,5.527993911912488789e-01,8.612459367825697765e-01
2.925540390514217992e-01,6.676365977260780848e-01,9.002960707498489645e-01,9.988357241170953138e-01,0.000000000000000000e+00,4.590247465308582853e-01,3.512258063777724537e-01,7.348681503246633495e-01,7.111860889917873685e-01,6.955347488361508512e-01,2.644118331454308191e-01,9.673237889611568940e-01,7.140597538756180418e-01,7.208123747675994064e-01,5.267588851605752298e-01,7.909399503668895770e-01,7.042519193183309767e-01,6.305770639335588346e-01,3.610851458853615581e-01,6.030585352271741195e-01,4.904812557721019983e-01,4.622646813461125381e-01,5.753872718435453226e-01,8.128027891522647819e-01,4.676305599971301574e-01,8.328323311888856662e-01,5.646800156967337614e-01,7.775657468571252062e-01,4.834899643753312604e-01,7.397999082508366353e-01,6.995322083303380234e-01,4.751119712152123697e-01,8.834130153331983815e-01,6.486791259331281534e-01,5.494520372634442706e-01,7.007376254601521692e-01,8.179701952133222598e-02,4.319458249926277360e-01,6.420890611363168077e-01,9.543640712174301655e-01,3.783769722499246146e-01,5.287927551563549322e-01,6.064016396621582095e-01,9.013350088260775328e-01,4.640137190682773194e-01,6.361320860799898336e-01,8.733468819056879884e-01,3.531677246099496625e-01,4.559496543649628753e-01,4.316092013408018291e-01,5.030535117393661881e-01,5.982920019616277951e-01,8.691010004290387059e-01,7.392338325820365652e-01,9.838105838359018085e-01,9.423318633435164848e-01,7.019675651489731827e-01,5.917138983639954608e-01,7.401101785915256137e-01,3.518381672895171675e-01,7.564134945070118965e-01,5.729179083249607007e-01,6.352837773762629592e-01,7.789005224325155075e-01,8.075517182427662810e-01,6.076560127073268314e-01,5.302995113977007069e-01,7.545865330605010524e-01,4.317226016798162980e-01,5.680388927490788165e-01,6.743349726564873414e-01,9.347537886882812952e-01,1.775280829800632565e-01,2.725198038186352756e-01,7.321447439847988958e-01,6.925931278024383131e-01,3.850975072227741380e-01,4.352967431617581484e-01,2.412882819251619404e-01,2.270268729247607031e-01,4.687254031488277128e-01,3.978682330066409256e-01,3.818118756260264202e-01,4.813192696941348547e-01,6.943633524917073307e-01
5.803323124324385462e-01,7.202654627522597774e-01,6.192713309896819007e-01,6.836122238246409299e-01,4.590247465308582853e-01,0.000000000000000000e+00,4.173864648391200083e-01,6.338712507950642339e-01,3.397919868363719065e-01,9.057362176826162514e-01,6.135960968882911981e-01,8.245109144598903317e-01,9.893565136533872817e-01,4.374153293567511480e-01,2.626630685200506687e-01,5.497089560576697842e-01,8.441733882557985735e-01,3.044423951279597862e-01,6.018365440532233990e-01,8.946964213962710355e-01,1.669140743007128391e-01,2.097662690311351275e-01,7.713272359763650998e-01,3.948504906526807412e-01,3.030780655000983037e-01,6.810630927252225852e-01,6.426795030096172923e-01,5.021457334905287118e-01,2.534696708610357785e-01,5.180648331079306113e-01,-1.306680177144032839e-01,5.377587100729482872e-01,4.512816811474447132e-01,7.215810063120864370e-01,5.497623709416007420e-01,6.138113964178359971e-01,3.463983242938878937e-01,7.582200183369216528e-01,4.418875673164960882e-01,4.035600459397024609e-01,3.096105299342130079e-01,6.483037976940302372e-01,7.578672819716529840e-01,7.134621214491045915e-01,6.121339466739518231e-01,9.661604001520256446e-01,9.248389666783323193e-01,5.499843326316686820e-01,3.728202017193161799e-01,2.002809074759370200e-01,5.422271928202140323e-01,8.658949487043492432e-01,7.879849476929661201e-01,7.360490414189133634e-01,6.694074657830521025e-01,7.491087690127021803e-01,6.642336664645241973e-01,7.079535863758541492e-01,6.702459151674600157e-01,9.859323176495569108e-01,8.287166202196101505e-02,7.000077612057324927e-01,4.536855543361891230e-01,8.752008703255850230e-01,7.303473580684772815e-01,3.900163959470608344e-01,4.479903603847005256e-01,7.627681088656014241e-01,4.427697601429514962e-01,8.621080093458767246e-01,4.181412051198548641e-01,4.694630133045653020e-01,3.373360926853171682e-01,5.535094770403532483e-01,5.798067958294460533e-01,6.291065582057244754e-01,7.967245291821526409e-01,3.114577119684628914e-01,6.619247364164313474e-01,3.000323790712455807e-02,6.154823609780094573e-01,7.551930594947743325e-01,5.432847604036795675e-01,2.598297127063567968e-01,4.453720179812861169e-01
4.292273464221458279e-01,6.247880980413044183e-01,7.941946374080230964e-01,3.461906824466590704e-01,3.512258063777724537e-01,4.173864648391200083e-01,0.000000000000000000e+00,5.470946589095802004e-01,2.662776024908040662e-01,4.125331678007737590e-01,5.124271415196127721e-01,4.346338925701148659e-01,5.129601379338568634e-01,1.849512893562654248e-01,6.727042863559199448e-01,5.348241493752022846e-01,7.374895807710412088e-01,7.150830072463867371e-01,6.867648319100695398e-01,7.113353048284157820e-01,6.289835743571419169e-01,6.062735990958931787e-01,4.672314992407058942e-01,9.351325370750787069e-01,7.182578540332049677e-01,2.947512203629302774e-01,5.352220849312310236e-01,7.065931826681759453e-01,4.827563263267390381e-01,4.589806162055872218e-01,2.070051466935230178e-01,4.105188731458079832e-01,7.616497128327543997e-01,4.148707449724287066e-01,2.910206952305910422e-01,4.399173712192051000e-01,3.119620918159319856e-01,5.330526890729434669e-02,6.675913705230558381e-01,5.373058079543012733e-01,7.866229396889097281e-01,5.282932047316503121e-01,9.715842545811388398e-01,7.474065356656989234e-02,8.269687373686285259e-01,4.410814809687294558e-01,4.661163813914181997e-01,7.840713953871399911e-01,7.382835851091376633e-02,2.152134268363193048e-01,5.218454249137245426e-01,6.847166498615130381e-01,3.645870906344566009e-01,5.331237530278361003e-01,4.857406000730839502e-01,2.168821383427891325e-01,8.159805796124643962e-01,6.655234116332097161e-01,6.637644356570617798e-01,4.233524531514351041e-01,2.561090337101801784e-01,4.365148079075699683e-01,3.494214691464564426e-01,9.448204565883437933e-01,8.281179361596493482e-01,5.459553981644820198e-01,3.517688706667344567e-01,6.948009031181100470e-01,9.903452166090236375e-01,6.438085533153857787e-01,3.105539920190212855e-01,2.200099914509880961e-01,7.088807854438486933e-01,9.652594891177070091e-03,7.764019389689560402e-01,4.596308069578299849e-01,7.766231361892004248e-01,6.953519322756082088e-01,4.283921263250125566e-01,3.114933064676379537e-01,5.136872937102922032e-01,9.961830408137387627e-01,4.652759605215980310e-01,5.993409756253491594e-01,7.694140997415411798e-01
8.381658328182742812e-01,3.593011526698162289e-02,7.999437449968798131e-01,6.962955011677940398e-01,7.348681503246633495e-01,6.338712507950642339e-01,5.470946589095802004e-01,0.000000000000000000e+00,6.022354631056326957e-01,3.535049326099507505e-01,4.492064273867047430e-01,2.150852543870396261e-01,8.301680868984818717e-01,7.172299996025469637e-01,1.421489910554485500e-03,1.474468171494487390e-01,2.615000061482515847e-01,5.253640783361468447e-01,4.646490248867394396e-02,9.216312721407502462e-01,8.018699285545242139e-01,9.414310035308073865e-02,6.345834567365001844e-01,5.311277420174820296e-01,2.454867167768577940e-01,3.702186849815443104e-01,4.137340910108613379e-01,7.191255171792751977e-01,4.106111986374951228e-01,5.055577274339506655e-01,6.875629112531606024e-01,3.514880689046588902e-01,6.814608696541104571e-01,6.791600707958124206e-01,5.334631423432965036e-01,3.813897684283101830e-01,2.831316279530528002e-01,3.268377055522146413e-01,6.032935308756783854e-01,4.634030326707829772e-01,4.543033696368862229e-01,7.565612037461101336e-01,9.643889289691351951e-01,7.541004052654040057e-01,6.804686662300665212e-01,7.557983401803458623e-01,4.347891680566483563e-01,3.764542573164712524e-01,6.359211758781663226e-01,7.739189107062853790e-01,4.367630254296627212e-01,5.482618560536753893e-01,4.465804555339989435e-01,6.092102216391548364e-02,7.141653930139951756e-01,4.355854099016617242e-01,7.646652905310751258e-01,3.261394822251120207e-01,8.722472317131430009e-01,7.756267052207749257e-01,-1.246261786187278786e-01,7.687185233574621579e-01,8.079547618307055812e-01,5.998344067112812983e-01,7.188474450559971807e-01,6.423111173616193881e-01,5.031187524739481054e-01,6.563148876437888690e-01,7.153123836722474760e-01,5.348832207023522800e-01,5.574351563920092456e-01,3.741798886281667569e-01,3.600093461909249504e-01,2.459443888701010050e-01,5.485899951246204775e-01,6.383657087741673175e-01,3.994467837283915967e-01,9.962951984579861975e-01,3.936172687509995605e-01,-3.146453580746838563e-02,5.120221736095720289e-01,7.258156945542564298e-01,6.958820696000969086e-01,4.912582307771646839e-01,3.424892969832218359e-01
8.920444319533878952e-01,6.660773104153241420e-01,8.956838349070106453e-01,5.920141034361436905e-01,7.111860889917873685e-01,3.397919868363719065e-01,2.662776024908040662e-01,6.022354631056326957e-01,0.000000000000000000e+00,4.511255189034512614e-01,6.465585570618728184e-01,8.706510801260242127e-01,5.849456117630014163e-01,7.395213347510989355e-01,5.624557456677953260e-01,6.575948743903734517e-01,3.442556207660250056e-01,7.038767205177526298e-01,6.128522454321133628e-01,7.263930129599769359e-01,8.803184132643392390e-01,4.673313752481130234e-01,2.493297648226090735e-01,8.221423486176623330e-01,5.796198709697857332e-01,4.114972527444827333e-01,6.948328881155062531e-01,7.501622062699071503e-01,5.685561237076411922e-01,8.356840343622021217e-02,5.695791060461503630e-01,7.402969363998814778e-01,7.118416521810915221e-01,4.526671808696755561e-01,8.844543550071791438e-02,3.344316612282476897e-01,2.078522767690899331e-01,5.262733621206572635e-03,6.212766328630052737e-01,9.112093634355930005e-01,5.684793102365035544e-01,3.539180162947909158e-01,6.942817243597875221e-01,7.747763771674689437e-01,8.004505880590339073e-01,6.690252342002198649e-01,4.604327590856118757e-01,2.417050046697372945e-01,5.698945542435196465e-01,7.607676432848683445e-01,5.450353582506604067e-01,6.841122767081604383e-01,8.045096331841957715e-01,7.472352401766225727e-01,6.992212433806994643e-01,4.557672560494013259e-01,7.087699837950077741e-01,6.546359893814471809e-01,4.450698336277609246e-01,5.246884720617883691e-01,4.852883088943016343e-01,6.561375512964533474e-01,9.429088376086545986e-02,3.684217419645922087e-01,9.567991784991860538e-01,2.210210125613444321e-01,5.029091358565498382e-01,7.050028223802902172e-01,7.997274730715341340e-01,5.962778931630796642e-01,3.450528847006804067e-01,6.345124290457742067e-01,2.766818672413742797e-01,6.849942780014998123e-01,3.518575744905194647e-01,6.420469488155521320e-01,5.089783018776675716e-01,5.260517237263129253e-01,5.755650753153094268e-01,4.470694875924125511e-01,7.584789221076850829e-01,8.818552513708426410e-01,9.785422834957581140e-01,-9.932451271153552863e-03,7.336036472740751213e-01
7.252250579527167451e-01,6.064227938462783962e-01,5.348851664013003493e-01,4.994811077374561870e-01,6.955347488361508512e-01,9.057362176826162514e-01,4.125331678007737590e-01,3.535049326099507505e-01,4.511255189034512614e-01,0.000000000000000000e+00,9.730321518612471410e-01,3.832353639656694844e-01,8.363434865966694609e-01,5.643407489153573486e-01,7.590362161611537983e-01,4.544978432553843373e-01,7.024515621526206122e-01,5.713465260759358344e-01,3.218513484252425449e-01,6.482613327453161656e-01,6.579830899434810920e-01,3.260574692764260929e-01,6.843616657507556322e-01,4.458757863223188345e-01,3.166182410062113317e-01,6.558434294773640705e-01,9.208412855810378383e-01,6.158070869760012833e-01,-2.983677491042816543e-01,5.357239631690484671e-01,7.480196571085623303e-01,2.014833657009115209e-01,9.095966917437838806e-01,8.104381110205588490e-01,4.947087958730613799e-01,3.518737965815076918e-01,4.327466267392316990e-01,5.235711438329241352e-01,5.212877461356000275e-01,9.394177899323952197e-01,5.708420760937367167e-01,4.787461430865067591e-01,7.651430967587169452e-01,9.250414282381235198e-01,8.427397655403711108e-01,7.754995205833414840e-01,8.982571012614989359e-01,6.666344264258395880e-01,8.892236560633467457e-01,5.220665817761699357e-01,7.238061722342580273e-01,9.916207114371027309e-01,5.177130418461017847e-01,7.635993675600134534e-01,5.067728426678591580e-01,7.762315820786952481e-01,6.430094730330322417e-01,6.716674940178410935e-01,8.341334581703437889e-01,7.197618696945022876e-01,4.180783881203292141e-01,7.394915430114186172e-01,4.095220681713824806e-01,7.289660666846162762e-01,4.141471509706010079e-01,1.703152935226399101e-01,8.177807444674344284e-01,7.649348245581129024e-01,7.453806158068050358e-01,7.361890581909531495e-01,6.974536520268239670e-01,9.105577296351529126e-01,5.043132632557936201e-01,7.928742631297781562e-01,4.276443262874118911e-01,5.998262114701180536e-01,8.113104039513451271e-01,9.597325414144902700e-02,-1.688521043222133422e-01,6.696687657062654342e-01,5.650912825532122818e-01,5.286808390614347042e-01,6.423930206803151188e-01,8.667412113487514558e-02,8.462733147397945022e-01
8.971702967726722378e-01,8.518291397883062666e-02,6.287498038347130169e-01,5.530980016142391653e-01,2.644118331454308191e-01,6.135960968882911981e-01,5.124271415196127721e-01,4.492064273867047430e-01,6.465585570618728184e-01,9.730321518612471410e-01,0.000000000000000000e+00,6.534016900083489121e-01,6.791453937311668909e-01,-7.130170334103339003e-02,3.842675300640117086e-01,2.162830369276639575e-01,4.388934552581969517e-01,7.910888964410349722e-01,6.613022171798402793e-01,3.526931476347522354e-01,9.164619821616930562e-01,4.113699349483867507e-01,9.235410203187945921e-01,6.492741632372607263e-01,3.313577389622890390e-01,5.860559927799463553e-01,9.612289680397145819e-01,7.493701035812831979e-01,6.431947526867388687e-01,1.966279900316428297e-01,4.030054809122691761e-01,5.816365496603652652e-01,7.394489939450138438e-01,6.671516443200976587e-01,7.002202722349181174e-01,7.888404565917020994e-01,2.155279656802038535e-01,6.954627190920060764e-01,5.287530339596742124e-01,8.865547866834762036e-01,3.533893694485427117e-01,6.700814110587944850e-01,8.932245118794982508e-01,7.013303083663217086e-01,7.345161332415846012e-01,5.607709433833065749e-01,8.279775879182138532e-01,4.483556405063766070e-01,6.261584929366212915e-01,3.691929721682430943e-01,5.299415957215244388e-01,3.373852420689020803e-01,6.243137465220475191e-01,8.590288310828346763e-01,9.611312912359044613e-01,6.837947011341402037e-01,8.104432968041050955e-01,9.281735917076214815e-01,8.719010035281359317e-01,2.666261561648013978e-01,4.800390189924598205e-01,7.778770599542036424e-01,3.100692640996697835e-01,6.374409758944996618e-01,2.376580154685151158e-01,4.329602711553942052e-01,7.236954067475938057e-01,5.895758409427349633e-01,3.617258226561481105e-01,6.496463681186452899e-01,7.532807488496958692e-01,7.598630798128613861e-01,3.819744409758991655e-01,1.146376879331485327e-01,7.548710503822956275e-01,9.735413145382790789e-01,7.344742534952526380e-01,6.165419822239799341e-01,3.116841289760746148e-01,4.751259948085813645e-01,4.096296008566568947e-01,8.116795337937851018e-01,6.046342942574797208e-01,6.601867876850460448e-02,6.120171756243426575e-01
4.062151954448687263e-01,1.700556563123857279e-01,4.351893591309257125e-01,9.162583224021623174e-01,9.673237889611568940e-01,8.245109144598903317e-01,4.346338925701148659e-01,2.150852543870396261e-01,8.706510801260242127e-01,3.832353639656694844e-01,6.534016900083489121e-01,0.000000000000000000e+00,4.045260223095458185e-01,7.603150322530660699e-01,2.098051097393560105e-01,7.582921993106799263e-01,8.819991461383844822e-01,4.381652088020998592e-01,7.058411167657863139e-01,9.469698332368136073e-01,9.704398316048928885e-01,9.253798400606843000e-01,7.534049306196755058e-01,9.259890406181180422e-01,5.450683060673845448e-01,9.788426360629248757e-01,7.758875766332988810e-01,5.197515134125454406e-01,5.053162077652104678e-01,5.655107598238817701e-01,4.013337690762693866e-01,5.288560325660490724e-01,7.468596206259836556e-01,9.521488022358024494e-01,9.019320500453422706e-01,2.082646909243203448e-01,2.578311823653548496e-01,2.414769909094629519e-01,3.661327922926386202e-01,6.261562188454592448e-01,8.317205781789306362e-01,7.305472535876327278e-01,7.336253077015154611e-01,6.790225800399756206e-01,5.693233971252078529e-01,9.724397013249588273e-01,3.310170162312610076e-01,7.308242881075830422e-01,6.562754357118134596e-01,4.851127446288288625e-01,5.488428100656874697e-01,1.803743657761714969e-01,4.371445699884436431e-01,6.512507953227578694e-01,7.069410575817803855e-01,8.393380213521441924e-01,3.928441941827233164e-01,6.608712341463685025e-01,6.529068028473918872e-01,8.328683013862295259e-02,4.048826882145361017e-01,7.709002136091225310e-01,5.337596146461786040e-01,6.041936911391725396e-01,4.711109609488673411e-01,7.618024334879196502e-01,9.501545724877873411e-01,3.713109150235415212e-01,7.667391342434780599e-01,6.141020667739057748e-01,8.974690960162826636e-01,4.660088676086744375e-01,4.561745869285061539e-01,5.162667569197321171e-01,6.399331052852338386e-01,4.461099516277751698e-01,4.926783927828705112e-01,6.522864810498608668e-01,5.854768601140800666e-01,5.886396400402142959e-01,7.037948579385050474e-01,9.559019985901027194e-01,4.495539599447204715e-01,1.668308279605937583e-01,3.968491147165664756e-01
9.608928806037484449e-01,7.972988715333866327e-01,5.077132365305131456e-01,9.643593233191899428e-01,7.140597538756180418e-01,9.893565136533872817e-01,5.129601379338568634e-01,8.301680868984818717e-01,5.849456117630014163e-01,8.363434865966694609e-01,6.791453937311668909e-01,4.045260223095458185e-01,0.000000000000000000e+00,8.566387148961193132e-01,7.986068778607202656e-01,5.301954964371302648e-01,4.768654451669905869e-01,6.946926816977724295e-01,5.364473192311564054e-01,6.621484561485839748e-01,4.463712451499627365e-01,8.152312778994609266e-01,2.726913114134574267e-01,7.411894220791956922e-01,6.507556059316695896e-01,3.477865188961515308e-01,7.859111270793596171e-01,7.112719352941427875e-01,6.948045643973453922e-01,3.821453276388384612e-01,5.045947102165098536e-02,3.447481286572301462e-01,4.402261655687158548e-01,8.112603336236782203e-01,4.809733440268470495e-01,2.782724310177527860e-01,2.619434143142061466e-01,9.491882064655298157e-01,7.916223489322006257e-01,6.821151867158375959e-01,4.863615526349814866e-01,9.020877938858501421e-01,9.553980476274067657e-01,7.002346842580028374e-01,5.061209639295067841e-01,5.445247430957961265e-01,6.345487810771501813e-01,7.391475118868329197e-01,4.013822370282752461e-01,7.061135114132121027e-01,6.778920046580739767e-01,7.172581119482335232e-01,8.651146200248662765e-01,3.940987602782851651e-01,4.713001675228024601e-01,6.071601328454969693e-01,5.516775115251664197e-01,6.505914453991877844e-01,7.280805509117156404e-01,7.190268545105442666e-01,3.480841761007448243e-01,8.887157244484157337e-01,4.649691395277694150e-01,9.237470719334089919e-01,8.110310479597476752e-01,7.680174152161440837e-01,8.822074407890971859e-01,5.634555527134214037e-01,8.762129748112185146e-01,9.645310841440780658e-01,4.804971429108224612e-01,6.620229763831475545e-01,3.346223388234109697e-01,4.323845146751229551e-01,7.076037260130784157e-01,1.511529108139764155e-02,8.951777447707565116e-01,7.065472361237281618e-01,6.668619270501706386e-02,3.140829337848151659e-01,2.308001823254768325e-01,5.870723219614082389e-01,5.748075792632131309e-01,3.227775916636090869e-01,8.949537533689522206e-01
2.472225941580709352e-01,5.088342987302869602e-01,9.479933935157059954e-01,6.519044276092917922e-01,7.208123747675994064e-01,4.374153293567511480e-01,1.849512893562654248e-01,7.172299996025469637e-01,7.395213347510989355e-01,5.643407489153573486e-01,-7.130170334103339003e-02,7.603150322530660699e-01,8.566387148961193132e-01,0.000000000000000000e+00,5.043497159172448674e-01,4.544872932723004189e-01,8.232766673338191010e-01,7.657721359772639014e-01,6.530418396407329240e-01,8.215991437283959309e-01,4.096724646431962324e-01,6.158355977760389122e-01,9.346665481176397172e-01,8.041035741106945522e-01,7.578316912895138868e-01,8.619736386535350459e-01,6.886248756608579491e-01,7.549344714312369309e-01,5.499662412529233713e-01,2.186726827612934521e-01,3.462264551930413492e-01,4.540655126915429940e-01,6.669904309524269381e-01,7.355205332780192506e-01,6.880284301850855266e-01,2.777385951813950427e-01,2.852997341895123773e-01,4.410857053423336560e-01,5.172493243314946199e-01,7.513996789378152297e-01,1.739981404253666541e-01,-1.917728234426933631e-01,3.516875648362562945e-01,6.972560894610735360e-01,6.256102402883030322e-01,8.852611136233410338e-01,4.923460294090107880e-01,5.481695509475627004e-01,8.907089914615391457e-01,6.552437569067923739e-01,7.800631706188065895e-01,6.242009375635474422e-01,4.994884880954198469e-01,6.598286770156464032e-01,8.178290796504337212e-01,7.582585437867158662e-01,7.546075432407298722e-01,4.324732820344784345e-01,3.723955752312954059e-01,7.671859108148928463e-01,1.949886997784436304e-01,5.903477388836524398e-01,5.909775274645751031e-01,6.306333757165019094e-01,6.968252806498644869e-01,9.140818906464278637e-01,8.583577571347847934e-01,5.082508477264922053e-01,5.204488262253883502e-01,6.823710844607339121e-01,9.377133448006182981e-01,6.492463617340418214e-01,3.146166454260106854e-02,3.644037827407085040e-01,1.975379518055154215e-01,5.013027173633756162e-01,7.894610891909933370e-01,7.573327031785465069e-01,2.818389917761859875e-01,7.628984484939030364e-02,9.327395342043924842e-01,8.115794801237887768e-01,5.498427776373310261e-01,1.335625842435008426e-01,6.489468112874300365e-01
6.817254938718830815e-01,6.514294915008652653e-01,8.642043418576204061e-01,7.150487316069219501e-01,5.267588851605752298e-01,2.626630685200506687e-01,6.727042863559199448e-01,1.421489910554485500e-03,5.624557456677953260e-01,7.590362161611537983e-01,3.842675300640117086e-01,2.098051097393560105e-01,7.986068778607202656e-01,5.043497159172448674e-01,0.000000000000000000e+00,2.342418079894683092e-01,6.058131237804930125e-01,1.579041412555809987e-01,7.883434942426819081e-01,7.372653766572576650e-01,-3.085291469273758747e-01,2.513963302100649666e-01,7.238580420205678045e-01,9.170678570030637022e-01,7.905409493770632068e-01,3.434721316651097589e-01,6.755516311392244511e-01,2.397859046879657896e-01,3.101141257744528534e-01,6.752821330372542619e-01,4.835052646476080129e-01,7.247873030952290963e-01,5.042060267697031639e-01,2.063863961566008709e-01,5.303009174919816049e-01,3.519876432465338656e-01,3.546857769056081522e-01,6.763094004419825112e-01,7.098035253635586184e-01,8.676719949774269747e-01,7.265116254139613039e-01,5.933447980433288471e-01,6.892505223320776198e-01,5.285898355627752787e-01,6.762839548767369813e-01,2.759218062554072981e-01,5.700608844285895982e-01,3.139786989866652500e-01,2.708981954982759288e-01,3.106425291690775303e-01,8.966357863178332499e-01,5.386029853633570452e-01,6.811176875315495538e-01,6.009027159510874627e-01,4.185584651159574565e-01,8.070443732348085986e-01,6.831369148199181174e-01,7.253749220422818222e-01,9.292895027432329647e-01,1.019465488959067356e-01,7.029687315025189287e-01,1.850014721195121781e-01,5.982417263194983459e-01,6.020599812346024704e-01,5.846870773388103126e-01,5.239054725484713071e-01,4.489986310342432563e-01,9.423253036808753036e-01,3.483491159859347652e-01,3.949184627396035152e-01,8.634620303633385729e-01,9.612049640737194700e-01,7.989059055344123195e-01,8.717138100032795212e-02,5.604823904688646108e-01,7.773591273114563993e-01,7.238139184840989282e-01,5.519953902422227721e-01,5.001332737537570461e-01,4.601468206093749513e-01,7.141290298281811610e-01,2.382031292207800466e-01,5.288988441618505121e-01,3.360458165060854485e-01,-2.779028129910696143e-02
8.815626720912357328e-01,4.231266094886558249e-01,7.319581105275578814e-01,9.752648507892267560e-01,7.909399503668895770e-01,5.497089560576697842e-01,5.348241493752022846e-01,1.474468171494487390e-01,6.575948743903734517e-01,4.544978432553843373e-01,2.162830369276639575e-01,7.582921993106799263e-01,5.301954964371302648e-01,4.544872932723004189e-01,2.342418079894683092e-01,0.000000000000000000e+00,6.342495854134373445e-01,2.383722476186619366e-01,2.328381374592292941e-01,5.340556478670799301e-01,5.532301201437612725e-01,7.876190437595986804e-01,3.506627506265880267e-01,6.927971012208360424e-01,7.165662542183343087e-01,5.443684779923909645e-01,4.536486447438935476e-01,6.076781535052389049e-01,3.238139492778411288e-01,1.853299025663042165e-01,4.093428442962840919e-01,9.503772845174784933e-01,7.763568253539062658e-01,4.078206664228753997e-01,3.407573947159636685e-01,7.249080526304874095e-01,4.085182309997757999e-01,9.171375493893098030e-01,7.065451425468785018e-01,2.439267411562435761e-01,6.666412785944574315e-01,4.189234619769209300e-01,3.801927240489321180e-01,9.114099134865909502e-01,7.737746821535524955e-01,6.918991593744845403e-01,4.222089008888265105e-01,7.970841534005125295e-01,7.441103933820708560e-01,7.849179416206422122e-01,4.161029048316593482e-01,4.453430538400174332e-02,5.093302974724718268e-01,3.483606643299189121e-01,2.564968585323482708e-01,9.982265436085577814e-01,4.072537909724789906e-01,7.169493432009447220e-01,4.147309830273742670e-01,6.892337366724022862e-01,5.075047805598144057e-01,7.727527791444159799e-01,5.465551937500809920e-01,8.170820847171784695e-01,2.916198635885627888e-01,-2.063819713367406050e-01,4.850448214321933516e-01,9.842479326170657794e-01,2.016486653697623366e-01,3.266386694436325122e-01,7.800807247552234980e-01,9.700930122009941980e-01,1.542977978287004559e-01,2.557831763512130596e-01,2.059739599836933610e-01,4.399972705852272514e-01,8.073640661787383488e-01,6.080760210324810400e-01,1.019889594730392091e-01,-1.792797184316376191e-01,4.400957812426430915e-01,9.379330178110291127e-01,5.173160060807060479e-01,1.299707249629979688e-01,7.360468242114738269e-01
9.391014110802978765e-01,8.906522508461384158e-01,5.862187464025538919e-01,9.031125091941663019e-01,7.042519193183309767e-01,8.441733882557985735e-01,7.374895807710412088e-01,2.615000061482515847e-01,3.442556207660250056e-01,7.024515621526206122e-01,4.388934552581969517e-01,8.819991461383844822e-01,4.768654451669905869e-01,8.232766673338191010e-01,6.058131237804930125e-01,6.342495854134373445e-01,0.000000000000000000e+00,6.542220735018471345e-01,6.809475481700504318e-01,6.304212788453174010e-01,6.874573101595200519e-01,1.172400658995099570e-01,5.839434246725242472e-01,1.713806902125717957e-01,4.072293418301248247e-01,6.113702973743040392e-01,3.511051977549351499e-01,9.855043463738781817e-01,4.121980725013468239e-01,5.675115448925167616e-01,4.115495404831819304e-01,5.471401470037755566e-01,9.012944296487106488e-01,6.209810460517454223e-01,7.780724541584658205e-01,3.412245097390688153e-01,2.495576684731233008e-01,9.552554155350092557e-01,4.802343979430038212e-01,6.547833952684155578e-01,1.836990087511048975e-01,8.350721486362158164e-01,9.022673961545080168e-01,6.272154693710833007e-01,8.998002844654034993e-01,8.223748670185594412e-01,2.659782694579890805e-01,7.069193616764968269e-01,6.472374174771797772e-01,9.044060420958304203e-01,3.451436729387374891e-01,2.328134281257645266e-01,6.570796532116188748e-01,4.426443623557113627e-01,5.477348371313662811e-01,9.759940456830809019e-01,7.705173699906010532e-01,4.901694930927939509e-01,3.965547275767024038e-01,3.752608725505209852e-01,3.536803278617458579e-01,6.714133643838249288e-01,8.638068704275498888e-01,7.799393915156587198e-01,9.255321397475553269e-01,9.578697429769176264e-01,9.265381028063472968e-01,9.186397390239720018e-01,7.506940393606040818e-01,-2.851892261729094824e-01,6.801323148131148688e-01,6.894477285067075467e-01,5.799412323238038042e-02,2.426364255293572414e-01,7.972003716408524454e-01,6.392822151598949176e-01,7.416351927992174131e-01,5.119863097215749011e-03,5.473763981988762906e-01,3.941626740576981147e-01,9.257318755505168362e-01,8.181871368295898783e-01,7.392149512729332406e-01,7.064927273512387751e-02,2.675706829225852484e-02
6.528099628525412257e-01,9.234886934449033635e-01,6.162331926260583570e-01,5.589682461046399098e-01,6.305770639335588346e-01,3.044423951279597862e-01,7.150830072463867371e-01,5.253640783361468447e-01,7.038767205177526298e-01,5.713465260759358344e-01,7.910888964410349722e-01,4.381652088020998592e-01,6.946926816977724295e-01,7.657721359772639014e-01,1.579041412555809987e-01,2.383722476186619366e-01,6.542220735018471345e-01,0.000000000000000000e+00,3.493932766993019801e-01,4.251312180256294759e-01,8.605600366835146620e-01,5.114310906527229639e-01,5.392951407798164398e-01,9.746169507643930308e-01,3.389847896227849988e-01,6.999524020019384229e-01,6.843884228402519199e-01,3.605390473532126272e-01,1.019728001566517772e-01,2.584054838507125473e-01,4.833120781865312132e-01,6.296756862806375254e-01,6.576158964880760571e-01,4.207505406370679601e-01,6.262489782247423475e-01,3.581006666666370908e-01,4.584299576537788634e-01,3.613146758413292581e-01,4.532693257686100652e-01,6.632698303285895491e-01,5.317451685552864182e-01,6.461265760741539133e-01,3.811447414719331128e-01,6.275524635428908482e-01,7.554883980822905132e-01,6.726226274113809023e-01,4.959528000711189155e-01,6.053150313360803336e-01,4.127679892813201357e-01,3.982228672176022499e-01,3.274845621615763980e-01,7.203580119679020566e-01,6.284238820366692124e-01,7.162353714740583577e-01,7.931458903381193304e-01,5.654446876806988875e-01,2.856527217659077800e-01,4.251150058844421209e-01,5.951291010240395973e-01,7.192214783883302820e-01,2.902112830435416013e-01,6.005231423102157517e-01,7.937861516711710586e-01,8.767694252209323746e-01,9.028179631149316764e-01,6.764746651671614819e-01,4.375602912045581938e-01,7.302957126417578548e-01,1.655824273549843795e-01,6.605144220358133422e-01,7.229860841592402609e-01,6.186912255439702690e-01,1.801337707973528213e-01,-1.430587150790289808e-01,5.699440901705938867e-01,2.381284241697557147e-01,5.093906459261788866e-01,3.000166887876613009e-01,5.275671242009416506e-01,2.036985439496005745e-01,4.703219928706952047e-01,5.855162397643444150e-01,8.226469925902198943e-01,6.334628704202571736e-01,4.362826517150946160e-01
