0.000000000000000000e+00,4.332931346266569173e-01,6.072056421031462037e-01,2.097467667414942005e-01,8.488582807111617612e-01,9.489137800486675545e-01,8.033101305068681697e-01,9.618476650007050655e-01,8.636454415986578592e-01,7.974887337750989902e-01,8.828715703972704887e-01,2.279730025725281994e-01,7.787047782083476033e-01,5.842112117963760287e-01,5.756278306477664586e-01,4.765396802161395717e-01,3.088037030790286019e-01,6.713528751864545896e-01,8.465760262723988072e-01,6.542840167706419630e-01,6.576724710070376290e-01,6.782335015600675365e-02,7.884242879656800929e-01,2.180280146147762499e-01,9.689709363556714417e-01,8.589489683981528234e-01,6.193141244299343873e-01,7.725982698731228560e-01,5.059757672817815077e-01,5.616327436735241152e-01,5.710065551787293359e-01,4.900730464359923655e-01,9.747512143638036308e-01,8.521369966955174569e-01,1.057910216068042031e-01,7.840352870763782622e-01,3.764202523983218862e-01,6.119283706938783984e-01,2.352462834763210664e-01,6.431210964207335623e-01,4.306485377594858055e-01,8.019192646764938814e-01,7.927667396263040622e-01,8.609659580582793570e-01,7.830625236116083299e-01,3.967642463128622232e-01,8.578560182740613271e-01,4.322709010972526356e-01,8.739497300021181747e-01,7.171034216013800755e-01,9.370008574886542485e-01,6.158998637242314722e-02,8.797087925233971761e-01,-6.957818240297966583e-02,9.461275473321308915e-01,9.833435958208445182e-01,9.719370389832062695e-01,8.129821102785402820e-01,5.544129140575042580e-01,5.356163604902665076e-01,3.317400850219192066e-01,9.547065651248992646e-01,8.907091526000207038e-01,7.074528094349107343e-01,6.202840739387528446e-01,8.678952121190188773e-01,1.356995421485850672e-01,7.870990773612673852e-01,7.468026210171965218e-01,9.252907839827817504e-01,6.364762519345698033e-01,6.400272624968353918e-01,2.060923008967354142e-01,3.921469302224919184e-01,8.487899183420635207e-01,8.584376065410639356e-01,8.024037230461931181e-01,6.585005810607909016e-01,2.553478863699507606e-01,2.437489767057812728e-01,7.029626001406473756e-01,9.920136869826602366e-01,8.911415026417703888e-01,5.839335145162479757e-01,5.916935253575910103e-01
4.332931346266569173e-01,0.000000000000000000e+00,8.717139892887545427e-01,9.041953044687092156e-01,1.083892721756837957e-01,4.999427755493701109e-01,1.261588273000693039e-01,2.463275153852629851e-01,7.439194280364951339e-01,6.362179957085102311e-01,4.337385517029221926e-01,4.583712327799188135e-01,8.271028333643857255e-01,6.214273826742521267e-01,7.019977355809474406e-02,7.196237055244537606e-01,5.070729082220132300e-01,6.326818323271357070e-01,4.478196304996552857e-01,4.267593024542613023e-01,3.313376867223541966e-01,8.759409310908449209e-01,4.212675916550010502e-01,3.769407860368355623e-01,5.969921148493972929e-01,7.841779588648446486e-01,6.312090265595120542e-01,7.293423129111400449e-01,3.351227701652024216e-01,8.995426458319369378e-02,1.627092387021280562e-01,5.330183744123239142e-01,5.968315599479618871e-01,8.784376007842866763e-01,4.188446537498962119e-01,2.534356210855360780e-01,1.433886204810863318e-01,2.707174228519009240e-01,8.404043634498644666e-01,2.854993892843079584e-01,5.143699489034674333e-01,2.935899218943163747e-01,5.402007708831184640e-01,7.624872400135167538e-01,8.831351888308119902e-01,5.976064213952462234e-01,7.505729258007605154e-01,4.450683312546998005e-01,5.570429171825698189e-01,3.480043984585072248e-01,5.349314090037480263e-01,3.069355502319000562e-01,7.349969904573558921e-01,2.499608958312181939e-01,4.786427481194211464e-01,8.498713233942312151e-01,7.858190539782304862e-01,-3.231278738832912834e-02,9.334866457747887925e-01,3.049547895022767796e-01,4.134184076470797109e-01,7.876352913783657428e-02,7.824322873020538305e-01,8.202342387773845500e-01,4.898282755058941396e-01,7.349851261863563634e-01,6.926699116578735049e-01,6.296889702366730290e-01,5.493710016799632223e-01,6.241266952555715175e-01,4.383628808704285174e-01,8.753596917192717486e-01,7.850629094046964740e-01,4.033432343826733046e-02,7.146658853696982172e-01,4.286343460284420814e-01,7.520159970755397882e-01,5.693327873271916140e-01,3.953273185107863963e-01,7.976772572997814503e-01,3.940703125275056284e-01,6.086041737435645693e-01,3.761648745756490664e-01,6.396657160526924013e-01,6.806910339022829992e-02
6.072056421031462037e-01,8.717139892887545427e-01,0.000000000000000000e+00,8.636886969587024288e-01,6.215901976552129504e-01,6.432302807746167472e-01,3.072403867941374545e-01,9.492994285984632796e-01,7.999105686912408864e-01,9.741623496254808723e-01,8.107153805078793907e-01,2.658895197476082162e-01,6.750257625630861069e-01,7.129503840728527164e-01,7.953208122286878901e-01,8.714282236407606685e-01,6.689559873203401175e-01,4.846486742250539215e-01,8.762762729439849130e-01,6.779395568794127636e-01,6.001149114687053254e-01,6.879803923870626559e-01,8.225778115732954587e-01,-3.043918270848516849e-02,9.408084643581434703e-01,6.544631287664046670e-01,8.441770285485958869e-01,9.153534430736465222e-01,7.871842425596273785e-01,4.368238768182415299e-01,3.732472785204422605e-01,5.397180779612572588e-01,4.875862893871992787e-01,7.469181670164191100e-01,4.329003299510751912e-01,5.499017149426540518e-01,1.083088158053246985e-03,6.297302619598152962e-01,9.994560860925255641e-01,7.263656413151859947e-01,1.553854947400037656e-01,3.580835252837315519e-01,7.023732952369883542e-02,7.260667717174166258e-01,4.214812377562939805e-01,9.308610713954484916e-01,4.376224292200375787e-01,2.551561860365230139e-01,7.960794096979662005e-01,7.368578119974272811e-01,6.145056316068758795e-01,9.399874006605759558e-01,8.684172026746255213e-01,5.189701817126174399e-01,5.723526822641837875e-01,6.504713213794252047e-01,7.580567084232963104e-01,4.053755754223857810e-01,2.113436826682071890e-01,2.365649347565192406e-01,7.400552921053460409e-01,9.155571674704542362e-01,9.484959321445675107e-01,9.361794799973696124e-01,7.580968290653448127e-01,7.626610857279213507e-01,6.999289706651301568e-01,9.485328518160343059e-01,8.602000112400420839e-01,9.708316121823395983e-01,6.197689864475939281e-01,6.589711296903300042e-01,6.502540088750141667e-01,3.205742145703043694e-02,8.256465871914768773e-01,5.621346142763506970e-01,8.026538136044812921e-01,7.629525097154317148e-01,5.596367510703439407e-01,-1.136465896021434108e-01,4.781946906612868364e-01,6.352154566307257610e-01,5.160463549276649298e-01,8.845070395957194131e-01,7.179087925340105203e-01
2.097467667414942005e-01,9.041953044687092156e-01,8.636886969587024288e-01,0.000000000000000000e+00,4.117978489337303927e-01,2.803637465942607765e-01,5.407186770012608612e-01,7.297124744197615032e-01,3.236717517999966875e-01,8.479563300366441680e-01,8.240959107573810893e-01,6.851789071540216325e-01,6.022573559958719347e-01,6.095216413014776791e-01,6.844131816821238390e-01,9.070276806738374331e-01,6.592152347981835581e-01,9.974173233634848756e-01,5.583003821389544985e-01,6.083812781628966659e-01,8.327504482730000435e-01,7.731700640425109849e-01,7.773697891432578277e-01,8.114867462861702352e-01,4.659139192251231520e-01,9.602226294511764237e-01,8.272151809629145758e-01,9.207205458692904188e-01,2.337510251240923764e-01,5.830596713147222498e-01,2.228916887302120897e-01,7.909452579935158933e-01,4.755786820594894992e-01,6.959446120459804597e-01,6.429796077973197743e-01,5.413040375292343942e-01,5.650184771340394096e-01,6.415271196499393591e-01,8.127237860838829597e-01,5.104521426100165904e-01,4.049812307659258481e-01,8.981437665131069004e-01,9.717934170583716336e-01,8.896283881972310015e-01,5.642606242448519049e-01,8.290794718751739456e-01,6.812062504103290062e-01,9.951791510806805574e-01,5.532246102093719697e-01,9.245121611533470007e-01,6.069084681002895332e-01,9.724616272068840050e-01,4.464477508143449569e-01,3.408095940353367270e-01,7.689754769130519030e-01,8.398052292478357383e-01,3.030710701514555683e-01,8.275134764481838490e-01,6.419411760564952552e-01,2.929430346942846208e-01,3.630859503592439586e-01,8.316161525494751849e-01,5.269174510867535854e-01,9.264755236901336399e-01,7.279831583848231924e-01,6.895062833932393831e-01,6.048908250499784867e-02,9.170969880720445389e-01,2.190536210701851672e-01,6.642954410865600234e-01,7.468945384974503554e-01,4.938106234731842181e-01,5.776856281438638163e-01,4.967821941658537854e-01,3.058829529575465278e-01,6.781168085781374977e-01,6.992107994951480832e-01,7.240390343644983462e-01,2.390455477490009972e-01,9.798928368072791148e-03,1.911811317463008586e-01,1.873261718133759357e-01,7.209603607149792648e-01,5.031847465527768959e-01,6.545833458783412162e-01
8.488582807111617612e-01,1.083892721756837957e-01,6.215901976552129504e-01,4.117978489337303927e-01,0.000000000000000000e+00,4.398340083742846574e-01,4.878462437492351311e-01,4.980723884189554584e-01,2.284252204977329226e-01,9.274178037758217252e-01,4.869342190105005463e-01,7.984324393381825313e-01,4.521920319747647632e-01,6.244525009884756006e-01,7.350595552200438476e-01,7.354048517162745657e-01,4.678345329508822315e-01,6.571527610185204926e-01,5.597272295529037711e-01,2.859614428231903593e-01,6.118190711805692183e-01,7.575590241805343350e-01,3.248668231104057114e-01,9.871918941145423343e-01,4.546540885699595358e-01,5.255042837712297077e-01,6.759603100202637993e-01,2.451518271405234706e-01,6.632623454005759367e-01,7.364314561430598260e-01,3.910121986859789178e-01,3.446857261166036412e-01,9.486630629367747147e-01,4.940905493522745884e-01,9.744635674845503193e-01,1.670391984017854381e-01,3.821258445001661785e-01,3.174426377888103779e-01,4.543125396255612847e-01,5.002294260051373120e-01,3.630510205373319588e-01,8.027752664970236873e-01,7.758799179251858469e-01,3.773470899884657781e-01,5.152119996184161277e-01,8.880906420995583472e-01,7.767364111459236220e-01,9.531879815886072915e-01,6.257962507997358870e-01,5.653543408671856119e-01,4.760486318479828505e-01,6.979753477705966658e-01,7.255952420323708019e-01,7.566027609540642018e-01,8.148217809643479859e-01,9.064830054836573447e-01,5.866103212666007316e-01,9.514932843985726141e-01,6.257534903948204219e-01,4.373362065699646362e-01,5.806611101087455484e-01,2.568564410586421376e-01,6.859328860976398046e-01,6.057451963869259215e-01,8.033506277168135368e-01,4.123341357930494500e-01,4.821273380299134770e-01,4.321500029459196535e-01,8.806664018814409634e-01,4.675577264689183554e-01,6.369704885603718614e-01,5.397246522391568879e-01,3.152391782190688274e-01,7.645172640435037303e-01,2.431666020849990173e-01,7.476175826920636869e-01,8.891203069262387793e-01,3.286132392365248567e-01,4.466274491753411402e-01,1.218251106826244295e-01,5.378828526126366860e-01,9.095680722748413771e-01,4.255847839067384841e-01,3.852457492468256417e-01,5.020981881890220766e-01
9.489137800486675545e-01,4.999427755493701109e-01,6.432302807746167472e-01,2.803637465942607765e-01,4.398340083742846574e-01,0.000000000000000000e+00,4.601078295445922284e-01,6.529253065725203475e-01,9.347080172714140600e-01,4.011952360704682530e-01,8.683040587730376236e-01,4.256506632646129829e-01,5.694027469166089706e-01,4.224211514273437662e-01,6.657876292255839878e-01,4.963704755050564188e-01,7.233377046886019235e-01,4.929396363120827629e-01,9.803761576715157577e-01,6.573170719243913718e-01,9.897402479239971740e-01,5.987387402537852621e-01,5.763169176594655774e-01,5.665318663908477381e-01,4.922304406491136985e-01,6.053075966537048158e-01,4.833995031032363721e-01,7.469222579139083162e-01,7.090096692004169698e-01,7.790227303492666122e-01,4.055778783040656088e-01,7.655426678108460115e-01,3.410826901952345169e-01,3.827021910816107431e-01,2.146285144073928897e-01,4.188686550587478186e-01,5.049007665784907006e-01,4.460706992003029003e-01,5.667630144555817484e-01,7.995107095661556640e-01,2.544639110296763040e-01,4.892193250078648581e-01,8.776939813567838922e-01,5.599854545055439337e-01,7.957893608142417863e-01,8.927343650095184158e-01,4.039934004127264666e-01,2.200217698225733487e-01,5.872948119183414306e-01,5.635192480034523221e-01,5.059265237997956355e-01,5.398188181879579606e-01,7.149725113103667651e-01,4.824846987304244883e-01,4.658342279444203649e-01,5.025463916662705754e-01,5.492678000745675471e-01,8.123920380061009361e-01,8.974723915354252401e-01,5.189054354755786580e-01,6.450341680672656564e-01,4.383262292216764111e-01,2.658553733046776779e-01,7.803273098032095234e-01,5.759516416121657212e-01,7.725604753302445227e-01,6.592011965287254416e-01,6.903909214774718306e-01,7.609135138879479232e-01,6.772793758699513500e-01,7.513039161099298591e-01,5.855599221331007076e-01,5.706883961474457090e-01,5.179629302506244537e-01,7.439496915126019294e-01,7.956781704262523292e-01,8.158194586226571454e-01,4.335122308291613491e-01,4.991369191399598892e-01,-1.753258738101436398e-01,4.540009596975318473e-01,7.301418283472067561e-01,6.862480724156302392e-01,6.778073732867141432e-01,9.144780747044984892e-01
8.033101305068681697e-01,1.261588273000693039e-01,3.072403867941374545e-01,5.407186770012608612e-01,4.878462437492351311e-01,4.601078295445922284e-01,0.000000000000000000e+00,6.560550147441074342e-01,2.642127015293591757e-02,2.892141217902594597e-01,5.758622118377579868e-01,6.199356610237971577e-01,7.004003877790151433e-01,7.359658239289657011e-02,3.976903173591199159e-01,5.205268720695545026e-01,7.063865972947893646e-01,3.275891913413216949e-01,4.493670099498323078e-01,8.091950063072523847e-01,2.196260577261417990e-01,6.884504786178399227e-01,7.170995269386500892e-01,6.251696035768524728e-01,2.600600865319785404e-01,3.895963453680068578e-01,3.498248747000147207e-01,2.748682398217661138e-02,4.885579649601206054e-01,-4.832100294772212479e-02,3.280468205276475535e-01,6.415371067109992831e-01,2.574429399375750827e-02,5.718838488454562885e-01,2.559648548393216316e-01,4.333616937030890792e-01,5.169524973008885471e-01,5.689666858989200077e-02,8.407276954859426166e-01,7.956369254488533382e-01,2.724347180203593455e-01,4.976496786389694726e-01,7.208842791329608257e-01,5.859184203017325787e-01,7.414773665630240984e-01,6.937393770919102476e-01,4.075913130284690711e-01,3.380027097036007455e-01,4.023580946657213664e-01,-1.782957309283016156e-01,4.105277277047090778e-01,7.668444908611437016e-01,5.025314972511687461e-01,9.743779043914269078e-01,6.704032080376649549e-01,6.977552712090652198e-01,4.853316860516733167e-01,5.336948180317572232e-01,7.408369770197189563e-01,4.985957586866793245e-01,5.919903809490264512e-01,3.787969892244544834e-01,5.700101587949941706e-01,9.345668873480672545e-01,4.117864328468749391e-01,4.588350249655854252e-01,4.409530523163814331e-01,4.525192364502158004e-01,6.975093722208424163e-01,5.223773430274858409e-01,5.642152796172532625e-01,7.279356473643583403e-01,2.265603385428650862e-01,2.704359773982180637e-01,4.102882840640923456e-01,3.452149467829286889e-01,4.555690753183052055e-01,4.320338430063498936e-01,7.879053877846720066e-01,3.370225747133824834e-01,5.295172717921967642e-01,5.113230171334028906e-01,8.162791914479926303e-02,1.401904958694839554e-01,6.707488811807712503e-01
9.618476650007050655e-01,2.463275153852629851e-01,9.492994285984632796e-01,7.297124744197615032e-01,4.980723884189554584e-01,6.529253065725203475e-01,6.560550147441074342e-01,0.000000000000000000e+00,6.583783859529207527e-01,5.267723056013569050e-01,2.311575403554914643e-01,3.994980646553055736e-01,7.486644201825960465e-01,7.849627703838670811e-01,4.229649400027498674e-01,5.037478450088661575e-01,8.518331804720584710e-01,9.662693841920337867e-01,5.502652981775810886e-02,1.175588320403849196e-01,7.739813804292516863e-01,4.186470347450793050e-01,-9.290877597858471226e-02,8.408330815258407975e-01,1.312384389257795769e-01,7.570830643493658973e-01,8.492627322104093768e-01,4.111364664575196115e-01,5.130718141229514417e-01,5.655923815812811117e-01,2.362372492490541487e-01,6.355015077060255368e-01,2.577991024177016532e-01,6.122215402594353151e-01,9.358995498959060688e-01,2.179864854715751754e-02,7.588726239646375049e-01,7.733676605665058545e-01,8.598539927259839510e-01,4.921836947013742414e-01,4.998669274703695375e-01,4.476867852723831476e-01,5.769008648106668247e-01,2.668443369318866942e-01,8.476632920245036340e-01,3.441947272777792222e-01,2.256746085409341851e-01,7.161416874918157260e-01,5.859243303910104395e-01,1.913219726856734137e-01,6.899468267631853058e-01,1.631812060243056084e-01,2.631364763961895892e-01,7.403159945540499498e-01,2.255624373673461303e-01,4.270777766776974183e-01,5.933833293344283888e-01,7.708346646300985316e-01,6.840366914906673701e-01,4.103089444056234880e-01,7.040994812852277018e-01,3.247910295783657530e-01,3.294566940563633528e-01,7.674136595914247128e-01,8.978000033063668894e-01,4.450518209473521836e-01,6.567839488192470654e-01,8.801432841090887083e-01,9.735547172523597581e-01,3.145686747483878998e-01,2.972529924888950847e-01,2.632142861187865002e-01,2.570307463611827270e-01,3.724304744194280037e-01,2.199928279307787338e-01,6.736976724333050282e-01,5.791817489434986088e-01,5.740762862399295674e-01,2.146414945386502793e-01,2.576634819557977463e-01,5.084442865117578814e-01,8.961416192008228032e-01,6.352938216825285700e-01,1.178722617226331260e-01,4.405059592407353231e-01
8.636454415986578592e-01,7.439194280364951339e-01,7.999105686912408864e-01,3.236717517999966875e-01,2.284252204977329226e-01,9.347080172714140600e-01,2.642127015293591757e-02,6.583783859529207527e-01,0.000000000000000000e+00,6.156690308183692117e-01,3.011091871654145158e-01,6.781319426600855849e-01,9.479272070758435476e-01,6.205978168468584411e-01,5.694448636118577545e-01,6.712579243920714367e-01,7.913648281890480751e-01,7.407282535267580847e-01,4.152660060780484774e-01,7.848928375282862024e-01,2.198116011767461964e-01,5.395511222217600489e-01,7.216342971466603862e-01,7.871112682107658243e-01,2.440995833395043779e-01,9.356927631614367913e-01,6.883792530915584518e-01,7.243395301355357585e-01,4.023088895393897024e-01,1.438138900652577989e-01,3.504643336465953496e-01,5.624306905714449023e-01,2.941085187935221779e-01,8.950474198425583117e-01,8.879887847003177237e-01,-3.817857963962253409e-01,2.260267832446291592e-01,9.423528516045778791e-02,6.555577383329496133e-01,5.277053633534155574e-01,1.739060642147670643e-01,8.511009078651557980e-01,6.702705382122015054e-01,7.088110841782772065e-01,9.519218197488078514e-01,5.905026890588684907e-01,4.005033279632310150e-01,5.735090834959140071e-01,5.688677288065187021e-01,6.605792253463271813e-01,2.971831491344743004e-01,5.228366759912950190e-01,6.017389479202210900e-01,7.305921548644744856e-01,6.705185073632784487e-01,6.610258130886614847e-01,2.117828331998368452e-01,3.094726323118979217e-01,4.559268297219289390e-01,3.781361094339544815e-01,4.952696605753208470e-01,9.007205226401119313e-01,2.663111752223080719e-01,8.299278179961823154e-01,9.545352176456982640e-01,4.169763513792666965e-01,5.232202111793164967e-01,9.434979289362628307e-01,6.353026102825234389e-01,6.644597737601780352e-02,9.642224531821448341e-01,6.111696311885648214e-01,1.290465184194320158e-01,3.523355034154529442e-01,2.099615478739412233e-01,6.576975745302402476e-01,3.815949304044579105e-01,5.968992641977326485e-01,4.831378106296449482e-01,3.840157308422113003e-01,4.191113922939388448e-01,9.947840869516739737e-01,7.534916692691899787e-01,2.874447244627937881e-01,7.503649524239288660e-01
7.974887337750989902e-01,6.362179957085102311e-01,9.741623496254808723e-01,8.479563300366441680e-01,9.274178037758217252e-01,4.011952360704682530e-01,2.892141217902594597e-01,5.267723056013569050e-01,6.156690308183692117e-01,0.000000000000000000e+00,1.256527559144673956e-01,-2.368097374510105824e-02,6.696041597218399533e-01,4.810966199288360667e-01,1.334879522007259654e-03,5.891346820983971444e-01,7.092747168491589926e-01,5.067944392671258624e-01,5.958796355810946910e-01,7.804520699572898845e-01,3.254038509811647550e-01,4.100405813740988503e-02,9.528917530983394002e-01,6.685906454506952423e-01,5.154973053103955039e-01,8.821511367934222747e-01,9.984674842728680222e-01,5.122460812347873205e-01,3.787057821926703149e-01,5.856363593487596830e-01,1.152276838063857750e-01,7.842363260278485404e-01,7.688843164557703780e-01,6.603137550841949865e-01,5.923930880325318782e-01,4.430789943623136828e-02,3.614928904301734636e-01,4.826526441877149187e-01,7.702790109809154462e-01,9.668452123447202062e-01,7.695458004982156375e-01,3.806669215038379628e-01,3.445080504570756652e-01,7.205865773012176678e-01,9.970398299181159052e-01,6.670007782841582689e-01,4.687267797022989790e-02,8.289365749412892503e-01,2.243767614993270043e-01,2.055303302031687152e-01,2.892698814970878773e-01,4.637514790391442099e-01,8.323137375361379098e-01,8.489486817151341569e-01,8.278333369505314066e-01,7.112873502847835150e-01,1.603054817724929859e-01,7.938433716134083440e-01,6.811029169028015584e-01,1.594748464362721330e-01,1.048533274513874791e-01,5.220411823931304651e-01,4.098997793563989855e-01,5.132710097583181863e-01,6.118608742401864253e-01,-3.827344555169372442e-01,4.890406127910574829e-01,7.629064394082519796e-01,4.806933842749633867e-01,2.757716953580746644e-01,8.032865490147865772e-01,3.692665506527709196e-01,6.177217656835262138e-01,5.186725154391500503e-01,7.007671073363583858e-01,6.765218827744895469e-01,2.657017171723484172e-01,2.633846661769691511e-01,3.505730404643835896e-01,5.784678724295325702e-01,6.774584076143042033e-01,9.556231284919582958e-01,7.683888637833087287e-01,4.599575846902810849e-01,6.990230278061140279e-01
8.828715703972704887e-01,4.337385517029221926e-01,8.107153805078793907e-01,8.240959107573810893e-01,4.869342190105005463e-01,8.683040587730376236e-01,5.758622118377579868e-01,2.311575403554914643e-01,3.011091871654145158e-01,1.256527559144673956e-01,0.000000000000000000e+00,7.479423813741038485e-01,8.085198892824840833e-01,2.208220948464364175e-01,5.054178856908276840e-01,9.576118677651721534e-01,4.992984831809892943e-01,6.297905515252606445e-01,4.430054941943741276e-01,8.094446968339091830e-01,5.167618770451845034e-01,9.341136813682092699e-01,5.630720155762514167e-01,8.144679859966206248e-01,6.134539075877254444e-01,6.127915613245706883e-01,5.403149808652699670e-01,6.370304891801250591e-01,7.224041040358455401e-01,5.687471700355808402e-01,-1.383888914122444747e-01,6.502932185462498849e-01,7.919086214095578669e-01,9.158815181186638066e-01,4.652097840315324584e-01,3.735653662128875507e-01,5.922418674454705823e-01,7.142085726693763181e-01,6.117852113065940234e-01,5.404437194144218193e-01,2.661673202311690689e-01,7.038054936607176515e-01,6.644460043264613924e-01,9.051352152985898680e-01,9.169432250325681988e-01,4.596168068333180146e-01,4.025227994363257400e-01,8.109855433584463036e-01,8.895800392014692193e-01,7.376133178076095254e-01,7.053876001824466169e-01,5.782928825976434428e-01,8.724441853146526205e-01,5.271916871261030924e-01,6.436269547083772746e-01,5.989582043117296362e-01,5.102170287614308242e-01,6.360382505411255050e-01,6.028272892157985341e-01,2.335606542122213858e-01,4.103721268369048270e-01,7.606571025105030026e-01,8.433742185510836320e-01,7.544486474128472286e-01,8.402316297267655720e-01,3.007068829453685699e-01,4.305783362288713167e-01,9.631364134349296169e-01,3.461527676023119504e-01,8.139576572964951628e-01,7.205927650267512918e-01,7.402336217731134704e-01,5.927680980471892180e-01,4.815574740845145474e-01,6.806300220304380977e-01,7.614925314290584835e-01,6.823892070461620163e-01,1.716744509249398809e-01,4.774451716830999670e-01,1.534167043579142409e-01,2.066152561533721455e-01,8.043536584505492915e-01,7.726363140200226409e-01,3.135367641282175155e-01,7.669730873751614553e-01
2.279730025725281994e-01,4.583712327799188135e-01,2.658895197476082162e-01,6.851789071540216325e-01,7.984324393381825313e-01,4.256506632646129829e-01,6.199356610237971577e-01,3.994980646553055736e-01,6.781319426600855849e-01,-2.368097374510105824e-02,7.479423813741038485e-01,0.000000000000000000e+00,4.459887808920144359e-01,8.787295506375294440e-01,3.683557224376188266e-01,1.592073821218667473e-01,7.067817849656040652e-01,7.769509242626408962e-01,4.524474951134474510e-01,9.651224869405219398e-01,5.214245358318989609e-01,8.501507929772014194e-01,3.678230955622434628e-01,8.857275727798264997e-01,3.277049109083418066e-01,5.709281350847617009e-01,9.080055825256351243e-01,4.810281433699219455e-01,2.534785770792646886e-01,7.946337000473896461e-01,4.138072204941958820e-02,5.787606314329609702e-01,5.642677723229495568e-01,3.563437376481400909e-01,2.106034650136854453e-02,4.860598855323577938e-01,3.335959546897007133e-01,4.023038497834549587e-01,9.117554657220692249e-01,5.843330073429275906e-02,6.604293373029375414e-02,4.588976112232565074e-01,8.819125358849871921e-01,6.123669671915277224e-02,9.662443515238843261e-01,9.330097884427753785e-01,8.358396053176015972e-01,4.910823656670349480e-01,8.789330989955758122e-01,6.790270551178483327e-01,6.704353041088808585e-01,8.705273683142550345e-01,8.006907174053318199e-01,5.529868681164042954e-01,8.175859052904976831e-01,3.239958826798814417e-01,3.977106150342661905e-01,7.615879809494334740e-01,9.503776447436731445e-01,5.446063005435710647e-01,5.460713178275382607e-01,2.880761696257060911e-01,9.767572120263082747e-01,7.823168540186922204e-01,6.851085166868456922e-01,6.049656420422313552e-01,9.840794628673064093e-01,9.138786504839309099e-01,5.005626972952473830e-01,9.599518175517011143e-01,9.081000601292890106e-01,5.802353841759460007e-01,3.762855252530680206e-01,-1.116758762520039805e-02,7.725966907117576277e-01,7.861778043438324426e-01,4.287686576750878165e-01,5.478773747758918233e-01,3.190587727378060845e-01,5.915001609209127320e-01,4.772457139729700537e-01,4.930125925880315396e-01,6.528832186756688971e-01,2.393467586901577016e-01,6.354304958838031814e-01
7.787047782083476033e-01,8.271028333643857255e-01,6.750257625630861069e-01,6.022573559958719347e-01,4.521920319747647632e-01,5.694027469166089706e-01,7.004003877790151433e-01,7.486644201825960465e-01,9.479272070758435476e-01,6.696041597218399533e-01,8.085198892824840833e-01,4.459887808920144359e-01,0.000000000000000000e+00,8.323363604337590260e-01,7.558966287352510971e-01,8.339964461108342331e-01,6.740025124104704890e-01,5.873384693007280277e-02,6.116409397054413111e-01,6.081127834993190762e-01,8.320378812670083946e-01,5.241315160638742032e-01,4.193084681060817442e-01,8.380335911525744752e-01,5.071775684132577844e-01,8.667220903147809796e-01,4.874151333105312123e-01,2.887703909826523363e-01,5.271909961892803365e-01,1.677434680384438104e-01,2.282124707135810976e-02,7.448302075574240178e-01,2.344374739941862407e-01,8.335808330678620148e-01,4.537838500589384538e-01,2.733819577988214067e-01,2.859144655209232555e-01,7.501957387309076131e-01,6.357085337869611275e-01,8.593937095618255917e-01,2.182378376703187350e-01,1.435104733935798904e-01,4.423924380230642162e-01,9.146368320344776537e-01,5.632684290303968666e-02,6.563299275683349698e-01,8.724473032526741667e-01,3.980793240122513232e-01,6.568859110128878465e-01,6.945315104702137754e-01,2.647780023798965154e-01,7.395155823437041809e-01,4.383281985779289291e-01,2.079507276762470047e-01,2.986589775546870662e-01,4.761080368010601749e-01,6.419313764367053921e-01,9.661265694644700641e-01,7.841772519849805612e-01,4.053133014142341617e-01,6.366226829619827665e-01,9.496053244749289579e-01,3.673480538902004211e-01,5.320117848828220808e-01,9.193892809351922324e-01,9.086521581116371316e-01,3.060689535158197527e-01,4.651171480528098479e-01,2.666976874952701193e-01,6.519285488963140196e-01,9.393208191437882881e-01,8.050993817985514500e-01,4.840560742219567336e-01,4.179877230611979688e-01,4.968840173174811636e-01,7.890766025103689296e-01,1.754971883058121795e-01,5.971527992660373707e-01,7.676970460281100639e-01,5.003191931786009627e-01,-1.343949602988352976e-01,7.127757412729004427e-01,4.577778988007788485e-01,7.628608048538989550e-01,4.145616627769654339e-01
5.842112117963760287e-01,6.214273826742521267e-01,7.129503840728527164e-01,6.095216413014776791e-01,6.244525009884756006e-01,4.224211514273437662e-01,7.359658239289657011e-02,7.849627703838670811e-01,6.205978168468584411e-01,4.810966199288360667e-01,2.208220948464364175e-01,8.787295506375294440e-01,8.323363604337590260e-01,0.000000000000000000e+00,7.236822619367189180e-01,9.745305921397133808e-01,9.484524891268562019e-01,5.810276968866848746e-01,4.505465337534981241e-01,5.975854204055869312e-01,9.731349436220350091e-01,8.020713851173172371e-01,9.783760361486730783e-01,2.874258402609752849e-01,3.947197369296601144e-01,4.133177710291960905e-01,4.897511121040180049e-01,4.316085078770262595e-01,6.408691872701387238e-02,5.009082906068178520e-01,9.326959388643621951e-01,6.553983507841101286e-01,9.819656664270852708e-01,7.156909948206013894e-01,9.354133805870135099e-01,5.098965606456201671e-01,4.633274709623944609e-01,7.901652646438879213e-01,8.625939172741980965e-01,6.146124220428097473e-01,2.162415946442309556e-01,9.474798813076994453e-01,6.642837388015102595e-01,7.186664450908688551e-01,8.805683818328554624e-01,5.123166299255981215e-01,8.457165151275265469e-01,8.854560091382662756e-01,8.325727277859871212e-01,6.330797035987506538e-01,7.384072678735401074e-02,5.702057532962946373e-01,6.697717963841895994e-01,7.451383721531846804e-01,8.862069860350664241e-01,4.775760298071204391e-01,7.331974566359118484e-01,6.622300354399766054e-01,4.295970112284873688e-01,2.945138693731031432e-01,1.430344478904746475e-01,8.348626730639571170e-01,5.601857909378493705e-01,8.590512567810246747e-01,5.037430700580383114e-01,9.654143482238539686e-01,6.102693461887573889e-01,4.555734626587007452e-01,2.763706286244858590e-01,9.268319310827554114e-01,4.153245392857509710e-01,5.473384237073439795e-01,3.214536116380817266e-01,3.844865885641131076e-01,7.466292029518382112e-01,3.925787607279962454e-01,4.627421130678842087e-01,4.182107794596363615e-01,2.706003645791851264e-01,2.573828769564772689e-01,6.318129364640489021e-01,2.119732369323154286e-01,4.046486015987504348e-01,6.698435969962432956e-01,6.839517910411647694e-01
5.756278306477664586e-01,7.019977355809474406e-02,7.953208122286878901e-01,6.844131816821238390e-01,7.350595552200438476e-01,6.657876292255839878e-01,3.976903173591199159e-01,4.229649400027498674e-01,5.694448636118577545e-01,1.334879522007259654e-03,5.054178856908276840e-01,3.683557224376188266e-01,7.558966287352510971e-01,7.236822619367189180e-01,0.000000000000000000e+00,2.528629171066109627e-01,9.629113810306620946e-01,7.088522077901637797e-01,8.192130893838290850e-01,8.192205530354864651e-01,7.886741204234963831e-01,2.135200747735589155e-01,4.306026530302014543e-01,5.227115098736828669e-01,6.291509676739809320e-01,4.969668696350313941e-01,6.451757902559296376e-01,6.673122800752862016e-01,4.889737492410093367e-01,2.847843088176644777e-01,-2.641305574740304696e-02,6.880516514570137465e-01,7.622591919688059825e-01,2.423439011097723306e-01,7.280252157587463469e-01,4.989629294219560807e-01,6.463612548151365100e-01,5.233485866967051425e-01,9.629462451757838659e-01,6.376282782324168563e-01,4.964852544219401920e-01,6.396911253217071325e-01,8.402848541233678414e-01,6.652509509090474005e-01,7.218628288268290616e-01,6.728564232688878377e-01,6.259024945793405514e-01,6.029901525646855776e-01,4.763830462806381560e-01,3.904449199162248751e-01,7.663126982827538347e-01,7.828854942686660490e-01,7.170292271676614870e-01,1.372325271975539385e-01,5.109841958517659100e-01,9.437126753236722010e-01,7.675687941670151782e-01,8.340642391093239238e-02,7.278398448400694720e-01,5.870127007312475609e-01,6.392858866316198929e-01,4.573226215389362137e-01,7.194044770501366592e-01,9.490284364507188819e-01,8.860672317061856207e-01,4.548793764624149971e-01,7.448179699501825679e-01,8.729485591793885169e-01,7.112843960406021182e-01,7.657751918558457493e-01,6.019540468994818427e-01,7.552470372193503811e-01,3.675830328413261516e-01,5.298169272377336592e-01,8.550275004877487817e-01,5.584116122329007004e-01,5.281561725419252618e-01,5.762068147079677516e-01,4.709338513458093955e-01,3.731339458665834385e-01,6.330940479552398248e-01,6.041648285142857677e-01,7.871462074930822839e-01,2.827476429582663764e-01,4.357750992771325382e-01
4.765396802161395717e-01,7.196237055244537606e-01,8.714282236407606685e-01,9.070276806738374331e-01,7.354048517162745657e-01,4.963704755050564188e-01,5.205268720695545026e-01,5.037478450088661575e-01,6.712579243920714367e-01,5.891346820983971444e-01,9.576118677651721534e-01,1.592073821218667473e-01,8.339964461108342331e-01,9.745305921397133808e-01,2.528629171066109627e-01,0.000000000000000000e+00,6.624406347923862404e-01,-6.715788349211893049e-02,3.620529470454202370e-01,7.643962698196673511e-01,4.305223485732743716e-01,5.423844217199601525e-01,3.596193047947303656e-01,6.866151585789560530e-01,5.732951906768126715e-01,7.774773283924084621e-01,8.112412450011677878e-01,6.331948114454818421e-01,3.605746988287514831e-01,3.358727606246120212e-01,5.750677274142809159e-01,8.854055713876610723e-01,9.330716198815427465e-01,1.168798633283416599e-01,4.899859540887447906e-01,1.615111408973498031e-01,9.254218856595906872e-02,9.641826200898753196e-01,7.172554432553917003e-01,5.000780850340895700e-01,4.886959249930849514e-01,3.410227006691792795e-01,8.576680878453355472e-01,7.168513115692994875e-01,8.238466528039435355e-01,7.077442593233546075e-01,9.955752299115031567e-01,9.202433797301063922e-01,2.033035579461960340e-01,5.043874562060611799e-01,7.024194243836291429e-01,7.679463073054006994e-01,9.539086924021279446e-01,7.812364139516412287e-01,7.430648019342066535e-01,8.461249379350352928e-01,7.343685175477591143e-01,5.153040061488362023e-01,7.626777101084736277e-01,6.193734542508482210e-01,2.293213603140879242e-01,4.686848847237884419e-01,7.478653915743723735e-01,4.450089934522531432e-01,6.087239759935699768e-01,5.861180229111881967e-01,3.755393238647734000e-01,7.870420471476131663e-01,6.432665026465756997e-01,7.405040281020315307e-01,8.457135124393009296e-01,8.572745669625472242e-01,-3.194049202752366479e-02,6.337595874950595620e-01,5.873658718107692689e-01,2.087488497695658141e-01,6.123599119147754566e-01,3.512902398788423364e-01,9.736051084951993784e-02,2.843500734150732900e-01,4.493724287851250110e-01,8.464026970102204173e-01,7.403874360161070145e-01,5.387584475543644169e-01,6.572500136697707607e-01
3.088037030790286019e-01,5.070729082220132300e-01,6.689559873203401175e-01,6.592152347981835581e-01,4.678345329508822315e-01,7.233377046886019235e-01,7.063865972947893646e-01,8.518331804720584710e-01,7.913648281890480751e-01,7.092747168491589926e-01,4.992984831809892943e-01,7.067817849656040652e-01,6.740025124104704890e-01,9.484524891268562019e-01,9.629113810306620946e-01,6.624406347923862404e-01,0.000000000000000000e+00,4.278904940894531772e-01,4.992571558627875716e-01,6.849946136597376833e-01,7.286236377747259407e-01,8.392778966420229025e-01,4.698757167316751637e-01,6.236035259428426292e-01,1.897924158442349518e-01,9.326247952921642437e-01,7.610301561305901075e-01,1.110312530873388132e-01,2.062587034976210154e-01,5.400180014445175036e-01,4.727744414809353368e-01,5.741891323396007829e-01,7.814373340714696470e-01,5.131275841015910943e-01,6.458905593450110505e-01,5.936749910747159131e-02,-1.804605223867199459e-01,9.389592988195436529e-01,9.172924915426127201e-01,7.436630422610084334e-01,7.053831810473217834e-01,2.159159092647097711e-01,8.125362151744613959e-01,9.018374463584444278e-01,8.763070532789034583e-01,2.053001269791302486e-01,6.319698624187636282e-01,8.706262975150051986e-01,7.711629227599847702e-01,9.122664718687352181e-01,4.798378501003573993e-01,5.194780153963781677e-01,7.063111670170953982e-01,4.122471293829189642e-01,5.302786105455729038e-01,4.727220957339772767e-01,9.451160798609947733e-01,5.429731678551333873e-01,7.375571777480954827e-01,5.000897300285541691e-01,2.267257569853323440e-01,6.416185475248767922e-01,5.241242414948543704e-01,4.960439164759464920e-02,9.442417545418948510e-01,4.742226807312220904e-01,4.320132454989947246e-01,7.489945950827080479e-01,3.196869202564262546e-01,6.864903581452319603e-01,9.199764567374162372e-01,8.576382423404557143e-01,5.092556167002061374e-01,5.118435105981429256e-01,2.532438488537064880e-01,5.881064155117121661e-01,9.252320779180502885e-01,6.360715804029078990e-01,3.025002756688507932e-01,2.038364952947402942e-01,4.946259278004135340e-01,4.688568887614145142e-01,4.973968421760347480e-01,4.985289219122115978e-01,7.878811766339179901e-01
6.713528751864545896e-01,6.326818323271357070e-01,4.846486742250539215e-01,9.974173233634848756e-01,6.571527610185204926e-01,4.929396363120827629e-01,3.275891913413216949e-01,9.662693841920337867e-01,7.407282535267580847e-01,5.067944392671258624e-01,6.297905515252606445e-01,7.769509242626408962e-01,5.873384693007280277e-02,5.810276968866848746e-01,7.088522077901637797e-01,-6.715788349211893049e-02,4.278904940894531772e-01,0.000000000000000000e+00,4.300832858128478819e-01,5.272735336340306223e-01,6.674211898784492281e-01,3.019047598626631856e-01,2.627421059619524657e-01,7.805675862857432978e-01,6.905631025427403369e-01,4.830192940783833988e-01,4.595171471271396468e-01,5.807775868526898755e-01,5.579380083256495482e-01,2.201253981322430775e-01,3.920786091263167572e-01,5.705164687219816955e-01,5.734221885216084225e-01,5.952183271887279137e-01,3.768588063368716878e-01,5.577634255251191497e-01,4.819906582213387414e-01,3.430061878209109683e-01,9.571389499115423583e-01,6.902172519439305765e-01,-3.969401512294686851e-01,5.837239523150834497e-01,8.422043237265199878e-01,4.163358626503052551e-01,1.825586414364818999e-01,8.819157820483762844e-01,5.088784687632523784e-01,3.894824970347328108e-01,9.889344639379240576e-01,6.005680346958628402e-01,7.930380294582948242e-01,8.559668452717049680e-01,8.972090579019322831e-01,7.861603312820525380e-01,6.319505609393677448e-01,6.863245321766963114e-01,5.628844693149680500e-01,6.888144121894571592e-01,3.981169079639540476e-01,4.517832833945296667e-01,4.191819164796818376e-01,4.810951300499276551e-01,3.926353672745662715e-01,6.783915767152144394e-01,8.294019365290238310e-01,6.514844081768691453e-01,7.979354472726296610e-01,5.216525859581543356e-01,7.261387337252979135e-01,7.805236406490123624e-01,4.240115669919657382e-01,3.575041578109775520e-01,2.171052592812179327e-01,4.127013501755110170e-01,4.494809544802787216e-02,5.908796117962459293e-01,6.111284941767277656e-01,5.093672441323042754e-01,2.185624123972665644e-01,5.075078358291068570e-01,5.122909086345635021e-01,8.318487703759064322e-01,7.857199549816746842e-01,2.368351228496063665e-01,4.484922982225271193e-01
