0.000000000000000000e+00,7.864166571474417999e-01,8.964051773127041933e-01,6.354002097223577783e-01,2.975941434038618105e-01,7.333306980463735192e-01,7.743530979408510539e-01,7.732009647117447093e-01,6.361913053453442934e-01,8.137076994316804202e-01,8.608701986098084014e-01,9.723138123928865006e-01,5.651329411649704815e-01,7.132197944604751205e-01,7.501061448078165661e-01,5.209909280520961250e-01,9.707164229190984317e-01,2.317366761366254357e-01,9.766251623295522100e-01,9.807935539496481780e-01,7.952569002023923694e-01,9.235133886235687983e-01,8.311673742993762604e-01,9.548972211188613279e-01,5.502663960269703614e-01,7.349202570611073071e-01,7.439887370480204876e-01,5.715498768571422028e-01,5.030653740036610255e-01,2.602524510120201029e-01,3.611259631389951430e-01,6.335518561855223441e-01,6.195565955723369989e-01,4.276175714538111849e-01,9.588397441698717216e-01,5.797991819172354511e-02,7.426497661586357879e-02,9.491706826333196068e-01,7.180869856196822054e-01,3.387792026806973888e-01,2.473613833485437952e-01,7.116591063372069703e-01,9.525790345463478470e-01,5.012513903662845216e-01,8.760103085862193106e-01,9.600978342962958045e-01,9.837338888026058159e-01,9.399128127594591486e-01,7.838202852634313933e-01,8.150150973491663287e-01,7.765091329803531783e-01,8.613740102065984283e-01,9.749842071262084797e-01,9.753163761728707026e-01,5.225639436612936617e-01,5.527647209007532370e-01,6.246085165354895441e-01,7.797257317587673597e-01,7.132002993038470962e-01,2.104717245012165117e-01,6.952371399771335447e-01,7.984727910397174666e-01,7.613206777015737448e-01,9.257974559049358954e-01,7.806323712845695262e-01,8.794054059643350296e-01,7.923562537906301273e-01,7.581413623969874838e-01,5.267702083453136286e-01,8.157053061611025946e-01,6.913826171098762519e-01,8.299962060998206104e-01,1.289783078844750630e-01,9.575138447204240011e-02,7.843236000471555114e-01,7.810714584585767284e-01,6.571289736613705745e-01,7.362642472969093133e-01,5.051240384499429137e-01,2.913796017493952561e-02,5.509306163527450950e-01,3.240518004338038272e-01,5.199861214631859019e-01,6.058382087973034347e-01,8.479120030080040671e-01
7.864166571474417999e-01,0.000000000000000000e+00,6.339128051071566405e-01,1.603508021806536732e-01,3.774867611630093878e-01,3.816790353396519730e-01,6.530932483245999176e-01,6.986143609988444414e-01,7.466442677210685108e-01,7.099861945586651846e-01,5.368624921956680618e-01,8.543192532887804447e-01,7.146250732002072947e-01,6.699053558568879296e-01,5.100128437474287235e-01,7.210958324470289060e-01,8.034318256174074468e-01,4.315000463711936574e-01,3.133836202728769171e-01,6.475451824882241247e-01,8.043680639418691047e-01,3.126423714246362451e-01,4.783239510895082036e-01,9.941486611231087345e-01,2.485696431574593579e-01,9.162775867302941357e-01,6.754422416208879509e-01,8.830816390256612802e-01,4.794490799673826742e-01,5.117909723971232339e-01,4.131083919293479512e-01,1.361223732609146420e-01,5.992040166233723042e-01,8.463731590772602953e-01,7.921899503779897822e-01,6.338516040305129939e-01,3.750374681620626260e-01,7.460946956641654193e-01,9.754156265805355996e-01,4.300787599075180934e-01,1.651247465042608165e-01,7.157895254215438374e-01,6.307852437479090080e-01,7.419706817228584050e-01,9.624818122254222841e-01,5.548430677829212510e-01,6.319763126573341161e-01,3.804399290166243786e-01,2.120348329248923358e-01,5.691429752467500602e-01,3.720976862310180211e-01,2.815169100713170169e-01,8.690096341649691247e-01,1.691196412896463497e-01,1.699037590833665790e-01,9.982546056573045057e-01,2.931894059889439963e-01,7.468999879983613255e-01,9.635828159189046005e-01,5.940628230082086736e-01,5.723575926970450034e-01,1.966953580004985602e-01,2.742166806568200887e-01,6.641924989056990913e-01,9.661392392789003303e-01,7.785936280242038432e-01,6.485459282683864179e-01,8.459918253665342780e-01,3.462155098419354982e-01,8.246870754443536011e-01,7.082265687477374838e-01,6.567319540454378268e-01,2.197982923131676369e-01,4.996045044251676281e-01,5.543699023497136169e-01,6.749780685360177168e-01,7.889754016563368388e-01,5.146571699546106382e-01,2.918998107143519483e-01,5.435303208029773625e-01,5.199433852354580221e-01,9.475710300582724788e-01,3.923168818767475141e-02,3.273718210517198024e-01,7.661665315758604544e-01
8.964051773127041933e-01,6.339128051071566405e-01,0.000000000000000000e+00,4.549849404069902237e-01,6.815133914427518036e-01,6.505092347096601557e-01,7.958645201951424220e-01,6.525273924109783463e-01,8.742925091417866890e-01,9.633539117660172568e-01,9.464046310491245340e-01,4.070306259108332214e-01,9.717621342665421214e-01,8.923189647351889020e-01,9.911632555667195810e-01,7.792726901888513691e-01,7.885332627826295848e-01,9.439351790382367602e-01,8.025762962329999750e-01,9.804618756535666835e-01,9.771466857528546823e-01,6.582547160051952506e-01,5.525841907793229701e-01,6.794521355914509009e-01,4.296284137948900850e-01,6.252366501742244731e-01,7.944069621998921527e-01,9.577112591306256029e-01,2.935636937551256986e-01,7.518925808727231486e-01,2.091864853033884725e-02,8.429983324660077493e-01,8.773655853832267315e-01,9.087881693755192059e-01,7.232500786953373062e-01,3.775369018361270923e-01,3.112623621586401712e-01,6.901925215609817643e-01,9.055099634933230224e-01,3.206101461148666010e-01,6.881977549609913369e-01,7.664929209596921256e-02,2.573633378462926724e-01,7.111513689955522022e-01,7.793590219829611421e-01,5.117918587828381716e-01,3.469014726429641704e-01,7.489699526173817512e-01,2.700489822297983400e-01,8.950143522377971284e-01,9.071047275178626412e-01,8.796256976906478009e-01,9.992974084232418841e-01,7.734508465931103638e-01,6.358691505678770728e-01,4.655920199092314915e-01,3.801341826427504511e-01,6.407681332755457149e-01,6.881317413366618840e-01,6.492711802835469115e-01,7.058841793193739722e-01,2.548160250196991328e-01,7.417216823936269021e-01,6.265333833662021235e-01,4.372824410004615969e-01,6.191048833075692981e-01,6.902086956769650783e-01,8.947755353839373926e-01,9.972183150907855120e-01,8.657684484224883459e-01,7.764780642970129376e-01,7.112227900260267299e-01,4.014889789554475508e-01,4.576854492398802488e-01,5.307853838346401343e-01,8.823307020258510658e-01,8.628754538092875404e-01,6.929537869697722785e-01,4.862388801895857204e-01,1.154608984030711660e-01,9.906432840299254083e-01,6.202380482138548645e-01,9.383662986940903838e-01,4.365340865456167618e-01,6.977675616499442457e-01
6.354002097223577783e-01,1.603508021806536732e-01,4.549849404069902237e-01,0.000000000000000000e+00,8.086783200165861829e-02,5.811853100409424266e-01,7.696554050382650169e-01,6.741017369981640028e-01,4.007110090287319126e-01,5.632185341707169890e-01,6.369268778324645996e-01,6.585736381877660417e-01,5.568405176739656959e-01,6.550104855069457388e-01,8.371914435351621719e-01,6.377872341550208102e-01,6.261647394007081591e-01,5.302839776001679883e-01,9.404393415676413071e-01,8.495720608688331899e-01,6.794498578195955485e-01,9.041025684447940858e-01,7.993268494118759282e-01,7.027895206632086555e-01,5.808291422752303035e-01,7.872194626549379182e-01,5.848450666150991628e-01,6.966752155517906830e-01,2.412277973707662448e-01,3.691694938012091698e-01,8.825070269246858279e-02,2.831159104126280690e-01,6.543281897660500057e-01,9.982931059790778328e-01,8.666109507497359310e-01,4.339696133320734006e-01,5.958949165283312643e-01,5.916498318463228046e-01,-7.442937088518833399e-02,8.121566648833286051e-01,7.473382160751957937e-01,7.219755760843211689e-01,9.313777257635460494e-01,6.083339234206101009e-01,5.261621686816634336e-01,8.029155792634669053e-01,8.827236568427605512e-01,5.955926595593566963e-01,2.761429963896011586e-01,7.309716406286512758e-01,9.567808842496428046e-01,6.506018137906830479e-01,6.575192026572405091e-01,5.627022955343004007e-01,2.029839713554591474e-01,-9.929070677158702285e-02,6.449264647987902332e-01,7.251850697757837860e-01,8.319750829563224981e-01,5.210319664406342088e-01,4.420871446676933325e-01,7.849505537617343931e-01,6.002887802665525241e-01,8.980182168099302142e-01,8.618836041289240635e-01,6.368421209320964671e-01,9.207188358052406096e-01,9.743607711056339049e-01,1.827224402016018046e-01,8.944575407976367298e-01,5.267785952948629280e-01,5.135459254062871848e-01,-1.821249739267282730e-01,7.679357933002527170e-02,4.098637540402084167e-01,8.873098894484412469e-01,6.879577495734563453e-01,9.172414028443443001e-01,1.409179804309414752e-01,6.700098987087624858e-01,4.229800710019226972e-01,8.467824764597206011e-01,8.165806908334585223e-01,2.930959724143958889e-01,2.344203163000313228e-01
2.975941434038618105e-01,3.774867611630093878e-01,6.815133914427518036e-01,8.086783200165861829e-02,0.000000000000000000e+00,4.934020461087600395e-01,5.952573992062039077e-01,8.533798424365243163e-01,6.349287142743121892e-01,2.067711304841306774e-01,6.653138092233846779e-01,7.375121839357396958e-01,6.229851740677581073e-01,4.372061140633598519e-01,8.542319437331704624e-01,9.412885659650230830e-01,9.993869827895154323e-01,7.700090270901566170e-01,9.947804984449457599e-01,6.861666621145201539e-01,8.420218283633759127e-01,9.602957542071589581e-01,7.708082731107088748e-01,2.570511582417637220e-01,4.913329412115540196e-01,9.477470710453927971e-01,9.333017809536522380e-01,2.237260541828197113e-01,3.938717109191691712e-01,-7.729127659806180051e-02,2.350165276852053675e-01,3.133056113827267786e-01,5.185571532841536380e-01,9.423906377820447933e-01,7.071125922458120217e-01,5.984490013094537764e-01,1.191871770384736601e-01,6.282926038438116922e-01,2.128284712602172557e-01,7.091745162846549988e-01,5.456892242967257278e-01,4.051483804707604053e-01,8.619487587706168297e-01,6.041951275009348477e-01,7.695966657970162439e-01,9.170521204002443083e-01,4.287939607924153851e-01,8.288510627499312555e-01,7.967912047419136723e-01,4.129680881206652110e-01,4.547997030931491547e-01,9.582936446403397257e-01,6.846300159841863797e-01,6.551072375388480307e-01,9.674620742604279622e-01,5.741351309222937349e-01,5.971698280719663909e-01,8.626906875095149418e-01,7.712103745204268446e-01,5.431046251845998984e-01,7.568005463849993841e-01,6.304521180879294473e-01,9.652850087577358185e-01,4.677069146234216213e-01,8.049209677329974832e-01,3.865927789384001056e-01,4.560163389830954594e-01,9.759353524509751798e-01,4.114437240585284705e-01,7.966551282456789673e-01,6.818803718124345492e-01,6.965142865166391584e-01,5.579705773430601035e-01,6.863878264689949119e-03,4.159356311005279472e-01,6.542185151600787840e-01,8.876050027891724259e-01,4.686003894586257545e-01,4.356786954229701081e-01,9.807554007304458699e-02,3.151994490923720749e-01,5.919936873822743140e-01,6.202670519416230155e-01,1.880320334391252443e-02,5.500570749775142154e-01
7.333306980463735192e-01,3.816790353396519730e-01,6.505092347096601557e-01,5.811853100409424266e-01,4.934020461087600395e-01,0.000000000000000000e+00,9.066659270785766278e-01,7.906461406339887477e-01,7.202412946970622176e-01,5.250398817079909852e-01,5.715465495932628981e-01,5.995471825641208730e-01,9.552926951556296453e-01,6.229940272838609960e-01,4.061620600891079347e-01,4.353223612498304251e-01,6.147181949924483968e-01,9.535754977498833718e-01,6.493692240893621515e-01,6.602128689134931783e-01,7.914454251161662235e-01,6.010294094388175523e-01,5.058585156105106506e-01,5.463277571605231753e-01,5.410160418900830104e-01,9.583950765141565631e-01,4.594334067805758703e-01,5.594831438824937608e-01,1.150786765526445321e-01,2.840163867532868869e-01,5.923870324703670587e-01,5.626774116776478429e-01,5.352639065975584032e-01,9.489511482750507820e-01,5.913997809615215706e-01,2.599219551469179601e-01,2.268849749714400843e-01,4.456934708765064590e-01,4.477996734443024929e-01,6.290816205596178046e-01,1.311256832611195910e-01,4.484061477615559066e-01,6.405359280827319646e-01,9.499029853844020987e-01,7.270918730187646561e-01,2.520066158144634860e-01,9.435517344553737695e-01,7.975859695123255211e-01,2.987619005727776278e-01,6.480517123071700691e-01,4.276323492229621714e-01,8.037806928901581882e-01,7.605683770649953601e-01,5.028583517536318048e-01,6.381973889337850814e-01,2.983307252207204607e-01,8.108098405473586068e-01,9.259623031515716862e-01,6.883577917746072083e-01,5.627330691747409741e-01,-8.426639884618140897e-02,7.253551961168328566e-01,2.031959039568688175e-01,3.626098181356477435e-01,6.113321897849942621e-01,3.091166286508928440e-01,7.333658987012868780e-01,5.479891156072994596e-01,4.351454746258012207e-01,6.352558679785379470e-01,4.850227283819989466e-01,6.090758864399229422e-01,4.506547332327200950e-01,4.631345240942430497e-01,-5.166389278826102882e-02,8.826959692805282920e-01,7.621883850778781166e-01,7.143348225952242947e-01,5.464816378392681750e-01,3.184554092004678733e-02,2.064949145785637263e-01,9.275475111898237035e-01,7.677911094384408663e-01,2.227271068645005347e-01,5.091314145261562896e-01
7.743530979408510539e-01,6.530932483245999176e-01,7.958645201951424220e-01,7.696554050382650169e-01,5.952573992062039077e-01,9.066659270785766278e-01,0.000000000000000000e+00,7.207688965338115983e-01,4.460945181738342757e-01,4.004876959767966760e-01,6.676601021264831903e-01,5.405969651860772496e-01,5.385631701768403001e-01,1.237281958327818374e-03,7.357928514168787792e-01,6.456749412448042902e-01,6.860233323418800655e-01,2.037017979029599746e-01,6.582386455108772960e-01,4.783394583158334656e-01,5.231422110731358543e-01,4.597692357227470827e-01,7.103474755123179163e-01,9.727861354092440793e-01,7.214298433964456692e-01,2.496161975328243521e-01,2.115067147152327638e-03,3.580884407254648627e-01,6.603619808854683804e-01,-7.657400541341896627e-03,3.937255046203402831e-01,2.000866510412201149e-01,3.129452156093244231e-01,1.175412198698297522e-01,7.534057164944024665e-01,4.257762715079389526e-01,3.840270382003574401e-01,4.951710302245926343e-01,4.399353818450863485e-01,7.325077572324272257e-01,5.496326195136089776e-01,5.243706379352329749e-01,4.111579261467843138e-01,6.980032699186379253e-01,9.917549163279786306e-01,8.335605000474710646e-01,2.316697238389414104e-01,1.774641560529288953e-01,2.330583836275366139e-01,3.795270127564611684e-01,1.826124011548064738e-02,6.150898522975782878e-01,7.894719761521240553e-01,3.667823412061860244e-01,6.675947622920923585e-01,2.532613254795876290e-01,4.386916413861701169e-01,7.688377802445047760e-01,5.739403510976881506e-01,3.418408753059304361e-01,5.710918886282571050e-01,2.900188489490292953e-01,9.955027401205349680e-01,7.327442784029741807e-01,2.714992672645923366e-01,1.876233351177390013e-02,4.785133332940322282e-01,2.931274643039420980e-01,1.639198751454791492e-01,4.890111849469299665e-01,3.378333304450117369e-01,5.264521036294013134e-01,6.541428957781692671e-03,3.472153869344244970e-01,5.963836089462126733e-01,2.581794652853761640e-01,6.124720042475245707e-01,3.369111369744424156e-01,2.316426270228636730e-01,4.433572477778198184e-01,6.746633561464867590e-01,6.489164490019755371e-01,4.556104135843654923e-01,6.514561942293493058e-01,8.706318577825282734e-01
7.732009647117447093e-01,6.986143609988444414e-01,6.525273924109783463e-01,6.741017369981640028e-01,8.533798424365243163e-01,7.906461406339887477e-01,7.207688965338115983e-01,0.000000000000000000e+00,5.997979351255692260e-01,3.813279786020129514e-01,6.604046655148749778e-01,8.423081770678673141e-01,9.808393368421643999e-01,5.497504781707746035e-01,2.534816489868654266e-01,5.351614966542928009e-01,9.928757353779006367e-01,5.577228048580245012e-01,2.740300505138837384e-01,7.860836047812503891e-01,7.906721651318370236e-01,3.013839750978556387e-01,7.450680340705664317e-01,4.060478158009286354e-01,4.072983536794296811e-01,7.141199725510738450e-01,3.156982363226225052e-01,4.468597555307851077e-01,5.427883207807150390e-01,6.526175957325171251e-02,7.469267914378678874e-01,-5.073929768242543825e-02,3.908985224712822060e-01,6.947378828529271466e-01,2.038659491394526069e-01,4.607083402955161611e-01,8.607867561021454936e-03,2.464328832720226736e-01,7.687327098260008373e-01,7.485599352779399585e-01,3.267866858690244847e-01,2.163135099884223589e-01,2.756909105960902995e-01,1.205670849402145778e-01,9.666380803354659434e-01,2.300238702746280894e-01,4.859636767788351186e-01,5.670909444928482479e-01,7.111082227140160805e-01,4.796476996296845097e-01,4.460922912709284760e-01,5.139931795392331804e-01,6.056425664808915421e-01,7.342147197084790688e-01,9.656069584502708913e-01,4.476661542152038931e-01,6.862625851269233967e-01,7.960633836083554904e-01,3.550315839147879515e-01,5.550912665775449284e-01,6.237531713581013770e-01,4.573916512092937037e-01,7.756312734190503599e-01,7.299249636735237745e-01,7.905039454444755531e-01,8.689244991138093122e-01,2.083857503082608142e-01,7.478673026229107901e-01,7.191891168976538573e-01,5.623044860848629423e-01,6.796937532856897057e-01,1.892203018404565729e-01,6.074015716150914512e-01,2.332893764029618233e-01,4.117895409601387002e-01,3.938917789058110630e-01,6.591977069470484896e-01,4.056363434142452040e-01,7.714323149386765888e-01,3.261439696011929623e-01,6.209789018265282623e-01,8.913401596019732143e-01,5.118018205737068227e-01,2.922255219244493940e-01,2.661683193798183300e-01
6.361913053453442934e-01,7.466442677210685108e-01,8.742925091417866890e-01,4.007110090287319126e-01,6.349287142743121892e-01,7.202412946970622176e-01,4.460945181738342757e-01,5.997979351255692260e-01,0.000000000000000000e+00,6.686021057472568696e-01,6.593785162202986383e-01,4.287894592560584917e-01,4.337922983481771744e-01,3.470808255930216135e-01,3.620823967004847543e-01,6.233666274976511490e-01,6.794208116514879325e-01,7.718056571577778247e-01,5.326539002033242598e-01,5.303180057558937177e-01,4.327860620758890997e-01,4.219586919262735547e-01,8.964458032157436584e-02,7.758404707462829286e-01,7.515889465981748785e-01,7.817428403388639868e-01,7.805527027583298860e-01,3.764645206242970832e-01,1.646668633096141643e-01,5.663916637585922897e-01,3.482954231279747348e-01,6.920981013041991314e-01,-1.778946168996927146e-01,6.064477217090790129e-01,2.853895096221684691e-01,6.768261941456991115e-01,2.888694346201874374e-01,6.453507109072520453e-01,8.055470862592892800e-01,7.259091011552611938e-01,2.171021403731315247e-01,2.287827760026407975e-01,9.521378319708324600e-01,2.852811722780055348e-01,7.663855747981457300e-01,4.714788973495716573e-01,7.169864983989006069e-01,4.835535360718535292e-01,4.047013904933949302e-01,6.182568407163715474e-01,4.791386556052454893e-01,7.836172575931603657e-01,6.878689717164122586e-01,7.694860846460739312e-01,9.670259552625263266e-01,5.103225879106232377e-01,7.638181452099995772e-01,-1.138936340917062889e-01,4.084492186966884320e-01,5.289980752832796895e-01,7.183174330010696496e-01,1.525381282477007161e-01,6.783259544535913399e-01,2.803379434994152097e-01,6.334686944394134489e-01,7.536722574510140715e-01,4.015889796120222233e-01,3.422693183892882574e-01,4.009310613977983828e-01,3.240316649335228116e-01,5.955553720898214554e-01,8.401025390894267808e-01,1.014011827215986900e-01,3.580010977339775358e-01,2.518423860336523323e-01,5.573954940421306237e-01,4.674168993088866908e-01,2.125724640033446397e-02,7.672590411580029190e-01,7.535948887377037497e-01,4.079593722471073214e-01,7.170406699377032123e-01,6.898113643991840016e-01,1.227155442723454337e-01,6.143950201997042670e-01
8.137076994316804202e-01,7.099861945586651846e-01,9.633539117660172568e-01,5.632185341707169890e-01,2.067711304841306774e-01,5.250398817079909852e-01,4.004876959767966760e-01,3.813279786020129514e-01,6.686021057472568696e-01,0.000000000000000000e+00,1.491051362045220097e-01,4.828738037746563294e-01,4.063747849690749203e-01,7.390144665087206022e-01,4.010753579861014995e-01,7.590909945645510359e-02,5.429269108897569751e-01,5.718241910080928969e-01,5.500509188962316998e-01,5.807646840435258806e-01,4.805692534915146918e-01,7.440180752726391900e-01,4.941609395563251184e-02,7.393035652366301003e-01,7.714403542458453389e-01,7.903120503668212837e-01,9.817316679779207744e-01,4.465314372447105606e-01,6.455153427491432394e-01,4.766258236108760205e-01,5.814866057849690240e-01,5.898260842682171434e-01,7.970817467606432505e-01,5.868237082470866284e-01,2.523675763159793362e-01,-1.199471654371070811e-01,1.218489267878811733e-01,6.306546846174454490e-01,9.669235055144161928e-01,4.911852281238845430e-01,5.798855103751928697e-01,2.566857914924165485e-01,5.449174862792613983e-01,7.021907832295199992e-01,6.509309539438863368e-01,7.444267091809062542e-01,7.394491131020508590e-01,2.768433367228833042e-01,5.360617098481138543e-01,5.059206342985447247e-01,6.199708729584706424e-01,5.432727573376773256e-01,2.433563261318083815e-01,9.273888919485768767e-01,8.408431653231946967e-01,8.858159704460044637e-01,8.714112573910619552e-01,5.700204156894141949e-01,4.727629373070448837e-01,7.156087898635222766e-01,2.775733522058934089e-01,7.592275337947267388e-01,1.309320354582628188e-01,2.736963397649443408e-01,8.593014096305723326e-01,6.917545112308979283e-01,7.069266674629980374e-01,9.940824633752978201e-01,2.948097819780031714e-01,3.303670876118075528e-01,8.250483315860517308e-01,6.262745234754674151e-01,5.320389444379339805e-01,4.246191689088992249e-01,2.564111733905927171e-01,2.894101884813804482e-01,7.841384616765662008e-01,3.289364725664046807e-01,7.044925803525114993e-01,3.289784858060850747e-01,6.033100305755145776e-01,6.848103098523778964e-01,5.157449820696895504e-01,1.839819931448520296e-01,2.824031555764510704e-01
8.608701986098084014e-01,5.368624921956680618e-01,9.464046310491245340e-01,6.369268778324645996e-01,6.653138092233846779e-01,5.715465495932628981e-01,6.676601021264831903e-01,6.604046655148749778e-01,6.593785162202986383e-01,1.491051362045220097e-01,0.000000000000000000e+00,5.276775214324647134e-01,2.284262061218367001e-01,6.345092754586925121e-01,2.619722181703654229e-01,1.069310167378318410e-01,4.273652560708888215e-01,4.058538690169898322e-01,4.449277224140579245e-01,7.101930923739249168e-01,4.033912992053463320e-01,4.537514843758718719e-01,4.059510984925491228e-01,7.440019119541587678e-01,3.670018654039860495e-01,3.526434626555511875e-01,2.130006742996785607e-01,4.769960187540695506e-01,6.336097570249182853e-01,8.430324664959923386e-02,3.015872273758162248e-01,4.523273192706327994e-01,4.435776738736320057e-01,9.196357961961454386e-01,8.936156313069599788e-01,2.898085406076079118e-01,5.291128730896966781e-01,6.381318948216958553e-01,3.286080274583264016e-01,7.937289314654992767e-01,7.856137087199721591e-01,9.829075916665592771e-01,5.107242260316678939e-01,8.613828203526910920e-01,9.898246019025543907e-01,4.727737411630185127e-01,5.995769985429364457e-01,6.794692320506998673e-01,5.002112887510694605e-01,4.389754896875781576e-01,7.017894216025176435e-02,5.302146936065901262e-01,6.261926564077586743e-01,8.487398780203019300e-01,2.299571916145231598e-01,6.342952647713260284e-01,2.268691244112241989e-01,6.932363897183904111e-01,7.186925630563167910e-01,5.345070391479422867e-01,3.685705854088947575e-01,6.262571902980283989e-01,6.854587459091868729e-01,6.653341117968788465e-01,7.923245592427243800e-01,7.384941565707704436e-01,7.816350953109432176e-01,5.640084292719826919e-01,6.346989975465560097e-01,4.357516505080725328e-02,8.118493985834501769e-01,4.713573321754301326e-01,3.411653365006983019e-01,3.354146737676055312e-01,2.377354054897974078e-01,5.235061283005015831e-01,9.521863217874745322e-01,4.018126855726621982e-01,4.134147864983660492e-01,5.308065970231752306e-01,4.172847845442996806e-01,8.294956050369931555e-01,5.469304861927324346e-01,6.225868757219548133e-01,6.249670093583387098e-01
9.723138123928865006e-01,8.543192532887804447e-01,4.070306259108332214e-01,6.585736381877660417e-01,7.375121839357396958e-01,5.995471825641208730e-01,5.405969651860772496e-01,8.423081770678673141e-01,4.287894592560584917e-01,4.828738037746563294e-01,5.276775214324647134e-01,0.000000000000000000e+00,7.977445741881181718e-01,9.230723942426469764e-01,7.882132982384320030e-01,6.543705674222601854e-01,8.856070404452056621e-01,6.711765186661755589e-01,2.904155286352465559e-01,6.230296042580307780e-01,6.744274828071928907e-01,6.102515536403099183e-01,4.781346496450266104e-01,8.811089390891717610e-01,3.247085145555542729e-01,9.638435127506694844e-01,8.809405852436771323e-01,6.896418779550428368e-01,2.833722748758573107e-01,3.806696243877698560e-01,5.466150889464367335e-01,5.590367154479519707e-01,7.143787310847451444e-01,9.120403753622465803e-01,3.705290856980816283e-01,4.543314138611143083e-01,3.245339534962410344e-01,4.477250677061713202e-01,6.534708274928000549e-01,6.809299939529290802e-01,4.893944139744594857e-01,6.911803305963569732e-01,9.660212235887966070e-01,7.504651671718253203e-01,6.663377327248865001e-01,7.926457205486311386e-01,6.667518549770605762e-01,4.148093261043058200e-01,6.443324055165454700e-01,5.906176895089962908e-01,4.041559046381664744e-01,6.900867600123329337e-01,6.539268211395951047e-01,3.576874531177437477e-01,7.505320320558919178e-01,7.074925216287876184e-01,6.915159736230190868e-01,5.875479356838692047e-01,5.130370639662360510e-01,5.237518531711545799e-01,6.734551246503135413e-01,4.537739240295442511e-01,4.332323251689981780e-01,7.342427917518693503e-01,8.574122224077515009e-01,7.217069473754508246e-01,6.528996349590077131e-01,9.241951642285604063e-01,2.112239206427922733e-01,9.396950329456221773e-01,7.002758891988735135e-01,7.314332038335099595e-01,6.355098664357611282e-01,-4.620406812622365744e-02,7.519747127919375052e-01,5.678068420511548364e-01,5.710010285348658954e-01,6.232988717698406678e-01,6.824727693496683845e-01,3.724960636229937005e-01,3.784922077553775632e-01,6.096139524002633925e-01,7.032430483516661779e-01,5.266418035177572454e-01,3.825841119569096671e-01
5.651329411649704815e-01,7.146250732002072947e-01,9.717621342665421214e-01,5.568405176739656959e-01,6.229851740677581073e-01,9.552926951556296453e-01,5.385631701768403001e-01,9.808393368421643999e-01,4.337922983481771744e-01,4.063747849690749203e-01,2.284262061218367001e-01,7.977445741881181718e-01,0.000000000000000000e+00,6.410033422554162197e-01,8.665466207999871218e-01,4.340435543459857937e-01,6.810226042746558850e-01,9.124514824735601159e-01,9.571165404229915463e-01,8.748475621558622350e-01,6.378180863142358659e-01,8.140770111093174055e-01,7.035021187586918412e-01,4.751010920770018520e-01,4.531707095404551300e-01,3.860632559347210169e-01,6.771685520292477500e-01,4.722452826671608150e-01,2.195677341493019463e-01,4.730932614281794790e-01,3.133041771106985784e-01,7.229872119918022699e-01,6.984683522780508191e-01,9.224742180655662871e-01,5.176244915816787806e-01,4.803289268354120622e-01,1.186277650099600879e-02,5.153870843157993820e-01,7.479909975755900664e-01,6.644088830662082668e-01,1.185463325486990627e-01,7.033930855605755594e-01,3.951191814300543115e-01,8.492064982941117668e-01,6.824239786150264608e-01,9.169498959166020313e-01,4.230241562219361207e-01,4.597120104973301258e-01,4.762718967220144761e-01,8.670595880666354116e-01,6.343957920599945233e-01,5.247763061416530483e-01,4.577701908670427922e-01,6.397818926368393777e-01,9.969896046117601163e-01,8.217959793802691593e-01,7.319446448800943639e-01,2.556018892707339063e-01,7.919264677041695233e-01,7.434624613073972377e-01,4.049446349516986898e-01,4.196913797313037708e-01,7.534626505665278362e-01,9.022511107804300767e-01,8.346631895747610441e-01,4.187362340477766010e-01,4.222483177357521100e-01,7.346330921107819822e-01,4.446319923397950569e-01,7.333061658718437181e-01,8.002589529530269585e-01,8.639543559373227266e-01,4.966053772979392988e-01,4.203032158838544419e-01,6.916906076140377779e-01,9.828188389889029875e-01,5.798561135518766063e-01,7.002320751901471851e-01,4.195392648580226203e-01,5.518768978712240703e-01,5.410082385966896723e-01,7.304823246427600836e-01,3.938553953490596671e-01,5.342152878716505127e-01,9.078847300430867850e-01
7.132197944604751205e-01,6.699053558568879296e-01,8.923189647351889020e-01,6.550104855069457388e-01,4.372061140633598519e-01,6.229940272838609960e-01,1.237281958327818374e-03,5.497504781707746035e-01,3.470808255930216135e-01,7.390144665087206022e-01,6.345092754586925121e-01,9.230723942426469764e-01,6.410033422554162197e-01,0.000000000000000000e+00,8.364096212618991055e-01,5.031017277643680119e-01,6.851991663820301559e-01,3.750803833229716666e-01,4.670715457724678443e-01,5.617635733330219594e-01,9.431303635741262736e-01,6.383113381988178014e-01,5.018365606927972511e-01,9.445442585496810484e-01,4.696093928000083517e-01,8.925982608446683120e-01,7.694142619105842629e-01,6.810151236743933190e-01,3.281540192343475049e-01,6.833502598220209112e-02,3.916070183923727743e-01,7.449486534571916896e-02,9.550870216713081007e-01,8.710075034848279163e-01,7.422136331529115560e-01,3.353030395233127514e-01,5.810868353266479547e-01,5.274851369803528200e-01,6.303275229191273032e-01,8.440842007339678377e-01,7.401938413363660096e-01,4.358119518174194962e-01,4.462915558829557150e-01,7.677241076348667592e-01,6.744659177498986136e-01,7.854636851671719100e-01,6.731091816991824350e-01,7.919222624052150161e-01,7.727798215833849849e-01,3.069100260058862939e-01,5.785382842411267434e-01,9.754536634537798179e-01,5.317498177729864661e-01,7.136456625426976785e-01,9.792525232265547608e-01,8.485961583968477662e-01,8.512156834051936016e-01,4.942342526597864327e-01,8.136535067925803055e-01,3.757375031652741004e-01,2.452661458805007466e-01,2.285624795158747724e-01,8.897310628197888649e-01,9.550786929591313923e-01,9.684487121214596650e-01,5.675964630809451350e-01,5.992511035829407584e-01,6.520207446831230991e-01,3.395086511942109198e-01,9.740244214583477778e-01,8.355150237420443382e-01,8.179294153998095673e-01,5.107648586911621713e-01,5.529123315299869779e-01,4.423166252722435798e-01,6.861386249220350342e-01,9.555145820474716389e-01,5.696662303643286185e-01,6.752108086678392240e-01,6.899317283145303681e-02,6.454193695922167961e-01,8.047648369490836284e-01,9.589568801548007393e-01,5.243055817426822696e-02,6.030744116821895595e-01
7.501061448078165661e-01,5.100128437474287235e-01,9.911632555667195810e-01,8.371914435351621719e-01,8.542319437331704624e-01,4.061620600891079347e-01,7.357928514168787792e-01,2.534816489868654266e-01,3.620823967004847543e-01,4.010753579861014995e-01,2.619722181703654229e-01,7.882132982384320030e-01,8.665466207999871218e-01,8.364096212618991055e-01,0.000000000000000000e+00,2.538498710306867912e-01,6.557713831793554604e-01,3.957979709110285849e-01,3.453463591237852515e-01,8.351797732282308928e-01,7.725002155414038008e-01,6.420270352161452365e-01,8.007851873510136997e-02,9.511986849695608370e-01,5.882504745630428022e-01,4.209969708691717605e-01,5.715877189815572468e-01,7.290018409019178858e-01,4.872449869966737901e-01,3.188089716041839772e-01,7.294139471262521823e-01,2.710411497557226879e-01,3.465435429509383658e-01,4.967422421504236185e-01,5.687407954804556409e-01,4.791724216265707548e-01,2.356535363844260156e-01,2.591793714061491616e-01,7.927455822292480692e-01,8.651043766446256944e-01,4.348370883378391283e-01,7.350228378550689445e-01,9.037097575481057854e-01,9.562795422349741337e-01,7.495482552494688866e-01,8.721925930500689095e-01,7.010316183143753266e-01,3.124691556849550911e-01,5.724331131262145878e-01,4.656915826909913125e-01,1.648500424761618344e-01,6.005401896071724810e-01,6.463490063378946049e-01,7.008837547406614465e-01,6.010957303052950618e-01,9.190784037785775240e-01,5.693551687130754546e-01,5.883519737802915817e-01,6.352021942154469913e-01,5.017618552108346064e-01,2.501457589873012921e-02,7.031605631760737829e-01,8.193315865645208751e-01,9.205906165251883655e-01,8.282640778809118309e-01,7.161106821761339392e-01,9.278441533566705868e-01,8.944819941550327114e-01,4.112241089347740686e-01,4.827710918833453269e-01,7.928889849416540514e-01,7.666041016513784889e-01,2.087487417494436337e-01,-7.231500712933308650e-02,2.609155708764460679e-01,7.914529806118182353e-01,7.363848846507807799e-01,4.044696691998669325e-01,3.523810250019159263e-01,2.756092972712510525e-01,7.266522853007251204e-01,5.576201320794521576e-01,8.266431334147312793e-01,3.692893991470430626e-01,6.250521289429858962e-01
5.209909280520961250e-01,7.210958324470289060e-01,7.792726901888513691e-01,6.377872341550208102e-01,9.412885659650230830e-01,4.353223612498304251e-01,6.456749412448042902e-01,5.351614966542928009e-01,6.233666274976511490e-01,7.590909945645510359e-02,1.069310167378318410e-01,6.543705674222601854e-01,4.340435543459857937e-01,5.031017277643680119e-01,2.538498710306867912e-01,0.000000000000000000e+00,2.580622444261112536e-01,5.145803681629743664e-01,1.228146175583654104e-01,7.643776969546820510e-01,9.823470178566310329e-01,3.584810024584770272e-01,7.884331078626136691e-01,8.634377968955447846e-01,5.722059595332493753e-01,7.323295099746098824e-01,9.072643659532253491e-01,9.092503809853523800e-01,2.132257712260088311e-01,5.744630920545674702e-01,2.266119298189428755e-01,3.657519164063898764e-01,5.198599511608176238e-01,-3.028867230690837631e-02,6.693130374213115408e-01,7.369403766770591391e-01,6.455625346145473786e-01,9.271775296021080859e-01,6.318678347431291309e-01,7.865481067894450895e-01,6.539290639683781325e-01,2.411554362131458906e-01,9.625893457344024684e-01,6.551388098421535577e-01,5.964926136878628826e-01,7.444770159135861709e-01,3.909598127708324711e-01,7.260749041064810116e-01,5.049694259834048848e-01,5.805685083178216965e-01,5.288783153413728622e-01,7.043489288172454232e-01,4.764494453845080635e-01,6.261666210779220920e-01,2.572941120450705776e-01,6.200457004999605504e-01,4.212991782476949720e-01,7.574456165936561680e-01,2.242267950146873412e-01,4.211712179532338118e-01,2.013523444692995323e-02,7.357722944899963702e-01,6.782594817314798741e-01,7.352695404572674454e-01,6.252852703790005018e-01,9.034922855171293454e-01,7.746767819289315238e-01,8.504003929092889269e-01,6.005778512009369852e-01,9.208616429588748487e-01,9.678571200370418293e-01,6.122195467091307020e-01,1.882701759803857289e-01,7.354740838403245329e-01,4.011147409479573489e-01,-1.547651494590928378e-01,4.564955537941983166e-01,7.915983157492940681e-01,5.115112650318893728e-01,5.199443110013718394e-01,7.872639357818325134e-01,9.439872414696069969e-01,4.800229783559319952e-01,4.533651113957301027e-01,3.150667861498707700e-01
9.707164229190984317e-01,8.034318256174074468e-01,7.885332627826295848e-01,6.261647394007081591e-01,9.993869827895154323e-01,6.147181949924483968e-01,6.860233323418800655e-01,9.928757353779006367e-01,6.794208116514879325e-01,5.429269108897569751e-01,4.273652560708888215e-01,8.856070404452056621e-01,6.810226042746558850e-01,6.851991663820301559e-01,6.557713831793554604e-01,2.580622444261112536e-01,0.000000000000000000e+00,6.556330879977368964e-01,8.583661482134063991e-01,3.012591625486166769e-01,7.377516066849091336e-01,8.700623686147698210e-01,6.811379151701928425e-01,7.488062400500465898e-01,3.191582684763775157e-01,9.477986279734789132e-01,8.318203005276416651e-01,2.334995510040178135e-01,5.197349380277401787e-01,6.983942448652373791e-01,1.834711891519906837e-02,6.546136487594618192e-01,7.253214519856024944e-01,7.782743340225487527e-01,4.676369095960228317e-01,4.691794477095979077e-01,-1.016623353375501748e-01,5.218220885654267782e-01,7.926201162147314960e-01,8.858109290747172571e-01,1.447553180405903028e-01,7.770474651027006185e-01,9.592122370522102592e-01,4.267390540588587577e-01,9.891897234958448859e-01,3.099680807342746758e-01,4.345517498138876111e-01,7.020444151511542330e-01,7.591062701774757837e-01,5.904916374278376123e-01,5.923898983626318948e-01,5.568489842640491627e-01,6.998489899316030494e-01,5.634509953890047829e-01,7.734385934104223148e-01,6.578240193910465106e-01,2.185478363912565225e-01,8.484071561024465469e-01,7.522331252652985079e-01,1.770456250629891259e-01,3.175881940818896521e-01,5.126382749965723296e-01,4.157444235423896628e-01,6.522520818698446243e-01,5.788699259310766676e-01,9.252682706238427590e-01,6.502084312250338005e-01,8.691415650644115365e-01,2.589894885233472444e-01,7.602357699225033016e-01,9.877780924508223759e-01,9.642354585808744494e-01,6.100380080723455389e-01,3.104913612289710301e-01,6.691017686796179031e-01,7.041577991353827892e-01,8.344154300078573394e-01,9.572358763703586737e-01,2.837092934516569076e-01,-3.015494109746716389e-01,7.248290407989872453e-01,5.311696665027915154e-01,6.153440241590371063e-01,8.910313611550462198e-01,2.887379640825043017e-02
2.317366761366254357e-01,4.315000463711936574e-01,9.439351790382367602e-01,5.302839776001679883e-01,7.700090270901566170e-01,9.535754977498833718e-01,2.037017979029599746e-01,5.577228048580245012e-01,7.718056571577778247e-01,5.718241910080928969e-01,4.058538690169898322e-01,6.711765186661755589e-01,9.124514824735601159e-01,3.750803833229716666e-01,3.957979709110285849e-01,5.145803681629743664e-01,6.556330879977368964e-01,0.000000000000000000e+00,5.846897897602244543e-01,3.733073312518734310e-01,5.827694517219397241e-01,5.816691678234886531e-01,9.771536695147267637e-02,6.475451020703214544e-01,2.192181835239800924e-01,3.869572564174316720e-01,9.829362147119778959e-01,2.170591037641516896e-01,5.597189214970427207e-01,7.471817782195628865e-01,1.184043454312431048e-01,7.020872946020271232e-01,7.467424000287274932e-01,5.657139792114153076e-01,5.121008565039228966e-01,2.204638891365956754e-01,4.111840506501051040e-01,8.209040818454492738e-01,8.104057840933146517e-01,7.869815731169041984e-01,4.840477743865184146e-01,6.412291509061641692e-01,6.714565278539510462e-01,4.305316790126220705e-01,2.168976365050716559e-01,3.509951813025331546e-01,9.023906737119088417e-01,1.518547590248631451e-01,5.124391026155624695e-01,9.982305199254180861e-02,2.000998317283738115e-01,4.844933964651151337e-01,5.450077241665416405e-01,7.742600329333272358e-01,9.773528570699485662e-01,7.277325244940880955e-01,3.839716988312499302e-01,5.105599331866548241e-01,1.690777380283443598e-01,2.283352883985849957e-01,5.604940880354678523e-01,2.059206639841446584e-01,4.607755747047754258e-01,8.806809878520999169e-01,8.259098650974771028e-01,8.946345696284212501e-01,4.876408166281533951e-01,4.816599488129086337e-01,4.191438166625983675e-01,1.269335538377358297e-01,8.599459767903763208e-01,6.396521122391396474e-01,3.268792508408473463e-01,4.696999700079692586e-01,4.801561441330254865e-01,7.298652887377357068e-01,-1.171924968542156359e-01,4.816966039807023536e-01,6.972717440440034942e-01,4.130254541037619020e-01,5.555979346703676658e-01,8.436362113856417100e-01,9.707198926303377551e-01,9.292887083633141199e-01,5.860290096797484694e-01
