0.000000000000000000e+00,9.462065123818899082e-01,2.325886217864402972e-01,4.997133937989238772e-01,6.536148192417909897e-01,7.213926577512486116e-01,9.113192603599832298e-01,9.425664628105495657e-01,6.610898657672907852e-01,6.729320877393947242e-01,9.440421911868596139e-01,8.255361307414261773e-01,4.135394951694206789e-01,8.907090333825040673e-01,5.126860754867365033e-01,9.045850656082232710e-01,7.717098566064853893e-01,6.964157033933563445e-01,8.496089545991051262e-01,7.828940015701565391e-01,9.871870494781358474e-01,5.652201711315758548e-01,5.582345014862966082e-01,7.577318218626712953e-01,7.513998773444908741e-01,6.572004621380198586e-01,7.143228188227930264e-01,8.493733269021550569e-01,3.544206046347904149e-01,3.143668181063569156e-01,7.041172873969432644e-02,4.580347366202382475e-01,7.104840513863802665e-01,6.789839053810432512e-01,6.846460014801369898e-01,6.249914004794223654e-01,3.286424696953654107e-02,7.547978884295558633e-01,8.296663601562720425e-01,8.575274013952007834e-01,7.104139376942907314e-01,2.083185117484941118e-01,6.207033750300183783e-01,8.727051334350278688e-01,7.308877792100769710e-01,4.706223999943984770e-01,7.349713415156293728e-01,6.009770666492019187e-01,6.327257677637798672e-01,6.290229395368779342e-01,5.197750393428051119e-01,8.414860354974579293e-01,6.346271596922034020e-01,8.986609537353548172e-01,-2.423165428376572450e-02,6.511723990367830339e-01,9.451876082817360913e-01,4.113413863845368779e-01,8.691701399555360474e-01,4.604407090452871110e-01,4.905509870616400203e-01,9.418323523973102240e-01,5.647694971735066627e-01,5.110014388712544875e-01,9.096931070504854500e-01,8.312567290847795443e-01,6.710504506533723212e-01,7.300746241605485798e-01,6.936836238463064408e-01,5.891724996907061751e-01,7.307156777145061843e-01,9.615009106486797075e-01,2.499089913945132246e-01,5.471751235773284483e-01,9.305040754382565282e-01,5.060502513514487655e-01,7.823283440690032009e-01,8.954027675616855753e-01,7.962269868271847351e-01,9.028764483467706381e-02,8.768906169550841900e-01,8.452260521625073464e-01,7.123905304372867286e-01,2.564270035334623721e-01,3.805596815245589348e-01
9.462065123818899082e-01,0.000000000000000000e+00,6.966920910872141937e-01,4.391056477367245581e-01,4.963545060338142023e-01,5.585264870288602079e-01,4.104957278923939690e-01,4.877349664912236649e-01,8.455026841325326004e-01,3.601533526235395355e-01,6.975127789711584869e-01,6.843997120111051935e-02,7.598753289932500543e-01,4.894735410633014316e-01,2.089906707787849149e-01,-8.152094302329382369e-02,5.520626421914285320e-01,6.261160018308612463e-01,5.527891662354487146e-01,7.807774594716536676e-01,5.976180241142250438e-01,4.064695166854388475e-01,2.912672179606853318e-01,1.502192687514699587e-01,7.032265184391897073e-01,3.109979160470874304e-01,7.470853708137852323e-01,5.808816815789618060e-01,2.481445837351478612e-01,7.166001204169085703e-01,1.070624767051634313e-01,5.484250231857392688e-01,7.530764601355464105e-01,6.556905708342763983e-01,5.333951740203310976e-01,2.153096073955059475e-01,9.626952325718568515e-02,4.419631867581128581e-01,5.916563352814148136e-01,7.715357016720865158e-01,4.522592773946452344e-02,6.678408063291319495e-03,6.518288958440263681e-01,8.142371174694300606e-01,5.331465962456051200e-01,-1.007363912940238693e-01,4.992021365045427594e-01,6.133271937298604426e-01,4.005823479587211633e-01,4.937192095136695436e-01,7.641846281334356838e-01,5.820310295581110349e-01,5.463862580824476733e-01,8.014562252126198327e-01,8.205839109053234548e-01,6.139291544912157672e-01,4.790169224320711683e-01,9.717141084805502871e-01,7.442558884916179451e-01,3.493692178430869433e-01,2.196290496684915605e-01,5.216381593775776260e-01,9.382821098146912897e-01,7.683558380426107615e-01,9.457975030824744556e-01,9.228486485841690401e-01,6.946598879775859325e-01,8.005728777812511909e-01,2.787946251200951742e-01,1.646507824252911867e-01,2.769282785093579724e-01,2.233450600554613696e-01,4.251778105910326566e-01,2.314912645813745895e-01,7.314724425323747559e-01,8.968628463803050010e-01,6.932566039701777427e-01,2.195444264785145205e-01,6.145035164971105468e-01,1.060123045777838224e-01,6.497235114930357547e-01,4.959430043828565449e-01,6.877726517202689127e-01,5.694690451871999848e-01,4.695674796215068003e-01
2.325886217864402972e-01,6.966920910872141937e-01,0.000000000000000000e+00,7.646751713486351631e-01,5.396953752433670815e-01,8.382613031384709146e-01,8.703483516662648967e-01,7.567237144300563711e-01,9.758473353318655175e-01,8.981574766530496801e-01,7.886966883405062134e-01,4.233632068922352915e-02,7.159642579384311034e-01,3.349175322013137057e-01,8.156960988739639928e-01,5.927456052566619782e-01,9.126474933118343680e-01,3.516582052006673731e-01,7.148960026836288506e-01,9.571674718626366207e-01,6.476672319581973092e-01,7.673291068866899822e-01,4.270615019862554207e-01,8.135125929976996240e-01,6.176968191025861143e-01,8.365064242524312688e-01,6.713039898560982932e-01,7.706897113126284227e-01,5.107681692295440445e-01,5.439795142123077243e-01,3.551323290659903487e-01,6.709842524080773529e-01,2.422471146733362612e-01,9.844512111849859082e-01,7.607119780554763011e-01,2.790507857956926463e-01,4.198648671356939865e-01,9.434375455326717841e-01,3.360346634223030371e-01,4.803181967542118763e-02,3.645798857086930411e-01,7.527201413533753938e-01,5.629363218937655233e-01,6.665697848437971418e-01,8.064238776004766240e-01,6.653102761131155507e-01,9.759948352341434319e-01,8.783786627065284236e-01,4.417923186636142363e-01,7.793707510807909022e-01,6.776041039772411345e-01,6.903804554637441582e-01,7.255693506631911704e-01,5.548316977743401601e-01,9.116958598730754426e-01,9.766663156724262329e-01,6.537122751808489562e-01,9.957310215990264890e-01,7.208002810152829287e-01,5.525600113532775914e-01,7.096925507786838727e-01,7.960200384312043909e-01,8.414461446409990941e-01,6.397960723959960072e-01,5.182638513711959050e-01,6.597058776229964838e-01,7.122258737773298209e-01,8.839218403010402625e-01,8.580130561172020220e-01,9.457781971279800581e-01,8.284908389149225894e-01,6.706758959899489225e-01,4.607891660595863081e-01,2.213277266895884998e-01,7.853722916226663076e-01,6.089305453413084157e-01,7.037053616053604577e-01,6.196167890457003891e-01,7.065051298113363965e-01,2.585250325291227336e-01,7.360318356637670645e-01,7.243851615730182436e-01,6.614191047386720479e-01,3.662201651860695906e-01,6.800665187743043516e-01
4.997133937989238772e-01,4.391056477367245581e-01,7.646751713486351631e-01,0.000000000000000000e+00,6.900280250704976526e-01,2.583081314201634004e-01,4.984857714009846008e-01,6.725311542722305080e-02,5.883861105947811865e-01,6.994802142719676041e-01,2.458492330506702184e-01,9.601124876122836271e-01,8.109675532708366941e-01,7.010260022078498299e-01,5.844216171446925401e-01,6.581412403157085311e-01,3.643850827963109884e-01,8.014651432660754304e-01,7.007354196541162317e-01,5.934592394611279964e-01,4.560267131085480319e-01,8.341025532847194945e-01,9.573629476141662931e-01,3.574401561715435105e-01,-1.519101927965901822e-01,7.815276664006352014e-01,2.527961495852142915e-01,5.510531987929614406e-01,6.281872266271731897e-01,2.424140620015632075e-01,5.726085258854514137e-01,8.058597307287742595e-01,9.072138956162434376e-01,2.555897644199748853e-01,8.703269156410846641e-01,4.292919912087525547e-01,3.192439622868399884e-01,5.632659260876693441e-01,7.252761138430638965e-01,9.151634480242900604e-01,5.790585614087521149e-01,4.046826811751210728e-01,9.995799412337090795e-01,4.119953173833082460e-01,3.079412914958106762e-01,4.048717496166686081e-01,9.036843302820858348e-01,7.196270950728791416e-01,9.329326654823087983e-01,4.284002087217048671e-01,5.147607459622035586e-01,4.334059356074677627e-01,8.792637837408503465e-01,1.063525598984902676e-01,7.853643141007230488e-01,7.332431551629557953e-01,4.948255544220358515e-01,9.295689800672362058e-01,8.814451253111658113e-01,4.700709989617622986e-01,6.561295472808873486e-01,1.355955389719627584e-02,7.113732281596331086e-01,7.252381975502808498e-01,7.575280232821476334e-01,8.896719811561302205e-01,9.316419761121488285e-01,7.708584859171803139e-01,4.718695807061464298e-01,7.724726262561033563e-01,9.274377067242520756e-01,6.919176717511106300e-01,2.326794684228428167e-01,3.148238561650424372e-01,7.947107767860089877e-01,9.986160307098826960e-01,7.710828537103482372e-01,6.559671685799124408e-01,4.926801918781290035e-01,7.099909541841216420e-02,2.931889415636008134e-01,7.898664362466395472e-01,6.475202643732749230e-01,2.592013119706392810e-01,6.403080178673197231e-01
6.536148192417909897e-01,4.963545060338142023e-01,5.396953752433670815e-01,6.900280250704976526e-01,0.000000000000000000e+00,6.320182914928869078e-01,9.480772921969192468e-02,2.002697072655560129e-01,7.773514638296296075e-01,6.291600092174024494e-01,9.719913240200097615e-01,5.848503237027584678e-01,7.911421321241067783e-01,9.416446187626044406e-02,5.397844638870006317e-01,6.823859796775481046e-01,5.929362853693158630e-01,6.755879549680656737e-01,6.825002599252241731e-02,5.569434795644290226e-01,7.226678270734896437e-01,7.179279888070650983e-01,5.389490916098795825e-01,7.553745908250779628e-01,7.138281307523686170e-01,6.787494355771764853e-01,6.304205312399032701e-01,7.863943675984920167e-01,1.293577609114133498e-01,5.575554200124445137e-01,1.058351630447596503e-01,7.124609214066254248e-01,8.646189607162535484e-01,4.396759141198404164e-01,4.522591924093934401e-01,3.019149124432569109e-01,2.049205555424418734e-01,4.912377363041202094e-01,8.819445099874364535e-01,8.325266129680923832e-01,2.199392070113512510e-01,5.021876759604030349e-01,7.066958909187563975e-01,9.806762127508811266e-01,6.749289801781570564e-01,2.198760343115933880e-01,-1.335232877426701381e-01,6.714859282721908906e-01,7.402097130959823801e-01,6.082633841466605906e-01,4.686013902418693644e-01,6.669063810259195924e-01,8.928087998061107200e-01,7.415936725306982585e-03,4.211100472338206169e-01,8.997414981272549017e-01,5.052594714638041218e-01,-1.585988554903557390e-01,7.163907520513924654e-01,1.640299516071325181e-01,5.403118642150677164e-01,4.384095271306106545e-01,4.304588007965464147e-01,3.301305162550325356e-01,8.255581634869540997e-01,7.178347186466030871e-01,4.164721003139340572e-01,7.969353380338177750e-01,6.171948122461662356e-01,1.267550105531075610e-01,8.606257958909153682e-01,4.568404088495475052e-02,3.777343992089589042e-01,8.382083466186107668e-02,6.475798958454914711e-01,8.683600857802091788e-01,6.249615303439044478e-01,2.699666128510134766e-01,1.870218777457363646e-01,3.941395830875216166e-01,5.772239272440740088e-01,4.114420297387744174e-01,6.984371805125705324e-01,6.561768253804529938e-02,4.564677754459057213e-01
7.213926577512486116e-01,5.585264870288602079e-01,8.382613031384709146e-01,2.583081314201634004e-01,6.320182914928869078e-01,0.000000000000000000e+00,7.738100328433739072e-01,6.361324942211282751e-01,6.437106607001106262e-01,5.853988287362003051e-01,7.873928029039288790e-01,2.048340188336191248e-01,5.001552320702467025e-01,8.899778631271004770e-01,7.349953750465788582e-01,2.862404314652006732e-01,9.481054023177131196e-01,7.290604255739669970e-01,5.198340173058432212e-01,6.160413491599699976e-01,8.108608375006092217e-01,4.009471101676677085e-01,4.463605557966736637e-01,4.764581515127731537e-01,5.862961958197397960e-01,3.579044364357394370e-01,9.543161168115975590e-01,5.613697889989671674e-01,6.270615158196952699e-01,6.089889080070814975e-01,4.502336484138676487e-01,6.070529963907852489e-01,7.426938017123914104e-01,9.951079892028911189e-01,4.448113329905623581e-01,4.861945159043759568e-02,3.720209703032163473e-01,7.759775470979525247e-01,4.187918467711553849e-01,6.985511757473705785e-01,9.635469840698002164e-01,7.022115439296444661e-01,8.901286210515579889e-01,4.016121573976363934e-02,6.791701326190602295e-01,2.477838864965184185e-01,6.803637624745336732e-01,8.624030224987017101e-01,2.146520050601974927e-01,4.931267588996808282e-01,1.785652766046501583e-01,6.062551283948878211e-01,6.287506771782840342e-01,4.985918055199846655e-01,7.691707376421687004e-01,7.343427452926659660e-01,6.078666197335695909e-01,4.516039593804015984e-01,4.322451568466339489e-01,-1.865159941695426760e-02,5.021434725170362823e-01,7.949857792400136791e-01,6.859264181171028651e-01,9.420658764796547846e-01,6.196369875859364384e-01,4.220291221475492849e-01,9.565471943489521622e-02,9.575987604440792111e-01,4.182841377497710789e-01,6.752046031437719531e-01,6.070392852718070609e-01,6.590412478240886829e-01,5.751253304119687826e-01,5.643660909268624071e-01,2.476927589996388013e-01,5.620181150860337378e-03,5.453832271674682319e-01,7.876071441895383662e-01,4.783286719936707954e-01,4.880972871717921546e-02,4.188367361054439186e-01,6.897647672432229982e-01,9.907338588965810544e-01,5.659044634541954277e-02,3.541684574407699682e-01
9.113192603599832298e-01,4.104957278923939690e-01,8.703483516662648967e-01,4.984857714009846008e-01,9.480772921969192468e-02,7.738100328433739072e-01,0.000000000000000000e+00,5.002569897605673166e-01,4.765598538911936521e-01,3.807311918652567240e-01,4.659670094794514661e-01,2.381305280874889685e-01,5.547774560947783540e-01,3.793197807025414647e-01,4.673424237200264342e-01,4.997990983414326571e-01,7.168400248963116006e-01,2.657082759900044056e-01,7.109990526799478960e-01,5.103784871822504288e-01,9.366529664435250258e-01,4.468142894054655812e-01,3.013628094520698353e-01,5.767549431957145201e-01,5.478757963620290994e-01,6.090165946037535694e-01,5.161439723202226881e-01,5.800725816856836525e-01,5.558632883700492799e-01,-2.414068577218475564e-02,3.914023487246454103e-01,2.884436013038211288e-01,5.848773257790638169e-01,7.678024733989250450e-01,6.189096377616473132e-01,5.661350983533033343e-01,1.280799370061383446e-01,3.019988938105663268e-01,6.056083492806052515e-01,5.612236519463607021e-01,4.463792130710460548e-01,8.017785752790945741e-02,6.512098561941255248e-01,4.547787619280079241e-01,7.375302361218659675e-01,8.183812289824070607e-01,1.023296669057453950e-01,2.290300244096549198e-01,2.861282389580037666e-01,6.955006973257245040e-01,7.387833819885629705e-01,4.358444155090001604e-01,2.388608192717791567e-01,5.852626716218884972e-01,5.793463762942916428e-01,9.619693976256040724e-01,3.063568875425115579e-01,7.342880979753814430e-02,4.054109556508403434e-01,5.894217643800203632e-01,3.551636973602534386e-01,5.906783820603851431e-01,2.921506316163042793e-01,7.764709625330556975e-01,9.138684725355064042e-01,6.196956322054075761e-01,4.147990121709695943e-01,9.513413773311911736e-01,7.959123341486036285e-01,-4.410473216294125143e-02,3.825817785942378091e-01,5.951812392608558655e-01,5.783345345445590757e-01,2.015216410764300581e-01,5.064268642513253260e-01,6.127574136652337300e-01,6.196092664542085515e-01,3.914291786344500368e-01,5.452500202607208912e-01,5.930360629434993092e-01,5.478393322263155341e-01,9.399728227099455324e-01,7.500540821098862221e-01,1.064788506714729466e-01,4.895236455160151268e-01
9.425664628105495657e-01,4.877349664912236649e-01,7.567237144300563711e-01,6.725311542722305080e-02,2.002697072655560129e-01,6.361324942211282751e-01,5.002569897605673166e-01,0.000000000000000000e+00,6.868287933766537012e-01,5.095546435089559623e-01,3.267663395373258117e-01,5.299167513620049036e-02,6.593960257354918308e-01,7.798273096135299731e-01,6.467569365996508335e-01,5.137110151819682669e-01,9.868564401061030722e-01,2.868783144246148664e-01,5.379359377366748074e-01,8.549891649735821275e-01,6.039527158530767492e-01,2.804467855631866957e-01,9.133248706278598306e-01,7.000392887789104179e-01,7.083514779953411500e-01,7.053391811362255126e-01,4.722915461829423345e-01,6.476748462984565080e-01,5.340482852318652052e-01,2.171140951430364230e-01,5.420511833171756111e-01,8.445010678699017559e-01,6.990687988832111621e-01,6.977056516775688166e-01,5.811002591468680256e-01,4.124349460866550965e-01,3.071737209712997463e-01,2.975188857155692257e-01,8.645768711071251111e-01,6.365327041216198856e-01,3.858982667378397236e-01,8.530049705145457128e-01,2.817050326256323456e-01,5.144819963721010136e-01,3.826717673399706587e-01,7.650631692455347466e-01,2.258481344624634901e-01,4.107384067375136061e-01,9.120518747780493873e-01,9.623025825233075814e-01,6.931161246950672261e-01,7.631047781916775463e-01,4.770232259939493069e-01,5.147353254750992591e-01,7.208719137856625103e-01,7.851667706274487735e-01,2.192983184842333677e-01,2.517943139844798783e-01,8.967086350227695402e-01,5.076070224256137298e-01,4.021542465177060932e-01,3.504829427370355632e-01,6.660984057161770666e-01,9.909441821150632990e-01,4.389980847753309767e-01,7.212448270205734646e-01,2.075651328141080443e-01,3.112332342538957075e-01,7.751042799726661769e-01,4.282684571016184827e-02,6.630105479238389554e-01,3.457914617108540645e-01,2.824155569709978497e-01,2.422390658639749783e-01,5.529680649700675632e-01,5.913688603091499241e-01,7.258972582871908719e-01,3.095049823401131439e-01,5.570949982029016478e-01,4.893777128177712044e-01,3.861009254828158821e-01,8.907706414720919508e-01,6.472078586691186741e-01,2.104612092563092340e-01,3.694163892555856199e-01
6.610898657672907852e-01,8.455026841325326004e-01,9.758473353318655175e-01,5.883861105947811865e-01,7.773514638296296075e-01,6.437106607001106262e-01,4.765598538911936521e-01,6.868287933766537012e-01,0.000000000000000000e+00,1.324177833928437131e-01,7.485190712190455953e-01,4.368642461398075660e-01,1.624144151584896723e-01,9.871337533205696291e-01,6.088496445889676201e-01,6.164237768034231957e-01,7.566609009740493663e-01,5.079876173804974693e-01,6.875613627150654050e-01,3.201177940328816529e-01,5.036987581420080407e-01,4.068530297665425288e-01,7.097935283450239607e-01,4.127955912501395375e-01,3.205350687585920566e-01,6.197182106854877137e-01,1.640729501600284371e-02,5.101083794170108154e-01,4.716623401813110905e-01,3.901842976352925541e-01,-5.660962556826207304e-02,1.871749786647005850e-02,4.711146404057917070e-01,4.500712626019351403e-01,8.604763400678828722e-01,4.502563779753898654e-02,2.900494825764369233e-01,5.922342718357107572e-01,6.536144569052269038e-01,4.487353463543577448e-01,6.143220055842513183e-01,2.385476410300082228e-01,6.509966469519120613e-01,8.704340810090311908e-01,3.600493526506681752e-01,3.422031862283581027e-01,5.093686780810048331e-01,3.444243750616092781e-01,6.536960541861811524e-01,7.865977997065167759e-01,4.786022416994888395e-01,3.251459213585487507e-01,3.087840628460445380e-01,8.145933229696923350e-01,2.839886623346179473e-01,7.868987009775445518e-01,4.105857311807867838e-01,2.843199041955902229e-01,7.683387744258652896e-01,6.484671129011960744e-01,1.693157555324427133e-01,4.264780464743842536e-01,2.572709107956233088e-01,8.562563848212220163e-01,8.030485036674103183e-01,6.852520386310393397e-01,5.343559736240418578e-01,6.840515179392242517e-01,3.348661754356898612e-01,9.889335997577224369e-01,4.822862378257301574e-01,4.103716013222346026e-01,4.175818760466064039e-01,5.606201702253714725e-01,5.992812744846875983e-01,7.571497743128279279e-01,7.747848637596479460e-01,6.171944361129118040e-01,7.016034601166614149e-01,7.519950995025562746e-01,7.699536857719047056e-01,5.687893361645806056e-01,2.929097116301419557e-01,8.691598333926677800e-01,8.090447835238790963e-01
6.729320877393947242e-01,3.601533526235395355e-01,8.981574766530496801e-01,6.994802142719676041e-01,6.291600092174024494e-01,5.853988287362003051e-01,3.807311918652567240e-01,5.095546435089559623e-01,1.324177833928437131e-01,0.000000000000000000e+00,9.346877625312023374e-01,6.979118060797754319e-01,5.963888151421555817e-01,8.210353267566996571e-01,6.814422929750512115e-01,-5.522074973359683558e-02,4.893009481108707148e-01,4.656569954137833034e-01,6.529023836409791892e-01,7.767370457041739007e-01,5.077765843821987479e-01,4.851002991119838237e-01,4.226104668966884081e-01,9.951277685509281046e-01,5.368606197758389875e-01,5.273867210119390636e-01,6.271621709990885529e-01,6.359877330493732828e-01,4.619198420095106394e-01,4.413595096008663954e-01,3.200166702160560650e-01,5.564919867105790896e-01,8.757260762366594342e-01,4.210392475927256517e-01,5.794222459990726604e-01,5.959734950245297869e-01,5.409960708228427340e-01,3.492778002327571740e-01,9.707848220282049301e-01,6.387340689725906628e-01,6.814562201354922300e-01,6.688838311279090565e-01,6.108250777140037391e-01,4.552533996722119003e-01,6.574691300586477105e-01,6.034259293466180951e-01,6.635000435803810603e-01,6.643286130918768517e-01,-1.050119179089891303e-01,2.383168813410548870e-01,4.413838090193804020e-01,8.910556536286750040e-01,9.386262380793649607e-01,7.526907298190850248e-01,7.100793680066124214e-01,3.013195213201433909e-01,2.903004393925607274e-01,5.158058900897791732e-01,9.930969389971330274e-01,1.014965893270626807e-01,6.224040381916648990e-01,6.274884544915284579e-01,6.149232790778665914e-01,8.518652751107653742e-01,9.648272821673649080e-01,7.203887244146839341e-01,9.832729271869810050e-01,6.086321158513493534e-01,5.074506910337861498e-01,6.528308701568616979e-01,3.698637727193122560e-01,1.579232043254186332e-03,5.276262655012426972e-01,3.418935025737861455e-01,7.305741441678376136e-01,6.723038775284232438e-01,5.867819882744367277e-01,6.143900282245801092e-01,7.086047056802960986e-01,6.035871293788291903e-01,7.804641456077485717e-01,7.783139298199303058e-01,6.021191678474135944e-01,5.061013591351655183e-01,1.078473434768632971e-01
9.440421911868596139e-01,6.975127789711584869e-01,7.886966883405062134e-01,2.458492330506702184e-01,9.719913240200097615e-01,7.873928029039288790e-01,4.659670094794514661e-01,3.267663395373258117e-01,7.485190712190455953e-01,9.346877625312023374e-01,0.000000000000000000e+00,4.105358794394962652e-01,8.948964689220338942e-01,2.814508063546599104e-01,5.893002134629694577e-01,7.126132686425113993e-01,1.894542547559012746e-01,2.868860121297888699e-01,7.289269529502605538e-01,7.430284708550680683e-01,6.051515003790481906e-01,7.012959478354938714e-01,6.365769429746569452e-01,9.047109110440136881e-01,3.322888019332927989e-01,6.084429935589099614e-01,3.412041004392283305e-01,5.190149447661254190e-01,-1.541346755874872798e-02,6.910097462708222338e-01,3.593942584255529482e-01,5.349339205900669469e-01,4.201370828388578116e-01,3.170380215480391728e-01,7.768160449010186319e-01,2.228707203705477258e-01,2.757738255404051930e-01,6.313196859069786226e-01,9.303581815199782890e-01,8.720421871129395708e-01,3.110833409735325183e-01,7.363809458757034632e-01,1.354076603188489603e-01,4.089293075279645251e-01,7.801176829737644924e-01,8.080556125039650706e-01,3.157605997433665657e-01,6.811738822104124180e-01,7.481318214604784078e-01,7.254444789647801484e-01,6.805795090550218474e-01,5.202126895453929034e-01,4.398996947169038219e-01,7.976110457723556424e-01,2.956487871726116989e-02,3.503953533109924745e-01,6.012925028556482809e-01,6.342201897304606817e-01,7.723008948233820448e-01,2.338339540485389612e-01,1.877670118068719418e-03,3.757878705592384017e-01,5.747401936346488993e-01,6.140819963511839896e-01,1.287913867594074058e-01,4.037959534055568511e-01,7.032938870002702902e-01,8.743575876192354324e-01,5.279053573002676636e-01,4.079345456783314283e-01,5.869529974682788920e-01,4.387310880433136773e-01,5.881300648007634635e-01,1.856173572619929102e-01,6.049656038989479345e-01,6.104630798045233009e-01,9.520892689697481037e-01,8.613077367102488502e-01,7.250594538835781755e-01,1.729010633289754795e-01,5.906367824349341156e-01,9.578486680800534225e-01,6.784453008187405487e-01,4.565883630942785820e-01,4.939107600064139292e-01
8.255361307414261773e-01,6.843997120111051935e-02,4.233632068922352915e-02,9.601124876122836271e-01,5.848503237027584678e-01,2.048340188336191248e-01,2.381305280874889685e-01,5.299167513620049036e-02,4.368642461398075660e-01,6.979118060797754319e-01,4.105358794394962652e-01,0.000000000000000000e+00,5.702309197562482890e-01,6.752608549161703833e-01,5.132621274208927220e-01,7.620481934781950795e-01,6.439776312925509227e-01,5.761525875899780047e-01,7.508670738507579046e-01,8.894194371685355538e-01,5.310449171195645857e-01,-1.168453133587189913e-01,3.058227942317385262e-01,6.424959723467552619e-01,6.507361020516382322e-01,6.904075450439516315e-01,6.864016409383846273e-01,4.208133684092690840e-01,5.753070312267052899e-02,4.523561654568126200e-01,3.877595699183786770e-01,4.850730529223397092e-01,7.237226124949354134e-01,4.168485393831993790e-01,5.921542948259754802e-01,5.776037745098144827e-01,3.967363641751174841e-01,6.602510783494708324e-01,7.443716613549201666e-01,7.153503575852658836e-01,2.048747485060185003e-01,7.780793626221480519e-01,9.393641098239502440e-01,6.622177194667459021e-01,9.948381030911059852e-01,8.712582412423103273e-01,8.221974297892399308e-01,6.382918576506196873e-01,6.229181775902526974e-01,7.916012625926029944e-01,7.457049415111983715e-01,5.410440101311843053e-01,2.359949699964938030e-01,6.337643359180897829e-01,5.819434214030059227e-01,2.189742851665097967e-01,2.193470792745106923e-01,9.505307100167215140e-01,9.420374880891930758e-01,4.455984454147039475e-01,6.404549033568230909e-01,6.814237383673349413e-01,4.275750869138681409e-01,9.464448001628624763e-01,6.560224017002331820e-01,3.848385593728229082e-01,8.573366553005319357e-01,6.546913368098786767e-01,5.397848765120878411e-01,7.421169264253031361e-01,8.774974826270318662e-01,4.270263134481176448e-01,5.072061496959207050e-01,-1.732723321864659272e-01,4.718027968738323641e-01,3.442806931975967433e-01,3.233101046837246195e-01,2.959543361340578049e-01,4.665770122016444366e-01,1.532756716291803351e-02,4.134932398271342624e-01,8.577691530604101278e-01,2.263623249217720790e-01,1.702655413075757351e-01,4.359510042154158826e-01
4.135394951694206789e-01,7.598753289932500543e-01,7.159642579384311034e-01,8.109675532708366941e-01,7.911421321241067783e-01,5.001552320702467025e-01,5.547774560947783540e-01,6.593960257354918308e-01,1.624144151584896723e-01,5.963888151421555817e-01,8.948964689220338942e-01,5.702309197562482890e-01,0.000000000000000000e+00,1.623687328164518176e-02,7.156374695905078909e-01,6.197166470461779042e-01,6.718511815698675615e-01,8.660619063616104008e-01,5.434904783847381848e-01,2.780441765930207199e-01,9.266178809006193617e-01,4.626645159347484992e-01,7.079307423466412175e-01,6.767565634698895494e-01,8.694007387242883578e-01,4.437232304173422959e-01,5.007062719527648476e-01,6.655911716145669343e-01,4.394038238104491234e-01,2.186071129809829261e-01,-1.974781495501385931e-01,2.863923520242069309e-01,8.121988378708472345e-01,2.363331851998535238e-01,8.791221117247839389e-01,-1.267057753928653718e-01,4.256546574205578581e-01,4.269049665739585442e-01,6.783020400425963103e-01,8.689212821653018448e-01,4.043401718134536638e-01,3.555192765587884551e-01,6.988648790357786522e-01,6.720463360170835232e-01,9.935664942567662417e-01,7.820354656741759225e-01,9.319916334673138403e-01,7.164336677623863725e-01,9.975363289652738885e-01,6.711835137976465138e-01,5.787776258816751396e-01,2.805886643010996329e-01,6.253148554868420694e-01,3.593295565708887751e-01,6.671461852932015768e-01,4.876832845279933659e-01,9.450688785766599986e-01,5.858631716429075764e-01,6.880186265189852657e-01,5.926436603287504878e-01,2.527141543624476516e-01,3.736317066572063944e-02,8.382892168716815640e-01,1.116114485638730475e-01,6.918126120415849512e-01,9.958247757439971926e-01,6.204525680763677276e-01,5.645581522386139417e-01,5.686479712643027762e-01,6.448255660683128720e-01,4.531938835505095464e-01,6.351510640675130936e-01,2.215030874248546666e-01,4.233855939850641459e-01,7.605107084502623627e-01,4.514409615184207802e-01,6.253708704171866417e-01,2.943100668539115339e-01,4.502919594789643321e-01,3.704957722553805510e-01,3.990179496386632163e-01,4.657401284291168286e-01,2.174899144505612891e-01,4.854302586708527101e-01,6.832700661800980013e-01
8.907090333825040673e-01,4.894735410633014316e-01,3.349175322013137057e-01,7.010260022078498299e-01,9.416446187626044406e-02,8.899778631271004770e-01,3.793197807025414647e-01,7.798273096135299731e-01,9.871337533205696291e-01,8.210353267566996571e-01,2.814508063546599104e-01,6.752608549161703833e-01,1.623687328164518176e-02,0.000000000000000000e+00,9.924026585069485318e-01,7.128137256644172526e-01,8.968775368526852310e-01,8.284484124345727896e-01,4.628233622698070260e-01,1.173924851413733761e-01,4.908798996324585384e-01,9.132948110918959195e-01,6.502473094303313772e-01,8.798054067659953903e-01,5.649398938398817460e-01,2.322134036861308037e-01,6.431623612844159510e-01,4.086538632460092191e-01,1.898764405950257306e-01,2.709165607940276083e-02,3.260064715611392661e-01,2.836228727370406766e-01,7.804415469048486820e-01,8.496121729055836624e-01,2.077824084727233900e-01,5.703966156720430281e-01,2.327376443620593760e-01,6.033616170906594967e-01,6.975216584705323797e-01,9.926615806012770715e-01,3.986477527120686759e-02,5.082430049572324027e-01,7.628900053724456676e-01,7.531809359179210128e-01,5.313763827645168192e-01,4.851629305558207150e-01,8.442566809934637373e-01,5.844364007393511029e-01,4.633271137394341377e-01,5.764600807165907170e-01,7.110154693737823495e-01,6.325095319596174548e-01,4.627097157687606876e-01,8.109035334327650002e-01,4.745464144392427808e-01,5.771669576683186031e-01,7.513653258972849969e-01,4.762275674882152088e-01,7.811461719365055956e-01,2.116218612488143802e-01,5.798258323349974042e-01,6.300903404779732986e-01,7.017333934503906523e-01,7.330889152924556784e-01,9.840871713762743278e-01,5.004088827195046774e-01,8.137460008082344487e-01,6.858615428924318413e-01,6.823780202318630028e-01,4.285509135718570395e-01,7.789264135695062041e-01,7.796738822447786266e-01,2.400739967535696698e-02,7.262384678901236956e-01,6.757773120957585311e-01,9.518681831385240599e-01,6.478154541151934787e-01,5.710322183900092829e-01,-2.842271596792281807e-01,6.436927602180838592e-01,7.612834047755765443e-01,8.728580979524873662e-01,7.320387161762259565e-01,7.278759276714232840e-01,4.932120634625761779e-01
5.126860754867365033e-01,2.089906707787849149e-01,8.156960988739639928e-01,5.844216171446925401e-01,5.397844638870006317e-01,7.349953750465788582e-01,4.673424237200264342e-01,6.467569365996508335e-01,6.088496445889676201e-01,6.814422929750512115e-01,5.893002134629694577e-01,5.132621274208927220e-01,7.156374695905078909e-01,9.924026585069485318e-01,0.000000000000000000e+00,7.642352565429105793e-01,5.705184896225914404e-01,5.011305752201957731e-01,4.828368198713097748e-01,9.128403991282303398e-01,5.806105976027574611e-01,2.078445204929866563e-01,8.676407763010425267e-01,6.679384166969459802e-01,7.530423984993883657e-01,6.347717321993732176e-01,5.266649620676459032e-01,4.705807539218717084e-01,1.813716270369364336e-01,5.251515934640621497e-01,2.134635527303242186e-01,6.346916532952152634e-01,3.268281536650685659e-01,6.409199806942205146e-01,4.608331312967747784e-01,6.668757073407707292e-01,3.411464554902885471e-01,6.659575261274259805e-01,6.779379055991511249e-01,4.134515296875144741e-01,9.139027560087454871e-01,6.333944285537627117e-01,6.542858755295128947e-01,2.333330540496855454e-01,8.571755737855550894e-01,9.649434768036073695e-01,7.426933530908729209e-01,6.304332875273926939e-01,3.602263339602471692e-01,5.037813779762670974e-01,9.369517536037712535e-01,4.340001551158748083e-02,9.021843673419438492e-01,6.931032999270275718e-01,6.266273468980898542e-01,9.238651312980930008e-01,4.286372003270771947e-01,2.137610377501757142e-01,4.656374061394412678e-01,2.650883175516431378e-01,5.351648366383960909e-01,2.468474176202801185e-01,4.516644706198069126e-01,8.183633880266671934e-01,6.327507209055847071e-01,3.468865097635284167e-01,7.769112219446192569e-01,6.916361647445659067e-01,2.829279242368262226e-01,5.460830604886272033e-01,5.695012810023023508e-01,6.611769020751534498e-01,2.802317499879809493e-01,-7.952519893432186127e-02,2.399286482425845857e-01,7.982447898896413152e-01,7.862682534994943628e-01,6.555560900018928550e-01,5.534404639342125343e-01,6.975766575285317905e-02,5.605854998429501412e-01,7.008278656097441939e-01,6.415510694695962801e-01,5.225763027670955463e-01,6.638675993306811796e-01
9.045850656082232710e-01,-8.152094302329382369e-02,5.927456052566619782e-01,6.581412403157085311e-01,6.823859796775481046e-01,2.862404314652006732e-01,4.997990983414326571e-01,5.137110151819682669e-01,6.164237768034231957e-01,-5.522074973359683558e-02,7.126132686425113993e-01,7.620481934781950795e-01,6.197166470461779042e-01,7.128137256644172526e-01,7.642352565429105793e-01,0.000000000000000000e+00,9.224129200295092534e-01,6.826085695454539026e-01,4.843993262738704314e-02,8.676103763788303169e-01,6.679448965835231844e-01,4.377236879679899384e-01,9.139159156551823759e-01,9.634469110866464847e-01,6.512068032231741466e-01,2.670811266628331238e-01,8.184510902002086752e-01,6.892630871726939112e-01,6.806460339669294368e-02,3.777468783389306139e-01,-6.127255109541138167e-02,4.986409155282317540e-01,2.711468460206508668e-01,7.051656253011818754e-01,7.269390757700744388e-01,7.700696093337902060e-01,6.711343500011568430e-02,7.751913310675728752e-01,9.316387923863375109e-01,8.514568234532765567e-01,-7.563208859706065101e-02,9.360616665932439684e-01,5.742783054490784300e-01,8.283694890543646938e-01,4.272855984938991325e-01,5.616139203609552544e-01,2.465609663306234378e-01,8.452855154312978181e-01,5.933412763033693027e-01,5.247539754604069184e-01,1.848584973230851525e-01,6.249119598591563740e-01,7.365029625707995020e-01,4.909933414258687567e-01,6.341748090078646038e-01,7.431578063485368979e-01,2.087492197846710362e-01,8.175267098357976714e-01,9.117529586733773561e-01,5.190931422701767772e-01,5.079741534044242002e-01,6.802637385188663455e-01,5.376805355990992297e-01,2.881486877371439714e-01,6.388608361445756723e-01,9.204493289449774407e-01,2.992930382398648614e-01,6.738550745721431090e-01,5.827280712584166356e-01,6.821694903361781304e-01,9.871971170967513975e-01,8.225583720081169892e-01,3.124732769243179220e-01,1.134315233710772586e-01,5.816711582354157084e-01,4.100932071176326410e-01,6.553762996046222922e-01,7.221944722449258336e-01,5.184107921963052590e-01,2.295306449460753906e-01,8.077232980171659138e-01,6.778146935682541896e-01,4.650403672726335924e-01,4.354594195382332500e-01,6.658264765125188056e-01
7.717098566064853893e-01,5.520626421914285320e-01,9.126474933118343680e-01,3.643850827963109884e-01,5.929362853693158630e-01,9.481054023177131196e-01,7.168400248963116006e-01,9.868564401061030722e-01,7.566609009740493663e-01,4.893009481108707148e-01,1.894542547559012746e-01,6.439776312925509227e-01,6.718511815698675615e-01,8.968775368526852310e-01,5.705184896225914404e-01,9.224129200295092534e-01,0.000000000000000000e+00,6.824932263151881617e-01,9.959377574630590146e-01,3.723946174884298355e-01,9.645668585779098025e-01,6.763646993795756623e-01,-1.105481855236211675e-01,8.987353384434174641e-01,3.740392515196975243e-01,4.871115642057745054e-01,5.970018142714674791e-01,7.196751185784026061e-01,7.974211768551977553e-01,3.291812069267722185e-01,1.545744803543120660e-01,5.632378457000412064e-01,4.210250607992084282e-01,3.657156600154729542e-01,8.719884429475733834e-01,1.734295093139289756e-01,2.227959248513116178e-02,6.523902671183512414e-01,2.315799121056177634e-01,-1.258420122568360000e-01,5.406749377771334908e-01,5.063764692309897786e-01,8.489988084184854067e-01,6.426666621595477080e-01,6.065145622044930684e-01,5.799189875744283906e-01,8.431299689735354264e-01,8.203967285735312975e-01,6.133209180719014775e-01,9.934263947245836057e-01,7.573764986268636257e-01,6.889258799008297629e-01,2.887084299846283120e-01,6.395267399921156226e-01,7.331002735863181297e-01,5.811212446655317221e-01,6.772626097024426750e-01,6.828380287650146485e-01,7.464343920394284071e-01,5.633551080974503744e-01,2.763858458080779013e-01,9.317142805190671284e-01,8.054623894623712532e-01,5.188055684322991912e-01,7.618727261024654807e-01,6.673602970308296634e-01,7.833028047075661637e-02,7.986454089724510652e-01,5.453372989733222820e-01,8.681708420692759720e-01,7.379005381136756192e-01,8.322333233749009684e-01,4.175693971010803474e-02,1.427392452222805974e-01,5.107950531090951207e-01,5.351541950364322453e-01,7.317779151312798769e-01,3.203319278797175373e-01,2.010765419535388843e-01,2.483569752334426339e-01,6.921673779687169681e-01,6.195113140056361933e-01,9.005694873453302662e-01,4.930789900717596486e-01,6.753169181037741442e-01
6.964157033933563445e-01,6.261160018308612463e-01,3.516582052006673731e-01,8.014651432660754304e-01,6.755879549680656737e-01,7.290604255739669970e-01,2.657082759900044056e-01,2.868783144246148664e-01,5.079876173804974693e-01,4.656569954137833034e-01,2.868860121297888699e-01,5.761525875899780047e-01,8.660619063616104008e-01,8.284484124345727896e-01,5.011305752201957731e-01,6.826085695454539026e-01,6.824932263151881617e-01,0.000000000000000000e+00,5.364128393873951461e-01,6.569571534007140334e-01,6.438756927751738690e-01,5.674150293839487214e-01,5.292685997030904810e-01,8.412499926340888390e-01,8.989137089209470188e-02,4.994727953087818584e-01,2.927636787615600644e-01,7.016731989668357761e-01,5.447337589528099544e-01,7.162203440458193571e-01,1.516045423953327753e-01,2.163147467966883841e-01,2.291194422400603670e-01,7.559807980111714620e-01,8.556432714059415412e-01,5.384565379457846301e-01,6.788131578870398863e-01,3.761336821227191374e-01,4.318384829608931108e-01,6.868268919411192330e-01,9.213378900382007686e-01,4.203870451380528062e-01,4.727026002145840455e-01,4.085251512470491342e-01,6.491170785083522077e-01,1.023001381638791729e-01,2.523564509830337199e-01,-8.585386112174528406e-02,4.807123614229263930e-01,9.840416533554873224e-01,4.002250766789507419e-01,9.458083411035738131e-01,6.955721711144814412e-01,6.828016619947223642e-01,9.066490621878070533e-01,9.074900241240936305e-01,4.886806152453905816e-01,6.332404616322182545e-01,9.497058227071305536e-01,3.017148173751369455e-01,4.188092398581030884e-01,2.953310174562336354e-01,7.186854436577073679e-01,6.932606811751438336e-01,7.800737559573327484e-01,6.386175193895589075e-01,8.752015200151322949e-01,5.124521451979157094e-01,8.604492162132492128e-01,4.325411996295747130e-01,7.547646184002948511e-01,5.159542271413091186e-01,4.852012479080863305e-01,7.137547480721414539e-01,2.924216287923003255e-01,7.459680223808426991e-01,2.665605732334808131e-01,5.984929803822673922e-01,3.742469107612608203e-01,3.835075199126272150e-01,3.042202031607516011e-01,7.847285343887900888e-01,8.816546879946006721e-01,7.489749962144639506e-01,8.261616745659705607e-01
