0.000000000000000000e+00,5.500179396100074447e-01,2.629126451184662927e-01,7.243051250213213832e-01,8.418251385230623995e-01,8.653123009438675739e-01,7.459318158803375232e-01,6.896128359789082118e-01,1.363319114255966136e-01,7.063953524914731164e-01,9.014228643912515215e-01,9.970842220527377231e-01,9.827466115838578986e-01,2.543495561794414384e-01,4.783607260948261053e-01,5.710772859560677706e-01,5.904787323919331588e-01,6.461282911636887505e-01,2.009847947649504030e-01,4.344895604955071322e-01,6.626791154834881237e-01,6.748417115574608660e-01,5.374085425836491181e-01,6.556785478873393691e-01,9.207368126492757598e-01,6.083098947365233045e-01,9.538884701702901037e-01,6.092256737071479744e-01,4.230941312871095428e-01,-6.353849827005053630e-02,1.484001299469745738e-01,2.675291802966501820e-01,7.794762904854716234e-01,7.804972034062162001e-01,8.258645787794995918e-01,5.163383278256651332e-01,4.662433443466344474e-01,5.894113769856645924e-01,7.188008326324014652e-01,3.668092330423936565e-01,4.020040699251348215e-02,4.428458299089423345e-01,4.537452787234687590e-01,4.239871395184123815e-01,3.293470253690722882e-01,6.483684223352481624e-01,8.634615000845835553e-01,6.053968580122162102e-01,5.207017261667333807e-01,3.235107140871509301e-01,6.985503496652674116e-01,6.540740175956039071e-01,5.919937153062722057e-01,6.677258573495272742e-01,5.467763101575501272e-01,8.441756544106218119e-01,5.815286584414702808e-01,4.152654920968005259e-01,3.479564312583759422e-01,6.364667323590837977e-01,3.456332463701843327e-01,6.591908650286778526e-01,9.256775330543783875e-01,6.672425103830659232e-01,7.481719955272130296e-01,7.462738830014434832e-01,1.395923197893452206e-01,2.179996874581833222e-01,7.857361881193709596e-01,9.799154073516671559e-01,8.141926450579058949e-01,5.197749659035511005e-01,3.663508016152755564e-01,1.549356464129587607e-01,9.339643651951520242e-01,6.754480792562678193e-01,4.387837846253511004e-02,6.531921888943743593e-01,5.006826815408680353e-01,4.849824518153036390e-01,7.590385434078449345e-01,6.697649307143109798e-01,7.100173163726430925e-01,6.173597883779263773e-01,8.761246956346391279e-01
5.500179396100074447e-01,0.000000000000000000e+00,8.087801960989093875e-01,4.708586463464399241e-01,9.656366232064250710e-02,3.297509489723743359e-01,1.904403127923009198e-01,6.122956060417013013e-01,2.589109920270692422e-01,4.637267999696407239e-01,7.166306013376182449e-01,3.397113770031676694e-01,3.920337022289631657e-01,7.381138787634695664e-01,4.859466563747189549e-01,9.183007239593166116e-02,4.304146720233550383e-01,4.711312847575690466e-01,2.311284835598294563e-01,6.000136757997891479e-01,4.532112724768683210e-01,-1.831842111743978152e-02,6.841610614393193179e-01,6.088802017522960686e-01,4.261806288368593654e-01,2.830685186849848933e-01,6.617188971269902797e-01,6.673136931828174134e-01,2.973293611194445796e-01,3.515127800829571936e-02,1.177923390511343843e-01,5.505779358797449063e-01,5.858166641226204563e-01,9.940286367247680444e-01,7.063240626330212768e-01,2.284706662657974285e-01,3.882417764159938334e-01,5.666211293096061752e-01,7.972072923470190364e-01,4.703206886838681156e-01,4.627673905492966644e-01,9.842584610047618032e-02,8.144792217499018383e-01,8.551229199132230896e-01,6.954544228470694867e-01,7.905566299112146700e-01,6.527416611222977005e-01,9.853675957554893783e-01,5.763781389195504756e-01,4.120347801847131231e-01,2.189218224848119287e-01,2.976069000257161035e-01,7.450975094735357018e-01,6.113029831486791466e-01,1.393077751833179112e-01,9.683727129604029482e-01,7.552120203699587142e-01,7.947877758624259936e-01,5.682262851008579307e-01,9.091446646361104333e-01,2.614060870014481841e-01,8.803116640088785028e-01,6.674537967654008419e-01,6.314488129375782632e-01,7.628640709213759807e-01,1.426724349146805959e-01,6.447367611819050381e-01,4.763446255490919046e-01,3.809675333430714295e-01,6.547729801685446827e-01,9.714897132452504636e-01,7.351119903326100991e-01,6.242374338254825794e-01,4.441667377400944083e-01,7.983942839392541568e-01,-1.971859092545961423e-01,4.724749337788383130e-01,2.316121573005840498e-02,3.016040453029369406e-01,3.389241699684412135e-01,5.119072428687666543e-01,5.252388862683445847e-01,4.191646739030093771e-01,3.928917292046398835e-01,2.611295339412354061e-02
2.629126451184662927e-01,8.087801960989093875e-01,0.000000000000000000e+00,6.830193009311432695e-01,8.112377340316690999e-01,6.608584943331501371e-01,6.066784860848635219e-01,6.271066147053260265e-01,4.934154836464643701e-01,4.862533111812220032e-01,9.541190132888883735e-01,5.778273588413201933e-01,9.849676777670804961e-01,9.889394462894181004e-01,4.002468521521799216e-01,6.989274504255860165e-01,8.010035207001443558e-01,2.864535830273447492e-01,9.402925608569547844e-01,6.618045901450672064e-01,5.743024152597617782e-01,7.339504389396998008e-01,9.480240044848342595e-01,6.459903608916831574e-01,6.732575733162560194e-01,6.458126107409662975e-01,9.353871843952714649e-01,7.246596134781553289e-01,3.191795587907112486e-01,2.248539028066204315e-01,3.167721606620233499e-01,9.979492015194333376e-01,6.107874470371925657e-01,3.696551601064111958e-01,4.992244796844134136e-01,3.075820801054864884e-01,4.698961927899262814e-01,6.370816475224513331e-01,4.262320042423405342e-01,7.420416585638686113e-01,4.586344306828975537e-01,6.204667337683124062e-01,9.410595377334374234e-01,8.195145584299855512e-01,7.399183268102808020e-01,9.440968002305509810e-01,9.859648481484348803e-01,8.545090057542049644e-01,9.262791987387761772e-01,6.061268233639196534e-01,6.192968131932975462e-01,9.243792379295233674e-01,6.398420850939837701e-01,6.459932497524589756e-01,6.415611802294434174e-01,7.842309856714171357e-01,3.257249531732431813e-01,9.791655040931995790e-01,5.639785793820385473e-01,4.329326315046516660e-01,4.777240513991819482e-01,9.771097751737656267e-01,6.832878027697051326e-01,9.023755292603803380e-01,3.131099755380978289e-01,8.102160614978145547e-01,7.366426005779997954e-01,6.087735776132084942e-01,8.172361472516190828e-01,5.973366457329586376e-01,9.232431741570963357e-01,4.628428431350484762e-01,2.727235174505233117e-01,2.263383076421152107e-01,7.437276332496232101e-01,7.218658543012395068e-01,2.192575809391426322e-01,6.533164083400666566e-01,2.914389271867624531e-01,1.133445236057897126e-01,5.046776736059827018e-01,8.636942265764283588e-01,8.400803670676930679e-01,7.959501602477647708e-01,4.395489092931019193e-01
7.243051250213213832e-01,4.708586463464399241e-01,6.830193009311432695e-01,0.000000000000000000e+00,5.135539154026440567e-01,7.528115085977227228e-01,2.238979145084093181e-01,3.087997714540489103e-01,7.201360543143591197e-01,8.704158508024064655e-01,4.020019743226352360e-01,9.403837796140377403e-01,6.920505067593312187e-01,9.281660403438966034e-01,7.506507091825342926e-01,2.089280055796708946e-01,6.366292150247526704e-01,4.169240871110654334e-01,9.308291792871875581e-01,7.176942077071357673e-01,6.505058845271218804e-01,6.852509915500885063e-01,8.147488668753527508e-01,4.939413922230928566e-01,7.783098397707159943e-01,8.521590677335852959e-01,9.703846938883006201e-01,7.316830681006118997e-01,4.217261946452879884e-01,-1.105651309680908412e-01,4.423389833453802433e-01,7.334652087192377046e-01,5.241188308969939591e-01,3.967531132202751776e-01,4.041943280772956615e-01,3.307414119229846183e-01,-1.968169666929883710e-01,3.105511192081780170e-01,6.560776896369302502e-01,4.251048064573013097e-01,4.801385795159455738e-01,3.704760819636827018e-01,6.727911932389609717e-01,6.821251772396960122e-01,8.733533646014717267e-01,7.066934018413766339e-01,6.847090858472957287e-01,4.990112877533232627e-01,5.577134032882521408e-01,6.272451611151860229e-01,6.754435463389163452e-01,9.852570623373173575e-01,9.580121830650423220e-01,4.840016854386032796e-01,3.354218140156310368e-01,7.852652836686371263e-01,9.670864541666334135e-01,4.135698711032103625e-01,5.378898424945462997e-01,6.004791140734873356e-02,2.876914169037981805e-01,8.862049601123691556e-01,5.984995520093828736e-01,7.119029050634186895e-01,9.112707386826284228e-01,9.781592073777876095e-01,2.943571734750384250e-01,4.450377319896050010e-01,2.738465788367547282e-01,8.826797783717124091e-01,5.242911272495132113e-01,5.877375733063845420e-01,6.757043626253771418e-01,3.125661978394991825e-01,4.442627007879444423e-01,8.836073001943353100e-01,6.669934374514872033e-01,6.681449762932669678e-01,4.940584960750686871e-01,5.382976936348158326e-01,-2.584397705456925598e-01,6.021493959603017032e-01,5.957623116548489417e-01,4.109008584837489653e-01,8.466567551916761580e-01
8.418251385230623995e-01,9.656366232064250710e-02,8.112377340316690999e-01,5.135539154026440567e-01,0.000000000000000000e+00,4.208854452519122380e-01,7.654280531748156591e-01,7.055806458303666151e-01,6.748169719471857064e-01,7.730046240063015439e-01,8.891869138803666361e-01,6.780066839610441320e-01,6.748301039338553409e-01,8.835904122853807108e-01,3.905992913105866826e-01,2.220920777823967018e-01,5.420983573995711291e-01,8.359875557660982892e-01,4.426021560809367261e-01,7.569803449020855446e-01,5.282759447172522549e-01,6.187422325493296960e-01,4.352473485827973443e-01,6.362387189640372753e-01,3.772537404028540875e-01,6.931493567276206802e-01,7.990578968081691880e-01,5.128246075899821621e-01,2.804895064398229554e-01,1.208470679099606371e-01,-1.106598309720985274e-02,6.265375904476795377e-01,4.256162938907723792e-01,9.855436633809817604e-01,4.184123945985418480e-01,5.527788986794114345e-01,6.363908520792413981e-01,7.937487625063412988e-01,8.527996064503367002e-01,8.703073597220761792e-01,6.142949710626789406e-01,9.657166475304186370e-01,7.302235571437800665e-01,5.706957625892655067e-02,6.975035369571800370e-01,7.376798926314297455e-01,9.618448306332016973e-01,4.800354525985126575e-01,7.283843887422900565e-01,5.684625364292384964e-01,1.711553794172038234e-01,7.371373306302090311e-01,9.030576055353325415e-01,7.332337022285780881e-01,2.322205435446833000e-01,9.682106574438145152e-01,4.042599214691058873e-01,5.313904602669377031e-01,8.353670506610044733e-01,3.618837162470862623e-01,4.657811824704555792e-01,7.490865462815200493e-01,8.173240208465432088e-01,2.650373844602421647e-01,8.998334517038192315e-01,7.204767872688310204e-01,8.354161820743657429e-01,9.850438983464550047e-01,2.866921835416930686e-01,6.922215254035353205e-01,7.640868744123285872e-01,1.992534600140428158e-01,7.732886880880572855e-01,2.240858265623099643e-01,3.339270530301086115e-01,9.289812136208907001e-01,8.446993909237079379e-01,6.181994433643751563e-01,2.626991237617628538e-01,7.176308346174194164e-02,6.646768488393079988e-01,6.899966151010911153e-01,7.761730928033112598e-01,-8.269731071782841780e-02,4.014915532854714808e-01
8.653123009438675739e-01,3.297509489723743359e-01,6.608584943331501371e-01,7.528115085977227228e-01,4.208854452519122380e-01,0.000000000000000000e+00,7.219437794725964697e-01,3.116960136687924598e-01,5.562316765067140123e-01,4.732067235595607269e-01,6.297232348745847030e-01,5.811570368104291839e-01,7.817622195360820481e-01,9.434545280285991931e-01,7.008238091214528953e-02,9.317351528171211594e-01,5.462453143797044719e-01,6.900963159990429752e-01,8.585582115919838664e-01,4.483049017110786738e-01,4.010738198158071977e-01,5.860375414058951460e-01,6.394166489941788267e-01,6.932126657358648192e-01,4.522370819032271450e-01,7.368060316982865121e-01,8.141722758015823569e-01,2.053500192704124927e-01,3.378949061970459855e-01,5.821368040821703893e-01,5.770800273509593681e-02,6.300429638278173261e-01,7.954783838274105401e-01,8.802645789331355886e-01,3.248156815163267819e-01,5.647553644355656211e-01,-1.099517344964777016e-01,1.005388626768168731e-01,9.249062440757408465e-01,5.246330981436703178e-01,5.695017878752992591e-01,7.239198642324974342e-01,7.439495027869038601e-01,6.752489627874336264e-01,9.437293713811154561e-01,2.545431754018371850e-01,3.940895152653607347e-01,7.946758504756664676e-01,2.560205445697266158e-01,2.306497480861484928e-01,5.960625594376418590e-01,4.515262132993213551e-01,9.059225523246987599e-01,8.654985000951826990e-01,9.942301923326799518e-01,6.822176535028765532e-01,8.151632042646553833e-01,4.104512414724879044e-01,4.681657252571382877e-01,1.012369333048491193e-01,5.878681317394437444e-01,5.946115505932657586e-01,2.275867166960515164e-01,9.471267851156703887e-01,8.274549390291126016e-01,7.050054419799715033e-01,8.726530200731731357e-01,7.797046203938758913e-01,7.279745563344184323e-01,6.511032480883698348e-01,6.377136255919346741e-01,2.079133250688719736e-01,5.456920340003335035e-01,2.446807421986001152e-01,6.559527018064104098e-01,5.033275394015868098e-01,9.880070764970466657e-01,4.459817033829658883e-01,3.127777847255848176e-01,2.712311525292455672e-01,-1.731686829253945015e-01,6.723016849905041337e-01,6.432871538690964064e-01,1.012315508908105122e-01,7.242045901929804463e-01
7.459318158803375232e-01,1.904403127923009198e-01,6.066784860848635219e-01,2.238979145084093181e-01,7.654280531748156591e-01,7.219437794725964697e-01,0.000000000000000000e+00,7.355408570275178137e-01,6.119542145644421005e-01,8.808309209506965942e-01,4.624463114529352437e-01,5.747310844799785601e-01,6.474451661267476288e-01,-1.075007421212755276e-01,3.631170231990940578e-01,6.150067151361294782e-01,6.494679473391198332e-01,8.507875003255389590e-01,3.111737439163780872e-01,9.875068308297113573e-01,6.454104378744692783e-01,4.161100223823201438e-01,4.507436035162109556e-01,8.232942667608428300e-01,4.881650163521770724e-01,4.004220493796871727e-01,4.272932109988391569e-01,5.766824868285600481e-01,3.137981571872826003e-01,3.888639878174470210e-01,2.395690296867071245e-01,3.942675924490258721e-01,3.658462271046777903e-01,7.983326453191138539e-01,4.895826797950466602e-01,5.319817528928942885e-01,1.672870635511469750e-02,5.839675152160405114e-01,5.082685566799414190e-01,2.549598125743091082e-01,2.849892268474498724e-01,7.488999968976799426e-01,3.333713176345082796e-01,1.884652686445036640e-01,8.135777134657538046e-01,6.161582149177975420e-01,2.409336482345866559e-01,5.172830487302690905e-01,4.088040713294709416e-01,3.668433785761596733e-01,4.114325183212662052e-01,6.839786518319865838e-01,5.928082600912071287e-01,6.008231779600171629e-01,3.092566216747489882e-01,6.276274192459712076e-01,3.558142777407131974e-02,3.440429910623649112e-01,3.040885685570767216e-01,5.865761801825777333e-01,7.808173258517351334e-01,2.527369555176677274e-01,4.042280982515436549e-01,6.936947776287117895e-01,6.052687504286184961e-01,5.959180670096999588e-01,4.197744250812037725e-01,7.313412176642948292e-01,2.910958381133696427e-01,6.740790966854395272e-01,5.873776339958006187e-02,7.174846670036134633e-01,4.420828318541007440e-01,2.783103132909826583e-01,5.302252337936175230e-01,4.069234690768002149e-01,7.745297487224455102e-01,7.852315074852234122e-01,4.537279151401122923e-01,5.133492019400625050e-01,9.293427084703381746e-01,8.073328829678551033e-01,4.468537457204666552e-01,3.205742784964476511e-01,5.191691069205621734e-01
6.896128359789082118e-01,6.122956060417013013e-01,6.271066147053260265e-01,3.087997714540489103e-01,7.055806458303666151e-01,3.116960136687924598e-01,7.355408570275178137e-01,0.000000000000000000e+00,2.662940071028512268e-01,6.648993923648488513e-01,6.031542616647973531e-01,3.517109002923516359e-01,6.452143975063452386e-01,8.233375200879676781e-01,6.985996423765588048e-01,5.855243164006483925e-01,6.356358437997764455e-01,5.519079900536644212e-01,7.817874420235897404e-01,5.090568445160830180e-01,8.871734960858538299e-01,1.876907465110373430e-01,4.573309124722350072e-01,8.814901808498621927e-01,7.073258239163044969e-01,7.345199113713646311e-01,7.965539793280257408e-01,9.425960201805451133e-01,1.859763663890560137e-01,3.481496394149031781e-01,4.477081493836226889e-01,7.274575661085470601e-01,6.997651802617533834e-01,5.159564476994277227e-01,7.065238779881695130e-01,3.215195518986883050e-01,4.190633916813137905e-01,2.888328264454897432e-01,5.234865282122415087e-01,4.453956442358310563e-01,2.490911966616308759e-01,7.550670900118018336e-01,8.846168870494001135e-01,7.305909928869052106e-01,8.346308539135446347e-01,6.227188780123166234e-01,6.499268768685108055e-01,2.993414673767777479e-01,4.270069490562350412e-01,5.362938993312665881e-01,2.172416309954955105e-01,3.923764424026346953e-01,4.532027128309284447e-01,1.788626543724394224e-01,5.880149887945860243e-01,4.795822042102489968e-01,7.756105807443968159e-01,7.186032950037651856e-01,4.282062077773700071e-01,5.134760869917995851e-01,2.314800596151280962e-02,5.677703293938333173e-01,5.614807787204821876e-01,9.832744094035689164e-01,8.140946758478061485e-01,-6.384167435441251426e-02,6.030205396115777550e-01,7.493331560607435771e-01,7.113658774439655108e-01,2.110264978564133920e-01,6.046630155969692222e-01,6.713522946718648576e-01,4.644896552932822331e-01,5.767715243578295237e-01,4.078235839760947501e-01,7.729989882453849881e-02,7.917634238888373588e-01,6.822603150188343291e-01,2.456526704462548005e-01,1.309490551149140036e-01,9.125763139481302133e-01,9.747830945648464640e-01,6.087889142988721636e-01,7.872718689643498635e-01,2.142491216168804224e-01
1.363319114255966136e-01,2.589109920270692422e-01,4.934154836464643701e-01,7.201360543143591197e-01,6.748169719471857064e-01,5.562316765067140123e-01,6.119542145644421005e-01,2.662940071028512268e-01,0.000000000000000000e+00,4.801309657383084906e-01,6.586114224180152910e-01,8.382435863999494058e-03,6.081696522359165691e-01,4.699985607655520758e-01,7.405960715292596586e-01,4.471526774116376113e-01,8.482269432192397485e-01,8.919041410682653215e-01,6.933852738523765824e-01,7.813706405479297068e-01,2.588709645672418458e-01,4.295882794511827196e-01,6.514494731306915698e-01,4.568781416035985199e-01,2.783193478248702224e-01,6.156410784751111809e-01,5.261411009684309192e-01,2.337119258760676777e-01,2.796195179319799218e-01,5.610690892029442101e-02,4.933498661371988891e-01,4.092403692824173045e-01,5.420998644011538747e-01,5.028236106179377884e-01,6.977327431668153279e-01,-4.216845134786223470e-02,1.355514784380977833e-01,4.329253226186182690e-01,7.453319387677025398e-01,6.598726097885661002e-01,1.134408172555280009e-01,5.481745150032144576e-01,9.545590870721557542e-01,4.360280881031197708e-01,7.576001385142303590e-01,4.834241190562986734e-01,7.039379067255876476e-01,7.058456773576331500e-01,4.464261268294282825e-01,6.376253768674522600e-03,3.934620599933987828e-01,7.983287693107123939e-01,3.977132096469909728e-01,6.406939344649436041e-01,8.090099366309239093e-01,7.885488350307320315e-01,2.921137800531568574e-01,6.858229632915140428e-01,1.508014245617068094e-01,3.202869974257987473e-01,4.722386355039600025e-01,6.188578230512126188e-01,7.364713816220089804e-01,6.791582326309688611e-01,8.189657133490108043e-01,8.859152539479604738e-02,5.320785203958651177e-01,7.931401311318346803e-01,7.210727192296551014e-01,8.642680170551169105e-01,6.986386849749511851e-01,6.225782338081772282e-01,6.835177577185562736e-01,2.758307859128866779e-01,7.946746521594292290e-01,8.012016258807966862e-01,3.226268836412707341e-01,3.582997560160580131e-01,3.658317802258689300e-01,5.414482297520348819e-01,6.797646032241426717e-01,4.319005031989748278e-01,6.973161578180321341e-01,3.847382420816550797e-01,4.855632806806656210e-01
7.063953524914731164e-01,4.637267999696407239e-01,4.862533111812220032e-01,8.704158508024064655e-01,7.730046240063015439e-01,4.732067235595607269e-01,8.808309209506965942e-01,6.648993923648488513e-01,4.801309657383084906e-01,0.000000000000000000e+00,8.706519587193325416e-01,6.432967941676290824e-01,2.738901058504531472e-01,7.359320558470061613e-01,5.841816158439316897e-01,-1.489375147525994758e-01,8.733168164978335479e-01,6.955269219510031853e-01,6.074673953492109035e-01,6.671711361292360642e-01,5.546192852926752348e-01,7.433543705182101835e-01,3.410035781180196790e-01,8.307977776363157929e-01,6.163712857038515791e-01,8.747194996275069467e-01,7.923404321758124036e-01,1.035636547381847267e-01,2.641188713805431298e-01,3.161013285989480726e-01,3.540302534622961073e-01,5.272105514849115826e-01,1.625075209954796596e-01,6.376820552443956958e-01,5.706804623436746438e-01,7.056748743240690569e-01,4.142975692243753838e-01,4.878042087609504862e-01,6.163792907427848577e-01,4.348116795186737216e-01,4.679703932726628768e-01,6.148660585860273864e-01,2.848473840640051158e-01,4.998368393585134739e-01,4.629086674673721369e-01,9.574408489888063256e-01,7.895570337755244417e-01,6.170281497261328463e-01,9.957133123560548693e-01,7.536230996621950950e-01,6.597271406020519535e-01,4.328261030893048589e-01,5.450511406335707409e-01,6.165543856093558261e-01,8.202797330087633343e-01,7.202203261835924408e-01,2.115530566037445992e-01,3.972095805995500273e-01,9.730747071531384851e-01,3.825620340656557539e-01,4.879100586595876976e-01,6.465977951028667459e-01,6.736584832336450779e-01,4.700399125540816181e-01,2.155633928564031909e-01,7.094154700344184050e-01,5.724073205927052710e-01,6.525529881305494051e-01,6.637584630578386991e-01,5.288708513226763053e-01,8.651527538558672070e-01,6.792781323788954495e-01,4.586972486599000254e-01,4.433209297919211145e-01,3.738568407298167307e-01,7.671871805666805599e-01,1.431188215313744239e-01,7.067924570374870541e-01,6.178202288420358013e-01,6.434257871082726954e-01,2.725070355134944222e-01,8.663650416238896090e-01,8.936516961607818832e-01,2.392909729368981886e-01,6.325748183286172832e-01
9.014228643912515215e-01,7.166306013376182449e-01,9.541190132888883735e-01,4.020019743226352360e-01,8.891869138803666361e-01,6.297232348745847030e-01,4.624463114529352437e-01,6.031542616647973531e-01,6.586114224180152910e-01,8.706519587193325416e-01,0.000000000000000000e+00,9.698409785719844800e-01,8.445470899308437085e-01,2.786015752519532263e-01,4.391473507503940721e-01,9.128749795635580089e-01,7.599390665840756176e-01,6.984049929689599701e-01,6.605443423183080531e-01,8.248112637665921953e-01,6.183129020370200513e-01,7.010103873951437636e-01,6.363657943548496343e-01,6.637628239884945103e-01,3.381816711925168528e-01,9.666306648279627822e-01,9.498257191299814828e-01,2.936519901731219906e-01,5.222324020584984128e-01,1.138388457061578624e-01,-1.863382304753427587e-01,5.918046409064778995e-02,9.974222503126748407e-01,7.417065219878490323e-01,7.229229530394265524e-01,6.264457008854065201e-01,4.320405588765677263e-02,6.561488503646357717e-01,6.087180365926887493e-01,6.088861831366093602e-01,3.128875999556038900e-01,8.122073039692090379e-01,8.785720545655359981e-01,6.646507312774954102e-01,6.520345792086094105e-01,6.081770466943650089e-01,4.743897029358846718e-01,5.051637104791117938e-01,7.934730009796282513e-01,5.533803315511042209e-01,4.921854338856231914e-01,4.324811512120553258e-01,9.061498368729962172e-01,7.638796713430107133e-01,2.417865763634944876e-01,5.847863921275465726e-01,8.917073909237568374e-01,5.694025319100455285e-01,6.960267769039463204e-01,4.760557969148696555e-01,5.416017961581097717e-01,3.591128482623004992e-01,1.439228317787591693e-01,6.078376270306315998e-01,7.208593697136801426e-01,6.096909990846895999e-01,7.691294592106953099e-01,8.832694091972682626e-01,4.680224334784385265e-01,8.441797607704533135e-01,1.418719727159265809e-01,4.622896170112840708e-01,1.472800101821590546e-01,3.707792225538800723e-01,5.473996553442463942e-01,5.533296552372923838e-01,1.508616254669961111e-02,9.060150972650742318e-01,4.399123306388166843e-02,3.366641205453468899e-01,4.164406585190261190e-01,6.907377011523162524e-01,7.433861067326007488e-01,4.794372918481460966e-01,4.516438737613575061e-01
9.970842220527377231e-01,3.397113770031676694e-01,5.778273588413201933e-01,9.403837796140377403e-01,6.780066839610441320e-01,5.811570368104291839e-01,5.747310844799785601e-01,3.517109002923516359e-01,8.382435863999494058e-03,6.432967941676290824e-01,9.698409785719844800e-01,0.000000000000000000e+00,6.386116821364130614e-01,9.479487592392707995e-01,4.018262809340989450e-01,1.082333550780082421e-01,9.140493183492626184e-01,6.812943410175065218e-01,8.722168431762539198e-01,9.488249307045225622e-01,4.325731845491117000e-01,4.061079597292330812e-01,8.404387212635462678e-02,7.486487996816413304e-01,5.146157842792763448e-01,6.405439564187926926e-01,9.791781484659187740e-01,3.444968821342262455e-01,9.325943683486066782e-02,-2.244113844586049789e-01,1.053059896058462785e-01,3.850264841963656481e-01,8.533206833047555229e-01,9.440211215634645159e-01,5.726347390698949269e-01,3.352873703506348280e-01,7.036394730278503484e-01,7.631187027727568406e-01,5.152252724367550885e-01,5.790230045496437272e-01,4.891505595266823492e-01,5.320340496324169610e-01,7.890109181727149590e-01,3.002404241680775576e-01,6.993116176837790299e-01,6.748583881929155481e-01,2.123943290977721998e-01,3.004926282245099500e-01,2.993461682535364377e-01,7.354045802790666331e-01,7.661284551859302017e-01,5.125897268464699730e-01,6.490181866414527212e-01,5.580172581751904337e-01,4.169522267248491620e-01,6.129098807889737932e-01,2.394279723324481135e-01,8.603096474333440380e-01,2.372590872580426224e-01,3.714278800116087575e-01,4.247127758812584419e-01,5.337217915180826333e-01,6.102343140009239830e-01,9.271559815303836993e-01,8.240276305916864885e-01,5.446856474509662593e-01,9.843221277249918355e-01,4.205576690150000796e-01,3.714468163102463416e-01,7.030749218872935913e-01,4.270351054375908784e-01,5.849198359916051304e-01,4.333133635203257894e-01,2.329629017841704508e-01,7.449493055920358708e-01,3.310870345314138596e-01,7.472153223995645632e-01,2.124368927840564747e-01,6.273726991391012087e-01,3.447490673359721036e-01,7.498792114556976918e-01,4.838507101976107783e-01,8.483361247191101295e-01,6.724454079406089191e-01,7.583604201111713294e-01
9.827466115838578986e-01,3.920337022289631657e-01,9.849676777670804961e-01,6.920505067593312187e-01,6.748301039338553409e-01,7.817622195360820481e-01,6.474451661267476288e-01,6.452143975063452386e-01,6.081696522359165691e-01,2.738901058504531472e-01,8.445470899308437085e-01,6.386116821364130614e-01,0.000000000000000000e+00,7.710882069339494160e-01,6.217148359415312076e-01,4.878818274850442727e-01,6.251289827866517435e-01,9.322350596091247832e-01,7.573996294229153881e-01,9.586099506171226192e-01,9.494144587353479103e-01,7.491664753149226419e-01,9.200242792750543686e-01,5.856580208050650160e-01,-4.665711476729939022e-02,9.649985062436591265e-01,8.699603551384968991e-01,9.016421218440696661e-01,6.551020933171183835e-02,2.219527044942724014e-01,2.692378723981238009e-01,6.446630020150762030e-01,4.150117400929984740e-02,6.713045671039455931e-01,5.402054189959167863e-01,3.839542308713782548e-01,2.314796041727814058e-01,8.302150985657009707e-01,3.257630744438567150e-01,6.330604082124322574e-01,4.758962103026420642e-01,5.076107765459929588e-01,9.671787258805294440e-01,9.847330213460692150e-01,9.690486505048057086e-01,6.452319074530361576e-01,2.632336218696209595e-01,9.928257355382047455e-01,7.896763817877169300e-01,6.460341371765803142e-01,5.027282028316621965e-01,7.441354890845788272e-01,3.781956785846621316e-01,8.561941099528471710e-01,2.897288769390874985e-01,4.271373568619134531e-01,7.364458612696905826e-01,9.791138931686889091e-01,9.594881369181837982e-01,5.699894037304600314e-01,6.596361479016219498e-01,6.950400424512096498e-01,5.267140948086037611e-01,5.599811336188114108e-01,8.479888089775051707e-01,7.846195450199858756e-01,9.902256410824875621e-01,3.470215926091714254e-01,6.465498542928418413e-01,8.724607906333533558e-01,5.223984056975619072e-01,4.295202744922571592e-01,3.186882634436305484e-01,1.508607896825175931e-01,1.119897524180443887e-01,9.543745776715432116e-01,5.502713548784382569e-01,6.747348277199278765e-01,4.197905887506172551e-01,2.457653205407125951e-01,5.350195291911113982e-01,6.819849310458978575e-01,5.711185322812333265e-01,5.436594793465441278e-01,6.358644814026136460e-01
2.543495561794414384e-01,7.381138787634695664e-01,9.889394462894181004e-01,9.281660403438966034e-01,8.835904122853807108e-01,9.434545280285991931e-01,-1.075007421212755276e-01,8.233375200879676781e-01,4.699985607655520758e-01,7.359320558470061613e-01,2.786015752519532263e-01,9.479487592392707995e-01,7.710882069339494160e-01,0.000000000000000000e+00,7.197990029666239131e-01,6.003219187129735790e-01,8.038592170262179870e-01,9.114104950876138478e-01,8.302562618007860440e-01,9.119382279307128858e-01,7.687811560203197114e-01,6.161640709211034794e-01,7.909978504877818173e-01,6.878413329034676060e-01,7.279398752945712703e-01,6.386167665185860098e-01,5.889487278379763602e-01,9.337024734715874130e-01,7.653631593937632038e-02,4.567496642103803794e-01,5.289183740220202434e-01,2.700284619964563038e-01,5.144553999167559288e-01,7.053535505062098476e-01,5.780282772030560512e-01,4.439897104060214761e-01,5.346208773181162499e-01,5.489380923868023565e-01,4.789600757122871033e-01,6.066411668762052845e-01,1.255448639769287111e-01,9.509943852633799821e-01,8.741630242052862432e-01,8.337608479512972348e-01,6.063470806640508526e-01,4.948763781077181179e-01,9.790801810367382174e-01,7.508815031985403010e-01,7.005094587735303246e-01,4.836084931769747408e-01,8.107344603699461194e-01,5.172724527227737790e-01,6.937830356257809195e-01,6.433102970083454109e-01,3.749632696691908018e-01,7.538589289096683244e-01,5.710014852312449429e-01,8.040029512435790116e-01,9.948012174722421497e-01,5.880106172370467288e-01,7.776935614588554868e-01,8.621731318634339170e-01,9.698291833122962835e-01,7.595167442980697015e-01,6.189790910454668893e-01,3.692271939433528494e-01,9.862613344222510570e-01,6.132293862572062437e-01,4.074259690888365482e-01,6.954374063568992126e-01,6.685625049583645563e-01,4.674647532176194331e-01,3.878364890808762011e-01,7.837584217528025254e-01,7.132179618288381207e-01,7.198939619924753508e-01,4.243726864005339383e-01,8.978881861769990591e-01,2.419173007226723404e-01,2.001500132889313388e-01,8.457304976350022985e-01,9.962459419558866713e-01,7.674161815487374749e-01,2.695152650664531802e-01,8.930665590931807785e-01
4.783607260948261053e-01,4.859466563747189549e-01,4.002468521521799216e-01,7.506507091825342926e-01,3.905992913105866826e-01,7.008238091214528953e-02,3.631170231990940578e-01,6.985996423765588048e-01,7.405960715292596586e-01,5.841816158439316897e-01,4.391473507503940721e-01,4.018262809340989450e-01,6.217148359415312076e-01,7.197990029666239131e-01,0.000000000000000000e+00,7.028787270953144040e-01,5.128088717895301629e-01,6.083523219408862870e-01,5.915390262990130044e-01,8.168753794529338697e-01,6.868215706543976395e-01,7.864670068585662976e-01,4.729919246292875745e-01,7.285714897443761329e-01,2.342349592645671108e-01,4.510444467594007523e-01,3.120114643814722033e-01,5.249975419936333543e-01,2.633785090844078525e-01,5.383465995702377827e-01,5.296730000838872909e-01,7.156314664747879251e-01,5.482601241509887924e-01,2.002445894765406964e-01,6.060930297491913255e-01,5.780106317211837208e-01,2.890209148914268944e-02,5.953001544408595969e-01,9.284889225231662824e-01,5.820353081759312985e-01,2.415452271278069885e-01,5.636730512144692007e-01,3.824559155750054673e-01,6.992707088212762878e-01,8.532387388522318927e-01,8.920373127681269221e-01,6.559293000817125741e-01,3.921799744489069539e-01,3.256223943763952855e-01,7.963146432823151599e-01,5.513613606873108974e-01,4.777110801776408566e-01,4.656454749940171500e-01,5.346793329677818063e-01,6.701518319133693558e-01,7.587475761534216989e-01,7.439725088128552599e-01,7.029205484991762898e-02,6.641125722626367578e-01,3.779887581350556136e-01,4.141685219172529520e-01,5.892382138160682237e-01,5.221451359771109857e-01,4.756237483068797567e-01,9.558083046062152421e-01,4.213996817305333265e-01,7.102747260048345446e-01,5.480747336129602187e-01,4.450298279556903491e-01,4.124148476197813107e-01,6.356696702351549710e-01,6.699539206824394189e-01,4.794727940360510310e-01,7.520546492662671945e-02,5.622683289856098554e-01,6.299364130183550126e-01,7.109485235147545712e-01,7.037799234888685307e-01,7.785670716566914784e-01,3.743302618247070224e-01,5.946035243840612772e-01,8.197600062350737238e-01,9.387359209818593175e-01,2.336408730719236326e-01,2.876108139006846032e-01
5.710772859560677706e-01,9.183007239593166116e-02,6.989274504255860165e-01,2.089280055796708946e-01,2.220920777823967018e-01,9.317351528171211594e-01,6.150067151361294782e-01,5.855243164006483925e-01,4.471526774116376113e-01,-1.489375147525994758e-01,9.128749795635580089e-01,1.082333550780082421e-01,4.878818274850442727e-01,6.003219187129735790e-01,7.028787270953144040e-01,0.000000000000000000e+00,6.385470339560379571e-01,7.768098305389081748e-01,1.973286570462056688e-01,9.267682616155137332e-01,8.876795873860332531e-01,9.677726876543573109e-01,7.093550836375425162e-01,3.507804105803747907e-01,4.783462958535040777e-01,3.391862034579277152e-01,2.056044688358057426e-01,6.910870525487482485e-01,2.668300638139141090e-01,4.831047168405751546e-01,4.373699584944931162e-01,2.243330327712584893e-01,2.897454642174450701e-01,9.109829616824736132e-01,5.155161882390133510e-01,3.449004490784571830e-01,9.038179870737539368e-02,2.682652247408353618e-01,9.398085225069882087e-01,8.869572496834412512e-01,3.230205219496418145e-01,1.437765622148742817e-01,8.348084801483932615e-01,6.534489931644404948e-01,2.942135311822106081e-01,5.757578288627556162e-01,5.486182519524490653e-01,7.770090883005246196e-01,7.476081916704973018e-01,6.043195142033533918e-01,2.431744874373907572e-01,5.394713726652409225e-01,5.147964171596730587e-01,8.545098144185726552e-01,7.315059507427835728e-01,9.693660381582844821e-01,3.478746038471860480e-01,2.622165679218892431e-01,7.486815893816480827e-01,7.251809831746034440e-01,-6.577076290062822128e-03,7.606782476397386805e-01,9.017156455384613967e-01,4.930370392514737410e-01,9.151340615779471888e-01,7.941319570635767544e-01,9.264123518120597200e-01,5.154663120355894579e-01,6.479469041872704116e-01,1.064504293223601378e-01,5.805564501791775633e-01,7.712941579969007089e-01,1.928405732484415325e-01,-6.189814859515244128e-02,8.119840523432098056e-01,7.661484733438397310e-01,7.908491851531889161e-01,4.194106864127022938e-02,3.896623998568061742e-01,1.030203801923066376e-01,3.860576503125773273e-01,9.020870557700009229e-01,6.011180114877321401e-01,3.732964737881172557e-01,4.959813574272478043e-01
5.904787323919331588e-01,4.304146720233550383e-01,8.010035207001443558e-01,6.366292150247526704e-01,5.420983573995711291e-01,5.462453143797044719e-01,6.494679473391198332e-01,6.356358437997764455e-01,8.482269432192397485e-01,8.733168164978335479e-01,7.599390665840756176e-01,9.140493183492626184e-01,6.251289827866517435e-01,8.038592170262179870e-01,5.128088717895301629e-01,6.385470339560379571e-01,0.000000000000000000e+00,2.711076050051944297e-01,5.248714526457249896e-01,5.857080267211192126e-01,6.583536086605012994e-01,6.730150213644204849e-01,6.442539758613221590e-01,6.848128827428083820e-01,3.567194559170981383e-01,6.375533908507188263e-01,6.395187287474182192e-01,6.762793036061198748e-01,4.180885147005304336e-01,1.964826540804001098e-01,2.588849442000988876e-01,7.034601320073178288e-01,6.566787407544472099e-01,8.751858309875955033e-01,4.119839946066675695e-01,5.491682102685460642e-02,2.755757430593298585e-01,7.528684022901180883e-01,5.560192695802448348e-01,4.461565147141965948e-01,5.374611814856927045e-02,9.040623735639069514e-01,7.389766403754982615e-01,3.817399373954741826e-01,9.918348085211685650e-01,7.544784980743396430e-01,9.547572816582486910e-01,7.861930276389706984e-01,7.944131391186317614e-01,8.761321337487502081e-01,9.680560516907645852e-01,9.948750844505348523e-01,5.189080787041064902e-01,7.476202704298251511e-01,3.292423856689481454e-01,9.215668597328606770e-01,7.288693032260485927e-01,6.230144592471137388e-01,6.646755933380557035e-01,2.494970589771545177e-01,5.084875915109859923e-01,6.440383092025507850e-01,7.299382184348871538e-01,8.523818331981205532e-01,9.012246693470662429e-01,7.274692337572715717e-01,8.313567908355772307e-01,7.982161752726044668e-01,4.616414807767103556e-01,6.789300631384393991e-01,2.811736503923157882e-01,5.682117621071273161e-01,1.732210199641890658e-01,4.304428739384566494e-01,1.307400987089213096e-01,6.698753922388445137e-01,8.601831980109002629e-01,8.130812573469045068e-01,5.920187205146061615e-02,6.398307012315218589e-01,6.160013391280719786e-01,6.325091401503921684e-01,5.276855670531155340e-01,3.317280818909988938e-01,7.663220057205810676e-01
6.461282911636887505e-01,4.711312847575690466e-01,2.864535830273447492e-01,4.169240871110654334e-01,8.359875557660982892e-01,6.900963159990429752e-01,8.507875003255389590e-01,5.519079900536644212e-01,8.919041410682653215e-01,6.955269219510031853e-01,6.984049929689599701e-01,6.812943410175065218e-01,9.322350596091247832e-01,9.114104950876138478e-01,6.083523219408862870e-01,7.768098305389081748e-01,2.711076050051944297e-01,0.000000000000000000e+00,4.104801538630595270e-01,3.088827204945318594e-01,5.684174956957348535e-01,7.051281975918324285e-01,9.776377332046136404e-02,8.721252529834061518e-01,7.673951407485747334e-01,6.118486693598323978e-01,9.095584441351802774e-01,6.349832500049242823e-01,4.720582663415051061e-01,4.807203334342773360e-01,1.774597645090125742e-01,4.042745840698739324e-01,5.094897088031435928e-01,8.626298629431849996e-01,4.325445126946232399e-01,6.337675405099840731e-01,6.458054458087406080e-02,4.905937279600030010e-01,3.640028675689730431e-01,6.229693619382097314e-01,-3.805729601338469492e-01,4.464415194147342558e-01,8.761536841883452720e-01,9.593794769617383089e-01,6.438467071376939854e-01,6.142441386308897799e-01,9.097955306449722057e-01,3.685475803926496763e-01,9.734658583100959106e-01,2.223953519588965921e-01,7.037209704290127155e-01,7.625781120547777681e-01,4.577301561012362408e-01,2.135725222679404622e-01,7.043377120857248208e-01,7.238216822913720039e-01,7.093873205543197447e-01,9.887786488161403042e-01,7.189663348768891016e-01,5.624038166074760842e-02,6.653148367818115805e-01,6.714179961871602487e-01,7.170084099742990436e-01,9.657240258876362837e-01,8.443830269356022988e-01,5.771447870529408108e-01,9.678460887007547253e-01,8.574489280360508836e-01,5.311724338970384984e-01,4.395676380943395190e-01,7.573691671531356251e-01,5.211378114611220358e-01,5.368854840636626546e-01,5.743698082376864633e-01,3.950688157483162044e-01,5.227635932589320689e-01,8.178399161720883992e-01,7.440481765780330159e-01,3.099401594696014617e-01,3.232684724898111650e-01,2.078390849053828870e-01,6.603631374826081091e-01,4.336228475600077403e-01,6.500123393944696737e-01,6.816044913928567262e-01
