0.000000000000000000e+00,4.519233167455371514e-01,9.072388117373013650e-01,9.319924289784756732e-01,8.368081084718179685e-01,9.235431358571546401e-01,9.578239247613208329e-01,8.381776599243624393e-01,5.992972919414389921e-01,7.250662408954573479e-01,4.865620929006858053e-01,7.866035407074557506e-01,8.963263521425318681e-01,5.867569811686004222e-01,9.093996845090261960e-01,8.228541268108509055e-01,4.760909057002091771e-01,9.698532761683448244e-01,8.306651391581159061e-01,7.489363383183593736e-01,9.524404133604776890e-01,3.531347176616121963e-01,4.567369313742459247e-01,9.862891946211653771e-01,8.480550417889120007e-01,7.740077286522679678e-01,5.225086171362254284e-01,8.427028263437994493e-01,4.049558047898160762e-01,4.051011152068756394e-01,4.141299518663360546e-01,9.987072530985405816e-01,5.775119233142985697e-01,7.291967935822346591e-01,7.698723463548780011e-01,3.021954480735156157e-01,7.267091796472220366e-01,6.884707381685286620e-01,9.757589573655247595e-01,4.331508906360365119e-01,5.781884598275173204e-01,6.593280120035422964e-01,7.290943734949659749e-01,4.269658479161304032e-01,9.125396113932940922e-01,8.544660479643025885e-01,7.765407232467109733e-01,7.317854929965563748e-01,4.540889593795033319e-01,6.332703981951773864e-01,5.874090895268536672e-01,9.636155377243569298e-01,7.574397908139345326e-01,8.921254387635209060e-01,3.783475329644415686e-01,7.454363811619454383e-01,8.786489433304482954e-01,8.708737579529187700e-01,8.414124852606118532e-01,4.605324794883053907e-01,5.700854699191568731e-01,7.416128044201443226e-01,7.403327244744710711e-01,7.066665536605322151e-01,7.920101824797436407e-01,8.054082644877056385e-01,7.744929631431829442e-01,8.738105399663465001e-01,7.083303852437956571e-01,6.783646112658490157e-01,9.278939053273713711e-01,7.728535706200523325e-01,3.727962929692372196e-01,3.707316052176125587e-01,7.801067128737416700e-01,9.555513311515937414e-01,5.669541226229607433e-01,9.326973191842785615e-01,4.316923164655806500e-01,2.848573654891818352e-01,7.810432522984779302e-01,7.936007058836980210e-01,9.035291182843491198e-01,5.658091826262979795e-01,6.693938534797192474e-01
4.519233167455371514e-01,0.000000000000000000e+00,4.976359798875285567e-01,8.280571145491206764e-01,4.946880278591182512e-01,6.287931493410994221e-01,4.932744377485102638e-01,5.832416830287134868e-01,9.150413208476856353e-01,5.509837776538604182e-01,2.826192656081261689e-01,8.304892308968085946e-01,8.985418432033616121e-01,4.061076610291619593e-01,7.316646230326842026e-01,5.882651478032596692e-01,4.572253379941413343e-01,7.498563970273306456e-01,7.634038957794956337e-01,6.262038180344248195e-01,9.870954451065905300e-01,2.325305754686680937e-01,3.536179782730556331e-01,8.884786263703611242e-01,2.052025434759004174e-01,4.708913185326960016e-01,6.992421003765423304e-01,9.086641314288562699e-01,4.873450674179806152e-01,4.228083235407378293e-01,3.709001325555256745e-01,6.275494987314650386e-01,6.189963009672030392e-01,9.377512289657834454e-01,3.700956577763095945e-01,2.635735929339921291e-01,3.520822382488552615e-01,6.658177386435826239e-01,4.623671303647993724e-01,2.173591560736978789e-01,4.607705494205540098e-01,9.999080606944523719e-01,5.270790730757163312e-01,6.231846337531438129e-01,8.801087195237519145e-01,6.177922557983511753e-01,2.963630310608652008e-01,5.350196848986439324e-01,6.418226377011541084e-01,4.003244404488287000e-01,5.807457512207788719e-01,6.715893985756257178e-01,7.378960856196945528e-01,5.132073461015349558e-01,3.185498520053831051e-01,6.407678775764423795e-01,6.959393509646080167e-01,6.345172598810578934e-01,6.677207974548656777e-01,7.336991571220160546e-01,3.313221283827559871e-01,5.749864332055636407e-01,1.344785385132396816e-01,8.950477989656597799e-01,5.466223673714903919e-01,9.155749361069615011e-01,2.946005753565972274e-02,9.367203956741426696e-01,5.341396625676790855e-01,7.423595377836731402e-01,2.577664283621271535e-01,8.403243056276321621e-01,3.743855486751572759e-01,7.878030137744554962e-01,4.344554510653367285e-01,9.235206385477996438e-01,2.060973549596445964e-01,2.462344143843157862e-01,4.646609619127831659e-01,2.105494973864270869e-01,2.377322081254799602e-01,7.163160046027245986e-01,1.611271003850103800e-01,5.568376999651005743e-01,3.112489264683040435e-01
9.072388117373013650e-01,4.976359798875285567e-01,0.000000000000000000e+00,9.930121518903594069e-01,8.118730604454852395e-01,7.783989410961116295e-01,6.323939325999695660e-01,7.818231179702378464e-01,7.189724832877251171e-01,5.073939407717092953e-01,5.684212209946706285e-01,6.751409622606462380e-01,8.054788563487282893e-01,6.163290685022452253e-01,7.271501977896277502e-01,9.066488725520193137e-01,6.212612079637438445e-01,6.459263144860623029e-01,6.904861115325487964e-01,9.163229637990683019e-01,8.731677038517641209e-01,7.757155462168646709e-01,5.064039982035554166e-01,6.108109239882578700e-01,9.632636351022413335e-01,1.846763958527317673e-01,2.973288285092177130e-01,5.848357726975876858e-01,2.214805120697012630e-01,4.244594978534769192e-01,1.394508875221015520e-01,4.928714606998026992e-01,9.019103767090526080e-01,9.715898106799958356e-01,6.285716051212287825e-01,7.897117847698993387e-01,2.618573239591964197e-01,3.374744805887806010e-01,8.157943720068751015e-01,6.625047974253718275e-01,5.235142450422218818e-01,7.566928581636649387e-01,5.130107875021991948e-01,1.625924508667556112e-01,3.894724972996131962e-01,6.556802059392741189e-01,8.645257962327590473e-01,9.440149333623898409e-01,6.238691505262639048e-01,8.628218981893209794e-01,6.122145789483066647e-01,6.036958460055511511e-01,5.162871440938976431e-01,8.039787779235896270e-01,4.350708124081221206e-01,8.058037555964112642e-01,9.607600185735748477e-01,9.238326861480306018e-01,7.778571660906463681e-01,6.499399131799898921e-01,4.883526220152769604e-01,9.143487278799713458e-01,9.182725677296059708e-01,6.011550597039414523e-01,6.153856301173408205e-01,5.287881274214741856e-01,5.691505574012746260e-01,8.299372672766243131e-01,9.795859966349775849e-01,9.733948308082781553e-01,7.670974719723560042e-01,5.894628365293386185e-01,7.126398328431149398e-01,5.256147127963111121e-01,9.652784749792506780e-01,8.948300289542390207e-01,6.345407046763369419e-01,9.461524772136431505e-01,3.384623920154632426e-01,5.145408162411615471e-01,5.628770855465705658e-01,7.361722362478578807e-01,6.568140580105394921e-01,4.697104063297328214e-01,7.640293822715805705e-01
9.319924289784756732e-01,8.280571145491206764e-01,9.930121518903594069e-01,0.000000000000000000e+00,9.507924716998243930e-01,7.912809144888408586e-01,5.975980753733043382e-01,7.341319089331046488e-01,7.936827935710093485e-01,6.802836674430872144e-01,2.413078854004194196e-01,8.917527757493803886e-01,6.141775242559667225e-01,2.646239197750041572e-01,4.909101031949744121e-01,8.328961282077436135e-01,3.930414947728675390e-01,7.956138492685731478e-01,7.075209471806476191e-01,7.579116981791729213e-01,6.275426912684927139e-01,7.974496339805464684e-01,2.973724680001422205e-01,8.113480983496554888e-01,7.243780070246581548e-01,7.027485569681126698e-01,8.307954724454267303e-01,6.025970438416423658e-01,7.636275944133237292e-01,2.094652731003455448e-01,4.638925204272179581e-01,6.973472873159907159e-01,7.511084804853159769e-01,7.588376323086459818e-01,5.108265558209849067e-01,3.931912786328322501e-02,5.335412346970342945e-01,6.772750866723851182e-01,8.595407150719712730e-01,7.210227004625576752e-01,5.637464805134060342e-01,7.216343767377484397e-01,4.772577045784257566e-01,7.499165023860556722e-01,6.542786092606853732e-01,6.043209672032413549e-01,9.709611212791382506e-01,8.378885294375286730e-01,2.349126877024552973e-01,7.505123902553311188e-01,6.727507258292474424e-01,2.831103665979711193e-01,7.411224670717857510e-01,8.153425724417173726e-02,9.745377835552827550e-01,8.823833332724271283e-01,8.855613966179420871e-01,4.283096060444538389e-01,7.926765809822950981e-01,3.455545465902283286e-01,4.695243124011608815e-01,4.080242511952009155e-01,7.158450253704672361e-01,8.611382911837763832e-01,5.628722709810820568e-01,4.668378774884965332e-01,7.457995628099317598e-01,6.454408143631442663e-01,7.509294457551329849e-01,9.156762008359302651e-01,7.617159820535265302e-01,2.683529665352448745e-01,3.259157329471351061e-01,5.723110466709723232e-01,-3.688893713286986453e-02,6.306061567648918453e-01,5.008206204251733906e-01,2.079042953328879284e-01,6.782785110454979671e-01,1.610268731857389564e-03,5.028080897213327294e-01,6.558074224492974613e-01,7.434463823936193760e-01,4.250495647757763784e-01,8.517632187043269187e-01
8.368081084718179685e-01,4.946880278591182512e-01,8.118730604454852395e-01,9.507924716998243930e-01,0.000000000000000000e+00,7.226152191640906608e-01,5.740413394967524008e-01,7.699852606122296050e-01,7.655247372500394443e-01,6.321405948513675321e-01,7.258282064994382443e-01,2.364363298086945564e-01,3.473450466587817420e-01,6.930987253518160474e-01,3.869807643781160156e-01,-1.612154710556391590e-01,8.858872609660853881e-01,9.949016751751135201e-01,7.730512041918339294e-01,4.646581162310665647e-01,9.420152169362401295e-01,4.102336025643873452e-01,5.252278106105093824e-01,6.330942031601352049e-01,2.235383938745066079e-01,8.171928241409848193e-01,8.964153607014185843e-01,7.815626817433500850e-01,7.533233017637424034e-01,3.227604409137552754e-01,5.103295102322830123e-01,7.240721199441173539e-01,7.081920736506824854e-01,8.415211342771532488e-01,6.538665137370761604e-01,6.674879300203704346e-01,3.654679315045077787e-02,6.393854073916349634e-01,7.103621875433292487e-01,7.687107521167622082e-01,7.754959555407596739e-01,8.234744121677660678e-01,8.697761105208230425e-01,7.577266724753092264e-01,6.751859249952751885e-01,7.728131007473149072e-01,5.169889617733701703e-01,4.032721173111769586e-01,8.942504048054961130e-02,4.174002645983562187e-01,5.204380847422045431e-01,7.528435320910248363e-01,9.216973899660323433e-01,6.918174895179606265e-01,7.358216541868495275e-01,4.859433184136685568e-01,4.584713934223536569e-01,7.634733263488489019e-01,-5.921027233828365932e-02,3.026275187196201255e-01,3.171673862249095865e-01,2.408765609528929763e-01,6.223474435890268275e-01,9.672458643606109963e-01,8.724795998896606175e-01,8.692354855664259361e-01,1.691000930943422631e-01,6.252641339089043404e-01,6.101906852274265880e-01,6.040932610752802745e-01,6.940618979324018056e-01,8.762136485906968364e-01,4.069289859254057728e-01,3.237198088342750912e-01,5.751172172386611603e-01,7.638177574255026192e-01,9.478961658660004508e-01,1.168493427199566032e-01,4.135092116940032869e-01,2.794070643866296555e-01,7.987177916420554746e-01,9.088216370060275828e-01,6.193189815765195450e-01,4.841699760496596672e-01,4.980216046307552324e-01
9.235431358571546401e-01,6.287931493410994221e-01,7.783989410961116295e-01,7.912809144888408586e-01,7.226152191640906608e-01,0.000000000000000000e+00,6.594785085321340501e-02,3.107596820054573938e-01,7.373700701249743528e-01,6.962590306561852183e-01,6.606035099218764417e-01,2.804924162166802168e-02,9.529545674911015229e-01,6.984341271592506839e-01,5.741144242842237677e-01,5.989360063182712635e-01,9.218726210830676671e-01,7.428719987160578020e-01,2.914319385468426837e-01,7.526899352131943832e-01,9.055424633413630131e-01,6.880032786925872612e-01,8.375759932076929370e-01,5.933211554746697924e-01,3.811954703393319877e-01,9.783113702010298729e-01,7.929632498801103546e-01,2.546781524594842749e-01,2.992698721544287399e-01,4.288337526419138679e-01,4.775244204552518967e-01,-7.302870176459280716e-02,7.560579945084717757e-01,5.463256974339596866e-02,5.442118991113561455e-01,4.938211643484012869e-01,2.447584606291496878e-01,5.291516847482193864e-01,7.789166363290208617e-01,7.126345567326340946e-01,9.605772177055252325e-02,4.351081913941673984e-01,6.600443866319624098e-01,3.817997710970677527e-01,5.541412071034865772e-01,5.730141821706196126e-01,7.210301135259389316e-01,6.409402487324064035e-01,5.612664964106975907e-01,8.736657996832617457e-01,4.733656079605251810e-01,2.161991490699073926e-01,7.605062185486566317e-01,8.810716761334913549e-01,8.916422601843857487e-01,5.045341983848574685e-01,6.470388198512087019e-01,5.943300722313213935e-01,7.102413162585157202e-01,3.752308850457273248e-01,2.389749963550219791e-01,5.815524583004750836e-01,2.366717533215778602e-01,7.052344845610630797e-01,5.606796506396065638e-01,4.976090057413740109e-01,6.402056679799599248e-01,2.310311863245377018e-01,5.004288313927897081e-01,7.412930631928166259e-01,2.918184114659089223e-01,5.539530453729021309e-01,3.551256394556951967e-01,3.467056729591637687e-01,5.675673102543510318e-01,9.807316274520747612e-01,9.581783117443420927e-01,2.521183925219647737e-01,1.873781599339729986e-01,-1.502516203446106480e-01,2.438546723949614470e-01,7.520245845969800724e-01,6.073511559810759186e-01,4.914886491154316084e-01,5.168343632093761464e-01
9.578239247613208329e-01,4.932744377485102638e-01,6.323939325999695660e-01,5.975980753733043382e-01,5.740413394967524008e-01,6.594785085321340501e-02,0.000000000000000000e+00,5.857458532275507945e-01,2.462700942510556712e-01,1.288552285041301981e-01,5.511875412128877105e-01,5.921242743451411439e-01,6.805570668317504346e-01,6.861750889474611537e-01,3.295526939137440881e-01,3.457280977482400930e-01,8.213620579750489092e-01,7.705482525125896265e-01,2.421767889331787327e-01,7.337090983184020310e-01,8.616143569682904735e-01,2.471648240042425282e-01,7.714256048856947823e-01,8.533630773270552972e-01,4.608757698085133581e-01,1.421905720369678050e-01,7.303282671532418391e-01,3.194645950091574704e-01,2.522387555624617805e-01,5.446666031023087440e-01,3.468575786151721907e-01,5.135661959502741958e-01,5.925977051161932518e-01,3.629076491515852432e-01,2.529594004502315821e-02,3.957533765897423006e-01,8.846084423949754361e-02,7.524725215989737093e-01,7.785092678238932917e-01,5.898142294649374451e-01,4.345997901214826986e-01,4.804027115328875497e-01,3.298317294806656780e-02,8.820840603516011402e-02,9.323888222977517737e-01,5.007531559772165908e-01,4.198328784410232939e-01,4.342418235744636146e-01,5.284435358962210616e-01,7.763219798192647625e-01,4.545693821195053719e-01,3.631270738244019580e-01,5.141470219352060056e-01,7.107883021531489209e-01,6.451197581123971903e-01,7.883348392689352169e-01,4.553735336260805733e-01,3.045246002427184906e-01,7.174694320335502917e-01,6.621901317698215550e-01,4.068871597970963316e-01,5.284122281802823284e-01,5.020345530710658144e-01,9.506996095931663504e-01,6.011384117641793701e-01,6.417765226519130950e-01,5.727083019555513355e-01,3.470110250923016393e-01,7.962815105525381520e-01,7.173578257860079299e-01,5.560286993605112471e-01,9.179364940053172384e-02,3.746794181732573392e-01,4.610634165366735426e-01,6.877172720337026979e-01,7.027626048565336347e-01,5.997674514813978730e-01,3.516407656475948329e-01,2.949035396700860900e-01,5.601729832314140678e-01,2.914765693836207650e-01,8.418757954155913215e-01,5.439779381118892143e-01,4.877899056628665631e-01,7.011578334507215793e-01
8.381776599243624393e-01,5.832416830287134868e-01,7.818231179702378464e-01,7.341319089331046488e-01,7.699852606122296050e-01,3.107596820054573938e-01,5.857458532275507945e-01,0.000000000000000000e+00,6.357487018099123866e-01,5.510651776399336788e-01,4.977252119645953488e-01,5.901095785920411618e-01,4.318150802700445601e-01,7.086432244341780429e-01,6.481006865707483744e-01,6.928935209521992489e-01,5.691096291103553417e-01,6.500311539041505604e-01,7.789219382647042389e-01,6.847923447811692377e-01,8.749447899802079709e-01,7.825635671665674975e-01,7.566124557136288953e-01,5.786521617165506504e-01,6.948901130590074970e-01,7.892752461672487563e-01,9.624207003343282496e-01,5.914721552521883252e-01,4.407322987997255304e-01,7.985602162908115309e-01,5.882471798921535822e-01,8.003306911236435228e-01,6.640168369482788435e-01,6.568058992999155354e-02,6.908219653476677102e-01,2.484624422760819684e-01,6.673543704114158481e-02,6.144059157557203443e-01,6.558459679270784992e-01,1.032460839838587052e-01,4.822077028240063790e-01,3.249057525414149605e-01,6.286362218244175848e-01,3.227560843920518896e-01,7.806027615313870793e-01,-1.208168828051985055e-01,4.344243880511274858e-01,7.254508640985324330e-01,1.029674540726887577e-01,2.491443604580213522e-01,5.438329061455429159e-01,4.658849942048914339e-01,7.120804570806587019e-01,4.933419371486867933e-01,5.177228696983579015e-01,9.851905058454348829e-01,1.403749936233570084e-01,3.996336882947505442e-01,6.235486104880222369e-01,2.335602003841658891e-01,3.821284100531672778e-01,2.608169425154523435e-01,4.737985853288584348e-01,7.980872527895050972e-01,8.411517647270492226e-01,3.579097898396672583e-01,1.446033162259076355e-01,9.796771926180998236e-01,7.912576697734661213e-01,2.126850859236223412e-01,5.323739824390458786e-01,5.061313417080302024e-01,6.674299485268911925e-01,3.867986875079524323e-01,6.767521526318638347e-01,2.822058586960665139e-01,-6.056937081497540398e-02,2.552243536150782810e-01,5.150203604600789471e-03,2.687273901768340023e-01,7.667041403679361045e-01,6.366112618059364126e-01,6.982407337375547973e-01,2.613076694538085665e-01,7.722275486243972420e-01
5.992972919414389921e-01,9.150413208476856353e-01,7.189724832877251171e-01,7.936827935710093485e-01,7.655247372500394443e-01,7.373700701249743528e-01,2.462700942510556712e-01,6.357487018099123866e-01,0.000000000000000000e+00,3.258904372121077531e-01,3.165285375458896100e-01,3.027594336525187835e-01,8.787112632448258465e-01,9.621479512494235387e-01,7.153556246317601675e-01,6.950764403908993305e-01,9.822235227405419211e-01,3.875087402067891040e-01,3.483517506844160394e-01,6.717546778745291380e-01,6.355968483767772126e-01,6.350796575018795576e-01,5.152555296296720266e-01,9.254287434004913049e-01,3.510052714826115139e-01,4.418740183536004618e-01,6.307838280726797420e-01,5.961113939646560667e-01,4.246955794207794566e-01,3.945283507790858235e-01,4.145354174489501720e-02,6.774465317437983192e-01,6.213276812344770139e-01,6.291916059118103366e-01,5.141872377441961683e-01,6.931722698357303258e-01,3.951141262485099448e-01,5.605026084156076172e-01,6.523643637953453478e-01,3.891773010518904119e-01,5.658462860323495436e-01,7.178716514905093549e-01,5.675600902264257286e-01,5.412117968804635026e-01,7.791935025082427080e-01,4.349871325047788284e-01,7.983090280745076539e-01,7.072977595499326808e-01,4.489897182897388261e-01,6.234006270773926328e-01,2.999723512575590556e-01,3.822303245681610839e-01,6.599913475185930078e-01,1.846658866011437472e-01,5.660822698869911740e-01,8.601082494105125598e-01,4.392885391132189121e-01,6.240321706241266364e-01,7.874520338693291599e-01,6.073703495385744944e-01,4.945122437964543094e-01,4.067948269224614943e-01,5.570258959685188138e-01,8.742658676391514838e-01,9.124187492885170725e-01,4.168454959938370230e-01,4.450505688243074354e-01,5.154566167664054177e-01,4.322929853387604271e-01,5.922335145027479708e-01,6.054719279029417978e-01,8.946421193222162671e-01,7.661578016131175006e-02,4.541580960301222492e-01,7.321245460223397838e-01,2.286775201082088538e-01,7.969847680331674233e-01,4.053727359131218955e-01,7.566476088071263373e-01,4.740921362102522574e-01,5.570607935060318816e-01,9.258936362419514232e-01,6.303661494964372114e-01,3.243290203722261622e-01,9.682517566259514208e-01
7.250662408954573479e-01,5.509837776538604182e-01,5.073939407717092953e-01,6.802836674430872144e-01,6.321405948513675321e-01,6.962590306561852183e-01,1.288552285041301981e-01,5.510651776399336788e-01,3.258904372121077531e-01,0.000000000000000000e+00,5.968860059918205119e-01,7.845143873108613164e-01,9.780058235315359783e-01,3.117023458387346291e-01,2.017967456938050963e-01,8.021132426701850227e-01,6.547441758593128824e-01,6.244158032231501565e-01,2.965739242366887130e-01,7.764386770040460073e-01,6.435180369328362682e-01,3.691647792483330193e-01,4.513498878450113994e-01,7.964603300546034825e-01,8.156690965145549921e-01,4.277517550676892544e-01,5.844649937892069103e-01,5.747747648634329298e-01,5.486032065331620799e-01,5.649152133984326474e-01,3.590272197692194744e-01,6.751163900137389096e-01,7.462383587156018461e-01,3.068447538818448450e-01,7.326433720963536622e-01,2.632932518659552024e-01,5.865206179331976938e-02,6.018499711439786459e-01,6.626333877226332492e-01,8.260609832718273093e-01,4.254063538444479570e-02,9.794395481383779689e-01,9.972118095550361883e-01,9.630237402726966600e-01,9.058230086546948945e-01,3.354386295393690931e-01,7.351131514119935151e-01,6.516930803176019804e-01,5.363997119678078906e-01,5.079189100004888324e-01,2.980311155580126492e-01,6.249884628291773048e-01,4.814484593423187797e-01,3.420694420087825316e-01,5.538408072784890834e-02,7.017367446862653457e-01,4.226959109948105753e-01,6.127504977440274558e-01,5.853927188104957047e-01,1.355222535026932851e-01,7.942481264270879748e-01,7.617024544701688216e-01,4.730932939715852825e-01,6.936313414121108023e-01,8.561288549367718215e-01,7.252952536703659581e-01,6.433601616345107077e-01,9.342979913579599893e-01,4.917023099268488795e-01,2.720042548961169593e-01,7.961115715896027734e-01,9.036733356255397531e-01,7.772043528524278377e-01,3.874531676461046570e-01,3.199728195964062771e-01,5.996623437987389504e-01,6.248143861318378178e-01,2.897240239507696824e-01,6.678162481172094100e-01,-1.804511460029154246e-01,3.341133430181600916e-01,7.229582116439525752e-01,6.208962690859978206e-01,2.347171371424125186e-01,6.653664104798059364e-01
4.865620929006858053e-01,2.826192656081261689e-01,5.684212209946706285e-01,2.413078854004194196e-01,7.258282064994382443e-01,6.606035099218764417e-01,5.511875412128877105e-01,4.977252119645953488e-01,3.165285375458896100e-01,5.968860059918205119e-01,0.000000000000000000e+00,2.850025982458685436e-01,6.864737062314371085e-01,7.489125359760653300e-01,2.364802545846119430e-01,6.565106098637766285e-01,9.847944680850024834e-01,4.112031165295481072e-01,8.355834922647271679e-01,7.188418161403580253e-01,3.747171537075403291e-01,6.385510988016397382e-01,8.788516682745211028e-01,8.271055419111802420e-01,2.889863380507315949e-01,7.037872436023010492e-01,7.116439909787524165e-01,3.370958508292032450e-03,-5.764762556406452521e-02,3.514715741669619531e-01,4.952068613862758983e-01,7.889782501262023739e-01,5.411763714029909078e-01,2.464435376567059299e-01,6.020893449414516096e-01,4.712582681064614309e-01,2.319037399527840160e-01,7.204965145025631346e-01,8.763335453988673196e-01,7.148653173239949421e-01,9.617511413785509999e-01,8.477578438109363290e-01,8.448294194147214498e-01,6.033562035161347259e-01,4.942199702844098930e-01,3.043893403898595418e-01,9.044578257098935259e-01,4.732694283485923137e-01,4.155082342921115890e-01,7.169375661099700592e-01,5.847794001598332070e-01,4.496703222265667765e-01,4.998808887154816416e-01,9.315703725749104880e-01,6.379159892189841807e-01,6.046421065771243608e-01,2.292100779224376106e-01,5.133806362661215150e-01,6.695055143035250067e-01,3.896133046706759528e-01,1.416713564090945343e-01,5.012978211859376865e-01,6.831198451441121700e-01,8.758010339714481507e-01,6.090080193295416278e-01,7.007229520406772494e-01,5.373883364704901133e-01,9.104921737384259472e-01,5.878644411984239593e-01,2.732496306888021476e-01,3.422084844701398509e-01,4.964714191493108664e-01,1.943276494498310247e-01,1.218802598053956437e-02,4.221563907433720786e-01,7.424139933990484552e-01,9.472426713721424640e-01,6.496699233206600921e-01,3.231645749127013412e-01,4.315082377768122424e-01,4.536550813288174888e-01,7.097787852855851343e-01,4.530724286100270004e-01,5.867124781775996389e-01,7.802562451292681667e-01
7.866035407074557506e-01,8.304892308968085946e-01,6.751409622606462380e-01,8.917527757493803886e-01,2.364363298086945564e-01,2.804924162166802168e-02,5.921242743451411439e-01,5.901095785920411618e-01,3.027594336525187835e-01,7.845143873108613164e-01,2.850025982458685436e-01,0.000000000000000000e+00,4.586107612465974426e-01,7.511801833803657402e-01,5.202811118930708023e-01,7.888007895463686747e-01,7.401191265154347665e-01,7.185798167054811003e-01,4.984703360492272473e-01,5.552526619958914056e-01,9.369207732795864496e-01,5.755010224015041365e-01,3.033712851988735748e-01,8.844017939668329387e-01,4.326236397928082678e-01,2.604645526766405372e-01,9.284069100814916764e-01,2.278367859468260481e-01,3.190004529752096252e-01,4.182683889736171778e-01,6.999137206490731178e-02,4.719617971019603453e-01,7.701738221512527405e-01,2.571675738221808061e-01,5.570925548373792946e-01,3.535171164433589808e-01,6.724396593102557884e-02,7.246856331891489145e-01,4.160168194880164427e-01,6.133937956672278480e-01,3.711847101543031546e-01,4.098808115470752300e-01,7.614495806866785621e-01,6.463194253490593955e-01,7.419216476497202395e-01,4.979896201485567997e-01,6.394772222520249683e-01,8.726564453508058872e-01,6.192195890078564524e-01,6.518708649808497846e-01,7.491181407590381536e-01,5.310182456485549318e-01,6.630029871963482035e-01,7.667783113390207461e-01,7.934961139781155914e-01,5.834461217826162338e-01,7.050851136137545883e-01,3.899054998333270627e-01,9.995267478377234394e-01,2.988403794894643473e-01,2.966893493460888709e-01,6.230584044368093766e-01,5.983917233395796842e-01,6.498076918239281685e-01,2.326366552954699518e-01,5.837777286138098320e-01,3.220807852228463330e-01,7.445319259669515022e-01,6.957300221598002876e-01,2.224854083128439686e-01,7.287558383496768322e-01,7.433659973802875243e-01,3.085455626566745435e-01,2.957208882520958038e-01,7.545321592693807755e-01,7.141615861625900674e-01,7.025923402302701737e-01,4.757250015686712019e-01,2.723857700332302789e-01,1.232395909878560882e-02,6.537364792828911364e-01,9.426210363639089262e-01,5.262017834795815752e-01,8.779164431083803510e-01,1.523079118225039164e-01
8.963263521425318681e-01,8.985418432033616121e-01,8.054788563487282893e-01,6.141775242559667225e-01,3.473450466587817420e-01,9.529545674911015229e-01,6.805570668317504346e-01,4.318150802700445601e-01,8.787112632448258465e-01,9.780058235315359783e-01,6.864737062314371085e-01,4.586107612465974426e-01,0.000000000000000000e+00,7.089901062657230080e-01,7.032197733805030104e-01,4.303865491146519062e-01,-1.711210480804232492e-01,9.374459700450961108e-01,2.993955890348004578e-01,7.168961424166945262e-01,6.462931579948411054e-01,4.983346921638742710e-01,8.486891030599841290e-01,7.822841030066287615e-01,4.138879187255494196e-01,5.834881245562859586e-01,9.771584412913868478e-01,7.274967486075445411e-01,2.926757092588300191e-01,4.462872781884321127e-01,4.953710248478049860e-01,4.264736341028029787e-01,3.566323966874633822e-01,6.911850699496411288e-01,6.460720189155159110e-01,5.373985575931560232e-01,5.827632279579557650e-01,5.023877164968902909e-01,6.017443784807523510e-01,7.384584390990324154e-01,7.196835356921218452e-01,9.842764300939683686e-01,9.996062695986490665e-01,6.093764682513704845e-01,7.238993751824772671e-01,6.396276061666521517e-01,4.711445608780139849e-01,2.169450181546218326e-01,6.001435950724283153e-01,7.070788933304592572e-01,4.001625177062471672e-01,4.775153754615423241e-01,7.839797018654378613e-01,6.630383245912733203e-01,5.267636533989753511e-01,8.795008084895168388e-01,6.081685100275635580e-01,4.601371855038774439e-01,8.665201855005465470e-01,1.510234478832529204e-01,4.236532724528610516e-01,5.904305152193207729e-01,9.668116030308829822e-01,5.668751591274916457e-01,8.689968019631431062e-01,6.212179660257783897e-01,7.712971353043188705e-01,6.628247527826345298e-01,7.083730487325992087e-01,2.232572600202487878e-01,8.706437680241798649e-01,7.105365040321099945e-01,3.524909901835824866e-01,7.378730030168412224e-01,5.235410692564848034e-01,7.172620568493561777e-01,6.436185028144063569e-01,7.259909193629247026e-01,6.195824188333862725e-01,2.352574765346085450e-01,7.301335626862422989e-01,9.740086297999631659e-01,2.621166831977121969e-01,4.628486653369463522e-01,6.340198321854039198e-01
5.867569811686004222e-01,4.061076610291619593e-01,6.163290685022452253e-01,2.646239197750041572e-01,6.930987253518160474e-01,6.984341271592506839e-01,6.861750889474611537e-01,7.086432244341780429e-01,9.621479512494235387e-01,3.117023458387346291e-01,7.489125359760653300e-01,7.511801833803657402e-01,7.089901062657230080e-01,0.000000000000000000e+00,8.476008195044230087e-01,6.859888017915182212e-01,4.801593509553769845e-01,6.700532694358809493e-01,4.297740137872964605e-01,9.401496472407104843e-01,8.902128733620465750e-01,6.198410322878655787e-01,7.904524162017391165e-01,4.341270730586259674e-01,3.092799827109200539e-01,7.376974445883378584e-01,4.073494682294913627e-01,4.725585913041262520e-01,4.996863174257831219e-01,5.567299732950499180e-01,5.431653691275978302e-01,6.839849501830566614e-02,4.672231103472926361e-01,9.233659515885738189e-01,6.679050104091531770e-01,3.008842143018530813e-01,-6.814059289379728601e-02,8.418339562700232204e-01,6.065854463387426732e-01,6.536733292455920719e-01,3.682106072084344595e-01,8.831950128791593579e-02,7.289437617149440163e-01,3.813186303435800451e-01,8.318258969717602369e-01,6.593095566269662200e-01,7.512440251789453960e-01,4.352860222650389854e-01,7.860224164955429416e-01,9.150066937823546631e-01,-1.752586841573163245e-01,9.165090399156196055e-01,9.932671822915482007e-01,8.047393080006397525e-01,7.513519459638564602e-01,8.766810959057592667e-01,4.972110920773220588e-01,3.352754433615088292e-01,4.966274812229522495e-01,7.344972478515784386e-01,5.282419724664401128e-01,7.345582782803276034e-01,6.629822037571826421e-01,9.540967491749299256e-01,3.040483839374712519e-02,8.240367628559198687e-01,8.977708591795874327e-01,6.608073021267331093e-01,3.376980960984182767e-01,4.231354722054124218e-01,6.363973736205105203e-01,9.966940547125275884e-01,2.847140403806764919e-01,5.759903629488484222e-01,2.364859466164513091e-01,5.824924310424748342e-01,4.056074001146723340e-01,9.930803540275219277e-01,4.391043237509816288e-01,5.552015009944760021e-02,6.895168789015972965e-01,9.393921245705380008e-01,4.056404408869443978e-01,2.171487955327424113e-01,7.996242635172106095e-01
9.093996845090261960e-01,7.316646230326842026e-01,7.271501977896277502e-01,4.909101031949744121e-01,3.869807643781160156e-01,5.741144242842237677e-01,3.295526939137440881e-01,6.481006865707483744e-01,7.153556246317601675e-01,2.017967456938050963e-01,2.364802545846119430e-01,5.202811118930708023e-01,7.032197733805030104e-01,8.476008195044230087e-01,0.000000000000000000e+00,7.841841923318128016e-01,8.907784305991296447e-01,5.991977874009790650e-01,5.564293876658373827e-01,4.457373342494955759e-01,9.114224462061162324e-01,4.154015275881284275e-01,7.747578916719721764e-01,8.007414488423931775e-01,3.595320459903649790e-01,4.471536223578941871e-01,6.816459236462698579e-01,7.605204444030098099e-01,6.106726138648623792e-01,1.451112389831389071e-01,3.066373638490835218e-01,5.011658259320692643e-01,1.454946479178669330e-02,5.743999675236974856e-01,2.812894412095272023e-01,5.557644510096765300e-01,4.797443526829462401e-01,7.946633939321061657e-01,2.783403637372945383e-01,7.632901743484742374e-01,2.328454944608395194e-01,4.089934024054532324e-01,6.651988880347252664e-01,2.320860610219410702e-03,9.716083503234638208e-01,6.672227409139411813e-01,7.087660271900472209e-01,6.550823570764102710e-01,5.290851796578843746e-01,4.561110360360060567e-01,6.109573240037187158e-01,8.624337616812016716e-02,9.102392896050313098e-01,4.758947315519533316e-01,7.457380011274444831e-01,3.064658915832834674e-01,9.393412525733643159e-01,2.919369185629899222e-01,5.809904201162526816e-01,7.717228805891696714e-03,2.128955323752619311e-01,5.670028501286490386e-01,2.212490722912315300e-01,8.771004121720334945e-01,6.588061884519185174e-01,6.853051894686055245e-01,4.595562062677675530e-01,8.114110246204740973e-01,7.600235212621186953e-01,1.914598999060374840e-01,6.006135522261732973e-01,5.238078491962767647e-01,2.900227877806767496e-01,-2.920866203943594530e-01,2.515602320716588958e-01,6.991366472416352673e-01,8.141873582764380668e-01,3.365007025594120016e-01,2.171072764633821539e-01,4.757364315129183896e-01,3.808027916490065445e-01,9.414614170560365869e-01,6.333693117553077512e-01,5.843626688305791905e-01,4.512162280278853022e-01
8.228541268108509055e-01,5.882651478032596692e-01,9.066488725520193137e-01,8.328961282077436135e-01,-1.612154710556391590e-01,5.989360063182712635e-01,3.457280977482400930e-01,6.928935209521992489e-01,6.950764403908993305e-01,8.021132426701850227e-01,6.565106098637766285e-01,7.888007895463686747e-01,4.303865491146519062e-01,6.859888017915182212e-01,7.841841923318128016e-01,0.000000000000000000e+00,6.356798027195408318e-01,-9.775043613709943902e-02,6.790739200419251276e-01,3.040446398274750939e-01,6.239553014270515785e-01,2.562219840854718100e-01,1.247824860701448879e-01,6.988137809981148640e-01,2.013959753643344563e-01,2.033236508319792857e-01,5.368386640387067255e-01,7.312855235352115624e-02,4.510045933781810512e-01,5.075052316421961862e-01,4.718377383345584986e-01,2.050932729646579022e-01,3.267327815931642121e-02,7.712049168097749874e-01,3.459137776134858511e-01,2.728552685090501195e-01,9.408600650371751195e-02,2.262374614711922249e-01,6.144544061057642947e-01,6.839297166795763605e-01,6.993397500005620326e-01,3.512248397897841379e-01,6.759886959907202009e-01,-4.190741034422629241e-03,7.903158346870621243e-01,5.612925183045520683e-01,6.777132150410314360e-01,5.099977831903288461e-01,5.145339098803400901e-01,1.793882368036115449e-01,7.242757084374014387e-02,7.341665560313517247e-01,6.737872797075955544e-01,6.796262990827366401e-01,9.865731948353274605e-01,5.541455452035018991e-01,8.191743107909849053e-01,4.480509678478155622e-01,6.484753003847153474e-01,2.379049467607325385e-01,3.802432719141373152e-01,5.871359649447748241e-01,-1.036969412613541752e-01,2.397880002086828777e-01,9.529335405532034509e-01,2.614382911120071151e-01,7.148643399353854511e-01,6.597733688571114641e-01,4.297327544511499453e-01,9.514574415689359688e-01,5.879929378952878372e-01,6.369217278849534924e-01,3.735606101890927011e-01,3.487935959883421422e-01,8.173180907804638018e-01,1.053209693665076441e-01,6.088310192775620022e-01,2.947384710662855067e-02,2.415529363068167623e-01,3.696082873003814218e-01,4.190505941208988450e-01,8.462110446155202137e-01,5.965300849129089311e-01,3.447672153425607733e-01,7.596778333188376475e-01
4.760909057002091771e-01,4.572253379941413343e-01,6.212612079637438445e-01,3.930414947728675390e-01,8.858872609660853881e-01,9.218726210830676671e-01,8.213620579750489092e-01,5.691096291103553417e-01,9.822235227405419211e-01,6.547441758593128824e-01,9.847944680850024834e-01,7.401191265154347665e-01,-1.711210480804232492e-01,4.801593509553769845e-01,8.907784305991296447e-01,6.356798027195408318e-01,0.000000000000000000e+00,8.884982582550002839e-01,7.126519323995703648e-01,6.431497166160689005e-01,9.003550466577684430e-01,6.681611157979270299e-01,4.936622893392706990e-01,7.639013480538102696e-01,3.103899222361800048e-01,9.721739479224328351e-01,4.224014418202970411e-01,7.352214299455992474e-01,5.679189054225159961e-01,2.138415671014122221e-01,5.541486184890704880e-01,8.827686976371101890e-02,9.915370073193396916e-01,9.967913566845196804e-01,8.199454277107999234e-01,4.351334308383405514e-01,1.127974606319402939e-01,9.474945119573957575e-01,7.542725888852213068e-01,7.206970709300790645e-01,4.276039604187993892e-01,4.012944674244387500e-01,8.788664113419086821e-01,7.275175957881856448e-01,4.638356636760858631e-01,3.688122086588853654e-01,4.774334797520186635e-01,8.816211903197793687e-01,4.150192782271279190e-01,4.055190424185288744e-01,6.911230821395616397e-01,5.397716048410985401e-01,-2.308094833946414126e-01,8.295750287292267267e-01,1.332680883813449069e-01,8.056495388023562354e-01,9.531139527635364983e-01,7.654977126607889204e-01,7.993389781854347564e-01,4.717946125561473525e-01,5.454534712152965259e-01,8.573052948471482360e-01,6.585449323928768139e-01,7.259741752005498538e-01,9.460458343923506819e-01,7.547453099279229916e-01,6.814546177540825589e-01,8.345873723847812009e-01,4.593108232975873784e-01,7.986229804545359467e-01,8.361902632452790085e-01,8.742834220930574274e-01,6.725793932022080535e-01,6.192458195956265787e-02,9.751855015220044498e-01,4.810283270928308319e-01,9.639182819385180290e-01,9.516482981187055490e-01,1.852251343204894540e-01,1.081459196164520631e-01,2.441220378803694580e-01,7.355222382352938348e-01,9.705258922235735497e-01,8.833548919705802929e-03,5.318231681372472819e-01
9.698532761683448244e-01,7.498563970273306456e-01,6.459263144860623029e-01,7.956138492685731478e-01,9.949016751751135201e-01,7.428719987160578020e-01,7.705482525125896265e-01,6.500311539041505604e-01,3.875087402067891040e-01,6.244158032231501565e-01,4.112031165295481072e-01,7.185798167054811003e-01,9.374459700450961108e-01,6.700532694358809493e-01,5.991977874009790650e-01,-9.775043613709943902e-02,8.884982582550002839e-01,0.000000000000000000e+00,8.433235940216918802e-01,5.852785560001743104e-01,4.251176303777560173e-01,1.164309300977791062e-01,7.456603544024029695e-01,9.317190283173000243e-01,4.014152137188958802e-01,7.811620713588049991e-01,5.529254996549238799e-01,7.186250924455396261e-01,2.960780688771910696e-01,2.706090165516561452e-02,6.404438108681613784e-01,7.304171009497157918e-01,7.311247309815596118e-01,2.311123447512723195e-01,4.978326619661357366e-01,6.996891523985498962e-01,2.847755855272801617e-01,7.946035949697186629e-01,6.553265072812549663e-01,8.764061732559828011e-01,1.204416842408913106e-02,5.620029356871066861e-01,2.363732744965885701e-01,7.019603553487844261e-01,9.029288051133265158e-01,7.002100168415329451e-01,7.427144881812067778e-01,7.737310800055046123e-01,6.458074293006608180e-01,5.279638311873812162e-01,4.233140861253862908e-01,9.274088817660690598e-01,8.445562824547826475e-01,7.709132947815119374e-01,5.045688503832761462e-01,9.033249342352416278e-01,2.968354020919415914e-01,7.514406888639283411e-01,4.001437547612234913e-01,2.606261309264722437e-01,3.699571527214364774e-01,3.678704389587827972e-01,8.978975332302726597e-01,5.423628461427159042e-01,6.058879885423016365e-01,3.022138131088555335e-01,6.372195304390442239e-01,8.026075704187812798e-01,2.643119342194114596e-01,6.983472776070098753e-01,6.579308524030832439e-01,4.695125115825922735e-01,6.222633293479480354e-01,4.898979730508808417e-01,7.969204548422424983e-01,3.534668038448622318e-01,2.179451624037799795e-01,5.149118739604189310e-01,5.430270566746169258e-01,5.532812322584047537e-01,6.628313947431149211e-01,8.846812233796701452e-01,6.460283629028593655e-01,4.729181474030432764e-01,6.997064383593777359e-01
