0.000000000000000000e+00,3.023194334856074139e-01,6.565761607327280647e-01,4.114109241746101153e-01,9.431856665696821684e-01,5.986378838844309547e-01,4.407448759791204318e-01,8.129611782985138868e-01,7.729537212909394217e-01,5.782735990786951330e-01,5.628661422960620220e-01,9.774035129970689573e-01,8.345486851345146340e-01,9.324165395649839372e-01,9.270039212244670646e-01,5.682444098856765935e-01,8.815319184349951209e-01,4.091502313597372709e-01,1.252157837861787859e-01,8.373663528948152024e-01,2.937346532243644281e-01,4.970939165908976332e-01,7.948203321711385660e-01,6.651873935230896429e-01,7.856146677646138610e-01,8.128601404180781920e-01,6.190655587677222904e-01,8.835829682252119843e-01,5.701785217601235134e-01,5.224729216484509386e-01,7.050320516036979318e-03,7.309747943883558863e-01,5.379480585810739734e-01,3.828776089913543679e-01,4.305261005425710108e-01,4.628441426315584861e-01,5.505999415529871932e-01,7.677551823776626039e-01,5.303212652509363689e-01,7.509843972800309686e-01,3.812454956481726720e-01,8.619529658526122740e-01,7.443420909098884541e-01,4.677528179417443921e-01,4.526454520262523928e-01,8.491620139042417303e-01,8.359354524892869120e-01,7.418563980656556200e-01,8.800908420004869281e-01,4.754984070987361977e-01,6.022327114830781092e-01,5.942714942184962323e-01,3.957580385167356329e-01,8.481462056879103262e-01,7.257655174835556666e-01,8.072553589195975432e-01,6.043474442927514456e-01,6.371099445800320060e-01,7.198975155838716056e-01,2.525853813380081747e-01,3.368546642164484961e-01,7.233593703722969170e-01,9.168247957077699795e-01,5.099115925153709927e-01,5.256570869300971616e-01,7.089779371234510297e-01,2.955761767035840482e-01,6.282359472196693551e-01,4.946501612520559643e-01,4.981947281287808504e-01,5.925343743213454806e-01,6.194525294452346564e-01,3.681045766025782262e-01,5.535050872512676801e-01,6.295601115956197535e-01,6.427037048529798957e-01,5.131058178341908471e-01,7.507866681060590963e-01,2.884336200098339131e-01,2.720242892557873660e-01,8.581598614767221855e-01,7.223720954495157498e-01,7.562563677568696630e-01,4.975643018547999397e-01,8.372640873644379145e-01
3.023194334856074139e-01,0.000000000000000000e+00,7.251669329012156995e-01,7.817084655995696352e-01,6.140494153194984150e-01,8.662735563534748051e-01,7.500263457798546085e-01,6.104953599817676269e-01,6.326816367308122357e-01,6.401281710040780393e-01,5.161955839112313260e-01,6.411747872410621385e-01,7.503996309917484453e-01,6.912815613433188622e-01,7.446094651898725880e-01,1.445520112245852751e-01,8.266983802073747389e-01,5.972564110136746596e-01,7.108715927867160778e-01,9.983305004410423233e-01,9.602078957517291569e-01,4.286978340304274382e-01,9.434272291992560344e-01,7.667783905041747339e-01,3.974549516988428732e-01,7.063800079405304633e-01,8.514174107520398049e-01,8.409533762425452919e-01,-2.475280546215574695e-02,7.788222450388363471e-01,3.947323680740348895e-01,6.746367821919003749e-01,5.915960861360510803e-01,8.516452092059775270e-01,6.538471396306189121e-01,5.407113947074317917e-01,5.927310701579703300e-01,6.790429090020537739e-01,8.437410668806835101e-01,9.552372448202099964e-01,5.634923152314537109e-01,9.666329303065671064e-02,8.937686422537559627e-01,6.459631311122525643e-01,9.549557519800211391e-01,4.185573957249569821e-01,7.322563789928357991e-01,5.023885034952897399e-01,3.911537881054835131e-01,7.036320877389298234e-01,3.592954492895054086e-01,5.465469969213072599e-01,7.301099607964115501e-01,7.867593314150069794e-01,5.773243040564882689e-01,9.722275530005666244e-01,4.439755916978251338e-01,4.552586905353531721e-01,6.087801962747510509e-02,4.800517089657092562e-01,3.081148628925698962e-01,3.955676678596577456e-01,5.213071959365648267e-01,8.096604483091217608e-01,8.942071560473013880e-01,9.026446604404627649e-01,6.578929889990318136e-01,9.237449866635991658e-01,1.077139164259352938e-01,7.217390637209777360e-01,9.812230433839448374e-01,6.110249371631857329e-01,2.676331048447890271e-01,3.511955639586352707e-01,2.405271588788237547e-01,5.345053897161650136e-01,7.529743069369325692e-01,5.995680941149981180e-01,2.146832490823966377e-01,-1.644914020122904830e-01,5.684533215799433270e-01,9.619556072245654121e-01,3.679283912843124282e-01,2.009376451864491042e-01,5.516131017490782940e-01
6.565761607327280647e-01,7.251669329012156995e-01,0.000000000000000000e+00,2.058119471757904606e-01,9.566182434303026616e-01,8.693597751060301304e-01,3.172405745674862776e-01,8.937214412810902120e-01,6.117572765771256416e-01,9.414977218102907885e-01,8.494438978954838015e-01,8.257193014160667532e-01,8.866596457975889356e-01,6.176736593760387972e-01,6.849813877121440076e-01,9.405667811663930289e-01,6.292655998237016712e-01,5.613951547139965914e-01,7.270663085394442060e-01,5.757538224409894934e-01,3.910031164723852815e-01,1.469386554258939881e-01,7.476135621975529277e-01,9.989773095436145223e-01,4.847477759665679287e-01,7.732143775495003979e-01,6.557159406871337914e-01,8.463246328307372224e-01,4.840377093305478495e-01,4.000061923254857321e-01,-1.320261022713011267e-01,9.591315817263668109e-01,7.107333375531073028e-01,5.862659693226289770e-01,7.806042566750674983e-01,7.563708559762699624e-01,3.448159783709923154e-01,6.407761797146181992e-01,6.910710210363155692e-01,4.748551140133109305e-01,5.742508410695938981e-01,7.146447145258561472e-03,5.964695421307493195e-01,9.747555013741593388e-01,4.849945368967041870e-01,4.079419508341747824e-01,2.378749759280266718e-01,8.286391522766899387e-01,9.055205107153687649e-01,8.889258062972005270e-01,8.256104913948669743e-01,9.821903569431851277e-01,6.441645522122783074e-01,6.449244578491690749e-01,9.280613433075409757e-01,2.776334284693645627e-01,9.911399954024566750e-01,9.435035561577047591e-01,9.226253685525207526e-01,7.680087308634464538e-02,5.632309164311347649e-01,4.313029732766666124e-01,8.895825465927912346e-01,9.694837874035793224e-01,9.231251808510618773e-01,9.971396054771047845e-01,7.716492295962447123e-01,6.584054625809456773e-01,6.217021218070110100e-01,5.239386646179722273e-01,4.049866365739510643e-01,9.766027117291021797e-01,-3.044333854868433442e-02,3.794532790683459167e-01,2.559837094875039298e-01,6.405024316216366698e-01,8.226371176251771056e-01,4.156151765496945982e-01,4.659578955826098046e-01,3.308637005673162879e-01,6.127571390671614493e-01,4.893416090600519741e-01,8.702259152455535940e-01,5.659034693546370898e-01,9.553150729759086746e-01
4.114109241746101153e-01,7.817084655995696352e-01,2.058119471757904606e-01,0.000000000000000000e+00,5.288227906365282616e-01,4.648111739192294367e-01,3.576304790519367893e-01,6.975591281972507440e-01,8.000061722595683822e-01,4.236010240771371227e-01,8.891767799094714153e-01,7.666446436273247622e-01,9.876303458982482741e-01,9.053196171506799894e-01,2.363813457086913483e-01,7.815240305361326190e-01,9.641890414319017610e-01,5.284355895012503579e-01,4.614231200809907341e-01,7.833341044674935194e-01,2.139660688839489788e-01,6.169052571819064745e-01,2.715719553543052278e-01,6.849265955920238458e-01,3.980918001816458052e-01,5.912870678274557701e-01,8.779282701076444040e-01,3.594781670054805756e-01,5.944355739121962579e-01,4.773983790483820600e-01,3.854833652359818674e-01,3.027287065960613255e-01,5.753358923883185039e-01,5.703883206028202979e-01,7.420022274496329562e-01,2.093700550527101689e-01,4.878929170919366065e-01,9.225162479571780150e-01,8.070040220528984509e-01,6.752971687790052524e-01,4.415519837099466938e-01,7.002581051089254993e-01,4.663542088353209714e-01,8.271818664002907884e-01,8.532163777974470786e-01,6.608961205374630499e-01,6.179945326300089192e-01,5.965682249652052294e-01,2.170910673766923149e-01,6.232013520791266359e-01,4.430401166601842244e-01,8.529311742325791368e-01,6.894206814661022475e-01,4.736297689110603448e-01,7.605104589644784419e-01,2.681872110930091369e-01,8.902414684774427878e-01,6.784563406487494897e-01,7.341774075199941629e-01,2.518828746179230249e-01,6.119334001072930240e-01,9.789383600792611606e-01,9.795957270277551032e-01,8.411710439118346150e-01,6.738408966416266077e-01,8.954948744065327482e-01,7.667782978965493879e-01,6.500871475139480271e-01,2.253467714169000158e-01,8.017132833481199761e-01,6.925801601009187181e-01,5.328434897590872410e-01,-5.360952721380249364e-02,3.959011525756649386e-01,3.995946484433171575e-01,8.727042584733968322e-02,9.358751110987393318e-01,7.079184940875483667e-01,7.346584407627166149e-03,6.138341665500989253e-01,2.876409759118094822e-01,9.849300041599727829e-01,5.155598437695116942e-01,2.846548255553196238e-01,6.366614472438154593e-01
9.431856665696821684e-01,6.140494153194984150e-01,9.566182434303026616e-01,5.288227906365282616e-01,0.000000000000000000e+00,9.701250279300683843e-01,6.573399987251766774e-01,9.594465312033101378e-01,4.235499300376064369e-01,2.409963879446583301e-01,7.979326010000455938e-01,4.428010596351615313e-01,7.998964765399896315e-01,4.665055968791925745e-01,7.694366070699844018e-01,1.293787139737487268e-01,7.594925567174731773e-01,9.994245233386302996e-01,5.965830414239186030e-01,2.968748840066781636e-02,6.649985854906033111e-01,3.173341513216645926e-01,9.453474104162618019e-01,9.545070909818460514e-01,6.458379609316471370e-01,7.596838678407319412e-01,9.274281561573056720e-01,6.129276084332382357e-01,4.349280001724938338e-01,1.554018042020930968e-01,3.000042145877492850e-01,5.251516034831574808e-01,8.823852897085859848e-01,9.692853214395904526e-01,7.502061029825132232e-01,6.392720107852217781e-01,2.621092415064527753e-02,6.165854672835272554e-01,7.633169614718277041e-01,4.754225497298913972e-01,7.140177674652663509e-01,2.789346785115409677e-01,8.703330032231488822e-01,2.021079843868510140e-01,9.809327020182319057e-01,3.875378795928411391e-01,2.857588096026555946e-01,4.896915188393404228e-01,4.979905518807758447e-01,7.312817661057361418e-01,3.189942649536688934e-01,8.153248727381335881e-01,5.823641302944996267e-01,4.957951808836370544e-01,5.422552130868888431e-01,6.698038775284576030e-01,5.871487693304330291e-01,9.265658770318162540e-01,5.917915069292545294e-01,5.647111418184509457e-01,4.889037444119011533e-01,1.727317381993197787e-01,4.584852892650319034e-01,6.234090952024236021e-01,9.313547939320632185e-01,3.142751784171463059e-01,5.740444199229222111e-01,7.682898814599776749e-01,4.398555568806095106e-01,6.930340499489446859e-01,6.343923403124585025e-01,5.600893356885157104e-01,2.102600010047248891e-01,5.898382766874434857e-01,5.992645350630403378e-01,6.822746521269055231e-01,8.387645063504235443e-01,4.631268995761175788e-01,4.304581475289303572e-01,5.625112261639388933e-01,6.958867396550141304e-01,8.576898024872126047e-01,7.217586812440628385e-01,5.533474986060439305e-01,9.477847407982666894e-01
5.986378838844309547e-01,8.662735563534748051e-01,8.693597751060301304e-01,4.648111739192294367e-01,9.701250279300683843e-01,0.000000000000000000e+00,5.264961240913421797e-02,-3.155271275924392826e-02,2.493099644963081563e-01,4.972975180485173508e-01,8.006913319502361182e-01,2.461639605473969206e-01,5.485722078661062762e-01,5.050844114317659672e-01,3.066548803231252673e-01,5.217534113234069126e-01,9.933136097869383896e-01,2.200587262917841624e-01,6.388358254452793927e-01,5.873143987206974614e-01,6.106449983297509432e-01,4.163395178634446414e-01,6.944937782493550982e-01,5.847419953296102424e-01,6.385269317088935193e-01,6.738650426160677220e-01,7.103235471579905091e-01,6.208277478642783009e-01,4.769367109503805380e-01,7.106869547456811098e-01,1.884639827759156394e-01,5.300391646615513208e-01,4.202736070434168747e-01,7.264489281699878509e-01,2.087860267119567015e-01,-7.636505461799547589e-02,6.291763637563555500e-01,6.736401673183728400e-01,5.121375658171922751e-01,6.414846964824787445e-01,6.932207743604328343e-01,4.370297614955941379e-01,7.411759112430696961e-01,7.355691417513745556e-01,7.866783376580055442e-01,9.552622485484379977e-01,5.685811001555707289e-01,7.045191822954852690e-01,4.247636809694669280e-01,8.013584530411296258e-01,6.183004174810633469e-01,9.849616089707895483e-01,7.425991541528476070e-01,3.464307662517565611e-01,4.801258725877536326e-01,6.840405883975815282e-01,6.837885872271499688e-01,3.927354356017749848e-01,6.814114520002357844e-01,3.997194032670138286e-01,6.611787949877268034e-01,3.639415518252883119e-01,4.306449136663379473e-01,6.966878416345406722e-01,9.049188827981643479e-01,8.282248100860272189e-01,5.164233717515547273e-01,6.194949707800475602e-01,8.653869680182174617e-02,7.143570962547619585e-01,6.138664820526391619e-01,6.263247677798112756e-01,3.577056694459878616e-01,2.675340291254272862e-01,4.480185638025867556e-01,5.820701009251944003e-01,2.924836265077485620e-01,6.606855058779612655e-01,3.599733221778799175e-01,3.442761131940495489e-01,2.169858772750246634e-01,8.951773138275784802e-01,6.061478048024655507e-01,6.495762511754380464e-01,4.739502366355184959e-01
4.407448759791204318e-01,7.500263457798546085e-01,3.172405745674862776e-01,3.576304790519367893e-01,6.573399987251766774e-01,5.264961240913421797e-02,0.000000000000000000e+00,3.406678524899238170e-01,5.262318273041021177e-01,2.881135144278618165e-01,2.917346729548895290e-01,2.343194629076444380e-01,7.512508823499564059e-01,7.922401573388225815e-01,5.177549953263824722e-01,4.996551168507813445e-01,9.882207332340653405e-01,6.421270711261837238e-01,7.461033182922511831e-01,6.922254152376755565e-01,8.712830678148471009e-01,7.960070350419610197e-01,5.722287912169522484e-01,8.308670921695719969e-01,7.949889992599338262e-01,7.374771240910962256e-01,1.157651350498282022e-01,5.602769018384088362e-01,3.660335698406207983e-01,3.102257827925092304e-01,2.790758234122996395e-01,6.775128521650333191e-01,7.887888109356019362e-01,3.900011226343620685e-02,6.960698035958852170e-01,5.707937073190991750e-01,-4.827780455071228882e-02,6.169949806371929357e-01,9.840734857203254915e-01,7.520365073584165394e-01,4.998298138687173875e-01,5.027915139089342844e-01,8.130075655651094468e-01,9.889589977019901390e-01,5.500825066714902789e-01,1.768018185052299407e-01,4.141606929729235165e-01,5.118253694712729951e-01,5.187850171269914323e-01,5.924060737915437524e-01,3.705783681808391128e-01,2.151230387526382182e-01,6.341492384560690754e-01,6.389583415202751970e-01,8.546444533467113525e-01,3.713437777612310642e-01,7.010969711361879630e-01,1.733323989236615903e-01,9.577194781681228619e-01,6.657691384095598686e-02,9.208141754152701641e-02,6.588359542330334273e-01,7.587604581509275192e-01,6.038414495320476583e-01,4.919773204464796823e-01,7.465587015093539947e-01,6.901697787207957679e-01,8.909992019512671391e-01,5.784943426529542965e-01,7.321189140172302823e-01,5.800881415433188915e-01,5.472429921044258405e-01,4.245312570152087739e-01,4.693195437372323919e-01,2.342981412174802713e-01,7.672257825465154113e-01,7.579346246607141513e-01,7.134972549889010418e-01,3.127720458954335037e-01,3.926015917657710297e-02,5.844746775357997359e-01,9.925170372876578329e-01,3.878724035266024606e-01,6.892971018059775856e-01,4.571271294898274773e-01
8.129611782985138868e-01,6.104953599817676269e-01,8.937214412810902120e-01,6.975591281972507440e-01,9.594465312033101378e-01,-3.155271275924392826e-02,3.406678524899238170e-01,0.000000000000000000e+00,5.259817602626071231e-01,8.739778060780337698e-01,4.313428703808575015e-01,5.193878194456935660e-01,6.881340361255050553e-01,7.622797356225318177e-01,7.526358144647629089e-01,9.870524332616200658e-01,6.035522578499757929e-01,2.510923677725017678e-01,3.446074770888791772e-01,7.888573489590950949e-01,8.350647166347466843e-01,7.301197033738582309e-01,3.149160442288670980e-01,7.178456382538204172e-01,6.719870943962162890e-01,2.384129274919235750e-02,4.819950991476363855e-01,7.723101628604853719e-01,2.554042835959530189e-01,2.472472476034437983e-01,-8.623467432849735159e-02,-1.290442133724856166e-02,8.861186293535978642e-01,3.155958515807347764e-01,6.033277277516970738e-01,9.445181023525890673e-02,-1.033202799482395018e-01,5.799790976963702382e-01,8.081880585965313113e-01,6.202071072994079781e-01,2.123058886487916019e-01,3.624543551174279621e-01,5.960022555284779644e-01,7.649316970038519958e-01,7.098579769312455268e-01,7.061896086476779910e-01,4.136130022893448333e-01,5.458432950910041548e-01,1.033117256944935253e-01,3.210579604288089084e-01,1.012722749079569828e-01,4.316429798355340131e-01,7.831635576523928721e-01,8.302851559579585983e-01,6.110007211994269438e-01,5.643731779306671026e-01,7.409401610365397017e-01,4.778507259418405817e-01,7.061125954812096372e-01,6.479417315081362760e-01,4.704917590538656436e-01,5.913556898030802866e-01,2.835628972767423317e-02,4.280431319434414572e-01,5.837423068178574370e-01,2.703499418608985572e-01,6.764981080620768861e-01,3.117827791008364047e-01,4.892585917339000723e-01,-6.710578434327477138e-02,-5.533493148026161212e-02,2.939752671820315411e-01,1.031036403024352399e-01,5.087357085457980821e-01,5.241038078117254972e-01,7.152087322495169763e-01,4.074520172076355196e-01,5.969492943787662043e-01,3.296848212872387912e-02,3.423083982052778085e-01,5.579976321526500804e-01,6.017565950185307377e-01,4.511582826937822754e-01,5.937562799855564677e-01,4.660415208145050059e-01
7.729537212909394217e-01,6.326816367308122357e-01,6.117572765771256416e-01,8.000061722595683822e-01,4.235499300376064369e-01,2.493099644963081563e-01,5.262318273041021177e-01,5.259817602626071231e-01,0.000000000000000000e+00,5.072489316164388584e-02,7.561428184183367485e-01,5.222700731955713938e-01,9.704716925541548855e-01,9.182356249330893005e-01,5.786560016225396064e-01,7.947050523285543733e-01,7.929620793174128046e-01,3.671031524733393003e-01,4.400316361386644726e-01,4.806986825421107890e-01,9.633101413266926816e-01,7.637507211091730808e-01,4.331543448250699813e-01,7.928473994531139990e-01,4.760869753861037279e-01,9.919843162138519688e-02,5.181563903462351739e-01,6.067443557048506353e-01,4.026689781098505838e-01,3.543956426781850189e-01,1.763487427455034673e-01,7.087777192934158199e-01,1.902330985848499356e-01,4.028425695081095936e-01,7.292555047852227190e-01,4.280667517792893229e-01,1.287588956615700331e-01,7.737250737127508993e-01,7.520463208458396664e-01,6.240269408424944375e-01,3.358545329391443568e-01,3.800335815366403525e-01,7.356689840214323262e-01,5.214674607049013533e-01,6.171639126486572202e-01,7.560126235791234661e-01,7.531802855865541435e-01,5.821066547622767429e-01,1.932862578093037242e-01,9.107539058751242811e-01,5.763959477243774110e-01,4.113955490490570077e-01,3.080155421749093958e-01,7.906206830172954891e-01,5.458777611745891933e-01,6.461507705397907531e-01,7.637370363111486427e-01,6.540578751033275795e-01,9.925148815159826610e-01,9.095459843633589836e-01,5.472489023780210404e-01,7.940886954019480415e-01,3.801707106127135694e-01,4.954803216160984514e-01,6.146401107193287805e-01,2.906408440770649748e-01,3.649766885381208192e-01,5.813831425300254319e-01,7.501983789860287022e-01,2.409994312655807866e-02,8.662732590177241176e-01,4.588421109989366253e-01,4.245245448280044465e-01,7.343141732522890930e-01,4.102072267348906287e-01,6.530968655850404314e-01,4.953593018157229078e-01,6.402813083930360971e-01,5.494733704268884855e-01,1.414444465666417905e-01,6.772861481070384659e-01,7.135678694194574900e-01,6.320616415348224715e-01,4.712431663497529399e-01,7.795594770660716488e-01
5.782735990786951330e-01,6.401281710040780393e-01,9.414977218102907885e-01,4.236010240771371227e-01,2.409963879446583301e-01,4.972975180485173508e-01,2.881135144278618165e-01,8.739778060780337698e-01,5.072489316164388584e-02,0.000000000000000000e+00,6.404544889538239527e-01,4.899329023804900873e-01,9.742344319216111881e-01,6.848916314982556042e-01,6.358110178105987886e-01,7.032920730966369938e-01,8.574334206704481431e-01,7.831538749304465252e-01,6.944647283454060682e-01,5.528929546030207920e-01,3.415728916828213446e-01,3.699537270872244044e-01,8.009741799404391793e-01,5.814271414184607467e-01,6.399793507312826479e-01,5.902059352012340998e-01,9.326461118590873012e-01,6.240828875354741401e-01,4.707586365676035278e-01,6.407986906598800436e-01,7.279852312592831609e-01,3.126721284683998681e-01,6.927235027668036116e-01,5.032321983271187404e-01,4.999705129940369419e-01,5.437269018356907235e-01,9.096585761144848625e-02,1.846438405777620917e-01,4.033030739567370349e-01,9.915460227733641219e-01,2.563848744296088333e-01,7.611663242051098788e-01,9.832555543973773293e-01,9.390174179955407263e-01,7.609266348451307893e-01,8.216757910614431726e-01,6.645978221952644205e-01,6.054257374056659646e-01,8.345747462156916097e-01,5.309163402474221805e-01,4.085753924140192450e-01,3.136252796704129819e-01,7.149306340893830658e-01,5.039826979445429789e-01,8.070335453731591890e-01,8.228843864127164398e-01,5.151412777856636538e-01,6.707897422267113108e-02,6.141991156529248430e-01,2.904849081487137605e-04,3.115478424319634843e-01,4.586260069592330568e-01,4.132022865648404264e-01,6.755701417085692162e-01,6.017648910966972853e-01,4.035394666853274748e-01,8.380537405160004560e-01,8.172208340514528491e-01,4.776659144644040261e-02,6.130635557947097247e-01,6.853741000315745069e-01,4.010168834651272607e-01,2.440997892380687706e-01,5.193920018529493143e-01,3.691741444967708841e-01,6.918385062010139475e-01,6.327908029389627265e-01,5.277197126988313336e-01,5.975834472971348621e-01,5.887995165643866713e-01,7.016767579111492514e-01,3.124148618119861887e-01,6.224187972322485773e-01,4.933586614320514818e-01,6.577574434073467646e-01
5.628661422960620220e-01,5.161955839112313260e-01,8.494438978954838015e-01,8.891767799094714153e-01,7.979326010000455938e-01,8.006913319502361182e-01,2.917346729548895290e-01,4.313428703808575015e-01,7.561428184183367485e-01,6.404544889538239527e-01,0.000000000000000000e+00,8.064765851790201001e-01,7.883385346384924608e-01,3.229737209953846833e-01,4.712542368370410961e-01,8.102437476376880277e-01,4.770721890955907929e-01,2.161110313847950937e-01,7.323788179063394077e-01,3.763862293959366334e-01,6.276900900777416803e-01,5.240360693592749364e-01,8.382883941888583657e-01,6.409287866295170222e-01,6.235658079986896585e-01,8.218003176002383059e-01,7.924025986484024564e-01,7.021422299713565573e-01,6.640740377782922144e-01,6.413239614305439318e-01,2.300873683867221409e-01,6.786407154386953078e-01,6.125681421319877362e-01,2.845888953026069479e-01,4.478109803312566028e-01,4.164690936556786904e-01,1.949450347202019429e-01,6.723703497969809595e-01,8.506301009171525207e-01,8.986180561807880496e-01,4.492655466691531374e-01,9.701909459732842578e-01,6.247478800448712510e-01,5.873672197502507464e-01,9.206118416875358479e-01,7.660319681553612314e-01,9.372550443481619808e-01,4.975116406496997157e-01,2.260624839868362046e-01,4.819936994796913954e-01,5.598749995087867193e-01,6.885509389268601455e-01,5.814684264868033026e-01,4.605465608911561426e-01,7.047425970527712025e-01,8.509985482998956297e-01,9.988106188129397545e-01,6.362910696137257238e-01,7.419204869154966131e-01,3.183480774581434192e-01,1.580017375986469130e-01,6.222914650182398422e-01,9.409049871579209245e-01,7.765840871305232929e-01,8.584672483065012294e-01,4.262909969283443928e-02,5.710125625874012956e-01,2.574041437944362132e-01,4.136340565800546432e-01,7.342142054459355194e-01,9.112864765984184379e-01,7.232619172740540892e-01,5.890626456690339907e-01,5.842903458766812719e-01,4.437581758806435350e-01,8.748186473022425691e-01,7.850264034272577129e-01,4.404913592188904881e-01,7.274071463152220751e-01,1.603950785863446082e-01,7.712712332815965244e-01,8.571115360003480621e-01,4.373241529983949993e-01,6.320946397571751696e-01,4.576389270015494559e-01
9.774035129970689573e-01,6.411747872410621385e-01,8.257193014160667532e-01,7.666446436273247622e-01,4.428010596351615313e-01,2.461639605473969206e-01,2.343194629076444380e-01,5.193878194456935660e-01,5.222700731955713938e-01,4.899329023804900873e-01,8.064765851790201001e-01,0.000000000000000000e+00,4.490429913318870203e-01,7.734934289216729431e-01,6.838920104066422700e-01,6.944277643109554310e-01,4.054033301220872354e-01,3.079620405828397134e-01,7.184325927565270442e-01,7.540703423770405145e-01,9.704127966280318152e-01,4.004890582227025320e-01,4.848716370708059387e-01,7.906553836735662477e-01,5.430051140932776743e-01,7.869511712756129818e-01,6.954088092342597394e-01,5.368825283761544664e-01,5.161489897790256798e-01,6.331366172507667534e-01,2.013189802553716490e-01,7.373260645962342874e-01,7.003223831819437306e-01,4.945650964566437047e-01,2.654638000020379529e-01,3.705382805676434854e-01,5.903665915083859961e-01,1.419371142822124787e-01,8.634126097032257530e-01,6.669998741469562731e-01,2.420187510281305299e-01,3.689413505647031188e-01,9.670323251344696835e-01,8.157253583208377012e-01,6.368331101497903823e-01,8.118753230365585161e-01,2.088613923682159368e-01,8.622206608185654098e-01,8.172318718148862127e-01,9.229539361998477798e-01,5.843833160567535323e-01,3.255021363419640101e-01,2.145953455929126008e-01,1.533233716748199915e-01,9.215905492477955985e-01,7.338337806938765029e-01,5.274408836184982796e-01,6.217042662184847357e-01,9.382816911511364655e-01,5.523947242673608038e-01,5.295784602131232699e-01,3.158719315953435469e-01,4.640099555757155048e-01,6.154605566216002632e-01,9.326915378392139910e-01,5.131777136001790529e-01,9.136192166091789968e-01,5.338736590673650584e-01,3.478038362387294580e-01,9.809958225230186457e-01,6.561492052251086671e-01,7.615363172990745610e-01,2.018986338436940531e-01,3.270776146436733534e-01,3.035313007545784592e-01,7.465913027110359090e-01,8.499025225054228638e-01,4.154447137096253240e-01,5.160742750098357146e-01,5.801908904717780757e-01,4.660117978583004916e-01,5.211877030478342387e-01,8.031102790381623446e-01,5.885105069841735093e-01,8.875254642046292997e-01
8.345486851345146340e-01,7.503996309917484453e-01,8.866596457975889356e-01,9.876303458982482741e-01,7.998964765399896315e-01,5.485722078661062762e-01,7.512508823499564059e-01,6.881340361255050553e-01,9.704716925541548855e-01,9.742344319216111881e-01,7.883385346384924608e-01,4.490429913318870203e-01,0.000000000000000000e+00,5.909777496784196504e-01,9.065998100340380006e-01,6.662098621237823037e-01,8.395173945239977620e-01,4.695155506849518212e-01,6.908435424580264828e-01,4.353395306803490294e-01,4.038001735528983782e-01,5.186583615374388279e-01,4.987794178416700142e-01,8.399645469807993647e-01,5.516369124678409674e-01,9.067211027253927469e-01,4.946597874511108328e-01,4.281581907142468224e-01,7.223269394563680557e-01,2.613067146211441871e-01,4.755294247349172165e-01,2.519165655177762475e-01,6.304813561161505264e-01,4.364686611410314998e-01,6.077196603245680340e-01,5.408469076685841204e-01,9.122841512207413572e-02,4.843920599414392458e-01,7.804245518056193154e-01,2.354747566908473311e-01,3.575890060547246008e-01,9.400629061760521488e-01,6.250474467307270965e-01,8.004095170509457624e-01,4.270533404940308753e-01,6.248151127689045570e-01,6.232139612677475293e-01,9.181470270941429757e-01,6.734644877100960381e-01,6.586367794703209544e-01,9.539116871407129494e-01,7.536475102553480410e-01,8.655632343522442484e-01,5.095798798437747301e-01,8.922225962345770034e-01,6.912178355900530091e-01,8.095152817619777341e-01,4.521345842551759420e-01,2.359951342767174776e-01,7.393848752357443654e-01,4.558955393119683563e-01,7.065628576670512917e-01,2.814279360783324968e-01,7.828066096031358612e-01,6.192391290770631329e-01,8.556152765319962050e-01,8.769578768200698704e-01,3.084092849549425752e-01,6.833943219909999200e-01,6.735326147994679102e-01,5.864299684327967110e-01,6.075375450568033520e-01,3.683268728374707868e-01,5.001007420940060122e-01,2.050402693220829964e-01,3.133547893325971390e-01,6.472514359620745727e-01,9.665818276775829387e-01,5.654831441014729343e-01,5.922019634862114579e-01,9.343305688365927120e-01,8.659271396024801337e-01,1.810743152312942750e-01,4.719253378957948830e-01,6.616602013537203897e-01
9.324165395649839372e-01,6.912815613433188622e-01,6.176736593760387972e-01,9.053196171506799894e-01,4.665055968791925745e-01,5.050844114317659672e-01,7.922401573388225815e-01,7.622797356225318177e-01,9.182356249330893005e-01,6.848916314982556042e-01,3.229737209953846833e-01,7.734934289216729431e-01,5.909777496784196504e-01,0.000000000000000000e+00,4.636386519385936045e-01,6.335117252619862915e-01,2.467683692184503841e-01,6.773474245274133665e-01,7.434868682172203203e-01,6.690429824622294852e-01,8.840264309648335761e-01,1.782520753017390325e-01,7.062967148911463156e-01,9.011634124160793347e-01,8.832330810548685851e-02,3.465508784925078745e-01,7.036152732093283735e-01,5.034004648008377769e-01,6.098222408141124040e-01,2.843234708090738860e-01,1.614740794332530649e-01,6.526762619097977725e-01,7.908640699411398911e-01,9.233875965656211937e-01,7.040379471762341079e-02,2.520968519319701229e-01,2.941357021831944585e-01,8.975578558573674703e-01,8.549105658879538883e-01,3.730701007008312420e-01,5.744630718251797497e-02,5.137547145730522180e-01,8.094232869970739985e-01,4.341648841219193367e-01,4.795412846491303727e-01,5.363099040831822428e-01,9.871977580275541619e-01,8.526719822018739015e-01,7.717558702182980568e-01,8.306052901560365687e-01,9.626066075611630080e-01,6.485050129281059172e-01,7.514278827258307203e-01,3.813413022869688307e-01,3.780932933705498655e-01,9.422042010508034915e-01,7.845123718429176662e-01,7.829924007742556924e-01,6.241325687689904811e-01,3.660761212081519167e-01,7.329353723056559744e-01,5.037741814404324003e-01,4.293189806430814937e-01,9.893265562873601038e-01,9.540876516734519974e-01,6.381323903612887705e-01,4.666400107130858066e-01,4.149876438833502434e-01,4.718821046720442919e-02,4.981968166720995295e-01,8.644176636964259197e-01,6.643947834273520314e-01,2.624867536781950728e-01,2.446047261137895279e-01,1.789237389255209365e-01,4.506770580746854993e-01,7.595237620069601459e-01,9.479522484693616580e-01,6.492944410770807862e-01,3.064529992647979650e-02,9.990869761876810529e-01,5.663728599766761906e-01,9.510521818789346993e-01,5.754318478938613701e-01,9.407867996998142690e-01
9.270039212244670646e-01,7.446094651898725880e-01,6.849813877121440076e-01,2.363813457086913483e-01,7.694366070699844018e-01,3.066548803231252673e-01,5.177549953263824722e-01,7.526358144647629089e-01,5.786560016225396064e-01,6.358110178105987886e-01,4.712542368370410961e-01,6.838920104066422700e-01,9.065998100340380006e-01,4.636386519385936045e-01,0.000000000000000000e+00,2.454480233020386037e-01,9.141195893422724428e-01,4.392399431068714222e-01,5.029106938909957414e-01,7.714146734779655512e-01,7.734564744506827738e-01,7.567311171518262825e-01,7.493530510604198280e-01,9.589964890696754951e-01,8.918084540885070632e-01,5.617836147962518289e-01,9.846180612220210016e-01,7.235381367583767487e-01,4.297924647051286073e-01,3.393592333625594648e-01,2.656783954333642450e-01,5.443903772929574725e-01,6.762019790168478650e-01,8.929608163413716992e-01,7.685671304314046770e-01,4.436989931809086074e-01,6.518868803753833374e-01,5.629520064190178807e-01,6.327682450868467035e-01,6.748083412446692630e-01,2.959053375844057920e-01,6.440019075184529873e-01,1.059486229810125829e-01,6.438798849481081055e-01,4.943004602824684901e-01,7.670313524626266588e-01,2.851715151801447190e-01,5.230087122711323255e-01,6.152385112260482236e-01,2.468540590892623898e-01,7.071642953736766435e-01,1.100111279633651934e-01,4.481892364718393917e-01,8.619947481143077628e-01,9.715383796859416998e-01,7.132876534623254772e-01,5.981152737568889988e-01,8.665798615505536651e-01,6.391677135678905941e-01,2.741589599072335459e-01,3.507269648645556237e-01,6.633549246806853539e-01,2.613714465623200311e-01,9.387479996361695056e-01,8.408856390092778188e-01,4.937375815615195895e-01,5.816180265152777196e-01,8.604227587874340166e-01,2.124107560619681312e-02,7.971243773774718822e-01,9.207932169547397017e-01,7.676938237399373310e-01,2.487887776225969350e-01,5.806252353464100846e-01,4.088865491363504745e-01,6.265872697139883707e-01,7.240531272895591730e-01,7.614033556214541143e-01,1.303657620505983827e-01,7.602641758307477904e-01,4.468805186815401620e-01,4.408652561285065774e-01,7.827812695266924692e-01,7.693341878555419733e-01,5.641423104509657449e-01
5.682444098856765935e-01,1.445520112245852751e-01,9.405667811663930289e-01,7.815240305361326190e-01,1.293787139737487268e-01,5.217534113234069126e-01,4.996551168507813445e-01,9.870524332616200658e-01,7.947050523285543733e-01,7.032920730966369938e-01,8.102437476376880277e-01,6.944277643109554310e-01,6.662098621237823037e-01,6.335117252619862915e-01,2.454480233020386037e-01,0.000000000000000000e+00,3.098417235629759015e-01,7.203497918994195004e-01,6.521766965386176229e-02,9.202495201213574116e-01,7.048456532645042127e-01,6.970921802046449178e-01,9.177071644133278916e-01,4.506561288844198043e-01,2.428079009967684110e-01,7.249303728901900223e-01,8.791015114834133115e-01,6.691992361833238867e-01,7.129797571458815764e-01,6.252458125596888072e-01,5.512956011546110702e-01,4.353122930365589949e-01,5.220013275706649747e-01,2.664377534281355819e-01,2.661697899492164732e-01,2.801094702292120098e-01,8.455642821667833098e-02,5.088999215647776325e-02,9.364016851122822782e-01,3.193987271071730416e-01,5.469147996870259432e-01,4.836206405643925788e-01,9.499631836692620235e-01,5.831567680231850709e-02,2.208521066431386459e-01,6.841943825017029468e-01,4.757803782000396553e-01,5.199477806778987077e-01,6.474455037595232554e-01,4.904437306117477857e-01,2.967459750811474728e-01,6.094349540198890081e-01,2.268084449208749298e-01,5.212764056973833160e-01,7.107702772165039873e-01,6.430258487796630673e-01,8.441805811221957390e-01,4.592112154996735862e-01,8.969780432256514446e-01,1.690089850537011135e-02,7.785732014893894659e-01,6.126420138347286048e-01,4.910680094222421022e-01,9.056062856854989462e-01,5.087181815373801319e-01,5.357288221344205237e-01,5.725455236009009408e-01,7.391002838641860251e-01,5.213214679873672264e-01,9.406083949474495220e-01,7.377713464936900278e-01,9.445271914510320332e-01,3.661110449651828747e-01,5.796150451939283688e-01,-1.584297998224402371e-01,8.321201070432663327e-01,6.949403951574020244e-01,3.321857849344759250e-01,2.369677044787312781e-01,3.377195870540076195e-01,9.157687024385469110e-02,6.243145856118851311e-01,4.063351699767434599e-01,5.026659209275797791e-01,6.054486283783889755e-01
8.815319184349951209e-01,8.266983802073747389e-01,6.292655998237016712e-01,9.641890414319017610e-01,7.594925567174731773e-01,9.933136097869383896e-01,9.882207332340653405e-01,6.035522578499757929e-01,7.929620793174128046e-01,8.574334206704481431e-01,4.770721890955907929e-01,4.054033301220872354e-01,8.395173945239977620e-01,2.467683692184503841e-01,9.141195893422724428e-01,3.098417235629759015e-01,0.000000000000000000e+00,2.106253382347659797e-01,2.014340984868672260e-02,4.887112361008678629e-01,7.901079342501954317e-01,8.008993098784350506e-01,6.803103717985663490e-01,7.065768532874666663e-01,5.799754380233410611e-01,7.661634621175924531e-01,9.360314513544397697e-01,6.493912711835443385e-01,5.422970464656230449e-01,5.095611906632118160e-01,5.613782815754414512e-01,7.473363885752148938e-01,9.177387554279696769e-01,7.356433581082973960e-01,7.438695836022076735e-01,2.936202760663406131e-01,2.967025562281664364e-01,6.434747326156440295e-01,6.897044784808227247e-01,6.984151659266508716e-01,3.594592951538789771e-01,6.560475168399254597e-01,6.418633114986364019e-01,6.328868342274250880e-01,5.620881036075633386e-01,8.919809049231560705e-01,7.488870415494784938e-01,7.962090345278451942e-01,9.564779502148836876e-01,6.335821650989419407e-01,9.530800722365649902e-01,5.865191358718413461e-01,5.126329106530427282e-01,6.814099283281941366e-01,6.003022344367958674e-01,5.715995857979170452e-02,4.111905224052512381e-02,7.492307583596320431e-01,6.925150578198343565e-01,5.139885324591330074e-01,5.837858394573178789e-01,7.999636465999848678e-01,8.631370832327703857e-01,8.500718571197311002e-01,9.982039150351322832e-01,4.226715450339761926e-01,8.695650699696204633e-01,7.887871620488307034e-01,5.352534589432320633e-01,9.019667739920899097e-01,9.527286373057792801e-01,4.821083889754572138e-01,5.045023506881549658e-01,-6.635916846264450220e-02,2.053245961123333907e-01,4.001091596345726087e-01,6.599336416491651258e-01,7.309694683057279541e-01,5.610565847759614311e-01,-1.220777666584162008e-01,8.691752433599437833e-01,6.262361613498607094e-01,8.536443504490929257e-01,4.552686314946397528e-01,7.207034260568759843e-01
4.091502313597372709e-01,5.972564110136746596e-01,5.613951547139965914e-01,5.284355895012503579e-01,9.994245233386302996e-01,2.200587262917841624e-01,6.421270711261837238e-01,2.510923677725017678e-01,3.671031524733393003e-01,7.831538749304465252e-01,2.161110313847950937e-01,3.079620405828397134e-01,4.695155506849518212e-01,6.773474245274133665e-01,4.392399431068714222e-01,7.203497918994195004e-01,2.106253382347659797e-01,0.000000000000000000e+00,4.132444486996404431e-01,8.010148183008850564e-01,4.691220300848871760e-01,6.202941835666148096e-01,4.393939538771250986e-01,4.208206675952451126e-01,4.772756764937144958e-01,6.547794543847815785e-01,7.622635796301662214e-01,7.594758415139298835e-01,7.167243322714492715e-01,4.861964127101726096e-01,5.115813467988812313e-01,2.750167154795901681e-01,4.033319082596624749e-01,4.609582538603891610e-02,4.769872399244163286e-01,1.292376568436508569e-02,4.871807906370687613e-01,6.568498533533082551e-01,4.886808031078616610e-01,6.675113032883973618e-01,1.264518187754436196e-01,4.127910568917242395e-01,7.327045648112370246e-01,7.594700838322742120e-01,9.205405850748243912e-01,7.675682515237369774e-01,7.988341724520107157e-01,4.777281526700635772e-01,8.578723504470382455e-01,4.507139507732499939e-01,6.222928002495409228e-01,9.531087221086034234e-01,6.969019975155630320e-01,5.091118243668654175e-01,4.751381157432563729e-01,7.518908660312256798e-01,6.369036520792097367e-01,6.983229346933558235e-01,5.574488594722687429e-01,2.187230967718620939e-02,3.118553930127136997e-01,6.690793604469434941e-01,9.006655694914434962e-01,9.626445329497134162e-01,8.240615865772870086e-01,5.300203820330581239e-01,7.066493537262228397e-01,5.022651603430542400e-01,6.353914320306000008e-01,7.288230084470714853e-01,4.943073280485879017e-01,4.937539445958106787e-01,2.380166231503656193e-01,2.243975206585535065e-01,3.445288976848604467e-01,6.012975232278422455e-01,4.498382623157454185e-01,5.155551397985176365e-01,4.888259923148141617e-02,6.049794843193981864e-01,5.131004098521763090e-01,4.460631693555337507e-01,4.493391721194576749e-01,7.924996558875998520e-01,5.343408735675068133e-01
