0.000000000000000000e+00,6.491340061878053680e-01,5.484582270992112152e-01,9.346203541576285634e-01,4.727359532315015822e-01,3.629460164733699923e-01,8.383647054345096938e-01,8.971740389680633587e-01,9.012525691695871810e-01,6.188003127653003421e-01,9.530355338356943928e-01,8.308774666063263314e-01,8.617850760157337309e-01,8.741421798591196834e-01,7.141583501030392966e-01,5.796317872556052686e-01,8.707069109293317233e-01,9.906746311640424185e-01,6.845261276100874648e-01,4.415302018965374109e-01,7.676256906885055020e-01,6.668826577540770684e-01,9.831917515906578586e-01,9.343048471142914035e-01,3.205477586502958887e-01,6.385501346998446737e-01,6.346526460525573343e-01,2.563831436872936465e-01,2.485399019744212457e-01,4.137438149570785706e-01,6.889701422059446578e-01,5.314900496897536630e-01,8.888137132684146291e-01,7.594191760229664911e-01,4.557317862074308223e-01,4.485597558629128567e-01,-5.573495629719363298e-02,4.208911761098771964e-01,5.644229362024257846e-01,4.431052375419786138e-01,2.440802869545451725e-01,8.760069262228256104e-01,8.120377910382997610e-01,6.067719500167098046e-01,7.623389199738687116e-01,9.112025374409252754e-01,4.344777771115333476e-01,7.267453179316787359e-01,6.017710115443813956e-01,8.474223698854886910e-01,9.246326772953221695e-01,5.698025632718626277e-01,8.891959560102427051e-01,6.834062102413758222e-01,9.107878652949976672e-01,4.807947771094388534e-01,9.656741842121531194e-01,6.082942978979247739e-01,8.609889077930578116e-01,2.565474160817351468e-01,6.661677997027215525e-03,7.299394419376394882e-01,6.355603365640625224e-01,9.929238594225253678e-01,8.407660839680707321e-01,9.933853804604382276e-01,4.116280283820815677e-01,7.858188199876897650e-01,9.125583916911701454e-01,4.218399864131532340e-01,4.960488005725580130e-01,5.916645238394672157e-01,4.673409506341918984e-01,4.128245510018210274e-01,9.850757840629335016e-01,7.991487586425758405e-01,7.983188207994370567e-01,4.493672571295347362e-01,4.728115961723486915e-01,5.545802544692450819e-01,6.770053663025363822e-01,7.657696148430472860e-01,7.916868476275916722e-01,1.181266980933496913e-01,9.458210913269311515e-01
6.491340061878053680e-01,0.000000000000000000e+00,6.169283646921482900e-01,9.050441650681090300e-01,9.798385065610131228e-01,7.564438106872122258e-01,4.263033052293893621e-01,2.308351392049584894e-01,4.600038573609570580e-01,5.213793626586424867e-01,5.676478305141974268e-01,6.989931070112815892e-01,3.073974628396184405e-01,6.792511910056728830e-01,6.883424250744764050e-01,6.243455157346960993e-01,6.972839188919234266e-01,2.037587486913371992e-01,5.692389198767147107e-01,4.872362692853942495e-02,6.771987701168702412e-01,5.745990251096336765e-01,5.214115396178942152e-02,5.427887735009933046e-01,4.062524154011435962e-01,1.862587168167136875e-01,8.278777517346979087e-01,9.591894837433412313e-01,4.654725888381078258e-01,6.953710603762603970e-01,3.376610992075982365e-01,6.973513034253503440e-01,5.814628055534738493e-01,9.178387608597982084e-01,9.284117037509846959e-01,-4.345080868790085482e-02,-1.338741702676409795e-01,3.724102712552582184e-01,9.993009865263012825e-01,7.691258895127602857e-01,2.241991398009738345e-01,4.638478292887374677e-01,2.227695007538117999e-01,7.405807640241129919e-01,6.905141860554678823e-01,5.700727442977245873e-01,3.093890352977917702e-01,6.052107931171024635e-01,7.999579587627128063e-01,5.458709014356395439e-01,4.175216419516151189e-01,4.151086173792199463e-01,7.520997766933068540e-01,1.276703767155498159e-01,6.366646728884557405e-01,8.803671841401843334e-01,6.225760675933824650e-01,4.599477341655546225e-01,8.345041240266821703e-01,4.984331049412505932e-01,4.643136454382338352e-01,7.061392160703686693e-01,2.909336577455401973e-01,9.259394248066764588e-01,7.056211359895625534e-01,6.014464716115724974e-01,7.318074496727635658e-01,4.481901123915010277e-01,4.645731714090831632e-01,6.719869699710768751e-01,6.363414420312785147e-01,7.076377392482898765e-01,3.455790447177768954e-01,4.006044770276733780e-01,-2.025775352140313235e-02,6.084237539842095588e-01,8.825542728306131623e-01,3.424255664357966356e-01,5.876634743899380453e-01,6.019178397552256143e-01,7.883818134237698949e-01,9.052496065997176489e-01,7.663936947065372873e-01,3.981926443598725052e-01,3.996811149150576448e-01
5.484582270992112152e-01,6.169283646921482900e-01,0.000000000000000000e+00,5.267459377674017507e-01,2.638136564504007242e-01,6.066288705834255168e-01,6.603233052014850779e-01,9.269131621769909346e-01,6.239261588487731158e-01,8.524444014287325677e-01,5.399487990654910918e-01,6.628914308404458833e-01,8.710031667456515914e-01,3.513351442933724256e-01,8.474771445373499024e-01,5.055580194821309714e-01,5.770087100346191766e-01,9.947957059905038202e-01,3.732180340002011487e-01,4.364531352790547158e-01,4.346641083613897449e-01,6.544856916335445307e-01,9.079513569218550240e-01,9.381931369517417796e-01,7.155688552502981192e-01,7.306432288991404622e-01,2.187104815529398727e-01,4.184430863465962158e-01,7.816310153901321334e-01,5.247354420309735534e-01,1.995961361511427445e-01,8.841620785872725818e-01,8.281923040498292421e-01,6.342912337353600050e-01,9.397344896934094471e-01,3.394391566723572451e-01,2.620467151300175934e-01,4.243479249008448306e-01,7.028523844351787231e-01,8.777429518066192093e-01,6.582585120241656318e-01,8.297416416311328424e-01,8.896149955185653768e-01,4.022737910902518532e-01,5.222652930660478532e-01,8.623467105005748756e-01,9.587948667269037273e-01,8.509638733445178405e-01,6.927069614426072386e-01,6.748929442282929347e-01,4.736311486917554325e-01,9.247720183407003303e-01,7.415058021023436252e-01,9.537657542260811194e-01,9.056338084472941308e-01,7.371695186139000100e-01,3.502414427810752739e-01,7.771913895660967908e-01,7.874374972306930065e-01,4.199962607225712907e-01,5.987916127862451532e-01,5.715677764064643895e-01,4.010379448621750886e-01,4.311476890280171448e-01,8.367120693430930567e-01,7.814245045312179228e-01,7.709034231789735347e-01,5.317046455815712669e-01,9.582309407011396774e-01,8.254786761868133649e-01,4.791310279003312411e-01,7.158297340581524226e-01,1.725504260915988741e-01,1.472568891967902527e-01,5.944719913445701831e-01,8.167663605393277182e-01,3.102805022174897620e-01,7.517512928105745118e-01,2.283184211341361403e-01,7.370278810057120378e-01,5.840975727724808664e-01,5.016777576043555120e-01,2.211222007685591517e-01,9.299273919210123696e-01,9.833863510828702026e-01
9.346203541576285634e-01,9.050441650681090300e-01,5.267459377674017507e-01,0.000000000000000000e+00,8.531937035050025653e-01,9.688764513057412930e-01,5.610858356808187120e-01,2.290257897931441133e-01,5.174796342605563620e-02,9.907751226205121498e-01,8.587407071958389482e-01,9.073769293774098799e-01,7.409840417336910345e-01,7.389087289319260510e-01,7.267328175244844868e-01,3.955623802305776593e-01,6.941409479858026144e-01,4.408306434896892556e-01,6.309911618593728733e-01,5.204123564231403209e-01,7.301413407609020911e-01,7.518799209588192811e-01,9.804591594493829998e-01,5.338930823552442417e-01,5.458464489665806330e-01,8.885605188093060880e-01,7.806015357362322549e-01,6.931148683544253730e-01,3.598711557764797675e-01,1.884279674409832239e-01,7.197083511365873765e-01,2.189795227353614759e-01,3.756556687346559453e-01,6.773342323158746403e-01,7.042764224026085706e-01,4.039775813489503431e-01,3.937778091733388219e-01,4.616260690667222111e-01,8.787848975839633869e-01,4.272082660046274682e-01,2.223779035270301296e-02,4.650636037545799462e-01,4.434812180315928498e-01,5.317570215424880509e-01,6.187408331772988879e-01,-1.875642720465034441e-01,6.588419382851183892e-01,9.568964729425247784e-01,5.765493866041349058e-01,9.703228567428716644e-01,5.999167434994736592e-01,5.780658222352649256e-01,7.024468686945340989e-01,4.837959191503124479e-01,9.019155045348064004e-01,7.824155981284848238e-01,4.361777832290073542e-01,8.379407990492977465e-01,8.481913374029610431e-01,-8.725424295472387903e-02,3.346524150577935286e-01,9.530828077962728573e-01,5.630805368172332459e-01,7.420878713157966766e-01,4.874294177755430502e-01,9.905129817458627750e-01,4.791359017959222477e-01,9.133237606046890056e-01,5.744730538535154363e-01,9.867060514885892530e-01,6.549540111733783698e-01,7.086546070936242669e-01,4.259926135844753770e-01,-1.056994035317442293e-01,2.311604873045795538e-01,6.517962110531517750e-01,6.780658447704153158e-01,3.623493617274140544e-01,1.690961218134096611e-01,3.582720456966542733e-01,7.287504827024545717e-01,9.154041587143985081e-01,7.839099405243543650e-01,2.018866646654336461e-01,1.632556416737820926e-01
4.727359532315015822e-01,9.798385065610131228e-01,2.638136564504007242e-01,8.531937035050025653e-01,0.000000000000000000e+00,6.929394237485371200e-01,4.070850528106160354e-02,6.454505725753771905e-01,6.402017479611621376e-01,7.826696017282841478e-01,6.534678452755618983e-01,7.151716977390680796e-01,4.991407307966322371e-01,6.792352773539223065e-01,7.028218142670604740e-01,6.672899704200273563e-01,4.662741253756418902e-01,3.393010734607768697e-01,6.989407260040558789e-01,5.609909866794688948e-01,9.295720634526095649e-01,9.507259771201571619e-01,4.379320872044660806e-01,6.685170291699265022e-01,4.494869606004942009e-01,8.091949306841811351e-01,7.454154039964521195e-01,5.131677062050669091e-01,3.642036388798777224e-01,-1.973987859885703577e-01,3.750468073269492275e-01,6.100524878277769902e-01,8.619759799649679977e-01,1.191470539018426450e-01,7.658296521750045383e-01,-1.458886355916190203e-01,1.499681591115142876e-01,3.002820911390499115e-01,7.877029668225954406e-01,6.692753112009911520e-01,3.210171846834430354e-01,7.559123200737954962e-01,5.981715394629780747e-01,7.706103304722862202e-01,5.308639971709123717e-01,8.214602731292984794e-01,6.531189473183969252e-01,8.242805041905805208e-01,5.682458690469324170e-01,7.562486254662629248e-01,2.524633398402131856e-01,4.288360675922819887e-01,7.029396482056649020e-01,7.514087401445257441e-01,5.629475369991634448e-01,5.162378475270097411e-01,7.749734336829031678e-01,6.129227384543758372e-01,7.916447071365810828e-01,4.471464452526794919e-01,5.484753416512125890e-01,5.621933107713223965e-01,9.260817034908996881e-01,7.853541176243106214e-01,8.257578230925274321e-01,3.981573022819518970e-01,4.858921018168387285e-01,6.930047930071854267e-01,5.573899808998110661e-01,9.329319192148044504e-01,8.902203430042088250e-01,5.628168951331131709e-01,2.743092999345542182e-02,7.065041899142920911e-02,4.236315404883485014e-01,6.496456323282872036e-01,6.245470679194281560e-01,7.757403293232467689e-01,7.388938251805232671e-01,2.560939914713689092e-01,2.780510932851334438e-01,5.862533091882959901e-01,8.958005131104604946e-01,5.809142286879280803e-01,6.501683372697208974e-01
3.629460164733699923e-01,7.564438106872122258e-01,6.066288705834255168e-01,9.688764513057412930e-01,6.929394237485371200e-01,0.000000000000000000e+00,7.783186460282800478e-01,3.042828825573161144e-01,2.959339036671356227e-01,3.563155059309353057e-01,5.931817750155249369e-01,5.052498544876122821e-01,6.776118403836376425e-01,8.004100093754875633e-01,8.567713996973239654e-01,5.127525337513837433e-01,2.248012107156282524e-01,5.964975190077443923e-01,9.983683628896340423e-01,9.164946171492045490e-01,8.268138551966659477e-01,4.416618146952754342e-01,3.462155520926714081e-01,7.166599121908235892e-01,5.539659286444561515e-01,4.744522189647252808e-01,4.444249781793965792e-01,4.567061225698032523e-01,7.654596932135626641e-01,-1.296812434796776325e-01,4.289394767102613915e-01,4.586652342527383630e-01,5.660238281780416436e-03,4.352296125526229353e-01,5.561424607748205462e-01,5.261052541730931731e-01,5.600969375865132438e-01,3.218745499786860309e-01,9.663861784367170360e-01,4.462357638334853993e-01,5.487822784914143659e-01,4.645476559659411087e-01,9.001030252780177765e-01,9.775245999478511250e-01,7.359395100911813037e-01,8.023379658046033702e-01,8.556216511152094917e-01,7.003393863564734145e-01,6.152298744235484840e-01,7.226891761100359135e-01,5.776123084955044895e-01,7.094475107370690203e-01,2.693284920388402393e-01,7.876341010659034803e-01,6.930083856247954976e-01,7.079275872196957309e-01,3.406458155189319159e-01,7.027855082542687759e-01,6.381460400783445230e-01,5.427935429421086866e-01,4.967388469547503460e-01,4.537422254434291258e-01,4.906996561648387933e-01,9.895243603526564513e-01,6.075792573967571109e-01,8.097136631839932375e-02,6.931292552868177914e-01,9.969839442588683820e-01,4.869574448885584106e-01,7.047849230099890727e-01,7.110241285870171346e-01,5.818928391540568734e-01,6.833506352830550634e-01,8.215424692175343768e-02,2.346240420324924303e-01,6.897942268965143731e-01,7.197332173726668225e-01,4.280374280599884007e-01,1.663740507772766830e-01,2.878700522859444777e-01,4.187958865785048057e-01,8.497811145250007137e-01,3.647815518053193484e-01,4.238930050224886115e-01,7.575893089321864560e-01
8.383647054345096938e-01,4.263033052293893621e-01,6.603233052014850779e-01,5.610858356808187120e-01,4.070850528106160354e-02,7.783186460282800478e-01,0.000000000000000000e+00,8.485009811704807836e-01,7.215584419479709188e-01,7.689275612474594235e-02,2.333826885023115028e-01,5.533655716382168688e-01,6.437584428309196527e-01,5.590381246910050006e-01,6.487279565990027308e-01,3.380461839311283967e-01,5.732258885791055025e-01,1.839739836210042556e-01,7.384121898334384815e-01,8.360036928812573098e-01,6.264532484522351563e-01,2.629132669695716240e-01,2.586935123663738345e-01,6.551118296525513252e-01,4.254373865950122902e-01,3.222124459239402716e-01,6.135091897453829324e-01,4.227140886910684681e-01,4.569863624065365060e-01,2.865758938388552890e-01,2.189521193407001909e-01,5.558740498574491484e-01,3.102689420648402363e-01,8.758162423415323528e-02,7.398590513341151143e-01,3.835154405577722025e-01,4.136346612164504277e-01,6.025549584817405657e-01,3.689349778126753687e-01,4.688186144881136830e-01,5.592334386517067157e-01,7.440869070121852724e-01,9.858320090107496325e-01,7.596024905044825859e-01,5.448178724059364875e-01,5.775248444005240955e-01,4.935323534038185134e-01,5.997020327179709565e-01,-1.387110118438711071e-01,5.407582148401988142e-01,5.135699774124217187e-01,4.399205927793928272e-01,3.904124105056764882e-01,5.520708210915972192e-01,9.660728018914205295e-01,1.040040865582270158e-02,2.149423227179983187e-01,4.648550947964293911e-01,5.679890343730188418e-01,-1.147628551798632879e-01,5.288128442912534144e-01,4.012886350411173364e-01,3.899113160402467582e-01,5.672098994259767712e-01,6.786379310127903519e-01,6.328612071033704600e-01,3.703247247689125388e-01,6.360171373749713419e-01,3.134678741246478828e-01,1.720146868092783665e-01,7.721484863899439333e-01,4.990705552177883142e-01,6.688057627245027614e-01,1.201912741065928741e-01,5.393129888453714882e-01,5.116494673339476718e-01,-2.940136453007800577e-01,1.128847647176853680e-01,2.106960070233028226e-01,4.153315696897734721e-01,4.823635242194270756e-01,7.696989714278315020e-01,2.756533341613826016e-01,5.077035517359981265e-01,2.373637895523219021e-01
8.971740389680633587e-01,2.308351392049584894e-01,9.269131621769909346e-01,2.290257897931441133e-01,6.454505725753771905e-01,3.042828825573161144e-01,8.485009811704807836e-01,0.000000000000000000e+00,4.367366880172133259e-01,2.695859857912742963e-01,2.271369782319968555e-01,3.340196120608258656e-01,7.217516459896305969e-01,7.962944179974573711e-01,5.644662590872704389e-01,3.095543666450551075e-03,8.161972487331684567e-01,4.250740396891341533e-01,2.545526263176902879e-02,4.526869448167468724e-01,8.295497827788870238e-01,1.464412665073042130e-01,4.277564366901276949e-01,1.589053182512937257e-01,4.690100627014944235e-01,5.116247490830760913e-01,3.811117202120757330e-01,6.927094873489296478e-02,7.928789637062738649e-01,1.809694903869227961e-02,1.835200623627176730e-01,6.952489228482375827e-01,4.169863168345245286e-01,5.382405771473521838e-01,3.849042758827022626e-01,2.362233572524780889e-01,2.109068125457844861e-02,3.365883977424293239e-01,6.300243406681890201e-01,7.609965585021780665e-01,8.123941203736017025e-01,7.243522227214882481e-01,9.644798962422606037e-01,5.420417085267016377e-01,5.670112607637608493e-01,4.365741264611089911e-01,7.015545983040180067e-01,4.381455095664385513e-01,2.185174427084633775e-01,3.176339906353635167e-01,5.526734638440623515e-01,2.379534781960846723e-01,6.921351607439518716e-01,6.348135511313013346e-01,5.813078758405988422e-01,5.125276936106237802e-01,7.040274498146952276e-01,3.347937954051676268e-01,7.060887700869942218e-01,1.395439999578136914e-01,2.241329644410592070e-01,2.338236304449874681e-01,6.623934817416837761e-01,6.265477244201698992e-02,7.227924186465434220e-01,6.100928688893854090e-01,2.941868994662175107e-01,8.874297288292460895e-01,4.472893383110429499e-01,2.326115741468378073e-01,6.239281916264388661e-01,1.058779934913753745e-01,5.583755089916444536e-01,4.809871710797054556e-01,7.333651847391492451e-01,5.381713612243352873e-01,-3.477996587477458212e-01,4.055327944854689171e-01,3.026784694490786132e-01,2.528541867282299016e-01,6.604168893113415706e-01,5.929606532453588486e-01,6.945294059398513520e-01,2.882644140234266739e-01,7.939413315503971447e-01
9.012525691695871810e-01,4.600038573609570580e-01,6.239261588487731158e-01,5.174796342605563620e-02,6.402017479611621376e-01,2.959339036671356227e-01,7.215584419479709188e-01,4.367366880172133259e-01,0.000000000000000000e+00,3.989608925575807707e-02,6.856644867328014481e-01,7.640211305300154132e-01,5.692604745827174462e-01,4.965451815069722996e-01,6.880790230727349410e-01,6.493769653165654132e-01,7.931987596697633869e-01,6.075781230290064894e-01,5.140676771855700045e-01,5.019427299916926488e-01,6.011869560356025710e-01,2.091015018916669022e-01,3.904318947983332899e-01,9.979723291818125563e-01,6.246299214339837702e-01,5.631570032935957482e-01,7.141282614543353890e-01,5.470805503515554502e-01,2.050019731740744811e-01,2.178960908783533212e-01,5.600447669791290828e-01,5.446405717965843163e-01,8.428103480780845258e-01,6.158692144903428201e-01,7.468602752356522101e-02,6.006777935341876123e-02,5.717389781714433683e-01,4.518320808709727632e-01,6.958077682516681239e-01,2.099818660327144176e-02,5.105343999160945057e-01,4.669380431439598134e-01,9.406411555170741678e-01,2.565012103112824238e-01,3.167279429316272044e-03,3.238769501830719433e-01,4.493847653668135989e-01,7.319304808364713866e-01,5.478427297977990218e-01,-1.097448933079975819e-01,5.993068429652940177e-01,2.795869540489804850e-01,4.219171429152115960e-01,7.344731755889944980e-01,7.956987233885453037e-01,6.176878540124286499e-01,4.188111635938165933e-01,7.573973422888415907e-01,9.944536580704401718e-01,7.546330811505631564e-01,2.144493897315828956e-01,7.749510507053597452e-01,4.981640371068177808e-01,3.472379802296348128e-01,7.055092663058897262e-01,7.040026657829067114e-01,6.132742176511717380e-01,5.689804139777520087e-01,4.538685995564583631e-01,5.119462251084661020e-01,5.139108296286764022e-01,4.030321239861305860e-01,3.184825523140904502e-01,3.930279604524958836e-01,6.791738463656040725e-01,-1.036757926030828086e-01,5.786338298984066153e-01,3.293848303505760300e-01,3.063046682545043087e-01,3.931243462307787429e-01,4.266420129230787950e-01,7.788270799775860453e-01,2.576497071755258217e-01,4.887679826059566079e-01,4.894745739135373808e-01
6.188003127653003421e-01,5.213793626586424867e-01,8.524444014287325677e-01,9.907751226205121498e-01,7.826696017282841478e-01,3.563155059309353057e-01,7.689275612474594235e-02,2.695859857912742963e-01,3.989608925575807707e-02,0.000000000000000000e+00,5.046700677803841462e-01,7.993907135003257558e-01,8.727961611858788826e-01,5.780900609621493214e-01,3.474700757896669878e-01,2.334966599789976005e-01,4.768818452990549184e-01,5.675049834008583094e-01,4.853623753050984035e-01,8.685771777069362098e-01,6.873881588316438362e-01,4.195774033765209965e-01,6.785470955454055986e-01,7.116436225758323575e-01,-7.744142588512889502e-02,6.655839207458985607e-01,8.618073226368463402e-01,8.474323267198342613e-01,4.197829187428302467e-01,4.567867766110472183e-01,2.371806842230229917e-01,-1.405588355524877986e-01,6.341329928644784397e-01,5.023304337997320790e-01,2.686781191184594575e-01,4.428706851804838363e-01,-2.772265036071259181e-01,1.124491544793621983e-01,6.545874703385176074e-01,5.951507039865810977e-01,7.013160497580999131e-01,6.258432077116814485e-01,7.760272541874679852e-01,9.430223035536153819e-01,6.873933669928758983e-01,8.738768115231363431e-01,7.640006525799423187e-01,4.454908774141142502e-01,3.950088800679454892e-01,4.321489170158889226e-01,7.756490136360487675e-01,5.611589418314685274e-01,5.752098420695748171e-01,2.305638283557086554e-01,7.787452094762656873e-01,8.126204667208180021e-01,6.439137365799889601e-01,8.549994983387669834e-01,9.631617994580441433e-01,7.255170901585399068e-02,4.950782380868000154e-01,7.570018471016128903e-01,6.775412191401957163e-01,6.420591364260581635e-01,5.376888858820353390e-01,7.894412571024608249e-01,5.607319383430798831e-01,8.428053639762875804e-01,2.742126572023965703e-01,6.747087922275577521e-01,5.981274092152768507e-01,5.549367702308901640e-01,7.287744466996973758e-01,4.423621873091026363e-02,4.449689979829739017e-01,4.178221418789554997e-01,7.865452182596706088e-01,6.107682619770035126e-01,3.716399109374555199e-01,2.098581458147291134e-01,2.432463617161272906e-01,7.491665585221769508e-01,6.961060739053602786e-01,5.820690178130277781e-01,8.209956894134866623e-01
9.530355338356943928e-01,5.676478305141974268e-01,5.399487990654910918e-01,8.587407071958389482e-01,6.534678452755618983e-01,5.931817750155249369e-01,2.333826885023115028e-01,2.271369782319968555e-01,6.856644867328014481e-01,5.046700677803841462e-01,0.000000000000000000e+00,7.422856547771589097e-01,4.708453090007970743e-01,6.234777125757489102e-01,2.717753238627130807e-01,4.177646020018051520e-01,7.044638219111097888e-01,2.207148704158944652e-01,6.239284440872970849e-01,7.995197303242227438e-01,6.972359338252026584e-01,6.807040332557159346e-01,9.298703768978759943e-01,4.885224759236694858e-01,2.619897366393368898e-01,6.046278369854303225e-01,5.110349779668871273e-01,4.104066150226314269e-01,5.675367960242563292e-01,-1.163395727291140769e-01,2.243577636825683230e-01,4.336944575575955585e-01,6.282711513105139201e-01,9.117540567498479964e-01,7.230419189628333188e-01,1.863997159650351565e-01,3.242949467867059510e-01,8.636367229014270397e-02,4.117823628504295730e-01,9.966341466779280456e-01,2.725073974623960504e-01,7.502237569588536825e-01,8.389260514313195971e-01,9.286087121219988028e-01,8.163294370450698834e-01,1.660277153741873679e-02,5.243032402675436021e-01,6.167641447284426537e-01,6.123570985124352495e-01,6.242211886243539398e-01,2.254525456738926403e-01,7.433150918323240264e-01,7.377233501367902457e-01,6.367003669953632539e-01,5.537951003165419994e-02,6.278265548145776087e-01,5.753964504506449140e-01,1.802999724443341556e-01,8.372427259187146253e-01,3.127117592496954646e-01,5.429289281124820565e-01,7.454633829099617248e-01,3.089838282624839463e-02,7.849359848538750573e-01,6.321648218705848699e-01,6.457977374669036097e-01,6.787844553624984290e-01,2.812034318548640721e-01,6.859366810029419170e-01,2.643274242172889421e-01,3.966323229971276398e-01,4.326755530528952898e-01,4.379106376655845789e-01,5.722469186814543862e-01,6.590787098488631868e-01,4.872544013164875065e-01,9.600220790660277115e-02,7.060681496859899653e-01,2.561986389228411154e-01,4.422522644358267696e-01,4.884353981365738839e-01,8.996594257780592407e-01,7.269678900801490595e-01,3.432534245942504558e-01,7.051834786944272127e-01
8.308774666063263314e-01,6.989931070112815892e-01,6.628914308404458833e-01,9.073769293774098799e-01,7.151716977390680796e-01,5.052498544876122821e-01,5.533655716382168688e-01,3.340196120608258656e-01,7.640211305300154132e-01,7.993907135003257558e-01,7.422856547771589097e-01,0.000000000000000000e+00,7.769191989353253502e-01,9.094318646557879582e-01,1.163146899232626180e-01,2.872986396241485330e-01,4.502186294587442461e-01,6.491778805814956144e-01,4.872778196984369758e-01,9.860246861395844942e-01,6.151623503897550860e-01,5.648773430086506675e-01,5.389678452549129251e-01,8.818366368284392687e-01,9.549021832919000197e-01,6.120053102913610710e-01,8.589003149508431800e-01,5.944433095952028623e-01,3.032625629783822774e-01,4.741004153551632294e-01,8.193796495970509519e-02,2.098104147305987766e-01,7.627432276986115811e-01,6.501628895774951289e-01,3.712781532169918131e-01,5.712158785886444212e-01,1.051511996651819242e-01,7.266685188217512081e-01,6.048185083468361478e-01,3.834100300077553092e-01,3.498099576710536063e-01,6.338286852230401447e-01,8.242562288372476953e-01,3.584374634518894265e-01,7.472546509176112295e-01,7.313258027721990517e-01,5.592516693122439042e-01,4.048025474649686872e-01,7.161109368086097104e-01,5.453837995336313638e-01,9.246372887340892355e-01,4.640572512184338860e-01,1.082945342734114302e-01,4.943252163066454430e-01,6.134266400796708485e-01,9.195748014585062302e-01,4.451983151545719219e-01,6.504675023459876027e-01,9.758171279108376339e-01,8.263818715609683521e-03,4.435885590460540429e-01,6.445465328346946521e-01,4.952179387618089734e-01,8.410448251740779702e-01,9.308120402276881533e-01,9.143781525726358828e-01,5.382016040582960903e-01,6.833390902044158555e-01,6.920222940422020297e-02,2.551262778611264603e-01,6.606555773002174003e-01,2.718214883387647385e-01,7.286561211471180854e-01,1.786232864061119419e-01,7.895431384829996180e-01,6.267452911789380687e-01,3.146788822555757204e-01,6.437666161397193054e-01,6.164154414622071698e-01,1.424887929440818712e-01,5.796702116152284701e-01,6.339178562717108223e-01,9.974684938685304258e-01,6.038521563825294258e-01,6.862140505674840796e-01
8.617850760157337309e-01,3.073974628396184405e-01,8.710031667456515914e-01,7.409840417336910345e-01,4.991407307966322371e-01,6.776118403836376425e-01,6.437584428309196527e-01,7.217516459896305969e-01,5.692604745827174462e-01,8.727961611858788826e-01,4.708453090007970743e-01,7.769191989353253502e-01,0.000000000000000000e+00,8.666033644848174511e-01,7.289426950472627231e-01,2.930258271663646608e-01,1.159917672713011716e-01,1.434966242890146071e-01,8.512134474213391977e-01,7.552184188086170646e-01,6.894520496786944452e-01,6.409571558865144736e-01,6.073980732107707725e-01,7.805937702705101344e-01,6.018529971338054674e-01,9.914383712546126493e-01,2.470118677725841039e-01,6.028665820731661240e-01,3.545520063186270443e-01,3.263557743171288106e-01,1.441149617015910767e-01,4.783445616933775235e-01,7.065531128043484044e-01,7.820365020842575676e-01,7.581325061922049580e-01,5.742050619989502724e-01,5.382580527137104109e-01,7.865926134844909434e-01,9.641789393030814059e-01,7.346162429681790673e-01,5.206747399745496052e-01,3.026911455540668566e-02,5.252033629702743678e-01,8.521532460780368856e-01,9.676526118287571698e-01,7.957523276786895305e-01,6.607944196318245034e-01,1.449867505272193352e-02,7.576778364498024665e-01,7.360859625664192274e-01,9.127902998608925511e-01,9.195632511163823741e-01,8.518990118006041223e-01,8.961874986383487618e-02,5.651887863380838928e-01,9.621185659435835813e-01,6.082389062435751281e-01,6.111699997550845698e-01,6.330800093610274848e-01,4.555959513611645417e-01,6.179807381448652048e-01,7.977318613164379180e-01,7.408916361528610217e-01,8.221265933560332195e-01,8.012296887152319247e-01,4.662957338871754898e-01,7.538902541142276093e-01,7.992188903020945867e-01,5.539232518044679976e-01,6.333043821462331913e-01,9.726053637991555201e-01,8.206607622492361198e-01,7.338083605090930384e-01,2.417802066802862693e-01,5.936592561770439591e-01,7.125356610564327342e-01,8.792940575139730486e-01,3.740487774852800928e-01,4.687789944252016699e-02,4.599345416726099978e-01,5.543969802663535340e-01,7.427906927221316069e-01,9.444439704456721874e-01,2.605432400347444388e-01,9.065720354006531201e-01
8.741421798591196834e-01,6.792511910056728830e-01,3.513351442933724256e-01,7.389087289319260510e-01,6.792352773539223065e-01,8.004100093754875633e-01,5.590381246910050006e-01,7.962944179974573711e-01,4.965451815069722996e-01,5.780900609621493214e-01,6.234777125757489102e-01,9.094318646557879582e-01,8.666033644848174511e-01,0.000000000000000000e+00,7.878901719475035481e-01,6.486897155897168865e-01,6.367450516401563787e-01,9.787796889549434942e-01,4.739378821701711875e-01,8.607697442471754501e-01,8.052568047086249292e-01,8.561436449714360242e-01,5.428522700246245503e-01,9.506537673313359971e-01,3.878458275554083068e-01,5.445090612823785259e-01,9.387500401383570559e-01,7.964499626130430165e-01,3.491860417698366970e-01,7.703682888644038940e-01,3.042695333706318950e-01,7.173471208324292414e-01,9.516931164589623737e-01,5.943899939484180717e-01,8.745936321773887245e-01,4.376094750242817133e-01,1.647580578473790622e-02,8.885557953880215409e-01,4.001999490284754990e-01,8.794588362624785605e-01,2.180532047769005444e-01,8.856509587322017873e-01,6.331674905031718925e-01,4.867567385867481722e-01,8.162897940077067371e-01,5.692672729654734143e-01,2.215911048756050716e-01,6.032211398772405753e-01,2.746497921815274079e-01,8.529765943401623751e-01,1.470677046733796511e-01,5.936780355648372254e-01,9.222193184682481171e-01,6.595263410489419220e-01,9.583479832595103165e-01,6.141400296811312387e-01,8.365760174972420860e-01,7.596421318210170304e-01,6.421221724922800966e-01,3.436229306157058128e-01,2.744159974935843072e-01,6.207200124203741121e-01,5.356140884730065110e-01,7.315760686355484710e-01,3.505747983513516353e-01,7.874616964049822032e-01,7.781918116994214207e-01,6.215096853765764706e-01,4.070625036086593651e-01,6.878853157505483429e-01,6.879809151698615954e-01,3.819437490804877267e-01,4.023247622234383813e-01,2.968673446817035044e-01,4.826090202196179346e-01,7.439289989310386986e-01,9.001029636602042583e-01,4.014210918518955062e-01,-5.635549328360858756e-02,4.491362991714709530e-04,2.710058927630500936e-01,6.360210046828737029e-01,9.966694776534928968e-01,6.130092489199374661e-01,7.141408664477357782e-01
7.141583501030392966e-01,6.883424250744764050e-01,8.474771445373499024e-01,7.267328175244844868e-01,7.028218142670604740e-01,8.567713996973239654e-01,6.487279565990027308e-01,5.644662590872704389e-01,6.880790230727349410e-01,3.474700757896669878e-01,2.717753238627130807e-01,1.163146899232626180e-01,7.289426950472627231e-01,7.878901719475035481e-01,0.000000000000000000e+00,4.845166551108708863e-01,8.166748145202528120e-01,6.432926103373632909e-01,4.975848085593354009e-01,8.509605634520001072e-01,6.215670100232929540e-01,4.834336649317338974e-01,5.624232977342413786e-01,9.866405725145794836e-01,5.338435385969495517e-01,7.045829214865902967e-01,7.871163480102413290e-01,7.123582969668953435e-01,4.004723982687458661e-01,5.538497284936172438e-01,5.671167852654775965e-01,6.334565706390217210e-01,5.109080359118740589e-01,8.756568833919955441e-01,6.540091476733300713e-01,7.438400497329156202e-01,4.021501010535598053e-01,3.974451912186008906e-01,7.698819967891937788e-01,4.536959577168671043e-01,4.258966426119153437e-01,4.738849041277491958e-01,8.634204467601424016e-01,3.601657559622818416e-01,6.264049674639499132e-01,8.015299195939852295e-01,7.439153135510584436e-01,6.469411204733068743e-01,6.669038261463615669e-01,5.536460697204416137e-01,2.955976758091235501e-01,7.507401154396738940e-01,7.675728599048492473e-01,7.023378720323121271e-01,6.010123743848211353e-01,9.992909377386769432e-01,4.873495082015689150e-01,3.138469711383386485e-01,4.258704886223090291e-01,4.664179782119626805e-01,5.029489630425699742e-01,7.302470696493881253e-01,2.161937627027493980e-01,6.294018176050402147e-01,6.959264367941104812e-01,2.583393047338168880e-01,6.301373314568077255e-01,7.888741715710921865e-01,7.709271612494132953e-01,5.002634767760186785e-01,4.494448511547322056e-01,6.399226111830377262e-01,2.632495050221009825e-01,4.254316179375334794e-01,3.874798386390513327e-01,8.167048052300446281e-01,4.146120501298422578e-01,4.847759060360601335e-01,2.220921213214608059e-01,2.782876277541868615e-01,2.879690890986936758e-01,9.525666675345465517e-01,6.761246452770649507e-01,2.008878351239860582e-01,9.686099968426469253e-01
5.796317872556052686e-01,6.243455157346960993e-01,5.055580194821309714e-01,3.955623802305776593e-01,6.672899704200273563e-01,5.127525337513837433e-01,3.380461839311283967e-01,3.095543666450551075e-03,6.493769653165654132e-01,2.334966599789976005e-01,4.177646020018051520e-01,2.872986396241485330e-01,2.930258271663646608e-01,6.486897155897168865e-01,4.845166551108708863e-01,0.000000000000000000e+00,5.877098414195082166e-01,5.534997685981136728e-01,7.643689137125652122e-01,8.961538538103165363e-01,9.913706142103982932e-01,6.192692468703014930e-01,7.989179590828703326e-01,4.385082918222117931e-01,2.139975322604409091e-01,4.256256060633198390e-01,9.711774599282094744e-01,9.446978487461962226e-01,3.207455676643936049e-01,3.477371857109262665e-01,5.570872256576338000e-01,8.084039506815390852e-02,5.617138911218814146e-01,9.631592901854448829e-01,1.277481465931029625e-01,4.897170525955640841e-02,4.717916493297059644e-01,4.648129372289301897e-01,6.599059872111283642e-01,7.392976402180054807e-01,3.556357904328597552e-01,-3.412286654857658030e-01,9.988810540705201912e-01,3.872361423357225663e-01,4.314799068886650546e-01,6.739945975208632145e-01,1.383619230175277826e-01,1.210020948380667871e-01,4.852815090169443346e-01,6.714889362832096031e-01,9.530948927921516489e-01,5.608017369924273021e-01,3.354829093282400976e-01,4.616840600014153750e-01,8.254036979466762292e-01,4.817068780706820208e-01,7.559741605436655076e-01,5.295204460140150449e-01,7.228115354092864431e-01,4.433497330994952690e-01,3.450878226780991209e-01,4.252033404885636747e-01,9.419833566248408951e-01,4.685347837756048683e-01,9.364689630845416390e-01,7.369204187346405366e-01,6.940234874201418602e-01,3.881288748705584712e-01,4.501365799093957620e-01,7.925509707908525714e-01,5.765367964120369226e-01,6.093347438332911148e-01,6.045178255589037097e-02,2.038289671240093304e-01,6.417139417367945416e-03,5.106147390027343524e-01,4.684937934189682407e-01,3.651019165242090914e-01,2.531978742277423144e-01,3.673612719204919497e-01,3.040535427215163011e-01,8.677102234386080415e-01,7.260268872175782429e-01,2.244928427174237018e-01,7.628539033224420729e-01
8.707069109293317233e-01,6.972839188919234266e-01,5.770087100346191766e-01,6.941409479858026144e-01,4.662741253756418902e-01,2.248012107156282524e-01,5.732258885791055025e-01,8.161972487331684567e-01,7.931987596697633869e-01,4.768818452990549184e-01,7.044638219111097888e-01,4.502186294587442461e-01,1.159917672713011716e-01,6.367450516401563787e-01,8.166748145202528120e-01,5.877098414195082166e-01,0.000000000000000000e+00,7.130418073955944180e-01,4.452595182846253441e-01,7.371079170640860712e-01,2.485030547240575927e-01,7.927191256492642779e-01,6.916515647106239451e-01,5.389686805630712341e-01,7.771093217372081474e-01,7.066972031261555820e-01,4.041302562865209391e-01,8.971563663544188660e-01,4.823460448777035503e-01,3.208161997432334434e-01,4.461821871510923132e-01,2.424451575714974272e-01,3.894948006769569648e-01,5.952548779131701107e-01,9.062758098161814990e-01,6.778122340430889903e-01,3.215676942547649464e-01,5.472113662710644810e-01,4.310945191129608167e-01,5.196850348770720718e-01,7.186967735231158949e-01,2.767187343201746863e-01,7.922367186379501991e-01,8.286236803235110804e-01,8.199870513232453417e-01,-6.086947365650219322e-02,5.189262756393753229e-01,7.421220565236118505e-01,-1.562841068848641601e-02,6.349466320539733921e-01,6.716677807972250003e-01,2.096570937387462474e-01,9.217539960381637698e-01,7.454270163474464583e-01,7.419212057777320179e-01,2.337609091715894261e-01,7.950786696174767521e-01,9.511615293624144929e-01,8.505063673361544785e-01,3.019808319256263585e-01,5.752574962868284292e-01,8.181220541629136145e-01,7.634764931668311938e-01,7.478736071778274708e-01,6.915206969168986584e-01,8.396413187568340097e-01,8.946996856970232948e-01,6.188774918424182481e-01,5.904495444890303091e-01,6.088723344947071237e-01,9.390721886409545416e-01,5.611678151255372615e-01,4.987053890008745771e-01,1.444946947822551946e-02,6.700691823987661166e-01,4.590238326557110060e-01,9.666146463348063156e-01,4.012464439231996360e-01,5.740443586351827721e-01,4.853334755570175574e-01,8.385197891586924079e-01,8.434691735387120914e-01,7.286440919554552087e-01,5.712931194822605807e-01,6.667169428938345410e-01
9.906746311640424185e-01,2.037587486913371992e-01,9.947957059905038202e-01,4.408306434896892556e-01,3.393010734607768697e-01,5.964975190077443923e-01,1.839739836210042556e-01,4.250740396891341533e-01,6.075781230290064894e-01,5.675049834008583094e-01,2.207148704158944652e-01,6.491778805814956144e-01,1.434966242890146071e-01,9.787796889549434942e-01,6.432926103373632909e-01,5.534997685981136728e-01,7.130418073955944180e-01,0.000000000000000000e+00,8.423538282103145702e-01,9.957833940641109827e-01,7.490387055225000701e-01,5.289189319211823337e-01,5.565875143216589827e-01,9.992782202213931209e-01,4.858848950771800235e-01,1.714587877119847226e-01,5.624209511160034314e-01,7.738364052524973058e-01,2.106150729660629106e-01,5.213505864134581058e-01,3.329195686615323835e-01,2.525692815678607372e-01,4.881613597975230645e-01,6.051143757255034172e-01,7.744353986963973258e-01,6.813807713122829179e-01,8.593446074711251492e-02,5.124899083814885570e-01,6.024920388538455018e-01,5.291851379020415802e-01,3.631806707788268751e-01,6.724115298330530788e-01,4.293321660167428444e-01,7.935116438056692978e-01,6.365001584444809346e-01,6.820796716297446993e-01,9.387025431365256800e-01,3.009150436140313190e-01,7.395286186402613149e-01,3.344390558570403682e-01,8.300583153107371492e-01,3.514423462714260094e-01,8.089969633560445406e-01,6.777180577543825413e-01,5.756630376104162616e-01,6.470673156670827542e-01,6.688519309062819218e-01,3.679363075608086953e-01,6.434327740669877338e-01,8.163748477002651105e-02,6.940007864299242435e-01,7.920282954513302442e-01,7.403601242231609980e-01,8.387206838415559584e-01,8.310958694266847857e-01,6.444926593673350190e-01,7.448138161091085729e-01,9.204717560741161320e-01,3.766906312145810176e-01,5.578834570258663916e-01,7.746793702132782622e-01,8.049342045909981813e-01,4.010044717112786761e-01,6.222700804305091316e-01,5.020579648839521569e-01,4.141083598265445920e-01,5.766980713477846132e-01,4.209129259093275510e-01,2.169238553849355822e-01,2.758371776227302452e-01,4.804892507838499083e-01,7.258086782140936721e-01,7.933987227512389051e-01,3.430619088909228065e-01,7.945145844346224173e-01
