0.000000000000000000e+00,6.927086493784008203e-01,4.805827656852538210e-01,9.919630097617707642e-01,4.083243489940417970e-01,5.069039506426328279e-01,9.095960045799027505e-01,7.712972095547654394e-01,3.281785579459174929e-01,6.120201921067902617e-01,8.231668357742065734e-01,6.092171333652105503e-01,7.412488013813036680e-01,4.631572613336311095e-01,7.536110366745946143e-01,2.848944367197400185e-01,6.213612881043732994e-01,2.554237905003733933e-01,3.089573861214598982e-01,9.985356428017292396e-01,8.219128778433951732e-01,7.102718868416560971e-01,8.714888207455614433e-01,9.890392641648830807e-01,8.452933776595060733e-01,8.265392076281506961e-01,9.213115435752698978e-01,5.818905818862355472e-01,5.553230909909891988e-01,-4.213998168469504368e-02,9.946890019733541088e-02,6.552289476616151020e-01,6.792481392691089859e-01,6.422469038666246410e-01,5.721012855777350969e-01,5.444753151151681125e-01,3.694915344090886622e-01,9.135570342233062524e-01,9.961795271727555967e-01,4.593767564829880357e-01,7.093873795547701588e-01,8.175330773831606113e-01,7.869660193538581261e-01,1.800252805848667204e-01,5.557034769949802389e-01,9.216311458342831830e-01,7.701530049832630009e-01,5.396322134522265612e-01,5.765646232798474768e-01,6.482006548433739690e-01,6.090824893229694892e-01,9.221751672096033525e-01,6.491594944537064649e-01,4.950039120254370872e-01,3.045784845261295670e-01,8.425222399486298475e-01,8.649565589511948316e-01,5.129251808637061982e-01,7.918073929899556163e-01,2.237778258442849888e-01,2.651359959705080760e-01,7.769434355788547020e-01,7.433528223747735142e-01,8.255304321767781284e-01,9.469797880465221640e-01,8.322776975918357856e-01,4.181698030136731248e-01,6.571740010422038036e-01,6.377688408803995346e-01,7.539941199606861044e-01,9.508669778520479898e-01,2.145521569504065806e-01,1.337336643861770646e-01,2.591711578469966248e-01,2.990104442538376595e-01,7.721416910477165718e-01,6.385545854010450384e-01,8.144829438504482821e-01,2.926177335346469843e-01,3.700321082332001521e-01,6.179318734901866339e-01,5.154382887028698956e-01,2.658191835956611460e-01,6.904234770119628273e-01,2.674324055015896429e-01
6.927086493784008203e-01,0.000000000000000000e+00,9.477178912522817855e-01,7.777596494000259264e-02,6.538216478771232687e-01,8.512773673419095077e-01,4.376005647186114178e-01,3.472901232173032926e-01,6.907433928904571641e-01,1.026869412634955209e-01,4.913576705689632895e-01,7.402489917533013886e-01,5.653856157123464676e-01,5.302129546207858812e-01,5.795502239087423346e-01,7.985963008877111635e-02,5.375095923352607441e-01,7.125067165246624645e-01,9.573280234602287164e-01,6.941517425665352237e-01,9.152054697945593009e-01,2.293874237168607721e-01,-3.179876407260526783e-01,7.079208774431564599e-01,8.303517009836502982e-01,8.172356920387566781e-01,6.349497239406629578e-01,6.176186902222348118e-01,4.812121650634876291e-01,2.220017068402152793e-01,1.226310813357689563e-03,5.101915140851961405e-01,4.128407528377969760e-01,5.208814110783019924e-01,8.181987242302994900e-01,4.081948947768829772e-01,1.132389569254276251e-01,7.387723026262662529e-01,7.574258417734196502e-01,4.850526626229204608e-01,4.070201847699861375e-01,3.157544307016055263e-01,8.301957316405138565e-01,7.270336645990954638e-01,6.813776655155072692e-01,9.136105212063763137e-01,6.277326991897586028e-01,5.456836876713258011e-01,5.575618983268617601e-01,7.065910147122602680e-01,5.671858506106003395e-01,3.986176827614333895e-01,9.844658953139219237e-01,7.841482795266203620e-01,7.892563272306487576e-01,4.336720063694650684e-01,4.743213866885954699e-01,6.882257363935920247e-02,9.758109491107856970e-01,6.290700882714341802e-01,5.410311161341765374e-01,4.132801900664738737e-01,8.777436148338427779e-01,6.409860938466126479e-01,4.419019443075967724e-01,7.623979686554677171e-01,3.668367070851378253e-01,6.621305953821685630e-01,7.905344264609708294e-01,4.159375229669793894e-01,8.915183024638630993e-01,5.689554378228180997e-01,5.846520685734197809e-01,3.323135618751582587e-01,5.315794881511127778e-01,5.393616904723073091e-01,9.311808054850042593e-01,7.159071763171406255e-01,3.758691588738232170e-01,3.926102318802969782e-01,5.749009676086724863e-01,6.702744516447667333e-01,5.378694592033979038e-01,5.098957129622624374e-01,6.886137534713000496e-01
4.805827656852538210e-01,9.477178912522817855e-01,0.000000000000000000e+00,7.556512267418017403e-01,7.870918184936470663e-01,5.515211611137780245e-01,8.874213263207959557e-01,5.741242674859410311e-01,9.618309948412784305e-01,6.745273912721729825e-01,7.935797193154250362e-01,4.664797407768891957e-01,9.102237550981221448e-01,6.597927177429853129e-01,9.106600218442212347e-01,8.601506582368492193e-01,9.171595780452945768e-01,9.147096068098169441e-01,6.833081708270056787e-01,6.432346314569216128e-01,9.373138603472702668e-01,9.395771520103659569e-01,7.891642031899442911e-01,8.491271513903739798e-01,6.701838967217169651e-01,4.075774774095562991e-01,1.415096006059378408e-01,8.442701177199976037e-01,5.237550023335236782e-01,6.764965139669530669e-02,3.688324699422025899e-01,8.162237556798990212e-01,6.299756987694922206e-01,8.854203159492057829e-01,7.041258857994385778e-01,3.746015777633631139e-01,5.888379413388152850e-01,6.945658592441660284e-01,6.730591781239919635e-01,2.784500187098050139e-01,4.412413125290304272e-01,7.917027537014315053e-01,5.009318690532253981e-01,6.205184808218531245e-01,9.624929345389612312e-01,9.006098214853479611e-01,6.593227079187156114e-01,8.594500685406964990e-01,7.783275591287234230e-01,1.869615382208009158e-01,9.226237722790712192e-01,6.073528115110348180e-01,7.771148800303596671e-01,9.922503097272732386e-01,9.273468186241817790e-01,9.138827752054672349e-01,9.890519026917083956e-01,4.911059850519862158e-01,4.763102976965984392e-01,5.388977637592576864e-01,3.290891908028179685e-02,6.306418003229378177e-01,7.052949031270910885e-01,7.642712091544215935e-01,7.284054439533166336e-01,9.297450750705760214e-01,8.288885559804133329e-01,1.583412090215478296e-01,8.229510916657153397e-01,1.472438594244036281e-01,3.682200248709829316e-01,8.027090853687088856e-01,2.616043561526496530e-01,4.615753145152315384e-01,2.671927790343238684e-01,7.206867010771376147e-01,7.139980519602758813e-01,7.578896245980198954e-01,2.623788695492894063e-01,-1.734515904242595608e-01,3.748665424255654965e-01,9.091194978699054241e-01,3.416413889049170205e-01,9.928968238818873804e-01,9.006194521534356401e-01
9.919630097617707642e-01,7.777596494000259264e-02,7.556512267418017403e-01,0.000000000000000000e+00,6.267576056248886918e-01,3.074862892261078992e-02,4.536027565357080293e-01,3.859423762076560349e-01,5.375561000633176656e-01,9.327225900915906420e-01,6.580199509099532440e-01,9.742786541483671181e-01,5.690822343733263899e-01,5.836087842186168384e-01,9.333134391028262700e-01,6.146301913343475976e-01,4.327944759071677971e-01,7.235819226539963456e-01,4.075610975763308552e-01,7.783321709236795671e-01,8.797056574430661691e-01,8.312807069525292025e-01,5.717842229029601597e-01,6.706508787270856198e-01,4.270097768564453666e-01,8.802994416811825706e-01,9.236566431192669846e-01,8.077145773150379293e-01,7.678263370356169792e-02,4.285703816287455559e-01,2.338996112974810748e-01,8.068024594173686115e-01,8.037309514805819344e-01,7.917845314181776173e-01,2.525296385647901598e-01,6.406541497334994339e-01,4.529412225479906851e-01,5.814153996652292600e-01,6.300148486861069097e-01,9.576465752273433107e-01,2.132121442867336569e-02,6.049340941074499156e-01,7.293743140947334114e-01,5.479520406370443908e-01,5.975735062578708678e-01,3.061566488438903777e-01,6.331052064045291639e-01,6.970767737702082689e-01,4.130956941459785758e-01,2.457577975082744781e-01,9.080984184824092420e-01,7.151544345694570426e-01,6.612430959864672442e-01,2.241857466882247185e-01,2.768537514117621612e-01,1.225154023386584162e-01,4.413989464448190847e-01,7.909295100889425223e-01,9.916639150707639017e-01,6.372854305194637359e-01,3.613161966925806934e-01,8.251102297158618981e-01,8.836383021110790770e-01,8.187099593136513143e-01,8.564784808969713170e-01,5.912113247927688331e-01,7.125120490608757295e-01,9.580498946758138068e-01,5.903687890800425331e-01,4.778289192587595879e-01,5.296114347132253597e-01,7.046725125734500939e-01,2.084176944665759035e-01,2.644365505319234977e-01,6.827500906335360886e-01,4.736691981499202009e-01,-9.672817321989028716e-02,7.138968578746537341e-01,2.704679785315586837e-01,3.134643371879733964e-01,7.413153699158501198e-01,4.276988779196218005e-01,6.810004995840089892e-01,2.028044293437893386e-01,6.180603188911987234e-01
4.083243489940417970e-01,6.538216478771232687e-01,7.870918184936470663e-01,6.267576056248886918e-01,0.000000000000000000e+00,5.649317385444777573e-01,3.285081814657770938e-01,7.018348392446838169e-01,4.189353803649990549e-01,5.564581682960614839e-02,5.655155759918302216e-01,7.927905614018048164e-01,4.816184377160857011e-01,9.586108418659196051e-01,5.313178243551932578e-01,4.884568370423477690e-01,8.398188794377159372e-01,9.667293655456123957e-01,7.732224840413907119e-01,7.277745686106720235e-01,8.453113348410761230e-01,7.673374359064848438e-01,6.546644366417124772e-01,7.944657803326200529e-01,5.751515058854484996e-01,7.451867073976957689e-01,8.182708350819674070e-01,3.577390772446652489e-01,3.680143653890918798e-01,4.215056647781574850e-01,6.482842879582296769e-01,4.251646248130196426e-01,6.858498743266154829e-01,7.469037612918697500e-01,3.354920351765777742e-01,7.461281865490199117e-01,5.977023709536792850e-01,6.887869600257144898e-01,7.821222837977104270e-01,4.473634393226897932e-01,4.249204516222456762e-01,8.437778051109594557e-01,4.174613257229281005e-01,5.032751137422324383e-01,9.709913410709195558e-01,8.902872066973579468e-01,4.054189767536197087e-01,3.140945394978475469e-01,6.634001046722561856e-01,1.003901737579648845e-01,3.341861770333637294e-01,7.649317024342688898e-01,7.089551266199387580e-01,5.848668708571636010e-01,8.061645533501157201e-01,5.530712114769507082e-01,5.924886045451365213e-01,8.272667909137489950e-01,5.601296297564578586e-01,5.155218955980921391e-01,2.372028121402367518e-01,7.435001558374603192e-01,4.706705799201558738e-01,9.290832906686409265e-01,9.977973593081876924e-01,7.693375998592096865e-01,8.665476235801820026e-01,4.935210429957274103e-01,4.037887617338274948e-01,5.931903154932592903e-01,7.485229069453271933e-01,4.585269210870897560e-01,4.804610235167446897e-01,5.744265704854561311e-02,5.498184886544328631e-02,2.883149310471872506e-01,6.459182940718700694e-01,7.583978089157066282e-01,3.045185039859541476e-01,2.577318688863117768e-01,3.392074098125139603e-01,7.756790893412426335e-01,5.997038358829125393e-01,4.666194858459509209e-01,5.820845123742168781e-01
5.069039506426328279e-01,8.512773673419095077e-01,5.515211611137780245e-01,3.074862892261078992e-02,5.649317385444777573e-01,0.000000000000000000e+00,4.647467115248877789e-01,5.060244999710347136e-01,1.271440189880428950e-01,8.541949841993570214e-01,6.253730178997115585e-01,7.392236733166845930e-01,7.095359607248709066e-01,9.368010444498241496e-01,7.771574034523749397e-01,6.064523274897596350e-01,9.461736347257493351e-01,4.481470594201648061e-01,8.074427384204824198e-01,7.252111237663436683e-01,7.862118957901076399e-01,7.179021582909507204e-01,5.579906726277162887e-01,6.122002942435231798e-01,7.499555164421862763e-01,4.805553692984310121e-01,6.722567516915284314e-01,6.669523726699493338e-01,5.924773936856161383e-01,5.222353530466106175e-01,3.922765667439626625e-01,2.008695587048445197e-01,9.277901194711093424e-01,9.388267679436552715e-01,5.961678438612569852e-01,5.765523571661325120e-01,4.172096894751362028e-01,4.799319382078988672e-01,6.908639303843341350e-01,8.742668830834635640e-01,7.036551195567487538e-01,7.830922188343711898e-01,7.159497479908428774e-01,8.713706589293597204e-01,5.801818708350819920e-01,6.375698253376977931e-01,6.264707322902136610e-01,5.810644960057119723e-01,3.053961068846725024e-01,7.783495523190537835e-01,9.281426427868531004e-01,8.544394407565263361e-01,6.019549157346646417e-01,8.925756564528428694e-01,3.996392905263674855e-01,8.609892046280185340e-01,5.169354200248604814e-01,7.418949552077211962e-01,4.700780600862480285e-01,7.004138215130523148e-01,4.504905116685397060e-01,6.039759682513995420e-01,6.251607694460209474e-01,4.197293443440623939e-01,8.086693152743865687e-01,9.031867749730451145e-01,9.558920568794159189e-01,7.653690630622346225e-01,6.752106690013572887e-01,7.633287728760571600e-01,6.436750041515011400e-01,1.208751963454734873e-01,5.549784141285121208e-01,3.873745179870474731e-01,5.702230614519908647e-01,7.504172048123876060e-01,7.498469395753413202e-01,7.686931794804277018e-01,2.170697255299550155e-01,1.014616982589751186e-02,4.486175761792589034e-01,2.616719651641359334e-01,7.855994139230434437e-01,4.384502199703445569e-01,5.378965515416523901e-01
9.095960045799027505e-01,4.376005647186114178e-01,8.874213263207959557e-01,4.536027565357080293e-01,3.285081814657770938e-01,4.647467115248877789e-01,0.000000000000000000e+00,6.476661183782255193e-01,8.960898787389193210e-02,6.515940025809697778e-01,4.907864637681026432e-01,5.311297946651230006e-01,9.112160243581695074e-01,7.984987203553881585e-01,1.889985110109753119e-01,7.711388219617738571e-01,3.758146750064251251e-01,7.071437655569392522e-01,7.433374538589433422e-01,7.697980723067205933e-01,8.432736418327901884e-01,5.755897173693965696e-01,6.850741396334161237e-01,4.084714534508174788e-01,5.642847410719576962e-01,5.026956836357572289e-01,3.572747781507432108e-01,2.449926671938785494e-01,4.465027391655425060e-01,4.408951147051085595e-01,3.903396354979116363e-03,6.707405110356811084e-01,7.841017580214356686e-01,4.685597703335502295e-01,2.167519638407561788e-01,2.078571224738416379e-01,4.153740524094229336e-03,6.564189725420501720e-01,5.561145108479835786e-01,5.817051625386365776e-01,4.786602805684495587e-01,6.887417493325354023e-01,8.161004682813428612e-01,4.868834945961267868e-01,6.907408526278266958e-01,7.216299988339436311e-01,4.713448994677447157e-01,4.107847289243669042e-01,6.666343908720226974e-01,4.156143933608382746e-01,3.870888433878999502e-01,5.112976449500059584e-01,2.658591240953984691e-01,3.512173611895206271e-01,9.764928162012805890e-01,5.620815187871490703e-01,2.906336527270593773e-01,4.587278924821849291e-01,5.342045331946844167e-01,7.652383822889505804e-01,7.495694241510298950e-01,1.070468432602163511e-01,7.747936322175239532e-01,4.092576534179677705e-01,9.916984885245775372e-01,-5.092386012725269584e-04,5.770015681841966781e-01,8.437017020475946483e-01,7.857399566533795898e-01,4.943110071203378753e-01,1.869223132593660630e-01,3.347234971224765654e-01,6.793852149054614431e-01,1.339195718281750158e-01,4.908645385474550982e-01,7.686771313947399209e-02,4.459331673059643841e-01,7.753962638012082964e-01,7.323581849728820758e-01,4.587890093185726381e-01,2.265308756724460082e-01,8.370030102581753617e-01,3.778610867100107296e-01,3.886258146171654992e-01,6.366551919990749431e-01
7.712972095547654394e-01,3.472901232173032926e-01,5.741242674859410311e-01,3.859423762076560349e-01,7.018348392446838169e-01,5.060244999710347136e-01,6.476661183782255193e-01,0.000000000000000000e+00,7.749496990350029924e-01,6.166219837624002942e-01,3.528768301278967234e-01,5.473760998862811089e-01,7.407669892876334039e-01,6.912354507706990336e-01,1.133654172288168643e-01,7.470553715953229812e-01,8.857367216709847169e-01,6.610776521743453316e-01,4.091479400797524146e-01,2.681668632380759254e-01,7.476166337467673451e-01,5.774818286395262401e-01,6.230770473038791391e-01,6.842967047895317512e-01,4.495561091905394546e-01,6.885259275258717171e-01,4.731543910366308170e-01,2.279339109895700544e-01,6.341024175354147141e-02,3.120087887733632437e-01,1.475712339480994562e-01,6.869411465635975045e-01,2.805146197504111982e-01,-3.576780793440118011e-02,6.983957094975415947e-01,4.062948322933317424e-01,4.119024084236898586e-01,6.136330081019468752e-01,6.100405573621344724e-01,5.092358238937552128e-01,2.400207551395368011e-01,8.709849584862715266e-02,8.459816995960001140e-01,2.399847012471882646e-01,9.588198532586114098e-01,3.043101099023223233e-01,6.114548082294130049e-01,6.355943492680191653e-01,2.679265016678690214e-01,7.482867279355258638e-01,5.153333365532051236e-01,3.519694076802780125e-01,7.196765553562245454e-01,6.807202582515993194e-01,4.336180059263913811e-01,3.072028174531684641e-01,4.613671219630577358e-01,5.634208853652986626e-01,5.302203251882317003e-01,6.633859595128905884e-01,6.074849997151663544e-02,4.081940016792415249e-01,7.032976251328568740e-01,6.488149307826169832e-01,6.394365403766324452e-01,1.332787029751049124e-01,3.092154210710684747e-01,9.565754709938567579e-01,4.414239724298035794e-01,5.383688012488136998e-01,5.236431040691880145e-01,7.102259640354320336e-01,-1.263410175698950200e-01,5.066310957994059061e-01,2.605964825711606370e-01,7.817508586102789314e-01,6.628299731274065465e-01,6.865764416129357395e-01,7.657622135199609881e-01,2.834761131824449221e-01,3.398797757835626543e-01,6.261833171216957782e-03,5.952837837803315324e-02,3.811364583558842778e-01,7.805848841087844603e-01
3.281785579459174929e-01,6.907433928904571641e-01,9.618309948412784305e-01,5.375561000633176656e-01,4.189353803649990549e-01,1.271440189880428950e-01,8.960898787389193210e-02,7.749496990350029924e-01,0.000000000000000000e+00,4.908047059201906537e-01,7.621270978499139481e-01,4.737995700591083326e-01,2.250321223159311990e-01,9.659953889889774103e-01,5.577481232396168664e-01,3.852372807901571772e-01,4.939901947451527664e-01,3.144414140803420965e-01,1.042837070821370782e-01,5.025537119112585271e-01,8.316647282464382229e-01,4.806489447562291017e-01,2.410762437193654517e-01,6.072792487112467219e-01,4.594390435705297815e-02,4.602706288488430664e-01,9.140234135752768330e-01,5.356520531631747684e-01,8.803085549079803229e-02,1.449798977289106228e-01,4.015423767264830190e-01,6.522019274034980274e-01,6.790686124634901510e-01,5.749800282123851414e-01,9.824533991532182764e-01,4.575918923013149731e-01,3.878813477844266222e-01,7.096117897853394529e-01,8.405618603277541512e-01,7.453068157467024335e-01,3.486198533643386499e-01,7.544154437648245004e-01,6.054322275518400076e-01,7.242792709400371898e-01,5.740751647138024882e-01,6.260704178681252285e-01,7.979812474876739614e-01,5.218434253765807940e-01,4.034378068143443241e-01,6.463026994154104088e-01,3.055791700076923023e-01,5.025690023623916591e-01,7.206040188642031108e-01,3.925179509412459744e-01,8.493916977242763622e-01,7.699217188403451040e-01,3.117758295438860516e-01,5.577425135040702253e-01,4.451470547357750177e-03,1.036111068654180373e-01,6.556299766741027213e-01,8.105888130982458195e-01,5.862827842323123928e-01,6.890356314689698447e-01,4.557064548620277100e-01,6.959116387548648364e-01,2.396100261706055612e-01,6.988220118683533544e-01,5.038789647287919005e-01,7.695353183140204445e-01,4.107155989785841177e-01,4.037100617833494498e-01,6.451403693233001002e-01,1.478128663650404018e-01,1.728550533177136972e-01,5.213624425909664239e-01,7.744228614113165543e-01,5.272710378168791179e-01,8.877255693656022073e-02,2.456273195475477122e-01,6.761388297453161389e-01,8.736607388173817101e-01,6.567296454378288573e-01,4.455566140554841903e-01,6.776534912509885045e-01
6.120201921067902617e-01,1.026869412634955209e-01,6.745273912721729825e-01,9.327225900915906420e-01,5.564581682960614839e-02,8.541949841993570214e-01,6.515940025809697778e-01,6.166219837624002942e-01,4.908047059201906537e-01,0.000000000000000000e+00,7.795283243803355910e-01,5.689925312769568144e-01,8.454633913194781192e-01,6.176371257890796995e-01,7.610188940414726044e-01,3.234157127254545516e-01,6.475572587393030322e-01,5.471355935479820243e-01,5.969706624341131196e-01,4.371837720631205904e-01,6.324420231339825671e-01,4.873103848540267236e-01,2.812771401008086203e-01,6.321152564504259885e-01,3.234994458098323644e-01,5.408448304717379251e-01,9.893020867373834015e-01,9.902119442660117787e-01,-3.482234470967557338e-02,7.119544506441742859e-01,1.586935400174670496e-01,4.478306727406457521e-01,5.738835356940914512e-01,6.141062371112460117e-01,3.056793208265690120e-01,2.473384469880862691e-01,5.027472157554941923e-01,7.432745817436209324e-01,8.065247945599488544e-01,5.409684969657376774e-01,5.047797758147616332e-01,1.163822418695250639e-02,6.059512788664358496e-01,-1.678316740534585016e-01,6.254657622415576990e-01,9.812971532367709138e-01,5.267666647465766294e-01,2.922406163921914546e-01,4.246832987939379023e-01,7.691523620931313143e-01,5.526355361510196795e-01,9.421171696391346106e-01,5.910031569378209060e-01,7.369376696872359522e-01,2.266419539033511510e-01,4.907073663635618255e-01,7.451880336543701411e-01,6.468827251545686829e-01,8.331442512984176263e-01,3.937616311093559140e-01,2.238401825913751142e-01,4.179683182335260927e-01,6.178523431913504060e-01,3.368386411608754738e-01,6.443919561141506769e-01,7.543135133277962812e-01,9.172422175755167162e-01,8.968068989059310159e-01,4.097242053121448180e-01,2.376992790331099170e-01,4.452787404159634366e-01,7.455701604850201170e-01,5.567900820546556329e-01,4.110055924553709383e-01,5.421088178498469912e-01,9.142545758580097326e-01,6.324720155126013488e-01,4.530456044570554952e-01,1.331943779675794637e-01,5.391235028428922327e-01,2.991402992217511714e-01,8.552129331435731618e-01,6.925805947318157685e-01,-1.691420971209122992e-01,9.266993790364148609e-01
8.231668357742065734e-01,4.913576705689632895e-01,7.935797193154250362e-01,6.580199509099532440e-01,5.655155759918302216e-01,6.253730178997115585e-01,4.907864637681026432e-01,3.528768301278967234e-01,7.621270978499139481e-01,7.795283243803355910e-01,0.000000000000000000e+00,7.456269685596780272e-01,9.408463673706521924e-01,4.322098741639419095e-01,6.743888842421927876e-01,3.196496073930331638e-01,6.700634555272864112e-01,2.614150238095971357e-01,7.207171629046609240e-01,6.522473385026341663e-01,9.552461606988043030e-01,2.420307409462046089e-01,9.053759860887160560e-01,7.928317235541998409e-01,6.613771399059886757e-01,4.963119958634226170e-01,9.399024018141219905e-01,3.211638886948582905e-01,7.813435382583120425e-01,3.404245992196694992e-01,2.312314811007830373e-01,4.403683842649891433e-01,8.149989600018817670e-01,4.279266811990778963e-01,7.270089150476305440e-01,4.037909742824702941e-01,1.853560528693661003e-01,8.562347976138882100e-01,6.439677274628947679e-01,7.026872304488523957e-01,2.693601330994280785e-01,4.645769378978911734e-01,9.025960140053549408e-01,7.188023386836097650e-01,6.400515381647928770e-01,6.971306403781565297e-01,5.301505600748085412e-01,8.402349900299294072e-01,8.197558037415514365e-01,5.987204631034903635e-01,2.228720181942911716e-01,2.324505991573815877e-01,7.829273797949829472e-01,7.806522727933465911e-01,6.696534736650952002e-01,7.456844662458346207e-01,4.666361204940189800e-01,2.636086873624489679e-01,4.374454198656550080e-02,1.853292489912784502e-01,4.453903081628847738e-01,7.356889352232475199e-01,4.971758100654126156e-01,8.894652908613022158e-01,8.276016396538050657e-01,1.278318640687591823e-01,5.578349952722142513e-01,9.257427426437763174e-01,2.107305324035554372e-01,6.273236304235456640e-01,7.389725642752824619e-01,6.996998831371866734e-01,7.426905161342673978e-01,4.625149968182726973e-02,-8.585186096410581114e-02,6.449748145362992346e-01,4.474462766091092392e-01,3.492732448565231684e-01,7.820706518300731824e-01,2.091292216486831945e-01,1.944337027216111180e-01,9.657620651374329013e-01,7.493649109226431237e-01,4.026872121489332712e-01,7.617085453369519810e-01
6.092171333652105503e-01,7.402489917533013886e-01,4.664797407768891957e-01,9.742786541483671181e-01,7.927905614018048164e-01,7.392236733166845930e-01,5.311297946651230006e-01,5.473760998862811089e-01,4.737995700591083326e-01,5.689925312769568144e-01,7.456269685596780272e-01,0.000000000000000000e+00,4.856947716785462998e-01,7.260008609190347073e-01,9.444683069963549782e-01,8.146292334376465938e-01,6.684105867542705637e-01,4.601380920609532965e-01,4.173449423065912489e-01,2.763536412735929648e-01,9.969494364751079196e-01,6.241486618492257943e-01,9.742687178850937268e-01,7.227455065690949754e-01,5.383902297865230668e-01,5.929127037390619082e-01,6.217154640016714362e-01,2.040084593578664340e-01,4.077794247913555520e-02,4.720977284872788782e-01,4.122554263376033146e-01,7.080384813800003618e-01,5.317704395963619435e-01,6.048218450835509685e-01,6.694098538652965003e-01,4.500492870106787557e-01,5.797409234707432413e-01,8.543807849823364942e-01,7.851367589838800232e-01,9.783627851402585396e-01,3.661892042391351465e-01,5.058363051648233633e-01,5.109312631649538528e-01,5.210048765362846890e-01,9.483757147353935046e-01,5.285931230894279631e-01,4.300344256327733317e-01,4.932372767643083966e-01,4.343773163320795994e-01,7.696033013989829197e-01,6.117049577358389945e-01,6.980205063285067624e-01,6.553040068894153691e-01,2.257933898627963454e-01,6.573582296161888383e-01,2.910749091141579536e-01,7.443764207463795524e-01,6.399451170487405749e-01,7.807510421726663319e-01,1.129291473823863801e-01,6.349089761558763811e-01,3.246688094539160185e-01,6.168496804710715820e-01,8.833063098528890489e-01,9.278996540247762548e-01,4.161755562263067532e-01,8.890082350429114877e-01,6.402503638670694608e-01,7.954543216676388528e-01,4.341667743373441302e-01,4.039877944287781908e-01,4.185886548314358135e-01,5.155863491656047515e-01,2.833735370421379129e-01,7.526592139331075293e-01,-5.181730779751969607e-02,6.166141305375546500e-01,4.610028553542711016e-01,4.075107864849647488e-01,6.638042962417353143e-01,6.800879537978448131e-01,6.240321546415390497e-01,9.821417415573053811e-01,-1.245789276839855270e-01,8.009299722621444628e-01
7.412488013813036680e-01,5.653856157123464676e-01,9.102237550981221448e-01,5.690822343733263899e-01,4.816184377160857011e-01,7.095359607248709066e-01,9.112160243581695074e-01,7.407669892876334039e-01,2.250321223159311990e-01,8.454633913194781192e-01,9.408463673706521924e-01,4.856947716785462998e-01,0.000000000000000000e+00,4.578568517185398479e-01,8.036092145611720139e-02,7.930336332546095157e-01,6.276151851379665469e-01,7.685896009625411418e-01,6.290173257353833813e-01,9.603367345494265850e-01,7.380780624237684995e-01,9.930310390529357711e-01,7.298925427594289417e-01,7.889265499522435388e-01,5.560567313572105652e-01,9.262141212826978665e-01,4.474291771566042408e-01,7.352161712321717557e-01,5.172051208140059364e-01,4.686693991442386631e-01,2.626073016752292766e-01,6.501639716935826430e-01,4.451322639239698176e-01,3.416270437031254659e-01,3.527091193392631885e-01,5.489357363297958647e-01,2.191817100664862905e-01,8.875754821828951702e-01,7.655251396528314212e-01,6.320009687949482702e-01,3.542144560459852265e-01,4.878791202447251285e-01,9.413491924431653946e-01,5.546250181975821425e-01,8.908842595503292383e-01,3.300054757107493408e-01,6.256702630135306809e-01,5.257476505911576892e-01,7.369446334110845154e-01,4.800664696306758961e-01,8.423819677426145347e-01,5.103560518590293249e-01,6.241134198511971709e-01,9.118913015872258665e-01,8.966309376573510237e-01,8.365964792580284914e-01,7.909000547970127526e-01,4.183189670940311577e-01,7.654100731793325174e-01,5.639164127658908843e-01,4.146425633066694871e-01,9.049187821793427400e-01,6.496995220864950626e-01,7.446836440587550898e-01,7.906602292492272976e-01,6.365249734592730579e-01,7.954262935528253475e-01,4.385021460321220643e-01,2.179252030456713674e-01,6.897393174595740639e-01,4.270689258519282383e-01,6.496785543794717510e-01,7.842284180185356002e-01,7.860928405896459026e-01,5.631820776606888401e-01,5.042556437844166739e-01,5.032965275592358179e-01,6.391250476373009359e-01,9.836242071754995875e-01,2.735416972070366382e-01,1.813621390728459848e-01,9.270108230386187032e-01,6.652397569183479131e-01,4.316707374720761270e-01,9.453226296858698863e-01
4.631572613336311095e-01,5.302129546207858812e-01,6.597927177429853129e-01,5.836087842186168384e-01,9.586108418659196051e-01,9.368010444498241496e-01,7.984987203553881585e-01,6.912354507706990336e-01,9.659953889889774103e-01,6.176371257890796995e-01,4.322098741639419095e-01,7.260008609190347073e-01,4.578568517185398479e-01,0.000000000000000000e+00,9.280624045702655645e-01,5.631924052829098137e-01,7.282440397431770851e-01,3.238201646322799165e-01,8.518078913317570500e-01,8.464309010095462105e-01,7.868815947082448137e-01,6.427077178326839890e-01,3.149933348922310805e-01,4.431142244075474412e-01,3.609270173964694850e-01,6.521958056864574083e-01,7.993132173815167274e-01,6.942308231289112674e-01,-8.864016504731266066e-02,7.556147605646370558e-01,2.274478931066322707e-01,6.383090954164463149e-01,6.614841017142796264e-01,6.339350043410023616e-01,6.228839303253886905e-01,2.232387598261354189e-01,2.571716298936236322e-01,2.667162385123731383e-01,4.573593000192633373e-01,4.648443408390671161e-01,5.261067075130404502e-01,6.720173598004022253e-01,4.560035044371762436e-01,7.657052360838162430e-01,7.578280475987805298e-01,7.869739827634842921e-01,4.132931613248796987e-01,6.699383799789435656e-01,6.690746253789604525e-01,8.915857227363875870e-01,5.854702039185195606e-01,8.151203536375216663e-01,9.469195270984924750e-01,6.603988384197843065e-01,8.350748938782044384e-01,9.431746329541450535e-01,6.523703712427021406e-01,9.199676718029417000e-01,7.152955994633353187e-01,4.199238735645048903e-01,7.613145321393008924e-01,9.564923246452355921e-01,9.181045204544566740e-01,9.047719091018061599e-01,2.123506609054119643e-01,8.801579107585366657e-01,9.080604873917439424e-01,6.277717605688933888e-01,5.384842144525963104e-01,9.619568593717100491e-01,5.754009653121787693e-01,6.722844059572381514e-01,3.639101905704937856e-01,4.872556028901184333e-01,4.068238388852840615e-03,5.121389276224581621e-01,6.651534738341311481e-01,7.143465831678519340e-01,2.729105633916793089e-02,5.117807231179830607e-01,4.914239338319404959e-01,9.472228480143853879e-01,8.340878917485374799e-01,7.711498356922038555e-01,7.593823327009526780e-01
7.536110366745946143e-01,5.795502239087423346e-01,9.106600218442212347e-01,9.333134391028262700e-01,5.313178243551932578e-01,7.771574034523749397e-01,1.889985110109753119e-01,1.133654172288168643e-01,5.577481232396168664e-01,7.610188940414726044e-01,6.743888842421927876e-01,9.444683069963549782e-01,8.036092145611720139e-02,9.280624045702655645e-01,0.000000000000000000e+00,9.198280349275188561e-01,6.534286980152191893e-01,2.910669988746661940e-01,9.627854363340495603e-01,9.099675402521923973e-01,6.367948289757916491e-01,8.364836789791688654e-01,6.046159965806250369e-01,6.570709396625129539e-01,1.237571463737591887e-01,6.440067309067764034e-01,8.357341326381708679e-01,3.710232638545167272e-01,4.465476976955732868e-01,1.119159171785697043e-01,3.429270512453519437e-02,3.293564132669495881e-01,2.224160818528950201e-01,9.844748067694739646e-01,5.090623028049742205e-01,2.034385499219413806e-01,7.848793213603656449e-01,4.649776674262938170e-01,9.410210024202054768e-01,6.036554427192295513e-01,5.926070187195615624e-01,2.753683405053324318e-01,6.274767911160410438e-01,5.922106107148612519e-01,6.288655497829743757e-01,6.075286262956099970e-01,4.302276080007405024e-01,6.497372450532722388e-01,4.986402828450941516e-01,7.052617157533622727e-01,5.201502814381373518e-01,7.164376823700531194e-01,6.177035615170763938e-01,6.242094116604478549e-01,3.198788728015469762e-01,9.537363609236733097e-01,3.778208575848448492e-01,6.084796848772262567e-01,5.848322873509471664e-01,3.491802455864735366e-01,2.263753867052314406e-01,6.548065440245355306e-01,7.287899781961083567e-01,5.316973014992270041e-01,6.881506684923551775e-01,4.688728603507339443e-01,6.588079625917877546e-01,8.026773173752973500e-01,4.804576143688358281e-01,4.346620328776699127e-01,7.440648223554845453e-01,4.971508817810865177e-01,6.182575498869111730e-01,5.177739273620801663e-01,9.244074839001126254e-02,6.230688839304651117e-01,7.441439300389263156e-01,7.140217352042400600e-01,6.314712946090583756e-01,3.793161276651356162e-01,6.934873901561223741e-01,4.006722835580715514e-01,7.666071673208645354e-01,4.651466610645600686e-02,5.522823886430380247e-01
2.848944367197400185e-01,7.985963008877111635e-02,8.601506582368492193e-01,6.146301913343475976e-01,4.884568370423477690e-01,6.064523274897596350e-01,7.711388219617738571e-01,7.470553715953229812e-01,3.852372807901571772e-01,3.234157127254545516e-01,3.196496073930331638e-01,8.146292334376465938e-01,7.930336332546095157e-01,5.631924052829098137e-01,9.198280349275188561e-01,0.000000000000000000e+00,8.728629570042686359e-01,6.799374440446348533e-01,6.196646213014527227e-01,4.046280599515859611e-01,7.109152114855775695e-01,4.112832073673952094e-01,9.637516125080349827e-01,4.681957754614444744e-01,7.756986579987323882e-01,6.599163153278332361e-01,9.576664086215946892e-01,7.116270140828013790e-01,4.542995346226423869e-01,3.898682596352468499e-01,2.583766184539614263e-01,3.765428432435721784e-01,2.719215368117242071e-01,2.684482633901377202e-01,7.300259859017549369e-01,1.512188392303286388e-01,3.127948711040992036e-01,6.459947321155826705e-01,5.976458484144482330e-01,6.727547409340803863e-01,4.609928453499030909e-01,6.495928701902240476e-01,9.799272941891577771e-02,6.663262451763035665e-01,6.572767014273257491e-01,8.878780153398352359e-01,8.424678506815781454e-01,6.438927078349565569e-01,6.966171437654693488e-01,4.192935270481586429e-01,2.252393891556768168e-01,7.050632696210688000e-01,6.713851497002709667e-01,6.409371177388386576e-01,7.338858554927594202e-01,6.663170695188158632e-01,9.076702421071397575e-01,6.671667187972306623e-01,5.272022042250871232e-01,3.810917033372939189e-01,7.664530810704304198e-01,4.709392928837120573e-01,2.399210043495100531e-01,6.159942192538866435e-01,6.547680974670119225e-01,3.065192994312970209e-01,5.766353498148906187e-01,9.744241499889151337e-01,7.067400827032005450e-01,7.911320532855854459e-01,9.771159762141770067e-01,7.287597293908638640e-01,1.326018196719287445e-01,6.302160673017720427e-02,1.586561054266004134e-01,5.240821441176420903e-01,7.613273462974711192e-01,5.237093652368721708e-01,4.959692018105467670e-01,4.754648253991788365e-01,5.113456237476323718e-01,3.575389251145464353e-01,7.229784911314878215e-01,4.051349873293177972e-01,5.658929512770253245e-01
6.213612881043732994e-01,5.375095923352607441e-01,9.171595780452945768e-01,4.327944759071677971e-01,8.398188794377159372e-01,9.461736347257493351e-01,3.758146750064251251e-01,8.857367216709847169e-01,4.939901947451527664e-01,6.475572587393030322e-01,6.700634555272864112e-01,6.684105867542705637e-01,6.276151851379665469e-01,7.282440397431770851e-01,6.534286980152191893e-01,8.728629570042686359e-01,0.000000000000000000e+00,7.751251450171060542e-01,7.215537558798079676e-01,5.005063527248768684e-01,9.484890978082770596e-01,2.412905178821415642e-01,5.239423442273587472e-01,6.508179266849962730e-01,3.422258327505013353e-01,7.048655323963062269e-01,5.194023425556442142e-01,6.489701964859218020e-01,7.726799875857250921e-01,7.154610224144646036e-02,2.356626937915220210e-01,6.947573307424490530e-01,9.542531401945288927e-01,6.635701000717564302e-01,8.651086160544887438e-01,4.908810634950216967e-01,4.921824293489314162e-01,7.480886482558908313e-01,7.167911086528563347e-01,2.614586492314888710e-01,3.584538452237695516e-01,2.388081988986983928e-01,9.137971167340797063e-01,4.152548077428192541e-01,8.502426394675451915e-01,8.268959517651890412e-01,4.822305173746149753e-01,6.297757782429559414e-01,2.097476946751582472e-01,9.135802207131850095e-01,5.244918979510366785e-01,7.767914629206001953e-01,5.871554670578266188e-01,5.795190551640588827e-01,6.659142121508931922e-01,6.607070205816191200e-01,7.066917750272299070e-01,7.634248152896800921e-01,6.065856573707906207e-01,6.912684434089642893e-02,7.051203185078421809e-01,8.401786734648963861e-01,9.294025622626280736e-01,7.854893080830399610e-01,2.549049345047172399e-01,8.748074665231535540e-01,7.879394446607037583e-01,2.536902063689620013e-01,7.462871662876074952e-01,6.087614188252356007e-01,5.546981351883489147e-02,4.689787697595154681e-01,5.926066161269176735e-01,4.713069889665708612e-01,2.910278239494689112e-01,2.639361742700290225e-01,8.131079358409442071e-01,4.444181637364232329e-01,5.019614045426102900e-01,-1.613258505600815018e-01,7.661627671183047772e-01,7.014186755192797218e-01,5.538115516347996703e-01,5.782235635851886713e-01,9.300009406130324008e-01
2.554237905003733933e-01,7.125067165246624645e-01,9.147096068098169441e-01,7.235819226539963456e-01,9.667293655456123957e-01,4.481470594201648061e-01,7.071437655569392522e-01,6.610776521743453316e-01,3.144414140803420965e-01,5.471355935479820243e-01,2.614150238095971357e-01,4.601380920609532965e-01,7.685896009625411418e-01,3.238201646322799165e-01,2.910669988746661940e-01,6.799374440446348533e-01,7.751251450171060542e-01,0.000000000000000000e+00,7.131403210453189923e-01,6.254243011217481829e-01,7.903521438675118471e-01,1.019048774679166824e-01,5.563271417082542580e-01,5.040114084439812903e-01,6.335716981744377030e-01,5.281541116840037242e-01,2.163631131457697809e-01,4.928431105462758866e-01,7.290784682288546925e-01,6.338483955321241314e-01,-7.990767721824276748e-03,2.956126718335694292e-01,7.736450735491495756e-01,8.806132833301842933e-01,2.142442164946087302e-01,1.688712923858760595e-01,5.197059223305419140e-01,4.941935872028090926e-01,8.196936781854787801e-01,4.680450471339392959e-01,8.968148979273740662e-02,9.381332108866810016e-01,9.111591677727057803e-01,9.764590734330577115e-01,5.640535979629015539e-01,7.391735809781931898e-01,7.252080737105511821e-01,4.171040317034525602e-01,1.789339433155712200e-01,1.210463142862406721e-01,7.313596682511775970e-01,6.361130794228919694e-01,2.251189544143760990e-01,5.135124162788240465e-01,4.241910045652519390e-01,4.515973237385507155e-01,7.380996626373896863e-01,-7.084200508369309368e-02,8.812849672904010667e-01,3.711007868951863298e-01,7.558457388019852452e-01,7.340265393680573958e-01,4.608085358316903468e-01,6.271765189549660668e-01,6.927811913250568887e-01,5.784702842834231751e-01,4.390715287660486021e-01,6.994007386937554083e-01,3.124096739230728392e-01,7.542259634344345987e-01,6.762061614126905207e-01,5.917949551222998483e-01,5.932074146965338191e-01,2.496019982348686439e-01,8.277855497772416138e-01,6.223599802926067515e-01,6.218223450688652454e-01,4.814734906405388482e-01,5.644159496199674386e-01,6.249527578515819970e-01,1.736677222389967912e-01,4.028680281936628527e-01,7.423208850149141114e-01,6.919580613017500825e-01,5.116749571401698615e-01
