0.000000000000000000e+00,8.968447646948481955e-01,9.910185356766130216e-01,7.184221476882848290e-01,9.172214109915037827e-01,6.287292514800540966e-01,6.234895872577715936e-01,9.387795582106566172e-01,4.578151027375734761e-01,9.314955139978412513e-01,6.293081575099068736e-01,6.550536193195308776e-01,7.494296888707910886e-01,8.526023498781388765e-01,8.383411965125252552e-01,6.869481497019606087e-01,6.401028539777449122e-01,4.165731973294198864e-01,9.212177239339950363e-01,9.618499375378520844e-01,6.045762848353940511e-01,5.189582386238125178e-01,4.161558900006580020e-01,8.873717775129265073e-01,7.744071487867310033e-01,7.006848592139844900e-01,8.324627123684779084e-01,5.949510219044975567e-01,7.892880524159373579e-03,5.243448032785583690e-01,3.226128556606622233e-02,9.932050587011560516e-01,8.346440872420917145e-01,5.765482038729398129e-01,8.213572514520159906e-01,2.267502765435117085e-01,5.689861364317863046e-01,6.882723210576273676e-01,7.031399131921659551e-01,9.709306641030372997e-01,4.254154523528433929e-01,7.401598892216640913e-01,6.464818854971799977e-01,5.058934563373777005e-01,6.201836874620232365e-01,4.010688318669253238e-01,7.561697355329849435e-01,9.191633636809839469e-01,5.942855862047159432e-01,6.496399436126222282e-01,9.761974630698040389e-01,6.113657376618627515e-01,4.334266887286671310e-01,7.618905987738057162e-01,9.850341417982950709e-01,9.301746953991104627e-01,9.331768024165493225e-01,6.126506064154112474e-01,7.660009578914275252e-01,2.943023379314030907e-01,6.214206156134255421e-01,8.859231242586945720e-01,8.223199189994243596e-01,9.973657449018257237e-01,9.220759862880701929e-01,9.248459398200928883e-01,5.532759436373427819e-01,6.234643840888940414e-01,7.741123574761985537e-01,9.244747871305439846e-01,5.808655692761288680e-01,6.236753192364572485e-01,3.119657444291957793e-01,3.664870794421583033e-01,8.794095558182886130e-01,8.734351378872587945e-01,9.697755487662549356e-01,4.285697686886452695e-01,6.115429790720072756e-01,3.933357293691675527e-01,4.743954405359313009e-01,4.333833880256224846e-01,7.096626591776147297e-01,6.974347004494469981e-01,9.925877524367398008e-01
8.968447646948481955e-01,0.000000000000000000e+00,8.059745598470720029e-01,9.223401734118613637e-01,8.337122184525715962e-01,9.008741186327351436e-01,-3.322998721854515392e-01,7.113272389959589548e-01,6.560370572024909475e-01,8.423928710417329935e-01,8.803328623796876640e-01,9.762701886347470159e-01,7.385499454499736549e-01,6.239483529486343771e-01,3.338587931410938459e-01,6.454273029370811710e-01,4.937461097373482821e-01,7.159044799389354674e-01,9.544964437579205319e-01,5.504054107016238540e-01,6.176571118209988054e-01,3.701623510078406176e-01,9.549968139780755649e-01,6.647632577868960446e-01,6.524491982622008246e-01,7.813856676312362914e-01,5.884446225018611365e-01,9.012133380984856945e-01,5.043165022029009181e-01,3.644204271179874999e-01,1.002295026705261743e-01,7.991675223693223140e-01,9.660484995400070440e-01,7.134460664778388139e-01,3.585681667872577666e-02,5.765704379954250669e-01,4.617988754535676810e-01,4.600018707286959718e-01,9.373073590476641570e-01,1.698969817791163295e-01,8.224884411096533565e-01,7.396909129876151345e-01,6.798837984212140473e-01,7.524885887253132122e-01,7.601535015373696025e-01,2.200293887969735906e-01,9.751506905794486979e-01,4.509630625215884092e-01,4.848968685300161785e-02,2.810630444978738374e-01,7.539648061108437105e-01,4.421664344524629531e-01,8.382849497266259275e-01,3.818147138558303788e-01,8.286357792933367605e-01,4.902553024602768761e-01,6.787891314034603107e-01,7.522742265410111706e-01,8.174880716061894148e-01,4.451719462636087865e-01,2.111399895688965411e-01,6.293115527898712758e-01,6.988786755547919949e-01,8.823867085765785268e-01,8.917425327838873761e-01,8.219361354056327063e-01,6.110645113887341884e-01,6.913519442030827689e-01,7.762704866757117461e-01,7.459720843585350147e-01,9.047325799579153394e-01,6.174868413705064674e-01,2.265143309408678696e-01,4.310191221388606220e-01,9.525630974461177236e-02,4.858110247898856926e-01,9.449121371606277187e-01,5.768814878092947129e-01,2.458958701356317444e-01,7.189945819767278035e-02,4.985888240626659140e-01,7.556281990867756981e-01,6.707351440175639556e-01,6.114822649147283462e-01,6.183182468424449629e-01
9.910185356766130216e-01,8.059745598470720029e-01,0.000000000000000000e+00,6.664472966403273135e-01,7.911047920865945660e-01,4.041962730782252544e-01,9.666938614741591440e-01,3.447533786112738641e-01,9.375964225909854122e-01,9.569629111098283403e-01,9.976807617263195871e-01,8.091104468798506755e-01,7.227894137966937027e-01,7.066707570309106456e-01,4.200515128888425709e-01,7.479812645387740044e-01,8.722840145323251804e-01,7.813581629686301433e-01,5.170615880013029741e-01,9.174446731469146910e-01,9.992027897041961815e-01,7.782300088071154587e-01,5.380225638304807489e-01,9.238773912248645637e-01,2.937033304505536346e-01,2.819216753040357237e-01,4.117489206629710852e-01,7.720381064678207839e-01,4.819531502874612738e-01,7.502617232700385941e-01,3.608486348014560141e-01,7.278155571652700218e-01,7.922206022131350611e-01,7.299993758101021024e-01,7.350684596422047967e-01,2.871412963694224829e-01,9.561458167494540916e-03,6.546928210984406249e-01,8.293207769303214683e-01,7.793144309099414579e-01,4.193400290737119840e-01,6.494834506945013075e-01,8.780147081787248453e-01,9.939683886238384058e-01,9.944912069914646491e-01,3.459373109020186243e-01,8.412234210251831046e-01,4.626443252307820275e-01,5.184135466184932595e-01,8.990760211177694083e-01,7.362961229126030460e-01,8.255029507208765382e-01,6.423533514835555458e-01,7.408012408594877307e-01,4.596998477266052152e-01,8.866718651829817999e-01,6.565149740750960694e-01,4.526254812458688215e-01,2.996245088743967888e-01,2.597048582322125099e-01,2.832946047605318096e-01,8.281123115959782011e-01,4.074973707652391752e-01,8.516668594548816307e-01,9.386766684693779172e-01,9.662258891554433848e-01,8.445344800738120439e-01,3.779552860297124006e-01,5.934177608036729223e-01,8.757995589439466766e-01,5.531614544075317275e-01,8.638125285426913047e-01,5.258571154301662220e-01,-1.759169425646693596e-01,8.505294701642076571e-01,6.975546379232704375e-01,4.173378624030532613e-02,9.567193666031632571e-01,4.056425869842271714e-01,6.584195547244618973e-01,9.485198890291970386e-01,4.031969548805124370e-01,5.097569752438966262e-01,7.344861009406340457e-01,6.242318617484071686e-01
7.184221476882848290e-01,9.223401734118613637e-01,6.664472966403273135e-01,0.000000000000000000e+00,2.091222689521156919e-01,6.645953898355607681e-01,3.753108110735172698e-01,8.783329789675486943e-01,4.272058539368627228e-01,5.801115976947304742e-02,5.921502264785649672e-01,5.607259365873447088e-01,6.075560878370687146e-01,6.111349200611674304e-01,4.744032119134848902e-01,2.430852623074001018e-01,4.898244385683102609e-01,8.365407645342619603e-01,9.455030596778827290e-01,2.592476440008071314e-01,6.465938832923600055e-01,7.409963339369478597e-01,7.057981291090518194e-01,7.629340352808331449e-01,4.417990777788645684e-01,7.902451339609770642e-01,4.481660028255310402e-01,6.752439611630443039e-01,2.817388622510462182e-01,-1.598435171952861111e-02,-1.501806294562542388e-01,6.540268799171542469e-01,5.569646465085418274e-01,5.298454031900368122e-01,4.274887670826164054e-01,3.118404810640647007e-01,5.659633244516140693e-02,2.535171139267261564e-01,2.850780949150567012e-01,4.128634812387450004e-01,7.549314990280888704e-01,8.735640228351934100e-01,6.581403964712203569e-01,3.423421193516572592e-01,9.271836924060790075e-01,6.974083663751458051e-01,6.975207076794347483e-01,7.839449658326940185e-01,5.117760940715411211e-01,5.151599743262899045e-01,2.621511411209178077e-01,6.353588860452717979e-01,3.257667394434856645e-01,7.533698384482312438e-01,5.930463336308682276e-01,9.318943193487982946e-01,4.349754798000659006e-01,7.043990531109856068e-01,4.257101125231500527e-01,6.367799742095608950e-01,1.765940842518069209e-01,8.230650925305800225e-01,4.823598211711371819e-01,3.525084482181473078e-01,2.913971241394034406e-01,4.228447326371116977e-01,6.201868526751265209e-01,9.520979372724358569e-01,6.264677004798532289e-01,8.897650064565121308e-01,6.942310463151396549e-01,1.384646234159344347e-01,2.172687217413916128e-01,2.033778196460086785e-01,4.507389735526507457e-01,9.298066502776893838e-01,4.876712141275167944e-01,5.531476945484157387e-02,4.327114093599399025e-01,5.103934475847605734e-01,1.723229207129187701e-01,5.319547931924163420e-01,8.809112656372686256e-01,1.301908683772037834e-01,7.124042080635860641e-01
9.172214109915037827e-01,8.337122184525715962e-01,7.911047920865945660e-01,2.091222689521156919e-01,0.000000000000000000e+00,6.650634733061047132e-01,2.211342957648358420e-01,4.557662724542388410e-03,7.301788709497959440e-01,9.506665196674481955e-01,7.307718035328466533e-01,5.268198755827064872e-01,4.814717795345645479e-01,9.592981585496028751e-01,6.100033442531260786e-01,6.816413754935759517e-01,4.947361333827369756e-01,8.275819644532882435e-01,6.789906616535335004e-01,7.774062897254716553e-01,8.386550110078554443e-01,3.485957896245513443e-01,7.831158047527153609e-01,8.212123641563623400e-01,5.366327677454761913e-01,2.937062706890524177e-01,7.538313503774405344e-01,9.965555797639669144e-01,5.277548489642205354e-01,2.082292462314013493e-01,3.679979309959177103e-01,8.284238740692468905e-01,5.910040720592465435e-01,9.801160646632838258e-01,4.461853831367479928e-01,3.480856108667024218e-01,5.439770976387883206e-01,5.357966224743873074e-01,8.760404926209736098e-01,7.808393205119776859e-01,3.655731115900056061e-01,7.739129559267085012e-01,8.991426506014168485e-01,1.211278883246837412e-01,6.994633052300490705e-01,7.294104215109646905e-01,6.169599614249471342e-01,8.714130931514447731e-01,2.931008225668407241e-01,6.661884448738040199e-01,5.997026802525708966e-01,4.811913779838128402e-01,6.038467945715831897e-01,-1.954900776391325645e-01,7.840399157764098570e-01,5.041289590104832685e-01,6.906135409190555796e-01,3.507966650287102084e-01,4.634366854251659729e-01,6.693160351253322204e-01,4.598882630586425546e-01,8.254884779849852583e-02,9.843831530667404017e-01,8.853436611972012038e-01,8.924058046515821463e-01,1.544664283994854337e-01,7.247607894084487912e-01,6.566080613193108206e-01,9.511421710286367681e-02,4.619569599121539083e-01,6.413981867190592379e-01,4.890658828965620541e-01,2.063020672665980548e-01,2.437907648415320594e-01,5.324129667062684756e-01,3.816179055663552200e-01,7.799846924263227343e-01,6.675129629718105084e-01,1.658000612822514430e-01,3.774466424198293368e-01,3.870466489332149429e-01,6.590767235548949943e-01,9.880065220380938040e-01,7.859134603864565971e-01,7.239854726476655511e-01
6.287292514800540966e-01,9.008741186327351436e-01,4.041962730782252544e-01,6.645953898355607681e-01,6.650634733061047132e-01,0.000000000000000000e+00,2.668661283222960590e-01,9.028439371782536194e-01,6.886323706222117202e-01,5.616521309359843173e-01,6.094695855577596522e-01,5.682680193510720734e-01,9.975370733122753686e-01,5.390594628095425334e-01,4.493278145331507795e-02,7.118230309084716545e-01,4.859689869263874584e-01,8.982377038482318721e-01,8.635419806932734810e-01,6.650085347918455181e-01,8.862028660639147404e-01,4.307603045783005569e-01,9.775802491590485088e-01,8.921945755025179059e-01,6.599274431467556656e-01,7.941855709217511272e-01,6.470983940701465764e-01,6.000986684685100103e-01,3.087196705093621651e-01,3.482220316040427477e-01,3.630949411574059260e-01,2.533803213236893170e-01,6.186578851275299495e-01,6.021098485087729157e-01,1.388891331822091901e-01,7.641382599482275939e-01,2.136814781085032144e-01,6.026494503322648022e-01,6.610639233381542246e-01,8.905760780161587897e-01,3.013668034127800488e-01,2.456867396599776154e-01,9.760015336868593794e-01,6.276655966728809100e-01,6.663801673157518923e-01,8.625332183740069825e-01,9.587157510674633176e-01,6.896827621650315487e-01,9.293522863910529397e-01,6.444500159974391185e-01,3.534628549791760110e-01,3.900555356901478365e-01,7.668574062539609271e-01,4.474105926881960515e-01,9.737087208581032272e-01,6.534839091421851265e-01,6.608805126258124885e-01,9.542951978629485854e-01,4.128808024986309611e-01,5.100051731923478382e-01,5.340720689725422243e-01,7.777199293127573521e-01,6.097947856355241392e-01,9.354186978238974159e-01,6.367098338540702063e-01,8.853569211102019221e-01,7.090317720773188226e-01,9.496657341378256234e-01,6.575656709049975124e-01,6.306818605012209922e-01,4.609132131381289965e-01,5.051178746336333347e-01,6.884064879380277224e-01,6.524660873100339709e-01,4.033798871412147546e-01,6.573832289230784331e-01,4.806423922918077185e-01,4.327018966441685266e-01,1.838293491826380743e-01,2.497162031851155040e-01,6.871425805858962788e-01,5.987927315144367935e-01,4.528269739986301445e-01,5.855681431915479296e-01,2.842801500998048958e-01
6.234895872577715936e-01,-3.322998721854515392e-01,9.666938614741591440e-01,3.753108110735172698e-01,2.211342957648358420e-01,2.668661283222960590e-01,0.000000000000000000e+00,6.568509710671265323e-01,3.813558487191727187e-01,4.791755219879514360e-01,5.338506125866717689e-01,4.530396920097469748e-01,5.101413939385893714e-01,3.316512517005028027e-01,7.077758674990788368e-01,-1.221517099224594394e-01,4.995281506053849130e-01,5.423304252790466240e-01,3.169872251631665749e-01,4.968879314955353399e-01,9.395959684273358370e-01,3.087111209389140076e-01,4.295792138960469186e-01,7.558056732261642097e-01,3.400350828790266178e-01,4.688319987968667113e-01,5.190546433625720102e-01,6.837994892787341294e-01,2.331128786699343536e-01,4.875043919123760450e-01,1.938499427749051929e-02,5.463974631309055363e-01,2.373729450117705586e-01,6.881391049432570295e-01,6.623197849038523488e-01,3.717826646901919996e-01,1.182683999484905879e-01,4.081860913563072346e-01,4.197814195824737804e-01,6.917687921413357977e-01,6.423293027963061785e-01,3.463453253436634682e-01,6.249772910931342684e-01,6.966148581541574680e-01,8.652988929177897193e-01,2.771762411336941012e-01,1.949234733196218983e-01,5.491800322753046526e-01,5.585798873508499574e-01,8.909849768317074092e-01,2.239772749286376152e-01,5.169981712987735678e-01,4.047122826616994518e-01,1.891518121499121685e-01,4.801188753343595961e-01,1.872372700821665348e-01,3.981807500941672018e-01,6.635788341227482068e-01,6.830605867593507741e-01,7.183986037558299786e-01,2.573082537149260496e-01,6.600021480451647715e-01,6.513266317907473457e-01,4.671565788185763624e-01,8.118228496090426072e-01,6.433543864102111431e-01,4.650045385211488691e-01,3.033843584157440709e-01,4.373351677803735127e-01,7.539964792283722073e-01,7.496553614476753058e-01,2.338914030618315446e-02,4.075406285180909194e-01,1.849191609664144198e-01,2.694788282724237538e-01,4.386423696293177965e-01,5.729029023626006634e-01,2.429079124467782569e-01,3.372376668013563061e-01,3.612261801658094712e-02,7.343282401206260301e-01,2.723391671618130561e-01,3.898301011350847611e-01,6.622127213487090103e-01,5.383520872114263556e-01
9.387795582106566172e-01,7.113272389959589548e-01,3.447533786112738641e-01,8.783329789675486943e-01,4.557662724542388410e-03,9.028439371782536194e-01,6.568509710671265323e-01,0.000000000000000000e+00,7.214733190976124755e-01,2.754504316856111190e-01,5.005266630046140142e-01,5.471436245334320159e-01,8.988854097375801322e-01,4.258710847747362860e-01,3.072902531066254439e-01,6.331972330460321485e-01,4.417923383841897977e-01,6.936744392357743205e-01,6.255278670980302103e-01,6.779822798448887911e-01,9.232960697064136468e-01,6.904043814564903014e-01,7.762773232364434950e-01,7.291018592129088205e-01,7.479381787369620005e-01,9.267259969786467710e-02,4.797899930415865932e-01,6.214805848824553891e-01,4.840047554120714413e-01,5.221100735376070778e-01,2.174761557744249174e-01,5.467900366843263527e-01,3.991049007810812399e-01,5.497291520948995869e-01,6.727410620326557122e-01,3.651451523615687478e-01,5.224148568347675159e-01,5.475646132933346122e-01,6.069888110533667724e-01,5.054406273382600068e-01,3.085344318750948833e-01,7.215589122480611239e-01,8.616727731592574990e-01,3.616920465363585580e-01,7.281570906156574763e-01,2.608842233738836724e-01,1.328518653783464787e-01,5.187128120934643150e-01,5.480500381174103763e-01,3.507937856575907842e-01,4.739516446345711786e-01,4.344313156287120115e-01,3.615192242558554758e-01,7.957769099315943617e-02,6.813443119498809875e-01,7.868958334719836634e-01,5.490207439117296140e-01,7.715768020208783051e-01,8.066806315963741536e-01,2.026146277760707270e-01,4.994322303173677757e-01,2.386496430537129454e-01,7.315599977159028544e-01,6.260324045521419301e-01,9.690861944965577512e-01,2.898858087241905634e-01,6.607069678791412937e-01,8.500939948132001378e-01,3.975599463598866734e-01,4.656164990920822477e-01,9.198010775213149026e-01,4.368241575740363647e-01,2.755391266053155430e-01,4.533125198366225878e-02,4.745207060911084684e-01,4.035193692474789984e-01,6.593622458796181141e-01,7.622005408618093281e-01,3.902377620279813830e-01,6.754032565054950421e-01,5.404045450926052707e-01,7.086726608635774971e-01,4.774634232477369400e-01,2.164356035594449668e-01,8.589044221433338178e-02
4.578151027375734761e-01,6.560370572024909475e-01,9.375964225909854122e-01,4.272058539368627228e-01,7.301788709497959440e-01,6.886323706222117202e-01,3.813558487191727187e-01,7.214733190976124755e-01,0.000000000000000000e+00,7.231368488757652369e-01,5.342452423775081449e-01,4.566818801042319409e-01,4.950957998159088991e-02,4.750666904229460807e-01,6.120736775982303923e-01,4.779871117414599690e-01,7.512625421311396323e-01,3.348134158790466719e-01,6.628646029311735521e-01,7.934590051714085490e-01,8.246639677681103509e-01,7.116527477208738350e-01,6.031060448850621425e-01,5.808794867406568141e-01,6.567685508266407624e-01,7.077750288423632075e-01,6.636175064366276466e-01,3.988674843290593991e-02,5.321516578603787684e-01,3.257608082069862743e-02,8.658689952966956704e-02,6.368762379812132890e-01,5.187247460960457968e-01,3.392546306628653197e-01,5.537456482380503919e-01,5.956264939664662750e-01,5.167867804374370877e-01,5.580292612735724411e-01,4.427545970299922029e-01,6.242307350220523965e-01,2.443357849256779998e-02,5.748649710439092120e-01,9.145349979825352360e-01,6.975162822346814284e-01,4.159379789379832326e-01,9.754108283690988701e-01,5.707628604155126073e-01,4.898019156778363192e-01,6.022093310049529968e-01,9.951260329324511655e-01,6.906641539979950783e-01,2.540184042499364914e-01,6.331318158570371502e-01,7.046771298434144626e-01,6.191950003602374464e-01,6.867253379196111007e-01,7.155837104101059332e-01,1.896059914414996161e-01,6.161424006061562153e-01,3.956098964215973846e-01,5.543656429096899263e-01,7.477357199076818395e-01,3.416100035346507635e-01,9.013526590348074352e-01,7.764617386391547971e-01,4.517135129312765951e-01,4.218365580615663357e-01,8.356048436159353443e-01,2.762172866916823288e-01,5.181155338859616544e-01,8.744122959462221623e-01,4.087885567193421110e-01,7.141213148530898280e-01,4.079151046809205150e-01,2.732861021505008092e-01,7.433162742769365838e-01,6.856861204807860322e-01,3.324725145595042175e-01,1.240685994744692017e-01,7.606467270660284552e-02,7.307135119774750276e-01,9.332730013281658188e-01,7.074575559920215362e-01,9.562566067324380914e-02,5.382807956190682752e-01
9.314955139978412513e-01,8.423928710417329935e-01,9.569629111098283403e-01,5.801115976947304742e-02,9.506665196674481955e-01,5.616521309359843173e-01,4.791755219879514360e-01,2.754504316856111190e-01,7.231368488757652369e-01,0.000000000000000000e+00,-3.247774052954535695e-02,6.195024153629113961e-01,4.410417637384332346e-01,5.794937692881787505e-01,6.787138657188335200e-01,7.145210858702959467e-01,-1.696542097863801279e-02,5.176000958346236303e-01,3.827384030468714560e-01,7.433654174513386614e-01,6.050811333308436790e-01,-1.219253495155116079e-01,5.530086222091713521e-01,4.785375749778862375e-01,4.462789147763658870e-01,4.198242438070948768e-01,7.626367546280087284e-01,9.516728888685127563e-01,3.126831104494706692e-01,5.185843778073930821e-01,3.752260302047182861e-01,8.186652891468173543e-01,4.527024017097960873e-01,6.477191434893454502e-01,6.951935678129257390e-01,4.086434999803705281e-01,7.871045990450468155e-01,5.354789709022239608e-01,6.826086431866262849e-01,7.186347848526318804e-01,1.716769676534347089e-01,4.107912124757124861e-01,5.949196868895744172e-01,-4.822397447081448463e-01,6.335007742938620900e-01,4.646035703684202600e-01,8.276388088755274319e-01,3.131499864654480048e-01,4.734976746147400717e-01,6.853805865110659257e-01,4.472575043706438769e-01,5.277815879161528168e-01,6.924166740557209376e-01,8.451329361477744051e-01,8.352406152227729308e-01,6.116837110546761158e-01,7.302427808693131572e-01,9.713829998860695758e-01,9.792269751531279542e-01,2.752022356439647321e-01,5.883877299588464727e-01,3.173620415739418221e-01,4.056943406115346429e-01,9.429792677764896602e-01,7.364186996884465319e-01,4.030179959242384813e-01,6.474858998821400036e-01,5.814973434276639042e-01,5.207916286474607581e-01,7.687172180329145954e-01,4.499254524084059237e-01,4.440842618558285548e-02,2.167910883231019270e-01,6.983745208042785313e-01,5.564625768535950145e-01,2.868856595489822636e-01,4.678933107671532365e-01,9.492347530368633324e-02,5.671306809968141849e-01,3.717077300165519960e-01,7.932617206135816890e-01,5.583002259440844606e-01,7.438313245388038508e-01,2.093663732267289634e-01,9.272916131752224622e-01
6.293081575099068736e-01,8.803328623796876640e-01,9.976807617263195871e-01,5.921502264785649672e-01,7.307718035328466533e-01,6.094695855577596522e-01,5.338506125866717689e-01,5.005266630046140142e-01,5.342452423775081449e-01,-3.247774052954535695e-02,0.000000000000000000e+00,3.630222754417691267e-01,3.939681415484250770e-01,1.101298360601132009e-01,2.664471640193087354e-01,7.497272858270275231e-01,6.311885466545132939e-01,4.118282568008646005e-01,4.008244131332158178e-01,6.334328460362383950e-01,8.156613192608366258e-01,4.387532141122628682e-01,4.925521862375865645e-01,4.919541592416840081e-01,-1.221849614309489795e-01,9.126724480779299098e-01,4.420665452323676026e-01,7.084669935419577458e-01,1.443760556838520615e-01,2.251438048063662822e-01,-1.734876134713218554e-01,8.478333748398443337e-01,4.825278732063038034e-01,7.150539839390627206e-01,4.431027560262697229e-02,2.566536601197197953e-01,3.180194692621048091e-02,5.153742311293373346e-01,5.495742878182843238e-01,6.033518288100820914e-01,2.063679586386105158e-01,9.230539519703584439e-01,6.055093210253802427e-01,6.797738079713950832e-01,6.496904448897609097e-01,4.005520163266278882e-02,8.160097790174097865e-01,7.190480465850302982e-01,4.983249123014979465e-01,6.840489802776503758e-01,7.702469676305889745e-01,7.513551712095237756e-01,3.100404577304254339e-01,6.510270121077577077e-01,4.575528904868091384e-01,6.565964654884937080e-01,7.266529139772132107e-01,5.322643483630444816e-01,7.834754861430068829e-01,2.070300518336908036e-01,7.352489577475398441e-01,4.384258029912786458e-01,4.940406492821808326e-01,8.250483125125104289e-01,5.632592323600165152e-01,3.311803914223515055e-01,5.265696596883520098e-01,9.743632929528639464e-01,6.875245025114948838e-01,9.272815459709160546e-01,8.749621489921293183e-01,5.286068481987206136e-01,4.033186346724760840e-01,-1.934307011580354563e-01,6.638703437017503539e-01,6.536445753763574507e-01,6.904919340888543422e-01,2.408782469799266301e-01,5.308409889381459079e-01,2.069255431557303071e-01,3.115794845315402739e-01,9.984402742199378622e-01,6.916294011218159232e-01,-3.231484629095764949e-01,3.410096772865829351e-01
6.550536193195308776e-01,9.762701886347470159e-01,8.091104468798506755e-01,5.607259365873447088e-01,5.268198755827064872e-01,5.682680193510720734e-01,4.530396920097469748e-01,5.471436245334320159e-01,4.566818801042319409e-01,6.195024153629113961e-01,3.630222754417691267e-01,0.000000000000000000e+00,9.179474670967631145e-01,8.184384759881215832e-01,4.142346646555755685e-01,7.220161478912805464e-01,6.524845407147258358e-01,4.741787408789819303e-01,6.962930979282391242e-01,-2.003864739223634728e-02,3.271454470729542319e-01,6.894247360805904057e-01,2.010875585244096819e-01,6.937889834983950177e-01,2.945211971625594227e-01,4.303715141286189039e-01,7.105959232470875353e-01,8.386814066928947042e-01,-8.359796757817733459e-02,3.274351306114793303e-01,-1.777228896454909612e-01,2.108487440971070215e-01,6.198802318166569680e-01,7.467479090098771977e-01,8.614449010657672101e-01,7.515084118006720715e-03,-1.036437483818235250e-01,5.879582146185680092e-01,5.661988505789714576e-01,9.572804023209410262e-01,9.701103046784420592e-02,2.949758626735312847e-02,5.669704608925763001e-01,6.469691697077188941e-01,9.974978033640531372e-01,9.509122307569108923e-01,6.133403881145758074e-01,2.893096298016070711e-01,3.782127127498391417e-01,6.331695484813111285e-01,6.906895083060304863e-01,3.676931435345702770e-01,9.128652767727721828e-01,4.666274558620994162e-01,2.648561980965883356e-01,8.556195961874075717e-01,8.235981363364494046e-01,4.902687701101858253e-01,6.820856380680599962e-01,4.270179560396937246e-01,5.887833258423429417e-01,7.000370716470020183e-01,2.864499733259455727e-01,7.876664902417446212e-01,4.914624293494424534e-01,8.990733690648885501e-01,4.887209005966745012e-01,6.660581278999357924e-01,2.503514135435827570e-01,-2.162773117828509228e-02,7.983573814816598002e-01,5.708786483989213290e-01,1.989925697061587645e-02,5.363472633159507286e-01,3.475206222418110169e-01,7.551857557564770618e-01,7.170674947633601803e-01,4.046816042236049404e-01,9.903063612386686643e-01,3.233248843884169166e-02,7.195008859237010945e-01,7.209389413179756456e-01,1.293835330550634211e-01,4.673702423402179562e-01,9.091630047696389605e-01
7.494296888707910886e-01,7.385499454499736549e-01,7.227894137966937027e-01,6.075560878370687146e-01,4.814717795345645479e-01,9.975370733122753686e-01,5.101413939385893714e-01,8.988854097375801322e-01,4.950957998159088991e-02,4.410417637384332346e-01,3.939681415484250770e-01,9.179474670967631145e-01,0.000000000000000000e+00,8.695237462282578988e-01,3.784912157195048366e-01,7.879984721796309266e-01,8.684186028618886555e-01,7.180116296273606480e-01,6.461653462795727831e-01,9.425535641694345879e-01,8.956085508549793683e-01,2.956110782308566942e-01,-1.927175123629832620e-01,7.717803803154110742e-02,6.721306592457024776e-01,6.848490574631677097e-01,6.794401866189591077e-01,8.383469757127743893e-01,1.102290483756242639e-01,1.473174815544676663e-01,5.429231725121050900e-01,4.520194205238082241e-01,7.188494641926371775e-01,8.240455650465144943e-01,4.788770465225911099e-01,1.943870765732057804e-01,3.736826055069438768e-01,7.711156154852265576e-01,7.869692194989923451e-01,8.494298837201957886e-01,3.618472370204806610e-01,7.212168354426252703e-01,6.839932138061807221e-01,8.024660279658691886e-01,9.887380565460812676e-01,3.433108361137566789e-01,4.070589195993499221e-01,7.740839848215947949e-01,8.901121923675123782e-01,8.727451986541635565e-01,9.686961663034533432e-01,6.709940717352969042e-01,5.246785286198192289e-01,6.915649975013899997e-01,9.197721968907202061e-01,5.360506089216523495e-01,4.834582687601598483e-01,7.656517632171612187e-01,8.131232886343772170e-01,5.062886511278547053e-01,4.402711813898777526e-01,4.368643590112935016e-01,7.361793284444082541e-01,2.322725132253466163e-01,9.763268297999245782e-01,7.756006969178296240e-01,8.652604088085380507e-01,6.037013705423710519e-01,3.854236623960393127e-01,9.874688520050389773e-01,6.750582928566175589e-01,4.527759064673815836e-01,6.219821538001556460e-01,2.049222364975281374e-01,3.147828143195354200e-01,6.926482852780847521e-01,6.150471154606124147e-01,2.866850235309728601e-01,4.246441668183049689e-01,3.756661008132536339e-01,8.584765747268925384e-01,6.015714710290358536e-01,4.650918557982001711e-01,4.262648321862876899e-01,9.328629233024094969e-01
8.526023498781388765e-01,6.239483529486343771e-01,7.066707570309106456e-01,6.111349200611674304e-01,9.592981585496028751e-01,5.390594628095425334e-01,3.316512517005028027e-01,4.258710847747362860e-01,4.750666904229460807e-01,5.794937692881787505e-01,1.101298360601132009e-01,8.184384759881215832e-01,8.695237462282578988e-01,0.000000000000000000e+00,6.927519612798539450e-01,4.813303270810696533e-01,6.573822440767539410e-01,4.052692925094304455e-01,7.557902675482874866e-01,7.639875037751014952e-01,5.177219419761982522e-01,9.616403040751726472e-01,4.138764486779635821e-01,7.303457708070437704e-01,3.701938967561023697e-01,8.929978200391009979e-01,4.494766089490045413e-01,6.431557368848175305e-01,2.982638779096479786e-01,5.512822112863164925e-01,2.731132217926391381e-01,4.020397672300590752e-01,7.115307702986028993e-01,6.137129372013399031e-01,8.931935821866026082e-01,1.215875613061819793e-01,1.492347485054440204e-01,7.572354284190684348e-01,5.018193712450335076e-01,6.312266951122050829e-01,2.923240367507677906e-01,8.424208247647032577e-01,7.570955863133723707e-01,5.559424427303171212e-01,6.580514659833834878e-01,4.650064068700652253e-01,5.587986594880737234e-01,7.102373203852370143e-01,9.924174595027619450e-01,7.271884734631586245e-01,7.956984430266808017e-01,6.235836098466029931e-01,7.738517410848688716e-01,7.971080684414457718e-01,9.087561954407540332e-01,9.608865955073440102e-01,6.442017094330307891e-01,8.115307281138961493e-01,8.465260137065927504e-01,7.622583610871099813e-01,3.391344161381947275e-01,5.868110918299632717e-01,7.861085422350591045e-01,4.971887825092430879e-01,8.024776783568003946e-01,7.287151469751023125e-01,7.131890545505303880e-01,8.454965639539209210e-01,7.110973041583408538e-02,7.532896872961140078e-01,4.561042249393998937e-01,8.512947830519639325e-01,5.810549982396354673e-01,5.209138159173255511e-01,9.200793550980405078e-01,1.195088040457413792e-01,7.451132420705296466e-01,8.423800709129904973e-01,4.997299898704283816e-01,5.822371472971272777e-01,9.696436759523541227e-01,9.929668823813118106e-01,7.442176577260244397e-01,7.561960639562658182e-01,6.437436913546582540e-01
8.383411965125252552e-01,3.338587931410938459e-01,4.200515128888425709e-01,4.744032119134848902e-01,6.100033442531260786e-01,4.493278145331507795e-02,7.077758674990788368e-01,3.072902531066254439e-01,6.120736775982303923e-01,6.787138657188335200e-01,2.664471640193087354e-01,4.142346646555755685e-01,3.784912157195048366e-01,6.927519612798539450e-01,0.000000000000000000e+00,7.918740009343122610e-01,4.334902631746920809e-01,7.033823505703291623e-01,7.086563809367064648e-01,7.431299199627396934e-01,7.408389858918030813e-01,6.801758924504438530e-01,7.331598744996271622e-01,5.607871153458704461e-01,5.625170594765337428e-01,7.031524334531781273e-01,6.651286268217452280e-01,5.944442465114699869e-01,4.347976656579620736e-01,5.513363134745425942e-01,1.963128648492681039e-01,5.580913928431989746e-01,7.504849595652308691e-01,3.965438121202577992e-01,4.253089751380856320e-01,5.728351370608595339e-01,3.318094716608770423e-01,4.569642328104027151e-01,5.548002244310079600e-01,9.741059193878165434e-01,5.684997259121667978e-01,9.979990587737371799e-01,4.340249978829832656e-01,8.589092296126822346e-01,6.323190094630681823e-01,8.981923357369072658e-01,7.113812631537442810e-01,1.070077912668958645e-02,6.032946308149055303e-01,6.444848223764185757e-01,8.349871754632525178e-01,6.943975200110407142e-01,6.277741385646417038e-01,4.291374254071472216e-01,4.695534051787921270e-01,4.682891420783786840e-01,1.158586295209093342e-01,7.102867585873818834e-01,5.019881827996531820e-01,2.593097397542871718e-01,2.862064495514032303e-01,6.683894047029171892e-01,2.711526124807728810e-01,2.765961329307565220e-01,5.571472918153191900e-01,5.732725135038921893e-01,2.163440272875049308e-01,8.604914394992162485e-01,5.848607071125131451e-01,4.750965955625962578e-01,5.879933763914775291e-01,8.761151458264402336e-01,1.721136489595940511e-01,5.501981456764995504e-02,5.223815056270090240e-01,7.097272233784172046e-01,4.339358314406735473e-01,8.747538081943881938e-01,4.019695293983359674e-01,4.194270538036557472e-01,8.286994263044497044e-01,6.559081500358253658e-01,6.641572720285077169e-01,3.459307146107823971e-01,6.303225536078446156e-01
6.869481497019606087e-01,6.454273029370811710e-01,7.479812645387740044e-01,2.430852623074001018e-01,6.816413754935759517e-01,7.118230309084716545e-01,-1.221517099224594394e-01,6.331972330460321485e-01,4.779871117414599690e-01,7.145210858702959467e-01,7.497272858270275231e-01,7.220161478912805464e-01,7.879984721796309266e-01,4.813303270810696533e-01,7.918740009343122610e-01,0.000000000000000000e+00,3.189847639869128892e-01,6.217046156656639289e-01,4.875986470082811497e-01,2.152277985058002607e-01,6.855072343318195927e-01,3.937283094534204109e-01,7.083104473996659767e-01,9.317415421808855625e-01,9.095206517909489030e-02,8.846544821627697619e-01,5.457073849273210708e-01,3.007120829722774724e-01,2.422891411965943653e-01,4.960944009688568190e-01,2.836087371984864491e-01,4.434999527864089131e-01,2.718801554995836089e-01,7.750667901152346051e-01,5.821726103449219591e-01,4.070664825275152054e-01,-3.635310986116185861e-02,4.234254734432089662e-01,8.252568842751885070e-01,8.168936331312526278e-01,7.678335383069588571e-02,1.391092717699786707e-01,3.651733463279618341e-01,1.837164482934544596e-01,2.012456234138037536e-01,1.699305281033122728e-01,7.672788839045764364e-01,4.868316647521205853e-01,6.599317876044957787e-01,8.197105161324445000e-01,6.112532769707965663e-01,5.439275296413493832e-01,4.722752608827660570e-01,6.377539509327498912e-01,8.362967233820045587e-01,4.336810659766464626e-01,4.660668505596085032e-01,8.397276929025478953e-01,5.689801200560535843e-01,2.723653839842452018e-01,5.534813390684369949e-01,4.595526642764452552e-01,3.235617468656901696e-01,5.808398260982975403e-01,7.479452245539218724e-01,-2.096578158997691732e-01,7.623516548118490777e-01,6.742725071983148855e-01,4.679921346952957695e-01,5.053239242564522282e-01,4.991243904556972311e-01,9.346076643486876945e-01,5.159044151725522553e-01,5.852897920923727515e-01,4.836794571580095847e-01,2.750817159498416542e-01,7.601690165047829684e-01,4.717371372811103858e-01,4.403260154461647868e-01,2.946824000238527641e-01,6.707995463684501836e-01,6.461393993428125038e-01,9.671812376279640411e-01,5.100016181102995372e-01,6.828844596307216408e-01
6.401028539777449122e-01,4.937461097373482821e-01,8.722840145323251804e-01,4.898244385683102609e-01,4.947361333827369756e-01,4.859689869263874584e-01,4.995281506053849130e-01,4.417923383841897977e-01,7.512625421311396323e-01,-1.696542097863801279e-02,6.311885466545132939e-01,6.524845407147258358e-01,8.684186028618886555e-01,6.573822440767539410e-01,4.334902631746920809e-01,3.189847639869128892e-01,0.000000000000000000e+00,7.246772211926411078e-01,6.039666745917569024e-01,8.418725343668271854e-01,8.419587699347776955e-01,6.760866556515716663e-01,7.371139448929305837e-01,2.532682391936768584e-01,1.070607702148164142e-01,2.335964428510070023e-01,7.554342191984415589e-01,7.782969148238482182e-01,1.779141321973023437e-01,5.264418977232767638e-01,2.699566426954346232e-01,3.973559128596503842e-01,5.067270675259073487e-01,5.471023304445947755e-01,9.199785945291300004e-02,6.654769953686086037e-01,-3.122315105715003924e-02,7.347276097217959601e-01,7.950512128789641864e-01,8.892799955786763189e-01,1.932668203619566927e-01,6.902442923436874489e-01,6.797038097898562281e-01,6.181258125573887430e-01,8.410389448164772297e-01,4.570666821877879538e-01,5.574225755495985091e-01,8.136652557649605155e-01,2.591707603286683703e-01,5.835757443937659161e-01,8.733150453562054105e-01,6.981559115015650852e-01,4.191584844645406260e-01,6.461907857563251589e-01,4.283905907044507355e-01,2.387050433929821525e-01,5.839128133882145466e-01,7.320398307581609254e-01,1.705410826171873395e-01,1.251304782230343582e-01,1.583940569275855970e-01,9.148200426417120168e-01,9.387893337466602928e-01,7.057848587978252652e-01,7.530665682799677629e-01,9.512930214914676608e-01,5.719445043228625902e-01,9.698018567046664540e-01,2.014788872032425571e-01,7.923204365494105339e-01,3.860057146658367189e-01,4.387298352756848208e-01,5.191274930663992704e-01,4.312048079895296482e-01,8.116891593034919472e-01,6.924724520370175718e-01,6.322228655098881545e-01,7.598364204311559567e-01,2.859655543163563962e-02,4.531432191421581011e-03,2.872589953598132517e-01,6.974753575547649742e-01,7.941836519673072248e-01,6.656340344021502986e-01,8.097493249329291709e-01
4.165731973294198864e-01,7.159044799389354674e-01,7.813581629686301433e-01,8.365407645342619603e-01,8.275819644532882435e-01,8.982377038482318721e-01,5.423304252790466240e-01,6.936744392357743205e-01,3.348134158790466719e-01,5.176000958346236303e-01,4.118282568008646005e-01,4.741787408789819303e-01,7.180116296273606480e-01,4.052692925094304455e-01,7.033823505703291623e-01,6.217046156656639289e-01,7.246772211926411078e-01,0.000000000000000000e+00,4.231561337075147589e-01,9.419814300245236138e-01,7.767718305619175645e-01,8.429633666983541440e-01,7.770424922335825713e-01,9.333929745927170840e-01,7.467713212213890062e-01,6.867523628781923017e-01,2.629310201724077700e-01,7.581300926479980218e-01,5.191519094950705071e-01,6.602694214896223102e-01,2.299083502234866017e-01,5.301070677533078479e-01,7.957917406799022153e-01,7.045727070527936231e-01,6.996413728923627229e-01,2.654712154741740715e-01,2.008094259255543412e-01,4.192280986557200828e-01,7.943581958594310155e-01,6.957380768219361133e-01,4.038989537255671114e-01,6.418485710900241337e-01,5.081554516460716764e-01,6.425291554388998794e-01,4.436238145394732491e-01,6.171586687485410838e-01,3.789520823763050661e-01,4.377169580462668685e-01,8.025644130184489411e-01,6.413257451757453653e-01,7.123222053962304789e-01,5.195462635046910194e-01,7.195562561276646063e-01,7.075570116311705737e-01,5.628103660174456069e-01,9.546739165945394845e-01,7.054567391554206202e-01,4.814633181054133182e-01,9.318128939197674043e-01,2.664813458661347556e-01,6.048577620973444313e-01,7.616622107905733907e-01,6.837782621901004054e-01,2.650804407419246056e-01,8.783959200352983165e-01,4.038594199852543198e-01,4.534519901094889449e-01,6.695121435821058675e-01,2.200865787439534871e-01,5.870141541745110825e-01,6.762537392299863281e-01,8.978988320312608629e-01,4.029924399744461705e-01,5.725445766673376014e-01,6.932115582449253910e-02,4.945660163791334996e-01,8.025794382722716280e-01,8.253154434854824695e-01,1.070729317039108563e-01,1.913295513723818342e-01,6.287130061420298510e-01,8.241066749528196400e-01,7.686784177012752073e-01,4.836840762051933251e-01,5.161665637540618912e-01
