0.000000000000000000e+00,2.778053981188478017e-01,7.728326039349645571e-01,4.555173660669644686e-01,6.034330640720707573e-01,9.793006155351388076e-01,8.821891252725699850e-01,3.061575025698636265e-01,7.343093031176617380e-01,9.340527603196762119e-01,9.919584535576578821e-01,9.188008375240166448e-01,6.618813804403558265e-01,7.378350718593239543e-01,8.120161000782881722e-01,6.305876911059706824e-01,8.628427139703271909e-01,5.916678427761918879e-01,7.680803765832608931e-01,5.032644130067851496e-01,6.978232737592682255e-01,9.093193002836243988e-01,9.110613405886079930e-01,8.349240049656484475e-01,4.308154806927234626e-01,6.058352050057393967e-01,6.988755403966093738e-01,5.258211689353990970e-01,4.844622442277584651e-01,3.964267815217479285e-01,5.346142447802145758e-01,6.791163961763037049e-01,9.955117195425853271e-01,7.377552230786800225e-01,8.968711189939876371e-01,-4.767045304283290541e-03,2.518295957563306819e-01,9.331970385969418080e-01,8.564383287177195214e-01,8.615609461437808703e-01,4.460780552235107943e-01,5.218111174786717044e-01,6.481173344269064440e-01,2.004339427931123296e-01,7.826849149747112655e-01,9.825387140732895208e-01,3.026018836023358638e-01,7.881510267590412511e-01,7.106006418797019553e-01,7.517175674763579840e-01,5.642554323049004950e-01,6.662052188431629718e-01,2.587344994458149472e-01,6.413019622498671302e-01,8.234924056948907944e-01,7.150138838464439317e-01,7.785218981019672579e-01,6.537644978352004088e-01,6.905590024010972439e-01,7.846301724176455439e-01,7.896263266749095067e-01,8.807506657286329199e-01,6.194847415009007152e-01,7.230229266964931512e-01,9.267146263950699625e-01,8.993801066765139129e-01,5.666780614061539545e-01,7.959803924047301749e-01,6.565596328781675428e-01,6.969302209315589858e-01,9.400057142043929947e-02,2.617751051339044510e-01,1.363798735357706071e-01,2.656421644780500024e-01,9.997393622926404877e-01,9.506510176247562338e-01,7.722926385272135263e-01,7.875843655007757071e-01,2.073522624518235324e-01,2.474953904917346903e-01,8.657979481239810315e-01,5.300609446551775017e-01,8.461219320570556590e-01,6.383769598181407989e-01,6.128565832143456626e-01
2.778053981188478017e-01,0.000000000000000000e+00,7.330328312374578825e-01,5.229556044894914102e-01,5.708164609745564055e-01,9.204874282056457746e-01,5.845544045197389460e-01,4.823562175810370278e-01,-1.737083004209277748e-02,8.260892256450330651e-01,7.920377263337927687e-01,8.358024318833487953e-01,4.102835702176721999e-01,5.460062630911092230e-01,5.833924466786639673e-01,4.127799435356357960e-01,7.164967000741635506e-01,5.741477695809983350e-01,4.207347842142998839e-01,-7.071918702746518570e-02,5.039697552654283097e-01,6.981810703023699771e-01,9.300507266409852036e-01,3.519354900594792168e-01,4.966115600473844927e-01,8.449992767744324285e-01,9.054135119054701475e-01,-5.040938006181008846e-02,1.668098123863848148e-01,3.677447630742038953e-01,3.888587111114600869e-01,6.162622983415152467e-01,5.302187760370349334e-01,-1.049922280700701510e-01,1.779045517893722630e-02,7.280169656573327597e-01,5.699086762011533747e-01,4.340210998256792685e-01,9.677276375423495836e-01,7.933233224517561855e-01,5.388068082899203359e-01,5.154403397850414459e-01,8.507192863017345452e-01,5.696417668145551394e-01,9.320436550201638415e-01,4.588937983241591079e-01,7.975189744061739194e-01,7.380466493741922873e-01,4.993213288582845077e-01,6.549392689325843619e-01,2.123822182883349785e-01,4.348915106109081385e-01,6.824216524650468241e-01,3.365340167928326798e-01,9.653015502984360063e-01,4.205839771136088423e-01,9.214238029712175093e-01,9.163971072457761657e-01,7.894369782444496941e-01,7.424378354520959622e-01,9.236053958934752062e-02,2.571188276927826033e-01,9.015571991431661214e-01,5.961357569772062215e-01,8.624880327962908266e-01,3.917794471082739483e-01,7.136469523123469827e-01,7.116339158254971764e-01,5.482770805334695741e-01,9.074479842742766422e-01,7.691171391300567484e-01,7.426771497403270583e-01,6.845081671635036002e-01,1.042902853493660048e-01,1.045243973662831477e-01,7.012607358545966951e-01,1.397235030372026288e-01,5.740897824917445824e-01,3.781744752247638286e-01,3.913079675188500112e-02,8.092056734178183497e-01,6.241386820402738955e-01,6.703291062212813900e-01,9.319265785640710176e-01,7.763663724438762959e-01
7.728326039349645571e-01,7.330328312374578825e-01,0.000000000000000000e+00,6.235217920953626258e-01,5.693209996582094812e-01,9.592222495956093109e-01,7.097005722770842739e-01,9.075716534916131728e-01,8.917487106460546542e-01,7.844258287833334453e-01,9.221950317907168237e-01,4.053583720313337913e-01,7.604286988656844271e-01,8.251284456143506141e-01,-1.093278659662474533e-01,6.868665197028573921e-01,9.960604512994899462e-01,6.793313347791580803e-01,4.779163593447017799e-01,6.660809713709108237e-01,7.498311682123961486e-01,7.174834552906989016e-01,8.139938891247153752e-01,1.340200504360183620e-01,8.529524278284624783e-01,7.819671055435120088e-01,6.671665150308967451e-01,5.796403539766240565e-01,3.849814661790108561e-01,3.665768467711463252e-01,7.896169962825337618e-02,4.142898797144026757e-01,8.151831427966684807e-01,6.905845092096344340e-01,4.463795084746319253e-01,4.145961397582978991e-01,2.663060904554320762e-01,9.316106312634797604e-01,8.888638563353574717e-01,7.104601566305306370e-01,3.872678798988942184e-01,7.210616216662570910e-01,6.730195288014937383e-01,6.815633771415794406e-01,3.264171003036830943e-01,6.483768800164481094e-01,9.155884263312685789e-01,1.535253918139356522e-01,7.170897725505926967e-01,7.465794759085662147e-01,6.852069727095688734e-01,7.982782867941593530e-01,9.509545155826041318e-01,8.218793447077537007e-01,6.266460842012078203e-01,6.457555278012081512e-01,9.125237192988299162e-01,9.058284188909171419e-01,4.483317697361740017e-01,3.024114750110467598e-01,5.983296282142840372e-01,7.739582648790672703e-01,7.309777439389252285e-01,8.033801740451225193e-01,8.785076327749281599e-01,8.677024118722240775e-01,7.405935002634299602e-01,8.365066087934102113e-01,4.467954268730029432e-01,7.945571290404329634e-01,5.752127102182597040e-01,8.934547350580233083e-01,4.703963416706150036e-01,3.362284047876830106e-01,8.313214376984590093e-01,8.579983707700857831e-01,6.065828632832335199e-01,4.874496855940105844e-01,5.965777647639677328e-01,-2.149623912428733075e-02,8.240968480168994192e-01,8.282717440452345148e-01,7.396493326209426789e-01,8.874377111664206730e-01,6.638626135834249098e-01
4.555173660669644686e-01,5.229556044894914102e-01,6.235217920953626258e-01,0.000000000000000000e+00,9.919775402108135243e-01,4.966666105869043113e-01,6.637676757170848374e-01,5.551651592697874893e-01,8.767727920407571984e-01,4.071749151716565485e-01,3.174879588439695755e-01,7.684630552708022755e-01,2.415601115225937123e-01,9.628876420898765387e-01,5.171300067661318556e-01,9.794994334932937141e-01,8.138174967836431239e-01,4.695857884996694764e-01,8.249432414706938665e-01,8.272509189236469940e-01,7.982616624036654729e-01,2.238958343766229153e-01,4.626311682131228897e-01,7.528973860729584189e-01,4.324877009497034575e-01,8.545953879922765228e-01,4.928035287594174640e-01,4.497776135648927642e-01,4.363338106679796602e-01,2.955768909663702981e-01,2.603463992391370496e-01,9.958241590030270096e-01,7.221456904266644328e-01,5.421339348022298221e-01,7.410719241300497417e-01,3.078883975093905656e-01,2.156879769644410305e-01,8.383607351974817767e-01,3.639572112899106537e-01,5.712038390139649868e-01,5.244038866652391828e-01,9.332584616896638652e-01,6.816643477951278562e-01,8.187951564174196228e-01,3.361735018199425440e-01,1.806497526671961909e-02,6.921683681665120880e-02,4.788563361716864364e-01,5.149911589860637351e-01,6.593003505230415895e-01,-1.862623668701767765e-01,8.263174930432636289e-01,7.536542671268616767e-01,9.685707967365626558e-01,8.714895083654565777e-01,9.255622531631688688e-01,5.560798806852991216e-01,7.219348163172473187e-01,6.309975056606679233e-01,5.632740188061228226e-01,5.697235010496941587e-01,2.623052034246532438e-01,7.219302813629476789e-01,3.831749147987569826e-01,6.702068818882924717e-01,7.253939689637277644e-01,6.210360367642120405e-01,7.702913828053650214e-01,3.744788754929008201e-01,6.414950590477884740e-01,5.437325234764509574e-01,6.395604254589783988e-01,5.218308134842426504e-01,3.157471275946625022e-01,1.903871887487450787e-01,6.776565102748122182e-01,7.304789957500695818e-01,5.062566265591432746e-01,2.771161862014619517e-02,1.394729050718993557e-01,5.471375746729268963e-01,5.088540191828728743e-01,8.660341016774271150e-01,4.863403964891430120e-01,5.269358443649521107e-01
6.034330640720707573e-01,5.708164609745564055e-01,5.693209996582094812e-01,9.919775402108135243e-01,0.000000000000000000e+00,6.950710285842487401e-01,4.260391123450100181e-01,2.829514467374782960e-03,9.751465425222318739e-01,8.510421641759924327e-01,6.070485956498290481e-01,7.422215892252104208e-01,5.246217610166710177e-01,7.458393525697717408e-01,4.107749172577577768e-01,6.472310809346306648e-01,5.238253769047440667e-01,6.341733197942762690e-01,7.763312613930422046e-01,7.143157985913186625e-01,8.364757268083902186e-01,3.453184107278667314e-01,7.237973607618810590e-01,6.573366046052082634e-01,6.672022389756671057e-01,9.081020156388998066e-01,6.030430479039545766e-01,8.338376530326391256e-01,4.961445273765890951e-01,3.063733007741994419e-01,2.026183343993812891e-01,4.936988708540382409e-01,6.882221683263108902e-01,6.942147600662269546e-01,7.981819788846561403e-01,5.194132799397686018e-01,3.440135486452783331e-01,7.829029105280050915e-01,6.551853209263953648e-01,7.703504490056818366e-01,4.060536870936232168e-01,9.720249842273379626e-01,4.438279135925760621e-01,7.224142637790147425e-01,8.144552870957650903e-01,6.172116034917984884e-01,9.803473668359973248e-01,6.625851061614088655e-01,6.585935540740607275e-01,2.547121316821610582e-01,6.353632887037063970e-01,7.568494521240738404e-01,1.676903703540069124e-01,5.513064038840580494e-01,6.809111827718585808e-01,5.715847064688515111e-01,7.225643924471433222e-01,3.639448418816552122e-01,8.750567177445485179e-01,6.569362639764190215e-01,1.314200839671985366e-01,6.484839524441128322e-01,6.502711200028997718e-01,8.687371161599367619e-01,6.137454637603598773e-01,4.313556469454444819e-01,5.688935096807488101e-01,7.746871359295579573e-01,2.805104160952716086e-01,6.113232548727769444e-01,4.495147797851033467e-01,6.068039509170701784e-01,7.743427382136955917e-01,6.202277694272858577e-01,7.674437885380129831e-01,6.874879250195801150e-01,4.660552919981507114e-01,5.799504479629262743e-01,2.478243886186792533e-01,3.307199347958087454e-01,1.572543642676540454e-01,8.468996320990485049e-01,4.509603868089305800e-01,7.062830483696901362e-01,6.865618130677015873e-01
9.793006155351388076e-01,9.204874282056457746e-01,9.592222495956093109e-01,4.966666105869043113e-01,6.950710285842487401e-01,0.000000000000000000e+00,7.501600398678280879e-01,6.138187987956066349e-01,7.037189914038552985e-01,2.652635481510806637e-01,5.214950764516059767e-01,9.238083744606404579e-01,7.423221239922730419e-01,7.282481311093069731e-01,7.991954188975507467e-01,5.347169384448393625e-01,9.427435235517362955e-01,6.885094870861079297e-01,5.969618782622956310e-01,7.489334048565110535e-01,4.683873726843977847e-01,2.708390398494326390e-01,7.112435516572060967e-01,3.057810139289512952e-01,3.858514291458551293e-01,4.259798888569008013e-01,9.972124448377115424e-01,5.648613754961380184e-01,2.576683178943189323e-01,1.380411044869180592e-01,1.520977015456510539e-01,5.263581748880411526e-01,4.868318009969756499e-01,5.801773581862303963e-01,6.262622071504454491e-01,4.216247570503099951e-01,5.495261055846430986e-01,1.473980503563988020e-01,8.558124051914632879e-01,4.248121077703775894e-01,5.822110649565181983e-01,4.799412740079612161e-01,9.642815767990344789e-01,8.733307462278400157e-01,6.172521753364806907e-01,7.155939343503464611e-01,6.700482294830257812e-01,4.351531540338790527e-01,7.211014657987392384e-01,2.458243719278296324e-01,4.784633530510740140e-01,6.709908136233039277e-01,5.098108011345057200e-01,2.828886375459914726e-01,6.943986175535633576e-01,9.374319772260120143e-01,7.824314533775497127e-01,9.188318832093702593e-01,3.914372319340181372e-01,3.689749327248873501e-01,4.421931870106824425e-01,7.314414714186012745e-01,2.333438403702144393e-01,6.923902739834024711e-01,4.094986732700010013e-01,6.574897483382438068e-01,7.431285686373925170e-01,7.946449034899363273e-01,9.256412405739800064e-01,9.755202408807930325e-01,7.500368223789821709e-01,4.947609213143375761e-01,4.421797555196507745e-02,2.058145224294737896e-01,7.891830674291050451e-01,2.685777314393816839e-01,1.560142947150786746e-02,2.066762637429730431e-01,3.656339316516448584e-02,2.526822117606225548e-01,4.810764255370112985e-01,4.960768430392341610e-01,5.730059855582875228e-01,6.163589010233797572e-01,5.027505727920101863e-01
8.821891252725699850e-01,5.845544045197389460e-01,7.097005722770842739e-01,6.637676757170848374e-01,4.260391123450100181e-01,7.501600398678280879e-01,0.000000000000000000e+00,7.425060621731980337e-01,1.743447436324783995e-01,3.025153637129051054e-01,5.048129399230185665e-01,5.789142407516565392e-01,7.234762302620029173e-01,3.818792594768827264e-01,5.528687142237795893e-01,5.812382239790739868e-01,5.178524260923946798e-01,7.305837121941497481e-01,2.932276808678884183e-01,4.281422546982039945e-01,6.048602300086460826e-01,1.599257223617648327e-01,6.225194797542740188e-01,6.660655753863591322e-01,3.884838864364615896e-01,2.163603557871897620e-01,4.885942260076800436e-01,6.246251058092177066e-01,7.792571618159048752e-01,1.421639796608952788e-01,2.312527532627358107e-01,4.346018280752408369e-01,5.051787663367973691e-01,5.488112946138166137e-01,9.627118507427084859e-01,2.782852998709978709e-01,-2.083186454790636466e-02,9.818487445068313502e-01,9.954522593521213381e-01,3.514332549995655697e-01,7.991419803313913606e-02,5.765941213731093917e-01,9.728182104975051647e-01,6.525270405890439829e-01,7.588652369061645864e-01,2.420193247341330678e-01,6.684182646026398666e-01,5.759115799746088449e-01,8.910211117224597910e-01,2.988107098304466080e-01,5.639189363435528346e-01,7.869042891001265527e-01,4.487379485698215209e-01,7.773158652012731595e-01,3.559907903792530748e-01,-6.031079671599540171e-02,6.968157664853147359e-01,4.777084841531551440e-01,6.097772772243775785e-01,7.835704949299449051e-01,6.739342032302422236e-01,5.179606068945287189e-01,3.085088965011059114e-01,2.897482284738120417e-01,6.663953233088373285e-01,5.640652598074358259e-01,3.064248879718960983e-01,7.827806151515730448e-01,5.456242260113670639e-01,5.340058102684913655e-01,5.042913611519883599e-01,4.491951092016477354e-01,6.288412910737325445e-01,1.255676597818778106e-01,3.759502206433571470e-01,4.923635019345262709e-01,1.346584496511249451e-01,6.925543831449850751e-01,2.804593126303561723e-01,3.279252863820758535e-01,3.993639921047847929e-01,3.665804131065901195e-01,3.998379412837270164e-01,7.273644871483953001e-01,3.488077470201824681e-01
3.061575025698636265e-01,4.823562175810370278e-01,9.075716534916131728e-01,5.551651592697874893e-01,2.829514467374782960e-03,6.138187987956066349e-01,7.425060621731980337e-01,0.000000000000000000e+00,3.242621642779361379e-01,7.965524898638222107e-01,6.566543449001199795e-01,1.933195791024242549e-01,4.326154627128608321e-01,5.963507618689399825e-01,7.471217946944619381e-01,7.968862767655853219e-01,5.453201896935189197e-01,8.550202018808124305e-02,5.863121382410908522e-01,8.008727829769709539e-01,5.032902914335675160e-01,2.538782286519297160e-01,7.113514601678309068e-01,4.082143675197333343e-01,2.967424876406252743e-01,4.632099607232075811e-01,6.181543414936194747e-01,4.110689360901644829e-01,7.122336103283236630e-01,2.788349537686338753e-01,3.842577654957967104e-01,6.529880390093988352e-01,9.175996301066858818e-01,9.911035057095486378e-01,3.837198119311064359e-01,4.898153768829075494e-01,5.956960392881966992e-01,6.525454669503771843e-01,9.086653979612235865e-01,4.643986499054348349e-01,6.408762968890873157e-01,7.973159091540398258e-01,4.654952179208167728e-01,3.137773938351016700e-01,4.812946027282927197e-01,6.370303752094230720e-01,5.529772192336332992e-01,4.738489395756987910e-01,7.302169133140283819e-01,6.900163367553077132e-01,4.687142358678588749e-01,5.333998044892506174e-01,3.096757347159635465e-01,2.693462235269377669e-01,9.409019256455202207e-01,7.799385711889940120e-01,6.125991236270005302e-01,4.786242910664519901e-01,8.923016346422493195e-01,3.344110365923327333e-01,6.790488714551292659e-01,7.074838971879368055e-01,8.195105163153766359e-01,8.346097522838387128e-01,4.111714301391248827e-01,2.885676565302118246e-01,2.634091221885233036e-01,9.959468012432727280e-01,6.947440395682572545e-01,4.647095825537246594e-02,8.251443644810939337e-02,9.603813997702408400e-01,6.397058315549759566e-01,2.798120050620923616e-01,4.891301416150163339e-01,4.870313531003252483e-01,4.343914734800664035e-01,4.420596550363468658e-01,2.786576431213175775e-01,5.774239198245033622e-01,7.489221291660059787e-01,7.426690829136518568e-01,9.952686708051328157e-01,4.415023786524445715e-01,4.845965173217916533e-01
7.343093031176617380e-01,-1.737083004209277748e-02,8.917487106460546542e-01,8.767727920407571984e-01,9.751465425222318739e-01,7.037189914038552985e-01,1.743447436324783995e-01,3.242621642779361379e-01,0.000000000000000000e+00,4.194664652092918167e-01,7.820567581185005057e-01,4.603037595824169825e-01,9.108481068620820631e-01,9.424558641912202939e-01,5.669587066420270771e-01,3.934798548967573528e-01,8.147370698584341930e-01,7.513081461870090294e-01,5.389986020295086666e-01,5.243226725914045261e-01,2.137560794611303716e-01,5.763706445949587920e-01,4.405015536943839849e-01,9.996322218352324818e-01,4.805046826527697990e-01,6.982067850991349189e-01,6.108593971780750254e-01,6.491558465245279574e-01,4.433166246677593958e-01,2.490217310045116372e-01,2.623305882852708937e-01,5.960874653803061030e-01,5.989875143125263923e-01,7.455922074530721977e-01,6.930773807511366735e-01,4.614426048667451541e-01,4.977279802839038592e-01,5.719601275745250790e-01,4.054254717745335856e-01,8.970150201173818783e-01,1.421474483972869907e-01,1.232882235509220603e-01,8.464100460484366151e-01,9.748034033201700144e-01,2.625406627809007132e-01,5.118534210708234333e-01,4.896307292964351410e-01,6.999264500177516668e-01,5.718376710981571964e-01,2.061129966093563914e-01,5.076826949344084294e-01,9.895216721972022178e-01,6.978231806654087155e-01,7.498390746943655039e-01,5.912593275279401928e-01,8.720887554295433386e-01,5.337721639736745516e-01,6.684003474807231893e-01,7.527059167971381637e-01,4.470521031407179158e-01,7.708386029057028299e-01,6.415588488477214080e-01,3.458053179034045743e-01,5.828171675058202439e-01,6.884238971808156471e-01,8.263104742627694344e-02,5.238527798852590234e-01,7.518008341886120993e-01,2.612786730212466879e-01,2.216977374953829627e-01,7.417589687990844283e-01,6.490432795733057647e-01,2.371232128647229320e-01,2.039835954362998749e-01,4.103744390873572678e-01,1.506082719114711643e-01,7.163701292942360466e-01,7.143032282071749561e-01,7.541901408346636249e-01,1.492845255737786092e-01,7.888825191810426851e-01,6.882607743977088299e-01,6.611610658050752765e-01,3.770691583703150163e-01,5.446278394563870417e-01
9.340527603196762119e-01,8.260892256450330651e-01,7.844258287833334453e-01,4.071749151716565485e-01,8.510421641759924327e-01,2.652635481510806637e-01,3.025153637129051054e-01,7.965524898638222107e-01,4.194664652092918167e-01,0.000000000000000000e+00,5.926764150580783319e-01,3.563823447055062266e-01,6.909443480269411575e-01,6.794036673940192506e-01,6.861129817494842076e-01,7.830052954200139581e-01,5.451939195839485830e-01,5.610665359918532991e-01,7.315661287190494688e-01,9.887724008853302493e-01,4.431125038020597429e-01,2.606345091102135747e-01,4.263338412119949128e-01,4.712768337638272298e-01,5.512154124300681080e-01,6.799773679868903464e-01,5.433716689351658635e-01,8.597187479161946255e-01,-6.984380157005470879e-02,7.706505598385607336e-02,3.698576277256762079e-01,5.296808578374576637e-01,7.120671354965082411e-01,5.182413853311789165e-01,4.850022444878148153e-01,3.327854717949885188e-01,3.374953258794271549e-01,4.199833537498327551e-01,9.440020135752583696e-01,9.837280595746261680e-01,4.323383464073959348e-01,5.541482222875755426e-01,6.827971865729332013e-01,9.215112540089747117e-01,6.162648970552753180e-01,9.124839138350734347e-01,6.677655408945302185e-01,4.191276772503194081e-01,2.676044116351980473e-01,5.120698998553546710e-01,-1.323272777410772760e-01,5.117996360242832443e-01,2.613115356222710517e-01,5.237970316774094304e-01,4.172088298700774023e-01,7.768939702143540238e-01,5.963101282667626624e-01,5.370268380253037099e-01,4.264708391513633012e-01,4.514700553664371951e-01,4.212058708108176730e-01,2.896934289827382200e-02,7.328647033694092316e-01,4.777865275262153655e-01,6.482830416881586455e-01,6.789665372697081258e-01,6.707039893701078892e-01,7.441175948739133794e-01,7.278293642633221205e-01,9.352235625285673093e-01,6.371418961135705272e-01,6.910813474263551859e-01,5.394877424594606286e-01,2.874458952590643324e-01,5.371476979585887435e-01,7.123211664036326329e-01,4.919350787186279605e-01,1.583287788762972603e-01,-1.212538891200991703e-01,4.635287479656258203e-01,4.948043850734183957e-01,7.408231375188042422e-01,9.965612838758495240e-01,5.791884373205788972e-01,6.846252837328573593e-01
9.919584535576578821e-01,7.920377263337927687e-01,9.221950317907168237e-01,3.174879588439695755e-01,6.070485956498290481e-01,5.214950764516059767e-01,5.048129399230185665e-01,6.566543449001199795e-01,7.820567581185005057e-01,5.926764150580783319e-01,0.000000000000000000e+00,9.995498484145575180e-01,6.308834494961884642e-01,6.455700362219765065e-01,4.389225664110545377e-01,8.931996944396803917e-01,6.157724337952256155e-01,4.128434532785512645e-01,6.368047382929141742e-01,9.065888442514405954e-01,7.916967758921473752e-01,7.238293627006926467e-01,8.793436221132530095e-01,9.515646577211380741e-01,4.012466238030740207e-01,4.541056624066541758e-01,3.538911739442857085e-01,7.724446930402275591e-01,1.855950112170970112e-01,2.727842336570204806e-01,3.517697725902851902e-01,2.583402006729466072e-01,7.396837365339916648e-01,7.540804390640558630e-01,5.821120029962585374e-01,4.277021027674897669e-01,2.679396092828197906e-01,6.958760696883232733e-01,8.863521596408968639e-01,7.387577563418838977e-01,5.550054463980610420e-01,2.661985919883955720e-01,8.865756478810092878e-01,9.601403120462657093e-01,9.673158027129774572e-01,7.278676424200044570e-01,3.940936398184784889e-02,8.167615572594999485e-01,8.878050920435953675e-01,4.186321925025699997e-01,8.735831691163489232e-01,9.547227192720235678e-01,6.750780251237502583e-01,1.797056248568261183e-01,5.651807134316243486e-01,3.751080692060703159e-01,6.672989090105569954e-01,8.927850330994044903e-01,4.242499618785606774e-01,1.075636602548572657e-01,2.625711432311509386e-01,7.808716456224393809e-01,7.617030782579680137e-01,7.079021535556440092e-01,7.627284711755938362e-01,9.144112665043079291e-01,6.862982086706863605e-01,5.671732603582391175e-01,7.392408265161178882e-01,4.725533097457162990e-01,4.210605661114433240e-01,5.010877525856122228e-01,-1.156884233439611359e-01,5.332272660976404843e-01,7.818472880300633143e-01,8.110117051589598169e-01,4.555445624175801789e-01,4.194819005203141993e-01,7.207683583447426212e-01,5.567167649674805707e-01,4.024210656816866738e-01,6.505876310511636840e-01,6.130263995184106474e-01,5.766258480701645928e-01,3.697518897232564550e-01
9.188008375240166448e-01,8.358024318833487953e-01,4.053583720313337913e-01,7.684630552708022755e-01,7.422215892252104208e-01,9.238083744606404579e-01,5.789142407516565392e-01,1.933195791024242549e-01,4.603037595824169825e-01,3.563823447055062266e-01,9.995498484145575180e-01,0.000000000000000000e+00,5.762774358129134633e-01,5.384253684431475895e-01,7.556612412671499523e-01,9.478502918819449174e-01,9.309409016622898214e-01,4.885042740391602467e-01,5.386528302771316223e-01,6.469053237368354026e-01,6.380018709370103291e-01,5.381903285942167825e-01,5.589264760042279567e-01,6.445543545501798421e-01,7.889982099049510644e-01,5.203335612695680901e-01,7.726313790709087304e-01,2.450525113246807274e-01,1.095243145202126067e-01,2.849023860200129432e-01,-4.496822429771027418e-02,5.594542203210129960e-01,2.332007802865600499e-01,6.086065558552375965e-01,3.699167038210886549e-01,3.207989387947400850e-01,2.654935432076044877e-01,5.199026453218336119e-02,7.545568016255337351e-01,8.124966763609706710e-01,8.900734954152113021e-01,4.191428625194498769e-01,9.096524992982465418e-01,3.886683107378696711e-02,8.572728077068533237e-01,6.704052181841845259e-01,7.917685414066437666e-01,5.418400948219703750e-01,5.176713190720819702e-01,6.470244018959346866e-01,4.506081953608584434e-01,4.241839905729463123e-01,9.244238776480901976e-01,5.665282222967926717e-01,6.683331789200112061e-01,6.925323642822897030e-01,7.692252461853634760e-01,8.594427870324991003e-01,8.481071436161162769e-01,3.093778404806356019e-01,6.045537619748864167e-01,3.065672095406964115e-02,6.180140167492590431e-01,8.257585283859419922e-01,9.877445108875302360e-01,4.812412124027561910e-01,6.219068278292302354e-01,6.822326382943151302e-01,7.862973006443855217e-01,9.507480651154132101e-01,4.925101335854504825e-01,6.236621168247625802e-01,7.952926328987559856e-02,2.330621916537899962e-01,2.772130005965161570e-01,2.957263760209640768e-01,8.971608681726422896e-01,6.596457700131930224e-01,4.580863135993402113e-01,7.106495893138425890e-01,5.059710264829352377e-01,8.891545386430713682e-01,6.257572465306652232e-01,2.751144380319338056e-01,3.971192493240507382e-01
6.618813804403558265e-01,4.102835702176721999e-01,7.604286988656844271e-01,2.415601115225937123e-01,5.246217610166710177e-01,7.423221239922730419e-01,7.234762302620029173e-01,4.326154627128608321e-01,9.108481068620820631e-01,6.909443480269411575e-01,6.308834494961884642e-01,5.762774358129134633e-01,0.000000000000000000e+00,8.850220462370029795e-01,9.820151307458063750e-01,9.208913170206695087e-01,4.087303272875897342e-01,5.874867105367018727e-01,8.061956932566560763e-01,9.889433218006892234e-01,8.763238780258746363e-01,7.667584707784351750e-01,8.303694496463915886e-01,8.272227347395004760e-01,1.679683578440249736e-01,9.859581771624359448e-01,5.353449271643778706e-01,3.633282142738004650e-01,3.998575820249253843e-01,2.371285925596215982e-01,2.264653627129653013e-01,6.656648214906251138e-01,6.855277426802887097e-01,9.594753152982676836e-01,5.098236539165063030e-01,7.323862956695565973e-01,8.639212735346249450e-02,9.098689254558727235e-01,8.322213363543117248e-01,5.218073828688822857e-01,5.392390235496896667e-01,6.224148962454537637e-01,9.794597609653907799e-01,8.858739372029588166e-01,4.916559564809662719e-01,3.408189031508531697e-01,-6.773745035534042835e-02,7.007958584771014632e-01,9.603793892425183110e-01,9.175755563053115127e-01,7.166119696888925139e-01,8.788846971344076442e-01,6.722005162992773508e-01,4.399894104220948843e-01,6.996881579784133276e-01,5.650157594403090178e-01,7.887741082433902262e-01,3.394839063249897038e-01,9.309792833827486014e-01,3.264112455001826341e-01,5.446573369268790099e-01,4.375585666799726714e-01,5.116409811742298475e-01,5.010592830056757041e-01,4.727593725269623737e-01,6.806227706595127103e-01,7.052456655776336847e-01,6.956404346964826235e-01,7.613585420938880910e-01,7.106004456181578277e-01,7.334991645510152702e-01,7.015727815124112032e-01,2.739128008520678725e-01,2.180860951692554228e-01,7.923173064734597704e-01,3.187473087803466276e-01,8.298654577786699349e-01,7.098888186113168075e-01,2.289810260584591584e-01,2.477112882672483363e-01,3.945307882026120039e-01,4.732185422028186705e-01,5.628031851921131423e-01,5.790352514300712850e-01,5.235689276122817981e-01
7.378350718593239543e-01,5.460062630911092230e-01,8.251284456143506141e-01,9.628876420898765387e-01,7.458393525697717408e-01,7.282481311093069731e-01,3.818792594768827264e-01,5.963507618689399825e-01,9.424558641912202939e-01,6.794036673940192506e-01,6.455700362219765065e-01,5.384253684431475895e-01,8.850220462370029795e-01,0.000000000000000000e+00,2.225708444550948684e-01,8.458196333245087128e-01,6.369903108688654836e-01,8.743772352943393056e-01,9.326683317075156188e-01,8.192122736796533244e-01,9.832163219661940179e-01,4.151290686177467881e-01,5.375611166579229439e-01,5.020376626683905608e-01,7.995028065325819888e-01,2.965052539643261431e-01,7.481971386635128951e-01,9.144910538082279272e-01,2.723208396388197144e-02,3.975655202047764791e-01,6.817511362601846869e-01,4.944315469816710773e-01,6.049705207375279947e-01,7.373553135279588000e-01,8.991602280170194472e-01,9.296673704658849069e-02,5.525328039498805105e-02,8.105964697228736915e-01,6.836770228372766045e-01,7.694624082681312816e-01,9.009332779868914898e-01,5.765096610017725887e-01,4.598342533048505598e-01,7.209878113607299799e-01,6.399146952942816879e-01,6.132386737649666575e-01,5.999986352321817762e-01,8.479622436907855443e-01,8.703616946214878247e-01,7.176627469663066083e-01,9.195143060927982726e-01,7.673281725001996900e-01,8.772320932106242308e-01,4.852327226010652583e-01,9.661378423674124027e-01,7.138118855425206188e-01,8.125656783288291996e-01,5.589502468626046383e-01,4.089658078926403650e-01,6.982604700599462921e-01,6.610714886496762421e-01,8.031534424581913134e-01,7.162453477021090142e-01,3.464414358617193823e-01,4.258763098272431158e-01,5.523018634900649371e-01,6.000311278812129334e-01,5.776753810450201421e-01,1.473504750970267840e-01,1.495664164184488387e-01,7.367992406260581717e-02,6.435351662641848325e-01,-1.524126988303659835e-01,3.221502755285943209e-01,4.841739188494091906e-01,7.939299278948614980e-01,7.262571165433144849e-01,9.337869467270238921e-01,3.264280672111301573e-01,1.898172130269769609e-01,9.309456177618669059e-01,9.675881165185001853e-01,1.673949066894845350e-01,3.695188449319054547e-01,9.893785297456555439e-01
8.120161000782881722e-01,5.833924466786639673e-01,-1.093278659662474533e-01,5.171300067661318556e-01,4.107749172577577768e-01,7.991954188975507467e-01,5.528687142237795893e-01,7.471217946944619381e-01,5.669587066420270771e-01,6.861129817494842076e-01,4.389225664110545377e-01,7.556612412671499523e-01,9.820151307458063750e-01,2.225708444550948684e-01,0.000000000000000000e+00,6.130475554070637934e-01,6.588880260935443545e-01,4.956694122010084635e-01,6.782033229425559195e-01,8.225936698361353550e-01,6.849332230882219097e-01,5.388590787330037601e-01,4.730853174457402277e-01,7.221583724422400152e-01,8.841520838399371529e-01,4.873580009941904656e-01,7.391376151687288898e-01,4.982472076448353215e-01,2.195932841826197524e-01,3.938572139123660554e-01,1.913176226764354282e-01,3.316896921881151705e-01,4.639080778756671797e-01,2.085792257349207979e-01,2.388029799315209423e-01,3.746682825305139852e-01,3.118756975406751786e-01,5.027943871523319341e-01,8.796624623824567113e-01,5.498836045105544024e-01,2.552796728557058525e-01,3.275010911709755890e-01,7.269920586963354303e-01,4.770859077813280891e-01,7.197378901861358758e-01,4.433242697103101926e-01,6.628253859877932808e-01,7.499926740162028427e-01,6.278853349866068134e-01,5.152235657203945163e-01,4.336467043179010883e-01,8.738186653398121173e-01,7.079852236489033723e-01,8.275059782082621052e-01,2.433807591381345337e-01,6.519965218836246690e-01,1.348481529746117270e-02,7.443192231261679392e-01,6.648921618059671079e-01,5.907629391271775887e-01,5.873910953096124210e-01,7.780979044645769394e-01,7.908579904636205971e-01,7.259284759111712670e-01,6.473806804453962060e-01,4.815930257942884762e-01,6.789290899082405240e-01,9.866363625083769406e-01,5.279832255147530740e-01,4.702474305640964858e-02,5.908446180774017398e-01,6.200505130851848845e-01,5.897124088015264221e-01,-9.175684885964704995e-02,5.775315944838129711e-01,6.820819918909901691e-01,8.083629414351557463e-01,2.912017697184920428e-01,5.634178810350061184e-01,5.537473745356422672e-01,1.685371921089183489e-01,9.736619412712633759e-01,8.937977336757930713e-01,2.220851173273077628e-01,7.133996115011262962e-01
6.305876911059706824e-01,4.127799435356357960e-01,6.868665197028573921e-01,9.794994334932937141e-01,6.472310809346306648e-01,5.347169384448393625e-01,5.812382239790739868e-01,7.968862767655853219e-01,3.934798548967573528e-01,7.830052954200139581e-01,8.931996944396803917e-01,9.478502918819449174e-01,9.208913170206695087e-01,8.458196333245087128e-01,6.130475554070637934e-01,0.000000000000000000e+00,8.104363679489904326e-01,7.205456362278941373e-01,8.934234121162620834e-01,6.327553902308986622e-01,8.867324037665911263e-01,1.559515521314850106e-01,9.861946138553498997e-01,6.053695288722401591e-01,3.022213053639758451e-01,6.709615202154430857e-01,6.202987095265329043e-02,6.573340593270964316e-01,7.843199361139141512e-01,1.956149413913775559e-01,3.061297754694327633e-01,8.859975246383374747e-01,4.068448988527956223e-01,1.614800182507380721e-01,4.877548426631612144e-01,2.441931922007675171e-01,3.746111040776564649e-01,2.224816991076184469e-01,7.862251438230875022e-01,9.609303045270720656e-01,5.852790200649298225e-01,5.818316203219850991e-01,7.506631417182012544e-01,7.664356492597924619e-01,9.808111115682862646e-01,3.872236518251436221e-01,3.277419335078182727e-01,7.014263378735324794e-01,5.323852055527962257e-01,2.810297875707613580e-01,7.030192754659563281e-01,8.486816559478532751e-01,5.976613907662505776e-01,-1.999636123404674726e-01,3.577417841445085234e-01,8.151209719303208479e-01,7.980550186843751170e-01,2.894470010012249461e-01,8.438901815066367496e-01,7.306258121955726548e-01,6.671685096805428650e-01,7.032567122178768892e-01,-1.138684585423780926e-01,6.128746247927457924e-01,3.729181924674521698e-01,4.385740706048034676e-01,7.438049179312167247e-01,6.675603374892283837e-01,5.175305870019046850e-01,5.259469753876032661e-01,7.985991189171346427e-01,2.578917945759715558e-01,5.575498157070800653e-01,4.998827336859040238e-01,4.117711236981093648e-01,1.542406384588122098e-02,7.469442480679708840e-01,5.434762279635335647e-01,3.074259200655780067e-01,2.806665263288210532e-01,2.819594667763380968e-01,4.598652790880966013e-01,6.738002378363102673e-01,-9.025578230989751705e-02,-2.512119136661169483e-01
8.628427139703271909e-01,7.164967000741635506e-01,9.960604512994899462e-01,8.138174967836431239e-01,5.238253769047440667e-01,9.427435235517362955e-01,5.178524260923946798e-01,5.453201896935189197e-01,8.147370698584341930e-01,5.451939195839485830e-01,6.157724337952256155e-01,9.309409016622898214e-01,4.087303272875897342e-01,6.369903108688654836e-01,6.588880260935443545e-01,8.104363679489904326e-01,0.000000000000000000e+00,5.949596657887450402e-01,8.609130598144151270e-01,8.382505874763674925e-01,8.269538432439995645e-01,6.071514304781657767e-01,7.843903671920461340e-01,6.041036959411327789e-01,2.345941212132111320e-01,9.242453749336436708e-01,8.338396966717602776e-01,8.532094985731751846e-01,4.338460905744953022e-01,5.935297759615605351e-01,7.952997459979357364e-01,4.547902166336094676e-01,9.576167625642346692e-01,7.885876317929382262e-01,2.261638622749234939e-01,3.070894278182774162e-01,3.288609892547970093e-01,8.876774150444646239e-01,6.428853298534626948e-01,3.311455271409937673e-01,5.425442692574480308e-01,7.516905393615229691e-01,5.033236032433476836e-01,5.296709095654263955e-01,2.219366117415768891e-01,4.748039481022955366e-01,6.336221311985116289e-01,5.635594974416671121e-01,9.927709079760502764e-01,5.308024397660571214e-01,7.572733692416045992e-01,3.819413820655676028e-01,6.022466939945434472e-01,7.086065384319386595e-01,9.083404805356901646e-01,6.045077582971537522e-01,7.838203644171527484e-01,6.957464611376988906e-01,7.826723714786389952e-01,5.314370400265298056e-01,7.269870514492570157e-01,9.077918877260875430e-01,8.269578846100446023e-01,8.327775087270091747e-01,1.596508219318052424e-01,7.246943849339513299e-01,9.705037825773537019e-01,4.261657743336829118e-01,8.502296227015497809e-01,8.388009439740350404e-01,7.577203686228453083e-01,9.562365285404690329e-01,6.717598501119033116e-01,9.753540397338469892e-02,6.995756209419137228e-01,6.041572391048815049e-01,9.889349546953949410e-01,8.406481743436013954e-01,2.353659678874251981e-01,4.477501923732632449e-02,5.969747285763546962e-01,7.824199774138179686e-01,6.581968847764226860e-01,3.091381354756510547e-01,5.999483182323471775e-01
5.916678427761918879e-01,5.741477695809983350e-01,6.793313347791580803e-01,4.695857884996694764e-01,6.341733197942762690e-01,6.885094870861079297e-01,7.305837121941497481e-01,8.550202018808124305e-02,7.513081461870090294e-01,5.610665359918532991e-01,4.128434532785512645e-01,4.885042740391602467e-01,5.874867105367018727e-01,8.743772352943393056e-01,4.956694122010084635e-01,7.205456362278941373e-01,5.949596657887450402e-01,0.000000000000000000e+00,6.945878643167645583e-01,6.944318664594333335e-01,6.117920526661485559e-01,7.633687110976410395e-01,4.813693512939368757e-01,7.686381097837869936e-01,4.103695838122785045e-01,7.838707635880732827e-01,5.825557321249571485e-01,6.262787007913741544e-01,3.491581044321977467e-01,4.038754075965442780e-01,3.678254077325650573e-01,5.750222182542732430e-01,5.608287926735743278e-01,5.461002480584048469e-01,5.001350009139724495e-01,3.081648829287164659e-01,5.177155215469323446e-01,3.860990235300187923e-01,7.284719095120796295e-01,6.966928519703012856e-01,5.805831769753567739e-01,3.595585374430012582e-01,6.924911628327475865e-01,4.189231412605566307e-01,7.056420891741241874e-01,5.136880789841438144e-01,7.535563823611419743e-01,4.065810482602512099e-01,7.804276906126923485e-01,9.515170951291500590e-01,4.141858751719405540e-01,3.861612342443424550e-01,5.933915442350290448e-01,4.077811803075260810e-01,7.630371923366581211e-01,4.291984433436818458e-01,7.256701681156152439e-01,8.006069078416477858e-01,2.142442156696581501e-01,-1.005409911586425120e-01,5.577248191015596879e-01,2.715188732269291361e-01,3.072941331343538307e-01,8.815943377541507475e-01,9.109348060546718084e-01,6.589632460456682495e-01,7.801275183180248485e-01,9.526143601313459275e-01,2.989675788867738881e-01,7.239072235346566409e-01,8.865680932854561602e-01,6.670694968466044372e-01,5.883394274136659607e-01,2.422349117938745189e-01,4.036551240525776962e-01,5.245723216907137720e-01,7.974346170765921338e-01,4.699763809358741273e-01,1.689145931942893086e-01,3.926217570981057614e-01,6.620945091077105049e-01,4.182753246086011178e-01,4.324995555753845533e-01,4.800999334952352759e-01,5.817523263701445124e-01
