0.000000000000000000e+00,9.069925238253340183e-01,9.861919839948912747e-01,6.965823124489056717e-01,5.512716206418559750e-01,9.056204166319358206e-01,7.939132950169121017e-01,6.537822006239629724e-01,5.581545848368075768e-01,8.124444961934493836e-01,9.370562848072342410e-01,7.500293228389538491e-01,8.220059764343773390e-01,7.159504387291331096e-01,9.225070128188210816e-01,3.937639691641777184e-01,4.292730209422951915e-01,9.035081886195002188e-01,8.467536603062794098e-01,5.728834886044733565e-01,8.083072791441098248e-01,5.979021231015922977e-01,6.864909765738987923e-01,6.566403445123304428e-01,8.102399632980031297e-02,1.560327595507216003e-02,7.988564532085293823e-01,4.228293717524979622e-01,5.782939895925065521e-01,5.059223726005134258e-01,4.111592856449632349e-01,7.260568041272027484e-01,3.753157638354870373e-01,-2.122928498862619584e-02,6.035466361987699146e-01,3.594661929091728103e-01,2.881030436937538908e-01,7.320961804003505158e-01,8.241109759016139735e-01,6.385428157752849332e-01,2.972431159533698852e-01,4.104377518231480115e-01,2.636539073037540426e-01,4.177483478742671785e-01,6.733976097201472832e-01,6.068163368290847570e-01,5.011653799698854161e-01,9.793644794146278976e-01,1.187685865589468287e-01,7.209784134900292241e-01,7.405504223979226808e-01,5.966990581179626441e-01,1.651694597788476715e-01,6.889205528936629408e-01,8.548831778540579851e-01,9.398503903323972564e-01,9.590974479872812486e-01,4.150636434302664712e-01,7.932816048829507416e-01,2.664973269289899194e-01,2.905936098677258661e-01,6.741437695187683099e-01,7.618657793333929451e-01,6.045077565515479812e-01,6.113265835669134951e-01,8.857280157385168939e-01,7.759498546718088807e-01,3.850153052087413319e-01,9.983177153619828825e-01,2.184850054757674076e-01,7.606828562164650309e-01,7.371872373804988499e-01,7.312342688256305845e-01,2.465272061370079038e-01,6.163176066941883358e-01,2.304230371962572022e-01,6.093861573904837403e-01,7.444290963922497451e-01,6.989558829574196164e-01,4.417182882933818333e-01,8.656672121808105524e-01,9.905622312875874691e-01,8.566684660106609339e-01,2.705866847160689689e-02,6.663301097924033689e-01
9.069925238253340183e-01,0.000000000000000000e+00,5.787164842590126757e-01,4.069120123124072008e-01,4.557129108471587586e-01,4.812266752078263599e-01,3.705098045691658237e-01,2.975754494501002267e-01,6.119601585590834780e-01,4.523400982528474334e-01,9.326635504547042821e-01,3.022007930552386701e-01,7.188822784598006832e-01,6.040495812448366530e-01,7.540864182195218257e-01,6.759719639660621837e-01,5.049104872505180142e-01,8.804149145139891219e-01,8.265149231419698372e-01,8.373260015482770768e-01,6.803315104380958100e-01,4.340816737780158197e-01,9.685040836263879571e-01,6.437911976956182114e-01,2.275660836478878013e-01,5.240518675720289288e-01,9.263157589437830408e-01,6.447858320041732760e-01,2.310732662903401402e-01,4.690860130282061280e-01,6.500571845530500603e-01,3.166102188895367209e-01,3.804411339723121621e-01,9.928642683225372689e-01,4.221730653001949385e-01,-2.620766582918687693e-02,3.582932573142447730e-01,2.448114227856240388e-01,9.265346891907333404e-02,9.676628805927527388e-01,4.901804599323620337e-01,7.525356936537287433e-01,4.354862649453141721e-01,6.941301298260577068e-01,9.085463841947243324e-01,4.292290907332092509e-01,5.735917119658658914e-01,2.738013282557731909e-01,6.312767599511320826e-01,8.116967165455203359e-01,1.091814039979688150e-01,8.828482134416680838e-01,5.191672233347153220e-01,7.591717603016631122e-01,1.319474153684758733e-01,7.448759345420767897e-01,6.020438663748769459e-01,4.314520716077735463e-01,6.370077262673325968e-01,7.761401393091971190e-01,5.220307518929859780e-01,6.570054865590042592e-01,9.084843119441405879e-01,5.165868350051459057e-01,2.656819621372653040e-01,9.168175930925278605e-01,7.993749339492610684e-01,8.673347553937436061e-01,4.520687662571189480e-01,4.991213571493492429e-01,9.340644005836491459e-01,3.781810588457136246e-01,3.378542519415541623e-01,2.567287397497388657e-01,4.687142907354318461e-02,6.180691158847703148e-01,4.673055601544645610e-01,4.008833529729060596e-01,4.321003390934552435e-01,3.118128299389995584e-01,7.478139890611383844e-01,9.596301801839850487e-01,3.688785935289597973e-01,1.984621552783880638e-01,4.328796649683789854e-01
9.861919839948912747e-01,5.787164842590126757e-01,0.000000000000000000e+00,6.257688001323239435e-01,7.171370144957404102e-01,8.758740770778428164e-01,6.255359703909305624e-01,4.271280222414904904e-01,9.049985220699207078e-01,8.220059898430043255e-01,9.783363112093622638e-01,5.417730994137835987e-01,8.873829410684465069e-01,6.602798488586202330e-01,7.956213957396767178e-01,6.628316933213933559e-01,6.672754793088884195e-01,3.089632480185342533e-01,6.286654648673143386e-01,7.805537547788188313e-01,7.755766759053941417e-01,9.342435446615345862e-01,1.047499017413251049e-01,7.555210567968506652e-01,9.086575116734891822e-01,7.340353904422276532e-01,-4.756727028265539392e-02,8.725850124612839487e-01,5.807620580647402386e-01,2.742335802345924334e-01,3.127402724374354626e-01,8.929203297250978832e-02,7.407319729408219366e-01,9.774794416436448641e-01,6.170020029537987005e-01,1.301635238552860396e-01,2.559531976669404685e-01,9.964784622403489722e-01,8.819544500231206730e-01,7.967923484528934841e-01,4.958578329041037902e-01,8.034461800550942723e-01,8.828467525323305809e-01,9.105742614571925575e-01,6.627425545595065914e-01,8.013562613342590790e-01,9.958923908219987631e-01,8.781621796803471547e-01,9.323710200404700110e-01,8.223608182982304893e-01,5.500384342217378153e-01,6.431638486473273408e-01,7.536072980934593879e-01,6.250422735312648470e-01,8.800130947810288484e-01,9.281987307444365953e-01,5.324998563426603937e-01,8.457422823711213677e-01,9.465020706499437386e-01,4.735865848433273850e-01,7.882593846844921925e-01,8.717736881519135839e-01,9.272569171337798899e-01,5.718389374304808648e-01,8.244741950333592806e-01,5.012186147106131306e-01,9.379336079191831210e-01,8.558887645773421982e-01,7.895722348127230950e-01,8.377771968412054404e-01,7.663679286101151567e-01,4.428303380248175825e-01,3.661204654781513579e-01,3.866443494328004604e-01,8.896663718560732237e-01,3.323948777021783485e-01,8.962134537679515844e-01,9.883627910384742421e-01,4.115472187448928620e-01,5.636566521516023220e-01,4.311821575954740138e-01,7.426333334108849993e-01,6.595512144588724368e-01,8.347142435516117231e-01,4.139300902153521533e-01
6.965823124489056717e-01,4.069120123124072008e-01,6.257688001323239435e-01,0.000000000000000000e+00,9.762249891252386402e-02,6.287812201195583928e-01,5.519002932857285382e-01,2.205351429950123676e-01,8.881433851005146041e-01,5.861556300675997422e-01,4.912765128187591701e-01,2.236001083997726790e-01,5.658258634997765935e-01,5.606759499478533026e-01,6.846232167648502731e-01,6.295870315036168341e-01,5.103314250119370676e-01,4.004944312010277341e-01,5.124825034581773631e-01,7.316120720200445238e-01,9.731070134807745520e-01,5.186449604816770753e-01,2.026740577645720909e-01,7.670913034758776172e-01,4.320977903494738204e-01,7.357369030967727541e-01,6.263553753027100157e-01,4.414405557283154757e-02,5.097978342422833098e-01,4.259448102021788918e-01,3.359569289527861713e-01,4.320161498585888687e-02,7.821375945283844944e-01,7.152087653834208192e-01,5.724453419589563552e-01,3.601715498807467331e-01,-1.546581981266390848e-01,5.015801085570457118e-01,7.479519700946033467e-01,7.817053957613998572e-01,5.764168798934218296e-01,7.774161599692015479e-01,8.555806888700243640e-01,7.751364928555237732e-01,9.547097321544604220e-01,8.808540602698651245e-01,6.682941775941775298e-01,8.322999674269995207e-01,6.036628561246184521e-01,7.447675134544028130e-02,5.085305175425681723e-01,6.231987595789336698e-01,8.949504606755239733e-01,7.090119599037107978e-01,4.283242298871842157e-01,7.487732292843948256e-01,5.560107139836352186e-01,7.346653936444432764e-01,9.697709611234066607e-01,3.273463344274444298e-01,2.297730340383203340e-01,6.498195076089294808e-01,7.257739216023753048e-01,7.679444357327277482e-01,2.720581199981525478e-01,3.141495123129194322e-01,6.767917065029616097e-01,5.210431183678031486e-01,7.802518193763178234e-01,5.273546311700390010e-01,4.818750453319589067e-01,2.035938590317226682e-01,5.658151614769753035e-01,2.472008439968825522e-01,4.280135985544626376e-01,5.077264902869252916e-01,7.146410305544782515e-01,4.128194676419559284e-01,5.293683321666315944e-01,4.495588306724612182e-01,5.163695823979613797e-01,3.786757276518356585e-01,4.527456661067931765e-01,5.870077391004068224e-01,6.361812331158693823e-01
5.512716206418559750e-01,4.557129108471587586e-01,7.171370144957404102e-01,9.762249891252386402e-02,0.000000000000000000e+00,6.854993214250506561e-01,4.052348435295379248e-01,2.613072878830196011e-01,3.804203387551734483e-01,7.353615262965760291e-01,6.324686955422887946e-01,6.499424578628030247e-01,5.103645819778505066e-01,7.617393357347572724e-01,5.198943150003465519e-01,4.120007818771269648e-01,6.693434957620537640e-01,8.727326703027951105e-01,4.978644332372296200e-01,9.020346904814974254e-01,5.088466499466549608e-01,5.857623034233272463e-01,3.575861709409547395e-01,9.608713790547013245e-01,1.641294592810798592e-01,8.490350595454648763e-01,6.671423538200721426e-01,8.004893210620336874e-02,4.909438969213104631e-01,2.083722628150021516e-01,2.944316810455810951e-01,6.606874444904301535e-01,4.330255844261444165e-01,6.550696073909566541e-01,4.904108025085901490e-01,4.247612374072012170e-02,-1.126599024712219010e-01,7.335496942144455190e-02,2.325816261946898056e-01,4.037633480271569097e-01,6.265842660214487880e-01,7.136025739185613004e-01,7.941648960520339973e-01,9.514970128683249984e-01,7.346554227687460692e-01,6.060460480016148788e-01,6.060121123499064844e-01,6.981738368698491293e-01,3.734277873599916031e-01,4.439447649385894201e-01,4.954249824098974075e-01,9.519796124096295831e-01,4.902214378625892044e-01,4.699055291971224180e-01,6.145623290139879957e-01,7.751112199913248180e-01,5.883992827274429072e-01,3.768002715238213396e-01,2.363283064709626735e-01,6.235023893002822337e-01,3.161219788126963248e-01,3.110177276845801919e-01,8.425674020126798780e-01,3.397115563685527695e-01,1.542630266474682987e-01,4.425333893648881745e-01,4.856457908860067896e-01,5.554860339598642893e-01,3.081899132235191296e-01,6.279767637226753019e-01,7.751124659978699816e-01,6.171043423494996238e-01,7.513948445116578334e-01,6.605479901484075100e-02,4.499103901021123675e-01,4.392198502400867510e-01,4.221191294818217310e-01,3.798510416004904910e-01,5.613163628926405302e-01,5.363643274117430026e-01,7.514999834850023541e-01,9.004592027624120920e-01,7.471238224915428550e-01,4.623739201367715324e-01,5.186072327943458404e-01
9.056204166319358206e-01,4.812266752078263599e-01,8.758740770778428164e-01,6.287812201195583928e-01,6.854993214250506561e-01,0.000000000000000000e+00,3.605324169196846285e-01,6.337266405678043668e-01,4.238357146110583451e-01,6.756894784232887474e-01,8.847966387297381274e-01,5.210137339019405012e-01,5.775511055228818025e-01,6.286968262760137538e-01,4.875398684020981754e-01,-9.559400992623756643e-03,4.877107980751286265e-01,2.493654478717993728e-01,5.350871947773371273e-01,7.523478868730348879e-01,7.746534133192364280e-01,8.271195258192679534e-01,5.893352419964248412e-01,9.800288389810356549e-01,5.769317479313413877e-01,6.544551669177572917e-01,8.560037891621156136e-01,8.001487713027231052e-01,4.355784438731741259e-01,3.137745338984310184e-01,3.297391001366805074e-01,2.158536457354290339e-01,7.636971689765615912e-01,8.963794518355593377e-01,7.704387311384716108e-01,3.565098583162635837e-01,-3.480600685697621266e-02,-2.555203986758516899e-02,6.225702363315470667e-01,7.276017015735191107e-01,3.951237646999807840e-01,5.143071655761329852e-01,6.662366034309301632e-01,3.639084440311120272e-02,7.933487602545382655e-01,5.340871369719730755e-01,6.269928691566705181e-01,9.132262959292454241e-01,8.404048317036161286e-01,5.399569373099890601e-01,5.761290520474803278e-01,9.642736809800406261e-01,9.704139985405086932e-01,5.709523381372653139e-01,5.779369321444777219e-01,7.856554359995286951e-01,4.625021266728647218e-01,1.994334012586621852e-01,1.830961547350506424e-01,9.208239026502865743e-01,6.977293924253961110e-01,7.082439619891801597e-01,3.272528975329523915e-01,4.655575659795045951e-01,6.775824893840839414e-01,4.563401510699404140e-01,6.432243715205951951e-01,8.224115372970092208e-01,5.210565806776017439e-01,7.083817644552414805e-01,2.784319880359423793e-01,4.912742538350526877e-01,6.262584483708566463e-01,3.171718358931097104e-01,5.823149963481368818e-01,6.090038241352518922e-01,4.030004744782283987e-01,6.285116581777440148e-01,2.167798030295895739e-01,3.383836586480549746e-01,2.484833406582340198e-01,6.623353402191265449e-01,5.353749102038893870e-01,2.829541149928302413e-01,6.629974648405130289e-01
7.939132950169121017e-01,3.705098045691658237e-01,6.255359703909305624e-01,5.519002932857285382e-01,4.052348435295379248e-01,3.605324169196846285e-01,0.000000000000000000e+00,-1.848293613833623950e-01,4.113691728318882301e-01,8.632858727107344254e-01,5.499292083773869022e-01,5.097403983884105649e-01,6.356203122779469084e-01,7.821444285830719823e-01,2.476302239907256508e-01,1.037853374307258769e-01,9.297844136422170891e-01,6.549284625622326939e-01,4.935048303693881921e-01,7.990398924425859972e-01,8.782362623446063887e-01,4.117454376653651993e-01,2.987702073178781781e-01,5.543092408361912637e-01,2.916085783692621280e-01,9.197382038152062123e-01,3.411528582912892738e-01,7.950059924071742889e-01,6.699035799156884963e-01,4.981591846323389916e-01,1.578186611910624704e-01,6.218514128518342066e-01,4.676626180129622168e-01,7.118755209472780177e-01,3.259535660358821030e-01,7.375740179927773310e-01,1.934380024867593528e-01,3.156825592309149275e-01,4.322133342466351058e-01,7.472040914792696942e-01,3.703823927309856101e-01,4.444929420811989940e-01,4.678239768862842429e-01,3.441118359102643964e-01,9.469903208584753429e-01,3.332822290339276794e-01,1.186447416587876752e-01,7.343072392597814468e-02,4.924386235002844447e-01,3.978545993618891052e-01,3.490722229973167723e-01,1.549353314475076515e-01,6.090671539966013848e-01,2.994571808705193128e-01,9.586101456204417781e-01,2.302689533925946219e-01,5.381184559873350981e-01,6.068889807361642630e-01,6.690551941766403887e-01,5.934101330014194264e-01,7.883785868401704811e-02,5.891037976010847776e-01,5.482896481534582644e-01,1.775609964941238239e-02,8.785635175581824052e-01,7.880872156986038490e-01,5.953954781540609087e-01,6.764864458495875033e-01,4.412920665322796476e-01,5.257492369242864338e-01,4.610901307206941024e-01,7.542624382687572737e-01,4.316459107463479494e-01,5.002047577874263462e-01,5.809233626686024499e-01,3.900167341059563864e-01,5.790641847692663546e-01,1.745424845234170019e-01,2.648328234228586320e-01,3.112201320260536974e-01,5.054509925231485123e-01,3.881997751707181310e-01,4.414406946590564984e-01,3.014000186528266179e-01,4.506511058893327148e-01
6.537822006239629724e-01,2.975754494501002267e-01,4.271280222414904904e-01,2.205351429950123676e-01,2.613072878830196011e-01,6.337266405678043668e-01,-1.848293613833623950e-01,0.000000000000000000e+00,6.423571647117852779e-01,5.497489825508408146e-01,5.599467323332339985e-01,5.949344417916611061e-01,7.544916112600580371e-01,7.821404359330457190e-01,2.857809624772780221e-01,5.614346899254747392e-01,6.246142048215960196e-01,6.913059020693276269e-01,4.917347602761066860e-01,6.951152423621914656e-01,8.756428049258659918e-01,8.913970982440274637e-01,5.281949748893375318e-01,5.135250858485993497e-01,4.027711585887808199e-01,2.597138416195943766e-01,7.524402832340373326e-01,2.170431740879685545e-01,-1.185518803875766913e-01,4.329293227709070657e-01,4.420852943548708724e-01,-1.731563459643761516e-01,7.019061112824502846e-01,6.059466665886261705e-01,5.999894821347226959e-01,4.169101335453776480e-01,7.634754470150029171e-01,4.269368264254669865e-01,7.303230870154118204e-01,5.682068367297443690e-01,2.420053308288854788e-01,5.396846757571710507e-01,8.704065871738650984e-01,6.137485776507753954e-01,9.834791560244804387e-01,3.097630009568145271e-01,1.063535184220407853e-02,4.130066569637376728e-01,4.893666728295552604e-01,4.113957907215908816e-01,5.121701573980905753e-01,-1.871191096806101295e-01,7.559708126723106991e-01,3.647374693085794206e-01,1.162987864939956095e-01,9.837479144298340028e-01,3.611792654139893144e-01,3.385394019675970201e-01,5.797405679108639243e-01,5.731009980224582856e-01,2.067524930898410607e-01,7.014985400343378696e-01,7.651516931489250606e-01,7.433849659757141293e-01,4.190871022256837386e-01,-1.831312582400272948e-01,3.232325894696510549e-01,6.677142234007349408e-01,6.997658885247326488e-01,5.321729702312791854e-01,4.931501000486792075e-01,7.153481093318929673e-01,4.392351417894005405e-01,7.841315676609071916e-01,1.099011561048968133e-02,8.515596725252196908e-01,5.293844388926347566e-01,4.335522359742925436e-01,-2.431928795712320901e-02,-5.671986278615925858e-02,5.279015842110601486e-01,9.278063493305687137e-01,7.724432142140906787e-01,2.012536986493661806e-01,5.056817744091836042e-01
5.581545848368075768e-01,6.119601585590834780e-01,9.049985220699207078e-01,8.881433851005146041e-01,3.804203387551734483e-01,4.238357146110583451e-01,4.113691728318882301e-01,6.423571647117852779e-01,0.000000000000000000e+00,5.442835908519958465e-01,7.638366386957109455e-01,2.281552284139246323e-01,2.465118797825531782e-01,6.584934260242242265e-01,6.120263362646550798e-01,2.036825622033879013e-01,9.859658678032579004e-01,5.105793051422904405e-01,4.856976187438709069e-01,6.500536718621761079e-01,8.399759975452024685e-01,7.396254614648399839e-01,6.188647802469184889e-01,7.888738666421523105e-01,6.278288551553825592e-01,2.888120907953279914e-01,6.616600877364253730e-01,3.430859365752898793e-02,4.773882766250721055e-01,1.234163024199709108e-01,4.352685848310869354e-01,2.606003302971445779e-01,-4.111207695106822158e-02,6.743138294891888318e-01,9.807758117847681367e-01,2.983601678086302278e-01,5.451374689413474028e-01,6.420934950659035190e-01,7.687144629629165671e-01,3.739329315552104571e-01,2.500719490980022330e-01,6.923647117283129315e-01,5.132744860284754740e-01,5.121160415367653762e-01,8.662839218955818987e-01,9.646489467991563593e-01,6.878737608591929398e-01,6.022079535318033416e-01,7.570215520272081111e-01,7.993212696792526550e-01,6.924858860122696802e-01,6.597155241906813572e-01,7.532951287981546340e-01,6.551021452263128264e-01,6.170182336379604893e-01,6.360416337740093518e-01,5.721444689750830870e-01,9.174215890760899494e-01,9.340725810699689324e-01,4.603863227475948339e-01,4.905220154014142131e-01,7.823371667585441447e-01,2.342076524970766183e-01,7.012215051759699280e-01,9.738395645132992273e-01,4.923331577355264943e-01,3.085123949420240375e-01,9.025989484040680688e-01,4.705169029415654652e-02,6.052186567680194473e-01,8.904821382317650302e-01,4.043511102281459602e-01,5.462252901255220117e-01,1.360189441853305592e-01,7.152727234236450071e-01,6.504080680922581514e-01,6.445239442242732819e-01,2.699852049246340147e-01,3.794934198830954286e-01,5.186319314693093041e-01,4.430662773051714520e-01,7.571598573108939689e-01,9.079297668674572996e-01,2.296428214692768088e-01,5.978202436959095811e-01
8.124444961934493836e-01,4.523400982528474334e-01,8.220059898430043255e-01,5.861556300675997422e-01,7.353615262965760291e-01,6.756894784232887474e-01,8.632858727107344254e-01,5.497489825508408146e-01,5.442835908519958465e-01,0.000000000000000000e+00,9.168958472967845275e-01,2.336360029486815315e-01,7.908963736355221208e-01,6.736189154610182639e-01,6.452435585670688312e-01,2.166644647826656556e-01,7.766985641359189785e-01,6.686863206700773832e-01,6.793129169214533469e-01,4.842085951391071896e-01,8.641199774700314418e-01,6.493648315224822554e-01,7.587086604042234672e-01,4.355830939940077973e-01,7.968724343753252892e-01,9.469563128347709968e-01,6.311672301824070574e-01,3.520744694451233281e-01,7.438623411486493531e-01,6.758230498235511252e-01,4.968484478153577522e-01,5.554891239369796896e-01,9.901705040543231640e-01,6.587076892223369118e-01,8.063382692231206850e-01,4.235299117605341723e-01,5.890947603976888214e-01,7.027930603977152746e-01,8.441754802952464720e-01,7.074797838760206181e-01,5.583129270871438621e-01,4.696004495672830847e-01,4.162649020497941055e-01,5.147207609440865861e-01,6.105849541589420948e-01,8.281265718919518237e-01,6.919692529933231251e-01,6.658883514051195940e-01,4.481490649296529516e-01,2.561237691822329174e-02,6.905154230456511666e-01,7.755891780359187582e-01,7.157596161136400292e-01,2.703268776289985409e-01,1.766147059282938830e-02,9.192913757356090398e-01,7.612601618057011077e-01,4.076621699767049578e-01,9.869295227675357607e-01,4.320313264524252572e-01,1.728576623320089434e-01,8.323837039151835704e-01,6.702602165827067360e-01,9.493605702032038574e-01,6.577015666754650880e-01,4.208511951202563717e-01,2.707290497540165708e-01,8.547572511375756132e-01,5.403903103647893502e-01,7.520063345105617580e-01,6.023463612510181475e-01,1.424155781686241018e-01,2.982387372376938961e-01,4.211228735567373316e-01,2.372094932721191540e-01,5.088580168217238242e-01,6.543388865978188029e-01,6.067343935814857314e-01,5.650760884308115850e-01,2.001324360630525323e-01,3.797372181045618467e-01,7.180574398766240707e-01,6.397910082301647705e-01,7.516631192291591823e-01,-9.359038634955618718e-02
9.370562848072342410e-01,9.326635504547042821e-01,9.783363112093622638e-01,4.912765128187591701e-01,6.324686955422887946e-01,8.847966387297381274e-01,5.499292083773869022e-01,5.599467323332339985e-01,7.638366386957109455e-01,9.168958472967845275e-01,0.000000000000000000e+00,7.922994057669912049e-01,-1.824724419971721634e-01,5.314300913613160260e-01,9.448141236694672651e-01,8.561770007991946763e-01,7.924043723248296311e-01,7.296084266271158913e-01,6.359179285580717211e-01,6.852389694020424304e-01,7.248148418902490286e-01,6.767396798347454778e-01,8.097520946282804610e-01,8.947680929749363132e-01,4.255699908962297107e-01,7.473380779843912247e-01,6.549745437400184001e-01,6.869119094910051126e-01,2.829500421357105666e-01,2.213096072001425885e-01,4.456394803963105167e-01,5.780066942459739510e-01,6.565959157301609617e-01,2.383829721462595586e-01,8.323886654862974188e-01,2.241107989572806158e-01,4.556426171057042507e-01,4.549212194255826125e-01,8.803008305665522837e-01,4.061095166072674623e-01,1.680919097059481171e-01,5.716377837019717134e-01,4.645319628468762008e-01,2.040588133167309248e-02,2.882510230119774142e-01,8.460558401444192578e-01,1.109150387164975354e-01,6.550694548505835435e-01,4.053754381371563742e-01,3.269753611652248537e-01,2.704387424181587396e-01,5.532837429217699610e-01,9.339745771606824398e-01,4.875365111331463885e-01,4.741202625581000252e-01,7.807436282523343429e-01,6.618126569913396207e-01,9.554375699919686049e-01,9.004102202077842731e-01,5.860907796545007375e-01,2.412285177527580260e-01,6.374207593850746978e-01,8.705043735612624234e-01,5.692777611321540032e-01,8.331129485605950347e-01,7.492664614973183479e-01,7.134264068711897444e-01,7.925625895490127082e-01,3.852288681844007190e-02,4.656548717338981347e-01,6.903130238416018694e-01,3.144591420717173236e-01,4.755038160625161270e-01,2.223653203665064138e-01,8.417973961188234266e-01,7.880693354033134757e-01,6.549425793856247235e-01,6.418871736334426092e-01,6.252194303168069345e-01,-6.011563628626420686e-02,6.326049925211317815e-01,8.551631081383053168e-01,5.742936899255310923e-01,1.685714616518859399e-01,2.369504999599191530e-01
7.500293228389538491e-01,3.022007930552386701e-01,5.417730994137835987e-01,2.236001083997726790e-01,6.499424578628030247e-01,5.210137339019405012e-01,5.097403983884105649e-01,5.949344417916611061e-01,2.281552284139246323e-01,2.336360029486815315e-01,7.922994057669912049e-01,0.000000000000000000e+00,6.801538340826832618e-01,5.975446226664675731e-01,5.660268832728124755e-01,2.309470738752182062e-01,7.712357623561554298e-01,4.811564643990393630e-01,5.690175043713466829e-01,6.205786729598015139e-01,9.276075049809181516e-01,4.730946204496792040e-01,4.263512362437102965e-01,8.281486754807202422e-01,4.319775530445343903e-01,2.460777427823400143e-01,9.505526900699547976e-01,7.870423102188657261e-01,2.704351823551707779e-01,6.094216747233427434e-01,2.114352623030003320e-01,5.393532550123496527e-01,6.634701593334590974e-01,6.467748432210187470e-01,4.441396067358185373e-01,3.441158082815399810e-01,4.648348879008190604e-01,3.593246954500056711e-01,2.623873698537112498e-01,9.497254413952885832e-01,4.677248153720152679e-01,6.710653123333096826e-01,7.792554148171546569e-01,6.059480384575409717e-01,9.846007248782032706e-01,6.378898398789427659e-01,7.539325902834949078e-01,9.037028782431985041e-01,6.012435262031807781e-01,4.531503985835425574e-01,8.970493274739057554e-01,4.609538529454669797e-01,5.089541631438839753e-01,5.041623108077847304e-01,1.074169815464766642e-01,5.180499698456593194e-01,7.801726463150870927e-01,3.252290334580105746e-01,6.617611293956979779e-01,5.880443362217682712e-02,1.790743205335912913e-01,4.610963726407496521e-01,6.004602215351299010e-01,6.485652198911439070e-01,8.105854042152319527e-01,7.630980323175411417e-01,7.174447494901273759e-01,7.877598769975957538e-01,5.753082168369441085e-01,3.601482216760032440e-02,4.292275795543361583e-01,4.273515406842399167e-01,2.368675847723480665e-01,-9.382098363143409614e-03,4.176801798000706611e-02,2.063473038786801106e-01,4.763826733677306580e-01,4.687778386166990829e-01,2.313521255246501207e-01,4.615230280218568515e-01,5.071358200039213227e-01,8.063368708199973867e-01,4.035406352527881602e-01,2.967758725150993482e-01,3.606085517932708928e-01
8.220059764343773390e-01,7.188822784598006832e-01,8.873829410684465069e-01,5.658258634997765935e-01,5.103645819778505066e-01,5.775511055228818025e-01,6.356203122779469084e-01,7.544916112600580371e-01,2.465118797825531782e-01,7.908963736355221208e-01,-1.824724419971721634e-01,6.801538340826832618e-01,0.000000000000000000e+00,4.291701049185226990e-01,7.734301282964084479e-01,6.418787024359060567e-01,7.029275660166952600e-01,6.615449192663407363e-01,7.257512258759791779e-01,3.975479767529427333e-01,6.820849283652611339e-01,7.344320008176263848e-01,9.447366013969297205e-01,6.210181274638911786e-01,1.650527440333205698e-01,7.549655543427074011e-01,4.297095874419916695e-01,2.524398490537747564e-01,5.812520496765691824e-01,5.169281762207235120e-01,4.525732925339852053e-01,3.564079918215763421e-01,6.840460987280704286e-01,8.558833121387734444e-01,5.031248568419299794e-01,2.452593102019107463e-01,1.759048127315251397e-01,6.206636146399064913e-01,7.981502957785624464e-01,5.702181721771812928e-01,4.085837810798010894e-01,9.667519731689284690e-01,3.052991175262359524e-01,6.954096067714211626e-01,9.084885412200039978e-01,8.922642900984878445e-01,7.418440883973091982e-01,7.903513509912560853e-01,2.894919162777723765e-01,4.868497372612747842e-01,8.168547777280996680e-01,4.531531851755924989e-01,8.686183014265705937e-01,8.518801069655167479e-01,9.699801357106913047e-01,4.081213035164845682e-01,5.823785204338763899e-01,9.254701374399125768e-01,9.902444346502543571e-01,4.950928987794691039e-01,7.533796061666286903e-01,4.614461583723739047e-01,9.468905092513382749e-02,6.779189017845728138e-01,9.398814873649046220e-01,4.575810881641770855e-01,4.578851517390791215e-01,7.771944932740901812e-01,5.564059412787991654e-01,6.227390906919124669e-01,6.872143938423076470e-01,7.263671996446240398e-01,2.604747495901405148e-03,4.571775065865017473e-01,6.226574386330780975e-01,4.650152196039144536e-01,6.469930091051060428e-01,2.944577227246188422e-01,4.655396335907185934e-01,1.418121307435333822e-01,4.780764868425260161e-01,4.554197813950984775e-01,7.160335148419096907e-01,4.044432490205673858e-01,7.985395008246927162e-01
7.159504387291331096e-01,6.040495812448366530e-01,6.602798488586202330e-01,5.606759499478533026e-01,7.617393357347572724e-01,6.286968262760137538e-01,7.821444285830719823e-01,7.821404359330457190e-01,6.584934260242242265e-01,6.736189154610182639e-01,5.314300913613160260e-01,5.975446226664675731e-01,4.291701049185226990e-01,0.000000000000000000e+00,7.932782210879537610e-01,9.724854654411485555e-01,2.942873594172303875e-01,5.013474486517024431e-01,8.177670314456210177e-01,6.725463774149874618e-01,8.612689158358588504e-01,8.032697231431048523e-01,5.512001326592090855e-01,5.795191147838031354e-01,3.589981570766663799e-01,8.275347208203116534e-01,6.732051005467478699e-01,4.338026982800069487e-01,2.474460179748832478e-01,4.177235094079947419e-01,4.722906863764987362e-01,2.237833238286230653e-01,9.822734904129144518e-01,5.024289741188187053e-01,4.983368658128508599e-01,4.602598389969460579e-01,8.860047993408148859e-02,4.392061485148146538e-01,7.449616933851187506e-01,7.663987733769023203e-01,7.236461072914235348e-01,7.536079526807294426e-01,2.557474718959520943e-01,8.691129833297043250e-01,6.446977225092730412e-01,6.363193930193703496e-01,3.965690413989154672e-01,5.949653184286992635e-01,7.378168002618188392e-01,7.696837867746659789e-01,8.553937188144894455e-01,4.393724715914432699e-01,6.208891779053585802e-01,5.156891955141059691e-01,9.588667149951632940e-01,7.663903060475686368e-01,5.700215301903363008e-01,7.022409717868594026e-01,5.884926113065840347e-01,9.653274857759158722e-01,8.041941580496086983e-01,9.389721698819748497e-01,6.645193946154099862e-01,9.710328811017110429e-01,2.253521076226258635e-01,4.632638182402391003e-01,7.572660304995091352e-01,8.769809648293491744e-01,5.654226687077194002e-01,7.995186019582567472e-01,4.862037716677444776e-01,2.621386302557805470e-01,2.577207768975476876e-01,2.574727803284786454e-01,2.471305936288376304e-01,8.210557473338333523e-01,8.152216125288396231e-01,6.856965155427453551e-01,7.749920519335876667e-01,3.604442704284221283e-02,9.436436021550613784e-01,6.416739351192222163e-01,5.268226384811006691e-01,7.905919795748708179e-01,5.576171167615330271e-01
9.225070128188210816e-01,7.540864182195218257e-01,7.956213957396767178e-01,6.846232167648502731e-01,5.198943150003465519e-01,4.875398684020981754e-01,2.476302239907256508e-01,2.857809624772780221e-01,6.120263362646550798e-01,6.452435585670688312e-01,9.448141236694672651e-01,5.660268832728124755e-01,7.734301282964084479e-01,7.932782210879537610e-01,0.000000000000000000e+00,6.350233734403186725e-01,5.966126262542865710e-01,2.058778394119422095e-01,2.786753648400921435e-01,6.571881313871164032e-01,6.883869314500827841e-01,5.172430770124322175e-01,4.258000875330014701e-01,7.309290123634384351e-01,5.175756760640505272e-01,7.276182164215148074e-01,4.618041121913302738e-01,7.331875504930416287e-01,6.121326895443777172e-01,5.420395769629846594e-01,4.018772014936937698e-01,7.160590858391009395e-01,5.934271138858185912e-01,6.288900261543637349e-01,6.428581950089174990e-01,5.037330350271856938e-01,3.756694898760735146e-01,5.500064263429240707e-01,9.787160190916078806e-01,6.669094599989868755e-01,4.701006036966741131e-01,6.950351444419849978e-01,9.303446004036020067e-01,7.685787528686800485e-01,5.431810290701090116e-01,7.684710318486500658e-01,4.473976880772269071e-01,7.602343038259495867e-01,6.485482294826427907e-01,6.106539625531282045e-01,8.387407460540514670e-01,3.215354736568646343e-01,9.282881137424346951e-01,6.374478163519918805e-01,7.524927251543419571e-01,6.765664813573504244e-01,8.466089484551659883e-01,4.167564756415723659e-01,3.164615614512209518e-01,1.108130209691019497e-01,2.182249633724235582e-01,1.727610296216290919e-01,8.327256880884857937e-01,6.958291904801212624e-01,8.256083395673967651e-01,2.564739663177082463e-01,6.075298759679492733e-01,2.997518494178563753e-01,3.476543284868321981e-01,3.966798996300043845e-01,7.761512742028470191e-01,7.746776122002575482e-01,3.453858487925384191e-01,-3.972223123266719891e-01,4.387997733117541821e-01,5.943313383313318932e-01,6.453036219425448694e-01,4.904184378035219005e-01,3.580461756624288006e-01,-1.078658348025451907e-03,5.832545769022774440e-01,3.308057630748322264e-01,5.495082495536818268e-01,4.048091246041468638e-01,3.152606936582688646e-01
3.937639691641777184e-01,6.759719639660621837e-01,6.628316933213933559e-01,6.295870315036168341e-01,4.120007818771269648e-01,-9.559400992623756643e-03,1.037853374307258769e-01,5.614346899254747392e-01,2.036825622033879013e-01,2.166644647826656556e-01,8.561770007991946763e-01,2.309470738752182062e-01,6.418787024359060567e-01,9.724854654411485555e-01,6.350233734403186725e-01,0.000000000000000000e+00,6.193126725225753804e-01,3.505924616912582947e-01,4.765114466110566549e-01,6.257005653525228306e-01,6.140039598579172253e-01,4.379599900322246331e-01,-1.184486679104409940e-01,6.889726946483395453e-01,7.261610317033725392e-01,5.587739670422762206e-01,8.688589524263670150e-01,6.586138478137809615e-01,6.188996593548916625e-01,6.996850871192407118e-01,7.485619784772997720e-01,9.696169139021001415e-01,7.043781687202466113e-01,4.962595245273722644e-01,5.940136637029400646e-01,6.069643597354682507e-01,8.644371567506939358e-02,3.178771986455324328e-01,6.138807262777538076e-01,9.397872585033937298e-01,4.422284235097038163e-01,3.200499420235838194e-02,8.368863118596785444e-01,-3.453338592390065021e-01,6.051604278526160341e-01,6.644013399468058356e-01,6.332011136619434266e-01,8.512283599601454531e-01,2.550190867881617085e-01,4.127313203124749474e-01,6.302341496428538470e-01,2.224945342421966177e-01,5.772272144575555375e-01,7.218630210292227289e-01,9.860947436148103096e-01,9.218200953809205789e-01,2.278296333279677399e-01,8.706009225203135138e-01,4.783997752709550078e-01,5.978514571030389968e-01,1.416257481689646158e-01,4.112048233267205921e-01,7.837731449178810816e-01,8.132442103391424038e-01,7.527182855309799692e-01,7.016759397781383578e-01,3.307354553679964226e-01,4.121346712082891717e-01,5.650009730719176559e-01,7.236402492795868113e-01,5.805560582255324675e-01,5.792351907369999164e-01,4.297967402223197841e-01,2.089450952401248895e-01,3.213006798547131670e-01,1.113180310085388619e-01,4.287458062944004000e-01,2.775128873279754105e-01,7.161222546041834391e-01,2.729936514379203288e-02,7.576569296210083904e-01,6.701595712797105975e-01,9.381669188030751227e-01,3.386577938455351267e-01,4.001981956184387235e-01
4.292730209422951915e-01,5.049104872505180142e-01,6.672754793088884195e-01,5.103314250119370676e-01,6.693434957620537640e-01,4.877107980751286265e-01,9.297844136422170891e-01,6.246142048215960196e-01,9.859658678032579004e-01,7.766985641359189785e-01,7.924043723248296311e-01,7.712357623561554298e-01,7.029275660166952600e-01,2.942873594172303875e-01,5.966126262542865710e-01,6.193126725225753804e-01,0.000000000000000000e+00,6.018906645252601884e-01,6.439570797835860727e-01,7.669740806947177303e-01,9.704833556039694775e-01,3.984195247510344262e-01,5.658118696376115420e-01,9.422851112958016140e-01,7.287359568581051050e-01,8.369995851393412511e-01,7.424870966611230028e-01,4.225362725120768159e-01,5.842662210562162839e-01,5.333111156338129488e-01,2.663181829647884857e-01,9.341177144593473258e-01,2.569734984072811201e-01,8.442220514748696170e-01,-1.216045128090049027e-01,3.163834013977817605e-01,4.557229798452575031e-01,5.403623559793263587e-01,9.643052860275989069e-01,9.249115814417788739e-01,5.594994198904632565e-01,2.184107696780937802e-01,6.213293486241918684e-01,2.492093847458053679e-01,4.729101919878463955e-01,1.805268439535883188e-02,9.796035272563253793e-01,6.921587519358759488e-01,6.832735914951973966e-01,6.237005951857202968e-01,6.427348112793843660e-01,4.233305824131683437e-01,7.409598682786305845e-01,4.350098526053081671e-01,6.969513590441296369e-01,7.021932930018898178e-01,9.493485457033410402e-01,7.181811782362310659e-01,9.253967055793697050e-01,7.876439292851631357e-01,5.384671250380409502e-01,5.831616156165655429e-01,5.105896803217732094e-01,5.128019063631250596e-01,6.712818967429765582e-01,5.663610472203899349e-01,9.897276141975996921e-01,9.875616508793366721e-01,6.275746186468278420e-01,7.558309571095148671e-01,6.921266719626943953e-01,6.884786217215327353e-01,9.564413843027957940e-02,6.081808390416088006e-01,7.811185443473941392e-01,7.219207406479184463e-01,2.973372423712633550e-01,2.710557857457418507e-01,1.813670027904328019e-01,-6.970069858502575544e-02,9.796354861275081705e-01,7.732860101728739055e-01,8.282684346261480757e-01,5.562229172755377427e-01,7.207438316944415613e-01
9.035081886195002188e-01,8.804149145139891219e-01,3.089632480185342533e-01,4.004944312010277341e-01,8.727326703027951105e-01,2.493654478717993728e-01,6.549284625622326939e-01,6.913059020693276269e-01,5.105793051422904405e-01,6.686863206700773832e-01,7.296084266271158913e-01,4.811564643990393630e-01,6.615449192663407363e-01,5.013474486517024431e-01,2.058778394119422095e-01,3.505924616912582947e-01,6.018906645252601884e-01,0.000000000000000000e+00,6.143326837898084314e-01,9.519192160323310947e-01,8.738127050480800628e-01,5.250912557460980512e-01,5.273645723684561304e-01,9.263442103955997764e-01,3.078270159783810800e-01,6.583334947539899451e-01,6.266215406984114722e-01,6.039966786923390840e-01,2.861497886548787783e-01,6.703568917915182501e-01,2.036464815383545179e-01,5.935927881685236773e-01,2.615189940555245340e-01,5.445117709306941389e-01,3.965389394265549372e-01,1.497491134679397040e-01,3.720384900242652559e-01,7.485072748696752765e-01,7.224048804675080593e-01,8.315677849768996488e-01,2.835611202741045167e-01,9.634274733653425127e-01,8.474477830943578649e-01,3.902203030133137851e-01,9.698758787970965800e-01,4.029259227942149080e-01,6.236534986778764500e-01,7.750222437255888108e-01,4.189400987426352141e-01,5.246288684963933413e-01,2.671898265972452724e-01,6.934396289709264805e-01,4.469512774799217492e-01,6.783655864179818362e-01,3.621714278633119122e-01,6.157157898654598283e-01,1.256170084106273954e-01,5.784115744024620476e-01,5.266871426373006537e-01,6.142058348016400382e-01,5.323038505623524097e-01,5.857982969103227022e-01,6.816731830524617175e-01,5.469133589471635304e-01,5.191770032050312400e-01,6.864899049147153987e-01,6.056151085197266637e-01,9.695959044407406191e-01,5.220139701102906038e-01,7.208564911708724710e-01,7.630643262622029965e-01,4.152021152446969676e-01,7.080162057941385978e-01,4.947873114190527444e-01,6.143943380197789406e-01,9.310510857859897182e-01,7.356569263146557347e-01,4.100042154307577680e-01,3.021618923937852141e-01,5.370474686129782932e-02,7.102485982160037237e-01,8.693104042319835800e-01,5.271896863931759825e-01,5.579206776291819603e-01,9.867596906495750275e-01
