0.000000000000000000e+00,4.491849299107167903e-01,6.361175787336461607e-01,6.887232245493821736e-01,7.044404640998015443e-01,7.359835932646923151e-01,-1.151058534813771822e-01,4.000013257398146171e-01,6.377878850588468707e-01,5.645772308266799877e-01,7.621481306937354372e-01,9.180532531928798923e-01,7.065028237775649034e-01,9.129295976407520996e-01,4.934367589378403363e-01,6.635915456833478832e-01,9.015574501187330059e-01,6.972900049153095692e-01,4.931640598449965052e-01,7.898386043288383451e-01,6.413675701844188115e-01,7.234878559171841195e-01,8.414387005687689047e-01,8.855123768513181171e-01,8.886072047971542709e-01,9.102849813991661376e-01,8.966864634171394233e-01,4.986669839121276593e-01,2.660664790446219397e-01,2.967844988800255601e-01,7.999808519003763774e-01,7.106435353379242370e-01,7.731664660620811702e-01,6.463333287378719705e-01,7.317760751023879573e-01,4.609995400410886734e-01,2.223232056853708671e-01,7.957334332713137393e-01,3.904760957101130470e-01,7.655857745319079033e-01,4.134091485850440728e-01,7.673755602227909645e-01,4.685876334865288761e-01,8.087427939488882611e-01,7.676998225421152178e-01,4.247681237371819796e-01,7.933515391628497282e-01,-1.995254068801889935e-01,4.267311003889733834e-01,7.185168632316255577e-01,6.894328603278958578e-01,8.455880906786017448e-01,4.529466936051744219e-01,8.389119495903173407e-01,8.743592165562097396e-01,4.883016676258927213e-01,7.183993132133732473e-01,7.582810519275404726e-01,5.495529475097898908e-01,4.550084231555265313e-01,-1.595346597349938667e-01,9.076981370725007991e-01,3.119549987235240573e-01,9.136992603057724205e-01,9.300608913974069969e-01,9.974162702128819280e-01,9.309558374356057264e-01,6.886860819776579046e-01,6.031632762153508187e-01,4.762440003235816066e-01,4.289613646140472691e-01,5.157012279486860029e-01,6.380064166812444704e-01,6.437249092017260921e-01,8.496074522607556245e-01,9.421356907021726235e-01,8.870152910680579872e-01,5.246069791233012314e-01,2.376721495858036270e-01,4.177156289012274315e-01,5.655153344070404930e-01,9.551240091275967625e-01,9.601888721497326973e-01,5.510960690472804790e-01,8.686506022426194740e-01
4.491849299107167903e-01,0.000000000000000000e+00,8.741132644432928478e-01,5.718730753307798009e-01,2.475471763919881163e-01,-1.861520745291409540e-01,2.217975232657521112e-01,7.606569824707171135e-01,7.889092829041580712e-01,4.571799409534110237e-01,3.451150365719897195e-01,9.358238271054422075e-01,8.285722047395811529e-01,6.537861761576546638e-01,4.016410809020587447e-01,7.962211495925202165e-01,4.205590614222638468e-01,6.587114601704792127e-01,3.980248468877818357e-01,7.814624229092657082e-01,7.050402042757792920e-01,6.645482723802359493e-01,6.747703316219464398e-01,9.192322329753240817e-01,5.222235615811823273e-01,6.658310803213525197e-01,8.407362842399133118e-01,9.290491809998037143e-01,4.094347560850169487e-01,6.424046139539699718e-01,9.105174808596493419e-01,7.423528061403810163e-01,7.867160513534279254e-01,4.839195930803493750e-01,3.724353465115808337e-01,7.476371907404876227e-01,5.845235611321405456e-01,5.629605956344838624e-01,5.407292217599263262e-01,7.811783157515278520e-01,6.640598198675566888e-01,3.672685599125563582e-01,7.200836941245674083e-01,8.406973939124970929e-01,2.647123933324631584e-01,7.995079221855210250e-01,5.912378712035867290e-01,1.719722039623204357e-01,7.788938058696459610e-01,5.834124069992705497e-01,6.871365612732059924e-01,6.313385374320384935e-01,4.473524394772245283e-01,5.881190842831880428e-01,9.964636483420792334e-01,9.277863330103955919e-01,7.748740319900575546e-01,6.253527493387814884e-01,7.248431044664667144e-01,6.576512739268665086e-01,5.153937801338509539e-01,7.650121566037764165e-01,9.864713088688761289e-01,6.611060926696384898e-01,8.375793800392442590e-01,7.646022830836484152e-01,6.991696528669603117e-01,8.850127518320598519e-01,7.187520153505377873e-01,3.651394263342515600e-01,9.298851436023922723e-01,9.860579974025145411e-01,5.496934658343749502e-01,1.315906276157299271e-01,3.630168114066326113e-01,8.978377747468040404e-01,2.364016991072520057e-01,5.716778484036376673e-01,3.232757779053509473e-01,-2.537283512425171361e-01,2.473458395409433019e-01,6.240100346578374424e-01,7.300664196785711102e-01,2.019369223352797393e-01,7.236042576892759426e-01
6.361175787336461607e-01,8.741132644432928478e-01,0.000000000000000000e+00,6.001594509840222358e-01,8.079206730846271167e-01,7.235760653373295437e-01,7.163829273372896989e-01,7.617215311964997682e-01,5.595957341124708773e-01,8.251016332858396307e-01,8.390723350579840645e-01,5.130935528092379627e-01,5.882897542982776784e-01,7.903609256960519858e-01,6.586506521099303457e-01,5.246210559050417110e-01,5.124198804573953936e-01,8.080377246047119044e-01,7.016102687655414449e-01,9.741856614177155649e-01,8.487682229649968768e-01,9.617703971165459942e-01,4.882851653920706747e-01,7.972044499596486755e-01,8.376413807682780988e-01,7.361464252562853749e-01,5.548616044773340139e-01,9.690220370188098453e-01,2.433918838456268219e-01,4.532168740178046940e-01,2.366061375793078458e-02,8.814623094801260494e-01,-9.878514022360655733e-02,7.975610656081772998e-01,7.848584366817069613e-01,6.168552547336926262e-01,5.455136539108322857e-01,6.219551949272730251e-01,7.659366219470807868e-01,9.921961165838992791e-01,5.716409029635549643e-01,9.452455762216589452e-01,7.831011441080052426e-01,6.259056930847251010e-01,5.053059109744435506e-01,9.774092865932836327e-01,8.141530794991395092e-01,9.501661813101598408e-01,8.660782819138230781e-01,9.381473565924842717e-01,7.596703594895513056e-01,5.500774373271118955e-01,6.994377875338241290e-01,8.774679238649811808e-01,7.976360128297126373e-01,6.210804721951151963e-01,9.676266440082167408e-01,5.458079645628606258e-01,5.164951011569148820e-01,4.199708657853963856e-01,6.672255243929224866e-01,3.540389196856722487e-01,9.622554368591456075e-01,8.779847673130519725e-01,7.152859052395931228e-01,4.551175858186751189e-01,9.055572143696858367e-01,2.044508439126032084e-01,8.628695462500203250e-01,9.024707089086927425e-01,5.107505003583669989e-01,7.539428898973740134e-01,2.423286674119062289e-01,2.137786813752082238e-01,6.917498271591332459e-01,5.939910703738104925e-01,9.969629852427451810e-01,7.576339526283063508e-01,3.835245236022180038e-01,2.321672972041573524e-01,8.728812536996574112e-01,2.839778058020057117e-01,5.371070001764741697e-01,8.127229655277431464e-01,7.490715198029763711e-01
6.887232245493821736e-01,5.718730753307798009e-01,6.001594509840222358e-01,0.000000000000000000e+00,7.727234030228263828e-01,7.407681393481702070e-01,4.786328048144513070e-01,3.454765151967434944e-01,7.562085444151438463e-01,4.617631882447019165e-01,8.478533136245396395e-01,6.754518431151128599e-01,7.835894107502157091e-01,6.360369670557168842e-01,9.324318760937772010e-01,7.420358357150792505e-01,5.336561138934209358e-01,9.604270559306594679e-01,7.606226926019221679e-01,8.550017952631591145e-01,8.624361378706463244e-01,7.637343781848597857e-01,9.437654167670180838e-01,8.821979674863920096e-01,5.667097842343133962e-01,3.276811430628775446e-01,7.340297205830698113e-01,7.744734126857699685e-01,3.207676028287260728e-01,1.715415078085310574e-01,1.330674439267853226e-01,6.451910544082037902e-01,7.925609927396501941e-01,4.907083420132118956e-01,8.484843399400566755e-01,5.672012744040761945e-01,1.039118384698606290e-01,7.963344845965147911e-01,8.012393747441729497e-01,9.764931464748467516e-01,2.537181276438378874e-01,5.038353198076712669e-01,5.782296097775124766e-01,6.625963891423549690e-01,7.425451955647957014e-01,7.299722609097658577e-01,7.921443342345595440e-01,7.994434881259462333e-01,9.755089400409997502e-01,9.143918257341762112e-01,8.034942615306798208e-01,6.781744710161239365e-01,6.022240313863475025e-01,6.546146560669453551e-01,9.371119831584020510e-01,6.503636671761724442e-01,7.329229441926554678e-01,2.155568067324297177e-01,7.621303724542338731e-01,6.234253646732158538e-01,2.155234157232551462e-01,8.633932098040477676e-01,7.837919520583284116e-01,8.250925672766084018e-01,7.679017127264629039e-01,6.269453191282866600e-01,3.218491830574748969e-01,4.496401392315836354e-01,5.208061072350805842e-01,9.312425318267236740e-01,6.554433836999216112e-01,3.215749746086848382e-01,5.539579852177181629e-02,5.304437952656659849e-01,6.505704469416682123e-01,9.887771477808595666e-01,9.313879443183968876e-01,5.313339687159340796e-01,4.681746359277168534e-01,2.434576898878930973e-01,6.001417546537710646e-01,4.867425406753612127e-01,2.458717406266545114e-01,1.680728711150791810e-01,6.182032438581709366e-01
7.044404640998015443e-01,2.475471763919881163e-01,8.079206730846271167e-01,7.727234030228263828e-01,0.000000000000000000e+00,5.411469900107639397e-01,5.564677677072007445e-01,7.575410694128587030e-01,8.854545318379305474e-01,4.673859956528925164e-01,6.172623223142605919e-01,9.666806101513976401e-02,5.321355774738125710e-01,8.999130414294572722e-01,2.040362211453164154e-01,8.589992279522092877e-01,4.460797069750435107e-01,7.802350539248610328e-01,5.559300261629803730e-01,6.020436883174360432e-01,8.289183931866687116e-01,8.826224215803823991e-01,6.493968109076251327e-01,8.554176071915483570e-01,1.282749318306953823e-01,8.714030549118708668e-01,7.950064225983760613e-01,7.319645526300450067e-01,7.927805610236167144e-01,1.628178352101840587e-01,4.711553949583338619e-01,3.603143944050096192e-01,2.972673908171321044e-01,7.655504649988251753e-01,2.271287583881813690e-02,2.840115683713144157e-01,5.939658682250863464e-01,2.938518042261594188e-01,8.480367130949791887e-01,7.428037304772843186e-01,4.755538805478834452e-01,7.243458067383139465e-01,7.364157273104050550e-01,9.154870692890375583e-01,2.476170750318436864e-01,4.078805948542540971e-01,6.564920737422905717e-01,7.734364040704331256e-01,6.406539959361271519e-01,6.515692171505428343e-01,7.594531487246796164e-01,5.169663378889637340e-01,9.311520962672611423e-01,5.482496603768123311e-01,8.509267141705568749e-01,8.895336955321971883e-01,2.477568301112735294e-01,5.798839477688334521e-01,6.764478492628112072e-01,3.959900397536937344e-01,4.490698076449280984e-01,7.243730443237402783e-01,7.975606106705280807e-01,7.478930329563838741e-01,4.496213889098120697e-01,6.389788428197624714e-01,7.468732272918106041e-01,7.160811395045046934e-01,1.637047566994845604e-01,4.139424002490634802e-01,9.275442578884767197e-01,9.421535989688005763e-01,7.812810386217323710e-01,8.272474558734817240e-02,4.727866402201968410e-01,5.867073976043882810e-01,7.619181777314216752e-01,5.508770172015151623e-01,5.649155204764815252e-01,4.012628133025601951e-01,7.353599333798227500e-01,7.081305901061234476e-01,6.490635780368424479e-01,2.934764496179941284e-01,9.306637098292381161e-04
7.359835932646923151e-01,-1.861520745291409540e-01,7.235760653373295437e-01,7.407681393481702070e-01,5.411469900107639397e-01,0.000000000000000000e+00,3.188241843770318606e-01,2.636935912673637472e-01,5.274890568703597404e-01,4.353308016133139446e-02,7.666914813089438230e-01,9.547799125908116302e-01,5.190333843087482357e-01,7.604599291053941723e-01,7.333674196281843027e-01,2.657607838963070845e-01,8.510363649726074842e-01,7.842900718706223850e-01,6.766609281779566443e-01,6.085318227577949379e-01,6.630494199377523490e-01,6.686435311812254367e-01,8.921478806054330413e-01,9.983249599327276291e-01,7.260716656861614382e-01,2.420992310016054083e-01,7.823117001046454577e-01,3.127110157991020989e-01,3.574626885616898342e-01,3.756238833280390876e-01,5.408594388865579639e-01,-4.429260690517949905e-02,6.818282759244491675e-01,5.754838596174615128e-01,7.731500362497011336e-01,3.841781256959203583e-01,2.836565188434926332e-01,6.713348072609863770e-01,5.039923037229674385e-01,3.250993445790896219e-01,1.293366051229280778e-01,4.908837623250826288e-01,9.884954028843628837e-01,7.651845911085721763e-01,8.482534231767970834e-01,9.836502551217773949e-01,5.156708472674362831e-01,5.282758985595048529e-01,7.468643750158598937e-01,7.667577107164802452e-02,4.624024300927045417e-01,6.617598096067712765e-01,7.305077474114135549e-01,8.472149491519833653e-01,7.354395504051124410e-01,7.091143569171598493e-01,5.793274891073145749e-01,2.365011010076826792e-01,9.258340689508705035e-01,7.404854749932233693e-01,6.004436027968372835e-01,7.942344098611268111e-01,5.043839729537498151e-01,8.478025539795575050e-01,7.920334967291612349e-01,6.555436354368362473e-01,4.701458857055299534e-01,6.527326565967475069e-01,4.266578232320311637e-01,4.348164290784520825e-01,6.703430798222279607e-01,6.556729926394632146e-01,6.607146804743313506e-01,6.758642028192958229e-01,7.988181350608003495e-01,4.722175665701029423e-01,4.487672130410842453e-01,7.730818814438049635e-01,3.757839811864824853e-01,4.099560549288482902e-01,1.485851410418772001e-01,9.698251955860284212e-01,9.246227112198279752e-01,3.292381506855849849e-01,6.032430377942112898e-01
-1.151058534813771822e-01,2.217975232657521112e-01,7.163829273372896989e-01,4.786328048144513070e-01,5.564677677072007445e-01,3.188241843770318606e-01,0.000000000000000000e+00,5.406962051502359895e-02,4.659263171900570044e-01,6.740102266398042552e-01,4.909385452434789632e-01,5.635475549786258531e-01,5.633348504824015057e-01,8.925748567123084065e-01,6.498299162586607114e-01,4.130365905276848215e-01,2.178465668092956498e-01,5.936176835523268025e-01,7.770451187246149027e-01,6.576240461741492682e-01,6.632852190815969884e-01,-1.486682291812263523e-01,7.253779545072424062e-01,7.207251837284124329e-01,2.019021985716237810e-01,6.496237027458248159e-01,3.531959567366659281e-01,2.432248769386987086e-01,3.637894334824749443e-01,4.680121331256348327e-01,3.472311290447815946e-01,7.975144540652534531e-01,4.040139150660735368e-01,4.400327446611568827e-01,4.475492559332442943e-01,2.366557473050096005e-01,2.471813665892839129e-01,2.511582195722187882e-01,6.848602141621645822e-01,7.013180706035051504e-01,5.092804021494646838e-01,2.777349132089217965e-01,8.580515548030708262e-01,4.435188090557007357e-01,7.554713892616431448e-01,3.095625354211344396e-02,3.282321147675762996e-01,6.638277673490997621e-01,7.771011028912501173e-01,5.179400372418679899e-01,2.258949222877006946e-01,5.840907317302265200e-01,2.905898550880005038e-01,4.488499208908023341e-01,5.723975729865156126e-01,5.424312914778162131e-01,4.968574967192762593e-02,7.125216443829729407e-01,3.767936653539981640e-01,-1.401045761378275911e-01,6.860222849392847433e-01,3.624126599287931239e-01,3.648223836007750687e-01,4.862527056434154948e-01,4.352469423475605614e-01,6.207242850954319824e-01,4.904538405050773431e-01,8.655315286683354925e-01,3.978487878884566786e-01,5.911822658842079692e-01,3.631873175124563646e-01,4.488050139472528621e-01,4.754187677167053261e-01,2.216638060597192761e-01,7.222570100722239816e-01,7.567468999284405751e-01,7.609152166399600903e-01,2.606751750222668917e-01,5.601513482554169032e-01,5.486786013570181808e-01,7.802027917411253899e-01,3.461109782916688138e-01,4.699141717842816313e-01,3.140133603258450368e-01,3.069195336810527364e-01
4.000013257398146171e-01,7.606569824707171135e-01,7.617215311964997682e-01,3.454765151967434944e-01,7.575410694128587030e-01,2.636935912673637472e-01,5.406962051502359895e-02,0.000000000000000000e+00,7.181277439320250533e-01,5.899512473493491171e-01,8.499393915077227968e-01,5.747017500519336908e-01,6.719973406474843980e-01,6.661853666444790267e-01,2.204508313694974464e-01,4.283507037096400683e-01,4.318417498563694168e-01,3.691293619606477172e-01,1.478820859941808730e-01,4.321571081457303842e-01,6.659971347862967406e-01,5.577411946934968112e-01,7.538061403338813804e-01,7.605621669573683352e-01,3.163260871198589896e-01,1.269973678146716078e-01,3.620657305927513225e-01,6.572216567297209933e-01,5.020124302628699020e-01,4.276335570395023988e-01,6.171812640319597199e-01,6.229173608037060772e-01,6.086103743595023818e-01,7.654347860324604014e-01,5.083959110982593232e-01,2.628132403715635612e-01,7.670083367989631584e-02,4.235234402498564421e-01,7.763484925206298737e-01,6.023586296968577170e-01,2.297069801329494898e-01,4.429990286635616670e-01,4.892990376372918782e-01,3.430963483325663033e-01,7.382329395336622024e-01,7.944505459667212666e-01,7.759293794175503578e-01,5.022218602365400297e-01,6.601752396437624570e-01,7.277041120957359333e-01,6.380982632325447046e-01,5.103921512676801164e-01,7.405757913685251381e-01,5.046353585481418991e-01,9.382468145734546017e-01,4.217220441425460487e-01,2.343931631096317636e-01,2.504659198453112467e-01,8.260059107045875093e-01,6.984436514234582116e-01,5.913774708089308829e-01,2.335080005985145923e-01,4.772314694456750717e-01,9.627527223932845768e-01,8.404958627489576006e-01,5.604852122540158188e-01,4.080300948759578716e-01,2.040368534358302788e-01,3.339176216492230065e-01,9.582291747330451415e-02,6.977758734420893560e-01,5.818554559305399998e-01,6.989289828035024632e-01,1.770572909855602506e-01,7.881935994652051747e-01,2.833931145680796404e-01,3.358033405349112877e-01,3.211464587797125403e-01,2.091968609363381026e-01,2.651489358318553369e-01,2.233068177551819633e-01,5.165150378996469227e-01,2.776776243391041454e-01,4.067985090664789638e-01,5.170597939588152947e-01
6.377878850588468707e-01,7.889092829041580712e-01,5.595957341124708773e-01,7.562085444151438463e-01,8.854545318379305474e-01,5.274890568703597404e-01,4.659263171900570044e-01,7.181277439320250533e-01,0.000000000000000000e+00,2.956791825445932442e-01,5.256848835413479026e-01,2.056958191219783461e-01,9.836206021319483517e-01,7.245428354715321984e-01,4.896512203227177396e-01,5.324285538660672445e-01,9.495734420607832016e-01,2.554968705897173176e-01,7.160251080065981322e-01,7.223035841001115287e-01,6.881518074601653545e-01,9.289102021662146713e-01,6.421785636941835795e-01,7.521920373886817890e-01,4.785283254357800553e-01,-1.165149296815835012e-01,6.898372692106127246e-01,7.581803997669632755e-01,7.949145520356004635e-01,3.957455986300376094e-01,5.143578753662368941e-01,2.818505298886401222e-01,5.590344641552549287e-01,7.513984975116300147e-01,4.923733739833036638e-01,5.438407674570274741e-01,-1.384258382258396758e-01,5.464835275033962381e-01,9.147490230149100121e-01,6.523606911000554565e-01,7.510256355960788222e-01,8.069368178077643838e-01,9.257785119789642136e-01,3.758586717251066744e-01,6.769106067711545549e-01,8.518526484604990179e-01,5.397071913938615850e-01,4.961027232066050896e-01,5.634880440422108672e-01,8.472107943007430864e-01,1.604665088267728523e-01,4.251868467838438859e-01,4.497528436081358882e-01,5.756236069130138411e-01,6.116441922557270816e-01,5.815572020734245395e-01,3.836714792787055961e-01,7.729969274995095452e-01,9.660952244045744042e-01,5.462399905812554968e-01,2.549137359797807867e-01,7.040411822561064570e-01,5.648569654859482148e-01,7.513242611287272998e-01,3.577261652485149712e-01,6.940235546123862953e-01,7.764796164588827487e-01,8.329209883641506273e-01,5.023292376384991265e-01,6.600437986723074468e-01,5.456272308919358771e-01,6.052710030258678930e-01,2.370185325151280553e-01,4.498423155655014716e-01,5.011690000935755673e-01,3.015805892954161460e-01,5.644322959409907581e-01,4.379911597417935898e-01,4.670001954701583635e-01,5.738428101823488392e-01,8.666483230829219453e-01,8.788657838671566358e-01,9.833854277409879163e-01,1.252074788182971077e-01,6.182408147168342305e-01
5.645772308266799877e-01,4.571799409534110237e-01,8.251016332858396307e-01,4.617631882447019165e-01,4.673859956528925164e-01,4.353308016133139446e-02,6.740102266398042552e-01,5.899512473493491171e-01,2.956791825445932442e-01,0.000000000000000000e+00,4.030506784019881050e-01,6.408811188061187547e-01,3.875011917517103277e-01,6.705995311014729676e-01,6.749454667855556700e-01,4.337580202315829969e-01,5.001223647343828738e-01,6.701809243317327081e-01,9.383107921783458982e-01,5.901079834665849955e-01,6.187749704487199853e-01,5.252212472183617198e-01,6.448000367273158950e-01,8.221415839793378977e-01,5.897986772377312725e-01,9.171613785440908551e-01,2.647393253938659097e-01,5.588413872791315740e-01,5.740338114125371760e-01,9.704858854378538291e-02,4.856618200574795430e-01,2.356525293673150667e-01,6.585369282976584193e-01,7.063566065419422113e-01,6.385385777800032248e-01,5.794043787357959774e-01,2.607600125334132990e-01,4.907151066481236779e-01,5.840071268448958630e-01,5.676623612446510814e-01,4.408102780011337596e-01,5.792302574321358533e-01,8.861795773848637481e-01,4.715763734448045752e-01,7.371972385905610770e-01,6.693818593511212667e-01,5.449907680406007593e-01,6.325611606856145208e-01,2.085948916559576538e-01,7.819948929137845450e-01,6.926846758243909719e-01,4.674019427709426022e-01,6.962278417937550756e-01,5.215974205768333372e-01,8.716386698833421542e-01,3.587293375887604663e-01,3.215974162848074802e-01,8.836948673643070240e-01,7.314510219449723571e-01,4.109392378378982219e-02,4.490108566205223695e-01,6.710291466742430710e-01,5.466319234906664715e-01,9.481032224800727271e-01,6.816560486534236629e-01,4.966462444734595083e-01,7.437446314169987582e-01,5.643252250295540673e-01,5.109728328474385517e-01,2.608529222209441389e-01,8.845916152961758039e-01,8.235283219520936893e-01,4.843516036197113017e-01,1.140356966334388905e-01,7.883905914914937085e-01,2.808631889362725453e-01,4.176677774666835985e-01,1.080411201872954613e-01,3.547671438428785795e-02,1.361120360875607005e-01,4.869282821433776332e-01,8.603354714126145719e-01,7.879787474450723472e-01,4.263167787988957347e-01,4.241644543703869674e-01
7.621481306937354372e-01,3.451150365719897195e-01,8.390723350579840645e-01,8.478533136245396395e-01,6.172623223142605919e-01,7.666914813089438230e-01,4.909385452434789632e-01,8.499393915077227968e-01,5.256848835413479026e-01,4.030506784019881050e-01,0.000000000000000000e+00,6.597192074892870295e-01,6.475806265667437556e-01,8.192853128988938360e-01,5.124501773616656486e-01,5.301102386431602032e-01,4.634230545488928765e-01,3.823220661743389481e-01,7.644290586835530421e-01,2.340725164276399872e-01,2.561107792248705772e-01,6.136120689231537861e-01,6.144121015177262946e-01,5.736121365971948993e-01,4.921475068910113188e-02,6.864714294415685814e-01,8.346677301584507491e-01,9.982496956442354907e-01,5.849096722879358889e-01,4.637741110136806011e-01,-5.580079224112144409e-02,9.236037194469872702e-01,6.269541461152530193e-01,6.324125465600891616e-01,5.090901764794666384e-01,4.145071460448213063e-01,5.054134064087129063e-01,2.755506704556613395e-01,8.908053404326893299e-01,5.905412293435187143e-01,3.124963644363140114e-01,9.628901270751349939e-01,7.796914805005096261e-01,7.404251028724481154e-01,9.790700077573627480e-01,9.718517880850118251e-01,4.510348150360857233e-01,8.331193655742538118e-01,2.417140611131515793e-01,3.169033805810544391e-01,7.269086468744233587e-01,5.198863273957315956e-01,4.307002438634187080e-01,9.139840340010745301e-01,6.570416666843921227e-01,6.138733246193883719e-01,7.917923233610431044e-01,2.846325294206009104e-01,6.739537260887527026e-01,5.276516711426253448e-01,3.874429201150489388e-01,3.800684016374399343e-01,5.633325964513006268e-01,5.831574641088336231e-01,9.935475458642564206e-01,5.176385643777063894e-01,7.497019647199925085e-01,9.255558693976244644e-01,4.313922799003492292e-01,9.616661190749369315e-01,5.731150654285539492e-01,7.151449996081985505e-01,3.575427478099884038e-01,6.172496723268399571e-02,7.924891510532801053e-01,5.606084895047295236e-01,7.174193626683744718e-01,5.698366130362961801e-01,2.999390368413848984e-01,6.591037600260729601e-01,4.779148770689409798e-01,6.847204714146389870e-01,6.126675789920484894e-01,6.798940865139575518e-01,7.922493492013593652e-01
9.180532531928798923e-01,9.358238271054422075e-01,5.130935528092379627e-01,6.754518431151128599e-01,9.666806101513976401e-02,9.547799125908116302e-01,5.635475549786258531e-01,5.747017500519336908e-01,2.056958191219783461e-01,6.408811188061187547e-01,6.597192074892870295e-01,0.000000000000000000e+00,8.614349306863334776e-01,9.405459871773671487e-01,4.690685206969891219e-01,7.342373627278397930e-01,5.988077926459127731e-01,4.554415710928291783e-01,7.264907641849815967e-01,8.239099676766424851e-01,8.417928945834292076e-01,5.415350596136672134e-01,5.786585650128339697e-01,7.628532294555002702e-01,4.163884564764453455e-01,3.813852868167728616e-01,6.542501007482257602e-01,7.915969518294344587e-01,7.932512896213408382e-01,3.528181076054859866e-01,3.070337357865479677e-01,4.523725035827227958e-01,9.376318525955750216e-01,7.333305633496779441e-01,6.997423749156865824e-01,3.039598127935005389e-01,5.547705065866681551e-01,5.836657428177366436e-01,8.436269571082958274e-01,7.048631083205807446e-01,3.656863926366490380e-01,5.717540399957670161e-01,6.338066478647992330e-01,5.277433931990110905e-01,7.282983105772521393e-01,4.096552932057894725e-01,8.567173711260218649e-01,5.842819336911201367e-01,5.228974180536792860e-01,2.884131033058399685e-01,6.427725993145618766e-01,7.627581989940706020e-01,4.006284150239322051e-01,7.054147913107106094e-01,5.094703095865318332e-01,5.014502197239832926e-01,6.484285282304526055e-01,3.853656607937878675e-01,9.049902222199235347e-01,8.184804830083483584e-02,3.324184491570133515e-01,7.162072693789926781e-02,6.000614786950364543e-01,9.422002857516368346e-01,8.557150868166608637e-01,5.134955188274391569e-01,5.035238806444779502e-01,7.337204080651578419e-02,3.090441011381216407e-01,1.113206214799364463e-01,7.060433082664767657e-01,2.491321378457017066e-01,3.674524067253486653e-02,5.115381860734119490e-01,4.158082054068720779e-01,2.479330553190738917e-01,6.260553180905348292e-01,5.278778876795232611e-01,1.647609747232607891e-01,8.418302710120191545e-02,6.332467377901128680e-01,5.175755231432634940e-01,4.744017449058328673e-01,2.330244717022570411e-01,5.784432191690073166e-01
7.065028237775649034e-01,8.285722047395811529e-01,5.882897542982776784e-01,7.835894107502157091e-01,5.321355774738125710e-01,5.190333843087482357e-01,5.633348504824015057e-01,6.719973406474843980e-01,9.836206021319483517e-01,3.875011917517103277e-01,6.475806265667437556e-01,8.614349306863334776e-01,0.000000000000000000e+00,8.851198492626362047e-01,6.335487481602868343e-01,4.618586043891693693e-01,6.684249708783669419e-01,6.937420787193963045e-01,9.650235711313107645e-01,8.136345471674610863e-01,7.160301587619360975e-01,8.282176759537508426e-01,6.630066618221266417e-01,9.232348555970695259e-01,4.099760007718190602e-01,8.318641679385808674e-01,1.717335435390046072e-01,9.010746843285534213e-01,1.786931048249996434e-01,2.934018834232254846e-02,2.611113169159638980e-01,4.398712130754184324e-01,5.581228949666060535e-01,7.945317930853812438e-01,4.207369921371215682e-01,4.724540957215059289e-01,2.294696406130340427e-01,6.610444307264804475e-01,9.830760681399596246e-01,5.246864589791132572e-01,-4.675045761065754757e-03,4.575029089329077370e-02,7.358034210093010730e-01,9.942099857611795821e-01,6.852466642465339097e-01,6.263174650102629748e-01,5.088568991588836576e-01,6.711233538772330975e-01,8.281389639715193429e-02,6.475979317942808233e-01,7.537742538257771185e-01,7.522423298428515537e-01,6.131368854807413005e-01,4.572263943587301926e-01,9.910986871186443503e-01,6.066350608897395080e-01,8.365595636417312297e-01,9.525923302604036857e-01,9.477861843758569327e-01,6.461718095489459301e-01,2.406155910013417221e-01,5.415436943790932212e-01,7.990088547176297240e-01,6.547379488096374267e-01,9.219690469312191716e-01,6.052298980671086959e-01,4.880074742228246998e-01,8.183793959336149726e-01,5.939059341482638699e-01,8.935126797170396262e-01,5.668944338829126073e-01,8.964691736637393493e-01,6.924721425348218107e-01,5.110651053740334904e-01,6.195352445879896974e-01,7.926072406858402086e-01,9.453851324926578759e-01,8.843037745955600881e-01,6.868489894821894204e-02,-7.868892805639737809e-03,2.127164791797211407e-01,7.050391024150887143e-01,9.480749132406796065e-01,5.265716804493215664e-01,8.430226342269984130e-01
9.129295976407520996e-01,6.537861761576546638e-01,7.903609256960519858e-01,6.360369670557168842e-01,8.999130414294572722e-01,7.604599291053941723e-01,8.925748567123084065e-01,6.661853666444790267e-01,7.245428354715321984e-01,6.705995311014729676e-01,8.192853128988938360e-01,9.405459871773671487e-01,8.851198492626362047e-01,0.000000000000000000e+00,8.271891802244756287e-01,8.558099619924854906e-01,6.834759886096336556e-01,6.114930579934922950e-01,6.460724817051948232e-01,6.290925763360041278e-01,7.737276734304250336e-01,7.442681340251864341e-01,5.977422461896710892e-01,8.366365036904677144e-01,3.865861164217855306e-01,7.157964203270387182e-01,4.224705802695951085e-01,5.562487722987776717e-01,3.597274921302223705e-01,4.583223969818022714e-01,6.713466297771567004e-02,5.456341671462573428e-01,8.500423738336769786e-01,7.063568308474276192e-01,7.949135968099918514e-01,2.275953481804785794e-01,4.361685983242025687e-03,8.816614975536158916e-01,9.806727820562681774e-01,9.323684901011644044e-01,6.903911281240300291e-01,8.336076463511948864e-01,9.362998937816620071e-01,6.548576698737808011e-01,8.896511623287264303e-01,9.132071489786041107e-01,9.552303642433874753e-01,7.798130387040212996e-01,5.574729602240797721e-01,7.693105081626703257e-01,7.038470829512911697e-01,6.045867884871874987e-01,4.129294703847073977e-01,5.685194395877457563e-01,7.023739896309239006e-01,8.196655008921497343e-01,9.404228170007913334e-01,9.767096586838570627e-01,7.501626911272742948e-01,5.153317487264741370e-01,7.510326735918009255e-01,8.022583554085496171e-01,6.621537784937352455e-01,1.519584203883063145e-01,1.282804959472290222e-02,7.206881457640931243e-01,5.635690510096121875e-01,3.349684902824978661e-01,4.253663486582566211e-01,4.529348508084739544e-01,6.350281735536728034e-01,5.451533565667510128e-01,4.151026730432788581e-01,2.788507986835600527e-01,2.268021761179977724e-01,7.544177613627317536e-01,9.170215771562757467e-01,3.860150252308914287e-01,2.357954634430976804e-01,2.738339907642375337e-01,9.528379770937269733e-01,6.198078448548643982e-01,7.715751599744884448e-01,-1.696999634126984402e-01,5.581297930211781555e-01
4.934367589378403363e-01,4.016410809020587447e-01,6.586506521099303457e-01,9.324318760937772010e-01,2.040362211453164154e-01,7.333674196281843027e-01,6.498299162586607114e-01,2.204508313694974464e-01,4.896512203227177396e-01,6.749454667855556700e-01,5.124501773616656486e-01,4.690685206969891219e-01,6.335487481602868343e-01,8.271891802244756287e-01,0.000000000000000000e+00,7.266769321886914490e-01,9.863978409373683753e-01,5.268787909671671654e-01,6.454963664313011495e-01,3.410334256340974979e-01,6.177953634719002274e-01,6.981410159616505684e-01,3.794102228700305668e-01,8.007654479137804593e-01,2.281857143759307982e-01,1.951985909640133465e-01,9.750420973439648531e-01,5.691286628708778217e-01,4.364389829185748026e-01,7.064476941129268495e-01,2.157191622311524504e-01,3.349454980004734628e-01,6.090855393342585744e-01,2.658883299092996699e-01,4.696867593423292297e-01,2.339716177662805874e-01,5.904707812645053622e-01,6.244164939415612903e-01,7.466704721837306158e-01,4.301060950551700568e-01,5.668385377301488059e-01,5.641402793840022412e-01,7.782514757825848006e-01,4.226455429449568757e-01,6.239149400355816777e-01,4.494509066595221425e-01,6.349097165780287488e-01,5.145401922985968213e-01,6.321895424433441324e-01,4.146509476427581165e-01,6.988537071855764893e-01,7.049840880287453482e-01,8.727912910979427341e-01,3.859771735688263261e-01,6.908411900782326365e-01,5.776661403576828224e-01,4.425258981323120233e-01,7.643794209695441433e-01,5.171639710516421351e-01,1.601863174117288680e-01,2.197248461246636975e-01,7.355588366332171946e-01,6.292823665286022550e-01,6.043075347999330438e-01,6.278532044348190677e-01,6.654859530273961044e-01,4.235995508125525721e-01,7.510739214389354768e-01,4.897834735144751539e-01,6.129188033765522459e-01,8.299301836852794878e-01,5.055656538257492505e-01,2.268006116645253090e-01,5.416940520643960255e-01,8.436459173681430945e-01,7.466784066012959187e-01,6.746809783774656566e-01,3.316663126349499446e-01,5.198842299283628066e-01,5.299145105823060975e-01,5.825653519042794937e-01,6.062781693419420082e-01,8.026919556156562052e-01,5.311200808193010658e-01,6.615889089392427147e-01
6.635915456833478832e-01,7.962211495925202165e-01,5.246210559050417110e-01,7.420358357150792505e-01,8.589992279522092877e-01,2.657607838963070845e-01,4.130365905276848215e-01,4.283507037096400683e-01,5.324285538660672445e-01,4.337580202315829969e-01,5.301102386431602032e-01,7.342373627278397930e-01,4.618586043891693693e-01,8.558099619924854906e-01,7.266769321886914490e-01,0.000000000000000000e+00,9.941555622810385184e-01,5.110310117007486053e-01,4.821295211709315520e-01,9.928578231331317561e-01,7.235693694578870794e-01,6.861985669677911348e-01,5.037610540424634076e-01,3.221363936588745869e-01,7.982727799630937593e-01,1.377736332667393870e-01,9.810774473773112292e-02,4.931458818720182435e-01,3.998698434814876856e-01,3.588836889249747419e-01,5.518532595937420959e-01,3.429525943580423730e-01,4.903387932244602787e-01,4.593161360674171689e-01,3.659187824180689663e-01,4.269640413357099762e-01,5.944084435709645620e-01,4.418580702285613837e-01,5.114028850639817936e-01,4.822416011490003873e-01,3.388860174288493843e-01,2.085849199994077585e-01,8.918311465958032036e-01,6.853141893812260133e-01,7.191251527068287519e-01,6.798379171727799708e-01,8.847231680400432507e-01,5.885779282487419994e-01,2.251384328542229904e-02,3.395290479867186795e-01,4.887707408825854305e-01,6.102408926137620204e-01,9.657578145862657504e-01,7.237527342988246959e-01,3.453595704162312208e-01,6.639252300120193073e-01,5.025986976131993078e-01,8.978451220533782973e-01,5.318302600859141638e-01,4.374079264636140385e-01,6.734033575414880568e-01,7.320784665772446242e-01,6.155894036223198418e-01,8.808870629387630657e-01,4.060434889451245977e-01,7.715134958069942428e-01,7.667659552470541540e-01,8.681054928886243749e-01,5.432986845455811675e-01,9.016231587971345052e-01,9.780434568563192155e-01,6.036634033360162022e-01,4.305101894738785351e-01,3.472860820150045491e-01,2.286537273829570283e-01,3.521216373392924703e-01,7.717260677212667286e-01,7.168562458622778077e-01,3.101892423534843291e-01,5.320559550270581584e-01,2.843056097184738507e-01,9.977310182630332314e-01,6.335420715242723322e-01,6.161375264666081319e-01,5.906432845822608968e-01
9.015574501187330059e-01,4.205590614222638468e-01,5.124198804573953936e-01,5.336561138934209358e-01,4.460797069750435107e-01,8.510363649726074842e-01,2.178465668092956498e-01,4.318417498563694168e-01,9.495734420607832016e-01,5.001223647343828738e-01,4.634230545488928765e-01,5.988077926459127731e-01,6.684249708783669419e-01,6.834759886096336556e-01,9.863978409373683753e-01,9.941555622810385184e-01,0.000000000000000000e+00,8.365544216657290200e-01,5.130773709089244683e-01,6.035369498614786554e-01,7.300514725773983304e-01,2.012906995354319384e-01,5.982676787312870559e-01,6.828964561789520049e-01,5.687470759414627874e-01,8.133019571850344520e-02,-1.219594978808032221e-01,6.290992407261766228e-01,4.222419613182388232e-01,2.838683082732851859e-01,4.937050073363842828e-01,9.178712219511908632e-01,8.727645501323459953e-01,3.232637751086809841e-01,7.957253845747319643e-01,3.043679583051963067e-01,2.358437277301039248e-01,5.556379302519127705e-01,7.703432205410138955e-01,2.413432644290150753e-01,4.502266168412787373e-01,4.164473744872997374e-01,4.899441915528980340e-01,-1.836861869421912985e-02,5.344799412079394019e-01,6.364034400335806252e-01,6.857570103861982957e-01,4.790567963998889622e-01,7.273555426222186870e-01,4.991717485276201960e-01,4.268617706551557367e-01,6.755574022574536430e-01,6.565412280854378002e-01,3.910365618089913786e-01,3.772177433849579486e-01,5.840146062952411565e-01,9.779151190694881368e-01,6.551329291605438865e-01,6.240115021011198859e-01,7.407293170575199870e-01,3.098479392884905814e-01,3.985840334139506003e-01,8.958415534230749211e-01,7.951853110894704368e-01,4.810516906210404731e-01,8.886597256435688763e-01,8.831021176100500858e-01,6.451148597140108354e-01,5.927446237960840580e-01,9.443923233946780460e-01,5.972476327957477737e-01,5.389024159224249377e-01,7.855209974247048255e-01,6.777401588434166513e-01,4.372491763168622758e-01,9.010017887650652035e-01,7.604131453957123643e-01,6.956908466127054158e-01,2.168575773842669474e-02,3.676848363971583211e-01,5.004784294657697030e-01,9.244065318546703658e-01,6.137261539276468447e-01,-1.270997326860922594e-01,2.709590404469994773e-01
6.972900049153095692e-01,6.587114601704792127e-01,8.080377246047119044e-01,9.604270559306594679e-01,7.802350539248610328e-01,7.842900718706223850e-01,5.936176835523268025e-01,3.691293619606477172e-01,2.554968705897173176e-01,6.701809243317327081e-01,3.823220661743389481e-01,4.554415710928291783e-01,6.937420787193963045e-01,6.114930579934922950e-01,5.268787909671671654e-01,5.110310117007486053e-01,8.365544216657290200e-01,0.000000000000000000e+00,4.490370005722665314e-01,6.856425195965100139e-01,9.730369411798311940e-01,7.096617764422452623e-01,5.948505575595045558e-01,7.605372923098060456e-01,5.332832336012810481e-01,4.187263906507173172e-01,5.450480241451549634e-01,2.807564158428841328e-01,2.140206627755578128e-01,4.527368440330222787e-01,3.287996761325335804e-01,6.491221963708215803e-03,7.183443742759617612e-01,4.432834817862015275e-01,6.573566827565248127e-01,5.433278730249703203e-01,2.743735847736570865e-01,7.194742727029415086e-01,9.199471472877469580e-01,3.951564365051237759e-01,4.670646187370723346e-01,4.378083650431495166e-01,7.151701345186588510e-01,4.134202757959714036e-01,6.702946533712845767e-01,9.116200202553074172e-01,9.008200146118330309e-01,7.282186790719734626e-01,2.502723274291569489e-01,6.331399800819204060e-01,6.319232961514207325e-01,9.254436060211113091e-01,6.356197463376659362e-01,7.981950708093752400e-01,6.930642327995540919e-01,7.562869209656487568e-01,7.183763838430914372e-01,7.464282296916880943e-01,8.584949910112142923e-01,7.463279767878062687e-01,1.669055904357484577e-01,7.263498707492154205e-01,7.979132699038866683e-01,6.163359911361683263e-01,7.695385772539740099e-01,6.578934039288701907e-01,8.178901620486888069e-01,9.757600631251335255e-01,5.553669837755732530e-01,4.596053046028128475e-01,8.555964064244095946e-01,6.164201377079097099e-01,8.051935170616529580e-02,5.778079114872246569e-01,6.976805979188892559e-01,5.282014734973771164e-01,4.628235804691996358e-01,6.634059869300567014e-01,3.310077259343472411e-01,4.757207099388326421e-01,6.114884414477247399e-01,9.539666271337460257e-01,6.853894680266597872e-01,4.460378654758636041e-01,5.025425549202048314e-01
