0.000000000000000000e+00,9.200730158338921161e-01,9.725041049806771865e-01,5.253495288893036408e-01,3.277321782150426355e-01,7.252522618692210932e-01,9.017899420517833109e-01,7.591692157119445117e-01,9.510423213659325858e-01,7.943155280260896234e-01,7.304572247459284462e-01,6.408995707540049436e-01,7.766879411935416755e-01,7.590268905242992803e-01,7.975699499951846017e-01,9.235043062481231857e-01,3.562254641220539142e-01,8.071682974831201340e-01,6.943127663216173140e-01,9.476149496509422843e-01,6.875998539124731357e-01,4.206056491435390954e-01,8.651324715290421574e-01,4.174973901065946458e-01,3.798834383795798297e-01,2.483804889994222498e-01,9.053495082779229319e-01,9.790347170420385936e-01,7.525562009628579130e-01,7.199627468408833497e-01,5.628297823685051160e-01,5.092651722555500138e-01,4.755371880638115112e-01,7.325263764739373684e-01,8.889866162614840084e-01,3.968215850413160384e-01,2.961229709319744829e-01,7.110997252593957985e-01,-6.125685207312855929e-02,-1.488602945194048011e-02,3.816513924718050177e-01,1.663309440862124622e-01,8.780665323605447714e-01,9.023724580176223364e-01,7.510624878829474937e-01,9.419052561211339603e-01,7.234076054489489982e-01,7.883428413581721195e-01,8.366896560028205254e-01,4.488358847240502825e-01,6.524081731749717949e-01,6.324242601008670528e-01,7.864244017192079106e-01,6.128508670228258737e-01,9.232017570985997512e-01,5.255275955002282062e-01,3.938974033196712687e-01,4.669461602754151897e-01,9.445468915779756669e-01,1.868196326610089553e-01,2.484308173482189797e-01,9.273346103079116443e-01,7.819013419062377235e-01,4.306046356842540002e-01,7.567347911953531403e-01,6.393928553048329189e-01,7.191048623419302732e-01,4.966831178964261073e-01,8.702492904328550383e-01,6.265363967880526186e-01,6.371378932522320238e-01,6.883659494347457164e-01,3.095385364399261818e-01,5.020520158820581669e-01,4.528332745187499397e-01,8.344827055022894235e-01,6.560012386204845392e-01,9.039956935803578064e-01,5.414151640203732629e-01,6.972204037370531848e-01,5.452510055103377828e-01,8.467309488710785814e-01,6.409700884729814252e-01,9.428981539544569745e-01,5.281004331850354117e-01
9.200730158338921161e-01,0.000000000000000000e+00,8.564929962551878218e-01,6.283551197682849532e-01,8.940754932502519292e-01,7.351894328893728847e-01,-1.336624839674566134e-02,5.679906254231534835e-01,2.133214788144465746e-01,4.374120990877967685e-01,3.021317477956783071e-01,8.179069999332073682e-01,1.465183182552923236e-01,1.492931622149017423e-01,3.098415889419380287e-01,6.797025136301370063e-01,3.022872550026967087e-01,4.460937922225366448e-01,7.255285113078449033e-01,3.441839491304357068e-01,8.239697936987425697e-01,2.579411279855715611e-01,7.491126653343158637e-01,7.909143040205823816e-01,2.411999690057678447e-01,8.037512322541495724e-01,1.588216840651770698e-02,-5.959415035925222370e-02,8.298953971599187796e-03,4.048895188837781656e-01,1.572323353751252650e-01,5.292180378999301604e-01,7.265794310814146506e-01,3.539935951412607196e-01,2.306681135877276800e-01,6.929850715228940139e-01,3.131023914293948884e-01,1.543703479667530853e-01,9.533456841364350565e-01,5.319587535253441635e-01,7.891071379669464259e-01,6.784303443251078480e-01,2.024533856371321383e-01,9.946064379262591348e-01,8.027835921170899391e-01,9.581879894764386840e-01,3.394775396878487728e-01,9.215010822194991125e-01,7.073735131115753694e-01,7.510492127883059421e-01,6.677815766037468181e-01,4.179010239992999587e-01,1.577608158864191035e-01,6.485117636197917923e-01,8.176408368258218928e-01,6.275839623547059265e-01,2.277450666061551221e-01,9.980282276403422692e-01,8.993950380742499195e-01,5.040560304527272883e-01,6.607096109756035451e-01,4.616879564684358006e-01,9.168475975296639380e-01,8.335619258617107397e-01,9.976663601285187255e-01,4.307709524760542363e-01,7.557313142268926587e-01,6.842662083233733705e-01,3.472662550846059570e-01,7.419977923198552983e-01,6.331478294409677021e-01,7.050921459003683944e-01,5.866064709958653811e-01,1.811383285655471242e-01,7.497300936224388090e-01,8.428237913723781727e-01,9.938671003123881187e-01,9.914385422893546851e-01,4.369626881634279258e-01,2.011805341076256526e-01,6.217553166268176001e-01,8.213649503408039232e-01,6.255260857861728585e-01,4.861034305308704062e-01,6.325270159031560757e-01
9.725041049806771865e-01,8.564929962551878218e-01,0.000000000000000000e+00,8.881019129760510111e-01,8.329245377078005053e-01,8.979410871986133191e-01,4.814132543302805933e-01,5.390576731029957935e-01,9.391554329036259086e-01,6.612761952206981375e-01,9.281443143889152037e-01,7.957073733646828906e-01,9.107666866794602578e-01,4.775872333743351739e-01,7.952183138304571575e-01,6.082636773788678841e-01,8.576859244301033858e-01,8.308176954643956558e-01,7.064298299382971713e-01,8.322272870845344450e-02,8.660631914712541013e-01,8.088449053965278690e-01,9.097391577667053308e-01,8.952817653898126338e-01,7.974487686752331772e-01,9.308258161816946874e-01,8.462091177164422495e-01,7.813703864586709624e-01,5.294216471101375054e-01,5.662485948440217909e-01,9.344439810585231099e-02,8.667839699509832796e-01,9.153218479931407581e-01,7.278891656189461212e-01,4.517557186674900360e-01,2.094247249543977341e-01,4.002591482154393976e-01,6.481575775473366052e-01,8.687709182492426851e-01,7.719855004658068287e-01,2.968926844031467560e-01,8.960842777049262686e-01,5.730327827832217835e-01,7.445310298898464296e-01,9.107181762577580830e-01,3.608098286208493155e-01,6.006345627998388448e-01,8.264804832804786283e-01,6.860535141964309025e-01,8.401928076175070315e-01,5.408505102055910507e-01,8.253224496307791647e-01,8.425959526887475404e-01,8.047112402513449947e-01,9.674200146436044978e-01,8.573988712689195602e-01,6.180630306810019903e-01,6.156067063910781734e-01,2.359087697981204212e-01,4.039347759244925062e-01,5.897526581172687354e-01,7.614645105184337792e-01,9.373636028025342792e-01,7.632637336202379164e-01,9.381215055567692085e-01,5.800666254753840123e-01,6.431717301585385682e-01,5.525767130011725037e-01,4.854035377138825602e-01,7.201256510679796552e-01,8.414475662111978727e-01,7.050665189648779307e-01,6.298583184727007955e-01,5.011848683792020642e-01,7.434759145059238739e-01,9.069608679831764331e-01,9.035343732246817749e-01,9.262449354619356479e-01,2.425795068322564862e-01,4.343420205006776058e-01,8.756290149748586771e-01,9.869685613088993170e-01,6.589027415237984631e-01,3.120395397571656404e-01,5.848693979400656495e-01
5.253495288893036408e-01,6.283551197682849532e-01,8.881019129760510111e-01,0.000000000000000000e+00,7.892664526132646685e-01,7.354117149236336637e-01,5.698462908149959372e-01,3.789435615838099847e-01,8.695091736109683556e-01,6.401005038769013167e-01,8.524697101342357808e-01,9.689198284200323252e-01,9.314591489556516279e-01,9.242423150564702539e-01,5.406297762325772416e-01,8.155820529127591478e-02,8.580192850835468565e-01,3.466440360066544990e-01,9.863717484019045578e-01,8.384956993436243344e-01,9.658107901117570782e-01,7.503991571932857596e-01,5.467772472492262725e-01,6.736601391391077165e-01,6.225725564481356944e-01,9.327154172701038748e-01,7.291397345918627648e-01,4.405004303464262749e-01,4.077790482293884855e-01,3.730428948770073694e-01,5.824241282216666704e-01,3.086899419068707684e-01,6.708106197834063922e-01,6.971341876390874104e-01,4.407860160513219494e-01,9.283414092162756148e-02,5.471203762857236308e-01,7.633222835207440493e-01,8.952097962226628347e-01,6.435894246853097744e-01,6.646596218451688021e-01,4.054388644577119893e-01,9.380312406230063571e-01,3.640049542149536022e-01,5.368356682460551088e-01,6.498197975888277966e-01,8.511071754036081405e-01,7.177507898540937958e-01,6.286860442228138224e-01,1.994324694695576994e-01,2.017220475560132509e-01,9.325912553214548151e-01,7.806842325267445704e-01,2.712000766556078579e-01,2.881661220963628867e-01,8.204691892894385719e-01,7.300458077507139265e-01,9.651969369879558336e-01,6.675498191766540135e-01,-1.445553526904685138e-01,3.474973925699603727e-01,4.142227295833580958e-01,7.720137618619583586e-01,8.520718834399215735e-01,2.538684972345430224e-01,8.383779229960239832e-01,6.019290142895755702e-01,7.210794722394296974e-01,4.583591161529217417e-01,7.030732651797813038e-01,9.061219872414763010e-01,4.236874181670717832e-01,4.110081542038782620e-01,-1.496437218600782104e-01,1.226954061917587685e-01,5.497424158509331971e-01,7.238687352440702494e-01,3.028660175475100802e-01,9.423307848160529521e-02,7.615807183563392257e-01,5.328979771583083336e-01,6.344296698825143688e-01,3.923101699666108888e-01,5.984118258793102996e-02,9.681883104175659227e-01
3.277321782150426355e-01,8.940754932502519292e-01,8.329245377078005053e-01,7.892664526132646685e-01,0.000000000000000000e+00,6.735561102428915259e-01,2.233438656360322294e-01,5.438675007953773788e-01,6.293167405707109641e-01,7.759489543243359710e-01,9.956541629173734087e-01,8.835425412771304998e-01,2.343071178538844723e-01,6.689317267445403781e-01,2.292838757290672214e-01,9.222492216562563350e-01,6.226005659847024809e-01,7.484399751321566541e-01,5.703242165244324369e-01,8.943722723848653855e-01,8.970779509752297987e-01,9.141254859568920255e-01,6.657880845560537608e-01,7.095637488906546553e-01,8.949466711798229612e-01,4.116470335766918565e-01,3.314523378335003656e-01,7.203915025482159340e-01,5.444962965034096936e-01,5.861689928104656389e-01,5.044548253453321474e-01,4.000839859912019292e-01,7.097462111429980736e-01,5.186984228606738023e-01,7.492952131729471166e-01,2.666325584207562827e-02,4.186875454241471006e-01,2.445008358864054487e-01,7.464215739547905848e-01,5.703500536518847364e-01,3.240651012101215533e-01,7.328954445822710717e-01,6.917863189310339278e-01,4.758620544428882049e-01,4.350575414292793264e-01,3.765838343992542470e-01,6.286324212723896077e-01,6.683724775392125839e-01,2.568865878431163541e-01,3.001783387895183841e-01,4.377974363064026653e-01,6.025877904438516897e-01,2.984420110666587411e-01,4.569273264505340770e-01,6.385134922705700822e-01,7.042837504598800091e-01,4.318364282077270522e-01,2.745189829216416744e-01,7.127066698554014312e-01,2.987314883095862905e-01,1.634290406543054686e-01,9.227518047464733364e-01,3.882317100061397630e-01,7.174669060344264215e-01,5.080225125141317744e-01,9.991568175722933542e-01,8.957405550289068152e-01,7.094276863019868262e-01,5.548163453536339440e-02,6.964608388849455878e-01,7.123576473976921397e-01,9.305330033763555830e-01,5.951856268747062195e-01,3.708981221766924907e-01,6.116474435355363504e-01,3.224223771948391826e-01,6.110720278517023374e-01,4.832941344182781762e-01,5.598098334064356418e-01,7.744343553835074390e-02,-1.784914294295809334e-01,6.778248969425245685e-01,3.257110305562893604e-01,3.498992833554356308e-01,5.283306899476949425e-01
7.252522618692210932e-01,7.351894328893728847e-01,8.979410871986133191e-01,7.354117149236336637e-01,6.735561102428915259e-01,0.000000000000000000e+00,1.891785310187890090e-01,2.875557800432589350e-01,2.335039948747037741e-02,8.024554142983381100e-01,4.365286017962136111e-01,3.043819285949221354e-01,7.282946687858704582e-01,8.433173517306401523e-01,7.754758746222482069e-01,3.416906664241639024e-01,6.942520090571467906e-01,6.450670762745885911e-01,6.512462260149358695e-01,5.877185354672087580e-01,7.066341467215672134e-01,1.081828477221827012e-01,6.142355211995188524e-01,3.331330041448308243e-01,3.880223919929784993e-01,6.902902798897248005e-01,6.649859839229393943e-01,3.285035524804755802e-01,4.332236169407324700e-01,4.957109362714812173e-01,2.762060667653590817e-01,7.866674752624838174e-01,7.440590234244641721e-01,7.068505644561150492e-01,7.082524746404637028e-01,4.628544023172392885e-01,4.356101363531654780e-01,8.851067997320786196e-01,6.809006009388857139e-01,7.117675764687317885e-01,7.674005331510310723e-01,3.920783888700048458e-01,7.005886104849011753e-01,4.769269674754617050e-01,9.234050978056317360e-01,4.630041686984534000e-01,6.751404686109521158e-01,9.355320505346611526e-01,4.191058652626327707e-01,6.269121827660887325e-01,6.941072770864505914e-01,3.753506589041990527e-01,6.522614001865524314e-01,6.847054111551763578e-01,7.014780527894491913e-01,6.113058416527167305e-01,3.279393313838241397e-01,6.755581912257815347e-01,8.012459177976460900e-01,2.398651208257741307e-01,5.682655341656479564e-01,5.163673645152200287e-01,9.341559209153079690e-01,8.312906408267287661e-01,9.177971557676053438e-01,4.508400524217450189e-01,6.415538987669184845e-01,9.749043178914172936e-01,6.863538719370091412e-01,6.312180598344236948e-01,9.776786236932977214e-01,5.457684467605753431e-01,5.248455487926204643e-01,5.037814848847310678e-01,1.426096523586896092e-01,8.913171817606553304e-01,8.257941416419775083e-01,4.456371985492298404e-01,5.526844858052424453e-02,6.235223263162599505e-02,4.338863275774842432e-01,3.851416209655664780e-01,3.409470218558424692e-01,2.693655324416435737e-01,7.796098755770464184e-01
9.017899420517833109e-01,-1.336624839674566134e-02,4.814132543302805933e-01,5.698462908149959372e-01,2.233438656360322294e-01,1.891785310187890090e-01,0.000000000000000000e+00,7.369040362006725742e-01,5.820518599932238413e-01,7.028748212034779952e-01,2.955436602466566254e-01,5.780360546294249779e-01,7.431305516583202042e-01,2.212701536177994754e-01,7.740368077556869508e-01,3.440011235342705920e-01,9.252272239793728481e-01,2.801575363019304099e-01,4.319410184885170700e-01,2.589301214634242010e-01,9.470621302878015069e-01,6.201041388504949792e-01,4.247482383968611552e-01,6.989328559597369761e-01,2.674932776291064629e-01,6.252395353106692255e-01,2.946674372522540830e-01,4.390537524532042157e-01,2.987116115827308516e-01,6.037537979748569539e-01,5.267808623950114288e-01,2.916526559378172512e-01,4.942086960400546292e-01,6.715679276746062687e-01,1.197067935303077618e-01,4.934559315877420915e-01,2.791384083689054871e-02,4.284908905141453506e-01,8.472230140480362381e-01,7.455967377624813652e-01,3.900402358145034776e-01,7.107103905712116587e-01,3.101534826884492224e-01,3.086219128606880191e-01,4.582683586196508729e-01,-1.062919581597646101e-02,8.651672544535413678e-01,-2.492076008280308674e-01,6.613025329295338928e-01,3.482592559814044059e-02,4.855249727129191117e-01,5.592586760120052958e-01,4.868020991870593006e-01,2.637736639191624044e-01,7.871077567752119419e-01,7.706127296734935905e-01,5.778260517851323552e-01,6.669299361013399929e-01,8.893034805552825217e-01,6.476093680444182377e-02,3.407062350397310757e-01,3.258738458734332655e-01,4.845973996844032960e-01,6.099844011868335025e-01,2.977404084335794066e-01,4.144514857286771825e-01,3.794047996370221165e-01,6.103087370714288529e-01,6.951757369340185733e-01,7.188897211408578070e-01,6.570676197003829655e-01,3.554912419475013685e-01,4.068150070723458023e-01,3.626971667372863584e-01,-6.249033412551771582e-02,4.212247683602750037e-01,7.803006623917569939e-01,3.604676190018416548e-01,3.971303027198000990e-01,-1.874041627482117556e-01,7.864493474859484134e-01,5.449307287038273051e-01,5.386956192155423206e-01,5.338574942414718860e-01,4.018695910899097168e-01
7.591692157119445117e-01,5.679906254231534835e-01,5.390576731029957935e-01,3.789435615838099847e-01,5.438675007953773788e-01,2.875557800432589350e-01,7.369040362006725742e-01,0.000000000000000000e+00,2.546962275362095185e-01,2.893512693007669889e-01,9.378300168141542881e-02,5.107242976353054686e-01,8.007707764278471085e-01,8.961267659845012501e-01,3.686391592339970380e-01,8.085361110535077556e-01,6.660584440386050353e-01,2.744910479551388449e-01,-1.847456395898400272e-02,2.420939669035599984e-01,8.199613126871768687e-01,3.544409031072071614e-01,-1.172800087700446026e-01,9.259109895569639370e-01,4.947507635621448685e-01,4.909431990908171284e-01,7.743172907826668672e-01,3.817306978939752904e-01,2.284289176321563919e-01,4.611069560138841283e-01,3.383017743031748736e-01,8.788427268685539140e-01,2.848174599780111671e-01,4.297624016156541549e-01,1.082357788436577178e-01,3.317263682903631716e-01,8.726809392966772272e-03,5.406175737463356779e-01,6.011887291270419098e-01,2.068240539321250793e-01,7.099760703260225014e-01,3.044919572129506924e-01,6.658367524517712077e-01,4.707560292542564140e-01,7.230205825152010712e-01,4.849907878841993591e-01,2.084158527899140634e-01,7.726029996960116497e-01,7.283852998261406420e-01,6.257304159666434717e-01,5.184335212166154561e-01,4.130437481668879918e-01,4.646339291620060763e-01,4.314283077534887823e-01,7.751950614842174625e-01,7.694938973371650004e-01,4.858004371987744707e-01,4.430148612889180382e-01,6.664773699360324599e-01,4.196835225041266604e-01,4.226010279859407914e-01,6.288961467083379331e-01,7.842096348194660393e-01,5.839847191643197100e-01,6.914905672341549181e-01,7.329186268665732751e-01,-4.515436119081248090e-02,9.979990281783512884e-01,2.573693690138115775e-01,8.667256257872850700e-01,7.634094456762268166e-01,6.644319569167096429e-01,6.546494782391132361e-01,3.699731685029625794e-01,6.674052153070735294e-01,6.580104282707872621e-01,3.296922390790240076e-01,4.640752211696080182e-02,5.191463970102306869e-01,4.581116508465374881e-01,1.880919659946927724e-01,8.963925716916772979e-01,5.128257212954959732e-01,5.371737606425146944e-02,6.780185098152164969e-01
9.510423213659325858e-01,2.133214788144465746e-01,9.391554329036259086e-01,8.695091736109683556e-01,6.293167405707109641e-01,2.335039948747037741e-02,5.820518599932238413e-01,2.546962275362095185e-01,0.000000000000000000e+00,5.561765832406175836e-01,7.094850394565450635e-01,5.372413268816196297e-01,9.251840370595212359e-01,7.780475350059189443e-01,3.681930660554783019e-01,6.708613162777673500e-01,2.779709338504567917e-01,6.964572704487087540e-01,7.890298644397184535e-01,4.319892999082589613e-01,6.256813674427550431e-01,6.333427698987489363e-01,6.406133738583015269e-01,4.578117898086391802e-01,6.599555778947905349e-01,5.004255401990809204e-01,4.686938519641372647e-01,7.780407452689966918e-01,6.252178102128742587e-01,2.217617350251188113e-01,4.357524921921967498e-01,9.586970217762218471e-01,7.414874029263724964e-01,5.901188910211135896e-01,8.567243025412871749e-01,5.083961062209272352e-01,4.604126692225035122e-01,3.698065849113505443e-01,7.667890016112165474e-01,8.754223196889495684e-01,7.020011180389054140e-01,2.625936007631320401e-01,8.382993772707745261e-01,3.907695854382080558e-01,9.842795478418683297e-01,5.645896880762226733e-01,5.451380175192668265e-01,7.386456956106514093e-01,2.289341830408588019e-01,4.661968620717860112e-01,8.718098316599959263e-01,4.021550352987237620e-01,6.753317829342329048e-01,6.979247945722855118e-01,7.039765672062432422e-01,7.826620986852382833e-01,7.238889987197729692e-01,6.070594707365584153e-01,6.053905865146507193e-01,6.855858773916790883e-01,2.208267509555296992e-01,5.033048385485299203e-01,5.504381446845247883e-01,9.877760877902573844e-01,9.102877041561320270e-01,6.802342710292985650e-01,6.707630283975782870e-01,2.287136792431178622e-01,5.378144888231090048e-01,4.129686113553029947e-01,6.234297204812736526e-01,-1.793810662610558215e-01,3.027273739571707534e-01,-4.267217997342961922e-02,9.394846696462658131e-02,6.694317636753107648e-01,4.789482836562245494e-01,6.900615439018179531e-01,5.332616021823685104e-01,3.170065124075407414e-01,7.796218438133415418e-01,6.642546511970756073e-01,5.575097077754154196e-01,3.117247748068683322e-01,5.907414184509992561e-01
7.943155280260896234e-01,4.374120990877967685e-01,6.612761952206981375e-01,6.401005038769013167e-01,7.759489543243359710e-01,8.024554142983381100e-01,7.028748212034779952e-01,2.893512693007669889e-01,5.561765832406175836e-01,0.000000000000000000e+00,7.013799177454010936e-01,9.420003403727575941e-01,8.956820776857786770e-01,4.797829233663719051e-01,7.310990074802392602e-01,6.251216029530237694e-01,7.029708391122417854e-01,7.016410672088545519e-01,4.565186831131470835e-01,6.113448402831779260e-01,8.541138224015583091e-01,9.754819826773055702e-01,4.373740759967786884e-01,9.732261400449493394e-01,8.250939966196313424e-01,6.615053011144701456e-01,4.136046267148056899e-01,6.259182387196995379e-01,3.910107012218271283e-01,4.249371525916770809e-01,6.624319029813158233e-01,6.716180733276539971e-01,3.393002046686048878e-01,5.761967477090861323e-01,6.607584722969435109e-01,3.286601522611550807e-01,2.255496539069090367e-01,7.404027074955392695e-01,-2.134671825686107471e-02,6.524359218368052105e-01,3.487436610396964509e-01,2.407459640267193834e-01,9.051361180581352084e-01,8.247729826564788036e-01,6.515912373933661073e-01,7.037914977844336173e-01,3.978153782153156515e-01,7.003533829867801819e-01,4.581742695194534476e-01,6.265182926867636226e-01,5.958539677874021834e-01,7.862915669663779195e-01,5.677157500827360037e-01,2.724198201590803392e-01,7.623630401158465464e-01,1.949718941313320977e-02,7.634512237447614869e-01,6.115971767168663087e-01,7.365466277651570026e-01,7.753897137641709847e-01,2.252160352688516165e-01,6.996784290421503849e-01,2.369513749877683872e-01,9.717616304943057504e-01,6.222029342819136444e-01,5.163075801653036478e-01,5.138644049811519343e-01,9.684149937990933488e-01,6.404143144715777058e-01,6.605579347730839990e-01,7.024748576246453435e-01,9.006747905556060640e-01,5.998168441548523688e-01,5.628228056097708265e-01,7.466951053260316717e-01,4.643131487482906605e-01,8.345140391570835536e-01,5.959840306352999217e-01,7.644208493749758693e-02,4.725521769757240476e-01,6.374458908980611405e-01,8.316024922765660188e-01,7.976077233357015128e-01,5.698658385781579794e-01,6.094351659852887959e-01
7.304572247459284462e-01,3.021317477956783071e-01,9.281443143889152037e-01,8.524697101342357808e-01,9.956541629173734087e-01,4.365286017962136111e-01,2.955436602466566254e-01,9.378300168141542881e-02,7.094850394565450635e-01,7.013799177454010936e-01,0.000000000000000000e+00,2.837975912069768403e-01,8.086488187072878864e-01,6.346026240231601445e-01,4.088201152797973914e-01,3.058778856071103225e-01,5.014740134978189490e-01,2.250367621164415799e-01,5.128706964675288082e-01,8.765450756918757858e-01,7.809330853251355009e-01,2.679215691492339291e-01,4.195807621313476510e-01,5.354121808871135091e-01,3.690530500604005670e-01,5.343877398988622351e-01,6.458412655474506936e-01,9.431690350147264867e-02,4.688446574972208736e-01,1.003665860710630658e-01,4.353249988480236699e-01,4.595429557535031795e-01,9.525541238295482938e-01,8.139381322255171414e-01,4.941072784535596174e-01,7.219678858735332216e-01,6.634547745605427760e-02,6.849648622639967765e-01,5.239423731982495447e-01,8.549436101361995721e-01,4.087628588909859029e-01,7.378967851329741867e-01,5.893292946095591844e-01,7.507258459581274135e-01,6.771619922842488926e-01,9.141289398543004374e-01,4.812617514608169000e-01,5.748036622173247068e-01,9.013676107472310406e-01,-9.488009295415504585e-02,4.718310958298075342e-01,5.050151973138603534e-01,9.821604381493437286e-01,5.622538408175623559e-01,9.509399525191220004e-01,6.176167227669375759e-01,2.620921484464207585e-01,4.752616854382207823e-02,5.873260016763232061e-01,3.647678722547217367e-01,5.194026418883962437e-01,7.795169369192165298e-01,7.556970638977468235e-01,9.064379636949279062e-01,9.943455144184953909e-01,4.673491995819130385e-02,2.357725512444089899e-01,5.849219634705875581e-01,5.407236422485808269e-01,3.746433809745586263e-01,5.849420146329581405e-01,8.003570255464050875e-01,1.651941592909672574e-01,5.733406702572331204e-01,5.844398115238886859e-01,5.831471994760977218e-01,9.510226757216835303e-01,5.360048519795685973e-01,2.897355923051009863e-01,3.231034751319154519e-01,4.034377954209242834e-01,4.759330320124662839e-01,6.621601898154207966e-01,5.655717402536944993e-01,6.258785629857942512e-01
6.408995707540049436e-01,8.179069999332073682e-01,7.957073733646828906e-01,9.689198284200323252e-01,8.835425412771304998e-01,3.043819285949221354e-01,5.780360546294249779e-01,5.107242976353054686e-01,5.372413268816196297e-01,9.420003403727575941e-01,2.837975912069768403e-01,0.000000000000000000e+00,6.891202182965393552e-01,1.072875730630712954e-01,4.169540297674269036e-01,1.112043887983493740e-01,9.881830566022614670e-01,6.738071494726040056e-01,6.850304644112834573e-01,4.908446888948218567e-01,9.926483689311398351e-01,6.937406895000133300e-01,5.908052549626601202e-01,6.024488002104552153e-01,9.183400741554293978e-01,7.032883451372470285e-01,7.672766229983585262e-01,8.918288084597788545e-01,6.579709900403967193e-01,7.101160791576012210e-01,3.789561760424581816e-01,7.063089696580915344e-02,4.282495723155319567e-01,7.330292337747738030e-01,6.690911679053940242e-01,7.087352377679234650e-02,4.334480037577666534e-01,5.563681818087135023e-01,5.291064546835639870e-01,4.135433647552113068e-01,4.576125478124419277e-01,8.652837598354283788e-01,6.541151821984583226e-01,5.447012060093261443e-01,9.158877620607377423e-01,7.698627288791994872e-01,4.564147284868186327e-01,6.304382605708148679e-01,6.840482638169538276e-01,3.883460896619737035e-01,7.354540242565702490e-01,4.934019654519307130e-01,7.831941240965119011e-01,3.648721344555488910e-01,7.999619359040062161e-01,7.028532949885997194e-01,9.882094373134240328e-01,7.585650693677896683e-01,6.716495998454780070e-01,3.843203850848002645e-01,1.782989614350175556e-01,4.218542974032991055e-01,3.380671494688587408e-01,6.484362902848981314e-01,9.447710183459461231e-01,2.366217570457052610e-01,3.045681094105199271e-01,5.701948098530787989e-01,6.032690968221440242e-01,5.359234075056689139e-01,9.837570735906939756e-01,2.300208193018000169e-01,2.762441822416855097e-01,5.307502674721239488e-01,2.166713824552418677e-01,4.749369042552257780e-01,7.325979771795162465e-01,1.600865356799227868e-01,3.340216447042088088e-01,2.408214775423536402e-01,1.274224923144883781e-01,6.698950180353961947e-01,7.228070436508782226e-01,7.629895809989072353e-01,7.362758897467786001e-01
7.766879411935416755e-01,1.465183182552923236e-01,9.107666866794602578e-01,9.314591489556516279e-01,2.343071178538844723e-01,7.282946687858704582e-01,7.431305516583202042e-01,8.007707764278471085e-01,9.251840370595212359e-01,8.956820776857786770e-01,8.086488187072878864e-01,6.891202182965393552e-01,0.000000000000000000e+00,4.927140305360717676e-01,9.842930684705460953e-01,4.937038224822732357e-01,6.305061047785762707e-01,5.526909344664062695e-01,9.644587849197430174e-01,8.162523943890642730e-01,5.429057071856879801e-01,6.979514993438078463e-01,5.765540633287308259e-01,9.999523708490565266e-01,6.432789586553563366e-01,9.816122501767799990e-01,9.480706018387846656e-01,3.194640366935528886e-01,2.973837010491627852e-01,4.204008355054745238e-01,7.494770501295493492e-01,6.448974316899107606e-01,7.755202121111905988e-01,5.986659974610049062e-01,9.252675941293397877e-01,7.867624250003844022e-01,-5.465267886978264489e-02,7.280023029740506635e-01,6.120492304978354392e-01,1.897841667624665662e-01,5.159658545222006731e-01,5.622283996284178631e-01,3.600168223752865382e-01,7.735182867941431395e-01,6.679659239382467195e-01,9.740913759981824072e-01,5.660022991784408042e-01,5.180199988115327114e-01,7.149887978280998757e-01,5.186793837379516381e-01,7.137062681538721698e-01,7.051778778181796437e-01,2.005974634840478610e-01,8.728580615739699455e-01,9.272355464415756865e-01,6.656648883296077956e-01,6.802625567611630952e-01,6.240005710118337046e-01,5.847633126136450032e-01,1.706562153166307771e-01,5.428268344405354773e-01,4.819356439025306305e-01,5.883982597862154051e-01,6.588832078652708812e-01,4.622196029344075585e-01,7.464406710418425295e-01,2.110377889439612742e-01,8.806129628185419556e-01,6.110921304248538855e-01,4.350459211820260075e-01,7.440303513488635279e-01,3.656650037057396219e-01,2.593370564787458518e-02,2.046638502776638169e-01,6.692576884412058114e-01,9.863589070378959711e-01,5.849538351562086902e-01,9.465216996592960008e-01,6.362091523284019168e-01,2.621893460005620402e-01,2.612607877061015049e-01,6.004367475676505306e-01,8.971023303969098972e-01,2.030468798723632784e-01,4.091711564668089607e-01
7.590268905242992803e-01,1.492931622149017423e-01,4.775872333743351739e-01,9.242423150564702539e-01,6.689317267445403781e-01,8.433173517306401523e-01,2.212701536177994754e-01,8.961267659845012501e-01,7.780475350059189443e-01,4.797829233663719051e-01,6.346026240231601445e-01,1.072875730630712954e-01,4.927140305360717676e-01,0.000000000000000000e+00,9.314349912651541663e-01,7.432647687742621745e-01,-4.965102963842901729e-02,1.171370535685830189e-01,7.978074339696142880e-01,7.188425306632062473e-01,6.234276511115528496e-01,8.296343721805491400e-01,9.442544774529856300e-01,8.370845772845902921e-01,5.261701880979122725e-01,6.251213941233894067e-01,5.000013984784577037e-01,5.720621913991107421e-01,4.737220390308785056e-01,5.427510711133651800e-01,5.700473809584686302e-01,3.419770641013696322e-01,5.340529575334407308e-01,7.470752805460058044e-01,3.741745941328299407e-01,7.844586748750669025e-02,4.078415063076872293e-01,7.935169436710072244e-01,6.990946948534633165e-01,6.908059004362075983e-01,3.080055902097600384e-01,8.579671314470704857e-01,9.254511096270443549e-01,8.505751384168237506e-01,8.748422312721040317e-01,6.282946715495242307e-01,5.722690434447867958e-01,7.046901483588732251e-01,7.627552137911361996e-01,8.873075796545893956e-01,7.023357389058875189e-01,8.753425118344191347e-01,9.040222837193581107e-01,6.066424342102924028e-01,3.506827996245532320e-01,6.905119532118260128e-01,3.283992536116612238e-01,9.219915390343508266e-01,9.422153444561977009e-01,2.318440624447159482e-01,2.104599728276797532e-01,9.229211194447934918e-01,4.769992730521519508e-01,4.315397919560967077e-01,8.814248656397936088e-01,6.002148367010851082e-01,5.103141721861296221e-01,6.848432696467873226e-01,5.898946919329999261e-01,6.437581463870394316e-01,4.770649899946318162e-01,4.331756986727362535e-01,4.209951641533596911e-01,3.821243470448897894e-01,1.749015703945701050e-01,7.461107581496739805e-01,6.677228968278170473e-01,7.853107704310806625e-01,3.108360985968823265e-01,-1.210844498908643513e-01,6.668742990146975247e-01,8.483960237244918545e-01,3.674737797730068811e-01,2.304098650932271120e-01,7.147491112424407822e-01
7.975699499951846017e-01,3.098415889419380287e-01,7.952183138304571575e-01,5.406297762325772416e-01,2.292838757290672214e-01,7.754758746222482069e-01,7.740368077556869508e-01,3.686391592339970380e-01,3.681930660554783019e-01,7.310990074802392602e-01,4.088201152797973914e-01,4.169540297674269036e-01,9.842930684705460953e-01,9.314349912651541663e-01,0.000000000000000000e+00,1.591286338547048262e-01,2.063883496409709695e-01,3.161747270487629824e-01,7.452149636074805183e-01,7.945481282823199098e-01,6.686997004348091966e-01,4.573898070095825941e-01,2.605360134068451239e-01,7.930111295176898167e-01,2.000657457764456748e-01,1.379895302886672281e-01,6.616137768995449253e-01,-1.366796289554309540e-01,6.136134650466746887e-01,4.750739807215170751e-01,1.471348272558902770e-01,4.991498811775380018e-01,5.889514884927543603e-01,2.005906204377373436e-01,5.603474349866686133e-01,3.159882168424906213e-01,2.235486736143267872e-01,3.645023475391343526e-01,7.200296815007449780e-01,5.845968674738365456e-01,2.076076659579808581e-01,6.763731782783077850e-01,9.525928646034912406e-01,3.489131069291132592e-01,9.142511976089485737e-01,9.519063318272505958e-01,7.082315986479338354e-01,6.549089426715961615e-01,7.845629205736858180e-01,5.686672007085060709e-01,7.000060727461701049e-01,6.425467163671385595e-01,6.335875345815641380e-01,2.216548627064789945e-01,4.551704557996190670e-01,7.017514924473877702e-01,7.270562242292504251e-01,6.411015023884278907e-01,8.962518008693108884e-01,2.267553041658474933e-01,3.614569129127733760e-01,9.357242141868984397e-01,2.711414077398437428e-01,5.091843874609317533e-01,7.380225244752737224e-01,6.223203556086065458e-01,8.925613036645216880e-01,9.094391598821137679e-01,5.440373537557294803e-01,6.799618951590785665e-01,4.776438066184460207e-01,7.178512961403079595e-01,5.569343429961092218e-01,3.790025146752360463e-01,3.455644639518954397e-01,5.996833984397546002e-01,2.253009034918236342e-01,7.123791355952981963e-01,5.669432206410249808e-01,-1.861568772441327402e-01,5.135403600541240676e-01,5.785210556830214790e-01,7.642988362064400132e-01,4.558286080788999661e-01,2.968951808904393697e-01
9.235043062481231857e-01,6.797025136301370063e-01,6.082636773788678841e-01,8.155820529127591478e-02,9.222492216562563350e-01,3.416906664241639024e-01,3.440011235342705920e-01,8.085361110535077556e-01,6.708613162777673500e-01,6.251216029530237694e-01,3.058778856071103225e-01,1.112043887983493740e-01,4.937038224822732357e-01,7.432647687742621745e-01,1.591286338547048262e-01,0.000000000000000000e+00,5.302218528722357771e-01,4.727070929167907082e-02,9.939854415038148483e-01,6.444073679985180547e-01,8.033725161840969964e-01,6.983407555168664738e-01,2.951071314822656944e-01,9.113807229649686370e-01,2.181043611675607119e-01,2.632267942333272881e-01,9.820605649267533099e-01,6.667872644670242988e-01,6.506850725008521408e-02,2.168500267662332170e-02,3.474560471191576738e-01,3.587694003939536497e-02,8.329212002449329910e-01,9.490866543948731637e-01,7.230441787174713975e-01,5.292198631355969907e-01,7.880499131173111793e-02,8.470530241090092893e-01,6.094557343332540622e-01,6.180358540041347437e-01,7.584064580684554135e-01,4.460810240199953314e-01,1.544903320333250729e-01,4.473881493025327338e-01,9.088790200142851106e-01,8.699157202954728163e-01,6.363910418498228694e-01,1.392378276637803169e-01,6.466742254008684965e-01,2.714981050829463616e-01,4.130671416086461600e-01,8.514692486909259950e-01,4.468442736904752466e-01,2.487085929384761918e-01,9.486077977825743135e-01,4.099122499912017381e-01,7.246512278337851054e-01,4.773847915301001610e-01,5.885753660740890014e-01,7.787880523084956819e-01,6.128160576194350284e-01,6.800779916210890619e-01,7.451672327463648715e-01,8.506739972210636269e-01,9.793588325437851960e-01,8.118321952527891572e-01,6.799471153532170575e-01,4.388030611000758308e-01,8.392218457283473487e-01,7.410698396020831691e-01,5.553113381681091809e-01,5.204611036982714767e-01,1.848056504256588017e-01,2.791990457941229131e-01,5.371597184905607669e-01,7.541014673843382532e-01,6.811461204815327797e-01,7.244433691634105665e-01,1.837333153895714943e-01,7.813923627166871055e-01,6.761816356384673377e-01,9.456959526942513294e-01,5.899215164327638039e-01,7.195781860945543729e-01,5.038330735998914900e-01
3.562254641220539142e-01,3.022872550026967087e-01,8.576859244301033858e-01,8.580192850835468565e-01,6.226005659847024809e-01,6.942520090571467906e-01,9.252272239793728481e-01,6.660584440386050353e-01,2.779709338504567917e-01,7.029708391122417854e-01,5.014740134978189490e-01,9.881830566022614670e-01,6.305061047785762707e-01,-4.965102963842901729e-02,2.063883496409709695e-01,5.302218528722357771e-01,0.000000000000000000e+00,7.073984625913676272e-01,5.209577938254547069e-01,6.149040988091301063e-01,7.923269493510438632e-01,6.362842455994202062e-01,6.255352674471915675e-01,5.774274111906722018e-01,4.493908941090385967e-01,1.796644156559262517e-01,5.530018391625791674e-01,6.813723723874702820e-01,4.142501453870033323e-01,2.693662638677820631e-01,5.040531723517907570e-02,7.372426063281979358e-01,6.410083834575733830e-01,8.466064623971958358e-01,6.059160326388864926e-01,3.085271461512423818e-01,5.903843779627444555e-01,8.424758517735504437e-01,6.602720172883911331e-01,8.743154378456212683e-01,6.534692601170050130e-01,4.484355761255950923e-01,9.070252772882010373e-01,9.236428875026041485e-01,7.595539405366635854e-01,5.814022151476422318e-01,6.950262556886946941e-01,7.336117346251012084e-01,7.204171962941079421e-01,8.223888382535364805e-01,4.012998493810974732e-01,6.989217195281682837e-01,4.480301437873947523e-01,7.240688997882882560e-01,6.860222658102190785e-01,6.078774530605840498e-01,8.740754902307998897e-01,3.691684526936902522e-01,7.360468803028792362e-01,7.067779930622875018e-01,7.619839584766205931e-01,7.162812443490202963e-01,3.928118402566074252e-01,8.272315841428590222e-01,6.892923565282520482e-01,5.385614877108619858e-01,2.962870775774826271e-01,6.669563564067442218e-01,4.904427808063269167e-01,4.891916945551628149e-01,7.049078382082125671e-01,9.903652459153101661e-01,4.296487166895597287e-01,7.532917387375235307e-01,4.192260944343815243e-01,9.186935805969630442e-01,4.509034579991845204e-01,7.748527840509018549e-01,2.884483688702590976e-01,1.122381169068372292e-01,2.778718797828521603e-01,6.894517550472401002e-01,5.192264038263723069e-01,3.291986449869487297e-01,8.922791606779750806e-01
8.071682974831201340e-01,4.460937922225366448e-01,8.308176954643956558e-01,3.466440360066544990e-01,7.484399751321566541e-01,6.450670762745885911e-01,2.801575363019304099e-01,2.744910479551388449e-01,6.964572704487087540e-01,7.016410672088545519e-01,2.250367621164415799e-01,6.738071494726040056e-01,5.526909344664062695e-01,1.171370535685830189e-01,3.161747270487629824e-01,4.727070929167907082e-02,7.073984625913676272e-01,0.000000000000000000e+00,5.636501112039338235e-01,6.406954183188505736e-01,7.060980678804905653e-01,5.171455749060054341e-01,5.389687330227591611e-01,4.562410302219276348e-01,4.293458421279231496e-01,4.441749287516846278e-01,6.949238708108590457e-01,5.616478515922522785e-01,4.237388381828806616e-01,5.265785413134664861e-01,2.714229273717747720e-02,5.825889466634641689e-01,-1.487370394901816884e-01,3.416153608555126397e-01,7.863327421158842201e-01,3.051425145757180046e-01,1.675703653435015317e-01,4.436621593311607659e-01,8.998091835135749728e-01,9.370581916286080393e-01,-1.700085771242066113e-01,6.977268206475022438e-01,6.860181163101292112e-01,2.208330128049360574e-01,9.257288452422267611e-01,5.831498866127797776e-01,7.942236259144641597e-01,7.908771172963071638e-01,4.807152906439575712e-01,5.794153295581386809e-01,8.823199330651392280e-01,6.108056854773492583e-01,2.521338372637151326e-01,7.184638220711091483e-01,8.261720196457313925e-01,4.065148941334005839e-01,1.500092565643586506e-01,8.919633128820697587e-01,4.731176224577813283e-01,1.855967839821695553e-01,4.330061219381436954e-01,2.589806987229145707e-01,7.684364766188552798e-01,4.425653277054923396e-01,6.055490782455402732e-01,6.434998279729022830e-01,7.721538395316294157e-01,4.333264273210292727e-01,1.479995869013271403e-01,3.882993149495455598e-01,2.937795582924770388e-01,9.028457320603045996e-03,7.782400814023506808e-01,3.460894639126774752e-01,2.470020879369785871e-01,2.997060902448374087e-01,4.925837960243532598e-01,6.704102670892636562e-01,-1.580200384626704035e-01,2.999343727283318994e-01,6.898093166109335872e-01,9.661441744962944167e-01,7.514441344151570057e-01,3.117385102340958780e-01,6.847887067908328129e-01
