0.000000000000000000e+00,7.052064046895964999e-01,7.741889486042257129e-01,7.822898961278886842e-01,7.313381720187587254e-01,4.728931850294997297e-01,6.907286596923630784e-01,6.902286355727736966e-01,5.306256603181729314e-01,6.876569592564953926e-01,8.535886343140208776e-02,8.696922697303786087e-01,2.515833930667463747e-01,8.347205426848066656e-01,1.061616844711372187e-01,9.784060071637935563e-01,5.279039991427885159e-01,7.018219412981078209e-01,4.944947489164889798e-01,1.336441477635652297e-01,7.614485005949616081e-01,9.856331089040171189e-01,4.180691469484097422e-01,8.718165744930069794e-01,7.450319943328512773e-01,9.340611190027282573e-01,9.061012083199281308e-01,8.511223557567323406e-01,5.745322385729650927e-01,2.476484000637347305e-01,5.841154711165140734e-01,3.529609760174432509e-01,4.761371756442118186e-01,6.829610875711247253e-01,4.425502729229198184e-01,5.336519720085191043e-01,2.961823387603173541e-01,8.998885097343959361e-01,9.338418874732479225e-01,7.731392347241266005e-01,2.396274148837039264e-01,3.007534409514303064e-01,7.660198469018226763e-01,7.295858840658557831e-01,9.652444159688978731e-01,4.066193022086917463e-01,8.053116954497211433e-01,6.996365191469841038e-01,7.071730693077903362e-01,9.962348776901380765e-01,8.216107470376687871e-01,7.451328601366835613e-01,6.115563442577108821e-01,9.794536945679925832e-01,6.401465287623148148e-01,8.805469580675973074e-01,2.591945457842687595e-01,6.458371079084856969e-01,6.786748895496801381e-01,7.255042734683072592e-01,5.514696173285571490e-01,9.851392787216092239e-01,9.571448181498380947e-01,7.168065353204383650e-01,9.088647821027039386e-01,5.371684937601066689e-01,8.053069502091115828e-01,5.059280862194200923e-01,7.863050906762372172e-01,6.496354013647926973e-01,8.172716814235744254e-01,4.959802633184512977e-01,4.272448809508367362e-01,5.945944614693846608e-01,8.859130338771052937e-01,9.540122061062754621e-01,9.269864695589056236e-01,8.790311792436749094e-01,5.792061651619359042e-01,1.194706146150465997e-01,6.895130994653286827e-01,8.054839330795438013e-01,6.193472260587316036e-01,1.191926445899476050e-01,7.160114866625598706e-01
7.052064046895964999e-01,0.000000000000000000e+00,6.508790341934250767e-01,6.565400542314103749e-01,3.003641478960777378e-01,4.434188406201967636e-01,4.552206365124427667e-01,2.929320210230421800e-02,4.637244464524499787e-01,5.414492425982964097e-01,4.677623530482524217e-01,7.701093882703993199e-01,9.332755494615554426e-01,7.538255503707579352e-01,6.418490833070646939e-01,4.651727523001073505e-01,2.292183583946367231e-01,7.913455570486591650e-01,9.520312142566907110e-02,9.486140658176065443e-01,8.968444193094657901e-01,7.104479341437632822e-01,8.599018867526170284e-01,7.864979515683367950e-01,5.579993942100414106e-01,2.738746858623536951e-01,6.136982138190314462e-01,7.391946899689728623e-01,-1.483675176030049003e-01,3.855910771545543181e-01,5.463479345686090838e-01,7.104087967976309148e-01,4.270890785887999641e-01,6.603561921787074462e-01,4.661457607764625255e-01,3.329937522801368344e-01,6.462356767080342790e-01,3.599251841476477365e-01,9.465780800665019035e-01,5.833652049660715821e-01,5.486985021198410584e-01,7.547575099110593877e-01,9.076593215498729439e-01,2.997295076327726737e-01,9.453038624030083437e-01,7.466197099771971768e-01,7.723841605854835368e-01,4.257533238674845455e-01,6.193661321571687361e-01,3.398204999327857356e-01,4.957141863812625782e-01,7.915067722145068263e-01,7.415940056608315567e-01,9.202157509015421732e-01,9.000236484488361999e-01,5.922126813154326985e-01,5.401974783766474442e-01,5.260635313400631174e-01,9.807420855964298356e-01,4.155409151210724961e-01,7.220088298783590153e-01,2.111295030743025325e-01,3.268930482383364811e-01,5.763854738377154341e-01,8.084215687126756755e-01,4.919050396209190268e-01,4.734626628534045478e-01,7.431373394408811173e-01,4.835685167600727308e-01,6.229968521602291531e-01,3.109909574352994199e-01,4.231703240593499560e-01,7.961111901292026172e-01,2.412257157500888594e-01,7.193269835939762880e-01,2.811781058993633176e-01,8.992817423651466857e-01,-1.292712359473919270e-01,5.055620922928717453e-01,2.257397625767561256e-02,4.326840234516130534e-01,5.513920120935211777e-01,6.997954558651829915e-01,4.071526419646342987e-01,6.361223542807026288e-01
7.741889486042257129e-01,6.508790341934250767e-01,0.000000000000000000e+00,2.912164819585461029e-01,7.803432527804142760e-01,8.389508030212357026e-01,6.739515231447246180e-01,7.106346196439415897e-01,5.639905480765173840e-01,9.066721772175218019e-01,8.836182532068836970e-01,6.542767569991551069e-01,8.061626140738280544e-01,7.016834232223171375e-01,5.193645526990559036e-01,7.068372119973860279e-01,2.696693176569560646e-01,8.109206007389727633e-01,7.159181745300420285e-01,7.293551837071543531e-02,6.082780592912619966e-01,6.455487019976204888e-01,5.785616124128127868e-01,4.305268810022161441e-01,7.400080779005703269e-01,8.034073856674549541e-01,9.179328242157752671e-01,7.399264479909153369e-01,3.310076227113580294e-01,1.837117997568078753e-01,4.612275853496561329e-01,5.584754767530523134e-01,4.559856249765596448e-01,7.946251339316006135e-01,6.814833229004642057e-01,6.522312711918142325e-01,3.418745475191015681e-01,6.319188094059270400e-01,5.582456700117731652e-01,8.489695953046505483e-01,6.558936818694195425e-01,4.372432275406171742e-01,9.898403982035908211e-01,8.763913440023746171e-01,8.462932698380686292e-01,6.414406434160860870e-01,9.406065872255990890e-01,7.743417148435257635e-01,7.830205599711119735e-01,9.099191797718872987e-01,7.427465253878728912e-01,6.081782445882509824e-01,6.183287309832630196e-01,6.892075692234798101e-01,8.198727173119193523e-01,9.349123297158001833e-01,6.981601162296828811e-01,9.787343069193510381e-01,7.114447864338223626e-01,5.654452361331566701e-01,4.461371682896826951e-01,7.632163579787983876e-01,4.110806876788997699e-01,7.695933165042414537e-01,5.703260790640001243e-01,7.000783048100662764e-01,9.983258315671750260e-01,4.363364448158053022e-01,2.996822943338338652e-01,6.409767723477156620e-01,9.584535514279759472e-01,7.891023028630564928e-01,6.845144428947591564e-01,4.013290930049800281e-02,8.784491978479676000e-01,6.451233671507483614e-01,9.368110597548920948e-01,2.730940109738129729e-01,2.848490133908389565e-01,5.047528673526209264e-01,7.612727419937248552e-01,9.826002117039678296e-01,8.912757903542728455e-01,4.307157691537014110e-01,6.418427621412569062e-01
7.822898961278886842e-01,6.565400542314103749e-01,2.912164819585461029e-01,0.000000000000000000e+00,2.504152733177634205e-01,5.689450693256463687e-01,6.055606445296428664e-01,4.878691466786203579e-01,7.485089768208336158e-01,9.631957874568074507e-01,7.190903009178490901e-01,8.386631397816926015e-01,2.846348542144892524e-01,4.010126443541400798e-01,6.399501268412202126e-01,8.202285452314447278e-01,5.651337791891941631e-01,4.818185137041679500e-01,5.078224354716338595e-01,2.732799542509103397e-01,8.235931707036071581e-01,7.076786536299646269e-01,6.625960324447950356e-01,9.011637126010504373e-01,3.774987821260499254e-01,5.987560927010908696e-01,8.712747138218788212e-01,6.626779957548611932e-01,4.412744700677268539e-01,3.535442876356372777e-01,1.999916688423452882e-01,-1.338114568955482975e-01,7.200611353621699795e-01,6.458179829624027812e-01,7.420071393038882857e-01,1.457668608406845479e-01,2.578466676801771662e-01,4.697374876934106575e-02,7.696158565980995014e-01,5.634388630610644988e-01,2.859653153114800617e-01,5.345939767417517974e-01,9.232238719765909485e-01,9.562539038066517616e-01,4.864765855527217742e-01,5.814814821871250317e-01,7.098064293467197805e-01,9.568179097609892381e-01,4.369927780943506646e-01,8.753769960737157740e-01,3.570597796198530793e-01,6.035823495854559795e-01,5.478957887985388409e-01,3.476869431223319484e-01,6.710587067926628846e-01,7.587150430658737843e-01,3.718776789542067029e-01,8.205450162378211676e-01,6.847832308318191341e-01,4.429171935913015501e-01,1.718587027553388769e-01,1.771968405078214737e-01,4.843834277786563947e-01,9.260146309803722886e-01,8.120090532728048149e-01,8.317447864901243992e-01,6.356819673617292166e-01,4.930315241139551219e-01,4.210899164656818905e-01,8.404962370060066190e-01,5.826432916318353694e-01,9.593058121637758617e-01,3.824005152381182437e-01,5.033518120509480331e-01,5.975146134149509347e-01,6.380648523613441370e-01,4.904681947806471820e-01,6.561151212255367238e-01,7.909483053453936208e-01,3.438019558630228678e-01,6.953006054013036730e-01,7.987072501318202011e-01,7.419697628775242526e-01,2.971725889414678079e-01,3.185985577048965345e-01
7.313381720187587254e-01,3.003641478960777378e-01,7.803432527804142760e-01,2.504152733177634205e-01,0.000000000000000000e+00,8.551046414773988413e-01,2.539294609391233859e-01,5.468703094301503587e-01,2.812630354465703308e-01,8.352886034114757052e-01,4.410424519947531152e-01,8.532387175611660934e-01,7.680748061424591544e-01,8.823151826754384031e-01,5.299701677429058400e-01,9.514891961308020729e-01,3.501188319702509544e-01,5.821437954594170794e-01,7.387718277246255738e-01,9.064846808924026389e-01,9.025766865842159703e-01,5.305838052469489252e-01,5.690372449231270169e-01,8.540205404700109693e-01,3.749880790142869902e-01,5.570907667178893741e-01,7.550494741955150468e-01,3.487192769178220075e-01,5.849905301941010771e-01,5.929657132092247540e-01,-1.733086944746662361e-01,2.191147537478553842e-01,4.535649261782864761e-01,7.737068585904900431e-01,4.362628749693938657e-01,4.794836929457810260e-01,7.611539157915039322e-01,2.011634584917257607e-01,6.179959981691621751e-01,7.033838319924006210e-01,3.974237788712350339e-01,7.235703499928410887e-01,2.872782319090681075e-02,9.961465895318053487e-01,8.999326870439355863e-01,9.642479920175945907e-01,7.815384669152002362e-01,6.290793541053689708e-01,3.122695419702263275e-01,6.372537199283007103e-01,3.717295397067399421e-01,3.085227241464296166e-01,9.424352095827175368e-01,7.890975887394700017e-01,7.629437725379943913e-01,7.919809419550440932e-01,7.506612805645116460e-01,5.259175790146904950e-01,9.190653699269900612e-01,4.115466150229152298e-01,3.753713817447730250e-01,5.618971336866753763e-01,5.693514446619367675e-01,7.378032300916154140e-01,8.571533825680258678e-01,6.615780422931117899e-01,8.428462284071464028e-01,6.151499653241149224e-01,2.295929397552030349e-01,4.716181423288595131e-01,3.706342889737075930e-01,8.042078548333443377e-01,3.781890686808054847e-01,2.762218787504960305e-01,6.838257905276319271e-01,8.043051277856466674e-01,8.242417944827159504e-01,5.325727760282347178e-01,4.812369848004682815e-01,-6.967089641901047514e-02,6.196092733468152591e-01,6.616425358677902047e-01,2.792602329196811062e-01,-1.571791643148233164e-01,5.070832941595047050e-01
4.728931850294997297e-01,4.434188406201967636e-01,8.389508030212357026e-01,5.689450693256463687e-01,8.551046414773988413e-01,0.000000000000000000e+00,7.672450740184828533e-01,4.362954130421914378e-01,7.647140229867753769e-01,2.279661831926321491e-01,2.548425321934824073e-01,9.746798330272998800e-01,9.522493549661591450e-01,5.543821419200798406e-01,4.917287275244878186e-01,5.059390983346210291e-01,8.036780205860614146e-01,9.244867548675239632e-01,7.683680815817124365e-01,6.885863514399346297e-01,6.820237642277829915e-01,2.063855594057286691e-01,7.476280780589459329e-01,7.248340892617013420e-01,6.887667810330898588e-01,8.037571458454950690e-01,4.182392193884563736e-01,6.160653192507923315e-01,2.629179150527277686e-01,4.639109661576586996e-01,8.201432455647124364e-02,4.019099593202742071e-02,1.125529220028863575e-01,6.595393834027656332e-01,4.259072073051262675e-01,6.092160498559341386e-01,4.347377581674256863e-02,4.394623822396976354e-01,7.592687121087875468e-01,6.387390561366376174e-01,1.858593449299028588e-01,5.940445596103806070e-01,4.645855516427946363e-01,7.452639260570392832e-01,7.403119801392124000e-01,6.504636439954285532e-01,3.371997020793075506e-01,6.510760777027823076e-01,2.933574589599955429e-01,2.027421483029734628e-01,5.658294055944648182e-01,6.392697185754186995e-01,3.707362783122710725e-01,4.791139490577306925e-01,8.595455801613705038e-01,3.392315371070477314e-01,4.786715581356044136e-01,9.753752963620323513e-01,6.683983644639510668e-01,3.403241633859833692e-01,2.984826575213839206e-01,6.143845612788128019e-01,5.381828794262858429e-01,8.345549530936573479e-01,6.190141884151697527e-01,3.686674535161238442e-01,4.428350175676046829e-01,9.910951570029744584e-01,4.701055557165233489e-01,9.116190339737623161e-01,4.414821518387878618e-01,5.613031000460452224e-01,-1.865820633166948572e-01,2.716378100187296640e-01,7.727450846693335595e-01,4.438739715704934086e-01,6.378212812316611524e-01,2.020774474745770655e-01,2.524721931909031936e-01,2.528592599724502343e-01,4.518776631357033780e-01,5.092248880170364700e-01,8.624156647531187048e-01,7.921779634132009029e-01,5.308923006164364411e-01
6.907286596923630784e-01,4.552206365124427667e-01,6.739515231447246180e-01,6.055606445296428664e-01,2.539294609391233859e-01,7.672450740184828533e-01,0.000000000000000000e+00,6.789880716606032651e-01,4.030704453822039346e-01,6.447516857302166837e-01,7.007975618620798652e-01,3.004794162557089532e-02,5.491224941193304510e-01,5.935318223044270258e-01,4.261894684625273655e-01,6.541168527060725602e-01,2.542388539522348889e-01,4.777835711144198250e-01,6.266028252441359081e-01,6.279186894641722860e-01,8.327235197426885449e-01,2.992283871167519260e-01,6.784683275446343753e-01,5.537619410733636283e-01,7.077215672512673361e-01,6.859402977539842405e-01,3.902581753332826642e-01,7.776061791624403474e-01,3.309197665496064200e-01,3.473767941724066333e-01,3.892092302780575386e-01,7.321227269038754759e-01,3.366551992077020383e-01,6.961521002916977452e-02,5.815626652280134756e-01,2.061412885527472427e-01,1.242848090508166109e-01,5.182473903869382337e-01,7.037313733500281110e-01,6.070800475650725003e-01,4.638056489389031922e-01,5.412647965118686511e-01,7.884259045342084660e-01,5.724064322993414056e-01,6.391247281036162020e-01,6.699841610581900309e-01,9.304545581040056801e-01,4.681373773573184183e-01,4.859000190337831038e-01,5.551061071379108647e-01,4.359215151835843516e-01,1.977645892514170445e-01,4.835513544127931218e-01,7.508096435030254812e-01,8.418603862098188451e-01,5.003049597922273328e-01,5.135645459397855106e-01,5.780313759278455921e-01,7.902832407244111401e-01,2.257775555734118922e-01,6.229085159038466601e-01,2.765666880026869667e-01,5.043355370580077102e-01,7.851467753090155544e-01,8.154119071655713258e-01,2.783592604839867368e-01,5.639270438307070199e-01,4.282719834908614853e-01,6.126375708380144003e-01,7.737292803322080026e-01,2.523359698305034371e-01,7.010981387967738510e-01,-1.148761149870285436e-01,6.182486326748095617e-01,7.779500199331969013e-01,9.432130650676390227e-01,6.093036582158034564e-01,3.175532190999952875e-01,1.825503937596287818e-01,1.587254950155486677e-01,7.183730519933457792e-01,7.171830592767973744e-01,7.510368504897995123e-01,6.593223737766560344e-01,5.042438983739008229e-01
6.902286355727736966e-01,2.929320210230421800e-02,7.106346196439415897e-01,4.878691466786203579e-01,5.468703094301503587e-01,4.362954130421914378e-01,6.789880716606032651e-01,0.000000000000000000e+00,9.006192510309607435e-02,3.705926051590580084e-01,2.225680973798902229e-01,8.468324865834765403e-01,5.055757150241438902e-01,8.115441817560586912e-01,7.896819560636959556e-01,4.463735457865087297e-01,8.501740293810968740e-01,7.031213100159215967e-01,3.466587558867945673e-01,9.822759060476443649e-01,7.093572510684812427e-01,3.085058874040990662e-01,4.879163703730066692e-01,6.697096023382120844e-01,8.901090079916076925e-02,5.932930688540617448e-01,5.776699202614447026e-01,1.421695322058376398e-01,3.811909284948302723e-01,5.805761255926128461e-01,3.300776564943928015e-01,3.092497150878963930e-01,4.759041558345508682e-01,6.501849934669442499e-01,9.381682203501063855e-01,7.315679603394739106e-01,7.103553937886528669e-01,4.518951389445279854e-01,6.543819121232610225e-01,7.549894308190199244e-01,1.771629031818577060e-01,5.822274379919654130e-01,7.596218747778218372e-01,5.650739735932212016e-01,6.005280972556314989e-01,7.399840561047882348e-01,7.941667613980737395e-01,7.431896207198750437e-01,5.267465209369830426e-01,-6.831966955226692617e-02,2.108562740701372118e-01,6.597615606694922086e-01,7.779240294842360015e-01,5.519004161661009711e-01,5.251939320930110178e-01,3.507197398282753120e-01,7.347878936421994300e-01,7.994910873090902426e-01,8.512053171870456181e-01,2.057531559138043864e-01,5.955771781637909240e-03,5.284989551699040833e-01,8.222855839802504230e-01,6.930087057510503357e-01,8.182590221979776368e-01,9.379955128120538443e-01,5.168825549884421555e-01,5.240048063045138482e-01,5.103589527191007003e-01,5.868920298364762589e-01,5.603083223951837999e-01,4.900843611312556414e-01,5.675077248683808584e-01,4.768577569645562897e-01,2.672732227967008489e-01,3.552271263991851891e-01,7.230688625234427125e-01,4.739746153655367555e-01,5.444298152887255132e-02,-6.993833578029287623e-02,9.089663365329213596e-01,9.120916471872072551e-01,6.604695847122716845e-01,1.934944447568775483e-01,2.694460931341794430e-01
5.306256603181729314e-01,4.637244464524499787e-01,5.639905480765173840e-01,7.485089768208336158e-01,2.812630354465703308e-01,7.647140229867753769e-01,4.030704453822039346e-01,9.006192510309607435e-02,0.000000000000000000e+00,3.005706027299202554e-01,4.303817747694024809e-01,5.276989945726427989e-01,9.921971643424239984e-01,5.791147388335404766e-01,4.911632500779360422e-01,7.956087573397887525e-01,5.104404361441372551e-01,3.766670705122716623e-01,5.182813344809589218e-01,4.607061588490345416e-01,7.312223046476704624e-01,5.550134638698316358e-01,5.607203833755400879e-01,5.911738771300565354e-01,7.172641422145470402e-01,3.910933313561308911e-01,6.618318946274381886e-01,2.802973380025196026e-01,7.590754697379481497e-02,1.366378936357633966e-01,4.291169391180969517e-01,4.761230555399316167e-01,3.257646781496584820e-01,7.688907344484963158e-01,4.239572642650439871e-01,5.145514671459471279e-01,4.656647019042735036e-01,3.122650772907211159e-01,6.678334693954521839e-01,3.514151418009410222e-01,4.806228970337356188e-01,6.042841646016037238e-01,4.225928830262318803e-01,9.353341976914888445e-01,8.974531483237928597e-01,6.610736079448065183e-01,7.930222488267131276e-01,8.880376767175940378e-01,4.962801405975394986e-01,5.736276665468598157e-01,3.951767274593127044e-01,2.341800595250725370e-01,7.828902416996050828e-01,7.618108348048736600e-01,8.506282947654119075e-01,2.773032270017290468e-01,5.138439438275473892e-01,7.461217384074799730e-01,7.173533369464975273e-02,6.888096709356883451e-01,4.563911676903618098e-01,4.870905087259025379e-01,3.562054681402663237e-01,7.023879209741569207e-01,7.856874330810752483e-01,2.205466651688792745e-01,6.177673392485701909e-01,7.678275493425539278e-01,2.385763685029883840e-01,6.366630991852635368e-01,8.017995849858869928e-01,3.410784495748905298e-01,3.621803875685949414e-01,3.338334483030505062e-01,1.162347014777214416e-01,4.409219380168880043e-01,7.576796096447933060e-01,4.520665499983543278e-01,-1.670364999650721938e-01,5.414648245079389799e-01,2.752316855727411915e-01,8.795909006904439886e-01,8.885869310170081414e-01,5.866062481160656539e-01,4.806143022780016705e-01
6.876569592564953926e-01,5.414492425982964097e-01,9.066721772175218019e-01,9.631957874568074507e-01,8.352886034114757052e-01,2.279661831926321491e-01,6.447516857302166837e-01,3.705926051590580084e-01,3.005706027299202554e-01,0.000000000000000000e+00,6.350083246207296472e-01,6.567847636364522179e-01,5.848573384509112572e-01,2.365508961395848195e-02,3.786434271335660240e-01,2.075237680829851716e-01,9.719350235886181633e-01,3.398487053449321671e-01,5.892227703054981891e-01,5.653576292091369027e-01,5.212680049425064688e-01,1.524251567469732949e-01,3.361977768180254289e-01,8.888112879210177120e-01,7.993117683901072024e-01,7.313051592926029798e-01,2.612024036192401311e-01,7.294452128551424108e-01,4.977761044469543039e-01,6.958214631853523180e-01,4.174988877039260138e-01,5.012840218583077823e-01,7.612981850038956777e-01,2.885931822882417119e-01,5.501534639723633102e-01,1.655637633354325663e-02,2.285376348646240841e-01,4.876722426373239494e-01,5.796111277082376390e-01,4.916144172292346570e-01,6.192519489267375166e-01,4.578211734386647414e-01,6.317026705992674351e-01,5.903789585834670062e-01,9.200293354527999679e-01,6.415945308464060526e-01,7.927646023572858525e-01,6.164204135172695054e-01,5.833390105883062837e-01,4.878318950668323328e-01,3.235884117583220920e-01,6.062880880722135712e-01,6.280988342396555124e-01,4.778127960984903666e-01,6.860452630597125845e-01,6.016534178974815017e-01,7.079158580292045366e-01,4.295342653874293926e-01,9.993462929137878481e-01,4.303971259059446441e-01,3.167700943856868734e-01,6.439235038419839352e-01,1.370445865671044428e-01,6.702060604784358944e-01,7.895978574790685212e-01,9.667388706402035847e-01,6.571833877502044619e-01,7.454955954792900075e-01,2.956273682261726932e-01,6.332887945355697434e-01,6.730195507531200327e-01,4.248002081350572556e-01,2.680877427715309680e-01,5.294148325617425987e-01,4.585727609470369726e-01,6.415030301301860582e-01,3.183460363602895193e-01,-4.078453183674751736e-02,1.493963397077250899e-01,6.869528967602432923e-01,5.224822041567871445e-01,5.068985863710314677e-01,4.460542380397913842e-01,7.216217801978924706e-01,5.771079883481038397e-01
8.535886343140208776e-02,4.677623530482524217e-01,8.836182532068836970e-01,7.190903009178490901e-01,4.410424519947531152e-01,2.548425321934824073e-01,7.007975618620798652e-01,2.225680973798902229e-01,4.303817747694024809e-01,6.350083246207296472e-01,0.000000000000000000e+00,6.777137060305331584e-01,7.306421713501372039e-01,7.670673067022411029e-01,4.435200029627779372e-01,6.042543499686231501e-01,8.801527326975070453e-01,6.799013100962469913e-01,5.281129411159032339e-01,4.747492300599587267e-01,7.209758425810605109e-01,2.718627518418582634e-01,4.489472952664876892e-01,7.549634437797523301e-01,7.506380034027761994e-01,9.527676219430888382e-01,8.124331174749311879e-01,9.279566454169748679e-01,4.444478616947655225e-01,3.117698489263006634e-01,1.472031787632663291e-01,6.405104989063743481e-01,9.688645914271206694e-01,7.297796537315968113e-01,3.708474254543092652e-01,5.176505465040977250e-02,3.499521108362321220e-01,6.657357503654097730e-01,3.301696309035165866e-01,7.848950164068286828e-01,4.925959992763164763e-01,5.602626260159836447e-01,8.795488850456749663e-01,5.473800421126737703e-01,5.574058542044146858e-01,1.260440696220915258e-01,5.006285255699124415e-01,9.302685275244997332e-01,4.141612402268731175e-01,4.812608950611017011e-01,3.564285302586847060e-01,6.314539024259483435e-01,7.241035082090550024e-01,9.756865902178296635e-01,7.387684647491963297e-01,9.901137517789346809e-01,4.143848376976612125e-01,4.156187446762506510e-01,4.378260373338218603e-01,5.648072579858132158e-01,6.878358775090508415e-01,6.136113756172211220e-01,6.691786120228810919e-01,4.477518176553088591e-01,2.682359680342135677e-01,4.884321940604707812e-01,9.333838562183622845e-01,7.292713876450589439e-01,7.486088152531483741e-01,8.284170883817617570e-01,9.440200398085979439e-01,8.850144288403550830e-01,5.081689422200982298e-01,5.787482493120403859e-01,1.202315856354658347e-01,7.328116177174047730e-01,7.557747532564280668e-01,4.799703698394372497e-01,3.274986790762997035e-01,5.245631692377688005e-01,7.867562366418905384e-01,9.417859592712676253e-01,4.110086252563784348e-01,4.544661213334821870e-01,3.343026052170626206e-01
8.696922697303786087e-01,7.701093882703993199e-01,6.542767569991551069e-01,8.386631397816926015e-01,8.532387175611660934e-01,9.746798330272998800e-01,3.004794162557089532e-02,8.468324865834765403e-01,5.276989945726427989e-01,6.567847636364522179e-01,6.777137060305331584e-01,0.000000000000000000e+00,8.289787691532547464e-01,7.654869365047470842e-01,2.391832905207715576e-01,8.215969813648685838e-01,6.728866820776735480e-01,5.791009236953338357e-01,3.169603334334025191e-01,7.228063169697327428e-01,8.734149656874807821e-01,4.626698208566195625e-01,8.668258355817268779e-01,8.798470893407113191e-01,4.236713584797742738e-01,4.984707960553796946e-01,6.426094409696589960e-01,2.983468994912151784e-01,1.031833743705012950e-03,1.745999880554315042e-01,5.112319611343948411e-01,2.341427905569126939e-04,5.539275320306142891e-01,6.453360579777228656e-01,5.753461367767670476e-01,4.673074682608284180e-01,2.181051901041365926e-01,7.396694410399986541e-01,3.124341394378584713e-01,5.929654268113673243e-01,1.147544422440108236e-01,5.215100969281657450e-01,3.648846717365356040e-01,9.914275588666590089e-01,8.475609626717320877e-01,5.883415285446301768e-01,6.468488596873985808e-01,4.746834849259566336e-01,7.148531828499619101e-01,5.374173339589775056e-01,5.375158546612219812e-01,5.943977851654363986e-01,6.668104176692247753e-01,6.351902291055220307e-01,8.556512546916639206e-01,7.199209131685815333e-01,5.843730652841510054e-01,6.487057830384524992e-01,2.768143808430073016e-01,7.005147002228488962e-01,7.576374078853171934e-01,4.820290927420349814e-01,4.708378500587689919e-01,4.399856798433373073e-01,5.735632262161579620e-01,6.845984067156732911e-01,6.788978970308395811e-01,5.687333844162151264e-01,4.684214127248074733e-01,7.971998834940658973e-01,6.957661659773775042e-01,5.008883779534568648e-01,3.050617349409940338e-01,1.969257574106337005e-01,3.224636398703266682e-01,3.910232984915251730e-01,6.718174712343030208e-01,5.671318804873438646e-01,1.895420717114644216e-01,3.620949014970750168e-01,2.678620364369764251e-01,5.909505099673216799e-01,5.791309726355554632e-01,5.943823318688101764e-02,1.527206813913452588e-01
2.515833930667463747e-01,9.332755494615554426e-01,8.061626140738280544e-01,2.846348542144892524e-01,7.680748061424591544e-01,9.522493549661591450e-01,5.491224941193304510e-01,5.055757150241438902e-01,9.921971643424239984e-01,5.848573384509112572e-01,7.306421713501372039e-01,8.289787691532547464e-01,0.000000000000000000e+00,9.381678911435011869e-01,5.552950970893874016e-01,7.899347979191748692e-01,5.154286470186161262e-01,8.988760461376666955e-01,8.749454632519330088e-01,4.755313047710369445e-01,9.602667643660053320e-01,6.070091813784871393e-01,6.721548383108337799e-01,8.752205675507802596e-01,2.389648309167447526e-01,5.369777451477257824e-01,6.118574739007048846e-01,9.148861794167206796e-01,4.278945539377192464e-01,-1.447400621999636317e-01,-1.482604677616706779e-01,1.566848292509792351e-01,5.867878259568271027e-01,4.223661954904445182e-01,5.379883317527794917e-01,4.390877892981646657e-01,3.726314024270630521e-01,3.507145664071603663e-01,9.704347519482118267e-01,7.240769726674515239e-01,5.865426409269969277e-01,5.321676371038815967e-01,7.241704653382446955e-01,5.122122069716228410e-01,9.331158675910906641e-01,9.992051742207093135e-01,7.023578067318735352e-01,9.462642105915054502e-01,2.758157297495433813e-01,2.708797117725447734e-01,7.719405451664429485e-01,4.572203953286552713e-01,8.594808296821166982e-01,4.779041363086807825e-01,8.322822423570224171e-01,7.870772690960697870e-01,6.323474889593755366e-01,7.680750970813874368e-01,5.104661979371611924e-01,3.911353164812395589e-01,2.461141995462574894e-01,9.527697407894659687e-01,8.400412589910264405e-01,9.095984944909935033e-01,6.497936683790700441e-01,8.233071492760837273e-01,6.723054294059066516e-01,2.767044411217260413e-01,2.014583756946825288e-01,7.542448249852862219e-01,-9.588994554697277684e-03,7.700720687040795154e-01,5.918900818770729266e-01,5.705111716909939679e-01,6.452840185504924442e-01,3.462235649316203374e-03,6.759728766830221947e-01,6.087062980497252029e-01,4.561219739346829005e-01,2.849346138460875366e-01,6.846043563207836469e-01,6.084111866190974327e-01,8.167490932228745892e-01,4.001286933381945632e-01,8.927689826939979589e-01
8.347205426848066656e-01,7.538255503707579352e-01,7.016834232223171375e-01,4.010126443541400798e-01,8.823151826754384031e-01,5.543821419200798406e-01,5.935318223044270258e-01,8.115441817560586912e-01,5.791147388335404766e-01,2.365508961395848195e-02,7.670673067022411029e-01,7.654869365047470842e-01,9.381678911435011869e-01,0.000000000000000000e+00,7.314124034152739151e-01,8.481736783002382651e-01,9.845572144305205775e-01,5.554901357215494828e-01,5.924241283711262351e-01,6.627031227224668974e-01,9.026477619291271015e-01,4.838492483015658929e-01,9.552147614037849177e-01,9.815594112339577348e-01,7.850899258997098284e-01,8.972760774796686434e-01,8.451468320547117496e-01,5.394194140012034122e-01,4.581509983615867365e-01,3.918813468149821011e-01,1.126763416938295626e-01,3.669913015863656147e-01,7.725219478816349739e-01,9.428503682349596016e-01,7.713011337058113259e-01,3.304961421892612661e-01,2.292171185952412427e-01,5.506677290708994477e-01,9.456709554038468246e-01,5.738721744636234856e-01,3.160047244864409577e-01,2.553289252726549940e-01,7.273098998590405984e-01,1.023902754148451194e-01,7.490766850186038051e-01,7.393054653173800617e-01,8.121677058395621041e-01,9.624562828500923262e-01,4.753979736292509028e-01,4.420208035191717233e-01,7.745004334286385017e-01,8.170020314568993136e-01,7.958280767840781866e-01,7.096430306891602369e-01,6.482589317356564074e-01,6.534120528936402383e-01,8.617917053412601502e-01,6.258763018872189887e-01,6.753114442610006485e-01,2.192467633967545848e-01,4.283153539074961991e-01,3.395376460442223188e-01,4.144490572633996450e-01,6.630070892207706734e-01,3.088651786357550222e-01,6.000447294626021222e-01,9.467393216552717483e-01,5.563265257706611067e-01,1.911638434591020896e-01,4.703043588540627429e-01,7.027629226290417197e-01,8.258824183562828436e-01,5.399888059422459918e-02,7.657186391958600291e-01,3.434010360260567607e-01,8.155819122070044891e-01,8.025555440541728425e-01,8.860605786481524637e-01,3.282720292493215841e-01,4.187031303280506350e-02,3.188141518860963530e-01,6.913041412824821874e-01,8.505236200334788110e-01,3.846193113488833859e-01,6.225731263778178093e-01
1.061616844711372187e-01,6.418490833070646939e-01,5.193645526990559036e-01,6.399501268412202126e-01,5.299701677429058400e-01,4.917287275244878186e-01,4.261894684625273655e-01,7.896819560636959556e-01,4.911632500779360422e-01,3.786434271335660240e-01,4.435200029627779372e-01,2.391832905207715576e-01,5.552950970893874016e-01,7.314124034152739151e-01,0.000000000000000000e+00,2.637847725655559361e-01,4.820217955613086414e-01,6.047799800299953343e-01,6.948062777576764493e-01,8.193324921000594285e-01,7.187810917444338310e-01,7.460930326822252656e-01,4.349808714965972545e-01,8.336472404103388856e-01,6.507449015183995877e-01,6.155693033473896847e-01,9.454449218734126692e-01,6.890095062750242194e-01,4.119668352030246283e-01,1.338302973735905066e-01,5.716387104757406634e-01,2.583794221203984387e-01,3.327875924151891818e-01,7.945814845058929432e-01,2.989644306236149962e-01,2.205069501358725703e-01,2.273073070914074789e-01,2.793108043570452503e-01,6.019634170592018663e-01,9.127498097668116372e-01,1.212667769327824552e-01,1.330532912968380721e-01,4.371696538901054252e-01,5.992227378251150371e-01,7.347157695847007508e-01,8.680522759924088616e-01,4.218655131352563870e-01,3.637186784529609085e-01,4.041453983033753139e-01,5.423472131916300398e-01,9.052320118246348635e-01,5.000346495542513647e-01,6.830566466012232274e-01,5.122822931748525210e-01,5.572835756586284051e-01,9.500139549690469476e-01,1.131291601774930405e-01,2.112308934966011520e-01,4.326452251512017400e-01,2.427842141090461592e-01,5.612409525903050422e-01,6.179389112820968810e-01,6.240992266315118497e-01,9.235765126033632644e-01,5.390962582485065990e-01,7.938738730459249382e-01,4.789682040639128835e-01,6.022653870486260885e-01,4.976369223103914718e-01,6.916773524139384621e-01,6.462638058126282115e-01,2.468221427043585381e-01,4.913884359373513200e-01,2.007680390158931849e-01,6.683083348489735620e-01,5.665878325822862882e-01,6.118251577521414131e-01,2.501311377048526241e-01,7.569997781634338896e-01,1.112239176076600666e-01,3.788608856427242433e-01,9.170166187605576225e-01,7.220129171492389863e-01,4.472424520174472229e-01,6.222783633283237581e-01
9.784060071637935563e-01,4.651727523001073505e-01,7.068372119973860279e-01,8.202285452314447278e-01,9.514891961308020729e-01,5.059390983346210291e-01,6.541168527060725602e-01,4.463735457865087297e-01,7.956087573397887525e-01,2.075237680829851716e-01,6.042543499686231501e-01,8.215969813648685838e-01,7.899347979191748692e-01,8.481736783002382651e-01,2.637847725655559361e-01,0.000000000000000000e+00,9.166412692587245781e-01,3.232472395642639884e-01,7.874035719661379717e-01,9.322914338806673751e-01,5.463983114021516707e-01,8.927365656354924878e-03,1.943993279752556091e-01,6.447548627745214311e-01,4.044101370985166422e-01,4.937845141532870574e-01,1.641725830944903430e-01,2.567762119554523603e-01,3.501398825105771495e-01,2.167383162402089503e-01,5.331868164498542173e-01,2.395946134915241110e-01,3.908729872029623742e-01,1.300241393423022251e-01,7.161793609014170947e-01,5.843262964379828395e-01,4.658871494517604628e-01,4.942734467418389843e-01,8.687416572193187303e-01,7.444542142798107331e-01,2.557733990345275044e-01,9.229359724566980061e-01,2.533595788673769222e-01,8.044898643024829266e-01,3.247627220905235368e-01,9.138934830596081582e-01,1.763736819787720123e-02,7.898226048602134952e-01,2.177853016728141244e-01,6.590691225000775422e-01,5.709282283050498563e-01,8.484560681702510987e-01,6.807582402846812375e-01,8.913391030233579482e-01,8.052863615878015358e-01,9.294638326278488183e-01,5.114871955054808295e-01,7.517606982566927831e-01,9.080981610950942251e-01,4.389587655784570885e-01,3.835667804602846953e-01,7.407211272862932461e-01,5.612290036666893744e-01,7.435219331272462373e-01,2.891891804292527346e-01,4.148101991896451235e-01,2.711826095644054302e-01,6.165190713472989970e-01,3.400462052808544272e-02,-2.176520604600523656e-02,9.026324459861088112e-01,7.206234268147978517e-01,6.833110339623564844e-01,5.935224483915928495e-01,2.875513080767432839e-01,6.765959542092736534e-02,9.374289072418205970e-01,2.333064057828241611e-01,1.476760365151220111e-01,5.990567496141486759e-01,5.344811988054520846e-01,8.447683614584035050e-01,7.576683093336846753e-01,6.450845552882237266e-01,9.364356124066093301e-01
5.279039991427885159e-01,2.292183583946367231e-01,2.696693176569560646e-01,5.651337791891941631e-01,3.501188319702509544e-01,8.036780205860614146e-01,2.542388539522348889e-01,8.501740293810968740e-01,5.104404361441372551e-01,9.719350235886181633e-01,8.801527326975070453e-01,6.728866820776735480e-01,5.154286470186161262e-01,9.845572144305205775e-01,4.820217955613086414e-01,9.166412692587245781e-01,0.000000000000000000e+00,8.345788815989935161e-01,6.748972236832807559e-01,7.208997013152943500e-01,7.849399081370456166e-01,5.863885089284859298e-01,3.692862486406393030e-01,8.452482973191726146e-01,6.486959297576021521e-01,4.569727756372010119e-01,7.879058945922030599e-01,2.275650978431862925e-01,4.630726705528371290e-01,6.086008239213414224e-03,3.293136736203283732e-01,4.749992214213057951e-01,5.004766289886211084e-01,6.775111084275005080e-01,5.555464874835086553e-01,1.645298829007638131e-01,2.151642339750531319e-01,9.990662052281487071e-01,9.834881634137638828e-01,8.877947921618418725e-01,7.525963358035593354e-01,5.119995373007478756e-01,4.849661773291738531e-01,4.952682495918001582e-01,6.541094508226694693e-01,4.993616911518098389e-01,6.686683653205515165e-01,9.848262251585139238e-01,9.024738135187307941e-01,7.364257168458300251e-01,7.544742457312467732e-01,9.897935506558539487e-01,4.265118973464678831e-01,4.181362449835558937e-01,5.313665347597520405e-01,6.542957149756030155e-01,9.912258758174826712e-01,6.779409081064406983e-01,7.323586454920847366e-01,3.196896103589644822e-01,7.663711279045481994e-01,7.605063029870234859e-01,8.013601145775353096e-01,9.385556493711542103e-01,6.791018819692127284e-01,5.815520753042684454e-01,5.292032731246473221e-01,9.295456941458132283e-01,7.180203313984797608e-01,8.092447398653574986e-01,2.043482929966987105e-01,9.511083279451205685e-01,4.669826463640748271e-01,-9.829950498685739724e-02,4.272528686705021617e-01,8.531450556697370846e-01,7.234253155953505043e-01,8.240385754281184250e-01,3.265228560842741157e-01,3.010952756462395574e-01,5.605355052069171951e-01,7.462641090921922071e-01,5.968891140498743253e-01,3.871122181709896193e-02,7.399099674932646531e-01
7.018219412981078209e-01,7.913455570486591650e-01,8.109206007389727633e-01,4.818185137041679500e-01,5.821437954594170794e-01,9.244867548675239632e-01,4.777835711144198250e-01,7.031213100159215967e-01,3.766670705122716623e-01,3.398487053449321671e-01,6.799013100962469913e-01,5.791009236953338357e-01,8.988760461376666955e-01,5.554901357215494828e-01,6.047799800299953343e-01,3.232472395642639884e-01,8.345788815989935161e-01,0.000000000000000000e+00,8.683581910202933241e-01,9.390742995931495862e-01,7.943756858613837402e-01,5.188421540380830921e-01,7.241055970925278640e-01,9.605550769616486573e-01,2.457105664350669461e-01,3.562666615794140013e-01,6.650953834677791887e-01,4.687116608327380751e-01,8.720288496748430651e-01,4.595831610014970980e-01,1.643118455275725809e-01,5.724439840941366597e-01,7.369904093873549389e-01,5.437749081219744873e-01,6.988808914449450294e-01,4.146010249654473734e-01,5.547458424974136687e-02,2.793061117991117448e-01,6.138791421061887688e-01,2.360085314719034544e-01,2.162180290284385908e-01,2.636565143032336689e-01,7.494577823830391727e-01,8.120091586540364448e-01,7.972562377506706710e-01,5.494910577185326828e-01,3.108380267203148528e-01,7.906586106147805992e-01,6.716725536016556752e-01,1.748322450336387834e-01,5.755583518753661920e-01,6.593699326684671069e-01,6.148093750074344888e-01,2.552872400671627462e-01,6.272120265691335517e-01,6.596416085346130664e-01,5.002517203039481553e-01,7.662449799395186778e-01,5.630672660217223013e-01,2.559408340165943985e-01,6.055036081314649765e-01,7.802464328833190743e-01,7.389711625031769593e-01,7.078996477271208843e-01,8.691459502913086999e-01,5.619636116691211214e-01,2.206221792563106965e-01,7.946540191155233579e-01,3.006737099996674156e-01,2.449746902483718736e-01,1.932660684816221025e-02,5.421230312757976399e-01,6.659740901318342843e-01,3.746777756271492676e-01,7.495344850080991606e-01,4.806971432199192429e-01,8.912789210236276016e-01,9.185626116231481175e-01,2.928826745680698784e-01,5.331627438564366939e-01,3.912830870632508784e-01,7.643579488114303766e-01,9.199833639310162070e-01,9.377826988233729788e-03,9.770911750606587898e-01
