0.000000000000000000e+00,4.485674623334036104e-01,9.916039990987508546e-01,4.781010173544738562e-01,7.772605169765214317e-01,8.240766374224367530e-01,8.798086250125831675e-01,4.910355081121731136e-01,9.896352353252366729e-01,4.574385434460288002e-01,2.430969354456893605e-01,8.051747151040845596e-01,8.383356092732034970e-01,5.778202802285443695e-01,6.306204340525289886e-01,4.562821776070944968e-01,5.900255764111130841e-01,6.038148048756515340e-01,7.479414041728551510e-01,7.234811717139062459e-01,9.936116098575238365e-01,7.707858876720266039e-01,4.986647061718578744e-01,7.273987220162021483e-01,5.399508116825126880e-01,9.501436512265535317e-01,4.116548239460746106e-01,3.291009969489416265e-01,5.640053839336227615e-01,5.783678332610149297e-01,4.953870526056839418e-01,8.590884720451437140e-01,9.655635005109844959e-01,8.912888273640606762e-01,4.965888197728400288e-01,3.442836410757044163e-02,3.086344504462719129e-01,9.870821645087045626e-01,7.435492825858605048e-01,-1.538069688031902804e-01,5.209886587734523511e-01,5.559138835758371533e-01,8.661993336894382445e-01,7.992265576880346334e-01,2.844737748391891197e-01,8.764171888839195068e-01,9.749188169183240493e-01,7.933855524171000706e-01,6.259564265197483657e-01,4.079308457553253442e-01,7.700878327413313018e-01,5.564670362427660555e-01,9.912562374970773638e-01,5.764446524533544114e-01,8.168966224496052586e-01,4.879667115987492143e-01,7.019699809144457070e-02,7.849408667857559196e-01,8.648992073370843636e-01,5.135699483421183320e-01,7.279687177425462341e-01,9.406337316197106446e-01,8.315932374741146216e-01,2.672191629970089854e-01,6.570113782632658328e-01,8.694972531062472587e-01,5.008710172618772161e-01,7.459383736737557058e-01,4.817964592024823189e-01,8.314727459601681803e-01,5.481843807457673634e-01,7.073914752754573154e-01,6.586613365209089688e-01,2.461587113015722417e-01,9.425269822852775370e-01,8.459981744989431007e-01,6.154252617932922664e-01,6.370618647879819907e-01,4.222109135014338183e-02,5.392235760782774223e-01,8.753448980226999909e-01,6.564505452299237431e-01,4.172646275929752790e-01,4.510172763364400095e-01,4.064038865213321361e-01
4.485674623334036104e-01,0.000000000000000000e+00,8.470041552169516041e-01,5.079815178351669847e-01,4.432525550839522266e-01,7.338085949841688382e-01,5.043045623066281236e-01,9.783343584924010169e-03,7.130533151466298403e-01,8.434756400130859477e-01,7.498677292624823520e-01,7.340302607686233216e-01,4.513143825002969844e-01,6.290171295126791851e-01,4.455654035117452838e-01,4.242239986726881740e-01,7.729822397814973822e-01,4.050322134664259277e-01,3.544950270831133121e-01,5.121308139849495289e-01,9.207955482434868610e-01,8.541948922041230075e-02,4.464110802480067419e-01,7.180951017734843456e-01,6.333109949015347517e-01,5.386900267299369327e-01,9.287518810113046808e-01,7.366603479383470043e-01,3.441443773115675508e-01,2.535852970691868102e-01,3.749765182780887551e-01,-6.870562347286168770e-03,7.609191011150454598e-01,7.244614461355007862e-01,9.972448327779658284e-01,1.204971109327527129e-01,1.437890663277645309e-01,2.410872232170723495e-01,8.046180923590181555e-01,6.811022963043885659e-01,1.423619174370666929e-01,8.372941260794629637e-01,7.159544667804009777e-01,4.788782214335462473e-01,6.898112171932679892e-01,5.589148731861598440e-01,5.786854043017770621e-01,8.626647833051083181e-01,7.696914853930293399e-01,2.651782012865797067e-01,5.581702379669870595e-01,7.774197322441074309e-01,9.563744665078758311e-01,6.731266181972196394e-01,9.789233992496624293e-01,7.944164163072773288e-01,1.001720342402017128e-01,9.527876365271384929e-01,5.704650272507922892e-01,5.628791085600691746e-01,6.841439573402908758e-01,7.536757940994083249e-01,5.162105829923632205e-01,6.618238472440468589e-01,9.734729051982622394e-01,3.807324415167412379e-01,9.134316200434385857e-01,7.200557491387238329e-01,3.810250893879377210e-01,3.224973001999088540e-01,3.898477400965378870e-01,6.007925815526461433e-01,4.616093096252085193e-01,6.815123411829185907e-01,4.938934352609949396e-01,1.555521657457008614e-02,8.302898412919623716e-01,3.719148818235384901e-01,3.342235907478691148e-01,2.912504977507844872e-01,8.236820028758840007e-01,7.264196054137362912e-01,3.316493993060093404e-01,4.218189258136335607e-01,1.935413798827632925e-01
9.916039990987508546e-01,8.470041552169516041e-01,0.000000000000000000e+00,6.277014042475760336e-01,6.210361738200487203e-01,4.919731320028288279e-01,7.648280820786281797e-01,7.986709137084984089e-01,2.405212631989623595e-01,6.706562657567819441e-01,7.488680221741537135e-01,9.169230738160074612e-01,7.144345000619670705e-01,7.921859918549392088e-01,7.366766400743558485e-01,6.054761886755168909e-01,7.380885314337559677e-01,8.745424752569166404e-01,9.665972805250139244e-01,4.448588011837599776e-01,6.919497464837848222e-01,6.535208659246364293e-01,9.264325016004157920e-01,5.756591648126075933e-01,9.961401045939158871e-01,8.795840721148187047e-01,8.546098799247716649e-01,5.522353619824461601e-01,6.007273518978292204e-01,4.616702089678328402e-01,5.287413189956117199e-01,4.428616475488363902e-01,5.257032051202045198e-01,6.160978093854493354e-01,5.430274175351308408e-01,3.184121968495681188e-01,-3.710468238195999136e-01,8.627965246150679501e-01,2.714101755578133268e-01,9.493940609347004678e-01,5.092910752190547008e-01,8.749515683203916705e-01,7.976016519920030579e-01,7.689728584031816361e-01,7.172966622423416760e-01,8.370245603506222265e-01,8.156352297402997831e-01,7.799735354174407442e-01,8.658229814830784576e-01,8.468009433276826314e-01,6.327075816052563084e-01,8.515447331557968180e-01,6.319822966053417757e-01,7.840706864453025338e-01,6.404039348902074158e-01,8.732668115801991426e-01,7.224715495446251134e-01,6.093449141283761028e-01,2.757208858883356539e-01,1.892251844659988413e-01,5.295391085725082991e-01,8.068446451060213853e-01,4.669966682732508700e-01,8.987149637511192557e-01,9.745117214888181500e-01,8.025317996447186575e-01,9.378766912970157854e-01,7.139175497155639816e-01,8.952521080251079066e-01,4.993856494978636262e-01,3.034722779884108101e-01,4.595368921030236198e-01,7.458910063548499503e-01,1.691502337244448484e-01,8.030625860822060424e-01,7.844060417390255058e-01,4.895309608089200015e-01,5.411383904836351011e-01,2.000307419750277926e-01,6.382617215492381035e-02,7.151127571272467565e-01,9.929205563832554926e-01,6.879702386633302913e-01,7.772776090407862437e-01,8.367629004768868395e-01
4.781010173544738562e-01,5.079815178351669847e-01,6.277014042475760336e-01,0.000000000000000000e+00,4.988094857410468874e-01,9.148583378772159325e-01,6.849235266184768856e-01,1.771205679205128947e-01,4.526623475679081854e-01,9.697617340923846418e-01,7.776410202895085444e-01,9.619470170509603069e-01,6.510606290867145818e-01,7.469335145457474123e-01,6.922177208666221437e-01,6.528810723064617516e-01,5.569615354884903669e-01,2.254702651395410484e-01,6.078367740820851406e-01,5.324752465519430045e-01,5.748915750915351008e-01,6.486340345026953003e-01,8.520151677755021247e-01,5.896326445521046233e-01,3.746825031473368650e-01,4.591105887810592590e-01,6.356182281480688978e-01,6.876387256539266968e-01,4.532808384864173701e-01,5.220272458051579134e-01,2.685865567824335942e-01,7.549991083608388331e-01,4.972102124171319804e-01,9.595902221606517069e-01,9.739567120656807964e-01,3.961921464011203264e-01,3.333328705750453896e-02,2.708233872613701743e-01,6.786783888012022370e-01,4.394226405680701775e-01,5.514456798987603658e-01,7.683454293228195731e-01,5.463029221068395058e-01,9.496168151851994699e-01,8.675863596762791730e-01,7.931062577375049827e-01,6.987401188696180654e-01,6.757501188704845285e-01,7.238658974210978592e-01,7.498934978214241154e-01,6.668036685088202242e-01,8.183156190636003968e-01,8.939269867115603452e-01,6.550467902333845238e-01,6.990004726197713847e-01,4.580561051812240825e-01,9.796515612894223235e-01,7.978414030953210334e-01,6.586786156386640334e-01,4.238130882596226612e-01,6.142228255017698757e-01,6.686426506218151600e-01,6.503076448563328560e-01,5.724565876575451462e-01,8.599437271173284714e-01,7.305987785225596109e-01,2.144637578192278293e-01,7.856091379101510785e-01,5.265850479717180121e-01,5.430407587313302864e-01,5.449533405481662429e-01,6.532072395223464945e-01,-3.971661327324751967e-02,4.822482932247112303e-02,4.428812977109193305e-01,6.557982967675942687e-01,5.085383424387658335e-01,6.497672616368411758e-01,1.885979238182440565e-01,1.059821767625864636e-01,7.255992787853741133e-01,3.963626087366215467e-01,8.911727385993454265e-01,-1.811152524345088499e-01,2.031164978322305970e-01
7.772605169765214317e-01,4.432525550839522266e-01,6.210361738200487203e-01,4.988094857410468874e-01,0.000000000000000000e+00,7.798276830577809404e-01,6.134730292025498688e-01,7.687445473017138209e-01,8.654188761697242382e-01,6.070211249084318528e-01,6.620322282510582301e-01,6.169199040019472946e-01,-1.036016830107155950e-01,6.799887176617966933e-01,7.957324410768039646e-01,2.636340628277368259e-01,7.663578855962281944e-01,3.470443076997641318e-01,5.476883446052804860e-01,4.476683925937626762e-01,7.770363107813390569e-01,7.021133963960536351e-01,7.697103209137283741e-01,3.320043472465669110e-01,2.916151035884146370e-01,9.136990043192646516e-01,4.313699907345139861e-01,7.013308066011935127e-01,4.278665715006109149e-01,2.011587786678037948e-01,6.979791517784258437e-01,8.889816249635191792e-01,5.440796331690436194e-01,6.330671403993406443e-01,5.774251512723763691e-01,6.686276468985246080e-01,4.932986051918079040e-01,7.664345846142464058e-01,4.321230986513449612e-01,9.137102574146537259e-01,6.918448476907653744e-01,7.569702217746506756e-01,7.733394200003648189e-01,3.399382789120665160e-01,9.786951415234516061e-01,8.737048995879699298e-01,9.385571790797564429e-01,7.842346386888016108e-01,3.640537375764423267e-01,4.137472711054025476e-01,2.780792104720694602e-01,6.928126611065903440e-01,1.160279702333744667e-01,9.641799166422763134e-01,5.046223261585867093e-01,7.962407718233296405e-01,6.254854022579030559e-01,5.413069338109237627e-01,9.579912001876657035e-01,2.584004575084946076e-01,4.717175389031888488e-01,5.408039253028108506e-01,6.680949207681003976e-01,9.949325168807051645e-01,8.485707302694928122e-01,1.227746947945874967e-01,5.137450029306090959e-01,6.552026306806141287e-01,5.908150091844379670e-01,4.469068277461651362e-01,3.002372508955220010e-01,6.058583835041879695e-01,7.855444852315380810e-01,3.508248248589997814e-02,4.075057940961562819e-01,7.791868981912029035e-01,3.135180218693162657e-01,4.007764619333845646e-01,1.649919854725923340e-01,3.332210565764481824e-01,1.939712198473269311e-01,8.120442868055254282e-01,2.246875797518171347e-01,4.751919588699605179e-01,6.209200788421909145e-03
8.240766374224367530e-01,7.338085949841688382e-01,4.919731320028288279e-01,9.148583378772159325e-01,7.798276830577809404e-01,0.000000000000000000e+00,5.325684180191117001e-01,6.391927025951092967e-01,5.536944982696330175e-01,2.912096118300783743e-01,2.998326728507824668e-01,7.013436468977636284e-01,8.241114510080469469e-01,6.403294033183342115e-01,9.678001649697746123e-01,5.917862207532853525e-01,6.754329776908236660e-01,5.636047073571035515e-01,7.212102475427352166e-01,9.856612662222596910e-01,9.686945025647056839e-01,7.763923474216669618e-01,6.243018821192389822e-01,6.660557274264776728e-01,2.581442511488810099e-01,7.832765664222774982e-01,8.256890813937783902e-01,5.086882679630255755e-01,3.478532346021573352e-01,4.581984675950237507e-01,8.424166638698767084e-02,6.338554353790045726e-01,-1.653928848104963545e-01,5.373285012391205706e-01,7.598736424721250771e-01,-8.888395600912592232e-02,5.859383344893605017e-01,1.758385245812904563e-01,5.245022488263876292e-01,5.374029603926790966e-01,6.757340348247619088e-01,4.179901980865458055e-01,9.997894051725508824e-01,4.818781303554131035e-01,8.089401993492029153e-01,1.390017137986536422e-01,4.842427149902953643e-01,6.972823446027129890e-01,4.743312110161977957e-01,4.758751844386975294e-01,6.582141671943746442e-01,5.532812791083835391e-01,2.607739603103630399e-01,6.622224973050541141e-01,9.173628600558924040e-01,6.937096147908969890e-01,2.091018808409278451e-01,7.960105219095052753e-01,3.032944792693119673e-01,6.102761289281966040e-01,7.377700598633525342e-01,6.834664903782515788e-01,8.952836495598516242e-01,5.389028611919196576e-01,6.789303509151363158e-01,2.285515189563727123e-01,6.833604305638444343e-01,4.819353373586445777e-01,-8.518609890250732064e-02,7.485481596209933031e-01,4.340090641938215144e-01,6.060693004622755842e-01,3.747177546960719363e-01,5.064656610383622137e-01,6.311160885895539252e-02,7.992434954771698852e-01,5.406297669666332295e-01,5.402608984595402841e-01,4.703860945849926423e-01,5.013285141072649775e-01,3.176434851208244647e-01,7.236502163998835835e-01,9.501870261291922581e-01,6.082681026962171167e-01,6.725041460240408497e-01
8.798086250125831675e-01,5.043045623066281236e-01,7.648280820786281797e-01,6.849235266184768856e-01,6.134730292025498688e-01,5.325684180191117001e-01,0.000000000000000000e+00,7.330530507450191413e-01,5.098912643409643231e-01,3.478308153402115410e-01,7.737816395518197776e-01,3.128795197486151092e-01,7.347556721087775689e-01,5.015985532869907670e-01,5.067450727094066076e-01,5.670434580604752917e-01,3.708972665571100835e-01,6.629631646097056130e-01,4.599281575783467080e-01,4.605860662910575276e-01,9.478329295014742417e-01,2.198619843963853238e-01,7.422201151155045640e-01,9.848597656793534050e-01,5.449933635895913842e-01,5.592478414426947930e-01,4.796069628156682807e-01,2.700291830411485905e-01,3.267310193955824671e-01,5.562222391845050851e-01,-2.977149349717939097e-02,3.873489949714563618e-01,6.871478497884530023e-01,7.496298407034156508e-01,4.869204023490333322e-01,4.165632949560955645e-01,2.941197235629559037e-01,4.717158795970267104e-01,4.005955686013156769e-01,1.380326716373632238e-02,4.018582322486971004e-01,2.700181286328603991e-01,7.073742993562416315e-01,3.067829161617153244e-01,3.002937018087082910e-01,7.161947639605383831e-01,4.512416762063921061e-01,3.957948100550036652e-01,4.265107541588222806e-01,5.810022653038737772e-01,5.962758699796362194e-01,2.514497723073827462e-01,7.380928413149595579e-01,3.844401200023356280e-01,2.048863690572633733e-01,3.947715609861315311e-01,6.800974000418483767e-01,4.634388785613702821e-01,6.485502446516386854e-01,7.777395182978708021e-01,5.589429260125944321e-01,7.129736723012086719e-01,7.741386345077625464e-01,4.323370160165314058e-01,-5.266918708368095725e-02,4.833506613939823060e-01,5.990280203514646296e-01,4.048509233801323437e-01,4.434967157828138551e-01,3.787990436434915953e-01,3.193226505663715464e-01,5.753281165775760986e-01,1.326525238158213910e-02,1.172578863554784023e-01,7.378941650667651952e-01,5.501679210271888110e-01,7.031870795726841150e-01,4.466965830528015213e-01,8.293781672408930827e-01,-3.777954126407559454e-02,5.278883572437944594e-01,6.783915889185160308e-01,7.101274452682391214e-01,3.251807638127478528e-01,4.268511444553399481e-01
4.910355081121731136e-01,9.783343584924010169e-03,7.986709137084984089e-01,1.771205679205128947e-01,7.687445473017138209e-01,6.391927025951092967e-01,7.330530507450191413e-01,0.000000000000000000e+00,9.664363255387636853e-01,7.984182648225977008e-01,5.724354701815956847e-01,3.324171131093024423e-01,6.962305689061161207e-01,4.632081443121102704e-01,7.780954253314424918e-01,6.028270722048975072e-01,5.730685155797154984e-01,4.015088898693879305e-01,4.258629986130362255e-01,6.280962031024054371e-01,6.579391364285764876e-01,7.513376249952237185e-01,4.080589358145487178e-01,9.797801544087483272e-01,5.370090207996218723e-01,7.636055132231014397e-01,4.314274590808140908e-01,4.258233275189279299e-01,5.293371878563863930e-01,4.294330908989227868e-01,5.477907395241933264e-01,5.172634412305254781e-01,2.250062370791263977e-01,6.488527831517363342e-01,6.858285252456468584e-01,6.649409069178535692e-02,4.011930935840249401e-01,5.381286286101093497e-01,7.692582447401952184e-01,6.926821316081890334e-01,4.482027467894368344e-01,4.625231306199976133e-01,6.170419094470332988e-01,3.713038169689876211e-01,9.033535664584666502e-01,6.901908018808780021e-01,4.786695129575797569e-01,4.186388068452414069e-01,9.135248818212978739e-01,3.979715380870709751e-01,4.465413316725169168e-01,5.308473218027383034e-01,7.288382099210608533e-01,3.502697961462425402e-01,9.306514320180485633e-01,9.548253405239267577e-01,5.025927253528232885e-01,5.097712891194574603e-01,5.009154963171243979e-01,9.719228424971244895e-02,3.411817554673653996e-01,5.572358202039097153e-01,5.584829301106395416e-01,7.192267563549989973e-01,9.228275047050633617e-01,7.926368469684924589e-01,7.745015358368835257e-01,8.515322740707758076e-01,4.656326738053610526e-01,3.332563400834768208e-01,6.822120697635375430e-01,5.695732385738599968e-01,5.456933526782592470e-01,2.463407053502596478e-01,3.245559897202116018e-01,2.404871578053586201e-01,4.181759690110920524e-01,4.553580059290247561e-01,4.304035120996381192e-01,3.010348510086002793e-01,5.979598983479516017e-01,6.532837158642660347e-01,3.755545527413743923e-01,4.191086558731588196e-01,7.052393707265401934e-01
9.896352353252366729e-01,7.130533151466298403e-01,2.405212631989623595e-01,4.526623475679081854e-01,8.654188761697242382e-01,5.536944982696330175e-01,5.098912643409643231e-01,9.664363255387636853e-01,0.000000000000000000e+00,4.665453937018714803e-01,6.070111428522672048e-01,5.784253785397375225e-01,8.366293162975424469e-01,2.822781607235720358e-01,8.593924071926866137e-01,1.077263136734229604e-01,7.081894541374748053e-01,4.528584216208259572e-01,5.479853824636919946e-01,8.544075103566226570e-01,8.025239771247222320e-01,7.477229863873045002e-01,5.845166683321347811e-01,8.058126949514919923e-01,3.511254369372361905e-01,-3.256553072459991705e-01,8.292446616567987761e-01,5.006202078018333612e-01,4.242727172686315829e-01,-1.644454450900166842e-01,3.553237918551194197e-01,5.511895013820384825e-01,5.125318125666400437e-01,5.267315424042708916e-01,7.087776885609389232e-01,5.884127665826199838e-01,2.105340838438415074e-01,4.379172473805470478e-01,5.816649076197832891e-01,4.139413583912553429e-01,4.414488706456096145e-01,7.507116200470026479e-01,9.870565650107705480e-01,5.347899145056811410e-01,9.318795126143230023e-01,5.455208822047303840e-01,6.321367601611557197e-01,8.406724026713428000e-01,5.498981427853676385e-01,1.728234237782155236e-01,5.830781390283277243e-01,2.574299836273672981e-01,7.006933166108118005e-01,7.698443385295369312e-01,-3.652747285763064955e-01,6.115205020067867592e-01,7.789839066881498741e-01,6.608154732091632289e-01,6.961509843922295548e-01,6.770539408731468534e-01,3.954430892299358180e-01,7.249805534377840033e-01,7.627530582136051729e-01,8.134332482858156466e-01,8.176670145900050146e-01,7.050284648055974435e-01,5.667480375754673227e-01,7.713072505745133256e-01,3.597441510227129546e-01,9.332250133669558467e-01,9.849073856454884091e-01,5.366980477472581557e-01,1.372991236947470051e-01,1.594973441189919683e-01,4.258574556284717705e-01,6.667145213349812138e-01,6.998501546600393031e-01,4.002684729637256966e-01,2.128825068471986159e-01,1.407189471887776711e-01,4.519183703283785603e-01,6.955858808378612146e-01,4.503559356988047213e-01,6.949319210801775393e-01,7.541870299987919468e-01
4.574385434460288002e-01,8.434756400130859477e-01,6.706562657567819441e-01,9.697617340923846418e-01,6.070211249084318528e-01,2.912096118300783743e-01,3.478308153402115410e-01,7.984182648225977008e-01,4.665453937018714803e-01,0.000000000000000000e+00,5.886701814682535616e-01,6.419285513266711485e-01,6.044078266135887167e-01,9.459889680585225058e-01,6.019420990986926734e-01,6.742405126702153417e-01,8.763082346204609241e-01,7.546978446337713198e-01,6.087222407188046525e-01,9.092646267738679899e-01,7.082869301424496999e-01,7.234309949010997443e-01,7.267837576737133931e-01,9.194437425677602915e-01,2.055429197090998528e-01,7.822841767134256497e-01,5.328462174063923751e-01,6.188918698368350846e-01,4.425639641525800916e-01,4.157541084377309737e-01,9.352619462425715291e-03,8.964250341615489504e-01,8.731126631267078775e-01,5.238237914249760374e-01,7.488249532334272374e-01,2.156658713318511666e-01,2.656903695122103115e-01,4.718688943799734803e-01,9.130914189370288314e-01,6.158991533866500223e-01,3.928314610422976583e-01,9.000507464821612125e-01,8.317399621483386740e-01,8.706269494969651745e-01,5.739153526253004678e-01,5.146228891069953848e-01,9.626707217890131396e-01,8.351127739846685438e-01,2.680867955777572198e-01,5.476889882134968746e-01,7.516706449873397089e-01,3.901017913563742945e-01,1.127230116905397622e-01,7.282803723210118374e-01,8.506070961653890983e-01,7.167979023910180381e-01,3.352594464683812947e-01,5.226382982179005321e-01,9.217515919901236865e-01,4.019618255768851039e-02,4.072071546133751996e-01,2.379792478535716349e-01,5.587140902085038219e-01,8.880396349613113305e-01,6.939745715733891540e-01,4.627843036584522451e-02,5.674229426167685109e-01,9.016178356700161878e-01,5.355522730676286480e-01,4.159382047287992767e-01,7.155074664040036447e-01,4.003570037797732906e-01,2.319339458478667793e-01,2.138067235507627450e-01,4.396085771821759969e-01,5.615958878191623649e-01,7.553857522991831441e-01,6.115436219782954819e-01,5.817476003913049087e-01,7.578068100461223811e-01,3.788811809357222060e-01,5.048573009440524562e-01,7.039984822563968292e-01,4.177851777519192011e-01,-3.087876134360734159e-02
2.430969354456893605e-01,7.498677292624823520e-01,7.488680221741537135e-01,7.776410202895085444e-01,6.620322282510582301e-01,2.998326728507824668e-01,7.737816395518197776e-01,5.724354701815956847e-01,6.070111428522672048e-01,5.886701814682535616e-01,0.000000000000000000e+00,6.765057588935331490e-01,4.599583130105328044e-01,7.274928253915720067e-01,4.093832828627773091e-01,2.976286258820715624e-01,6.947281272473960767e-01,7.294642296960761607e-01,5.105775784609712931e-01,7.016878768353974616e-01,7.528179048114063132e-01,6.767194208519526910e-01,9.459407438928246759e-01,4.887147736006062781e-01,3.874966114718650934e-01,7.147960274105842338e-01,5.244375832364259749e-01,6.774605979843761894e-01,5.059191679275033549e-01,5.295093122989836809e-01,2.156661879124332493e-01,2.741730073168275328e-01,8.875665199094450175e-01,4.340464039815266628e-01,2.636445379902419006e-02,5.264466194132972898e-01,7.932455322614302418e-01,4.174548678911222943e-01,6.364237303895898812e-01,9.060407548720658122e-01,4.164913960772853030e-01,2.160809149988509315e-01,7.149730151585300675e-01,2.571553569124641614e-01,9.334852483822770886e-01,5.449820104433149570e-01,9.347973007653922473e-01,2.833805721121005622e-02,2.527269426217307324e-01,4.341159959287670400e-01,2.779406982665514891e-01,7.847224990044188164e-01,7.423613359976044546e-01,4.084101662612723560e-01,5.695799630905502564e-01,8.978919997891194882e-01,5.416808745171117767e-01,3.000852843595310793e-01,5.092359280139474587e-01,4.539953400999308664e-01,4.390377880636848751e-01,7.288061178193836476e-01,7.369328393717711201e-01,5.592480578365409682e-01,5.200411798638068239e-01,8.811118309659446979e-01,1.587400705988462890e-01,9.963405122552164705e-01,6.420688205922068237e-01,9.380565507927887126e-01,6.637096514728579866e-01,6.315021804176830234e-01,5.102060255584178750e-01,6.151429631826147437e-01,1.700456011965533198e-01,7.491055997575470915e-01,5.207407276260197504e-01,5.822078251168151253e-01,6.108654696457461730e-01,4.590077559761748249e-01,7.094951177399174691e-01,5.220185567175104069e-01,4.129217121302192761e-01,6.144670008359622848e-01,5.971341509828327343e-01
8.051747151040845596e-01,7.340302607686233216e-01,9.169230738160074612e-01,9.619470170509603069e-01,6.169199040019472946e-01,7.013436468977636284e-01,3.128795197486151092e-01,3.324171131093024423e-01,5.784253785397375225e-01,6.419285513266711485e-01,6.765057588935331490e-01,0.000000000000000000e+00,4.708914934365120986e-01,5.014438603377430193e-01,8.427438627639578517e-01,2.708073038229775187e-01,9.104774520279552696e-01,9.790722785308278997e-01,6.629349640747902450e-01,6.320410269278564641e-01,7.232769909557534849e-01,6.978640506027712354e-01,5.674113722442432062e-01,9.983532875305375365e-01,4.859670333902358919e-01,7.662168300969370849e-01,9.805399904314546777e-01,9.901509074780421304e-01,4.545503806206744324e-01,8.860391409815922270e-02,4.439911545930239622e-01,5.003385998604078511e-01,5.105523662729880563e-01,3.273995410405630135e-01,4.548119755780895002e-01,7.841027881590865167e-01,5.364374652390074827e-01,6.004232642119161634e-01,9.498921989442609126e-01,8.828551688823595978e-01,5.864978717412770992e-01,7.151404092387474432e-01,6.232422430672790448e-01,4.982804763833214579e-01,6.124984000558943986e-01,8.529258308767515562e-01,4.321502133897868747e-01,4.091205437705881520e-01,3.962629890060258564e-01,6.368287914624013446e-01,5.880195784347264087e-01,6.216437819219555738e-01,5.059930482825815146e-01,3.033265337747808599e-01,2.327943238071495391e-01,8.892345927802940420e-01,4.552135852878121391e-01,8.715939347135595039e-01,8.140818374088580889e-01,2.956310744497969156e-01,5.779535733253486907e-01,5.374060841148435852e-01,7.136815799774308688e-01,7.677598467649220382e-01,3.257293039075109808e-01,3.359089028475640282e-01,7.419021193024062377e-01,7.704102428389618673e-01,4.443806312243255285e-01,5.344964677701060651e-01,9.668691403407763119e-01,6.133906265934628843e-01,5.207008019734691295e-01,2.459072798761951784e-01,7.922589513590929666e-01,5.510680278390809317e-01,9.349938952299143846e-01,3.294731808190752842e-01,4.967933310354848420e-01,4.651441771962902538e-01,6.501875414290794186e-01,7.395433478576500796e-01,6.957337333774634702e-01,5.362589398013368758e-01,6.508277040459242713e-01
8.383356092732034970e-01,4.513143825002969844e-01,7.144345000619670705e-01,6.510606290867145818e-01,-1.036016830107155950e-01,8.241114510080469469e-01,7.347556721087775689e-01,6.962305689061161207e-01,8.366293162975424469e-01,6.044078266135887167e-01,4.599583130105328044e-01,4.708914934365120986e-01,0.000000000000000000e+00,7.459949760386875850e-01,5.748152071114716044e-01,7.584053027781642031e-01,9.100446476620737135e-01,4.688149136523542815e-01,6.689438843035622195e-01,9.043625137636154276e-01,8.531586811543288018e-01,6.858160165533749852e-01,2.532845803978979737e-01,6.913584075314506139e-01,-3.224484730123400311e-02,6.455175322437622931e-01,7.391764624815864160e-01,8.054622486223779187e-01,2.653022005817095574e-01,3.710700696280191391e-01,3.092573540896757511e-01,1.890102488227178301e-01,7.356690244322589001e-01,8.787782165001608581e-01,1.377462486307697020e-01,2.985404216694241830e-01,2.241308644111735249e-01,8.256139783770914953e-01,8.959278702131685534e-01,6.319239959919524807e-01,3.909792062073866870e-01,9.093120707407698067e-01,8.542968441555145453e-01,6.670999904418756232e-01,7.779874062042334559e-01,6.696298203222291745e-01,6.348690547804222151e-01,9.395952302955155044e-01,4.644419193816596847e-01,9.812983071745957631e-01,7.837856134467580116e-01,1.233953543569361599e-01,6.836747915480025917e-01,6.623323291858497219e-01,5.054419258721177810e-01,7.838804911708101564e-01,6.413035891990529480e-01,5.480492088274058204e-01,6.526895837708919235e-01,3.830130461188281377e-01,7.486226176163782720e-01,5.801114706132558529e-01,6.612524984325471866e-01,1.329530541456360737e-01,9.919015305930488635e-01,6.172213911136860132e-01,2.475437402333643955e-01,4.106431574203504020e-01,3.347157580950049782e-01,9.283178633483065711e-01,5.143355629778598725e-01,6.852258179296819574e-01,-6.331169390797400376e-02,4.515009238804652547e-01,8.843346762484500800e-01,7.077419344366929765e-01,9.588034401176827037e-01,9.898336934061944259e-01,5.891518948099151443e-01,3.192271957342445177e-01,5.010292272538821035e-01,7.642016517848370105e-01,7.263287662411928025e-01,5.739215408674867014e-01,2.544907500391686006e-01
5.778202802285443695e-01,6.290171295126791851e-01,7.921859918549392088e-01,7.469335145457474123e-01,6.799887176617966933e-01,6.403294033183342115e-01,5.015985532869907670e-01,4.632081443121102704e-01,2.822781607235720358e-01,9.459889680585225058e-01,7.274928253915720067e-01,5.014438603377430193e-01,7.459949760386875850e-01,0.000000000000000000e+00,7.364970718571121067e-01,9.286209998963590451e-01,9.573429682910273852e-01,6.149796268211566996e-01,8.851863325781023084e-01,8.107737426609681330e-01,8.709353950027572955e-01,6.648441812235905690e-01,4.290572696474438952e-01,6.726320871509178234e-01,3.495704871462717578e-01,9.497276139049571908e-01,8.617241074528696476e-01,8.965232162606340260e-01,7.770296910308164273e-01,3.289518706851851659e-01,1.571800622280583315e-01,6.423547247477819910e-01,6.504726801895672761e-01,6.492602956272937043e-01,6.272868814240731838e-01,3.504224834638105524e-01,4.619992348264392867e-01,4.417624074710785886e-01,7.865877747460665592e-01,4.486198167548471338e-01,7.267162843778720571e-01,1.760137860864243176e-01,5.241914239064704439e-01,7.261290074832366104e-01,7.285812026812740205e-01,9.243553749995245816e-01,7.677557281033088321e-01,9.851161906099696886e-01,8.266839906041300035e-01,3.073963951018560681e-01,5.437320315688619621e-01,2.235376357334319941e-01,4.685685426988346891e-01,3.680251006344483766e-01,6.729373660759363496e-01,7.322039165372929981e-01,6.943611849068695996e-01,8.414226478164711365e-01,7.554850742194351154e-01,4.168817223217238799e-01,3.999350151337838222e-01,6.982993653082730789e-01,4.997390564575873162e-01,7.507550322114903141e-01,9.243297945003353666e-01,9.373665286568070298e-01,4.728486819162359689e-01,9.935861086319676128e-01,1.454206553003088431e-01,6.053535476698064244e-01,8.527462753346986002e-01,9.292925395363268448e-01,1.112030513861370085e-01,1.888091476928455414e-01,6.825198715281147743e-01,9.488360953798639086e-01,5.103507275950320832e-01,4.521128976434238833e-01,5.174357623455371202e-01,3.514509103722481820e-01,4.178046957541641793e-01,9.709852335850572835e-01,6.269759047078523606e-01,2.587321349966575923e-01,9.894681247863730267e-01
6.306204340525289886e-01,4.455654035117452838e-01,7.366766400743558485e-01,6.922177208666221437e-01,7.957324410768039646e-01,9.678001649697746123e-01,5.067450727094066076e-01,7.780954253314424918e-01,8.593924071926866137e-01,6.019420990986926734e-01,4.093832828627773091e-01,8.427438627639578517e-01,5.748152071114716044e-01,7.364970718571121067e-01,0.000000000000000000e+00,6.316119434229893193e-01,7.689906953940106593e-01,1.328225294627893571e-01,7.195087690941676106e-01,4.845591619017459717e-01,1.288901616502002023e-01,8.220327628713665069e-01,4.315493329675936240e-01,6.037202735964316558e-01,7.155371448418854641e-01,6.825087668710051458e-01,9.439578771981126382e-01,6.191868820160079112e-01,3.785757003072310889e-01,2.936146938272366502e-01,5.384481609694903304e-01,2.308142544625669534e-01,2.293852294667218517e-01,9.093071955271403439e-01,7.076767270724900749e-01,1.202298447778266111e-01,5.845793448355403044e-01,5.144732151532059872e-01,4.227553833339781075e-01,8.488472559211709401e-01,2.011438332418216124e-01,6.037703826254174899e-01,6.942721889747300867e-01,6.007441289645659710e-01,5.703656310308131694e-01,5.094339134602563490e-01,5.900743601530116234e-01,5.927186861070155022e-01,8.509152501888586073e-01,9.341517317214889093e-01,4.419061226002879428e-01,9.857794703239018963e-01,6.727909316384101945e-01,4.892753695177091133e-01,3.268528061599532686e-01,8.096554264018472891e-01,2.843142402325821716e-01,6.200583165895151572e-01,8.060363972967958812e-01,2.343536225314215016e-01,4.427167451912678575e-01,7.326223480722706682e-01,3.642409422416779119e-01,7.005840376571071948e-01,8.321670098779793134e-01,7.776406174190592102e-01,2.041027894439672308e-01,8.968721627000572072e-01,5.935011149495330596e-01,9.418254287457289431e-01,8.586645063246758358e-01,7.817658533402853660e-01,3.658943563229370977e-01,2.716437031287730619e-01,4.697904921703478509e-01,4.199922201303399327e-01,3.051302863699055234e-01,3.173762955715909162e-01,4.208362681100678016e-01,-3.381868799088136313e-01,2.853403769835994308e-01,6.702956122099913427e-01,2.220679257370345439e-01,2.216406283458748905e-01,5.193299506810209465e-01
4.562821776070944968e-01,4.242239986726881740e-01,6.054761886755168909e-01,6.528810723064617516e-01,2.636340628277368259e-01,5.917862207532853525e-01,5.670434580604752917e-01,6.028270722048975072e-01,1.077263136734229604e-01,6.742405126702153417e-01,2.976286258820715624e-01,2.708073038229775187e-01,7.584053027781642031e-01,9.286209998963590451e-01,6.316119434229893193e-01,0.000000000000000000e+00,7.775276061056597410e-01,1.750999990978480136e-01,8.899423308174618796e-01,2.333370645292982271e-01,9.389558091672778328e-01,7.278271388869743674e-01,-1.107903742645003770e-01,9.257579756437483987e-01,5.044308187973484126e-01,4.362862337836924675e-01,7.294931098465176067e-01,4.244952766046537485e-01,5.289747169449781072e-01,4.694341538102871914e-01,2.421667849939014849e-01,7.009988090165294450e-01,8.518934772047872528e-01,5.635734006612893587e-01,3.948460572092507004e-01,6.481700599359698778e-01,3.395451208824351585e-01,5.834663825033405971e-01,6.750800158776795179e-01,9.610262701055050094e-01,5.331999255229209478e-01,6.745585916462633058e-01,4.198689638092504839e-01,3.421815044056707444e-01,6.960927707633940420e-01,7.752085882228076930e-01,2.432035318431103599e-01,5.064420477242376206e-01,7.963572140744441530e-01,5.292565732460107197e-01,7.507545186381607838e-01,2.585073137686222378e-01,2.979482985778476034e-01,6.794334906981417399e-01,5.368008806137835043e-01,3.050838140048430791e-01,3.900295533823594507e-02,8.329155069474833972e-01,6.154510384576762361e-01,3.752209116423560475e-01,6.509994383586535927e-01,6.777324932256647561e-01,4.941974080512747114e-01,2.078914831303693145e-01,8.430055161935693375e-01,6.431400669573101858e-01,5.874629546971646965e-01,7.202018420391618214e-01,2.916894030066224386e-01,8.100741519797420853e-01,5.086989374214855308e-01,4.235163391387862797e-01,1.127505703432212930e-01,2.834425468023447081e-01,1.193347277480042018e-01,8.907837440148952401e-01,2.170778920487423103e-01,7.852019346171894565e-01,1.648967439338044627e-01,3.812461405269966241e-01,7.552202364917699473e-01,9.902974075475291516e-01,5.855924437981122610e-01,4.384466711157573027e-01,6.440735315678065565e-01
5.900255764111130841e-01,7.729822397814973822e-01,7.380885314337559677e-01,5.569615354884903669e-01,7.663578855962281944e-01,6.754329776908236660e-01,3.708972665571100835e-01,5.730685155797154984e-01,7.081894541374748053e-01,8.763082346204609241e-01,6.947281272473960767e-01,9.104774520279552696e-01,9.100446476620737135e-01,9.573429682910273852e-01,7.689906953940106593e-01,7.775276061056597410e-01,0.000000000000000000e+00,9.436848156213368810e-01,-3.557527549449635007e-02,8.082261520710467551e-01,7.267550324660326799e-01,7.232675083202051436e-01,4.901484912498738078e-01,3.739640829263499860e-02,6.871186697029271206e-01,6.316442701604929599e-01,8.602362944376509279e-01,6.332367380376924260e-01,5.135617691341332058e-01,7.135520055755648627e-01,7.641059004713119940e-01,7.292504195807495426e-01,9.323578790642179648e-01,4.323469159803289275e-01,9.226625263474802496e-01,4.298287365626000667e-01,3.732143754113689260e-01,5.305020143048491121e-01,8.348224955279663906e-01,9.425881201269272758e-01,2.020110982517157594e-01,4.162748769300387841e-01,8.747332929644087152e-01,9.969157644131662055e-01,9.066622267420189063e-01,8.034331061827411358e-02,6.199500475879536898e-01,7.532133956583587642e-01,5.246319511347905529e-01,2.061715457542285801e-01,4.482503807598877676e-01,9.827161576200160731e-01,1.568401343779763646e-01,2.445585393702853494e-01,9.706449285801380666e-01,4.846420565983441398e-01,6.890266570661039980e-01,7.739785763705476773e-01,6.755955447919619328e-01,5.075980638635387843e-01,2.087313283775281136e-01,4.093939166128089946e-01,8.824430304981619733e-01,6.195808388179252502e-01,6.817668520979193181e-01,8.378253283992872502e-01,4.908326109522778702e-01,9.633861691862700694e-01,5.307308517112683255e-01,2.815875583395870407e-01,6.696986248120614382e-01,4.733464460316081368e-01,2.300483727732421657e-01,7.739502868407744686e-04,5.956101499172647973e-01,8.751890262322830072e-01,7.952246185657291244e-01,9.512869996160551178e-01,2.614968774349408775e-01,2.497205770768745059e-01,3.393721114426925256e-01,9.370123791743152353e-01,4.339597194310587658e-01,3.857627645161169072e-01,3.681630883116948638e-01
6.038148048756515340e-01,4.050322134664259277e-01,8.745424752569166404e-01,2.254702651395410484e-01,3.470443076997641318e-01,5.636047073571035515e-01,6.629631646097056130e-01,4.015088898693879305e-01,4.528584216208259572e-01,7.546978446337713198e-01,7.294642296960761607e-01,9.790722785308278997e-01,4.688149136523542815e-01,6.149796268211566996e-01,1.328225294627893571e-01,1.750999990978480136e-01,9.436848156213368810e-01,0.000000000000000000e+00,7.576129794924076899e-01,8.729173067429053523e-01,5.751333642993241568e-01,7.205330924282434824e-01,7.887697332189939070e-01,8.485953445317357957e-01,6.741248269892857747e-01,7.990100666406001473e-01,7.425956619528603087e-01,8.975182428962098502e-01,2.006534277083730500e-01,7.766031134278529313e-01,1.942283716286735684e-01,7.298995209638960979e-01,4.832849202928153343e-01,6.459546539934098996e-01,4.077108890279749209e-01,6.258472970508650868e-02,4.750478703367131406e-01,9.651899087516042641e-01,3.241642505608882674e-01,4.267324786220410560e-01,4.614569876788133240e-01,8.083262450549340006e-01,8.040670259608652115e-01,7.324638286110992658e-01,6.933555004895685103e-01,6.413148405663671170e-01,7.286883421671856986e-01,-9.141784469708408301e-02,7.595677836816490114e-01,5.231469026092319119e-01,4.772549479439713860e-01,9.327608422048968562e-01,5.154441890040124541e-01,1.424916561704491769e-01,5.141443978901707457e-01,4.354876005589336518e-01,9.707532035287169681e-01,7.692352769034861426e-01,6.145775095350879402e-01,2.592589702697865039e-01,2.875680942990427313e-01,4.578210353377769604e-01,2.491629318488565725e-01,6.857094977384157186e-01,5.628567560524212476e-01,5.751464538573278773e-01,4.271460804757710727e-01,7.053813857553749012e-01,3.948628293858386096e-01,6.688124204176004728e-01,3.853700959829557959e-01,1.076815113867716223e-01,2.478051213939817810e-01,2.435748750346073688e-01,8.554752856544103334e-01,4.572775239887354876e-02,6.291504910760578051e-01,6.551373215121878424e-01,2.121875781805086236e-01,3.429064584929794601e-01,3.883611867393292894e-01,2.475716168851651022e-01,8.484171979744836722e-01,3.406134468516410774e-01,6.840139461887618788e-01
