0.000000000000000000e+00,8.810413412085255080e-01,6.727281437708567680e-01,2.220484238985134251e-01,4.197941938664241368e-01,9.274969530117608274e-01,8.883384367682602978e-01,5.444451609968688210e-02,6.096740873438991626e-01,1.106892198626576763e-02,9.358007484735109127e-01,5.134559699449888770e-01,7.124777841641193321e-01,9.460150233395721031e-01,2.277708112743582203e-01,4.740928084007933752e-01,5.072220561973557196e-01,8.870798181498489310e-01,8.371980564253396206e-01,9.007543650305991356e-01,9.376052354709919490e-01,4.643554147455126735e-01,5.870142212688098660e-01,7.102955847439911263e-01,9.537142688392032941e-01,6.157331411635686980e-01,7.279023740409588106e-01,9.610697797062597303e-01,3.824342831711557977e-01,5.048902432237173388e-01,1.545408041619451001e-01,9.122534136234222713e-01,3.029306128945840060e-01,8.563028981950457919e-01,7.545990286662275226e-01,3.245689398487890120e-02,4.582881158719421810e-01,4.571558874365796998e-01,7.042574658038998070e-01,8.384862495253821990e-01,9.517366040599675170e-01,9.001266549155994001e-01,7.143906508656475696e-01,6.736641210528503398e-01,5.785796489468009174e-01,7.441085524932482542e-01,8.754327267274033542e-01,4.189262343693526680e-01,6.277540943934780682e-01,5.950154515938741451e-01,9.573656480583705441e-01,9.804833710511675626e-01,4.938352355018813533e-01,9.944967171745349166e-01,7.318309663253546038e-01,6.389605861693149480e-01,9.209213282288519764e-01,8.303133297596073659e-01,9.607280317338410258e-01,4.775271556383038629e-02,7.448761956448999300e-01,8.864769114679093009e-01,6.050528976278338744e-01,4.498034896302162688e-01,9.485079968676869422e-01,9.349524391695327452e-01,9.470194445404092054e-01,3.847344871419057233e-01,4.571637155897026461e-01,9.316677859579987064e-01,6.435153920371630143e-01,2.743633270023529969e-01,3.668431944227079633e-01,1.852951143043879423e-01,5.907172280825356836e-01,6.786326094473827952e-01,9.313308438651758392e-01,8.980446277441880287e-01,7.186015535458664116e-01,7.315564926079517472e-01,3.561638776239821613e-01,5.967741698590799393e-01,7.988790005605450606e-01,3.065534114835023471e-01,7.435212881717723210e-01
8.810413412085255080e-01,0.000000000000000000e+00,8.538196940704103621e-01,4.648043721924707272e-01,4.793819700324885025e-01,3.087750435621906542e-01,7.083407707058447800e-01,2.456469696847705247e-02,4.704860301661519251e-01,8.407409102709496596e-01,5.089046152279993462e-01,5.404730430215193282e-01,8.319212411173099175e-01,6.549206534624960607e-01,7.593677182523518310e-01,3.621034575330721039e-01,6.990794614857419598e-01,4.722524217331381391e-01,6.053548689516736747e-01,2.366530251589183120e-01,9.088437349090793260e-01,6.174845766968297678e-01,6.036188328660412328e-01,7.526225408779562143e-01,4.249548298467367147e-01,4.576994765963440792e-01,6.912130259147716282e-01,4.725754549333656129e-01,1.517833389117151377e-02,6.490488480992882836e-02,3.161081016027293966e-01,4.920942901747111797e-01,4.259441496004668926e-01,2.285967380293633111e-01,2.544336918848784657e-01,1.580511525112311133e-01,3.392145150190774006e-01,6.628930093321278028e-01,8.345820065635047857e-01,3.105726066427645926e-01,3.526952759647988822e-01,4.865369251934748562e-01,2.145746739924470348e-01,9.523280152194313342e-01,7.719108355191676152e-01,7.286732201651616725e-01,2.083376249232319621e-01,5.709618696708655960e-01,3.301080802930500546e-01,7.451454803775338087e-01,6.715469423301624330e-01,4.750783977014272907e-01,3.269641448382588633e-01,5.250406614275544559e-01,8.530864328923438711e-01,3.798837866539489516e-01,6.883893041155810799e-01,5.816945357447057541e-01,4.105363228791019115e-01,5.791935482006024261e-01,5.094809103388737714e-01,6.969043056985674278e-01,-1.593907708298427095e-01,6.676097797533562250e-01,6.767631793933547302e-01,5.560640124524851569e-01,6.553216169085865905e-01,9.881356481424240501e-01,2.321922464595444491e-01,3.341710658317498250e-01,8.927711070597755816e-01,6.426645616895350077e-01,4.312014080099346724e-01,2.777650842581704249e-01,6.964031368484108198e-01,6.559088217293365108e-01,6.207800790311660544e-01,5.638601117365680260e-01,7.771045403359496673e-01,3.802483803020990649e-01,4.581681235261499396e-01,4.346879345886846546e-01,6.838755283473161306e-01,-3.314398592227462692e-01,6.373700799975524633e-01
6.727281437708567680e-01,8.538196940704103621e-01,0.000000000000000000e+00,6.801196611267674719e-01,6.643856129700576041e-01,5.683021816607122245e-01,6.828534430882946538e-01,9.794244564599887681e-01,6.257385458203582607e-01,9.267844712575973309e-01,8.353326637872522387e-01,7.857743668865042608e-01,4.791533663119213471e-01,7.896768844300784407e-01,7.936200738657718246e-01,8.500176665601362203e-01,8.899436258900265129e-01,8.758034676124943907e-01,9.287831901849841199e-01,7.079851800169774112e-01,4.345719436496959243e-01,9.776466799291223531e-01,6.170886075726180753e-01,8.172446186084985076e-01,8.316468454563704649e-01,5.809264927161448266e-01,4.643577100588286988e-01,9.902681795237084916e-01,5.953543918393396916e-01,5.395730976955938063e-01,4.179080432487711771e-01,8.477205049451115304e-01,8.796064040768076797e-01,8.474676246620773679e-01,8.199313354683649413e-01,6.704607934734272412e-01,3.959602236014010401e-01,7.518428233503811065e-01,7.645249877480562173e-01,8.250893251122750627e-01,5.356853182013262549e-01,7.003573640354764374e-01,9.705781532579960125e-01,6.694939223980919119e-01,4.907727164809115306e-01,7.509391277374042328e-01,9.373834538639947978e-01,7.907329465225938492e-01,7.144967470717317193e-01,8.085455299270437601e-01,6.122378935742687212e-01,8.432068639145434696e-01,9.708217141186831212e-01,9.534660294784658152e-01,9.542510741894681958e-01,7.726074154771115365e-01,8.883298112567186156e-01,8.770103576493821773e-01,6.995352235354778125e-01,4.394291397373679131e-01,4.830083153615320479e-01,6.690232472147554788e-01,7.955513653682599884e-01,6.369649230726974753e-01,4.172415153175726976e-01,9.484302657327677855e-01,6.285329467438361961e-01,8.731153828988288401e-01,9.425032829448710681e-01,6.696155232903122645e-01,5.785701234919207181e-01,7.118286130722761840e-01,4.033113151321099377e-01,4.433744372141087964e-01,4.205684457563249046e-01,8.598921055356373300e-01,6.701465953986001090e-01,8.027918358804084775e-01,4.188339764191053582e-01,5.630748220285416439e-01,9.932622306443477100e-01,4.621161627506352731e-01,9.838258342484849095e-01,8.755807058676162713e-01,7.978628824539851783e-01
2.220484238985134251e-01,4.648043721924707272e-01,6.801196611267674719e-01,0.000000000000000000e+00,5.457021115917543019e-01,6.064995868305610438e-01,5.531215498624206806e-01,7.618881716117631431e-01,1.393834712937622455e-01,7.750916957568008137e-01,4.693320164304974340e-01,5.219323689611764516e-01,7.533855648641618608e-01,5.885687479801734456e-01,5.257701566282129146e-01,4.556314109122496236e-01,8.935124253968846908e-01,9.361745085410911882e-01,7.362918137288453346e-01,6.679169633287924679e-01,8.451943559459211830e-01,6.456854828127202017e-01,5.378305935761047429e-01,4.206351130882199918e-01,8.862319246236429748e-01,6.273905314117395049e-01,8.909615205396783644e-01,8.720139522271760368e-01,-7.710397892877700332e-02,6.592926928717075530e-01,-6.024901952401043315e-02,2.472002318451312353e-01,9.565679840042551341e-01,3.113364433542227527e-02,8.399097880647599101e-01,3.906198573751420433e-01,5.767153009086916499e-02,4.857877797624048366e-01,8.423323428560630655e-01,7.304376749172573069e-01,6.833123405540707518e-01,7.748362634713574781e-01,5.353830155535757029e-01,9.370020641902405689e-01,8.170058312396508704e-01,8.078721950876536217e-01,2.274280680468024618e-01,4.014153339376798635e-01,1.232688091863172741e-01,6.040743423429932868e-01,2.327289104008128662e-01,5.754556154777021870e-01,7.164734289064531580e-01,5.292399759430619355e-01,5.802797791928421267e-01,9.738738596836794548e-01,6.514027725747776332e-01,9.849669643292537913e-01,5.976892347027245034e-01,7.457685112847625142e-01,4.818095966274182351e-01,7.423234569670875693e-01,2.498437772139408819e-01,9.894911559329444550e-01,8.947522691320248800e-01,8.260721280757534757e-01,8.269175966525811328e-01,6.689143348237032161e-01,7.241798316506082855e-01,8.477370566368849225e-01,4.899509087108773198e-01,8.464600088230973540e-01,5.061181172211940416e-01,6.445022076176402104e-01,8.560346452080062063e-01,4.153787570437488252e-01,4.099270534171470803e-01,3.047756814715042450e-01,7.490332187519134211e-01,4.177989462450271661e-03,5.584612884034210190e-01,6.235517128875076587e-01,3.917601765034427475e-01,7.305059468351139396e-01,4.695661770661442302e-01
4.197941938664241368e-01,4.793819700324885025e-01,6.643856129700576041e-01,5.457021115917543019e-01,0.000000000000000000e+00,6.398581922161770130e-01,2.204131986557013312e-01,7.954543698602364321e-01,7.390457277586534035e-01,9.749658729431414095e-01,6.012480293822530797e-01,4.223173701580073547e-01,9.095504565625274207e-01,6.535203261482911419e-01,7.245853967332835932e-01,8.736992558642415752e-01,7.148354517910565642e-01,7.913192559252921754e-01,6.847572033599783614e-01,7.960168730643073509e-01,7.424903387054511139e-01,5.899588569720086717e-01,6.750120829207814088e-01,7.898683936818872153e-01,7.390890686526816467e-01,4.407313562258019513e-01,9.804461975050965394e-01,6.224268591599744216e-01,3.346998901367421175e-01,3.354687334724517633e-01,2.067226403752803754e-01,5.365375100453895207e-01,3.475263229408322996e-01,6.722822365047433912e-01,4.517506678344884175e-01,7.924985935759364386e-01,1.517840105074066449e-02,9.103086209911288584e-01,9.334321038205468657e-01,-2.427343609445609118e-02,1.535943503120827669e-01,2.919608654651352775e-01,4.983656456532187251e-01,6.148508735905383604e-01,8.279427729195324437e-01,6.056733904784979972e-01,4.109966319705903315e-01,9.787742421560238215e-01,4.825096878097532849e-01,5.718485587963557659e-01,5.634929397599861556e-01,5.047172733013378654e-01,2.883891462008131290e-01,9.086665980775685547e-01,8.064392152634681787e-01,5.410114314787892731e-01,1.843567194112281649e-01,4.988983637425186135e-01,5.842463383195836135e-01,5.395636728063341048e-01,2.642779278300365631e-01,2.440941961287668716e-01,6.929415335424528033e-01,6.894391226124364502e-01,8.444015892642273702e-01,7.568270124371507812e-01,6.087663354762585799e-01,2.590961893419767570e-01,7.041814531487956552e-01,7.284211219096696777e-01,7.379661926351047674e-01,7.739475676128162451e-01,3.273114493133653102e-01,2.187880351198308593e-01,2.488797557451029596e-01,8.386816571964388345e-01,8.972610431427547883e-01,5.959435796688690168e-01,2.182808612085504474e-01,3.038856356388521807e-01,4.009533198113935937e-01,8.236217429080191499e-01,6.377145442002120079e-01,4.217122087979204847e-01,7.018817802651894366e-01
9.274969530117608274e-01,3.087750435621906542e-01,5.683021816607122245e-01,6.064995868305610438e-01,6.398581922161770130e-01,0.000000000000000000e+00,3.824333213356344574e-01,3.053549084619510690e-01,5.949939982044768483e-01,5.778327781567476062e-01,7.432269615518322103e-01,7.112285444618678953e-01,4.520701660527139953e-01,9.330646559186983602e-01,5.886116775467071793e-01,5.505933439068393803e-02,3.902093455524744403e-01,8.045389637974195152e-01,4.751846366502080476e-01,9.383485885824850437e-01,9.590845991641465673e-01,4.284811674136758675e-01,3.900564856102047839e-01,9.844168594609313816e-01,7.897313073569469655e-01,5.813544677107460590e-01,4.543772999795150369e-01,6.769289858692547623e-01,6.057289934049207014e-01,4.302639161956113845e-01,2.963941444544486714e-01,6.899702261635477507e-01,3.876099302886200082e-01,2.048754383923957201e-01,6.983495542753596075e-01,5.794066189562621094e-01,4.716224501241145228e-01,4.042075255220610175e-01,8.310692580108117733e-01,9.766796055384991959e-01,3.907443441657887928e-01,6.588009745338233580e-01,8.500067323960043275e-01,2.314901853427474565e-01,6.924512623552396828e-01,7.675229566730467079e-01,6.796660094067108471e-01,8.532201835686423763e-01,2.539575296346396893e-02,5.000543167031281655e-01,2.527858185557859683e-01,7.958978027848517822e-01,4.649873008735329050e-01,6.353530409489908104e-01,4.585185246040567875e-01,6.354444814616391213e-01,7.846006053541372260e-01,2.621931473191188022e-01,8.412827864023899593e-01,2.894954663624932922e-01,2.223473920221619160e-01,2.767934570053631194e-01,7.567319203376006165e-01,7.754171322683811596e-01,5.589792430364843856e-01,1.393663767964723466e-01,5.408442980360382846e-01,4.311124305106502352e-01,5.854601684333177181e-01,8.451285971197692870e-01,5.996872136644701978e-01,2.014660355412241644e-01,5.639129428865874427e-01,4.586732024149748344e-01,4.492435879220950112e-01,6.217728233945518657e-01,8.560948863673419895e-01,5.919346823874666041e-01,4.152552819307391840e-01,3.733743783555176776e-01,7.734449693598548503e-01,8.691074599166705994e-01,8.615517742260655476e-01,4.033219701218904336e-03,5.960499689726328487e-01
8.883384367682602978e-01,7.083407707058447800e-01,6.828534430882946538e-01,5.531215498624206806e-01,2.204131986557013312e-01,3.824333213356344574e-01,0.000000000000000000e+00,3.013383022128036659e-01,2.091022264721248969e-01,5.484173630679476386e-01,4.610740684262046862e-01,4.780434458419737243e-01,-5.814617779720074320e-02,2.610328938533753584e-01,4.796036583727129043e-01,5.799275125381073703e-01,3.835832896772692902e-01,4.519903062556753226e-01,6.928314788688126891e-01,7.243626857290033083e-01,7.557141762275517705e-01,7.497133889978611077e-01,2.441475320589704678e-01,4.156442348777437124e-01,7.769474836534675521e-01,2.837792590491573508e-01,3.174628230473074408e-01,7.140034048152684720e-01,3.409879079038704575e-01,2.904556374897239723e-01,1.618210784586797957e-01,5.340151159374826317e-01,3.884969658794595326e-01,4.018746092495869560e-01,3.108460281031240058e-01,4.816534333208919993e-01,2.604897356465012484e-02,3.090286366499848114e-01,9.605899442084149253e-01,2.445283219276225828e-01,5.329496866106365749e-01,4.998256327304637092e-01,7.218887325218437123e-01,7.453952532722515345e-01,9.132336079530108952e-01,6.443088593025187993e-01,2.404601724903137339e-01,1.710695111606524710e-01,6.633812929486817556e-01,6.913595348585160894e-01,6.759158526531838795e-01,3.702858236546645032e-01,6.179672114733021360e-01,5.068550451128173151e-01,2.677962479201499990e-01,7.579508211159482478e-01,7.706196434349273927e-01,7.124596912810214899e-01,8.581386612125025959e-01,3.401678376639504231e-01,5.527252954032344512e-01,5.773227185584500765e-01,1.765158609957060698e-01,8.548458343577700624e-01,9.013690944726275855e-01,2.348745399490981545e-01,5.829993080748820944e-01,3.567498556885595473e-01,4.792054543042782999e-01,7.823629632102144793e-01,5.873174506526506189e-01,4.415225708787198222e-01,6.010954721169845527e-01,4.753386829791798607e-01,2.511658786391998688e-01,4.712107563071588623e-01,6.066715106069384689e-01,6.847973359656731596e-01,-1.439919440712445486e-01,5.364181008813118101e-01,3.423821483704572177e-01,9.227862523597901712e-01,2.955056339215587635e-01,4.741948602510107080e-01,5.923065163804983602e-01
5.444451609968688210e-02,2.456469696847705247e-02,9.794244564599887681e-01,7.618881716117631431e-01,7.954543698602364321e-01,3.053549084619510690e-01,3.013383022128036659e-01,0.000000000000000000e+00,7.630428533036108796e-01,5.700983294637165244e-01,8.087602624133076734e-01,4.935010495132298169e-01,6.614721801454311878e-01,8.440083325058637120e-01,7.996473136000403770e-01,6.011090143355741766e-01,4.659110805690724888e-01,5.559419934564541199e-01,7.369772127109923687e-01,4.201284277845961923e-01,8.176917391786832079e-01,6.603652828724820845e-01,2.525006933299522860e-02,5.110965801701505828e-01,2.327228406970716923e-01,2.537661621323988870e-01,4.084298747316671974e-01,9.523015485062819030e-01,4.421525748051381988e-01,7.667964031063059238e-01,5.504131210191990364e-01,3.361670964577448961e-01,7.395774070784302268e-01,3.477665788355732701e-01,7.107550484750317921e-01,5.575520113148964008e-01,1.403797945818251180e-01,5.875623141744729105e-01,8.491752619050443318e-01,5.994197783152497294e-01,6.070484038694283768e-01,5.832915739512766207e-01,6.314277734717637092e-01,9.725150075579137576e-01,9.041089933048265248e-01,4.763811402749493773e-01,4.676041580373231366e-01,7.846294972210314800e-01,5.580523647281590005e-01,6.557552411101864598e-01,3.579263356481530711e-01,5.826305274870613449e-01,4.447393506069728386e-01,3.964194172015331752e-01,9.106398100708382737e-01,8.115385809425080810e-01,2.148358811092840881e-01,4.255312164549692189e-01,8.021270333661010277e-01,4.485749308044980066e-01,3.185810973384646250e-01,4.692139965611913932e-01,2.459258340685797628e-01,7.778265630615566195e-01,6.218222390752833340e-01,6.296184282287670131e-01,4.668074266931762084e-01,5.912072392321059411e-01,9.145267317404953689e-01,5.959169789576447274e-01,5.377522732812983763e-01,7.323039050440134368e-01,5.500542564214010444e-01,2.729891158376704374e-01,2.717672137393135068e-01,4.831442363567278742e-01,7.093655081567211695e-01,6.507811073687878034e-01,5.855619231766518579e-03,2.353757415392026542e-01,4.384595079057368450e-01,5.286095179649874520e-01,5.378454796882453648e-01,1.254529467927487374e-01,7.913552278158114683e-01
6.096740873438991626e-01,4.704860301661519251e-01,6.257385458203582607e-01,1.393834712937622455e-01,7.390457277586534035e-01,5.949939982044768483e-01,2.091022264721248969e-01,7.630428533036108796e-01,0.000000000000000000e+00,6.574916270660662310e-01,4.298403623975521337e-01,6.071854977926265384e-01,8.498915052259381486e-01,7.397714769041145999e-01,7.138575153358047709e-01,2.357688920388398973e-02,6.082169805749561009e-01,3.708276544926786267e-01,8.538098675615065636e-01,6.989872723665105925e-01,8.265906451021129975e-01,3.957209132194388634e-01,6.021316576371497087e-01,5.653524560778520058e-01,5.809215167908833299e-01,4.600542196159374542e-01,7.855550203390964104e-01,5.389615505202988155e-01,2.273200108570677669e-01,4.904974806235546936e-01,4.084643782951187796e-01,3.159434196058399369e-01,7.492187830642855761e-01,6.479054238276065192e-01,7.112245637664772469e-01,-2.490407482090500335e-01,4.515972754241565634e-01,4.577696327265940446e-01,7.547825715594279616e-01,5.689118265711348155e-01,5.692087869164610403e-01,-1.434397313228908122e-01,5.624229893226817545e-01,7.762012640886809534e-01,8.039041428529153377e-01,4.152690538756932392e-01,7.725419925516949782e-01,5.527566267679401291e-01,4.730289024762429628e-01,2.378641573008372645e-01,5.196992921742074056e-01,6.782589287247113852e-01,9.236363608047912788e-01,2.071898883416235237e-01,7.550670974120682333e-01,8.184007153974036664e-01,4.630603795134997647e-01,9.746138510505882868e-01,3.222263808656313788e-01,5.002377581406576290e-01,6.103313470947632213e-01,8.280555372631173139e-01,6.618245980351680213e-01,8.416939988579110743e-01,6.502555169004433644e-01,9.024844818753985799e-04,7.035675752950875106e-01,7.277499083894354293e-01,2.049828656600653221e-01,5.651868805480670943e-01,6.851523546928418584e-01,4.261698962515463318e-01,4.600600144652112755e-01,6.449017364510379879e-01,5.442087372132818901e-01,4.074978453884112728e-01,6.070418613518024920e-01,4.116551437790668677e-01,4.309428621425543393e-01,8.586817269897384364e-02,2.076986909553328597e-01,8.059865101758728612e-01,7.471662243282592986e-01,4.525174500053254500e-01,5.062915880034488669e-01
1.106892198626576763e-02,8.407409102709496596e-01,9.267844712575973309e-01,7.750916957568008137e-01,9.749658729431414095e-01,5.778327781567476062e-01,5.484173630679476386e-01,5.700983294637165244e-01,6.574916270660662310e-01,0.000000000000000000e+00,6.822460320756522645e-01,5.932165463380524306e-01,7.757483685987237587e-01,6.652371741875493516e-01,5.368427768798902378e-01,2.001527844244757603e-01,7.086471735650909931e-01,3.389891972699623501e-01,9.009968307796785147e-01,6.188888130487039119e-01,6.399079204840685264e-01,5.672542957081895265e-01,8.495820336931750871e-01,6.851140318949653363e-01,7.272627963563692566e-01,3.939941555998713874e-01,5.325180826093707243e-01,6.459442819544629621e-01,3.703907859618209564e-01,2.990908276133045218e-01,3.657273136263874402e-01,7.666632428126785026e-01,5.094931934962434461e-01,7.593391235870952105e-01,6.098877334478367551e-01,6.433368746314883646e-01,5.930271313056532101e-01,2.596884662911320696e-01,7.025504409345911805e-01,8.144902528457927948e-01,3.288917357071970970e-01,4.828171630795387581e-01,3.266686163233936679e-01,7.570443561013739942e-01,8.322294894028319234e-01,1.138978416250065601e-01,4.904176823834089927e-01,8.937363379297106336e-01,7.800819571430238630e-01,6.875025236437390941e-01,7.171126760378907505e-01,8.759294751162223225e-01,2.106856940798662869e-01,6.316663427770031758e-01,7.427078337703769684e-01,5.249000394365888056e-01,6.641505638380036380e-01,9.464130553321294936e-01,4.389357797662136740e-01,6.036237384941096629e-01,6.464434181337608276e-01,9.370714254551020250e-01,7.793151707175058895e-01,4.959863747693118996e-01,8.235321123358033679e-01,4.321529689279826614e-02,2.358137014583288060e-01,8.435100916696651741e-01,6.229935848551175770e-01,6.585105985659778227e-01,5.920992002790057551e-01,4.095260303526293000e-01,-1.831600283923320860e-01,5.098838538071843729e-01,4.839347528570401846e-01,4.664481055773538887e-01,8.972733032039498235e-01,7.085060187550510369e-01,4.146528435854441863e-01,2.628433094533572101e-01,2.662586731796758865e-01,5.237303319902552046e-01,7.633657314707285035e-01,-9.631326667070683190e-02,2.663114127344836657e-01
9.358007484735109127e-01,5.089046152279993462e-01,8.353326637872522387e-01,4.693320164304974340e-01,6.012480293822530797e-01,7.432269615518322103e-01,4.610740684262046862e-01,8.087602624133076734e-01,4.298403623975521337e-01,6.822460320756522645e-01,0.000000000000000000e+00,2.218636579561062139e-01,8.795892305917263343e-01,5.728891593144114225e-01,5.795624757974335850e-01,8.665209923562009475e-01,6.922098038136396125e-01,6.090797668349545724e-01,5.772568208897229658e-01,7.687502789782305612e-01,8.360921395717090254e-01,4.822168910556025589e-01,4.630520272723407937e-01,9.034934161070441450e-01,6.829837867504856552e-01,7.196266273975394645e-01,9.351983680484186046e-01,7.528745853560321333e-01,4.648796273892605302e-01,7.908552671954560687e-01,2.740445924547051382e-01,4.491859780383642420e-01,6.922904239046308028e-01,5.495800286246371735e-01,7.218997031696514632e-01,2.682886719006822296e-01,1.232386436360839999e-01,5.023617665930683041e-01,8.579035124232504694e-01,6.295518299980848997e-01,4.726307534993514636e-01,9.084847053435578523e-01,3.341487087699027692e-01,7.815845132999390543e-01,6.068583537447957976e-01,3.955434213563827628e-01,8.858565940572574737e-01,5.650875800051707865e-01,7.723294757778089714e-01,5.843539951643371699e-01,7.028415097120856991e-01,7.425748522937314355e-01,4.086262581451794440e-01,3.573137854976302791e-02,7.036340979380049099e-01,2.182509723566548598e-01,4.248075035568251168e-01,7.503936693615063103e-01,3.590958555384519690e-01,2.880803117322347506e-01,3.084663892080120595e-01,3.245074829178354880e-01,7.186695203485244932e-01,7.367555225316437806e-01,8.327022320584447357e-01,7.102384571816435788e-01,6.487206440526904760e-01,9.827702615613644888e-01,5.712338183188750973e-01,5.997069442505155168e-01,4.157705711919633118e-01,7.396166384251184889e-01,4.508951470014783136e-01,1.966655751479615410e-01,2.130035458429451189e-01,6.643013101757813121e-01,7.629291288478918798e-01,6.384578510027227871e-01,7.290891628171843886e-01,2.570754919217190793e-01,5.008879159158464711e-01,6.801552707648849116e-01,6.970770169484180601e-01,4.376472304240284217e-01,5.358239899730804501e-01
5.134559699449888770e-01,5.404730430215193282e-01,7.857743668865042608e-01,5.219323689611764516e-01,4.223173701580073547e-01,7.112285444618678953e-01,4.780434458419737243e-01,4.935010495132298169e-01,6.071854977926265384e-01,5.932165463380524306e-01,2.218636579561062139e-01,0.000000000000000000e+00,7.256727178927856459e-01,5.596239713563757601e-01,8.200091110178214793e-01,-5.941664022845311033e-02,7.781226545211844536e-01,4.928490661267125317e-01,2.795802454253141778e-01,9.995916547885828063e-01,6.047698839640128776e-01,1.851130340983420941e-01,5.576835142867280215e-01,7.162811396326309588e-01,3.288987577282111996e-01,6.331595226901973739e-01,5.701912957993510167e-01,2.729318562120227609e-01,8.855130512566254941e-01,5.208508171892441974e-01,2.715757762767432859e-01,2.468919415060689404e-01,8.849186608576845581e-01,7.721064083672261047e-01,5.704912915705484533e-01,7.160923194659599700e-01,4.041232047175488118e-01,4.664539073904480637e-01,1.389493517223071295e-01,2.650619087069621127e-01,9.281570968420278511e-01,4.953399049006925736e-01,9.681878877165795982e-01,4.283568051193147319e-01,6.694327774011223919e-01,9.351215750017713990e-01,6.416350282465791421e-01,4.058794254955223058e-01,5.708669614605895726e-01,2.743616942505286982e-01,2.278280591367511376e-01,6.115382850204137410e-01,4.969027542961205746e-01,2.486370032582827794e-01,7.420342334562991526e-01,6.701055695325738304e-01,5.886822823963194784e-01,6.345509556674228113e-01,6.640952920186612429e-01,4.120302054432858907e-01,-1.701867632589119661e-01,4.999464435273111018e-01,6.389148152835895100e-01,6.629957589042003718e-01,2.668866591289483781e-01,5.545507558681525007e-01,6.719005220676068646e-01,8.981601146991766704e-01,1.317308706121003148e-01,7.973319318957230450e-01,6.912473491275018533e-01,5.829956611907887165e-01,-7.840676095205902085e-02,2.701936343923660999e-01,5.439309528266730309e-01,4.185688536738582655e-01,7.001480226930761885e-01,6.674489542275151566e-01,4.930154900894990755e-01,2.962850644447552750e-01,5.100761104079446495e-01,7.170903742916784340e-01,7.847232237765160434e-01,5.558701973680008068e-01,7.943746284324746387e-01
7.124777841641193321e-01,8.319212411173099175e-01,4.791533663119213471e-01,7.533855648641618608e-01,9.095504565625274207e-01,4.520701660527139953e-01,-5.814617779720074320e-02,6.614721801454311878e-01,8.498915052259381486e-01,7.757483685987237587e-01,8.795892305917263343e-01,7.256727178927856459e-01,0.000000000000000000e+00,6.266283613255992924e-01,4.379729900425969880e-01,9.382704105739998468e-01,7.278781139338383888e-01,8.789007763297027598e-01,6.544992179561692769e-01,3.852684792663038094e-01,6.795633282460962210e-01,1.309246652094537555e-01,2.443416797238961435e-01,8.640788935898686685e-01,2.748484411057527943e-01,8.197011849003565942e-01,5.879922699964730270e-01,8.042522865611861915e-01,2.981197322605089184e-01,3.842876932586785088e-01,9.120601330344324520e-01,5.082753558255924675e-01,8.087320720128651219e-01,4.967139807940452734e-01,6.868013080344934629e-01,4.128616740180439115e-01,1.540754049087271760e-01,4.570510482143974040e-01,7.009843193983662513e-01,5.932014408701002939e-01,6.410785785890831256e-01,8.661403786539576544e-01,9.560402770785911830e-01,6.141957124820046632e-01,8.756120365849839882e-01,7.016185386434108384e-01,4.201912138383299133e-01,9.057966122266324360e-01,9.935413272334544521e-01,6.525659802532233211e-01,6.394040861458569758e-01,5.668179318347602580e-01,5.822436725569914984e-01,2.924664891713609771e-01,8.629451678097765921e-01,9.948364675709113758e-01,5.413554198450116761e-01,5.056545763392322757e-01,1.218236788012702770e-01,7.390864822454241700e-01,5.747868569531242589e-01,5.359774013523822545e-01,3.932147485875354120e-01,6.342230056514605030e-01,7.093449154484121610e-01,4.878703501626269201e-01,4.074111535813137452e-01,9.743056218377207367e-01,6.127890798620668766e-01,3.899504571558493060e-01,9.478850675212862065e-01,6.661555444702416118e-01,6.881856611289184356e-01,1.802636461878436847e-01,1.272258510502007056e-01,8.151424346787179420e-01,5.902089974990726295e-01,4.585991035141279704e-01,4.899556447556875360e-01,7.049134412219044687e-01,7.848869766006969506e-01,8.139635589396760906e-01,4.105960775215139469e-01,5.071316979845990058e-01,9.149855695332769212e-01
9.460150233395721031e-01,6.549206534624960607e-01,7.896768844300784407e-01,5.885687479801734456e-01,6.535203261482911419e-01,9.330646559186983602e-01,2.610328938533753584e-01,8.440083325058637120e-01,7.397714769041145999e-01,6.652371741875493516e-01,5.728891593144114225e-01,5.596239713563757601e-01,6.266283613255992924e-01,0.000000000000000000e+00,5.292214445933463018e-01,7.533731210381402477e-01,6.578679599127066346e-01,7.233468475706132939e-01,2.274210666706197315e-01,4.612791370344065389e-01,6.380470268531284184e-01,1.818629853742556590e-01,9.531673336455893653e-01,5.391032558498539684e-01,6.137152867786386246e-01,8.109851990260699139e-01,4.674264783667496093e-01,7.707601075901138188e-01,7.647014882482565667e-01,8.037859199513470998e-02,3.703345867852350093e-01,3.922191852640714016e-01,7.041322637183466959e-01,8.618684808262624397e-01,5.539625882563098402e-01,2.921487061374611893e-01,3.939976368833662534e-01,9.250120313349162737e-01,7.516641884098582693e-01,4.551397959843805352e-01,3.909610050338551135e-01,8.798688834195297348e-01,6.423839417920179651e-01,9.147570173216763578e-01,4.275269269539446748e-01,5.579181156798789232e-01,3.149572821090454444e-01,8.805057675174288168e-01,2.973901736317373645e-01,7.985548080904949497e-01,6.512324342369162355e-01,7.347080581759699580e-01,9.695186366652660537e-01,8.407241648806503820e-01,4.063307912940430366e-01,7.146169639518676897e-01,7.475731948369621627e-01,5.938464476668974257e-01,9.313278915524416668e-01,4.737721501576168115e-01,5.406513718635076460e-01,2.188459093636835606e-01,6.392596540813541006e-01,9.469854887136370802e-01,9.964008950942664367e-01,5.930277868944395792e-01,6.076540129659062650e-01,8.344364549664672337e-01,7.964380877220025856e-02,7.641200309720032058e-01,9.698423100918212025e-01,3.262686478846421601e-01,9.943409718003043407e-02,4.125936051546640893e-01,3.158451700050083355e-01,5.325002153911907454e-01,4.317397556465100705e-01,4.686944006214063263e-01,7.059117587531943405e-01,5.307803954673581126e-01,7.100498778569039882e-01,6.502861109462370059e-01,7.025177701032560007e-01,2.173769717356416331e-01,5.636860903033051873e-01
2.277708112743582203e-01,7.593677182523518310e-01,7.936200738657718246e-01,5.257701566282129146e-01,7.245853967332835932e-01,5.886116775467071793e-01,4.796036583727129043e-01,7.996473136000403770e-01,7.138575153358047709e-01,5.368427768798902378e-01,5.795624757974335850e-01,8.200091110178214793e-01,4.379729900425969880e-01,5.292214445933463018e-01,0.000000000000000000e+00,7.548298271320558195e-01,7.680250959085838103e-01,4.938484010468378038e-01,5.283840235059376056e-01,7.226266370570726405e-01,8.870392021490859369e-01,7.708424630055675797e-01,5.547899218149970890e-01,9.032479065460221612e-01,1.296422129543837315e-02,5.790487725192877688e-01,7.146164687499514390e-01,4.449671259012235036e-01,3.588912387588887309e-01,4.759921141668955746e-01,2.547664664857566263e-01,5.382980561499575156e-01,6.866610645521943335e-01,4.275167774590813430e-01,7.604897241860271162e-01,1.935885539796999288e-01,8.459530888261862502e-02,4.610621794239899152e-01,6.262911230527374862e-01,7.146091835035043305e-01,4.180383811992468002e-01,3.980433324796744249e-02,7.904858567985753037e-01,1.465028961784482602e-02,8.997408010702623304e-01,6.865032173961930217e-01,4.323418605650071189e-01,4.760764526791923523e-01,7.075019751934837897e-01,5.805955664744477662e-01,8.844872650934689773e-01,4.959268664626704237e-01,7.859069807435967725e-01,6.453047800253547406e-01,6.909390874082989020e-01,4.052828867376513933e-01,7.111661760010821176e-01,2.862651721186059151e-01,8.244809140213518184e-01,2.551430406560382114e-01,4.402644771120726719e-01,6.539381332226990029e-01,2.188525582383896162e-01,7.431715910005602943e-01,8.742008287945556289e-01,6.799176755537044148e-01,6.524970274713708385e-01,7.829179370763510448e-01,7.320622083648922196e-01,7.811611806145465353e-01,7.022831631664588903e-01,3.333769997125113349e-01,5.021078599807057286e-01,3.442568017644330736e-01,7.325664300506713467e-01,6.789027840232586541e-01,2.233688954879920474e-01,2.004219828138000259e-01,1.541700662598515514e-01,-1.332486095858677888e-01,3.287175700934895639e-01,6.462702981080492570e-01,7.084667814358990290e-01,1.362758097290583947e-03,6.517335036290474726e-01
4.740928084007933752e-01,3.621034575330721039e-01,8.500176665601362203e-01,4.556314109122496236e-01,8.736992558642415752e-01,5.505933439068393803e-02,5.799275125381073703e-01,6.011090143355741766e-01,2.357688920388398973e-02,2.001527844244757603e-01,8.665209923562009475e-01,-5.941664022845311033e-02,9.382704105739998468e-01,7.533731210381402477e-01,7.548298271320558195e-01,0.000000000000000000e+00,9.383436847421048332e-01,6.444050577526546641e-01,3.736413214106028002e-01,4.974401197708121503e-01,8.203746193475383031e-01,7.422206112770737274e-01,-1.744372473318149541e-01,7.960777626287294240e-01,6.933967757125181208e-01,6.327693334515382961e-01,7.165270486894409485e-01,3.759704855538007484e-01,6.998891104613210734e-01,4.350969671793183946e-01,6.059776987896493550e-01,4.461044306741936416e-01,2.160995913802521429e-02,8.831773892950564031e-01,8.549069332266489019e-01,-8.627614970034518105e-02,4.629927093031230290e-02,2.861958097408897617e-01,7.444782632666839817e-01,3.278104990458611256e-01,6.459358740172362889e-01,8.966140243569216128e-01,7.872764455371838999e-01,7.521270833286547441e-01,6.705739413292346462e-01,1.992053693430402284e-01,7.219755516074624069e-01,6.678802169470319239e-01,3.048355620580098235e-01,2.947933029787183079e-01,5.190449121083126061e-01,5.650789341901376606e-01,8.525478079100042850e-01,8.628832373485347818e-01,7.802467494247060653e-01,7.768839489444827606e-01,5.674985831911035783e-01,6.374427303739323980e-01,8.874892510389305045e-01,5.228834900958833076e-01,2.198871431807039867e-01,6.388383770403243123e-01,3.613182154881428021e-01,5.887219918078030467e-01,6.236808052168382188e-01,3.321484904309322528e-01,7.309391084473543243e-01,5.429791308061719945e-01,6.654525567626221605e-01,6.409277246675991746e-01,4.284313455979466001e-01,3.213532024488406913e-01,6.529097605246872993e-01,4.371457988197005040e-01,6.481375235909970778e-01,5.671181354147691867e-01,4.401773150528510703e-01,2.820622993597537986e-01,3.535214912964027012e-01,3.672940163316866791e-01,5.318933706788888660e-01,7.410474779393876332e-01,5.492405885665867515e-01,2.430870665092568772e-01,2.731757398643267498e-01
5.072220561973557196e-01,6.990794614857419598e-01,8.899436258900265129e-01,8.935124253968846908e-01,7.148354517910565642e-01,3.902093455524744403e-01,3.835832896772692902e-01,4.659110805690724888e-01,6.082169805749561009e-01,7.086471735650909931e-01,6.922098038136396125e-01,7.781226545211844536e-01,7.278781139338383888e-01,6.578679599127066346e-01,7.680250959085838103e-01,9.383436847421048332e-01,0.000000000000000000e+00,8.962126959545341220e-01,5.348456218978725474e-01,9.741561384888524078e-01,6.288325489864579065e-01,4.844785805397110456e-01,7.804813387514688561e-01,-1.998389759639228047e-01,2.992808471382141233e-01,3.757030509616867686e-01,2.438517932620039574e-01,9.469505793239837432e-01,1.581664710095950499e-01,9.025532617380861017e-03,4.365545239745405315e-01,7.053590765690963549e-01,7.999108282317561880e-01,5.552744666973549181e-01,7.879914225354699431e-01,3.513544968712024597e-01,2.703701424396141584e-01,8.124025834068107077e-01,6.223601644953312695e-01,4.821099060823357818e-01,5.821490222380383273e-01,9.698491158656040445e-02,5.960281407866858672e-01,1.587104771086513821e-01,6.277665682493152044e-01,6.698824685846671567e-01,5.938465237497931870e-01,5.107968168373868689e-01,9.275151792010031260e-01,6.241676198823987720e-01,5.512266725081972352e-01,4.997705030513664992e-01,8.388838910955204176e-01,4.943217340179902886e-01,7.079356659213821290e-01,7.168619369723214785e-01,4.791771654225282506e-01,8.489104881670415104e-01,5.276170706823259948e-01,2.246804696271855473e-01,5.601327779722163891e-01,2.697808376800806540e-01,3.948708861983758478e-01,6.971775139646960717e-01,9.192432872927108756e-01,7.508264391346891609e-01,9.984883510594502742e-02,7.564413611826358297e-01,7.904238010863544606e-01,5.881161710809065246e-01,7.834799910656072841e-01,7.736044162206238139e-01,2.264752526147335576e-01,3.816236853491225545e-01,1.074310337119177422e-01,5.978346409151513718e-01,1.553100559794901026e-01,7.970878748697507454e-01,3.804406623664814968e-01,5.737673214529467325e-01,9.061693446661062135e-01,6.047007397999865086e-01,7.256928297427593932e-01,5.603602728703149793e-01,4.447051163916723171e-01
8.870798181498489310e-01,4.722524217331381391e-01,8.758034676124943907e-01,9.361745085410911882e-01,7.913192559252921754e-01,8.045389637974195152e-01,4.519903062556753226e-01,5.559419934564541199e-01,3.708276544926786267e-01,3.389891972699623501e-01,6.090797668349545724e-01,4.928490661267125317e-01,8.789007763297027598e-01,7.233468475706132939e-01,4.938484010468378038e-01,6.444050577526546641e-01,8.962126959545341220e-01,0.000000000000000000e+00,9.466838972764570759e-01,4.494768278376460313e-01,7.195761274104328642e-01,-1.969064135570691709e-01,5.589172633173453697e-01,7.243124639348236249e-01,4.579257079901992156e-01,3.300789537575191668e-01,8.365060199908963545e-01,6.305847755458114934e-01,5.559690761448646823e-01,2.026511276344363233e-01,6.221180023591211805e-01,6.068242755284940504e-01,5.776269238253051164e-01,8.281917399977950511e-01,6.735799012321103119e-01,-8.140870947792866463e-04,4.334522006604084043e-01,6.913434782664024114e-01,9.769979184460123589e-01,6.274480149419411346e-01,7.892344422969789219e-01,7.660624998684582021e-01,3.467094716206067795e-01,4.014529299401542461e-01,4.725122672560765347e-01,2.213053531249948025e-01,6.839961716286010462e-01,5.961471941297367128e-01,7.855217068804470903e-01,5.529116395805110384e-01,2.789603952579446933e-01,6.936872124122347438e-01,8.546569843843642156e-01,6.899014412789841177e-01,6.418683340826751849e-01,8.710152180157363366e-01,7.137413954894112900e-01,8.455977839115920158e-01,7.698064619566122868e-01,4.194278610369634452e-01,9.124585410089891546e-02,4.030630220314002088e-01,6.602253582111305974e-01,9.718247426451404047e-01,5.381000536178437432e-01,2.651835042753843963e-01,6.391402730932667087e-01,5.863243262318983406e-01,2.951579529628165499e-01,7.305566551947856313e-01,2.693186960510131067e-01,7.767604281417869183e-01,6.771714074776684633e-01,7.777704315424560644e-02,3.421416431487561693e-01,7.986172209090038887e-01,3.125304042045474739e-01,1.741735037919345296e-03,5.943303120038488929e-01,4.035345026725745687e-01,5.405041975405603383e-01,6.145729395955763508e-01,7.229924696596707889e-01,3.517280353507750146e-01,4.827743920360541008e-01
