0.000000000000000000e+00,4.165597981945847739e-01,4.039793932203368798e-01,3.462100584200777931e-01,8.012536627345703266e-01,6.035901698494449130e-01,8.607170866377438223e-01,7.276627532714360358e-01,8.620470362675232145e-01,8.385553414513867709e-01,9.383432953465266069e-01,6.979192363890759365e-01,7.918727658880008180e-01,5.788866245149678624e-01,7.400476738371528640e-01,9.546093088036006202e-01,8.163468875019866955e-01,7.690932413361959430e-01,9.058004349089640028e-01,6.716420602856679745e-01,5.047732804836568832e-01,6.302567937664669273e-01,5.399206416303021783e-01,7.179836592564824427e-01,5.118078376970148780e-01,8.211233887283108102e-01,7.210540895295237673e-01,6.526897821142552125e-01,1.046782886796693568e-01,7.942256888062716458e-01,5.500737999214323493e-01,9.239684856760705944e-01,5.429061793055267593e-01,7.456350124623569720e-01,5.425351359851821043e-01,-1.945763786794785233e-03,4.072972198443263747e-01,7.803855899017623221e-01,6.615863698501274204e-01,4.548739208207021600e-01,3.288326110567447724e-01,2.100339182988772424e-01,9.410109979013915327e-01,4.545784243233579880e-01,9.662683648764118782e-01,9.339728975651675480e-01,6.139395083832406286e-01,9.701791073427576961e-01,6.063893198479100022e-01,4.018397573337144646e-01,2.708186106165332285e-01,8.986091570764993541e-01,6.181928943342962501e-01,4.277540852104021463e-01,9.206681385776626092e-01,8.633401045051303235e-01,7.033498351460810705e-01,2.867387419122404690e-01,6.422204438556810002e-01,4.391462224032876560e-01,7.476474194742543933e-01,5.995485561302964506e-01,9.160851569619338219e-01,6.646857949682062339e-01,4.347664934845731910e-01,8.787542498555613868e-01,8.199649963616351123e-01,8.380979525911490535e-01,8.799085273325315537e-01,8.079203718749172758e-01,4.520564808794333422e-01,9.543017393894719369e-01,2.239429885660983999e-01,5.594200106856175303e-01,7.605763422347955327e-01,6.312478156817551422e-01,6.576953266468620329e-01,5.790263833397379933e-02,5.813153925132229505e-01,-1.544506891931710646e-01,8.486145397272394364e-01,8.079460009765826456e-01,5.433781070592017537e-01,6.965129299501585658e-01,7.922417685632658912e-01
4.165597981945847739e-01,0.000000000000000000e+00,6.603381274381692201e-01,4.974622681803403390e-01,9.186369483642485845e-01,7.963105294480422591e-01,7.829426159764207860e-01,6.145515997938552077e-01,5.858992345880297270e-01,6.484925673393162615e-01,8.248679313609940111e-01,5.662830376191538839e-01,7.939450846224171965e-01,5.188848184164965294e-02,6.945485401428096450e-01,7.196902963405216180e-01,7.041219670619630611e-01,5.353226169827567799e-02,7.650940336804636921e-01,8.869909486580782598e-01,5.505863555935084364e-01,8.979050504636889585e-01,2.528512007187549981e-01,9.009811771405145109e-01,-4.925561555020735449e-02,6.512634293764862914e-01,7.388724844143150783e-01,8.725804553535018160e-01,2.376219211333412962e-01,2.837160438489639835e-01,1.166281829919346563e-01,3.357626987127282359e-01,2.420095145952254057e-01,7.909637663159965193e-01,7.402057782745961045e-01,5.458784515415642247e-01,3.882278899118309923e-01,6.860228705911448621e-01,8.941217730196561186e-01,1.429786814471443734e-01,6.833663485991100517e-01,6.192599441196173782e-01,9.615224929620745931e-01,6.939045347481960224e-01,5.488976270127194912e-01,7.083280175549175883e-01,7.798876563180348054e-01,2.124289849753290549e-01,1.958617763272032242e-01,6.633250289219141393e-01,6.977752680282205411e-01,9.284396474362294205e-01,7.484083098994919192e-01,4.309872631439340407e-01,6.809137015702119156e-01,6.769935445754818870e-01,5.152990400080541544e-01,7.267923163882987481e-02,2.245798725353848613e-01,6.845975764109426542e-01,2.231044669383538126e-01,4.673978019444858245e-01,6.920061322088998379e-01,9.398933518832049971e-01,5.912180707480244601e-01,5.138719123285833135e-01,7.358297359775686219e-01,9.966290826163621830e-01,5.113703430996019428e-01,2.351959490300958855e-02,7.681266560683256417e-01,5.948730266571036207e-01,1.195213259458205446e-02,7.235670757820412691e-01,8.429677622622941957e-01,7.791532860406837901e-01,6.593938170047405345e-01,8.164252271536461825e-01,2.401624116192771496e-01,2.101900720374618933e-02,5.960700369599308823e-01,7.166854281009882310e-01,2.637165926872324651e-01,4.539877091294033939e-01,8.957451561037667043e-01
4.039793932203368798e-01,6.603381274381692201e-01,0.000000000000000000e+00,8.243462285243353671e-01,5.485855182068319902e-01,7.561660340174801709e-01,5.208552220913434949e-01,4.157678349934597062e-01,8.807626275024740270e-01,5.589752878563232219e-01,8.017440807934995695e-01,9.397447258314338692e-01,7.040622117471450059e-01,5.171370524913494748e-02,7.872286907668758493e-01,6.091974127762360691e-01,4.714759421642966131e-01,6.254499439812032380e-01,6.487533540724719217e-01,6.343509292687925516e-01,8.839933567700599681e-01,6.533312712785966925e-01,9.183047476575965096e-01,2.272175637286714400e-01,8.646535615469254088e-01,8.195055390110730364e-01,7.327529542988236999e-01,7.304120734796009096e-01,7.596489079454780136e-01,5.787728799524509693e-01,3.300348381482272053e-01,5.677849454983027178e-01,8.110116712559529706e-01,9.074398837138976104e-01,8.239103947132420114e-01,6.783851953217630015e-01,2.269974756162814744e-01,9.367868732382231833e-01,9.156224473122190899e-01,6.951510189607822410e-01,2.884509921495415075e-01,5.061092414772826453e-01,6.414157497935675245e-01,8.187828758975220778e-01,9.087558823748010939e-01,8.724680220675704589e-01,8.515802979094514447e-01,6.479680123048946472e-01,7.437301192237988356e-01,6.823112909242768920e-01,7.110600015619545911e-01,6.030253896570324512e-01,9.844035224408173024e-01,1.938757890062065004e-01,7.526558782527320579e-01,6.607118549207294800e-01,8.011748032513867912e-01,7.831969442617762178e-01,4.786390152817177612e-01,2.666633870602643785e-01,6.578921039981833196e-01,4.782016594924305974e-01,5.413775788850272441e-01,4.417860281260473365e-01,6.132256351871456790e-01,5.264729122955909002e-01,8.715515284044644817e-01,5.866707090864387020e-01,8.138803771712375124e-01,5.350297451380503500e-01,6.706463292059806625e-01,2.947987529014531316e-01,5.147290868231392258e-01,5.298023032538557997e-01,4.445791510048434647e-01,9.804012988956083419e-01,7.717824999926219398e-01,3.088916490955115335e-01,6.684361780449985524e-01,2.015432321831154422e-02,8.512218503248351054e-01,6.842077325355107043e-01,7.078385511133870045e-01,7.924187084702606354e-01,6.568128469353260446e-01
3.462100584200777931e-01,4.974622681803403390e-01,8.243462285243353671e-01,0.000000000000000000e+00,7.589521508443418663e-01,8.772066816810284440e-01,1.847304798130775527e-01,6.494392155437234138e-01,9.397088145921091984e-01,5.594170082647136333e-01,5.070529994807623231e-01,4.643592823522631474e-01,9.245992317578377584e-01,7.240717896542634424e-01,6.038707264070960479e-01,6.715561078819334284e-01,9.517174998833459743e-01,8.150634777391172481e-01,9.456472727702360803e-01,8.468619859696889796e-01,9.616698857604516482e-01,5.958883596822563966e-01,9.274393885427223427e-01,6.163208440096016316e-01,2.389363881525973232e-01,5.504901518221727574e-01,6.289164662445418941e-01,7.230248966809098565e-01,3.545109096764129109e-01,5.552258425457150537e-01,5.170482828746467696e-01,5.435765193276679286e-01,8.517865265064624714e-01,5.751573378302594630e-01,7.829453680324335307e-01,5.050123699089530405e-01,-1.381408497770579002e-01,7.479060730607363372e-02,6.601148571110174723e-01,5.969443169423731543e-01,4.419904732516308221e-01,7.323447452179060457e-01,7.198249317224179045e-01,9.620443769597069039e-01,8.493058297075367635e-01,8.204661688878118753e-01,8.873614485419484277e-01,6.650055716201166423e-01,7.204741915783376971e-01,7.364130112980318277e-01,3.823206582327638992e-01,5.209238122726311815e-01,6.040588839473383098e-01,7.605001110282073595e-01,6.654879959560299207e-01,9.697284832691170919e-01,7.530163615952716327e-01,4.314536901758437848e-01,8.399809935407741568e-01,7.708479799356042772e-01,5.482891367639575186e-01,3.090155537218222670e-01,7.852327547697929289e-01,8.014507607077342444e-01,4.718394140932524738e-01,7.723008956813308679e-01,7.121266441100801980e-01,4.811397540637758485e-01,1.412647368093193634e-01,4.656280584905933551e-01,8.157621734345776865e-01,7.107810072725297967e-01,2.100433421754361318e-01,2.824578476703101249e-01,6.822210965259050131e-01,2.665581609830539045e-01,8.875318279445842951e-01,5.586794432873933847e-01,5.276817855628592735e-01,2.851337161880821425e-01,3.928213386844647270e-01,4.289729312210371903e-01,5.076453884903560088e-01,-1.092729307056308219e-01,8.024197293641899265e-01
8.012536627345703266e-01,9.186369483642485845e-01,5.485855182068319902e-01,7.589521508443418663e-01,0.000000000000000000e+00,6.879105976181965065e-01,4.158266518490907893e-01,4.028526063041510952e-01,4.886763096612593005e-01,5.719559422832423135e-01,5.398176812269195324e-01,3.988376446505546014e-01,6.061106306575263503e-01,6.645484768246598950e-01,7.430792636729470768e-01,2.515019948903586267e-01,7.681193502949394958e-01,5.560193489962239610e-01,7.031639037394997738e-01,8.865034981977113482e-01,8.074864313353689038e-01,5.182485319195219153e-01,7.597669636440794738e-01,6.203006577708826130e-01,6.210950860615749303e-01,5.215484709291057230e-01,5.705389094155780549e-01,8.165472346010667071e-01,4.746429886209790339e-01,1.779671320510648469e-01,5.108635255932254537e-01,4.278177758115075946e-01,6.263218346075116738e-01,8.257470894202307843e-01,7.172260901195500749e-01,4.364628595505354869e-01,-7.558875570303015545e-02,3.017774893039317785e-01,9.785143765955803818e-01,9.669726897455170889e-01,3.388566255216450829e-01,4.065695729553915339e-01,9.491843608293852874e-01,8.945269416653526262e-01,6.371991647405885750e-01,6.150645049815427479e-01,9.987872753096602718e-01,7.251192024387005386e-01,7.258309114693757280e-01,2.336017257512660594e-01,2.499216695601926275e-01,7.280634487317215742e-01,9.182567870343327776e-01,4.109809581784597543e-01,3.191352960116015658e-01,7.673896616030678741e-01,2.684086418746671754e-01,8.908827436813355760e-01,9.572052236693288085e-01,3.292316877312176371e-01,3.052761058701581875e-01,4.262169744409272099e-01,7.425953084134924165e-01,2.318859132912595156e-01,9.795896881209689155e-01,7.491441159789615778e-01,7.629987433568203858e-01,9.870547065172456946e-01,9.660351608343794583e-01,3.300605206720991225e-01,5.954488752166651189e-01,6.515727031232277922e-01,2.801905477861644789e-01,3.400094497693357254e-01,4.420416085740032086e-01,4.603197181546627714e-01,6.641569000763090092e-01,7.644924278394472639e-01,2.258086110850077155e-01,4.202864997040939854e-01,6.985330360266858163e-01,4.868473911166733004e-01,7.944448629241626092e-01,3.424005180891032118e-01,6.527009275701254332e-01
6.035901698494449130e-01,7.963105294480422591e-01,7.561660340174801709e-01,8.772066816810284440e-01,6.879105976181965065e-01,0.000000000000000000e+00,3.472737841705340056e-01,6.301711590419711850e-01,1.992401501690612975e-01,5.954333285798630859e-01,7.818790788214587950e-01,2.757891193380705430e-01,9.072082131755735412e-01,6.588803738280580857e-01,6.936756496484344225e-01,3.200590714919836488e-01,5.768180052430791349e-01,5.303636074560882374e-01,6.198496971627024399e-01,7.095630925802800526e-01,8.341526481793281045e-01,9.689233437971458418e-01,9.889091232957032407e-01,1.348818921749413702e-01,9.466481491804727977e-01,3.743856965611440657e-01,8.536236943522261811e-01,6.757479887960429199e-01,3.879313965338991310e-01,5.173998882529496912e-01,1.745621794747545252e-01,8.689582054602292827e-01,6.780713686840259546e-01,4.631129675848552063e-01,9.597124994305789025e-01,5.363923041462088648e-01,7.106141981993512324e-01,5.607741788659184046e-01,5.097853762261692623e-01,7.330868016750157201e-01,4.863225775896994341e-01,7.974755394866426261e-01,7.852484090224780555e-01,7.624227186690074598e-02,7.319657689432880199e-01,9.951164592140027132e-01,8.009358286967129814e-01,4.408742618692155224e-01,7.027229999163575602e-01,9.750964638071749624e-01,7.890631026952270588e-01,3.061442774517714183e-01,5.712491662487005906e-01,5.519656462732093205e-01,4.635964599524013963e-01,7.777286279538437874e-01,6.212115216883551394e-01,6.657490581430677290e-01,6.004768765367854977e-01,2.105153206961383749e-01,-2.075488077829668043e-02,6.779175323439133871e-01,5.255822476664375742e-01,5.361254447289340863e-01,6.703618317298309925e-01,2.642518327624164276e-01,7.824299442062199184e-01,6.540633358196910052e-01,2.580347943385211118e-01,3.228836264890860841e-01,7.325915167446414022e-01,6.046655717985713885e-01,6.605579010928065431e-01,6.890577684675632808e-01,1.441602696840201536e-01,8.254920813743952257e-01,4.102608576014039055e-01,2.150380990646516000e-01,6.447084855961927596e-01,3.242027430901045504e-01,2.129940781602683297e-01,7.695182761976042674e-01,6.785477745214875123e-01,3.561428764130806224e-01,7.421961552067617429e-01
8.607170866377438223e-01,7.829426159764207860e-01,5.208552220913434949e-01,1.847304798130775527e-01,4.158266518490907893e-01,3.472737841705340056e-01,0.000000000000000000e+00,2.026598207848537281e-01,3.242521025504699339e-01,7.808724643757390949e-01,7.566122518161365607e-01,3.678516405592117122e-01,6.554658792113184917e-01,3.495783187771114298e-01,9.632162521526697052e-01,1.899527780358104267e-01,7.038088061799806505e-01,5.584925477396025517e-01,5.278724030170360848e-01,6.335690460465427387e-01,8.225353853479707711e-01,6.660330180182170157e-01,9.413982081247398437e-01,2.505458949718645800e-01,5.784691716790921756e-01,4.853756408330438532e-01,6.060665995481139268e-01,6.249675635220832692e-01,2.080129741484647299e-01,4.927843596299698592e-01,2.900999271279714464e-01,2.523297415534309640e-01,5.910391003816053423e-01,5.150407510420166313e-01,2.328111460327095261e-01,7.976074803813142378e-01,3.139243778104477967e-01,4.273876406885080415e-01,8.729792600883424791e-01,5.292465466919145101e-01,6.779138917626456040e-01,7.374711146453577504e-01,6.956079289797384435e-01,7.150899584658600983e-01,8.566226623946896490e-01,6.789417668329931210e-01,5.429332036210074985e-01,3.313441473256931724e-01,9.496952718400751836e-01,3.608779319511212780e-01,8.590848464547395924e-01,3.981110660845916804e-01,1.399457577808090325e-01,5.674823955585086566e-01,6.943441899373757886e-01,5.818820605332550855e-01,5.596493976947219950e-01,4.600639468143017524e-02,6.213284027913072993e-01,-6.684404313769662376e-02,4.728026661197162195e-01,4.855864540736044010e-01,7.102715337175167232e-01,7.191521975846226766e-01,6.380837404725440143e-01,3.504667434666098869e-01,4.605539754934867003e-01,8.964398077281854338e-02,5.401279483092871203e-01,4.446023832634640738e-01,4.638721636159593431e-01,5.491787359217696896e-01,5.252403353461245761e-01,3.943921887547249261e-01,5.211290765236147315e-01,6.092206708520485625e-01,6.113890657620559832e-01,5.617471305092373024e-01,3.893213315296091270e-01,6.766162148077975447e-01,3.029917192652471503e-01,3.621564989817001035e-01,4.996224082270835920e-01,1.357821691969464672e-01,7.239318680242448067e-01
7.276627532714360358e-01,6.145515997938552077e-01,4.157678349934597062e-01,6.494392155437234138e-01,4.028526063041510952e-01,6.301711590419711850e-01,2.026598207848537281e-01,0.000000000000000000e+00,6.234459536096856880e-01,4.547683419978417185e-01,7.914403007090250464e-01,2.102222653420977028e-01,9.393079470958092259e-01,4.139753096465080828e-01,3.115741069079774883e-01,6.498654208018299627e-01,6.109440601256133085e-01,3.731049103629635044e-01,2.497500315298066820e-01,4.770408558335411664e-01,5.340784891596781492e-01,4.960488671236970570e-01,5.364244954960515344e-01,9.286806455099052560e-01,2.261832648663604783e-01,4.767359030831898048e-01,4.485995832328691368e-01,5.560376590936983998e-01,7.566011124910863028e-01,3.256958056001261759e-01,3.018568054788385857e-01,5.500414367647609160e-01,4.251851320858999750e-01,4.410320289032280128e-01,5.081335354549731953e-01,4.678155971308431416e-01,-1.231176342715297189e-01,7.521124799675362738e-01,7.927888474383790740e-01,2.023600446266069774e-01,4.567095989156663149e-01,5.123639585081315451e-01,1.771479422409310833e-01,4.982857267096290066e-01,7.781660627710162981e-01,2.273723471305560129e-01,7.936398437772789194e-01,3.406289387364486165e-01,7.123160146636398071e-01,3.955868525857919593e-01,2.885016268968987330e-01,4.164246697096597449e-01,6.753413595548580783e-01,7.280690635613051853e-01,8.354487745764737072e-01,4.191442134056106994e-01,6.393512535847459821e-01,3.487119111180063680e-01,-1.553135516605140543e-01,6.716667109596122787e-01,3.926369810455497822e-01,6.418800844763031810e-01,5.289211414895834684e-01,6.606072232613469097e-01,4.624344440819809221e-01,4.768120067314511878e-01,4.701577723030921918e-01,8.502894781736256569e-01,9.097279958223313256e-01,6.442231672457974234e-01,9.920534377359089273e-01,5.595189509859891386e-01,5.810730276811069267e-02,5.787405458836981653e-01,6.255592799707028195e-01,-3.566397923043347906e-01,6.772017385169314396e-01,3.855296527617387281e-01,4.295491258196101336e-01,-1.827401625543345620e-02,9.008691937810707762e-01,6.900834936897390914e-01,9.786667153225393490e-01,2.596230612295598594e-01,3.965270987979464534e-01
8.620470362675232145e-01,5.858992345880297270e-01,8.807626275024740270e-01,9.397088145921091984e-01,4.886763096612593005e-01,1.992401501690612975e-01,3.242521025504699339e-01,6.234459536096856880e-01,0.000000000000000000e+00,3.373123523243549693e-01,7.652452724362996950e-01,6.994729957246916818e-01,7.783301849498223124e-01,6.916207752444684109e-01,7.679466923895706953e-01,3.119294715497119008e-01,6.201896181862402990e-01,4.618623624565788011e-01,-4.583573082557057532e-02,2.740213226294878068e-01,7.658779743194172873e-01,6.085336927805407026e-01,7.243888345779542215e-01,9.488574714042741221e-01,4.914212313032868817e-02,6.141513933371267608e-01,7.923115711640187353e-01,5.989838824402418105e-01,5.088858654648806823e-01,6.370015978102272491e-01,2.653460388103601741e-01,5.229464282373644801e-01,4.052195406816734291e-01,1.859753007249889123e-01,4.639816179249407480e-01,4.149713289868771637e-01,5.178143699128756605e-01,4.316925151724787524e-01,8.172892178035219279e-01,3.119228876337231671e-01,-1.839945385174190651e-01,4.922974297785760456e-01,9.281766616542170834e-01,6.206155904278972679e-01,8.246025188425113450e-01,7.621227494487409215e-01,7.352988923446659442e-01,5.195597105233643598e-01,7.963926617527304908e-01,2.424324453164858340e-01,3.884790848348574355e-01,5.105105907271787480e-01,4.535101692650463923e-01,5.818777938974146746e-01,5.059635911866890989e-01,5.769618003941912043e-01,8.584564849456391977e-01,3.781070368270693649e-01,5.353609336809515007e-01,1.230136982888697661e-01,4.333403188962116626e-01,2.226723428556518225e-01,6.034435138224190087e-01,6.370357498411706176e-01,3.612040945378347523e-01,6.379397352186725323e-01,9.724554769536212229e-01,9.428674836109220969e-01,7.921647817370695011e-01,3.147203591762510744e-01,3.256924800405981424e-01,5.296416673938734165e-01,3.220219613019976723e-01,7.162922423261015581e-01,3.035114951858692844e-01,4.879994645994132907e-01,5.709784241866995291e-01,5.613999476378638276e-01,5.493893313494779829e-01,-1.847358079343942028e-01,7.882034640927373381e-01,8.000420260901661695e-01,4.872213637513230777e-01,3.026329884711971840e-01,4.280945902029029138e-01
8.385553414513867709e-01,6.484925673393162615e-01,5.589752878563232219e-01,5.594170082647136333e-01,5.719559422832423135e-01,5.954333285798630859e-01,7.808724643757390949e-01,4.547683419978417185e-01,3.373123523243549693e-01,0.000000000000000000e+00,6.314873015023469982e-01,7.302760169860615935e-01,8.452908566748515984e-01,4.978792338314089183e-01,7.466108882776092415e-01,6.273240881717481177e-01,1.003099936400541764e-01,7.559363230928349831e-01,4.579244392375984574e-01,8.990535178497081059e-01,5.683176516086201335e-01,5.605437534840583824e-01,6.472391603880702782e-01,3.150232004207096370e-01,4.112303313333072752e-01,4.880954537511690283e-01,7.154600484670340377e-01,7.740221252203425273e-01,5.150907703971738805e-01,6.982379404508528564e-01,3.551890182381258754e-01,2.456917297986146165e-01,9.474222556473486101e-01,4.021824700315344003e-01,3.146423900467833490e-01,3.131029611007520863e-01,-1.473946669266746889e-01,6.017440621753394198e-02,2.699876132749519653e-01,9.351373496045369826e-01,5.037315458427250592e-01,6.504932478202646307e-01,6.877785612276768878e-01,8.793599860878601460e-01,9.015950950917359652e-01,6.110106701210108460e-01,9.822213103384149768e-01,9.159496948985635933e-01,3.512613701327536031e-01,9.120877940111117299e-01,7.938118617675844479e-01,9.274728028911453093e-01,8.889401220895750688e-01,8.120201932506974085e-01,7.719744331706522578e-02,6.147335708680600197e-01,3.326158422810840953e-01,7.302453617832426191e-01,8.650744593151131756e-01,3.914818660840004294e-01,7.148778044149723954e-01,6.263579605357039171e-01,5.337479299845587777e-01,9.146546204871276453e-01,8.533424431130225418e-01,8.665185890885371833e-01,7.222479850795213707e-01,6.047923266215976534e-01,4.432922969445479700e-01,2.583964055474513577e-01,4.581666116705370162e-01,4.844875642894908019e-01,2.325133588403829055e-01,1.433783758541005288e-02,7.041328223343633619e-01,7.366087034727202276e-01,7.866738621860979164e-01,5.863504674579265163e-01,7.590358585174361572e-01,3.614641180211959348e-01,2.077871555436410222e-01,6.977783021473645819e-01,4.613881327848953773e-01,5.396739477609032720e-01,7.397211486266486169e-01
9.383432953465266069e-01,8.248679313609940111e-01,8.017440807934995695e-01,5.070529994807623231e-01,5.398176812269195324e-01,7.818790788214587950e-01,7.566122518161365607e-01,7.914403007090250464e-01,7.652452724362996950e-01,6.314873015023469982e-01,0.000000000000000000e+00,6.997124326229835489e-01,8.948692511705191865e-01,7.948216882324812271e-01,7.577491601677450728e-01,7.112128409503697402e-01,4.175412122148743355e-01,8.205921274961613943e-02,7.611642728886656162e-01,7.426793310367257872e-01,8.107299583362049811e-01,6.952622728697688270e-01,8.269376362889618859e-01,9.116266681748822487e-01,9.051471758124496336e-01,4.289880319176289647e-01,8.315395866717197881e-01,6.139325946269560408e-01,4.749387585353251895e-01,5.496368668344921993e-01,3.650353296021890959e-01,6.207317348690922776e-01,7.198063760273297751e-01,5.344193114990993809e-01,8.405301108399176879e-01,7.797719471501004529e-01,2.913327523941311448e-01,6.333186294445001252e-01,9.930431164328538118e-01,3.972761959424351424e-02,5.307634259138769295e-01,3.983697449910540422e-01,9.661867609236579613e-01,3.072175975750943699e-01,8.387806822524335182e-01,1.064930581857444630e-01,6.216057302414271790e-01,6.334061529918771916e-01,3.380187250863014858e-01,3.517304376905034946e-01,4.850656770992117783e-01,7.843297947818943516e-01,6.864102194647360156e-01,3.075607650231467760e-01,7.632622523702790041e-01,5.597882727257178503e-01,3.626357092854758379e-01,7.561188105810217053e-01,7.471918517945824734e-01,5.394897335222352819e-01,2.075139350591683959e-02,6.974938793082460231e-01,8.448120109590769866e-01,8.415545440340337358e-01,8.327541672235566628e-01,5.567515314288001838e-01,6.984740480566185017e-01,6.097578918167244622e-01,5.749087292453263220e-01,6.612579014087487106e-02,9.603465824647715587e-01,6.722675067110392977e-01,2.375467599142394581e-01,2.492896237033399298e-01,8.077954268103891833e-01,6.009678194311837141e-01,6.077638314050571866e-01,1.582195825072679474e-01,5.584837982818391389e-01,9.567333389673267352e-02,6.694253935386272891e-01,9.587145972315223030e-01,7.278815296878182739e-01,5.029497435625803758e-01,6.178786662529748286e-01
6.979192363890759365e-01,5.662830376191538839e-01,9.397447258314338692e-01,4.643592823522631474e-01,3.988376446505546014e-01,2.757891193380705430e-01,3.678516405592117122e-01,2.102222653420977028e-01,6.994729957246916818e-01,7.302760169860615935e-01,6.997124326229835489e-01,0.000000000000000000e+00,8.051788158603010448e-01,4.630317921286035698e-01,4.411430177234387795e-01,7.824316766664887179e-01,2.497658474507555015e-01,7.986027536447894981e-01,4.747964957702460742e-01,6.869076104977743791e-01,4.125147393615635205e-01,1.679207793995987283e-02,5.729859336845577467e-01,5.395760841137762220e-01,7.947029227884665481e-01,8.940137225324518155e-01,9.696301212848322804e-01,5.231082477038894174e-01,4.680596094667103801e-01,5.810192954750659222e-01,5.677827585030392754e-01,3.860542210857132450e-01,4.432144760864141220e-01,6.687682726026561442e-01,6.758340246949027241e-01,4.269366868293009154e-01,5.177954420799628643e-01,8.554648212717071987e-01,9.820228187396953246e-01,2.039036631141319944e-01,5.502565827748441274e-01,6.592597354772491425e-01,7.263013333189027865e-01,6.133791936592095650e-01,7.762934297977710507e-01,3.684308547929056044e-01,9.123543503473163785e-02,7.670395862507750628e-01,8.853426913123635389e-02,7.713517642051606060e-01,4.400068400069158669e-01,8.911232695663772185e-01,6.010887895318319796e-01,5.947042853002608709e-01,9.029326421009673531e-01,8.431728364718431568e-01,7.937431793701288374e-01,6.105089407711679073e-01,6.014487125650775923e-01,2.661927701796071855e-01,7.961927452379147230e-01,3.014130727323418024e-01,6.977327330245506332e-01,9.349155019433739167e-01,8.945285030794262182e-01,6.322330354214824588e-01,7.526396318928818552e-01,5.323440368248298915e-01,2.938273777451476110e-01,5.539831538765694896e-01,6.642149549792273344e-01,4.222227476562528947e-01,4.279298307865092577e-01,7.022424063186429866e-01,2.270256251873470910e-01,9.785232388254185842e-01,9.687388725763750319e-01,3.932466135250292094e-01,3.990426983036028663e-02,6.135672871580623022e-01,5.368399638978796906e-01,9.723490874866896894e-01,7.173787249681022882e-01,5.250806804964163188e-01,7.578870660967691741e-02
7.918727658880008180e-01,7.939450846224171965e-01,7.040622117471450059e-01,9.245992317578377584e-01,6.061106306575263503e-01,9.072082131755735412e-01,6.554658792113184917e-01,9.393079470958092259e-01,7.783301849498223124e-01,8.452908566748515984e-01,8.948692511705191865e-01,8.051788158603010448e-01,0.000000000000000000e+00,8.395020383739328906e-01,3.997192956904639383e-01,8.901540894258891390e-01,7.504732254308414952e-01,2.632244113120973950e-01,4.368416455288864908e-01,1.835914497113834976e-01,6.038475221427063167e-01,2.546217806561857366e-01,8.327713140661798796e-01,7.955697619880975902e-01,7.333657280654586330e-01,6.534659069015928967e-01,5.698626878626029679e-01,5.046128860884354639e-01,1.945932547525330292e-01,5.273543919480785380e-01,2.853000954119203625e-01,2.324917852821665187e-01,5.029917364253583267e-01,8.931164286754611492e-01,7.050490071997906893e-01,4.000917226050924175e-02,-1.038711309938858268e-01,8.355923794694685158e-01,6.455318620378345251e-01,8.822250619557899798e-01,7.174561154726779577e-01,7.442321437243539783e-01,5.510280745600276697e-01,7.511041359985575205e-01,6.701102531689948627e-01,4.108452199907419722e-01,8.387983557560051429e-01,7.994513653857675539e-01,5.254150758753610706e-01,7.722688862400328702e-01,8.238234665719107452e-01,2.296227153961975243e-01,8.431854491845868216e-01,2.368887242878996990e-01,7.106350616471666104e-01,5.437028440657813988e-01,6.194824522567159431e-01,4.442114505983140726e-01,7.116148459105245960e-01,1.356764538172208247e-02,4.238067030150157732e-01,4.137554873916902132e-01,5.712807139963490544e-01,7.870711985976637237e-01,9.405650283337543272e-01,8.947541478444305252e-01,2.959053738995931493e-02,4.929795485526921039e-01,6.413421454945078537e-01,8.705633601348085060e-01,3.848455249027336045e-01,4.723276773348806246e-01,2.471517044951512809e-01,5.625478226020359518e-01,4.056799038548931091e-01,5.368487765766674080e-01,7.831772171684026063e-01,8.391432662929756425e-01,9.391258780458315858e-01,2.225853284784434505e-01,6.998579545615960518e-01,8.517175552279580009e-01,7.214911690880695394e-01,-1.890564618799248364e-01,5.100650782138722583e-01
5.788866245149678624e-01,5.188848184164965294e-02,5.171370524913494748e-02,7.240717896542634424e-01,6.645484768246598950e-01,6.588803738280580857e-01,3.495783187771114298e-01,4.139753096465080828e-01,6.916207752444684109e-01,4.978792338314089183e-01,7.948216882324812271e-01,4.630317921286035698e-01,8.395020383739328906e-01,0.000000000000000000e+00,6.716029821029305680e-01,8.257751156419436134e-01,5.592745234917109176e-01,5.309727759645575113e-02,7.961849520580153161e-01,9.960175539697715963e-02,2.490144479258121490e-01,7.594473033416404562e-01,7.894196343418399264e-01,9.166465676021520181e-01,7.244903967305547088e-01,5.042658064595815226e-01,4.884369167849275106e-01,7.390307936080415807e-01,4.128665386780737689e-01,5.900356685231473997e-02,2.940598141039628688e-01,5.913737551113900093e-01,5.883915561511610104e-01,5.734641343939069769e-01,7.812124764403109989e-01,5.339700613568416632e-01,1.569321653071213407e-01,4.522114784944804566e-01,9.853266897869733532e-01,7.300241007744513455e-01,6.530190774238689433e-02,2.709838841888488892e-01,9.282552686081575466e-01,6.345420413096551915e-01,4.117719311673705973e-01,9.372376917428210108e-01,6.889362560653038425e-01,2.239241325167246055e-01,9.544608770885782967e-01,6.348225667816416173e-01,3.978605225505867926e-01,6.147407159362204832e-01,8.440402765670416141e-01,6.814526298767314971e-01,8.909785058034500604e-01,7.211430781658882960e-01,6.083573562180762950e-01,7.754388836752247327e-01,2.576843519333022470e-01,5.693147702741030436e-01,3.630842159783284617e-01,7.516985328948315725e-01,7.732595386300045170e-01,9.474194234502103518e-01,9.414065521576254758e-01,8.746259410257293254e-01,3.836927657818999249e-01,9.241776681650807346e-01,7.952233483476102149e-01,9.250269666413045710e-01,4.154216462793439701e-01,6.984247770882907602e-01,5.803876795614674178e-01,-1.932467286978689913e-01,6.220382624042560815e-01,6.688193895571217240e-01,8.464439972415389590e-01,4.719319065032694382e-01,5.887405914979928490e-01,5.980503773986918237e-01,8.327063850978554393e-01,9.214409434469567062e-01,4.441756747317111564e-01,3.689360871470975800e-01,6.783664829249531625e-01
7.400476738371528640e-01,6.945485401428096450e-01,7.872286907668758493e-01,6.038707264070960479e-01,7.430792636729470768e-01,6.936756496484344225e-01,9.632162521526697052e-01,3.115741069079774883e-01,7.679466923895706953e-01,7.466108882776092415e-01,7.577491601677450728e-01,4.411430177234387795e-01,3.997192956904639383e-01,6.716029821029305680e-01,0.000000000000000000e+00,4.359944479719553567e-01,9.260245023437960743e-01,4.719663579759256766e-01,6.634649360128569429e-01,6.495586777570581116e-01,9.844660658726248625e-01,7.409000598312971420e-01,7.480592232331627622e-01,8.445225422231423806e-01,2.336474018644720818e-01,3.755232628961825414e-01,3.917439486560022055e-01,5.651854454145802675e-01,5.560861739405863480e-01,6.584400633807543368e-01,7.801885278138367408e-01,7.672085455723490766e-01,5.072659677372239884e-01,5.339816001287318592e-01,2.080222254332864673e-01,5.242669341098371572e-01,5.828208144406232805e-01,5.730410850749719787e-01,4.063870042084675172e-01,5.149219752263565208e-01,2.589508217364283604e-01,6.415149942645108627e-01,8.649185321751697852e-01,4.948220618482303546e-01,7.662418812736626617e-01,9.711966883349439916e-01,5.244422007793164697e-01,5.747979700828536043e-01,4.701233791923036254e-01,5.267670682372349589e-01,4.552898347261439271e-01,9.907123534425293920e-01,5.231187174164677600e-01,6.729254847606382928e-01,8.837190905358818238e-01,7.544452170519611034e-01,6.225993473271322909e-01,8.515288721853968568e-01,8.365238999378195039e-01,4.062600666005596883e-01,4.206709463886094125e-01,5.152782209481688858e-01,3.564175319646242235e-01,7.375290549222711656e-01,1.797509329331867245e-01,2.280084125059615441e-01,5.801379722378168236e-01,9.782348564270793023e-01,7.932961100211579630e-01,6.252447868822836874e-01,3.312875981190292474e-01,7.023819558961876819e-01,5.054527860054945920e-01,4.741816549373031320e-01,4.843011841222155112e-01,7.005787459008964158e-01,4.755728453802696709e-01,7.764074559840317136e-01,9.036907607123684238e-02,5.631166748723142046e-01,2.109837226427140611e-01,9.531526567379648984e-01,6.423713221191851286e-01,1.692432970373648760e-01,2.578474591357385326e-01
9.546093088036006202e-01,7.196902963405216180e-01,6.091974127762360691e-01,6.715561078819334284e-01,2.515019948903586267e-01,3.200590714919836488e-01,1.899527780358104267e-01,6.498654208018299627e-01,3.119294715497119008e-01,6.273240881717481177e-01,7.112128409503697402e-01,7.824316766664887179e-01,8.901540894258891390e-01,8.257751156419436134e-01,4.359944479719553567e-01,0.000000000000000000e+00,6.561799754384970429e-01,9.774903929898338673e-01,9.879526729984807742e-01,4.751951733661032851e-01,5.238648560103540408e-01,5.854178503724538629e-01,4.725520647750942604e-01,8.544483532915277957e-01,5.155040883664758766e-01,5.877833730124452094e-01,7.167294730572133510e-01,3.069173651090858490e-01,3.402534947233162299e-01,3.118385245727378074e-01,1.350539992830705749e-01,7.367874902384643487e-01,6.396594777596247283e-01,3.086580753793208842e-01,4.005413936316661316e-01,4.847677234892863729e-01,4.072052617385368278e-01,4.281680517216506221e-01,6.182555141937370324e-01,2.566093723571419849e-01,4.124035845800522182e-01,3.358198611471029382e-01,6.484935116785527365e-01,9.436142137792649653e-02,7.397280239491867970e-01,6.197377900547518248e-01,7.346855133011128691e-01,3.649563921223258345e-01,2.371843024349588602e-01,4.205348260136896332e-01,8.345461981599141543e-01,1.829250262741392297e-01,5.243080960640661425e-01,7.796797877859346082e-01,9.704070972245442128e-01,7.584310098009366952e-01,5.359424783377032542e-01,6.936745876867560501e-01,5.249672759807504363e-01,5.665112561663623314e-01,2.434172404255739164e-01,7.199260832517582198e-01,4.485340186766914594e-01,2.326408597519820654e-01,8.422140089880606473e-01,6.993887308988112617e-01,6.427373382872153540e-01,4.439708612092410633e-01,4.781035191565530251e-01,5.592653024320352051e-01,5.770366795097736645e-01,-5.868409349191577862e-02,4.878666620201836945e-01,3.425034206936041770e-01,6.226864772718517793e-01,1.319612943930503768e-02,9.579232277720007849e-01,2.078637883789635765e-01,5.156773052768305332e-01,5.364291981541946530e-01,2.674354019728806264e-01,6.575690028883870442e-01,2.847093438907104535e-01,3.183758896397436700e-01,8.739635123891134061e-01
8.163468875019866955e-01,7.041219670619630611e-01,4.714759421642966131e-01,9.517174998833459743e-01,7.681193502949394958e-01,5.768180052430791349e-01,7.038088061799806505e-01,6.109440601256133085e-01,6.201896181862402990e-01,1.003099936400541764e-01,4.175412122148743355e-01,2.497658474507555015e-01,7.504732254308414952e-01,5.592745234917109176e-01,9.260245023437960743e-01,6.561799754384970429e-01,0.000000000000000000e+00,2.126955973972325664e-01,5.818018541244647235e-01,5.484339284193988640e-01,4.245156995410004352e-01,8.310844010757078015e-01,8.896096951447348689e-01,8.278958938435083681e-01,6.901167250346380566e-01,8.084818484695400764e-01,9.761922293506821724e-01,6.124698064047675583e-01,9.916616041459302977e-02,6.965737668631466484e-01,5.795957199532336679e-01,6.016589580762192746e-01,6.137372657826289934e-01,4.178205647309671256e-01,7.749271875027563539e-01,2.531664583209206620e-01,4.064311843000159019e-01,6.581424230071527548e-01,6.710692271755511751e-01,4.619536536316811159e-01,2.238285093133964010e-01,9.884892360121165789e-01,9.288050961665619276e-01,5.414836592077071353e-01,8.872779419072823748e-01,5.188031746259390564e-01,6.387823612205887347e-01,6.934511220309731439e-01,5.003012449310824117e-01,6.481690432473669050e-01,5.304295155813484319e-01,5.082114042044906244e-01,9.160711672683274909e-01,1.333465151909882518e-01,9.846994037842063952e-01,7.624850631923663080e-01,7.770596482237365210e-01,8.231645014694345397e-01,7.216246794719992641e-01,4.107898155562769160e-01,4.146523092166957136e-01,2.121390567198538357e-01,7.883550212509051747e-01,9.876144011967546987e-01,9.875466879143014465e-01,6.453607565431693782e-01,9.554510092600028148e-01,9.748663614404409206e-01,7.039538681252597296e-01,9.518679095169113591e-01,7.921606178474024373e-01,4.834009895143878688e-01,3.832570938827810636e-01,3.762980467895836734e-01,5.119371298242361146e-01,7.661654752604267760e-01,2.488184191939041279e-01,8.987232667476767745e-01,3.363483979290622372e-01,3.861791234480929091e-01,8.013836386677561929e-01,7.411070167536828457e-01,7.412051460173678663e-01,2.563890791722726603e-01,6.092639985820930137e-01
7.690932413361959430e-01,5.353226169827567799e-02,6.254499439812032380e-01,8.150634777391172481e-01,5.560193489962239610e-01,5.303636074560882374e-01,5.584925477396025517e-01,3.731049103629635044e-01,4.618623624565788011e-01,7.559363230928349831e-01,8.205921274961613943e-02,7.986027536447894981e-01,2.632244113120973950e-01,5.309727759645575113e-02,4.719663579759256766e-01,9.774903929898338673e-01,2.126955973972325664e-01,0.000000000000000000e+00,7.315043162027180523e-01,6.670935018234761538e-01,8.535491984588684522e-01,4.736980640397825404e-01,1.697998758493950711e-01,6.925738422487701662e-01,3.731609395385366845e-01,5.957388115121240446e-01,9.361291485524120271e-01,5.996095506650583884e-01,4.303753048273426668e-02,3.743545230224469833e-01,-7.737961211569666098e-03,6.795239213200667816e-01,7.445698599070766921e-01,4.604583255306277101e-01,4.923514325832276106e-01,6.683910160940612633e-01,5.666331460909810325e-01,4.668045461236650095e-01,9.625558212869738117e-01,5.111146788878946357e-01,5.815544752784580496e-01,5.161287361501136761e-01,6.833696163437894544e-01,8.619427899017558792e-01,6.153769134502058424e-01,9.225310297669536697e-01,7.562856171379130910e-01,6.826005948284791236e-01,7.197324263810946920e-01,3.955002301121667285e-01,5.284091036037381617e-01,6.236023642229727715e-01,8.077066605205022176e-01,5.950432552399972375e-01,8.682113318696840221e-01,9.085688545934926807e-01,6.313922945051897440e-01,8.035862731419074478e-01,6.942196971196468169e-01,4.529364466257017607e-01,8.088281649545192575e-01,6.095021534391661389e-01,4.481033714902253329e-01,3.077400715422724531e-01,6.431405716636650061e-01,7.689956590330736530e-01,6.759782531104336911e-01,7.811430736589430879e-01,5.708951506697412803e-01,2.399398234729683832e-01,6.493735229434824952e-01,2.717641470746176569e-01,6.355684871993163565e-01,5.598964405041217951e-01,2.583389804214395458e-01,7.669559234879332887e-01,8.595249579755921410e-01,-3.591192340045043507e-02,4.690609912217750255e-01,4.656273057063478049e-01,7.102356408663698106e-01,7.673559728701512261e-01,5.644833627862151371e-01,5.559980506432714575e-01,4.888047896611288912e-01
