0.000000000000000000e+00,9.363782421439920123e-01,8.268629396226244710e-01,6.922533703783024794e-01,8.109117296954498899e-01,1.041671095988225965e-02,8.823535451031254695e-01,6.637828603982023346e-01,6.471692497418775059e-01,6.082739542702101376e-01,8.654699187139762717e-01,6.605008742779202580e-01,9.158795502021449542e-01,7.930176814251020945e-01,8.647448155682966320e-01,6.161538624623308369e-01,7.592176007595373421e-02,5.860254012533432366e-01,6.235609142202087618e-01,7.506995924594651592e-01,9.950786353478512369e-01,3.900724106998610941e-01,9.302180767460261901e-01,9.328262582974689021e-01,8.302807555148100649e-01,6.088520699171636741e-01,7.900981253404011362e-01,8.441121381711489402e-01,5.263563313466159688e-01,6.152080132120371081e-01,4.570796819512419618e-02,5.803765799087745592e-01,3.440180763693994059e-01,2.783275287578495516e-01,8.871506696766316979e-01,-6.698827330479148467e-02,5.607170230597040561e-01,9.578317319568500077e-01,8.792060455806692820e-01,7.079064311545393284e-01,4.840307378064278576e-01,6.352501003668385993e-01,9.816906306663708559e-01,7.996794382076042318e-01,7.830516280435402265e-01,6.084993557248360441e-01,5.349439454305090491e-01,5.576287504520163196e-01,9.131408808484571260e-01,6.593703505895897043e-01,9.681879982776617766e-01,9.979186858854280917e-01,9.946191304539148126e-01,4.509158470701781218e-01,8.994814693449753040e-01,6.517256009563346941e-01,7.270726405914715862e-01,4.483987560555127705e-01,6.480541617351232020e-01,3.792974418459408303e-01,2.466100130469893181e-01,4.801197243862729280e-01,7.802583950336112739e-01,8.164765512418841187e-01,8.003876006085653971e-01,8.801073117028171966e-01,4.773927045693643345e-01,7.807307831305033696e-01,9.326706201178777134e-01,7.506848064220884575e-01,7.963715739850233399e-01,6.756891532232289777e-01,6.462083083839971209e-01,4.590256248630454339e-01,8.210941340545589995e-01,7.141377966800670496e-01,2.969833389311802296e-01,4.421991742449685181e-01,2.130449544336224244e-01,1.098408995599737918e-02,7.057028507142418805e-01,7.560296281558105402e-01,7.256034380662331751e-01,1.755264019264640429e-01,5.338581441465173327e-01
9.363782421439920123e-01,0.000000000000000000e+00,3.846480552831580413e-01,7.420065640715576283e-01,7.518663376456833358e-01,9.727949696206896757e-01,2.590571971143381669e-01,7.493316524707157589e-01,1.659698271078346998e-01,4.565337342509896978e-01,4.351928080697127776e-01,8.344496693153626854e-01,5.589517021423831000e-01,6.303996166120953148e-01,7.073203828985240582e-01,1.470027422085561364e-01,5.219410112742735031e-01,5.119328733974818357e-01,4.442068402436021857e-01,7.438335064633119220e-01,4.646764527944334811e-01,9.542028719258645042e-01,8.391854344154429102e-01,6.556628147245814331e-01,7.753265817983701243e-03,5.960415258357106838e-01,9.321910164745090821e-01,6.349531249722534243e-01,4.985690172948772370e-01,4.503637184926737591e-01,5.776080182035782107e-01,4.580146247318814812e-01,9.523515243242864914e-01,5.589134456795391559e-01,4.352065772799484367e-01,5.891617267372202260e-01,-3.712371777176993182e-01,4.435264504143960895e-01,7.203734561383390300e-02,8.316688458298673314e-01,4.174839574398853115e-01,5.398347957694991095e-01,7.122676177759942329e-01,3.149848179152209826e-01,8.687452000223933046e-01,6.597255752430746245e-01,7.732834178299481387e-01,-9.847708859933025638e-02,8.652878826274859603e-02,6.413795887009888785e-01,7.993669707201547237e-01,7.492067254444056967e-01,4.596446625185078294e-01,5.152921218003493342e-01,7.868392288892129827e-01,8.342662371486573303e-01,7.139985219899200874e-01,2.528534296943334425e-01,6.753537218545639931e-01,7.033433023648946181e-01,1.081377055517396962e-01,7.578434536306748459e-01,7.239297663895030155e-01,7.004096594218875982e-01,8.680655044854126423e-01,7.065615519212222750e-01,4.599491789042547407e-01,9.497161659928143873e-01,3.922146864056135218e-01,7.626847148697016854e-01,8.203536590885217583e-01,5.545902570933733955e-01,3.451916488023360485e-01,-1.083470222178395392e-01,3.366118474760719792e-01,5.809707899890415028e-01,6.341015679106705161e-01,4.784710922945845657e-01,6.144341830480126720e-01,3.633410736710574462e-01,3.728190068404708124e-01,9.044975724717053689e-01,2.691811737149414352e-01,1.300953178342245664e-02,4.988576831559364821e-01
8.268629396226244710e-01,3.846480552831580413e-01,0.000000000000000000e+00,9.409928409880674582e-01,9.192912675961882885e-01,9.003305449088722101e-01,2.131585003051496285e-01,5.493255047669372004e-01,7.876056288780655112e-01,7.891301050969321551e-01,9.717996676297802061e-01,6.133396689688265235e-01,6.933764522525618368e-01,9.473331102903544965e-01,6.843966184292602506e-01,9.134744485290662297e-01,6.633957084092131362e-01,5.757054828732902640e-01,9.830977621868159932e-01,6.954794971604215670e-01,8.848942141508410186e-01,7.163622771607768280e-01,6.952506240847170504e-01,6.536464817412698247e-01,8.758758478485444421e-01,6.405097204031042768e-01,-1.275469398127370146e-01,9.829573879720172602e-01,7.046257187335025485e-01,2.341549116111420747e-01,4.204726404225369585e-01,7.768796731654650234e-01,5.296572977260256554e-01,8.809925135186382761e-01,3.421822497262815288e-01,1.255486868243751442e-01,4.183845473363657086e-01,9.099426269843549075e-01,6.530041467946845479e-01,5.715357196471475554e-01,5.426480697971169942e-01,9.621026702574752010e-01,9.098631491846042030e-01,6.069923597079072142e-01,6.094248310123981938e-01,8.896837372691455137e-01,7.931093457990627815e-01,8.132474132405879130e-01,9.196941841119593564e-01,8.386955963309931095e-01,7.873352618536374470e-01,9.464551927709814461e-01,6.931903743295749765e-01,8.941693597167872376e-01,6.892180200763705633e-01,8.899297097895527697e-01,3.454137409038537943e-01,6.641571886978198114e-01,9.394998734919873806e-01,5.097828512713287186e-02,2.496372298806395218e-01,7.432831977024580983e-01,5.340295722196348738e-01,7.691450279178962957e-01,7.991799244620835241e-01,9.712031291136395961e-01,2.023332574030111686e-01,6.526146770839849065e-01,6.676855553971744461e-01,6.054079539599080961e-01,4.645902123711321274e-01,8.972838683079260580e-01,6.495575736777536857e-01,1.555122857953532001e-01,9.959062326319206848e-01,6.702231425082085803e-01,8.743000433881337186e-01,7.589175672928938354e-01,3.569412042175053035e-01,7.946543481143564236e-02,7.049969179820256837e-01,8.859153356422831971e-01,8.356205165244252608e-01,5.150348125606288852e-01,5.398704586890165080e-01
6.922533703783024794e-01,7.420065640715576283e-01,9.409928409880674582e-01,0.000000000000000000e+00,5.066842587794943009e-01,7.093875816151256064e-01,6.105371243861730246e-01,7.582882122432821337e-01,3.900978959016916936e-01,8.058516621681509617e-01,9.144460912661482865e-01,4.859407415431203914e-01,9.638111605915369307e-01,9.266101437349777425e-01,8.842626327994287383e-01,8.345087177351402374e-01,6.504604998626107859e-01,6.453923951537869907e-01,7.495032092645707023e-01,4.758821613754651847e-02,6.529471409087472811e-01,7.960942164456874526e-01,7.156527116148685419e-01,5.597443013191535366e-01,4.501344239921914459e-01,7.895984993693370146e-01,8.602065723666267871e-01,5.877003135913252407e-01,3.463529855670953728e-01,3.821495148322735791e-02,5.335228322060736605e-01,7.956920669886480280e-01,6.270406386512448194e-01,2.350455980172706238e-01,4.052397326392369048e-01,3.273236902771268220e-01,5.381212150588630255e-02,6.309420923901072342e-01,8.528728976953597885e-01,6.622603384633051204e-01,5.147384648147038666e-01,9.676379836080377661e-01,5.807806153047470055e-01,8.407981705755757096e-01,8.631994579602761952e-01,6.023249853965957357e-01,7.143867876742505674e-01,5.932007227075022371e-01,6.778526878299396818e-01,6.265692717367359332e-01,7.674760567814025158e-01,8.920705171350935547e-01,9.301077006500724220e-01,3.642794859812376052e-01,5.922067325467874621e-01,7.236669217192368553e-01,6.354564866378010768e-01,6.503976518372083238e-01,8.036816707021283701e-01,4.488261790895704539e-01,6.196907977825675262e-01,6.743405754738174274e-01,4.653943073977199196e-01,6.807322737812517843e-01,8.207310324105500099e-01,5.523930965827008599e-01,4.605342411521882728e-01,7.048456339944554339e-01,6.745762403583618338e-01,6.986127038785739929e-01,7.964710919539406131e-01,5.201985391782809609e-01,2.969448779838283481e-01,5.865764824725083759e-01,2.970643627225846295e-01,8.738581295119252079e-01,8.894211595932997039e-01,5.123148772449139798e-01,5.525832473329990169e-01,4.275832307448926839e-01,2.403818947727919264e-01,8.401017803625323577e-01,3.731132376367466974e-01,-2.796508299116388097e-01,8.181639619983209766e-01
8.109117296954498899e-01,7.518663376456833358e-01,9.192912675961882885e-01,5.066842587794943009e-01,0.000000000000000000e+00,6.200514810792026044e-01,5.369721321770818401e-01,3.138312975347605782e-01,5.824827084446835279e-01,7.121882184942789351e-01,5.552487368987100158e-01,5.246686028732631124e-01,9.321159116957534740e-01,6.578052828470809521e-01,3.474130199631079163e-01,7.047072929384609052e-01,7.427563280169190429e-01,8.483602367036020553e-01,6.538581466834028078e-01,6.570867506023176929e-01,9.366603593010613960e-01,4.358622071989583513e-01,5.583038477867474647e-01,6.234840426074269581e-01,5.258855019019785804e-01,6.309658649809413156e-01,4.314398202246797487e-01,8.626007216857386473e-01,7.455793031518152814e-02,5.999301187954283465e-01,3.061359189492834920e-01,5.873025732386243369e-01,7.368393986604930834e-01,8.172369702546508075e-01,9.706630642517500851e-01,1.474347978422162475e-01,4.787418266499460229e-01,7.849141095045997218e-01,8.215245085009821313e-01,6.971379061877980288e-01,5.496619506346119843e-01,7.421491599151546215e-01,7.476326937088485503e-01,7.977800837129493949e-01,3.994570255274466630e-01,9.848926295017255139e-01,7.350767922047790615e-01,6.104296594985991753e-01,5.122329063126590531e-01,8.413782693046960581e-01,5.204952932981643521e-02,6.038769804325947455e-01,6.557491575087472935e-01,7.457810004668222748e-01,6.916319649830067195e-01,8.812155284827014601e-01,6.431473713169835182e-01,-7.229445681194573980e-02,2.051730612055892855e-01,3.946933132200387551e-01,5.324063779297331100e-01,5.489777284488550624e-01,5.028687048369590018e-01,5.650174557738608661e-01,8.394825030337413896e-01,8.865499668983847226e-01,7.128181509338510358e-01,9.064043619474622115e-01,-1.403397222959371082e-01,4.333295392382096045e-01,7.383352926244669545e-01,3.233706185855396154e-01,6.133522786880448718e-01,3.355567216745216630e-01,1.276771750522641136e-01,6.631314171948599068e-01,6.268818411570808991e-01,3.612629066721518289e-01,3.066822718879463894e-01,3.622944734634795383e-01,2.179720179755356146e-01,9.133139817536862770e-01,8.887316548015717910e-01,4.075166800292877589e-01,9.550066835730723902e-01
1.041671095988225965e-02,9.727949696206896757e-01,9.003305449088722101e-01,7.093875816151256064e-01,6.200514810792026044e-01,0.000000000000000000e+00,6.766980940889725238e-01,7.065364110671570330e-01,7.634517293107895286e-01,7.329933896190337084e-01,4.802809417485779386e-01,7.682196325547250293e-01,9.979062405944729708e-01,6.764389466839146881e-01,6.256835233728339496e-01,5.392535362879454786e-01,2.108692728458405607e-01,7.622160352424015017e-02,7.587543454719185565e-01,4.066189860289549096e-01,7.099488578177425291e-01,4.117620855936278135e-01,7.182028124171003780e-01,6.967782846228272042e-01,5.822103670131564268e-01,6.577396704208596789e-01,7.652855524377738528e-01,4.737778882905104294e-01,1.500886020459358816e-01,1.609728385838899434e-01,4.688598369720592407e-01,7.872482505008694398e-01,4.547549123474693422e-01,7.866345928651885533e-01,6.480260443447072305e-01,4.340280519373957424e-01,3.499633622212976469e-01,5.042398577765557777e-01,5.094409228279688229e-01,7.439579110830625286e-01,3.468019165827098127e-01,5.684103945009419956e-01,5.401100512237961837e-01,4.732350824771244802e-01,9.141446203149962146e-01,8.541165545336143472e-01,6.875993887363754942e-01,4.121886260769914712e-01,7.084950517566231953e-01,4.009549391985070543e-01,7.386536522723648190e-02,6.702845367908244478e-01,6.898207368277622376e-01,5.689115982231092161e-01,5.209969150076488864e-01,8.587641592442865068e-01,7.742401657484306865e-01,6.415137074852117482e-01,7.172235165064364537e-01,2.674430624217798980e-01,7.335705214882051184e-01,5.749541109749051193e-01,2.281240825531318517e-01,9.072851635419801886e-01,9.478855802649720497e-01,7.013693204563904438e-01,3.213091695595807762e-01,7.935092367794907009e-01,6.741704363322131854e-02,9.529205900427040188e-01,7.805112461852428130e-01,7.920118861786081821e-01,4.479271674286088856e-01,1.828452044644024166e-01,5.926841007971849207e-01,8.229265007607444726e-01,7.792286682718158053e-01,5.570684856572273302e-01,4.689909753698355277e-01,6.363365544887253922e-01,4.028303414792818726e-01,9.429125810431652210e-01,6.494142543240597476e-01,2.973675193051136811e-01,9.907720909023323141e-01
8.823535451031254695e-01,2.590571971143381669e-01,2.131585003051496285e-01,6.105371243861730246e-01,5.369721321770818401e-01,6.766980940889725238e-01,0.000000000000000000e+00,3.007773653530486091e-01,5.185313294550588648e-01,1.059278393464200968e-01,4.904841578855698714e-01,7.223438197446072628e-01,4.100207189930029639e-01,2.544900299803085630e-01,4.242470048702373653e-01,7.521302565429968112e-01,8.203927777634721918e-01,6.207575569814739458e-01,2.943594447913453482e-01,6.354644473520777437e-01,9.202380992839341856e-01,5.876124246662194350e-01,3.442756473014910723e-01,4.717589882643930532e-01,7.284726629995295910e-02,3.381556486932765226e-01,5.741189863598019638e-01,4.648241964212047050e-01,7.308214281907519927e-02,2.448859893432941415e-01,5.031420155558931073e-01,2.318050810848907295e-01,5.328520338885851526e-01,6.917028184552505010e-01,5.498133375141439627e-01,6.336703226509480258e-01,4.612726076475412995e-01,2.676526487101201224e-01,8.772030993582909941e-01,2.743785453021813092e-01,6.700617608407660741e-01,4.151219987390564192e-01,2.615584751107806194e-01,5.915206180450514051e-01,8.215753232745814927e-01,4.072034277050118334e-01,5.068312421489472586e-01,4.582506826137076605e-01,7.888211073695892139e-01,3.321884344904550423e-01,3.544915934505327160e-01,3.270523179959065052e-01,4.179205290084873625e-01,5.583231495115512644e-01,6.446143554154045718e-01,4.501646075047824880e-01,2.090923261037185843e-01,9.591722603384456036e-01,8.753500555541993133e-01,5.282740250136281901e-01,7.523824417906628259e-01,3.010731124237018275e-01,4.753142055029081492e-01,6.878412307924212099e-01,9.962082786591144323e-01,7.051171856159756945e-01,4.317320480953384387e-01,4.961799526425996198e-01,4.144814319358354759e-01,4.285640905979026805e-01,3.212671689077782333e-01,4.288704240509024213e-01,2.607162878072516454e-01,5.663232347389775267e-02,7.041272835063111524e-01,3.337250676907926872e-01,4.360203204763913876e-01,2.317521935576411507e-01,4.646081950457619375e-02,3.327151949725777880e-01,4.545927079226800283e-01,6.133826005400929704e-01,3.137595749223749952e-01,1.765209195347949844e-05,4.104090460778956340e-01
6.637828603982023346e-01,7.493316524707157589e-01,5.493255047669372004e-01,7.582882122432821337e-01,3.138312975347605782e-01,7.065364110671570330e-01,3.007773653530486091e-01,0.000000000000000000e+00,2.760449401567518501e-01,4.098484744213176656e-01,7.500521729073056365e-01,4.141164880694164774e-01,7.183778609328481668e-01,6.559905519941038321e-01,3.645992662276017482e-01,7.570447214073854347e-01,8.486613163069610666e-01,2.310209451234782330e-01,4.190695788194653826e-01,7.153427453770819788e-01,8.019996042189270202e-01,6.428408310230904199e-01,4.540852578841357290e-01,6.501468959993368379e-01,4.379791723275721083e-01,1.358962499207843067e-01,2.300087716870222176e-01,6.479489803045945795e-01,5.959364524599661816e-01,2.126962775844828124e-01,1.594360287686935607e-01,5.149118452933022089e-03,4.810178279758730024e-01,5.403382931078269946e-01,-1.866232199505042655e-01,7.021982491157197082e-01,5.403940865469284427e-01,5.053130447008983284e-01,6.450953856392920294e-01,2.058235000123158909e-01,2.763339069743012133e-01,7.013440900688343582e-01,6.971739803360349486e-01,2.067797182129588740e-01,9.335732321914684828e-01,7.571744885422265758e-01,4.043663926693185084e-01,7.105713541514788734e-01,4.376642137431385748e-01,9.629112554615535391e-01,5.892071076238050154e-01,5.783449108564010510e-01,2.154090227055985851e-01,2.906273109536556265e-01,9.045257790476739501e-01,5.896001566059050347e-01,2.765542910867611059e-01,2.479400003279401410e-01,4.509531427269176662e-01,8.333354752399049770e-02,4.633611918235845395e-01,7.229917725597290352e-03,3.455778571668780552e-01,8.682344689850042263e-01,9.276571289869071091e-01,3.770169745215624646e-01,4.134110472749031873e-01,7.084089786170424397e-01,7.831982637144676573e-01,2.655468367712504607e-01,7.503601522998993856e-01,4.056329113773274320e-01,5.264024717428696931e-01,2.938716758275210506e-01,5.922264499247740233e-01,5.712250537639391723e-01,9.653899142773244568e-01,4.280867464421325153e-01,7.417503385869332888e-01,5.268584504343027941e-01,6.156756536070973063e-01,9.861944679446621453e-01,6.389711029678785126e-01,9.719321745384142119e-02,5.204000906932748638e-01
6.471692497418775059e-01,1.659698271078346998e-01,7.876056288780655112e-01,3.900978959016916936e-01,5.824827084446835279e-01,7.634517293107895286e-01,5.185313294550588648e-01,2.760449401567518501e-01,0.000000000000000000e+00,5.129212790853613368e-01,2.824264880252005394e-01,7.836737863492544420e-01,6.820011619082716470e-01,2.862566414897825262e-01,3.403934554309526739e-01,6.040524993926231767e-01,8.768726284445654828e-01,7.142111472941494732e-01,2.547450477070085650e-01,9.305263388301483474e-01,6.975642895561673384e-01,2.739941381692419520e-01,7.303588744210038897e-01,8.241171938272990882e-01,2.443164345334766785e-01,5.337440571154569158e-01,8.870269946408616546e-01,4.942888871165571629e-01,7.457372896751712776e-01,7.942033138573602047e-01,4.085038946246979941e-02,3.991619259767851258e-01,4.006397287909404525e-01,7.502367634143203290e-01,6.288966891498958267e-01,1.559314349277156689e-02,3.402138264113133692e-01,6.387891685452518065e-01,9.582449059753256337e-01,9.728618342116808204e-01,7.256415112420375735e-01,2.392260364465877420e-01,7.634522748731799036e-01,2.951310077216995342e-02,4.074007712282056159e-01,4.578606175030540126e-01,3.693401801130227202e-01,4.388422962576564168e-01,5.459643183017598433e-01,2.727818518824554617e-01,6.632411615901936397e-01,1.247989462669372301e-02,7.786704052011571564e-01,6.441206853495508033e-01,7.980398883843272673e-01,5.073080586392136881e-01,3.092640639262835833e-01,7.649775143442180125e-01,9.972471073313671219e-01,4.932036868038341959e-01,5.925442177243922526e-01,4.960321708097736870e-01,6.932153566522359922e-01,4.029102890383660096e-01,7.798835435158959495e-01,5.075198054055146679e-01,4.782051327757646519e-01,7.264031678781452950e-01,6.508874765130503448e-01,1.579605880240321780e-01,7.064844757411961051e-01,4.476561653020614262e-01,6.667647934834908252e-01,7.563529715568442224e-01,5.846874517445281860e-01,6.747222930531593388e-01,9.340845084342548343e-01,4.478780669670290870e-01,7.793929031606026958e-02,4.128224178890673168e-01,7.633264206856845702e-01,9.280179853777283938e-01,4.119667778314439199e-01,4.175105036583270923e-01,7.070804458687124372e-01
6.082739542702101376e-01,4.565337342509896978e-01,7.891301050969321551e-01,8.058516621681509617e-01,7.121882184942789351e-01,7.329933896190337084e-01,1.059278393464200968e-01,4.098484744213176656e-01,5.129212790853613368e-01,0.000000000000000000e+00,2.980104091783906117e-01,2.678251896752612549e-01,5.177975760566072561e-01,1.013577905269041068e-01,6.145297818787979205e-01,2.443867165861424717e-01,3.474596485737986851e-01,5.162006021837753922e-01,5.289596802991255453e-01,7.703145829253691401e-01,7.974196212407693718e-01,3.358662543488940555e-01,3.912021127440404866e-01,5.210989852842231596e-01,7.279164756376675927e-01,7.800182526803864924e-01,9.807538482468609597e-01,9.992707915508287631e-01,2.204000914560302893e-01,6.062399584217958992e-01,7.601520559118730980e-02,4.597053160455782939e-01,4.458994360583845018e-01,4.820268140397391265e-01,4.349486744491125045e-01,4.881403623009082371e-01,1.538406142374455499e-01,7.390772979939981280e-01,4.879680873911157457e-01,6.209293050637729738e-01,4.933590278574500609e-01,2.293751486306404852e-01,6.309511387612295463e-01,6.205995441455202100e-01,2.729853322204607857e-01,6.415788589640388784e-01,4.874113457947374939e-01,7.923297210385236156e-01,6.828387189862286100e-01,4.620652269726360228e-01,4.835229407638851340e-01,5.793323984668743432e-01,2.381734959618798109e-01,7.227229709843744354e-01,8.177434878725844958e-02,6.207461939483934765e-01,7.654609251486970134e-01,6.447334583310674327e-01,8.342063673950395053e-01,4.163689356224136717e-01,4.106662146197090912e-01,5.494767405432366969e-01,-8.673297377590695467e-02,8.012981793657210083e-01,7.250453725902763491e-01,5.645296725477750854e-01,8.305247437681599898e-01,9.184849301960273937e-01,6.883483340166770548e-01,3.403302299796726743e-02,6.652677458782567665e-01,6.192695535471722801e-01,7.546894344075311123e-01,4.007053521810550745e-01,4.689981631977588883e-01,4.318914551076240005e-01,7.087446997153465933e-01,4.197281999381111683e-01,9.806336274449567458e-01,4.014571607917228890e-01,3.244187907843892882e-01,4.556566974217582389e-01,7.783254771769012592e-01,-4.559228214238852939e-02,2.935619060889593235e-01
8.654699187139762717e-01,4.351928080697127776e-01,9.717996676297802061e-01,9.144460912661482865e-01,5.552487368987100158e-01,4.802809417485779386e-01,4.904841578855698714e-01,7.500521729073056365e-01,2.824264880252005394e-01,2.980104091783906117e-01,0.000000000000000000e+00,2.941868617945339048e-01,9.261032410974013862e-01,6.026802391129205683e-01,-2.981757949202867852e-02,6.701437649264314622e-01,3.900319138341900027e-01,2.258936667694704803e-01,5.273373583803313558e-01,6.329732810940933430e-01,6.952092686435463742e-01,2.267313474895675529e-01,7.517006175638546450e-01,8.133278078254684296e-01,7.073514569344115932e-01,7.174359789205803084e-01,7.469323105282136277e-01,7.210562288262039043e-01,1.603938884816664689e-01,7.763797196752028063e-01,2.678980093493673054e-01,5.128621015283966189e-01,2.058969789557939245e-01,4.597942271974929662e-01,5.647434879774104743e-01,3.805825449637912916e-01,3.623077209512957086e-01,6.553722880088339586e-01,6.252216677424871083e-01,7.089245956507567170e-01,6.427208352787434631e-01,9.394252520529996486e-01,2.489337046571259149e-01,4.093550537912851173e-01,1.969074009168908512e-01,8.067070034981784765e-01,6.259963919155698830e-01,7.064944730257161076e-01,5.548018996480891252e-01,5.167450603111530816e-01,7.385213194838771145e-01,7.044027373809604864e-01,6.358462918502962857e-01,4.508807881454817146e-01,9.077420567342832092e-01,4.991444924394858873e-01,3.362057163284165040e-01,9.979086006129239683e-02,8.632982056736372423e-01,3.888218392696127790e-01,7.069146506942036723e-01,6.001943242399824241e-01,7.876014965833515458e-01,5.563268829901187873e-01,6.304617570826439588e-01,9.130527644982379121e-01,9.109695618240186699e-01,8.163824790119253993e-01,5.347655526054846398e-01,6.362118798663181085e-01,3.797766756950188283e-01,9.256365256403326081e-01,2.740777205510563364e-01,3.261846333649198737e-01,5.371153844203552241e-01,3.856516019829996922e-01,2.193508186767875734e-01,2.950969155753143669e-01,2.882491795843913907e-01,4.213694172338896538e-01,6.998592068534024158e-01,4.823196486148438877e-01,7.800543581769229240e-01,6.312848555056445043e-01,9.637409498005256037e-01
6.605008742779202580e-01,8.344496693153626854e-01,6.133396689688265235e-01,4.859407415431203914e-01,5.246686028732631124e-01,7.682196325547250293e-01,7.223438197446072628e-01,4.141164880694164774e-01,7.836737863492544420e-01,2.678251896752612549e-01,2.941868617945339048e-01,0.000000000000000000e+00,2.639920159834306390e-01,9.447451801307967800e-01,7.462980809561141626e-01,5.531504069170927185e-01,3.251164232280182587e-01,7.617324455171861075e-01,9.404148209096531152e-01,9.696537302992290774e-01,6.368374217741048504e-01,3.705343658133349871e-01,4.523352593540759248e-01,9.208888871292090217e-01,7.750841022504781908e-01,9.761647612202614122e-01,6.266870079411135386e-01,9.464289904534067821e-01,1.378987100028861157e-02,2.314212162181704113e-01,1.394200865220092227e-02,7.414674160151656368e-01,5.092908497510660881e-01,6.744758045249632517e-01,5.896624280424483944e-01,1.270951682793952375e-01,2.643429982394169819e-01,5.826367458687982115e-01,9.918631256542149721e-01,3.183277229855748236e-01,4.405228518312218622e-01,5.030245829024297954e-01,4.596031042472681905e-01,2.824804426907361887e-01,5.312732999103777498e-01,7.207996880037792486e-01,5.556967010077163982e-01,7.745123701845555431e-01,5.707376954709867389e-01,1.277880699981547019e-01,6.064470776810957364e-01,3.751266675250629623e-01,9.145413344986970117e-01,8.024601384433288631e-01,6.275934618195694314e-01,4.491996454071978673e-01,6.308658552191054314e-01,7.637999416092625671e-01,7.260540623144643435e-01,4.981257709418379087e-01,5.293463256612218615e-01,4.222794688178991840e-01,2.388719965281779767e-01,8.800043549550234934e-01,9.495677995775155811e-01,5.793931754858280270e-01,8.742951267887740796e-01,7.464617178260276598e-01,6.819796614041601091e-01,8.222304337346987291e-01,7.508612357702347806e-01,6.219134142804294552e-01,2.817625936833006994e-01,4.644718570136291413e-01,2.897722862383175779e-01,7.929937170299838911e-01,4.992467842739490846e-01,4.676884278683912100e-01,5.593236153910947639e-01,3.608370792828227702e-01,6.387779028347649879e-01,6.422604341973947584e-01,6.088236539079466825e-01,5.322928099978054828e-01,4.094760480322928164e-01
9.158795502021449542e-01,5.589517021423831000e-01,6.933764522525618368e-01,9.638111605915369307e-01,9.321159116957534740e-01,9.979062405944729708e-01,4.100207189930029639e-01,7.183778609328481668e-01,6.820011619082716470e-01,5.177975760566072561e-01,9.261032410974013862e-01,2.639920159834306390e-01,0.000000000000000000e+00,8.282337860787062356e-01,8.233955278639288888e-01,7.954063947024343495e-01,9.345836342846609579e-01,9.794183317012271628e-01,6.903228678641257776e-01,9.809072001772477511e-01,8.871343831921503220e-01,6.965911408082201550e-01,9.224936896803029862e-01,6.020275610394848487e-01,6.742460381205379605e-01,8.252795292229795354e-01,3.684096207953667657e-01,3.254225239441356221e-01,2.887251480458963848e-01,3.868701951900433977e-01,-1.281857395870093508e-01,8.426514353803940538e-02,7.025107247964816892e-01,8.094972866700385072e-01,9.458895620797532766e-01,5.830164905919534846e-01,4.434568279353164888e-01,2.922776614506058523e-01,8.653061461316827740e-01,4.266245337832784701e-01,4.831465304010964523e-01,9.696680673089828062e-01,8.336199901412101321e-01,9.694187817784221117e-01,7.508578262588745389e-01,5.896392513685775327e-01,8.214943133767520500e-01,9.896947555723115686e-01,4.443855037224883064e-01,8.749421502520504657e-01,7.220479453707587814e-01,3.756127531183857393e-02,7.042365146187880010e-01,6.682339812453721439e-01,4.872474028701316850e-01,9.089137918051710674e-01,7.928445124758485285e-01,9.841075910626339018e-01,8.363269829900200625e-01,1.180805587261122142e-01,4.175940651712499174e-01,6.030005132020990199e-01,4.615627956365119244e-01,5.986598440589854242e-01,9.065644443399973884e-01,5.243987604109915379e-01,8.498326549421604259e-01,8.605872481535536966e-01,4.386925303708191226e-01,1.059503457772035390e-02,8.643027630773252312e-01,6.368413343392735904e-01,2.678630669557878208e-01,4.221097955733919549e-01,3.978685050276298818e-01,9.301986564149998804e-01,2.812550819073427188e-01,4.796814139735028348e-01,3.150397356693862561e-01,3.065362534460252530e-01,3.329396915520395073e-01,5.005634641204872448e-01,8.026027856070990785e-01,3.489220892815933506e-01,3.407006757037803202e-01
7.930176814251020945e-01,6.303996166120953148e-01,9.473331102903544965e-01,9.266101437349777425e-01,6.578052828470809521e-01,6.764389466839146881e-01,2.544900299803085630e-01,6.559905519941038321e-01,2.862566414897825262e-01,1.013577905269041068e-01,6.026802391129205683e-01,9.447451801307967800e-01,8.282337860787062356e-01,0.000000000000000000e+00,7.214399698332866206e-01,6.204908079339697125e-01,6.000309351006090086e-01,6.134007194951336395e-01,6.660179564269307351e-01,4.247482798685479621e-01,4.393625872500684926e-01,5.366960475508909534e-01,7.598603344473174592e-02,2.985221721595143762e-01,4.308492416005955117e-01,7.737276857595776214e-01,9.529707734417888210e-01,8.244393920702560719e-01,5.033107765111483056e-01,3.666565312092628925e-01,5.907293728977068836e-01,4.842450806398841401e-01,7.247534768232973823e-01,8.625221312536479612e-01,2.823211029740447797e-01,7.661788614071818326e-01,3.950835259256002541e-01,5.607864134029207914e-01,7.230287582807974900e-01,3.099560292362530944e-01,4.754139114105602748e-01,6.366479332572074767e-01,9.459031247756418681e-01,6.954410183276424906e-01,8.970353714435831405e-01,6.757400746057524998e-02,3.059054272415852038e-01,9.702718933052881800e-01,4.591895592294089612e-01,5.787146441435282451e-01,4.417432094471068216e-01,4.783846007692743596e-01,2.950922756668081792e-01,4.708003644144725386e-01,6.722082158167105304e-01,5.931963220497337153e-01,4.093171830886597751e-01,7.401233090782248780e-01,7.075555059346002595e-01,4.736525413815388386e-01,7.032945767593253850e-01,6.743092580512659584e-01,2.207359492355951969e-01,6.184731680525854536e-01,4.271757293873235661e-01,8.426990937751581701e-01,9.123494369003006810e-01,2.420177345367120481e-01,2.877806505720956753e-01,4.870400175372225360e-01,4.642653195263697352e-01,3.191479678352009824e-02,4.895260482011074554e-01,2.039941055747428456e-01,1.296484268758872904e-01,5.509989242127980580e-01,5.120417747641844430e-01,4.072290663402389210e-02,3.041062681957250602e-01,3.903790760322923825e-01,7.455427379383564590e-01,2.901892978756664410e-01,6.362988427106268663e-01,4.563706372534975242e-01,6.347997608577569117e-01
8.647448155682966320e-01,7.073203828985240582e-01,6.843966184292602506e-01,8.842626327994287383e-01,3.474130199631079163e-01,6.256835233728339496e-01,4.242470048702373653e-01,3.645992662276017482e-01,3.403934554309526739e-01,6.145297818787979205e-01,-2.981757949202867852e-02,7.462980809561141626e-01,8.233955278639288888e-01,7.214399698332866206e-01,0.000000000000000000e+00,5.929820127042000344e-01,4.580273554812290260e-01,5.289755188437481742e-02,3.633299704032282307e-01,9.944724558100211942e-01,8.557636578121324833e-01,7.816987819435194940e-01,9.716970062560020827e-01,8.016472075013019172e-01,6.116922759910865537e-01,5.940052276361741379e-01,2.577367884777185258e-01,3.423835231110329280e-01,2.912773922111916991e-01,3.865576764772457041e-01,1.330592372619235630e-01,4.233258985517002193e-01,3.294752427727466459e-01,3.068587381542509096e-01,4.547396401088993345e-01,3.593010866813280968e-01,5.214910301112958280e-01,7.195397750659148217e-01,8.932419946248945086e-01,7.261450224097472095e-01,2.139985899336665498e-01,1.052208755470573909e-01,7.287897617748528845e-01,7.327927686023217868e-01,4.433872800570917150e-01,8.641521930904746407e-01,4.319622307265250649e-01,4.468510373923235690e-01,5.674581694900858730e-01,6.370266820156880172e-01,7.628589663156493117e-01,4.474598933039315996e-01,6.706626507239904500e-01,6.308881611685728252e-01,7.402454917574077808e-02,2.819204239973162607e-01,7.957376791693175910e-01,4.521718873128904859e-01,8.041071091486030609e-01,2.941274220773800185e-01,3.333098793434132734e-01,7.794789770946140006e-01,6.737000217976860661e-01,6.533607855916861995e-01,6.386181413557213693e-01,7.640571297695789577e-01,7.411068428547242792e-01,9.748859010584394191e-01,4.496773024034704247e-01,4.378671031455692031e-01,9.020129521660865679e-01,3.089648300014268267e-01,2.770010759995322203e-01,5.265436988432035115e-01,7.382560727495461605e-02,9.571842994704901075e-01,2.341641944871655223e-01,5.405637522609554324e-01,3.382158126741634518e-01,5.645865470494508820e-01,2.091999961149090537e-01,4.883015767238426119e-01,7.054979903051840084e-01,-3.137836850549366452e-01,5.744251869341212569e-01
6.161538624623308369e-01,1.470027422085561364e-01,9.134744485290662297e-01,8.345087177351402374e-01,7.047072929384609052e-01,5.392535362879454786e-01,7.521302565429968112e-01,7.570447214073854347e-01,6.040524993926231767e-01,2.443867165861424717e-01,6.701437649264314622e-01,5.531504069170927185e-01,7.954063947024343495e-01,6.204908079339697125e-01,5.929820127042000344e-01,0.000000000000000000e+00,7.305264233816863850e-01,7.776425133562466785e-01,5.870857405915413940e-01,9.883329608718465220e-01,7.505629082734821544e-01,6.285105425809697222e-01,4.131233884664979317e-01,9.608666824963482123e-01,6.081970364235049775e-01,1.580295201811744432e-01,8.028741360133189175e-01,6.513457456248280542e-01,4.684932480534219623e-01,2.355842491513593095e-01,4.188666187545984076e-01,6.701842383242958556e-01,4.053925195023415640e-01,3.093761064699844798e-01,6.620373130419574537e-01,5.860210468813681350e-01,7.987776396756525177e-01,2.426770233834412149e-01,7.469736397522719340e-01,5.673822891297982673e-01,4.597156727789336594e-01,1.147017711128481693e-01,7.403468188084041390e-01,7.255018092735112667e-01,4.641682842492449446e-01,9.498353091819448091e-01,8.489618053665314301e-01,4.104436645400698636e-01,5.813985214584793670e-01,5.976124491889909240e-01,5.050288454486256962e-01,3.515671948335430397e-01,8.454813926537910751e-01,6.999716696602017452e-01,6.573447131417567979e-01,9.777092196294512316e-01,9.925958118508038108e-01,6.744672393295977342e-01,8.981366628041127509e-01,4.467888995872723590e-01,3.533489279545567463e-01,2.704450048022424835e-01,6.199612707470236739e-01,6.025850882924055352e-01,9.599877067418608467e-01,5.865545577859541115e-01,9.037239946146846670e-01,4.778576126962288395e-01,1.485675852596866076e-01,9.529789839080186065e-01,5.914725448000862640e-01,8.734416350658578132e-01,6.985773319927769398e-01,7.966040979038133685e-01,6.658885076754932353e-01,7.524314185764477969e-01,7.114972736288215360e-01,2.684304688601878985e-01,3.358615074457974581e-01,5.423694240685041912e-01,6.636630909525790267e-01,8.947637263332318680e-01,8.142606285191413829e-01,1.132880933015815023e-01,4.801265824238313273e-01
7.592176007595373421e-02,5.219410112742735031e-01,6.633957084092131362e-01,6.504604998626107859e-01,7.427563280169190429e-01,2.108692728458405607e-01,8.203927777634721918e-01,8.486613163069610666e-01,8.768726284445654828e-01,3.474596485737986851e-01,3.900319138341900027e-01,3.251164232280182587e-01,9.345836342846609579e-01,6.000309351006090086e-01,4.580273554812290260e-01,7.305264233816863850e-01,0.000000000000000000e+00,9.113563896762625349e-01,4.014440808829047858e-01,5.756089312782416423e-01,5.893360679649275458e-01,5.910443143122013909e-01,7.876996736620920370e-01,6.981894780827481162e-01,4.848126719791717165e-01,6.859769574923256785e-01,8.744916653599399403e-01,7.728199993086801722e-01,5.672057837676387493e-01,4.306633712787759638e-01,1.376464339074649768e-01,2.031901914550492960e-01,7.034696803236794027e-01,7.188535386620223955e-01,9.865417019880098337e-01,7.524262659869849212e-01,3.440224772196047720e-01,9.484963745218383258e-01,6.186779516338407614e-01,6.965912830311067339e-01,4.115144979647037959e-01,9.420787913276493786e-01,7.626523847339085060e-01,5.562267814397188204e-01,5.602368395795497280e-01,4.820872621702922967e-01,6.545938313300496691e-01,7.570701770778988093e-01,2.124694791232841773e-01,5.347972632027115925e-01,6.856023328652127713e-02,8.710151988077999841e-01,2.741923523377761684e-01,6.894196900555953356e-01,4.021567929194719837e-01,5.081993165949931779e-01,6.853211596630159885e-01,6.769702061792723935e-01,6.719500345321192114e-01,5.368238822302767721e-01,4.743777391269908827e-01,9.820163454500018263e-01,9.922693024803946882e-01,2.823904442288099337e-01,6.867543838367785591e-01,6.683001054497282878e-01,3.597884755265979284e-01,9.553893378137061632e-01,5.069640669020912815e-01,8.511645066027143658e-01,1.250183582607962141e-01,9.702831818266406394e-01,5.331426197985758009e-01,2.821956582415924286e-01,9.247356333222560565e-01,9.744875367255820819e-01,4.733009125606409406e-01,2.109252388791055810e-01,6.690591169239199498e-01,6.849645981927181271e-02,4.376220425516830215e-01,5.736679836685969480e-01,5.900566224042990138e-01,3.836000138104165291e-01,9.404804712296683800e-01
5.860254012533432366e-01,5.119328733974818357e-01,5.757054828732902640e-01,6.453923951537869907e-01,8.483602367036020553e-01,7.622160352424015017e-02,6.207575569814739458e-01,2.310209451234782330e-01,7.142111472941494732e-01,5.162006021837753922e-01,2.258936667694704803e-01,7.617324455171861075e-01,9.794183317012271628e-01,6.134007194951336395e-01,5.289755188437481742e-02,7.776425133562466785e-01,9.113563896762625349e-01,0.000000000000000000e+00,2.713232588693619829e-01,4.145834381615175479e-01,4.370514688165516581e-01,2.588860669539832030e-02,8.313403851537377598e-01,9.514617695873542891e-01,5.998687920139885721e-01,4.520743420407543067e-01,9.939569698223073013e-01,7.584805014061242190e-01,1.834515055203089495e-01,4.600421979440801334e-01,2.852319853775069428e-02,7.530956078622382810e-01,7.036943626747359515e-01,4.513839983095297992e-01,3.217063713346763332e-01,7.906393762297272421e-01,3.230013053323788075e-01,5.271966606909374020e-01,8.709079622871925830e-01,6.953780903882531561e-01,6.726863121441476467e-01,8.398853087712072618e-01,7.147683541190270606e-01,9.395685937287470146e-01,6.400825762673822972e-01,7.762567397016328918e-01,6.009199463572891808e-01,3.607268347301780809e-01,4.985176663226156268e-01,4.633996793740943754e-01,7.754158093014107411e-01,4.105880070449279828e-01,2.661078780968884061e-02,3.085989572125880098e-01,6.052118335006196892e-01,6.986562143909971212e-01,7.656955041030699682e-01,7.965778211657408292e-01,7.041307278424882021e-01,3.056218373654043252e-01,7.913500999885832998e-01,9.580399184321963801e-01,5.234183880233145292e-01,8.860853272562645433e-01,7.154748470350151823e-01,5.946191219717285037e-01,2.392075202150205082e-01,7.991364634906132913e-01,4.484465850158383393e-01,6.715320195842079398e-01,5.091804314910786111e-01,3.451584638848289588e-01,5.007634824333088153e-01,2.474599231463607274e-01,5.592127787733445210e-01,7.398072931643286942e-01,3.108835986328198908e-01,7.278529672615369206e-01,7.551882206023066146e-01,3.142749142390220962e-01,4.006372405360871802e-01,4.931807391018821485e-01,6.377264262437077891e-01,9.998746313686249776e-01,7.220054363894397031e-01
