0.000000000000000000e+00,7.482711041425961218e-01,4.614464307480533600e-01,6.080410549658720187e-01,4.158041440588935433e-01,6.922715905774403655e-01,9.511711279245450568e-01,7.192059217811862526e-01,6.850559032997219910e-01,7.315955835795848738e-01,9.260115803589961114e-01,6.484397966556622039e-01,4.211386074594848372e-01,2.543025295889423942e-01,7.168616157022444924e-01,6.076892583924524693e-01,7.067774308339167533e-01,9.484304309539175470e-01,8.701862240161799544e-01,8.024955741125773256e-01,7.296790953037475269e-01,6.072012155571284708e-01,1.079308317820287244e-01,6.877928934496936320e-01,3.226238974659312309e-01,8.327407937470708843e-01,9.224050523356979170e-01,8.234587018414782911e-01,6.792130615098781465e-01,3.405053347158616406e-01,4.239527686162526954e-01,1.624567033495208923e-01,7.919871695146321056e-01,8.728214638138012127e-01,9.517737328404013430e-01,2.737805029861745121e-01,-5.912403013422609654e-02,7.184424752674798409e-01,6.546685017616004076e-01,3.502872944780568987e-01,4.371525310922208529e-01,8.320645104841029038e-01,7.808849116993904493e-01,7.686663333094033712e-01,8.815166561123054523e-01,7.522324022754597328e-01,8.906493879915016176e-01,4.495479649801060185e-01,6.850868611132580055e-01,7.973773619332202856e-01,6.152002458932558371e-01,6.859322395751739077e-01,6.695356196611118582e-01,7.468097727691420662e-01,4.200948373348069032e-01,9.056671973191452452e-01,7.321470517255750377e-01,4.709900860193625971e-01,8.170652440136232375e-01,3.916447568699371606e-01,5.536320111625685492e-01,6.254071200311943635e-01,6.369667439906300244e-01,7.588959469665914614e-01,6.171173164072849548e-01,7.879709165814294813e-01,9.643945077477767969e-01,6.685897457598140026e-01,8.895404568658099587e-01,8.064289045195390804e-01,6.429975744336851040e-01,8.998930865663027356e-01,5.724554507055428232e-01,6.695667033740710927e-01,6.440222604829620723e-01,6.343233638154757159e-01,7.952956806192564843e-01,8.818848501702466480e-01,2.033556236563264230e-01,5.870966682393703451e-01,7.698379766502985166e-01,1.750451903384158125e-01,7.723991904058885583e-01,-7.902274795338849744e-02,6.036677724311731996e-01
7.482711041425961218e-01,0.000000000000000000e+00,6.143369075799437473e-01,8.358080651683975626e-01,5.742671638307681459e-01,3.832564841653100518e-01,7.577810618317444291e-01,2.579303711164052659e-01,5.103343702348918098e-01,4.104981617787447634e-01,6.415508638437316113e-01,7.697778182287917659e-01,2.829607079856861773e-01,9.468441235595917993e-01,6.929933421881624422e-01,2.357669164401499928e-01,4.370447420680608763e-01,8.064681876549250061e-01,9.421353543003463393e-01,6.961187758883649046e-01,9.570112819041041163e-01,2.331954357870324179e-01,4.965334038643823833e-01,5.574195630730526263e-01,5.619771469819853094e-01,6.556581347075223221e-01,6.026094706979392424e-01,6.411811887037407454e-01,4.955414244341369012e-01,4.469252026732814520e-01,4.851908942972450456e-01,7.420687004226529382e-01,8.815840537266576016e-01,8.754671369788653568e-01,4.678746431234833136e-01,5.714405819319113844e-01,6.888228908570961373e-01,7.420446010110683943e-01,9.042047634879196716e-01,7.113608723983996240e-01,5.584340542696887288e-01,8.656072512011196984e-01,4.883227709281561246e-01,5.192109692764266260e-01,6.226644559535414736e-01,4.338480260722475945e-01,6.775887098581209189e-01,6.680661007257894246e-01,5.039015629258888351e-01,7.929010746105930041e-01,9.446027380577892707e-01,5.668705815264063475e-01,9.289923274178644164e-01,4.797945621405978467e-01,5.519224252867499514e-01,6.889492345616996527e-01,6.444779876771485894e-01,4.793169793631064102e-01,8.240555781019377468e-01,7.570269928034141227e-01,7.910939293818204376e-01,6.291116801634099032e-01,7.939808477167131784e-02,4.681935535362991008e-01,9.549199386755953256e-01,7.334295097844441003e-01,6.958909203211417482e-01,6.789839935201528176e-01,7.267047220044973166e-01,9.846319676808531485e-01,8.576057186450625203e-01,7.192252560567324871e-01,-5.221184581163032523e-02,9.000995333942695895e-03,5.120266819322779606e-01,5.825438397519420164e-01,6.524652900371938902e-01,1.845921265379494303e-01,6.472232377489678390e-01,3.951421770890143348e-01,4.000637040000382116e-01,8.083042620454510274e-01,4.770644638019180261e-01,5.563895474755117254e-01,5.331979981889466425e-01
4.614464307480533600e-01,6.143369075799437473e-01,0.000000000000000000e+00,7.467960831155042722e-01,5.623600103922997695e-01,8.464516908370889325e-01,6.179021457324648248e-01,7.051509430768223563e-01,8.241972574993424727e-01,9.816993469004131612e-01,6.904800556826139468e-01,8.736590680778337781e-01,8.237283567611024537e-01,6.388291549491666999e-01,7.919535364638212727e-01,9.402778890737228945e-01,8.525392747915544467e-01,6.001109627429899174e-01,8.521849676401374030e-01,8.152350512783808067e-01,7.406767669897342810e-01,8.660636604082149193e-01,9.743797442470690795e-01,5.192030214838931901e-01,8.940335489235358146e-01,8.080096574485697847e-01,9.108978937873398740e-01,7.935959603135760432e-01,-1.853272230793340802e-01,-3.087562838409085297e-01,3.235437968360194705e-01,9.773745231532907640e-01,8.156778651177769568e-01,2.991996769339456130e-01,9.801087652066887701e-01,4.191341004520773295e-01,3.387764905744949928e-01,6.913906602170178939e-01,6.265042198174932686e-01,9.348520672872210335e-01,5.464721462016008946e-01,8.971561201321297530e-01,6.993847071872406618e-01,6.875057377692215255e-01,9.324352699623839058e-01,8.076561010456877465e-01,3.864493376910498323e-01,9.410937270929092824e-01,7.353497436439065948e-01,9.226192446068759434e-01,5.128940078126137392e-01,5.331680358698722699e-01,9.955132999982312381e-01,7.137207263829163928e-01,7.728820379828541531e-01,8.450893949069595568e-01,9.243021457993989554e-01,6.929890984642191887e-01,4.948708064949284280e-01,3.307858668563212756e-01,3.453463314949217766e-01,6.821059817969318262e-01,6.710413707610241030e-01,6.555954309887227494e-01,8.145802603945435649e-01,8.922120262184848327e-01,8.498070242099079463e-01,6.951205537761590003e-01,3.545112218625441347e-01,7.096056341036744985e-01,9.789514945735635632e-01,8.879470671402067694e-01,-1.224511905642328147e-01,4.450887904098733104e-03,6.443173964891723005e-01,7.761834111070763376e-01,8.005008425451559662e-01,9.876916512626268130e-01,3.502780862553671604e-01,3.657906247354455465e-01,8.409610794581073856e-01,6.708265226844476459e-01,9.138523446938205952e-01,2.944690005154781964e-01,7.920534342645957349e-01
6.080410549658720187e-01,8.358080651683975626e-01,7.467960831155042722e-01,0.000000000000000000e+00,4.572464052969121839e-01,7.147434929844334039e-01,5.463230512929324600e-01,-1.978242851722373241e-01,5.868394067707132650e-02,4.776504809025355902e-01,5.737479843425682402e-01,5.269688895673876328e-01,9.009983559189511659e-01,9.507979265476802500e-01,5.760891205186587927e-01,5.227244399515547091e-01,3.428266341939750772e-01,4.225864507732201014e-01,4.276968624904193272e-01,2.186137434717785044e-01,9.333507177102154939e-01,7.173792620009562526e-01,7.338463502942382810e-01,4.276107285763879329e-01,5.570005239342348258e-01,9.999935196603719767e-01,8.284018373371383470e-01,2.679946074428702918e-01,3.965758005244144346e-01,3.585450690912409533e-01,3.345180547405956495e-01,5.199370445525335338e-01,8.926083949941754359e-01,3.834131866039589553e-01,6.845183522498492490e-01,5.122299575105677683e-01,6.594818310861030874e-02,2.072710651748789212e-01,3.537351116922617944e-01,6.524923841110867873e-01,4.406350829061602692e-01,5.769032547859448412e-01,5.978911426455780775e-01,9.018841285339322944e-01,9.960471609906536017e-01,4.953961380871838016e-01,4.789703057525292462e-01,8.153335734132534096e-01,9.844566390852045323e-01,8.436546446089159268e-01,6.460370344734859271e-01,6.204692696960378839e-01,6.138914754478600466e-01,6.270079370982291067e-01,8.297824565549497544e-01,7.865545331478692725e-01,9.552076792978091424e-01,9.951391707803193265e-01,7.049716510885561949e-01,5.841873036996420021e-01,3.772232734570323265e-01,8.190836076233078966e-01,3.337855337577831927e-01,5.587957818092182949e-01,4.859104318038038328e-01,8.503239306828820343e-01,7.471991472484489361e-01,7.083336991556086204e-01,6.613837565149418563e-01,7.938050235637850172e-01,6.756975327876706405e-01,6.036797978814859578e-01,1.533114953942072423e-01,2.270271068660249525e-01,2.788720591859323861e-01,7.642562303385818101e-01,7.885414105701752385e-01,5.717166466919951784e-01,3.909261966881799610e-01,1.514743422970410147e-01,1.193554446962828003e-02,8.946560267995059545e-01,5.809952658676450499e-01,1.795468302249106918e-01,-1.677699255123717426e-01
4.158041440588935433e-01,5.742671638307681459e-01,5.623600103922997695e-01,4.572464052969121839e-01,0.000000000000000000e+00,9.102330620654541793e-01,5.557917828556973028e-01,6.852245515008645871e-01,7.180199691610049673e-01,5.842755467722969831e-01,2.452112547152369149e-01,8.063402539135412495e-01,8.917799601040702351e-01,3.536218208145165409e-01,8.740104796048770996e-01,4.773165593483679192e-01,5.576089792701345305e-01,6.525200506353623364e-01,4.578337205987838554e-01,6.378202943174406947e-01,9.295421063249377225e-01,9.294871825992039316e-01,8.599603164282735301e-01,3.413196399929993019e-01,7.311258425048885456e-01,8.585793486700081800e-01,6.590042239858185935e-01,4.510778554787298611e-01,3.101171551699442169e-02,3.853482873220781535e-01,2.826415981811731259e-01,7.227286113087345587e-01,7.513605108931675769e-01,9.783578982195162421e-01,4.628192223413629680e-01,5.776807364213680795e-01,3.261826935401875016e-02,9.867247959698127735e-01,8.792569118730882982e-01,6.610186302027958316e-01,9.387845751941568118e-01,5.950413210570438816e-01,8.412440412699022652e-01,9.498814778579049989e-01,9.451514471317208343e-01,1.248611194541434932e-01,5.728425185359080629e-01,4.117254109155513708e-01,4.012341940817957253e-01,6.218054596298392411e-01,7.348365370480073322e-01,7.621548594190861170e-01,6.957663282813334460e-01,7.922971767691568967e-01,8.010178272114359954e-01,7.323862360840566188e-01,6.115637605115652464e-01,3.000349733918146189e-01,6.018451455873501388e-01,2.759596452707193670e-01,3.589533381376986965e-01,4.655001009260554823e-01,2.987884396548659005e-01,5.913596131712759441e-01,6.940639621947513049e-01,7.658115011952211226e-01,5.947083315859845731e-01,8.076552567915943337e-01,7.796840297096909733e-01,8.068746471890018146e-01,9.072166263065791769e-01,9.301717919043702709e-01,3.910758007996964492e-01,1.538557028686302619e-01,5.961215242123142355e-01,1.431482973808303194e-01,9.502027127200499690e-01,1.029115225481029433e-01,1.099020154843877717e-01,5.370018629158903600e-01,5.976886906236031916e-01,4.860796374807442866e-01,4.082776972537744964e-01,3.823170401751146974e-01,7.097829973628062561e-01
6.922715905774403655e-01,3.832564841653100518e-01,8.464516908370889325e-01,7.147434929844334039e-01,9.102330620654541793e-01,0.000000000000000000e+00,6.415236033128531856e-01,2.294012722763394962e-01,6.024303795998408040e-01,4.973518705293321074e-01,7.280736526429326672e-01,6.049373488845444236e-02,5.840252138684998151e-01,6.591098668058364973e-01,5.614230189974528384e-01,6.025867439305566675e-01,4.022686350766880303e-01,6.157232048501209976e-01,7.857057347788775070e-01,7.076967747215765492e-01,4.432491154608142470e-01,1.905683856413626920e-01,6.027039494477688386e-01,6.423027532037540732e-01,2.110833955455798383e-01,5.464842484687598700e-01,7.951514770628214102e-01,5.070627093071342628e-01,4.337481038182582349e-01,1.457082482896304432e-01,3.620548239759486808e-01,3.859850047438769249e-01,6.897961214612771119e-01,2.613356627260193799e-01,2.323952224497899954e-01,4.329000687360371469e-01,6.204115581574241173e-02,4.953873249041797489e-01,4.660051489773686662e-01,5.555030547890853487e-01,4.399509867211306435e-01,8.638741150605616648e-01,7.312121964037756605e-01,9.178116297395857992e-02,9.183943551969604435e-01,2.071280682334801226e-01,6.682725125941471056e-01,6.740572137428788579e-01,2.539007675691071775e-01,1.864497827685374365e-01,5.448906240490782871e-01,7.662448603133829028e-01,9.041370927022627235e-01,8.404896413159711477e-01,2.415234774979089782e-01,3.509977186788271544e-03,8.299724665894268050e-01,5.599229461704627875e-01,7.915968186031070442e-01,2.775397800357765066e-01,3.116771914933105236e-01,4.453610424134927248e-01,7.274971592807146781e-01,8.650911204802013144e-01,9.147385786895416704e-01,6.817236099707759678e-01,8.878624324176298543e-01,6.844800099360101031e-01,5.071661382158689779e-01,5.858273710429569014e-01,7.178480081939290214e-01,5.717295494527249167e-01,4.955304930753871573e-01,5.272835454264983984e-02,6.916674449536934777e-01,1.766781405706947458e-02,7.886619882463914433e-01,-1.962229390595620626e-01,7.888777296018687490e-01,7.314887263586102861e-01,3.599189267116247315e-01,5.445230766878190742e-01,7.050561637888085043e-02,-3.339069663717039727e-02,6.033155327174630767e-01
9.511711279245450568e-01,7.577810618317444291e-01,6.179021457324648248e-01,5.463230512929324600e-01,5.557917828556973028e-01,6.415236033128531856e-01,0.000000000000000000e+00,2.865699234602715473e-01,7.708290754153704905e-01,8.236683461525379224e-02,3.682323698283306301e-01,4.739941989836309877e-01,2.437769299903959075e-01,4.361949368011989736e-01,2.240234277290812925e-01,1.293534763178150280e-03,7.813131391415235605e-01,6.564850472003908033e-01,2.969053575168908998e-01,6.072340166051005683e-01,8.952910819995753000e-01,7.541530499521764686e-01,3.316792060124982289e-01,4.891676559258138490e-01,7.814549266009114259e-01,7.526744082212458720e-01,6.009360706965021226e-01,7.448327643532213216e-01,2.297090802906116003e-01,6.493352553683852113e-01,1.841182748692479776e-01,1.938898939651612086e-02,4.339954701273209259e-01,6.081547915781324587e-01,9.908418141701430537e-02,2.460495616112889916e-02,5.997623377482532714e-01,3.271342020090943770e-01,7.660990715990245725e-01,7.492643430024097384e-01,7.065815037704328283e-01,4.519034582574697478e-01,7.339402306592393010e-01,5.266896820314448391e-01,6.949041481852983315e-01,7.295804609858383971e-01,4.096776368527695888e-01,5.241940979648951338e-01,3.875947242008111471e-01,7.251882070217708920e-01,6.752318187296741936e-01,3.311895416607416598e-01,5.486635289016966732e-01,4.943529729561513264e-01,5.390125604841193852e-01,6.970129849537753941e-01,5.930273207940521818e-01,6.941018763218317345e-01,4.393435810957290188e-01,3.687973275422644637e-01,6.928650283887941574e-01,5.917353500149218348e-01,2.733979309060916574e-01,6.177504076769109176e-01,2.117006529532099446e-01,7.603718440807208934e-01,3.053074825711636908e-01,9.323937794700458692e-01,3.819011050878461377e-01,2.812147147195698249e-01,2.427923293169883812e-01,5.249967246892783823e-01,6.999577489204014125e-01,3.788951165384466524e-01,6.180123978001345053e-01,5.877101409168696833e-01,9.399167633833888091e-02,5.508137050604552387e-01,3.121960007019435324e-01,3.480930768886711935e-01,3.280283597501520432e-01,9.378837594515961884e-01,6.022146020225156438e-01,3.593788605467009845e-01,4.552327284397623131e-01
7.192059217811862526e-01,2.579303711164052659e-01,7.051509430768223563e-01,-1.978242851722373241e-01,6.852245515008645871e-01,2.294012722763394962e-01,2.865699234602715473e-01,0.000000000000000000e+00,8.466719637314702451e-01,4.048429977833160054e-01,3.363289239381992424e-01,6.026682712064757030e-01,4.152871616995396642e-01,5.696440957155386453e-01,5.385026575528373272e-01,4.608943442589424344e-01,6.843312383051589620e-01,7.504108112628817828e-01,3.600597456873290136e-01,9.296274020042037955e-01,5.438816442049256850e-01,8.500285224283253838e-01,6.309278950880462533e-01,6.171541847285437754e-01,7.419284014330571608e-01,4.915597465395837862e-01,5.588296423058818352e-01,7.792584269796926089e-01,5.018501489214534095e-01,3.382540170385188727e-01,2.940278959596183683e-01,4.110980581870408157e-01,4.046463810846065434e-01,5.414361212289369174e-01,5.993415011418178340e-01,4.854690455740889310e-01,4.304693296870627517e-01,2.893956665008919349e-01,7.672239246661125556e-01,5.639073714164495599e-02,5.747185324614877411e-01,4.698286907894368425e-01,9.722693369921282525e-01,4.312736812983849477e-01,8.699251424326364113e-01,3.606566513432807319e-01,5.047212925439006348e-01,2.596008709824163541e-01,3.840820083884421976e-01,6.738403204804934710e-01,4.481519403905057097e-01,7.159875458025225514e-01,2.647775264632884484e-01,9.131624866774383786e-01,4.180630854913696681e-01,8.008915768450501904e-01,5.936268611191872768e-01,4.386647582558568237e-01,6.603376389911670419e-01,-1.521949173086520335e-02,4.087968631377863482e-01,2.714413625604316649e-01,3.307686352026617538e-01,2.613047471747604322e-01,7.910931151679578832e-01,7.122631874204589097e-01,8.195333028657704189e-01,3.126435958515778601e-01,5.201939334833323159e-01,7.162113122401083665e-01,6.701711390786349032e-01,6.594589080176116447e-01,5.355447054189717004e-01,4.292437863435303869e-01,4.632346695470986875e-01,7.365920389268011403e-01,2.648088927859420516e-01,6.973642574082894452e-01,4.072285670850364081e-01,3.117618142118147029e-01,1.097994719255084156e-01,5.715397817011002024e-01,7.515353110223612632e-01,5.651613668680766089e-01,9.595544524393202490e-01
6.850559032997219910e-01,5.103343702348918098e-01,8.241972574993424727e-01,5.868394067707132650e-02,7.180199691610049673e-01,6.024303795998408040e-01,7.708290754153704905e-01,8.466719637314702451e-01,0.000000000000000000e+00,2.389596352375354393e-01,3.990778760466864306e-01,7.507486746298330793e-01,7.348692959716063289e-01,4.037424938864697666e-01,1.014846758075612088e-01,6.505236343265726751e-01,5.969683183682102934e-01,7.162636044611315755e-01,5.261566325013802281e-01,8.847890871841954663e-01,5.231362896456352996e-01,6.612936757460592396e-01,4.195426588999337514e-01,4.876777692566440781e-01,4.299668663363456211e-01,8.467410986340391243e-01,5.459941771188386167e-02,7.821249939758727621e-01,6.033106117398042700e-01,4.355313071725972485e-01,3.431209076319685081e-01,2.433081007874255131e-01,6.371331822042388682e-01,7.459274953431564992e-01,4.780853375301605812e-01,4.647210639434511958e-01,4.028794627939790707e-01,6.657131027822699165e-01,5.793137893612317901e-01,6.309798960186343564e-01,7.357144574025903383e-01,7.101664109883076836e-01,9.435213361680432342e-01,7.820740433765777100e-01,6.321355854415392495e-01,9.142882146972428625e-01,4.987841977147878803e-01,6.721460106346208718e-01,7.216023026323269418e-01,2.600507916937059849e-01,5.791275475517780880e-01,5.713793246120619784e-01,5.154915918786133755e-01,4.772630228657884222e-01,3.229156345465022948e-01,8.083098591710938807e-01,4.821864369102916714e-01,4.326335088748387014e-01,6.352199908716392729e-01,3.747773006665431894e-01,5.926591595039409910e-01,4.752747298990517844e-01,6.642282321484082042e-01,9.900716984229387396e-01,5.179008729132303923e-01,1.576926000403481576e-01,7.642301956192727452e-01,8.196108136495797725e-01,9.015117566474315502e-01,4.353098370976708487e-01,5.298086980939178403e-01,6.502610444683529778e-01,2.404912157778309745e-01,6.968882324057932287e-01,5.794399992206644701e-01,7.855751212644829229e-01,7.644598295617724970e-01,5.803121975541989386e-01,3.384711770926843721e-01,3.196193987654423752e-01,7.368607855169327925e-01,7.705300965696655346e-01,9.457478213626895336e-01,4.208522188275116149e-01,2.291033663426553235e-01
7.315955835795848738e-01,4.104981617787447634e-01,9.816993469004131612e-01,4.776504809025355902e-01,5.842755467722969831e-01,4.973518705293321074e-01,8.236683461525379224e-02,4.048429977833160054e-01,2.389596352375354393e-01,0.000000000000000000e+00,7.032880889941262037e-01,5.671511092609184956e-01,6.910330980186167871e-01,8.951046172336175610e-01,3.935421083871670778e-01,6.147935927412442325e-01,5.121259678770627710e-01,7.041003557331440010e-01,4.432161679644828212e-01,6.000293921794238594e-01,6.579312578895191166e-01,6.936963556759806471e-01,8.372539698470092828e-01,8.281429225934583416e-01,5.387763979422519611e-01,9.283365070072316927e-01,6.884542836377652852e-01,9.552171879808389887e-01,4.564022761077258794e-01,6.595482140336446086e-01,8.857631582331289277e-02,3.413880324458901105e-01,5.383047851858880906e-01,6.433160281347166665e-01,3.752094532438241536e-01,3.137007082672184088e-01,3.697006058834976239e-01,5.696872105828303390e-01,3.356871315030464653e-01,4.550988474349498270e-01,-1.733410385207331816e-01,4.153656721092436332e-01,8.394557417378722963e-01,2.377454743675484206e-01,7.869337302836276749e-01,5.516004427157388257e-01,9.360891682879431963e-01,7.817227616169437621e-01,-1.104461714944748874e-01,4.876678421996129553e-01,7.409271343311994995e-01,4.937509127170178758e-01,7.018371787875301582e-01,6.901913926344378503e-01,3.578676385859960729e-01,8.364199281827029431e-01,2.279017443790372632e-01,4.829649751952341807e-01,5.101926830432876869e-01,7.679697039354417276e-01,4.560409875610179631e-01,3.730148382960789544e-01,8.846456145066169396e-01,7.583512844062495484e-01,5.669078948533526896e-01,5.228411828977963527e-01,7.671223237253610439e-01,8.890804721985985370e-01,5.069095856963514724e-01,7.676490901279358070e-01,5.648961832451229181e-01,7.126188172214371619e-01,2.618725943280114654e-01,4.714335673851125508e-01,3.482728732778131997e-01,3.661852513732622993e-01,3.911712676540621270e-01,1.468784936643952876e-01,3.752793230532421864e-01,2.939328362337629286e-01,4.341703279509334656e-01,7.610487446488547469e-01,9.786670011037305050e-01,4.946828449169961561e-01,8.295255773138908717e-01
9.260115803589961114e-01,6.415508638437316113e-01,6.904800556826139468e-01,5.737479843425682402e-01,2.452112547152369149e-01,7.280736526429326672e-01,3.682323698283306301e-01,3.363289239381992424e-01,3.990778760466864306e-01,7.032880889941262037e-01,0.000000000000000000e+00,4.517434744216380915e-01,7.151599693883671227e-01,9.348593597094541074e-01,5.680806423044268971e-01,9.686680957936785186e-01,4.556075788877839150e-01,4.210808275853761273e-01,2.350756986425943662e-01,5.643639789932421991e-01,4.241803867323424293e-01,5.304574296836409575e-01,7.741007473377500281e-01,9.336205774642694077e-01,6.116587139025372322e-01,6.109722694372182739e-01,4.659615859756972567e-01,7.134883531615346941e-01,5.384564177937000151e-01,2.143073643792206551e-01,2.361218753169194717e-01,4.199007805725128994e-01,9.768552274012055614e-01,4.070547519937315339e-01,7.195144153822654598e-01,5.674990284665544227e-01,3.517764574840077652e-01,5.036069878386522092e-01,8.915359607595422231e-01,7.275147140483764208e-01,5.730009478702853265e-01,7.075488039101411886e-01,8.494773061803519987e-01,6.441560193271292922e-01,4.099170585300004888e-01,2.050663922302315978e-01,3.600777103493840170e-01,6.922178161459946466e-01,3.922081711359713396e-01,2.960922791478575178e-01,5.022957590207460798e-01,6.346504325301881577e-01,7.080030376823417404e-01,5.243774127489527759e-01,7.704396278846504797e-01,9.608301175774875968e-01,4.269893956260634726e-01,9.682140743643681269e-01,9.773637119686106045e-01,4.309759718636663184e-02,2.471283684627989616e-03,4.480190646944469113e-01,6.395001730529605855e-01,9.533305923342221266e-01,7.591604554369362212e-01,5.048721794668411533e-01,7.646648281326332564e-01,8.509936651534447671e-01,6.144677626695824735e-01,4.638773129111266047e-01,2.214151733060275296e-01,4.202967685095791439e-01,2.018064937446097384e-01,4.855066594055895690e-01,2.970888234771792979e-01,5.645842202831692358e-01,7.645563264699754003e-01,6.634658798625522325e-01,5.779186059294320055e-01,4.712111377835196957e-01,2.273605282547297435e-01,9.160976537225754557e-01,6.374143898429724953e-01,2.673782732368428228e-01,6.489412314048060848e-01
6.484397966556622039e-01,7.697778182287917659e-01,8.736590680778337781e-01,5.269688895673876328e-01,8.063402539135412495e-01,6.049373488845444236e-02,4.739941989836309877e-01,6.026682712064757030e-01,7.507486746298330793e-01,5.671511092609184956e-01,4.517434744216380915e-01,0.000000000000000000e+00,3.956782470518498407e-01,6.176166624346481893e-01,4.637584759204976259e-01,8.091104251888878718e-01,4.380751535035365407e-01,6.078455890939417072e-01,5.745814625600016434e-01,9.338223562312935044e-01,7.032250106523754152e-01,8.731171276768507905e-01,4.795615412605097605e-01,8.667477343920279020e-01,5.056561644803692079e-01,6.743891030998856451e-01,-8.189771293680704611e-02,7.414533696642553462e-01,4.427801572807241182e-01,3.234550451671076576e-01,4.675214942574033028e-01,5.676262773121363292e-01,7.380472671313604849e-01,5.468710608064851764e-01,4.691855910151196962e-01,5.698648970292694571e-01,6.702271236018068901e-02,4.710135422990033294e-01,8.554241412743706086e-01,5.625186880127415190e-01,3.822826908127328061e-01,8.396274292276939555e-01,9.619379519982588223e-01,5.355319785717287395e-01,8.739854265244653142e-01,6.429299099512089111e-01,8.266287304994658358e-01,7.502821768329551722e-01,8.574190711141145282e-01,8.016628614790968776e-02,1.797027171405418677e-02,2.306466121591728702e-01,9.154999466984973244e-01,2.133650021995441570e-01,6.920523266565900000e-01,3.346212215358116970e-01,4.792220446149944024e-01,5.133308709553838778e-01,3.664433374236722996e-01,4.027528825365281340e-01,3.329528099665651775e-01,6.841385760934141080e-01,4.898598819571516327e-01,9.168413860637468771e-01,5.924587230425524265e-01,5.532072959894254183e-01,4.206759878109022077e-01,4.259436468753637905e-01,3.082239168711504718e-01,9.142657573384049829e-01,8.944549330998471381e-01,4.459293711592233755e-01,1.809860632249868928e-01,4.881690622389196488e-01,6.366286851525424506e-01,7.479427306897411531e-01,8.636630198203972819e-01,2.600994904889157855e-01,6.052046618777169318e-01,6.311862172329454346e-01,5.209926793133936584e-01,5.675392287752605291e-01,4.649109071867771337e-01,1.292991510335611272e-01,4.402005934628709927e-01
4.211386074594848372e-01,2.829607079856861773e-01,8.237283567611024537e-01,9.009983559189511659e-01,8.917799601040702351e-01,5.840252138684998151e-01,2.437769299903959075e-01,4.152871616995396642e-01,7.348692959716063289e-01,6.910330980186167871e-01,7.151599693883671227e-01,3.956782470518498407e-01,0.000000000000000000e+00,8.870687927864208122e-01,7.831332625475977416e-01,5.434847682833874316e-01,6.917270367182679625e-01,6.886993252492621398e-01,4.983939561053862821e-01,1.997995685949374989e-01,6.970116068975700241e-01,4.213141141354692087e-01,6.801594140472736472e-01,7.201916284009738378e-01,4.381295898862574978e-01,5.673994566563900221e-01,8.022929498742243926e-01,7.045193634475537259e-01,5.942626909263426516e-01,7.125492422462854636e-01,4.637815957198272721e-02,7.180712630581912448e-01,4.200974854778589673e-01,6.470306411631751020e-01,9.385542481260129577e-01,1.671294452375749195e-01,1.191926855826581748e-02,4.232570488398085806e-01,5.281353499010942310e-01,9.766487973396588140e-01,5.169789579781098876e-01,6.872252571403368870e-01,9.961434360212264583e-01,8.843089900643715806e-01,8.538709215040974909e-01,5.324683279879425246e-01,7.621416458618963663e-01,9.382005251588690919e-01,5.049665064935978664e-01,6.686487364424633650e-01,9.832087372157344296e-01,9.137845859867443910e-01,9.841765181617618818e-01,5.230671912368825005e-01,7.561510656622700832e-01,6.134528802265513114e-01,2.860590401480953560e-01,4.221915773988169640e-01,9.692905539464961029e-01,4.470336268195534285e-02,4.360230271375546973e-01,7.553645471611556417e-01,6.807437434065992665e-01,7.762927157154786428e-01,8.091889744249149974e-01,8.701386244527161695e-01,7.120159437892833454e-01,4.727085922307543986e-01,7.372357795822116477e-01,7.650933492861473617e-01,7.797205402542660702e-01,6.967930805298673258e-01,-6.047649550539399566e-02,-1.046261770403080771e-01,1.853437563707548419e-01,7.874782616039295302e-01,5.801339429480303345e-01,6.066194328610828856e-01,5.588967256024338637e-01,2.738786283679812139e-01,6.804982965804436956e-01,8.867185778239498051e-01,5.843051178248904742e-01,6.359703161724830078e-01,9.881009816944019697e-01
2.543025295889423942e-01,9.468441235595917993e-01,6.388291549491666999e-01,9.507979265476802500e-01,3.536218208145165409e-01,6.591098668058364973e-01,4.361949368011989736e-01,5.696440957155386453e-01,4.037424938864697666e-01,8.951046172336175610e-01,9.348593597094541074e-01,6.176166624346481893e-01,8.870687927864208122e-01,0.000000000000000000e+00,7.189093532902869343e-01,5.346402738937580112e-01,4.022382674030025029e-01,7.916039975756670177e-01,4.072692940707701159e-01,8.319402720197350831e-01,6.556944558502222353e-01,2.642861504915580140e-01,9.817506471456556305e-01,7.916278516290289335e-01,8.268532415474210140e-01,4.631363249980554597e-01,6.136484927223329056e-01,6.153173308018131671e-01,4.095856983834770260e-01,2.686608159494984216e-01,-6.868709747873180671e-03,4.955586440932695513e-01,8.175040930391699323e-01,7.740026380850320020e-01,6.522680121203435766e-01,1.833094303531858926e-01,3.499597073458928786e-01,8.421047301402058149e-01,5.894589747361972387e-01,7.856444066630439149e-01,5.249762329932624594e-01,5.709737087647437370e-01,7.862862951604702166e-01,6.504274019228925008e-01,8.377042614470389115e-01,4.352025801768085733e-01,8.464282307676863626e-01,8.183418160869536662e-01,6.107536103867262645e-01,6.037143371983699769e-01,5.023238127934180897e-01,7.827711197952165190e-01,6.550536923680694290e-01,3.415205204171448683e-01,7.436131903851879166e-01,3.245601744896707830e-01,8.545373319790079414e-01,8.078753962944856815e-01,7.939256065765984971e-01,-2.043990098761739871e-01,5.451780420023588647e-01,8.024084301786668094e-01,8.292376299912268545e-01,4.509836309581328195e-01,6.700999205148203686e-01,7.573362509218799499e-01,8.192215852878242943e-01,8.852376637293773998e-01,2.565565422079537083e-01,8.026781694114680787e-01,6.546878339083894716e-01,7.520825387647145366e-01,5.255750275458237475e-01,3.278264311287489852e-01,3.413654525982925403e-01,8.881531427261526446e-01,6.676397933998747813e-01,9.116642161695905910e-01,6.460030756656955919e-01,2.200741650933175086e-01,6.288019684722730984e-01,7.883689406578824332e-01,8.363449482849603100e-01,6.998884569867084293e-01,9.804645266050207031e-01
7.168616157022444924e-01,6.929933421881624422e-01,7.919535364638212727e-01,5.760891205186587927e-01,8.740104796048770996e-01,5.614230189974528384e-01,2.240234277290812925e-01,5.385026575528373272e-01,1.014846758075612088e-01,3.935421083871670778e-01,5.680806423044268971e-01,4.637584759204976259e-01,7.831332625475977416e-01,7.189093532902869343e-01,0.000000000000000000e+00,7.873468310723050756e-01,6.333849954171446583e-01,2.642214082962873745e-01,6.546632123321515229e-01,8.174499726568200675e-01,7.251493160254185444e-01,6.397844149389980695e-01,8.980868523060346886e-01,7.093208933580888997e-01,6.927754835283228552e-01,7.874653159295258442e-01,5.171073991250625390e-01,3.238890352215916257e-01,5.112188899136671516e-01,-1.031530253187225576e-01,4.191850015459835932e-01,2.273168806750025250e-01,6.998590497143465372e-01,9.929988404038062599e-01,2.747508147282891611e-01,7.435896478187803416e-01,5.887641977941751037e-01,2.758998227631421774e-01,4.836723196911321132e-01,7.834422328080264952e-01,3.061076663152330624e-01,4.198026520610431689e-01,6.579535949977382003e-01,8.080143180471046627e-01,8.484880862396368961e-01,4.191227713609723682e-01,7.731839468284240624e-01,4.466212773826208071e-01,3.110578907313397701e-01,7.625378278326182535e-01,6.241421844758425763e-01,6.143089340176607349e-01,5.869858032956992711e-01,4.307409474259778492e-01,7.798127047642977594e-01,6.831355660030500321e-01,3.317392715783837875e-01,7.770164948336540922e-01,9.928807715235854481e-01,5.965026193230841267e-01,-1.353595172246976897e-01,5.260233122254502902e-01,3.850690913029553020e-01,7.497654572529754979e-01,7.361891108080422796e-01,7.337579790458905737e-01,6.837499010432082081e-01,7.261722182498402400e-01,6.351163394962343611e-01,5.026306481803767268e-01,9.273595249350695680e-01,7.504194431355695749e-02,3.770359219466093981e-01,1.874020110175387416e-02,4.498067927324181370e-01,5.529646879024296968e-01,5.816274011834619007e-01,5.242344834741412551e-01,7.571824295459523846e-01,-7.381085547748497677e-02,6.420508967010980506e-01,7.591395373035659810e-01,8.840114399646274990e-01,6.966732801405508546e-01,1.525994004900056988e-01
6.076892583924524693e-01,2.357669164401499928e-01,9.402778890737228945e-01,5.227244399515547091e-01,4.773165593483679192e-01,6.025867439305566675e-01,1.293534763178150280e-03,4.608943442589424344e-01,6.505236343265726751e-01,6.147935927412442325e-01,9.686680957936785186e-01,8.091104251888878718e-01,5.434847682833874316e-01,5.346402738937580112e-01,7.873468310723050756e-01,0.000000000000000000e+00,5.674343359253103403e-01,4.250991564317274096e-01,5.008382578554249065e-01,5.378280299599971226e-01,4.629171353146946388e-01,7.688446708624129267e-01,6.406036679011156698e-01,8.882410058582304035e-01,5.960544119137065611e-01,-1.076047102789128018e-01,6.341921703941673094e-01,9.242227987617435137e-02,-9.554277381284098647e-02,7.892333185824556008e-01,2.574957161932224237e-01,5.970445467840221898e-01,7.953788734945490546e-01,5.773791042453070288e-01,3.742272095783493180e-01,2.925048536571005497e-01,7.906194332329848917e-01,6.510049618394199156e-01,9.034979843219090867e-01,6.376135943943640472e-01,2.144531048529584871e-01,3.180196779273003482e-01,5.422826603640340526e-01,4.537152972881840496e-01,7.714149249135654474e-01,1.995375408230177228e-01,9.322417282732329280e-01,7.390295600989729152e-01,2.118677356962850866e-01,5.028116183286749363e-01,2.386503582586205763e-01,9.717735743890814071e-01,4.271096675614220461e-01,4.618587795799667939e-01,7.797903653875182250e-01,3.260623464226236612e-01,7.354477329772597383e-01,4.491526721061124827e-01,7.126697417403569101e-01,8.891987646804133671e-02,1.287211074250612375e-01,5.326924919429349981e-01,3.654835650664161051e-01,4.617973091133404928e-01,9.090155913183013414e-01,5.519630372716317623e-01,3.832205146278508945e-01,5.361122925574242082e-01,5.245403233934315956e-01,2.028970902483573646e-01,8.559482494517296480e-01,1.663670213190324848e-02,5.379805160529327335e-01,2.745770086326412840e-01,1.852356628245957204e-01,7.778907351248255386e-01,2.946866640772352608e-01,5.916696911512331347e-01,4.367973554036294614e-01,3.778863958992488836e-01,3.343736202558452719e-01,9.237630064437096777e-01,5.836930237360185569e-02,-1.345425502540387730e-01,-1.979554984162781861e-02
7.067774308339167533e-01,4.370447420680608763e-01,8.525392747915544467e-01,3.428266341939750772e-01,5.576089792701345305e-01,4.022686350766880303e-01,7.813131391415235605e-01,6.843312383051589620e-01,5.969683183682102934e-01,5.121259678770627710e-01,4.556075788877839150e-01,4.380751535035365407e-01,6.917270367182679625e-01,4.022382674030025029e-01,6.333849954171446583e-01,5.674343359253103403e-01,0.000000000000000000e+00,8.173058000211584906e-01,7.041536240210808373e-01,4.151695353303399560e-01,8.644756432060275442e-01,8.685965527875723069e-01,9.602881824899551777e-01,7.801185799142313915e-01,6.654117273460078419e-01,6.548571481867709876e-01,8.889059245225100492e-01,9.239986965274321618e-01,2.659348171526015325e-01,5.563304360770682244e-01,-1.602058127521647224e-01,2.421828718366557387e-01,8.159542912437756090e-01,7.018459079537767709e-01,9.993455149991853359e-01,5.581499640752687341e-01,5.721244158455317530e-01,4.689154695856451727e-01,3.321760295053763912e-01,8.469232389399931060e-01,5.803589065728222973e-01,7.081466030897761721e-01,6.916841409130436436e-01,6.277347013325872416e-01,9.980845901911024054e-01,6.623651206086039744e-01,2.148951757478957392e-01,9.388609601005094563e-01,9.454838286824495119e-01,4.888743504860544598e-02,2.368066777303101667e-02,6.838040949307296890e-01,6.250340598268724346e-01,5.562589721362666273e-01,8.164370180240952957e-01,5.674026462318839670e-01,5.342150928896839401e-01,2.902226395263812209e-01,4.554149986091224900e-01,4.654491555324168361e-01,2.860567313221363817e-01,2.420524662850282172e-01,7.094915166116371186e-01,6.130942770877663150e-01,9.238081392239658740e-01,8.731887804837330513e-01,5.695558075923368158e-01,7.347090096482805643e-01,7.304301412342752986e-01,5.394829353139586336e-01,8.553560474251791224e-01,4.721081146567174432e-03,2.755320895170129680e-01,8.993414048688640194e-02,6.684340169187711345e-01,9.076109405668744134e-01,5.246583356813725452e-01,9.139257842462668036e-01,5.015519309743877718e-01,5.511715255855484941e-01,6.104095206410518060e-01,9.612824459900493057e-01,4.004977681980822490e-01,5.933309679063698550e-01,4.528236919701409541e-02
9.484304309539175470e-01,8.064681876549250061e-01,6.001109627429899174e-01,4.225864507732201014e-01,6.525200506353623364e-01,6.157232048501209976e-01,6.564850472003908033e-01,7.504108112628817828e-01,7.162636044611315755e-01,7.041003557331440010e-01,4.210808275853761273e-01,6.078455890939417072e-01,6.886993252492621398e-01,7.916039975756670177e-01,2.642214082962873745e-01,4.250991564317274096e-01,8.173058000211584906e-01,0.000000000000000000e+00,9.070864850598153728e-01,5.852339614073645002e-01,8.335208014517497821e-01,7.242668415555960637e-01,7.573149092742486044e-01,6.578871425277045271e-01,7.103162949645724922e-01,4.876695183241858689e-01,8.139707166783055614e-01,7.754830336003942781e-01,4.126978651983045365e-01,-3.417799480135693679e-01,5.210190547185907795e-01,5.694345610922753043e-01,7.560935439108185108e-01,6.509207241140444467e-01,3.378924161626116751e-01,6.172441610847294591e-01,3.562533878116476149e-01,4.139083924529540215e-01,6.655285228559746358e-01,6.253023977686650303e-01,4.475263615833550146e-01,4.580676462322315345e-02,8.237377022837204521e-01,5.100466918637827085e-01,7.577753443542667444e-01,7.898189105320562176e-01,9.117969633382634331e-01,5.786088407564695668e-01,7.958758023402824344e-01,7.541749439429853430e-01,5.658534416312033244e-01,4.337311851897963644e-01,7.021140671744866557e-01,6.508121231747697744e-01,6.435012025146629178e-01,7.369169168863257680e-01,8.242185709999574339e-01,4.559237779219774134e-01,8.793996518670148532e-01,1.391954462669797166e-01,7.340208155767535825e-01,9.048878371565073353e-01,5.366581483404415653e-01,7.063056890297224610e-01,5.258804440662019353e-01,2.386617979698170688e-01,5.083643423348630508e-01,9.706182690046906147e-01,5.331475864221346672e-01,4.407516346506925586e-01,7.280669683372694712e-01,4.133806646717074762e-01,4.298168350102556934e-01,3.075515978452530996e-01,5.197481194391553871e-02,7.550883480417485139e-01,6.307216032812973383e-01,9.135959360537947438e-01,1.613054087614657073e-01,4.694431432269283722e-01,7.152690869633383519e-01,5.110828184448136247e-01,7.934990846351459570e-01,7.808457624774625128e-01,7.975480570711355188e-01
