0.000000000000000000e+00,7.152101046221041036e-01,8.935765677735300061e-01,5.174835380552945674e-01,6.085792373660037224e-01,9.067014055152282648e-01,3.668602313556859063e-01,5.339830890532227814e-01,4.148263107548013640e-01,8.704687540299892445e-01,8.934654290939332277e-01,2.377584036989001670e-01,8.442863155143076614e-01,6.158163215168513949e-01,4.466792304867893693e-01,4.772676745613060323e-01,7.860592430317600021e-01,7.114431776031548971e-01,4.207327289149390137e-01,4.202953982818927181e-01,7.107210305990342425e-01,8.544369836737699675e-01,9.267004014339587092e-01,9.040830339009506833e-01,4.594945212101003706e-01,7.303898235714538778e-01,8.181018012193417288e-01,1.173741067366084051e-01,6.780236397673842230e-01,1.128407834449319386e-01,3.893660956149347929e-01,8.074811750363860563e-01,7.282053466667011143e-01,4.804864400634992205e-01,1.593456929440933978e-01,2.672868278177645829e-01,5.981348753581325894e-01,5.670716970759290820e-01,5.056990047227746254e-01,7.907615902094955462e-01,2.820348138815980676e-01,8.624769012783711775e-01,2.429914664566608096e-01,9.505431278631584213e-01,9.605402064270855966e-01,8.957870120058294416e-01,9.230657514655513651e-01,9.364098763012514981e-01,4.735687809102816503e-01,9.362653767791485615e-01,9.560010929637607902e-01,7.614986008424802222e-01,8.142821055789255524e-01,6.425827864096029796e-01,9.217567773063835013e-01,2.013708995330903140e-01,2.230191880439254259e-02,8.696343389030443127e-01,6.312614023085550974e-01,5.657136218453228116e-01,1.093081627234342504e-02,6.619564386183116600e-01,6.351872829627543959e-01,6.440676768985906797e-01,6.892700807588432177e-01,8.780836002973740895e-01,8.916889809657394528e-01,6.164177613355620311e-01,7.314539686902923332e-01,7.311111799553272617e-01,6.321794273210145088e-01,7.060820804181604515e-01,2.103684735978925413e-01,7.952035487218696019e-01,8.205980190366998217e-01,4.435135215844200340e-01,8.148329169841096453e-01,9.583337615984618418e-01,4.544873108577943688e-01,3.628301026053376011e-01,7.785222920124200696e-01,6.898476803684269187e-01,9.822277125351209781e-01,2.758641424158966848e-01,8.919512209777900047e-01
7.152101046221041036e-01,0.000000000000000000e+00,6.147168219024894409e-01,8.764855621593581336e-01,6.832716200632591441e-01,8.083782015319807002e-01,5.108208901904882637e-01,2.882178628530862041e-01,4.640303552205826132e-01,8.250845707641710769e-01,6.477761057022706215e-01,3.694648842889199924e-01,1.974470787084728618e-01,5.196021804103024833e-01,5.447648907532056661e-01,1.327021823161275149e-01,8.182599547660662775e-01,5.983091411584540165e-01,6.563974524627406160e-01,8.893305893156243647e-01,4.143888093967845743e-01,5.300689595303632595e-01,7.684699778266337322e-01,4.833180198400036653e-01,2.558485671133060579e-01,5.661962892928287250e-01,5.397179793607933540e-01,6.021722811921064178e-01,5.871636791460015381e-01,5.043677369084409445e-01,1.255436853613556003e-01,5.154537515157526784e-01,8.784309562029053442e-01,3.723917176431807974e-01,2.685700731772740490e-01,4.490220236055307845e-01,1.330309918948563153e-01,4.383296179393630920e-01,8.689461412839424304e-01,6.508932374243311392e-01,6.836895011218004914e-01,-3.658062716374154144e-01,3.241653009269712671e-01,-3.511720610125954045e-02,1.167802321239755498e-01,6.085050573640775617e-01,6.241325211162852549e-01,6.065599563120002147e-01,6.862198916863626597e-01,6.368357585668273924e-01,5.984102280534726870e-02,2.836464672277891341e-01,8.387243262920400788e-01,8.985115572130010220e-01,9.042873792790981913e-01,3.307553708191591779e-01,7.423079130102341328e-01,3.567835554702510348e-01,8.460629001162445206e-01,2.014518308662567869e-01,4.221437108740966511e-03,7.213307328864474455e-01,9.540356407462515786e-01,8.588995900561299246e-01,7.200230495850957757e-01,7.565689363100964737e-01,1.571035837330030938e-01,8.734927295239005574e-01,4.527089657383159271e-01,6.452717579137684512e-01,8.874431922581514920e-01,4.269612925258405300e-01,7.282858160304733763e-01,2.346373626557487699e-02,3.592590707037539577e-01,7.953912647652223722e-01,4.582329880758854723e-01,2.006468070492136435e-01,1.874473891765429112e-01,-2.318528266621683875e-01,4.464827071336355258e-01,6.070496817434115622e-01,4.680730017211200411e-01,1.855506750647543113e-01,9.315008991874004218e-01
8.935765677735300061e-01,6.147168219024894409e-01,0.000000000000000000e+00,7.176606397529082804e-01,9.092041667453667486e-01,6.171188006063795806e-01,6.844964488470848263e-01,8.850937683871923367e-01,9.123956065094147583e-01,8.316737781248045858e-01,-1.857717152192261967e-02,5.931990497807999585e-01,9.435445065924542574e-01,6.091240658315829615e-01,5.580212092706937632e-01,1.802129257569876075e-01,9.697673541074676162e-01,-1.076859284758843738e-02,7.308718159009218729e-01,6.916689659950110425e-01,9.505923062324778128e-01,9.052496303549681933e-01,7.366657076031669638e-01,4.239228468966813046e-01,9.792312502537083851e-01,9.911342081108227564e-01,9.254942760220128406e-01,7.169788941063127696e-01,4.888045787293902600e-01,1.204715470634891983e-01,1.586007969820304661e-02,5.567431575883116102e-01,6.595389993329000555e-01,6.808146858706125570e-01,2.067430246800115168e-01,5.881967248704889073e-02,3.110054012623552633e-01,4.810920594220933766e-01,7.809400624828939375e-01,8.538241731361242426e-01,5.038142179854798730e-01,9.149053833731060070e-01,7.339730997675740776e-01,4.682070802199295723e-01,9.087440618687113725e-01,9.509742305844051113e-01,8.575715080915884414e-01,8.498449173870155082e-01,5.167533462416246115e-01,4.161309032851564504e-01,7.947237158296476256e-01,5.148194238918815113e-01,9.984746408544629137e-01,1.895517238330282905e-01,2.424483776678918456e-01,9.022199127585601719e-01,9.310597067530012039e-01,7.924605655674578086e-01,6.281971853929134708e-01,4.141103813620118368e-01,6.296889076830227694e-01,9.390873373043879813e-01,4.731413305487502940e-01,7.742713793104164521e-01,4.388159860871667095e-01,9.848069478087998485e-01,9.350943661728610135e-01,6.387305055709752155e-01,8.289802552486540410e-01,7.391937889628619196e-01,5.301184265784191219e-01,8.903292985673839643e-01,3.461546944719796626e-01,5.454280106990425647e-01,5.314805694216095944e-01,9.627213467046852324e-01,5.896625176969227944e-01,7.705211245834377998e-01,3.475240694248604711e-01,5.225856672484289200e-01,7.172854191478745811e-01,4.295528131005029726e-01,9.230455660807341811e-01,8.618033131656148704e-01,5.738129556620695793e-01
5.174835380552945674e-01,8.764855621593581336e-01,7.176606397529082804e-01,0.000000000000000000e+00,4.489958833604992261e-01,8.057926674136535183e-01,5.587193482354630980e-01,5.700466320226591499e-01,9.029052468863107972e-01,1.936331892551806655e-01,9.951267437809938610e-01,3.279049406752647111e-01,8.478082944947644695e-01,6.122073617743094553e-01,5.656191019371465956e-01,3.303187518311654358e-01,6.964908130456121116e-01,9.937854021392196202e-01,6.929815545263643406e-01,8.558206217255913684e-01,6.864217770936159591e-01,7.421260608936210978e-01,9.742908699741654743e-01,9.207790000518147888e-01,5.953774730408132321e-01,7.383001043980292888e-01,6.430832492557099211e-01,2.355440317208941925e-01,9.287752777618421551e-02,5.074933384733907316e-01,6.165810432301482152e-02,4.763429637304758546e-01,6.787046297383773075e-01,8.067557071466003871e-01,9.651827066571233571e-01,5.371951739430305128e-01,4.772785292791883460e-01,4.190982840602690551e-01,4.926780915352260148e-01,1.546614551613759436e-01,2.178870481605599818e-01,4.885495805573033534e-01,8.012895368741238533e-01,7.159216379655723994e-01,8.743538584955569126e-01,4.135679236921803170e-01,8.676333398005128261e-01,8.663945149762337650e-01,4.200372677347447570e-01,7.174452736573195821e-01,9.551202535400172833e-01,6.775179459499816037e-01,9.876356142392836990e-01,9.624305376170430026e-01,4.018848157296412982e-01,7.496979180889441485e-01,7.618477159541754418e-01,8.785464641975967437e-01,8.045327280511211931e-01,5.401895345941473137e-01,8.329439978817627932e-02,6.789649013324629001e-01,7.059494996030629688e-01,7.352159661144961333e-01,2.912362928780285465e-01,7.291375020454269329e-01,9.509032565275621351e-01,8.672479892124204115e-01,5.225319349452566264e-01,7.846955018647807645e-01,6.425910854229800462e-01,6.661697824212196029e-01,3.883568628223528219e-01,6.382851774354818541e-01,7.381604424699792499e-01,3.859053388908888493e-01,5.003368144658958405e-01,5.914600556477442872e-01,5.455447164065655441e-01,3.597749594870687240e-01,3.252853155364074933e-01,4.123637899937283580e-01,6.143901519449782578e-01,-5.437805148053189708e-01,7.671131258745058634e-01
6.085792373660037224e-01,6.832716200632591441e-01,9.092041667453667486e-01,4.489958833604992261e-01,0.000000000000000000e+00,8.881677152736275893e-01,5.101446552596139439e-01,4.408901216283414026e-01,5.129691532484048633e-01,5.089162163887420709e-01,5.070067393891142249e-01,9.341272392024431159e-01,6.582955070967352329e-01,5.176617618058718673e-01,6.293862814335565714e-01,8.836313908963409069e-01,6.397962138359940543e-01,5.726750456675582246e-01,8.481589826473862059e-01,2.550674354812886846e-01,9.090868781544505506e-01,3.100343787964947029e-01,6.801111725679577225e-01,7.432184056998661914e-01,6.736938134716864424e-01,2.518663108789303551e-01,8.598488808389522786e-01,6.119500110550596395e-01,7.671449793474419687e-01,2.888691370154712890e-01,1.748122716110215025e-01,4.851027493216593656e-01,4.196149791789676176e-01,2.848226371324272255e-01,7.515434226973316534e-01,3.117240797913711225e-01,3.324028644694774215e-01,6.684713943636806377e-01,8.815376824798809574e-01,5.217957651765130489e-01,3.769918456715474209e-01,9.912662250456411028e-01,2.468587335381609849e-01,6.634914469329076248e-01,3.590225387689838787e-01,5.845237516689588686e-01,6.373081277302027337e-01,4.080807845849903082e-01,5.385901566609999636e-01,1.208786103395732142e-01,7.008532204179324099e-01,7.778088789013163362e-01,7.909005607886425704e-01,4.664264674073012595e-01,7.402356868058364014e-01,6.837249718288207490e-01,4.407252465502209948e-01,9.918373491007707043e-01,5.747062599483019341e-01,2.666413165731363888e-01,4.143909024718131495e-01,6.236525598898561284e-01,6.154871761311324629e-01,8.717231757923415980e-01,9.714842153961258386e-01,3.584848942860556775e-01,4.629319423771688369e-01,7.894133983640869712e-01,7.326303999291087221e-01,2.298438711733334361e-01,6.528625636774119112e-01,6.249127607639731741e-01,8.507118296370110855e-01,7.544538246476846510e-02,7.216473345738897427e-01,2.609313284074328831e-01,2.338136649788231103e-01,2.690466053270393898e-01,2.948685490501025130e-01,7.268371563045511463e-01,6.305229843368916898e-01,7.660481875826185005e-01,9.179934795037248962e-01,8.949547326584464391e-02,7.556876740866929065e-01
9.067014055152282648e-01,8.083782015319807002e-01,6.171188006063795806e-01,8.057926674136535183e-01,8.881677152736275893e-01,0.000000000000000000e+00,7.355387307134504393e-01,4.770912370371703237e-01,2.187459191586505203e-01,3.741283653136560083e-01,7.414734106170659533e-01,5.319411603523015453e-01,5.186303026864618193e-01,6.139646074011357868e-01,7.161422098918296397e-01,6.394292643759156292e-01,6.288350002205709277e-01,3.624606087922996878e-01,6.076072608119696961e-01,7.051538241962729270e-01,8.068045291004072306e-01,7.582481560482354777e-01,2.732338883350404757e-01,8.390666913705132623e-01,5.926915036448181517e-01,6.744370585856198641e-01,6.558753729836307445e-01,6.481128322004716669e-01,1.297842508280091546e-02,2.970312977753898909e-01,2.505266560359008521e-01,7.364634606940168027e-01,9.907600315960718440e-01,3.030790574555553007e-01,1.935052174446502959e-01,5.336256519451462177e-01,4.547715548228096760e-01,6.454005954468811090e-01,5.611908158092725474e-01,5.039860685325968648e-01,5.671199224056505672e-01,5.470715036154376598e-01,6.436105825779215861e-01,8.760452911104716911e-01,8.446484542537295859e-01,4.882831691012962105e-01,7.588683646936407179e-01,5.367487170803897367e-01,1.540026793710799202e-01,3.448643431827207451e-01,2.876703933885510489e-01,4.577171572369891361e-01,5.088604167090765573e-01,4.367390573968704115e-01,7.924247656357289449e-01,4.476936939099050439e-01,7.398370546281329840e-01,4.099782112847241700e-01,7.874789797119323698e-01,3.347824290047513029e-01,3.668532843582871794e-01,4.539826126813760188e-01,4.584273769929221864e-01,6.094146889061453631e-01,7.098184641427779384e-01,4.132100052028614967e-01,8.141927241140696214e-01,5.014536216807156110e-01,7.412602633034109934e-01,7.612453811099182399e-01,8.373382387773047331e-01,6.753065183334823196e-01,2.210437567076211154e-02,4.428272111561646907e-01,4.564997099400608382e-01,5.724357395635591983e-01,6.633254245650030967e-01,2.885321342782787846e-01,4.390098958016465658e-01,2.029155745273431566e-01,4.001208252269607968e-01,6.875780698293684212e-01,7.387215176251001880e-01,3.800001842844280553e-01,9.180109060047152436e-01
3.668602313556859063e-01,5.108208901904882637e-01,6.844964488470848263e-01,5.587193482354630980e-01,5.101446552596139439e-01,7.355387307134504393e-01,0.000000000000000000e+00,1.748457073715987617e-02,4.139551028255255005e-01,5.366404167130535141e-01,6.789053149503303519e-01,4.273890484030844483e-01,7.202632042263884538e-01,4.973846828082789662e-01,4.236319043111081983e-01,6.799234566471621388e-01,6.138601049580683089e-01,5.010594104130718929e-01,5.612971163633505567e-01,5.639356944601801036e-01,5.207715213830194090e-01,1.611574707097207793e-01,6.762792242618635985e-01,6.384474610593902089e-01,5.610029560121287950e-01,1.610531446104786213e-01,7.554050506697920220e-01,7.773149027555592561e-01,4.998398310149930746e-01,3.162523719140593048e-01,5.718825839353314233e-01,2.540225019382444382e-01,6.697298588917041107e-01,7.630427036098716975e-01,6.786420674513123918e-01,4.216206847200522634e-01,3.626503110731319479e-01,6.478191120751753962e-01,5.433156648428195679e-01,5.640737927015302411e-01,5.240524554765439991e-01,-2.355254699546338593e-02,7.111571513713719206e-01,5.342868275289625046e-02,7.759001985920105371e-01,8.712023748451793725e-01,7.576235644536875036e-01,6.983484490430105218e-01,4.810281373744191846e-01,9.663422118448519171e-01,7.975450305373257276e-01,9.307109364541291674e-01,6.812551553527037562e-01,4.357159985242052835e-01,9.705220658818762836e-01,3.244508414085829628e-02,5.997990656730430858e-01,2.269571274708563347e-01,9.354381855863964645e-01,7.922172880775293358e-01,5.670403574086904097e-01,6.363066437182307578e-01,4.785374745716796108e-01,6.513712830344209337e-01,7.822341702117435736e-01,6.316436694515671357e-01,6.933471852648610545e-01,8.691417807998114142e-01,2.745337165624290310e-01,3.142551076564077395e-01,3.021542143623040522e-01,6.416759270418275207e-01,4.232244439215786524e-01,2.045082188085697028e-01,2.554121604453751804e-01,-1.816136638140307125e-01,2.765042530483279859e-01,4.685272881924246735e-01,5.271622767919237340e-01,4.500552818173713526e-02,4.486088788194314003e-01,8.773441450991159574e-01,5.351700298465911221e-01,6.723200802757658412e-01,7.413171799742085399e-01
5.339830890532227814e-01,2.882178628530862041e-01,8.850937683871923367e-01,5.700466320226591499e-01,4.408901216283414026e-01,4.770912370371703237e-01,1.748457073715987617e-02,0.000000000000000000e+00,4.067004237520231436e-01,5.020098246024770061e-01,4.262031462131645743e-01,6.832372490122352593e-01,2.768731686066430719e-01,4.814640714208009431e-01,7.718001753970440415e-01,6.111762940616410900e-01,6.221280678892702198e-01,5.058821297264683992e-01,4.778118772506410039e-01,1.627179395856396538e-01,7.701304753555083815e-01,4.830759332258089400e-01,7.844270914342336143e-01,8.443020194983423821e-01,3.371875041519001304e-01,2.435750763702859145e-01,2.669591433354550070e-01,7.499292299640455406e-01,5.189433347913628009e-02,6.902768367020661877e-01,6.542144873752766543e-01,7.258879074648669771e-01,4.442813350071608824e-01,7.873681661275211408e-01,7.550909411640955859e-01,3.166016706290284421e-01,5.365258767633990233e-01,3.587075865142022035e-01,7.282040424026263448e-02,5.256381760889438093e-01,2.085043232644054612e-01,2.636898210542589771e-01,3.722764601563406384e-01,7.016117739363141315e-01,7.058703524629212911e-01,3.238811924859568148e-01,2.261363590200501372e-01,7.375605870337001435e-02,7.560069419992381246e-01,5.541782626485211027e-01,9.416214497052094456e-01,-3.740805205816560841e-02,4.978917014550013898e-01,3.532546924350079554e-01,1.983954564563304157e-01,5.327355955225876460e-01,4.135532330817668911e-01,7.220848644278706763e-01,4.007194958999511503e-01,1.296191405073518488e-01,7.041483367375260816e-01,2.639216992069051138e-01,7.362425051008088250e-02,6.155815716115295988e-01,8.319318378034235018e-01,5.898066396942406309e-01,6.134420009788212891e-01,5.557368341085348051e-01,-9.695515068054016972e-02,6.417905619628641034e-01,3.895325540699919875e-01,9.376212930283014946e-02,3.232304267032002909e-01,5.102505600399744878e-01,5.048984281329885748e-01,3.773532263058833047e-01,6.878933190257019437e-01,5.596993027846710600e-01,5.755472019559326746e-01,-5.414219002066067432e-02,7.535475233285835461e-01,5.631805189747449703e-01,6.012619422822328419e-01,2.368916695171112766e-02,7.804235347755130725e-01
4.148263107548013640e-01,4.640303552205826132e-01,9.123956065094147583e-01,9.029052468863107972e-01,5.129691532484048633e-01,2.187459191586505203e-01,4.139551028255255005e-01,4.067004237520231436e-01,0.000000000000000000e+00,7.391091609838231768e-01,5.080764577410398219e-01,7.064508704296048602e-01,4.973081330360538121e-01,6.095713339166243250e-01,7.811828664298140490e-01,4.254116988811669220e-01,6.036497301045036235e-01,5.852264312095044607e-01,5.368656543062089170e-01,4.193179190687642555e-01,6.475664462919266118e-01,1.701714198361368169e-01,7.913025440889460693e-01,9.307975482023129743e-01,6.550926139691778394e-01,4.316423208516724230e-01,7.308982080902819423e-01,7.055276974491382358e-01,5.938937845469827170e-01,4.157009596621029091e-01,6.224565787460609873e-02,2.315360870572635010e-01,6.372926284219424531e-01,3.361897619931141223e-01,7.500127234719344838e-01,4.533776504640793514e-01,5.765720905416155118e-01,3.400030335098030987e-01,6.954431827023710433e-01,6.077719267516700219e-01,3.376679402303032762e-01,4.418632885373880992e-01,8.559944022233729743e-01,4.392643508894439885e-01,5.780813210471414942e-01,8.835694661322748278e-01,7.823610775030692688e-01,4.059104403033238495e-01,6.921631908483308893e-01,4.057369343509069082e-01,5.216064449975496009e-01,2.851769527915812980e-02,9.960945658011812753e-01,7.930576516493262895e-01,7.541701796034687710e-01,7.171620060697080357e-01,7.370803264231113872e-01,5.364679722187222222e-01,4.830144752418911724e-01,4.849167906447571230e-02,2.162558489907194237e-01,6.492371340384495149e-01,2.077126685509893822e-01,4.962227205667771313e-01,8.422564180450985427e-01,7.551214144348648849e-02,7.903847466528688415e-01,4.720112556920659230e-01,2.422456585745630941e-01,7.649326945586941706e-01,8.994554126689612294e-01,3.964895504773747748e-01,-1.636332250044582881e-01,4.701126613771811069e-01,5.160259288316674242e-01,4.306357157542831104e-01,4.914813443842075968e-01,4.337510351708112055e-01,3.624729342626354933e-01,3.338360896144716428e-01,3.258121693636851224e-01,9.912927539184767101e-01,5.547266689315051291e-01,-9.053170477469282829e-02,6.801971241499876752e-01
8.704687540299892445e-01,8.250845707641710769e-01,8.316737781248045858e-01,1.936331892551806655e-01,5.089162163887420709e-01,3.741283653136560083e-01,5.366404167130535141e-01,5.020098246024770061e-01,7.391091609838231768e-01,0.000000000000000000e+00,8.142802432771573118e-01,5.621282319009082706e-02,5.937502109158321328e-01,6.606457133115725133e-01,7.977936436703215728e-01,6.656153358799901110e-01,9.445554014925368058e-01,6.774672804003376569e-01,4.662926718031792372e-01,9.676218500615491047e-01,3.839253884389170479e-01,2.892747454435664611e-01,5.792499575589590277e-01,8.532763924649645615e-01,2.335715341121102351e-01,5.134631738535386791e-01,6.537501409798637253e-01,4.936566828843079735e-01,1.056483687977581715e-01,1.207789403774297138e-01,4.279156744199418272e-01,7.338647088519929529e-01,3.072836476508438719e-01,7.085956075500360329e-01,2.541049750417698760e-01,3.253245964517625377e-01,5.814587223554852635e-02,7.091797917245065142e-01,2.712794292903002447e-01,5.822376303102455575e-01,5.321406268765381808e-01,2.080516796787584277e-01,9.209621614703523695e-01,1.280262878910506941e-01,7.621505795595355792e-01,9.782498561963780537e-01,9.475548007521166216e-01,8.894136925228066648e-01,9.312374470743101096e-01,4.339886555374330435e-01,3.788393616446449341e-01,4.714502264887968641e-01,1.540117498393406004e-01,-1.889832534182928070e-01,5.550204406233865129e-01,5.529419909413317846e-01,2.013289290677842958e-01,4.007844135499590843e-01,2.618301519777613828e-01,5.408287926712449512e-01,3.461830321433674862e-01,3.927065103334134721e-01,3.265768542652807693e-01,7.955789952145886357e-01,2.871358659120867851e-01,1.862942979881582195e-01,3.417446805207968730e-01,3.780538968005916489e-01,4.498016156937427734e-01,7.905454401396777575e-01,7.538153164885963431e-01,7.975699477681130745e-01,4.487127531601327046e-01,1.268219152267202054e-01,5.287453966574973130e-01,4.471606450164631874e-01,6.739981194197499637e-01,3.047924969328338340e-01,3.760251943631666149e-01,3.976428667853713073e-01,3.009037292620748705e-01,6.099114196427207757e-01,4.046239143269279026e-01,-8.425425811581649382e-03,7.321195939818994081e-01
8.934654290939332277e-01,6.477761057022706215e-01,-1.857717152192261967e-02,9.951267437809938610e-01,5.070067393891142249e-01,7.414734106170659533e-01,6.789053149503303519e-01,4.262031462131645743e-01,5.080764577410398219e-01,8.142802432771573118e-01,0.000000000000000000e+00,9.613967766564379680e-01,6.578203130598347936e-01,8.403385366964482017e-01,7.294466582683023503e-01,1.718408716614245046e-01,6.301452364233671721e-01,7.135891800189659850e-01,5.512081515734403858e-01,7.348914042787626499e-01,3.407413146936888459e-02,4.418642528639576961e-01,8.460361805332797802e-01,8.728243997019206057e-01,3.507639253439371885e-01,7.433653786643102945e-01,9.270241056506045574e-01,4.409939283254996623e-01,2.168540717418193930e-01,-5.898090257144930626e-02,4.502556909701761478e-01,5.239065915556295749e-01,4.623273446952017585e-01,6.693632378646696690e-01,7.266428964151226966e-01,3.541061658178973337e-01,1.808599261117678492e-01,7.716048076254591326e-01,7.078068765447270705e-01,8.871335065113081786e-01,4.200723891218112183e-01,7.761184552642323986e-01,4.526889456299204584e-01,4.988598466109526175e-01,9.464886995547669990e-01,1.211863510775475633e-01,7.787878710158605555e-01,6.295238308611463829e-01,5.836948897606270004e-01,7.541116437309952625e-01,6.224317559837109215e-01,5.045023450268940612e-01,3.814744372566464259e-01,3.046842411967722319e-01,5.536888831555210055e-01,7.982934817087854462e-01,6.405245432656945237e-01,7.237762350392431543e-01,1.107531617184416145e-01,2.986500030778388437e-01,7.558020599771601011e-01,7.032705610417447906e-01,2.529290793268988979e-01,7.616126562039047254e-01,7.265315527679659935e-01,6.821320254941890537e-01,6.925556519566394842e-01,8.625993706620781465e-01,6.996032318448497378e-01,2.530205539693954897e-01,6.656164531063751832e-01,5.133040256494956211e-01,2.598061367174036018e-01,1.512390652439312422e-01,2.819601398901437905e-01,4.694965425912242529e-01,4.128852684772071346e-01,3.193850345780835931e-01,-2.840228908690431431e-02,1.983030794291374965e-01,2.787690091130110570e-01,6.419956696130779683e-01,4.470737432476792894e-01,5.585041577284153291e-01,5.920097652183379244e-01
2.377584036989001670e-01,3.694648842889199924e-01,5.931990497807999585e-01,3.279049406752647111e-01,9.341272392024431159e-01,5.319411603523015453e-01,4.273890484030844483e-01,6.832372490122352593e-01,7.064508704296048602e-01,5.621282319009082706e-02,9.613967766564379680e-01,0.000000000000000000e+00,8.024357184405479515e-01,8.735527497969014510e-01,5.045051076809984325e-01,6.388834291204122939e-01,5.192976959306547791e-01,7.253146927685163448e-01,5.949576856205143205e-01,8.355566361769735106e-01,7.184641612384093934e-01,7.607666802128143502e-01,2.853121827003292088e-01,8.179859004377489917e-01,2.463885295277175591e-01,2.937543711534831292e-01,6.381637823052902503e-01,6.887664311341266110e-01,2.329688120029786980e-01,7.807989877460890238e-01,2.539567430155192929e-01,3.282881485311072156e-01,9.297204706871213808e-01,7.481080015095836755e-01,1.405153422891484427e-01,3.828602204583849700e-01,3.574719520140848816e-01,6.489189940877322371e-01,6.835747394042429592e-01,7.643089500358209998e-01,2.115692877664091809e-01,5.904417734009743679e-01,8.545448639241006727e-01,2.607654582312746161e-01,4.311919155947032678e-01,7.982296153411774231e-01,7.187349520083767818e-01,7.089148248328858148e-01,4.103565575016991374e-01,4.766182507197851415e-01,7.792302239604985692e-01,4.662462992067311629e-01,3.493604747594774018e-01,2.769060159734650362e-01,7.061833607576515348e-01,7.235612468929198959e-01,7.025905451754115294e-01,4.119572151955495642e-01,7.021613785004471309e-01,2.493975826880840407e-01,1.103594101140563735e-02,4.845082105784555560e-01,6.948853395907631514e-01,8.088043756250228311e-01,9.952493473011896352e-01,2.883094026946412258e-01,4.298425057214354528e-01,9.073071697810964897e-01,7.992038430378106684e-01,5.917153149234930520e-01,2.168945801845532650e-01,4.270202504062735049e-01,5.239349961419070834e-01,2.515682777504082979e-01,6.457469009921482650e-01,7.848011383946412733e-01,4.161206596767368371e-01,5.761429580124455274e-01,6.891607361495382111e-01,7.942235954797924880e-01,5.747800554028941189e-01,9.369371806865876007e-01,7.344122861729804885e-01,3.629508123542067866e-01,6.303621310367063524e-01
8.442863155143076614e-01,1.974470787084728618e-01,9.435445065924542574e-01,8.478082944947644695e-01,6.582955070967352329e-01,5.186303026864618193e-01,7.202632042263884538e-01,2.768731686066430719e-01,4.973081330360538121e-01,5.937502109158321328e-01,6.578203130598347936e-01,8.024357184405479515e-01,0.000000000000000000e+00,7.290731889140729116e-01,9.254351686665566179e-01,7.066984136264390370e-01,2.654002528164587371e-01,6.266909644709225402e-01,8.222401978878939310e-01,6.126558754609688906e-01,9.360254391439294386e-01,9.402829141909363475e-01,2.265476893679068682e-01,6.301945400345047021e-01,2.698746134880067316e-01,2.519250021330421974e-01,5.223799857730494489e-01,6.909769707526841609e-01,8.270135071024165008e-02,-2.093253282251869019e-01,2.790479265422378674e-01,2.347102698895086881e-01,4.413594544918556517e-01,5.446174480421335229e-01,7.128429793132468051e-01,4.724579774730079951e-01,5.710957539415274509e-01,6.016652207947438269e-01,8.678387426520870473e-01,8.092431179229689908e-01,3.563918840457795945e-01,5.449384445061955518e-01,9.411321630255399251e-01,8.752651338553483207e-01,8.783591487750281868e-01,3.637814284617144622e-01,7.528809930736908296e-01,8.566990252759628666e-01,2.121446707980128021e-01,7.073102189544099305e-01,8.977538771565637399e-01,7.163514686413601229e-01,4.861396467237680263e-01,5.224591244594001260e-01,2.133993848774159707e-01,7.861879912835000317e-01,3.853179810605827926e-01,4.339717304616367843e-01,7.489870498931227027e-01,5.545557680570051273e-01,3.636619414514589144e-01,3.485538768243081620e-01,5.477662894864124832e-01,6.460844042751064942e-01,6.991497116555520641e-01,8.744432525259479005e-01,6.538632407153117665e-01,6.667236175732280667e-01,6.972546003690697214e-01,8.750362775619863198e-01,6.706638202790502490e-01,8.856152337078690984e-01,2.064720363314351270e-01,2.589708447347534581e-01,4.941755686811439285e-01,6.205471657048439171e-01,4.104583755866199057e-01,6.598903037287193740e-01,1.283440540499264093e-01,-2.573078673051121257e-02,2.872909470882503702e-01,9.870156896115892531e-01,8.442635309945345501e-01,5.884465435579768755e-01,6.152580419207382967e-01
6.158163215168513949e-01,5.196021804103024833e-01,6.091240658315829615e-01,6.122073617743094553e-01,5.176617618058718673e-01,6.139646074011357868e-01,4.973846828082789662e-01,4.814640714208009431e-01,6.095713339166243250e-01,6.606457133115725133e-01,8.403385366964482017e-01,8.735527497969014510e-01,7.290731889140729116e-01,0.000000000000000000e+00,5.796443983603281058e-01,6.426908708352744304e-01,7.978073398640843639e-01,7.822046097452455271e-01,4.414890087505327632e-01,8.818755736476985296e-01,8.139015977946021385e-01,7.467801542813768956e-01,5.329362545577944754e-01,9.909186572491174294e-01,6.171331371005104316e-01,6.513610351442985502e-01,6.047468546983397752e-01,9.467385476789498266e-01,2.559064166684589803e-01,3.694234299316253578e-01,1.514786861367589839e-03,7.285769820868646107e-01,8.194098259612456747e-01,3.500806436847941905e-01,4.042073229299217307e-01,7.616368151143678711e-01,1.891325307826457192e-01,6.758624912781158178e-01,2.087040551552592216e-01,7.768665526076099503e-01,5.014091416803855283e-01,5.708263826579227374e-01,6.061659105347513288e-01,1.877936163683157356e-01,3.191753121160064710e-01,4.780557843926964701e-01,6.741788939931305791e-01,8.216548974270931893e-01,5.099042942796121469e-01,4.512836587758265461e-01,4.921786495701093722e-01,8.912720852817402895e-01,1.553808582482715250e-01,5.989195091237451418e-01,7.516552117882137063e-01,3.985409478127643901e-01,7.487846257353317769e-01,6.464215679842360007e-01,5.046024330924829826e-01,3.058650838277300887e-01,6.894685887128909618e-01,9.517312604411003463e-01,7.501756138702041499e-01,7.623487859353985652e-01,4.917373552358034750e-01,9.656637911328501689e-01,4.940101399245531710e-01,9.637696846576517817e-01,4.445542000003222527e-01,8.098799590674934379e-01,6.526954298421683287e-01,9.515008024763103034e-01,3.675869538963221772e-01,5.069449708418001521e-02,7.090392314494700088e-01,5.800387530575836781e-01,9.438750852049520024e-01,6.604395598222496666e-01,-5.447556658433086452e-02,1.305700279389812313e-01,4.556024703342227977e-01,6.069435634876708674e-01,6.410087588634212352e-01,3.505272428018912922e-01,9.303375158557833924e-01
4.466792304867893693e-01,5.447648907532056661e-01,5.580212092706937632e-01,5.656191019371465956e-01,6.293862814335565714e-01,7.161422098918296397e-01,4.236319043111081983e-01,7.718001753970440415e-01,7.811828664298140490e-01,7.977936436703215728e-01,7.294466582683023503e-01,5.045051076809984325e-01,9.254351686665566179e-01,5.796443983603281058e-01,0.000000000000000000e+00,8.987309174100434062e-01,6.584201142968491016e-01,6.588970368259923216e-01,6.401881211526072590e-01,5.682147830943939937e-01,6.284914079151666666e-01,6.361817048777802519e-01,7.255682665845665236e-01,6.170792337875170563e-01,5.324150944514272066e-01,4.945257837471427331e-01,9.291535851153566172e-01,4.978830559710386017e-01,7.541708588833985205e-01,1.087697543007509621e-01,5.507576241585141474e-01,6.221437841532403423e-01,6.885371997067765149e-01,3.964705618397429410e-01,7.514299738097682813e-01,2.678730813769366614e-01,6.863506540315360560e-01,2.676879227940243133e-01,8.435933848451014905e-01,7.227470502729259616e-01,9.390444361805488915e-01,9.445359330473961368e-01,6.162147553217133256e-01,3.812665705530745019e-01,9.004138517730253533e-01,5.828185125609045558e-01,3.976837473000526813e-01,7.270367581776134847e-01,4.670031633009153471e-01,6.329472684722070586e-01,6.836294373529072654e-01,4.484296037114554045e-01,6.913536382112840384e-01,4.014869675647503300e-01,6.260815979331302294e-01,4.103844695513657048e-01,6.441301233097088685e-01,5.723925505957916382e-01,7.292063453299184594e-01,4.456552243190921581e-01,7.734704721020564666e-02,2.254454321572755549e-01,2.923314786641237895e-01,8.330627070585614469e-01,7.572951356336103945e-01,4.681925335085658779e-01,7.518615399439503300e-01,7.706809461035785125e-01,6.961557661103358052e-01,6.307613824759537025e-01,7.879513925558443432e-01,3.078604430636762146e-01,5.143022412352891148e-01,7.046376042827948716e-01,7.016731468908734559e-01,2.120167042158115356e-01,4.895272521402625476e-01,4.355033180302654294e-01,6.048308674446229993e-01,6.075066136408489026e-01,7.002856534821332302e-01,6.140884708478716592e-01,7.643728216980291146e-01,3.793642840143080508e-01,4.491668746823081482e-01
4.772676745613060323e-01,1.327021823161275149e-01,1.802129257569876075e-01,3.303187518311654358e-01,8.836313908963409069e-01,6.394292643759156292e-01,6.799234566471621388e-01,6.111762940616410900e-01,4.254116988811669220e-01,6.656153358799901110e-01,1.718408716614245046e-01,6.388834291204122939e-01,7.066984136264390370e-01,6.426908708352744304e-01,8.987309174100434062e-01,0.000000000000000000e+00,5.895567940826492714e-01,4.523161369695986589e-01,3.277958907590098336e-01,7.396237052020231406e-01,8.031365377221423296e-01,4.703190809335062728e-01,8.932047887459558799e-01,8.927085195737668455e-01,4.803639005305594400e-01,4.567343095512756967e-01,9.786412532133605957e-01,2.560157318521427694e-02,4.629763505444489669e-01,4.796003351726209063e-01,5.405301718595267868e-01,4.632287405764886623e-01,7.476240660072218658e-01,7.604800633640536045e-01,2.850129228524866387e-01,7.465548127892087660e-01,6.783172854081662706e-01,-6.990094795905860137e-02,6.153641496795131394e-01,8.511089348362987916e-01,7.184654507935998857e-02,3.329242043211884106e-01,8.260868831297700776e-01,9.077747446329755832e-01,7.546525534637309462e-01,6.496645321054500544e-01,6.844158595318501348e-01,1.566299419538087767e-01,2.920594109416217998e-01,7.907746780913128548e-01,3.924250203978378870e-01,2.722456657333158780e-01,3.426675161916092893e-01,3.629654513416851747e-01,3.118936590911590145e-01,6.491082113920556562e-01,7.464707595235748894e-01,7.246479900045106337e-01,4.130442224049291622e-01,3.597881933345018490e-01,1.126862809158769574e-01,4.633251350531540358e-01,7.073396891979137902e-01,6.407910832330285800e-01,5.796717672300600865e-01,4.642254789993239261e-01,6.131222708023769119e-01,8.991190609911422493e-01,4.188437201684778177e-01,5.930704853732676057e-02,4.679359339008589136e-01,6.197843140127206052e-01,4.975525584385003669e-02,3.342269787159045658e-01,7.886742190845441591e-01,8.193473925700067717e-02,6.326671853837647630e-01,5.315663570122673987e-01,3.999957477159562513e-01,4.948046549495681568e-01,6.059242393117568737e-01,6.436724205849699842e-01,5.269694564046566443e-01,3.264761490944479219e-03,5.128613407808282343e-01
7.860592430317600021e-01,8.182599547660662775e-01,9.697673541074676162e-01,6.964908130456121116e-01,6.397962138359940543e-01,6.288350002205709277e-01,6.138601049580683089e-01,6.221280678892702198e-01,6.036497301045036235e-01,9.445554014925368058e-01,6.301452364233671721e-01,5.192976959306547791e-01,2.654002528164587371e-01,7.978073398640843639e-01,6.584201142968491016e-01,5.895567940826492714e-01,0.000000000000000000e+00,7.451165519908821144e-01,9.539975070225716891e-01,9.028964317605682188e-01,7.949411553272449638e-01,5.141932237191668698e-01,6.999046292147113046e-01,9.814975850058537121e-01,5.860288108046865507e-02,9.261265647887456653e-01,7.030210574031128257e-01,7.750215574306462685e-01,2.138958887716017609e-01,4.094626579358208174e-01,2.160136050979695466e-02,4.252009388574435889e-01,7.477466732119906201e-01,1.707984275575175626e-01,8.136961089559568983e-01,5.831066663313523302e-01,6.297246244471336185e-01,6.340096080338484263e-01,8.532445025323139864e-01,5.939089589487804854e-01,2.190988378488698679e-02,6.245966848436952379e-01,7.205347892977437274e-01,8.327332864516816535e-01,9.026969956601300638e-01,7.182690739048896988e-01,7.630323645733021465e-01,6.941404335822884963e-01,9.333007857439447053e-01,7.653211415276517382e-01,6.699783425514862500e-01,8.648399769340404664e-01,4.589005428382958440e-01,7.448489667762692168e-01,2.044933089124635894e-01,7.707541495080931782e-01,9.734694219614026256e-01,3.336385343030828787e-01,5.005704614224371074e-01,4.602156850958772916e-01,5.548721960660139146e-02,4.383476340354598988e-01,8.392431656675083396e-01,4.283419488174264878e-01,4.695471636627669976e-01,4.593490617493620753e-01,7.945911624186181577e-01,7.880439658817022242e-01,2.674247767159079747e-01,5.102120985749415416e-01,5.582309751815826004e-01,7.825947888693953747e-01,7.884038900440512032e-01,2.360225488753322221e-01,7.846512636905610405e-01,7.315446009141421957e-01,6.534620727803102103e-01,9.135948679959295937e-01,-1.038873423083049308e-01,9.169067620816234720e-02,2.115797024174763674e-01,8.489879019465726984e-01,5.031973626837377145e-01,4.051166804181554060e-01,6.078844178325861769e-01
7.114431776031548971e-01,5.983091411584540165e-01,-1.076859284758843738e-02,9.937854021392196202e-01,5.726750456675582246e-01,3.624606087922996878e-01,5.010594104130718929e-01,5.058821297264683992e-01,5.852264312095044607e-01,6.774672804003376569e-01,7.135891800189659850e-01,7.253146927685163448e-01,6.266909644709225402e-01,7.822046097452455271e-01,6.588970368259923216e-01,4.523161369695986589e-01,7.451165519908821144e-01,0.000000000000000000e+00,3.201349506779800624e-02,7.176292805459629776e-01,7.232705416890954364e-01,5.922028350746140202e-01,7.378193583418011237e-01,8.602770372200987392e-01,3.955236205184632370e-01,2.742231760949939701e-01,9.907316701689210525e-01,7.092666982445254842e-01,3.218771806750936326e-01,3.176934701601829558e-01,3.633256006022801410e-01,5.265529397367396669e-01,5.299363528194322992e-01,7.214515430101795523e-01,4.199590638335565784e-01,4.050872710074597816e-01,2.966268111143129937e-01,7.431055909194950182e-01,6.923707735122446305e-01,7.346404754424643579e-01,2.034460875246925371e-01,6.613862985508960346e-01,6.670747596530852697e-01,6.660450539523129487e-01,8.581131106420349930e-01,6.502617416746996337e-01,6.748307119532477305e-01,5.578112558597088100e-01,3.702659280906070993e-01,7.452801121796382225e-03,4.418849284741478978e-01,4.827838170294247444e-01,9.754572925136780759e-01,1.467711982916857297e-02,6.422707079486308368e-01,7.366009130365176460e-01,4.466102780613514511e-01,5.946873304474598054e-01,6.846225300576832540e-01,5.656900876954479296e-01,5.494630815923923217e-01,5.641456129513353762e-02,7.821328306715102929e-01,9.032308894719494052e-01,4.641515057674209244e-01,7.903550120539919455e-01,6.732493701975410527e-01,9.421664954631042699e-01,7.635616230579330699e-01,4.195039436729061100e-01,6.072281261387176832e-01,7.943862350223280799e-01,6.522414085004295536e-01,5.454027640941987443e-01,5.215992932375204116e-01,6.247152319984734525e-01,4.748626134414644095e-01,5.822971396147695877e-01,3.325593737433484853e-01,1.917740650680863912e-01,6.194360677769782386e-01,6.510205223674090380e-01,6.518382875465846826e-01,8.947590009457107030e-01,5.768732594393740643e-01
