0.000000000000000000e+00,8.323430392292697766e-01,7.287093765044303506e-01,7.705234789055928069e-01,9.690043719207730444e-01,7.679030860166689010e-01,5.310660184146064333e-01,5.814449569934305728e-01,4.523339395940078056e-01,8.501894087448553794e-01,9.149803909617960640e-01,9.309824992750370676e-01,9.106644487109371022e-01,7.166951430530590361e-01,6.242747388605797143e-01,6.576447280113999483e-01,5.528737855526896228e-01,8.531801858604819433e-01,8.366162938968401130e-01,8.532206253442524702e-01,6.257376784882767717e-01,6.819241763326402417e-01,9.947801106611847688e-01,6.961137817356116697e-01,7.202947941804699328e-01,9.666473125686060319e-01,6.775869759476635945e-01,7.068708605592863847e-01,1.296676053234504557e-02,1.214872749380389166e-02,3.166079818650925914e-01,7.342220887182884237e-01,7.768489761258071669e-01,6.604405856202002489e-01,6.988975854820115297e-01,2.830042420033197503e-01,4.255672274074651651e-01,6.133305593121001209e-01,8.551841913610527257e-01,7.011885826847452652e-01,2.573110651794633386e-01,7.562445767344536662e-01,1.456311650801077051e-01,6.242747568159725535e-01,9.326130760371165174e-01,6.044232644387836917e-01,6.969613609205113081e-01,8.043163035210286749e-01,7.112543454709773227e-01,9.562483583567726875e-01,9.180033716020719048e-01,6.829823102130022638e-01,8.964877963188673249e-01,3.229651936799708412e-01,6.210499427789183402e-01,4.143590861751530463e-01,8.044908654717267682e-01,6.235881436569095104e-01,8.644983026441298568e-01,5.777364826896798089e-01,1.844235802271569635e-01,4.643892011818336329e-01,4.320206392934687889e-01,3.683745502304298647e-01,8.857777421129535700e-01,7.028265938659370438e-01,7.073737340030602505e-01,7.329735101775258777e-01,8.061927058937035095e-01,6.861831046746156293e-01,3.748160262457745917e-01,6.939420422167122959e-01,5.422789612704912443e-01,8.461371861224345481e-02,8.507810946356076931e-01,8.734204347341274488e-01,9.028738349080177583e-01,4.104670786470643318e-01,5.742467929808082738e-01,1.979670091902736018e-01,6.907345876244642691e-01,9.671687039814412801e-01,8.710602638647227947e-01,1.348312572090963335e-01,7.134945611097732732e-01
8.323430392292697766e-01,0.000000000000000000e+00,9.332849146642487881e-01,6.773115900522886923e-01,4.181629818988026326e-01,5.593642627041025550e-01,5.960343199756545918e-01,7.246246247412942987e-01,6.130546502237471662e-01,9.060642560014566804e-01,7.066061077614880226e-01,5.037041275424800624e-01,8.559296002405644144e-01,9.343339250054450984e-01,7.826732985031309431e-01,7.167932924734102818e-01,5.936380662649021200e-01,7.047807488739291637e-01,7.955148530100955018e-01,6.651906763462012151e-01,9.878852180314656728e-01,6.710842317115925937e-01,7.637540046984440112e-01,5.151400249330886361e-01,5.014161528385833178e-01,5.314284796010477763e-01,7.259718188692545482e-01,6.611124688614110623e-01,6.817632945338863992e-01,4.849009185768664576e-01,3.957314930402602293e-01,-1.862983856127192195e-01,9.053846097616063959e-02,4.395091737766433915e-01,3.145313778989929920e-01,2.299231629961542844e-01,-1.332537296562007478e-01,4.115118042600702797e-01,9.059926161857777549e-01,6.387525036850608684e-01,4.228190584836554189e-01,7.274967564502434758e-01,8.946433737725137947e-01,5.331213844255393575e-01,5.305658517949439767e-01,7.045410938812844970e-01,6.254904552192821487e-01,2.981216760830732171e-01,5.088260705927780680e-01,7.767789234796449449e-01,4.652090759597452552e-01,5.629977143538006379e-01,9.846807473441063774e-01,9.692630899088280350e-01,8.894746957206646210e-01,8.365755741878027063e-01,7.486896748746356689e-01,5.685289982645010953e-01,2.376678788159916067e-01,4.265102538113533792e-01,3.936107403206035027e-01,5.844798450833297299e-01,9.996811041747024618e-01,6.050406983842505637e-01,7.083246547820667427e-01,9.073354122623640272e-01,5.820987677182312137e-01,9.056990412849601491e-01,7.391617439025277569e-03,8.614987121224798594e-01,8.739330234484826709e-01,6.385451173398254410e-01,3.738367504845447886e-01,7.674603076560947146e-02,5.746650748079354942e-01,6.110640848631909705e-01,4.338408214676444663e-01,5.320264860820477226e-01,3.577390360738577635e-01,7.088518574880298129e-01,-2.737343535458192090e-01,4.933499982622951974e-01,6.128080740178296626e-01,6.395756899166461507e-01,4.732824662779937519e-01
7.287093765044303506e-01,9.332849146642487881e-01,0.000000000000000000e+00,6.215426759730324768e-01,8.065508275388186821e-01,9.658184282281376820e-01,8.752366415020682577e-01,9.055342376886178490e-01,7.592254225707392168e-01,7.754673404923672075e-01,6.589848125350337149e-01,2.173728015698517257e-01,9.552737379809596030e-01,6.530155864709141778e-01,7.287975415474201579e-01,7.494184534474969128e-01,7.872142155764225713e-01,8.784616412030864518e-01,8.879602191941713407e-01,4.879657463276339535e-01,4.958647132114000211e-01,7.824716413130983206e-01,5.156940543662440479e-01,8.059278421878779408e-01,2.476098486657363762e-01,9.822634541692664145e-01,3.466558611540075940e-01,6.361930807964910617e-01,-8.157261157018103059e-02,3.407362966596375053e-01,5.011321176656680088e-01,9.427470301689995225e-01,7.169098385184100586e-01,5.913537547920941773e-01,7.929424431414950902e-01,3.845883649488293088e-01,3.046028689137056933e-01,7.331420552052192452e-01,9.549532520866107488e-01,4.817728685582207682e-01,7.581642980408684895e-01,9.657119766243690284e-01,6.613485786033027614e-01,8.861222332159677251e-01,4.668862248519900504e-01,8.647108639151857012e-01,8.111980892291378309e-01,8.689604001954071011e-01,6.453731540955212065e-01,9.639869983959241662e-01,4.189811724864267450e-01,7.531135565034138279e-01,9.838796938895740807e-01,5.551410724436938171e-01,6.961939932555583077e-01,9.526341739831024613e-01,9.578966951811419550e-01,6.974855373008197468e-01,8.395783735211752585e-01,5.530825192221605624e-01,4.595154641033220577e-01,6.341561942006679331e-01,6.264906590043528567e-01,8.242714912706514685e-01,8.391606266371640643e-01,9.681217980635403730e-01,2.380292355003002513e-01,9.742428065865084141e-01,6.668455382784520546e-01,9.462316789606599610e-01,4.870836978622706814e-01,7.246131968501123843e-01,5.455834393492847711e-01,7.105795378255981287e-01,6.967893516439911394e-01,8.920224445998400364e-01,5.559698909908066256e-01,6.538349840981525496e-01,4.131359382282302761e-02,-1.119379839480017791e-01,9.290379016066768747e-01,3.833931898887967260e-01,9.964756231364255701e-01,4.794341548933505059e-01,7.192780686492492581e-01
7.705234789055928069e-01,6.773115900522886923e-01,6.215426759730324768e-01,0.000000000000000000e+00,6.767583505519825238e-01,9.886340055378421976e-01,5.340434190136841286e-01,6.017916780337998484e-01,8.336142930051231303e-01,7.306165559773689644e-01,9.738594799346999009e-01,7.712295142541010229e-01,6.663420918315586805e-01,9.403444544400235694e-01,4.005707438283900856e-01,3.423468820179084160e-01,7.810516510174545513e-01,6.299105873485136842e-01,7.146341140652137103e-01,9.246588077795365734e-01,7.120406920478061785e-01,4.135573527026265017e-01,7.272830594116905800e-01,7.627166653828635345e-01,2.660866391325664160e-01,4.610310734301765745e-01,7.969733398140522729e-01,8.194795896330163421e-02,1.328505724756844086e-01,7.149005102730784378e-01,1.143441228780460173e-01,4.220185044607102087e-01,8.963599329238540747e-01,5.719222212922766557e-01,7.430426677413541903e-01,1.664256277190227229e-01,3.924414988363533752e-01,3.042899316068738980e-01,6.113397512833260716e-01,9.667690050957640224e-01,5.773984765877644421e-01,4.334077869262571991e-01,9.444529980159928340e-02,9.741269041583876520e-01,7.328556686461455971e-01,7.549589302906438704e-01,9.804817958383964527e-01,7.105532266856201540e-01,6.884563713085256609e-01,6.092457320056486880e-01,4.832758701506030818e-01,2.118570070986874332e-01,8.636032268023218217e-01,4.072394180548548070e-01,1.563395463745593794e-01,9.940927695937699093e-01,4.751722865456486922e-01,9.648001701494510751e-01,5.681229665283189512e-01,5.069075807051269811e-01,2.667986599080304777e-01,8.315759041194344947e-01,5.616228215550446157e-01,5.047008650589404066e-01,6.992735588310495798e-01,4.367166905360963525e-01,9.766330766878773550e-01,8.206104124413408085e-01,6.747622405698451287e-01,6.927131569195660310e-01,3.934909362652135867e-01,8.460673000752704231e-01,6.902096465330215258e-01,6.406520901702296156e-01,4.187954106250352804e-01,7.320728586459022136e-01,5.231985611775723521e-01,5.996408704055606886e-01,4.183974106075522559e-01,8.357009212935787024e-02,5.971415398710298028e-01,4.961714125310247581e-01,7.126973827605364020e-01,1.421312684578932700e-02,5.099642123481472611e-01
9.690043719207730444e-01,4.181629818988026326e-01,8.065508275388186821e-01,6.767583505519825238e-01,0.000000000000000000e+00,9.320882958968365051e-01,5.311455799556230595e-01,2.079891279446241525e-01,4.413062940431806691e-01,9.892810384543846425e-01,7.159680792961118367e-01,7.583339236920079163e-01,6.280678449058695323e-01,7.271954022583186905e-01,6.461550323717258903e-01,5.258997877561369938e-01,6.589918287517615436e-01,8.784081361642055719e-02,9.176569699509753431e-01,5.238180726684490418e-01,9.625327045174769669e-01,8.964361533579721097e-01,7.026102182275868469e-01,4.294263595497578856e-01,4.447450724669669286e-01,4.309804213780528692e-01,6.021560515873896069e-01,1.819649221921941507e-01,2.552914688527184173e-01,7.653858746312859340e-01,1.096514148075659612e-01,4.916962405743380282e-01,8.918548361179491346e-01,4.311951226209469468e-01,4.081918330876773138e-01,5.039972103992799157e-01,2.895660282140552488e-01,4.929305404338744090e-01,7.628372559629934546e-01,6.947206598075712503e-01,5.287558197116470904e-01,6.523773101894980719e-01,8.559262599405754735e-01,4.758316887930284511e-01,5.674619435155392466e-01,5.825313042071105230e-01,6.427130085343033539e-01,8.225483993122063575e-01,9.337840702498739764e-02,6.095582669990519120e-01,4.583824954854510136e-01,6.958967427522688709e-01,6.858207346208680111e-01,6.516072472871720089e-01,5.198947574643407732e-01,6.855273644914505748e-01,4.569736520261810653e-01,9.678510693022468470e-01,2.496774544761354853e-01,7.963966039198608904e-01,5.156286856560119425e-01,2.419507986214148587e-01,8.156074670257820181e-01,6.318808786988158177e-01,7.102610379663896190e-01,1.322375710232389923e-01,6.038194204102810270e-01,8.474086711284262163e-01,5.337445350260839882e-01,7.323089855862996433e-02,8.641085253087734674e-01,7.590037048185520607e-01,6.688032514816171226e-01,4.339464358705698577e-01,4.258039393944674789e-01,6.537631800344387845e-01,8.141214478777089036e-01,6.705588258997174922e-01,3.408525383681950682e-01,4.185962065944120458e-01,7.027494841594836839e-01,5.215321769255423234e-01,4.999991944691266066e-01,2.653299722433909991e-01,6.146010960140905199e-01
7.679030860166689010e-01,5.593642627041025550e-01,9.658184282281376820e-01,9.886340055378421976e-01,9.320882958968365051e-01,0.000000000000000000e+00,2.703188472987244628e-01,5.745796681922152871e-01,3.567755549673379267e-01,8.513621379785389909e-01,8.690873227305395687e-01,6.018089192044462354e-01,5.768577459430930254e-01,9.485303253673877943e-01,-1.547536035314882319e-01,4.191740591100877045e-01,5.403741058755388016e-01,9.590865936037009654e-01,8.892974047475404875e-01,8.576136590734101395e-01,7.201284575091164708e-01,7.897032332253908216e-01,7.461285600611047286e-01,8.158559973337365934e-01,4.437463007535590864e-01,6.397532442837244870e-01,7.410538909716414269e-01,9.317009227381773950e-01,3.652756049425276430e-01,3.484704446820237056e-01,8.403034432519565500e-02,7.006412464678100083e-01,-1.059733943725817695e-01,4.320971219597001811e-01,3.515860150607922341e-01,1.329392204992706217e-01,4.707124263225281879e-02,2.752096653776602286e-01,8.431940342899034713e-01,6.887756946562065830e-01,4.217948225287211916e-01,2.911035019995373840e-01,5.707694031922813105e-01,6.901817077216073626e-01,9.462943175988014488e-01,6.568609647776154636e-01,4.760649701031973713e-01,7.967123389685318857e-01,7.234319755174819511e-01,4.785157641265619377e-01,6.146129167204568144e-01,6.811790096448882004e-01,5.211793411826984856e-01,7.649540518212161189e-01,8.666571244693259679e-01,7.070158070032355191e-01,4.664982799548089698e-01,8.456011461949634045e-01,5.023830598512817325e-01,2.626642746648900073e-01,2.062652400151469279e-01,2.762269093927898211e-01,9.154660901021799413e-01,8.727568108987000528e-01,9.462433181497984513e-01,4.705772705138614453e-01,4.427546413632652555e-01,8.449242403975152360e-01,5.612630589373011070e-01,9.417432275556704147e-01,6.390089846708690846e-01,7.408198820314916277e-01,4.482557535313400621e-01,8.881381157651113342e-03,3.667477052317691562e-03,8.193839334330370594e-01,6.505899248215801789e-01,1.391570992642201521e-01,7.385713040858921108e-01,6.961228304389153188e-01,4.470468842287842470e-01,5.251004757901834852e-01,8.353736228868744451e-01,8.217216036513711463e-01,5.817079426442405277e-01
5.310660184146064333e-01,5.960343199756545918e-01,8.752366415020682577e-01,5.340434190136841286e-01,5.311455799556230595e-01,2.703188472987244628e-01,0.000000000000000000e+00,8.276055080453292856e-02,6.041755948146413369e-01,1.089263173851631218e-02,6.605029191237181685e-01,7.784104441833554766e-01,4.342150519175368428e-01,5.596261577500836193e-01,8.576163719054865631e-01,7.141274019393175632e-01,7.005136206409240396e-01,9.825113657017526814e-01,7.522175219129378920e-01,5.961909951626660487e-01,5.932927837216275258e-01,3.003221568539545805e-01,5.205103336877349163e-01,8.116318390887006240e-01,3.695735770745884885e-01,8.996543668811430861e-01,5.026238205885590338e-01,6.752196662272167416e-01,4.148164275450964000e-01,2.098888785729928208e-01,2.289291802643183549e-01,7.082968761258349177e-01,1.207669638757604726e-02,2.125091855279723219e-01,5.059183315546877946e-01,7.007915364290129290e-01,2.157658651898260449e-01,2.204309452184144980e-01,9.310543105256233742e-01,2.035814690046276465e-01,8.041109475635135340e-01,3.829992448450540987e-01,7.061455371542817439e-01,2.690379708475338916e-01,5.911221364668668432e-01,6.128470521226226930e-01,2.047217365762405428e-01,3.123839896764298019e-02,8.750963980795812835e-01,7.523034280503447802e-01,5.805743910054508294e-01,9.492178759942507815e-01,7.591950912429008547e-01,9.017025545428758448e-02,4.925551070206606874e-01,6.992029171215875527e-01,3.025869630471846317e-01,5.597465027491007605e-01,2.388905213083722390e-01,1.380346468221050338e-01,7.810109080242814139e-01,3.328072656897582832e-02,7.128846022314003772e-01,9.477785185814885383e-01,9.312899585291407600e-01,3.488509349516443203e-01,2.252729000891639521e-01,9.393221802638473950e-01,6.600195629858166546e-01,4.796201625561595794e-01,2.461314496749667513e-01,6.430205962808974718e-01,3.125259702547419360e-01,1.986370678004255874e-01,7.045346013991964362e-01,2.807995934093584500e-01,4.500405488695293221e-01,4.562309197951400219e-01,2.401550714690034449e-01,4.711516650820507524e-01,5.522825409818120646e-01,8.694294837878091542e-01,4.354058978174835115e-01,3.110317742181406553e-01,7.890649514095425809e-01
5.814449569934305728e-01,7.246246247412942987e-01,9.055342376886178490e-01,6.017916780337998484e-01,2.079891279446241525e-01,5.745796681922152871e-01,8.276055080453292856e-02,0.000000000000000000e+00,5.059678509021976467e-01,4.536676356892374584e-01,6.862094549249583286e-01,6.998820803706805593e-01,9.228064581493571339e-01,9.956606871377868817e-01,5.662114772704438526e-01,6.283643131866621934e-01,1.898449976834452324e-01,5.505422987368779886e-01,4.890135231340737021e-01,6.124107724140714915e-01,4.916124030545091506e-01,9.808477335464315106e-01,5.957474877263526647e-01,8.993330197367643830e-01,7.388474390418785509e-01,5.674654480472813844e-01,9.462157653111725741e-01,5.171229469072287088e-01,2.170539106133026475e-01,4.834940780053487326e-03,2.039802304713290437e-01,6.524173197778037059e-01,4.507129518272152136e-01,4.991381286493846714e-01,4.446156271833844320e-01,4.226689990938196639e-01,3.837562807331322823e-01,6.726611659224763784e-01,5.164012000885032094e-01,6.270813139663538038e-01,5.399659987977216691e-01,7.429443343554754664e-01,9.544957334733787935e-01,4.218287649020018293e-01,9.566404605866837274e-01,2.825872898274504053e-01,2.522797913564892580e-01,4.508221156915383498e-01,-1.543307490736150200e-01,4.816281741115080450e-01,4.770389020785728018e-01,4.742526662949234084e-01,6.640360638580387054e-01,2.947523810523676180e-01,1.721955478295385811e-01,7.511672740353806388e-01,6.356623214337941974e-01,2.083895120184891050e-02,6.394288705779039850e-01,9.702982852211611275e-02,5.505041001907068354e-01,4.459481634356189939e-01,5.864307959491469324e-01,9.628390619723787847e-01,6.274150453110413084e-01,6.119583012897313878e-01,1.696219121535271976e-02,5.996426334544426862e-01,4.122736606186734321e-01,2.149610639739829576e-01,6.590815280936570542e-01,-2.417002093328812773e-02,1.657381079337796048e-01,2.932368086246509575e-01,4.105560915144395445e-02,5.030952218044626445e-01,6.002918380022271849e-01,5.150820951204156950e-01,6.835680133106299960e-01,7.306205487248839114e-01,3.031299924940686896e-01,7.046848666982974407e-01,5.448189148599855841e-02,4.651919301014800778e-01,2.889358196701635184e-01
4.523339395940078056e-01,6.130546502237471662e-01,7.592254225707392168e-01,8.336142930051231303e-01,4.413062940431806691e-01,3.567755549673379267e-01,6.041755948146413369e-01,5.059678509021976467e-01,0.000000000000000000e+00,3.186831196992357396e-01,5.038645827932113352e-01,4.898714660289460454e-02,6.174058676170892657e-01,9.481500257926520625e-01,3.845187807335058716e-01,2.855542455580098449e-01,5.395473635258315470e-01,6.140058899403377790e-01,2.624855328928037967e-01,4.622498720391262639e-01,9.103809993203345607e-01,6.342845292228369569e-01,5.506733997905699507e-01,6.411377477030495431e-01,5.578415563454821591e-01,3.106252998459897441e-01,9.509095417186265164e-01,9.557138971486900392e-02,5.859707926627164554e-01,7.946616760384248579e-01,4.514888039031599853e-01,5.750471102064342865e-01,4.319099723586230510e-01,5.008633377588577185e-01,6.711574121074760368e-01,6.984011878446404475e-01,4.321298363355399741e-01,9.672194786350780948e-02,8.972566426079080504e-01,7.344164338581760099e-01,3.550826823242438368e-01,7.836646338626743757e-01,6.573330922919676800e-01,2.716088693122913900e-01,8.855294052015361128e-01,7.976201858072095030e-01,2.344199577201330209e-01,7.929752802406367929e-01,3.105968093620797843e-01,4.727679867379521728e-01,4.344176203464991670e-01,5.319792245094454586e-01,5.744181295222042793e-01,6.374188395877444790e-01,4.529621213814071790e-01,6.040352997269012869e-01,7.916904099298910369e-01,1.569187626743876462e-01,1.268087296511274387e-01,7.243466061180429127e-01,4.148546969369564796e-01,2.952902795212719589e-01,1.849770472918083886e-01,8.482484640708684021e-01,8.837718663128115715e-01,7.980112963195126197e-01,4.101796407280806633e-01,5.949749649996221024e-01,7.575772785862885383e-01,6.547354833995899792e-01,6.574357882023253996e-01,6.403798394928325033e-01,5.665206730526448631e-01,4.990329096982960566e-01,5.615894969267281045e-01,8.574093616264417683e-01,7.132014423739068132e-01,3.753797735939569113e-01,4.671258218199192402e-01,6.543387128470423697e-01,4.008639621391991148e-01,4.378188366505563756e-01,9.831819876977468953e-01,4.581671126760778479e-01,5.117510633209971793e-01
8.501894087448553794e-01,9.060642560014566804e-01,7.754673404923672075e-01,7.306165559773689644e-01,9.892810384543846425e-01,8.513621379785389909e-01,1.089263173851631218e-02,4.536676356892374584e-01,3.186831196992357396e-01,0.000000000000000000e+00,3.905455461510831117e-01,7.681770565284401497e-01,7.437872073515565674e-01,5.529790585968837879e-01,4.001514742502059185e-01,5.621531908489956209e-01,7.630046238605014963e-01,5.313562677179259897e-01,4.761947672811900345e-01,9.775522981093177632e-01,4.779249927427499656e-01,5.168436540869606466e-01,6.539664276574255197e-01,7.111215740227804227e-01,4.990448222876072704e-01,6.520684225802555467e-01,7.876096457937629136e-01,6.879858880335341098e-01,2.457636852796530325e-01,5.283459052651980903e-01,6.400533378874805057e-02,5.591238177177455526e-01,8.225094184092583971e-01,7.576411658712872699e-01,5.554010758773264556e-01,7.434895321924844813e-01,5.386003831969622402e-01,8.224239137470039651e-01,3.188486326355537415e-01,5.891670774265347355e-01,4.806802891126382704e-02,8.175444582615770672e-01,7.319679409240484880e-01,9.503411570335312808e-01,8.625008316786109130e-01,9.077853616617689303e-01,8.030879495900861142e-01,4.627143201008411255e-01,1.096484919970772826e-02,4.327853385866725633e-01,7.664508987865398248e-01,5.938501303847201207e-01,7.121668373043243960e-01,4.500662822267667562e-02,4.573455319811026709e-01,7.298471157076980020e-01,4.903124058356563286e-01,8.535839190581395730e-01,6.926741904346962464e-01,6.340652066255356711e-01,7.595640390213522775e-01,4.548901486890886692e-01,8.451022318056921057e-01,7.611792777737672600e-01,8.445851605984329158e-01,-8.479996093118981337e-02,3.950013131763259189e-01,4.499209941315275296e-01,3.641982891971619063e-01,-8.975223432322762540e-02,6.196470507100687586e-01,6.274009180669182228e-01,5.033860420753039078e-01,2.163772720032499375e-01,4.555012844481153844e-01,7.842824344547887350e-01,9.785669606705484913e-01,4.999165019746541483e-01,5.831030860145377526e-01,3.090107048980508253e-01,3.820482895225385533e-01,8.979262887054021425e-01,6.686066644699322215e-01,2.444814412057021435e-01,4.081915200993936899e-01
9.149803909617960640e-01,7.066061077614880226e-01,6.589848125350337149e-01,9.738594799346999009e-01,7.159680792961118367e-01,8.690873227305395687e-01,6.605029191237181685e-01,6.862094549249583286e-01,5.038645827932113352e-01,3.905455461510831117e-01,0.000000000000000000e+00,7.311712125252550765e-01,9.721686375611213737e-01,6.579941011886970559e-01,5.787440881318695052e-01,8.786394654218802058e-01,6.336404161243909261e-01,9.968753283192790526e-01,7.558172008554728816e-01,4.640066853449072437e-01,9.842741673266600655e-01,2.651572181887981161e-01,9.904884637637474398e-01,4.635397312248585866e-01,7.811322896180573627e-01,8.462892678318769679e-01,7.856543663372148600e-01,4.993022361572500012e-01,2.149058923898177209e-01,3.171966185572177577e-01,3.494874574603726303e-01,2.179667775135560315e-01,2.638831323480165802e-01,8.546663646781172963e-01,5.352336423896103534e-01,2.531853478688832482e-01,1.460652383852013292e-01,4.783438760888032992e-01,5.226406500505430541e-01,8.113392304640859587e-01,6.275554255119092373e-01,4.843312005497956707e-01,6.433909832517520355e-01,8.111755482310909482e-01,3.855667533761288901e-01,8.024605762491281435e-01,4.686896409602011593e-01,8.691293286044219357e-01,7.187051731679021671e-01,4.308417056127289424e-01,9.675372945256640600e-01,6.152320072300370146e-01,6.921423272611627597e-01,6.761082913807928696e-01,8.942893978988345483e-01,5.319945490714641512e-01,8.771579368206360305e-01,1.158458120296124022e-01,9.367030575157024863e-01,6.702016127005264723e-01,5.089132030485945535e-01,5.466289936158182927e-01,5.077153508247657099e-01,2.304276854873702207e-01,6.290850544202212236e-01,2.958037377993613659e-01,8.142975701641170794e-01,8.782738177097511034e-01,4.826911411889032721e-01,8.282422677959477841e-01,6.623548814595322520e-01,7.782876559030912356e-01,3.821499448489303896e-01,4.881904962798455649e-01,7.858779678197921337e-01,9.853462182070009678e-01,4.687673933876309595e-01,9.012897179945505988e-02,3.279637894774736218e-01,2.446309355809382358e-01,7.591767673742984002e-01,7.180874426518990550e-01,4.351593516429504427e-01,3.270968992976019951e-01,2.084920402363686087e-01
9.309824992750370676e-01,5.037041275424800624e-01,2.173728015698517257e-01,7.712295142541010229e-01,7.583339236920079163e-01,6.018089192044462354e-01,7.784104441833554766e-01,6.998820803706805593e-01,4.898714660289460454e-02,7.681770565284401497e-01,7.311712125252550765e-01,0.000000000000000000e+00,-8.118747773706511128e-02,7.494685844708212086e-01,5.087852227827236451e-01,5.441306364814335605e-01,6.106205939185558318e-01,4.343058713346314437e-01,3.991851466461461828e-01,6.350080713847203739e-01,8.144790342199971223e-01,6.554657076367838009e-01,5.784311344090853346e-01,7.207249134337035956e-01,4.977713325257418497e-01,7.985985500425805128e-01,9.932530012938984854e-01,5.997572968124571524e-01,3.835009690540186478e-01,4.343148476109859324e-01,1.535471630781869712e-01,4.743059796168076492e-01,8.080198595289145302e-01,3.050944869546488580e-01,8.591488676821937842e-01,2.442884525145395114e-01,4.541571571675812047e-01,5.430906248057720820e-01,6.143369904692800310e-01,5.034150267294035253e-01,4.630449623806584536e-01,4.809919341226405742e-01,9.712940263038731814e-01,5.361609492551275835e-01,6.830662431207896734e-01,6.238081060667614031e-01,4.958458858583607576e-01,7.999447357947262471e-01,4.976992483537447387e-01,2.464205984253515225e-01,5.835416290825727881e-01,4.907045645021563818e-01,8.909177033213766528e-01,7.323236677060472877e-01,4.255946768645014200e-01,7.189315547202692613e-01,7.149072462605003675e-02,2.304030156440473598e-01,9.004148012138084578e-01,1.725935800979911394e-01,3.630224101885050070e-01,5.564633795122293503e-01,7.714553466804956461e-01,8.234258504044781324e-01,2.519548450685024088e-01,6.104090760048139774e-01,1.675342332738067805e-02,6.763265811626004709e-01,3.007413417946465661e-01,7.311470130772832476e-01,8.371367707767027877e-01,7.967504494783324009e-01,1.201434631872501657e-01,2.112409021374349050e-01,4.906093729936388259e-01,4.661570991310184375e-01,7.635587795271134848e-01,5.872455730068500968e-01,4.087231601155991711e-01,3.033445700269897238e-01,2.476085562992630662e-01,4.281298238914081344e-01,8.876201774495586783e-01,2.866203628641410608e-02,6.624622414988923236e-01
9.106644487109371022e-01,8.559296002405644144e-01,9.552737379809596030e-01,6.663420918315586805e-01,6.280678449058695323e-01,5.768577459430930254e-01,4.342150519175368428e-01,9.228064581493571339e-01,6.174058676170892657e-01,7.437872073515565674e-01,9.721686375611213737e-01,-8.118747773706511128e-02,0.000000000000000000e+00,9.525706682692041127e-01,9.817633200982669450e-01,5.672936488883664197e-01,8.252301025150424740e-01,6.652886988974379134e-01,7.768507092903753630e-01,6.916401037984388767e-01,4.272703819198122588e-01,6.475980462408974514e-01,4.474149720876978154e-01,7.211304908249379642e-01,6.782844361680409051e-01,9.861248811224033739e-01,8.187677053832714824e-01,7.206971600410060352e-01,8.059837355771358458e-02,8.479932237963988539e-02,2.624692065464889756e-01,5.897244247634384484e-01,5.699626341009548236e-01,8.002970143898785471e-01,9.281656250231125060e-01,7.895118853110620893e-01,3.254823417195311652e-01,4.337785330564708497e-01,8.778237824629595565e-01,9.075634757617488946e-01,2.605490542746009552e-01,1.538990401856366041e-01,5.114897342574936667e-01,6.288193060527060840e-01,7.821010317851467830e-01,5.360109647687956169e-01,4.781313217285393935e-01,6.940744992157785731e-01,6.724865677640404771e-01,9.269448263967716706e-01,9.363450813792253413e-01,2.622119397688290610e-01,6.179869448571172486e-01,-1.756947942277399810e-01,5.229261378525096315e-01,7.234005354169152913e-01,4.237539509609737354e-01,4.797237200256898593e-01,8.063041699059926293e-01,7.079055988590623461e-01,6.439767711978883202e-01,9.442205272727128840e-01,9.966802257803851761e-01,6.056619022057652124e-01,8.844007413014198793e-01,1.706247508990806072e-01,6.291664788802575625e-01,5.193741586545896904e-01,2.465606450086339774e-02,3.813783521100992946e-01,8.980794180925641967e-01,4.323327534449613596e-01,2.770391058229557668e-01,1.425972632429980680e-01,4.582153364042693688e-01,5.389564584501677080e-01,7.546611222002239661e-01,8.150548477258667823e-01,3.454933016092018860e-01,7.168048595463010209e-01,6.248446955236759415e-01,6.974982028749632246e-01,7.830540077287163614e-01,8.464547298822289179e-02,7.718324581619385727e-01
7.166951430530590361e-01,9.343339250054450984e-01,6.530155864709141778e-01,9.403444544400235694e-01,7.271954022583186905e-01,9.485303253673877943e-01,5.596261577500836193e-01,9.956606871377868817e-01,9.481500257926520625e-01,5.529790585968837879e-01,6.579941011886970559e-01,7.494685844708212086e-01,9.525706682692041127e-01,0.000000000000000000e+00,4.493579271015634147e-01,9.716004728768790066e-01,8.463299576827185700e-01,6.266502929484246698e-01,6.898929946780111289e-01,8.072211814251278872e-01,8.584777642529679564e-01,7.924275455658177370e-01,2.969808424675249858e-01,9.495048131479254527e-01,5.969890342178102438e-01,7.512104800141916616e-01,4.778151563265104484e-01,6.264390316954556726e-01,1.052314625021873451e-01,4.689232843715845922e-01,5.060962607154163573e-01,5.381423018973756633e-01,9.839509523340076447e-01,8.875763897282934467e-01,7.667614367327685310e-01,2.494929250100456353e-01,3.853641378077384272e-01,5.292589860695054993e-01,6.322055792339499325e-01,2.088080095741278730e-01,5.009124246114461387e-01,7.069608058982700394e-01,5.168034951081592610e-01,8.325446094021534682e-01,7.929801193398199333e-01,5.033826929273580442e-01,8.583970650035004368e-01,8.322260178245555196e-01,3.126393053115209542e-01,5.774036319185353872e-01,6.258481041928567468e-01,6.116038907003080727e-01,4.355224089544202926e-01,6.166984321446715711e-01,7.359224003528392899e-01,7.241388876636493110e-01,5.307139081386189616e-01,8.531331959591309522e-01,6.928007093028742958e-01,3.073377012275073650e-01,5.052550919552249997e-01,7.836815450477474521e-01,8.048383885507440771e-01,8.344295980180125305e-01,3.421320760163201191e-01,5.797460300849407444e-01,3.113615125637675951e-01,5.455694099116777940e-01,9.119162211871767454e-01,9.903216580561329252e-01,6.746227590769926508e-01,2.760024095501566466e-01,1.463890802055610729e-01,3.341226055327747302e-01,7.996078065555076719e-01,4.825052624662669043e-01,6.146594789900917677e-01,8.679792832539309222e-01,5.026178919432411352e-01,6.693444618444732708e-01,7.014427438559811545e-01,6.221243127109428173e-01,2.857222988969746469e-01,1.363704129080149929e-01,6.407307836008023783e-01
6.242747388605797143e-01,7.826732985031309431e-01,7.287975415474201579e-01,4.005707438283900856e-01,6.461550323717258903e-01,-1.547536035314882319e-01,8.576163719054865631e-01,5.662114772704438526e-01,3.845187807335058716e-01,4.001514742502059185e-01,5.787440881318695052e-01,5.087852227827236451e-01,9.817633200982669450e-01,4.493579271015634147e-01,0.000000000000000000e+00,5.939780726439207736e-01,9.397954147539354652e-01,2.789224020894363054e-01,7.446062806860691552e-01,3.808415879264577253e-01,8.669337544198378875e-01,6.366132881423103296e-01,5.889815894852702405e-01,5.980705753169545114e-01,6.710509415431094027e-01,6.943472212864771898e-01,2.394668642052849850e-01,5.823342663885191506e-01,8.668769499825888791e-02,6.112069963375916792e-01,3.101517124783023105e-01,6.166409792830422898e-01,4.831282610365106311e-01,5.468205623208942656e-01,5.752599481714221197e-01,4.085300802548769705e-01,3.071507667792967577e-01,7.640178007666146298e-01,8.594032260539212764e-01,7.875561878294415896e-01,7.606546946291790068e-01,6.256408531381933980e-01,8.114811674374275974e-01,9.334309263953692870e-01,5.577699976182073360e-01,6.069570005658394551e-01,-1.511092322517879061e-02,3.573955482671881123e-01,4.994416111145936754e-01,6.091210724154184630e-01,7.078392426846981111e-01,5.403490856146747623e-01,7.618062752041466767e-01,5.443717112202585140e-01,3.765845515639103525e-01,6.028540153477289776e-01,4.160397422553517299e-01,8.694906150494516872e-01,5.638755680841621709e-01,4.888776475506525498e-01,3.997102329794620657e-01,5.479007485020419566e-01,3.612062402554925417e-02,8.143917055374296776e-01,5.089944084785964495e-01,6.671848466038597936e-01,3.643955406493570859e-01,6.296390252267409782e-01,2.751050564148465605e-01,7.429408225286089351e-01,4.412010961500832384e-01,5.845611602313777189e-01,1.482958518729506070e-01,-5.184610326094438171e-02,8.234023807526642535e-01,4.123165883782188290e-01,4.209834885715755259e-01,4.071432991891406616e-01,4.008271693771610633e-01,8.318762485116451555e-02,4.322438078817693041e-01,1.456567436704108223e-02,8.963891045537630831e-01,6.173062867508306573e-01,4.364564906584664783e-01
6.576447280113999483e-01,7.167932924734102818e-01,7.494184534474969128e-01,3.423468820179084160e-01,5.258997877561369938e-01,4.191740591100877045e-01,7.141274019393175632e-01,6.283643131866621934e-01,2.855542455580098449e-01,5.621531908489956209e-01,8.786394654218802058e-01,5.441306364814335605e-01,5.672936488883664197e-01,9.716004728768790066e-01,5.939780726439207736e-01,0.000000000000000000e+00,5.755474622481558944e-01,1.315779616214841352e-01,4.687679950022968778e-01,7.877051030722763691e-01,8.640158596614901931e-01,6.384953866081758411e-01,2.765695499720356998e-01,8.176471529936369942e-01,6.018454021898538286e-01,6.392873052284977486e-01,-2.998353656732344330e-02,7.332606285372784694e-01,5.901842924895067677e-01,6.372596407796381202e-02,3.016404847880738149e-02,7.383658681048235195e-01,5.669600841252062651e-01,4.510142585644921209e-01,5.580689461627584835e-01,6.387762103593246366e-01,2.170547324228851438e-01,6.875441278173627380e-01,8.842669243187649686e-01,4.657064956143829315e-01,3.032057406005433942e-01,5.420166196824504068e-01,8.192286036800446869e-01,3.249833711336772013e-01,5.087175876539864472e-01,6.509120343281424859e-01,9.284206608968310626e-01,5.762632801434905971e-01,5.341969149140116668e-01,3.282900289378393177e-01,7.453919955533891972e-01,4.631951531189507087e-01,4.627356551284751429e-01,6.078341762135629489e-01,8.906453088242434202e-01,6.925549420263688027e-01,4.198555851027867547e-01,9.432373483337208597e-01,4.443442422451652218e-01,5.389083790350692738e-01,4.869706400671658941e-01,4.496410139261313721e-01,6.662882744141644942e-01,4.378992827481311689e-01,7.803966555983561371e-01,4.512466603049996583e-01,9.774335246577977587e-01,8.697783751252856632e-01,2.120386497327617081e-01,9.760607030956550689e-01,9.354453108093355729e-01,7.536459567949040927e-01,2.021302089326184326e-01,5.666283893333547983e-01,4.769908866158427685e-01,8.347792521561967494e-01,7.782602435786067918e-01,7.160738955350383073e-01,7.514891478436735994e-02,5.152950347872089498e-01,5.465266042786748324e-01,6.679128202604573961e-01,7.351233668234812280e-01,5.821694464487316978e-01,4.151424072777523122e-01
5.528737855526896228e-01,5.936380662649021200e-01,7.872142155764225713e-01,7.810516510174545513e-01,6.589918287517615436e-01,5.403741058755388016e-01,7.005136206409240396e-01,1.898449976834452324e-01,5.395473635258315470e-01,7.630046238605014963e-01,6.336404161243909261e-01,6.106205939185558318e-01,8.252301025150424740e-01,8.463299576827185700e-01,9.397954147539354652e-01,5.755474622481558944e-01,0.000000000000000000e+00,7.079251908498453982e-01,4.728418471284315805e-01,1.421667699250117323e-01,6.765342843582679011e-01,3.210951863774945125e-01,6.601870760772121649e-01,6.261789623546157868e-01,8.729562192869076975e-01,6.853779801853688847e-01,9.742037644613356084e-01,7.675663523182421066e-01,6.702932656595702587e-01,3.026747040978297054e-01,-1.448136318558856106e-01,6.170632910987777775e-01,4.763245275212316110e-01,-2.706798922653220751e-01,9.982801176794808828e-01,3.682280504343393712e-01,5.037714393699689319e-01,7.444002638582329912e-01,8.795601346580671498e-01,9.254972118844341233e-01,-1.392984613349164125e-01,3.676327073914549270e-01,6.163301781674227486e-01,9.830380273793343227e-01,6.157826858036167250e-01,7.706232800333101540e-01,5.806887365723645278e-01,7.540414806084795307e-01,7.030768705582631783e-01,5.968682026291196596e-01,9.326340261231838014e-01,9.623488714942921574e-01,8.345090962899225362e-01,7.208108249166715886e-01,3.281111482393516132e-01,2.317153166819714005e-01,4.813725601896952089e-01,6.498829078651576774e-01,4.673989400304231490e-01,6.613253437780446387e-01,2.096417714922209352e-01,5.972022753147180341e-01,5.240009901072266718e-01,9.564773649161235625e-01,3.506860580477441092e-01,6.118564106268055136e-01,5.438783214554544498e-01,9.545012230406512144e-01,7.552163985023416792e-01,6.290479037721363742e-01,6.666150378346231697e-01,5.987172741385362595e-01,6.777103896865374066e-01,9.909283099180754562e-02,8.299025209466388553e-01,7.591925038564472095e-01,5.285658684053401446e-01,6.271329162693207726e-01,1.999935148018227027e-01,4.680052576443405332e-01,8.469457716366507460e-01,5.697709499227301411e-01,9.620578537137296493e-01,4.514543042344714152e-01,7.423618677029366619e-01
8.531801858604819433e-01,7.047807488739291637e-01,8.784616412030864518e-01,6.299105873485136842e-01,8.784081361642055719e-02,9.590865936037009654e-01,9.825113657017526814e-01,5.505422987368779886e-01,6.140058899403377790e-01,5.313562677179259897e-01,9.968753283192790526e-01,4.343058713346314437e-01,6.652886988974379134e-01,6.266502929484246698e-01,2.789224020894363054e-01,1.315779616214841352e-01,7.079251908498453982e-01,0.000000000000000000e+00,7.225173807031078921e-01,4.233968327168560197e-01,8.598956558600527877e-01,5.851449446093364148e-01,7.600110657944573189e-01,6.989009615101666739e-01,4.503344844400091751e-01,4.682024339930777046e-01,4.751274995451543193e-01,2.610920189666423585e-01,4.517977564082769626e-01,5.768751327084609137e-01,4.229382341019947700e-01,2.597262092182419102e-01,7.602836611395984434e-01,7.523918711872651377e-01,2.603634901018324621e-01,2.694757579612223619e-01,3.112643256818464210e-01,3.204859513871111121e-01,9.730581658845969262e-01,6.869410735730252515e-01,1.943004450366861424e-01,5.356929226998621285e-01,9.174601973430551727e-01,7.992971651234619390e-01,3.042033862283821111e-01,7.124030509563226143e-01,4.053854552675604239e-01,5.012803184738818807e-01,7.182697269161357756e-01,4.888378534049463986e-01,-1.028012034212815728e-01,8.404271633900215477e-01,7.585008396109889084e-01,7.695954150468198307e-01,5.133730560866938131e-01,3.401310445202687105e-01,7.866134929314176905e-01,9.340611173463778671e-01,5.067020733391320864e-01,6.854208162343025101e-01,3.024128163197866148e-01,5.786252321643341467e-01,7.734915235344468343e-01,6.972611083480368954e-01,4.495678760666851348e-01,6.444210483900200126e-01,8.437584357423290049e-01,6.183403692514590766e-01,6.058575491397508728e-01,6.307376402246798186e-01,6.764545878294170311e-01,6.182687503817909658e-01,6.968579188539121283e-01,6.437641722318406812e-01,7.831968585674717875e-01,2.853326379318913419e-01,4.496238592001582379e-01,4.383240871586788767e-01,2.079996789400586910e-01,2.446676372126688759e-01,3.141581766085151939e-01,9.578167129190695572e-01,6.781908169042081269e-01,2.095061391704592657e-01,8.635654796023177759e-01
