0.000000000000000000e+00,8.630124902793163688e-01,4.935030948605652612e-01,5.011956157806839451e-01,4.949569732935190647e-01,8.640944708214721715e-01,6.236004077939812928e-01,9.046100692851172242e-01,9.707585269274127127e-01,8.812215042735569437e-01,5.148297796949753424e-01,7.919783997701732581e-01,9.206945904812071646e-01,6.048799291079000051e-01,6.979838721376722122e-01,7.756110159868361276e-01,4.481334208437597333e-01,5.920437599326812128e-01,9.161552271402809700e-01,8.911592594228745501e-01,6.043856039637189870e-01,6.758515486665834793e-01,9.932858454347905930e-01,5.600156265293508850e-01,8.391254676121798761e-01,8.179658633346890140e-01,5.522397290738871867e-01,8.103171761390833838e-01,6.290606528111409856e-01,4.338494373686163641e-01,3.212048924477361456e-01,5.881040622117997829e-01,7.252776063903417780e-01,4.652417481650140130e-01,8.901789546528242614e-01,7.806439905879279939e-01,5.191580776601311120e-01,7.683810409235218852e-01,6.710823856906154017e-01,8.941942200245407424e-01,1.678088564113445758e-01,5.724647653557526361e-01,7.321941261585239724e-01,5.572702550974002467e-01,6.148757673124404244e-01,8.320639524751505256e-01,7.897823219498381064e-01,4.868252912532937682e-01,5.616776512148012879e-01,9.706396372254029181e-01,7.220769222538847565e-01,8.734386243793815785e-01,9.458864746006285795e-01,9.399966887949370298e-01,6.141890685108363224e-01,7.988775325632525570e-01,9.406397466294564857e-01,8.744484146040564232e-01,3.783750425480351121e-01,3.448226139121484124e-01,6.601716323396629171e-01,4.886063451087592768e-01,5.942818114054253531e-01,7.266336241154291997e-01,6.303506799950069350e-01,2.224103817549283879e-01,7.626631140341016968e-01,8.611206660302553884e-01,6.530496857140598577e-01,6.007312535839897105e-01,5.740251122829224117e-01,5.090176153554706318e-01,2.652563244311710311e-01,5.954302841486553977e-01,7.927873649549437296e-01,6.960299275672724439e-01,7.054387113950375543e-01,8.433484309714823768e-01,6.871506758977860008e-01,1.305989067413185767e-01,3.402632220273164032e-01,7.113305417998337932e-01,7.490850721397761536e-01,3.083883822863772162e-01,5.411076384973898534e-01
8.630124902793163688e-01,0.000000000000000000e+00,6.249741033466322815e-01,8.428847674976385207e-01,7.198125994069146660e-01,7.806752728505714778e-01,3.800185746401080200e-01,8.701320574342066294e-01,4.721114839889339887e-01,8.319429817303978236e-01,5.444748322056256473e-01,7.625677157042798360e-01,4.911921208824631124e-01,9.819928977877243614e-01,5.897824171145105154e-01,2.577800487694489884e-01,9.628613843374043135e-01,7.095790280863117916e-01,6.417344115349027378e-01,6.022048472120298257e-01,2.134288462114082296e-01,3.016249608048513497e-01,7.875050885089652786e-01,8.316592751648798076e-01,6.970671526400553653e-01,4.297350175107362280e-01,9.213115593099191480e-01,6.169746128050116463e-01,5.937703205332716117e-01,3.410877059846395554e-01,7.619709119670843300e-01,7.999891015314866127e-01,6.537522858951273497e-01,4.231166419568025416e-01,2.382677572110954434e-01,4.432854109947705901e-01,4.113238172526976766e-01,8.199713849168603907e-01,7.230257810858252698e-01,4.771951349912167961e-01,5.698347740649940540e-01,1.418569733817159062e-01,9.126972783283051616e-01,9.482889595425095242e-02,7.490259672776029554e-01,6.230280949671566093e-01,2.085174666173937597e-01,4.746945132911808973e-01,7.663265564244544636e-01,2.431421911024791715e-01,6.864932892120945152e-01,3.589859853540156021e-01,6.761175317840006915e-01,6.304771179659798275e-01,6.202502133701046638e-01,7.465835698486003036e-01,5.194881790007292999e-01,9.060371574507601888e-01,5.809783354029914859e-01,1.715094746780997936e-01,6.913896510114931893e-01,6.363425819149487461e-01,9.031907042598984470e-01,9.313201705448138634e-01,9.099910694081139173e-01,6.085795023537816650e-01,7.595291548650486835e-01,5.066079999167408809e-01,7.362997956121348775e-01,7.585701561292690354e-02,7.528006054179223749e-01,9.932648631148248697e-01,1.083242091540337348e-01,2.768465279197613871e-01,1.764823589792912095e-01,6.595851124973955981e-01,6.482804599760768616e-01,7.668336098784410693e-01,5.899031120409415907e-01,3.790829624374998374e-01,1.700862762313467558e-01,9.895488301934465269e-01,6.442564580757832449e-01,2.873633667742557796e-01,7.866871736127905024e-01
4.935030948605652612e-01,6.249741033466322815e-01,0.000000000000000000e+00,8.780527043740320448e-01,9.215254932667193977e-01,8.338185296314089001e-01,8.429010994650111277e-01,6.662968137666703816e-01,9.532952447248383976e-01,6.445701892721444892e-01,9.622009073963688763e-01,5.958325075465236154e-01,7.538652255169140393e-01,6.502502947074778605e-01,4.908866360495353076e-01,5.525012615895175117e-01,5.536282494210489347e-01,3.497565995234281910e-01,7.724791118749007035e-01,6.188067724602159814e-01,7.418545128895980278e-01,5.068349599647030690e-01,9.342017768583215087e-01,5.618919584072282758e-01,8.615300720722853800e-01,8.213978009943554426e-01,6.036621834763946648e-01,7.915339994276405777e-01,5.149799636882422815e-01,2.407578792712201932e-01,-2.176128756891377025e-01,9.147938430544354516e-01,9.586199241799278070e-01,3.248774615898023521e-01,7.991547037147490595e-01,7.579789314110789711e-01,5.994169875236053935e-01,7.635620149634306797e-01,9.010821456607539526e-01,7.398935441038172467e-01,2.180635026394279474e-01,5.751130989606725308e-01,9.514226645751828748e-01,3.428797689477880439e-01,8.449620436604395879e-01,6.461287714226472412e-01,9.136232629127681859e-01,1.668519758957472954e-01,8.142741883869432096e-01,2.485596567751810759e-01,8.564504478347433336e-01,4.245186693389256249e-01,3.774082265295958249e-01,6.876089986207055693e-01,7.362374079990721132e-01,9.214502671583475468e-01,8.753162226273407676e-01,8.365641605027203109e-01,7.771681430688803793e-01,3.817555680503156301e-01,4.928365911490262818e-01,7.537775597944846862e-01,9.029480415096916568e-01,5.927045567520095037e-01,9.264068760347393683e-01,8.261348384524290767e-01,5.186674346903744626e-01,8.498175571879326151e-01,6.906763772697473991e-01,6.417273648716024237e-01,9.125448099868991303e-01,9.891606771096790318e-01,3.345880630499067365e-01,6.894497309462480628e-01,9.346550213517752503e-01,9.006091677427360276e-01,7.121162646897407633e-01,2.203401251055856491e-01,7.806606632198618279e-01,3.633652796816562169e-01,5.929428664219247302e-01,9.618387164475090678e-01,9.171227789654629037e-01,7.245322314040827383e-01,6.232842917511675074e-01
5.011956157806839451e-01,8.428847674976385207e-01,8.780527043740320448e-01,0.000000000000000000e+00,8.853998543784679098e-01,9.055502842649688633e-01,2.342520598333840964e-01,2.727522667978868887e-01,6.603322574011205592e-01,4.351122346341965708e-01,7.670660900331622845e-01,7.881681608011316120e-01,6.165471142863085952e-01,2.159082187461520141e-01,6.475341318556453452e-01,5.407848836118376301e-01,6.518602294089045346e-01,9.929705786615341534e-01,6.886113504169250055e-01,6.785923286122432785e-01,8.139730389565397184e-01,5.729841950312076770e-01,7.716080383858402447e-01,6.380065239573079472e-01,5.245925129713403523e-01,7.712132722059624745e-01,7.297064916813412738e-01,7.213251542325238574e-01,4.971369760614197109e-01,3.913448094420817203e-01,5.620268470759951507e-01,6.749809572379462663e-01,3.467823687995829074e-01,1.847037830953582871e-01,7.715619489350967752e-01,4.394731289971560151e-01,4.256181898294151278e-01,7.353331989688440817e-01,7.727550206419714351e-01,4.743587367654815701e-01,4.716642614147559254e-01,9.683280841764891900e-01,9.636204923763187491e-01,4.919804613991229369e-01,9.099636738839635974e-01,7.033674803367441219e-01,1.646967515275832850e-01,7.145279065120618833e-01,6.855114955278563960e-01,6.301535783827666437e-01,9.411403520751064899e-01,7.524854687565886158e-01,7.053534352670686181e-01,4.379646427723953295e-01,3.727917062222637634e-01,8.035519052455094569e-01,4.486899725089716351e-01,6.372365941401840761e-01,8.852649609681493281e-01,5.712579817192975362e-01,7.025963153791244808e-01,9.900613497180306144e-01,7.311674019941465374e-01,9.464704816708747748e-01,7.350213108048342381e-01,9.078072730926919354e-01,6.755849975723680068e-01,6.858964540547346500e-01,4.626861248103127378e-01,9.323254287087470171e-01,7.821437542691642708e-01,1.018616922724830398e-01,6.282120234857645480e-01,5.345356137203924884e-01,2.693511736083994412e-01,8.417374848262024756e-01,3.226562768917509150e-01,2.078613271185608680e-01,9.900650015647728328e-03,9.112918436792466492e-02,4.477649973982156251e-01,7.608342283278384244e-01,2.589369317698461126e-01,6.354777267269702268e-01,6.292074924506095845e-01
4.949569732935190647e-01,7.198125994069146660e-01,9.215254932667193977e-01,8.853998543784679098e-01,0.000000000000000000e+00,7.398131550575209880e-01,2.872227168067621461e-01,1.539342372754535782e-01,7.198290210390873023e-01,7.853373651275704637e-01,7.098359186636382656e-01,7.834697201562661473e-01,6.803045261544815592e-01,2.392997400740551894e-01,7.575448690244385164e-01,7.475939088463344762e-01,6.198351811573424852e-01,5.825882906139532302e-01,6.967483738092837831e-01,9.295450919314731664e-01,7.085767465194641179e-01,5.602156042219601506e-01,6.194423596791759357e-01,7.958551045723227801e-01,7.268321386885292501e-01,8.100061227113314333e-01,2.825518759512626321e-01,6.746998713297193140e-01,1.460508992825545194e-01,5.486571113254136156e-01,6.845083119058746890e-01,4.391112453458385634e-01,8.039152495258962139e-01,8.023435762619169909e-01,8.999641793595455352e-01,3.315501307643295981e-01,2.508489011003380842e-01,6.352643334172685119e-01,4.387524127006631747e-01,7.107992486609981952e-01,1.115802504944143902e-01,8.949310789377858955e-01,7.176207752880323643e-01,5.722500872466530497e-01,2.359475290698168359e-01,4.260792925607417847e-02,4.496288853597139035e-01,6.178982649312990683e-01,6.706983527072916118e-01,9.688073052144579034e-01,3.148726050020502765e-01,6.707333086677510492e-01,5.161845232737962696e-01,9.852574386140275919e-01,1.583546278365884075e-01,7.137121140387642226e-01,6.311776167086184941e-01,5.351096502928178733e-01,6.225280397186565562e-01,2.576043803245485209e-01,3.691045274412391164e-01,8.857209737071746192e-01,9.889880958906844821e-01,7.898718093849519395e-01,9.447196269787686562e-01,6.402530714174559101e-01,9.626625480623357545e-01,9.902463484563482909e-01,2.181482033815182187e-01,3.574645460313404799e-01,7.992940099160588119e-01,4.368256184669251363e-01,5.176678318840861603e-01,4.767926012393981505e-01,5.837027108523193952e-01,8.569461692171349565e-01,6.160395860784687594e-01,2.892695385461110935e-01,5.480097411033691968e-01,1.395057809555249606e-01,4.495864629487545949e-01,7.943220620167209534e-01,7.208413944382916494e-01,7.469216038961645765e-01,5.146193281025212007e-01
8.640944708214721715e-01,7.806752728505714778e-01,8.338185296314089001e-01,9.055502842649688633e-01,7.398131550575209880e-01,0.000000000000000000e+00,5.925197315490395855e-01,8.414235708822179749e-01,4.006354359901719842e-01,2.054795816289726740e-01,4.973168139994050829e-01,1.883301259985507847e-01,7.738881239483470509e-01,6.051728311523846271e-01,5.864422841899251670e-01,4.923410242871889553e-01,7.886401246615979410e-01,5.376132243385339793e-01,8.897409179468557250e-01,8.590880106198129917e-01,8.939707003647477945e-01,5.922947723708469336e-01,3.590871571123267492e-01,7.845153728775049462e-01,7.331699466147865163e-01,6.628576773437659941e-01,5.927651758668703863e-01,2.155852390941356833e-01,7.241574041194012157e-01,5.710542138648980748e-01,1.827114596236624200e-01,3.753523318663035679e-01,8.155980367341589821e-01,7.435012420150804990e-01,2.440069381364944334e-01,4.829161749596160291e-01,3.244218808733822512e-01,7.163072204034259816e-01,5.564297888818756643e-01,9.768593485137011534e-02,7.176494301130890152e-01,3.645396820243758107e-01,4.121905032397391588e-01,9.399678570953214907e-01,9.043881115611175359e-01,2.988371035806005049e-01,7.661101770568946590e-01,4.278545990573522362e-01,7.332867586265527926e-01,3.517807025771658713e-01,3.778937689412706358e-01,4.153377763077575890e-01,7.008186704075776152e-01,6.864963213840030720e-01,7.481374210952898007e-01,3.453586865126576644e-01,5.917729845636100494e-01,1.749073866592640025e-01,5.669836443597173758e-01,7.107829482272745025e-01,3.393627640006633417e-01,7.760273732855388351e-01,7.389566120363643131e-01,8.563306589721959572e-01,5.968079534433906597e-01,5.212493656724106472e-01,3.290669979961792224e-01,8.573606695507247633e-01,6.409266155067614434e-01,7.492234214472794918e-01,6.087796331508673608e-01,3.107796464607357617e-02,3.328308027709879768e-01,3.294119461825179007e-01,6.738642958829892393e-01,4.248675269985943137e-01,7.696017976984806941e-01,2.880344896255221387e-01,-1.981326860068699514e-02,1.471382992529494393e-01,7.579244130130488033e-01,8.995851048923165783e-01,6.181592211670542403e-01,7.323614215263387628e-01,6.789997228354373027e-01
6.236004077939812928e-01,3.800185746401080200e-01,8.429010994650111277e-01,2.342520598333840964e-01,2.872227168067621461e-01,5.925197315490395855e-01,0.000000000000000000e+00,5.681481644960049149e-01,5.676306638453422204e-01,8.257961334998549230e-01,5.091681808091677031e-01,3.571696395205913310e-01,4.624223524475605807e-01,4.459898061149794590e-01,6.362545918543809353e-01,4.124324402516020283e-01,6.913182702111460021e-01,3.460243209548096166e-01,6.296024223671858877e-01,6.235251250593711880e-01,9.751611606492562867e-01,5.096976166768779626e-01,4.169764213367450900e-02,4.919098611716207214e-01,4.178635163779307882e-01,5.417722323796431150e-01,7.245430735900907360e-01,3.638815393084674499e-01,5.163926318844597185e-01,5.444588550840265828e-01,5.999811449797449736e-01,6.984865077250868026e-01,1.496441806497573190e-01,6.333234335357099676e-01,4.872444051475200988e-01,6.390947447966459638e-01,-1.346276872004686931e-01,1.582475055699529565e-01,6.564569635952293147e-01,2.826731960011216183e-01,3.550056248996522751e-02,4.558248509998225617e-01,6.835524733988139756e-01,6.178989090463138378e-01,6.017896245812273115e-01,2.402898726580483812e-01,2.796009049629734622e-01,3.500657797039178343e-01,3.391017012024284960e-01,3.515168945404510970e-01,5.653456189444121538e-01,4.321069822207072031e-01,2.116583831000193594e-01,5.664744654646847177e-01,3.114866776727511985e-02,4.722059452296550330e-01,7.433681632105908488e-01,3.104477916360923878e-02,4.623581627428192675e-01,8.219704831973219106e-01,5.046844964607122286e-01,4.032761265728794786e-01,4.392055944206744167e-01,7.394508950853897478e-01,8.336590325995012485e-01,2.563585481098083069e-02,5.482885163861308531e-01,6.848869614076761314e-01,7.860471603538164986e-01,4.402575505643531451e-02,6.251316010816555524e-01,2.349412665498746833e-01,4.036998329962468435e-01,2.205865202661572988e-01,4.854926913823294221e-01,3.779050205793730299e-01,3.979191788812699304e-01,6.802878670957787088e-01,5.340358867882830651e-01,5.270906809487829747e-01,5.880389405734653963e-01,6.297910361289592585e-01,7.189685442292209627e-01,3.009546307077383132e-01,9.291145972667894104e-02
9.046100692851172242e-01,8.701320574342066294e-01,6.662968137666703816e-01,2.727522667978868887e-01,1.539342372754535782e-01,8.414235708822179749e-01,5.681481644960049149e-01,0.000000000000000000e+00,4.242824931386331988e-01,7.985040680679633684e-01,5.422945690237918059e-01,3.441346725269984197e-01,7.514237252112555554e-01,6.582886355963510905e-01,1.676406841194622854e-01,2.852638619978429824e-01,5.899418300460117504e-01,4.705048355801636495e-01,5.221935267339029574e-01,7.111185938511426219e-01,9.844003651623070006e-01,3.685395319867435515e-01,3.284893346818464899e-01,7.654971453141783400e-01,2.003447677163516516e-01,4.580045891538970237e-01,2.450629690992229548e-01,6.243829587453350038e-01,5.420736073562426593e-01,2.813061374645429158e-01,6.746377600853807888e-01,4.725109700419465319e-01,5.170665386488525472e-01,4.918031797612827383e-01,4.873583734198003725e-01,4.851228251996912433e-01,4.989105262539534347e-01,4.673444784047489087e-01,6.283323901043013082e-01,7.927447867637743562e-01,8.133006877807479051e-02,4.994357814414411845e-01,9.139080146793521209e-01,4.069518855573108218e-01,6.597473031566897239e-01,5.406452236362199182e-01,4.319743475390623866e-01,7.567239423660783171e-01,4.000164119738805479e-01,4.297681737945726610e-01,5.093727560496109641e-01,4.179500608349273616e-02,2.565445785517296851e-01,8.062913199793088070e-01,7.614169100513601407e-01,5.430054828098980213e-01,-6.436741734538067861e-02,4.235218052590135618e-01,9.341728333105630000e-01,3.750650747019165232e-01,3.870488647338248267e-01,2.467120498868313194e-01,6.747159507044434568e-01,8.458394961652082600e-01,4.347538114276903176e-01,6.042358798738395320e-01,7.170051142405848843e-01,9.974997117554044168e-01,4.060686300934110982e-01,4.146813377474361517e-01,4.260752191089952623e-01,5.197702388478844804e-02,4.121185817836313103e-01,5.514864897137589095e-01,5.646143931587108700e-01,8.068875786358541413e-01,3.445112353713325470e-01,6.341803853199871888e-02,4.086615604948201641e-01,4.747187356404262704e-01,7.452558146915532200e-01,7.448334918629559986e-01,3.709003330235767226e-01,5.247403216587005481e-01,4.042614313160028949e-01
9.707585269274127127e-01,4.721114839889339887e-01,9.532952447248383976e-01,6.603322574011205592e-01,7.198290210390873023e-01,4.006354359901719842e-01,5.676306638453422204e-01,4.242824931386331988e-01,0.000000000000000000e+00,6.106857099693707713e-01,7.523454880372317799e-01,6.984960289729829075e-01,7.263973211082348502e-01,6.135910763570920912e-01,4.828593385088200129e-01,2.583213182951380471e-01,8.783419913038225113e-01,4.692060364946286644e-01,7.047475087898067425e-01,9.870579080466840294e-01,8.473846225953058919e-01,8.838967255635006570e-02,6.835688756628953699e-01,5.933476361380363162e-02,6.971804716120903744e-02,3.962094265277147920e-01,2.556869727392828695e-01,9.502581637028029160e-01,4.396789120100841886e-01,2.652093625555661527e-01,3.896793041260307455e-02,5.081119755444534203e-01,3.151615177349669228e-01,6.202248954152607130e-01,7.420169335215593964e-01,3.901918857069913704e-01,6.338122149967832797e-02,5.861218780157041452e-01,6.536525158599562069e-01,4.097473376914211873e-01,1.289894353610186728e-01,5.771379467623074522e-01,8.330243726822645911e-01,2.100331793294396288e-01,9.854955137807526189e-01,3.898612705494399755e-01,3.116637045461186362e-01,5.573420084006881492e-01,7.495667400802307201e-01,5.674932021698191331e-01,9.092620598716354419e-01,5.901829291365572328e-01,6.323984620121519962e-01,4.994140796914222080e-01,6.101546428223701968e-01,8.363117633577491494e-01,8.372912979823579072e-01,2.847813950024645213e-01,6.680332625731411067e-01,-2.934696591349272854e-01,6.302790224797021335e-01,3.973864826616187451e-01,7.951195953975258579e-01,6.458908561849751040e-01,6.084384464586051200e-01,4.346331625976727064e-01,6.816454219418536242e-01,5.532777421852876909e-01,9.279978661707546372e-01,7.684246913183260252e-01,6.260567556811814649e-01,7.740411810765385203e-01,6.601907081161340063e-01,2.237315024292652055e-01,3.481451545718754481e-01,2.141870146487414583e-01,7.464684341268821299e-01,5.169781331032901051e-01,1.308972667704222468e-03,2.529407763671167597e-01,3.646120634568690289e-01,6.302784952319891998e-01,9.592450283741320582e-01,2.795246548988669089e-01,5.283892546871634677e-01
8.812215042735569437e-01,8.319429817303978236e-01,6.445701892721444892e-01,4.351122346341965708e-01,7.853373651275704637e-01,2.054795816289726740e-01,8.257961334998549230e-01,7.985040680679633684e-01,6.106857099693707713e-01,0.000000000000000000e+00,5.634440064093093614e-01,6.172491862157435394e-01,6.570268251067601373e-01,8.362403131654240207e-01,2.311571654512547536e-01,1.242222817231035253e-01,4.751970052845485570e-01,4.762738438238532934e-01,4.350204240921071719e-01,5.859124464161360457e-01,8.991569860308205042e-01,7.233425601813888717e-01,7.612747258592350574e-01,5.379256306285381539e-01,3.325869102809599909e-01,4.428003035968863799e-01,7.486146619086401222e-01,2.480001496986461995e-01,5.857694677511444681e-01,5.944495888406706730e-01,5.972505069870772676e-01,1.632749155625219661e-01,5.282022753647122038e-01,7.372495295761304357e-01,9.726111824500529579e-01,3.155508719992840549e-01,3.869317689037629071e-01,7.385852752310612113e-01,4.218566659536360230e-01,6.784266770180399364e-01,4.600464580828498296e-01,4.391013154602252944e-01,6.659928971423307864e-01,4.680821626667058810e-01,9.889608622685011063e-01,8.630933209676439066e-01,8.261419923107866659e-01,1.871714306850787435e-01,9.232428579545118863e-01,7.003903679553251660e-01,4.804191399949813146e-01,6.747747624034559077e-01,4.865357989388199855e-01,7.228167780603429460e-01,4.509762131636473881e-01,7.605695437278511273e-01,5.154612144022492348e-01,6.817863341872529848e-01,7.015281065159184593e-01,5.846521440367130618e-01,2.743563413578485322e-01,3.453682357796350466e-01,9.778558283734992695e-01,8.502844936895201933e-01,4.656453201259495023e-01,1.401728887977000786e-02,6.527408683671070966e-01,9.009927470454713871e-01,7.926255130349654232e-01,5.057600176029979355e-01,4.764897618169154914e-01,7.935607282716621302e-01,1.059924909096437162e-01,1.032772416032763478e-02,5.459000162420285518e-01,5.493023262924371375e-01,7.018195858034038670e-01,6.848055077622955400e-01,4.589360939644181459e-01,5.956770963154072174e-01,5.679121285852593015e-01,6.779193171929953632e-01,6.880206675032307650e-01,5.707231690129633828e-01,6.834387166659572355e-01
5.148297796949753424e-01,5.444748322056256473e-01,9.622009073963688763e-01,7.670660900331622845e-01,7.098359186636382656e-01,4.973168139994050829e-01,5.091681808091677031e-01,5.422945690237918059e-01,7.523454880372317799e-01,5.634440064093093614e-01,0.000000000000000000e+00,6.731822416795213426e-01,5.307887714945750401e-01,9.229682746276623995e-01,6.617950103839160825e-01,5.683243364385657248e-01,9.405094194260800178e-01,5.957260864869637906e-01,3.223679237236685702e-01,5.665592277039329661e-01,9.983859960815293366e-01,7.266843844623259718e-01,9.295410428399858427e-01,7.274584302029825089e-01,4.840152028578513788e-01,9.035177045483518965e-01,7.701267502506621287e-01,4.283348633756088875e-01,1.033568313545288331e-01,3.132593482708388027e-02,-1.024212830190129181e-01,7.564569177017779200e-01,9.603753146944608021e-01,5.752579680277085661e-01,7.930775979609149262e-01,3.903278136419912059e-01,-7.378140791845047564e-02,6.844515020834991414e-01,9.172894196691659952e-01,7.565282063562052128e-01,1.783248818749995079e-01,4.022487567380431117e-01,6.292468880935794262e-01,8.801087263470447342e-01,7.652623556299195107e-01,3.685493358297243782e-01,5.306410223517413760e-01,9.822603179778998106e-01,3.622259108899200108e-01,7.231268060946721699e-01,6.578888549028850674e-01,5.644326791257283649e-01,3.497098560770522946e-01,4.136391962357974794e-01,8.897343094628799021e-01,9.059001529778646367e-01,5.235474196416882720e-01,6.030861882449770617e-01,2.719255738332533312e-01,6.555466936665870215e-01,2.918770184086683095e-01,6.058358049797385458e-01,8.999032592295770350e-01,7.794385151514603427e-01,5.326863262906444962e-01,3.109010615335807137e-01,5.208475122189604178e-01,7.119293471916040561e-01,5.879023420705238312e-01,9.954640985830603972e-01,7.233871393048147969e-01,2.981122211962828894e-01,5.631703465333636194e-01,6.464542058973973271e-01,6.986303744608740596e-01,2.933616401960648101e-01,6.896013011206609811e-01,5.183359583193211106e-01,5.374734609996918433e-01,6.417612268332668624e-01,4.434561595087733177e-01,9.541625462744152131e-01,5.576442558848844211e-01,2.805212604474773830e-01,7.836959818813548084e-01
7.919783997701732581e-01,7.625677157042798360e-01,5.958325075465236154e-01,7.881681608011316120e-01,7.834697201562661473e-01,1.883301259985507847e-01,3.571696395205913310e-01,3.441346725269984197e-01,6.984960289729829075e-01,6.172491862157435394e-01,6.731822416795213426e-01,0.000000000000000000e+00,7.680566165842582782e-01,9.506102382709344933e-01,2.127466421760510207e-01,9.575319005292027841e-01,9.761376447118698119e-01,2.697661906960448497e-01,6.318758303648451813e-01,8.449656187437720734e-01,7.320418628805642758e-01,8.318015468279694735e-01,5.474112401998367794e-01,7.130946517068971202e-01,3.556626994815403897e-02,4.809103854282781310e-01,6.100632943675452502e-01,3.534584915813695494e-01,4.353726412781034338e-01,4.429536724101966194e-01,5.689817282354132644e-01,5.550177447897935989e-01,6.786699484812148686e-01,9.141357494889550406e-01,5.277756283745616006e-01,2.995641081031836794e-01,-6.752769704416203278e-02,6.258908070737410068e-01,7.801091279835474790e-01,8.710421067034587184e-01,5.208915875848965094e-01,4.243883377274774160e-01,6.917060907631656930e-01,9.448157597857016476e-01,7.248207900833335549e-01,8.212573926042784356e-01,3.289329907338892633e-01,8.848319111821378868e-01,7.871062054732075319e-01,5.267733115488580919e-01,2.033887734609277353e-01,4.161793499649263928e-01,7.238578497892578234e-01,1.117647526261799640e-01,8.443301529850656406e-01,6.233288205682760985e-01,4.222161062817401112e-01,8.122863799199986357e-01,5.529340981043243675e-01,4.733482628767077260e-01,5.862718154366652890e-01,5.518341363779829534e-01,6.511386775537832960e-01,1.887390200555658648e-01,7.846668542222354770e-01,5.792354956659210297e-01,7.650963957628957868e-01,3.250135071425539479e-01,2.826692044415622940e-01,1.662395065427776930e-01,8.502320257257618419e-01,6.883134178385568180e-01,5.262729362715341530e-01,-9.588479864060125979e-02,1.474803442151791100e-01,4.334660358867528096e-01,6.545621227241000817e-01,2.433287105644917347e-01,4.236441008458393109e-01,5.208122794157993285e-01,7.932543681072146136e-01,8.269767275725365963e-01,4.146550883240829322e-01,5.648805918699966178e-01,5.794110336068196698e-01
9.206945904812071646e-01,4.911921208824631124e-01,7.538652255169140393e-01,6.165471142863085952e-01,6.803045261544815592e-01,7.738881239483470509e-01,4.624223524475605807e-01,7.514237252112555554e-01,7.263973211082348502e-01,6.570268251067601373e-01,5.307887714945750401e-01,7.680566165842582782e-01,0.000000000000000000e+00,8.269588540924979192e-01,5.646142746393028045e-01,6.123961733748867209e-01,8.941038979474930093e-01,7.246463751302510969e-01,8.562797155729540144e-01,7.902301867689884851e-01,6.564181359610458122e-01,6.417722492651354305e-01,5.028812704593845773e-01,9.881885276195209178e-01,5.801845696889381676e-01,6.358613685049839814e-01,9.065801549306657936e-01,7.247397451515722455e-01,5.809487501789963038e-02,5.923481249525893721e-01,1.585351305305888747e-01,4.780340127480862678e-01,5.200932025589304342e-01,4.634291738765607960e-01,6.021080467517940793e-01,2.339460198441914163e-01,5.931318198275843390e-01,5.740370195888150340e-01,6.209377636631888686e-01,2.699685092492327687e-01,2.151944511585310305e-01,8.824700545108136174e-01,9.327765958930445134e-01,6.379259472211058490e-01,9.732582234632234375e-01,4.202625341305616935e-01,7.248497389480105246e-01,4.995080308227356491e-01,4.811444423073928389e-01,1.847325597616145121e-01,4.489435092656438031e-01,7.343900317236023989e-01,8.801366567677781916e-01,6.891288110178811488e-01,5.148661616824612430e-01,4.433603494035508463e-01,8.371599849962607642e-01,7.190690589242230146e-01,6.727643403927929810e-01,4.904474228194435903e-01,7.492551408536873847e-02,3.040425303283402769e-01,9.327142652340130180e-01,8.699959329106503603e-01,6.401838623722049260e-01,8.624585465348799662e-01,6.961534442149389657e-01,5.278605153175411902e-01,7.139324567472883354e-01,7.626255196217347487e-01,5.619891732775167403e-01,7.910535870868316000e-01,1.347704960482808689e-01,3.475541283821612648e-01,4.820572452785488182e-01,6.726389031177314459e-01,9.710703615280131817e-01,5.685593716234287331e-01,-5.037682231636400609e-02,1.848055166317715270e-01,7.239653357377768828e-01,6.842897418191183911e-01,3.913968954971563941e-01,3.220362396159848206e-01,6.425364788073086864e-01
6.048799291079000051e-01,9.819928977877243614e-01,6.502502947074778605e-01,2.159082187461520141e-01,2.392997400740551894e-01,6.051728311523846271e-01,4.459898061149794590e-01,6.582886355963510905e-01,6.135910763570920912e-01,8.362403131654240207e-01,9.229682746276623995e-01,9.506102382709344933e-01,8.269588540924979192e-01,0.000000000000000000e+00,7.763067751918925063e-01,8.386121012664533581e-01,8.374674068175698149e-01,8.889734420408633708e-01,7.872253054758627799e-01,4.483049358614780155e-01,6.831877963433784506e-01,7.033326524975559435e-01,7.715110654373878996e-01,7.819496220342130322e-01,7.619454880339007197e-01,7.936621400295449380e-01,7.177919172242437362e-01,7.477425194087634619e-01,2.619798932439775241e-01,5.643197252211693549e-01,3.690047084503427222e-01,5.940301330598718454e-01,6.054907745988229451e-01,4.931980682718152820e-01,2.797789092118007082e-01,5.320260222059420840e-01,2.820990560021766069e-01,5.476395109602467670e-01,6.143666457614989085e-01,5.881305230198798917e-01,5.029310138613852788e-01,4.996914614146612532e-01,9.033157206519342175e-01,1.799938171933603559e-01,6.025484922281890698e-01,6.816190930517372903e-01,8.339642804192313186e-01,5.505812067393102138e-01,6.593540721501055524e-01,9.768343192200822089e-02,6.670700842273424858e-01,3.027393021307957510e-01,6.420187152555304477e-01,6.158772629264520626e-01,2.006844296226170110e-01,9.691471980351654691e-01,2.067952760391013334e-01,4.153250408101231694e-01,6.631273207067170938e-01,3.285865276799183610e-01,3.883233864828169457e-01,8.525588359490762214e-01,5.272020358645922444e-01,8.920827277193269511e-01,8.771685105766275914e-01,8.745224339016084425e-01,6.461830721242721731e-01,8.760555722425206193e-01,-5.638551812173622779e-02,9.127200911191767352e-01,4.717796022884989116e-01,4.388636313867675942e-01,3.871932448366121049e-01,2.194121463895361002e-01,7.565586956084384695e-01,1.880850089549536697e-01,6.361663565099323625e-01,7.543193566575375764e-01,6.035921544967787211e-01,1.178526235837386305e-01,9.010189301144123641e-01,8.646362272333170118e-01,5.029480820610875424e-01,5.290529147756252160e-01,7.983849160448949211e-01
6.979838721376722122e-01,5.897824171145105154e-01,4.908866360495353076e-01,6.475341318556453452e-01,7.575448690244385164e-01,5.864422841899251670e-01,6.362545918543809353e-01,1.676406841194622854e-01,4.828593385088200129e-01,2.311571654512547536e-01,6.617950103839160825e-01,2.127466421760510207e-01,5.646142746393028045e-01,7.763067751918925063e-01,0.000000000000000000e+00,5.798058338481526519e-01,3.332158192292729026e-01,1.001576280645378320e-01,7.248194820231110835e-01,5.518389717475732370e-01,8.610398468513460468e-01,6.442115707303689431e-01,4.258381533319965384e-01,7.322633525412427513e-01,8.826647038140451595e-01,6.521807278721785117e-01,9.827075726670599920e-01,7.739461222662834539e-01,4.838289044942523098e-01,4.334603440702974875e-01,5.557935394414120767e-01,3.029888402184780505e-01,7.248331087760798708e-01,8.577712384057301076e-01,7.938850182029426605e-01,2.544961396277723997e-01,9.195463315911110713e-02,5.869883967729182528e-01,9.554147449399857939e-01,2.159515688706021286e-01,2.843282548905877727e-01,5.892808793319413985e-01,6.901963403669505448e-01,6.012279733666063830e-01,7.109703483132070456e-01,4.373512875596164973e-01,9.308267021106917394e-01,1.414732279504292423e-01,5.047088636395576089e-02,4.092835119353288031e-01,2.757533713611743376e-01,7.302555359134758062e-01,7.176534352994911048e-01,5.697211195358096170e-01,6.791666252067243281e-01,7.551943274436226927e-01,6.332308219368203428e-01,6.111194023239802098e-01,4.027197245263087200e-01,6.153270291825475580e-01,4.011155183095348464e-01,3.464260318211923040e-01,9.635036413904567443e-01,7.102332282314450795e-01,6.266177282830278639e-01,7.899681663126714160e-01,1.437283831150838742e-01,4.572286234164775753e-01,4.443582823363107503e-01,6.394406108805519295e-01,6.343646633160280324e-01,5.331166112599341478e-01,9.885657093644802107e-02,5.436269241696909393e-01,4.672226870036240709e-01,6.497572097928235868e-01,7.483703048681256131e-01,2.567962960578513698e-01,7.551879123121918447e-01,4.707936624468028047e-02,5.876553617706602450e-01,7.619440117168478910e-01,7.584334294094059459e-01,2.428592315520243516e-01,8.342238671601648337e-01
7.756110159868361276e-01,2.577800487694489884e-01,5.525012615895175117e-01,5.407848836118376301e-01,7.475939088463344762e-01,4.923410242871889553e-01,4.124324402516020283e-01,2.852638619978429824e-01,2.583213182951380471e-01,1.242222817231035253e-01,5.683243364385657248e-01,9.575319005292027841e-01,6.123961733748867209e-01,8.386121012664533581e-01,5.798058338481526519e-01,0.000000000000000000e+00,5.625906900581305603e-01,2.215816249746581923e-01,6.442317936298973535e-01,5.278434572063005481e-01,9.499376743517595756e-01,5.952133088428981367e-01,1.059142331926728013e-02,6.786412832679747931e-01,2.508551240762962875e-01,9.345032275991546067e-01,9.895340452412353383e-01,4.263122101942011799e-01,2.167339605412334225e-01,5.428166080623351153e-01,5.689657022170053757e-01,5.778938669133480976e-01,6.042878106750246836e-01,5.375715894630826996e-01,5.612091277605192330e-01,2.190818798739086748e-01,4.149046838269603715e-02,6.447824618737053592e-01,6.077708951726786823e-01,6.447139651787732184e-01,5.336025325810208608e-01,2.981354882134848450e-01,4.692112725587987421e-01,9.022902285260796518e-01,6.056259635497178717e-01,6.401116007265817975e-01,7.846679176943347489e-01,3.240294763417946311e-01,6.502352102175739113e-01,5.343351975553995992e-01,2.615067730334885154e-01,5.730894143509406291e-01,9.419169492551021650e-01,3.921540043406446241e-01,3.166374888315602876e-01,5.828342320321134862e-01,2.810451494688761542e-01,8.632480548192138503e-01,7.798825059441754082e-01,7.455099424492179772e-01,3.221219567390526395e-01,4.245395762350820945e-01,3.758728394554436414e-01,3.892018019798411110e-01,5.943601014224628720e-01,7.860350848059435291e-01,8.187142428545810535e-01,4.727273345036985264e-01,5.859814625267958377e-01,-1.079933545507887893e-01,5.116455725301717328e-01,7.846869091427861875e-02,7.476947902975711324e-01,5.397900470610792478e-01,4.881312676937386574e-01,7.320692706972193875e-01,3.284814607528759034e-02,9.505421523599850708e-01,2.686750157976739439e-01,5.390677104908285777e-01,7.908283323307765400e-01,8.357517999122977548e-01,2.531740359424193842e-01,5.217909396210951289e-01,7.314848614694654527e-01
4.481334208437597333e-01,9.628613843374043135e-01,5.536282494210489347e-01,6.518602294089045346e-01,6.198351811573424852e-01,7.886401246615979410e-01,6.913182702111460021e-01,5.899418300460117504e-01,8.783419913038225113e-01,4.751970052845485570e-01,9.405094194260800178e-01,9.761376447118698119e-01,8.941038979474930093e-01,8.374674068175698149e-01,3.332158192292729026e-01,5.625906900581305603e-01,0.000000000000000000e+00,7.663095100849166563e-01,6.488778378619263210e-01,9.343370549550491511e-01,3.894362081431111955e-01,8.177570871068152725e-01,6.172654657953153823e-01,6.524567227349733489e-01,5.975020985260222073e-01,5.198977690165633714e-01,9.322190783321868679e-01,9.872980877438470859e-01,5.048087179169110650e-01,9.405285112105221668e-02,-1.643399912316533817e-01,7.173818237846171231e-01,6.577559332002035353e-01,7.704904878150526937e-01,4.908656002615947034e-01,5.171346983912484818e-01,-5.520316410290970754e-02,2.590631428007550419e-01,7.853218978043468024e-01,8.336976413122468843e-01,4.939133505882829511e-01,9.445895428304661445e-01,3.474790038715440676e-01,2.434624446827872157e-01,9.875324901542044120e-01,9.459241843576249309e-01,7.678234228903038083e-01,2.728030949586931486e-01,6.646707892712568899e-01,4.531048815905718286e-01,5.937116067744758752e-01,3.762841988346498634e-01,6.473076708830594050e-01,9.844390996069394273e-01,9.562874787647276387e-01,7.496624289730319246e-01,5.365998903739104264e-01,8.386537486968969057e-01,7.329804572691847042e-01,7.050520113001244038e-01,5.783317690222236074e-01,5.929961419642104659e-01,2.255926885056771733e-02,4.373339959792322817e-01,6.667794448815531627e-01,8.108564818741077485e-01,6.042657114451907008e-01,7.734640090930998690e-01,5.593159819483300987e-01,5.571814060902955390e-01,4.250181451188356219e-01,7.727930998531603590e-01,2.934011874337987269e-01,-3.493316423908884305e-01,4.586361216044619327e-01,8.173191783536400967e-01,7.830842076535988738e-01,5.380921269541806273e-01,3.564214485775336616e-01,6.902543317944893619e-01,4.408328490857028048e-01,6.861768795056901737e-01,5.855093088653352540e-01,1.085952781719958793e-01,8.641354982890583347e-01
5.920437599326812128e-01,7.095790280863117916e-01,3.497565995234281910e-01,9.929705786615341534e-01,5.825882906139532302e-01,5.376132243385339793e-01,3.460243209548096166e-01,4.705048355801636495e-01,4.692060364946286644e-01,4.762738438238532934e-01,5.957260864869637906e-01,2.697661906960448497e-01,7.246463751302510969e-01,8.889734420408633708e-01,1.001576280645378320e-01,2.215816249746581923e-01,7.663095100849166563e-01,0.000000000000000000e+00,6.537580024557583247e-01,7.942550255392591962e-01,8.121422503416408922e-01,1.118075215971825465e-02,7.286603699737397299e-01,8.345354979076163859e-01,1.237278015410818999e-01,4.426270877215933708e-01,7.938242048540136153e-01,7.179247756859652441e-01,2.247456167739148025e-02,6.099219209201688363e-01,2.573249189144684035e-01,7.449919943813613221e-01,5.430971894588665361e-01,8.451246098682763108e-01,2.234153639964691629e-01,9.697601291574274585e-02,3.017715933055526434e-01,9.213184080883283222e-01,8.123405583891465387e-01,5.810933951053305346e-01,3.734073972564004307e-01,7.680120588517402869e-01,5.646245662094038220e-01,9.736810237300232984e-01,6.189728724368442903e-01,9.513715217555021031e-01,5.267709379579094131e-01,6.356019730420737757e-01,5.629049417299178959e-01,6.206541431195208292e-01,4.561427897583487101e-01,5.215749603301221837e-01,3.111053407432496920e-01,7.315352935697451153e-01,7.052904709229025348e-01,5.892599033669969621e-01,4.225697200273321741e-01,8.115503892614452930e-01,6.885314349430032843e-01,3.258426920253166270e-01,3.220082656074160221e-01,9.416023598396436878e-01,5.915446715613139617e-01,2.500888834372861913e-01,9.856254117059415343e-01,5.683978462120481412e-01,5.816018831301050795e-01,6.666978200448767655e-01,6.161456928960156176e-01,9.680650816625414601e-01,3.417442848432698521e-01,7.058368016081325580e-01,5.228207867460579195e-01,2.759972627692373615e-01,9.335317519948316267e-02,3.576687213851215130e-01,4.719147616399937406e-01,3.751200872023514599e-01,5.841857397935550367e-01,5.481168154671074433e-01,2.608398804865502685e-01,6.537401775069631715e-02,7.439799736858032642e-01,5.718846893985863877e-01,5.232036800314397995e-01
