0.000000000000000000e+00,8.874366705377941811e-01,8.220810536966345339e-01,7.236682098723540291e-01,7.833592782594183124e-01,7.878986808999183244e-01,9.158587826538170384e-01,8.311049392272604752e-01,6.747053488502234853e-01,9.330440625891257556e-01,9.285207576655479800e-01,8.799014493623470434e-01,6.441406064971133549e-01,9.530781663324595643e-01,6.495193116404767153e-01,-7.241354445452988231e-02,6.745250109185104703e-01,5.031955172401788579e-01,7.220032414611171623e-01,6.436802625718374138e-01,9.687956004890624362e-01,7.388748050538668233e-01,9.299502587316560431e-01,7.253817602390703057e-01,6.232838027209041121e-01,6.429615115641704737e-01,5.072380364147002219e-01,6.299579515020201637e-01,2.012643409197626965e-01,3.302985586848597999e-01,1.160996401963299285e-01,6.300429794344573065e-01,7.895249902022046795e-01,8.277367078524355826e-01,7.529625218844057111e-01,5.104368408060282886e-02,3.369975684531671956e-01,6.418194880044331141e-01,6.299219546522474289e-01,6.226308041377741631e-01,6.964969642010008233e-01,8.125396952978186649e-01,6.462022750800362481e-01,5.752388585968352119e-01,6.184324280770145954e-01,1.293441048904829527e-01,2.929691960606596313e-01,2.615131072459951911e-01,7.711170238201545679e-01,6.929024797455202167e-01,7.113721160813798461e-01,4.539850477903327186e-01,5.943963933687652634e-01,6.212253552150266422e-01,4.686846713637095596e-01,8.445535326348405647e-01,7.994049323563590104e-01,6.749756060087022114e-01,8.232942150224741296e-01,5.098253840562988470e-01,5.080731787645624831e-01,6.497014531324341036e-01,9.791230533571027017e-01,9.278462154245874505e-01,3.927117345341484267e-01,4.348347749422672992e-01,2.908289173869436639e-01,5.758383407960190326e-01,4.948576311892586288e-01,8.264145623287725284e-01,6.585796738765333780e-01,5.569407497143299413e-01,5.761894757167347614e-02,2.620074481115362564e-01,8.541351700578676542e-01,4.802070926293591224e-01,5.602412855062168795e-01,7.963354951536443238e-01,3.752460028077543308e-01,-1.130922210373148107e-01,4.927497461233821818e-01,9.737992818469007883e-01,7.464147856509180112e-01,4.574982016861453005e-01,5.140899539383817496e-01
8.874366705377941811e-01,0.000000000000000000e+00,4.747004211722687939e-01,3.531510229817230728e-01,7.912069030170640893e-01,6.991697192804722238e-01,7.982102000196853453e-01,7.545672420363775945e-01,6.079877373456410439e-01,6.674661011769719154e-01,6.728322528732926244e-01,8.004237206507348601e-01,8.874193729844689349e-01,7.167361794640101369e-01,4.392932540238296824e-01,7.315056820238818869e-01,8.251039580441493770e-01,3.379719768236060656e-02,7.780475445889537545e-01,6.531834250674739550e-01,1.151353945818512498e-01,4.081045947007160696e-02,8.864304098762628703e-01,5.448350095412413108e-01,3.787854127353820211e-01,1.134724846838244296e-02,5.815907548537460059e-01,8.426183783810154981e-01,7.939396504480888961e-01,1.774324240302724981e-02,5.860762821175008463e-01,4.405958276395610107e-01,6.319916009175434723e-01,7.033235549399174946e-01,5.790386815884793759e-01,4.623696357119613243e-01,5.663604453381450021e-01,5.966866485562826172e-01,7.598752290389464426e-01,6.330446324941346736e-01,5.817407769341590429e-01,6.225811232741791379e-01,8.444029194162999685e-01,2.991142554523780750e-01,5.988396332510068643e-01,8.209258536449473009e-01,4.908956814094966870e-01,6.768638452143688200e-01,7.368114243252278373e-01,6.336896983493793822e-01,7.488257090996627285e-01,9.493870479242392246e-01,5.623794651137365985e-01,6.597958102434170469e-01,6.205282740426486532e-01,8.787513534273078131e-01,9.333895507958424043e-01,6.342198037297708257e-01,4.978052431156445579e-01,7.486388193280978376e-01,2.094212714376099682e-01,4.007987811751957952e-01,8.571299193334923627e-01,6.992314399744610220e-01,6.281541842189970470e-01,2.517924744417300853e-01,7.273478116859206644e-01,7.884279901153625758e-01,-8.278369064173768388e-02,9.657574779840979451e-01,6.350816098482241490e-01,1.007730382055684326e-01,3.054001093329853922e-01,1.033481524846444205e-01,2.510415479424410456e-01,3.342505296929078051e-01,6.483641799452357635e-01,1.230275181434195043e-02,2.330029132764287469e-01,2.618814008887042077e-01,8.316434639132866957e-01,9.695307080604173011e-01,4.762441852347762961e-01,6.736068934804372299e-01,4.492978116880539941e-01
8.220810536966345339e-01,4.747004211722687939e-01,0.000000000000000000e+00,4.018469763350479007e-01,6.953180880320548596e-01,9.471124936408779060e-01,2.484982122062959903e-02,6.995787102539580138e-01,6.041188700730890648e-01,4.658082211323707478e-01,5.689242103642377923e-01,9.373335138575199510e-01,8.625305612735709726e-01,8.761995586821916815e-01,8.479950502345344754e-01,8.628911187185348552e-01,8.092138372732825546e-01,9.086008700237816482e-01,9.934261213764110643e-01,2.378263915290061981e-01,-7.822226904906227907e-02,9.759450498181597711e-01,6.203484640226676339e-01,5.475277645349182487e-01,9.133072524814630500e-01,4.755199054858497698e-01,7.675018885790961809e-01,8.063665445809168331e-01,4.218349482811429296e-01,1.768988139234473345e-01,1.682651403004946644e-01,8.408965664276285557e-01,9.202529829934205097e-01,4.709488017570029328e-01,2.533566231040887962e-01,4.368216685180231762e-01,5.271486377174213755e-01,4.800164513478544226e-01,7.283510904291321530e-01,9.638216500578000723e-01,4.657630439585562776e-01,8.380750437471106151e-01,8.598605676889014005e-01,8.935615171483176633e-01,7.435411420630210211e-01,8.909582004844375236e-01,6.775251865953590968e-01,4.063192995210852532e-01,6.171562706414165378e-01,6.027583874460626934e-01,9.114948047240968299e-01,3.351930304648733649e-01,8.323845798256457318e-01,8.220406723383544279e-01,7.944247379759645789e-01,4.399075337250443196e-01,8.251859482939226387e-02,2.829217447294000154e-01,7.462608498896287079e-01,2.519583129813304234e-01,2.927227979575249828e-01,7.249259761421324999e-01,7.651257153757755614e-01,8.951556611417273990e-01,7.639839916161370592e-01,5.987654159571824675e-01,6.818668931377128706e-01,8.392522990016559881e-01,8.790336909090034068e-01,7.038763894750734718e-01,6.688289770140966040e-01,9.051917540940559448e-01,5.280435894448918255e-01,5.798684094404688016e-01,8.042733292936820044e-01,8.256643517725832382e-01,8.735935482822656528e-01,6.967044368361172690e-01,3.680271838151668584e-01,1.646613736646407034e-01,7.998003487656788479e-01,5.023355505220219452e-01,9.642746141320341913e-01,6.410003094499880927e-01,8.416668692268871599e-01
7.236682098723540291e-01,3.531510229817230728e-01,4.018469763350479007e-01,0.000000000000000000e+00,7.916574197512971089e-01,8.725638756674534147e-01,-1.445375453865411775e-01,4.226025637826777981e-01,3.814903365890612852e-01,3.931628995523747117e-01,7.684771401703514027e-01,9.032791049327710819e-01,6.641150190537693510e-01,4.173837307226507254e-01,8.136568684431428888e-01,8.932158750507022960e-02,5.514348089671812225e-01,5.995817295561334248e-01,8.789660522067928028e-01,2.660395421741822419e-01,7.132415067618398385e-01,8.764865806856492192e-01,5.958033665952655600e-01,9.130301156539964991e-01,4.887232055796351671e-01,7.044633519046294978e-01,5.941409331478657574e-01,9.898532079600996791e-01,6.319100135758547454e-01,2.713797304377423281e-01,3.617559836084147662e-01,2.332159992457464859e-01,8.932172588836101434e-01,4.949992479813994928e-01,7.344577338650289944e-01,2.890516779927740920e-01,7.616568663008159434e-02,7.836824736845027228e-01,8.551788978082688342e-01,7.892879507390223592e-01,2.977674137141648192e-01,5.918183246878794268e-01,6.229914969669153590e-01,6.671669760014833361e-01,5.619784519669202005e-01,9.297391523856236573e-01,8.010497464576938897e-01,4.401653485227264850e-01,7.714541368556708800e-01,5.312756324239324979e-01,4.399975822769550682e-01,5.791949529071535041e-01,8.166618244789698444e-01,6.031423774300868068e-01,7.826427369783729437e-01,7.331248403552121928e-01,6.241494851853600645e-01,5.128593158616625569e-01,5.515076982270498140e-01,5.543760423865263208e-03,4.050741223202922736e-01,4.866522767737665456e-01,8.247821118233729099e-01,4.879874085537194706e-01,8.935872973722256418e-01,6.293648295425828820e-01,7.107314761818809279e-01,8.304078540917175788e-01,5.709656434651609880e-01,2.956492418142956380e-01,5.230185513313291290e-01,6.586478623420812806e-01,7.080078209010619572e-01,2.069856640609152865e-01,4.366636299137673927e-01,9.024136856767190906e-01,6.152522285138559699e-01,3.340835376397809364e-01,2.736296887053927818e-01,2.030453721472205708e-01,3.509701779897620444e-01,9.629983735232741093e-01,9.530686557181748952e-01,2.769050339228631627e-02,4.684433456187678813e-01
7.833592782594183124e-01,7.912069030170640893e-01,6.953180880320548596e-01,7.916574197512971089e-01,0.000000000000000000e+00,8.199255277057933000e-01,4.680869829130019921e-01,1.375951469898697155e-01,5.948128483561226920e-01,6.827517801190943203e-01,6.398870572159528480e-01,7.538827181797282950e-01,5.354686027059700759e-01,5.553176615175566821e-01,2.613377363481629301e-01,6.042658010318365802e-01,5.364575421487983720e-01,7.555203580851054257e-01,7.021961470121528270e-01,8.003776500009677219e-01,8.781958560844015382e-01,6.410100838447050364e-01,4.912145477663328319e-01,6.522222297302936456e-01,3.033507659071680296e-01,2.950201862179917603e-02,5.810978074095244361e-01,4.794093458349432124e-01,6.368137415050527383e-02,3.329675177227979788e-01,3.515266553019984475e-01,6.061895175067554264e-01,7.687364375932389526e-01,7.483925101270001434e-01,3.081245963121822529e-01,1.874825387434037038e-01,5.429901807363182731e-02,8.222677650802282523e-01,5.811650834598444115e-01,2.574664843965335237e-01,4.579481090395572940e-01,2.212858349539497949e-01,4.145442341716891743e-01,8.794239931672640509e-01,3.804315403032715315e-01,8.502072361160100122e-01,8.573629006012564169e-01,5.592201605968537548e-01,8.185243928269240188e-01,4.555574887643167314e-01,6.784943626437310860e-01,7.833810496762028119e-01,2.849405335014792429e-01,4.856301284173761279e-01,5.746577542797191018e-01,7.587555057065407116e-01,6.725261556488411063e-01,-2.412511323636049032e-01,9.766320048778280860e-01,3.655852013487719820e-01,2.604067443237783608e-01,8.180886085225838045e-01,6.781035683356148036e-01,-5.970064257380541806e-02,8.239732123202136993e-01,9.300413163518266302e-01,5.061611271054323735e-01,8.133655560619396097e-01,5.264095765691941819e-01,6.032359078412005138e-01,7.378369929082597700e-01,7.711972939250490988e-01,6.925146665559134274e-01,4.093863099048533627e-01,3.386317364152230391e-01,6.564329874829244460e-01,8.162389129143016175e-01,3.228027530263282152e-01,2.146765097601596173e-01,1.979877697093053446e-01,5.303681351683027234e-01,6.737501108860715071e-01,8.607758749938132503e-01,6.666669670470074527e-01,3.636807687326871208e-01
7.878986808999183244e-01,6.991697192804722238e-01,9.471124936408779060e-01,8.725638756674534147e-01,8.199255277057933000e-01,0.000000000000000000e+00,6.708112702084256807e-01,4.526157268891154439e-01,6.970097936768758773e-01,7.366087184471528104e-01,8.495551808144339301e-01,6.580627533826535203e-01,9.148123166660182548e-01,3.364852225196296454e-01,8.977156448449672421e-01,8.193474933837754381e-01,5.192635686721540633e-01,5.602973990464307219e-01,4.614733544444900026e-01,8.475212158284771702e-01,4.399995812889802571e-01,4.219192847527781232e-01,7.289921863952556480e-01,6.220157640768909646e-01,4.183493058888876348e-02,7.089092022235027324e-01,5.317870419314663089e-01,4.474161734171246962e-01,5.059122442610508585e-01,4.481426792797290060e-01,1.453509457049685372e-01,2.132747924792271488e-01,7.267399329726879076e-01,7.814335934303693332e-01,8.074207639712225326e-01,7.075856440864870534e-01,3.132854317248859877e-01,6.455180930393170646e-01,4.116128869964859327e-02,7.926641473124141912e-01,5.535900737819667849e-01,3.238605802736209127e-01,9.887259684940462590e-01,5.031501061116675499e-01,8.858988690613864847e-01,4.352362812421367577e-01,7.062447734182389913e-01,7.711185668346804967e-01,6.556266200375894249e-01,3.135390377048025701e-01,-1.450253681047559695e-01,5.407501150953077929e-01,6.570105244102270037e-01,4.251630453550838129e-01,9.217544358676448280e-01,2.935441960197770483e-01,6.934796985175889494e-01,3.802051387522267234e-01,5.899510426353357095e-01,2.089972016766439202e-03,7.289092817936886348e-01,7.732595721772907993e-01,6.771644322911888336e-01,3.812578105421807195e-01,6.567176754925847515e-01,8.546913634110749891e-01,9.619066801010703882e-01,7.099901295145454316e-01,5.990265615488126194e-01,3.856485213887755892e-01,6.568412676191788258e-01,1.978534663420289386e-01,4.374599593588746060e-01,2.442766358308435526e-01,5.279653507098293064e-01,8.747319853940632717e-01,9.232427242054350724e-01,7.168857205530650978e-01,5.788008807862766725e-01,6.797114264449359844e-01,3.043913524382417246e-01,5.302147417431497534e-01,7.116971829413649697e-01,3.337815059348447910e-01,4.592524466095317393e-01
9.158587826538170384e-01,7.982102000196853453e-01,2.484982122062959903e-02,-1.445375453865411775e-01,4.680869829130019921e-01,6.708112702084256807e-01,0.000000000000000000e+00,7.514657970346070304e-01,6.688594989233382915e-01,7.836872872643070309e-01,3.465868742223052745e-01,6.974318774692841449e-01,5.166344595947113261e-01,3.991198909581765708e-01,6.820948779853872601e-01,4.842603438569905716e-01,6.222349504330755288e-01,4.011906233568696689e-01,2.987698421222684340e-03,5.528231039118185475e-01,9.276301383635444653e-01,4.548037001494505405e-01,5.570681811449238463e-01,7.584368812856260300e-01,6.471843384267319532e-01,2.215905433580232092e-02,3.439742943391966845e-01,3.320416404055688275e-01,5.461008465306808057e-01,2.359863875111848919e-01,3.823742944311141478e-01,4.518533054476752686e-01,5.474829923220404515e-01,5.435745468732149366e-01,3.645076401483742234e-01,3.493620461707188096e-01,7.213884567516030133e-01,3.940154004498235274e-01,6.658175159798053189e-01,7.489250418787289920e-01,6.653950902939034240e-01,4.544813142358771207e-01,9.417674032150734620e-01,5.642563614502965619e-01,5.375485495832098559e-01,5.384668887552027661e-01,6.558164284464587102e-01,6.007240715714349255e-01,3.899270782330835905e-01,1.093439531762756822e-01,5.707669493612870237e-01,4.548599184286801766e-01,7.775019973031097598e-01,6.338768245178045824e-01,7.678381768005428931e-01,5.057050116450828581e-01,5.539987316227240610e-01,4.451007236158300850e-01,7.496284582288252896e-01,2.307543973213837529e-01,7.209094603716892369e-01,4.895688534594659913e-01,4.508216036396296977e-01,9.790698920947065176e-01,6.489772774618393081e-01,5.030777442006002520e-01,2.215307754196582379e-01,6.536795177691762104e-01,1.998590289028223839e-03,6.610476368535664893e-01,5.416896575338838726e-01,7.929184678356655525e-01,5.833539641542281329e-01,2.873884771272879335e-01,4.126207735739330085e-01,6.095896295863475478e-01,7.082642394624394898e-03,5.275449614135215848e-01,7.476691000611617177e-01,3.638474941161259357e-01,2.284691505001587020e-01,5.642252174565841605e-01,3.433744175213963024e-01,6.447531181421076174e-02,5.911611927287974133e-01
8.311049392272604752e-01,7.545672420363775945e-01,6.995787102539580138e-01,4.226025637826777981e-01,1.375951469898697155e-01,4.526157268891154439e-01,7.514657970346070304e-01,0.000000000000000000e+00,2.890961477743175800e-01,6.096220263880710588e-01,7.233978766398947435e-01,6.676556578851984280e-01,9.886905782683687027e-01,6.909957392733934167e-01,2.016971345176757080e-01,3.372474403235165008e-01,7.481383810032674608e-01,4.893596696988996575e-01,5.660640752234381567e-01,6.942688897502049539e-01,9.013165265289989625e-01,4.262011095645087400e-01,5.587707293814715426e-01,7.965696598097830039e-01,5.845265941162191003e-01,2.332754701781574735e-01,2.043100567755049279e-01,7.865306888434685506e-01,2.116980855331965783e-01,1.079806747548024970e-01,2.341792054542150003e-01,7.233156141255953075e-01,4.487506881790246926e-01,2.606661389586952815e-01,4.654075626379058916e-01,1.956521759273698591e-01,2.591645458794412660e-01,4.055299220440299335e-01,9.624731795889350794e-01,5.660908560679144275e-01,3.631050987208803704e-01,5.665706852686447359e-01,9.266222731258983991e-01,5.445362764889752349e-02,6.949965136522724407e-01,2.739920688872757859e-01,2.505472790906946301e-01,4.430225445709359833e-01,3.266471101569147217e-01,5.915190438086210811e-01,6.441382825500374665e-01,1.236699531235902483e-01,9.234138587162860068e-01,3.792167049734777029e-01,9.125599128212592559e-01,4.073302705177450078e-01,5.839569322742851343e-01,5.507412184561824020e-01,9.800153349903815148e-01,5.960151928796842968e-01,8.702847610887583241e-02,6.578251228546481144e-01,3.226492536681000584e-02,9.559243898507134851e-01,2.960501509683391985e-01,7.051970646402681009e-01,6.717259443569965072e-01,5.712002222724851253e-01,5.433607093058534510e-01,4.553214864622414093e-01,-1.366712442529940397e-01,1.809921447180790066e-01,4.517980822139928132e-01,1.694744092651024048e-01,4.450228933963396027e-01,5.590768142803658192e-01,7.457337801670959054e-01,6.366627606650218096e-01,3.928111466171358979e-01,5.687451908026081027e-01,4.944554310019191323e-01,6.022104560282133257e-01,9.724494538519421472e-01,7.538827106059495797e-01,7.130886005008251205e-01
6.747053488502234853e-01,6.079877373456410439e-01,6.041188700730890648e-01,3.814903365890612852e-01,5.948128483561226920e-01,6.970097936768758773e-01,6.688594989233382915e-01,2.890961477743175800e-01,0.000000000000000000e+00,2.418072270965530568e-01,6.992601765182253626e-01,2.597374083751021745e-01,6.779467138201596965e-01,5.857097141812133145e-01,7.952499247055684339e-01,5.206963691167338926e-01,9.629126002301621190e-01,4.864701236936794237e-01,1.364561147877181857e-01,7.311310366035529418e-01,8.302725450492157711e-01,4.616015879654785103e-01,4.981640073350327991e-01,9.934913008033185999e-01,2.206665921025231791e-01,2.015068175092405156e-01,8.417886779290988386e-01,4.999549176097978775e-01,5.461417268131611991e-01,4.096942016619828375e-01,2.610491655349053142e-01,5.989701972581642497e-01,4.632336384847863808e-01,2.788709116870618024e-02,7.765697270776783512e-01,4.461126970721812635e-01,2.499566638318214129e-01,6.469247498483288172e-01,6.871257250664567495e-01,4.795194188677234237e-01,4.210258671140562070e-01,6.061968449663954761e-01,8.407845169570191679e-01,6.185261158160544337e-01,5.766632988788210623e-01,5.271777561590834660e-01,2.283043399033733989e-01,5.470678672852862245e-01,2.803522830889449979e-01,7.102689250722216130e-01,1.083071568353552866e-01,5.538103395074734925e-01,4.231707961577786392e-01,6.291885751480377209e-01,5.733843439910959461e-01,9.087119101981153690e-01,5.176420704847371074e-02,1.765343996549021410e-01,7.085531662969832833e-01,2.631090180646623589e-01,-2.787093079460123413e-01,4.348913222736476847e-01,4.749648616769890919e-01,1.637200868535952994e-02,7.819772839754669524e-01,3.618428156209596569e-01,5.304766466450835383e-01,7.290443807590488712e-01,5.416988222655703122e-01,6.765083894650665286e-01,8.945893297823089840e-01,5.143527337248708919e-01,5.310430411658695338e-01,3.685705045706061944e-01,3.879663730869296057e-01,3.249680143157765988e-01,9.738585800468178011e-01,6.512398693227496871e-01,2.768013251024614707e-01,2.477805358837060490e-01,3.979297852419452219e-01,8.371347698116251568e-01,5.713156513570802897e-01,7.423635704037674365e-01,4.505003959845135797e-01
9.330440625891257556e-01,6.674661011769719154e-01,4.658082211323707478e-01,3.931628995523747117e-01,6.827517801190943203e-01,7.366087184471528104e-01,7.836872872643070309e-01,6.096220263880710588e-01,2.418072270965530568e-01,0.000000000000000000e+00,5.149760679807963148e-01,4.455864638898892616e-01,7.286152033675028505e-01,8.409113071365452718e-01,5.691597421675470558e-01,6.276864721533387259e-01,5.202197506503296598e-01,7.627938281872745918e-01,9.929669171386888982e-01,9.784212884361135343e-01,8.171414535252848887e-01,4.119664358350673128e-01,6.476725847873666675e-01,6.778354584012962203e-01,6.435886673694786175e-01,6.406680303508147656e-01,4.550153332916334059e-01,4.762006299485309624e-01,4.686813605456086607e-01,4.580893642729908649e-02,4.882349489227790773e-01,4.556460445042141982e-01,6.913007820337587761e-01,8.252140737345352584e-01,9.944173747065208069e-01,3.489480210587497799e-01,3.700357073577855149e-01,3.214947616501317440e-01,8.484187046403476318e-01,6.397797725798815005e-01,6.889705851334358977e-01,4.454965452184704300e-01,5.005249938004757704e-01,6.646309194825943401e-01,6.607929124426308309e-01,7.830238398675810618e-01,7.088948870360248788e-01,3.527742772432929108e-01,2.026846134167742952e-01,3.824226688054651047e-01,3.919398667581698859e-01,9.116362052719408915e-01,7.652806594901578885e-01,6.569351268480877470e-01,7.503750876008844495e-01,7.991036689136530313e-01,8.396636090779467931e-01,7.543459916238389740e-01,7.388345871744271820e-01,4.651245462702066624e-01,6.602150347613229275e-01,7.640674321981928419e-01,4.113412558448266143e-01,6.371128679120243721e-01,8.608532590169556409e-01,7.109847206809172260e-01,2.419399980082716783e-01,9.480158688898698838e-01,4.166906286122800118e-01,2.803345080906857190e-01,4.364254970159013314e-01,7.546694671886399197e-01,6.891638426107447035e-01,2.022664344055009056e-01,5.799946351129116051e-01,3.654447028304933509e-01,6.780632809841988795e-01,3.479846832030424886e-01,5.847119924874208952e-01,3.519940769193339453e-02,4.444528915943874448e-01,5.718615626434749855e-01,8.606953517435118606e-01,6.738003747870472404e-01,4.859289029708712682e-01
9.285207576655479800e-01,6.728322528732926244e-01,5.689242103642377923e-01,7.684771401703514027e-01,6.398870572159528480e-01,8.495551808144339301e-01,3.465868742223052745e-01,7.233978766398947435e-01,6.992601765182253626e-01,5.149760679807963148e-01,0.000000000000000000e+00,2.510767912221653075e-01,7.752753632355351421e-01,5.588231805011434350e-01,7.668397151233321551e-01,2.378702220738712347e-01,2.611557425470030780e-01,5.843199875073700200e-01,7.835949394437027316e-01,7.371428151339781687e-01,7.439498997751566867e-01,6.386527398907583253e-01,9.339045898068132345e-01,2.896250847958243835e-01,4.228878992592692287e-01,1.035812281328535589e-01,6.596930338122848347e-01,6.804483141520808465e-01,4.450736061644962605e-01,2.249786209976250076e-02,7.670094339556927654e-01,5.754748134017825256e-01,6.899784789410148278e-01,3.089822532988371201e-02,6.428306244415441517e-01,9.636070067124511418e-01,1.683788932274892514e-01,7.309214275429511964e-01,7.589971615162249829e-01,7.508968314550371614e-01,4.595877712597613018e-01,8.504219999304859501e-01,6.761446582639955016e-01,6.663579311862267707e-01,5.596165448065085757e-01,7.382753688521070945e-01,7.571609231791068817e-01,3.695691315965540236e-01,2.547026052398805862e-01,4.456541114608618126e-01,7.225675991052452618e-01,8.716960775799118544e-01,5.843306379736905587e-01,3.874034625762576844e-01,6.874723648916567509e-01,7.285981893789542641e-01,7.680116640596554856e-01,6.187072802316726516e-01,6.571151092230274049e-01,6.517241490049000552e-01,7.172978437836938781e-01,9.130969101036302549e-01,2.544994342082714800e-01,9.055190268190591585e-01,9.372287532745655625e-01,7.545170480902700927e-01,8.319511713662496033e-02,4.125540544447287572e-01,5.464842538640001246e-01,6.295783478063553540e-01,9.753600380762087463e-01,6.575464762182875456e-01,4.782284390821063269e-01,2.268833371220791706e-01,2.190676543722140102e-01,4.531690090182778352e-01,4.097721323590841624e-02,1.020670749273971528e-01,1.827279998760713564e-01,1.350664559317938107e-01,4.525809934238633203e-01,7.403921095782439732e-01,6.369353385234446385e-01,3.002414650633485893e-01,6.578139001183214152e-01
8.799014493623470434e-01,8.004237206507348601e-01,9.373335138575199510e-01,9.032791049327710819e-01,7.538827181797282950e-01,6.580627533826535203e-01,6.974318774692841449e-01,6.676556578851984280e-01,2.597374083751021745e-01,4.455864638898892616e-01,2.510767912221653075e-01,0.000000000000000000e+00,2.267594735696654429e-01,7.687845120592877723e-01,6.217319590998581225e-01,5.933428434218035452e-01,6.841110616502102948e-01,6.210746342193848024e-01,5.431179012288227526e-01,4.571056157078246529e-01,7.138516345836823929e-01,5.206068936274073078e-01,6.519431142069338492e-01,7.968872441975944909e-01,6.522179731231789734e-01,7.132122440360872950e-01,7.507786711431296833e-01,4.994125345089095620e-03,5.234566837367893299e-01,4.818885142107844910e-01,3.969192040116655829e-01,4.265731469513254215e-01,6.560323804095902211e-01,3.276040419880780208e-01,3.067571472493705320e-01,2.014460637558496692e-01,2.630049910790407952e-01,3.157993238651539691e-01,7.330894467451911645e-01,6.928355176712075458e-01,4.134685397043755817e-01,5.836003287766413639e-01,5.696175941927315023e-01,5.804731819577525487e-01,6.097472260079428441e-01,8.369024034227091624e-01,8.084422708753851161e-01,5.891384773358181448e-01,2.393875922705382409e-01,1.620589427155579854e-01,4.047593376658715769e-01,4.636226793399580437e-01,8.221823469877694857e-01,6.825644814187711296e-01,3.031998100175001820e-01,9.154390898968944867e-01,4.804523134944920226e-01,4.326025461988227128e-01,7.595546646595944251e-01,6.509843242078157122e-01,2.617283913863463485e-01,4.638015991110543412e-01,4.240402228734604373e-01,3.329512396236143368e-01,5.685787885349768978e-01,7.286449506167419488e-01,9.058378456839247805e-01,5.988483720301069901e-01,4.776515765709708483e-01,7.507667820683250337e-01,5.887275178840192247e-01,4.073653046752220841e-01,5.474863879235918329e-01,3.848214589851727263e-01,6.553470395482948740e-01,5.744661931113081987e-01,8.237173219081534992e-01,5.686980023054484246e-01,4.791377475836275379e-01,1.249318014766307300e-01,4.281167415764876583e-01,6.019317698485232571e-01,6.683310300085866240e-01,7.982163903316841225e-01,7.234972509414341335e-01
6.441406064971133549e-01,8.874193729844689349e-01,8.625305612735709726e-01,6.641150190537693510e-01,5.354686027059700759e-01,9.148123166660182548e-01,5.166344595947113261e-01,9.886905782683687027e-01,6.779467138201596965e-01,7.286152033675028505e-01,7.752753632355351421e-01,2.267594735696654429e-01,0.000000000000000000e+00,9.605187383962519032e-01,7.428847307909843822e-01,7.005217263349808876e-01,6.967223133948247105e-01,1.278026886701511822e-01,5.812035178622438902e-01,9.295767782433689286e-01,8.347148293354939019e-01,9.011731599757547562e-01,7.547364295947803781e-01,8.387674226713459635e-01,5.409923462032653063e-01,2.022047840252238493e-01,7.331101960107275772e-01,5.437665582004531650e-01,1.906353526925557984e-01,2.885184535629131131e-01,5.548239478952069481e-01,5.521692301092964161e-01,5.762812907637961946e-01,4.808653505017534968e-02,7.577391272087432572e-01,1.606109152927966965e-01,5.889870903732240537e-01,6.811433244328661818e-01,7.553432060188624009e-01,8.236580848425936185e-01,6.833253701171329020e-01,5.593243132468425083e-01,2.382903199438847763e-01,6.134655212435998761e-01,7.727103097733637460e-01,7.523428793399868919e-01,5.703146323690414521e-01,4.939950522714319781e-01,6.961963136928992490e-01,8.810126480874854726e-01,4.198517608622735486e-01,9.964302429789071436e-01,5.340134703114605141e-01,7.529707223431358898e-01,6.310838012689832244e-01,7.021019594331462388e-01,5.371462021968531619e-01,4.484977247861598459e-01,2.315164641530185197e-01,5.934815291121033898e-01,1.174166326121936638e-01,6.889192552986030949e-01,6.866663116943224621e-01,5.150997898082005921e-01,8.058953713861616297e-01,7.786489347825706897e-01,6.582028599879731212e-01,9.020286728372740592e-01,3.962256123106112637e-01,4.250435596309452557e-01,3.507331993912317092e-01,8.450362794539441058e-01,4.818591098121580707e-01,4.927304996304865403e-01,7.230751976623949195e-01,2.791608081706621891e-01,7.703132421951435216e-01,6.070820913218244463e-01,7.670427559042378718e-01,2.166085081478942298e-01,5.457063825939930668e-01,8.519848386199727619e-01,3.895929653321757447e-01,-1.280740059879979520e-01,6.919699049141301295e-01
9.530781663324595643e-01,7.167361794640101369e-01,8.761995586821916815e-01,4.173837307226507254e-01,5.553176615175566821e-01,3.364852225196296454e-01,3.991198909581765708e-01,6.909957392733934167e-01,5.857097141812133145e-01,8.409113071365452718e-01,5.588231805011434350e-01,7.687845120592877723e-01,9.605187383962519032e-01,0.000000000000000000e+00,6.859300295382635415e-01,5.175723527939807278e-01,7.910400909664683233e-01,5.809328329887727405e-01,9.610427198048356878e-01,3.151701969825114746e-01,7.283251486072503944e-01,7.181132354563757314e-01,5.648307096350373424e-01,5.043346887864453842e-01,5.880318960810617668e-01,6.124964789168236834e-01,6.989277698103587566e-01,4.321536615143490856e-01,6.460336964053519093e-01,2.436391254850234778e-01,1.016028245804597718e-01,5.298470316081548281e-01,9.011883689570350242e-01,7.386069628941258625e-01,7.151402450172686942e-01,2.686224253136406670e-01,2.246470764196395378e-03,6.013970665670497207e-01,7.391000407889830592e-01,4.969428980497931359e-01,7.996527318181190225e-01,4.592057975480821619e-01,9.658532958675671853e-01,6.131361920133785448e-01,5.415186066242214658e-01,6.734726645075297391e-01,2.430493415468623630e-01,9.582337866594596854e-01,5.485313736410383223e-01,8.769021639879006624e-01,6.983469681842239263e-01,8.584553504839445015e-01,7.910176184727035764e-01,7.097009632606851026e-01,9.475463854492304216e-01,6.630704738507562368e-01,9.089851948507688961e-01,6.725604710109470696e-01,4.379646381251641740e-01,4.422996248443959999e-01,6.864974413953088828e-01,4.397977587200846417e-01,7.250028036423837863e-01,3.793997478618928998e-01,9.743880446819506158e-01,8.971370722351753590e-01,9.630872543435260447e-01,5.643019374554210099e-01,6.484969555640527350e-01,5.376473442804244884e-01,9.599316688265608910e-01,5.646606768007136345e-01,7.303686110478315729e-01,3.781998911565361832e-01,2.524057609950383085e-01,5.302698346649603600e-01,8.548610529695488403e-01,7.616317602394713226e-01,2.318461583052161268e-01,5.644063791214175563e-01,5.269975137521542008e-01,8.911456630106440180e-01,7.471324648038869531e-01,1.262241142411843209e-01,5.760111296353510602e-01
6.495193116404767153e-01,4.392932540238296824e-01,8.479950502345344754e-01,8.136568684431428888e-01,2.613377363481629301e-01,8.977156448449672421e-01,6.820948779853872601e-01,2.016971345176757080e-01,7.952499247055684339e-01,5.691597421675470558e-01,7.668397151233321551e-01,6.217319590998581225e-01,7.428847307909843822e-01,6.859300295382635415e-01,0.000000000000000000e+00,3.068542227642635511e-01,7.044990611533420433e-01,6.715287567586243345e-01,2.071135528912715906e-01,2.407435845190403489e-01,5.172882189555838561e-02,2.745251240586537023e-01,2.713479313368042933e-01,8.309000979322946900e-01,5.964568633366756911e-01,7.243912006565036421e-01,5.572730602970089597e-01,3.069059029696202257e-01,3.000807162445793264e-01,5.101985916704609991e-01,3.996718078919369969e-03,1.522587423942989571e-01,2.675378701765550038e-01,2.888225578789873071e-01,2.402767772582957151e-01,2.841198496433750553e-01,5.440686242570362818e-01,3.384844880578068427e-01,9.321280672495628750e-01,9.448273547923555782e-01,4.470922800667748720e-01,5.212151476954020035e-01,6.194185858541656486e-01,-1.857213960460892543e-01,5.405660247825645470e-01,5.531117084208668766e-01,4.577424707542708804e-01,6.932441552582471189e-01,5.804999694947637900e-01,7.921091236733170948e-01,7.571981620066876584e-01,3.160320932508473013e-01,6.381309652062021609e-01,4.510935112356993515e-01,6.719417233948354884e-01,5.263990539334558738e-01,7.516375886267246953e-01,8.386084474565855817e-01,4.461956919444178271e-01,7.335342498651935550e-01,7.585115259834076529e-01,4.429304518856476691e-01,2.715165984268011479e-01,7.577346143125234246e-01,5.667755619813255041e-01,4.822054605854746434e-01,7.228868707316675746e-01,9.363503462317674941e-01,3.082635266618229397e-01,2.486827825508227119e-01,5.842695553888016535e-01,6.860226146962701277e-01,-3.835067522939965556e-01,-4.541379506037915292e-02,7.612680695700957401e-01,2.553586173148529870e-01,5.469837656470474263e-01,9.324820415811142515e-01,2.890132594792426124e-01,3.385338552902485421e-01,7.747257381400203258e-01,9.960235078468289149e-01,8.338682649873560004e-01,3.592927537142097116e-01,6.871037725987959588e-01
-7.241354445452988231e-02,7.315056820238818869e-01,8.628911187185348552e-01,8.932158750507022960e-02,6.042658010318365802e-01,8.193474933837754381e-01,4.842603438569905716e-01,3.372474403235165008e-01,5.206963691167338926e-01,6.276864721533387259e-01,2.378702220738712347e-01,5.933428434218035452e-01,7.005217263349808876e-01,5.175723527939807278e-01,3.068542227642635511e-01,0.000000000000000000e+00,8.577232374632697276e-01,8.690671201535089541e-01,7.904451646742826076e-01,4.827784359673021886e-01,4.152516167645098344e-01,3.973956875204387451e-01,7.230635662940171349e-01,2.682494460955497928e-01,7.106346413354249769e-01,7.622012027034088533e-01,5.450045068804938442e-01,6.035266718018459375e-01,4.700072717955964818e-01,2.712228322686550674e-01,1.034161890027016084e-01,7.469934725448288404e-01,3.088787876266582133e-01,8.843576922838081167e-01,6.535410269878475509e-01,3.093848118156773408e-01,4.593988166943647200e-01,6.984955775826610924e-02,8.586200301597298745e-01,8.550494840643760863e-01,1.282102171206513097e-01,7.907309812510074920e-01,9.413517882538996462e-01,7.183318589608830296e-01,2.067619290912041941e-01,5.657507645653968575e-01,2.204298470263742760e-01,-1.152191354978862603e-01,6.677373298937756552e-01,5.369996988647162128e-01,5.429281581101030874e-01,4.158751865562291261e-01,4.793806024756150919e-01,5.797650714214469536e-01,9.299194330573521405e-01,6.103959453137435265e-01,3.221373844111229401e-01,7.796773948073767446e-01,2.319558281788062226e-01,2.947009166698719707e-01,1.821800813146142728e-01,6.307777710913805569e-01,2.056009732006837121e-01,9.062218220284689041e-01,9.992204828111017623e-01,2.335489859019083403e-01,6.561840991777250220e-01,4.659205866640559468e-01,4.887256469610036236e-01,2.924660722210565278e-01,5.601531208236751880e-01,9.459539983714766453e-01,7.148987151157017994e-01,4.523071464139004627e-01,7.146921176182654545e-01,3.189419119748872905e-02,4.471402312755155539e-01,4.114649602565765285e-01,6.156445265184741222e-01,5.070491881097468623e-01,4.002914190861918686e-01,7.485491011522897864e-01,8.980348450886487255e-01,4.800059420969569612e-01,7.945062864379600631e-01
6.745250109185104703e-01,8.251039580441493770e-01,8.092138372732825546e-01,5.514348089671812225e-01,5.364575421487983720e-01,5.192635686721540633e-01,6.222349504330755288e-01,7.481383810032674608e-01,9.629126002301621190e-01,5.202197506503296598e-01,2.611557425470030780e-01,6.841110616502102948e-01,6.967223133948247105e-01,7.910400909664683233e-01,7.044990611533420433e-01,8.577232374632697276e-01,0.000000000000000000e+00,8.493499366076454615e-01,7.705708436216753832e-01,6.764198003402335235e-01,6.876461619021514426e-01,9.893935216720743941e-01,7.727099499223133439e-01,4.623615806079371948e-01,7.042904522675089707e-01,9.085006132356796549e-01,8.092272688604201791e-01,6.313973209734652370e-01,4.439575919963883455e-01,5.825791534388133908e-01,3.623243528672391855e-01,8.448599279099595627e-01,9.440970257536202004e-01,7.636147170306876175e-01,8.552394741785729337e-01,6.890054834007924844e-01,3.480865331540753393e-01,7.411401821628158526e-01,9.925159024872380886e-01,4.315047877438161206e-01,5.271656589725821629e-01,9.891112558264227861e-01,9.580241656434900221e-01,8.546995959616254801e-01,6.106620156541697764e-01,7.803069324415204955e-01,4.698218182511567087e-01,4.467100966865064082e-01,7.063492902932845263e-01,4.926172212971943187e-01,6.831580375525713178e-01,8.849366402231660933e-01,9.166708453711162052e-01,6.609626954228589035e-01,5.527704894356738619e-01,5.059478088093809917e-02,7.372616696325087204e-01,7.557381856724343372e-01,8.677135118282366388e-01,6.608480265375722418e-01,4.312228952898220502e-01,7.875173117055751515e-01,7.153439147662981057e-01,2.344146117835051446e-01,7.429096693150989417e-01,8.415243809576737899e-01,8.904639469483576208e-01,7.881009281788313725e-01,1.931334161163596463e-01,6.678911938484910493e-01,6.532484926800893321e-01,6.959076168977769150e-01,2.049628777125973023e-01,3.315001670970860737e-01,6.432957793793960821e-01,7.146142319484430905e-01,7.620415272954892405e-01,6.516530709902459417e-01,5.532268163586853138e-01,2.078158501103740119e-01,2.058828712858932763e-01,7.000079382309973841e-01,5.049917034248881942e-01,6.166498500817558792e-01,7.395789229352358607e-01
5.031955172401788579e-01,3.379719768236060656e-02,9.086008700237816482e-01,5.995817295561334248e-01,7.555203580851054257e-01,5.602973990464307219e-01,4.011906233568696689e-01,4.893596696988996575e-01,4.864701236936794237e-01,7.627938281872745918e-01,5.843199875073700200e-01,6.210746342193848024e-01,1.278026886701511822e-01,5.809328329887727405e-01,6.715287567586243345e-01,8.690671201535089541e-01,8.493499366076454615e-01,0.000000000000000000e+00,6.970447466027415162e-01,6.492914467865626982e-01,2.028809387436229517e-01,5.465714301436106481e-01,6.551625053514592567e-01,3.142020619368909862e-01,5.497195708613591414e-01,5.131837259969687093e-01,5.658021668154198380e-01,5.662759970096276074e-01,4.964394169066433382e-01,2.794684117709685944e-01,3.795566587836056716e-01,4.933350402253613431e-01,2.301956672756090283e-01,6.187343121078594521e-01,7.077366816889636425e-01,5.311361997061961882e-01,3.091259550912652254e-01,4.880782097475285242e-01,8.079439700093103971e-01,6.977425105147573303e-01,3.209530148385414949e-01,7.820519251263056137e-01,6.047915626985638227e-01,5.005810816117048923e-01,6.043218358895537934e-01,6.760712450589642097e-01,6.471282437883038030e-01,4.332536415136813424e-01,7.320069697805327014e-01,5.751002695617415394e-01,8.056784325365806687e-01,7.581683822441639409e-01,8.449672859178727347e-01,6.927114204453231894e-01,6.469770467345414833e-01,5.757091541670005252e-01,7.080389442730510297e-01,4.305847023425245501e-01,4.880549183635244370e-01,4.022989875943761007e-01,3.766024612502416927e-04,7.062578128197615213e-01,4.187024315476591263e-01,8.600392209972234081e-01,7.741365224123814004e-01,4.672273630956971791e-01,4.359496477862864205e-01,6.524345832482716379e-01,2.437426217315766808e-01,4.891999360019513854e-01,9.773239120638412825e-01,5.922147027127369068e-01,6.304791410951537944e-02,5.093301398472904751e-01,2.280616847023991256e-01,7.749672262301601222e-01,6.862951759046098665e-01,8.867810419118909993e-01,3.666536177487781378e-01,2.773361223065805015e-01,4.866584873952684021e-01,4.943016615551361626e-01,3.116355912042879095e-01,2.751208650173169179e-01,9.938320229922614768e-01
