0.000000000000000000e+00,9.183013019841380631e-01,9.086185760260732103e-01,9.558260271578145062e-01,5.768488505184402593e-01,6.558630904772851933e-01,7.376237185627982917e-01,6.967375760701681742e-01,9.207483296996646915e-01,6.875755916935365475e-01,9.398176097895964975e-01,7.816176770241025640e-01,4.691416514880892841e-01,7.652313224695398430e-01,2.219836700270849394e-01,7.864008272559909196e-01,7.331296241855982387e-01,7.258725337908331632e-01,7.366660426168819553e-01,1.404037910586208859e-02,5.298842941525575001e-02,6.958893900155592727e-01,6.449470697950088205e-01,6.053079098048687046e-01,8.025390132640235485e-01,2.461518420357346471e-01,2.644915248763121673e-01,8.862108582386112321e-01,4.301287005387751661e-01,3.771465775277508814e-01,3.317813090382618069e-01,7.258923390802162201e-01,4.900617027764633260e-01,6.818275614574395016e-01,8.719244300027566563e-01,5.622687691842844782e-01,2.852261607876482308e-01,5.130628619925211575e-01,7.898802585707774826e-01,8.802045057337646305e-01,5.742402052275120683e-01,7.681978696031697140e-01,9.583645129203318680e-01,7.449169572786809024e-01,7.563465370619492090e-01,2.127699028466715769e-01,8.135931667761093777e-01,7.621737207711152262e-01,6.035594555573362552e-01,9.829244446167464400e-01,8.881012025344152683e-01,8.327019519063225683e-01,8.257473475654739659e-01,8.907058540313418371e-01,7.920923999790945302e-01,1.644339458150330113e-01,2.094743699650271629e-01,6.997451929309126406e-01,6.856792685394711429e-01,7.611913465844430959e-01,4.163970728433895596e-01,9.240926688977920689e-01,6.777275989623756658e-01,3.283541576940376960e-01,6.020892144584563122e-01,8.399632890257952011e-01,6.240488953699526720e-01,8.311658847670115868e-01,7.020768224192653895e-01,7.202798903361515848e-01,7.169795691959025552e-01,6.203263319613422366e-01,2.317495440545573326e-01,1.582163153319643689e-01,3.868821269936938423e-01,3.554897710628011076e-01,7.029537261932821135e-01,9.659717558055550546e-01,7.408001857122081812e-01,2.110593860421213497e-01,8.092139557604177691e-01,9.198330034500378227e-01,6.823103879127945248e-01,4.464535074938092429e-01,9.555087379440645456e-01
9.183013019841380631e-01,0.000000000000000000e+00,8.825230440640658980e-01,6.362215164383906441e-01,9.357037191808060816e-01,7.038123079562936812e-01,2.495607893226470600e-03,2.523234871114329314e-01,1.145647971664739001e-01,4.037703924660291377e-01,7.095014490243364280e-01,9.419619877049898449e-01,5.665851408960717039e-01,7.267359552247686372e-01,6.908684359041163958e-01,6.755835813503674459e-01,8.336423059222533016e-01,4.190306554023477403e-01,8.832195097534115691e-01,4.351307876315634315e-01,9.877066091944212145e-01,9.522018736483098267e-02,8.333599451997043550e-01,5.142523868417849808e-01,6.755713216742773586e-01,3.130292574708763431e-01,9.440099886312275368e-01,5.724828920877715888e-01,3.932316016846989504e-01,2.739453789549545770e-01,6.196820856356922702e-01,2.490409555531274133e-01,8.569699225029763223e-01,8.604359528502001364e-01,6.834453203528702003e-01,4.463656087797836514e-01,5.855293965689214453e-01,6.178003822018501845e-01,6.618622249001181457e-01,6.133567157242088008e-01,2.496232917044432786e-01,7.940161968072065868e-01,9.428751054666979492e-01,7.718359403810121089e-01,8.800694210334697454e-01,7.886822185224122705e-01,7.903442208901740873e-01,3.779748849909024266e-01,7.444750623015412572e-01,5.361645281681806097e-01,2.481628849337256804e-01,7.465176427001498638e-01,3.071447966495441384e-01,7.979724930231564262e-01,9.427742817951548782e-01,4.424800933503770239e-01,6.665349895826456761e-01,8.024807133051738983e-01,6.827516995020336266e-01,2.874507099790719056e-01,3.426085700090552022e-01,3.498446260438976552e-01,8.941289122790424537e-01,8.187177269653599376e-01,8.533754089426556222e-01,8.567966557068651401e-01,8.735392504378003409e-01,6.291563221694975727e-01,3.529821778511385011e-01,6.134654837822484108e-01,5.404406814292628258e-01,6.451981157444914849e-01,6.874730579630811134e-01,2.427226452676984336e-01,4.591387085641629451e-01,4.429917688024292421e-01,6.665413103625204005e-01,7.222414501253509034e-01,2.233367789822201521e-01,5.605709802045963919e-01,-1.101091011886159987e-02,7.985749459706034115e-01,6.540967830049861931e-01,2.216637462905882983e-01,8.528350829314618187e-01
9.086185760260732103e-01,8.825230440640658980e-01,0.000000000000000000e+00,7.898102607762886862e-01,1.490492388468077356e-01,8.132469748682644717e-01,8.740454854880901348e-01,4.742338276341351300e-02,7.962612324812448072e-01,9.478702661731142065e-01,9.776537947372057058e-01,9.757212765207770033e-01,6.240671956298344814e-01,9.675226788060689032e-01,8.214633645640407877e-01,2.403416102441289504e-01,6.666918210951259249e-01,7.225558990488940569e-01,7.585112136640629332e-01,4.786763847495849600e-01,7.117994932212549919e-02,6.862244617599948526e-01,5.143634061800823609e-01,9.115869679532833114e-01,8.971630392288666433e-01,6.298299596174236070e-01,6.880998165354358376e-01,9.298655204686555598e-01,4.453782359298752436e-01,5.735762878234735851e-01,3.949492167980930279e-01,-1.484282134229517047e-02,5.430212565946979097e-01,6.336178748005474315e-01,9.619167422923304844e-01,5.422084562371344285e-01,1.384811089069326873e-01,9.650135701276045808e-01,4.835051653715454201e-01,1.246451964433863482e-02,4.449536603476455521e-01,6.722154524240346873e-01,4.403942911503085922e-01,8.931409596085067015e-01,3.551102438633037955e-02,5.023021353502504782e-01,6.372123443828575651e-01,9.119116986295286997e-01,2.791895213732849268e-02,4.640126949464709050e-01,7.863390240387535535e-01,9.727480652936212335e-01,6.622305899527145545e-01,9.497637419412509052e-01,5.306045494705118326e-01,9.384682441763623206e-01,6.127114133450833888e-01,2.728976665136647606e-01,9.570937138624098228e-01,4.528747358156620662e-01,1.992715366593414694e-01,6.910540396412190312e-01,7.653575179151309582e-01,5.471695898412215486e-01,4.559432966247016772e-01,3.081344029227082726e-01,7.070365103356992531e-01,7.056980503221766954e-01,5.230287343695345648e-01,8.279766828823360569e-01,8.365009880248439611e-01,6.027351228181113685e-01,2.870563329609318037e-01,3.299066011487762351e-01,8.596774108249196633e-01,7.873251368413084483e-01,6.301229882146625050e-01,8.090626147369976984e-01,6.795391272590139975e-01,4.733776124552203646e-01,6.212833952858617392e-01,9.323202225753488559e-01,6.628209110364624568e-01,5.914222704048570645e-01,9.648742502550349265e-01
9.558260271578145062e-01,6.362215164383906441e-01,7.898102607762886862e-01,0.000000000000000000e+00,7.305147610528313074e-01,8.472045347354728584e-01,3.356009225800333784e-01,9.204409995748230600e-02,7.490981139949551837e-01,7.825671047339001207e-01,5.586423153293498256e-01,6.845444957968586097e-01,4.584175889869241405e-01,8.865913784974684964e-01,9.356590196142275939e-01,9.098488322824671570e-01,4.546380973656564684e-01,9.106705445731640980e-01,6.405878401413970247e-01,5.969580411093464711e-01,8.841452386154050602e-01,7.664664229343339796e-01,5.053534790099725171e-01,6.472683836086255971e-01,7.654807703662620533e-01,4.987950345846573486e-01,4.575549019600409495e-01,3.286460836766885718e-01,7.469371072477004603e-02,6.621281745603746841e-03,4.256998958848641490e-02,4.381141239285892275e-01,6.220788616624399747e-01,2.012779300632114854e-01,9.392385591733245498e-01,2.842022029321191190e-01,4.441125574961230504e-01,7.670994548041742966e-01,8.499525419840131546e-01,6.131680790472850973e-01,6.550992461025904046e-01,6.126934171758063874e-01,2.552694042725219825e-01,6.843594888655888386e-01,3.977196488778196315e-01,7.284728079862181627e-01,5.618981813900280065e-01,8.079143887156913229e-01,6.015773329476994391e-01,7.845868243687508237e-01,6.355653734724799886e-01,6.799273236173898338e-01,5.120005445055958448e-01,8.211280865761878545e-01,8.494492761898611022e-01,9.711621405280841390e-01,7.892281837679651080e-01,4.464220705341223616e-01,3.189692731593742892e-01,3.576593181471793281e-01,4.236079528846277142e-01,8.019326790180369979e-01,7.095489416951238359e-01,5.604734648197973179e-01,2.943087259288538760e-01,5.061346408943686592e-01,5.628870059011243931e-01,5.254479858211213994e-01,6.287876927365373403e-01,7.182058827344368623e-01,7.244401262676820608e-01,8.917111967064906830e-01,7.732915276380857295e-01,2.113057506880588465e-01,4.117265983752036451e-01,5.371696340315348372e-01,4.563640703446730784e-01,1.231983186337881481e-01,6.886855183677988990e-01,5.765844672259556880e-01,7.038469716823301248e-01,2.258749972812930940e-01,2.622108217299012334e-01,4.084414480117990465e-01,4.579373743586086509e-01
5.768488505184402593e-01,9.357037191808060816e-01,1.490492388468077356e-01,7.305147610528313074e-01,0.000000000000000000e+00,5.433990945962903496e-02,5.591264750744249223e-01,7.824068352178890073e-01,3.871137810633000775e-01,6.625363909930180872e-01,5.697853916919484174e-01,5.557117363981531888e-01,4.168308363977148989e-01,7.962280839885532702e-02,5.597205083080332433e-02,8.617032337213156312e-01,5.002094520620489204e-01,7.753167641994583859e-01,6.392255860915014853e-01,5.491884339364140333e-01,5.735694757254905518e-01,1.802341689880705144e-01,6.655777759806683624e-01,7.836519515206281650e-01,4.279574245352731343e-01,6.272567294448887498e-01,8.371829189219232026e-01,6.990430262244782256e-01,3.287133457650224244e-01,2.774809622338172410e-01,6.718357471298463945e-02,2.607568641488415898e-02,6.859378356773423446e-01,5.056812589068079289e-01,4.749863490070339034e-01,7.635700847797695090e-01,5.902628594515266919e-02,5.761485700017867639e-01,5.143330363105145242e-01,6.735333121700493031e-01,1.668162329114132314e-01,4.388067136378975830e-01,7.118325989076148552e-01,3.203607171296083411e-01,4.339388619536793668e-01,8.910124851981685579e-01,7.324627201611306759e-01,9.389856390208852766e-01,4.618155336526458821e-01,1.248977546768132441e-01,6.240090115031626805e-01,5.565509072777230504e-01,7.017399610610700611e-01,7.726015648344779496e-01,2.030671652681069195e-01,7.183832748258194290e-01,5.665001297813412329e-01,9.324125057787115978e-01,7.629545683291854008e-01,1.331695767699465904e-01,5.681332790769740848e-01,7.264442771826049583e-01,3.436060626488314229e-01,5.943648366133564842e-01,5.193941446677817764e-01,5.188960552941408455e-01,8.020445072191755287e-01,6.651481905739887734e-01,4.574076824050269940e-01,2.369435294492938937e-01,7.852676585313834723e-01,4.757338908337585548e-01,1.830389222046392983e-01,4.938016698287683859e-01,1.250191886412727327e-01,6.179040145544070217e-01,7.993156618827451654e-01,6.322577221824643434e-01,7.354157348432340813e-01,4.396687902677585136e-01,2.573243794285393626e-01,8.763285485009150166e-01,2.454891662235576810e-02,2.864553813080334965e-01,7.328706417759343061e-01
6.558630904772851933e-01,7.038123079562936812e-01,8.132469748682644717e-01,8.472045347354728584e-01,5.433990945962903496e-02,0.000000000000000000e+00,3.198362981758501866e-01,5.692067189373966052e-01,3.654081816815260009e-01,6.911450886126287996e-01,6.761620153260982091e-01,2.921368859842169985e-01,8.554867049395105116e-01,7.224003987059998133e-01,6.612748408836128799e-01,6.896501250175463005e-01,6.353720972718466253e-01,9.024634632486002728e-01,4.082086442446037355e-01,4.869097050039206120e-01,5.397278143880218648e-01,6.474591962436040404e-01,1.745048140722845753e-01,6.429001288884492737e-01,1.706464665049348961e-01,7.927493780671077683e-01,9.129735716749568519e-01,4.052398998850097467e-01,2.463566258876092596e-01,7.741147699156898376e-01,2.160611682153855406e-01,4.401694732461723381e-01,8.020254438832251642e-01,5.150486843408103033e-01,7.720689010515381367e-01,6.528970182391229393e-01,4.347203638277338800e-01,2.585232360077032165e-01,4.086412404109397434e-01,4.835826340053405725e-01,2.109177126812715186e-01,6.081202736687730814e-01,6.456968121143126238e-01,8.495948586815658121e-01,4.600000823486306567e-01,6.580926956926288485e-01,9.586764450922202752e-01,7.011159789638630180e-01,6.382734170929617035e-01,1.159203080460748381e-01,8.455333832297471375e-01,6.525351777907845152e-01,7.898869847749487860e-01,9.280200572104621015e-01,6.060668752532875070e-01,4.540370913160903799e-01,7.070249938668481116e-02,7.021475792471533195e-01,8.095137554260686263e-01,6.941127074911668249e-01,7.832425392457588176e-01,2.430300615477824777e-01,7.898445729997052300e-01,8.440913652756573127e-01,5.934155233570290733e-01,8.915304845978281323e-01,8.577015847311582064e-01,6.320429181176192568e-01,3.633415328372715525e-01,7.955290373594952058e-01,6.577105780814564984e-01,4.684735767912788229e-01,3.866877775612238000e-01,5.394933985988163982e-01,4.818544596345167852e-01,5.028835971675773564e-01,9.295725944349497727e-01,4.291282126853768752e-01,4.784346394202871888e-01,4.190439584735098921e-01,5.183114076098608303e-01,6.640180747165449482e-01,5.599337386135943007e-01,1.452167654360549953e-01,4.593703126374182877e-01
7.376237185627982917e-01,2.495607893226470600e-03,8.740454854880901348e-01,3.356009225800333784e-01,5.591264750744249223e-01,3.198362981758501866e-01,0.000000000000000000e+00,6.715197168931498206e-01,3.396045009897183942e-01,4.950310311138380603e-01,6.092359355296208534e-01,-2.322836485759846026e-01,4.582495730629763675e-01,4.722354566966638911e-01,6.255087923435154185e-01,5.850722668579423358e-01,6.795292031206074945e-01,7.777245633110703160e-01,3.309103803707340030e-01,7.211152369416109487e-01,5.700151112698964573e-01,3.774515212694336541e-01,3.917787810147409511e-01,6.809923190891774558e-01,6.170362495786787527e-01,5.369006250074045417e-01,7.524856669615087590e-01,6.679519247908117796e-01,4.118356723918217832e-02,6.422477457426035707e-01,4.119111844271110545e-01,6.247394355923339138e-01,5.710962874757822272e-01,7.494790485476376940e-01,4.112979294698635435e-01,6.221535505435248359e-01,6.067176077197642542e-02,2.069681556185366256e-01,6.135869125880127894e-01,7.441203806098053430e-01,5.167924359281658164e-01,1.615914181629771462e-01,9.772835009140647955e-01,5.923278722387792516e-01,9.191326852242316381e-01,7.433686561380320468e-01,5.261807313932898023e-01,7.041456181710625817e-01,4.088279338260089601e-01,7.220239606053425740e-01,6.022645149239755913e-01,3.485792306816462016e-01,7.225031472336175264e-01,2.999123828948669912e-01,6.906379441109536943e-01,5.746772670572009023e-01,1.671920527280934543e-01,3.865842646998754462e-02,7.034932542334283445e-01,9.985341960807472828e-02,1.622463684466377704e-02,5.272474042751339462e-01,2.131371363305622213e-01,7.610638083964225142e-01,2.238239083325904155e-01,6.214494351250160475e-01,4.933678625197894241e-01,7.958093628957005894e-01,6.937045472019599535e-01,4.807746414136855884e-01,5.073105793288170684e-01,4.248312795440609690e-01,3.387028228179863598e-01,3.433026114907753584e-02,6.519459028855871807e-01,3.776979109151508140e-01,4.789565907115134746e-01,3.727098227047658252e-01,6.624926117081093579e-01,7.974039277862108310e-01,1.924009097417868352e-01,5.090093143868451575e-01,6.162133365932591644e-01,1.489024774720156541e-01,4.430836992139013941e-01
6.967375760701681742e-01,2.523234871114329314e-01,4.742338276341351300e-02,9.204409995748230600e-02,7.824068352178890073e-01,5.692067189373966052e-01,6.715197168931498206e-01,0.000000000000000000e+00,9.969074257619975343e-01,-9.305756909663048804e-02,5.120325679285339104e-01,3.366380178229811948e-01,7.134904984822878493e-01,7.284561084105625195e-01,7.483428840049253239e-01,5.111258745408969739e-01,5.619027374891448767e-01,7.743677493374531151e-01,4.617977213828369232e-01,6.110112707132289156e-01,2.620363700679124719e-01,2.790607362719549345e-01,2.358441042653940944e-01,9.091661384309553950e-01,5.578109211478283758e-01,7.981053827598885153e-01,2.670915565947414860e-01,7.090826434966908121e-01,4.903060645239760151e-01,5.635534146236493847e-01,2.403922721008934782e-01,5.684612865509076629e-01,4.150153617484623192e-01,5.407680894250845860e-01,6.581341041856522134e-01,3.398161208727710769e-01,5.234808646526503129e-01,6.134488015264574212e-01,8.875294801357186403e-01,4.994872403484505452e-01,4.844950022202839102e-01,3.747477721431730080e-01,5.275635071635486062e-01,7.101236562536598906e-02,9.316261722851131299e-01,5.861161427269014901e-01,3.783460132755446792e-01,6.910657596299061289e-01,3.852509613437331559e-01,9.453300960681438880e-01,4.556944620217905362e-01,3.827717531892391722e-01,7.457876815182451491e-01,1.831548195840009344e-02,9.534656645090040517e-01,8.888081298950409881e-01,5.584041479332145785e-01,4.165427443204393065e-01,6.793756110582032104e-01,5.500493535656931776e-01,6.372656354037206095e-01,7.451572146017721998e-01,6.627993614532109445e-01,7.478752155447222494e-01,5.716878107069587323e-01,6.464167805031464376e-01,-6.343507311718202257e-02,7.437633921123116831e-01,2.542994107742229670e-01,5.153275729106717717e-01,4.504818778389171885e-01,5.446158823130097248e-01,5.633251009055825209e-01,4.562094564884791592e-01,4.626016748740450768e-01,3.410260954058599303e-01,5.262270418654001469e-01,4.261829461261081864e-01,6.708926600771574211e-01,-5.103388483401352649e-02,1.033864598943997626e-01,9.075392141995330952e-01,9.489931379177962700e-01,3.020924818323204586e-01,5.887925535948993483e-01
9.207483296996646915e-01,1.145647971664739001e-01,7.962612324812448072e-01,7.490981139949551837e-01,3.871137810633000775e-01,3.654081816815260009e-01,3.396045009897183942e-01,9.969074257619975343e-01,0.000000000000000000e+00,1.476979579756414751e-01,4.334549338578208011e-01,5.740279690801289858e-01,8.053659766336142001e-01,6.949763796924330883e-01,1.520542508163230111e-01,6.497790400792393672e-01,8.972710373587444721e-01,5.309488990209285664e-01,6.915556671685917367e-01,7.729040847036681150e-01,6.071842728326563021e-01,5.379290589828606972e-01,5.279692444364963988e-01,7.364742329290880907e-01,7.230847333303015434e-01,9.146844498199320217e-01,6.770075587605713929e-01,6.002654571085189739e-01,6.591757931584107943e-01,3.055075317771840937e-01,7.456540689916645037e-02,5.095669095507003865e-01,7.437617445967130703e-01,5.404923209938803375e-01,9.156619147849108797e-01,2.726804319781735431e-01,3.854836208842073453e-01,5.552484303955447231e-01,7.612733926319621425e-01,4.111145376465343837e-01,7.491153609068212926e-01,2.275667067533748977e-01,6.900255694306136611e-01,9.772762849878090519e-01,8.072015601889075409e-01,6.156401292144783044e-01,7.901575953287874876e-01,7.550305745873012730e-01,6.763108672123623322e-01,8.238855980772121779e-01,7.997591635726406523e-01,4.567840809315743544e-01,4.222784624162557177e-01,5.214224125711701685e-01,7.817233724915813031e-01,4.883962066356902776e-01,6.931254970586280262e-01,-3.226228332452130143e-02,8.851337232739292515e-01,2.636230268868638982e-01,3.525238130804031478e-01,5.623546941244038644e-01,5.322350396787212112e-01,8.302450010585022966e-01,6.992644418247095928e-01,5.334908825960003043e-01,4.619613903524970588e-01,5.737760069516925077e-01,7.395880708174648044e-01,1.122712592570415807e-01,6.179059390079265635e-01,4.322377258950239609e-01,7.962326338475929077e-01,4.081824028343784549e-01,4.505093152790692890e-01,6.783830037153512071e-01,5.491376570247146205e-01,4.790907670659843021e-01,2.121513081395552947e-01,3.142981266218253800e-01,1.044104695386677134e-01,6.446750687380368161e-01,6.852462327216539695e-01,2.787252927540344594e-01,6.995882583539447808e-01
6.875755916935365475e-01,4.037703924660291377e-01,9.478702661731142065e-01,7.825671047339001207e-01,6.625363909930180872e-01,6.911450886126287996e-01,4.950310311138380603e-01,-9.305756909663048804e-02,1.476979579756414751e-01,0.000000000000000000e+00,6.652157815997572499e-01,5.736696900968976109e-01,5.475424577833750694e-01,5.732618990772160306e-01,5.309112997499492170e-01,-3.485805426321187395e-01,7.928768006920894340e-01,6.483263832680909999e-01,6.852748675046490545e-01,6.146369298113536495e-01,4.537682219369140735e-01,5.227817424939299462e-01,4.220383769291972120e-01,7.104522914932298594e-01,7.218289578166481833e-03,4.263104465738209448e-01,7.137837656669914210e-01,7.163914520651376572e-01,5.631618754971280394e-01,5.935166895290184819e-01,6.038692228081720126e-01,6.813086724318364595e-01,2.944740444153154946e-01,7.980812600191585782e-01,6.720358878961265603e-01,3.937827521812504727e-01,8.927226651096108190e-02,2.486824108270420663e-01,7.156665552649986717e-01,7.557775185903501391e-01,4.380031338386915496e-01,6.539719806288937232e-01,4.639063113912891834e-01,9.788984161715017507e-01,7.959164310351711791e-01,6.817617275312822800e-01,7.540770662431229843e-01,3.259585966398164669e-01,5.913896367980115976e-01,8.155713537932766100e-01,5.644803508365200395e-01,4.186095266751596600e-01,6.790046939044650509e-01,3.240034067457425171e-01,6.847484118978464096e-01,7.536999429130651906e-01,5.064488164287463956e-01,3.696231067347189869e-01,7.021372098401182926e-01,5.818891257026881370e-01,3.465981361158427809e-01,6.939267859148826600e-01,6.747441038518101619e-01,6.618448584930928247e-01,9.058866348254859258e-01,4.060149598915092639e-01,5.370330975268369222e-01,5.208394804909197706e-01,3.273666129335917052e-01,9.658483131011894596e-01,6.661838895363948465e-01,4.993062006068582637e-01,2.907555580990799360e-01,-1.176001435597879147e-01,3.400974212099227567e-01,4.036931666835539834e-01,6.491469832018378350e-01,3.304504762906715354e-01,-2.750436820686405492e-02,3.911964596958927842e-01,6.699209010538907938e-01,8.093440392712208942e-01,4.866086329268342059e-01,2.617611462401732703e-01,6.918677164050986983e-01
9.398176097895964975e-01,7.095014490243364280e-01,9.776537947372057058e-01,5.586423153293498256e-01,5.697853916919484174e-01,6.761620153260982091e-01,6.092359355296208534e-01,5.120325679285339104e-01,4.334549338578208011e-01,6.652157815997572499e-01,0.000000000000000000e+00,9.039121199977612209e-01,7.877162418932805998e-01,4.771627006154980366e-01,6.896977984151784202e-01,2.595200172823076690e-01,3.386526855573754324e-01,3.570106705960095494e-01,1.920981041918068954e-01,8.270452955589826516e-01,8.906182017046548882e-01,4.343183854273828248e-01,2.080726992536591491e-01,6.392426557917307850e-01,6.698302847717234609e-01,8.088621672044821187e-01,7.206013193182654319e-01,6.519360970716995274e-01,6.844588329319009068e-01,2.458098036465123648e-01,6.047805385316503690e-01,7.574122561558402911e-01,4.355851932651060299e-01,1.463306739014815228e-01,4.250717830653050200e-01,5.949792313470243510e-01,3.330412164499549355e-01,7.201784782164923904e-01,8.156443918417377592e-01,9.763433745110994266e-01,3.595953803699202256e-01,4.167367200177521935e-01,6.988587192015901506e-01,1.177845217074729861e-01,3.439228159008282937e-01,8.793176580371296902e-01,7.555799516363430612e-01,5.415202749767349388e-01,6.989749493644547007e-01,3.255223658644965101e-01,5.893386797291515489e-01,5.119571256010632121e-01,6.195335124813834415e-01,7.805962937809216573e-01,6.405497485532106738e-01,8.217443568008894195e-01,4.626094274780622739e-01,1.811029524939956614e-01,9.953986951187354659e-01,5.692504773406146246e-01,5.188967624448318494e-01,5.830968765927413422e-01,5.465557123014876950e-01,8.274962393323000986e-01,6.899869721124730626e-01,5.446804857257087074e-01,4.918969238278163014e-01,7.863236371385317058e-01,7.262713795679731632e-01,9.793756141260245851e-01,8.185590628701896465e-01,7.063893164958887638e-01,-1.046826563396302950e-01,2.623709983476930074e-01,1.268296191658229988e-01,6.338504688822160782e-01,6.240678136606364612e-01,2.565964253750504520e-01,-1.462294082576326426e-01,6.032548400706834180e-01,4.906258755177560493e-01,3.944588246534557197e-01,5.563910993394144411e-01,6.380086153548966132e-01,3.057939492178781138e-01
7.816176770241025640e-01,9.419619877049898449e-01,9.757212765207770033e-01,6.845444957968586097e-01,5.557117363981531888e-01,2.921368859842169985e-01,-2.322836485759846026e-01,3.366380178229811948e-01,5.740279690801289858e-01,5.736696900968976109e-01,9.039121199977612209e-01,0.000000000000000000e+00,4.970037725285941788e-01,6.833850654082070930e-01,7.104224420198309575e-01,7.768461567697553249e-01,5.540082397665674341e-01,4.409577151227437875e-01,5.178651035538739400e-01,6.887080419083850824e-01,1.326869111241550936e-01,4.847436485541842810e-01,7.161984582453244652e-01,9.252881032564063135e-01,6.478294478226934716e-01,7.027726506131627415e-01,5.214706884059699954e-01,7.537480389267625647e-01,4.029089930218488491e-01,2.747570092277382692e-01,3.552038752346771688e-01,3.588282988054358746e-01,7.337615470319011068e-01,7.649807830215881177e-01,6.634656812026658024e-01,4.138826893177161570e-01,5.444117569708420978e-01,6.063573937204121966e-01,5.236347609357628885e-01,7.157163876305807637e-01,2.671331152479584636e-01,4.030053611517668277e-01,6.349865675632081485e-01,1.978130451247392674e-01,3.882507797733526500e-01,2.253873641680901596e-01,7.561801646453155668e-01,8.838351984788768156e-01,2.599484123316911366e-01,5.202369988168653592e-01,9.301536471280368312e-01,5.250236877137013369e-01,7.998693790198182496e-01,6.267915624003185249e-01,6.657283053607421230e-01,4.498040155837726428e-01,7.768600791509086001e-01,8.730676459781429033e-01,8.884984831271207639e-01,3.875506082844898947e-01,7.174042031524568985e-01,8.448670639630115886e-01,4.365343762646460846e-01,5.451243885194414496e-01,8.750515090811125107e-01,7.494437842981223064e-01,1.303523014886939779e-01,9.587962231908571109e-01,3.141778928767806622e-01,7.296647315548976387e-01,6.104825894979211132e-01,5.627374716995975357e-01,1.204294754635404363e-01,2.119240203403778555e-02,3.500124500272813188e-01,6.447317950780472318e-01,7.232025472106626829e-01,8.918232687450530216e-01,4.052833348152491411e-01,4.540311620475241394e-01,8.762670460810952910e-01,4.974746426829954604e-01,8.617392636385351468e-01,4.270954492165994765e-01,8.766812138615334149e-01
4.691416514880892841e-01,5.665851408960717039e-01,6.240671956298344814e-01,4.584175889869241405e-01,4.168308363977148989e-01,8.554867049395105116e-01,4.582495730629763675e-01,7.134904984822878493e-01,8.053659766336142001e-01,5.475424577833750694e-01,7.877162418932805998e-01,4.970037725285941788e-01,0.000000000000000000e+00,6.659323449967264885e-01,3.841771018141019178e-01,7.219958224345335296e-01,5.655189621125982224e-01,5.041833339343406717e-01,3.915655004430728114e-01,4.675247093765417250e-01,7.090206985730624911e-01,4.174329857458712323e-01,7.278474368088152513e-01,8.574869259400734745e-01,9.548445671511989197e-01,9.573248841693469124e-01,5.531620708063953451e-01,6.687051351429558199e-01,1.554865822429219446e-01,4.875120524904789643e-01,4.468602598157249695e-01,6.785092015117911712e-01,6.385675025865986676e-01,6.849181448427652530e-01,3.618837475278748883e-01,-9.071771994277466611e-02,2.237265437345531127e-01,8.023522099205636637e-01,3.442149547596098369e-01,6.964203601809041411e-01,4.742512619995661871e-01,8.733437482328405554e-01,9.694098939167374862e-01,4.673252412388874677e-01,8.645791617754861047e-01,6.518180855862645284e-01,7.147240306619369044e-01,6.897398422084458636e-01,5.033830915290914421e-01,9.775230158379216716e-01,9.187211663868519729e-01,8.229109334519857377e-01,5.787167636574959140e-01,5.596191290526251194e-01,6.975638394451707525e-01,6.370389477814200063e-01,7.212838917454557075e-01,6.661274725451821199e-01,4.908514633763451651e-01,4.775455386090581289e-01,7.894583491882676274e-01,5.466975393490992596e-01,7.401555822910218518e-01,8.256528544073694631e-01,7.777742456743397259e-01,9.622904505878105974e-01,9.146313472034994785e-01,5.902475582153647871e-01,7.904402128896015345e-01,8.509462146979031028e-01,4.392193977745462719e-01,7.784605909794630740e-01,7.004839749946701888e-01,2.582656511030625990e-01,7.265664011477035444e-01,6.746087646165360718e-01,8.685162000655969328e-01,5.856648743422137038e-01,1.043401446598380827e-01,2.362193045086620757e-01,7.318161251500933107e-01,5.447463888972056134e-01,9.055774366082741667e-01,-1.138232860859483830e-03,6.637362012910490439e-01
7.652313224695398430e-01,7.267359552247686372e-01,9.675226788060689032e-01,8.865913784974684964e-01,7.962280839885532702e-02,7.224003987059998133e-01,4.722354566966638911e-01,7.284561084105625195e-01,6.949763796924330883e-01,5.732618990772160306e-01,4.771627006154980366e-01,6.833850654082070930e-01,6.659323449967264885e-01,0.000000000000000000e+00,9.102562294838173473e-01,6.980150232741821892e-01,-1.212434659249000957e-03,5.800242057453306455e-01,8.073324597711808437e-01,5.582565783594711784e-01,5.497545103880302486e-01,5.797548846541857870e-01,8.406792182117271972e-01,5.739747287457572789e-01,4.402772470295392981e-01,4.045149136663612199e-01,3.898425655033357362e-01,7.029700888230757672e-01,5.362215429304467013e-02,3.482477256206472083e-01,2.618173703587048026e-02,4.456738307783877362e-01,9.386916105407618893e-01,8.216012112161966696e-01,6.468553244480218511e-01,-1.123840425492426964e-01,1.605483030105645248e-01,9.051771102769341493e-01,7.546110112526883684e-01,7.022585582513741764e-01,3.447367482242492120e-01,6.448762457493476541e-01,9.702415995906741308e-01,5.598613933283845823e-01,6.185905044140479481e-01,2.684426715266670649e-01,7.363215546421220115e-01,8.958202275533621028e-01,6.544734819318062113e-01,8.322150326041291013e-01,7.213403769707429358e-01,4.086028364800149970e-01,4.682372809429955485e-01,5.136535945052888019e-01,8.968356834759743101e-01,9.257137825559289546e-01,7.469273757920950052e-01,9.566650908242253504e-01,5.996408554788575929e-01,5.843989686644106563e-01,5.930121821851151998e-01,4.984930144679502462e-01,2.353815404796999744e-01,7.871700895512687701e-01,8.308179886223293620e-01,3.816172870490124880e-01,2.558068376249427248e-02,7.047586889174903835e-01,5.216852093025664550e-01,7.723951871420727811e-01,5.066985004035692297e-01,5.941655267556900100e-01,3.535913541506542912e-01,-1.261211358011071759e-01,7.214567544574319591e-01,6.244545649021332467e-01,8.333840896140405352e-01,7.052586124902708864e-01,7.514319950458113739e-01,2.521087436331464482e-01,4.226196245903277027e-01,7.656620701686445152e-01,7.619250940099453473e-01,3.276234893442759866e-01,8.284342919596776600e-01
2.219836700270849394e-01,6.908684359041163958e-01,8.214633645640407877e-01,9.356590196142275939e-01,5.597205083080332433e-02,6.612748408836128799e-01,6.255087923435154185e-01,7.483428840049253239e-01,1.520542508163230111e-01,5.309112997499492170e-01,6.896977984151784202e-01,7.104224420198309575e-01,3.841771018141019178e-01,9.102562294838173473e-01,0.000000000000000000e+00,7.303461930050789697e-01,3.759968064662595477e-01,5.456865853025110180e-01,6.803821286241302779e-01,6.899487672790330928e-01,8.869952289908894505e-01,5.352094161190888988e-01,6.595547030727351157e-01,6.993373975341529158e-01,4.038727245140112943e-01,7.116094731234743342e-01,4.892363054150286050e-01,9.864410900753836087e-01,6.056764351134480417e-01,4.997229518671159609e-01,9.130981248893502156e-02,5.322498232032073506e-01,3.563011751007579275e-01,7.262441807622690426e-01,3.671724104141204092e-01,2.883135032003508180e-01,4.970706745329507570e-02,-1.574676704782536074e-01,6.959413595974144329e-01,6.938541111602939404e-01,2.306674328186777145e-01,4.996826325479297171e-01,4.551617838605154232e-01,5.406082600162069873e-01,6.410395423459964714e-01,9.974625896014832627e-01,5.452004307041463660e-01,7.948947073416798847e-01,3.070824880738845519e-01,6.221548270638956879e-01,4.906093123204999240e-01,3.742148297875558249e-01,1.144726560449621511e-01,8.983613727151721351e-01,2.552452604109752832e-01,5.533407540831193350e-01,3.632189065257478422e-01,7.967184016342837571e-01,4.314139967007277754e-01,7.110260346548348265e-01,6.082952366457246018e-01,4.809222030965470962e-01,4.329062050669069128e-01,3.593519561043289623e-01,6.039422328121920591e-01,7.764730555199621520e-01,2.286362225793717173e-01,8.994041181792511441e-01,6.594240537230438015e-01,4.531200447466821046e-01,3.810168013194284997e-01,3.152060804708597952e-01,-1.200274153145691747e-03,3.453899476981073802e-01,1.483215742041487928e-01,6.168389035682979582e-01,7.652903827986444751e-01,2.513329660167746282e-01,6.903482723320135683e-01,1.756416578015650432e-01,2.936497966361093503e-01,5.426603595855695739e-01,9.279331604255616206e-01,2.822716082325029685e-01,2.974633683329246381e-01
7.864008272559909196e-01,6.755835813503674459e-01,2.403416102441289504e-01,9.098488322824671570e-01,8.617032337213156312e-01,6.896501250175463005e-01,5.850722668579423358e-01,5.111258745408969739e-01,6.497790400792393672e-01,-3.485805426321187395e-01,2.595200172823076690e-01,7.768461567697553249e-01,7.219958224345335296e-01,6.980150232741821892e-01,7.303461930050789697e-01,0.000000000000000000e+00,5.735362702966283477e-01,3.577200266652329486e-01,7.145394126356375830e-01,7.883352546464513777e-01,7.862738473884998136e-01,4.826767515874352821e-01,8.532560089579117601e-01,6.599394509284212118e-01,5.519623972178463456e-01,3.961136226701753582e-01,6.434960835849141692e-01,6.839020476196444598e-01,2.704479525110847216e-01,1.770536144030712689e-01,3.929447898605722411e-01,1.715647040854959560e-01,7.151274394851619975e-01,1.102436542895341987e-01,4.577606934183015563e-01,1.408624137028918755e-01,3.321110191239843301e-01,4.613031090442188953e-01,7.630238710705716798e-01,9.191532234441743832e-01,2.355718801797200557e-01,4.887614934321808935e-01,9.907048732458940687e-01,7.988927652490172004e-01,8.175417382180076853e-01,6.032785413473480407e-01,3.166250074706877804e-01,2.455939007157403320e-01,9.178796761544287808e-01,7.322300632465821302e-01,6.381544992029284380e-01,1.213652915583776359e-01,5.114260019978270622e-01,3.571611341292664776e-01,2.137326142275554619e-01,7.086258207372115869e-01,7.842329168662469652e-01,5.209421478412905593e-01,9.281749620135650858e-01,4.749701122001066533e-01,7.721116377782474283e-01,8.213904589912988108e-01,7.831037019876777028e-02,5.105338497008194976e-01,8.577223673129148462e-01,2.871666277958536129e-01,7.087942401947021631e-01,9.346745302662359256e-01,5.772922824924673346e-01,1.256712299308345437e-01,6.767533701655394918e-01,4.916803365341049226e-01,5.133377837895140017e-01,2.183411125188473856e-01,7.890458816245227158e-01,9.201753388762552444e-01,6.468189055936227616e-01,7.849941603737216056e-01,5.186143259389834892e-01,1.161453794941027379e-01,2.160652114294450976e-01,8.833717841955683880e-01,3.081703516002285426e-01,-2.201639138644379823e-01,3.030133220087552481e-01
7.331296241855982387e-01,8.336423059222533016e-01,6.666918210951259249e-01,4.546380973656564684e-01,5.002094520620489204e-01,6.353720972718466253e-01,6.795292031206074945e-01,5.619027374891448767e-01,8.972710373587444721e-01,7.928768006920894340e-01,3.386526855573754324e-01,5.540082397665674341e-01,5.655189621125982224e-01,-1.212434659249000957e-03,3.759968064662595477e-01,5.735362702966283477e-01,0.000000000000000000e+00,6.263167649062804099e-01,7.503206730652336454e-01,8.713304826640493328e-01,9.773752743076186134e-01,7.974280521458304571e-01,6.136403586739823668e-01,8.093328824086329920e-01,4.113303289174339294e-01,5.274567034989393610e-01,9.569085247272097750e-01,6.555064564411139383e-01,5.815142716851514626e-01,7.704644268381082295e-01,4.939143371562194629e-01,4.970949990733637969e-01,-2.198668241055017625e-01,4.029208159943130085e-01,9.225431570570193918e-01,5.134193560957284186e-01,5.434011827862236244e-01,9.916372443983471063e-01,3.204732226304476961e-01,8.461641079493050777e-01,3.324342636767669834e-01,6.469143428794297268e-01,9.442674532339884186e-01,6.411228644488318196e-01,6.887086924104131036e-01,9.125654049068206985e-01,9.180948326876257060e-01,4.370439394476953732e-01,7.576055589261662115e-01,5.560724448271446851e-01,7.337769879332102230e-01,4.751398834419175987e-01,2.233027426465400977e-01,7.218642095470311215e-01,7.376727817188990510e-01,7.596488592297243603e-01,6.019390470139515115e-01,6.353887379999521023e-01,6.853819879430460282e-02,3.249491139490174874e-01,4.774438149368361861e-01,4.661642440054568071e-01,4.379983497441654050e-01,7.592056455991023078e-01,8.267398266590051392e-01,7.701404960371911468e-01,9.529160585752407542e-01,5.343479442375889121e-01,6.524893924615211560e-01,1.429275501676919302e-01,4.381790097704740261e-01,9.354137733648854036e-01,1.281549119045695233e-02,5.017415095528745539e-01,6.016479013106564855e-01,6.945277827817630811e-01,3.893108029400430548e-01,8.087291615298949354e-01,3.629226876337368624e-01,3.104177013946846087e-01,8.128522886504616629e-01,9.390894181322875234e-01,8.395057770581053624e-01,6.882880100318714556e-01,9.282554392211286309e-01
7.258725337908331632e-01,4.190306554023477403e-01,7.225558990488940569e-01,9.106705445731640980e-01,7.753167641994583859e-01,9.024634632486002728e-01,7.777245633110703160e-01,7.743677493374531151e-01,5.309488990209285664e-01,6.483263832680909999e-01,3.570106705960095494e-01,4.409577151227437875e-01,5.041833339343406717e-01,5.800242057453306455e-01,5.456865853025110180e-01,3.577200266652329486e-01,6.263167649062804099e-01,0.000000000000000000e+00,6.617881184361019686e-01,7.338266346048156752e-01,4.353801424752986038e-01,7.589227179487413322e-01,7.429542153053050324e-01,5.097371394179053272e-01,3.387521324440349590e-01,4.834416522479207945e-01,5.558530134771706432e-01,5.225949854984595078e-01,7.500876636143080090e-01,2.537750050962055970e-01,5.864182362137924098e-01,5.685345972157124228e-01,6.262944361318220077e-01,8.595337431189611355e-01,6.722347075964922869e-01,-1.381918020340971442e-01,3.598012171577024687e-01,1.872514730550480996e-02,4.518607116961648185e-01,6.126710855523530563e-01,3.381629796438864188e-01,6.899575857120318068e-01,3.409320761692422597e-01,8.773411416783554184e-01,6.905022054027266654e-01,2.158060549488537427e-01,8.574287714641373181e-01,6.647917845713997576e-01,5.662015539622060611e-01,4.628166077140568047e-01,3.893827125220810648e-01,6.080306777701365295e-01,2.678408582570817043e-01,6.439150487266808165e-01,6.034284713867350547e-01,5.490211592209167657e-01,9.230299445705917316e-01,6.544541903615478384e-01,8.354110183191961747e-01,2.305769147688134235e-01,6.510659510501752845e-01,6.185073292554418289e-01,7.837684587322015783e-01,3.371149131525928988e-01,9.139105490187322545e-01,6.183245086681443681e-01,2.926889689137068262e-01,7.615767385748671847e-01,5.153973195056871237e-01,8.854265073965206234e-01,6.457894253213635194e-01,4.867146382451009723e-01,1.859387387059479868e-01,-4.393080364472101706e-02,5.690503922073649745e-01,8.477891827472003872e-01,8.064580263550962247e-01,1.185005822993337177e-01,2.896437885851596006e-01,4.199085093433225779e-01,3.293232593965682575e-01,9.240293481977912560e-01,6.125496098182807714e-01,3.577621351049171672e-01,5.067953296443062916e-01
