0.000000000000000000e+00,8.205188787686681362e-01,9.788464036103966537e-01,6.214562773064609136e-01,7.501247122663028399e-01,5.984810289149713469e-01,9.614610647039751878e-01,2.866893408703756821e-02,7.489660918819106561e-01,9.359278708557787763e-01,8.729435584113784952e-01,4.146242093632123149e-01,7.395609858124745362e-01,9.448722831670312017e-01,6.452255701697292567e-01,6.313185077305356607e-01,9.845217064739322232e-01,7.605371006973639103e-01,5.125750026244633162e-01,8.474446557499082378e-01,2.676801649673059627e-02,6.682799323416318549e-01,4.828162713494806302e-01,9.592998511751967827e-01,9.501376877038265611e-01,4.936017823736135179e-01,6.884213402997934050e-01,6.063096064051836098e-01,7.406883773637627788e-02,6.188945524917698338e-01,2.278407566180146449e-01,9.838019297686757536e-01,3.436613354853966240e-01,2.960644510006998908e-01,5.448763293860892087e-01,3.820859464571755848e-01,3.118504446186605716e-01,6.016882454676406589e-01,7.816356055703194139e-01,5.195328536591556912e-01,6.801363617755291635e-01,5.207790570111515693e-01,6.873030634644544667e-01,8.972923536836502345e-01,7.328262175927179323e-01,6.518373562356233331e-01,8.474320798410011069e-01,9.363761740199414429e-01,5.647290782290981248e-01,8.502793297841119147e-01,6.681221928191063419e-01,7.691162380727947223e-01,9.519417504790740336e-01,9.676760404432174778e-02,8.599169180068749752e-02,8.680849010054593196e-01,6.434103294443129784e-01,8.978463207639059140e-01,5.356626163946612840e-01,4.839235766442002706e-01,7.962292121592567939e-01,6.430641722825746198e-01,8.300240058616209504e-01,6.354298612120850009e-01,6.612044591774406399e-01,4.425791746913878555e-01,7.087131276350125964e-01,8.042376681735380339e-01,6.241495716529464888e-01,6.581253268714741811e-01,9.239573066112690691e-01,9.650437761614802934e-01,-1.257253093312410419e-01,1.113481580688489153e-02,6.053155885892996801e-01,8.427017856049233702e-01,3.246866349720816530e-02,6.821196049017050900e-01,6.257941672178680692e-01,5.054781132962046231e-01,6.650351888056615923e-01,7.856762054754126146e-01,6.928785496721331372e-01,2.739778850829910906e-01,9.525530233223182819e-01
8.205188787686681362e-01,0.000000000000000000e+00,9.270553581252074515e-01,4.574129612691308355e-01,7.336261232655367781e-01,8.463520918433398155e-01,5.501509048874617669e-01,6.629736495028082377e-01,2.726491871972049896e-01,4.398261861203365819e-01,2.383565624121759541e-01,8.767233879582322364e-01,8.842884256878486005e-01,9.303370800904313676e-01,2.784476030354145482e-01,7.073190607100712235e-01,9.408623623599496888e-01,3.585823842922395421e-01,3.393503548043670381e-01,7.203125087837802809e-01,7.142066463658585107e-01,7.953447917523297495e-01,4.360859969616324161e-01,4.768985600349213705e-01,5.827401226248095645e-01,7.168581685801117542e-01,8.364498889059717168e-01,6.198023686106111096e-01,1.283291128684078963e-01,4.622754667024513431e-01,4.165520053129948552e-01,7.798708633669713119e-01,4.725509320390994250e-01,7.883283212623770631e-01,5.786612150792097564e-01,6.878748360461613975e-01,1.217486549578625371e-01,6.353582812587080797e-01,6.890079745124781940e-01,6.305020974685598967e-01,1.613231282679333245e-01,9.259783391153403320e-02,8.102596027092161535e-01,9.102409319853731473e-01,6.827150864370816752e-01,6.098809922633600111e-01,9.642874299494017531e-01,3.073320552494372970e-01,5.176464563617942938e-01,6.831931035820040243e-01,5.090947705024575498e-01,1.368531411486390292e-01,3.546112466910488203e-01,4.638164640767160618e-01,6.496317107947221503e-01,8.650266887477218170e-01,9.742748794407278812e-01,8.256883722504678724e-01,-7.137408043217524645e-02,6.903510137084127862e-01,1.164823023169439947e-01,4.774688111545153935e-01,4.244503023202831349e-01,7.881079837216423689e-01,7.405916141926649487e-01,8.086210608295769653e-01,5.475609970166901430e-01,7.656970409327806815e-01,4.804456801121754217e-01,8.654413118426766971e-01,5.223896685949250829e-01,7.760588560460658369e-01,3.976540068241369297e-01,4.595092402321775960e-01,7.083296348102093853e-01,5.610838512076937734e-01,7.301827722856042424e-01,3.634080257548678583e-01,3.171603262137338008e-01,5.534046099113392181e-01,7.292914870880907730e-01,6.030781804456261108e-01,6.862919630012961347e-01,4.535794930709650119e-01,5.316266189262823794e-01
9.788464036103966537e-01,9.270553581252074515e-01,0.000000000000000000e+00,8.976012280926383147e-01,9.916509847027868974e-01,6.199921906608066857e-01,8.780689109421573324e-01,7.626586810749205192e-01,6.035476504841760237e-01,6.812779495446430467e-01,9.645027349543379147e-01,6.552186203435310663e-01,7.132911553879348610e-01,9.241733361322980178e-01,9.711588344386186122e-01,6.328216201651126749e-01,4.235395898088878397e-01,9.908911067054390065e-01,8.693878571850576220e-01,6.293765924840787340e-01,8.325880558293687894e-01,7.527409213227767015e-01,7.396957342275829461e-01,7.652993718303051640e-01,2.139931098487293515e-01,9.912124383771965253e-01,6.920651039142122762e-01,7.554603889689528451e-01,7.838242041719252207e-01,-6.363119519624371723e-02,4.042279495754575458e-01,5.640437757326790535e-01,6.294569703447890907e-01,6.231135710418658213e-01,7.526080481909176445e-01,-1.748631323767872170e-01,4.557213812373201445e-01,8.496105026400945226e-01,8.081433523582793876e-01,7.251182215509028861e-01,1.824243085601290892e-01,8.007839069113014130e-01,9.896174433877152898e-01,4.090930761828543427e-01,7.618950038238658795e-01,9.988418610894538308e-01,8.387581212704292577e-01,5.224718154521936775e-01,6.428484618063550204e-01,9.850636439814210998e-01,6.771615440942638786e-01,9.988583571743843148e-01,8.787597014436768772e-01,7.593440908316830829e-01,6.465586856437716134e-01,5.488651472119245867e-01,8.269834064367753701e-01,8.046337751023489027e-01,9.218751409008169029e-01,2.984414339173753761e-01,-1.456506557071774455e-01,7.796259126390727712e-01,6.987846418354844991e-01,5.816645923988563727e-01,8.659432951824663771e-01,9.212121344272463652e-01,1.332461371042157616e-01,8.789868145894622620e-01,3.038051709238571707e-01,8.418920506624703037e-01,8.907560548695616642e-01,7.413503506359383488e-01,4.049532581237166307e-01,3.726497690737773372e-01,9.064063935922460624e-01,6.779095873599421118e-01,6.018992441897100809e-01,6.516262621664271615e-01,7.689148458934842445e-01,7.933494095338162744e-01,4.659592517759821306e-01,2.778649764438039307e-02,7.104158768890083131e-01,8.555012595100740525e-01,7.302161262528059638e-01
6.214562773064609136e-01,4.574129612691308355e-01,8.976012280926383147e-01,0.000000000000000000e+00,7.487203578832493100e-01,6.301944413145065260e-01,6.356443995043731254e-01,4.438003179438260171e-01,3.532799529676019512e-01,6.678675035747585476e-01,8.240500153556098439e-01,9.519854811289110152e-01,4.665601161587426549e-01,6.907450715243360628e-01,4.863240048127943638e-01,4.485305589888180511e-01,7.878561877463021723e-01,5.219931401816906291e-01,8.554981114641169171e-01,2.231552897596427998e-01,9.364604771188111965e-01,7.310632710283380131e-01,4.521871135926989749e-01,5.919579848919591658e-01,7.904077923590593358e-01,6.020940157841656593e-01,5.500856778743505870e-01,7.991679410693697250e-01,3.204285095658790383e-01,-2.961847516458754326e-03,3.144097222841139572e-01,5.349323787978355060e-01,7.005318755609240000e-01,2.521917851656405030e-01,4.953401440127043753e-01,1.316455052288103000e-01,1.943213621159407545e-01,7.155088318451791052e-01,9.022600577588422155e-01,4.250400118766731739e-01,5.039675252680791973e-01,3.384785553578867345e-01,8.344252143212655959e-01,6.255751971055446559e-01,9.966162735175982945e-01,9.171348394438527674e-01,7.112167265554841800e-01,5.323508067731838045e-01,7.679039684091826246e-01,5.858724660511289983e-02,3.176798689162787515e-01,8.645384132346266570e-01,6.289571638534635634e-01,7.523302955655252200e-01,4.328233531103650167e-01,7.751645138041175498e-01,2.862458176458495540e-01,4.577462397182550657e-01,5.871811042850707540e-01,1.878587153472071059e-01,5.378063350547116483e-01,8.578728008050015008e-01,7.299025811089387972e-01,4.697054721022959067e-01,6.888977526949213726e-01,6.880935058594209730e-01,9.821575470654856366e-01,7.380990090758967614e-01,4.914547029358000696e-01,7.690050392959277836e-01,7.625415488910618489e-01,6.580901001095662561e-01,5.938177830065676233e-01,5.816090183062325725e-01,9.039912297785559492e-01,7.073989470344458352e-01,6.650892899696885241e-01,3.033415838150030353e-01,6.852481060134352209e-01,4.060934272894463348e-02,6.473079401976824521e-01,7.957390407521232056e-01,5.525580392984490441e-01,2.969171481560844983e-01,7.497545121794138012e-01
7.501247122663028399e-01,7.336261232655367781e-01,9.916509847027868974e-01,7.487203578832493100e-01,0.000000000000000000e+00,8.490393136125846674e-01,2.894409181084317551e-01,4.734030728701024149e-01,5.863402595500724068e-01,6.963002184894511171e-01,7.415843463175435524e-01,5.684694176826735612e-01,1.940130052776935510e-01,8.998635143475154363e-01,6.874204717908175000e-02,5.002853543713906559e-01,8.672616159817814196e-01,2.104159388882927695e-01,3.779592675729008810e-01,6.217162028110909677e-01,6.651751235408540630e-01,5.262605687835896218e-01,6.849247522939522215e-01,3.511554035127973927e-01,3.865459999250119294e-01,5.903510798371319757e-01,9.664372271779118062e-01,6.697665296916310851e-01,5.095429513860098014e-01,2.722867548821795713e-01,5.306910253170473712e-01,6.566648303243350915e-01,3.767736270797072407e-01,9.205150652482266826e-01,4.283670383226254041e-01,2.159578400866767334e-01,-2.700295954726517067e-02,3.942241553526497633e-01,6.812214125753297822e-02,6.611669101597699161e-01,3.885946358045949678e-01,2.538124190988800821e-01,8.800077246300013201e-01,4.211773683542512359e-01,9.845837539553617956e-01,6.261826767127267601e-01,6.166922556570694214e-01,7.017564225310487513e-01,3.649933041676919898e-01,7.332413110863099659e-01,5.816790808241232291e-01,6.911680062003585645e-01,4.513652156139738025e-01,6.164911007745963456e-01,1.428618767095146125e-01,9.100046252533733337e-01,2.694606572052388183e-01,2.753744263400204062e-01,1.999145645706466301e-01,3.783123724417137845e-01,2.225400034880385958e-01,2.461263172739281968e-01,8.856836126659266561e-01,7.072177979016084359e-01,7.099699843438366242e-01,1.594644477074912414e-01,6.331920067938688890e-01,4.962334748066097312e-01,3.511206364664782864e-01,4.479352410289771935e-01,5.214812661910854796e-01,9.033105654653265093e-01,1.228347207179233957e-01,5.656464460382709669e-01,3.537514981135082004e-01,6.658344178068611452e-01,9.221985269660930573e-01,3.002510841021231447e-01,3.198164088061354327e-01,1.071409072788467864e-01,9.763379015161733898e-01,8.121636882380688371e-01,5.771182742613566452e-01,-1.545219721449987704e-01,4.959398780833919052e-01
5.984810289149713469e-01,8.463520918433398155e-01,6.199921906608066857e-01,6.301944413145065260e-01,8.490393136125846674e-01,0.000000000000000000e+00,2.727775296347663136e-01,3.943573503458858154e-01,4.769139579006651530e-01,3.784967346632650553e-01,6.313518213054629680e-01,4.220499023789384130e-01,6.060374615713547408e-01,2.837765847282374132e-01,5.775109899443007233e-01,5.395716612613948859e-01,4.607323850371388696e-01,3.151661609374942219e-01,9.765477580150591086e-01,8.645345321107442693e-01,7.464659732887699573e-01,1.954889196233431659e-01,7.458672336218042931e-01,6.424984252344877467e-01,4.866067274537412279e-01,5.753678120436880317e-01,6.615873760812998050e-01,9.632260720129510734e-01,1.989126431920520133e-01,5.785851390337729550e-01,4.228350431606843207e-01,7.266273430368308528e-01,4.004946605574506990e-01,6.500751768089516602e-01,7.967175878161725233e-01,3.375982530408434545e-01,6.380581557598392906e-02,8.584113697266668730e-01,4.582883662683577830e-01,6.202542825335937149e-01,8.653480354413861653e-02,5.400510088920115193e-01,8.517970317164150762e-01,4.805250168131419142e-01,8.115350558474047071e-01,2.312074991581907213e-01,4.191231448507917179e-01,7.218323807677996529e-01,6.789179883992708664e-01,5.063973694651280333e-01,2.722807600262535654e-01,9.451396292018116041e-01,7.588718703360843865e-01,9.750643930352917987e-01,6.441512613176039181e-01,7.409973927077257994e-01,7.022102526894908880e-01,8.853230908674635247e-01,7.976736487280315924e-01,5.522641928300824343e-01,-3.786228583251260993e-02,6.733543696456756322e-01,9.054265288365097586e-01,6.345686613931016407e-01,9.663850486301481801e-01,4.889933865682518643e-01,5.027819326647730014e-01,8.332373869111828757e-01,3.306615568021326057e-01,4.775242256621080594e-01,6.977144447102189284e-01,6.528537213079240731e-01,3.695279589474471660e-01,4.453120180285501939e-01,7.912981800460285875e-01,9.898407934525559337e-01,5.945705081368692912e-01,5.174711010093998587e-01,6.811604139177577233e-01,1.723243209631952766e-01,3.361844586003470692e-01,4.796302952556241728e-01,9.296376036401983178e-01,2.553588409145164662e-02,2.900425074586462371e-01
9.614610647039751878e-01,5.501509048874617669e-01,8.780689109421573324e-01,6.356443995043731254e-01,2.894409181084317551e-01,2.727775296347663136e-01,0.000000000000000000e+00,4.906719405615760365e-01,5.241240842259937693e-01,2.604844757114860854e-01,7.073106956637994491e-01,6.874154605235911486e-01,4.877429642202847360e-01,6.372482478451440002e-01,7.551229608131101445e-01,4.326524934032103253e-01,7.403274797243550864e-01,7.869602173006183810e-01,6.575563463655416108e-01,5.222165469458681653e-01,9.100489796786731533e-01,5.338588166181472694e-01,4.523661028917098093e-01,5.949151742893193928e-01,7.140573991377159313e-01,3.202335674232612006e-01,4.550329748892407156e-01,4.366510424106440080e-01,4.781749005330566127e-01,4.094468796058422511e-01,-1.805271914436792635e-01,6.674358262741365566e-01,5.342436588571701783e-01,2.958788578894935850e-01,4.733982748539031227e-01,4.806538178049874488e-01,3.434016444660570322e-03,6.379846342827646399e-01,1.315206315303519558e-01,7.670458484657272091e-01,5.995649905586631911e-01,2.204981686257670437e-01,8.051763090627410691e-01,5.942616266024540739e-01,9.711327463109779012e-01,2.670872791330835549e-01,7.456328841809510832e-01,2.356563935782566566e-01,5.069915315379647236e-01,6.148838581542349635e-01,2.679881298560273239e-01,5.411615812539194437e-01,4.124454333408613116e-01,7.988798401242431790e-01,7.432255791308900461e-01,3.001037029677468548e-01,7.087516237547757392e-01,3.138755366453264140e-01,7.209815958500438438e-01,7.316953933370962115e-01,3.454079794992805930e-01,5.854252081898564386e-01,5.797644574107827520e-01,8.534559901601965759e-01,6.191756610181794462e-01,6.749138453553459316e-01,7.538683584773993029e-01,7.762537345533133681e-01,7.464954456870938060e-01,5.347754205897715662e-01,4.368627211335058269e-01,6.810892459290710521e-01,5.371449981087585979e-01,2.764663407132274542e-01,5.894782610656464916e-01,4.719059305445671981e-01,-3.907779883480094751e-02,4.675229941725381755e-01,6.560530132946473802e-01,4.552209130703138151e-01,4.694711238362305750e-01,7.936767712875745229e-01,3.938261623565421088e-01,-2.865254219791055212e-02,3.396035904940637451e-01
2.866893408703756821e-02,6.629736495028082377e-01,7.626586810749205192e-01,4.438003179438260171e-01,4.734030728701024149e-01,3.943573503458858154e-01,4.906719405615760365e-01,0.000000000000000000e+00,4.057242571760672489e-01,7.143038123576774812e-01,4.898947292499020723e-01,3.249270889543355301e-01,5.264791627209020053e-01,9.344182175730526563e-01,7.184005779995360497e-01,4.878358026778799039e-01,6.105049100986774668e-01,5.136060603306946692e-01,2.426710155094205512e-01,7.742777050812850170e-01,7.114144233202229772e-01,3.012194546083405977e-01,3.365283350547023655e-01,8.616797548807738627e-01,5.049878503225598836e-01,6.959879211989270509e-01,6.731525116057003322e-01,3.634245451529437565e-01,5.313276834943138072e-01,5.082671257419877492e-02,1.080618822620649927e-01,6.805219806327125198e-01,7.377750698067235824e-01,3.652638338733341650e-01,4.860639173512185662e-01,-3.449603741776328669e-01,3.139655842255799079e-01,7.928505534101945029e-01,6.155069509844081077e-01,4.382681182045322752e-04,5.090842295720299227e-01,4.350087042534352411e-01,9.419866425163969659e-01,7.186518358473780177e-01,7.741932550645430622e-01,7.617595664385640175e-01,7.315462347223405937e-01,2.112971691141218300e-01,4.195119967540603678e-01,2.828355102131734355e-01,2.590964417208127535e-01,-1.586660720735604546e-01,5.804852861084810467e-01,2.273856827449367568e-01,7.505196333933994435e-01,6.593480633921353640e-01,4.976613487616843856e-01,9.370330848950485514e-01,4.448527693159846086e-01,6.763328752255146625e-01,3.957796763537829166e-01,5.870180909637838784e-01,9.715745566647082665e-02,5.854703898364601589e-01,9.887973021519103067e-01,7.004026198858612773e-01,6.446776738936066398e-01,4.277462566913390329e-01,5.566882252078981796e-01,3.971149535112336038e-01,2.271398950080251722e-01,6.592432719476754022e-01,2.441052725593682027e-01,6.606070869226809972e-02,2.676013028639379621e-01,4.015333175110700759e-01,3.228648821030032923e-01,1.125625973291842219e-01,6.304339933271160268e-01,3.575907388757373906e-01,3.446073823289909632e-01,8.407487755596380063e-01,5.704715904147688033e-01,3.232934109731323002e-01,2.880091679648136282e-01
7.489660918819106561e-01,2.726491871972049896e-01,6.035476504841760237e-01,3.532799529676019512e-01,5.863402595500724068e-01,4.769139579006651530e-01,5.241240842259937693e-01,4.057242571760672489e-01,0.000000000000000000e+00,6.130627743298707744e-01,7.341801005484585030e-01,5.936921200899989426e-01,7.668545219687077363e-01,7.042628634702248203e-01,7.999443189711872293e-01,6.531724956417255257e-01,4.333277166736712038e-01,4.769642525295658686e-01,5.398539873401471123e-01,9.507529084029741062e-01,9.981287554981636001e-01,9.640990616376302613e-01,4.831208604614463109e-01,8.859810100305057778e-01,9.914329679921458638e-01,4.868040784574205748e-01,8.719758147180945995e-01,7.144942572970967021e-01,6.178862712907302601e-01,5.614503377466699696e-01,3.269902212786434115e-01,5.922775513824525273e-01,8.472699750944199248e-01,7.194738448621871285e-01,7.204772225507625194e-01,3.164349316773529264e-01,6.177239482289540451e-01,6.470737066825166250e-01,6.653722755966503533e-01,2.239613706378167923e-01,3.327378923004553624e-01,7.215593726171096733e-01,6.003685283598910738e-01,9.046484798957611373e-01,3.095396221143984494e-01,5.752146387180345766e-01,6.875862434013093605e-01,7.629556811610893607e-01,3.472324845450280861e-01,3.685254214723252542e-01,6.048406056823469878e-01,4.938713576410879158e-01,5.040003816451100738e-01,4.249796608126578668e-01,9.998270749061303198e-01,8.564722503287394151e-01,2.993709189166393059e-01,4.870899692002566006e-01,7.419697355568806163e-01,3.691918684646335880e-01,2.237054182216758613e-01,7.616583515215443745e-01,6.078208247542490339e-01,9.828143015716472863e-01,5.127308052092279800e-01,5.815359096620491552e-01,5.189467691552548390e-01,9.272279540043024681e-01,6.915872392804993662e-01,3.510407674177076220e-01,5.725114536967831347e-01,5.986085892851880086e-01,4.789168694270402593e-01,3.723132897651176137e-02,3.256093275387456076e-01,5.521336839199013635e-01,9.993908498849649602e-01,6.261871453908854912e-01,6.108175243490204798e-01,7.444839435277356143e-01,5.616898753409106382e-01,1.344611082741344332e-01,7.991404345690777955e-01,5.422903623089252445e-01,5.177855562065247774e-01
9.359278708557787763e-01,4.398261861203365819e-01,6.812779495446430467e-01,6.678675035747585476e-01,6.963002184894511171e-01,3.784967346632650553e-01,2.604844757114860854e-01,7.143038123576774812e-01,6.130627743298707744e-01,0.000000000000000000e+00,5.833397971065346077e-01,9.536175279345848743e-01,7.640713620131179828e-01,8.755197922228342700e-01,4.884931464721135597e-01,4.474132155671353139e-01,7.683587147844574972e-01,9.743201103363511306e-01,6.996836300910230788e-01,7.716894559264484421e-01,5.042080938629035503e-01,6.802471629064337222e-01,8.772312501774921500e-01,6.044955999016148329e-01,4.769259048009565349e-01,2.804258457273324234e-01,6.407747654026415551e-01,9.419690522074450900e-01,5.391007032738581728e-01,1.924610424746610871e-01,2.508600240093092348e-01,4.941319159374646941e-01,9.498590345992155015e-01,7.604332646843281474e-01,5.317692507245270761e-01,8.920553086231620687e-01,3.323774252076160396e-01,7.193039828649995249e-01,6.822707931615208388e-01,5.699584072118516476e-01,6.713540441926192370e-01,9.477638275375895871e-01,6.082843847874066512e-01,7.945029916639698708e-01,9.609943172932398081e-01,1.008471121682589511e-01,9.663977989017151771e-01,6.659028251411780452e-01,5.804296749794197741e-01,5.383109436347803811e-01,7.578714710692762146e-01,6.574725326131840575e-01,6.748531570770711641e-01,3.168709554460967248e-01,4.920117850236093715e-01,6.540579001999295983e-01,6.912902716023533456e-01,5.881770509427544091e-01,6.489076168623681973e-01,3.284526398625096100e-01,5.392030108240727371e-01,5.830863876596400486e-01,2.818614424881373259e-01,9.445881965151659010e-01,9.157998525661284472e-02,3.212940214957187846e-01,3.364212117071070374e-01,6.479707871522563112e-01,3.983563078773155741e-02,8.824937292120553778e-01,4.283640645282288939e-01,5.993786379584418178e-01,2.539047110187795525e-02,1.944384824754580299e-01,7.387198450019867302e-01,5.927624440239206427e-01,6.762959082079060824e-01,2.801299699420048972e-01,7.513558762182049877e-01,2.662128476196675697e-01,5.741130464346433371e-01,7.681795486829174902e-01,6.872851696204008709e-01,5.730045314719081628e-02,6.006312775792739256e-01
8.729435584113784952e-01,2.383565624121759541e-01,9.645027349543379147e-01,8.240500153556098439e-01,7.415843463175435524e-01,6.313518213054629680e-01,7.073106956637994491e-01,4.898947292499020723e-01,7.341801005484585030e-01,5.833397971065346077e-01,0.000000000000000000e+00,9.350861456370320735e-01,1.500891008642086903e-02,7.267349536678596733e-01,4.876157599527126685e-01,2.355298440516245817e-01,2.598481505805173009e-01,7.048135908464158161e-01,8.705896122224527911e-01,6.290238229182251173e-01,9.660217567450042619e-02,3.094990551262188916e-01,9.050317072952811515e-01,8.968900623134238304e-01,4.845178778357777660e-01,6.557787756579580574e-01,8.609837886465790402e-02,9.343798168900642187e-01,5.135663191348641687e-01,4.627418662747193601e-01,1.747020551306203706e-01,9.748946660587670676e-02,3.007608468626550846e-01,7.919269586393605787e-01,9.650302771007065461e-01,4.170597931963034299e-01,5.648185236668065157e-01,2.799473065610682543e-01,3.160094104683187077e-01,5.823224402591919979e-01,5.470090035879014989e-01,8.962105926912747877e-01,9.737786125661115344e-01,8.192328968140545342e-01,4.737071809654998522e-01,5.324828542022810307e-01,6.192680193676711742e-01,7.590156197962991680e-01,1.600045608072961922e-01,5.891444274915350610e-01,7.020927986181485503e-01,6.752367971231205690e-01,7.325205288186433794e-01,4.296227317379475164e-01,4.428574288513333346e-01,2.404378030887361906e-01,9.996284236585768479e-01,2.339298378063823791e-01,6.321310298337128319e-01,3.226983379781804828e-01,3.681978276766753044e-01,2.746630688938652698e-01,9.881332078002008634e-01,8.553012650140754403e-01,8.687473563162209089e-01,7.934973531665825419e-01,9.788189492050216600e-01,4.414953356340037272e-01,4.502292365813360675e-01,4.975715740405537435e-01,7.406032929356178851e-01,4.922242441903750265e-01,6.991752301564551075e-01,6.765899604721112848e-01,7.604162601811778055e-01,5.023539043103375512e-01,6.623415375510603997e-01,5.715095421034260825e-01,3.529595653787703791e-01,6.049060595979229848e-01,7.460427921903457493e-01,5.609752526246273296e-01,4.281651572488527346e-01,2.362216903301445070e-01,9.477475028892931030e-01
4.146242093632123149e-01,8.767233879582322364e-01,6.552186203435310663e-01,9.519854811289110152e-01,5.684694176826735612e-01,4.220499023789384130e-01,6.874154605235911486e-01,3.249270889543355301e-01,5.936921200899989426e-01,9.536175279345848743e-01,9.350861456370320735e-01,0.000000000000000000e+00,9.030002749645262838e-01,9.999036583278798629e-01,7.311857790477448438e-01,8.698303490835190832e-01,8.858756411168756673e-01,6.489502871266962236e-01,6.169997768224004808e-01,8.627271147503721149e-01,9.972472742175118032e-01,6.503840170779905394e-01,6.039610809424518223e-01,9.207905618664439240e-01,2.573345744303880966e-01,8.580357990701781290e-01,7.259588947585329244e-01,4.839109055990089003e-01,1.888499674072220691e-01,4.660701745817372732e-01,4.779291479701793799e-01,9.046154615780008790e-01,8.717025689630520935e-01,6.226398225131474229e-01,2.882930144500633896e-01,7.595968373710120236e-01,7.935387280649353059e-02,4.930252941392209709e-01,8.469468956400597603e-01,7.318522184670633868e-01,4.262534611057384737e-01,7.252767814395157941e-01,8.615916942065521278e-01,4.372165910181082804e-01,4.081943970465191640e-01,9.646097875034338465e-01,1.907210073059718847e-01,7.626064154188601230e-02,3.943526212485032323e-01,9.740069971237791391e-01,5.580200953244386364e-01,3.193162825000466776e-01,7.290083012016979058e-01,3.760887240328033565e-01,7.575476152651235973e-01,7.449195003727155928e-01,4.086953935837979168e-01,5.489033612930561690e-01,7.477801202546985326e-01,2.022156256382335870e-01,5.376822095377219446e-01,7.639887456839558055e-01,-2.007587419075118618e-02,7.816224998974358185e-01,5.431103281792943882e-01,8.811904123308373915e-01,6.470712836704498594e-01,4.049639791454793247e-01,4.016837709058241890e-01,2.528502745271163921e-01,7.517597374336036919e-01,8.258838540101507419e-01,6.923411890634652011e-01,3.680330383520706850e-01,4.242165319743935736e-01,5.605084348616162782e-02,9.215589906495875727e-01,4.449594224371927198e-01,6.964457814394722224e-01,-1.858623030248257590e-02,4.636436736239633594e-01,9.835073121191139078e-01,6.330087569228096678e-01,1.524872402987042797e-01,6.464090351417943747e-01
7.395609858124745362e-01,8.842884256878486005e-01,7.132911553879348610e-01,4.665601161587426549e-01,1.940130052776935510e-01,6.060374615713547408e-01,4.877429642202847360e-01,5.264791627209020053e-01,7.668545219687077363e-01,7.640713620131179828e-01,1.500891008642086903e-02,9.030002749645262838e-01,0.000000000000000000e+00,6.342879503147534903e-01,6.349379702090136579e-01,6.014518288740149377e-01,5.132051611813462921e-01,9.792595699146011690e-01,9.352688509321785970e-01,9.094213061768773310e-01,7.953607429325602052e-01,6.597419716241668119e-01,7.476454676060364513e-01,9.453873664739561589e-01,9.846295861349294576e-01,5.814696735167470543e-01,2.094899867464406762e-01,5.410463664639599823e-01,2.950840522640842956e-01,3.546968278074996705e-01,3.200728469254058850e-01,5.455046722387750791e-01,7.287737243139553733e-01,3.983005464743470947e-01,1.452742103298123033e-01,4.419871118716441338e-01,-1.084002456269395065e-01,2.383579773890304176e-01,9.558879089362899428e-01,8.414380347681225114e-01,4.831676004750531384e-01,6.680369169900206572e-01,7.309404251897222426e-01,8.231599068253336871e-01,3.909457030731374738e-01,8.690101317260531255e-01,4.423727742636558435e-01,2.598152351516349601e-01,8.617182505881891830e-01,5.106353114023002293e-01,5.783798221710881871e-01,7.434711533911777526e-01,3.240258627915382217e-01,7.104451252697909780e-01,8.430836199119926544e-01,9.014799558836535942e-01,4.847188344738693200e-01,8.917492522535268584e-01,6.489836469379334227e-01,5.875219579422910066e-01,-1.412536747088442290e-01,7.642729861273831471e-01,8.960459463761569765e-01,8.996914138727489796e-01,7.684592096525110216e-01,8.432421188480037078e-01,7.990493219944736492e-01,7.640646539058537634e-01,4.200480061070392956e-01,6.065894219012826216e-01,8.539684430073422039e-01,3.872544362190421530e-01,5.909324296600984017e-01,2.112321519442913742e-01,5.121717458211805241e-01,9.703969473441973470e-01,8.959199381893804270e-01,6.235846951000580951e-01,7.199795709402490029e-02,3.745093357283918456e-01,4.154844339652170593e-01,8.534031399469312884e-01,6.547532874015962179e-01,3.622589318798007385e-01,5.896332712557408318e-01
9.448722831670312017e-01,9.303370800904313676e-01,9.241733361322980178e-01,6.907450715243360628e-01,8.998635143475154363e-01,2.837765847282374132e-01,6.372482478451440002e-01,9.344182175730526563e-01,7.042628634702248203e-01,8.755197922228342700e-01,7.267349536678596733e-01,9.999036583278798629e-01,6.342879503147534903e-01,0.000000000000000000e+00,4.766087811676275598e-01,9.475651086261447364e-01,6.857657134441578206e-01,9.660806097845038298e-01,6.370782897055221605e-01,9.383675324635372128e-01,9.584644873736064552e-01,9.605203080993488518e-01,7.172700589280464056e-01,5.521655699165767262e-01,7.318648190262946329e-01,9.458401039598296478e-01,5.773415652394646713e-01,7.647735524618306524e-01,4.527946713122002476e-01,5.411207501298680445e-01,5.149598053399085940e-01,3.204810534966024971e-01,7.820318819774639829e-01,8.116279398033541259e-01,5.757824708762321331e-01,2.768480919957174158e-01,6.384892860523193325e-02,9.162803174282974084e-01,4.250298329183648804e-01,8.811851164123656321e-01,2.638606339183046101e-01,7.000077644267674870e-01,4.138795022185484673e-01,5.628569303490155162e-01,1.865337465674568040e-01,8.086993459720286381e-01,7.025109543245912080e-01,9.405485463417624370e-01,9.703082785096973639e-01,2.942420494929980923e-01,8.721761595124987165e-01,9.191668885275734446e-01,4.279958881168490770e-01,9.193098224818946340e-01,7.140235661427006830e-01,5.164877588971577005e-01,4.678907749458297016e-01,9.325834282008780285e-01,9.943166240522687271e-01,6.212394358951622841e-01,3.924499127609673010e-01,9.405958114206951493e-01,8.456940763892790702e-01,9.513095165048980340e-01,7.112082144207209078e-01,7.362486278967484976e-01,6.421598430780373068e-01,7.790576208844719464e-01,6.279095089333128765e-01,2.201128233647316745e-01,5.611721158319439295e-01,9.899802677434361708e-01,6.364124022644281897e-01,5.414147541893055138e-02,7.632363754952999901e-01,4.165505037666012988e-01,8.998767941910604806e-01,9.845838806335249771e-01,1.861943779798392873e-01,3.481843917849185982e-02,4.316030657947061422e-01,3.519040630840677419e-01,9.281145999960395132e-01,4.861840306683894442e-01,7.581863527528264202e-01
6.452255701697292567e-01,2.784476030354145482e-01,9.711588344386186122e-01,4.863240048127943638e-01,6.874204717908175000e-02,5.775109899443007233e-01,7.551229608131101445e-01,7.184005779995360497e-01,7.999443189711872293e-01,4.884931464721135597e-01,4.876157599527126685e-01,7.311857790477448438e-01,6.349379702090136579e-01,4.766087811676275598e-01,0.000000000000000000e+00,-1.802710176480857851e-01,9.055767299012068561e-01,6.505352431347817266e-01,7.181175234847233524e-01,3.657957873960963058e-01,6.077662416810691859e-01,2.652804391819178487e-01,4.660613890779389257e-01,6.427132484631455922e-01,6.472931767535212710e-01,4.212136664359078519e-01,8.337203814513147737e-01,6.507316446613614636e-01,6.056084766888892856e-01,2.513963449249286830e-01,4.713165492603823559e-01,3.950729166034177009e-01,4.222081672478306680e-01,7.458368229643286274e-01,4.684034205989674460e-01,5.610282958865956404e-01,1.617669478001672878e-01,9.503241394769912365e-01,7.761143642779341212e-01,6.684175709971569290e-01,5.835780246502999535e-01,7.411373159393921384e-01,7.075188264232924462e-01,5.297629861465992240e-01,8.999477471504885306e-01,7.069543077627202798e-01,7.936958539736430618e-01,4.008386413333309140e-01,7.879040896117475157e-01,4.098182593164890197e-01,5.482725842689036844e-01,-1.286081240336076625e-01,9.297123671372059528e-01,-1.541687427023571977e-01,6.431194875989403315e-01,7.975782283493189073e-01,7.851205509967662532e-01,4.633819090307977895e-01,6.471711118082422720e-01,2.180306383167858741e-01,5.669135316732057950e-01,5.243930580153306487e-01,7.688737764701853994e-01,7.697765253474166958e-01,4.451062463593853935e-01,6.626623338485009285e-01,7.068403349584522211e-01,8.967651546500772231e-01,7.508123444288191672e-01,7.771980659297883509e-01,7.557494182033548391e-01,6.417111034423212956e-01,4.923424629664006624e-01,5.953404368449913830e-01,7.749183157642971498e-01,4.274334949758071822e-01,6.445179355633239293e-01,3.829281743779225922e-01,4.059732869805198763e-01,5.090523219549104583e-01,5.888308263567181289e-01,7.684762787287867658e-01,6.433656861384798864e-01,6.729972274132917098e-01,6.367033855000608922e-01
6.313185077305356607e-01,7.073190607100712235e-01,6.328216201651126749e-01,4.485305589888180511e-01,5.002853543713906559e-01,5.395716612613948859e-01,4.326524934032103253e-01,4.878358026778799039e-01,6.531724956417255257e-01,4.474132155671353139e-01,2.355298440516245817e-01,8.698303490835190832e-01,6.014518288740149377e-01,9.475651086261447364e-01,-1.802710176480857851e-01,0.000000000000000000e+00,5.697608535632522342e-01,8.555329635983696113e-01,8.546206466538789348e-01,7.492290887131278776e-01,5.816385147660448895e-01,7.395138201130107003e-01,4.468041819068870879e-01,7.831709063799469073e-01,2.939296473124334286e-01,4.345308405427768528e-01,4.937887773100154698e-01,4.035004722895860763e-01,7.211277295429556755e-01,4.209440449773029225e-01,6.962207181504957987e-01,7.364470202775457164e-01,3.377539667696032311e-01,9.641328806496137771e-01,6.734893278200781985e-01,2.932519409457158832e-01,6.574447425393957767e-01,5.030060217090523977e-01,6.872697248273866855e-01,9.672127191744840369e-01,7.092408543734742832e-01,2.565709179698780762e-01,5.868494605734686509e-01,6.503976566481385335e-01,7.859038695455583534e-02,5.085743830844560165e-01,4.098710912744633617e-01,5.190874323829436365e-01,4.827236112161616410e-01,6.290036579297930697e-01,7.217124362240022739e-01,8.954511148696425726e-01,4.941469034716746700e-01,3.688669708318581542e-01,6.304929762384435810e-01,7.532564443734985904e-01,2.369209913561819147e-01,-1.863006238553135130e-01,7.385556431647565256e-01,3.700082915038814813e-01,4.872411879620232034e-01,6.987717577389387924e-02,5.041466192034576022e-01,4.460554110075743428e-01,9.041570941210114176e-02,6.708343325684240632e-01,6.188322418562963723e-01,3.414655962296961889e-01,7.456994754140271464e-01,3.115350359124146040e-01,1.128042678180692926e-01,2.172409158481033997e-01,3.853758779332731033e-01,2.028307574836246963e-01,4.252486723383541722e-02,7.849334494379001104e-01,6.371047722770700750e-01,1.443159504055188669e-01,5.475505729802681021e-01,3.295401073561861072e-01,2.804132564066752487e-01,8.436586792235000187e-01,6.799687124157146600e-01,4.476600363063310550e-01,2.796231754833655714e-01
9.845217064739322232e-01,9.408623623599496888e-01,4.235395898088878397e-01,7.878561877463021723e-01,8.672616159817814196e-01,4.607323850371388696e-01,7.403274797243550864e-01,6.105049100986774668e-01,4.333277166736712038e-01,7.683587147844574972e-01,2.598481505805173009e-01,8.858756411168756673e-01,5.132051611813462921e-01,6.857657134441578206e-01,9.055767299012068561e-01,5.697608535632522342e-01,0.000000000000000000e+00,6.682196648068001732e-01,4.905159156732415426e-01,2.516464058575789142e-01,6.390173681869983913e-01,7.473044630947951461e-01,8.083857877387853330e-01,7.601428636582243659e-01,6.539918372562916193e-01,8.413733545178820883e-01,7.314162347868476965e-01,9.223638991468680048e-01,7.786734569954623097e-01,4.600559947925810245e-01,1.402516370313242750e-02,6.458327585942591487e-01,9.555223956652879602e-01,4.276297133433002440e-01,7.267983096232437656e-01,1.863534242265369734e-01,4.322357017587428185e-01,5.664775330551030663e-01,8.803859606859437692e-01,4.342541572424321039e-01,5.166868414576820667e-01,6.940073508402009317e-01,9.864641890427703341e-01,6.011616346012838008e-01,9.108229076010513348e-01,9.517069752900920721e-01,2.119405199630551850e-01,7.258997342758606308e-01,6.388818109069234197e-01,6.879042418322905972e-01,5.788473983749593543e-01,7.656162306982928767e-01,6.670804769323223082e-01,9.234649240600497633e-01,5.635393199566030020e-01,7.789816449549357147e-01,6.319174394855696653e-01,5.343313787002584858e-01,6.345520995515838703e-01,4.495517657011889601e-02,2.363539760288266289e-01,7.509034415766875359e-01,7.321397002578854396e-01,4.722633001579545353e-01,9.750617909334875488e-01,9.800559953259955215e-01,5.625556325794276447e-01,6.695638877838201442e-01,7.469167026706954315e-01,8.662683371226526097e-01,8.933193856221258722e-01,8.988024268258103522e-01,7.769910100907277961e-01,5.667094287856211388e-01,4.338383210760025643e-01,7.574553846955354164e-01,2.564312208975917939e-01,7.562810330380502766e-01,-3.468756075348661261e-02,4.456775164139836765e-01,2.574319404389046051e-01,8.058813734434089326e-01,5.388739505178008482e-01,2.074658256001162271e-01,7.765062351904598037e-01
7.605371006973639103e-01,3.585823842922395421e-01,9.908911067054390065e-01,5.219931401816906291e-01,2.104159388882927695e-01,3.151661609374942219e-01,7.869602173006183810e-01,5.136060603306946692e-01,4.769642525295658686e-01,9.743201103363511306e-01,7.048135908464158161e-01,6.489502871266962236e-01,9.792595699146011690e-01,9.660806097845038298e-01,6.505352431347817266e-01,8.555329635983696113e-01,6.682196648068001732e-01,0.000000000000000000e+00,7.743543176069014322e-01,7.461102788213672676e-01,8.041587670165009083e-01,6.432653996920708606e-01,6.624968344914422547e-01,4.420685693153857398e-01,8.297062757341154560e-02,-1.823306743628414772e-01,5.242444909519143881e-01,7.686175108323005656e-01,6.028461090359227281e-01,4.251554519871560966e-01,4.580214248949715516e-01,2.671480420820493418e-01,5.794764920236175065e-01,5.592222251277974010e-01,7.686942816244579646e-01,5.020567712147395723e-01,3.362301723731914160e-01,6.834368445403947723e-01,6.590981500600533449e-01,7.975181274912228613e-01,3.334035927250178499e-01,7.051460776876868897e-01,9.704925388398820685e-01,4.713971133065896213e-01,6.256119007616409711e-01,7.723898061738310172e-01,8.526087626993907875e-01,6.700477516836067515e-01,7.605175944503053120e-01,4.764207134670583321e-01,4.368467962622484269e-01,7.859605368733102448e-01,6.348808475356990666e-01,9.533995779083712652e-01,4.597835008294440251e-01,7.575207164305174379e-01,7.205593267451929629e-01,1.665522330842973409e-01,3.230766079415394731e-01,2.268829927325703710e-01,5.324112188639292809e-01,5.334764532235660717e-01,4.752424897294275641e-01,7.461586866849118094e-01,7.351999265027726604e-01,4.706092599923329955e-01,7.047169131560264699e-01,8.046723729525404600e-01,4.899563986376742619e-01,6.648926355962766488e-01,7.881657496156388998e-01,4.210918712012874376e-01,4.602237665807306644e-01,2.541931248985233038e-01,2.191674971891612034e-01,6.730254471104434311e-01,7.187595109535072080e-01,6.797242485837998727e-01,4.099627254819291355e-01,4.145162793576058768e-01,7.910704395326547678e-01,7.862835600185447138e-01,5.701694435180265641e-01,-3.723347583438907926e-01,3.143829334162464573e-01
