0.000000000000000000e+00,7.304259985382001164e-01,4.210635701159767819e-01,9.762271497968040279e-01,5.455714303516370212e-01,8.457605952126669990e-01,9.433150425074383616e-01,9.946635592138076687e-01,-1.706158764323145172e-01,9.932137948307222519e-01,7.260746428910838102e-01,8.075839188855771233e-01,6.665489408647473635e-01,1.518299623365454709e-01,6.399927221503950436e-01,6.113069890604526657e-01,9.195822515879108483e-01,8.804417475101737889e-01,9.102361297315134658e-01,4.332429419183216335e-01,9.041296157294099745e-01,5.044321646236059609e-01,5.222674276885491684e-01,9.425801414890265795e-01,6.657749240910613153e-01,9.421118078495425152e-01,7.896512680864427036e-01,8.605683415539655545e-01,5.575100798416651182e-01,5.157621582930769222e-01,2.089442669883725956e-01,8.679805483860578708e-01,9.323166667035444055e-01,8.792347164397305015e-01,8.693204609484581624e-01,1.922423433245715740e-01,5.680125375960143330e-01,6.069589935039028106e-01,5.805778903627413223e-01,4.512818106333219559e-01,4.645545028432573886e-01,7.702445949629891375e-01,8.292879375813236864e-01,8.816590867496654216e-01,9.868364522545114426e-01,6.312889954807622273e-01,5.005864090084728435e-01,7.952281485615049217e-01,5.906097729869379531e-01,9.822116215864225008e-01,6.195014333519356375e-01,4.232803192591387820e-01,7.652890777845887671e-01,9.369305186524555795e-01,9.963387847850817547e-01,8.135260373627852815e-01,8.868361231514138021e-01,9.546878577379718234e-01,7.898148529813089347e-01,5.854881800151088278e-01,6.987421491721459432e-01,4.344173987250947166e-01,7.274411531654554341e-01,4.979625403297794350e-01,6.781389550818688328e-01,9.930141366755729226e-01,6.118824294716205259e-01,5.836339567301503939e-01,9.766203085654356908e-01,8.416138293153625494e-01,6.236445466146068872e-01,2.029115190243013234e-01,2.438004973391330876e-01,5.022971152406328077e-01,8.103656511349957015e-01,7.461647303352667571e-01,5.311373252563990066e-01,6.440185439326626682e-01,2.802338672871487746e-01,2.717019092323171847e-01,5.573927459322097766e-01,7.848698716264289610e-01,6.780785845060417483e-01,3.606474584939347583e-01,5.774482087136343367e-01
7.304259985382001164e-01,0.000000000000000000e+00,5.191182426642804160e-01,2.484349358227876947e-01,3.085815401891868204e-01,2.035426250376377311e-01,5.278731856536806877e-01,4.009522299115975130e-01,2.189686799608099588e-01,8.589685481694870894e-01,4.971187353773582895e-01,2.967415379241530315e-01,9.304044531487132286e-02,9.559718412466888804e-01,7.112033169558993340e-01,-1.353253490165151063e-01,8.072603089015755184e-01,7.499713751668942718e-01,9.751871153679648740e-01,6.009259516019996861e-01,7.768254774194295331e-01,4.630078585551080650e-01,8.008901889398498675e-01,5.430527636825055460e-01,4.164358062641506097e-01,9.537163864525243229e-01,2.443115511236089721e-01,2.823720990808110121e-01,2.473005325477805605e-01,3.886243366253460119e-01,6.091669218600779256e-01,7.977165178551683944e-01,6.343094871477582553e-01,5.247511267159503667e-01,5.022428166057537613e-01,6.432514699305036908e-03,3.067356370727378906e-02,5.083082928657269850e-01,4.933011263146098724e-01,8.415297248730991830e-01,5.214305727280773572e-01,1.644664391583844365e-01,4.537378407810648828e-01,6.214260857950495431e-01,6.604215827014654483e-01,5.579163319697167944e-01,7.525368522440834679e-03,4.417992845493218246e-01,6.323421308703466304e-01,4.404617326794201260e-01,9.757764024497354027e-01,8.973041730808560823e-01,5.914614043523148679e-01,5.678646765283741349e-01,6.159515097996629551e-01,4.702653447648362239e-01,6.390995109265618090e-01,6.157497991920357627e-01,7.594638740172846569e-01,3.325134394851296804e-01,5.080028580582707232e-01,6.444864049191318944e-01,1.711491604360704522e-01,6.465439167869384551e-01,7.467922450867209294e-01,6.450129508970059433e-01,7.260454076589371031e-01,4.076985370916516027e-01,3.342223542603243724e-01,8.151475990080436773e-01,8.119242693981439940e-01,7.822177673075222382e-01,1.522864873175232003e-01,6.513633299740919647e-01,6.160173204543448744e-01,9.787850963763026213e-01,6.428950318196634539e-01,3.106160781525347248e-01,2.648971985336543988e-01,4.521236720231907036e-01,5.281763558093091060e-01,8.267001098502103629e-01,7.471922924526853693e-01,3.213925626281172176e-01,8.001454044669816801e-01
4.210635701159767819e-01,5.191182426642804160e-01,0.000000000000000000e+00,8.528341371770498114e-01,9.711208343677228960e-01,9.651082566041264688e-01,5.186926753556989622e-01,8.692827161800726898e-01,5.046031123004086627e-01,9.687934908407982437e-01,1.441986143247574181e-01,9.305306251958209707e-01,7.911697270029539597e-01,8.748263626222998468e-01,4.849465097660147772e-01,4.190455517250713524e-01,7.096232294160752518e-01,9.546856744681827545e-01,6.331372452650484428e-01,9.361721367070483524e-01,9.846246523507523607e-01,8.585037533686679101e-01,6.735281982558612990e-01,7.613261101253485652e-01,9.162204386816897861e-01,8.522619103227668802e-01,8.670798558695593794e-01,6.559101122867556644e-01,4.865356347108197310e-01,6.517569752566341190e-01,7.018990927873880459e-02,7.365149658179274139e-01,7.162452644441853478e-01,9.289211773935099892e-01,6.176669088939569230e-01,3.104758011823561814e-01,2.041631120023966184e-01,7.811591743026122803e-01,9.136245391154906859e-01,5.195918386356647156e-01,1.870492883377403437e-01,8.782335712920568138e-01,4.203397127331227057e-01,8.842191157361669607e-01,8.485721397748086092e-01,8.760182299156050734e-01,2.225261333454101598e-01,8.019034013311197029e-01,6.608822512726378884e-01,8.459367568557207839e-01,6.585547939515905558e-01,2.566781215452656473e-01,6.269646786537588223e-01,5.012616506624296697e-01,5.029707261145707209e-01,4.004035546266643819e-01,7.614630293775990211e-01,8.913147586932829158e-01,6.278090833196836584e-01,5.695911162695275198e-01,1.753946026996558438e-01,7.767606462640839204e-01,9.650666849961002658e-01,8.545905082172374767e-01,5.793444837105357070e-01,8.290645790795883041e-01,6.240732991518715966e-01,6.553937988181801622e-01,9.657145899895875907e-01,3.231475239058966276e-01,8.423941370535560358e-01,9.486036355570687251e-01,-1.372331232233959808e-01,4.679441404985047459e-01,5.822084539058971497e-01,8.780477567941501471e-01,9.172053578392170836e-01,4.024727229403333717e-01,4.798194720491602006e-01,5.406279067664707672e-01,6.834005322832691354e-01,6.742933652074054596e-01,7.301305800092506848e-01,6.984555631024362832e-01,6.293008805761809432e-01
9.762271497968040279e-01,2.484349358227876947e-01,8.528341371770498114e-01,0.000000000000000000e+00,6.587583136786405724e-01,4.151749958348075475e-01,1.090348481143766507e-01,7.380954668177628353e-01,7.492883107433097045e-01,5.402096011296047412e-02,8.908365728399589845e-01,4.844768529917882205e-01,9.044054143767400467e-01,8.027489486611555369e-01,4.085384011600723952e-01,8.046340493915168368e-01,7.191371899599113826e-01,5.845597454138833360e-01,6.404968368341015239e-01,6.495735466969213556e-01,9.916925192211265561e-01,7.097656767928334220e-01,4.616281338924915767e-01,2.506478676989593590e-01,6.355882491494274644e-01,9.278804651381978852e-01,6.137113487451549831e-01,7.605798844909257284e-01,5.544173891427159884e-01,2.467889827708817652e-01,-5.432734639630393270e-02,6.921977242153054544e-01,3.409798266900199160e-01,6.272093581175967048e-01,1.048704129429858800e-01,2.923214865573974808e-01,1.768503021660538244e-01,6.525722673769444038e-01,1.174323156531554002e-01,9.086576938782983115e-01,4.870976094492032171e-01,7.418429674687009312e-01,8.641523671417226105e-01,9.940147578515927673e-01,7.654362479254859242e-01,5.876743524289695930e-01,9.009078772291576609e-01,7.125871630513037625e-01,6.925606962443352499e-01,5.687736663235971601e-01,9.701539807640829904e-01,4.788330763119491018e-01,2.473082227864761284e-01,6.221281139744055944e-01,7.125900723220063293e-01,6.927110016955404515e-01,5.986651560384019799e-01,5.622346966153126679e-01,5.678161565450771109e-01,4.895125536955799439e-01,7.526840980778076728e-01,6.873034743965913407e-01,6.257525843956360800e-01,9.702160387372631423e-01,7.133588472044392059e-01,6.100196248231529728e-01,8.794611309615454342e-01,9.971567402392105262e-01,7.050740515923942242e-01,6.783439650223748174e-01,8.388144068122849184e-01,7.016556721711666444e-01,2.907219396829621161e-01,4.315756552566764603e-01,6.090375524986666594e-02,4.478025566283764247e-01,9.587357890332187660e-01,6.684539642871981657e-01,4.089293107775130443e-01,-1.228370244968829406e-02,5.623279954571829276e-01,9.642803779773230222e-01,6.445849625474816547e-01,7.492499150372365913e-01,9.343983886229375591e-01
5.455714303516370212e-01,3.085815401891868204e-01,9.711208343677228960e-01,6.587583136786405724e-01,0.000000000000000000e+00,7.096282002670432076e-01,5.504318238683103548e-01,1.121111730456714195e-01,4.572303361481176442e-01,7.744180993783219558e-01,2.816252122089151211e-01,4.774078648225670851e-01,2.123272495219226952e-01,7.586463241916181488e-01,5.337884705315125711e-01,3.708462560560257110e-02,7.411289399847333925e-01,7.464456343321890230e-02,8.958713287579926909e-01,8.401128332899014950e-01,6.475292158906034157e-01,6.479640912704305311e-01,4.686651864697077285e-01,7.694137049723004385e-01,7.120570148914954212e-01,3.879936832019762472e-01,6.026044722365686557e-01,6.214793175613996246e-01,5.348137006436946006e-01,5.479888800231628165e-01,4.037154046188858314e-01,2.364480753426857762e-01,7.758226172919892027e-01,7.946810695091877097e-01,9.297455162233455583e-01,4.848680324372657835e-01,5.096918626180896306e-01,3.888991204593588158e-01,9.169013890653834320e-01,6.565137321044043350e-01,2.810158937320053618e-01,9.585066371801251872e-01,6.877917289637431875e-01,2.460977767575426578e-01,8.777908735362858206e-01,6.385780674122081280e-01,8.119013531964638375e-01,5.355604782702760858e-01,2.215950288862463258e-01,5.604382678083461578e-01,9.810738532411004131e-01,5.235275359097534276e-01,9.292160774467609352e-01,9.516598982701836018e-01,8.760620441952962079e-01,9.074421922795532502e-01,3.028799232257965990e-01,1.391442679129049897e-01,5.084051179743440674e-01,5.181216846294248723e-01,5.357906422094677046e-01,4.331577380382350961e-01,8.874918274509790983e-01,8.505335827058494447e-01,5.781305727829993968e-01,7.284255101314124348e-01,6.565804409554152343e-01,8.263971333119205509e-01,-1.169300851668709923e-01,5.653722778312968433e-01,7.550290117335124451e-01,6.556245305751986496e-01,3.663947236296563048e-01,3.245056893695424383e-01,6.619315368350962014e-01,4.158011777010325316e-01,7.133037214566411155e-01,9.440060987751714983e-01,6.216626445576445281e-01,2.923609803275759589e-01,2.516949033533668056e-01,5.205396205156049838e-01,9.971258818779861199e-01,7.644860659532172198e-01,7.148359603546804442e-01
8.457605952126669990e-01,2.035426250376377311e-01,9.651082566041264688e-01,4.151749958348075475e-01,7.096282002670432076e-01,0.000000000000000000e+00,4.558482587437927558e-01,3.896760737877895120e-01,3.358057159344627340e-01,9.800546826218650143e-01,1.510220147238122423e-01,3.869261447514288355e-01,3.905526759053287722e-01,4.325716919703687102e-01,5.922597216725234981e-01,5.878820909295635611e-01,4.719560589337287171e-01,8.563035736227252170e-02,4.903937718973573334e-01,2.622808392102123354e-01,9.434485810218975477e-01,3.816680157459708678e-01,5.132957291844904013e-01,4.842246860823743448e-01,5.831563121756101475e-01,5.318790145356695476e-01,8.358473724971314800e-01,6.100784589956698145e-01,2.976592462419909713e-01,7.311298184582563919e-02,6.494926202487878442e-01,7.316719237956484934e-01,8.922662375075651742e-01,7.002319594030479433e-01,7.471442753369603729e-01,1.009277645227494580e-01,6.616439959922699732e-01,7.064397169394066589e-01,7.098010260833083063e-01,8.421183058654506670e-01,4.799338048727475395e-03,7.867247509211897638e-01,1.264050330778323794e-01,6.067174687356229335e-01,6.127291083233955549e-01,8.483940452762628315e-01,4.195354753717228657e-01,6.765722981163292404e-01,8.139430721594815843e-01,6.671761444415246212e-01,6.427768452363117335e-01,4.869024761165696713e-02,6.621354556342815556e-01,1.976794032101406307e-01,4.216811746166266306e-01,7.281317453234004144e-01,5.929110292561441398e-01,4.565637601734187090e-01,6.612870575351971203e-01,3.936371840902896380e-01,2.836309477524209810e-01,5.319248907432763129e-01,4.935910545189472476e-01,4.212266234929091246e-01,6.408918965732477435e-01,7.969806478398637761e-01,8.872301589767884744e-01,8.133931778925501677e-01,7.201837952799318154e-01,6.298037354484292694e-01,9.876644277111075176e-01,6.808316162386721659e-01,2.188105223320668258e-01,7.219058929139871017e-01,4.922051875312623281e-02,3.600649572559689870e-01,6.688515128287033651e-01,4.124049856206830067e-01,6.177072863383283874e-01,3.927043228856918478e-01,8.183259519608321667e-03,5.494703007546681839e-01,3.434170312672121250e-01,7.188628692694598588e-01,7.744921129075724719e-01
9.433150425074383616e-01,5.278731856536806877e-01,5.186926753556989622e-01,1.090348481143766507e-01,5.504318238683103548e-01,4.558482587437927558e-01,0.000000000000000000e+00,5.952770401988761728e-01,4.383502705010555722e-01,-2.453561392850788225e-01,6.931214926780332464e-01,4.709685804188250002e-01,7.690258821389382993e-01,7.046014746215141233e-01,5.967238234303191557e-01,4.636074025900364659e-01,8.892654910203160457e-01,6.766695557272173200e-01,7.523829747527320810e-01,4.259084710008920194e-01,3.151885290725243705e-01,7.971044187674226622e-01,3.007636168055488612e-01,5.275211283035843302e-01,5.179605428504640008e-01,4.816444497414975601e-01,4.284430583448707863e-01,7.850148075255692914e-01,8.715283824672609425e-02,5.940856607125769573e-01,3.251618468048317334e-01,6.177246849304196541e-01,3.695930284771766772e-01,3.492857494855702294e-01,7.904468751380422376e-01,7.449620763418007829e-01,6.379055109872511231e-01,-8.842353792684937153e-02,6.934399485885551773e-01,1.064062003908449183e-01,7.335570197564884598e-01,7.828439309052822592e-01,9.504528400926589571e-01,4.978557112152254271e-01,8.265818858214075693e-01,5.231146223352041158e-01,5.665989509404300017e-01,6.444663601950473275e-01,-8.842896593798392491e-02,5.621705762281611340e-01,7.618625952679592972e-01,6.831372861680331532e-01,3.332641199457206937e-01,2.888898338385079700e-01,4.258971554756252331e-01,4.760901161366747347e-01,2.171888555007587263e-01,4.030482630448219417e-01,2.163910766303256961e-01,5.575171860959849957e-01,2.149263362373031450e-01,2.924102544424186378e-01,5.402278621172760253e-01,6.156509850559211960e-01,9.230267146729151939e-01,6.714061345251147728e-01,4.762645713075766007e-01,8.711796163915624946e-02,6.629732352045342170e-01,5.644870858060387908e-01,2.930726745569542380e-01,5.997930114335957574e-01,8.489466820716279338e-02,9.564790865756403471e-02,4.929400668611353953e-01,4.316058164350965454e-01,5.749625731832831432e-01,5.657357673362233275e-01,4.272013380481560763e-01,5.708344446108715164e-01,7.108549575096628770e-01,7.519111926071393448e-01,4.816302903245155836e-02,2.661590475892934848e-01,7.919960903434638544e-01
9.946635592138076687e-01,4.009522299115975130e-01,8.692827161800726898e-01,7.380954668177628353e-01,1.121111730456714195e-01,3.896760737877895120e-01,5.952770401988761728e-01,0.000000000000000000e+00,6.466717316516883418e-01,5.073145158610604666e-01,7.494953371157884181e-01,2.561692316791621682e-01,6.972098628679759269e-01,5.282409723560815840e-01,4.922293588820612076e-01,9.018776239965107244e-01,7.039289768596455055e-01,6.395936795330787739e-01,2.088562170019195030e-01,6.332606319982324594e-01,9.042246401649897125e-01,6.380734440435940069e-01,2.297454000139413643e-01,5.453943735016788530e-01,3.801007079369039809e-01,4.757700772928868393e-01,3.974063401640650639e-01,2.356560212376269670e-01,3.817971151486123649e-01,4.661998571450375328e-01,3.810342497399322736e-01,2.917657074218270585e-01,4.644190956269544923e-01,7.002445885759571720e-01,5.234598210805302410e-01,2.092221475602990544e-01,4.366648833618272940e-01,6.503488987592900283e-01,8.218290148540691176e-01,7.886227127224353373e-01,5.823163494098118065e-01,4.259975221211971252e-01,8.111617943074428405e-01,4.908383006814437399e-01,7.527939112056853954e-01,4.904281297825834884e-01,7.483175926058110994e-01,7.231262971495607816e-01,9.207006253321567968e-01,5.644997047998026041e-01,6.054898646446010141e-02,6.423103508456314004e-02,5.192013866790916587e-01,4.836979721109730956e-01,4.308167606625061818e-01,7.377913391668217136e-01,2.693019438474784089e-01,9.068793500584240719e-02,9.721782434316794674e-01,2.564886032898980317e-01,2.724847682382195435e-01,2.498581902983765812e-01,6.740294385472510585e-01,7.766369014687373173e-01,6.501805739420352115e-01,3.792025941510890341e-01,6.472111357056001824e-01,7.363648141564483884e-01,6.805371007664060556e-01,9.904449933928932692e-01,7.610304639188953946e-01,5.764985756552104545e-01,5.340485710075658643e-01,3.664699508957803276e-01,3.856865755527544848e-01,6.313632659034126293e-01,5.199519132835330737e-01,4.438287188902386715e-01,2.796629051224525098e-01,6.977842159225432217e-02,2.583611598194344161e-01,4.996354762165257646e-01,9.172982335867997383e-01,5.326105512289690536e-01,8.373117214993835988e-01
-1.706158764323145172e-01,2.189686799608099588e-01,5.046031123004086627e-01,7.492883107433097045e-01,4.572303361481176442e-01,3.358057159344627340e-01,4.383502705010555722e-01,6.466717316516883418e-01,0.000000000000000000e+00,4.027000303017843619e-01,3.356171122528415762e-01,6.090517382457690809e-01,7.475729505473849290e-01,6.080172442834134161e-01,7.692677367710480940e-01,5.125992107482175708e-01,7.964075841701934166e-01,5.361608711240647418e-01,6.308592933324420615e-01,6.739824873993710552e-01,5.844308345650944814e-01,7.676362508281464603e-01,5.195265390775192227e-01,8.754379362232136419e-01,5.069564376731495736e-01,6.032920109138315556e-01,2.577459120989665786e-01,1.511212341657144388e-02,7.473505689604602598e-01,5.672039428568473873e-01,4.615416319126720013e-01,2.878714112209425080e-01,2.890669705749513430e-01,6.941589629999526112e-01,9.099191764779613889e-01,1.310196805298098621e-01,5.373813497515692594e-01,2.133080400454551717e-01,3.568168713426335126e-01,9.561749615975201344e-01,2.460843766445307279e-01,6.861606150149366368e-01,2.436411074345877503e-01,8.157688691670527126e-01,6.753125082324487050e-01,9.398405890698207088e-01,5.086253546932494318e-01,2.217239945022983494e-01,7.870295954455224230e-01,7.586213647741735233e-01,3.823547944761401807e-01,8.825971703612408570e-01,4.077882666615193497e-01,4.175055490584698159e-01,9.343138567065140121e-01,6.251565041958209168e-01,5.174898465443221740e-01,1.639234438677525385e-01,5.467270018375698371e-01,6.553073005214173907e-01,4.567542488381739485e-01,1.562219954661639987e-01,7.618348067539562063e-01,9.001885138733121128e-01,8.230199895380714281e-01,4.879597220746305641e-01,6.752285860904463366e-01,8.937184825582230596e-01,2.524696207417004290e-01,5.918882095021460454e-01,7.998373921125516706e-01,6.687498670139245815e-01,4.781241850621284484e-01,3.034807662371526993e-01,4.613605554443670487e-01,4.033269828548764480e-01,9.998560087871686264e-01,2.502636516420031487e-01,6.436298152140158824e-02,3.648864335227818279e-01,1.841109404301188857e-01,8.807359920734694203e-01,7.521280994318697566e-01,2.703872686122030800e-01,7.266416454027921912e-01
9.932137948307222519e-01,8.589685481694870894e-01,9.687934908407982437e-01,5.402096011296047412e-02,7.744180993783219558e-01,9.800546826218650143e-01,-2.453561392850788225e-01,5.073145158610604666e-01,4.027000303017843619e-01,0.000000000000000000e+00,6.377532058404414839e-01,3.863604564265986085e-01,8.555667462439071613e-01,4.656307039535223513e-01,6.058682799247741002e-01,6.290233044626079018e-01,2.190029219278832595e-01,9.750337387328110728e-01,-3.817351476642963370e-02,8.615104779133020418e-01,9.044946360073246039e-01,3.803194282536171977e-01,9.774442908980017775e-01,9.186160465833562716e-01,3.820111582411420681e-01,7.305302250316338952e-01,8.451768801279258003e-01,4.276116149325512872e-01,4.755762245886183126e-01,2.586183700468989155e-01,7.431609660795444050e-01,5.448886816105287245e-01,6.097255415883069407e-01,6.156475195395845201e-01,4.842599320111427019e-01,6.062367169177308446e-01,4.123329272179994676e-01,7.514992193648191154e-01,2.900434064559731517e-01,6.217341590625231618e-01,1.693874331646445242e-01,2.727804334905060135e-01,6.869324393248380511e-01,4.797921148244582157e-01,4.120232081720044404e-01,9.428849023513323768e-01,6.908048951576508667e-01,4.112311258030985073e-01,4.639567758281833432e-01,7.267860497431176681e-01,7.567353922856615567e-01,4.370545266527490758e-01,8.867679309911292718e-01,4.151446749813214043e-01,6.696888260603783838e-01,9.807950260156969025e-01,5.774573921476844340e-01,7.109260787976329210e-01,6.936964523779738379e-01,7.792065065314230932e-01,1.021614756412583258e-01,5.120560657591872733e-01,5.096589162248492677e-01,7.562068005924892367e-01,9.359215557951322539e-01,7.587916807062257130e-01,6.970097825698052807e-01,9.071582351165133895e-01,6.161871394118735301e-01,6.781136961172453681e-01,8.653022104743844922e-01,6.692310288402140150e-01,4.648331202084036162e-01,3.602837767398131552e-01,5.282140977192589792e-01,2.123484757228621955e-01,9.065275791223619262e-01,5.094916364222058514e-01,1.274629387198309149e-01,9.596036400641945463e-02,6.484085234819754184e-01,8.577807124941745354e-01,4.388094781702598368e-01,5.137152557775616080e-01,6.077596518344412502e-01
7.260746428910838102e-01,4.971187353773582895e-01,1.441986143247574181e-01,8.908365728399589845e-01,2.816252122089151211e-01,1.510220147238122423e-01,6.931214926780332464e-01,7.494953371157884181e-01,3.356171122528415762e-01,6.377532058404414839e-01,0.000000000000000000e+00,4.720276415752997501e-01,6.287379555092230676e-01,8.575150711689383254e-01,5.558189253161698318e-01,9.763835443688788640e-01,7.607779596785642084e-01,5.125922063529713135e-01,6.893400464917542880e-01,6.631879890138263622e-01,9.056402862543079246e-01,6.970195875548216291e-01,7.524385059572999968e-01,7.805286016280706951e-01,4.165303629087359627e-01,6.286607401299801889e-01,7.487474845917176935e-01,7.632062008821252075e-01,6.347050562235189153e-01,2.412710951032738804e-01,4.689886587349370028e-01,6.821180238522125405e-01,6.538967481331854348e-01,8.285004656109875576e-01,6.864262757720657193e-01,4.873333856826860266e-01,-2.924062842088582803e-01,4.878240421217345801e-01,6.035122800313148517e-01,9.522071390926069023e-01,2.506321020421133361e-01,3.402950991158523730e-01,7.650497102490856349e-01,4.178882529142470825e-01,4.348524549898775682e-01,8.665024299212437109e-01,5.506793484379938208e-01,7.377783146652001633e-01,1.801791983797202679e-01,2.946053752189706221e-01,3.739734779296811640e-01,7.903077135275603515e-01,6.660228657793736406e-01,6.487671677603368270e-01,5.329065015055125532e-01,-1.501820945596422097e-01,4.305453480940043542e-01,3.656222020303495079e-01,1.703210003015481755e-01,9.194341162566069259e-02,4.086276582208716035e-01,2.203486973766146106e-01,4.302477555117125707e-01,8.802005944312588648e-01,7.185854125061151843e-01,3.977144484852228601e-01,4.812596235537335843e-01,9.151163543847786741e-01,3.429603849136328986e-01,-3.011536952497118058e-02,5.759664082309109423e-01,6.823568308705528773e-01,3.434515557701643962e-01,2.861595375084698967e-01,1.495259443996808379e-01,-1.070329907353839427e-01,9.559742783904429109e-01,7.709753361994273746e-01,1.779976245111359878e-01,5.989309277847756352e-01,5.060850477835775463e-01,7.148759098993086036e-01,4.058372990889866361e-01,5.829875918090435816e-01,6.770630299188559187e-01
8.075839188855771233e-01,2.967415379241530315e-01,9.305306251958209707e-01,4.844768529917882205e-01,4.774078648225670851e-01,3.869261447514288355e-01,4.709685804188250002e-01,2.561692316791621682e-01,6.090517382457690809e-01,3.863604564265986085e-01,4.720276415752997501e-01,0.000000000000000000e+00,5.986576675074291032e-01,8.418426882633083252e-01,7.518693107360042704e-01,9.294310993028662704e-01,5.635556012574098883e-01,5.711029187601655011e-01,4.140862435626122551e-01,7.581558605385277927e-01,7.282391647148311886e-01,5.803062902690854230e-01,9.940486249601243607e-01,7.013112929292671938e-01,4.843395100465699987e-01,6.818617695566133730e-01,9.380297378842334943e-01,5.934818272555959506e-01,2.623067874937894395e-01,4.313814630323880017e-01,2.072949295627963262e-01,5.053265091132848053e-01,6.430290089125190178e-01,6.806165505244571312e-01,6.830815450052313276e-01,3.544295361930052124e-01,1.597203480608601067e-01,5.461165134522163456e-01,9.520669007062473321e-01,4.340588560858834599e-01,4.904063557718606470e-01,7.844687009881298190e-01,2.889278512350315076e-01,3.246635573031894650e-01,6.579262116264984472e-01,2.638722427590290964e-01,8.027871541818518697e-01,3.603173467049733958e-01,6.747435733188206219e-01,9.359611123701963020e-01,6.213827006220551397e-01,8.608680448340433333e-02,5.322174776281748398e-01,7.499263770889497138e-01,4.361386751345049384e-01,5.162937963203836356e-01,6.956053950395250096e-01,5.903911031961002198e-01,9.805726597092833119e-01,2.010614436297083196e-01,4.914296627564019859e-01,3.933825082554448516e-01,-1.760533179220823419e-01,7.353878720245521361e-01,8.217228284847052366e-01,7.392124895543726870e-01,6.217720237062097643e-01,7.942663350587066962e-01,4.059974128684386563e-01,4.882540357018824162e-01,9.031595167217281173e-01,9.768140977697861160e-01,5.714225327473918536e-01,5.744184110715147007e-01,4.694754714638467719e-01,7.689061507250256611e-01,4.523353029240324563e-01,9.782083951968928437e-01,1.987106440756682968e-01,4.633948670389086977e-01,6.914240700745909463e-01,4.164624385286938568e-01,6.788295767473609965e-01,6.122623896852882330e-01,7.727139997643188707e-01
6.665489408647473635e-01,9.304044531487132286e-02,7.911697270029539597e-01,9.044054143767400467e-01,2.123272495219226952e-01,3.905526759053287722e-01,7.690258821389382993e-01,6.972098628679759269e-01,7.475729505473849290e-01,8.555667462439071613e-01,6.287379555092230676e-01,5.986576675074291032e-01,0.000000000000000000e+00,1.834543447266707428e-01,7.692938781353466648e-01,9.280875898092360021e-01,8.017285403177264458e-01,5.760019787695227489e-01,6.206984911737682964e-01,6.899854312090853981e-01,6.605848327123706731e-01,6.557442319459902969e-01,8.828478443206404513e-01,9.922269923023110394e-01,6.388981345086259811e-01,4.047473294009508171e-01,7.243638855648040220e-01,7.274707066031156355e-01,6.423314230885444065e-01,5.039509624090748180e-02,2.205207646998055479e-02,1.840453154911892153e-01,7.339934001377551587e-01,6.654560242362614897e-01,3.341815443220615967e-01,2.837183533623208187e-01,3.261669591143941116e-02,4.425338539445737851e-01,9.129569353378781393e-01,8.044923119748426110e-01,3.261672868768376032e-01,1.001852003713654959e-01,3.123372988950022799e-01,8.870650734250100644e-01,3.115579752360483901e-01,6.050060736404831996e-01,9.059828490357924036e-01,2.348452142708450652e-01,6.858447035422542415e-01,5.416772150514228557e-01,7.092454467761096781e-01,8.393241898342657104e-01,6.062884481266322956e-01,4.499982969878975059e-01,3.678176004275944821e-01,2.991565457573376885e-01,5.669054116310171532e-01,5.554662311834710486e-01,5.768342590314805979e-02,7.346573749343479065e-01,9.546136655376412372e-02,3.109909374019810546e-02,2.657422227996989461e-01,7.207388263770079240e-01,8.781227144450379773e-01,1.347399537447858120e-01,8.167463215075940752e-01,6.751770209268250778e-01,4.433421213638838454e-01,6.877606985578454957e-01,7.421668548687289091e-01,5.701550559647726724e-01,5.851628889133806410e-01,3.836120419582141339e-01,7.782740513903332324e-01,5.244088182357381500e-01,7.525767203736110078e-01,9.901750907870230378e-01,5.207503019905337371e-01,3.514310893401244584e-01,6.777929070217244556e-01,7.319451395855169906e-01,7.799381109673320100e-01,-1.497486479286883054e-02,7.287985686368887439e-01
1.518299623365454709e-01,9.559718412466888804e-01,8.748263626222998468e-01,8.027489486611555369e-01,7.586463241916181488e-01,4.325716919703687102e-01,7.046014746215141233e-01,5.282409723560815840e-01,6.080172442834134161e-01,4.656307039535223513e-01,8.575150711689383254e-01,8.418426882633083252e-01,1.834543447266707428e-01,0.000000000000000000e+00,8.071701178682408884e-01,7.616693673599033154e-01,5.422378513500215602e-01,9.664791843920315095e-01,9.346535115065877086e-01,3.167327777198216121e-01,7.240502191505658880e-01,8.861199006311104576e-01,7.314837216522713792e-01,5.038197768748278182e-01,6.160208457863669551e-01,2.585178828759024938e-01,8.413075866996535535e-01,6.444004890221998183e-01,2.499691560410190472e-01,5.060583420706060709e-01,-6.401982549749024587e-03,5.673821175785249693e-01,2.087883869527590308e-01,7.485340541393701308e-01,7.365046460134919704e-01,5.418946883966357930e-01,-3.238858195047403243e-02,9.148741546200227504e-01,3.503220764718942837e-01,8.589317524074444599e-01,2.778137630366760980e-01,7.089437198845632837e-01,8.736626472136024280e-01,5.710439022888105232e-01,8.986726471311232700e-01,6.811016105763163520e-01,2.412287617164146636e-01,1.236668983593517679e-01,1.635934406650688677e-01,7.870013651240324037e-01,9.880805697207803995e-01,6.683212498250706846e-01,9.856824649410265149e-01,9.122043760032855220e-01,3.758299645404446498e-01,6.050991926345188343e-01,6.208679719043954659e-01,8.398664823191780426e-01,9.400975841340305506e-01,3.555461853740483069e-01,5.495650209039557588e-01,4.856599872959784792e-01,7.413151621058785556e-01,8.897235698450731700e-01,8.538764392993232200e-01,9.721830660982990757e-01,4.789204126676844253e-01,3.685224745653673528e-01,6.281478671631027799e-01,2.836311411065679522e-01,9.118806061350098746e-01,8.988467965129580683e-01,1.779538430410964600e-01,3.737968668760808244e-01,4.680379073051685324e-01,9.071825997115261497e-01,9.937896277163740244e-01,9.270547086076873500e-01,-2.703316595246499365e-02,5.847827311504123493e-01,2.326942306776803027e-01,9.560198341229361185e-01,6.820939575989792836e-01,6.677593831573829242e-01,5.787213020108208372e-01
6.399927221503950436e-01,7.112033169558993340e-01,4.849465097660147772e-01,4.085384011600723952e-01,5.337884705315125711e-01,5.922597216725234981e-01,5.967238234303191557e-01,4.922293588820612076e-01,7.692677367710480940e-01,6.058682799247741002e-01,5.558189253161698318e-01,7.518693107360042704e-01,7.692938781353466648e-01,8.071701178682408884e-01,0.000000000000000000e+00,4.646723881403858059e-01,9.337667549158595870e-01,4.000171742701122968e-01,4.248714917013467485e-01,5.024634290717174823e-01,9.519535620441404999e-01,6.208277901538891141e-01,-1.771476211838404757e-02,3.063787078901795136e-01,6.279138275474100972e-01,4.703650889482452468e-01,4.172855165822562107e-01,4.752496833200541282e-01,2.043717901162009076e-01,5.432945290042709985e-01,3.344589836211373651e-02,7.385546752522778036e-01,6.395425756645659598e-01,7.152603822987703142e-01,7.284226787687833049e-01,4.407453236861570978e-01,4.317795552577385343e-01,9.510604680365430941e-01,4.431747239562137120e-01,6.031710009461924704e-01,-1.860866116444589990e-02,3.209181881189434593e-01,7.870424193168910065e-01,5.109212354112281362e-01,6.714025989967673524e-01,5.710838247435932047e-01,7.688246577860609055e-01,6.251768998775550923e-01,6.408952000214775957e-01,6.497517666287060401e-01,7.736360652691994799e-01,7.885552245255053050e-01,9.073003890327554499e-01,7.161135751389656745e-01,7.701884096636208987e-01,4.708925721793422725e-01,3.206731142794649325e-01,7.543182639512391319e-01,6.056691069349672274e-01,3.988018459548633987e-01,3.861952565934385628e-01,2.143439872062066764e-01,6.469545073125697598e-01,7.696078731341566836e-01,7.221823233779300910e-01,6.757353310327531837e-01,5.123678511355382881e-01,9.717507882260910668e-01,4.259895553654777789e-01,6.318691826015313540e-01,8.743910644160670653e-01,4.276672422803293183e-01,2.738390101283140754e-01,3.762463905641081352e-01,2.942652351330590776e-01,7.621297953476982023e-01,4.735705775813283669e-01,4.162104740825236515e-01,5.275489943310943675e-01,2.233142455690507178e-01,9.546138296099093701e-01,4.537669844287435805e-01,4.656102861167341622e-01,4.180372323875342633e-01,6.406680974162386466e-01
6.113069890604526657e-01,-1.353253490165151063e-01,4.190455517250713524e-01,8.046340493915168368e-01,3.708462560560257110e-02,5.878820909295635611e-01,4.636074025900364659e-01,9.018776239965107244e-01,5.125992107482175708e-01,6.290233044626079018e-01,9.763835443688788640e-01,9.294310993028662704e-01,9.280875898092360021e-01,7.616693673599033154e-01,4.646723881403858059e-01,0.000000000000000000e+00,4.186121494276991428e-01,4.239177995933254284e-01,9.900164009278404897e-01,6.341675094803485013e-01,7.740999200847391570e-01,7.787844769528704525e-01,5.470390368540187787e-01,4.416445939111003915e-01,5.117088579242269342e-01,2.661075642273392772e-01,6.375438242393284272e-01,-6.311234545456120837e-02,-1.414433211514338207e-01,5.810675894557847387e-01,5.417711910345213155e-01,2.083479336814463290e-01,6.282698400265582794e-01,1.468733735122402240e-01,4.022893292876258409e-01,-1.190877601590381030e-01,7.964681858643384293e-01,7.939605285785542588e-01,7.872656064876377702e-01,8.695140811759746180e-01,2.023999848076685482e-01,7.634666118384769717e-01,1.247088764238007408e-01,6.839370374941167174e-01,6.663845598787361268e-01,8.642283830317237792e-01,9.521936840678375535e-01,7.011360262231760565e-01,4.079628967878565771e-01,7.792305436836094445e-01,2.932353007424496338e-01,9.980327515897496893e-01,7.863865837087333777e-01,4.138245928141323637e-01,6.028320579148127578e-01,9.325485553550403317e-01,9.616076582042318854e-01,2.332718661311960762e-01,7.551900639425536133e-01,4.309112645405466235e-01,4.332613025341078838e-01,7.896951471095234876e-01,7.046959664971254034e-01,2.460355917125935654e-01,8.777667984608894525e-01,1.675027560554354367e-01,4.990798795069924521e-01,9.333203251337136575e-01,2.031454544829509323e-01,6.637810290958672255e-01,7.471405432006699154e-01,6.088592271333049810e-01,4.988388728567983987e-01,3.518001311826721711e-01,6.187768041416382703e-01,5.521128488192384998e-01,-4.739901552457681522e-04,9.819586168884080202e-01,9.547595483871913757e-02,3.808731522839770567e-01,2.636801971756018159e-01,9.635311052826898148e-01,2.363355606737383152e-01,4.716895604083184979e-01,6.480369350352717106e-01
9.195822515879108483e-01,8.072603089015755184e-01,7.096232294160752518e-01,7.191371899599113826e-01,7.411289399847333925e-01,4.719560589337287171e-01,8.892654910203160457e-01,7.039289768596455055e-01,7.964075841701934166e-01,2.190029219278832595e-01,7.607779596785642084e-01,5.635556012574098883e-01,8.017285403177264458e-01,5.422378513500215602e-01,9.337667549158595870e-01,4.186121494276991428e-01,0.000000000000000000e+00,7.225911698030629271e-01,7.605092388687535454e-01,2.949693671807789297e-01,7.371966910704571552e-01,7.085945464179759234e-01,6.739494567336914432e-01,6.228491848915220785e-01,7.622277672546045046e-01,4.624385689945277322e-01,7.291738475235877148e-01,3.849027342245331385e-01,6.381213169287550668e-01,7.718524750689976788e-01,-8.713185533906009361e-02,8.924071747967173840e-01,6.349694653044606341e-01,3.096321226806548754e-01,6.141573693025890179e-01,5.457920415882809850e-01,1.844944174022415395e-01,7.117558262566456850e-01,6.657839467783437382e-01,7.623879198127100354e-01,4.977577781459140427e-01,6.804493966038012154e-01,7.487266121215007120e-01,1.701115228528320492e-02,6.172902741252130898e-01,4.630494144875221263e-01,9.374980363659293214e-01,8.443263734746768723e-01,7.997469367869021184e-01,7.771278549232243371e-01,8.207473798315357838e-01,5.974430968869715031e-01,5.006128155206261976e-01,6.090081401800941929e-01,3.540734575762106706e-01,6.777219710640669526e-01,8.062711608303381183e-01,9.719139751601842958e-01,5.175033410579576998e-01,4.242359977412301086e-01,2.640289217741867978e-01,7.571746526876383943e-01,5.082227555357621274e-01,8.113584286729124129e-01,4.463471044488521167e-01,7.827370379319557037e-01,9.829183944829062991e-01,8.629107383280483212e-01,7.411119800570683536e-01,6.085882393853407901e-01,6.949424755795435837e-01,7.539686581492968109e-01,5.150027486457465775e-01,1.583883134535296888e-01,2.066610272002350479e-01,8.831185773054684995e-01,8.396916863516454832e-01,6.351027095229411223e-01,3.932661486650612659e-01,2.735404904062400666e-01,8.777155358239893124e-01,9.860804396979144792e-02,4.443530188044332863e-01,3.625385123140696386e-01,6.481223429708720118e-01
8.804417475101737889e-01,7.499713751668942718e-01,9.546856744681827545e-01,5.845597454138833360e-01,7.464456343321890230e-02,8.563035736227252170e-02,6.766695557272173200e-01,6.395936795330787739e-01,5.361608711240647418e-01,9.750337387328110728e-01,5.125922063529713135e-01,5.711029187601655011e-01,5.760019787695227489e-01,9.664791843920315095e-01,4.000171742701122968e-01,4.239177995933254284e-01,7.225911698030629271e-01,0.000000000000000000e+00,4.380994286870943388e-01,6.543088317632901330e-01,6.663870734634440574e-01,2.082587921810442610e-01,6.252022838207997868e-01,9.792253422594676682e-01,7.804746759001803813e-01,6.733526734977551831e-01,6.825077947859059524e-01,4.570032442571052012e-01,-1.794628770917797989e-01,3.772390891211486741e-01,2.533476984410329980e-01,7.423271824535264685e-01,7.180488270428625475e-01,7.013336337331926851e-01,5.748594481152439206e-01,3.703380487454919767e-01,2.298320850092954448e-01,6.860441476857267462e-01,8.738285984998634959e-01,6.704840878475608612e-01,1.002375702953902936e-01,4.580994110967002153e-01,4.418510301735925072e-01,4.979058472859753115e-01,9.658058999339954598e-01,7.449588579209711625e-01,2.866772646742363762e-01,7.306178254677724304e-01,5.863878059785955221e-01,1.642045829589218117e-02,8.007684718888272712e-01,7.264975041287178303e-01,4.929437629168069157e-01,5.312758373742605400e-01,8.026409438619224179e-01,6.169245872182669288e-01,7.750348594159240934e-01,6.255170695020324523e-01,6.606423288002560845e-01,5.315663102343824997e-01,5.380732119378995870e-01,5.407993204160356226e-01,4.348065616344495288e-01,9.562213192902141445e-01,9.816099432952438697e-01,7.497320915380494277e-01,4.131158450467211085e-01,4.158985439685690677e-01,5.608832235189435966e-01,2.192258703650108997e-01,4.167356157807705630e-01,7.112693963425091859e-01,2.342605497567867012e-01,5.956230582332282530e-01,6.522619500431051653e-01,2.565821286981566640e-01,7.339773037843229098e-01,-1.913965677848900315e-01,1.508999713834386913e-01,4.477688737537812713e-01,5.701027868221716366e-01,2.368670340244231620e-01,6.636247254939194873e-01,5.005561262677248324e-01,7.103423104729199578e-01
