0.000000000000000000e+00,7.193307086623734747e-01,4.176415556253845196e-01,3.550338989477797025e-01,9.330269240251534146e-01,2.066893423219453019e-01,9.443218738542539237e-01,7.411694492809715040e-01,6.879532829076261402e-01,8.820297328926013369e-01,9.241104027688348266e-01,7.658020457939647141e-01,2.479999405024267412e-01,6.252611603087192549e-01,9.105526619920916165e-01,9.501825865131324766e-01,8.894464390751251059e-01,9.136425237335303873e-01,7.974510581804883369e-01,7.745756396422712742e-01,6.088943355295097781e-01,9.742558043527655975e-01,4.178340316900331364e-01,7.451748248252312301e-01,8.838341139475164310e-01,2.119093539754466626e-01,8.240039256722395677e-01,1.703958552925533276e-01,6.823273414875821175e-01,1.201448553889309240e-01,3.270610131886549365e-01,8.272829770789176251e-01,7.146240826211991415e-01,4.460683125304432117e-01,7.168724337753163978e-01,5.107027085115203313e-01,1.145028518110409177e-01,6.498832911530885159e-01,5.181493155881531365e-01,7.130865335000896588e-01,1.490463178448002413e-01,8.357940946891970757e-01,9.636872445992072933e-01,4.049629273075511238e-01,6.497018830455987271e-01,5.564089927520342593e-01,4.441458824407823469e-01,8.418162484169547932e-01,5.137817939233854103e-01,6.774271880061087936e-01,8.683644742118641346e-01,9.161531536343031634e-01,4.279748960944744773e-01,6.156597272363443230e-01,4.372898199565750654e-01,6.736600743024863114e-01,4.827535687983138257e-01,7.503795687010397231e-01,4.079778582946751997e-01,2.306736446958829734e-01,5.709135941767026212e-01,7.850599452173844250e-01,7.508516895487726828e-01,5.960287420681552595e-01,9.296320104791291339e-01,7.525550214869566323e-01,7.524238643962792850e-01,8.166836631366922727e-01,2.433838772728330047e-01,2.751747445779911261e-01,2.912578452715865462e-01,7.588121606271941433e-01,-1.999794284327890137e-01,2.851940468009569463e-01,7.229225529739508049e-01,8.669140948375759770e-01,8.656422911355616812e-01,9.413263461153207334e-01,4.088991992378390727e-01,3.578418742282168385e-01,8.952869467543600468e-02,8.077347784677197939e-01,9.067809518710127081e-01,7.930920909883300007e-01,5.539614657879958770e-01
7.193307086623734747e-01,0.000000000000000000e+00,6.712558098907450699e-01,7.298381915733519465e-01,7.937165136115891251e-01,5.270501767587167929e-01,6.765492181696097784e-01,5.130002851058737545e-02,8.433322092968212336e-02,2.561504034294087018e-01,8.859821129702878384e-01,7.643612876399512590e-01,6.131430409938688486e-01,4.252187610565177911e-01,4.114589635586786143e-01,7.722921116811694020e-01,6.756176048294320058e-01,8.128050627371533610e-01,7.441483919111904211e-01,6.290287407852036550e-01,5.987371369583280867e-01,1.433413619569610942e-01,5.113826073002241124e-01,8.974188567834695540e-01,4.395118600245362384e-01,6.890177750957214853e-01,2.199682585072590402e-01,4.241997782409476780e-01,7.145503309778232781e-01,2.100781848046525124e-01,2.274756191646106207e-01,6.357125498468018110e-01,5.957919906996536064e-01,6.548640493854581690e-01,8.699382895614720113e-01,5.630249457593037299e-01,3.158717272434584111e-01,4.567015359381096373e-01,7.923776972172866806e-01,6.708595554185772247e-01,5.117051473103285675e-01,4.579611728314960106e-01,6.385399871157158014e-01,8.107985294249354657e-01,5.806858892512201109e-01,6.354122568599518406e-01,9.021947551734930126e-01,5.155509408260816606e-01,2.889428374460411009e-01,2.044391439706697011e-01,3.323961497324469661e-01,5.191961918483365412e-01,7.409638114003155307e-01,7.330202713540042714e-01,5.615266463592500923e-01,9.613715174314667600e-01,4.951312693528427400e-01,8.084115206487597627e-01,7.455404801060171449e-01,4.467379485112121240e-01,1.318442382222755893e-01,4.411484099232336753e-01,4.505051950482837908e-01,5.975023438658845221e-01,5.995274766836973246e-01,8.455843020290590983e-01,7.207450149010313778e-01,6.433439405327174843e-01,7.353119568385254601e-01,5.110413026299517325e-01,7.539073904957405148e-01,2.852462824435549882e-01,5.121717862876159488e-01,2.226928476199061813e-01,7.406357134643184459e-01,4.277782098648019171e-01,5.988094334142823882e-01,5.851459648019853299e-01,5.979557184921560076e-01,6.407043076206386800e-01,2.508177855352485275e-01,8.717277454943501702e-01,6.042026841864300835e-01,4.326852305141881128e-01,7.074629233712879106e-01
4.176415556253845196e-01,6.712558098907450699e-01,0.000000000000000000e+00,4.103131283400061058e-01,6.406816321405439663e-01,6.350062168619858838e-01,8.269518121410402989e-01,8.563891150300114719e-01,8.769066837849321949e-01,3.044540603007981350e-01,9.491394033238108596e-01,4.910672497492314381e-01,4.764940581765411132e-01,9.947967138695715805e-01,6.658159541918476920e-01,8.729274283649375299e-01,6.417138381628544330e-01,7.712756577197219521e-01,6.721247063801951693e-01,7.201308209505581370e-01,7.548228313397993272e-01,5.217181765108145353e-01,6.801180920871789937e-01,9.686824225515195952e-01,6.157157349732015339e-01,7.345041570087099680e-01,9.608766844457060641e-01,7.221484430052959036e-01,3.735882159343678621e-01,3.950259622099113743e-01,1.533255064740241258e-01,6.241497340657354842e-01,7.027388267787693099e-01,7.378447664346143853e-02,5.879458050613144415e-01,6.533258377708108799e-01,4.306808871918412218e-01,4.067029914538992652e-01,6.027770000268117823e-01,4.754109421073876018e-01,3.827121509223945228e-01,6.968972338013033063e-01,8.711808050703822026e-01,5.468464971371301830e-01,5.712456000702975656e-01,7.069901612243476574e-01,6.961503471121684994e-01,4.098403730720879268e-01,8.765352635643492984e-01,9.170160456681529793e-01,9.893613628458681752e-01,6.276879902095136021e-01,6.756109518253209378e-01,8.691206746128403715e-01,9.674221862870272526e-01,9.769679539151459036e-01,4.997986170447295540e-01,8.555193401733571790e-01,7.655898433273858883e-01,1.433120528219762047e-01,3.513961679742919619e-01,8.838840309140197915e-01,8.620274777156232693e-01,8.516457836660034086e-01,9.120852303655737625e-01,8.736621257926069362e-01,8.832567627588502335e-01,6.771260414168379649e-01,7.825217374246351554e-01,6.986963802056546102e-01,7.018856038915757267e-01,9.022391464680366013e-01,5.967525639443933549e-01,4.853398397605833137e-01,8.368840903011681709e-01,4.325929611829529287e-01,8.764051335161721079e-01,9.516770460412209420e-01,5.602842545608892610e-01,7.784599567802104048e-01,3.256897645494948312e-01,8.121060802695770908e-01,6.891031181098264957e-01,3.983791338624312894e-01,9.438864107228457367e-01
3.550338989477797025e-01,7.298381915733519465e-01,4.103131283400061058e-01,0.000000000000000000e+00,7.439854364078586357e-01,4.744926019457961219e-01,4.792663676484001933e-01,2.946066629716935781e-01,6.891821835631393167e-01,7.142087975936631805e-01,6.530336982597632067e-01,5.886951451241144717e-01,6.328568116538579869e-01,4.912250411558418683e-01,6.012265085808432552e-01,7.978223853866639459e-01,5.855767245657563791e-01,6.567167344137759821e-01,5.119510511152592924e-01,9.221057706298629864e-01,6.237562985218694234e-01,4.990563781720706027e-01,7.638667391196800605e-01,4.521276254663041394e-01,3.527646969378326336e-01,7.401580541660384149e-01,9.077386175925618028e-01,4.027485878213495352e-01,3.565487031963280318e-01,3.517714696472038494e-01,2.070589007323172803e-01,4.532414836484102150e-01,6.211007907733635536e-01,5.234122021217365583e-01,3.037129169992656141e-01,1.752171906912476373e-01,5.370842739976930957e-01,6.275001307473028200e-01,6.131606055873444205e-01,7.512400562831200723e-01,4.921809865293108599e-01,4.920837588015075093e-01,9.443617724174780959e-01,6.846662248259806072e-01,6.517387395272798978e-01,7.241172237734923023e-01,6.085930161223062074e-01,5.850667150073951550e-01,7.900818619793047448e-01,8.232305230464226353e-01,7.597534355250340488e-01,1.103800994393511065e-01,9.380425811152551807e-01,6.818337337562270228e-01,5.920306369477595920e-01,6.905983911209618853e-01,4.744713934464611649e-01,4.155752737610673986e-01,6.698866883383272075e-01,5.865237802730888239e-01,5.707140326831411370e-01,6.447936788523785934e-01,5.842314570187003842e-01,6.431511053707510417e-01,9.242270779039534201e-01,4.811412306186534371e-01,5.758851831694866696e-02,4.388989058316418168e-01,5.370896770556118360e-01,5.365985037391783896e-01,5.650042271957024242e-01,7.942681177745419818e-01,4.325943172451229835e-01,5.264433112174004004e-01,7.008389425943369888e-01,9.722058755831752830e-01,6.004310711776599252e-01,4.009434363268382095e-01,5.815257649419407482e-01,8.132738194047384184e-02,5.074277403347102755e-01,3.486977193229635619e-01,4.678688613189726508e-01,3.984581081153085735e-01,4.035208435313927255e-01
9.330269240251534146e-01,7.937165136115891251e-01,6.406816321405439663e-01,7.439854364078586357e-01,0.000000000000000000e+00,4.668361946949052821e-01,3.018430001066821911e-01,3.801973530819032776e-01,6.378792216924707992e-01,7.015685246769571837e-01,5.610190364338872859e-01,4.910042349810995188e-01,6.353906606657682143e-01,4.910751482141110236e-01,7.066645683557589708e-01,7.850584975889693951e-01,8.607595976825390682e-01,6.140317601113565171e-01,6.291590335518367771e-01,4.011547336937358876e-01,9.772794975635592518e-01,6.839026723750666337e-01,9.347860505381400120e-01,9.910586505027603188e-01,8.764675783730796477e-01,5.256323075230284747e-01,6.285810341455760897e-01,6.424804737177823855e-01,4.111285550418363743e-01,3.408100931127322486e-01,4.623660438897277958e-01,3.402329992137869130e-01,6.623258233768840597e-01,6.245575290717165773e-01,9.727735297473255605e-02,-1.352280063993633596e-01,2.467898709145338321e-01,7.404116483741471910e-01,3.023936779665894470e-01,5.812384591191438465e-01,3.464866286376309112e-01,7.760527067063779372e-01,6.240381665481413709e-01,7.547307183232794259e-01,7.429578734509800775e-01,5.326272141400834048e-01,6.497953164078799082e-01,6.320509647490381022e-01,4.068204018461887284e-01,7.697239694852252567e-01,6.026228314867543290e-01,6.898756973218184152e-01,6.843767241808408341e-01,4.909065901456562964e-01,9.923947599098403849e-01,8.813152498431005011e-01,4.795007058056314775e-01,7.519004125283457185e-01,6.812643681553419706e-01,3.017156432849372738e-01,2.213599421170356907e-01,7.011125851525432662e-01,9.554422518292270405e-01,9.164612741211343172e-01,7.894730789615771460e-01,7.105991905572386358e-01,5.458382400420174196e-01,8.514358507398920306e-01,6.561111007778552828e-01,4.103724714029193255e-01,5.891835808482994707e-01,7.323685616749899818e-01,5.517711355435669374e-01,-1.515867259646510867e-01,2.999929238044192203e-01,7.280641186066514337e-01,7.125786214823870424e-01,7.096909235488058076e-01,3.203570978858924501e-01,5.470066161746512945e-01,5.820285032042010753e-01,3.285023984708293487e-01,7.750895618289853628e-01,2.770897170978940949e-01,6.319328891146485105e-01
2.066893423219453019e-01,5.270501767587167929e-01,6.350062168619858838e-01,4.744926019457961219e-01,4.668361946949052821e-01,0.000000000000000000e+00,5.162657943754435097e-01,7.796951953928550338e-01,5.918574691591487191e-01,9.557155801914538618e-01,2.079933022062240566e-01,8.285937425725242722e-01,6.755665940946042891e-01,9.910383868743809499e-01,5.656505022719304776e-01,7.024398738056528702e-01,3.037168685431311799e-01,6.818947493060006915e-01,7.008492340496955686e-01,4.505013001430803188e-01,5.625143815876885167e-01,4.765929141210382136e-01,4.908027553392207976e-01,5.450793260552118102e-01,5.730942499408094859e-01,3.957253354639193588e-01,5.233518297543742204e-01,5.060722165655887617e-01,3.063895997544539007e-01,5.345555262180519129e-01,7.539828824741378055e-01,3.551988643082563124e-01,5.701002317286011367e-01,5.245680181733993752e-01,5.757448454100559943e-01,3.008676863161291459e-01,2.687779469487586725e-01,7.875532506283480227e-01,8.090273569237308449e-01,2.323437120898665387e-01,6.078463522422554721e-01,9.026910795165169477e-01,4.778827950032304983e-01,2.532020462755206203e-01,6.155393618248258258e-01,5.981364655266425689e-01,8.960337037723501430e-01,5.593378422983632525e-01,4.987423054961498958e-01,5.244960179276562107e-01,9.178888724793833331e-01,6.428345676094420202e-01,4.448650643203916899e-01,4.066331852893934617e-01,7.030365051910214547e-01,9.477720126612130258e-01,2.445080726745618438e-01,3.279165168277494158e-01,4.804451120811228382e-01,3.764271142741497100e-01,3.475783403988833564e-01,2.400173339040194420e-01,7.565146314726473031e-01,6.028050181995950885e-01,7.990595197405495620e-01,2.807576060691211461e-01,8.167502124085755932e-01,9.845607737021139227e-01,6.384470115093091591e-01,4.681263617473229166e-01,8.763384015441997299e-01,6.230388790126623055e-01,6.712493599561274449e-01,2.797850515608645838e-01,8.431876908222191158e-01,6.692000423516026864e-01,7.135148613129962403e-01,4.265659143323971003e-01,8.076304841666440137e-02,2.922032707165558504e-02,4.175785692237115598e-01,8.510265747999313790e-01,5.897193033469541046e-01,1.058376505382801896e-01,4.724094747983207526e-02
9.443218738542539237e-01,6.765492181696097784e-01,8.269518121410402989e-01,4.792663676484001933e-01,3.018430001066821911e-01,5.162657943754435097e-01,0.000000000000000000e+00,5.659356598617979461e-01,5.896330798639595194e-01,9.858798127193133531e-01,8.418272586972409544e-01,3.475215873007823641e-01,9.245500278051128618e-01,-9.714201101634895030e-02,6.439898453912374920e-01,5.354270115155703724e-01,-3.781766044534512483e-01,9.924747447778846376e-02,4.689436265895301492e-01,6.439469383359008869e-01,9.397298363743195049e-01,3.318174009626496668e-01,3.684306967459843873e-01,5.639690730878387237e-01,7.800920994454287882e-01,3.118304167436321550e-01,2.128189271466783272e-01,1.633244688993720425e-02,7.826330598606318079e-01,2.439122910844018777e-01,2.177107233873701309e-01,4.540577631369940304e-01,6.115616495154041488e-01,5.675875589321066617e-02,3.724671808739728196e-02,7.130321525314586850e-02,3.510485787446444572e-01,7.349292029629832523e-01,1.850061446897962314e-01,5.920828878757099512e-01,2.680938008529247796e-01,4.862182683438014408e-01,7.504183901611836127e-01,8.728732248413235695e-01,9.111849356297578861e-01,3.573973524705706950e-01,4.403985862394427797e-01,5.122075202273668193e-01,3.077449895969810445e-01,-1.529777336733500193e-01,6.758554570694922381e-01,7.955622610003008910e-02,8.330243186286769852e-01,7.221486117992540477e-01,7.082023168486026865e-01,5.676056912134928162e-02,1.195584474351840121e-01,4.786961500922178869e-01,6.085856881306693777e-01,1.541660985477358303e-01,5.792905249247522204e-02,2.101415046369668471e-01,3.676092115184990683e-01,1.296234725726339854e-01,9.284968473930721444e-01,7.817142601090855125e-01,3.510763376901944177e-01,7.423372921693418558e-01,3.494724497391776818e-01,3.301003404663720442e-01,1.129188178438251255e-01,6.380517909254588282e-01,4.487513752250699706e-01,5.226444822070728247e-01,5.520194018305069061e-01,3.932528388691584054e-01,7.654384566473517726e-01,5.511587109161110165e-01,5.242240939210909279e-01,4.030135714945941028e-01,4.602569191740059629e-01,9.066873276474826104e-01,5.330119498515579757e-01,9.193299985042591160e-02,7.284533801052275326e-01
7.411694492809715040e-01,5.130002851058737545e-02,8.563891150300114719e-01,2.946066629716935781e-01,3.801973530819032776e-01,7.796951953928550338e-01,5.659356598617979461e-01,0.000000000000000000e+00,3.239314116357987494e-01,2.543299628780236743e-01,2.025164002640290895e-01,1.397852019328050532e-01,6.613692683873361178e-01,8.124630885182989593e-01,5.773034371306443591e-01,3.444053957798014903e-02,5.538506926850651491e-01,7.698489124192261501e-01,6.215769498945362681e-01,7.805053629852702901e-01,9.458717792181032813e-01,9.317354630198242393e-01,5.648090142738282360e-01,8.613789775441671459e-01,6.693887358177511571e-01,3.040201328614664522e-01,2.599146008829792409e-01,4.079520316096257870e-01,4.737013389147144427e-01,-1.478527068073527961e-01,1.119912513164010442e-01,5.029199721564375780e-01,7.322287489439642805e-01,6.475054329871465786e-01,2.937215898936170744e-01,3.847297460036462891e-01,4.133134026250983029e-01,3.963384290484761596e-01,6.841966649103909948e-01,1.466745451233062436e-01,4.067823099385435293e-01,2.505910565387944322e-01,4.026728376146873623e-01,7.889650290044853964e-01,8.266887830082977340e-01,4.558633842557643923e-01,4.986138354863021149e-01,9.597827863109870128e-01,1.883621991843010823e-01,3.288727797232981476e-01,3.274967130446950203e-01,4.503651253523373033e-01,4.971784152325155470e-01,7.827434812914367546e-02,7.545115820268623041e-01,7.960325487242414511e-01,5.826107140001853812e-01,5.344706341767617719e-01,6.229969716130902002e-01,1.847109659874301979e-02,3.387074493826730537e-01,4.549329699186349663e-01,5.744123751735716876e-01,2.624681042553673738e-01,4.304988128759086319e-01,6.440600022093410093e-01,7.652383473129187319e-01,2.472949668436314752e-01,5.298329382194715276e-01,5.177359471120204226e-01,7.672468429788213973e-01,7.558998170918579396e-01,7.313346067759023406e-01,3.853643569403470970e-01,5.596847876766098961e-01,4.808820198591352013e-01,4.750382964906143535e-01,2.121760319691180230e-01,4.754702913649636598e-01,4.861739583295262568e-01,2.163088125380493720e-01,9.996519513402609691e-01,5.050637356342186912e-01,2.823112143718156664e-01,2.783591347076873057e-01
6.879532829076261402e-01,8.433322092968212336e-02,8.769066837849321949e-01,6.891821835631393167e-01,6.378792216924707992e-01,5.918574691591487191e-01,5.896330798639595194e-01,3.239314116357987494e-01,0.000000000000000000e+00,5.195667474137779518e-01,4.716461267118067235e-01,5.685533553985688826e-01,8.519536791244138874e-01,6.285641237048508190e-01,4.066732024850293614e-01,7.309749590481174897e-01,4.441798295966717380e-01,2.045481100846406330e-01,3.686887345698013352e-01,6.117073513397566220e-01,9.759718759293920520e-01,9.424849223213420668e-01,6.457643038371487787e-01,6.502723782643164974e-01,3.685600462567784064e-01,2.572858542380836999e-01,6.765655747304688550e-01,1.489892693219970476e-01,3.949234501473443126e-01,7.909092959747591189e-01,-1.663610647768801187e-02,6.501951258661589073e-01,6.123420915224592198e-01,3.821124678832790722e-02,4.522115659372204499e-01,7.753186343399559588e-02,4.578933159615626303e-01,2.808956696852857315e-01,8.142991832847085165e-01,2.826040582386301070e-01,4.492750519451251812e-01,2.193686392931636364e-01,9.939892460009348563e-01,8.547635192630196332e-01,4.048635049621567283e-01,9.072704592374402077e-01,6.005097947751981691e-01,5.326933441275216730e-01,5.830429402529953009e-01,7.793711898851665154e-01,1.963567798378770546e-01,5.414795699352207281e-01,7.616798581315762373e-01,3.214611119947184958e-01,1.782865241084545874e-02,6.320954779596905659e-01,4.680196126003162149e-01,9.985544708083849974e-01,2.534445813990526819e-01,7.541805432867129122e-01,4.518307771255376526e-01,8.525830221944252774e-01,4.626306565251195879e-01,9.478614424896292245e-01,8.992971344746009121e-01,4.440908735341134728e-01,8.901869309364670579e-01,4.849883818124052226e-01,7.952456264469072167e-01,4.491572429224413021e-01,9.723376344752668876e-01,9.637871021047449416e-01,4.752885658495328292e-01,4.922076341928716126e-01,9.496408673498837327e-01,5.240874641753952012e-01,7.145711956525279129e-01,3.805448599536551679e-01,4.058671485688248315e-01,1.705580784901219449e-01,6.730647343856892562e-01,4.050045877689793516e-01,2.204475931305953373e-01,5.732788798806949249e-01,4.244485720984489951e-01
8.820297328926013369e-01,2.561504034294087018e-01,3.044540603007981350e-01,7.142087975936631805e-01,7.015685246769571837e-01,9.557155801914538618e-01,9.858798127193133531e-01,2.543299628780236743e-01,5.195667474137779518e-01,0.000000000000000000e+00,1.643915793300820549e-01,2.477826456623485885e-01,-1.421246880665116841e-02,3.294635323786460068e-01,5.927020245745870941e-01,4.122943382865326689e-01,6.042086750294873854e-01,3.374771917565514978e-01,2.853444510709368109e-01,7.444482350739269894e-01,6.470370648048050510e-01,3.087715917265556054e-01,4.772387506346167374e-01,4.328763753486271071e-01,4.356698365943804663e-01,6.487867354788074969e-01,5.120008887226396022e-01,5.397571465833699289e-01,4.931428097708885905e-01,3.395149655094179542e-01,2.863094838269318321e-01,5.858511691549291855e-01,5.808191050444717618e-01,8.059489902629430880e-01,2.723781985013679074e-01,5.122008968917149963e-01,6.848391441338184116e-01,5.363456174099634488e-01,6.434015483606596586e-01,8.567011043834702466e-01,4.489086008445219433e-01,5.423089987331083384e-01,1.628565444606205892e-01,5.749959419542101102e-01,7.395517582566341064e-01,4.673776177954501732e-01,8.913670732822505105e-01,7.164216050170925110e-01,6.000243964042722977e-01,5.150646450411382471e-01,5.720144686926800226e-01,2.612451560593020417e-01,8.573721366025035540e-01,4.368255154164576992e-01,7.029492306981475203e-01,4.372587280588741687e-01,8.001040312079421568e-01,9.260978504597090488e-01,4.593444084471068334e-01,2.720102663551513672e-02,4.150147663068477488e-01,2.564239995531111260e-01,5.926059189495307411e-01,5.315946186708838672e-01,7.345486837557343440e-01,3.814342052834295282e-01,6.846720307335644184e-01,7.686539571635520041e-01,1.536698244617009691e-02,6.081794029583829087e-01,7.310871448900470027e-01,8.257250799321288470e-01,4.212355385270694086e-01,6.874668917492627873e-01,8.068583106604622079e-01,7.306531578662494031e-01,6.188954353579696477e-01,4.700012792833822561e-01,3.391481097577468962e-01,5.272589485274740140e-01,6.891346987972860605e-01,9.126711962732381167e-01,4.959330253548707157e-01,4.166149246939150896e-01,7.479080322172150241e-01
9.241104027688348266e-01,8.859821129702878384e-01,9.491394033238108596e-01,6.530336982597632067e-01,5.610190364338872859e-01,2.079933022062240566e-01,8.418272586972409544e-01,2.025164002640290895e-01,4.716461267118067235e-01,1.643915793300820549e-01,0.000000000000000000e+00,5.461793938455714592e-01,9.680898402475519582e-01,7.561107544328535823e-01,7.929557090975871692e-01,4.362404625710399331e-01,9.457988327248103566e-01,5.157667058082482381e-01,8.886400862811349999e-01,2.928091108092590877e-01,7.950501477873653799e-01,7.895057406590293425e-01,5.766572262997566867e-01,9.776150960464599082e-01,3.698629032605306177e-01,2.148090581695229762e-01,6.363587280147475767e-01,6.282948584373028167e-01,7.171547930614762256e-01,4.457614108657782515e-01,8.130926431504154062e-02,4.053668904960467390e-01,5.589198126002091760e-01,7.446302085088319922e-01,6.033605239191308645e-01,5.323349184367671683e-01,1.938097729618327159e-01,5.581756456784594533e-01,3.693588677059345127e-01,4.998483600407254146e-01,3.584131721040133556e-01,2.923653865115787287e-01,3.805023010825606677e-01,8.926769680115572703e-01,8.069571821532377509e-01,9.099683737769761471e-01,6.748056084712010794e-01,5.951930444566448930e-01,1.101887753367672140e-01,5.545367858544798523e-01,4.635390518760238443e-01,4.917612156735935436e-01,6.401780454813670307e-01,6.466872078055738715e-01,6.720518153673703532e-01,9.170310071243015226e-01,2.451321041688042379e-01,7.639776616324743808e-01,7.033715934520835544e-01,6.190170638688345939e-01,5.422333425993333123e-01,2.539123497167162791e-01,7.907169011269028491e-01,6.127045626880250895e-01,6.473087592922133204e-01,3.704508240936412733e-01,7.611117491708395688e-01,9.129923619281348213e-01,7.098722153072469787e-01,4.518152367654780233e-01,7.675949877284595768e-01,5.042929563020063233e-01,1.410694618028251468e-01,4.918126334303662417e-01,5.385145546114942228e-01,6.331274698782171084e-01,9.463278946023783167e-01,2.003601638695543807e-01,5.970605584256925003e-01,-3.636064750611481267e-02,9.376993616468886072e-01,2.951468462126073944e-01,9.478499696180342493e-01,5.776777722471619914e-01,4.228737678158730473e-01
7.658020457939647141e-01,7.643612876399512590e-01,4.910672497492314381e-01,5.886951451241144717e-01,4.910042349810995188e-01,8.285937425725242722e-01,3.475215873007823641e-01,1.397852019328050532e-01,5.685533553985688826e-01,2.477826456623485885e-01,5.461793938455714592e-01,0.000000000000000000e+00,6.056468760673442420e-01,3.082740550165642968e-01,2.696591238700336568e-01,5.213762745377932273e-01,8.198665810892481476e-01,9.504065232519697259e-01,4.683218499471570873e-01,7.643662664970961584e-01,7.749430075186933831e-01,2.389015363652150226e-01,9.272481105285939051e-01,7.962794842512626037e-01,5.361870341383078165e-01,6.726506982046146499e-01,4.159428464264123271e-01,9.149490006475656800e-01,3.669696074375031203e-01,1.075972848310865343e-01,4.287640273934189561e-01,7.375393511467379648e-01,6.714513540070948805e-01,5.923779574141150306e-01,6.175084069338562243e-01,6.191988348203509851e-01,5.700338626171762568e-01,7.279563518131114686e-01,4.629838181649357787e-01,7.205493632592150366e-01,7.970034023990546501e-01,6.928725071246721878e-01,9.841021463442761741e-01,8.238145997699212186e-01,6.827687164821613086e-01,4.738427650447133432e-01,9.845882215103166635e-01,7.752589379905012734e-01,7.389671061903079208e-01,2.163379582236921866e-02,3.490210981805266233e-01,4.236488880202727847e-01,7.739317973449602039e-01,6.859138177688443028e-01,3.295036425012093373e-01,3.847575286004984441e-01,4.542204205721651622e-01,7.094952613057329271e-01,5.093841821051889873e-01,1.712329359631455106e-01,4.565933948737815884e-01,6.543477849196203122e-01,6.640942062879977570e-01,7.533692296390692711e-01,8.514697737559987489e-01,5.680133639820460489e-01,5.883914168498454167e-01,4.438529642625756999e-01,7.998007195203126196e-01,7.378251883113413623e-01,6.009747442986308474e-01,6.018753560393517166e-01,5.240725271288049214e-01,6.642655303464732874e-01,5.961276858131578926e-01,6.629993627262554812e-01,6.279751451404150808e-01,3.297613228090382487e-01,2.963997564898219750e-01,-5.580169940446236265e-02,4.805003352217888657e-01,7.832834959121258711e-01,4.093855926342666596e-01,1.493169929464807921e-01,6.634514390228303249e-01
2.479999405024267412e-01,6.131430409938688486e-01,4.764940581765411132e-01,6.328568116538579869e-01,6.353906606657682143e-01,6.755665940946042891e-01,9.245500278051128618e-01,6.613692683873361178e-01,8.519536791244138874e-01,-1.421246880665116841e-02,9.680898402475519582e-01,6.056468760673442420e-01,0.000000000000000000e+00,7.689286862016436741e-01,7.085987798061598175e-01,6.920132704045768302e-01,6.219322791833323816e-01,4.284346552376529504e-01,6.030693280565805336e-01,9.328786365398522573e-01,8.202943481492174227e-01,7.570745068509108222e-01,6.759192958560773512e-01,8.770378543432592044e-01,7.913069746873427901e-01,6.201733003989589044e-01,6.865268757121938403e-01,4.862304197921849536e-01,5.271725924361037041e-01,2.619357925870504089e-01,3.832019189165029038e-01,7.741234832571630697e-01,5.306238610131570610e-01,4.680450355714488864e-01,2.047749859525240246e-01,4.935671965307469322e-01,3.583666739107472798e-01,7.085082502841221208e-01,6.078609067563206514e-01,8.543495373112089952e-01,3.580636234119203287e-01,5.001165268709398815e-01,9.930789696734289018e-01,5.856027244759214323e-01,5.491223232670268128e-01,4.537958501945615342e-01,9.797008634940019833e-01,9.187174229950892945e-01,5.850472379072295670e-01,7.585451703332380946e-01,7.361571983998640434e-01,3.698433810046050096e-01,8.125830854442155360e-01,6.395609794631716971e-01,9.252249094580650146e-01,9.742437197759323819e-01,6.476628729493069114e-01,8.468361157508702552e-01,7.393319622525057477e-01,-3.485138805210757917e-02,6.010009924001398218e-01,4.272536665682005186e-01,7.919035682366880602e-01,8.946120981701609631e-01,7.611417487056907349e-01,8.800964498348624598e-01,5.471921690240503233e-01,9.275720148291077827e-01,4.717984354895967680e-01,8.882648992114542397e-01,7.095920275403958533e-01,6.217506565685659847e-01,5.456882316503821606e-01,4.816625635881500722e-01,5.141756502552573549e-01,7.077698385042581197e-01,7.900093835584144353e-01,1.369988443980493520e-01,4.675604707570809038e-01,3.184558315293820052e-01,7.165858969334627515e-01,7.883833263582659123e-01,4.069687146653492849e-01,2.985571490280518603e-01,6.906963726625973132e-01
6.252611603087192549e-01,4.252187610565177911e-01,9.947967138695715805e-01,4.912250411558418683e-01,4.910751482141110236e-01,9.910383868743809499e-01,-9.714201101634895030e-02,8.124630885182989593e-01,6.285641237048508190e-01,3.294635323786460068e-01,7.561107544328535823e-01,3.082740550165642968e-01,7.689286862016436741e-01,0.000000000000000000e+00,6.827116608611668580e-01,8.922811762545861392e-01,9.211200220054591714e-01,9.496621043715306465e-01,4.287817221255569300e-01,8.672590712551443426e-01,8.128026262747691799e-01,6.195048238145242081e-01,7.999374098365970021e-01,9.904544950471070308e-01,3.928633287376968181e-02,5.372780397370139349e-01,8.519607797342437783e-01,5.401069627463067624e-01,1.889221426473261245e-01,1.483936005961310201e-01,2.189765122574769962e-01,7.207297887331954866e-01,8.914862684347102384e-01,7.283378645033624643e-01,7.592516165396892003e-01,7.645779957437537355e-01,1.018195146915808029e-02,7.417602055838007358e-01,8.204248624553053260e-01,9.904551341177647572e-01,3.532870007435043869e-01,2.256940893704582202e-02,5.522604743902606028e-01,8.442657792308035924e-01,7.173084602526585973e-01,7.913222615982514752e-01,7.407293743918061946e-01,2.661797892235324148e-01,9.430998484625933154e-01,9.803744857511929034e-01,3.180917619517662498e-01,8.916915810593734060e-01,2.510439454387827785e-01,6.136864086273815522e-01,7.421824180769911461e-01,4.113394991227605768e-01,9.311813625666830463e-01,7.980040908168252178e-01,5.841226658733911226e-01,3.349944707992198456e-01,2.517889337922796233e-01,4.749622931523646008e-01,5.709826460444606955e-01,1.134946110097042188e-01,9.326995319756413716e-01,4.365498243867060313e-01,8.152403388148861119e-01,7.265764078478313959e-01,2.341165186272409215e-01,7.614908237033337635e-01,7.889273224969638454e-01,7.269589519845522929e-01,6.871545751055597728e-01,3.803844582783777635e-03,2.530688801268057286e-01,4.351332240356166059e-01,6.550141922470685552e-02,5.443857177336264286e-01,7.350629668050978616e-01,6.821287593160431095e-01,6.191433717187676544e-01,7.593829906986802047e-01,9.158850898852717304e-01,4.295511850834291545e-01,1.706157378919471168e-01
9.105526619920916165e-01,4.114589635586786143e-01,6.658159541918476920e-01,6.012265085808432552e-01,7.066645683557589708e-01,5.656505022719304776e-01,6.439898453912374920e-01,5.773034371306443591e-01,4.066732024850293614e-01,5.927020245745870941e-01,7.929557090975871692e-01,2.696591238700336568e-01,7.085987798061598175e-01,6.827116608611668580e-01,0.000000000000000000e+00,7.573710701355311770e-01,7.083111513916720003e-01,7.747179536897204066e-01,7.578081102086043908e-01,7.314284703007583044e-01,7.258067406367162411e-01,8.762397477170777993e-01,5.179044068956147884e-01,7.193146420945096819e-01,4.530371322401708922e-01,6.171320465746700235e-01,4.558920292581113420e-01,5.211426183438417903e-01,3.966723371513655172e-01,6.103856716366049540e-01,2.209096982807660370e-01,2.878723524987614191e-01,5.493076927049715952e-01,5.994532515487900337e-01,5.369604500683502479e-01,4.567385716118431693e-01,4.475083527541440787e-01,6.987093776152849545e-01,6.234051218910138248e-01,9.920882381731910282e-01,2.859649070999595311e-01,6.207020319165494904e-01,8.753869177630680953e-01,7.760465456933561823e-01,6.303066870330007454e-01,6.748385313822606868e-01,6.631827317251359766e-01,6.672721069395699534e-01,4.774245611613738838e-01,5.753519505256956545e-01,7.256068566963819189e-01,4.406844950724010390e-01,8.312948024215057741e-01,7.623128168378189295e-01,4.251873744511417974e-01,6.223905036886834274e-01,5.837984708876248208e-01,5.405336238150966199e-01,6.810515726946093640e-01,3.492918196637611050e-01,4.205651133636547079e-01,4.572713877471479837e-01,5.697775906290503123e-01,9.111234251214056501e-01,9.939336356842309872e-01,7.370370964083432508e-01,9.830027620487478968e-02,8.672278608526837740e-01,3.453466203740849783e-01,5.216640193194113095e-01,5.126862791937206731e-01,4.452163143118829103e-01,4.749969897939108066e-01,2.509229239321676963e-01,5.823515224765655196e-01,7.130232051584438624e-01,4.302809513669882957e-01,7.918247699636509207e-01,1.705720283266978776e-01,1.731662207915279084e-01,6.142748134538961180e-01,7.168314905478844201e-01,7.498932832748463895e-01,1.128896675708533914e-01,7.945319847654117584e-01
9.501825865131324766e-01,7.722921116811694020e-01,8.729274283649375299e-01,7.978223853866639459e-01,7.850584975889693951e-01,7.024398738056528702e-01,5.354270115155703724e-01,3.444053957798014903e-02,7.309749590481174897e-01,4.122943382865326689e-01,4.362404625710399331e-01,5.213762745377932273e-01,6.920132704045768302e-01,8.922811762545861392e-01,7.573710701355311770e-01,0.000000000000000000e+00,7.642680730644952902e-01,-1.445917290986206694e-01,5.372954004811496542e-01,9.014140776963984747e-01,4.129012676739657883e-01,2.861946267567551661e-01,2.966875414779430731e-01,7.090830879731003789e-01,4.815921054499098797e-01,-1.195498549107054803e-01,6.369953824778337159e-01,4.221183435322765076e-01,3.259887156735191693e-01,2.975425525449653177e-02,7.588469223651868045e-01,2.917565166736605931e-01,4.626997622459376736e-01,-1.411963290578691910e-01,5.864761292630629175e-01,5.444816326206931567e-01,2.207923447314634191e-01,3.106323880713512953e-01,7.114630338258184361e-01,7.529092191583564020e-01,1.434684671622057407e-02,9.962726004355988429e-01,2.114938754257045805e-01,6.818350581207203165e-01,6.494025928194480102e-01,6.001475498024418931e-01,4.968005863915235243e-01,6.929407785537841091e-01,7.234884337617562000e-01,-3.693564731402346202e-02,7.992434327725742582e-01,5.580784364491668814e-01,8.168715975827218756e-01,6.582568606186642857e-01,7.370783935947748944e-01,9.741167364961860198e-01,7.144339950980358456e-01,4.377542027273910730e-01,5.113935971935755775e-01,6.654424163864665065e-01,1.295180886994058700e-01,6.742791530603159389e-01,7.947196924218340452e-01,8.907195009111151807e-01,5.001651583944065615e-01,8.874372770296571344e-01,7.049497682324046277e-01,6.211914373272645618e-01,6.011585260263228037e-01,7.114039819281077204e-01,7.786217797658949724e-01,6.688260729986806874e-01,5.624023474510164711e-01,4.627406401124246060e-01,7.595872776104103385e-01,9.529394624543539027e-01,4.769664084378927860e-01,9.950422143323442992e-01,4.275229427288278483e-01,5.486261987876289714e-01,7.153988825492743620e-02,6.991678302472956741e-01,6.687808791174557621e-01,1.761100584268504576e-02,4.476994088228822277e-01
8.894464390751251059e-01,6.756176048294320058e-01,6.417138381628544330e-01,5.855767245657563791e-01,8.607595976825390682e-01,3.037168685431311799e-01,-3.781766044534512483e-01,5.538506926850651491e-01,4.441798295966717380e-01,6.042086750294873854e-01,9.457988327248103566e-01,8.198665810892481476e-01,6.219322791833323816e-01,9.211200220054591714e-01,7.083111513916720003e-01,7.642680730644952902e-01,0.000000000000000000e+00,7.504214161561579832e-01,6.693764976408684841e-01,4.605419890591138099e-01,8.091223981982378355e-01,3.533938284088669057e-01,9.156140801668746776e-02,5.610911007192400657e-01,2.017792029651279129e-01,3.408395883727417530e-01,8.980875522962789015e-01,7.789168590290703742e-01,6.812916387619164515e-01,2.463972788475735087e-01,3.318818296012310265e-01,8.434799681140270344e-01,8.471939806837938125e-01,5.321196914361636665e-01,6.506023860985830076e-01,3.880385319316056458e-01,4.373429326131044181e-01,3.860474654296451313e-01,7.748540096372060759e-01,9.472786565424462513e-01,3.829547338220932184e-01,3.729524926303163235e-01,8.656939107632134478e-01,9.215765080985212077e-01,7.685810456581518846e-01,9.014261388914276418e-01,7.946959779298383708e-01,7.878283785868540612e-01,6.802913762071161052e-01,6.499750005236811790e-01,4.645090422496941374e-01,7.167439609985558624e-01,6.267438575525802191e-01,8.622413619237770943e-01,9.215370983915437408e-01,3.989381404113234719e-01,3.376340334136685994e-01,2.228803064412777091e-01,7.125491280906885994e-01,2.487546382211290319e-01,3.229880801315585526e-01,6.194698631082384832e-01,7.478770381566978154e-01,9.493221086519748608e-01,6.257052142894612423e-01,7.643621457943780007e-01,4.629591541521305698e-01,6.821475886060284211e-01,6.052195384316096938e-01,8.301430897196782066e-01,3.884166035480177692e-01,6.406162615417132500e-01,2.216493758934249825e-01,4.946484318511590490e-03,5.615614038239097328e-01,6.299630744777141578e-01,7.680514510482964186e-01,9.411236761026681164e-01,6.059641477050011771e-01,3.654674283908483368e-01,2.370467082198783326e-01,5.831752027678703820e-01,9.070082525486994340e-01,2.957099189707855791e-01,3.234316302950969724e-01
9.136425237335303873e-01,8.128050627371533610e-01,7.712756577197219521e-01,6.567167344137759821e-01,6.140317601113565171e-01,6.818947493060006915e-01,9.924747447778846376e-02,7.698489124192261501e-01,2.045481100846406330e-01,3.374771917565514978e-01,5.157667058082482381e-01,9.504065232519697259e-01,4.284346552376529504e-01,9.496621043715306465e-01,7.747179536897204066e-01,-1.445917290986206694e-01,7.504214161561579832e-01,0.000000000000000000e+00,4.039614002078535382e-01,6.425653524202250555e-01,8.479112887988589087e-01,7.680927602501816942e-01,5.774477478284384402e-01,7.815780492580324257e-01,2.224460756083949109e-01,6.474902930704085069e-01,7.556340395016908351e-01,6.726169272499805674e-01,5.733015187026384990e-02,6.239042412666354620e-01,2.126490669900395480e-01,2.687563254748889796e-01,7.737606547849604777e-01,5.465549900384862880e-01,7.081228484267130252e-01,2.802163688118695095e-01,6.480151607958062332e-02,7.802968762712577666e-01,4.076041945345001416e-01,8.316645556623230018e-01,3.479622209403571698e-01,7.815708744597902324e-01,9.504088942044391919e-01,4.333380403684006232e-01,9.888373081779442408e-01,3.760104164746389532e-01,4.732368506373206829e-01,4.819184560558936736e-01,6.419418726123763408e-01,4.651393212601341309e-01,1.650860339066489990e-01,3.181856079789593950e-01,6.006928398900868160e-01,9.817896331239431840e-01,8.734914292568641825e-01,6.693662851801676084e-01,4.651011068428679840e-01,1.652308912798423901e-01,6.567924621634869675e-01,7.929084990360647511e-01,5.054328689097419280e-01,6.143748300641430626e-01,3.397880628115896862e-01,7.789907118158241328e-01,6.363628592579632093e-01,5.137281282977483876e-01,6.077563514219730401e-01,7.416893041600753911e-01,2.935428405621103853e-01,9.671974463843845404e-01,7.655245615469805642e-01,6.829036606412232091e-01,7.867273238390652956e-01,1.232405366843521977e-01,7.803530031725379734e-01,7.323171156036653029e-01,2.202730028597379985e-01,5.448774572041354958e-01,2.373522536017994566e-01,2.115196883597064148e-01,7.522904350984916944e-01,7.784893117183808720e-01,9.773855585879147601e-01,-1.243406385057573976e-01,7.404671636263271406e-01
