0.000000000000000000e+00,9.686734058793010638e-01,7.848444617105843069e-01,6.623233845433071920e-01,7.243307952350885870e-01,8.972838889951481045e-01,5.509392588651070843e-01,8.624448256505291566e-01,5.730168711548986327e-01,8.283472206683544226e-01,7.335854835591859580e-01,6.738636263553797745e-01,9.876873860258482685e-01,8.700647357756674527e-01,4.700053499160663506e-01,-1.482154870703011884e-01,9.927500422862139962e-01,9.247908911664085574e-01,6.173976096379653056e-01,7.852762521118263894e-01,5.724917126525628230e-01,7.317812819696360993e-01,3.975058234728898188e-01,4.627716256578245368e-01,7.410530836064815885e-01,9.748661714830271219e-01,5.263467684012956838e-01,9.994631661766670838e-01,3.256382533193693529e-01,2.758884590297632777e-01,1.631765124982201554e-01,6.293242689996736416e-01,6.580147062769207134e-01,7.423461979722445481e-01,8.507448305402681710e-01,3.587077412179359714e-01,3.257448692506950683e-01,1.327545612817897791e-01,9.102643001396367728e-01,4.297377613887234382e-01,4.637790791285310577e-01,7.039967889457323658e-01,8.268426974261905427e-01,8.345879856093380011e-01,8.133257304181025216e-01,5.155770671539806616e-01,5.237437161063122071e-01,7.222812595980047101e-01,8.830882401868395126e-01,7.387837063908166968e-01,7.073293872282367944e-01,6.755937793532422742e-01,7.438751710933168004e-01,6.834065919028518010e-01,6.838333984249590491e-01,9.663380368775958962e-01,7.212143838602634860e-01,7.583073613618326325e-01,7.051877755183005858e-01,5.417237325994986863e-01,6.936374564604604886e-01,8.940084757621973299e-01,6.479136928526794126e-01,7.311501692026198818e-01,8.959526849792205372e-01,4.961780143639409890e-01,6.600555490688801985e-01,8.019775620837885644e-01,9.936810660845643017e-01,1.527335796862559075e-02,3.560760109523769534e-01,9.739771147783871097e-01,4.520887478868574894e-01,3.480126525060089904e-01,5.338573992633391940e-01,7.290300792506888561e-01,9.356952453363172051e-01,5.958284549879224734e-01,2.089736135603405820e-01,6.624218524028961663e-02,9.339963275684295407e-01,9.164119275739488479e-01,3.780397932010134410e-01,5.539930958189061005e-01,7.906607926090142291e-01
9.686734058793010638e-01,0.000000000000000000e+00,9.557442279187771117e-01,7.381324235794574085e-01,6.509937128805100004e-01,8.791652958420718145e-01,5.743184724107293082e-01,5.538537321107674938e-01,1.378176810365277019e-02,4.823568014514978408e-01,-1.430147943098986074e-01,2.104743957418662437e-01,4.663463590154942051e-01,4.838644989517260075e-01,8.685054559879220593e-01,7.204611886845229130e-01,8.980256196714428985e-01,6.419754100564489807e-01,6.528257820560405822e-01,5.758263267667387275e-01,9.959411123328135718e-01,4.366639873736473110e-01,6.992007266007924660e-01,7.590642062220155362e-01,6.784448719687566909e-01,2.352249573476303257e-01,2.438810091656949397e-01,4.344759470608623442e-01,6.900510320380628393e-01,3.239683068785871312e-01,1.472374759772321906e-01,4.561730884968788202e-01,8.537838146279601581e-01,6.001554485200890632e-01,9.514099483848549310e-01,6.095064631278901413e-01,1.318925490784890742e-01,3.617538748758133971e-01,7.692697316347149039e-01,4.834270340328665760e-01,2.987349677602321729e-01,9.474141873461904284e-01,5.092508101268218290e-01,2.916985192089172063e-01,9.932985004558390063e-01,6.289802361620238091e-01,9.038393611587357546e-01,6.740445386565195873e-01,3.225950062422456854e-01,7.718486158829860333e-01,5.568357215787493875e-01,1.850550243238804349e-01,4.732911817792805342e-01,2.672578457117802397e-01,7.804487213330301154e-01,4.329139274451404007e-01,8.725357167800287250e-01,4.690223411325486480e-01,4.379928980628635671e-01,4.150158289655189181e-01,3.718605412802620247e-01,4.603196290345357156e-01,7.064324765127734107e-01,9.676390963810641566e-01,7.183357735496770369e-01,5.267913719164134534e-01,5.654796173971327056e-01,6.238710368395147254e-01,5.998235740351209877e-01,5.486534461428004272e-01,2.381426923892031866e-01,2.160614957443169892e-01,3.739795814692390419e-01,7.740777535715160917e-01,1.426561262485653847e-01,6.896815179018596087e-01,2.882139870301534401e-01,4.407954715641535515e-01,3.632150125917338879e-01,2.190550525927855707e-01,5.964368057181839156e-01,2.273550473598296429e-01,7.008573247054183941e-01,2.265517721924818761e-01,7.657305053660895533e-01
7.848444617105843069e-01,9.557442279187771117e-01,0.000000000000000000e+00,7.468397265984154654e-01,9.918175375185549481e-01,8.824544082788805532e-01,9.304148111048349268e-01,8.133776973357100815e-01,6.750979907831218263e-01,6.977626542990769121e-01,4.027618804679858888e-01,8.391216315258455127e-01,8.416047925912526484e-01,4.198197739852664312e-01,9.310583200748191457e-01,8.321875366977493638e-01,3.092591149210978663e-01,6.033066515444114319e-01,6.059171490609173150e-01,4.369061354382045015e-01,7.695088689124139902e-01,9.245002971969694672e-01,8.253716784099528470e-01,6.491693499539138434e-01,7.898594241000219673e-01,8.965131932215528732e-01,9.312309534346425721e-01,7.714793576220763116e-01,2.747617777569278386e-01,4.739296012719618756e-01,1.812370924587949350e-01,7.316482579030755273e-01,6.055916774621447063e-01,8.439079540990458428e-01,6.995240900778088022e-01,3.160604321530840477e-01,2.086099635871594138e-01,6.109286460118034112e-01,9.275854069771696242e-01,6.654949566053861565e-01,7.052602881149317993e-01,6.507386935761931834e-01,2.213501380994034040e-01,3.447936410217826153e-01,3.332630804632409349e-01,7.875814338554054661e-01,6.040567986798494049e-01,4.057712828287630691e-01,8.066592860672592291e-01,8.427554358457663986e-01,7.955440529648313275e-01,9.035756805231518474e-01,6.008485725926788756e-01,2.394677512050230606e-01,9.047673619363378883e-01,2.893664349088519439e-01,8.920044525423894699e-01,8.022216429066132415e-01,4.417586667856016613e-01,7.825546142309824926e-01,7.899913053297231702e-01,6.876663449969190323e-01,8.769934238583488861e-01,7.296389444144285585e-01,6.015488357595859537e-01,9.834756859426497799e-01,6.114218411187359870e-01,8.849957699687327484e-01,6.000416841046456451e-01,2.491277376912954811e-01,8.376449562086514256e-01,4.462159316961931688e-01,3.642361117545619420e-01,5.898897975310581909e-01,5.622999969725155367e-01,6.133613517614195931e-01,8.370597645700584843e-01,6.280216360923790431e-01,7.110697899052212945e-01,3.495673254522040363e-01,6.712683497561579005e-01,6.592680284563473547e-01,7.043545612583181903e-01,7.041412039084904428e-01,2.952901084158466860e-01
6.623233845433071920e-01,7.381324235794574085e-01,7.468397265984154654e-01,0.000000000000000000e+00,5.875443219099328873e-01,6.493495084155359587e-01,7.182871723950872145e-01,3.083134895078423754e-01,4.831178719735586546e-01,8.880246959328387257e-01,7.452505335005374931e-01,7.850231064772897893e-01,5.254289080797410749e-01,6.596950145143973820e-01,8.982406875060523488e-01,6.230041469025650036e-01,6.536133361206067915e-01,8.296049904263206320e-01,9.137451396850483354e-01,8.396331729337045413e-01,8.605637832591794822e-01,9.846726187834160537e-01,8.649831030697743284e-01,7.221239839758984980e-01,4.268679890448390246e-01,4.621481804685962924e-01,2.989061330797492810e-01,7.703622857923229095e-01,7.527863665136517168e-01,3.886936383019802266e-01,1.708084381104066629e-01,1.272857001890069506e-01,8.405913086317867711e-01,8.372251873694830371e-01,7.290745176708152142e-01,5.706204972827355615e-01,4.117489097311827217e-01,3.287573934450923607e-01,7.362686085473140185e-01,6.372805102208074501e-01,2.077912426338688057e-01,6.811633009512081394e-01,6.981643829673025436e-01,6.159724797839144506e-01,6.994093997698634935e-01,5.559830946947366126e-01,7.853551477133769998e-01,6.512747713838765717e-01,6.145112384762619895e-01,7.468753179346062643e-01,8.814080424310772877e-01,9.523957948374831561e-01,6.274025323074757798e-01,9.374414847589837008e-01,6.840293127868484202e-01,8.837223388508071986e-01,1.175506822336078727e-01,6.689425563144295594e-01,4.390535125770619329e-01,5.087065966439844322e-01,8.361827422406269417e-01,6.476476411232932051e-01,6.366407769715373144e-01,9.217799635232356570e-01,6.918461247569482886e-01,8.324693160436577033e-01,9.951433459677350157e-01,8.408893163674688864e-01,3.649641936546570986e-01,4.336391816401309329e-01,2.172868969172167819e-01,2.844987806704828426e-01,3.710783142008141633e-01,4.940764302549111586e-01,2.016953735294575722e-01,6.495573166541225296e-01,4.957667705579870687e-01,6.322053032912777759e-01,3.005761527096477703e-01,7.852855377164349449e-01,5.445493413228912338e-01,9.801038625647443547e-01,4.974282326079097483e-01,4.111537754722202065e-01,8.385448761107809901e-01
7.243307952350885870e-01,6.509937128805100004e-01,9.918175375185549481e-01,5.875443219099328873e-01,0.000000000000000000e+00,3.815148455417899376e-01,6.137833920565108903e-01,7.303159838295502082e-01,7.696523977998328547e-01,7.349976585744806279e-01,4.871627477028652731e-01,4.217983123611174778e-01,7.898385130352523209e-01,5.191812253076860673e-01,6.800001759585884153e-01,7.427057352150747693e-01,6.540837465112832039e-01,5.855775927239074141e-01,7.671090305883374594e-01,9.460600685933895360e-01,9.068642719569497412e-01,6.352369600291613017e-01,6.589790331773612841e-01,7.413823698605661594e-01,9.657803277608589809e-01,5.862348395919639854e-01,5.227307730410455378e-01,4.031837651571588133e-01,1.109799327435210398e-02,2.966453707468446055e-01,1.412505537440335024e-01,3.646258142755638421e-01,7.178534584309532729e-01,9.553526546256269070e-01,6.804918273349800373e-01,2.691503594677563393e-01,-6.518564188086437006e-02,4.941760854460603980e-01,8.755936657844515247e-01,8.757707853089278238e-01,6.201932343030369665e-01,7.057221516294741592e-01,6.608849584638134544e-01,4.532047039781670339e-01,7.845115318626065815e-01,5.365995179694090789e-01,8.025351387202144249e-01,6.825445040409117148e-01,8.214071170241463715e-01,5.134879973077913773e-01,1.620105122175352630e-01,9.825644505114621285e-01,4.625226676987440610e-01,7.656770256210103653e-01,5.566791224250970949e-01,4.558187710024121375e-01,5.766086833197853201e-01,9.629881384379591625e-01,4.820044416630476780e-01,2.841707441769107390e-01,3.841069942328093068e-02,6.838878448110706776e-01,7.305234239079864134e-01,6.924505615866576314e-01,6.534338573692685115e-01,1.429372023961643923e-01,8.203016008746756293e-01,8.285113176983357475e-01,2.006369859481651197e-01,6.882714998172152487e-01,6.184773812208173016e-01,6.799732675298270079e-01,8.320942948694434738e-02,4.932839688203343592e-02,3.226114335046215142e-01,8.064719770388466547e-01,9.828120775090982697e-01,3.449096765487527638e-01,4.956876789788173254e-01,5.451202577344019806e-01,5.171549060130892217e-01,5.268571631317437998e-01,7.032048074893316736e-01,5.975078818291756910e-01,7.989876700235516438e-01
8.972838889951481045e-01,8.791652958420718145e-01,8.824544082788805532e-01,6.493495084155359587e-01,3.815148455417899376e-01,0.000000000000000000e+00,2.667344100562719644e-01,5.696408475554278761e-01,5.143692687354078918e-01,7.191809408896576716e-01,4.396434294548329236e-01,5.071455628951397898e-01,3.405781248954766749e-01,7.701403293754135460e-01,3.778891999137051205e-01,2.366302556859274098e-01,8.715774629517678562e-01,7.870788963343319233e-01,4.325188846017782862e-01,6.089337932267023801e-01,8.028952380507683451e-01,1.726911959426571663e-01,7.829205852825953382e-01,8.282758661038581716e-01,3.157642803018407274e-01,5.686325969377868939e-01,7.801621121295475580e-01,5.060396940238147678e-01,4.017323439637223714e-01,2.151110598201131374e-01,7.884790633763696377e-01,6.546215799919338219e-01,9.284921607619061046e-01,7.542690684311588178e-01,6.690214839560242321e-01,2.805823842458338713e-01,5.343841163119088522e-01,8.883870063106399373e-01,6.482282507753838185e-01,6.908687929658859916e-01,5.517217607112843147e-01,5.778231019387900513e-01,6.805788144048240396e-01,4.531509819916937354e-01,9.720154909977144486e-01,8.323766077494028082e-01,8.788521801427874314e-01,7.594868571465914764e-01,9.171346683436000236e-01,2.167949110008450253e-01,2.846414473331316808e-01,3.555954632071440802e-01,7.204628395610688241e-01,7.695622871686367272e-01,5.708147209680384249e-01,6.986777677629495420e-01,4.754521445995821827e-01,5.836551268924652369e-01,8.571816377797354392e-01,5.845689884654434731e-01,4.450460074986415937e-01,4.787028430621659281e-01,4.575203603534807040e-01,7.154966167929751597e-01,9.974990807463497422e-01,5.965591136244061676e-01,8.978490713471978246e-01,1.622325894586300610e-01,9.047452621431613107e-01,8.734294553867489874e-01,2.352920068571802692e-01,7.084870173449703268e-01,2.347896224029714929e-01,7.664592158445285297e-02,9.555515401764167471e-01,5.105825576209097605e-01,6.463383006029265188e-01,4.595380804178395007e-01,8.975972202909100472e-01,5.516764098728622612e-01,5.546239255608107488e-01,6.935886945977686180e-01,6.936061959213655204e-01,6.545351636799270345e-01,8.334981104400488450e-01
5.509392588651070843e-01,5.743184724107293082e-01,9.304148111048349268e-01,7.182871723950872145e-01,6.137833920565108903e-01,2.667344100562719644e-01,0.000000000000000000e+00,5.907045847340774980e-01,3.362651781015303376e-01,4.610018618298903914e-01,6.862008887396264800e-02,5.169387042660923415e-01,1.176025735635659875e-01,2.110160124419483418e-01,6.125312318851577897e-01,5.956577987019675557e-01,3.893051730297815705e-01,6.488230796107110621e-01,7.630006760155183532e-01,7.256283789290045583e-01,9.067254975232355019e-01,7.239853228530144236e-01,7.006838634333791838e-01,9.485606477939168002e-02,3.505553806284403828e-01,6.506168378524604945e-01,7.024160130693645199e-01,4.402474124740337058e-01,7.728394253044387208e-01,2.730131168939070041e-01,5.672500449079020957e-01,3.647146833935666077e-01,5.748826396046690101e-01,4.842180383650585007e-01,3.989277951475220796e-01,2.870814457384095464e-01,5.379028900799633917e-01,9.104169086739415384e-01,9.195130120507231108e-01,8.349518230285423170e-01,7.320994723737042076e-01,3.344614953444904892e-01,4.916193753498981911e-01,7.045284080966335294e-01,6.983468421515759417e-01,3.628337368814945618e-01,1.941102336095581471e-01,5.268980014064840178e-01,7.551100479000537602e-01,6.904907337453546068e-02,7.783431416003050440e-01,7.929150437789979078e-01,5.687152553412607725e-01,4.254919010196375195e-01,7.690020172584829394e-01,2.210040701070687397e-01,7.943426759681284643e-01,2.597769267685146044e-01,8.957333533055286123e-01,5.149946106539599056e-01,4.338114756373840919e-01,4.421749117165542087e-01,5.790245546317417391e-01,9.240406684053387165e-01,6.729267250372730214e-01,6.948996956711982476e-01,9.307887227196330882e-01,6.210776433330373880e-01,4.830723516489552893e-01,6.659295023495994670e-01,4.375790349675825475e-01,3.685111841241324460e-02,7.652226268345206917e-01,-3.598139311200732049e-02,4.771724105667127791e-01,5.306580478211644358e-01,6.050876830892719660e-01,2.955145931950579063e-01,1.296913524643356352e-01,3.948111201181423446e-01,3.642486938079726455e-01,6.634554155327121450e-01,6.619307426051261878e-01,5.699759755760596125e-01,7.385823083102656117e-01
8.624448256505291566e-01,5.538537321107674938e-01,8.133776973357100815e-01,3.083134895078423754e-01,7.303159838295502082e-01,5.696408475554278761e-01,5.907045847340774980e-01,0.000000000000000000e+00,5.749223686651285803e-01,5.242987960771207101e-01,7.068403635919110473e-01,5.240648486721524169e-01,5.491922637482743452e-01,7.701527826556502365e-01,7.404628192217088678e-01,2.744461811671234930e-01,3.490305142045193043e-01,4.489248411285352014e-01,3.573646428489847260e-01,5.947368279416489489e-01,9.637995680111685060e-01,7.941345881307247945e-01,4.380549501173102711e-01,9.319476751274917703e-01,7.087444787965120341e-01,4.258790456934435920e-01,7.359350414522738415e-01,6.965678470400924471e-01,3.418645485005185058e-01,7.188990827832759667e-01,4.029902188008565034e-01,5.753834534254786970e-01,5.491631297559652625e-01,3.267109405115646292e-01,5.330401085098913638e-01,1.023075802551268315e-01,3.274144500703654037e-01,5.837467762205195143e-01,7.974180721341821432e-01,2.637073413036776226e-01,5.607468245377507099e-01,4.576897438445654553e-01,6.037196676046355792e-01,2.754651312911438055e-02,6.801632583540733190e-01,3.778551714827991792e-01,7.815854867827853880e-01,9.969818148237399313e-01,6.125187759334629334e-01,4.578261173870851741e-01,4.261962612995290334e-01,7.925851963392029909e-01,2.874211558597897231e-01,7.095250332049152231e-01,7.113909785566968624e-01,7.499288400085559747e-01,2.288694397137714387e-01,5.435833709771842326e-01,6.822825763865756343e-01,2.261948949773486262e-01,7.389233288864753835e-01,7.151178319020828900e-01,5.248115385560111479e-01,9.971284000995765950e-01,7.865165714131006069e-01,9.396975805484788502e-01,9.224023770653436705e-01,7.114867324686233729e-01,4.747781912210008448e-01,2.658157554832741853e-01,4.827250437647356840e-01,4.504636311110738478e-01,7.893883626925638497e-01,4.608242374940912933e-01,5.427133114929102442e-01,4.437144577405637835e-01,6.645233386015932942e-01,7.124536815887406727e-01,4.127197111765012472e-01,2.562136004492725494e-01,7.459823279393466011e-01,6.243328259225225940e-01,4.681105485215257822e-01,2.022414971958535757e-01,2.847673549064353993e-01
5.730168711548986327e-01,1.378176810365277019e-02,6.750979907831218263e-01,4.831178719735586546e-01,7.696523977998328547e-01,5.143692687354078918e-01,3.362651781015303376e-01,5.749223686651285803e-01,0.000000000000000000e+00,4.862806383412097144e-01,6.211213435849028963e-01,5.122918505205810158e-01,7.978666227872801553e-01,9.471858142429679939e-01,9.847160018188046982e-01,3.287514800187596453e-01,6.225622783271855809e-01,6.887311548233975289e-01,4.134875789262001389e-01,7.971362473736991472e-01,8.556925236562156201e-01,4.797919219886381259e-01,5.737413543499167989e-01,9.183773605906826454e-01,6.010598185651285785e-01,6.616576590695391058e-01,8.139748145708762816e-01,7.963587138425681777e-01,4.498262949507217390e-01,2.199636600629863714e-01,4.973157837781289614e-01,3.558217151142631929e-01,7.572577903822910184e-01,6.549347133938950849e-01,6.403793778772026712e-01,5.601638490845710638e-01,5.355022963731679297e-01,9.721710053827803399e-01,5.854733264924379954e-01,6.166471419157678602e-01,5.412659039542869754e-01,7.010545899535556291e-01,9.210740727489681312e-01,4.937779362385371074e-01,9.453232574247454334e-01,5.104916946058215554e-01,8.444288213533145404e-01,6.548787151659223316e-01,4.539830552338786074e-01,4.482633929042008636e-01,6.826745239993933234e-01,4.374996297432325876e-01,2.206036878033842963e-01,5.903362607700781695e-01,6.041877712892004260e-01,7.280855224028781603e-01,7.532455177258822188e-01,9.341938925323429732e-01,7.056494903308182520e-01,4.493148847023452630e-01,7.272277213237325899e-01,2.940237872544097519e-01,6.392061697665314401e-01,6.336060808559489388e-01,4.234094762393380562e-01,5.345901545316462666e-01,7.341817441267519673e-01,8.290329494972876745e-01,9.430212539985294296e-01,7.689033947966578131e-01,9.217317706286864976e-01,3.134862459180379757e-01,1.299799121388126311e-01,4.274934793352974105e-01,2.853456788087764887e-02,7.308987804116102716e-01,6.074884317214761520e-01,4.571615465248629051e-01,1.381265790978993824e-01,3.810193892010036443e-01,9.706170036026475767e-01,3.214426648706141254e-01,8.944795970867148727e-01,9.275930291777433334e-01,7.311016249792761101e-01
8.283472206683544226e-01,4.823568014514978408e-01,6.977626542990769121e-01,8.880246959328387257e-01,7.349976585744806279e-01,7.191809408896576716e-01,4.610018618298903914e-01,5.242987960771207101e-01,4.862806383412097144e-01,0.000000000000000000e+00,3.029618537295041270e-01,2.134011413595490181e-01,6.782225863017175005e-01,5.969421874860445509e-01,4.301476024154741729e-01,3.791512639837301135e-01,6.638406325233870975e-01,4.126408818636630449e-01,7.857381096721217650e-01,8.880449674909967062e-01,4.763112323322358233e-01,7.703839575908838500e-01,7.386938602074857307e-01,9.206242204323373812e-01,3.381537197642786596e-01,8.501644082349921749e-01,6.237524647243118947e-01,6.569008596954675205e-01,2.283527221957275810e-01,1.095889142940611460e-01,2.420449367114868577e-01,7.604958266240667841e-01,8.805314320288730734e-01,6.293116028971265097e-01,6.810603153829791756e-01,-7.918383690192058733e-02,3.293889903694781074e-01,6.584022838446876857e-01,6.985032098012207147e-01,8.413104459399978197e-01,6.761520429900038653e-01,7.213228351726210796e-01,7.934558573201988541e-01,4.964170914915717048e-01,7.221811758043159557e-01,8.008384556111215469e-01,1.935979387730435708e-01,8.376812191558884457e-01,4.171792811111330601e-01,5.948173023010487892e-01,2.125920345702800307e-01,3.679961887124980624e-01,9.575237722252522010e-01,3.567474791358701269e-01,5.803036893645264760e-01,6.777912327244173252e-01,6.998798773387207017e-01,9.615369781351652545e-01,7.538465008861007233e-01,4.102384615874644647e-01,3.680134335911562360e-01,2.210987365271077643e-02,7.864483972953075774e-01,6.724542662893324696e-01,4.743194046425090460e-01,7.986756996238031370e-01,7.642853770405000358e-01,7.102336064194796350e-01,7.954253314994182977e-01,8.766584917447306502e-01,7.909962981964480111e-01,4.767192392510999355e-01,5.097312922402921220e-01,4.620805673800035818e-01,4.724464412338103547e-01,6.677643306892971919e-01,4.394889589889549031e-01,4.397886758659008688e-01,3.724629960143766017e-01,6.927189829391290354e-01,5.048664645748049962e-01,4.481705667128512149e-01,7.151941031882320665e-01,3.839177280142725968e-01,8.207085848447592813e-01
7.335854835591859580e-01,-1.430147943098986074e-01,4.027618804679858888e-01,7.452505335005374931e-01,4.871627477028652731e-01,4.396434294548329236e-01,6.862008887396264800e-02,7.068403635919110473e-01,6.211213435849028963e-01,3.029618537295041270e-01,0.000000000000000000e+00,2.252604068728620290e-01,9.983277006327266889e-01,2.202663298336454134e-01,7.446471867611400564e-01,9.640283701542800010e-01,5.906951655923831090e-01,5.591954275462992507e-01,4.873671681249341914e-01,9.907867393740450446e-01,8.294656736198148250e-01,4.904393914578479841e-01,9.434382036709505759e-02,9.528104398800902874e-01,5.119933719145762785e-01,5.142801564487347044e-01,4.133335865844547374e-01,6.561564306348284248e-01,3.236533164313010191e-01,7.875064315839102047e-01,3.845711876611414004e-01,5.480471966858728727e-01,6.682004396730013562e-01,4.028206289332975643e-01,4.676171474213599577e-01,5.045764157199761346e-01,2.116224288101762330e-01,5.234900183733437462e-01,6.996988508959606223e-01,1.083863265409416021e-01,3.900946160543008467e-01,6.759815107139314216e-01,7.616691747312953620e-01,6.001786310675117919e-01,3.769584646372504677e-01,7.289316375751916377e-01,9.892303209000725683e-01,1.699136362922997190e-01,4.071340050647374031e-01,6.448332377022376605e-01,7.665959349363212771e-01,8.245835509905243832e-01,6.252354056616735711e-01,7.375152842501958572e-01,6.354250885670463811e-01,4.226097168545925320e-01,6.640643599766727911e-01,6.993611946652773526e-01,9.617770226564179570e-01,7.837604884006997841e-01,3.917631435770967396e-01,2.467951196600078057e-01,8.070745617619835555e-01,2.197118737079401529e-01,6.259705188332214121e-01,4.775529989041359391e-01,8.209080927783803938e-01,7.693465283160603185e-01,1.540629470448124094e-01,5.187155147504806108e-01,6.253184780974373469e-01,-4.052464153753182474e-02,7.717493468050639072e-01,4.216138134550202476e-01,3.026600293108581141e-01,6.683702103164710362e-01,7.668713383764572677e-01,6.274479789775460059e-01,3.749659588842589875e-01,4.333893854927021727e-01,6.469631900378787215e-01,7.230456107492447826e-01,5.450509133860378386e-01,3.959773991021713763e-02,3.055479386745921788e-01
6.738636263553797745e-01,2.104743957418662437e-01,8.391216315258455127e-01,7.850231064772897893e-01,4.217983123611174778e-01,5.071455628951397898e-01,5.169387042660923415e-01,5.240648486721524169e-01,5.122918505205810158e-01,2.134011413595490181e-01,2.252604068728620290e-01,0.000000000000000000e+00,9.446699361388870564e-01,7.215250766196142918e-01,1.103670419047949047e-01,7.761842873767856865e-01,7.847708551659036136e-01,7.931230013554625424e-01,5.129060461234438151e-01,5.894452921278652280e-01,7.069485763930258848e-01,-1.314680183088913212e-01,7.533449091312628410e-01,5.914135951626496857e-01,2.217693711139524515e-01,9.507433795635580331e-01,7.381766490165021510e-01,5.556438188004618750e-01,5.611983905444224430e-01,-3.707580752558981008e-01,2.515791059984279765e-01,5.419453743093420872e-01,2.579120483482039705e-01,6.536104457779065013e-01,2.813078674438568849e-01,2.079907651964375270e-01,3.452990878359876725e-01,2.839955221532138863e-01,7.954710941652052281e-01,1.882778198750672816e-01,5.147629842944779766e-01,5.236497159918364064e-01,8.814989934878396660e-01,4.354625350622509661e-01,2.355680742550031737e-01,5.201862050803220949e-01,7.653388174599040856e-04,4.835020787595503688e-02,5.306809526905387209e-01,7.463717093931943047e-01,1.203541519830132051e-01,3.105858951413791383e-02,8.567311765321634631e-01,4.206588591930221499e-01,6.125866918461645438e-01,8.399777671312149696e-01,3.979213456498346679e-01,4.590457462337778627e-01,9.195329380601084956e-01,5.580374265655637656e-01,4.358896830910397036e-01,4.216088128438665317e-01,6.899880775838935776e-01,7.191944377190082616e-01,6.045189259103825874e-01,4.047378361426981486e-01,7.912450754116133744e-01,6.539044793375736742e-01,5.892066002548717041e-01,3.381239396452495605e-01,9.463589073101329463e-01,6.074450135712322618e-01,4.329736917048737643e-01,3.535728557247619919e-01,7.254148353031408814e-01,5.089891970587225867e-01,8.042304698675700747e-01,3.408778120002683432e-01,4.631300213998155169e-01,3.797251679120979828e-01,3.599105973635924327e-01,7.387400986297332217e-01,7.720993278012746597e-01,2.755564121960435986e-01,7.758219538735894316e-01
9.876873860258482685e-01,4.663463590154942051e-01,8.416047925912526484e-01,5.254289080797410749e-01,7.898385130352523209e-01,3.405781248954766749e-01,1.176025735635659875e-01,5.491922637482743452e-01,7.978666227872801553e-01,6.782225863017175005e-01,9.983277006327266889e-01,9.446699361388870564e-01,0.000000000000000000e+00,8.107079457333468131e-01,4.725088500927628332e-01,7.810590966782232636e-02,2.999538330593866653e-01,9.737487685507218993e-01,5.051383276224532537e-01,6.441487120816781209e-01,4.350018919649930593e-01,9.871028306986466827e-01,6.988272070573556816e-01,4.503552903513399763e-01,5.429700540736317471e-01,7.677657759386761205e-01,9.481367365210617848e-01,5.579463040597825163e-01,7.976788237661022185e-01,3.687933592386324344e-01,2.285940341956438082e-01,9.315888181192788497e-01,7.334718284782694164e-01,2.381766638418150728e-01,6.368895796057219005e-01,7.208421332830198258e-01,2.433597933907088451e-01,8.073514009537917646e-01,7.401102831411344729e-01,8.999771187798549787e-01,4.128858318282939699e-01,9.738730530086476822e-01,5.659990044729507064e-01,9.761354457606863377e-01,9.507280156545311334e-01,6.883802122641298205e-01,6.063565227613799680e-01,6.689009803286090072e-01,5.102027693248827322e-01,7.772721167532170572e-01,8.715991176991304545e-01,8.857633792106098802e-01,4.465801991034681340e-01,8.257880477144103892e-01,8.666143888185556809e-01,6.576494107502716124e-01,7.554516591696416317e-01,6.198574588835247257e-01,7.757100325456693923e-01,2.680965530535732722e-01,1.782556120027247726e-01,1.645839079975855990e-01,8.006000560970005786e-01,5.953244687339587227e-01,9.481199636315731372e-01,9.218807969011924008e-01,6.100110966489546982e-02,9.310244850688905727e-01,3.194324124106767693e-01,8.516018663708015968e-01,4.809262683599213606e-01,5.041956262316021897e-01,5.553730624573090247e-02,5.552623735249549997e-01,5.550052200255310986e-01,2.686411580113288178e-01,6.624135584822140599e-01,4.973365660783089504e-01,6.449501408341736797e-01,2.397194936629354067e-01,3.400671080410895275e-01,8.056954279806930463e-01,4.065620113803207758e-01,8.213781230783911980e-01,8.779463869633297168e-01
8.700647357756674527e-01,4.838644989517260075e-01,4.198197739852664312e-01,6.596950145143973820e-01,5.191812253076860673e-01,7.701403293754135460e-01,2.110160124419483418e-01,7.701527826556502365e-01,9.471858142429679939e-01,5.969421874860445509e-01,2.202663298336454134e-01,7.215250766196142918e-01,8.107079457333468131e-01,0.000000000000000000e+00,9.496979834522559782e-01,5.980939114328613915e-01,6.276316629562761484e-01,5.322035659777291094e-01,4.234305307380596961e-01,7.362009660146026091e-01,7.038389046612304467e-01,6.715144920324387368e-01,8.451756761065075674e-01,6.664610573049908337e-01,4.482834448694566487e-01,6.472555962432718912e-01,8.333687523892826521e-01,7.305279418249261969e-01,3.644035897820799841e-01,-2.002771479383655406e-02,2.941012789738055647e-02,6.343493970191093068e-01,5.036197074041789401e-01,9.509867950121317914e-01,4.212933615330649584e-01,3.407715824440600283e-01,3.346775478391557090e-01,6.234236383533371395e-01,7.221345171300006527e-01,8.821617705617195160e-01,6.751293299332812303e-01,3.461910706461149845e-01,6.691306461938596462e-01,7.008175852413355278e-01,5.185518697893285456e-01,6.019563304880165555e-01,6.919072093116364064e-01,8.069498088907097744e-01,6.490478474838831113e-01,7.921223892270974343e-01,9.879973879994765618e-01,6.641063015499995004e-01,5.069554894433806469e-01,9.760422759585217767e-01,4.556240395492553996e-01,7.175161295215611856e-01,6.674771763656489609e-01,6.406200326587553340e-01,3.237932935562881642e-02,7.465588964353823132e-01,5.628787584382215492e-01,4.069332019822921587e-01,5.790406979884261673e-01,5.128954458895080837e-01,7.956894959116045385e-01,5.010525104961088827e-01,6.403030983168425117e-01,9.422782654086222509e-01,2.709041059331395163e-01,8.720588358137038032e-01,4.880433977441435700e-01,9.586241149980156973e-01,3.910276833773229654e-01,3.929109994953973173e-01,7.554470547145474280e-01,7.655215626367811721e-01,4.606816421035169196e-01,-1.474397736184239194e-01,5.922506824401367886e-01,-7.141284570926431652e-02,5.867650868887415161e-01,6.172419559256515642e-01,6.736237713267717586e-01,3.756639402092465385e-01,7.016425734308400219e-01
4.700053499160663506e-01,8.685054559879220593e-01,9.310583200748191457e-01,8.982406875060523488e-01,6.800001759585884153e-01,3.778891999137051205e-01,6.125312318851577897e-01,7.404628192217088678e-01,9.847160018188046982e-01,4.301476024154741729e-01,7.446471867611400564e-01,1.103670419047949047e-01,4.725088500927628332e-01,9.496979834522559782e-01,0.000000000000000000e+00,9.604976631879300619e-01,4.570267228995021358e-01,7.642015906844663586e-01,6.178839559551930760e-01,4.165150171534767187e-01,8.121177939081801744e-01,4.236090626813472926e-01,3.264496847533882029e-02,7.005971048183259331e-01,1.121526486659916721e-01,6.291712386970882420e-01,5.160473382338515158e-01,4.165100134735147952e-01,4.485510159566120647e-01,3.883526327329723804e-01,5.225017222897281322e-01,4.585918749058514599e-01,2.312864048797301508e-01,6.729730431333899032e-01,6.770486502538392015e-01,1.189316532544030525e-01,4.249999286762980999e-01,2.206985615095900105e-02,8.000488722270364672e-01,2.964794577254066255e-01,3.119581384602569396e-01,8.760605888103698558e-01,8.219715169216466055e-01,2.648080268024067818e-01,8.231273046817189076e-01,7.057045237172063779e-01,2.214421481762610111e-01,3.592471880887457836e-01,5.318706788643188244e-01,6.575743516519817478e-01,1.883219365301637693e-01,4.396408842938328565e-01,2.856669879058795422e-02,2.936159628988667669e-01,5.991396538066485755e-01,9.946151465053345575e-01,4.749634359448819954e-01,5.477260268381188846e-01,8.945142984673819520e-01,1.250273685479439956e-01,7.565380265851477937e-01,4.651247649409530061e-01,4.542437743966480923e-01,8.333082120573779283e-01,8.766262205933917917e-01,4.267316515255367704e-01,5.625390270891710287e-01,8.035072496616408877e-01,4.042512297399202814e-01,6.960932179350215465e-01,6.756373233025665392e-01,7.494886860465899137e-01,4.886516872168823467e-01,2.290738451719191160e-01,5.468062243780168474e-01,2.463151907184756018e-01,6.698594776438002718e-01,8.717057122233187183e-01,2.859772341240612303e-01,-1.793001157755832464e-01,4.682761013243368353e-01,7.383810819775862289e-01,5.346551673031992857e-01,7.923426558902084693e-01,5.346820911296512602e-01
-1.482154870703011884e-01,7.204611886845229130e-01,8.321875366977493638e-01,6.230041469025650036e-01,7.427057352150747693e-01,2.366302556859274098e-01,5.956577987019675557e-01,2.744461811671234930e-01,3.287514800187596453e-01,3.791512639837301135e-01,9.640283701542800010e-01,7.761842873767856865e-01,7.810590966782232636e-02,5.980939114328613915e-01,9.604976631879300619e-01,0.000000000000000000e+00,8.209150664408365605e-01,8.930379138705800690e-01,4.468949072027824654e-01,8.829045951675797976e-01,9.658165323409116931e-01,4.943901975837902141e-01,7.747451874274652317e-01,6.001380825372278904e-01,8.466170576977115614e-01,4.253424437836181848e-01,7.893804931918253498e-01,5.791417628499164749e-01,3.176235777825341944e-01,7.206077773388339658e-01,1.067518012995491150e-01,3.327317963630210262e-01,7.922220292889052828e-01,5.670705461209569753e-01,4.529258049432935418e-01,3.178541717671392597e-01,4.440531993068698169e-01,5.462813005261744209e-02,9.860714810306411282e-01,6.678520660443363344e-01,5.282620895643943548e-01,1.357756840487500116e-01,6.627385026983590999e-01,1.370876312238110961e-01,6.394270507103255730e-01,7.775647203687836573e-01,4.843954347403663929e-01,5.569000248604951686e-01,4.880829484245502448e-01,4.159386362631571354e-01,1.503805850367854469e-01,4.222563050727490275e-01,3.504487186241992402e-01,-2.820942452785290544e-01,9.589507886126542591e-01,5.849885767711536788e-01,7.855351354983617362e-01,2.275435290704776736e-01,8.795571664769431530e-01,1.101248624062791254e-01,5.699278622696599683e-01,7.170766552607779065e-01,1.003619470057186547e-01,5.719743716741646500e-01,5.686081170842949284e-01,4.626722325769072053e-01,7.067193161330648232e-01,4.065711471809625444e-01,7.085974226358845440e-01,6.591398364582248259e-01,6.755353241436643508e-01,6.732536301280762636e-01,3.365664495913308629e-01,4.895423315797402530e-01,4.883671707146384766e-01,2.182496050218711292e-01,7.498284518193858439e-01,4.227643187223712462e-01,4.251289849910195873e-01,2.530938467627052990e-01,6.919130520151806074e-01,5.576317563964428015e-01,7.787303525946769334e-01,5.949344504414220136e-01,5.804241077448445418e-01
9.927500422862139962e-01,8.980256196714428985e-01,3.092591149210978663e-01,6.536133361206067915e-01,6.540837465112832039e-01,8.715774629517678562e-01,3.893051730297815705e-01,3.490305142045193043e-01,6.225622783271855809e-01,6.638406325233870975e-01,5.906951655923831090e-01,7.847708551659036136e-01,2.999538330593866653e-01,6.276316629562761484e-01,4.570267228995021358e-01,8.209150664408365605e-01,0.000000000000000000e+00,2.611211960132833743e-01,9.202713603996445224e-01,4.370354769608748580e-01,8.500039521235864814e-01,5.314406753010632034e-01,4.202509125782906696e-01,9.825283615852198338e-01,5.032609903424608566e-01,4.825029657417003737e-01,7.834837975531464549e-01,5.455423906703861237e-01,5.374026477177435979e-01,4.178442788599445734e-01,4.580938918403558158e-01,6.704979203689480638e-01,6.234868904273287438e-01,8.261797556512385787e-01,8.150376260179937882e-01,1.202007692869062061e-01,4.676215619118035960e-01,9.332028978801907293e-01,9.793851651899583288e-01,7.370405130735169230e-01,1.337103790650574220e-01,4.384967647443425709e-01,1.085252351020853656e-01,4.474061417935543683e-01,9.605541652949364240e-01,5.029884635942435400e-01,8.328742398258028867e-01,5.437371273570601460e-01,5.417249374645543014e-01,6.541768987593469253e-01,3.130540744448168655e-01,6.186729192699983448e-01,9.302128896447759976e-01,6.037180402098424326e-01,6.456904749437087920e-01,7.660725719393257638e-01,5.464498498450951480e-01,9.764068863216373018e-01,6.532883151014846623e-01,6.936759623258546836e-02,6.618790202198618911e-01,7.418788088093304367e-01,5.910761043452887886e-01,6.558056450527036674e-01,8.162446773007832057e-01,5.695432352737914705e-01,4.325923451342415516e-01,8.548420842299551126e-01,6.387747305654291052e-01,7.649909041280165134e-01,7.184275151577975693e-01,7.283226924690334725e-01,-6.891402966944076836e-02,-1.290011742209020151e-01,4.825412466450084148e-01,6.173475112565995904e-01,8.335054088097844094e-01,5.145595034046455130e-01,2.936094185292225101e-01,3.216811187285311679e-01,7.679742343759534684e-01,7.270160593789986025e-01,5.608335738681441418e-01,6.233175423672127069e-01,9.002904731895123858e-01
9.247908911664085574e-01,6.419754100564489807e-01,6.033066515444114319e-01,8.296049904263206320e-01,5.855775927239074141e-01,7.870788963343319233e-01,6.488230796107110621e-01,4.489248411285352014e-01,6.887311548233975289e-01,4.126408818636630449e-01,5.591954275462992507e-01,7.931230013554625424e-01,9.737487685507218993e-01,5.322035659777291094e-01,7.642015906844663586e-01,8.930379138705800690e-01,2.611211960132833743e-01,0.000000000000000000e+00,3.839044111600948828e-01,5.171610645395476880e-01,6.989448588386512062e-01,5.163915161983814173e-01,3.222297346418042663e-01,7.446392647895431205e-01,3.835725722449437880e-01,2.666851007145256136e-01,2.218630259226086754e-01,5.500072027847453526e-01,3.916136374874088638e-02,6.167790459623281873e-02,5.445013242319007851e-01,6.155000587883088237e-01,1.895253837109016903e-01,4.652931261225679571e-01,8.985184775884433872e-01,7.205157593258764148e-01,3.949521118099192929e-01,6.898732146790529374e-01,6.358901883863666837e-01,9.865405059358232087e-01,2.718219944987227965e-01,7.391855622281285898e-01,4.755997985935715988e-01,2.056307294386204854e-01,8.762967488253414761e-01,6.719009398189633719e-01,9.425260811428896046e-01,4.491186761331932842e-01,6.128080147202761285e-01,5.818138177914622400e-01,5.449177118771240114e-01,4.099287034341459468e-01,6.381382569276249361e-01,9.838019942592283185e-01,9.353257817315213662e-01,5.953404978550955740e-01,6.959951723181644345e-01,1.600320276789053420e-01,8.893391617548902506e-01,4.048941940395639483e-01,6.453567757595948251e-01,5.096655240382562679e-01,9.439745051224892602e-01,9.032779242501696171e-01,5.557060037262926411e-01,6.386267331712789375e-01,6.107100862908064753e-01,9.338710209969939280e-01,2.982552878546441688e-01,5.309726632882320052e-01,2.193754636124081725e-01,7.009719942799733650e-01,1.780277300415731567e-01,6.012489444078479295e-01,7.449442029066344340e-01,7.545755184496888424e-01,6.065531041722446171e-01,7.344998041210442086e-01,1.162003076890562731e-01,3.817278319905413331e-01,6.892078568416286355e-02,7.675907943458080140e-01,3.199329358815812818e-01,7.644101992915560695e-01,6.287183553601976005e-01
