0.000000000000000000e+00,9.527821001180634131e-01,8.958491869432493315e-01,7.662562022797837491e-01,7.084534467000355162e-01,6.657737793732640963e-01,7.324556728156432772e-01,7.630818827035340535e-01,6.294628844227952991e-01,5.804500522471831570e-01,8.524551920686265216e-01,8.691091303201525786e-01,6.464451325751963129e-01,7.958761108298719744e-01,5.417326186010468225e-01,5.338092742734844576e-01,7.158019232350607552e-01,7.335756164119050515e-01,6.848701345428548359e-01,7.979406682219253311e-01,4.541157108167038770e-01,9.598945746313052307e-01,7.937637148775877893e-01,5.731664085632374173e-01,9.268207226927446252e-01,8.022806770380618291e-01,4.310835761119968801e-01,6.241303283324468598e-01,1.551415257844590834e-01,5.535299263188624419e-01,4.269786852698201352e-02,3.293903368010669963e-01,9.677642360814705524e-01,9.108901021589267399e-01,7.775840720492317448e-01,2.160378134002882977e-01,5.777464188136935963e-01,6.259268122454062500e-01,6.687254696726900594e-02,1.518332710373625771e-01,3.796014156342463752e-01,4.212149421701704699e-01,6.535996245084491063e-01,4.825496607572981600e-01,8.054176013299793047e-01,6.378712416313265798e-01,6.065998561525971500e-01,4.365472509971193849e-01,8.979042490183822833e-01,9.994640445292169995e-01,9.894882597841757610e-01,6.700759252735503102e-01,8.457834756690941758e-01,4.600361776601993302e-01,4.758802955669386714e-01,9.482086502527025118e-01,6.395528240616323856e-01,8.027497226828688159e-01,6.811653948605435049e-01,4.378587237574713686e-01,5.178980373289547856e-01,8.885291521339087062e-01,9.101401744272062944e-01,7.734785717923278181e-01,5.318150136612657120e-01,6.978197339779550479e-01,9.909909919578698823e-01,8.965800737041154100e-01,9.547473585281918140e-01,9.755724738613176239e-01,8.790564706251279281e-01,7.567614296252898054e-01,4.926770179538653149e-01,1.601889663257459739e-01,8.540222461003860177e-01,6.901308491782326415e-01,5.976712010456185498e-01,8.190791872335640988e-01,6.178175336117150973e-01,1.080953483846361918e-01,7.576307933338407574e-01,8.429348392841881088e-01,9.824321345594533295e-01,5.744113414218824376e-01,8.159874904536613682e-01
9.527821001180634131e-01,0.000000000000000000e+00,1.045523350567636733e-01,7.111088822669201504e-01,9.734308204065597048e-01,3.272112409208656203e-01,7.321381639712811751e-01,8.454993750104460304e-01,3.147466818549908285e-01,6.404859219518512781e-01,3.160577573574328558e-01,7.656651943190235787e-01,9.638615612841379132e-01,7.461102652796411938e-01,3.709134100000732737e-01,5.126158948743093635e-01,6.345746078452020322e-01,7.130259788943507093e-01,6.383852939787639791e-01,1.185133332377773518e-01,9.104257938141386841e-01,7.694934920217345597e-01,4.285730335025658144e-01,2.150694044796743198e-01,4.714707338248149693e-01,7.417111802225020423e-01,7.473618780648609849e-01,7.499030066737881750e-01,4.984762362539899017e-02,5.647771272096967499e-01,3.070821374888598188e-01,7.536033742529906210e-01,8.436499993063714120e-01,6.565099413842451215e-01,5.581188310163849309e-01,1.402038467087072388e-02,2.960831789496618516e-01,3.368258340499239445e-01,2.922474010835877656e-01,4.615068791005406679e-01,-1.883838971454293576e-01,3.702382545685236614e-01,8.225250890127820957e-01,-1.862923846148498708e-01,5.784534632359403794e-01,-2.807848417492489479e-02,6.874968502878375798e-01,9.756006786518262031e-01,6.121330620030313030e-01,5.546232490797099457e-01,4.458689708369573679e-01,4.233684956212550587e-01,3.941764242535658602e-01,5.570893750841701131e-01,7.949175073315991602e-01,6.672860348122766627e-01,4.974162451808966656e-01,6.407024333670979788e-01,6.683627790834971716e-01,6.717011745173591120e-01,6.569331059950629381e-01,8.170663198610629285e-01,1.872586380090005553e-01,2.354486501926338349e-01,6.495378916259837432e-01,7.539132130869961035e-01,4.143672230072801277e-01,7.272815265213447011e-01,2.320494608459049424e-01,7.466813980285769148e-01,6.489371752125073778e-01,5.800782684058120031e-01,5.319571793213979660e-01,3.927803120162057793e-01,4.629431213449383131e-01,9.827107598871446248e-01,6.711948081628427154e-01,2.229153001037723070e-01,3.659758902517509793e-01,5.738478618724744962e-01,7.349443575378985516e-01,2.301541739091366723e-01,4.628032678109539333e-01,1.889424877439636191e-02,6.241586763711232111e-01
8.958491869432493315e-01,1.045523350567636733e-01,0.000000000000000000e+00,4.205131569144167081e-01,6.610536869451382191e-01,7.171044801315938910e-01,6.655123971833135643e-01,8.258939490843690834e-01,5.519497778660810150e-01,6.984113526512792935e-01,6.511781134988026132e-01,9.189074666268877145e-01,9.880406666955553474e-01,7.221195893565955926e-01,4.997037690155486933e-01,7.666606670487522424e-01,4.632430296065856989e-01,8.307961963457114463e-01,7.240107331958132164e-01,8.455978560430186253e-01,7.999453985489606289e-01,8.808060769087365793e-01,5.966269301845779083e-01,9.130654296894268329e-01,8.036938168695640927e-01,7.776728362741954781e-01,4.777344469308805741e-01,7.966033002173491528e-01,5.281090861253128210e-01,1.892517184030602651e-01,2.201038994994516662e-01,8.863727273395790585e-01,6.459781024828752383e-01,2.719571647095196387e-01,5.203011140553137626e-01,1.022087641024247290e-01,-1.345481878052806612e-01,6.837907282483370874e-01,5.290233419974007534e-01,9.287578762240151775e-01,4.039366742101668795e-01,8.498349726588764197e-01,5.176085098511317151e-01,8.724836301784657522e-01,8.783809556018489229e-01,8.615541613905559615e-01,8.063650150682019069e-01,8.412801643727758627e-01,6.997763832226049363e-01,9.506400418560109200e-01,8.279457107118683989e-01,9.263768186078482625e-01,8.857781443577914526e-01,8.948579258585952489e-01,8.196763237128995572e-01,7.359216312922084446e-01,4.369201355894967165e-01,5.527381211995906485e-01,9.779012661922403815e-01,4.535938617633483716e-01,7.003767675788327152e-01,7.457438091562265114e-01,7.022099559431402849e-01,7.547929419971546317e-01,9.934606657266601415e-01,6.808399629673165254e-01,6.883016933503275370e-01,7.718485746497907307e-01,5.990680952453295571e-01,9.682938512124296127e-01,8.368889214140644572e-01,7.267795786869707397e-01,4.956015940001471387e-01,5.731412617672952958e-01,8.339765391458733301e-01,7.571839941916619354e-01,8.038786709949456988e-01,6.261334731350775007e-01,3.364503669341248893e-01,-4.570754505252005995e-02,8.763400632442470695e-01,2.684526862421704463e-01,5.578174840119020095e-01,8.677817485588900093e-01,2.996149160359673491e-01
7.662562022797837491e-01,7.111088822669201504e-01,4.205131569144167081e-01,0.000000000000000000e+00,5.483182414087777179e-01,4.848369648465706283e-01,5.178050924615543726e-01,1.468643164092310882e-01,9.578781063984278532e-01,4.698845112121461387e-01,7.692132752518356931e-01,4.415239209352208039e-01,8.728773300775307664e-01,9.542668943950742833e-01,4.288881903017726094e-01,7.559397900105440105e-01,7.557330446241765642e-01,7.981726181551369592e-01,6.680164337337507474e-01,7.992106542568095939e-01,4.680571325280546424e-01,6.307305905486718656e-01,4.639563312747703172e-01,3.154592350018238234e-01,4.491078239691858598e-01,9.036231170330003559e-01,7.009028701714495879e-01,9.035688858477636254e-01,3.439886968435768022e-01,7.412507538604320989e-02,7.181685892455898224e-02,4.117308951646718174e-01,6.858114292902572906e-01,2.555132246384610450e-01,6.333425450274399182e-01,-3.532749145398189072e-01,7.305069363996349319e-01,3.378318434469804732e-01,6.140223927853628583e-01,9.324410527779884994e-01,2.093173234751938006e-01,5.148362406866142660e-01,8.909793344556493633e-01,4.391683274859565222e-01,6.819294770530066607e-01,7.638247837991214428e-01,7.020018563730603400e-01,8.117570570628576121e-01,2.772006764698061176e-01,5.239766963463947658e-01,4.820242573162399902e-01,6.429621461321798348e-01,7.361348555944650096e-01,9.571489690876580081e-01,5.258573841800671111e-01,4.266968062126231254e-01,4.145170710042274664e-01,7.583042220683292589e-01,7.794707457426311992e-01,3.349409340444350347e-01,5.837392211193581648e-01,7.176833673420360826e-01,7.903756463555642320e-01,8.043025516753721238e-01,7.263193793689839417e-01,7.020357560237088235e-01,7.072523961781258528e-01,7.007931520204819797e-01,5.611943078943664176e-01,6.010949895030328616e-01,4.821557826224761034e-01,6.197724585730480795e-01,4.790413886522869591e-01,2.770391504181526354e-01,7.394307382017332175e-01,9.401862667715359390e-01,2.062072877837050067e-01,3.097511529070079983e-01,3.975406259168248191e-01,5.938795333781257124e-01,2.175151678174934156e-01,5.506874885502497513e-02,5.322435030860326322e-01,6.613041619344470767e-01,3.704156624865564407e-01
7.084534467000355162e-01,9.734308204065597048e-01,6.610536869451382191e-01,5.483182414087777179e-01,0.000000000000000000e+00,7.389147469715757754e-01,6.477051011094870914e-01,-6.796362029490368717e-02,6.523691446725305987e-01,7.485161608709535175e-01,4.253820407973736839e-01,7.909318767922751681e-01,6.457866799987741491e-01,8.829304745211461469e-01,6.853172273529779535e-01,5.253015222208322621e-01,5.224765343472141943e-01,7.986677127415259259e-01,5.285500657923078993e-01,5.443067069594141882e-01,7.013936565311604809e-01,6.542541162110409037e-01,6.093455681472300656e-01,9.143140022473360551e-01,7.300130611831379124e-01,4.967298842998834063e-01,9.408825510138092429e-01,6.915688027013749961e-01,3.046914557098465148e-01,4.406335987566059598e-02,6.931028778254422207e-01,5.233511914158952560e-01,6.882486710275814712e-01,2.206450261944964686e-01,5.727900666955376696e-01,6.289696874651630187e-01,4.883250483068894976e-01,5.919640380777483335e-01,6.927778487189564238e-01,7.374567643393840077e-01,-3.299124866516371934e-01,4.115962297911276435e-01,8.723223486383245850e-01,6.009978822378995167e-01,8.758955383973917597e-01,7.320076378603455058e-01,8.137373316625120534e-01,9.844998261266695305e-01,5.288235678688125718e-01,7.215416131860727944e-01,5.155819041214607656e-01,6.646534566110134934e-01,1.806214195331933559e-01,2.509074746530970401e-01,9.489754490078516902e-01,7.855218212495663765e-01,4.123965222941779474e-01,6.470691506489294476e-01,9.363844822207022522e-01,-1.788112964943985861e-01,6.667089570430723144e-01,4.031700158983901883e-01,7.341683410823302003e-01,8.425944686127393446e-01,6.711881622689137572e-01,7.142577537453163039e-01,4.055742097584330574e-01,9.620890683256149156e-01,6.941591559254854937e-01,9.645077625148739120e-01,9.718316367514115983e-01,5.048078870165357834e-01,5.653324599637870040e-01,5.205727622524431997e-01,3.501465158437422343e-01,2.809121805531529792e-01,4.120625795696179483e-01,6.548798437637890490e-01,2.447027748324214769e-01,4.742172374678617075e-01,7.160673644124679882e-01,5.523043638332812977e-01,7.169191202498947924e-01,3.161313545148498050e-01,3.208280613594909902e-01
6.657737793732640963e-01,3.272112409208656203e-01,7.171044801315938910e-01,4.848369648465706283e-01,7.389147469715757754e-01,0.000000000000000000e+00,5.313480745206804468e-01,1.569296331757914220e-01,6.922208246602520321e-01,4.997294039849075054e-01,7.114861301654129555e-01,4.109819248178797624e-01,9.042885829116097396e-01,8.476114225098028143e-01,4.752622161104638199e-01,8.177219832466697813e-01,6.745172297855204224e-01,7.745308267150647907e-01,8.690504820515757567e-01,9.630306873793877953e-01,6.498662744233272281e-01,2.724662886214734292e-01,6.731655917866045113e-01,6.605303556024285649e-01,-2.070725334518908056e-03,4.094144202924530629e-01,8.534644549940384461e-01,4.866772724566200692e-01,7.883567697165272392e-01,7.663354920488185673e-01,5.396102447939766789e-01,7.607601671911610186e-01,2.544470128094902805e-01,9.947717879562504306e-01,5.045466607203137333e-01,5.825437244282775096e-01,3.259429155493934749e-01,7.578732598766383388e-01,9.103507963409657178e-01,7.909978169778373314e-01,7.581592190008440424e-01,7.200258131876995371e-01,9.348067666189001645e-01,5.000601728602697138e-01,8.599665762446162542e-01,6.430349936390710175e-01,8.914337771741135397e-01,5.916216497117856576e-01,4.170504931755985439e-02,4.442281551922420690e-01,4.370408390260217546e-01,7.763430803678599279e-01,4.637661151138167126e-01,8.581472937794188960e-01,8.756613298748271434e-01,7.738796610574391055e-01,5.701567288686252288e-01,4.225954458416728565e-01,7.082692148541199773e-01,1.335827842263494214e-01,3.493153082304903956e-01,-1.077123763154211877e-01,5.477357287384436724e-01,3.235197271305837452e-01,7.535424342735814740e-01,4.247682092670433951e-01,7.394404913033446602e-01,9.832625649140920299e-01,7.575539552833423507e-01,4.109570421505402416e-01,6.782766682132129743e-01,2.633997727176906056e-01,3.675372196756671039e-01,4.344653390392128056e-01,5.707188205727629082e-01,2.358139185699546225e-01,8.698716273200282068e-01,2.219579149383172356e-01,1.937604603520225732e-01,1.825837080994590078e-01,2.506317974413723726e-01,6.696412800275610699e-01,6.292725132049583614e-01,1.081315471967326663e-01,3.952963908758936329e-01
7.324556728156432772e-01,7.321381639712811751e-01,6.655123971833135643e-01,5.178050924615543726e-01,6.477051011094870914e-01,5.313480745206804468e-01,0.000000000000000000e+00,7.363328749590357658e-01,6.774022109931983060e-01,6.944629009367677686e-01,2.150144176846528199e-01,7.306175637941199064e-01,4.767742285524256274e-01,2.724847956479120592e-01,2.270935591111487017e-01,6.801477457098203949e-01,8.630493791961429961e-01,6.688362458409560229e-01,2.546067412774400962e-01,2.495398153682971132e-01,9.687298951443932271e-01,4.775917894329003710e-01,4.526661861714061375e-01,6.902778947093413109e-01,3.291306782327154679e-01,5.531098016296606135e-01,3.793469775285740475e-01,6.388765061246493016e-01,2.564819808394120937e-01,7.915137824165674463e-02,5.480276539139974368e-01,6.432992787464546502e-01,3.622806996029437343e-01,3.350430544311313596e-01,4.813314066012883141e-01,5.321992368144952135e-01,5.399683571161730811e-01,2.556858586275033707e-01,6.136194386352024077e-01,6.699270327760857846e-01,1.385421142969890107e-01,7.677717287911457467e-01,8.330932445677198261e-01,8.076790221691222404e-01,6.022890166118416433e-01,4.965745567580387432e-01,4.027763493397535366e-01,6.701941300840927873e-01,1.565799418186524239e-01,5.165160803310159254e-01,3.996725298131272308e-01,6.099808903166655805e-01,4.895648224431760065e-01,7.762392241129667525e-01,1.355932403114662177e-01,4.334776260881086363e-01,4.878541612125428806e-01,6.608828864877905884e-01,6.120661691082585065e-01,5.898380333372318374e-01,2.849942341198787865e-01,7.406658355134497773e-01,4.756743799527839434e-01,8.085910325692988732e-01,8.129358759339543328e-01,7.530311244447607244e-01,2.779912988582601274e-01,9.538035464357539350e-01,6.690285169294342138e-01,5.451285334415790773e-01,4.556692342974593690e-01,7.622595914058465372e-01,-2.988272140680391931e-01,5.567226458058549543e-02,4.435709925962200706e-01,6.299749660850935129e-01,5.278180458826550181e-01,6.861873087002292593e-01,1.133413883343388495e-01,5.288939450083960381e-01,6.596141498362109168e-01,5.306568473159865018e-01,5.849989297011963796e-01,2.711170455103226740e-01,4.166000016137696993e-01
7.630818827035340535e-01,8.454993750104460304e-01,8.258939490843690834e-01,1.468643164092310882e-01,-6.796362029490368717e-02,1.569296331757914220e-01,7.363328749590357658e-01,0.000000000000000000e+00,4.909179698183971929e-01,5.633228343626780488e-01,-6.364938952027468511e-02,5.791733552152936726e-01,4.847447423087721807e-01,5.841361382128905655e-01,6.788909706950585488e-01,6.012677028658310885e-01,3.130757860563510020e-01,2.604237473583048690e-01,6.415304097974360298e-01,8.470046297586814044e-01,8.216223411841273583e-01,2.245717847015413771e-01,4.908031103786091309e-01,4.051605979263186441e-01,6.651853385167417754e-01,2.249128906521386528e-01,5.891238883107700053e-01,3.726304759837089087e-01,5.743887226771581256e-01,2.518099575724792594e-01,2.369568500495324026e-01,4.563357972095932191e-01,9.805843119424157983e-01,2.276906291104634217e-01,6.263458553422553976e-01,3.542019526502521165e-01,6.636942346057406183e-01,3.139709695497301389e-01,7.126760561276617167e-01,3.860319544826813498e-01,3.548832105890746824e-01,3.204284580343564892e-01,6.645122161031982166e-01,4.133762314935486293e-01,8.172653376676071169e-01,1.908080422205262194e-01,8.361227900271461788e-01,5.891954766314693170e-01,3.339832852990942680e-01,7.755675784287916485e-01,3.484736257430810502e-01,9.056809854817604588e-01,2.989786176119929029e-01,6.341200850178031478e-01,9.220738638788221753e-01,6.414836803739752957e-01,5.657163735485384315e-01,2.696761511898072561e-01,2.266141028549109315e-01,5.064668392761592086e-01,2.320814115956509327e-01,3.844191655259707741e-01,7.601549058306502626e-01,5.125520493101604069e-01,3.781620762011619896e-01,3.110284479776050937e-01,6.630234826785253999e-01,4.057040346577594492e-01,6.570010062263746953e-01,4.621818758376124436e-01,8.142604017197011546e-01,4.491752666025157770e-01,1.880869396190531229e-01,5.764824289568717397e-01,3.105314663534102237e-01,2.491296427692095694e-01,4.066970469687465339e-01,5.883808951672500065e-01,4.907884221110522804e-01,1.562952000578657075e-01,2.485342880600796833e-01,7.443833034113122027e-01,6.814285762758263143e-01,5.466345274948581912e-01,7.998735696591434685e-01
6.294628844227952991e-01,3.147466818549908285e-01,5.519497778660810150e-01,9.578781063984278532e-01,6.523691446725305987e-01,6.922208246602520321e-01,6.774022109931983060e-01,4.909179698183971929e-01,0.000000000000000000e+00,6.644095723578897772e-01,4.488990977967421414e-01,7.309577351663980593e-01,2.419607503209236510e-01,7.259427836884183582e-01,7.956333900052658947e-01,7.118735160436377996e-01,6.368236234043149757e-01,5.929198999752276489e-01,2.488919273006313659e-01,7.089246127448771695e-01,4.771033299127909189e-01,5.618019954357725831e-01,4.889337522204287856e-01,6.058324978257880744e-01,5.591216474682536575e-01,5.223204647021848501e-01,7.017431753497738178e-01,3.248064573808441269e-01,5.951446223641357891e-01,1.131669013304500288e-01,4.343552060438787832e-01,5.216960059754656154e-01,2.154127959090046569e-03,7.079364817718606373e-01,5.227824871312002353e-01,3.205926322573942472e-02,3.962752310556688085e-01,8.888328226671100563e-01,4.417576040461870801e-01,8.303962183079888204e-01,3.909913462652085947e-01,3.008535459135350809e-01,7.555536658927759497e-01,7.597759513339481519e-01,8.425540363031311930e-01,3.758851164265629707e-01,5.134101017883399010e-01,8.747395406454245848e-01,9.098122287800390617e-02,7.782873495455200352e-01,5.032381962483941651e-01,6.894637905927821775e-01,6.530029588708590182e-01,4.718076580542044374e-01,6.893108960458157464e-01,5.121143481878329684e-01,9.850553780606081666e-01,5.281671041857892712e-01,7.033292731382173590e-01,7.951330626243767463e-02,7.392743700995469958e-01,4.422703959910511129e-01,2.579055960977635342e-01,5.853622567697882584e-01,6.652180599169297270e-01,4.853756703345609713e-01,6.803984775374865013e-01,9.724982131119794815e-01,6.650070663844590557e-01,4.437303066852000821e-01,5.358674700241887745e-01,6.612640813062902190e-01,4.390322941436304305e-01,2.665202427170255128e-01,2.179725583777782361e-01,7.769055229927134265e-01,5.773193240801803849e-01,5.760467337694373802e-01,7.603436780902861347e-02,1.689598462705995119e-01,6.718823007775132083e-01,7.253111196998566212e-01,6.180231765591636117e-01,2.504128187582380649e-01,5.602985501259488688e-01
5.804500522471831570e-01,6.404859219518512781e-01,6.984113526512792935e-01,4.698845112121461387e-01,7.485161608709535175e-01,4.997294039849075054e-01,6.944629009367677686e-01,5.633228343626780488e-01,6.644095723578897772e-01,0.000000000000000000e+00,9.206046706151984615e-01,5.404945187149701180e-01,9.996314565673192210e-01,8.167634315567163794e-01,4.547391291449421336e-01,2.074962714334654956e-01,7.739489184191414850e-01,4.018569564909060809e-01,2.348106188002678230e-01,5.954789183377824369e-01,4.310624880428055583e-01,3.456472753666637310e-01,6.596834848924758576e-01,9.517078718238141111e-01,4.035727577189585635e-01,6.435203808316047880e-01,7.391178076512470163e-01,6.643471943178633765e-01,3.262011459403110214e-01,7.366417754224831027e-01,7.267176402697575477e-02,2.014263121322538430e-01,8.694406959970084614e-01,7.175708274295810041e-01,7.134384922202686719e-01,7.340030283833387514e-02,4.513798267531786701e-01,5.525054106459432735e-01,9.778164418774700772e-01,6.074476174126355321e-01,4.920482724829041143e-01,7.584654019972093542e-01,9.888791072363474211e-01,4.314846482652926474e-01,6.957575192112968043e-01,7.021935566075591106e-01,5.956959312732925671e-01,9.134262141687946590e-01,6.549004482692488693e-01,4.886017911509419887e-01,8.693925864621894206e-01,7.545690987073220279e-01,4.405605362076062681e-01,2.440766478151218943e-01,9.056116266301696971e-01,8.382688557251637418e-01,7.303581329717427906e-01,7.858751168363540263e-01,5.805925659161828012e-01,5.579319483801432611e-01,4.101124942553956432e-01,6.487378759398076955e-01,6.588644896708608645e-01,5.071888735352958477e-01,7.552819773263833580e-01,-2.595106390197787771e-02,9.123474108487555911e-01,6.722596075435862684e-01,5.665282529042474646e-01,7.297331109884668265e-01,7.812668307877770335e-01,7.186487499339361262e-01,7.571621603620443119e-01,9.759197134164601661e-02,4.862628668373416563e-01,9.193462931318063802e-01,6.250256129907223457e-01,4.727845775512846127e-01,3.887483428075495517e-01,7.170391044499400124e-01,5.839067793401063744e-01,8.000609743138425989e-01,7.828749871301288188e-01,-1.126636494174992342e-01,4.707315982472713434e-01
8.524551920686265216e-01,3.160577573574328558e-01,6.511781134988026132e-01,7.692132752518356931e-01,4.253820407973736839e-01,7.114861301654129555e-01,2.150144176846528199e-01,-6.364938952027468511e-02,4.488990977967421414e-01,9.206046706151984615e-01,0.000000000000000000e+00,7.049437116628909372e-01,4.544917134731252806e-01,7.404471734765242230e-01,7.556220730861548107e-01,6.300060185674194457e-01,8.628057350608857590e-01,6.209669562806928722e-01,6.468610994106861467e-01,5.448610938474265364e-01,5.036956182166494322e-01,4.373869931427233904e-01,6.843248295525637959e-01,1.737926628513162541e-01,-1.892670523963756735e-01,5.255786777672828425e-01,3.928742343861376662e-01,3.093938324858046540e-01,3.423393810499896217e-01,7.433435655256870334e-02,1.321177085221852399e-01,4.291206103370808211e-01,7.780595434092688611e-01,5.595920677750894079e-01,4.663717666932873929e-01,4.760044766306970043e-01,3.259978716000959120e-01,2.051359508869423920e-01,8.140380057081701981e-01,5.974795698137643774e-01,3.803716071928950893e-01,4.201288528126028710e-01,9.574189760285377604e-01,5.077401887930836910e-01,8.093753066033803067e-01,5.640113524319619875e-01,9.778240194114734551e-01,5.052316416951454503e-01,4.900153258096675568e-01,5.606890058571645241e-01,2.678083275986617995e-01,9.615986185009116616e-01,6.908531761364886670e-01,6.294468931029519876e-01,3.316407385845145939e-01,7.335950177638757008e-01,2.208499975648774150e-01,3.799556692228267529e-01,8.923078091748032348e-01,4.134741236928417552e-01,-1.173287102759898448e-01,4.823197929050475063e-01,5.858380814980117535e-01,4.811428346010870882e-01,5.120099062563535641e-01,8.474938147698286572e-01,3.709991967198082441e-01,9.496358878249708813e-01,4.158780385973510074e-01,9.363783674215345743e-01,9.429719063281654101e-01,5.235368216735469815e-01,7.641225684766568271e-01,2.777112715550830724e-01,7.506126372564886351e-01,8.015538344188567477e-01,3.040896972457589054e-01,4.103364001523280291e-01,2.284754020461331747e-01,2.041850083741562627e-01,6.058397410446740849e-01,6.783773439388752768e-01,6.873160122938947181e-01,1.660960305516162305e-01,9.149452711883745426e-01
8.691091303201525786e-01,7.656651943190235787e-01,9.189074666268877145e-01,4.415239209352208039e-01,7.909318767922751681e-01,4.109819248178797624e-01,7.306175637941199064e-01,5.791733552152936726e-01,7.309577351663980593e-01,5.404945187149701180e-01,7.049437116628909372e-01,0.000000000000000000e+00,6.808207000928950814e-01,5.457535161107387456e-01,2.124908841016486805e-01,3.795067986948019723e-01,4.550701426394505589e-01,3.998336656654728483e-01,5.561528068232179933e-01,6.818078524291418807e-01,5.433999634663864153e-01,4.219675960048385188e-01,6.877501348543418880e-01,4.547908001553974122e-01,7.601701602626764753e-01,6.609773014394327850e-01,8.624114219161969075e-01,6.602414101408470293e-01,5.757363194947312524e-01,1.585843292409285787e-01,1.883151474501771339e-01,5.592796454183572852e-01,5.318540593360322477e-01,6.512393719031124295e-01,4.646636329641190555e-01,5.566471317109671357e-01,5.759291671908369770e-01,4.836990646704980024e-01,7.297594975140830886e-01,6.520523635616373159e-01,5.557321313213885450e-01,8.092369029599971730e-01,8.853940619843875259e-01,9.840782935466554360e-01,9.191829508956740336e-01,4.845443919055718029e-01,5.316724664273132506e-01,4.617010549356281301e-01,3.535842073476320735e-01,2.183113102670710126e-01,3.049440898196508765e-01,6.253695462783501746e-01,9.548236166144469239e-01,9.296371059210233323e-01,3.024266013648904683e-01,9.544502802321307433e-01,8.337736667106580013e-01,9.527558958300690328e-01,7.293643211034291918e-01,2.392433620303386355e-01,6.406182080712259364e-01,6.148652101743220522e-01,4.850944505452476352e-01,6.856247202273992869e-01,8.664875779416942869e-01,7.922651746180506827e-01,8.611179053650048765e-01,6.991110301704359653e-01,7.991374659036626360e-02,7.322746179873672601e-01,6.815561301918895420e-01,5.120726492022135146e-01,7.412020038574165248e-01,3.091564521392661247e-01,4.653706312484620078e-01,3.193254192423679028e-01,8.918188302033167592e-01,2.910854117310323064e-01,2.814922851784816826e-01,4.507949528861922572e-01,4.618827774981369982e-01,6.372440555255340922e-01,5.602355336874829117e-01,5.099539700759896377e-01,7.594597378058504100e-01
6.464451325751963129e-01,9.638615612841379132e-01,9.880406666955553474e-01,8.728773300775307664e-01,6.457866799987741491e-01,9.042885829116097396e-01,4.767742285524256274e-01,4.847447423087721807e-01,2.419607503209236510e-01,9.996314565673192210e-01,4.544917134731252806e-01,6.808207000928950814e-01,0.000000000000000000e+00,2.097962257093752281e-01,7.034704552286398238e-01,6.323884161677006954e-01,6.969968534306963948e-01,6.002534062530174852e-01,4.335778316427464363e-01,6.436877109387757478e-01,7.116395959734682641e-01,7.898250998652296406e-01,6.188738498584968051e-01,4.189675121447059558e-01,5.741519567868580420e-01,6.890681335858030998e-01,9.884228323099122360e-01,4.471650243948164793e-01,3.134506433602481934e-01,3.866636334255556529e-01,5.269499899909803053e-01,5.319338409268964396e-01,5.530247165494207584e-01,9.284890991678428351e-01,4.636256269663171503e-01,4.595071832650571286e-01,6.240077390904610333e-01,7.556511681250995816e-01,6.218982001872080945e-01,6.364524440313543696e-01,5.589122966586691499e-01,6.201218181519473349e-01,3.460997854810230479e-01,9.286041588423040727e-01,5.895045581896597442e-01,2.842389436136263381e-01,9.211874859983049113e-01,2.120671140368501351e-01,1.420890607591943355e-01,8.722791112625399856e-01,5.690414322771338851e-01,7.813962357622732391e-01,2.538678996485730366e-01,8.184814009692920056e-01,4.250570269343030283e-01,7.127278591181052114e-01,5.044316576564857879e-01,5.515241851712683330e-01,9.235793723143587153e-01,2.575140046097998958e-01,2.370418341631313763e-01,6.405676174716614657e-01,5.254062613101357915e-01,5.190674570760126505e-01,6.055456263789797955e-01,2.916121518153884096e-01,9.544834773493112712e-01,5.609994094297987566e-01,5.431041313153874839e-01,7.679134191778468344e-01,6.858810827649912678e-01,9.552629648025305897e-01,7.483948192040479688e-03,-3.966225111765420142e-01,5.030483612775578095e-01,4.896375971523361792e-01,4.570832670117309648e-01,4.665384612004130349e-01,5.418226036295585857e-01,3.752791842534952682e-01,2.954246122759648374e-01,9.259589123455945758e-01,6.605802745117623775e-01,6.750648953052319490e-01,6.082795021425848603e-01
7.958761108298719744e-01,7.461102652796411938e-01,7.221195893565955926e-01,9.542668943950742833e-01,8.829304745211461469e-01,8.476114225098028143e-01,2.724847956479120592e-01,5.841361382128905655e-01,7.259427836884183582e-01,8.167634315567163794e-01,7.404471734765242230e-01,5.457535161107387456e-01,2.097962257093752281e-01,0.000000000000000000e+00,7.586146586828301785e-01,8.576683790803422136e-01,8.189335815455540679e-01,1.501117816907190372e-01,3.823542612495023363e-01,7.849225323268227417e-01,8.893593274217674871e-01,6.513235011988098844e-01,9.964684217291499557e-01,9.799377189299581792e-01,4.201876627664780650e-01,4.249155278857460472e-01,6.738447685169787205e-01,9.830225060118227276e-01,6.964614518341575300e-01,4.445652944370437343e-01,3.369076342340081576e-01,5.960091676669594385e-01,5.957350805448420328e-01,6.355277883849741460e-01,2.903420793502675679e-01,6.914089406198647980e-01,5.782576484029967601e-01,3.366269966363192312e-01,9.861131507702578514e-01,7.979627816215348890e-01,7.356117944168629741e-01,9.298399925841134284e-01,4.671989248402319550e-01,7.284994052791564645e-01,8.351449339826954033e-01,3.645829129495027354e-01,4.824314257398324979e-01,4.251939911912971382e-01,8.041003513002927816e-01,2.249185057443959523e-01,6.458278700763623315e-01,8.498545253472820082e-01,6.227056978480030036e-01,9.512605346869433820e-01,2.886939348104262670e-01,4.102789428863709009e-01,7.631723695739306423e-01,7.197227262664301906e-01,4.617165046929541661e-02,5.495745760571889571e-01,3.968327929786684694e-01,7.835623664201992744e-01,7.123276319787805733e-01,8.683674718774645473e-01,6.049184504887952230e-01,7.257926936229790460e-01,6.411143382870414520e-01,4.920878175115254716e-01,3.478084902914743148e-01,7.933124144073060435e-01,8.946861899978980626e-01,9.336885535567109873e-01,2.720454205881563947e-01,2.463777625963495532e-01,5.248556764251057771e-01,4.974402436433760233e-01,7.507069573942377616e-01,9.914769998057417766e-01,1.820947404318266072e-01,7.627859190676575807e-01,7.404684731437826128e-01,4.175059262740226651e-01,4.327631112151769655e-01,2.357034718061055967e-01,6.266991949845397425e-01
5.417326186010468225e-01,3.709134100000732737e-01,4.997037690155486933e-01,4.288881903017726094e-01,6.853172273529779535e-01,4.752622161104638199e-01,2.270935591111487017e-01,6.788909706950585488e-01,7.956333900052658947e-01,4.547391291449421336e-01,7.556220730861548107e-01,2.124908841016486805e-01,7.034704552286398238e-01,7.586146586828301785e-01,0.000000000000000000e+00,1.658077013733004756e-01,3.201028627035337193e-01,7.192804591763370947e-01,3.882866651935359958e-01,9.994770136278749995e-01,3.858137650967412569e-01,2.901966932219061102e-01,7.010688765858742455e-01,5.696041344085887026e-01,7.140608041700925446e-01,7.467190102179200872e-01,9.880145719452464448e-01,5.689346909898211901e-01,2.967565980511161494e-01,4.800547694670489474e-01,3.214734217591043164e-01,9.789162171103674148e-02,4.877885669251327827e-01,6.928833214672266427e-01,4.920460450061603375e-01,3.027335772175317463e-01,2.860778284693328288e-01,7.570146473487562311e-01,6.934749647988953658e-01,3.763424559099188826e-01,3.373464570374343774e-01,6.704965231580406471e-01,8.418891563833027503e-01,6.468450469546895842e-01,4.183491371889042632e-01,7.102687551156982027e-01,5.547320377766650212e-01,7.532918880579155818e-01,9.762132842781267028e-01,4.080371574559747971e-01,4.993132228026810338e-01,9.284464408533422697e-01,6.007364319220620530e-01,5.627747547830637131e-01,2.605916854307346320e-01,7.054489235886983733e-01,-1.353726351542955952e-01,9.837793714526991140e-01,6.847866248300636949e-01,2.973663287090064916e-02,5.631533240361382697e-01,2.786435781770280062e-02,6.219010442383893222e-01,3.526741342987321781e-01,6.934944146348672733e-01,7.232901655132202290e-01,6.248607644892362201e-01,4.007551531954988699e-01,7.421469518163255064e-01,6.195478639392840714e-01,5.882788950718876864e-01,4.734369446115522240e-01,2.928085596644613431e-01,3.219389696126163658e-01,7.768111402056652182e-01,6.770847067689371723e-01,7.460220304951522552e-01,5.770901409284813210e-01,5.653935390486589663e-01,5.452726201320911015e-01,6.378023602114231139e-01,8.147955027646280879e-01,4.302249511462103437e-01,5.101371184266788594e-01,4.741252118202336496e-01
5.338092742734844576e-01,5.126158948743093635e-01,7.666606670487522424e-01,7.559397900105440105e-01,5.253015222208322621e-01,8.177219832466697813e-01,6.801477457098203949e-01,6.012677028658310885e-01,7.118735160436377996e-01,2.074962714334654956e-01,6.300060185674194457e-01,3.795067986948019723e-01,6.323884161677006954e-01,8.576683790803422136e-01,1.658077013733004756e-01,0.000000000000000000e+00,6.259059912775746248e-01,6.948822639578389193e-01,2.603488322819507150e-01,6.377119738175559549e-01,2.856653342009409791e-01,1.754420609406625031e-01,6.165236459305644123e-01,7.483800415114421067e-01,2.183249565121736513e-01,3.254908825248530313e-01,6.642421036926687838e-01,9.850430616267815687e-01,3.366151771708024709e-01,7.228508235078805466e-01,1.821936642170562948e-02,2.895597771365898132e-01,3.979208393483997519e-02,1.558348447422925609e-01,7.681470745889593665e-01,-1.484252208786942806e-01,3.294473279050088577e-01,4.044043598151924046e-01,6.168930419186228198e-01,1.747170848148194011e-01,3.087533694804072137e-01,3.463919710182079559e-01,7.041178327677313220e-01,3.006735901942243494e-01,6.619562791448841965e-01,7.991324263148583684e-01,7.512202227236958185e-01,5.375519608255876491e-01,4.652763334402493234e-01,4.119619046987104127e-01,3.839077860289881183e-01,4.472878977488343732e-01,5.833450010734518854e-01,7.584119884082800578e-01,6.121506346753586847e-01,9.001455799132913604e-01,4.484490956603841005e-01,4.990388713633287510e-01,8.962999754628846460e-01,4.486245987041687644e-01,4.635797888312812587e-01,6.289709343927780694e-01,7.597488510734156097e-01,8.642015821597097691e-01,5.171670452781578220e-01,3.139195918668526430e-01,9.094602613231065336e-01,6.105585658868661891e-01,2.796248796744730258e-01,7.687847401540092163e-01,1.488673427072581545e-01,3.075007977319544339e-01,3.812164642691062144e-01,3.807580676440032175e-01,7.608635022681515814e-01,9.789301636973162246e-01,6.142588392282525289e-01,3.701153186416399343e-01,2.159866930364776061e-01,1.237494600777165471e-01,5.741968375532842117e-01,8.438736346535349320e-01,5.514074473107357655e-01,-1.553871537853929452e-01,7.477315847972606511e-01
7.158019232350607552e-01,6.345746078452020322e-01,4.632430296065856989e-01,7.557330446241765642e-01,5.224765343472141943e-01,6.745172297855204224e-01,8.630493791961429961e-01,3.130757860563510020e-01,6.368236234043149757e-01,7.739489184191414850e-01,8.628057350608857590e-01,4.550701426394505589e-01,6.969968534306963948e-01,8.189335815455540679e-01,3.201028627035337193e-01,6.259059912775746248e-01,0.000000000000000000e+00,9.948202135723287487e-01,8.876906998374151092e-01,6.534106012663589702e-01,9.187254410382080794e-01,3.861983323116635614e-01,7.949957613952554070e-01,9.641805248220204350e-01,2.267507782518872750e-01,8.755302175403858467e-01,4.931335930489020303e-01,9.429810908684457260e-01,2.491422677683367004e-01,5.017562134820654496e-01,6.483313027140958917e-01,4.473952836012743406e-01,6.892580595556766498e-01,7.542450626300210015e-01,6.989224247759570074e-01,8.197597356539486346e-02,3.360719823949479546e-01,7.216895568853670673e-01,1.166123517884867268e-02,7.452368317993220970e-01,4.685805538688591065e-01,8.346220926992107270e-01,6.085199336155072691e-01,7.121473225638008664e-01,6.765402996274638703e-01,7.392402301114732177e-01,9.360216940717722700e-01,3.352364141957949739e-01,1.088620935354943225e-01,7.338584437723104648e-01,4.577990357042349134e-01,6.522479504022391517e-01,6.384581999782489303e-01,6.276752017989321031e-01,9.950950400282680963e-01,9.701612417470626415e-01,1.573503066494708613e-01,6.079336465058665651e-01,9.428222818620457524e-01,7.007127812428206592e-01,2.752410224550649875e-01,5.995420517323126752e-01,9.380332944006561924e-01,3.653420526180585215e-01,2.974282199127038506e-01,7.548118014882512217e-01,9.058218079303713699e-01,1.229035670415113829e-01,6.325413347963457777e-01,9.638005883543883101e-01,9.579670056443738702e-01,2.960135284735587180e-01,3.403955897133358333e-01,7.241729440398675388e-01,6.711734918665892557e-01,6.673732813088602001e-01,5.666157805752924936e-01,9.548791185318391550e-01,2.126175163488757680e-01,2.513706827088719731e-01,5.453874986571635164e-01,7.027721537166632393e-01,7.036309218972947033e-01,3.552492407988194212e-01,7.940542765823934701e-01
7.335756164119050515e-01,7.130259788943507093e-01,8.307961963457114463e-01,7.981726181551369592e-01,7.986677127415259259e-01,7.745308267150647907e-01,6.688362458409560229e-01,2.604237473583048690e-01,5.929198999752276489e-01,4.018569564909060809e-01,6.209669562806928722e-01,3.998336656654728483e-01,6.002534062530174852e-01,1.501117816907190372e-01,7.192804591763370947e-01,6.948822639578389193e-01,9.948202135723287487e-01,0.000000000000000000e+00,7.686248939643329781e-01,8.028310826126467958e-01,8.285545733074840546e-01,4.140178315254549601e-01,6.819462850014869071e-01,7.739203585102945038e-01,4.672030209930916334e-01,5.381694429728123286e-01,8.984705052404842185e-01,4.676267762773583803e-01,3.345148040630795405e-01,2.996670640184774803e-01,2.768625048498183361e-01,4.391735046913470275e-01,5.719112887321295968e-01,6.310587224476726931e-01,1.397615354167685842e-01,6.095879726928525866e-01,3.519245275748864588e-01,2.596150047951998885e-01,9.964585757441898339e-01,5.738767829961161082e-01,7.548566834338780174e-01,4.915430905391135474e-01,3.270809336262935352e-01,5.459516597513079939e-01,2.842538756728192340e-01,2.543906925397478314e-01,5.483853712162599647e-01,5.970517493958646948e-01,7.450419893233795054e-01,7.001835067678632285e-01,7.111399972446996731e-01,2.594985120937280954e-01,6.279690689676156179e-01,4.832395467970016512e-01,9.644661956713497242e-01,4.454141822247669191e-01,2.957749592488649881e-01,4.111548889998113965e-01,6.106912459006904603e-01,3.665527774445201947e-01,6.420179310775336878e-01,6.993172397891501690e-01,4.920876593925247455e-01,8.278794825328683604e-01,9.118613833270150515e-01,7.401310689914744056e-01,7.414830912157630571e-01,8.768245563747332216e-01,5.640574557472797235e-01,4.106834357252371337e-01,3.209155257760873958e-01,6.665819372032464329e-01,1.588732085948408590e-01,7.710919478399268501e-01,5.859479023809424092e-01,3.393194481848412769e-01,6.363842308318397034e-01,2.772311847458109324e-01,5.478505388643515328e-01,3.941886325478032305e-01,5.184577623118463707e-01,8.467571220125474918e-01,4.605630991919351658e-01,5.542222839349423280e-01,8.015222745028588447e-01
