0.000000000000000000e+00,7.990520674990889693e-01,7.159991373996089647e-01,6.934156169149668925e-01,2.190695609903494934e-01,6.359689428124370991e-01,9.342358711211026234e-01,3.572987344846996205e-01,9.524913518441143756e-01,6.445269124554584561e-01,8.846931256103816033e-01,4.228024854421922329e-01,4.985757048761763066e-01,3.783718774630567272e-01,6.870979582290418497e-01,7.638098367335020011e-01,2.763580578034606772e-01,9.045098636165065376e-01,9.035169467994472736e-01,8.743017040081946245e-01,9.382867167388800889e-01,8.598389028061225181e-01,9.352769669062950264e-01,7.316002278375848267e-01,9.700274601861762491e-01,7.482323308018870023e-01,3.503828376487137519e-01,9.777777672338817672e-01,6.430613511143506988e-01,9.376274438735694716e-02,3.109815479546802486e-01,6.169571448869018981e-01,4.685093847480148455e-01,9.559484997308682619e-01,2.069784855883473884e-01,2.450055772216595540e-01,5.129288174320672383e-02,6.653401710648459977e-01,6.328581748696869846e-01,-6.310768478711209495e-02,4.795860894504091476e-01,-1.604361586907704362e-02,1.585441723019664628e-01,6.403780118018245204e-01,2.167764475940797964e-01,8.724052529272060541e-01,6.904471864100965028e-01,6.630094106276479549e-01,9.344473646071502770e-01,5.730027632280780825e-01,2.787012250672969427e-01,6.721741750809535620e-01,4.618241642808238456e-01,4.874759758220733596e-01,6.814597512988892491e-01,7.416167914858107224e-01,8.082780138379546120e-01,5.658668162149751435e-01,3.805533298633255734e-01,3.778226382594896959e-01,3.604514314356939142e-01,9.240784124926229026e-01,9.336554429800343335e-01,7.788503400981763303e-01,8.304603620123613972e-01,7.467242170493805231e-01,7.173207973424848838e-01,7.378097958606671947e-01,5.965177669484090783e-01,5.627472612211329439e-01,6.413062050492542854e-01,5.735397401706521237e-01,6.172545916604539329e-01,6.074193465134185982e-02,8.883694503393946285e-01,9.898331445381951532e-01,9.325740010647136646e-01,6.110430564499713668e-01,7.094954596391893353e-02,3.422045080290448960e-01,7.231039883677872204e-01,7.018213717218284575e-01,6.453381577354547760e-01,2.965277366686317473e-01,-5.791681906173332117e-02
7.990520674990889693e-01,0.000000000000000000e+00,8.297186106422472784e-01,8.526378350600585243e-01,5.235192923586990954e-01,6.297497153541754544e-01,6.226267394448347092e-01,7.093179844618143770e-01,5.474510803311207763e-01,6.545239753548491857e-01,5.332073553013454426e-01,6.140208784547291909e-01,7.919630352917473859e-01,5.102284042994468249e-01,8.087213030182972551e-01,8.833257377717141923e-01,6.465264382300894841e-01,5.850105340255087327e-01,6.323076707504912131e-01,6.164192103198242734e-01,5.017723476003184135e-01,7.087388140525602287e-01,5.073851723033375727e-01,5.032515292025518949e-01,9.474130130822835394e-01,5.726369416823211544e-01,2.236624518252763871e-01,7.060141811246041232e-01,-1.912310033759615224e-01,4.685141014016604988e-01,1.753964031848065097e-01,6.845790504015537570e-01,5.762432955424827696e-01,8.114910634489116426e-01,6.800231921280334157e-01,4.683654189144600966e-01,3.624320810413140803e-01,3.033268504085516737e-01,9.512912825218496904e-01,5.682090702012123629e-01,5.093998160457412494e-01,8.842578248607511071e-01,2.282801605721036520e-01,6.873305080403063760e-01,9.980725805321009059e-01,4.719600641022212995e-01,7.124018643421601293e-01,9.039431794181151947e-01,7.745905884019659293e-01,4.001418596064004185e-01,5.183886785580958945e-01,7.099072739189288272e-01,5.247838962688911035e-01,7.636386234084555635e-01,8.960304592767126541e-01,7.824979837084626855e-01,7.844999887656902704e-01,7.145660668415529937e-01,6.747580953414993310e-01,1.128154509842553416e-01,4.825338502332199297e-01,8.356473993684365720e-01,5.140998985773046481e-01,4.568147244934891993e-01,8.867283491356600100e-01,9.906936433116861895e-01,6.332652628798955963e-01,4.812413150683064050e-02,6.243372979055025196e-01,7.227956134212782935e-01,6.149078133418903747e-01,6.498561304544692163e-01,3.095265066831529577e-01,4.691236353680349747e-01,4.250278294691786640e-01,6.467033390105826340e-01,2.741015884944736913e-01,7.322488022158039067e-01,5.612809588933038718e-01,5.011164763921779342e-01,5.155380912097907720e-01,5.717007023114948350e-01,7.046803054345930351e-01,4.363511492113369417e-01,8.696158197665940781e-01
7.159991373996089647e-01,8.297186106422472784e-01,0.000000000000000000e+00,6.339296669936289597e-01,5.427194367813628073e-01,9.535800535512309883e-01,6.774172680869319230e-01,4.723851204510276514e-01,4.795006708294358155e-01,8.934598415495166313e-01,2.198424191196098609e-01,-3.681623578344250802e-02,9.555551249124736302e-01,1.784230954597991192e-01,8.181993298554829375e-01,9.388386963239416794e-01,9.131008256224589781e-01,5.674697247393940547e-01,8.595715219133948093e-01,7.249920300933183626e-01,7.560651157911875142e-01,9.197215130347808909e-01,9.098759700264507089e-01,6.492866396928593797e-01,8.931586867534748730e-01,8.726367895197664204e-01,4.184992890262675402e-01,4.732415275953356093e-01,5.859894109856781386e-01,5.960952457264867554e-01,5.190571338423990433e-01,4.674859563364703319e-01,7.297759899993979671e-01,8.213929160306485677e-01,6.667625285684151137e-01,2.084202526590797633e-01,5.986878873667456080e-01,7.660151513983203264e-01,6.860976086388020923e-01,6.016922960241058993e-01,5.323915926128974969e-03,7.096267267969696979e-01,8.715992830633876309e-01,9.119479849629893442e-01,5.611476916762883071e-01,8.116766095502543354e-01,4.984250103517755548e-01,7.397728474583736835e-01,9.975613887684158243e-01,8.500266166638491550e-01,9.837996142362455121e-01,7.868989867230813395e-01,6.799060902716700383e-01,8.884123285669999204e-01,8.169633253269191764e-01,8.157897595442723526e-01,8.432259463559431678e-01,4.884018460144897156e-01,9.485851459399375907e-01,2.729777890788502304e-01,3.838468313654418429e-01,9.206932535164813469e-01,6.834321561591889527e-01,4.747819802342500006e-01,7.663899108379487179e-01,2.566677611142172410e-01,8.523054676198369428e-01,6.106219763795548428e-01,4.745954778483650882e-01,5.066108330722233211e-01,6.221566753307363751e-01,6.753388371678576974e-01,8.279963526080875991e-02,3.316782775502555292e-01,7.462934925747688464e-01,8.479925250563474792e-01,8.253312557631174995e-01,6.235569382785687287e-01,1.974624951548333285e-01,5.196970484331040474e-01,7.963808648392336487e-01,8.794770607604387447e-01,6.626579776228059826e-01,8.564411936123603741e-01,8.407139136726017314e-01
6.934156169149668925e-01,8.526378350600585243e-01,6.339296669936289597e-01,0.000000000000000000e+00,7.883812595298611559e-02,5.434954883562463923e-01,7.249805328742718880e-01,6.774138969377523356e-01,7.373734498619367583e-01,2.015394883731948528e-01,5.048156971177809593e-01,3.817957941281560630e-01,8.629630891159669748e-01,7.637473692630810662e-01,7.325592524853944409e-01,6.162121350092097938e-01,6.363480870190829641e-01,6.256907534561678697e-01,6.091122661758746615e-01,8.320997883060045064e-01,5.600687975185445477e-01,6.123676803565657467e-01,4.868662648637187007e-01,6.913560939147157525e-01,6.028319957149429476e-01,2.900823372425793134e-01,6.740032990324363871e-01,5.232364656034347306e-01,4.829274326191903555e-01,-1.072583514843876151e-01,6.318879097278666812e-01,4.869787419722477195e-01,2.127458881464563134e-01,7.917893381541682984e-01,2.941151942682331821e-01,7.249649272949388878e-01,2.966679614306011459e-01,4.957617808214965782e-01,5.218418244467455391e-01,-1.982521746036480514e-01,3.547324790301065178e-01,9.835523460589591371e-01,9.880114085580027350e-01,6.166714629405742887e-01,2.531801100125512516e-01,5.118448908096121519e-01,5.449424799480646620e-01,6.249967292188841617e-01,4.181353123792359572e-01,9.437756196485069804e-01,6.288428089957778244e-01,4.863605740049379844e-01,6.307143871684088854e-01,6.695563959460641978e-01,6.314543594431131224e-01,8.475402550360441323e-01,7.290648546587155110e-01,6.230991775762305673e-01,2.014433434511137821e-01,5.933408226803111862e-01,2.624825626138945767e-01,9.169874626521662409e-01,6.894618332611337497e-01,5.189969876706184149e-01,9.397957864147675755e-01,3.165326957146609721e-01,6.653427385039585307e-01,9.195016818996954999e-01,5.568045387772290189e-01,9.519212655094357878e-01,8.713325656448570045e-02,9.280520086952611658e-01,2.063741025758102088e-01,2.216375549191444416e-01,-1.487484753678867400e-01,4.553515222693194642e-01,4.481032974993555684e-01,6.852207069093850800e-01,4.240594265055004919e-01,3.858775111069593367e-01,7.442350744956619524e-01,4.735952928769919801e-01,9.218615265109304513e-01,5.674121606189168610e-01,7.392796428875616499e-01
2.190695609903494934e-01,5.235192923586990954e-01,5.427194367813628073e-01,7.883812595298611559e-02,0.000000000000000000e+00,8.366529439628800358e-01,2.450884185599208898e-01,8.848327571563673333e-01,7.092241495434387089e-01,9.189008007275636380e-01,3.397772809950075912e-01,3.693830803174021904e-01,8.165229335473039862e-01,7.024305715431081731e-01,6.148800800638954955e-01,6.171424497829691713e-01,8.248360359296987854e-01,7.015676335475996561e-01,6.777930808659237139e-01,5.079508628652013025e-01,9.895416666902348002e-01,7.703909891160261036e-01,6.854682324105967339e-01,8.828878289195425388e-01,8.714899133640900963e-01,4.863856865050470990e-01,7.359208963561623129e-01,7.663607766598681259e-01,3.410984024691245953e-01,6.035346881075975833e-01,6.860155191850397793e-01,6.405100725763743785e-01,5.928689503762833990e-01,2.154504900068192896e-01,7.644999380600704386e-01,4.228785955328924762e-01,1.580846655813111790e-01,7.713339882900348554e-01,8.788276719564326322e-01,7.112576343754165586e-01,-1.944973462777062345e-01,6.054182216538626093e-01,9.405226647059947709e-01,7.261933810996176186e-01,5.444121017534344631e-01,5.770997701328406393e-01,6.161025236322849041e-01,7.566876612288144788e-01,4.529898384780590703e-01,7.153757781842903229e-01,4.209169877177867947e-01,7.976566021587108146e-01,2.552034396825774154e-01,9.812910686147952033e-01,4.989243147249439736e-01,6.815464069768133459e-01,6.108487411403793477e-01,2.735181951145846529e-02,1.098787743289871416e-01,-9.751729310182148669e-02,5.698750124363408665e-01,4.940698909260340943e-01,9.632085191403697566e-01,6.352750901317807397e-01,9.603263921465206021e-01,5.511731818020857432e-01,6.477475555438583221e-01,3.539317549652269412e-01,1.648543305217715360e-01,6.251895097516090294e-01,7.981062917020617098e-01,-6.610614315488363979e-02,4.818149680364612886e-01,5.420753534613610425e-01,4.447249102286932043e-01,6.093234532082568711e-01,3.089301568151890942e-01,2.149894824902429114e-01,2.885879911993978197e-01,8.183694944268996019e-02,4.653254675468534440e-01,9.279662863452955435e-01,7.535657070116649203e-01,1.404491999066771468e-01,4.915604728095009923e-01
6.359689428124370991e-01,6.297497153541754544e-01,9.535800535512309883e-01,5.434954883562463923e-01,8.366529439628800358e-01,0.000000000000000000e+00,7.365988906802446445e-01,6.756019408188272679e-02,2.883972522722337839e-01,6.004369334638750555e-01,7.572898976613169353e-01,7.266259256747829021e-01,6.375352828726121857e-01,7.411018542255192187e-01,6.677660339770788989e-01,5.175846110947963652e-01,7.154642869491713020e-01,7.664250277934236966e-01,3.564367933599970617e-01,5.383536862443765170e-01,5.292524937510461047e-01,7.346764539638217517e-01,5.487879457249169590e-01,4.106682961101034701e-01,2.508801896583942037e-01,7.065362304084261691e-01,9.409040689440356653e-01,3.251265657567213863e-01,7.340053074445297421e-01,3.539839257146005780e-01,-1.019683314063317414e-01,5.089421521721151365e-01,7.039255024383779258e-01,5.417107091676447439e-01,5.328948269079033517e-01,6.191781278572892067e-01,2.744432043782098485e-01,9.706635756093079381e-01,3.699750218458747741e-01,7.729537151334661127e-01,5.097800966059594652e-01,5.699632915111751963e-01,9.867157896002829442e-01,2.242506310038813455e-01,8.459732734080274152e-01,1.511960095789596226e-01,6.222583150666515239e-01,6.866553799027801386e-01,7.961629877667959487e-01,4.721586426024815264e-01,5.824209089160637953e-01,5.095399795487955963e-01,7.251138092633265808e-01,5.300780790585198909e-01,8.524685692138042059e-01,7.182696338075517106e-01,8.863723298930556993e-01,2.754429125814860657e-01,5.341791340667600974e-01,3.039054335129769482e-02,2.295044563215549727e-01,8.193879239540063919e-01,8.954943477615716629e-01,8.755304640968486485e-01,7.564447298215435378e-01,4.561399138139780596e-01,7.769160852575112131e-01,6.144925698245105039e-01,4.738227119797684406e-01,4.118980348787072976e-01,9.966281785739901089e-01,2.787544757953616670e-01,1.070058309419226888e-01,2.084655403213940272e-01,4.280814474153835092e-01,6.653609802408626539e-01,7.036038458227846792e-01,3.527328356035128176e-01,3.291694311473535306e-01,9.020996300388063258e-03,3.028265382876053624e-01,9.398071981650830686e-01,6.898239833216101013e-01,6.540462625166387767e-01,5.198128175965944786e-01
9.342358711211026234e-01,6.226267394448347092e-01,6.774172680869319230e-01,7.249805328742718880e-01,2.450884185599208898e-01,7.365988906802446445e-01,0.000000000000000000e+00,8.769413308170839749e-02,8.904434127694407231e-01,7.248984126558315477e-01,2.176614318651410585e-01,2.557506403814464035e-01,7.257158941581809408e-01,2.192191279774133583e-01,6.314209606080074533e-01,-1.880591621951539227e-01,9.670507365753562290e-01,4.648822188522467869e-01,4.978552243360227503e-01,5.460760041130623410e-01,7.983175203274832654e-01,4.192061635034179945e-01,4.946118172144823855e-01,8.053698475309978289e-01,6.985250646027084676e-01,5.235714542635196977e-01,4.119210687476904109e-01,5.380056656967253659e-01,7.096915854709575644e-01,2.692322659058942746e-01,6.715960493706244483e-01,7.883791051973947361e-01,7.504517046292155102e-01,7.230541042589769818e-01,4.880538013754878723e-01,5.095952543521474754e-01,2.386333213228853944e-01,7.925555302022165849e-01,5.736796953226428464e-01,5.112056669473687975e-01,5.962047190142966135e-01,3.061604538838758049e-01,7.890776371611663009e-01,4.583876952330899757e-01,2.619773885285474613e-01,7.592099038408184342e-01,-1.324803761104414446e-01,2.070732265822219087e-01,2.186835113923782103e-01,4.249525721487000807e-01,7.443590470484305888e-01,4.335762619956135544e-01,4.131718293834278355e-01,2.301545350578333426e-01,8.325367914306701644e-01,4.078139541397994838e-01,5.126598225658420827e-01,7.478726448863677323e-01,7.302019462233111380e-01,3.066986469466710941e-01,3.353469855261707044e-01,2.715117361654458827e-01,6.132035712684871243e-01,9.114892058839061395e-01,9.913791870600224820e-01,7.057048304804486305e-01,6.906783051602166656e-01,7.324479302175959106e-01,3.999890849898983802e-01,5.857861488211959511e-01,6.502450271178453756e-01,5.344667264509335158e-01,5.676466981557578562e-01,5.016118569088815482e-01,7.712581912489657743e-01,6.308405458946915179e-01,4.005996727373787314e-01,5.415568379172533975e-01,3.725565229438383419e-01,1.938175718658814994e-01,-1.016446755817107250e-01,4.352291644488595068e-01,4.344762071388278968e-01,3.653891919245337849e-01,6.580183750577948132e-01
3.572987344846996205e-01,7.093179844618143770e-01,4.723851204510276514e-01,6.774138969377523356e-01,8.848327571563673333e-01,6.756019408188272679e-02,8.769413308170839749e-02,0.000000000000000000e+00,3.824349002171540945e-01,5.927329552530105072e-01,3.815219692725475564e-01,5.551486630506977660e-01,9.093772674603981532e-01,7.713077176204201635e-01,6.725828319827251711e-01,6.028946521391084223e-01,6.064401766719594855e-01,2.094603559596298070e-01,-1.609523629713190129e-01,8.227787835589069898e-01,7.282232759332400995e-01,2.168662579302320370e-01,3.966399141444884036e-01,8.089729178890981975e-01,5.288686921096226179e-01,2.035727405211003316e-01,5.338453857004804570e-01,2.953812984779862275e-02,2.084018547896273055e-01,6.218840426097872465e-01,4.609218188927221016e-01,6.107481418433315934e-01,8.727187213907307006e-01,3.136377487466235903e-01,4.801983405487972867e-01,1.078840249930013151e-01,1.148793444488711846e-01,5.403138618152496520e-01,9.477580842623871682e-01,7.521733399019877586e-01,2.500436813932381819e-01,6.822595944648529587e-01,4.280625528245015632e-01,7.800528082538662478e-01,9.119454634124191106e-01,4.089537954499763983e-01,3.080551116560666380e-01,5.010317238650002780e-01,4.957159354030947762e-01,5.778091831933652722e-01,7.415918409513918563e-01,3.807568411753329274e-01,5.645316344645143758e-01,5.004566854085723548e-01,9.335424252337169992e-01,9.812986977970069580e-01,5.009112751632746052e-01,6.602613177381241316e-01,7.558678952449495725e-01,4.907329000454228041e-01,1.079470443365947024e-01,6.191161747048937736e-01,-4.188813885123252034e-02,3.637911774383794095e-01,4.965430083093402835e-01,7.728834573151399656e-01,5.612272182279445243e-01,8.785465861841839086e-01,4.822975856582792931e-01,4.099311228351263936e-01,5.872300777731962462e-01,5.739510731863182169e-01,6.415623701843047311e-01,4.120535007104089709e-01,5.708036819492425806e-01,4.325586084695530742e-01,7.450221491235594629e-01,7.153037778768235322e-01,2.065116172136249872e-01,7.445470179729060112e-01,4.369434227966098594e-01,7.554941397975977191e-01,8.834520596837366346e-01,3.670347675505091223e-01,4.501104605104363499e-01
9.524913518441143756e-01,5.474510803311207763e-01,4.795006708294358155e-01,7.373734498619367583e-01,7.092241495434387089e-01,2.883972522722337839e-01,8.904434127694407231e-01,3.824349002171540945e-01,0.000000000000000000e+00,6.655926214207711356e-01,7.296155877519108213e-01,7.314217354148241368e-01,6.702629261779864400e-01,8.701407483687251254e-01,6.760372177854735432e-01,7.368862221493928111e-01,6.406180656648328142e-01,7.915125354624954479e-01,2.221596739348065674e-01,6.197733697174726553e-01,8.789948144090972137e-01,3.947340682434285486e-01,4.107385817347094514e-01,7.717666901190023410e-01,5.084872107302771393e-01,5.372241345245459820e-01,6.972628874328948845e-01,6.190361392975630705e-01,1.269960831561947057e-01,3.324816043679497124e-01,9.647590393303009937e-02,8.015339689726699857e-02,-1.479930670410160853e-01,4.592284805357602639e-01,3.091398438271745208e-01,6.793532047791331907e-01,4.604662392388813585e-01,6.843169359068163038e-01,7.512024838125986106e-03,4.896211965850086889e-01,4.239803663524088218e-01,6.466486519591436721e-01,7.821734727552080990e-01,5.802677556198916620e-02,9.376519365259752270e-01,6.550289307597623178e-01,5.249430075554593067e-01,6.978369152946684029e-01,3.499247790418287263e-01,8.478234125235132312e-01,3.842571284051141678e-01,3.559457201694165018e-01,7.522920631042244732e-01,9.111668434625812552e-01,6.982283858212056105e-01,4.150521503093295150e-01,6.607731648880732500e-01,6.981583498353320927e-01,7.489942221829410940e-01,6.864723981742272274e-01,5.242376887123838536e-01,5.074092294129300962e-01,9.926863379915629171e-01,8.594490567047173846e-01,6.162515230545140277e-01,7.604481758002745728e-01,4.952637018334821728e-01,4.366684841712644705e-01,6.226713573190553186e-01,7.604071019163031186e-01,4.076738457891828649e-01,4.105325574646309095e-01,3.800390950004585155e-01,2.109856653804505489e-01,5.682923083199913766e-02,5.696787884643174094e-01,8.958675766747494773e-01,4.034291226188692625e-01,8.466932765673105266e-01,3.526689808791020342e-01,8.005968755101869894e-01,6.334258828399225161e-01,4.678722640233570207e-01,-3.471793767685208421e-01,5.941511536892640777e-01
6.445269124554584561e-01,6.545239753548491857e-01,8.934598415495166313e-01,2.015394883731948528e-01,9.189008007275636380e-01,6.004369334638750555e-01,7.248984126558315477e-01,5.927329552530105072e-01,6.655926214207711356e-01,0.000000000000000000e+00,9.829904581516434314e-01,8.803013336085769858e-01,8.883647019454892213e-01,6.817388865195492809e-01,2.104279023742555155e-01,3.967666690772737870e-02,4.615996242383054726e-01,7.050472363565786216e-01,5.568547638197527405e-01,7.142441479516147274e-01,6.266183060353837098e-01,4.927159868529897291e-01,1.801386612212795280e-01,1.638387615995644531e-01,7.084328747684620620e-01,5.183243591321411436e-01,2.324617313285667897e-01,7.019714330566250160e-01,5.476652089902550591e-01,4.673985525202049574e-01,5.673411484420327611e-01,-1.525779313792605951e-01,8.389475711027492011e-01,4.127646284763004936e-02,7.903251849280950037e-01,4.930199471008877565e-01,2.084389451491459044e-01,4.602607654832007733e-01,7.336704522058092870e-01,4.868096768624372711e-02,2.964500819007787613e-01,3.704499589619245636e-01,4.827198030798948158e-01,8.425659266152281113e-01,9.057459287375231316e-01,6.589056111912517943e-01,3.128817919031294248e-01,7.801907149842355338e-01,8.176067316632156246e-01,2.059666169567190008e-01,5.267196126638806764e-01,3.420384017495174955e-01,7.805294767354540308e-01,7.267743251825854456e-01,7.369850644906834614e-01,7.115311125828420735e-01,4.816436351690852047e-01,4.575136893071753419e-01,6.660840380885302281e-01,2.063952516861489173e-02,3.426046042728800867e-01,6.588353446774511957e-01,3.332981808251027078e-01,7.897582844900385979e-01,3.937227858338777642e-01,6.881638020200975259e-01,7.588343196279344616e-01,6.194693136468364392e-01,4.747400682031573949e-01,6.925285423368129356e-01,4.219941553604410478e-01,3.723349635924737555e-01,6.288236555927984028e-01,2.762218956841967499e-01,6.441991638533637321e-01,9.272872547115118547e-01,5.455518126813991842e-01,2.851939136542014364e-01,7.610087382067841355e-02,2.078859316250419587e-01,5.311935108041018205e-01,6.114797250978659671e-01,6.695028474886899339e-01,1.488540714841862789e-01,6.440675226009062726e-01
8.846931256103816033e-01,5.332073553013454426e-01,2.198424191196098609e-01,5.048156971177809593e-01,3.397772809950075912e-01,7.572898976613169353e-01,2.176614318651410585e-01,3.815219692725475564e-01,7.296155877519108213e-01,9.829904581516434314e-01,0.000000000000000000e+00,9.857016070558766163e-01,4.948656535175143256e-01,1.678944370232516303e-01,6.683399736593845786e-01,9.487090047337867205e-01,5.697532034964530867e-01,3.058263927664480741e-01,7.543853572072202196e-01,9.541684403641667034e-01,9.755371448047992500e-01,9.530598631977271751e-01,4.397897375236831108e-01,8.566709120086726248e-01,3.179784001195217202e-01,3.843831195534244682e-01,6.539241271346157847e-01,8.361613684400588387e-01,2.102381921589871749e-01,7.061662118167372215e-01,3.417760092989022835e-01,4.924987878388445983e-01,7.949196312785271612e-01,6.889136665692551231e-01,7.552894723918375242e-01,4.608212293485235422e-01,2.733919031276204614e-01,5.232726731051036140e-01,8.978823047448571959e-01,9.528232412329468159e-01,4.067994556997734379e-01,6.626656629177563040e-01,9.974897820421704253e-01,6.233068352417086011e-01,7.719677446532584586e-01,8.576270784576507378e-01,7.868238867420518368e-01,3.437455870138821784e-02,6.256432173605857017e-01,6.241350347365457463e-01,1.519788685616736690e-01,7.703577008529958192e-01,5.860470948767525501e-01,9.079356962087593574e-01,7.951001091402334353e-01,5.085129632487119800e-01,2.300143180425837097e-01,7.697847609215036080e-01,9.558114586205145313e-01,2.570458622541798022e-01,-2.505929297165354619e-02,7.192450381189521291e-01,5.892806932793697161e-01,7.163501167847390327e-01,9.464939936863167036e-01,9.337523847416731027e-01,6.494502967437123520e-01,8.292011240069437905e-01,5.844754191384003011e-02,7.225849561184830572e-01,2.034570525735396596e-01,5.839054670521137691e-01,5.354291635426844387e-01,1.415256881969844949e-01,3.097324911393545266e-01,8.436389933847014966e-01,4.277482277302709912e-01,5.452182891073318327e-01,4.603694974755665470e-01,3.224113746829662674e-01,4.009469925830018155e-01,9.534318842298931118e-01,8.091172785344520335e-01,3.414826665693380670e-01,5.601880658072302399e-01
4.228024854421922329e-01,6.140208784547291909e-01,-3.681623578344250802e-02,3.817957941281560630e-01,3.693830803174021904e-01,7.266259256747829021e-01,2.557506403814464035e-01,5.551486630506977660e-01,7.314217354148241368e-01,8.803013336085769858e-01,9.857016070558766163e-01,0.000000000000000000e+00,5.165237966516257329e-01,8.685680039593388635e-01,1.822136716783569477e-01,4.771025587971879922e-01,6.154899672889569961e-01,7.739456431584559315e-01,7.549203807689796042e-01,9.737785129433098597e-01,8.345845976117155507e-01,4.663498200140819144e-02,7.430710233081627702e-01,5.580554057379062405e-01,7.089329446654297762e-01,7.072613114659214162e-01,6.436609154318549963e-01,5.653208055576307567e-01,8.275742578138144401e-01,5.145090446599613898e-01,4.132041691525107363e-01,6.036502593496826385e-01,7.937237107560025651e-01,2.165623223981779921e-01,6.336595848993391566e-01,2.590411367727130654e-01,3.409901805676689990e-01,2.006363385591996840e-01,7.890421927817837799e-01,3.179472750462021269e-01,5.401054827808760006e-01,2.733227048436571716e-01,8.461401332004664377e-01,6.787650465745542760e-01,4.888757937390416641e-01,7.349775058151756246e-01,5.743610687498619249e-01,7.856192270333258731e-01,2.359998434551989765e-01,4.401749750720314602e-01,7.321744179006058895e-01,5.320705811145475250e-01,4.140502417482717634e-01,5.832316211916844795e-01,9.584944824845811340e-01,4.004047951551895634e-01,8.970612781886714293e-01,5.368778159434804964e-01,6.612103220010927540e-01,6.729365409537183540e-01,5.720882561106875874e-01,4.245155481420883059e-01,2.305038479834738974e-01,7.329752858711662267e-01,3.824181947026364936e-01,4.614765091634736027e-01,5.522554723456056802e-01,6.165451639984833587e-01,4.810423308439203405e-01,6.519441898830007354e-01,1.463194700492030931e-01,4.187132024518125384e-01,1.405562077009558375e-01,-2.626010610327569883e-02,5.093502755973965401e-01,3.831743742108214557e-01,7.257115797098091514e-01,7.062394493086234792e-01,6.772063590993804283e-03,3.501923317407563130e-01,4.489154026401088182e-01,8.472285196833602150e-01,6.949637261559187262e-01,3.807808495341139521e-01,6.059484974943495361e-01
4.985757048761763066e-01,7.919630352917473859e-01,9.555551249124736302e-01,8.629630891159669748e-01,8.165229335473039862e-01,6.375352828726121857e-01,7.257158941581809408e-01,9.093772674603981532e-01,6.702629261779864400e-01,8.883647019454892213e-01,4.948656535175143256e-01,5.165237966516257329e-01,0.000000000000000000e+00,8.898546099638091622e-01,3.367584456438443841e-02,3.057110871268328145e-01,6.281523408874476466e-01,7.317575111320907544e-01,8.572872047519667360e-01,8.812938122479757608e-01,7.883961570694961729e-01,7.333869234993884989e-01,8.369868225595523681e-01,8.088351797596550208e-01,2.614403675059704946e-01,4.715751635817286846e-01,6.322838015172750348e-01,1.281018577580976259e-01,6.000668147964230981e-01,5.020535537540756765e-01,7.372803251379647094e-01,4.730473415766234258e-01,5.196464823012075795e-01,3.241589044755024407e-01,8.401012092132171816e-01,3.542729224439425395e-01,2.956972875947075363e-01,6.451327397273132203e-01,9.316060824207630375e-01,4.349287312812896156e-01,-1.836862161195427778e-01,9.078923056420565851e-01,9.331847350195783264e-01,5.433124951244351353e-01,4.063784097625627312e-01,6.065566520587062360e-01,8.756096964646524761e-01,9.932629238330656918e-01,8.137413388769768607e-01,3.350545193993941795e-01,7.196574632585769349e-01,8.672360730281231112e-01,8.789948019556754755e-01,1.247888007367936175e-01,4.660607033933690246e-01,3.939184232961213117e-01,2.063653100105182214e-01,5.841277096665538071e-01,8.927279449165494984e-01,-1.647957554331878904e-01,6.080197952546144702e-01,1.612879491184247005e-01,4.217870306455994700e-01,7.620945643111486367e-01,8.844173458226124440e-01,5.140781649674146525e-01,7.476937473796965161e-01,9.559703590940331619e-01,3.825162387787229279e-01,7.553107343703916454e-01,2.005944324648123445e-01,8.089387601927284788e-01,-2.828565778331082470e-01,3.039162123578174196e-02,2.976389722340065380e-01,6.271913384148489756e-01,6.330519096238145238e-01,7.318488161441127904e-01,5.287709643136180582e-02,2.536960752067624614e-01,7.534284127117739649e-01,6.610489180444134583e-01,8.238937557774785869e-01,2.850584757624832211e-01,9.917447837056356796e-01
3.783718774630567272e-01,5.102284042994468249e-01,1.784230954597991192e-01,7.637473692630810662e-01,7.024305715431081731e-01,7.411018542255192187e-01,2.192191279774133583e-01,7.713077176204201635e-01,8.701407483687251254e-01,6.817388865195492809e-01,1.678944370232516303e-01,8.685680039593388635e-01,8.898546099638091622e-01,0.000000000000000000e+00,8.251956401832643007e-01,9.997945481406431689e-01,4.412606812578976911e-01,8.591569226631198264e-01,9.200731685336740462e-01,4.659410242865410501e-01,2.893893183879165942e-01,4.289390978073170380e-01,3.017352029951534398e-01,8.391682032638365651e-01,7.371252136146949629e-01,7.514037130089703531e-01,9.323942160522087352e-01,8.091708350392288196e-01,5.795479404625115682e-01,2.034760740552229163e-01,4.640507447729886326e-01,1.899854204790143650e-02,4.209963763751070065e-01,9.350742621483810746e-01,9.670643488468219084e-01,6.395092739254502889e-02,5.197294002970503229e-02,7.669046032204269725e-01,4.790919797197074614e-01,4.217401821806467943e-01,2.696016361239106374e-01,4.700088881316904499e-01,9.775558820427572293e-01,5.124690632442825411e-01,8.948357646984419489e-01,5.872840239257237638e-01,6.045760280171091905e-01,7.413663683659483805e-01,4.388211562883063133e-01,8.542452546600555197e-01,9.534707552315873080e-01,6.104794911894786402e-01,4.145315377785692146e-01,9.872583794686401459e-01,7.945283921644707981e-01,8.036698479477906165e-01,7.720388771841609765e-01,5.005975230937076415e-01,9.819509461449278387e-01,5.056764805163015408e-01,7.676708777578777898e-02,8.519698403667950171e-01,4.016696877345276584e-01,8.230723850069002756e-01,3.194185443763977728e-01,9.797697633762023628e-01,3.935275890590825831e-01,5.072221888968760917e-01,8.552574467849949347e-01,6.200790463734956459e-01,9.099710561120406549e-01,4.804420932221173945e-01,4.308553486789636899e-01,2.156875988567830693e-01,5.470481829266933271e-01,6.374360857166297967e-01,6.931727397963404202e-01,9.211273062299580872e-01,3.506468799265374248e-01,3.866730087977988672e-01,7.155120407544498518e-01,8.491719344036525730e-01,9.620302391315070922e-01,5.946233923477792782e-01,5.438228446045204612e-01
6.870979582290418497e-01,8.087213030182972551e-01,8.181993298554829375e-01,7.325592524853944409e-01,6.148800800638954955e-01,6.677660339770788989e-01,6.314209606080074533e-01,6.725828319827251711e-01,6.760372177854735432e-01,2.104279023742555155e-01,6.683399736593845786e-01,1.822136716783569477e-01,3.367584456438443841e-02,8.251956401832643007e-01,0.000000000000000000e+00,4.120414931116634927e-01,9.878260278596406874e-01,-9.365119253061102156e-02,6.991237446754787754e-01,5.899068091508949951e-01,4.156919536432631679e-01,6.291150416545334689e-01,7.848994594937241942e-01,8.358595533391397492e-01,3.682486432575067248e-01,3.588232333593781576e-01,8.229956136487409646e-01,4.038671423207423894e-01,3.954347140775903435e-01,-1.918234355886300202e-02,3.316176736348196430e-01,8.133158277355612142e-01,1.034472580751570336e-01,8.616654496577184075e-01,3.422198234816560269e-01,4.747248615142251604e-01,5.752476996650192076e-01,3.790501137811013166e-01,8.929435284579503307e-01,8.486683363607366859e-01,5.633894962347654189e-01,5.998940796391325492e-01,7.909483010588506113e-01,2.044275271727616639e-01,6.857731184745886610e-01,5.797627594945633511e-01,1.289543802514619697e-01,4.036648194396504907e-01,4.966385453800029603e-01,3.386715791663198472e-01,2.328924120657564767e-01,7.341556623379186242e-01,-1.302382138971304726e-01,9.855279210162547487e-01,7.856849690122847951e-01,9.758508869293557320e-01,-8.809129232292128853e-03,3.654503038468117082e-01,4.926906769810932007e-01,1.790177711843309871e-01,3.834847530164725571e-01,7.373766955161574765e-01,7.678341186176824706e-01,5.425601341636605568e-01,4.985247274109645410e-01,4.594148482262897515e-01,6.383803701638068873e-01,7.754343777853951458e-01,1.638701403327881556e-01,7.766764375316349556e-01,6.604674178146782149e-01,3.261260057494727027e-01,7.727969308189732711e-01,2.728496275703255480e-01,2.900509220003572586e-01,7.716617459568742010e-01,6.975712878111316462e-01,2.787130277756122432e-01,2.978883476751288395e-01,2.959296100637476279e-01,6.137982785697904120e-01,2.508978194617835777e-01,5.494606772148591389e-01,3.693958694115349051e-01,7.659622818594407079e-01
7.638098367335020011e-01,8.833257377717141923e-01,9.388386963239416794e-01,6.162121350092097938e-01,6.171424497829691713e-01,5.175846110947963652e-01,-1.880591621951539227e-01,6.028946521391084223e-01,7.368862221493928111e-01,3.967666690772737870e-02,9.487090047337867205e-01,4.771025587971879922e-01,3.057110871268328145e-01,9.997945481406431689e-01,4.120414931116634927e-01,0.000000000000000000e+00,9.783127321548003019e-01,5.817940333814023424e-01,6.483561441329646069e-01,4.321054284261832690e-01,6.187651626336346800e-01,6.239717454284623432e-01,8.776810166888115994e-01,8.440621032289142844e-01,6.852337841591484846e-01,4.823834349891261697e-01,2.744947297642331696e-01,7.642572198765420488e-01,5.104426076915854482e-01,5.289103675609537758e-01,2.285864728697026838e-01,5.099370691525438870e-01,9.933893853700322962e-01,5.200876871594614093e-01,7.526668910746453500e-01,5.485429807816269987e-01,2.501454698452212355e-01,6.416355909180738726e-01,9.277319287633943867e-01,6.214320757946725227e-01,4.638931047015625309e-01,-3.874990390318916456e-02,5.413254781170787622e-01,2.865838697576963412e-01,6.724718835169771758e-01,4.049154017120080717e-01,7.074787278890319886e-01,6.325037572424747623e-01,5.403561912636032361e-01,4.129681634065198170e-01,2.973879033852814269e-01,4.997541130912488416e-01,4.929604814895887643e-01,8.547322862519617370e-01,9.966192296568570086e-01,6.200190746686710108e-01,7.020691559263598780e-01,4.529981939879548225e-01,7.939927596481357597e-01,4.985547732670583820e-01,-1.408692098641764201e-01,5.038639490903337181e-01,3.372386262430910886e-01,7.102953581841456865e-01,4.584379632769182145e-01,-1.988690909141294927e-01,9.452620308955327344e-01,4.871849256911643389e-01,5.717517220232019026e-01,5.587152801287208481e-01,4.745785787878892270e-01,6.738469822053226865e-01,6.037247082173663459e-01,1.853882559016797882e-01,4.959669805008917187e-01,9.061214526990074569e-01,4.170882637112796609e-01,4.243519023537521417e-01,7.071036699404419368e-01,2.904051793602555609e-01,8.454973342499701172e-02,6.615883508592044215e-01,5.686765168582718077e-01,1.903416830054533992e-01,3.959630057313671125e-01
2.763580578034606772e-01,6.465264382300894841e-01,9.131008256224589781e-01,6.363480870190829641e-01,8.248360359296987854e-01,7.154642869491713020e-01,9.670507365753562290e-01,6.064401766719594855e-01,6.406180656648328142e-01,4.615996242383054726e-01,5.697532034964530867e-01,6.154899672889569961e-01,6.281523408874476466e-01,4.412606812578976911e-01,9.878260278596406874e-01,9.783127321548003019e-01,0.000000000000000000e+00,8.437118297538725997e-01,4.637045997553245757e-01,5.371047994997085739e-01,5.344558557448173541e-01,3.912016701633324045e-01,5.246767501692173319e-01,4.378824089879694847e-01,4.892611954756982962e-01,4.826876053278275069e-01,9.380690900534707222e-01,5.069408164571166386e-01,7.898654389364259121e-01,5.208682569614496716e-01,3.487246506182457573e-01,6.033469533367908921e-01,5.506729895764779226e-01,5.314317970587122408e-01,7.980960014173461570e-01,3.873314525140733044e-01,4.202093582512844150e-01,6.979295280301301974e-01,5.631492602673565662e-01,4.326381653340700129e-01,5.940432185208230909e-01,2.551766985940838173e-01,4.113181274246210939e-01,7.079696922874993970e-01,6.976719138391873631e-01,7.974241704677493825e-01,6.643678338689148477e-01,7.486964988473197025e-01,8.956007748105188071e-01,7.126945475190390455e-01,6.103272003262658618e-01,4.460495309453764157e-01,7.169731370793113179e-01,8.191595728774152541e-01,7.392669088175968239e-01,8.751763312102385228e-01,6.896845620059427473e-01,6.149253769101189482e-01,5.852462006805427830e-01,4.323087331903971986e-01,3.350761603104479569e-01,7.379780826370632152e-01,6.427649563474787664e-01,3.625719400169126194e-01,4.155448192717751676e-01,4.410349260919954051e-01,7.188302163682784851e-01,5.165223645432612809e-01,7.286909024158401138e-01,9.748282474240373974e-01,8.585576505704726191e-01,2.106266040751917090e-01,3.996096125990698522e-01,2.361237386563473373e-01,8.671176259867559022e-01,6.703891706488502855e-01,8.677129248645659709e-01,9.423817182172492535e-01,2.442003214591640936e-01,3.734774922967390998e-01,5.954632811019331395e-01,9.045281441042792858e-01,6.118583083267991052e-01,4.582149096519809728e-01,1.294053009183603331e-01
9.045098636165065376e-01,5.850105340255087327e-01,5.674697247393940547e-01,6.256907534561678697e-01,7.015676335475996561e-01,7.664250277934236966e-01,4.648822188522467869e-01,2.094603559596298070e-01,7.915125354624954479e-01,7.050472363565786216e-01,3.058263927664480741e-01,7.739456431584559315e-01,7.317575111320907544e-01,8.591569226631198264e-01,-9.365119253061102156e-02,5.817940333814023424e-01,8.437118297538725997e-01,0.000000000000000000e+00,4.235111252517166913e-01,5.588496061087304678e-01,6.265653983418669748e-01,5.455439895570937114e-01,6.900355796009598475e-01,7.984529254982516422e-01,9.969379478656781313e-02,3.917203711319579007e-01,9.877123151356247410e-01,-5.236591477874055767e-02,5.366308559413216495e-01,4.780913070389550268e-02,2.007120809533572692e-01,5.906666642752873564e-01,2.372741331421338029e-01,6.727060140426276424e-01,4.676733756831872313e-01,6.810967674993919641e-01,5.163362877186430389e-01,7.071357035691226978e-01,8.907961434743915108e-01,3.681093382586893004e-01,4.355532134036008696e-01,9.950482355313708949e-01,4.350549859268750819e-01,5.385792164856618713e-01,8.168658171618132791e-01,7.931414123115692050e-01,9.024352486958833186e-01,6.822871773608586432e-01,2.947140184696636633e-01,5.337282348618412886e-01,6.115760434926484912e-01,8.401635188355212058e-01,6.136584995202453152e-01,7.494336681609382600e-01,5.180956882916469830e-01,6.357745150115399202e-01,5.669886915508514091e-01,6.713716508993019527e-01,2.832274735041851454e-01,7.835717307510376983e-01,8.189159019010479046e-01,6.722022188922734953e-01,5.440000202523054273e-01,4.430927446436564443e-01,1.399066130609233627e-01,2.606926589571461061e-01,7.940917803971443423e-01,7.594510048764873122e-01,5.998222741564571692e-01,-6.264598212102195918e-02,2.980713341098605307e-01,9.660606398738613709e-01,2.863946163356291263e-01,6.623457032551706147e-01,5.659146851796176270e-01,8.013472182784586728e-02,6.797931812740172219e-01,7.828176922624969780e-01,3.149204319077472114e-01,5.616443935086820050e-01,3.920245417847453284e-01,7.313890155617980282e-01,5.266891540180133058e-01,5.396213263399818327e-01,7.218962829177499874e-01
