0.000000000000000000e+00,3.665490483736901228e-01,7.575478505407392538e-01,7.368886214434388071e-01,1.182864182361802047e-01,5.361264811583112966e-01,8.478214420465777224e-01,8.972602323695462179e-01,6.254582992010569997e-01,8.272932586079790873e-01,5.703901949417078399e-01,9.825233230446590582e-01,5.301308317477118059e-01,5.733968864677310151e-01,3.121932394236381914e-01,5.316761650216622614e-01,6.659280071479799501e-01,4.184919163307009859e-01,9.280973964187869685e-01,4.542788170058176811e-01,8.439819587772869891e-01,2.970844572978149634e-01,9.198199018941903837e-01,6.812358723195758303e-01,9.495024219162151446e-01,7.776394481892484611e-01,4.258114035783140960e-01,6.429565260074389110e-01,2.993605821005128620e-01,4.282181854915293462e-01,2.643675756017009326e-01,5.893788493046693278e-01,9.288923186591594439e-01,3.095017208747982695e-01,8.663869133103003772e-01,4.154296762809461807e-02,2.145156876794634682e-01,9.480404500119457012e-01,6.465482174481318456e-01,6.252501774743847163e-01,7.141088187392098385e-01,6.094015125368361652e-01,8.953662561844962786e-01,4.838379027185726322e-01,4.271684097074952557e-01,6.858248048653222684e-01,3.464521149698392977e-01,9.644452103583369684e-01,9.647018127082795935e-01,5.652821715838983740e-01,2.314571725446561978e-01,5.433733700622027651e-01,9.687825062420027944e-01,7.427864935566206306e-01,8.400374863548885074e-01,3.948922745672533430e-01,9.114748308978013469e-01,4.794803882773339687e-01,9.078149410350359050e-01,2.661495096959777817e-01,5.331509601098530227e-02,3.936010313082974332e-01,7.115551910689663639e-01,9.654086663360444964e-01,9.945255917918500721e-01,7.216438167184737740e-01,9.429377020295390821e-01,9.208529669472510504e-01,8.983542292609044688e-01,8.027894018963332989e-01,-1.180995571256181625e-01,7.005874986560542972e-01,1.448313455274000405e-01,3.751559311433185773e-01,8.809671500599521865e-01,6.335017947377640235e-01,9.442673433629336088e-01,9.536748103110366248e-01,2.002430511518136225e-01,5.318059927404836795e-01,6.036507859944518772e-01,6.765585953551151999e-01,6.476341391277968818e-01,5.579617187166119319e-01,4.666949349035970918e-01
3.665490483736901228e-01,0.000000000000000000e+00,9.188692868482609688e-01,5.079356857013749282e-01,7.876312513579470931e-01,8.425955796914407214e-01,4.772263630641313537e-01,3.035212855420933442e-01,2.900121758214477818e-01,5.040989328515127488e-01,9.216208693338336921e-01,5.632698320247644386e-01,7.558056597155650147e-01,6.214654447441765317e-01,9.629045569607920241e-01,4.971480448058205326e-01,5.534560815779222542e-01,2.324358357234887484e-01,7.812582713046518634e-01,6.492028506012711420e-01,5.048598986864670790e-01,3.874670825964382503e-01,7.408271954239166179e-01,7.074292895244530532e-01,7.011607935922866686e-01,5.975745778022216737e-01,5.986471612143227095e-01,5.662454094653177616e-01,6.095934125507954660e-01,5.574041426558355994e-01,1.609475272601470497e-01,3.342769149599237322e-01,5.455967091446409789e-01,4.346314378722487271e-01,4.629004504796689345e-01,3.905993524659722715e-01,6.794550440174020878e-01,6.927916159138934882e-01,8.580683529163050105e-01,9.585377691785297305e-01,4.882635360312688744e-01,7.506329834564035020e-01,7.807128549685820040e-01,7.379051553501653204e-01,6.641987687837753729e-01,7.336097528728782180e-01,7.824457564667475218e-01,4.074492909981627387e-01,4.692444181816918247e-01,2.722433876124923380e-01,7.511604434371634831e-01,7.860059348273744639e-01,9.176788873621501974e-01,4.322354071494930450e-01,5.643458587547867111e-01,3.534400565187867382e-01,5.032678846030766984e-01,-5.944150666279721107e-02,6.038426878893075056e-01,2.669635696516439727e-01,4.410801953472393566e-01,7.418882980761980495e-01,1.035693716830947547e-01,9.687463558013792442e-01,7.512765863221932960e-01,5.398790424791894971e-01,4.719768514482292621e-01,3.957854863046810223e-01,1.546527977883547789e-01,6.942607926524726469e-01,7.645710269055270292e-01,8.500292797459809702e-01,7.887871417607705826e-01,-3.635844856325052832e-01,7.655946735451317764e-01,9.725716003901041518e-01,8.796747675383734810e-01,9.959584406824512071e-01,8.571818095564319451e-02,1.510232874575183903e-01,5.243185092830148220e-01,8.964149712638965761e-01,6.704716670657666633e-01,1.060395448486374098e-01,5.925585949373093353e-01
7.575478505407392538e-01,9.188692868482609688e-01,0.000000000000000000e+00,6.467620560256470696e-01,7.962190321134792192e-01,9.391888962621426362e-01,7.452795798298681440e-01,8.582253950606850701e-01,6.578836086392089166e-01,8.727005508611672679e-01,2.264367997753745088e-01,8.065648854097322573e-01,8.426458352176339206e-01,8.192246533321253521e-01,8.278163766417874214e-01,5.447342276786535376e-01,6.213815643333230332e-01,5.386917177849662730e-01,5.054133782582432843e-01,9.540280521165445116e-01,5.554701159234187724e-01,9.125462458147338696e-01,8.904695043652306463e-01,8.264597934743665997e-01,9.297783577655789333e-01,5.707755854023699449e-01,3.728865821333605668e-01,8.877984841874142496e-01,3.980724464681473576e-03,4.319917857773877823e-01,4.472080945768135973e-01,6.894817671027340111e-01,7.837593067963654070e-01,5.728212088612298913e-01,8.219550048020523025e-01,1.899198512796863580e-01,5.880317205652355605e-01,9.525247816828327219e-01,2.869414037486413549e-01,8.439109565097009380e-01,5.444276824941208792e-01,6.409351992253182750e-01,7.923641328574348996e-01,6.876847821391445237e-01,4.554104466835031118e-01,4.083379771547617221e-01,4.165186368794268623e-01,6.151496696085470006e-01,9.171683125407577020e-01,7.412195301259153490e-01,5.532826864072977191e-01,3.128729493575887477e-01,9.742175823108443211e-01,6.170920716871269862e-01,7.887746431195218344e-01,4.185874519128034432e-01,8.812435235320151827e-01,9.392206765007447000e-01,9.576286391009611876e-01,3.628732159557128134e-01,6.748450803161382128e-01,8.311820422389305518e-01,6.252070910829931050e-01,8.436390373710975776e-01,5.689390082487006950e-01,8.665203002727822623e-01,7.797563026721739954e-01,9.399335433920712468e-01,7.635017804847687994e-01,8.714206744095027712e-01,7.557136953017553616e-01,7.063644930777678299e-01,4.799048622981934575e-01,3.535285505086886992e-01,9.619950796293255113e-01,5.506987705997017368e-01,8.537301320910442026e-01,4.517771078452183509e-01,3.992722556513421672e-01,1.367138430729217535e-01,9.603790865090571227e-01,9.718943653810485639e-01,5.028168690665991702e-01,7.867030078129293447e-01,8.887354726272610472e-01
7.368886214434388071e-01,5.079356857013749282e-01,6.467620560256470696e-01,0.000000000000000000e+00,7.736668231769527893e-01,6.581520478088708215e-01,5.399062343122716934e-01,6.804871711805894341e-01,7.396608027982048972e-01,7.540554552072520345e-01,6.752987658549394201e-01,9.852221103887093268e-01,7.464254489768483714e-01,8.321490043125138181e-01,3.985999244729064861e-01,4.131367718848596993e-01,7.316070530646522352e-01,6.026222359780254445e-01,8.531570769417164968e-01,6.052995084122546610e-01,6.656573569918559086e-01,4.595435186675208006e-01,4.864942679958702554e-01,8.674474764522841497e-01,6.713696751718584155e-01,4.386293435036039412e-01,7.780513166658962199e-01,7.856632099630644905e-01,4.805311474320100862e-01,6.894924151153067893e-01,3.892232211908571715e-01,3.906013440423461436e-01,4.604973326852321303e-01,2.026105258640028550e-01,2.516915108145149071e-01,3.643533230419266911e-01,2.300323427210460570e-01,2.137984436643753372e-01,8.423091880443445145e-01,3.086713693554504201e-01,5.901544853308299254e-01,8.936702996197271043e-01,7.724141699128892480e-01,9.604293648939712380e-01,4.802361098131064931e-01,6.745730481679245161e-01,5.063991646229325516e-01,2.594979410239584006e-01,4.044036464632295713e-01,5.910202478349237953e-01,3.228123430911851721e-01,9.650505034930967341e-01,8.791291985485458760e-01,4.172248048488666483e-01,7.073616389781942626e-01,9.458399690183361130e-01,7.751382149619547857e-01,2.732033850244841022e-01,6.430445405235786227e-01,6.018836283125840181e-01,9.835325281648257811e-02,7.904846186311080825e-01,8.968440756095126254e-01,8.961271860256531108e-01,5.815542873172867555e-01,4.776011679638109131e-01,7.382094610682496949e-01,4.936881554026565366e-01,4.238998729545330746e-01,7.872719910730439086e-01,7.861099599014155226e-01,5.355589198309200771e-01,6.551648340747044941e-01,1.203432510831057151e-01,2.031794129590286935e-01,9.460053302552510202e-01,9.627980627161804028e-01,3.071204393445762793e-01,3.240392199335865309e-01,4.765021205626947531e-01,4.704883628789858219e-01,8.333003223030571727e-01,9.871198407417889342e-01,4.820027503898592913e-01,6.023316298457604967e-01
1.182864182361802047e-01,7.876312513579470931e-01,7.962190321134792192e-01,7.736668231769527893e-01,0.000000000000000000e+00,8.924033862818512297e-01,5.309446587554828012e-01,6.744786741062810398e-01,6.166304758632276117e-01,6.289726331003619997e-01,9.914007061040948365e-02,7.778738382927071759e-01,6.502037209573354737e-01,6.066543374671699018e-01,3.441605356506556301e-01,7.623279019265053469e-01,4.641054674091166232e-01,5.892639783224300487e-01,6.559970414574159969e-01,6.523928184536406105e-01,7.454949743192796907e-01,3.147794033787680856e-01,9.494966906714509269e-01,8.658566412749545416e-01,3.869214943532555129e-01,9.588485545376007613e-01,8.635787367333459530e-01,8.462287472679029809e-01,2.735560520193603407e-01,1.091554672183984165e-01,1.638501990406407982e-01,3.393901055700384584e-01,3.798076247050735654e-01,4.393871164059650058e-01,1.704608869009159589e-01,4.194477064408891898e-01,2.268640957105499401e-01,3.934964363483580696e-01,7.667786076109016635e-01,3.643312183152828121e-01,5.128181734084763521e-01,-1.922595266580129358e-02,5.520026612127477694e-01,-8.898505666065718855e-02,6.173453221726304951e-01,3.695411357908180428e-01,6.230072439398216533e-01,5.896758459900830474e-01,4.007802431877488525e-01,2.086497132072213101e-01,4.748232297386336676e-01,3.592234506438446440e-01,5.139973923618660345e-01,7.353406301351286256e-01,4.076526330370560669e-01,7.907950939292878179e-01,8.558749828239691215e-01,4.279751358397411165e-01,3.478525061758023229e-01,7.819420977882416413e-01,3.901369476507079992e-01,5.844726206989823147e-01,9.260609209872693315e-01,6.976852903012111806e-01,9.425470745166177888e-01,6.358823509367165228e-01,8.662714037527365907e-01,3.932341096144524872e-01,5.358135349844916906e-02,7.310258900818171757e-01,7.321194369206427410e-01,7.236417782659201325e-01,1.158754262054455808e-01,6.584554876564007175e-01,-2.331312190443982635e-01,2.569402190146266030e-01,7.742113978297913146e-01,7.942642520767191350e-01,3.255678478633055040e-01,6.184680790218093360e-01,5.379856653059420513e-01,6.801003567570766961e-01,9.134576646185043058e-01,7.856776536363170582e-02,4.124594707072273270e-01
5.361264811583112966e-01,8.425955796914407214e-01,9.391888962621426362e-01,6.581520478088708215e-01,8.924033862818512297e-01,0.000000000000000000e+00,4.657133251323052336e-01,1.793145625942643706e-01,2.715442617562501826e-01,7.844713321888419078e-01,9.896461140315300220e-01,4.694360753389407170e-01,4.191603430271225172e-01,7.852312414756676962e-01,5.727385465031720191e-01,5.480646967936281255e-01,7.606478380945098650e-01,4.667339004351278020e-01,4.068598762608434116e-01,6.968055033554675370e-01,6.330967794140633931e-01,7.893870961322848601e-01,4.910173812537357296e-01,6.967735586441643481e-01,3.092904916112544644e-02,5.233392411838213576e-01,6.475815309220187554e-01,6.641267215265753698e-01,2.751723911052709748e-01,3.275807904822291006e-01,3.310702562500434931e-01,6.638926323034239907e-01,9.013849662003877716e-01,6.616460553270222533e-01,4.783094954385071484e-01,4.524511406321788942e-01,3.406907889754401397e-01,4.389184544430917989e-01,9.099458118312599986e-01,7.637512709002911571e-01,5.753296861305493559e-01,3.407787218873833401e-01,9.252542847018282446e-01,8.718898432940153098e-01,6.753239695793110675e-01,6.821343302692227661e-01,6.456685970770040806e-01,7.484069705387816906e-01,8.195743171649193526e-01,8.982129511887596562e-01,2.527264028532492102e-01,5.514281786397010610e-01,6.128127367669513603e-01,6.302258109670832997e-01,7.663815291086651937e-01,6.692496257573514740e-01,5.407800484621220205e-01,9.008267360640687116e-02,6.174721579641265778e-01,5.541093096464027035e-01,4.405777007467077677e-01,6.537354737392777615e-01,9.612724288686697038e-01,7.274410947179177356e-01,9.910937598056522857e-01,1.388179976827324802e-01,1.285093679880040252e-01,8.824742424794591589e-01,5.520566398134479913e-01,7.797464193121967924e-01,6.866914324412092263e-01,7.496296773196080565e-01,1.110480504470234830e-02,5.135704728089282023e-01,2.721868935715442417e-01,6.974344287198346315e-01,5.888916717221767128e-01,7.729604801623571886e-01,1.153038829961698375e-01,1.644144821075934904e-01,1.953952214338746107e-01,6.986262532639641032e-01,6.147186417151384585e-01,5.834149188722921320e-01,1.679531988663116038e-01
8.478214420465777224e-01,4.772263630641313537e-01,7.452795798298681440e-01,5.399062343122716934e-01,5.309446587554828012e-01,4.657133251323052336e-01,0.000000000000000000e+00,-1.529553949928426915e-01,4.652529304056098325e-01,2.256289512612378034e-01,7.954891770297547460e-01,4.368338109527163948e-01,6.197789688809552944e-01,5.572032418812968846e-01,9.830550259705324312e-02,5.174711013114030589e-01,7.322422065058719065e-01,7.268954568802706850e-01,1.132832661737062374e-01,7.181607686494614340e-01,6.114227383695702844e-01,3.223814245293746272e-01,1.190622798097316221e-02,7.634702744203871738e-01,6.490924299064345648e-01,9.674511946668702678e-02,4.028634549067943160e-01,3.524727736255801047e-01,5.498861311905238747e-01,2.533730513464921286e-01,-9.843955342663079922e-02,4.446082675710376630e-01,6.218863254255579953e-01,4.520135614237246191e-01,2.252066748500715643e-01,2.248401099373949497e-01,-1.549304055081371367e-01,6.452628486636837746e-01,8.878601252168653035e-01,7.288018620335506847e-01,2.856411837009565913e-01,7.550720001012558580e-01,9.160666689336037782e-01,3.735519492273782216e-01,8.733714821326384881e-01,5.670889785479615863e-01,4.132465019456153521e-01,7.141907096152502188e-01,7.275510054910030444e-01,3.843896256982166637e-01,9.402038459453488928e-01,2.148535681974529932e-01,6.592063253751194729e-01,2.176908074974243656e-01,8.460140823792374754e-01,7.726627038598257169e-01,7.134848713870034498e-01,5.431901837425705537e-01,4.111372363428110743e-01,5.627126998969480542e-01,7.974634668588744812e-01,7.227087976745136810e-01,3.400074445269405388e-01,8.847773091458911443e-01,3.517015190185147633e-01,5.554736689512520531e-01,3.576902185821572155e-01,8.887274042409990527e-01,5.264122271834967837e-01,4.266353795669194926e-01,1.831492733309337539e-01,7.642254914989025094e-01,4.114007573370323523e-01,3.202974407257050959e-01,7.497699997862641297e-01,4.025455002550986094e-01,5.641361163898062081e-01,7.349915457371559713e-01,3.012016852093767905e-01,4.571406255760658843e-01,4.141706938425869233e-01,9.493628194533780817e-01,5.287942668575807970e-01,4.841196350733660281e-01,2.830859114707140467e-01
8.972602323695462179e-01,3.035212855420933442e-01,8.582253950606850701e-01,6.804871711805894341e-01,6.744786741062810398e-01,1.793145625942643706e-01,-1.529553949928426915e-01,0.000000000000000000e+00,7.464942670198043695e-01,1.124802324167423068e-01,3.987957693972807305e-01,4.949407943236517338e-01,7.399233375750864372e-01,6.883755462323061236e-01,3.850948051239234116e-01,7.448287558289565791e-01,7.270251236549459817e-01,9.662212997745558418e-01,5.733830621160014296e-01,7.747254692942215915e-01,8.267114813140065133e-01,7.167581500495026070e-01,7.368580057581615439e-02,8.815470912134067971e-01,1.008544683598009278e-01,5.996965691200121240e-01,2.730159039902375073e-01,6.706610600444424808e-01,4.886134459984150524e-01,3.974959032325471320e-01,7.708614084563374380e-01,5.663858090889347663e-01,9.084142466989400533e-02,5.206145601828334746e-01,3.454594936368782232e-01,3.576850416606774941e-01,5.338099577316919309e-01,5.320193950708587138e-01,9.520112960226256860e-01,6.949693110168667642e-01,5.927019569198905824e-01,4.919923125507727479e-01,4.668313649478492700e-01,8.631578554506306178e-01,2.476608729662289343e-01,1.860316985800003486e-02,7.603172431060776226e-01,4.172467748333914539e-01,2.245224285574780876e-01,6.986329623725309190e-01,5.890948619660349994e-01,3.003362939937982978e-01,3.409379305143116490e-01,5.573985222369548520e-01,9.950986162105185384e-01,9.662414319712900879e-01,7.629587873031034029e-01,4.084236717654247117e-01,6.866073156198670979e-01,6.485280799341215374e-01,6.441409235993442728e-01,5.439854771534978761e-01,6.559922300103333548e-01,3.744285304407073828e-02,6.321591437844542583e-01,2.280743473387601417e-01,5.730528823019084284e-01,8.816881105073258729e-01,1.850195675606269297e-01,6.956473663299985732e-01,6.091216786867091892e-01,4.036679091713794576e-01,4.231621138544928717e-01,5.515067564421312074e-01,3.298951811667450440e-01,4.495558546599877081e-01,5.863237772657160507e-01,4.186215433499696492e-01,4.137663804920477806e-01,-7.513627891040101925e-02,7.383638788037193423e-01,4.326777109694395773e-01,6.403991248098495070e-01,2.025434855865341222e-01,3.287754707517389630e-01
6.254582992010569997e-01,2.900121758214477818e-01,6.578836086392089166e-01,7.396608027982048972e-01,6.166304758632276117e-01,2.715442617562501826e-01,4.652529304056098325e-01,7.464942670198043695e-01,0.000000000000000000e+00,5.049765968894848189e-01,5.882741316009250099e-01,7.941303110121584741e-01,6.148498544952322176e-01,6.431656805397942822e-01,3.720164383326498569e-01,4.671546087256217561e-01,7.296243352859024256e-01,7.025240228306113277e-01,6.893386190663126634e-01,7.794078985427743689e-01,9.599820085933703506e-01,3.752177495511561656e-01,3.073535017549357540e-01,6.228007541149920279e-01,5.383671886349699065e-01,6.608036311722399470e-01,9.003821608743990401e-01,-5.678795931071761727e-02,3.399484887242614217e-01,8.657243776378170663e-02,5.782274230311419405e-01,7.389660164220543948e-01,6.339389691130659088e-01,5.355704864158862266e-01,5.243477728781562597e-01,4.505370599944699128e-01,2.635557881226965327e-01,5.673033649731511474e-01,4.448801132962798555e-01,6.506106857489147854e-01,4.197143147282605402e-01,7.044347076380322870e-01,5.488412443939918450e-01,6.545700995934259359e-01,7.138301967959387317e-01,9.127992947346752484e-01,5.957070393105584616e-01,6.820482359581603315e-01,4.083504962493270662e-01,5.904033444352069226e-01,4.892260984349852682e-01,2.885494644986987267e-01,5.523484024673452897e-01,6.577884114913419289e-01,4.385986450658305724e-01,6.387563163426732693e-01,3.163734467865971234e-01,6.944281766177663462e-01,4.475073607010245369e-01,3.626850461115863622e-01,6.262840618869117693e-01,6.069809558402060601e-01,7.866539830665350008e-01,7.784479004035247396e-01,7.883173653013186843e-01,2.041527279195950173e-01,5.911958563055124127e-01,6.611123909385105968e-01,1.940459508706370850e-01,4.286680732473982514e-01,6.879796754247475832e-01,2.361209601067068564e-01,2.517479002889729256e-01,5.133397678358886385e-01,7.305511334556022973e-01,4.216620057114031650e-01,6.906373367396704266e-01,5.178287427708923030e-01,4.779093526155898664e-01,3.584757934131722057e-01,2.622634217571603865e-01,4.804009613296131298e-01,4.159581776942608555e-01,5.269462506075268671e-01,4.513345004800270455e-01
8.272932586079790873e-01,5.040989328515127488e-01,8.727005508611672679e-01,7.540554552072520345e-01,6.289726331003619997e-01,7.844713321888419078e-01,2.256289512612378034e-01,1.124802324167423068e-01,5.049765968894848189e-01,0.000000000000000000e+00,4.997979554524501489e-01,6.210865920143802121e-01,9.418912102117531493e-01,7.848930378703811162e-01,5.399637356632541740e-01,4.598122259500930786e-01,6.124205525485667545e-01,7.865536503890157016e-01,5.093369149676203467e-01,9.191346251170655623e-01,7.751170362018953153e-01,5.360520951483689345e-01,7.026692016316055112e-01,4.370093021159810465e-01,5.488015944534067048e-01,4.017677995715278616e-01,6.350536428915535270e-01,7.278657518415876382e-01,4.685340191016940659e-01,5.509973883656371640e-01,5.077929735574521208e-01,9.911154136187656505e-01,8.688333431035960563e-01,8.144355726996204137e-01,8.593827296344201949e-01,5.850277202047671210e-01,2.845006368043171974e-01,4.673392707404926405e-01,4.073338336547205341e-01,8.713958838551123520e-01,1.950745639541431528e-02,1.116009867403224692e-01,4.348644875577218905e-01,3.245013381124148277e-01,3.890304916588172013e-01,5.101511998110874746e-01,6.424885718779921318e-01,3.068908664272139153e-01,7.070092616132632735e-01,2.473977404053945839e-01,6.835177775419137847e-01,4.308007657806978141e-01,4.026391570564388234e-01,6.490332023577100040e-01,4.842279246653926617e-01,6.872455028714655745e-01,2.261514310534925298e-01,6.342211107774500256e-01,9.125704137751436962e-01,4.278794151893402509e-01,7.177864083507266846e-02,6.766831650946889543e-01,8.455833940402520676e-01,6.424102732252015002e-01,6.914069821258675974e-01,3.809159489177394997e-01,7.901288451475284580e-01,4.408483916105686018e-01,5.285460130342598539e-01,4.857270977209128260e-01,6.231714426000711793e-01,7.281018934344828386e-01,5.217254670453403964e-01,2.931530102320034081e-01,2.174990017754009908e-01,4.457852163369073750e-01,9.799601633614142271e-01,1.984335584263689223e-01,5.080673650217968351e-01,5.641524005300313505e-02,5.313078262088286596e-01,3.448710153692445823e-01,4.718368925122098934e-01,1.968561776692059895e-01,7.101123613301373316e-01
5.703901949417078399e-01,9.216208693338336921e-01,2.264367997753745088e-01,6.752987658549394201e-01,9.914007061040948365e-02,9.896461140315300220e-01,7.954891770297547460e-01,3.987957693972807305e-01,5.882741316009250099e-01,4.997979554524501489e-01,0.000000000000000000e+00,6.374134011088987695e-01,9.429611216033307874e-01,8.131221128384085173e-01,3.336236605741062511e-01,1.179051145917793357e-02,4.417474243385887123e-01,9.512914766093620855e-01,4.000912602710796073e-01,2.054404141900405545e-01,9.316329142286019493e-01,5.721140847305123955e-01,6.437060305851636244e-01,7.873289067549522624e-01,1.785990180442382780e-01,6.155077724183878329e-01,9.927422177322290375e-01,2.338594203105188174e-01,3.140454319336921096e-01,6.415522930040598593e-02,4.203367396275720647e-01,5.186243274165760475e-01,7.233730941973416373e-01,7.991510295515593665e-01,7.308839946908302077e-01,5.703373768501439622e-01,3.771992418787208923e-01,6.129858894006537939e-01,9.704999420446132063e-01,6.915450093953732225e-01,3.641159122747905652e-01,7.115427722398323107e-01,7.103453482758206317e-01,-5.833682498180375875e-02,6.713044135883416974e-01,2.023042847777001829e-01,5.848576108871870183e-01,4.273923169046319193e-01,3.781951056811030387e-01,4.821655618238747665e-01,4.414938207100350120e-01,7.622669025949594390e-01,8.489407301203819589e-01,6.627104622785106036e-01,8.704726618217382139e-01,6.394934511122096765e-01,5.828979303382568755e-01,5.514385842377094171e-01,9.225728792752095897e-01,4.084040968181268383e-02,2.556759478677689268e-01,2.237068902170699647e-01,5.884310889032084990e-01,6.202334061928590492e-01,9.584015915855760293e-01,5.598288877032321365e-01,8.623539462749514328e-01,5.333025919078194788e-01,6.120468699104193444e-01,6.156698115411977090e-01,8.369627715220311348e-01,6.513337815262029151e-01,-9.456787418373929777e-02,2.490061393502109033e-01,6.907921789064411788e-01,4.076903360226897810e-01,5.740240205702211718e-01,3.965327990674228920e-01,2.535558594564253920e-01,3.585225921620683875e-01,4.585076492321081831e-01,9.796891664396883970e-01,-5.640440099427992959e-02,5.663098894919096349e-01,7.236443071294370588e-01
9.825233230446590582e-01,5.632698320247644386e-01,8.065648854097322573e-01,9.852221103887093268e-01,7.778738382927071759e-01,4.694360753389407170e-01,4.368338109527163948e-01,4.949407943236517338e-01,7.941303110121584741e-01,6.210865920143802121e-01,6.374134011088987695e-01,0.000000000000000000e+00,7.131643197711404758e-01,7.595837330563074419e-01,7.189330999046248394e-01,7.334871988956148670e-01,5.007773807275469613e-01,5.537617382366135654e-01,4.432835372839127874e-01,5.681885795488930135e-01,4.359993469047825365e-01,4.999616978367183440e-01,8.125141461712799273e-01,8.013270930613131116e-01,1.339401818859827786e-01,3.280458376406319432e-01,9.872202886135756916e-01,-1.587984359868876705e-01,5.248554628162536151e-01,-3.631225904228013168e-01,3.619100131471704174e-01,5.882479661204331745e-01,4.274793238173160148e-01,5.017994740480137272e-01,2.582764500309278066e-01,4.653964808467978553e-01,4.910331051718259676e-01,7.703664860178829343e-01,7.127343862940231922e-01,2.389591601327192491e-02,3.899537552402506657e-01,2.746692140323005460e-01,6.219673976384673120e-01,9.246677902679480976e-01,8.728434595382553729e-01,7.328035129209672371e-01,9.967420266711015664e-01,5.910375838849499797e-01,4.726245527316922379e-01,3.394746902421970081e-01,9.399920982494176791e-02,1.824255620103482911e-01,6.482143063040607389e-01,6.327139362216703811e-01,3.857593960914754705e-01,4.666418651367015280e-01,4.775389328509366815e-01,5.641835621228409314e-01,4.969579689300398506e-01,3.779432289736275319e-01,5.627215334920683265e-01,5.048590339376429759e-01,5.684664142390600805e-01,9.698422808630716707e-01,9.956766254697302365e-01,3.768019906239447048e-01,5.752781322099237427e-01,6.237127409209237694e-01,4.196608576686445234e-03,2.735835571264951249e-01,8.087690409075392051e-01,2.782704747478494944e-01,7.221844011336552294e-01,4.444712283009010778e-01,6.681052362672069700e-01,6.912806167074507790e-01,7.425458413523269297e-01,5.728641973350588890e-01,3.900235771239612959e-01,4.950259734286731605e-01,7.427498857722459880e-01,9.900806059644836621e-01,4.057339072843819672e-01,-2.856729922823836310e-02,5.422955643570729345e-01
5.301308317477118059e-01,7.558056597155650147e-01,8.426458352176339206e-01,7.464254489768483714e-01,6.502037209573354737e-01,4.191603430271225172e-01,6.197789688809552944e-01,7.399233375750864372e-01,6.148498544952322176e-01,9.418912102117531493e-01,9.429611216033307874e-01,7.131643197711404758e-01,0.000000000000000000e+00,9.296273542152548863e-01,9.195170775018918219e-01,7.853772882756330231e-01,9.932959988935989859e-01,8.753840302593776102e-01,5.853573865651747754e-01,6.222008362443716134e-01,6.525288172574967849e-01,2.968153285497381888e-01,9.489509506218829493e-01,9.535123243590430953e-01,5.142963382933097849e-01,7.468340515284115355e-01,4.614937734594944940e-01,7.337952865754144849e-01,5.612245833776606796e-01,4.699176668288405079e-01,3.262347132651323700e-01,7.241704293603099529e-01,8.753890844268645832e-01,2.814993413212133477e-01,6.461645991014043355e-01,3.570370906322322124e-01,3.746890801653118830e-01,9.166137598005169584e-01,5.663236479968264403e-01,9.705500000110840464e-01,3.644203840366647129e-01,6.490837362035952740e-01,5.452941348833986179e-01,9.279767818985065198e-01,8.492585969740333862e-01,8.342321054459731489e-01,4.943608336487226307e-01,1.803073020783583502e-01,5.207402283823014955e-01,6.102083119869798900e-01,4.708614464841004987e-01,5.595359234329401188e-01,9.029838798122855614e-01,9.509537861177490559e-01,6.934706924004484518e-01,8.718352652611943698e-01,5.548999511930208239e-01,7.362097348523630735e-01,9.537674128645983185e-01,5.987401709816899675e-01,3.082830419130179744e-01,8.113116506936570715e-01,5.744723191910685589e-01,4.477448899936765647e-01,7.334714115727671846e-01,5.369252100826825691e-01,7.811460462721222520e-01,3.204047454240911419e-01,8.441236832287549730e-01,7.220135155024857143e-01,9.443332587170811809e-01,8.444802469670009692e-01,3.353330502373587096e-01,3.904552849341229592e-01,7.048119689603025151e-01,3.326321778660012440e-01,6.387394584518248930e-01,5.920990131318434324e-01,4.743133081497924453e-01,5.046071968718488510e-01,5.799907998816228316e-01,7.173112477272427512e-01,3.004055455756819981e-01,1.662615951071833020e-01,9.313194161845526065e-01
5.733968864677310151e-01,6.214654447441765317e-01,8.192246533321253521e-01,8.321490043125138181e-01,6.066543374671699018e-01,7.852312414756676962e-01,5.572032418812968846e-01,6.883755462323061236e-01,6.431656805397942822e-01,7.848930378703811162e-01,8.131221128384085173e-01,7.595837330563074419e-01,9.296273542152548863e-01,0.000000000000000000e+00,7.868583626208763837e-01,7.771145546557967076e-01,5.289146192017123438e-01,8.918245358405276768e-01,4.388091465450596473e-01,7.091519551902847329e-02,8.531187991527782177e-01,7.310042746904460431e-01,7.589260010445804117e-01,5.750292809984647313e-01,4.878185117462234266e-01,2.478754368229663385e-01,8.610008640124973134e-01,5.637384035929031700e-01,3.095871856910860087e-01,5.027878963135842261e-01,5.129359905868055014e-01,2.137391839163425566e-01,7.332335448363339614e-01,9.717598089871989364e-01,9.394455294947251511e-01,6.037520212897037331e-01,7.583492638504846228e-02,2.324286920551369706e-01,7.178260145010270099e-01,6.290550305636778416e-01,7.348854469984842375e-01,1.359224427504980015e-01,9.380378714030881415e-01,7.941076312206529764e-01,4.034409040385940615e-01,6.497849599314980962e-01,9.251656172820262869e-01,9.816426922102180486e-01,2.990912885289678247e-01,6.925668037466314875e-01,6.597179746212370466e-01,7.596858892678022279e-01,6.686355542188360257e-01,9.056106096028756491e-01,6.798373757518464400e-01,4.587980633827556942e-01,6.895667415660147181e-01,8.743214709755431358e-01,5.180004533073516715e-01,1.125585225735201839e-02,4.492649528992017083e-01,7.247373061562482066e-01,9.539842411181027604e-01,5.047128879821618508e-01,4.294522361924426046e-01,5.001835757462222976e-01,6.828997418369626704e-01,9.118032198143780631e-01,2.600184953159123125e-01,7.782535860419304008e-01,8.446184573038895138e-01,5.137598412191699548e-01,4.071045917798368774e-01,1.608910655902219822e-01,8.040305482453985464e-02,7.116590498026215128e-01,8.430442127392427931e-01,4.320754479194240938e-01,2.833357323710469777e-01,3.633671428964800887e-01,9.606626974101570848e-01,9.752823562537066282e-01,4.515481837834651735e-01,3.004278852779452280e-01,9.690447558468395783e-01
3.121932394236381914e-01,9.629045569607920241e-01,8.278163766417874214e-01,3.985999244729064861e-01,3.441605356506556301e-01,5.727385465031720191e-01,9.830550259705324312e-02,3.850948051239234116e-01,3.720164383326498569e-01,5.399637356632541740e-01,3.336236605741062511e-01,7.189330999046248394e-01,9.195170775018918219e-01,7.868583626208763837e-01,0.000000000000000000e+00,6.648996905240418531e-01,9.871902268415950754e-01,4.553356629638318220e-01,4.766014088483334632e-01,7.998705503081215973e-01,7.433673555618954820e-01,5.266173293232140340e-01,6.847324949848879738e-01,7.972650661381083248e-01,7.560958900995565779e-01,4.773498394507491027e-01,7.082776124362919479e-01,7.870444210624304160e-02,5.594786341371772442e-01,5.972947309075675726e-01,4.342309552110077964e-01,9.138141421670358255e-01,6.618208739922923911e-01,7.104954685858710928e-01,4.858688366237534639e-01,5.082103589844786384e-01,2.625021152331270535e-01,1.504131950979213650e-01,6.392667885282836693e-01,7.575466208722276829e-01,4.653096512458934075e-01,4.837038671946615742e-01,9.696552412987078373e-01,5.418600631880438057e-01,5.661823987169762873e-01,6.705446981698282016e-01,6.578443546020936727e-01,4.551491509811269043e-01,2.548612826737659542e-01,7.972364624923810039e-01,6.551591525195383792e-01,6.873491202904549180e-01,7.430487741528295498e-01,6.545478793196827239e-01,6.357686802035206197e-01,7.340483769449495099e-01,5.477343394332003790e-01,4.162262383154876066e-01,7.060917965391129147e-01,2.928250043705304950e-02,3.135597773530857113e-01,4.083481219513312444e-01,4.408687754344740584e-01,-2.441387326550367720e-02,7.128203620345688885e-01,7.909062690411725605e-01,5.115747682187354872e-01,8.869982286118935910e-01,8.728287799407465908e-01,4.597733409032183499e-02,7.136443472520924702e-01,1.024472697544408090e-01,4.170326462993073080e-01,6.207652458583250432e-01,5.766906936216080748e-01,2.091681116788704498e-01,9.618523825789719872e-01,2.752520090383935303e-01,7.809016376377004853e-01,1.287843841974628534e-01,1.749341465311730348e-01,9.969853379560201789e-01,4.340527031617214537e-01,3.376152410046927566e-01,4.003993179208922282e-01
5.316761650216622614e-01,4.971480448058205326e-01,5.447342276786535376e-01,4.131367718848596993e-01,7.623279019265053469e-01,5.480646967936281255e-01,5.174711013114030589e-01,7.448287558289565791e-01,4.671546087256217561e-01,4.598122259500930786e-01,1.179051145917793357e-02,7.334871988956148670e-01,7.853772882756330231e-01,7.771145546557967076e-01,6.648996905240418531e-01,0.000000000000000000e+00,3.964110395740597093e-01,7.468701599807088254e-01,6.486352761097099462e-01,5.559821648016015638e-01,6.397438167119000596e-01,5.978660304090652744e-01,3.471084655006735631e-02,5.073782955595030897e-01,7.633139818947441979e-01,7.138646296140362946e-01,8.104954527839279832e-01,2.244380505028724659e-01,6.591164464860718164e-01,-1.839277926830487908e-01,1.241755661238508196e-01,5.761317475056085824e-01,4.073941256644067477e-01,4.087140789445942168e-01,5.435593039022696971e-01,6.629796850939786990e-02,5.636199877948191439e-01,6.515327381709867804e-01,7.684009203175470315e-01,5.258189257518235404e-01,3.978177615995343031e-01,7.322612751904923334e-01,6.034207924917517341e-01,6.275110628534232848e-01,8.829337695962883314e-01,7.392818053305936221e-01,4.203935107560123896e-01,8.872462779960844648e-01,2.999996385714166491e-01,9.291401965123796680e-01,4.830317602490223905e-01,2.754489519767925332e-01,5.127833959084686644e-01,2.335779575987853018e-01,8.541231385336667259e-01,9.747838534924164744e-01,6.115400290572529096e-01,9.342291113966185723e-01,7.950191393790237981e-01,1.560261717505717904e-01,5.936720946765301488e-01,3.535834946015177227e-01,3.030160683960445023e-01,6.012427859821749543e-01,7.023094455993095231e-01,8.877934706372798690e-01,7.607225914230800745e-01,9.894989064165227166e-01,7.939131126607625877e-01,4.430740071324819618e-01,2.624347972215444469e-01,4.053401965886269109e-01,1.017473589079234131e-01,2.011568941702610580e-01,4.554472740884837334e-01,8.219309165424605323e-01,4.185644487404657776e-01,4.610388543316704668e-01,9.602186055963458228e-03,5.275328645433133845e-01,5.119383406268898651e-02,5.070761014072026063e-01,3.248746067377925040e-01,4.388843185523968460e-01,8.795044128589608601e-01
6.659280071479799501e-01,5.534560815779222542e-01,6.213815643333230332e-01,7.316070530646522352e-01,4.641054674091166232e-01,7.606478380945098650e-01,7.322422065058719065e-01,7.270251236549459817e-01,7.296243352859024256e-01,6.124205525485667545e-01,4.417474243385887123e-01,5.007773807275469613e-01,9.932959988935989859e-01,5.289146192017123438e-01,9.871902268415950754e-01,3.964110395740597093e-01,0.000000000000000000e+00,5.834180061614523405e-01,2.013247427463797923e-01,6.495233579410942815e-01,8.193766720119840530e-01,9.854756945359443021e-01,9.896063279737561391e-01,5.677385383792771245e-01,4.508097115919980635e-01,4.658259050822249892e-01,6.140971158382421136e-01,6.650040120018354539e-01,5.233076625309148744e-01,1.252778610413824989e-01,2.384955455524967183e-01,6.153867472641599834e-01,2.275481648263839030e-01,7.707407385351643381e-01,6.538228535373686867e-01,5.593435472407617404e-01,2.742024049625441662e-01,9.738675105455801839e-01,7.182879775797332833e-01,5.353779309386563767e-01,6.530965562404311697e-01,9.812796297184132044e-01,4.889853740089532552e-01,7.468930237383909487e-01,7.988668589119213292e-01,7.822465530645539289e-01,1.114266215699198370e-01,8.594384341514325065e-01,4.840589538138230785e-01,-1.093396752883644685e-01,2.123957935326155622e-01,7.185109101420845690e-01,7.062167477917591363e-01,9.803712294865576382e-01,6.188146852584954782e-01,9.930761394059196556e-01,8.213507772325986389e-01,6.888797167227884710e-01,5.520236989825437757e-01,5.831534788172796357e-01,5.281176960512912189e-01,6.025129314927263335e-01,5.275441369927845736e-01,5.234765101401093190e-01,9.250787066511685364e-01,6.172541864135216994e-01,9.816709704624047017e-01,2.413024163017024049e-01,6.776255548581291421e-01,4.155968073317956035e-01,5.630324891046859515e-01,8.040860887020281345e-01,5.786454272993188930e-01,1.144880831418670364e-01,5.878661409914800462e-01,5.957744998622153121e-01,5.477056273049291102e-01,8.165865969628917087e-01,4.453890665626297207e-01,3.160528906405649652e-01,6.351927636603127425e-01,8.346124496085838285e-01,8.454089638930228912e-01,3.343386649239920017e-01,6.354888238905883613e-01
4.184919163307009859e-01,2.324358357234887484e-01,5.386917177849662730e-01,6.026222359780254445e-01,5.892639783224300487e-01,4.667339004351278020e-01,7.268954568802706850e-01,9.662212997745558418e-01,7.025240228306113277e-01,7.865536503890157016e-01,9.512914766093620855e-01,5.537617382366135654e-01,8.753840302593776102e-01,8.918245358405276768e-01,4.553356629638318220e-01,7.468701599807088254e-01,5.834180061614523405e-01,0.000000000000000000e+00,3.731007371354753133e-01,7.097523739676776522e-01,9.225749344014442244e-01,6.200786772932570523e-01,7.560096081422418290e-01,5.666688423265564545e-01,4.194748259461667517e-01,3.359745019775276509e-01,9.295482771064909056e-01,7.846751608212997331e-01,4.117827685201767562e-01,2.191795643784266445e-01,4.086409263646045148e-02,7.828125233853411302e-01,3.166405094222498606e-01,7.399440998090520694e-01,5.293185034690566226e-01,5.769904575823427972e-01,4.780578474766646879e-01,4.595231361865125819e-01,6.727542230352778763e-01,7.318462630867869079e-01,4.628378548786376556e-01,7.829493269535345856e-01,8.050691357364402334e-01,6.211577776463345080e-01,2.594682415420915822e-01,7.185012325991400051e-01,9.631368320305844222e-01,7.845063249029782249e-01,6.361825970147627629e-01,6.436293995123721912e-01,8.387065553270209861e-01,4.041841739085195728e-01,7.646771758611465852e-01,4.280044279794346096e-01,6.716402170649627967e-01,9.129768398340420976e-01,3.139665476398056931e-01,5.174016936535660305e-01,8.270674750079927140e-01,5.025407508380727029e-01,1.957128632270563329e-01,5.166228551785069234e-01,2.075773337437379906e-01,9.922094897209222664e-01,3.602003018013972269e-01,7.684007171832853977e-01,8.916173324621985419e-01,8.238547680771272086e-01,2.569471471143451938e-02,4.284125871313957390e-01,7.104490370003598843e-01,6.844749520135869902e-01,7.218621476888585908e-01,4.568455378236381259e-01,4.872796118892883666e-01,8.190456523299312064e-01,6.082765431466897743e-01,2.938662518112261646e-01,2.650633186593416291e-01,3.622943123070301308e-01,7.325010423340050369e-01,9.821674141384499901e-01,5.135307969151677865e-01,4.283794277793457339e-01,7.988012094431602428e-01
