0.000000000000000000e+00,7.363704571873674887e-01,2.105787118036317185e-01,9.390023855921512119e-01,6.667756645537465943e-01,7.845757723315514021e-01,6.895161917471558377e-01,9.685769571760749486e-01,6.851785825081473380e-01,9.330998399741533555e-01,7.584907311481147163e-01,7.117069265896672770e-01,6.598469968514859563e-01,8.811087589388344465e-01,6.802083980268368579e-01,9.493915139713023921e-01,9.873790819476375713e-01,7.470492523018961162e-01,9.912285056445807596e-01,6.713374406363238345e-01,6.729256265564470540e-01,7.595630310108689720e-01,9.635746855181686055e-01,7.482586506251257541e-01,8.465673614165589722e-01,4.677427255039309784e-01,8.149300562211081456e-01,7.012263267717594450e-01,2.060940322643021183e-01,1.936155180578197910e-01,6.902428459986054143e-02,9.530294602279745231e-01,6.609546695764720869e-01,6.582753268519911938e-01,6.138509054729911485e-01,1.567615428029000835e-01,4.393763555423683687e-01,9.340691730628478684e-01,7.015675252141477802e-01,5.145012627093294988e-01,3.288993725699826953e-01,4.824144684575996656e-01,8.058175271581893284e-01,8.979954408036874280e-01,7.118846492403070325e-01,9.766260577268071064e-01,5.703858355975037764e-01,9.450211206690192212e-01,6.091988628676948681e-01,9.586020645798106754e-01,1.237586174602814948e-01,3.408608614106198864e-01,6.577836222270508904e-01,7.566912780106808123e-01,4.835062413324323072e-01,8.254138674806930087e-01,8.841013656523030173e-01,6.817193480305339115e-01,2.516215056406116424e-01,3.783670250869801133e-01,6.511642468932804517e-01,8.693417350820730194e-01,8.699287233345130987e-01,2.046441181651049990e-01,7.177318152247187388e-01,4.685393264857703466e-01,7.932907454155146976e-01,5.470898547000949685e-01,4.767586872103873885e-01,2.037984922418392686e-01,9.294864758232127544e-01,6.767472039877699963e-01,6.333172214925909538e-01,5.321641264927386983e-01,8.429840952842497792e-01,7.491938992447649825e-01,6.894996241714949070e-01,4.819492399027489604e-01,2.063053109153688003e-01,4.653928222925513003e-01,7.568576728262869091e-01,8.566416501798279626e-01,5.858275092302714926e-01,6.217854525118851061e-01,8.249164276954994435e-01
7.363704571873674887e-01,0.000000000000000000e+00,7.674517918087013779e-01,8.151437580220748380e-01,8.608425464444199315e-01,6.693973991433930237e-01,4.402074530357977800e-01,7.769254841612314166e-01,5.185565320341112283e-01,8.598204764618626594e-01,4.660372294590863218e-01,5.297782339863134071e-01,5.999541707981950189e-01,9.663355582619421735e-01,5.918897429649502273e-01,4.897638018668488136e-01,7.227978737468344628e-01,6.159005556365170220e-01,4.618967273583367006e-01,8.493437739474599124e-02,9.796634085267243996e-01,4.726622035435117941e-01,4.354694820434651947e-01,9.357399358014633073e-01,4.249289269443958794e-01,9.726882613044046666e-01,7.735458076684541551e-01,4.978626625282914775e-01,6.553779643233906826e-01,5.694881171678831677e-01,2.607985382128222840e-01,5.092411349291509071e-01,4.602165988702062727e-01,4.713173918362024151e-01,5.351506597077394511e-01,7.946261393094107284e-01,6.794851948646010165e-01,7.054597570548755137e-01,6.134334900183356920e-01,1.382467790074081715e-01,7.368693497551432880e-01,6.968374642856982604e-01,6.647036957545671143e-01,8.066932017147557810e-01,4.823549722840569376e-01,7.767580824796468386e-01,4.860184369801588411e-01,3.229064028524317176e-01,6.893844829685428222e-01,2.458814846695653034e-01,4.055574796262202963e-01,8.747974176832037374e-01,2.847239737882724664e-01,6.528742266429641283e-01,4.582437079797057611e-01,7.512057346529090740e-01,2.427126537010757257e-01,3.587400809093421739e-01,4.407278037912680246e-01,2.599143565206961104e-01,2.731766442936173767e-01,5.944765742822635257e-01,8.536924034253983162e-01,7.474433164265433804e-01,3.158247717834835600e-01,7.928084356918065900e-01,5.611064847924651655e-01,7.654254426757245433e-01,6.538417166234906652e-01,8.539888598718854418e-01,6.348780214114172482e-01,5.887696196780101143e-01,3.686042078982963988e-01,6.477783836380905935e-01,5.218146355342874187e-01,7.919744128017198737e-01,6.098985837590236159e-01,6.904776163020289736e-01,4.748447592877113044e-01,7.244605855785968274e-02,8.626399957359585091e-01,3.581299072674341000e-01,7.682860635711985520e-01,3.616937502463100085e-01,7.569937079589706963e-01
2.105787118036317185e-01,7.674517918087013779e-01,0.000000000000000000e+00,9.965884793450503487e-01,4.130276130478990892e-01,6.699974025140132960e-01,7.779817646150009036e-01,-1.723881214087440716e-01,9.645855811831306470e-01,7.961971712581467076e-01,7.176051322356215012e-01,6.965712393621347198e-01,5.691491277786882019e-01,4.356709448493564230e-01,3.192390122468038299e-02,9.958705972950934182e-01,9.037913590258050966e-01,8.073623416980727496e-01,9.795018509642535731e-01,3.120831147612116996e-01,6.715908850665069929e-01,2.611890874403069995e-01,7.293992733012129026e-01,7.385755828487612362e-01,7.021930502213656888e-01,2.964805236462143001e-01,4.461474664593947370e-01,9.164751797325966232e-01,2.379791276778127074e-01,7.833524157850246805e-01,2.410391793591321608e-01,9.221806356598833965e-01,7.779331125587743978e-01,8.556636030255300174e-01,9.367709863897345501e-01,1.422637479940478539e-02,5.999205834772689538e-01,6.146498778120204065e-01,7.204617758504081593e-01,6.688037006026148479e-01,5.881052437288504242e-01,2.217918021351929225e-01,4.699571376202592576e-01,9.935404440905475365e-01,6.294619387386224396e-01,6.203196800843908676e-01,4.375734297841202824e-01,3.743901916231169302e-01,6.644152615977542142e-01,7.521860141885058360e-01,2.143265075286815702e-01,9.339576822227596553e-01,9.900895264570167553e-01,8.819872507962205344e-01,9.645007622766461619e-01,6.978706612713696522e-01,6.666140756471020667e-01,7.545690527238047007e-01,9.141241385428622301e-01,4.115400330989507638e-01,3.051358879106754740e-01,5.975359790390337711e-01,9.040971797819085110e-01,8.523585624384374393e-01,4.589707282967706581e-01,7.778447775080141735e-01,4.014417888795967504e-01,9.047809012935685846e-01,5.137310617880641583e-01,4.639052004960225739e-01,6.164223482797592801e-01,9.738034664320747158e-01,5.799952051812448106e-01,2.622148778914826783e-01,9.685986758249058859e-01,7.662608477477538260e-01,7.890778282449204539e-01,9.594932152484740850e-01,2.859429453671280541e-01,7.892985139970083441e-01,7.986640761021129853e-01,6.231069708813957719e-01,9.220250193140815398e-01,3.869557651755946570e-01,9.401679858342635310e-01
9.390023855921512119e-01,8.151437580220748380e-01,9.965884793450503487e-01,0.000000000000000000e+00,9.937609433008525173e-01,7.073320470593807974e-01,4.891212610001275940e-01,4.110090544784139599e-01,8.866540628549702818e-01,7.428502861049008921e-01,8.183514380453855708e-01,7.061791233910402754e-01,5.419486188566560170e-01,7.418562848086001082e-01,7.266168808420034875e-01,2.505637276817004322e-01,6.584098155941242592e-01,4.232544364401720216e-01,7.145575456505830481e-01,4.371203054830998802e-01,5.261481416070221684e-01,6.129917491659162554e-01,9.090509067821453959e-01,8.272151570268604370e-01,6.154962482971797488e-01,5.807481363903128635e-01,8.818959537736397181e-01,4.734545002675991654e-01,4.724868612804594692e-01,5.517120632304233219e-01,1.862538888879103627e-01,5.732023939574273363e-01,7.093755527439509212e-01,6.665398968538300828e-01,7.759112906101490736e-01,5.034111292741538790e-02,6.159172426443293435e-01,6.708993060521486473e-01,6.829242627004724620e-01,5.805073390330948158e-01,5.098178268546105230e-01,9.745008504585689346e-01,8.928877187708992302e-01,5.320087623508112928e-01,5.424630320247343374e-01,8.226641774538374641e-01,5.197142735965767368e-01,6.003010020838156491e-01,8.822324396097298571e-01,7.216994684869058041e-01,5.923145299941896536e-01,4.684208555804827978e-01,4.872612632074481143e-01,6.741753205570722995e-01,7.761949086425076194e-01,4.226893931424615669e-01,5.341349817797417243e-01,8.739412971006026432e-01,8.433206894526117381e-01,2.045725372536227327e-01,4.935827776425538715e-01,8.656212512102725576e-01,2.482782209011316632e-01,8.895406848067208827e-01,9.605032819743053452e-01,4.962565734246139337e-01,6.641009099858333209e-02,2.304446337863470806e-01,7.501483710237635272e-01,9.825715904313647719e-01,2.350453476771297290e-01,8.579310734712587427e-01,2.608215377726390005e-01,2.209200627551886065e-01,5.811980584212647072e-01,4.666248732379456587e-01,9.424650886930459048e-01,4.034532885379774614e-01,7.259440631148663670e-01,3.422091135971490061e-01,3.487658343336370870e-02,8.901727330544754180e-01,9.617484485098001246e-01,3.076782272902219284e-01,7.651964336185023141e-01
6.667756645537465943e-01,8.608425464444199315e-01,4.130276130478990892e-01,9.937609433008525173e-01,0.000000000000000000e+00,8.064048469310328704e-01,7.364857410234835200e-01,6.824835612708399779e-01,6.694653615609504893e-01,5.951142988399219513e-01,8.431959125574468583e-01,8.090891633505818969e-01,5.309535392938434795e-01,4.003508329853342484e-01,6.766557692205031893e-01,7.607993756810764729e-01,6.268893935140655849e-01,2.308116026319882719e-01,8.099838416850203560e-01,6.201882265127062199e-01,7.634299852449427659e-01,4.563525942507337119e-01,7.748031508850946603e-01,7.202130611415376027e-01,7.659191659191041390e-01,7.414654578728748779e-01,7.269285687961324349e-01,6.570528839207749883e-01,1.654900411828331974e-01,2.737137455181279933e-01,2.231324802366339843e-01,6.228403933467577258e-02,3.382086549812521881e-01,7.012944087928214554e-01,7.170574519303090089e-01,4.707454253723398763e-01,2.338465920987398694e-01,7.756067434424434026e-01,7.977469609730492017e-01,4.088363990607179477e-01,5.626855904659648910e-01,7.968546942354695073e-01,9.402302263681625583e-01,8.492657407242351075e-01,8.313158992636721090e-01,7.980237783624142267e-01,5.702960281796538577e-01,7.811426048355079033e-01,3.067721905390290438e-01,1.130607820892871596e-01,3.870598325041645915e-01,9.935926954550545684e-03,5.030881557080710831e-01,7.270883526629841054e-01,7.804347386355942051e-01,7.966867691173782351e-01,6.700494873939688567e-01,2.809247513275420216e-01,3.629807360281163131e-01,4.645493086070213717e-01,3.885962897348953504e-01,4.567529495290160724e-01,3.215503181219272477e-01,9.842520742828769764e-01,2.711726388025408885e-01,6.018078200687946300e-01,4.049148352165976572e-01,6.175684995354300266e-01,6.756331705693232603e-01,6.629440637233374733e-01,6.983823685390727620e-01,9.251867659995351989e-01,2.091712561900436751e-01,2.528711568442076896e-01,7.253549032393160623e-01,7.196715544881275850e-01,4.990291600401040584e-01,4.951130926517993691e-01,4.654719717357052033e-01,-5.466831114709511108e-02,3.943738744166135346e-01,7.779566195568438092e-01,5.845340873803488435e-01,6.706981911474646507e-01,5.074958687408692715e-01
7.845757723315514021e-01,6.693973991433930237e-01,6.699974025140132960e-01,7.073320470593807974e-01,8.064048469310328704e-01,0.000000000000000000e+00,6.157904613703556462e-01,8.817896630797997792e-01,2.771334266428406856e-01,7.040098487958076356e-01,4.659179856448697477e-01,2.132347375871895545e-01,6.718427041275624179e-01,6.730772915818242774e-01,7.047518658103443245e-01,5.336793072874880250e-01,9.959946780667682242e-01,7.278137419649728379e-01,4.777231762353584821e-01,7.520082408552661857e-01,7.830693714237271230e-01,2.547134513254120103e-01,6.893492469965134539e-01,4.175904698686282446e-01,7.323168316481973861e-01,5.823583363611162245e-01,3.651591853722475634e-01,9.241441720109093705e-01,4.098510863385184111e-01,2.319863818792934906e-01,4.020717958825372751e-01,4.746407344974658549e-01,7.204996078036832730e-01,8.591416953333381734e-01,3.332690082203728088e-01,4.101065536420999691e-01,4.509795825737936692e-01,7.791855410245918101e-01,8.611244432364379975e-01,6.451809746745406082e-01,5.555997838029805846e-01,2.758024575072837714e-01,8.284596842792510962e-01,5.035113829020096965e-01,6.782940054756604331e-01,6.238971353138340614e-01,5.037948486767882539e-01,6.706395676293271935e-01,1.253773961292214134e-01,6.614240051821215216e-01,1.713535032416228787e-01,9.509956866705246981e-01,7.334424806115560358e-01,4.677312551904265203e-01,3.737761602884235312e-01,3.035938789036605190e-01,2.659363755016234121e-01,7.082980199327815196e-01,9.842703232306400096e-01,5.887237680800649908e-01,2.330504600639046742e-01,4.550317863910006699e-01,9.471016371546412405e-01,2.331009257862829975e-01,3.745413637739924972e-01,3.245359310529967178e-01,9.183916148850650440e-01,8.231838922039029782e-01,5.508845048279894518e-01,4.576727528612409279e-01,9.282032976615619546e-01,2.144936861181463150e-01,5.999344419473486845e-01,2.392700552627098076e-01,4.173429610646888221e-01,7.588485618837540470e-01,6.700216172580073515e-01,3.384088752442221959e-01,1.477572082483599725e-01,4.879630690859729225e-01,4.759553218309023337e-01,7.554799255445867612e-01,2.120441617190031158e-01,4.995344319864915006e-01,1.594069393576749358e-02
6.895161917471558377e-01,4.402074530357977800e-01,7.779817646150009036e-01,4.891212610001275940e-01,7.364857410234835200e-01,6.157904613703556462e-01,0.000000000000000000e+00,7.700555003868474468e-01,2.624341221592446649e-01,7.010006421504310081e-01,7.100605733948479603e-01,7.871310922909613428e-01,3.459941881182146961e-01,4.706963481855306886e-01,2.476573769929532598e-01,-3.183408348005238309e-01,5.214445386615484956e-01,5.294448756033656167e-01,6.752804980258916290e-01,9.121962096719102853e-01,4.595699581053840355e-01,6.583702406899488713e-01,4.700937036010737202e-01,7.640351916909178254e-01,5.289529030577853064e-01,5.110149927726914676e-01,4.155628496039709963e-01,5.516446532851013718e-01,2.289087976971804772e-01,3.957394167248211025e-01,3.517389341084807830e-01,6.182850648110587155e-01,4.310654277358679232e-01,5.258883064510881944e-01,4.235583967603698263e-01,2.138585088907472842e-01,2.532760545174416178e-01,4.383559211405470002e-01,6.444423895000876978e-01,3.274936137182545837e-01,4.345750147253410467e-01,3.395120624830377798e-01,8.009532548742545055e-01,9.066383942720497580e-02,6.954145929187599551e-01,5.354603894342243597e-01,5.929257266990711761e-01,6.094728840641117085e-01,6.947207894854550148e-01,8.000470282734030159e-01,9.999305902258629475e-01,4.194554344071636520e-01,4.559232177246824724e-01,3.182287807939098712e-01,5.093059402088170318e-01,6.898278154526593653e-01,5.059160866157472736e-01,3.541168588282367358e-01,8.301690275639618255e-01,-1.185073667967735528e-01,6.262127665443284474e-01,4.960237393685095197e-01,7.241602564528402119e-01,5.220846668842240579e-01,6.572528318901739164e-01,5.588339422396791933e-01,7.232066362587612485e-01,7.084425338116459026e-01,6.690291749602773619e-01,7.719150717487979207e-01,3.107490712548893752e-01,6.247225305545807128e-01,5.329896368182615030e-01,4.843197181814695718e-01,1.143486549170513733e-02,7.312519199195783859e-01,3.700338264512007536e-01,5.738524842010668259e-01,1.040994634781723938e-01,2.131515142306441568e-01,6.422203950138412054e-01,6.303892994337484401e-01,7.249694103604953366e-01,6.964629709809805336e-01,8.401503518190885922e-01
9.685769571760749486e-01,7.769254841612314166e-01,-1.723881214087440716e-01,4.110090544784139599e-01,6.824835612708399779e-01,8.817896630797997792e-01,7.700555003868474468e-01,0.000000000000000000e+00,5.350009823810556453e-01,7.390218528293079903e-01,4.943010363684238184e-01,4.548627587603711886e-01,8.810851268347679177e-01,7.673241788756457460e-01,5.761248516522877727e-01,2.043495306432936143e-01,2.867272959450646308e-01,3.895088228445119372e-01,5.832873203769568526e-01,5.727691034739312848e-01,4.916198973993018279e-02,5.071978886736159403e-02,7.011467497500307733e-01,7.012517757905547544e-01,5.929812428642455835e-01,3.758917726733241871e-01,3.788281381585378860e-01,5.067258093769407834e-01,7.879459695001240771e-01,3.671191065481835825e-01,4.741254783800963879e-01,2.340174662979093989e-01,6.297434524575237225e-01,5.870780659485407282e-01,5.087878860422074823e-01,2.189115954395488284e-01,7.416032096953322217e-01,4.201189687572246673e-02,7.924693144188345029e-01,7.079452287007891309e-01,4.606600919968764085e-01,6.670854589189076922e-01,6.402660288086620133e-01,7.938745209459139307e-01,3.048939983937771769e-01,4.588013640493626144e-01,6.327886729260125964e-01,4.903160752272309741e-01,6.024401618884930310e-01,7.757388481054660057e-01,4.565176621102315369e-01,5.097508265036724273e-01,6.628217369118606372e-01,4.050167673151504055e-01,4.682649019973681992e-01,9.628281018180046003e-01,7.648830597163516209e-01,5.804105662255849563e-01,6.658517664644899581e-01,-5.911835576269575121e-02,4.219240066363685870e-01,4.400864799979104514e-01,7.965397490844648987e-01,5.875158263361726085e-01,3.709624051935335176e-01,4.558973862044503611e-01,3.355552572834279434e-01,3.351138298392583037e-01,3.047261351405428087e-01,7.314061194947878430e-01,7.790991238606052027e-01,9.272324477152327216e-01,2.024005938131743371e-02,6.582319151000288748e-01,7.044769852225848394e-01,6.277856729918079859e-01,4.901235993726610896e-01,4.713877718722138677e-01,2.679981323997370768e-01,7.184380886090022678e-01,6.142461734472157708e-01,9.633727922620501927e-01,7.597663105421602614e-01,1.990633074084370846e-01,3.280657121240135865e-01
6.851785825081473380e-01,5.185565320341112283e-01,9.645855811831306470e-01,8.866540628549702818e-01,6.694653615609504893e-01,2.771334266428406856e-01,2.624341221592446649e-01,5.350009823810556453e-01,0.000000000000000000e+00,6.132470744503023541e-01,2.210110308474330654e-01,5.968521722601194401e-01,3.480784028351827653e-01,6.545279697678851871e-01,6.500323052103369470e-01,3.784050701477644774e-01,7.657231290680291957e-01,7.365726861044259444e-01,3.342173977017109943e-01,6.706248367029745694e-01,5.689442270779342392e-01,4.797333304740069027e-01,7.639736669892740473e-01,7.732640063305402656e-01,2.965542922060294684e-01,6.614517703848962205e-01,6.021538717570222854e-01,7.777993606530972936e-01,5.741443831784739382e-01,2.553908468584727975e-01,3.458160086686365986e-01,4.460595092421436592e-01,5.143818701545823657e-01,6.041236904924198736e-01,8.643582260864698386e-01,4.217018702444781664e-02,5.768555477838909207e-01,5.350978036609927990e-01,4.793323704166281840e-01,9.173126521032159975e-01,4.809155808132923315e-01,8.718373862144156439e-01,8.251691692187596017e-01,2.950996915535152865e-01,9.197583856943583047e-01,9.271831429223145182e-01,5.168317268791672303e-01,7.883577958336656089e-01,7.114234431849952855e-01,7.313286862641464880e-01,7.816511484871678794e-01,1.994438707789924214e-01,6.676406296232437754e-01,2.375963734179821207e-01,6.298284043506771068e-01,7.981887353469105939e-01,2.535960253404719311e-01,1.872006648707821852e-01,9.925509367011499107e-01,3.254836713040676344e-01,2.926889189524943813e-01,5.840208698453270841e-01,5.721686697253859366e-01,8.077169349298701784e-01,4.603620344325158320e-01,4.231489167661970363e-01,4.444290269096606849e-02,7.548789771385442382e-01,7.509419341587039165e-01,3.367052590791781430e-01,2.127690161728990614e-01,7.067590759912670828e-01,4.280773443210719176e-01,5.509760830130185916e-01,6.913929821630445671e-01,7.795693653211258622e-01,4.362829941935466027e-01,4.377405172018405954e-01,4.286182143083860363e-01,4.774155448867164475e-01,2.361234360711695346e-01,6.908403729805483451e-01,2.442770671206465904e-01,7.212582825292767064e-01,7.901616694618533998e-01
9.330998399741533555e-01,8.598204764618626594e-01,7.961971712581467076e-01,7.428502861049008921e-01,5.951142988399219513e-01,7.040098487958076356e-01,7.010006421504310081e-01,7.390218528293079903e-01,6.132470744503023541e-01,0.000000000000000000e+00,6.912693590715549563e-01,6.701559380822397216e-01,7.150368201521877243e-01,8.685086025023154299e-01,9.014193119422648781e-01,4.223950216513901457e-01,5.728551182685260867e-01,2.813603738728295833e-01,3.674198261954486622e-01,9.176999268833481160e-01,7.543577787601503104e-01,3.574499401038557789e-01,6.482844304357303633e-01,8.671374198991168569e-01,1.384582650346044830e-01,8.609798759748991115e-01,7.375738150064443666e-01,6.689277315723008988e-01,5.529343548607199565e-01,7.622825017958598792e-01,3.532360128080506145e-01,5.168767574796703235e-01,4.552091347717632797e-01,7.553463887069284954e-01,3.451129245372119847e-01,5.794975711761185533e-01,4.811343101849265835e-01,9.949348473317987107e-01,8.584532917245230044e-01,9.830694811836654390e-01,8.437344910900099748e-01,8.341415812084100878e-01,4.960384360906204271e-01,2.572191140611949645e-01,9.043733098465793763e-01,8.360870499337645922e-01,6.289349995193955767e-01,6.174924857775736520e-01,7.947878890579960220e-01,6.752695749968313788e-01,5.834045407997068278e-01,1.438390051883231546e-01,6.174241887251911143e-01,7.290746433552612593e-02,6.323151021290168705e-01,8.789594932080684320e-01,7.747397792264096861e-01,4.288319905467605220e-01,9.450928220731806828e-01,3.051397100904443827e-01,3.618168425996842741e-01,6.586722713589977518e-01,5.541553476971234904e-01,6.442588035414311687e-01,6.902970848578479091e-01,4.318850920745904709e-01,6.184002711944592834e-01,9.811265353019540392e-01,5.339357650228133689e-01,9.135491733082200527e-01,9.610054681799671261e-01,4.979967226834301486e-01,4.194318068241783548e-01,2.071703106291299945e-01,7.469817330609151984e-01,3.747888643284618543e-02,4.317905663905375890e-01,2.683682429047608564e-01,3.378420111926988545e-01,2.865481240647392291e-01,6.941612585791467893e-01,5.917239932687412551e-02,8.542422073524070791e-01,2.653509394462425508e-01,3.667626111102580966e-01
7.584907311481147163e-01,4.660372294590863218e-01,7.176051322356215012e-01,8.183514380453855708e-01,8.431959125574468583e-01,4.659179856448697477e-01,7.100605733948479603e-01,4.943010363684238184e-01,2.210110308474330654e-01,6.912693590715549563e-01,0.000000000000000000e+00,5.176772335953783166e-01,5.632917557332429714e-01,5.953277827078424789e-01,6.400570625195260988e-01,3.173116006351022755e-01,6.355368855061722666e-01,2.108468599819351419e-01,5.351288011939779876e-01,9.853542380942537093e-01,7.226322405325515952e-01,8.294679744522029941e-01,7.328466951468741719e-01,4.794319386592177934e-01,7.543304743047787309e-01,7.715160685565470855e-01,5.299542558776997314e-01,7.184841615613757337e-01,2.949152549194641315e-01,3.466016841252123060e-01,4.704954776689104223e-01,-1.191624290108813655e-01,7.043738615412087345e-01,7.215594311545404649e-01,3.311949439924409822e-01,6.183746452202621979e-01,5.991825256690719304e-01,2.032521720613237048e-01,9.278936600420117919e-01,2.587590379077012726e-01,2.756266601033066088e-01,7.637669048811058792e-01,9.445511512733997250e-01,2.712109899676579117e-01,7.665940751203403902e-01,6.294805688448492642e-01,4.815733298133031415e-01,4.130254638462405592e-01,-9.493042233794990459e-03,5.868661370792417342e-01,6.485686553712668445e-01,3.344842428811377610e-01,5.236446473852394146e-01,9.796874584184100954e-03,5.762834389476032548e-01,5.757783159163143427e-01,4.113918331238620718e-01,1.736765338033866013e-01,6.142615571420326770e-01,1.225966095438806164e-01,4.205207446514730441e-01,4.673372624412851506e-01,7.952256099749439588e-01,7.269968044316683642e-01,6.964690430294616652e-01,3.999508903277216865e-01,9.150763109492889846e-01,9.739765087861522730e-01,5.875662557655866314e-01,7.220946657899227628e-01,8.245884408169646962e-01,6.612048757386926878e-01,3.539670946438094185e-02,7.780530855064804463e-02,6.579118659877686293e-01,7.182685278227104453e-01,6.367119405326948645e-01,2.727399410944162383e-01,3.475245150618019863e-01,5.780791260670286036e-01,7.251599868866516196e-01,6.980981881992039950e-01,1.212512483342710334e-01,5.111715095889001192e-01,3.102372931245440668e-01
7.117069265896672770e-01,5.297782339863134071e-01,6.965712393621347198e-01,7.061791233910402754e-01,8.090891633505818969e-01,2.132347375871895545e-01,7.871310922909613428e-01,4.548627587603711886e-01,5.968521722601194401e-01,6.701559380822397216e-01,5.176772335953783166e-01,0.000000000000000000e+00,9.822358326867721701e-01,6.845797432465178245e-01,7.275974595603387218e-01,7.566880652924763695e-02,8.622242860371053252e-01,6.088230374900455155e-01,5.333317908145092101e-01,3.940042866167419167e-01,3.654887889734825812e-01,4.313501042144449737e-01,3.192411707924659447e-01,6.520701582306678290e-01,5.457029929502583698e-01,9.639153395858273132e-01,8.457978778098645956e-01,4.894986330340132530e-01,4.167986020707076800e-01,5.737185819844640156e-01,3.125950272408072883e-01,-3.777654720144566491e-01,5.505790471254712326e-01,6.834248536420605147e-01,1.557362550073164431e-01,2.707362114596696956e-01,1.492292205172383313e-01,4.284404391963314573e-01,6.164227426947057609e-01,9.586447436459297755e-01,5.305217784775988488e-01,9.654458942527878174e-01,4.840621213538277012e-01,4.436912622625740488e-01,4.801597769764086587e-01,7.333254693122577272e-01,3.262415497587420332e-01,9.280471892497313413e-02,6.353833113515169329e-01,4.781700063008942347e-01,4.237146153160665785e-01,6.175365034033265532e-01,3.424373897771596509e-01,5.078921972234222704e-01,6.257798366412814506e-01,5.716361819180342252e-01,7.034896292660757222e-01,7.220841016857066919e-01,6.812051489738623067e-01,1.340625369844755943e-01,7.366912116263145682e-01,9.049988181506100071e-01,5.302310152075153660e-01,7.919567705653693945e-01,7.511729244105405101e-01,6.916259313499277805e-01,7.446598478653790876e-01,2.392341180895859731e-01,2.037594442741348377e-01,8.574915342453320877e-01,5.570355866368279507e-01,6.812768859930539156e-01,7.551022295506295556e-01,2.773820246290037983e-01,4.928904881613919153e-01,3.077886805348958310e-01,4.347182361931861694e-01,3.605929848015041461e-01,4.099474760781072757e-01,4.336314808918784736e-01,4.954969676586138960e-01,7.540061476994315282e-01,9.856365500940087454e-01,2.548499237982903565e-01,8.504661111112615801e-01
6.598469968514859563e-01,5.999541707981950189e-01,5.691491277786882019e-01,5.419486188566560170e-01,5.309535392938434795e-01,6.718427041275624179e-01,3.459941881182146961e-01,8.810851268347679177e-01,3.480784028351827653e-01,7.150368201521877243e-01,5.632917557332429714e-01,9.822358326867721701e-01,0.000000000000000000e+00,9.665994198957427175e-01,7.342581056421345620e-01,9.087325631619933564e-01,9.220341142919584732e-01,6.702778385095577995e-01,6.435114307235006992e-01,8.760484378726994814e-01,9.796876622364212306e-01,5.245368130630514436e-01,-3.062279035527069593e-01,9.905356908760958312e-01,4.593560063320320519e-01,6.005595875173559417e-01,8.032495813562270381e-01,8.342132516609134241e-01,6.485982500084597202e-01,4.358451865504475720e-01,4.256203382060211315e-01,4.959976437012888484e-01,4.584412509823684867e-01,6.015730408486130720e-01,1.519458689516864913e-01,4.182354735006023061e-01,-6.366619940497528218e-02,1.358416501466451765e-01,4.731472291353793214e-01,6.239877591212256158e-01,4.936556770675701866e-01,5.916157801438901576e-01,2.955330246140015493e-01,7.398796289062846698e-01,7.787944699923590175e-01,4.530812387526232943e-01,8.002521718460789968e-01,4.676429382711617122e-01,6.053964810332904678e-01,5.472540913787324879e-01,7.832121264325919707e-01,3.275758371500439026e-01,5.737103265467685675e-01,9.071901563490833986e-01,4.225282039770303921e-01,5.186141440598958097e-01,8.295786426821124548e-01,5.856570295300315143e-01,9.974725027442499226e-01,7.196967672873626487e-01,9.613596527175485851e-02,9.662941388375566598e-01,5.598722276242341644e-01,7.315092434164653934e-01,8.569616789094288700e-01,6.376610665606606831e-01,6.144359636178190476e-01,8.356830570274942360e-01,3.556227121515299627e-01,6.000890175982585006e-01,7.716827149738538782e-01,6.477881861905938621e-01,3.911187607898721774e-01,2.589672564942951949e-01,4.970468153287688762e-01,7.397976456584441918e-01,9.797671412839465965e-01,6.669631533891493547e-01,2.129331356112890150e-01,2.395544827366605234e-01,5.298520743297929769e-01,9.034610642699214544e-01,2.943758873250919561e-01,5.577867204610611473e-01,6.249368756650975909e-01
8.811087589388344465e-01,9.663355582619421735e-01,4.356709448493564230e-01,7.418562848086001082e-01,4.003508329853342484e-01,6.730772915818242774e-01,4.706963481855306886e-01,7.673241788756457460e-01,6.545279697678851871e-01,8.685086025023154299e-01,5.953277827078424789e-01,6.845797432465178245e-01,9.665994198957427175e-01,0.000000000000000000e+00,9.402764274196617755e-01,2.649974735229920220e-01,8.586441175747822063e-01,7.779764097796060263e-01,4.473543712991530086e-01,6.715913508817908939e-01,4.772015781300192883e-01,7.639008492938892392e-01,-1.132148549802792503e-01,9.238138176062508089e-01,1.850032828423872067e-01,8.380121827457831518e-01,5.826757700766979076e-01,4.171440497208026010e-01,1.737827054911028624e-01,5.421253078458897479e-01,2.548070588346059706e-01,3.553091001863715181e-01,9.311435903900567856e-01,4.422181341220051132e-01,8.010976492012613637e-01,-1.589580617088981462e-01,7.114899271030983297e-02,9.769748469519758949e-01,8.206201391382217381e-01,2.498985569090962922e-01,1.384633532709209636e-01,9.026840121240975456e-01,9.059788860484347950e-01,4.317155055739130831e-01,4.941174936007050600e-01,8.138182629576516947e-01,7.443612752427802848e-01,6.669028021886403979e-01,8.329115572540021217e-01,8.835031230627183874e-01,6.665120388594024670e-01,6.391172984158327575e-01,7.212825211219688892e-01,7.124987042112990165e-01,9.544731769144544353e-01,4.225685935969067386e-01,3.259930896147330559e-01,4.723900193454715901e-01,9.713823584034722014e-01,2.334449826188174093e-01,5.007555236709598789e-01,4.183541737451589304e-01,7.759931950659297861e-01,2.144960644627704194e-01,8.412568908635076337e-01,6.705894441317520327e-01,6.649453648818778317e-01,7.992128492243653071e-01,3.381105060609420621e-01,7.959661280409384698e-01,7.564265045043028213e-01,4.905145513935139090e-01,6.595174616255330968e-02,2.074605208746286567e-01,2.577223539466442226e-01,8.719510574768221112e-01,7.250768334270117910e-01,9.722222407334777383e-01,3.413705529833315766e-01,7.965409733941493375e-02,8.915422241433909045e-01,9.279185759380317311e-01,2.625699793786293035e-01,3.507237581461208897e-01,6.482258062895944750e-01
6.802083980268368579e-01,5.918897429649502273e-01,3.192390122468038299e-02,7.266168808420034875e-01,6.766557692205031893e-01,7.047518658103443245e-01,2.476573769929532598e-01,5.761248516522877727e-01,6.500323052103369470e-01,9.014193119422648781e-01,6.400570625195260988e-01,7.275974595603387218e-01,7.342581056421345620e-01,9.402764274196617755e-01,0.000000000000000000e+00,7.216227731593092276e-01,9.487801940081274088e-01,6.200076226753564734e-01,6.717616218073858558e-01,8.611827128498933392e-01,6.234202868009594001e-01,4.033666062297784904e-01,9.332713237526408800e-01,8.769481515706001318e-01,2.299009391785479528e-01,7.935238304782223917e-01,5.658823341066746559e-01,7.348820022757381887e-01,2.987524890393536414e-01,4.278576883958518443e-03,2.214881499258418152e-01,7.411043260416787515e-01,7.580789020140189516e-01,7.259303915726454948e-01,7.115263224366571437e-01,1.469954184042401579e-01,3.349173480640543765e-01,-8.430969243255953538e-02,9.784236083428790032e-01,6.807811132484575811e-01,2.682899374395967262e-01,5.228119325973165088e-01,5.082595480508306229e-01,2.643281968631615575e-01,7.233148192508862540e-01,6.639426289115898383e-01,6.083471692911806006e-01,6.855736267034342468e-01,7.994145330282795836e-01,1.242425148203754742e-01,6.002085793566641625e-01,7.217920177833616613e-01,7.680642947921412222e-01,7.667040552257122776e-01,6.466997663277647135e-01,8.695927634867034461e-01,4.081885573170729864e-01,6.618662936823352938e-01,7.630319035144199624e-01,3.056756045376994302e-01,-6.659095862597316784e-02,3.108711276233203091e-01,5.885509089913947278e-01,7.351636514150348134e-01,8.764739633164057020e-01,6.490565645408136186e-01,7.925688787949147773e-01,8.642048757292428718e-01,5.809861424054815204e-01,6.271920207538854708e-01,5.169719843381245239e-01,5.134301336887483469e-01,4.944157325659450652e-01,3.960407532090111093e-01,4.160968286851797204e-01,5.471805760735822810e-01,6.529373213105440499e-01,5.630864679143113838e-01,4.415645807568331360e-01,7.572564009117124240e-01,3.266072573917144783e-01,5.759731668880443411e-01,5.562084414854752135e-01,5.892777663412740452e-01,4.527523673526860359e-01
9.493915139713023921e-01,4.897638018668488136e-01,9.958705972950934182e-01,2.505637276817004322e-01,7.607993756810764729e-01,5.336793072874880250e-01,-3.183408348005238309e-01,2.043495306432936143e-01,3.784050701477644774e-01,4.223950216513901457e-01,3.173116006351022755e-01,7.566880652924763695e-02,9.087325631619933564e-01,2.649974735229920220e-01,7.216227731593092276e-01,0.000000000000000000e+00,5.887573222370845460e-01,1.188903384611241822e-02,9.549748091235013003e-01,8.189728562267378775e-01,7.519576600833985935e-01,3.875578013345471473e-01,6.852604786292403327e-01,7.145099436110955438e-01,6.647181048660626423e-01,4.863538183311298946e-01,6.926484502252718833e-01,6.130659139984891148e-02,7.221733658179649851e-01,4.308436119199422487e-01,1.753278109252238634e-02,1.940780738851276277e-01,4.495086458745345959e-01,8.025921948271352857e-01,7.654877783612037412e-01,1.147848756579335043e-02,1.349485476328956823e-01,5.158458011158276735e-01,9.726619077814191439e-01,8.690189420970255707e-01,6.483767397602051563e-01,3.808138507695172925e-01,8.692951787387342977e-01,6.080981806512080201e-01,9.415727468639092379e-01,9.659161087591332517e-01,8.477474645693646726e-01,9.331096097145541446e-01,5.244636660867720845e-01,4.505307948753795588e-01,7.831848430497080349e-01,6.010160454800421714e-01,4.387835883522498426e-01,2.527157273569025087e-02,7.760930354942455756e-01,6.882049383262440756e-01,2.432444249308044204e-01,5.333610605556189377e-01,7.243278051848294208e-01,5.700758900508032800e-01,3.844631947380354742e-01,4.342326967471971666e-01,4.272957978818689440e-01,7.608873326438140294e-01,2.316935557509238186e-01,1.922101367215576229e-01,4.839650425366430753e-01,9.164398665323066906e-01,3.271712678646443440e-01,1.495254639216332115e-01,6.203382232193296320e-01,6.978071797805648346e-01,2.047968199159879987e-01,-8.069311375379588369e-02,6.167529496305066417e-01,4.965827092206386850e-01,7.660595959481876216e-01,3.067454624368193272e-01,5.808496922548015418e-01,5.802122528292197323e-01,4.546760744695587664e-01,8.502071022058792504e-01,6.288411324958346205e-01,2.973683001761597833e-01,-3.543955016109082701e-01
9.873790819476375713e-01,7.227978737468344628e-01,9.037913590258050966e-01,6.584098155941242592e-01,6.268893935140655849e-01,9.959946780667682242e-01,5.214445386615484956e-01,2.867272959450646308e-01,7.657231290680291957e-01,5.728551182685260867e-01,6.355368855061722666e-01,8.622242860371053252e-01,9.220341142919584732e-01,8.586441175747822063e-01,9.487801940081274088e-01,5.887573222370845460e-01,0.000000000000000000e+00,8.089477721532433163e-01,7.172909687278689050e-01,6.478366472021116484e-01,8.731132151550894394e-01,1.305458828676942240e-01,9.003497115908691839e-01,7.665700104324288944e-01,5.225592499251865974e-02,9.544126779216413059e-01,9.685373626462824292e-01,5.072841556346879832e-01,5.427274331879236025e-01,2.945684324254786990e-01,3.338582654491616397e-01,8.886247651361005584e-01,4.878826908433241405e-01,8.393278600575366788e-01,6.308015874154790925e-01,2.882737908705817476e-01,2.191428691764814862e-01,4.335871459878641865e-01,6.909629096374887425e-01,7.917586689567075453e-01,5.745215444419831119e-01,7.128038788976406304e-01,8.542879691422540223e-01,4.205510356716011811e-01,1.931138408772407056e-01,7.549156266307879282e-01,6.380271223638613876e-01,3.996240013482151854e-01,4.484992313748853432e-01,7.410418918215445627e-01,5.045174645270061875e-01,6.603602579957965624e-01,4.610690672211546492e-01,5.077049778661313351e-01,9.964901705777018392e-01,8.212592038365866820e-01,7.004581465494321701e-01,6.610527174656227745e-01,6.748143378454103392e-01,6.355913036185600884e-01,5.497576928502583282e-01,8.267300736949291240e-01,6.967673736532756790e-01,5.647058659241744882e-01,8.031437890989503448e-01,6.706302162254742516e-01,4.241979312962548265e-01,6.163551151280183271e-01,5.513006213134141742e-01,4.091631501562769530e-02,9.250629381534087869e-01,2.373224131378072199e-01,4.970998504323976275e-01,2.336730452253961698e-01,8.410814843275612462e-01,2.837107954449147318e-01,6.929940764135988918e-01,6.039378883998585135e-01,7.349963860921033820e-01,2.225250732514517382e-01,6.570131250973015868e-01,5.028333393263280104e-01,7.908123580515703521e-01,1.743139825338935467e-01,8.380867073185216398e-01
7.470492523018961162e-01,6.159005556365170220e-01,8.073623416980727496e-01,4.232544364401720216e-01,2.308116026319882719e-01,7.278137419649728379e-01,5.294448756033656167e-01,3.895088228445119372e-01,7.365726861044259444e-01,2.813603738728295833e-01,2.108468599819351419e-01,6.088230374900455155e-01,6.702778385095577995e-01,7.779764097796060263e-01,6.200076226753564734e-01,1.188903384611241822e-02,8.089477721532433163e-01,0.000000000000000000e+00,7.572337012617469387e-01,7.573945638050183504e-01,8.917154917090395205e-01,4.350575778584539477e-01,5.533030599032802144e-01,6.924481970762313976e-01,3.614069163434412979e-01,7.196593797735946207e-01,6.155851919691012197e-01,7.957187481880122482e-01,2.025583799852693212e-01,5.097401221499389123e-01,3.642271813346021903e-01,4.119182979720100723e-01,5.582457028278053901e-01,6.178850174646106641e-01,8.100980644965133370e-02,3.249046094941837604e-01,3.543340307537404255e-01,7.660502075056092597e-01,9.220785407062568328e-01,6.013255435722735243e-01,6.314346422053856989e-01,5.863512052232104921e-01,6.686327464395254161e-01,7.670475583354892102e-01,7.324574151128443456e-01,7.759327849393956589e-01,9.301272035187215792e-01,4.493601892532670949e-01,6.116214180516111876e-01,1.350838174918106427e-01,6.031751916614990217e-01,8.722207013285238064e-01,7.737841536342306981e-01,4.799692438704629138e-01,1.722791927060184913e-01,6.338247033388908491e-01,4.711091638655291458e-01,1.132960029680789432e-01,8.923222829807688772e-01,5.251580251145691047e-01,4.977628597991510251e-01,3.301735193758954523e-01,7.031136758149783006e-01,7.882220495221177181e-01,7.893930292401055704e-01,1.642536226473665373e-01,2.140319487720793445e-01,8.118876053227123135e-01,4.774162693195690421e-01,3.579328194697045662e-01,9.964033646219028206e-01,7.773149414228156528e-01,-7.133855096677285679e-02,2.561904038460406374e-01,5.675283512811694075e-01,8.388615364819743681e-01,4.462932592716136737e-01,3.074429550845564352e-01,-4.178434709883382947e-02,3.500877097826765039e-01,4.864135895143081312e-01,9.838685323785683057e-01,7.487337518037215922e-01,4.210461186983707194e-01,6.646738234380132893e-01
