0.000000000000000000e+00,3.697214152706019830e-01,5.397445730526637675e-01,4.544578015531105519e-01,9.278643332412315203e-01,8.808265874197983569e-01,2.623342962670703327e-01,6.650817444361725173e-01,2.289517367049447027e-01,8.609713531034408618e-01,7.651571213244652281e-01,8.872128520951078068e-01,9.406608184625169233e-01,7.304617048595659634e-01,9.059218692743941093e-01,9.268102847808628031e-01,4.090728391887693549e-01,8.525414280943508505e-01,9.152717149046876166e-01,3.019216444009535927e-01,9.945121304059730827e-01,7.635240950411048555e-01,7.995676050021466308e-01,6.458028081562503520e-01,9.885604521558263302e-01,5.811233353783629152e-01,9.999445657723700087e-01,5.876382234761656775e-01,4.685567285508414337e-02,4.368471607135827606e-01,2.808475949045741160e-02,1.102364871910674476e-01,4.027359587270872843e-01,8.157578929994134809e-01,7.408477340737307237e-01,1.341927932328493001e-01,6.852731972890276912e-01,5.830329762170686214e-01,7.194278223638261860e-01,4.736462538596513117e-01,1.931344461133825963e-01,9.328356299657694084e-01,5.494901789854290675e-01,5.132625053460668774e-01,6.901767184119019793e-01,9.052190901890113661e-01,5.685272955963323049e-01,9.939416230820395937e-01,9.837326713672973622e-01,8.407338552372046747e-01,9.678614977076001047e-01,9.555764712996451804e-01,9.125694573806801824e-01,8.369946960769427680e-01,7.227230391851247049e-01,6.802708884938233336e-01,7.590005269314443748e-01,7.108064887985737768e-01,6.463040407374289753e-01,6.488288362899147232e-01,3.964005570297925440e-01,8.554660726803113846e-01,4.126528364114184222e-01,6.393163851027136024e-01,4.879649860787487192e-01,9.212464830091585677e-01,9.572143756678709314e-01,4.890612224421923560e-01,5.799159310767744158e-01,9.732342983488532218e-01,7.877263233572366907e-01,2.585849139929319307e-01,2.437640904402101627e-01,4.875018967099172817e-01,8.052355398598934899e-01,6.028599496006323832e-01,9.882136617865976413e-01,8.157439649269757620e-01,4.523569538873425389e-01,3.199122002180587732e-01,9.935619869627688727e-01,9.988460864633784686e-01,6.299871445969628114e-01,3.336482127637422357e-01,6.105876335881020855e-01
3.697214152706019830e-01,0.000000000000000000e+00,6.128105765924626303e-01,1.585329587227056192e-01,9.172087528375117982e-01,5.633723519616253839e-01,7.622757497079896138e-01,3.042266429276724304e-01,4.350823901072901068e-01,-1.042836611438241468e-01,4.831947237338179435e-01,2.245656819039075769e-01,7.540561047824976271e-01,8.003479246723959051e-01,6.995211745184221064e-01,1.415971132262441590e-01,6.659890639571216520e-01,5.035883582605665820e-01,9.647256077059288559e-01,6.610158532213314952e-01,8.633883944549414213e-01,7.870099240727270740e-01,3.511537527995500785e-01,4.496261500935613831e-01,4.761551611065659717e-01,5.543229414558731305e-01,4.301626235061294379e-01,7.478409955216824834e-01,5.146344996786682557e-01,9.118156621498650638e-02,4.238820745303719106e-01,7.339027750907010095e-01,8.369509632413351108e-01,5.835679428324569429e-01,5.736553464497761157e-01,2.288664312135975931e-01,5.385127979350137206e-01,4.166991527402599260e-01,4.114586113862185868e-01,7.087677719867855330e-01,4.562745367905562399e-01,3.988516084997449362e-01,8.930640975518352453e-01,6.365427496369149285e-01,6.275861544517800095e-01,9.538464643554573907e-01,5.993711923098292704e-01,2.442068443624714202e-01,1.022349024739241385e-01,3.765826887924969002e-01,2.416163174978950279e-01,8.314359604925551928e-01,8.240577615248049215e-01,5.738672093567552812e-01,4.926636814212143611e-01,6.499883494795462013e-01,3.698175819706783773e-01,6.766837330015422758e-01,7.708712868369738125e-01,-1.777278445603437951e-01,4.976578085737112800e-01,6.624152147066320051e-01,9.406934311734120868e-01,8.981830514480669825e-01,6.799139775120639495e-01,6.812591449988582015e-01,7.361628862121816219e-01,7.169557002521389499e-01,9.756603327770461132e-01,9.766542060802952951e-01,5.117371387746892930e-01,3.670144374087008776e-01,5.636093683079881345e-01,2.513351529472856449e-01,8.334056969228045286e-01,3.372754605919690007e-01,7.878283080775059233e-01,4.796212922500494025e-01,7.725604925270509460e-01,3.104762826301329381e-01,7.900643711217141263e-01,9.031967029551063453e-01,5.644868951413767322e-01,4.588262024340364897e-01,5.606299257291080806e-01
5.397445730526637675e-01,6.128105765924626303e-01,0.000000000000000000e+00,9.864724267873197228e-01,8.639843533775799500e-01,5.191173759264894327e-01,9.333724020898853668e-01,4.149055787216247015e-01,9.417324446040302721e-01,9.856328767602419161e-01,9.326209306993862302e-01,5.646364041273090884e-01,7.754696060699075577e-01,5.374478137318405846e-01,7.388993315700217446e-01,8.536046807400726744e-01,7.289491015085793890e-01,9.241189037437251841e-01,8.831282894256932137e-01,7.883609956813146802e-01,6.196785225469161329e-01,9.410538800591755626e-01,8.130754381341255277e-01,7.341022908496152022e-01,6.543863496425175175e-01,4.365825953030549877e-01,5.706166814912795315e-01,2.535362145019662838e-01,2.357445115879565622e-01,4.184150713717313397e-01,2.215981974498064389e-01,9.717671654117363556e-01,9.960621339221422677e-01,4.619315533351573411e-01,6.707896317957533494e-01,4.900790554448642977e-01,5.359986367120084250e-01,8.377036950627368972e-01,9.552156632056229002e-01,6.883713718286326166e-01,3.732564755738126960e-01,9.080769379184465695e-01,5.041813125844630816e-01,8.150774513683028966e-01,6.000134855932003353e-01,8.411478457080614479e-01,8.115342819604063340e-01,9.117691372963127039e-01,6.995318281517541870e-01,6.651599225914808233e-01,9.773864064587246547e-01,7.000721595953661724e-01,5.464182475386847315e-01,7.276755727597052914e-01,1.417889848877142422e-01,6.303348521202882804e-01,9.676071366701075593e-01,8.546465156866125401e-01,1.769169159198397123e-01,3.507198742768520283e-01,2.869593040469821110e-01,7.615466410797966379e-01,4.521142858525185049e-01,7.536687474352773419e-01,5.690793602104856630e-01,9.155715506314765495e-01,7.134488089368095087e-01,9.673508074682917179e-01,6.795907774179565930e-01,6.192859677512732031e-01,6.371177329887967034e-01,6.861404381941842434e-01,3.149647952423834663e-01,2.414575216500720600e-01,4.329406559206213090e-01,9.780177681678393631e-01,7.430691233181276889e-01,9.590799124680744470e-01,5.661347914712780982e-01,2.180141172796891125e-01,3.351574601032509815e-01,7.325297947306700364e-01,9.497502428957088627e-01,8.258129516163884576e-01,6.475853966333940948e-01
4.544578015531105519e-01,1.585329587227056192e-01,9.864724267873197228e-01,0.000000000000000000e+00,6.898911253459154569e-01,9.272966037763552549e-01,3.788699258860245278e-01,7.869899335773709037e-01,2.414121938606012541e-01,9.472895023925524960e-01,7.104473673760036689e-01,6.836043310441001220e-01,5.002281878637534485e-01,7.163324459795025190e-01,4.861048943557328972e-01,7.703563405208100345e-01,9.526603611642284752e-01,5.155842268299059006e-01,8.302211652052713386e-01,9.578583125544195553e-01,9.559008748466294447e-01,6.679188270563964913e-01,8.918439605523799107e-01,2.441142561958140056e-01,5.393366277401421272e-01,7.959576226690268097e-01,8.506308157424830041e-01,9.531000007886331060e-01,4.594558821999905618e-01,2.969749030014040558e-01,-1.339340065608828900e-01,3.861007241979173554e-01,9.487810969897485514e-01,8.316577819645931680e-01,2.198749011428190459e-01,6.588513087866333384e-01,-3.488246674778925915e-01,6.961712784578687474e-01,9.083776288972572610e-01,9.424259979887714689e-01,5.599345943191341712e-01,9.646104322586155355e-01,7.119999530352159045e-01,3.986162599430456144e-01,8.676533094995431128e-01,4.686303232474878788e-01,6.899117878744362997e-01,3.702853653012504465e-01,6.434914902758341881e-01,7.491449675688205412e-01,6.859698306174895066e-01,8.902429543580743232e-01,4.555300448551908854e-01,8.427086975541380198e-01,4.090859228834993200e-01,6.027809563524720859e-01,9.462591257422745539e-01,7.705582374868349405e-01,9.424107005143088633e-01,-3.942351101310737072e-02,4.714878131508330461e-01,9.681743636231723293e-01,9.309148340630637453e-01,9.506917691354735966e-01,6.136278518668056847e-01,4.869238055836775936e-01,9.549917924389774715e-01,9.656870493952987022e-01,7.381457658885260953e-01,5.123479667973565022e-01,6.373662285017137608e-01,9.349039392509820301e-01,6.836971756753303930e-01,2.205365068917864435e-01,3.432165554363326709e-01,9.067583630323240440e-01,7.946665854116543581e-01,7.986311987276417668e-01,5.996156462055109992e-01,6.468044774754757587e-01,5.046155897917966593e-01,4.005308131578985686e-01,6.767681118036009691e-01,2.735704839384155984e-01,4.562203153322855198e-01
9.278643332412315203e-01,9.172087528375117982e-01,8.639843533775799500e-01,6.898911253459154569e-01,0.000000000000000000e+00,6.520681488552095839e-01,3.745285320981801558e-01,2.447868101017332265e-01,4.937477650878567270e-01,7.822596345047159172e-01,8.779443060144911382e-01,7.979914978342705911e-01,6.751671440395654589e-01,5.673200312671077272e-01,7.312034353639909057e-01,9.923607931648621427e-01,5.049526301013381735e-01,7.050241662882439364e-01,5.434403376458956103e-01,9.957476745455480505e-02,9.605288433865329933e-01,5.006154529558919375e-01,4.587780871102539737e-01,6.383641626993662443e-01,7.433713859557258274e-01,2.491715771284647718e-01,4.218781965319529648e-01,7.397231896469911305e-01,2.903674224153703354e-01,2.761264559665259632e-01,2.652538598222233812e-01,5.229337417487304185e-01,5.528828465123194480e-01,7.150116241442993070e-01,9.327566897275242352e-01,-1.147299127290777876e-01,3.735236744917309615e-01,5.146836537147737589e-01,5.461269950095959391e-01,4.996942655573249903e-01,2.776962228245140607e-01,6.187410384565547039e-01,9.214823211620282173e-01,3.523442531137755407e-01,9.260360592216003717e-01,7.439110780312838678e-01,6.907951859337864153e-01,7.310090981559719259e-01,5.637453577776895264e-01,4.295362791873940655e-01,2.886995604977791174e-01,5.904399896053035279e-01,7.696876261996511426e-01,6.702492795005636772e-01,6.084392270881725517e-01,4.959422560674227043e-01,6.685975414400975314e-01,8.623106612532138726e-01,6.389811996059029386e-01,5.312371680952249209e-01,7.778468079320668416e-01,6.492067874187833487e-01,6.237342873495522744e-01,6.879478660400898393e-01,7.626105351791763187e-01,6.439633567082453380e-01,5.761120716744905224e-01,7.352909349724416899e-01,-7.477506491949625911e-02,6.624152703870815895e-01,8.443945902180916008e-01,7.917517798940787443e-01,7.307389148378722332e-01,6.899986228323404802e-01,4.080002223029471908e-01,8.005657432798217732e-01,6.784803193274717703e-01,2.043664016209584544e-01,4.061781037723013466e-01,2.018134198212006569e-01,5.380251538822483637e-01,8.961380450421874144e-01,8.972867857980293405e-01,1.350953636335273933e-01,7.895154666247028441e-01
8.808265874197983569e-01,5.633723519616253839e-01,5.191173759264894327e-01,9.272966037763552549e-01,6.520681488552095839e-01,0.000000000000000000e+00,6.861895954680371501e-01,2.439130189060941534e-01,8.942254037537181732e-01,6.012381406545548312e-01,6.112422989669692441e-01,6.450059710300055649e-01,5.116104843588532569e-01,5.972886206629447470e-01,8.116203982916916360e-01,7.440697123538038138e-01,8.102315967061655133e-01,4.340281971456916299e-01,7.577731228311800349e-01,6.213260883422604408e-01,8.266341739239015940e-01,4.314849637375682834e-01,4.666348622408123537e-01,1.187947233103375244e-01,6.915648363442691293e-01,8.148173290807531055e-01,7.727966193284516727e-01,-1.163173751605883766e-01,7.228772627981138177e-01,5.082462771276886615e-01,3.680351409686040687e-01,6.579687602545590819e-01,7.554179666885099120e-01,8.843356210422919084e-01,4.636954050096959157e-01,-8.913270564940002638e-02,-1.875696665194792612e-02,5.960172542971465814e-01,7.065807715817475909e-01,6.028134693701946434e-01,4.046364017930215162e-01,4.647231283885903119e-01,6.887536520548934726e-01,4.895664686795504483e-01,5.421603429136783170e-01,6.958111816046019804e-01,4.571795822455688718e-01,4.658873354968339209e-01,2.768509003103906130e-01,7.878089613104377609e-01,6.376717466486316876e-01,3.970861909098036824e-01,4.199784132509919443e-01,9.294577383996660558e-01,7.135234213419215932e-01,6.774708257788106813e-01,4.960069213878650074e-01,6.739840656785118789e-01,6.245541286796053582e-01,4.959225075478246314e-01,5.131143600134778771e-01,6.954752754451031249e-01,8.254933207618845303e-01,4.960349429395766174e-01,3.232846344237982894e-01,5.535555160021824461e-01,7.549116344439534831e-01,4.134639988110583309e-01,2.142232095320978913e-01,4.437217474868415668e-01,5.301229649939060984e-01,5.066001810983663534e-01,2.767839540878230808e-01,3.436988108557413879e-01,5.930282376546178735e-01,7.302052536716004960e-01,9.883848821617738922e-01,6.746313905926881738e-01,1.486690985199681236e-01,3.940099208472799819e-01,2.525661385397028336e-01,6.253876552216645901e-02,7.562652213233674869e-01,7.562131702248064968e-01,4.853269011835342761e-01
2.623342962670703327e-01,7.622757497079896138e-01,9.333724020898853668e-01,3.788699258860245278e-01,3.745285320981801558e-01,6.861895954680371501e-01,0.000000000000000000e+00,5.947468156826560826e-01,2.356402068652374837e-01,3.399633173269971387e-01,5.629344782988877638e-01,3.651890325816592453e-01,4.540453965855642537e-01,4.413397006120091115e-01,7.326269874553955619e-01,4.986619615208187084e-01,2.185181159546664142e-01,2.584562631036044916e-02,4.130883454005845334e-01,7.898472929115543106e-01,6.527946923754226471e-01,7.335642398411554854e-01,1.209375960279705231e-01,7.230896227041900826e-01,9.905260955956000091e-01,4.332967353665997945e-01,4.907088264749934203e-01,5.615705897741651853e-01,4.506955570396966038e-01,3.032643292252276135e-01,3.451787603665710247e-01,4.905155087687446680e-01,3.842973491670034214e-01,5.143768875824146214e-01,5.710665153817806594e-01,2.113195114901362248e-01,1.824491211044381722e-01,2.715304128512425752e-01,6.724962214016434459e-01,5.224140901565087480e-01,4.169654625792210134e-01,9.386906347741219570e-01,5.595435711505860610e-01,6.057607194416512186e-01,7.262396957085974769e-01,6.998904035210810060e-01,5.535485203317005443e-01,1.153165870468963877e-01,3.668705184432141664e-01,7.883564234069662113e-01,3.646822607225874702e-01,5.581876714095569403e-01,9.232400342173731067e-01,3.523454164596518945e-01,6.200523784797185023e-01,3.025220932203542823e-01,4.729459854742054659e-01,3.563262318837184806e-01,8.894488507580216030e-01,2.994317998556661475e-01,5.735528983216134913e-01,7.319587040612178797e-01,1.687585833777995314e-01,9.402885245093967059e-01,8.956750638416550725e-01,3.582021957913437693e-01,2.952301575179882565e-01,6.663882920313199953e-01,7.917017901258172063e-01,5.935221418985698882e-01,5.816145972937588615e-01,6.693444681018509979e-01,3.851037897036305169e-01,6.932623039844640900e-01,5.091466019625771056e-01,5.689379280551838391e-01,7.784595138010861337e-01,4.860577702618107399e-01,3.909600592243608341e-01,6.853064829599937458e-01,4.699642899376045291e-01,5.688026421844789571e-01,6.972278815335732904e-01,4.661287411387851076e-01,6.757800121476501554e-01
6.650817444361725173e-01,3.042266429276724304e-01,4.149055787216247015e-01,7.869899335773709037e-01,2.447868101017332265e-01,2.439130189060941534e-01,5.947468156826560826e-01,0.000000000000000000e+00,1.868143608623253904e-01,5.233975535227898268e-01,7.760301655748919059e-01,5.466035650639475829e-01,6.004045030102085345e-01,7.880706775264880726e-01,2.790853068197899356e-01,3.908509809087193920e-01,8.629650620991654586e-01,6.531994044335781568e-01,6.015970790969240589e-01,7.655473126463872013e-01,9.284595354229858710e-01,6.530671578725113502e-01,5.285004275166834686e-01,9.119877650082305331e-01,3.291700470328436934e-01,1.020837187487356607e-01,8.054891013493358232e-01,6.074935693369397649e-01,1.192160006083054224e-01,2.048828015458540874e-01,3.208727150755979474e-01,5.469618275820247177e-01,6.251148250044095134e-01,2.178930027579374373e-01,5.039049517808125156e-01,3.013015655043481122e-01,-1.679728587994422651e-01,1.952232379287455466e-01,8.639459199019110525e-01,4.329257525901301640e-01,2.873313957928655960e-01,2.835050468114468369e-01,7.494285240356783895e-01,5.528788343568118852e-02,8.765090457832556137e-01,5.466842344387282671e-01,3.943155588046134974e-01,3.725127970379381592e-01,9.390799384060112276e-01,6.058235049496569768e-01,3.315349905119903684e-01,5.543677795424757360e-01,6.539078125854822510e-01,5.420900979502389916e-01,9.910898641542402743e-01,7.018573660462286146e-01,2.670263107094526522e-01,6.143688190623339818e-01,6.663278217865986619e-01,4.156458898651870237e-01,7.583795582612544717e-01,7.700358396950882645e-01,6.722985049411960290e-01,9.653394347185861868e-01,4.718280330177143100e-01,4.668533606987015361e-01,4.475454014959407423e-01,4.976675976205863772e-01,6.960432683029884604e-01,5.016662804183443791e-01,2.145655148640025767e-01,7.975860758554269569e-01,3.612668356159431937e-01,5.130680830827252237e-01,3.897931760918288413e-01,8.225115688782554113e-02,3.797506850628228348e-01,3.685232103130595682e-01,4.631223189396815321e-01,4.212397303613190092e-01,5.919864501341499663e-01,7.719548040907859843e-01,7.470998759342308837e-01,1.641820262580370449e-01,7.460828256497350486e-01
2.289517367049447027e-01,4.350823901072901068e-01,9.417324446040302721e-01,2.414121938606012541e-01,4.937477650878567270e-01,8.942254037537181732e-01,2.356402068652374837e-01,1.868143608623253904e-01,0.000000000000000000e+00,6.500664004791367745e-01,5.572986851574668332e-01,5.994949314857473954e-01,6.996539496874898401e-01,9.439614228337269708e-01,7.454804018741735261e-01,7.240860937760441596e-01,9.557325204683103648e-01,2.088308312849067316e-01,4.393615678401649460e-01,5.269025596349075080e-01,9.851215350506083990e-01,3.960969980777528932e-01,6.749868344184734026e-01,8.211568739001745554e-01,4.494588385358443960e-01,4.807510611117542521e-01,8.491794959304140855e-01,5.641282221119020557e-01,3.260673675994477660e-01,2.999993910848192669e-01,5.130013844884461216e-01,-1.592659029394617454e-01,7.813882330977814927e-01,5.281999988352078512e-01,2.948552625878496647e-01,-6.052060443118453814e-02,1.565050994839621568e-01,5.972567490442453053e-01,9.162932527394891391e-01,7.760239088470983759e-01,6.679994051101204589e-01,7.816169891034094874e-01,2.532793734867881952e-01,4.876795892684517297e-01,5.399756106791199217e-01,7.477248996756269417e-01,4.210341106733633820e-01,5.562695331425965284e-01,6.434237853580058175e-01,4.997915733609116229e-01,2.272897779121657580e-01,4.806655317646975067e-01,7.139508529825712158e-01,6.808111916077896897e-01,7.244006578262052187e-01,6.374488548823086242e-01,5.617122849290510089e-01,7.790474895015596646e-01,8.090742888273765310e-01,5.700601295394827073e-01,2.764510393540473010e-01,7.791901579717457338e-01,5.808770352021441763e-01,9.705632627540466961e-01,6.266057711414348974e-01,5.290555408501455004e-01,2.124187720517951850e-01,4.690509645326235155e-01,6.584917598921886661e-01,5.476263489610440072e-01,5.341486819324230417e-01,1.033678743634249275e-01,5.143983016380441198e-01,2.900521146828936025e-01,3.872429871767445464e-01,5.072536560795216642e-01,3.424743091945544604e-01,6.580342460732033771e-01,5.586843501369452847e-01,1.872569637672990006e-01,3.063179552752347545e-01,6.629364501576744395e-01,8.677016258868525123e-01,2.312286696310320300e-01,3.355097289024865370e-01
8.609713531034408618e-01,-1.042836611438241468e-01,9.856328767602419161e-01,9.472895023925524960e-01,7.822596345047159172e-01,6.012381406545548312e-01,3.399633173269971387e-01,5.233975535227898268e-01,6.500664004791367745e-01,0.000000000000000000e+00,6.357015160177760249e-01,-3.511477109224030446e-01,9.966069496924623294e-01,6.246332560686441715e-01,5.836761486234278706e-01,6.262350729376980896e-01,5.199432725346778694e-01,2.489636629071569907e-01,8.588331588870540267e-01,5.924159994825608511e-01,4.194603684281972278e-01,6.682719213139167724e-01,7.209252751718010499e-01,7.085829018484002262e-01,3.170611285518680211e-01,5.832377198306236687e-01,4.342641298585601661e-01,6.284199972607891205e-01,7.473810281380517395e-01,2.258807917248359387e-01,2.988361471246886447e-01,4.445811039896457317e-01,3.933249032585079408e-01,8.830221773455310119e-01,5.481641232490576110e-01,2.374878871209837039e-01,6.046597291578255373e-02,7.529590346800751899e-01,4.765541756967384690e-01,9.486671711761970327e-01,5.275663514492905382e-01,5.136822131480537346e-01,6.291194876741309505e-01,4.518641714286271704e-01,9.917058438944215126e-01,7.959685592963752221e-01,6.399480515765675337e-01,3.623062835125235304e-01,8.483173491704883995e-01,9.656705341325717562e-01,3.212029621518718292e-01,9.268059310862323263e-01,5.608467820425170336e-01,1.560244827813365154e-01,8.482838677896757940e-01,6.102277358093196602e-01,2.913729906555198590e-01,7.182100139741524059e-01,9.068439778783358163e-01,2.532340761068816448e-01,1.924215516399439135e-02,8.850824982603666680e-01,6.455568146856887068e-01,6.214812727682119675e-01,5.778607349555527906e-01,6.771494909732516110e-01,6.293302717593189932e-01,7.737151386659266716e-01,5.179717967936394718e-01,1.722129940744678567e-01,7.331201954268971033e-01,4.583017597406666699e-01,3.775709728547855804e-01,4.767201321015317461e-01,3.397584625182690221e-01,5.930983452015277102e-01,6.866150227903059511e-01,3.538708707975429801e-01,4.717474079539132337e-01,3.423825998096114986e-01,2.704586003251145954e-01,7.756043295775758573e-01,6.805786835739991991e-01,4.720704306812112949e-01,5.692137155485175182e-01
7.651571213244652281e-01,4.831947237338179435e-01,9.326209306993862302e-01,7.104473673760036689e-01,8.779443060144911382e-01,6.112422989669692441e-01,5.629344782988877638e-01,7.760301655748919059e-01,5.572986851574668332e-01,6.357015160177760249e-01,0.000000000000000000e+00,8.312169466192195211e-01,6.282424835504646365e-01,7.371339795878503187e-01,5.231898068357441201e-01,3.122691628806414377e-01,9.553585220542194500e-01,5.742511048280457553e-01,7.575867317088001984e-01,9.257576559842223274e-01,9.374035619943399400e-01,6.490793661829070971e-02,3.782192307697185840e-01,8.517515141864060446e-01,7.713824431223967881e-01,4.653783979847443963e-01,7.125372636131376280e-01,3.354706172123531061e-01,6.253434424970745198e-01,4.983796892281150970e-01,5.396573683488663925e-02,6.999411252570282294e-01,9.154283170983130713e-01,6.237850286789373699e-01,4.124416566863359224e-01,3.947721181795265100e-01,4.977217276440046301e-01,5.689311713843944185e-01,4.709781908858731714e-01,6.816027750841230359e-01,2.041459375231535756e-02,7.967075966734907810e-01,1.916389121177597965e-01,9.106799329069212856e-01,7.057228226893283995e-01,4.085070357625566473e-01,7.492200376509325910e-01,8.994085049174778135e-01,7.299485459133697729e-01,6.969874404621905217e-01,5.443009590620480065e-01,4.849781719976102856e-01,2.821436412748558609e-01,3.091702315854327199e-01,4.415810867858906419e-01,6.242751418259274709e-01,7.461612418717729067e-01,2.812976808674896856e-01,2.551943163760927447e-01,1.027338229005665404e-01,-1.512609394422070319e-01,7.800337306794645764e-01,3.615057280828981590e-01,6.467477986726228867e-01,4.838578572837001213e-01,7.597457165400147705e-01,3.054527259329797295e-01,9.661592039098013673e-01,3.831328218422320186e-01,7.210301854913567787e-01,7.153292463102784993e-01,7.211207236143541977e-01,7.127264309641143658e-01,4.025308820632550466e-01,5.191947961933818245e-01,5.671408959060982857e-01,6.172448801487208092e-01,6.949752211028450977e-02,3.843675256006513496e-01,1.123280712849975133e-01,7.507881527957804835e-01,9.656251135641824579e-01,8.399487460791887905e-01,2.392351527618941376e-01,5.999060707843300033e-01
8.872128520951078068e-01,2.245656819039075769e-01,5.646364041273090884e-01,6.836043310441001220e-01,7.979914978342705911e-01,6.450059710300055649e-01,3.651890325816592453e-01,5.466035650639475829e-01,5.994949314857473954e-01,-3.511477109224030446e-01,8.312169466192195211e-01,0.000000000000000000e+00,5.169954890281156512e-01,5.100333625615128819e-01,4.098710993145855408e-01,3.539478393485863128e-01,7.335831687602186735e-01,3.511382724310582182e-01,9.640619017422311643e-01,7.653232544564367856e-01,8.191617459462420259e-01,1.166045533580321591e-01,4.818442414461504564e-01,9.731722915219049863e-01,6.721636977862895934e-01,4.135210879146067331e-01,6.267488889654075912e-01,4.984900516495157641e-01,7.933289269337922001e-01,2.318868299033345903e-01,3.503285570918814318e-01,4.665884186854336590e-01,2.332815262119824484e-01,5.471562238943479262e-01,4.311831122262045346e-01,2.183426374404585091e-01,-1.424595596063323588e-01,5.577663578772324993e-01,5.837945969641000765e-01,7.186655730417003118e-01,4.577933775878335609e-01,4.439367825900256692e-01,2.015739006420216028e-01,-1.326758878308273437e-01,6.190759185264959052e-01,3.714289658041655118e-01,6.765354571652206772e-01,5.057678601409508756e-01,2.746592794567349616e-01,5.355717007108785621e-01,3.708215479345995380e-01,2.968978345845266209e-01,7.058072123578871260e-01,7.444019554279225348e-01,4.733779714588934873e-01,9.695136280919031124e-01,4.059756182940177371e-01,4.499083525829286612e-01,8.462891632761180283e-01,9.381959115081917044e-02,4.172482226835586561e-01,7.347826017788554598e-01,6.054515905133009968e-01,8.586814189759363058e-01,7.295170681372440402e-01,2.884153133395044866e-01,6.602834757110443986e-01,4.684370281573776995e-01,7.863141635325285872e-01,5.298747343142080624e-01,6.072593950892792858e-01,4.270915891014493426e-01,6.364905395012147027e-01,2.960600811071870120e-01,2.718031124612054761e-01,7.576075424769268540e-01,9.057880547950790673e-01,2.326721785730788972e-01,-1.132948263675133960e-01,5.290684620891925594e-01,4.989068052398850650e-01,8.400214113502353364e-01,7.278911817632837122e-01,4.628871279993136412e-01,6.049853887799014895e-01
9.406608184625169233e-01,7.540561047824976271e-01,7.754696060699075577e-01,5.002281878637534485e-01,6.751671440395654589e-01,5.116104843588532569e-01,4.540453965855642537e-01,6.004045030102085345e-01,6.996539496874898401e-01,9.966069496924623294e-01,6.282424835504646365e-01,5.169954890281156512e-01,0.000000000000000000e+00,4.305887728156034266e-01,4.667764362811674950e-01,7.412455529299470935e-01,4.360765732898403968e-01,6.880357570658932609e-01,9.438415187266233630e-01,9.376817194684611279e-01,6.276010489982535301e-01,9.406299303067950923e-01,5.138576218275786589e-01,9.384075957889950192e-01,1.879298505427349220e-01,8.570733636842843284e-01,6.277792068647592982e-01,6.270125852980120706e-01,7.715767051741531102e-01,4.401272058739984505e-01,6.018655152738344727e-01,6.811271330760224618e-01,9.894812008849560581e-01,3.895670632917948017e-01,5.635806222398133114e-01,1.927446322007300705e-01,3.529615992766510502e-01,6.611828627387583701e-01,9.288430277003986157e-01,4.895156041384051138e-01,5.131484569440145638e-01,3.886371080731326061e-02,9.271073593997991580e-01,7.769522447884527061e-01,6.766641167620677244e-01,7.143073989347139552e-01,5.520707552720510725e-01,4.685289199407844940e-01,4.466304441646738455e-01,7.941043081194841813e-01,7.888947475587563263e-01,6.762944829182111484e-01,8.164185847168332621e-01,5.484234420526008513e-01,6.647928772634396077e-01,8.986528389312986587e-01,7.936317038299940396e-01,6.944685161409868135e-01,6.951805895786905554e-01,2.043488464578259167e-01,3.905417234343956934e-01,2.165257198878783595e-01,7.530596407669177816e-01,-6.185452451261866380e-02,8.643158346454364871e-01,4.068258732367988628e-01,6.130227474607770066e-01,7.226250087692237534e-01,5.771062135117019931e-01,4.726496089549132584e-01,3.782849305414209828e-01,3.742773247597229735e-01,7.108617228894776874e-01,3.119965974476625048e-01,6.056320299254612793e-01,9.988300306360688996e-01,6.595085325904295193e-01,7.931136969749364996e-01,2.347137261207181760e-02,3.328223891442608218e-01,4.568358487487089725e-01,7.769321682142252827e-01,6.525448210414825922e-01,2.274947246035182169e-01,6.738059566879496254e-01
7.304617048595659634e-01,8.003479246723959051e-01,5.374478137318405846e-01,7.163324459795025190e-01,5.673200312671077272e-01,5.972886206629447470e-01,4.413397006120091115e-01,7.880706775264880726e-01,9.439614228337269708e-01,6.246332560686441715e-01,7.371339795878503187e-01,5.100333625615128819e-01,4.305887728156034266e-01,0.000000000000000000e+00,5.445098111928045048e-01,7.667116917849539082e-01,4.740707908139000226e-01,4.369215047416563635e-01,4.438521990434463604e-01,7.200181639324074734e-01,5.828706027714938287e-01,3.952413428246049909e-01,8.186044475827989331e-01,6.967018333677660324e-01,2.890151792756945892e-01,8.416939552690098081e-01,7.869564704528064780e-02,8.388482279093013583e-01,5.913817277644710657e-01,9.116795483949634293e-02,4.331362965362453021e-01,5.599669140517941068e-01,7.706284512553744914e-01,7.389270021040972303e-01,9.149358263168455574e-01,3.766148938064566298e-01,4.117199993347506748e-01,2.575019187986585800e-01,9.910029533433082349e-01,6.969534595659641063e-01,4.895908696234747004e-01,5.545549852465380125e-01,5.357171405055028979e-01,-6.193029154924040158e-02,6.012344124736735962e-01,6.119989795101133945e-01,7.284313387131389206e-01,2.766905029318898063e-02,9.794452364771993880e-01,7.171873032686557625e-01,5.938442512046450128e-01,4.105143232435484180e-01,2.875401512016267924e-01,9.892031725391259300e-01,3.125291377430680084e-01,7.473523296161946883e-01,7.112090055453715864e-01,7.843313363451716036e-01,5.040368769138813265e-01,6.731631735364786984e-01,7.717649647960559411e-01,5.486690773588481784e-01,4.170225776783946237e-01,7.488046260300702528e-01,9.294885762983577937e-01,7.586595563516075336e-01,1.205318432948769281e-01,9.047335149943399601e-01,2.238147060988456838e-01,6.026026069851054823e-01,6.839662424302870303e-01,6.241635779790285499e-01,6.147387134449294743e-01,8.692976740542264491e-02,6.465053310218873417e-01,6.979609976426607298e-01,5.872549853005518683e-01,5.147204980098396554e-01,3.991766463149826541e-03,4.783170032478785694e-01,7.535712438100755639e-01,8.647786169631220821e-01,6.134432573048073101e-01,3.835751758429869485e-01,8.593912763473315897e-01
9.059218692743941093e-01,6.995211745184221064e-01,7.388993315700217446e-01,4.861048943557328972e-01,7.312034353639909057e-01,8.116203982916916360e-01,7.326269874553955619e-01,2.790853068197899356e-01,7.454804018741735261e-01,5.836761486234278706e-01,5.231898068357441201e-01,4.098710993145855408e-01,4.667764362811674950e-01,5.445098111928045048e-01,0.000000000000000000e+00,6.142292818448810143e-01,7.971612750581951179e-01,1.518653081953661721e-01,5.172993002451439226e-01,5.848226661082260858e-01,6.477322814008840135e-01,6.984584377230896868e-01,6.382937066594273068e-01,7.929826071511443253e-01,5.168908022028646521e-01,7.869507744296408980e-01,9.496787430689294096e-01,2.061087813978255689e-01,5.358237878265122989e-01,5.284648978214776527e-01,5.416577915822636813e-01,9.417830275454613931e-01,4.322914704219240067e-01,6.576484984204153950e-01,4.685881158298314531e-01,4.233107622504685419e-01,5.003368275334723059e-01,6.512988543366589056e-01,3.470321339330089128e-01,9.003611642278770422e-01,3.382099472096493642e-01,5.996445958973872781e-01,3.761842288547634361e-01,4.349943501059623241e-01,5.785756040917573451e-01,6.857478308600637451e-01,3.453632909297277287e-01,3.281529795626729751e-01,5.741116554469357647e-01,7.958465077485636918e-01,6.342244926271336514e-01,2.656039689391053726e-01,9.872219637299283201e-01,7.324905084749808726e-01,6.167289136500418989e-01,5.751394300536343263e-01,2.731106457710970603e-01,4.977985843664226584e-01,5.341399398232780094e-01,4.405950580709930287e-01,1.201943696105156612e-03,6.667639732205159486e-01,1.876859209564370190e-01,4.726374014767391607e-01,9.129597343840850643e-01,5.036048403682243935e-01,7.371158859813944364e-01,7.365364497930072529e-01,6.026454715120281858e-01,4.472440145958100355e-01,7.527502675121569009e-01,6.515979540253055147e-01,5.002184728344974962e-01,6.275844609933373119e-01,5.838649050435498200e-01,4.147329308872349518e-01,7.623189966988096478e-01,7.523353023652099569e-01,2.340307987321358918e-01,5.925873508401827139e-02,1.931855021064597944e-01,8.059745470762279540e-01,4.587372627726839514e-01,6.530787184934557787e-01,4.625530439757256640e-01
9.268102847808628031e-01,1.415971132262441590e-01,8.536046807400726744e-01,7.703563405208100345e-01,9.923607931648621427e-01,7.440697123538038138e-01,4.986619615208187084e-01,3.908509809087193920e-01,7.240860937760441596e-01,6.262350729376980896e-01,3.122691628806414377e-01,3.539478393485863128e-01,7.412455529299470935e-01,7.667116917849539082e-01,6.142292818448810143e-01,0.000000000000000000e+00,4.155920371951647985e-01,5.806309923174929333e-01,3.825198758384761866e-01,4.803178918694452904e-01,5.779400840476287549e-01,3.316924763695623390e-01,6.392539524464015965e-01,7.106694713753013426e-01,9.997012852642738201e-01,7.919926610269971690e-01,9.302794932665163774e-01,7.822230449871170332e-01,1.451824465887692761e-01,5.354926935398957033e-01,-1.596703251410031832e-01,5.699278292978602334e-01,6.284962684921878706e-01,2.579375915758990168e-01,6.767504942391585621e-01,4.268970896151723649e-01,2.864879407919718179e-01,2.256988844681701023e-01,7.842148610935300024e-01,6.525143897774060564e-01,5.576628620801520331e-01,7.410031523304592138e-01,5.082653308917964852e-01,7.509719087747346311e-01,4.199244516829224727e-01,2.831779870422807543e-01,6.499428340268572635e-01,1.149174724448982603e-02,5.890707500003933283e-01,5.609323424435008754e-01,7.166291733590134383e-01,2.021051068761286484e-01,7.134594156146042421e-01,7.595029337041870887e-01,8.100966620808301988e-01,8.193887341644670030e-01,5.316596269587291479e-01,7.554626815819385222e-01,3.445179639186971565e-01,6.838787923815967673e-01,3.384017691399850980e-01,6.660018032804184696e-01,8.127126070781178768e-01,7.632019073588904856e-01,2.585151508037747403e-01,4.720091310909179660e-01,7.356845289384068565e-01,9.546828125473034721e-01,7.327508044831277934e-01,4.004419993248490295e-01,5.354925027773573820e-01,4.521491811541639705e-01,6.507181078977237743e-01,6.704583507447978707e-01,4.499923024242744041e-01,-1.864120145897559255e-01,8.444190135361888672e-01,6.546938434845728239e-01,6.542022040860185905e-01,2.584514445647008163e-01,2.912268142547385641e-01,6.196920892466859510e-01,7.052317432309863632e-01,6.556892194262304852e-01,8.490934190053376351e-01
4.090728391887693549e-01,6.659890639571216520e-01,7.289491015085793890e-01,9.526603611642284752e-01,5.049526301013381735e-01,8.102315967061655133e-01,2.185181159546664142e-01,8.629650620991654586e-01,9.557325204683103648e-01,5.199432725346778694e-01,9.553585220542194500e-01,7.335831687602186735e-01,4.360765732898403968e-01,4.740707908139000226e-01,7.971612750581951179e-01,4.155920371951647985e-01,0.000000000000000000e+00,6.651293843643281134e-01,4.020637645126634574e-01,5.491181702904659456e-01,5.430990711127169357e-01,6.121090546220110395e-01,5.195591090934834622e-01,5.198489747879574407e-01,5.142920470111866926e-01,6.812856606299693141e-01,6.077065883026423476e-01,9.254323526959555846e-01,5.953629242325484405e-01,6.335046496163895258e-01,5.924790537764061948e-01,2.962613942514560339e-01,5.811111463980939140e-01,4.326569226790946687e-01,9.294229710270323075e-01,3.550870147398377807e-01,3.475133427806286202e-01,3.682884701070825995e-01,7.009209024745298722e-01,9.249839727243783782e-01,-1.189910798498575173e-02,7.684764612173193843e-01,6.997962546679081797e-01,6.637902458812410256e-01,5.848520918739343877e-01,4.381996434751417313e-01,9.430874061286426135e-01,8.267488728516427798e-01,9.003855041633288536e-01,7.442700674122861848e-01,7.038792710329626612e-01,3.445330921798820389e-01,6.240589382849979216e-01,7.101643856904864271e-02,8.346453698424496359e-01,4.223381499676252537e-01,4.854724318575508457e-01,5.097763947595681522e-01,5.217584532646939444e-01,5.317366995313389522e-01,2.351120901201652624e-01,4.736695063679909334e-01,8.352598457966105006e-01,8.173569206047506253e-01,8.977043062328111667e-01,4.067812565049174212e-01,1.086158239970417133e-01,6.887698525752806722e-01,4.767494184427014670e-01,9.755505339365273532e-01,9.466862699855901342e-01,9.651430792994424301e-01,6.777991542818395665e-01,3.695152222394484376e-01,4.679772902398937062e-01,8.535401891257560214e-01,7.227495218730877191e-01,6.988789922086963147e-01,2.193123143071707137e-01,-7.622220988638817030e-02,5.671536971099592206e-01,6.656315231929481602e-01,7.368863710591014859e-01,5.807130282242998348e-02,5.336734458353235011e-01
8.525414280943508505e-01,5.035883582605665820e-01,9.241189037437251841e-01,5.155842268299059006e-01,7.050241662882439364e-01,4.340281971456916299e-01,2.584562631036044916e-02,6.531994044335781568e-01,2.088308312849067316e-01,2.489636629071569907e-01,5.742511048280457553e-01,3.511382724310582182e-01,6.880357570658932609e-01,4.369215047416563635e-01,1.518653081953661721e-01,5.806309923174929333e-01,6.651293843643281134e-01,0.000000000000000000e+00,2.790553797979133943e-01,6.632673448163092234e-01,2.808092011223909945e-01,2.775663341316465527e-01,3.652771848640889996e-01,2.413097316110443535e-01,2.854773104369423553e-01,4.909151953575792149e-01,6.100094072288294589e-01,2.990121221428943543e-01,2.451332966829826154e-01,2.780509306396293789e-01,3.351398383647508639e-01,2.894483788016345982e-01,5.421313387257243877e-01,6.593977330389635405e-01,6.228227445701670639e-01,5.141102978426362879e-01,7.092432072236263263e-01,3.206360682469001078e-01,4.010844280827891017e-01,5.422633762811364111e-01,6.048107823456029264e-01,4.625551930098114051e-01,7.987339559419699420e-01,9.797278789560011081e-01,9.920208572213116138e-01,7.578313601985957604e-01,8.378700253898472283e-01,6.810513697840741010e-01,6.387056224614284794e-01,2.867574667751881523e-01,8.708225441011978596e-01,5.330418006085788640e-01,6.605743433063255843e-01,1.019092432482381905e-01,2.516215292019232663e-01,4.762486796327667360e-01,5.607641614650391571e-01,8.497343506285117698e-01,5.649481815989159106e-01,7.674112351449348113e-01,5.408898365652469176e-01,6.250931938106447650e-01,8.271560280409949728e-01,8.899784913472911230e-01,4.724832761570654238e-01,3.539054214579425706e-01,3.892866340733760477e-01,2.479448433586676770e-01,6.530404949613639598e-01,4.296336304237405312e-01,7.024576758485093775e-01,4.942732891203732160e-01,4.822365783425504038e-01,9.816283203613074618e-03,6.054697838365252771e-02,9.711360512867663886e-01,7.514430301372969634e-01,9.906317316168464782e-01,3.202416559332047497e-01,5.326001551225377773e-01,5.117504377137194194e-01,7.069339039417050774e-01,2.117503475057247175e-01,-1.724480091765958900e-01,3.258207317715797746e-01
