0.000000000000000000e+00,8.092762305216879559e-01,6.767833717272837557e-01,8.730571600062644322e-01,6.204922652212045975e-01,9.967919926265113029e-01,9.633773312174004344e-01,8.502561418006036043e-01,4.978309264858042926e-01,7.569008821932343700e-01,6.954270542619812590e-01,4.419758512693032215e-01,6.840457465430626049e-01,8.294486102172624609e-01,6.123029772744057464e-01,7.560721131566585651e-01,8.388495102977504558e-01,7.027947579252574739e-01,6.329786769639034194e-01,6.451068283655733149e-01,8.892851394003433718e-01,7.307018583008292323e-01,7.812883395729838254e-01,7.629226831603759251e-01,4.767479008397547124e-01,8.275500562973716612e-01,7.735637196002247418e-01,8.906316182797342496e-01,3.866535132181881940e-01,6.944653217500917908e-01,6.762768095644604294e-02,9.183411294238812417e-01,7.780047745222078426e-01,8.804576733110979214e-01,2.242663219769171212e-01,3.685104963234354658e-01,3.692131284209525521e-01,8.138897414662742413e-01,7.349931059658827426e-01,9.140888878082094049e-01,5.784607690069336616e-01,9.030508402136963042e-01,7.563229727662752477e-01,6.678385676607391241e-01,7.793907375592965536e-01,7.364735099479484681e-01,8.623000880847264682e-01,7.742949156453183823e-01,8.225204676883758337e-01,9.236462485086889274e-01,7.711178752471737896e-01,8.071535343838872611e-01,9.686695184974819517e-01,8.961924841806370168e-01,9.212783967948412478e-01,7.436315178884301824e-01,1.707611685786102895e-01,6.496323756914362813e-01,5.047670551266688621e-01,2.463139058916947455e-01,5.799964185142033601e-01,7.713517691402689280e-01,6.335149303935501131e-01,8.470841525793323390e-01,6.399595241189108830e-01,7.124240788240786548e-01,7.054744909895677152e-01,2.004879186046488460e-01,4.161023896262187050e-01,8.106164073086679078e-01,9.187394547626206442e-01,5.902110574724537262e-01,5.446881069412961018e-01,4.958173328406622615e-01,2.624295928525954835e-01,9.454590279530120656e-01,9.689466168276053004e-01,7.571651905102187996e-01,3.095136894757812840e-01,5.358500338190960166e-01,4.131213950375464683e-01,8.552327346996975166e-01,8.685556166350443252e-01,2.032448973839867667e-01,5.591968270443152811e-01
8.092762305216879559e-01,0.000000000000000000e+00,8.244479423595736378e-01,2.128328819645705916e-01,4.080049692855391985e-01,6.676676854230394476e-01,7.178094561637012871e-01,7.447008831865167267e-01,5.069830459907773701e-01,6.445377330545974948e-01,3.121430781160340895e-01,3.481923288000425831e-01,5.423776671373028435e-01,9.754040654494909868e-01,5.768122744972938865e-01,8.484804267763341734e-01,9.861173234277422761e-01,2.332050694676488511e-01,9.312983176323764711e-01,5.820956006648365655e-01,9.601846238633792163e-01,4.349568817621689565e-01,4.605583741235774742e-01,8.324013451944578534e-01,4.552654549046967758e-01,4.228578626741525404e-01,6.257697882373143283e-01,6.824591665887043135e-01,5.150390605926926657e-01,1.398503889801599454e-01,5.307704820460499434e-02,5.006080372860792771e-01,5.779928333572155186e-01,7.414581415727579117e-01,5.736005696840045243e-01,6.511477099658473655e-01,2.234026632283133140e-01,3.372080956042684541e-01,9.884916687011660041e-01,7.492209624903745091e-01,5.185696156719195038e-01,8.117607250742254754e-01,8.437331298998392848e-01,6.475435880140358869e-01,4.481891350455435297e-01,5.106391158540257713e-01,3.879898775647107056e-01,6.124972673674885515e-01,1.688711655081026330e-01,5.471622582201099982e-01,1.747083728388015289e-01,7.816910770879863524e-01,6.987987214030029204e-01,4.829248580268571400e-01,8.155151004229073131e-01,6.142635383189024578e-01,6.749877193431734757e-01,9.802962766629932378e-01,7.587323790983203642e-01,5.781063800320379586e-01,7.296480824055543435e-01,2.835742706150845005e-01,9.470338817244448038e-01,8.968977923822093468e-01,5.608983787598119664e-01,3.691522947591341364e-02,7.547301101549173108e-01,5.575240943474880639e-01,5.921205725054131674e-01,9.273094643696477846e-01,4.559789853069016741e-01,6.897656122455074756e-01,4.350284993505211806e-01,5.542914359709082417e-01,3.181129641828913113e-01,1.720170683758287522e-01,2.033552264972098567e-01,8.571042488010833793e-01,5.807557722653885479e-01,4.807821499966947743e-01,7.438812778283304672e-01,7.954492882602890447e-01,2.510074548746473733e-01,2.156760853271740552e-01,6.056708418557503748e-01
6.767833717272837557e-01,8.244479423595736378e-01,0.000000000000000000e+00,9.643313652849054840e-01,4.170378190703423749e-01,3.979349784732472139e-01,7.547295420659231313e-01,9.533882408456385571e-01,8.066016603950755259e-01,6.166388691054049964e-01,9.024446402785537558e-01,4.519248534822030150e-01,7.757284671407465027e-01,7.729406240468260636e-01,2.681356006512550239e-01,8.256170522694661340e-01,5.491833425943812852e-01,4.189531479624520327e-01,6.679728866273437760e-01,9.239098165628331083e-01,7.222375515705033999e-01,6.309038565458495729e-01,9.215616064180975897e-01,7.733835421363099982e-01,7.938535960438648509e-01,6.190531155638061556e-01,7.171183822666875596e-01,5.969216764183196133e-01,3.195236045359357568e-01,6.089925426286302290e-01,3.147228770824937044e-02,6.231998680303280080e-01,7.179849243892467703e-01,9.025668697826941811e-01,9.975890015853391413e-01,5.061977320491706234e-01,9.542560176555664464e-02,6.206879739984139110e-01,7.612146217804087733e-01,9.007382788899302994e-01,5.445355247332293036e-01,5.246308982493801398e-01,4.518169110956132273e-01,2.382722582052668181e-01,6.076112687486657782e-01,7.610388771627738524e-01,4.417798821321024527e-01,7.406397735414423922e-01,7.920712338605998548e-01,8.899174321096811058e-01,9.225994798110705997e-01,2.548060554617500584e-01,5.546999078159832175e-01,7.203837519647510179e-01,3.119134194384527992e-01,7.321304090425112543e-01,4.213009210608632538e-01,8.803645813156786293e-01,5.418672747864299311e-01,5.906570283616620065e-01,3.063000101342875370e-01,5.272061226509177079e-01,6.903436312992845547e-01,8.845416400701769932e-01,8.032775762757683458e-01,7.385769851494845550e-01,8.285310203274597329e-01,8.827673826294878401e-01,6.422962870332947771e-01,5.748964538818396308e-01,8.247648825411900697e-01,9.934282481323546410e-01,3.987815173145675685e-01,1.873688599726968385e-01,9.330581588113864289e-01,8.832098500997919155e-01,5.807194364810140952e-01,6.690266589939150021e-01,5.275162584785250131e-01,4.649636540352733993e-01,8.963649166987285311e-01,6.499334805512116953e-01,7.328929510676984727e-01,5.360906946674965923e-01,5.253187253211643037e-01
8.730571600062644322e-01,2.128328819645705916e-01,9.643313652849054840e-01,0.000000000000000000e+00,6.790480417772626343e-01,5.908201027227755198e-01,4.708225647301215178e-01,2.994803948637037028e-01,9.372767202046131674e-01,5.085143281202807453e-01,6.218605604840559131e-01,9.008912651811774586e-01,9.191899900164880455e-01,9.687419001699719701e-01,1.155902508457847255e-01,5.357328724575951551e-01,7.223188231727112329e-01,8.778141673181365512e-01,4.794378885937004009e-01,5.470600559843349364e-01,9.329096652147683688e-01,6.701359739068352139e-01,6.548029812536778627e-01,6.965103536964636355e-01,3.680777311072744862e-01,7.577836730220045558e-01,2.435905596314980326e-01,7.107674840674225170e-01,3.646882696789776612e-01,3.816713647538946264e-01,3.790684370024535732e-01,3.482697506035168367e-01,7.168263057429954399e-01,9.348810424097258043e-01,4.637261623352415540e-01,5.878121654025306730e-01,2.784117490249764515e-01,6.679844493260955751e-01,7.035466199374090790e-01,9.763136079351790730e-01,5.006585280392048531e-01,6.715962783836444405e-01,5.958130268858146117e-01,4.496162777473686756e-01,4.722405893742859795e-01,6.087925835104713856e-01,8.320896327346217758e-01,5.678308893729969720e-01,2.518941341134255940e-01,5.025479705579079248e-02,7.514663419319088655e-01,7.021678841088964118e-01,8.029512480604349411e-01,4.318299120799811153e-01,6.885771487614918973e-01,9.432353856737211162e-01,9.144524141074545920e-01,8.925524155054723741e-01,6.712946017603537152e-01,3.024351336828371428e-01,5.290660995340811246e-01,5.568793368262745513e-01,9.967925895043894258e-01,4.961669419914279122e-01,4.026831319816814858e-01,7.378321135747876180e-01,4.315565749517505933e-01,8.051365426591499119e-01,6.239752961613197479e-01,9.959759919434872932e-01,4.146196677643373407e-01,2.817267568720409066e-01,3.700998239884821794e-01,2.305326897681395093e-01,5.980101055255124809e-01,6.271573821614097044e-01,8.349522216765865590e-01,2.868167142945600157e-01,5.220705645042209575e-01,2.950429989639505313e-01,4.006857748723515744e-01,5.839348336478851209e-01,4.187546300141778421e-01,2.797494197064462895e-01,5.236853815184322469e-01
6.204922652212045975e-01,4.080049692855391985e-01,4.170378190703423749e-01,6.790480417772626343e-01,0.000000000000000000e+00,6.457407826479277801e-01,4.958027202375174802e-01,3.251252079955460061e-01,5.712139831610436591e-01,5.468799944925166745e-01,7.332063172973151133e-01,7.314341139561868488e-01,7.160549274322193236e-01,4.128298459074639659e-01,7.385759571417277458e-01,9.728735102207395347e-01,8.224953928899696454e-01,2.888890196948001310e-01,7.606297379944001458e-01,7.544246799308637064e-01,6.078251384356957443e-01,7.589459333876273917e-01,5.920198926099566883e-01,7.613866631407386620e-01,6.056438820267207035e-01,4.088146836702326592e-01,4.089154311501528860e-01,6.075567640316570373e-01,2.711290434009385741e-01,4.339227996202492665e-01,6.924832106615856631e-02,6.035196421369251052e-01,4.537865028312508264e-01,3.300691879090429381e-01,7.209305857697481112e-01,2.496349494632670862e-01,4.171957875086434314e-02,8.454765709398920359e-01,4.208526199252911604e-01,5.191830770040783971e-01,4.841289905985761144e-01,7.511821306284540700e-01,8.275205509988143859e-01,6.597876704387294344e-01,8.296674201437347351e-01,9.371562922929911332e-01,5.776328176198110009e-01,6.095127143091927380e-01,4.813382157918812410e-01,4.180170839130011862e-01,5.618399710862238550e-01,4.024253098452544308e-01,2.651791304585341402e-01,6.235550396794098393e-01,9.707432424205925114e-01,7.178916777846936492e-01,6.429978429205072121e-01,4.293408477268866874e-01,5.180601717485253666e-01,-1.426201985202065758e-01,-3.383966914935712667e-02,5.644371556167486759e-01,9.099062549696350644e-01,4.554842765009744499e-01,6.841613213109667413e-01,5.245916519915976295e-01,5.493434359449269611e-01,1.504321010960679439e-01,5.039082053263389538e-01,8.776476006441662481e-01,7.343301822522829703e-01,6.255394362054185198e-01,1.509715472765198185e-01,9.739359148662594945e-02,6.553602107298069912e-01,5.953411667492053416e-01,7.596232505733397922e-01,7.320787663966774605e-01,1.765444881813207564e-02,2.356521838487352083e-01,4.428944007904465630e-01,7.811181441155777838e-01,7.621794019416198163e-01,3.962002510996157634e-01,6.196409640903270954e-01
9.967919926265113029e-01,6.676676854230394476e-01,3.979349784732472139e-01,5.908201027227755198e-01,6.457407826479277801e-01,0.000000000000000000e+00,4.035428708168001255e-01,6.679690294157880626e-01,6.799516953380048134e-01,6.479070690665554855e-01,7.540415142156093875e-01,7.127199596958557759e-01,7.000088055885848037e-01,5.163659641273414813e-01,4.199541979222113364e-01,7.186412782677411570e-01,5.556634925677214065e-01,4.323509333563400614e-01,5.985072374959452546e-01,9.588697748838489465e-01,3.329840943178518087e-01,6.514431187422778935e-01,4.775624669477674944e-01,3.090148044551264128e-01,6.357808903963684255e-01,5.161862817403953807e-01,5.117233721463418927e-01,4.285944884044966541e-01,3.208732245084683354e-01,3.914228486120262529e-01,4.877624687599114717e-01,5.238607566561666040e-01,4.693595975978106516e-01,4.506249741232229433e-01,4.770379913810848249e-01,2.143089984537133730e-01,2.080207931075118977e-01,6.859332105661337664e-01,8.959672905115320107e-01,6.365248447472048321e-01,7.450646561791079980e-01,2.388850733664233394e-01,9.690424862414784846e-01,7.546301988435898389e-01,4.764720850734872615e-01,7.657699804867603710e-01,5.033058777923559157e-01,5.541602093576145638e-01,7.049015096164009675e-01,7.480967736874843954e-01,7.688584523410870730e-01,7.802265828407783932e-01,3.030898982746568771e-01,4.260974054215131424e-01,5.450093236755365611e-01,1.385352193249125285e-01,3.002098537962170077e-01,5.912843299647122519e-01,8.801130807894805841e-01,5.992079289776920392e-01,2.044525500126666284e-01,7.811001971470039607e-01,6.436211581189041908e-01,7.941647936088764848e-01,6.898085481377634887e-01,7.278845931040185402e-01,6.718769057027634828e-01,6.903176400399060331e-01,4.166205398573388230e-01,8.929526746332950848e-01,2.171052953067955094e-01,3.687441569131921226e-01,4.685790117532307453e-01,7.682949003261919652e-01,7.106851784262925298e-01,6.457848744706607969e-01,7.830612974321721209e-01,5.581663307067932234e-01,2.479066227530004052e-01,1.231188116428362789e-01,3.125576348524399806e-01,7.286715506865848457e-01,8.131745962515758430e-01,4.155772556243936267e-01,5.736281600127219882e-01
9.633773312174004344e-01,7.178094561637012871e-01,7.547295420659231313e-01,4.708225647301215178e-01,4.958027202375174802e-01,4.035428708168001255e-01,0.000000000000000000e+00,3.864357513983603110e-02,4.674684294496470605e-01,5.856896766609027694e-01,4.491658711512809821e-01,7.066287816714361680e-01,5.705161898979761448e-01,4.523464883665224145e-01,2.192450079856254341e-01,8.092665818406128420e-01,8.365292619237959526e-01,1.235999434762824478e-03,3.404421895944311771e-01,6.672917164510154819e-01,9.038230154237025804e-01,6.131069246705437292e-01,3.722509876766478820e-01,8.301174621783028451e-01,6.847243120059643973e-01,6.630507715315050454e-01,7.147905446336244584e-01,5.612758676573424976e-01,5.855502411787507633e-01,9.503464799266268803e-02,4.230054314314972141e-01,5.116557330650232105e-01,4.300856741239524883e-01,4.433426647793357600e-01,3.168802613658997513e-01,2.965751949366750573e-01,1.369737893647557658e-01,2.478341538800355459e-01,8.211889753720875706e-01,6.728308271109071370e-01,5.649170035728849903e-01,2.613283093889464670e-01,7.469229798343394178e-01,4.893330580622105019e-01,9.251090579403655756e-01,6.418383602215170791e-01,3.097764553790461339e-01,5.120084046044386383e-01,6.762149984009058201e-01,7.929304525760426658e-01,6.511215966352195128e-01,7.228939146700613660e-01,3.988822449547559379e-01,5.373451063903774694e-01,3.140748072870260810e-01,1.115736171244871011e-01,3.821822106723171686e-01,4.138073758720833828e-01,4.879174988728853801e-01,-8.206378167948273628e-02,-2.655704599158623114e-02,8.014480983374958623e-01,7.052453210693656604e-01,8.911586853562439847e-01,1.964858327883942657e-01,5.691763427604862313e-01,5.707347864244822766e-01,8.504948505324804175e-01,5.532319722062283285e-01,4.763351549407530694e-01,4.056175085572707451e-01,3.511571208506197861e-01,1.689122896611446878e-01,5.479306555202869689e-01,5.804592873193111791e-01,7.981236394536023182e-01,6.974906122407665832e-01,6.466980354694017441e-01,4.827673763317419375e-01,3.210639683828948598e-01,3.209741847586838892e-01,6.415647796408670001e-01,2.701075675688537348e-01,6.861384905580039106e-01,7.021278463368266776e-01
8.502561418006036043e-01,7.447008831865167267e-01,9.533882408456385571e-01,2.994803948637037028e-01,3.251252079955460061e-01,6.679690294157880626e-01,3.864357513983603110e-02,0.000000000000000000e+00,5.850209667065696673e-01,6.384176968087470483e-01,4.517206870181586509e-01,7.217407272918944239e-01,9.529630896618447311e-01,6.034474748867432181e-01,5.181827395066221920e-01,3.135366476347113962e-01,4.274572741022123479e-01,-1.757524270691943336e-01,7.222008485499962216e-01,3.682986885614130124e-01,7.294406105799182694e-01,7.070123114299335931e-01,5.839614474868389804e-01,7.138976112830098808e-01,4.798897352520747339e-01,4.528730949924343885e-01,5.490764212881696915e-01,4.890494749201328428e-01,5.535441694096013832e-01,2.361074502800732666e-01,2.087060671230197839e-01,4.270076913023799769e-01,7.705719553230822028e-02,1.118789020940677559e-01,7.334579247627386334e-01,1.142025226446435754e-01,3.532707100602432843e-02,6.289977400125991158e-01,6.793470586867385030e-01,6.624007912420616373e-01,-3.884620562582005721e-02,2.704853256475572287e-01,8.870138168948427104e-01,6.770223061815711096e-01,8.488029411845190442e-01,5.756443565499699266e-01,6.721020608288165166e-01,3.759081817758115895e-01,5.425858962974532407e-01,3.148730339832217506e-01,4.251856964571755770e-01,2.698281445219362085e-01,1.394560282957757191e-01,6.123268627456501800e-01,2.126256772452808919e-01,2.969667364323457792e-01,6.047886283421192166e-01,2.677946481878215046e-01,1.702879088387778128e-01,2.142884172953431199e-01,6.957844078359737283e-01,5.985226867307118503e-01,6.683646627373056592e-01,7.498242927770776278e-01,7.538991367836790358e-01,-2.068720842988384656e-01,2.897193778123128838e-01,6.273939071488775499e-01,6.515892886193311861e-01,4.212014497844671634e-01,6.813372766356897703e-01,9.742348507949207814e-01,5.753452715523137417e-01,2.187213736557143684e-01,4.384141640385999517e-01,7.282789715522510754e-01,7.639676735609435276e-01,5.380915979829481444e-01,2.146887626576279851e-01,4.277538486813210472e-01,7.865070544060817070e-01,8.347512918666770698e-01,5.429480103746749942e-01,3.316996623728027394e-01,3.231245560904839609e-01
4.978309264858042926e-01,5.069830459907773701e-01,8.066016603950755259e-01,9.372767202046131674e-01,5.712139831610436591e-01,6.799516953380048134e-01,4.674684294496470605e-01,5.850209667065696673e-01,0.000000000000000000e+00,4.533087831426929060e-01,1.082442367954443777e-02,4.387888280171396982e-01,4.832055213034780472e-01,7.416189305990640301e-01,3.161841881849083435e-01,5.437667761286096857e-01,8.747775615075167321e-01,6.083721254954955748e-01,9.279691971957395591e-01,8.774870566394250559e-01,6.925818191344311758e-01,5.931524891094942520e-01,5.071985508737359982e-01,3.447045076950427944e-01,4.753283794842956822e-01,3.464242573334712638e-01,7.608984428022125268e-01,6.824349227337973556e-01,-1.711623696523590088e-01,7.257541296694387523e-01,4.427900602804979990e-01,5.408331956473179103e-01,2.413452551486465203e-01,5.615968956834561654e-01,7.536179007676568897e-01,4.837767571630108288e-01,2.936533106054624587e-01,5.521362532309139759e-01,9.745353614766553152e-01,2.745832868690177286e-01,1.868913116106142025e-01,7.468681472079701233e-01,6.043643307144104249e-01,6.404301262957443619e-01,4.655256831248445470e-01,9.430436725394610864e-01,7.426223461706662476e-01,7.201848015101726119e-01,3.219901975952258466e-01,5.319461450843646633e-01,3.837984935551824739e-01,3.769261326181735927e-01,7.017150377731056210e-01,4.451380194318820815e-01,2.104252759165728404e-01,7.676819153046405830e-01,6.900555417427137739e-01,4.596802525488110636e-01,6.243836982022242799e-01,6.410550919547962634e-01,3.024060723073798140e-01,4.166721488227110859e-01,7.704417902388209782e-01,6.997687779152581555e-01,7.616218565247687700e-01,5.139615084345198204e-01,5.799328387678490682e-01,4.746975412602253974e-01,4.302185220024626888e-01,2.608497765737806118e-01,9.048425813386983263e-01,1.613660104965473213e-02,2.655096639274643344e-01,3.084678662692159068e-01,4.308152710139633301e-01,7.127350721282464940e-01,6.223019161371308172e-01,4.782801759879088954e-01,1.562808937241265128e-01,1.311794138294667955e-01,9.558971691454932751e-01,7.131439485961652558e-01,6.061352192801464644e-01,7.717741008458840757e-02,5.112138241177187625e-01
7.569008821932343700e-01,6.445377330545974948e-01,6.166388691054049964e-01,5.085143281202807453e-01,5.468799944925166745e-01,6.479070690665554855e-01,5.856896766609027694e-01,6.384176968087470483e-01,4.533087831426929060e-01,0.000000000000000000e+00,7.800561419231013538e-01,3.709911032714370283e-01,8.419859354254087824e-01,4.322288458646780240e-01,8.786377084974577034e-01,3.798193152014266438e-01,-1.376729529196780988e-01,6.999929103944841913e-01,8.700859477077309556e-01,8.555356781123395482e-01,6.173246573174936414e-01,6.165300849842233477e-01,7.618914716229951978e-01,5.553284677970456995e-01,2.938925144645731513e-01,8.327180836819821907e-01,6.975205868287349675e-01,7.373082993422857001e-01,5.120800857347326263e-01,4.457147979401283044e-01,5.571608535141171492e-01,2.514607131466711776e-01,-1.848812161386282349e-01,6.895379060404764893e-01,3.599471050459282506e-01,6.300275844311653550e-01,5.093096790249231898e-01,5.281013864778688616e-01,4.270787320923522534e-01,7.755685064755282188e-01,4.099531126899316202e-01,6.273625479545396066e-01,3.295647676205095133e-01,5.014802779338325411e-01,6.978515647352280249e-01,9.595621337362562064e-01,6.974609963094833276e-01,7.570183256253485427e-01,6.753427510981745430e-01,7.655146937776384775e-01,4.150201718331928968e-01,4.816874613441514130e-01,6.131284057962064216e-01,2.280598525704602142e-01,5.794409877754300719e-01,6.195339000612700708e-01,6.339700185437323610e-01,-1.829899128336191783e-01,7.379321141307892962e-01,5.425815332212158282e-02,2.515283687072317753e-01,4.514803581702376278e-01,7.820941419094734615e-01,6.952511963520452420e-01,7.682811625582390835e-01,4.459202346401591188e-01,8.381756632733260437e-01,6.831601546593317753e-01,4.222042306419233615e-01,2.299500421094909652e-01,9.787191923197205989e-01,5.704727524154480367e-01,3.053645174053937206e-01,4.991352513161112503e-01,4.291926587444151453e-01,6.510530740573468034e-01,7.020017147639909805e-01,5.239073658670266864e-01,5.624406354308608691e-02,2.736459040245702856e-01,3.402152677904823896e-01,6.145603078508238282e-01,7.405044813401044923e-01,2.737521099249867196e-01,9.591352517145733669e-01
6.954270542619812590e-01,3.121430781160340895e-01,9.024446402785537558e-01,6.218605604840559131e-01,7.332063172973151133e-01,7.540415142156093875e-01,4.491658711512809821e-01,4.517206870181586509e-01,1.082442367954443777e-02,7.800561419231013538e-01,0.000000000000000000e+00,6.545540908526347179e-01,7.014929786252734889e-01,5.655326942504933507e-01,9.035624586517335688e-01,-3.250714643027555195e-02,5.882305922021764388e-01,3.743966654241496217e-01,6.829539377359561403e-01,7.801705873592864604e-01,6.271953245836807689e-01,4.910018477630068157e-01,2.120421162436110507e-01,6.827382430624806542e-01,1.237804741506496886e-01,1.752949499753135021e-01,7.332001953717800502e-01,3.025993391073104055e-01,4.783870426238634455e-01,5.479742784997149174e-01,3.294258605902604109e-01,5.066236078711519597e-02,4.825047422226709792e-01,7.567955232581023983e-01,6.989167215678903089e-01,5.832212794266570244e-01,2.935362517690276452e-01,5.557645162392879090e-01,5.903440079577693123e-01,4.535737415187396371e-01,7.392777919770335826e-01,7.339434297758209436e-01,7.912312584777283497e-01,6.207367406219835848e-01,6.858609413164868940e-01,5.383801798196218291e-01,9.452378221275378190e-01,7.042076706431182886e-01,5.566358259731649660e-01,2.803142750040286679e-01,7.550839138382766658e-01,6.856574109524065097e-01,6.960118446375128665e-01,7.522710178669851366e-01,7.366108165149055642e-01,9.123485580731196531e-01,8.027198274776482512e-01,3.365336777792429235e-01,9.741268224749118909e-01,1.076077353804128075e-03,3.916341363937443365e-01,6.573607011702933267e-01,2.978512092044253157e-01,6.440896886244569242e-01,7.517262151036994133e-01,1.874063223924882782e-01,9.605783853785672122e-01,8.342153182893470298e-01,6.934029790342589594e-01,7.391505982153487864e-01,8.805351657910908125e-01,7.890689300067075251e-01,3.170330454658263353e-01,6.532105718723528742e-01,6.003602790346367346e-01,3.049933293905219278e-01,5.347687241509703204e-01,6.140565498238974573e-01,1.314228976079397648e-01,5.768588930800966352e-01,6.698485503254573148e-01,4.873253511652805292e-01,6.414344590804630375e-01,7.947436663873435059e-01,7.760965849585391707e-01
4.419758512693032215e-01,3.481923288000425831e-01,4.519248534822030150e-01,9.008912651811774586e-01,7.314341139561868488e-01,7.127199596958557759e-01,7.066287816714361680e-01,7.217407272918944239e-01,4.387888280171396982e-01,3.709911032714370283e-01,6.545540908526347179e-01,0.000000000000000000e+00,9.795095336495014404e-01,5.159002127634086943e-01,8.924760290305225885e-01,5.516220495237049715e-01,6.319790135943915699e-01,1.142728337712334286e-01,7.027083972490252295e-01,8.168542063524473207e-01,7.548981312942361077e-01,7.998132675664045843e-01,8.448604058385217330e-01,7.739303021879603284e-01,6.011316256372648548e-01,7.744225521020200453e-01,5.788914537634913815e-01,6.388429409097047262e-01,2.839822187278353560e-01,-2.084285758434878122e-01,-2.926469204471196517e-02,7.165096097204793901e-01,8.610789608928810512e-01,6.418765994232336070e-01,8.620153707880907623e-01,5.271514999293376302e-01,2.233346487625457455e-01,4.349358501866463778e-01,8.905184045962153405e-01,7.175889626124106746e-01,2.193634973514066999e-01,6.603863932652936919e-01,4.585860813992030383e-01,4.883036732101783128e-01,8.022231738546038438e-01,7.625296588918996088e-01,6.370310541915300551e-01,5.097984872534089273e-01,6.834136268183487184e-01,3.086694549346631344e-01,9.732163109708292792e-01,8.544380717665570613e-01,7.183350983309875204e-01,7.071449047970860269e-01,4.975513459245211600e-01,5.688856652263396541e-01,7.978386395432368605e-01,2.175149067429411609e-01,8.162799159889774225e-01,3.613394744980693019e-01,3.437380816214775092e-01,4.825100511884279908e-01,2.438811943156180273e-01,9.210374332026132205e-01,7.875426608536986173e-01,6.672836524184425633e-01,5.535391921297039275e-01,7.798946259347179222e-01,4.090874063440800290e-01,8.192092331030735863e-01,8.132096687752384812e-01,7.244217601943889751e-01,3.693048144652966158e-01,4.531697603627241056e-01,4.278982423505309218e-01,5.636866523121445427e-01,5.295078976590088526e-01,7.913760704294658943e-01,-1.334951212614954030e-01,2.060835762870930621e-01,3.145240120744930978e-01,6.894821147431633435e-01,5.909127722505034264e-01,9.774066517159428480e-02,5.934331691577153789e-01
6.840457465430626049e-01,5.423776671373028435e-01,7.757284671407465027e-01,9.191899900164880455e-01,7.160549274322193236e-01,7.000088055885848037e-01,5.705161898979761448e-01,9.529630896618447311e-01,4.832055213034780472e-01,8.419859354254087824e-01,7.014929786252734889e-01,9.795095336495014404e-01,0.000000000000000000e+00,3.599130677324549055e-01,8.821366547337063935e-01,8.766892033420163877e-01,9.668036429191046999e-01,9.870664079436198834e-01,7.678246649252419287e-01,4.414072189045420980e-01,4.418771225623927545e-01,9.934238762917582677e-02,9.040263807526852657e-01,8.983616863548493647e-01,7.047636144763822497e-01,9.856570077615230963e-01,7.011251329830932022e-01,7.256556362287954753e-01,1.984900715541120242e-01,4.261635477992288812e-01,-1.025992801897675083e-01,7.647559162398116506e-01,7.231736574663424344e-01,8.495981032133765876e-01,6.567598632073617937e-01,7.057903801613125694e-01,4.544032506185609055e-01,6.363416461467824581e-01,4.019581801707424740e-01,7.018337827310251464e-01,4.087202295943850872e-02,7.890104400111725980e-01,3.672926911870311728e-01,7.423125787371829265e-01,7.916923288241105583e-01,9.588981676783070451e-01,8.946616017543395083e-01,1.507475981331552750e-01,9.120064801689550249e-01,6.088071542874292641e-01,3.899331076412015928e-01,8.419093460326676492e-01,8.623354294516294427e-01,4.126535339511281375e-01,6.350140479702512941e-01,9.833331112294998455e-01,8.341331441833131910e-01,1.578176434139971773e-01,3.124168970039343796e-01,7.512651805323493637e-01,2.672260429035975826e-01,8.614878190602928143e-01,5.651440197110287889e-01,8.981495131718261193e-01,7.774807835562096425e-01,9.200835830414199057e-01,4.868288027357426939e-01,6.650169926179534396e-01,3.639384896091487631e-01,6.816348415714175157e-01,5.234098454304101367e-01,3.386970784615214169e-01,5.927702952155629035e-01,5.002752139436092982e-01,4.009199875539495306e-01,6.156664489775307558e-01,4.786660875192489950e-01,6.913699306234013520e-01,4.003990299275388964e-01,2.750872389219198855e-01,5.974116424084996435e-01,9.023653795807651257e-01,9.057035330332262602e-01,5.186034028636268278e-01,9.527078216880567885e-01
8.294486102172624609e-01,9.754040654494909868e-01,7.729406240468260636e-01,9.687419001699719701e-01,4.128298459074639659e-01,5.163659641273414813e-01,4.523464883665224145e-01,6.034474748867432181e-01,7.416189305990640301e-01,4.322288458646780240e-01,5.655326942504933507e-01,5.159002127634086943e-01,3.599130677324549055e-01,0.000000000000000000e+00,9.841613151107282409e-01,4.632623285776775179e-01,5.256015805306195610e-01,9.082942218492707775e-01,9.268217939985168297e-01,9.999748818050306909e-01,4.745248738894956575e-01,5.247598118208950391e-01,6.017375688327964989e-01,7.231033168755479634e-01,7.122638471884844558e-01,7.695463939496249850e-01,1.910565079303909730e-01,3.296154132885258381e-01,2.171239406121887594e-01,3.347335598581762106e-01,5.045027040467718882e-01,7.242729100355488336e-01,5.981778736652053619e-01,7.607730223012458826e-01,5.695980129721244234e-01,5.693195442216570923e-01,2.133177268671661575e-01,5.643069763483322676e-01,7.849967642215085473e-01,8.694417168914719829e-01,2.443902091341884630e-01,7.395013118756744719e-01,6.110109143198092507e-01,9.322205835610777314e-01,8.422363392963527762e-01,6.350826280202281904e-01,6.022744338221334148e-01,5.876314563823772374e-01,2.823402328924667359e-01,8.558565531008681670e-01,4.006285269391591797e-01,6.180500689215349119e-01,9.451374338665392560e-01,7.427239525504423234e-01,1.818769324462868042e-01,4.999893036395459123e-01,7.282582651134156260e-01,4.280787671425508312e-01,4.981943532547766229e-01,9.418226388742977351e-01,2.159466998115296965e-01,9.018689824045984516e-01,8.785955957194052646e-01,7.246080175590799977e-01,7.899266946273346690e-01,6.597378162905831456e-01,4.669703354976653120e-01,6.033804143185784730e-01,4.280731435911921956e-01,7.775247500163628978e-01,7.452058155084952951e-01,2.039392147302697134e-01,1.661752862539375430e-01,4.161295998341701385e-01,5.092836287017542540e-01,4.230692232069871994e-01,4.291730592930441124e-01,9.062440322564465633e-01,2.215437602177448562e-01,4.018215607025094060e-01,8.216255247150981988e-01,6.515289228750346107e-01,2.854146313708022520e-01,3.042318384074655380e-01,7.359225761331953386e-01
6.123029772744057464e-01,5.768122744972938865e-01,2.681356006512550239e-01,1.155902508457847255e-01,7.385759571417277458e-01,4.199541979222113364e-01,2.192450079856254341e-01,5.181827395066221920e-01,3.161841881849083435e-01,8.786377084974577034e-01,9.035624586517335688e-01,8.924760290305225885e-01,8.821366547337063935e-01,9.841613151107282409e-01,0.000000000000000000e+00,6.806608739323239954e-01,6.515226978609677255e-01,7.233551480927079558e-01,4.967928820375158705e-01,9.336095151239404144e-01,8.070648318670389232e-01,5.878757491052165607e-01,7.869483850180496454e-01,4.522375855021205093e-01,1.903347003663389270e-01,5.043777586006868985e-01,5.887183306878622790e-01,4.486242005241636854e-01,6.867992581776185546e-01,6.751406006919338232e-01,2.802756709203880203e-01,4.831869927237003037e-01,6.945838396897490163e-01,5.868619152787147852e-01,6.230899594259774465e-01,3.025142082363562190e-01,2.466890400266585071e-01,5.141788158814859511e-01,7.331694186223798315e-01,6.910283492397237826e-01,7.697021137111659250e-01,6.914791681700298565e-01,4.745542004638341194e-01,4.571522240937314630e-01,9.558743280463508629e-01,3.023380454466421119e-01,3.983361506028442744e-01,4.350176553592270956e-01,7.471462814665925656e-01,4.683889233766193594e-01,3.885148347165369165e-01,1.478635203100994999e-01,7.679790623600009081e-01,1.526947361287230298e-01,8.334010868805483696e-01,5.510005250706695445e-01,4.516702448315932927e-01,7.481683986178799817e-01,7.726405745294709915e-01,5.414434097141825886e-01,2.072906605416353076e-01,6.049470947707615842e-01,8.233693027086116389e-01,8.037236251345551974e-01,8.643117850762682686e-01,2.914134505698069422e-01,3.936397149099117865e-01,9.031328588080091979e-01,5.975479657707862824e-01,4.008229808279381579e-01,8.354177005522873678e-01,7.326628313865862774e-01,2.381154638604641716e-01,2.019425990289497874e-01,7.722486961194954258e-01,4.231484130130003241e-01,7.490932364069950999e-01,4.643317579556981989e-01,9.694941096509131218e-02,4.750507347320100937e-01,-9.238542388249915138e-02,7.301303504271049460e-01,7.359426841605745118e-01,7.726099371005239469e-01,4.959309068231854134e-01
7.560721131566585651e-01,8.484804267763341734e-01,8.256170522694661340e-01,5.357328724575951551e-01,9.728735102207395347e-01,7.186412782677411570e-01,8.092665818406128420e-01,3.135366476347113962e-01,5.437667761286096857e-01,3.798193152014266438e-01,-3.250714643027555195e-02,5.516220495237049715e-01,8.766892033420163877e-01,4.632623285776775179e-01,6.806608739323239954e-01,0.000000000000000000e+00,1.095893259868620240e-01,8.487411674914795423e-01,5.854132624534721385e-01,7.932629725943003418e-01,5.225852261824677214e-01,5.433898507766401487e-01,1.660519518108376502e-01,7.434600938955870930e-01,1.574666680956732789e-01,5.629959992270207048e-01,4.321431021754368329e-01,6.406881164111584148e-01,4.379899990422889133e-01,1.962989697422926894e-01,3.723747612225764003e-01,7.203836916388122180e-01,1.785796764358368871e-01,1.162884598571281014e-01,5.535692817389477050e-01,3.775690931772099357e-01,5.851418467409391644e-01,6.620165449438041305e-01,6.487835510379290627e-01,4.480583028111220223e-01,6.333092747012428192e-02,9.695161159007309459e-01,4.716674454315602505e-01,9.122506950044698137e-02,9.518189129241649837e-01,4.439543812052516025e-01,8.338560359035707137e-01,5.433918212163731942e-01,6.502338929108363308e-01,3.056598075017716853e-01,3.161629468031260659e-01,2.423388425691279727e-02,8.616967789141123379e-01,6.251665452086303532e-01,9.292946816854034120e-01,8.509074613495817285e-01,1.364021889211701200e-01,6.865898285693502467e-01,2.252289777990264807e-01,1.381414613746446418e-01,3.091432850532023213e-01,5.952514586250330364e-01,6.254170752624476082e-01,8.064541507162401590e-01,5.638571494383283200e-01,4.212400611537809869e-01,7.356399163521321061e-01,5.966181542131625548e-01,3.713262730523848032e-01,7.211220084200737901e-01,8.404591851050042806e-01,4.815888591976793531e-01,7.172396761078801974e-01,5.747481318492821956e-01,7.786694286950894828e-01,8.697415992931589734e-01,5.985725365281071575e-01,2.700012481650299057e-01,3.844823919989058258e-01,2.080441701283976819e-01,5.576537901830221911e-01,7.330781055036195148e-01,9.124534412934240390e-02,1.131523856839276171e-02,7.922467293583407288e-01
8.388495102977504558e-01,9.861173234277422761e-01,5.491833425943812852e-01,7.223188231727112329e-01,8.224953928899696454e-01,5.556634925677214065e-01,8.365292619237959526e-01,4.274572741022123479e-01,8.747775615075167321e-01,-1.376729529196780988e-01,5.882305922021764388e-01,6.319790135943915699e-01,9.668036429191046999e-01,5.256015805306195610e-01,6.515226978609677255e-01,1.095893259868620240e-01,0.000000000000000000e+00,7.504903860453719933e-01,5.409355185631314900e-01,6.079146988373455018e-01,1.106509928646774443e-01,4.393433680608815339e-01,4.042031889541867762e-01,6.784346543079540215e-01,1.494037634772060752e-02,6.949772453050768739e-01,8.644282462970632741e-01,4.493694143178699196e-01,4.969603345806561934e-01,5.382336631745742173e-01,2.052181925627315773e-01,3.453522884901721879e-01,6.327761378972637241e-01,7.153910943645152010e-01,5.662979339531781786e-01,5.528336418126635898e-01,4.035237973498628228e-01,3.927297012516576813e-01,6.408515025350672856e-01,8.909737556549106596e-01,3.324543644051676239e-01,3.766633148829993116e-01,9.850109899846096750e-01,5.527948342071989929e-01,6.646624669657286155e-01,9.730753679095078823e-01,6.329231400869276269e-01,9.396700664721331364e-01,8.036580399291223253e-01,6.469931647209210546e-01,6.164778866247764277e-01,6.614303795436998756e-01,8.731153980712831331e-01,4.756397640900171253e-01,1.436647319968913650e-01,7.836935681337318105e-01,9.185477650736366684e-01,8.542096185090176652e-01,7.317825427962805218e-01,3.234359781660019473e-01,6.876708315313153630e-01,8.657014696255630470e-01,2.794498326904952812e-01,8.002130234536122266e-01,2.714855406554665951e-01,9.053351416080340774e-01,6.596846494967995023e-01,5.349922050639916993e-01,4.374247746477216703e-01,8.982578099491551615e-01,6.231944871846136769e-01,8.211981750907225708e-01,7.046401743800481121e-01,2.614880805691761623e-01,7.847071525092839117e-01,6.749781702456209009e-01,9.998357663124292083e-01,6.203820230102624622e-01,3.803059975988918456e-02,2.431046941492883140e-01,6.448020791807753671e-01,8.182617302641588264e-01,5.191378374191755185e-01,6.851554590307322723e-01,8.435553730972384923e-01
7.027947579252574739e-01,2.332050694676488511e-01,4.189531479624520327e-01,8.778141673181365512e-01,2.888890196948001310e-01,4.323509333563400614e-01,1.235999434762824478e-03,-1.757524270691943336e-01,6.083721254954955748e-01,6.999929103944841913e-01,3.743966654241496217e-01,1.142728337712334286e-01,9.870664079436198834e-01,9.082942218492707775e-01,7.233551480927079558e-01,8.487411674914795423e-01,7.504903860453719933e-01,0.000000000000000000e+00,7.776207603763231058e-01,7.341432678467078032e-01,9.874168343443319174e-01,5.297312853075725192e-01,8.008275550777129714e-01,7.965795131091879533e-01,4.074116629035819392e-01,4.131728303904951272e-01,7.443169400161102622e-01,2.544066392358181883e-01,4.258329668926681966e-01,5.229886976326323378e-01,1.736834887568531050e-01,7.238310007794376277e-01,7.146494771239286781e-01,4.492827317773716023e-01,4.268407108724441290e-01,2.580120625594481409e-01,5.009487328159201169e-01,2.157759769790353610e-01,2.331800419770098665e-01,4.974360557013394191e-01,3.713533634514966097e-01,5.064226470845093475e-01,1.408755411953773462e-01,2.174348296960718074e-01,6.052020016903079114e-01,7.213433465690241020e-01,7.664549222115101257e-01,7.017071224480543323e-01,2.842915470075898510e-01,3.759365389267950164e-01,5.557043846667553133e-01,6.619758262335195820e-01,2.352686808228298954e-01,9.998382809142090100e-01,9.338167105396141254e-01,9.422275178369714510e-01,5.626837868480198956e-01,8.943986622773649753e-01,8.299024646480959166e-01,5.392109030677638692e-01,3.013047280425483754e-01,8.497539046649557060e-01,4.973437765077575734e-01,5.604628858215092713e-01,8.768313115687771386e-01,9.568195607868682506e-01,4.499607318230229303e-01,9.626579820197664894e-01,4.646692752801634407e-01,6.112969957378157071e-01,2.782374100017542262e-01,7.212210714011006996e-01,7.039245256131766437e-01,6.769628078445816266e-01,5.255924111117568076e-01,5.578648631900584576e-01,7.115449733485379458e-01,1.483347782112168778e-01,2.525440206552562739e-01,4.104197764087560985e-01,5.804438523941160000e-01,9.117678269678405334e-01,5.896250251894304961e-01,3.723818380752311752e-01,6.051188228240794720e-01
