0.000000000000000000e+00,4.603278445510416428e-01,6.303413256692137479e-01,6.299300437459908197e-01,4.972335364519090417e-01,5.275010219681922630e-01,5.643078704932852352e-01,7.182641132983766941e-01,3.251017174753670358e-01,8.703348365184773172e-01,6.727758784401360881e-01,4.518581706581286106e-01,8.923804894929768805e-01,6.280620453644757406e-01,9.435793391247477846e-01,9.968960391450218950e-01,9.254963050513780320e-01,8.073592659819514017e-01,9.678131587861970031e-01,7.634315291570654693e-01,8.007079792925331230e-01,6.043647850437763314e-01,7.126242758498919638e-01,8.256177829266613255e-01,7.533565216982343049e-01,7.992581484240358636e-01,5.705083191435775802e-01,7.783355567881531378e-01,2.099969494170965678e-01,5.032792465422494255e-01,2.164155213285052226e-01,4.215380603472216325e-01,6.121362552240304788e-01,6.419696994538344192e-01,6.492235593216770795e-01,4.948165586554697515e-01,7.133316435778984665e-01,7.114062617912587649e-01,1.021994492235145467e-03,8.965141329980947926e-01,6.381473256246763537e-01,4.272606522744748503e-01,5.076675421510100650e-01,6.551330507542358905e-01,8.038489677745385142e-01,4.751854478923719372e-01,8.725279657476079365e-01,4.054213400486155194e-01,1.485143385877949473e-01,8.926545802280602127e-01,8.273680748317409073e-01,8.017956789143060314e-01,9.549207152175072100e-01,6.792923997579654039e-01,5.145655916113642814e-01,9.800168085515519323e-01,3.439245248706279123e-01,4.203798181840941450e-01,8.484875568065092244e-01,3.352218655166224748e-01,4.280328158790880355e-01,7.969722714087904558e-01,7.406988030453464100e-01,4.458984962967442178e-01,4.016901391306420543e-01,9.193580479861679366e-01,7.680453824088531167e-01,8.798713584211477201e-01,4.023335878388621945e-01,9.711925252727003910e-01,6.636517409258040345e-01,7.923504148454769691e-01,2.581307287840574616e-01,2.163579827680159329e-01,7.609061078817096480e-01,5.655681103006432453e-01,8.235210897594181789e-01,6.464302853295096352e-01,1.320353785922161460e-01,2.089949770950304542e-01,4.256637910098972077e-01,5.429210335729865999e-01,6.321761343042578973e-01,2.369239836832829071e-01,3.198509516582602741e-01
4.603278445510416428e-01,0.000000000000000000e+00,9.565515143761438299e-01,9.092497379015116454e-01,7.255297402655391803e-01,2.803394254474365077e-01,7.221519179119981757e-01,2.572035571387787378e-01,3.785441699073466837e-01,7.041392253315963412e-01,2.635143991221408077e-01,4.704276200958668053e-01,4.674420764078552892e-01,4.717981414714966237e-01,5.216820426169076486e-01,4.190845444610232784e-01,5.939658774236939998e-01,7.618275689987362709e-01,4.797114423839980990e-01,6.549091216993569997e-01,6.163598324029962994e-01,7.885924677465160348e-01,7.952352730739185027e-01,4.702938062439327438e-01,4.940838549270866187e-01,3.489878498834267928e-01,9.711340360046386566e-01,3.462694150258882608e-01,5.485992214124668642e-01,4.474340417665260139e-01,4.508560199433705451e-01,2.386390540057980736e-01,9.927264883137916218e-01,6.619585352054961902e-01,5.024662123906271649e-01,6.197292774383016400e-01,5.009812074682075123e-01,8.203346897062286924e-01,7.869153847329762863e-01,4.821518391727683261e-01,4.567300511415605668e-01,7.532043731280273491e-01,8.073466101553949947e-01,6.101443570717253184e-01,6.433276288274882848e-01,2.989939634111354327e-01,6.675840980949649950e-01,6.222809296812430446e-01,6.757727464336207301e-01,4.182154563339992026e-01,6.530463962823283008e-01,8.989032435399213483e-01,5.014463890479972097e-01,4.493906500930435755e-01,8.513259770809192828e-01,8.520336359437238327e-01,1.894159007735339850e-01,6.055481599318074393e-01,7.493536239572566870e-01,5.911726314636762680e-01,4.411281463569995398e-01,4.705365649074456647e-01,4.664309522764044091e-01,7.000824049414940964e-01,7.845201573136976192e-01,6.519661998878899523e-01,7.456614692209897477e-01,9.056554873840455544e-01,5.818315682808781197e-01,9.925107675601947399e-01,8.088471941918017327e-01,6.987625184346348828e-01,4.348282647259767986e-01,3.754522939495531508e-01,5.016738740966941723e-01,5.584861614137417440e-01,9.361799146180297404e-01,7.633928274638164257e-01,6.164650007006408083e-01,3.277928692105298580e-01,6.660755141377614486e-01,8.747760928714931605e-01,9.773844019059587662e-01,-2.805603172024546677e-01,2.595890330159588144e-01
6.303413256692137479e-01,9.565515143761438299e-01,0.000000000000000000e+00,8.577838957810346443e-01,4.051711362545631356e-01,1.370764225712496343e-01,6.847964441077457609e-01,6.182268827246074627e-01,9.105676345629419854e-01,9.600650795442178254e-01,6.854734695553023061e-01,4.355807128735906253e-01,8.606313551752887703e-01,1.607760450728539237e-01,9.741722149484968174e-01,6.263987680813475345e-01,4.297669150195519983e-01,7.938887340704151585e-01,8.132187143822059427e-01,9.955526762829454146e-01,8.910753869381417003e-01,9.733809452681536911e-02,6.107483663722541589e-01,7.056550189553878472e-01,4.787308365584263536e-01,8.331147566522953962e-01,7.218696414522590699e-01,6.024010321762960363e-01,2.000667893268305297e-01,5.462158426412928591e-01,4.714173698436794346e-01,7.228449276583380767e-01,6.569273618569897444e-01,4.428904606395985266e-01,4.879620541091277963e-01,5.172143440113614599e-01,1.338010159234971075e-01,8.466056724238366638e-01,6.640421098812792078e-01,6.926129493281842908e-01,4.782795273418503079e-01,9.896085512611338952e-01,6.870421269873605574e-01,6.397871715853316044e-01,6.113208852831998330e-01,9.830984112726040003e-01,1.105505040935452765e-01,7.705903631000698972e-01,8.250303872613723444e-01,9.657245714616969900e-01,6.861664339384778710e-01,7.506158156945091919e-01,8.009692698322810056e-01,6.425504366008808477e-01,3.915962200163156659e-01,9.447526477389395216e-01,7.242794306911598534e-01,6.058307534689210128e-01,3.699598090689569796e-01,5.280723457793549125e-01,6.091560988297554102e-01,8.890504312409139853e-01,6.414029360079032127e-01,6.175908109939055590e-01,9.072789360789234037e-01,4.952400467368978099e-01,8.957970658104149608e-01,4.355802003000293077e-01,5.242748134097061641e-01,8.814672823654021716e-01,6.547459612133996743e-01,9.195485707741611892e-01,3.355721487357378185e-01,5.078553004448125296e-01,7.251158227017177049e-01,8.092663109771217611e-01,4.483292095034819846e-01,9.029031363709554281e-01,5.527230688321143059e-01,9.597068057443026295e-03,6.363302827839572018e-01,6.052070486127514304e-01,7.410653767796375746e-01,6.474409614590490580e-01,7.412071130213537806e-01
6.299300437459908197e-01,9.092497379015116454e-01,8.577838957810346443e-01,0.000000000000000000e+00,4.057596687490515608e-01,8.577846531240798100e-01,3.253299561432950737e-01,2.170298128708065821e-01,2.670630598701069225e-01,7.735833886115441871e-01,2.093570794823338688e-01,4.250887524814378482e-01,7.462085383414014395e-01,3.998701493335741763e-01,6.012974859434141450e-01,8.917091062402826562e-01,8.521157503075992290e-01,3.917866150524216273e-01,5.701417202082745828e-01,7.519927074033867509e-01,8.367278536022837443e-01,8.037867322730185560e-01,1.428853962929291510e-01,6.346270010781820403e-01,5.809111258625656582e-01,8.350274247835254293e-01,4.880415049547670026e-01,6.834095669186164290e-01,2.605894812519418124e-01,5.469117252032217324e-01,3.321028937232533007e-01,7.023838238559882985e-01,6.012115057489851866e-01,8.276786126156541190e-01,8.964175333313159078e-01,5.435823675583466574e-01,5.658730706720129788e-01,1.825688088747505211e-01,9.741863474231188258e-01,7.054751273161052882e-01,5.703679827021547188e-01,7.213301646023474456e-01,7.205620382564251747e-01,8.482489405649460412e-01,6.869739362193899579e-01,6.688839608890382316e-01,7.539065647217610966e-01,8.991650651646135861e-01,5.355378655026433732e-01,6.150351800223199383e-01,7.955756984027966272e-01,7.250124217218628653e-01,9.031347696051204021e-01,7.254417758186844090e-01,4.896181869918315166e-01,2.975500201287364366e-01,8.154014152329286391e-01,6.780275410145671922e-01,9.360808906233565319e-01,4.438977412291348346e-01,3.810535694576361321e-01,7.733282389876068308e-01,7.346456923470622291e-01,6.507639451824451804e-01,7.812938911445532764e-01,4.012782800780524961e-01,4.134440356220087098e-01,1.815993329846308235e-01,6.250145940628437646e-01,3.370814492648847582e-01,6.163520065990372165e-01,6.411093315473275212e-01,2.696648008763835591e-01,1.557825575555573661e-01,7.034009645616194906e-01,4.502469577723174909e-01,7.862058150608635110e-01,3.129669757466975177e-01,5.645688822351613290e-01,2.693317546461598266e-01,8.474062384169221696e-02,6.911606012726243531e-01,6.095936472761459557e-01,4.867374848331175730e-01,3.723056631553063600e-02
4.972335364519090417e-01,7.255297402655391803e-01,4.051711362545631356e-01,4.057596687490515608e-01,0.000000000000000000e+00,9.323923675945652301e-01,3.301164885584517150e-01,6.712754646557869131e-01,7.343649456827634481e-01,5.625037719646677203e-01,3.243403118201111379e-01,8.606919431811893562e-01,7.715312138856658120e-01,4.648962184961668576e-01,2.172692287923575771e-01,8.455028242464308619e-01,4.440311937055912983e-01,9.912963257133473594e-01,5.008812801452998675e-01,7.028195611980780910e-01,8.709320756220055859e-01,2.262217740123171894e-01,2.730024720849115738e-01,6.991826161411743845e-01,-3.987179392197960914e-01,6.315961156417873035e-01,1.680417766952481129e-01,7.392222763786938655e-01,4.239786940520115510e-01,6.362872863160777825e-01,1.181948766795933442e-01,6.331724185734378674e-01,2.201002721028131881e-01,7.680411698745145399e-01,4.002827269455027093e-01,7.882723069043631181e-01,2.561491668457028248e-01,4.988745432620468878e-01,6.509916867006064756e-01,5.983044003814306233e-01,2.444586856711418454e-01,9.446367387729208698e-01,8.520252255888551840e-01,2.015781539906281727e-01,6.613523256424753693e-01,6.879121178606441012e-01,7.798387188723634456e-01,8.091573686646367225e-01,6.325050450794170720e-01,5.303376609719585577e-01,-2.777993819162621891e-02,6.248801369212001466e-01,2.329918858644388358e-01,7.200171541651531060e-01,5.655333120643772915e-01,9.613903532249855610e-01,5.304120649334272963e-01,9.582752436816615038e-01,8.208124404342401759e-01,1.220467279460437648e-01,4.713182032615211292e-01,3.222269353512736689e-01,5.768510430229405461e-01,8.811057059777215317e-01,6.173538742588199346e-01,3.273659011879048730e-01,6.673016372079587644e-01,9.463346646653362226e-01,2.976082858811868181e-01,7.546687339003343986e-01,5.604715160757226533e-01,6.347895254380699903e-01,7.316310617489389934e-01,5.445963568213166295e-02,7.454472565005147988e-01,5.301583092578210366e-01,6.495837999404378005e-01,6.426739747230003630e-01,1.158336991369905145e-01,-1.977135183286725106e-01,4.415464986613700238e-01,9.415544340739137041e-01,4.069146921077212431e-01,3.107971207709621098e-01,6.628186318671711597e-01
5.275010219681922630e-01,2.803394254474365077e-01,1.370764225712496343e-01,8.577846531240798100e-01,9.323923675945652301e-01,0.000000000000000000e+00,7.807018291254941289e-01,3.055008673731648416e-01,5.855054401622918903e-01,6.872634548349386696e-01,6.781733815271131505e-01,7.937981488322702894e-01,7.048780478828072793e-01,4.545497978635884007e-01,5.659063202940930459e-01,4.971266334231596584e-01,6.273182081552663991e-01,6.714418087392766132e-01,6.665540741988025264e-01,5.283239297366847387e-01,9.694181340159161442e-01,6.241195645797321667e-01,9.687597751439319671e-01,4.676010247208038928e-01,4.818319401163201343e-01,4.983303378989102361e-01,5.335175955143648396e-01,5.744892270434764914e-01,3.147383325616265326e-01,7.733135336567962259e-01,3.831654003022552102e-01,3.424349691592256661e-01,3.854686371689785007e-01,7.481280217619632467e-01,7.392557220284569075e-01,3.501291603681546682e-01,3.650678775666487130e-01,3.246255135029381123e-01,8.062762359889660280e-01,9.161522742414361931e-01,6.013525908277151007e-03,5.460951541471600335e-01,7.055192708202242535e-01,9.734862159167821938e-01,4.558235442967981110e-01,8.962342311170119480e-01,6.212226675597227743e-01,6.123891301299794199e-01,4.001719220502131802e-01,4.038302311657195331e-01,5.501543317788842868e-01,9.869755522842029727e-01,6.030813912465758930e-01,9.932700323314034296e-01,5.217837940232165073e-01,5.649470891309226195e-01,7.105604041773685431e-01,8.604310021773505790e-01,2.662548729289507254e-01,5.978910925349856242e-01,5.923349144020868540e-01,5.457855598386802676e-01,3.857687371933320453e-01,6.484129645087206573e-01,9.259893614430886322e-01,2.065413822033625169e-01,5.232926319239568080e-01,7.959518771684851446e-01,6.040631815924063508e-01,6.053579675368340185e-01,7.410231430265245001e-01,5.968494657934979575e-01,4.207888620468508978e-01,3.196358556400649698e-01,3.377724251159906488e-01,5.147868130928637820e-01,6.304087424285513830e-01,3.595491197034602071e-01,7.722641686725162553e-03,7.480513546134328617e-01,8.341499277753603447e-01,9.990843966797348097e-01,6.867782865024371075e-01,-1.440066114711726353e-01,6.106599794493824396e-01
5.643078704932852352e-01,7.221519179119981757e-01,6.847964441077457609e-01,3.253299561432950737e-01,3.301164885584517150e-01,7.807018291254941289e-01,0.000000000000000000e+00,4.706471106681635597e-01,1.362684997143130683e-01,7.962406707543898676e-01,6.395055300817370503e-01,3.999510570558589828e-01,4.507543066077197569e-01,3.379912974335147480e-01,4.080007032887388863e-01,4.048328375901689702e-01,7.971375430145597463e-01,4.016137286309121590e-01,7.838125737319837638e-01,4.017076767483590549e-01,6.344442210431392448e-01,5.202924834664590659e-01,4.048647484837717969e-01,8.315496945623782610e-01,5.993572774750528520e-01,7.590403328132107053e-01,8.436630683711859868e-01,5.645827179109613736e-01,7.449911555678689901e-01,1.394283847100461216e-01,2.089501930781923478e-01,3.349873215053847386e-01,-1.470622190018945896e-01,7.028816980766187106e-01,6.316835077137131771e-01,1.047869372205701977e-01,4.475173020996765505e-01,6.428971221266289726e-01,2.541270011075884572e-01,5.556593351037378281e-02,1.697687820112047941e-01,6.464492100972759614e-01,2.289754282156971354e-01,2.141291521692977040e-01,4.077984247672775120e-01,6.991595842572492225e-01,6.268204962247809764e-01,5.741004165692371597e-01,6.137896105957169057e-01,5.548829436652857883e-01,4.828972550317403023e-01,2.622233503162882395e-01,7.194656882204047976e-01,6.243180173099840413e-01,2.958544120162249769e-01,2.829591995459403986e-01,4.164961266973064569e-01,2.096347738678973338e-01,7.510313611747554408e-01,3.000434098896996860e-01,5.359500619684882672e-01,6.739513725406639510e-01,3.656040112817791066e-01,2.127617479051491234e-01,5.686095245557218902e-01,7.877312038046673237e-01,3.892070958209631892e-01,9.518775455494392634e-01,6.874650370240519281e-01,2.846408661634093895e-01,2.014610464820153490e-01,4.537753207412088541e-01,4.331909498889482957e-01,4.319986159976134110e-01,5.418607482239329309e-01,3.350814855594557162e-01,5.515800701836647280e-01,5.199203651127772829e-01,5.321017924017488188e-01,2.591808650728834040e-01,6.092756654631641400e-01,6.062042117942353370e-01,7.172887913028341833e-01,2.366870921495108360e-01,5.709432243663603579e-01
7.182641132983766941e-01,2.572035571387787378e-01,6.182268827246074627e-01,2.170298128708065821e-01,6.712754646557869131e-01,3.055008673731648416e-01,4.706471106681635597e-01,0.000000000000000000e+00,5.563385999067916865e-01,5.626909977533050000e-01,6.543133937209971718e-01,4.424617494021909070e-01,2.836069499521338688e-01,1.636982918180018842e-02,6.651245090132209548e-01,7.444131867919063783e-01,9.252855096237107002e-01,2.408534043134615554e-01,6.391243906675050379e-01,6.668337993191512103e-01,9.906670414593328200e-01,4.102062866777970718e-01,7.859901680292361581e-01,4.807011507335512412e-01,2.276056220049159640e-01,5.260396633813171352e-01,8.595807054111191947e-01,5.244034211448721505e-01,1.096179018485126389e-01,3.465490769090581180e-01,2.984630838580796253e-01,-1.514500482464015418e-01,3.464926853308903931e-01,6.901219726686945721e-01,4.104176728239364857e-01,1.637591082972894019e-01,2.255522934425855941e-01,2.373946301736601650e-01,6.849029115716210869e-01,2.361056037758941517e-01,-2.959858681599426555e-01,3.978217268693977626e-01,6.259569170169256846e-01,6.879753327296962429e-01,6.568192904091554318e-01,6.555644588383408022e-01,2.701701206919100984e-01,5.557299380575483339e-01,5.313376587876830204e-01,7.533701438331451561e-01,2.881506257272841154e-01,5.012241640864535386e-01,6.396656045104638366e-01,6.111603431316429136e-01,6.689716090482928923e-01,5.377235731001244190e-01,6.006596338904625076e-01,7.287281495717381485e-01,6.597542428408461612e-01,4.451771884552510050e-01,1.496576007820154264e-01,1.467965314238471042e-01,7.980681221389580582e-01,9.687290609896126448e-01,9.297185389436417591e-01,1.140885385996259771e-02,2.003897807269720832e-01,4.339968188811508809e-01,3.162129682212974080e-01,4.973435518466583494e-01,4.321991412796931109e-01,2.507789968299790062e-01,5.398994403217023397e-01,2.707749042594749800e-01,3.920964754663568419e-01,2.365821335416004589e-01,9.962547658815457119e-01,3.471538177842754536e-01,4.641715419552486788e-01,2.208896929886638993e-01,5.500012912957046307e-01,9.863872800353186143e-01,6.704419754883574889e-01,5.219352201796714219e-01,6.799263566454709640e-01
3.251017174753670358e-01,3.785441699073466837e-01,9.105676345629419854e-01,2.670630598701069225e-01,7.343649456827634481e-01,5.855054401622918903e-01,1.362684997143130683e-01,5.563385999067916865e-01,0.000000000000000000e+00,2.835042019794511980e-01,6.858759313512966527e-01,6.258817653921974200e-01,7.279921299696027193e-01,7.221493347380616434e-01,6.992822310858032298e-01,4.894393068112724565e-01,9.714284281869840498e-01,4.750986959549778343e-01,1.064125346967328273e-01,7.901983770402388751e-01,7.279272323512545606e-01,6.633666508145117380e-01,5.535072437573873572e-01,6.633623099691556835e-01,5.648462323233471860e-01,7.201055348301901304e-01,7.736458930478484763e-01,5.782962045466006895e-01,4.084186094815090429e-01,7.993520252791189717e-01,5.194911041783105698e-01,5.810448274290804793e-01,5.359740482066616130e-01,7.880834134275284120e-01,7.255354510721884198e-01,6.281699135698536329e-01,1.247490043400791698e-01,7.323890343882564213e-01,8.077710588850718354e-01,3.357294256091413187e-01,6.844064348405679565e-01,6.635549926688639744e-01,9.468721032797932091e-01,2.101611437052432474e-01,9.465437728020680286e-01,3.289192879580420392e-01,4.935041158634639324e-01,3.872997902682300264e-01,7.460789894782964282e-01,7.621136038644205080e-01,4.664040242144668058e-01,2.109415121224740841e-01,4.310906811503943947e-01,7.993521219930006527e-01,6.685790755135209151e-01,4.623588985507045557e-01,6.601733538418252945e-01,1.413597925205268280e-01,5.264487089092227956e-01,4.299540705630920390e-01,4.702152772735864739e-01,4.348842816531668931e-01,-1.858665165859095525e-01,8.440900344404913547e-01,1.518222729005970495e-01,2.276056995814360884e-01,4.004439107045631996e-01,7.408755496476607805e-01,2.720036139173308554e-01,5.357709864023655344e-01,6.765397729812838712e-01,5.626008500151827851e-01,4.716332995714911935e-01,3.619063539374557381e-01,5.703998960702514331e-01,6.975517617952929905e-01,2.666751794559854005e-01,4.340296197156296998e-01,5.224252145403908143e-01,1.947152989844132265e-01,5.832974855240258272e-01,4.076948164980295775e-01,4.099231549688502896e-01,4.985739895619282769e-01,2.251724937554627215e-01
8.703348365184773172e-01,7.041392253315963412e-01,9.600650795442178254e-01,7.735833886115441871e-01,5.625037719646677203e-01,6.872634548349386696e-01,7.962406707543898676e-01,5.626909977533050000e-01,2.835042019794511980e-01,0.000000000000000000e+00,7.494827009312776678e-01,3.604998846395629508e-01,6.722303040213424286e-01,4.404933821404006244e-01,5.768230059633410178e-01,7.602827878571107867e-01,5.275806793603723399e-01,4.014342504948474888e-01,7.782467926917679968e-01,9.278298096102547410e-01,9.618608389972298500e-01,4.515831113218183313e-01,9.404179890143355980e-01,9.147654083698212313e-01,3.248309847971930786e-02,4.379892602791002898e-01,1.376802430205587846e-01,1.667384673972427400e-03,4.931826309551933796e-01,5.177587834698589297e-01,1.648486525400511271e-01,1.372468261168240666e-01,6.336321666944285669e-01,7.214314596670264867e-01,4.446754879509230429e-01,3.250339576397292540e-01,1.255295929826543977e-01,5.590311136113907953e-01,8.255228993840448837e-01,4.057290960453316386e-01,2.521178663847782886e-01,6.350483075834102431e-01,7.652675829413110309e-01,4.006885808123148429e-01,4.694378836434915936e-01,6.557443267868735548e-01,4.030663016624267958e-01,6.968038123174080667e-01,5.857140342595514859e-01,3.477503334418799441e-01,6.504272456780123557e-01,6.464221132413868753e-01,9.897893974807447925e-01,7.717938256717442602e-01,1.611838389286393280e-01,7.871358365501848198e-01,5.234529379549300865e-01,4.733565503681350650e-01,6.870443233681561290e-01,2.432240445662474104e-01,4.021193985082405775e-01,6.490808821465521294e-01,6.512445909061769234e-01,6.533419933771037469e-01,9.974589777665081591e-01,7.206828999720982232e-01,6.588956580276952302e-01,8.963768420553305249e-01,2.357224466338388169e-01,8.122416363645981185e-01,5.686281707419208464e-01,5.049340099384590497e-01,7.298110694215857730e-02,6.471475173505445433e-01,4.426879714761032814e-01,8.173891900176306624e-01,3.732070954156803122e-01,2.124482321300609211e-01,3.931389701055642005e-01,1.865128816920182397e-01,4.637844439335644386e-01,6.041393884019267135e-01,3.628646838284753651e-01,2.652445522487836271e-01,9.166726432794058965e-01
6.727758784401360881e-01,2.635143991221408077e-01,6.854734695553023061e-01,2.093570794823338688e-01,3.243403118201111379e-01,6.781733815271131505e-01,6.395055300817370503e-01,6.543133937209971718e-01,6.858759313512966527e-01,7.494827009312776678e-01,0.000000000000000000e+00,6.716803502190727970e-01,9.476435777712850506e-01,9.354928723803763724e-01,7.351415291139165031e-01,2.080884761319750087e-01,6.703492089272214960e-01,2.063933880024449996e-01,3.180169156426596033e-01,4.030815041422913803e-01,9.677134527156965316e-01,4.723729053676689604e-01,9.830102208532126573e-01,7.393548161561375176e-01,5.762874479617157153e-01,4.107870589398802674e-01,7.363627133802206348e-01,7.252124906520105441e-01,3.290539530581257921e-01,5.974139729603529236e-01,2.267495514128853862e-01,7.169474334285219630e-02,5.896105130318993748e-01,9.917112677482491367e-01,7.040658514097738463e-01,1.950007495938677060e-01,6.030157522612439314e-01,1.073913315151949766e-01,3.034204709650958898e-01,5.262944950366559294e-01,-8.534304096371451986e-02,7.197574674566001862e-01,8.407507577760997552e-01,4.944223326991730588e-02,8.002924492166869630e-01,8.472690138667131610e-01,5.323692508590820438e-01,7.566388859544045387e-01,3.942859798091200713e-02,8.630776368685022515e-01,6.418500906059201316e-01,7.715470139165332419e-01,3.708605754468047300e-01,7.981871522397621099e-01,6.318611617192804175e-01,7.973103288454724824e-01,4.544216412690476048e-01,8.552244484567564919e-01,8.183632179855425681e-01,2.876136289353246056e-01,7.692990610048298095e-01,9.887749338449025593e-01,7.128407587828381464e-01,4.887691517341539171e-01,7.147051710090031040e-01,7.845981255434000268e-01,8.906286845307775923e-01,8.116847302169172274e-01,2.640405961156331860e-01,7.914242152157404675e-01,3.397876673464234054e-01,7.342719055878614842e-01,4.254222823298520750e-01,1.163173774179963593e-01,4.933137328444003877e-01,2.026319731660075063e-01,6.645839784019528240e-01,5.999000255526147907e-01,1.517062265835688595e-01,5.563920955216689057e-01,5.359430933607449710e-01,4.044418267031203440e-01,2.809909317062430079e-01,2.737767278634557488e-01,9.031078878136840071e-01
4.518581706581286106e-01,4.704276200958668053e-01,4.355807128735906253e-01,4.250887524814378482e-01,8.606919431811893562e-01,7.937981488322702894e-01,3.999510570558589828e-01,4.424617494021909070e-01,6.258817653921974200e-01,3.604998846395629508e-01,6.716803502190727970e-01,0.000000000000000000e+00,8.222025087783489949e-01,9.544424073178254808e-01,6.230273593338931937e-01,7.936999789373482272e-01,5.966781982833218034e-01,7.685229085174937191e-01,1.443393823779258178e-01,6.443495382388543247e-01,7.496239407794854648e-01,4.292605960484795480e-01,6.526271742992085789e-01,8.485327539123117546e-01,6.809119319595255959e-01,7.066030320953968769e-01,8.411623065179085756e-01,2.408289111057749787e-01,-9.627691649715891531e-02,5.983397585114089701e-01,1.796024978992569188e-01,7.297228770314106994e-01,7.737375769243823864e-01,8.722739330699068594e-01,9.708272678558684810e-01,6.563738700813582794e-01,2.936172248064037316e-01,4.390366110352292850e-01,9.649950916684683078e-01,7.346569235568696232e-01,4.808129684560237815e-01,4.261019091190599850e-01,6.980392089415864421e-01,6.837493558006968453e-01,7.397797681112636692e-01,8.022092234690532120e-01,6.426080169290585564e-01,6.946064971545117261e-01,1.009969745416444548e-01,7.711349558955820083e-01,5.120070831478473750e-01,5.988377917041033394e-01,7.235838363058340050e-01,4.034342296666114658e-01,5.099694748010787926e-01,7.836364066818707341e-01,5.492279515305753534e-01,6.273142529594888384e-01,6.646661826805952966e-01,1.381159366604224059e-01,2.265442688612823718e-01,5.240504986319726166e-01,4.589640712663169975e-01,7.224671762377643525e-01,4.434429358528798604e-01,6.165930674615780482e-01,9.370756237940457423e-01,7.563232733076710179e-01,1.201870214456636221e-01,5.592931204001578838e-01,9.388263519183266403e-01,4.763870538082417005e-01,7.353306113055859683e-01,2.193701529695260000e-01,4.804030260937591224e-01,9.762344169371530711e-01,5.887394378319283916e-01,7.603872418646002718e-01,2.998218613457380166e-01,2.648240410995721383e-01,6.164669297480763754e-01,9.139225512705978494e-01,9.238006660621391752e-01,2.543857842289913851e-01,8.588710952530765885e-01
8.923804894929768805e-01,4.674420764078552892e-01,8.606313551752887703e-01,7.462085383414014395e-01,7.715312138856658120e-01,7.048780478828072793e-01,4.507543066077197569e-01,2.836069499521338688e-01,7.279921299696027193e-01,6.722303040213424286e-01,9.476435777712850506e-01,8.222025087783489949e-01,0.000000000000000000e+00,2.450355599334178847e-01,6.785635665933238414e-01,7.574340542624530270e-01,6.542930823631365467e-01,7.950367244662286392e-01,4.445416313798715158e-01,3.236027889114266309e-01,9.089418558263014924e-01,8.749548587559592416e-01,5.720027237579349277e-01,7.972032198817069482e-01,4.778772748121710157e-01,4.656982122514015388e-02,7.606403608852739806e-01,6.225680431160097728e-01,7.828557656714053570e-01,4.358699954348875805e-01,3.138949019509170713e-01,7.307152989920736585e-01,2.422098583838653840e-01,8.970080575194061545e-01,7.181167864532809197e-01,5.727419877257380332e-01,5.899255260194957717e-01,6.057895877944377006e-01,9.555005509757584781e-01,9.570521586344966636e-01,2.701856839169524682e-01,7.782448700725033142e-01,6.619654987306241578e-01,6.028954855732524543e-01,6.203474629721895672e-01,9.351121577441449118e-01,2.956572744243364803e-01,5.988960254803628036e-01,9.124917306770329306e-01,2.694002941867819079e-01,5.211242934480491140e-01,4.203187583210362122e-01,8.067417383518907803e-01,5.691704024667947337e-01,9.395157547815742305e-01,4.954897638885894517e-01,6.572231025576901198e-01,3.015469544599404528e-01,4.036469560186439209e-01,2.938082086640543267e-01,6.337278856987031972e-01,8.510761165028555286e-01,4.692521049263691513e-01,4.964091940684894899e-01,7.517738991126988735e-01,8.369686138528166230e-01,5.560550775682432390e-01,5.804288443391768526e-01,4.466026550536073003e-02,7.252113492930244432e-01,5.375384105791096712e-01,2.571053296994727511e-01,2.138254797858769318e-01,3.634900847558157899e-01,3.556430815458283545e-01,2.512526222571823675e-01,6.340374170744846882e-01,8.304788003780677608e-01,1.058166527292790093e-01,3.891533598964806995e-01,4.231627924411339725e-01,9.790582620624266319e-01,6.634503616649951585e-01,5.115226153570676670e-01,7.218350842815586255e-01
6.280620453644757406e-01,4.717981414714966237e-01,1.607760450728539237e-01,3.998701493335741763e-01,4.648962184961668576e-01,4.545497978635884007e-01,3.379912974335147480e-01,1.636982918180018842e-02,7.221493347380616434e-01,4.404933821404006244e-01,9.354928723803763724e-01,9.544424073178254808e-01,2.450355599334178847e-01,0.000000000000000000e+00,5.920323161985027172e-01,5.841928767123465427e-01,5.091501893180789828e-01,6.525067580013862445e-01,9.358736538887896250e-01,4.289009984246939244e-01,8.194871939751936507e-01,8.939606909785522415e-01,6.266516602033734840e-01,9.981299078809724445e-01,5.558637827444852242e-01,6.993581870691933933e-01,6.866438376287737899e-01,8.433129381973160088e-01,2.502993634996423244e-01,9.052902568680785966e-02,6.231307576503091611e-02,7.246868586230925668e-01,7.207493352596034963e-01,7.961959426371300053e-01,9.064618534522300708e-01,7.965527961588936279e-01,3.282831660750614722e-01,7.061212580887030743e-01,6.905049635421636189e-01,6.148646651890156134e-01,5.086519456272252659e-01,8.883602570532971310e-01,6.809909492178778390e-01,2.699439306954607432e-01,5.491378564958364628e-01,7.193621136765614432e-01,8.583490752322946449e-01,9.710246658882863979e-01,2.316409469703533189e-02,5.183285697382429280e-01,8.541661690060340373e-01,5.048862071463791068e-01,7.491336184811521193e-01,3.751156284649329598e-01,8.474629935005757453e-01,7.123056473244266940e-01,5.608373139731646084e-01,4.351855899681597584e-01,8.052665471451843082e-01,7.536474486742938961e-01,5.168367570519551979e-01,2.881416131302383388e-01,7.844394745161054061e-01,5.777422722567450153e-01,9.034820434903643172e-01,7.068187769635720930e-01,5.756843809456262395e-01,4.849547882299167223e-01,3.126905998506713247e-01,6.959734359146985128e-01,7.085872759018811973e-01,9.253645783593178464e-02,6.835998634093594095e-01,6.945160888132543286e-01,5.995375711879475933e-01,3.901256839144356947e-01,9.372277808006288513e-01,6.154748864309153022e-01,3.247423000721575970e-01,4.724588940381120317e-01,6.571449474052941664e-01,8.366760828539508976e-01,2.106003959117939417e-01,3.100387363645342176e-01,7.838220672649569565e-01
9.435793391247477846e-01,5.216820426169076486e-01,9.741722149484968174e-01,6.012974859434141450e-01,2.172692287923575771e-01,5.659063202940930459e-01,4.080007032887388863e-01,6.651245090132209548e-01,6.992822310858032298e-01,5.768230059633410178e-01,7.351415291139165031e-01,6.230273593338931937e-01,6.785635665933238414e-01,5.920323161985027172e-01,0.000000000000000000e+00,7.347041916113866700e-01,6.161275897069696805e-01,7.462026250495916724e-01,3.969130254304515937e-01,7.034402324244019011e-01,5.876221244120867215e-01,6.569996420703760887e-01,5.520861459743389155e-01,6.293649380055309495e-01,2.420198879571774375e-01,5.842641131913750563e-01,8.995663448750340629e-01,3.932092822792139231e-01,4.466176163003269806e-01,3.933131198014794272e-01,2.852347099461461366e-01,5.678675793035679042e-01,4.466591442769962672e-01,9.862827849885684728e-01,6.450246613253219907e-01,5.410107403979450558e-01,3.155651096392535493e-01,9.576868496045808365e-01,8.719166282241742616e-01,9.071829726977850283e-01,5.076576953204253728e-01,4.843242043375480255e-01,8.302394373922851178e-01,6.859821210024249494e-01,5.254812812915176101e-01,7.645242979431149388e-01,7.577325216391008755e-01,5.901134774755427692e-01,5.817622450859143424e-01,2.104597273278721245e-02,7.635209634354174213e-01,6.019857237627115332e-01,8.526152523486456580e-01,7.085999865325735003e-01,7.990577350574841198e-01,2.351166968390962231e-01,7.988696332894629215e-01,6.125803823538709114e-01,9.364395546622729105e-01,2.774067073612263012e-01,2.858494314078737220e-01,6.301286026183596789e-01,2.169317687752334717e-02,7.921841078470455155e-01,9.835440469783435224e-01,5.089799445295375424e-01,6.864063139369888100e-01,6.189100115924094370e-01,5.741078050250143505e-01,4.174731506722412222e-01,7.075123478220923801e-01,3.178950115327333070e-01,5.500107133480622856e-01,7.248847394215481854e-01,5.117444603296181782e-01,2.109123988460055998e-01,4.358445167097743100e-01,4.297296761515088104e-01,5.792948922686006474e-01,4.712528523707040784e-02,4.114896474515613578e-01,8.396129109857969341e-01,4.348098808743124932e-01,2.761342883081183697e-01,5.078162096317416774e-01
9.968960391450218950e-01,4.190845444610232784e-01,6.263987680813475345e-01,8.917091062402826562e-01,8.455028242464308619e-01,4.971266334231596584e-01,4.048328375901689702e-01,7.444131867919063783e-01,4.894393068112724565e-01,7.602827878571107867e-01,2.080884761319750087e-01,7.936999789373482272e-01,7.574340542624530270e-01,5.841928767123465427e-01,7.347041916113866700e-01,0.000000000000000000e+00,7.342156079170303329e-01,4.086833760002563931e-01,7.081322807207913739e-01,8.754951018282615127e-01,8.680741303197976322e-01,-1.201097859698462694e-01,7.101691530121591045e-01,7.184686012857939286e-01,7.374405716877288075e-01,5.191194076258305312e-01,9.023189499782141576e-01,8.516617830258977895e-01,2.588156236747839456e-01,-9.539415284572705378e-02,2.650051433379991828e-01,4.784505364968785202e-01,8.387832706508414615e-01,6.180117557465769629e-01,7.722661217651226595e-01,7.616390870919127476e-01,3.347170844467881601e-01,5.979833671525578431e-01,7.143650189189640898e-01,7.082246064830096666e-01,6.499871988109402476e-01,3.880363244490319108e-01,4.243743657553676885e-01,4.582034713173947504e-01,7.050496151119225452e-01,2.322819802736519998e-04,9.671322240556990968e-01,9.393250175363946353e-01,3.738974171566690208e-01,2.738597764488707176e-01,2.718623077116621434e-01,6.324506733547810011e-01,6.160043218842032875e-01,9.072142514291966497e-01,8.179831383654262433e-01,7.764976029620429543e-01,7.800195327074930240e-01,8.153826238983837849e-01,5.988978380803899881e-01,2.419134850058308472e-01,5.464614333537497481e-01,4.504507626655557817e-01,7.821307037852895938e-01,6.925958953656329298e-01,9.239121466440100017e-01,4.988223218049866459e-01,4.562428229525172796e-01,8.284705257130551281e-01,4.543733101939352315e-01,6.185532435230038928e-01,5.199940332752480687e-01,5.706081661654542891e-01,1.061539093191909934e-03,3.707367417460379899e-01,6.068878456612568639e-01,2.665835198003185802e-01,7.806286296341453657e-01,5.453382801448625194e-01,5.579532807616397472e-01,-6.056050972852680681e-02,7.343377348903332713e-01,6.058631834766009527e-01,2.648415962346730157e-01,3.369028260200492841e-01,7.506253586393927257e-01
9.254963050513780320e-01,5.939658774236939998e-01,4.297669150195519983e-01,8.521157503075992290e-01,4.440311937055912983e-01,6.273182081552663991e-01,7.971375430145597463e-01,9.252855096237107002e-01,9.714284281869840498e-01,5.275806793603723399e-01,6.703492089272214960e-01,5.966781982833218034e-01,6.542930823631365467e-01,5.091501893180789828e-01,6.161275897069696805e-01,7.342156079170303329e-01,0.000000000000000000e+00,7.791106630856849957e-01,9.770914649349009551e-01,4.009791088986501273e-01,7.230798878236630589e-01,6.155950863084390656e-01,9.706021140482297138e-01,5.001214716313976405e-01,2.046225671740624086e-01,6.117722753539054370e-01,6.990668997871937185e-01,5.597618975496110316e-01,4.303996223702700741e-01,3.844248266433422101e-01,5.412111582666996323e-01,6.674797018644018642e-01,2.175502812349993098e-01,3.035753416980555008e-01,4.352114206700037902e-01,1.212253969001865217e-01,6.463827042581918869e-01,7.060860803236320704e-01,6.130507856372638953e-01,9.422359928521061301e-01,4.768734255039179804e-01,6.370667063561160637e-01,9.168896723489153855e-01,8.165319958271429757e-01,7.361629484348070074e-01,7.932342358096596824e-01,2.651546900625356140e-01,2.912296992154319031e-01,2.140710563622574836e-01,7.782955438553569305e-01,6.196021635775580405e-01,6.826126145186336425e-01,9.190940929635429413e-01,8.482838851518537115e-01,8.578718264910244473e-01,9.398979368739484030e-01,5.702231363033595235e-01,8.016555174383812599e-01,6.633515388110061695e-01,5.008409408956587816e-01,4.973613635984104886e-01,6.136745650791644024e-01,4.763570881650553979e-01,3.309822857123897455e-01,9.648074951056325732e-01,8.333844624440256421e-01,3.288013483664734560e-01,3.611867379405404588e-01,5.058938539959073610e-01,7.240478512798644850e-01,8.065746521033748673e-01,8.120009234453785529e-01,4.028064897496052565e-01,1.676011918304181614e-01,9.637444483087354019e-01,6.893211472849650745e-01,7.712525330490361819e-01,4.083723245117143463e-01,3.704497726546438496e-01,3.978394875519935397e-02,7.716079666530887282e-01,9.703194448181938769e-01,8.381406640165518507e-01,7.535515535901382567e-01,8.337268157834699656e-01
8.073592659819514017e-01,7.618275689987362709e-01,7.938887340704151585e-01,3.917866150524216273e-01,9.912963257133473594e-01,6.714418087392766132e-01,4.016137286309121590e-01,2.408534043134615554e-01,4.750986959549778343e-01,4.014342504948474888e-01,2.063933880024449996e-01,7.685229085174937191e-01,7.950367244662286392e-01,6.525067580013862445e-01,7.462026250495916724e-01,4.086833760002563931e-01,7.791106630856849957e-01,0.000000000000000000e+00,5.360746939876663841e-01,8.478580118957982359e-01,8.633674062004559335e-01,7.510636446945568867e-01,6.186548449829039065e-01,6.522852695920327015e-01,1.734939623311803347e-01,2.635524246035696461e-01,9.588241267570368764e-01,3.196973078299146787e-01,7.503471051904530009e-01,4.462466255710667018e-01,1.934743609601321801e-01,1.803412264059550407e-01,7.166048145131509450e-01,7.798654233297055427e-01,-1.934423983740261588e-01,6.373877092629370855e-01,5.149891477651448168e-01,5.111078570293893231e-01,7.469957723116176229e-01,7.094018447533678717e-01,7.749375905926301211e-01,2.287384512531855374e-01,9.791725664223108749e-01,1.537805433857281356e-01,9.452006121957577944e-01,8.453779670836817361e-01,6.454497169794504163e-01,6.157330471965292151e-01,2.701456644550158104e-01,8.394956828912276681e-01,7.744079144202123954e-01,2.748747153700475399e-01,1.818237875108713597e-01,6.954294676560971444e-01,9.793435108736525674e-01,6.946587221674453971e-01,1.185513732605193299e-01,3.658154735087833509e-01,5.693266222404574917e-01,4.987207253455057665e-01,2.014190757793166420e-01,6.975794007135989183e-01,6.196006369748751075e-01,8.193432789691696971e-01,5.348796165439195782e-01,4.236399719989096813e-01,8.672033203655973299e-01,9.314713613442286988e-01,5.242099944073115303e-01,4.811527692868684536e-01,7.603229563508728805e-01,7.952352038829559877e-01,4.618031186737971971e-01,-1.328672997465401850e-01,1.161694716577549996e-01,5.913887102987157585e-01,1.567956406833798111e-01,5.781778668332259175e-01,7.444548341639569689e-01,2.478566631644299467e-01,6.592975131720014703e-01,9.137849489437634976e-01,7.061882959886023325e-01,5.075159631198646881e-01,6.265790673869389149e-01
