0.000000000000000000e+00,6.815749247535127786e-01,8.488072250421520026e-01,7.882629838580850201e-01,6.676876250025338688e-01,7.893573009226220183e-01,7.750698558923605486e-01,8.780029773252255865e-01,7.972298740338538137e-01,5.606860274706666480e-01,5.985487768628960925e-01,7.323177206026254549e-01,5.336360793247907353e-01,5.899352232566030807e-01,7.399861800457609995e-01,6.964459577633460574e-01,4.590413879075984638e-01,8.520819924285253366e-01,6.310832881156975827e-01,4.286570462232494605e-01,6.188586835955466325e-01,4.142905399618032614e-01,8.590117152571210557e-01,6.629503515646829603e-01,8.694732781579729286e-01,5.261783555663880341e-01,8.214563356495886426e-01,8.974887242169629076e-01,4.639741845465497061e-01,3.128455566864604687e-01,-1.851457610139098098e-01,6.884198443540756607e-01,8.803409728596583994e-01,8.758637832005574664e-01,4.362037200737777232e-01,5.574315585655873484e-01,8.652473899086750297e-02,8.916228175618438057e-01,4.171743531636689095e-01,6.363770766973739779e-01,3.522893947373283430e-01,7.432286758475972199e-01,7.136571518986246643e-01,4.070815794250322028e-01,5.113541151674635410e-01,3.321558717403966243e-01,7.762174689183970466e-01,9.442642340785722954e-01,8.968919700764153013e-01,8.710560455701603644e-01,9.498859962222929720e-01,9.887884246942559852e-01,4.214688151120328241e-01,3.426590602307452160e-01,7.015769049167545068e-01,4.703501787266431977e-01,9.672825100543352983e-01,7.444638310731964692e-01,2.429593547545452203e-01,7.612795705665124091e-01,4.987942778882998862e-01,9.065404279016011646e-01,3.895714603040031365e-01,5.210714588912134237e-01,8.490418098900653909e-01,8.039069738133227672e-01,3.040789959127798148e-01,5.067716233551440297e-01,7.778920588724456131e-01,9.858098634097841595e-01,6.401833419146466531e-01,7.318936133642183206e-01,3.387668292852429874e-01,6.227503459557494070e-01,8.770923519722075845e-01,7.063579680496067104e-01,7.333878062400150943e-01,8.588086692102894215e-01,3.052097496876858274e-01,1.892778553750903980e-01,5.184941851502760102e-01,7.195889025651427406e-01,6.251380869879141766e-01,-2.373391094967611248e-02,2.885490531909115086e-01
6.815749247535127786e-01,0.000000000000000000e+00,4.712434183923683850e-01,7.067032930618346587e-01,6.831787672629645591e-01,7.805994485394429638e-01,2.018760638449423606e-01,5.121223338508050782e-01,5.301668396497344338e-01,9.889494164136508614e-02,8.493102623808848062e-01,6.594295320388182668e-01,3.182689102520648849e-01,4.052896344551540353e-01,6.769990289272278527e-01,5.060403056880180897e-03,2.502749297835952236e-01,2.314026444450235087e-01,7.659422797232546820e-01,8.809034661047150383e-01,4.988251681891728295e-01,4.707907932500705606e-01,7.369865348138433525e-01,8.247884725954492957e-01,5.018390017204942266e-01,8.847370845648160342e-01,9.235952445810443612e-01,3.055673311178622731e-01,5.098413185716121898e-02,3.219455215839626128e-01,2.171365057452555591e-01,6.799009861458229498e-01,7.863003714824707835e-01,7.330373317783948073e-01,7.530121643226002082e-01,4.833028898434939546e-01,3.240806866170091727e-01,5.979958733757143596e-01,9.984190746885424073e-01,5.975396771483363345e-01,8.572532945344305544e-01,6.523993560637834088e-01,9.915839914526771715e-01,7.832277518134298511e-01,7.098380638223569239e-01,3.538704996008448234e-01,9.966672287698651322e-01,6.639734144156604900e-01,3.394843678255202168e-01,6.673506422410446955e-03,8.229952894595560231e-01,9.823020286025123671e-01,7.837016633005010613e-01,6.305058109971659608e-01,5.122714104899153686e-02,7.922012104123780096e-01,6.542274346866052692e-01,6.924395518225615609e-01,5.518680473443542400e-01,4.968424715660457909e-03,-9.983446618827619690e-02,1.627773101239873565e-01,4.716690145953789104e-01,8.702338288064749294e-01,6.573344898428998828e-01,6.445142208959897534e-01,9.326296171419883319e-01,8.198866098053051443e-01,7.466670878726535676e-01,6.066015028879715443e-01,3.159127486546488006e-01,8.112785747800920211e-01,9.232024267476052204e-02,5.237719366555335654e-01,1.345632826374181315e-02,5.780982004930436124e-01,5.825765201294506035e-01,7.001937303912877386e-01,3.064380457647123412e-01,5.789476385124616709e-01,5.618602585011421846e-01,6.418827692339237334e-01,7.305332334688297014e-01,3.975919140819510478e-01,6.663705553921441815e-01
8.488072250421520026e-01,4.712434183923683850e-01,0.000000000000000000e+00,4.137361471262359647e-01,8.954953399340002118e-01,7.985001883659901267e-01,7.222800674949263477e-01,7.471305930075881063e-01,9.911077953703276711e-01,2.179221638584071252e-01,5.155318759036690013e-01,9.416595616690343062e-01,8.793868662211627996e-01,8.541521105906417777e-01,5.893780482791357578e-01,8.487030368328417340e-02,9.218527649788790246e-01,2.891235122361446308e-01,7.742134706948068379e-01,1.861793007201774375e-01,6.033021454015304874e-01,6.876250619013002385e-01,7.106395047348049721e-01,2.994578453309812427e-01,9.951237113762495534e-01,6.585283905971316409e-01,9.292179353257470353e-01,9.159608847730287273e-01,3.631207168656120921e-01,6.832501426913661913e-01,4.450026605067956553e-01,7.077287414829059875e-01,9.660842075803641738e-01,4.828982507688951986e-01,3.728016542999582628e-01,4.698750292352057434e-01,5.147590063490338208e-01,7.112859824532408171e-01,6.849302066430206226e-01,2.573327925500395463e-01,5.288384571084879804e-01,7.576444404085452833e-01,8.006008761415736030e-01,5.823665150117521838e-01,9.040896615778986067e-01,6.564504804191946263e-01,6.355179606960476013e-01,7.325837600027580443e-01,-7.016358968954131137e-02,7.332633352428137297e-01,2.091863036831479727e-01,9.553419195887798976e-01,7.720318567452851832e-01,9.606433227192603397e-01,9.126929362677589364e-01,6.383038234472661054e-01,7.854482165423279927e-01,8.459318981313364016e-01,7.250381251039605957e-01,5.944569567153701328e-01,4.804454174610551798e-01,8.833480453686962663e-01,5.236804041370481944e-01,8.259592194406968346e-01,7.778999626671606604e-01,8.546982463443482114e-01,6.391004080699175249e-01,8.324080776658436820e-01,9.535122127366371103e-01,8.242796036516474301e-01,7.430327740715443330e-01,8.696146683862721050e-01,7.291239472726256388e-01,5.182051162109663212e-01,4.594943081260127182e-01,5.157816520252226367e-01,6.022394994554020053e-01,6.228756794801836305e-01,2.082479551943842710e-01,8.131948203340849668e-02,2.479348585380816705e-01,7.820027644571824199e-01,6.522478408602343514e-01,8.950236555777625336e-01,9.572020964666172471e-01
7.882629838580850201e-01,7.067032930618346587e-01,4.137361471262359647e-01,0.000000000000000000e+00,6.321499435463425742e-01,3.676846938993786340e-01,3.696098854862824856e-01,7.957778040955393317e-01,6.527101878300810567e-01,4.622977510359119191e-01,6.495159704247451815e-01,6.132380872187318532e-01,7.269431092700147090e-01,8.893131934020352958e-01,6.693400767895594239e-01,7.573745601397688931e-01,5.686775730146014229e-01,9.036801332870149084e-01,8.039943206083549621e-01,6.684780164448245188e-01,4.928553923494430888e-01,8.846364372226477313e-01,9.991717194376910083e-01,8.881533407735249241e-01,5.839961999714977925e-02,8.143552221291305848e-01,6.200678021174622634e-01,6.187825011827461363e-01,7.926699259737601810e-01,6.406041702546610983e-01,2.886671042241888488e-02,3.122938568474981635e-01,9.458413102149376694e-01,4.525540421450446882e-01,7.856191728896998461e-01,2.595360019863700574e-01,2.333968883490064317e-01,4.130305157257510018e-01,2.272334411466751525e-01,6.948933697401463716e-01,-3.351431802609565747e-01,7.956302670274113531e-01,7.769557494329665248e-01,7.707331266523600455e-01,6.034216861176041613e-01,7.572298274747184532e-01,7.907744432776415699e-01,6.500022453635171393e-01,5.200080204931563088e-01,6.735494985363228437e-01,4.884764875618110569e-01,7.249999854448893055e-01,6.989334930130237655e-01,4.095136566362166941e-01,4.689230349604178727e-01,9.852609625798165460e-01,4.722902165851189937e-01,4.156018517828989345e-01,-1.321947359108299191e-01,2.976917524852962793e-01,2.485509035573170433e-02,5.611262765996186674e-01,4.143106190350548390e-01,7.444399968458517147e-01,8.348514922291887519e-01,5.537288122655424916e-01,5.999380027907389445e-01,7.481205698942872129e-01,5.288745985846795561e-01,2.488687389663900296e-01,6.394040573541801553e-01,6.607651060999352177e-01,2.768903330278359998e-01,5.307358486209787785e-01,7.358498148786974946e-01,7.700064243001873976e-01,6.927790863910783248e-01,6.653205420662036129e-01,4.122793321725424787e-01,4.311042943069647859e-01,6.567147885211173097e-01,8.410961434795793945e-01,2.985636625767111862e-01,2.829278416442246313e-01,4.574521953131809870e-01
6.676876250025338688e-01,6.831787672629645591e-01,8.954953399340002118e-01,6.321499435463425742e-01,0.000000000000000000e+00,7.024887277739606528e-01,5.113976160678190830e-01,1.696198664230459119e-01,7.653200816999530254e-01,4.992103000091326348e-01,6.080936592951352582e-01,9.899719062403371517e-01,9.847354280525273396e-01,9.803923497362416750e-01,6.169909805003582770e-01,7.082125788331041782e-01,4.507370087609517961e-01,9.083744643212782188e-01,9.004860150868276847e-01,8.451184768515183077e-01,9.850519768386476471e-01,3.651300813157364877e-01,9.707470968683341583e-01,9.501260735458127993e-01,-1.578924514756497588e-01,7.230554199931380488e-01,7.909156788164924956e-01,7.776463339375500050e-01,1.747118945019963399e-01,2.826391321893829689e-01,3.686428786686505865e-01,4.782708022563076922e-01,4.038155605438235041e-01,1.688375919071102571e-01,2.154249470322489590e-01,4.439162657300420034e-01,1.966591372544929106e-01,3.880276587561807267e-01,7.007034686217319397e-01,4.601552839258187255e-01,6.016630322636354888e-01,2.947094647290817160e-01,7.269454108308200935e-01,7.397253610275441593e-01,4.059997409505896604e-01,9.980241553443990332e-01,7.126311861719900609e-01,3.853996324032144538e-01,7.984202598123520955e-01,5.969433826874939730e-02,6.475673749614919705e-01,6.699458174766182994e-01,9.935504112923143616e-01,6.585431725658680291e-01,7.074106795703795081e-01,6.435471038655062870e-01,7.977518029883274853e-01,6.554252166303768667e-02,2.476393410388819383e-01,1.228399302761156164e-01,7.031806555078548016e-01,-1.735770601570054139e-01,5.156891152966188718e-01,8.568181940501121696e-01,2.080974653848914613e-01,1.706083384111372128e-02,7.014152361681715853e-01,9.767142823150078979e-01,4.789099691795845604e-01,8.978636404950010030e-01,8.408169405482635028e-01,4.801865426178816842e-01,3.801858259466675549e-01,3.144596256731522765e-01,2.095064134578805137e-01,8.690244662676116505e-01,3.825245918073518769e-01,5.478356217212848600e-01,6.626953134468921425e-01,2.104626741700943993e-01,6.201320161416782328e-01,8.830742487113875105e-01,5.796534247588746025e-01,-9.096757235202139469e-02,7.927945897013068954e-01
7.893573009226220183e-01,7.805994485394429638e-01,7.985001883659901267e-01,3.676846938993786340e-01,7.024887277739606528e-01,0.000000000000000000e+00,2.524216962393928676e-01,2.002405710016132712e-01,7.533441560941966930e-01,5.918752056327423183e-01,4.275722330605724042e-01,6.260406833643521463e-01,3.936962220269671908e-01,3.355022902474039670e-01,5.053789251467443178e-01,5.827087647848303575e-01,9.975774591101062017e-01,4.607466102194734958e-01,9.643691493766223255e-01,6.452747977334707397e-01,2.388652073990524954e-02,4.316169046892538441e-01,9.319753894882334411e-01,8.302527215322494936e-01,5.439862170530043728e-02,8.257870853730986394e-01,5.941035761360402567e-01,4.513125721242323696e-01,5.513954220223713509e-01,5.630381126358389166e-01,3.039187418387888640e-01,1.071199588787763446e-02,5.992610725329363675e-01,9.860090757329638134e-01,2.588087533763008263e-01,1.652310534445169399e-01,5.532565188658233879e-02,6.083447604361866823e-01,6.569391988509220015e-01,7.421316108808786449e-01,5.795886462297059616e-01,4.005856669566261186e-01,7.324667922585067492e-01,8.892136732026715285e-01,6.108323135320355979e-01,7.185778913783407162e-01,2.940950187598523335e-01,6.043842497042030137e-01,7.009747768005754054e-01,3.554013787054205453e-01,4.546136906354646956e-01,5.481398968790847093e-01,6.789053163383843570e-01,8.984813044509065705e-01,6.378173009368408586e-01,6.892469284996460832e-01,7.964093469295665528e-01,7.176162360921167771e-01,4.530321398718342163e-01,7.152222156203529302e-01,5.610052950862444154e-01,5.802225495805803934e-01,3.555480948225415716e-01,4.078578428011528922e-01,1.047346554559607512e-01,6.413372833012774832e-01,4.121478882860870607e-01,8.605996200677017427e-01,5.641183606584181387e-01,3.276144702122107955e-01,5.813733225402393234e-01,6.821915388191345242e-01,6.530405317713646740e-01,2.041129048576078575e-01,5.882428338911188659e-01,5.834691990491945868e-01,6.008833750609596791e-01,7.170747106060607612e-01,2.588876661206801488e-01,2.468810170433487772e-01,7.950217412192788213e-01,4.324241061821565597e-03,9.648594931008680486e-01,3.751383633672512596e-01,4.307840226471193468e-01
7.750698558923605486e-01,2.018760638449423606e-01,7.222800674949263477e-01,3.696098854862824856e-01,5.113976160678190830e-01,2.524216962393928676e-01,0.000000000000000000e+00,4.675567940999895145e-01,7.202000222482768388e-01,6.130191530461635008e-01,5.120577557482761666e-01,5.135556124961268010e-01,6.032638449414776671e-01,3.422659482127149988e-01,3.659157628629947090e-01,5.893151077608378419e-01,6.064380433380452962e-01,9.129259376381582136e-01,2.519225499124979617e-01,7.466862651518100247e-01,5.424318575945759058e-01,7.520741468541127794e-01,5.092494971737635684e-02,2.970703147906534891e-01,6.764614201688038397e-01,8.059012337802474724e-01,5.808413055619061627e-01,6.886563607517717234e-01,5.627625760441081759e-01,2.618513861690205946e-01,4.974764155888816153e-01,4.403935918104206482e-01,5.010767936246549592e-01,5.044020640831947677e-01,5.441419955004800357e-01,2.753689966892801655e-01,6.704449587209755368e-01,2.137960779738304340e-01,7.157192113763950481e-01,5.130876767944101413e-01,5.768787246147506487e-01,9.350824286891423753e-01,6.503355908099163196e-01,6.129650675480575739e-01,9.518891418167878538e-01,4.923057024873672693e-01,5.335422401371281431e-01,7.742535942678464567e-01,4.923316568787891034e-01,2.330672833325139193e-01,-1.260276021288890824e-01,2.646183333758849177e-01,2.399708377120967628e-01,5.016437258309617286e-01,9.350565123690245395e-01,2.453039800507616219e-01,7.730287207827891693e-01,6.915467450970004260e-01,6.920984758791725033e-01,6.568755113910569321e-01,1.713887544200798085e-01,5.202762199931505460e-01,7.909612508420530430e-01,4.449660741766367500e-01,8.706481401907939510e-01,7.444566771978229358e-01,2.967796681751201371e-01,6.469384080621527477e-01,6.233764060036920407e-01,5.768370871082072471e-01,2.930035338490121766e-01,5.317527411545158733e-01,3.070503303373917636e-01,1.185408411501400194e-01,5.044827739772904662e-01,5.076452141733991397e-01,2.494830668161370224e-01,7.041301410287438278e-01,1.540392736986504474e-01,1.752432965012339361e-01,3.323391763845621183e-01,7.518152010031704524e-01,4.653385699516682239e-01,7.916524400273861062e-01,4.302856501370655451e-01
8.780029773252255865e-01,5.121223338508050782e-01,7.471305930075881063e-01,7.957778040955393317e-01,1.696198664230459119e-01,2.002405710016132712e-01,4.675567940999895145e-01,0.000000000000000000e+00,1.929707748128854372e-01,8.604199762369724169e-01,3.045665064263483601e-01,8.572835110615767418e-01,3.853260826045631360e-01,7.495063794817440339e-01,4.171261409477008408e-01,3.325110870538080521e-01,5.950701968935797614e-01,4.980330426322301385e-01,5.719447170364307942e-01,9.576527643977239546e-01,5.769766063637871145e-01,6.565289492012568173e-01,5.760563189293119724e-01,5.819875772345952658e-01,5.533227391346149382e-01,6.741448183549311191e-01,3.595773799367176782e-01,9.134084573920772110e-01,6.597465649135980659e-01,3.401601076849315453e-01,5.798519090452433078e-01,6.195322105995483275e-01,2.970235866105434552e-01,1.756944241711842769e-01,4.603041834861236747e-01,5.589857181051123280e-01,4.882485953184430016e-01,5.891667897056320768e-01,4.605476704895946627e-01,5.603067906983654201e-01,2.278805057584870064e-01,8.863344355714112277e-01,8.602380131138975816e-01,7.194215710450149182e-01,4.566120120439562946e-01,2.608174772776866712e-01,6.281304296240145524e-01,1.829934521642700984e-01,6.475764851092175034e-01,3.738554885501472747e-01,3.363308330783586486e-01,5.185315110831776320e-01,6.469391528724333096e-01,6.349593825415564829e-01,8.359063236482949799e-01,9.978272495309410406e-01,2.938133715087579700e-01,5.833225763298069966e-01,7.592080897118735905e-01,5.826458532614813279e-01,2.496660328718038335e-01,5.770558456229382127e-01,4.657968489743189583e-02,7.967662599203853002e-01,5.792248658236197612e-01,2.219140390090739712e-01,6.386359859655436066e-01,6.711198385528615029e-01,4.853532788099377826e-01,4.760558605791015419e-01,7.199618089473462934e-01,6.556306115339216589e-01,2.501986632403898625e-01,4.434279306955474786e-01,3.456713271339673099e-02,3.604998518878543834e-01,2.952682591700006021e-01,2.284003611109864662e-01,3.863431673514776676e-01,6.768066266459111802e-01,4.972671216123354943e-01,9.796685714408320811e-01,5.912988529915512714e-01,2.724405159162664458e-01,2.487645900750593830e-01
7.972298740338538137e-01,5.301668396497344338e-01,9.911077953703276711e-01,6.527101878300810567e-01,7.653200816999530254e-01,7.533441560941966930e-01,7.202000222482768388e-01,1.929707748128854372e-01,0.000000000000000000e+00,4.596983224766233445e-01,7.113232432631693136e-01,9.539303086444468338e-01,4.872244065632829191e-01,7.020440091938472404e-01,6.638457087793960820e-01,6.067514347860479829e-01,3.528612144555136609e-01,7.967506724598008017e-01,4.023791169620780650e-01,6.140441452169593806e-01,9.562227063880026634e-01,4.551739358176804529e-01,6.824891244834727644e-01,7.087741808480158001e-01,7.075105423307852526e-01,7.943052328472947066e-01,9.153312792610971416e-01,4.252958236567844219e-01,2.008965159903586539e-01,7.443657369684872904e-01,3.481979342321541715e-01,5.372983448886079483e-01,5.634590103049410548e-01,6.407292570081909444e-01,8.815295160668431551e-01,1.408520864132158379e-01,5.743753793314193556e-01,7.247274318052134845e-01,8.133200445554981117e-01,6.299676888754855986e-01,6.554953930129268080e-01,6.825249472135974660e-01,4.965466918317911760e-01,3.294946866544157249e-01,8.586534701883922205e-01,8.711590456285157186e-03,2.050287557479644751e-01,6.725249624239374446e-01,6.387135142250988107e-01,2.792374068741569348e-01,6.508303206413710296e-01,2.785999541908212862e-01,7.891947366733869096e-01,6.594065810386805504e-01,5.730127850530154499e-01,5.765982428341839272e-01,6.688983697081889446e-01,3.204484381421868200e-02,9.833487742799971176e-01,5.900347801573587736e-01,5.331110497125869374e-01,2.809210893037311085e-01,7.409617906745238347e-01,7.773072702341965456e-01,8.821140084951516469e-01,4.759601103417754886e-01,7.446796543239724286e-01,8.557519805535670487e-01,7.386995883719564837e-01,2.505300939554511164e-01,4.241510244650669170e-01,7.272726041744856929e-01,5.634737542627051843e-01,4.717299817769365355e-01,4.242664220262241659e-01,5.859316066746014240e-01,6.464780157982062958e-01,4.636184940265672960e-01,1.050660398830458586e-01,2.043710654416554251e-01,7.720737692950983000e-01,2.667354931578877486e-01,8.921744834922723522e-01,2.350283982477652800e-01,3.920291633278066290e-01
5.606860274706666480e-01,9.889494164136508614e-02,2.179221638584071252e-01,4.622977510359119191e-01,4.992103000091326348e-01,5.918752056327423183e-01,6.130191530461635008e-01,8.604199762369724169e-01,4.596983224766233445e-01,0.000000000000000000e+00,-1.805795523821054904e-01,6.111502653412512753e-01,7.039682103541473612e-01,6.262999803312346847e-01,7.824981051165845747e-01,8.826311923228078449e-01,3.112045172904516488e-02,6.770988967920373858e-01,3.689332440090019594e-01,5.614575201556910589e-01,7.436935225647937076e-01,7.477022691617017935e-01,4.043745437019105049e-01,8.385026493268500358e-01,3.903864744439120571e-01,7.627896782422440847e-01,8.016859324444596258e-01,6.932343573485238997e-01,3.776680414794633123e-01,7.374525625336239010e-01,2.575675144476535783e-01,4.170599165308166434e-01,7.819886168413064942e-01,7.414129716609435539e-01,9.342160004162392006e-01,7.562881996983554789e-01,4.677630361668386194e-01,3.493744671841449989e-01,6.596484488802176749e-01,7.567771408614527573e-01,7.957131231291862949e-01,7.169569191602179759e-01,8.089583969641559458e-01,5.104810546058790033e-01,7.409180301315745343e-01,8.633952304791054910e-01,5.242368569771734821e-01,6.552458390684097189e-01,2.099274600481863540e-01,6.807165278196306568e-01,5.802220430659754680e-01,5.333760533933208370e-01,6.968158363521990140e-01,1.894320655994772284e-01,9.407130957516214309e-01,7.945240470728878179e-01,6.202346045352690185e-01,4.873558691663892328e-01,5.025929197912115676e-01,7.267511120732662588e-01,4.543618023566162178e-01,4.763819639669308326e-01,3.403988957822804973e-01,7.849593788241827630e-01,9.933772051224468713e-01,4.476995247239649589e-01,9.170415995330378767e-01,9.029211180778706769e-01,4.091026735153991956e-01,5.181714772308456673e-01,9.892707165371281697e-01,5.265397546709537080e-01,7.160321204715214272e-01,5.883459965315519513e-01,5.071211102596805409e-01,7.443014177299125400e-01,9.697423669327067675e-01,5.434513485619181239e-01,2.421443981067982754e-01,2.137989498997553139e-01,5.320036881272803830e-01,8.404682453759830807e-01,3.020136039496199576e-01,4.958908876622271644e-01,8.733020514516474930e-02
5.985487768628960925e-01,8.493102623808848062e-01,5.155318759036690013e-01,6.495159704247451815e-01,6.080936592951352582e-01,4.275722330605724042e-01,5.120577557482761666e-01,3.045665064263483601e-01,7.113232432631693136e-01,-1.805795523821054904e-01,0.000000000000000000e+00,1.530071617901076764e-01,8.729572412799007086e-01,6.622203973082998463e-01,6.177037570936825261e-01,4.298793505329067122e-01,6.480777665628429940e-01,7.317336977311253987e-01,9.302038680764503908e-01,9.879117084659296832e-01,8.945940888850208994e-01,5.725679422336484858e-01,5.020986778970357722e-01,9.172981439933197700e-01,2.199091064086664826e-01,7.372154982779117738e-01,8.929742002520788535e-01,7.878716535647785069e-01,3.726509116364102869e-01,4.604238774206781404e-01,5.265032865334251522e-01,3.354558661648708862e-01,5.137320726460048448e-01,6.196495951206462127e-01,5.378752796012434834e-01,5.727210115079065522e-01,3.688551542951520323e-01,7.897876780051427126e-01,6.989019074757045757e-01,8.375965252132582251e-01,4.141567630786371912e-01,9.259789944189962263e-01,8.544080443041016659e-01,8.188780510465645257e-01,7.790508819425396858e-01,6.386191040624032977e-01,4.964860479457352538e-01,5.351019657929078077e-01,2.527345709277291075e-01,5.869920705276117090e-01,4.852838156829743510e-01,6.512449205885608716e-01,7.473053250030055050e-01,6.495083273502557653e-01,6.084876214113728032e-01,8.914878678932937062e-01,3.886801709025903828e-01,9.432424299470815177e-01,1.772832351949301111e-01,2.907952137353905231e-01,7.593041895856605938e-01,4.495131541208993720e-01,6.169438916016845020e-01,7.458878606327210559e-01,9.746334390072843856e-01,7.080809585692900976e-01,5.272834503400670725e-01,6.064198270071678998e-01,5.379149811671063430e-01,9.318040639705886807e-01,9.900369807331003136e-01,7.964386588890330909e-01,2.055569123489455752e-01,-8.358817713460188481e-02,-5.729870277435811232e-02,5.682554459496431676e-01,2.752797306246368425e-01,7.076258810913760300e-01,7.414215043350755874e-01,3.422172446491004161e-01,7.455797241606958448e-01,6.976224354436321162e-01,6.034372139790096234e-01,2.125177081613795205e-01,2.742630205464827164e-01
7.323177206026254549e-01,6.594295320388182668e-01,9.416595616690343062e-01,6.132380872187318532e-01,9.899719062403371517e-01,6.260406833643521463e-01,5.135556124961268010e-01,8.572835110615767418e-01,9.539303086444468338e-01,6.111502653412512753e-01,1.530071617901076764e-01,0.000000000000000000e+00,7.033642967030599991e-01,6.861383246671213243e-01,4.014281657728665520e-01,8.862425971387219992e-01,9.567651359770604769e-01,6.438528339607885176e-01,7.361709243220295740e-01,7.815121372475423156e-01,7.687294862651867788e-01,5.213346285829852933e-01,9.619247138597604163e-01,4.555824098958031754e-01,5.696556416794729127e-01,6.330231879842008746e-01,9.122520753223537504e-01,3.252307951396810060e-01,7.847249242750259368e-01,5.549023568400646145e-01,1.129614384775974416e-02,7.032438320813393373e-01,5.931892571875236886e-01,5.647966968579462010e-01,5.723580077746058814e-01,4.598076107833941606e-01,2.277692468453924035e-01,8.291507743793280483e-01,6.788232048909242922e-01,7.071630048151145154e-01,9.643572172982459723e-01,3.035086251437808524e-01,8.372766569148728522e-01,1.408213321860303791e-01,9.808967767341225663e-01,4.788291800668713627e-01,7.019347993925375562e-01,7.348608136334252583e-01,6.211539247329846969e-01,9.228350069673425526e-01,7.592937750798488539e-01,4.893882178379242442e-01,8.751382445969497770e-01,1.846050510022451407e-01,9.020887078884669563e-01,8.248456199015204993e-01,6.844021976922338713e-01,5.438261391444011439e-01,2.479374311815187581e-01,4.894188066726203323e-01,4.631970926345206907e-01,5.331081450147135969e-01,1.043626377470579930e-01,4.682869453531851578e-01,9.154688083459826542e-01,8.620387755919536321e-01,6.572008907216464468e-01,4.612709744368523324e-01,6.369839294262534812e-01,6.192326278993006694e-01,6.582057295046122025e-01,8.819073191556694447e-01,-1.357190243274014052e-01,2.533896133628421032e-01,5.751605887452995169e-01,7.482852321421703534e-01,6.812040926473181823e-01,7.359547197487836985e-03,5.846345382672542002e-01,6.891428042875424875e-02,5.482919643914788699e-01,5.179552265324830485e-01,7.788062508347572965e-01,2.138841203249661482e-01,7.884697744529189922e-01
5.336360793247907353e-01,3.182689102520648849e-01,8.793868662211627996e-01,7.269431092700147090e-01,9.847354280525273396e-01,3.936962220269671908e-01,6.032638449414776671e-01,3.853260826045631360e-01,4.872244065632829191e-01,7.039682103541473612e-01,8.729572412799007086e-01,7.033642967030599991e-01,0.000000000000000000e+00,2.413210832166531872e-01,8.216233475553216259e-01,6.327004061460442808e-01,6.192603117201241902e-01,6.519340507319058009e-01,6.868439661598261248e-01,7.994797712252734723e-01,8.699458658582366333e-01,4.688938327429561514e-01,7.561442770281390224e-01,5.023550940039689383e-01,5.413547860558578506e-01,9.936407012917889414e-01,8.807008543595380434e-01,9.013809045965944788e-01,4.050176270315660187e-01,4.650282643532118176e-01,3.047109076520514437e-01,3.991899757720051012e-01,4.327061853209081543e-01,4.862516080778848671e-01,3.385970996143590206e-01,6.717949765004216367e-01,7.842280885073572572e-01,8.959552850832124271e-01,2.037881260392531702e-01,5.717205214190412832e-01,7.845366389551453601e-01,5.910632731913040283e-01,6.562401315062096341e-01,7.243857344705817436e-01,9.399043823790764751e-01,9.045214047954165393e-01,5.127151195042816134e-01,5.188221059656534795e-01,5.950319229477265548e-01,6.764160579562077391e-01,5.129581149178613630e-01,6.018246224591143889e-01,7.412043917531623283e-01,7.103067428065491518e-01,8.428309044728492516e-01,8.429933465566757933e-01,1.778515876460646794e-01,7.090542947838504029e-01,5.050491053471571901e-01,5.412956783365127089e-01,3.639045693386399050e-01,5.083005960694552128e-01,8.778402293835958492e-01,4.259567988561887564e-01,5.220093479436456185e-01,9.787018312413544585e-01,8.779942754413350148e-01,6.052976262965172882e-01,5.957681800938958716e-01,6.307396328025918208e-01,4.787160494537677224e-01,5.909209709554048562e-01,1.937213619880999715e-01,4.018854493639966718e-01,3.136228273389181642e-01,6.629877542916364774e-01,2.270178079566351897e-02,6.367825680057468407e-01,5.558725222933779131e-01,3.941834786315907557e-01,6.928878303069977429e-01,3.511687583824036341e-01,6.511867728492586327e-01,2.543722886198249711e-01,9.798756422828834856e-01
5.899352232566030807e-01,4.052896344551540353e-01,8.541521105906417777e-01,8.893131934020352958e-01,9.803923497362416750e-01,3.355022902474039670e-01,3.422659482127149988e-01,7.495063794817440339e-01,7.020440091938472404e-01,6.262999803312346847e-01,6.622203973082998463e-01,6.861383246671213243e-01,2.413210832166531872e-01,0.000000000000000000e+00,6.448228960734472270e-01,7.702354050761580639e-01,9.975710117470328875e-01,8.375965144830207487e-01,2.612281211881187226e-01,6.884914551128826776e-01,6.375646859139877387e-01,4.079291617810792969e-01,5.533630554356977482e-01,2.396705757294974870e-01,7.617674029633444421e-01,6.358523953578028021e-01,5.802840081483515711e-01,2.624405928216120426e-02,2.663272962523942633e-01,-3.414968299157905562e-02,3.362092245952006953e-01,6.521708216692295723e-01,8.342350790616226419e-01,3.702203973114693847e-01,9.945688809410968556e-01,4.574357476335700334e-01,4.126791324674825012e-01,9.841592843106707900e-01,5.472422394545592983e-01,4.189227231205591151e-01,4.725426475229411727e-01,4.432171090293386406e-01,7.489550531501246722e-01,8.704993781224501515e-01,2.875714214708969818e-01,6.734844000056763313e-01,8.591998565128895482e-01,7.579673300679199421e-01,5.322749603246144101e-01,6.462866209302294829e-01,8.141010507193152668e-01,5.296886748572564585e-01,6.272130206101288463e-01,9.473410151479897401e-01,4.863211515396470563e-01,4.474845513957448340e-01,9.337732265387379549e-01,9.614005836136956251e-01,7.555105207512651244e-01,4.703520291730070579e-01,7.247992228657207381e-01,6.903185928703737817e-01,4.151287605188510033e-01,7.080590523125837032e-01,3.467868951340551398e-01,4.958493049286504806e-01,9.835083383256645329e-01,9.444505680449888363e-01,4.030197964208742101e-01,3.011397635996074795e-01,9.323622093846957171e-01,4.043211029775696241e-01,3.699836579945741111e-01,3.355830291231892692e-01,6.446114482330239648e-01,9.464926427527100561e-01,5.785797114254154216e-01,6.129230789451134420e-01,5.401882820721883860e-01,7.912504479684085990e-01,7.740397048644098721e-01,9.048296265339487165e-01,5.231785337683998449e-01,2.872094447709147569e-01,7.199246382171955450e-01
7.399861800457609995e-01,6.769990289272278527e-01,5.893780482791357578e-01,6.693400767895594239e-01,6.169909805003582770e-01,5.053789251467443178e-01,3.659157628629947090e-01,4.171261409477008408e-01,6.638457087793960820e-01,7.824981051165845747e-01,6.177037570936825261e-01,4.014281657728665520e-01,8.216233475553216259e-01,6.448228960734472270e-01,0.000000000000000000e+00,5.830939524475799995e-01,9.215923355261299577e-01,4.716108014997089093e-01,2.013065620922200871e-01,4.729676091747642142e-01,9.000561000454990745e-01,4.553515629677530874e-01,4.156570819345469237e-01,4.867132361978825927e-01,4.817496620170758082e-01,6.337322244496278456e-01,4.272067814964873866e-01,4.027382610062582025e-01,3.267806364393777141e-01,5.111594633312624980e-01,1.164388166663998803e-01,2.515414811750950053e-01,5.851655913242361784e-01,5.264642982690165285e-01,1.811974072796254664e-01,5.105952189863230961e-01,4.757227007615484893e-01,7.035639437880679692e-01,9.762014885147943799e-01,9.325298541912545591e-01,2.931497800042593971e-01,6.685993046025439090e-01,6.602101460183368298e-01,6.669630208625688672e-01,6.180202173102520291e-01,7.866409017298408024e-01,5.887286314388490149e-01,6.326284793618414115e-01,1.225974189029961914e-01,3.569300126843245047e-01,5.751607630138919625e-01,5.689885319203435987e-01,9.242117322731346896e-01,2.072359613668185718e-01,8.147732666985968430e-01,9.034942491971540424e-01,2.412102346017050425e-01,9.677235813586514135e-02,2.472244035526361683e-01,1.085672492248702242e-01,6.425635046380324678e-01,2.240132883618545512e-01,6.505900001107512987e-01,7.168363253897402920e-01,9.868332976556161151e-01,2.210787446507868625e-01,8.532190608010440380e-01,7.198244164405188661e-01,4.896806910522434331e-01,7.724842237719601323e-01,6.570010646115835851e-01,2.457996923893749630e-01,5.553103853807377782e-02,1.045538883195952229e-01,4.240884519005182485e-01,4.191643915409745125e-01,5.791119723899142979e-01,6.442783887853125169e-01,6.953175853486863456e-02,3.949438312429004450e-01,6.334249485825149684e-01,7.383199823894003311e-01,5.151881466644638863e-01,4.155958906149210264e-01,6.518139314828667874e-02
6.964459577633460574e-01,5.060403056880180897e-03,8.487030368328417340e-02,7.573745601397688931e-01,7.082125788331041782e-01,5.827087647848303575e-01,5.893151077608378419e-01,3.325110870538080521e-01,6.067514347860479829e-01,8.826311923228078449e-01,4.298793505329067122e-01,8.862425971387219992e-01,6.327004061460442808e-01,7.702354050761580639e-01,5.830939524475799995e-01,0.000000000000000000e+00,6.772042344429374250e-01,9.163919264842013135e-01,3.352815965537074838e-01,4.001059386447182176e-01,7.115292700157058725e-01,4.710704360634558885e-01,1.283562067346515415e-02,8.811797358804567271e-01,4.063862171759118902e-01,1.544954553992475277e-01,9.002631400297620434e-01,2.243623922545697202e-01,7.461455891443082855e-01,1.953434232862118758e-01,4.291996693151737818e-01,5.569646191835299076e-01,5.706003130772107079e-01,6.713439009236223942e-01,4.674242751348673397e-01,7.275725902491501085e-01,2.495604969630390579e-01,-1.417426822809012832e-01,9.192225021820376041e-01,6.917409279691161261e-01,1.636972557771980974e-01,7.967889085618112821e-01,4.166174297707569973e-01,2.295070715381079818e-01,-1.009551295609737165e-01,5.464177736147410869e-01,6.149437476872635644e-01,3.052951647680791636e-01,7.787525613502456201e-01,8.394164948267481829e-01,2.652148553405834774e-01,3.124144892065776613e-01,6.609653623146191093e-01,7.879692439809126148e-01,2.368325535752890398e-01,6.653434850986077453e-01,5.919193545141869794e-01,4.753077650080418382e-01,-2.505027891481405034e-01,2.838962696072520053e-01,3.321160131443717800e-01,-1.894972800987110850e-01,8.106509583549470488e-01,5.285820899222101188e-01,6.688349012416154871e-01,5.806808985972733428e-01,8.900427214487590666e-01,7.393190517186609689e-01,-6.223960689903842991e-02,9.436403705867778546e-01,7.313006339029309855e-01,6.130909654818417209e-01,7.579331430615220411e-01,5.776466514055970114e-01,3.903705943205552087e-01,5.778121410468387564e-01,4.731486366086661288e-01,1.718049374591452128e-01,3.358615792667609679e-01,2.170749926385823758e-01,3.949214874746954651e-01,5.056777657641186030e-01,9.203324038366880178e-01,2.148895675985142140e-01,1.035650140764717841e-01
4.590413879075984638e-01,2.502749297835952236e-01,9.218527649788790246e-01,5.686775730146014229e-01,4.507370087609517961e-01,9.975774591101062017e-01,6.064380433380452962e-01,5.950701968935797614e-01,3.528612144555136609e-01,3.112045172904516488e-02,6.480777665628429940e-01,9.567651359770604769e-01,6.192603117201241902e-01,9.975710117470328875e-01,9.215923355261299577e-01,6.772042344429374250e-01,0.000000000000000000e+00,6.719778110146665817e-01,9.861417473534497269e-01,4.040996580678739569e-01,9.023421791393158031e-01,8.311891149612424812e-01,5.478143885892400311e-01,7.695445449471960409e-01,5.775897385747019719e-01,7.610121138916284833e-01,9.396420245114700531e-01,6.847912587279312291e-01,5.440934030967317647e-02,4.214499113921205131e-01,2.688611102359603766e-01,6.413041877368791388e-01,9.776636045786106788e-01,9.939992105810633305e-01,6.292476734572203245e-01,4.800148587447866655e-01,1.224819525030517442e-01,5.662226271919736931e-01,9.851617256371610898e-01,8.161931707016272242e-01,4.104116878688743308e-01,8.723079393879384913e-01,4.388400554358407035e-01,4.249005048575973387e-01,8.111658651055136948e-01,7.220626865840344966e-01,3.741096680511516448e-01,6.109533624022747134e-01,7.655829942564963408e-01,8.966647125972319055e-01,4.091699051622252892e-01,9.197596872544790969e-01,7.175072897058774046e-01,6.423162611038534253e-01,9.242780015811222771e-01,4.028229833815406558e-01,8.745381161210713516e-01,9.366605896888783311e-01,8.701760817479475829e-01,7.471446377391763871e-01,7.190120956167702637e-01,4.259010586154451383e-01,7.706199301123655143e-01,8.361017061551936358e-01,6.019679522229780533e-01,5.122898993741669127e-01,9.302841666905319329e-01,6.722194080280035067e-01,6.956133821271333062e-01,9.227611057505957781e-01,3.725216872019421199e-01,8.450068690275529537e-01,2.791024627536459746e-01,3.292373574798840297e-01,7.151674543333588208e-01,4.838499383921000541e-01,7.230135871524658864e-01,9.510442759592375728e-01,5.474354338718783186e-01,1.794360241925117144e-02,4.467936285241396188e-01,3.003131326063522288e-01,6.823928230046055754e-01,8.128523196000702056e-01,1.668779652466181526e-02
8.520819924285253366e-01,2.314026444450235087e-01,2.891235122361446308e-01,9.036801332870149084e-01,9.083744643212782188e-01,4.607466102194734958e-01,9.129259376381582136e-01,4.980330426322301385e-01,7.967506724598008017e-01,6.770988967920373858e-01,7.317336977311253987e-01,6.438528339607885176e-01,6.519340507319058009e-01,8.375965144830207487e-01,4.716108014997089093e-01,9.163919264842013135e-01,6.719778110146665817e-01,0.000000000000000000e+00,8.515154946848407791e-01,6.348534620141367268e-01,7.514890477464426510e-01,9.697872575297027398e-01,6.360372283349208233e-01,3.302116089113777964e-01,2.878410697401266871e-01,7.036448909687138542e-01,8.941023162392028878e-01,7.823006575771397353e-01,4.992383397904511799e-01,4.596429832262124426e-01,4.781726655785329960e-01,6.740398652295112036e-01,2.097740187882739527e-01,4.087841961072564700e-01,5.855785140465157301e-01,4.806231514581991160e-01,3.720840423624149906e-01,1.651908321761080822e-01,8.235898998816177929e-01,6.873349808508361081e-01,2.662603591052342678e-01,8.669459209453451720e-01,6.301942007797102230e-01,2.310574090777301470e-01,5.356225837760308917e-01,7.768214617266235855e-01,8.527569575109481548e-01,3.834673594231802207e-01,6.036881996067408052e-01,6.213779079919282688e-01,5.031034284631309417e-01,7.490760357423993376e-01,7.609436967365164062e-01,9.141903731192747573e-01,8.917097882733804326e-01,5.276517085186300804e-01,7.948982409240088476e-01,1.973018511711589762e-01,4.136351585288032262e-01,3.471902332713117101e-02,5.409688955998480653e-01,7.507571113982779432e-01,2.383566340406508277e-01,8.080980037546535710e-01,4.327194845334317308e-01,7.790747281451125827e-01,6.919558350122367862e-01,9.387453797584520698e-01,5.634197872193777989e-01,6.608948020212017660e-01,3.077691510540952469e-01,4.807643813802894295e-01,3.083919294834832070e-01,1.693067069064142435e-02,6.820521789071449792e-01,4.504919343412374655e-01,6.595421103413843245e-01,4.546047281293605358e-01,5.101566845663696448e-01,5.832384680304737445e-01,4.230478119036899520e-01,8.768277998160514120e-01,5.523578619536747558e-01,4.727921342382445657e-01,5.875860980358846852e-01
