0.000000000000000000e+00,8.690189723470577166e-01,6.425831545269137246e-01,6.191031133669226971e-01,6.939939521359308472e-01,6.911576099896733494e-01,9.706305583226704226e-01,5.998331048716358804e-01,8.883179875208430110e-01,1.003776187817928406e-01,9.776208054777338896e-01,9.964381446519943175e-01,4.811423969825212588e-01,1.636917563420061394e-01,7.400870871015453600e-01,7.858281323011667707e-01,9.443789156296065190e-01,7.631178071982358535e-01,7.724230348695853010e-01,7.291798135002275361e-01,6.481973830916617496e-01,9.220851313601532429e-01,6.728820940731227163e-01,7.598877136843789071e-01,7.428861380511480039e-01,8.085692726607298653e-01,9.999443778764671720e-01,9.517838556749702583e-01,4.983322787777627050e-01,4.427942469442394113e-01,4.012039458477283382e-01,8.701027334662425616e-01,6.235909275965927367e-01,9.197483775159717156e-01,4.747742600642188004e-01,2.946041309680184073e-01,2.546388973997283367e-01,4.118810522204293667e-01,8.700777889405446608e-01,6.389896823400881276e-01,3.021771822546294728e-01,8.277203799539100126e-01,3.123328694237655911e-01,9.530105249297747827e-01,4.983348345562900739e-01,9.713720752486343368e-01,1.579572311085622183e-01,6.534658274455402704e-01,6.065708819136438334e-01,5.213447126529957565e-01,2.783913707287214434e-01,8.499381582288824122e-01,8.684287734081224119e-01,6.754122523173309300e-01,6.325337059179962917e-01,7.270586823634080931e-01,6.733953971884680811e-01,6.873127413816345621e-01,7.070743075231225028e-01,4.548035143944660352e-01,4.277880781653745634e-01,4.031927191084343498e-01,7.801100200157555786e-01,9.749259215399204148e-01,7.517069360675474599e-01,7.232703132548323754e-01,4.776772194129182969e-01,9.150635249369969415e-01,2.726686298571814882e-01,7.456546840409536969e-01,8.890786297628406887e-01,9.316028551434784033e-01,6.168718789902841726e-01,3.464213920284475723e-01,3.925330227105590097e-01,4.152777858362991514e-01,4.376568940898246107e-01,8.238900645238251830e-01,2.904635745752863762e-01,6.301708568322771098e-02,6.777451793391742196e-01,9.696933295520013818e-01,6.823761011226614492e-01,5.352931996263231573e-01,9.685279662628303310e-01
8.690189723470577166e-01,0.000000000000000000e+00,9.649900160194162524e-01,5.679073024462953923e-01,2.703542667240931285e-01,9.246713468266838376e-01,2.498589581246280222e-01,4.912140066590715559e-01,5.431111350753685674e-01,9.867489019262856154e-01,6.241976398960161765e-01,5.237531447624237391e-01,9.574755362795395186e-01,7.431893736096901737e-01,6.150393735582782018e-01,6.923962549483458906e-01,3.249420309943864549e-01,4.532853190940310806e-01,6.072122494904571566e-01,6.052990969157416856e-01,2.379641229011265069e-01,6.622157747966396224e-01,5.913501576244797331e-01,7.331788624004199617e-01,7.436183963396162389e-01,9.381157818503033097e-01,9.427601349485208448e-01,8.895622523508496249e-01,4.026577933828248135e-01,7.486951094387979122e-01,3.364317820802710246e-01,7.002778441867404391e-01,2.032761166603528902e-01,4.670948506452707871e-01,4.429304581161093712e-01,3.030890626115071429e-01,2.666747874350464120e-01,4.828098108122355070e-01,7.886921562215809534e-01,5.774197422831498505e-01,4.537501841199344521e-01,3.156706386050534552e-01,7.435899072864542436e-01,7.296072468476854089e-01,9.794916359925472937e-01,1.698109942239912629e-01,8.882156194482460077e-01,4.923739431264646527e-01,4.372363883009247609e-01,5.679612262864460748e-01,9.314758181959859051e-01,9.415070334036914623e-01,9.121156509669682277e-01,4.153093625264888678e-01,7.900571570104670815e-01,6.609484331293882242e-01,7.343650106252386234e-01,5.139666625457642857e-01,6.171890993841951945e-01,5.817578149215660854e-01,6.033727598912147494e-01,5.508078314948785525e-01,7.268819865614306597e-01,7.008737471466803814e-01,3.641932660158268553e-01,4.662585380808101365e-01,-1.323316143723394789e-01,3.331036623699039079e-01,7.756741677963943093e-01,4.949655442539342420e-01,4.995990378078565830e-01,6.116840245570187573e-01,1.736577019910987285e-01,5.077411141820802332e-01,6.752724018044389265e-01,7.092588469940175333e-01,7.488471333524685525e-01,1.171399970342307112e-01,5.312797719022630538e-01,3.127120887305283592e-01,7.267044805466084112e-01,5.011106284898865226e-01,7.660127673240840762e-01,5.377186282252189864e-01,7.715902843898594377e-01
6.425831545269137246e-01,9.649900160194162524e-01,0.000000000000000000e+00,9.726484410135727288e-01,2.190647512974585320e-01,7.640160583767875435e-01,9.022881077934500338e-01,8.040631433974678721e-01,2.883272404069008310e-01,5.611065059421895818e-01,8.115744379221686566e-01,4.118649059937287693e-01,7.441731194928973281e-01,6.328194813851378830e-01,4.908487531462442099e-01,7.606876688674255593e-01,9.108463248301720272e-01,2.787358777366353846e-01,8.270335833473806408e-01,9.552784377072409683e-01,7.917699930648993689e-01,9.723144432798275227e-01,6.242304972381746975e-01,6.389603290911779476e-01,8.549570979090816980e-01,7.299907528654918654e-01,7.958709958372287563e-01,9.894350527167626863e-01,5.211978159472526739e-01,5.979309886059929191e-01,6.595078673455777585e-01,8.894892288680972259e-01,9.143925486655855028e-01,6.312666609867534362e-01,5.989590078279589669e-01,3.573198487129289891e-01,5.431706931936091109e-01,6.591584634291280942e-01,8.999747229520129732e-01,6.529032598603624615e-01,6.559785361636302214e-01,7.941773055742007426e-01,9.661765196126953503e-01,9.510137811306500488e-01,6.022269343945371167e-01,6.994124954295006802e-01,9.380831527459085883e-01,7.502363761915241680e-01,5.484354477827256824e-01,6.871190618583746801e-01,8.814983198176220558e-01,8.449831441216750783e-01,7.783720543881971210e-01,4.936908298041331467e-01,7.393377634528858211e-01,7.100370268231411819e-01,1.829478744773676002e-01,9.664430061886898349e-01,8.942309910139145668e-01,1.928226028187931262e-01,2.008717483505544632e-01,8.674613593330431360e-01,8.246636286115158754e-01,5.683993788769594602e-01,8.125463025952902596e-01,9.884457750366973938e-01,9.973748979547367721e-01,7.453775295390406841e-01,7.909195379829876416e-01,5.737485035127219968e-01,8.341241774899582628e-01,4.743839089851202284e-01,5.643188550236107881e-01,4.391250024601673907e-01,9.174206507871935923e-01,9.896634873940541866e-01,7.479614410788040235e-01,6.110178775897910919e-01,3.466605051074137522e-01,7.007210687276111960e-01,9.382149579330918421e-01,8.229567592090302197e-01,9.584900142985102178e-01,9.390946104885016243e-01,5.878741918237893049e-01
6.191031133669226971e-01,5.679073024462953923e-01,9.726484410135727288e-01,0.000000000000000000e+00,8.168575463118469271e-01,9.649640623836743814e-01,4.666467531715345896e-01,5.555334323484637515e-01,2.339700030216609536e-02,2.476068661464279619e-01,4.391495830959194491e-01,6.524965423120787644e-01,2.576942143552018449e-01,7.388045771146068974e-01,6.024074147486220276e-01,6.029107289027700878e-01,5.825051782881549567e-01,1.127590102333900224e-01,7.817969957656847324e-01,6.998259534072770460e-01,9.500591608674260335e-01,5.071045187142998456e-01,9.563574832788347413e-01,5.061750022435671514e-01,3.488973283209947929e-01,5.103976465622261927e-01,4.304318405595969899e-01,6.737159650588190329e-01,4.003536644520076515e-01,3.007804362044759761e-01,3.872169758527899130e-01,3.188945768920053991e-01,9.951400302034507650e-01,4.310747482708957579e-01,9.671391524452789268e-01,6.391690511252828832e-01,6.010688908027607136e-01,6.701343718400804006e-01,9.949731617309605092e-01,2.961402115994612450e-01,3.743817834496273034e-01,6.054762960900811342e-01,6.319629186586316338e-01,6.861296291421894455e-01,3.800093974540914576e-01,8.940914872929333068e-01,4.452470242758626018e-01,5.833036407064416951e-01,5.354880585718045927e-01,3.089201801377843282e-01,9.754116526758569439e-01,6.400958129371288052e-01,6.442671643881129340e-01,4.632508623926439029e-01,8.540181073074302187e-01,6.058265238637895456e-01,7.382600834179016136e-01,8.443553525262708082e-01,4.947245591517040464e-01,2.300792996193826712e-01,7.075338649845525074e-01,1.343801162662397464e-01,6.484660437416073231e-01,7.068392399328750075e-01,8.990358477201947363e-01,8.598217420817050316e-01,6.561643155081999801e-01,5.781099700397736019e-01,1.176269986487710750e-01,4.375783179901214237e-01,6.955264090736583693e-01,9.973591705553561670e-01,5.612640372201622707e-01,3.331971778488082570e-01,2.902409561785680436e-01,4.723058380239362197e-01,9.685709281171808183e-01,4.563262365012490385e-01,2.409328439722798754e-01,2.693847758140666127e-01,2.151712987812042510e-01,6.703544625084373321e-01,8.905233139148094335e-01,4.702958647905318701e-01,6.390961860582580201e-01
6.939939521359308472e-01,2.703542667240931285e-01,2.190647512974585320e-01,8.168575463118469271e-01,0.000000000000000000e+00,5.323674574847396812e-01,5.452431371114886405e-01,4.786386661213382077e-01,3.881724384534437355e-01,6.031907767432115319e-01,4.106536369741547454e-01,2.653479384370123761e-01,4.636231527306813316e-01,8.544822971581031990e-01,6.025186020983831492e-01,8.371858259691318249e-01,6.069445497399794665e-01,2.238747141484088155e-01,7.531625255926754914e-01,7.919103866042225270e-01,9.683186511837637012e-01,6.292011407852221572e-01,9.637773046572557512e-01,6.027530810056551669e-01,6.095660557501483279e-01,7.200076430497188706e-01,4.067110659284719487e-01,6.224306049548558040e-01,7.255823339411222872e-02,1.784469841411746027e-01,7.212282366846663184e-02,2.648868874299404874e-01,6.486144871865587858e-01,7.746259449126428054e-01,7.266708164442330364e-01,3.485929678940597465e-01,5.825714991196757619e-01,7.477551074439210410e-01,9.636728815080167765e-01,6.294171815717143348e-01,5.725688606704495420e-01,2.269509132731424017e-01,7.421559300095196265e-01,7.990780791807980954e-01,8.521185534105044646e-01,2.501565687953793971e-01,5.142234040303437226e-01,6.759575898159064788e-01,5.556786980541894572e-01,2.337859725461982341e-01,5.649642130002453522e-01,1.474134453476988182e-01,7.455236630974949597e-01,6.679148737874525121e-01,1.699133929709247814e-01,4.824851029548815617e-01,7.109075311514170270e-01,7.459807569186737153e-01,5.306549932690842741e-01,5.752520591132769257e-01,4.585634551160995553e-02,4.784807987657742068e-01,8.715998542576489649e-01,9.161405752119586854e-01,8.240502685983851494e-01,6.069906523631936057e-01,6.888313087724966532e-01,8.309196852426042890e-01,6.315751827606851387e-01,2.296136930615348404e-01,4.257265684852465926e-01,9.432190666327483486e-01,4.794071833927692206e-01,7.283227897474563450e-01,3.284229176618244095e-01,7.590753800762219949e-01,6.256024667834498842e-01,3.414225881178110100e-01,1.562821439365917955e-02,5.410430670385801832e-02,9.452967294091433326e-01,9.406274525568526501e-01,7.074096290760308881e-01,2.251028629730901232e-01,9.442191832240258709e-01
6.911576099896733494e-01,9.246713468266838376e-01,7.640160583767875435e-01,9.649640623836743814e-01,5.323674574847396812e-01,0.000000000000000000e+00,7.053622302755030438e-01,2.876715200259773453e-01,4.670051341106760678e-01,7.613504894431306624e-01,4.759921854995416424e-01,7.460221760128736834e-01,8.630850786456285562e-01,4.111281837079531210e-01,9.432311959581135552e-01,8.547293560587645445e-01,6.076594064844783594e-01,7.561384405904516548e-01,2.344532909535574083e-01,4.487159919979363809e-01,6.394785904943018906e-01,4.756222069731309565e-01,3.295872287706265724e-01,5.231696801694024623e-01,8.208388137188372680e-01,5.976347283799082061e-02,3.525762390545690295e-01,6.795317228710353596e-01,7.468808235140235174e-01,3.501551525631106943e-01,5.803216484411235498e-01,3.838002641508594937e-01,6.357391927427500367e-01,7.510444582747043407e-01,4.717121211090478661e-01,2.321417487211203390e-01,5.027075482735876566e-01,7.765118698487478710e-01,8.327685034448734092e-01,6.793383256022837990e-01,2.758047221911753555e-01,6.416815887740285884e-01,4.097523987329567685e-01,2.444934007668077003e-01,8.544310746630854325e-01,3.416459037363825946e-01,9.550658826937442614e-01,3.926435301640741615e-01,6.602386816818570647e-01,3.749998440458816029e-01,2.578328523139467032e-01,6.910101165196532724e-01,5.223315446562677433e-01,4.226296558244153623e-01,3.912633034124589626e-01,7.217064835694184666e-01,6.846913256311457641e-01,8.474493052561973272e-01,7.842668401475642037e-01,7.364738476385106480e-01,7.904614839380388336e-01,1.909981836312014125e-01,7.836507850638596562e-01,9.041429373051054208e-01,5.662543944298905618e-01,5.026563267618282538e-01,5.038137285616759442e-01,4.735854724903454382e-01,3.469357653063609437e-01,7.398892749615867404e-01,2.488367130609677735e-01,7.457841207237935199e-01,7.350881607351126279e-01,3.019139952498566259e-01,7.894094086149674450e-01,7.025390065333022571e-01,4.627370991774395481e-01,7.279515735725200498e-01,6.770080511211158392e-01,5.851982099852555408e-02,9.396467053110505452e-01,8.974684152243892488e-01,6.924539645459850679e-01,2.871889831989138941e-01,5.059880950370573283e-01
9.706305583226704226e-01,2.498589581246280222e-01,9.022881077934500338e-01,4.666467531715345896e-01,5.452431371114886405e-01,7.053622302755030438e-01,0.000000000000000000e+00,7.709056684050825670e-01,3.440979051269012906e-02,2.093888048015637160e-01,7.806142649491063512e-01,5.878179490371886473e-01,7.394802538992265584e-01,6.490314213166873403e-01,3.041111597859776361e-01,4.955062062697994651e-01,6.746921396937678450e-01,3.495781448082115883e-01,5.412005848928517215e-01,8.542509324240161739e-01,8.467141954967735140e-01,5.271753283993551031e-01,5.379864260833834289e-01,7.018592759685753357e-01,3.489176406245866335e-01,3.787022058859155216e-01,7.460444099377194771e-01,2.169246752398494016e-01,4.874093807991392580e-01,1.070392454886580913e-01,5.799311667362848643e-01,2.709842748476112839e-01,7.691208847189012765e-01,4.935334212419039135e-01,4.493283115063299027e-01,7.893030892078224392e-01,3.895638452826281073e-01,4.735853304231540384e-01,7.359705495083782578e-01,2.713074483429817052e-01,1.141732670013033690e-01,2.472753156641545602e-01,5.000990807283163253e-01,5.776914691286970660e-01,8.841626703154353839e-01,7.518890071173676137e-01,4.352832387783014956e-01,6.551662313348769473e-01,4.584024648250600853e-01,6.512542098681901592e-01,5.631631250311645021e-01,6.941836239414541643e-01,7.285567741268794695e-01,-1.654553363841365643e-01,5.850422154105343608e-01,4.672197636988181246e-01,7.649754094556224793e-01,7.405849550925392988e-01,7.369875524846112302e-01,2.612522560990839238e-01,3.927088273300686216e-01,2.248997852481207302e-02,7.748795706588770260e-01,4.881388182523979102e-01,7.172373056588976503e-01,6.397483600213413890e-01,5.965269267729425007e-01,7.305378357077938478e-01,3.927246797567672809e-01,1.417034868282998107e-02,3.204766826736868968e-01,5.422270854165520682e-01,3.580055261045598236e-01,4.207738895250580091e-01,5.355280929431416315e-01,4.654947745008876092e-01,3.689807176666209942e-01,8.611806664398269362e-01,3.501069499783601158e-01,3.260087083946064945e-01,5.105784591992117427e-01,7.614606419179376084e-01,7.352721889455086923e-02,4.203153159184693788e-01,2.586412151834373563e-01
5.998331048716358804e-01,4.912140066590715559e-01,8.040631433974678721e-01,5.555334323484637515e-01,4.786386661213382077e-01,2.876715200259773453e-01,7.709056684050825670e-01,0.000000000000000000e+00,5.818142607833655111e-01,7.577858875299996466e-01,4.702322042271578351e-01,6.014705928350387865e-01,7.822363450343284841e-01,6.521439407124240972e-01,5.519804881282024400e-01,5.523164616390578985e-01,8.559564414090869988e-01,5.291176965600106197e-01,4.528096147046290487e-01,5.542892134400003723e-01,5.019144492043000616e-01,4.212014217888535583e-01,5.080125190679379843e-01,9.247981673529943603e-01,2.496659460593708135e-01,2.411474797836086342e-02,2.520030541206156882e-01,4.826551235254264993e-01,-7.625687937058638066e-02,4.896909148322092786e-01,3.979830327962712855e-01,2.322435789743896861e-01,5.911273544541628677e-01,3.580449636883165088e-01,4.685028377160378454e-01,6.979722750276402543e-01,-3.014715551986846265e-01,4.236963354951369665e-01,6.220749414204221894e-01,7.886108812059220430e-01,2.383803669924821622e-01,2.188688351668534038e-01,6.866818366432079213e-01,7.902064631122263094e-01,7.782331581083199445e-01,3.815941161317313313e-01,2.656824219719471913e-01,4.761538736374830716e-01,7.210546468514976715e-01,7.884352031469059607e-01,2.330519998644936530e-01,8.461112091272068314e-01,3.793331925925769732e-01,4.712514995128327389e-01,8.266240406599669743e-01,4.280826899384751472e-01,8.532564244815170618e-01,6.614185517454653773e-01,6.854185150991480846e-01,4.328574088582262114e-01,2.050850517143524565e-01,5.308501793381489309e-01,1.473547276782278537e-01,6.030833797230048532e-01,7.153457988099448661e-01,5.261514482618003807e-01,7.238559846828951372e-01,8.909790090362558201e-01,7.949833599041957743e-01,3.912802343692201035e-01,6.762096225776974556e-01,3.831480470981275532e-01,2.055741547891326293e-01,5.847913358488395774e-01,6.168433384144156317e-01,7.260643443827695664e-01,6.967994586112229438e-01,7.662386627094410763e-01,6.704457851458447415e-01,4.375507897217348341e-02,2.313746859041771464e-01,8.738081470857503863e-01,6.600684747592947543e-01,2.256972065621723478e-01,5.419303191830384669e-01
8.883179875208430110e-01,5.431111350753685674e-01,2.883272404069008310e-01,2.339700030216609536e-02,3.881724384534437355e-01,4.670051341106760678e-01,3.440979051269012906e-02,5.818142607833655111e-01,0.000000000000000000e+00,7.291307177367143399e-01,5.206018563531202847e-01,4.210695674273626232e-01,5.566866322062786754e-01,8.117686335100194883e-01,7.635812890798704400e-01,6.868579716033738070e-01,4.373947399700413019e-01,9.891417068749950303e-01,8.594764600895905826e-02,5.117927982738118553e-01,9.342678290587455026e-01,2.452898494809977181e-01,5.995880747899133834e-01,6.351693586676820935e-01,4.748069614903434321e-02,5.177737299742646293e-01,6.497781911547961808e-01,5.239073820507419432e-01,2.083896760720156949e-01,5.293212011172077069e-01,3.906250663793190969e-01,6.115917303480397083e-01,6.864709545966430904e-01,6.576511804248437176e-01,5.128397824128032578e-01,6.225898633945847749e-01,2.805378821298733505e-01,9.748785624343923040e-01,6.040266675615156844e-01,6.019667344115393615e-01,4.898290881110965445e-01,4.871224850054624578e-01,2.342640777045395528e-01,7.588632017969469956e-01,9.665096715122917237e-01,4.943476056354519921e-01,1.251065343596446389e-01,5.136390236151292532e-01,7.874307708496436353e-01,6.416900326073865513e-01,2.332332607737234720e-01,5.444778735475401810e-01,7.078017176466450122e-01,9.541105818721408172e-01,5.474776720999358082e-01,2.805562855796041033e-01,2.627800482054991060e-01,3.229014421739261897e-01,4.994053453708222623e-01,9.479995192638382417e-02,3.080861177608658075e-01,2.823234555353645869e-01,2.151472998980790141e-01,6.770659089368433747e-01,5.836979837633682333e-01,2.904294650605314665e-01,3.515876031515339228e-01,6.716294344348809897e-01,4.135237536783479273e-01,5.986835256508761249e-01,1.949566777019568486e-01,5.653303383676284710e-01,2.939790133738522937e-01,1.534675873282304592e-01,5.400025886726342872e-01,6.319335037545217304e-01,9.316258207903502786e-01,6.143220380629669242e-01,3.228465328325235695e-01,1.646765612490833919e-01,7.923456366684926699e-01,4.973233687141011550e-01,6.469027592465143028e-01,7.124534904101230692e-01,6.354692014705274339e-01
1.003776187817928406e-01,9.867489019262856154e-01,5.611065059421895818e-01,2.476068661464279619e-01,6.031907767432115319e-01,7.613504894431306624e-01,2.093888048015637160e-01,7.577858875299996466e-01,7.291307177367143399e-01,0.000000000000000000e+00,7.165638807826831824e-01,4.762491402390778283e-01,8.328323922280049807e-01,9.181675965674650497e-01,9.589529031458052799e-01,8.191938379895795652e-01,4.945196664835638245e-01,7.681044276054320719e-01,6.288181394598164609e-01,2.360745982066640158e-01,7.622686721436542356e-01,1.690596693627673675e-01,5.351663889346425229e-01,6.288433338739320977e-01,9.848492713597052362e-01,9.916598625460223415e-01,7.070413690005101781e-01,4.548286404143180861e-01,3.961568137964514014e-01,2.284139982721138384e-01,5.457837892580669203e-01,3.390082612525809891e-01,4.470716040949292425e-01,6.274939007887347930e-01,4.044989949931652173e-01,5.461420516018091753e-01,2.830512594483672872e-01,1.129704551996427581e-01,7.405898576741586359e-01,9.849979654898708414e-01,4.983377672543076731e-01,4.906551488235518232e-01,9.935873534129691098e-01,8.771614640237664906e-01,7.302597854812927780e-01,5.239605119332856331e-01,8.434276203515616022e-01,7.283171725537769259e-01,7.116383246552779873e-01,2.885349665226108473e-01,3.334843420509874257e-01,5.149317305391877264e-01,8.054057783846771956e-01,2.404878228821165920e-01,4.059447382056634579e-01,4.105527788079819662e-01,3.111714093467679576e-01,2.157335591382089357e-01,6.405909999248948772e-01,6.925180530017622793e-01,2.548264187086448640e-01,7.872278518457154206e-01,6.608495473937935349e-01,8.620380281978512471e-01,7.622515753407326233e-01,6.806039135258141748e-01,6.412286878750173003e-01,6.594874003613555580e-01,7.233975552625444561e-01,5.948193939890589199e-01,5.507033630492946807e-01,6.844705919358842205e-01,4.730332971061838032e-01,2.334020884830631526e-01,5.475199558347889628e-01,2.307349606491124194e-01,1.367107479633491163e-01,7.111864654676197661e-01,4.530021065011252679e-01,2.792449272850144881e-01,3.044050884747927510e-01,8.768810023157243005e-01,7.382197451291072632e-01,3.963972775955001415e-01,6.323858539953836067e-01
9.776208054777338896e-01,6.241976398960161765e-01,8.115744379221686566e-01,4.391495830959194491e-01,4.106536369741547454e-01,4.759921854995416424e-01,7.806142649491063512e-01,4.702322042271578351e-01,5.206018563531202847e-01,7.165638807826831824e-01,0.000000000000000000e+00,8.609102799771140013e-01,9.230960102417138380e-01,8.960621209897771111e-01,4.803207352428389698e-01,6.565156755286756241e-01,7.875685573233159875e-01,5.438924479183003813e-01,8.757847038303340215e-01,8.302862301167958092e-01,4.930647472489708694e-01,7.403568868136041203e-01,4.022081515439235311e-01,7.168921896926004900e-01,5.251876439237308514e-01,4.028447571897529889e-01,6.018311702258267726e-01,9.806447490853202886e-01,4.347513073438604714e-01,9.739542028228487594e-03,3.262541387517778890e-01,5.012020849865097549e-01,5.729149712488532664e-01,6.669718815191978400e-01,2.590243256367709135e-01,3.283532123843205808e-01,1.517458081483354093e-01,6.397139454528614211e-01,6.482927165403826741e-01,6.264636433539025884e-01,5.783245789053157448e-01,6.223715756728951387e-01,5.733605431237768224e-01,7.293094780879862959e-01,8.295396659552887186e-01,7.366435572445515501e-01,8.420920522717036949e-01,6.263883881949522392e-01,7.379062277098711320e-01,4.488137261961269719e-01,3.358168143888176083e-01,6.848550146276664030e-01,6.251910654578530790e-01,6.652258949943317123e-01,4.096462198279109818e-02,7.355410006185083560e-01,4.338495106566218062e-01,8.275248878524279483e-01,9.808403848659715818e-01,6.961346027743265941e-01,2.541341397884891995e-01,6.969303366491285123e-01,6.844692093678541589e-01,9.847302629802399121e-01,7.195614680739611524e-01,6.330058921118913995e-01,6.834384296783702073e-01,5.092498581583295714e-01,6.981019671431903939e-01,6.849758070524888387e-01,8.701527427973879680e-01,6.036334664869567046e-01,1.843263940907924336e-01,2.967775648547419376e-01,4.497182735217735150e-01,6.963775232167601636e-01,4.720341454652519086e-01,5.344367933370570700e-01,4.426848037616957776e-01,3.821030777826693869e-01,4.693399622139527994e-01,6.870534845255316103e-01,7.235651446929679542e-01,3.163910573246671021e-01,6.609913071810684659e-01
9.964381446519943175e-01,5.237531447624237391e-01,4.118649059937287693e-01,6.524965423120787644e-01,2.653479384370123761e-01,7.460221760128736834e-01,5.878179490371886473e-01,6.014705928350387865e-01,4.210695674273626232e-01,4.762491402390778283e-01,8.609102799771140013e-01,0.000000000000000000e+00,9.603547192764647633e-01,5.558270027926374146e-01,3.784634613378412560e-03,7.817198180562835441e-01,6.310060566978468177e-01,6.164245265260448470e-01,8.620210052934499378e-01,6.835162852176798198e-01,6.682729535315643510e-01,6.276053087245275774e-01,6.921266587525978231e-01,7.150936156802060184e-01,3.740349595331438071e-01,9.613522180667322115e-01,6.755295091657784745e-01,4.015871382402909640e-01,2.153162533961036351e-01,1.684339361780229447e-03,2.755158851794103914e-01,5.150216859974255934e-01,8.796564183230716205e-01,4.788184966452659896e-01,8.960094076573027477e-01,5.797278426969291187e-01,-1.009183230032261319e-01,4.406138671876226320e-01,6.530567099540588449e-01,1.994694038045752510e-04,4.602271678640382779e-01,4.385002437911015849e-01,6.668134971600988559e-01,7.090824443014751566e-01,7.899008345368241368e-01,6.242203157805179536e-01,7.839808751643194684e-01,4.619646293332710374e-01,3.481911335073707425e-01,5.915492435079684475e-01,7.164120160894124067e-01,4.710339285669046805e-01,5.673332845731189344e-01,5.513750550727912758e-01,6.171172664773858507e-01,8.677310164462835873e-01,4.853545056576809014e-01,-1.606354032228240469e-01,5.129191942882084243e-01,5.018607779754961085e-01,4.192050086494455985e-01,6.167490622637394893e-01,6.512637446998035262e-01,8.066354812912730488e-01,2.818777573617814447e-01,6.919418859435936264e-01,4.803750003312537431e-01,8.630707125362580001e-01,4.874949495441155967e-01,9.322990246249468482e-02,4.881879126020423065e-01,5.018323694384413391e-01,3.810555558771981932e-01,4.307259759803366839e-01,4.176519321100471971e-01,7.874353904314465025e-01,8.082672685645918564e-01,7.672134953196985130e-01,1.874414360504547961e-01,4.861977699874672765e-01,4.551117296433987991e-01,6.504693979043676411e-01,4.996998012539734524e-01,1.385705840468158256e-01,2.742906733286103529e-02
4.811423969825212588e-01,9.574755362795395186e-01,7.441731194928973281e-01,2.576942143552018449e-01,4.636231527306813316e-01,8.630850786456285562e-01,7.394802538992265584e-01,7.822363450343284841e-01,5.566866322062786754e-01,8.328323922280049807e-01,9.230960102417138380e-01,9.603547192764647633e-01,0.000000000000000000e+00,7.093825265975791661e-01,5.868785989528790825e-01,6.675764526644155650e-01,7.146219666413203830e-01,7.878100951210107450e-01,8.864261115703006011e-01,6.839550737076632858e-01,6.883750677010984642e-01,6.698802178010136998e-01,2.462634173082034472e-01,5.758505217143268240e-01,4.152307091100330694e-01,8.580306344845654021e-01,7.363016555357227988e-01,7.999217839547313469e-01,1.406282455297364897e-01,3.797770374052781284e-01,3.289962285381791141e-01,5.425800036396084547e-01,8.926961690811318073e-01,7.925221769891888091e-01,6.275197505164189504e-01,-1.245812620705603613e-01,3.202134686108467632e-01,4.358547690159145782e-01,8.965464678320325120e-01,6.186845961506175495e-01,4.359262037062172634e-01,7.579479742026480338e-01,5.307005526557830866e-01,4.326197158942985954e-01,9.621605158987325268e-01,8.787577986905361627e-01,5.311239966374255994e-01,7.020890065098794874e-01,7.860001624527213071e-01,5.706454739438879820e-01,6.793066480197164081e-01,5.042337219469528176e-01,7.835595275837941021e-01,4.875005803620844347e-01,7.945830546930241489e-01,6.794718074366168370e-01,6.755105426177312467e-01,5.339757180574349338e-01,4.394837924908869820e-01,3.818519081343686450e-01,3.244098994935650238e-01,4.726359495717386006e-01,6.681838676509553876e-01,8.697928972568755857e-01,7.537384071357946524e-01,9.466055103887310862e-02,8.578333356495413398e-01,7.752570664579445658e-01,2.122538034641704985e-01,4.189790252332750708e-01,7.607016506434740588e-01,7.572264054932468236e-01,2.825561635644384673e-01,-2.517995034261016341e-01,5.691626554311448594e-01,7.330019762999497868e-01,4.015652851737937512e-01,4.762048109077697267e-01,3.299378018553269509e-01,4.284885389610649242e-01,4.762610745769285114e-01,6.947356783210503206e-01,8.309828175862018496e-01,2.047824109503477430e-01,5.078910614389438027e-01
1.636917563420061394e-01,7.431893736096901737e-01,6.328194813851378830e-01,7.388045771146068974e-01,8.544822971581031990e-01,4.111281837079531210e-01,6.490314213166873403e-01,6.521439407124240972e-01,8.117686335100194883e-01,9.181675965674650497e-01,8.960621209897771111e-01,5.558270027926374146e-01,7.093825265975791661e-01,0.000000000000000000e+00,5.807333642237291205e-01,6.463311321278328858e-01,7.532158124295547097e-01,7.069505446443502539e-01,9.922999276720796402e-01,3.286573213823770212e-01,9.494797345360290741e-01,7.165487466916341530e-01,7.324973299459064391e-01,6.561497263472616526e-01,5.077258898337795312e-01,7.372772268119642813e-01,5.506370646549252346e-01,9.537776265944781784e-01,2.244853477843565537e-01,1.366718406092952420e-01,3.779271052878173109e-01,7.453715516312134914e-01,8.605387070194829846e-01,6.146153861208669689e-01,4.342309687275454078e-01,1.902733375474368119e-02,5.301294492603502162e-01,4.892648264996506402e-01,5.912836654948836479e-01,6.904815223126949952e-01,1.672439957075766703e-01,4.096893470107806356e-01,4.440860186836205203e-01,5.811263832823055919e-01,6.561771098693397475e-01,3.361909574081010099e-01,8.110849657139085345e-01,7.509729926251534904e-01,8.240498169501017101e-01,8.314007119366929599e-01,7.040982633635242127e-01,7.973039557322130211e-01,5.160405595140477031e-01,7.503068804982598872e-01,9.894514322056452427e-01,7.179522872588436355e-01,8.687373681186936203e-01,6.349945322964412053e-01,3.448308003465639371e-01,5.906420721821885600e-01,4.983269334394250238e-01,9.848873412001045713e-01,6.106733891536501035e-01,5.005659625819175451e-01,5.485131822984117278e-01,6.199778284004826556e-01,9.495898789449290778e-01,8.150735625933502870e-01,3.946917219926565634e-01,6.404303783022421426e-01,8.006729152025050533e-01,6.147024527518104575e-01,2.612205197653947875e-01,5.285364533858136760e-01,7.691570857089482516e-01,4.418201734803153813e-01,7.596930860956938591e-01,9.186068399669075069e-01,6.271817002102360039e-01,7.111684971951138801e-01,9.666824741772798157e-01,4.151878732462547794e-01,5.710382438783176973e-01,2.638703273438541830e-01,4.897318419569574033e-01
7.400870871015453600e-01,6.150393735582782018e-01,4.908487531462442099e-01,6.024074147486220276e-01,6.025186020983831492e-01,9.432311959581135552e-01,3.041111597859776361e-01,5.519804881282024400e-01,7.635812890798704400e-01,9.589529031458052799e-01,4.803207352428389698e-01,3.784634613378412560e-03,5.868785989528790825e-01,5.807333642237291205e-01,0.000000000000000000e+00,7.726535924246756837e-01,9.533036291403043094e-01,6.859842158316868943e-01,7.554273213227499228e-01,6.832167194090965623e-01,9.890415933391605297e-01,2.796037233891404128e-01,6.346489567822489741e-01,7.982448931219743304e-01,5.377263334411687135e-01,1.311021151738178958e-01,9.605271958380311448e-01,6.086322297855536467e-01,7.774019681735329090e-01,2.649638219192711475e-01,4.864646050109480147e-01,2.436357790503528853e-01,6.330887639845136361e-01,6.181915050352307928e-01,6.544029055921833926e-01,4.190042684720068356e-01,3.467947468577249337e-01,5.736016490963249392e-01,4.435428031339979649e-01,5.847263468129062502e-01,7.971826046721790515e-01,8.124135883210920062e-01,6.422354279064099725e-01,7.119136343379233178e-01,4.468253001502212052e-01,8.721043857632373442e-01,4.643671403403223930e-01,2.950247405442477655e-01,6.642610139087621324e-01,6.055803264886302495e-01,1.002349359977355303e-01,7.143849609077521645e-01,6.679669916803832042e-01,3.955846716607348545e-01,8.513653728822756506e-01,7.341841185421938976e-01,6.676746049965699425e-01,4.861088098068547247e-01,2.404980236913178415e-01,5.711210372187062179e-01,4.735735823419622292e-01,7.399634911549125560e-01,7.029054218466358472e-01,5.199400627636474592e-01,8.569272849988173180e-01,5.272307655963746065e-01,5.869797857800427288e-01,5.350071950083480354e-01,4.825987499062269204e-01,6.956692118183195328e-01,6.968079922490660882e-01,4.139995255370002014e-01,2.619263078519745158e-01,4.983504411905783082e-01,3.465941429023146059e-01,4.989762042924922314e-01,6.463087671863561035e-01,6.408059928205258604e-01,4.653925122023806482e-01,2.170953627593079083e-01,8.223515959522547103e-01,5.628082206656824793e-01,7.573657544405900666e-01,2.605579795335605797e-01,5.311358195382231973e-01
7.858281323011667707e-01,6.923962549483458906e-01,7.606876688674255593e-01,6.029107289027700878e-01,8.371858259691318249e-01,8.547293560587645445e-01,4.955062062697994651e-01,5.523164616390578985e-01,6.868579716033738070e-01,8.191938379895795652e-01,6.565156755286756241e-01,7.817198180562835441e-01,6.675764526644155650e-01,6.463311321278328858e-01,7.726535924246756837e-01,0.000000000000000000e+00,4.147668778567036307e-01,4.545511251885259174e-02,4.870209956619481195e-01,6.611722383749292220e-01,9.189210433910306453e-01,5.593394869554935145e-01,5.212272740968596496e-01,8.354084321760401055e-01,5.494329902739236715e-01,2.259203860650794149e-01,8.656713617210364253e-01,3.368699950654544528e-01,2.348980027265199222e-01,1.289647949209427880e-01,3.545798362067847931e-01,3.105749425938755248e-01,2.706441600047818086e-01,6.511941204101548974e-01,6.741910585821633273e-01,4.751040371062431600e-01,3.519378336901367033e-01,6.995305075806884654e-01,8.255253682789639447e-01,6.885083464354282423e-01,4.304107192385567826e-01,9.301677933751708593e-01,9.727688134374130602e-01,5.680122166364376390e-01,9.239026164757110360e-01,6.016101676245855234e-01,9.770604716904141007e-01,5.084177748111540218e-01,7.016488106569183092e-01,5.982298286422185196e-01,2.378228874653654790e-01,-1.498512396983783523e-01,7.551715426636953499e-01,9.387241768421838994e-01,2.491514202387792865e-01,6.004781553847211573e-01,5.536207385599550834e-01,9.963368240556064181e-01,3.999895299103096713e-01,4.987086858015898905e-01,1.734169296657718240e-01,7.916278518826000976e-01,5.083718131165980703e-01,7.307937546317091471e-01,8.130443293823166329e-01,2.838779453742240610e-01,6.074790790025814680e-01,9.430006963077184334e-01,7.585807338825201196e-01,9.201318533797266941e-01,7.857854174008597203e-01,6.869834906228303728e-01,5.535196470050993689e-01,3.360217303936381406e-01,7.392355337854692454e-01,4.618883814547012356e-01,6.568287844543733156e-01,7.277123301783433584e-01,3.695488292993257540e-01,4.232736669907691263e-01,4.515880750766106400e-01,6.790488863812464970e-01,4.822588768741786214e-01,4.072227777324113895e-01,5.055231566004313448e-01
9.443789156296065190e-01,3.249420309943864549e-01,9.108463248301720272e-01,5.825051782881549567e-01,6.069445497399794665e-01,6.076594064844783594e-01,6.746921396937678450e-01,8.559564414090869988e-01,4.373947399700413019e-01,4.945196664835638245e-01,7.875685573233159875e-01,6.310060566978468177e-01,7.146219666413203830e-01,7.532158124295547097e-01,9.533036291403043094e-01,4.147668778567036307e-01,0.000000000000000000e+00,6.101141478504031879e-01,7.099983449516824585e-01,9.668156965564630445e-01,7.737376858783956424e-01,9.208046670676783840e-01,9.085334412361734113e-01,6.599316217415485131e-01,2.006384616346322258e-01,9.153867740731274072e-01,6.888645597359748241e-01,5.114612236069422391e-01,2.079810761819874954e-01,2.258210750232722275e-01,5.545044279561720524e-01,8.484333314139471671e-01,8.074133595776236128e-01,5.946569695783051612e-01,6.721923376252797455e-01,3.883807557133238664e-01,4.233043989580567712e-01,3.775411833873854039e-01,6.535251019498103942e-01,8.467369745022078620e-01,6.936030272071393998e-01,9.215825437421485411e-01,2.338304986983734401e-01,9.160553577333934161e-01,6.991862626420984883e-01,6.790779542901057564e-01,5.065559661532841318e-01,1.931526498909730272e-01,6.104589511210782860e-01,4.733672498313855614e-01,9.614747704117838634e-01,4.221186934766318899e-01,7.801821521134033599e-01,9.076608543741124802e-01,6.170277475180376836e-01,6.288493047411108927e-01,7.768224996245205460e-01,9.629946957342020442e-01,6.082150317021688402e-01,6.644231678487146908e-01,1.817223397571806065e-01,8.906828555747046128e-01,6.214484510279502105e-01,7.388765102365811854e-01,9.452694880024469226e-01,4.125293831346156792e-01,5.658196140008771025e-01,5.459732981816579622e-01,3.870050729301196535e-01,3.888796139590573464e-01,4.172054281547783461e-01,6.800850046090796130e-01,2.990107399029070523e-01,7.070002064373610839e-02,5.897624070375990790e-01,5.888630479651177918e-01,9.837636034759591475e-01,4.906106288052997089e-01,2.984237466370917025e-01,9.846951100386083788e-02,4.195343124013453107e-01,9.376213118647723777e-01,6.696245581400471769e-01,3.329627986197897238e-01,2.866472252648435415e-01
7.631178071982358535e-01,4.532853190940310806e-01,2.787358777366353846e-01,1.127590102333900224e-01,2.238747141484088155e-01,7.561384405904516548e-01,3.495781448082115883e-01,5.291176965600106197e-01,9.891417068749950303e-01,7.681044276054320719e-01,5.438924479183003813e-01,6.164245265260448470e-01,7.878100951210107450e-01,7.069505446443502539e-01,6.859842158316868943e-01,4.545511251885259174e-02,6.101141478504031879e-01,0.000000000000000000e+00,2.275901899420626207e-01,9.229577787013273360e-01,4.360165125706580436e-01,5.259964377839712046e-01,6.441650367143998412e-01,8.604595107736291437e-01,5.558065719066707100e-01,4.504503055628405472e-01,9.685743717594882396e-01,6.222300590640633677e-01,3.990998833546446356e-01,5.250369907721034179e-01,1.291147093979198857e-01,7.673685564661342218e-02,5.584004065998643407e-01,7.358491460769395198e-01,5.781523854539540874e-01,2.828526681797435272e-01,-3.032800265466076284e-01,4.387780062413991766e-01,7.036755317115815922e-01,4.215588026746270311e-01,3.155067070754644099e-01,6.069376760423397243e-01,2.029722537951991757e-01,9.326011699187204407e-01,8.212867983845429931e-01,9.516776678754350627e-01,6.605767486375270225e-01,6.113421905405600487e-01,3.981557453515301992e-01,8.903796405707539163e-01,2.794251873942023567e-01,2.937921934188773565e-01,3.413997745290799912e-01,6.102128540126423584e-01,7.218412855851373822e-01,8.523421235640452620e-01,5.525595413992550053e-01,7.484882841313568180e-01,5.725806266220697660e-01,5.073869020383925399e-01,3.079947691802793486e-01,5.468091900181060172e-01,3.110274886437868203e-01,6.257584211805741203e-01,7.564942954845570444e-01,8.151048899849796525e-01,3.451044005307294382e-01,8.889320106599055693e-01,3.134651021388568104e-01,3.645883508767463477e-01,4.387176006797450234e-01,5.020078400748922975e-01,7.842829762779708336e-01,1.358811702869786864e-01,7.038836060487975166e-01,6.392503110407431466e-01,3.171696614410016712e-01,2.557698453623196144e-01,5.099335018573570855e-01,4.792855146203240935e-01,4.642140476294660534e-01,8.534739220644285140e-01,5.401968548665101455e-01,5.720552397459242044e-01,7.792055192346132309e-01
