0.000000000000000000e+00,5.779634989832795888e-01,7.113367882117953567e-01,7.328735477008426757e-01,6.456795772686783064e-01,6.554275093387245121e-01,8.456904141896313121e-01,8.040017247584381188e-01,9.944207388543360171e-01,8.446423100718585264e-01,7.820673744848657405e-01,5.422986592005024642e-01,5.075686984336506002e-01,9.260782779517228169e-01,8.401171140205415666e-01,3.635670155253593050e-01,9.437411744979886663e-01,9.659927620435730944e-01,4.085458266324625276e-01,6.592383488921277346e-01,8.234709901780674635e-01,9.018501002431394964e-01,4.897682979713438578e-01,6.288066167725476774e-01,9.625566682836916854e-01,7.606828676036412329e-01,5.564318425669453339e-01,9.277454035778941455e-01,4.615021731192186505e-01,3.300018480384755426e-01,4.082605469564051792e-01,2.455752534876615711e-01,6.033949369634720172e-01,6.175973964293079987e-01,8.703302928530768368e-01,5.887151767836274136e-04,3.925130848131662686e-01,-1.638211457781741376e-01,9.239911236327087440e-01,6.213649566297897442e-01,5.118558511420239210e-01,6.836100829217170993e-01,3.840662338712017704e-02,4.413133807492807814e-01,7.874814702149108836e-01,4.092139432958371570e-01,7.924780943271612088e-01,7.575177549874009264e-01,3.803327616922301257e-01,8.579739529016701116e-01,7.687297178884692217e-01,7.697055846951993408e-01,6.931505151364861783e-01,8.766306186990688865e-01,6.072644481263338445e-01,9.413625811775471197e-01,6.833616369487404141e-01,2.221370173945264315e-01,3.125955101618371756e-02,2.120762896167373290e-01,2.893683870581763018e-01,7.027446500755811787e-01,4.782866549020658442e-01,9.168275275746433639e-01,7.075675144786677251e-01,9.016112486023186712e-01,8.318837456847290035e-01,7.002098368500473402e-01,6.829916942153352322e-01,7.607882006166155620e-01,6.286468518547060347e-01,4.678759327440753513e-01,2.382555151046517883e-01,1.713601188164251277e-01,6.895272171830333363e-01,9.566428810490715806e-01,6.481421294691570578e-01,9.469744753234643486e-01,4.595606597382760339e-01,4.448233438632098191e-01,5.153492292463568436e-01,9.809751619584130555e-01,4.659547115043987109e-01,3.613526181807241167e-01,8.290576888738534489e-01
5.779634989832795888e-01,0.000000000000000000e+00,2.841166064145586589e-01,4.474175657042492871e-01,6.191902268494752226e-01,9.741781728440646049e-03,2.250505030019398778e-01,7.971657751334952913e-01,4.068606097949253320e-01,5.720873110648125870e-01,7.874173720472592564e-01,3.037776343183402061e-01,8.421847310499096517e-01,8.438316569948667301e-01,4.756731138646916879e-01,5.465190916461304393e-01,7.748465612623598453e-01,7.665539695192427061e-01,2.516594637764480447e-01,9.062554326473118982e-01,8.061153424938588552e-01,6.422219112520536344e-01,7.165493727008218627e-01,6.075695798598720332e-01,2.796545519874450991e-01,6.303659125859866208e-01,9.112008010114683865e-01,5.069599282900683068e-01,7.235225737972694748e-01,5.777938814224010677e-01,1.046953481072611797e-01,3.770724618366415593e-01,-1.781054829256226157e-02,4.833445973818839003e-01,4.628655321169536374e-01,7.487082667006502712e-01,2.892571333503098086e-02,6.845501748569750022e-01,7.382045391874392237e-01,1.232187319487335897e-01,2.414145731827454233e-01,5.047879168779345616e-01,5.086483912879533609e-01,9.956278240022977677e-01,3.726245147914034606e-01,9.845433925098758809e-01,6.856432045894957916e-01,9.873970188830956118e-01,5.502411922457607352e-01,3.113901915515147056e-01,5.622079863568064662e-01,7.275111452764981834e-01,6.816691431106851606e-01,6.960598888425152397e-01,8.295107053870532932e-01,7.990269316326044091e-01,8.470515549760936347e-01,6.840643556838490458e-01,4.430665296259072017e-01,2.331966067999673500e-02,4.099928139139571992e-01,6.041498658680787281e-01,3.674670688834971166e-01,4.594828507622862879e-01,7.280587518442709349e-01,6.642533476554630667e-01,6.872075642139495733e-01,9.567951818576387879e-01,2.618051476347990070e-01,5.055079894056789813e-01,8.222941812459891864e-01,5.671713897147219186e-01,4.752770690762915251e-01,1.986155862448689413e-01,3.072635919565180895e-01,4.153288320710181170e-01,4.334551005622658271e-01,6.012020584386612576e-02,4.858827338729025946e-01,2.513000298543077715e-01,6.179528664049979136e-01,6.626277144503984751e-01,7.015395486459101715e-01,-9.266630876645282067e-03,9.349607460943838710e-02
7.113367882117953567e-01,2.841166064145586589e-01,0.000000000000000000e+00,7.590686627104377138e-01,8.213818331767751557e-01,9.540243168925935935e-01,5.848458842928910828e-01,3.612524757785726681e-01,9.772353753852418556e-01,6.542956361953984334e-01,7.476061526615911390e-01,8.100135947346831511e-01,3.321230730481409266e-01,2.934817821076736166e-01,9.032261287057302690e-01,2.072846321501557454e-01,9.621335809221219781e-01,9.987127217835433113e-01,7.043128974186925184e-01,8.554934544110575079e-01,7.473746626322226305e-01,6.268094357523799065e-01,4.001928208987364788e-01,5.293949095072467692e-01,8.141558873310622557e-01,8.953630394424221262e-01,7.879144822176988860e-01,6.075059786649877891e-01,4.723853447214423906e-01,4.711493976806913064e-02,7.356673185990697528e-01,7.797181746549068926e-01,5.936740690129560516e-01,9.601629433614228271e-01,9.636503859673851702e-01,4.553463383889803651e-01,4.865475231158520319e-01,7.733886206488088666e-01,6.466000889001823904e-01,8.635656317354079015e-01,6.554825965398165533e-01,8.802074016248988553e-01,3.822324687492362205e-01,7.680464279211222101e-01,8.823110172982858712e-01,9.607267246907625902e-01,7.979323330350471810e-01,8.091981545834430190e-01,4.416177853869472369e-01,9.847344799866450948e-01,8.849265166232840318e-01,9.839071593311179420e-01,7.696672950748150166e-01,5.093145614546035205e-01,8.152623566248979881e-01,6.559107420732146476e-01,5.365996576654266104e-01,8.355030977901349853e-01,9.258841130510802042e-01,4.126392406357622944e-01,5.741081522431167317e-01,9.025900397673316533e-01,7.241851423048514258e-01,5.082389615039100139e-01,7.169937181483113653e-01,6.244795746655948943e-01,9.364987489718274993e-01,9.570041200704755280e-01,8.114426583651246794e-04,7.154129729918176084e-01,9.395963831988988213e-01,8.566108584017837480e-01,3.875216366335895168e-01,4.877975014232648343e-01,8.797173486505011075e-01,8.491494158888861499e-01,6.152227942315271481e-01,8.533043697176601050e-01,3.940507997995679190e-01,5.618106784961995892e-03,6.480386887327522771e-01,9.355762239839824357e-01,7.155023016758067511e-01,5.388744793643557296e-01,6.705493148806036530e-01
7.328735477008426757e-01,4.474175657042492871e-01,7.590686627104377138e-01,0.000000000000000000e+00,5.779705248380496707e-01,9.503409077375871705e-01,4.577990484275419325e-01,7.481946111844382796e-02,7.608547929809499344e-01,8.507433684862422130e-01,6.515845659242384125e-01,6.077352276091573247e-01,6.720896558481992411e-01,8.185949867836084248e-02,6.169189447441714158e-01,9.832124340414450936e-01,8.797083645380580075e-01,5.631006892625423088e-01,5.494215816077867576e-01,6.191744448825687863e-01,7.885278109711515437e-01,2.106138600846954589e-01,6.101829854470913750e-01,7.025683778637813459e-01,4.943519585172460040e-01,4.203976858581596199e-01,3.555137990132962722e-01,7.282775356603709005e-01,5.393620283383423475e-01,5.873455925598900507e-01,4.807596201820271697e-01,4.978757956398674467e-01,5.948006687799922698e-01,6.234098950688903296e-01,6.680454919732350394e-01,-3.856615278249955758e-02,3.638718702830225915e-01,2.551080814772538341e-01,-1.624512053655546850e-03,4.169669342128733969e-01,4.126264664854082387e-01,6.129624324120181988e-01,7.221276032162252667e-01,8.174668300808985988e-01,9.005087427287492563e-01,8.348595976637405158e-01,2.157498801881550521e-01,6.210775061855462464e-01,1.631497585272856377e-02,6.342748967275742000e-01,6.311146534877426495e-01,4.291835372801183768e-01,6.146594795906119568e-01,2.445108691015630276e-01,9.254766318451308482e-01,5.864524082921731551e-01,9.958162385979330011e-01,7.533322958025741034e-01,5.539374881007292917e-01,2.830178309058460906e-01,4.332728509546599494e-01,5.851358896609335503e-01,5.439699027423708921e-01,9.830637065240656058e-01,6.709401461986531645e-01,7.426886218510492244e-01,7.299588492986384125e-01,7.305589467673401227e-01,2.510357899265969195e-02,7.806897498704565841e-01,4.844851135307363110e-01,4.687360699357530081e-01,6.324503793258341444e-01,4.211361975767091703e-02,8.370424336442673363e-01,9.809070950398688371e-01,6.000057789203635528e-01,3.499264646904968190e-01,3.363036734443142217e-01,4.600281161073236369e-01,7.640186003188687014e-01,8.631504271178697119e-01,3.044613177262104897e-01,3.189857544220682239e-01,9.729039568269515215e-01
6.456795772686783064e-01,6.191902268494752226e-01,8.213818331767751557e-01,5.779705248380496707e-01,0.000000000000000000e+00,7.248061040567950197e-01,2.691150702493104729e-01,4.951959353682638398e-01,7.824924591968877019e-01,9.636825510355711000e-01,4.367309533589600612e-01,6.931237992281589211e-01,9.489713418721164029e-01,7.320225433640499269e-01,8.681261172984240659e-02,5.608456997420354639e-01,6.592857529079025891e-01,8.051635604649733935e-01,7.317130316580324756e-01,7.410774330795640852e-01,1.726539424346206497e-01,4.900155693512849853e-01,4.341464743448582020e-01,4.886625284625427112e-01,5.710852117306415288e-01,5.948506003189188984e-01,3.773309996473367400e-01,7.064104763989261793e-01,2.273331292315491359e-01,5.519866551083336681e-01,5.566127127017349574e-01,3.541200857713411310e-01,7.721479113853633169e-01,6.373523756409544827e-01,4.984567957426377371e-01,4.100318646613019813e-01,2.324587385203553680e-01,7.814709665119301540e-01,4.047286617131430342e-01,4.938102587650333719e-01,3.592194577414326018e-01,6.611395831507984600e-01,5.505993056340682257e-01,9.627614124819224850e-01,5.719083860853287904e-01,4.220919975886843756e-01,1.623903957884705873e-01,4.328957760241853858e-01,5.342692204823292768e-01,5.825314211406436016e-01,2.849613308187320393e-01,6.891581535394899483e-01,7.731257479098427865e-01,2.571445663216088695e-01,2.277603543060208735e-01,3.313345307982787369e-01,5.558236098686680782e-01,3.305573052410510360e-01,5.753540540608196308e-01,9.721148624047335485e-01,1.971807602660016409e-02,7.181106771464534910e-01,6.076670046748752219e-01,9.373355471790414395e-01,6.873228800032240571e-01,2.489646437740804241e-01,4.634751715210154721e-01,9.301714223464417897e-01,5.561963701172071284e-01,6.938566712974757467e-01,9.127752158423180218e-01,6.869377757382442162e-01,5.672617074309505014e-01,3.849750654980095832e-01,3.560073291569910703e-01,7.465192715622329667e-01,9.688363377794013687e-01,8.266335030020947050e-01,3.225356524552366322e-01,4.520742499366379175e-01,7.593848587848142095e-01,5.969321307085289074e-01,6.588113303099749629e-01,2.408658416398747060e-01,7.093561314326554124e-01
6.554275093387245121e-01,9.741781728440646049e-03,9.540243168925935935e-01,9.503409077375871705e-01,7.248061040567950197e-01,0.000000000000000000e+00,4.373632033517524942e-01,4.122485682952536368e-01,4.261360617327277778e-01,8.109942099760387713e-01,8.158485615320225648e-01,2.226271460190832607e-01,9.736881849888520124e-01,6.111258711567054691e-01,3.520347569876135507e-01,4.061948802315937940e-02,5.079386718651904831e-01,3.660802133215339538e-01,4.777495823791658158e-01,7.931242168637564482e-01,8.264860369088893322e-01,2.931946875567946753e-01,8.710523032346377814e-01,9.643970051392029008e-01,4.681489976881518800e-01,7.489070812675711064e-01,8.991361423525214835e-01,4.832959566301144871e-01,4.908434621262469100e-01,6.341218600719573661e-01,7.038441239315132991e-01,2.717701515490151820e-01,9.809310921427730201e-02,6.938639473186454243e-01,6.190967548302805934e-01,3.193382296449115421e-01,2.370526399616049995e-01,7.581902288114396038e-01,2.795726303992915884e-01,7.253026227422997296e-01,5.720822974821142548e-01,6.981266733600755003e-01,6.575776042537457844e-01,5.023732953480714025e-01,7.058000869966990498e-01,9.019027070903430365e-01,6.650631225214760356e-01,-4.529894509751214438e-02,7.690601460390208421e-01,4.440250059403917371e-01,4.050714388853186021e-01,9.426560916059478767e-01,7.288929645422841386e-01,6.728023910360459992e-01,3.611544575143121882e-03,6.796840078146988429e-01,6.099915093077639128e-01,8.582672817256851161e-01,5.604674948032483117e-01,2.602213130132343677e-01,5.848575738961944159e-01,7.315892785459149339e-01,4.624495746276325869e-01,7.442796153365073275e-01,7.469677717814761087e-01,6.856305036192601454e-01,3.244964954382576483e-01,7.279861850998523565e-01,4.452621182473699979e-01,6.164067226229499319e-01,7.362885940307113408e-01,2.549136520308436515e-01,-1.234409659598982162e-01,5.581140430567928246e-02,4.492589202099111501e-01,7.872594881244948661e-01,5.253394685030337019e-01,3.728802480004760334e-01,4.965878607370601827e-01,6.020828251306613588e-01,2.466161938837801160e-01,9.077784265434881705e-01,9.132522582253317367e-01,4.214034148869495455e-01,3.029449573476596380e-01
8.456904141896313121e-01,2.250505030019398778e-01,5.848458842928910828e-01,4.577990484275419325e-01,2.691150702493104729e-01,4.373632033517524942e-01,0.000000000000000000e+00,5.203516346574613705e-01,5.955814424838733467e-01,3.215413833342323224e-01,4.506089757734970114e-01,1.868515688231310035e-01,3.109255676967268567e-01,1.092284618859057921e-01,6.653344903473603633e-01,9.100593747182030846e-01,7.016795135385828219e-01,7.076806889787093935e-01,6.012829750800524620e-01,5.757639668156719903e-01,3.061596977798057284e-01,5.456675378404057808e-01,7.518439988019247622e-01,3.446574000280016037e-01,6.445286544144341878e-01,8.084682223520174571e-02,7.433245580275165132e-01,7.289150481186205122e-01,7.563768296134322222e-01,5.642877424396760544e-01,4.256432522264015916e-01,4.084055467316312638e-01,3.566340741001750025e-01,7.977699520657114407e-01,4.480702681030493406e-01,1.994930126808173443e-01,4.058808774309523026e-01,6.454649239446084152e-01,4.523643291544676148e-01,-4.658691452147148415e-02,6.581734137641684912e-01,7.216535887365348456e-01,6.159096778516772730e-01,7.382773299203102546e-01,9.737759896198544540e-01,3.864172588455923041e-01,4.590086487455987685e-01,7.222034755220834157e-01,1.829561917923201442e-01,3.359435179861774978e-01,5.728669335413379970e-01,6.407937563750834009e-01,3.787468940693011765e-01,5.647250353232995401e-01,7.672910833084892746e-01,3.471846777596558353e-01,6.750853794113549355e-01,3.914400130378388187e-01,3.915397363875465220e-01,2.994390974580927733e-01,3.505933241686619573e-01,5.124572280650706579e-01,7.964854432526786709e-01,5.717371659325301003e-01,5.099874072639151157e-01,6.842748759530822289e-01,4.915307946342923895e-01,6.800434255872707112e-01,3.610783807572567339e-01,7.318210938935639787e-01,5.810770642555663779e-01,2.502994322809201089e-01,2.813089608705093836e-01,2.965761588464583820e-01,6.370618056406107677e-01,4.674267978612751673e-01,2.560023727058923781e-01,4.401515174872571157e-01,1.930613091905611020e-02,5.385806771343495392e-01,4.351775160343798743e-02,4.426595471342401056e-01,7.186371400151055910e-01,2.210796507947225265e-01,6.644536651007332262e-01
8.040017247584381188e-01,7.971657751334952913e-01,3.612524757785726681e-01,7.481946111844382796e-02,4.951959353682638398e-01,4.122485682952536368e-01,5.203516346574613705e-01,0.000000000000000000e+00,4.202887674488211545e-01,2.609387814980584364e-01,4.186342166431025191e-01,4.276672838020806333e-01,6.719318708258708028e-01,7.887612514716771939e-01,1.241559941375228321e-01,7.213283661288589776e-01,9.912548595756258685e-01,2.515298332660547212e-02,7.092151549171541447e-01,7.375865209564567149e-01,7.377538999398096653e-01,4.062980443002677244e-01,2.990364467670871274e-01,9.944322074126163979e-01,4.088912583870312201e-01,6.686381015352660384e-01,6.341554645886829933e-01,4.663536140888898673e-01,6.658262749492505073e-01,2.527939670087645530e-01,7.338829248085628754e-01,1.903676336073675812e-01,2.652615222731635192e-01,4.100338150657100722e-01,2.126059115596215243e-01,5.206773744447285024e-01,1.181424123282133302e-02,2.806065715164582919e-01,9.838605151153180239e-01,4.970126528396290322e-01,-1.488193026417912734e-01,7.875942994367423067e-01,7.725286683839082125e-01,7.106252697942720964e-01,9.819382315801198358e-01,4.793016482991140359e-01,4.492109231198760377e-01,3.668137636061690188e-01,5.629826751850203204e-01,2.620300350753462792e-01,5.056342824685751136e-01,7.244057356546167448e-01,5.861804512352034591e-01,9.675668092142899468e-01,2.514962236831791986e-01,5.290462989899764601e-01,6.634780024556716782e-01,4.446920181296624697e-01,9.311857895907968974e-01,7.725013852627463651e-01,3.892973675550135404e-01,7.341732569677896780e-01,9.617569464401425350e-01,9.497625017989718144e-01,7.084160022252582456e-01,7.557851730526723433e-01,6.219419063454286745e-01,9.355724046173425901e-01,6.681561779498466080e-01,3.147337354471919091e-01,9.427755575454688231e-01,7.808548578961792275e-02,1.078180009612446089e-01,2.047980389335246620e-01,5.925182987666985923e-01,6.690815192677938006e-01,9.042582666546519765e-02,5.312909242143236677e-01,1.536357607823334304e-01,5.444441582232704135e-01,6.650636865924626218e-01,4.230045609692844599e-01,6.783428082620280852e-01,-2.404674109826782091e-03,4.194957997140975059e-01
9.944207388543360171e-01,4.068606097949253320e-01,9.772353753852418556e-01,7.608547929809499344e-01,7.824924591968877019e-01,4.261360617327277778e-01,5.955814424838733467e-01,4.202887674488211545e-01,0.000000000000000000e+00,7.805091827523277237e-01,2.864074327182994373e-01,9.490644334842059937e-01,7.222330287309683960e-01,7.363346420194367692e-01,2.415414824885590284e-01,5.666762091825124914e-01,9.748719775973626600e-01,8.628875119690442297e-01,6.789687833799602501e-01,6.242899810621510559e-01,8.387770670564366204e-01,4.390425767117109301e-01,9.579757386656289064e-01,6.543916268228293642e-01,3.584675451239611177e-01,9.985360726376103502e-01,6.396436779152373520e-01,3.091060563091820312e-01,5.366494726929138537e-01,6.800796643556575316e-02,4.921061306637431465e-01,6.989885247910101462e-01,6.320474963657145562e-01,6.047255011216045029e-01,8.674999778057406186e-01,2.640945078547384250e-01,3.584814326710744625e-01,6.338555908552099272e-01,5.341193031112085876e-01,5.628435414123200697e-01,3.369335913540428828e-01,3.120293289022514349e-01,6.324198069285239532e-01,2.437415198767029501e-01,4.847566220533386927e-01,6.992893838500957582e-01,6.540625195517244528e-01,6.960456491158013570e-01,3.587675946164650131e-01,7.835178851175925718e-01,7.343680060360306960e-01,9.309153530118359221e-01,6.770761739853726757e-01,1.567898664818477283e-01,6.231302824111545346e-01,3.494436464518414498e-01,8.134008365907736682e-01,6.608764349186921905e-01,9.333102571888488574e-01,5.525175321524936067e-02,5.578445280958013175e-01,7.923356130237910744e-01,7.496322690020662538e-01,8.554295067334798386e-01,5.135015629424533046e-01,5.628812549500097351e-01,5.179215754348621692e-01,9.982157905800628228e-01,3.665003607458717783e-01,2.265741826935031011e-01,5.714538869764922424e-01,6.694511640669449370e-01,4.083386977101554072e-01,-1.252547751930206954e-01,6.270581507758538065e-01,6.893382823876532672e-01,4.597583286546319536e-01,5.046442324052546891e-02,1.232245584071055416e-01,3.141227991189431412e-01,4.027100992910719879e-01,9.349048319670423268e-01,4.271954010103676813e-01,4.126367555799363984e-01,5.876275647369852972e-01
8.446423100718585264e-01,5.720873110648125870e-01,6.542956361953984334e-01,8.507433684862422130e-01,9.636825510355711000e-01,8.109942099760387713e-01,3.215413833342323224e-01,2.609387814980584364e-01,7.805091827523277237e-01,0.000000000000000000e+00,6.219981595215174908e-01,6.816380113877326119e-01,2.862798093203567928e-01,6.562638199282289087e-01,2.210098020418835296e-01,8.109176030401846758e-01,6.643512527154092906e-01,4.255578344333263985e-01,2.861494045726895724e-02,6.053144084625633470e-01,8.518970062669206644e-01,6.968119922365898500e-01,7.186598678539832807e-01,7.417481732999409161e-01,2.144398268515126660e-01,5.161913717602116813e-01,3.827362062028848433e-01,7.793558714080018879e-01,4.135789634624325584e-01,6.627285864932950243e-01,1.788241768414118235e-02,5.506503385851846399e-01,4.948355081195099925e-01,4.138874440390394316e-01,9.059891572598404164e-01,2.744779119829460212e-01,2.184289791047058782e-01,3.879075946000316577e-01,9.746452715521324306e-01,6.703589613641203204e-01,5.363956087627571589e-01,4.113094817953369398e-01,1.587447768767872580e-01,6.079780402907046799e-01,4.118989701930853564e-01,9.036313902426137412e-01,6.039671882764549027e-01,9.841752244682971940e-02,8.715711298588378897e-01,5.883687582287275841e-01,4.050240563774731850e-02,8.196020225809608206e-01,4.163118926907317663e-01,6.553885739909883767e-01,8.834243196081810190e-01,7.501982849591841696e-01,3.859355523931342069e-01,7.854367037718407163e-01,2.164505160887211510e-01,7.860209974584593251e-01,1.052273194203223322e-01,5.184803192125914117e-01,6.826831445862979741e-01,6.602553437271267978e-01,8.944350293890903636e-01,4.683771907517830790e-01,5.619551205452555376e-01,6.502985453167159369e-01,2.791167248335698625e-01,8.069267580206492818e-01,5.353797131486660588e-01,7.348436572530804289e-01,2.843576377045026193e-01,6.829135115653915955e-01,7.718342792259321739e-01,6.981111785361360234e-01,1.293288334234939940e-01,7.906943627055043056e-01,1.132990091464532584e-01,3.632620967283052282e-01,7.367649802075524335e-01,9.649557080180664048e-01,4.478730938858520583e-01,-1.066846482872434998e-01,6.963027148133859034e-01
7.820673744848657405e-01,7.874173720472592564e-01,7.476061526615911390e-01,6.515845659242384125e-01,4.367309533589600612e-01,8.158485615320225648e-01,4.506089757734970114e-01,4.186342166431025191e-01,2.864074327182994373e-01,6.219981595215174908e-01,0.000000000000000000e+00,9.054912835720493325e-01,5.988442978793193650e-01,6.643835007884854038e-01,7.514175279818454678e-01,1.541349726759985439e-01,4.732746536387390512e-01,7.459501710706658573e-01,6.482920768580082704e-01,7.687587923045395844e-01,6.563250256018267059e-01,5.582252028646162989e-01,7.778256668744805147e-01,7.669908650615254730e-01,1.263911708984298277e-01,4.881709192466106573e-01,9.775823616402277150e-01,5.040166543505405494e-01,1.450875856467653824e-01,4.501119094274733112e-01,5.263018172630009595e-01,6.563342675832870565e-01,7.463794788097461996e-01,5.775281619724310644e-01,5.827991087247943458e-01,5.568478399392653433e-01,5.139266587815899401e-01,9.955962883503375327e-01,2.866679448081514425e-01,8.420707874825943406e-01,5.008612085473174158e-01,6.615497347718670706e-01,8.157972109589769483e-01,8.037559901240053373e-01,6.467833243514937713e-01,9.663693675274864781e-01,9.058642649749568676e-01,9.036579929099388675e-01,5.514907506508418544e-01,7.001869827246304245e-01,1.340186476310074593e-01,3.409846690955643522e-01,8.651900822856500861e-01,4.458896981325445874e-01,7.663376389204615835e-01,5.914978187252076802e-01,6.082473661837212164e-01,4.184913523898353138e-01,8.047586104434319987e-01,5.131361272716503663e-01,5.773314983193071903e-01,5.794720473759672474e-01,2.026277114092504550e-01,9.599308156897705668e-01,9.857378080854987124e-01,1.164075883764581487e-02,3.490995214565790761e-01,7.977116134053660046e-01,5.569487674373815311e-01,8.552507614859932161e-01,4.123972842154266516e-01,4.741499428422579765e-01,-1.355756461573415228e-01,2.229443113987388328e-02,7.169534597336340020e-01,9.142374396209910214e-01,6.147236105991604749e-01,3.281746890586257903e-01,2.463532343896330523e-01,3.960869191816996926e-01,5.074184101622951637e-01,8.315004066863087573e-01,7.322207064091154072e-01,2.667364778687457139e-01,6.326358016206097279e-01
5.422986592005024642e-01,3.037776343183402061e-01,8.100135947346831511e-01,6.077352276091573247e-01,6.931237992281589211e-01,2.226271460190832607e-01,1.868515688231310035e-01,4.276672838020806333e-01,9.490644334842059937e-01,6.816380113877326119e-01,9.054912835720493325e-01,0.000000000000000000e+00,9.468563938467480234e-01,8.029166586568851072e-01,7.292084391292392720e-01,5.328067863710987950e-01,8.346019430105990899e-01,6.276085994368216792e-01,1.745905830146194937e-01,7.416961708314289137e-01,9.916371041833217381e-01,6.346413039728163730e-01,1.634257222748567440e-01,5.008036570848720670e-01,4.284984466848438256e-01,7.436592891015175733e-01,4.986546284959553210e-01,4.783670728323377030e-01,5.500440035349838386e-01,5.088328198503946354e-01,2.378928336163651514e-01,5.916046365705653898e-01,7.667191491334628406e-01,9.577473658613490093e-01,3.129723860248562750e-01,3.628242641060607232e-01,1.578814872317348683e-01,6.334962243634175705e-01,7.758351041336780662e-01,8.643218159051891947e-01,5.402760224007776557e-01,5.043135002935786870e-01,9.123422353610798341e-01,9.328198716862943218e-01,6.472673119834048139e-01,6.499414188408163540e-01,7.674533976279208636e-01,6.196214578466615608e-01,3.398856205506669559e-01,5.781529002686814911e-01,7.986822719281458927e-01,1.898617083347234336e-01,6.336991523808698235e-01,6.587379737648848543e-01,6.208952010673249866e-01,7.208866066289340013e-01,4.648555582866958913e-01,8.207599617966707672e-01,9.301242837110127448e-01,2.292893610432483742e-01,8.603521988787710822e-03,5.278645732201583396e-01,8.089338984959518752e-01,7.123158416567917373e-01,8.190333072479475396e-01,3.360443124018086536e-01,5.919806120111409387e-01,9.488552454596521635e-01,4.617078410777470943e-01,3.008675541756159477e-01,4.401860527979736259e-01,4.554405580015288835e-01,2.743213281248199076e-01,3.180688887518851593e-01,4.520699273835040444e-01,6.392336176029623784e-01,7.813070365535838002e-01,4.190239589511468576e-01,3.178866100383700988e-01,2.568782268006031821e-01,7.038369107370167077e-01,2.191698956662019582e-01,3.815835609339388590e-01,4.220310103596355278e-01,9.295096783023697462e-01
5.075686984336506002e-01,8.421847310499096517e-01,3.321230730481409266e-01,6.720896558481992411e-01,9.489713418721164029e-01,9.736881849888520124e-01,3.109255676967268567e-01,6.719318708258708028e-01,7.222330287309683960e-01,2.862798093203567928e-01,5.988442978793193650e-01,9.468563938467480234e-01,0.000000000000000000e+00,9.281161683651655281e-01,4.467958592898635950e-01,5.936343963150583214e-01,5.061814587494287698e-01,2.528587119729304167e-01,7.028454135486087440e-01,5.417201631308159460e-01,6.820479720273813218e-01,7.847828453230076828e-01,7.222307736737442196e-01,4.817016963641634342e-01,5.690065974238455171e-01,4.169981601869913734e-01,7.371269995222421434e-01,8.389220041752047941e-01,4.598347533845667523e-01,3.662893336267636357e-01,3.389068840667573967e-01,2.827629958814081301e-01,5.515498405824469375e-01,9.064201151027255765e-01,1.333764322650590750e-01,3.496782331910397446e-01,4.992333956467095435e-01,3.419516175230708499e-01,7.842375412090247799e-01,6.358289120380873349e-01,2.639685637557882547e-01,6.143080949900575627e-01,2.460362557928326976e-01,9.634124884502931474e-01,6.735010015092496305e-01,4.626366101190590996e-01,3.071583876347534492e-01,9.575461161392518905e-01,9.642491360320752936e-01,4.334405329045679656e-01,-1.442541388193746554e-02,5.013440842140185483e-01,5.194374562836872045e-01,2.517225270973657003e-01,9.553330072516980076e-01,8.861125940554607228e-01,8.272409517237139243e-01,5.385238839261446975e-01,6.463014684516437125e-01,3.593065196653027482e-01,7.108195705803564968e-01,2.199423499433749707e-01,9.519011268591568431e-01,9.727664198453621625e-01,9.209244104840745848e-01,6.373218331448265994e-01,4.172363490403580011e-01,9.847631099645598463e-01,6.095384100493335122e-01,7.343200275462919979e-01,6.223402791262508948e-01,7.009482781163612897e-01,5.292604193617210795e-01,2.750239314892091169e-01,3.987710363560307836e-01,9.716031993574909542e-01,3.714951689542348445e-01,9.698984564327168822e-01,1.461708984203797523e-01,4.237511780434461417e-01,7.313285197348553535e-01,7.323584993728362580e-01,7.706174611158732590e-01,5.899132553421456704e-01,5.517456795042635642e-01
9.260782779517228169e-01,8.438316569948667301e-01,2.934817821076736166e-01,8.185949867836084248e-02,7.320225433640499269e-01,6.111258711567054691e-01,1.092284618859057921e-01,7.887612514716771939e-01,7.363346420194367692e-01,6.562638199282289087e-01,6.643835007884854038e-01,8.029166586568851072e-01,9.281161683651655281e-01,0.000000000000000000e+00,3.006227775371644872e-01,8.494328294627451204e-01,6.621634349714387024e-01,3.015527412002138030e-01,7.842300715346959272e-01,6.314038785684915611e-01,6.054631856454399941e-01,6.655487934927697413e-01,7.408756233769842048e-01,7.012442160094561894e-01,5.135561304945609473e-01,4.149801369625679137e-01,4.460940856903534701e-01,5.713417575524097902e-01,2.149648840957679718e-01,2.180105870473952323e-01,4.480921357166580687e-01,7.681116037047803768e-01,7.561659400829365829e-01,4.052003895803810152e-01,1.841950029930154165e-01,5.644605200204054762e-01,2.017883545593712191e-01,7.665621965246254277e-01,9.931254873431168972e-01,8.493157403654103543e-01,3.775450256508472435e-01,8.448426840549465577e-01,8.588655825877464789e-01,6.985139533298512227e-01,8.829801458186837815e-01,9.131937052008056721e-01,7.192320071587759989e-01,6.461639607114963990e-01,4.154510529606511571e-01,6.694453834747988719e-01,3.363331376939745487e-01,8.799157064142302254e-01,6.982193355378771837e-01,9.490794674357322380e-01,8.438857690903623920e-01,8.630089901139046393e-01,7.843899121514168460e-01,7.744756983526784877e-01,9.708968845072432075e-01,5.632187878081811316e-01,5.697948765192060311e-02,3.992389629501749693e-01,8.595027775822398075e-01,4.079837783863216605e-01,7.179990858976492696e-01,6.934242354547464071e-01,4.356217094728316308e-01,4.360215049417126565e-01,1.111150121651143935e-01,7.325315591946185423e-01,6.578563900875981085e-01,7.771585331934125485e-01,2.982019201540698772e-01,4.869672696525097488e-01,5.044579677131239004e-01,5.283720161134443094e-01,6.273963424295095903e-01,7.956269932540452894e-01,2.197729759864199550e-01,3.179370553176196768e-01,6.283046892746518841e-01,9.662061480847951023e-01,3.144914762888377235e-01,2.599943599774894309e-01,6.543231778326437098e-01
8.401171140205415666e-01,4.756731138646916879e-01,9.032261287057302690e-01,6.169189447441714158e-01,8.681261172984240659e-02,3.520347569876135507e-01,6.653344903473603633e-01,1.241559941375228321e-01,2.415414824885590284e-01,2.210098020418835296e-01,7.514175279818454678e-01,7.292084391292392720e-01,4.467958592898635950e-01,3.006227775371644872e-01,0.000000000000000000e+00,7.649796255361973607e-01,7.183876514389511136e-01,7.868343060405137424e-01,1.814172302460847763e-01,6.682897779009404626e-01,4.739754266836818108e-01,7.820844796958569267e-01,5.937834284017411424e-01,6.328474287363577977e-01,6.765421601992892553e-01,6.272041112359800774e-01,9.891829532644345890e-02,6.359651613998444919e-01,1.085250069876991380e-01,-1.466745716903506969e-01,3.041067764059890433e-01,6.673224965453857793e-01,5.590707135389616500e-01,6.202788648227021140e-01,6.481341907124473778e-01,1.313787435035652651e-01,5.217218840417423564e-01,7.602639570071296760e-01,8.344556059815385618e-01,9.562020461335110078e-01,2.447888282064006604e-01,6.238709748444767333e-01,4.369815109149487453e-01,7.689977896469997187e-01,9.988182823609444982e-01,7.799966868400526332e-01,5.421597537607037998e-01,3.153805790482783755e-01,5.713618228774702823e-01,5.509684730719495160e-01,6.236916971351172956e-01,4.439052955700092395e-01,8.222895601493446227e-01,7.445805897952165742e-01,7.951614740008663418e-01,6.754733209201767563e-01,2.613213081175779773e-01,6.278703921523208775e-01,6.483620232477862455e-01,6.433392083182880583e-01,4.211842644928097124e-01,3.312976617499783227e-01,5.400385463514295603e-01,5.381701340182347693e-01,7.887955373152768512e-01,2.776996564026213976e-01,3.129556839947282842e-01,4.167377607312534593e-01,9.952526201044629151e-01,6.360983488929916607e-01,5.292304583480978986e-01,3.409052290816461661e-01,2.795701122517824100e-01,1.690524166754343513e-02,3.689166624423046992e-01,9.994445914628674599e-01,9.246401059784937759e-01,6.007075825947888470e-01,7.699592171420610587e-01,5.831742177519162462e-01,7.884495444017997068e-01,4.392624941292176954e-01,2.603482375786511094e-01,2.951883061120857410e-01,6.785855120666129947e-01
3.635670155253593050e-01,5.465190916461304393e-01,2.072846321501557454e-01,9.832124340414450936e-01,5.608456997420354639e-01,4.061948802315937940e-02,9.100593747182030846e-01,7.213283661288589776e-01,5.666762091825124914e-01,8.109176030401846758e-01,1.541349726759985439e-01,5.328067863710987950e-01,5.936343963150583214e-01,8.494328294627451204e-01,7.649796255361973607e-01,0.000000000000000000e+00,7.539916943850941689e-01,1.459054908217088109e-01,8.485400431908030061e-01,7.902308719013451110e-01,7.890480029590483113e-01,3.846710858847594006e-01,4.285312963552901921e-01,7.408754348136361578e-01,7.684169602928887510e-01,6.315275197556460274e-01,9.708193915558662734e-01,8.705651836445859049e-01,1.085699764488378127e-01,3.095615376529220475e-01,-3.998475904570392148e-02,6.037931297618779336e-01,6.400615629702073317e-01,5.273127213721764406e-01,5.224382609424613744e-01,7.860918707356688850e-01,4.140689106911700224e-01,3.235507425657004887e-01,8.519858109358463549e-01,6.188157229540015569e-01,2.361098803743670316e-01,7.184900521622094027e-01,4.168914210221021377e-01,7.244967619537729941e-01,7.445661425726269878e-01,9.434804695902028193e-01,5.692106401213538058e-01,8.225707497119780776e-01,6.728132216139379729e-01,6.206731833514256280e-01,3.588145549079836405e-01,9.129628089871895114e-01,6.923552352885466998e-01,5.176213846515319572e-01,7.023762326860867322e-01,8.190711507222756538e-01,8.265398396552769977e-01,4.740859841416743548e-01,7.661416954394726364e-01,6.753991862391972578e-02,3.386629455176631137e-02,2.537345372151895706e-01,4.146820806129824510e-01,5.741337170141371793e-01,7.754105031309419527e-01,9.664191405691723302e-01,8.997491911468822323e-01,8.318686313882249772e-01,6.974649557348212570e-01,6.796323460699152941e-01,9.312352604478781881e-01,7.116519667837678531e-01,4.216750398687780232e-01,1.451987908760851709e-01,5.757916818676530601e-01,5.186923179352034285e-01,2.428676150899908293e-01,5.218939073606893020e-01,5.606883216516946877e-01,3.400137471160274982e-01,4.729174996482081728e-01,7.369315894456192062e-01,4.839162227489557377e-01,6.840469728334511723e-01,5.995257427242259851e-01
9.437411744979886663e-01,7.748465612623598453e-01,9.621335809221219781e-01,8.797083645380580075e-01,6.592857529079025891e-01,5.079386718651904831e-01,7.016795135385828219e-01,9.912548595756258685e-01,9.748719775973626600e-01,6.643512527154092906e-01,4.732746536387390512e-01,8.346019430105990899e-01,5.061814587494287698e-01,6.621634349714387024e-01,7.183876514389511136e-01,7.539916943850941689e-01,0.000000000000000000e+00,4.217933920559692740e-01,9.913675543256881273e-01,7.376774589650654523e-02,3.514668849019416674e-01,2.151069195556474800e-01,7.837476182750787723e-01,9.561202445306605791e-01,4.080937679167395693e-01,8.421375155781778421e-01,5.688268490621720685e-01,7.385327601163200750e-01,1.734513886570818175e-01,3.853818227816303010e-01,8.875552694375302143e-02,9.943042958810661691e-01,6.933462474938605347e-01,4.703748212446999810e-01,6.808812408240360048e-01,7.279079345167798198e-01,4.936352905361762744e-03,9.471990208596845484e-01,4.415537967500640648e-01,2.694321737153148599e-01,1.786983288170219397e-01,9.033510986791624120e-01,8.222541293220558822e-01,4.693642016580252818e-01,7.340691561581212943e-01,2.218846416477037453e-01,6.731345599480506037e-01,8.398817414058759034e-01,6.944049190821341977e-01,5.463013836475546503e-01,6.074636162555481222e-01,5.547354430889377408e-01,8.073474255595909366e-01,9.313611896329282436e-01,4.461438264561620737e-01,3.271744546684686172e-01,7.109492508057450033e-01,3.810502804405715982e-02,7.120733272193853214e-01,2.839774054496405631e-01,4.711623364286012250e-01,1.635847665173436882e-01,5.591583849780892290e-01,2.049742740092991844e-01,9.306863038147787925e-01,7.591894808017318752e-01,6.832661291811377158e-01,7.575682490405040159e-01,6.988569354898717112e-01,2.739849927716179190e-01,2.829987707381139139e-01,7.147318562798432584e-01,2.017132543400083911e-01,3.847852089421098798e-01,5.256652635417408126e-01,9.006272066847390567e-01,8.678682826998689315e-01,7.760582348325876234e-01,2.041486995300126894e-01,3.959601040377438430e-01,6.416476386148108890e-01,8.820610084387513483e-01,8.272143240805819309e-01,5.697118631978881353e-01,7.088862768643694467e-01
9.659927620435730944e-01,7.665539695192427061e-01,9.987127217835433113e-01,5.631006892625423088e-01,8.051635604649733935e-01,3.660802133215339538e-01,7.076806889787093935e-01,2.515298332660547212e-02,8.628875119690442297e-01,4.255578344333263985e-01,7.459501710706658573e-01,6.276085994368216792e-01,2.528587119729304167e-01,3.015527412002138030e-01,7.868343060405137424e-01,1.459054908217088109e-01,4.217933920559692740e-01,0.000000000000000000e+00,7.978077561396288431e-01,4.092890617670212894e-01,7.098087218613108318e-01,3.350120207806187578e-01,6.108932935593762714e-01,6.922084095285682137e-01,6.203296699920649582e-01,9.654584161480341820e-01,9.747818281557560915e-01,6.430927732102441619e-01,3.712658049765410473e-01,7.470467812296053278e-01,-4.913887444697828677e-02,2.669251831918139639e-01,9.586121233815289022e-01,7.778753332803290954e-01,4.909283660305792107e-01,3.864174255582192297e-01,2.549304180748881987e-01,5.957908783802831065e-01,8.779380747471673407e-01,4.136906849619514936e-01,7.647837160903112608e-01,8.443799055545123666e-01,7.405810247573274552e-01,5.023091823277506807e-01,7.619840557199841768e-01,7.783864954121995083e-01,6.940528671702467234e-01,7.027371423718490329e-01,1.500177072844602888e-01,6.639794038849943236e-01,4.126106224541362111e-01,8.730563575453128555e-01,6.610219238426298105e-01,8.719642220128706045e-01,7.284307050397227368e-01,6.479192224785562670e-01,7.077827756966093009e-01,7.320782120496283074e-01,9.421534716622954608e-01,8.499060629679724976e-02,-6.523489264991569336e-02,7.514109801610887596e-01,5.247852694974847187e-01,9.072858618854245938e-01,6.307010300776170197e-01,6.439330815405146513e-01,6.708886369921732706e-01,6.302664084418392321e-01,4.700126937965130036e-01,5.872238497295410031e-01,7.268318347222675335e-01,7.785684685237689306e-01,3.450962536736454922e-01,3.885111518495969474e-01,4.714159585366756167e-01,5.934669982634985796e-01,5.571916475112790312e-01,4.903773207567581061e-01,4.418348266917405121e-01,1.732209830047757859e-01,4.893722008335295026e-01,3.971211165957263534e-01,7.069497971619904675e-01,5.237881516106006607e-01,6.789512320270173484e-01
