0.000000000000000000e+00,8.534539221982387902e-01,7.554577479764702508e-01,9.916440335733065492e-01,2.108186518123059960e-01,9.169481132563026549e-01,6.712371286226677114e-01,8.643574169001086993e-01,7.313871913551572845e-01,8.295587627771737749e-01,6.777815722739193305e-01,4.093333542877276576e-01,4.266558129282360112e-01,7.311582697716675350e-01,6.198235391581761178e-01,6.666538580720687834e-01,7.491642432165933618e-01,9.726055297546924994e-01,9.328653652824538955e-01,5.400527927171070441e-01,7.375717685206953922e-01,4.200887362415883786e-01,7.268793024529418556e-01,8.899028571306319968e-01,7.448567867817850185e-01,5.001571920136591576e-01,9.007014052311641539e-01,-2.039966169908074001e-01,4.418836464449297785e-01,6.117182422028580313e-02,7.993142582341505875e-01,9.274040625254181824e-01,5.849798474441202378e-01,8.540707730473169335e-01,5.741906608110254329e-01,6.906368937879918679e-01,3.313177550566025475e-01,2.750440780400903451e-01,9.060060649505238262e-01,6.987303126738760861e-01,5.805080863316908202e-01,2.806086131437131592e-01,5.847144279225490182e-01,7.031357230017305504e-01,9.267689529620876110e-01,-6.358087041819490692e-02,4.945508467448777035e-01,3.998176698100184834e-01,9.881021291484016755e-01,7.429217576877483742e-01,7.576066035803001864e-01,9.302330464647039499e-01,6.330526989765068446e-01,9.512441341449814347e-01,7.557721129650801783e-01,9.125400383015260797e-01,9.789112259859593657e-01,5.973962197487476811e-01,7.424023796883577608e-01,4.263162518647581889e-01,3.288166190141361689e-01,3.538976621790079768e-01,5.813143977783170602e-01,3.580438028028222197e-01,6.464617907018532783e-01,7.654519841376612455e-01,9.188857125723939312e-01,7.451324524475729794e-01,7.774682840295568109e-01,9.529725892266982523e-01,6.686439014173257700e-01,6.436786733487733780e-01,1.626300473766400245e-01,2.256321632857647697e-01,9.234475791262769517e-01,6.732116907491965119e-01,4.691389762413648024e-01,9.369733020308200766e-01,3.979455819403617811e-01,5.462443332731847789e-01,9.350919082852162667e-01,7.819602058024565094e-01,7.542878632806646610e-01,5.225658610072154708e-01,8.786376637262203193e-01
8.534539221982387902e-01,0.000000000000000000e+00,9.647948276676708845e-01,6.033581763567057443e-01,8.936569187022300742e-01,8.018381016497555525e-01,3.646599252545822401e-01,4.389656386649994357e-01,9.929786367944657410e-01,7.624681841436534713e-01,5.753580627829411043e-01,5.987126076622578674e-01,7.326422134188204094e-01,9.377080066912700795e-01,6.434680083892183600e-01,4.409180805469535280e-01,4.766042679683001881e-01,6.966888281905989633e-01,7.234841160319556153e-01,3.555453837021706476e-01,7.584826995161502161e-01,6.059771767914325924e-01,5.959113570880687494e-01,7.954437414471239309e-01,2.308904425134989391e-01,6.694585302890495582e-01,9.036261893129330369e-01,5.581774412262380247e-01,6.589279766446892728e-01,1.662910785989334395e-01,3.911725371301570386e-01,4.748858488692610513e-01,6.188595513290419126e-01,6.570459720992081198e-01,5.341909620987065344e-01,4.849143409385450187e-01,2.322333674048339125e-01,2.016847617260913994e-01,3.643988755651388356e-01,2.070323024032348913e-01,3.374008132249014524e-01,4.534371438570973800e-01,9.657126357277628914e-01,6.607997186927622169e-01,9.123576354996354443e-01,6.290407619633737735e-01,7.116677472098401624e-01,7.127004301135089204e-01,6.963994641318711487e-01,2.559623982127464115e-01,5.377569280461398371e-01,4.328539101074262430e-01,5.781693636098842459e-01,8.365987116038478000e-01,7.143289431294751468e-01,9.506986360138672820e-01,5.036867030654079702e-01,7.248997203578675386e-01,3.962430727790948737e-01,5.955284276741109606e-01,3.841253241451654254e-01,7.372321308316799326e-01,9.157607297705186999e-01,2.186470005508601988e-01,9.118938721979586992e-01,5.283890614451384193e-01,7.585912125672346074e-01,6.839336422792340331e-01,7.879590652320661581e-01,4.198672367404594485e-01,6.754309799857112218e-01,9.928990878945725962e-01,5.557235892116207943e-01,7.891418209091378699e-01,7.470491118802791153e-01,7.588440372989596616e-01,9.286829661431071914e-01,2.641139894535678989e-01,3.087303452863329190e-01,1.279351380574999253e-01,4.386122483127891103e-01,-2.845070012653094782e-02,6.592198996129539079e-01,5.861675106723956974e-01,1.660174352697386113e-01
7.554577479764702508e-01,9.647948276676708845e-01,0.000000000000000000e+00,9.690114134241996080e-01,4.338793035316872437e-01,5.658877592005808754e-01,7.744222972159227059e-01,8.169012747342243586e-01,7.177386156260180394e-01,6.840624142986143630e-01,7.520362563406917111e-01,6.969670098764425559e-01,6.846306954684112656e-01,7.583228642204266068e-01,8.217908121668336952e-01,9.938974703987958348e-01,8.576459727048008075e-01,4.151684517721998535e-01,6.491926614830704212e-01,6.508961231600436381e-01,4.258726768215620462e-01,6.101923933480617457e-01,7.816969196451091229e-01,4.298784009970598174e-01,5.122696668061855751e-01,7.789320122576066652e-01,6.281492383391409362e-01,7.952028160351852781e-01,2.217426167797345582e-01,3.723909650069551214e-01,7.437201795198612464e-01,9.557520313517438026e-01,8.843202140564839775e-01,6.910138702724074600e-01,6.281474553612286238e-01,5.697080263234859387e-01,2.200932832464294331e-01,6.320401022225294874e-01,4.531963287618253067e-01,8.162998545126487482e-01,3.681646261372448908e-02,6.272811780612905785e-01,5.075184816902310603e-01,8.365825633581939202e-01,8.197965749811566560e-01,8.889926223728955579e-01,9.916779447989779728e-01,4.370827528402452811e-01,2.969202456274742108e-01,9.430503423179783518e-01,6.478560628688683209e-01,5.977940591538090098e-01,2.876937037371884998e-01,6.022377455106660005e-01,6.412118037448351071e-01,5.663899851688221077e-01,5.252790189371078222e-01,7.997741196614049919e-01,3.807275767704644265e-01,4.401003442502495200e-01,6.901715996897214156e-01,9.057373384011805362e-01,7.085603938368614241e-01,7.647259980999966400e-01,6.616918731574610302e-01,7.682537374306863676e-01,6.347861000774034368e-01,7.010391670073825576e-01,8.602026996875655751e-01,9.551572355480029142e-01,9.209524226127683288e-01,4.849860131967651533e-01,-8.950147849755531182e-02,2.015196597890783758e-01,6.405448951294158144e-01,9.119947244746440251e-01,6.930993403483113324e-01,7.783275992153544376e-01,4.278050981419169729e-01,3.580112363305970602e-01,9.370485974656277417e-01,4.104526252210847215e-01,8.023971625748510528e-01,6.925408269591416532e-01,4.887269333792991222e-01
9.916440335733065492e-01,6.033581763567057443e-01,9.690114134241996080e-01,0.000000000000000000e+00,6.235631818688555095e-01,3.696446200656724468e-01,7.157706129111909288e-01,6.295904176228360738e-01,9.512179474197703932e-01,4.159346105021781703e-01,7.151980760669615078e-01,9.101152561823663278e-01,4.342595943189195284e-01,6.223959431501053796e-01,5.082487328877639543e-01,3.601286978134928818e-01,7.188043715651851739e-01,7.074586124855565261e-01,5.558814865419609008e-01,4.861201348431956615e-01,4.425196412039396621e-01,9.483766739125319978e-01,7.780736434923630762e-01,8.920759618317811723e-01,3.775376928984469638e-01,4.405182802273653886e-01,8.021864731245870184e-01,7.585831995550612605e-01,6.164916646630791766e-03,3.312776158588575104e-01,5.599308911205737038e-01,4.233176379233706266e-01,2.595182978161292842e-01,7.819529881099370749e-01,7.163587624430179934e-01,6.034035990271595651e-01,7.947151468000491770e-01,-1.140301152939628276e-01,7.322338300409187983e-01,5.619483034996011206e-01,4.958009330750602905e-01,7.184534130877018310e-01,4.181494127625038359e-01,7.675123784444957131e-01,8.938849775097682526e-01,9.397441821300721310e-02,9.773082239578663177e-01,9.487247576433429641e-01,5.558636176941331719e-01,7.213146917987617313e-01,7.374161399828789154e-01,9.291635784588681002e-01,8.783538166909017342e-01,7.022626845909870630e-01,9.391717222107416330e-01,1.018829009099311324e-02,9.189942691310779566e-01,7.492132628371237502e-01,6.614924801726250747e-01,-2.624945330561612167e-01,4.294182762540690312e-01,7.350360996283527015e-01,7.312242746396863113e-01,7.834456647070667801e-01,9.014748933979155332e-01,4.032650882474753118e-01,9.848515746551348427e-01,9.252193166025672877e-01,6.135383513363538155e-01,7.690958883700548254e-01,9.150623891276121746e-01,5.796388002170439480e-01,7.325215187887694768e-01,-6.983402772746272191e-02,3.432309681183550176e-01,7.943357434491795654e-01,7.094071516929196797e-01,3.079469889925583459e-01,6.742958003812377088e-01,2.510858759115527916e-01,4.847449077939328665e-01,7.045950350105782967e-01,5.510454402073290403e-01,3.756443573850869466e-01,7.561071337024662942e-01
2.108186518123059960e-01,8.936569187022300742e-01,4.338793035316872437e-01,6.235631818688555095e-01,0.000000000000000000e+00,9.102768362720929929e-01,7.061119969934814833e-01,2.112133316528934657e-01,6.461594671357459019e-01,9.115211234166337162e-01,5.277613829170575421e-01,4.505158030236575128e-01,6.903475957101647964e-01,6.534948863267411312e-01,7.377361554844878988e-01,-2.928902179893488888e-02,6.080917008613798691e-01,1.309568012827812544e-01,6.855250642834217478e-01,7.824701358667500717e-01,3.191803252039998040e-01,3.139305960545009655e-01,4.781784197878459763e-01,9.173336612071113505e-01,5.996305334569687062e-01,2.190443590335880986e-01,4.483607894780620162e-01,7.305300071730542744e-01,-1.267493339579480738e-01,2.882713223379022582e-01,6.726162638269074234e-01,6.951663164839619879e-01,4.961429024075987293e-01,8.915183108171095272e-01,3.784717177430413360e-01,2.826896959582412827e-01,4.529564877308460691e-01,6.386195066842403900e-01,2.465305338127663642e-02,6.110745161484369969e-01,7.862464305840938250e-01,4.571207963654969619e-01,6.378833959006514620e-01,9.639893156921000017e-01,4.833014104732748506e-01,8.903798015464545745e-01,7.562189413124081883e-01,6.723093953212223584e-01,3.256043391121610231e-01,6.517594901414196507e-01,3.106268366942743775e-01,9.709773643478923910e-01,4.489953262384551169e-01,2.610681790423475812e-01,5.497167852246981345e-01,4.032571274003756701e-01,6.618012548354907931e-01,7.650210651698056141e-01,8.829189943049893241e-01,5.193421972317371349e-01,6.172418665119205894e-01,5.301479935573295554e-01,8.295981021797148580e-01,7.596148325947720270e-01,7.085549631089339551e-01,7.638976337661206317e-01,8.471698052993705819e-01,9.990305232453218220e-01,4.386926300855901184e-01,4.835759919684617381e-01,8.345865452165933673e-01,7.882295474930326451e-01,5.427757680758903414e-01,2.991286741533673577e-01,5.602916504232695605e-01,-5.267036130777505432e-02,6.724779957511289874e-01,6.775952840709027480e-01,3.810341512389772145e-01,1.269966380254889393e-01,7.566347341338410804e-01,5.237819266767477222e-01,8.835552951853360426e-01,4.810656832605336164e-01,5.657085288468650663e-01
9.169481132563026549e-01,8.018381016497555525e-01,5.658877592005808754e-01,3.696446200656724468e-01,9.102768362720929929e-01,0.000000000000000000e+00,4.532813625476237590e-02,5.741376864596925422e-01,7.229427117006967940e-01,2.098236413626223817e-01,3.568889380137685308e-01,6.885372394101646476e-01,4.671297886033767277e-01,2.254910101864210925e-01,7.843669881421330148e-01,7.729801865386736193e-01,4.837467936574523231e-01,4.536933508771551771e-01,7.848640290720243495e-01,8.822523170719661634e-01,6.537536193763857639e-01,4.940573475171872730e-01,2.866547745892191190e-01,8.616392814263370559e-01,5.515278074404051933e-01,6.545420072311286530e-01,7.094930096843725664e-01,4.291311148639665451e-01,5.907443943621726312e-01,9.737430461597829101e-01,2.418943487856303476e-01,5.690908538231176372e-01,8.457137347345287104e-01,6.715545684401510451e-01,2.937024557029330740e-01,5.790293100972343510e-01,3.007698837069447406e-01,4.413771441886029656e-01,8.480374001185659871e-01,7.868060564305550120e-01,2.948997907973663901e-01,5.145101019602730252e-01,9.585162287937527559e-01,4.990634789099660518e-01,3.082367063712104782e-01,7.818227888567951256e-01,6.779479572386628572e-01,-4.987360638581739281e-02,1.546498054023650870e-01,6.714077188845465338e-01,5.557748975828783466e-01,7.801512305276745440e-01,9.687831671959853397e-01,3.446129681695093705e-01,2.660975520111996673e-01,4.261947649837239394e-01,2.388813262746686539e-01,4.116806498191578068e-01,9.856615091129515838e-01,5.293735841970939049e-01,3.850474448955515383e-01,3.578301327787516417e-01,9.958208988522099236e-01,9.670575500935388868e-01,4.733078611200725594e-01,6.147853793365465336e-01,4.750115253107147217e-01,3.460376226941622724e-01,2.333415583480601685e-01,6.169639660590561236e-01,7.519527925389736245e-01,6.463743023188237569e-01,6.462918631419227733e-01,2.962410021419317405e-02,5.694856489314803483e-01,7.203263916922320043e-01,6.502206084690117516e-01,2.753924778835492027e-01,2.305329332628906769e-01,1.208565951100725178e-01,5.803789731873065794e-01,6.981581232672630088e-01,6.006984506178235650e-01,3.601147565701824371e-01,7.935320515553566656e-01
6.712371286226677114e-01,3.646599252545822401e-01,7.744222972159227059e-01,7.157706129111909288e-01,7.061119969934814833e-01,4.532813625476237590e-02,0.000000000000000000e+00,9.267972362943679987e-02,2.103051953910579919e-01,1.343816576264286189e-01,6.953979908912555352e-01,4.871226437008803756e-01,4.163213891247914411e-01,2.384284080519233906e-01,7.006233930079545091e-01,4.787989046921415914e-01,3.860149782186701461e-01,6.194830191833086142e-01,2.931560828488273263e-01,6.175601110763463408e-01,8.145336592556311484e-01,6.869407411957846321e-01,2.009992181455426685e-01,7.388901072360523070e-01,4.231286651388301290e-01,3.738286392490876020e-01,4.398872020212818423e-01,5.070046499138194385e-01,2.059507424825466337e-01,-1.320057314586604580e-01,2.554044009944108073e-01,5.625920850641144000e-01,6.128052748951139383e-01,7.246554849655268971e-01,5.527344715816502330e-01,2.861104637949126173e-01,7.751985017921714759e-03,6.071799514115373553e-01,9.519764420218040923e-01,6.516802394343322868e-01,1.416245955766997355e-01,5.704568565620046217e-01,9.613320547348950251e-01,5.998490318285640832e-01,6.459173127599812103e-01,3.856604484088154150e-01,3.799078037869365598e-01,5.261886299875793149e-01,7.891253563565274742e-01,4.407278830846162454e-01,8.340001704667250326e-01,4.293027991275683020e-01,7.865922351771843513e-01,4.799899228243493798e-01,9.122953830017668242e-01,3.925520407042293880e-01,7.211393659190610261e-01,3.608249808230679090e-01,8.073287585235111585e-01,7.318134091076002878e-01,5.804113265898960261e-01,7.120732505474508534e-01,6.660532205032749786e-01,9.601511517724627964e-01,5.646921649635665563e-01,4.587719340252491285e-01,1.931589836326832663e-02,7.010200225148464082e-01,1.943511065795451298e-01,3.163572461301165095e-01,1.156667368429755982e-01,1.448093429772717433e-01,1.510727035820586539e-01,3.577024916252191100e-01,6.072998376812879240e-01,4.822881146422257626e-01,4.889626526626031366e-01,2.243328671650334782e-01,3.509149336826794530e-01,5.779408151652698500e-01,7.558232302846376038e-01,6.593012525665058465e-01,1.016716471725483406e-01,6.433710378041389566e-01,5.931688546541485918e-01
8.643574169001086993e-01,4.389656386649994357e-01,8.169012747342243586e-01,6.295904176228360738e-01,2.112133316528934657e-01,5.741376864596925422e-01,9.267972362943679987e-02,0.000000000000000000e+00,6.315425616401840747e-01,1.478013397622211789e-01,2.726800679895540758e-01,2.500674545169266905e-01,8.727105920314212062e-01,3.671255316724841844e-01,4.202251793540618952e-01,7.345488755675622095e-01,4.138365374790665685e-01,5.304212473385262472e-01,6.153550567119800974e-01,3.056225536467334081e-01,4.101930262994250009e-01,3.459084129605584090e-01,2.038558006664007716e-01,8.540130307517388442e-01,5.628772557010047750e-01,1.294758513293678970e-01,5.861050646884012894e-01,5.661145693791549416e-01,3.349664825014739833e-01,3.267382931751472430e-01,3.064154194372634699e-01,5.988550625303856734e-01,5.380214532121471160e-01,5.149110613433788286e-01,1.226671270623324594e-01,3.175450024434269825e-01,5.806556656482970702e-01,4.073662901937324388e-01,4.421665534695442545e-01,4.663749598134692143e-01,7.449210357542381811e-01,4.973812688315994990e-01,7.001599371772910807e-01,7.817891816299055163e-01,5.214691622687284145e-01,7.975261677837361951e-01,3.490115108732956273e-01,6.418070101739743460e-01,7.836104954911931042e-01,6.084610673804392578e-01,5.937182666643971984e-01,5.973445392401164483e-02,2.679662878391857461e-01,5.999152353775730750e-01,4.228928054337193765e-01,8.803986535133905278e-01,5.251662908348930792e-01,7.142509805712922155e-01,8.383427285475411050e-01,2.350938426645325097e-01,3.036378432706704489e-01,6.227176996426443401e-01,6.534213926532277394e-01,6.824364274568176514e-01,8.141723270593099748e-01,7.587658405422124108e-01,2.952311633322552975e-01,7.600655475583669718e-01,4.323067693887270302e-01,5.013729535447528640e-01,9.009317345734566551e-01,8.533100442524831353e-01,6.970418916274646604e-01,4.620176395397841418e-01,5.099684049603341318e-01,6.302278519755799557e-01,4.097454035493350855e-01,5.137395174530883235e-01,1.890890461437993997e-01,3.303691411823380664e-01,8.253707896827612300e-01,5.810428000262500836e-01,6.761575371957172509e-01,3.462581571688072568e-01,2.209831416521871594e-01
7.313871913551572845e-01,9.929786367944657410e-01,7.177386156260180394e-01,9.512179474197703932e-01,6.461594671357459019e-01,7.229427117006967940e-01,2.103051953910579919e-01,6.315425616401840747e-01,0.000000000000000000e+00,2.691576206162950569e-01,6.197112266257986946e-01,2.501131101289748582e-01,2.121614899781201768e-01,9.765511316638235684e-01,7.525643738926984794e-01,2.494122003058708015e-01,9.521829643798532805e-01,7.498997729632790321e-01,5.296110741839986646e-01,6.152735706663937654e-01,5.297953526156458093e-01,3.840168489451831202e-01,3.284906765472136447e-01,6.224431790417755961e-01,6.375203236823026032e-01,3.552935620147825713e-01,3.956634549356582986e-01,2.255508667806504219e-01,6.825292697144512699e-01,4.931299035306986878e-01,1.568857580098118043e-01,2.064119011797188319e-01,5.495492960587240461e-01,5.504153020651483263e-01,3.947354627672221561e-01,7.821777821505774275e-01,-1.156474761853493322e-01,2.115487958633761323e-01,3.560132790700096805e-01,4.278937763373502623e-01,4.959595648214109032e-01,7.129530492296608513e-01,9.925357813058279799e-01,7.869071187207010709e-01,5.127909163076107557e-01,6.663963867963911269e-01,4.184385651182146448e-01,4.438128417463322872e-01,4.794987720583437918e-01,2.375465441231348063e-01,1.683383031866460267e-01,7.895961498914304544e-01,1.714788098721003740e-01,8.703737174358648909e-01,6.255263251954333859e-01,7.471485586075671259e-01,7.166498021628041615e-01,9.374946537858939166e-01,6.059729573739102149e-01,6.705426400434911782e-01,2.730417644878114780e-01,5.564231938669563782e-01,5.345492483765608149e-01,7.146507263434868085e-01,8.263419683436902252e-01,6.330460075680657273e-01,2.867560797715564269e-01,9.020483872172994078e-01,6.191153572112418901e-01,5.848344401955110072e-01,8.001244967407072917e-01,7.740956561114504808e-01,4.674171323483244933e-03,3.860208307248857995e-01,1.752792170647166081e-01,5.321885281414771018e-01,4.220465608323295537e-01,1.398241004227680218e-01,6.055808424086886466e-02,3.078103354368023625e-01,3.410194993672034380e-01,9.946699504845084583e-01,4.385720717891624654e-01,4.146538182134048567e-01,7.391314049318129520e-01
8.295587627771737749e-01,7.624681841436534713e-01,6.840624142986143630e-01,4.159346105021781703e-01,9.115211234166337162e-01,2.098236413626223817e-01,1.343816576264286189e-01,1.478013397622211789e-01,2.691576206162950569e-01,0.000000000000000000e+00,5.697897186610043629e-01,9.996639376759149931e-01,6.829403126400666046e-01,3.024678132700469035e-01,8.496503665682918482e-01,4.599135130125522886e-01,4.339239425516946413e-01,6.412398467673591229e-01,6.883911072294195410e-01,4.440385216621003939e-01,6.483029764369276915e-01,6.779355118014388504e-01,2.381339696346956580e-01,9.516689748536869553e-01,5.858080231000180049e-01,4.887854761732984277e-01,9.624951204202125687e-01,4.993039471859584411e-01,2.847733964870591272e-01,-1.678584088342115199e-01,6.748072236462028251e-01,6.547164084689047758e-01,-2.417312528389867488e-01,8.302641140722260005e-01,6.348061193100418276e-01,2.094264327565773520e-01,4.991233174752315316e-01,3.804323663596111960e-01,7.456964912853234484e-01,9.852400561782054256e-01,2.292568909208765049e-01,9.628964472188779045e-01,2.222372466513732880e-01,5.274563132135284826e-01,5.209256410104567969e-01,5.288358048841941272e-01,6.615865800408853303e-01,7.815779097900107386e-01,3.797610705585868773e-01,3.142642698169787474e-01,7.287209963546962266e-01,9.061399659102957749e-01,7.272560398895639988e-01,6.213474271429321183e-01,4.938223109870292227e-01,7.090438036007077338e-01,3.190699441388097357e-01,6.813148116324455605e-01,2.143685387707487400e-01,5.782958078668239965e-01,2.929872668770654442e-01,7.040235949460278420e-01,6.213617356475833464e-01,9.908497113343178730e-01,8.655761544211454384e-01,4.679664947550457588e-02,2.491194377251823577e-01,7.997194887222975890e-01,4.141104238234211699e-01,7.259904608336775755e-01,7.201814132240770272e-01,4.404537512610571248e-01,3.065047898556756967e-01,2.238784110035392794e-01,7.216556588690503649e-01,7.264761182074070955e-01,4.180742576005029854e-01,4.465393227448433700e-01,3.667632623081940046e-01,3.794266837091661015e-01,5.877361481725073000e-01,9.885961997994837658e-01,9.530382785771427390e-01,1.660103813300413053e-02,4.507189395826895484e-01
6.777815722739193305e-01,5.753580627829411043e-01,7.520362563406917111e-01,7.151980760669615078e-01,5.277613829170575421e-01,3.568889380137685308e-01,6.953979908912555352e-01,2.726800679895540758e-01,6.197112266257986946e-01,5.697897186610043629e-01,0.000000000000000000e+00,6.096412875303701684e-01,6.936897759722269186e-01,5.671824602406122517e-01,7.339627387163225603e-01,1.288952486193052360e-01,5.519421276564085987e-01,3.617766699472261260e-01,3.293912973500323083e-01,4.690325806020889110e-01,6.669010275873490379e-01,6.291847924352139687e-01,6.813790137014861248e-01,7.284248149572030151e-01,7.843309442848931390e-01,6.258618078860351819e-01,9.073183493029375324e-01,4.672724525411423580e-01,5.551341649511945531e-02,8.573393094771937506e-02,9.764344588185581708e-01,8.543230950085801689e-01,9.252586702972804833e-01,9.936153397305318435e-01,6.215693068954360190e-02,2.311992248694835772e-01,2.585624964710330764e-01,4.315429176649812071e-01,4.956585374416324630e-01,5.423851812224973479e-01,4.435642020338707581e-01,7.864763010399182797e-01,3.609517864430130674e-01,8.315375200255795685e-01,7.686894599896383351e-01,9.855023007997287809e-01,8.306237880624517400e-01,5.217402402065272060e-01,5.909149610051506185e-01,9.781549121546602166e-01,6.312107961592440253e-01,6.438845977966998202e-01,7.927590815586680328e-01,2.100152700950463358e-01,2.330617073925821958e-01,4.757910228401716624e-01,7.988089039927948054e-01,8.736459533552763945e-01,4.436512939737438654e-01,6.162159209407268579e-01,5.005965754438834736e-01,8.187618761555055524e-01,9.925907616866687100e-01,9.758909992387039267e-01,7.343187787124059174e-01,6.279046421382186161e-01,5.806976326526962495e-01,7.320406987750039951e-01,3.027993908384594285e-02,3.807724419712887887e-01,6.264412388028374190e-01,5.294748732642328148e-01,4.016946030802357459e-01,5.013547449281315904e-01,5.852851453369081192e-01,6.324900791633517594e-01,3.366571973473801993e-01,4.060637736535753772e-01,5.228138042551938591e-01,4.250319948833523043e-01,7.119027458401868680e-01,6.211132331178692567e-01,6.588960982022696866e-01,2.981624953652604049e-01,9.902269915910119069e-01
4.093333542877276576e-01,5.987126076622578674e-01,6.969670098764425559e-01,9.101152561823663278e-01,4.505158030236575128e-01,6.885372394101646476e-01,4.871226437008803756e-01,2.500674545169266905e-01,2.501131101289748582e-01,9.996639376759149931e-01,6.096412875303701684e-01,0.000000000000000000e+00,4.823157481904432609e-01,8.342470445404762680e-01,2.793590524310599066e-01,5.322515351727163946e-01,5.617022470481047858e-01,5.811770916818747024e-01,5.051893036057636399e-01,8.986519535840965522e-01,7.614610063845307364e-01,2.300148378592572693e-02,6.889093289952167298e-01,5.121442497355541690e-01,5.133931765953679838e-01,4.361515571924172163e-01,7.668575897013243381e-01,7.869520959943331340e-01,5.982147233517218776e-01,2.666601523555605160e-02,-1.485451683623739694e-02,3.660495549424515049e-01,9.675922770562481734e-01,5.434218684144576268e-03,6.721579749208116406e-01,3.630238493369463693e-01,1.058834259147319878e-01,6.048656179691945800e-01,9.944244548976726161e-01,5.840489842723112224e-01,1.091390847906645867e-01,4.349824914716420299e-01,9.423086719390966204e-01,7.494251373505557146e-01,9.051898214792563069e-01,4.347035516766378227e-01,4.604456925131605316e-01,5.237494235653477048e-01,4.710936710645441394e-01,-1.356295206046100321e-01,2.578844734061388477e-01,8.731533082868423445e-01,7.899488089553460268e-01,5.228493579338485686e-01,6.990252981013338474e-01,7.982245616731107329e-01,5.620188360251003878e-01,6.912298274275665566e-01,6.592507694480579383e-01,5.853603934741756776e-01,5.677804031964033271e-01,8.813269546360988915e-01,9.580440797150334697e-01,2.255831792000532188e-01,2.199059453437924028e-01,5.410224302099407856e-01,2.836994887616340333e-01,9.290463605496900312e-01,3.666881054279098606e-01,7.999012296194325522e-01,8.278088420473183051e-01,6.443903647249810129e-01,5.426035072866660647e-01,2.248933242698529858e-02,6.156315910535880009e-01,4.568105757069534367e-01,8.868307332531747411e-01,3.932720796634661675e-01,5.899068985242681418e-01,3.362842350458115637e-01,3.281981914601159178e-01,8.820080577600374339e-01,7.662036927101434358e-01,5.534257706493468376e-01,6.994525773971327354e-01
4.266558129282360112e-01,7.326422134188204094e-01,6.846306954684112656e-01,4.342595943189195284e-01,6.903475957101647964e-01,4.671297886033767277e-01,4.163213891247914411e-01,8.727105920314212062e-01,2.121614899781201768e-01,6.829403126400666046e-01,6.936897759722269186e-01,4.823157481904432609e-01,0.000000000000000000e+00,9.405244909337122650e-01,8.426785993354792836e-01,7.729705317281392318e-01,4.475442419354667689e-01,8.826374864273744958e-01,4.436577899597662911e-01,7.293867406215154281e-01,7.879585768946646418e-01,2.033270817862367630e-01,4.931026465435919826e-01,5.728457288802435432e-01,3.789593932060774106e-01,6.941144992932534175e-01,6.009266668286982194e-01,9.965471495246064348e-01,3.870631580163296226e-01,5.299564687149908027e-01,5.620951469175221593e-01,7.462570489635397264e-01,4.511125371427809339e-01,7.448532551138822289e-01,2.456208014318188651e-02,3.969294705126483191e-02,4.148217022869328252e-01,5.058096943426108050e-01,4.481543819191668443e-01,8.944239410987673278e-01,6.791612179079026257e-01,3.676663441061580606e-01,4.938475978648539377e-01,8.394875315281555839e-01,3.212015514836280006e-01,7.682201852556946875e-01,7.698704164971035269e-01,6.755569153596446830e-01,7.639671824973519598e-01,4.493362902125281888e-01,8.157311562514166781e-01,7.482217458743870564e-01,6.006363050559063721e-01,9.574162107674601963e-01,6.597321021150136522e-01,5.074413094208144459e-01,4.997948190511802280e-01,6.390512534224670471e-01,6.498986092089642508e-01,5.706717969685082270e-01,4.576420723428299420e-01,9.068843948248193065e-01,7.654108198372910898e-01,9.913783746203527203e-01,4.002038953889285322e-01,6.521224483840140085e-01,7.924666216420706011e-01,4.816106770014321747e-01,5.986767141176709828e-01,4.264287509909386320e-01,7.687000658682652254e-01,5.528385040054653032e-01,7.532566923595425401e-02,1.293888602244903374e-01,6.679490883852501337e-01,9.989784663307366142e-01,5.181873606982088099e-01,6.628726363666701538e-01,4.532923667116442457e-01,1.737575663581407692e-01,8.268929808837134354e-01,7.904977308347813647e-01,5.508322858936114397e-01,4.634263901898810212e-01,6.881415537583489561e-01
7.311582697716675350e-01,9.377080066912700795e-01,7.583228642204266068e-01,6.223959431501053796e-01,6.534948863267411312e-01,2.254910101864210925e-01,2.384284080519233906e-01,3.671255316724841844e-01,9.765511316638235684e-01,3.024678132700469035e-01,5.671824602406122517e-01,8.342470445404762680e-01,9.405244909337122650e-01,0.000000000000000000e+00,9.825122892012867482e-01,9.439949563280742861e-01,8.951209227477849861e-01,9.003546991998320204e-01,3.362357644631819298e-02,7.206239548292828756e-01,4.754299950894615434e-01,9.043566583976173634e-01,7.318114258633858782e-01,8.707642797264738554e-01,5.649293862818340894e-01,5.658514171674969839e-01,7.418100753443467310e-01,9.206444209798811951e-01,5.987982981913804181e-01,2.907665495839759084e-01,6.247480426938614162e-01,6.469984281453302621e-01,6.426856212276889080e-01,8.224190237213944155e-01,3.384382069253907832e-01,5.556809856300860551e-01,7.519631984795105417e-03,7.098561617075318519e-01,5.270685060532258603e-01,9.218634778132076546e-01,7.630594710777910405e-01,2.542614234833203701e-01,9.685408804501917102e-01,4.462667377990718331e-01,-1.093314986824539259e-01,7.074931727743305476e-01,5.303498000578250604e-01,8.592757117877896089e-01,8.417688761000756692e-01,7.530052937391199519e-01,7.131470567846124320e-01,8.279677599014353406e-01,8.917420075281714542e-01,8.766287503361666067e-01,4.864841261633406355e-01,2.411103273783742895e-01,9.129146159913046343e-01,4.722116924460810772e-01,4.169039189291955383e-01,2.963438572643271596e-01,5.649046226968819084e-01,7.736000747167408598e-01,8.630610372200565594e-01,8.225583853497406839e-01,6.850985944219494250e-01,4.462415841470585565e-01,1.181704637483103060e-01,8.901154653697777031e-01,5.439685018707974828e-01,5.155622511529549534e-01,8.634925013121480530e-01,2.540127437724774562e-01,-3.781606342348911576e-01,2.042122804805316383e-01,2.193329354891274396e-01,8.984634935010638035e-01,7.714515713875776948e-01,8.661237234796397289e-01,7.937141099423481450e-01,4.717104390378719647e-01,7.048546771707435710e-01,9.831317199018726471e-01,5.134220030361088538e-01,4.192066663756539580e-01,5.403937123973312495e-01
6.198235391581761178e-01,6.434680083892183600e-01,8.217908121668336952e-01,5.082487328877639543e-01,7.377361554844878988e-01,7.843669881421330148e-01,7.006233930079545091e-01,4.202251793540618952e-01,7.525643738926984794e-01,8.496503665682918482e-01,7.339627387163225603e-01,2.793590524310599066e-01,8.426785993354792836e-01,9.825122892012867482e-01,0.000000000000000000e+00,6.989294142091251327e-01,2.043892089433460013e-01,8.337618819369288503e-02,7.643332679528643814e-01,6.183586821527642385e-01,7.234382781545953822e-01,7.873024622106010728e-01,6.346110375022722128e-01,5.914558277963786193e-01,6.979948867316122518e-01,7.579831682720971076e-01,6.899738675834837798e-01,4.725739116003104812e-01,2.222840208957533314e-01,2.313509131988644163e-01,6.194546671584529041e-02,5.175601273711744055e-01,5.692883660844186844e-01,-1.681997388941726956e-01,6.501644578190290957e-01,-1.559114230644617349e-01,5.398929958454632416e-01,6.856352378755683485e-01,7.390568421529831733e-01,3.524264312095879426e-01,4.501660590770287240e-01,7.376973329417693126e-01,9.000028054141190337e-01,6.155425075662692702e-01,9.813824418288714657e-01,5.913816678252006298e-01,5.521144410046027184e-01,7.440047480012479397e-01,1.588160845889706740e-01,6.642459373703382131e-01,-1.710325692709506740e-01,3.446918422521637049e-01,6.641297549664075817e-01,6.732065031770744223e-01,4.444570932937458863e-01,2.721916790463084213e-01,4.625798248025537740e-01,2.297050330216834357e-01,4.057029215827121504e-01,6.628855948578735724e-01,4.946579397623596663e-01,-8.638842672025960623e-02,3.981708819935223520e-01,6.739966755758932671e-01,6.952856005815001295e-01,7.507089644168783993e-01,8.890386153446730999e-01,8.545730597370729820e-01,3.807886890643095157e-01,5.822594853985483265e-01,9.361530357049396844e-01,8.811226705234407319e-01,5.734695755042303889e-01,3.846275131018001003e-01,5.011241034548808981e-01,7.378856379948551814e-01,9.463414847437878752e-01,4.537256222179946175e-01,5.452412407559925622e-01,5.026882367723722878e-01,2.884931517273148782e-01,7.784717513051804261e-01,4.473217702905917803e-01,5.790910025139059947e-01,7.872838173955737373e-01
6.666538580720687834e-01,4.409180805469535280e-01,9.938974703987958348e-01,3.601286978134928818e-01,-2.928902179893488888e-02,7.729801865386736193e-01,4.787989046921415914e-01,7.345488755675622095e-01,2.494122003058708015e-01,4.599135130125522886e-01,1.288952486193052360e-01,5.322515351727163946e-01,7.729705317281392318e-01,9.439949563280742861e-01,6.989294142091251327e-01,0.000000000000000000e+00,9.703588859682956702e-01,6.525033979436694054e-01,6.061004904463651588e-01,5.172778241851538894e-01,8.025039689651012331e-01,3.057679576716113568e-01,7.188005276635136553e-01,8.431380393549935404e-01,4.728846562133400822e-01,4.033548654411040491e-01,6.691903192912969089e-01,4.727818901277666130e-01,2.698947910694082797e-01,2.002166792978427035e-01,4.619942142192992041e-01,7.463446291039500524e-01,4.148861881039891952e-02,3.560964524059377911e-01,4.778365792154188885e-01,7.680623423837016350e-01,3.139348753041709683e-01,6.330324377888318921e-01,5.475327858385593549e-01,6.145741697509553569e-01,3.115532393928681087e-01,3.379777219377039232e-01,5.186838958886634821e-01,4.060056671621806168e-02,7.237752249097683110e-01,4.681207565462335296e-01,7.751999828820347327e-01,9.237615358073121286e-01,4.335879872460785545e-01,4.586137565362871649e-01,2.577514195679137532e-01,-7.408334691706139341e-02,4.746844701055976112e-01,1.003911119557559517e-01,5.421170244703163998e-01,3.117712516070204609e-01,7.744319833219636129e-01,9.046934743349716035e-01,4.104496752785830593e-01,6.505872255062066234e-01,5.318697814238108057e-01,3.800694877836909846e-01,5.601302359557882582e-01,8.590419452757085406e-01,6.790983784856422512e-01,6.513825835396160890e-01,4.305435480818568528e-01,7.064002638139635915e-01,6.966882157057702196e-01,5.719667903324966440e-01,7.856611361598081489e-01,9.224094479893566456e-01,6.014975659702118671e-01,3.560656727774561547e-01,9.821019111558526582e-01,9.305469626196753996e-01,4.447039230147323274e-01,7.664008554209739144e-01,6.056200587030252658e-01,2.537129656198329197e-01,6.080536573619621521e-01,6.389083600362237547e-01,5.414170461296993198e-01,2.948557646674656030e-01,8.580482025143175706e-01
7.491642432165933618e-01,4.766042679683001881e-01,8.576459727048008075e-01,7.188043715651851739e-01,6.080917008613798691e-01,4.837467936574523231e-01,3.860149782186701461e-01,4.138365374790665685e-01,9.521829643798532805e-01,4.339239425516946413e-01,5.519421276564085987e-01,5.617022470481047858e-01,4.475442419354667689e-01,8.951209227477849861e-01,2.043892089433460013e-01,9.703588859682956702e-01,0.000000000000000000e+00,4.714575223640528057e-01,6.578170564796514963e-01,2.155950298048553149e-01,9.433726942418710903e-01,7.119512969186397866e-01,6.982052677536443319e-01,8.493667801647845073e-01,7.929043638090791379e-01,6.313423683461937275e-01,4.425085844405993174e-01,9.277387442387532435e-01,3.372409815965010105e-01,2.507902334832308733e-01,5.185096461927389822e-01,7.413693524478413011e-01,6.363799560362560781e-01,4.822906188309825648e-01,8.547789669787141387e-01,4.399425414583091887e-01,5.598444256409560588e-02,6.497855714330607046e-01,5.004291412583117271e-01,7.422235367225884506e-01,3.242894130015597787e-01,6.299508521985925924e-01,8.805673685537983575e-01,6.160549781597720598e-01,5.258988578242453915e-01,3.445534878933493861e-01,9.999681305777889939e-01,4.387351711078305572e-01,4.238092182382594553e-01,3.497074965068704827e-02,9.204148004331218491e-01,7.388455209668839396e-01,7.746724844225342244e-01,8.438369833006623688e-01,6.618706634214085449e-01,3.418111472870913881e-01,8.297950346848766978e-01,3.294670436098895983e-01,6.856513321017848606e-01,2.020017486626763947e-01,5.893788618279113267e-01,4.520076458653866647e-01,8.200052372256716460e-01,7.879703592054070338e-01,5.116541548180906229e-01,5.218759637879351043e-01,3.589554559886002361e-01,9.649447579608240178e-01,2.671340711099571275e-01,3.392837020296209927e-01,3.568426029102872987e-01,5.335465810911054207e-01,4.897177821585695368e-01,3.253056435428755555e-01,4.861237532823233232e-01,5.545866519128153094e-01,5.402637945737349678e-01,6.106723641391784696e-01,5.011709138775655159e-01,1.783813372781337669e-01,5.190923281918337073e-01,5.637142131236798637e-01,5.339073445543045526e-01,6.023879165583534943e-03,3.431977014554521421e-01
9.726055297546924994e-01,6.966888281905989633e-01,4.151684517721998535e-01,7.074586124855565261e-01,1.309568012827812544e-01,4.536933508771551771e-01,6.194830191833086142e-01,5.304212473385262472e-01,7.498997729632790321e-01,6.412398467673591229e-01,3.617766699472261260e-01,5.811770916818747024e-01,8.826374864273744958e-01,9.003546991998320204e-01,8.337618819369288503e-02,6.525033979436694054e-01,4.714575223640528057e-01,0.000000000000000000e+00,6.328421780804899255e-01,6.439710671448055646e-01,9.193292844668151664e-01,4.377395830404171573e-01,6.667471572246363998e-01,9.030923420881943331e-01,5.304622486584325003e-01,8.062873412320208377e-01,3.321966391832654741e-01,9.385491686655991206e-01,4.756027875555870477e-01,6.214916033006167018e-01,-2.913947751185938517e-02,3.773648832386419794e-01,2.625302546882773980e-01,7.824073031123850441e-01,5.120856479245744497e-01,4.806193979513244119e-01,4.145003438603878654e-01,4.873379530024637973e-01,3.236237393222201608e-01,3.436770777063171689e-01,4.048306525110655363e-01,5.102147514470024570e-01,1.623471126102011552e-01,7.176353385303620991e-01,9.430345861690149212e-01,9.795889006916305153e-01,7.761059406895060020e-01,5.087416115087527446e-01,6.944463957319479963e-01,7.056981353980363858e-01,2.630794981641967345e-01,5.965830879979237000e-01,6.441163103807944212e-01,5.098316017981525672e-01,9.374152622030457183e-01,7.772694727012274818e-01,7.121833438802872562e-01,7.187245915746479641e-01,9.964087978595855821e-01,3.451902375895766206e-01,2.159538698681174318e-01,4.642207508547915307e-01,9.340856472436955826e-01,6.592187840689875955e-01,5.823894677522849506e-01,7.818406178920722649e-01,4.570851990303948509e-01,8.731760519855370495e-01,5.642006841788310689e-01,7.270318684142851318e-01,7.161862901610546173e-01,6.264681950743959948e-01,1.652998893954351831e-02,4.814465057416975058e-01,4.260569379333550288e-01,5.768990985999570276e-01,5.183329014658856204e-01,2.948627401616426003e-01,6.638849117836858049e-01,4.353247860198226071e-01,5.320500755301470486e-01,8.638766805995525822e-01,6.179900557502687741e-01,5.032775337341925947e-01,-1.271517902121994392e-01
