0.000000000000000000e+00,9.767968581009278672e-01,6.705095296998669907e-01,7.888783406181194557e-01,6.573435588938557617e-01,6.913695070093094364e-01,8.559182098898279190e-01,8.051448031508243730e-01,6.642892563350721868e-01,4.052437863033622745e-01,8.075000368818915364e-01,9.016282132637203350e-01,9.798699194352967767e-01,7.717906027688971049e-01,7.862965864166262531e-01,7.197995815367508321e-01,6.806702236231987335e-01,9.797185512882768954e-01,7.173054765876375471e-01,4.735817115160689816e-01,8.633597557254107935e-01,5.932059319247837692e-01,7.990634971708174827e-01,2.105425011631369692e-01,4.550316699400737130e-01,7.795742108050954799e-01,9.458696297374110662e-01,4.154490737652106747e-01,7.779766985748683972e-01,8.051832311507035531e-03,6.098153825207865975e-01,3.858711444285062853e-01,9.760868703334267815e-01,7.372479212065570220e-01,9.288283035583342340e-01,7.586553323063321974e-01,8.757664562432115885e-02,5.831176992893216671e-01,7.174432902687247759e-01,5.824174322521419311e-01,2.320175750181593943e-01,7.785505423446947848e-01,7.199400445749180033e-01,3.383555768125701135e-01,6.937509839134360368e-01,4.678489971447037932e-01,7.108543647380966002e-01,4.946721196374500584e-01,6.831669292327953169e-01,2.412557371675661810e-01,2.195153122051429206e-01,7.472986534671739456e-01,6.318230197830928541e-01,5.002092633047234838e-01,7.077551001856582369e-01,5.434655288633596371e-01,7.888001653444489669e-01,3.306623351002034861e-01,2.673431047737319100e-01,2.084938858876584367e-01,5.395532717917657095e-01,8.369544748728021677e-01,7.018819332300032521e-01,5.685617353337510949e-01,3.081043782132415476e-01,8.285505979559782963e-01,2.497807598161680687e-01,7.921221942592493459e-01,5.778044537554747340e-01,6.930016587246776716e-01,6.638588192613220640e-01,6.521266563194746402e-01,9.774115161170152111e-02,4.773947230701559574e-01,9.559383370444646255e-01,6.258200408969287754e-01,6.584199177092774358e-01,4.219642996179516770e-01,5.594567142469213383e-01,3.278975868338245836e-01,8.954972485468432053e-01,7.226238456617977146e-01,4.561574774015978440e-01,3.500321045895242178e-01,5.255327099744189212e-01
9.767968581009278672e-01,0.000000000000000000e+00,8.816932213553227982e-01,6.197472177223523060e-01,1.183851250922333675e-01,6.370861485069589936e-01,4.638239131187553710e-01,6.611290190365233244e-01,4.030220174633721841e-01,8.041376141846554582e-01,7.888945600097747590e-01,8.278030662566989717e-01,6.313599604642869956e-01,5.434603823739303854e-03,4.289483260808031329e-01,9.105158203637261360e-01,6.090493389454483264e-01,3.344919976637639181e-01,6.311066604729205221e-01,9.163621173043281498e-01,9.078509249823327742e-01,4.721713096926024589e-01,7.233495801864200381e-01,9.377059957698612447e-01,1.565687254411975149e-01,6.712198168870716630e-01,5.572056812474153187e-01,7.517578533020535803e-01,5.226802737587754599e-02,3.424892376035212904e-01,2.915210137944956870e-01,2.604883091691165831e-01,4.027912304205841232e-01,9.709223162862224976e-01,8.391794438570335801e-01,5.054990336076047308e-01,5.802401928697487055e-01,2.862092072425465039e-01,8.746435481216876529e-01,9.548479117388140869e-02,2.606801745561821981e-01,4.140729067382861173e-01,8.852819922315247059e-01,8.976775160872152437e-01,8.851730767500674002e-01,6.237115605429657261e-01,7.403788733092424579e-01,8.332396229345009342e-01,5.925324145978841939e-01,6.413521977064784441e-01,8.591010980297747457e-01,4.907037268142921405e-01,8.952317866660044476e-01,2.296424804500681038e-01,2.557571723608582925e-02,6.710482955529164517e-01,7.200115150853174661e-01,6.182989061390583574e-01,9.019007887743549778e-01,5.986853528117285217e-01,-1.498330236218067546e-01,7.003548045303984448e-01,3.889535357801469084e-01,9.037518362176533149e-01,8.913041469864064759e-01,9.460797603725147331e-01,2.034262903444206683e-01,7.268130240636705430e-01,7.644649752735968029e-01,4.429420841699555633e-01,7.496698099639955704e-01,9.618727342496872224e-01,4.616055536519839686e-01,4.317680263046395073e-01,2.029077892540824823e-01,4.319681685003049498e-01,5.578468551974040679e-01,1.914341408587861282e-01,-1.262860448649147371e-02,6.859693717341071306e-02,7.024543755652794541e-01,7.922199047458906573e-01,9.701118472797595205e-01,3.873349755793916716e-01,9.429795242351730611e-01
6.705095296998669907e-01,8.816932213553227982e-01,0.000000000000000000e+00,8.994750663614223818e-01,7.100797033971513184e-01,9.519898113143759888e-01,5.979545673414524698e-01,8.843579251794242424e-01,8.458694923026169876e-01,6.146423154966343949e-01,5.387896981662146922e-01,5.352530939635058438e-01,9.661891958483348475e-01,6.398555938605623439e-01,7.704356890474137742e-01,6.798444097895497418e-01,9.684145832764304851e-01,7.156436091253474130e-01,4.192672368590423249e-01,8.792035256619185057e-01,8.515511927246340873e-01,4.440119542288321619e-01,9.298976004268023621e-01,4.742197795776402769e-01,2.673424024898822804e-01,7.435301827117598572e-01,8.447675813431749781e-01,8.961319340801968680e-01,5.075188423454618514e-01,4.531038692658816980e-01,4.187060365942142925e-01,5.164878296699192406e-01,3.771137233951220025e-01,8.013184010881352348e-01,5.905141841942249670e-01,6.839849408266303055e-01,2.159191178962990287e-01,7.676809716988167720e-01,4.853962987214307523e-01,9.410471460338623029e-01,1.213658423647813456e-01,9.136331210424072369e-01,7.888214288766343119e-01,9.520339159283336405e-01,9.387328255319992154e-01,7.817960104361367790e-01,5.001086409249606568e-01,6.181867889562877583e-01,6.319886187994702142e-01,6.280035589360768444e-01,9.819787648192491725e-01,5.706788368644744036e-01,5.719983552927306869e-01,4.474087544043974796e-01,9.132740688487162029e-01,7.387033589697719060e-01,6.228142063320754040e-01,4.266287484443879729e-01,1.937438251364806685e-01,7.385299435929067180e-02,3.123187666254361172e-01,4.330951753628875522e-01,8.965999355044942387e-01,4.365105449979938546e-01,7.373573662389611982e-01,6.147012114698298113e-01,9.823567361066047887e-01,6.421030529875484394e-01,5.917828355342558133e-01,9.511095428877403002e-01,3.211239398455029703e-01,6.036823736141260222e-01,7.674871188041376691e-01,3.506430649384242315e-01,8.891056618483594853e-01,9.054193952106569521e-01,5.877406187630350720e-01,8.774448005424402286e-01,2.830384827384005986e-01,3.449896022678191621e-01,6.324338990384253956e-01,7.195686583779073997e-01,4.907671563018062288e-01,9.950642387567376623e-01,7.987382913882634661e-01
7.888783406181194557e-01,6.197472177223523060e-01,8.994750663614223818e-01,0.000000000000000000e+00,5.614638435322393262e-01,4.098546778226118126e-01,7.774301359323040339e-01,9.539390187153728995e-01,6.985692846904305586e-01,9.012831368876366156e-01,5.937094651346617180e-01,6.158795155783415298e-01,6.371103194038247874e-01,6.075995296602768603e-01,9.599973730690497531e-01,9.386128417548204039e-01,6.021159203943803329e-01,7.223350028875350493e-01,5.523322138335732268e-01,6.276581639143354874e-01,9.918360301996320683e-01,2.406317258382290603e-01,4.139186516618755807e-01,2.630777205522836226e-01,4.500611633809006862e-01,6.259703255520946419e-01,7.680620393013106728e-01,9.351229913231671187e-01,4.630798298381419986e-01,3.439578040061647135e-01,1.008406389291995470e-01,-1.527362182671410662e-01,7.163369994328839807e-01,6.614223756375839924e-01,5.163226652223494861e-01,3.398699824776819645e-01,6.401831955846805089e-01,5.862672186566569854e-01,6.762949810016387620e-01,9.075930893193577820e-01,4.369003450197667116e-01,5.045530644014338817e-01,7.393603691730592509e-01,5.836861755666293838e-01,6.171189712840026154e-01,7.095502635827279914e-01,7.744869880624858371e-01,8.198186292046780732e-01,2.833708262368413999e-01,2.023668860834893501e-01,9.832673797472567534e-01,7.796629317101583245e-01,7.912363723028503770e-01,7.993463258582889086e-01,8.986501410282089486e-01,4.986940134641082989e-01,5.334136853254847210e-01,6.217560338547569732e-01,8.581643696695662182e-01,2.787828597300692768e-01,2.133205865093081854e-01,6.808151344692519036e-01,2.011731729250285095e-01,9.760666378522639963e-01,4.381881395372189680e-01,8.515172965784962855e-01,3.625075674992529473e-01,8.196509767889784692e-01,4.978092851399084084e-01,7.355343392229867217e-01,7.960677253889663074e-01,7.066783442130741832e-01,7.533977175105566193e-02,4.796403384569817296e-01,7.718873682513189838e-01,4.984479626946197728e-01,8.439770449468856350e-01,5.631121046380986872e-01,1.748079705384179283e-01,3.936662417164080857e-02,3.535472083009791877e-01,6.606393682279407820e-01,-1.873827628138592660e-01,4.290990964055195755e-01,7.842525961408588486e-01
6.573435588938557617e-01,1.183851250922333675e-01,7.100797033971513184e-01,5.614638435322393262e-01,0.000000000000000000e+00,7.391699058212494178e-01,4.592581005232856950e-01,8.787742236955446984e-01,5.617999752076393571e-01,3.929549396306707409e-01,9.927172576363385570e-01,8.935425617707311030e-01,7.410311023679777565e-01,8.259349049852557911e-01,2.609410832686164805e-01,9.335976587230703228e-01,5.745102199372145169e-01,8.448654131477880691e-01,5.799651552572907542e-01,6.184031778403877855e-01,5.536779735895299703e-01,2.673621227875855322e-01,2.807968112656699655e-01,6.787013420697819432e-01,8.548157402588276721e-01,5.893382440264270938e-01,9.835785716190005301e-01,6.852488431387345758e-01,5.681531600007354577e-01,5.045095220287006965e-01,1.367689511457693408e-01,5.743939675846992943e-01,5.558475485422280649e-01,6.690475411347260870e-01,5.212286211965965199e-01,7.439218067554405067e-01,4.442218408739357915e-01,3.204609788400685222e-01,6.747698925696754557e-01,7.869088303258048311e-01,4.585798723822850920e-01,7.597036854096324010e-01,5.468891927580157297e-01,1.894741213807370206e-01,3.606912932926195081e-01,8.937762893239498130e-01,6.473116770376828866e-01,5.317254503799953014e-01,9.772683136415083460e-01,7.101435844471866154e-01,4.254670837533182648e-01,6.178141482866801315e-01,8.964489184528148247e-01,4.203480084672862604e-01,7.832930309727250684e-01,4.860173732127311963e-01,4.292717285795251692e-01,5.091678298180366546e-01,9.750554170907425044e-01,-1.020357786020033852e-01,2.170956847542469814e-01,7.435850188273231964e-01,6.927529345934780869e-01,9.005036038014413435e-01,7.093337850054813876e-01,2.980851675730890604e-01,6.581260924621984421e-01,9.627630777675373341e-01,7.815346568182207632e-01,3.499298969458213837e-01,4.397820941699687181e-01,-1.983069500582362310e-01,7.323655734473573098e-01,2.637506596068537879e-01,3.409876594346296086e-01,3.044268771301527621e-01,7.802471391792475952e-01,4.488922996006144972e-01,5.091982245588564382e-01,2.968246676209153057e-01,7.708848826386540676e-01,5.248358610435018834e-01,6.252056469246343173e-01,-3.560606921976663952e-01,5.362524577929831393e-01
6.913695070093094364e-01,6.370861485069589936e-01,9.519898113143759888e-01,4.098546778226118126e-01,7.391699058212494178e-01,0.000000000000000000e+00,7.209313031924653448e-01,6.633798792777322317e-01,3.028476101654296038e-01,3.798416071082242329e-01,7.510243524011412930e-01,7.568733784853134416e-01,6.225163115004392900e-01,6.787544084113623644e-01,4.250983081994871293e-01,8.667025302887919613e-01,6.624931499342430197e-01,7.573159964646888342e-01,8.435670624698535791e-01,6.171755987083983319e-01,7.018162356930368606e-01,7.926588874313276190e-01,1.857980470523726280e-01,8.461437456395646262e-01,7.690707176958203606e-01,9.013414185159550618e-01,4.247603204542914068e-01,9.855593681855746580e-01,2.060155519961422432e-01,4.650033163650751922e-01,5.846808950689079687e-01,8.812819211509621553e-01,8.561752702715312857e-01,4.266706851258165734e-01,3.776664084056500365e-02,4.423622037758481174e-01,4.097054998180065244e-01,6.663892889783157303e-01,5.770914818977361804e-01,6.234565730443561993e-01,2.678867158496331391e-01,3.341298313863182434e-01,7.466567871138708457e-01,6.448846065679680883e-01,7.873234853811051925e-01,6.093150599242872500e-01,4.552002323696784369e-01,5.217346462372781657e-01,5.722359339716469595e-01,6.165673236388878875e-01,6.394422263990180433e-01,4.075418066763155656e-01,8.076090098306952514e-02,4.807731029415258095e-01,5.784837226510920472e-01,8.204648486211759684e-01,5.692165123089352186e-01,8.676103668987814599e-01,8.162759715603408184e-01,5.697493623614615643e-01,4.611137569037798700e-01,7.939359102421434944e-01,4.214950584299932412e-01,7.346923342682922797e-01,7.516801458894420973e-01,5.054548133038861968e-01,6.747073434834874872e-01,3.179092943423420525e-01,4.733424369205728732e-01,8.020164740065357512e-01,5.239103509028981698e-01,3.913940054239903876e-01,2.494311514995702361e-01,1.218977867930192832e-01,6.016134734665969930e-01,8.451387206541930430e-01,9.730658744381778247e-01,3.673029493908336329e-01,4.994579334322314379e-01,2.196019472383140825e-01,4.162181277258466539e-01,4.358741969510691594e-01,2.906478872401906943e-01,2.738339056522972048e-01,5.763144700873608084e-01
8.559182098898279190e-01,4.638239131187553710e-01,5.979545673414524698e-01,7.774301359323040339e-01,4.592581005232856950e-01,7.209313031924653448e-01,0.000000000000000000e+00,5.226842545806856810e-01,7.219581456696837485e-01,2.276498868893894745e-01,2.700869017274503125e-01,4.185262787739190138e-01,7.063515679333925990e-01,3.297674634826199686e-02,6.645313755898438757e-01,3.578508461583437827e-01,6.293505886051007359e-01,9.779641333235925549e-01,4.997134797597144185e-01,3.206798725418537055e-01,9.351011597886909055e-01,7.955126152654591332e-01,9.975036413510883493e-02,9.391961278617281250e-01,6.677527286197277867e-01,4.458211529629574343e-01,4.327931691895769983e-01,9.601253614215861376e-02,6.494983749534415096e-02,3.940858433595592070e-01,6.563883199296519089e-02,8.986166234217053406e-01,5.785808530472734690e-01,3.656684446549772205e-01,5.487771663835856462e-01,7.847369319906070118e-01,3.408351350475148922e-01,7.899651564226999323e-01,4.845270031415576106e-01,2.948297088835682978e-01,9.325101606120002051e-01,5.017592290016070766e-01,6.736252944165362910e-01,5.417050352039642913e-01,7.833407993033060235e-01,5.582759266485325389e-01,7.770748688718451813e-01,2.778404036653605025e-01,5.365466178338771375e-01,2.523303119513409243e-01,2.095865202701620578e-01,6.118228811158235025e-01,5.733800165826167250e-01,3.538155640715894279e-01,7.792998357340440441e-01,2.358323767879417221e-01,7.872675502059018893e-01,5.769079290466808674e-01,6.765337270405482606e-01,2.333313487702760591e-01,3.510156142582823158e-01,4.819022962019566259e-01,3.574360789990419507e-01,5.194913343120876048e-01,6.190358418140596841e-01,2.602844183157890789e-01,3.415261884575071516e-01,9.415318949981905661e-01,4.386696588550382803e-01,2.090619699509064788e-01,1.005375452427246519e-01,7.391419937652152772e-01,5.119661840531983810e-01,5.596449782543296836e-01,7.291559829812372939e-01,2.540020954942044384e-01,6.971966148050412482e-01,4.409540686474516247e-01,3.937433814339249549e-01,6.425415340365069339e-01,5.511078344384030547e-01,9.812563115163409622e-01,5.095031334462295503e-01,3.173584240835600756e-01,2.688707074995469459e-01
8.051448031508243730e-01,6.611290190365233244e-01,8.843579251794242424e-01,9.539390187153728995e-01,8.787742236955446984e-01,6.633798792777322317e-01,5.226842545806856810e-01,0.000000000000000000e+00,3.033870369437722259e-01,4.431136812687933024e-01,6.073791624389071053e-01,2.074050462438288001e-01,4.931880245175076505e-01,8.165316015751372669e-01,5.927743471742090708e-01,5.800842428585959443e-01,6.906516183194547631e-01,1.093064050347622163e-01,5.978432764976200353e-01,9.775030350745392838e-01,9.756826518891793532e-01,3.158044546481228454e-01,7.504658943973661067e-01,8.378524844263741667e-01,1.934714335578719135e-01,4.732310421179717341e-01,5.460436107062989208e-01,4.158235411532432702e-01,5.494951026676526684e-01,5.826843016306896272e-01,4.139028859129625926e-02,4.496580163160602828e-01,6.512841593347039604e-01,7.599884767004021491e-01,2.388295227374871710e-01,4.971425190528782068e-01,6.593114918771154631e-01,7.018985759863712870e-01,9.033773128854196699e-01,4.704002723962741328e-02,1.879040762505703940e-02,4.415868429837460640e-01,4.962083766160903520e-01,5.177867993392373247e-01,8.063571053012905665e-01,3.477870462093588522e-01,3.134361405323868865e-01,8.241923972860112357e-01,3.101480897637556300e-01,3.619142579012039618e-01,6.655160751320178258e-01,7.438559353104223781e-01,2.481532626322744961e-01,5.620711564944612659e-01,6.872542425742178551e-02,6.583204802149803525e-01,6.213016243091612489e-01,7.612024189737742752e-01,5.409128918881336290e-01,4.245752599198405197e-01,1.092746216656152458e-01,6.843800132472829256e-01,6.325748952313555717e-01,6.160192546840719263e-01,9.221314408414815755e-01,3.547419143137771069e-01,-1.977765252863320222e-01,8.064960601107600269e-01,7.152758058352830517e-01,3.015034492184509030e-01,4.902044265077990515e-01,4.496547972499929102e-01,3.902077427305601642e-02,3.082375427102065357e-01,6.220616356899635879e-02,2.054868593687278755e-01,6.015305040482695764e-01,2.266638731965597842e-01,3.802669271149540786e-01,1.848511986525003346e-03,7.639080013494881083e-01,6.371825643239306114e-01,2.793619115910187523e-01,4.145673428417879225e-01,5.837928895906645543e-01
6.642892563350721868e-01,4.030220174633721841e-01,8.458694923026169876e-01,6.985692846904305586e-01,5.617999752076393571e-01,3.028476101654296038e-01,7.219581456696837485e-01,3.033870369437722259e-01,0.000000000000000000e+00,7.465114528381480152e-01,3.713102516156504551e-01,4.502564490939046093e-01,9.589517626126896621e-01,7.865588695285529175e-01,9.991589452266574911e-01,7.827102450582377191e-01,7.273954633413729498e-01,5.574484098905730933e-01,6.441523797852948263e-01,7.116976187613415217e-01,8.853510526748156195e-01,8.802711316017711174e-02,2.985584669033092275e-01,9.831023587660561169e-01,2.251845660179737085e-01,7.157696138624317639e-01,9.848724768585749301e-01,8.477163431089953516e-01,2.411244856344101906e-01,2.558030554554571179e-01,4.451717953051105847e-01,5.730798535291929952e-01,7.391312498366501282e-01,7.501722933972343466e-01,7.840789251836228768e-01,3.052641593764567896e-01,5.403247583433228307e-01,4.253066948762375121e-01,3.107350960010237806e-01,7.826312902959806639e-01,6.631628361008574668e-01,4.171676610596279922e-01,9.740630896059241373e-01,6.226672442156445664e-01,7.432319814919591261e-01,7.562589256011833516e-01,2.823198693662078429e-01,8.143548768100919988e-01,7.954744139690047566e-01,7.829988460877354006e-01,8.584599257137996986e-01,5.653598979695808602e-01,6.751579805670296919e-01,4.762259388484109679e-01,2.721145231319810343e-01,3.198852997128143194e-01,7.379461669599337581e-01,8.699368150636096475e-01,5.386763977442259321e-01,5.690567545059120880e-01,4.876451245515496802e-01,9.179512781319113524e-01,2.389749332052850672e-01,7.088368152336865791e-01,7.944655096726880306e-01,8.002357280600579381e-01,7.862096682236657808e-01,5.047418741286832100e-01,6.380045744445533851e-01,6.807564482664772987e-01,6.865630126636924624e-01,7.490526905335584962e-01,7.535104287816141166e-01,6.414375210754396095e-01,4.540064235292753381e-01,5.023289299267424957e-01,5.288405404877755123e-01,9.569161553507850027e-01,5.156893411539902328e-01,3.708964415554345528e-01,2.689803001096556234e-01,3.713161384415536448e-01,4.023536584111046532e-01,2.091938955637880071e-01,7.180405061531384137e-01
4.052437863033622745e-01,8.041376141846554582e-01,6.146423154966343949e-01,9.012831368876366156e-01,3.929549396306707409e-01,3.798416071082242329e-01,2.276498868893894745e-01,4.431136812687933024e-01,7.465114528381480152e-01,0.000000000000000000e+00,2.824439383761602196e-01,2.476470311318040296e-01,8.547158825234657531e-01,9.778654435437639236e-01,7.605847004639388897e-01,1.036947994359869035e-01,3.813181776550478852e-01,4.007585906561005884e-01,7.343583323235617355e-01,8.646110716054143941e-01,8.849636546487535949e-01,5.483987684241485860e-01,5.164399687432200681e-01,8.703616704808885274e-01,6.786274742989626407e-01,6.828403086021097579e-01,8.368355772162983097e-01,9.016220232845585381e-01,5.026806532853727028e-01,4.614760080214129201e-01,4.241033421227655142e-01,5.290495484217057065e-01,6.060031030126709073e-01,5.433811870940149502e-01,8.314825825480640642e-01,5.273592424610824558e-01,-2.314221376931058227e-01,-8.919131734393009880e-02,8.405754569953522992e-01,6.800116973440857304e-01,4.729498197982675567e-01,7.015682370241085319e-01,5.849468370173924736e-01,7.460052965059191799e-01,8.017957979178680361e-01,7.181696048652790321e-01,6.699018490051762420e-01,7.613116539088899959e-01,3.510871185131351213e-01,9.460745640332772766e-01,7.847229002045543744e-01,6.798654622965517591e-01,5.059107324561011865e-01,6.154221602124345658e-01,2.039615524148307435e-01,7.718883690561684219e-01,2.282594562173559383e-01,2.395544792616517704e-02,9.114962559373162021e-01,3.338881422003205923e-01,5.712323833198909018e-01,4.795794486527794054e-01,2.305024245807242300e-01,9.255571483088562701e-01,7.401160165583963169e-01,2.893036882525824582e-01,5.422792844522343891e-01,9.116182187626187261e-01,2.520377473095036236e-01,6.303410876071326996e-01,7.261452395900074297e-01,9.501557062079750704e-01,1.039346258523039107e-01,2.976753379776763131e-01,6.028347587556706078e-01,7.772228165686738688e-01,8.666957488387148079e-01,7.923889885280908929e-02,-2.692325132196726756e-02,-1.992787190190742908e-01,3.804200442709495533e-01,6.985865178706059941e-01,9.751085158450547574e-01,6.416056420204645505e-01,9.645172594409289202e-01
8.075000368818915364e-01,7.888945600097747590e-01,5.387896981662146922e-01,5.937094651346617180e-01,9.927172576363385570e-01,7.510243524011412930e-01,2.700869017274503125e-01,6.073791624389071053e-01,3.713102516156504551e-01,2.824439383761602196e-01,0.000000000000000000e+00,7.360516019460094927e-01,5.295734709217708724e-01,6.725880886246909940e-01,7.530555152428394239e-01,2.181312307694706909e-01,2.443990034209463091e-01,1.747630239707549937e-01,4.039194536460565810e-01,6.993731772445579420e-01,7.555966733975856275e-01,5.014718979448433700e-01,6.199807191078332558e-01,8.298709751156746472e-01,2.118475202938803481e-01,6.044814477134969888e-01,7.300241191167666788e-01,4.882750660649847751e-01,2.474217510243648666e-01,7.703838739037414118e-01,9.926636506147118455e-02,4.813931527410015287e-01,4.005149217074470691e-01,2.211127326099170953e-01,9.927713974970329147e-01,2.351971971891063939e-01,1.264237121563243152e-02,3.500198880155989123e-01,4.684017065822640991e-01,4.509844183975906806e-01,2.476716917417368102e-01,6.574172934993895989e-01,6.590926656935139905e-01,8.967870323809149502e-01,9.900602786801517841e-01,4.009676579638599692e-01,5.664222281870916476e-01,4.336773868986872893e-01,4.267433340367117189e-01,5.340256131619134372e-01,7.348981192249939287e-01,9.221003451433631426e-01,7.174877995457886737e-01,7.745955245905326025e-01,2.205454231246107566e-01,7.900015888537342823e-01,5.045172692531203762e-02,2.150747697212207488e-01,7.118241859122307336e-01,6.193002241433003263e-01,7.410727484824946032e-01,2.563662144871465265e-01,3.174334757334130730e-01,6.287333823115437426e-01,7.798520736091623107e-01,4.617107394828065536e-01,9.815896053295828372e-01,6.078133315031849504e-01,7.621022359508847765e-01,2.937357443104028909e-01,6.916326481322565556e-03,8.911579955130369823e-01,6.812584681542255272e-01,5.647145719968760941e-03,5.653896231891785140e-01,5.954614534900684042e-01,6.527256388378066543e-01,4.410458353814630250e-01,6.418807335930164504e-01,4.615430857349475113e-01,4.024519451804553505e-01,4.184258586688735515e-01,7.539086399710879238e-01,5.682478625643903047e-01,4.803677234017409980e-01
9.016282132637203350e-01,8.278030662566989717e-01,5.352530939635058438e-01,6.158795155783415298e-01,8.935425617707311030e-01,7.568733784853134416e-01,4.185262787739190138e-01,2.074050462438288001e-01,4.502564490939046093e-01,2.476470311318040296e-01,7.360516019460094927e-01,0.000000000000000000e+00,7.850723169340965146e-01,6.530159122815948347e-01,7.678994612861648195e-01,3.261478982411644134e-01,5.114057225428670916e-01,5.335525904050668622e-01,7.344768399528032177e-01,7.394898531847111656e-01,9.202779709821197196e-01,6.617717279406905018e-01,6.522987650479054045e-01,4.634884440280628848e-01,5.419211650890555232e-01,5.809139045685931535e-01,8.584314925606699731e-01,6.666598019860121571e-01,2.874341098569012098e-01,7.163764290436247517e-01,1.366449290672879825e-02,2.565575921465763076e-01,7.991415464578763839e-01,4.482605253031800574e-01,3.866684821619399415e-01,2.273958518230551062e-01,3.712647445813278546e-01,6.395554713424876914e-01,2.990406893600434102e-01,2.913710061124117900e-01,3.904532956120920772e-01,3.076378522224651468e-01,4.587530736066767756e-01,5.132160682707208599e-01,1.195653452274803019e-01,9.991476208298281092e-01,9.094927381224632290e-01,7.807536976539648510e-01,6.067807786243699653e-01,5.914236064674915916e-01,5.128288889397859540e-01,5.404866641847636544e-01,6.688899897568838515e-01,6.294255805326338660e-01,9.813191390825438676e-01,9.749346959173423866e-01,5.132342494227544183e-01,9.661048219734525988e-01,9.233438911406793848e-01,6.390590600842738223e-01,6.365228983522910333e-01,-1.834776696225242643e-01,7.303694296507017292e-01,9.224385770372451887e-01,7.478440579204004290e-01,4.781435762318043681e-01,4.839295513891255784e-01,7.800810377288621700e-01,9.780293922819858210e-01,4.234586288971609602e-01,9.048917042663322530e-01,4.584592417411750831e-01,7.702916085890896269e-01,3.614559010307020204e-01,6.961833364484811826e-01,8.987125622740866904e-01,7.784855648710787834e-01,6.561893450074772760e-01,4.778810943750915752e-01,5.653205645211495378e-01,5.789433017986250762e-01,4.240643233048971283e-01,7.313972316331761592e-01,6.027695840977085329e-01,7.007145045684570750e-01
9.798699194352967767e-01,6.313599604642869956e-01,9.661891958483348475e-01,6.371103194038247874e-01,7.410311023679777565e-01,6.225163115004392900e-01,7.063515679333925990e-01,4.931880245175076505e-01,9.589517626126896621e-01,8.547158825234657531e-01,5.295734709217708724e-01,7.850723169340965146e-01,0.000000000000000000e+00,9.738571287821840006e-01,-1.765627463062452995e-01,8.514000887211211621e-01,5.500370440345320189e-01,6.628438262107642087e-01,6.184384185188391836e-01,3.084903470984042273e-01,9.046285566658919253e-01,7.611160486083119459e-01,7.852060031186492983e-01,6.297818595344364390e-01,4.296986952558468631e-01,5.371013940808393450e-01,8.729730853743196128e-01,6.427115678354499151e-01,5.643354057755645137e-01,3.788653838359660742e-01,-1.215877227259855031e-01,4.494509669913502314e-01,3.011913128530367412e-01,9.508545271647765862e-01,2.418774703432060580e-01,2.084987615861829124e-01,2.473135988169246346e-01,8.299516031017961648e-01,4.859970631579286215e-01,8.195563924126562094e-01,9.345547667179331108e-02,6.355948487579741180e-01,9.147060036776488712e-01,5.625574635504783094e-01,9.624522393263590381e-01,7.897631540583194276e-01,9.828295626218280789e-01,8.235913731716322239e-01,8.258329971108443468e-01,6.007113381704074495e-01,2.049172641609073309e-01,7.328255576806866900e-01,5.104184727834867319e-01,4.028731863924951417e-01,5.396564281030314936e-01,9.039609680962788774e-02,7.014233030292881255e-01,4.040180659345328773e-01,6.401944361689098084e-01,1.208340793325827223e-01,2.900738206830669186e-01,2.959415631856012197e-01,6.659663649109683892e-01,6.687224817859059867e-01,3.742230555840478923e-01,9.024841562171844744e-01,7.514970672824632381e-01,1.083673871597053834e-01,6.404939752376229700e-01,8.879734080938593843e-01,6.497188108836867704e-01,8.341136339676353817e-01,3.913539618303312206e-01,5.952491206596572937e-01,6.546495189245713497e-01,8.576971086787795739e-01,8.205629840874338887e-01,8.101662422585163004e-01,2.694050203568681412e-01,5.807896545346649120e-01,3.534779246901020855e-02,7.889186751771215533e-01,9.548991016945144183e-01,1.109264876049821935e-01,8.760274173530993025e-01
7.717906027688971049e-01,5.434603823739303854e-03,6.398555938605623439e-01,6.075995296602768603e-01,8.259349049852557911e-01,6.787544084113623644e-01,3.297674634826199686e-02,8.165316015751372669e-01,7.865588695285529175e-01,9.778654435437639236e-01,6.725880886246909940e-01,6.530159122815948347e-01,9.738571287821840006e-01,0.000000000000000000e+00,4.084119293681612861e-01,7.415994100693772406e-01,2.655340029293632442e-01,5.611321848041836979e-01,9.529944317752213623e-01,8.100145733852394114e-01,8.475033005909136108e-01,3.580349514394476351e-02,6.087876122413721225e-01,8.124383845316263120e-01,1.608324271044817844e-01,5.934160609248708695e-01,7.059879438123909390e-01,6.542528838114107792e-01,3.842029304509968907e-02,1.626302924148215201e-01,1.326049674087088730e-02,4.465384778576126923e-01,5.974725226442324511e-01,8.173264642557630522e-01,1.401826645638277469e-01,3.772497113642692135e-02,2.378557077819868637e-01,8.131761879059936637e-01,6.895857506981207807e-01,6.220250516858309986e-01,6.989562942071161356e-01,8.215552751749678473e-01,4.067908570469226381e-01,9.513957020666895525e-01,6.470071247097897160e-01,6.475410916057067201e-01,8.873755050779238429e-01,6.505391147813799346e-01,8.193578613764742613e-01,8.835944884971179414e-02,8.948301048670372904e-01,7.594186347605075271e-01,4.435554399334707965e-01,7.768231225247915761e-01,6.979559191903470516e-01,7.590302080507537186e-01,9.857630092487605911e-01,1.088770073273980232e-01,6.010816565813588142e-01,4.266605249922632015e-01,1.223301647938746517e-01,2.927516239724602953e-01,2.014159164163123739e-01,9.106101027976785112e-01,8.322910529210937325e-01,6.377046050356560691e-01,1.240085066893676508e-01,3.962354750389007751e-01,7.775705622673608763e-01,8.263887120351218751e-01,8.269999285090047225e-01,6.934028377086406403e-01,7.394151419338257369e-01,5.182853552831988564e-01,7.321592284933547967e-01,5.488916343920793306e-01,2.640437391785842025e-01,2.955891162652688614e-02,-1.873375802376258392e-01,2.830664423116593387e-01,8.096109522537456860e-01,8.730987743487602648e-01,4.399629308472506328e-01,5.713620427605009544e-01,7.534987980281793174e-01
7.862965864166262531e-01,4.289483260808031329e-01,7.704356890474137742e-01,9.599973730690497531e-01,2.609410832686164805e-01,4.250983081994871293e-01,6.645313755898438757e-01,5.927743471742090708e-01,9.991589452266574911e-01,7.605847004639388897e-01,7.530555152428394239e-01,7.678994612861648195e-01,-1.765627463062452995e-01,4.084119293681612861e-01,0.000000000000000000e+00,5.292623736709858306e-01,6.032074025074800616e-01,9.408548068827994326e-01,6.714212312430698493e-01,8.683194014325226195e-01,9.382030267630409037e-01,5.122597250413629677e-01,5.291552868042209701e-01,7.979120057736646121e-01,5.273186439541474035e-01,5.168564844879639519e-01,6.699233075717123675e-01,6.039852975619377506e-01,4.104882940710366523e-01,3.741169682584804396e-02,-7.611132230090134065e-02,5.574062861505415523e-01,6.161199929648983886e-01,8.655421770192031072e-01,6.412037749204385628e-01,4.027184769150982668e-01,5.231048464614713733e-01,2.450670749341727628e-01,5.713750544873560377e-01,7.002008116105684632e-01,4.521743785893179712e-01,6.270616661745486153e-01,3.633251851255354659e-01,4.824513569180470807e-01,4.994039134256361145e-01,6.548963566337290265e-01,7.023662196838573735e-01,7.974716650719844147e-01,3.113650512669762227e-01,2.298154293657953262e-01,4.293157507941395834e-01,7.306081155122778892e-02,9.729787536859030306e-01,7.644076904543899431e-01,8.805159455731994544e-01,4.973601298700260909e-01,7.642935027424337946e-01,4.373518769489363467e-01,5.031645222206928558e-01,5.351264413255697461e-01,2.268768794712491266e-01,7.675670630280658768e-01,5.654535924997495799e-01,5.286242240752361266e-01,9.854534523299488535e-01,9.088867255529690103e-01,2.898164304542921732e-01,8.910635261562085407e-01,7.894270677624359855e-01,7.259401022439309070e-01,9.217924625824586160e-01,4.535989527831302270e-01,4.866988472002749533e-01,6.497163670460202045e-01,6.807792476794576331e-01,5.646116719393249328e-01,2.051823341815664226e-01,7.456749272512805948e-01,5.486098849785944198e-01,-1.344435308159919185e-02,2.995939338810584274e-01,5.949743991099341045e-01,7.923426015454244631e-01,2.848092579322266116e-01,6.852298841892376924e-01
7.197995815367508321e-01,9.105158203637261360e-01,6.798444097895497418e-01,9.386128417548204039e-01,9.335976587230703228e-01,8.667025302887919613e-01,3.578508461583437827e-01,5.800842428585959443e-01,7.827102450582377191e-01,1.036947994359869035e-01,2.181312307694706909e-01,3.261478982411644134e-01,8.514000887211211621e-01,7.415994100693772406e-01,5.292623736709858306e-01,0.000000000000000000e+00,7.242189647819259335e-01,6.081341636278704277e-01,2.681745634557983760e-01,5.331028161325447323e-01,8.036856042869889860e-01,5.590577064434684162e-01,2.964334213318847722e-01,6.113222236624444861e-01,-1.431775539869937774e-01,3.186899799528084554e-01,8.183631160757385281e-01,2.894163177618646610e-01,5.331875548572126977e-01,4.682195273378596534e-01,3.220125821674960642e-01,6.174291369317510547e-01,5.824072317706918689e-01,9.587066084593649506e-01,6.101079044248016725e-01,5.871471726426076287e-01,2.521570614382789843e-01,2.390711178969413264e-01,6.525972212614764567e-01,4.995508210159749773e-01,4.210356498380957713e-01,5.479772408879903800e-01,2.962990493062820363e-01,6.674446802447987492e-01,7.916192875336982571e-01,6.478335188259461974e-01,9.922649084355701365e-01,1.639656601639123690e-01,4.310721743513565851e-01,4.958070607044319789e-01,5.979306932636101468e-01,9.358150513491550471e-02,4.599641779776877937e-01,7.645548078514314838e-01,8.388723540745056662e-01,8.468096077812722333e-01,4.890352498832064576e-01,9.765608837878199111e-01,5.307128190945367141e-01,3.157244178842396054e-01,8.991311806278752539e-02,4.863675462678670458e-01,3.519498162849801215e-01,8.838610970113642828e-01,3.978248042557116504e-01,3.250049970776869301e-01,7.209340694085988321e-01,9.151144686656882410e-01,6.332802418470203643e-01,2.355607032548323876e-01,8.863034745528827196e-01,8.829511572653854223e-01,1.359969443400430300e-01,2.939620767004351709e-01,2.539194915280871268e-01,2.636820910447575383e-01,6.082919413375896811e-01,4.543409230177825608e-01,6.263977529702765557e-01,2.394378268681663369e-01,6.145663789358082330e-01,4.886654142158670666e-01,4.037851297765777114e-01,5.526111268607090121e-01,6.878624227358555165e-01
6.806702236231987335e-01,6.090493389454483264e-01,9.684145832764304851e-01,6.021159203943803329e-01,5.745102199372145169e-01,6.624931499342430197e-01,6.293505886051007359e-01,6.906516183194547631e-01,7.273954633413729498e-01,3.813181776550478852e-01,2.443990034209463091e-01,5.114057225428670916e-01,5.500370440345320189e-01,2.655340029293632442e-01,6.032074025074800616e-01,7.242189647819259335e-01,0.000000000000000000e+00,4.229526233305901939e-01,6.135407695901042846e-01,8.303382497626514702e-01,7.212739045875387056e-01,9.840823938865463916e-01,6.403266230988645669e-01,9.516281052523514195e-01,7.050958694232756230e-01,8.367474860671855197e-01,5.590413216178373723e-01,2.205004285674874720e-01,2.060722056830651405e-01,3.574811468389377245e-01,3.332515424611539601e-01,7.325987286561385092e-01,2.448394474233944185e-01,4.094907004315457844e-01,5.525685092442461643e-01,6.218865055429897426e-01,2.410443357763411287e-01,2.782491634148006043e-01,8.262616053425352325e-01,7.137562240500356925e-01,5.582444590319951550e-01,7.654220314553278337e-01,8.851774044950276865e-01,9.200825184647155597e-01,9.661118172882541266e-01,6.170306602399875384e-01,9.954467426708141220e-01,6.924247710371621567e-01,9.375438910479324539e-01,8.452198772254096992e-01,9.768105758608277567e-01,5.227800377570078760e-01,7.731435074216914671e-01,3.503451715358669727e-01,9.363049128661666831e-01,9.940182206512325758e-01,3.759909656650756160e-01,9.732358725819691969e-01,4.482123894636445005e-01,5.575166150272121701e-01,5.614856824234581989e-01,8.733998616514124791e-01,6.878342476669230265e-01,5.423204002571627713e-01,4.411162957260949535e-01,9.249825505814762705e-01,8.264787266405979604e-01,7.224883155350078079e-01,4.291232666161979847e-01,8.986855733361573950e-01,6.257240613183244760e-01,9.302654002367406472e-01,1.102456296950915376e-01,6.040380942898175842e-01,2.087519930337770890e-01,6.187724248350014999e-01,7.621623473997913845e-01,2.849639679088047384e-01,3.461569227193932452e-01,4.496564062810593509e-01,5.675701421405764391e-01,7.304155373965698361e-01,5.658537803240313302e-01,1.677260095967364473e-01,5.779434606757738457e-01
9.797185512882768954e-01,3.344919976637639181e-01,7.156436091253474130e-01,7.223350028875350493e-01,8.448654131477880691e-01,7.573159964646888342e-01,9.779641333235925549e-01,1.093064050347622163e-01,5.574484098905730933e-01,4.007585906561005884e-01,1.747630239707549937e-01,5.335525904050668622e-01,6.628438262107642087e-01,5.611321848041836979e-01,9.408548068827994326e-01,6.081341636278704277e-01,4.229526233305901939e-01,0.000000000000000000e+00,2.611928535812977903e-01,6.102737388712830002e-01,7.182031767244339004e-01,7.732989669997127891e-01,4.312692823023831501e-01,9.050320585718765187e-01,3.684295580318434071e-01,4.118343082082446260e-01,6.298338848035243132e-01,4.674052149705984482e-01,3.352044402281216806e-01,7.072904288568736542e-01,4.340044630244979107e-01,5.443083931714212120e-01,3.037118229955516613e-01,6.111509092581615121e-01,4.507653920105352818e-01,6.180802615255521770e-01,2.958144270375098750e-01,2.603049593562166142e-01,5.698377362827111714e-01,7.867139665433167117e-01,6.037356358268763934e-01,7.690680873622588454e-01,9.669320015495935783e-01,4.730554941673677238e-02,8.527831299549980537e-01,4.748370837314029314e-01,9.649560604472597891e-01,8.246114607161049159e-01,3.184633079135143485e-01,5.786697163323113458e-01,7.713058274206956444e-01,7.425203665339439318e-01,7.914331471525742900e-01,5.734453569032845754e-01,7.376100094129821594e-01,5.876745310407858192e-01,4.663273172576324344e-01,4.389599836969942936e-01,8.186884832346307261e-01,4.680397857313688403e-01,5.753147295238585368e-01,4.582549678069809951e-01,6.770107164622765072e-01,9.420174942211078095e-01,5.234657245498597344e-01,6.185429169838273511e-01,5.153372767761145168e-01,9.826790300492949104e-01,4.172390148354219175e-01,2.482808433981927299e-01,8.784827888270895224e-01,4.905530777823070010e-01,5.799363361305065467e-01,3.085573020530970045e-01,4.537202614963994907e-01,2.919862272575131090e-01,5.841844976304759740e-01,4.667211180930204151e-01,7.772292890276080168e-01,2.057887264052558063e-01,7.959259168671704021e-01,8.543106531801021308e-01,9.325807815184924410e-01,9.236880372540235973e-01,2.370501962878732161e-01
