0.000000000000000000e+00,4.303834159369660517e-01,9.830028137979514025e-01,3.953151133624737135e-01,9.321128605023540903e-01,6.545792794121099156e-01,8.469973276427277264e-01,9.503919080772482708e-01,6.534187255646963788e-01,6.880998399311651914e-01,5.570488913839950484e-01,4.669384535131729796e-01,6.986291995132379862e-01,9.460269594697348072e-01,8.567995123310312433e-01,6.718130102451842500e-01,6.333851247279334018e-01,9.259191501675532177e-01,7.623449200478970011e-01,7.025055889798771380e-01,2.586745888127339188e-01,7.831889948152729319e-01,5.383855477754710961e-01,4.055995494367721776e-01,9.010355488275070268e-01,6.043995155762116323e-01,5.969886331396407897e-01,8.395959069657550344e-01,4.601222783631461200e-01,5.493157235478957068e-01,5.144776302236639953e-01,5.988120863185181220e-01,7.059734772805468239e-01,8.051942287439204371e-01,8.495795597493058793e-01,4.260682705958083738e-01,2.410650261091810131e-01,7.482033524665434587e-01,6.052859882731791430e-01,7.172769276865529342e-01,3.034465739790238592e-01,4.706418746345077952e-01,4.618309624819256221e-01,7.132969572813794290e-01,9.530834566102737160e-01,7.580180728278188562e-01,6.002861748743076875e-01,7.201765458205785508e-01,5.280953015023986952e-01,5.529066574438656900e-01,4.123180808021529864e-01,8.113928076389332888e-01,6.480684051483857067e-01,6.666729742496252387e-01,7.231869775656079025e-01,2.397382818121069903e-01,5.895368196810498729e-01,5.547533784497757914e-01,8.598854333919030424e-01,9.503239968531762560e-02,7.382660208905588162e-01,4.612966477649859676e-01,3.313283119386971065e-01,6.356934441074444386e-01,6.609791995627282146e-01,7.670056678334986611e-01,6.744882645024488088e-01,8.078435229428959641e-01,5.233963334293276759e-01,8.824988485144157346e-01,3.903663963879653309e-01,7.702965852320589057e-01,4.451090517745477926e-01,2.542918716020005077e-01,8.719338694098776044e-01,9.582925285467226439e-01,7.138135798640131702e-01,7.058365438034044370e-01,5.005699894977440056e-01,4.055349498781586903e-01,6.176821895641968485e-01,6.733166989979235684e-01,3.488513966547145406e-01,2.447067570103598211e-01,7.363775743191733891e-01
4.303834159369660517e-01,0.000000000000000000e+00,6.190344067831350383e-01,4.580772171360348310e-01,9.647197128234091812e-01,3.962179611194781570e-01,7.961775965238740982e-01,7.921739635218124631e-01,6.024119892898461837e-01,7.833909831904140031e-01,5.214320257604516673e-01,6.612842239943609313e-01,7.100191179925644525e-01,8.671837258717065566e-01,9.485841460714570239e-01,6.335697965570632473e-01,8.153329793896417765e-01,6.255506817404740127e-01,6.019862237245451331e-01,3.873376246295090475e-02,8.461530114824092896e-01,4.900451834617374214e-01,5.510471136223146216e-01,9.602472908899024606e-01,7.175661505582161537e-01,7.961040686125543386e-01,8.945469424628472721e-01,4.636625794985513860e-01,5.440994863334088771e-01,1.098321139162794502e-02,2.975271845648547742e-01,5.870802974231843496e-01,4.063072279776086537e-01,1.044028456174799918e-01,4.710352387740187052e-01,6.280854162625620907e-01,5.439701963435624732e-01,6.218432007414333995e-01,8.327772157347119730e-01,7.597728373917889133e-01,3.875662251703609895e-01,5.656323989541062192e-01,2.821665159590706629e-01,7.446345725257773607e-01,5.063613753328440881e-01,6.722876167794337166e-01,4.397962134837073434e-01,7.892847994391100075e-01,3.204792073061260016e-01,6.930293563549512204e-01,3.326054955269442392e-01,6.189964753782377649e-01,2.886311995902189342e-01,7.054572130492137161e-01,8.142012969101392050e-01,3.619919169856777863e-01,6.008372180103961346e-01,6.548593990344361293e-01,3.373865693307439573e-01,6.458105115410710528e-01,3.380666032508195082e-04,6.712624854663966634e-01,6.291498098598160560e-01,6.742931771243259043e-01,5.980069782070420725e-01,-9.383521652365897636e-02,6.502340582370275124e-01,5.696456752294185577e-01,6.108807279241936783e-01,9.452602644390895037e-01,9.959359581996702904e-01,1.794156743588393166e-02,2.582244246587569458e-01,1.439801357099776691e-01,4.058825381575956737e-01,3.466328978596411314e-02,4.289211718873383594e-01,4.657741867390158275e-01,1.965463402881515720e-01,2.745927356877155834e-01,7.483310296869259692e-02,3.114001187531303394e-01,4.015826203833449126e-01,1.566637272445961168e-02,7.333970628580587237e-01
9.830028137979514025e-01,6.190344067831350383e-01,0.000000000000000000e+00,2.704703670817095729e-01,8.547942566771882245e-01,8.001881443211600331e-01,5.008200854543567448e-01,8.105829183539938754e-01,8.991582214433343490e-01,8.301132105981289255e-01,6.806682178280629714e-01,9.220066705898006809e-01,7.261266418671046274e-01,3.949248151984934285e-01,6.609367717443848100e-01,4.606422398378022254e-01,8.010831738976881278e-01,8.374164942606179274e-01,8.292660739624713173e-01,4.271620072277398372e-01,4.923172187969809821e-01,8.006531755156818253e-01,6.014222775848638847e-01,6.452227888171930825e-01,5.541584854820309491e-01,9.961974403335797090e-01,5.135738844150113946e-01,9.552335758927327225e-01,4.686751479784027064e-01,8.258505173161040380e-02,1.404636406909256230e-01,7.594325274740650888e-01,7.741915532232702679e-01,6.867835285146559610e-01,5.014135118711940953e-01,5.741665961913513527e-01,1.457331417414398922e-01,8.664903934221228621e-01,5.900680931388945227e-01,9.516685605694150674e-01,5.448200791121817765e-01,9.428765503402368742e-01,7.508364923630315158e-01,5.467007474273547496e-01,8.516786415316895953e-01,7.453333865200597597e-01,9.569081427514498639e-01,5.950741252281717131e-01,9.416369615912194568e-01,7.758527873231844119e-01,4.342682354541077538e-01,7.824547222573204897e-01,8.500283352397424164e-01,4.294310148835245311e-01,7.870871162791459597e-01,6.625640532031081831e-01,9.936587570741785003e-01,9.681242682060197113e-01,9.847208868669875548e-01,6.034047509818049049e-01,5.285017870615331681e-01,6.551401712367175278e-01,8.237819866193136775e-01,9.499847834397612267e-01,4.631285166374579654e-01,6.690786297128270554e-01,4.864671439011902798e-01,8.552180895107425185e-01,7.345918298461286966e-01,4.936452675293915848e-01,8.196269109451408408e-01,9.390649444713250471e-01,4.220948684604833856e-01,2.612987128776503853e-01,8.577451476180508738e-01,8.854898137390592172e-01,9.328738583439895038e-01,4.667285703912094630e-01,3.039298595321763274e-01,-1.328467088468570090e-01,4.400672029630481319e-01,9.004120326621102288e-01,6.871577920518222582e-01,8.574596364872075771e-01,9.227496984878740260e-01
3.953151133624737135e-01,4.580772171360348310e-01,2.704703670817095729e-01,0.000000000000000000e+00,3.346010981398761519e-01,4.783412375455535770e-01,2.853199812736839647e-01,4.816188172056725114e-01,6.230736723608569783e-01,7.711930886512115002e-01,6.080206197215857200e-01,7.517826432886662857e-01,7.164373219040093277e-01,6.454632208376064328e-01,7.474371308876818221e-01,5.139405283296706317e-01,7.038825914949603524e-01,2.649491228895332617e-01,9.539531119602910891e-01,3.332180630629943963e-01,6.809905882761713158e-01,7.972819648466745734e-01,6.319009442292983225e-01,7.341427297452864931e-01,2.698379248092125371e-01,6.808055808819264421e-01,8.564154500542422443e-01,7.160149166298334089e-01,2.644239710793532330e-02,4.961868008627040583e-01,3.360632880598810601e-01,5.779987617940818279e-01,4.678013020921926168e-01,6.513189077762306933e-01,9.606736997750243701e-01,4.102584125714329177e-01,3.187266894016479446e-01,4.524281203377416571e-01,8.610657568997293065e-01,9.390207738060917242e-01,5.372623633352955341e-01,4.054492975157079071e-01,4.377289376597756076e-01,8.998333560636168071e-01,9.326266588362985832e-01,7.569014146487248462e-01,6.702354274383054422e-01,5.980270297768290888e-01,7.506024204274319711e-01,2.059205997313860032e-02,8.772993288369568265e-01,3.499015282916519975e-01,7.012230550946917385e-01,7.324781860722449078e-01,9.670187152754196047e-01,8.977869508377785968e-01,6.765536536010055002e-01,6.993862170582001436e-01,5.090967078253108014e-01,7.113245689638911795e-01,5.733683986933721943e-01,2.058011031894085296e-01,2.684879015053729390e-01,8.833902860541631430e-01,9.578633628117465548e-01,5.704891944233874135e-01,6.001353147104945274e-01,8.321476356129525742e-01,4.652868581893624955e-01,9.294262280643041940e-01,8.038946486898506105e-01,3.995711429401063164e-01,5.212988878002662307e-01,4.581130507148727382e-01,5.642209928884606152e-01,2.218191116546137931e-01,8.245276980278284373e-01,3.425462246367816377e-01,3.893483646790026342e-01,8.829816729932463137e-02,2.872005711271448103e-01,7.034223961770533773e-01,8.759683589537495818e-01,4.426914653577759817e-01,6.031453220489517708e-01
9.321128605023540903e-01,9.647197128234091812e-01,8.547942566771882245e-01,3.346010981398761519e-01,0.000000000000000000e+00,9.444040012297949538e-01,3.791673338057361398e-01,5.346600463900663680e-01,5.857143763034747819e-01,9.409243193295147023e-01,8.161366942541801173e-01,4.631809367325183668e-01,6.377357595462568307e-01,9.466713615034281215e-01,5.984333311936261834e-01,5.913884414569096082e-01,8.000506897069650236e-01,-8.903403141299474910e-02,5.279019611498152464e-01,4.060330209492380993e-01,6.203712985782119382e-01,4.832201345997717556e-01,7.678432834606695456e-01,4.769129904136386600e-01,5.069984341284401452e-01,5.156008195353960488e-01,7.617992651021111561e-01,1.831251455726405908e-01,2.290181072597521350e-01,1.092702770655690075e-01,4.654354681572449581e-01,4.387534620515575745e-01,6.044694031743816920e-01,2.915174807163863901e-01,5.605060517670906739e-01,1.398673353123450758e-01,2.069423439230248796e-01,7.836940930192788368e-01,6.376270288991807700e-01,3.980931577747570671e-01,4.553149794553423835e-01,7.941493271666852927e-01,7.057618396649728565e-01,9.680179270875354236e-01,9.833368199892854600e-01,7.946266454618766684e-01,8.791633213039000694e-01,4.832346897103536043e-01,2.649962735740684638e-01,-5.642427064273683457e-02,5.929951991700203040e-01,8.156118427734978527e-01,5.712994152929076197e-01,8.898118655767890406e-01,7.573618161032030782e-01,9.198926625793650835e-01,6.471914038974320160e-01,1.759565293578903844e-01,7.011319861674525367e-01,4.851431314361265290e-01,7.965660342718046127e-01,-9.831455243303349745e-02,8.546278999133928300e-01,8.947834291268905726e-01,5.861721700480772013e-01,4.691545201808057231e-01,4.446491976478023633e-01,9.691202113013352992e-01,7.381569860290071450e-01,7.105190768006139912e-01,6.603798936724089019e-01,2.138915655446723962e-01,1.139470171627526424e-01,4.995581867935240949e-01,6.245434432063019514e-01,5.477419548195580079e-01,5.829669239465625763e-01,7.519854895438301545e-01,3.641170989399435953e-01,2.614950990624955937e-02,3.897511350276748887e-01,5.051658119281908776e-01,7.842202198020213899e-01,3.967425318513433385e-01,6.972223148749803201e-01
6.545792794121099156e-01,3.962179611194781570e-01,8.001881443211600331e-01,4.783412375455535770e-01,9.444040012297949538e-01,0.000000000000000000e+00,5.255303139949192293e-01,6.027669165393398920e-01,5.379116423926749713e-01,9.155852169373889238e-01,5.470472520776812342e-01,7.550317235370719304e-01,7.625432148059034798e-01,6.906884047264059134e-01,6.260174304472265749e-01,3.407223197627029521e-01,9.344523786109842911e-01,2.740174654618766636e-01,5.963147043366665567e-01,7.690646060632869707e-01,7.413949719051902143e-01,3.295658405941099822e-01,5.847568025203780939e-01,7.162221977963570962e-01,6.791320656089828711e-01,7.600761504328842344e-01,9.603054827798502835e-01,3.125791329015223385e-01,5.819404216425552168e-01,4.530499403360169208e-02,2.923927908913193097e-01,4.515459483546986896e-01,4.607702133189343630e-01,5.571237333390737234e-01,6.852894176200804432e-01,8.837385182781005988e-02,1.468494136445911147e-01,6.584283725124639997e-01,7.644814048968464615e-01,8.914329401029991162e-01,3.741331920345508100e-01,4.398007958771540382e-01,5.021350705544368465e-01,7.536605792010311333e-01,2.983325802775188551e-01,3.225884792975348692e-01,7.663415945157332487e-01,5.873925133582573732e-01,5.140150420832100275e-01,5.089488898369215475e-01,1.421832624748994023e-01,4.335348789287317706e-01,3.127265697888366169e-01,6.830877604364993250e-01,8.967136740378344184e-01,8.512074501617818978e-01,4.855665071110898956e-01,6.996569159481402789e-01,9.885615794586160021e-01,7.304519260264688008e-01,3.168469343256637427e-01,3.278882997291410195e-01,7.463487582877625925e-01,6.181522202848697134e-01,7.946574727168117525e-01,3.685019979352985864e-01,6.053751933420762343e-01,4.249631845828576449e-01,4.471282463551015662e-01,6.003441167983043503e-01,5.878476744938517795e-01,7.708198846064152621e-01,5.294404521006390585e-01,3.904358124292043319e-01,5.079540306395996518e-01,6.219518294495807176e-01,6.982534739043743111e-01,2.646517725297904966e-01,1.260930551155529378e-01,-1.672563677490804257e-01,3.878525322589866375e-01,6.839282826179147179e-01,5.197164783893400974e-01,4.729998085008515485e-01,6.777199934883867405e-01
8.469973276427277264e-01,7.961775965238740982e-01,5.008200854543567448e-01,2.853199812736839647e-01,3.791673338057361398e-01,5.255303139949192293e-01,0.000000000000000000e+00,4.385257499717047924e-01,5.004994587419413499e-01,5.998295338447887648e-01,4.768213011769375509e-01,3.848339892310838062e-01,1.117241416687546202e-01,7.460292620261819163e-01,7.385756273842635222e-01,7.180562973193642673e-01,7.736645221217262058e-01,4.099766785889955578e-01,8.819152681923544401e-01,8.338659327370180341e-01,9.998781424713070187e-01,4.417763184020428446e-01,-9.782455251745381108e-02,4.415971646833103947e-01,4.336754646138464842e-01,2.775317470806245024e-01,5.009939604573320215e-01,6.313671459836271982e-01,4.507881113687250973e-01,3.399094917257224902e-01,2.948632288546817470e-01,5.753667117939328390e-01,7.936482035805327850e-01,6.204457809046350913e-01,4.814616234647673965e-01,7.247862579802404059e-02,4.742277077406115704e-01,4.684157324841016767e-01,8.757991752781151273e-01,5.187066138964192552e-01,4.630341592191320604e-02,4.818505507364642115e-01,9.976974951901902422e-01,5.043956538277103441e-01,8.929654362324741523e-01,5.762568391547491231e-01,5.690995457496511589e-01,6.525699010886748530e-01,7.749844394995543118e-01,1.338237866596968528e-01,7.338182384859062157e-01,2.842397062908639249e-01,3.764592460644682337e-01,4.867204215234359199e-01,9.480349532041192351e-01,2.574307103511291883e-01,5.410923255301088863e-01,7.458745306944415399e-01,9.898164084216665159e-01,7.070642708359907713e-01,3.409916687734994012e-01,3.864873105039725587e-01,3.662926086900443190e-01,5.822875469363022471e-01,7.118692714616557948e-01,2.055990618262298897e-01,6.821910020222418103e-01,7.076757820558505774e-01,6.875838378730400047e-01,7.030914487139438007e-01,4.341989788171661258e-01,4.437919233098080452e-01,4.496050772004213103e-01,5.212127402765482920e-01,3.751623693620768640e-01,6.745613673092124563e-01,2.353849006956743040e-01,4.617658479784302883e-01,5.146357667026829619e-01,7.600456248531797243e-01,7.968619459181266462e-01,4.143568840144809529e-01,5.867245706994149712e-01,1.586881299821909716e-02,7.270869457578013062e-01
9.503919080772482708e-01,7.921739635218124631e-01,8.105829183539938754e-01,4.816188172056725114e-01,5.346600463900663680e-01,6.027669165393398920e-01,4.385257499717047924e-01,0.000000000000000000e+00,1.937164570453264456e-01,3.546647273805489942e-01,7.738763126435782569e-01,5.995225730142945686e-01,7.508175038036281057e-01,7.291658073405679064e-01,3.493617953062700954e-01,7.773261371972097766e-01,2.644684397679780141e-01,4.548707680202578318e-01,7.130889834171328934e-01,7.814539963177959958e-01,8.429639383604170533e-01,4.814738275530796030e-01,5.475835218928961634e-01,9.183482882881502940e-01,2.443041664841283933e-01,6.886368895296149928e-01,4.053171961586192196e-01,6.626158392441623413e-01,6.007720406050814921e-01,1.553548443206453911e-02,2.060197171543497741e-01,2.666883904880017475e-01,4.352221218625218491e-01,5.569972101789602004e-01,4.250657731815925544e-01,1.216938393264037910e-01,3.548822125190285309e-02,8.331436489047200356e-01,8.068034672851657207e-01,3.307751278693177310e-01,4.284662760135761750e-01,4.001139652079658271e-01,8.444688448458992358e-01,7.937027353124430640e-01,4.871270100398079061e-01,-8.594695156764010913e-02,6.205179019032579513e-01,4.044358839937641781e-01,3.206087382508348571e-01,2.965938930059735523e-01,7.410381721639374142e-01,6.620284928659192492e-01,7.826618686842167216e-01,4.599690038380311874e-01,7.128496611331089916e-01,6.264810138705985132e-01,4.650501857528617222e-01,3.716563481484590481e-01,6.004435903238035666e-01,6.154705202664295660e-01,6.512194578996909344e-01,6.842093798023849427e-01,7.865851427046254285e-01,8.628532667951368529e-01,1.927383883529732722e-01,3.977801582403802105e-01,6.065545168343103866e-01,8.199442104919404395e-01,3.429735343560680327e-01,6.975633274550920859e-01,2.159126436090987589e-01,3.685108007999289281e-01,4.118342643623870147e-01,2.441726807233954577e-01,6.653822738477750409e-01,4.356527431086580360e-01,4.570582812157513164e-01,6.497504624376113647e-01,7.601752594733260926e-01,2.245129226283326951e-01,5.663839561922482391e-01,8.410747351220001500e-01,9.421529525416936224e-01,6.843147346354401250e-01,7.332979611144252452e-01
6.534187255646963788e-01,6.024119892898461837e-01,8.991582214433343490e-01,6.230736723608569783e-01,5.857143763034747819e-01,5.379116423926749713e-01,5.004994587419413499e-01,1.937164570453264456e-01,0.000000000000000000e+00,5.376556828211069838e-01,6.264875821641497922e-01,6.387815193332311292e-01,7.521383555465940285e-01,6.230622320863660191e-01,8.493946619534789022e-01,4.381095330866871529e-01,7.254303832041451017e-01,1.924239751569297441e-01,5.960489278158618287e-01,9.766432953782422377e-01,9.280279893120744195e-01,5.948092486402821732e-01,5.008860196756749206e-01,9.762336395946840106e-01,7.626640563448074950e-01,4.136875531198558886e-01,4.811776201825919697e-01,6.173341272784149680e-01,2.544889481206005222e-01,3.811545826030899864e-01,6.284534392122037572e-01,7.183422654001832275e-02,2.621529721029125515e-01,5.410050537173159979e-01,4.883692529296190799e-01,6.565543398016620014e-01,4.517890630434969745e-01,4.193028860102229194e-01,8.189802925204960893e-01,7.582410064354080381e-01,5.667358281707673973e-01,-3.760862981884494083e-02,9.356930381736199287e-01,5.446609360704322000e-01,8.838334858786541792e-01,4.335132603036889742e-01,7.985250845224306504e-01,5.051036900124790119e-01,2.738629430307897294e-01,4.426748030828820402e-01,3.349532688558224391e-01,7.684751806448038014e-01,2.261215811951038379e-01,5.078051830390312160e-01,9.393601992559177383e-01,9.349141155001247094e-01,6.487824576414678024e-01,5.840773146977331631e-01,9.274085207280097221e-01,8.538117298755540929e-01,5.171030220855417081e-01,7.420253735734619882e-01,4.845866268475887417e-01,9.868979130810107137e-01,8.140392468301935747e-01,2.933807721984211248e-01,2.050536952485656761e-01,4.007804089329776165e-01,7.313871310355971045e-02,9.627494774115986642e-01,8.458060852094204662e-01,4.797143767201902387e-01,5.484493683351883142e-01,6.099212237797091429e-01,7.185486880314316815e-01,8.185446459071090697e-01,3.592859367668713721e-01,2.825252280243542025e-01,6.658964902180767309e-01,5.496662113943252548e-01,2.023689659067884061e-01,9.450348336510614455e-01,2.546059353032409378e-01,1.825749827282350385e-02,3.287732268522596257e-01
6.880998399311651914e-01,7.833909831904140031e-01,8.301132105981289255e-01,7.711930886512115002e-01,9.409243193295147023e-01,9.155852169373889238e-01,5.998295338447887648e-01,3.546647273805489942e-01,5.376556828211069838e-01,0.000000000000000000e+00,5.274722479612028447e-01,7.556386601279216908e-01,6.764410644827204555e-01,5.921871185281064598e-01,2.714968980970915435e-01,4.485677517508439016e-01,8.674037056685097724e-01,4.678551705357352208e-01,7.131233228283506698e-02,6.552213654690095535e-01,8.864062314819635136e-01,4.115681634250064058e-01,9.262395408812811315e-01,2.926710707818862001e-01,3.770136688249924317e-01,5.007404902230745414e-01,6.259014920971985863e-01,5.898793867092453347e-01,6.227102240138194800e-01,4.147410663895781391e-01,4.103889358542393007e-01,4.685592012659318684e-01,4.701594863667833413e-01,7.488318441640950951e-01,4.005650124917441435e-01,8.602300259795817028e-02,1.618292150028904364e-01,6.711209023128307249e-01,4.572636337470777357e-01,9.672814930949797940e-01,3.282335472998081372e-01,6.580353376237305651e-01,7.075613485898119004e-01,3.508301203900863335e-02,8.955615873819160466e-01,4.055278492823367609e-01,9.901932016612957632e-01,6.249255917778738789e-01,7.340266657172169751e-01,3.121058124746772799e-01,4.582628351585144588e-01,2.363448091821402641e-01,6.581191569500082217e-01,2.957668157172639589e-02,7.099426224356724102e-01,4.008447416163640753e-01,6.381749447150206755e-01,2.971238337665130236e-01,6.391231032064922379e-01,2.379847594882865958e-01,7.741996884288591119e-01,6.177318344634105118e-01,4.406865071375429266e-01,6.157078752609417283e-01,4.255419299151225188e-01,6.080941948877086611e-01,6.591938487715987005e-01,7.453729449598543999e-01,5.763078302553921173e-01,6.661383141651531226e-01,2.525417839098652584e-01,2.131338311516162431e-01,6.117191273720337108e-01,5.256085886806842744e-01,7.345305815942229088e-01,9.962305513637517151e-01,8.979392104886712023e-01,7.871043306183169719e-01,2.446268891420261271e-01,4.597059993638848152e-02,6.787312355699642863e-01,5.571234373140008245e-01,9.855652667221656005e-01,2.229475555799058720e-02,6.399877425579841850e-01
5.570488913839950484e-01,5.214320257604516673e-01,6.806682178280629714e-01,6.080206197215857200e-01,8.161366942541801173e-01,5.470472520776812342e-01,4.768213011769375509e-01,7.738763126435782569e-01,6.264875821641497922e-01,5.274722479612028447e-01,0.000000000000000000e+00,9.631145206502974565e-01,6.819881022741115517e-01,9.111601835422009632e-01,4.276075194052953443e-01,7.296617147642305845e-01,9.178132635969914466e-01,4.267010621943391202e-01,5.213776248870708452e-01,8.138043046810569114e-01,7.489294375223839451e-01,2.883591853472994848e-01,6.412890409100280298e-01,8.742939158884235340e-01,7.136495870203456438e-01,3.589511157349752901e-01,4.602436420625375946e-01,7.559777072496086658e-01,4.740163666362256500e-01,5.342671821858204773e-01,4.348814304832675504e-01,4.380425047562316876e-01,8.479925802864931583e-01,9.404699471985349390e-01,7.758307572274831809e-01,7.515183145868531422e-01,5.335770914046225055e-01,9.298937698886182712e-01,5.809548681153160476e-01,9.187664955274572609e-01,5.942664695334516356e-01,9.451190479296333047e-01,7.992222571814284748e-01,2.634066048826693221e-02,5.221220303437009713e-01,3.416006411380134722e-01,5.387497224302643106e-01,4.604073218731825623e-01,7.608384204056852784e-01,2.784456766447421794e-01,2.136487543198083983e-01,4.897908820149314835e-01,3.350175676060216379e-01,7.814166708931181704e-01,7.665375685928821348e-01,8.453175764248972435e-01,4.638352354151071277e-01,4.927288984017745288e-01,5.612033958299682546e-01,2.664917058068799749e-01,3.191576319390055927e-01,2.157517679150185719e-01,6.089606685071116132e-01,6.030964261222725442e-01,9.348440074487831541e-01,3.776618947767061418e-01,5.349403949596501784e-01,7.078155927980714912e-01,5.106640682126101227e-01,8.062391624170567317e-01,5.111798521328353440e-01,7.679825821191638147e-01,6.698638515729696818e-01,3.338218041347277287e-01,3.320765964887678612e-01,5.489785513517941862e-01,7.857605069106720075e-01,3.637209413721704809e-01,4.220717193154170932e-01,3.896031293830761744e-01,2.227611817526011784e-01,4.916776037109045205e-01,8.427726804845844244e-01,3.330742809425948220e-02,4.664127241225315412e-01
4.669384535131729796e-01,6.612842239943609313e-01,9.220066705898006809e-01,7.517826432886662857e-01,4.631809367325183668e-01,7.550317235370719304e-01,3.848339892310838062e-01,5.995225730142945686e-01,6.387815193332311292e-01,7.556386601279216908e-01,9.631145206502974565e-01,0.000000000000000000e+00,8.318318788311050982e-01,3.717797419692712713e-01,6.771584978258249343e-01,6.885342060494693550e-01,8.957317185743872701e-01,7.520408824007708271e-01,5.787336998731820170e-01,7.019324557729462732e-01,7.278617891238684523e-01,7.337674380564933596e-01,8.409810502643363384e-01,6.069386455191339014e-01,4.675760167310168969e-01,9.792225116336927826e-01,7.372418332543646535e-01,7.145832318504176106e-01,3.940527457236596143e-01,3.326852321080698838e-01,3.400593597483637653e-01,4.541191417776394013e-01,8.518230458716904430e-01,2.747862383245346374e-01,4.305425433084602016e-01,2.798629044814873179e-01,4.510341686099852976e-01,2.869155976955533593e-01,5.421309122909162559e-01,8.914626810570933646e-01,2.792288435843297556e-01,7.945186363144709496e-01,7.569313744065351290e-01,5.720105264988606386e-01,9.149323579368677795e-01,6.319846699286436609e-01,8.259011760191068419e-01,7.826027545456151202e-01,4.499557229479292375e-01,5.917328800211144602e-01,5.822341573158151817e-01,8.259609297958939722e-01,8.074726979802150373e-01,7.000835252235441120e-01,5.092854380792853908e-01,2.728673027905359483e-03,8.236549678334875724e-01,5.642989169424945661e-01,4.072749525308071439e-01,6.546581617657878382e-01,7.452188066791989307e-01,5.257937226328321945e-01,7.447976856576195015e-01,2.185806785255725027e-01,9.490399884917647411e-01,4.086495881551135967e-01,7.540446696704402596e-01,6.722707416209930953e-01,1.759190469567910309e-01,4.677985525061982841e-01,9.698476039456671582e-01,3.350307116878756819e-01,1.512448081813852208e-01,2.602725387359109965e-01,7.656123330768866975e-01,9.331630269884041429e-01,8.558581022762946633e-01,2.345240592637573562e-01,5.357248347947137779e-01,5.917268237436221767e-01,3.269406869068481325e-01,8.190302910095166311e-01,6.612826681299366349e-01,3.356301914480327997e-01,3.840706042673522891e-01
6.986291995132379862e-01,7.100191179925644525e-01,7.261266418671046274e-01,7.164373219040093277e-01,6.377357595462568307e-01,7.625432148059034798e-01,1.117241416687546202e-01,7.508175038036281057e-01,7.521383555465940285e-01,6.764410644827204555e-01,6.819881022741115517e-01,8.318318788311050982e-01,0.000000000000000000e+00,8.724763123784742280e-01,9.259775876458946620e-01,2.593314139191658652e-01,5.332281019089523122e-01,5.836612711614196369e-01,4.650607577923586700e-01,3.474657861015748583e-01,9.862650481344843456e-01,4.430301057001603815e-01,6.395558783798442892e-01,6.493057735695043631e-01,2.264756298043770488e-01,2.557503471216379665e-01,6.506943921595134128e-01,6.920464762423657046e-01,5.509281404306555219e-01,3.882454114740643281e-01,2.998689585985995776e-01,4.986055445727556323e-01,6.414361499985516968e-01,6.189370019157627301e-01,9.653281380223394104e-01,6.297848846522722255e-01,4.552473043688305965e-01,7.156770450120023552e-01,6.267394669393859807e-01,9.620363332353187857e-01,4.335414300035514978e-01,4.939612824481895426e-01,4.296592879687134436e-01,5.777337291021777954e-01,6.099881232655463004e-01,7.489321700510125357e-01,9.177950326209820542e-01,6.106735325562818728e-01,8.319871534680843839e-01,5.910169083710750115e-01,1.853242240502996352e-01,7.539198154817657871e-01,4.263000034896398116e-01,7.631000030782096877e-01,9.735640462357044722e-01,9.377361219962226935e-01,3.330258173095235197e-01,7.569695492609724852e-01,5.625144495738844119e-01,4.451592394510637818e-01,4.621248404806602705e-01,4.863102352289965791e-01,8.870045347870171293e-01,7.737416031517931891e-01,3.777429329611372566e-01,7.748429609267920570e-01,6.535079016196991830e-01,9.826323937330174729e-01,3.010989929024208700e-01,6.888787791869628307e-01,1.663067521117594649e-01,8.072353959235771814e-01,1.531503793629753196e-01,-7.280889624686029404e-02,2.982006751481977025e-01,4.150656059628887729e-01,2.918661838332192726e-01,1.845735920706295941e-01,2.850315979600341332e-01,3.554020777164583755e-01,5.137768115655051426e-01,8.181557695717332768e-02,9.491086821151324404e-01,-1.701359588713612925e-01,7.092983430441653914e-01
9.460269594697348072e-01,8.671837258717065566e-01,3.949248151984934285e-01,6.454632208376064328e-01,9.466713615034281215e-01,6.906884047264059134e-01,7.460292620261819163e-01,7.291658073405679064e-01,6.230622320863660191e-01,5.921871185281064598e-01,9.111601835422009632e-01,3.717797419692712713e-01,8.724763123784742280e-01,0.000000000000000000e+00,7.188039724940508135e-01,9.932084042569466753e-01,7.402724605283632631e-01,9.185045181951242421e-01,7.492046183990859198e-01,4.159635575378982653e-01,2.364350634988159339e-01,1.716564997450647778e-01,7.240897339475963479e-01,6.415247899235126949e-01,9.373380011162266712e-01,6.980796100444922603e-01,6.684391454051434867e-01,9.916270007134326825e-01,5.016923044147229005e-01,6.404189534009531171e-01,3.323629623239705566e-01,5.516828940787543711e-01,5.714883278926660148e-01,4.754093799052045988e-01,9.687616353903050204e-01,6.526294388644169331e-01,5.149683489043449525e-01,9.712169252009508202e-01,6.268140124390849666e-01,4.476201914664376669e-01,2.768515399366665575e-01,6.451776139554107337e-01,4.284723470312867266e-01,8.952118216432937148e-01,6.699127019986744758e-01,7.068262080299682060e-01,2.534587321447152597e-01,6.392163351774531321e-01,8.026134299903930902e-01,7.604936925676453185e-01,5.536342158927871626e-01,9.965242850415043652e-01,6.217449127380837437e-01,6.082877027108491985e-01,5.769667681921643032e-01,6.539761147620530846e-01,6.352050048777437841e-01,6.137045798955657050e-01,8.517745187830574327e-01,4.824675164171695618e-01,5.006108880060837762e-01,9.488671240196608903e-01,4.782985071037189617e-01,8.116321235974865989e-01,7.694104627829072562e-01,7.221451168315320412e-01,7.597693570281526254e-01,8.856645747946918501e-01,3.177529991817424904e-01,5.266710058515583492e-01,3.862755771812232952e-01,6.386168266259922843e-01,8.568741675093341503e-02,4.158212260561263141e-01,3.340182424068512956e-01,5.711504339100830219e-01,6.166944089063272072e-01,5.515046000508779800e-01,4.339406125685235094e-01,4.938046814433811327e-01,6.521143905715622857e-01,7.928823408594773969e-01,3.911807752579612996e-01,-1.866230129198066523e-01,9.175273788142223053e-01
8.567995123310312433e-01,9.485841460714570239e-01,6.609367717443848100e-01,7.474371308876818221e-01,5.984333311936261834e-01,6.260174304472265749e-01,7.385756273842635222e-01,3.493617953062700954e-01,8.493946619534789022e-01,2.714968980970915435e-01,4.276075194052953443e-01,6.771584978258249343e-01,9.259775876458946620e-01,7.188039724940508135e-01,0.000000000000000000e+00,7.099854335496592617e-01,6.945932503325170648e-01,6.028635784349969384e-01,5.753941525154100400e-01,9.313227833355224305e-01,7.635527167719127206e-01,1.435292337819014385e-01,7.882813909769663674e-01,6.007418189077842197e-01,6.676878277777906767e-01,8.468963346567193184e-02,6.768039089183091050e-01,3.862298450382977144e-01,5.219772437304407431e-01,2.248831390558059529e-01,6.114122987684486032e-01,8.882060791693727753e-01,9.121970873083711240e-01,4.852854817884995065e-01,6.572752627672621972e-02,2.885823974990729957e-01,2.404481548112638312e-01,3.011605482540773426e-01,7.665554930510440901e-01,8.648487596967490143e-01,1.897177678870086703e-01,2.618572650908299743e-02,6.312806791663498895e-01,9.042294523964435893e-01,6.489960744553039396e-01,6.267898103178999314e-01,4.632148549521775127e-01,5.402345433099445815e-01,7.787673050560227628e-01,7.796977715089229433e-01,5.681076347733635679e-01,3.508368034918460943e-01,7.148745749694824791e-01,9.880553623411980624e-01,7.515518871158206604e-01,7.456979645790350331e-01,8.750155697752685091e-01,2.119667593761973001e-01,5.860520386630435619e-01,5.747997124441819317e-01,3.666009997723068681e-01,7.814274443357022149e-02,7.769847891003223150e-01,6.752537791329493722e-01,7.855076857813483304e-01,4.151745856620168706e-01,7.013569344577427200e-01,5.720781185426477844e-01,1.003420688280134282e-01,5.401454432064514699e-02,4.652171831412270642e-01,2.370500119663846994e-01,7.063876517031953961e-01,8.660703113009809995e-02,4.703527742607559459e-01,3.431248029290751567e-01,2.690940985599081237e-01,7.028471683682332438e-01,2.318605323402553042e-01,3.194510894988590310e-01,6.672004364235553098e-01,9.183017174077779954e-01,4.556901978448515411e-01,3.297374142406048758e-01,7.735545481259582523e-01
6.718130102451842500e-01,6.335697965570632473e-01,4.606422398378022254e-01,5.139405283296706317e-01,5.913884414569096082e-01,3.407223197627029521e-01,7.180562973193642673e-01,7.773261371972097766e-01,4.381095330866871529e-01,4.485677517508439016e-01,7.296617147642305845e-01,6.885342060494693550e-01,2.593314139191658652e-01,9.932084042569466753e-01,7.099854335496592617e-01,0.000000000000000000e+00,5.585220883503720923e-01,1.913596183787962535e-01,7.656350092411517982e-01,2.398691637334903759e-01,8.426368898286921150e-01,6.879231950493074343e-01,7.843790608067269243e-01,5.045548329326956516e-01,5.194412169829674270e-02,7.651254702268909247e-01,5.272867737036228686e-01,2.284158931677356397e-01,2.960269189590552519e-01,-1.016087811550256959e-01,3.030745324307296817e-01,-2.013970734850235589e-01,6.123243837243166343e-01,8.787289859479474607e-01,5.246527469002866262e-01,5.510953444534465451e-01,6.393454504834242269e-02,5.598451026144477538e-01,8.151812009125121161e-01,4.382229671856624487e-01,7.678807511557761423e-01,4.582614358414790479e-01,6.971082345235360966e-01,8.431926607053459310e-01,9.078288801410435704e-01,8.529641637093248185e-01,4.139903717104537750e-01,5.274362727882082602e-01,2.529567252208138606e-01,6.844758538121329394e-01,4.928231039098956989e-01,8.262118962521312060e-01,7.254863855884485790e-01,5.213664450342081480e-02,6.067897323536504128e-01,9.294778379942241209e-01,6.034824800364545494e-01,9.369961591600528550e-01,9.082937552771219725e-01,3.035002641405912804e-01,5.256882677285025229e-01,7.094565795615628279e-01,4.893945665916433763e-01,5.963432237643840894e-01,9.480844486473178900e-01,5.854834151037046075e-01,4.160314615102941871e-01,8.689420974247785701e-01,4.136956069495867361e-01,6.795496603977158045e-01,5.234704280970494672e-01,3.839747469586572981e-01,4.776037267313630874e-01,-1.993951117438068077e-01,5.337060195782652450e-01,6.578527895813390813e-01,4.382615250951608643e-01,5.851818825115121525e-01,2.840505871501193269e-01,1.902543485033214576e-01,2.780179332875296616e-01,9.437027682606268231e-01,6.916877843690290018e-01,3.096891312161658139e-01,8.418432645018768534e-01
6.333851247279334018e-01,8.153329793896417765e-01,8.010831738976881278e-01,7.038825914949603524e-01,8.000506897069650236e-01,9.344523786109842911e-01,7.736645221217262058e-01,2.644684397679780141e-01,7.254303832041451017e-01,8.674037056685097724e-01,9.178132635969914466e-01,8.957317185743872701e-01,5.332281019089523122e-01,7.402724605283632631e-01,6.945932503325170648e-01,5.585220883503720923e-01,0.000000000000000000e+00,9.764373795749398122e-01,1.678626833378957794e-01,8.825451947728346624e-01,9.776586281310759574e-01,3.564448298019088357e-01,3.586667441795482469e-01,6.809748312887007327e-01,8.655156081431769621e-01,8.830946375655106539e-01,8.607425711100913368e-01,7.104644841787025600e-01,7.115710832040658129e-01,4.599920241062501192e-01,2.675994763947649457e-01,7.211685319845431152e-01,7.557946113046749848e-02,7.711954641676210809e-01,4.748060505068087411e-01,2.383150589473141123e-01,-3.313549165359461202e-02,7.027453433661825510e-01,7.167528300476901926e-01,9.010212939321762260e-01,5.837835822262513741e-01,5.073786259478992866e-01,5.001169370438183215e-01,4.841416378973797396e-01,2.209102161412719312e-01,4.714290584956382091e-01,6.858315654492849189e-01,5.415597159597181909e-01,7.345329015431844022e-01,5.118917905325656159e-01,7.932548294357130159e-01,7.162810742001838316e-01,3.710338384290292613e-01,7.836352323806063946e-01,5.620752611374710828e-01,5.633278251717422913e-01,8.786067690731885760e-01,6.488407923254178034e-01,7.361336575532052562e-01,5.410623724624072928e-01,5.197515169909077137e-01,5.244725750247973828e-01,7.977789994526760520e-01,8.072499897227185528e-01,7.258874143731960382e-01,4.538591476147638692e-01,9.793421851897563535e-01,6.787828948367937709e-01,7.450008847409211876e-01,6.607522932575852215e-01,5.047350199033227014e-01,9.512955995878058513e-01,6.823128829586521116e-01,2.149872329118412695e-01,3.376256759589792988e-01,9.039719329184341401e-01,4.427115618814970177e-01,7.817769247078221184e-01,1.621020056848343667e-03,3.665721607884904476e-02,6.774800066806652143e-01,8.020017373314027864e-01,8.283441846437447076e-01,2.145189721743384348e-01,7.332354260333439067e-01
9.259191501675532177e-01,6.255506817404740127e-01,8.374164942606179274e-01,2.649491228895332617e-01,-8.903403141299474910e-02,2.740174654618766636e-01,4.099766785889955578e-01,4.548707680202578318e-01,1.924239751569297441e-01,4.678551705357352208e-01,4.267010621943391202e-01,7.520408824007708271e-01,5.836612711614196369e-01,9.185045181951242421e-01,6.028635784349969384e-01,1.913596183787962535e-01,9.764373795749398122e-01,0.000000000000000000e+00,7.983085795777077331e-01,7.309302088253515350e-01,9.188912192237981280e-01,4.074302542547457717e-01,7.324250624183001879e-01,8.869308634259400748e-01,7.692078989718986737e-01,5.127949410090812954e-01,9.546170853211384255e-01,6.381184979041540917e-01,4.510591973876358352e-01,4.456828302623462856e-01,1.995684162093658565e-01,5.478392378010235042e-01,5.279282356819798849e-01,6.979214941594106270e-01,4.138256922366859714e-01,4.501092658578672023e-01,3.165204287746162803e-01,7.860363262430737352e-01,8.003740154938623341e-01,8.789405175447314589e-01,4.705959253039201928e-01,-7.917100794327203150e-02,5.536020436251586352e-01,7.882281698494213451e-01,3.044508655073062120e-01,3.506651773240191394e-01,5.927272314098762651e-01,4.815502091745325064e-01,4.587509184866570555e-01,5.506297743582717619e-01,7.034467880114805283e-01,7.230498957916930980e-01,6.089864643021224433e-01,2.548001714668399753e-01,9.454230002509858011e-01,8.634023938899704209e-01,7.047566383634370490e-01,9.181934820655389684e-01,9.738866824493992436e-01,1.898073683981561510e-01,4.298151690170298189e-01,7.437335673029186189e-01,5.947007814619932331e-01,9.482679026481606321e-01,3.278561447671595186e-01,9.949932652754740758e-02,7.012565033369968504e-01,6.510573993645998314e-01,5.421406812204807579e-01,5.071504870338848781e-01,8.049195657434949913e-01,6.139357611013928073e-01,4.544504223047907132e-01,2.848471743988504890e-01,7.968747951297270316e-01,1.285874253179289384e-01,5.268041342777818326e-01,4.415838856464409656e-01,3.505389840426076375e-01,-1.930346648545785693e-01,2.631890099211922074e-01,5.737906859841168661e-01,6.647041306956199547e-01,2.143722616185357310e-01,6.530901269077604709e-01
