0.000000000000000000e+00,8.172901945601032114e-01,9.164074833163394773e-01,9.638195825708255615e-01,5.012920402568039613e-01,2.471487723804499936e-01,6.589897255661368858e-01,9.890385978944959966e-01,6.521767181349339415e-01,7.899351586837972672e-01,6.453428770786440172e-01,8.987448617450812804e-01,7.164518292396488963e-01,9.864344883503354255e-01,9.594963430987463182e-01,9.882668429015342149e-01,9.226280527305681378e-01,8.771637977467038327e-01,7.568236038942868227e-01,5.659024860936845425e-01,9.343641866437883969e-01,7.323370691002923927e-01,6.134728447396848861e-01,8.583672896365297511e-01,2.993120921041758642e-01,4.867368958480082219e-01,4.623047016493955774e-01,7.271519587443799892e-01,2.375067482462138446e-01,6.295433048582342594e-02,4.914615774841495921e-01,6.760138111393825255e-01,4.873873807795282009e-01,9.618971880875314406e-01,-1.609052186670497098e-01,1.800133044131577431e-01,1.410119673865202761e-01,9.496860590837908900e-01,8.006462427859003528e-01,5.752076269766717154e-01,2.601658656439747030e-01,4.308110834935016675e-01,9.107638925261760665e-01,5.746429906847230207e-01,8.036245182658789954e-01,6.646272348620637649e-01,7.224891190084447024e-01,6.435052999719954592e-01,9.677373131366687753e-01,6.687629715912898343e-01,7.284779208284211105e-01,7.370017229542935588e-01,7.846526316916444532e-01,5.682149158115183951e-01,7.104237129368933257e-01,6.050007050443971801e-01,6.717886615004278195e-01,2.104952493057866136e-01,9.159098034373701624e-01,3.248313092497313592e-01,6.099992431609389115e-02,8.006128312474496411e-01,9.402675902768496963e-01,9.794393511094587890e-01,7.152777869128130739e-01,7.066646425331568615e-01,7.032758952275606212e-01,6.257816939099516418e-01,6.193940077152978452e-01,9.787313127308596705e-01,9.261741924596331721e-01,7.679111239200075989e-01,3.323673449063833107e-01,1.557461646521762777e-01,7.204790457321393893e-01,8.977048950032802122e-01,6.608121999767997412e-01,6.129444959439819263e-01,4.600832137835067503e-01,1.301544565367661332e-01,7.267293133465445587e-01,8.214424176007468770e-01,8.968450087183490460e-01,5.196741658110743955e-01,8.235285592736490967e-01
8.172901945601032114e-01,0.000000000000000000e+00,8.817971681878651324e-01,9.397756876268054116e-01,5.595726692285326598e-01,8.825162352173571145e-01,1.173170694191774145e-02,9.952316449889123673e-01,7.574090038527334645e-01,1.049652402189304445e-01,2.065230751388212327e-01,7.514125385484694553e-01,9.491382690683615175e-01,7.738212906943300329e-01,4.075459447926753076e-01,9.343086481623007478e-01,5.577194012009494273e-01,4.948448511795022764e-01,7.356467628511995649e-01,9.727083013601504069e-01,9.644698710344654646e-01,5.793662429129666780e-01,6.086162121266310843e-01,6.131956674495987469e-01,-3.433992951734748944e-02,5.169909057364845406e-01,4.309215887171947701e-01,9.776611861839585860e-01,3.564033587442630990e-01,5.548891851108728179e-01,2.141356208169473418e-01,6.380192736420412514e-01,9.649001118323917714e-01,4.942702300066051935e-01,1.221056480041132625e-01,1.999879702687517857e-01,1.037233295274235800e-01,7.149561234210514149e-01,6.498086860926242103e-01,6.741158922481214066e-01,8.748268829255945178e-01,9.996588490815493111e-02,7.428894100915606202e-01,9.925968824227046072e-01,4.023591105833161374e-01,3.566320161344701534e-01,4.784855539415368564e-01,3.835665221462450369e-01,6.957021732339860876e-01,6.780211424745165028e-01,6.591170705414787223e-01,6.615344484469576347e-01,2.756080094562141647e-01,5.268241720415045570e-01,6.424328799963114900e-01,7.396704896782528849e-01,6.384221333416659760e-01,2.519176147403999200e-01,3.921216447321626553e-01,5.459352234721820407e-01,3.263670349118828057e-02,5.621285831800335586e-01,2.373449451184996561e-01,1.706538706841235209e-01,5.935987498875416879e-01,9.652726814086504126e-01,9.651625835158146316e-01,7.674876036720195138e-01,3.460407552486381988e-01,6.173972351679933857e-01,6.875585054779783656e-01,1.983454508119509851e-01,5.116581945242947294e-01,-1.671273958810434168e-01,6.231017564746246240e-01,5.496009918101540936e-01,5.028456304029588209e-01,5.207710819189225182e-01,5.804701623539640920e-01,1.563155625246450131e-01,7.933121157313782756e-01,6.203718755329468149e-01,8.224917857036693203e-01,4.708057471350023393e-01,3.991509944241256047e-01
9.164074833163394773e-01,8.817971681878651324e-01,0.000000000000000000e+00,9.825954104613009443e-01,7.373620389208422887e-01,7.656526388421212026e-01,9.704722809568728792e-01,4.519511287231647301e-01,8.288657293209465982e-01,5.744175174026354691e-01,2.827539110653566889e-01,7.601579663091275751e-01,1.874055468504457478e-01,5.128626492319077190e-01,5.249565677822438658e-01,6.703866554428513647e-01,4.388039146187714401e-01,8.106565668226902721e-01,9.346293366925809698e-01,8.881856861526271629e-01,6.053502681932760865e-01,2.876237108611584548e-01,7.457704453488789298e-01,6.716157140342431386e-01,6.472931402286615787e-01,8.491041405167896183e-01,7.130127037832212356e-01,8.579705818708760479e-01,4.693546712871405346e-01,1.993295221765344349e-01,4.423424443341856804e-01,7.170224669977326437e-01,6.078130144104130217e-01,2.444378277383751352e-01,6.938755958242340816e-01,3.418574063322697976e-01,-1.377121014645465435e-01,3.305640179880331986e-01,9.140086661359132503e-01,8.765570015081450839e-01,1.673044932413547681e-02,8.227545088937731066e-01,6.325263860708338903e-01,6.280771620084625306e-01,5.127512940070034775e-01,6.466578995153978715e-01,8.496932969898207677e-01,9.184027746205177811e-01,4.115704595559747658e-01,7.296630561702579509e-01,5.140073631416157696e-01,7.508776838336626014e-01,7.304533562094225330e-01,8.114864348424618568e-01,7.448722592503508322e-01,9.157431900744281705e-01,4.466312789319250021e-01,6.331415796666136631e-01,7.898678603358835204e-01,5.809384137324232755e-01,6.182982765539672965e-01,8.897399627161513003e-01,7.303458858756471939e-01,7.279624903827291993e-01,5.743049669972833948e-01,6.077205411911148492e-01,9.965748042688936659e-01,8.393900081810152791e-01,7.340474996198459445e-01,7.942860811582483915e-01,2.609774643148625728e-01,4.593678645409838279e-01,3.192486361396665862e-01,6.053545066086621906e-01,5.759830808580643779e-01,8.775826185199986362e-01,8.635547717509898247e-01,6.787013873014206000e-01,7.840252767800139910e-01,9.030773137882333601e-02,4.531723586816914784e-01,9.250229028967417166e-01,6.618986206688342033e-01,3.152351712278382845e-01,7.265874613834313323e-01
9.638195825708255615e-01,9.397756876268054116e-01,9.825954104613009443e-01,0.000000000000000000e+00,5.191271189297814725e-01,5.826299328980431014e-01,2.756455363865706332e-01,7.502763191562060729e-01,4.316317971314503205e-02,5.176607456066061319e-01,8.527673731020121162e-01,2.984390230167789371e-01,5.174260938557064815e-01,6.285076182089355257e-01,4.062636380681531323e-01,7.217643742261474760e-01,3.618612612025616793e-01,7.510784816552261711e-01,6.584152721270977171e-01,7.494748661787947741e-01,7.039541403986793178e-01,7.019722505961297765e-01,4.078090913420815422e-01,5.083209954726765067e-01,5.590947295685706475e-01,6.672694211515034501e-01,7.457524169937667091e-01,4.497721995116515381e-01,4.810713662182041217e-01,3.102001536803992710e-01,4.735470413847415183e-01,2.124794696240998593e-01,4.876857997598605943e-01,6.653572970706057577e-01,8.224847501209534562e-01,7.773934115195528793e-01,2.769761603143546247e-01,5.933996186539145512e-01,7.588405453830715519e-01,6.816105458987197219e-01,4.949319377055173552e-01,3.870664735350527463e-01,6.250473081035112788e-01,7.622223323325221234e-01,2.020631446486749749e-01,6.042314624835578574e-01,5.249337515265753984e-01,9.280367077328786074e-01,4.028195607686965718e-01,6.298128756820738916e-01,5.827580308593022229e-01,8.201524620175039137e-01,9.074735493546709497e-01,6.544895097201075540e-01,6.267245072139793205e-01,5.639414316017276052e-01,4.910452501411820547e-01,6.362893532199438429e-01,3.649960872736186523e-01,2.813067458532798604e-01,4.880621129972271405e-02,7.584872893675115302e-01,7.546832150418003593e-01,9.648757189907011256e-01,6.225716267231864443e-01,8.229296508734303961e-01,6.244632048190115192e-01,6.152960842902698291e-01,7.210970739683653097e-01,7.389850350037923121e-01,2.763408352136172974e-01,2.623352862020739140e-01,3.605703757780849283e-01,2.868855737248826587e-01,5.506293937441911757e-01,6.772681377436677863e-01,6.549504211609773474e-01,6.140366654134927771e-01,5.293148475811972897e-01,2.901133283115981953e-01,7.004936019247091084e-01,5.022194734484674017e-01,6.874713787573278889e-01,4.739391037570894749e-01,7.571383729314056232e-01
5.012920402568039613e-01,5.595726692285326598e-01,7.373620389208422887e-01,5.191271189297814725e-01,0.000000000000000000e+00,5.125790356521958691e-01,4.971600877676880526e-01,3.904934213774159946e-01,2.426058248577119547e-01,7.171737601039314125e-01,6.333232128961158169e-01,6.677702560769389617e-01,1.364385020469749965e-01,4.141140183432492350e-01,2.433674643540224836e-01,2.204293030609507376e-01,4.625537096212749555e-01,7.601405483723753242e-01,6.762590620295951815e-01,7.018018737399936979e-01,3.269551717322050077e-01,5.833556816287442937e-01,4.055328654338793970e-01,8.126605497162113778e-01,5.092002357968635762e-01,5.021065269401926434e-01,7.453348409054334489e-01,7.926461911912137115e-01,6.154850510780035533e-01,2.669031129431365112e-01,2.622669672406359731e-01,7.632768858668390610e-01,9.343028271513569294e-01,2.323979110437234818e-01,6.740097483434042136e-01,3.669060752902615907e-01,5.026011463912368749e-01,4.531076218788450127e-01,7.390956362791707424e-01,5.250697474491023975e-01,1.534057777858864602e-01,2.094057092527614183e-01,2.376944294507973843e-01,6.286251984578389296e-01,7.537599897282207806e-01,4.663776495346839690e-01,5.461764477482937696e-01,7.958130019868605576e-01,5.421355835934892342e-01,3.278876214206595252e-01,6.853274302726314327e-01,8.723375337305077082e-01,6.830572406363295546e-01,6.843751054125601918e-01,9.556203319684690722e-01,4.294714363356298414e-01,6.384972579494688771e-01,3.633255110477304761e-01,6.953719793240888958e-01,5.806402923077138567e-01,2.686392487431857878e-01,3.312580361237603688e-01,9.289017707813800317e-01,8.879162032314870112e-01,9.760621557400616100e-01,3.593876360060103137e-01,5.271344842807819120e-01,8.985110426292080010e-01,6.888013609987335695e-01,4.063835665214453052e-01,5.744132766952525504e-01,7.495292143883713898e-01,5.631222896268326394e-01,7.173126675494205795e-01,4.186490925653605921e-01,4.552563986720725708e-01,9.284144970527009599e-01,7.493429232605933743e-01,-7.121836762787386865e-02,2.593649597895013037e-01,4.868489054559327345e-01,8.826369849475579343e-01,5.559341786892517678e-01,2.752569676259411513e-01,4.301352397151649298e-01
2.471487723804499936e-01,8.825162352173571145e-01,7.656526388421212026e-01,5.826299328980431014e-01,5.125790356521958691e-01,0.000000000000000000e+00,4.333128073296999561e-01,-1.951127046991868730e-01,6.891318240889722224e-01,7.177480069641604121e-01,4.740082823682084667e-01,7.365142085993110488e-01,7.413093343157177717e-01,9.722895440597176808e-01,5.458911985412429058e-01,-5.903704581752758362e-02,4.676134701873755906e-01,5.724013013572263331e-01,4.226067374293939749e-01,8.078404152666421867e-01,4.721840110329595941e-01,5.002578986772494574e-01,8.725022963866173598e-01,7.847830436460478953e-01,6.653630489235340395e-01,8.338007078588381971e-01,7.116608425759061163e-01,4.609941198302562881e-01,5.140217024772810728e-01,3.279917958332259076e-01,2.269142402065905395e-01,5.299227423061305675e-01,5.656063681303867829e-01,9.935129227981076561e-01,2.365347227264312235e-01,5.806912076585947213e-01,1.545115269881674191e-01,4.549171786746281643e-01,6.007237019416027390e-01,5.119303402966390859e-01,6.165673460501291947e-01,6.671395795626247072e-01,6.379100029434340291e-01,6.775102200442639777e-01,7.266729730925131081e-01,4.797620599734185309e-01,8.317875890793446914e-01,6.219880546933479470e-01,5.784078809296587798e-01,6.810381132453591224e-01,1.243556473631897419e-01,9.211159116278547776e-01,4.814069685024601752e-01,6.728947664931341777e-01,7.418679856941539086e-01,6.044209848111340433e-01,7.447372855753651155e-01,6.847288670399492849e-01,7.631934016997234949e-01,8.822456244657589375e-02,3.150117454081212687e-01,3.220502144350898543e-01,6.309946492548599295e-01,9.270008194643810651e-01,7.081023824580207071e-01,9.317740901843434287e-01,8.863150738734624223e-01,8.641233554287311991e-01,4.404362159394070164e-01,3.342732011446356566e-01,3.587140904130572405e-01,6.796358603719098168e-01,1.846879109038596645e-01,7.409230705269744810e-01,6.356876725278235440e-01,7.020805791009425700e-01,6.998128217251564642e-01,7.757741221423907207e-01,4.960424577235700849e-01,1.886348104979223284e-01,7.127493177076639208e-01,8.856376716932069515e-01,5.927422987530737292e-02,5.984121908266247791e-01,7.381513204176551879e-01
6.589897255661368858e-01,1.173170694191774145e-02,9.704722809568728792e-01,2.756455363865706332e-01,4.971600877676880526e-01,4.333128073296999561e-01,0.000000000000000000e+00,6.629464425283777551e-01,9.712702915305648776e-02,7.930406491550794357e-01,3.519075747599861304e-01,2.425215404330436642e-01,5.316183206564988328e-01,2.378080384470712683e-01,3.375298460676436907e-01,7.085063508265473375e-01,6.450991370919804124e-01,7.311095568646152065e-01,6.023591204961700196e-01,4.023412645098622953e-01,7.972916788342960803e-01,2.295474964980409038e-01,7.279598181338647889e-01,6.675154973616523879e-01,4.049888565770931592e-01,4.222408277853414993e-01,9.898706209657985866e-01,6.324102350696905184e-01,4.686879859624478173e-01,3.073531487823894515e-01,1.194363781841156352e-01,5.103142035625666262e-01,2.560113917016160201e-01,4.589385398175088726e-01,8.714727060814843052e-01,3.189961057584540516e-01,6.799714147174531487e-01,4.597887478710257492e-01,5.940352562751358700e-01,6.416004707277522812e-01,8.383828961664217816e-02,3.730971709440102924e-01,7.347734439156244912e-01,4.764078495773400590e-01,5.261270200931712493e-01,5.372197610557953862e-01,6.262835704542553117e-01,7.680953925619699030e-01,2.828100349957902715e-01,3.634685940380152358e-01,4.739382757114645739e-01,2.313703661731054961e-01,4.375516630744288316e-01,3.957918025782122262e-01,7.900110276888895333e-01,7.339203521013517584e-01,5.395182117258615628e-01,7.645797757216000745e-01,8.867109178980679962e-01,2.555462600469571854e-01,3.142983775406815727e-01,2.316124304567810932e-01,6.004620721648480375e-01,9.307099862404641932e-01,5.420314421457529397e-01,4.164990094746802707e-01,5.843233726457464083e-01,8.403192674602033563e-01,2.974589471178743505e-01,4.260624769131131639e-01,2.885066284400948367e-01,5.157632202841201385e-01,4.827950086981335209e-01,1.995059213200524040e-01,7.266242309720319925e-01,5.172602718819760970e-01,5.722350930096332666e-01,6.552358280894818865e-01,2.891824001461992810e-01,2.017179382067255389e-01,4.505698238024922753e-01,5.279820003666637618e-01,5.917467241611307216e-01,3.485026184864293275e-01,4.303722782638006450e-01
9.890385978944959966e-01,9.952316449889123673e-01,4.519511287231647301e-01,7.502763191562060729e-01,3.904934213774159946e-01,-1.951127046991868730e-01,6.629464425283777551e-01,0.000000000000000000e+00,7.477603566934063473e-01,3.163994586381291274e-01,7.471045110633942610e-01,5.819285113691444744e-01,7.278085682528474543e-01,6.598701285715840026e-01,7.076373351176687976e-01,1.170706375938582317e-01,3.852076504746110297e-01,6.733041773201511315e-01,7.963841472583637060e-01,7.559034649009865880e-01,6.747428062139191329e-01,4.642198921269731771e-01,6.508939025094172548e-01,5.138760134206282748e-01,-1.719790125361218003e-01,5.579598828881291439e-01,6.333357778361055068e-01,5.482017441586348738e-01,1.357016774639579204e-01,7.115018606284057023e-01,3.300698201679997945e-01,3.727177463123219070e-01,3.093865737572595309e-01,1.970761950071162616e-01,5.172905999253865073e-01,3.519230235223743120e-01,3.332084525464240610e-01,4.422483985158048303e-01,6.773481702456285447e-01,2.780926380434253775e-01,4.004921080707618541e-01,2.813920592427319178e-01,8.926728293803922742e-01,5.134664104548066765e-01,8.697712262931002192e-01,4.505814261001492849e-01,7.670096787981793840e-01,4.445352274417833649e-01,7.965858923826385496e-01,7.515502562818531240e-01,8.700012845416450480e-01,6.634052332430507848e-01,2.497222051134539711e-01,3.097706637293540788e-01,7.319855247580748792e-01,4.570690873679147392e-01,2.006073151044364677e-01,3.208108486549575700e-01,7.401104017182700279e-01,5.990695450163110447e-01,4.116161880191108735e-01,5.183477377233012273e-01,2.529010604219356084e-01,7.783838540172178799e-01,8.555273441449425809e-01,2.498447880164613166e-01,6.979453404799089711e-01,6.851183633770235870e-01,5.213341300779279486e-01,3.295812967953246631e-01,5.785070260562988897e-01,5.442168726146813240e-01,7.192192646254839117e-01,4.500302530662897427e-01,2.366075733417327687e-01,7.364564229096373094e-01,1.326217364262347320e-01,7.836875200743099734e-01,5.823745286020300949e-01,1.839018943968312447e-01,3.903178970662242175e-01,8.864636764928894852e-01,7.934652682043150662e-01,3.016300620942973243e-01,9.813915276216963468e-01
6.521767181349339415e-01,7.574090038527334645e-01,8.288657293209465982e-01,4.316317971314503205e-02,2.426058248577119547e-01,6.891318240889722224e-01,9.712702915305648776e-02,7.477603566934063473e-01,0.000000000000000000e+00,7.892846498071505179e-01,3.686146003902351365e-01,4.699185634084027119e-02,6.636360232474796117e-01,4.804100618078772089e-01,6.706123855939777334e-01,6.520265572101175966e-01,1.411832020903640017e-01,7.588909044850586927e-01,6.409689423295592547e-01,8.213618798955211187e-01,4.900693082088339314e-02,4.285517203731126212e-01,6.277506952710874000e-01,3.741119725063101198e-01,6.051273291096406215e-01,5.296980464153895340e-01,6.196426411747038010e-01,7.451835217783806531e-01,5.686226262905260675e-01,2.106021128442804868e-01,6.071759686264298628e-01,5.870669911021020315e-01,6.358056434880370311e-01,7.319560715071290469e-01,4.323783555466978457e-01,2.974668641373673927e-01,4.878830509124494896e-01,6.834580151209065368e-01,6.486452721542066424e-01,8.390001300447103016e-02,1.526319896767630580e-01,4.696052528010999927e-01,6.273960179844043639e-01,8.551798001969274088e-01,8.131280337418657078e-01,3.150082757523752219e-01,3.524254228520523613e-01,3.830963418625230044e-01,5.262621045618255389e-01,7.045292003118053259e-01,4.406901737020204046e-01,7.962254819125620386e-01,5.750621927795098731e-01,4.736883667649865459e-01,6.079862803730292642e-01,9.767171900429831854e-01,9.315429428175445725e-01,3.195072068751915739e-01,6.795840086370127375e-01,4.673372955287551367e-01,2.583102857620298565e-01,6.393862379816487307e-01,4.256873326815592828e-01,5.225478516844981325e-01,8.942334668401039632e-01,3.175051170041938431e-02,5.515503747110622745e-01,9.992309373814718398e-01,1.151602006655976923e-01,7.751220421117493986e-01,8.105362397190040147e-01,7.623798341026042369e-01,4.689287035481933819e-01,5.871298578301702431e-01,5.953647892934541552e-01,9.344697676014296350e-01,2.405521253350378086e-01,7.417583499296596106e-01,7.105219898708996507e-01,3.249544312856129658e-01,3.281911097852128201e-01,8.094984005055314569e-01,7.830310119614385389e-01,7.811526202509337935e-01,7.107882690514233381e-01
7.899351586837972672e-01,1.049652402189304445e-01,5.744175174026354691e-01,5.176607456066061319e-01,7.171737601039314125e-01,7.177480069641604121e-01,7.930406491550794357e-01,3.163994586381291274e-01,7.892846498071505179e-01,0.000000000000000000e+00,8.845056931006596290e-01,7.056656426246856739e-01,4.613288770105254955e-01,7.866903888866183525e-01,3.416601608122866729e-01,6.762803611340347798e-01,9.417421303591952952e-01,7.242695528253018100e-01,4.011852296498252812e-01,2.094199413394684239e-01,5.947387659709347796e-01,3.022686497753090951e-01,7.298970701314431153e-01,7.716878102680038154e-01,3.478394327890888538e-01,4.478262799416007356e-01,8.177722819194803705e-01,7.617025282299541011e-01,4.594128285518027655e-01,7.585638480177079312e-01,4.336444816389354306e-01,7.203099447717666859e-01,4.474100543819617415e-01,7.778770634271109374e-01,2.773597332829859652e-01,1.365270509812172295e-01,2.489963429984840826e-01,1.091574227757708820e-01,6.824475324036137769e-01,9.200594044982567388e-01,2.115397072322748595e-01,8.662437577719084292e-01,8.363447427333255968e-01,8.381770629644479387e-01,9.346218492378495224e-01,7.016802317961674529e-01,1.671576201414699467e-02,9.272295153626325392e-01,4.058794626737945999e-01,5.228638620542791493e-01,6.348007329833977863e-01,2.986008616301587537e-01,5.303063271797310296e-01,6.524628985190954467e-01,4.677553276533924498e-01,9.986353857820440272e-01,5.674758556934971221e-01,7.206666317852831183e-01,4.687914928455810259e-01,3.524434704006659258e-01,2.198708468451085751e-01,6.999419015769999808e-01,7.267482401938072378e-01,6.600714316247418001e-01,4.789786952262741204e-01,4.729777023083234777e-01,9.757602611112778934e-01,9.816936246828892321e-01,6.365585350420182031e-01,9.064835763745291430e-01,5.630302541238525471e-01,5.997490789909371012e-01,5.842467561113070529e-01,5.929702535306151656e-01,9.581579218021881728e-01,9.141025557658800649e-01,7.973426432454421287e-01,4.311088390355032884e-01,5.352755277688443503e-01,2.078970133689601874e-01,2.269357333703675150e-01,7.138674246976373094e-01,6.692417240124390876e-01,-6.554348115710395550e-02,4.889466382981443315e-01
6.453428770786440172e-01,2.065230751388212327e-01,2.827539110653566889e-01,8.527673731020121162e-01,6.333232128961158169e-01,4.740082823682084667e-01,3.519075747599861304e-01,7.471045110633942610e-01,3.686146003902351365e-01,8.845056931006596290e-01,0.000000000000000000e+00,7.467839426926330404e-01,2.120033948228985388e-01,3.499087517756375165e-01,7.597039787661225008e-01,9.452806391909680528e-01,5.305687740616229497e-01,4.371299992798318157e-01,4.938071158141167927e-01,4.435695580083428569e-01,6.998354394912230658e-01,5.414550489662350863e-01,6.794010913170888122e-01,5.807036618043155407e-01,7.916528134707493392e-01,6.765942423788167126e-01,2.248967851515765448e-01,4.082251820573431500e-01,4.575431074571045809e-01,7.344586777729297244e-01,3.667941662239475598e-01,5.860415757855488295e-01,2.655116981924871555e-01,5.502938176664788905e-01,6.838193633246748560e-01,6.187437968269330346e-01,5.041673441191181215e-01,4.411869406485409151e-01,9.367146486686438456e-01,2.884032540704370984e-01,7.340635602577740837e-01,5.117257575126807900e-01,7.287852685691583732e-01,3.327168058062911493e-01,7.303260544724332615e-01,6.354633147884110045e-01,6.183555679999830357e-01,6.786985846571951253e-01,4.823548249601885551e-01,2.402215164961932214e-01,5.205555715723518828e-01,3.082939988386227403e-01,9.031832013188079156e-01,3.499724498556342489e-01,6.287629000371967036e-01,1.959148840605126063e-01,5.702472493537025233e-01,8.045891388450598924e-01,8.121081968520328376e-01,-1.909258327061293392e-01,6.492811795104822536e-01,2.628789106131548259e-01,5.176936699982763734e-01,3.547584564835351006e-01,5.911453575788890857e-01,7.364832327214324570e-01,6.705307521892487355e-01,8.130178381578323510e-01,5.123780781778584092e-01,4.661223646193478620e-01,8.580624293085704624e-01,7.090677241230841643e-01,3.854042148780187360e-01,7.737159424613673231e-01,7.141925950588814409e-01,3.598897438047479191e-01,7.095717633499509791e-01,4.638652272028900292e-01,6.157629053424173993e-01,4.480614633878848285e-01,5.233061947762125410e-01,7.104711575988659211e-01,7.616544319403255603e-01,5.160588036377206089e-01,2.206792848187923983e-01
8.987448617450812804e-01,7.514125385484694553e-01,7.601579663091275751e-01,2.984390230167789371e-01,6.677702560769389617e-01,7.365142085993110488e-01,2.425215404330436642e-01,5.819285113691444744e-01,4.699185634084027119e-02,7.056656426246856739e-01,7.467839426926330404e-01,0.000000000000000000e+00,6.453400583147954617e-01,8.531168395611138378e-01,5.447529903730660150e-01,1.502966951051720778e-03,5.032735049038273845e-01,5.958505250738720393e-01,6.515463256170274109e-01,8.525468691977776681e-01,5.208396328901361283e-01,7.800455394900374095e-01,9.070413827715966271e-01,9.531927899155612227e-01,2.743732110702799543e-01,4.437763593983481969e-01,8.338161567519485340e-01,4.806964611462340442e-01,1.260723539082380662e-01,2.898376113282528088e-01,2.232081675059422732e-01,5.949641628556547879e-01,6.368637201109446089e-01,3.058134693808626237e-01,7.852999588077405058e-01,2.698654441844687835e-01,3.315315031215698149e-01,4.437354383599000918e-01,7.271607385344669439e-01,6.140136482894398284e-01,4.522200894888971923e-01,6.491458010250410471e-01,6.141164386958101185e-01,6.521374649605572449e-01,5.589804865035820081e-01,4.331713959685063453e-01,2.152496184961766867e-01,9.678902165991574158e-01,5.591629679743702619e-01,1.125851002435581671e-01,7.775041002802286494e-01,4.171197686417602579e-01,4.038950566035424267e-02,6.447173080112615917e-01,4.700907928813422565e-01,8.624325784528038552e-01,5.540132532637177531e-01,4.283173825416733971e-01,6.317913658520568632e-01,7.099483007112661337e-01,3.010962145014346447e-01,6.635999347720556996e-01,7.037690231153522769e-01,7.015026153314680712e-01,6.837824820488839217e-01,2.981687736647324338e-01,7.519131890828676390e-01,8.959718709482691335e-01,5.016813583522404807e-01,4.572552629119199241e-01,4.205452148206693108e-01,6.841072849950302626e-01,7.159680319431614703e-02,2.546135712803365148e-01,3.346547557543604334e-01,4.708060388489594961e-01,4.975630733044423271e-01,2.864208384167532540e-01,1.540671459734961612e-01,1.440249390966300558e-01,4.902239703525687053e-01,9.721126769329181405e-01,9.433307651076060507e-01,6.992232574887594643e-01,7.511893216435057141e-01
7.164518292396488963e-01,9.491382690683615175e-01,1.874055468504457478e-01,5.174260938557064815e-01,1.364385020469749965e-01,7.413093343157177717e-01,5.316183206564988328e-01,7.278085682528474543e-01,6.636360232474796117e-01,4.613288770105254955e-01,2.120033948228985388e-01,6.453400583147954617e-01,0.000000000000000000e+00,3.461614420788213797e-01,9.939902792742594251e-01,4.279898366020293277e-01,3.891419681593092372e-01,6.274844833031465452e-01,7.979834219948399310e-02,5.775017389911381027e-01,9.940805186264576321e-01,5.215514052989096427e-01,3.573421610717242292e-01,3.273717345411075730e-01,3.440537450991973945e-01,4.323795371737186866e-01,6.279604706791187541e-01,7.279254968523356517e-01,6.949437709278606379e-01,3.573695784266965325e-01,5.778692051429318299e-01,8.591183491480730572e-01,9.477431731969985229e-01,9.812531808853561799e-01,4.724532271574871101e-01,2.087969243683924225e-01,2.200249775229682070e-01,4.707789449494840239e-01,8.431621048806927643e-01,4.227246574082992869e-01,7.998927812270009152e-01,7.351035013718012490e-01,9.933543601550816060e-01,4.157345481713360935e-01,9.582283865687591939e-01,8.238703729400629339e-01,7.142069182165183827e-01,6.736043271252073472e-01,5.510967574911459499e-01,8.461561983665417674e-01,8.959153944242158607e-01,9.540736925567663285e-01,5.566686469441484153e-01,8.757029194423375795e-01,6.356621488868550163e-01,9.269066226597821867e-01,3.760540100068355818e-01,3.361535302070728926e-01,6.590332577009750947e-01,5.421533327924517032e-01,3.798533103708853220e-01,8.702843162963839196e-01,4.915870942007992683e-01,7.790815502720164210e-01,6.658082026943545895e-01,1.014246660248026288e-01,7.234723346765551399e-01,6.945969866813842541e-01,3.366953136811218772e-01,4.587919033790634482e-01,6.379165216038531483e-01,5.144226426432857435e-01,4.253255687201767249e-02,1.569370482746985096e-01,3.748803935783300290e-01,6.809608242984853677e-01,5.599732978834801589e-01,8.639271170717672810e-01,3.296558299803639125e-01,1.666644374144782559e-01,4.246332616236492274e-01,9.814847709965595079e-01,7.203880810734084594e-01,1.070521532393456376e-01,7.379544435119145263e-01
9.864344883503354255e-01,7.738212906943300329e-01,5.128626492319077190e-01,6.285076182089355257e-01,4.141140183432492350e-01,9.722895440597176808e-01,2.378080384470712683e-01,6.598701285715840026e-01,4.804100618078772089e-01,7.866903888866183525e-01,3.499087517756375165e-01,8.531168395611138378e-01,3.461614420788213797e-01,0.000000000000000000e+00,9.627535543172678345e-01,9.485973474588801357e-01,6.103410044167537629e-01,7.144348494475163402e-01,4.422858743613845012e-01,9.310460505893747296e-01,6.090873183027797344e-01,6.182847009696212925e-01,7.507615937483825830e-01,9.352793450311727153e-01,6.355003418488572309e-02,7.781134570212984158e-01,4.165642739465652555e-01,4.123801597513067629e-01,4.150781952798140439e-01,7.358239809495357164e-01,1.710720302887470123e-01,2.211705728264632964e-01,6.978202909585002889e-01,4.741395831540208272e-01,8.345758841021757579e-01,1.333436893220062147e-01,2.973748369626829854e-02,7.750099978254318955e-01,8.079744949508070873e-01,5.443866976438974659e-01,6.387016376010027363e-01,6.905031838863379123e-01,9.383300221588379841e-01,4.224077239480299450e-01,7.395223799166525946e-01,9.373778311363368809e-01,6.017594776482326768e-01,6.757617209772455169e-01,7.361154167694076156e-01,9.221227036840634605e-01,7.172886338702006981e-01,6.632685945901367619e-01,4.022910682890282197e-01,2.106178505625646014e-01,6.298011871741351353e-01,5.499983421775341830e-01,8.723150185273322865e-01,5.067483640859327121e-01,5.164534924291510620e-01,6.501065672110759586e-01,6.229021475255342999e-01,6.699394061782795173e-01,2.849684767824315901e-01,7.290253365253609452e-01,6.327580543668509527e-01,9.144112972213761514e-01,4.669723393734019901e-01,2.298978540486680544e-01,4.456361401711886883e-01,9.286847134594726771e-01,6.925966387628673671e-01,2.236906996596398634e-01,4.754764752757261181e-01,2.170363206118790592e-02,6.735969792079958829e-01,6.431519687100388794e-01,7.606870867406878567e-01,4.688530635636947164e-01,1.478960684699511530e-01,3.324186243570177446e-01,9.913567663155401499e-01,9.294544471140011588e-01,4.798045787810448770e-01,7.246926847323094112e-01,5.711532277248650979e-01
9.594963430987463182e-01,4.075459447926753076e-01,5.249565677822438658e-01,4.062636380681531323e-01,2.433674643540224836e-01,5.458911985412429058e-01,3.375298460676436907e-01,7.076373351176687976e-01,6.706123855939777334e-01,3.416601608122866729e-01,7.597039787661225008e-01,5.447529903730660150e-01,9.939902792742594251e-01,9.627535543172678345e-01,0.000000000000000000e+00,9.343844878608372762e-01,9.033519823648763492e-01,1.572644765259233468e-01,6.152853962256426001e-01,9.949087990171212592e-01,8.221060877749767348e-01,9.561010917702891243e-01,6.143688084761712576e-01,9.645392389817968315e-01,7.938752329621894255e-01,1.627050702931537585e-01,6.702930610383213139e-01,7.934158081395324968e-01,3.144251795948154737e-01,3.088928180475101204e-01,3.125053125202974513e-01,5.474889824367493718e-01,5.905601662533233043e-01,7.363896705359144201e-01,7.407079659268598348e-01,3.471655764929487686e-01,5.400935724074124034e-01,4.555964107990842504e-01,6.285461116795850733e-01,6.536141427547905725e-01,2.421644636531652128e-01,5.490160523360662070e-01,8.259463859369119421e-01,2.696974691568848614e-01,6.418941661459433012e-01,7.137917847596574328e-01,7.049408021013402470e-01,4.264646178785002628e-01,5.514196661678838485e-01,6.838881048030340803e-01,6.740299453584250866e-01,6.909935453337281430e-01,6.566268107022954492e-01,5.576071360327683468e-01,6.594763990860160741e-01,5.208174310727115008e-01,7.842232237054981292e-01,6.446540667111664291e-01,9.741251745291638064e-01,7.469931688642512946e-02,6.376053914393764455e-01,7.988788002140774225e-01,6.588451827479314682e-01,7.444742112353404107e-01,7.720669438802751916e-01,5.121653034607400734e-01,7.822748924688431860e-01,6.951998088242448137e-01,6.173534241508042975e-01,7.749310228958835589e-01,6.140129337142016253e-01,5.276028858773267327e-01,5.565889644242150158e-01,2.092216089584256200e-01,2.628881244211387913e-01,6.261599069216767788e-01,8.344017109382386721e-01,4.633900546118777664e-01,3.339783579882437126e-01,5.616393220287578814e-01,6.862815768940074834e-01,6.981960816115779789e-01,9.717896656562101665e-01,1.571259794479405031e-02,3.062824377953882182e-01
9.882668429015342149e-01,9.343086481623007478e-01,6.703866554428513647e-01,7.217643742261474760e-01,2.204293030609507376e-01,-5.903704581752758362e-02,7.085063508265473375e-01,1.170706375938582317e-01,6.520265572101175966e-01,6.762803611340347798e-01,9.452806391909680528e-01,1.502966951051720778e-03,4.279898366020293277e-01,9.485973474588801357e-01,9.343844878608372762e-01,0.000000000000000000e+00,5.620938956482406379e-01,7.937848880737746748e-01,9.645727437320099629e-01,6.151558648955502973e-01,8.944493104836750419e-01,6.819658337870045939e-01,9.859875457744861071e-01,8.153472722500547665e-01,7.034806669354115582e-01,1.856135046743967454e-02,2.079050856816684056e-01,2.201710457739097238e-01,3.642341932863945031e-01,7.147075619412899261e-01,5.642936660353747857e-01,2.696490195915451915e-01,6.815038439011545475e-04,2.251770844894702417e-01,2.603386786615716764e-01,3.170028862785318480e-01,4.613522675285582908e-01,4.502314025588525781e-01,8.635990887123871085e-01,7.619533926289767667e-01,4.552299846287162499e-02,8.654810706531439468e-01,9.067415211801989061e-01,6.662361670244471012e-01,7.515589569348831711e-01,6.871268037745108526e-01,4.542989633509088021e-01,7.517220594792485278e-01,3.703299881348161016e-01,2.468769342496505148e-01,7.411093360111180584e-01,4.496479320515668343e-01,4.943612678098558422e-01,2.015768449768586268e-01,8.742894528439113522e-01,7.007713257852590250e-01,8.140655074183329454e-01,7.497421148114516987e-01,1.812403459294129743e-02,5.277094854808715985e-01,5.169885842858149561e-01,5.074999735705408854e-01,6.671885798418542013e-01,8.194531730874413666e-01,9.295697584094037014e-01,3.868629798110536644e-01,-2.789275823125181297e-02,7.378394507887423570e-01,8.754906766809138485e-01,8.263777050025750137e-01,1.386399096794187213e-01,3.424324105779563698e-01,7.917212853448019061e-01,2.429362901970825439e-01,2.410577657586847888e-01,5.740054166433429250e-01,7.170306915745447984e-01,7.150365970133713001e-01,3.133868694587686465e-01,4.298412036478754805e-01,7.452162994986643030e-01,4.512227371111839358e-01,6.942798220365011819e-01,6.929886424407283307e-02,-3.557030537644735868e-01
9.226280527305681378e-01,5.577194012009494273e-01,4.388039146187714401e-01,3.618612612025616793e-01,4.625537096212749555e-01,4.676134701873755906e-01,6.450991370919804124e-01,3.852076504746110297e-01,1.411832020903640017e-01,9.417421303591952952e-01,5.305687740616229497e-01,5.032735049038273845e-01,3.891419681593092372e-01,6.103410044167537629e-01,9.033519823648763492e-01,5.620938956482406379e-01,0.000000000000000000e+00,8.731698142722819078e-01,9.724933343072001968e-01,6.214354948645455234e-01,5.554031712616649408e-01,5.739473288547488616e-01,6.601164314516524412e-01,8.688781527584281683e-01,7.183875185002168706e-01,6.458585305950393929e-01,8.291687328483928754e-01,3.117132469814549167e-01,4.113364915091926033e-01,2.910548604222031321e-01,2.703132177162401867e-02,2.747492970876495577e-01,1.027814002335068061e-02,4.554047943999800507e-01,7.163572246254283904e-01,1.692203085862571330e-02,2.338557623938882224e-01,2.565388240425800492e-01,6.815847367083852637e-01,5.489721015405804039e-01,5.966189800058967485e-01,5.784176462552621523e-01,5.114829563017834202e-01,6.402962499435043142e-01,7.809835263530502392e-01,6.170938143436686119e-01,7.846627198458948627e-01,7.016588623363042565e-01,4.244809981911341068e-01,4.181695943952768446e-01,7.441548421494196264e-01,5.934702168013377133e-01,7.209757345121956540e-01,4.794647982333115621e-01,5.547723824157714256e-01,7.559390099412978126e-01,9.770144770621399521e-01,6.418948392564145511e-01,9.006562054701318099e-01,4.480248764335576506e-01,6.443498446315035766e-01,9.249119256962610169e-01,4.468849256976586415e-01,7.622054027724332048e-01,6.100763814282327280e-01,9.778587377761178701e-01,8.006715373630400867e-01,8.153786701867052900e-01,4.169824590220582716e-01,8.217185050366048182e-01,3.334281277254705911e-01,5.036706159661172855e-01,3.576722001130193673e-01,7.448837725745648120e-02,7.470898459472897768e-01,9.367259575055556509e-01,4.357830508358458976e-01,6.573000093139100830e-01,3.977431245226276113e-01,5.176275048309345039e-02,7.839171428805025155e-01,6.621452983813596038e-01,4.493659548415011584e-01,5.347823303843479703e-01,4.218106014599609099e-01
8.771637977467038327e-01,4.948448511795022764e-01,8.106565668226902721e-01,7.510784816552261711e-01,7.601405483723753242e-01,5.724013013572263331e-01,7.311095568646152065e-01,6.733041773201511315e-01,7.588909044850586927e-01,7.242695528253018100e-01,4.371299992798318157e-01,5.958505250738720393e-01,6.274844833031465452e-01,7.144348494475163402e-01,1.572644765259233468e-01,7.937848880737746748e-01,8.731698142722819078e-01,0.000000000000000000e+00,5.078070159858317778e-01,7.642320350493394532e-01,5.164509098230491979e-01,3.987175504803369686e-01,6.557717392911484033e-01,7.176430327730033421e-01,7.453530239228146614e-01,4.962919875803507574e-01,7.368947373429199921e-01,7.376369638299307141e-01,2.349043099349067409e-01,2.921912233177083595e-01,3.255953837141312146e-02,4.145243799037696686e-01,6.064566413302958647e-01,8.352942298943446531e-01,6.856507028861144049e-01,2.156043484855129366e-01,5.508966029743945780e-01,4.980387949374272538e-01,2.396408424375190971e-01,6.814126554684977188e-01,3.691541764642827239e-01,5.230148199931884401e-01,2.172090080438826010e-01,6.390966288129468209e-01,5.353835073239334719e-01,8.400964920965295901e-01,3.340635299577082717e-01,6.953240628014791813e-01,6.769670120116211276e-01,2.256712554429877171e-01,8.716753702206796461e-01,8.900527083095248759e-01,4.219263411353013637e-01,6.210735030398988332e-01,6.631608575415733897e-01,6.499999219893732860e-01,3.870532288021865108e-01,9.432820426946396386e-02,6.020844765152807421e-01,5.484847696257103555e-01,4.092413322031789868e-01,5.973679108519573955e-01,3.012544553216748855e-01,7.778370267432552776e-01,9.638280672060350884e-01,4.916397738442567222e-01,9.597643377250064667e-01,1.188734250372945750e-01,7.294866451841680588e-01,5.934407243931145715e-01,8.890903757138604036e-01,7.194783626045715696e-02,2.015836085952129597e-01,-3.117650078485868503e-01,7.825224546783539001e-03,2.163528595033550606e-01,8.925706078541785216e-01,5.698179733014955284e-01,9.301058695749042649e-03,1.441323999013514046e-01,5.287290567581084400e-01,7.595976305591668476e-01,4.707442845752071725e-01,2.052390921389084591e-02,4.667729302081000814e-02
