0.000000000000000000e+00,3.743105586484650749e-01,5.390115914927976482e-01,8.075817905855318113e-01,7.520812742495694980e-01,7.577664019624680281e-01,6.730566111136757623e-01,4.227798275495453506e-01,8.308155249521301799e-01,7.025987691721319317e-01,2.916763806021435146e-01,4.285520545112080915e-01,8.920307938706230066e-01,7.002319224884573368e-01,8.275255800830366715e-01,6.903699630843692647e-01,7.729860195747483287e-01,7.900490040412171400e-01,9.258537663620135527e-01,9.678442834010640983e-01,3.466088052337459313e-01,7.218937062500768720e-01,6.205335072444998490e-01,9.181577805329088626e-01,9.636449776925796185e-01,5.064770866388818016e-01,6.555332342948562152e-01,2.515066931779752490e-01,2.756742799341898031e-01,5.691914062547135389e-01,3.372354369454240164e-01,6.403680803942407573e-01,4.214070446058105768e-01,8.058108022800529735e-01,8.215163416029513943e-01,3.974822918711755637e-01,5.772640223483835875e-01,-1.820486935397097050e-01,9.376985054701609812e-01,7.537958169090104299e-01,3.029279210202102668e-01,7.802674891813317082e-01,8.722540402765803780e-01,6.952909197060290758e-01,9.811765949101544093e-01,8.290522801863925428e-01,7.663093176647067795e-01,7.026836322811212954e-01,6.162115009316210257e-01,5.155097450479834142e-01,5.713708271572923714e-01,2.972658944574612105e-01,7.765626950761370662e-01,7.051464386522149352e-01,8.778027799286144406e-01,7.087692514731196436e-01,7.842340198856390110e-01,6.579790599506103455e-01,6.165509249062312014e-01,6.497459245083883062e-01,5.457019883906120139e-01,7.495395408383044300e-01,7.671723415034455984e-01,6.626459013194425651e-01,7.054899830679361994e-01,7.562199539832068496e-01,9.757652503657621157e-01,8.278082127294469350e-01,6.348712298076781835e-01,7.322885298239883989e-01,8.012987739728547609e-01,6.344220046295148130e-01,6.502060749128611983e-01,5.545394080311683016e-01,7.460577480948963336e-01,7.245375758484279283e-01,6.367841258038959840e-01,7.418119377153189475e-01,3.150096703963407019e-01,5.457710723922688523e-01,3.417961179615400802e-01,5.911356487755824451e-01,6.444815549001172705e-01,4.334198396126797137e-01,7.005020233246184169e-01
3.743105586484650749e-01,0.000000000000000000e+00,6.216657617795966484e-01,5.901989958458550012e-01,4.131254260418204538e-01,-1.518755513099222521e-01,2.123079413471141985e-01,5.457626925520351335e-01,6.454441600257778688e-01,5.890941167771948095e-01,7.096410542351171413e-01,6.180948464983337942e-01,9.211161576233124482e-01,7.896704899298904179e-01,4.989045241529272423e-01,4.569272705997288186e-01,4.106672038568204841e-01,7.350604626466105129e-01,9.433275826403795250e-01,3.275768766227117323e-01,4.436527083975285168e-01,4.941376855650398969e-01,9.151843911698859246e-01,9.043718625411858447e-01,5.959667658043860117e-01,7.200011298754487310e-01,9.599109015400667522e-01,6.636733657507648543e-01,6.741760377172120178e-01,4.149749823598578025e-01,5.115566030889949767e-01,5.928311478823979908e-01,9.276929172776871013e-01,6.465878916065529447e-01,2.681120502187359644e-01,-2.011503006411693439e-01,3.412047771924940909e-01,1.570185921603262369e-01,6.670776711822171690e-01,9.474665539083839683e-01,3.342356690371693917e-01,7.553553191012862822e-01,7.257419164407958867e-01,9.978866340402033908e-01,9.071503096493215290e-01,8.873657777350908438e-01,5.830329715970962168e-01,4.275111040321988298e-01,6.824527327815379518e-01,4.654050817309317023e-01,6.465158060451869915e-01,8.334454346877212538e-01,7.211322208912959164e-01,3.675259311020606656e-01,6.027119923892582110e-01,4.074107710205804866e-01,5.183025051672376371e-01,3.350430706154889915e-01,7.526445183530297012e-01,3.308961232119513318e-01,4.128717824408251746e-01,6.585399727313461238e-01,4.057681096170694390e-01,9.449083602842639484e-01,9.014253300190117058e-01,4.285041526648224464e-01,7.241141524220647829e-01,6.135041049179545958e-01,-1.533020921309117268e-01,3.014704279376554386e-01,2.301742384380601747e-01,4.825453413729916541e-01,4.627079675258905303e-03,4.047973638194390933e-01,2.343079909000974070e-01,5.089323492524747694e-01,4.576032668603066678e-01,5.860925706565748294e-01,-9.810428495850546937e-02,4.299896364038788277e-01,1.028756858705096172e-01,2.497632776822559519e-01,7.873137432735187735e-01,3.761757080384650065e-01,3.478942274507843546e-01
5.390115914927976482e-01,6.216657617795966484e-01,0.000000000000000000e+00,9.989047392080243615e-01,1.860546515041477944e-01,9.424489327827511032e-01,5.693612135010024389e-01,6.543943223411190502e-01,8.661361364879524016e-01,5.406526216854519173e-01,8.067761591696218648e-01,9.422288520348834906e-01,6.912968929769138793e-01,6.753440445364115030e-01,8.527962232992958302e-01,4.481298626791717643e-01,5.535485777586397482e-01,4.704365698033610710e-01,8.772795513076573348e-01,5.627729294003184224e-01,6.413999751262472460e-01,7.951657213710490169e-01,3.680979177292768023e-01,7.547977190989707541e-01,4.553084373480681957e-01,4.714852650236760478e-01,6.623049602217710996e-01,7.012050113536247853e-01,3.675677462918290894e-01,3.410790274829513802e-01,3.135263594391025643e-01,7.583299765586876129e-01,8.693749032502879892e-01,7.704408036048296937e-01,6.185878076032386153e-01,7.101619605815298053e-01,8.319456829371357776e-02,6.908562698721929518e-01,6.778698733238777141e-01,6.560932020430003675e-01,2.949844177984169424e-01,4.059552428897738041e-01,9.137636549094085847e-01,8.981188850814810776e-01,8.860359733844188623e-01,1.929205889316570888e-01,6.280297405862584892e-01,2.468172369707346825e-01,4.055074982432490538e-01,9.927729640197984207e-01,7.774983889764951472e-01,9.949757309532667460e-01,4.681722244130536170e-01,2.372497439553554466e-01,8.877236032343900352e-01,8.482054290349381187e-01,7.095019581683993382e-01,9.768845720333895200e-01,6.555372293896080116e-01,3.362646657166434294e-01,-3.740682626105229502e-02,9.534706819980103276e-01,6.022487504428332139e-01,5.119330027207569245e-01,5.548073510483080284e-01,1.004002094806049628e-01,9.970674250321009957e-01,7.816169503163192811e-01,2.279173176710920790e-01,8.050673990218486509e-01,6.655780555486420225e-01,5.041338540898300247e-01,7.057468535134492349e-01,3.231584804902849495e-01,9.775685213855143108e-01,7.096275565672132135e-01,9.345195825525728361e-01,-5.916318762912209372e-02,5.936043326419496724e-01,5.598234472887007040e-01,6.973702702939725828e-01,2.852494164480269823e-01,8.615490268349300651e-01,6.998578023420332084e-01,9.263402431926575087e-01
8.075817905855318113e-01,5.901989958458550012e-01,9.989047392080243615e-01,0.000000000000000000e+00,6.997299203250704203e-01,6.828479894127166272e-01,5.148189258126506518e-01,4.151621901903680412e-01,4.801978976759905260e-01,9.059854755809043647e-01,8.290349479206621242e-01,7.546700459984252429e-01,9.774378227391409268e-01,6.538019255968705590e-01,6.501960336319012601e-01,8.487801591306117777e-01,2.657830822341877841e-01,7.752116095893903935e-01,4.616221551892653041e-01,6.916769764249680597e-01,9.289090844857388340e-01,7.325689308889175022e-01,6.391306405716496997e-01,9.124565094047722980e-01,7.870350104374589373e-01,6.858398300022648941e-01,3.312964173137382673e-01,6.676199268189172420e-01,2.537351627967107115e-01,4.550064415361197434e-01,8.134923383237918637e-01,2.307051506566120680e-01,4.344987141319497370e-01,6.159416464787140777e-01,8.529669730923752358e-01,2.061311057876026309e-01,4.951022796068242915e-01,4.686572469379902683e-01,4.746999253269377217e-01,7.200994922211187976e-01,2.353766024821805358e-01,7.119659573374218509e-01,8.716021744082921296e-01,4.013089918403847101e-01,9.316495710159364840e-01,7.132680127428279171e-01,6.970720681925164364e-01,9.422192168586253080e-01,3.632277322233908867e-01,5.372318876150820044e-01,9.722754285611443503e-01,8.598999779694002088e-01,6.485283812853057661e-01,7.509109979059281903e-01,6.827372091124470632e-01,4.444089038220447319e-01,8.581277268963234395e-01,1.855114673015708371e-01,3.828242678034636248e-01,5.027153846478992216e-01,3.420567903307069058e-01,9.516869303558161963e-01,3.132378662774162326e-01,9.068592507951318549e-01,8.571170794046708563e-01,9.375449763460275143e-01,6.425280621783854285e-01,6.863350121320479502e-01,7.037499187631977016e-01,7.005901177443923933e-01,8.871635175915307814e-01,8.656570689081670711e-01,3.679634570009797656e-01,7.065036789516176974e-02,4.328065866020514574e-01,4.479240416348547194e-01,4.513229046779305143e-01,8.056698708159129030e-01,5.752579017694838814e-01,5.609268943358162174e-01,5.290605561720138628e-01,7.977267442867044256e-01,7.689879951482445630e-01,6.153813413020957634e-01,6.483489839841343194e-01
7.520812742495694980e-01,4.131254260418204538e-01,1.860546515041477944e-01,6.997299203250704203e-01,0.000000000000000000e+00,7.077475282492807773e-01,5.407172367254677869e-01,9.847884028849338556e-01,6.500810282538491691e-01,8.463171139716524349e-01,9.351829224083874070e-01,7.168817902920966434e-01,6.402554793556093360e-01,3.673349087043461525e-01,7.104643288901340004e-01,7.311470803049899825e-01,2.848885816560044471e-01,6.966767662493873470e-01,6.349759992144218268e-01,9.194512318806347118e-01,5.810390882216673880e-01,1.413941679795416295e-01,7.970529280972584729e-01,6.499619315637856776e-01,4.814194213985295567e-01,9.326214352215752568e-01,2.973594029874007116e-01,6.814330122412384227e-01,2.825013738422817999e-01,3.283484698826837356e-01,5.718358165760268896e-01,4.810381591376007293e-01,8.965984575181615845e-01,4.288109781322088643e-01,5.871594911634434588e-01,2.201626155598324086e-01,3.872655554949778201e-01,3.759937434492458541e-01,3.154286534581856594e-01,6.286732257036143912e-01,2.279381933587345740e-02,7.151402098201039559e-01,6.885467301257198747e-01,2.458441784140499020e-01,8.827675436405273413e-01,5.185292338274694046e-01,9.829481505283080844e-01,5.796238199009930980e-01,5.757606369202069585e-01,6.146154564310999519e-02,5.625026198452401927e-01,4.469558365721622573e-01,6.662815934610839541e-01,6.556804160151779026e-01,7.828037104574515626e-01,4.883698571663607768e-01,5.108035931671617291e-01,5.857079178756121607e-01,5.347824225037995927e-01,2.377634221577071827e-01,2.936650253193150983e-01,5.613896598090011292e-01,4.969344411555973728e-01,7.098474151941468469e-01,5.499310421736516297e-01,7.777150205632777924e-01,6.571086457368459088e-01,3.897837906663409457e-01,6.407971225534321302e-01,4.237004213721228263e-01,1.874985562798266725e-01,5.150329293343568482e-01,3.878630646984300157e-01,5.737488657893969890e-01,3.666408306040400134e-01,3.057383690110225261e-01,6.921861672669072929e-01,5.846456140161401249e-01,5.439340849141749423e-01,5.985989233986035440e-01,5.254673552337787434e-01,6.914256970652004064e-01,8.793391789723364882e-01,3.287616030768916175e-01,8.940277940022920422e-01
7.577664019624680281e-01,-1.518755513099222521e-01,9.424489327827511032e-01,6.828479894127166272e-01,7.077475282492807773e-01,0.000000000000000000e+00,4.281376060036365949e-01,2.448226307913699551e-01,6.295542208099078607e-01,9.372360946160962492e-01,4.182024533838879510e-01,6.998390229530425388e-02,9.791497778862681134e-01,2.398079576901501198e-01,5.653744958034784274e-01,7.345089931065706956e-01,7.390069638277021458e-01,5.919767217098865775e-01,7.691667809992380755e-01,5.964372705097338301e-01,7.493298521129942991e-01,4.778209760459191102e-01,7.968043166284402012e-01,8.223859428389950210e-01,7.074527948949859146e-01,9.778890753710600681e-01,6.504829577594730683e-01,7.413946553269494810e-01,5.435923621149016949e-01,4.636708195809440824e-01,2.171884922142944541e-01,2.875089730992750336e-01,2.769649917421862506e-01,8.872409178254552220e-01,6.036097606013098860e-01,4.761399086225933663e-01,1.789918129589068707e-01,6.367285732877873139e-01,3.056309070228936386e-01,4.797884110526912660e-01,6.255167198795910100e-01,6.047551935086379338e-01,8.406325848121377620e-01,3.712832803676823223e-01,8.261533461704730907e-01,4.476757503223917078e-01,5.116454003014625496e-01,5.107649858603025006e-01,7.939731581279052541e-01,3.729379075104878316e-01,6.756576545972230452e-01,6.635255004464313267e-01,7.696436385826868065e-01,6.317062403422171180e-01,8.149415478803020418e-01,4.639003443283098438e-01,4.387902687580759187e-01,3.330005354205292090e-01,6.928182543166500063e-01,2.635463496810961370e-01,6.169525592296561944e-01,1.165309254338021266e-01,5.153352681854264095e-01,6.176938262973227234e-01,6.111886282130947201e-01,6.608741365739767559e-01,7.111033493938511141e-01,8.792520489928139504e-01,5.616460120808770551e-01,6.067221167657668168e-01,3.074370762780530009e-01,6.682794353495735695e-01,3.715163481879815155e-01,3.153426228167919843e-01,4.409235671405327683e-01,3.823698144442735369e-01,2.396438858737690580e-01,9.826315083053995814e-01,1.721152786021748760e-01,4.311713620850727291e-01,8.989908004206313974e-01,8.401020487501482670e-01,6.279914182538911538e-01,2.941644860087593849e-01,5.841765594785779392e-01
6.730566111136757623e-01,2.123079413471141985e-01,5.693612135010024389e-01,5.148189258126506518e-01,5.407172367254677869e-01,4.281376060036365949e-01,0.000000000000000000e+00,3.454382197602564597e-01,6.388392106115332592e-01,6.565242558185990784e-01,2.091288904887362299e-01,5.376011253057426664e-01,6.813528010945434366e-01,6.876412874456439006e-01,7.894772484039352944e-01,7.348189029499310188e-01,9.264631110805783276e-01,7.989123512748531608e-01,5.128879134631325609e-01,8.455520731394869927e-01,9.450838455739147825e-01,5.971642808098643895e-01,1.087476909754442611e-01,6.131167655538359851e-01,4.627614753556840155e-01,4.327865480639903617e-01,5.129684250893594699e-01,2.609815832734946883e-01,2.428369596284594145e-01,-3.147735243375948677e-02,1.083995095116521701e-01,5.159637924300887191e-01,4.490819612937982930e-01,4.363407460566287588e-01,9.412565987507929277e-01,1.150841608469008875e-02,7.986208684938582714e-01,3.533490001577905826e-01,8.746791916044786008e-01,7.513487306400723487e-01,1.126536626699743276e-01,7.313560551746045579e-01,6.499390457485314521e-01,2.808064453842843977e-01,8.815409890747845090e-01,5.059246072901012470e-01,7.603985375052351170e-01,2.789559516946593654e-01,1.385160307389388668e-01,3.536932058013397828e-02,1.499116078103489846e-01,4.753084503258583338e-01,5.715345111133993683e-01,7.104167193334974817e-01,7.947188634197246415e-01,6.350631712823087138e-01,3.756566715257522171e-01,7.345698936512985722e-02,7.265479737202490407e-01,2.058471642509230315e-01,4.746458234340706350e-01,2.537775398828565621e-01,5.767528275509665736e-01,8.812721913020901132e-01,9.353093658446631764e-01,1.496880783418060579e-01,2.183967794159676901e-01,3.604670598097602374e-01,7.703151103987975201e-01,7.885746345850932482e-01,2.930611622156283902e-01,6.792269937563211180e-01,3.023449782057758273e-01,3.414930415978121858e-01,3.525243079986679628e-01,-2.407143669304742939e-01,4.707977842215250175e-01,2.393770288576499983e-01,4.183040801926813379e-01,2.351891393615112014e-01,6.230552584420309126e-01,1.776056019044769396e-01,4.101592244083938077e-01,7.948318664347366891e-01,3.429105210213446719e-01
4.227798275495453506e-01,5.457626925520351335e-01,6.543943223411190502e-01,4.151621901903680412e-01,9.847884028849338556e-01,2.448226307913699551e-01,3.454382197602564597e-01,0.000000000000000000e+00,4.882472623221033037e-01,7.387059920281817682e-01,3.245300162931172294e-01,6.974867041747023766e-01,8.106226983640082429e-01,7.634698296274418094e-01,7.999272248271094288e-01,5.210942427670705035e-01,4.342747893384717450e-01,4.271474284536116994e-01,6.032416012555854579e-01,6.631004919676168896e-01,6.984100643511609308e-01,2.650560586589149059e-01,3.491330672080574793e-01,8.411666655121800007e-01,4.217656414265394393e-01,5.989869454281795402e-01,6.721476911292557643e-01,3.231904390482879808e-01,1.417095606826957455e-01,2.350172929318554982e-01,5.894415267497616906e-01,6.521132407629842698e-01,5.343882366323113864e-01,4.461556099315928114e-01,3.758790987714905607e-01,-5.478730970579603898e-03,4.354152061789697825e-01,5.809860454707188593e-01,1.437848984520174456e-01,5.096263485644638713e-01,3.297584017717181126e-03,2.902649223946272145e-02,7.652115501105489770e-01,7.506445823431830977e-01,7.415626946989454238e-01,5.225487479979766814e-01,5.866221253997233598e-01,2.755892503101849411e-01,4.198442409537982978e-01,7.902458681313855315e-01,5.225716149397208188e-01,5.380087376621784934e-01,5.070598431913698745e-01,5.891545283119983267e-01,6.342159839996012183e-01,8.392210461888555129e-01,5.926540416612567919e-01,5.406172353058948943e-01,7.675902496225949223e-01,6.334275123759812720e-01,6.902401702385465576e-01,3.969186459686392388e-01,4.738322823170826315e-01,9.773406270099620485e-01,7.170743820248638434e-01,8.627773141140289148e-01,8.977704070465267749e-01,5.528942386163158140e-01,9.696222684247695067e-01,2.635381597846119250e-01,2.113875098454607304e-01,4.273226201855430673e-01,2.206761835381391146e-01,4.296345462394619563e-01,1.061239157573657804e-01,3.921122439886814970e-01,4.542581908471568508e-01,5.562006473206226875e-01,2.609288378944576436e-01,5.438080136412695165e-01,6.630756651122365897e-01,7.469076657787014906e-01,4.571901853340040733e-01,2.547993623930196461e-01,2.576381078700565874e-01
8.308155249521301799e-01,6.454441600257778688e-01,8.661361364879524016e-01,4.801978976759905260e-01,6.500810282538491691e-01,6.295542208099078607e-01,6.388392106115332592e-01,4.882472623221033037e-01,0.000000000000000000e+00,3.529527049740240896e-01,5.731282538639609347e-01,7.446092391256955434e-01,7.112448662026625845e-01,4.319255537613526652e-01,6.750530175448092862e-01,3.714075166716401810e-01,4.419999727637211606e-01,5.006683273412889656e-01,7.841402161434252172e-01,7.663677445927170595e-01,5.210197549365052083e-01,3.795187159942452482e-01,7.227839540744804836e-01,7.129860804097924998e-01,7.858048731439738477e-01,5.622033349289408122e-01,6.453569269875734093e-01,7.864372183963809215e-01,7.469355966169995975e-01,2.281811834057451138e-01,3.210281629161116923e-01,7.261991509019259938e-01,6.970009015527522944e-01,6.966849381082348414e-01,7.578806267811323272e-01,2.047053071153530079e-01,7.385480998253707297e-01,2.943140886072057039e-01,9.768323363925327518e-01,3.234957924670504581e-01,7.997503600712043692e-01,9.449719165461777370e-01,7.911272675483760342e-01,8.884564645376126224e-01,7.089487242612538820e-01,3.602496038055509331e-01,4.221349899429496788e-01,4.495523273047304369e-01,4.522367489024544662e-01,6.752856254859314067e-01,9.621359373331610509e-01,5.926693872204920055e-01,5.224117645558141731e-01,4.134882296751502540e-01,4.280435659785521429e-01,5.340213739898185263e-01,7.995285351529367590e-01,6.974808482468568549e-01,7.330501084849513349e-01,5.153176748159455922e-01,5.892535013921542664e-01,8.597440196378668409e-01,3.466431970199033152e-01,6.086578780046391079e-01,7.028370989384061795e-01,7.564241411778670487e-01,9.306803108965882032e-01,9.229877837882941582e-01,4.411958777593716352e-01,5.221085964854067507e-01,4.843963501615306533e-01,9.312914979823788686e-01,3.096930724729338169e-01,6.802441199373925329e-01,5.708329927531041736e-01,7.604878139804771564e-01,8.904832600201716408e-01,1.411440581905703817e-01,3.559503747784670269e-01,4.354416184494494524e-02,5.493645072832100684e-01,7.229221716205185277e-01,4.534299319945111484e-01,3.024723916530292489e-01,6.317487062399955722e-01
7.025987691721319317e-01,5.890941167771948095e-01,5.406526216854519173e-01,9.059854755809043647e-01,8.463171139716524349e-01,9.372360946160962492e-01,6.565242558185990784e-01,7.387059920281817682e-01,3.529527049740240896e-01,0.000000000000000000e+00,3.184053476378791991e-01,3.342992456518959488e-01,9.352902629027907144e-01,8.894158536785934377e-01,2.707568747857285185e-01,5.302862473259343234e-01,2.876329087499927550e-01,5.344064602205417236e-01,4.872215616819369211e-01,9.963268851688121819e-01,4.318389203379719987e-01,4.493755397841163179e-01,2.282828656897154807e-01,8.835852879620623712e-01,7.931998797920137845e-01,4.852098701724578134e-01,7.398745728153045542e-01,6.466809374565107849e-01,3.775258841412483801e-01,4.817370340437915344e-01,5.673150225020218151e-01,2.222975351648717734e-01,6.745179154228057028e-01,4.878678809836115016e-01,5.097979510453304330e-01,4.377898491157060090e-01,5.458172006081453143e-01,6.168455123548718388e-01,7.458868599531680577e-01,6.412732615881315823e-01,3.976459968280359192e-01,7.806583325948348584e-01,8.801030763828167069e-01,9.285079305010557338e-01,3.455014084192469803e-01,9.059264640722423101e-01,4.164734145476257643e-01,4.361869941724444977e-01,6.112577845796222098e-01,5.000662548033770749e-01,3.364615688248453473e-01,6.070559959697132690e-01,9.061595612544940392e-01,6.499109494588175551e-01,7.758055120172004937e-01,6.595273097457258205e-01,6.645667132344448280e-01,2.738383701883767007e-01,5.333941545580853649e-01,3.927011633546900748e-01,3.181151304408719738e-01,2.051266141829924672e-01,4.095010681907216288e-01,6.675646472576166612e-01,7.449649173387780099e-01,8.777960819966160178e-02,6.242510446286660963e-01,5.067896037511112617e-01,7.125255406829601457e-01,6.222512396884520847e-01,4.772120326732349205e-01,4.880743541922533679e-01,4.329343576436398555e-01,3.986980167657372398e-01,7.358265919509288100e-01,6.346313562403682607e-01,6.206908236383832378e-01,5.800378181794418886e-01,5.117175962412421342e-01,5.520442365412074892e-01,6.342377707432118594e-01,7.709243264391580919e-01,6.998986933057248505e-01,4.291129471828805109e-01,5.077427079385397057e-01
2.916763806021435146e-01,7.096410542351171413e-01,8.067761591696218648e-01,8.290349479206621242e-01,9.351829224083874070e-01,4.182024533838879510e-01,2.091288904887362299e-01,3.245300162931172294e-01,5.731282538639609347e-01,3.184053476378791991e-01,0.000000000000000000e+00,4.918571421307578184e-01,5.065873234246548451e-01,6.281736894675409300e-01,5.879555507133565895e-01,8.729173626865367464e-01,4.173268876794346549e-01,6.721955362558409419e-01,4.486752492305637330e-01,6.943366855330922460e-01,4.912579790489669529e-01,2.142017768535288691e-01,7.954719615720623471e-01,6.736111036959442355e-01,4.235003938395747736e-01,5.999400998785082706e-01,8.561584877856558418e-01,4.103873695741288574e-01,5.129002405277997001e-01,4.878479474658377613e-01,4.938523424173875132e-01,3.808012100840828529e-01,6.760019446036056312e-01,7.984906763057835200e-01,5.804901436969691630e-01,3.122663344965660448e-01,4.576081989380289539e-01,4.715364313931580398e-01,6.694857572838849302e-01,9.745907407158561631e-01,7.439653196001170254e-01,8.607965467667721970e-01,6.349101778721544243e-01,3.798876216257013327e-01,7.239279555747705208e-01,4.816307497063395671e-01,7.044544152993177377e-01,8.189181880513943801e-01,3.336415101447657294e-01,9.640190325518559478e-01,4.072192313171820732e-01,8.338741332490910985e-01,6.071079650357209534e-01,3.096539483936497361e-01,6.455760411541892063e-01,8.104185362727159836e-01,9.638646610756286537e-03,6.232355717540066786e-01,6.178215344508660722e-01,2.394470871019913766e-02,1.169930412326945085e-02,7.066584746103140580e-01,7.187526666456870439e-01,7.427054617250329338e-01,5.177226900326716841e-01,7.569410865157604196e-01,6.685462239335638879e-01,7.628514209717845995e-01,2.608699039660128394e-01,7.098930709985638021e-01,4.719143130199804914e-01,5.892187478661279482e-02,5.479021392001612867e-01,5.924806142360430350e-01,4.691106030652690828e-01,5.633649932925316461e-01,2.682634169700526261e-01,4.300394004892257316e-01,7.504148248165694035e-01,2.702969001778095515e-01,9.584045467650280647e-01,7.407069712085295743e-01,9.321960474758179682e-01,7.089271412421745966e-01,5.525626977208764057e-01
4.285520545112080915e-01,6.180948464983337942e-01,9.422288520348834906e-01,7.546700459984252429e-01,7.168817902920966434e-01,6.998390229530425388e-02,5.376011253057426664e-01,6.974867041747023766e-01,7.446092391256955434e-01,3.342992456518959488e-01,4.918571421307578184e-01,0.000000000000000000e+00,5.886399256199039698e-01,9.392667072683584806e-01,5.560052161086956879e-01,6.134949843438768369e-01,5.153797017537780079e-01,6.363256655387068417e-01,6.349981881044033383e-01,4.819779431780771839e-01,7.138721075810001704e-01,3.553141352275807074e-01,5.420061973961813884e-01,9.089320884926382904e-01,5.144726371091169481e-01,3.264306259529455023e-02,9.224488303238977949e-01,5.382673029510324225e-01,3.114915732166018136e-01,7.390501599703641622e-01,2.295738357014407427e-01,5.511339019247294413e-01,6.849656998352205983e-01,4.627807675782345531e-01,4.167255789245693509e-01,5.277308820266639611e-01,5.487165805669567131e-01,4.742362774704171891e-01,7.920567458715501719e-01,3.030903952614757979e-01,7.594770479529802665e-02,4.680297392058725414e-01,8.396021660754340865e-02,4.736285142913702062e-01,2.791584280561129061e-01,7.675773692291606443e-01,4.877167754172559433e-01,4.971098626459371506e-01,4.626475079082960629e-01,4.533065724138790609e-01,4.093051208307579292e-01,7.435100044031283106e-01,8.012096659003379306e-01,1.491896525149351560e-01,7.486692818181357456e-01,6.739718508918334239e-01,5.553844339350697545e-01,7.169216800087339081e-01,7.299726545825651058e-01,3.519787388817331442e-01,3.650724157773084233e-01,7.226836045099431782e-01,4.467556180441795699e-01,7.237673094156460429e-01,8.060091958060280337e-01,6.816484867809632364e-01,7.427692583585954189e-01,8.914151098052046640e-01,7.168520358148279259e-01,4.749889230414022223e-01,6.724301531200452819e-01,6.521799555181198027e-01,3.871416301077876265e-01,2.121242655822954890e-02,5.537064427340759876e-01,7.995396529802898389e-01,6.617791940666964967e-01,7.355099133117125598e-01,6.974235240941897285e-01,2.232520080316433286e-01,3.405871720051854151e-02,5.864063351162253079e-01,2.500952443498296596e-01,4.053781398933575253e-01,4.468510303904922876e-01
8.920307938706230066e-01,9.211161576233124482e-01,6.912968929769138793e-01,9.774378227391409268e-01,6.402554793556093360e-01,9.791497778862681134e-01,6.813528010945434366e-01,8.106226983640082429e-01,7.112448662026625845e-01,9.352902629027907144e-01,5.065873234246548451e-01,5.886399256199039698e-01,0.000000000000000000e+00,4.971790371816290355e-01,1.680860742457872606e-02,4.539819639103044868e-01,9.440754781739946200e-01,9.290116428990721209e-01,6.242705335032773251e-01,6.076811121437150076e-01,4.328967637616920050e-01,6.103104992398149520e-01,2.368948412402481218e-01,8.335720223437480259e-02,1.631776999115185089e-01,7.793214746328694931e-01,9.105464840833620288e-01,7.491644903605314543e-01,2.892630491448519026e-01,5.463128832116938005e-01,2.551562492179200725e-01,6.047564597850515478e-01,7.172211020907764967e-01,1.017267152102967059e-01,8.123781977846403768e-01,4.971144909638212095e-01,8.150220065587424068e-02,7.283294897328027595e-01,6.628318978090625979e-01,6.941787868961780683e-01,2.449356181781511543e-01,6.220677955184981123e-01,4.559907268446022899e-01,7.406579579938454838e-01,8.931954541493299926e-01,9.561248076674051521e-01,7.188926757591187489e-01,3.245824978576714592e-01,7.755006826550796539e-01,7.523549635402155822e-01,9.196698267855175635e-01,4.767835900410007377e-01,2.146068875102088713e-01,6.952614581502735147e-01,8.337638065494210604e-01,6.068662390245306293e-01,5.919825721216896985e-01,9.757586876721927593e-01,6.362584413195898625e-01,7.838055281249017847e-01,4.100005250353896957e-01,8.098135137339280698e-01,4.074825502093753493e-01,5.293046276744649559e-01,7.600006241370979021e-01,9.404841752963803980e-01,6.073258332655592229e-01,8.921413570643077495e-01,7.010837455200846779e-01,7.976717493950306048e-01,6.096957885079181683e-01,9.063078169815201868e-01,5.064227038620578991e-01,3.665825672927908174e-01,2.619550163194684922e-01,6.758205705912081473e-01,2.779916352693663772e-01,6.215929163772115906e-01,7.081857140195513267e-01,3.955009189326108565e-01,2.434739188214417038e-01,5.444457595738018130e-01,4.268116185172990962e-01,2.361352381559455871e-01,7.799871526086930018e-01
7.002319224884573368e-01,7.896704899298904179e-01,6.753440445364115030e-01,6.538019255968705590e-01,3.673349087043461525e-01,2.398079576901501198e-01,6.876412874456439006e-01,7.634698296274418094e-01,4.319255537613526652e-01,8.894158536785934377e-01,6.281736894675409300e-01,9.392667072683584806e-01,4.971790371816290355e-01,0.000000000000000000e+00,9.940085674443179808e-01,9.738828748776001687e-01,6.645351550988775058e-01,2.168630931992256428e-01,6.540601753498380688e-01,9.720097583835728416e-01,5.819683260205663622e-01,6.379662855884342676e-01,6.245696031640420864e-01,7.964252483899858515e-01,6.101152598118890769e-01,6.370607183063377033e-01,1.628818169586785519e-02,6.003193528725462302e-01,4.576836613214393945e-01,6.518297309952127971e-01,4.717828983153109501e-01,5.179551298723313879e-01,8.168366815879740672e-01,8.407911843327637857e-01,6.123829563891547423e-01,-6.228601835649749674e-02,1.523359459846381214e-01,6.296629245719616019e-01,8.656375396189626148e-01,7.715283698205587237e-01,7.678146113378228055e-01,6.984576778653575069e-01,6.071951521897768211e-01,4.431000888389949321e-01,4.787111978186373018e-01,7.061342036212884254e-01,6.089393371855743586e-01,6.755689785210189369e-01,6.529697868871113808e-01,5.231887961408244747e-01,6.799958278607119988e-01,8.441866353931479772e-01,8.347025683994884204e-01,7.083566874028642824e-01,9.253854470123202836e-01,6.574793237813618685e-01,7.120783688762810648e-01,8.158722812729527485e-01,6.732933645506173903e-01,6.265771615586873677e-01,6.207743354291959115e-01,7.600931057278194070e-01,4.581840870631998519e-01,6.459410756182566438e-01,8.040628940740280894e-01,8.319060752900058198e-01,8.213012144654130431e-01,6.090254648301195450e-01,5.531083796802807040e-01,8.479776373857978999e-01,3.612488221094000140e-01,9.282729122376370823e-01,1.875927329665249554e-01,3.844232265537668169e-01,6.087885696880963593e-01,8.395837686968861124e-01,8.267713456564863561e-01,6.054016004123076167e-01,7.042844354401723173e-04,4.864161297799297623e-01,-4.720980390188342368e-02,7.588752938062434117e-01,7.042964609170928592e-01,6.825405202431295004e-01,8.707821802384683174e-01
8.275255800830366715e-01,4.989045241529272423e-01,8.527962232992958302e-01,6.501960336319012601e-01,7.104643288901340004e-01,5.653744958034784274e-01,7.894772484039352944e-01,7.999272248271094288e-01,6.750530175448092862e-01,2.707568747857285185e-01,5.879555507133565895e-01,5.560052161086956879e-01,1.680860742457872606e-02,9.940085674443179808e-01,0.000000000000000000e+00,5.982566644146587453e-01,7.987315166816730816e-01,7.924357845108397358e-01,2.054589278404783947e-01,4.107270704468897193e-01,5.007853796865804341e-01,7.698793696925348984e-01,5.438825775733805434e-01,8.394781339060122249e-01,9.245671398239854177e-01,7.915670697679701995e-01,5.653335346894793334e-01,2.927048786746129783e-01,5.886452138415708690e-01,5.695143047221189470e-01,7.161829765921698954e-01,6.472843952527371769e-01,9.020320053715910058e-01,4.118883615520521069e-01,3.193226627276798957e-01,7.501318659673401612e-01,4.144500023833770919e-01,7.042587273633023059e-01,7.109833938375080820e-01,3.385557300457602281e-01,3.198572233436186574e-01,6.325458191385169293e-01,7.369501227934560639e-01,7.552164021388100279e-01,8.143016188074900796e-01,7.289268817407974499e-01,5.442637098736247125e-01,5.019647683838448504e-01,6.133290587565788377e-01,4.555234250480363900e-01,2.389430084293454049e-01,6.156756870577636542e-01,6.053308349561526969e-01,4.447666302933375171e-01,7.563054231269310534e-01,9.970341264191738828e-01,6.618037488076324859e-01,8.770180664781056512e-01,4.245480619288431456e-01,3.168089410238069670e-01,1.358529950763708027e-01,5.745262519262661627e-01,6.839768989944362138e-03,7.907011827908225765e-01,7.608099492330655522e-01,3.919943576607853863e-01,6.442676122704440456e-01,-3.961032767522265630e-02,7.967062650902372312e-01,6.633101455872892904e-01,7.854574500837168127e-01,6.079186697201737211e-01,6.454801441112191229e-01,1.920732259794782348e-01,2.046402599973634051e-01,3.670811387253772873e-01,7.079698846492020747e-01,4.434740823365148077e-01,5.414475898942974208e-01,3.791301596301291932e-01,7.350441096250083239e-01,1.051116465621501073e-01,2.609891463065468487e-01,6.391033537546823018e-01,7.124088470985350252e-01
6.903699630843692647e-01,4.569272705997288186e-01,4.481298626791717643e-01,8.487801591306117777e-01,7.311470803049899825e-01,7.345089931065706956e-01,7.348189029499310188e-01,5.210942427670705035e-01,3.714075166716401810e-01,5.302862473259343234e-01,8.729173626865367464e-01,6.134949843438768369e-01,4.539819639103044868e-01,9.738828748776001687e-01,5.982566644146587453e-01,0.000000000000000000e+00,6.639286533632162701e-01,7.270775355282935726e-01,2.172970593708139497e-01,8.236640449501315686e-01,6.396744404449690169e-01,3.366509547218076159e-01,3.576999204449634040e-01,8.342470190452521139e-01,5.767506592389641806e-01,3.025426554812624819e-02,8.492954970022484895e-01,7.433552872377828802e-01,4.346726275471817225e-01,5.441788261899140888e-01,4.008640361761149351e-01,4.473528135929603078e-01,4.128043186785096408e-01,2.745068017888177558e-01,5.580408019591154289e-01,6.634619445441846119e-01,5.856774984243269255e-01,7.185098892400790804e-01,7.941777421394717873e-01,7.199157191446100557e-01,9.581444839152972737e-01,7.189565290760288052e-01,7.297107095725006154e-01,9.644714537427405698e-01,2.456049566271259477e-01,5.060044756972934543e-01,4.457747612723272357e-01,5.761756617994107099e-01,9.310026997759890399e-01,6.587111859891243704e-01,5.257630303732311328e-01,1.076993270952633121e-02,4.007368121083959012e-01,9.148978794848967866e-02,7.607560079244977125e-01,6.642144999526761184e-01,9.646406747183857711e-01,7.541447533471598019e-01,9.953411213465582774e-01,1.655799250701671943e-01,7.985448438786106884e-01,4.613573330446052445e-01,5.786702274126249712e-01,6.672536837889057049e-01,9.585470262123704233e-01,8.075071419085995128e-01,6.302543580793104061e-01,5.085777542702069054e-01,6.174638146970959918e-01,2.856571763422435239e-01,8.376272030243836486e-01,5.080174128072045825e-01,5.011041126055918449e-01,7.220934946867635373e-01,5.615442879091362416e-01,6.120850161010797930e-01,3.038819539829800687e-01,4.553436151944050270e-01,7.481601619711168993e-01,5.468932450143593194e-01,4.480366919041411378e-01,8.841794186562218494e-01,9.563358326236650608e-01,6.941819287111054837e-02,5.167087226708038106e-01
7.729860195747483287e-01,4.106672038568204841e-01,5.535485777586397482e-01,2.657830822341877841e-01,2.848885816560044471e-01,7.390069638277021458e-01,9.264631110805783276e-01,4.342747893384717450e-01,4.419999727637211606e-01,2.876329087499927550e-01,4.173268876794346549e-01,5.153797017537780079e-01,9.440754781739946200e-01,6.645351550988775058e-01,7.987315166816730816e-01,6.639286533632162701e-01,0.000000000000000000e+00,9.175862217783450347e-01,8.808182158135311468e-01,7.826074498313682071e-01,5.141884690716971296e-01,6.548886061302375827e-01,9.715322443456128054e-01,7.558377825719528875e-01,5.219414746659050142e-01,4.047125203201437649e-01,3.926860123301473271e-01,7.995362866112243339e-01,7.507246496086661391e-01,3.166024074588113524e-01,2.647462234790511904e-01,4.461874960453592887e-01,3.991829587721429373e-01,5.478500532475393259e-01,5.591922964893867309e-01,2.621577263235829180e-01,2.388958841330167393e-01,5.553880557206104518e-01,4.585038556601002679e-01,7.324519635657776861e-01,5.801168019666548270e-01,5.555980246154033075e-01,6.068997544793462984e-01,7.935525041900832743e-01,9.192563101464458208e-01,6.872851669637081162e-01,5.423281086071680690e-01,6.088049741811276672e-01,9.557788468203534116e-01,7.822769523588092300e-01,7.913643622557179347e-01,9.435230564454843982e-01,4.744387928451878622e-01,4.317904928230521522e-01,3.277762178786615133e-01,3.300023446551466622e-01,6.691495510626231935e-01,5.875861443836954967e-01,7.670052375411802181e-01,5.853268680695091764e-01,1.624119112345375759e-01,5.846352396123140061e-01,8.077343795099909407e-01,9.786119164302912177e-01,7.373254019897004241e-01,6.966662673839303377e-01,9.282726178989915145e-01,6.529717502540002272e-01,3.064659576082239822e-01,6.530826700916813055e-01,8.022830390878129547e-01,3.710846030701850928e-01,5.737057020784409600e-01,4.318819022857948164e-01,6.774592625817335012e-01,5.032686165512886278e-01,6.327347158338358923e-01,8.407181191197569126e-01,3.077614045597384940e-01,1.813522751543199807e-01,6.578366790051715096e-01,5.040425436302078399e-01,5.516677146028228229e-01,4.004570295870260588e-01,6.161729198344448877e-01
7.900490040412171400e-01,7.350604626466105129e-01,4.704365698033610710e-01,7.752116095893903935e-01,6.966767662493873470e-01,5.919767217098865775e-01,7.989123512748531608e-01,4.271474284536116994e-01,5.006683273412889656e-01,5.344064602205417236e-01,6.721955362558409419e-01,6.363256655387068417e-01,9.290116428990721209e-01,2.168630931992256428e-01,7.924357845108397358e-01,7.270775355282935726e-01,9.175862217783450347e-01,0.000000000000000000e+00,5.171928495767763589e-01,4.106751281853246449e-01,5.949658295110833439e-01,4.945393629597130136e-01,1.676376802606494021e-02,5.964532334516789991e-01,5.251095697484970959e-01,6.247307420970134029e-01,8.471521156586803158e-01,6.571657091791693883e-01,3.248809144653970471e-02,1.389076044835770296e-01,5.207483513541509845e-01,3.640288788706756429e-01,2.144261419899689547e-01,9.296545265361978450e-01,6.561668667797138088e-01,5.240348522361688577e-01,5.968026678763806991e-01,6.194182582339179399e-01,5.439546952707812189e-01,4.405718753901551321e-01,5.970769108831937011e-01,5.997138580360807936e-01,8.317675333595277998e-01,8.774354342477925783e-01,8.583103723865659340e-01,7.581698945874509876e-01,7.429874503573834499e-01,3.733615186604019032e-01,4.803140172672633046e-01,2.124732514948874107e-01,7.586236345013144255e-01,8.336657556056102647e-02,9.082277490643526630e-01,7.497433775597923677e-01,9.334487231033369303e-01,5.511676972252004258e-01,6.791616866317343737e-01,6.152874813614891414e-01,8.228214651096846799e-01,4.259880196150854781e-01,4.591950021468159671e-01,4.005322016158572307e-01,5.023349220354814681e-01,4.953481687902314134e-01,5.782253278457494261e-01,4.778371246490317192e-01,4.800656767452245455e-01,9.219732719065855120e-01,5.346091923332655371e-01,7.775798638983358879e-01,6.379335436246137414e-01,7.460189267705090721e-01,5.145046494679388349e-01,1.039291820960959283e-02,4.322803577812168174e-01,2.601722828013119382e-01,7.732915450635367005e-01,2.056241559483345527e-01,3.013464902460459283e-01,2.748752363619435535e-01,5.747946928357404728e-01,8.262534631958282638e-01,6.201681842726018967e-01,-1.904597635509482356e-01,4.716379823457785281e-01
