0.000000000000000000e+00,5.110896933592249392e-01,5.196039014543044621e-01,8.881168478962814250e-01,6.790592760734559530e-01,9.296479730539080055e-01,7.878924998035516936e-01,7.123673672488671782e-01,7.458663262950880890e-01,6.999514345465005505e-01,7.081331450382752912e-01,7.310786341852583137e-01,7.965687736261526375e-01,5.030547791552949510e-01,9.077860365338801252e-01,5.232272022169073278e-01,4.263279854015560311e-01,7.432770809314471760e-01,4.099558327932487090e-01,6.874894673547583546e-01,6.097191330503960449e-01,2.501045094051524975e-01,4.471996779871669214e-01,8.481316393415491151e-01,8.314505736965273064e-01,6.964675119489684985e-01,7.063536915081103373e-01,9.141565735598543574e-01,4.051012744576774627e-01,2.055100609174296544e-01,3.595470508639289076e-01,7.844591569559900002e-01,3.294302367320824376e-01,9.098654601040149226e-01,5.230453164281183565e-01,5.775676127209573574e-01,5.523636128882702945e-01,6.968765143510509130e-01,7.847131445042336839e-01,5.310301847438898548e-01,5.496463429232838482e-01,8.307786244551835786e-01,2.252577134444780360e-01,5.049993040835168978e-01,8.146157292960315432e-01,7.332100816356585948e-01,9.964670082797615347e-01,7.763114772084716009e-01,7.678778823336307457e-01,9.940522068595810667e-01,4.439461830625832661e-01,9.014041340387982659e-01,7.836019167357488602e-01,5.292388885592552716e-01,5.298076571938356016e-01,8.353411538695462157e-01,4.913740439308192931e-01,6.423187787405753024e-01,9.340144627822233314e-01,7.787133190285853157e-01,3.439932536512566585e-01,9.141190953749743775e-01,9.113443095253253023e-01,9.712304426279494418e-01,6.105136789958054422e-01,9.496770449141446191e-01,6.534721085135192231e-01,6.004151041389153010e-01,4.227952598917171789e-01,8.520202537517997943e-01,7.005367876310861774e-01,9.302316411049079692e-01,-2.865471516338866653e-01,2.882427387056586410e-01,7.269325467994344203e-01,9.794587415775928285e-01,4.521559414137376054e-01,8.030215551465909041e-01,3.531669271919953834e-01,6.522764253570834114e-02,8.339434222695794041e-01,6.234366750647158950e-01,4.080248038305179237e-01,4.849940836784977227e-01,5.731388195976279132e-01
5.110896933592249392e-01,0.000000000000000000e+00,9.557827483103885635e-01,6.674664246261790002e-01,6.340475690798770270e-01,4.587397263545730519e-01,7.431287782686852861e-01,4.754758469520043995e-01,3.176832764174774004e-01,4.646741057393293239e-01,3.466763584704749546e-01,9.854960001166754857e-01,9.189748314833046106e-01,6.824461323099154653e-01,2.939055198216529718e-01,8.064208563647019545e-01,4.970479856444497968e-01,5.262217049193254059e-01,2.023394089600114576e-01,6.295198717189093296e-01,8.120205725471970615e-01,7.097680585966621436e-01,9.665388907677248120e-01,6.311808811442011224e-01,7.038340305680056419e-01,5.690063859303178262e-01,6.796610436085628315e-01,2.450170387866760779e-01,5.758594064888680197e-01,4.917164421112408812e-01,2.894019894483761957e-01,3.636486104534797370e-01,8.998401106024087603e-01,6.831184706317082744e-01,3.111395492783924355e-01,3.638112286436556968e-03,2.820747199407509787e-02,7.089303861864824086e-01,4.167031020639733740e-01,4.848553683085599086e-01,4.096230363347331260e-01,5.237520022822523824e-01,4.300905499960968603e-01,8.949460501982803295e-01,3.307547207233406672e-01,5.253922452546150312e-01,6.572349746930143954e-01,5.699553273231322548e-01,5.738993118412465400e-01,7.341895727006152450e-01,4.031203409342978272e-01,2.815193503464257230e-01,5.669740553060887978e-01,3.425664709315588974e-01,8.953861316479533317e-01,8.085831189263158469e-01,7.475206164795544783e-01,4.126741608821470342e-01,9.868030915502246092e-01,4.396565155018437032e-01,7.522116645005803015e-01,4.810924987747897674e-01,-9.080278572336150655e-02,2.471739240590841158e-01,7.079081118339133338e-01,1.043389607768993033e-01,4.163272512132781822e-01,6.112163295905201910e-01,7.558917773509554738e-01,8.239543431836174880e-01,6.221879014834009736e-01,8.773360131861723810e-01,5.277045691143634754e-01,7.135834551769063561e-01,5.015630500374126388e-01,7.938864603879696169e-01,3.007528082818849424e-01,7.597871187694054118e-01,3.790966105966019906e-01,2.822578993415115201e-01,7.266400473851050146e-01,2.662589610409220667e-02,8.746879555045938837e-01,7.423246742393066477e-02,9.977656427832383157e-01
5.196039014543044621e-01,9.557827483103885635e-01,0.000000000000000000e+00,6.730799845110230217e-01,9.280287848870079070e-01,9.751458256218314968e-01,5.185841055191380278e-01,9.505531736002014176e-01,9.030723814925920578e-01,1.992903552619509910e-01,7.270820904540731267e-01,5.298581712651728726e-01,8.029962477569108081e-01,6.927029588800213133e-01,7.375639549511141535e-01,6.877792663766977288e-01,5.063195408212040061e-02,9.301794278300885566e-01,6.626758920346557113e-01,9.460817864002026845e-01,6.234974857565704909e-01,6.016365766553770644e-01,4.766961711437051052e-01,9.994737156813864321e-01,6.147225202962686152e-01,4.609551484988077541e-01,5.258768881085331692e-01,9.490380848551983606e-01,7.897616316171649498e-01,3.636928684399716172e-01,6.673985758903083765e-01,4.665120416404501813e-01,6.119515674267335115e-01,3.373594101726024586e-01,2.041670064757547809e-01,5.791997956999088704e-01,7.836003879689042995e-01,8.006079407173498641e-01,6.311000301957865322e-01,9.218140581969136438e-01,2.078826752029621638e-01,3.741740325015179280e-01,5.199118726703478854e-01,4.283412536212416466e-01,6.515537047764606848e-01,6.334237540490086360e-01,5.407506532788981524e-01,1.673389785457976842e-01,8.714570985131960823e-01,7.705789152386397500e-01,5.468458289669455574e-01,5.956954185396436952e-01,7.645868982078053433e-01,4.969141816723527949e-01,8.698255965540128143e-01,5.401250938427458737e-01,8.801491717781542157e-01,6.882714783658566704e-01,4.690129697110838047e-01,4.951777606759093925e-02,7.933827439792977554e-01,4.845780612944864396e-01,9.930571542757560266e-01,8.603965638132181626e-01,6.315949938735115898e-01,8.964685957041942377e-01,4.256310964810585684e-01,7.887007910860067694e-01,9.947468882247030297e-01,9.522425893805710473e-01,7.036199661584303655e-01,4.228543252842074107e-01,4.529633265008466969e-01,5.182773301868432991e-01,8.268226188440827018e-01,6.582933696432333726e-01,9.734704072323807633e-01,8.701301088528536898e-01,5.565005181478712704e-01,5.407869406807964685e-01,6.445542377091062480e-01,6.089289558117424450e-01,8.295167634543304525e-01,5.931729093583645307e-01,9.525767485471902107e-01
8.881168478962814250e-01,6.674664246261790002e-01,6.730799845110230217e-01,0.000000000000000000e+00,4.797757980907665365e-01,5.878998020479788700e-01,7.699677774343347547e-01,6.015656741924684248e-01,5.973623006875505848e-01,5.804997429783084195e-01,8.597258179497548891e-01,7.364300886938477397e-01,5.977932316184851880e-01,9.907556021329250173e-01,7.666470657110918685e-01,5.931793799497899755e-01,6.923651640713226474e-01,7.951078184937780957e-01,4.966603143485927574e-01,9.413077051213927238e-01,5.882303378095545821e-01,3.260374932430690764e-01,9.689876031126124500e-01,5.734929511419819548e-01,5.070248634058899251e-01,6.030169462593323315e-01,6.704006645836459999e-01,4.832889950750798858e-02,2.376954719204427691e-01,1.509322798157813061e-01,9.984464623811875605e-02,6.497470439939942999e-01,9.923179019370576004e-01,7.306908740720986506e-01,7.697276487994204608e-01,3.808026811983927784e-01,4.842924655902628994e-01,6.275039023318736975e-01,8.978240541442512601e-01,5.836025124640419337e-01,4.078894573843115934e-01,3.304263414948398481e-01,6.484195896346415244e-01,7.968776001756452398e-01,2.236699875855756581e-01,6.540288222384763595e-01,3.577301782703945499e-01,5.144497901690424646e-01,-1.038683398976150973e-01,6.177744187768422490e-01,9.834316320762530594e-01,6.713623634661201045e-01,7.818589349452976789e-01,6.349839774776800949e-01,6.758375797362655701e-01,7.159512364394420292e-01,8.146752196411858327e-01,7.023154657514305566e-01,4.464931177388200556e-01,2.504636312684507260e-01,4.954194874511115287e-01,5.913993513106989841e-01,7.727935001340154875e-01,7.525609817917408018e-01,9.978118446182697721e-01,7.010031581783974231e-01,8.703329665191080755e-01,8.552707476292238375e-01,6.792684653346421353e-01,1.948994806550992664e-01,6.440808491427424398e-01,8.233804904498190913e-01,-9.680748220797578962e-02,5.639718902427074410e-01,2.161013248964780697e-01,7.565253906417176433e-01,3.706768221558778831e-01,8.988686420770088947e-01,2.305668243012122254e-01,6.133797772322287234e-02,3.971418107897297101e-01,7.486312382026920620e-01,7.598433808703575210e-01,5.384536495951488533e-01,6.229875009619610937e-01
6.790592760734559530e-01,6.340475690798770270e-01,9.280287848870079070e-01,4.797757980907665365e-01,0.000000000000000000e+00,7.057024654449464141e-01,6.380411294268807376e-01,7.474275994259240719e-01,4.677751919157835392e-01,6.856240813974410209e-01,4.221545048472825634e-01,7.427130950792834030e-01,4.532355386451373813e-01,6.891935387577318162e-01,4.261179565970384386e-01,5.617182662391728698e-01,6.112093742275710451e-01,9.787211548958868468e-01,2.274354493388821563e-01,2.815114463091034636e-01,8.568264425055434064e-01,5.432788756921030915e-01,7.652487049329630420e-01,6.645913137465628839e-01,2.989988291660949926e-02,2.375768985395884381e-01,9.474662409986827072e-01,7.209569114979514914e-01,2.736715365907861353e-01,4.388498383555606841e-01,1.440857865511063485e-01,1.897333051637113133e-01,9.589335305315125346e-01,6.524977576027670700e-01,7.248195881692334197e-01,4.968103862043971031e-01,5.203366553513940618e-01,4.746108067889050486e-01,6.082593646808540644e-01,5.554860539537287423e-01,2.788597499763583176e-01,4.709328893541532834e-01,8.807478489234271679e-01,4.673946275328730859e-01,9.712824362461296435e-01,7.467204248907857167e-01,3.942053920829491909e-01,7.881650943564619816e-01,3.146838283315829266e-01,4.295000706370147858e-01,9.805966985648212342e-01,7.691539504075084466e-01,4.187420810438568508e-01,5.569215039759833896e-01,8.809457533065156998e-01,4.569494209036582544e-01,6.469136504250997399e-01,8.876918160833296989e-01,6.152964573480187438e-01,5.483719386536554108e-01,5.327302784504324151e-01,6.680280934639719614e-01,9.590293691111484442e-01,9.061271601822793453e-01,7.087704823446142610e-01,8.324075196718874192e-01,8.415065415176968822e-01,6.648342318704203446e-01,1.947189947663553466e-01,7.287364092342005772e-01,6.165108776467813634e-01,4.962906617291895084e-01,2.742769199238818123e-01,4.462418793112512549e-01,2.390242083865256328e-01,2.396370624786960390e-01,7.535267783962238397e-01,2.428048205972326845e-01,2.528301337129748028e-01,5.799761168808571510e-01,5.348508331438913688e-01,5.826940269504363723e-01,4.049850622362777819e-01,3.762360215538886332e-01,7.723894208775079484e-01
9.296479730539080055e-01,4.587397263545730519e-01,9.751458256218314968e-01,5.878998020479788700e-01,7.057024654449464141e-01,0.000000000000000000e+00,4.008674671118802602e-01,6.984744780166441958e-01,5.104174098868905496e-01,8.712680508023008530e-01,5.223547250968311184e-01,5.175371670049618844e-01,7.884722103102088653e-01,4.834772854331262359e-01,7.132699727000513246e-01,6.889768662239422747e-01,4.858409834833295471e-01,5.264565571907022790e-01,7.912438181051848485e-01,6.973039951259886182e-01,1.574919929676660002e-01,2.523426697571597987e-01,3.676965056679704080e-01,5.638187079455933004e-01,2.134908735335397378e-01,7.469710833861501476e-01,9.585341977821481008e-01,7.780770955344845641e-01,5.999644832869737154e-01,3.464809005931178687e-01,4.849994014220269101e-01,7.538908685643616048e-01,5.231218625887072982e-01,4.557493016336409686e-01,4.804696857394740728e-01,4.340414481999155250e-01,1.864270380714856956e-01,5.196732263933836471e-01,9.463434531177368214e-01,-3.412384608628071803e-02,4.706832976373965804e-01,5.217042039452515212e-01,8.275101115008597352e-01,5.251829394443662258e-01,9.187118143476794563e-01,8.370238238428553412e-01,4.318619162842973203e-01,4.282953275442377694e-01,4.973003538048753613e-01,3.168400290027897914e-01,5.349075896559278842e-01,8.083319402054294223e-01,7.339022131407211269e-01,6.759948106901667586e-01,9.740533803557471781e-01,4.068660638008014807e-02,7.574244842049899784e-01,2.893939728552329393e-01,6.479570525833404648e-01,3.672010331587121090e-01,6.671943936933528718e-01,7.296894470176089609e-01,7.237515231394276993e-01,2.585345721154664878e-01,9.323305341489155351e-01,5.294010160689566202e-01,6.084807198018929997e-01,9.777351362765442921e-01,6.600972101163083208e-03,9.549418419920446821e-01,5.925839635363505664e-01,2.887322733800377073e-01,1.018242071137067106e-01,3.256241910260703754e-01,9.995518214607679308e-01,5.098551999826884673e-01,3.978504077438718700e-02,5.862619088711709114e-01,2.095506791385575718e-01,4.247789492195018779e-01,9.500088414125533731e-01,7.257418539451875317e-01,7.066442828424800426e-01,5.629068611582537240e-01,6.225796916666401781e-01
7.878924998035516936e-01,7.431287782686852861e-01,5.185841055191380278e-01,7.699677774343347547e-01,6.380411294268807376e-01,4.008674671118802602e-01,0.000000000000000000e+00,7.751363425569446353e-01,4.730318167482794878e-01,6.222149571857777950e-01,2.277290334773368063e-01,4.355726793159190313e-01,6.578564792655314797e-01,7.259432167631645338e-01,6.603321179768173455e-01,7.077065765605023984e-01,4.443248401852166185e-01,9.326182237662409280e-01,1.893418021590260181e-01,9.608142364689473691e-01,6.054234427950865305e-01,3.710140530166390338e-01,4.456972091260255620e-01,9.352331864282008578e-01,2.447527764997529665e-01,4.880704193288476489e-01,5.379405217293460328e-01,2.775499345133393692e-01,9.944361841571583427e-02,7.780338839819649355e-01,8.215333598050141017e-02,6.411154390770916756e-01,5.878254888490700436e-01,5.746444172485818402e-01,6.518133778326328232e-01,1.286358650252815983e-01,1.739143154061230101e-01,6.350662368759917298e-01,5.602061488097244135e-01,3.263158390168976464e-01,4.628452172818743882e-01,7.520207422958263832e-01,7.669244374804722320e-01,7.275250629848977191e-01,7.491822195964388253e-01,7.270742940776904195e-01,8.797205884531754394e-02,-1.184045944119027638e-02,6.199526000687227700e-01,5.463669941910884731e-01,6.514166447013646222e-01,4.859485292386382937e-01,5.681485936879674403e-01,4.514629092055320592e-01,6.026163328542747388e-01,4.454372317308688545e-01,7.892805955699657705e-01,5.615271417384666286e-01,8.017240999642009092e-01,2.031983741200627525e-01,-1.375438176523042233e-01,7.568512094479122876e-01,5.120126874577163312e-01,4.592073768661433797e-01,8.300795675006744645e-01,6.764170336377834936e-01,6.359828053489885447e-01,9.278657152940250619e-01,5.915316466473659052e-01,1.398935818601839687e-01,7.370105604261110166e-01,3.773144483093006096e-01,2.682734808050584174e-01,7.020542742251482116e-01,4.689743857971162555e-01,3.343454897424340544e-01,4.557634025800136324e-01,4.973165756970200913e-01,2.956344677504511576e-01,-1.690831032084027519e-01,5.127741860795002049e-01,9.052063300993057338e-01,3.110587325403164072e-01,3.586523868393053371e-01,4.628291146506079423e-01
7.123673672488671782e-01,4.754758469520043995e-01,9.505531736002014176e-01,6.015656741924684248e-01,7.474275994259240719e-01,6.984744780166441958e-01,7.751363425569446353e-01,0.000000000000000000e+00,4.868603361518283323e-01,3.108702341561657770e-02,9.250936123743156436e-01,4.247413255541580002e-01,7.293650595630151168e-01,5.559628335873707528e-01,5.515087356302186272e-01,4.729659286815942609e-01,7.713586617928387401e-01,7.725669092832097018e-01,5.689506066878056156e-01,6.984157522983085453e-01,9.806062051524596646e-01,8.996976378834549148e-01,7.482922773373095193e-01,8.923562426599449537e-01,4.524075198541958054e-01,6.129460634859207335e-01,4.773757235252811815e-01,2.354645969329009214e-01,4.984869960385049925e-01,3.861865087007448905e-01,1.705581868487149322e-02,6.889475478159230448e-01,6.591493409266079295e-01,4.239108628793205602e-01,3.815073502910524272e-01,3.021411759356625870e-01,5.964944774150759965e-01,8.946678950177010536e-01,7.914502336101165714e-01,6.103998444043674532e-01,2.321765782263263689e-01,5.220731118386825464e-01,6.116332786448984704e-01,9.994634239174449153e-01,6.206311853642629828e-01,3.562574561909116477e-01,3.224597765382732906e-01,7.747459830945011561e-01,5.066404583002349638e-01,3.768947751122121992e-01,3.652344893884756361e-01,-6.268173680013902627e-02,4.983866078615191708e-01,5.752675177641509707e-01,6.523305280120688110e-01,8.370085779646743163e-01,7.968636752183759775e-01,7.859551018706311121e-01,8.284674323200155177e-01,8.350586186769691499e-02,1.511761533265147950e-01,2.012037546216010608e-01,2.297776266958335700e-01,5.043817348328584194e-01,5.720720424087150091e-01,5.104600207834344427e-01,5.760284007242301163e-01,6.874370591811241882e-01,7.060676653346547038e-01,4.427539890748969920e-01,6.299278565661109441e-01,6.007009080382644806e-01,3.964491487086385102e-01,4.600430159407373210e-01,4.366936901526201620e-01,3.579752046626039075e-01,3.520110554883389975e-01,4.058844130123673288e-01,1.442177328358067515e-02,3.153107674305491992e-01,4.951984346483796484e-01,5.064950486131460927e-01,4.029840737785893579e-01,7.775624469583835019e-01,7.334124448674067542e-01
7.458663262950880890e-01,3.176832764174774004e-01,9.030723814925920578e-01,5.973623006875505848e-01,4.677751919157835392e-01,5.104174098868905496e-01,4.730318167482794878e-01,4.868603361518283323e-01,0.000000000000000000e+00,4.808918362088862586e-01,4.989934402868715368e-01,5.701007154816747358e-01,7.015577857568519038e-01,5.365197683305561460e-01,6.952627031466558361e-01,8.072151718645870222e-01,2.184515080647411733e-01,6.982700386437755702e-01,3.472109818483629651e-01,4.575065740547315518e-01,6.467004906664266528e-01,6.777052358064117321e-01,6.957983744251552416e-01,7.541109364146149074e-01,6.826675218593762917e-01,5.893755955456096984e-01,6.067141247786388414e-01,2.239790947102898166e-01,1.078976701977869129e-01,4.505312645540901495e-01,6.721055316822273362e-02,8.771366753477545242e-01,3.140722539145522352e-01,6.486965989672039967e-01,9.501564436596163787e-01,5.975162234309381315e-01,1.135335148785814874e-01,2.005793984394972362e-01,7.534798400024732556e-01,7.040446502508228566e-01,5.273958025930163274e-01,4.028033483607787457e-01,5.243513655546695462e-01,-5.128826347047407697e-02,6.922863638483273130e-01,7.946289423265084917e-01,6.429490152876995435e-01,7.428898085710989863e-01,7.850173268158476825e-01,7.235160490438379277e-01,2.369641700013924886e-03,2.120508452649553788e-01,7.487388054846613183e-01,6.851028505251176570e-01,3.972896268673319908e-01,2.651918613134044977e-01,5.976101754458533755e-01,6.976311466431075470e-01,9.505707950598407674e-01,6.598101973782197760e-01,5.575692246893773074e-01,5.679904247235910697e-01,7.955516500983744743e-01,7.737759159210040316e-01,6.031421136581507358e-01,4.336118116233019792e-01,5.200230424430617449e-01,3.596732191318025018e-01,-2.378421132314259556e-02,3.314117331503592112e-01,5.316191980355928770e-01,1.206706839402932330e-01,2.941159814113104565e-01,6.610986520226549423e-01,6.958691687302764883e-01,2.151080229467999261e-01,7.912203694803251475e-01,5.537715112881037571e-01,2.237702719382077821e-01,3.822898270885218830e-01,3.507243501304614375e-01,3.519870766206847357e-01,5.612389683436344034e-01,3.081594595846803841e-01,4.491304454862707352e-01
6.999514345465005505e-01,4.646741057393293239e-01,1.992903552619509910e-01,5.804997429783084195e-01,6.856240813974410209e-01,8.712680508023008530e-01,6.222149571857777950e-01,3.108702341561657770e-02,4.808918362088862586e-01,0.000000000000000000e+00,9.939564229778115045e-01,4.786012952633057482e-01,9.672214323569464645e-01,7.304423591280049255e-01,3.320176205873034414e-01,8.314903056164330009e-01,7.925290847213515288e-01,3.756332252591159104e-01,6.046553657009077209e-01,9.271173828050449650e-01,3.278595473396702653e-01,4.293875750195331742e-01,9.010174693829666737e-01,8.756601720994299232e-01,7.350407203075085549e-01,5.136505088051399603e-01,9.070626282468265966e-01,7.538882872065838514e-01,5.406664979157970174e-01,7.021449308090113028e-01,2.172114296299176295e-01,4.776475049363496095e-01,6.215954041120073104e-01,7.898415170295619570e-01,7.966509376465602532e-01,1.566002549117345155e-01,3.643748301448435090e-02,8.465601638056916567e-01,3.088443094084983853e-01,5.049868405345440125e-01,2.578954880507722258e-01,8.977544764945419864e-01,9.390004435278417327e-01,6.773076711093903857e-01,2.466476880154074292e-01,2.165385205281218084e-01,9.628316889612111851e-01,6.411960800859194398e-01,6.831603974395994427e-01,6.469412172049602283e-01,7.738479739856920503e-01,5.085271664332401409e-01,5.064700620735408387e-01,4.769543267922951579e-01,9.919514900922582479e-01,8.133358185171967181e-01,7.175360204198260039e-01,4.011149701710580717e-01,6.244662553732431842e-01,6.958085255571148098e-01,1.615421805454703985e-01,7.667378989841967529e-01,4.087018366280680270e-01,7.813344651876447111e-01,9.296265343445728746e-01,4.708653406121611207e-01,2.015407132472142870e-01,6.204954484696474371e-01,7.170307460276827971e-01,4.622096588577644383e-01,7.792019407018851984e-01,4.695960746495254634e-01,3.003852657335380760e-01,5.771547620283739022e-01,7.545479944486891410e-01,6.710887516416106369e-01,2.890765943990356579e-01,7.933191454759661587e-01,3.909167562532875895e-01,-6.427540656776489780e-02,2.596995616394451867e-01,6.613214316021630568e-01,8.232511259394786896e-01,2.402345042186167789e-01,2.590096428903725934e-01
7.081331450382752912e-01,3.466763584704749546e-01,7.270820904540731267e-01,8.597258179497548891e-01,4.221545048472825634e-01,5.223547250968311184e-01,2.277290334773368063e-01,9.250936123743156436e-01,4.989934402868715368e-01,9.939564229778115045e-01,0.000000000000000000e+00,7.268382154403778550e-01,8.313914054904606443e-01,4.460734860575019112e-01,5.529856495968140662e-01,6.881813369966597316e-01,8.855567898305412022e-01,7.493326376843287839e-01,6.248908556262743330e-01,9.688702109621052383e-01,8.647301413373166268e-01,2.538834416652805404e-01,9.398194198471577776e-01,8.626024503536331434e-01,1.284108783570825085e-01,7.202121140647509412e-01,7.580475222761841048e-01,4.429154190097916444e-01,4.171557240309953785e-01,5.853546213360658612e-01,-8.471846442579977765e-03,3.794709707912257146e-01,8.598377601761448830e-01,5.727865222341642637e-01,9.638191629363792590e-01,3.370643279130548509e-01,5.344633632419123481e-01,1.465599874685120374e-01,2.856079213531778627e-01,9.173709700047484317e-01,-7.414333202404185807e-02,4.252827050192252156e-01,5.381661641318036043e-04,3.574677294196795807e-01,6.743877863637951497e-01,6.953900122658520644e-01,5.360993123221116097e-01,7.735388560154270454e-01,7.942916509986679419e-01,6.886872363999417823e-01,4.845519329734904734e-01,8.500093149082806887e-01,7.163355015326843267e-01,6.505619672854636715e-01,8.555547861085859296e-01,6.412773955669405224e-01,7.242122565855780847e-01,6.058581058809854314e-01,6.014119924526328820e-01,7.703123551766002386e-01,5.219671962700651591e-01,6.476414284273073196e-01,6.662005439830819276e-01,9.453154941748568296e-01,7.586491235006576073e-01,3.758815254027767505e-01,5.093605053290385376e-01,4.480213340461738358e-01,5.251510407266524183e-01,4.985290019297620723e-01,5.588223697101765142e-01,4.208452963406573710e-01,7.588828300123000581e-01,7.503145727062159320e-01,1.011744505983763753e-01,9.942127895715866526e-01,9.422981340398425276e-01,7.957495567201673392e-01,2.696611532224824082e-01,3.294035555749935673e-01,3.177041598865029126e-01,5.782450255210338508e-01,3.883620995931225117e-01,4.836557753099462453e-01,6.245183387316469714e-01
7.310786341852583137e-01,9.854960001166754857e-01,5.298581712651728726e-01,7.364300886938477397e-01,7.427130950792834030e-01,5.175371670049618844e-01,4.355726793159190313e-01,4.247413255541580002e-01,5.701007154816747358e-01,4.786012952633057482e-01,7.268382154403778550e-01,0.000000000000000000e+00,5.178679673781793058e-01,8.712646786750692929e-01,7.314184028764629808e-01,6.609568146447752923e-01,8.585700653058297993e-01,8.201750113920612817e-01,4.540080235889139004e-01,9.050879238340178157e-01,7.346423038909897230e-01,5.642952089558819218e-01,6.186115889573913229e-01,6.854180845497227503e-01,8.441805673063569326e-01,2.081819742452825084e-01,3.192724981763380154e-01,5.601142328361852218e-01,7.200920085069437704e-01,3.407936895453889670e-01,3.283622673500496969e-01,7.250128805190136916e-01,6.885069791699649500e-01,6.292319973630267071e-01,7.095498099283141791e-01,5.239164305736110361e-01,4.601412076208422075e-01,7.265399730247040777e-01,4.456204330304359695e-01,7.174170790282303756e-01,7.301506006311404562e-01,6.170838705716417127e-01,7.357528711959747669e-01,7.592462550854598424e-01,9.952772580339989128e-01,7.928800365884881574e-01,2.811398718827754495e-01,4.581600484294398590e-01,3.953105924006886651e-01,7.130402916040112782e-01,5.235785492295438326e-01,4.963455094339852547e-01,6.176706916452964213e-01,4.170220858969484468e-01,2.937312951646813275e-01,7.900703739418086791e-01,4.226853986007823027e-01,5.284442228531698316e-01,2.840537830985539469e-01,4.131818161401472067e-01,7.841250486741363490e-01,6.244373107097009878e-01,5.779211629175042830e-01,6.458677627108347918e-01,3.285931345864341324e-01,2.624909568248552372e-01,3.428577680253298565e-01,7.886220658148757057e-01,4.937833962669072596e-01,9.069832846196864695e-01,8.500073567506584160e-01,4.672711784333358209e-01,4.484774143579696726e-01,3.238350665369043452e-02,3.405268860502231876e-01,9.997036894722295397e-01,8.479763120421481837e-01,1.385476666694043790e-01,7.121438374052442566e-02,1.263247799003264504e-01,3.391813347322572003e-01,3.894885560334169217e-01,7.416051226531945595e-01,7.978542626128575233e-01,7.981301525707711342e-01
7.965687736261526375e-01,9.189748314833046106e-01,8.029962477569108081e-01,5.977932316184851880e-01,4.532355386451373813e-01,7.884722103102088653e-01,6.578564792655314797e-01,7.293650595630151168e-01,7.015577857568519038e-01,9.672214323569464645e-01,8.313914054904606443e-01,5.178679673781793058e-01,0.000000000000000000e+00,6.778807443854942827e-01,6.564022482482060328e-01,9.090221738791890438e-01,4.605263775775907398e-01,7.656506837387220266e-01,7.204975736239898065e-01,7.829697174402343585e-01,8.306800998942655001e-01,4.084108174044328576e-01,7.382011746054619739e-01,4.118726169187051922e-01,7.591499706223251431e-01,8.009737012828180847e-01,8.668518104948685910e-01,9.986614367691464267e-01,6.769225021966566169e-01,2.875180005565680652e-01,3.499156428192085611e-01,5.842738515003347288e-01,9.429483784163738003e-01,6.841043035180249809e-01,3.428477606509583442e-01,2.353121072471101305e-01,-1.717006461523937211e-02,5.705578145077859764e-01,7.208284728260314633e-01,6.828137710727262277e-01,6.429710356001530069e-01,9.292726125931203285e-01,6.056918862494511391e-01,8.734570372204040201e-01,8.522378157388348363e-01,3.260620959313017542e-01,4.078349478210948620e-01,4.369051199923082995e-01,4.642326736395118170e-01,2.430044489215128778e-01,7.661211116267271359e-01,7.450137127211071686e-01,7.223337428115357284e-01,7.293658131686860946e-01,3.196949580745075958e-01,8.930288936282753109e-01,5.470504466675381317e-02,9.520917222510527633e-01,9.278382086901539871e-01,-1.208895071356489992e-01,2.103194070230434976e-01,8.759055619267501758e-01,8.604351188113998905e-01,5.604204203316238697e-01,5.229669726361263482e-01,7.135022201690262023e-01,6.220908652798224914e-01,7.166384849001947721e-01,2.374231058604401035e-01,7.843084241583964111e-01,4.239293095572033154e-01,5.500773831961416338e-01,4.359599229946071186e-01,4.698576595439856174e-01,7.920230214369701205e-01,2.700822246218450018e-01,6.578383199328399211e-01,8.495433297215315704e-01,-4.870139692202504755e-02,1.249848713912522086e-01,6.620273670764053042e-01,3.255742370454204337e-01,6.173645812377572817e-01,4.134625390701892611e-01,7.000978551182004406e-01
5.030547791552949510e-01,6.824461323099154653e-01,6.927029588800213133e-01,9.907556021329250173e-01,6.891935387577318162e-01,4.834772854331262359e-01,7.259432167631645338e-01,5.559628335873707528e-01,5.365197683305561460e-01,7.304423591280049255e-01,4.460734860575019112e-01,8.712646786750692929e-01,6.778807443854942827e-01,0.000000000000000000e+00,3.244777106238927455e-02,8.618235462746803854e-01,5.796386989497221975e-01,8.943852769385625123e-01,9.083981892528080193e-01,8.579504151855046334e-01,7.953132116722801959e-01,4.464921983861413479e-01,4.998718901621108657e-01,7.421267536957066868e-01,1.740590483803337307e-01,4.377847323521902867e-01,8.836843462496141166e-01,7.175097523203965988e-01,3.472027431348576054e-01,4.369592124901920949e-01,3.060513277803333931e-01,5.700250802116184623e-01,5.168772169772224423e-01,8.021963448041484757e-01,8.655032190575573381e-01,4.651729530924274547e-01,5.784467560836088484e-01,7.622377181399759838e-01,6.665414931392343867e-01,6.092260803653939405e-01,6.244108059905850716e-01,9.836891304905415190e-01,-1.842106515177723280e-01,6.261205819663884231e-01,6.118480082396130504e-01,9.369868279200936900e-01,8.177874728556165929e-01,3.202960769652063444e-01,3.076990494980593738e-01,6.574717037742847658e-01,9.387990297264035000e-01,9.793102753170186414e-01,6.517352679385869374e-01,5.909090831234984353e-01,3.236732490044799682e-01,7.935680221766721054e-01,6.974656777628858162e-01,8.096839450042108144e-01,4.978389050904523105e-01,3.461531633157370891e-01,6.403565005743867555e-01,8.549657133799166697e-01,7.574425316214004056e-01,8.927085188173911057e-01,8.830543399698880247e-01,7.614676177424042347e-01,7.273509248541631944e-01,9.907781344066746154e-01,3.228518236715274825e-01,5.704412887850073277e-01,8.774753993028869825e-01,4.027378671531587351e-01,2.743047928142117731e-01,4.518373893197757951e-01,4.955245104476816431e-01,8.670541834990845853e-01,6.221633705316864660e-01,8.804525573857548970e-01,2.230393263740018117e-01,-8.766244827559903363e-02,4.704174153679472892e-01,7.530681823624663096e-01,8.803430647871620662e-01,7.042179218864237367e-01,8.448351970447038894e-01
9.077860365338801252e-01,2.939055198216529718e-01,7.375639549511141535e-01,7.666470657110918685e-01,4.261179565970384386e-01,7.132699727000513246e-01,6.603321179768173455e-01,5.515087356302186272e-01,6.952627031466558361e-01,3.320176205873034414e-01,5.529856495968140662e-01,7.314184028764629808e-01,6.564022482482060328e-01,3.244777106238927455e-02,0.000000000000000000e+00,1.116271913731522042e-01,6.955393600185544312e-01,6.636198551742237273e-01,6.365182120668895216e-01,7.529551590438000597e-01,7.479140635199280629e-01,6.531722102723510615e-01,5.301391021284790339e-01,8.385818943686589311e-01,-9.105329881909948742e-02,6.865603744993663549e-01,5.917259496126213714e-01,2.498008816834667856e-01,3.229215970757647880e-01,3.945355028239959649e-01,1.552842395329317726e-01,6.401550356955055809e-01,4.631823210728098772e-01,7.601531751593041397e-01,2.463016075139558558e-01,4.695458342803686680e-01,5.370828386001251786e-01,8.237898669877733449e-01,9.383325616119144730e-01,5.508069119379419565e-01,2.298000111496860398e-01,5.771014689165143707e-01,8.875662190583240019e-01,7.550359160985289364e-01,7.435658871540257175e-01,7.014987083871513374e-01,7.702609886371154513e-01,7.245200310630001139e-01,7.005091921700581370e-01,6.310721797698239932e-01,7.669794958928375372e-01,7.622694923680986001e-01,8.704516226447484017e-01,7.706830461422413681e-01,7.405031716257700625e-01,3.208906325571428964e-01,7.060956888485109273e-01,9.075159780674342258e-01,8.390623684798989013e-01,1.136522911658352231e-01,6.442362637775072010e-01,7.674109213211480762e-01,4.471925575353239979e-01,9.367090030861816574e-01,9.632706012804007623e-01,4.029822787859693722e-01,7.648259766450269392e-01,8.166347711397310416e-01,4.183417073409224085e-01,4.368500127358883600e-01,7.313599383987881009e-01,6.805809273616177935e-01,5.500304980095811480e-01,3.926100471792826063e-02,5.568965816136312030e-01,8.638453546412619977e-01,1.773538968976901276e-01,6.732528243895365971e-01,1.610177212324473972e-01,7.329170273237686772e-02,4.307668916598129671e-01,9.958432797752082566e-01,7.345364023928757646e-01,6.244381346746666894e-01,6.273756086272356258e-01
5.232272022169073278e-01,8.064208563647019545e-01,6.877792663766977288e-01,5.931793799497899755e-01,5.617182662391728698e-01,6.889768662239422747e-01,7.077065765605023984e-01,4.729659286815942609e-01,8.072151718645870222e-01,8.314903056164330009e-01,6.881813369966597316e-01,6.609568146447752923e-01,9.090221738791890438e-01,8.618235462746803854e-01,1.116271913731522042e-01,0.000000000000000000e+00,5.030009654031029065e-01,6.974357960278710911e-01,9.913653860689795871e-02,2.706087803884215104e-01,6.753730440971631444e-01,4.881415759708856994e-01,7.235668192236932583e-01,8.095051907824322157e-01,3.177802489897374461e-01,8.021301828204259188e-01,3.550582798715402610e-01,5.746239310560430358e-01,-2.116288553669606887e-02,4.697156096733742792e-01,6.441312454973437962e-01,5.218973705347791370e-01,7.680697732823368318e-01,6.945565465713877673e-01,1.676241769406614790e-01,3.049526503809923406e-01,4.586798132775742332e-01,4.523389910455649088e-01,7.840552880297849692e-01,4.884465209640982408e-01,2.970083342277408667e-01,1.983970497265903910e-01,4.435852251475635999e-01,2.973301436016129173e-01,8.611085951435730745e-01,4.692229563250293611e-01,4.351325745834643266e-01,8.404249614082599795e-02,6.489294444845361554e-01,6.801248629381060340e-01,5.737975623883571075e-01,4.371845501019677172e-01,5.728705397930514698e-01,8.753543468398042871e-01,5.408992106094228092e-01,6.888121217528841989e-01,7.026023042118713091e-01,5.463755693016916215e-01,5.811819042501851218e-01,2.938225270206834550e-01,7.040509613487339058e-01,2.756996889760130465e-01,8.003990553681962217e-01,4.756321705513845144e-01,8.166979215055177876e-01,5.417339672396276340e-01,4.585145819785163002e-01,7.338349802988899384e-01,2.731194006571463495e-01,6.169662642679530906e-01,4.397987255956367081e-01,-6.431761630451801603e-02,1.075049859053047591e-01,6.998418557063731393e-01,6.021811433900429167e-01,8.327898864052449834e-01,6.270132142450814960e-01,7.012485283090927890e-01,6.882518008059277381e-01,4.405636042257650431e-02,4.082948999983300742e-01,7.192303140252438443e-01,9.727934262036554980e-01,1.030301914619616843e-01,5.105752800030614047e-01
4.263279854015560311e-01,4.970479856444497968e-01,5.063195408212040061e-02,6.923651640713226474e-01,6.112093742275710451e-01,4.858409834833295471e-01,4.443248401852166185e-01,7.713586617928387401e-01,2.184515080647411733e-01,7.925290847213515288e-01,8.855567898305412022e-01,8.585700653058297993e-01,4.605263775775907398e-01,5.796386989497221975e-01,6.955393600185544312e-01,5.030009654031029065e-01,0.000000000000000000e+00,6.684801770370291107e-01,5.750084254577515486e-01,7.303921154056925991e-01,3.308719535733964379e-01,7.886138946496352720e-01,7.527534655209031644e-01,6.184718636164721062e-01,8.256078348675726097e-01,5.653068241216179235e-01,8.715180615836028988e-01,6.020127077557675399e-01,3.870629839179100529e-01,-1.805635613404236728e-01,1.609644382980047195e-01,4.622397415748485949e-01,4.420018324398664600e-01,4.582459818157707532e-01,6.185880446027005597e-01,6.771516030069835157e-01,4.708888485701659965e-01,6.511892081280790112e-01,3.761949842171589120e-01,9.260457994994429898e-01,6.540333383813988766e-01,5.286271873225074636e-01,2.602307971886582694e-01,8.800967223433264763e-01,4.747078770492499933e-01,8.910827028325478683e-01,8.728650326385820613e-01,8.248147137030332754e-01,6.004817501615656861e-01,5.093073639529310803e-01,6.320428860319896591e-01,4.048919580657071027e-01,4.254007459801659730e-01,3.145925057250157919e-01,7.226262524117399444e-01,5.863759218209336765e-01,8.458549369710967047e-01,5.670673955426817070e-01,4.624134220560861541e-01,2.880404790049598818e-01,5.661385968587313577e-01,6.990043227267102033e-01,7.034634663487634443e-01,8.670703175242312488e-01,7.402426953054053183e-01,4.908868954455664069e-01,7.032436487044132489e-01,9.514996333284895247e-01,6.324864950844800715e-01,7.334415554656157354e-01,7.708917072917632618e-01,8.571028360870817098e-01,3.337979110838918961e-01,4.252900193760612013e-01,7.408944489106296105e-01,8.790393062736874263e-01,4.831704925707280829e-01,5.750482277177936252e-01,8.373155924043240717e-02,6.808669497356144573e-01,8.170772990122330270e-01,1.502342339053122089e-01,4.037067248144953768e-01,3.550414532502014220e-01,7.660278618949907248e-01
7.432770809314471760e-01,5.262217049193254059e-01,9.301794278300885566e-01,7.951078184937780957e-01,9.787211548958868468e-01,5.264565571907022790e-01,9.326182237662409280e-01,7.725669092832097018e-01,6.982700386437755702e-01,3.756332252591159104e-01,7.493326376843287839e-01,8.201750113920612817e-01,7.656506837387220266e-01,8.943852769385625123e-01,6.636198551742237273e-01,6.974357960278710911e-01,6.684801770370291107e-01,0.000000000000000000e+00,8.254253808375660029e-01,7.553984862181952753e-01,6.314740894134883709e-01,3.334871666407547841e-01,7.927954389401076218e-01,6.821812745670907674e-01,7.563394538197276695e-01,5.919254972897005640e-01,7.199415293156253837e-01,6.589693418239247480e-01,5.825027957739381534e-01,4.756526195486315278e-01,-1.230514532795889404e-01,3.809937360486942426e-01,7.013591318354661652e-01,7.715140819533136129e-01,4.134751305409436473e-01,5.172319928155811875e-01,4.424910729412880328e-01,6.627404403732486404e-01,9.242719756566079026e-01,7.025481419838311981e-01,3.278367673803348481e-01,9.216529339126442455e-01,7.004426876662126489e-01,5.576526057311665951e-01,7.031571172038592055e-01,4.982607774593690586e-02,5.235891838661513309e-02,5.586509057454834837e-01,5.897809998641470597e-02,5.837282131035853583e-01,7.064922051402068304e-01,4.840583028552291056e-01,7.398247298359168500e-01,6.316919029433865074e-01,4.670480541040178402e-01,7.994802981553491561e-01,7.947097110973010414e-01,3.460784618817102087e-01,6.623583525757528179e-01,2.547441147378708415e-01,2.239080087830541688e-01,4.262940990428753518e-01,8.203318537832718915e-01,7.882882020324329941e-01,9.127739011333906305e-01,5.867590898136104682e-01,2.804682782032705823e-01,5.647391205284024718e-01,4.096282918856086197e-01,7.991328876493755118e-01,7.199420990547441557e-01,7.785156044256752450e-01,5.611893932144479402e-01,3.862014405051579780e-01,3.414877745307454138e-01,7.384739445044479211e-01,6.382858717476236343e-01,6.134809376406347159e-01,4.669466165304065330e-01,1.150134172351131856e-01,5.509559489311379732e-01,8.781431070878770173e-01,8.053638477621025693e-01,4.524273767654736211e-01,7.860221865400076613e-01
