0.000000000000000000e+00,6.465995711347750641e-01,6.204804476701029081e-01,7.971570231911124793e-01,9.025006805906135021e-01,3.976610873409111013e-01,8.999433924576279997e-01,4.295629378168057677e-01,8.017165520656833744e-01,6.790127837249035903e-01,6.861544918260690240e-01,8.876330034768297184e-01,6.658714858572701845e-01,8.089001780050635304e-01,7.120006458335171873e-01,7.635991561789947646e-01,7.636367664172946101e-01,8.144613655416842457e-01,8.663148781793251763e-01,5.487613629598613318e-01,7.325155047969200695e-01,9.920789940854473077e-01,2.745576437192077668e-01,7.601881865077202427e-01,5.756159169819465848e-01,6.451418134244178981e-01,9.368536029413427890e-01,7.597877869984162036e-01,2.574738788631582009e-01,2.958337464565120589e-01,3.830137693294854984e-01,7.630684145833729337e-01,6.353625097581638848e-01,4.290451465358786631e-01,7.180924259098084850e-01,7.895356739057496354e-02,5.472619058870672459e-01,9.482212712927400311e-01,5.634089789358275313e-01,9.996895082633151519e-01,-1.981301864200027130e-01,3.675582587175445920e-02,7.782641941383023898e-01,8.234431858014535921e-01,9.007372943761315920e-01,7.149698123971689467e-01,6.979785859388373259e-01,6.460314974023366741e-01,4.911188648482944785e-01,7.771176311423453331e-01,7.148160701883264911e-01,9.001409383760718974e-01,7.747986480584209135e-01,7.414080795591476702e-01,2.544018144272747750e-01,8.286837241719435809e-01,5.773075574338880633e-01,7.295040112735606819e-01,5.504214567132628133e-01,-1.256970020088158391e-01,6.466702343094916650e-01,4.984724252419154844e-01,6.757407458938459177e-01,8.319641273010535132e-01,5.770678956517000247e-01,6.120870422046066350e-01,6.264463575721889166e-01,8.626239976028752254e-01,7.805531301513857212e-01,5.813916862397504604e-01,9.900219839290290702e-01,9.486859606223162489e-01,2.258772388492785166e-01,2.520449836943376987e-01,8.903039938758924299e-01,6.447945785942080787e-01,7.569312732869281080e-01,2.879695182402843279e-01,1.569015964302401811e-01,3.503269249907484673e-01,5.621221459982059798e-01,7.425486046226562609e-01,8.515069320457904212e-01,1.438402691764324726e-01,4.840954950995926542e-01
6.465995711347750641e-01,0.000000000000000000e+00,8.800741503411972921e-01,4.711265248564187047e-01,9.202813400853312453e-01,6.234427819449143149e-01,4.433667820968005269e-01,1.407198581154780193e-01,5.612262683477157177e-01,7.586004029098024626e-01,9.921801331021369297e-01,7.306705499290649941e-01,7.283523611432278777e-01,2.838055158866407135e-01,5.844633817836322187e-01,7.491829485580873138e-01,7.354728012316967822e-01,9.688245716383721007e-01,6.384077356972619466e-01,4.242237088665591904e-01,4.576466582250101056e-01,6.577603517901291497e-01,2.029507969621228147e-01,4.491948144005866173e-01,6.609180118175410623e-01,8.605126799938529469e-01,9.317968922321195890e-01,7.867442053899091903e-01,7.890857783964291272e-01,4.159608815598862530e-01,3.334874116936439314e-01,5.258758700036677558e-01,7.333434361184929529e-01,4.609739180584148110e-01,8.093078226356975602e-01,5.533132950860951693e-01,4.466505532803524692e-01,9.285932140789545652e-01,1.969257531087990620e-01,8.073354089648488996e-01,8.407510508409852257e-01,4.562878744908852591e-01,9.734840788611385243e-01,1.030190679467986314e-01,2.229747732916847469e-01,4.670184947447567625e-01,8.918851237242568786e-01,1.742258531024933610e-01,5.208287257431827300e-01,4.838641969426566436e-01,1.012464984283793640e-01,7.231966026199960762e-01,9.258256464160801169e-01,5.925229943805041533e-01,8.509414793778484754e-01,4.905072865511100333e-01,6.587914564180639143e-01,8.938252545336623500e-01,6.990993695146531239e-01,1.504324892321242668e-01,3.696218065475878056e-01,5.678447088530323983e-01,8.414509782548033057e-01,8.700068401854530453e-01,7.758645829214319001e-01,7.835631134845092438e-01,6.300197931590771905e-01,9.321619365870447149e-01,4.295491248967680531e-01,5.402039691786421072e-01,5.837451046664317023e-01,8.666001655672186388e-01,1.827335727458753167e-01,1.043432878729566027e-01,3.449899646101747819e-01,7.368536182840517146e-01,6.547795508017053567e-01,6.816559270741672227e-01,8.433445876721022694e-02,5.988843875454108456e-02,4.761380593690782148e-01,5.838371722456444646e-01,8.200522090453837842e-01,2.637358537127314495e-01,3.665004458882149541e-01
6.204804476701029081e-01,8.800741503411972921e-01,0.000000000000000000e+00,8.718641309775652104e-01,8.719324928482758974e-01,4.883994674948995973e-01,5.091594378593041759e-01,3.696558505560028074e-01,9.186550378232681835e-01,6.270742532615859455e-01,5.861062001125748600e-01,9.168319315934579938e-01,8.709174442883516054e-01,7.539161878908360315e-01,6.879057018673548907e-01,6.871998733096409406e-01,5.930900148333162480e-02,8.137639357892995084e-01,7.122483796800612721e-01,1.627357079871804002e-01,8.748869754247275976e-01,6.487892633086818073e-01,6.561982538194057746e-01,6.280596826635056473e-01,6.438179506286724196e-01,8.780937993050389467e-01,7.072422675347609378e-01,6.081787212906163420e-01,3.149595007849870232e-01,2.220374853736141740e-01,5.449319000530998824e-01,2.055719063800733049e-01,7.666102676317573250e-01,6.281899748045364218e-01,8.174646703856600638e-01,5.385483656855092338e-01,2.495728855452981204e-02,7.407290879798759109e-01,8.981854550017452921e-01,8.590888871601984889e-01,3.715818709087979621e-01,7.771171504232315952e-01,9.783383709632655911e-01,7.520763360884283877e-01,6.220661144583310431e-01,7.408847993850166125e-01,4.571023938057911518e-01,8.054181256933595767e-01,8.572977242945177823e-01,8.994831171431063588e-01,5.926236349764144595e-01,6.644632357852505722e-01,8.678404052181226680e-01,4.442086869411134287e-01,7.944042837858767969e-01,9.576612035517814148e-01,8.022324111968078819e-01,9.447875955106443957e-01,4.816010452136506581e-01,6.510556169667803053e-03,5.754118756797175216e-01,8.917366821698730073e-01,6.547946344096960969e-01,8.038372366243515810e-01,6.400143051117652693e-01,5.533202558002299210e-01,7.405061830664412259e-01,7.749954908676800480e-01,7.325204247503686039e-01,5.461589177398449291e-01,5.383756138431895488e-01,8.170844204050892179e-01,5.804600128033304829e-01,5.853696221436892611e-01,2.888985775533008393e-01,6.981668562774845377e-01,7.589153346408981093e-01,9.514390097687513981e-01,2.415369219247629207e-01,5.881860560423235462e-01,7.529959122654162895e-01,4.987872531186327008e-01,6.960497270242443912e-01,6.610098406757897171e-01,8.723825969245910805e-01
7.971570231911124793e-01,4.711265248564187047e-01,8.718641309775652104e-01,0.000000000000000000e+00,2.780058663225024040e-01,5.404644232655988478e-01,5.473951491788666690e-01,1.593806087180801301e-01,5.780817615897964057e-01,7.583717906512623674e-01,5.725921560269257027e-01,6.423214517018464020e-01,4.118631781294725958e-01,7.861949083609932609e-01,7.187462568930380602e-01,9.484565079079384509e-01,6.554247092087639448e-01,7.513315869089343124e-01,5.160223238789766187e-01,9.389433547188141826e-01,7.409507404488691051e-01,7.126054326247888149e-01,6.255554629095797514e-01,6.462871153883344988e-01,4.360008343227408378e-01,2.995938426300651103e-01,4.114923465908635336e-01,6.716208261114722244e-01,3.857809371398928100e-01,3.384727735458573639e-01,1.881249174524455003e-01,2.320128474412726238e-01,6.805106325492186192e-01,7.888556241292675741e-01,4.230569371221616359e-01,7.710450493844686060e-01,-2.340457524168401415e-01,2.249788787615685792e-01,3.382538226907232382e-01,6.640984597518764243e-01,4.785393566632011320e-01,2.656082801672065563e-01,4.398475694471347119e-01,2.687672356708503685e-01,2.300878280053085256e-01,8.089612654695216287e-01,2.903870160807068834e-01,8.806407120627778307e-01,5.527937042676502877e-01,5.282208124059952770e-01,7.583742913532006691e-01,4.762161483205318291e-01,6.003009954387822367e-01,7.011784571429874324e-01,9.342846667817129580e-01,9.163987198476826190e-01,5.623213895908554250e-01,3.574440688451895332e-01,6.991912710277581322e-01,6.163795064817234604e-01,6.241978888108217216e-01,8.268753289765110592e-01,7.169231662630332069e-01,7.495218820229949674e-01,6.695089588719455032e-01,2.759181762554770434e-01,7.180420954092279207e-01,7.819225511105116766e-01,4.705210583302176786e-01,8.025443958068563255e-01,7.297731638974733759e-01,4.461536056276876883e-01,2.032014131152965752e-01,7.516448935128335895e-01,6.992559718183477546e-01,6.211913115300338184e-01,7.787550825261548848e-01,6.266880299429372636e-01,7.434198576848956297e-02,4.259980733672285025e-01,6.074963074559227572e-01,6.688565652565150454e-01,6.466945259742062913e-01,6.741506075606692461e-01,7.122211852474675808e-01
9.025006805906135021e-01,9.202813400853312453e-01,8.719324928482758974e-01,2.780058663225024040e-01,0.000000000000000000e+00,7.814212231634135586e-01,2.680475558170072325e-01,6.882248103705870257e-01,3.771457824701584527e-01,5.086964096712046635e-01,7.041916933329971373e-01,9.284036289086774474e-01,7.522289046221940501e-01,9.620097714387564336e-01,2.619532561088274702e-01,4.577232911422793871e-01,1.380096413260161470e-01,3.111749873988716164e-01,1.665080351746223986e-01,7.000269373651294424e-01,9.276911320340027745e-01,2.469181651722338611e-01,2.597212894782363057e-01,9.305523844678736944e-01,3.670106717605000068e-01,7.836384862576608601e-01,6.136587675796174590e-01,4.791918897970590119e-01,2.733229931483356911e-01,-3.437376509034750782e-03,2.249921761733210124e-01,5.028564573679923377e-01,7.102782620367454891e-01,5.027144976882236271e-01,5.297955666311974232e-01,4.147773433440733459e-01,4.942684565340265124e-01,5.448445377895556607e-01,5.785374005231087580e-01,4.675969326492644962e-01,7.829216065403783453e-01,6.734197673407142926e-01,6.588168248249547387e-01,5.552889782639359728e-01,6.519461960897888764e-01,6.908555785878314204e-01,8.162676121982134214e-01,5.561186481638149548e-01,7.888276546124977084e-01,4.856942076372702255e-01,3.640438137738577495e-01,6.630404882389310250e-01,7.970225709680398563e-01,6.405913261048528096e-01,6.172728890263546875e-01,2.204254386112022845e-01,1.540105429606880572e-01,9.153359366182772794e-01,7.951586883080022927e-01,6.216896808257264123e-02,6.323435959813766827e-01,5.917817252269412798e-01,2.667343508209103486e-01,7.226198356720708871e-01,6.329467342704905297e-01,6.761642350087044839e-01,4.493373132115703328e-01,6.665060735699386285e-01,6.809056510369837500e-01,7.478182229781697998e-01,6.100304612756779488e-01,7.511983023115531566e-01,2.122327380381044681e-01,5.482194690921557978e-01,5.984523803980527079e-01,8.100804209366254671e-01,4.221562297292497656e-01,6.491233826115877514e-01,5.185097362221190442e-01,2.329313717431281960e-01,6.123557989716406080e-01,5.184358403118949354e-01,6.849920814438552608e-01,5.869268824444775490e-01,7.369310839576428407e-01
3.976610873409111013e-01,6.234427819449143149e-01,4.883994674948995973e-01,5.404644232655988478e-01,7.814212231634135586e-01,0.000000000000000000e+00,7.935502219990098194e-01,5.806600970717477050e-01,1.581278374158608946e-01,6.826982201838095454e-01,5.461040653803425071e-01,7.513162249840344975e-01,5.744917321914244646e-01,2.953256605908096688e-01,2.617419225721098197e-01,6.397490690585374562e-01,7.268254209332344340e-01,5.102298089830716865e-01,7.357904779748782875e-01,9.234718006760458398e-01,4.810603374415408640e-01,9.547053524851775164e-01,6.580022554128501788e-01,7.493700674403358519e-01,6.184578639367681596e-01,4.263493802946147770e-01,2.388066430278241170e-01,7.705570538152577420e-01,5.957178320556560935e-01,6.825069149102841459e-01,5.637950698645218806e-01,4.043833623156682933e-01,5.066360108135620210e-01,8.018122105661346088e-02,6.609495381888155219e-01,5.902356016931039617e-01,5.639557444587917079e-01,5.889272209853317896e-01,9.211537925623836109e-01,6.669811948010394564e-01,2.234698183601654120e-01,7.292701308353102263e-01,5.999852431991202772e-01,3.764603616582113954e-01,6.319731968051496285e-01,5.291495461126762834e-01,9.882449676985696208e-01,6.393570909501251620e-01,5.147471728671709768e-01,5.587598557418114176e-01,7.575220084307516810e-01,4.808205920280494983e-01,4.977092732189539737e-01,6.908761511133448829e-01,-1.392712290619902982e-01,9.281264164569607011e-01,5.009314068653277774e-01,4.938409425240345429e-01,5.409662634367431444e-01,3.907062813982923322e-01,7.715061972671942714e-01,1.124881760892473131e-01,6.828153176928076773e-01,4.594713613444434408e-01,8.993698026596687045e-01,5.806205804312749574e-01,7.614885553455583711e-01,4.144497542970768111e-01,2.120586748595924276e-01,5.780980409404202769e-01,6.817153705535075048e-01,4.856766500499037909e-01,2.995881565678100156e-01,5.098210663206039772e-01,4.829433920810359271e-01,9.889289660859974518e-01,9.905199595612095287e-01,6.737427443336565513e-01,2.492794926611606732e-01,4.511846965590415315e-01,7.298477260771889519e-01,9.515124595283322995e-01,6.205669367901475164e-01,6.993815877393448899e-01,6.744151367186520529e-01
8.999433924576279997e-01,4.433667820968005269e-01,5.091594378593041759e-01,5.473951491788666690e-01,2.680475558170072325e-01,7.935502219990098194e-01,0.000000000000000000e+00,4.544567083969129340e-01,1.589041429902940950e-01,6.061667792299753055e-01,4.142822991132613097e-01,1.127041884903249580e-01,7.454557266377215274e-01,6.463422141428519785e-01,4.219834202546507429e-01,2.561791178350230069e-01,5.306665840568638437e-01,4.487564153572570769e-01,6.434010171642777776e-01,6.290774326006769446e-01,2.860860367278162397e-01,7.216205308410955643e-01,2.300537100895211906e-01,8.150661892386427132e-01,4.708108548159833373e-01,3.523677458231956328e-01,2.618089882071120145e-01,9.411730065886085850e-01,6.638080281687666617e-02,2.068660937066031380e-01,4.118143760696808542e-01,5.431583204601080350e-01,3.014665040679765928e-01,8.839996766234083925e-01,7.106948601453662029e-01,-1.283124877813682230e-02,4.619400319800714971e-01,4.176838781995986793e-01,8.167321552603262758e-01,5.539752354575311344e-01,4.761596454679931645e-01,5.185146810916207993e-01,6.564452129222457799e-01,6.670868792894608656e-01,4.957206522049382169e-01,3.191877049122716636e-01,1.096464305092941516e-01,5.560318703900007931e-01,5.824022401114563596e-01,3.297215385312922131e-01,2.674072943760550380e-01,2.191674174031046918e-01,3.938948017663956302e-01,4.846440273270007926e-01,3.449483961413796762e-01,3.759163338668619625e-01,2.393960789238064046e-01,5.103359729872540829e-01,9.346112522055720628e-01,3.777488959452321993e-01,2.408546486846828982e-01,4.625713082575891866e-01,6.322032123865285458e-01,9.838935144519016518e-01,5.061585871490039690e-01,2.738523117817646124e-01,6.980471311509542920e-01,4.088043450047352811e-01,2.044573044191751454e-01,1.597143312046353791e-01,6.160356480449672434e-01,6.210787114893202565e-01,4.387491873348782212e-01,4.787028455534290683e-01,2.304271306943714293e-01,7.348797932367123753e-01,6.279829939102543612e-01,6.261950416172163969e-01,3.282128070545340393e-01,1.603943409923619945e-01,7.558680209071568790e-01,8.458631912081554516e-01,6.321252067436121669e-01,5.995031808211368496e-01,5.279863661575252554e-01
4.295629378168057677e-01,1.407198581154780193e-01,3.696558505560028074e-01,1.593806087180801301e-01,6.882248103705870257e-01,5.806600970717477050e-01,4.544567083969129340e-01,0.000000000000000000e+00,6.280180180871318685e-01,4.031415161159352945e-01,7.523437061233533285e-01,7.413355789669485718e-01,6.886422751620451255e-01,7.626175196662849931e-01,2.219656301512642482e-01,4.264504373435749618e-01,6.096118294756432965e-01,7.399229734033747619e-01,2.904705539024933780e-01,4.960076089568127289e-01,9.822823239002006490e-01,-2.935737617450243087e-02,7.362428920702747126e-01,7.903749107101909477e-01,7.130369986581589492e-01,4.422685159372699570e-01,6.480310195036231846e-01,7.589868797966148328e-01,4.620525439719997962e-01,2.890461266571067167e-01,3.635826237543706707e-01,4.626174452751834476e-01,4.464101847636126608e-01,6.747049964607211292e-01,2.108331081869642964e-01,3.061263224767163393e-01,5.244755918241656989e-01,3.171654143689668359e-01,6.623321341085385283e-01,7.924572987012704628e-01,3.086254648984295135e-01,5.910107014476860821e-01,5.591981536766119643e-01,4.552922644989469414e-01,8.098389776792430661e-01,6.943840270154164607e-01,8.120380111234541953e-01,7.378103623981339121e-01,4.116001753150111964e-01,6.360492983866814498e-01,6.637165618892475472e-01,7.529150093153836876e-01,7.284518686695433676e-01,6.360680681285459936e-01,9.880484622046561416e-01,5.024259210673228671e-01,2.465867977290039370e-01,6.478715055163257741e-01,6.873013174841997586e-01,7.395444197153283605e-01,7.137369936410952187e-01,4.378026901781826852e-01,5.912484566385179940e-01,7.491021858684503432e-01,6.856753820053901327e-01,5.503078045118805495e-01,3.267607427391930885e-01,9.956733808072739667e-01,5.439744053003123803e-01,3.045294561837406655e-01,7.516090882279797825e-01,1.577031028356259412e-01,1.276495190914661848e-01,6.082155823458978983e-01,4.231377450636458759e-01,7.240165439226362576e-01,9.447796686744908135e-01,5.993892216875409407e-01,2.851702106012018456e-01,4.394187212602616160e-02,2.993511875899618757e-01,7.736623343985975509e-01,5.349769162661213162e-01,4.029306848333330526e-01,4.946699961947949031e-01
8.017165520656833744e-01,5.612262683477157177e-01,9.186550378232681835e-01,5.780817615897964057e-01,3.771457824701584527e-01,1.581278374158608946e-01,1.589041429902940950e-01,6.280180180871318685e-01,0.000000000000000000e+00,6.086555556543961076e-01,5.365352515501038422e-01,7.781290028741577602e-01,8.208761946619522742e-01,7.061383899572359901e-01,4.293607430629627353e-01,7.706783047564855771e-01,7.395084940443578114e-01,5.540775179793240579e-02,4.844982823303958797e-01,6.610991599631129700e-01,5.775539127115443261e-01,5.591398871310673258e-01,4.226070344142769664e-02,7.371621383696610463e-01,6.336433710778787143e-01,8.927693945859772606e-01,7.985482961810608238e-01,6.866424544146686459e-01,3.319660369294977209e-01,5.125570902273789420e-01,4.567870748741027498e-01,6.538697714342287526e-01,6.734831637144939043e-01,6.646884506350648758e-01,3.020686058858514933e-01,4.252477061382050616e-01,2.437418287776520753e-01,6.113002866936202429e-01,9.720342039620442076e-01,7.971089165315621283e-01,1.992413889354593404e-01,3.743973405892968565e-01,8.224160347032606344e-01,6.791024132726507512e-01,6.863959634638767682e-01,4.990325627251026019e-01,3.643809883480436107e-01,6.569107941800448325e-01,6.837303436837834925e-01,2.499909660242556619e-02,-1.153076018227116584e-01,5.539157707804742703e-01,8.670450574856076731e-01,4.222868361872203491e-01,7.479031190843923316e-01,9.782464070411189816e-01,8.885428221626042733e-01,6.625484416674625177e-01,8.146534191701289007e-01,4.317242927766103411e-01,2.819105854643022546e-01,7.312146425909554770e-01,1.351303359139664761e-01,6.144881799135123446e-01,8.349309935751666467e-01,6.371393230333357582e-01,5.164106322643611247e-01,7.001242872229128666e-01,4.942833626049460971e-01,5.274212909801075932e-01,7.704876345362228207e-01,8.943370455361460136e-01,2.445161720637011316e-01,-9.367895774537723930e-02,3.795572557588475782e-01,6.481684745280458237e-01,4.009609317915494575e-01,7.556145994460512771e-02,5.391464865747941371e-01,2.744513090376241027e-01,1.125556827755570394e-01,4.119690705684408427e-01,1.751260816595714143e-01,2.836891363802953592e-01,5.065172358730032354e-01
6.790127837249035903e-01,7.586004029098024626e-01,6.270742532615859455e-01,7.583717906512623674e-01,5.086964096712046635e-01,6.826982201838095454e-01,6.061667792299753055e-01,4.031415161159352945e-01,6.086555556543961076e-01,0.000000000000000000e+00,6.887836444262349644e-01,6.078560272493671590e-01,9.213672410965844106e-01,8.498735708071867290e-01,6.263205197258812085e-01,4.652189295195780505e-01,7.107555007488212118e-01,6.642953496981367500e-01,8.046482428934178532e-01,1.495886456390857766e-01,3.752352216459785561e-01,8.752053810144595491e-01,5.338388563744796977e-01,8.955058001080841157e-01,2.611078126995428628e-01,7.504020875308259342e-01,5.592179446141785082e-01,9.554350113834961800e-01,6.843747485596435309e-01,3.687439584387979252e-01,3.982051329374938220e-01,2.148813305423118991e-01,4.326027459526499142e-01,4.690930594336387149e-01,6.497815946244541729e-01,7.831278492086304333e-01,5.523363831494942922e-01,3.508697398751094987e-01,3.424527072729725008e-01,7.433755477672659984e-01,4.823977313960636226e-01,7.786906895320131472e-01,8.583553681143130110e-01,8.067961841779848209e-01,9.799358164337351740e-01,8.126763100876559509e-01,6.458208875923798775e-01,6.008837978175994854e-01,1.886490988884929887e-01,3.818616803838424945e-01,3.973442701280991418e-01,5.310584456188285341e-01,6.514639686635519400e-01,6.334353522012432514e-01,6.893911300328412484e-01,4.273936558727292612e-01,8.263052808259103710e-01,5.587924096685776831e-01,2.438890074560387533e-01,2.873620255818656322e-01,3.832064773537108282e-01,6.132414255250849822e-01,9.106873731404239170e-01,6.117410803444778278e-01,9.260361586152605629e-01,9.405817490077394982e-01,2.724049292043980719e-01,6.717377781237852119e-01,6.388607980945328890e-01,8.254788244894509797e-01,4.501767679470078387e-01,4.764126260967028736e-01,2.366485086479483968e-01,3.138596909218316910e-01,3.621191509269100495e-01,8.047893628339527483e-01,9.098796304508779409e-01,6.840242993490901480e-01,5.257392450806002149e-01,2.327173896766936145e-01,4.307388663689771247e-01,5.364913491483768171e-01,4.672921062211501941e-02,7.178087276580799037e-01,2.153903023937762673e-01
6.861544918260690240e-01,9.921801331021369297e-01,5.861062001125748600e-01,5.725921560269257027e-01,7.041916933329971373e-01,5.461040653803425071e-01,4.142822991132613097e-01,7.523437061233533285e-01,5.365352515501038422e-01,6.887836444262349644e-01,0.000000000000000000e+00,8.207269799894427731e-01,7.478722282543798228e-01,4.353272504500353413e-01,6.852147512477563263e-01,6.249859768237127078e-01,8.566830578836389654e-01,4.351745250574035051e-01,8.102373699881718627e-01,5.115643998333788689e-01,8.553334757766986041e-01,5.665561191111732203e-02,8.803874437275042153e-01,4.283621880608834420e-01,3.304598277721748634e-01,7.069702903431001051e-01,9.015486879489877925e-01,2.546302457549252662e-01,5.452027200173639176e-01,2.455267719976930441e-01,5.138116650460633483e-01,5.195897375940128349e-01,6.735115609517440260e-01,7.242828914329324519e-01,4.627155615429775493e-01,1.560958924244269796e-01,2.006654591601071957e-01,5.983351328241237610e-01,3.352172051885802251e-01,6.998833926735387179e-01,5.012266748212319545e-01,7.966910545746183070e-01,3.435400253929843384e-01,1.797252824383067937e-01,3.827953428177319761e-01,6.373354346674970916e-01,6.290815707944075186e-01,9.075262479486841949e-01,-1.242000567366318697e-01,6.355429650462702806e-01,2.910296643641550607e-01,7.372961628162350012e-01,1.965430974711042944e-01,1.887520108779689176e-01,5.951531501351756681e-01,9.195152403013968634e-01,6.563445323404397680e-01,1.373104961067620478e-01,4.344152448269506528e-01,8.877909354239307271e-01,5.077382915951619280e-01,2.530418410663382578e-01,2.191939960817306243e-01,7.996271506830925357e-01,7.273024677011459271e-01,2.347051445568741346e-01,7.538689492144976523e-01,4.085951375727350787e-01,3.562852736755028893e-01,6.712330498372464094e-01,7.107922405152381495e-01,1.144892592777429219e-01,5.296231288675271598e-01,6.565432608202286247e-01,6.465005666689572772e-01,9.406815099416067083e-01,8.686585292622636123e-01,6.082633075160180924e-01,2.824647119425421349e-01,4.316562861898400882e-01,6.483294293240563499e-01,9.689700469002913152e-01,7.627115305260461220e-01,4.025187942807906816e-01,5.855272309070265191e-01
8.876330034768297184e-01,7.306705499290649941e-01,9.168319315934579938e-01,6.423214517018464020e-01,9.284036289086774474e-01,7.513162249840344975e-01,1.127041884903249580e-01,7.413355789669485718e-01,7.781290028741577602e-01,6.078560272493671590e-01,8.207269799894427731e-01,0.000000000000000000e+00,4.969544640783271627e-01,8.700202077407638290e-01,6.288916873952898889e-01,6.336245674286551388e-01,7.228244057464568995e-01,7.973126656733304785e-01,9.062532076600925413e-01,9.125103587273540873e-01,6.836980720136247580e-01,1.901852662158036167e-01,7.199821364943668200e-01,4.176073157975515593e-01,3.063679924470443794e-01,6.154586335383777085e-01,4.370986350938331211e-01,4.625278923520470542e-01,2.860705774873237989e-02,4.542933592591266723e-01,6.052932143317947267e-01,3.908100200906023947e-01,6.987667493693591192e-01,6.596824764639640515e-01,2.999629938529296824e-01,4.477789905538480109e-01,-1.812705511847496620e-01,5.165911909266346358e-01,7.329124241578011123e-01,8.503128642603827725e-01,3.358507426348747993e-01,5.878429410653820408e-01,6.511644409845076531e-01,4.217291064489394614e-01,9.601565441364104947e-01,6.231214530885806901e-01,9.917366946218519885e-01,7.005591816959495510e-01,2.109574359715211123e-01,6.815779605666315577e-01,5.067369583626963880e-01,9.609875249879069603e-01,3.317325326763167492e-01,7.142418965238572781e-01,5.966835118930908788e-01,8.934414432748888357e-01,7.820915083846752269e-01,3.431163061548581084e-02,5.177079858098646570e-01,4.905840687118001586e-01,5.467159801854707402e-01,5.292737735487633710e-01,5.520166175346959969e-01,4.448121956893881790e-01,6.101456326820189346e-01,4.892576192720455852e-01,7.811292137942309477e-01,8.552090570952888271e-01,2.627445985437799614e-01,4.889285268133503060e-01,9.656182709473135617e-01,8.527763934924846856e-01,3.665930917432227432e-01,3.437621318339061371e-01,2.689094209584197426e-01,8.208338259748827470e-01,4.035137464287354980e-01,1.701312094185474244e-01,6.285556861001372342e-01,7.292988102230557601e-02,6.976300623768696418e-01,8.791794367723245740e-01,8.724949527263825555e-01,4.658606253240356043e-01,5.283509121768005246e-01
6.658714858572701845e-01,7.283523611432278777e-01,8.709174442883516054e-01,4.118631781294725958e-01,7.522289046221940501e-01,5.744917321914244646e-01,7.454557266377215274e-01,6.886422751620451255e-01,8.208761946619522742e-01,9.213672410965844106e-01,7.478722282543798228e-01,4.969544640783271627e-01,0.000000000000000000e+00,9.417598097621432407e-01,9.178341274415976470e-01,3.901538508082986190e-01,7.179682869956823810e-01,6.312556080442256468e-01,2.362845619775582051e-01,3.473832726688448336e-01,4.802513107046235130e-01,7.260846880787434898e-01,5.335469766001583736e-01,8.614513436744509756e-01,6.707373344115741265e-01,9.908891718079705369e-01,6.319000008683574032e-01,9.457982787470912145e-01,2.651791075180161550e-01,4.907460756817517700e-01,4.352934164425438790e-01,5.306048193136041480e-01,6.329219239717631673e-01,5.937657277178313153e-01,9.788877159251169191e-01,1.542991975610947253e-01,3.139322625399806888e-01,5.823254849371231057e-01,7.340068138666855369e-01,3.389871874647489847e-01,4.528469401583539167e-01,7.454065535777623097e-01,8.992041851752257120e-01,9.406310655973550983e-01,5.835713049585983248e-01,2.562632603964687950e-01,5.981999579923186205e-01,6.871329150334760660e-01,7.780120439505332497e-01,5.141847040477233177e-01,5.640454565274710674e-01,9.186898073519467189e-02,3.157402454062940844e-01,8.648218169532260191e-01,8.641553539895759917e-01,3.763897616343350183e-01,6.581682854574795183e-01,6.695101751417495972e-01,7.819873506194419122e-01,3.658622736941905540e-01,6.838810006967165345e-01,6.951686356775185205e-01,7.644928070392571495e-01,4.178068904344278689e-01,7.286469547557166138e-01,5.923813864339548818e-01,8.067680389003296648e-01,5.947028445260296170e-01,5.987106973551051814e-01,7.736134674393067012e-01,7.085992668643725789e-01,9.103451421436290492e-01,3.775903256526936813e-01,1.268942005426203501e-01,5.634520206731709058e-01,9.559839821322015929e-01,5.561154374285930402e-01,9.587741610415443372e-01,3.985583381914630241e-01,1.218455600515284537e-01,7.396493714294318789e-01,7.640645017621220392e-01,4.770740567167904844e-01,6.930434118057233750e-01,8.447439650997575766e-01
8.089001780050635304e-01,2.838055158866407135e-01,7.539161878908360315e-01,7.861949083609932609e-01,9.620097714387564336e-01,2.953256605908096688e-01,6.463422141428519785e-01,7.626175196662849931e-01,7.061383899572359901e-01,8.498735708071867290e-01,4.353272504500353413e-01,8.700202077407638290e-01,9.417598097621432407e-01,0.000000000000000000e+00,3.983133007583928298e-01,6.897787867296196751e-01,8.302583535509256984e-01,7.083647332619393833e-01,9.201379957332835868e-01,9.294783308346572515e-01,8.204170680956935913e-01,8.046134251633628720e-01,9.591287375697781226e-01,9.483402995951150105e-01,2.376708282873538358e-01,7.694161422435392694e-01,4.045004688541795623e-01,6.014197571031079104e-01,4.819532962436615664e-01,-1.431334183843162577e-01,3.718837330978225220e-01,1.789591839362757730e-01,6.277549115970459948e-01,7.536778188361585862e-01,7.335376626611104234e-01,3.121678787805528751e-02,2.763930276566936572e-01,2.694773293155703353e-01,4.769923710991622601e-01,4.541349873924018787e-01,2.642187738645773720e-01,7.447339809499681218e-01,6.791243175982277780e-01,5.917100146543431416e-01,8.768344256630965505e-01,4.443125558665125263e-01,6.964682178100563004e-01,7.332555810445121613e-01,5.810223028201106921e-01,8.471887663556743053e-01,5.696202152820363240e-01,6.758141021260649639e-01,5.918866357740858453e-01,6.871703725940049301e-01,8.491012449061013934e-01,4.713230693545024108e-01,7.799911495145177565e-01,4.876335044901793370e-01,7.778231370440713555e-01,3.400126876884974059e-01,3.350491971679494529e-01,2.832648523010382613e-01,5.563369199424648137e-01,4.684512380214870264e-01,6.043698387881775158e-01,8.507977486947322365e-01,9.099388617090262699e-01,9.355946375179631236e-01,7.882252886182563589e-01,6.664972135344204851e-01,9.300972498568035318e-01,1.657069797585649928e-01,4.855141632305555177e-01,3.127128975545921952e-01,3.120277923485025307e-01,7.939007176743715366e-01,7.173886148083835623e-01,4.113999495856642818e-01,5.463104638724484152e-01,3.057370941078459969e-01,5.233115412388555931e-01,7.697400625866345214e-01,3.384025770372539599e-01,7.628380524251516803e-01,7.572746681269933999e-01
7.120006458335171873e-01,5.844633817836322187e-01,6.879057018673548907e-01,7.187462568930380602e-01,2.619532561088274702e-01,2.617419225721098197e-01,4.219834202546507429e-01,2.219656301512642482e-01,4.293607430629627353e-01,6.263205197258812085e-01,6.852147512477563263e-01,6.288916873952898889e-01,9.178341274415976470e-01,3.983133007583928298e-01,0.000000000000000000e+00,5.797990334521656575e-01,5.436552556955291937e-01,4.634590472521041837e-01,2.611362779959843783e-01,7.347063221075352812e-01,7.246124863507434899e-01,6.614343962397314369e-01,7.700265120230986859e-01,8.747721634939404911e-01,2.461131461009526400e-01,5.309294288635107995e-01,7.167753807278908207e-01,6.955578243168589747e-01,2.279018487013503569e-01,4.797194165120721721e-01,5.133189938565499433e-02,6.584786110069796861e-01,5.342430852838290223e-01,5.722625026761518630e-01,7.909965251688311216e-01,4.014463943066736706e-01,1.545390346217978550e-01,4.710655422459953945e-01,8.306155102709750215e-01,6.815058383717904622e-01,1.795262228346276301e-01,6.916399332049543158e-01,6.737373873705151395e-01,5.793767100808741022e-01,9.812065411621263555e-01,6.506608870736523276e-01,4.090748821624586862e-01,6.831781992922312252e-01,4.067963236072996702e-01,4.738956287857696292e-01,5.131471477343098053e-01,6.241867215716541129e-01,6.333965790511002503e-01,6.923237830925218494e-01,2.227305760938273482e-01,4.115628056058361905e-01,6.463640489751649731e-01,7.701925506532483201e-01,5.488993328975706465e-01,2.321574054373692353e-01,4.974086429128506404e-01,6.782614859534186191e-01,4.943732001905382090e-01,9.669549833846718956e-01,7.793295034147629252e-01,6.383246511734768092e-01,7.287930287568562537e-01,8.977420359706859143e-01,4.101962503138186777e-01,7.302708983387367070e-01,9.317063844926282146e-01,4.305848638380839755e-01,4.092560705817367972e-01,6.537122667040963231e-01,5.826555153636023832e-01,6.336178765838160754e-01,6.869342868441019601e-01,8.812469265342032232e-02,3.896063080809549772e-01,4.004266800143839178e-01,5.311025166301239775e-01,3.306943949982789066e-01,7.172282578241158113e-01,7.119260337406786432e-01,4.261778278332463699e-01
7.635991561789947646e-01,7.491829485580873138e-01,6.871998733096409406e-01,9.484565079079384509e-01,4.577232911422793871e-01,6.397490690585374562e-01,2.561791178350230069e-01,4.264504373435749618e-01,7.706783047564855771e-01,4.652189295195780505e-01,6.249859768237127078e-01,6.336245674286551388e-01,3.901538508082986190e-01,6.897787867296196751e-01,5.797990334521656575e-01,0.000000000000000000e+00,9.660855226631306358e-01,9.298473317839899277e-01,1.947148773585796189e-01,7.801653346720082149e-01,9.878915752176216092e-01,7.727865446030930396e-01,9.758968699605653496e-01,4.275431710296511145e-01,4.775925855201748615e-01,4.754029500721169699e-01,6.298327316717055036e-01,7.465177568817561449e-01,4.200358981992633467e-01,9.461079878544464972e-02,2.949189811300739206e-01,3.257920740834089335e-01,2.063568334989382136e-01,3.416326914972575013e-01,7.530627400854414955e-01,2.802312635550706643e-01,5.143692477423456033e-02,1.481261674144884743e-01,6.775677700125264380e-01,7.711527197538232681e-01,3.515987864599486867e-01,5.817998428655899446e-01,9.341703726498822302e-01,8.507468317069686314e-01,5.669321929500487078e-01,7.905523655235324743e-01,6.623056973417135174e-01,4.448991995722332282e-01,3.376231426939180214e-01,8.935478201396810372e-01,4.274878904140354541e-01,4.056703306576799062e-02,7.454090909822860267e-01,2.716836150361645608e-01,7.547086418336442781e-01,3.674863469055897336e-01,4.410999598648849829e-01,5.569177817004276054e-01,5.776457330078109687e-01,3.437502248244719283e-01,4.280943278184753953e-01,4.795310018224405724e-01,-2.982987141552686516e-01,8.247348889937085037e-01,5.013852680205224122e-01,9.337273498461997612e-01,9.011269921028005614e-01,6.409705175132873745e-01,3.620121695241783621e-01,6.085325189285170078e-01,8.228084869452946259e-01,4.637037476349401555e-01,5.003456294253734449e-02,4.594536496211197307e-01,3.357240464462634688e-01,5.600676212962223399e-01,6.843640655314344734e-01,5.745803664372316488e-01,1.425194907525707266e-01,7.949233630382374072e-02,5.154519566996602631e-01,8.710301391354191569e-01,3.092627674320904130e-01,4.580023110740112369e-01,5.215405968716516627e-01
7.636367664172946101e-01,7.354728012316967822e-01,5.930900148333162480e-02,6.554247092087639448e-01,1.380096413260161470e-01,7.268254209332344340e-01,5.306665840568638437e-01,6.096118294756432965e-01,7.395084940443578114e-01,7.107555007488212118e-01,8.566830578836389654e-01,7.228244057464568995e-01,7.179682869956823810e-01,8.302583535509256984e-01,5.436552556955291937e-01,9.660855226631306358e-01,0.000000000000000000e+00,8.773969701717347913e-01,4.497370020251487133e-01,5.370308112604571527e-01,6.985900423881559185e-01,4.739783292601197351e-01,8.873192687942077495e-01,6.539374990138155930e-01,4.837766448606681258e-01,9.262814093289775119e-01,6.610660976358102570e-01,9.263529288594689604e-01,3.162066983736774861e-01,2.330084486826121959e-01,4.772393014062947803e-01,8.529175381400342371e-01,9.120611672258882585e-01,8.882433555450097717e-01,3.324735311770147250e-01,7.375724957947467075e-01,-9.610198951833638648e-02,8.293894699725988806e-01,8.125430046856003674e-01,5.391034636622500376e-01,4.662732699696326977e-01,2.378702123343439667e-01,5.004802398032792699e-01,4.614023895980230439e-01,8.603631297143622403e-01,6.480903071778496560e-01,5.880487603495248017e-01,6.403624032410309974e-01,5.618182955320452088e-01,5.229137333607252192e-01,6.999859330390780787e-01,9.314246273490316419e-01,4.511864096822232884e-01,5.961094077359034848e-01,8.293923125446518441e-01,8.062475430793344389e-01,9.822666829506804254e-01,8.158949489007856215e-01,5.231499820788002575e-01,6.240481191456731525e-01,3.748485621093686770e-01,9.552012546595876064e-01,4.659080902376024347e-01,7.399307765450465757e-01,9.568026367282007616e-01,9.282587901821994780e-01,6.909881469215953809e-01,8.362360529766033057e-01,5.355741813065328927e-01,4.404748398331598813e-01,7.801403328588467634e-01,6.874105802195411563e-01,6.932899451414616943e-01,1.679074348810064565e-01,8.644825260967249347e-01,8.855941232587213330e-01,2.586152237549659838e-01,7.023376654738451297e-01,5.026265591504198715e-01,1.204479844480072503e-01,6.148505738371728979e-01,8.890108465175237118e-01,8.691459379816173225e-01,-3.196876020113981198e-03,6.455295279879189607e-01
8.144613655416842457e-01,9.688245716383721007e-01,8.137639357892995084e-01,7.513315869089343124e-01,3.111749873988716164e-01,5.102298089830716865e-01,4.487564153572570769e-01,7.399229734033747619e-01,5.540775179793240579e-02,6.642953496981367500e-01,4.351745250574035051e-01,7.973126656733304785e-01,6.312556080442256468e-01,7.083647332619393833e-01,4.634590472521041837e-01,9.298473317839899277e-01,8.773969701717347913e-01,0.000000000000000000e+00,4.491295599106668868e-01,6.060539476397801550e-01,7.973975383021050245e-01,5.215252110583978862e-01,3.543455411286788870e-02,8.415180648846010136e-01,4.257550234200129791e-01,6.602167677152674941e-01,4.368768566058779945e-01,8.770108561797601565e-01,4.211590433202183625e-01,6.878868616847670925e-01,2.963825487536014824e-01,4.970935316056461772e-01,3.093590312029806388e-01,6.021500246372248899e-01,2.498179701382292062e-01,3.784690254774567553e-01,2.250575068831123793e-01,6.888769231571600926e-01,7.946672213040683053e-01,5.320953974497721894e-01,2.102757658744133784e-01,2.494051278619173195e-01,6.089879492426969465e-01,8.473932249667717187e-01,9.159031505011602237e-01,8.410889448690950232e-01,7.585575210785853173e-01,4.494736659185067373e-01,3.706660327522501852e-01,4.728855089164943348e-01,4.507083387097604033e-01,6.726889053746271108e-01,5.441633063017966565e-01,7.914166529119089910e-01,4.264345415488012825e-01,7.954218015455051249e-01,7.803102016549834374e-01,8.404502327309051335e-01,2.746680318638077822e-01,1.277362552130673901e-01,3.274426576147049239e-01,5.528670044196730693e-01,3.283263925520749638e-01,8.130586302994143866e-01,6.436370829308777353e-01,5.230781819120149390e-01,5.825488746416832564e-01,7.299162746600580676e-02,6.901115497574090984e-02,7.773604274028229622e-01,7.017075227128966031e-01,5.541743109159785741e-01,3.217692372143564628e-01,6.313243213183111768e-01,3.725879079877865707e-01,9.436109396889427736e-02,2.699123178497014885e-01,2.279012092834518388e-01,3.208532474616268559e-01,5.705726354006566137e-01,3.024273735517130079e-01,2.316313290159748572e-01,4.293854807588533551e-01,1.145540945737062444e-01,2.596608626795794961e-01
