0.000000000000000000e+00,1.662801825442183079e-01,6.861431305436526129e-01,6.950890315259635743e-01,2.540484086041744916e-01,4.184536238904011940e-01,5.009923292805860129e-01,5.149875745431797824e-01,5.559050684818107602e-01,2.979690530710872309e-01,6.890374183159524435e-01,5.961975035969168113e-01,8.035170828952898914e-01,6.681398012854355972e-01,7.802069090895903392e-01,9.113499041944788104e-01,8.401972692428172351e-01,8.897815752213873441e-01,6.227772748389012181e-01,7.502226095059066902e-01,9.490019764823700577e-01,9.193192162507155540e-01,6.919734711155055562e-01,9.079848328707205152e-01,8.545591457438062033e-01,6.459197400432155067e-01,5.643901129544192097e-01,6.761575577225631406e-01,3.936501224050925618e-01,1.836864134358073830e-01,4.984156902609279682e-01,7.300687151711288125e-01,8.856570263941523358e-01,6.232490754710150460e-01,5.255713495643672406e-01,3.014316940198674133e-01,5.487580387231899559e-01,8.605733064536139620e-01,5.026796425708641713e-01,7.670146023426865911e-01,4.298864346047431839e-01,6.219090829993280112e-01,6.029680437987464670e-01,4.988115403126227587e-01,6.285723270940343221e-01,9.282606892041850299e-01,9.735320090465785503e-01,4.341027620565941492e-01,9.119350217495385547e-01,8.309143115706930649e-01,8.235245641442928699e-01,3.462609610285077300e-01,8.412444578718137889e-01,2.520516506395517609e-01,6.018516430809043305e-01,6.715507035489274301e-01,8.224059117204979286e-01,5.080256652374574022e-01,8.211660845379629148e-01,3.203493693853146640e-01,2.457303215968509313e-02,6.740857503607476930e-01,5.870885081436569841e-01,9.349479214801653670e-01,7.664008675470131982e-01,6.668288782519057323e-01,6.163531965704328597e-01,8.352131968039570031e-01,4.082828089848836717e-01,8.868933774788938518e-01,4.767044404215403097e-01,4.622324623247897613e-01,4.763283043106518178e-01,2.016340209131189387e-01,6.310816528929700242e-01,6.454180850755901755e-01,4.017133110781236915e-01,4.422328865264651410e-01,7.817368586239881179e-02,2.111734634923325415e-01,7.744982739696919527e-01,4.346185675763011846e-01,4.173540446134365589e-01,1.005696769667665524e-01,6.631689590617484420e-01
1.662801825442183079e-01,0.000000000000000000e+00,7.420267991657182316e-01,4.936495127614393130e-01,5.824316021903481744e-01,6.284742210550627872e-01,5.786850518897381779e-01,6.725468379974186561e-01,6.173399800609470356e-01,7.236948126366489209e-01,6.406950006022001931e-01,4.578359758057510276e-01,5.750476710256304802e-01,5.516312445025729483e-01,6.082330047137534113e-01,7.193311079526077956e-01,6.600511468561092165e-01,6.790119267727550145e-01,7.779450658320397061e-01,4.969240136776623684e-01,9.945815103809370061e-01,3.499902144625111067e-01,4.049769093839847844e-01,9.703842524947239312e-01,2.432495286262652268e-01,9.170424394257108425e-01,5.224479366406931113e-01,5.183628230388437341e-01,5.180605835636891143e-01,2.786257902499200134e-01,5.862829833822280623e-01,5.734345960338983472e-01,-1.440417129925822270e-01,5.744708559881619436e-01,7.236863676305875792e-01,4.743306438009663450e-01,5.063679591647484157e-01,6.001062565766298595e-01,6.743397168170781608e-01,7.309541231685915408e-01,6.530514629900768808e-01,7.805398943650843080e-01,4.481653220281183736e-01,7.086873702201648140e-01,8.175693349790807973e-01,5.941370362732963928e-01,1.079936726404021052e-01,7.269330155998903198e-01,7.769934885578462236e-01,4.813240573699733571e-01,6.162440747083666182e-01,4.135404790856865853e-01,8.261487732027581465e-01,2.088501347086342552e-01,5.785390893214876762e-01,4.346649942228739683e-01,5.080687287650614836e-01,8.209385252736920435e-01,7.873717369909101205e-01,3.840414757410612889e-01,5.998921578700613377e-01,4.923039577178924819e-01,7.019619336068108062e-01,6.000315226309136385e-01,7.979970147091077770e-01,8.018788913098578996e-01,6.252600435314966676e-01,4.280110087339432101e-01,7.348592751416676006e-01,6.235693315970070039e-01,3.667315076435349042e-01,4.753635922197433361e-01,3.140427874219728910e-01,7.367119955732019942e-01,4.844006528714694948e-02,7.851998428535181818e-01,4.767550017930480832e-01,-1.348783444014730604e-01,6.797422094902274559e-01,4.231117835558710905e-01,4.877560372846635461e-01,6.337012564307077378e-01,6.997187694526793011e-01,5.823654740050212553e-01,6.100393547169898900e-01
6.861431305436526129e-01,7.420267991657182316e-01,0.000000000000000000e+00,7.183246958540295823e-01,5.557066793785794268e-01,8.949935101639433510e-01,5.019578863240392597e-01,5.548755108065641650e-01,7.577288067840702857e-01,4.334033558819383458e-01,5.023701494782164545e-01,8.932123063262406015e-01,6.372111611769477602e-01,5.215354766022163302e-01,4.036491946078497040e-01,9.307713464944135096e-01,8.610055840990871179e-01,9.452500477492117303e-01,8.493074651220091642e-01,4.477602724290969394e-01,6.010757809597266910e-01,8.599278823567574337e-01,6.045455233259331429e-01,7.805558798927427766e-01,9.321900075281285281e-01,8.519000629679499559e-01,6.477711934194265719e-01,5.504916239140997813e-01,2.032557863955799515e-01,3.829184163846507394e-01,4.744436118180994089e-01,9.177457966049924476e-01,1.034250110705484671e-01,8.309769235709675295e-01,9.466752205424460165e-01,3.535159111646424268e-01,7.474680100320869880e-02,7.071767625530823720e-01,6.562525283460307612e-01,7.334526803106148352e-01,6.466248054981662552e-01,9.172975491953635485e-01,9.983789107643390448e-01,8.894116696512909259e-01,6.733240947901534268e-01,7.953547386858208501e-01,9.652426048371116618e-01,3.151180643696649963e-01,9.853932517117540701e-01,8.498425805151645918e-01,8.443744881034180860e-01,5.390207966692330821e-01,9.722141276234426144e-01,8.818661382153524242e-01,5.623848193807673423e-01,8.253492455431058472e-01,6.180201695288540797e-01,7.830360975468045881e-01,2.691504682890831779e-01,3.282739796963858314e-01,6.782763901775634707e-01,9.631046418215085669e-01,4.409413220525693067e-01,2.522752253016772861e-01,9.683946246059148555e-01,8.097514975115326363e-01,7.234277091578282803e-01,3.360538119975645666e-01,6.014888856245725890e-01,7.895179386211358397e-01,8.223871899071576452e-01,9.653182376822434518e-01,6.941755862760481399e-01,2.941300936478219996e-01,7.248310307822496412e-01,8.027100786354089967e-01,4.710026228694972339e-01,4.553551957352541812e-01,4.086291806699914320e-01,1.302701170887514415e-01,4.832303583067197317e-01,9.721861508330907897e-01,9.331270120653768485e-01,8.723655961362182243e-01,9.273953683604410081e-01
6.950890315259635743e-01,4.936495127614393130e-01,7.183246958540295823e-01,0.000000000000000000e+00,8.494706982213597879e-01,6.291358870623445787e-01,6.974960854551407463e-01,5.787418394910270880e-01,4.181354063582094494e-01,2.302575193967883460e-01,5.167845812149475249e-01,9.426323411428075838e-01,9.505431696967896471e-01,4.435364771933833494e-01,5.629131045173740855e-01,8.361398323518844933e-01,8.417750508812100740e-01,3.013254546648285737e-01,7.270626330456555486e-01,6.960677527741565562e-01,8.896314448999288471e-01,5.316983872118216103e-01,9.214251934594976934e-01,8.251609991560435731e-01,5.760271811597739156e-01,7.036855661470385881e-01,3.038381758288058454e-01,9.350023249472826370e-01,-1.431270528106283746e-01,1.503854027139503446e-01,5.774817837754698813e-01,-1.444896906301632034e-02,6.195767569240178130e-01,2.095043607056490953e-01,5.606947448202745932e-01,4.444941377237871527e-01,2.683810114990685669e-01,1.453815502154762879e-02,6.348974534555047455e-01,9.952459890240799023e-01,-1.777287826989471797e-01,3.498376964811353851e-01,5.201019573173764066e-01,9.663501485032905958e-01,8.982655646294049889e-01,6.054259229289397082e-01,7.778925438923732782e-01,5.999457330329290849e-01,4.144538948372418763e-01,6.206115930811674231e-01,3.228585067800060666e-03,6.670671542735941983e-01,4.408229272758720230e-01,8.138235582294769399e-01,1.903159154418086751e-01,4.986635945653893343e-01,6.371349237234946727e-01,9.115005596711768243e-01,7.690469274236075847e-01,1.333346555361876289e-02,4.169291684821810895e-01,7.465180190241273994e-01,9.097333063696261268e-01,4.278162509496853949e-01,8.724552419749174170e-01,7.426219190825052996e-01,6.679780861477300213e-01,7.399730293250015301e-01,3.307422469392625741e-01,5.722756973679996584e-01,5.040137022122533894e-01,7.224855035650131763e-01,3.807817767860928182e-01,1.722497835445532255e-01,4.177236373945109604e-01,5.592668456161596913e-01,2.542798146981328777e-01,2.210091957012430552e-01,3.008123211934821128e-01,2.407097027350737495e-01,5.540675664606977691e-01,7.973000106275083265e-01,7.065282500950164080e-01,3.219005339024255119e-01,7.357277724086956905e-01
2.540484086041744916e-01,5.824316021903481744e-01,5.557066793785794268e-01,8.494706982213597879e-01,0.000000000000000000e+00,6.691173668062369018e-01,6.587918790246076739e-01,4.416095936920284015e-01,5.655006948049731141e-01,3.504551409749686597e-01,6.890800243026774519e-01,5.025665573232622751e-01,6.991887963792828842e-01,9.542914116872633912e-01,6.516866822248879032e-01,1.701785258910524512e-01,3.421569335012450974e-01,8.207413201492129717e-01,7.267442729375246380e-01,6.297365555558742667e-01,6.314923090167482433e-01,3.645246133147300172e-01,7.338621200886860096e-01,6.664976708786241044e-01,5.242449337253372033e-01,7.752954587489961913e-01,7.923189941713122408e-01,3.380261437816941550e-01,5.738896068235690429e-01,3.552656710170482013e-01,4.382845062957385629e-01,6.957818690434542930e-01,6.528373065480126414e-01,7.731787314950564483e-01,3.887129909284866569e-01,3.154750383571340855e-01,-1.627034138519161677e-01,6.337853106445245910e-01,7.398295564441634831e-01,5.654838595260405221e-01,4.290142443979029219e-01,6.082613172672185486e-01,4.665147469519328460e-01,7.420062329899618225e-01,8.051764553901132881e-01,9.435816664254415009e-01,2.924203439686172135e-01,5.950253430174113900e-01,2.798451133446882566e-01,6.760438299087698777e-01,6.406924493829490030e-01,8.024745468520143588e-01,3.059991403683837152e-01,2.751368781512751882e-01,8.526692278815137804e-01,4.124831165978841696e-01,8.509138058486174216e-01,5.681199026236769534e-01,2.951250788834655081e-01,1.320004927211899763e-02,4.155943919134537645e-01,6.219171441199580208e-01,8.071268517938938736e-01,3.647186617994064850e-01,6.618777976418973585e-01,3.923069528547218354e-01,4.326419096948647125e-01,6.120376791294819263e-01,6.876275722607368968e-01,6.161512587018759257e-01,7.250025578466003928e-01,1.762013551471459938e-01,2.167343106885971926e-01,7.776340092611107313e-02,3.899719765594199528e-01,8.204499344005675709e-01,8.875425842853172931e-01,5.451808723863662554e-01,2.288695242988676992e-01,-1.521433724818757327e-01,4.504108353562316092e-01,5.150418450375625623e-01,2.441971851895366474e-01,2.626791442877597360e-01,8.260544253055616126e-01
4.184536238904011940e-01,6.284742210550627872e-01,8.949935101639433510e-01,6.291358870623445787e-01,6.691173668062369018e-01,0.000000000000000000e+00,4.988655651768588717e-01,4.284696787355505299e-01,4.103515935565376638e-01,7.609357682840434123e-01,9.362904319138898313e-01,4.084092337725175881e-01,5.765490251598490712e-01,6.545452484817171346e-01,6.722497776190526908e-01,7.526205700576775737e-01,2.310418999879242374e-01,4.233112052416309612e-01,5.377214988481693325e-01,4.042197231020262516e-01,5.712149184986564654e-01,3.608829068682418151e-01,7.682861966779356289e-01,6.715880492286842030e-01,6.753238929240028554e-01,6.340303330833280127e-01,5.266173040055184273e-01,2.173167958247896603e-01,5.887519211328220425e-01,4.369268847693860147e-01,2.766685913946705377e-01,4.989391352293363058e-01,6.010590602393264259e-01,9.824677734855753464e-01,6.987127191421961259e-01,4.966857825240725277e-01,4.578212523206809936e-01,3.341730774566457063e-01,4.745738748058810907e-01,4.658734834016159954e-01,2.063285630846140584e-01,4.630531481674780570e-01,7.830215625530320134e-01,7.381224643419974640e-01,7.132491210719427155e-01,7.570445597759609679e-01,8.975369814943019442e-01,7.024803089783437926e-01,4.809992110527395726e-01,4.464894608243028529e-01,6.712419171561218034e-01,6.890733909210448038e-01,4.818019327183759581e-01,6.220889256140895718e-01,8.284583086514439865e-01,7.566384996342354619e-01,3.616055890366303149e-01,-4.247346967945797580e-02,9.133397390440378683e-01,4.427050616426460028e-01,5.781035101708008606e-01,4.137884445264638500e-01,6.790573806423511050e-01,6.181055633997938337e-01,5.097087879949723233e-01,4.546299233297004805e-01,7.095615100676535558e-01,6.687003895082733740e-01,4.368726956399289207e-01,9.895066700127467252e-01,8.457884099704248149e-01,5.762984145821282711e-01,2.982635965511168941e-01,6.421550609718643110e-02,6.970664659748072589e-01,7.175028412613211337e-01,4.110354703479670579e-01,2.361390199321888039e-01,2.111678846112479968e-01,2.395491262159648860e-01,2.882220691184695927e-01,4.548577162813828290e-01,4.812088658560979559e-01,5.129734543150664683e-01,8.192155737633396440e-01
5.009923292805860129e-01,5.786850518897381779e-01,5.019578863240392597e-01,6.974960854551407463e-01,6.587918790246076739e-01,4.988655651768588717e-01,0.000000000000000000e+00,7.400893413798594889e-01,1.848932190198251391e-01,4.103199496491888865e-01,2.921334960370650102e-01,3.919433836350066924e-01,8.416560625431840359e-02,4.277368485157657108e-01,7.445529106847631473e-01,5.455701424864910498e-01,5.586125316628939297e-01,6.813327827604402920e-01,6.326647745711457826e-01,9.909056832978496709e-01,4.031552790887787396e-01,5.317957497410883416e-01,4.524039960386921910e-01,5.719347967909937935e-01,2.549711239428208986e-01,4.258274046211091290e-01,3.685978069990963890e-01,3.402278136382705931e-01,2.551787271561634096e-01,-2.791335559314461756e-03,3.783631926751410690e-01,3.090773422330234110e-01,2.397670820911995682e-01,6.425370862309808251e-01,4.114606057329350253e-01,-1.634886497075837830e-01,3.375944436861142983e-01,5.009887580597466306e-01,9.063937359764655533e-01,2.927887954717364738e-01,6.830711332140517733e-01,3.581401611467878165e-01,6.478615699433833974e-01,4.521109333537727260e-01,9.375724246820165142e-01,5.736978441403696172e-01,3.057853833909426888e-01,7.990827512059741622e-01,6.990344899170909398e-01,4.630479527302665543e-01,3.259786585406827530e-01,6.663898649151577258e-01,5.733867896164076550e-01,1.790866855170828720e-01,8.121049360832635067e-01,3.285497452573181709e-01,3.315361657943995954e-01,2.690973149014567189e-01,4.493517478776026808e-01,5.896822136011523607e-01,5.601410842730416562e-01,5.797799545572324131e-02,9.656589502484158594e-01,7.709788896906037969e-01,4.580287258448542120e-01,7.624303062209791815e-01,4.299855585837536465e-01,7.084757823156885292e-01,7.125557939022623133e-01,7.765565467365136421e-01,8.767526822692519595e-01,4.429103211026406695e-01,2.914472735791178160e-01,-1.443832208894263447e-01,5.238397439605536610e-01,7.845593355730627882e-01,6.382216196211537573e-01,6.345445522453488918e-01,3.632707424765688753e-01,6.087644754976144768e-01,4.980766578835091885e-01,8.977755622637167976e-01,5.972039770459720565e-01,2.514917130047845673e-01,5.418537405487783287e-01
5.149875745431797824e-01,6.725468379974186561e-01,5.548755108065641650e-01,5.787418394910270880e-01,4.416095936920284015e-01,4.284696787355505299e-01,7.400893413798594889e-01,0.000000000000000000e+00,7.975296641433851086e-01,2.718233422254473508e-01,7.352978328283433784e-01,6.115128449000443167e-01,9.427475458996837920e-01,5.368007522634075102e-01,7.182703382021025096e-01,4.626187873263623018e-01,9.333799807624396649e-01,5.423848720960021685e-01,5.638174075176647371e-01,7.111783798392685707e-01,6.449588424982980461e-01,6.235383399224154743e-01,4.134764675599217898e-01,4.220949555653529250e-01,6.717318609760911663e-01,5.580660120162237448e-01,5.609332854763672271e-01,6.072460896892410975e-01,2.554993115323933583e-01,5.406146012122607925e-01,2.045715860645147544e-01,5.213586159707720435e-01,6.466559062843715289e-01,4.562755955403791641e-01,2.487414029423960504e-01,2.548053333177247026e-01,5.878815455077355256e-01,5.487343699860919299e-01,8.842901894148456066e-01,6.717281904125751990e-02,6.591131978414817016e-01,3.436239675514751735e-02,9.806911796877973986e-01,7.158361953830509883e-01,6.781276702710349324e-01,2.155243358563986023e-01,3.123430783768589292e-01,3.110695903841425580e-01,6.340811561173542721e-01,4.752521749181009558e-01,7.952005487887497948e-01,3.175217353876331194e-01,4.342108118151134510e-01,6.864037910418676613e-01,4.686725241361280325e-01,7.626508887165139861e-01,7.649372440922596050e-01,4.753740469140268488e-01,9.580008637069371558e-01,6.508707150482800907e-01,6.999891382102942927e-01,5.420227650577497114e-01,4.364356779838575728e-01,9.552190881196361838e-01,5.168988370518795561e-01,7.427911053550739773e-01,6.741594918748633480e-01,9.147356314755655804e-01,6.831564007782884307e-01,6.907175873672884991e-01,5.927665391536597328e-01,3.187496190398817486e-01,4.890390988060026034e-01,5.891837371483414909e-01,7.498066462993459025e-01,1.612541270178587949e-01,-8.462095996392224317e-02,5.279586400449516326e-01,5.459589658402336232e-01,-8.663702664819340760e-02,3.870458068340462132e-01,4.383940377446902681e-01,8.653232614669119638e-01,2.887109325683432509e-02,7.492184944738078389e-01
5.559050684818107602e-01,6.173399800609470356e-01,7.577288067840702857e-01,4.181354063582094494e-01,5.655006948049731141e-01,4.103515935565376638e-01,1.848932190198251391e-01,7.975296641433851086e-01,0.000000000000000000e+00,3.313068080569250284e-01,8.677332107827822050e-01,4.797733760587400420e-01,5.665485701537373853e-01,6.487129774504036828e-01,6.438376073910678787e-01,3.330421172726256707e-01,7.025482547998399552e-01,5.924304077389246359e-01,5.092140094196129230e-01,9.242568333215480658e-01,3.615326775607683452e-01,5.440508390225001767e-01,4.763306884863353630e-01,7.905033219212664886e-01,4.804122591190443936e-01,7.379706785855768558e-01,4.807117083050797546e-01,6.725326414021690624e-01,5.102704128191852817e-01,3.045519391864268677e-01,4.877443584826284262e-01,2.427374872930260219e-01,6.039872768862835084e-01,5.124604840369429981e-01,2.337456195798943148e-01,2.298223391253101655e-01,2.167655261951410561e-01,4.740416260450044383e-01,8.500232532942226804e-01,6.510471229813911132e-01,4.999978503225660509e-01,3.155109833535963970e-01,6.846915618202836784e-01,7.219915940856049819e-01,7.080064954245957054e-01,3.711688420268084432e-01,5.369700141247970571e-01,2.856711714709576633e-01,7.717113704276554742e-01,9.743203411391662128e-01,5.234759284296500725e-01,6.525708800017742117e-01,7.415958271450378003e-01,4.678264179357339292e-01,7.805848153040478854e-01,6.856518533694512252e-01,5.622772273060334669e-01,8.732156406348068334e-01,8.684165342669600829e-01,2.463831847344430948e-01,5.823261683763570895e-01,5.611540796638068151e-01,3.413577975494581640e-01,7.087945216576042595e-01,8.413535625699004594e-01,5.793345818148596393e-01,3.676491419458248755e-01,7.751793507859868759e-01,3.952227560215382240e-01,6.459428483507174690e-01,9.085129875363031626e-01,2.906355855710462399e-01,6.007061243698056385e-01,7.080798201063374930e-02,6.159704063795786722e-01,5.694590729509375025e-03,6.220022964299638524e-01,8.301270945256751521e-02,1.014543107046002035e-01,4.645216966129091518e-01,3.425065816909863559e-01,6.501609663202285727e-01,9.968973198731861940e-01,2.206683514574220573e-01,8.296785666200628961e-01
2.979690530710872309e-01,7.236948126366489209e-01,4.334033558819383458e-01,2.302575193967883460e-01,3.504551409749686597e-01,7.609357682840434123e-01,4.103199496491888865e-01,2.718233422254473508e-01,3.313068080569250284e-01,0.000000000000000000e+00,9.035966299664405232e-01,7.849067506065338096e-01,5.685532821029589678e-01,3.674745046207742449e-01,7.320125205146724712e-01,4.106017041186391658e-01,4.388090325375387235e-01,1.500221082259320937e-01,5.309182232501692411e-01,4.097091559845951192e-01,3.839426747213109392e-01,7.452014518904463980e-01,5.980917378692542918e-01,6.519672679806878257e-01,6.382764740082169652e-01,3.261528856457793224e-01,9.652234643914119339e-01,3.887096358035130317e-01,4.796289128854760997e-01,5.960645745556641950e-01,2.564215662597189027e-01,6.560805476024424987e-01,6.649407885181801703e-01,5.495782708184977494e-01,9.695669500595048840e-01,4.069702435773158156e-01,-4.781056393369531587e-02,2.472490494061598543e-01,8.370151413235997762e-01,8.155540878687062012e-01,5.172864191733642647e-01,7.039951079080317697e-01,9.535865093723419061e-01,7.350060793746365784e-01,8.624314563869163175e-01,7.410006912795857881e-01,9.793071895742518906e-01,9.843928085979901377e-02,4.790768845945901910e-01,5.531612482781835816e-01,2.249793656225316518e-01,8.573519187450929779e-01,5.716950354860721450e-01,7.406413963985064575e-01,2.619966679361006578e-01,7.200540904226746530e-01,6.202248646850476721e-01,9.940946867762344707e-01,5.731129454344485730e-01,1.996376283366034232e-01,1.986537684112656688e-01,7.303785120085117821e-01,4.346050132990080805e-01,8.162512358254961908e-01,9.233609780203761996e-01,6.592704392744341835e-01,7.275569482997115145e-01,8.770563291208270940e-01,7.895062140777537874e-01,7.047993133044676561e-01,6.019387932472725078e-01,6.845289600801413021e-01,6.917191143372678486e-01,2.882797867201234432e-01,4.404015729895377484e-01,5.435977748619490457e-01,5.901631131267317532e-01,4.959910723766071672e-01,5.110707292097438348e-01,7.906688452457398819e-01,6.942304162427724856e-01,6.339028518249510968e-01,6.843294536267988670e-01,6.377245337407442261e-01,7.284964405703673318e-01
6.890374183159524435e-01,6.406950006022001931e-01,5.023701494782164545e-01,5.167845812149475249e-01,6.890800243026774519e-01,9.362904319138898313e-01,2.921334960370650102e-01,7.352978328283433784e-01,8.677332107827822050e-01,9.035966299664405232e-01,0.000000000000000000e+00,6.766592173196557258e-01,1.085346636588946367e-02,6.484842090130359393e-01,6.217674157098397325e-01,7.477347274076600048e-01,8.388615709778615148e-01,4.022177181651722666e-01,9.587914996194389916e-01,6.264357606828800940e-01,6.473468997148852377e-01,5.572019975360740229e-01,6.008051557228684114e-01,6.281008406738796124e-01,3.491693424061120821e-01,4.553297848972778228e-01,7.471261261859912794e-01,9.818267677873244725e-01,-5.782676182694973521e-02,5.132965021853815868e-01,1.424029277122482867e-02,3.318274076723962684e-01,8.347636874760944181e-01,7.279969683601629216e-01,4.757978113288693356e-01,4.104888549167090561e-01,5.831585499043032694e-01,2.738479112181185227e-01,6.134846515532932365e-01,9.262873321484323963e-01,6.883437406184823582e-01,6.068778909111809394e-01,8.908763240749765222e-01,7.175633883645080591e-01,6.756254129649580387e-01,6.251668481750913831e-01,6.796679169103256868e-01,2.291915033402809609e-01,3.426233202373492603e-01,6.181688887870577798e-01,5.299932307572273738e-01,5.356616385641710387e-01,7.272356305696832113e-01,4.343049175891846581e-01,3.102148465130269428e-01,4.810365422664445445e-01,3.792576242537789577e-01,3.208995268499696407e-01,5.064602631092108842e-01,1.863021651301457193e-01,5.385107358668738131e-01,3.650926990870505540e-01,4.607860403417866069e-01,7.448550796351987024e-01,4.588410443170611308e-01,5.874327437293505039e-01,7.648162334845883814e-01,9.417866651689861257e-01,6.022295954940583007e-01,6.804995263983336651e-01,4.371772435289294489e-01,6.321677848374460673e-01,3.178857672716546567e-02,1.384323606924917072e-01,6.949091229730109953e-01,8.682378502540810672e-01,7.369934773184714238e-01,9.859121950168286963e-01,2.320293432563981795e-01,5.173204649723945892e-01,6.784135780977587071e-01,8.236767587391334855e-01,9.916207585702334626e-01,2.808208788300871617e-01,6.906738931359436284e-01
5.961975035969168113e-01,4.578359758057510276e-01,8.932123063262406015e-01,9.426323411428075838e-01,5.025665573232622751e-01,4.084092337725175881e-01,3.919433836350066924e-01,6.115128449000443167e-01,4.797733760587400420e-01,7.849067506065338096e-01,6.766592173196557258e-01,0.000000000000000000e+00,2.354031851648060170e-01,5.907020167796539489e-01,5.441004313125290537e-01,4.436337883134357507e-01,8.534409284954548314e-01,2.065414051928108341e-01,3.883709661859182649e-01,9.245312903130703530e-01,8.693065618475133149e-01,-2.832518215492044189e-02,4.076070378069460154e-01,6.496643436713942510e-01,6.839633534883337029e-01,6.396380644186441256e-01,6.970408542037218602e-01,2.971712718672184783e-01,5.449230871037492596e-01,5.574231176746382577e-01,1.612107535919011236e-01,4.570844723084994676e-01,5.513696824497462678e-01,5.947462362438935557e-01,4.074477794323863034e-01,7.611589829135593233e-01,1.831583902926562646e-01,5.709707978667813988e-01,9.600935045483510732e-01,9.004617642933600008e-01,5.010111569582498259e-01,2.396741578841200537e-01,4.405866903747247543e-01,5.534211590204241027e-01,5.221136163191651969e-01,8.484007407050347949e-01,4.493442758463280784e-01,4.996915909284154744e-01,9.093751378351049297e-01,5.621456582019219717e-01,7.280427979292551921e-01,2.268214338622054627e-01,6.621298189974174075e-01,-1.797538974985050664e-01,9.898953406866761728e-01,8.331583406043431284e-01,3.621821470870426052e-01,6.210626213885910296e-01,3.613564801487518796e-01,4.644494884573866500e-01,5.931876778628332181e-01,7.953944551660535600e-01,4.752865191229959096e-01,6.943979745257095049e-01,7.916863030240341992e-01,5.178392407870541225e-01,6.391144581361530852e-01,6.137702362564799730e-01,5.920163482396445520e-01,6.215569846058777159e-02,6.980519443342622088e-01,5.159963832363980707e-01,7.723250654185158659e-01,6.385292776908944867e-02,6.386525520212977813e-01,3.441609064829708187e-01,7.055274611100510462e-01,3.498976671877962463e-01,1.524937318625971816e-01,3.995981043732805826e-01,5.006564061098923712e-01,7.644632678652537594e-01,6.125462887557980851e-01,5.831160470974485754e-01,6.501833813526479711e-01
8.035170828952898914e-01,5.750476710256304802e-01,6.372111611769477602e-01,9.505431696967896471e-01,6.991887963792828842e-01,5.765490251598490712e-01,8.416560625431840359e-02,9.427475458996837920e-01,5.665485701537373853e-01,5.685532821029589678e-01,1.085346636588946367e-02,2.354031851648060170e-01,0.000000000000000000e+00,6.753495137595610931e-01,5.858803430845948013e-01,9.831223665953852109e-01,5.829886216637215623e-01,7.457620259199202462e-01,4.459344043853533668e-01,9.835654972974359200e-01,7.851665383148497268e-01,5.253853780854612632e-01,6.732918058494603564e-01,6.949312073706805926e-01,3.925301087547591328e-01,4.223139618450258426e-01,7.208381865574867708e-01,6.765084463800301595e-01,2.541375753670448989e-01,3.398182242223357075e-01,7.488540153222942308e-01,3.113824428969405034e-01,2.523684552890937960e-01,6.556108298262871559e-01,6.371969448385375046e-01,1.799731710143005481e-01,3.687064158835688943e-01,7.744414714283025525e-01,6.057323127727292089e-01,9.645148914084545888e-01,3.914256347181040985e-01,6.403545081362493896e-01,2.590134985606027951e-01,8.566897394437025248e-01,8.278180120094906780e-01,6.736086434125573286e-01,8.347912357734387223e-01,4.050582547092490548e-01,3.831407535390676244e-01,4.741244776423094720e-01,7.282512661984070768e-01,8.814482959096639481e-02,4.846237637633437484e-02,8.451891175643093668e-01,7.506334657523903164e-01,6.118152569479567982e-01,6.882742166267346029e-01,6.306871186636194837e-01,7.409221074420823117e-01,2.078333210402384112e-01,6.358601129515175643e-01,8.845139316645542760e-01,7.035105231154668015e-01,8.208593505868480023e-01,4.472668251628925118e-01,7.031754130461616015e-01,7.900987120779329187e-01,8.748247469562202561e-01,6.613551816827556440e-01,2.054026309494987601e-01,9.058899249605316673e-01,4.111367373114258594e-01,8.971481669507563872e-03,7.765388993312846155e-01,5.179485912653323254e-01,8.268154305232326973e-01,6.135550235521177731e-01,4.258480748551498607e-01,2.806186077785207122e-01,5.654760721363424336e-01,7.464457104055706171e-01,8.830034315544988965e-01,4.599766902307573790e-01,6.393758012128009094e-01,4.371040768533610010e-01
6.681398012854355972e-01,5.516312445025729483e-01,5.215354766022163302e-01,4.435364771933833494e-01,9.542914116872633912e-01,6.545452484817171346e-01,4.277368485157657108e-01,5.368007522634075102e-01,6.487129774504036828e-01,3.674745046207742449e-01,6.484842090130359393e-01,5.907020167796539489e-01,6.753495137595610931e-01,0.000000000000000000e+00,6.319356285845486587e-01,9.058694554092437956e-01,5.973952303022104227e-01,9.248158569743416546e-01,6.276906172714507015e-01,5.592339813135831506e-01,6.094159110067963736e-01,9.563528997789585429e-01,5.163046490061633520e-01,7.939849075399953993e-01,4.554227375502051811e-01,7.365337011030810288e-01,7.134915498649366805e-01,8.336327745818603585e-01,2.063800833107534427e-01,3.184971184410647083e-01,6.910079346430931801e-01,6.317440114063943568e-01,5.192914573586029370e-01,3.653636370600312766e-01,3.228386045095493206e-01,5.518260889267018188e-01,6.698532579634127737e-01,9.487240636785747583e-01,9.500469509797965229e-01,5.045919632808678612e-01,7.584408697337827743e-01,4.191191607361864913e-01,8.292762557101597265e-01,6.749509086091384225e-01,9.348192094506488914e-01,6.422027953770979014e-01,8.699660220858731474e-01,2.721813303230252723e-01,4.040759266412839446e-01,8.133835855421430727e-01,6.435401502358972792e-01,6.997008359235640240e-01,4.824278151610023602e-01,4.410048166813682613e-01,7.518295034713315950e-01,8.093167996506303030e-01,2.736390905018253883e-01,6.910550038462750511e-01,6.440334615258155315e-01,4.863886023231005495e-01,3.040793213910844214e-02,5.088509492749064833e-01,9.130866451209092016e-01,8.706136207594031839e-01,2.561852070635674550e-01,9.632163713764965163e-01,9.782483328317160831e-01,3.036724645972316838e-01,4.948989988893919278e-01,6.913290472158823974e-01,6.548921854996136993e-01,5.492029668510274298e-01,4.734300969792923364e-01,1.741931327057865131e-01,1.960478749292749456e-01,9.714204396657067919e-01,7.166118239169243509e-01,5.661000550444522661e-01,7.717454496701730005e-01,6.193622942222486438e-01,8.429959810367926298e-01,6.325515855956944655e-01,7.791748268666500721e-01,4.692935214987944970e-01,9.645878409788349872e-01
7.802069090895903392e-01,6.082330047137534113e-01,4.036491946078497040e-01,5.629131045173740855e-01,6.516866822248879032e-01,6.722497776190526908e-01,7.445529106847631473e-01,7.182703382021025096e-01,6.438376073910678787e-01,7.320125205146724712e-01,6.217674157098397325e-01,5.441004313125290537e-01,5.858803430845948013e-01,6.319356285845486587e-01,0.000000000000000000e+00,4.678620622079474045e-01,2.895572901555641399e-01,4.282784102500595269e-01,6.203461670433415565e-01,7.557048616431832899e-01,5.543360374378829558e-01,5.643899510359633442e-01,6.072678450075085221e-01,7.388930655970576966e-01,2.162554497297690670e-01,7.040648284935666634e-01,9.702578430087870354e-01,7.565390155668874073e-01,3.370904773972311919e-01,2.902447269842679534e-01,-1.945199549526772098e-01,2.427170546785858141e-01,1.495889488633506126e-02,7.144082383331846753e-01,6.441626534993696307e-01,4.365648702748058385e-01,2.615783038011597617e-01,4.446530603310598351e-01,6.670054384160440941e-01,8.186731712078261225e-01,5.583675693697707221e-01,8.322588351738591239e-01,9.047931063164097454e-01,7.252108890183812662e-01,7.992502469786632036e-01,5.384762265904665668e-01,7.688298684566245988e-01,3.290689067447263860e-01,6.119151618182474550e-01,5.037306379489921992e-01,-1.611152555407751596e-01,7.060973471708386073e-01,8.323057853143427387e-01,5.509230929176666125e-01,6.116090593519520890e-01,6.608109226732153951e-01,4.200005392235233170e-01,2.652827626842642061e-01,5.942161112095862840e-01,3.304430735477730252e-01,3.249610512698900555e-01,6.295102242950055826e-01,6.974846188365652067e-01,5.976247655239278478e-01,3.218804901382340544e-01,7.929125551271695160e-01,6.442136331202711341e-01,8.765386151216661981e-01,6.342560548557434341e-01,6.275742098222254484e-01,6.096594178942020825e-01,2.682930064563801564e-01,3.820701759825632648e-01,1.717064181513760501e-01,9.559443707445730576e-02,6.385148823615804936e-01,6.389911657915914311e-01,6.149999406802686419e-01,3.267905922350398118e-01,2.454016377755909029e-01,5.912860092025629122e-01,8.269010673187665583e-01,7.425830915857316583e-01,4.364366827633534007e-01,6.801118310901443920e-01
9.113499041944788104e-01,7.193311079526077956e-01,9.307713464944135096e-01,8.361398323518844933e-01,1.701785258910524512e-01,7.526205700576775737e-01,5.455701424864910498e-01,4.626187873263623018e-01,3.330421172726256707e-01,4.106017041186391658e-01,7.477347274076600048e-01,4.436337883134357507e-01,9.831223665953852109e-01,9.058694554092437956e-01,4.678620622079474045e-01,0.000000000000000000e+00,9.580505570379871383e-01,5.424407561506636721e-01,3.326353388237588415e-01,7.651649775359578021e-01,5.628390085870608184e-01,3.990199295848224637e-01,7.768773861428959204e-01,6.389420224643940216e-01,2.147204959913334432e-01,9.920077138966758579e-01,8.649109343075174205e-01,2.556464848768110754e-01,3.802809742947497185e-01,-2.170204418398130608e-02,7.686746010234497550e-01,4.055445971585601717e-01,3.160592976422513800e-01,4.604376517330166507e-01,3.544012685885462588e-01,7.216340006539857521e-01,2.947113093316396093e-02,7.549962215511785146e-01,9.494160467966297201e-01,9.759596227751485831e-01,3.179699634302363687e-01,3.936617173347216614e-01,8.251213136128321413e-01,2.389778180022769649e-01,9.533265550693297286e-01,4.226864773782710860e-01,5.754960658942618323e-01,5.552277092945016035e-01,6.211761533417463621e-01,6.070556938693433269e-01,3.218895185613501186e-01,5.905329592975090414e-01,4.914939803898043524e-01,4.156936905521660952e-01,9.905061876551732869e-01,5.830787198073515976e-01,6.446949848732624888e-01,6.529690083166009851e-01,6.992248321079252982e-01,2.162689472429430437e-01,6.144016329216772654e-01,4.218916975316517326e-01,6.835987632232254363e-01,3.401324011390455815e-01,7.187714617834035646e-01,5.777748087762122342e-01,7.481308524442542573e-01,4.106684429076437604e-01,3.633682196085122884e-01,4.535811093183766962e-01,7.698748295910810002e-01,4.149758390370519301e-01,6.948628878754997684e-01,1.444908054819974974e-01,5.835229247149429366e-01,2.731515864228495905e-01,5.728634590999205356e-01,4.949123789123932027e-01,7.069139125603517426e-01,3.695890814051238649e-01,4.851640904701612911e-01,5.914784374917703147e-01,7.497590652074945794e-01,1.987704635519906560e-01,5.517273849159722854e-01
8.401972692428172351e-01,6.600511468561092165e-01,8.610055840990871179e-01,8.417750508812100740e-01,3.421569335012450974e-01,2.310418999879242374e-01,5.586125316628939297e-01,9.333799807624396649e-01,7.025482547998399552e-01,4.388090325375387235e-01,8.388615709778615148e-01,8.534409284954548314e-01,5.829886216637215623e-01,5.973952303022104227e-01,2.895572901555641399e-01,9.580505570379871383e-01,0.000000000000000000e+00,7.897426872996340386e-01,2.978700362850408290e-01,7.447079765920937566e-01,3.353528891551672553e-01,2.813743664307041259e-01,5.122503412632564146e-01,7.308957149943041687e-01,8.236239980518139658e-02,6.191918485675866890e-01,8.851159591218196176e-01,4.541695187674354983e-01,7.382537188820552654e-01,6.674861402116208930e-01,8.699169402439760335e-02,6.977946548298405993e-01,8.134219347447702031e-01,5.685300756648640208e-01,3.615881789879196728e-01,7.963569674803108178e-01,5.209613587247767796e-01,7.543285290456364089e-01,6.944563182455399941e-01,9.680051783039236302e-01,7.828568995617944670e-02,3.503472263100506079e-01,2.864182858767270745e-01,7.643414345295309609e-01,5.480855748636768165e-01,7.301262999536682896e-01,5.816681305639989086e-01,8.882008572397539492e-01,8.617435566427382732e-01,4.355274031904728949e-01,1.500510829600189278e-01,4.012662843674753566e-01,4.187636828409314615e-01,3.934838642241585971e-01,6.939502456866470936e-01,5.884833344846910341e-01,7.427037542925216673e-01,6.058044488975817821e-01,5.661257162193532588e-01,1.998257591736929666e-03,4.120183327746003710e-01,8.026005149135236882e-01,7.191651639557311571e-01,4.802708012552638905e-01,9.290362771753564175e-01,8.111525975975184544e-01,6.042815017913095721e-01,8.258699483966434052e-01,7.697595093314364423e-01,8.627540568037795898e-01,5.492280231378751099e-01,9.234526726311844680e-01,3.244632147560571472e-02,4.669626725952816249e-01,9.482717501908488611e-01,6.810625066505165970e-01,8.172743522581332742e-01,5.244240240752142679e-01,4.617212316605356359e-01,7.995739386349615119e-02,4.063326966402313056e-01,8.705814697306626382e-01,7.791334920976634715e-01,9.412871232633633622e-02,6.124829211367979198e-01
8.897815752213873441e-01,6.790119267727550145e-01,9.452500477492117303e-01,3.013254546648285737e-01,8.207413201492129717e-01,4.233112052416309612e-01,6.813327827604402920e-01,5.423848720960021685e-01,5.924304077389246359e-01,1.500221082259320937e-01,4.022177181651722666e-01,2.065414051928108341e-01,7.457620259199202462e-01,9.248158569743416546e-01,4.282784102500595269e-01,5.424407561506636721e-01,7.897426872996340386e-01,0.000000000000000000e+00,5.312769049009666844e-01,8.254022345204141686e-01,9.659695843176544505e-01,5.643907553435603131e-01,8.913593153352566967e-01,9.454271086935317481e-01,6.411185891836814754e-01,7.237612729098377162e-01,3.791122022230734023e-01,4.617494084352037342e-01,6.815178753815933632e-01,3.920067745586330865e-01,2.349147527122016355e-01,3.377646458095282522e-01,9.922131904348067133e-01,6.504564886742028040e-01,7.437604694858572785e-01,2.724289598864185757e-01,3.847672837374498944e-01,6.187237483881602440e-01,6.978527622575522171e-01,9.828356544447764964e-01,5.513498698004114518e-01,8.213496625038010368e-01,8.216289335662539939e-01,4.025807888746877894e-01,9.443135832447241418e-01,4.735276570464521662e-01,5.759261741285266467e-01,4.028141986475196612e-01,6.742360859293339281e-01,6.428434844186731167e-01,6.388704298921557001e-01,5.654592494420535020e-01,6.153797689570867924e-01,3.254975162903092079e-01,6.965180061478168927e-01,6.470259746551327851e-01,5.574496563976144570e-01,6.422939265215950044e-01,8.669469483833596168e-01,6.950773000981168570e-01,4.591006717845666496e-01,7.601568014902568837e-01,3.012954402625671047e-01,7.930289871668854129e-01,6.176532582159041107e-01,4.334850386783885012e-01,8.779819710607257299e-01,8.945310517440808740e-01,7.788182682753341801e-01,4.126020634273505627e-01,8.934049527898235699e-01,8.551996362927296591e-01,2.550967397989798990e-01,-4.921157813528781455e-03,2.058207648942211310e-01,7.771382033050461269e-01,7.271128975350840129e-01,7.723567542919966833e-01,2.142071178479840743e-01,9.796877517432039939e-02,7.148049554902816682e-01,7.641430375079446558e-01,6.235971805282155556e-01,7.244471755486429076e-01,7.445428364466620819e-01
