0.000000000000000000e+00,6.020852580108166929e-01,6.061650621377521198e-01,9.139473359182536116e-01,7.275829309946878487e-01,6.344933647542040367e-01,6.516339895148073325e-01,5.654780555895146943e-01,2.756331191340277154e-01,4.968407429172137513e-01,9.151956440711720431e-01,4.938728762238354109e-01,8.884893504166831990e-01,7.562635208589394420e-01,9.824783515136815693e-01,6.524890145936458330e-01,7.760725533610869364e-01,6.311319544565769935e-01,7.052903796673308801e-01,4.332685633000318837e-01,9.385031887023148611e-01,2.076403403819240823e-01,9.542435891702687467e-01,7.532101729947250357e-01,8.998080129755154921e-01,6.957320735780468945e-01,7.963298313349579383e-01,9.335737395842118591e-01,7.393485886792459105e-01,8.585586423038503445e-02,1.628062052613914526e-02,9.182308144152913076e-01,7.326213846165822163e-01,8.880263235374437070e-01,6.601418843637242295e-01,3.255137192755527820e-01,6.545567332378338099e-01,4.725415487843486750e-01,5.400193570308317037e-01,7.926220943963371290e-01,5.208517192032270371e-01,8.415091893626084341e-01,9.737640559308111676e-01,7.676500740654629285e-01,5.048523486914239244e-01,3.563590432102515804e-01,5.072604324228146000e-01,6.519851177504379924e-01,9.256650088435898205e-01,7.334383608890736594e-01,8.397436500280822669e-01,6.083275104229565189e-01,9.490913360391715070e-01,8.012421282933429589e-01,6.969928618590547353e-01,6.739283457083193873e-01,7.347817770785984859e-01,6.076360920904020357e-01,6.512735941349308000e-01,5.713226020017159179e-01,5.067765742016692165e-01,7.710160538496321214e-01,8.576513825893280485e-01,8.736603877646982319e-01,8.157236026495362502e-01,9.232065793225718853e-01,8.700645934139442650e-01,4.045128251373207307e-01,6.549733884219874902e-01,8.415220369112311749e-01,4.171846154859019662e-01,6.667555387910619746e-01,5.379342810832514754e-01,3.985896423668102706e-01,7.558196509213873648e-01,9.087209987842725933e-01,2.085138990439538431e-01,7.934922359014279225e-01,5.287988219470953766e-01,3.110754330854820782e-01,6.277455650840063628e-01,2.487916756142186103e-01,9.878489858461043660e-01,6.326646616551795388e-01,7.824929560916861204e-01
6.020852580108166929e-01,0.000000000000000000e+00,2.109032347534966489e-01,5.123153533580926400e-01,4.163407667482396102e-01,4.731538563953858190e-01,4.487870113368881420e-01,7.064952637247722267e-01,7.034435694396352634e-01,3.809639901803504314e-01,6.951185738388934165e-01,8.425736366830360868e-01,6.200770907516903740e-01,8.825377160595868631e-01,6.407032728292894053e-01,1.826787777096663679e-01,7.541667437155831211e-01,8.063683620917636574e-01,9.975701271986797680e-01,5.636110032856364027e-01,9.790015909060343358e-01,2.398450936132949518e-01,9.220489505488295157e-01,6.345245330095062863e-01,5.155550878781380852e-01,6.667207517360432822e-01,8.229133891369628806e-01,-4.706305958991927052e-02,4.701680240071426375e-01,5.728198695372552773e-01,2.078361994533539092e-01,1.812985619372927681e-01,6.113645880238840480e-01,8.544302112402312188e-01,6.646491886815789618e-01,5.751162154788979075e-01,2.211800154589023126e-01,8.709158616492509442e-01,7.521559594063935705e-01,4.671120599651962246e-01,8.772466826267730777e-01,6.157138011850555870e-01,9.938329220841732869e-01,8.840292742161507400e-01,7.742286608893450550e-01,4.916422535315120856e-01,9.621885278125266172e-01,7.264840179366691686e-01,5.117003612126346246e-01,7.214391068539486307e-01,6.289790340456181683e-01,7.837921134777718901e-01,9.718850276621678885e-01,2.145322361122136701e-01,7.374854954986198585e-01,7.235895144896747899e-01,3.060307490151327192e-01,4.135659341433181591e-01,5.758363024344068659e-01,4.906982529963324624e-01,2.854128941435825073e-01,7.221483364085463930e-02,4.373623744135342051e-01,9.545713476938801900e-01,6.629714542375009234e-01,5.638205373540563503e-01,8.048746965029722755e-01,6.325478222140750173e-01,5.087982157360194657e-01,8.718767470401943553e-01,2.692784189506074455e-01,9.204933704547629825e-01,4.845318685237474665e-01,4.725343093927409921e-01,7.307471158329965633e-01,2.484998586049961267e-01,8.741242074029996756e-01,6.952045048880864941e-01,1.614921081656272017e-01,3.775070923234420395e-01,3.097039400319459013e-01,6.552524107877961690e-01,6.739065350667972076e-01,1.493428807070128483e-01,6.843522514822254488e-01
6.061650621377521198e-01,2.109032347534966489e-01,0.000000000000000000e+00,7.221148380983051229e-01,9.629706227499438276e-01,2.510392882434528405e-01,9.316720641759498323e-01,9.628825032588532729e-01,4.700633359754025076e-01,4.475318426180824316e-01,6.639186005352697428e-01,4.684930482805139129e-01,8.432266664962335678e-01,7.323884956383478473e-01,8.668063138498082187e-01,8.069448110349101144e-01,9.768864624939238572e-01,6.139225084036659119e-01,6.215986395116867014e-01,6.095576947664365086e-01,8.625783240069908597e-01,7.407460368014369134e-01,6.965460530730545052e-01,5.431007693822884619e-01,7.868741866109323357e-01,6.409023442111025926e-01,6.591632755902189222e-01,8.392996697885433122e-01,4.146681031263941830e-01,4.073324334686838633e-01,4.455726933779265431e-01,7.615175597837356980e-01,7.460520185044519081e-01,8.413682281743583014e-01,9.028705112365623675e-01,4.098748877564915571e-01,2.812115799924989612e-01,4.044842152034469618e-01,2.425228816541118160e-01,9.703591475417274737e-01,6.680577730389721802e-01,8.510481585962219597e-01,6.377605997490215506e-01,8.593555058653510326e-01,9.336335150486410051e-01,6.390488702098342522e-01,8.067348072563276240e-01,9.172524379857986965e-01,8.747602407560182147e-01,9.806031669628076930e-01,5.506912218343253951e-01,7.291267200861818454e-01,6.925735093463180059e-01,8.257143503909115667e-01,7.542955557306436631e-01,8.474774560507520871e-01,7.517846419282263604e-01,9.613180859722207927e-01,8.241624987420389514e-01,9.351250624330465985e-03,4.040701245351921989e-01,7.015118489684384340e-01,8.892947028465386650e-01,9.384261953829062808e-01,6.374809894546595856e-01,9.151860004909118107e-01,9.605800760797540416e-01,8.813379286428720816e-01,4.282394927634112780e-01,5.130714992831107990e-01,8.889785640334553207e-01,7.557033092058450530e-01,6.426843543498219624e-01,1.670437116357663954e-01,9.660711147953341404e-01,-2.128487144084151572e-01,9.061930066092760416e-01,9.383299976903121120e-01,6.445587389793516753e-01,2.556898136830360047e-01,8.585439394364245969e-01,2.438074121411580308e-01,9.036370529169321930e-01,9.986389357827459845e-01,8.424192169866171476e-01
9.139473359182536116e-01,5.123153533580926400e-01,7.221148380983051229e-01,0.000000000000000000e+00,6.984891333068149466e-01,6.681166816259436203e-01,2.886932775558559428e-01,5.735932711273699081e-01,5.431541554029166718e-01,9.476764873060247174e-01,7.963793864217526552e-01,6.471198717834353298e-01,5.075011442793665450e-01,7.017208936600080049e-01,6.051375162363686888e-01,6.461664085328904239e-01,6.166006829738998052e-01,4.556359766075692153e-01,1.200195574281504585e-01,4.076812750113645301e-01,9.790154832872783874e-01,9.318403969808597420e-01,2.823549675233166800e-01,8.055316073354648054e-01,7.854254019805755327e-01,5.108621424236127195e-01,8.394171879986881413e-01,7.545544299722654058e-01,3.047683802092662417e-02,2.201995120132430872e-01,5.692474541072811700e-01,4.391876166665726888e-01,7.130111664035917451e-01,4.021189106076019648e-01,4.580792187251755965e-01,2.353138109076613471e-01,6.520308930126798019e-01,6.873468303543806175e-03,3.006804075376247609e-01,2.350159403037372918e-01,2.217773991577210169e-01,1.565303008219156855e-01,4.427275820257438044e-01,4.816606350325092767e-01,5.914528079149339312e-01,7.368638126282454071e-01,5.324460147984404479e-01,9.690829455714431440e-01,1.531042595027741759e-01,7.595911606075820277e-01,8.666095093035947050e-01,7.496507067256356072e-01,8.870826055021661105e-01,3.026984387360760753e-02,2.927301750874168329e-01,7.276462900310161075e-01,9.097270097543319611e-01,7.628951897536252469e-01,6.557778855115671268e-01,2.416995470675482871e-01,8.213899353020992847e-03,2.641976633075454606e-01,6.180371890558815640e-01,7.131350029226046772e-01,8.625695816328394772e-01,5.534049888972042419e-01,7.866093194803989164e-01,9.301075100781438509e-01,3.862139409320067829e-01,2.786064076288151115e-01,9.408601744418423340e-01,9.937081825525697631e-01,1.628714307433407060e-01,5.501811578714651541e-01,7.510167242391050380e-01,6.869141404889566038e-01,7.749528707974714381e-01,7.080731512112392600e-01,1.095224740415130377e-01,6.271837287416436313e-01,4.082692668487469811e-01,7.580903936589302727e-01,4.950872416321086544e-01,2.389311841718891327e-01,4.849489314479122348e-01
7.275829309946878487e-01,4.163407667482396102e-01,9.629706227499438276e-01,6.984891333068149466e-01,0.000000000000000000e+00,2.002267844733956470e-01,2.509398069048842106e-01,5.149469414115197541e-01,5.769353938942128890e-01,9.546548588474131902e-01,8.160967617627670201e-01,7.793443620413282868e-01,9.731436316155266386e-01,5.463186358362988049e-01,3.555131997984092296e-01,4.786105737187137943e-01,8.551138078573922163e-01,5.836883455367136708e-01,6.716940862434659376e-01,5.961318739983336723e-01,9.934332381556718605e-01,4.144042971752561755e-01,7.626572185821800520e-01,8.650928108912364634e-01,5.497106649104871456e-01,8.861094714207536915e-01,3.611419736816252612e-01,3.077193348629093661e-01,5.752822034015199204e-01,5.893787629835096631e-01,2.133620914163397164e-01,5.020921550695339741e-01,6.175691910532212781e-01,4.447132053394989293e-01,7.848821521178412919e-01,1.654740694457691452e-01,1.155910353028385684e-01,2.870795763493890762e-01,4.017688712971973497e-01,6.632092686692436789e-01,3.327115638715387735e-01,9.261188339286652305e-01,6.779259102667888337e-01,2.460765527136851705e-01,4.772509948010733027e-01,7.069622443528070788e-01,6.507067506802687307e-01,6.124004030430472145e-01,5.359071628869772619e-01,5.011766257143344117e-01,4.697581469949961841e-01,6.616906022266891840e-01,6.924926387378768089e-01,6.395734284312999396e-01,6.241913698121567267e-01,7.743472540863480802e-01,7.326202919673898695e-01,9.696167250496408041e-01,9.191438441581097907e-01,-1.754088928241498424e-02,3.218512810038312022e-01,1.448649889586652029e-01,5.776991313755616142e-01,7.269654384023283011e-01,7.805042659849361630e-01,7.601200375403107667e-01,7.086387446387784061e-01,5.366325794619658529e-01,6.333794585632646079e-01,7.499970814971377298e-01,4.743610413653163715e-01,7.171111635393371264e-01,5.682382030543000617e-01,-5.800164142385191846e-02,5.927385001775464790e-01,4.045330264264981324e-01,7.005276571198855162e-01,5.924435662148845871e-01,6.249841125091962768e-01,7.252875192986703023e-01,9.953116980213274623e-01,6.540163197290056463e-01,7.207666502755869509e-01,4.566854124518450742e-01,7.859469254623352441e-01
6.344933647542040367e-01,4.731538563953858190e-01,2.510392882434528405e-01,6.681166816259436203e-01,2.002267844733956470e-01,0.000000000000000000e+00,5.404621220691117056e-01,1.505548258249503890e-01,4.125181416566590098e-01,4.573994682347678475e-01,6.651102804955798531e-01,7.652762095067665582e-01,2.564485095870440157e-01,4.169255267072043414e-01,6.219796723542215799e-01,7.748047252844570965e-01,6.163895434612262081e-01,7.805566067495550708e-01,7.270482489605001319e-01,9.263426522342836922e-01,7.228356133342256351e-01,5.758731279651103652e-01,9.515841132233808786e-01,5.373173694964211711e-01,7.849561812051374377e-01,6.161019798917655166e-01,6.282916682843278089e-01,7.714682934946608395e-01,2.708778272260297104e-01,2.339215916934402339e-01,5.055871749337206289e-01,4.499648958636147666e-01,6.783463986842687143e-01,5.405622949734121274e-01,8.249518129531990818e-01,5.832004345198034401e-02,5.270946117276789078e-01,5.363525312982326820e-01,5.819346567708806317e-01,4.128677320672453632e-01,3.974260571022747435e-01,9.560735439548362358e-01,8.467358974493093271e-01,6.467448708030303361e-01,2.996431097381620501e-01,7.532876593804478382e-01,5.642917121254826807e-01,7.148969138842133919e-01,7.633351281856995962e-01,3.763752254609352699e-01,6.470374567317321857e-01,3.229351152497909605e-01,2.806965966814095603e-01,9.954218725227892417e-01,4.552883891979704889e-01,9.666214386548487303e-01,6.556252324260910536e-01,8.630946066106424119e-01,3.767525363374921721e-01,9.613786957472066075e-02,6.599210071611280037e-01,7.982483873989986156e-01,5.118705388232682729e-01,8.911768210737217588e-01,7.682487114403295791e-01,8.919627983365105983e-01,4.278599083367672362e-01,7.025016227564503390e-01,7.390476369698923964e-01,9.053510249912816166e-01,4.170108347107517877e-01,5.707016217457240304e-01,1.801919401762677175e-01,4.704450474022463524e-01,8.732462121398707477e-01,9.278619333005073688e-01,7.204906361828979922e-01,7.019744008350541353e-01,1.680829873448083100e-01,2.746354372027036139e-01,5.616663982289036294e-01,4.106156529121496868e-01,5.814466476334074763e-01,7.590768314212471557e-01,7.472744853939701226e-01
6.516339895148073325e-01,4.487870113368881420e-01,9.316720641759498323e-01,2.886932775558559428e-01,2.509398069048842106e-01,5.404621220691117056e-01,0.000000000000000000e+00,7.504408916174697408e-01,4.383933764580794090e-01,6.363762668046061277e-01,4.438778521032118451e-01,7.976427155613873277e-01,6.093346566850990076e-01,4.986615952925380624e-01,7.147146080461530548e-01,4.243823543653605368e-01,4.813629416792064020e-01,6.128323496684535687e-01,5.032751610360045036e-02,8.327447757164471165e-01,5.124314889529281158e-01,9.649828541494374079e-01,4.229778948432989516e-01,8.861837683067812499e-01,5.474199718534966674e-01,7.117427424466048480e-01,3.088491044814406505e-01,6.544585949646324341e-01,4.627281425914944735e-01,3.294924443252355006e-01,4.537184719756451323e-01,7.865543174933227188e-01,5.996557582867489966e-01,2.559066860314396230e-01,7.631388559372103142e-01,4.002393504861416762e-01,1.104379372477696242e-01,7.437114677749819824e-01,6.361378277223975752e-01,5.676292386523003053e-01,5.796877110959588464e-01,4.998929721508721391e-01,7.799156940067569765e-01,1.350825661301093550e-01,8.462642915564771995e-01,7.953656978846728176e-01,3.492857971783563942e-01,6.964153070722285399e-01,4.713109459183748573e-01,7.338201991049737583e-01,9.530956257053703196e-01,6.754094016171218184e-01,4.385218460081992120e-01,5.210237496917488054e-01,7.560623192553530547e-01,5.890829552493674903e-01,4.145497501278103125e-01,2.997174108025753569e-01,8.362093177916294362e-01,5.380347527281900133e-01,2.542930530699543668e-01,2.497857098627234707e-01,6.891982600523270663e-02,5.814350817306357389e-01,6.762549179484332873e-01,6.269631978158689556e-01,2.196853796341201037e-01,5.590984168796004905e-01,7.067891698903513431e-01,2.908653188016777635e-01,6.698710687630964333e-01,2.136133229784424881e-01,2.309803736142110875e-01,6.205855616734323732e-01,6.024098834450439810e-01,2.494507291565245810e-01,6.126440420237448947e-01,5.209816295225930816e-01,9.775437942981292094e-01,1.090020981664393540e-01,6.003908533239172840e-01,3.431206725279399294e-01,7.571575454088428359e-01,7.542206327406048016e-01,6.619045087326248522e-01
5.654780555895146943e-01,7.064952637247722267e-01,9.628825032588532729e-01,5.735932711273699081e-01,5.149469414115197541e-01,1.505548258249503890e-01,7.504408916174697408e-01,0.000000000000000000e+00,2.928331018283127918e-01,-7.288512675576011568e-02,2.125548256735644848e-01,8.392438113920233089e-01,5.211103159538239549e-01,3.443390451033879751e-01,4.964910423440612175e-01,1.397735300692099503e-01,5.860497037083316485e-01,1.631054911523925968e-02,6.076132212428795309e-01,3.076960158682774948e-01,3.355483237565273225e-01,7.401825051232440167e-01,4.452458200269326372e-01,7.707440172614310470e-01,4.560881480627636542e-01,4.922437842268398978e-01,4.940069428086638625e-01,6.980322993458236702e-01,3.407657053056202812e-01,3.572247613294402546e-01,7.104749319208902847e-02,3.249504445975253120e-01,4.682055620524644413e-01,5.233416186874173537e-01,5.350684063060384688e-01,3.991274850211551373e-01,3.236116929693682032e-01,4.571085292311442561e-01,6.990781049876525488e-01,1.048269790915594135e-01,2.420994148978728167e-01,5.791911686086286259e-01,8.192425696922596146e-01,7.433749027749485538e-01,8.319453217729478878e-01,7.691046370250942399e-01,1.608301138142865516e-01,1.327537475738744532e-01,2.643572227082661708e-01,4.718466932104021794e-01,4.622283160569023441e-01,8.586251995156700678e-01,5.751921848821788252e-01,4.586779490159200168e-01,5.293667781775336367e-01,5.330733388585451316e-01,9.122842593902705799e-01,2.715381445353105550e-01,3.666479608132762191e-01,4.447797213424284912e-01,-1.325002541476167639e-01,7.346839668348900121e-01,5.727214067592023561e-01,7.419795851266060005e-01,5.271204639990847429e-01,7.641449648002009987e-01,3.758054717838996694e-01,9.398345881549403646e-01,6.963247499475754276e-01,5.346379847003377428e-01,7.896825120087518357e-01,3.733962742351350506e-01,9.041465961695352438e-02,-9.470320970301468466e-02,6.888434095896655007e-01,3.027745065095135413e-01,7.496930725944788154e-01,4.329973485715943871e-01,5.192458929095238318e-01,6.892713287227583141e-01,7.854114400226273052e-01,8.378495450059213479e-01,8.590740541208461423e-01,9.202792414841372282e-02,5.286152966611179504e-01
2.756331191340277154e-01,7.034435694396352634e-01,4.700633359754025076e-01,5.431541554029166718e-01,5.769353938942128890e-01,4.125181416566590098e-01,4.383933764580794090e-01,2.928331018283127918e-01,0.000000000000000000e+00,5.465943716453499635e-01,-3.458550991606369474e-01,3.149357972362601954e-01,8.947690098867852049e-01,7.394102489843521475e-01,5.644895685752580050e-01,8.588561053651100341e-01,9.043767965579068147e-01,6.129668638178134010e-01,6.708253860917200440e-01,5.995434188951606069e-01,6.251652727209148219e-01,6.560129977449640215e-01,6.678497936832735737e-01,4.666705547389502495e-01,3.970704410346104218e-01,3.863775357932159871e-01,7.063130218368983693e-01,4.710634102085800023e-01,5.229612960057717919e-01,3.451617831159458083e-01,2.458697689751224991e-01,6.294394249622825566e-01,2.908503052076694684e-01,7.143533762691279820e-01,2.558478420083321048e-01,4.518259569222392580e-01,3.121978741451310047e-01,6.921955785191714616e-01,9.023317237280941150e-01,3.886077809636241942e-01,5.524835599039737977e-01,4.154114351396153704e-01,5.495029329103363613e-01,5.345776377377635669e-01,6.475407691631571705e-01,6.574487212832911265e-01,7.278799594789854277e-01,6.413732954387241225e-01,1.541474799943672869e-01,4.803588434969063292e-01,3.755613564387904058e-01,5.069552833111725665e-01,4.097817027168081383e-01,7.132725230653416126e-01,7.033656048893470736e-01,5.936573555835434890e-01,3.675805785618648791e-01,6.904511952222797122e-01,8.047497077792684639e-01,1.719561281119430518e-01,5.082251969402399316e-01,3.531836859673286311e-01,4.585110650469263471e-01,3.840402339945547805e-01,9.391200034609733516e-01,5.397954566324393300e-01,3.100102934446010705e-01,7.709423895603888521e-01,6.986537538784187706e-01,6.127474449931678002e-01,7.512671133482884400e-01,3.385742176484111132e-01,5.606440625028249469e-01,2.393945697608978462e-01,5.667223505404748174e-01,-1.224769303289122147e-01,5.314980909045730062e-01,2.440524300767514809e-01,5.283225725098108505e-01,5.144417580588567240e-01,4.142116616637140369e-01,9.879648844734354451e-01,7.299785884806238023e-01,7.068012286743968753e-01,4.102480013943283765e-01
4.968407429172137513e-01,3.809639901803504314e-01,4.475318426180824316e-01,9.476764873060247174e-01,9.546548588474131902e-01,4.573994682347678475e-01,6.363762668046061277e-01,-7.288512675576011568e-02,5.465943716453499635e-01,0.000000000000000000e+00,5.770239918756627784e-01,6.571160854572650756e-01,1.800687235507467399e-01,9.402272331947579831e-01,3.889389367666765684e-01,8.664921121394084658e-01,9.895271489612791349e-01,2.135768634290861612e-01,6.060045346706777192e-01,6.974152058096072526e-01,6.736531139267749602e-01,4.308237194374469614e-01,6.744575590306933766e-01,9.014412998889936857e-01,7.983550284213647430e-01,7.040104035619756395e-01,7.932007749813707598e-01,7.164124874155775036e-01,4.934819406264609465e-01,5.442161522492079406e-01,-1.228192995148872091e-01,2.634482721170285924e-01,7.605492314123428743e-01,4.240948270751661586e-01,7.651523382311139487e-01,5.645761153797776988e-01,1.455581285925176549e-01,5.946770065871708200e-01,7.294216721681394677e-01,7.903772797734521793e-01,5.099870075223789101e-01,4.056286658887562346e-01,4.124419109633374880e-01,8.145313535935286842e-01,8.409753412710890830e-01,5.946427149948807500e-01,6.568642023005222264e-01,5.938961692541917525e-01,7.188421812423725354e-01,4.081785437852104570e-01,2.468666771128367743e-01,7.277391417830487708e-01,8.981683272847914568e-01,6.973677786286888169e-01,6.582307410854041363e-01,6.891970075418822894e-01,5.848504618618609596e-01,8.368800025047979929e-01,1.834482273114569073e-01,3.451467307390064798e-01,5.441107692089477421e-01,8.038013675219938259e-01,5.770863648545417890e-01,3.838438038367049110e-01,7.511218126466034928e-01,7.765811183083710656e-01,4.315718491097438880e-01,6.523154301817628564e-01,4.413871574310122559e-01,5.268671548678622862e-01,6.261704623879471576e-01,9.052538104219263193e-01,9.923466095788456565e-02,4.683583870551565886e-01,5.593434506296720565e-01,7.531103910592543693e-01,5.175913592903610416e-01,3.355600824561978390e-01,4.201970169919318210e-02,3.339867954443433984e-01,5.895216569480944413e-01,6.781093186529830730e-01,6.185045766065979667e-01,2.573628257196259317e-01,1.103140906977824048e-01
9.151956440711720431e-01,6.951185738388934165e-01,6.639186005352697428e-01,7.963793864217526552e-01,8.160967617627670201e-01,6.651102804955798531e-01,4.438778521032118451e-01,2.125548256735644848e-01,-3.458550991606369474e-01,5.770239918756627784e-01,0.000000000000000000e+00,6.810707562382463109e-01,7.321083268082363427e-01,7.841609921526435656e-01,6.013875064816670557e-01,6.008002542094886128e-02,6.815144929172899380e-01,5.115073533640243086e-01,4.333587678542390464e-01,8.680314389596864855e-01,8.404765418205998317e-01,2.253402101706393768e-01,3.815427197540903759e-01,6.676519383360095539e-01,3.096218413307555983e-01,9.361465682568063107e-01,5.285494448819887392e-01,3.519276861402240719e-01,7.818553722538972295e-01,4.883045170470129426e-01,2.179626207393247916e-01,7.683965909773535774e-01,4.848057048369125432e-01,7.421675198233649295e-01,7.141473687899784206e-01,5.241857576695680976e-01,4.273237705500781969e-01,7.771261649388577775e-01,4.265902042234189784e-01,7.815577117566153698e-01,7.375587906506992919e-01,8.325812747727420193e-01,3.537152068154721940e-01,5.960441330643933000e-01,6.267129800991749766e-01,6.009619037707403244e-01,9.407623646501475090e-01,7.508956342205770351e-01,7.388661145299688648e-01,4.481817175252596486e-01,6.150744214546315369e-01,8.938231868337960240e-01,9.510024707770469155e-01,8.250617148751432373e-01,9.922203924708105083e-01,9.961219003166497110e-01,3.063171177568543291e-01,7.092285631790992140e-01,9.961814989552895128e-01,-1.774818705221273551e-01,3.788652194804957296e-01,6.525218824628098435e-01,9.973337247406044437e-01,9.610620411824016829e-01,6.349264834005030611e-01,4.984097284241564285e-01,8.971592070031692012e-01,4.124402915225955923e-01,5.706451413872931644e-01,4.566199971386074585e-01,5.604945220531885042e-01,4.801279154002453531e-01,3.345790199099422102e-01,7.837925070965872099e-01,5.658880685919903675e-01,9.229538336653171360e-01,8.658488588190360602e-01,5.190814074019481361e-02,3.820414380932359855e-01,4.854316070279429685e-01,2.876723480827432233e-01,5.340818053934375254e-01,2.529148950003435314e-01,3.175160608089492298e-01,6.464073611136902375e-01
4.938728762238354109e-01,8.425736366830360868e-01,4.684930482805139129e-01,6.471198717834353298e-01,7.793443620413282868e-01,7.652762095067665582e-01,7.976427155613873277e-01,8.392438113920233089e-01,3.149357972362601954e-01,6.571160854572650756e-01,6.810707562382463109e-01,0.000000000000000000e+00,4.725059393343002956e-01,8.380355783272345205e-01,6.192280121855531227e-01,5.462535821727618757e-01,3.613328573445507841e-01,7.756004705897124873e-01,9.683535953171554800e-01,5.462109885929860020e-01,5.812472868571748608e-01,5.536437035058628942e-01,7.143116454047342412e-01,8.954250508273485787e-01,4.825225982259230828e-01,7.559635163097805366e-01,5.468236164606578020e-01,6.865784184999778050e-01,2.518035695985867406e-01,5.987622238033529776e-01,1.833782037127589248e-01,2.930733837083925319e-01,8.979625243970400517e-01,2.986158319467643874e-01,1.403845297844866780e-01,5.503880179201829925e-01,3.882886279230445270e-01,9.844483493751368108e-01,7.139645894894203204e-01,5.428045234049991841e-01,-6.866383221352428956e-02,6.351862977708836455e-01,4.162065169258641895e-01,7.543744214354695110e-01,9.586338999383126058e-01,6.482459439975850612e-01,7.404691622721599753e-01,5.598130854720926308e-01,5.686810531630362986e-01,3.455733059507418714e-01,9.195412645728109347e-01,6.513184606855648706e-02,8.341111160527814317e-01,7.453993126667703972e-01,1.481571167899661812e-01,4.109583158162728456e-01,6.018379849844290863e-02,5.202536341608150483e-01,2.329568348345008588e-01,5.809934765209745500e-01,6.832970460441248894e-01,3.670031043670805154e-02,9.715480321454724733e-01,4.514596389696329259e-01,9.755292854692038107e-01,7.271284641994347764e-01,7.128471054425925546e-01,7.611238780051094999e-01,2.730516949871845123e-01,7.518117486176577602e-01,7.433123533391612359e-01,5.741345500931207546e-01,3.412180670058165277e-01,7.698348968887983590e-01,3.856389315762526748e-01,7.447536420294901260e-01,7.194828566888760157e-01,5.904604013111163646e-02,6.410836059277053023e-01,2.934848728987232702e-01,6.650211998935506852e-02,9.853205806867808558e-01,6.382820256296267702e-01,3.946578158779988632e-01,9.932111388849816924e-01
8.884893504166831990e-01,6.200770907516903740e-01,8.432266664962335678e-01,5.075011442793665450e-01,9.731436316155266386e-01,2.564485095870440157e-01,6.093346566850990076e-01,5.211103159538239549e-01,8.947690098867852049e-01,1.800687235507467399e-01,7.321083268082363427e-01,4.725059393343002956e-01,0.000000000000000000e+00,4.608543889958793272e-01,6.989611241742288428e-01,4.958498290265659914e-01,8.656346883830298156e-01,7.452760724244775759e-01,5.016986784998809373e-02,6.796807130495875482e-01,7.476526508644621982e-01,7.503932952258475231e-01,5.697568367039573811e-01,7.897888002650238493e-01,7.995517377736760523e-01,7.763510016309140838e-01,2.204961972035666407e-01,8.868000773126248626e-02,4.593553437211863044e-01,2.027096203565529053e-01,5.468121698048626911e-01,4.914520488771913498e-01,3.494116561829609946e-01,1.417368584992395875e-01,4.055016619286287982e-01,4.907081481326593386e-01,3.906885918813578495e-01,3.398677747349566625e-01,7.206298492567968506e-01,8.649413535948934362e-01,5.002693328274685491e-01,8.884018631372269104e-01,4.514187971884060513e-01,7.750138682506613197e-01,7.394461666807886635e-01,9.308247277987954371e-01,6.373658202775585035e-01,6.696048318461342852e-01,8.614632834570786768e-01,7.013993018451043504e-01,9.962465674427858353e-01,4.329994044570415479e-01,8.358227199314612887e-01,5.451384997209647310e-01,1.002651508360471733e-01,4.528827812022522270e-01,9.899147524344857896e-01,2.864670419952545233e-01,6.194864587173976034e-01,7.304027146304089557e-01,8.706231287004828623e-02,8.548566534654797877e-01,7.414253853506594938e-01,5.993304311408614860e-01,5.994602743677738266e-01,8.142219988288567079e-01,6.181361023668485721e-01,6.538655102648539552e-01,6.183225153435689680e-02,6.613020190710965363e-01,8.991867601650784803e-01,8.805382783115796030e-01,4.060846160784625791e-01,2.867608484028674187e-01,7.312892835256045165e-01,9.400751834508472848e-01,4.625473206896862921e-01,4.427266569001837571e-01,3.310681484488022797e-01,2.859744739083155962e-01,7.545403854370917873e-01,7.447105953376454979e-01,7.118606205797771702e-01,1.884607589179534970e-01,5.296332467666897692e-01
7.562635208589394420e-01,8.825377160595868631e-01,7.323884956383478473e-01,7.017208936600080049e-01,5.463186358362988049e-01,4.169255267072043414e-01,4.986615952925380624e-01,3.443390451033879751e-01,7.394102489843521475e-01,9.402272331947579831e-01,7.841609921526435656e-01,8.380355783272345205e-01,4.608543889958793272e-01,0.000000000000000000e+00,6.285032992453191136e-01,3.904324523757227716e-01,5.687347918040159822e-01,6.443341167467375730e-01,6.634569799836369519e-01,6.002640911420582537e-01,9.931100029526177542e-01,7.002385389658203341e-01,8.304545390754920486e-01,4.995101477298895531e-01,7.293902801864712293e-01,6.225556089987950292e-01,8.061611875424422591e-01,4.513829526499250622e-01,5.391781079831219348e-01,4.585800127631311507e-01,7.522194542182639720e-01,9.909312734798884081e-01,7.977795907587030833e-01,6.685407333913824246e-01,2.165724700609708842e-01,3.501790532367857200e-01,5.132808106487652955e-01,4.596056601763562344e-01,4.540860551390295541e-01,7.619426563884761361e-01,7.908569492912129739e-01,8.318211013918080932e-01,8.638250599857031364e-01,9.133100846192525601e-01,7.623127092439536678e-01,7.478401569001114080e-01,4.678962208430759717e-01,5.969424694566858314e-01,7.264452863254972081e-01,8.804201146294803326e-01,4.324895230151145076e-01,6.819207887519741496e-01,2.490856141466543383e-01,6.014049453243619503e-01,8.424591009804958119e-01,9.071333140005565232e-01,7.115905352504618975e-01,4.281565282514830373e-01,6.139784024219725467e-01,6.062054852211578027e-01,3.108567066608398655e-01,5.626105551164148899e-01,4.751015128447352298e-01,6.244462019394007024e-01,9.052460941220598079e-01,7.469476480388973494e-01,6.185856264126537996e-01,8.294705952190096765e-01,5.499214255826074815e-01,2.256209753957142405e-01,8.371373025010135915e-01,7.695095742905454506e-01,4.946634363346701369e-01,5.822399477413612301e-01,3.752456365404879257e-01,2.814472187983461660e-01,9.345121751380760511e-01,1.576444551904774005e-01,8.393061053252193204e-02,4.423318977159037546e-01,9.777039437006845857e-01,2.250209482731033162e-01,5.265353711065459130e-01,1.617115587617657668e-01,8.101636570124362002e-01
9.824783515136815693e-01,6.407032728292894053e-01,8.668063138498082187e-01,6.051375162363686888e-01,3.555131997984092296e-01,6.219796723542215799e-01,7.147146080461530548e-01,4.964910423440612175e-01,5.644895685752580050e-01,3.889389367666765684e-01,6.013875064816670557e-01,6.192280121855531227e-01,6.989611241742288428e-01,6.285032992453191136e-01,0.000000000000000000e+00,4.554687571057646767e-01,7.020694655315258270e-01,5.877891436462288066e-01,6.167375151991801863e-01,8.511939810481697899e-01,4.557886114070063277e-01,5.860046051120235688e-01,7.731199140844513540e-01,6.366855499096319981e-01,5.427710701838410756e-01,5.881617142570785273e-01,8.571279809607603717e-01,3.229413162975480200e-01,3.442557609586600620e-01,2.650818294212960446e-01,1.649080476227529068e-01,4.711023958656557764e-01,4.444735558701086720e-01,5.352312031997451536e-01,6.043640708792243910e-01,4.442398732962387631e-01,7.658998300169259643e-01,4.305759248987641730e-01,6.806196812064623236e-01,7.147460260670349674e-01,7.006470998048209831e-01,6.445011347240974242e-01,7.289923628267038769e-01,7.190903015178407021e-01,8.059282931369829983e-01,7.695671362232106016e-01,7.893318072749292424e-01,4.090680739477233763e-01,7.070042491562572584e-01,6.999550369420947105e-01,5.330651538665264200e-01,2.974104866997380192e-01,7.392091083398001361e-01,7.104817589257155230e-01,4.545127610385786832e-01,7.033297671536082873e-01,4.649223234665916804e-01,8.183562422584410578e-01,6.057010433005691752e-01,4.350025963566270248e-01,7.615296940478742949e-01,-1.885232099505116665e-01,5.189417913525747883e-01,8.372161476039176042e-01,9.633169574072881769e-01,7.984952639791316198e-01,5.911850512065596197e-01,4.406882903156018605e-01,7.217112816653926677e-01,6.090778285086094757e-01,7.206511624436289232e-01,5.988005162720433372e-01,8.469725464961075714e-03,2.486576957071657268e-01,3.343509137687292743e-01,6.404347694775381905e-01,7.909089921346273977e-01,4.727974661208411145e-01,3.921089868509131104e-01,9.688260724474487273e-02,3.026525834868467602e-01,8.061159712771072128e-01,7.066300389243643787e-01,1.617913231837440624e-01,6.832732452901036924e-01
6.524890145936458330e-01,1.826787777096663679e-01,8.069448110349101144e-01,6.461664085328904239e-01,4.786105737187137943e-01,7.748047252844570965e-01,4.243823543653605368e-01,1.397735300692099503e-01,8.588561053651100341e-01,8.664921121394084658e-01,6.008002542094886128e-02,5.462535821727618757e-01,4.958498290265659914e-01,3.904324523757227716e-01,4.554687571057646767e-01,0.000000000000000000e+00,9.919995189284512849e-01,6.032645468833387481e-01,4.263983011847785054e-01,6.784625112389037760e-01,6.914770659003053321e-01,-6.281012326349053043e-02,6.048627173876829355e-01,9.980876171362333960e-01,4.684294073138081105e-01,2.770888842909564054e-01,9.501223018766988826e-01,2.159930768495161857e-01,2.537095018682914427e-01,7.384842880501433227e-01,5.801186823182182817e-01,5.369809729354502181e-01,8.556198671648134191e-01,4.811509869701913189e-01,7.136746371568244429e-01,5.016036391969052044e-01,3.468683539325801424e-01,4.819556700801832516e-01,5.367374271582933121e-01,5.278694005080344365e-01,7.093805047832080213e-01,3.100089565597672903e-01,5.549989089628725170e-01,4.938102168154210325e-01,8.149673833070631979e-01,6.501078842007975700e-01,5.406519893721204451e-01,6.879017875377053670e-01,2.725896187431833262e-01,4.269214702397182704e-01,6.431512409679200903e-01,-5.465964802850370452e-02,6.700109770134176079e-01,4.368142244125332585e-01,5.184333018740752141e-01,5.731345520459972809e-01,9.500856246926543403e-01,5.884671886757079085e-01,6.282204466290229883e-01,9.853683008471625371e-02,-9.959645922475524049e-02,5.255665636420705500e-01,1.999661805490292599e-01,3.245961678721548394e-01,4.625051187692136301e-01,4.163942806486224391e-01,5.577762361461899854e-01,6.419357896277652076e-01,6.776911673038696904e-01,2.007231009742671823e-01,5.788445512158261197e-01,1.647611835966512339e-01,1.789561570575602945e-01,-6.783637450947566094e-03,4.026280050000148325e-01,4.883418959804594062e-01,6.996309093156424241e-01,5.985723334538708418e-01,2.751887943532786429e-01,5.008597512048731937e-02,1.773715265408208619e-01,6.455353732154454072e-01,7.502504321215397454e-01,2.498208929728208683e-01,5.834638690945035400e-01
7.760725533610869364e-01,7.541667437155831211e-01,9.768864624939238572e-01,6.166006829738998052e-01,8.551138078573922163e-01,6.163895434612262081e-01,4.813629416792064020e-01,5.860497037083316485e-01,9.043767965579068147e-01,9.895271489612791349e-01,6.815144929172899380e-01,3.613328573445507841e-01,8.656346883830298156e-01,5.687347918040159822e-01,7.020694655315258270e-01,9.919995189284512849e-01,0.000000000000000000e+00,6.157030549792753549e-01,9.195417017472714560e-01,6.463408057721319322e-01,5.364652114875751998e-01,5.007005703014448805e-01,8.430200702837173932e-01,6.883570606184586937e-01,2.124646593110647297e-01,1.878119789516615179e-01,6.380952686749367109e-01,3.502372291358230028e-01,2.577944207859435011e-01,4.612695595693610540e-01,3.682579959788312429e-01,5.288854985225556193e-01,4.982859837174197781e-01,6.788942607782426641e-01,5.450556647791214848e-01,4.619108332917878368e-01,4.960515965914867875e-01,6.360764035555220852e-01,5.915356668551569053e-01,7.940482661678569531e-01,5.133956735895498502e-01,7.114461630948687443e-01,9.787485481730915371e-01,6.421255523660709397e-01,9.115347280708355759e-01,7.230647887764486414e-01,4.136334556002815854e-01,4.739710608237239220e-01,6.215358336395983008e-01,4.766020512389792518e-01,8.953646607782236311e-01,4.503950440682985001e-01,6.591371985896197216e-01,2.663594813097879821e-01,7.562580525907003359e-01,6.329790603577577501e-01,9.381428466127301746e-01,9.714848544290763943e-01,4.906894082425903303e-01,5.526390778829191053e-01,7.021588758499044403e-01,3.729601749843926006e-01,9.571464024030663653e-01,6.947680478413696958e-01,9.153047573213308752e-01,9.571817765259318378e-01,4.868928323595962393e-01,8.700831538844804314e-01,3.241944686407697285e-01,8.744059951299416600e-01,5.975768903346916350e-01,9.741781175317676400e-01,2.800836434247344076e-01,4.789239911126690896e-01,8.143514214845889443e-01,6.478963113513515060e-01,5.913169407181949611e-01,4.874967873138173480e-01,5.946692973819700523e-01,2.829646043293682078e-01,7.782025626508086713e-01,9.066292797946414739e-01,6.054942681016932671e-01,7.782180032790552149e-01,7.597201672778262083e-01
6.311319544565769935e-01,8.063683620917636574e-01,6.139225084036659119e-01,4.556359766075692153e-01,5.836883455367136708e-01,7.805566067495550708e-01,6.128323496684535687e-01,1.631054911523925968e-02,6.129668638178134010e-01,2.135768634290861612e-01,5.115073533640243086e-01,7.756004705897124873e-01,7.452760724244775759e-01,6.443341167467375730e-01,5.877891436462288066e-01,6.032645468833387481e-01,6.157030549792753549e-01,0.000000000000000000e+00,2.275068544530342574e-01,9.659908767417325626e-01,5.075089514211552633e-01,6.349406721471262394e-01,6.978441027496206095e-01,9.829245720693093880e-01,4.659844076895969245e-01,4.753094473741629189e-01,6.378665173716610015e-01,7.224849269680111430e-01,4.718714729903295546e-01,5.973833745189671696e-01,1.888615664028534813e-01,6.366892404423039054e-01,4.990197594303905082e-01,9.726632795710200563e-01,3.252491339887342292e-01,5.601182861326028384e-01,7.851812108381750477e-02,7.381066109727640878e-01,9.541905372293396637e-01,8.492937451085674772e-01,3.732994568217532505e-01,4.888203965092182690e-01,8.639280211932167663e-01,8.632204814680309868e-01,4.491275171436190927e-01,8.767264322900230056e-01,7.516742178439769217e-01,6.457160414934659531e-01,5.536431665861876183e-01,2.212486492498438317e-01,7.851202635308260902e-01,2.279545149168283602e-01,7.958771450263469882e-01,6.355301378548696700e-01,7.643284167460521195e-01,9.531614854220343824e-01,7.431827203371413892e-01,9.728721424633136605e-01,6.024074097677215578e-01,1.106304059529658601e-01,4.648529660054184220e-01,6.048303886764988535e-01,7.560733880056571543e-01,9.078845031486988404e-01,4.858109991791834115e-01,7.170073855512462124e-01,7.038589372937782418e-01,9.798565422302811800e-01,4.682771869204154780e-01,6.806763644231783594e-01,5.808206231212795778e-01,6.547346992810960664e-01,1.060715137598519098e-01,6.258340786601273020e-01,2.074377561748303456e-01,4.000220754254982247e-01,2.005725042187123108e-01,5.512981365581025583e-01,5.562292911116588634e-01,4.605597100150892187e-01,6.494825718579393392e-01,9.714734372524141959e-01,6.861079853782151572e-01,2.192327313507395625e-01,8.504447816387399328e-01
