0.000000000000000000e+00,6.552781958308253607e-01,6.215850149196927577e-01,6.928923085954139527e-01,7.672825473812290298e-01,2.709029122303496795e-01,6.291124345355971759e-01,8.813344925197679203e-01,7.214697328171806312e-01,6.491333083511522384e-01,7.419290126460353907e-01,6.950413402373797345e-01,3.131532520242686357e-01,4.493151315041019056e-01,7.391312911577235800e-01,7.779789499749605319e-01,6.935637939016449094e-01,8.914599882985710932e-01,2.959163293792692606e-01,8.430536889190585192e-01,5.377254520922100101e-01,6.138688915548322633e-01,6.440128871441996861e-01,2.965096378655969200e-01,7.461527835240833184e-01,7.016932538304739841e-01,9.016245756042068349e-01,7.484649164518902831e-01,1.626551943127995115e-01,4.192055983468268576e-01,2.023439990162464452e-01,3.306617646196008398e-01,7.170588000023502273e-01,8.079339730196253289e-01,6.008822507682098912e-01,5.500192274607625942e-01,5.244249595050167745e-01,6.681119186160139334e-01,6.408180869480526454e-01,4.453133100229520469e-01,5.442297643019423647e-01,8.544465122641164978e-01,9.430923400536093126e-01,8.875836304440954949e-01,3.197256036137826607e-01,8.785536809646750100e-01,8.485222463570767371e-01,9.797189339879788239e-01,2.362445095716792232e-01,8.181627759649205966e-01,6.763646597012238360e-01,4.708689965240403508e-01,6.369508396651816229e-01,4.580655911175980366e-01,6.524739355439997945e-01,9.716035477574573864e-01,7.876924206926152472e-01,8.239615797520101204e-01,5.305706488758484829e-01,7.657590059976941976e-01,3.895209918821567197e-01,7.388694024859757681e-01,8.716379391061750415e-01,6.369234774472787297e-01,8.066278169685973110e-01,7.868938779923468907e-01,7.497667188319092624e-01,4.476472418240770024e-01,9.491470795935172955e-01,6.028772269530102701e-02,9.959456704439558772e-01,8.987661332456898799e-01,1.203231363840244830e-02,-6.730401260900256699e-02,9.317371522521427085e-01,7.294866458823376920e-01,4.364671816908128887e-01,5.623746098713942043e-01,2.749639686514828707e-01,3.937065953769226523e-01,9.344611437382799313e-01,7.807117676389341288e-01,8.236070423778961702e-01,8.604843174418569385e-02,8.102601109885828601e-01
6.552781958308253607e-01,0.000000000000000000e+00,9.681210240255897492e-01,6.835836265275299084e-01,4.709657903139484736e-01,5.376423495353329640e-01,4.530075073908646499e-01,7.873915848843865417e-01,3.742910676704175321e-01,7.871334270145318168e-01,2.637448094465709714e-01,6.578092647402608018e-01,4.574536074427092980e-01,3.038856446154664659e-01,5.224475505097351258e-01,9.997126638873358173e-01,7.877706254314720269e-01,6.966185769316679544e-01,6.252229304690057887e-01,6.385280836144376915e-01,9.099096120536284138e-01,5.694819755934332761e-01,6.080141544132675602e-01,9.490664580920140647e-01,4.850896466173499344e-01,8.057321064970071611e-02,7.167501776691871385e-01,6.648207891807198511e-01,4.473844019145412076e-01,3.981870026752213354e-01,5.879768292633538174e-01,2.866803823651533079e-01,1.632253663433790858e-01,8.289418443467976294e-01,2.857248162310764283e-01,-1.815297341020486732e-01,4.387381946480636286e-01,2.010780853396159640e-01,8.188316885216233576e-01,4.766838071680336020e-01,-1.278502126914319859e-01,7.227968990095556823e-01,8.908462232011443716e-01,6.205971021657925579e-01,5.777138026417697469e-01,6.048623896973835956e-01,9.299366469113681255e-01,9.869404432920230175e-01,5.722426550367284426e-01,6.874275166661116820e-01,6.006818384374249531e-01,7.635243446627382538e-03,8.970909546319789651e-01,7.004668085742241646e-01,8.112119226083074341e-01,8.533090114420669448e-01,7.996766916730654318e-01,9.680960551397893576e-01,5.707636674170771807e-01,5.217506152749539217e-01,3.590625914323669621e-01,7.838870745679926699e-01,2.489730385280370384e-01,9.157737194184382146e-01,7.774609530394058776e-01,4.967891377757218119e-01,7.326100713646187534e-01,6.440996643637461050e-01,5.833246918229146871e-01,7.801065834558719159e-01,7.406610733334921814e-01,9.231570215769768772e-01,7.505077062464312609e-01,4.874542465778025080e-01,5.964001433098992111e-01,8.813549922678030057e-01,8.005163804309389786e-01,2.885436518340112055e-01,-9.877467865731827390e-02,4.330721695974273922e-02,-8.269916253845466247e-02,3.451852086773410933e-01,8.049072903135895407e-01,5.646683305105293371e-01,7.892887222371696154e-01
6.215850149196927577e-01,9.681210240255897492e-01,0.000000000000000000e+00,8.338182681184560519e-01,9.408506019712545854e-01,8.210587031471314745e-01,7.636302273750315006e-01,4.900081961744225945e-01,9.208300909617712637e-01,4.565983485066263947e-01,9.498494647352372366e-01,9.217672013871613945e-01,6.086385938705018983e-01,9.210798499726773336e-01,9.511019034647677506e-01,6.564394164774500773e-01,4.562121920449858092e-01,6.413858326916370700e-01,8.821990629086935432e-01,9.498049966195037941e-01,9.750782490158101945e-01,7.532396411311395035e-01,9.150457520811773326e-01,8.729815433009273651e-01,9.980886745653974046e-01,8.846973046803483509e-01,7.599442492537007432e-01,6.583180124894999485e-01,7.962747766385820380e-01,4.765034430952640454e-01,-2.660318133249085504e-01,9.911862304711345217e-01,7.247110056651790977e-01,6.996727021300864768e-01,8.357254913467594415e-01,7.193751664309722127e-01,3.939548553386861274e-01,8.058668168644850249e-01,4.300188370044177311e-01,6.842841502329827241e-01,5.112172088890341026e-01,7.187248714665070981e-01,5.317760196396219552e-01,7.155938829564539860e-01,3.974520824246685624e-01,2.809562524989294152e-01,7.997501995942885022e-01,9.469111598829846876e-01,9.176050067562838697e-01,9.384068552186389800e-01,9.060654038709157199e-01,7.748695832805153616e-01,7.270486089593679591e-01,7.297967019066214922e-01,5.829358852940597080e-01,9.971323437776988818e-01,3.789626348680157353e-01,8.705535936492810878e-01,7.046811188354932254e-01,-4.760619855807324274e-02,5.492651688384286857e-01,9.373324329852590342e-01,6.409160577695296457e-01,7.109317289161863895e-01,7.627886009314781557e-01,7.462583807959490834e-01,3.225779119924533367e-01,6.655529950288798791e-01,8.893179866572994419e-01,7.513435277830051717e-01,4.041238166798021836e-01,8.590256963592183270e-01,5.572081235510566444e-01,1.122722223635362476e-01,9.181452335181432556e-01,7.510368376510887511e-01,9.833249649739772558e-01,3.636189711690496207e-01,3.647847941117507986e-01,3.666204758233335692e-01,9.726107571335018687e-01,5.677057396151510282e-01,9.181250417628025184e-01,7.786524326751558256e-01,5.131700267300653984e-01
6.928923085954139527e-01,6.835836265275299084e-01,8.338182681184560519e-01,0.000000000000000000e+00,2.543589874048444721e-01,4.045272285001051404e-01,5.604481865922620321e-01,2.947289372831710108e-01,9.351291606870413275e-01,7.149279045345875438e-01,4.750848603759292854e-01,6.728818307728847703e-01,9.218110872085932828e-01,7.115729181162809835e-01,3.447501325704396269e-01,7.946585405265854662e-01,8.085213683701836240e-01,6.369813245077886599e-01,8.516299672810049293e-01,5.341519437401817116e-01,7.710623519761600209e-01,2.656448723094437803e-01,3.567192792177662497e-01,4.873019601428359993e-01,2.227361945642917507e-01,1.013197392402587077e-01,7.732852359325450564e-01,7.057744194888670997e-01,4.457498304549977752e-01,5.943262550631875918e-01,3.932366978855823814e-02,2.682529912361296121e-01,2.866346418200879653e-01,4.002619935704607723e-01,7.896885691625099568e-01,7.190935583553888233e-02,5.145097935624298735e-01,2.375288824437040980e-01,7.096058649889718239e-01,1.756597789559715961e-01,7.123362759522779974e-01,9.688331823175063695e-01,2.187663022151095094e-01,6.286277649433416048e-01,1.186852857439570363e-01,6.441339147592526349e-01,6.104650279156617065e-01,5.348775853713562123e-01,7.210140113303755705e-01,8.796358960586331266e-01,9.844647222000758591e-01,6.870154378579990118e-01,7.167520694124841496e-01,2.699263811021820891e-01,8.473289524528986316e-01,6.818277638975711596e-01,8.390214632959011043e-01,8.145344775976004481e-01,4.184824822656462717e-01,1.649571340981226394e-03,4.058117730703384995e-01,9.547994876093858219e-01,7.599702333557631917e-01,3.338880901343641572e-01,5.953471654234580024e-01,2.486809432555096011e-01,7.802408999811928370e-01,6.278117188940226523e-01,5.739497118832241895e-01,8.019175423676829784e-01,6.699582555766252501e-01,7.333289451127920078e-01,3.649016684409804867e-01,1.558746982070911141e-02,4.649266373779444295e-01,7.533895273136272941e-01,9.698153643864784179e-01,1.460409842997593965e-01,5.827530784950464282e-01,1.915504089372552787e-01,1.150192688069678892e-01,7.575228275089149754e-01,7.358190114675435822e-01,4.344966700796333847e-01,4.392229687471482791e-01
7.672825473812290298e-01,4.709657903139484736e-01,9.408506019712545854e-01,2.543589874048444721e-01,0.000000000000000000e+00,2.497104471239869616e-01,4.484404786925709208e-01,4.875815411153024970e-01,4.427568307106313217e-01,6.054765888031136134e-01,7.483271613820323687e-01,5.357782591720917642e-01,9.338523893433368084e-01,7.536578519960146494e-01,5.147816266141787001e-01,2.902257315805443355e-02,6.000357593491270070e-01,4.972294602044295964e-01,6.034704209810859421e-01,7.896695447423738301e-01,9.602872157256927554e-01,5.211148395233557995e-01,7.996207973163245164e-01,9.065772295997414076e-01,2.783190616150302832e-01,7.939993969831276033e-01,6.745169772386141460e-01,5.195754811784611960e-01,4.657970574736665093e-01,7.793709766336313072e-01,3.638200609647807005e-01,4.767419897897102743e-01,4.832608436547546349e-01,7.813094718040252129e-01,6.372874488229665624e-02,1.873350681630685521e-01,3.920700727270236552e-01,5.870168809847533531e-01,5.920063894967066975e-01,8.121064653154788093e-01,2.958025141006479647e-02,8.033013061530888121e-01,9.924125327757893356e-01,5.379047676172861170e-01,6.264014880579150679e-01,1.563535435372870319e-01,8.903332719335000922e-01,7.244632030729065697e-01,9.057212811334637292e-01,6.658988219758570359e-01,3.609632101783851743e-01,9.052684202325411711e-01,6.815827280853128389e-01,6.860485152846979018e-01,6.136522658745806602e-01,4.856923101815055488e-01,6.303213629617565594e-01,7.380010817816351487e-01,8.830901975374618740e-01,5.551951878672704010e-01,7.507942807820481290e-01,3.333772204212464008e-01,6.417125414579278875e-01,8.130147486021499503e-01,8.672828486087699185e-01,-1.964132409777059052e-01,7.900978175361086375e-01,9.291098283229690669e-01,7.058062915985617858e-01,9.907062928767884635e-01,5.926995599394704328e-01,6.357679762615473518e-01,5.144146045873150552e-02,2.325000862392612999e-01,3.476313678623833558e-01,7.641081467071527689e-01,5.962874912042147590e-01,6.385467457456006808e-03,5.083069146874635152e-02,4.469818833445994288e-01,2.236509873827939032e-01,3.442400275749470939e-01,6.554067371298822886e-01,6.689688253383121452e-01,6.367831210622360016e-01
2.709029122303496795e-01,5.376423495353329640e-01,8.210587031471314745e-01,4.045272285001051404e-01,2.497104471239869616e-01,0.000000000000000000e+00,6.731528145241595373e-01,7.245045999012569293e-01,7.144431358794820497e-01,6.023408123425122440e-01,6.064517504478793564e-01,4.262123606171289714e-01,9.583754639943076192e-01,5.642134691418370096e-01,3.763389629222192445e-01,-1.540868736652509230e-01,9.815818304804749816e-01,9.651285705679265581e-01,7.719759333146107849e-01,8.956884218409649767e-01,9.251152773116344541e-01,9.865869277731500464e-01,5.318765874309078212e-01,4.486788709302921285e-01,6.603378292558159668e-01,4.667590101217405918e-01,7.314625629419395647e-01,4.654800302369963561e-01,2.698758223521524613e-01,4.369813391547459069e-01,4.234902396125065915e-01,7.011913985310713748e-01,7.504134016866073065e-01,4.789140217547737111e-01,4.942827708124029051e-01,7.703627659990218701e-01,5.320217636988489041e-01,-5.211573170422520440e-02,8.513614739435531042e-01,5.183191336212578104e-01,4.124490919310436210e-01,4.596910029306905399e-01,7.336231823447908473e-01,9.850818101072328359e-01,6.558892020266683387e-01,8.915622164782397441e-01,4.640132081598490332e-01,6.041954914702394319e-01,8.806592972245057549e-01,2.221627488174098830e-01,7.173456049854786132e-01,8.097640608685647834e-01,8.493440039670989705e-01,2.093867127293195796e-01,7.080104737325890740e-01,6.641995289052049500e-01,5.544181830251744270e-01,6.665236810763714992e-01,6.333734200225388244e-01,-1.531722536477616581e-01,4.420095935604264059e-01,8.661388896238317869e-01,4.213846559023798899e-01,5.561100569911177072e-01,7.083759099152331373e-01,2.250205825180349728e-01,6.035634532223854709e-01,7.953165105970079196e-01,5.329444445214974735e-01,6.031174444023764680e-01,6.186575464918599998e-01,4.099255703184558897e-01,2.946475846781664854e-01,3.468159957967332230e-01,2.364006449229005269e-01,5.250495277021643981e-01,7.186524021283930974e-01,5.553389371454166001e-01,1.127227829708306595e-01,6.916475437911292490e-01,3.133687641523191236e-01,6.768694576498056614e-01,9.373629148798019450e-01,2.993655883861172651e-01,7.308041686534106907e-01
6.291124345355971759e-01,4.530075073908646499e-01,7.636302273750315006e-01,5.604481865922620321e-01,4.484404786925709208e-01,6.731528145241595373e-01,0.000000000000000000e+00,5.696392311116531548e-01,7.222606557197184252e-01,5.814285056193577716e-01,4.296984359346569526e-01,5.089812224513035055e-01,6.917105428292509295e-01,4.423118216257108104e-01,6.560271155767831708e-01,4.089972813415472253e-01,6.678088343863637366e-01,6.825458847055471123e-01,3.218085329582114351e-01,3.631615983984871621e-01,6.560413957299680021e-01,2.406854663868302491e-01,5.652283781709979138e-01,9.617340581220835682e-01,6.994973231936720826e-01,3.123542095818200859e-01,5.724115068018589270e-01,2.535680810523705531e-01,4.557883692299249390e-01,7.731969362803559759e-03,5.251554986448557782e-01,9.019251735515165791e-02,3.294434481276316551e-01,4.494388352931893427e-01,4.196026286317189324e-01,6.987353375335609851e-01,7.066592005387238584e-02,4.196052836158644661e-01,8.143404148102996176e-01,6.473786169195713258e-01,7.495784178242436147e-01,5.605630325840426087e-01,5.798765825895654258e-01,7.083125987421196035e-01,8.811386159726548595e-01,6.822283281016547907e-01,6.257271917140125872e-01,4.401314932281708558e-01,4.313465826162282690e-01,7.489082133465626567e-01,2.644560559645742215e-01,4.754993719706196997e-01,2.886943254965832623e-02,4.229596175963590277e-01,4.684275550043625995e-03,2.570752618753728291e-01,6.313140849135272514e-01,4.821097503102357851e-01,5.581199489884665077e-01,2.680064080505315527e-01,5.627156056875857182e-01,4.953020632303863358e-01,5.152235907554714167e-01,8.709180130276961140e-01,4.112436787679086825e-01,6.025565934063574769e-01,4.861760779222721318e-01,9.776746886208002030e-01,5.724760571650201468e-01,5.850101347000278285e-01,3.822870402439598747e-01,7.924415768033563623e-01,2.123401518276791522e-01,4.045132692972278621e-01,3.166621374069664707e-01,7.832569147332280046e-01,7.876280831197710608e-01,5.974111137404281013e-01,9.548276527172108175e-01,1.326019567681644418e-01,2.759353867856235709e-01,8.310177157402770520e-01,5.147516574147406043e-01,4.053832576652809383e-01,5.624549977527895095e-01
8.813344925197679203e-01,7.873915848843865417e-01,4.900081961744225945e-01,2.947289372831710108e-01,4.875815411153024970e-01,7.245045999012569293e-01,5.696392311116531548e-01,0.000000000000000000e+00,6.234670152749672845e-01,4.941845311167036847e-01,5.225279836477465523e-01,3.583079202217427373e-01,4.421838432860916157e-01,8.230776134880433970e-02,4.763817728360558723e-01,2.472520184610857708e-01,7.767280365744132498e-01,8.856048900893791487e-01,7.726110570618690554e-01,4.977163689712463812e-01,6.813135938697308935e-01,5.989751229850224373e-02,7.806765179418992950e-01,2.382048846112734819e-01,6.978386697437215513e-01,7.823304497480015884e-01,1.768590947152402088e-02,5.501435621464365600e-01,8.280916645513293137e-03,2.429178821129615307e-01,2.022993195900830710e-01,5.037584173833798973e-01,4.930395196334474983e-01,3.129930759719186661e-01,8.620154651485366359e-02,4.637576233992765085e-01,3.095970116806112671e-02,4.810312237241658462e-01,8.286361723555727421e-01,7.672368668722826524e-01,3.624417818926959356e-01,9.226609457187932017e-01,4.488871238448906564e-01,8.727726955755035210e-01,3.598700072903086022e-01,6.214462110767580150e-01,5.052583247184083692e-01,5.202385143853825999e-01,7.190233186711939561e-01,2.510052732344789789e-02,6.991889722089462689e-01,3.302740338757906846e-01,4.525792759700745238e-01,4.373864976021750728e-01,9.006277457046181212e-01,6.294483537084221147e-01,3.375209835868505648e-01,4.283813004343743902e-01,4.021542940132085131e-01,6.220880982060881248e-01,4.727139891759351009e-01,3.877607740648079115e-01,6.516474833540211176e-01,9.284380164863270668e-01,9.120387746803996221e-01,6.695382096572681796e-01,6.885766097206929004e-01,2.235442920985694637e-01,5.739540934991447241e-01,4.170252925235858887e-01,4.263888395028635481e-01,3.658828435361094478e-01,5.241896638327929736e-01,1.661891735466215214e-01,4.402595756527628579e-01,6.464562140710514715e-01,7.088562595593231874e-01,4.820281337993593263e-01,4.985339074648865165e-01,3.961833563324190788e-02,1.095479556997838722e-01,2.287863522681039541e-01,2.454381502718480379e-01,9.775350964582616431e-01,7.410355640502326313e-01
7.214697328171806312e-01,3.742910676704175321e-01,9.208300909617712637e-01,9.351291606870413275e-01,4.427568307106313217e-01,7.144431358794820497e-01,7.222606557197184252e-01,6.234670152749672845e-01,0.000000000000000000e+00,4.770604282810677055e-01,5.776231167370100561e-01,4.363604403875074450e-02,9.358449578596147456e-01,4.237936643949233306e-01,4.792472338113853980e-01,4.848288575279436352e-01,9.654250327441653567e-01,8.738839437031507007e-01,7.238020450663236183e-01,7.180152671731014902e-01,2.570424553940053869e-01,6.312849431735967354e-01,7.361655111124272288e-01,6.158910282099285816e-01,4.987735040941197462e-01,4.917378260942307233e-01,4.193471915382190884e-01,4.867980102307702950e-01,6.304528383990862794e-01,4.468746833660330320e-01,3.728294543277378970e-01,6.824175598724714353e-01,5.905107891227361350e-01,4.791848674003911790e-01,6.225873884564091520e-01,3.883992234166742108e-01,5.857569246985355749e-01,1.348091947875744157e-01,-1.892227864275994320e-02,4.985154008458942965e-01,3.146248662809997265e-01,7.262037713188782551e-01,8.217874231941519891e-01,7.802758303091217318e-01,5.180828150575846891e-01,8.099831085291863131e-01,6.791231261096734029e-01,4.977751106570753592e-01,7.957576690693641819e-01,4.488266705161534920e-01,4.515834047728715661e-01,4.071976276142044160e-01,4.845884160728539808e-02,9.540512387842206010e-01,7.714750571031243620e-01,9.754559713880290861e-01,-1.017018147082835167e-01,7.647233702900640973e-01,5.576075461590410676e-01,4.848430310098013063e-01,4.360691443831217207e-01,3.913251526847508766e-01,7.586671464533903952e-01,2.847632651651113012e-01,4.843921900082691634e-01,4.725311456836139151e-02,5.186845209967639869e-01,6.413361775632484552e-01,4.619006268485634226e-01,7.597394763115858929e-01,7.506655469741623232e-01,1.975424874088148597e-01,6.568416565725634371e-01,2.713894628713506285e-01,4.701639491560108408e-02,6.421650161986570682e-01,6.145175982329682540e-01,1.837760908833437901e-01,7.407074710239611726e-01,4.771241702697808229e-01,6.674803481917125358e-01,2.750269414389054923e-01,9.211599161660483093e-01,3.196883067753921170e-01,6.888115509985782703e-01
6.491333083511522384e-01,7.871334270145318168e-01,4.565983485066263947e-01,7.149279045345875438e-01,6.054765888031136134e-01,6.023408123425122440e-01,5.814285056193577716e-01,4.941845311167036847e-01,4.770604282810677055e-01,0.000000000000000000e+00,6.713453625305838557e-01,3.281145311538207210e-01,4.535189115708274099e-01,9.871738257266784444e-01,6.558973358414831312e-01,9.223349913445240134e-01,9.129755067252999234e-01,4.845223544762040646e-01,5.000809849235096083e-01,5.388256045751699252e-01,7.592496468877032445e-01,-1.518469970739591557e-01,5.879907046952157490e-01,8.588589001208656315e-01,5.406494726654125227e-01,7.832089397368274808e-01,6.262696331282301410e-01,8.709394493037393437e-01,5.416338790443862017e-01,4.034320381409267631e-01,5.524387966248112125e-02,5.388762616318398813e-01,3.721684938707494616e-01,5.037037284847978302e-01,4.388896752391816536e-01,3.709821628119224224e-01,3.929821327189934044e-01,8.813326064603673737e-01,6.870596230107888225e-01,6.079330790038969257e-01,2.349567587726064666e-02,4.719099678851512714e-01,8.063782368232725872e-01,5.622584282383968901e-01,6.992894494137545935e-01,5.649949013100390438e-01,6.272516421509287676e-01,8.453101112558500940e-01,4.104949617957797670e-01,2.392100081903611453e-01,5.254435901145393384e-01,7.357228506913028321e-01,9.299992783813171293e-01,4.270020317494513939e-01,4.824104753107705257e-01,5.287751819966470812e-01,3.803923134373242143e-01,3.105319616348671818e-01,6.301332450111060135e-01,7.445711634465017326e-02,2.995625113099177894e-01,5.259772677838503441e-01,3.050615497707075408e-01,4.219206652974513694e-01,7.942960515238690622e-01,3.300036687102696487e-01,6.001485099398219392e-01,6.265470129736016025e-01,5.032362134723089575e-01,7.819802346685349459e-01,6.064366760507390319e-01,5.479382307574285349e-01,1.122913060223053733e-01,2.762426002640819278e-01,5.251844130742056027e-01,2.038668290787550297e-01,3.623763657268426197e-01,5.004858540872824113e-01,3.940058468942291281e-01,3.596899823816186448e-01,5.810792518612389879e-01,7.191633314903898011e-01,6.077789819504724189e-01,5.473615358699965849e-01,6.065866704049860392e-01
7.419290126460353907e-01,2.637448094465709714e-01,9.498494647352372366e-01,4.750848603759292854e-01,7.483271613820323687e-01,6.064517504478793564e-01,4.296984359346569526e-01,5.225279836477465523e-01,5.776231167370100561e-01,6.713453625305838557e-01,0.000000000000000000e+00,6.420765106486462370e-01,5.017823454770398151e-01,7.677784781697624128e-01,6.858031615003319370e-01,7.470740066912254784e-01,7.635133900875147317e-01,7.451167613022466885e-01,7.512125760732103474e-01,9.486465644623917060e-01,8.916761586607331314e-01,7.739487352432871115e-01,5.132700891731620807e-01,7.884003779939724454e-01,3.785709408650322905e-01,4.803255572343634316e-01,9.275184889189653781e-01,9.687051871682328397e-01,4.686428081747586738e-01,-1.175133667266090309e-01,4.255179952646381825e-01,5.283094170081972241e-01,4.680563469628508666e-01,5.727673413402064595e-01,5.105423875122206967e-01,5.439138185484179155e-01,4.141958635668265831e-01,3.696082366281009390e-01,4.559014789362154096e-01,6.369580058674807477e-01,3.413455880222618921e-01,3.087359863175186958e-01,6.241370547959195214e-01,6.050317751098082120e-01,4.198792733130349841e-01,7.110851908930593268e-01,4.705515978125872634e-01,7.610071043777877353e-01,6.205385321370261442e-01,6.081417408277813852e-01,3.462572398980423571e-01,6.417788677613063264e-01,4.427005540432725206e-01,6.888644202183697995e-01,7.748711567651483945e-01,5.844464878342161551e-01,6.211056472600742229e-01,3.361440147915955023e-01,6.284897083431308928e-01,1.706408563029037095e-01,2.742186181508668996e-01,5.062202269364932672e-01,6.098771426897222625e-01,6.190750102865274496e-01,4.751485683252352210e-01,3.584902966388538448e-01,7.335954162794987576e-01,9.380154402368083844e-01,2.917043332013930512e-01,2.053716580768888966e-01,7.938900150235901343e-01,5.164554949228551406e-01,2.514541057316161399e-01,5.923219950809715389e-02,6.381466858104005713e-01,7.519263785642599229e-01,3.687114560363329296e-01,2.485908746653520962e-01,3.835034685856774095e-01,5.262038540915389140e-01,6.237586614347733205e-01,8.581968532700383623e-01,7.624205856476853338e-01,5.547086626953394717e-01,9.288975827014492870e-01
6.950413402373797345e-01,6.578092647402608018e-01,9.217672013871613945e-01,6.728818307728847703e-01,5.357782591720917642e-01,4.262123606171289714e-01,5.089812224513035055e-01,3.583079202217427373e-01,4.363604403875074450e-02,3.281145311538207210e-01,6.420765106486462370e-01,0.000000000000000000e+00,7.803191300868265179e-01,5.415310090085522221e-01,6.460304479340331918e-01,5.374962837120742520e-01,3.930500921607144038e-01,5.073276174850108733e-01,7.985196329464453457e-01,4.104888339509584760e-01,8.408223897248537915e-01,3.854286666077740842e-01,7.462290483033352517e-01,8.721103470097057997e-01,6.280492543421900553e-01,4.069295667200902855e-01,2.144324631138024295e-01,7.113048152629309895e-01,7.095485370925671553e-01,6.479981833843411199e-01,1.863308606061402084e-01,5.338043303671944351e-01,1.896851463436718954e-01,8.819049784317110063e-01,6.044826639695384252e-01,5.631312324609432096e-01,5.670325756111611604e-01,6.676276698039265156e-01,9.464092883704391390e-01,6.172428139515789836e-01,7.835024593074502164e-01,4.406035470626647466e-01,6.901449016268689229e-01,2.070412184773684217e-01,7.486136512378172014e-01,9.156230729453257444e-01,3.628505985455279248e-01,5.511240891257122021e-01,6.237100752643331969e-01,9.430444789708942732e-01,5.117743677118733459e-01,6.681474822091438837e-01,8.032394911721583153e-01,4.144689715328114810e-01,7.444244187083560726e-01,8.888023266012992085e-01,7.829224012249335063e-01,8.112955704761474207e-01,8.035273971417762340e-01,4.013635126105973283e-01,1.870230343116464633e-01,4.562334094671748330e-01,2.948004464096699029e-01,8.514711236652284798e-01,9.276462113505808960e-01,4.312966968224288822e-01,2.489156737493372629e-01,2.971387965686512755e-01,5.295945200310564482e-01,7.847365129144423523e-01,5.595827258436738560e-01,4.816421834576439798e-01,1.936755405273038189e-01,2.401208028776569414e-01,-9.320802069491779251e-02,7.629316863313024832e-01,5.945811334432966611e-01,7.135768503236746829e-01,2.742903796209787415e-01,7.508399856142520257e-01,6.057293765694936605e-01,8.190542059983662027e-01,5.464675793117992342e-01,6.598941696393809675e-01,8.479352003473489274e-01
3.131532520242686357e-01,4.574536074427092980e-01,6.086385938705018983e-01,9.218110872085932828e-01,9.338523893433368084e-01,9.583754639943076192e-01,6.917105428292509295e-01,4.421838432860916157e-01,9.358449578596147456e-01,4.535189115708274099e-01,5.017823454770398151e-01,7.803191300868265179e-01,0.000000000000000000e+00,2.416650302337005340e-01,9.166452615556638372e-01,7.277233694881903858e-01,6.611597498433732234e-01,2.464392443864871218e-02,9.616924894168241700e-01,8.289126918461122706e-01,4.527372185867525878e-01,7.978277414731704820e-01,6.646877156607505777e-01,8.287459165572174102e-01,2.394579161686479774e-01,4.198963595402590565e-01,6.519716581140775347e-01,8.358785796877207241e-01,2.125115407184818839e-01,7.542104393927494266e-02,3.823982399452732217e-01,8.101239742138517386e-01,9.673882692351464252e-01,5.021448454470660572e-01,5.677339919566432025e-01,2.932204178483386325e-01,3.718872394406935733e-01,6.047399524470509213e-01,2.251495768424651919e-02,6.764383346545659315e-01,4.307497906230424722e-01,3.450802544263127380e-01,7.835443380177234962e-01,8.141390867268318843e-01,7.392683165338496121e-01,8.531057819498509831e-01,4.015610390561423770e-01,7.771379115623903155e-01,9.758013264482809923e-01,5.110554643654657836e-01,2.323583035425785259e-01,6.709300820681103339e-01,4.455777939727448844e-01,8.831369351381126442e-01,7.894158210694965927e-01,8.926212355915452701e-01,5.699064243571387856e-01,6.596820234687132967e-01,9.982101039202615489e-01,5.526466210129609147e-01,5.975862682580923568e-01,5.431322430968000825e-01,5.219155671201388680e-01,-1.972574580572086789e-01,6.405836528636500438e-01,1.273880497789759425e-01,8.173804619546487515e-01,6.331178194987122643e-01,7.297316638372974840e-01,7.440673751500554989e-01,7.417900827081684856e-01,8.378601652079207263e-01,5.776592197944805385e-01,-2.250630135947345734e-02,4.086406409882149537e-01,6.550292873955605444e-01,8.142398372624101155e-01,1.416846947125930400e-01,4.854427727456343128e-02,9.377073621934733927e-02,4.540970130555587181e-01,6.311041312872586184e-01,7.128570854613908159e-01,4.853240803900873424e-01,7.841402267193167130e-01
4.493151315041019056e-01,3.038856446154664659e-01,9.210798499726773336e-01,7.115729181162809835e-01,7.536578519960146494e-01,5.642134691418370096e-01,4.423118216257108104e-01,8.230776134880433970e-02,4.237936643949233306e-01,9.871738257266784444e-01,7.677784781697624128e-01,5.415310090085522221e-01,2.416650302337005340e-01,0.000000000000000000e+00,5.550706770530351442e-01,2.455447488260543987e-01,5.339968676371817935e-01,8.058040400360633182e-01,7.579030893840874583e-01,9.837047146989839064e-01,8.151530323236606534e-01,6.655040139533641153e-01,8.099811639353833304e-01,7.905844420619937418e-01,6.832652572189354956e-01,5.169606342668857657e-01,7.002207263762108003e-01,8.347687149402902573e-01,-1.146479641082984446e-01,5.381229683882624570e-01,3.435161905699477547e-01,7.884396598721965521e-01,7.846012529778736422e-01,7.916068924648789196e-01,3.674878991006682583e-01,2.138492785493961434e-01,1.450303084601987091e-01,7.592573083985443283e-01,6.228157559815682420e-01,4.187936963554246272e-01,6.867762428386924300e-01,3.745115068072840669e-01,6.951164158858843534e-01,8.203428381585360363e-01,8.121158378093142893e-01,4.524817132366772410e-01,7.653521185892191436e-01,8.890700245385307898e-01,8.224113369405282592e-01,7.396821535519759738e-01,9.193945360595290328e-01,6.875461993586605702e-01,6.674998602118070723e-01,3.265421131551392575e-01,8.643642311011610069e-01,6.192829380086452007e-01,7.299933585293484350e-01,4.235532964618596852e-01,2.882794931513594228e-01,6.392827814198279723e-01,6.698228192973165740e-01,4.573138170894497923e-01,6.223980827411227379e-01,7.187090727230089904e-01,8.007034768587658613e-01,6.607186343799630324e-01,1.377516932247918047e-01,8.745076975676976394e-01,5.544501363087095402e-01,2.880237349252005030e-01,7.293532589350653073e-01,7.142557797743487313e-01,3.835832571345680897e-01,4.685102746534954288e-01,3.147879407418490150e-01,8.975433928703584474e-01,5.345264603070243314e-01,2.066177830600883225e-01,2.684846092199750789e-01,5.862637418678922074e-01,8.112353984760616310e-01,6.783035159380084167e-01,7.013070944585229061e-01,3.831514259503485675e-01,7.193910933743156155e-01
7.391312911577235800e-01,5.224475505097351258e-01,9.511019034647677506e-01,3.447501325704396269e-01,5.147816266141787001e-01,3.763389629222192445e-01,6.560271155767831708e-01,4.763817728360558723e-01,4.792472338113853980e-01,6.558973358414831312e-01,6.858031615003319370e-01,6.460304479340331918e-01,9.166452615556638372e-01,5.550706770530351442e-01,0.000000000000000000e+00,6.441862441087049529e-01,4.936159268828256286e-01,6.090276530479642458e-01,5.671203593171352253e-01,7.854747050587448376e-01,9.677377768448001127e-01,6.337958237801469830e-01,7.049418756456766744e-01,9.680145859680870934e-01,5.686832397030633368e-01,7.113717249323706637e-01,6.347614686782615534e-01,3.607751096902527266e-01,2.845858290211772390e-01,4.462372149379545960e-01,5.615995931592243640e-01,7.828141087825805089e-01,8.418658241138707865e-01,7.787177993171956469e-01,6.878974338002245004e-01,5.202941634222392198e-01,1.879221700970845343e-01,5.678530750514925174e-01,6.839826253907127507e-01,8.225723144309989854e-01,2.880519318873186463e-01,5.948111408323697447e-01,1.125333913071862590e-01,5.043905677289918232e-01,6.393302625535942640e-01,3.080545380886595686e-01,8.003723789178900372e-01,6.878987800125789809e-01,7.632920730382064534e-01,6.846406217309565223e-01,5.621213315595492421e-01,9.464783131330452015e-01,5.529269466827324564e-01,4.394406602793009542e-01,5.298100983840099421e-01,4.882780387487670737e-01,3.078488273628069427e-01,8.185820793036654441e-01,7.602543164263487752e-01,4.943506580413394857e-01,3.582550870573530943e-01,4.959435347869776134e-01,5.855635957523561697e-01,7.557404183837856948e-01,5.680334342291004646e-01,4.018680669004905393e-01,9.280283284267620836e-01,8.824006425405099829e-01,4.011244643792037379e-01,3.208480344920447425e-01,6.837489945139563208e-01,4.942498698966061865e-01,4.377838363908087560e-01,9.593606924952412240e-02,6.442425480249972525e-01,7.701222646831353824e-01,9.656906470392185859e-01,8.468927171240254737e-01,6.706196833477616748e-01,1.237856935017260240e-01,6.400769937079401339e-01,5.974512213475768885e-01,7.083623610054666786e-01,8.738059997560793102e-02,6.831577386904870153e-01
7.779789499749605319e-01,9.997126638873358173e-01,6.564394164774500773e-01,7.946585405265854662e-01,2.902257315805443355e-02,-1.540868736652509230e-01,4.089972813415472253e-01,2.472520184610857708e-01,4.848288575279436352e-01,9.223349913445240134e-01,7.470740066912254784e-01,5.374962837120742520e-01,7.277233694881903858e-01,2.455447488260543987e-01,6.441862441087049529e-01,0.000000000000000000e+00,8.242862156753923975e-01,1.977355543766825541e-01,3.852547400765469199e-01,7.245813755193231120e-01,5.959078672013571332e-01,7.194856651291791083e-01,6.162285215280092210e-01,9.892499658080967651e-01,2.203594413489968484e-01,6.271008284105494823e-01,7.543261185427582172e-01,8.592461222188713110e-02,2.448540829371974592e-01,-1.544537181934365622e-01,-2.678666316810851544e-02,4.064370360023995543e-01,5.926466433389502297e-01,6.470963737736179500e-01,3.947885310742392240e-01,3.654847439952195742e-01,4.085704847636087433e-01,6.386899059431392356e-01,7.987106123173774996e-01,9.201100213313604392e-01,2.228427961846878858e-01,9.727270597987776046e-01,4.972198810042071093e-01,6.652434677433701760e-01,6.626407694533965609e-01,6.262168434032557851e-01,4.875133541833167605e-01,6.986140857501120793e-01,6.959847231555188474e-01,7.619255457767303286e-01,2.581073005221705685e-01,8.172065465442233112e-01,9.914522500388649462e-01,6.231416702647016859e-01,9.871558663556978530e-01,2.509257045540844167e-01,6.255753808800968985e-01,6.574885093531047664e-01,5.488939776103833879e-01,9.881163266307067816e-02,5.711839612416429457e-01,2.442764123309953406e-01,4.977274818542957169e-01,8.163264465459155739e-01,7.890152302597899237e-01,-1.568028516949354634e-02,6.660024165929484541e-01,6.566981935974920415e-01,7.561558015155612766e-01,7.578285287988615337e-01,5.539825084871877747e-01,2.071212741799616230e-01,6.877224658817335801e-01,7.663203377952001460e-01,6.980792012933646484e-01,7.661433571668070375e-01,6.830751676123085758e-01,2.659948967996607627e-01,4.466552668670955017e-01,-1.523736833835389881e-01,7.825123300674737825e-01,5.041949813663048063e-01,6.374577156116095766e-01,7.776251768004475151e-01,2.774858986788771853e-01
6.935637939016449094e-01,7.877706254314720269e-01,4.562121920449858092e-01,8.085213683701836240e-01,6.000357593491270070e-01,9.815818304804749816e-01,6.678088343863637366e-01,7.767280365744132498e-01,9.654250327441653567e-01,9.129755067252999234e-01,7.635133900875147317e-01,3.930500921607144038e-01,6.611597498433732234e-01,5.339968676371817935e-01,4.936159268828256286e-01,8.242862156753923975e-01,0.000000000000000000e+00,4.047974330817169508e-01,8.259085048726351186e-01,3.555508921526760041e-02,9.818186498813064045e-01,7.669865861452689337e-01,7.547775610933873391e-01,9.596929209895859181e-01,5.253930595404119330e-01,8.046887991128323092e-01,5.934780124338701057e-01,2.123436730321450749e-01,6.750056566890747511e-01,4.520233336511356170e-01,1.299693577225391602e-03,8.981886902000670858e-01,2.084031679950688609e-01,8.567824365914152862e-01,9.597014936252817874e-01,1.124736999466252191e-01,5.753098050955234299e-01,7.645412835311438116e-01,4.952497082789076299e-01,6.202340807086380581e-01,2.490630490446270329e-01,8.010511251738375860e-01,8.326717872880591287e-01,5.419244899572429608e-01,7.351682560003003353e-01,3.577796059093117931e-01,4.317947617180820652e-01,5.521253943008075371e-01,8.911755631925112331e-01,6.265941529800297394e-01,5.961243464155989713e-01,4.427014073210733258e-01,2.918173574075195731e-01,7.933313748779643459e-01,9.801450169524159595e-01,7.729034677011241694e-01,1.020045799485842369e-01,5.209935956893160247e-01,6.976930345765277597e-01,5.739888432792938922e-01,4.838635499219511305e-01,4.822975346957427689e-01,4.406668491125859122e-01,8.897147024196006004e-01,6.513371794694102768e-01,4.140274456937691472e-01,4.018357226768667911e-01,8.197402639406115021e-01,4.358172373115369869e-01,8.890181201197048244e-01,5.614361896197327395e-01,6.719514780787176900e-01,5.512743571485608784e-01,1.248780281219398491e-01,8.896269141924592061e-01,6.826784231880960174e-01,5.549784927925432987e-01,6.033823169938148379e-01,3.874029569293628850e-01,5.440777248406356570e-01,8.628939774407524688e-01,9.697705030983455599e-01,9.603097650523763074e-01,3.997615014084406893e-01,5.904803831823615123e-01
8.914599882985710932e-01,6.966185769316679544e-01,6.413858326916370700e-01,6.369813245077886599e-01,4.972294602044295964e-01,9.651285705679265581e-01,6.825458847055471123e-01,8.856048900893791487e-01,8.738839437031507007e-01,4.845223544762040646e-01,7.451167613022466885e-01,5.073276174850108733e-01,2.464392443864871218e-02,8.058040400360633182e-01,6.090276530479642458e-01,1.977355543766825541e-01,4.047974330817169508e-01,0.000000000000000000e+00,8.748246190556707713e-01,5.121288742405075700e-01,7.561996761450719973e-01,3.122957112677750002e-01,4.070769743338555346e-01,-2.430041668224309226e-01,9.617609395803370376e-01,7.471702506198841798e-01,7.593821836568225292e-01,5.840731876106837195e-01,5.461334626900170575e-01,3.136243947427584389e-01,3.060088648494993513e-01,5.817258900558919255e-01,5.445205453911597937e-01,7.906085589964667593e-01,7.774715259557727354e-01,8.037641343213348943e-02,3.147069685511652004e-01,6.147912773077689463e-01,9.691035414695619021e-01,6.908179946904271507e-01,5.502878890188210859e-01,6.273926967300399449e-01,8.617970634890123049e-01,4.858293939426157060e-01,8.282939061297558414e-01,7.398207729274922650e-01,2.783506209039835477e-01,6.138447313402793926e-01,7.920363536631596091e-01,4.187494162006081266e-01,6.960753454178170152e-01,7.762490414186109522e-01,8.321146767606004691e-01,6.186284203871367238e-01,1.976467698035531684e-01,6.508623976023152347e-01,7.902796281543773560e-01,9.609018012158491162e-01,9.192599069472257023e-01,6.448643758842802498e-01,4.594083328353225637e-01,2.367366834802782372e-01,7.259845456506511807e-01,8.696609680392990427e-01,5.611831841524909104e-01,7.699811840521431083e-01,6.227072423990557271e-01,8.200214292236811531e-01,5.694605462810258256e-01,7.086064227593223963e-01,8.045702980116642422e-01,3.288400632600188556e-01,1.611790456447825537e-01,6.676779208043714942e-01,6.195581351278621751e-01,6.953202151786234131e-01,8.787904184088154436e-01,8.204055645543394393e-01,6.325096579552795806e-01,2.052071927208102275e-01,2.505258839905515345e-01,7.223302425070012855e-01,7.648756123830917630e-01,2.967457042971510250e-01,7.312336764433039482e-01
