0.000000000000000000e+00,4.123182010622372662e-01,8.966932100513926862e-01,6.418805910213646326e-01,8.456253688723145423e-01,6.409403549264774957e-01,8.535988740447028045e-01,7.572502295444618614e-01,7.450256730607123234e-01,3.399400070796987361e-01,4.087842636492994286e-01,8.296576286865243732e-01,8.155673087341955840e-01,8.827796267177127065e-01,4.232730021324643266e-01,4.999570153960564145e-01,3.670567550897209652e-01,9.530384286553654771e-01,7.751074235940116353e-01,6.799230015800994398e-01,7.268930765960344154e-01,2.719496199817872384e-02,6.237307086452402727e-01,9.591051595766153515e-01,4.648496955689926935e-01,6.740278664469165903e-01,6.542103924638543316e-03,6.816424334296703469e-01,2.119230749638383385e-02,4.309675915419601266e-01,3.888741957396011362e-01,6.320393321314221602e-01,7.056299048397015605e-01,5.790215930808964018e-01,2.428467475527123776e-01,2.692274466971489311e-01,4.454844879960143111e-01,5.298909812987978585e-01,6.110493772917788835e-01,8.189190690054497512e-01,3.918630441445763307e-02,5.861055700669478563e-01,6.398495008348763502e-01,7.995223264609274683e-01,7.933008262871017457e-01,7.437927253844877074e-01,6.968590851332354674e-01,7.308199444192039484e-01,4.760513102672287999e-01,3.341267403184725593e-01,8.317293771241449640e-01,2.809147372648811425e-01,8.978854543386521891e-01,2.888875046050197737e-01,9.071764674057786193e-01,8.791735011150810797e-01,5.255110150505142297e-01,8.146316127127024576e-01,7.765874695687386975e-01,7.211320257612279239e-01,4.081508857670824164e-01,6.791609108499251368e-01,4.112109266460509671e-01,5.613457226522738930e-01,9.211617220360643898e-01,6.614366014638625169e-01,9.180166830261100586e-01,7.743338049376327081e-01,9.580802017879718191e-01,7.067631455093574822e-01,7.002560239908413031e-01,6.658443328716829868e-01,6.811940443912227749e-01,4.698443753997319505e-01,8.244625480520202387e-01,7.211242810931256519e-01,6.783004757664898854e-01,9.555208224903062320e-01,6.688368133566824358e-01,1.912183384439946621e-01,2.070491957426721374e-01,5.029555134798359139e-01,6.116133358502603423e-01,4.981034668384777264e-01,8.815317869351111391e-01
4.123182010622372662e-01,0.000000000000000000e+00,-1.714544429551612681e-01,7.611437020426388145e-01,9.348261142228648790e-01,5.898822636818203957e-01,9.950178494075828661e-02,6.696632121630586854e-01,3.984123250865688748e-01,5.947512519560040900e-01,5.155858969382374202e-01,4.267025415512603059e-01,3.367626196110434789e-01,6.359121911582206188e-01,4.384484678126095436e-01,9.362219481984200842e-01,8.948239432703796181e-01,4.617805659497751236e-01,4.325472757585547834e-01,6.912409851428094054e-01,8.488557828928890991e-01,4.615243950299007247e-01,8.188834393244690535e-01,9.704240691264236496e-01,6.140954156404980768e-01,6.739486593758077237e-01,7.140282338611928514e-01,4.116666231535571208e-01,2.874631068828943925e-01,4.452132084181925631e-01,3.884004556335727276e-01,3.457873712651893805e-01,9.920179942490092717e-01,4.601197790264944243e-01,4.023323461445431626e-01,5.699644794729699093e-01,5.090861567931662668e-01,4.914397452173843717e-01,9.357003616461860851e-01,8.347630897085890345e-01,8.827374010088634426e-01,3.611922072400426398e-01,7.301405527793661809e-01,4.044830086393959023e-01,7.626185945066310534e-01,5.862967953635456198e-01,7.941011930412954500e-01,8.202101902592207061e-01,7.455597891906918795e-01,5.994497224011818837e-01,1.841558251988262285e-01,8.792429766366394173e-01,7.866501082674912659e-01,3.037056342277278942e-01,9.194805219168967758e-01,7.248166786396170735e-01,7.369798481386514721e-01,-5.090730728086675927e-02,3.543025247804932887e-01,6.636199631060896165e-01,7.162365842372776514e-01,7.228304639520910513e-01,8.577190819634556984e-01,6.501343491027092858e-01,6.094106719707528264e-01,9.176101555902551610e-01,5.256554476425913114e-01,7.850032630442489445e-01,4.440230691134168239e-01,8.337041262144190279e-01,6.495080731123203943e-01,3.487743655968706946e-01,3.481350905141488150e-01,7.080457361115334303e-01,2.952285023613503978e-01,2.226659156428414388e-01,9.782221649772300243e-01,3.595366293997240281e-01,2.932095742645610126e-01,3.450216443533016264e-01,7.486833431065760547e-02,7.904487894236087442e-01,3.190495403564697630e-01,5.262388850247626815e-01,7.946167675295932042e-01
8.966932100513926862e-01,-1.714544429551612681e-01,0.000000000000000000e+00,9.009304389577355021e-01,4.563539486447250604e-01,7.557112014540786626e-01,8.163520149186040964e-01,4.864688980535440410e-01,4.751552966331584194e-01,8.961281692151807921e-01,5.994525605800634649e-01,8.679328657459384200e-01,7.630223473058761474e-01,9.944971903447734629e-01,7.865425157818745072e-01,5.286895132622797533e-01,6.749209651412824140e-01,4.806943747120193677e-01,6.888680661270779604e-01,8.155938199199925798e-01,9.591689956851494614e-01,-7.715071987082544602e-03,9.229760118941894298e-01,7.146928277182436062e-01,7.354189245561331134e-01,8.019609312002593526e-01,9.243472412641882130e-01,9.817107720010950223e-01,5.016388512881017059e-01,4.351264869668172719e-02,1.120969409637654207e-01,6.647418799728911365e-01,5.607749314251829764e-01,4.474147324781216906e-01,8.142469574154608258e-01,3.832658242229431966e-01,1.088236575277772150e-01,8.846116398284573634e-01,7.156994059138358510e-01,8.305801019343755920e-01,5.813588553779426293e-01,4.677506282799203108e-01,8.494804487509144408e-01,9.959079598296849412e-01,8.543040272372522947e-01,1.216008220503470155e-01,6.670188080985812729e-01,7.504932902377632331e-01,4.246161600065577191e-01,7.739062382996254597e-01,4.647617962020629268e-01,7.573127087073600050e-01,5.247801558885736295e-01,4.795826003553528838e-01,5.506886998358975216e-01,8.054614815256976312e-01,9.808166018164572453e-01,8.584400742379401095e-01,7.557033845933360805e-01,6.950016755924541823e-01,6.013420550623179706e-01,6.636723333021015137e-01,9.791663389962948494e-02,4.158716582813362095e-01,7.524159636474366808e-01,6.314556550459884399e-01,8.867754748157761213e-01,5.400611162625327255e-01,4.805833976291518095e-01,4.633290046287201203e-01,9.988091984766896969e-01,7.832679895815615190e-01,4.020640825938626706e-01,-1.123175397973780187e-02,6.154859992655846712e-01,9.717294631073193356e-01,8.588519395450951999e-01,8.237083652333436756e-01,5.204233114208471900e-01,4.939555838010019073e-01,7.419946240387707004e-01,8.952716593581167004e-01,8.502393396384080315e-01,9.448474614135983218e-01,4.338417595400259064e-01
6.418805910213646326e-01,7.611437020426388145e-01,9.009304389577355021e-01,0.000000000000000000e+00,6.565493285288493963e-01,5.335615108009493790e-01,6.246803396255683483e-01,6.594274892494282891e-01,7.525911958317214046e-01,9.162317158857092858e-01,9.568151921162424411e-01,8.017429105391069566e-01,5.314022660791322128e-01,8.174543257009500019e-01,9.011867465544000089e-01,8.426842770021616413e-01,4.254821228888379103e-01,8.634293439928628633e-01,5.736195103280304908e-01,5.238418790516248258e-01,4.974945018826073539e-01,6.006220953126052420e-01,7.829709088346950008e-01,5.478023352398538881e-01,8.004554235532626016e-01,5.909012562317279560e-01,7.737211883262791190e-01,6.237876017963054354e-01,-1.544781209823563040e-01,3.772146428545669616e-01,2.978917947228236773e-01,5.326355649301783846e-01,2.844891218545161360e-01,7.320806962291472875e-01,8.475396173289428958e-01,1.546154722950648375e-01,5.249438797112662147e-01,1.579580978463229757e-01,8.474920265770612415e-01,6.862517432351796787e-01,6.931261704210928132e-01,6.948113997085338944e-01,6.250513533935696531e-01,9.976752885954563999e-01,8.618885292120999075e-01,4.453056857070247232e-01,9.592426978752983668e-01,-1.201573148922349676e-02,3.630044674896054091e-01,6.626033056893438911e-01,5.056734182020180546e-01,6.271071688294637125e-01,4.070048646675342718e-01,6.837027504095202213e-01,6.876023536415820647e-01,9.067138816232793719e-01,7.595107708592850893e-01,8.013041457523991662e-01,7.543230099888977858e-01,3.225392604634156335e-01,3.844736503750915690e-01,6.807463076855985173e-01,5.859216876587802769e-01,8.432197517437137746e-01,4.725188258809444042e-01,5.112645718242713189e-01,9.751238492258470503e-01,8.646733121613531248e-01,6.717212289024988570e-01,2.471524270596858197e-01,9.772351881074443636e-01,5.609327444505678439e-01,4.985140384740214814e-01,7.024564729638397287e-01,4.862729956748538251e-01,6.668440313004614373e-01,7.362929291418685018e-01,2.248646742583571556e-01,2.883607007888942114e-02,1.847814040501990496e-01,7.691067900836837667e-01,3.628255907183118856e-01,9.391532267731119710e-01,2.207509586019685555e-01,4.780945007840479710e-01
8.456253688723145423e-01,9.348261142228648790e-01,4.563539486447250604e-01,6.565493285288493963e-01,0.000000000000000000e+00,7.086803441350233435e-01,1.708711116706007616e-02,4.411919620195681735e-01,9.372377577223311995e-01,7.575041550057152184e-01,5.775964372881324804e-01,7.391845645480047411e-01,4.446773988815976852e-01,7.189700309178561621e-01,5.057403038470595913e-01,9.978068490112170785e-01,3.747426553519007664e-01,7.913991743209449758e-01,4.537973248183646002e-01,9.006875757871045662e-01,6.463611760474411438e-01,1.762011087914640561e-01,6.133094930131962608e-01,7.228065736814481834e-01,6.017643595006647583e-01,6.868909505358761214e-01,5.550300484217854935e-01,8.513327102379999456e-01,2.926879318053636214e-01,5.217530750003462892e-01,1.548538835824291582e-01,3.164347505602309041e-01,4.341072020035359746e-01,6.773684496053647974e-01,3.493362114875246949e-01,4.881760839320396506e-01,4.068342660654614695e-01,4.039668558073805649e-01,6.653327777701644186e-01,6.583169412159057821e-01,2.965233508878425961e-01,8.281468740950242990e-01,7.790299687203821044e-01,2.265564510063248493e-01,5.131536611578554341e-01,6.661111119570980454e-01,8.688469969964576212e-01,5.212486628903645336e-01,4.029920736015055738e-01,4.426683732692286433e-01,7.642154559150300397e-01,8.648359677793733269e-01,9.592873114045741278e-01,7.295645725626255240e-01,6.914814925245176269e-01,6.431751366322226993e-01,6.821062715504432328e-01,8.793622867000856491e-01,6.994673005241657249e-01,3.728445479277223695e-01,1.098433317979417567e-01,-1.097009779810386304e-01,9.936368828894379668e-01,9.778218356941921208e-01,8.858925876909585773e-01,2.795439442988792988e-01,6.010339997866720463e-01,7.582430459654412314e-01,5.249015926803987098e-01,6.952721149310445714e-01,2.693485361646192899e-01,7.836970061100473339e-01,7.338298098785830392e-01,4.428204686357041786e-01,3.629174393343059801e-01,7.607609298535249476e-01,6.014079642195765407e-01,7.279830845064255707e-01,9.028593235285425900e-02,-1.742415586454761911e-01,3.803510972791923628e-01,9.045502392245351464e-01,7.852679173176267957e-01,7.223410972266398611e-01,5.398891350857316640e-01
6.409403549264774957e-01,5.898822636818203957e-01,7.557112014540786626e-01,5.335615108009493790e-01,7.086803441350233435e-01,0.000000000000000000e+00,2.019481049453766552e-01,7.671809159344691320e-01,1.720147131411579045e-01,2.279738612049056756e-01,7.440757269253047701e-01,5.552605304568188904e-01,6.099909922476808299e-01,9.314002378430152884e-01,2.818933731673705090e-01,9.558023880220704038e-01,7.519226640119599514e-01,7.357261664849324978e-01,8.880352422019348602e-01,8.875158575174557640e-01,9.094713833091806476e-01,4.504596403067999688e-01,9.327754151404799021e-01,9.116218912509761463e-01,5.693034477979835861e-01,5.140876560943236084e-01,7.884352043532523169e-01,7.260303651711693673e-01,5.232091333251237542e-01,8.304956982185696113e-03,5.132532410468149120e-01,4.102459752472292220e-01,4.651490005738232458e-01,7.975030730218131136e-01,6.873919810846976786e-01,5.266316388530715153e-01,5.516355189398922804e-02,2.722332627801580390e-02,6.543779242437153254e-01,6.532890447482436747e-01,5.920271885374324139e-01,6.923579523245798617e-01,7.150478770517497695e-01,6.555986177506289980e-01,8.089066514599613233e-01,4.672934312913424870e-01,4.206789436337739496e-01,7.221093933350251071e-01,7.873483003760455290e-01,5.809709972228012109e-01,4.435884613305868807e-01,8.736095081337303947e-01,8.897796273126855615e-01,6.882695736769494088e-01,8.792810039604999073e-01,5.967653442802047792e-01,2.221225308263893861e-01,5.393176337570727563e-01,7.536234573837833350e-01,-1.962429936300133515e-01,2.917798262223276762e-01,6.125021292615646651e-01,4.786567119098847911e-01,8.442073830207346141e-01,9.989647586606801299e-01,4.362979630877542037e-01,7.947242594493931778e-01,4.947220209142748071e-01,2.196409418236586475e-01,4.447591133212054904e-01,9.412372309013314897e-01,6.829109875392797013e-01,7.019262323727530895e-01,3.095886264089741102e-01,4.960263286511739089e-01,5.925891119170549892e-01,2.289796803456126684e-01,6.027601206423869318e-01,3.318757217204117427e-01,2.929618970466512096e-01,6.981088028619083508e-01,5.837812205174104374e-01,9.727049897943882417e-01,1.137954048023017729e-02,7.590740504800278510e-01
8.535988740447028045e-01,9.950178494075828661e-02,8.163520149186040964e-01,6.246803396255683483e-01,1.708711116706007616e-02,2.019481049453766552e-01,0.000000000000000000e+00,1.129068977760788184e-01,4.625818116957503556e-01,2.822668011358366869e-01,2.474528344373471689e-01,5.095144188769071825e-01,4.612680865628028259e-01,6.757603010086229434e-01,5.224507476582860299e-01,4.515767691098362957e-01,1.238732358246891763e-01,4.914213895681458499e-01,4.523429348406352024e-01,6.062305550896143203e-01,4.410674574044951002e-01,3.226645989326989428e-01,4.145717562930875122e-01,6.596216743420389994e-01,2.970268117008650899e-01,4.587061645389888809e-01,4.120613626060963264e-01,8.417623096590851617e-01,4.535809593780901205e-01,3.650136470108977793e-01,2.812683993563559470e-01,6.275956495321050044e-01,6.291837233966596221e-01,3.420833826574368741e-01,4.590505156056859937e-01,2.800488785668446834e-01,2.790075411869281652e-01,3.797789868553869685e-01,6.703820766219906746e-01,7.397901558334561978e-01,8.282235270993598686e-02,6.284806907822801936e-01,6.383593688961264334e-01,3.848500965746939340e-01,6.126517646682421159e-01,3.334140429820081630e-01,5.198844690759747422e-01,3.767898693982645875e-01,6.012796888146003660e-01,2.003764388660697338e-01,3.515305134860570169e-01,5.689938164407886134e-01,4.806116892472618862e-01,5.617346548938741968e-01,9.726248847211205195e-01,7.712023022422613838e-01,4.736910558246621439e-01,7.540801560630080447e-01,7.527903646546874050e-01,5.363435810217052069e-01,3.580050492653182870e-01,5.470759344375808464e-01,5.770086426299952942e-01,6.722727585234020697e-01,3.678240868200940428e-01,6.590187736016066555e-01,6.815187830423784510e-01,9.583599528487134478e-01,7.479997177782027329e-03,6.406002011376031868e-01,5.072740429578117549e-01,7.546143441531059093e-01,2.097668097496583894e-01,4.845153920848006557e-01,5.044760148842529768e-01,6.485810106128053754e-01,6.018075943079947976e-01,4.084001194719524830e-01,6.224925503293392975e-02,4.954264467478310952e-01,3.589422952827463487e-01,7.928539161279848368e-01,4.789733986673168631e-01,-3.327445127734234287e-01,2.682763145805830973e-01
7.572502295444618614e-01,6.696632121630586854e-01,4.864688980535440410e-01,6.594274892494282891e-01,4.411919620195681735e-01,7.671809159344691320e-01,1.129068977760788184e-01,0.000000000000000000e+00,-1.182185114777087875e-01,5.268631273351532807e-01,1.671255335729481262e-01,3.339359578315033161e-01,8.768452382594162930e-01,7.764692824214343148e-01,2.206718502489951605e-01,-3.879290281610764390e-01,8.606492823349247701e-01,3.572306941134198444e-01,2.664146890838590132e-01,8.639208412600201115e-01,9.051085243697020166e-01,5.903068993760625105e-01,6.794037428909590615e-01,6.978684199677929190e-01,4.699430671930929226e-01,6.902825873965057202e-01,5.278202980740577255e-01,5.289856594338141482e-01,2.323635459243517665e-01,3.850245744266421744e-01,2.520970377441774657e-01,7.949516294338546674e-01,2.047792163121712194e-01,3.066110226925259363e-01,2.910772066751921017e-01,6.536264613042274130e-01,3.570816127949749119e-01,7.272549375732955124e-01,5.489943425012093758e-01,3.224809077550729736e-02,4.844727381785755016e-01,2.603732555831336781e-01,7.166617673787137877e-01,4.792286316780007827e-01,9.211066954927736861e-01,2.194356010728644446e-01,5.593036763319984006e-01,4.138408766213376722e-01,6.066237658982109870e-01,3.729589039901357594e-01,4.097948028778166663e-01,5.422285067993122265e-01,5.909591104473330692e-01,3.682124563510156268e-01,6.597102523283707720e-01,4.301798551964868267e-01,1.445438233536749661e-01,8.322850153227532299e-01,7.811445211572620728e-01,6.935963696095814868e-01,6.539130877650556339e-01,7.271002105648377567e-01,2.392018882537599034e-01,3.471879428294690623e-02,2.237112515628406906e-01,7.986555009773497193e-01,7.869636994856029633e-01,6.019699217165257465e-01,5.063587056730339819e-01,4.312832517153692979e-01,4.988949524808915514e-01,7.633142491480212621e-01,6.155193693445238923e-01,7.026788574535720588e-01,3.604501896610921574e-01,5.418192198581318619e-01,2.032036901009924845e-01,6.665077003578848691e-01,7.962264766868829557e-01,-7.512022758631702046e-02,7.999369913479674743e-01,3.596349551380637610e-01,2.527802978457027172e-01,3.418667483569209908e-01,2.796659150161592278e-01
7.450256730607123234e-01,3.984123250865688748e-01,4.751552966331584194e-01,7.525911958317214046e-01,9.372377577223311995e-01,1.720147131411579045e-01,4.625818116957503556e-01,-1.182185114777087875e-01,0.000000000000000000e+00,7.856170152546212426e-01,1.572623366419264312e-01,7.201270905761034680e-01,7.424821242691984624e-01,4.659030578429002034e-01,7.395797358944493638e-01,2.736365490300376457e-01,5.035792706531627694e-01,7.139044453622056530e-01,1.390556814845425870e-01,2.827467279162668712e-01,8.739378357705314126e-01,4.942652897072031815e-01,4.209150985473797957e-01,1.029275525614832369e-02,5.436142321833590252e-01,2.755978037980597595e-01,8.854064122578468865e-01,4.686439309157612310e-01,6.970989918625885018e-01,3.543244192976308105e-01,1.708059473050618435e-02,5.892984051604426288e-01,4.967952164647511104e-01,2.194058022262317109e-01,2.357008780263300518e-01,2.372799977980486197e-01,3.695135668539902829e-01,2.297751870944850505e-01,5.325220166645534547e-01,5.772346414180704599e-01,9.532424929479070830e-01,6.758244813537989115e-01,2.062063800665467905e-01,-6.979021796898546293e-02,6.342319509781335629e-01,7.236761322361757731e-01,7.953690501044108352e-01,1.580545695996813937e-01,4.202615002765132668e-01,5.700112839465534265e-01,7.617526734790475151e-01,6.792337120996572164e-01,6.368402943235608182e-01,7.730444068783236533e-01,2.355290653839951509e-01,5.344065359866969622e-01,8.652057681396030375e-01,9.209202467363464262e-01,5.795315056860381731e-01,4.305603974423431457e-01,4.727255887310609084e-01,6.224404834244761098e-01,1.696113994748972842e-01,8.818563421442454642e-01,7.035388618086274581e-01,4.447268726320756094e-01,6.722994462929136050e-01,9.942141692172639100e-01,7.301891447256424472e-01,4.857938841497949078e-01,8.706812481179713181e-01,2.357960282437550348e-01,5.531765050244444870e-01,4.722185939217157236e-01,5.640272650260161891e-01,7.127066768706245004e-01,4.819662386407916332e-01,3.640651791222347944e-01,2.008553804271726723e-02,2.101196982445701147e-02,-1.862218693442058703e-01,6.962246973581935894e-01,8.022873801912483449e-01,6.737455321351903947e-01,7.025591615386026501e-01
3.399400070796987361e-01,5.947512519560040900e-01,8.961281692151807921e-01,9.162317158857092858e-01,7.575041550057152184e-01,2.279738612049056756e-01,2.822668011358366869e-01,5.268631273351532807e-01,7.856170152546212426e-01,0.000000000000000000e+00,7.849013211796039835e-01,8.333119129863555408e-01,7.626619168436382656e-01,8.414496879482640246e-01,6.728464122987477536e-01,1.827434461484238326e-01,8.896962593782844486e-01,6.167913621194449636e-01,3.181446467139401602e-01,8.734648737993032652e-01,7.168244023846748192e-01,7.972872551106779948e-01,9.005497063308596228e-01,8.280552225531644384e-01,2.500230040387249608e-01,4.224772109903277562e-01,7.914694605351232370e-01,7.949563972359410258e-01,3.813878533038594920e-01,1.284504796618366612e-02,1.876094226757515915e-01,3.658652396666124407e-01,4.107155620893865877e-01,8.569194642681787766e-01,7.501762222799770452e-01,7.313062227885457067e-02,4.098780973078645085e-01,3.747064210087789338e-01,6.641843230210958682e-01,7.860948956440079183e-01,4.439458758795700732e-01,6.876400424861542904e-01,8.203646306370785402e-01,7.360384389429553975e-01,4.936853006603543759e-01,7.629644044116410395e-01,7.534525630005635133e-01,7.570652787824012631e-01,3.935205667043168987e-01,5.020402483003766347e-01,4.003021520979153092e-01,6.634863481181840772e-01,4.175829309891015417e-01,8.611575094235937033e-01,8.339021146392873174e-01,9.363493652016449120e-01,7.318070794953808189e-01,4.248115882595144277e-01,7.855591993604722489e-01,7.817790445335933702e-01,5.558611072684452314e-02,3.783703375135418767e-01,7.285937474191203078e-01,9.957340298044761173e-01,6.536149215520449252e-01,5.097412165790794480e-01,5.430230803321324240e-01,7.192619465060906547e-01,2.121530209387331722e-01,1.281998470255169276e-01,6.003790948276719330e-01,7.944754155773662285e-01,7.678382614445458110e-01,5.134067066721249573e-01,4.604865188860947089e-01,9.010135994602449516e-01,4.442034492697488623e-02,6.377302681106873372e-01,2.825577576816012404e-01,3.305832881256842160e-01,5.737527266887153532e-01,6.730797784562191355e-01,7.650483292363710053e-01,5.669819760309565693e-01,7.485461585436483656e-01
4.087842636492994286e-01,5.155858969382374202e-01,5.994525605800634649e-01,9.568151921162424411e-01,5.775964372881324804e-01,7.440757269253047701e-01,2.474528344373471689e-01,1.671255335729481262e-01,1.572623366419264312e-01,7.849013211796039835e-01,0.000000000000000000e+00,7.887841747702053485e-01,4.906936087105265853e-01,8.392371158904182726e-01,2.366651060306549925e-01,1.905362127999343236e-01,5.446803879832990969e-01,6.204994176120409710e-01,6.760513869224484829e-01,2.814082841810828794e-01,9.413545167075823006e-01,6.957379562156180697e-01,9.977926807606647408e-01,6.011459322481169654e-01,2.385661137777744245e-01,7.378348319661146570e-01,9.706585810585575125e-01,5.095986883026530911e-01,5.101056827665825244e-01,6.091954594261745903e-01,4.089186993155899952e-01,4.954613889274369631e-01,1.219214767606273120e-01,5.916913619871575492e-01,4.014056512474188376e-01,4.250014205810969115e-01,7.979986024282810231e-01,7.004264740969255998e-01,2.561819244736138756e-01,9.604407265451953002e-01,2.471127408522606761e-01,3.114376063425324248e-01,-1.880159480706159736e-01,6.492224320918761338e-01,9.134259521260132964e-01,2.985159550060323963e-01,6.581699690706549477e-01,7.130413641373645195e-01,5.868304970628491768e-01,7.199999371514755886e-01,4.468044715192744376e-01,5.046626935109203016e-01,5.161869997379482378e-01,4.445755251659718188e-01,2.282931491187476236e-01,4.860159777082396770e-01,9.095889254170649307e-01,6.805075291606597077e-01,9.891728282841226738e-01,5.713898209590769772e-01,4.743473681246060392e-01,5.298705250649413667e-01,6.245276633455050241e-01,9.393402047822517753e-01,8.891905436155984610e-01,4.301468364316161641e-01,4.962918954912701186e-01,3.453089876393909963e-01,5.483672336067915154e-01,9.819538354344565789e-01,6.657307704772244539e-02,5.800645943376425695e-01,5.673168465043659792e-01,3.373915414432713811e-01,1.864157766093541557e-01,8.788187184798562646e-01,5.767695105451953186e-01,5.933652540602871728e-01,3.910881124125634711e-01,-3.264102161839423366e-01,-9.117503830662554432e-02,9.094614659935830181e-01,7.355694806431173349e-01,4.746491981873068866e-02,6.740476850133165776e-01
8.296576286865243732e-01,4.267025415512603059e-01,8.679328657459384200e-01,8.017429105391069566e-01,7.391845645480047411e-01,5.552605304568188904e-01,5.095144188769071825e-01,3.339359578315033161e-01,7.201270905761034680e-01,8.333119129863555408e-01,7.887841747702053485e-01,0.000000000000000000e+00,4.322374661682212849e-01,9.538313365919259823e-01,5.319260028048982125e-01,5.523704909362599225e-02,6.132313084711024098e-01,4.337421743361370430e-01,2.060375363461270648e-01,8.022417450411972739e-01,4.666621801626221200e-01,7.148700947291733998e-01,5.945752443541978405e-01,7.670156816581188419e-01,7.938224386730466375e-02,5.748178292633501218e-01,8.266764619643532930e-01,6.472948465625981695e-01,2.716882267704859855e-01,2.035393030504423495e-01,1.505358610491037696e-01,5.688985715252197206e-01,4.810809471139850801e-01,7.527801802393501163e-01,6.940194561581354282e-01,4.696306830871045390e-01,2.905633600506185577e-01,2.931756234817727846e-01,4.641826757955159755e-01,4.464066261194209462e-01,1.080792062563289413e-01,1.030206543454872670e-01,7.373568588513144118e-01,5.934207315663869720e-01,6.176109305572863306e-01,7.275050309954272931e-01,9.239666856410037044e-01,6.958379261869391819e-01,-3.253450322684175999e-02,4.490252135657646915e-01,7.191944892648516330e-03,6.169590760312720912e-01,3.864932552214659367e-01,7.246145624959430265e-01,6.470817410783500367e-01,2.744396406384972398e-01,6.497895001674809379e-01,2.936321123818803613e-01,2.748229034716610508e-01,9.259539302640429348e-01,4.901353337911574792e-01,9.346916752013537666e-01,4.677402626519283069e-01,9.698643452990688418e-01,4.711817205602711889e-01,3.643421496898197609e-01,7.660102377661645034e-01,5.822439293788581605e-01,2.241902972311699827e-01,8.596358162175001816e-01,5.647902068465697756e-01,4.728188902051445597e-01,1.256292699628903109e-01,3.113851739108317029e-01,2.572309919047865989e-01,4.440194290552370027e-01,8.658744917006229169e-01,5.563232761646056401e-01,2.623890737059331735e-01,2.815851572463675123e-01,6.862882631168437664e-01,3.034360615035455733e-01,1.135427026122847460e-01,4.773893366809607852e-01,7.396310257439039360e-01
8.155673087341955840e-01,3.367626196110434789e-01,7.630223473058761474e-01,5.314022660791322128e-01,4.446773988815976852e-01,6.099909922476808299e-01,4.612680865628028259e-01,8.768452382594162930e-01,7.424821242691984624e-01,7.626619168436382656e-01,4.906936087105265853e-01,4.322374661682212849e-01,0.000000000000000000e+00,5.148401523613178599e-01,6.239507098990652034e-01,9.214689119871012357e-01,7.985184949185388792e-01,7.996319404350431537e-01,5.828632563307434289e-01,7.908875389636983444e-01,5.111376510978393739e-01,8.094932821455723682e-01,4.064740653515639401e-01,7.268807100255795239e-01,5.653690756150880903e-01,4.863740744520335113e-01,5.198178185173569776e-01,7.469554467567212086e-01,4.592878174352219567e-01,3.848105741739200614e-01,3.862542978166804697e-01,5.566181701809218563e-01,7.810554529277504709e-01,7.125444463480121726e-01,8.556034722559296979e-01,1.258295901944477824e-01,1.452358511833497512e-01,6.414274996991743416e-01,6.278387635167833603e-01,9.337958782691111459e-01,-1.003444137456037666e-01,4.105147492069727289e-01,8.891648582180312621e-01,6.616664365373854384e-01,4.443732341786905127e-01,7.552111944689442469e-01,6.046370426474416693e-01,9.026149078855049135e-01,4.896909919367345987e-01,4.443717154988460205e-01,5.409802608719682659e-01,6.089051620906875684e-01,7.787592108065907182e-01,7.697009027617214283e-01,6.706225195597516064e-01,8.993031676355396353e-01,4.075316597416492326e-01,6.975101267989320952e-01,4.278516176655554060e-01,3.383068704953867134e-01,6.940853483016899972e-01,6.511349605941437746e-01,7.234733507837487476e-01,6.207292605340704039e-01,5.820112613227652609e-01,6.400434629108701090e-01,7.697908822738778190e-01,5.159930250962068143e-01,2.277884256483938274e-01,9.105695200366997755e-01,2.941229830642180243e-01,7.139043422768525105e-01,3.078968488097064138e-01,-7.096658964530488944e-03,3.407870368722183407e-01,6.564042371506098039e-01,7.547342442781289629e-01,6.540852909881483823e-01,6.784864649594136710e-01,3.594559957896542590e-01,5.171053841524481109e-01,5.931914271698258689e-01,6.468035011738556550e-01,5.167687238615824574e-01,1.786008492158373262e-01
8.827796267177127065e-01,6.359121911582206188e-01,9.944971903447734629e-01,8.174543257009500019e-01,7.189700309178561621e-01,9.314002378430152884e-01,6.757603010086229434e-01,7.764692824214343148e-01,4.659030578429002034e-01,8.414496879482640246e-01,8.392371158904182726e-01,9.538313365919259823e-01,5.148401523613178599e-01,0.000000000000000000e+00,8.160215317518565437e-01,7.560262124956307339e-01,9.471823593583212908e-01,5.877087276617325440e-01,6.709818601926510473e-01,6.584674281649149918e-01,6.975061329204217397e-01,6.454096923461789537e-01,6.849600756366991394e-01,4.249493255542525771e-01,7.404704585621704749e-02,4.875491421914950330e-01,4.563363352579845600e-01,5.436144697770239897e-01,6.736919715193216973e-01,3.801239398721865115e-01,8.948949864588835734e-02,6.404001643076879802e-01,6.683478842479656512e-01,1.281716392944893916e-02,4.062427475369904672e-01,3.457251324576523510e-01,1.649696590724435974e-01,4.780731080110914855e-01,4.987409396670596795e-01,9.080634278975643348e-01,8.261420500806719858e-01,8.436060308526793783e-01,4.076945251129162062e-01,4.281660961208458294e-01,9.534350697670640473e-01,9.401609971472746352e-01,8.043857798106822665e-01,5.640658392427140289e-01,4.983600081797103787e-01,7.194540369701103444e-01,5.837881063725407493e-01,5.330704578541908267e-01,9.024282965202784501e-01,4.590839262443094371e-01,8.968350149005420713e-01,7.873495706270379202e-01,5.662960233898515217e-01,4.431464729730579255e-01,7.790443392701398295e-01,6.188715942477360787e-01,2.683141288846921935e-01,9.349123181640702773e-01,4.421503839920473689e-01,8.679165759568542304e-01,9.400204559013765060e-01,8.062435135812742182e-01,9.259660886448034534e-01,9.074779146859645040e-01,2.249503859301480724e-01,7.038659307461652137e-01,8.033122142789179687e-01,6.033514319757664612e-01,3.562345881602975717e-01,3.780864498672433793e-01,3.602774039086314439e-01,8.310569994512272407e-01,7.588277761695081391e-01,7.201447087872041575e-01,8.241650922545608049e-01,5.705709957387425924e-01,7.383689991402241359e-01,8.834703443125424549e-01,9.169474691849945902e-01,4.967672173375260458e-01,5.603271764707922209e-01
4.232730021324643266e-01,4.384484678126095436e-01,7.865425157818745072e-01,9.011867465544000089e-01,5.057403038470595913e-01,2.818933731673705090e-01,5.224507476582860299e-01,2.206718502489951605e-01,7.395797358944493638e-01,6.728464122987477536e-01,2.366651060306549925e-01,5.319260028048982125e-01,6.239507098990652034e-01,8.160215317518565437e-01,0.000000000000000000e+00,8.626094122688139354e-01,4.330395533945541886e-01,3.363792637571398902e-01,5.673468265304869584e-01,7.512086812422487103e-01,5.527633976238048863e-01,7.084974954616231058e-01,3.437647570723517121e-01,1.589084114396831782e-01,2.861231519860255590e-01,5.381210922953673093e-01,7.624263034790269566e-01,6.452646770622773031e-01,9.509539344350140810e-01,6.034978014880839625e-01,2.568267686362466495e-01,3.593410664082192785e-01,5.886288439351003987e-01,9.962506885674394796e-01,4.704842326327243196e-01,5.847084222313903186e-03,9.173359817293501306e-02,9.576596624375612876e-01,8.503202980816308987e-01,2.013933655739308104e-01,6.018744721081525917e-01,2.336646768081676317e-01,3.077464892612663538e-01,6.149578485781134196e-01,6.697754916222615762e-01,5.591162257057878948e-01,7.035226637517465464e-01,7.707737987435713256e-01,4.922965162012467588e-01,5.330142749387665191e-01,4.284321257713011311e-02,5.143200280551848413e-01,2.949498227286843077e-01,7.801458782630227295e-01,8.866038040718667856e-01,6.258206100271010985e-01,7.329352758546768820e-01,9.659162915529291293e-01,6.374885847070677070e-01,3.979414778983867418e-01,2.605515712351179625e-01,4.590061710205955992e-01,7.472922277681415260e-01,6.915404502382627161e-01,8.877333342804668570e-01,2.332069120141604390e-01,3.963024460659315684e-01,8.680450606059093577e-01,7.321397780387856047e-01,5.462360761723825675e-01,6.614250704591626562e-01,4.888431545258360433e-01,6.068297892763867551e-01,2.125992274133768900e-01,4.679076357668428554e-01,6.650677215242853935e-01,7.428708228475175979e-01,3.783596465181728874e-01,6.877830488410145993e-01,3.756247432355618310e-01,4.703064392059725929e-01,9.389904344715753748e-01,8.597270338728332240e-01,2.957139508515377324e-01,3.789700844465910268e-01
4.999570153960564145e-01,9.362219481984200842e-01,5.286895132622797533e-01,8.426842770021616413e-01,9.978068490112170785e-01,9.558023880220704038e-01,4.515767691098362957e-01,-3.879290281610764390e-01,2.736365490300376457e-01,1.827434461484238326e-01,1.905362127999343236e-01,5.523704909362599225e-02,9.214689119871012357e-01,7.560262124956307339e-01,8.626094122688139354e-01,0.000000000000000000e+00,8.190561680127445010e-01,9.464351253418956667e-01,8.488366203133380569e-03,9.596607379518480307e-01,7.075131233657850904e-01,5.807356521321211940e-01,6.269810844591956478e-01,6.394704548181427972e-01,5.816510101058380844e-01,6.472445230945398364e-01,8.223172658184726425e-01,1.889087825928498776e-01,5.335216150422080750e-01,7.180282437699623266e-01,2.399820129854873529e-01,3.942252235346270783e-01,4.116154590588221862e-01,6.631777690419267124e-01,6.826595678604616690e-01,3.414960766688770466e-01,5.924391436673270839e-01,2.392422910468623987e-01,5.213992519157236716e-01,7.801001457566998365e-01,5.099440172721096953e-01,8.427483778402461434e-01,6.812721834605571791e-01,7.348223461973178994e-01,8.629665400714572332e-01,7.188367671675577331e-01,6.922728845890095961e-01,3.272649481878984190e-01,7.274999934857673267e-01,3.692109268188603077e-01,6.625663440339086829e-01,4.501696790809278648e-01,7.335198233987487715e-01,9.126057720967599707e-01,8.670823586838545260e-01,3.138511881167342366e-01,3.705944950765737156e-01,6.642908271525158614e-01,7.636510267144394071e-01,-2.668771088090887700e-02,7.014948295458864891e-01,7.993339566626207482e-01,6.928488681155993145e-01,7.014672682694176320e-01,7.299033301385274841e-01,7.057665702679482012e-01,5.769440285740643493e-01,9.588963108730830243e-01,7.966713354756006504e-01,3.060085859341196146e-01,4.490641860889842962e-01,6.984229347640499297e-01,6.591097354268636854e-01,6.968045061068282031e-01,5.441770907457521567e-01,5.243785832538760960e-01,9.668491812042828704e-01,4.365747706213741752e-01,5.446411298520855704e-01,1.176164073579741426e-01,1.110743415821749819e-01,7.656427637409777276e-01,7.749701313120155310e-01,3.396141882294049230e-01,7.285867102200859202e-01
3.670567550897209652e-01,8.948239432703796181e-01,6.749209651412824140e-01,4.254821228888379103e-01,3.747426553519007664e-01,7.519226640119599514e-01,1.238732358246891763e-01,8.606492823349247701e-01,5.035792706531627694e-01,8.896962593782844486e-01,5.446803879832990969e-01,6.132313084711024098e-01,7.985184949185388792e-01,9.471823593583212908e-01,4.330395533945541886e-01,8.190561680127445010e-01,0.000000000000000000e+00,7.430699947508151437e-01,7.819891111017952534e-01,1.295178677300032888e-01,4.836897326768060945e-01,8.152492976741027020e-01,6.909256706663344794e-01,9.723067934946891810e-01,7.886680399745121806e-01,7.049807187853084356e-01,8.600837909633300971e-01,5.146259758653337624e-01,6.294910313938956170e-01,4.599812337251718564e-01,1.198715947794792847e-01,7.376916730317563120e-01,5.641375249887419230e-01,6.776117889394271954e-01,8.500475559753898347e-01,3.036995980105299253e-01,3.775666348315865894e-01,4.343406795243756613e-01,7.262391502109456498e-01,5.935173934018040942e-01,5.015430007456340711e-01,6.039320824150365974e-01,4.594624689289313335e-01,6.272007688915678392e-01,5.035530562754938488e-01,8.988932598663536000e-01,6.397784335278537959e-01,8.162377760820360706e-01,8.829435060040633498e-01,7.338495888059791694e-01,9.818980719682229852e-01,6.166411913596220318e-01,6.671578550248109529e-01,9.384055293404659492e-01,8.161212778267389334e-01,9.119568111482240225e-01,7.386838571165355027e-01,8.414825770054996656e-01,6.017334621954166796e-01,1.296794314859920638e-01,5.394705737225710118e-01,6.907592351353547544e-01,8.513751882080269340e-01,2.869601075467660689e-02,6.010109730132443540e-01,8.283053094042154285e-01,9.430644485362446039e-01,9.723951475163634672e-01,5.548148318686078051e-01,8.783868247447418343e-01,4.551771688444417596e-01,9.751249251096878456e-01,2.773828836000741815e-01,8.907275320609640834e-02,5.380226582289309167e-01,7.812983197298418725e-01,5.603757207217326952e-01,4.265659242345731794e-01,7.630628951303115859e-02,5.827866331735434002e-01,1.097868115306929043e-01,9.838363639459067889e-01,8.105856211037641978e-01,7.561155167930803112e-01,7.086402978110173390e-01
9.530384286553654771e-01,4.617805659497751236e-01,4.806943747120193677e-01,8.634293439928628633e-01,7.913991743209449758e-01,7.357261664849324978e-01,4.914213895681458499e-01,3.572306941134198444e-01,7.139044453622056530e-01,6.167913621194449636e-01,6.204994176120409710e-01,4.337421743361370430e-01,7.996319404350431537e-01,5.877087276617325440e-01,3.363792637571398902e-01,9.464351253418956667e-01,7.430699947508151437e-01,0.000000000000000000e+00,5.954397537088619297e-01,6.843862334929762259e-01,9.641200706684092125e-01,2.111272642834257085e-01,7.365566795969216152e-01,8.408477364778339513e-01,4.211444675245010760e-01,9.878185000087282841e-01,6.452760944226749729e-01,4.203871523307214364e-01,6.198596628605843595e-01,5.080068768305955329e-01,4.691061597413629380e-01,6.227498297326233834e-01,7.094221784793216523e-01,6.663870793173671814e-01,7.811728536599914507e-01,6.272389751869063002e-01,1.034995760158683581e-02,1.995700872742508791e-01,8.982267446643248388e-01,5.271716332173858044e-01,2.276254811264563083e-01,5.411127285245257434e-01,9.352433744281799521e-01,4.485199374515106974e-01,6.376618306950825321e-01,5.908019698668849351e-01,7.371235455131647241e-01,3.227475633716105907e-01,4.746992115611700092e-01,1.455487708836005270e-02,2.423079766204286056e-01,6.186450757937821399e-01,4.404772747038535607e-01,9.709065292971033045e-01,6.560414272028143312e-01,5.245073680419010120e-01,7.327921991806511937e-01,9.861066631866857168e-01,2.552352702811345742e-01,7.268280705219483384e-02,4.631523515947341685e-01,7.187401789101115490e-01,6.736605123440287946e-01,7.845245070185777880e-01,5.768658630285707911e-01,4.890920316007648094e-01,6.350658356691972761e-01,1.809894073826706362e-01,2.427572043995919748e-01,4.640451930910074463e-01,6.312051165865720792e-01,7.725483086423010626e-01,-9.907558217230931497e-02,4.302652974378623485e-01,4.018238087632066691e-01,1.859684103408894840e-01,5.456245057746840210e-01,6.056696940190188228e-01,3.661948025626765579e-01,6.428118610462434379e-01,5.296035164335042289e-01,8.382654373207648613e-01,9.499987657758122150e-01,6.814835702304313791e-01,6.100592605291167425e-01
