0.000000000000000000e+00,3.441073047107453542e-01,5.609191280212577624e-01,7.079651957648859240e-01,9.471049749715128030e-01,-1.464189864642150285e-01,9.002273655115428097e-01,6.828075263425514851e-01,7.396117633432083283e-01,5.455590544203132719e-01,5.158073856207733288e-01,6.595305429163513811e-01,5.940628568091200767e-01,5.915992461552257442e-01,8.792539068851866757e-01,8.612344211320077658e-01,2.228553273224306852e-01,9.696835404093572253e-01,4.164813539418389943e-01,8.113544658556903766e-01,5.498708629906817746e-01,4.925689775801214698e-01,9.380337641420306571e-01,8.249112880968164641e-01,9.705575049642096719e-01,6.771853686401860806e-01,7.005118130553267264e-01,8.951343850743919139e-01,6.643903944704934172e-01,3.901415910349300131e-01,4.973842648056026050e-01,5.756971999766334891e-01,9.927231680207088127e-01,9.847534475914926366e-01,6.939164664571354502e-01,5.530697808733231469e-01,-3.978204118689198099e-01,8.561974954160700424e-01,7.384476137201404500e-01,8.060099800206089737e-01,2.248262938274417921e-01,4.372012415083733061e-01,6.825397185377760634e-01,8.076482933376624151e-01,8.028769453256381361e-01,9.294518065328416512e-01,-6.438158253286335730e-03,7.584246745555481839e-01,9.868757165289864242e-01,2.544118243027973514e-01,4.953988593987937450e-01,4.427127377005452002e-01,6.949000991978482311e-01,7.358297748726331244e-01,6.175999384127527359e-01,7.426298127607168231e-01,2.563149580717408726e-01,9.123903381612766816e-01,7.016937970721403017e-01,5.245505234591104626e-01,6.390842523034840905e-01,8.291933004112985728e-01,9.092242745630353395e-01,9.643810291805510193e-01,3.846934090405557116e-01,7.656641778328107106e-01,5.995555603763769170e-01,7.926976552899747119e-01,6.064329875539945514e-01,9.306399525965907138e-01,4.528262770886186672e-01,8.398881253200956021e-01,3.324336218487580208e-01,4.546934779671320537e-01,6.503681284291902287e-01,6.728120245490634144e-01,2.754041952773754742e-01,8.371035384237311971e-01,4.695471835916749659e-01,8.041541854441501547e-02,7.788479289942003003e-01,4.134428325673621951e-01,5.279604227033043440e-01,2.497657733379640976e-01,7.005135786423926092e-01
3.441073047107453542e-01,0.000000000000000000e+00,7.948152100423833133e-01,7.525447598443881780e-01,2.273483776023437763e-01,9.995973650367858676e-01,4.632044808466055374e-01,5.929922495708945807e-01,6.327072076882119811e-01,6.923595078070305942e-01,4.551138019182810433e-03,4.568548427093854780e-01,7.181988455088869072e-01,8.181455483000451556e-01,3.315670484822347830e-01,3.430281541648556587e-01,3.482209421890183343e-01,8.795366079755346789e-01,4.588822505182108547e-01,7.053942396386114755e-01,5.267589582776850410e-01,5.277301010261061798e-01,6.852399037404651727e-01,9.854137202833137543e-01,5.909537979802915730e-01,7.944291838392982807e-01,5.829204461049994901e-01,2.196550142398848993e-01,-8.811926973684131026e-03,8.331171264168922563e-02,4.396119365459102424e-01,3.484959057163954377e-01,6.170356349864613010e-01,3.520871471421738175e-01,6.814998779512835281e-01,5.040567935662958465e-01,3.006715929647172936e-01,7.816898165005761179e-01,6.044938492407735398e-01,7.981100637741016524e-01,2.051651357400347264e-01,8.628609367642050554e-01,6.046094141828749491e-01,7.624128112019750159e-01,6.661448020289306715e-01,7.558349377766789834e-01,7.966265692480546390e-01,8.433580399001745498e-01,3.700627076413091632e-01,4.120606024259008127e-01,3.337540883912409884e-01,9.650476155261595856e-01,6.360114081929956198e-01,5.608421039067070790e-01,8.239850754013855472e-01,3.954899624613231746e-01,9.598567730532316933e-01,7.180528481407743024e-01,4.775350852897607412e-01,4.892514641256985319e-01,3.162220322482287016e-01,1.760976669769599157e-01,7.553121431004834463e-01,8.357665259134310354e-01,5.475551101753549643e-01,8.101188841337721991e-01,9.295868762210188763e-01,4.195240299195951983e-01,7.256189570844083780e-01,5.382161890996611797e-01,7.290592758145579833e-01,6.314481507768358037e-01,5.550746243412105763e-01,-2.438865697404757338e-04,3.863131722469797386e-02,6.705305702377425403e-01,4.390831119739549981e-01,6.198080223867472593e-01,5.585389107042718626e-01,1.924571703393767041e-01,6.829137636577343740e-01,7.581136709013954755e-01,2.577318210830233935e-01,2.044523538030181831e-01,4.864913954444981536e-01
5.609191280212577624e-01,7.948152100423833133e-01,0.000000000000000000e+00,6.962192518055225765e-01,7.036309210976763318e-01,9.600656035576705660e-01,8.324767545272147018e-01,3.396159385782899776e-01,7.108731069431158955e-01,6.938766377281986308e-01,5.597587270477067944e-01,8.942388680240582755e-01,5.958292341667761338e-01,7.608915768070135810e-01,8.380866255509633600e-01,8.043522621939299677e-01,6.776748163825692117e-01,5.721889893464424670e-01,6.325915511025846927e-01,5.697944567670898408e-01,5.789119581871173814e-01,1.399130067088618923e-01,6.622037486058054423e-01,9.232420934235604504e-01,5.725394453833146935e-01,6.574737567849978648e-01,6.542288463877119487e-01,9.845947352034258859e-01,7.362631897406677339e-01,3.716972639501261444e-01,3.628270599274391328e-01,6.898083954039744281e-01,7.641481370071119272e-01,6.638031330630060900e-01,4.090469954916158835e-01,3.915393119892609519e-01,3.662724728744730651e-01,7.428045592748415693e-01,8.526066342915399332e-01,6.204854791277112369e-01,3.759189741567256493e-01,7.015333715253618818e-01,8.892082719707072869e-01,6.135242118981466541e-01,9.931220513958121110e-01,8.777229533487307389e-01,8.781152590531313695e-01,6.582473876566292681e-01,6.869949512174026163e-01,2.657642875781403013e-01,8.737535454237336241e-01,5.718265581653605434e-01,9.120109764954087428e-01,5.959920952839066199e-01,7.893465392653759016e-01,8.207107836534396350e-01,4.366005688261098694e-02,5.361244993108514878e-01,2.748639566209187812e-01,5.588575948783863767e-01,5.803097206286523813e-01,9.424495900505314161e-01,5.243123582380194714e-01,6.556962077609425066e-01,8.922474608122199502e-01,7.726072872098932454e-01,6.941873986749890202e-01,4.795386920211800463e-01,8.233953176133655960e-01,3.387260500879967218e-01,8.285553732730331911e-01,4.058057595948051377e-01,7.099704861921181109e-01,5.721093750835063441e-01,9.233349306481857255e-01,4.401921869695213374e-01,7.810877901428772696e-02,8.561929391137474976e-01,5.149444131344766973e-01,2.862809100355653280e-01,9.687538191644790020e-01,8.712699918744448713e-01,6.785843154168496039e-01,9.848204382402742096e-01,7.870443346951476737e-01
7.079651957648859240e-01,7.525447598443881780e-01,6.962192518055225765e-01,0.000000000000000000e+00,7.330649511831047738e-01,4.955326215993436922e-01,4.273985772877647027e-01,5.469167815651594378e-01,2.314869069529692791e-01,6.764417750450607558e-01,4.129757785492497169e-01,7.854817914912332055e-01,6.287953793048605133e-01,1.741955276352619153e-01,9.349369491249857056e-01,-1.966022384374710441e-01,9.696600481887004408e-01,2.319638178517580696e-01,5.200444169949057782e-01,7.064419086222145650e-01,3.845068401764819566e-01,6.844423119386610077e-01,7.112160670029972209e-01,9.663266427835360828e-01,7.172274308341067828e-01,7.133784147823080124e-01,2.004896103116302619e-01,7.710553778652813328e-01,7.229976570055589580e-01,3.860940133567174470e-01,3.115666840431072226e-01,1.900598340248592366e-01,4.589611815312777954e-01,7.501388087904525825e-01,9.636901745298094291e-01,-1.103324086313414998e-01,3.122817259684436131e-01,6.526411144348768234e-01,2.727183771863940787e-01,7.867505959086188438e-01,5.752044480187405995e-01,7.256261889631037132e-01,8.154605824587363161e-01,8.190446758951596129e-01,5.705528305104788922e-01,9.655173292550168762e-01,9.221502762234291550e-01,7.443499308814500726e-01,2.932911885685089426e-01,5.489524455837677674e-01,4.903441813461095200e-01,9.281829419201989007e-01,5.419036979380675856e-01,8.884290082348246242e-01,4.883043915168004401e-01,8.989897402682119898e-01,8.467571649994591887e-01,7.410604108695301173e-01,4.576436850010757729e-01,7.135833656464388719e-01,7.125501266921215882e-01,6.683277384021245326e-02,9.350800992134945533e-01,9.499186939437105348e-01,7.002735734032791148e-01,5.644655802356176588e-01,8.322394056827022712e-01,2.006943978549297625e-01,4.644239614618353995e-01,7.586572536022865298e-01,4.479241868228921453e-01,2.381995068753670064e-01,1.413443902333685054e-01,7.616536864612061253e-01,7.950238575702688326e-01,7.966048105786132094e-01,5.094185868004860174e-01,6.171912393797376328e-01,3.182671532630266809e-01,1.594416382666734022e-01,6.545730338725711528e-01,9.457270264107084934e-01,8.162808171761556375e-01,5.619018078821723661e-01,6.030106818568690130e-01
9.471049749715128030e-01,2.273483776023437763e-01,7.036309210976763318e-01,7.330649511831047738e-01,0.000000000000000000e+00,9.314623251945605142e-01,4.553673067604438462e-01,3.500058536063644921e-01,6.252330293388443927e-01,4.763874680517646842e-01,6.666309227874352983e-01,6.115624866974231910e-01,7.070413149118245366e-01,4.374049756436619862e-01,6.020140450109809915e-01,2.210323549789711683e-01,8.761834381719311171e-01,7.864137520577041407e-01,8.785493743821279899e-01,2.719995256164406405e-01,6.445229198300882478e-01,1.815303990244891974e-01,5.349144464483623906e-01,8.579509404081270274e-01,7.761452478385563181e-01,7.575738941823616235e-02,5.931811438094242162e-01,8.678354937978962624e-01,5.911700582536880688e-01,3.780214389789144924e-01,1.250992063660088041e-02,3.990136749713141251e-01,6.811451453903434317e-01,7.241091905701426690e-01,9.218563925192462261e-01,2.568767978348221459e-01,3.984855026747894935e-01,3.973357536060785344e-01,9.186148480809521732e-01,6.593306341616329558e-01,5.974524078783658432e-01,3.040662234797333885e-01,2.145975735374676951e-01,7.454269405802207427e-01,1.980546144443453005e-01,6.571275277847806739e-01,8.977661893917208147e-01,1.013567535133864522e-01,5.104420437250763998e-01,4.076826769830871888e-01,7.494494439732420910e-01,4.296796616595036089e-01,9.999821484967951202e-01,6.349742049097195640e-01,3.883300952198317502e-01,4.399060261550105655e-01,4.682420024259873470e-01,6.991427169815823683e-01,5.601210338047182269e-01,4.600159760331546943e-01,2.139004810971957271e-01,5.787045166007344088e-01,6.147397261447673511e-01,5.736590756483755937e-01,8.548264221537523744e-01,7.144541023488178988e-01,3.426293315356387370e-01,9.401686691182227218e-01,7.582174142864894772e-01,5.313465462041205845e-01,6.984651864441591140e-01,3.546065520402577054e-01,-1.929803004803611333e-01,6.413401216165089957e-01,5.681062560316197940e-01,5.976528266052599792e-01,6.364537188144027136e-01,6.088325820147392209e-01,2.250880247389690225e-01,2.746983907489237153e-01,4.737125442711550560e-01,5.626662559664779018e-01,8.736258832725520840e-01,7.044598078823094411e-01,7.207978302258190029e-01
-1.464189864642150285e-01,9.995973650367858676e-01,9.600656035576705660e-01,4.955326215993436922e-01,9.314623251945605142e-01,0.000000000000000000e+00,7.589312441439846069e-01,7.429932693033002300e-01,7.412016971370000151e-01,1.702651489237739513e-01,6.210201495467374544e-01,4.434052760871978749e-01,6.724704408090751429e-01,7.982001362621684581e-01,2.248782057512448695e-01,5.918798817806288914e-01,8.420268659121176169e-01,6.862213897139249896e-01,3.499617669876939896e-01,3.358284430079032656e-01,8.898983148583691216e-01,8.106827275379944187e-01,5.769860472990600009e-01,4.621553577281629632e-01,6.596904494903456095e-01,8.242936378536436237e-02,7.030871608944632145e-01,7.747185434108428970e-01,1.555641120525223242e-01,3.805596246385133385e-01,1.043120630249202430e-01,-1.885522273396106063e-01,6.395216980077684799e-01,7.034414511102222711e-01,7.289584396587125426e-01,3.974407443991164746e-01,5.100464870239681536e-01,7.261148006277657885e-01,5.525340367225182181e-01,9.718927612972826369e-01,9.042539190114367020e-01,7.719287883903482861e-01,3.684619872151683184e-01,5.151679347271781451e-01,9.503731367209733438e-01,6.559936449751320175e-01,2.179199609033000140e-01,4.424994207806783320e-01,7.379553860155795286e-01,4.144876987571283755e-01,5.083703478581944601e-01,6.494407524497859407e-01,9.148739247663247864e-01,4.153337989284560661e-01,4.606711801476506829e-01,8.749779572718598963e-01,6.062824598325098346e-01,8.736243546536608395e-01,9.916403843496163217e-01,4.739561365127009651e-01,3.289677743053357473e-01,6.959283131516867948e-01,9.329082802703024813e-01,5.067884848495586292e-01,6.910116970549092796e-01,3.202794412220508757e-01,5.692791512280731547e-01,9.968098789106671909e-01,5.538926891762798732e-01,7.114140593729828543e-01,6.501680315654396747e-01,3.935108265686075857e-01,5.629276120671753425e-01,2.545426273156423669e-01,6.832114310038331917e-01,6.945575945739734802e-01,5.648746718451550519e-01,2.710220920972752912e-01,3.184971228011229671e-01,7.731223175712460538e-01,5.878104265611387991e-01,9.063193315392258365e-01,2.325121987011452007e-01,7.536759369772092487e-01,7.890648001175868398e-01
9.002273655115428097e-01,4.632044808466055374e-01,8.324767545272147018e-01,4.273985772877647027e-01,4.553673067604438462e-01,7.589312441439846069e-01,0.000000000000000000e+00,2.351193712543875602e-01,9.633968774853214345e-01,4.622796918817100309e-01,6.431426995429410098e-01,2.389683037304861646e-01,5.748703845352645114e-01,5.805975897979600564e-01,6.921535605839073124e-01,6.930455023868324627e-02,9.706355977450087380e-01,3.513609517630004175e-01,2.291866882860266741e-01,6.870841348500068557e-01,8.696651268968840220e-01,6.593905307661223070e-01,6.453699270648439734e-01,9.316337286042266630e-01,4.863168492283991839e-01,5.322398405387132048e-01,3.488043698259261083e-01,6.431347770644124662e-01,3.440197341448557600e-01,4.120525348822639544e-01,5.459119174429425403e-01,6.806219214348551150e-01,5.392901204855843345e-01,6.511039878505653355e-01,2.576882240115102585e-01,3.803052586171083993e-01,4.619625287475186415e-01,5.288147159159548583e-01,7.594228913408458403e-01,4.987383633109007119e-01,5.991987333757424761e-01,2.707116400243055887e-01,6.767015110269863909e-01,6.401174842205288318e-01,9.578014170650238635e-01,3.448954221060254177e-01,5.850129518194014944e-01,5.229335708976530217e-01,4.893084162559456773e-01,3.456473827697511547e-01,2.555257079905994266e-01,3.605703965400236521e-01,4.241195642062867144e-01,3.002843751894117633e-02,6.303795855700297102e-01,5.461732934422115493e-01,1.984484561263053781e-01,9.544630562708199262e-02,9.172171319462602002e-01,2.461187135660544700e-01,1.997810381379965805e-01,5.730662440410059233e-01,8.328138821076370713e-01,4.108145378427334737e-01,6.909780798728447637e-01,6.933251909802213842e-01,7.984623752599391278e-01,4.433338428556269362e-01,4.926251734263888404e-01,2.559754340739226475e-01,2.701425852943481476e-01,7.609414918602608324e-01,9.928891051262132006e-01,4.512785938399116459e-01,1.423761062209932537e-01,3.178424041880290596e-01,4.726784898360906761e-01,5.795429077457847633e-01,7.050331831865331855e-01,4.107334011930694473e-01,7.657973478984164695e-01,6.029075583016719753e-01,7.657744939224232494e-01,7.885624702798934571e-01,4.928280501974906525e-01
6.828075263425514851e-01,5.929922495708945807e-01,3.396159385782899776e-01,5.469167815651594378e-01,3.500058536063644921e-01,7.429932693033002300e-01,2.351193712543875602e-01,0.000000000000000000e+00,7.195688540695888147e-01,2.634126005576016283e-01,9.684656403614642917e-02,4.046768215760578880e-01,5.482631736478833506e-01,5.201840048105774716e-01,4.287567873624245074e-01,-3.522277652696216288e-01,9.298738466738281083e-01,2.730977485088688650e-01,3.513144876015451556e-01,5.449453271387798975e-02,8.678837000845791572e-01,2.512157293067933742e-02,2.920315600974610626e-01,6.777122997025682993e-01,9.467277805234619592e-01,6.715268850716574756e-01,5.348734986104437816e-02,3.158393578012562708e-01,3.514210810219677850e-01,5.181903918990364843e-01,4.050612841886028215e-02,2.236418029737056723e-01,5.661026137928171220e-01,4.120866548117009254e-01,6.909098708879589656e-01,3.087328590496860592e-01,5.952621906249715433e-01,7.999520095811578635e-01,7.509718961254258085e-01,7.814700578672829634e-01,7.436217679400821678e-01,4.456003907195429936e-01,7.185753423028738984e-01,2.098063761321533605e-01,8.923718903045915196e-01,5.662632667896798644e-01,4.742300144195650824e-01,5.720565926561860248e-01,4.740550376844278047e-01,6.259641090704518573e-01,5.747778581145164267e-01,6.263471131787312629e-01,6.565673588900635682e-01,4.392580321303226620e-01,6.061187499752719310e-01,5.505235596210178439e-01,6.628127648532382565e-01,5.037688114863626554e-01,9.723427827439704574e-01,4.312148176748976103e-01,4.261650760648150738e-01,7.860813157129583617e-01,6.777969690273778491e-01,2.377044791838235083e-01,8.196665312584571206e-01,9.915224546544292306e-01,5.593984627080975658e-01,9.304278698932261227e-01,1.719310832050534588e-01,7.606183286378863651e-01,5.930550031241471620e-01,4.495027964247736429e-01,4.828630229956750730e-01,5.867432397319000126e-01,1.876337440436321169e-01,6.713135282457752817e-01,2.041218718913626745e-02,5.861503683343596283e-01,1.534348696812398161e-01,5.017062794704418849e-01,5.298885645724256133e-01,8.952982435874047296e-01,-1.677797606672887798e-01,2.730516174487761516e-01,4.389061191060896761e-01
7.396117633432083283e-01,6.327072076882119811e-01,7.108731069431158955e-01,2.314869069529692791e-01,6.252330293388443927e-01,7.412016971370000151e-01,9.633968774853214345e-01,7.195688540695888147e-01,0.000000000000000000e+00,9.101388992090974073e-01,6.459873909847236861e-01,2.293426575062676998e-01,6.540345204412090219e-01,8.460310491546945144e-01,4.062597577090989454e-01,4.450752773462550715e-01,6.323281173432158120e-01,7.106372554795427066e-01,4.160727742414657704e-01,6.774698605703834975e-01,8.405832475056284059e-01,7.789527423806157369e-01,7.183645152557609492e-01,2.318445656860383397e-01,4.831350446296225343e-01,4.206128823651115733e-01,6.698058042652096367e-01,7.201792996005189351e-02,2.907021710521714430e-01,2.777105307112343047e-01,5.942208668748019118e-01,4.036964240470892751e-01,7.980926671495467417e-01,6.862377068688819692e-01,6.806028208288315007e-01,1.877128197763984208e-01,3.952782994209053102e-01,7.221508096657301978e-01,6.163447707313493007e-01,6.688231288327074475e-01,6.371915750393666311e-01,4.726698701174149031e-01,6.907634689468049594e-01,7.008311249982118740e-01,7.298186844429216391e-01,9.476368693368522056e-01,4.698926937803674098e-01,5.649091147377952593e-01,4.351823519215510250e-01,2.628557512530311224e-01,5.218610449436674736e-01,7.110940464640600478e-01,3.309488499016369767e-01,5.672127395794364091e-01,2.495409880023488902e-01,8.293599403949920568e-01,5.443938275108707314e-01,-1.985323358963937967e-01,6.737943365213828750e-01,-7.742648288989344152e-02,3.002987094785544708e-01,7.808781310348129612e-01,6.597364073520893823e-01,7.883746021441122576e-01,7.142634123986673078e-01,3.046890265552911758e-01,8.449096367635109406e-01,6.417721608069683059e-01,7.256245557648499656e-01,2.031637648869324964e-01,2.993593123608442319e-01,3.906413624017586184e-01,4.178622458578590826e-01,3.233104839511588002e-01,6.094279682108416640e-01,8.961758409465336861e-01,7.420182821738076084e-01,2.805474917272651192e-01,3.219165959324781778e-01,4.423691832022247916e-01,7.238144373040937829e-01,8.098305108524559426e-01,9.522127470232251145e-01,3.818651241436122334e-01,4.274610856879277332e-01
5.455590544203132719e-01,6.923595078070305942e-01,6.938766377281986308e-01,6.764417750450607558e-01,4.763874680517646842e-01,1.702651489237739513e-01,4.622796918817100309e-01,2.634126005576016283e-01,9.101388992090974073e-01,0.000000000000000000e+00,3.819940232899475818e-01,8.577578513154018314e-01,5.919769761092620319e-01,6.381096486829072045e-01,6.304766506324810393e-01,4.390288876683652308e-01,9.268135869958284978e-01,4.574068152350689309e-01,8.934082853958527082e-01,7.285106940013530430e-01,3.945500145144026916e-01,6.307352942295365583e-01,7.789986499268735098e-01,9.754295143800321144e-01,5.215443879130742255e-01,7.490427873663261238e-01,7.792505594092002941e-01,7.879724440203104141e-01,6.843601197580053697e-01,2.484006274207703480e-01,5.853939597235995329e-01,6.765429756123019223e-01,2.692888902825545383e-01,5.855079607072386505e-01,5.164332825698300100e-01,6.398713175247924267e-01,4.738221527604404848e-01,4.947627224935362555e-01,9.475969437907431070e-01,1.394555941149043798e-01,1.179182965616268897e-01,7.761582969469786875e-01,4.322356357742093702e-01,6.370485021565563954e-01,8.035047682724378859e-01,4.170459526662454453e-01,6.783971126379966243e-01,4.899023073115955085e-01,4.136166113285833501e-01,3.942971383092080395e-01,2.929573214855605290e-01,8.104717323898948944e-01,8.555240225058198256e-01,2.194956778819878440e-01,7.875951620022445532e-01,7.024632218859225841e-01,5.541572223944912778e-01,7.881270744920023663e-01,5.824762571673984812e-01,6.425546148618586084e-01,3.468621042929560527e-01,7.518553988314998771e-01,6.154722361479211257e-01,9.459621963306900083e-01,8.913195700128249133e-01,6.883581352093788297e-01,6.170037013673563830e-01,6.297974658657473634e-01,7.801195857370861741e-01,4.693147612476568087e-01,9.538097806729400885e-01,4.983467071639585688e-01,5.782245691261932441e-01,6.305398589389714370e-02,3.773085218128829216e-02,4.635919698435443381e-01,2.669388028690781178e-01,3.413987355859038897e-01,6.587656672009025716e-01,2.237054641984216607e-01,2.417659072972982159e-01,6.762931577661157601e-01,7.108572421859822299e-01,2.896205526676252084e-01,3.344133264493847069e-01
5.158073856207733288e-01,4.551138019182810433e-03,5.597587270477067944e-01,4.129757785492497169e-01,6.666309227874352983e-01,6.210201495467374544e-01,6.431426995429410098e-01,9.684656403614642917e-02,6.459873909847236861e-01,3.819940232899475818e-01,0.000000000000000000e+00,7.666811295788119596e-01,8.576175104099528212e-01,8.221560439476061077e-01,2.355510896181223779e-01,9.862748640250557086e-01,6.797577706101208816e-01,8.895150728865922618e-01,7.257659653000476663e-01,9.898947099107806569e-01,7.901177114119430911e-01,5.988309244103013906e-01,2.805748807078072282e-01,7.418732734420119268e-01,7.468015142359974989e-01,6.205731247998045319e-01,6.169777878530652293e-01,6.976071073019358693e-01,3.727846897354984979e-01,4.736881877210346037e-01,4.481483763563447464e-01,4.688510789622554187e-01,7.325195456038569031e-01,6.999409078455536282e-01,5.959828904448969400e-01,5.604238597146011802e-01,5.102123333092728474e-01,5.736075268194601451e-01,6.952489310099417841e-01,9.787893217991439077e-01,3.119125405339517876e-01,9.762106976356484944e-01,7.025605491675727121e-01,4.958811237573961805e-01,6.114065868775135915e-01,7.645613977805992834e-01,6.789092671596745898e-01,6.565226202688619894e-01,4.439091355882093803e-01,3.701036117275423032e-01,4.959148831197242036e-01,7.896917544994244142e-01,9.463740296212008740e-01,4.072021789566933336e-02,6.258416615850788123e-01,9.193549720316397389e-01,8.129178509079484360e-01,3.073894258077921049e-01,7.757888121922924540e-01,6.314671389247829003e-01,4.605893543813908697e-01,4.356350726212848135e-01,6.236109775039139214e-01,5.998180967796412633e-01,9.255200566868034828e-01,4.212050932988180563e-01,2.157884017407466493e-01,9.884983368915557511e-01,7.126335600778573864e-01,7.180140548451573457e-01,7.250846818255720638e-01,9.171152054548741273e-01,4.984208176777594201e-01,3.009435536157776814e-01,4.799040721082062366e-02,2.126402210834830303e-02,6.675785417083788253e-01,2.395798325942968821e-01,3.431465969388124426e-01,-2.233123803382865702e-01,4.660489658942362778e-01,5.501926999072267455e-01,4.476719089878180013e-01,7.419975793541463416e-01,7.691192269494520062e-01
6.595305429163513811e-01,4.568548427093854780e-01,8.942388680240582755e-01,7.854817914912332055e-01,6.115624866974231910e-01,4.434052760871978749e-01,2.389683037304861646e-01,4.046768215760578880e-01,2.293426575062676998e-01,8.577578513154018314e-01,7.666811295788119596e-01,0.000000000000000000e+00,4.619922140826777657e-01,3.163203467285635728e-02,7.235622574489027903e-01,4.169350223258683208e-01,8.625611897150200491e-01,7.159521649092684958e-01,9.545452382896978394e-01,9.816336319252300102e-01,8.538944114902602411e-01,5.579881056421126528e-01,4.199355051357105961e-01,8.716441442996337718e-01,4.903476685771290255e-01,9.929930199385855749e-01,6.451616157010801045e-01,6.763649482211560038e-01,5.215887466532113104e-01,7.856959805546354092e-01,5.174998874805752935e-01,5.611228108760610844e-01,5.685099869759029367e-01,7.709267259723424637e-01,7.102888032271212904e-01,4.440893509199586586e-01,5.225951314563005434e-01,7.986506206008268105e-01,8.965108499218789051e-01,6.473476417332542088e-01,2.712264564196779082e-01,7.237296342052990106e-01,4.040056841173603752e-01,3.955412404637425050e-01,7.020771322667296310e-01,4.222066841430024420e-01,6.742902073511993777e-01,4.578372892944881367e-01,4.551767411549810238e-01,5.075570540027729560e-01,7.622909004732891791e-01,4.744973781129398493e-01,7.837209128819995207e-01,2.030053032074441433e-01,-5.208733119178571291e-02,6.627778788342386651e-01,7.180000378399139516e-01,2.947674373595622344e-01,6.884079493573213027e-01,6.717746237698440925e-01,2.755759494385338071e-01,5.531332991675368405e-01,4.034819697630385726e-01,8.300564177052932591e-01,6.489712595039708320e-01,2.006386137127330049e-01,7.185249536738664844e-01,6.908979264403963816e-01,5.179093260855387459e-01,9.326737552658885821e-01,6.337436377455746284e-01,2.825489922181973479e-01,6.692769530619491203e-02,4.737781395238958582e-01,9.906485700603999689e-01,1.670324768546783967e-01,9.804569661804943825e-01,6.183443664994218159e-01,3.006261850999434326e-01,4.718365782918312323e-01,7.003942198155378440e-01,6.229117761870764935e-01,5.603300031646806234e-01,4.336905606292342785e-01,6.083560104469627472e-01
5.940628568091200767e-01,7.181988455088869072e-01,5.958292341667761338e-01,6.287953793048605133e-01,7.070413149118245366e-01,6.724704408090751429e-01,5.748703845352645114e-01,5.482631736478833506e-01,6.540345204412090219e-01,5.919769761092620319e-01,8.576175104099528212e-01,4.619922140826777657e-01,0.000000000000000000e+00,6.355179699088411294e-01,4.653668421658155863e-01,4.730241926757212667e-01,5.403868550345412025e-01,2.110409758008006675e-01,5.008127159630222369e-01,5.040788124123743996e-01,8.876738611600307749e-01,8.248907500056100739e-01,9.610579119932317615e-01,4.280493329470073660e-01,5.085157816421442822e-01,9.003625355081678050e-01,8.120752761092940863e-01,3.625750071800887264e-01,4.641283021259163810e-01,5.790268242107723395e-01,3.389004445711828462e-01,4.494006551681676842e-01,5.278618217297980086e-01,7.403277004567464514e-01,6.496403001564831081e-01,-6.890160802262881856e-02,3.718472557626192332e-01,9.832347503953468015e-01,3.233889207423071288e-01,4.636414318381608668e-01,3.712282796183533629e-01,7.226267134138920634e-01,8.016521011659443197e-01,8.735798807107328923e-01,7.128998779215722781e-01,7.100140764488165335e-01,4.585617392238840462e-01,5.687203208626732120e-01,6.584218473195865284e-01,6.216495269400889034e-01,8.352171617024903849e-01,4.679182614356412473e-01,7.109198389859751055e-01,6.684700766355418100e-01,7.160189650171205900e-01,5.586532749342268955e-01,6.481969748817383303e-01,5.684919364202474235e-01,3.300444363516853441e-01,8.248009078894551482e-01,2.381449729170182494e-01,7.627728718887396564e-01,9.269271570066593968e-01,7.916777085359845145e-01,6.717348520143308077e-01,7.034439721910186183e-01,8.530145335549232932e-01,6.838389449318683644e-01,6.506025904127291648e-01,6.155758609015385963e-01,4.362292065673279984e-01,7.002016032689629688e-01,4.981369674305098638e-02,3.753078356136999583e-01,5.686098438580039494e-01,2.654369098733453392e-01,5.115688016528258109e-01,9.002863188152850915e-01,4.405887953594417317e-01,-1.267222777461771144e-01,4.062323769159855713e-01,3.950652863089366140e-01,6.516792027556576050e-01,7.715678795250703326e-01,5.999491383653430265e-01
5.915992461552257442e-01,8.181455483000451556e-01,7.608915768070135810e-01,1.741955276352619153e-01,4.374049756436619862e-01,7.982001362621684581e-01,5.805975897979600564e-01,5.201840048105774716e-01,8.460310491546945144e-01,6.381096486829072045e-01,8.221560439476061077e-01,3.163203467285635728e-02,6.355179699088411294e-01,0.000000000000000000e+00,4.132620933367752158e-01,8.365909955563208822e-01,8.735519049683267978e-01,5.178133605365877745e-01,6.714842424421513245e-01,4.510516210855624042e-01,6.065937789323228024e-01,7.416119265667936444e-01,2.056996833354327869e-01,5.361825156828318173e-01,6.791782638148067264e-01,6.184077728841000932e-01,6.402550177351600258e-01,7.611944499410943088e-01,1.423534110651230866e-01,1.232763816723171646e-01,3.953826869771958075e-01,2.794142528154783811e-01,6.988772625666177518e-01,9.029847997657470815e-01,2.651609151615126336e-01,2.369980413870919622e-01,4.005888034514157869e-01,7.070418711184076610e-01,5.611660194206631314e-01,9.212549446783009355e-01,6.425229370958501773e-01,8.952031272025235964e-01,8.623154183606405176e-01,8.456897907627547450e-01,9.452481376041357297e-01,6.865469888547631738e-01,4.939475840388650174e-01,1.987634858682695294e-01,9.455961544170292665e-01,7.620405179449145638e-01,3.437351597369697753e-01,7.531328538410914097e-01,2.299575119587247141e-01,7.874904777948137369e-01,4.606648597681551882e-01,6.406287556201645250e-01,8.871685934522505201e-01,7.352395199007203397e-01,6.517380355877913645e-02,4.301942550282752409e-01,2.865781764429826128e-01,6.977527581596467687e-01,6.552156284954806509e-01,8.424134691570337452e-01,1.567144711169048132e-01,2.368854835639662981e-01,9.349556119679836019e-01,9.748824079076325866e-01,6.962558845836751553e-01,7.399698804399492680e-01,5.436813513427278810e-01,7.102319303042081700e-01,6.123550859461369678e-01,2.897801208141237428e-01,6.353590992132911452e-01,9.013291460387051757e-01,6.904486372966811558e-01,4.531441592768573057e-01,4.619340341274394968e-01,3.597590987890563197e-01,6.677693167004671304e-01,2.303595889211361714e-01,8.270211514904584060e-01,6.237564053494756289e-01,6.509560798915476898e-01
8.792539068851866757e-01,3.315670484822347830e-01,8.380866255509633600e-01,9.349369491249857056e-01,6.020140450109809915e-01,2.248782057512448695e-01,6.921535605839073124e-01,4.287567873624245074e-01,4.062597577090989454e-01,6.304766506324810393e-01,2.355510896181223779e-01,7.235622574489027903e-01,4.653668421658155863e-01,4.132620933367752158e-01,0.000000000000000000e+00,7.817606704185994237e-01,4.933965047692545070e-01,3.541021248189854531e-01,3.209203431963129072e-01,7.327814746733035678e-01,6.107733604097355107e-01,7.714676757791191219e-01,2.916546704493919728e-01,4.263464121250472028e-01,3.882693751918880332e-01,4.608516168642565747e-01,9.240345990547407240e-01,2.498767970077974687e-01,6.521274349692003369e-01,-2.626208228554449686e-02,7.441068156916526011e-01,5.345177801216299818e-01,5.905488620034301528e-01,8.611402057972338264e-01,3.833125323609011259e-01,4.669847499248264144e-01,1.107993743373603401e-01,4.140584220275207450e-01,6.807268984230356867e-01,6.579769583543004785e-01,3.582701938844485845e-01,2.192895654043047760e-01,6.969479785479183453e-01,5.156038895800305610e-01,8.461213652851319322e-01,7.335492222654398375e-01,6.641114575641227091e-01,7.603954795974033898e-01,8.152294874017249615e-01,7.796624865396600823e-01,7.937041374087610013e-01,6.948062551968678946e-01,4.243685898281375213e-01,6.935717860355938846e-01,2.123782581764531163e-01,8.286001948303297615e-01,5.391822153097458603e-01,8.413650795907638980e-01,8.110896663588634814e-01,1.333456265739237090e-01,3.112188303470509246e-03,4.384720247720659270e-01,9.386624881134131293e-01,6.345227021959642943e-01,4.036323061813198443e-01,8.014977595125591936e-01,3.754988383352931280e-01,5.406675373747305002e-01,3.843108400755585463e-01,4.487280428392552145e-01,4.586798661496238050e-01,3.721143384136268994e-01,3.275070755259472666e-01,1.558350510395064281e-01,7.918762876544269691e-01,8.636646184807198479e-01,1.065391740432796025e-01,5.495447315047092829e-01,1.966182667008173068e-01,4.176341481137634815e-01,-7.723068129836704876e-02,9.563323276207194024e-01,5.106983229727495299e-01,1.779499080184347437e-01,6.721702674081767581e-01
8.612344211320077658e-01,3.430281541648556587e-01,8.043522621939299677e-01,-1.966022384374710441e-01,2.210323549789711683e-01,5.918798817806288914e-01,6.930455023868324627e-02,-3.522277652696216288e-01,4.450752773462550715e-01,4.390288876683652308e-01,9.862748640250557086e-01,4.169350223258683208e-01,4.730241926757212667e-01,8.365909955563208822e-01,7.817606704185994237e-01,0.000000000000000000e+00,3.024298937369561679e-01,8.236679714977718225e-01,7.628563654890208046e-02,7.242661935201476497e-01,6.061598059239484693e-01,6.268689343507826139e-01,4.459665479242754804e-01,3.773587885744701942e-01,3.550698088759993709e-01,6.502321042122912731e-01,9.005838739233558154e-01,1.158703574949730142e-01,5.723554744884107315e-01,1.592916180241193969e-01,2.859111867613297608e-01,8.691682579967985323e-01,5.922165862668491432e-01,9.840099480518347264e-01,5.401676555292684867e-01,3.084022072420801730e-01,4.486678781109728065e-01,4.559119500805852154e-01,5.537558454809857755e-01,7.465261820845809915e-01,5.510546939361828933e-01,7.507207893922530628e-01,7.218288012356470773e-01,7.059918194509644529e-01,6.583794016358501811e-01,3.802733231920214507e-01,9.760879066639192025e-01,6.232846122517969878e-01,7.653240782934709330e-01,3.162902811703985906e-01,7.777077357805705082e-01,8.574982146326022292e-01,8.242459910430353087e-01,8.636124539573777903e-02,6.169209578123447946e-01,4.874739391201590721e-01,9.580404580984367424e-01,7.300013353729695176e-01,9.649168970058188410e-01,5.927228486541142871e-01,1.692975224783960231e-01,4.237442359858186736e-01,4.886419178152669462e-01,7.114141260651607457e-01,2.804399237138123224e-01,4.107193293407437329e-01,7.508494455227419095e-01,3.962257407114963548e-01,2.170469224159806143e-01,3.024782118706753065e-01,8.763621575950251152e-01,5.653514342518464186e-01,2.050557843014654824e-01,2.438235506189740387e-01,7.851645569841185779e-01,5.083050113242356671e-01,4.627405663503562083e-01,7.156973309781368142e-01,5.300749058103657596e-01,4.406054573204045699e-01,2.452065121047740659e-01,9.964360486011458740e-01,4.875184385808148946e-01,5.561923178767559373e-01,6.709179964048903599e-01
2.228553273224306852e-01,3.482209421890183343e-01,6.776748163825692117e-01,9.696600481887004408e-01,8.761834381719311171e-01,8.420268659121176169e-01,9.706355977450087380e-01,9.298738466738281083e-01,6.323281173432158120e-01,9.268135869958284978e-01,6.797577706101208816e-01,8.625611897150200491e-01,5.403868550345412025e-01,8.735519049683267978e-01,4.933965047692545070e-01,3.024298937369561679e-01,0.000000000000000000e+00,5.797055886737674246e-01,8.539126795024909455e-01,5.685036685205773210e-01,6.607961604099563679e-01,9.132592653834965546e-01,6.727468274442758300e-01,2.176791826651592321e-01,3.805255150694253352e-01,9.521406614968700444e-01,8.041449994761384890e-01,6.192831122378789077e-01,2.320363183761002257e-01,7.860196669784739187e-01,-5.539412310764513236e-02,8.182120866188684616e-01,9.594641127190514096e-01,7.440362898796549773e-01,5.602347622706607133e-01,3.609362320288538317e-01,4.525603235275018066e-01,5.075197362688554925e-01,5.909317347674729604e-01,6.749948930179869855e-01,1.500091935335327309e-01,9.468049362539980862e-01,8.396858987093664961e-01,8.772220593322621607e-01,8.682058984867051521e-01,3.785986604716271575e-01,9.732144267660378656e-01,9.290815046919624898e-01,4.434852719195678805e-01,5.377594844719401079e-01,7.144977511265822034e-01,6.802399089364736806e-01,6.550250455131964022e-01,7.088011291392224411e-01,3.030946533077117366e-01,7.458861033527928175e-01,9.197393970042744282e-01,7.351027109035040974e-01,7.172247676973610986e-01,9.771162721646640958e-02,2.621938366338661397e-01,6.756868565779394764e-01,5.035396110475974796e-01,2.493802393042222620e-01,7.827168659460874700e-01,9.501531761909300933e-01,4.478663455771825785e-01,4.785457755634289212e-01,7.159419716402080081e-01,9.508558678183258728e-01,4.958951526297450396e-02,9.313079604331930827e-01,1.092376252044605089e-01,2.223446649111436024e-01,7.996325405009173659e-01,6.608574356158429530e-02,6.705303158693538546e-01,7.730858405258855814e-01,9.125368464508819555e-01,2.629088701419857732e-01,3.837488742099281480e-01,6.892697130704332764e-01,7.329964324419634414e-01,6.873197120149818762e-01,8.256597260101269375e-01
9.696835404093572253e-01,8.795366079755346789e-01,5.721889893464424670e-01,2.319638178517580696e-01,7.864137520577041407e-01,6.862213897139249896e-01,3.513609517630004175e-01,2.730977485088688650e-01,7.106372554795427066e-01,4.574068152350689309e-01,8.895150728865922618e-01,7.159521649092684958e-01,2.110409758008006675e-01,5.178133605365877745e-01,3.541021248189854531e-01,8.236679714977718225e-01,5.797055886737674246e-01,0.000000000000000000e+00,6.951785712982601340e-02,8.167142256409656298e-01,8.557723660659773968e-01,3.329964654923244227e-01,-1.997112493760245522e-01,8.040266550536474544e-01,6.082630000244384494e-01,8.753517768417528044e-01,6.735177843329278602e-01,5.693119995636852781e-01,3.983771621132137231e-02,1.357357310376875181e-01,4.948471183122522543e-01,2.561951725294739357e-01,6.195028050140101161e-01,4.889583195474062616e-01,7.951958575185507083e-01,4.905305750404244658e-01,5.373056027105229671e-01,2.036158337316657241e-01,9.151372924244480789e-01,6.342563577387753115e-01,5.263453263513440117e-01,6.246497164022809523e-01,7.013887559635104685e-01,9.064491866423289856e-01,9.495866888343924561e-01,9.656264331136624746e-01,5.056930248149764662e-01,3.885392084755445730e-01,1.483941310231689792e-01,4.697175656774785768e-01,7.638740913203942995e-01,4.412660066415522442e-01,7.793842772917990436e-01,7.177961755702291224e-01,4.517029435484621325e-01,9.603909016174744240e-01,7.022371352693023150e-01,6.126155652605178581e-01,3.069260620270317097e-01,8.342070242332662311e-02,2.252505402562427206e-01,6.368300251608591811e-01,2.031583669154098382e-01,7.663609043160121148e-01,9.027118902030086822e-01,7.386524922887258704e-01,5.177313764244059202e-01,5.225807724363817908e-01,-6.044536313234982750e-04,2.298016395386735106e-02,2.248860356993757637e-01,6.996956689771957061e-01,7.832330734395163141e-01,4.698477226034801779e-01,2.319449027227415971e-01,7.409615306856800476e-01,9.102946750449031343e-01,5.041656975725018475e-01,4.388964102982797488e-01,4.660103424368793740e-02,5.963444699298436902e-04,7.377490705331308796e-01,8.187484022375745019e-01,2.945580919504431350e-01,6.332020106229863110e-01
