0.000000000000000000e+00,2.109738410010904841e-01,4.931664599999969201e-01,5.874719696576792272e-01,7.436473124592861694e-01,9.878816565904209313e-01,5.751531893889297864e-01,7.267077031620254868e-01,9.656880612390998930e-01,8.667730833671625224e-01,7.750667667334260047e-01,6.082737599049442556e-01,4.906545834552619167e-01,6.145011781039864118e-01,7.194749634617273459e-01,4.172344748100570433e-01,6.340859666957020524e-01,8.357896138461861080e-01,7.113949472108589411e-01,8.769709647049706014e-01,6.503786587838914501e-01,9.131195532308606921e-01,6.849052941732891586e-01,7.710740110208047504e-01,8.078928109330464347e-01,5.963156170542799339e-01,4.851900098030236252e-01,1.055468766718189455e-01,5.011626110885882834e-01,5.709994026410917245e-01,4.227330220332712468e-02,6.084028511761743196e-01,8.534927597732929749e-01,7.016244105840595546e-01,8.603456505955120459e-02,4.787940052773468347e-01,4.030630373703318892e-01,5.812177649918665034e-01,9.260923808729455420e-01,9.736831486988368756e-01,5.067632249172903114e-01,5.747342496614814555e-01,4.501842430905407810e-01,8.169166247523148572e-01,9.130965883369263070e-01,2.750467905310474692e-01,9.627634270716185494e-01,8.807713937169323604e-01,9.747891705722770972e-01,9.920858434243335910e-01,5.628879352910036715e-01,9.061271393955477871e-01,6.037286027737177596e-01,8.358319522766766152e-01,6.211758463898197080e-01,8.031524260193600995e-01,9.751110114850379817e-01,7.646117661359967954e-01,6.825073071691551974e-01,5.942950895933429845e-01,6.009278924885891326e-01,6.411058333097843231e-01,6.002057892901778713e-01,7.814272495424052778e-01,9.783548878077248379e-01,6.792386403452093102e-01,6.629436707638488580e-01,5.682000664077779817e-01,8.346669033568636653e-01,9.094835207818701139e-01,6.679405557528511617e-01,8.418800665722818710e-01,4.006962771219638730e-01,1.439587035046436536e-01,4.549053461745079519e-01,6.342384035499226691e-01,6.814546545738577876e-01,7.368683552254564617e-01,1.237093137682799687e-01,3.206560317979701424e-01,4.350070903674820855e-01,2.228774711584204371e-01,8.409226386780085383e-01,1.356294184969801808e-01,-1.624070331897463082e-01
2.109738410010904841e-01,0.000000000000000000e+00,2.119727746241801825e-01,9.682221039774838722e-01,5.565009770926415689e-01,3.159605584637050213e-01,2.330564538581258727e-01,4.255289583340994275e-01,3.694033929067531696e-01,2.081944407039733047e-01,8.262404922628936443e-01,2.523541825078379208e-02,7.081361211039197689e-01,6.417056334085254887e-01,6.161786816833623170e-01,9.009676716228330884e-01,9.903371533725510156e-01,3.729028846131895447e-01,9.703077551525772781e-01,6.966164968566378457e-01,4.688281018169281333e-01,4.620506392856812972e-01,5.195249436402538112e-01,9.276984955912922493e-01,5.437390094268608198e-01,8.722664684280363456e-01,9.552852613572386797e-01,6.860893557853408042e-01,3.259914137608301843e-01,4.524269976243045499e-01,4.023995572233261542e-01,-1.738622061770583316e-01,6.799826345877643119e-01,7.646948945115095153e-01,5.007809962112423907e-01,2.570092366893646507e-01,1.694564401226710329e-02,2.521076113447799361e-01,4.575844104372811527e-01,7.806466255041129010e-01,7.492251145096967546e-01,6.408649057211888156e-01,7.684155363712708020e-01,5.763059326651601699e-01,6.265547722576005896e-01,6.987097493588740882e-01,8.192558980784803158e-01,6.880200719427301825e-01,1.559085344814051810e-01,2.307306935633421374e-01,7.824562070194752694e-01,9.848582437401267597e-01,6.525228613004481204e-01,3.507921786163551436e-01,5.980393070382394871e-01,4.625278208911771660e-01,5.716568520873217540e-01,7.150621710481853688e-01,6.821832506616972713e-01,4.425578207601868486e-01,5.190518802197463533e-01,2.060043974246655030e-01,4.460220992062406409e-01,7.963518299613228102e-01,4.871003541328978725e-01,4.200604341218650006e-01,4.879970590197585389e-01,7.987780610720713881e-01,4.411151411536396449e-01,8.552988067937756789e-01,5.847588292636796137e-01,7.809838978957525102e-01,6.415763070430244852e-01,5.692714508765666093e-01,4.808088375453163366e-01,4.745861320456236099e-01,3.388384370649671351e-01,4.513373298954924118e-01,4.034318038108443139e-01,2.862934021713765542e-01,5.930419796053907344e-01,7.618623625556821821e-01,6.916759448253552156e-01,2.576572907524162792e-01,6.357831006962473275e-01
4.931664599999969201e-01,2.119727746241801825e-01,0.000000000000000000e+00,5.481018902302914331e-01,6.023317199911395470e-01,7.335766770829627026e-01,2.644594842742449270e-01,7.994144277302019930e-01,8.768921033029387635e-01,6.248782370337992997e-01,8.330370779858103925e-01,7.681128721455193764e-01,8.325742618133162853e-01,9.178232420571199590e-01,8.420715351402683346e-01,8.577853205510648227e-01,8.231811268922079039e-01,6.110399790388840735e-01,8.314547176298578979e-01,8.246859097277062789e-01,8.775736015698767378e-01,9.112901714552836818e-01,6.302035247958263087e-01,9.081084306822845287e-01,6.700123771093854375e-01,9.137298837460632317e-01,3.997473874294978358e-01,8.373559313061631482e-01,7.884894421841424916e-02,5.198554614651922368e-01,5.507702919163863786e-01,4.386578769180716764e-01,9.554590699179421609e-01,1.360425959514062755e-01,4.413170491738329093e-01,7.139249683601059937e-01,3.106320779713677704e-01,8.849948864813899085e-01,2.571208844441570385e-01,9.617311709142383203e-01,6.853858780729942257e-01,6.095267339780100491e-01,6.769060066208206772e-01,9.244684251759326399e-01,6.903777351891632330e-01,3.120409315430501540e-02,6.085762580555224011e-01,3.728005102205274035e-01,6.874998481316852983e-01,9.472159612064621204e-01,5.519214502413699597e-01,7.490650337918798307e-01,9.586734117805704170e-01,7.187638120927942742e-01,6.426663504560033990e-01,5.852938711810150574e-01,8.737388142611368647e-01,7.564322231520322903e-01,2.110143764536627498e-01,-6.349237079248326587e-02,7.624058271412113008e-01,8.249752581595315437e-01,8.346500427395622257e-01,7.355445632377811682e-01,9.087127916283461726e-01,8.834922171589315587e-01,4.674034754060182872e-01,7.989119081576537829e-01,8.293196219327696461e-01,7.908820117593380328e-01,8.817639361871284498e-01,9.036391537413570596e-01,3.818309119102838434e-01,7.783487289393846709e-01,2.176897991333842375e-01,9.721328115707427164e-01,4.102726550812746398e-01,8.240369171631708456e-01,2.177785028687350688e-01,5.360323883300308762e-02,8.426717792895459525e-01,6.600031295434053424e-01,9.941273348820731659e-01,5.735788837142908880e-01,7.012038843643931818e-01
5.874719696576792272e-01,9.682221039774838722e-01,5.481018902302914331e-01,0.000000000000000000e+00,6.708351641484211481e-01,6.491967646384344537e-01,2.096339419149313710e-01,6.219203136767663675e-01,6.019936577565492275e-01,2.958337024617757050e-01,2.068150156324489175e-01,4.308972651005925636e-01,1.385952121859781450e-01,5.621363795715359490e-01,2.908149979731385892e-01,7.238431693001693423e-01,7.548870590103589073e-01,8.192706849533615276e-01,9.614130498712054607e-01,9.341678744639410059e-01,7.793841111193550164e-01,9.220939183469055722e-01,6.977263810616803896e-01,2.175147258187340726e-01,5.069734538898048593e-01,3.996577930671448842e-01,4.431318994986132576e-01,6.017389970068105498e-01,2.652349650898315828e-02,-1.080431718908189676e-02,5.188064041107020019e-01,6.752123480150957757e-01,5.330477915040614523e-01,4.967528956113529404e-01,7.906574947930744557e-01,2.935733340925984480e-01,3.543501503116042173e-01,3.923764516134434777e-01,6.440904113224918959e-01,2.631046526888964898e-01,1.442996405468407739e-01,8.611960778801257543e-01,4.728767918537889470e-01,5.958832263769029414e-01,6.617049684389263442e-01,8.391105288236554438e-01,7.052123756064765381e-01,7.082560119038540103e-01,5.849283333725348033e-01,6.398359139750218194e-01,4.419176457338087616e-01,6.536402038451849528e-01,7.856508487296409715e-01,6.719529634848789845e-01,8.113319901879010310e-01,8.151196103488642652e-01,6.594370635825468341e-01,8.680341274965307496e-01,6.646781951569775693e-01,7.877702205694013804e-01,3.485367864348474232e-01,3.977896852140648254e-01,3.771331467892116707e-02,9.581420135730490673e-01,8.407132799819071467e-01,7.508353791436236380e-01,7.151432255724996523e-01,8.245211738622990616e-01,7.339199402931098071e-01,5.821759525614894626e-01,5.907267963539004629e-01,2.519249035000811765e-01,7.022051597893095298e-01,3.354887561536394891e-01,1.380845319476875221e-01,5.938251123523482500e-01,7.074511985577424111e-01,5.532607766550300399e-01,9.436221301406122475e-02,5.083331274567925995e-01,5.747260756801966242e-01,7.916052179588091153e-01,8.324829565601731263e-01,5.797312051290548496e-01,6.640983009421799199e-01
7.436473124592861694e-01,5.565009770926415689e-01,6.023317199911395470e-01,6.708351641484211481e-01,0.000000000000000000e+00,9.313952633784930990e-01,7.481749071721390809e-01,2.623862850670085622e-01,8.232229928306091793e-01,5.800299902827884546e-01,7.868993941757669308e-01,7.095057710441997623e-01,8.471838252491127319e-01,8.518609696200417636e-01,6.817557563984402158e-01,4.587506580151842206e-01,5.703293066850244619e-01,7.235546503230381177e-01,2.946702048178307942e-01,8.048007362732464420e-01,7.132611225603897598e-01,6.354817243025512319e-02,1.825959969825899920e-01,8.161956871273979841e-01,4.252536426330661978e-01,4.033772616184105320e-01,6.024195203392311848e-01,6.488873573950757478e-01,5.279470728819158909e-01,4.720383051733013646e-01,2.634539673942772886e-01,3.258186838908537775e-01,5.091291842895633302e-01,2.234486802722560062e-01,6.987035596352477729e-01,3.980800726333265649e-01,4.100012405028214957e-01,2.270801768942658228e-01,8.145075630529096111e-01,6.080257624319448384e-01,4.309585659511629974e-01,4.712964114477178335e-01,5.422745527675464361e-01,8.073941517033320636e-01,9.715890982278190258e-01,6.069783673696232951e-01,5.470849638216486177e-01,4.108722877767109205e-01,5.412592017684398904e-01,6.262559814887864729e-01,4.771728870647804627e-02,8.650161138108988235e-01,4.111183835904624329e-01,6.513414188979871344e-01,9.854495038938815288e-01,7.489533664754930431e-01,5.140266591706043053e-01,8.841134651593383076e-01,6.472272630005988514e-01,5.952613330248404111e-01,2.671344763525406729e-01,7.836869791329734714e-01,8.757017979146812792e-01,5.358280275983765550e-01,8.952160670195985492e-01,2.885082536338442472e-01,7.115849643325810048e-01,6.794441875597693192e-01,7.566634157327665200e-01,9.508204163483888749e-01,9.493050846171102730e-01,6.535158668572234042e-01,3.445508327575944607e-01,5.593668107895981567e-01,4.574150040423380359e-01,5.423685125146753272e-01,7.859502373715254731e-01,7.473245552617179266e-01,3.739333148740092705e-01,3.386540504323416467e-01,9.099891666131467716e-01,8.319106091150787474e-01,5.021571523845708152e-01,6.925468828513677844e-01,2.761509695912928164e-01
9.878816565904209313e-01,3.159605584637050213e-01,7.335766770829627026e-01,6.491967646384344537e-01,9.313952633784930990e-01,0.000000000000000000e+00,2.867903548742237740e-01,5.218547004462288363e-01,9.374736296964831794e-01,5.858692487904310076e-01,1.735679308967593704e-01,8.056258854596994867e-01,3.566583738184030405e-01,7.327732086808103062e-01,7.214927346622820314e-01,9.585266661200584348e-01,4.004439130871475516e-01,7.382043238985760425e-01,8.544884226716669140e-01,8.623345273165528013e-01,7.963883252483745512e-01,6.594612964373010033e-01,7.415572062673048137e-01,7.541719102913424511e-01,6.355660095056566705e-01,7.227402881678534063e-01,8.357166732387015795e-01,6.030305847956337617e-01,4.115965627898222068e-01,4.878048194690202677e-01,3.979577169396343872e-01,5.555559525198816573e-03,6.712634983734634408e-01,7.263198463541415961e-01,5.845575453018384549e-01,5.675875570589505870e-01,4.038354057581039491e-01,5.563920531150474691e-01,6.997162122410548468e-01,4.167123663840559544e-01,5.723265005983997344e-01,6.199937307361701455e-01,9.861385546975526273e-01,6.542944280993229222e-01,8.814858157174338960e-01,7.649383352015772797e-01,6.491556921415396753e-01,7.153269950494722806e-01,7.885634360856677572e-02,7.894710312016419707e-01,6.686304144773579372e-01,3.625935008808682802e-01,7.873523097205580301e-01,8.087418818103758733e-01,3.879009681419944844e-01,6.181763964635477171e-01,7.319296889152038244e-01,8.444610684972105874e-01,7.117279675557102170e-01,3.043663678334384559e-01,7.316528815322940194e-01,5.636633918568341173e-01,8.184209343720487695e-01,7.678580741563304501e-01,7.001055374998160774e-01,4.872398357320019691e-01,4.272741720063178983e-01,6.666890948549719642e-01,4.510226262272931663e-01,6.438322042910091803e-01,8.726497836425151089e-01,8.144888349403438532e-01,6.441987615302584569e-01,3.302479670871215633e-01,8.475803984263186042e-01,5.487910781158857887e-01,2.987646038679450111e-01,6.412750753270255455e-01,-8.104040939648077257e-02,5.404303726894609250e-01,9.979964031164936245e-01,6.437793049752191799e-01,8.703034231330124548e-01,3.614448580196690797e-01,6.850588336583262050e-01
5.751531893889297864e-01,2.330564538581258727e-01,2.644594842742449270e-01,2.096339419149313710e-01,7.481749071721390809e-01,2.867903548742237740e-01,0.000000000000000000e+00,5.121409803902430280e-01,6.873067899518404689e-01,9.646743532650392527e-01,7.331388850347494435e-01,4.033069793476393716e-01,5.796739901993256394e-01,4.147889000138758053e-01,3.771283962509949239e-01,2.410151591592290532e-01,5.990809510131651638e-01,4.173161511448689742e-01,-1.558356158610887943e-02,8.754548180350623099e-01,5.804787568485711979e-01,4.521320827743725568e-01,5.823343845539706853e-01,8.885243265590835327e-01,5.772415554244826330e-01,7.327457536891798240e-01,5.218770732594021355e-01,7.882612213508862764e-01,4.874697042873158970e-01,7.239072726649030398e-02,3.741005205566819702e-01,5.642737989538956223e-01,1.485166707292567834e-01,5.963789681117281916e-01,3.476546851455331044e-01,1.524011204350864124e-01,2.676025772829673452e-02,5.153796989372563253e-01,8.684959855507490278e-01,9.548892310474202394e-02,5.338372892880189902e-01,6.432412699802685374e-01,8.471225876634566054e-01,1.690359855426516456e-01,2.329609475954357856e-01,9.475446556031779100e-01,5.926844313606159931e-01,4.902897134543601765e-01,6.079909103509661961e-01,7.916622392484866655e-01,1.005168153592642527e-01,4.659942421055490724e-01,7.290700764874838979e-01,7.782178475719222499e-01,8.235840792732864735e-01,1.940527350765325898e-01,3.086122708204727116e-01,6.997296496197359383e-01,3.502835645190354175e-01,5.600089347302754650e-01,3.537515020998138748e-01,5.839633130577669418e-01,5.584066111380070474e-01,4.992815722340540052e-01,8.111652622290487225e-01,4.512869488095046511e-01,1.773501916637445219e-01,9.230075027799314880e-01,5.945317384740782529e-01,9.845724181134266617e-01,4.232041258386021187e-01,6.268715874442120084e-01,7.828895447231349891e-01,3.196910199714957379e-01,3.973011014896188353e-01,5.911989796518597462e-01,6.564094899663450722e-01,7.644749572803688498e-01,2.740596364487146164e-01,7.053601624397619618e-01,5.236582220758091433e-01,7.216690173095804406e-01,3.629076892121184672e-01,8.136246429302551597e-02,1.985024817900625238e-01
7.267077031620254868e-01,4.255289583340994275e-01,7.994144277302019930e-01,6.219203136767663675e-01,2.623862850670085622e-01,5.218547004462288363e-01,5.121409803902430280e-01,0.000000000000000000e+00,6.826784616155919805e-01,3.197465068735655391e-01,7.571011874711700562e-01,5.885509343506063473e-01,9.793490041161885262e-01,6.211885958039816691e-01,4.922728078859459622e-01,9.368903579253438918e-02,4.904753551485709906e-01,7.913550804737283784e-01,5.139066414203878885e-01,9.477835445822745397e-01,7.378681428439658463e-01,1.454927352382284211e-01,5.943808099451812765e-01,6.028138200891530740e-01,5.316315904940087655e-01,3.499910923350915692e-01,6.818118726296522603e-01,7.231426058851384564e-01,5.341387541743667366e-01,4.879827082993388188e-01,3.802451232394032932e-01,7.324891457520250615e-01,7.114698718102518971e-01,7.624525088968164832e-01,4.436499699785300121e-01,2.600455297487971884e-01,2.490678253239312911e-01,6.401276918274778627e-01,4.538819556411214928e-01,4.937880384089782804e-01,5.224782777995792271e-01,1.193349161822299283e-03,8.794903857802888192e-01,7.530963026094754653e-01,7.927209371910013402e-01,-1.391557018681026103e-01,6.651747488513359841e-01,4.794398208667538519e-01,2.517115654963205662e-01,2.526384987686494110e-01,5.003155850468542498e-01,4.795632056329831583e-01,4.268957510668734412e-01,5.657304154145132991e-01,9.152320149340443800e-01,7.852454336177326910e-01,5.663388130536444187e-01,8.342243901876987555e-02,8.093715776298763265e-01,5.236467084956168971e-01,4.081508068110198950e-01,8.715255617379852326e-02,3.178713356364208376e-01,8.543862199604365104e-01,6.412189261527174722e-01,8.366761212266891068e-01,6.515855264443468631e-01,7.769013074832734622e-01,6.365663675394238608e-01,5.308303913370946425e-01,5.736757031607623292e-01,3.663951505137834630e-01,1.336811612231539603e-01,2.060203038730034353e-01,3.837408456128598155e-01,5.029402124476694408e-02,4.971434850685357842e-01,4.019148192684012660e-02,3.352506406760892843e-01,-1.175642765521404953e-01,5.557748352637680300e-01,8.233944948498463923e-01,7.308248491036000161e-01,3.808567654264563007e-01,3.349128086946358274e-02
9.656880612390998930e-01,3.694033929067531696e-01,8.768921033029387635e-01,6.019936577565492275e-01,8.232229928306091793e-01,9.374736296964831794e-01,6.873067899518404689e-01,6.826784616155919805e-01,0.000000000000000000e+00,6.397436331155703648e-01,3.902678943367668407e-01,5.457562332422692952e-01,6.342208816136672977e-01,9.498199320989239025e-01,7.909236031367278263e-01,5.251289944939723231e-01,6.032726910197255821e-01,5.908382697571035180e-01,6.392552167879851366e-01,8.618517375420138293e-01,5.145209171419465877e-01,2.521573805032883420e-01,6.143694574311092671e-01,9.429019486270169281e-01,4.357218390063132274e-01,2.951448262215500273e-01,9.438471218999247014e-01,7.987243686183804758e-01,4.862127141493859384e-01,4.235377665256194746e-01,2.290863420237047032e-01,7.105932673660911303e-02,5.607683355597767871e-01,5.659308608379479688e-01,6.275162335884739706e-01,4.474458954902551522e-01,2.031031240343933453e-01,6.174187018602683708e-01,9.427768577250312809e-01,5.787513128712926669e-01,7.488612517747986197e-02,2.947602420840263471e-01,8.878825552806567378e-01,6.356182233259966008e-01,6.051008050223305457e-01,6.728287812620316055e-01,2.498686000806658036e-01,6.040141188359459123e-01,7.798719829836853190e-01,6.808007244740573727e-01,3.693226260766049318e-01,4.532821267976986368e-01,3.209895602552392813e-01,7.968108463457790336e-01,6.537840958235205946e-01,4.460214212903583220e-01,4.504223805861818364e-01,8.621681705023556130e-01,3.644837606560949461e-01,5.895400817323547260e-01,7.610685801384211580e-01,3.591643229274337767e-01,5.255600964898798910e-01,2.945223245427850967e-01,7.212441120587098631e-01,4.726045295320109307e-01,7.206428515816158953e-01,6.615622563656635702e-01,9.048902890391727905e-01,4.190608158310093478e-01,7.075490840880939158e-01,4.038653362128372670e-01,2.559893939261138063e-01,4.948079286065208415e-01,5.475076626251340617e-01,5.084525640921095935e-01,6.858665254734754857e-01,6.745357226972108489e-01,5.450847478983705807e-01,4.670860722971635348e-01,8.429150800333152782e-01,6.881822117522425897e-01,9.623684145421004255e-01,5.636758723299926110e-01,2.149990433382541755e-01
8.667730833671625224e-01,2.081944407039733047e-01,6.248782370337992997e-01,2.958337024617757050e-01,5.800299902827884546e-01,5.858692487904310076e-01,9.646743532650392527e-01,3.197465068735655391e-01,6.397436331155703648e-01,0.000000000000000000e+00,6.547449998193504150e-01,3.595673997371242603e-01,7.976606672181392188e-01,7.585636108642802578e-01,5.526545532286042395e-01,6.051010559662084454e-02,2.264572055893757097e-01,6.675012160753008850e-01,3.702088267835375035e-01,5.660606968065109434e-01,6.429722479504926813e-01,3.463016230589043287e-01,4.578186445174831087e-01,6.098577464967268602e-01,7.768962266204586520e-01,2.878379907849776820e-01,9.904349555229926549e-01,9.351115630388855404e-01,1.428006139188091606e-01,2.623943572353935605e-01,3.745960575418014193e-01,7.054920594165691172e-01,3.728957502374040667e-01,6.105236388676683612e-01,5.294940754475432332e-01,2.945906258792980181e-01,3.784876497455627598e-01,5.867263053480022972e-01,6.620595893801561882e-01,5.194936931976111838e-01,8.253973356735914146e-01,6.179535785097557410e-01,6.848314358990241768e-01,6.579694150419831411e-01,4.761213228296293787e-01,6.726732541620950023e-01,3.488491204726154038e-01,2.653046730236929829e-01,6.482636513438163606e-01,7.028817282805321920e-01,6.979343419063528398e-01,6.767719572342760781e-01,4.999089950520591019e-01,6.606288755462044193e-01,7.172806383789851470e-01,4.071470323281384252e-01,4.088296176252574354e-01,6.525546259773058466e-01,8.592443006680403617e-01,4.926647865031033025e-01,3.854934094110628040e-01,1.334883646945781432e-01,5.594237404963315896e-01,9.999474625336755018e-01,9.343002544918918018e-01,3.229788100531555406e-01,9.124584604051861891e-01,9.279791914638081396e-01,4.113716509034175406e-01,6.430683048106978772e-01,4.443280666545029733e-01,7.361316758803060356e-01,7.605080080013835175e-01,3.400002054860912226e-01,7.672253207880197490e-01,7.630400965184933604e-01,5.136157889720638359e-01,4.493914944997004501e-01,6.301452959451656621e-01,-1.544804479153483734e-01,5.774504502799910899e-01,8.553681763289174844e-01,6.829855519088534610e-01,1.400666900653034785e-01,4.554727268479802915e-01
7.750667667334260047e-01,8.262404922628936443e-01,8.330370779858103925e-01,2.068150156324489175e-01,7.868993941757669308e-01,1.735679308967593704e-01,7.331388850347494435e-01,7.571011874711700562e-01,3.902678943367668407e-01,6.547449998193504150e-01,0.000000000000000000e+00,6.830102064039019760e-01,7.289830474116270054e-01,2.985066097822608455e-01,7.327169195902007992e-01,1.752016089053045622e-01,8.136115913317927273e-01,4.166265786172207997e-01,7.025713680702628805e-01,6.048486823029193271e-01,4.777269053915727537e-01,6.932239861545145265e-01,9.526970489460653280e-01,6.112783592905450814e-01,7.446758083146202134e-01,6.832155755967654898e-01,7.867568177803826446e-01,3.853868613539097598e-01,4.736708425177063031e-01,6.588623704421170402e-01,6.674480488719580773e-02,3.219139618034644323e-01,4.442608300334475735e-01,7.790365650071928716e-01,4.945449775294108452e-02,1.794593153440189603e-01,2.338783185354812999e-01,6.807980438078464758e-01,5.785438660735668925e-01,5.902177337057834539e-01,5.868565818679072343e-01,6.017500186994195754e-01,3.123637136165764439e-01,6.653370454846150306e-01,9.065122304439391376e-01,7.541444830771740770e-01,3.615210147162762899e-01,4.967568399585898797e-01,5.832828406700775181e-01,4.690735748435693742e-01,4.756504495450796788e-01,5.292304182516258670e-01,2.495970912570033839e-01,8.464736115748839884e-01,6.282951572568750143e-01,8.306767764682121413e-01,6.429236374642556262e-01,7.625211544122980634e-01,6.364108390720069064e-01,4.757814943619738113e-01,7.993492342958008479e-01,7.814876453852168670e-01,6.319713105596346248e-01,8.311827069570810744e-01,5.469505002584297282e-01,8.590601407837072934e-01,2.731765036487952131e-02,5.104587703052577696e-01,5.055558572075766754e-01,6.012042047207196704e-01,9.557582892932017238e-01,7.220504496661188654e-01,3.475145928650109628e-01,2.124373538475548551e-01,5.587235740821514529e-01,6.257819174504972715e-01,6.282632990773224790e-01,5.105684013124194287e-01,3.025213136632958211e-01,6.440511396909589514e-01,9.247518927821981594e-01,8.740564302214175463e-01,3.592542618632250662e-01,4.121071028662180447e-01,7.933858275511505020e-01
6.082737599049442556e-01,2.523541825078379208e-02,7.681128721455193764e-01,4.308972651005925636e-01,7.095057710441997623e-01,8.056258854596994867e-01,4.033069793476393716e-01,5.885509343506063473e-01,5.457562332422692952e-01,3.595673997371242603e-01,6.830102064039019760e-01,0.000000000000000000e+00,6.246205250557722577e-01,8.514315116750980073e-01,9.305688110408418812e-01,5.082960452260674167e-01,6.618897514688344419e-01,7.654962715821773678e-01,4.462700772687149264e-01,6.349022097832345279e-01,4.466464420008971481e-01,4.872503695741273178e-01,9.287409320018151782e-01,8.923235571335970118e-01,1.381149625135881798e-01,7.675352218022826190e-01,9.287780976018988888e-01,4.469751882366737594e-01,3.614541266160506972e-01,2.085985893289204474e-01,5.475971810583305510e-01,1.894964004703353355e-01,5.701479042551985676e-01,4.866906223068623305e-01,8.454123213838183881e-01,2.103522815335090723e-01,-3.863942348654289538e-02,7.466566082779291236e-01,7.000451439476792492e-01,5.840438195154329382e-01,5.570889231177690304e-01,7.829107837339467357e-01,5.713564970474918070e-01,9.483224937641935304e-01,5.654411954569928955e-01,7.936618677265984134e-01,9.547093689985567400e-01,7.471628440026795159e-01,3.576318202266360879e-01,2.746863630427107683e-01,6.637318240039682404e-01,7.569570176471708267e-01,1.370097755894844893e-01,6.107319643425823674e-01,2.842318719732042642e-01,5.091697435133885064e-01,6.809181130935747506e-01,-1.778596310872997410e-01,6.655115878316727462e-01,9.485767658654042922e-01,6.055319404069423594e-01,2.543117633423071511e-01,6.266528212167508105e-01,8.126000563272381960e-01,4.622172102053421217e-01,5.979189108981848300e-01,9.824859835719514933e-01,6.831094816762667277e-01,4.100752118616607378e-01,7.675445834346437124e-01,7.436667551299726009e-01,4.194151658165686802e-01,6.380707501513365187e-01,2.269178263332286560e-01,8.551546264172930067e-01,1.157507397380123648e-01,5.935412899050993563e-01,1.931877019294658271e-01,3.590127716356988213e-02,-1.712141851880459309e-01,7.001147950902822936e-01,6.680528951678297300e-01,5.684507062293155943e-01,4.304827886051728614e-01,9.565169234665595877e-01
4.906545834552619167e-01,7.081361211039197689e-01,8.325742618133162853e-01,1.385952121859781450e-01,8.471838252491127319e-01,3.566583738184030405e-01,5.796739901993256394e-01,9.793490041161885262e-01,6.342208816136672977e-01,7.976606672181392188e-01,7.289830474116270054e-01,6.246205250557722577e-01,0.000000000000000000e+00,8.197042237477897286e-01,8.024777196393190204e-02,6.643397843645009182e-01,7.432802785812808732e-01,7.996218629426203872e-01,7.175156616139252153e-01,8.532136633852120955e-01,9.050779915790981844e-01,6.413502541487577924e-01,6.191664160427663433e-01,7.677196804990988888e-01,5.604826901613716439e-01,7.284849061484712784e-01,1.673079849638369754e-01,3.527387826081000433e-01,3.896068098410525593e-01,7.804688559231808265e-01,4.935197893891440368e-01,3.626325065286060134e-01,4.034343364689919609e-01,9.484811117668545677e-01,4.864840717643329482e-01,-3.520542993311718272e-01,2.204870762817831009e-01,5.891512305193002952e-01,6.187740390703531101e-01,9.678796994163856304e-01,7.705732874729782633e-01,7.404970513398965171e-01,8.540367120705886217e-01,4.879426598836514861e-01,5.394981642640721553e-01,4.139660335756714105e-01,8.295337361792863851e-01,4.177428962770596277e-01,9.374071819548928097e-01,8.354802474326090689e-01,5.822395983367250477e-02,1.534352007858675315e-01,9.001074213301044624e-01,7.762922536131739992e-01,2.770959505600487649e-01,4.225834110008091365e-02,6.930568035268250826e-01,6.066858238993890762e-01,8.461011923457505413e-01,2.670761930832974418e-01,6.470864068812141046e-01,8.445195196928065862e-01,7.369056395131822201e-01,4.164972434388914957e-01,9.405170103373236001e-01,5.475614158644859578e-03,5.221407489466459717e-01,9.999778310676488147e-01,4.307639875704113441e-01,6.779473615866026259e-01,4.771483268222801444e-01,4.527747111795143997e-01,4.605935597072859933e-01,4.271883681645792796e-01,8.844865254139065713e-02,7.794039827479972704e-01,5.242067379207902000e-01,9.505609302468858157e-01,1.859457338805169946e-01,1.496808025114815532e-01,2.768597704788339220e-01,6.331587855928041408e-01,7.091991137129468603e-01,3.527627697061436751e-01,4.460286423251739185e-01
6.145011781039864118e-01,6.417056334085254887e-01,9.178232420571199590e-01,5.621363795715359490e-01,8.518609696200417636e-01,7.327732086808103062e-01,4.147889000138758053e-01,6.211885958039816691e-01,9.498199320989239025e-01,7.585636108642802578e-01,2.985066097822608455e-01,8.514315116750980073e-01,8.197042237477897286e-01,0.000000000000000000e+00,8.605398119474001462e-01,8.910309761060363209e-01,6.306232532549305159e-01,3.607990440294291945e-01,6.557170727210992478e-01,1.871260690011714023e-01,7.992632942185489142e-01,7.327149569664795914e-01,5.062125117021136766e-01,6.955235941600449445e-01,1.783510161965091434e-01,6.770799874581043820e-01,8.474533985110497269e-01,6.607852530507740685e-01,4.382444204628855866e-01,2.661155840821141094e-01,3.342160306343473497e-01,3.288996191650322420e-01,5.335718412305410219e-01,9.146690571821154414e-01,7.445210691893168198e-01,4.080585911733413118e-01,-8.442543793669932128e-02,6.774903062950463628e-01,9.257671914553636805e-01,9.962076662997709775e-01,7.292019635049588056e-01,7.177810612135807622e-01,6.634260747085820586e-01,4.574372222255784770e-01,7.895725768480128526e-01,7.624687567733384741e-01,6.914570452802153433e-01,7.051459307705350010e-01,6.775313211764385501e-01,6.751494384557416018e-01,4.435156911760089748e-01,3.542431920291314595e-01,2.955945832018485042e-01,7.292666065237860540e-01,3.280136904016566213e-01,7.648078997873706264e-01,2.267128515037412362e-01,5.065002790087713702e-01,7.374651592686469748e-01,5.345448935561885051e-01,2.736547366697250072e-01,6.489292078014944343e-01,7.930991619484323296e-01,4.708968420715226033e-01,7.040641668456992797e-01,9.563704733398750157e-01,2.884459969167840754e-02,4.207826028913044247e-01,2.965445112745457301e-01,6.203626807643288776e-01,8.707296671762945195e-01,5.831846680674629413e-01,5.120759816337000503e-01,4.053733833850198809e-01,4.558651081893043688e-01,9.101362669201774613e-01,4.774006161078324650e-01,5.513001243194003420e-01,1.387564906542634313e-01,2.713738597491122118e-01,8.793330891205384248e-01,7.285112363398973390e-01,5.312254705771457530e-01,3.587234996611427529e-01,6.104940678071371085e-01
7.194749634617273459e-01,6.161786816833623170e-01,8.420715351402683346e-01,2.908149979731385892e-01,6.817557563984402158e-01,7.214927346622820314e-01,3.771283962509949239e-01,4.922728078859459622e-01,7.909236031367278263e-01,5.526545532286042395e-01,7.327169195902007992e-01,9.305688110408418812e-01,8.024777196393190204e-02,8.605398119474001462e-01,0.000000000000000000e+00,3.320173761040595695e-01,8.482293374328951918e-01,7.389455691848770824e-01,1.063124394545830048e-01,5.038567807053226932e-01,8.739703044246028840e-01,6.606081567986823444e-01,3.009170976000373199e-01,9.028427661164902807e-01,7.401411635733134986e-01,4.279455131304161775e-01,6.428161636463367579e-01,7.423943757760198547e-01,3.092951653031902892e-01,2.799257356672057440e-01,6.365450770939319325e-01,9.385130762926409131e-01,5.467405838472561008e-01,2.753464451280270842e-01,4.068208736018328331e-01,1.298362003829390821e-01,2.481351492645089418e-01,7.203707326381613152e-01,9.283706687026329618e-01,6.958473060964932566e-01,5.894715100380469863e-01,6.475650466245247427e-01,7.100977737625062403e-02,5.573986265481036817e-01,7.401989561815863761e-01,4.482148562113216217e-01,7.230750695891656754e-01,6.224422856491997891e-01,6.122472422842583084e-01,5.338937557988721050e-01,2.534473727454529812e-01,8.406662192117295707e-01,3.296085581948882126e-01,6.648547090877637844e-01,5.239977946678991971e-01,8.529431314938888953e-01,4.929317135987341114e-01,5.797764376873215664e-02,4.532388099854827157e-01,3.872322889279030123e-01,7.923783335113332438e-01,2.024155673548710399e-01,7.770907259794415101e-01,8.035133786607258077e-01,5.085711839090880648e-01,6.257577389653359301e-01,2.531866894393734468e-01,9.094363325031258327e-01,2.142424546274464547e-01,6.424965091772015802e-01,7.752873329278351378e-01,6.220826510541102028e-01,3.984209831944964808e-01,5.509579821360919283e-01,3.044085281302875701e-01,6.464863655009175369e-01,1.417519614749185031e-01,5.810878278418971643e-01,3.565698280783381469e-01,8.251354510957248367e-02,7.035979805653878039e-01,8.412940249466994702e-01,8.560997775661416398e-01,3.471651608817765133e-01,7.583952483394179600e-01
4.172344748100570433e-01,9.009676716228330884e-01,8.577853205510648227e-01,7.238431693001693423e-01,4.587506580151842206e-01,9.585266661200584348e-01,2.410151591592290532e-01,9.368903579253438918e-02,5.251289944939723231e-01,6.051010559662084454e-02,1.752016089053045622e-01,5.082960452260674167e-01,6.643397843645009182e-01,8.910309761060363209e-01,3.320173761040595695e-01,0.000000000000000000e+00,3.823619988139203008e-01,5.962614047524894545e-01,8.286081369129593144e-01,8.258629297382970025e-01,6.723190675180336084e-01,2.063128093983623290e-01,6.277848691506455747e-01,9.986792793279268832e-01,7.835095233896877120e-01,7.981085456021991265e-01,9.616731422915023586e-01,7.286428407443278354e-01,3.686473022906264774e-01,8.555881733125055011e-02,5.736674749247686056e-02,4.089727989624808990e-01,7.794792909038879003e-01,2.945137562199195425e-01,6.691478513931679029e-01,1.835086823563214682e-03,5.934879113239617254e-01,3.533408870476982822e-01,6.090166158915250039e-01,8.475404064721387964e-01,5.616371889900640957e-01,4.035914567004100784e-01,6.458424490963190490e-01,2.334706246011674091e-01,8.869737333332445850e-01,9.981808466471334684e-01,6.606333738342853312e-01,6.844963126772922457e-02,4.947903663763458249e-01,2.923095298516726892e-01,4.233036634888544536e-01,3.849826214756548737e-01,7.595376883255042788e-01,7.964122152136070554e-01,7.381326031812439625e-01,8.634441531270842241e-01,5.195821149268529116e-01,7.387932024439852752e-01,2.680100375666845114e-01,7.530831032727565155e-01,4.186773041364124093e-01,1.524989846114362113e-01,4.677957144533252953e-01,5.815808882213874265e-01,5.613781554998636958e-01,6.818106435748702010e-01,6.838896888612590041e-01,1.888189294829494269e-01,3.753160723284936218e-01,9.887658026211427753e-01,7.282371552688503558e-01,4.507735875634781286e-01,3.823646138912253911e-01,5.713417985987252479e-01,5.044219322196293875e-01,5.764130535423482860e-01,6.215374185116998573e-01,3.452349838715714769e-01,-3.038926402987363051e-03,1.710279354714662747e-01,6.981051918250243959e-01,7.815840764037211841e-01,7.027519990486126300e-01,6.030038107502626588e-01,6.170112579357471816e-01
6.340859666957020524e-01,9.903371533725510156e-01,8.231811268922079039e-01,7.548870590103589073e-01,5.703293066850244619e-01,4.004439130871475516e-01,5.990809510131651638e-01,4.904753551485709906e-01,6.032726910197255821e-01,2.264572055893757097e-01,8.136115913317927273e-01,6.618897514688344419e-01,7.432802785812808732e-01,6.306232532549305159e-01,8.482293374328951918e-01,3.823619988139203008e-01,0.000000000000000000e+00,5.489677232176133348e-01,8.837671403281455174e-01,9.342253492403123083e-01,6.273875306558904796e-01,6.889585701234191006e-01,8.333173842826889777e-01,5.830034667815775506e-01,5.367892756792983500e-01,7.997118268181380163e-01,7.736807597075131548e-01,6.872603684780845823e-01,1.855232539947407888e-01,3.672121986837317831e-01,2.739828328606303542e-01,9.409023203194675222e-01,7.965826746047155460e-01,2.872050730342451397e-01,2.632542997548461550e-01,5.544546617866461524e-01,4.556038265342709503e-01,4.514602364794992329e-01,9.181361318994046838e-01,7.891780606361982198e-01,3.872290369600125404e-01,7.105548282480732558e-01,9.087389674407760909e-01,6.227840951100672706e-01,9.216923199934706767e-01,6.033837381844459058e-01,5.117843119094104276e-01,7.642397909125282496e-01,2.312584428996659058e-01,8.224938172870088771e-01,8.984455431962284910e-01,9.110199691097881081e-01,6.464982752179916359e-01,9.045772967312512014e-01,6.415291048477049785e-01,7.850912384615624795e-01,8.949425428499253599e-01,9.245735059950263013e-01,7.183409676909773278e-01,7.754913882869494124e-01,5.848402420987800499e-01,6.282896456714258393e-02,4.839530525648698123e-01,8.629327717104751105e-01,9.145837489437593781e-01,3.765390906940490057e-01,5.204236373782288316e-01,9.215394336652461549e-01,6.154084814252087643e-01,5.610035089722114066e-01,7.104050236599590562e-01,7.646141505330729116e-01,2.880948425442388938e-01,4.065947652743646112e-01,8.690969200470519684e-01,8.787418655151637559e-01,5.236786476281511948e-01,6.010837976363718749e-01,7.058740816108161065e-01,2.833931184277625470e-01,8.574708831937514208e-01,7.774478695444088094e-01,6.502699858193350391e-01,2.913398201663796039e-01,7.033421910182364734e-01
8.357896138461861080e-01,3.729028846131895447e-01,6.110399790388840735e-01,8.192706849533615276e-01,7.235546503230381177e-01,7.382043238985760425e-01,4.173161511448689742e-01,7.913550804737283784e-01,5.908382697571035180e-01,6.675012160753008850e-01,4.166265786172207997e-01,7.654962715821773678e-01,7.996218629426203872e-01,3.607990440294291945e-01,7.389455691848770824e-01,5.962614047524894545e-01,5.489677232176133348e-01,0.000000000000000000e+00,5.765182390528738043e-01,7.406189817229431593e-01,5.526877597397340525e-01,2.322738737926919594e-01,3.647903510707069530e-01,2.814270021716019921e-01,6.881699340376844498e-01,1.156486282393449083e-01,9.060209129211845847e-01,4.535225707153306418e-01,1.410988403938438773e-01,5.286955903958868719e-01,3.876760387207656700e-01,7.956509210860938097e-01,6.099254862733667348e-01,7.052524809698130781e-01,6.620574705678488048e-01,3.056771222197002258e-01,9.315076364741466108e-02,2.684441124507911391e-01,3.132254468460478058e-01,6.868057443256454508e-01,5.980880204188541160e-01,8.581448853260525977e-01,9.850278979513015232e-01,2.837522249117479523e-01,6.319186920136115049e-01,8.662118771832332254e-01,8.039463841824938672e-01,4.297251211337999033e-01,5.349289929025753398e-01,4.166703331905636798e-01,6.217531759739575170e-01,5.021649483797134828e-01,3.428808736231653276e-01,6.156025823421722443e-01,7.417973541497899781e-01,5.993057274585574801e-01,8.089977285415357322e-01,6.764299882672807351e-01,3.808135658893334607e-01,2.372801995506217398e-01,4.954473210451264958e-02,7.458629181653781970e-01,9.090956789357562684e-01,6.386413332981356605e-01,6.206151730446142212e-01,7.930493340179072259e-01,5.360543889943818474e-01,7.525894737963908510e-01,3.237189663536233497e-01,7.442483752904360816e-01,7.849129894747028935e-01,7.492423434096860957e-01,4.062544543741555825e-01,6.727843989634233468e-01,3.058703353205739495e-01,5.332535039469624705e-01,6.477921351049200638e-01,4.775707714541100324e-01,3.521283003926053423e-01,4.238915373551400134e-01,5.963265866997258247e-02,8.923248260052305536e-01,7.579760331549834085e-01,-3.153939913018374286e-01,6.523840871922117479e-01
