0.000000000000000000e+00,8.861078611343606859e-01,3.088257162323150840e-01,8.609087566850777140e-01,4.410014824804244782e-01,7.688111398391401785e-01,9.213695647717279336e-01,5.689360587920667678e-01,6.875752027311500258e-01,7.648605610973835400e-01,9.735284342053254214e-01,7.379382794873953211e-01,9.609504826938909394e-01,9.870663884866673898e-01,6.846810424798955852e-01,8.224498683268911536e-01,7.067816983092859440e-01,2.437218612477241170e-02,3.658439630922237784e-01,5.603811904873295946e-01,3.968496205745046801e-01,8.591283282706422275e-01,9.226404013463324061e-01,9.544671613522770492e-01,9.621681781593676153e-01,8.557309963728465529e-01,6.696749692142144328e-01,6.383969152994783958e-01,4.027443921205345889e-01,4.751057196284020900e-01,5.837824108865004025e-01,9.728741573493508987e-01,6.484219878285084615e-01,5.351523881200292987e-01,7.595891540269639197e-01,7.955238835014568632e-01,7.125935651780810343e-01,6.473934269174538292e-01,9.268705361462838965e-01,7.646851155166972669e-01,2.938709605547735748e-01,9.198206018647324678e-01,4.121055024868290895e-01,4.971059108461178266e-01,9.534015868623414436e-01,7.585683065902534272e-01,2.376104774531343777e-01,9.571248806774005358e-01,9.716759299338610933e-01,7.370055534682335985e-01,6.125612834276996654e-01,7.445688543412287697e-01,8.354957709358153961e-01,9.409618511954915832e-01,6.622150478220627523e-01,9.258986252892300595e-01,6.961372565826235981e-01,4.607354707608283806e-01,6.197663268483630805e-01,4.700599822607567368e-01,7.900922991886154545e-01,6.980784329763758400e-01,8.219757248822794349e-01,9.471522668192668970e-01,8.931562729937805312e-01,5.291670265856350808e-01,5.321478664238695755e-01,7.256546379954547099e-01,7.207523314454424845e-01,8.274424279784607927e-01,6.651430674474103633e-01,7.652149121873715876e-01,8.984172080272264660e-01,6.576879381663454371e-02,4.588528022296305964e-01,5.666276321477368150e-01,8.983511526972031147e-01,7.838537445092182976e-01,7.496029817483488289e-01,4.920291471581992315e-01,5.080662719890189916e-01,6.118458517234071081e-01,5.777040502962935697e-01,4.283758684554612728e-01,6.467050635450527496e-01
8.861078611343606859e-01,0.000000000000000000e+00,8.727167881951817252e-01,5.704091229429546495e-01,1.471676481485852672e-01,5.360144138921796308e-01,2.438161536664432971e-01,3.158712972611004144e-01,2.520005377850325079e-01,7.466622015643407106e-01,8.440649425935825567e-01,7.725569197202768468e-01,3.632270516394837667e-01,6.397722336251049358e-01,4.759402305908883024e-01,7.066718232577209324e-01,5.343667439191417401e-01,7.894059662496880625e-01,4.700862881443191865e-01,5.816045600407834248e-01,9.933923569184719415e-01,2.281810164979080902e-01,4.693468974025272189e-01,3.166138682177854213e-01,4.165049802030487136e-01,8.384737592662634409e-01,9.684371886596084833e-01,7.320240779389182162e-01,6.097749080260542742e-01,5.822750030863299564e-01,2.914521514412758418e-01,5.889453996011537740e-01,1.180656797095913924e-01,9.016911454570168960e-01,5.788596846889527692e-01,9.440634579707032903e-02,2.875212953311951369e-01,7.457918135152230565e-01,7.633982100868239584e-01,8.237924626716841559e-01,5.012840672722559399e-01,2.468637391304204509e-01,3.725602233786937667e-01,9.583423826703151294e-01,8.387155654762177281e-01,3.085464101050930941e-01,7.843898087836532751e-01,9.238501641163234801e-01,7.124405252939395305e-01,4.795298972346360156e-01,7.598076752345150897e-01,5.616431969780363298e-01,6.051446574093312103e-01,4.162433348104810915e-01,8.251889057111154724e-01,9.759840249913371846e-01,5.491772830942110994e-01,3.417954481367549979e-01,6.355790825197806804e-01,5.169333190480627227e-01,5.219374376727909937e-01,2.044246503035446749e-01,9.318277468624698301e-01,1.696849418561972855e-01,6.393810920983002966e-01,4.140301236248531414e-01,6.470172432565540754e-01,6.802017717653958684e-01,3.559566249348446454e-01,4.725439291203897135e-02,5.677666669140728484e-01,4.880417542927263375e-01,4.591938942241314270e-01,4.832696464914248979e-01,2.211748208653319669e-01,9.777112295690500998e-01,6.219880606191972028e-01,5.496111497959977887e-01,6.164883008871487879e-01,9.619556232974157961e-02,2.926787344593438367e-01,6.685176195633079077e-01,6.782218005618543266e-01,7.554027933764374536e-01,5.085684091584303790e-01
3.088257162323150840e-01,8.727167881951817252e-01,0.000000000000000000e+00,8.227619414574155465e-01,7.135912440404790225e-01,6.926076981630425733e-01,9.695636533765855658e-01,4.731317496233438114e-01,6.417471075661024260e-01,9.398928220770935704e-01,4.717905306718720992e-01,6.636154990936689035e-01,8.189919285729554410e-01,7.201718083360673095e-01,6.943212674927240480e-01,5.625327283750196639e-01,8.156497062880521121e-01,6.282268236977840425e-01,6.324971837570582123e-01,7.609489116424186239e-01,8.397740622222706897e-01,6.187283879910149276e-01,7.394105411937965666e-01,5.010459921268256567e-01,8.517679419807983043e-01,8.742420530321426408e-01,9.358521955384079272e-01,9.914378028836671186e-01,1.802220040307987714e-01,3.491851463965641722e-01,-1.040870825558978252e-01,7.498547434975413317e-01,9.332244052575178195e-01,8.846797037090583515e-01,6.734687577399601777e-01,3.654042221881606545e-01,3.780305948537623362e-01,9.795869564562819098e-01,7.890946606830113730e-01,5.780719425572193870e-01,5.975044836594898268e-01,5.045611884073029074e-01,6.064925785895300958e-01,9.861647213504717291e-01,9.565463150554053273e-01,9.174119332325164633e-02,4.487392343462540123e-01,5.443048166670150234e-01,6.512271055655001195e-01,9.335138208494708767e-01,2.500810453302281244e-01,4.061992481136984523e-01,6.019984164439662333e-01,8.044164276803018598e-01,9.136992015976329595e-01,8.865192955118438300e-01,7.525925055530902075e-01,6.030768480606083504e-01,9.146855791512780165e-01,2.141864896988839306e-01,3.152170880510618556e-01,6.469656206325985481e-01,9.363023948747321024e-01,8.348568537617940821e-01,5.240427543468830773e-01,9.801584529521923939e-01,6.887986451467891236e-01,8.233861756952566280e-01,8.291738368600061193e-01,2.259112886429998635e-01,2.442328895840863434e-01,8.595830047050718736e-01,4.862310622991249387e-01,4.366703895519250533e-01,3.920380612440302892e-01,8.780372072155034902e-01,9.238072367526261042e-01,7.435302586448524487e-01,2.635191278797596182e-01,4.704510924404483596e-01,9.045586381662495956e-01,6.968595248334503722e-01,6.706918298129941336e-01,6.589281791168907221e-01,8.745821344102803208e-01
8.609087566850777140e-01,5.704091229429546495e-01,8.227619414574155465e-01,0.000000000000000000e+00,7.634254673377603995e-01,7.530660560262060210e-01,6.366883552099410482e-01,3.804661809796411331e-01,4.798108554406036452e-01,7.329045063676792315e-01,7.530772683904658482e-01,7.852157239612067574e-01,2.936269361787132715e-01,6.545245669105890229e-01,6.103877305810374576e-01,8.773008951593953553e-01,8.479909926453015334e-01,7.516457037054323775e-01,8.022580106520200705e-01,4.743453532869841283e-01,8.125157190490863712e-01,5.806566364118188606e-01,9.175350409695417486e-01,7.770795976528980242e-01,7.912979696052759859e-01,5.576375899480132681e-01,8.155859135672318683e-01,6.572072750358289861e-01,2.738723525587245522e-01,7.211181441091910616e-01,3.201969277590879098e-02,5.410995179007881406e-01,7.787793071972147763e-01,9.815621268517777942e-01,7.471776757209012132e-01,5.221772770814724351e-01,2.115525029385399436e-01,5.679415742414211099e-01,6.985171724185197384e-01,7.035124851500323961e-01,4.955678510355693289e-01,7.910309441232176164e-01,7.319825407264523021e-01,9.609912236865543189e-01,8.377078792368366500e-01,9.809894620356908179e-01,7.203360114567293193e-01,5.543824115537748787e-01,2.603352770800058114e-01,6.415057227640372783e-01,6.496481757809482449e-01,4.397434485559899020e-01,6.665745896947489202e-01,4.089577648957625211e-01,9.190680756863951750e-02,5.263454276598276138e-01,8.179268995946953336e-01,6.213569973487137466e-01,7.134213963774810319e-01,7.948742621636597505e-01,4.583767578168567725e-01,2.694028771562915203e-01,6.325709110063337803e-01,6.565107719058893565e-01,9.181445540161128349e-01,2.977328612998094703e-01,8.637265809856913279e-01,6.414857823454602759e-01,9.341356936742609696e-01,7.457531415011243725e-01,4.755800801154986823e-01,6.499956401608291134e-01,3.591272038968816305e-01,2.101691343053024019e-01,3.127156296010407122e-01,7.073015250985259517e-01,6.505137011720221185e-01,7.752892955728714064e-01,6.946576033293620778e-02,-1.486675308011215502e-01,5.979662979318919325e-01,-5.573418761703688440e-02,8.174710283635843178e-01,6.765438296013041031e-01,6.719935446526784650e-01
4.410014824804244782e-01,1.471676481485852672e-01,7.135912440404790225e-01,7.634254673377603995e-01,0.000000000000000000e+00,4.963064634735541159e-01,2.174836562428019426e-01,6.804935832587657440e-01,4.202366884079844489e-01,6.108593880613941707e-01,6.711218221705488318e-01,4.374839161806505228e-01,8.601309282297018299e-01,6.749992398095837620e-01,4.554964684899318050e-01,4.237071419115323034e-01,5.718831469999853256e-01,5.190171003535886118e-01,9.814912539363301880e-01,5.148350637234448968e-01,6.140564385983195983e-01,5.099907761830171360e-01,5.273114534298797285e-01,4.553535949699846208e-01,2.381757005394730675e-01,4.979607202966574442e-01,7.651844317263039041e-01,8.898229110986244361e-01,7.061897485918556816e-01,3.339965818451218205e-01,1.808708321826175969e-01,7.329338706678931725e-01,4.154493255731295798e-01,6.584446647388857432e-01,7.066839481892600583e-01,1.776092751033060343e-02,4.454538150338450686e-01,-4.332130513220144863e-02,8.196637688134849054e-01,1.334165614836335390e-01,5.047429976042205890e-01,8.940538123581660557e-01,3.744066410627470143e-01,2.548441454900616243e-01,9.711805383103414568e-01,4.901917968763437328e-01,5.058211555432506890e-01,6.015003523723322365e-01,2.239793044368404984e-01,3.909628183618753527e-01,2.624598169481034970e-01,7.257003177424139473e-01,7.397994720004594793e-01,6.842286243315018890e-01,8.876719543641177212e-01,6.654572333493082859e-01,9.539352776497496134e-01,8.984123787460407407e-01,5.290239061239864204e-01,5.459011375307709635e-01,4.981124917636078897e-01,7.164304121710053375e-01,1.231564051244828963e-02,8.594542710223995741e-01,8.706016514199516054e-01,5.220094979968947779e-01,6.051372044806795358e-01,9.792554917335587472e-01,3.883244358782828032e-01,6.649318804754733581e-01,6.105558083686590809e-01,7.108766102541869136e-01,6.279959078004822004e-01,2.899473507437046460e-01,2.393376319150820886e-01,4.622001281432669972e-01,5.272421429042215557e-01,4.248386484924829287e-01,3.080245099936698150e-01,2.324718451022257937e-01,4.583298753554563842e-01,5.288502610636790502e-01,6.436180850597850167e-01,3.253904188537777298e-01,6.439014849804827190e-01
7.688111398391401785e-01,5.360144138921796308e-01,6.926076981630425733e-01,7.530660560262060210e-01,4.963064634735541159e-01,0.000000000000000000e+00,6.769944260121409929e-01,7.679478582401457754e-01,6.077393916877320557e-01,5.984243524933566816e-01,9.529958144191857938e-01,2.869997205234940396e-01,7.453543186443571944e-01,7.773426251454016445e-01,7.000518874677165160e-01,2.316933614234464311e-01,7.010523641164170261e-01,3.086443867861011214e-01,1.522615618101519075e-01,7.906854828185208017e-01,7.647782348021582299e-01,-3.961956174322721069e-01,7.819181573372544491e-01,1.019452631173961010e-01,4.324459733824052576e-01,6.006141178080158793e-01,4.078148885808436930e-01,3.111015983098768256e-01,3.334152000280397043e-01,1.023573285761792545e-01,6.924340347885578062e-01,3.175220284600381304e-01,4.402137782606099781e-01,4.819111879407283472e-01,7.988898143476638181e-01,5.923314218285439248e-01,4.458456970897401450e-01,5.476859219399763390e-01,6.387134951120755355e-01,9.774858092696010470e-01,2.962634542636834456e-01,7.708548992144552692e-01,7.394327145243675403e-01,7.188979622925670832e-01,8.028823765409586199e-01,7.790906545846406628e-01,2.632326145178002785e-01,4.186802200325269174e-01,9.443477191396317805e-01,7.057407407333982086e-01,7.598981024987443433e-01,4.664608490441130573e-01,7.894147763760078762e-01,4.510457234212816302e-01,4.285600528621051897e-01,8.485582260850603742e-01,3.338745311441421171e-01,8.988753804619802334e-01,4.059919159601884098e-01,6.766424477925162551e-01,5.224902335559837852e-01,7.555143339764900379e-01,6.740428983145307917e-01,7.269775774892188736e-01,6.536721785890950986e-01,5.528650246701928284e-01,7.089518938929539882e-01,9.942052377989407663e-01,6.079919097049945043e-01,4.774049113240687037e-01,9.030175704742445797e-01,7.584817143346503920e-01,5.426199912661102687e-01,1.997114684998540016e-02,2.746198566641419037e-01,-8.083344627314165143e-02,7.888459124448636839e-01,2.972034150186869117e-01,-1.977076110069530546e-01,3.825491073489973304e-01,7.391164708891113655e-01,9.871996271461919159e-01,7.653014684285576186e-01,2.983637498607799587e-01,7.938475211589498537e-01
9.213695647717279336e-01,2.438161536664432971e-01,9.695636533765855658e-01,6.366883552099410482e-01,2.174836562428019426e-01,6.769944260121409929e-01,0.000000000000000000e+00,3.468459772802097163e-01,7.457347500682938168e-01,2.446759923925383995e-01,7.493585411652473605e-01,6.126009707358844869e-01,6.015761384542174239e-01,3.023013737107753118e-01,5.860163804654561215e-01,4.570630041041927050e-01,8.774565209126117260e-01,7.850464021989097541e-01,2.106537142678569230e-01,5.053492391537456330e-01,7.168403023497760262e-01,6.060293068072147848e-01,6.088005636288034150e-01,6.570750519232844145e-01,3.325636620663968701e-01,7.124078693914067673e-01,3.599440801628563391e-01,6.915599067254153409e-01,3.397199616273015588e-01,4.815130648946082670e-01,2.736597794744037929e-02,4.893110209432925406e-01,4.599574810079678500e-01,-9.097150020984332008e-02,2.334382389535046010e-01,3.304672075628803940e-01,3.029064941801794530e-01,2.394283223946525874e-01,6.515704780992481737e-01,6.252405783730735633e-01,6.001382599596026823e-01,5.899077972953488125e-01,7.656153109868768514e-01,4.411284142402578379e-01,9.860656717871216781e-01,3.230239270576573118e-01,5.272775744831189604e-01,5.066120190309278959e-01,-3.199779392919568921e-02,7.027907829112731708e-01,2.568168581929270444e-01,5.687532921743484460e-01,-1.669720532372666877e-01,4.852426988281025588e-01,6.235821332665701933e-01,2.442781034630129577e-01,8.445639890974009079e-02,4.104612164338897751e-01,9.168195908776266556e-01,6.772295401561443384e-01,6.170693559381500437e-01,7.725508574135807605e-01,6.320059279405161323e-01,8.870126103955783270e-01,7.888659498174563911e-01,5.693301103679424546e-01,5.047247407942697661e-01,9.190725067692518957e-01,2.918211461329508483e-01,4.410727107271035230e-01,1.140101499321701239e-01,2.948507488270200594e-01,3.340626808956370652e-01,4.602029383637784021e-01,4.162710732540120806e-01,6.429285511202128545e-01,4.723122278599078405e-01,7.234439758940807152e-01,5.812267412294906954e-01,1.249639093477006163e-01,6.688724065968179033e-01,8.936504282913639852e-01,1.772309017614796811e-01,3.076119070137677824e-01,6.639090721981325549e-01
5.689360587920667678e-01,3.158712972611004144e-01,4.731317496233438114e-01,3.804661809796411331e-01,6.804935832587657440e-01,7.679478582401457754e-01,3.468459772802097163e-01,0.000000000000000000e+00,7.226752681166974668e-01,7.790029702555651969e-01,2.811136828707839763e-01,4.895046829401766830e-01,6.925837146768386299e-02,9.299299383177304090e-01,9.136012450957752273e-01,4.255222882278656416e-01,7.839182338153325436e-01,2.992077890840571519e-01,4.958477209930197693e-01,7.272992260080585192e-01,6.618256549088685770e-01,5.771702759972159313e-01,6.332531610740812500e-01,5.486846920190426857e-01,5.209181164602645353e-01,6.699687197035912867e-01,5.403346819936603040e-01,3.410689777882401907e-01,3.783048223834666879e-01,3.921541465321105591e-01,1.148453063738389263e-01,6.762229723021232486e-01,3.955222317228234141e-01,4.776639826309126979e-01,8.804319141360479328e-01,4.255575638478272249e-01,7.840779466562677325e-01,4.350316276379860292e-01,6.676800922818878492e-01,6.551052097857610335e-01,3.091696960017811802e-01,3.237093852156965879e-01,7.905052996459418502e-01,7.500970033042766438e-01,9.221631032627713997e-01,7.671407524121329757e-01,4.658620874122032518e-01,5.402480914721549121e-01,6.179690298822954064e-01,5.163685141907884413e-01,1.804872378421770174e-01,4.613756292524614500e-01,5.352944643838628558e-01,7.970846639086819341e-01,7.270321103933634621e-01,9.418170914479433442e-01,6.306484735287049004e-01,2.222448530735649797e-01,7.231338649950140862e-01,5.724971565224701298e-01,4.476260894399239354e-01,5.985192152821008360e-01,4.019373406905624169e-01,9.989969373992863000e-01,8.390107686424017608e-01,4.970737803333294402e-01,3.765168177584080622e-01,6.512149929661958936e-01,3.856970627028946663e-02,6.191681238463916381e-01,3.878261003200722534e-01,2.955916553268150837e-01,2.293783174238245570e-01,4.194171974591159868e-01,-7.196346484483587269e-02,5.858814879565084066e-01,8.168513062061558139e-02,2.351303931925698421e-01,4.693151790678624091e-01,5.268796647391078558e-01,5.564544830958653154e-01,6.019550169967446962e-01,5.047631233256496541e-01,5.720746719214919729e-01,9.569654515922294824e-02
6.875752027311500258e-01,2.520005377850325079e-01,6.417471075661024260e-01,4.798108554406036452e-01,4.202366884079844489e-01,6.077393916877320557e-01,7.457347500682938168e-01,7.226752681166974668e-01,0.000000000000000000e+00,7.542122943828160064e-01,6.156623592344971918e-01,3.498795708194134546e-01,5.728276007013697324e-01,4.112544795771283512e-01,6.709385377424220698e-01,7.519539411346811697e-01,2.770278637820445811e-01,4.502051130912097521e-01,6.640923034558243732e-01,4.538648096867007875e-01,8.471719576701253196e-01,6.368191100785889347e-01,1.987589528965260921e-01,6.658270729765010110e-01,4.303039607450531712e-01,3.522744922617843111e-01,4.116762860487233056e-01,2.525731295589301872e-01,3.544595032904570009e-01,3.396763888575182744e-01,5.527269480108982780e-01,2.404657959941267076e-01,9.681826626991563156e-02,3.593016304473518607e-01,7.129085601583941001e-01,7.475711980292329972e-01,5.422549086684328445e-01,5.086351610989536809e-01,8.412408638780619619e-01,6.794393507804743493e-01,7.136163944268618664e-01,5.582314723316857963e-01,5.227319937705868780e-01,5.130500217408788810e-01,6.570426155473297891e-01,4.249114730973576060e-01,4.315584809986401371e-01,6.352728072503437129e-02,3.102195975776397274e-01,2.286657037514608359e-01,7.417711261174918524e-01,4.055110725943358863e-01,7.654181383901768054e-01,5.089855715064395270e-01,6.532704662979544885e-01,9.326122753917938102e-01,5.081714320588722744e-01,4.565109858465343229e-01,8.425503724476713918e-01,2.803814455208992196e-01,5.422301117815460092e-01,6.055426043411326065e-01,7.596809078758713918e-01,7.911871310435765192e-01,6.882038525262020867e-01,4.328025254014315482e-01,5.365134313786789066e-01,7.253005955901042912e-01,6.806994492453204426e-01,5.002039949447159017e-01,8.462015695558391393e-01,6.579015915035656414e-01,2.690568448028537452e-01,6.339675365487736913e-01,5.789382480744906800e-01,4.928447823856146881e-01,4.381598202732233105e-01,2.763061600286221275e-01,5.749538756523855376e-01,6.671579316733341480e-01,5.821838270771088064e-01,4.199484503162722593e-01,4.276815734743927844e-01,4.456662498459056931e-01,2.869670359340381061e-01
7.648605610973835400e-01,7.466622015643407106e-01,9.398928220770935704e-01,7.329045063676792315e-01,6.108593880613941707e-01,5.984243524933566816e-01,2.446759923925383995e-01,7.790029702555651969e-01,7.542122943828160064e-01,0.000000000000000000e+00,6.551027158516881110e-01,4.577785797944411983e-01,3.635442255276735007e-02,6.361060523426388391e-01,6.535845397479727037e-01,8.195669829371499474e-03,9.934550459553452839e-01,5.510570031419458337e-01,2.711898497214153547e-01,6.754269015715619329e-01,7.055764893600722232e-01,3.671649701297701185e-01,8.877838940480743402e-01,7.876706351882112322e-01,4.006962542853202969e-01,4.026801522520087606e-01,7.360478589805363736e-01,6.148407377423367182e-01,4.843906830703042510e-01,4.305976205357132103e-01,7.242576650765648605e-01,3.331519135853997643e-02,7.318821010224961787e-01,7.652432220249449912e-01,6.725282681113636807e-01,2.871718363818010489e-01,1.506770923131034445e-01,4.366410297640203053e-01,9.999765244154354971e-01,9.971041738978753122e-01,3.967881134860470338e-01,9.913059797329391021e-01,8.169675883093647784e-01,2.848383694520374987e-01,4.094588214190215680e-01,4.514393229868032265e-01,8.864122077234799779e-02,9.317959938148409060e-01,3.366096337124442894e-01,6.089062807118840182e-01,8.161539381559360651e-01,8.754071018710580798e-01,9.053880977585151424e-01,2.402931165257124468e-01,6.338014158156227706e-01,5.003474203470841264e-01,4.293933582507415414e-01,4.024256928243779008e-01,5.879689094316282727e-01,1.638151273767165517e-01,2.943692059653329474e-01,6.820342507479836003e-02,8.367564232324695706e-01,9.857661150385177429e-01,6.214846808228556840e-01,7.603212717981727709e-01,8.916657209875441525e-01,4.199148368506495088e-01,5.681953388654795711e-01,7.709893034593586769e-01,7.677821399932662771e-01,4.370279715802567466e-01,4.161980396994919840e-01,3.277134467186185729e-01,7.090478415959982073e-01,5.589337108740335403e-01,7.779291326234759607e-01,2.834536640783979489e-01,4.834518536054055460e-01,7.926778749712614092e-01,6.222125320987209607e-01,7.103230307182154535e-01,5.287541959166505157e-01,-1.532084635656603966e-01,9.276439651980977752e-01
9.735284342053254214e-01,8.440649425935825567e-01,4.717905306718720992e-01,7.530772683904658482e-01,6.711218221705488318e-01,9.529958144191857938e-01,7.493585411652473605e-01,2.811136828707839763e-01,6.156623592344971918e-01,6.551027158516881110e-01,0.000000000000000000e+00,6.451615181969915236e-01,2.709113630084761803e-01,8.135344639191144367e-01,6.414908609593128475e-01,3.115705521304189540e-01,5.851352833829426281e-01,7.069309319802290492e-01,9.041783624505963513e-01,6.493370679589671735e-01,9.761799718585272290e-01,4.466898369908597899e-01,8.591585027111779960e-01,6.552228169981419992e-01,6.949686672539115984e-01,7.510440857078254373e-01,5.602267301880855532e-01,4.827130556364934155e-01,5.027352160286949756e-01,2.368532270504603854e-01,3.563759956463909834e-02,3.162322271300151977e-01,8.828974208363422616e-01,5.344503725003617589e-01,5.348721496095263372e-01,5.377162554234223846e-01,1.104229254836546215e-01,4.146629085728074093e-01,6.667352330307690922e-01,7.887613482294064671e-01,8.524815975131023738e-01,6.324592483997690806e-01,9.034688014072511653e-01,7.504356705763928215e-01,9.293280224158365632e-01,7.905762069608440745e-01,7.460360294596005692e-01,4.775593824276435639e-01,4.010031813180162108e-01,5.404330543647850593e-01,6.204911219428194125e-01,3.730190086735645227e-01,8.306851160838850667e-01,6.837965229998365091e-01,-6.047133342450677906e-02,7.993147559918732936e-01,2.897715091467193416e-01,2.177512509897512327e-01,9.317638981087532635e-01,4.798020772167570502e-01,2.149060059466350869e-01,2.040065415712955799e-01,4.258186991193436688e-01,9.718984999825414084e-01,8.624685536690648302e-01,7.525482054966141643e-01,3.007536889493294119e-01,6.404454575310017939e-01,2.830232805146504771e-01,9.438754493409182711e-01,4.446577390011597353e-01,4.537208814352253761e-01,3.680979950234263276e-01,5.320004138207682365e-01,7.901441556917535025e-02,6.362426233241067486e-01,6.240392299360725259e-01,7.008760236299220736e-01,6.256348617085098762e-02,2.109905007882856565e-01,5.322592518645919979e-01,7.021177700672616151e-01,5.380265110151493113e-01,3.535940300000685599e-01,6.512971561024878397e-01
7.379382794873953211e-01,7.725569197202768468e-01,6.636154990936689035e-01,7.852157239612067574e-01,4.374839161806505228e-01,2.869997205234940396e-01,6.126009707358844869e-01,4.895046829401766830e-01,3.498795708194134546e-01,4.577785797944411983e-01,6.451615181969915236e-01,0.000000000000000000e+00,8.012947090226575364e-01,6.500558927772792650e-01,3.412617606582676877e-01,4.672550640516412446e-01,7.613973208714701624e-01,5.305394730375707635e-01,2.891171403275854535e-01,9.190394545601959786e-01,8.275853479639776467e-01,4.290361177879006838e-01,6.589310958049041655e-01,9.014288795776589369e-01,7.136017743590613582e-01,6.503946470666575053e-01,4.932843057474695092e-01,2.891078182646226735e-01,2.641153193915112274e-01,1.194352388195295545e-01,5.739348899008478444e-01,7.242770495685494359e-01,8.816033886516162488e-01,8.062905858703320883e-01,8.522930984790613174e-01,6.717981683208686938e-01,1.512024146730336360e-01,8.315230624761439371e-01,9.063815474191505572e-01,8.158494358244023914e-01,6.445024381772526123e-01,8.746900672860148385e-01,9.628662200044142416e-01,4.872477324143181243e-01,3.065431069330245006e-01,5.223899142309463839e-01,3.047081584806298760e-01,6.323175518189511068e-01,5.812737664369180823e-01,5.425180089688380614e-01,6.751866760126252753e-01,2.125103519398925944e-01,5.706257363887904388e-01,5.801704873734198076e-01,7.949236026919208609e-01,8.690103404851148294e-01,4.735726319307443921e-01,7.065132758911958355e-01,1.303648763498713448e-01,6.972614026994932157e-01,1.243763903271046800e-01,4.689212342319102333e-01,3.397514935086399790e-01,9.741777039990846543e-01,8.027704610046820788e-01,5.081865320960767818e-01,8.923671389133900345e-01,9.765221666857358818e-01,6.543808588131101445e-01,7.591589322242264792e-01,6.033598825287771472e-01,5.398009160083137026e-01,1.836693987493384639e-01,5.387776100575483174e-01,7.640952669012861520e-01,7.787065470917382548e-01,4.371405454344513553e-01,4.278877780613073445e-01,5.074886501720053955e-01,2.541476520127558536e-01,4.112475182736876622e-01,5.091114600464851092e-01,7.510210713777318858e-01,2.928651862778933745e-01,8.661485759251441596e-01
9.609504826938909394e-01,3.632270516394837667e-01,8.189919285729554410e-01,2.936269361787132715e-01,8.601309282297018299e-01,7.453543186443571944e-01,6.015761384542174239e-01,6.925837146768386299e-02,5.728276007013697324e-01,3.635442255276735007e-02,2.709113630084761803e-01,8.012947090226575364e-01,0.000000000000000000e+00,7.373389728574025748e-01,7.993986268366490844e-01,6.239291176680462625e-01,2.495720546265678408e-01,2.319305347498339942e-01,9.581223620812205632e-02,8.709162823908773721e-01,4.034222632557301624e-01,4.852423626303127291e-01,6.761566239490706121e-01,6.866793287304645554e-01,5.914012404462176686e-01,5.350870400753777734e-01,2.289753029323219058e-01,6.735321772543940710e-01,4.453430346036003074e-01,4.800076586558126301e-01,6.106798633150741784e-01,4.052686785190563468e-01,4.547078287861880952e-01,9.648710639665083466e-01,7.647967181829603556e-01,3.999652256643904669e-01,3.032687498262174319e-01,7.460082600997267610e-01,6.757198720300652273e-01,6.852570311788637181e-01,2.741807089277721321e-01,5.293868111084200079e-01,9.589774196225115954e-01,6.966584567247557924e-01,6.254981110036823555e-01,7.539671147159755504e-01,6.182082274756921514e-01,9.248002110290269862e-01,7.106506664142863139e-01,8.251920472800582385e-01,7.959943531901919611e-01,5.750061290384476109e-01,7.195714915109434617e-01,8.305333111116304234e-01,7.892604071978006619e-01,5.254950687061130665e-01,7.417772287967687728e-01,9.849618301429958755e-01,7.877640504320035930e-01,5.275135261016445920e-01,4.924360934615381047e-01,8.440668046905538402e-01,7.036296489859673597e-01,8.049464848423127927e-01,6.170241649555693320e-01,9.171115525717626893e-01,7.671467682517050246e-01,9.218489852913901439e-01,2.317141427554392785e-01,6.039521580966604741e-01,4.934896902192599244e-01,5.395944534784472002e-02,4.891048018762963467e-01,5.359191209828471081e-01,6.500267189021984304e-01,9.138217498381209225e-01,6.089380206176417953e-01,5.430887515811536614e-01,3.219139534360829780e-01,2.910939622867848020e-01,4.572222135981808822e-01,8.820601030407240195e-01,6.937771960614262934e-01,1.280750240812269514e-01,8.977112676326712837e-01
9.870663884866673898e-01,6.397722336251049358e-01,7.201718083360673095e-01,6.545245669105890229e-01,6.749992398095837620e-01,7.773426251454016445e-01,3.023013737107753118e-01,9.299299383177304090e-01,4.112544795771283512e-01,6.361060523426388391e-01,8.135344639191144367e-01,6.500558927772792650e-01,7.373389728574025748e-01,0.000000000000000000e+00,6.862334625772311680e-01,2.510764347283753195e-01,7.147315039877196741e-01,2.746174440889975754e-01,8.210355210919624280e-01,9.678759367009678316e-01,6.480385952511859005e-01,5.713611393585044107e-01,6.537458289283205604e-01,8.691307059028918758e-01,4.551860767986389833e-01,7.013869741564203730e-01,5.967729723624075611e-01,9.600823117980128441e-01,5.761079817020768878e-01,5.092562945814847059e-02,4.997197919970290392e-01,5.752365101941452341e-01,6.022587301069554089e-01,4.481387605141614050e-01,2.386545890208454090e-01,3.992875855883722958e-01,3.911354655317516027e-01,8.454309011270595420e-01,8.442581401456713541e-01,8.059460494515099382e-01,4.554628486695682654e-01,4.183951889385949530e-01,7.283591753761264886e-01,6.226493141364133344e-01,8.061433598036842341e-01,4.267877602577554441e-01,7.228338237191564986e-01,8.832375540326947716e-01,7.395571827979923185e-01,7.161160724171405922e-01,7.078858034647710351e-01,5.820210276899570045e-01,8.857451263069278102e-01,8.407001411830196114e-01,7.911027344781178527e-01,6.776912150274347901e-01,4.301908999435099523e-01,7.905414985600085487e-01,9.800846189490213245e-01,6.961792992553955672e-01,2.258998727532656181e-01,9.328821310636294939e-01,9.145043592856240133e-01,5.630954959454641529e-01,6.793011840611403729e-01,5.352871689014491174e-01,6.383223171142263785e-01,8.662021290706196641e-01,7.240922339068394109e-01,3.332210151645608187e-01,8.494221893539277701e-01,6.402806674860148650e-01,2.846379923025675329e-01,2.663568794139918872e-01,8.860727258622717040e-01,8.602756075573507744e-01,3.106060792342660859e-01,7.760723293584369520e-01,2.374994423999776394e-01,4.254093936234009110e-01,7.676711432759379949e-01,3.652920781355014634e-01,7.535236880361260159e-01,2.139485938397641118e-01,8.547097274211410411e-01
6.846810424798955852e-01,4.759402305908883024e-01,6.943212674927240480e-01,6.103877305810374576e-01,4.554964684899318050e-01,7.000518874677165160e-01,5.860163804654561215e-01,9.136012450957752273e-01,6.709385377424220698e-01,6.535845397479727037e-01,6.414908609593128475e-01,3.412617606582676877e-01,7.993986268366490844e-01,6.862334625772311680e-01,0.000000000000000000e+00,6.261023463087367347e-01,7.584782725042087392e-01,8.286692234960987280e-01,3.440925957635649901e-01,6.349570507628751193e-01,8.552583006392009413e-01,3.367733063829256995e-02,6.012701408164350392e-01,7.293440347768646026e-01,5.046544590598555091e-01,9.372331544843555129e-01,7.381548575599915507e-01,7.716815436533557282e-01,3.813020325102796648e-01,7.514056341364523384e-01,5.769304394125451818e-01,5.417505866085888799e-01,5.772682529490409387e-01,4.085175675802595885e-01,8.754278243908526491e-01,2.796074702327253636e-01,4.991046362561144534e-01,7.011539250442097027e-01,7.979310165014452672e-01,5.273069518097350805e-01,5.409478307773298855e-01,6.097867576658833055e-01,9.447417173985636074e-01,9.896752011549095895e-01,8.087656336147320824e-01,6.216813971856944843e-01,4.382661201845464150e-01,4.510652598263143465e-01,6.375802393181420058e-01,7.333511424463278194e-01,6.530335139210802220e-01,5.772889100408128416e-01,6.736172977271912554e-01,5.205679968482772590e-01,8.975993108928467246e-01,3.734228383656197359e-01,6.260693250636893969e-01,6.917263207127763991e-01,5.236240102364352333e-01,7.267484935620616149e-01,4.048675533106915192e-01,4.292663234074237666e-01,8.366459493467008901e-01,7.655237809752455380e-01,4.593330978336658266e-01,4.758608945422087566e-01,5.542281517377027900e-01,6.314133296284641927e-01,3.943792443683576954e-01,6.310385724657660012e-01,9.873076712779973452e-01,5.171446935845910309e-01,4.865768259093945503e-01,3.471396813253522784e-01,2.834442129604763383e-01,5.105418991351435842e-01,9.167677345723743709e-01,7.961222104163639957e-01,2.641200223517947143e-01,2.994734021977569771e-01,5.281296771716366134e-01,7.784006653510487928e-01,3.614440178493395495e-01,3.582273047393881305e-01,-1.710740495794671467e-01
8.224498683268911536e-01,7.066718232577209324e-01,5.625327283750196639e-01,8.773008951593953553e-01,4.237071419115323034e-01,2.316933614234464311e-01,4.570630041041927050e-01,4.255222882278656416e-01,7.519539411346811697e-01,8.195669829371499474e-03,3.115705521304189540e-01,4.672550640516412446e-01,6.239291176680462625e-01,2.510764347283753195e-01,6.261023463087367347e-01,0.000000000000000000e+00,2.283490285209973658e-01,4.146866631321707297e-01,4.597425076788752563e-01,7.891257315192348187e-01,9.846503802913543213e-01,2.727443909284533174e-01,6.146904293779774653e-01,5.156708261139297811e-01,6.430967591311919085e-01,5.808072086419344693e-01,1.523756596706714594e-01,3.913342717284207239e-01,4.191040063132916993e-01,4.972536055578115066e-01,1.033343207068589537e-01,3.647982084101663025e-01,4.680548120123408928e-01,4.983108597075575630e-01,3.089739959687122228e-01,1.640708273435415310e-01,4.323181624546231228e-01,5.116872641090768337e-01,8.941794580263314751e-01,9.442983655024256295e-01,5.977442785370743472e-01,8.290368856899693606e-01,7.852892011380919746e-01,7.092775921028965369e-01,8.229137767647648483e-01,6.036561070027045561e-01,9.498712483643955151e-01,7.114606569114476642e-01,1.228378559036774204e-01,3.103286313720301504e-01,6.897422582938607105e-01,1.831906991517670003e-01,8.984579122559861464e-01,7.879784123696025322e-01,6.209639750637196975e-01,9.808190284499976874e-01,6.061324978596895896e-01,7.226606767136862786e-01,9.641861935252625804e-01,3.228217997474360224e-01,5.968249224469233116e-01,4.429628107014645377e-01,5.534995749708482293e-01,9.894003538438774781e-01,4.322587939889286912e-01,5.784729340079148852e-01,6.128331919502491010e-01,7.763308999466895788e-01,6.338693392403661475e-01,8.818286306695513055e-01,6.385367863553526036e-01,5.338081472330865607e-01,4.215634049919128601e-01,4.124892413973199057e-01,5.894608345890097745e-01,7.031281274758155453e-01,7.667609783972743065e-01,1.779082788474480592e-01,2.346048121839356404e-01,-1.643070645532604679e-01,4.664397478689075172e-01,5.413827939860691441e-01,7.683894136974596112e-01,5.300291528951928122e-01,2.986802565560241485e-01
7.067816983092859440e-01,5.343667439191417401e-01,8.156497062880521121e-01,8.479909926453015334e-01,5.718831469999853256e-01,7.010523641164170261e-01,8.774565209126117260e-01,7.839182338153325436e-01,2.770278637820445811e-01,9.934550459553452839e-01,5.851352833829426281e-01,7.613973208714701624e-01,2.495720546265678408e-01,7.147315039877196741e-01,7.584782725042087392e-01,2.283490285209973658e-01,0.000000000000000000e+00,6.158268250266364374e-01,6.236029733676342612e-01,9.530600120592649382e-01,6.681375629088903700e-01,9.554243067246160903e-01,6.459384352992634248e-01,4.100380262516040708e-01,8.750543241984678478e-01,6.450092028314023951e-01,2.017995870849586537e-01,8.466172905708667651e-01,5.584761944299199143e-01,4.299615460333039985e-01,3.994224982224588993e-01,9.124144022998240677e-01,8.706013122907835244e-01,4.654804875483867788e-01,5.641392933156055278e-01,2.953755857906979476e-01,7.441180834792813226e-01,7.182927311750927357e-01,1.867336832297881166e-01,9.368806155753872655e-01,7.029415044648777977e-01,3.985976969290592198e-01,8.379472659279123548e-01,4.872714158018428554e-01,8.252733596460909427e-01,6.933697002517944519e-01,5.629749213184647161e-01,8.196391541700943639e-01,4.365021341435920688e-01,7.524689125972310322e-01,9.216923651732984446e-01,5.676167884388103602e-01,4.232146060444679225e-01,5.316481473367651311e-01,7.644183130680639593e-01,9.135766042264527043e-01,4.600716024878697130e-01,4.360480058311563267e-01,4.963854735017358966e-01,2.601774224318134654e-01,5.810906697668682952e-01,8.595471194464355813e-01,8.989760835642398584e-01,9.899233617074927327e-01,7.826659758707810166e-01,7.397072267784476907e-01,8.654613090255912633e-01,7.996821731621109874e-01,8.761178514034890785e-01,7.740770830354122278e-01,4.394745294385969392e-01,7.097508921235869128e-02,6.786451394193173670e-01,4.607034136945451636e-02,6.923491284819891511e-01,6.729115397864450232e-01,7.243472786722019441e-01,3.415193150834627822e-02,1.306223519902771357e-01,5.225199279472089176e-01,9.932157454140591035e-01,7.127193428699655220e-01,9.424368631129875773e-01,9.002183697508350235e-01,8.784763307346277195e-01
2.437218612477241170e-02,7.894059662496880625e-01,6.282268236977840425e-01,7.516457037054323775e-01,5.190171003535886118e-01,3.086443867861011214e-01,7.850464021989097541e-01,2.992077890840571519e-01,4.502051130912097521e-01,5.510570031419458337e-01,7.069309319802290492e-01,5.305394730375707635e-01,2.319305347498339942e-01,2.746174440889975754e-01,8.286692234960987280e-01,4.146866631321707297e-01,6.158268250266364374e-01,0.000000000000000000e+00,4.876435152597844436e-01,7.061205143174160703e-01,8.874465491089239544e-01,9.472274969824474589e-01,6.653188795906552766e-01,8.992002393595777132e-01,4.141992083044276352e-01,7.748783962974731265e-01,8.730612089237939077e-01,7.846025394756345195e-01,2.428194120839129444e-01,3.241124074137142763e-01,4.641969419184749368e-01,5.832979617855141852e-01,1.850476139514826146e-01,4.654169010341329127e-01,9.241418434415583638e-01,4.825577612722754539e-01,7.532441662084753409e-01,6.285562431090477853e-01,4.711680483826909405e-01,8.947798005999695325e-01,1.641807894248107913e-01,3.002326951388614162e-01,8.413934288043719567e-01,7.619346023296212911e-01,7.576845012882136299e-01,6.931690774706192881e-01,4.498963185682137156e-01,4.316899312281168855e-01,5.112516220671693423e-01,6.637372468157530792e-01,3.219419987484588019e-01,4.547381222057254174e-02,7.996089743903210811e-01,7.762551598760897287e-01,6.653552074616916334e-01,2.418034981232421443e-01,6.879120896196824209e-01,-1.110197222991454735e-01,9.724002763693118112e-01,4.653717727235919810e-01,7.621508062679542839e-01,7.163280670071825451e-01,7.264411529920075106e-01,9.380776305698695916e-01,8.869321104895653285e-01,6.057487283069346029e-01,6.946858221629597097e-01,6.333412814880661212e-01,5.542034100650703454e-01,-1.359874003042946533e-01,5.522444407915845233e-01,5.798140269211052855e-01,5.466982844556227406e-01,7.476677842958697751e-01,6.847629736636230424e-01,5.890982128751103275e-01,5.321834767308056824e-01,5.859709877155501179e-01,2.082931996779650019e-01,1.218749436505778133e-01,4.134915199956895049e-01,7.068390410679945557e-01,8.387189012752218620e-01,7.101374468737982060e-01,9.457379337936703267e-01
