0.000000000000000000e+00,5.267324443496766984e-01,6.731329109409551759e-01,3.746141080896434605e-01,4.368284285891546048e-01,5.763869317312192431e-01,3.431565516676974292e-01,5.744442429801058791e-01,7.887425922529419653e-01,9.227080708311716783e-01,6.267364123411619525e-01,9.497949867145037972e-01,9.147505808749746281e-01,5.828296089017986903e-01,6.703870326614982389e-01,7.429189752997982232e-01,4.828884673238270642e-01,7.246208625279919602e-01,8.753695748409329180e-01,7.860346402965979751e-01,8.412310123017173735e-01,5.444473365658825115e-01,7.583356209933964642e-01,8.121371191390011068e-01,4.720811069769982882e-01,9.098377390594905023e-01,1.750827395217819937e-01,4.887030039448601038e-01,4.279669458151597605e-01,-1.828838932519697702e-01,-1.260398735462175401e-01,8.177665370421346447e-01,9.993999211938802141e-01,7.342258435594087862e-01,9.129145758506432839e-01,7.506285614495749048e-01,2.506862679891839196e-01,8.631040422458079453e-01,9.014436001678837185e-01,5.471379315992991321e-01,5.808990643245144359e-01,3.247147154983620609e-01,6.859085262171863429e-01,9.624061401737868948e-01,6.135884632209351874e-01,4.131259082484818879e-01,7.916278426244927058e-01,1.171553436878723792e-01,6.915861933336678868e-01,8.998566265720552293e-01,5.696546606304018212e-01,9.316504944374064401e-01,6.737578034410510730e-01,9.303894707847335521e-01,8.559574549384570963e-01,6.268154087378168260e-01,8.213446701506861292e-01,2.532606039782634433e-01,4.571956938429398432e-01,3.403321556978174400e-01,1.038326208886329038e-01,5.805525118135741458e-01,5.546900944103911879e-01,8.430089691275155506e-01,7.673628149156191958e-01,7.000997756723823517e-01,4.862244446536387321e-01,9.479369086254207932e-01,9.157440637356553115e-01,3.751888944997565645e-01,4.709299493497021150e-01,9.444043392469902987e-01,3.097145723216873647e-01,3.435150571089516935e-01,9.623324680879532522e-01,9.330201539107354503e-01,9.290706149275835823e-01,6.219899941319116943e-01,1.143616774274607145e-01,4.641329833732446564e-01,4.706225295254692353e-01,6.834907494153896756e-01,9.358375214042748969e-01,6.760552180173181602e-01,3.612835740621149760e-01
5.267324443496766984e-01,0.000000000000000000e+00,5.159054034907011310e-01,6.877479464454600011e-01,8.712151360799436084e-01,7.822729468981352019e-01,7.123742020501787620e-01,6.391649247026862657e-01,4.369302047261894306e-02,4.671576986154116207e-01,3.799549033206404136e-01,2.222153572352114081e-01,4.958207236099723136e-01,7.517140718761187168e-01,3.600157205521722359e-01,2.081594622541081407e-01,9.805000312492254677e-01,2.357315147772157116e-01,4.874238191297008971e-01,6.054652089100961421e-01,6.244517325232691318e-01,7.514324103012081091e-01,4.889935290038379123e-01,3.852714107928241205e-01,2.116212085604094184e-01,7.041554977872240828e-01,7.866770030569648631e-01,4.464275467890456706e-01,6.208086490305301242e-01,3.041762747277383938e-01,2.108396528712351559e-01,2.241860005838866576e-01,9.494767086231271636e-01,3.541345710096380217e-01,8.537907435218579089e-01,2.070849863331229446e-01,9.805952845813092900e-02,4.672229649634204729e-01,7.941022672650145386e-01,5.482933442533253210e-01,3.577711878388409872e-01,8.124193491664766231e-01,6.461965893387575655e-01,7.911310065618726295e-01,3.291259286548290364e-01,2.755347061869556358e-01,7.538644578677763386e-01,6.617993272026501117e-01,6.661799224614681769e-01,2.926054083092654023e-01,5.954523486219720496e-01,7.500083571011325612e-01,6.423918446413245942e-01,1.295159373626010024e-01,6.452314287159198747e-01,7.972018300923491285e-01,6.128389947950597660e-01,3.144579201455434680e-01,7.537884771533701622e-01,1.307642806170485617e-01,2.850666412429442853e-01,6.105763632834633192e-01,8.656913858544307283e-01,6.906499801075215439e-01,9.972882077117186661e-01,6.147238455552670455e-01,7.547600927560051964e-01,5.144123673553361309e-01,5.316038144696553225e-01,4.750201891324107306e-01,4.739826729371140468e-01,7.864658667384940571e-01,2.452488684878631753e-01,3.588825957094925884e-02,7.082754683899571413e-01,6.018315226954434882e-01,8.869618863244074225e-01,1.639332027392305935e-01,4.492487635861576734e-01,3.234116181145637592e-01,2.271781916996886141e-01,5.693373099846161800e-01,7.573751435535945875e-01,6.335933924118672955e-01,4.920059401479829897e-01
6.731329109409551759e-01,5.159054034907011310e-01,0.000000000000000000e+00,8.178160884321422630e-01,9.491569992840594994e-01,7.099437284380439861e-01,6.176698696978832892e-01,4.134855801814758536e-01,5.943226839594999422e-01,2.556814177737289917e-01,9.612877393707568441e-01,3.810794654455853525e-01,6.947001706652035091e-01,7.167444140638600247e-01,8.132039374817666699e-01,4.195262328728144308e-01,9.802119650749225865e-01,8.115159971996384058e-01,9.678831748362053400e-01,9.513252559454198343e-01,8.808193451300270205e-01,3.386207360150701451e-01,2.154658101840923323e-01,8.649034472546830443e-01,8.083673742331961565e-01,6.188425872352800727e-01,3.242316661761380781e-01,8.422609658936963672e-01,5.522213925106986832e-01,4.726997330489446925e-01,3.741617535820260798e-01,4.774719919625640685e-01,5.317904792331104025e-01,9.659159230131502127e-01,6.008305415587437137e-01,7.662442113459452253e-01,5.605380168884942504e-01,9.038940640303758656e-01,9.304525966038574847e-01,7.633986712452728307e-01,3.183573936707725371e-01,7.147987610211410381e-01,7.908542331743482201e-01,7.121823658335629803e-01,5.535624591834655828e-01,1.833586472654884225e-01,5.980945953823835204e-01,9.543869039365918683e-01,7.694191893025692508e-01,6.360488918393309987e-01,6.656447931817799368e-01,8.647337374840828872e-01,5.357449646909904217e-01,9.006471419602654072e-01,3.831350432481073209e-01,1.873333809211696621e-01,8.443115783078030123e-01,7.519011162189126463e-01,4.037676055436303368e-01,3.923085286315710074e-01,6.249922368591163124e-01,2.045315573989403002e-01,7.906492600251879832e-01,3.412740336072073166e-01,8.879947902701189610e-01,8.346393458366048179e-01,6.229229970936304150e-01,8.244777872372252014e-01,6.522836366728482771e-01,7.514538478988648240e-01,9.025909966056979705e-01,3.241383839323281335e-01,4.418503764472704320e-01,5.134866612793884677e-01,9.726526879692187766e-01,6.451499162413765198e-01,6.692198731211138618e-01,6.788202367043567609e-01,4.224404657062873492e-01,2.621759712730157288e-01,3.844878776329453407e-01,4.439580794907629357e-01,6.607901961199356133e-01,6.008567103662211251e-01,7.871532561227516656e-01
3.746141080896434605e-01,6.877479464454600011e-01,8.178160884321422630e-01,0.000000000000000000e+00,7.772911767728580834e-01,2.840600307468161834e-01,3.970953174689391130e-01,3.196112889680188252e-01,5.587941513343008815e-01,9.479125874237215310e-01,7.350384093114604722e-01,6.452145517689495957e-01,-1.356001535479954279e-01,6.038854878078905308e-01,8.077437073717841365e-01,4.468761166225603682e-02,9.716879589690068375e-01,6.152568856032043509e-01,2.114217186543422278e-01,9.207367612812249469e-01,9.128056328619679194e-01,6.968583214663336411e-01,7.474342176365760260e-01,7.955137016106008652e-01,4.693722720845852625e-01,7.190310149810323903e-01,8.325714707200326803e-01,9.064596912582703059e-01,5.217667563576766643e-01,1.848721849011420171e-01,3.335888857960953580e-01,1.644789607769452655e-01,9.012619096135355834e-01,4.735096533357339155e-01,5.025330376735165361e-01,6.786351391302904990e-01,4.267663108024288277e-01,6.040473721994731315e-01,4.394636806787298733e-01,5.137256443984223875e-01,7.364307601370821965e-01,5.956258119176243149e-01,8.647391622507460962e-01,8.802710519234172581e-01,6.813923563410771989e-01,5.962724222661497375e-01,9.235841263024517911e-01,4.628084091716072601e-01,5.767815667293990645e-01,7.380592928390525831e-01,6.520940031810112947e-01,8.596860769008444203e-01,6.115792777437546457e-01,8.685600458981252991e-01,5.924569688991805361e-01,6.571664019329388484e-01,6.059102340914426232e-01,9.171143319714638587e-01,1.749238567528463850e-01,4.312995749815796143e-01,1.888552708380364376e-01,1.348843678076363239e-01,6.063569196746124712e-01,9.486299340334315433e-01,8.875453491740852296e-01,6.872763154320444823e-01,6.586554067401554358e-01,6.499367826128881198e-01,6.690402722129563662e-01,6.415458356732781642e-01,6.052069163730507961e-01,3.574938664676809985e-01,7.917198401807584718e-01,9.095019385450832036e-03,2.173394968055142873e-01,5.748908096285256786e-01,2.027046813650839052e-01,6.167206556512120352e-01,5.601763400504707890e-01,3.769740916387887553e-01,2.306582184011275460e-01,7.256680536822891492e-01,8.093858901558041996e-01,4.349391453183850675e-01,9.888381505217854750e-01
4.368284285891546048e-01,8.712151360799436084e-01,9.491569992840594994e-01,7.772911767728580834e-01,0.000000000000000000e+00,4.415763721903607220e-01,6.093719770580802164e-01,4.692137912674759770e-01,5.649179909705612790e-01,8.439195247428747937e-01,6.524944190047352599e-01,3.129846501083251020e-01,7.377711795547067242e-01,4.705748643372885676e-01,9.849842459885583823e-01,6.031481895257669867e-01,5.344609816046980155e-01,6.873154162152319557e-01,6.894790465689184522e-01,5.509205749745262892e-01,8.702428455474104929e-01,7.440935712514050726e-01,8.956643034005338233e-01,5.991936330597991134e-01,4.241300169819043342e-01,8.637604726145171607e-01,9.881762199953407766e-01,6.422927014662980216e-01,4.808912220367181911e-01,3.235461057282450481e-01,4.113539480527615977e-01,8.978608184406260406e-01,2.160218841953898961e-01,5.160527729722680368e-01,7.729402827033805545e-01,2.359647740930224946e-01,1.119330702934911159e-01,2.206854823917669683e-01,6.965829146787191339e-01,5.148079777801715107e-01,1.182371686647360476e-01,7.839979396597622774e-01,7.510422878173041994e-01,9.195721536641940919e-01,7.852062030011091043e-01,6.088914468155657289e-01,7.917122447470146263e-01,7.739811483749814425e-01,4.799884253429994030e-01,1.725266592561284507e-01,4.629604735167698326e-01,9.440437739531895023e-01,9.867559380166897043e-01,6.539088102069204878e-01,2.107095759216661146e-01,5.830675708809328617e-01,3.706239427686327526e-01,8.778649160876672575e-01,7.117235847262459725e-01,7.047457063685750311e-01,2.183990902733541906e-01,5.940130298962229549e-01,7.822237604161050850e-01,5.292656148456905685e-01,7.444081590855216035e-01,6.220568997072042361e-01,-1.517412175829830900e-01,2.338213433783042361e-01,5.156693012744469895e-01,5.053411139923174034e-01,5.715551181929449109e-01,5.906132388683327239e-01,7.280809330969353343e-01,5.689473785711037790e-01,1.496278807344149087e-01,6.125068757995855151e-01,4.295816166191166463e-01,2.288745840609799354e-01,1.738085192361344122e-01,1.693643973184579543e-01,3.705330889069178291e-01,3.068093333761533481e-01,8.581358400201741787e-01,3.463677970270166995e-01,5.562934000670156642e-01
5.763869317312192431e-01,7.822729468981352019e-01,7.099437284380439861e-01,2.840600307468161834e-01,4.415763721903607220e-01,0.000000000000000000e+00,3.417314439248850810e-01,7.643736830690920359e-01,5.383992967613588920e-01,5.329310078301067177e-01,5.478947964400768811e-01,6.159708855908424541e-01,7.573022598390055649e-01,8.678068325355970947e-01,5.429927299975920718e-01,7.492451406507104616e-01,7.323878163619885751e-01,6.823748582045584543e-01,3.739774453036846524e-01,9.019878173224484819e-01,8.377832893339716147e-01,7.248378762258588237e-01,5.486957743350260319e-01,5.319332195792469964e-01,5.409831508765133856e-01,4.831147411098292710e-01,6.463659980898057711e-01,5.268383957998283851e-01,5.632073745694141653e-01,6.925707724344127847e-01,4.509541270686854425e-02,5.142191339988476662e-01,5.387183985126108299e-01,7.024084610541503348e-01,4.234044404427996788e-01,4.468382086465831349e-01,3.788348425762856353e-01,4.738472186599662073e-01,6.204805724743616135e-01,5.440322809223230305e-01,4.110178451885212469e-01,5.912921450829108361e-01,8.105732420297100393e-01,4.782743435907860774e-01,9.676250950273468376e-01,5.562648891728557698e-01,8.269897657643557887e-01,3.054990863729856176e-01,8.845688951969665759e-01,2.445182827675854431e-01,9.217883320799681313e-01,2.871434555845155390e-01,7.107355010008670204e-01,4.850995472343730963e-01,7.998413580298044945e-01,7.440543633922285238e-01,4.372873356491749908e-01,4.572935265391209203e-01,3.743396835972868097e-01,2.893704465986279839e-01,7.762943635139017695e-02,5.979467552434242217e-01,7.856980383449954086e-01,6.459388377434935880e-01,9.343056754941203579e-01,8.552677437135318694e-01,5.764103647999194724e-01,6.183299061768483540e-01,-1.909061414236712384e-02,6.612561003872980958e-01,7.070758926511983011e-01,5.820359571427828893e-01,4.586164281987865632e-01,3.691872651545053396e-01,4.027955242401244917e-01,2.206031403350924847e-01,6.979190437765060429e-01,7.934130318138309379e-01,4.778945869241407740e-01,1.630690081266024036e-02,5.502411440886322280e-01,4.527061996749625061e-01,6.745212559830096044e-01,5.681270224363987875e-01,4.808132452180899907e-01
3.431565516676974292e-01,7.123742020501787620e-01,6.176698696978832892e-01,3.970953174689391130e-01,6.093719770580802164e-01,3.417314439248850810e-01,0.000000000000000000e+00,2.167056102625876113e-01,6.914754100458470054e-01,4.741718369150842438e-01,3.891054845465594658e-01,4.503337441836088861e-01,8.303399412244703015e-01,5.652471765688735772e-01,5.729913653783333949e-01,5.297733259947560169e-01,7.616786388764555937e-01,4.785342123678871795e-01,6.225775334163533570e-01,9.014624639282373675e-01,9.044451943984727071e-01,3.401859966086467346e-01,6.857106966030468431e-01,6.530258791533661844e-01,-3.246812852488711876e-02,3.588001595529348164e-01,5.666326535380195040e-01,4.315928188018257616e-01,4.206731794460245588e-01,4.295227887387307319e-01,2.698495266166072160e-01,4.548342095278987696e-01,4.979413574623633432e-01,4.544950452644888617e-01,6.615978351794677970e-01,5.908859270972297573e-01,4.438883625269358646e-01,5.744845316803764979e-01,7.454854178525305297e-01,5.146212269657431948e-01,4.304773975046056189e-01,2.236756324379760019e-01,2.184976553716993508e-01,6.894241547675411530e-01,8.395256158180519623e-01,4.403662942705768302e-01,4.588762713596302167e-01,7.703203450689398712e-01,4.073450004979665140e-01,4.791073593631344218e-01,4.575622269184770885e-01,3.623336998000511455e-01,7.794564378310713249e-01,1.792809627499202252e-01,7.004912241923325622e-01,6.020105443375942667e-01,5.194190109365554031e-01,3.955804533862871675e-01,6.355853925420822392e-01,4.312430263859993174e-01,3.237873981058871919e-01,6.758071124059162882e-01,4.732652504742252408e-01,5.110846042617513962e-01,9.617737153430846453e-01,3.756393102307947762e-01,9.243824484308376110e-01,9.839699079873365228e-01,4.502942283958468739e-01,5.895513903110636278e-01,6.948028214179402529e-01,7.901132143211408998e-01,7.333690355083317680e-01,3.508677588819613113e-01,5.729385433859005561e-01,3.636916538520277853e-01,5.688667073663269402e-01,7.948815173456097449e-01,9.982586069564816644e-02,7.340734210161061757e-01,3.580974352797773319e-01,4.870966756654651064e-01,2.324420561087437442e-01,5.969057149122798389e-01,6.182820220097254849e-01
5.744442429801058791e-01,6.391649247026862657e-01,4.134855801814758536e-01,3.196112889680188252e-01,4.692137912674759770e-01,7.643736830690920359e-01,2.167056102625876113e-01,0.000000000000000000e+00,7.074790667180621551e-01,3.505124969347540032e-01,6.497488318667534735e-01,8.712139981680616652e-01,8.949658137670453151e-01,8.656914160354013399e-01,5.661890770995881006e-01,6.593046492201101172e-01,8.889548723555174004e-01,7.055466471447546795e-01,1.566521138591917550e-01,6.559627636567416653e-01,9.859505515470459169e-01,5.992012712363523619e-01,7.174105467615358167e-01,8.900400171522756532e-01,4.953655757774072521e-01,6.109124210862417748e-01,9.241471999874047161e-02,7.971822734601714533e-01,5.313195928556723180e-01,5.994833100898984135e-01,2.462684441424446979e-01,5.953364047300343520e-01,5.141598940743524748e-01,5.808636799678987828e-01,3.029578324657343780e-01,2.859800151012941161e-01,4.402835202067554299e-01,3.004018279963153182e-01,4.190996531888325216e-01,7.834942276667486993e-01,6.046671331399331439e-01,3.069075847735993068e-01,9.148532072731169196e-01,5.939986590626311624e-01,7.842958612049167888e-01,8.505605344005298663e-02,6.451740561435125310e-01,8.964560277701433266e-01,4.140867883070079025e-01,3.368969478312436872e-01,7.145882336916883348e-01,6.706155216554968712e-01,7.597640099776374889e-01,3.287942031571130519e-01,5.478664588890351794e-01,7.863400025167427421e-01,3.438033662132020662e-01,6.403308646061010023e-01,9.091312193788132490e-01,7.691754068571330372e-01,4.248205601423381550e-01,6.514628286124578560e-01,7.503325985965757505e-01,3.944416168380464049e-01,9.754605051150043726e-01,4.625769439489156865e-01,4.078988802363662236e-01,9.009680464974288983e-01,7.957065543814675346e-01,5.266732389859121177e-01,4.623935633778938348e-01,5.660528221196750032e-01,3.036168011757029439e-01,3.561851665891446750e-01,6.346745718751674037e-01,-1.282717047963123358e-01,4.133474279054714651e-01,4.112558365142843231e-01,3.815216876999820705e-01,-3.754120258440938329e-01,4.457402732353683006e-01,7.283275838549625458e-01,8.931370026736557000e-01,4.513097198785173680e-01,4.916569269788158003e-01
7.887425922529419653e-01,4.369302047261894306e-02,5.943226839594999422e-01,5.587941513343008815e-01,5.649179909705612790e-01,5.383992967613588920e-01,6.914754100458470054e-01,7.074790667180621551e-01,0.000000000000000000e+00,6.421241816726194207e-01,3.938505018963250892e-01,2.460292677910134312e-02,5.307236320492360049e-01,6.012144035776020301e-01,4.824578177657357636e-01,6.388613460414512835e-01,5.855685300347988065e-01,7.062625258673440598e-01,2.530543079409958152e-01,6.309526976391695019e-01,5.435668186064281926e-01,6.332340815304209336e-01,9.117644345925883798e-01,7.696498147872222750e-01,7.316025413895299589e-01,-1.758407363473816210e-01,6.839545800838964240e-01,4.116074654373245156e-01,4.011187885451410473e-01,6.646736030515056903e-01,2.235372218329389760e-01,4.471849804501618619e-01,4.273876633208152365e-01,3.383598222253280108e-01,2.915381587330395097e-01,1.312024466955261370e-01,8.577836810323535843e-02,7.675819592691370818e-01,8.693973621000019580e-01,7.808324454551586191e-01,5.329120395781994368e-02,1.319265997800236068e-01,7.438891299684782243e-01,6.092271507710737000e-01,4.415549230845980389e-01,3.539718423122899943e-02,5.078758248795198771e-01,7.081947584041294874e-01,5.045408752438957922e-01,9.806963317372066058e-01,5.199294454156038192e-01,4.536500717965366580e-01,6.117654296309952278e-01,4.559223315122201137e-01,5.687303299770485321e-01,7.816003608839497963e-01,4.315429966468438128e-01,7.166994955597175698e-01,9.744989570913517030e-01,9.825931771063186604e-01,4.468685713794507963e-01,4.040320426672655563e-01,5.356687346734231303e-01,3.808984679539606510e-01,8.350326208661285055e-01,3.533904719507324765e-01,5.212109717453667912e-01,9.564594521349811806e-01,2.183076384113833146e-01,7.393458368238562395e-01,9.668850549268815930e-01,9.838782575090749827e-01,7.982696358848968554e-01,5.345045650196306175e-01,3.923984633392455512e-01,3.902067813369714533e-01,6.664045354234359175e-01,8.425431183638936172e-01,3.483566882243765983e-01,4.944980354902172026e-01,2.509644069000939171e-01,6.043821102057544969e-01,6.755662264996687982e-01,4.641674903596054169e-01,6.528019443365685737e-01
9.227080708311716783e-01,4.671576986154116207e-01,2.556814177737289917e-01,9.479125874237215310e-01,8.439195247428747937e-01,5.329310078301067177e-01,4.741718369150842438e-01,3.505124969347540032e-01,6.421241816726194207e-01,0.000000000000000000e+00,8.835060891971621144e-01,6.979401223186444403e-01,7.756050181049435333e-01,5.739387757742895335e-01,4.506626857949077025e-01,-1.991974463777608784e-01,5.879872789875941752e-01,-2.580656638637074951e-01,6.891600105889428285e-01,9.644537110140292135e-01,4.111465189390853259e-01,6.598226494163331179e-02,6.130570108777739780e-01,5.928145343944080103e-01,4.026856855904027421e-01,4.893939290416675081e-01,5.474180862212270071e-01,4.328863778888449310e-01,6.134213369211165556e-01,7.575089597302637756e-01,4.811341281832879901e-01,8.105909966820952217e-01,8.319859370813751376e-01,8.674394112027780102e-01,7.198603109203124406e-01,3.202125604825307170e-01,4.721559057956210559e-01,3.432754684599428341e-01,7.542950862181403426e-01,-1.707785010478991561e-01,2.646641568210902906e-01,4.692689587137937601e-01,8.498526983299397042e-01,7.336881508421837506e-01,9.842708119307924663e-01,8.501324253127187092e-01,4.447808860153720789e-01,6.061180295933605855e-01,4.095978100749068651e-01,4.577549020163602100e-01,4.048706557936243566e-02,7.804627571485802662e-01,6.951315972490735851e-01,4.499286042903526406e-01,7.704233074183015617e-01,7.935200358598931691e-01,2.630426821973281259e-01,6.253687770913145538e-01,3.334797309700109347e-01,4.885754881987521836e-01,5.725735842681538568e-01,3.577614059048850326e-02,4.786555307379433688e-01,8.528713573153390293e-01,9.890710099870057004e-01,7.883556864159950717e-01,7.272739711088878067e-01,-1.085012166053181265e-01,5.923383658717842337e-01,6.667855944543059632e-01,1.745623822285265747e-01,6.817845752831865891e-01,6.549186701075981887e-01,2.051011331804112048e-01,7.286720262746718690e-01,6.161544558778146996e-01,6.923762297617992445e-01,7.990114856912972074e-01,5.179450822848220559e-01,4.664492814590242009e-01,2.518688740220758615e-01,5.925748836238358130e-01,9.166726300831403718e-01,5.118364345728230180e-01,3.532803102798331985e-01
6.267364123411619525e-01,3.799549033206404136e-01,9.612877393707568441e-01,7.350384093114604722e-01,6.524944190047352599e-01,5.478947964400768811e-01,3.891054845465594658e-01,6.497488318667534735e-01,3.938505018963250892e-01,8.835060891971621144e-01,0.000000000000000000e+00,3.592305595254196016e-01,2.748302549516454807e-01,6.222475222471016698e-01,5.152063755354352459e-01,8.990653133227979321e-01,2.405140048163415811e-01,7.048416682757633334e-01,7.817841396374450857e-01,4.651976598589585010e-01,1.492253496058490170e-01,7.655335774832694451e-01,2.247660849820291573e-01,5.186464952428673225e-01,4.369019519137257168e-01,4.901940032446189810e-01,8.002162609280711880e-01,3.384168703295922231e-01,6.879609990563234634e-01,7.772718054460243942e-02,4.100646897438139926e-01,4.078675081889067688e-01,5.257280004161086762e-01,9.304868444673793926e-01,7.079826295832478689e-01,2.319361799206035579e-01,5.939459362153359789e-01,5.989578970798873359e-01,4.794016260231984683e-01,5.165840005583842709e-01,6.785305190230234151e-01,3.431280882972214674e-01,6.360960742214885055e-01,7.009167730778663730e-01,8.735595735408065998e-01,4.725935993192942886e-01,5.487316855542465621e-01,6.472492630365761501e-01,6.538274406119143345e-01,9.255155805947659076e-01,6.990888587924050102e-01,7.536282931345935632e-01,7.535813344088331256e-01,2.358117795412347506e-01,7.608489047764706026e-01,5.010417351746371262e-01,7.384196101222788577e-01,7.218561334029334198e-01,6.107470979786604470e-01,5.735180903637879801e-01,6.915190975095599768e-01,5.413190190506184107e-01,8.294654692076397495e-01,7.987371681047776839e-01,7.014510592166475211e-01,6.908107353690400299e-01,7.203842379872160695e-01,6.785451125094484892e-01,4.152608101855447820e-01,2.243368413720127630e-01,8.654585539510564196e-01,1.151219569588737314e-02,5.363431506750203637e-01,-3.225067493351607140e-01,9.424489618452595030e-01,9.671569481203827756e-01,8.404834527012267076e-01,6.366662655971143669e-01,1.923643464025941718e-01,5.223434623747783556e-01,6.150072531765272688e-01,3.256752811747023468e-01,6.794991980525809661e-01,1.431770862985141390e-01,4.837926775333681317e-01
9.497949867145037972e-01,2.222153572352114081e-01,3.810794654455853525e-01,6.452145517689495957e-01,3.129846501083251020e-01,6.159708855908424541e-01,4.503337441836088861e-01,8.712139981680616652e-01,2.460292677910134312e-02,6.979401223186444403e-01,3.592305595254196016e-01,0.000000000000000000e+00,7.122836649510729812e-01,5.445853138150951178e-01,2.308439789018167654e-01,6.037500382117286790e-01,6.481361007121504425e-01,7.536461387223555297e-01,4.327878935577407771e-01,4.721947808987920769e-01,9.109893979990607571e-01,7.356910669168419403e-01,5.472642681180592827e-01,8.616620879957279655e-01,2.879451116578268799e-01,2.549486086258164752e-01,9.644843286514677150e-01,6.138859070204693014e-01,-9.655581834257948026e-02,7.381046331996679033e-01,5.846521296357526376e-01,6.553145453218324201e-01,6.665873795777940147e-01,7.353574084635421393e-01,7.317380067692721424e-01,2.553890115140647343e-01,3.814286592042794855e-01,1.934284262360283224e-01,4.503103663614535512e-01,7.551488427272088355e-01,9.501069708441478578e-01,4.432519894557343521e-01,-1.731733702733083691e-01,8.799049524724804616e-01,6.303464505565428144e-01,6.107187465421546335e-01,9.244467058710770235e-01,9.148573010742996336e-01,7.649772039988141925e-01,7.716972639491157526e-01,3.449731411275392401e-01,4.249579691368201573e-01,5.896267061719198121e-01,5.488201647083698065e-01,4.032755358192302575e-01,7.613161315397221074e-01,3.717084727669051625e-01,7.170461264245634458e-01,9.067736329033687648e-01,4.485528938385837106e-01,7.368274448395050191e-01,6.291188253524306884e-01,4.446430062248407089e-01,9.836818548902024339e-01,9.393939584706482160e-01,5.162333695642475906e-01,7.943000944958482634e-01,7.355638733004753460e-01,2.496787362978612479e-01,5.807872986431140694e-01,8.511572514465707284e-01,3.856914109109295385e-02,2.806656385595223124e-01,2.047836260298993849e-01,5.486321457846494720e-01,9.422879193288663524e-01,4.211576056162535941e-01,7.530642800246277746e-01,8.159208606027279487e-02,3.266456708775162809e-01,4.924055261859961452e-01,6.621430236995888841e-01,9.845777923453377101e-01,7.838479383268757150e-01,6.780261892628467457e-01
9.147505808749746281e-01,4.958207236099723136e-01,6.947001706652035091e-01,-1.356001535479954279e-01,7.377711795547067242e-01,7.573022598390055649e-01,8.303399412244703015e-01,8.949658137670453151e-01,5.307236320492360049e-01,7.756050181049435333e-01,2.748302549516454807e-01,7.122836649510729812e-01,0.000000000000000000e+00,7.907433394641976143e-01,9.992675347223460847e-01,5.668806381581191767e-01,3.122097312513321121e-01,7.744648328213378230e-01,4.835578391215359373e-01,8.631674748151261234e-01,6.200084942363512930e-01,4.629152516429373976e-01,3.674093816289558667e-01,4.814491169849810515e-01,5.879618279840064243e-01,8.574673940924353310e-01,4.885567598217819274e-01,2.082958374601964757e-01,2.882687744105321137e-01,3.791786044775993236e-01,6.692254882718604581e-01,4.903348226424289469e-01,6.629066036136515017e-01,7.760136175605462094e-01,7.925254219562332114e-01,4.883851979912077201e-01,7.637724116631101623e-01,5.396949417298355645e-01,7.234950457164943671e-01,6.536547876725395945e-01,6.977006473454326896e-01,5.589921466502030256e-01,9.378392727559745623e-01,6.736922263757013640e-01,7.034996544698262078e-01,8.156221542304004091e-01,4.615825536217862402e-01,7.199766916519639848e-01,8.321187494212929359e-01,9.681697437038018217e-01,5.276083493560482229e-02,5.694140283821361725e-01,7.060517957199995420e-01,9.081825500459589362e-01,2.738114874447408198e-01,2.185017547527260962e-01,8.960260459323278193e-01,9.778812288914114914e-01,6.001084166300175715e-01,5.995564797023710257e-01,1.037636453718421142e-01,5.249295326837341014e-01,2.763358002419166737e-01,4.885070837101113117e-01,5.011940388093318877e-01,5.641541370537564992e-01,5.543252315788878004e-01,6.640527756470020471e-01,3.213930157723333125e-01,3.961984138402818711e-01,7.475190615288591633e-01,8.896156579744085580e-01,3.659952666789662024e-01,6.418910468261411761e-01,9.445676528356468094e-01,7.386401360952568051e-01,5.343573221060922140e-01,4.056408034677062568e-01,3.050961636443874081e-01,1.459231954567669354e-01,4.169470594028008570e-01,6.571026659503523826e-01,4.587203260208476130e-01,3.478309716474493607e-01,3.413974860571968861e-01
5.828296089017986903e-01,7.517140718761187168e-01,7.167444140638600247e-01,6.038854878078905308e-01,4.705748643372885676e-01,8.678068325355970947e-01,5.652471765688735772e-01,8.656914160354013399e-01,6.012144035776020301e-01,5.739387757742895335e-01,6.222475222471016698e-01,5.445853138150951178e-01,7.907433394641976143e-01,0.000000000000000000e+00,6.586518593047637760e-01,5.708765010215981484e-01,6.689951554702107117e-01,6.134887554890052774e-01,4.121016010512740801e-01,4.242166654977653217e-01,8.676743657389673903e-01,7.369004091489437247e-01,9.162441160014342945e-01,4.471062700173817350e-01,2.604644681471465217e-01,5.514490487042535971e-01,3.963095499260837484e-01,8.629019898258891708e-01,4.433481751825215089e-01,6.891281215848543869e-03,-1.082007630521969604e-01,7.306683759418610702e-01,7.231871411074497491e-01,6.876479076371455612e-01,3.297638495281774995e-01,6.096770338975661119e-01,3.636372978876751261e-01,7.875033930201221777e-01,5.520356237267328714e-01,6.223855396825824782e-01,5.306707659783544972e-01,8.215919074354660623e-01,8.988764563660783802e-01,5.960224577934425394e-01,9.966414602312259063e-01,8.599101717564118230e-01,7.712793102458262995e-01,9.234566618374834279e-01,6.103324405223582438e-01,9.879746407828362553e-01,6.958858445218075728e-01,9.026807665238074652e-01,8.419832239641653615e-01,5.405535896879305469e-01,7.532155597745734399e-01,7.384944790997443054e-01,4.970985873024121871e-01,8.646215204827516487e-01,2.480123963365712669e-01,2.421591089550331199e-01,4.300947091980937276e-01,8.760276903322163911e-01,7.889349774818900096e-01,9.230634817640313017e-01,7.933502084425516632e-01,7.212803542932380019e-01,4.644772098563814122e-01,9.099053167822359622e-01,9.029338691834434272e-01,6.277606122401564459e-01,7.334408906461364897e-01,5.903759851818066728e-01,4.244864241599129173e-02,1.444600749360195890e-01,3.091892734238116947e-01,2.833449087893464280e-01,5.740303267348663141e-01,4.424969199246908125e-01,3.368259074277540344e-01,5.131996075550407932e-01,6.205937444022546767e-01,4.534491432717416282e-01,5.723406343870067747e-01,4.525803331473377544e-01,8.073457045848921876e-01
6.703870326614982389e-01,3.600157205521722359e-01,8.132039374817666699e-01,8.077437073717841365e-01,9.849842459885583823e-01,5.429927299975920718e-01,5.729913653783333949e-01,5.661890770995881006e-01,4.824578177657357636e-01,4.506626857949077025e-01,5.152063755354352459e-01,2.308439789018167654e-01,9.992675347223460847e-01,6.586518593047637760e-01,0.000000000000000000e+00,2.777546585388588340e-01,5.388119358549636750e-01,5.779569387357299526e-01,1.061662789303683407e-01,7.333664870359526411e-01,8.451602495348961019e-01,3.046787096678019724e-01,6.719198852909005204e-01,6.568497295703297212e-01,9.476860446671022675e-01,2.382421985667847464e-01,8.713663664232758066e-01,3.760206446454551488e-01,4.495319580253258618e-01,3.390968771547822613e-01,6.730565750838186645e-01,4.834517126754661054e-01,7.215756470328361649e-01,7.826014601809887505e-01,7.526505185595547820e-01,5.506509450500660791e-02,6.608772980830956989e-01,4.247039916351590949e-01,6.181664762400921331e-01,2.796767861429910185e-01,-2.752892138612681450e-01,4.497264369751723945e-01,7.585132524607091087e-01,3.960494517133419379e-01,5.540372109553268754e-01,8.646698450614473952e-01,7.651000803919695281e-01,7.812562682507340206e-01,5.579223859300268540e-01,6.920480299925521050e-01,5.069217475484814051e-01,4.161787900706442334e-01,7.175537311919354400e-01,8.851121453703596487e-01,4.409975281784367374e-01,7.115584775136738482e-01,7.626795575272263816e-01,6.925879634838858490e-01,6.332122511654778574e-01,4.886268356226107223e-01,6.718698561060372221e-01,4.842551208379852756e-01,5.938136976672038214e-01,8.339718211100513034e-01,8.925163288284704288e-01,4.130691894590742819e-01,6.554095582645145246e-01,5.790048418416364751e-01,5.055120658343363882e-01,5.991424586315456935e-01,6.236645018718516287e-01,4.434841774131820791e-01,2.337551106824470037e-01,2.601640532956324692e-01,5.949292811091948519e-01,6.555267759401743888e-01,9.526423276804031337e-01,7.799082389076597011e-01,3.890526327393974970e-01,7.707009177208901107e-02,7.440038955663448306e-01,9.827604276211183709e-01,4.648260745239352065e-01,3.060350948210958100e-01,4.451550431278559206e-01
7.429189752997982232e-01,2.081594622541081407e-01,4.195262328728144308e-01,4.468761166225603682e-02,6.031481895257669867e-01,7.492451406507104616e-01,5.297733259947560169e-01,6.593046492201101172e-01,6.388613460414512835e-01,-1.991974463777608784e-01,8.990653133227979321e-01,6.037500382117286790e-01,5.668806381581191767e-01,5.708765010215981484e-01,2.777546585388588340e-01,0.000000000000000000e+00,7.879558892187713548e-01,8.704645727431881141e-01,5.769738170846908654e-01,6.283171424164754049e-01,8.028083149165479160e-01,8.593227964366090266e-01,5.508184243285011439e-01,8.475451865011387476e-01,2.113545463219447806e-01,6.895573572263667961e-01,7.185853127966693732e-01,6.284820961438175591e-01,6.270983777073290133e-01,1.983538267169137892e-01,3.218977426727023250e-01,5.211927464543979482e-01,4.684884102647756121e-01,2.668549989876125572e-01,7.563937331539158926e-01,4.067065301817813783e-01,7.889255574622720812e-02,2.674377391831691542e-01,8.383884157928520597e-01,3.262607157237740196e-01,4.212620406639123738e-01,8.348254353663325800e-01,2.551308968665523258e-01,7.480630636719682869e-01,7.851216918887148344e-01,9.446920076517602016e-01,2.394730754985863186e-03,6.857124809040825442e-01,2.410018496840259927e-01,6.047395347043201808e-01,7.168729960022180991e-01,7.071354708002974832e-01,3.166472984585675388e-01,5.373836118252819372e-01,1.862565440273532824e-01,5.718954901530216572e-01,9.316094689782460359e-01,7.711807178801869389e-01,5.769311555077805131e-01,5.715984835051598489e-01,4.191625880263447068e-01,6.635913406354538857e-01,7.465156549975399125e-01,5.621501685364164169e-01,9.377748178175651095e-01,6.536615605736827428e-01,4.796966301629624341e-01,5.529817270555481556e-01,4.896425988194710310e-01,-1.378117790897885053e-01,-2.837747751698471710e-02,5.505235352285111627e-01,7.552522375446421021e-01,2.318744041316941340e-01,7.715709177710827760e-01,6.385571615391359979e-01,9.637205873009622170e-01,5.951482031865314992e-01,7.052151944670941308e-01,1.545783315133866277e-02,5.816029264027119394e-01,2.969319155934979637e-01,6.362757169125869972e-01,1.007701263522242513e-01,8.664011706611449704e-01
4.828884673238270642e-01,9.805000312492254677e-01,9.802119650749225865e-01,9.716879589690068375e-01,5.344609816046980155e-01,7.323878163619885751e-01,7.616786388764555937e-01,8.889548723555174004e-01,5.855685300347988065e-01,5.879872789875941752e-01,2.405140048163415811e-01,6.481361007121504425e-01,3.122097312513321121e-01,6.689951554702107117e-01,5.388119358549636750e-01,7.879558892187713548e-01,0.000000000000000000e+00,4.824441627723063397e-01,6.738187143526803702e-01,7.637752429188705561e-01,6.594335300204007266e-01,6.731536086660279139e-01,4.949856275376878223e-01,8.876721009004463481e-01,5.060035177755004554e-01,5.035353729799423306e-01,9.369665964015649884e-01,6.243811927627194169e-01,7.609415648557448231e-01,1.082041516311150198e-01,2.873632785493943631e-01,7.929516655812444137e-01,6.906434196401417536e-01,5.225661698609448402e-01,8.106732548486184076e-01,6.060915787176902603e-01,3.139419664962529444e-01,7.181276427031296761e-01,6.381091745909766022e-01,3.483704113456910778e-01,3.809993821787940882e-01,6.833212208865673265e-01,6.732487154872067725e-01,6.564291707045768476e-01,9.631158790967035976e-01,6.742948301784584819e-01,7.606326004432160115e-01,3.108181448803086777e-01,8.795513603404242486e-01,4.371745930524903456e-01,6.471665257053117459e-01,9.418569389263211633e-01,8.714741648705155441e-01,4.772307765025450288e-01,5.018700278084680111e-01,4.440181633924626392e-01,8.995847114984537596e-01,8.605705397140022139e-01,1.718932857552784021e-01,3.440484314287406975e-01,3.734074805409389186e-01,8.546657074343932958e-01,9.687073640552467113e-01,4.006754980520558229e-01,7.464667085600706908e-01,7.128476639816719862e-01,6.818017153257617258e-01,7.873382194621653118e-01,6.059371229804648706e-01,7.573987301618336776e-01,6.856522475343264089e-01,7.469631349554505251e-01,4.071237247583729957e-01,9.310387446189799521e-02,6.789404298895613810e-01,6.394772347910484545e-01,7.983830708758249406e-01,4.301312744058702342e-01,4.470482526150652558e-01,5.844497305603686410e-01,4.931332388034476155e-01,9.056137708739460113e-01,9.803838034765838261e-01,5.957164534956485014e-01,9.165124985659456325e-01
7.246208625279919602e-01,2.357315147772157116e-01,8.115159971996384058e-01,6.152568856032043509e-01,6.873154162152319557e-01,6.823748582045584543e-01,4.785342123678871795e-01,7.055466471447546795e-01,7.062625258673440598e-01,-2.580656638637074951e-01,7.048416682757633334e-01,7.536461387223555297e-01,7.744648328213378230e-01,6.134887554890052774e-01,5.779569387357299526e-01,8.704645727431881141e-01,4.824441627723063397e-01,0.000000000000000000e+00,3.014270174048317985e-01,2.012964605566271437e-01,8.092523936378759331e-01,7.916444797536186240e-01,6.635901427515566997e-01,8.465079472047345455e-01,7.334085624402970627e-01,8.029393721454899380e-01,2.061571398885404804e-01,2.130099339569556383e-01,7.763310361892053479e-02,3.937577436352791560e-01,2.702990626785730099e-01,7.314620892723691092e-01,8.196378313831746976e-01,9.132483995736463411e-01,5.486136443066645940e-01,4.351605156675975028e-01,3.526210484382404919e-01,7.352025330503253464e-01,4.652460532009387029e-01,5.204931590690311527e-01,5.928015851197572239e-01,7.497134844159683009e-01,9.629741384314068897e-01,6.424315960457499530e-01,8.415880410613409968e-01,8.531083972913847679e-01,7.997813642752826802e-01,6.334186900793713493e-01,5.747762045070852199e-01,3.114157643737854864e-01,6.942973473249166583e-01,6.236555875542780791e-01,6.167114094001679980e-01,3.330053157093841865e-01,4.456098913475256551e-01,8.987383174431754496e-01,6.541579582373152624e-01,8.438498616656952001e-01,6.825805800067084039e-01,1.338529681606586696e-01,-1.101941547227386353e-02,9.282843654437099579e-01,6.005676363401836193e-01,4.614332945384886364e-01,9.607909964462848507e-01,-2.442892887285528780e-01,4.205280916508333244e-01,8.295099711002509313e-01,2.713325211191915387e-01,9.938477533735581293e-01,3.503923365771214327e-01,6.164907682505739173e-01,5.161492345847131791e-01,3.055131498545670676e-01,7.455056706456668625e-01,7.711507273868958290e-01,9.706651311376627289e-01,6.067265933258768618e-01,4.916828753875959745e-01,4.199006151646792473e-01,2.049783247797564711e-01,9.029094967883997125e-01,3.224079005310699353e-01,4.729713082728216333e-01,6.962516375154049753e-01
