0.000000000000000000e+00,8.439990961607783948e-01,6.930425120289870344e-01,5.147672965021419245e-01,7.348178343350901809e-01,7.844935442401855807e-01,7.224916594557299065e-01,9.708202118827417015e-01,5.465126438149390253e-01,6.587533699162168022e-01,6.235639201418062827e-01,2.414024618779497255e-01,9.195620880644103101e-01,2.602149353740235149e-01,9.101901263862604008e-01,2.807058449790534871e-01,6.409037038701184130e-01,9.705287788717124053e-01,6.470061800028058530e-01,8.897213020438781150e-01,6.432967302736434245e-01,4.717792811622829596e-01,9.819353972489260896e-01,8.080935623765369558e-01,7.499490132400514764e-01,7.976072532464099085e-01,3.801931011154320861e-01,6.398872226419074494e-01,5.543437732096303527e-01,3.372024591457680742e-01,3.563288386486683224e-01,6.353999334464426330e-01,4.755841208683602717e-01,7.658834235974624205e-01,9.647655433095108091e-01,4.669379225497441444e-01,5.710565880197757682e-01,8.598504868863035000e-01,5.681577366656243022e-01,4.151349628865035890e-01,4.048051335107457072e-01,6.372421273477550940e-01,8.926403042414144950e-01,4.853862049172180670e-01,9.290058552829223437e-01,9.076544369401967627e-01,7.839792994793708392e-01,3.868141391851009914e-01,7.340797412183573956e-01,4.991880273283464953e-01,6.392367227587137934e-01,9.785955678073332553e-01,6.463218589348715959e-01,6.576485830022292811e-01,6.892476707301660177e-01,6.026579368280643445e-01,5.533783725047226598e-01,8.945712954371256576e-01,5.956771519185590780e-01,1.516813787447556794e-01,5.686633174407339508e-01,4.396317091690066237e-01,7.962813669353546731e-01,7.248211563392299439e-01,8.901343915445341093e-01,5.152019302643793264e-01,9.243920655658757202e-01,9.457174682918723096e-01,7.309269757496903441e-01,2.495549950839501818e-01,6.737999443803847077e-01,5.129226472409316173e-01,5.370541724099570091e-01,4.024904460312247467e-01,4.213997542118616546e-01,8.867700803991013236e-01,5.002231430571357773e-01,4.169335007225493106e-01,7.616939391126521519e-01,2.247990428102669414e-01,8.503221458437570934e-01,8.706545224634315572e-01,5.483479178821296651e-01,4.746293500177272140e-01,6.117288636922559864e-01
8.439990961607783948e-01,0.000000000000000000e+00,4.187646207703115131e-01,2.308819191225528200e-01,8.364993620306366839e-01,3.281413157815450399e-01,7.558282915341086872e-01,3.906246738327510126e-01,4.377546154914701559e-01,6.072903334437820266e-01,7.259562808034948356e-01,5.452282867052984372e-01,4.155011960101077095e-01,3.108028456545419704e-02,6.028644771780145017e-01,8.082846056247785516e-01,7.715139155336615540e-01,6.404898484333424458e-01,5.861108937929163654e-01,4.269582883734047707e-01,4.245531762935660369e-01,3.973540624053404358e-01,4.687544985596391878e-01,8.223106943568458949e-01,3.854841306759919650e-01,1.935105883589404718e-01,6.072624777596786760e-01,4.427961605012430968e-01,3.766134969066720073e-01,3.450907553951496620e-01,2.888036716543736504e-01,5.354980227062910991e-01,8.431001001602543843e-01,7.957017524055358670e-01,4.192695892411895109e-01,3.606354970138155036e-02,3.287530375410822048e-01,5.437531064807610282e-01,6.011680452123362439e-01,6.161824777052783420e-01,5.942984671876404557e-01,2.940471530041166570e-01,6.281794685762415176e-01,8.015146971110520546e-01,6.738309689867667540e-01,3.351021712340751524e-01,8.882121628666768132e-01,7.412952113695939760e-01,5.380443624885855591e-01,4.270076103985995797e-01,2.167767612158169599e-01,3.064795301238192882e-01,3.786014728031257270e-01,8.827819124956282071e-01,7.979316673039821284e-01,2.891691541457250825e-01,5.157410636662569381e-01,6.569399205824608678e-01,7.687926932563972082e-01,7.001084419813971005e-01,1.359627202501667576e-02,6.019579968092780842e-01,7.054853784016740237e-01,6.487529651262551322e-01,3.678858459562561745e-01,3.613994401756521757e-01,6.084773270318249994e-01,7.184260865029742371e-01,3.505254524065001820e-01,3.916548681944027610e-01,3.716340687583415958e-01,9.775236836725977874e-01,3.455541734707967549e-01,1.969508412674983444e-01,9.258928737159104472e-01,5.668652571042478439e-01,8.848037283901328820e-01,3.486636543539267663e-01,5.277813268385938006e-01,2.742171071756343004e-01,4.370929491345593165e-01,7.168356004845624074e-01,7.277602468554600357e-01,3.591567767637221520e-01,4.760482881672029598e-01
6.930425120289870344e-01,4.187646207703115131e-01,0.000000000000000000e+00,6.821484370963423194e-01,7.518187217882523754e-01,4.764287589056558359e-01,8.146123203224790998e-01,9.142069370510639281e-01,7.657288923838426742e-01,6.659786212008512729e-01,8.104764571768550141e-01,8.849115336005856092e-01,5.637344692932235724e-01,8.540586247334260861e-01,7.095656105641907629e-01,7.694748961765409678e-01,7.073050614785509893e-01,4.565683746061607318e-01,1.777245309628386061e-01,7.479659310909345660e-01,3.335231450650794072e-01,8.018727505053248050e-01,9.112177231875672190e-01,2.072388615943007717e-01,9.708949908514877825e-01,6.971504570905069365e-01,4.493953806760124237e-01,9.059828091678219231e-01,1.515222032423653720e-01,3.813891024450256628e-01,3.557298423709298607e-01,4.523274182298474000e-01,8.720948036894797806e-01,6.877141399105592967e-01,7.530227185837061743e-01,-3.115908347577811544e-02,1.479818888850257808e-01,7.704729522026251276e-01,8.714768848762926012e-01,9.089072424976045728e-01,3.544612918744188823e-01,5.496115000273089635e-01,8.892811963121578511e-01,7.582412861437699547e-01,6.050619124117210257e-01,7.057229239629067008e-01,7.031455557831587377e-01,5.866466010383316609e-01,5.621946181878112458e-01,9.231142030046640690e-01,1.038451867152339336e-01,4.868638196348439307e-01,4.793786563724357075e-01,7.614255342746634181e-01,4.275627849069363155e-03,4.046871050365636879e-01,7.241373207583807758e-01,8.369600970296948717e-01,6.317161228748737756e-01,5.661927340976626866e-01,2.746538165108607377e-01,7.268122879264308223e-01,9.437048245438405258e-01,5.835290188046448057e-01,6.009472799364004025e-01,6.754221599956575783e-01,6.819754464193925614e-01,8.285783302480016488e-01,4.808446540778165135e-01,9.886079749404890205e-01,6.769134842861540546e-01,5.233755884261049873e-01,4.650320150228020588e-01,6.268287085878609943e-01,8.638320650900278563e-01,8.523675883096313299e-01,8.492536232930042450e-01,9.251385857933627221e-01,6.434811924797919636e-01,3.810287847689014518e-01,8.804886258661895893e-01,9.790979993149840910e-01,9.466528180976172546e-01,7.258629082592210624e-01,3.455214160505538645e-01
5.147672965021419245e-01,2.308819191225528200e-01,6.821484370963423194e-01,0.000000000000000000e+00,8.029004254917279093e-01,5.906128823510763404e-01,2.546421016542254057e-01,3.252078301861194287e-01,8.860669509203433769e-01,8.980383030624192742e-01,4.919905416127519637e-01,4.796905453773036010e-01,8.345913742994739426e-01,7.799380706860411516e-01,8.425939941517526233e-01,9.024683516461274868e-01,6.133594793717557225e-01,8.651584891774817265e-01,9.025700164518152269e-01,7.036531173219038315e-01,9.145038521293278322e-01,9.575055514985532090e-01,8.082929486320948875e-01,7.598935885748840935e-01,8.505126919498605387e-02,6.629964290175791586e-01,7.260355994221477927e-01,5.623111687939452707e-01,-5.946443914415558418e-02,1.598030466151201812e-01,2.355498228558139395e-02,6.140474389026947533e-01,9.079272819095300928e-01,6.300553260508446884e-01,9.813459368620985890e-01,3.970269837470902785e-01,6.983666852429278038e-02,5.541526855045251221e-01,9.273700175942856117e-01,9.997214591556365937e-01,2.535790336330924211e-01,3.836196096237018960e-01,4.669853602873337284e-01,6.854743154790559068e-01,4.197040456380468076e-01,6.137865035866049146e-01,5.016800517622238553e-01,8.673876155208818384e-01,6.473378368184345977e-01,8.045874191245452334e-01,6.988618224018369185e-01,9.292222950675503856e-01,6.982312997515636166e-01,6.700599419326624950e-01,8.272616756123867265e-01,5.331838468720406787e-01,4.794120128851965812e-01,4.528089941106453464e-01,9.654592462102368211e-01,3.367355127955917737e-01,5.951084610983706225e-02,9.485330365769611971e-01,6.761975594157167979e-01,6.411495094698274055e-01,5.529661780233834367e-01,6.539067088321067756e-01,6.564686360137000909e-01,7.316679591812187411e-01,6.433019922780756072e-01,7.238542541459397350e-01,5.389138724183368812e-01,4.100294047371306760e-01,4.501580871493729985e-01,2.683736105279952988e-01,6.235507302732132828e-01,7.709788344613449640e-01,7.661188043908231382e-01,6.327507982377721385e-01,5.268575966689788004e-01,7.252730053380245234e-01,5.939290249190114501e-01,8.820128207020740962e-01,6.358138360957874546e-01,9.281011278962114641e-02,5.395416176312328727e-01
7.348178343350901809e-01,8.364993620306366839e-01,7.518187217882523754e-01,8.029004254917279093e-01,0.000000000000000000e+00,6.119995315603578012e-01,7.322760688004059659e-01,3.509897870452167723e-01,3.773345433548608296e-01,5.843996403277134100e-01,7.648147048913480628e-01,9.450587128934609948e-01,8.436794132315337258e-01,5.087489101305648909e-01,8.618741388007908899e-01,3.972699780289715710e-01,6.494327225234728385e-01,5.323425100959986445e-01,5.792181983762115793e-01,7.576645176155437644e-01,6.921977334494062717e-01,5.685976122086429108e-01,7.983841697716249630e-01,6.086490761589600229e-01,5.516268610149821505e-01,7.980928397236561889e-01,9.059428186417028961e-01,8.446063798191493222e-01,1.659244005884926987e-01,2.228204618870141818e-01,3.211053650544833382e-01,3.769255557333581752e-01,7.625789054510826448e-01,5.406997479085239311e-01,6.033150365091253242e-01,6.365646141769342181e-01,4.641453715135729907e-01,7.090214661821784281e-01,3.136087966984368956e-03,6.633189221501406552e-01,4.937608551610970231e-01,7.177156435408147406e-01,3.652111890181467535e-01,4.795720320307295115e-02,7.560510474416400895e-01,2.897834007193871297e-01,3.397483475615987736e-01,7.165306011721203072e-01,2.070059339217709404e-01,6.329609451515325613e-01,5.212460344996241446e-01,5.978733219277925226e-01,9.636517844841320235e-01,7.218403857973439974e-01,4.263744480837159401e-01,4.905754419957329415e-01,4.368866605089684052e-01,5.786904115577403696e-01,4.021879844966245732e-01,7.088339631689809239e-02,4.648285744227126925e-01,4.437455439533374846e-01,5.476906013455071776e-01,7.932167771137699219e-01,8.915558744326228524e-01,9.325223969505536115e-01,9.510402385740123199e-01,8.367233800045341674e-01,7.080941486537120078e-01,7.641115913983745900e-01,2.237680098798987549e-01,5.563076288092640986e-01,5.490103904100659404e-01,5.794769969340415328e-01,7.946345578909569385e-02,6.539330135916111564e-01,6.813986327820090727e-01,2.942664445930636141e-01,2.588306152278317396e-01,1.625309650939412917e-02,7.013706079235109137e-01,4.958903899328136466e-01,7.282331259364467346e-01,4.726895936756611016e-01,5.174719841376942409e-01
7.844935442401855807e-01,3.281413157815450399e-01,4.764287589056558359e-01,5.906128823510763404e-01,6.119995315603578012e-01,0.000000000000000000e+00,1.720077776505005707e-01,6.803503077078043582e-01,2.599752953177537629e-01,5.308324317871084830e-01,9.539969589935844985e-01,4.004688820587571363e-01,7.129196729672639954e-01,4.343549231040125247e-01,4.049779990693789244e-01,5.336591600153082204e-01,8.926526961682000882e-01,2.648061664410144012e-01,6.661690677032958696e-01,7.537240683620194392e-01,8.808266402803301975e-01,5.058157657801027884e-01,6.327781055383379094e-01,5.199494735111701571e-01,8.874703758267677989e-01,-2.274873208712772377e-01,7.607881645267777770e-01,4.772777125959721811e-01,3.664134822712011852e-01,8.415952316913499764e-03,4.213876965100362693e-01,4.270717402069172386e-01,9.155122146955722018e-01,9.468953739881068588e-01,5.084560855265972679e-01,3.632571158386476151e-01,3.148779399838078086e-01,7.198022337320233444e-01,5.965922579503741829e-01,8.468489727818903079e-01,4.371193250398782704e-01,7.709385255829956929e-01,3.574169440948770093e-01,5.728897064032921760e-01,4.918707016777980057e-01,8.942368484221673297e-01,5.157750683304203054e-01,8.653365867107188913e-01,7.238918373725099498e-01,4.045077019595060830e-01,3.457848003170670981e-01,2.382148315767975977e-01,8.809001933875190149e-01,8.196206922664249772e-01,5.706287049680111023e-01,9.169615122771352933e-01,4.536298526985160229e-01,3.719020882302001008e-01,9.766641250228742521e-01,3.657244710252974818e-01,2.121239456020528324e-01,5.728587473789585882e-01,8.375100192692411794e-01,6.498710873695019430e-01,8.062325019361940015e-01,5.509136316718141746e-01,8.273328719829491362e-01,9.434197237718902063e-01,4.609509528338006090e-01,4.080458489173645065e-01,9.941358931731419935e-01,6.904874181904931962e-01,2.762103323703881883e-02,6.250199624226738804e-01,5.319976115276608963e-01,6.517347772089938651e-01,4.426543241599305012e-01,1.716493360693733261e-01,3.835232477707595233e-01,2.317016628489128871e-01,7.793842283759941925e-01,9.161704776353456481e-01,6.990978325163725859e-01,6.528701793564311018e-01,6.461162911963299615e-01
7.224916594557299065e-01,7.558282915341086872e-01,8.146123203224790998e-01,2.546421016542254057e-01,7.322760688004059659e-01,1.720077776505005707e-01,0.000000000000000000e+00,7.865943203236762660e-01,4.120435561471891273e-01,7.249993314390530408e-01,6.299392469889052437e-01,6.290584501563734054e-01,3.735067911675694075e-01,4.389510294893948505e-01,6.483228488717799332e-01,2.521742129997263104e-01,7.935875138576640175e-01,5.004307563696201999e-01,2.032655653791973216e-01,6.839325901305519650e-01,8.485653164181407027e-01,6.080628219989347993e-01,4.300696318484750202e-01,9.191131006985916452e-01,6.896506279014721352e-01,7.672220862805719799e-01,5.118172228071318219e-01,6.796663052903263447e-01,4.340070752789818020e-01,1.509125934511325595e-01,6.199736177996354458e-01,3.870883219120714869e-01,6.843425624272128083e-01,6.238898150538153553e-01,2.291792864330128299e-01,9.778424195806743879e-02,2.428998327428039949e-01,8.578324174425067117e-02,8.683394136435010902e-01,6.207355652914637867e-01,4.797450781488832305e-01,4.719963998273481454e-01,6.523939785646701850e-01,2.279377038190100735e-01,7.626635028471029365e-01,4.261144492466869549e-01,4.267363226640159823e-02,2.254761430086373308e-01,4.890719834305395364e-01,6.226257108369277482e-01,4.209261250189156867e-01,5.785946368531165174e-01,4.652463940845301127e-01,9.177470941989042119e-01,8.066248177197471447e-01,2.425463042417465576e-01,7.783411111013271988e-01,2.422869166702042443e-01,8.626447367152122458e-01,7.386447752661309818e-02,2.683117067255698096e-01,6.051980906263231264e-01,7.598470744030414448e-01,4.772659871081780247e-01,5.780337768891704586e-01,4.116128416305475102e-01,6.758378128179823863e-01,9.235587709616599472e-02,4.621920413138045358e-01,3.681389807581341156e-01,7.302818399951573891e-01,2.590461600462963809e-01,3.253666588378424374e-01,5.188134638768653328e-01,4.505556162501391237e-01,2.449756510107463092e-01,1.078342441651780614e-02,5.209496264024661150e-01,2.992086733778736574e-01,5.518780970834764599e-01,6.839663280719718852e-01,7.558360878026140206e-01,6.856613311443784387e-01,7.328702051178543897e-01,7.014153313566204861e-01
9.708202118827417015e-01,3.906246738327510126e-01,9.142069370510639281e-01,3.252078301861194287e-01,3.509897870452167723e-01,6.803503077078043582e-01,7.865943203236762660e-01,0.000000000000000000e+00,3.300017244359074731e-01,5.352435135117780129e-01,4.255745835512471098e-01,7.135806756740780132e-01,6.033541332345306873e-01,3.456631155290364188e-02,7.735509781511177296e-01,5.240593962489248359e-01,8.755981401753067939e-01,5.051451789624435973e-01,9.041189612495948991e-01,6.458192697759510548e-01,7.037845958297900273e-01,1.719685285459065238e-01,4.428664492142173614e-01,8.950417948938195201e-01,2.678292875553250907e-01,5.970914046660732444e-01,9.582122069153881094e-01,9.065823782901600847e-01,7.076288363164666695e-01,2.998618478809503829e-01,1.911877082578079534e-01,4.505208683458343244e-01,3.161786960035647964e-01,6.995183649865452935e-01,4.880918560369116865e-01,4.072405859159636821e-01,6.527039221449500994e-01,9.482848783134504300e-01,8.694188161825328054e-01,7.112412848373935725e-01,5.684013928540191385e-01,2.356876476305917734e-01,8.081106199470444729e-01,3.561598098449263450e-01,9.735590607309142497e-01,3.490787385454359182e-01,1.544931618409672858e-01,1.402604707038388188e-01,5.220109694293300073e-01,5.837970276869063335e-01,5.226005310373955659e-01,4.060483724155347085e-01,6.945571729152980600e-01,2.094695537223160708e-01,5.286133774581169842e-01,5.635337652898937399e-01,3.783973397884555778e-01,7.752409010241273490e-01,3.327279819575333919e-01,5.108564413354292899e-01,2.528589830170273681e-02,5.788600422910652465e-01,6.685978885654797477e-01,6.732249428958384518e-01,4.295795906522708041e-01,-1.036922234704238804e-01,6.876575981355167455e-01,4.146994846015869540e-01,5.366092364259025249e-01,4.261758054326686973e-01,7.231140067831798302e-01,7.521370825108992797e-01,2.921865244238797121e-02,4.074004285264710701e-01,1.435156147988800590e-01,3.019185599053478830e-01,6.403077933237835140e-01,1.922983457349525804e-01,4.851712402135744950e-01,4.594213459532153765e-01,2.453812323231127634e-01,6.445100579068487878e-01,7.851064121347551827e-01,7.715379462828915180e-01,6.418064451943735760e-01
5.465126438149390253e-01,4.377546154914701559e-01,7.657288923838426742e-01,8.860669509203433769e-01,3.773345433548608296e-01,2.599752953177537629e-01,4.120435561471891273e-01,3.300017244359074731e-01,0.000000000000000000e+00,5.177525195800795066e-01,2.781856844456433997e-01,4.755893995286302189e-01,6.947418046911424394e-01,8.484029732176892047e-01,1.710981756061851281e-02,5.587368673138617403e-01,2.932166670939042041e-01,3.601572927987580774e-01,3.538046057074475392e-01,7.684343762524434851e-01,7.626012150221214148e-01,2.284887799458191759e-01,7.131990821193233687e-01,1.344915029609901336e-01,-1.038256455549713270e-01,3.419437287501053691e-01,7.049576364434987363e-01,4.052250636565810082e-01,9.586125989125235947e-01,1.991204197695796152e-01,1.858458401050099296e-01,2.868520634064807284e-01,2.722538337549906817e-01,6.367328297175985918e-01,4.904590923105560663e-01,1.068703949442409568e-01,-8.357011507830708341e-02,2.368943603845772850e-01,9.209406649487134056e-01,9.032066518661232557e-01,3.178226846130625671e-01,1.347025729504353619e-01,6.885812857397353159e-01,2.933752672693986652e-01,5.296593641151624565e-01,7.595569806980930760e-01,2.514277887846824711e-01,8.982409093610586037e-01,8.239242153524181100e-01,6.629083131613684454e-01,6.535321906177729012e-01,2.201476908314850822e-01,4.904513177484161601e-01,5.031581054752349846e-01,6.933363691382308236e-01,9.404211466177920808e-01,4.454402507836461855e-01,7.654352823875747447e-01,6.567507230146760744e-01,8.005821861240620951e-02,4.221027067353095297e-01,1.652538346482265719e-01,7.350380545694823464e-01,8.187279577232228212e-01,8.276335653684738780e-01,2.013957900187438033e-01,7.667257178979842713e-01,7.944055159908390840e-01,1.083551070936526056e-02,4.586113597371135331e-01,7.795256505442920147e-01,2.046601582980985268e-01,4.079349921805595081e-01,3.105848226714406635e-01,7.029672034045743034e-01,8.540073655074063019e-01,5.463227276040210079e-01,7.218093763195563284e-01,2.643228964583983487e-01,1.338363840938109894e-01,1.807256437926914039e-01,4.005286907462971557e-01,5.377803833507283082e-01,4.260944968933215726e-01,7.795197078763795862e-01
6.587533699162168022e-01,6.072903334437820266e-01,6.659786212008512729e-01,8.980383030624192742e-01,5.843996403277134100e-01,5.308324317871084830e-01,7.249993314390530408e-01,5.352435135117780129e-01,5.177525195800795066e-01,0.000000000000000000e+00,7.445060446089023232e-02,3.073515966706610314e-01,5.152319720507101408e-01,9.484922448197883327e-01,6.072259300133635573e-01,1.757195116742327310e-04,7.781423676801401124e-01,8.219827901959810834e-01,6.408782247087138062e-01,4.779024435142369409e-01,6.672174874680993906e-01,6.372620026379715030e-01,7.671798846011933515e-01,9.497895470079178448e-01,4.199153239129108650e-01,9.888812986431393393e-01,6.875273788727951363e-01,5.075608306211383536e-02,4.242192629153805905e-01,8.037704047880211977e-01,3.530811483235364867e-01,4.650381020303964164e-01,6.149544786997580559e-01,7.894936072980887065e-01,6.209872253501927952e-01,-3.910657868585719621e-01,5.303742005883552713e-01,5.968579639863464958e-01,2.232123905457052415e-01,7.950819814616496561e-01,3.982893998444854422e-02,3.449142647234315628e-01,6.182121208780514410e-01,6.009689089383322136e-01,6.109238680655589837e-01,7.395922517733368728e-01,1.469824592332485969e-01,7.736883361025176375e-01,7.183471846252807991e-01,-1.681906340089770469e-01,5.648491371245962789e-01,8.018824695976621841e-01,8.435304806810186573e-01,2.403979479483511761e-01,9.566397957851817679e-01,2.353702086237715319e-01,7.195416020546536728e-01,3.884555671081720840e-01,4.937308868460502653e-01,5.999511117019519224e-01,3.564308904327017080e-01,2.437892717638155404e-01,2.859132366534390957e-01,5.536173043137709859e-01,6.109757731568681294e-01,4.578446924256791006e-01,4.142821871621330532e-01,8.135898321523222787e-01,5.205997972921514449e-01,6.501629207806421951e-01,9.436364713040450436e-01,7.549323352569554668e-01,4.749722873118878419e-01,6.297640970078796085e-01,1.237651557787355777e-01,1.720169717836344050e-02,7.671496861899529396e-01,7.266094988261251331e-01,3.501731013592961350e-01,7.961172810552644696e-01,6.300432113470932904e-01,3.086258901229025353e-01,4.489501079002138906e-01,5.876957272348147798e-01,2.026235830746563882e-01
6.235639201418062827e-01,7.259562808034948356e-01,8.104764571768550141e-01,4.919905416127519637e-01,7.648147048913480628e-01,9.539969589935844985e-01,6.299392469889052437e-01,4.255745835512471098e-01,2.781856844456433997e-01,7.445060446089023232e-02,0.000000000000000000e+00,7.685246700458000513e-01,9.665995011097637812e-01,9.622103788110550893e-01,4.231447975627666835e-01,8.207992378367584552e-01,7.095163028946559480e-01,7.788795182915622117e-01,6.850594719620145545e-01,7.792218286375727221e-01,7.623691211771090881e-01,4.776443633846573222e-01,6.522802674404001300e-01,7.942378603623262423e-01,3.847498307304834109e-01,1.491742522647952207e-01,7.874960231957059964e-01,5.350905070498377381e-01,2.863633634213121337e-01,2.507132098734496384e-01,5.273944083695724094e-01,7.268601927326251433e-01,3.088052381550165926e-01,6.940907444327633069e-01,5.439105117530931288e-01,4.316963914171577099e-01,2.917578011191933607e-01,7.313982324008572178e-01,7.125170297477209091e-01,4.040484758849782199e-01,4.739170848520127266e-01,4.765289744723447130e-01,7.698002907777343751e-01,2.125394067473656279e-01,4.917025296110220101e-01,3.944973713114353631e-01,5.552125732144648218e-01,6.488688479752287019e-01,3.986289034181600410e-01,5.439925905676692985e-02,6.438789971030003390e-01,7.689755867082509466e-01,5.986870817045828463e-01,7.079390112958495740e-01,5.419845752424079510e-01,9.527790880720145017e-01,6.656317381476947181e-01,1.933236672767048581e-01,5.546702849752254139e-01,6.731566756307820754e-01,7.447742672727792890e-01,5.048555262324593285e-01,6.271780943092993832e-01,2.285270075646542720e-01,2.965460261586281288e-01,7.714286453619847439e-01,6.843703568857981701e-01,6.446770532020394961e-01,9.723090219042558602e-02,9.166079021468176435e-01,2.536746991309438704e-01,6.856154904469143885e-01,4.949377027647045568e-01,5.991632809448449448e-01,8.330135033358135876e-01,4.765213012258603942e-01,7.397559087191040161e-01,3.048643748037382917e-01,5.927223314470544402e-01,3.575886681034137204e-01,5.001998044309597935e-01,8.996276731410095540e-01,2.216084397563414243e-01,6.821111839642532981e-01,7.306566848115232382e-01
2.414024618779497255e-01,5.452282867052984372e-01,8.849115336005856092e-01,4.796905453773036010e-01,9.450587128934609948e-01,4.004688820587571363e-01,6.290584501563734054e-01,7.135806756740780132e-01,4.755893995286302189e-01,3.073515966706610314e-01,7.685246700458000513e-01,0.000000000000000000e+00,4.884199152224672491e-01,6.103986325041814709e-01,2.843404087841729377e-01,9.416865105198825026e-01,9.187969811920653207e-01,3.782249503114381572e-01,7.620327282213592568e-01,8.214416814802054656e-01,8.015650528370215078e-01,2.317075990482329317e-01,3.688187400907149138e-01,2.615505829127861559e-01,2.584836809397015323e-01,5.095834128556081533e-01,9.295791005165592313e-01,5.920064323645302107e-01,3.869246247033204522e-01,2.939107536408243626e-01,1.989618195960488334e-01,6.322393779214922072e-01,7.191714281140397791e-01,4.149029293883091940e-01,1.426352759321280472e-01,2.674187775903072439e-01,8.105195471160842047e-02,5.310001423231740514e-01,7.490833573047623872e-01,6.037046673339887537e-01,3.068889464484818655e-02,6.638189497741964207e-01,4.620185694804010423e-01,5.361746848780899466e-01,8.736696893177676726e-01,2.098568047809319104e-01,5.932947404287575166e-01,4.646294875485555420e-01,2.428844922447618015e-01,6.937666353920826090e-01,5.555550185531358265e-01,9.302300595057957366e-01,6.227126112580334549e-01,5.536014151144981188e-01,8.135283376562458812e-01,7.454992152175711206e-01,7.803122626093783598e-01,7.462852205440161368e-01,9.643522554027894600e-01,5.786386093249620277e-01,6.346060494875365166e-01,5.152080326885315475e-01,4.240982472631290023e-01,6.400782423025979107e-01,7.929618893195418128e-01,3.980973482385188889e-01,5.948958480008277316e-01,7.712995032888803060e-01,2.007690589756436494e-01,6.997428931349521930e-01,8.529431520427919189e-01,6.220901244328544966e-01,5.483127875391407002e-01,4.309914274847811422e-01,6.235743305809319237e-01,6.745715839683630310e-01,9.071410247631637169e-01,5.755342086209289665e-01,3.165269497306084645e-01,7.943796876218230940e-01,3.872298301983472246e-01,5.818684455949493239e-01,6.478990726443746295e-01,7.119694726340662916e-01,7.889653286013644795e-01
9.195620880644103101e-01,4.155011960101077095e-01,5.637344692932235724e-01,8.345913742994739426e-01,8.436794132315337258e-01,7.129196729672639954e-01,3.735067911675694075e-01,6.033541332345306873e-01,6.947418046911424394e-01,5.152319720507101408e-01,9.665995011097637812e-01,4.884199152224672491e-01,0.000000000000000000e+00,2.119850202255706972e-01,6.723093587022863638e-01,6.521367262801787135e-01,7.787489723067769765e-01,7.382810442946763363e-01,7.413601609567133099e-01,6.982914087829124039e-01,4.540345258141356144e-01,7.923919350868344758e-01,9.184624659466723573e-01,8.131291586364921553e-01,7.313011824300434949e-01,4.775636346116884368e-01,5.573644043461082331e-01,5.047358664082830515e-01,9.238777017730515073e-01,6.788433817229186928e-01,6.829510083838059575e-01,-5.011319630641722367e-02,6.333305962167280478e-01,6.843303740198012353e-01,9.224850444205531241e-01,-1.717878627724059026e-01,1.696902788085410951e-01,7.044560193879781940e-01,8.572694321958935770e-01,1.342869333042506774e-02,2.227803913664532232e-01,8.661672017991117745e-01,6.105257760396460842e-01,8.482723232944541225e-01,8.792483441531384614e-01,7.272485533425943061e-01,6.639882082832376797e-01,9.092294781271920145e-01,8.036903555161466484e-01,6.815879091376891852e-01,6.725676926726327498e-02,9.344513369950487869e-01,7.084884021404987964e-01,4.517440144460456164e-01,7.149290627035086443e-01,2.228932026122068533e-01,7.461810345380487375e-01,8.619289443891071656e-01,9.677490342538869195e-01,2.070709077414031318e-01,5.568589204815052041e-01,6.950375821799620324e-01,9.004865400298726064e-01,5.361267258957663762e-01,6.742379269000650099e-01,7.654842763613549650e-01,4.850362557794481999e-01,6.124053175948132033e-01,4.226939732631585511e-01,6.895777274934175027e-01,9.652793993462237543e-01,4.459967417952843682e-01,3.956275013747659886e-01,5.271512473030854906e-01,3.055441774872970084e-01,8.692572807309630889e-01,9.219070114707730301e-01,9.491089839180597565e-01,3.097510549281408399e-02,3.469431334296416147e-01,4.263130943112156679e-01,7.222374018316165545e-01,5.690021682752093302e-01,3.619837990988575838e-01,6.697077449227560875e-01
2.602149353740235149e-01,3.108028456545419704e-02,8.540586247334260861e-01,7.799380706860411516e-01,5.087489101305648909e-01,4.343549231040125247e-01,4.389510294893948505e-01,3.456631155290364188e-02,8.484029732176892047e-01,9.484922448197883327e-01,9.622103788110550893e-01,6.103986325041814709e-01,2.119850202255706972e-01,0.000000000000000000e+00,8.638402586706821484e-01,7.956139574005722803e-01,3.150669861436071195e-01,9.714843827698905754e-01,6.502343505527984346e-01,6.255788380885075606e-01,4.426973951344795322e-01,8.805435618352781546e-01,8.522176147852360550e-01,6.645716072399827645e-01,5.471180923799031648e-01,8.154361643478729160e-01,6.911343413949981862e-01,4.203576045831060592e-01,9.371006007551327954e-01,4.214761145977574675e-01,3.706856218439727457e-01,4.105327003749784653e-01,2.487807159790168532e-01,8.295238582222212997e-01,7.200800972438424763e-01,3.669587321821453640e-01,4.505640953524268633e-01,6.210683902564052561e-01,5.220515019794682576e-01,4.327783795323081328e-01,4.229723371098123019e-01,6.554279693940769924e-01,6.665096007431574598e-01,6.622509225339834327e-01,5.796696580815259292e-01,4.364451534454411030e-01,7.682439527974489479e-01,3.710068717900087965e-01,6.721491966119597095e-01,7.050637730196680497e-01,4.461878992481317918e-01,4.895708567000609523e-01,6.489280846679711390e-01,2.365518651396640026e-01,2.051518126618148696e-01,8.440171441918772333e-01,4.832663098850213945e-01,7.051638040693920528e-01,7.774929515844903882e-01,5.601300030637049732e-01,2.007201075731138151e-01,7.893383273223050223e-01,9.155574194501955310e-01,2.367313685375611043e-01,8.867645782716833125e-01,9.297360564707249919e-01,8.899287558390119868e-01,9.999773389349175812e-01,4.991170056430083157e-01,5.157014490285157793e-01,9.305329566480113890e-01,4.925097282824164591e-01,3.318760707375285612e-01,2.940614649878810494e-01,7.257491700987058758e-01,7.210254537310294420e-01,6.504270616437495267e-01,4.892918069639894951e-01,-1.484479045836710476e-01,2.163415235430482531e-01,8.350819726522547004e-01,8.032042525522556931e-01,4.587024989656923735e-01,1.691274203455860325e-01,6.100350689835428719e-01
9.101901263862604008e-01,6.028644771780145017e-01,7.095656105641907629e-01,8.425939941517526233e-01,8.618741388007908899e-01,4.049779990693789244e-01,6.483228488717799332e-01,7.735509781511177296e-01,1.710981756061851281e-02,6.072259300133635573e-01,4.231447975627666835e-01,2.843404087841729377e-01,6.723093587022863638e-01,8.638402586706821484e-01,0.000000000000000000e+00,6.923237565871407373e-01,7.330874675357392789e-01,6.022483380311408618e-01,3.115589797926666127e-01,7.422958810038380317e-01,7.993132295976003165e-01,4.493999585572523991e-01,8.591966343914246851e-01,9.563684968594116098e-01,2.065655305048517965e-01,7.314799683606613145e-01,4.260891828291709649e-01,3.801231357791725607e-01,4.833363324029009700e-01,4.244214955983807158e-01,3.915160146677143516e-01,5.080791585892870943e-01,5.004347186367701372e-01,4.682968778613619820e-01,4.184186233945165201e-01,-8.808603806615301901e-02,2.658429728699773786e-01,7.269543190496847718e-01,7.743607790592734741e-01,8.597534463268469151e-01,3.253491559939056810e-01,6.604159635954712781e-01,5.872891893070001368e-01,4.165017176833910040e-01,8.872722443046238139e-01,6.487272930943202010e-01,8.396265683625918630e-01,4.431937885947677680e-01,4.658547213592328928e-01,6.908592839567551103e-01,3.908885260491694602e-01,9.467576409508292601e-01,7.205645448409860876e-01,4.273959781619462439e-01,9.278830785244380763e-01,2.832249743126717956e-01,4.722782994064942397e-01,6.373547483096237976e-01,8.140804944511199626e-01,3.538094808139654046e-01,6.506543490141615260e-01,7.198083932055266976e-01,6.242959682192544824e-01,5.536861208180297034e-01,5.698410275699792304e-01,6.909574994669789305e-01,-1.517783958387825538e-01,6.717778358026421648e-01,6.651844545995084790e-01,3.435902744858734259e-01,8.852154157115793565e-01,3.713960331737820031e-01,1.843278072327529937e-01,3.703668977998399447e-01,7.629043096750953712e-01,9.634487054825954244e-01,6.771300671457937126e-01,3.097822267697478704e-01,5.219585612859146684e-01,7.489785256534096103e-01,4.496282499146387335e-01,7.347900744250198679e-01,7.686214714539251203e-01,7.228432429131553816e-01,6.719144437407221782e-01
2.807058449790534871e-01,8.082846056247785516e-01,7.694748961765409678e-01,9.024683516461274868e-01,3.972699780289715710e-01,5.336591600153082204e-01,2.521742129997263104e-01,5.240593962489248359e-01,5.587368673138617403e-01,1.757195116742327310e-04,8.207992378367584552e-01,9.416865105198825026e-01,6.521367262801787135e-01,7.956139574005722803e-01,6.923237565871407373e-01,0.000000000000000000e+00,4.104753410945378711e-01,6.222813057677371029e-01,8.888449055347918959e-01,8.183652161719889850e-01,8.039296719824663429e-01,4.716716376754531703e-01,4.368868194857102871e-01,9.221891014535967823e-01,4.824587788449382630e-01,7.236323502753398973e-01,4.533004011385620147e-01,-1.746950686994517832e-01,2.664448536331305295e-01,2.758660396213166721e-01,1.591781807351679845e-01,5.025472133467918656e-01,7.250183572333923632e-01,-9.853849938054909385e-03,5.441847047048034014e-01,1.025525196609665540e-01,4.738320184644844724e-01,9.516149387666927861e-01,9.113408500140165458e-01,6.961989288597564274e-01,1.169075703441525005e-01,6.634956871475032880e-01,7.791306025803688140e-01,1.270716061927114615e-01,8.274979260363773959e-01,7.966596937686645230e-01,7.980566789054435173e-01,6.040018073342838800e-01,7.449002488604294925e-01,4.309730512250076750e-01,5.680975658937112982e-01,5.168974609945728993e-01,2.308963323626661845e-01,6.758070019266254613e-01,8.959881601522633465e-01,6.334455504474773013e-01,7.291792318497094527e-01,7.607601920661906103e-01,7.262249533332433282e-01,4.207030936457603620e-01,5.851320321829700521e-01,4.154063797659353074e-01,7.944361472139052083e-01,6.104449459816484458e-01,7.285190234787517483e-01,7.025091825892006980e-01,3.807774887319125279e-01,8.612568895724559415e-01,5.932537736375053106e-01,1.749250427425264598e-01,6.266172431893123340e-01,7.501335515913741814e-01,3.861242003851793614e-01,2.257342130869410823e-01,8.003131589397584067e-01,4.165893061964480726e-01,4.399344813888176331e-01,5.720530537417716221e-01,7.695412824541342234e-01,6.881956186489223137e-01,8.147949143889794688e-02,7.871862599504967362e-01,4.075234595441221686e-01,-7.027234444917820899e-02,6.129849151471270519e-01
6.409037038701184130e-01,7.715139155336615540e-01,7.073050614785509893e-01,6.133594793717557225e-01,6.494327225234728385e-01,8.926526961682000882e-01,7.935875138576640175e-01,8.755981401753067939e-01,2.932166670939042041e-01,7.781423676801401124e-01,7.095163028946559480e-01,9.187969811920653207e-01,7.787489723067769765e-01,3.150669861436071195e-01,7.330874675357392789e-01,4.104753410945378711e-01,0.000000000000000000e+00,6.908239574536313432e-01,7.831435574889649143e-01,6.345083310027211931e-01,6.792231119091949321e-01,6.600412334727767671e-01,2.121213883309365222e-01,7.964398594066270931e-01,7.235615534837802620e-01,7.411786843474577058e-01,9.646758877191590198e-01,7.128050965717671605e-01,6.961523080369926841e-01,7.091766002483020914e-01,2.411884068465371400e-01,7.544912773378806836e-01,5.529343764303170650e-01,9.365998724769845074e-01,2.103703753741031635e-01,4.063991580769960033e-01,2.366835158582104859e-01,4.586623715564497328e-01,9.789247140448378293e-01,6.784433717135243125e-01,5.442360470846443476e-01,6.881882179486684681e-01,6.014970506021796171e-01,7.421530015455057860e-01,7.256233792893201917e-01,8.439985225119814860e-01,5.372616020013026850e-01,6.402520431362643816e-01,7.833939536816785232e-01,8.307806913862136877e-01,8.316581502760157507e-01,5.323300370611611099e-01,6.516539644440999535e-01,4.566602899170078556e-01,8.442851966493015725e-01,2.841155191242412670e-01,6.895284135069127407e-01,9.315253497650360925e-01,4.605564547617468363e-01,9.076189653902770882e-01,5.883243348291173902e-01,6.111800168972483238e-01,8.899929020134260682e-01,8.498098824372501969e-01,8.077388640895176719e-01,7.596866372344540652e-01,6.445084012725585954e-01,9.067973587173768779e-01,5.397097438662525892e-01,9.644146199408467623e-01,7.619871708026207946e-01,5.990886591824760021e-01,9.789794366131630010e-01,8.364515795007494703e-02,7.943383339914262820e-01,3.948049191037462102e-01,5.806853665502047512e-01,6.769418675612848268e-01,2.359168917680184996e-01,1.196205449282081584e-01,8.100705326268813344e-01,6.627845675118971824e-01,6.977171268414089633e-01,4.026007514748363159e-01,-7.498597054840552834e-02
9.705287788717124053e-01,6.404898484333424458e-01,4.565683746061607318e-01,8.651584891774817265e-01,5.323425100959986445e-01,2.648061664410144012e-01,5.004307563696201999e-01,5.051451789624435973e-01,3.601572927987580774e-01,8.219827901959810834e-01,7.788795182915622117e-01,3.782249503114381572e-01,7.382810442946763363e-01,9.714843827698905754e-01,6.022483380311408618e-01,6.222813057677371029e-01,6.908239574536313432e-01,0.000000000000000000e+00,5.416236584604298132e-01,4.056668850977925844e-01,7.791841621046333710e-01,4.783782765549372540e-01,5.494248685453559933e-01,7.064775392541391419e-01,2.129667755582844157e-01,6.554634401938945754e-01,6.732455272503401478e-01,7.526620825285991190e-01,7.943868529988139249e-02,3.692705691728001560e-01,-9.948115159708441346e-02,3.557960485961564334e-01,4.359869838866891056e-01,3.894314518327657848e-01,7.690947205872775694e-01,3.570206379589724310e-01,4.323175488991173876e-01,3.239519977063778922e-01,7.759121735789991092e-01,8.930619265130771423e-01,1.818430169817253361e-01,5.841483079853601046e-01,5.877883271223434125e-01,6.513347857732075807e-01,6.605397503567318473e-01,6.339527478184410203e-01,8.852507998541917500e-01,2.384452696148224929e-02,5.009316477982214133e-01,3.005774737462384438e-01,7.791708790931002326e-01,7.018890779703486071e-01,9.170056581646225391e-01,6.191049704189378611e-01,7.868122651711357829e-01,6.390768382646963008e-01,7.330087956439426122e-01,8.188052127892198051e-01,-3.461127923030794529e-01,1.545296991289264454e-01,2.206646074827005588e-01,7.385786641525557972e-01,3.183649275542593804e-01,6.712030521903952218e-01,5.771803849817180865e-01,7.332043615664101122e-01,9.895037506847043085e-01,6.451039270157251648e-01,3.262519217664116011e-01,9.470450493796600533e-01,4.717425503791190800e-02,5.696663603109715091e-01,4.092187007583928393e-01,4.288002458635707947e-01,8.740147754703031513e-01,5.768503359531219621e-01,9.337181518191070007e-01,1.596285872284368690e-01,2.839396265395682795e-01,5.798457539733158361e-01,3.369054262924836562e-01,5.539886679011951642e-01,8.067606834273600702e-01,4.533050169121733974e-01,6.784272177718577712e-01
