0.000000000000000000e+00,6.147178876346433007e-01,8.701162701338894800e-01,7.388996659979897297e-01,6.121715506824437769e-01,9.570384182172472221e-01,9.323567917728972088e-01,6.429396241307183679e-01,8.270922499877203515e-01,8.698647724996507735e-01,4.261597671426234912e-01,4.360453074643095284e-01,7.994949806255863267e-01,1.817350496471761001e-01,9.197783029421936485e-01,6.833249282028142080e-01,5.950758985707619297e-01,8.016944553451575972e-01,6.739687573578844182e-01,4.088731531711510825e-01,7.854199605617562252e-01,6.219176433187539876e-01,5.900236818980841846e-01,9.726466017617649840e-01,2.679419888325391685e-01,6.334556763898008258e-01,7.057536614799321262e-01,9.882686436265778473e-01,3.832919460902360909e-01,8.211757524311971701e-02,2.087795289938451648e-01,6.655614070020648976e-01,3.626244820904804822e-01,2.845916407356386402e-01,2.866507956298665061e-01,3.697823224116401075e-01,2.557830642175347169e-01,9.773921760325914310e-01,6.558755635439510456e-01,6.467642666117483508e-01,2.089797798279264263e-01,6.344370281403718392e-01,8.330600003844389478e-01,3.399250528723004594e-01,9.827794656143895580e-01,3.480298755678822853e-01,7.116891317809532769e-01,4.902233206368693530e-01,4.009808284214990137e-01,4.969648180710345420e-01,3.598588367021285928e-01,7.969396099149748114e-01,8.320894826630897967e-01,9.184067120245491544e-01,6.814860891065813719e-01,5.093535950622078978e-01,7.993955872956354236e-01,8.028677374910028197e-01,6.300156549376506598e-01,7.602262763798997014e-01,4.810944077480897585e-01,7.321255231300163313e-01,4.775537393370805073e-01,9.896014907357362222e-01,9.836528533898490911e-01,3.255297768182306983e-01,4.473846880836757078e-01,7.728680221901307323e-01,5.772887020431270999e-01,6.761864285215228865e-01,8.484214956523598028e-01,7.892078125897747931e-01,4.524599463200066896e-01,3.875184416025468925e-01,3.597016518363970183e-01,4.655092789359674410e-01,4.486345284947568235e-01,7.555608777869194936e-01,4.827875553831791899e-01,3.659146636218269313e-03,2.413899316461959044e-01,6.825987616882593922e-01,7.925643993078819172e-01,3.627536365153330999e-01,7.053071228555617411e-01
6.147178876346433007e-01,0.000000000000000000e+00,6.500085985044931070e-01,7.468431911141972801e-01,9.145875429288892189e-01,8.526693664199709310e-01,4.701148398949906437e-01,3.251022525227045823e-01,6.304683161844136796e-01,3.104397349249871096e-01,8.169479982345411173e-01,4.377974479506317046e-02,4.697487372479848822e-01,7.893284406848100065e-01,7.836532896361457778e-01,8.770041466903337746e-01,6.874621232237686508e-01,7.730594707140712174e-01,7.484072244254460493e-01,9.000963257439713594e-01,6.719110696188895782e-01,7.647942833197901580e-01,6.806589740875319539e-01,6.939333914496921274e-01,7.417403669495429286e-01,2.469777561208173211e-01,4.992249818266555894e-01,7.366564549614831314e-01,2.055175219139874498e-01,3.084830671728875928e-01,3.772109701467706300e-01,8.120293540935152876e-01,4.884517215870834428e-01,8.709037960904418840e-01,6.679931877563338727e-01,1.363591437972950515e-01,4.506741785935090561e-01,4.813949119745284944e-01,6.002825615350121380e-01,7.245700895291794508e-01,1.401988917720944083e-01,4.402920233165963371e-01,8.927483444476655983e-01,1.261192282646186602e-01,5.653246947323000704e-01,6.217052331224938166e-01,6.295797760908967700e-01,4.140444288577622700e-01,2.548762264690170309e-01,5.195367201434357707e-01,-3.788107259508711744e-01,8.953461827007458407e-01,2.887811493705377819e-01,1.362007462072451769e-01,9.580211780743363992e-01,7.339674198518393311e-01,6.873624757406547880e-01,4.614308361942799919e-01,8.316888099809973678e-01,2.575789479465385723e-01,4.485263722665323582e-01,9.194987721467903219e-01,7.052932157380110700e-01,6.639949227881936089e-01,1.836118120328629200e-01,2.837192461521943487e-01,6.875904778204682266e-01,8.426192442103910274e-01,1.298998514390749537e-01,8.743450810418017527e-01,8.067572374078065822e-01,5.849632468064661084e-02,1.474464172631369807e-01,1.001212897899614318e-01,4.176042956687837648e-01,5.962351964074763533e-01,4.743528281612173214e-01,5.469634323928893593e-01,3.981092465657960489e-01,5.811173479384789120e-01,6.284475137206911866e-01,9.796054805489375905e-01,5.155124199270867402e-01,6.253293342529931964e-01,5.613808850948953655e-01
8.701162701338894800e-01,6.500085985044931070e-01,0.000000000000000000e+00,9.212857439916147806e-01,9.376306055872167811e-01,6.518330307151197767e-01,6.692464162004017059e-01,4.926611038353585492e-01,9.616751114664228162e-01,6.769317147176144855e-01,7.229734839784347500e-01,6.689907263422198991e-01,5.635288749658512453e-01,9.647027107937401480e-01,8.207738026264828068e-01,7.705107966595843294e-01,9.743481990872635556e-01,9.745829969891532940e-01,6.699714840123088821e-01,7.737304658307272431e-01,5.572700569471891185e-01,4.643007479344007371e-01,9.620640594670112344e-01,9.770462717372312422e-01,7.498234723468486518e-01,9.308233778627996724e-01,9.095030490731071948e-01,8.136201668579839952e-01,1.807723682197118487e-01,5.326380819205300821e-01,4.152537447396799086e-01,9.750583482836492344e-01,7.991696314097729986e-03,7.756629528637275506e-01,7.696819393037898083e-01,2.081279268983315389e-01,2.336131574688035673e-01,5.377605336017776683e-01,7.232031062786989928e-01,9.117014083786098011e-01,2.782664137176966146e-01,6.552765531294535428e-01,9.105390709615217570e-01,5.329273535988166000e-01,9.533218592352163956e-01,9.913012563119754095e-01,7.715193254462782146e-01,5.573627789342839867e-01,7.884942403035337666e-01,4.009990028731982292e-01,5.341757363657165802e-01,5.691721734459266324e-01,7.065801776480949981e-01,7.502225582469044252e-01,5.801636284735351978e-01,7.055108791747093377e-01,8.094142613787470575e-01,6.943108862146111226e-01,7.881379596428388368e-01,4.839708888507453510e-01,5.459347167969043069e-01,6.493157758580586636e-01,6.227452172864585966e-01,8.031663751529056761e-01,3.188680796977387266e-01,7.791357417339127567e-01,7.540781170753561025e-01,8.018677833906197039e-01,3.526621300670464976e-01,7.806281440372851987e-01,9.277843033329697953e-01,6.526871278766482876e-01,3.994488843714929516e-01,2.155415572659898082e-01,6.845818463317060454e-01,6.568406699336554189e-01,4.530552623334366258e-01,6.267886215578659659e-01,5.581541482220060413e-01,5.611296673886276842e-01,5.667913351589379811e-01,8.013829031184757090e-01,2.111269974985723885e-01,9.359853201506784792e-01,4.077180428691347669e-01
7.388996659979897297e-01,7.468431911141972801e-01,9.212857439916147806e-01,0.000000000000000000e+00,8.372715827395349475e-01,9.000427328129709803e-01,7.459917610629618334e-01,5.079189916065189880e-01,7.845989899456417005e-01,7.505881274918342339e-01,4.489358955092645487e-01,5.210850863306550895e-01,7.547785453807039913e-01,8.744189659112178159e-01,7.927524739603231119e-01,7.319699125920827720e-01,7.145261448181140507e-01,4.254412676203372934e-01,5.768150012024441109e-01,9.541900624265006181e-01,4.607120181063762421e-01,7.060393836074886353e-01,3.587794375857542573e-01,8.357022437142354043e-01,3.420552263443876750e-01,8.619470125996354648e-01,8.537198599243804864e-01,5.624959583440616306e-01,5.673169290550574839e-01,2.320916224323968657e-01,8.750622489059256548e-02,4.877390118669076013e-01,5.586023519893486000e-01,8.385787839607150573e-01,8.095318823808039799e-01,4.910113016305289041e-02,4.123981422299244359e-01,-1.618783382793567982e-01,6.593213214077694451e-01,8.022488801973358674e-01,2.551094656781092707e-01,7.442048653991092388e-01,7.195866163760531453e-01,6.479484913409637725e-01,6.150063662611736648e-01,9.025682557006364792e-01,9.934719173460579977e-01,4.209144350225911824e-01,3.814292307980312047e-01,7.464995297040358802e-01,9.170388815452901188e-01,8.944235793891753827e-01,5.463444567704716093e-01,7.868946479218756895e-01,4.674618988985529411e-01,6.644956701465443150e-01,6.297090624749865917e-01,7.602321675098842046e-01,7.947897943329116366e-01,7.306997204369620746e-01,4.616483231149922095e-01,6.236984000755338986e-01,8.736309270027036167e-01,7.867084133823881720e-01,4.572796139401038018e-01,6.795659618706626492e-01,6.795695378336396031e-01,4.204926341121453248e-01,4.141669936898262905e-01,8.719185673816816085e-01,8.451950150284011087e-01,4.576451461470736892e-01,7.235662936662097533e-02,2.080832758615816791e-01,2.342159795489927032e-01,7.100218426954058026e-01,2.850896656876778512e-01,7.403179270684551172e-01,7.721701328767741623e-01,7.404913699646502590e-01,3.656805404944264426e-01,2.251146709677391278e-01,5.525929983816810775e-01,5.091956692931809414e-01,7.376455726388453371e-01
6.121715506824437769e-01,9.145875429288892189e-01,9.376306055872167811e-01,8.372715827395349475e-01,0.000000000000000000e+00,7.182422413177059761e-01,7.985249852810125670e-01,4.468778574937116721e-01,7.297568098737364783e-01,7.215612717041999247e-01,7.979919911417661105e-01,4.696881204479939065e-01,7.053722618774282971e-01,7.569188745086550263e-01,8.059226686280838159e-01,4.613898089317903795e-01,7.204865032225141741e-01,4.439000132444350655e-01,5.383641894736952427e-01,7.732216224069403676e-01,7.372903515409899855e-01,7.311741335620894899e-01,6.005030208921319224e-01,7.762008051240727458e-01,5.703974616698579414e-01,9.757044190271024764e-01,5.840311827604247608e-01,8.088933010840522186e-01,7.512738027632674953e-01,4.796824994297518852e-01,2.698928208400118156e-01,5.642845429052010253e-01,4.530001467645168589e-02,4.901169403240318023e-01,5.929128698737246017e-01,6.811322645933185482e-01,6.727319432490532769e-01,7.899058142775561286e-01,9.622333217496308322e-01,6.258146824009708231e-01,5.395725672357920555e-01,9.071109293371882876e-01,6.021036413086473527e-01,6.215645857974588795e-01,8.061674786408598026e-01,5.198823343623568682e-01,8.757692767073061990e-01,7.889745696731318425e-01,5.046879732374401906e-01,7.006991833844689044e-01,8.074451604643853031e-01,7.821607063150657346e-01,5.075172063685868817e-01,3.744840700143965417e-01,5.223193981175987544e-01,6.760112420205702799e-01,6.534667231556707812e-01,6.158183470118236968e-01,9.319384560855191735e-01,5.927964694623401032e-01,1.050981415224531701e-01,6.156680537523844254e-01,2.693720133885131318e-01,8.195347637013581377e-01,5.234801077227823063e-01,2.926172308676986966e-01,8.972751037572569421e-01,5.432061648155391831e-01,7.580057144235401445e-01,9.297604670143559957e-01,3.915327745297541018e-01,7.485363222707981379e-01,4.212516782096288881e-01,5.292342628925240655e-01,5.694268290421972134e-01,9.789501333948890105e-01,6.135256859295004084e-01,8.880193098423251330e-01,2.519856263960462694e-01,2.184461461711991737e-01,7.754705666331057623e-01,3.368047301965027551e-01,9.300431470901500131e-01,3.656710048798213208e-02,5.026090735541410837e-01
9.570384182172472221e-01,8.526693664199709310e-01,6.518330307151197767e-01,9.000427328129709803e-01,7.182422413177059761e-01,0.000000000000000000e+00,4.797368270639846277e-01,7.519207698288963293e-01,7.197714080592859665e-01,9.144370657214292430e-01,7.880783834477502747e-01,2.542791902576684304e-01,8.231560583818633425e-01,8.264338878294177348e-01,5.654372826630615911e-01,2.149086685374261840e-01,4.110875567583823220e-01,4.280382358929060160e-01,9.766333702559424346e-01,8.558839022094268945e-01,6.649086923193939791e-01,6.644066891328038738e-01,5.043057148161940173e-01,5.125842102219720919e-01,7.201845235809041235e-01,6.110894534879952600e-01,7.604074671365874671e-01,9.359020944957833210e-01,4.419154273411218803e-01,1.366024828379488187e-01,9.421652976680117142e-02,3.737615928558170042e-01,5.884467481912402098e-01,4.450664248116263377e-01,9.140904438029980872e-01,5.377217996355633245e-01,2.586731334863290321e-01,3.472407540454720554e-01,4.477176954284288746e-01,1.374986702234510805e-01,7.795378119057734534e-02,5.317384124500359466e-01,6.275853409246182624e-01,7.068242538537761188e-01,7.572463882708712068e-01,7.754407194461369057e-01,7.109692889455352383e-01,4.866985379289808789e-01,4.449652139762018122e-01,6.517195489993975466e-01,7.979950147837113761e-01,4.007762985009358792e-01,1.228520383905222849e-02,5.133365814787247405e-01,7.547719326166337783e-01,7.927304801138249646e-01,7.136223849079954551e-01,7.400820926059541449e-01,7.854940078487467892e-01,1.625758215733071887e-01,7.600797127204563797e-01,6.264695865983880285e-01,6.091457842540631135e-02,9.513612887630747972e-01,6.118420551178892497e-01,7.159023707490718147e-01,6.988271193919064483e-01,5.570518635692045528e-01,6.854858046283712758e-01,8.875330626384467791e-01,8.929915716533641801e-01,7.618904633753498246e-01,4.531063658720759224e-01,5.293156359940089928e-01,5.719447176729118842e-01,4.427892255535383903e-01,7.886380649410573707e-01,4.938124312146265904e-01,-1.617728914482684521e-01,2.546780249914714078e-01,9.226368082356375400e-01,9.607730204356845771e-01,6.211237725337107607e-01,5.685482929031931976e-01,2.201695932006723644e-01
9.323567917728972088e-01,4.701148398949906437e-01,6.692464162004017059e-01,7.459917610629618334e-01,7.985249852810125670e-01,4.797368270639846277e-01,0.000000000000000000e+00,7.850232656076350235e-01,5.219476200648909270e-01,5.099696077371762559e-01,3.061962139373852199e-01,9.123433037172888893e-01,6.287586947960737138e-01,5.999463285233785914e-01,5.323820641397165598e-01,3.376907146031694618e-01,-7.859665334214005483e-03,5.566686823688224983e-01,2.938101722096035928e-01,6.975548750969862155e-01,9.362214941093491838e-01,2.911786699692212044e-01,-1.372494740411919212e-01,9.057329043085584619e-01,7.225796704979662310e-01,2.963686939702528944e-01,3.792360695762943545e-01,7.386482667972853466e-01,3.603075387948576624e-01,3.411432491733314976e-01,5.260233942000239749e-01,6.605668333995122765e-01,5.308702021871906096e-01,6.722425831412550679e-01,4.470379817493453367e-01,2.884209586824776905e-01,6.522912880609017527e-01,5.101612138034709032e-01,2.617614733718405251e-01,3.595432634604689426e-01,5.370024465097303912e-01,5.847573287741895109e-01,5.607908490044219985e-01,5.191745007200547768e-01,8.635907711036958645e-01,4.825534459934217590e-01,4.379396373261416064e-01,8.105632262124894405e-01,5.557733655009436946e-01,-1.586870510815684976e-01,4.996091172110736500e-01,5.010533790805073995e-01,4.589330095184693259e-01,7.406899233851407249e-01,7.206348270416749191e-01,5.099413745185005231e-01,4.860152672915482031e-01,6.454098346153408494e-01,3.440779919092002981e-01,5.717754735252074116e-01,4.318523920158870433e-01,3.686770449749467438e-01,5.571669151677649534e-01,9.405526460874353845e-01,3.791675174875908105e-01,3.316959377547619159e-01,3.722971419077882871e-01,3.434578013140104913e-01,7.407538178942451035e-01,5.022725169081229124e-01,6.934447558899304864e-01,5.661994460795050088e-01,4.090317717180437240e-01,-1.581359480706143739e-01,7.986935826829031360e-01,8.417676845038751798e-01,7.715690699256144702e-01,7.861756815338450943e-01,5.921991283708743364e-02,4.944350768655858541e-01,2.190014783502731155e-01,8.573620377596856690e-01,7.353552157113056875e-01,1.378775629651527723e-01,6.001092882379287508e-01
6.429396241307183679e-01,3.251022525227045823e-01,4.926611038353585492e-01,5.079189916065189880e-01,4.468778574937116721e-01,7.519207698288963293e-01,7.850232656076350235e-01,0.000000000000000000e+00,3.766250552672402718e-01,7.310650644373383189e-01,5.191312317744304350e-01,6.798042571784640442e-01,9.477435947563523921e-01,7.979610087256632234e-01,4.646544860917627418e-01,2.528640094367940461e-01,8.136145153787942563e-01,7.471255845007356289e-01,4.231996533926452031e-01,6.929448362490474578e-01,7.796119249476743951e-01,7.472904640829348688e-01,4.735924957456040252e-01,1.702550320536750650e-01,6.623246322141069786e-01,4.613387608047438970e-01,4.792350535359256591e-01,7.255296680586640345e-01,1.895088385784462481e-01,4.433958929581798269e-01,2.812590166808547898e-01,2.653133865726798324e-01,9.625672881006340775e-01,5.056438416442444739e-01,6.340390870523138211e-01,2.352296080991886362e-01,3.465371719115230009e-01,4.327917427849282683e-01,7.397343809232579392e-01,3.061937549985281337e-01,4.765457461876455580e-01,4.659786289072996857e-01,6.691430337578709864e-01,5.544756441354801169e-01,8.402856465869985580e-01,6.859286400956702279e-01,2.147174452508159859e-01,3.952813257210826547e-01,4.321071862990624179e-01,3.716416598070953481e-01,6.027575704559142711e-01,5.524993016635916243e-01,5.110421418923470904e-01,6.496499429347676324e-01,9.144009490447180255e-01,7.674252864982495925e-01,7.062262977344683224e-01,4.715410931962445984e-01,8.815165419913314482e-01,5.600687498977471313e-01,7.089664941464892678e-01,5.019547465924458773e-01,6.148047101193067077e-01,6.768263346583389684e-01,5.513781325285076473e-01,6.284018813889544752e-01,4.310925195568463542e-01,8.905134996878322218e-01,3.767977282398814465e-01,3.439755865391798118e-01,2.309378952385493233e-01,6.852676301644579082e-01,7.685262547685973722e-01,3.706224813226138837e-01,6.635251162978464956e-01,7.261013546273910046e-01,3.303530496251494419e-01,2.525505390910442460e-01,2.594137854865848913e-01,4.500083485340116707e-01,4.517407358334387113e-01,6.938763736766105916e-01,4.055110788960873403e-01,5.559084945981193071e-01,9.515302161288485827e-01
8.270922499877203515e-01,6.304683161844136796e-01,9.616751114664228162e-01,7.845989899456417005e-01,7.297568098737364783e-01,7.197714080592859665e-01,5.219476200648909270e-01,3.766250552672402718e-01,0.000000000000000000e+00,2.143775897548153009e-01,7.170641334003081679e-01,9.711475067144932360e-01,5.576953489454204993e-01,7.513731021589464820e-02,7.431869093267997606e-01,2.910951292611010377e-01,5.880775453468298775e-01,4.821894128349442088e-01,5.837727979820591662e-01,4.556867781102037496e-01,6.652168868478862684e-01,3.761789658676931714e-01,5.825686408714696451e-01,9.691923261804473722e-01,7.101220225815486620e-01,3.816427755277284062e-01,6.026054384171527500e-01,6.543114161560293907e-01,2.767339878185411384e-01,5.299689704053172079e-01,5.701061931285404949e-01,8.580883871846690658e-01,9.289072740608148582e-01,4.005720046545956370e-01,3.917797144710802870e-01,3.940514712983105294e-01,5.079911123725203148e-02,5.457794151657918702e-01,5.449193986850540128e-01,2.909268059042282029e-01,2.028957205777206230e-01,7.460574332639282602e-01,4.906226485729772158e-01,7.619936973283203407e-01,4.405530638723305081e-01,7.052655992692584697e-01,3.034418188730337862e-01,9.031680123915042380e-01,4.616652275162244079e-01,6.899297781763140680e-01,5.289112548748372555e-01,3.811654610299898271e-01,6.606657439678507160e-01,3.729266439096322605e-01,6.411841525556712940e-01,8.140998424151073554e-01,7.034930618344206188e-01,8.597031830688983689e-01,3.117500022629917100e-01,6.906319174104650349e-01,4.013854664017905138e-01,7.073927525557734963e-01,4.638823099527890070e-01,6.912058768766158323e-01,9.857404898799316806e-01,6.517078154528059830e-01,7.427334271246742725e-01,6.965013746316380816e-01,5.423600392903906720e-01,9.593966385205328073e-01,6.586004157659184344e-01,7.696375609190081457e-01,4.697472271622223916e-01,5.703833159273934833e-02,4.876990692183418713e-02,7.094486127325059233e-01,3.642802137394622886e-01,1.084501361344967912e-01,6.512007547051463785e-01,2.013791261847221181e-01,7.157028389808599567e-01,6.250171108969833078e-01,6.742671263609369969e-01,6.802039550059046924e-01,9.488577332725885161e-02
8.698647724996507735e-01,3.104397349249871096e-01,6.769317147176144855e-01,7.505881274918342339e-01,7.215612717041999247e-01,9.144370657214292430e-01,5.099696077371762559e-01,7.310650644373383189e-01,2.143775897548153009e-01,0.000000000000000000e+00,6.713772240561248772e-01,7.804556307515031488e-01,5.284723412249308083e-01,7.205253680215022438e-01,2.562470329612957509e-01,1.771939125015527805e-01,9.481742316369178303e-01,3.166513776600385355e-01,5.447270584154948470e-01,6.263143953060734681e-01,9.136372608356654323e-01,7.010843225674308343e-02,3.880261528958397488e-01,4.262696915556811184e-01,2.673443633137363440e-01,6.135312376506988352e-01,7.149009455733928986e-01,8.322928833708541640e-01,2.430720693613800110e-01,4.367581268359042590e-01,1.536298805600989359e-01,3.937376057160076881e-01,7.947108479008184734e-01,6.322798141431951180e-01,3.344439264613673357e-01,6.759600014346767161e-01,5.569915839386305745e-01,6.989602600566573454e-01,9.172071364416446437e-01,7.750623399698552962e-01,6.362016395592347273e-02,6.140854321349933365e-01,8.670647973024330213e-01,4.025225864471855819e-01,5.284952936634347287e-01,6.686009642967705169e-01,6.190953438379703799e-01,6.672888547557950245e-01,3.718067302418321951e-01,6.668879570758408093e-01,2.312798794119310386e-01,3.906853867393117463e-01,2.224350355378572897e-01,4.709920101334318931e-01,9.375938262876047924e-01,7.586400019970613862e-01,6.221987296908418896e-01,7.682436521290219034e-01,8.515529932367704724e-01,4.334901969397076948e-01,4.525776594470338754e-01,1.620401951863746914e-01,6.452628610029597089e-01,7.780571920260810348e-01,7.482504877369364760e-01,4.418150921978781231e-01,6.591697645176994858e-01,8.665059499355491912e-01,6.112156250412584813e-01,-2.501993503547100817e-03,5.273266353216963243e-01,5.811556701196870511e-01,5.355421493745299300e-01,3.134714718619243667e-01,3.385929877882078859e-02,7.452724073666248117e-01,7.012187241768138568e-01,4.548090603087664996e-01,1.004481827206464284e-01,-7.647393613942760071e-03,2.716445348416639538e-01,7.210735849770453232e-01,8.112947236123262407e-01,3.357356860387510356e-01,9.720902299450533413e-01
4.261597671426234912e-01,8.169479982345411173e-01,7.229734839784347500e-01,4.489358955092645487e-01,7.979919911417661105e-01,7.880783834477502747e-01,3.061962139373852199e-01,5.191312317744304350e-01,7.170641334003081679e-01,6.713772240561248772e-01,0.000000000000000000e+00,8.223310756093608065e-01,4.520173519618749247e-01,5.008607128585613744e-01,5.911561332982835371e-01,2.831757296055811279e-01,5.408388547995716111e-01,5.847757376314427491e-01,9.232282197417605030e-01,6.345211496467200174e-01,7.826660062204036095e-01,6.439721781055742778e-01,4.226872540339741136e-01,5.436984084316707211e-01,4.369344091495520610e-01,7.607307863596864950e-01,3.862281453050434576e-01,7.340451894396480270e-01,2.069433328382887793e-01,5.365262155230352548e-01,6.880149679641399674e-01,5.332056677907703879e-01,8.177121032676759604e-01,7.592681246320489574e-01,6.945142691760097797e-01,1.495232541512884206e-01,6.475561041308250942e-01,6.219180301710829362e-01,1.303161988355161782e-01,4.372425528652702509e-01,4.793003584398203842e-01,5.927681554279672360e-01,5.904413168432333103e-01,7.789474994702866306e-02,9.136271485798916903e-01,5.247720323166906731e-01,4.457640016324204701e-03,6.615942841447930434e-01,3.516666872461893245e-01,4.801780119093359001e-01,5.253413420140456980e-01,6.458319449558325154e-01,6.317712475329793076e-01,6.901239833410801605e-01,9.204727990692831430e-01,8.383870318504073049e-01,6.455660338555737621e-01,4.087982750700663859e-01,5.183668471136751998e-01,3.886878851844629001e-01,5.534515426552805151e-01,3.233332579645935567e-01,3.287276552951480246e-01,2.036765993680276776e-01,8.177956866662969837e-01,5.203462757571387653e-01,8.234715452189723672e-01,4.608853227378608697e-01,6.313377343990194124e-01,4.167809590919527851e-01,5.677661587226787709e-01,6.460003280084417598e-01,7.073669799321528062e-01,1.614185714682872530e-01,7.997897195297579698e-01,6.669135269805467336e-01,9.317892290875431360e-01,4.325772248870078940e-01,2.249220672748012961e-01,-1.204509383221388646e-01,7.723116050105864883e-01,9.083846722884468816e-01,5.918340926816588743e-01,3.134281928077001789e-01,8.649770105939023068e-01
4.360453074643095284e-01,4.377974479506317046e-02,6.689907263422198991e-01,5.210850863306550895e-01,4.696881204479939065e-01,2.542791902576684304e-01,9.123433037172888893e-01,6.798042571784640442e-01,9.711475067144932360e-01,7.804556307515031488e-01,8.223310756093608065e-01,0.000000000000000000e+00,4.116217020771075763e-01,4.270022839964696670e-01,5.890672529727765117e-01,8.986045041705639225e-01,6.227381756919712075e-01,8.317275317040198068e-01,6.658954277321560422e-01,6.672281902232464201e-01,6.433325274657105686e-01,7.585737360027798859e-01,9.139750443054714957e-01,4.465100501713212822e-01,7.742363465739724449e-01,7.964618887135509195e-02,8.526709625276590598e-01,5.443958058993310090e-01,6.946224525382753701e-01,2.032599185807760500e-01,1.841458313940744496e-01,4.991471763161953179e-01,8.519263474716132212e-01,5.276624791813199211e-01,4.049323078402318199e-01,5.704011941550802822e-01,2.728084654099169337e-01,7.570500121549079697e-01,3.103871559887428910e-01,8.393022241601931777e-01,2.215937884075592779e-01,8.321368033852638568e-01,6.536520374833199032e-01,6.174366252255771848e-01,9.480177538413565586e-01,5.678347294770915710e-01,8.913768039237385254e-01,4.020162777275312904e-01,4.929755691380099947e-01,5.015526749274622498e-01,2.721838623054977369e-01,4.619313124706779239e-01,5.558639304283354843e-01,6.783242394420339050e-01,9.332606072522936502e-01,4.635075096796755223e-01,3.332464170864690711e-01,6.228020538892846680e-01,6.661583520477047937e-01,3.150420703491021435e-01,5.903474318400341314e-01,5.657225960543930121e-01,6.112499127628794326e-01,6.521860236704897229e-01,4.109613519441883689e-01,5.262060316180359187e-01,5.636197624679080143e-01,8.065414508667319016e-01,8.558929298174291489e-01,5.290602590259196880e-01,8.026698299068270037e-01,3.394307476592827721e-01,7.231956743440473012e-01,3.502211873992975288e-01,7.590853943945584381e-02,5.714853601451030940e-01,6.934270483676836516e-01,5.498603660925276415e-01,4.598435734980576561e-01,3.197539952528314355e-01,2.685929754819434412e-01,8.830426085836564631e-01,5.080697568395499131e-01,1.179726475958175619e-01,3.884836212372311248e-01
7.994949806255863267e-01,4.697487372479848822e-01,5.635288749658512453e-01,7.547785453807039913e-01,7.053722618774282971e-01,8.231560583818633425e-01,6.287586947960737138e-01,9.477435947563523921e-01,5.576953489454204993e-01,5.284723412249308083e-01,4.520173519618749247e-01,4.116217020771075763e-01,0.000000000000000000e+00,5.006418675440231780e-01,7.693879257556053286e-01,7.195038123327712754e-01,8.545707993719857676e-01,6.982858872707110587e-01,4.658023823962007537e-01,7.313817117839040982e-01,6.291745250242539722e-01,7.479153274464622747e-01,8.873193593621114816e-01,4.036085098026061524e-01,4.236393947940313986e-01,3.994140438947982874e-01,9.740918438549058811e-01,7.775971018513317956e-01,5.538735625652058125e-01,7.411153737287946575e-01,3.364493656687248535e-01,4.206393177762149937e-01,8.254725064600298978e-01,6.042381919961448133e-01,7.789146909738086100e-01,3.634946456668738390e-01,3.920517071093090333e-01,6.553970025261377508e-01,9.084289197111650171e-01,3.083010012730685867e-01,4.537174480398406540e-01,6.478641931905992912e-01,5.193956996141995131e-01,7.968823452834418175e-01,6.703554277027916619e-01,6.027690262003833066e-01,6.947807296627855900e-01,7.694670893299844217e-01,7.249259502336040661e-01,5.339945109623447372e-01,4.035014884085413867e-01,2.677609356943787544e-01,3.725883310914858138e-01,6.403396950927989772e-01,8.990074500798309609e-01,6.017240011938568278e-01,4.052691531447635276e-01,5.007205388671496227e-01,9.922568938638812730e-01,5.520668312572853953e-01,5.440209121230519251e-01,5.971470425654077374e-01,8.680084346048348998e-01,9.672244719334462948e-01,6.789355845764674102e-01,5.666156302454916638e-01,6.032725633275751731e-01,6.143468013747780399e-01,7.319382701408446712e-01,8.681461347977339482e-01,4.074924609580931611e-01,6.443401010413971619e-01,2.356828885813976593e-01,4.240557800912909681e-01,3.499449606902339527e-01,4.411400172983259149e-01,5.854312553090865734e-01,1.319923554322606322e-02,4.346701714677086437e-01,4.071877546234484724e-01,4.446653903136063568e-01,7.094938457468992210e-01,2.673996158077287522e-01,6.503570087266122846e-01,5.951718108099270932e-01
1.817350496471761001e-01,7.893284406848100065e-01,9.647027107937401480e-01,8.744189659112178159e-01,7.569188745086550263e-01,8.264338878294177348e-01,5.999463285233785914e-01,7.979610087256632234e-01,7.513731021589464820e-02,7.205253680215022438e-01,5.008607128585613744e-01,4.270022839964696670e-01,5.006418675440231780e-01,0.000000000000000000e+00,6.559359440806560304e-01,6.427297978057637806e-01,4.672507524686983493e-01,5.705325648877643818e-01,6.991549910135426149e-01,9.995760825666959448e-01,7.471594861521680953e-01,5.241783984142687203e-01,4.675929557369423173e-01,5.876360758599635803e-01,3.615924838648758577e-01,7.571740158053987813e-01,4.196478828055248966e-01,2.129557215221415389e-01,8.967967169077333267e-01,1.024147860219221801e-01,9.332535308761878701e-02,6.559209194286147460e-01,9.113536964647728222e-01,6.479634846340003307e-01,6.802800942846378707e-01,6.590650438085962071e-01,4.903618553113968104e-01,8.902175175533092455e-01,8.624592257404718465e-01,4.812672533940985931e-01,4.529257063641838749e-02,9.600868085139137031e-01,8.462173739002096795e-01,5.962167075454991583e-01,3.082084997552363426e-01,6.813356188632219146e-01,1.500683767091695042e-01,8.888746294304180617e-01,9.379973761530666643e-01,7.495175404762614013e-01,8.054530482063376740e-01,2.099022035569327038e-01,3.316357328393708670e-01,3.169191126462123087e-01,7.395690597085352591e-01,6.585282971966867072e-01,9.068597668306501713e-01,4.064389846442777454e-01,5.904460638999288191e-01,3.460601313753882691e-01,5.836113294439325694e-01,4.810786488141256534e-01,4.236367352240849593e-01,7.881519873427093037e-01,9.775025721484946750e-01,5.381881171559067534e-01,8.740966178674574039e-01,6.218314757743121923e-01,2.813709663845888609e-01,8.712013204092504681e-01,4.445938115368129884e-01,3.784219613595862786e-01,4.350871708449854380e-01,1.242335128623903717e-01,3.709403018792902795e-01,7.633098342523458868e-01,3.102860562154270974e-01,4.216934631992571569e-01,4.137461680982785772e-01,7.751292886812172211e-02,4.289005670928290881e-01,5.309047486385630732e-01,6.464308003848938666e-01,3.335823915537742268e-01,6.419303370735498504e-01
9.197783029421936485e-01,7.836532896361457778e-01,8.207738026264828068e-01,7.927524739603231119e-01,8.059226686280838159e-01,5.654372826630615911e-01,5.323820641397165598e-01,4.646544860917627418e-01,7.431869093267997606e-01,2.562470329612957509e-01,5.911561332982835371e-01,5.890672529727765117e-01,7.693879257556053286e-01,6.559359440806560304e-01,0.000000000000000000e+00,6.483277463685575004e-01,2.583579122253653604e-01,1.342656021038456382e-01,3.286707298862129312e-01,5.727395709246484445e-01,7.239357147545295579e-01,8.821918961785724100e-01,5.718564237856054167e-01,7.400975166717904674e-01,4.713145040146147768e-01,6.062349585358873805e-01,3.624499580884857908e-01,4.552419796198932667e-01,5.611815891035440984e-01,7.701596139093618287e-01,-7.411028188005869266e-02,3.150590338335571561e-01,3.838651199174428208e-01,6.260911483829542101e-01,8.986989003951464383e-01,7.311836987069573190e-01,2.377955817071192857e-01,7.355807492113763946e-01,6.913032098661026081e-01,7.218864475853942198e-01,5.365502112000991586e-01,5.293841232288143406e-01,8.102280419368708131e-01,7.317541875416040398e-01,9.275632802444953029e-01,8.756160268574524341e-01,6.179977236795241025e-01,5.638778890949456279e-01,4.495142233916722407e-01,5.606256638947093585e-01,3.719405558152666380e-01,5.011786093744768911e-01,8.831381924676140471e-01,4.987489136546863766e-01,7.656087088942384877e-01,8.507521036440517381e-01,7.227125813591471770e-01,5.301939540418525443e-01,9.121229385915596843e-01,4.270775984255651414e-01,7.026322259068061848e-01,4.871886957660703787e-01,7.956856634370818027e-01,7.417678991649627740e-01,5.924394407206425850e-01,8.853626854170992821e-01,4.368025444766810983e-01,7.343928565190163127e-01,4.451572944554229028e-01,6.144334389481521663e-01,6.044434538474862117e-01,4.546021647301726198e-01,1.962787707962212469e-01,4.523410712837144104e-02,3.700270484163110662e-01,5.825751719962428687e-01,4.043980112990818720e-01,6.309097609461439271e-01,7.267488081719948312e-01,7.923685441222526604e-01,4.661221030578539537e-01,5.481098998785114418e-01,8.828352476328303888e-01,5.075765161984306939e-01,5.635997959118728140e-01
6.833249282028142080e-01,8.770041466903337746e-01,7.705107966595843294e-01,7.319699125920827720e-01,4.613898089317903795e-01,2.149086685374261840e-01,3.376907146031694618e-01,2.528640094367940461e-01,2.910951292611010377e-01,1.771939125015527805e-01,2.831757296055811279e-01,8.986045041705639225e-01,7.195038123327712754e-01,6.427297978057637806e-01,6.483277463685575004e-01,0.000000000000000000e+00,4.078693421185497492e-01,8.766408076966318852e-01,2.438409687378253199e-01,6.593163824410310792e-01,9.788247750669640812e-01,2.875398459747157132e-01,4.218266950222242517e-01,5.735278296667464248e-01,4.333137673559286918e-01,8.854428200356344592e-01,8.219466298633728574e-01,1.546105774719988037e-02,2.072185809226825826e-01,5.885750720637721312e-01,1.849257271870793362e-01,3.211489263363335178e-01,3.444889265702094083e-01,6.189121680181915996e-01,7.464651282982512903e-01,3.351035146040888257e-01,4.223139459102549509e-01,2.342817027897204640e-01,7.470954303365502369e-01,5.162519570026777860e-01,4.810613141827716488e-01,5.059082600838560317e-01,6.556371129985583135e-01,7.284121891258850123e-01,7.151745492948297089e-01,6.685356967888724800e-01,5.715662856400897107e-01,3.529531015939876282e-01,3.035944763658289247e-01,3.421805098218491104e-01,3.373827018042721004e-01,5.238183703333901819e-01,7.690855770830613558e-01,1.410132949752020970e-01,7.266723320055230584e-01,1.960880509861878673e-01,7.703753407656956931e-01,3.520321866215910811e-01,7.917551035137163629e-01,5.614072241797577467e-01,3.495992176456421130e-01,1.483785882779042609e-01,5.065801965099164805e-01,7.399669399271449066e-01,9.530502757740545450e-01,3.017048275520979317e-01,5.258495722645872839e-01,3.823291498798813692e-01,7.911165816838797715e-01,8.005445765459061613e-01,7.382764095238109059e-01,6.423814760063792928e-01,5.959325377680426694e-01,8.509428387188018583e-02,3.522804082303794548e-02,7.909407513152150182e-01,1.009765452449862821e-01,3.273448059198513782e-01,3.198626408936207643e-01,1.859231851335047259e-01,7.721822081530788084e-01,6.057931059523095074e-01,7.346314107285972783e-01,3.572861831252036602e-01,7.302121328445920767e-01
5.950758985707619297e-01,6.874621232237686508e-01,9.743481990872635556e-01,7.145261448181140507e-01,7.204865032225141741e-01,4.110875567583823220e-01,-7.859665334214005483e-03,8.136145153787942563e-01,5.880775453468298775e-01,9.481742316369178303e-01,5.408388547995716111e-01,6.227381756919712075e-01,8.545707993719857676e-01,4.672507524686983493e-01,2.583579122253653604e-01,4.078693421185497492e-01,0.000000000000000000e+00,4.357794055487717033e-01,5.322533926027359641e-01,7.532315722142506331e-01,4.348791492857149166e-01,7.445405617297435885e-01,7.003773328079826443e-01,7.587324990856669782e-01,7.550091505313217821e-01,7.590376993622849344e-01,8.072867283055744636e-01,7.289870513399733243e-01,3.808724560134422177e-01,4.542789021860135223e-01,-1.451755871385345120e-01,6.761670804159181092e-01,5.963220470689658548e-01,9.311866705703262248e-01,6.349353520149818575e-01,5.054388418802195915e-01,2.160562139750838440e-01,7.113170356690765583e-01,5.225834456513651638e-01,5.528526647195400878e-01,3.513173054976500564e-01,8.391282474750625386e-01,9.663056424198784855e-01,2.925186554554182194e-01,7.456407026754535705e-01,3.718614200045088358e-01,5.139624001023275213e-01,9.213089522441160195e-01,4.510016724147281608e-01,3.137707607544029664e-01,9.302597097422983241e-01,3.124836532479418061e-01,9.380769094709499045e-01,6.045558793041925227e-01,2.240879381612335686e-01,7.622923199742603906e-01,3.929060808258189597e-01,7.409413581961182826e-01,4.139073103249080177e-01,9.536084258036754413e-01,5.416823401394394999e-01,7.399333692742852131e-01,6.961210595279796465e-01,8.142920473469156262e-01,8.318686258770747743e-01,2.602646419521645882e-01,6.008751320529776008e-01,7.260257453759385582e-01,1.831878086010900811e-02,9.391563483805267509e-01,5.455400519320483532e-01,3.157524090774084247e-01,4.994378831273147412e-01,1.176372613852443155e-01,9.840944617047896470e-01,9.701372717861415085e-01,4.004744639491502611e-01,5.062765980790536746e-01,4.503297548831252661e-01,-1.293310006505809795e-01,8.619118147159813281e-01,6.126754511283969418e-01,7.986782073241560642e-01,4.823875257971514396e-01,6.052171266425186991e-01
8.016944553451575972e-01,7.730594707140712174e-01,9.745829969891532940e-01,4.254412676203372934e-01,4.439000132444350655e-01,4.280382358929060160e-01,5.566686823688224983e-01,7.471255845007356289e-01,4.821894128349442088e-01,3.166513776600385355e-01,5.847757376314427491e-01,8.317275317040198068e-01,6.982858872707110587e-01,5.705325648877643818e-01,1.342656021038456382e-01,8.766408076966318852e-01,4.357794055487717033e-01,0.000000000000000000e+00,7.960171991383985235e-01,3.124718282500773547e-01,8.819995926197923275e-01,-1.538820463678580996e-01,7.220047363578466770e-01,4.636451235680706939e-01,5.703153297482240758e-01,4.213324125956554034e-01,8.782771901869260711e-01,2.932478491825877276e-01,2.106165952750029546e-01,5.722948814035421217e-01,2.442902236194432752e-01,3.615105640192037839e-01,6.924772632335540745e-01,6.689046722344845763e-01,4.673001864665762839e-01,4.264583422190144080e-01,6.688865971044295755e-02,4.195490117835685706e-01,9.024605116892080447e-01,8.307925124055848265e-01,4.449630261143735499e-01,4.971105016698105228e-01,4.240206337938113856e-01,8.481345398132631441e-01,1.887422716349704266e-01,5.266945757815080231e-01,6.440280134337109663e-01,7.716899529367861055e-01,6.365269570559386469e-01,6.581479943343541139e-01,5.054121876589449114e-01,4.756850239215765219e-01,7.210182076417175345e-01,8.226096009535048825e-01,8.608187081712530553e-01,9.346880938148010021e-01,8.763358744027259783e-01,6.229511343831779513e-01,8.770041381202013930e-01,5.030130891136161964e-01,7.249399840338480727e-01,4.326722348968685683e-01,4.417290671035210142e-02,4.925190093412760151e-01,9.058336230632575425e-01,6.157777190783367827e-01,5.248338451586698206e-01,9.319362634934564849e-01,4.919700699074159855e-01,7.567623516553687590e-01,5.892327512025545833e-01,7.456720302503694331e-01,5.862915171496614342e-01,5.289274434831996441e-01,7.481077213034055262e-01,-3.823776459367858593e-02,4.092464093068340358e-01,2.147038895037547690e-01,2.617789057501697658e-01,1.199788329718842195e-01,3.805619402520881156e-01,3.259405810729577579e-01,6.853293368603258218e-01,2.850861876625514491e-01,3.381833472776951122e-01
