0.000000000000000000e+00,9.998894129653282947e-01,8.612210267931438290e-01,7.985067652103987612e-01,4.186691513945380305e-01,9.374654992114974661e-01,9.947016853165431272e-01,9.531714552247880778e-01,7.812579674624846593e-01,2.669804931129113323e-01,9.031755439746735892e-01,5.854425912679176447e-01,9.949237363731365802e-01,7.348313363337608539e-01,4.169238649044780809e-01,3.621761211243493817e-01,7.268284844735772854e-01,7.568040891033305240e-01,7.630092194619337853e-01,9.021272848568248071e-01,7.855184870586939816e-01,8.593135479042903757e-01,1.571640784783382983e-01,7.160521892614174488e-01,8.802505156189913693e-01,5.839879222428794314e-01,6.069512257277642764e-01,9.494474913891253198e-01,1.703459243404832346e-01,5.653436916419130043e-01,-6.667898766133409372e-02,2.226698706761484903e-01,8.517858843650130130e-01,9.521046452174047880e-01,6.138400287989507209e-01,7.759063009661042454e-01,1.677278388025623124e-01,5.279763019491275911e-01,7.252972266613155750e-01,6.074754851932990807e-01,3.243571619408053275e-01,9.027465759497083075e-01,9.607724434569386851e-01,4.555808267137050893e-01,7.666846239792028950e-01,7.018767528618359286e-01,6.527690755128061628e-01,5.734000654407321873e-01,5.411318778160201237e-01,9.963592355053474403e-01,4.222186363405288634e-01,8.946677433397219881e-01,5.199434409964422965e-01,4.457707402191231072e-01,8.204175881795562342e-01,6.769565501314915856e-01,6.924769977405925703e-01,8.433504236257433062e-01,4.610165413380842847e-01,7.118754917745062638e-01,3.404457156569938858e-01,2.296041391789570008e-01,8.880562986839449779e-01,6.426348270044532907e-01,8.858731508657109455e-01,4.197434601353454697e-01,5.481432699762172067e-01,9.136063327224832609e-01,9.183561525147710958e-01,9.454106894070409828e-01,6.850322821513963323e-01,3.483107463692741157e-01,2.435794549183869784e-01,2.515945223404923992e-01,9.975082854271324351e-01,4.155689449298265448e-01,8.689129545343378114e-01,7.458788592402206818e-01,2.500874799580741215e-01,5.398473402709745850e-01,5.741896458892848006e-03,7.991582292029926204e-01,4.075736082594900722e-01,5.884112409161292856e-01,8.624835462688925647e-01
9.998894129653282947e-01,0.000000000000000000e+00,8.515863607629949872e-01,5.704917776887032943e-01,8.023661907505343915e-01,2.317537866563344484e-01,5.651902390547450805e-01,3.064794241494104288e-01,5.956161254086153045e-01,7.608124143535605066e-01,3.133744663067953296e-01,5.591969278046722280e-01,8.626328828737507282e-01,9.948418023606824256e-01,7.908225790147040968e-01,6.843692022314067369e-01,7.254121830005101357e-01,6.054140444412249300e-01,5.132006374703065310e-01,4.240513212519305686e-01,7.246190380579381474e-01,5.402505716916553569e-01,2.233249555248610907e-01,4.248653979859291496e-01,4.138750841833046534e-01,4.542409856469853957e-01,5.955027392764846716e-01,2.761775083188611202e-01,5.240744517576600980e-01,2.735442340843730613e-01,5.242710625124332724e-01,4.245678396379006792e-01,7.048175257082492928e-01,-1.867995426422205674e-01,6.074235453355079084e-01,6.944456061330468444e-01,3.378446150112730528e-01,4.408280310548995939e-01,5.505519726637385647e-01,4.506384306015250307e-01,7.018813380960369219e-01,2.303683088381100197e-01,8.968645862324893248e-01,6.725290106803115675e-01,9.739345811488749893e-01,5.665972804959018561e-01,2.968226673824725381e-02,1.979703514098632156e-01,7.115840922349672137e-01,6.339272223377384607e-01,6.874854166301552771e-01,7.372148544620324984e-01,4.005446855278616547e-01,4.737976620126234661e-01,7.674161615857025276e-02,4.877781331914913254e-01,8.529648498501193332e-01,5.643847607356716756e-01,7.150640204468570182e-01,3.390028030059645259e-01,4.858501230266290549e-01,7.148936037045249270e-01,9.436148383252760397e-01,9.904445906861637505e-01,7.468691500877376876e-01,7.683827325875944858e-01,9.729201642508618075e-01,9.238732871405246350e-01,8.896291224449892621e-01,4.760464044083226876e-01,9.655361519696057382e-01,8.655886717398002528e-01,6.019843591151443629e-01,3.681960605648320617e-01,3.630395429766651860e-01,7.365547114444297438e-01,9.546400811532242958e-01,3.968391148529953893e-01,3.646104295446224164e-01,1.145002194682485097e-01,2.592485694557541409e-01,4.099762087961951185e-01,6.533945587076792627e-01,5.180159691022304669e-01,7.618411438155032744e-01
8.612210267931438290e-01,8.515863607629949872e-01,0.000000000000000000e+00,9.663770432080225348e-01,9.900492613442890555e-01,9.293554146136228100e-01,4.661884596214887488e-01,8.834256787787226894e-01,4.867893658306083338e-01,5.379860192680528952e-01,9.145266592024591246e-01,6.321889189990125280e-01,9.402528064089955562e-01,6.768943766182974331e-01,7.443633660408950359e-01,4.945373100844966396e-01,6.680879130185943815e-01,8.441014036205752857e-01,8.554182164695378621e-01,7.677299051379642414e-01,8.305285865163833936e-01,9.481847074548451770e-01,7.352799443817131797e-01,9.815024996454636552e-01,8.811751870064852277e-01,5.420672427577365449e-01,9.019919710347765740e-01,7.194030435476888030e-01,2.108486427978607525e-01,5.116918645791097564e-01,1.700097744127764821e-01,7.017134362228296673e-01,6.469573286259477918e-01,8.190423365443542103e-01,5.559305115061876634e-01,2.571192627147771970e-01,3.541260344546879463e-02,7.299662834194072802e-01,9.714194016783213037e-01,6.992915760674370818e-01,3.557789736008703518e-01,6.444657697835938226e-01,6.903047811321684213e-01,6.183855343762115764e-01,5.766375281792806007e-01,8.189983401150904285e-01,6.698874949932372980e-01,9.943059702840686409e-01,9.545096414818828867e-01,7.788604407206792812e-01,8.461280613897899094e-01,9.563345726078011921e-01,7.995718316613165122e-01,8.501649424235752095e-01,5.154228119929874508e-01,7.874383151071358000e-01,6.548116034031677968e-01,5.325573699332704081e-01,8.094652251594015580e-01,5.391546076166993107e-01,9.130469526937914915e-02,6.712933182812479416e-01,1.477799056946976497e-01,8.167396342948540777e-01,2.557109525740335343e-01,3.597515097286939634e-01,9.059991179935388272e-01,8.725802139211653596e-01,5.886186778165543032e-01,6.352766302157195621e-01,9.323418831229965953e-01,6.454315454491554860e-01,3.286508744387827141e-01,2.262044836229059608e-01,9.742993203199187269e-01,6.548402462653989398e-01,4.156127279621621429e-01,7.342818092066393243e-01,3.985342385923516528e-01,2.113232722942134933e-01,7.458315483730797446e-01,4.753454240335310832e-01,9.019603577927770566e-01,5.270891250450018273e-01,5.984119766467139723e-01
7.985067652103987612e-01,5.704917776887032943e-01,9.663770432080225348e-01,0.000000000000000000e+00,4.758758150298483813e-01,6.572319492287000964e-01,6.134861899746556491e-01,2.183676350297914515e-01,5.393543019631694690e-01,9.528490205592013984e-01,6.924117054724592268e-01,7.797515140674016187e-01,3.564749096146233587e-01,4.066091405253884350e-01,4.436408500610332095e-01,5.455357985278492805e-01,6.132333849783750956e-01,6.543168721166082724e-01,3.794396480675081285e-01,4.741431702837515805e-01,9.312935867011893354e-01,8.476169335474340594e-01,6.513422755478240900e-01,7.189783073900949395e-01,3.066824886099889236e-01,7.043335011026699011e-01,7.697335474328730331e-01,8.184837315799804447e-01,3.138056258234122042e-01,4.444496421064087488e-01,2.420337789915829041e-01,1.893991876056020096e-01,8.286773841146679587e-01,5.693759553156343411e-01,7.039078610875336706e-01,5.560490838523043378e-01,3.792543209736165544e-01,3.892981309033884951e-01,6.249952119597236289e-01,9.558819474808220029e-01,1.342514061829554739e-01,6.832852620276170796e-01,9.481017958772133269e-01,9.827929172892769794e-01,8.905824796073393834e-01,7.540423753025563558e-01,7.386335011974570763e-01,6.594135680090490448e-01,4.925606879353071621e-01,9.708128280564545243e-01,4.596408517260189286e-01,6.158838452289295828e-01,9.435269200207556661e-01,7.947322242373460188e-01,9.264736414949512611e-01,8.781369427575939079e-01,5.088827272893284848e-01,7.679902332599772841e-01,7.743622002490972989e-01,5.456884594702514635e-01,3.652930008241916937e-02,6.418559817995577177e-01,7.999483225834848055e-01,5.597323481977767301e-01,7.288641759837072298e-01,4.811687470186690185e-01,7.375341096258085649e-01,5.959329242505257973e-01,3.260149908164557964e-01,7.003097454246307585e-01,7.523061972155991040e-01,3.166385918045390713e-01,4.602318044414702713e-01,5.821759760141909101e-01,7.498474771902433611e-01,8.812449504803988587e-01,3.398235704600708340e-01,1.054520780119377749e-01,5.399963349942057400e-01,1.356432284080180128e-01,7.654818811270369672e-01,9.497807320318315538e-01,2.705875786700209784e-01,4.418468878207922335e-01,7.324520705992813019e-01
4.186691513945380305e-01,8.023661907505343915e-01,9.900492613442890555e-01,4.758758150298483813e-01,0.000000000000000000e+00,4.176043282546746949e-01,6.001681224260940750e-01,5.954538883077147293e-01,7.785220511936341570e-01,3.921041481322857791e-01,6.617255822861537462e-01,6.587964754229431730e-01,7.636157159423155871e-01,8.424902222700595411e-01,2.137300838030130323e-01,5.479664123726126768e-01,8.156968086278373331e-01,8.368238444958668865e-01,4.426281389268909572e-01,9.389301956493234513e-01,9.074170384964023173e-01,8.136975783942518303e-01,7.912354723691402691e-01,6.340217537869903275e-01,4.244281351330712049e-01,6.597349480861860460e-01,8.143026168200375725e-01,6.510146946393593481e-01,5.236940800318564682e-01,7.505333056644689638e-01,3.291958711936932014e-01,3.386191779865014295e-01,3.726611310801888344e-01,8.393190776854266844e-01,7.195723007437784258e-01,3.891110766729987125e-01,4.721948237640155588e-01,7.601798444494953788e-01,7.200743670182665479e-01,3.250348774997696699e-01,5.656782242557817364e-01,2.072453632520654954e-01,5.878165158978225779e-01,8.707596026813703149e-01,4.215901995239100808e-01,8.681129963464997434e-01,7.674679586256736297e-01,2.081688795207607967e-01,4.096278313969666796e-01,5.068118316134145873e-01,2.221306134709611080e-01,9.357785686050867913e-01,7.676158894162056212e-01,6.963006192551393636e-02,6.765028074931296320e-01,8.703069628422684945e-01,2.471521142971864343e-02,5.730219717813820335e-01,4.957309628884219443e-01,5.086754384277379915e-01,3.945871187924901990e-01,4.043021696742811755e-01,5.581658890933667294e-01,7.866556088814949943e-01,6.011810980206109267e-01,2.147438325866855013e-01,8.218190215819707323e-01,9.959183807871848648e-01,5.698614718008909730e-01,2.644684393276650058e-01,8.332486445197015978e-01,3.327195605856150262e-01,-9.081489140199638932e-02,2.704787338435248878e-01,2.421365430125345108e-01,6.098918566069422287e-01,5.747068922373842481e-01,6.633957992670374004e-01,8.450728432330799345e-02,4.363376378817565016e-01,7.004721724122789372e-02,7.281305742824935034e-01,6.914535218580867282e-01,2.494671620542032453e-01,4.660722387767595593e-02
9.374654992114974661e-01,2.317537866563344484e-01,9.293554146136228100e-01,6.572319492287000964e-01,4.176043282546746949e-01,0.000000000000000000e+00,4.200035327497574356e-01,7.203768328196091808e-01,2.071494760595599949e-01,-3.227165646631396934e-02,6.738689593107505260e-01,5.682129307961806264e-01,9.517022461461870364e-01,4.274118066556104600e-01,4.900637707675860599e-01,4.777443718127249994e-01,9.253863363014092069e-01,9.846618072008913591e-01,7.409537427798147391e-01,9.969178732512193886e-01,8.336878667656600905e-01,2.326333957704979638e-01,9.296534469828364733e-01,9.384153900387592895e-01,3.628819876566241609e-01,7.066852426806976561e-01,6.264274065045631890e-01,1.175065477926931917e-01,3.497277980713147105e-01,3.989229090999228955e-01,2.037916679944693499e-01,5.127357655650648383e-01,5.217584837633575390e-01,6.143368099168958762e-01,4.054322977569071451e-01,3.346892740666439492e-01,1.885917831224863950e-01,6.469930806611449148e-01,6.257209587085899027e-01,2.810762917410534190e-01,2.668534337384361743e-01,6.468228882192952334e-01,6.138206448140797189e-01,4.748154433717002854e-01,6.857574856399312191e-01,7.535847228792612595e-01,7.920144444156499430e-01,7.764268190144165693e-01,4.164112002779974953e-01,6.268526856981057049e-01,6.372694284196240844e-01,5.963528645580107312e-01,7.426633674980877009e-01,-1.166722195358337044e-01,7.360732014655078093e-01,-1.044731301864320616e-01,9.768423265179152493e-01,2.340533265756259418e-01,9.576445692641758489e-01,1.355589068794018637e-01,1.241579384053033697e-01,7.765953481157693572e-01,5.889437728728037502e-01,2.744431923025218989e-01,5.378969000580808846e-01,7.415316228026838097e-01,7.194847079555863889e-01,9.837844871080532183e-01,6.011053803457346856e-01,7.094188009846431608e-01,9.551262187954981941e-01,7.220969428175226801e-01,6.391206384716727751e-01,3.977242101535616303e-01,7.055032313827336310e-01,7.331980372985617000e-01,6.918016971079712363e-01,3.567649745295498054e-02,6.236814288833322228e-01,5.161137260072249378e-01,2.356489134309053268e-01,2.661116412298702993e-01,6.516682228409292899e-01,1.577969945776534072e-02,3.997389349051541085e-01
9.947016853165431272e-01,5.651902390547450805e-01,4.661884596214887488e-01,6.134861899746556491e-01,6.001681224260940750e-01,4.200035327497574356e-01,0.000000000000000000e+00,6.655753765453872317e-01,5.659489497789512713e-01,6.222101046098810206e-01,2.086051855953610923e-01,7.748594501749656027e-01,7.181771610021487895e-01,5.618573797864241381e-01,5.595381829154459918e-01,6.258790031984881042e-01,7.860833966478693036e-01,6.765110839795154263e-01,4.178603231020114328e-01,8.441011264350245513e-01,9.674843516462878767e-01,6.515944696822889570e-01,4.035597167552952835e-01,6.300053042739681697e-01,8.691182012937420653e-01,6.601725945150630492e-01,1.321637030783814615e-01,7.396672559030204042e-01,7.741010431772487044e-01,1.142424090301744077e-01,1.168136277462085842e-01,7.701197416306574395e-01,4.507960435561486068e-01,3.542582203088034953e-01,6.644961633391754940e-01,1.244606899319766619e-01,-9.951241870782612242e-03,-1.020954816813751109e-01,7.000294718381527836e-01,4.935982261229137635e-01,8.655158944580515490e-01,6.572592513881863052e-01,5.530757517748500218e-01,6.184382110813941846e-01,7.139508766889877123e-01,7.746101343218940727e-01,1.288129500606812472e-01,4.289861627210840855e-01,5.974682645353778243e-01,5.012443038117753158e-01,5.914165842751714086e-01,6.099801093854431144e-01,7.924100061061967182e-01,6.508700930841100352e-01,5.772603301546888055e-01,4.414889012554328307e-01,6.781800273830138615e-01,7.285082678854918337e-01,7.988614719853617263e-01,7.409101393300381311e-01,3.782083366069606822e-01,5.523828785200599611e-01,4.438150446483318801e-01,7.310009550695448777e-01,8.634994693526475418e-01,5.356692293328131349e-01,7.008329256834529009e-01,5.751128729794047212e-01,3.104089990401981414e-01,4.900069418953378886e-01,2.623896572824934714e-01,6.109065372740276612e-01,3.300271144950162050e-01,3.802838656930794814e-01,4.645234086201595058e-01,3.018523707505124665e-01,4.258289043150139674e-01,9.670122382867952782e-01,5.175781979649778375e-01,1.566933154391559890e-01,2.101715389225047581e-01,8.169302608684773093e-01,4.138389143200088549e-01,6.269415072825654800e-01,7.302142373194717706e-01
9.531714552247880778e-01,3.064794241494104288e-01,8.834256787787226894e-01,2.183676350297914515e-01,5.954538883077147293e-01,7.203768328196091808e-01,6.655753765453872317e-01,0.000000000000000000e+00,1.603162085361268807e-01,6.520442725449071553e-01,6.879983219136469597e-01,2.282419109901117904e-01,7.244415648584390244e-01,7.491085086869873066e-01,6.826150600705621629e-01,5.396495010479902543e-01,2.385971044622218484e-01,4.983776158928746036e-02,5.473314721147171102e-01,5.469794546442308114e-01,6.643039717516053821e-01,6.888737870889662940e-01,4.241372088466470736e-01,8.907558330215706865e-01,4.478707415176909623e-01,2.247204758329717778e-01,6.487054503263933736e-01,6.285980950181503379e-01,5.691105976992321125e-01,6.735860817833584369e-01,1.278874790120981819e-01,1.876722144054186192e-01,4.720486999179125953e-01,5.350724590958089166e-01,6.351620946964047221e-01,2.058776360453674903e-01,4.650738416341448911e-03,5.684082676265507228e-01,6.530890002536067218e-01,3.673134313089333469e-01,4.697407972246874230e-01,8.746916071599282194e-01,3.177308486023140421e-01,4.291476713683335387e-01,5.807838162879819244e-01,1.527528412034609706e-01,4.627164275716038611e-01,7.392404544630235552e-01,3.668068055865360000e-01,4.073737290196846605e-01,7.762814344396156141e-01,5.364615904140411784e-01,5.606848927814386263e-01,7.354869964640355917e-01,6.637121965161573156e-01,5.864154837869910430e-01,2.345591095883910460e-01,4.289418028533954486e-01,6.672258072441520360e-01,3.192920935626925583e-01,2.238388851761839715e-01,3.151643863260975009e-01,3.434035307923215541e-01,6.905979825520057735e-01,7.988469407493181684e-01,4.715031424509712465e-01,6.505283301002550145e-01,5.553681572785493792e-01,2.012531506317036256e-01,4.569771518247650044e-01,2.250508189475464160e-01,6.968315522410485352e-01,1.641032419260277930e-01,2.704455757973242003e-01,4.863337596119634565e-01,3.779253356627848004e-01,5.319087811126237408e-01,4.604528593694411365e-01,4.439375678516794821e-01,5.536841877951945712e-01,4.210912433964476009e-01,8.583158563092960769e-01,7.007159078810220043e-01,7.929380392885120310e-01,4.195620718841825969e-01
7.812579674624846593e-01,5.956161254086153045e-01,4.867893658306083338e-01,5.393543019631694690e-01,7.785220511936341570e-01,2.071494760595599949e-01,5.659489497789512713e-01,1.603162085361268807e-01,0.000000000000000000e+00,3.710904159696106208e-01,6.823228019088667384e-01,1.347077081614233285e-01,6.437485203871714523e-01,8.381911703485652732e-01,7.218160844525185471e-01,6.877547324612297563e-01,7.223665521912983056e-01,7.900575199104700186e-01,5.306132905892758655e-01,8.999778927785476723e-01,3.199886277461613249e-01,5.754747318642724485e-01,5.311758176636964812e-01,8.591142080835503236e-01,4.194096071454426755e-01,4.518024119318030385e-01,7.856139139783593350e-01,4.879574164887416909e-01,3.697044006554282003e-01,3.617566467449131462e-01,1.238303266188541807e-01,8.949911935725061163e-01,5.141697266976297254e-01,6.972482720136538026e-01,7.531692497953579313e-01,4.414445585550099693e-01,2.916745230563922986e-01,6.939582042500258563e-01,9.062653781551348597e-01,4.845715962788731401e-01,5.911240010621141572e-01,6.484636643860041127e-01,3.383713368405191213e-01,4.457499856981932962e-01,2.173177444567004069e-01,7.237334535937000046e-01,4.833544857790719185e-01,6.107012278929783156e-01,7.339256438599419674e-01,6.009811828102179510e-01,7.824041099604517324e-01,6.939417230585475105e-01,8.801430377742440747e-01,4.345743016679647353e-01,6.345973308103467492e-01,9.905097790843249150e-01,8.425968406731154658e-01,9.828775367421255238e-01,5.826878820372278778e-01,4.704122489590266687e-01,5.261092385986692460e-02,5.403448957718244294e-01,6.265479348782431179e-01,6.222132867107671439e-01,6.080194454217574540e-01,4.435993667432481802e-01,2.511325764119080595e-01,5.720961683241146956e-01,7.044249458224846050e-01,6.103489479298092046e-01,3.620210330465541138e-02,7.297108252611868018e-01,2.604561120233823968e-02,3.740373689234775534e-01,7.057052867293523990e-01,4.000140279696249301e-01,7.332666278777882907e-01,4.832868970035126832e-01,3.860845298603275966e-01,1.542994306440012009e-01,5.059212343373671317e-01,5.271510894200960307e-01,4.545196592199981511e-01,8.727388927192288037e-02,5.372310631509775725e-01
2.669804931129113323e-01,7.608124143535605066e-01,5.379860192680528952e-01,9.528490205592013984e-01,3.921041481322857791e-01,-3.227165646631396934e-02,6.222101046098810206e-01,6.520442725449071553e-01,3.710904159696106208e-01,0.000000000000000000e+00,6.195459694779579252e-01,4.453282195501145346e-01,6.018799682683082519e-01,7.181444462585327981e-01,6.186446288390929915e-01,3.628922550709637873e-01,8.640136547610505202e-01,1.725481625371563799e-01,6.744442980808911248e-01,4.486586088945651030e-01,8.669659512162883885e-01,4.781061515058595557e-01,5.441601325189794336e-01,7.370790430556063422e-01,1.961793880551363500e-01,3.481262140645934311e-01,5.197797894191584778e-01,-1.317676994552689496e-01,1.223122709373181821e-01,1.616386643685345514e-01,2.927795583777061950e-01,3.539556859299844982e-01,9.881043136008185179e-01,6.365819905625619279e-01,5.027364234166579182e-01,1.065655856656607670e-01,5.513677272907880900e-01,3.116889311858542788e-01,6.655538970042296221e-01,8.764479328496841415e-01,8.535077131818775698e-01,8.745583063297349691e-01,7.825767698058375688e-01,4.647878475417441257e-01,3.248161448123431105e-01,6.985469107463817551e-01,7.224642806669705486e-01,4.488118567486817923e-01,3.892878972056715292e-01,6.571420621537131523e-02,8.495339106178457708e-03,6.208183827311624103e-01,6.926275328549372778e-01,4.068700649649630852e-01,6.142616800217997053e-01,7.749859199618014394e-01,4.887101497997756727e-01,3.147965679963866670e-01,5.371955439692870371e-01,4.567427332533348650e-01,3.567544256172149875e-01,9.910925467266159528e-01,7.319023552660606224e-01,6.357867308644359339e-01,3.620870573044867591e-01,1.803541802337237099e-01,8.615965939697367570e-01,2.416913264830060082e-01,6.977097436787369489e-01,2.938185638166828650e-01,4.022139821132822424e-01,1.140535620657991828e-01,7.157239242838145943e-01,4.822063202500501133e-01,7.081092300176502485e-01,6.107433469513310342e-01,4.467768291868330910e-01,4.384429192315228430e-01,6.404363059912386857e-01,7.725404188427354990e-01,6.187974747822724275e-01,6.239622946943135240e-01,9.000569247321358324e-01,4.648051165840781929e-01,7.485728799247586274e-01
9.031755439746735892e-01,3.133744663067953296e-01,9.145266592024591246e-01,6.924117054724592268e-01,6.617255822861537462e-01,6.738689593107505260e-01,2.086051855953610923e-01,6.879983219136469597e-01,6.823228019088667384e-01,6.195459694779579252e-01,0.000000000000000000e+00,3.519782783209228771e-01,8.165713995821410887e-01,6.645684063523631391e-01,6.257216636026274870e-01,5.512436593353178260e-01,8.255338315308101693e-01,3.955638862801782452e-01,5.199704932474035202e-01,6.263696528343766223e-01,8.110419211691858310e-01,6.390210414825436835e-01,6.673110557010513144e-01,9.343480020769286964e-01,2.822249211365988608e-01,9.672435998214768960e-01,9.743566041555551394e-01,4.828645551290764448e-01,5.914320826698808986e-01,4.396898258838632390e-01,5.746850927698610167e-01,7.391126694534739805e-01,4.505667575108568967e-01,8.992794812006135174e-01,7.400228851476158276e-01,7.578004081090603528e-01,2.974054338998565195e-01,3.216119924529257657e-01,6.928671625095952358e-01,8.486616350704107026e-01,3.584582734757370548e-01,2.160347418136975284e-01,8.085347887444613857e-01,7.944056799342353870e-01,7.860754667343918811e-01,4.812996828972551100e-01,9.693701282715659895e-01,6.099708208404697185e-01,4.325781020617187611e-01,3.442591655392198691e-01,8.673640018618153924e-01,4.140067334497162244e-01,8.249367476442406311e-01,9.480986353271446676e-01,8.717524944646023455e-01,7.537762416475293215e-01,6.396504023341154088e-01,4.346107886447452828e-01,7.260144995241399890e-01,5.113508157246762220e-01,6.860080976700463351e-01,1.986998008430962415e-01,5.914338328597464889e-01,4.447712601553630019e-01,6.876591124286396406e-01,5.406860758861018468e-01,4.662609527886093508e-01,3.478463213204008309e-01,4.101813646504670618e-02,8.275611523430923544e-01,4.000389155230180127e-01,6.417405753469562768e-01,1.334894460074740469e-02,4.111452846779176662e-01,2.336882229493495722e-01,4.749834834341976619e-01,1.174427924096447529e-01,2.219760074407723105e-01,4.889774609562360652e-01,3.014315942077045452e-01,2.636651895814409174e-01,6.744512882029534140e-01,6.787301285361124759e-01,4.802670737869603190e-01,5.398973651648120153e-01
5.854425912679176447e-01,5.591969278046722280e-01,6.321889189990125280e-01,7.797515140674016187e-01,6.587964754229431730e-01,5.682129307961806264e-01,7.748594501749656027e-01,2.282419109901117904e-01,1.347077081614233285e-01,4.453282195501145346e-01,3.519782783209228771e-01,0.000000000000000000e+00,8.778324826297847494e-01,8.243155557045647175e-01,3.399737865144411564e-01,6.786499433901417300e-01,8.473748830052497683e-01,5.557112595715765213e-01,2.000509971106659290e-01,5.605544965413233882e-01,7.215835364650837747e-01,5.414315701959860894e-01,9.107063430582950092e-01,7.123654255571206795e-01,7.054263076571392066e-01,8.223152135025499909e-01,8.520341329340608283e-01,4.200608680271185058e-01,5.445271701336060755e-01,3.319316337918080118e-01,1.460450294148852024e-01,2.925878060441297612e-01,5.799356967191425793e-01,7.327483979401919756e-01,7.896469275861920378e-01,4.922366512604181565e-01,5.886954365040718562e-01,7.767681561236831067e-01,9.408735291264301859e-01,8.547503296266177886e-01,1.122775459958315764e-01,6.050076509927279078e-01,9.175443115872673472e-01,6.802918613147067584e-01,9.116885814994235560e-01,7.637881090701216236e-01,9.200906296423345676e-01,6.019496011220493159e-01,5.050243641228954194e-01,7.799879652740449032e-01,3.882930646285250864e-01,9.348239062564574209e-02,6.653231107985411175e-01,3.201187016938905616e-01,8.939756835854133499e-01,4.668388150851089380e-01,4.277324664499718709e-01,6.342702541856118925e-01,8.494176668085167137e-01,2.008198943767111888e-01,4.439202498206439862e-01,6.661273273515646576e-01,2.253709868036255226e-01,4.028742397476705039e-01,8.457006983636049247e-02,6.704797249176486229e-01,2.548981200571593386e-01,8.759251074583517260e-01,7.700352945522577208e-01,7.003469131885310395e-01,4.149800228973800076e-01,4.079861180303257506e-01,3.832364638664217393e-01,3.924727588733450956e-01,6.481290819137333070e-01,7.732648718705414925e-01,8.471103886090628476e-01,5.671149479609387534e-01,3.090429371576888795e-01,2.518607171829301272e-01,8.883811706642666950e-01,9.725998314183703641e-01,5.767336720266440508e-01,3.850203530104244765e-01,7.881952051892202604e-01
9.949237363731365802e-01,8.626328828737507282e-01,9.402528064089955562e-01,3.564749096146233587e-01,7.636157159423155871e-01,9.517022461461870364e-01,7.181771610021487895e-01,7.244415648584390244e-01,6.437485203871714523e-01,6.018799682683082519e-01,8.165713995821410887e-01,8.778324826297847494e-01,0.000000000000000000e+00,8.788854667516795560e-01,2.402478058969872987e-01,6.546323109641083438e-01,7.705293003969557741e-01,6.381873938337360164e-01,5.974759138613308096e-01,5.620227775843666951e-01,9.312672438870053249e-01,6.367770044076697111e-01,2.838240039965737038e-01,8.571783615451317173e-01,5.437865295192687576e-01,6.551078716687241954e-01,5.621967024455984951e-01,7.402271981710242255e-01,5.264925006157579190e-01,3.786876796246251287e-01,4.032393994959734274e-01,5.425282450271233792e-01,9.994393982004567967e-01,9.166418676776069141e-01,3.303784395449254618e-01,2.383468824160330235e-01,5.668185046186683396e-01,6.257078373902956736e-01,4.323418461287080738e-01,2.932814257400394031e-01,7.384719522195680730e-01,3.652070887792452369e-01,4.003205970335063091e-01,7.564518268991156091e-01,6.082522034289933321e-01,8.229182629730159571e-01,6.586796661266595132e-01,4.291427846760391684e-01,8.073229802990512516e-01,3.851834400670317831e-03,1.125799357684881957e-01,6.970155588827025017e-01,5.646721785439835495e-01,6.465266921281475065e-01,4.882470120523476065e-01,6.403683133489247448e-01,8.285732694117744490e-01,3.726803412764059242e-01,6.567734213679774502e-01,5.235832290666907474e-01,7.760060836592954647e-01,7.583543703735741159e-01,4.246013441826088641e-01,6.417679363544179783e-01,8.226572582325327732e-01,8.662502385943129379e-01,7.286261567964059660e-01,2.345692105978497699e-01,7.053305733329611193e-01,4.723025275367803699e-01,9.619303445076481385e-01,7.566459785740192734e-01,6.336531100651870974e-01,2.285885044669560551e-01,6.727322442954328796e-01,6.406438835945766908e-01,1.432761506203888979e-01,6.159570616072604921e-01,4.696972085040163614e-01,2.685824334842033534e-01,1.298307947419527208e-01,7.778122534837076385e-01,3.004199628534363620e-01,2.647827107027639904e-01,4.502989741548435454e-01
7.348313363337608539e-01,9.948418023606824256e-01,6.768943766182974331e-01,4.066091405253884350e-01,8.424902222700595411e-01,4.274118066556104600e-01,5.618573797864241381e-01,7.491085086869873066e-01,8.381911703485652732e-01,7.181444462585327981e-01,6.645684063523631391e-01,8.243155557045647175e-01,8.788854667516795560e-01,0.000000000000000000e+00,6.599738080066764878e-01,8.125983367600918550e-01,6.141790993315877634e-01,5.315478583696547910e-01,5.475835999535073606e-01,3.201525317401815451e-01,9.970066756084319248e-01,8.943858981845350664e-01,5.381749486160652962e-01,6.132237444292821804e-01,3.663691613889438758e-01,7.188903375693206366e-01,6.400396760879581981e-01,4.970311193734490707e-01,2.041045789346297157e-01,4.130855975991245543e-01,4.624308139247294558e-01,-1.572779749825850004e-01,7.317392247193957866e-01,8.983628938623562377e-01,3.811493637049502281e-01,2.332603202234781459e-01,3.329402777488620901e-01,7.689237556373773597e-01,8.192618435994284409e-01,4.011481336117692087e-01,-1.619578778837602040e-02,2.405415853488049316e-01,6.893919324444607311e-01,4.734841848331778902e-01,5.792084633328221654e-01,3.370749607296141814e-01,9.791891413840076996e-01,4.727226825607016569e-01,4.720624634952462761e-01,8.136161426279552300e-01,9.765523783591625318e-01,8.541918872744025393e-01,7.039800193414657015e-01,5.083368009410282884e-01,3.668224781839536375e-01,8.398013448693748551e-01,9.372402218902945448e-01,9.345856893265017673e-01,9.552474283684830869e-01,7.365281062190141004e-01,2.954415380728822038e-01,4.913561798858969154e-01,8.256528561553391210e-01,6.547229749596645831e-01,4.391598458434333163e-01,6.417639727213100276e-01,5.240856421847872593e-01,5.544323011454205252e-01,5.548503231058038443e-01,5.450374542394205157e-01,6.614631396238345173e-01,4.349826117312527440e-01,6.444917525961442184e-01,5.953422389639897450e-01,1.815286598495513548e-02,9.667501120894221867e-01,7.225355580476763295e-01,6.283751192910288497e-01,7.463397951397282570e-01,5.490930805850335883e-01,7.788505089444977547e-02,2.542677114743839839e-01,5.075539499454962966e-01,6.085600855984545365e-01,4.095560384002394638e-01
4.169238649044780809e-01,7.908225790147040968e-01,7.443633660408950359e-01,4.436408500610332095e-01,2.137300838030130323e-01,4.900637707675860599e-01,5.595381829154459918e-01,6.826150600705621629e-01,7.218160844525185471e-01,6.186446288390929915e-01,6.257216636026274870e-01,3.399737865144411564e-01,2.402478058969872987e-01,6.599738080066764878e-01,0.000000000000000000e+00,4.941756176089107666e-01,7.048244941464515412e-01,6.931423655842267051e-01,2.728828177208076355e-01,8.361394571518763197e-01,8.965879014303246297e-01,9.569131265843102696e-01,7.733245294279844639e-01,2.945125865307756108e-01,6.738073720354694762e-01,6.263228067360235851e-01,7.184765670485102618e-01,5.807491507460367242e-01,4.894140640832221889e-01,3.530200048989856620e-01,8.388900896168929311e-01,3.025337906815397937e-01,7.761844036590211937e-01,7.565323410093853784e-01,5.717896677582532394e-01,4.271573657592318551e-01,6.579688547721022074e-01,6.647361234506312666e-01,8.284978109429379511e-01,5.304400632250863001e-01,5.702886471103583155e-01,8.574423872433888094e-02,7.400879688961736758e-01,5.905532293859618864e-01,8.219165592989006175e-01,9.426058819489204765e-01,7.042713927906399940e-01,2.331233388194532963e-01,5.924940174678738902e-02,4.098909100339920286e-01,6.783047707634481949e-01,9.682147316119491531e-01,6.269324454495343035e-01,6.828615628414280714e-01,8.742865252424921740e-01,6.119520378997084231e-01,6.948941096537805118e-01,9.431177272977799841e-01,9.500504005072204494e-01,4.279288001514558459e-01,2.340055873261251418e-01,5.665714626405189414e-01,6.270320253741973326e-01,2.400736972512113876e-01,8.537476957146621359e-01,7.198732670680030310e-01,5.201028183217148992e-02,8.105953824728114876e-01,5.955263356032429733e-01,2.084407642323741761e-01,7.625815194950175124e-01,5.504919390529220413e-01,5.127128381725305495e-01,5.654143545987208030e-01,7.699582239337733336e-01,9.159190597248807464e-01,6.042395852055285621e-01,7.044501724516853969e-01,1.039586266643914916e-02,2.046735739375940555e-01,2.930816833195790116e-01,3.273302753654245834e-01,6.532225834726880231e-01,3.297967278263226332e-01,1.168306476594734855e-01
3.621761211243493817e-01,6.843692022314067369e-01,4.945373100844966396e-01,5.455357985278492805e-01,5.479664123726126768e-01,4.777443718127249994e-01,6.258790031984881042e-01,5.396495010479902543e-01,6.877547324612297563e-01,3.628922550709637873e-01,5.512436593353178260e-01,6.786499433901417300e-01,6.546323109641083438e-01,8.125983367600918550e-01,4.941756176089107666e-01,0.000000000000000000e+00,2.417185861407842584e-01,9.615260252522135342e-01,5.084303619550559761e-01,8.698232687119912265e-01,4.234582586406683280e-01,9.516852716718693372e-01,5.329001483545724449e-01,1.275485004401131495e-01,7.916545625543749409e-01,7.396334432222539945e-01,7.975437711947007680e-01,8.152791471299467574e-01,4.973370714783064694e-01,1.118529794058966548e-01,4.303560575678067601e-01,4.006224585690391082e-01,5.118917951677952605e-01,6.606624988618945427e-01,6.134537158170239035e-01,5.768773486948919338e-01,2.340942241312014838e-01,3.637219891391483273e-01,8.318190681296672162e-01,7.130629253980559357e-01,7.331447171131043605e-01,-1.799609005475069634e-02,8.871137180924537624e-01,8.609595996697815279e-01,4.873637091123320664e-01,6.870734664626257926e-01,3.323679227529880986e-01,8.076579727060857472e-01,7.547182893886004162e-01,7.880041381573676951e-01,2.536037879380702575e-01,9.031583888188073894e-01,7.096413990026467777e-01,4.285809942024106367e-01,8.134248178573127985e-01,6.953152224484218102e-01,6.546532245160995300e-01,1.443840092599575076e-01,7.208455451028539240e-01,4.985754042642990269e-01,5.678186329057587356e-01,7.032215361450133706e-01,6.890027872601502956e-01,6.857038104903695475e-01,8.737482101575764215e-01,8.218948937459273907e-01,8.381796401610676073e-01,5.679481676953005431e-01,2.196085577489376162e-01,3.683384538148989362e-01,5.539347471393314404e-01,7.589095834370606086e-01,2.391875826314222298e-01,3.540313062732568516e-01,6.200016642604718742e-01,5.594140545785457608e-01,6.427403262820863272e-01,4.275190882916138913e-01,2.053717351995397455e-01,2.794575604112160550e-01,5.469014406366754510e-01,4.965991909986427477e-01,7.207581025985037027e-01,5.178185569140817401e-01,8.138279459385140413e-01
7.268284844735772854e-01,7.254121830005101357e-01,6.680879130185943815e-01,6.132333849783750956e-01,8.156968086278373331e-01,9.253863363014092069e-01,7.860833966478693036e-01,2.385971044622218484e-01,7.223665521912983056e-01,8.640136547610505202e-01,8.255338315308101693e-01,8.473748830052497683e-01,7.705293003969557741e-01,6.141790993315877634e-01,7.048244941464515412e-01,2.417185861407842584e-01,0.000000000000000000e+00,7.591670548523496986e-01,9.036471225301272447e-01,9.728030753312973955e-01,6.894536607340694401e-01,9.207581849427675103e-01,5.911804425922134731e-01,7.474567187111915700e-01,4.782363670925383614e-01,7.430173462571618703e-01,6.909636887817738327e-01,6.719263643287747279e-01,3.112565138529461151e-01,5.821157842954969297e-01,4.367572893473584128e-01,6.299892638527384570e-01,3.684096172842032946e-01,9.307459425815040044e-01,5.682555453212858598e-01,7.783620991459843097e-01,5.871027658173828545e-01,7.177791893427063474e-01,6.154847889049964715e-01,5.688428738309132537e-01,-1.805098030489449279e-03,9.931016990188952231e-01,6.374932217068486340e-01,8.862623924887335081e-01,8.479708504842583539e-01,7.857382103057151124e-01,7.638732984329300590e-01,7.483666201919607630e-01,2.903637975633726609e-01,9.188077299280983379e-01,7.263788605338625803e-01,7.326256785096151303e-01,4.743266993925980279e-01,5.585441390997529787e-01,9.852558899748047327e-01,9.139102716254131620e-01,9.250405805849745144e-01,7.671665025439083907e-01,7.349134215655763747e-01,2.938713240258178372e-01,5.900430918276371450e-01,9.004843820694540257e-01,8.882177381269497074e-01,5.457603755590048067e-01,9.530867551003747717e-01,4.285735057898109046e-01,7.803487930820665053e-01,9.571566556221816624e-01,6.249527569365926905e-01,5.689786984068684328e-01,6.291299395012904805e-01,9.013253079173345617e-01,5.351002914291759227e-01,7.050275042151893379e-01,6.513264719489453292e-01,5.882752564874713652e-01,4.775243958023961399e-01,3.262666434694299067e-01,6.399013814358927021e-01,2.924331290949964274e-02,2.548396271205617958e-01,7.535347058407988463e-01,9.019392450316942034e-01,3.986383225858103341e-01,7.343417666916813857e-01
7.568040891033305240e-01,6.054140444412249300e-01,8.441014036205752857e-01,6.543168721166082724e-01,8.368238444958668865e-01,9.846618072008913591e-01,6.765110839795154263e-01,4.983776158928746036e-02,7.900575199104700186e-01,1.725481625371563799e-01,3.955638862801782452e-01,5.557112595715765213e-01,6.381873938337360164e-01,5.315478583696547910e-01,6.931423655842267051e-01,9.615260252522135342e-01,7.591670548523496986e-01,0.000000000000000000e+00,4.859577842304578232e-01,5.098472371393137914e-01,8.571806495407283677e-01,7.002862274915171437e-01,6.679109187980519780e-01,9.082578626050791248e-01,2.164724588468052713e-01,8.660405344714601217e-01,6.512208021989289719e-01,3.348838788421597545e-01,3.634554830297626049e-01,2.239537634046839809e-02,4.680062870568550415e-01,7.672650937044502850e-01,3.560910380957501564e-01,3.282804174097497807e-01,3.749174129129587696e-01,1.399439587394921691e-01,2.349442429786099962e-01,6.855281247374255260e-01,5.276716127687581803e-01,7.920677489510601355e-01,8.300273123136944209e-01,4.017575128564363496e-01,4.136341284244035577e-01,-3.297640991397049470e-02,7.730566147780030262e-01,5.585443716545408499e-01,7.409437784275527683e-01,6.436564711329004762e-01,5.816159423110652815e-01,8.518487317966005890e-01,4.889651427548409868e-01,6.238798902080996411e-01,8.080680464849051559e-01,5.733988359305988158e-01,9.765669058949689729e-01,7.233198723592489943e-01,8.529498581586928418e-01,2.812627364232512805e-01,6.864291029738244232e-01,6.807176389763134328e-01,4.097329767664505407e-01,5.081882464253635323e-01,2.136947328661600587e-01,7.742082234015367215e-01,9.426274812815461646e-01,7.819190370452794303e-01,6.104952327963968362e-01,5.651760231932895229e-01,1.027796623642407287e-01,6.650999417095853072e-01,4.008157385025761799e-01,4.217795021955943469e-01,2.812801725473836334e-01,5.821176061689858905e-01,6.312022967393565720e-01,6.888777863649310218e-01,7.713847215876343810e-01,5.834332845936125445e-01,6.439247307054898339e-01,2.313163081950829203e-01,7.538523099188251253e-01,4.796008591145015654e-01,7.613103093448694292e-01,6.095911166874390386e-01,7.000682538115613474e-01
