0.000000000000000000e+00,6.408846561139573961e-01,5.823334627091302229e-01,6.608808498398416331e-01,9.014233161561401309e-01,6.160179672374511695e-01,8.394253518144851878e-01,8.042823208367079202e-01,7.914692512072142305e-01,7.339357233244694356e-01,8.138837052255891713e-01,5.018239726817232960e-01,8.650536454428580102e-01,8.069000129553961509e-01,9.302861802517831125e-01,6.921840867022746036e-01,6.942284472065070045e-01,5.055235871562669958e-01,9.929008942019540429e-01,5.688274117096165927e-01,3.696260492121434815e-01,7.726246572400480295e-01,8.145671606200435289e-01,7.503134516652046893e-01,5.100986117220192018e-01,5.815438232102596583e-01,8.927303450827471787e-01,9.382346357081512433e-01,4.286487709355318865e-01,5.518838511630466126e-01,3.192680036808220878e-01,7.540027823615043090e-01,7.905712446686887773e-01,4.269356032554692537e-01,4.573160608239129621e-01,4.563234509084237445e-01,2.237898053833059786e-01,9.427603932780317386e-01,9.342702972776757431e-01,6.386393940155576932e-01,4.309438389561295324e-01,8.829489391485920713e-01,7.828465553842501867e-01,8.769493549371241148e-01,6.009232734466186665e-01,5.602920621207299057e-01,9.156048013802536856e-01,8.582958271472097556e-01,2.998187535877144261e-01,6.953578037101377785e-01,7.856132734648659799e-01,7.818882800333326610e-01,5.477072910371119097e-01,9.971688623111458760e-01,6.881076836592360246e-01,9.824352627568923024e-01,6.403334113741243616e-01,6.842819117322206379e-01,2.800160696373730218e-01,5.348859538782654299e-01,7.281615390271675148e-01,7.063715597543211988e-01,7.218583035710151030e-01,9.094239315295358228e-01,8.262958506703734773e-01,8.330854719910961714e-01,7.292479359416125240e-01,7.117153149867530004e-01,7.842137969596748581e-01,9.207053786241546911e-01,2.217020845728583447e-02,7.775869826271814000e-01,5.459728424330575480e-01,7.314751393418924552e-01,7.839337844533331712e-01,6.636702220838601729e-01,8.370204982597609922e-01,9.957632804012767069e-01,2.083945832434472012e-01,3.618063771427135755e-01,6.940056780029046912e-01,6.129415959778636847e-01,5.510135840801981821e-01,5.771633489628493763e-01,6.467323790946453155e-01
6.408846561139573961e-01,0.000000000000000000e+00,4.842138887008423653e-01,6.978337747416381021e-01,9.382704288647381041e-01,4.319708617364049208e-01,6.509229055418128684e-01,5.630742462971556339e-01,6.115259891324379415e-01,9.302967772239035815e-01,6.962232103910815928e-01,6.037426213629627503e-01,4.623695187782078109e-01,7.418474474856340262e-01,6.366711844219666294e-02,3.243124787698330458e-01,7.064221861856948559e-01,9.152840825151964399e-01,7.406254692556624164e-01,5.193492489175848270e-01,8.599276817212220259e-01,5.881171062361532087e-01,6.253953964882873473e-01,4.800018703946840604e-01,3.110656000351111339e-01,7.330477616028935328e-01,4.364928125678719240e-01,6.666080852894145092e-01,2.796705160827906989e-01,1.441134648681747787e-01,2.698316558273256005e-01,7.314627626689642614e-01,9.567657132901972172e-01,4.146048481141842990e-01,5.053596824717846436e-01,1.500226042163429196e-01,4.723310023797395729e-01,7.221228780725690299e-01,4.260107191167675778e-01,5.960194541003031032e-01,1.585907294935495759e-01,8.733395711647179427e-01,8.848008530830047125e-01,8.691856705827213370e-01,4.695656085050099460e-01,5.775996563605449996e-01,5.849362371538759930e-01,7.078464156071477831e-01,2.781013140365219405e-01,4.130007275962963020e-01,3.684064294088174041e-01,2.487258536513610729e-01,7.788912810604784465e-01,4.844833056075463218e-01,8.379281159157702108e-01,7.068503317721551715e-01,9.216049925601941251e-01,9.498889775300435323e-01,4.148813726257556955e-01,3.790038200350109299e-01,3.350311470357690835e-01,7.034491529688440270e-01,6.095273870519890558e-01,6.049702012755318048e-01,9.169389968284913373e-01,5.790458843853838466e-01,7.380772315709571707e-01,9.450214147030708833e-01,4.813359400558891998e-01,9.605088550943943759e-02,6.935731981324730899e-01,6.017824743197793813e-01,4.031852942063691159e-01,2.774552181903716108e-01,4.576945243699597765e-01,8.271008945903388643e-01,5.421692032804374950e-01,6.426249187192402124e-01,2.062160606474260915e-01,5.545789288215284829e-01,6.270422639251882480e-01,5.494918542795190763e-01,6.780415871312369669e-01,2.814127499170563929e-01,6.278172875222071125e-01
5.823334627091302229e-01,4.842138887008423653e-01,0.000000000000000000e+00,5.417078411253093417e-01,7.837362076026378466e-01,8.725285988504076773e-01,6.859990171528721481e-01,9.624018619891747672e-01,4.310421009508711987e-01,1.500606570835540388e-01,4.140164707120827514e-01,7.631438250484791075e-01,9.216098271312224144e-01,8.629465150414199481e-01,9.948181514694880434e-01,6.596929087204135289e-01,9.639783221578025474e-01,9.153862528656038222e-01,6.621276018138487762e-01,8.375427720300775425e-01,6.139190311923166110e-01,7.480111582840777151e-01,9.250766555822902415e-01,8.321723358448003260e-01,6.025470637503703708e-01,4.517845231591779420e-01,9.494923680487989959e-01,8.551929284589084856e-01,3.644920689567260341e-01,1.788083073229480846e-01,4.939385036944113905e-01,7.863819276931519608e-01,6.421149577195096603e-01,8.408379100865333022e-01,8.733392848738896763e-01,4.055520063667827912e-01,2.339878881293724899e-01,7.728654728510927496e-01,6.808867085472647407e-01,9.361126060409520333e-01,5.972458787815098091e-01,8.344739552103436209e-01,8.177001449937938427e-01,7.901440702135125171e-01,6.169856270453206726e-01,1.078200763398240447e-02,4.587968208105229206e-01,9.289283536207980640e-01,5.512681572738030722e-01,8.427413391179782165e-01,9.178950521050410760e-01,4.718871416816995956e-01,5.483348651981867494e-01,6.105720357189672320e-01,3.777321460717000257e-01,8.828110408892382299e-01,7.255126117415439113e-01,7.707614852002708794e-01,4.793324489628429386e-01,6.696329041941915250e-01,2.615926571437688919e-01,7.402244894768252870e-01,8.133188634898161906e-01,6.765180546104375692e-01,7.489884427302347936e-01,6.950644026803570741e-01,7.193269163634693486e-01,9.794271496622861672e-01,3.767924387515486084e-01,7.002192595830761812e-01,9.226030876289081917e-01,9.441185724793674794e-01,3.988957430535325921e-01,1.554609972710716687e-02,8.563385013401925150e-01,5.275500161464905524e-01,6.921905537372000650e-01,9.034669259298132582e-01,1.321395096219277476e-01,2.748205440846664405e-01,2.248167874076236958e-02,2.332312542238675068e-01,7.408900902289232704e-01,3.860243058248962189e-01,8.705649531258206064e-01
6.608808498398416331e-01,6.978337747416381021e-01,5.417078411253093417e-01,0.000000000000000000e+00,3.371747108814120431e-01,7.838982919934118776e-01,3.438824871182794563e-01,7.060802888916013487e-01,6.464377644288180624e-01,8.272241077143072108e-01,9.689251269270490186e-01,7.322160028935786880e-01,9.735079877414515304e-01,7.145629940989476347e-01,4.078625449181855767e-01,9.054375926815959597e-01,6.110093042525786000e-01,7.178346408062274975e-01,8.660158054281803519e-01,9.195900366705601625e-01,7.476406572483232926e-01,9.454271832555020127e-01,4.839989701986558424e-01,2.960102293771940118e-01,2.604901673710393606e-01,6.418656473101176374e-01,7.981725868107261146e-01,6.739026021888993023e-01,5.158097633431091289e-01,1.654562931610934623e-02,7.625891187776190350e-01,7.588515187760439540e-01,7.285553814370118175e-01,7.017046418424190968e-01,7.902787621604371315e-01,7.892743439247247306e-01,1.797597020165704607e-01,3.385450533049801924e-01,9.420769472295538183e-01,5.762510798430764414e-01,5.195814967836602793e-01,3.033849105325450712e-01,6.276704507492499863e-01,4.832659865173555835e-01,7.920387453521740007e-01,6.195073179511286776e-01,8.118711810227010606e-01,8.180719873146642396e-01,7.704815158660056618e-01,5.789729926519959768e-01,5.717227657165738219e-02,7.510594076546438513e-01,7.787130372827644198e-01,6.893027985269103430e-01,7.967222089124115225e-01,7.561195049935545143e-01,5.528618724788670891e-01,5.554696404791159559e-01,4.274771038889141339e-01,2.423701635504451890e-01,6.647906884404028993e-01,5.092367455696467093e-01,5.733225442789595672e-01,9.283321319487272127e-01,7.943980826310019783e-01,9.532538634678842104e-01,6.904048065013755897e-01,4.447583642804855963e-01,6.865699725652795182e-01,7.039801331015212993e-01,3.459111506526987290e-01,6.499018832917323740e-01,3.642852055646039755e-01,4.528726384311175246e-01,-1.198672416365272331e-01,9.569173195341849070e-01,9.066325900424669904e-01,7.646422753623687285e-01,2.383163486731361413e-01,4.236456502722639739e-01,6.290022008003857135e-01,5.795232464434104669e-01,4.409976244021832081e-01,8.183894381170518650e-02,9.720406147047582213e-01
9.014233161561401309e-01,9.382704288647381041e-01,7.837362076026378466e-01,3.371747108814120431e-01,0.000000000000000000e+00,4.376240390003258152e-01,7.827527737225263849e-01,6.301823789148086608e-01,9.375811843895864861e-02,6.118725481553705103e-01,7.264489643344290704e-01,7.001415322100125183e-01,8.226098327657265230e-01,6.545561741050501814e-01,7.638208494966164386e-01,7.855393578606478799e-01,6.530630580569232180e-01,7.597472921691030834e-01,9.672677224664566475e-01,7.952433297413256108e-01,8.752487416115777297e-01,7.112768804845484016e-01,7.532286008145810952e-01,8.680346282152923143e-01,7.650893078936673586e-01,6.006178635786688647e-01,8.889253262467120553e-01,7.085756382855638025e-01,6.845576580260456234e-01,1.983153442213572426e-01,3.504287641297802458e-01,5.066478980238384722e-01,9.892314407697258005e-01,6.248840267526376557e-01,4.532679216596919858e-01,5.735518103210484053e-01,4.546019404842308043e-01,2.139616602706498338e-01,7.117123916179530774e-01,8.548633853537449534e-01,4.047188850349349165e-01,7.246704811624476994e-01,8.984788051523497909e-01,5.636940048231628975e-01,8.895056845301915205e-01,9.405271576542060252e-01,6.644373243305997656e-01,6.708381569410822864e-01,2.109074947100863517e-01,7.929154502231838819e-01,2.030387006238636438e-01,8.700160566988958122e-01,7.191248713602629294e-01,9.355951871470120640e-01,5.477669184331124264e-01,2.022964447232717400e-01,2.409357706687467460e-01,7.549240874943293766e-01,3.436736421974082578e-01,3.643479120407696059e-01,5.308613054919374408e-01,6.382101757493502392e-01,4.307111910654739528e-01,6.034740158112232855e-01,6.615166514031136646e-01,5.859183430754602018e-01,6.676578935464192455e-01,6.279476251403379727e-01,6.516221759315665718e-01,9.177054913669201452e-01,8.605227964419921438e-01,5.884106095644967560e-01,1.539381906361135532e-01,7.373215949936204883e-01,7.905744933039314803e-01,7.284881174018861261e-01,8.392285684130593726e-01,2.891315196337290172e-01,5.836273236266527054e-01,1.116056005988538546e-01,5.104624597943554498e-01,5.747307227044580191e-01,6.712301118616793572e-01,4.960233241734827159e-01,6.550406422632044645e-01
6.160179672374511695e-01,4.319708617364049208e-01,8.725285988504076773e-01,7.838982919934118776e-01,4.376240390003258152e-01,0.000000000000000000e+00,2.405460447654554912e-01,4.704023668298793481e-01,5.136960633974257950e-01,4.125960259900114391e-01,7.357097096151077320e-01,5.338208199740630544e-01,4.071252833926261583e-01,4.919932434123461817e-01,7.519074920014882091e-01,5.967421650726800753e-01,9.650504394379184614e-01,3.897304553761640200e-01,3.179520716519222967e-01,6.503754373835569647e-01,9.012325897574169353e-01,7.810584725767221181e-01,6.088866382724510418e-01,7.003675934815255522e-01,7.321088095372464410e-01,3.080598216463696915e-01,7.849724967771840589e-01,4.655738626318908224e-01,6.522625498828953372e-01,7.111236683472725584e-02,7.883417098822286251e-01,4.403196718545307475e-01,6.499387763229154125e-01,7.045387572029901957e-01,7.617830018495690414e-01,4.552165415026541151e-01,5.550870222987608349e-01,6.782970754564877636e-01,4.875022707005542966e-01,9.521080624231061940e-01,-4.446531381373161618e-02,6.510070514908266048e-01,6.384836028146864129e-01,7.320643008034675159e-01,4.464544605921060838e-01,2.914462900550120472e-01,7.810941722352776617e-01,3.964475854549561751e-01,4.834883771146160636e-01,5.379672628959561997e-01,5.711234704895717940e-01,5.761674042278561725e-01,6.755905029878886969e-01,4.066885039347134523e-01,7.624573854960787767e-01,5.532344680811406290e-01,6.601358313031536751e-01,9.211836968813933435e-01,2.079668485101890396e-01,5.800225390414103233e-01,2.874536596155481960e-01,4.888464664005270355e-01,7.779271811436857531e-01,8.268666018511759974e-01,4.961852616854742770e-01,7.897770926606075825e-01,4.796465074923727534e-01,8.063280071301576202e-01,6.131145635415697903e-01,7.176564823731613751e-01,9.191134680321655370e-01,9.005557177223457721e-01,5.424078622327327404e-01,1.169822677309613063e-01,2.045379973033080723e-01,7.963066898806794303e-01,7.513208027764648467e-01,4.336600529602911980e-01,5.355564610539503834e-01,-3.330017486375502767e-02,5.588243185479382369e-01,7.728906524353603702e-01,5.724702741321558985e-01,2.958846863678378791e-01,4.091207568745179879e-01
8.394253518144851878e-01,6.509229055418128684e-01,6.859990171528721481e-01,3.438824871182794563e-01,7.827527737225263849e-01,2.405460447654554912e-01,0.000000000000000000e+00,5.068787346132845872e-01,6.276236196472652074e-01,4.608357606476429780e-01,2.088359984544385373e-01,5.344345522723508157e-01,9.904945565086822334e-01,1.081842745778168607e-01,4.620719365540619794e-01,7.128436224532164189e-01,6.034922546110439434e-01,1.802890987730286776e-01,-1.463775293223140150e-01,7.408831015348479321e-01,9.954992300571442465e-01,6.175945100558640766e-01,-3.034686232631850222e-02,6.499766657858877528e-01,3.680726863804838489e-01,3.139258371173992423e-01,8.476677262932174051e-01,4.368052742468192529e-01,2.577602077458114871e-01,2.288825931012255510e-01,1.366558026829639838e-01,2.091243846336646450e-01,2.870754045898694651e-01,6.571813244732781500e-01,4.655093937491024958e-01,5.878425031063168049e-01,2.549353912368264585e-01,5.001908424825917132e-01,5.902845807840553238e-01,7.526880319740989478e-01,6.345867165286289691e-01,7.459012494699057694e-01,3.278880532886409016e-01,2.126147170350885796e-01,8.829384472017598462e-02,7.061422425258699898e-01,4.696972231263779607e-01,2.173627288307250216e-01,4.024168824610901973e-01,6.991997610051573497e-01,-1.619575748969614704e-01,9.580858612397374907e-01,2.495943439346697823e-01,4.837440644828064906e-01,8.870744740463094580e-01,5.465198099824679634e-01,1.267179405056516606e-01,5.018524384124286586e-01,7.227476777487870097e-01,6.236381044653959149e-01,1.037415033148809534e-01,6.169383131313735946e-01,5.432856636609547651e-01,4.937958441550472366e-01,9.727737942257277393e-01,5.488174484147831933e-01,3.071999543490969709e-01,9.950867669869356558e-01,6.196017495695453903e-01,5.766690865905562680e-01,5.988979837318056942e-01,6.238782743846940093e-01,3.213383677727934540e-01,7.698400671459428857e-01,3.425035012607244855e-01,2.527719480779174743e-01,3.530341059785296887e-01,4.474009317458461088e-01,7.818236233290899451e-01,-1.585606876959047284e-01,5.836230361833932845e-01,6.732998383779288387e-01,1.778364147299520415e-01,4.832161120456428538e-01,5.350920339061132625e-01
8.042823208367079202e-01,5.630742462971556339e-01,9.624018619891747672e-01,7.060802888916013487e-01,6.301823789148086608e-01,4.704023668298793481e-01,5.068787346132845872e-01,0.000000000000000000e+00,4.796652151839805311e-01,2.830888478924958873e-01,2.368196917940039170e-01,6.217093015818806467e-01,5.087575059650870646e-01,7.575207545169413414e-01,5.870850921318879756e-01,6.553274856715217700e-01,5.148951426648822327e-01,5.867792449794685394e-01,5.413696535503544904e-01,6.713208449899114028e-01,9.362237092580651954e-01,3.975010522576367666e-01,5.103584093401676292e-01,2.979799954651383143e-01,7.555364923636321839e-01,6.102405202656348004e-01,2.801985614410402170e-01,7.615785293068919604e-01,7.404630566190174568e-01,5.507980537701537838e-01,4.446409497759933882e-01,4.067116221708824697e-02,4.668133406044646661e-01,2.715758060329688250e-01,6.138817201429638271e-01,5.881840034827750391e-02,4.548661143643917826e-01,4.205742206940786820e-01,5.585738197600107480e-01,8.539932201574709780e-02,9.962450855105056124e-01,4.452593329837693514e-01,6.945937260673761271e-01,6.133788431817287501e-01,8.868644968474194146e-01,3.302069807982737082e-01,6.036059530480238910e-01,6.150573587801734243e-01,7.076242802408863053e-01,2.128469559684580473e-02,2.603282308335763684e-01,2.300089910885472488e-01,-1.210778413169221190e-01,4.696538002258365263e-01,6.741918847306256346e-01,4.745080452182459663e-01,7.611659409326829717e-01,5.191324055801959103e-01,7.526954933930425362e-01,5.277670809644261496e-01,6.503616546689292566e-01,5.214640893599448157e-01,6.511489060530499806e-01,7.550473144717775309e-01,8.940123447224584963e-01,5.587387335443418923e-01,3.666776997143990635e-01,4.457691011077956067e-01,7.650311961246824000e-01,7.905830394921995463e-01,5.460746898994733867e-01,7.802777990081321002e-01,7.710292578317419210e-01,-2.915868991702165181e-01,5.453286062216702312e-01,9.164092634798646220e-01,5.997665165516246066e-01,6.373854593960663895e-01,4.637896947263114855e-01,2.374532199102108720e-01,-3.718218849583163066e-02,6.322533302248121156e-01,6.056527652469440026e-01,3.858477682791554564e-01,2.456233040964046488e-01
7.914692512072142305e-01,6.115259891324379415e-01,4.310421009508711987e-01,6.464377644288180624e-01,9.375811843895864861e-02,5.136960633974257950e-01,6.276236196472652074e-01,4.796652151839805311e-01,0.000000000000000000e+00,8.048316508725344987e-01,3.482936365550467483e-01,6.475070522763259895e-01,9.725474604211136187e-01,6.263479360052205402e-01,9.363594259035354916e-01,6.196487857514104691e-01,6.152196286838743644e-01,4.563456258071281746e-01,7.462643910554616067e-01,7.012591202110135535e-01,4.866798775474552308e-01,2.121675775553897580e-01,4.052054301065095010e-01,7.067516524850797621e-01,9.866506843745690425e-01,9.267128563280704334e-01,8.015592202722232607e-01,5.209313361844363222e-01,2.192597286582838589e-01,3.521596306445029523e-01,1.383987297972968100e-01,5.382822216675887672e-01,4.832962860711713660e-01,3.850023040359787374e-01,7.006126783685048265e-01,4.884360573435164721e-01,5.327361350356613068e-01,4.884957559931298876e-01,4.986307529864455468e-01,3.447689059990383109e-01,2.574900497584181602e-01,9.674435263173821742e-01,9.448902269619705585e-01,4.641252908294667412e-01,7.457224853258394015e-01,7.137598966849145743e-01,6.033499075178654358e-01,5.144118075715475857e-01,4.233705212240811422e-01,7.951464330010981074e-01,3.628330675088609625e-01,3.870351265876406099e-01,4.115932658179464187e-01,7.629072612802113573e-01,6.360635619732871726e-01,6.966084613742082876e-01,4.872002787063708928e-01,6.564662042281390608e-01,6.006605035891463551e-01,2.966588787319018872e-01,3.780557273472996416e-01,4.604667427475406805e-01,3.716393808423175127e-01,9.874937011411647481e-01,7.874875336741518073e-01,7.915224104723628251e-01,6.728761824917353085e-01,4.435100381364204813e-01,4.224770486365013733e-01,4.119093536335586281e-01,9.662404361617806803e-01,5.553711977258715127e-01,7.419706059861466141e-01,2.028639850930368804e-01,5.917939053266498828e-01,7.831922200178977889e-01,9.045897780756132489e-01,5.270981884471219736e-01,7.974781419544886285e-01,3.810464125216963538e-01,4.986321511477170842e-01,8.496102826599143398e-01,4.049154449180331072e-01,4.596521712811948435e-01,8.227967086598276802e-01
7.339357233244694356e-01,9.302967772239035815e-01,1.500606570835540388e-01,8.272241077143072108e-01,6.118725481553705103e-01,4.125960259900114391e-01,4.608357606476429780e-01,2.830888478924958873e-01,8.048316508725344987e-01,0.000000000000000000e+00,4.871567737158360445e-01,5.475801740495737091e-01,7.031608208461421761e-01,6.905933698051918146e-01,4.620859485881512740e-01,4.379366239314182452e-01,9.908609156553944697e-01,5.055503304022452848e-01,7.415464869949216220e-02,7.670695084162422184e-01,3.799087924574393593e-01,6.693836269625850210e-01,3.652834021866521175e-01,6.593832109870482183e-01,6.420149709052854758e-01,7.503251521205133168e-01,7.908326019795101081e-01,7.757448403990716557e-01,2.818098253175946311e-01,5.247494918530646313e-01,2.408657360000466263e-01,6.899483233237357904e-01,3.407215050839171866e-01,2.155155077772084593e-01,7.415109420325169953e-01,5.735207339035224283e-01,5.847887690383828385e-01,6.648990952174501645e-01,4.160354549507080391e-01,7.046713666778795515e-01,7.254765606686478518e-01,7.618907475833783804e-01,7.520172801373156135e-01,8.016200595216530500e-01,6.465303481094748506e-01,5.270883035218177914e-01,7.362055007184593602e-01,7.658430990481338574e-01,4.672426123326895997e-01,1.181534708703833730e-01,-1.725453999955884332e-01,8.445725585192199736e-01,8.878014110421208471e-01,5.889178040284858140e-01,4.344290896844982264e-01,7.625845841439971018e-01,6.475719018747706501e-01,4.803259372815028017e-01,5.621888849276437394e-01,2.123707822108304166e-01,3.778430182351887323e-01,6.362549755203645852e-01,2.541223569228567292e-01,6.584375288839888762e-01,8.762297364002390454e-01,9.851892581000347704e-01,9.847157110153603732e-01,7.011777920122810315e-01,7.964078482403105230e-01,3.713492786401586532e-01,3.101275226809994678e-01,7.691278573084641135e-01,5.379682568414902999e-01,3.466968360697708640e-01,3.459056961459224810e-01,6.834073026771767534e-01,9.155137381875388947e-01,5.904163432245106424e-01,4.457275395935146323e-01,3.272890617308595873e-01,1.495299961395404609e-01,2.109121740687187607e-01,7.943595023379420583e-01,6.650933983880875644e-01,5.916634895059725840e-01
8.138837052255891713e-01,6.962232103910815928e-01,4.140164707120827514e-01,9.689251269270490186e-01,7.264489643344290704e-01,7.357097096151077320e-01,2.088359984544385373e-01,2.368196917940039170e-01,3.482936365550467483e-01,4.871567737158360445e-01,0.000000000000000000e+00,1.005503060730887077e-01,4.853572148490852833e-01,9.201014590302991625e-01,6.805224749339283674e-01,2.174876631581303399e-01,4.584074548505522317e-01,5.375180664022169985e-01,4.663728488761828550e-01,4.395255752273855565e-01,9.643610418294654707e-01,6.458102390775080637e-02,8.876578000645360955e-01,5.490860684760850985e-01,2.527761764310535453e-01,1.752229619126548232e-01,8.521237893378339479e-01,3.732661234718470666e-01,4.639953609932994105e-01,4.141564753334667781e-01,-1.770961732648642650e-01,5.089039739078551339e-01,6.268653856443943129e-01,4.854833398909617626e-01,-2.328781973504479019e-01,4.870115957837791720e-01,1.704464085605580381e-01,2.285201114607801065e-01,9.139994791617579439e-01,7.999424144909198509e-01,4.089224912680206603e-01,5.677417116741328984e-01,9.130763786943743021e-01,8.148100233582895591e-01,3.066016931932317169e-01,9.851952589678859562e-01,2.553328700060517598e-01,4.321600729676634556e-01,2.103091392589480912e-01,2.763964964113136968e-01,4.020328199341886566e-01,7.852586340281156874e-01,5.057072239788227286e-01,8.098662328804347998e-01,9.670355016948166682e-01,3.602678025143916107e-01,5.455282290976140036e-01,7.810234840585374982e-01,6.724575183161134451e-01,4.900036303453841890e-01,1.865334674143479810e-01,4.145981874301483128e-01,8.179523853888341911e-01,9.467887112802302330e-01,7.525224309523174115e-01,8.611214885960094545e-01,4.737800018847261319e-01,3.746692851203929364e-01,5.866534056566522493e-01,6.611841482964272432e-01,8.526902951536187159e-01,6.764782535565836419e-01,1.190345868052509193e-01,5.035330572386843562e-01,4.842110293826975553e-01,4.420281714648834903e-01,6.139720615316847097e-01,3.066498550461235761e-01,2.576095311036796232e-01,3.254691843781835070e-01,6.007481688618582227e-01,9.619744466106799896e-01,6.558635670000945161e-01,5.739487697978710168e-01,-2.473358833808181334e-02
5.018239726817232960e-01,6.037426213629627503e-01,7.631438250484791075e-01,7.322160028935786880e-01,7.001415322100125183e-01,5.338208199740630544e-01,5.344345522723508157e-01,6.217093015818806467e-01,6.475070522763259895e-01,5.475801740495737091e-01,1.005503060730887077e-01,0.000000000000000000e+00,6.353882891823902090e-01,8.236632941506564221e-01,6.755956032365904029e-01,8.371152979757469081e-01,5.679950207382336025e-01,7.871038193846406905e-01,4.428451846956166227e-01,6.424764566641258945e-01,9.923869471016975030e-01,7.559147265442118790e-01,5.432369869267378304e-01,6.554913867722450549e-01,5.137713515437154488e-01,5.225238570678806260e-01,8.805138727927191988e-01,7.100402122366495927e-01,3.036287328365813165e-01,8.444618950710709726e-02,3.144519162702043014e-01,-3.745287869855759566e-02,9.553209473130868101e-01,8.184195101726408073e-01,6.043560231473459332e-01,-6.019185302946675198e-02,5.742726835751008618e-01,2.444231549449413232e-01,9.401937851548992642e-01,3.827464413442502877e-01,6.732714986767673881e-01,8.324552929240125465e-01,4.869493695166469682e-01,7.121342189960906399e-01,5.149569569248749756e-01,9.033309485114502380e-01,7.746306271538030419e-01,3.049529951211621959e-01,7.367199972319639079e-01,7.303571033902995779e-01,9.919309997177754301e-01,7.833023947467007142e-01,8.950901467734146966e-01,3.448697172821245105e-01,7.197741302096242189e-01,6.274505305545348133e-01,2.898315482517325181e-01,6.815482625673561223e-01,6.058515655441611969e-01,4.877114907506686636e-01,4.946613969114237869e-02,7.967783882243832938e-01,7.810617324017071761e-01,7.588876308083086775e-01,8.986788982191893371e-01,4.640208619810622936e-01,5.954181238421906164e-01,8.282530544113695381e-01,2.520376013530647441e-01,9.082697554040598531e-01,5.587623208219134607e-01,7.270542283218868196e-01,4.916267882053125260e-01,6.033009706073563239e-01,5.970171717228327513e-01,4.353330770740146960e-01,7.243057243810046009e-01,7.990115770485177737e-01,2.372974127481889961e-01,5.979893504185974651e-01,4.998208467018599999e-01,8.242877835723242397e-01,6.338634899948938362e-01,3.883711534719659353e-01,6.254217482209860623e-01
8.650536454428580102e-01,4.623695187782078109e-01,9.216098271312224144e-01,9.735079877414515304e-01,8.226098327657265230e-01,4.071252833926261583e-01,9.904945565086822334e-01,5.087575059650870646e-01,9.725474604211136187e-01,7.031608208461421761e-01,4.853572148490852833e-01,6.353882891823902090e-01,0.000000000000000000e+00,6.610296542418481192e-01,3.588497427376666771e-01,9.265593444069974982e-01,6.253955352751825458e-01,7.124178099654636664e-01,6.447258333224408222e-01,6.065198749070662698e-01,7.061047027408206000e-01,7.754225839137379728e-01,6.997598933727130488e-01,5.115180922727529111e-01,5.217366140702461852e-01,5.449759186788978305e-01,6.106320672723273280e-01,7.721666525521242441e-01,5.817079069707700167e-01,7.195369119952990111e-01,4.088770985219178922e-01,7.864918625301751121e-01,2.969297676765085825e-01,8.157064885545063371e-01,7.169999853010646795e-01,2.528301838597841744e-01,1.033168751999092444e-01,2.807187560048315933e-01,8.037651559077316765e-01,6.600486115942667542e-01,8.981486276764901744e-01,6.626550285359225079e-01,1.692739731119033419e-01,8.161105894525095827e-01,8.816431301843294932e-01,7.395763224832281324e-01,9.335820946574978629e-01,7.794221107516257074e-01,6.241812594606722664e-01,8.553148760671297479e-01,7.440657493121713983e-01,6.288881342330793212e-01,9.297716317958226728e-01,9.062898681474206297e-01,6.958951565398583394e-01,3.297977373916089472e-01,7.852919773457571750e-01,6.948242083411743097e-01,7.704246379871215744e-01,2.130425577822537830e-01,4.497000725379051711e-01,9.344698720242677892e-01,6.791631558111146383e-01,6.856260707962832379e-01,7.015946299072252090e-01,7.807529055295402420e-01,7.341763549333765182e-01,6.683728152695920244e-01,6.070713906187740205e-01,5.390583468055585303e-01,7.576167932138755390e-01,4.473787424708747795e-01,5.706780956678149108e-01,5.088779375495268154e-01,5.474903989755874889e-01,6.272741940288701912e-01,9.513252442846038548e-01,8.785392682612633841e-01,2.587930823292866611e-01,1.926246032996498381e-01,4.739026245654923142e-01,5.316871395136490985e-01,6.614214746496514807e-02,5.098832082352783290e-01,4.160180510155881417e-01
8.069000129553961509e-01,7.418474474856340262e-01,8.629465150414199481e-01,7.145629940989476347e-01,6.545561741050501814e-01,4.919932434123461817e-01,1.081842745778168607e-01,7.575207545169413414e-01,6.263479360052205402e-01,6.905933698051918146e-01,9.201014590302991625e-01,8.236632941506564221e-01,6.610296542418481192e-01,0.000000000000000000e+00,9.580657066212856510e-01,7.483612133988969406e-01,6.716738794918994948e-01,2.195042889249598783e-01,8.870671452411457159e-01,3.996901066695488502e-01,6.607919603191072522e-01,7.280685777198719899e-01,7.423573253843666064e-01,8.110822165973924358e-01,4.908463843139442839e-01,4.416656522345647762e-01,2.917128814082323163e-01,7.476307476624488579e-01,7.423364566878777326e-01,3.039744635177611398e-01,3.478361767276427208e-01,2.705592953367964015e-01,7.547160911933087357e-01,6.120224562631192411e-01,8.338570704523282640e-01,7.855589985257471763e-01,1.527272872116912650e-01,4.116800243817514415e-01,6.031888878434545909e-01,6.212544054054195408e-01,4.847788450646990932e-01,4.311144687105396001e-01,8.204738976079144486e-01,9.116390982906097395e-01,5.081308034652489702e-01,6.250095161002349187e-01,5.395043910729915293e-01,5.573667884394024608e-01,5.465698875140883040e-01,7.090633769405521036e-01,6.782741105143326177e-01,5.984695266709008088e-01,9.182424027508810926e-01,7.447720968378233053e-01,5.301878387849866536e-01,8.871094582110987670e-01,5.006971758704690245e-01,6.210124827506720013e-01,3.231774779914379780e-01,5.336534925854682365e-01,-1.220455011981654153e-01,7.216075050396203450e-01,7.642954043090008920e-01,2.828151199568292862e-01,9.594562750658965911e-01,9.091783745906943937e-01,8.123047714271138808e-01,8.134906855578425411e-01,3.508658162165831929e-01,2.165682992513916494e-01,6.794153576074632994e-01,6.421050150694007641e-01,1.343403863128596332e-01,6.887758624117235051e-01,6.024770155695533536e-01,7.994581417006176860e-01,5.434847559276918538e-01,8.365348144803874675e-01,5.802910631265236763e-01,3.343047937187044738e-01,8.269800600782739597e-01,6.696127790070106611e-01,2.978330753793219376e-02,4.915797693992325912e-01,2.230109177059076131e-01
9.302861802517831125e-01,6.366711844219666294e-02,9.948181514694880434e-01,4.078625449181855767e-01,7.638208494966164386e-01,7.519074920014882091e-01,4.620719365540619794e-01,5.870850921318879756e-01,9.363594259035354916e-01,4.620859485881512740e-01,6.805224749339283674e-01,6.755956032365904029e-01,3.588497427376666771e-01,9.580657066212856510e-01,0.000000000000000000e+00,4.482923631208641790e-01,7.875952738258170660e-01,5.949257417313278395e-01,4.920325399661286125e-01,6.192258237951708821e-01,9.664884906264203934e-01,6.284829490740482250e-01,4.314265333888701037e-01,6.998766368885256384e-01,2.288299923458199936e-01,5.580511924052673489e-01,5.480839536626622710e-01,5.001309731604763886e-01,6.773366189334935061e-01,6.530896474077706459e-01,3.001460432871316808e-01,7.537308686185009154e-01,5.402305900337271982e-01,5.966798301545719330e-01,5.823741796742727406e-01,1.323138177429864781e-01,4.742988379305909108e-01,5.721626325070456875e-01,8.305341845402764989e-01,8.288316866066988142e-01,4.354483411182739072e-01,7.646342681992364110e-01,6.049459876321096052e-01,6.477072718892074032e-01,4.427662770667182834e-01,6.144242223215593546e-01,3.161113017520174595e-01,9.596943504982590190e-01,3.414749962065881106e-01,3.603644159877671393e-01,3.567883677754755123e-01,5.567004965568527197e-01,4.265126826027451634e-01,7.314886721299517225e-01,7.500400898744671307e-01,4.758829054115033541e-01,7.322623709633593325e-01,9.064108364928630257e-01,8.467313939614544704e-01,7.496126216694518618e-01,2.873405264743125187e-01,6.074074443457416761e-01,6.142501059056784118e-01,7.035161806485783487e-01,6.680010350012173248e-01,5.443531416906182141e-01,5.041233676468350744e-01,7.969966367563166010e-01,1.717869631146595744e-01,4.894529934201827248e-01,5.517913333761913508e-01,6.477704501663343883e-01,5.525088407658194090e-01,3.218953521236814774e-01,7.157165329479944216e-01,3.342259362128594535e-01,9.476948483057948680e-01,9.297134845735031128e-01,2.522746300225180982e-01,3.843740328687832442e-01,6.843041675624088604e-01,5.477369032382759517e-01,2.384837438664910714e-02,-1.828732743173200892e-01,4.451444963349124873e-01
6.921840867022746036e-01,3.243124787698330458e-01,6.596929087204135289e-01,9.054375926815959597e-01,7.855393578606478799e-01,5.967421650726800753e-01,7.128436224532164189e-01,6.553274856715217700e-01,6.196487857514104691e-01,4.379366239314182452e-01,2.174876631581303399e-01,8.371152979757469081e-01,9.265593444069974982e-01,7.483612133988969406e-01,4.482923631208641790e-01,0.000000000000000000e+00,5.714942359825594398e-01,4.824633178542894751e-01,7.737018138882325591e-01,6.816952364128985309e-01,8.620241180406251758e-01,6.650802379155120736e-01,8.985892269036146462e-01,6.959799701804395555e-01,2.370711081143488663e-01,8.148096056089041417e-01,9.190178086599017915e-01,4.260068077985600943e-01,3.389076610860348726e-01,1.760938106502858425e-01,3.949297973076353746e-02,3.839844923466764204e-01,6.662530397194830201e-01,6.452088969131779539e-01,4.937728867676232647e-01,7.748763886373988274e-01,1.980575892754701806e-01,4.488514008243769671e-01,9.028694509992575279e-01,6.963280969486842498e-01,8.351753636707980044e-02,6.680313950804935841e-01,4.314098223888886974e-01,5.692543851378113473e-01,8.996870188323872197e-01,4.199785557325201313e-01,6.388949495637805676e-01,8.968872301368111533e-01,5.760162629107015708e-02,4.595533792393010075e-01,3.874929456522043791e-01,6.399817711264702558e-01,5.049530015350015555e-01,4.669972375234776041e-01,8.774965124234342939e-01,8.377606727356921024e-01,2.634095164688181612e-01,5.021580486508422370e-01,4.947926493708463269e-01,2.063567010816481084e-01,7.490657564810335733e-01,7.726841097789231005e-01,5.779615583690658198e-01,7.262497982822140319e-01,7.299804201565411876e-01,6.038517869508126523e-01,9.632552343682371232e-01,9.990842082670001734e-01,7.903314134990393480e-01,6.879233618160166541e-01,7.059648836375785885e-01,7.962445729228619928e-01,5.036012163931791186e-01,3.046275724804583529e-01,4.413458980679800248e-01,3.593073718124042415e-01,5.750876994656155539e-01,4.270621950054210303e-01,6.402792157626083225e-02,4.239064671504315096e-01,2.199370844075321796e-01,8.191307862329242351e-01,6.340728644231563571e-01,1.982703923095130438e-01,4.906653665732649272e-01
6.942284472065070045e-01,7.064221861856948559e-01,9.639783221578025474e-01,6.110093042525786000e-01,6.530630580569232180e-01,9.650504394379184614e-01,6.034922546110439434e-01,5.148951426648822327e-01,6.152196286838743644e-01,9.908609156553944697e-01,4.584074548505522317e-01,5.679950207382336025e-01,6.253955352751825458e-01,6.716738794918994948e-01,7.875952738258170660e-01,5.714942359825594398e-01,0.000000000000000000e+00,5.341942852009370357e-01,7.819502069192610927e-01,9.189925057608734349e-01,6.852379825561156768e-01,5.460823388659310496e-01,4.331712414119350818e-01,7.912319257731890154e-01,6.155361764302470506e-01,6.765170673404656831e-01,8.919176686457086500e-01,4.871042731059820330e-01,4.524723331835114881e-01,5.613844092712467759e-01,5.531400666390564602e-01,4.194543333277874209e-01,6.913335206318724779e-01,7.955426739317401630e-01,3.806322751234132440e-01,4.292396982564005148e-01,1.785974139337934696e-01,9.681036731475580748e-01,7.461545860410152553e-01,5.043959097485338772e-01,4.107103837571617899e-01,7.904758816040147185e-01,7.325969925333437605e-01,7.872648669347784844e-01,7.050382072397157751e-01,6.075480937509590840e-01,4.533245948154204785e-01,7.663943702196769348e-01,9.713078135059883822e-01,7.550048195312987209e-01,8.123715138148366322e-01,9.306950937481286434e-01,4.954240844479529393e-01,6.640470169899355124e-01,8.033451010797485470e-01,8.158019216631455794e-01,5.944089908645031617e-01,8.864561203997440852e-01,7.492255544831893932e-01,1.558190730627112830e-01,5.417085673276883506e-01,8.689431492993080486e-01,5.805898549314236767e-01,4.728421300810588535e-01,6.892098910092639974e-01,5.568608625511979326e-01,9.662300533249856827e-01,7.610545321074611014e-01,4.151340169175126160e-01,9.158695981409736842e-01,5.419565859579839051e-01,3.585027439888470724e-01,2.688572551427062529e-01,4.276514030959304158e-01,9.467933268239456801e-01,6.880668827451401626e-01,8.136439876575004559e-01,2.302980534242744792e-01,2.277198856700162755e-01,9.790972911636741660e-02,7.163227101388712770e-01,6.442197070754659416e-01,5.842408391294390269e-01,6.014135759977896623e-01,8.244323396314803265e-01
5.055235871562669958e-01,9.152840825151964399e-01,9.153862528656038222e-01,7.178346408062274975e-01,7.597472921691030834e-01,3.897304553761640200e-01,1.802890987730286776e-01,5.867792449794685394e-01,4.563456258071281746e-01,5.055503304022452848e-01,5.375180664022169985e-01,7.871038193846406905e-01,7.124178099654636664e-01,2.195042889249598783e-01,5.949257417313278395e-01,4.824633178542894751e-01,5.341942852009370357e-01,0.000000000000000000e+00,7.166234220847857994e-01,8.108269526828011386e-01,4.373811206947505470e-01,5.482694709182953652e-01,6.412457469134621446e-01,7.846426101238666018e-01,6.051276535953079572e-01,6.672409751284738011e-01,3.819427797578979211e-01,7.489956509442234900e-01,2.062878555631158517e-01,-2.804407458432346956e-01,2.604326924616772176e-01,5.208923702356486052e-01,4.358616175616968347e-01,8.455387173245703103e-01,7.580592404969594966e-01,1.371379683269325078e-01,-1.940958875633232161e-01,7.046828140762615433e-01,6.366963192358072732e-01,8.958984193372205862e-01,5.606511274451659865e-01,7.039115188315379079e-01,7.013602386083851448e-01,4.212921806964869398e-01,9.826444222709106446e-01,3.401142398471035944e-01,8.149034354666259139e-01,5.162934760080272190e-01,5.996401833652924562e-01,5.470810134601999941e-01,5.592279062425988823e-01,4.878633937718626079e-01,6.972851679564342486e-01,7.203803051750589104e-01,7.424051945703555866e-01,5.563528874644920741e-01,8.357196278238552267e-01,4.065556464997535646e-02,9.205092387988701441e-01,4.034495195967369718e-01,4.778243443723179662e-01,3.962000568233987607e-01,6.832647873356418877e-01,8.072368473579347725e-01,9.588680721606840374e-01,3.026705189406455054e-01,3.719747775667368583e-01,9.274239757299871378e-01,5.236467720261630543e-01,6.757493601899257074e-01,4.858680143611869284e-01,6.971934446666948615e-01,4.974460596076424324e-01,7.964426494972305370e-01,6.140549162508156522e-01,4.795022138323169481e-01,4.196709947840990829e-01,5.534644549611532627e-01,3.296677525904532224e-01,6.226463888689305337e-01,3.990491792389834202e-01,3.804232600144077381e-01,6.159500996553533003e-01,5.797730459042245432e-02,5.519172308933377735e-01
