0.000000000000000000e+00,1.325278531069298549e-01,8.139456183091537955e-01,7.274610289930523166e-01,4.311076164581499892e-01,8.546069528874922216e-01,6.053482988918251761e-01,6.787728495675596774e-01,3.000555190199996614e-01,4.623866792945469095e-01,6.684622680052528798e-01,9.880073950467000987e-01,5.587866775107528383e-01,4.879928931067681885e-01,8.135809901653079379e-01,6.519653892631787073e-01,7.813049754970049499e-01,8.012096484799774432e-01,7.073752001889297425e-01,8.877511248581880787e-01,2.812184041517479249e-01,7.666537800671109348e-01,8.239527684915750605e-01,7.181723059774747231e-01,7.621346108562326860e-01,8.369511847124947446e-01,5.355818718522848965e-01,5.218321380114633312e-01,4.564592057618563903e-01,6.076310831233558973e-01,3.795034718817953401e-01,4.638741086679731840e-01,5.527320212648314524e-01,9.530633688976550832e-01,7.964087022185966092e-01,4.918156322938896374e-01,4.294263783477157981e-01,6.784182468317788706e-01,7.382798608195335621e-01,8.745364074978174695e-01,2.054935690763825540e-01,8.057977640678731790e-01,6.312390145837645239e-01,6.846941482466374351e-01,9.129228766122731153e-01,6.431861895265942319e-01,4.723898914096492652e-01,6.142416348252153213e-01,6.831854529205236837e-01,5.478387987450519248e-01,8.570502697745894238e-01,8.876977937314720624e-01,8.830181211857029977e-01,8.675057022634099502e-01,5.155073384264432512e-01,4.214039746688963417e-01,6.806196260262867836e-01,9.564419683184550713e-01,9.478481689559743462e-01,5.746842959119544680e-01,5.057195053165864929e-01,8.335192186240456547e-01,6.743910353633917332e-01,7.487083842575203985e-01,8.614496442013539479e-01,4.094961044785593307e-01,5.746226736776336441e-01,6.067497636221761415e-01,8.505370328866309615e-01,9.578957146637031572e-01,8.971278629678676175e-01,7.846171228675681286e-01,5.882427379606660622e-01,2.398181633716994221e-01,4.713532286589584008e-01,6.063488543293691357e-01,8.723161575140579993e-01,9.164891161911051798e-01,-2.239950802778400973e-01,1.767222977979169551e-01,8.909459030792309386e-01,8.684001259726308319e-01,7.314568329315853656e-01,4.179418761762175860e-01,7.293254003260282170e-01
1.325278531069298549e-01,0.000000000000000000e+00,9.375903136434773355e-01,7.544151535345067217e-01,5.981129673682732406e-01,7.064976664791611238e-01,2.710837660576713160e-01,4.160118572282367477e-01,3.357688225988562092e-01,4.904114731711239905e-02,7.649123415452676600e-01,6.081604450246518301e-01,6.606452114610464887e-01,7.589753717424501112e-01,6.041035655658864023e-01,6.423406824104650470e-01,8.103054561999842864e-01,2.245808549828538225e-01,6.127953896494192643e-01,8.258783103440053841e-01,5.827915097384335219e-01,8.019743568828030522e-01,7.351738392544477918e-01,7.917993742117430678e-01,7.800104294341260180e-01,9.802760434445516591e-01,8.019325920916556827e-01,4.687179817308081420e-01,4.129990497778504022e-01,4.035551900689358651e-01,7.459992607532062170e-01,6.678793434750371905e-01,7.396250543081521744e-01,7.089184066157528941e-01,8.922538817474560124e-01,5.129889106726785997e-01,1.463682313390388817e-02,5.476618553663041844e-01,6.057402582676808533e-01,8.142529990249428584e-01,3.012803392495788657e-01,3.186522824016471689e-01,9.839224824087062782e-01,8.431049291800583045e-01,6.513452768267004034e-01,7.845017832755993847e-01,7.930598328069482505e-01,8.961747384007854311e-01,4.939780402247547775e-01,5.563482633463138205e-01,3.643978633926117094e-01,6.855823408738680458e-01,6.238913716934488818e-01,7.195060766058342105e-01,5.723510464111236651e-01,7.666358118446441328e-01,7.203621822133867703e-01,2.203374097648859720e-01,5.193610025237044292e-01,4.342378454930728160e-01,7.942552864537895108e-01,2.426615994627683848e-01,5.685888129218741316e-01,7.912208166103814611e-01,9.552331937873168588e-01,3.102128462391943176e-01,1.551012153841870855e-01,7.140647614657209541e-01,1.495318986686050289e-01,9.207052238818180800e-01,9.124067125407376855e-01,5.815514414357803030e-01,2.650401081874004250e-01,2.651280510490144349e-01,9.044171712667009588e-02,4.591665883796748893e-01,8.985255775590184069e-01,2.059506390525311925e-01,5.458282792606466982e-01,3.099728339041620817e-01,5.700977049484841075e-01,6.284397972830478851e-01,7.501759101430073295e-01,7.039716424975875908e-01,3.579806323640188914e-01
8.139456183091537955e-01,9.375903136434773355e-01,0.000000000000000000e+00,9.065581384103107432e-01,8.695661290242238106e-01,7.656142516108963569e-01,3.751737490713962231e-01,8.747252933425776478e-01,9.797012793324663127e-01,5.571839897223525018e-01,1.933474563543134961e-01,6.317945885628616365e-01,7.389034578179964896e-01,8.391444328631486593e-01,6.240653449396528218e-01,7.680120390502869210e-01,9.743133929398964388e-02,9.920102174423206520e-01,6.111899057729239804e-01,8.147731576961085853e-01,9.374426586301256581e-01,5.809760776009541550e-01,9.678705876109966466e-01,9.187210892999199130e-01,7.920346485970888306e-01,6.232484491272108906e-01,6.855752411382317613e-01,3.056521685015236578e-01,3.249782446767092159e-01,2.820062387486614863e-01,5.853155491509082209e-01,9.020055448757225980e-01,4.932096246680024998e-01,8.288906825664349443e-01,6.785452908052901355e-01,3.693669966056472020e-01,5.107504398552017433e-01,7.153417593782879225e-01,6.022976473327608105e-01,7.689912129815649200e-01,3.347267506234840040e-01,9.074426146891865219e-01,8.155953083639881918e-01,6.816460331631324365e-01,4.806042700331508710e-01,5.557810484124853234e-01,7.367000856212034821e-01,3.773175592571241244e-01,4.254020107598576739e-01,6.377450163170536035e-01,7.926673471472741594e-01,9.459774250179960875e-01,8.697184404355333687e-01,9.186846670349716470e-01,5.135833012028907518e-01,7.472357484638790792e-01,8.364062979163834344e-01,3.680837200325629555e-01,8.239786752720094087e-01,-5.988771162381425484e-01,4.570551348895308674e-01,3.364062236731540922e-01,3.065393140125987140e-02,1.967780231842682359e-01,8.044429250910264395e-01,6.320084693780443352e-01,8.941431891484944439e-01,8.026041561957127923e-01,9.556580282756101941e-01,2.009535530773149947e-01,9.312418803834496828e-01,7.274858434903399562e-01,5.038865069340040526e-01,3.118511630915588029e-01,8.439135611037574813e-01,9.309096536749442707e-01,7.696981220441178051e-01,9.355432993638870265e-01,2.120135957842333441e-01,3.632273426233656455e-01,7.280887182948225789e-01,5.035320865335183305e-01,2.192373924674343166e-01,9.406335684427749033e-01,3.115427458265161986e-01
7.274610289930523166e-01,7.544151535345067217e-01,9.065581384103107432e-01,0.000000000000000000e+00,6.480648328866691621e-01,8.433478982078614905e-01,5.974827274237815011e-01,6.813655046238510371e-01,7.926154800522683397e-01,6.358220005970055544e-01,5.564031178402526479e-01,8.971764048067242259e-01,8.483406985844741399e-01,8.446275178943037920e-01,4.543425287090459563e-01,4.353913857650697494e-01,5.025642225606881119e-01,5.958936643732596350e-01,6.422653916934775165e-01,5.962416420413236828e-01,7.238755629657787072e-01,7.542507776166217370e-01,6.894857835737525642e-01,5.875797196708633097e-01,3.190348245288271434e-01,5.972379744329472384e-01,8.586649062300040214e-01,7.816933986949138324e-01,4.417433588480694229e-01,3.435095855135433807e-01,2.032020589505431074e-01,4.031580019159354822e-01,8.181062459723368319e-01,6.525023160520764254e-01,9.326119039380332820e-01,4.218458505074930143e-01,4.425271470216354253e-01,4.377002788532991517e-01,8.078861477102100563e-01,3.957447352703935550e-01,4.275809729825963967e-01,7.999817416549428462e-01,6.961994884377997739e-01,9.573123996179363493e-01,9.325959742251959117e-01,6.073185370198148636e-01,6.716519961757660973e-01,9.202989397025886920e-01,5.882832699879461114e-01,2.713616534755336485e-01,8.081804699875734244e-01,4.523275458722675335e-01,4.564985737825918988e-01,6.122378339965200977e-01,9.982963892870585498e-01,5.882754661769336035e-01,9.951898746859836331e-01,9.427358731366780598e-01,5.575809204512027772e-01,2.562858923423346202e-01,2.173979586809652309e-01,2.543766385622594495e-01,9.091324601580558218e-01,9.441809414082948937e-01,5.937385732655215964e-01,5.100233981927313476e-01,8.923946997099424516e-01,4.522852851163498555e-01,4.593375406518529491e-01,8.752016754271439991e-01,8.750423799764684984e-01,7.356062446004105748e-01,4.222315701429036304e-03,4.467168945656722623e-01,2.144694640204989483e-02,6.936614914076635330e-01,4.066108256616941530e-01,6.349424363634637025e-01,6.230112211235383501e-01,5.662207472651941131e-01,1.292691652619011033e-01,8.599343476280161269e-01,4.834207672772924957e-01,5.859504182817509843e-01,1.510600424455785240e-01
4.311076164581499892e-01,5.981129673682732406e-01,8.695661290242238106e-01,6.480648328866691621e-01,0.000000000000000000e+00,6.183173079997629218e-01,7.271765395058047421e-01,3.568710689282964532e-01,8.653318440726640581e-01,4.110312713682713892e-01,6.273589664918335362e-01,8.495367324782230334e-01,9.251126944601880675e-01,9.155009998134834293e-01,4.582630252085789224e-01,4.967042335623390592e-01,4.132944054914747811e-01,6.224664813512388317e-01,7.339068926828813400e-01,7.414035945304524589e-01,6.826402515574159224e-01,2.064999693671096537e-01,9.121334979502954132e-01,7.576360166319687783e-01,1.122818657764685091e-01,6.858734978569330787e-01,7.330733935343874963e-01,7.301493659033144734e-01,4.332759991632464391e-01,5.436677130865334995e-01,8.178172528196268887e-02,4.735798425230739461e-01,5.758305353254198344e-01,6.971925503830219695e-01,2.089762743279320045e-01,2.401275276496854238e-01,3.769691708678045705e-01,4.497931351841036318e-01,4.117943948565124801e-01,6.425737590202066363e-01,5.196957883329775818e-01,5.736359085910642808e-01,8.561025029301646549e-01,6.775068973322930788e-01,6.131403101108268139e-01,7.640012164658662730e-01,5.539401586596071070e-01,4.521216783815922291e-01,4.037829574240460184e-01,7.757092720541169939e-01,9.871302677303883666e-01,7.530544904802920492e-01,4.423664425955675661e-01,2.819289300320991232e-01,6.586345487251160646e-01,5.852241006225822328e-01,9.826637048022212051e-01,4.852064410421287333e-01,5.953066599342645704e-01,5.024638906423292140e-01,4.454441030686674963e-01,5.330656446235737533e-02,3.326436571251328855e-01,4.466103848556804423e-01,8.785222373271122098e-01,4.332671415063901188e-01,4.267234917971581831e-01,8.028959734596770037e-01,5.938169131660114841e-01,5.674785249740382786e-01,2.354856373576342254e-01,6.631808160607157721e-01,6.006191181939701806e-01,6.023109410728531149e-02,4.089596037229630276e-01,2.704274638297528566e-01,2.189486308852272300e-01,5.763181229436982189e-01,4.180814506339465553e-02,5.590977431824151189e-01,8.471525587704743510e-01,9.486790739429269426e-01,7.625242129883800235e-01,4.525627732430105854e-01,5.515777521497594593e-01
8.546069528874922216e-01,7.064976664791611238e-01,7.656142516108963569e-01,8.433478982078614905e-01,6.183173079997629218e-01,0.000000000000000000e+00,7.821703375572599537e-01,5.981917336309565680e-01,4.544250612557483859e-01,4.917457037017517463e-01,6.991833476608820819e-01,6.544000370772320441e-01,4.276882833195597144e-01,7.555404017752570534e-01,5.404085426917153434e-01,1.961391616956930095e-01,8.047218580443309399e-01,6.186338853702287865e-01,9.822446513143314739e-01,7.037493505468271904e-01,4.524258455249040023e-01,7.986978723996005503e-01,6.958558214951118259e-01,6.467356715041351345e-01,6.047290191792351610e-01,5.699662607359600175e-01,6.856024709665282657e-01,8.797524664822065077e-01,4.907512952674031315e-01,4.277877151856969706e-01,6.708192206551280012e-01,7.640409650124750929e-01,6.986488737036877783e-01,5.342316101487099012e-01,5.400249068011577780e-01,2.319046184315841641e-01,4.126246924823621098e-01,7.478471060454773278e-01,7.815980562732065540e-01,7.737513077971343023e-01,8.109263308083924926e-02,7.794299938305238040e-01,5.475764679731445206e-01,5.469011943306480994e-01,8.089204986882210235e-01,6.679845998378360905e-01,3.252630488314037227e-01,6.628012486808185777e-01,6.822425365436991518e-01,6.010567000412208039e-01,6.654480053210909407e-01,7.137027869581306083e-01,4.034407575737495866e-01,5.275821651047408745e-01,6.718759357309299629e-01,5.660537348930162471e-01,5.129438276452985557e-01,6.200556959450609362e-01,9.900695727023369752e-01,1.415022317610570846e-01,5.560507290736924624e-01,2.664946799348854034e-01,5.425908450594347787e-01,3.041349522063847011e-01,3.631258382575242027e-02,4.179713485274767493e-01,7.344924394932164091e-01,6.599950936358744968e-01,7.431257023330025691e-01,3.379771185599921290e-01,8.813535470997301280e-01,7.815779335511153780e-01,4.794628212116799904e-01,2.594218687752679608e-01,2.707729828215307832e-01,7.880430830851967716e-01,3.994759144182646882e-01,7.451177280135234948e-01,3.410070976093343420e-01,3.300375299982258870e-01,6.328785561779985969e-01,3.485458300868174430e-01,8.208470039756728953e-01,5.394660894781427851e-01,5.565695382619940679e-01
6.053482988918251761e-01,2.710837660576713160e-01,3.751737490713962231e-01,5.974827274237815011e-01,7.271765395058047421e-01,7.821703375572599537e-01,0.000000000000000000e+00,3.830870266533950019e-01,3.555912027061415293e-01,6.269979160699977738e-01,3.579654963752185726e-01,4.520255843946462959e-01,3.076833459085565603e-01,2.962577072184814364e-01,7.759862963183423723e-01,5.926713255935670555e-01,7.166258834463298255e-01,5.029033936913355207e-01,5.418689396541854775e-01,6.943811497119193321e-01,7.899006696806589733e-01,4.433736876789955983e-01,7.518789794386898651e-01,5.662731434885790449e-01,5.018442045040812927e-01,5.280461302094675569e-01,3.921203440101089233e-01,3.302872356142361743e-01,6.070929700487711633e-01,2.506940453072834529e-01,2.349317353950798881e-01,8.456416843623411062e-01,8.211586103313577301e-01,4.158928141438322235e-01,6.289863165869301609e-01,5.324395188937476320e-01,2.147827384201371204e-01,5.890638939814264452e-01,6.986102195441099560e-01,3.882043975857218943e-01,7.577245962626695253e-01,5.336059627509214254e-01,9.555980838492106333e-01,7.773860385201275536e-01,6.331725639810674711e-01,5.145309915082398877e-01,2.372440301878762925e-01,7.105057579663293099e-01,6.909125633320203352e-01,6.641728904783626986e-01,3.352212216920120724e-01,7.506142013466167162e-01,3.180297236995702215e-01,4.057144573416921474e-01,4.473673100101825950e-01,9.078487199993413581e-01,1.699413771935291972e-01,3.241864690593665443e-01,6.809549149083647945e-01,7.698410535932427301e-01,5.520088542968162315e-01,5.607568218937351023e-01,6.162874611174957717e-01,9.669954682327410733e-01,9.377307234132118419e-01,5.564053979686662821e-01,7.727892429311833400e-01,7.122700954111874649e-01,1.089317095571545324e-01,7.772091050487240915e-01,4.337169053260956364e-01,6.075966715704635979e-01,5.727542876643459957e-01,5.419816078386036073e-01,4.831652291414663125e-01,6.106602966221084117e-01,5.724428242083096086e-01,5.926978234299208337e-01,4.358507689956652165e-01,1.098220198318555219e-01,6.335020495859954304e-01,8.952960320696434771e-01,-3.816374378478887275e-02,2.751566656462415272e-01,2.648401411468983002e-01
6.787728495675596774e-01,4.160118572282367477e-01,8.747252933425776478e-01,6.813655046238510371e-01,3.568710689282964532e-01,5.981917336309565680e-01,3.830870266533950019e-01,0.000000000000000000e+00,7.368828771710493886e-01,4.257422275967104874e-01,5.865755802342939029e-01,7.428297984018625844e-01,9.148868514794764595e-01,9.790807833657700909e-01,5.841929468412343507e-01,5.909986289320648956e-01,9.800876641913116583e-01,7.572444394726222106e-01,3.196639849625518837e-01,7.611524994238110242e-01,4.652028526955220844e-01,7.162030820681303256e-01,4.907349835662273840e-02,4.343736132123420246e-01,7.738691055364901317e-01,7.109488026015823303e-01,1.827701686678677717e-01,7.357083143194592667e-01,5.743666725758862501e-01,4.741603754574176266e-01,2.388501095170611488e-01,4.216106553437862225e-02,6.942178723438359178e-01,1.928006957538462574e-01,5.273938960066497650e-01,1.027841649248871780e-01,3.251694549732992989e-01,1.428948089363100693e-01,4.762957080888766681e-01,4.739507461472837746e-01,2.559137368876641117e-01,5.916934861437177506e-01,6.140305326156331178e-01,9.756588723991198586e-01,7.939164364854935929e-01,8.474342226038823478e-01,3.920868230603944404e-01,4.119857922101421988e-01,7.462452605405275330e-01,7.488666083229129633e-01,2.209446485656953452e-01,2.073772332963425835e-01,7.493483737540000966e-01,2.201009617208428693e-01,6.318989617089622035e-01,6.838822761603206013e-01,7.100540692578488633e-01,6.695378068231436774e-01,7.248443511756674784e-01,7.596771962309873949e-01,2.461600187408626850e-01,4.916810047045592214e-01,4.491284600026195784e-01,6.012240218969692185e-01,6.887720732567996496e-02,4.461043893402765748e-01,4.562148999463347399e-01,8.153915650066358989e-01,7.358905683449454838e-01,3.696868045858411334e-01,2.133055548129621226e-01,4.172756405925124451e-02,5.764410882862327501e-01,5.597455387084723233e-01,3.096693580191692829e-01,3.971027474585159256e-01,5.762431437141564139e-01,5.178539862968279950e-01,5.871166053953368325e-01,3.900076877656736274e-01,9.031079676064999173e-01,9.749945681484710747e-01,4.567714670324868331e-01,7.104963812146952717e-01,8.942127733420337510e-01
3.000555190199996614e-01,3.357688225988562092e-01,9.797012793324663127e-01,7.926154800522683397e-01,8.653318440726640581e-01,4.544250612557483859e-01,3.555912027061415293e-01,7.368828771710493886e-01,0.000000000000000000e+00,5.364883198634374795e-01,8.013926535888677982e-01,6.870004369437195946e-01,4.141796202710577579e-01,3.635637945881809996e-01,6.283662657570058263e-01,4.022764601292428965e-01,8.970733912379489361e-01,3.669937589928530253e-01,3.513255162123592457e-01,4.835391267179899311e-01,4.743857789597779040e-01,4.876717810251959273e-01,5.190522445030263388e-01,7.494281683661183635e-01,5.271361522892195062e-01,6.138439600148200004e-01,6.111869206522978493e-01,7.577900885107120565e-01,5.302324672985059273e-01,5.427966604710096066e-01,4.965106186956871892e-01,5.191093942079849644e-01,5.944573283883901604e-01,9.575615737745664102e-01,4.602623970204302584e-01,8.035997485786530725e-02,7.596722644026288052e-01,6.263062813028342779e-01,4.643543189468037347e-01,7.497253012827985730e-01,6.246120559562067659e-02,7.583924745336640960e-01,9.072618642968700575e-01,4.426551874345641679e-01,4.779725528837593385e-01,7.176464511279515568e-01,7.623958139127510192e-01,7.564989094746590315e-01,3.091577740580948030e-01,7.650697433477118281e-01,-3.436184763952021548e-03,4.758238438005497062e-01,5.946530611871603256e-01,4.420436074984522845e-01,4.130600610628721303e-01,7.478336094490711794e-01,7.419762455045201266e-01,6.174217632554540591e-01,4.672712180038560703e-01,-1.824311142597660751e-01,5.346694835633588605e-01,1.726723352918801413e-01,7.326689384015917517e-01,5.984016814943642348e-01,9.327247897795877263e-01,6.369941497384392637e-01,1.403856344094557285e-01,9.799446074180322430e-01,6.615499528588322242e-01,7.586116172159383941e-01,2.894025462211307076e-01,6.558900861455585485e-01,3.234065307419404789e-01,4.705968448824903172e-01,9.466753969456234152e-01,2.492750630728003125e-01,5.178276678399083011e-01,9.309251064811419410e-03,1.084414142003739534e-01,2.226928174729939092e-01,4.227408655246602809e-01,9.428956608975237463e-01,7.379841168480156810e-01,4.926352264865203057e-01,4.258153114462126521e-01
4.623866792945469095e-01,4.904114731711239905e-02,5.571839897223525018e-01,6.358220005970055544e-01,4.110312713682713892e-01,4.917457037017517463e-01,6.269979160699977738e-01,4.257422275967104874e-01,5.364883198634374795e-01,0.000000000000000000e+00,5.542736031310858680e-01,5.476813124458225213e-01,6.737550210630872671e-01,9.915066589761669658e-01,2.543500289576789974e-01,5.095432483390773815e-01,6.046913057323770602e-01,7.378354105788590411e-01,4.549988674118966570e-01,-1.023785273874179419e-01,5.420576477726891662e-01,5.083368093425492118e-01,5.100657933660537324e-01,4.376093133885821662e-01,5.534611575940533434e-01,4.275063402826844716e-01,6.344899726309251031e-01,4.041330647811542942e-01,7.952502224491130312e-01,6.743491574336824522e-03,8.474483375526654580e-03,4.045888613393843203e-01,8.234626564586187136e-01,6.126665564537442377e-01,5.369852524215202871e-01,1.559193166994684576e-01,7.799257461301326022e-02,7.265054944790009239e-01,6.394414807899816422e-01,6.359408176545411351e-01,3.456190910186764387e-01,6.976480981986519225e-01,7.146812724698693442e-01,7.373597748387683559e-01,4.418983966591079060e-01,7.390665219078716985e-01,8.448617260914453864e-01,7.826473917079247444e-01,4.782471285856036980e-01,7.160502042103880083e-01,7.466263931002125043e-01,6.387031175109080250e-01,8.228584688788489476e-01,8.819290747544183962e-01,8.400760653124181854e-01,7.018125432645571093e-01,5.681992619368055886e-01,2.606465257409119607e-01,9.361445879080771970e-01,2.686385728322439048e-01,4.694685644646194311e-01,7.757167960493558390e-01,7.424064022550046493e-01,6.541111498555467474e-01,1.859202366483562185e-01,5.266439699983765932e-01,6.289478566538209137e-01,7.387432040263934852e-01,2.814711659862328963e-01,6.938861483375808881e-01,6.434751412250745428e-01,7.524021095783886559e-02,8.257834457435574149e-02,1.637885624044393973e-01,6.547635020757374136e-01,4.682052784681108859e-01,6.002099274170257237e-01,4.495498841155824987e-01,3.069452133797641036e-01,-3.080581986138661299e-02,5.168447209849523771e-01,9.870940549923856722e-01,2.037281046689427277e-01,4.826456505828932153e-01,3.011377357221769469e-01
6.684622680052528798e-01,7.649123415452676600e-01,1.933474563543134961e-01,5.564031178402526479e-01,6.273589664918335362e-01,6.991833476608820819e-01,3.579654963752185726e-01,5.865755802342939029e-01,8.013926535888677982e-01,5.542736031310858680e-01,0.000000000000000000e+00,6.483290389397979858e-01,6.054439560683524402e-01,8.841377970907945416e-01,5.401505179493866216e-01,8.965474004919014028e-01,8.366326483642378964e-01,5.584242122217525361e-01,6.374591356039157608e-01,8.127971798852741125e-01,7.490562356231582619e-01,3.396123602956453436e-01,8.324406544150818599e-01,6.155555275378741253e-01,5.838033595473317572e-01,7.805113149600925171e-01,8.119049229391425149e-01,6.737565282840597414e-01,2.146524857238761297e-01,3.517835774439662666e-01,1.923935770760240027e-01,5.996657100735256485e-01,6.004411915854326320e-01,6.404430646667506055e-01,4.800811419911987787e-01,2.525041584770277292e-01,-8.412886505982597463e-03,7.338181883292937968e-01,9.157546224141756008e-01,8.645949113988737889e-01,4.787107357263307161e-01,5.217240730299812501e-01,6.339530190589814929e-01,5.200074204601020655e-01,9.855866903232847198e-01,2.747220722999399456e-01,2.878224936502447595e-01,8.060559529496604814e-01,4.735436728235123960e-01,6.414785136237560748e-01,9.941125146290694659e-01,3.336148892214571005e-01,8.476769229100313829e-01,2.378838670301409164e-01,4.380862419006371633e-01,7.413685862107337599e-01,2.210459141817536222e-01,4.275329242913298855e-01,5.205750399163117104e-01,2.351555135164763999e-01,5.868326102891505691e-01,6.695182268520512014e-01,9.474355264340680316e-01,6.702218705399701770e-01,6.454345654636881591e-01,4.235610414066143803e-01,4.316557907723537202e-01,3.510768081131369067e-01,4.512763455805889334e-01,6.427582242719163119e-01,8.234545522331198075e-01,5.469014642918746949e-01,-1.874988179909651831e-01,3.907449395282048821e-01,5.017671828164153025e-01,4.813379770577058681e-01,7.452544275378099048e-01,4.361556902518753942e-01,2.056791826888830499e-01,7.732524706723596930e-01,5.332995392670585311e-01,7.712924697511555072e-01,8.059989466122629009e-01,2.047829601422825607e-01,3.999381557783669439e-01
9.880073950467000987e-01,6.081604450246518301e-01,6.317945885628616365e-01,8.971764048067242259e-01,8.495367324782230334e-01,6.544000370772320441e-01,4.520255843946462959e-01,7.428297984018625844e-01,6.870004369437195946e-01,5.476813124458225213e-01,6.483290389397979858e-01,0.000000000000000000e+00,5.626256243779887978e-01,6.028535384649209572e-01,4.227734343802759809e-01,5.549531445350748271e-01,7.085780903527872931e-01,7.718791780568724503e-01,4.979480506030500297e-01,5.316273812278092814e-01,9.667807301154884847e-01,7.093509384143357188e-01,4.736642863813069204e-01,5.005131115758307825e-01,5.814006679032821534e-01,6.537866682812962793e-01,8.331752418761358969e-01,-1.770144581764416525e-01,1.719224339973405014e-01,3.917661567188624461e-01,4.191176076606112355e-01,3.320783649400859128e-01,5.360874734447966805e-01,9.014105386524579044e-01,7.871642886286086549e-01,3.646403257021390010e-01,4.263946451929088166e-01,6.798434653714922060e-01,6.025068020752428755e-01,-1.598799824439298134e-01,6.634218381916761054e-01,6.342333984228784027e-01,7.376605458900720169e-01,6.412101908321298227e-01,7.449212894410341956e-01,4.266345477764346139e-01,6.245805615802322297e-01,4.293818840235142376e-01,2.902541006012273606e-01,8.182934427723829174e-01,5.658613920480404236e-01,5.811962456541879263e-01,4.383341802532479958e-01,6.938306702135460524e-01,8.216811552709857303e-01,9.078840152038161193e-01,5.130751787009528719e-01,7.471911545729166271e-01,8.339784777336312072e-01,5.844425123532613897e-01,4.741735821657006023e-01,4.408747912735482832e-01,5.442553263526141993e-01,5.987310368086217194e-01,8.704974545419542631e-01,6.072383581234039873e-01,7.342588978763033847e-01,7.780411256441241985e-01,5.682316914563226851e-01,6.918253859121916705e-01,4.313299027069838476e-01,6.435487177993209906e-01,7.640872634623662174e-01,5.466014259559406341e-01,5.790226899428649876e-01,7.711560528745449172e-01,4.086342915804839215e-01,2.109716969847234003e-01,4.236032224839678673e-01,4.114473643610712383e-02,5.290927912647765963e-01,6.790740436267187485e-01,7.689399380804159412e-01,6.867603624015973240e-01,7.204439874306428626e-01
5.587866775107528383e-01,6.606452114610464887e-01,7.389034578179964896e-01,8.483406985844741399e-01,9.251126944601880675e-01,4.276882833195597144e-01,3.076833459085565603e-01,9.148868514794764595e-01,4.141796202710577579e-01,6.737550210630872671e-01,6.054439560683524402e-01,5.626256243779887978e-01,0.000000000000000000e+00,6.696313605690494830e-01,1.993749185432716620e-01,1.078450305614653132e-01,7.845975043629688228e-01,7.666594900161944892e-01,4.792249813161985617e-01,2.314066987669759490e-01,2.807271287895606870e-01,7.460574394785255414e-01,7.851373456364851844e-01,9.637081796436025583e-01,4.253864394625288536e-01,6.637499724811587454e-01,5.949770867425174803e-01,6.576078907422663322e-01,2.589359314074444751e-01,1.267540350845058894e-01,6.802350066649047455e-02,4.946113026466121831e-01,9.404831424977931897e-01,6.185863355616295634e-01,8.516656274289127193e-01,5.083366060037969314e-01,1.994666972616534681e-02,3.075497248421461549e-01,9.273386005704462587e-01,5.324402567112933582e-01,3.738596188301473999e-01,7.794477069295877580e-01,9.459660508392581102e-01,8.071712485378614854e-01,6.435030969220069119e-01,5.648697330037872888e-01,9.674068473722885475e-01,9.757484256261823585e-01,7.494651940189805961e-01,9.309935513376628169e-01,8.024593534061140732e-01,9.117554239484818579e-01,5.077434479622116026e-01,5.679117530668534863e-01,2.223506017561483750e-01,7.538014426604630058e-01,7.644011531341091681e-01,6.294777236107734764e-01,9.778246505334087235e-01,3.103862388917960624e-01,3.330099287971461930e-01,3.871334050722869402e-01,6.305153386649580138e-01,6.778348478774810504e-01,5.109772286014764298e-01,2.595818209498625961e-01,5.814122377476474979e-01,2.714054379871044809e-01,5.093731471440359204e-01,7.384236907756436263e-01,6.359475289042526569e-01,5.853647456863521059e-01,5.007608267821433978e-01,5.857477033996528288e-04,2.672719960847282916e-01,5.070908217890942593e-01,7.896685230652098486e-01,9.222841003802102477e-01,4.093162577700317772e-01,3.252061532649064279e-02,1.034007287357396887e-02,6.785353285060579109e-01,3.126257544743108463e-01,-7.202095174422662449e-02,6.771245317639287276e-01
4.879928931067681885e-01,7.589753717424501112e-01,8.391444328631486593e-01,8.446275178943037920e-01,9.155009998134834293e-01,7.555404017752570534e-01,2.962577072184814364e-01,9.790807833657700909e-01,3.635637945881809996e-01,9.915066589761669658e-01,8.841377970907945416e-01,6.028535384649209572e-01,6.696313605690494830e-01,0.000000000000000000e+00,5.335478007786939036e-01,9.395926901224778138e-01,5.292955545010260554e-01,2.818483086935625326e-01,4.581766678833739670e-01,3.262706226119193031e-01,6.939002749192748620e-01,8.067718625954026779e-01,8.722714858504401203e-01,9.222115336799643348e-01,7.510993238364320757e-01,2.215988474179215184e-01,6.871623932414028246e-01,4.427106617369944708e-01,2.506709148766971262e-01,-2.302144238441786173e-02,6.865463795535764469e-03,6.265980827311591339e-01,8.285903301758034134e-01,5.255699421602144650e-01,5.483916729181103067e-01,3.987554842847430558e-01,4.613022916565163722e-01,6.936382742046521832e-01,8.968632583583566742e-01,4.926560941558941753e-01,-1.567466074345023885e-01,5.230378458541578013e-01,7.399534436262584780e-01,4.712625965633585601e-01,7.275202074636691885e-01,7.377845559544756737e-01,9.228938027959169288e-01,4.478549053843677852e-01,8.421523876412906340e-01,3.905498028191000115e-01,7.891635324786100414e-01,7.783564836320393532e-01,6.733599447207060384e-01,7.544785490901235736e-01,6.600051695842221733e-01,4.603047111680160230e-01,4.543622777080388309e-01,4.113264252721430259e-01,8.261833425683976495e-01,7.734639498981046302e-01,5.266414517937766382e-01,6.981245580987067711e-01,7.975776565792669359e-01,5.044741093325721959e-01,7.027044611011825648e-01,8.161826321893036473e-01,7.877499412889373831e-01,4.574020305561848354e-01,7.542878033818043448e-01,7.231892044616569093e-01,4.639628448774940628e-01,4.881743727033246993e-01,2.393615528272916293e-01,4.464077163066124676e-01,5.233403876729555426e-01,4.092702543468780263e-01,6.146917267563675180e-01,9.096875605185094082e-01,3.598954525580587704e-01,3.603615182487113211e-01,4.039044703763225996e-01,6.546791771606363941e-01,7.951859700722123669e-01,2.881464184449109567e-01,8.394446716470584935e-01
8.135809901653079379e-01,6.041035655658864023e-01,6.240653449396528218e-01,4.543425287090459563e-01,4.582630252085789224e-01,5.404085426917153434e-01,7.759862963183423723e-01,5.841929468412343507e-01,6.283662657570058263e-01,2.543500289576789974e-01,5.401505179493866216e-01,4.227734343802759809e-01,1.993749185432716620e-01,5.335478007786939036e-01,0.000000000000000000e+00,5.158680803885662414e-01,7.317533976078415270e-01,7.869366165872173635e-01,5.577758642506268627e-01,8.486055970604544640e-01,9.460346532390607743e-01,7.778932131032564312e-01,6.736080289942151245e-01,5.739422873173174455e-01,7.853183706859706570e-01,7.645800694428326327e-01,6.822410770787499246e-01,5.355901231444477606e-01,5.269429207651313840e-01,5.258294501423490530e-01,2.231494268760843003e-01,3.234854566874111326e-01,6.716426132516889469e-01,4.349530839627412382e-01,3.110535381722198678e-01,5.674533642679044920e-01,1.297534914990522148e-01,4.255933083517468019e-01,3.897428484761070178e-02,6.487694307154254769e-01,4.923121495154271221e-01,6.125224623655591838e-01,5.445632267751557842e-01,2.362057328951692459e-01,7.075372427941484244e-01,8.967135853845915605e-01,9.899133012535537013e-01,7.307713753908087195e-01,5.377630281623035913e-01,4.163297862506744051e-01,-3.474618846151489859e-01,6.309669488874540821e-01,5.264834909209192837e-01,7.072995366810674867e-01,6.904152123328021196e-01,9.218181566835457197e-01,5.743145480800775360e-01,6.598904413883528441e-01,6.530107363364593409e-01,5.522263119675017151e-01,5.847494879557512126e-01,2.437263161201649875e-01,3.517129674157386532e-01,6.457645438117165515e-01,6.369860513893337295e-01,2.290733209198359543e-01,5.203077803787492517e-01,1.462699880416563347e-01,7.506335116759946802e-01,2.423478055788931274e-01,4.811452437156018558e-01,6.983353322631278282e-01,2.716283407235273867e-02,1.528865721345140927e-01,5.317601281765856891e-01,7.051813929118357915e-01,4.266424058542740427e-01,6.089873200991733349e-01,5.684438078399067784e-01,6.477429072694143031e-01,4.863982768850866334e-01,7.106781526637357960e-01,6.399022188236546116e-01,4.632139943197799425e-01,7.528678763721031730e-01
6.519653892631787073e-01,6.423406824104650470e-01,7.680120390502869210e-01,4.353913857650697494e-01,4.967042335623390592e-01,1.961391616956930095e-01,5.926713255935670555e-01,5.909986289320648956e-01,4.022764601292428965e-01,5.095432483390773815e-01,8.965474004919014028e-01,5.549531445350748271e-01,1.078450305614653132e-01,9.395926901224778138e-01,5.158680803885662414e-01,0.000000000000000000e+00,5.424824901292317758e-01,2.456648335851943366e-01,3.098747165962480454e-01,5.331331672782657627e-01,6.355538872700153830e-01,6.973051866546067235e-01,8.340699922533734156e-01,7.132424399030219409e-01,4.688128681450776658e-01,7.140264078847710083e-01,6.479805719004323450e-01,6.822428530268344060e-01,2.405628630313460803e-01,2.015367327013917187e-01,1.426678103576252410e-01,4.065237674539358137e-01,7.806098784332392571e-01,7.182707175097547969e-01,4.289044809144804127e-02,1.049858970860711865e-01,2.100884244483693375e-01,8.455648561895102722e-01,8.945845983247425748e-01,6.529772959527444520e-01,4.092548230571346757e-01,7.735800949532563031e-01,3.759855611123745778e-01,5.819216370179390863e-01,6.662742625555551079e-01,6.766063296032008845e-01,4.552820760563791036e-01,8.312672091227102378e-01,3.628935673550139351e-01,5.090535712419249625e-01,1.244989159355160552e-01,9.197074309256292324e-01,2.823762003112377239e-01,4.272557430586892968e-01,4.072930062822807673e-01,9.975585138555873588e-01,6.875047958195777964e-01,2.699703505121000546e-01,7.271963826924312535e-01,2.702638628657846320e-01,3.324000699636928680e-01,7.449664427450695126e-01,4.780809054846347217e-01,6.013928914595373376e-01,8.103331217167505374e-01,9.396352317389955466e-01,3.229248627767968838e-01,5.654191741346081823e-01,4.137819106824497384e-01,5.938471430460351419e-01,5.301629688877731450e-01,4.081402506337856728e-01,5.225322646674589455e-01,2.554387551278046731e-01,4.000650170791698601e-01,6.241133472063142840e-01,6.725338621066593303e-01,4.482987098876980991e-01,1.152187137882121348e-02,2.402477789860711643e-01,9.271718590756417716e-03,5.341713908205584227e-01,8.682859745653387362e-01,6.961847764699338192e-01,4.918599757072091849e-01
7.813049754970049499e-01,8.103054561999842864e-01,9.743133929398964388e-02,5.025642225606881119e-01,4.132944054914747811e-01,8.047218580443309399e-01,7.166258834463298255e-01,9.800876641913116583e-01,8.970733912379489361e-01,6.046913057323770602e-01,8.366326483642378964e-01,7.085780903527872931e-01,7.845975043629688228e-01,5.292955545010260554e-01,7.317533976078415270e-01,5.424824901292317758e-01,0.000000000000000000e+00,6.231566796486729398e-01,2.413738954995569563e-01,6.353103978519805128e-01,9.765573492198397210e-01,3.990016239448357926e-01,5.137032501066242096e-01,7.269577553257279279e-01,4.209211313879925309e-01,7.763007200673087693e-01,6.635345838657160655e-01,7.428143364743674537e-01,6.226416215226407980e-01,2.733933996232874586e-01,3.379410492721940384e-01,7.852831267040549790e-01,7.069761625593830034e-01,9.289206341078497520e-01,9.695997147675239347e-01,5.377416818636202578e-01,5.910692157767259980e-01,9.748786487178634497e-01,5.875679549131980206e-01,6.023761268261342838e-01,2.871932795036100106e-01,4.447454654647884503e-02,7.904419344676094639e-01,9.665316586545923405e-01,9.218741268060623995e-01,9.562379255110406984e-01,8.945816055867191752e-01,5.428149001756307213e-01,7.804283498346776815e-01,9.727464048884583159e-01,7.675769760611099723e-01,6.533298773773494883e-01,9.123322157958593248e-01,7.455115199957066396e-01,4.088122397540785435e-01,6.959117749980899825e-01,9.253978201147081695e-01,6.789897032993729153e-01,7.925876124709583248e-01,5.270064871747398572e-01,4.818584552404972521e-01,2.452250186853603409e-01,7.120786255879189008e-01,2.048052699642320118e-01,7.385925138701212589e-01,8.841950159603993997e-01,5.356013431306201333e-01,5.871175325438103831e-01,6.912671421369150915e-01,4.500865184398274432e-01,8.933345356323580955e-01,6.597903544993000136e-02,4.801548893354524172e-01,5.045022145744373354e-01,3.738859987741758317e-01,9.506343872922414784e-01,8.245714894924314198e-01,6.525485062615067333e-01,4.331852691385008058e-01,6.974205082501594433e-02,5.350650189417146541e-01,7.251241242114901953e-01,4.139585885426418921e-01,2.273107025750747412e-01,8.631880915285654599e-01
8.012096484799774432e-01,2.245808549828538225e-01,9.920102174423206520e-01,5.958936643732596350e-01,6.224664813512388317e-01,6.186338853702287865e-01,5.029033936913355207e-01,7.572444394726222106e-01,3.669937589928530253e-01,7.378354105788590411e-01,5.584242122217525361e-01,7.718791780568724503e-01,7.666594900161944892e-01,2.818483086935625326e-01,7.869366165872173635e-01,2.456648335851943366e-01,6.231566796486729398e-01,0.000000000000000000e+00,4.920669061111984099e-01,5.015608972395277920e-01,5.594198032554364985e-01,7.751072185802891923e-01,4.154367566493623598e-01,6.823957117482529755e-01,3.310845330078475701e-01,6.869768907743051267e-01,7.910605296667114761e-01,9.307788604394814369e-01,1.198558919941131312e-01,3.119585810489268751e-01,5.566908833955885871e-02,7.770139888077753909e-01,5.326070898018557820e-01,7.558054234387473480e-01,4.457873453395707064e-01,7.287418682807648151e-01,6.358920543433972394e-01,7.142828388168236398e-01,6.559080682209259550e-01,3.898777165870221939e-01,4.899291867287535740e-01,8.133063177769027652e-01,6.510170171321277843e-01,4.761491503525043245e-01,9.910382122308801778e-01,7.620639868682012041e-01,6.198849993978408079e-01,5.317551748111603027e-01,2.543824722769972846e-01,4.495763289886193226e-01,5.986970974285341640e-01,7.240015380608399997e-01,7.591478195128938122e-02,4.512946373788777610e-01,8.814789295755026677e-01,5.044584892315073787e-01,3.221200890140399897e-01,7.411171866423927890e-01,7.271009422510483766e-01,2.179119456507440378e-01,3.700113050054201214e-01,6.374122604115184387e-01,2.501325621658496146e-01,9.637414668708140786e-01,6.318306712554587756e-01,4.367404947140894889e-01,7.216444993299263588e-01,6.983702040744899087e-01,2.484668435827993849e-01,7.036891158485052422e-01,7.984354805312949832e-01,7.632738331567713308e-01,2.737960426024554361e-01,6.761162716497692848e-01,7.529345686416032413e-01,7.860234127117272651e-01,4.944573537287598186e-01,6.523183368587174291e-01,2.831202187029002171e-01,1.183972256461429716e-03,4.743008276148126812e-01,6.567434759364509933e-01,7.960036912624033345e-01,4.170981838255097274e-01,6.520022928172389820e-01
