0.000000000000000000e+00,9.983199135856901663e-01,5.592602577491980753e-01,8.020810857643663194e-01,3.803821461968688311e-01,8.078289026898662906e-01,8.626667660971580887e-01,9.507355374384858226e-01,7.384703904919003303e-01,9.922453089828757733e-01,-4.624428139720485054e-02,4.531879938975022504e-01,5.112195681996486440e-01,3.385185019289262409e-01,6.802281462929408162e-01,5.934248436042768304e-01,6.603974826494263262e-01,9.028562152436457877e-01,9.484652592576143793e-01,9.815761955387116711e-01,4.563560944461164115e-01,6.869477222921626103e-01,9.676060462796397532e-01,7.351455450028967498e-01,7.557320731567690464e-01,7.718429867632115027e-01,9.775002046600815842e-01,7.916161569688825450e-01,4.008462690615319790e-01,8.343953991125787617e-01,2.207577546925217904e-01,4.047304306269692287e-01,8.057503052784172892e-01,5.910974419827323967e-01,8.674305085541814675e-01,3.692270869954538681e-01,5.017540267612551341e-01,8.788723367094235517e-01,4.842969060953888211e-02,7.585664613706192272e-01,4.189477796484404326e-01,8.201303874621764800e-01,9.654138114741369625e-01,4.648187707677072789e-01,9.992444844087607914e-01,9.947824154349889092e-01,6.050145490180636187e-01,8.837775274861963126e-01,7.873663872053029422e-01,9.825626919293151129e-01,7.334979084143623540e-01,4.902204078159187461e-01,3.906307896981991989e-01,2.157300645079431589e-01,7.616398121218391770e-01,9.022063423767158197e-01,7.677118951035613037e-01,2.561653840859903219e-01,5.932622902265832776e-01,1.343732097028494943e-01,-1.515829708799948383e-02,7.886629946928822577e-01,8.850852123093266854e-01,8.906370430094747714e-01,8.493991810056173986e-01,8.541805285165000594e-01,8.204353867377760512e-01,5.750576324582321597e-01,6.234622416676357526e-01,9.012847021537827574e-01,9.233046014826241654e-01,4.619156560333176897e-01,2.563489109345203909e-01,3.401421310243656349e-01,7.516411727993901337e-01,6.446465210150106317e-01,4.582767479974019786e-01,4.633670476386702042e-01,-7.123386590985972266e-02,6.520206523479659122e-01,9.651481431385954268e-01,4.387195273901227655e-01,9.684902742880712179e-01,1.045234544791214248e-01,9.842697186242239660e-01
9.983199135856901663e-01,0.000000000000000000e+00,6.681028957480666941e-01,7.036207807084925436e-01,1.260007444310645985e-01,7.997368276233481899e-01,2.247173419977482878e-01,6.024111104260155836e-01,5.836622006132790030e-01,2.385397611400211226e-01,-1.509947498982073810e-01,5.373358053502423903e-01,7.338500914011834020e-01,3.283422498667087908e-01,4.095396078172343080e-01,8.939039669005484079e-01,6.361926899537047042e-01,7.857443869799833891e-01,4.617850656175199742e-01,5.096725741464337434e-01,8.553781594368670138e-01,2.694728313333702441e-01,7.533048133049710104e-01,5.035800231749515410e-01,5.048122852002209227e-01,5.485218538788778631e-01,8.171933742047379212e-01,1.990245031612113136e-01,3.443825486293615734e-01,2.815351433973895534e-01,3.248547945767051859e-01,5.400292079721590310e-01,7.744225200239047702e-01,6.977196571050976459e-01,2.676169195263717882e-01,5.193718047215278855e-01,2.019953119821759069e-01,1.764867864877395220e-04,1.732326660840738386e-01,4.858167517444979544e-01,4.203665518556142788e-01,2.828693044630590236e-01,7.671212650866394700e-01,6.416006483996992971e-02,6.985680611322178102e-01,7.572506560762187755e-01,5.427360731374619718e-01,7.826097000286406091e-01,9.722718875971348984e-01,3.828610420651801238e-01,7.609777297423712117e-01,6.465682373959795726e-01,5.350544305550671842e-01,7.959932417517454617e-01,7.324232298129491614e-01,9.162229555335963394e-01,6.866499410680337867e-01,1.331329399879827569e-01,7.026465159447593534e-01,6.416432864458896379e-01,2.965379305400535626e-01,6.141139937916424429e-01,9.297715261071617388e-01,5.883066313575282535e-01,7.531759066019616533e-01,9.884321800486657317e-01,6.126883914140540677e-01,5.891362695468971289e-01,2.059649650988636671e-01,5.848415241958481170e-01,1.954826220473681042e-01,9.046641965608894775e-01,2.518568183826244700e-01,9.325820760743673554e-02,6.399736094133460229e-01,6.396342130338930065e-01,6.918461769504790082e-01,5.311452112098977718e-01,1.223385376442176070e-01,5.129047791646418331e-01,4.858097069619355945e-01,5.141925296205174245e-01,2.789698143613035253e-01,7.954268456997772851e-01,2.212277176065566564e-01
5.592602577491980753e-01,6.681028957480666941e-01,0.000000000000000000e+00,9.473956202775262181e-01,9.780577266513564849e-01,6.626850755046644892e-01,6.311364212423128395e-01,6.413946476617999881e-01,6.326878255140075957e-01,7.157581201695560891e-01,9.030679484124557455e-01,8.309637296710329357e-01,8.566391110899037598e-01,4.539035112133789074e-01,5.443984204315909237e-01,8.544624698515455030e-01,6.906544582097813301e-01,5.178258850804883240e-01,8.783813959600759169e-01,5.802305006822285893e-01,6.528120024152512801e-01,5.108561036502413666e-01,6.526903484879380546e-01,7.990934707148386051e-01,7.813457382960041775e-01,7.644441891120998811e-01,5.877923879919864092e-01,7.522053613106070014e-01,2.757389782477461804e-01,9.946290916233091473e-02,-4.975109577160805041e-02,9.757831772703450257e-01,4.523307691422832622e-01,5.003043970179928968e-01,2.843732229560229641e-01,4.041369176061089252e-01,4.509827927917063328e-01,6.865240800939569343e-01,9.243601278304470759e-01,5.358893012348888707e-01,2.587097185373170571e-01,4.830754293299309721e-01,8.279044006012379331e-01,7.945234108990597566e-01,8.357640709185826244e-01,8.201320282581385790e-01,8.161186172690977347e-01,5.440751079922090394e-01,6.537240847449364844e-01,6.032829584950069046e-01,6.054781445967570841e-01,6.677219107372804885e-01,6.981718610339385789e-01,4.094592927882901856e-01,4.951645099461107757e-01,7.591901881991002243e-01,6.225351814556567831e-01,1.259976925264425646e-02,9.796221037077319505e-01,5.598390710640595014e-01,3.093219045939596956e-01,6.261768635572534381e-01,6.955352130896194085e-01,9.442952365085028887e-01,8.316251695649032882e-01,8.843929412953009939e-01,6.592326308843672322e-01,4.263637133202476948e-01,6.678271575854715092e-01,8.332830245519069479e-01,8.979183120197506973e-01,8.979527277503901450e-01,5.184947568749003199e-01,2.399250454747758887e-01,6.210172455271185943e-02,7.198623141583486706e-01,8.428499983817577812e-01,7.411645709385707992e-01,8.079882276409214859e-01,1.955494807989103245e-01,9.247479678154439942e-01,6.052011766440033025e-01,8.257553218550954810e-01,6.110122731000945384e-01,8.585413514281661218e-01
8.020810857643663194e-01,7.036207807084925436e-01,9.473956202775262181e-01,0.000000000000000000e+00,7.170804085582584975e-01,6.613004939860518405e-01,5.538952622187111041e-01,5.730232374467082446e-01,9.174876816162131909e-01,4.543959642461528614e-01,9.302828996901633951e-02,4.312513849074313677e-01,6.948941516282922670e-01,4.321978276781071049e-01,6.020252256429270421e-01,7.074446896229903414e-01,4.168535516798936857e-01,8.117739501782815781e-01,7.090293660390180053e-01,6.112913019260772796e-01,7.557676892801596935e-01,8.495995693584110775e-01,4.312025786652562975e-01,4.823580551939014582e-01,4.717361665934289294e-01,7.961535756486040061e-01,4.472948747202378228e-01,3.947548167503603933e-01,4.209938315009721377e-01,4.081035022689704084e-01,1.542951718856836740e-01,7.494579320098447850e-01,6.089361296207349561e-01,4.449116639349458002e-01,6.091593215626355251e-01,5.214602479637775456e-01,1.443552603869664996e-01,2.735505580832410244e-01,8.630083336545459893e-01,9.337293295834099283e-01,4.695199748028664466e-01,7.669153146800586907e-01,9.223504314733521614e-01,7.600201986402891352e-01,9.692272106242850738e-01,5.889902157806948813e-01,9.322920054530934308e-01,8.878833998355682988e-01,7.021514433024700352e-01,7.285530684811376556e-01,7.321973751150315790e-01,3.769074188560723737e-01,6.911158898217095725e-01,9.172676343759572637e-01,9.497406949165554391e-01,8.670908034823098243e-01,8.041258357384251099e-01,6.280810367776960002e-01,7.838874963381023964e-01,4.584298239549903231e-01,6.577637613335158839e-01,3.157719337289257577e-01,5.778195663406379134e-01,7.474561905143762841e-01,7.003383046284252789e-01,5.830436531834941594e-01,3.106299033869842630e-01,6.522062916302946434e-01,5.749815099774998606e-01,7.689980393319079122e-01,7.370407101922105131e-01,6.927627214625675656e-01,6.962957760108822169e-01,2.951701629050237918e-01,-3.010588140976977467e-01,8.706660834277799577e-01,7.980203853335449127e-01,2.105045097224449990e-01,2.966202227397394392e-02,7.690406470187290955e-01,3.670626435558368428e-01,4.451914522923595685e-01,6.077795280265672062e-01,9.004256669278417613e-01,8.646743165868608916e-01
3.803821461968688311e-01,1.260007444310645985e-01,9.780577266513564849e-01,7.170804085582584975e-01,0.000000000000000000e+00,9.729433702472087830e-01,6.954599039507476377e-01,2.756157533139105276e-01,6.572757026467110908e-01,4.303474869914783452e-01,6.691218963776430773e-01,5.783249544222418548e-01,6.505174264230744186e-01,7.547637610496873428e-01,2.861603138445891203e-01,8.014248037157221116e-01,4.223622774939058133e-01,6.642026102838415325e-01,8.863592440161274233e-01,8.036104289459320427e-01,8.017271081743878591e-01,5.925376061385654314e-01,4.529941046737042676e-01,8.024094224652826846e-01,4.611101393574338347e-01,7.156315638310297711e-01,8.368017919033514662e-01,7.126343068750252696e-01,5.129410509459666478e-01,5.756078953776316842e-01,7.337457714796050690e-01,6.981189833878580497e-01,7.020472736202041375e-01,-1.756177960072043687e-01,5.356796292774688162e-01,3.369062094808834562e-01,7.887186892745923217e-01,6.135248661606941267e-01,9.708340132228996389e-01,8.516395425785332485e-01,1.302863839349296948e-01,8.725102443353272008e-01,6.102105983399090938e-01,6.566530706627429215e-01,6.839413863853736064e-01,5.075334458085123401e-01,7.774985066846094028e-01,7.720045682019630595e-01,4.481374496075724578e-01,6.413909881284632908e-01,4.043083180907378060e-01,6.536697259490578116e-01,5.762017670663341917e-01,6.215282513841438039e-01,6.116532361290188957e-01,6.931869159668164748e-01,4.020156885924782153e-01,5.410949803381878143e-01,8.206943922906525524e-01,1.126727312113711202e-02,2.780131184629368590e-01,9.866016927588853180e-01,8.403602939575589570e-01,7.469027983781552082e-01,3.351963887730825542e-01,6.361537769164257172e-01,4.816772784731094825e-01,9.107057209090693162e-01,7.851465053060966426e-01,4.577211473836126920e-01,7.385615642232932210e-01,7.364117171056517863e-01,1.143736603816080388e-01,2.898445637396548924e-01,6.964452331712416289e-01,6.996755625064512429e-01,6.552298526110774679e-01,6.117404605247632743e-01,3.048530969121260870e-01,7.419992795307842615e-01,4.415823162941672764e-01,5.909040970836859641e-01,3.463139303639612976e-01,1.934509996955809941e-01,6.585973090489654069e-01
8.078289026898662906e-01,7.997368276233481899e-01,6.626850755046644892e-01,6.613004939860518405e-01,9.729433702472087830e-01,0.000000000000000000e+00,4.739322737778682293e-01,7.448109399855650237e-01,2.600142922591452410e-01,8.847916832035568335e-01,7.466997298303724717e-01,6.420255876976986853e-01,8.792034110190530827e-01,8.177336062713971288e-01,5.202701623195995495e-01,6.963199269168146577e-01,6.167119128270251993e-01,7.828162758070331684e-01,7.495591519515727441e-01,7.137895232285371705e-01,4.088912747313850349e-01,6.803508429705188432e-01,7.406205648819950138e-01,8.896984516413439792e-01,4.676858674159111717e-01,6.191823735046915189e-01,9.133702293730233679e-01,2.387686609442160046e-01,4.855519006003372051e-01,1.591314191724345073e-01,3.939479431050520453e-01,2.196177952635429143e-01,8.996778685414894561e-01,5.997203565412773107e-01,4.005595218724240514e-01,7.125943336633373537e-01,3.869132832477399919e-01,6.309870196165490164e-01,9.587564850893568469e-01,4.673338662220851703e-01,4.983096691825461555e-01,4.126993107548606599e-01,5.456765495096933538e-01,1.118950773761356460e-01,6.712028248262660313e-01,7.047169995041696611e-01,7.303606354994293115e-01,4.408513816618156445e-01,3.548525728233159482e-01,6.201650702358069145e-01,6.503481173123352166e-01,8.149093806506112481e-01,7.633639751079484004e-01,7.711928019744704876e-01,4.329947050003548625e-01,4.787294022322420295e-01,6.065168562757683457e-01,6.010157410454824989e-01,7.309537896152732417e-01,1.194166550105067170e-01,2.577084090056016019e-01,8.451144178752525438e-01,8.884954447234428843e-01,6.312469278682522056e-01,7.507020518607228077e-01,6.295634816972571768e-01,7.995711259120520387e-01,8.612224207541678833e-01,5.247368764623356885e-01,6.801388075050934789e-01,5.907704042726031890e-01,3.574706408902311727e-01,5.802262240616563593e-01,5.544587608093591857e-01,3.503183889180699895e-01,7.081451952808174299e-01,4.841340678360529504e-01,7.056989595403585502e-01,7.791490237368112748e-01,2.712184391716603304e-01,5.354939916206942208e-01,8.661080281295592265e-01,7.176184095285043085e-01,5.464370929026255430e-01,9.531120371086480025e-01
8.626667660971580887e-01,2.247173419977482878e-01,6.311364212423128395e-01,5.538952622187111041e-01,6.954599039507476377e-01,4.739322737778682293e-01,0.000000000000000000e+00,5.504891613645225279e-01,3.744144965615429643e-01,3.873589305023296125e-01,5.153638614569743259e-01,6.817493748364061856e-01,6.681405122387982232e-01,7.695499010872330903e-01,4.573219653611572677e-01,6.470595684225141087e-01,3.745185353080573987e-01,6.017223684214770829e-01,5.538498292639074672e-01,5.196637386227734856e-01,9.953064657677527238e-01,5.037563064641027433e-01,7.854055602458335228e-01,6.529697066374304804e-01,6.772484392042903423e-01,6.018627543157313298e-01,5.326584710222120878e-01,7.111095569436099995e-01,3.952164126185674364e-01,1.322993849824190549e-01,5.900636581911677947e-02,3.456728595947768934e-01,7.543587855967140987e-01,1.115423277504408173e-01,4.194204538558050643e-01,5.657367097013253909e-01,6.845731367108282006e-01,5.404722763994350698e-01,8.342360180822384619e-01,5.984284103107272434e-01,4.284649702528711690e-01,4.955421788070896172e-01,9.534127389593554103e-01,2.801174663702443723e-01,8.567461003023156829e-01,5.992362140832072637e-01,3.168291235891874114e-01,6.733162063091553406e-01,5.067764093318053442e-01,3.362778059907218231e-01,6.979034087473913184e-01,2.960401495087856549e-01,4.923508668776762076e-01,2.496079380885931065e-01,6.063767363590659709e-01,-2.521126431897476872e-01,6.140073300784052446e-01,5.457958090580625754e-01,5.829252795614343619e-01,2.405548467519163791e-01,4.810165972609842244e-01,4.631841281363083263e-02,6.698616513223097924e-01,7.346792228998217933e-01,9.932653620737021960e-01,6.969623735660894770e-01,2.948108730378584119e-01,8.118176522395550432e-01,6.692927726740567351e-01,3.430043081169016350e-01,6.302351359010155418e-01,2.287736197413828831e-01,-4.845944546164687727e-03,9.291793355066607640e-02,5.425508465453079965e-02,7.413430402677808617e-01,6.756426017355591229e-01,1.527651903290412339e-01,3.807776975703360822e-01,1.234098979070918506e-01,5.186007564140339143e-01,4.662767170268115602e-01,5.796897723951295323e-01,4.993674346052437429e-01,7.834195811893285288e-01
9.507355374384858226e-01,6.024111104260155836e-01,6.413946476617999881e-01,5.730232374467082446e-01,2.756157533139105276e-01,7.448109399855650237e-01,5.504891613645225279e-01,0.000000000000000000e+00,6.145179063823155152e-01,5.841339656637996036e-01,4.373228360854796160e-01,3.951972951567320758e-01,7.747956878682558113e-01,7.271068880672743040e-01,5.071312415438677945e-01,5.304891890866254567e-01,8.271377068863479121e-01,5.525354764497575344e-01,3.338792363559858201e-01,7.947067847696680509e-01,6.057112570973910426e-01,6.382041340904508475e-01,7.638925516994905518e-01,8.630944041730886918e-01,4.496952696836460928e-01,6.849740027665950359e-01,7.434234460082007612e-01,5.352509742089162081e-01,4.244035459038134617e-01,3.783791923859219919e-01,4.797664167991402828e-01,7.073082759553838139e-01,4.942140952612038562e-01,7.314996647387165263e-01,3.120662125809976484e-01,7.825600813876040229e-01,2.553109093250336553e-02,6.031662472948339238e-01,5.264147878830371940e-01,4.214208586449861432e-02,2.723942903407625821e-02,6.035137628138227406e-01,6.618721378989437243e-01,3.834558050174531330e-01,5.281994412242756454e-01,5.570367635939643680e-01,5.367538056380210393e-02,6.708016636426075152e-01,1.661742285646092970e-02,4.387312624415764528e-01,8.937341353691967694e-01,6.953746127487435702e-01,9.958226333237418793e-01,3.121344313930691783e-01,6.648178256528279872e-01,5.957462471285943639e-01,3.231723640664451724e-01,4.975587956457262484e-01,3.508157265716278783e-02,4.760284676598557363e-01,6.517058166453508772e-01,3.229368636406056425e-01,5.281398080604565726e-01,7.782594627043750712e-01,8.568657836546306195e-01,6.422626381248400240e-02,-4.155676658413698377e-02,9.369543889022555749e-01,4.252037464347208640e-01,7.646002633697588369e-01,7.453688277445624788e-01,6.224869879278477347e-01,5.994303464265930970e-01,9.386900706832544683e-02,2.521198397238971767e-01,8.104307436785141983e-01,6.112996738365331639e-01,3.842934577844991928e-01,2.905063934669192549e-01,2.545371256012032291e-01,4.153432977809761728e-01,4.233106857634554299e-01,6.465779870068066870e-01,3.385548501595866400e-01,3.782389379071193769e-01
7.384703904919003303e-01,5.836622006132790030e-01,6.326878255140075957e-01,9.174876816162131909e-01,6.572757026467110908e-01,2.600142922591452410e-01,3.744144965615429643e-01,6.145179063823155152e-01,0.000000000000000000e+00,6.834664561538367211e-01,6.755438693779415305e-01,5.498387397277857414e-01,9.255585776470096615e-01,6.142964763681262319e-01,6.990179593032875838e-01,4.594778098634214603e-01,5.792920350713256505e-01,9.880047596691310385e-01,3.334362377230812857e-01,6.243853539472640213e-01,7.238066416946309367e-01,5.285102438853572782e-01,6.355589491198579966e-01,8.380168038496340621e-01,7.350616955411848341e-01,4.282281956517747790e-01,8.284169178384558352e-01,7.910102350672916227e-01,6.350441725574178520e-01,5.529822901639744881e-01,7.612250119918759772e-01,6.133867137327611019e-01,7.868893278046644735e-01,6.632734265050141964e-01,8.951518609244754066e-01,6.109620261355988013e-01,4.242727231228702878e-01,7.917209465858645601e-01,2.777577830355021371e-01,9.201647484512375241e-01,-1.217143882382130116e-01,9.962320623503649886e-01,7.122025157900599979e-01,3.666270525918963186e-01,9.665575534604172736e-01,4.885803717711682537e-01,7.274596733069050858e-01,5.410848003027756148e-01,6.158430201721936115e-01,5.365171690411827399e-01,4.763887828954900816e-01,7.281249327261357651e-01,7.210508137391657968e-01,6.069146174953271577e-01,4.532386737028005763e-01,9.979694722615309876e-01,4.010718736309046850e-01,9.248708532948168859e-02,9.147992419501687067e-01,1.620188043847025361e-01,4.378946309225327793e-01,7.956314047726769090e-01,5.667843689685201358e-01,6.559925049939685504e-01,7.528993819340800142e-01,1.970013508048584494e-01,4.697528268064633528e-01,7.686552842366307647e-01,2.633633952110370213e-01,6.654109516291875637e-02,6.680550201756210171e-01,8.400678628536321080e-01,4.968229681173822465e-01,1.123103535957948318e-01,7.509664485008922252e-01,6.131638394518824642e-01,7.816674065178026432e-01,4.018935138396437790e-01,5.110410621044696455e-01,1.668913539151116732e-01,2.525951839256095344e-01,2.352890490265347467e-01,8.919764213950702736e-01,5.264403175580941729e-01,4.531685963691329255e-01
9.922453089828757733e-01,2.385397611400211226e-01,7.157581201695560891e-01,4.543959642461528614e-01,4.303474869914783452e-01,8.847916832035568335e-01,3.873589305023296125e-01,5.841339656637996036e-01,6.834664561538367211e-01,0.000000000000000000e+00,4.209662593855794666e-01,9.170882027501680023e-01,4.469644614169716590e-01,4.136793268272160318e-01,8.020353398331077077e-01,5.211803276872278845e-01,9.937815018591332761e-01,7.837323375146345583e-01,5.396970143931391073e-01,7.552273342568940340e-01,8.797251528139574672e-01,4.698635205963486716e-01,5.756826440272974077e-01,3.599444257594086594e-01,3.943845965802855735e-01,6.513819423645420548e-01,7.692140815487342742e-01,9.235205515782536345e-01,4.714447614072102555e-01,4.614789722314733833e-01,4.965886834048441889e-01,6.003824354670783681e-01,6.306863593836208315e-01,8.754644622631846396e-01,6.587810376045827310e-01,5.656580689536703233e-01,5.984894442346457843e-01,2.378298083257313622e-01,8.328842101390142583e-01,8.150929819250966046e-01,3.194416085416156847e-01,7.501987936347616071e-01,7.194388295188101079e-01,9.731084050683184161e-01,9.551833835152054863e-01,8.574760442334103949e-01,3.300787734620850289e-01,7.208094297784096716e-01,7.362581741201581487e-01,6.025830808894135915e-01,4.540570164761096872e-01,4.695716733630322937e-01,6.799554751818646103e-01,8.486835314115940276e-01,9.145136408404900275e-01,7.256697743551336899e-01,6.675103220479539079e-01,7.408150518009350982e-01,9.406543300020093756e-01,6.664541365541889473e-01,3.632665989975782939e-01,7.155525360916580313e-01,3.417310458925963967e-01,7.802085711713493410e-01,8.358707043184947505e-01,1.927979691850643107e-01,8.026411141065240562e-01,3.678746951160019041e-01,8.147190674501039731e-02,4.161500973921301583e-01,9.089373771038170569e-01,5.830325394019955088e-01,6.463120483149920048e-02,1.803441976736473717e-01,3.725360623067502236e-02,6.230766793358785138e-01,7.713616467078621142e-01,4.012776167412967498e-01,3.910936147999761747e-01,4.218397558632306921e-01,-1.564305730386590931e-01,7.620741170405488374e-01,5.076994584394466381e-01,6.154655659475545271e-01,7.688201199079642834e-01
-4.624428139720485054e-02,-1.509947498982073810e-01,9.030679484124557455e-01,9.302828996901633951e-02,6.691218963776430773e-01,7.466997298303724717e-01,5.153638614569743259e-01,4.373228360854796160e-01,6.755438693779415305e-01,4.209662593855794666e-01,0.000000000000000000e+00,8.220543587094830684e-01,6.149088001217838384e-01,6.617809873208122529e-01,3.078918661068035245e-01,9.589188055122073173e-01,2.322660622786276718e-01,2.782584587035068502e-01,4.653682045157518377e-01,3.748065322040274872e-01,9.433371871287739019e-01,4.074010355679751338e-01,3.391120742810695421e-01,9.203607764413777037e-01,4.040322723197043442e-01,4.155775305795306740e-01,8.121405799012350046e-01,4.929505538777099738e-01,7.265865652122038831e-01,4.962952582895709397e-01,5.211565005105505549e-02,5.842266460386413840e-01,9.413335497361687842e-01,7.784622028995781262e-01,3.646165305928137507e-02,7.900830735904783575e-01,3.073635681119546437e-01,3.309300996571713505e-01,5.210195383114751833e-01,6.518456485287296154e-01,4.177318301609142526e-01,5.787510032157381357e-01,8.572900895942905386e-01,9.267762379554682628e-01,8.022342417531632686e-01,4.822846658845577617e-01,4.266214887203605977e-01,6.157268281485724915e-01,5.052290226357706304e-01,5.379285903654362766e-01,1.366826271613180988e-01,8.811353199261078295e-01,6.992821246474720809e-01,6.912011902972096111e-01,6.062251138511847159e-01,9.361561927472102917e-01,7.866723292489240515e-01,4.721565890972340140e-01,8.694321377876926826e-01,4.326674182382369560e-01,3.949586237301802027e-01,5.495581011511235792e-01,9.984820900233417618e-01,6.985060575008088524e-01,3.086709377756529094e-01,4.107777060646954914e-01,9.540401845223273058e-01,4.576912523555156098e-01,7.410415271427509554e-01,5.462297367626068878e-01,5.282366113730806445e-01,6.652765705331800117e-01,2.251041617480809554e-01,7.865041517527113779e-01,5.290408557269343781e-01,2.490160173340211780e-01,4.281740972215359320e-01,5.120818070922723841e-02,3.518346488660866189e-01,3.774790947414619069e-01,2.422480660254962559e-01,7.469822777354170329e-01,1.685145163436716775e-01,5.660094094383231189e-01,-1.549435438589434610e-01
4.531879938975022504e-01,5.373358053502423903e-01,8.309637296710329357e-01,4.312513849074313677e-01,5.783249544222418548e-01,6.420255876976986853e-01,6.817493748364061856e-01,3.951972951567320758e-01,5.498387397277857414e-01,9.170882027501680023e-01,8.220543587094830684e-01,0.000000000000000000e+00,5.675439771058516936e-01,4.905979463331111012e-01,5.767476222327555524e-01,8.831739689159244788e-01,-1.220040748797848185e-01,5.499542007960177559e-01,7.924220719132430979e-01,7.541138464337509006e-01,6.580506451149643610e-01,4.522526750198386236e-01,5.919498123411306434e-01,8.326843425718449820e-01,4.687295497861422855e-01,8.180139066578689944e-02,5.132824157149582511e-01,4.367924788793375313e-01,6.553723880880610864e-01,2.949135697826471558e-01,4.728249591903578852e-01,5.143298579788866398e-01,4.016989010188669051e-01,7.002212701077084045e-01,7.611978785216830801e-01,4.634467779936625176e-01,5.725966950354606511e-02,2.430246993616252960e-01,6.036509285828248750e-01,9.409734024602102176e-01,3.126174799795565229e-01,2.582480952335003410e-01,2.456087848715503286e-01,7.871107357561747397e-01,7.941829562339757231e-01,4.550269104454631175e-01,6.865906208753922435e-01,5.782645153222247814e-01,4.820064264146405320e-01,8.405268883169565441e-01,6.688867011381339767e-01,4.586889907074585548e-01,5.724010007803578270e-01,7.159049203875340606e-01,1.441198196337243886e-01,9.514504584261952447e-01,7.769882239589999129e-01,9.050743656497642897e-01,9.026061757114645090e-01,7.187906798737327962e-01,3.323247878007214995e-01,1.192236117012184793e-01,7.114150936040649631e-01,8.833812242951848415e-01,4.517712499110662638e-01,5.093302036508432495e-01,6.608252873661433213e-01,4.510536586051719365e-01,5.433749746430311944e-01,3.324410864023357726e-01,6.219389692403141101e-01,8.138970460947753116e-01,3.998407949518126836e-01,4.415564404471417626e-01,2.976976535804506940e-01,5.466277380718302936e-01,8.432561267775886549e-01,3.961521973693098997e-01,6.285737111986900993e-01,7.479249516122131458e-02,2.123065439442365088e-01,7.536659192519656880e-01,5.520124461337412303e-01,2.333611851245043778e-01,3.742656965697301885e-01
5.112195681996486440e-01,7.338500914011834020e-01,8.566391110899037598e-01,6.948941516282922670e-01,6.505174264230744186e-01,8.792034110190530827e-01,6.681405122387982232e-01,7.747956878682558113e-01,9.255585776470096615e-01,4.469644614169716590e-01,6.149088001217838384e-01,5.675439771058516936e-01,0.000000000000000000e+00,6.863372504039282340e-01,8.217002511385335106e-01,9.083769117091188283e-01,6.000556679596723564e-01,9.155704831054684023e-01,5.837965370850177749e-01,4.069269386206543215e-01,9.117660349792867658e-01,6.412486523232868718e-01,4.004806087539067860e-01,9.414472555759193506e-01,3.854708267426006918e-01,3.532581465164917889e-01,9.157011207592564705e-01,4.412440352677936550e-01,-1.686635081138691816e-01,4.630908287747431684e-01,3.566378364038286231e-01,5.986101869020792332e-01,5.573193751232772275e-01,6.114636708943078647e-01,8.188303576217463853e-01,4.700235372375070053e-01,5.486050669233980548e-01,7.277273157823387351e-01,6.352539946387074643e-01,8.088384751038661946e-01,4.905355787925627098e-01,4.598708095589790767e-01,2.559555587734672066e-01,8.809297888443982094e-01,5.620443512504461614e-01,8.169946286934129942e-01,6.117618027768998434e-01,7.336885031152621250e-01,5.560943411466214847e-01,4.489216805936792065e-01,7.983011167000526598e-01,4.455645313574277955e-01,4.920991636697602534e-01,8.791822514766740593e-01,5.577376970523487687e-01,7.849740088180108266e-01,5.234478993496098909e-01,8.003680694857496780e-01,8.208264073332782740e-01,5.838217299707131325e-01,5.173576868699470976e-01,5.432621408859157341e-01,6.344459748274338118e-01,5.778590718761940082e-01,5.332594669231234263e-01,7.377412539955016113e-01,5.840414474126419675e-01,9.172301601058120424e-01,-1.797815828776644920e-01,5.004494596357557112e-01,6.095158416367222332e-01,8.342632035670533019e-01,2.233182317422973129e-01,8.048652316817578312e-02,6.801434078035154540e-01,3.584829627808926444e-01,8.167803699666446038e-01,2.773852332205337667e-01,4.971368753581229538e-01,2.297306842344897237e-01,7.489689476066033746e-01,2.089205403740299061e-01,6.552384260373225189e-01,3.113539837158121326e-01,4.813396327301211475e-01
3.385185019289262409e-01,3.283422498667087908e-01,4.539035112133789074e-01,4.321978276781071049e-01,7.547637610496873428e-01,8.177336062713971288e-01,7.695499010872330903e-01,7.271068880672743040e-01,6.142964763681262319e-01,4.136793268272160318e-01,6.617809873208122529e-01,4.905979463331111012e-01,6.863372504039282340e-01,0.000000000000000000e+00,6.967878903760817977e-01,3.123269138488411478e-01,7.092810788858803228e-01,8.724294548703446228e-01,9.334161301738495009e-01,9.069320395879721941e-01,9.716849099597387740e-01,8.249953638268042733e-01,7.624217146850043036e-01,9.489013550869589420e-01,7.864081683512010035e-02,9.493140435917390985e-01,9.380058062189601253e-01,7.232445541587038118e-01,4.936901967921977774e-01,6.551406810036942696e-01,-1.989485465555382582e-01,5.182421713529140606e-01,9.785356546888135387e-01,9.116930570219089480e-01,6.633881311518075030e-01,3.570198779836609715e-01,4.953040369024533374e-01,7.385160947298679002e-01,2.259392046405002685e-01,6.948410725615691286e-01,6.732899233838903763e-01,7.067881358685357274e-01,6.334823927378029351e-01,7.576880688746857606e-01,6.219506333094242390e-01,7.165706210614681826e-01,7.672653428328362057e-01,6.559466163064879840e-01,3.211177719917864271e-01,6.961832351019791032e-01,5.749999048363891863e-01,8.170389332596230680e-01,5.137139133743109376e-01,7.570770348851416642e-01,6.110145393923651636e-01,4.088854307411446398e-01,5.423275754660796810e-01,8.746667397340581740e-01,5.912173064443484449e-01,1.054991203160099283e-01,4.412565436576861289e-01,5.386484935748516722e-01,7.532535522622436641e-01,2.641073277261891117e-01,6.410774148357633040e-01,4.602654308876297229e-01,7.165864627367986017e-01,7.131227487814751909e-01,1.269843230815271562e-01,9.437137072785392045e-01,8.879449354060139354e-01,7.354838129583696205e-01,5.401860838837920786e-01,1.028918383240191685e-02,7.423257887332438409e-01,7.895123480849370878e-01,4.380963509102808184e-01,5.526652030297476426e-01,5.086019842536669833e-01,1.570424767999105409e-01,5.556472475419179657e-01,7.153754267909377962e-01,2.079956613296643775e-01,7.247378098992006690e-01,6.510421389129440461e-01
6.802281462929408162e-01,4.095396078172343080e-01,5.443984204315909237e-01,6.020252256429270421e-01,2.861603138445891203e-01,5.202701623195995495e-01,4.573219653611572677e-01,5.071312415438677945e-01,6.990179593032875838e-01,8.020353398331077077e-01,3.078918661068035245e-01,5.767476222327555524e-01,8.217002511385335106e-01,6.967878903760817977e-01,0.000000000000000000e+00,4.895356696604397095e-01,8.763934209843188272e-01,8.083256884835910983e-01,7.257222686265529799e-01,9.414757191855281926e-01,8.128581312998253150e-01,6.737706422462211853e-01,5.314588130561879176e-01,2.282756506151724651e-01,4.142115712675644157e-01,4.521167293106541640e-01,6.991850477324356161e-01,8.706552520975073817e-01,3.192287943357184909e-01,4.835831780368093358e-01,2.023583341204096553e-01,3.818027685319116404e-01,1.380403356042112645e-02,5.396153387742645968e-01,4.126031833153958051e-01,6.828138992815293573e-01,3.570320329890815936e-01,5.185312907410001282e-01,8.969770585863081624e-01,3.588411310253603048e-01,1.463807510985249416e-01,4.062716881986200845e-01,7.376604808222642085e-01,6.794669819505267938e-01,6.374935562602465078e-01,4.520760997148052796e-01,3.832315045489281813e-01,5.792790682758158782e-01,2.829412227611745045e-01,8.593507131784059450e-01,1.655988643397429960e-01,7.098615503957108608e-01,4.034593803386994915e-01,6.940183712999198340e-01,7.447746532337667924e-01,7.432007331342400658e-01,4.202324984891601112e-01,6.019511831688812986e-01,6.729624715070476881e-01,2.038328455952203022e-01,2.490308617207230846e-01,6.750380182542276009e-01,5.801862907689329107e-01,6.737189056099608386e-01,8.955513362376280595e-01,9.558923966312489473e-02,6.743300075618452460e-01,9.219083057318115948e-01,1.800680525815685773e-01,2.979201418987815764e-01,6.538205383613565624e-01,3.397084661314364595e-01,4.474021135925694836e-01,4.415474630876786710e-01,3.305422132936071122e-01,7.494235519665568557e-01,5.408869837865539765e-01,3.635830646328548355e-01,1.907076896404718558e-01,5.634923019716962106e-02,5.154840057244433060e-01,6.206178587485015052e-01,5.425255275432061541e-01,1.265927952068987838e-01,5.926077815382770897e-01
5.934248436042768304e-01,8.939039669005484079e-01,8.544624698515455030e-01,7.074446896229903414e-01,8.014248037157221116e-01,6.963199269168146577e-01,6.470595684225141087e-01,5.304891890866254567e-01,4.594778098634214603e-01,5.211803276872278845e-01,9.589188055122073173e-01,8.831739689159244788e-01,9.083769117091188283e-01,3.123269138488411478e-01,4.895356696604397095e-01,0.000000000000000000e+00,5.424480707855456885e-01,4.834863386223888782e-01,4.232968710232807297e-01,6.751579438131105615e-01,7.801126979090249325e-01,9.887105527265631633e-01,9.276978243594425910e-01,8.988915835412210065e-01,6.572824316263715660e-01,2.999990172539992450e-01,7.280625826087518959e-01,5.518447907520781515e-01,-2.270933674499684418e-01,4.075118894777075562e-01,2.168683653728506744e-01,7.810723508314665331e-01,7.839928789064376513e-01,7.608762832827548062e-01,3.776335281909974917e-01,4.897430538886793916e-01,4.407610404456369091e-01,5.008215619736450241e-01,5.129444232763837874e-01,2.986764225518377391e-01,2.156392349900146943e-01,6.191320499345578932e-02,7.040657979453613935e-01,7.251131820921594695e-01,3.755661558144593459e-01,8.910198306958881931e-01,7.495820421753869311e-01,7.788278871617690946e-01,9.031334643852989563e-01,5.055925735156594492e-01,5.194794437776961704e-01,5.305359755753893403e-01,6.519489715773845173e-01,6.958066510526991211e-01,5.879407563418173055e-01,8.894884562475565692e-01,6.535369695720333327e-01,8.070387656685232836e-01,7.056966984921294594e-01,2.037877614467531462e-01,3.493090612094427172e-01,6.536531443213271508e-01,-1.713101238039592134e-01,7.389547024946302445e-01,6.290600120550891017e-01,-1.652855944194285553e-01,7.182373954829337492e-01,9.791520125817536613e-01,4.341561595696880604e-01,3.581793735942517820e-02,7.401674081410269945e-01,2.607543221621770324e-01,2.674401356361846838e-01,5.684614383950346017e-01,5.101472062258497475e-01,8.682622255235397102e-01,9.490922594918744792e-01,2.876775038532912165e-01,-1.516039186460432786e-02,5.448686253919786671e-01,3.180072592653383490e-01,6.179692671443807184e-01,7.960920385392109555e-01,5.753872229580790920e-01,6.205296348178401811e-01
6.603974826494263262e-01,6.361926899537047042e-01,6.906544582097813301e-01,4.168535516798936857e-01,4.223622774939058133e-01,6.167119128270251993e-01,3.745185353080573987e-01,8.271377068863479121e-01,5.792920350713256505e-01,9.937815018591332761e-01,2.322660622786276718e-01,-1.220040748797848185e-01,6.000556679596723564e-01,7.092810788858803228e-01,8.763934209843188272e-01,5.424480707855456885e-01,0.000000000000000000e+00,7.842387072273998561e-01,2.671544672290627198e-01,8.007272030536619623e-01,9.648969029513964069e-01,9.174147808891724987e-01,7.672691168613554602e-01,8.489166994949041145e-01,4.221879826201336838e-01,8.454324778061006462e-01,6.674140833279044172e-01,6.458488050733394159e-01,7.701928339072610097e-01,5.271559630793551943e-01,2.390551590126130388e-01,5.395568475512720896e-01,5.259684788575731407e-01,7.733411621792669610e-01,6.697683925870131505e-01,3.925461437833589473e-01,4.777246073273900273e-01,6.318898293888758344e-01,6.030982026585980371e-01,2.351001652551729382e-01,3.333681880057748348e-01,7.710306565748400454e-01,5.855417059892774612e-01,7.344887919570788348e-01,6.913616104965734088e-01,9.911307636365097595e-01,7.078005117813838121e-01,9.134430680458437424e-01,9.656965472934710970e-01,6.532957855298548999e-01,7.985759925346458399e-01,4.380154522179326992e-01,6.549774248798632126e-01,9.499773945969546274e-01,9.928726942013025303e-01,6.790891138758524681e-01,8.554818355803694985e-01,2.024568652075199038e-01,7.793643012894864441e-02,4.512143626222424042e-01,2.205557079023946210e-01,7.649176208413295264e-01,9.321764963697589668e-01,4.069315604518435880e-01,4.912763508952751046e-01,5.587714655107681727e-01,5.059340781114544106e-01,9.773889161465278974e-01,4.675633709880755995e-01,2.719007042950016828e-01,2.528793554900655716e-01,2.384234164509674292e-01,5.199947573598654449e-01,3.015445449818593970e-01,9.234185416562596949e-01,4.227099349568088638e-01,6.768215000552311178e-01,4.059625044444951092e-01,5.094535868354089780e-01,4.991746309072835341e-01,4.872271110097359248e-01,6.783669835535510728e-01,2.092199576383836912e-01,5.818027553498685833e-01,8.561022157621475115e-01
9.028562152436457877e-01,7.857443869799833891e-01,5.178258850804883240e-01,8.117739501782815781e-01,6.642026102838415325e-01,7.828162758070331684e-01,6.017223684214770829e-01,5.525354764497575344e-01,9.880047596691310385e-01,7.837323375146345583e-01,2.782584587035068502e-01,5.499542007960177559e-01,9.155704831054684023e-01,8.724294548703446228e-01,8.083256884835910983e-01,4.834863386223888782e-01,7.842387072273998561e-01,0.000000000000000000e+00,7.936564123780583957e-01,7.402054208665999058e-01,9.026409891270471553e-01,2.561684305027973618e-01,4.793073140031233192e-01,8.748955603739896336e-01,2.016095656680638448e-01,5.361832569511417734e-01,9.275028349784034676e-01,7.083373600810867199e-01,-1.969307873272489184e-01,3.029751217806936348e-01,2.764851062104287660e-01,5.859641307177961833e-01,2.152125334357773700e-01,4.533537776385453411e-01,4.521905761383604450e-01,7.853546316317615572e-01,8.283066185262791259e-02,5.384001474474664484e-01,4.637590517136720991e-01,5.204731439172411989e-01,6.233814310855411156e-01,5.982524566165325908e-01,4.715891536293256858e-01,5.640661312714396747e-01,6.014128292453867486e-01,4.328714735434735505e-01,6.197678268306709981e-01,6.244835667551132952e-01,3.527158668310661493e-01,7.863180928870051600e-01,4.118766881290875093e-01,4.983423335488054162e-01,9.425882025340588388e-01,6.398686071235994977e-01,6.691848398652251451e-01,5.366398675103192240e-01,6.323375838319114095e-01,7.820495696701666999e-01,5.759918305799369698e-01,4.820505361528346633e-01,5.830637010202680548e-01,7.876047790021134531e-01,9.385385036579069196e-01,7.868986733519870436e-01,6.722930302716948470e-01,7.056521667006719900e-01,6.197128477771413069e-01,4.131689384048135572e-01,4.858029381843506078e-01,9.971194416701835150e-01,8.553667552797303841e-01,7.434565693179120416e-01,4.213261161807911326e-01,4.123805367835424729e-01,7.139237262167549281e-01,7.917881897333768348e-01,4.895972975359366153e-01,6.886342189357516075e-01,6.683924089289072779e-01,3.713621573204147763e-01,6.672863930018158030e-01,9.623946749879765949e-01,6.786919377782445473e-01,3.479236264606123674e-01,6.335114501107288465e-01
