0.000000000000000000e+00,6.828108144408834290e-01,9.753059179575893634e-01,7.561067448301970195e-01,6.395434024990511723e-01,7.239227755973409728e-01,7.480907867671284794e-01,7.938033855749451195e-01,6.078462760321134972e-01,4.141326628879452576e-01,8.418006817985179691e-01,3.798250155521706861e-01,8.456280248461530702e-01,6.205765504365166052e-01,6.838936361710856726e-01,9.432725512113246946e-01,8.412707641052817875e-01,9.351789174436571095e-01,9.730637242130406594e-01,4.032734753103875969e-01,9.887836077453522332e-01,8.446488967038027207e-01,5.347399032458424184e-01,4.269931259291889214e-01,6.880009118170109517e-01,8.507599592647157039e-01,6.979459848005978850e-01,6.433719473485788320e-01,-1.754252999833146032e-01,3.738357321313873216e-01,1.414547184350838094e-01,7.917978567122885281e-01,9.593340601233396603e-01,5.477268537794005576e-01,4.616467781524858371e-01,5.906902226162304981e-01,7.663059790022482831e-01,9.113698670258334467e-01,6.227193573945601912e-01,6.310848511281510476e-01,5.836934630565393523e-01,9.083415434842249114e-01,4.915009141317234209e-01,7.927221897705450937e-01,8.709351348844642793e-01,2.345489956841512735e-01,7.418653489093489650e-01,9.159174722826276538e-01,8.962851395371213004e-01,6.204661889254211582e-01,8.919688060781538752e-01,6.640443247849572295e-01,5.197777078047226551e-01,6.740970731648282532e-01,4.106765089851616146e-01,8.770603196254680434e-01,9.235834156909306092e-01,6.802704908507222203e-01,6.896958927192275990e-01,5.913501525001962911e-01,2.613034702681696908e-01,6.487284351339651645e-01,6.487338189342404249e-01,6.701310556486913539e-01,4.039359031865891181e-01,7.605859359386093477e-01,5.078478565233786046e-01,7.869092826995705003e-01,8.597032505717490114e-01,9.637592044667697699e-01,4.367519224377621745e-01,7.998109208979808926e-01,2.176252547646344015e-01,4.800022152997655001e-01,7.071682562113470460e-01,6.381942743037246624e-01,2.795150894587313251e-01,8.980477780633563389e-01,2.041196399110653537e-01,1.887070051038721719e-01,8.673483566074919882e-01,8.179451057535855885e-01,6.197927401650131785e-01,3.287304677179323648e-02,7.623715628813328982e-01
6.828108144408834290e-01,0.000000000000000000e+00,8.527349241855968209e-01,6.527517759558830734e-01,5.564773130681641700e-01,6.518566279722932677e-01,6.579360534505827030e-01,6.732950025212737222e-01,6.401691291502500381e-01,7.017350068568485311e-01,9.622352212156445317e-01,4.049586460653374909e-01,7.760764628448908464e-01,5.612151044375288667e-01,7.980704848010032881e-01,6.714119018037849607e-01,6.202757222294823514e-01,9.420936569016750139e-01,8.870861306447299643e-01,9.623659651900438039e-01,9.948324465487752288e-01,8.995946823526933256e-02,6.824856492395240393e-01,8.269290930698459663e-01,4.791703222433136844e-01,7.290772359650177226e-01,6.178364149138131367e-01,7.914332951658475945e-01,6.633090340432819254e-02,7.738250470194050212e-01,4.113797009286395134e-01,3.094667650359148592e-01,7.590307296809961635e-01,3.193659167446932790e-01,4.721784850345184248e-01,3.932579522336199229e-01,-1.965365596086621758e-01,4.418167620485942693e-01,5.865222637166842556e-01,3.203555444021302101e-01,5.338691618091815499e-02,8.813107984570834885e-01,5.103643419454609864e-01,1.958067974934682987e-01,5.086014712796438353e-01,4.976512503545663102e-01,6.118025484521456558e-01,7.843281940428272758e-01,6.807972466323856109e-01,6.519149002661785985e-01,5.794030292686521699e-01,6.873651328063413724e-01,7.438304775327772012e-01,5.517258641411066922e-01,6.281306536575602673e-01,9.084797039429075571e-01,3.350092669672369849e-01,4.449492109585036492e-01,8.485813659144890719e-01,5.789833629848114560e-01,2.197037524850796730e-01,5.362270705972679297e-01,4.627121555291241473e-01,6.853637066191322624e-01,7.143787575077905627e-01,2.921103018747911451e-01,5.049024923975764523e-01,9.287677240075983276e-01,3.982143720003545884e-01,9.534978951602023356e-01,9.235415310680481493e-01,7.234934339662144609e-01,4.104747024626256846e-01,1.689207981876479289e-02,6.044773788313122509e-01,3.267871628894755132e-01,6.160545925036147175e-01,5.664538986923347563e-01,2.766125835371471831e-01,7.628996827121410362e-01,2.969995428933514536e-01,9.463684658924411686e-01,9.118930180706796840e-01,3.886824329596200167e-01,7.001220672200090256e-01
9.753059179575893634e-01,8.527349241855968209e-01,0.000000000000000000e+00,8.582171998772071264e-01,6.088792044592526986e-01,5.259979224352144822e-01,5.131699224659695968e-01,5.270393610502874804e-01,9.059229587125455785e-01,6.645582820962174786e-01,5.872499453349887544e-01,8.566955430530815985e-01,5.212201485578515925e-01,8.981155757216516822e-01,5.974822515905477971e-01,6.396437619092826266e-01,7.249666388050792776e-01,6.474460333488252228e-01,8.459072085728320811e-01,3.890983476215381653e-01,9.706760433511126829e-01,5.477706356698353041e-01,6.174215797991031707e-01,7.033825076711859303e-01,9.377908329090083317e-01,4.405416327792651687e-01,7.784250563620742636e-01,9.262683644545166572e-01,-3.803707638410724901e-01,2.467142098365003311e-01,5.390125817418688348e-01,4.084028214275906010e-01,6.688182931960018340e-01,7.832854624238082542e-01,7.651053681346020596e-01,-1.962692816727595879e-01,1.027334926024496900e-02,4.553015556378982587e-01,3.250740361641945020e-01,9.195196971542044517e-01,2.589425383760013966e-01,2.652496782372218975e-01,8.292162148944599576e-01,8.538064508239407990e-01,9.653848037588541597e-01,7.497171052400060098e-01,6.858829490333908652e-01,9.426830180973334583e-01,9.959944844988635193e-01,7.471891552975613582e-01,6.555354183206282270e-01,8.221441010595963439e-01,6.889109321438167122e-01,9.958208002360573463e-01,6.375456835893615892e-01,8.697210086464044476e-01,9.770183432336959628e-01,9.669652653556032318e-01,7.894576190992794729e-01,4.724498941940182273e-01,4.309576674479664860e-01,3.221918903316085547e-01,7.884923658570495153e-01,8.927774951936084946e-01,8.532152249957746237e-01,8.721446409551913970e-01,6.306410535546891349e-01,8.391726853557476273e-01,3.757043211782040704e-01,9.638796669175575538e-01,6.329965397754283574e-01,8.914628280879578481e-01,-6.816742425935939931e-03,3.990389499798813189e-01,8.175717236653379238e-01,7.263834899126051514e-01,3.666291695378134374e-01,8.032777879991696013e-01,1.122961821570224172e-01,2.279606435206999460e-01,9.494204284083779255e-01,8.267829145741101282e-01,5.686914869917270021e-01,6.491263363147247167e-01,5.866082102433056722e-01
7.561067448301970195e-01,6.527517759558830734e-01,8.582171998772071264e-01,0.000000000000000000e+00,5.066999297718514095e-01,4.794850381582400067e-01,4.664440778054267378e-01,4.778003756940062963e-01,2.973455236454732864e-01,8.004112561859767494e-01,4.793828390545649687e-01,4.976283004577942148e-01,8.532663643081687121e-01,7.015904608586683855e-01,1.564871236886786476e-01,4.739657026913285942e-01,3.078838120221186747e-01,7.777843135496170790e-01,4.171258096123140607e-02,4.943041833665933749e-01,7.055296253231151393e-01,6.958287653652452942e-01,7.853373750496738248e-01,5.231129867198242023e-01,5.163704392284577116e-01,4.910114376260383828e-01,6.841381840790277113e-01,4.574861842260285472e-01,2.069597076642094857e-01,2.515362270717519388e-01,4.013212504046165807e-01,6.009677263222410470e-01,9.972562207603382634e-01,3.730179092365356608e-01,5.605508220463966129e-01,2.138422846456206061e-01,4.659182412956393016e-01,5.779107956465771023e-01,8.099142821055592689e-01,7.797766872405210714e-01,3.875571681335704954e-01,7.012677712253545526e-01,9.742257193230248191e-01,8.540899425221867292e-01,7.539503415388786323e-01,7.405368013314121978e-01,4.597461218247094750e-01,9.322606071099222014e-01,7.679955754150373792e-01,7.762716693526342526e-01,5.980171766514557063e-01,2.360003647792462966e-01,6.797489676546213389e-01,7.514730771487940775e-01,8.859822468734732670e-01,5.397245242285249045e-01,6.692047754588750230e-01,6.625523703976867740e-01,4.334368242796600712e-01,4.688902280430715663e-01,2.626288007069335628e-01,7.769016309175408308e-01,6.317503900339256351e-01,7.929123418507171284e-01,7.260638492243592923e-01,6.414313932459270173e-01,7.127392781918809872e-01,4.523984994428950634e-01,6.492043010145126525e-01,4.275453692704445086e-01,6.688093018323961747e-01,8.946836072513609794e-01,4.050901315046482321e-01,1.431430572186302985e-01,-1.758865293410435959e-02,9.046422513781080532e-01,8.931635635503418769e-01,7.947297588698545301e-01,2.567090689304978302e-01,3.789031814685094313e-01,3.358766121292535711e-01,7.264236909696187849e-01,4.601961004102942954e-01,3.787333468207804144e-01,6.278948377574106177e-01
6.395434024990511723e-01,5.564773130681641700e-01,6.088792044592526986e-01,5.066999297718514095e-01,0.000000000000000000e+00,6.212645049289635679e-01,3.669797160549905790e-01,6.434591160450658931e-01,3.011687448275595161e-02,9.096472274637391608e-01,5.425505484782735532e-01,4.919068759817802894e-01,7.587987310022556997e-01,6.732688547843401761e-01,2.874502825762608738e-01,6.618601759786114647e-01,7.805571606226913151e-01,6.942364332203292410e-01,9.713808679176219041e-01,8.266152830817146135e-01,6.951921658467533627e-01,9.652159790089100966e-01,6.692534775545169179e-01,7.029819045900137509e-01,5.466597761237954600e-01,7.624135936638785083e-01,8.687471437489557857e-01,6.955945979301076942e-01,3.598574713261459834e-01,3.910683200593919606e-01,5.999707388998942736e-01,3.498602142624385354e-03,6.173381225428651309e-01,7.876996727765521733e-01,5.573037296103153793e-01,-8.395667293572045553e-02,7.752596410650743897e-01,4.087738178174522008e-01,7.088221241774665948e-01,8.015873140100155947e-01,1.176272323945051074e-01,7.714212697959028642e-01,7.959985763511168155e-01,5.808301533411971418e-01,2.938103944662110445e-01,6.010790123434004428e-01,9.463087396720158972e-01,9.620785436242438315e-01,3.395636066105376383e-01,7.851960264793741429e-01,4.482592426131705166e-01,6.541525645904070485e-01,8.963337567817699636e-01,3.175238116406349786e-01,6.165453329726749976e-01,7.599529986421441619e-01,7.210616628831493236e-01,2.706048488970362320e-01,6.682481706097189722e-01,2.390502789434056918e-01,2.579154312106298752e-01,4.433286754418826470e-01,3.988724087369945881e-01,2.973352931279429345e-01,6.505200224091397532e-01,6.474514678556232417e-01,4.717743599911118357e-01,9.993692369946529652e-01,5.799250415716686868e-01,4.445946604313797401e-01,9.664535433315915025e-01,7.016716825877241659e-01,5.316973648940144237e-01,3.843563699248562227e-01,5.260586953831812851e-01,6.951049789253345157e-01,6.597282481952665423e-01,4.669276683452103782e-01,2.977071589108324368e-01,4.781802110625698599e-01,8.719103231980778190e-01,7.534581966971194422e-01,6.860034801878203137e-01,2.481920369375738289e-01,6.609299336538508873e-01
7.239227755973409728e-01,6.518566279722932677e-01,5.259979224352144822e-01,4.794850381582400067e-01,6.212645049289635679e-01,0.000000000000000000e+00,2.203331224376750830e-01,6.013631223809376980e-01,7.074518068930365500e-01,8.490959791909841181e-01,2.196300328515408684e-01,6.813030247584294097e-01,2.599562765827414523e-01,5.959096597259921912e-01,6.499754903508562220e-01,8.811709479342264562e-01,2.457606362814855339e-01,2.267819746165888328e-01,4.516023592617011695e-01,6.086112962436804885e-01,7.345734715791841785e-01,9.157485978183137476e-01,6.143769624362289683e-01,9.975891201700063382e-01,4.892606491313655770e-01,1.957573243329016888e-01,5.303598385558824235e-01,7.344134873011372022e-01,3.829833712443480032e-01,1.883418043371191120e-01,6.041874887341805445e-02,6.884651403356469856e-01,9.389403716671160804e-01,6.860623124628318914e-01,5.620405543068474064e-01,5.338146081400967358e-01,3.408464157759457658e-01,4.521635892065872797e-01,8.093788457356514421e-01,6.796774435897882105e-01,4.623026171798257367e-01,5.859744620111092539e-01,6.461479176751101505e-01,8.848425120116263365e-01,8.104407951873037197e-01,9.689462326324992381e-01,6.895936663241073461e-01,5.996651664066248166e-01,4.269907474691973515e-01,3.886854959944510135e-01,5.250052551284184466e-01,4.144031385995615713e-01,5.482152300987872540e-01,9.329519908422545527e-01,4.734253178005796703e-01,6.756404908648052654e-01,3.573988913414574142e-01,7.250060675147824707e-01,3.458666869512569964e-01,2.703991731188800651e-01,2.597495275321360930e-01,1.312673694934157476e-01,7.055201349060383764e-01,7.979740005968543048e-01,5.630096276534360955e-01,3.391058707275086959e-01,9.780211317538780591e-01,6.919220365242181314e-01,5.673973343957363635e-01,4.117383765640295068e-01,3.209617789765222828e-01,7.278291451371149412e-01,5.316120923575915480e-01,4.842798797777332909e-01,5.329668167442269677e-01,7.570727447183226433e-01,3.590351709953026882e-01,4.620488224465850169e-01,4.965785994396290648e-01,7.839610888380467157e-01,4.132177740917075126e-01,7.123702029866785246e-01,9.552760442356416082e-01,3.693131598527856774e-01,8.532330453338601295e-01
7.480907867671284794e-01,6.579360534505827030e-01,5.131699224659695968e-01,4.664440778054267378e-01,3.669797160549905790e-01,2.203331224376750830e-01,0.000000000000000000e+00,5.032202317707038519e-01,7.911793532591959721e-01,2.935483205311035793e-01,7.144439299231267748e-01,3.762865523316646366e-01,2.226441377801610666e-01,4.289695857169110726e-01,5.384728779257886844e-01,5.743794139443209046e-01,1.908316513229876277e-01,7.930202419489521537e-01,5.423725158187192585e-01,4.410759115421317156e-01,3.980275413871331436e-01,7.795369003153322929e-01,4.822071605246263104e-01,9.449754810431465479e-01,4.823002420415867242e-01,5.228295062048541331e-01,6.344916140045259167e-01,6.484051822816524480e-01,4.166798140241470549e-01,7.292888919531932412e-01,3.299531605803258660e-01,5.375586134726303422e-01,4.652738469721574011e-01,2.891674486248503873e-01,6.717642246788315674e-01,4.179795329694049877e-02,5.644372121513239193e-01,5.406607786415433825e-01,7.001105053663673194e-01,7.668997024172055088e-01,4.934614902620545474e-01,5.356295460086571980e-01,8.780408074557309872e-01,2.723431291577176339e-01,6.548712618264618257e-01,5.956797372149327252e-01,2.954260930540907326e-01,4.715659829888599330e-01,5.150313192635846971e-01,4.708190318940131402e-01,3.916877221173417079e-01,4.612113166016700294e-01,3.002495007175883801e-01,5.566558097123939369e-02,4.936076322317649034e-01,7.529016109096731135e-01,7.091957709371924379e-01,6.068650423876729150e-01,6.896430510059284869e-01,2.158750539654693545e-01,2.609709415812793698e-01,2.637417042380140186e-01,4.506078172197542364e-01,8.104582525483152722e-01,3.042689835890928229e-01,4.108276605114535296e-01,-2.475996810102505663e-01,6.643730243438001892e-01,6.017802287640423575e-01,7.643911925667599139e-01,4.712085781516847094e-01,7.562650627938952708e-01,4.262306474631777364e-01,7.712788686167366681e-01,3.105472812951964867e-01,7.474995195930419500e-01,4.830994281233515486e-01,7.751626910719485730e-01,4.817590997445373446e-01,6.060756124342372431e-01,6.632346211252667656e-01,7.234802224893314149e-01,7.890253891066231207e-01,2.566759456137070461e-01,2.395577054380540194e-01
7.938033855749451195e-01,6.732950025212737222e-01,5.270393610502874804e-01,4.778003756940062963e-01,6.434591160450658931e-01,6.013631223809376980e-01,5.032202317707038519e-01,0.000000000000000000e+00,4.704827892629516173e-01,4.293769446324339767e-01,5.945963149684494603e-02,3.800720673144203365e-01,7.285867229599762851e-01,7.962542958774950774e-01,6.692490771069390387e-01,1.180286511634159458e-01,6.364687292361228543e-01,5.251373847888820556e-01,8.919726016604981877e-01,8.455423898988003728e-01,6.980131462507149775e-01,7.055385706519056166e-01,4.164613281420629365e-01,8.816333130398014140e-01,2.429787173193752869e-01,6.748403481222449152e-01,7.703780922642959883e-01,4.074124514965701271e-01,2.851434197735261064e-02,-8.618728699282775241e-02,3.386641133234639112e-01,4.205213994854896664e-01,6.025627146672416501e-01,2.956317721905287743e-01,6.605205218788989807e-01,2.705003886273252278e-01,4.599704243199276288e-02,5.980646409917456108e-01,8.252945150396885365e-01,1.115740911836791277e-02,-3.623911621295392016e-01,5.482246484956087018e-01,2.228493892251361963e-01,5.215331170360629764e-01,9.091806874414276596e-01,1.887973586277735816e-01,3.145938602622656566e-01,4.094245365183217800e-01,2.745314423605290099e-01,6.402613732291102533e-01,5.098910561605558556e-01,4.656907282247341739e-01,4.622877995144955565e-01,5.905531226415886570e-01,4.917079852372877036e-01,9.540509589658052736e-01,6.628898856615749180e-01,4.602036804254328040e-01,4.402765980029781923e-01,2.503411537828260647e-01,4.421865710648570369e-01,7.386720021900852196e-01,5.992474547794751638e-01,7.114024027111007786e-01,7.211542627012775819e-01,6.737924772723202782e-01,6.942260262271773286e-01,7.813716836472142102e-01,5.980441751908673886e-01,2.559792316303178827e-01,2.909274099092618027e-01,2.502987205457476438e-01,3.804074442958484958e-01,1.655141012203278916e-01,5.106440967724823476e-01,5.279423558098270686e-01,3.595572927027986809e-01,3.268362145231646920e-01,3.386915853618305272e-01,1.361592905225057770e-01,6.155404293409940664e-01,5.935961332660415479e-01,6.494030537607209386e-01,3.238605814602728006e-01,7.638050623745480383e-01
6.078462760321134972e-01,6.401691291502500381e-01,9.059229587125455785e-01,2.973455236454732864e-01,3.011687448275595161e-02,7.074518068930365500e-01,7.911793532591959721e-01,4.704827892629516173e-01,0.000000000000000000e+00,5.752194130911408854e-01,4.167749311940789902e-01,5.895659247653619595e-01,4.450367716281776187e-01,7.152881716603575191e-01,7.795335582849043377e-01,7.351493794482051314e-01,9.291881211528191242e-01,5.679026611535814562e-01,6.631060339946319715e-01,9.210036117703142011e-01,8.245707268094109033e-01,3.734980635406988103e-01,4.134445080443175380e-01,8.142816228247258259e-01,8.669164181906108485e-04,2.544752522464352462e-01,7.418835749151941883e-01,5.976795821948530651e-01,4.547088645118623762e-01,4.225903829954545388e-01,2.978692493227026450e-01,5.872333015857531535e-01,7.215789499364811954e-01,7.074284163496898925e-01,5.721718878317357815e-01,4.795420699179676061e-01,4.914641242891161221e-01,4.142898209063541892e-01,7.910512794604799280e-01,2.475315747942523625e-01,9.460782158750199455e-01,4.635907763850600216e-01,7.608560233152559249e-01,2.928038454049730066e-01,7.367173578529525590e-01,6.656514764431717968e-01,4.041261118177084111e-01,6.346098242738220652e-01,6.242149450685693379e-01,7.679549540880884484e-01,5.284801234109692825e-01,7.034881425378503028e-01,8.367149993453310008e-01,4.135690667647803354e-01,5.421681450376788503e-01,9.137187930109786915e-01,4.473736744171319391e-01,7.696296822881792954e-01,4.871843518784573779e-01,4.252178770688223031e-01,4.675026652897087409e-01,6.300325343523826005e-01,7.605985133570963841e-01,6.410952491205174075e-01,7.807762276589695905e-01,5.923994529808345177e-01,7.674801696188102706e-01,7.730056749822243889e-01,4.980660659855075112e-01,2.648958522775942681e-01,6.330756683715553779e-01,3.829490458380558904e-01,2.297991979002667606e-01,4.656205167704544068e-01,3.055239510432283256e-01,2.494194687284723155e-01,6.188110450234944881e-01,2.349116907411986921e-01,1.711015782238338723e-01,9.452742011352742446e-02,3.412397190159796034e-01,8.163814333108851962e-01,5.919814911938688917e-01,3.176978393976203630e-01,6.037996863717377538e-01
4.141326628879452576e-01,7.017350068568485311e-01,6.645582820962174786e-01,8.004112561859767494e-01,9.096472274637391608e-01,8.490959791909841181e-01,2.935483205311035793e-01,4.293769446324339767e-01,5.752194130911408854e-01,0.000000000000000000e+00,7.789834323727347076e-01,7.998967423207188343e-01,7.461640865550519530e-01,8.410601081011855884e-01,4.082582764241492468e-01,6.506078291091089705e-01,6.753045846191718660e-01,3.306246040817724108e-01,7.640170663846175270e-01,9.740552210455776239e-01,6.644728294732998863e-01,6.347303686286220881e-01,7.668206955648085854e-01,9.321501832458728432e-01,2.786640169475020912e-01,4.290377650849581670e-01,2.001598252642945996e-01,4.679918976045212564e-01,6.758092068753029924e-01,3.976100299108027425e-01,2.616736953714667302e-01,4.499318177461883450e-01,6.971743334602995557e-01,5.885718450665450296e-01,5.768136509193513284e-01,4.361970801818580434e-01,4.976582896555110658e-01,4.086488364565591946e-01,5.245516960201493939e-01,6.534579326538724198e-01,5.316980362387631054e-01,3.258374844836263717e-01,9.171176958316547001e-01,3.960982151738590487e-03,8.175338135306725595e-01,4.388349342742999815e-01,7.277052165273363293e-01,-1.374308284640410882e-01,2.848875552265378031e-01,4.931285621747209524e-01,5.222659508207387891e-01,4.437212891989468777e-01,5.491250458204186558e-01,5.448205025624868192e-01,8.714139647878683670e-01,7.905093868896262421e-01,9.134342543729259134e-01,7.369877104557849279e-01,4.575374372456750272e-01,4.980426670187623750e-01,6.517396354514168877e-01,5.077684793927564888e-01,5.060760410704749912e-01,9.167379429485528197e-01,6.043293296455680697e-01,5.410734711020269705e-01,6.616017136916194641e-01,8.300626789328143795e-01,7.828948967720985586e-01,7.726688985342911042e-01,-2.261050432457434312e-02,8.349442486302462996e-01,4.619765251561883668e-01,2.518692904269084765e-01,-4.384057522645071203e-02,7.634282555029425765e-01,5.516962584355864507e-01,4.190392707728914368e-01,5.949585215976279651e-01,-8.438664633473824672e-02,4.823029527292332364e-01,6.343490847893953344e-01,7.486613594665707527e-01,4.827522053570463823e-01,6.332133348466035816e-01
8.418006817985179691e-01,9.622352212156445317e-01,5.872499453349887544e-01,4.793828390545649687e-01,5.425505484782735532e-01,2.196300328515408684e-01,7.144439299231267748e-01,5.945963149684494603e-02,4.167749311940789902e-01,7.789834323727347076e-01,0.000000000000000000e+00,8.336977091080810531e-01,7.696204116877312096e-01,9.886971595573869065e-01,9.602488093446436279e-01,9.379482057432051434e-01,7.839931508701323271e-01,9.326975387185063582e-01,6.577112388229295892e-01,4.183134412729899165e-01,9.574541316791780332e-01,3.893348107122006074e-01,8.129756801239320652e-01,9.258881283214266400e-01,4.587408044908112270e-01,9.992990511350181571e-01,9.781444968838892695e-01,4.190466665502382559e-01,8.399161434739897958e-01,-1.176132087447900876e-02,4.142223964133922021e-01,6.234507681418780534e-01,5.617972210679212930e-01,8.737555911070959969e-01,7.674336165707736912e-01,7.540925970604920314e-01,4.589280727138821958e-01,5.552410281238587819e-01,5.765913348410280914e-01,5.150738458211727711e-01,5.851958661456222455e-01,7.283675539256688758e-01,5.016909776733327053e-01,9.286706715166506143e-01,9.020755545310220613e-01,7.121693437945297855e-01,6.021775774782310853e-01,6.706675247281765895e-01,7.642506706630274316e-01,1.524462952753931066e-01,6.657662236820689472e-01,4.638364946981342607e-01,6.056850673856933875e-01,7.040257655727413244e-01,9.479648071473870674e-01,8.722104064814688584e-01,9.098347532102863955e-01,6.340070555445745937e-01,3.262682655180338953e-01,5.377919550126744053e-01,7.693911151383289182e-01,2.386595798480481423e-01,-1.397966679983358163e-01,9.368718521483045958e-01,8.266064845332535826e-01,6.832865214457620739e-01,1.161491794509555975e-01,6.509825843425380842e-01,6.969394918196536448e-01,5.323394119158908477e-01,4.949567838227807992e-01,5.720727746944955783e-01,4.083703870188999663e-02,3.669558589880134725e-01,5.649934780199156181e-01,4.971545320318302430e-01,6.833755719203251644e-01,2.094408991877212967e-01,2.563434588322323626e-01,2.849212461623364390e-01,9.500472754526176900e-01,6.984903995726342574e-01,8.234022223140654573e-01,4.933398549917250575e-01,3.727803544518986656e-01
3.798250155521706861e-01,4.049586460653374909e-01,8.566955430530815985e-01,4.976283004577942148e-01,4.919068759817802894e-01,6.813030247584294097e-01,3.762865523316646366e-01,3.800720673144203365e-01,5.895659247653619595e-01,7.998967423207188343e-01,8.336977091080810531e-01,0.000000000000000000e+00,8.199319500835688945e-01,7.693140609316525547e-01,7.892521608380960452e-02,5.900122721820900695e-01,6.588877422579177967e-01,6.895966489833339486e-01,6.239461585715442293e-01,6.108284973024389330e-01,9.817397624735408890e-01,5.715934651207922323e-01,9.994987962409200843e-01,6.109605519812426611e-01,5.225259771078484272e-01,7.452936487353345463e-01,7.048526254636687804e-01,2.263339561058142213e-01,3.912277951140826771e-01,1.479403659662030870e-02,4.826936291110885957e-01,6.745579477733800733e-01,4.592601800575511484e-01,7.473848740633564081e-01,7.041568086334273335e-01,4.915168832061149740e-01,5.858163021038795826e-01,5.106826158300488139e-01,6.683489250566434503e-01,5.082382912780115669e-01,8.826972851659498076e-01,2.235807939411167677e-01,6.945034636035409825e-01,6.284341160984471264e-01,2.489744053406308111e-01,6.011988664097803747e-01,7.886059948044359391e-01,7.378809117859924660e-01,3.766522562898129145e-01,6.186059498505203091e-01,4.197928078215198422e-01,2.008996681416569396e-01,3.490267795240188375e-01,5.818837786592084838e-01,9.610005217605943617e-01,8.543641160364860987e-01,5.622959547922821155e-01,5.215161973017358177e-01,4.481171771531377024e-01,2.099396082525252227e-01,7.131287329241752238e-01,4.972246090350997405e-01,8.138640933615360895e-01,3.893201692207619580e-01,8.664730615746953912e-01,9.196845221569855955e-01,6.016129203724560615e-01,5.996063892595251410e-01,2.600298461184811782e-01,7.738359768706832842e-01,7.376840909698256787e-01,7.198114477959745017e-01,3.266296130797612385e-01,5.136446899021206436e-01,5.069787724201153534e-01,2.110142078691933931e-01,4.420772844556410397e-01,5.060274836009485133e-01,5.820371269791058122e-01,2.832637420092153913e-01,6.613393992995125759e-01,7.651514579965006391e-01,8.552622468723087845e-01,5.155791801713484057e-01,7.916604582062642947e-01
8.456280248461530702e-01,7.760764628448908464e-01,5.212201485578515925e-01,8.532663643081687121e-01,7.587987310022556997e-01,2.599562765827414523e-01,2.226441377801610666e-01,7.285867229599762851e-01,4.450367716281776187e-01,7.461640865550519530e-01,7.696204116877312096e-01,8.199319500835688945e-01,0.000000000000000000e+00,8.522203900506137852e-01,7.446635560868744008e-01,9.258538434538053918e-01,5.170585021688640648e-01,4.065439418915810510e-01,6.757482293899861325e-01,4.502409201029015651e-01,4.796140412330417435e-01,6.588169353013584306e-01,4.016416647549361230e-01,6.046748919933129240e-01,4.064940885529685355e-01,6.485279526243055148e-01,4.345972275074984625e-01,6.580085737360679143e-01,5.084699287550890068e-01,4.614100330822665935e-02,2.627142598033053167e-01,5.568957889160779384e-01,4.736187767674222560e-01,6.092551071301323118e-01,5.791095850618572793e-01,2.168312368205625729e-01,5.753307464345061017e-01,9.234170657158042861e-01,7.776578297684988428e-01,3.509579704821180757e-01,7.621233030700674815e-01,6.431838135149231528e-01,7.205601660538443198e-01,6.850864858710959959e-01,6.513455888169928931e-01,8.884900791229447536e-01,7.379242939168648707e-01,6.739203479516162609e-01,9.468379863740309377e-01,6.879834932968591499e-01,5.961273857328428516e-01,8.288216674433346309e-02,4.416035687627135609e-01,6.442060559110208695e-01,6.687715207771202097e-01,6.981153975321843230e-01,4.559385766035272680e-01,6.952784989942120131e-01,7.422644269602376443e-01,5.367945407027733262e-01,5.592248772448152883e-01,2.883277627968663936e-01,3.617206725496169839e-01,9.789909479331077025e-01,9.941661584302696753e-01,6.644469944773586656e-01,6.333480962941412384e-01,6.675125129849294181e-01,2.641890190686849160e-01,7.291889447623475240e-01,9.844078486185288135e-01,9.851316635015694434e-01,5.296314023532283644e-01,3.111627571041516438e-01,6.621974892828644821e-01,6.669262071914707768e-01,6.209243419063231739e-01,7.748205965006328411e-01,5.860713804818258321e-01,2.312935629038647689e-01,6.392486063176624489e-01,7.067234669878268427e-01,9.892555199033901125e-01,4.925294718018395912e-01,5.847902234664765775e-01
6.205765504365166052e-01,5.612151044375288667e-01,8.981155757216516822e-01,7.015904608586683855e-01,6.732688547843401761e-01,5.959096597259921912e-01,4.289695857169110726e-01,7.962542958774950774e-01,7.152881716603575191e-01,8.410601081011855884e-01,9.886971595573869065e-01,7.693140609316525547e-01,8.522203900506137852e-01,0.000000000000000000e+00,4.765595993249341911e-01,9.960170530660883426e-01,7.502919233806886190e-01,9.580831381669241420e-01,7.724533694292593511e-01,5.996144535050811353e-01,6.158589532718550252e-01,7.107666427787083796e-01,7.714905549385293604e-01,5.132209980248868542e-01,5.588782335439531623e-01,9.608203890520883306e-01,4.123245402112435953e-01,4.688705613120827675e-01,9.402859172614088656e-01,8.085849034096384558e-02,3.365948620799166235e-01,3.712893021692992290e-01,5.131433573532381276e-01,6.903321029532416553e-01,7.867314513887919691e-01,1.414203390889187117e-01,4.801544054651619708e-01,6.893635024727181593e-01,7.362826512801192713e-01,9.914822434592572842e-01,4.911804421257057740e-01,7.813696445989328776e-01,8.560469264519325883e-01,6.138387432710799008e-01,5.323006195581392319e-01,3.353325301218522125e-01,4.212229283356374032e-01,5.570390626316453764e-01,7.435781832499229749e-01,4.699141563515763509e-01,6.161357909187453741e-01,5.301937259428713967e-01,6.199614307802595592e-01,9.844951723016207579e-01,9.990348608332682012e-01,8.327682836182553894e-01,9.719108704390284625e-01,3.075083730524605929e-01,7.097234805603976904e-01,4.470625935664829242e-03,4.188653259402840834e-01,7.369759275385037167e-01,6.432227563835959394e-01,6.630008966474885135e-01,5.799743390214078254e-01,4.938326878895459293e-01,7.609476115650006811e-01,8.480028208855175942e-01,2.525019733228554553e-01,5.513858750456503977e-01,9.208916719711374155e-01,8.933407219305296021e-01,6.399853679722112831e-01,6.610425337794427758e-01,6.790380288555285526e-01,7.239153402370503976e-01,6.749781225801442242e-01,2.290984353401238904e-01,4.523856082097536535e-01,3.495594038345158916e-01,9.790977214946278151e-01,8.571656084642206297e-01,4.521417192179068012e-01,4.004243048203392878e-03,5.133232188980505484e-01
6.838936361710856726e-01,7.980704848010032881e-01,5.974822515905477971e-01,1.564871236886786476e-01,2.874502825762608738e-01,6.499754903508562220e-01,5.384728779257886844e-01,6.692490771069390387e-01,7.795335582849043377e-01,4.082582764241492468e-01,9.602488093446436279e-01,7.892521608380960452e-02,7.446635560868744008e-01,4.765595993249341911e-01,0.000000000000000000e+00,7.375443104460125410e-01,1.892602701343827909e-01,4.138625074145694249e-01,5.122558131089042233e-01,7.088889849594540715e-01,2.585877742815939073e-01,4.560069219931469631e-01,5.084943624478786006e-01,8.424229069542297221e-01,1.747446811597578864e-01,3.696896755119831179e-01,5.487600756690856896e-01,9.403122675279017573e-01,3.076392910107199619e-01,3.901267074300359128e-01,9.000945169139383528e-02,6.893882069513562749e-01,4.552462628961004287e-01,5.452436392889163930e-01,3.002730903706510857e-01,6.800136351608556673e-01,5.273672510223683663e-01,5.022018715012537271e-01,4.500512493079507625e-01,9.823194822781498026e-01,7.404071081643250896e-01,3.068120130328835793e-01,3.261038043801346431e-01,5.694603165220277763e-01,2.809786700110321056e-01,8.905549573972960653e-01,6.794030613562299648e-01,4.322565887436167764e-01,5.943435358314952399e-01,4.907902349243289386e-01,1.456351320169828323e-01,6.463303693325684884e-01,5.145908219292004704e-01,6.962314262476806404e-01,8.872025847816211730e-01,7.833048576041830025e-01,8.132707255218644127e-01,1.339222570446232108e-01,6.031265725348624596e-01,3.925397903501609553e-01,1.486624292176469131e-01,6.233303290776703864e-01,5.257232715513429078e-01,5.190665782890508950e-01,5.245617161149400687e-01,9.316625980249373384e-01,7.485256080200840545e-01,2.216995787966823672e-01,4.269535140299760556e-01,6.366828146494020180e-01,7.402326550130040594e-01,2.079085392171802216e-01,3.083791799566253933e-01,6.055001363458465402e-01,6.733437008286078385e-01,8.651016349329422317e-01,3.003317953190274281e-01,3.038638057300491746e-01,3.814595145204141557e-01,2.088987934635983257e-01,5.725452431232638251e-01,7.298935543704349049e-01,6.911573356099384169e-01,7.506338970517943687e-02,7.224149262049762710e-01
9.432725512113246946e-01,6.714119018037849607e-01,6.396437619092826266e-01,4.739657026913285942e-01,6.618601759786114647e-01,8.811709479342264562e-01,5.743794139443209046e-01,1.180286511634159458e-01,7.351493794482051314e-01,6.506078291091089705e-01,9.379482057432051434e-01,5.900122721820900695e-01,9.258538434538053918e-01,9.960170530660883426e-01,7.375443104460125410e-01,0.000000000000000000e+00,7.233422371699590459e-01,4.314003888495037131e-01,9.903371868816222001e-01,3.410747963315020614e-01,4.710270617202779175e-01,3.879776212349214104e-01,4.408731751487821593e-01,6.572814618125568664e-01,2.793129724266781855e-01,9.017747175730541631e-01,7.692186434829295649e-01,7.112051972534666477e-01,6.635905535178565628e-02,5.202365222077000029e-01,6.324577214989925977e-01,4.754094973553644743e-01,-5.291685585473188125e-03,7.173984424503903057e-01,5.784289855492881494e-02,4.894270521394705198e-01,6.383568009294883216e-01,9.146733074924496831e-01,9.433079369029355732e-01,9.554566632970711293e-01,-8.685277527731413705e-02,9.892036536418740145e-01,9.458769242344423622e-01,5.434767914093285857e-01,9.415373399285071887e-01,4.981648918868083475e-01,9.588840831590339508e-01,6.872108555168980892e-01,5.662830287638319637e-01,7.920976375844439588e-01,7.435174205884619303e-01,1.617912525200441431e-01,7.013561260477122472e-01,2.692334515560841912e-01,6.471221156831532539e-01,8.805134423482021688e-01,5.769162253750055314e-01,6.794486512279790391e-01,4.975162490936730908e-01,2.130226343422774449e-01,5.384885266471679532e-01,6.736277909753353166e-01,7.816819383039986802e-01,7.559316255593365730e-01,4.237621495715759856e-01,8.405605250087064828e-01,7.570115151779649443e-01,9.698825373458693777e-01,4.851053971210578242e-01,2.957432780590424359e-01,6.742606363760277333e-01,6.397138437716085591e-01,6.609173378367698415e-02,6.516331698760245983e-01,2.945900430918325652e-01,6.633205589576117722e-01,8.219332509606017689e-01,2.625047891041387693e-01,1.236200112715299809e-01,5.191450556366111746e-01,3.687634652638379640e-01,3.195677699324531718e-01,5.464294205838894358e-01,-1.013782670075569214e-01,7.435777108291028448e-01
8.412707641052817875e-01,6.202757222294823514e-01,7.249666388050792776e-01,3.078838120221186747e-01,7.805571606226913151e-01,2.457606362814855339e-01,1.908316513229876277e-01,6.364687292361228543e-01,9.291881211528191242e-01,6.753045846191718660e-01,7.839931508701323271e-01,6.588877422579177967e-01,5.170585021688640648e-01,7.502919233806886190e-01,1.892602701343827909e-01,7.233422371699590459e-01,0.000000000000000000e+00,4.392161538889565731e-01,9.439585841955668855e-01,5.274165347813006832e-01,6.315448319827855483e-01,7.419529363366677011e-01,9.055295597016522757e-01,9.395487657647163537e-01,6.144119634221544279e-01,8.310812108559388900e-01,5.974196526725668033e-01,7.557897803399218351e-01,8.837392599814997488e-03,2.930998407681797424e-01,3.998072007664573713e-01,4.163935165626754253e-01,7.020604548640212439e-01,7.944492690112365807e-01,8.067111067966904470e-01,4.157241997026744351e-01,4.127919537238216030e-01,8.420702834189268682e-01,2.093540041066581647e-01,6.460170535995528596e-01,4.258626484914843635e-01,7.133117574973905084e-01,7.675032432093628065e-01,8.273155006837669134e-01,7.518271247637522414e-01,4.784108621377317072e-01,7.099429573449862474e-01,6.557122302651585688e-01,7.560771059411813821e-01,7.824269244856877359e-01,3.396178513634148244e-01,6.839110600282644059e-01,7.264687328890298001e-01,3.695406725848678908e-01,6.414444210553016390e-01,7.412713416528863286e-01,7.557581953977167144e-01,7.123433907306879753e-01,7.345143248244454526e-01,2.129548579116622986e-01,4.799789002137658245e-02,7.572606056047026524e-01,7.318228703333145013e-01,3.450271036441155958e-01,7.354175649860537067e-01,2.636295114126649408e-01,5.353462702437343790e-01,9.030795063212956331e-01,5.034063942987392348e-01,1.160903216734838345e-01,7.448009187215920424e-01,3.153940272080713036e-01,4.010598507116931999e-01,5.276649936529049789e-01,7.598311929224892403e-01,6.856974803082369618e-01,8.645330796488813752e-01,7.199866748583425569e-01,4.960319547348680524e-01,3.744523752458451815e-01,7.470002268823041636e-01,6.334027807275055544e-01,6.291839930392542080e-01,3.048211114279362338e-02,4.991726435589097788e-01
9.351789174436571095e-01,9.420936569016750139e-01,6.474460333488252228e-01,7.777843135496170790e-01,6.942364332203292410e-01,2.267819746165888328e-01,7.930202419489521537e-01,5.251373847888820556e-01,5.679026611535814562e-01,3.306246040817724108e-01,9.326975387185063582e-01,6.895966489833339486e-01,4.065439418915810510e-01,9.580831381669241420e-01,4.138625074145694249e-01,4.314003888495037131e-01,4.392161538889565731e-01,0.000000000000000000e+00,8.294495043270433410e-01,3.700600096708797082e-01,8.266010122118878645e-01,8.215007283799207194e-01,7.551934474190573621e-01,7.607298307178746999e-01,3.193138643708448576e-01,1.462546012698372755e-01,6.381627336372924786e-01,5.666953934205679611e-01,4.957368950655258732e-01,7.144896099611039997e-01,7.922234806065697743e-02,3.067663186447893153e-01,6.030710715850285952e-01,4.950151049444749818e-01,5.397012912276742957e-01,4.997947009474299485e-01,2.074964748755993016e-01,6.181000497768226465e-01,2.378642261230131116e-01,4.813873545110902707e-01,5.695150936218139615e-01,9.567775604170413173e-01,8.576490954084053930e-01,5.480290865392516420e-01,4.445236483867454069e-01,6.910866067146408387e-01,1.546772125366366601e-01,5.924956258734896952e-01,9.408224304889105660e-01,5.957993661634488625e-01,7.012460800957247276e-02,6.515643520190943228e-02,4.516577153476731277e-01,6.021148696527852673e-01,4.750800102220942289e-01,5.971617059267746441e-01,4.966499664279931392e-01,9.832504418136651658e-01,8.679170304994028307e-01,9.213816700969594820e-01,7.793950091385131174e-01,5.300917639829504369e-01,7.532694872320749857e-01,7.616124827518954143e-01,8.208711749239261390e-01,2.881544879241581536e-01,6.019379244386571237e-01,7.785250159656706970e-01,7.908285893016733237e-01,5.600820490669016216e-01,8.235670401946341146e-01,4.762979155493731742e-01,8.208877200494096860e-02,3.858256768398884429e-01,6.438503447513889144e-01,3.527098176175078592e-01,9.603286421115602156e-01,1.262773877550043278e-01,1.808359581145253525e-01,-1.704024045606632731e-01,4.052778322213320683e-01,7.053079112614227819e-01,5.918881598936154287e-01,5.646992196860153301e-01,7.762581252713758317e-01
