0.000000000000000000e+00,7.978780408013000924e-01,3.567908196987060743e-01,8.907600325167308597e-01,6.412823752865858262e-01,6.107783960351710340e-01,4.473869507769314136e-01,6.944906102360904887e-01,3.979324156562893400e-01,8.764910091419892968e-01,9.014893412302330544e-01,2.675323432274409052e-01,5.908996561648327539e-01,2.307605148758860025e-01,8.710432942592631900e-01,4.868938610779888210e-01,8.262413971382845945e-01,9.556604974513749351e-01,9.958381850678330593e-01,8.133077843613013558e-01,6.013620987915501148e-01,7.536400086783862085e-01,4.479804268999466044e-01,4.714057715951345262e-01,4.246381285279219320e-01,8.231393148523642456e-01,5.630435532214005390e-01,7.259958966966260085e-01,5.452195730450060118e-01,-1.127729610001571015e-02,2.453507956769959697e-01,7.560978705649383791e-01,9.015293779676206709e-01,5.237877188290225305e-01,8.558512592956766252e-01,3.130594014529360369e-01,3.635489556727459215e-01,6.166095713550054924e-01,5.983198812735652794e-01,4.813419445310161970e-01,7.502173667672462631e-01,3.990802045203720727e-01,6.070046869430968384e-01,7.280713982581799026e-01,2.843692773124452122e-01,6.025372794656603803e-01,4.182539639030009582e-01,9.532189577890937127e-01,6.046717205493513658e-01,6.690429591028572709e-01,6.652595982357455417e-01,3.218112443093051889e-01,3.713884171304151494e-01,8.676277884152324704e-01,8.216928586637070042e-01,7.009023911698122333e-01,6.115705566953184569e-01,8.106336896946634285e-01,5.844137223345451382e-01,5.060829261718183814e-01,7.108058140190005592e-01,9.976821995916149710e-01,9.770826418510009104e-01,6.020106843144619191e-01,5.704317730394344865e-01,4.846618355098890052e-01,9.085593701123428900e-01,2.071682787883121768e-01,6.117936023591569183e-01,6.034384824344165565e-01,7.161400389515393261e-01,7.120662533471415756e-01,6.144008574480026574e-01,6.497701061394459687e-01,4.759629398961764957e-01,9.967094866873118519e-01,2.753915434365039050e-01,4.745057178060236858e-01,3.520455695312892375e-01,6.703261203456137851e-01,7.692191195712971830e-01,9.513536445725396806e-01,8.302964158136282302e-01,5.960882190175822437e-01,8.241747916324423384e-01
7.978780408013000924e-01,0.000000000000000000e+00,6.333116763053279197e-01,5.835870006714957148e-01,7.635321716807393078e-02,9.175278836983070674e-01,1.363230408225433454e-01,5.135936727223194831e-01,6.503811916162163254e-01,8.191688131138679108e-01,7.599096649713786844e-01,4.041710648448618159e-01,5.886155608418044416e-01,4.039433952070593525e-01,6.123439516097508584e-01,7.030521465103941603e-01,6.963270098292166921e-01,9.057855512033146095e-01,4.009839704049826814e-01,9.307401034988673771e-01,4.206915197272914630e-01,7.249254747524270792e-01,2.716706656854576685e-01,5.883334606474009965e-01,5.015692531225151019e-01,5.715778419703411162e-01,6.293175503753970501e-01,6.780772396099792321e-01,2.838327221893707231e-01,3.425051354246189672e-01,6.936617259410107761e-02,4.246310566057322489e-01,6.327434345649965985e-01,5.176955766733655206e-01,6.390260669865458487e-01,5.907925691752580200e-01,1.913721033370247848e-01,5.505351595000559373e-01,7.225350634713683107e-01,1.079216098346985203e-01,5.137187718157099070e-01,3.929304938601416719e-01,6.417711930382659080e-01,6.382193906880569978e-01,8.135417087494315469e-01,4.382857459131861977e-01,9.533147620169052372e-01,8.794589998387528640e-01,5.051330659771373632e-01,4.929986171948204099e-01,2.336380750120339508e-02,7.814167334519890318e-01,7.947813933365684980e-01,4.542616464819235755e-01,1.305187725235861518e-01,-6.885504450566570789e-02,6.708271903356102239e-01,3.614711450878704824e-01,2.103045809370822083e-01,-5.341232496650555328e-02,1.826551165303614555e-01,8.064046428022438873e-01,9.369697564007919421e-01,2.999243782174371153e-01,2.543134029272716701e-01,2.657865905380611959e-01,2.115015970904997045e-01,7.140055600114642020e-01,4.275178030627886927e-01,7.682071197838440391e-01,6.230466220559344181e-01,2.510844228344175644e-01,1.205929911941032301e-01,2.785781012375778687e-01,4.933274674518980385e-01,4.442268027548589848e-01,7.654111233757631139e-01,9.666616677807209346e-01,3.134942141808658156e-01,4.638734293576121104e-01,4.290150634715466094e-01,8.425735437740839995e-01,6.011614239293006090e-01,3.731667090210750715e-01,7.369078399363535592e-01
3.567908196987060743e-01,6.333116763053279197e-01,0.000000000000000000e+00,4.347890917643592035e-01,9.703765674321374046e-01,9.190771967389825825e-01,6.314192878039887047e-01,6.084378640821668238e-01,6.851773571900061643e-01,9.040039343852456222e-01,8.865964110937128995e-01,6.260022662276309990e-01,5.162845730800412758e-01,7.483830687876648069e-01,6.560442912114095027e-01,2.230131142810996003e-01,8.373394895018514417e-01,7.592747463310488554e-01,5.110375133238600487e-01,9.042973545470620600e-01,3.164391878400302782e-01,8.133663460271056689e-01,6.933041132854015354e-01,9.389727407441187390e-01,9.111044948897470963e-01,9.984036390417591056e-01,8.150063280607163785e-01,4.147620935760266137e-01,5.222208699529401477e-01,4.474600397753022984e-01,4.787193508887593318e-01,9.920565939355159291e-01,6.870047094314493119e-01,9.659743796069265587e-01,9.038415767773221310e-01,8.034140032285042032e-02,2.562049657506287881e-01,3.298824254776916431e-01,7.282293430269521917e-01,7.613455286346042516e-01,6.612337712471904050e-01,8.131880496822488924e-01,7.928836856775656194e-01,5.116174148859379267e-01,8.111456127794780535e-01,6.025356518173338172e-01,7.631744266249073094e-01,7.558114155683929303e-01,9.079450580540927573e-01,6.258098903449090811e-01,9.888166708967415907e-04,8.019078071966416754e-01,8.140058267347621834e-01,6.015276534373963369e-01,8.401384493321865099e-01,4.977316325444677836e-01,6.755840946638170808e-01,7.985189316235805634e-01,2.629713219622404896e-01,6.917751791060973154e-01,-3.328150464837745237e-01,6.557548884599406769e-01,7.125206414467861737e-01,9.780489364570664756e-01,5.135964558157760651e-01,8.156343319093291022e-01,8.836579335403348390e-01,4.773072106442446394e-01,8.604372603806408337e-01,7.677598064569977065e-01,2.966211351710704713e-01,6.682037791527588588e-01,6.004694289916714389e-01,4.731929448542687711e-01,6.208749069366428230e-01,9.410611097285355164e-01,9.612317510636341211e-01,7.789018835090355530e-01,2.653862359535082149e-02,2.822613716584900789e-01,9.168400829735113833e-01,6.506591567581300195e-01,8.812553460515483161e-01,8.486949444617621907e-01,8.554131115718276446e-01
8.907600325167308597e-01,5.835870006714957148e-01,4.347890917643592035e-01,0.000000000000000000e+00,7.534174876584547320e-01,8.688429320476922513e-01,5.391657272905583387e-01,1.737021636863790575e-01,7.322480301403491154e-01,6.817584358991094495e-01,4.912156118052938281e-01,7.843902386983273578e-01,3.348079252475079648e-01,8.496180577759642194e-01,5.978265519833290131e-01,6.074922754442902972e-01,7.440942296776399401e-01,7.979002506354864188e-01,4.756685108511570781e-01,9.913873542455717836e-01,8.102390065355562498e-01,9.344085603801186579e-01,6.294643877235499563e-01,7.711538908747044285e-01,2.034257838306816057e-01,2.359728032363010430e-01,6.127046710964028087e-01,7.614820650645136579e-01,7.969687545548147511e-01,3.838888684030771214e-01,4.752057388876369526e-01,7.644329419156090655e-01,7.034365913350055788e-01,5.714592710795897146e-01,2.124152121992087250e-01,3.476161291370223339e-01,4.785070161259996624e-01,5.461398858359116648e-01,5.495715278336759102e-01,6.294790165939038173e-01,6.928822595050807553e-01,6.670219133014876345e-01,6.761625655532943480e-01,8.201981020957802571e-01,9.908648138351728862e-01,8.099436292828410267e-01,9.708764222828033530e-01,6.079403077099075903e-01,3.990452770880783540e-01,8.919156823086337171e-01,7.939419736227486535e-01,2.456124885596279728e-01,8.221801681246918569e-01,9.916363451988366995e-01,9.303775305175656651e-01,6.947508370349373408e-01,6.587086952817747809e-01,6.837684264502744691e-01,4.723209225580473625e-01,4.769084108380424736e-01,-5.618199528189526948e-02,7.175532954631183014e-01,7.875146728415931552e-01,3.046531786259539243e-01,3.958246074277443349e-01,4.480103711939380506e-01,4.474934098320860199e-01,6.911599885257989628e-01,4.174142414222649644e-01,5.670676768476057283e-01,6.696491519495075817e-01,7.273773257926062774e-01,7.816718791084650286e-01,2.943239127182568082e-01,5.730869000259248836e-01,6.379761877692152749e-01,4.690262383404964486e-01,3.354226795334854794e-01,2.339396414452069306e-01,3.199339202001831861e-01,6.127300384261928912e-01,8.154987424372508453e-01,7.502905638930975618e-01,2.549529925039396572e-01,7.110047400522288008e-01
6.412823752865858262e-01,7.635321716807393078e-02,9.703765674321374046e-01,7.534174876584547320e-01,0.000000000000000000e+00,3.176816543650694546e-01,8.431454721653046658e-01,3.130221680297911035e-01,7.558513737485447193e-01,3.178522579447874419e-01,9.995409277551776661e-01,3.603985424092278622e-01,7.066441511144470056e-01,4.379959791717482065e-01,5.504072509462714091e-01,6.565507026491016473e-01,4.474149977461184258e-01,3.498193439218637013e-01,9.961337342042085874e-01,5.074641012039868837e-01,3.585494984795586926e-01,7.170492404066567405e-01,6.348359475242066896e-01,8.534081842978479271e-01,6.334743026695821566e-01,5.851917760390843437e-01,2.516344917517609470e-01,4.686689703020830433e-01,6.417370260082250200e-01,3.058260726882530145e-01,2.705373729880096445e-02,5.142905216625346387e-01,4.329044868939014856e-01,4.819029098800924893e-01,3.838512172587827953e-01,3.421230076203589654e-01,2.775182897237625235e-01,7.438002228478921563e-01,5.508902041116504611e-01,7.740698265190569805e-01,7.034673056780953171e-02,9.410652282225758780e-01,7.463863156755069506e-01,5.663647847083046472e-01,5.546557931946917153e-01,8.164078691113293429e-01,7.216969549431345721e-01,6.298765334340938882e-01,1.919534693552989169e-02,3.087281253133044578e-01,7.056580301832595659e-01,3.234119906629561725e-01,4.776382854593409499e-01,5.372092562777550651e-01,8.693480640098475432e-01,4.619070393215617409e-01,5.313302863360240824e-01,8.779490046385984847e-01,7.376060564817984444e-01,1.488155595290100164e-01,5.507656217392994380e-01,8.839931073188800337e-01,7.191199536219526900e-01,4.729599388561294693e-01,7.586505945173188659e-01,7.315599220840615091e-01,6.153386686656977522e-01,9.588156171398175553e-01,5.722045536431178414e-01,8.546138310174167252e-02,4.191799030964329376e-01,4.549702191120090222e-01,4.891082506615927056e-02,-3.479623477186574720e-01,5.008034678028306930e-01,9.966205035077628782e-01,6.461548682181272873e-01,3.490356725265318927e-01,3.667851981528835736e-01,4.652553838339574255e-01,5.467931830902044155e-01,9.487626885887393557e-01,7.738052426008956708e-01,5.353511017074974454e-01,4.532075901395157258e-01
6.107783960351710340e-01,9.175278836983070674e-01,9.190771967389825825e-01,8.688429320476922513e-01,3.176816543650694546e-01,0.000000000000000000e+00,6.422700467414874659e-01,4.626692816137288333e-01,2.695407646222713338e-01,5.186719125397813990e-01,3.579179560638417468e-01,6.421405988654377284e-01,5.297423588512987225e-01,4.716867264661590564e-01,4.942495091093486170e-01,5.125651012570904275e-01,7.905990222191802141e-01,7.608049835257659765e-01,6.846318359632824757e-01,3.598911518963880951e-01,8.460391030207938812e-01,2.037329291125499764e-01,5.431620044950951076e-01,9.072936897127442668e-01,5.637250069815574749e-01,5.210807796364244071e-01,7.528373860806004680e-01,4.922412899861478008e-01,4.915702616491239851e-01,2.248931948572713002e-01,5.373009113040287943e-01,7.350425635332407115e-01,7.447577967025382772e-01,9.722343466864503680e-01,6.391309269356147960e-01,5.939765260960142568e-01,3.341264611436893794e-01,6.930415786737205153e-01,8.325416318511289493e-01,3.493321128745023874e-01,7.116053478941846144e-01,7.699650382987406338e-01,7.404819255728053440e-01,1.621983260171233621e-01,4.604038344244119063e-01,8.973396140111975505e-01,6.807959545689380443e-01,7.453248175017046506e-01,7.438353315594368187e-01,7.750116705188678790e-01,4.498487696724562945e-01,5.009578477170613109e-01,7.434708906913430893e-01,6.890434195564322239e-01,4.799874923397543514e-01,6.293418122977676443e-01,5.212534746463663993e-01,8.833488558042730254e-01,8.514997935976187371e-01,6.357289752597112820e-01,2.236339972735824910e-01,4.726601170483026304e-01,7.014846481756012997e-01,9.703647008678653041e-01,6.165135227424862752e-01,5.520530386621282926e-01,2.130256301782900430e-01,6.356989375514439100e-01,7.706981337242404528e-01,6.229805144434870379e-02,1.031036282735553478e-02,5.757267664609340418e-02,-3.974770380828297478e-01,7.333975480193652974e-01,4.049545924269262187e-01,6.130055913711710547e-01,7.110026123569043177e-01,3.629440174717475653e-02,2.375219498474035185e-01,7.387943562085454996e-01,5.874266425563352545e-01,8.464062399634619815e-01,9.620948475732605809e-01,8.449219958968826050e-02,7.680673979011263253e-01
4.473869507769314136e-01,1.363230408225433454e-01,6.314192878039887047e-01,5.391657272905583387e-01,8.431454721653046658e-01,6.422700467414874659e-01,0.000000000000000000e+00,3.102338630768287087e-01,5.174690764844774860e-01,6.629917919854451114e-01,5.610928969460270421e-01,4.848810821730759613e-01,3.015214863870238626e-01,7.044235232465329011e-01,3.533965944446290086e-01,2.340931417735609976e-01,9.162373215155512618e-01,5.751109856873082293e-01,3.661162936965461911e-01,8.582593633722307436e-01,8.076797161324112961e-01,5.559153157990299743e-01,7.103177319514877297e-01,4.991689447660616064e-01,5.537461031283974489e-01,5.994409290690010383e-01,5.029591020548717095e-01,2.465328374054406857e-01,5.231535641566252837e-01,4.111837504112698660e-01,4.029832434442927047e-01,4.015467066351498526e-01,9.926722470839315360e-01,7.865930924601832741e-01,3.293541979582509382e-01,6.137093023966969652e-01,4.913282543586279250e-01,6.549633066445349483e-01,6.982995600221201249e-01,6.033572429504067136e-01,3.284707101867586632e-01,6.066260226634705433e-01,2.001941178533649668e-01,6.069229410502541278e-01,6.084674053980885233e-01,7.444396365151323414e-01,4.642491359278722585e-01,7.771961799221712708e-01,3.576907294635367496e-01,7.648913818575360235e-01,4.238411064452329291e-01,3.166030790701471753e-01,4.420208979033186103e-01,5.198283188932371068e-01,9.560533269106287202e-01,5.113175282215456363e-01,1.433092669621216508e-01,5.926268424557712411e-01,7.127062817936485883e-01,6.994690882300643731e-01,2.576465616208619136e-01,4.752794963707563936e-01,2.996446927076176214e-01,9.861814274053288809e-01,8.727755078321636217e-01,-2.636106983100314216e-02,2.054379361933221237e-01,7.056797367741900473e-01,9.742501222151837004e-01,4.056598015043451078e-01,7.961995152885885663e-01,5.099435252585426959e-01,5.436368080735143327e-01,6.546906766133628874e-01,4.134491446931842784e-02,-4.990298667090953266e-02,3.032273566763576955e-01,9.378065842309887268e-01,2.408615092421305115e-01,1.985575530621176699e-01,4.519970641690611579e-01,2.109986584972977086e-01,9.885899136827849265e-01,6.649112823979503872e-01,7.961168735497076154e-01
6.944906102360904887e-01,5.135936727223194831e-01,6.084378640821668238e-01,1.737021636863790575e-01,3.130221680297911035e-01,4.626692816137288333e-01,3.102338630768287087e-01,0.000000000000000000e+00,3.514767839185984899e-01,3.316426634289842967e-01,4.662017098182280606e-01,-1.551488118789765003e-02,6.587675993085569948e-01,1.761571476847602347e-01,5.478555546539548571e-01,7.304704982830479976e-01,6.100816814688971856e-01,6.516625182047063314e-01,4.439393668051818120e-01,6.916674014124459813e-01,7.235137306516865596e-01,4.146678564866645433e-01,3.800759264728319486e-01,5.312657412199284224e-01,3.275020368497424395e-01,9.716112132181238259e-01,2.815345646269921676e-01,5.897323050785152621e-01,4.830674401686211317e-01,4.830230867041712672e-01,-6.369094164123312307e-02,5.680036510362074242e-01,6.981711983644602881e-01,2.867624596953809446e-01,4.427205622439537303e-01,5.090662036790463141e-01,4.161996428204136067e-01,6.144882834615563727e-01,7.118086790625013371e-01,7.088085999646492885e-01,4.554770381833017634e-01,7.539595201313999961e-01,6.309972402250035861e-01,4.656103220697135336e-01,9.972373078482812403e-01,3.617730155721339824e-01,2.522028633377306761e-01,6.262346891813568295e-01,6.658534701859069038e-01,4.663465100603703117e-01,9.266041821224920705e-01,5.291897157568968835e-01,4.100236380538468950e-03,5.134828416622849723e-01,4.747708845572488623e-01,6.483886339311181191e-01,9.018485169203735996e-01,6.458099224001541128e-01,9.079488743044324961e-01,3.767279609743520163e-01,-1.193297323124354187e-01,3.149678129965697848e-01,2.551212969727000845e-01,5.841387165844523777e-01,4.085410662057466502e-01,4.903894740531697938e-01,4.007894192185592619e-01,7.037036998977087565e-01,1.244016644781987396e-01,4.004130643921800514e-01,6.896469647664270619e-01,5.760989646345873183e-01,1.618428160762238333e-01,3.209958995186326103e-01,2.925685713244817188e-01,6.605285607516142576e-01,2.410631755163856471e-01,3.952074865711944218e-01,6.387870490358091846e-01,1.887787398813191020e-01,4.789287852327056560e-01,6.527719032234533536e-01,9.230620080711147146e-01,3.664186858007076331e-01,5.665485053262154791e-01
3.979324156562893400e-01,6.503811916162163254e-01,6.851773571900061643e-01,7.322480301403491154e-01,7.558513737485447193e-01,2.695407646222713338e-01,5.174690764844774860e-01,3.514767839185984899e-01,0.000000000000000000e+00,7.443403055809347801e-01,3.029809897512782957e-01,4.673865284787256380e-01,7.534937583138355821e-01,5.945839456482671093e-01,4.332577668645294922e-01,3.525286191994814744e-01,7.572079571266877585e-01,5.455391777889955218e-01,5.584052621497925806e-01,6.412563377436101275e-01,7.189991683262104694e-01,7.106464329840863625e-01,4.642339251102156061e-01,9.573562793781655866e-01,7.368777758302627046e-01,3.602237481911351180e-01,7.390319409907146753e-01,3.301821643291172892e-01,5.158261406527504533e-01,2.160429706447681841e-01,4.237884739782714627e-01,7.724246736833103588e-01,1.411970514368851293e-01,5.152132442411376800e-01,3.834524485740294919e-01,5.383030376789250671e-01,3.028481698759176721e-01,1.260741627501720322e-02,7.779717712721556655e-01,7.063012809974907880e-01,4.429549523820708878e-01,5.470943370292236096e-01,7.820673727582024837e-01,5.182125186936168415e-01,4.648407016052564789e-01,6.793417918630437757e-01,5.638223691444215202e-01,6.216926329033237719e-01,4.921383854362970656e-01,5.328284185171735521e-01,6.950864190546014454e-01,6.967081138884693159e-01,6.069872123359691951e-01,3.130822138564512414e-01,6.513901539375421823e-01,2.483433802683739366e-01,3.630053977416113908e-01,9.507275148171152601e-01,7.033280510193369306e-01,3.389078403188940936e-01,7.855544349211631694e-01,6.353672101341625300e-01,4.011132214676897401e-01,7.830973491162658284e-01,7.983815191503504938e-01,4.891227019709500912e-01,6.712108207724515330e-01,3.467716222003173754e-01,6.544914322421058195e-01,4.325938483351911557e-01,7.193779199477254860e-01,5.413017400682887947e-01,7.137441146885649124e-01,5.025471416014823944e-01,5.082636758475204131e-01,7.543529547596974361e-01,7.643855196462805424e-01,2.869378456255865517e-01,1.904736774253500409e-01,7.753191834348863720e-01,6.779972106256106912e-01,4.323056383334978880e-01,3.443012396910901662e-01,1.605412609819177883e-01,6.121617907705280137e-01
8.764910091419892968e-01,8.191688131138679108e-01,9.040039343852456222e-01,6.817584358991094495e-01,3.178522579447874419e-01,5.186719125397813990e-01,6.629917919854451114e-01,3.316426634289842967e-01,7.443403055809347801e-01,0.000000000000000000e+00,5.945963777577624176e-01,6.874023758740421819e-01,7.471956403549976367e-01,9.703568953769845518e-01,3.210821492228668195e-01,1.529083409914165914e-01,6.750270863648639708e-01,4.245886449427690446e-01,4.455309923751930579e-01,3.541925882424290517e-01,8.008038638424630484e-01,4.789932333734321368e-01,6.980266868930894431e-01,7.767177245375107564e-01,1.374907881022984224e-01,8.079305786747957852e-01,8.680635984975199060e-01,7.831052526821149495e-01,4.678729325882637347e-01,2.307581871684998842e-01,2.880605229764237607e-01,5.974258389441868822e-01,7.811428304300560566e-01,6.512682472399488054e-01,9.388987428883217579e-01,8.202050632769647409e-01,4.544240790067832214e-01,9.838289846509002956e-01,7.323205490654411953e-01,8.668414448869020683e-01,6.406744396030439326e-01,7.874464162033607550e-01,5.361062711095304634e-01,3.387002919476997942e-01,6.840645804218882242e-01,7.444100425216404471e-01,2.466141677011279287e-01,9.053816024373040339e-01,5.231715186734354761e-01,1.785201552604368525e-01,4.513757783665519607e-01,4.257623801079117865e-01,6.285035292304275156e-01,7.297021346269773057e-01,6.140260716731064106e-01,5.601142350937191594e-01,4.450548776106365012e-01,9.117259461239826113e-01,9.989329149039373190e-01,3.927353380388903109e-02,2.676571200381731575e-01,4.706808907868917924e-01,7.799664978798126480e-01,6.331449565737620189e-01,9.718265630806877109e-01,5.806030114394129527e-01,7.550247131596969918e-01,6.059615116147072378e-01,4.443558934713929265e-01,7.304266215359028758e-01,7.209442872052566065e-01,5.197127843034200501e-01,5.261559490750422619e-01,2.387084622380416521e-01,4.474676945557178320e-01,7.469490234635134396e-01,5.142624293480037023e-01,9.315587647496768042e-01,-5.072197950012011236e-02,9.767612617827128862e-02,7.777703328304770292e-01,4.557302500463348283e-01,2.775316777854519024e-01,-2.561224694488820064e-02,4.455185945986054885e-01
9.014893412302330544e-01,7.599096649713786844e-01,8.865964110937128995e-01,4.912156118052938281e-01,9.995409277551776661e-01,3.579179560638417468e-01,5.610928969460270421e-01,4.662017098182280606e-01,3.029809897512782957e-01,5.945963777577624176e-01,0.000000000000000000e+00,7.160140604320206492e-01,4.630237605294889036e-01,7.787539127804137262e-01,3.908959430892838260e-01,2.779956745635507320e-01,6.883872386173789382e-01,8.238317607754349625e-01,3.508821223719028604e-01,6.685382343333206023e-01,6.112736134764120699e-01,9.165060881109771129e-01,8.119807915739462034e-01,5.378600912156406011e-01,4.650724597267468785e-01,7.884250351069801432e-01,3.155482614176787770e-01,6.674658452239448092e-01,5.575056302003078557e-01,6.220005933654573216e-01,5.527106878634402420e-01,7.076771102619953124e-01,9.428132559530280066e-01,9.127897496062145066e-01,7.031821192774472262e-01,3.180823344044251821e-01,6.957283819932258417e-02,1.807026222639024071e-01,2.337261878098508272e-01,7.636295603979539326e-01,4.820055423127956873e-01,3.497771283004579290e-01,9.384578658893006908e-01,6.849221584791683748e-01,6.544302214041882726e-01,9.602496923044292476e-01,3.312106177219664715e-01,6.668079452303156129e-01,6.308140853277087734e-01,4.656306722855428903e-01,6.307081476199648540e-01,6.756119174690006224e-01,9.059748294923282153e-01,7.050465031444551611e-01,4.789150297293368053e-01,9.659554622982011729e-01,2.100420413469420711e-01,6.162942170222074356e-01,3.624214623826770287e-01,2.068024595374944388e-02,5.166268752722448232e-01,7.487219698414093738e-01,5.057141674246073970e-01,8.626704817339505560e-01,4.356193432989753922e-01,4.762467500392113529e-01,8.160808703220725491e-01,8.952881141068735893e-01,3.227617591790848950e-01,2.727084427537093680e-01,4.901618103402026749e-01,2.696163630159664759e-01,9.853169771200565377e-03,2.932351460352958794e-01,2.149834468746703586e-01,7.550776795421416665e-01,4.736734937637422926e-01,3.140944845881878944e-01,5.702478865644640127e-01,4.411742687133319296e-01,4.954457040759978614e-01,9.949450805629062033e-01,7.234495948318699909e-01,5.930986344643491837e-01,7.241728332025458847e-01
2.675323432274409052e-01,4.041710648448618159e-01,6.260022662276309990e-01,7.843902386983273578e-01,3.603985424092278622e-01,6.421405988654377284e-01,4.848810821730759613e-01,-1.551488118789765003e-02,4.673865284787256380e-01,6.874023758740421819e-01,7.160140604320206492e-01,0.000000000000000000e+00,7.965789317440866713e-01,4.399763579926330714e-01,3.235930049885140103e-01,8.609635575007128505e-01,7.268286886177245387e-01,3.512640107982162307e-01,4.431998993049742763e-01,9.132398893372832838e-01,6.480439039263871104e-01,2.880415299296092968e-01,7.476618020630585448e-01,6.874808196509190061e-01,4.911485216214740435e-01,6.779432489815209184e-01,6.969589519061538674e-01,5.800670799942961864e-01,3.541770799000841796e-01,4.384383693526642256e-01,4.509351999576070164e-02,-6.230427892409129420e-05,1.520712010614778953e-01,6.125351425555740636e-01,6.567198473775686107e-01,1.786288426922122696e-01,5.635846534309548739e-01,6.907857365010330319e-01,8.838425408373424830e-01,6.594696656319329886e-01,5.802092666695806145e-01,9.391307605556646898e-01,4.561700385711552896e-01,7.091735897160301727e-01,8.629047214515110920e-01,7.895053064177219859e-01,7.581396900156591734e-01,1.230932267226725330e-01,7.274387223909942746e-01,5.571061274924089535e-01,4.673222585195262457e-01,6.767534843447176041e-01,8.129883731844045336e-01,4.782963514732275767e-01,6.968596684680115061e-01,7.898661254753498451e-01,5.041749327629438948e-01,1.398956998385539052e-01,5.333908060761824999e-01,-1.607214275256512170e-01,4.214674817303161181e-01,5.721233847207255474e-01,9.183856250263665588e-01,9.684431162504388846e-01,4.715218993712022577e-01,7.244703664209339866e-01,6.720452482448715514e-01,9.730618147120617678e-01,3.364795354491740831e-01,6.707732379343792628e-01,5.162024650401438874e-01,6.734666655973835514e-01,6.386350294813872841e-01,1.303960629934662885e-01,1.756312094383295219e-01,5.531043622258730030e-01,7.364189325722452217e-01,8.788254634436608315e-02,1.232559888393551240e-01,1.072142345241576811e-01,1.388157941072321044e-01,8.314442300378482864e-01,4.654343511208969830e-01,5.579056295640864027e-01,6.144639979447704681e-01
5.908996561648327539e-01,5.886155608418044416e-01,5.162845730800412758e-01,3.348079252475079648e-01,7.066441511144470056e-01,5.297423588512987225e-01,3.015214863870238626e-01,6.587675993085569948e-01,7.534937583138355821e-01,7.471956403549976367e-01,4.630237605294889036e-01,7.965789317440866713e-01,0.000000000000000000e+00,8.964070586052629297e-01,6.184149804825912478e-01,7.890385281269003404e-01,1.611208661233124451e-01,9.777346068689900527e-01,7.494125241257560965e-01,8.158579126347142996e-01,6.827496014858654982e-01,4.179994644001477910e-01,7.492679487614577472e-01,9.910162476869759374e-01,6.798086096740914019e-01,9.475795358557631554e-02,4.265142431855895588e-01,7.315089121825628649e-01,4.198236785867564547e-01,6.521439207574253327e-01,2.972135009062635835e-01,6.824466303614490359e-01,7.281689820075721853e-01,5.262703960621638588e-01,5.893211969052554178e-01,2.277868589419039524e-01,1.470742104120889848e-01,4.465258965409350522e-01,5.725564677344744391e-01,4.939596278431799825e-01,3.316192667147565554e-01,3.798675375856794267e-01,9.261646278090517326e-01,7.294743669569516697e-01,8.337701050238702782e-01,6.143595751856392173e-01,7.135021650592576758e-01,4.433521378294823512e-01,7.768999066406556686e-01,6.407299414857229314e-01,4.676007931047535537e-01,8.868312080675656572e-01,6.308129422120903884e-01,9.172025594609526378e-01,6.096829538467958276e-01,4.491644532762335551e-01,7.339120774317635654e-01,5.226537688490398015e-01,6.683374651759570462e-01,6.084219446272904896e-01,3.624843589338938021e-01,6.264769868142261444e-01,2.739715088654871566e-01,4.058799937120589063e-01,2.951627526096387011e-01,8.280619787083242089e-01,9.108482130623014594e-01,7.088733863958296411e-01,3.373831242809801623e-01,6.601149286270426852e-01,8.427357237973247539e-01,6.029171625291849246e-01,3.266365290379513731e-01,5.668942008880659689e-01,3.453359249570305822e-01,9.119505029214153291e-01,7.299814901106878029e-01,7.245975138570954766e-01,4.624125374361879870e-01,3.901294534327685026e-01,7.021511848233523700e-01,2.352359396922735768e-01,1.549314519804384505e-01,7.092138699755483611e-01,6.897352889861736447e-01
2.307605148758860025e-01,4.039433952070593525e-01,7.483830687876648069e-01,8.496180577759642194e-01,4.379959791717482065e-01,4.716867264661590564e-01,7.044235232465329011e-01,1.761571476847602347e-01,5.945839456482671093e-01,9.703568953769845518e-01,7.787539127804137262e-01,4.399763579926330714e-01,8.964070586052629297e-01,0.000000000000000000e+00,6.577932038874892973e-01,8.861394745723614186e-01,9.490019163993189677e-01,9.461369825981257309e-01,7.688573479527757160e-01,6.567339154141974555e-01,7.577969253647300896e-01,7.741574458585477325e-01,8.503136363853478485e-01,6.428500695417584954e-01,6.922997410114307693e-01,4.569834085853185512e-01,4.579908475809490453e-01,6.108375155158485281e-01,3.296537252575791888e-01,5.151571754013413162e-01,7.555979058201026111e-02,3.732462612086040465e-01,5.301025070077379775e-01,8.949268823581202348e-01,6.807929299368339349e-01,9.605509893635817698e-02,7.644400837136607063e-02,6.437136344044627201e-01,9.033577680296008827e-01,2.642707942751825190e-01,3.991581477508142073e-01,9.683380515107901099e-01,7.533985747241815911e-01,5.580609862986304348e-01,7.517409361024113279e-01,6.217517491767896587e-01,7.514490714363679658e-01,3.091575760207860846e-01,6.346351516581337782e-01,6.122176614445841158e-01,4.064841714663393057e-01,6.888627286535695671e-01,9.927879792558021999e-01,6.884423618088695296e-01,7.295156766782462388e-01,7.010252768738036711e-01,6.119148485134767723e-01,6.094279913509577096e-01,2.693912837816630490e-01,5.574076297582711836e-01,5.005552231686648534e-01,7.203706429149475676e-01,7.135936956507835660e-01,6.016209208511192896e-01,5.167463526259615803e-01,6.872061673578071517e-01,7.080417997715633405e-01,8.110905960825722794e-01,6.391383515812782967e-01,4.443828432429888786e-01,9.757141876596102659e-01,4.169439993167232128e-01,4.306909881341002277e-01,5.440392466145589356e-01,5.650552771040021627e-01,6.515291810939405348e-01,8.043172312993638329e-01,6.044712009277189990e-01,5.615329254679937709e-02,5.886423381893234330e-01,4.162408053631564964e-01,7.442132888684063197e-01,4.973781159475066938e-01,2.179839942227294602e-01,6.541172381366090471e-01
8.710432942592631900e-01,6.123439516097508584e-01,6.560442912114095027e-01,5.978265519833290131e-01,5.504072509462714091e-01,4.942495091093486170e-01,3.533965944446290086e-01,5.478555546539548571e-01,4.332577668645294922e-01,3.210821492228668195e-01,3.908959430892838260e-01,3.235930049885140103e-01,6.184149804825912478e-01,6.577932038874892973e-01,0.000000000000000000e+00,7.891161696336618236e-01,9.693644958114484567e-01,4.550560643641359815e-01,7.757598606701916477e-01,3.038584070082085975e-01,7.152091207832681485e-01,2.235488602444533623e-01,6.486190258949069420e-01,8.349056926173572535e-01,5.475577862298565135e-01,3.969920698243373791e-01,4.398216819224601837e-01,6.148289438890763847e-01,5.277176239576195638e-01,5.466844142976361454e-01,2.044660305231830733e-01,8.074089502733687862e-01,4.737543195023712350e-01,6.851436009120144277e-01,4.447242520165455293e-01,5.141342476872353684e-01,8.097839075937328379e-02,6.833888602383599853e-01,5.615019223236057400e-01,7.661640401878491158e-01,3.832352602294640254e-01,1.440445614245026984e-01,7.065494036711478243e-01,6.138656868503458153e-01,5.489133593230728358e-01,9.706302040707639467e-01,8.884685462044035198e-01,6.918585687678509011e-01,3.840012944858813837e-01,4.797170636063177729e-01,8.858918030458079462e-02,2.059941938443039799e-01,3.694264345871696165e-01,6.449156196620712267e-01,6.751887687725168785e-01,6.725320245813495301e-01,7.089192234280237148e-01,7.016921632567025835e-01,4.584465884180857764e-01,4.864034181584583894e-01,-3.291192590968985976e-02,6.343495434274484257e-01,6.278534601512125723e-01,9.184045931170786714e-01,7.282619925066536881e-01,4.063730103428888074e-01,2.052276832484917768e-01,2.871657246984095080e-01,4.666516480117179899e-01,2.295058519531746333e-01,6.668010898608909276e-01,7.549707012346760227e-01,7.046840840430500241e-02,2.644439229270874048e-01,1.763781689283446807e-01,7.594395719094213515e-01,7.191058583794625036e-01,6.465626303318652290e-01,6.743996257843752895e-01,5.813716527836402248e-01,5.851245026799509752e-01,4.218707296596027057e-01,5.059480878146025429e-01,2.648079336019583119e-01,6.930036412829105874e-01
4.868938610779888210e-01,7.030521465103941603e-01,2.230131142810996003e-01,6.074922754442902972e-01,6.565507026491016473e-01,5.125651012570904275e-01,2.340931417735609976e-01,7.304704982830479976e-01,3.525286191994814744e-01,1.529083409914165914e-01,2.779956745635507320e-01,8.609635575007128505e-01,7.890385281269003404e-01,8.861394745723614186e-01,7.891161696336618236e-01,0.000000000000000000e+00,6.106795867638474817e-01,4.916641194991102637e-01,2.962208754945491740e-01,2.931211647249117314e-01,8.971354471507121398e-01,7.224035571061673267e-01,6.849965566517906002e-01,7.284624883493432401e-01,6.312590848274906019e-01,3.334666143240051506e-01,7.097923550599640752e-01,4.727236745091432657e-01,5.803931123362534583e-01,4.482526135442175819e-01,1.273895054246136638e-01,4.916440784096717809e-01,4.805010485455373237e-01,6.317922938104626462e-01,7.866830068263789277e-01,6.134960429884421806e-01,-1.345614089652542589e-01,7.685963357425990017e-01,5.070584677328839884e-01,8.088110018366647669e-01,5.532495787692165434e-01,7.593025579787089641e-02,9.317458512986609431e-01,6.932609970076790695e-01,8.133953441659064199e-01,5.089291004471331314e-01,9.376834934658385690e-01,4.464095871012975225e-01,6.876493197250157507e-01,6.353074562300945471e-01,5.850154570851147096e-01,5.219272466989649528e-01,3.611471212875357883e-01,1.621332793376720760e-01,4.674739047289615534e-01,6.921986941610607236e-01,8.289947829726498352e-01,8.748880449315269425e-01,5.368419096287503356e-01,6.830760634267083464e-01,4.472870998108202656e-01,7.559579246880592240e-01,3.711040609116839084e-01,6.006576141068246111e-01,8.465471354742037935e-01,8.696316469505162017e-01,4.358947854235086794e-01,7.076758714721774757e-01,5.645195338524570117e-01,9.735983394744784913e-02,8.723985843950413654e-01,3.241127038190368959e-01,4.413624599616049471e-01,2.634846389809345490e-01,8.837368254336351869e-01,4.608628958038406553e-01,6.906260152350788273e-01,6.011773167318277267e-01,6.270726562123953851e-01,1.162384538589574384e-01,6.186646930214904083e-01,8.117539446873711650e-01,5.216248335213857779e-01,5.345772586521381209e-01,4.764617785955982954e-01
8.262413971382845945e-01,6.963270098292166921e-01,8.373394895018514417e-01,7.440942296776399401e-01,4.474149977461184258e-01,7.905990222191802141e-01,9.162373215155512618e-01,6.100816814688971856e-01,7.572079571266877585e-01,6.750270863648639708e-01,6.883872386173789382e-01,7.268286886177245387e-01,1.611208661233124451e-01,9.490019163993189677e-01,9.693644958114484567e-01,6.106795867638474817e-01,0.000000000000000000e+00,6.843837724453851745e-01,7.415985572075975973e-01,9.213785951091949533e-01,6.004895879728486818e-01,7.166957368688151586e-01,6.146846679800435087e-01,2.064191625461040402e-01,7.949427576008989416e-01,1.501061950636315423e-01,8.602342713575060751e-01,7.785454269922146286e-01,4.258659545061465046e-01,6.640912296101006973e-01,1.793906228144054871e-01,7.238568426147339308e-01,2.579099764551257556e-01,5.277684343652742083e-01,9.967655356968824210e-01,5.499388362657615659e-01,5.140187708448161752e-01,9.010554918176938433e-01,2.880039452846107073e-01,9.537528861801779501e-01,2.163057286516755495e-01,7.944959204568107225e-01,9.380843611357279066e-01,9.416362634441209911e-01,9.530766850348254549e-01,2.009521523234081841e-01,6.200484365059822922e-01,9.399338373787062828e-01,7.815103983735466331e-01,8.237026332191251798e-01,7.465289204477381091e-01,6.418082711264940787e-01,6.539182911029970402e-01,8.600036634390496593e-01,4.360264492162019279e-01,6.627088244579685261e-01,5.179125932513716224e-01,8.134389168910372003e-01,5.290579672404404077e-01,2.116512090074828267e-01,4.280991021578588462e-01,6.350220962705517280e-01,5.987487319265255570e-01,8.711160752300066701e-01,5.423561067503857025e-01,2.412239571243831593e-01,8.100915291602325263e-01,5.734966725719047309e-01,4.908723785309883070e-01,4.809989569416078803e-01,4.383635105979412638e-01,6.239519076157797883e-01,4.499690978576212919e-01,5.495868383413813479e-02,9.246211827615806733e-01,5.701653214597584007e-01,7.219917201705453591e-01,2.845509070152504316e-01,4.991171065118593653e-01,5.918685123401896675e-01,6.569318805559252183e-01,7.536090629572851363e-01,9.523611049775312365e-01,-1.412197495642712186e-01,9.499396831021170717e-01
9.556604974513749351e-01,9.057855512033146095e-01,7.592747463310488554e-01,7.979002506354864188e-01,3.498193439218637013e-01,7.608049835257659765e-01,5.751109856873082293e-01,6.516625182047063314e-01,5.455391777889955218e-01,4.245886449427690446e-01,8.238317607754349625e-01,3.512640107982162307e-01,9.777346068689900527e-01,9.461369825981257309e-01,4.550560643641359815e-01,4.916641194991102637e-01,6.843837724453851745e-01,0.000000000000000000e+00,1.947319701884184240e-01,8.127541135719666965e-01,7.582685161899597182e-01,5.738652617112723064e-02,4.825900008907318406e-01,7.057805172640304603e-01,6.078733415663631900e-01,7.013676622910534064e-01,7.640853606076969395e-01,8.734416573812844309e-01,3.311696300504760604e-01,5.052817696455210728e-01,5.869601129756524260e-01,5.366590335921930244e-01,7.047398480192181847e-01,7.622684263333286137e-02,7.284243036736424148e-01,3.239759360876255934e-01,5.768433986414654990e-01,4.551163153200666889e-01,3.348448549981974942e-01,6.199377854393395282e-01,9.759756401294940042e-01,4.176610945587365675e-01,4.410198865080265929e-01,6.124400997237212652e-01,8.170088376636849281e-01,7.908711931585119537e-01,5.228536428332640762e-01,4.650405726717455890e-01,5.110096226932983043e-01,5.186707844802742606e-01,7.242945859641594097e-01,4.809409053455118155e-01,9.517198517503281385e-01,2.626052977826082158e-01,8.756870586930673994e-01,4.230137443444774714e-01,7.875784158687805236e-01,5.645416170259864863e-01,6.017611516055075827e-01,5.790112135264151583e-01,3.227874405950700298e-01,5.167517920244251162e-01,6.104622156004144706e-01,7.206062564492752287e-01,8.208755600949150244e-01,7.696930287220286049e-01,2.558927719560060154e-01,6.908807074540650461e-01,4.780828702248577922e-01,8.828129562730057112e-01,6.344147958774986051e-01,6.807218041013258780e-01,9.484220986698033151e-02,2.710974969209846708e-01,4.074085169509319981e-01,4.842145710450570517e-01,6.260652732634263140e-01,6.790111072944217119e-01,5.916903239707198559e-01,3.499739623045011738e-01,4.245071455929764204e-01,5.148563949136993889e-01,7.232527797200104525e-01,1.337900316115214761e-02,7.955407250793259388e-01
