0.000000000000000000e+00,7.811889165167766880e-01,3.377634645983115802e-01,7.557684611851086531e-01,4.082513716585307040e-01,9.216911857621933324e-01,7.559952003472574233e-01,8.984768769989792681e-01,8.134974757242097176e-01,5.112620995662102708e-01,9.181535438126049442e-01,5.270209778743035756e-01,8.592605058241431504e-01,7.903234137179864227e-01,9.876129409339575727e-01,9.862467818699192090e-01,8.582452832380269570e-01,6.602463136682819034e-01,7.945183119447122300e-01,5.465651258701774706e-01,4.098868414088014944e-01,3.877810477027764380e-01,8.437761929815997819e-01,8.509914143340252535e-01,7.115010207799108422e-01,7.968332903394902411e-01,7.878089060934280186e-01,7.210064710932040377e-01,4.593573609208881359e-01,7.528276702813738730e-01,5.474852243850963918e-01,8.925293183030792443e-01,9.198074136515883570e-01,9.656524027766328899e-01,9.316465578744779208e-01,2.044254412626099748e-01,6.714595989464249293e-01,7.123536328969073406e-01,4.691916569698095785e-01,4.986454982709264128e-01,7.674952921123447958e-01,8.766635753466206493e-01,7.266970646432084902e-01,9.718480056542658785e-01,7.063155323740167857e-01,4.329192557299688660e-01,7.328870132712436147e-01,8.467090194590519703e-01,6.129579394664556036e-01,4.234259826819162242e-01,6.768805759167195735e-01,8.952583137524355861e-01,9.241904468415933493e-01,4.359630295571000347e-01,5.296701378534802718e-01,8.267870943879116474e-01,4.313562478506240971e-01,6.476476916079730861e-01,6.508692341361788092e-01,6.854668985859286856e-01,2.867348691346032208e-01,8.613824666731058066e-01,2.695244999779684569e-01,1.756654329995411268e-01,7.683814452876998047e-01,5.537901540198946204e-01,6.097900335496097002e-01,2.361748027670074745e-01,9.506973652138686059e-01,6.663067327238095805e-01,9.968549151379197948e-01,5.046489821802008224e-01,2.805986352325161026e-01,4.179077150529961898e-02,7.982685412358223598e-01,9.661934162800270842e-01,7.282323994690720337e-01,9.215687352931889453e-01,4.960397476901501901e-01,5.932035196288746315e-01,8.368601243722344485e-01,7.742401697130110172e-01,8.953409185714779062e-01,4.797483310484996766e-01,2.245913390042710567e-01
7.811889165167766880e-01,0.000000000000000000e+00,7.551154059551666853e-01,6.873694471002700368e-01,5.322964985788738446e-01,9.885246094926720684e-01,5.726184706749006814e-01,6.625935921593935074e-01,4.688840740874350432e-01,3.599172951126849984e-01,3.545794673798560170e-01,5.130265451350927153e-01,9.903206338029568734e-01,5.284282887968198006e-01,5.942846166201618541e-01,4.202505933580607533e-01,5.623442833724872081e-01,7.836260892076666318e-01,2.560386567747104380e-01,6.317961720404253745e-01,6.150763495260448410e-01,8.686954800815508415e-01,6.149642294443280477e-01,9.867002013609873501e-01,7.077990985114266387e-01,3.138625530191601481e-02,6.777159216076531489e-01,6.774559138977129802e-01,4.184849796645728759e-01,2.744227523310739381e-01,4.057513345594678800e-01,6.375317783010712169e-01,8.719747138825243438e-01,7.306974692074625910e-01,2.122175277295574869e-01,3.093724400013859177e-01,2.369725078475541369e-01,4.253163636114687951e-01,4.248317175145004954e-01,6.456257808079319815e-01,4.878867391546919396e-01,9.392496824458940186e-01,6.911028944300765531e-01,-1.584569489390064145e-01,6.123725619294864142e-01,9.021712346236628044e-02,9.304474028955587173e-01,4.258863950145525545e-01,5.962775039855648940e-01,7.504604461731970710e-01,3.446164240737812356e-01,3.788601360068519774e-01,7.442946519456643539e-01,7.893496294599084973e-01,6.931612616587269349e-01,8.281294904259168810e-01,6.711933129993147285e-01,2.031332641954288754e-01,7.352919446836020390e-01,4.817803386503929364e-01,7.657647477620836973e-01,6.664263725335457522e-01,9.669108983883474284e-01,9.888243468784538859e-01,9.370816813417112146e-01,9.489703968259779465e-01,6.676454792236058422e-01,9.976053364533226109e-01,4.418049365708688336e-01,8.269469609484517703e-01,2.217100512802668566e-01,3.284061579981234491e-01,5.568157807092909417e-01,5.536489535205769696e-01,2.187016538884937744e-01,3.393702969392566327e-01,5.778824731273399795e-01,4.176062420368550909e-01,5.163521985371413714e-02,7.503041834756027928e-01,5.419644676950698958e-01,6.012351067731678267e-01,6.264737807057365604e-01,6.765681053759569075e-01,7.710408838124498399e-01
3.377634645983115802e-01,7.551154059551666853e-01,0.000000000000000000e+00,8.062923995953479306e-01,6.806078041981449278e-01,6.795360012750466527e-01,6.450536813826569515e-01,9.093595072675882962e-01,8.073489594269284142e-01,3.147848106077213992e-01,6.021516198047425217e-01,7.387835246629825825e-01,6.661646803213838730e-01,7.777131555411938013e-01,9.833231726558282482e-01,6.972366926849158375e-01,9.840781362770113505e-01,6.148179316607396139e-01,8.175354917002475297e-02,5.972238585177900294e-01,7.661899593517417228e-01,9.969907685136281117e-01,8.130150711924039042e-01,7.464760923072586429e-01,6.681922726287280456e-01,9.877889258847061260e-01,4.788354907703100682e-01,6.541241322791389035e-01,4.490529200938075949e-01,2.238349118402245819e-01,2.095466102467482827e-01,8.955379403726071441e-01,6.803944546783995406e-01,7.200764670396985201e-01,5.910224699644945900e-01,3.966032151603402500e-01,4.682114168277915489e-01,9.806999054199879717e-01,5.598900602806465843e-01,8.128977813098280381e-01,4.743659464033803674e-01,7.356464025509181770e-01,3.379710639922337001e-01,4.799946320493884699e-01,7.995722281461334902e-01,8.023315925025572559e-01,5.742513585222369654e-01,8.357863017800173377e-01,8.382296280442436132e-01,4.572699900380849947e-01,8.619969216227494346e-01,9.217660667277853825e-01,8.640599346492802146e-01,6.978049002169643966e-01,6.242713087544015105e-01,7.280920451374695013e-01,9.836859724240869518e-01,8.107192645823119159e-01,7.048191665259920802e-01,1.104731040928410152e-01,2.430719434944229596e-01,6.327361185151753054e-01,6.325446254829070192e-01,2.246960288636372094e-01,6.706198132958411939e-01,7.962423881176937668e-01,6.299348742119279532e-01,4.130922772382356611e-01,2.538965297428751322e-01,9.003187679362190110e-01,8.001959908224406393e-01,8.761829010943592566e-01,5.770608173699649512e-01,3.949441002604442419e-01,9.532668971343820630e-01,6.513648009387541515e-01,8.635094631891435668e-01,9.212377464552655715e-01,1.839605785471667976e-01,2.410184200137337196e-01,9.754941124604928904e-01,5.116186286389419191e-01,4.008969898597752879e-01,6.715040906546443367e-01,6.752095748187718627e-01
7.557684611851086531e-01,6.873694471002700368e-01,8.062923995953479306e-01,0.000000000000000000e+00,8.015321388420044713e-01,7.346860889416052531e-01,9.665578808622322660e-01,3.921808480743500525e-01,4.328623337455629883e-01,-2.005113861063059777e-01,4.047865700739100014e-01,6.285337798103999285e-01,9.703896163472600644e-01,7.592632818041401555e-01,3.043814969684616178e-01,4.574530665064253099e-01,9.458542412857036119e-01,4.270581437349302290e-01,6.150394923785256207e-01,9.147843273560009036e-01,8.735229660898012893e-01,4.352618130823318054e-01,7.608590905839740515e-01,7.084026262624187886e-01,4.238761591362645853e-01,9.575060199387540605e-01,4.491225973782890790e-01,5.181794188938209089e-01,8.607056488506057423e-01,2.594072480597566788e-01,4.722298891462693438e-01,2.332067788377958917e-01,6.154516698312600953e-01,4.019836530740618641e-01,4.679009589777810008e-01,4.218469292329665721e-01,4.455999059914661498e-02,1.385180636444945657e-01,9.765038118506043086e-01,6.505823600824169883e-01,4.445657524361910085e-01,7.794341328916319922e-01,6.070957249713053727e-01,6.527804046420159212e-01,9.688835399329023268e-01,6.950782253555981560e-01,4.481157155292438410e-01,5.246464992763483215e-01,1.145311945166973579e-02,4.960461568694968237e-01,5.201048611157110813e-01,3.976925876431245954e-01,7.119063067993802729e-01,8.619714278061652024e-01,7.796131613132567528e-01,6.096435239597182143e-01,8.544365056779188450e-01,6.658005919502092418e-01,8.145033288822247641e-01,2.824766550759819084e-01,8.633686888585252739e-02,6.885139455973349198e-01,8.394829883938386139e-01,6.185170092499961969e-01,9.325841125283913513e-01,-3.465546510659253676e-01,7.451597721810466757e-01,7.079879725691714532e-01,3.445306140327668576e-01,7.729776708519341399e-01,8.879381496479122893e-01,8.732999855743966977e-01,2.060705624010305548e-01,9.754482115426175992e-02,5.514380949170715196e-01,8.772699639488503731e-01,4.569190350471655226e-01,7.326645673583430662e-01,4.033372363369772673e-01,-6.338766272882476183e-02,5.167840713396982810e-01,4.719982298407043864e-02,5.096904059480484861e-01,3.285449292475020044e-01,6.159595436548661596e-01
4.082513716585307040e-01,5.322964985788738446e-01,6.806078041981449278e-01,8.015321388420044713e-01,0.000000000000000000e+00,9.915737798874140196e-01,7.540559175743658527e-01,9.322909268033009456e-01,5.938809201217232214e-01,8.813089166373665462e-01,9.488811159935643946e-01,8.569156057378296554e-01,7.313278801119471595e-01,7.698002582376989311e-01,7.774765914514618625e-01,8.984285045185013141e-01,6.344184357319151424e-01,4.615671236178053305e-01,4.800401970065383273e-01,7.332909243167151647e-01,6.184343186869312170e-01,2.337512968153605819e-01,7.722019718446198056e-01,9.205139615015522914e-01,6.677692434517510378e-01,7.621957164094088633e-01,6.462382932986261430e-01,9.426479749265034291e-01,2.566500268502637239e-01,-1.247181757352624210e-01,1.994472716865646755e-01,6.808289991771142580e-01,5.577631340824642514e-01,7.691599682799421522e-01,5.824683600903116654e-01,5.375796054579562444e-01,1.629998598410498656e-01,4.124654440174360670e-01,9.012752750156899362e-01,4.043821052079981659e-01,2.485461618010457174e-01,7.150594071706660726e-01,6.627253270722808232e-01,9.243317602305133329e-01,7.022775705437415139e-01,8.314675945186745798e-01,3.140010192601733197e-01,6.015936658780609569e-01,4.474489959622679480e-01,4.116567149435543804e-01,4.299748507591062974e-01,7.797239904840955749e-01,3.652654825001360184e-01,9.118715422939619453e-01,4.390680958925322064e-01,8.300010417220425873e-01,1.894403166078553399e-02,9.776300072796467733e-01,2.743264527937491759e-01,5.576725296125936149e-01,5.325229461200158276e-01,4.449577227863054651e-01,3.419963120730529216e-01,6.062018326167537552e-01,6.728592184546708932e-01,7.364619336586191167e-01,6.813717246122014126e-01,3.031049080069804780e-01,5.243314805074481555e-01,1.546766782257522760e-02,6.580151603609616373e-01,6.242329957139367558e-01,7.125424400299256167e-01,4.331056983543834504e-01,4.729356811684894413e-01,7.643648134897662594e-01,5.432943592847443437e-01,7.567378389992442944e-01,5.395914079260399898e-01,2.034695801943728621e-01,4.985545494553129675e-01,7.483764635863071613e-01,5.094753509874232478e-01,7.529876525590040170e-01,9.696508884524553951e-01
9.216911857621933324e-01,9.885246094926720684e-01,6.795360012750466527e-01,7.346860889416052531e-01,9.915737798874140196e-01,0.000000000000000000e+00,2.857122411351278868e-01,-1.913679938282805970e-01,4.787557310071722250e-01,2.585308486919889459e-01,6.153984774689732484e-01,7.593041457352026624e-01,5.624502718545688618e-01,9.353865447563000091e-01,1.205070527052717194e-01,5.191311500417077757e-02,7.966023769407986066e-01,2.647043018371483813e-01,8.805642519966637716e-01,9.952517875165238781e-01,3.683467775651230181e-01,4.870602732657033918e-01,2.705448485044023021e-01,9.938911259220077898e-01,7.833471152716589003e-01,8.010649513645571318e-01,8.828894780025180467e-01,3.626791931407009617e-01,3.357583363893510420e-01,2.346322828175519681e-01,4.315141575050714939e-01,4.469648643691602197e-01,4.366220775290833855e-01,6.354532327427008243e-01,7.557019425522158995e-01,5.538390958629145766e-01,8.581045795141889476e-02,7.530462440495474530e-01,6.537260991583749847e-01,7.503779866515245534e-01,2.952741627470900805e-03,3.832420468928259827e-01,8.454723387844307325e-01,3.407291737690902877e-01,1.042280425380701925e-01,5.219401287400570189e-01,7.855232993187685198e-01,5.071315624231227392e-01,3.486348587143551780e-01,4.344401606248167180e-01,5.157419691419002916e-01,6.813236850429070790e-01,6.070221016996319996e-01,7.669338894700900022e-01,7.266272389217947048e-01,3.971258077803861974e-01,7.681121683429884550e-01,3.622416192905475452e-01,8.143933410284003305e-01,4.862851917912413002e-01,4.987110218806200534e-01,2.938001754232553719e-01,6.903730779393577599e-01,6.648051904345511076e-01,5.601223212470595181e-01,4.737155462690372243e-01,7.178893816212125190e-01,3.829243623249747319e-01,6.821421885055874990e-01,2.395587483943640572e-01,9.207914526297124036e-01,7.813074355349148847e-01,5.044268064665246021e-01,4.471777627901239033e-02,4.469277319872790311e-01,6.605888107581516788e-01,7.714024168286522931e-01,2.219108685526962887e-01,3.510196809244070515e-01,2.653620000068289131e-01,6.827019776344634971e-01,6.572360516882425063e-01,8.713566514954194098e-01,4.700895668738174771e-01,6.293934316566508480e-01
7.559952003472574233e-01,5.726184706749006814e-01,6.450536813826569515e-01,9.665578808622322660e-01,7.540559175743658527e-01,2.857122411351278868e-01,0.000000000000000000e+00,4.060424992595534910e-01,5.313927079927970309e-01,2.677202701712250166e-01,7.241675905641852262e-01,4.495013336243164903e-01,7.482591809813965433e-01,7.967140948992621485e-01,1.377035987595532640e-01,3.192800917485469903e-01,6.472650552047003458e-01,3.153203478099002588e-01,5.503086299592594433e-01,1.124724726612071485e-01,9.317873622435124403e-01,4.629331369746553793e-01,3.956197590387673380e-01,9.780562704594835122e-01,5.273164369011820174e-01,3.036202819461837343e-01,3.065565695847604633e-01,8.991926987973939411e-01,2.042085656408330618e-01,5.785804449367197844e-01,4.454316678626480397e-01,-1.006377176262400058e-01,5.311866962119640156e-01,3.538891325035008473e-01,6.611313814708056347e-01,1.124040757175400335e-01,2.445402684633110890e-01,5.789925436909368894e-01,2.589982134182794438e-01,3.403974633656372539e-01,4.994189572732033455e-01,5.597750004654673539e-01,7.063128079301794759e-01,1.157171409059368217e-01,5.414125141075762926e-01,6.595683231364327659e-01,4.898816681393760586e-01,4.445637870792049084e-01,7.413690679660658311e-01,3.159316776520295633e-01,-7.723086015373249735e-02,7.827779597376502974e-01,2.547143167069467196e-01,7.174056868507759921e-01,7.968755300769942984e-01,3.844315093353775081e-01,7.224598846175493971e-01,5.445513321815055319e-01,7.851302838513334326e-01,6.489841918108877339e-01,5.755290865538162937e-01,3.476608133449017313e-01,1.940075501301351535e-01,7.409247699036340951e-01,5.475640787904120232e-01,7.389472111507601193e-01,5.176646997360789815e-01,9.430227346758183193e-01,4.312581772367244937e-01,1.093814796479554707e-01,4.984771314019864619e-01,-7.569433441589556999e-03,4.073986250336711912e-01,4.795877064047232574e-01,4.167967547616957535e-01,4.167380397598164365e-01,9.496393742171929109e-01,4.499293263818130995e-01,6.412867924789596996e-01,2.680654816922019568e-01,5.301396596936517325e-01,8.270277393388955067e-01,3.681300537860444644e-01,2.345030475619948318e-01,7.215081398930400791e-01
8.984768769989792681e-01,6.625935921593935074e-01,9.093595072675882962e-01,3.921808480743500525e-01,9.322909268033009456e-01,-1.913679938282805970e-01,4.060424992595534910e-01,0.000000000000000000e+00,3.770173320961741625e-01,6.391945781202315047e-01,5.299642625462486212e-01,2.744482085371591218e-01,1.550228880450039703e-01,4.561556503139401753e-01,7.355511850316711620e-01,3.873497770984902777e-01,5.675876757701596720e-01,5.206166830404210799e-01,6.789152964642214405e-01,8.307508336871529675e-01,7.443124744724598507e-01,5.903746245124157355e-01,7.420826618146980636e-01,7.762502912586621839e-01,3.411451525413701780e-01,3.610515549949808722e-01,6.313759141822147258e-01,5.565453553923053187e-01,4.658434750594597773e-01,4.317145044453936098e-01,5.704954114898611595e-01,4.858965618267370168e-01,2.204201164409751168e-01,7.540330248857961548e-01,6.203226322502441992e-01,4.846555230470823705e-01,6.657237082259557237e-01,5.101788772265997141e-01,8.817440808870503632e-01,3.764352771146594612e-01,4.527880597552743080e-01,8.698639836823751637e-01,5.184562673572948865e-01,7.244317228209183890e-01,8.653646153629552806e-01,2.667937051079130595e-01,6.009494577262473047e-01,8.905840205342299143e-01,4.153862258217050352e-01,7.454305076445529865e-01,3.662646556523683344e-02,7.643610814732888503e-01,5.592569413781632859e-01,3.372137270021342559e-01,7.677156542179378595e-01,6.668896511541084760e-01,6.147257385120112883e-01,5.393553453479472681e-01,4.274945440947038322e-01,5.902835801163681673e-01,6.726709562620212246e-01,4.018983957599663870e-01,3.566295265165599915e-01,9.175291580144223635e-01,7.863929480666106420e-01,3.966446723956460474e-01,5.747304410664690888e-01,8.764438646419907553e-01,5.267648662777384416e-01,6.975200529497457280e-01,3.811343219737736154e-01,7.675939948270169566e-01,5.821225150233569900e-01,4.899853935070306865e-01,3.902397338853338393e-01,7.142728058765470678e-01,8.495519170233624129e-01,4.781611408828616572e-01,6.818499857182833690e-01,5.081875000832182243e-01,7.616228475760727923e-02,9.737877557158528541e-01,3.946555290130907556e-01,8.638468779440865164e-02,4.058796812764248196e-01
8.134974757242097176e-01,4.688840740874350432e-01,8.073489594269284142e-01,4.328623337455629883e-01,5.938809201217232214e-01,4.787557310071722250e-01,5.313927079927970309e-01,3.770173320961741625e-01,0.000000000000000000e+00,9.849395354555765536e-01,7.239265645565875484e-01,8.629975267382677950e-01,5.942133229611462619e-01,8.301097250299368513e-01,7.466513027845455008e-01,6.074752718338335411e-01,7.184213277576331214e-01,7.396574205765003018e-01,7.969359560486289906e-01,5.026894514221013077e-01,7.921700605285483254e-01,4.674504202529174424e-01,5.615183717475615843e-01,6.495871278334006682e-01,5.772134825115290413e-01,6.039037935882789476e-01,7.094671010852956483e-01,3.741440846604712211e-01,5.191457773172801771e-01,5.275382388572756875e-01,5.231716028518873518e-01,4.711934634407679012e-01,3.283172411344734143e-01,8.484432641576806766e-01,6.357004358341367123e-01,5.692147708203896261e-01,1.289013271911402525e-01,4.681774432505334677e-02,6.342142667415663349e-01,5.506004017631268566e-01,7.237165309726729667e-01,4.412560426046225892e-01,8.768771757221835994e-01,6.113464181265532149e-01,7.941456075534634174e-01,7.361567704111426913e-01,2.549439752806299531e-01,2.288095707490950259e-01,5.961948092983331698e-02,6.553252244943638116e-01,8.345404517465546679e-01,5.174642323797900012e-01,7.761750170929045956e-01,7.383588442667723406e-01,6.687171583776595485e-01,8.489100481849758406e-01,2.687170016320818422e-01,4.220012256075766355e-01,9.520625457692987181e-01,-1.337842153351163077e-01,4.383888466992123534e-01,9.200225707442871714e-01,5.528894645998818635e-01,9.470981003858985892e-01,7.789955154153498373e-01,6.625885575477772349e-01,7.751451530815656188e-01,6.389895746342417748e-01,9.127985019785826992e-01,4.509052975469423075e-01,6.933054306990819038e-01,4.489037687790657927e-01,2.584930806624170518e-01,5.288245384406696781e-01,5.594310167338061301e-01,7.372776063570277705e-01,6.708416912907856355e-01,4.219462600987676781e-01,3.827412777195241533e-01,1.253622350001060148e-02,7.488858943380415356e-01,6.110756488335651326e-01,9.671704986417176686e-01,2.077940104584810599e-01,5.014742553373736644e-01
5.112620995662102708e-01,3.599172951126849984e-01,3.147848106077213992e-01,-2.005113861063059777e-01,8.813089166373665462e-01,2.585308486919889459e-01,2.677202701712250166e-01,6.391945781202315047e-01,9.849395354555765536e-01,0.000000000000000000e+00,7.844712922549909040e-01,8.992204080294543544e-01,8.839533962943432188e-01,5.576736221729898801e-01,4.363695146875117836e-01,7.293782827264914115e-01,7.499647853837333455e-01,7.479144147387901675e-01,4.090486342638627315e-01,8.972042947226762655e-01,8.957289106961209280e-01,5.736991659553185574e-01,4.474686976213411160e-01,6.453914551860179261e-01,7.853757144031078274e-01,4.142063761944677625e-01,3.757570559663623300e-01,3.200548473835199137e-01,7.966944834718423518e-01,5.404857478969506968e-01,4.557130142047767229e-01,6.821076221711626086e-01,5.711780165943406429e-01,7.760250554945105073e-01,1.575690167538421615e-01,5.640450413486967074e-01,-5.615012556682316136e-01,1.913715604107737445e-01,7.434666407729593196e-01,8.297227316974137290e-02,3.456860769653669063e-02,6.876638837521037440e-01,5.136824809198616837e-01,5.589941606222124104e-01,8.827117854801742602e-01,9.559659852826681847e-01,6.416643211846306816e-01,6.200668503965942602e-01,8.313378535941122749e-01,2.680546217219608243e-02,2.289283607480073202e-01,5.589841927498788721e-01,6.836436997902189949e-01,9.167626368781475188e-01,4.879150701927208456e-01,5.742504071785310416e-01,6.904674296941391010e-01,3.693906932606539906e-01,3.452272440740346005e-01,3.672379951358819561e-01,3.273764654700195287e-01,4.708122075468265111e-01,6.016817196636784493e-01,8.013886309723784462e-01,9.868734291371681344e-01,6.078525417618715343e-01,5.932431212331895631e-01,8.203537071287511084e-01,5.137924194130415456e-01,5.500512987453244351e-01,4.600955632526770867e-01,9.506542429815553197e-01,3.652373217302626318e-01,5.666850262495269908e-01,3.558990904319844217e-01,6.132188432412198908e-01,4.875750969725448081e-01,5.704694176398571459e-01,3.009563432516492720e-01,2.515143960889985042e-01,8.450917409266419655e-01,6.419704092895798242e-01,5.413701356757046890e-01,6.011146303042912420e-01,7.458740667347657505e-01
9.181535438126049442e-01,3.545794673798560170e-01,6.021516198047425217e-01,4.047865700739100014e-01,9.488811159935643946e-01,6.153984774689732484e-01,7.241675905641852262e-01,5.299642625462486212e-01,7.239265645565875484e-01,7.844712922549909040e-01,0.000000000000000000e+00,3.832859377129621548e-01,8.289557648977018411e-01,7.748315582072003993e-01,5.164468310411399754e-01,9.244833509286979334e-01,8.009097497181033587e-01,3.420648118765186041e-01,1.219430622538182629e-01,5.208546868877909075e-01,8.165913342372080885e-01,6.610618619454140532e-01,8.129483177167442509e-01,7.463040460455103720e-01,6.992402344096402267e-01,3.157501856502355486e-01,6.979996147470113321e-01,8.569572368835276510e-01,4.240400583337921026e-01,2.839907651971768088e-01,3.885568557381727794e-01,3.489670133135533980e-01,6.730112154737358798e-01,5.880765948560775502e-01,2.940635378335335059e-01,4.480976823752854665e-01,1.249503248693274310e-01,2.820001908861027307e-01,5.829095667925814350e-01,6.245445782009931834e-01,5.202026869056861624e-01,3.465404538845775484e-01,8.547278801120775649e-01,9.191744085762574290e-01,9.844008885317743207e-01,6.279674234625071128e-01,6.111768059098092731e-01,5.893372501380754747e-01,5.837641234714416871e-01,4.344716209774153737e-01,3.771727662492785349e-01,7.824761956097031623e-01,9.089672505333413755e-01,-1.035057744827514864e-01,6.808603090412537195e-01,5.235375876013424051e-02,6.156164956513240361e-01,6.570476879995765795e-01,7.940502516567481406e-01,1.723312599503406817e-01,1.936184339059657811e-01,9.608054194198760722e-01,2.646180978469783729e-01,4.389736834011981337e-01,5.059976521435611829e-01,4.042412636581324548e-01,2.719347872981494607e-01,9.888744460963794225e-01,4.671697231417076268e-01,9.469553576904436998e-01,8.759391129606872717e-01,7.265318557156670298e-01,3.335906895311876452e-01,-2.920573172891118285e-01,5.029941271761112498e-01,4.192818002324220084e-01,7.064242924992437667e-01,2.943425732438820479e-03,3.068107670662588715e-01,5.861992721869960787e-01,2.121523318138657799e-01,2.829314908637563519e-01,5.639902569374415364e-01,-2.311301164100907080e-01,7.056434160109241738e-01
5.270209778743035756e-01,5.130265451350927153e-01,7.387835246629825825e-01,6.285337798103999285e-01,8.569156057378296554e-01,7.593041457352026624e-01,4.495013336243164903e-01,2.744482085371591218e-01,8.629975267382677950e-01,8.992204080294543544e-01,3.832859377129621548e-01,0.000000000000000000e+00,9.968012230474602164e-01,7.516257837282581677e-01,5.556069217199038901e-01,4.153829196700982718e-01,6.379574537089054420e-01,5.688663012201425895e-01,6.559823381462974723e-01,5.728202646317490654e-01,9.784178306601256647e-01,7.785451590147488554e-01,7.128511501151887364e-01,8.221825047660443753e-01,-2.138243386013510827e-01,6.696486584587875157e-01,2.980581566367763169e-01,8.757902722492864056e-01,4.616590548790435733e-01,3.643876705821857409e-01,1.704667824724989955e-01,5.046803622278099866e-01,6.899033710170954237e-02,9.751717288647524517e-01,5.738971515241717558e-01,7.208642395700577687e-02,4.954845393947231447e-01,7.584142708118400966e-01,6.460604665802720525e-01,4.528885990579540333e-01,3.327582094340978958e-01,3.392683766350960139e-01,7.107828974349835738e-01,7.107753760861091896e-01,5.467090475561766638e-01,4.421004346286444009e-01,6.534506236100383614e-01,6.874714746736551030e-01,7.292538533347929786e-01,7.257015767481015400e-01,4.103256099646182542e-01,-1.925326623120678926e-01,6.626961943565604640e-01,3.433252337607881621e-01,7.226244212209342876e-01,6.952165781475120321e-01,1.945697717648519620e-01,9.428229110104056065e-01,7.076587003102911000e-01,3.967840941223443885e-01,3.119463741388767697e-01,7.049145704609641738e-01,4.497915704862733288e-01,6.180096286669423122e-01,9.745399984868091670e-01,5.434758704342097513e-01,1.216148452258990764e-01,6.585646789105473742e-01,5.255031643226188987e-01,5.089176963606105719e-01,8.422658328392438332e-01,7.080517982080222206e-01,4.122089903588245785e-01,5.772959646855867488e-01,3.306853926424364598e-01,6.445443412711868714e-01,3.408936231615270485e-01,5.267123742767750860e-01,3.531457426470142602e-01,3.171609756266398628e-01,-1.987666311758390647e-01,6.823040016024307652e-01,5.629680785326295345e-01,3.077386185411031261e-01,8.877642252348246776e-01
8.592605058241431504e-01,9.903206338029568734e-01,6.661646803213838730e-01,9.703896163472600644e-01,7.313278801119471595e-01,5.624502718545688618e-01,7.482591809813965433e-01,1.550228880450039703e-01,5.942133229611462619e-01,8.839533962943432188e-01,8.289557648977018411e-01,9.968012230474602164e-01,0.000000000000000000e+00,7.980409772311666261e-01,8.549323654753004931e-01,4.907400374914835939e-01,4.852599296631066039e-01,6.098933478785295570e-01,5.430958500291771518e-01,8.395542943487650511e-01,7.101080106048097695e-01,6.100558143360862440e-01,4.836679860411510767e-01,6.065204979004605867e-01,7.350285388010804333e-01,5.640026330403498100e-01,7.717573906197632283e-01,6.838423181874134782e-01,2.929982734103619979e-01,5.599369848254686088e-01,6.935821201177666540e-01,7.206424487516220889e-01,5.958439166070466086e-01,7.973481826936406058e-01,8.696780550990188541e-01,5.283710594742542233e-01,4.307344226176031965e-01,3.943110655595610803e-01,9.261375691801023713e-01,4.664636627900279331e-01,7.683436601916584507e-01,9.109928769811880267e-01,3.664772886531156848e-01,4.458532742127562232e-01,6.063625836671507896e-01,7.069472967108951789e-01,9.398974222651446109e-01,6.863762111441142899e-01,7.044502118487577791e-01,9.048688363395008816e-01,5.647855361107699812e-01,4.009266542079492623e-01,5.298209901218352558e-01,9.066459143910469143e-01,6.844107472172717976e-01,8.702013796563888848e-01,5.728094165094774759e-01,5.504664475893726872e-01,6.105105918860521674e-01,6.268558130338086620e-02,5.331221314039948922e-01,3.305551287898819135e-01,9.217226964722154969e-01,5.444558160771427735e-01,4.376802894103530850e-01,6.608321586668695069e-01,4.186616220894386342e-01,8.483594084161893978e-01,6.485510554244217074e-01,7.178249541455313798e-01,6.659337117444208420e-01,5.502653589570761783e-01,3.942259445095542270e-01,6.536807220118285855e-01,5.073270431136659431e-01,7.143504004040968081e-01,4.356008506529718827e-01,4.422173883747461121e-01,4.487440450950203608e-01,1.223713074752623767e-02,6.852873855693494276e-01,8.976048364522426493e-01,8.736904264412082011e-01,2.829481570925782563e-01,5.633659467469734894e-01
7.903234137179864227e-01,5.284282887968198006e-01,7.777131555411938013e-01,7.592632818041401555e-01,7.698002582376989311e-01,9.353865447563000091e-01,7.967140948992621485e-01,4.561556503139401753e-01,8.301097250299368513e-01,5.576736221729898801e-01,7.748315582072003993e-01,7.516257837282581677e-01,7.980409772311666261e-01,0.000000000000000000e+00,5.137619358015764748e-01,5.622455183180683491e-01,4.746741285259301057e-01,4.344460171456083764e-01,7.211693921509164662e-01,6.164679081408729333e-01,6.839708870657670303e-01,9.426022833443520321e-01,8.056897641510519792e-01,7.882531271740171874e-01,4.255837008917113806e-01,7.348626643495852484e-01,6.958804609366577854e-01,8.883273869484832330e-01,6.305287698581927280e-01,4.144733444155662694e-01,9.056433870255858887e-02,5.613694863254943268e-01,8.995740769576549001e-01,9.147143678512418274e-01,8.325668738275744385e-01,6.928772642040751384e-01,4.222604531360032998e-01,7.840866153665018157e-01,7.781850746502738669e-01,7.968064722191186000e-01,4.751630066618336423e-01,4.251644471638990619e-01,7.179667468454606905e-01,6.410284806180248651e-01,9.398458010568543353e-01,2.017646757226183307e-01,7.321526711622223793e-01,6.527067116850264750e-01,5.157953383738250741e-01,7.524781589871551990e-01,6.053790160213182725e-01,6.181841239171862457e-01,8.646492840512307598e-01,2.070456234131221041e-01,4.043672482872056051e-01,4.169366880681897314e-01,7.181227833896051127e-01,6.622351192833828559e-01,4.746603040007693619e-01,5.708614465873017574e-01,4.165125104533674016e-01,9.953067321909793153e-01,9.549774435220728108e-01,7.329863468214830036e-01,7.506864972937679070e-01,6.217157109376901802e-01,6.723202361459512666e-01,7.902408539422445255e-01,5.918743781711555130e-01,4.776223923835936080e-01,7.684918157113478365e-01,6.023839846934790909e-01,5.967680517380338223e-01,4.617209911802991895e-01,5.398957333740249664e-01,8.308882768154205456e-01,7.132783829454590885e-01,5.301552221193409631e-01,5.850938432272148049e-01,2.205734907052019633e-01,3.653844118480886194e-01,3.002817837772615572e-01,4.055755237852278761e-01,1.718088380316101227e-01,6.619297831682717792e-01
9.876129409339575727e-01,5.942846166201618541e-01,9.833231726558282482e-01,3.043814969684616178e-01,7.774765914514618625e-01,1.205070527052717194e-01,1.377035987595532640e-01,7.355511850316711620e-01,7.466513027845455008e-01,4.363695146875117836e-01,5.164468310411399754e-01,5.556069217199038901e-01,8.549323654753004931e-01,5.137619358015764748e-01,0.000000000000000000e+00,4.419343234649384389e-01,7.089619185168315463e-01,6.813377539889579060e-01,7.564207492430877755e-01,9.231118295611326907e-01,8.496628781016402066e-01,4.952845290948290069e-01,4.383928194515211429e-01,8.360307728350981904e-01,6.512446303850456530e-01,7.087070951916596417e-01,4.931060957114724030e-01,2.027753558842665393e-01,6.689892600438340775e-02,4.788952696670259468e-01,1.443917973270140986e-01,2.600762730690133195e-01,2.281864355305322500e-01,4.446446243616973271e-01,8.194124642509545975e-01,6.763539352710248309e-01,2.835911284491739459e-01,5.894306932115793707e-01,9.992026414338155416e-01,6.514346056370319271e-01,4.498382200914326501e-01,5.638930827808785740e-01,8.686839157767463071e-01,7.542637315209480553e-01,6.671859435013994810e-01,9.124203137822209930e-01,1.247690745246692323e-01,7.624625367130845044e-01,1.654722369211003574e-01,-8.204963930690223339e-02,4.114389172432076358e-01,2.639368628665647587e-01,5.284833819748980810e-01,7.615765591931995537e-01,8.576044480197196895e-01,7.857738830452709600e-01,2.888895827138732164e-01,5.569255019308365640e-01,9.961130548337977508e-01,1.018888607846260980e-01,4.468844499844354390e-01,4.692276741496391734e-01,5.220645236614542828e-01,9.191547944922154878e-01,2.744410782411730865e-01,6.947098028830238636e-01,9.707810549991189308e-01,7.189686115734431615e-01,5.943356180901273600e-01,8.393622977037368260e-01,8.848776664110998835e-01,3.823061326833340212e-01,3.943519042848175893e-01,3.663133784463083464e-01,1.643140509771923163e-02,7.191158612630380587e-01,7.500064805749412367e-01,2.583789097577207095e-01,5.978444917574556872e-01,3.257505077637923296e-01,4.979772117193170256e-01,7.426267637595412863e-01,7.005720340616440334e-01,2.347291689006828497e-01,5.505538566732579575e-01
9.862467818699192090e-01,4.202505933580607533e-01,6.972366926849158375e-01,4.574530665064253099e-01,8.984285045185013141e-01,5.191311500417077757e-02,3.192800917485469903e-01,3.873497770984902777e-01,6.074752718338335411e-01,7.293782827264914115e-01,9.244833509286979334e-01,4.153829196700982718e-01,4.907400374914835939e-01,5.622455183180683491e-01,4.419343234649384389e-01,0.000000000000000000e+00,6.328207968714816278e-01,2.320916694165580108e-01,-1.615643569612259522e-01,7.086992014041560983e-01,7.472910525288136707e-01,7.163115294023626456e-01,5.725192403439322009e-01,8.832971866016782192e-01,4.027682281898522509e-01,5.057800075076163138e-01,7.123396254917329085e-01,6.487760471052301803e-01,4.554256978617268192e-01,4.083776880494084383e-01,8.137928028991799068e-02,6.462197780327180174e-01,8.783202116937539605e-01,5.805708610322666274e-01,5.059804720945514367e-01,2.799928254761434587e-01,6.913971297970803453e-01,3.338618012031082105e-01,9.769967918077675506e-01,5.836423681970794863e-01,5.103398860450202301e-01,4.408150261763002509e-01,7.969315886627088563e-01,4.045368329071395430e-01,9.618821077775350226e-01,3.607201453881223596e-01,7.228904793825579045e-01,1.382932882779465134e-01,5.018495939884370927e-01,7.820149971412997392e-01,4.840316819957159455e-01,6.103054569616623848e-01,1.012404293064410044e-01,4.912516714178092325e-01,7.738580114642512608e-01,4.721617516601460673e-01,8.720949083114959421e-01,3.222765174087418028e-01,9.617223771134615351e-01,4.514159403033041196e-01,2.230719979433755940e-01,5.986386085975559102e-01,4.530200211308914038e-01,2.759318569075190908e-01,1.417803257432723174e-01,6.033511663841090167e-01,9.167350299499287258e-01,8.708046436805746415e-01,6.217183452707610858e-01,8.930652021597099144e-02,7.003464786079544036e-01,5.824377847309297751e-01,5.340196638284840924e-01,2.704976822174515183e-01,6.086774433477497581e-01,8.172451576957506791e-01,7.474236785537068384e-01,7.958851934066447642e-01,3.962072774865343372e-01,5.481745014270648086e-01,7.381851880049626891e-01,1.554892208304952117e-01,2.708776301761345318e-01,2.783388414310657977e-01,7.478250723926516130e-01
8.582452832380269570e-01,5.623442833724872081e-01,9.840781362770113505e-01,9.458542412857036119e-01,6.344184357319151424e-01,7.966023769407986066e-01,6.472650552047003458e-01,5.675876757701596720e-01,7.184213277576331214e-01,7.499647853837333455e-01,8.009097497181033587e-01,6.379574537089054420e-01,4.852599296631066039e-01,4.746741285259301057e-01,7.089619185168315463e-01,6.328207968714816278e-01,0.000000000000000000e+00,4.741236146148384845e-01,6.158671663627810489e-01,4.114190289197485195e-01,6.327316440272687803e-01,9.048318637688457233e-02,7.515922679111299853e-01,9.190985605455034291e-01,3.007303887692498734e-02,5.117868515822370235e-01,3.131858591402960634e-01,8.931428946770134658e-01,5.867412192919069236e-01,7.499000904513873911e-01,5.362631174994947347e-01,9.328454044339293816e-01,6.957945032169189359e-01,7.304635890355974936e-01,9.708497687074212346e-01,5.651511718727484368e-01,2.117083429566569974e-01,7.719980185257007133e-01,7.206509725883161188e-01,8.009509587553280685e-01,2.743093455146140558e-01,3.292375899730610733e-01,6.099684741540286614e-01,3.258614806769482009e-01,7.161855745968964682e-01,8.646708376073379831e-01,6.890499570071985103e-01,3.187501686176327231e-01,8.623922611026242357e-01,7.007966797052734842e-01,8.511381995044983162e-01,5.873951696415975476e-01,9.444439684604135632e-01,9.130460970528964104e-01,9.082287840335835361e-01,6.223085850935404784e-01,8.209160213939759032e-01,2.619042230196640397e-01,9.564004219514921079e-01,6.566106835568252809e-01,5.776578092345641124e-02,7.459007877614206583e-01,6.045474514995704540e-01,8.329034135224577806e-01,9.176322185674583576e-01,7.342523304325738742e-01,6.993089878773146584e-01,7.050189998366942490e-01,6.345708618082975816e-01,9.876036526895928258e-01,5.014759640713051247e-01,8.676061934625127758e-01,2.751654727211576001e-01,4.375821259958467269e-01,7.912895982964603947e-01,3.527634987448692305e-01,5.974182329758386256e-01,2.008692325161869630e-01,2.611407657846598340e-01,2.030826554847289453e-02,9.342535927295443354e-01,8.185313103330050799e-01,7.517581219561804140e-01,4.300020638313624133e-01,6.111606064997185950e-01
6.602463136682819034e-01,7.836260892076666318e-01,6.148179316607396139e-01,4.270581437349302290e-01,4.615671236178053305e-01,2.647043018371483813e-01,3.153203478099002588e-01,5.206166830404210799e-01,7.396574205765003018e-01,7.479144147387901675e-01,3.420648118765186041e-01,5.688663012201425895e-01,6.098933478785295570e-01,4.344460171456083764e-01,6.813377539889579060e-01,2.320916694165580108e-01,4.741236146148384845e-01,0.000000000000000000e+00,6.330833142272098701e-01,9.980296021308527887e-01,9.309250675436968603e-01,3.817826006017271401e-01,4.328378812930149810e-01,4.984020781464395533e-01,7.742573682771202170e-01,2.585354908439457811e-01,3.922130843214429730e-01,4.539702426769546828e-01,6.119520731877668984e-01,7.947982154061747906e-01,3.637024630381434642e-01,4.000907492365809448e-01,1.890263483366863562e-01,6.228511465693965521e-01,5.606086980561588717e-01,5.489627440498923150e-01,4.280011451416284585e-01,3.022891847832511747e-01,4.427758594674970349e-01,8.905229220879670171e-01,7.763133833269406647e-01,6.811952951427071579e-01,6.980949206356787951e-01,5.821009174303614087e-01,8.728785831620337055e-01,5.636308990730094504e-01,6.550674271534681070e-01,9.337978380434425185e-01,6.809823829842689413e-01,7.147031111238851819e-01,6.288680273229008133e-01,4.400058688744549751e-01,9.362149544891762432e-01,6.139715714758214871e-01,9.681905637561465383e-01,8.468164980791260676e-01,4.044233050938120799e-01,8.244274596310335879e-02,5.897577817814082524e-01,8.503972462349268513e-02,2.667142280409039445e-01,5.575561764535874598e-01,3.641506022124209041e-01,7.769640375340666205e-01,5.504724450769056254e-01,7.687819354778824624e-03,4.913629767275025095e-01,6.102271783531494354e-01,9.006214442181417201e-01,8.806064614479642838e-01,6.313312169444768029e-01,5.441998973929353944e-01,-2.925847061535061244e-02,3.584862663855298281e-01,9.354488995307810306e-01,5.343382021127002224e-01,5.525794601746019108e-01,7.560702455273853317e-01,1.054434868333711112e-01,4.293428006850673051e-01,4.802446794376864503e-01,3.026566789015082137e-01,6.643141617718928416e-01,4.379115484231352329e-01,4.663959345030385673e-01
