0.000000000000000000e+00,6.026251383682595941e-01,9.623520177929107966e-01,9.978390165647045285e-01,9.157795099333611022e-01,3.329062498117798530e-01,5.388641384373908938e-01,6.032859325014392482e-01,7.303757393514498375e-01,4.731038321532040625e-01,6.007294797857027913e-01,5.395322377285507454e-01,8.678010949420944531e-01,6.716731483681097625e-01,6.022222600744016052e-01,7.988625390974771756e-01,2.251824368888871164e-01,6.842730552831900459e-01,9.522214368917548688e-01,9.221518949345416383e-01,5.359931923806274257e-02,9.798352542158526024e-01,9.927846924007568408e-01,7.618445054504323632e-01,7.294140944164122509e-01,9.717259892398510956e-01,7.307792243527780895e-01,7.047649649584599718e-01,4.839158693687872770e-01,3.859045341692750597e-01,5.828614146889994352e-01,6.826582516635330000e-01,4.517775618183697550e-01,8.258213849867044321e-01,8.508260072672038099e-01,3.085971943339358980e-01,2.465107849885503910e-01,6.942617058111759665e-01,8.545827003720758430e-01,7.306334245801212601e-01,3.569445452387743911e-01,6.555030434677961981e-01,8.337774191498216192e-01,7.728776672575163875e-01,8.980460310471628516e-01,8.299212722599202952e-01,6.335541576161571875e-01,8.471268551494031129e-01,9.508379801124952069e-01,9.268902798761808892e-01,9.229528840243166332e-01,7.903485030822838819e-01,6.815615886003708601e-01,9.678843575502785734e-01,3.055213727346385300e-01,8.293520213366527560e-01,6.351716219342813385e-01,4.356550492132850172e-01,9.977077704903660749e-01,4.844973650245997243e-01,-2.261825891898106011e-03,4.177678397475133587e-01,8.950448817688625436e-01,9.542805868199502051e-01,6.462365732894074233e-01,9.741693872800589737e-01,7.916991090556007027e-01,5.880553397124399506e-01,3.898739940533009207e-01,6.100795578233630945e-01,7.895076834402550148e-01,9.297250843699027545e-01,4.747724906242418719e-01,-1.939992708952800460e-01,7.012527642084728230e-01,-1.174574270791599595e-01,5.272853977911265977e-01,8.051765429165427257e-01,3.979974849463265296e-01,4.112970102695131525e-01,8.933305773943159833e-01,8.139907362066027829e-01,5.943616673072965595e-01,1.182402278606919377e-01,4.369936006429172570e-01
6.026251383682595941e-01,0.000000000000000000e+00,9.970805906591537759e-01,8.163190557885613430e-01,8.225412685625907994e-01,7.294943761332403076e-01,4.199398445360603693e-01,6.963273030611509817e-01,5.689234902760534895e-01,5.765240376181041126e-01,5.272339840107221898e-01,4.731625576699347024e-01,2.972928140407913866e-01,6.469963653401864523e-01,5.173875032619856817e-01,5.037310794811429293e-01,8.591744987926586141e-01,5.841245058671474810e-01,5.979219725003521724e-01,3.923604676776918376e-01,8.752675248292594024e-01,9.314617457401027645e-01,4.017266651070248717e-01,4.723122780747320282e-01,4.411913250993311220e-01,2.977193592836025471e-01,3.953757194342006343e-01,7.558960803804342099e-01,4.159856729043670542e-01,5.226586277844174067e-01,1.517827595493109194e-01,7.276318177986077496e-01,3.397010912238745961e-01,5.490418324973758146e-01,6.013475482789151227e-01,5.038102833271992376e-01,2.679659920893662783e-01,7.754498722308770242e-01,5.382009188271688060e-01,2.628990953350231474e-01,8.572992121045740488e-01,6.274162266558378498e-01,5.163032794991738728e-01,4.162456748960196018e-01,6.589960180240701515e-01,5.264861549889724435e-01,5.433798989762539389e-01,2.199787071605756594e-01,2.670260917792321997e-01,5.308355544963863082e-01,-1.518161831818794494e-01,4.213237692855267280e-01,5.850810019595803491e-01,-9.222023658780462152e-02,5.894415689736848263e-01,9.448907754034920892e-01,4.453719032140651124e-01,8.638135522404178923e-01,7.856943340606833415e-01,-4.950523603577877685e-02,4.686914432434061140e-01,5.751993863999486090e-01,7.403108717328172883e-01,8.747438592668865809e-01,9.240278578631132556e-01,7.720792406086729454e-01,8.462723426762935874e-01,8.404855281990595284e-01,3.350466827048452778e-01,5.384722657987095484e-01,9.929907673599823736e-01,2.611653869941921169e-01,7.632604355448344702e-01,5.670694927818313857e-01,9.191027480608725264e-02,3.260029092503544113e-01,9.236254585354918278e-01,7.349619557437249151e-01,2.046235346420114953e-01,1.739424992371995105e-01,6.857677766168871480e-01,8.439594356272152043e-01,4.282165580808768857e-01,1.884932451421655053e-01,7.959362896072560423e-01
9.623520177929107966e-01,9.970805906591537759e-01,0.000000000000000000e+00,9.348352601334674050e-01,7.018121788706394026e-01,8.005305045014307064e-01,7.448415661432732371e-01,8.026815450852109457e-01,4.844802604666939017e-01,8.082966398967926791e-01,6.523084229505079490e-01,6.748276907017444204e-01,7.680855459230820914e-01,8.374967975744773696e-01,7.316297360059489385e-01,4.737986088044777166e-01,6.560999059860015414e-01,9.741957891953278992e-01,6.632369216571334380e-01,9.551210522611019993e-01,5.334989085520867036e-01,6.465188885204957714e-01,3.793594154827433229e-01,7.780118500768727907e-01,5.379670298817975649e-01,7.545953440562666037e-01,6.360251447712754747e-01,8.508453513883895702e-01,5.530671085752137950e-01,5.898930865678573277e-01,8.104454802332123897e-01,9.665862150789317209e-01,8.136180322533106413e-01,9.774980001792963336e-01,9.692920888313065753e-01,3.231110191477905569e-01,6.708023289921948296e-01,5.900710789886725038e-01,4.461130826306899944e-01,6.755738463022572526e-01,4.188813328397497648e-01,7.418138703431119696e-01,9.502233272402778042e-01,6.743515319090900295e-01,6.238271194517823748e-01,4.686998507248968382e-01,1.597099192277724733e-01,4.618486707198270480e-01,5.405812166428183296e-01,2.032659627858694196e-01,5.760754891413101264e-01,7.268895480721487834e-01,7.499293887811468995e-01,4.404022496017673260e-01,7.906821296158701440e-01,6.484496840032825116e-01,9.249833378913765447e-01,5.080776119378593858e-01,7.045518973437207011e-01,-1.639017733945156152e-01,4.032673641463651593e-01,7.012704101099223042e-01,5.707624607613382972e-01,8.892458544986979740e-01,8.280843124982730785e-01,6.635511029589495902e-01,7.040116305069173963e-01,6.088879957014133870e-01,6.965726397975515738e-01,7.611585360684178792e-01,5.569290537410882536e-01,7.902240689957353847e-01,6.193524402382915017e-01,2.883774985831129012e-01,7.599399997647545701e-01,6.989153454688009637e-01,7.813897809537172501e-01,8.275544496326042720e-01,2.840304450387324819e-01,1.406378720936727333e-01,7.780144781011074651e-01,7.310234445179516483e-01,9.982317971943478474e-01,9.937264593050771921e-01,7.031402834196274210e-01
9.978390165647045285e-01,8.163190557885613430e-01,9.348352601334674050e-01,0.000000000000000000e+00,7.925169910021528930e-01,9.088398702217980185e-01,6.767342999083284516e-01,5.336919285234836829e-01,9.484829121175011313e-01,4.227387793822030004e-01,4.178483085350233051e-01,6.482582020138921708e-01,6.758779401390304642e-01,7.517925103817982846e-01,5.842286764984468972e-01,5.757381859324826046e-01,7.447785694474148288e-01,8.146185158435625961e-02,4.257271321413372278e-01,6.708660544749359689e-01,9.721054144277750941e-01,7.565995436806641772e-01,7.967944877161099448e-01,9.482280048313251886e-01,1.804819867666374311e-01,6.465834330031836608e-01,6.918841451612806059e-01,7.217127604293025467e-01,4.720227445766914109e-01,5.335195991528836335e-02,5.498077113015790163e-01,4.908911138939876517e-01,6.272324973165700479e-01,9.547417126143187271e-01,7.542058502446109536e-01,2.703847256520813813e-01,3.326838520445793979e-01,2.859352784261849911e-01,7.907435968294154183e-01,8.243285989375068734e-01,5.791003813256927479e-01,2.372208731455315855e-01,6.834776515652929429e-01,9.116783026054301464e-01,7.344580782595957480e-01,4.026697846571807848e-01,-3.623319913877998122e-02,7.929972394385950141e-01,6.010699415470729390e-01,6.920414460084138852e-01,9.394883811957853714e-01,6.910289533599974776e-01,7.772201548641397562e-01,9.407550502655852576e-01,8.781186137594836350e-01,5.168460144350648378e-01,7.878895822099024615e-01,5.413394989778474997e-01,4.866451432265352928e-01,4.602608330110122270e-01,2.041394549729359242e-01,3.924066177029980063e-01,7.887111982664254395e-01,5.534199561208958951e-01,8.334694744496783381e-01,4.259007383901365351e-01,9.412898199670644006e-01,7.550715671256005290e-01,1.575976152550964682e-01,6.273556751370710227e-01,7.432919523197387690e-01,8.548681001386762013e-01,3.254426073008767628e-01,7.774657251304728511e-01,6.484024425782695111e-01,5.675124147010270903e-01,3.779599158566754324e-01,4.637841934446224057e-01,5.457267011034274695e-01,1.763277712557711208e-01,6.773212265514600983e-01,4.361648005270131190e-01,6.333955734179298469e-01,5.566428431795690246e-01,4.846166842424692867e-01
9.157795099333611022e-01,8.225412685625907994e-01,7.018121788706394026e-01,7.925169910021528930e-01,0.000000000000000000e+00,7.571932969539568736e-02,6.475171230515153198e-01,7.211972798464366674e-01,7.746110031529269691e-01,2.524974588634240624e-01,6.387433071629718961e-01,3.291855965647612625e-01,3.258124610870014592e-01,9.763658463303578339e-01,7.794207432226731846e-01,9.884898582969778857e-01,6.618280082824175015e-01,6.019321880161225824e-01,7.775982094225364349e-01,8.880012470363664034e-01,9.364639177253735181e-01,2.642065973060807593e-01,7.622784496508765439e-01,3.778328716475854998e-01,6.610141304254734118e-01,9.817519168595550960e-01,7.753239908496688537e-01,8.206243868309742728e-01,7.215543688000594091e-01,4.615613032629579116e-01,2.529532721464197720e-01,7.862773765832260786e-02,4.516143130854902710e-01,6.528823776393820610e-01,5.660258760254981425e-01,5.758342634319950637e-01,3.152508399162930464e-01,4.092454741126804185e-01,8.581987503322943134e-01,9.513340348122979462e-01,3.222763966678517389e-01,6.675890087965657971e-01,8.455030425352190182e-01,6.186534118064312970e-01,7.815247634026352141e-01,5.162794395011451876e-01,8.797967971588864788e-01,7.684628320194616391e-01,3.097792520832404195e-01,4.321246280084866109e-01,3.858227624469238171e-01,9.941130070647936634e-01,9.017599426279433450e-01,6.819256574421165285e-01,9.728030574399351149e-01,9.459215451599010116e-01,4.862953718985040807e-01,6.287788922696779803e-01,4.569494925911669059e-01,2.171270511159652528e-01,2.699022295581589015e-01,3.877973350856823709e-01,9.723618946880797642e-01,6.284720408618591492e-01,9.795675625910317263e-01,8.531748991382084313e-01,6.984718795674352831e-01,3.899049726930709503e-01,4.713015626926599366e-01,8.222492288488929546e-01,9.360270765715472674e-01,3.273142526382535333e-01,3.273518558615937657e-01,3.406224494835053962e-01,6.477381669637932715e-01,6.167178500852024126e-01,6.696390908910754280e-01,6.847454052681872794e-01,4.169473970354449222e-01,2.971781281233500938e-01,3.235078418217798152e-02,7.815647213173002594e-01,3.356976376977249821e-01,1.821895847142452063e-01,7.242976487549523945e-01
3.329062498117798530e-01,7.294943761332403076e-01,8.005305045014307064e-01,9.088398702217980185e-01,7.571932969539568736e-02,0.000000000000000000e+00,4.789240165313028985e-01,7.352553003796387099e-01,7.892471833821346205e-01,2.334698018214659831e-01,7.808521074489146452e-01,9.802907329107604095e-01,5.930285050405136316e-01,4.284549878832829561e-01,7.113000228278337778e-01,6.964232142925281810e-01,4.008955003198482747e-01,9.919570307930585251e-01,4.326011595065294424e-01,3.129190927924008769e-01,7.935836655668142559e-01,5.325419437476672790e-01,2.558271644822915358e-01,6.783958031577608239e-01,8.787872928596938138e-01,8.934216777873807969e-01,5.941844033832306415e-01,7.346646134055079269e-01,6.203951535015658214e-01,6.799588206766546961e-01,1.435423392668278841e-01,2.641462862587743432e-01,6.578051472289377921e-01,8.308714911835692885e-01,6.329442095058859241e-01,5.712259361973413135e-02,2.991633996890262215e-01,4.380908499977774762e-01,5.893955373954349319e-01,9.089238158776120624e-01,3.715698441321576562e-01,5.709373438545065627e-01,9.402417210454573349e-01,2.869698678861395402e-01,6.974611548953184581e-01,6.130853605152462027e-01,8.842371640881641071e-01,2.208458490086577242e-01,2.129409214472608586e-02,6.646256375033506858e-01,7.742391317128221040e-01,7.619560661347637431e-01,9.897276617769326101e-01,6.369505966555470966e-01,9.802270538620422302e-01,5.484225003431633105e-01,5.411058305164641036e-01,8.644577856111641534e-01,9.215359604670088078e-01,8.559144027022153045e-02,7.641020127507200943e-01,4.861221351687824987e-01,7.986018496795448396e-01,6.853758137456010813e-01,7.810580492134457931e-01,4.209780870993507507e-01,7.621897407357277610e-01,7.517028390760076562e-01,7.412493374459552253e-01,7.443745394799619053e-01,1.581551366477195186e-01,6.269666372227604700e-01,7.115010205381975261e-01,2.356676217108704952e-01,7.764114861897047914e-01,7.348392237751153466e-01,5.836772078695252608e-01,4.929245462332909611e-01,-1.410423206994134149e-01,7.698470379744978276e-01,9.988671782628961993e-02,9.984126280201734982e-01,7.835461533018545088e-01,4.270001959073937425e-01,6.074368966718397544e-01
5.388641384373908938e-01,4.199398445360603693e-01,7.448415661432732371e-01,6.767342999083284516e-01,6.475171230515153198e-01,4.789240165313028985e-01,0.000000000000000000e+00,4.061559900690994707e-01,-3.231890925825658956e-02,2.024576676935274100e-01,-1.833572753328056859e-01,8.323448190278758263e-01,8.374303682801602644e-01,3.209784386143897938e-01,5.623583629250133303e-02,5.168132474281830202e-01,5.615696844928613762e-01,1.544297058946978718e-01,6.588910173929807268e-01,7.609831206129462622e-01,7.994638911594245112e-01,6.981573836553535140e-01,4.025581494955621786e-01,5.032442039533647771e-01,8.258110545483710041e-02,4.176509779516813237e-01,9.662497659563873409e-02,7.059613975066632019e-01,6.779943157678141041e-01,7.456539943542329629e-01,4.961757512500269973e-01,7.063510662432017639e-01,4.935245233144524568e-01,5.387212206934088865e-01,6.160410081308750341e-01,6.350227179344009043e-01,4.274032873729602389e-01,2.183559251400511991e-01,4.589327608278291892e-01,7.235627455710703648e-01,3.276692253078368200e-01,6.591279238703864340e-01,3.083670848276115484e-01,1.577914512192137853e-01,9.373629996915912033e-01,8.939594922203418781e-01,3.214053250228701697e-01,3.797026014799312899e-01,6.482219943019733588e-01,2.275407522894361545e-01,1.349868870847176772e-01,4.291767083666739868e-01,4.063195632483962427e-01,4.900124608448924723e-01,8.074546943753992956e-01,5.811104406778798692e-01,6.887866843225126656e-01,3.390685218150567559e-01,2.847605427652484811e-01,3.919806429346726628e-01,3.536220695097560540e-01,4.436189736246336501e-01,6.161931936983408020e-01,5.690683602249365647e-01,9.111440423390313459e-01,7.841484910060755320e-01,5.620276602166811575e-01,5.350900980873939394e-01,4.203802605631636324e-01,7.605708312508689950e-01,2.959351740490074878e-01,4.085764288843927727e-01,5.782153829470322304e-01,5.136041674857730888e-01,3.681564699376848049e-01,5.427896112432235576e-01,3.467962742638029949e-01,3.875512303234663336e-01,2.684262074416033927e-01,2.712016650040177113e-01,3.793517526060979222e-02,5.346667107641187577e-01,7.821770635589735399e-01,6.011413597746004811e-01,2.728517713681977708e-01
6.032859325014392482e-01,6.963273030611509817e-01,8.026815450852109457e-01,5.336919285234836829e-01,7.211972798464366674e-01,7.352553003796387099e-01,4.061559900690994707e-01,0.000000000000000000e+00,7.841654477920538824e-01,6.282194011159375480e-01,3.164169716907781066e-02,2.075920009369967567e-01,8.662621182860178459e-01,5.177479154808184436e-01,4.239371649269237929e-01,6.214650240875114751e-01,2.104511968873433170e-01,2.650501878475525208e-01,8.649942662010762229e-01,7.936619143503186313e-01,7.562654147140295269e-01,7.557832519755761647e-01,3.501606745697279921e-01,8.813190224650183646e-01,7.536916970510703084e-01,2.717569124213711218e-01,4.440466853965382987e-01,6.157946083871120857e-01,5.870742579550554119e-01,3.971459371436827923e-01,2.286872171830682809e-01,4.786010696844597012e-01,5.589948562380288033e-01,1.498025425460098974e-02,5.845124504502939855e-01,4.092398608264650739e-01,2.292833116889349543e-01,5.210265388922650232e-01,6.642633451052677440e-01,1.901651010648189588e-01,3.294414199566632617e-01,6.523902737092542869e-01,7.194429425194808214e-01,5.267093521477593798e-01,5.480744314321442934e-01,6.015991768201276457e-01,6.288235713699622531e-01,5.053430582798124071e-01,7.913628252033984012e-01,6.831686292239376179e-01,2.549657884679300546e-01,4.489791167748403700e-01,5.101021168285686525e-01,7.383433311585456682e-01,9.414074314203650928e-01,2.970910856263987987e-01,4.113158133304060243e-02,6.485378134696750951e-02,3.294105018691766418e-01,2.876427578804778284e-01,4.585946508384217829e-02,5.170874378262532156e-01,7.741536703934123187e-01,7.733070834386662762e-01,3.019372436968881246e-01,5.248678743976156191e-01,6.838206586415832566e-01,5.584015190351002689e-01,5.030523147471261947e-01,7.391895884828013630e-01,9.513940764828037189e-01,7.741191393577782076e-01,7.694467479382067765e-01,2.049016057369428268e-01,9.071765960962510089e-01,5.945968383113668931e-01,4.198491490747455757e-01,7.776509783226339678e-01,2.430153296070601820e-01,2.114294820770574179e-01,6.120036719702857120e-01,2.127773275420453969e-01,7.656009877522651497e-01,4.433739114556922711e-01,4.742315739906702299e-01
7.303757393514498375e-01,5.689234902760534895e-01,4.844802604666939017e-01,9.484829121175011313e-01,7.746110031529269691e-01,7.892471833821346205e-01,-3.231890925825658956e-02,7.841654477920538824e-01,0.000000000000000000e+00,6.920799965426021050e-01,5.746832354450137625e-01,4.693464575492613533e-01,8.922515117864552314e-01,6.366379244190516484e-01,5.820036560444061813e-01,2.659649087515277288e-01,5.146225027971211841e-01,7.744879110106859255e-01,2.704854221651646351e-01,6.527689580699078675e-01,9.037775947475716887e-01,7.375393228653737143e-01,5.664819639369347293e-01,4.077579992763820660e-01,6.227225923168973054e-01,3.619186386588288395e-01,7.231565100513898114e-01,8.367738776881257223e-01,4.566473340495134647e-01,1.801813953053565676e-01,3.180011040774447517e-01,2.523531714970339013e-01,3.712996869163700531e-01,6.689943076448664483e-01,8.966454135769769129e-01,7.226364274166753310e-01,7.244185058979856207e-01,6.881621479186462720e-01,6.407285784971413767e-01,9.929992749435824217e-01,2.865132003234603375e-01,7.975165091279925456e-01,9.437405215902388012e-01,8.517215784289582370e-01,9.020405757126330748e-01,9.722367617842049281e-01,8.405942021029149114e-01,7.179515182807968410e-01,5.533680056059712138e-01,7.095603700838799544e-01,-1.946724511844383776e-01,5.445020937389140059e-01,4.564241785019264586e-01,6.947656630622023322e-01,8.193599233532584680e-01,4.259256128535325869e-01,4.281350231352037405e-01,6.965050395298880703e-01,8.344443453517081527e-03,2.474836806821023583e-01,8.502762373267719331e-02,2.030310115930842874e-01,7.056488117129749993e-01,7.590336860846087497e-01,6.873233952957095161e-01,4.744890627081530532e-01,1.021189368583884927e-01,4.156683031843401710e-01,6.610386339652707388e-01,6.680955305812180667e-01,8.883293184038530965e-01,7.619210231703889002e-01,2.351085301062770527e-01,3.411596626498306639e-01,3.737999124768882631e-01,6.189050646083394946e-01,2.869951532710662279e-01,3.183165964498881895e-01,-8.008550978507668339e-02,3.037298281715303805e-01,4.302114385054857104e-01,4.811007644406765094e-01,9.373505388752214618e-01,4.542516112285591157e-02,4.045068899157310272e-01
4.731038321532040625e-01,5.765240376181041126e-01,8.082966398967926791e-01,4.227387793822030004e-01,2.524974588634240624e-01,2.334698018214659831e-01,2.024576676935274100e-01,6.282194011159375480e-01,6.920799965426021050e-01,0.000000000000000000e+00,4.743136623263426443e-01,6.072552893067955093e-01,9.249663074646978789e-01,7.484910656493249936e-01,3.974095497406990862e-01,4.844137161495259414e-01,5.571166044230382308e-01,4.310697968337357522e-01,7.061112555352975217e-01,3.311297533139441196e-01,6.061566270216893759e-01,6.766304719532267864e-01,5.024436996180430270e-01,6.136225231682321812e-01,6.756407016344755379e-01,6.234314688098323565e-01,7.588978808522035546e-01,7.752460533162116585e-01,5.076749217590418306e-01,3.758017786592896536e-01,8.598307986939164593e-02,8.534720044773510539e-01,5.639286262694600538e-01,8.341050683276347577e-01,7.265970306812445934e-01,3.102450879909289805e-01,5.059626647096142626e-01,2.442193439603488891e-01,8.658769171916542717e-01,5.515748436479405159e-01,3.018860467240492840e-01,5.245013633763719874e-01,4.001494016699960188e-01,6.100424008379097263e-01,5.705312161150791761e-01,6.405661199082484103e-01,5.204345952368512052e-01,4.247843916340350301e-01,4.742967826792670039e-01,2.079881645908805698e-01,3.294522061872157126e-01,8.444473183555235574e-01,4.849374014047427295e-01,5.544798183910348843e-01,6.096295210700386664e-03,3.348239536585674858e-01,7.285622996129033080e-01,6.569211007348132458e-01,6.304305046007470104e-01,5.085876327516037909e-01,2.245658773959080812e-01,3.199212950410964540e-01,4.518412244870976813e-01,9.277353761742894722e-01,4.149477543102412236e-01,9.776719827696987997e-01,2.042231816088531660e-01,1.515047703881196306e-01,4.197976100078780748e-01,1.668348611006075233e-01,8.997520598333468289e-01,3.427532966429931438e-01,1.142438597344369450e-01,6.760768393570018020e-01,6.163472085591896743e-01,6.250055591249140674e-01,7.069104386489203362e-01,5.361054163864937827e-01,4.478212713273247991e-01,2.280476674911852131e-01,7.244337980749133710e-01,8.593724061409847570e-01,7.148105183028002907e-01,7.215866766225496887e-02,5.015921190993986034e-01
6.007294797857027913e-01,5.272339840107221898e-01,6.523084229505079490e-01,4.178483085350233051e-01,6.387433071629718961e-01,7.808521074489146452e-01,-1.833572753328056859e-01,3.164169716907781066e-02,5.746832354450137625e-01,4.743136623263426443e-01,0.000000000000000000e+00,6.576770410329668692e-01,4.965448414342387151e-01,9.148416566397001848e-01,3.122993990203780101e-01,2.386587955136387218e-01,9.047525976040068363e-01,5.855265579468120762e-01,9.831798545097539255e-02,7.501046352615790003e-01,6.111611927279683165e-01,4.178715639370862434e-01,6.459702450215826230e-01,6.262141871479288691e-01,7.411425726605106457e-01,7.406277602765217738e-01,7.202542615681563065e-01,7.841456201201376652e-01,4.685180090965575528e-01,3.749506848115768953e-01,4.655797106382717487e-01,5.965878345274856498e-01,9.172436936098093962e-01,4.607790003431145864e-01,3.902486365789356038e-01,4.811023781436132296e-01,2.658882742426021961e-01,6.450591747005619547e-01,5.632624705826586586e-01,5.734588686245822853e-01,3.645866884979915845e-01,6.286166455509898388e-01,6.729616761252331658e-01,4.735246623969295854e-01,4.336555512087930109e-01,4.683124875767282758e-01,6.253525488616353822e-01,2.048721121672408552e-01,7.508466832286382342e-01,6.715090239325255395e-01,6.858333874859993129e-01,-1.903654987848292235e-01,5.074194027022104203e-01,5.197286408693402304e-01,8.458911621762530419e-01,6.374651531573801710e-01,2.719791987382983445e-01,4.501257104391908070e-01,6.330693543254982680e-01,6.460953135533731295e-02,-3.412601071427501243e-02,4.542193995096472925e-01,6.022047945495854204e-01,6.526415786400978636e-01,8.137133437998337326e-01,6.919690456060868522e-01,4.503386692436512351e-01,2.507615426250977553e-01,9.761920674611843651e-01,7.304355659990647842e-01,6.444952177165349516e-01,7.522585343027646809e-01,7.589684296056680157e-01,4.737164830346728417e-01,5.653033645182294897e-01,7.180994861019504016e-01,4.318886398391743597e-01,7.579174936287005337e-01,7.438095215620079692e-01,4.993466245607185994e-01,3.603232124903187339e-01,4.094630893755681900e-01,6.844361707537625072e-01,4.840587050061578300e-01,5.930561950184982667e-01
5.395322377285507454e-01,4.731625576699347024e-01,6.748276907017444204e-01,6.482582020138921708e-01,3.291855965647612625e-01,9.802907329107604095e-01,8.323448190278758263e-01,2.075920009369967567e-01,4.693464575492613533e-01,6.072552893067955093e-01,6.576770410329668692e-01,0.000000000000000000e+00,9.147881276754252777e-01,4.581721079402339414e-01,6.539848169026993840e-01,5.828878353584751038e-01,2.707591450357557106e-01,6.208984228547855810e-01,6.405503294066232645e-01,3.516943799682966110e-01,5.600655972593664433e-01,7.326598270099013988e-01,5.340291421070290090e-01,8.772101120636541793e-01,1.072390150128242070e-01,4.286935381372759535e-01,6.339316781656662014e-01,5.696147043031880575e-01,7.193096213572075515e-01,5.862789910802423954e-01,3.837300898103377378e-01,5.412364279159378455e-01,4.999292609274019750e-01,2.627540960740885057e-01,4.043228390019606988e-01,-9.849380671936303067e-02,1.676511210889497505e-01,6.049130885512132849e-01,2.826271829498175903e-01,7.806150690228252920e-01,7.482134639118979136e-01,4.784343381385129379e-01,8.750478811998188000e-01,9.852195001154534504e-01,6.144749490700378569e-01,5.603185909383415764e-01,4.303010957247082602e-01,2.041022953089360881e-01,2.175432044854642144e-01,2.955526781061937891e-01,6.745896744462587247e-01,2.284134593567338778e-01,9.575667883094344246e-01,6.548915264030266137e-01,6.378417247233837406e-01,4.859336743627863942e-01,6.757064040435841745e-01,3.408897353067863456e-01,9.302898029708353000e-01,6.982065329715797519e-01,7.182408369771552115e-02,5.491444443305885104e-01,7.530611473933896960e-01,6.283886197312170407e-02,4.774309013998606632e-01,3.122491016566392719e-01,4.984900909098639032e-01,6.033218159170755657e-01,3.650047812821020643e-01,3.133945209879168692e-01,6.989863982797988040e-01,7.875205519840338120e-01,5.455952396095498091e-01,5.231549829560596665e-01,4.058006707330907847e-01,2.919525532305518589e-01,9.190450949872088771e-01,-1.831874262944227505e-01,1.682149127011342837e-01,5.057219495971575496e-01,8.903109478241044705e-01,6.894916807359409150e-01,8.496159562846259394e-01,6.964553228659862150e-01,2.914502615927064832e-01
8.678010949420944531e-01,2.972928140407913866e-01,7.680855459230820914e-01,6.758779401390304642e-01,3.258124610870014592e-01,5.930285050405136316e-01,8.374303682801602644e-01,8.662621182860178459e-01,8.922515117864552314e-01,9.249663074646978789e-01,4.965448414342387151e-01,9.147881276754252777e-01,0.000000000000000000e+00,5.257323955958086437e-01,7.418541107114401401e-01,5.200718760536704455e-01,5.250649184709341721e-01,9.234371604077460383e-01,6.921811294510002988e-01,9.243916420915853083e-01,4.818265111265689904e-01,5.729941218152965199e-01,7.723393892686938322e-01,8.842713880449211139e-01,3.025950961194778244e-01,9.846136243242438191e-01,8.725664642941468596e-01,5.393070693834325358e-01,5.774455299970856492e-01,2.015042572413330291e-01,6.189516089101243512e-01,1.383156050936248382e-01,6.226820481230292970e-01,3.054210076491826742e-01,4.328576009914264500e-02,2.103670968701121802e-01,4.336464454011347835e-01,7.438504024012203564e-01,5.140233107863239059e-01,9.269645213651316329e-01,4.059196613003982490e-01,3.426158753926180078e-01,8.362078005856917740e-01,7.509902703147094405e-01,9.402548452989705208e-01,7.510729306056551646e-01,4.804395891321207035e-01,4.941273982123080555e-01,7.177882647814025630e-01,9.723149818410490308e-01,6.962345555924951412e-01,6.273868605539851817e-01,6.536756393645318797e-01,4.926000065283779317e-01,8.009751291798019590e-01,6.673999008075063299e-01,8.063423443621081654e-01,6.653117300082875829e-01,7.637105411446631908e-01,6.741483970230808254e-01,7.102542958423752051e-01,6.163193380369865748e-01,5.845887080767464550e-01,8.512849508441346913e-01,5.121469869431106714e-01,4.503932139631740550e-01,4.131469412347338888e-01,6.892441729079413770e-01,7.417540059025208299e-01,5.386144372725210072e-01,9.747854523475453226e-01,4.351496230044713531e-01,4.187372307932251125e-01,3.452897749319743248e-01,5.338824331604303808e-01,6.696260893122403246e-01,1.986359251896871458e-01,6.691281090678270482e-01,6.332013636894895381e-01,2.053175596276337334e-01,7.053135954984175449e-01,8.076549947598322676e-01,7.691408328588380527e-01,2.295217430966424443e-01,6.923108226807164201e-01
6.716731483681097625e-01,6.469963653401864523e-01,8.374967975744773696e-01,7.517925103817982846e-01,9.763658463303578339e-01,4.284549878832829561e-01,3.209784386143897938e-01,5.177479154808184436e-01,6.366379244190516484e-01,7.484910656493249936e-01,9.148416566397001848e-01,4.581721079402339414e-01,5.257323955958086437e-01,0.000000000000000000e+00,7.543613255294219222e-01,7.692855450407783957e-01,8.353178025090337577e-01,9.609388047574848324e-01,6.688138017077149833e-01,7.522052409185320254e-01,7.111390993826139928e-01,6.867441369477278457e-01,8.021714813750481232e-01,8.211076493211311167e-01,7.677752949218314971e-01,6.815950925107003844e-01,7.591808939110886723e-01,9.704282310922335286e-01,-1.349157794824397127e-01,5.639909742282913641e-01,1.534243356529776427e-02,6.221272352782505344e-01,8.472296279492134152e-01,7.094912131708631664e-01,4.860795929463268550e-01,2.939253706858947490e-01,5.496098086057917831e-01,6.083063932371299831e-01,8.171456036236269815e-01,3.534499822610068787e-01,4.473776650970120450e-01,5.391427635131560425e-01,7.526411678373755576e-01,6.697395506024279577e-01,9.562410851212260754e-01,9.883933310796089167e-01,4.288263558544264664e-01,6.367447362012589318e-01,7.240675113526371387e-01,7.432818043536253416e-01,6.212498857360483351e-01,7.962390451977479078e-01,7.726592204220973370e-01,6.359452502292928244e-01,6.736765786081106988e-01,9.401976101237439210e-01,5.193482409906804431e-01,9.111847823421823644e-01,7.336858802486158071e-01,5.150479850107965163e-01,3.501426390092334806e-01,5.161299390867828407e-01,6.341247883934512108e-01,9.409627650242601282e-01,8.138614584620282866e-01,8.274339510128039255e-01,6.245364817565881577e-01,8.889342590896770480e-01,5.403459768071361413e-01,8.203848654931444884e-01,7.634851626218215337e-01,3.779682025816013535e-01,7.583237241002651619e-01,3.274996463550462478e-01,5.216951649699604898e-01,6.350729076032932685e-01,7.880459096546066355e-01,8.483335706757516581e-01,7.143783387899345083e-01,6.025400922898391937e-02,8.973692521392200305e-01,7.597553511167993712e-01,9.937191662962315819e-01,4.999566007570976356e-01,9.736387763257576822e-01
6.022222600744016052e-01,5.173875032619856817e-01,7.316297360059489385e-01,5.842286764984468972e-01,7.794207432226731846e-01,7.113000228278337778e-01,5.623583629250133303e-02,4.239371649269237929e-01,5.820036560444061813e-01,3.974095497406990862e-01,3.122993990203780101e-01,6.539848169026993840e-01,7.418541107114401401e-01,7.543613255294219222e-01,0.000000000000000000e+00,7.699051757131997187e-01,9.984188616757906365e-01,4.000918022642902527e-01,7.627230822352821793e-01,4.718435958471140501e-01,2.908587427433797501e-01,5.033120845521752429e-01,7.931314551069070795e-01,4.835953559456930839e-01,4.777748595775652141e-01,7.860932765661103883e-01,7.834732425163343228e-01,5.597530318791393844e-01,4.470549257906737683e-02,5.223654418823380219e-01,3.806611914176097344e-01,4.982157603673203344e-02,4.681359153681422525e-01,4.856125774356279123e-01,2.313805161563516066e-01,1.430713321878576971e-01,2.588684925811786108e-01,7.074000852689799057e-01,9.160815730240083887e-01,3.485388910526291406e-01,6.262498493425857626e-01,1.253630501083612125e-01,9.043662551666840910e-02,6.619965157367634356e-01,9.263455063995169603e-01,9.771754613453855765e-01,7.216584466500637618e-02,4.505167150600388193e-01,-1.996864794072713001e-01,6.455047480921392855e-02,4.639011218030972272e-01,7.486185642115350536e-01,9.339304719362603313e-01,6.615351326887489725e-01,7.085495291705653509e-01,4.965739538958897636e-01,1.178235954991300183e-01,5.993202009859173174e-01,5.892688541247463885e-01,4.128805002461873874e-01,1.540734756687942297e-01,-1.279806155912197596e-01,3.996064190697712903e-01,6.207890902837178704e-01,5.542198505277634579e-01,3.759236845571290071e-03,6.797007186901757869e-01,6.896244288028952063e-01,3.702686983317162728e-01,3.985878692408731938e-01,9.087879199417365772e-01,3.453829994201437215e-01,3.972621809607390642e-02,5.854200141206337138e-01,1.104984370695454368e-02,6.596220649583778295e-01,8.914711541624438240e-01,6.920589798747301957e-01,2.063649386742464620e-01,1.072230282794244330e-02,4.215610014586119170e-01,5.310235560715013126e-01,6.608669681132613993e-01,5.559477049959873352e-01,4.623455459995418071e-01
7.988625390974771756e-01,5.037310794811429293e-01,4.737986088044777166e-01,5.757381859324826046e-01,9.884898582969778857e-01,6.964232142925281810e-01,5.168132474281830202e-01,6.214650240875114751e-01,2.659649087515277288e-01,4.844137161495259414e-01,2.386587955136387218e-01,5.828878353584751038e-01,5.200718760536704455e-01,7.692855450407783957e-01,7.699051757131997187e-01,0.000000000000000000e+00,8.122476485688997494e-01,5.090465273929504209e-01,2.911219916559565912e-01,5.819980056001684554e-01,7.570953188183172644e-01,5.431739748283193059e-01,5.214562353876682765e-01,7.404306170453923697e-01,5.440931806638106272e-01,3.378334541482008735e-01,6.310380518779321601e-01,7.828030393528128128e-01,5.568255974964919641e-01,6.011108826579328879e-01,8.849860237004653074e-02,5.820540850426434432e-01,6.884194481895847817e-01,6.012102460307021667e-01,5.600935299106282184e-01,1.131921491349845502e-02,4.110924034004428962e-01,7.940418502919794896e-01,8.312399500412180897e-01,6.241417449529330641e-01,6.305000940080052185e-01,8.845608818014462083e-01,5.261356320232093431e-01,6.900977813258492022e-01,7.424168705752069997e-01,7.695242496600558368e-01,9.969559490422896797e-01,6.723921177399622140e-01,8.761926298874056496e-01,2.078339984806441554e-01,4.095896088969857574e-01,5.375476068738339608e-01,7.899963177549759186e-01,2.752404241138234897e-01,6.628578363843552479e-01,6.859947082094040027e-01,4.170164247570202765e-01,5.033367669283033141e-01,2.669735199502955569e-01,3.607588870415093241e-01,6.641543631231675016e-02,5.096602773081974069e-01,7.759217456273367342e-01,6.581301623870000617e-01,1.453550709157127308e-01,4.189324117616921028e-01,5.678495585344618402e-01,4.001636331222137022e-01,5.577136701729135115e-01,8.981794860770493383e-01,7.433406509442602728e-01,5.032104285988483472e-01,7.925321646113593355e-01,4.451135157819026689e-01,7.638315814874272469e-01,9.897256505825114958e-01,7.735464400210959601e-01,5.477221248882429006e-01,5.547489088606829544e-01,2.550103921894750769e-01,7.025019055674920354e-01,4.243851487778674825e-01,6.925706770959398906e-01,3.493190425336146765e-01,3.679369471756807064e-01
2.251824368888871164e-01,8.591744987926586141e-01,6.560999059860015414e-01,7.447785694474148288e-01,6.618280082824175015e-01,4.008955003198482747e-01,5.615696844928613762e-01,2.104511968873433170e-01,5.146225027971211841e-01,5.571166044230382308e-01,9.047525976040068363e-01,2.707591450357557106e-01,5.250649184709341721e-01,8.353178025090337577e-01,9.984188616757906365e-01,8.122476485688997494e-01,0.000000000000000000e+00,8.866786161897138863e-01,6.643934311709899232e-01,8.924935522472668969e-01,7.137654724842164011e-01,8.851441669172656068e-01,5.203828902265430489e-01,7.208914236715998625e-01,3.525723056844421999e-01,9.486344471639002185e-01,8.289177698834303554e-01,4.645077694330448370e-01,2.485083152826340902e-01,5.135555106441849205e-01,2.126186111464551665e-01,5.582399878266676163e-01,6.317411507542030069e-01,4.569927599335738555e-01,8.466653340075867007e-01,1.642747898831028452e-01,5.807595488928021243e-01,6.295831446605579806e-01,6.408699277360261348e-01,8.617877558057156495e-01,5.351115533248498868e-02,8.086279450970836891e-01,4.680618714597216679e-01,5.022654268190479554e-01,7.507021537816710444e-01,5.894776514691107971e-01,5.015138043086790898e-01,9.916971187038586821e-01,9.562521341745201520e-01,7.952369128127159126e-01,7.744646927429482686e-01,2.335336763950603689e-01,8.838588903648607609e-01,7.318696011570262616e-01,2.016102319265078544e-04,9.480964730034930898e-01,6.066719601223142799e-01,7.510217899964420907e-01,5.995490191057237933e-02,3.237665939785418501e-01,3.312199771548488547e-01,7.476123111001674593e-01,8.941234420900890933e-01,4.820729264774459288e-01,4.204772678778261330e-01,9.905658830767448686e-01,8.247879913100965021e-01,6.780451915384669848e-01,3.395461797464842668e-01,9.199824587215774674e-01,9.812493483731556942e-01,8.337591635415196878e-01,5.090855334469631677e-01,7.626618190924722152e-01,9.809244323141761424e-01,6.726608099846921318e-01,8.121469369644434000e-01,7.651950842699540845e-01,6.542235088816917843e-01,1.889267123749233390e-01,8.192224162212423666e-01,5.208988797658069547e-01,8.517504597887136653e-01,1.405279207578271662e-02,7.132512790235135958e-01
6.842730552831900459e-01,5.841245058671474810e-01,9.741957891953278992e-01,8.146185158435625961e-02,6.019321880161225824e-01,9.919570307930585251e-01,1.544297058946978718e-01,2.650501878475525208e-01,7.744879110106859255e-01,4.310697968337357522e-01,5.855265579468120762e-01,6.208984228547855810e-01,9.234371604077460383e-01,9.609388047574848324e-01,4.000918022642902527e-01,5.090465273929504209e-01,8.866786161897138863e-01,0.000000000000000000e+00,7.381107862018263521e-01,3.679632438496214242e-01,6.283210565773789114e-01,9.522926716121618007e-01,6.252401351241964056e-01,4.903286324479350089e-01,4.641010132438186386e-01,2.446934090256740538e-02,7.919256469249857933e-01,3.020960249455471591e-01,1.123390354540265285e-01,4.110568005978074702e-01,3.173222401757967992e-01,5.999322830717528365e-01,9.675007841680399734e-01,4.289112801877958958e-01,9.295893080567672051e-01,4.284778212203352865e-01,3.803126057687002959e-01,3.428706670395575973e-01,7.265500466732672802e-01,1.853833558105087431e-01,4.039925074830585383e-01,7.238050035675938076e-01,8.843792104898614559e-01,6.439257700464191547e-01,8.005712019868010954e-01,5.263986168968817214e-01,4.494822367026305443e-01,8.369972514194556554e-03,2.980433760999589010e-01,3.781793031317410847e-01,5.286994058633265325e-01,4.633755405461539301e-01,5.786887500692201591e-01,7.028992140045993153e-01,2.862372384720816565e-01,8.539329256114489564e-01,1.044276984273681957e-01,5.666794465394121572e-01,2.834668052724055309e-01,5.792357182658491865e-01,4.988682991591072979e-01,7.246044693028855788e-01,7.954087611580399342e-01,6.782624702956783214e-01,4.160857829277924691e-01,6.858861008181431629e-01,1.567545912453998380e-01,6.095888033051991561e-01,4.548811424395384773e-01,7.737289024391376113e-01,2.025975232564246609e-01,8.483355034171039533e-01,3.398559227125613758e-01,3.668063730561259561e-01,5.119495409863783486e-01,8.173596019707238813e-01,9.519618222895214199e-01,7.029005748698293754e-01,3.981142540550866027e-01,5.254717875738486033e-01,4.181535584362313651e-01,8.735937984728281425e-02,3.824152044424092289e-02,2.612525429969357882e-01,9.053136248844488865e-01
