0.000000000000000000e+00,3.610750924557926678e-01,9.102847211537434813e-01,8.735863937404162449e-01,5.302631298083395617e-01,8.495551531376762666e-01,2.737119482070958232e-01,4.767507774903793072e-01,7.309029203707122502e-01,9.134000709452763100e-01,6.383487791400734856e-01,8.103692489434792812e-01,5.003337399701511812e-01,8.069677987580963219e-01,7.230302452172751027e-01,6.217275234104505666e-01,6.988400290843904683e-01,8.843181850452274118e-01,7.940812062377029523e-01,9.668723636004536992e-01,6.023148045016926133e-01,7.045372978449877532e-01,7.814580962355004434e-01,7.847933362621344333e-01,6.181362508179856219e-01,9.026600160312459042e-01,9.461701236792966485e-01,6.465848535045610745e-01,4.230011773960736243e-01,2.489228826878787659e-01,3.934761840786474840e-01,8.393875007896305362e-01,7.907520145872821704e-01,9.420410673069815610e-01,4.709201472782521547e-01,7.495601028755261019e-01,3.170126303449621874e-01,3.217573097856094577e-01,8.136321550755296617e-01,7.703924042589410659e-01,3.691772936390793625e-01,6.246162348205425152e-01,4.363694397581093787e-01,7.282805990194832768e-01,4.963821758905878623e-01,6.535588955041630177e-01,9.008075197385533306e-01,4.110443028651983854e-01,4.694415141027761806e-01,8.796070729998755056e-01,9.649603544177262071e-01,6.216505067204936008e-01,4.337221601783690650e-01,7.389739770432991461e-01,8.092366773456886042e-01,7.921742895709590337e-01,6.859275200424830299e-01,7.010037846507498616e-01,6.729588324390837206e-01,6.779313196991196833e-01,5.924947611794328939e-01,4.721932877502980630e-01,9.129002179294343211e-01,5.086906723397420782e-01,6.656294380203890970e-01,6.475964815562538224e-01,6.364261912050993564e-01,2.822739218977439735e-01,6.591609557212141368e-01,5.122808789387647277e-01,7.784776495212480940e-01,5.096427351929138094e-01,3.881124195877286853e-01,5.164844274425008930e-01,4.549952921529984984e-01,7.019210048434798566e-01,9.888889142606841487e-01,4.774155243504982216e-01,5.719555866635257502e-01,5.921242650391527196e-01,7.228726941911113313e-01,9.150648951252962071e-01,7.593643332364629073e-01,9.142562704038539323e-01,9.977134067039337140e-01
3.610750924557926678e-01,0.000000000000000000e+00,6.173478197672319645e-01,8.303002166331179268e-01,7.874241703489737176e-01,6.916238916114216817e-01,4.999149537105135876e-01,-1.176189660726523201e-02,7.924466948292208102e-01,1.483766724627680333e-01,8.264478546554986371e-01,6.764695215026771402e-01,6.706520839065942541e-01,6.030842183498941189e-01,4.829363700230178136e-01,9.941456874475363970e-01,8.137575767189335618e-01,4.400248036636342785e-01,4.301518158433482175e-01,6.886507242877285551e-01,8.351561869811512384e-01,-7.714227053214488261e-02,7.358767762901224918e-01,9.728587557309370526e-01,7.482700239214216120e-01,7.060467373547502090e-01,9.557256553184806380e-01,9.887442600196720832e-01,5.787387375333596928e-01,2.848182983816646696e-01,5.422266898321564943e-01,1.867697004136196492e-01,7.619102192118192285e-01,4.043853117174531775e-01,8.589295081625839545e-01,4.777612977435131136e-01,1.001023384607080402e-02,2.131306220090542769e-01,8.397976418677104427e-01,9.347484821198942528e-02,8.079711250531723676e-02,4.967796769589199468e-01,6.972959860595148163e-01,9.993452350184621746e-01,2.906903456570549271e-01,2.339379798923878206e-01,6.083597498424131444e-01,6.439738519660704874e-01,2.374156404858665248e-01,3.463070331832116544e-01,6.298663241671335067e-01,1.074894252014540891e-01,7.694832441565454539e-01,7.964699134369228606e-01,6.671282823081213786e-01,8.114897546511627979e-01,5.965902561541698290e-01,6.897050811510035961e-01,6.027190404416541414e-01,6.124064454223020482e-01,4.957417273175658279e-01,6.779126116879231612e-01,1.670022177849074252e-01,7.442397835674995354e-01,2.090264609108636873e-01,4.658288162371386765e-01,5.184672611692261457e-01,5.989527093869986274e-01,5.614405017485348814e-01,2.053637826709744096e-01,3.512515552901522287e-01,5.123926785704789877e-01,4.336244718101201490e-01,3.615999533871843141e-01,4.498346357506339266e-01,5.869721474160043417e-01,2.946850076907865379e-01,9.253307824443254281e-01,2.309173191973130090e-01,7.327002472107849163e-02,3.977603634178806802e-01,2.813130435841921240e-01,8.538008358826061350e-01,3.204642472662617703e-01,1.871392150901071971e-01
9.102847211537434813e-01,6.173478197672319645e-01,0.000000000000000000e+00,7.968175941933559603e-01,5.418002085062258999e-01,8.961707679591159881e-01,7.197181198171316296e-01,7.643643291871723422e-01,4.902476594225028128e-01,6.666003997863984010e-01,7.603095788221102547e-01,4.734117013686319764e-01,7.832041764680313101e-01,6.822160918674439190e-01,8.447939491681568658e-01,9.408340324642927577e-01,7.371856986386922106e-01,5.382979909134804064e-01,6.495815659196600977e-01,8.463526055976879903e-01,6.663666557963956460e-01,7.386082347667581871e-01,9.989278367912173273e-01,9.575932459183091883e-01,6.440606148222635108e-01,7.835698544199830584e-01,9.465873416127617013e-01,6.366607656597390585e-01,3.617518562278996264e-01,4.450913127481466169e-01,6.989696317598766973e-01,6.585592654988134953e-01,7.069624857787754069e-01,8.161459257674857914e-01,9.735216664597257097e-01,2.472529855016246669e-01,3.742658046094270441e-01,3.166167155758196072e-01,8.135306006010126767e-01,9.174168390977819332e-01,1.882201272795006319e-01,6.777730964334056640e-01,7.283249026851288388e-01,7.268348425941733026e-01,6.598352669404163873e-01,7.334424254685366629e-01,8.988072819034952365e-01,6.078445826221520187e-01,6.837957175782323205e-01,8.895412414655395894e-01,7.676612430014080335e-01,8.498470006906317931e-01,9.771651981747370153e-01,7.207812264080307729e-01,3.354160048414489004e-01,8.178564677338084898e-01,7.004189811963221768e-01,8.469426389377723297e-01,7.606826583498914607e-01,-4.903647019835305487e-02,4.947088947891816746e-01,4.323046133561241344e-01,3.416045659425088754e-01,7.969649253735830996e-01,9.390045737786960611e-01,3.311316911101725990e-01,9.464339274818441838e-01,6.728103492922039575e-01,7.641026565234481094e-01,6.851643047595469271e-01,8.185041837661584108e-01,7.869241770786338241e-01,7.250824697581118583e-01,2.896236260372583859e-01,5.173559402230850646e-01,8.863756613245650229e-01,6.231243578011004258e-01,6.774864426400266648e-01,9.579086979405944113e-01,-7.427067642410059567e-02,7.360362556781132604e-01,6.590890545628482755e-01,3.373577707402375392e-01,8.847090516752235123e-01,6.736261264965015538e-01
8.735863937404162449e-01,8.303002166331179268e-01,7.968175941933559603e-01,0.000000000000000000e+00,6.747235687362062029e-01,6.801635027124447452e-01,7.603931724389174640e-01,-1.851718190663850239e-01,6.449876039164086361e-01,6.564197463125485132e-01,6.067777106005569632e-01,9.362199777983172266e-01,6.368168064093959746e-01,6.787740834373571230e-01,3.164093138603552013e-03,8.091990690376158479e-01,5.174784809023522669e-01,6.317609726051490737e-01,6.542711013089363981e-01,7.925337057101276006e-01,8.791633556788631676e-01,9.190042512877973913e-01,8.172820369018605202e-01,8.758003263823957996e-01,7.001831445919896035e-01,9.282532290266154451e-01,7.367893734651568272e-01,7.316071565346081718e-01,5.255516759403985327e-01,2.931799284286100704e-01,6.363631369857349895e-01,6.642086146926428070e-01,4.023561216724575451e-01,7.607731721791464174e-01,6.036401632899097702e-01,4.245964262401962230e-01,5.874957782135661333e-01,5.271819842839964299e-01,7.389742634761573559e-01,5.051028923206059007e-01,3.726580921014637227e-01,2.964732117665559441e-01,9.933939212318556589e-01,2.468611589232330705e-01,4.282139025813174182e-01,4.124355043846191782e-01,6.846330033786157676e-01,8.991290879983183659e-01,3.525849487780262637e-01,6.372007800927895760e-01,7.166305512930588595e-01,5.754562087303125573e-01,5.326469016776875787e-01,4.608298320299617501e-01,7.866225537522434363e-01,8.384169476814478106e-01,4.202373433533310720e-01,8.664818258341665524e-01,5.183156398478557803e-01,5.917556242450103809e-01,6.908834984597433948e-01,7.815615154081457794e-01,5.120444319679676726e-01,7.277660360500881609e-01,7.362211917290645280e-01,6.765555929878881436e-01,8.036606028907721244e-01,-1.062181502751659012e-01,7.571552927758863349e-01,6.940667101447454135e-01,8.193405307036720764e-01,6.326504638618821730e-01,3.274792545926713538e-01,7.490218500047743921e-01,1.681766283917473515e-01,9.310577360092531229e-01,5.962828420806393082e-01,6.211729784632992191e-01,3.756522329263917714e-01,2.205384639203833593e-04,5.915412110779743049e-01,7.406912429558710764e-01,7.536532593013268722e-01,2.363048137241365310e-01,4.458457534920898802e-01
5.302631298083395617e-01,7.874241703489737176e-01,5.418002085062258999e-01,6.747235687362062029e-01,0.000000000000000000e+00,6.420059349568032481e-01,7.791758776339989812e-01,5.403117123627778629e-01,6.998407168672771128e-01,5.234248772251497428e-01,6.367550970279436395e-01,5.205884592311805781e-01,2.286840795022344608e-01,9.314465644339613437e-01,5.487142964778486398e-01,6.979146431082424717e-01,8.476842180472593524e-01,6.792632516210342919e-01,6.062710766103924787e-01,7.183328158471915525e-01,6.088615856514850710e-01,9.234693427176013936e-01,7.307171121515987355e-01,8.515980547382828725e-01,6.416760813545132613e-01,8.381880075536294328e-01,3.572862989309412152e-01,8.772527884269338827e-01,2.733682338473168438e-01,2.526399740615361544e-01,7.857158013260319429e-02,4.462244888595678360e-01,7.437611750549991685e-01,6.265397506501951819e-01,2.481666378249239024e-01,3.233849807509742158e-01,5.909517985596397516e-01,2.318820540837168431e-01,5.919790092294991979e-01,6.138466108287286005e-01,4.392386025462917676e-01,6.259337218750677945e-01,6.185600966501001441e-01,1.598841137898201689e-02,7.734416683144216265e-01,8.640158678631710831e-01,2.439209063076894779e-01,7.276133310747296967e-01,6.376206666303899651e-01,1.461712579555096703e-01,4.017520895996229968e-01,4.139085636990323391e-01,8.743074884663687429e-01,3.360534048447125777e-01,8.556123288429455798e-01,2.993350377005565277e-01,4.520888361001897393e-01,6.317920730557831099e-01,5.742211759586430819e-01,4.895955443507005178e-01,4.177620168534942890e-01,3.418294976777488392e-01,7.464753965852342077e-01,5.116298063757575010e-01,8.907648611796612492e-01,2.253347718740370265e-01,8.509160968547453407e-01,6.811500811817264855e-01,5.959258751493817785e-01,2.907416585931868469e-01,7.824229126549967495e-01,7.735950994634969158e-01,-2.611732010739830079e-01,5.357440733444802650e-01,5.538511345685216414e-01,9.666677847061274642e-01,7.973676578200921128e-01,6.785511193081629200e-01,2.171401332372551729e-01,1.022101235527443919e-01,6.279365498596666262e-01,6.804491272581781880e-01,7.390380087882135740e-01,2.865835635443728657e-01,4.437280644851545053e-01
8.495551531376762666e-01,6.916238916114216817e-01,8.961707679591159881e-01,6.801635027124447452e-01,6.420059349568032481e-01,0.000000000000000000e+00,4.666412451190288802e-01,6.219262447352518625e-02,4.332644049619570614e-01,8.103333422781989759e-01,6.092317631833258362e-01,7.320543864533864964e-01,5.291879946736668394e-01,6.813659299769305733e-01,5.281709040606126226e-01,3.650356394098701607e-01,3.504423508906474583e-01,2.504757314148153835e-01,4.891612513842811261e-01,4.371209833932496736e-01,6.022235102788846550e-01,2.027248740135345617e-01,4.490113926825063662e-02,8.484594280364748942e-01,7.735823119209823684e-01,4.395891228058735889e-01,6.176159562624931043e-01,4.055641574245101300e-01,1.586713117811768547e-01,2.972022814572830574e-01,1.093077946553117769e-01,3.319027818706282718e-01,9.401101330272234602e-01,6.092030719259353688e-01,2.625675940973023481e-01,6.642002794826061818e-01,3.196862899307146288e-01,3.425554803326271713e-01,9.851672204759639451e-01,8.848744398017288626e-01,2.824472376513487148e-02,5.228553221887894953e-01,7.663099346548751800e-01,9.002198115413105883e-01,9.432486971336927484e-01,2.729754127582034173e-01,8.643910905903829933e-01,9.266696803738302401e-01,6.736221119227234766e-01,5.217779607197757796e-01,4.901411648755812922e-01,4.385945678871708830e-01,6.216114705968851517e-01,5.982909272299985481e-01,7.527934289641372567e-01,3.103287516083125253e-01,5.168138321757246301e-01,6.172036845165559393e-01,4.420824729510074436e-01,6.588409224878270798e-02,3.608296178906748031e-01,8.585068990745723383e-01,7.531483556470242036e-01,8.302173543043023241e-01,4.990497168918459625e-01,3.197529527960769613e-01,7.454832542872276147e-01,7.672471114744634502e-01,4.979576861360252016e-01,7.076200338693228176e-01,7.985718459371762279e-01,5.899778001577564712e-01,1.632551752129858258e-01,4.422825952773971614e-01,7.287762969375728428e-01,3.316454618674530286e-01,4.607746955672359368e-01,4.832776098026016487e-01,4.544130701891913038e-01,2.121386960192684357e-01,7.652025595539108105e-01,9.998023694361077851e-01,9.679303108530331601e-01,-1.733735211515541330e-01,6.409966687623405157e-01
2.737119482070958232e-01,4.999149537105135876e-01,7.197181198171316296e-01,7.603931724389174640e-01,7.791758776339989812e-01,4.666412451190288802e-01,0.000000000000000000e+00,2.881615967743490492e-01,5.271779431819109130e-01,3.740622825677175634e-01,8.803439205893529573e-01,6.621250260430306955e-01,6.450854534302562504e-01,5.690237794943395766e-01,4.563291324204534205e-01,2.894158807208657147e-01,8.575624114623707772e-01,4.236791383102723185e-01,3.177230185469480661e-01,8.292800031890843471e-01,6.325673807302474305e-01,7.107896646127163098e-01,-9.220379537683864868e-02,4.811570966141401895e-01,7.055752368328213064e-01,3.409012269588972410e-01,5.169280817275715423e-01,5.382399842321295980e-01,4.615214446292118522e-01,5.086466291970083153e-01,7.772621919756970144e-01,5.105209106496275684e-01,8.330523833378237208e-01,2.032285894635924295e-01,4.764853246990948255e-01,2.982936242579908304e-01,-1.915429697059933545e-01,4.556011986141451087e-01,5.801131109468127267e-01,7.925537033816232313e-01,4.367715957074705391e-01,7.324723377204566122e-01,9.976659284057840527e-01,2.390661574930789679e-01,3.148789790962204793e-01,4.450138140665476083e-01,3.701682739029104052e-01,5.871206271435179813e-01,-8.752506804016985109e-03,5.965271190798194789e-01,9.571884511817929653e-01,6.530678733633503708e-01,6.168985899021494079e-01,6.387779499455960019e-01,2.474668490396636500e-01,5.889247522159055670e-01,5.027345847514751442e-01,7.159854014568489688e-01,4.162296159707445931e-01,5.220877345057823860e-01,4.307828130091115870e-01,4.234349161486130608e-01,-3.085135860990513290e-01,7.203048166827544785e-01,6.552112465100733418e-01,-3.208284380987406204e-01,4.344989652525500512e-01,5.924496911003519495e-01,3.167239579768231783e-01,2.439411037789229464e-01,3.954391099193433901e-01,-2.166578044873070374e-01,2.685210279282626011e-01,3.791705966413894124e-01,5.851664908083713534e-01,5.008080025991035189e-01,5.170336289426231691e-01,4.315728146897093720e-01,4.474879371868750733e-01,1.311588919545777221e-01,4.995873982942524716e-01,8.285003631365793764e-01,8.544590374112365216e-01,3.776676086395288068e-01,5.599943597205747636e-01
4.767507774903793072e-01,-1.176189660726523201e-02,7.643643291871723422e-01,-1.851718190663850239e-01,5.403117123627778629e-01,6.219262447352518625e-02,2.881615967743490492e-01,0.000000000000000000e+00,6.298683191023091155e-01,5.487804694255009608e-01,6.532221916821290275e-01,5.450838911736669568e-01,4.459074667606003906e-01,9.423115135137117848e-01,2.375844467648289826e-01,5.218184485896723013e-01,8.684383220482936316e-01,7.564049117077501494e-01,6.039317957003332848e-01,8.139020089169377581e-01,9.267695155946016339e-01,5.807636024011719744e-01,3.296356448822984619e-01,7.010761519005661579e-01,3.447199411494362709e-01,2.685911394865156954e-01,4.464851475521201540e-01,8.970352441451860948e-01,1.512768464468675911e-01,5.046984869489389292e-01,2.669504290135644164e-01,6.283272892464338844e-01,6.400873114279075349e-01,7.334359764830273853e-01,7.129546263734778400e-01,5.621037847646372931e-01,4.453959986345565336e-01,8.070540475333448649e-01,8.079838456503940503e-01,4.706789422656624255e-01,2.597424335925081484e-01,2.258171114843141036e-01,2.462528813987924781e-01,4.278043772230448738e-01,7.305824123815798377e-01,4.760045716018608264e-01,7.824511626508984241e-01,2.309096530485028054e-01,3.505578779534456180e-01,2.229303472080334525e-01,2.300434794689149853e-01,6.657821208417442627e-01,6.875743466292951744e-01,5.561264482871450809e-01,4.096445698601989815e-01,7.278114357922860211e-01,6.899973966193171382e-01,5.616907038607680258e-01,3.675617087880227452e-01,1.931450015411106946e-01,5.012527392829452255e-01,5.373292660546000743e-01,6.393904859175744138e-01,7.979451965872055297e-01,8.031333909724874820e-01,2.638933027872087944e-01,5.476922285147607372e-01,9.591156574847845562e-01,2.139461584633183255e-01,2.238155130403275683e-01,4.135189451438899266e-01,7.221285310297991256e-01,4.762458891429260377e-01,6.793729545381009538e-02,3.053838053344799519e-01,7.449580204320289667e-01,6.986217941685426425e-01,3.238553887324644998e-01,4.561924615396302507e-02,1.239624278667662144e-01,7.456193861014646096e-01,6.061307491273117964e-01,4.567354733547232537e-01,1.025044607462866075e-01,7.769955417963942956e-01
7.309029203707122502e-01,7.924466948292208102e-01,4.902476594225028128e-01,6.449876039164086361e-01,6.998407168672771128e-01,4.332644049619570614e-01,5.271779431819109130e-01,6.298683191023091155e-01,0.000000000000000000e+00,6.199450443701604030e-01,5.876374632144631960e-01,6.892875070127780779e-01,9.408623181367973265e-01,5.721754514217674004e-01,2.566522889613636060e-01,6.909569291484602971e-01,7.301106247367030733e-01,4.896543726812843111e-01,5.213433274508860737e-01,6.029132711060048999e-01,7.655522975365876004e-01,7.806200773661644554e-01,5.126622563597388327e-01,6.353987485924448286e-01,4.322904446748535578e-01,6.080965985732132983e-01,7.203055323908739149e-01,4.626584948914488904e-01,4.300807103197933912e-01,3.904618734263151092e-01,-1.033447196108450289e-01,2.844364321840898713e-01,5.267293452235628504e-01,7.982814460937910361e-01,6.381191819241274210e-01,7.853165545068423459e-01,-8.377810099816973555e-03,6.614945678521356731e-01,8.992859984216020619e-01,9.675060167981823778e-01,4.414059468346034909e-01,7.919863957334681848e-01,4.748186157397950025e-01,6.559945682341039586e-01,8.223588865842289541e-01,3.686780989273725218e-01,2.262001275133316280e-01,9.670856157654481589e-01,7.791215567469127468e-01,2.947281720946373085e-01,5.179560167103361978e-01,2.876171688618551769e-01,5.350515588417974477e-01,7.672439773422280451e-01,6.955290307180898024e-01,7.223186305232919269e-01,4.802017580303453714e-01,9.296125477120866787e-01,7.916863960896004526e-01,4.454120811994973228e-01,3.416834870489151021e-01,5.096425482625399628e-01,6.200145372644664254e-01,7.080738035947610198e-01,7.799402668052720644e-01,4.654619836345301187e-01,5.946385809657688259e-01,6.229035430552521957e-01,2.178929643628955970e-01,7.286886503441963869e-01,2.372224072987419441e-01,1.951924812264471676e-02,6.706617578821283399e-01,3.863731770268308274e-01,5.269093675511644648e-01,7.130514999602685089e-01,7.534548143835386735e-01,3.563382232585654563e-01,1.277514268811102416e-01,7.459257024353286303e-01,6.986646764527594256e-01,9.636990808743610692e-01,8.731629208117823726e-01,7.838685789514923119e-01,4.305091455815323598e-01
9.134000709452763100e-01,1.483766724627680333e-01,6.666003997863984010e-01,6.564197463125485132e-01,5.234248772251497428e-01,8.103333422781989759e-01,3.740622825677175634e-01,5.487804694255009608e-01,6.199450443701604030e-01,0.000000000000000000e+00,4.642750173242954359e-01,4.707873524420291833e-01,7.485534251942604911e-01,9.071481431293079156e-01,7.410867231083746454e-01,4.840679941945430498e-01,6.937578662260514006e-01,3.956290010447878203e-01,-3.567608901285885814e-01,7.774913966166592250e-01,7.512236018460256570e-01,4.725685868118447708e-01,7.800027465869517895e-01,9.235903098419505630e-01,4.172893057586098964e-01,4.538225724848243825e-01,7.785859528084475567e-01,6.015030448691386367e-01,4.340565497485986413e-01,1.351970680089530086e-01,2.350966195333037967e-01,5.461476481124547533e-01,6.380149312604848078e-01,2.556625069816609863e-01,6.280389956747598479e-01,3.339765016004985210e-01,5.711750663810487572e-01,5.735530714269525543e-01,8.216518269725565649e-01,1.921128843189394975e-01,8.456947916728964065e-01,7.048036957445035222e-01,9.974736112678034283e-01,4.628424160269514753e-01,9.736060803812336406e-01,5.004235565108420269e-01,8.701334588797952074e-01,-1.110854700047039650e-01,3.842592986596666815e-01,5.144357097034637505e-01,5.062805227445544842e-01,2.205976903184540816e-01,5.276668305966731864e-01,4.702365111160554112e-01,8.773197283043996375e-01,3.343915055390213609e-01,8.749927897037816926e-01,4.595283372759962903e-01,7.464439780293825599e-01,3.267663142751216221e-02,7.566938985046781641e-01,5.549606863541721724e-01,2.008751677375488209e-01,9.261984906763931491e-01,7.747653076090263990e-01,2.839219809544670237e-01,5.114408082100524444e-01,9.117811245645527363e-01,8.204380730613782813e-01,7.639570944995237589e-01,5.722681745832333133e-01,6.562555721759564253e-01,5.059398427145005428e-01,7.816420236828822699e-01,4.903416914453639919e-02,6.654103961955115665e-01,5.516186119705748236e-01,6.908140427367651659e-01,2.868015735583013259e-01,5.971077679629840373e-01,7.291941759641547005e-01,9.011832467102205424e-01,5.538010652032517855e-01,4.201507643611159803e-01,3.289903484540284140e-01
6.383487791400734856e-01,8.264478546554986371e-01,7.603095788221102547e-01,6.067777106005569632e-01,6.367550970279436395e-01,6.092317631833258362e-01,8.803439205893529573e-01,6.532221916821290275e-01,5.876374632144631960e-01,4.642750173242954359e-01,0.000000000000000000e+00,1.448189509269784681e-01,4.262915677312111296e-01,7.043203893303560115e-01,4.846968208797642896e-01,7.055383456498443007e-01,6.512654137681109789e-01,1.065355119463247228e-02,4.212243895539877769e-01,9.528758971678752410e-01,6.636436887254514305e-01,7.454917732420424104e-01,2.226466999517610623e-01,6.133385168377520902e-01,1.253199000440019251e-01,4.807439247402505722e-01,5.897591158766224417e-01,6.268797119111595428e-01,4.890746276629863165e-01,2.478153018282833742e-01,5.250310082754633401e-01,2.349422547495114977e-01,7.756628229649010775e-01,8.354654090516853149e-01,3.588083569701439046e-01,4.266951486388710912e-01,3.251636334099621828e-01,6.438809506190548149e-01,6.778076631312708322e-01,6.746562709840161487e-01,4.346936830374675820e-01,6.605476469613564827e-01,3.638385913098047819e-01,9.725062313534131864e-01,7.325235978596149611e-01,9.541650749291947786e-01,5.137501615958629531e-01,9.759615695650020184e-01,7.545616919341757711e-01,7.348495646764399702e-02,7.644974783552529463e-01,9.123953088709599868e-01,9.121513875762380374e-01,2.170882422005178669e-01,8.375876578447316589e-01,6.104705995159246390e-01,7.224119444281618119e-01,6.509210421382303213e-01,7.731169106831251581e-01,4.614376747137543533e-01,1.943458466428172604e-01,6.680153700099441538e-01,6.460251225938340447e-01,7.312955975015762444e-01,8.273067869666935747e-01,2.479008361275634176e-01,8.053802973221853012e-01,8.937466541499992090e-01,3.243203346455336700e-01,7.965348310339909199e-01,9.659491953074976767e-01,4.741968637466552616e-01,6.521135000693060180e-01,1.435507928793139099e-01,6.742752138564787057e-01,9.526585517242127654e-01,8.460146981135354682e-01,8.061247254373449245e-01,4.155086910618219220e-01,6.723673325901664555e-01,5.586600006966109255e-01,4.111019753096908924e-01,8.523174516194668149e-01,3.355619184640824537e-01,4.766284534883857837e-01
8.103692489434792812e-01,6.764695215026771402e-01,4.734117013686319764e-01,9.362199777983172266e-01,5.205884592311805781e-01,7.320543864533864964e-01,6.621250260430306955e-01,5.450838911736669568e-01,6.892875070127780779e-01,4.707873524420291833e-01,1.448189509269784681e-01,0.000000000000000000e+00,8.974305200572424424e-01,5.770426555401545476e-01,4.014399663802065144e-01,8.625420960048573171e-01,3.306671377800070588e-01,7.336360834819304344e-01,5.229180604703065338e-01,4.209063100129502022e-01,8.281865584351054688e-01,5.883726689898123308e-01,9.412776257101941324e-01,8.480500550835927687e-01,4.629296551296191442e-01,4.238119806029521097e-01,6.624757705732974289e-01,7.999769301076475880e-01,2.023217870002582686e-01,4.087022334044841942e-01,5.101468713257887311e-01,7.613301213666616718e-01,6.850715263197488802e-01,9.008264195960594689e-01,6.791437423060437961e-01,6.441626749318301037e-01,2.585927988102593167e-01,6.364687327122474647e-01,6.757408624433141053e-01,9.568544237474971847e-01,8.542238688563432714e-01,8.312054772969666994e-01,8.547702938939665263e-01,3.123829224834815538e-02,6.557179657014489127e-01,9.263434500467906396e-01,4.938001161055107779e-01,7.085312283056844906e-01,5.403730136448380295e-01,8.766196830908332682e-01,1.927610540002692163e-01,5.377153206500188132e-01,5.302930182443716944e-01,7.546071700339236354e-01,6.442790325134170049e-01,7.286589320971299522e-01,7.107181254120477076e-01,7.103991012585358922e-01,8.372724975093930322e-01,4.238585863126343445e-01,7.724684706935626144e-01,3.959883259520809995e-01,2.228795243829101991e-01,8.903101374406007240e-01,6.102688596997549730e-01,5.442995034388965481e-01,4.976505829152688687e-01,4.475466394646076540e-01,4.964551969644104279e-02,6.834943864579225981e-01,3.534377331354250362e-01,7.258083730794047117e-01,3.714915258983985114e-01,3.398022914259411498e-01,4.131657815384512378e-01,9.400943942987138868e-01,3.091306413257495223e-01,3.229266182206312341e-01,3.567423354129295454e-01,2.932267191678900042e-01,8.366963743419977284e-01,7.504416664372325352e-01,9.866694298533875696e-01,1.691292175794705255e-01,7.975839058182806474e-01
5.003337399701511812e-01,6.706520839065942541e-01,7.832041764680313101e-01,6.368168064093959746e-01,2.286840795022344608e-01,5.291879946736668394e-01,6.450854534302562504e-01,4.459074667606003906e-01,9.408623181367973265e-01,7.485534251942604911e-01,4.262915677312111296e-01,8.974305200572424424e-01,0.000000000000000000e+00,6.382008938664267550e-01,7.240437154038795731e-01,7.800750824566813346e-01,5.694213059498991480e-01,5.658969594443897799e-01,7.987934872597548530e-01,6.342970830463248721e-02,7.056150126561301361e-01,9.788544549902948866e-01,2.778202062073190093e-01,8.408111421652892936e-01,6.935625435026554486e-01,4.562197730383431016e-01,6.339161588130898251e-01,4.414516518794736610e-01,4.292289581181730762e-01,3.716689852659902371e-01,2.780020683643986967e-02,7.086832947200626398e-01,7.736752152951116290e-01,8.724019655882373492e-01,4.143671002387518398e-01,3.736728042124057847e-01,5.090769979692343350e-01,9.924718370013547730e-01,6.271561793712148170e-01,6.811774964877825855e-01,5.673014917770745624e-01,7.371789696092897470e-01,9.318824569947369296e-01,7.798680638969631707e-01,6.527923435677920327e-01,9.529149973452014644e-01,8.191004461421890204e-01,3.913480976562949687e-01,6.908174691793593780e-01,6.379994808590735422e-01,8.362753347811271443e-01,5.713631790030366808e-01,8.008868428680919749e-01,6.272034801245609525e-01,6.981207323795945996e-01,4.289849296218132269e-01,6.493126823893778932e-01,6.396819873368616571e-01,7.146054955114115037e-01,6.177571719975025744e-01,3.668289287509934327e-01,2.352146692116804105e-01,9.312315142299671944e-01,5.476006981222968362e-01,5.002821941638483372e-01,6.301349768364021831e-01,5.278621974877188983e-01,3.458406102851205866e-01,6.332182170281237532e-01,4.955621903962644792e-01,8.699277374809772923e-01,8.218462523066595304e-01,2.280499376511284093e-01,5.122901402641901747e-01,4.661553792789902007e-01,8.686229052961409458e-01,6.050125215437744952e-01,6.438674733152042196e-01,2.452006354184315395e-01,8.760598049773334062e-02,7.787306969440577209e-01,2.043800564456486057e-01,6.506367599484360609e-01,-1.104316449809354395e-01,5.081515453977825114e-01
8.069677987580963219e-01,6.030842183498941189e-01,6.822160918674439190e-01,6.787740834373571230e-01,9.314465644339613437e-01,6.813659299769305733e-01,5.690237794943395766e-01,9.423115135137117848e-01,5.721754514217674004e-01,9.071481431293079156e-01,7.043203893303560115e-01,5.770426555401545476e-01,6.382008938664267550e-01,0.000000000000000000e+00,8.236835155875344983e-01,5.921258033067819948e-01,7.147425957317770084e-01,8.169558038385298371e-01,3.602247691912204841e-01,4.402174583182320577e-01,6.888074244771743571e-01,9.473881631453412444e-01,6.308828324266319010e-01,9.693027280382251476e-01,5.566243838920578169e-01,6.811732884587747838e-01,9.340134228967442720e-01,7.109112388833057627e-01,4.796189769608659170e-01,-2.476825181955938371e-01,-7.469213535291432948e-02,4.524428007382567118e-01,7.783113200192771641e-01,6.809286769331805989e-01,2.187514900052293654e-01,1.302165689856263908e-01,2.122277091788819514e-01,6.681609676100153106e-01,6.119597303837213120e-01,6.226767349832488252e-01,5.440302814940454201e-01,6.178926553774916064e-01,7.691463576652985967e-01,9.731287248377048504e-01,6.816499502739221672e-01,9.381052538785576989e-01,7.548127622847385920e-01,3.215327716397167745e-01,7.597313968672534390e-01,6.702077618526227631e-01,9.780586512050137848e-01,5.326795281276979210e-01,6.822143071815348625e-01,7.403526388107205536e-01,7.971380627662145724e-01,4.040208627226585247e-01,4.392355535841580005e-01,9.506758832863908548e-01,7.660543991746419090e-01,3.085245937562267615e-01,4.716446618891347864e-01,7.309051135616626560e-01,8.542960916718295161e-01,8.354814223698008302e-01,4.795632760599471967e-01,8.255877551295741634e-01,7.857933150757405727e-01,5.147058557487236424e-02,4.040123807366517994e-01,1.825462074845752014e-01,6.361874646439689140e-01,4.473567917056515131e-01,4.334518807496505755e-01,5.257383848917973612e-01,3.372640078780720918e-01,7.959280499667775732e-01,5.372305243530268726e-01,9.399767538248389176e-01,6.483169759399254328e-02,1.403563342970386152e-01,7.770077250255774670e-02,6.037433928975315389e-01,8.560480440554607551e-01,3.783662975151114508e-03,9.400121583088077992e-01
7.230302452172751027e-01,4.829363700230178136e-01,8.447939491681568658e-01,3.164093138603552013e-03,5.487142964778486398e-01,5.281709040606126226e-01,4.563291324204534205e-01,2.375844467648289826e-01,2.566522889613636060e-01,7.410867231083746454e-01,4.846968208797642896e-01,4.014399663802065144e-01,7.240437154038795731e-01,8.236835155875344983e-01,0.000000000000000000e+00,6.124054168170760537e-01,5.004195711913987932e-01,5.698751517038623815e-01,5.184254337968257076e-01,7.894372846319284154e-01,7.449682245856600327e-01,7.413099246462352410e-01,5.054946471281522857e-01,8.020544747418946185e-01,5.462798938738742116e-01,6.175164040438410051e-01,6.361594889253548990e-01,4.221940540236989725e-01,5.992465237100561559e-01,7.163608673473598198e-01,6.533927172720607190e-01,5.718514643471295233e-01,6.608641449120794542e-01,4.036843851703962316e-01,2.425452173035890779e-01,2.660417038878213347e-01,2.879098245920719626e-03,4.272153963342681937e-01,5.830991919420306369e-01,4.934425426255900637e-01,4.508498334638098015e-01,4.337050393233106704e-01,4.331527697689865342e-01,6.683342919750817623e-01,7.868793152699301574e-01,5.426114896264023768e-01,7.781323579794090506e-01,5.176859644963967000e-01,6.185500089152641268e-01,5.578963286184395187e-01,4.266012974856148166e-02,4.105982077754371518e-01,4.610677670079722512e-01,7.250502578215811678e-02,8.061459444755869619e-01,9.417298558822025933e-01,6.905144971616725691e-01,6.318738225710128775e-01,8.900448505548771427e-01,5.553421520052904681e-01,2.564743394671403776e-01,7.458475803504951429e-01,3.038188691130262464e-01,3.217652350755161317e-01,6.246180230654828636e-01,7.915162967454965059e-01,6.732541139959170584e-01,9.098861013796308850e-01,6.244665389855589277e-01,6.808013654627791400e-01,7.103713579526774735e-01,1.341980838887420202e-01,5.655932519508183320e-01,-1.587583803346386546e-01,6.723991117520307093e-01,8.450980876878537718e-01,5.862923636129615534e-01,7.859128477271581925e-01,3.652026167560613046e-01,5.305488054893356953e-01,7.197149874523995905e-01,7.096496712520857786e-01,6.070838430184403167e-01,6.113882210877479295e-01,8.190294042708067268e-01
6.217275234104505666e-01,9.941456874475363970e-01,9.408340324642927577e-01,8.091990690376158479e-01,6.979146431082424717e-01,3.650356394098701607e-01,2.894158807208657147e-01,5.218184485896723013e-01,6.909569291484602971e-01,4.840679941945430498e-01,7.055383456498443007e-01,8.625420960048573171e-01,7.800750824566813346e-01,5.921258033067819948e-01,6.124054168170760537e-01,0.000000000000000000e+00,8.215142925968297316e-01,1.267463794935216603e-01,1.266377928038950607e-01,5.421959817305217477e-01,8.898104641018024230e-01,6.116883734083961022e-01,7.108170122405933489e-01,9.099193157102716256e-01,5.796636992771875274e-01,3.477401303140905536e-02,7.969808722350043562e-01,7.283567928538124958e-01,4.004610439323769144e-01,5.301995324211428162e-01,5.045087415141121800e-01,6.286617368491150826e-01,4.900460549653873898e-01,4.275039640193072921e-01,6.712020325978558244e-01,7.760832098739827156e-01,3.097623229802573541e-01,3.125849266798958470e-01,8.662355911053842838e-01,6.812466021174705677e-01,5.502055847745419559e-01,9.312228707562542063e-02,9.002747548709898462e-01,9.955805031157459739e-01,7.633884441442591040e-01,6.758276747231489745e-01,9.573390246445515617e-01,2.365145571185204854e-01,7.501032064169549374e-01,6.425658223278363224e-01,6.974651152234622176e-01,-3.600187522013684194e-02,6.141946723214705139e-01,5.425772057543439830e-01,2.253339278979264171e-01,7.300071018607129369e-01,2.462019718181198691e-01,4.444660711597311908e-01,6.494104459980550859e-01,3.425940865037663263e-01,6.277954244178136634e-01,6.040017405148069285e-01,8.131877741387258940e-01,9.361718991983659643e-01,6.715385857886261300e-01,5.464611136176634743e-01,7.766010492096764306e-01,7.703747844125249378e-01,3.151105206838097361e-01,9.488620327798599208e-01,6.484891711392922753e-01,4.455004142540600620e-01,2.801432485528067562e-01,2.428954316148439763e-01,7.389564998454765110e-01,6.099085310046337138e-01,6.876439063261561291e-01,3.318463557692993837e-01,4.221658173534047487e-01,3.135276514027266481e-01,5.980600310560157951e-01,5.637213343265029541e-01,6.953325411854296423e-01,2.030571038570612163e-01,2.348639286649572069e-02
6.988400290843904683e-01,8.137575767189335618e-01,7.371856986386922106e-01,5.174784809023522669e-01,8.476842180472593524e-01,3.504423508906474583e-01,8.575624114623707772e-01,8.684383220482936316e-01,7.301106247367030733e-01,6.937578662260514006e-01,6.512654137681109789e-01,3.306671377800070588e-01,5.694213059498991480e-01,7.147425957317770084e-01,5.004195711913987932e-01,8.215142925968297316e-01,0.000000000000000000e+00,4.032052440525935588e-01,4.862528649141711901e-01,8.688846208832865514e-01,7.077335593752469567e-01,8.319354284089537366e-01,-8.731006368470370371e-02,8.633577290161361661e-01,3.881307658063604116e-01,8.805841728290827453e-01,4.535866706746871091e-01,6.527828591158946203e-01,2.920842087002976095e-01,5.958110696994929345e-01,1.425848088008594416e-01,5.760477473726387521e-01,7.763013981283299891e-01,6.452696832063912202e-01,6.834526120556326800e-01,2.959519975807061720e-01,1.426122965905183282e-01,6.385094974088367792e-01,6.646331781908965119e-01,7.554305479296431480e-01,4.226226919886396649e-01,9.035277039720789327e-01,6.357696677350257453e-01,6.613256251054594470e-01,6.431080208687478539e-01,5.405465459490539359e-01,6.056349898739591398e-01,8.010044862956968714e-01,6.837740883003281533e-01,9.614015527096366753e-01,9.560763307419782864e-01,4.755234618278252334e-01,9.149949577274927304e-01,8.989231232196259747e-01,5.164241649300843617e-01,7.756710555574772847e-01,2.875444817259205643e-01,7.920762171685260533e-01,9.827617229501330876e-01,1.266218071804910417e-01,3.467577305838460688e-01,3.507272680761167605e-01,8.542549074430011435e-01,7.030110122787163185e-01,7.414434313567247470e-01,7.842246004935203851e-01,6.712354418005732626e-01,4.898726138749806558e-01,5.153253172574597807e-01,7.383118894655407161e-01,4.241391595580541463e-01,9.619391865116474483e-01,4.031328039734494717e-01,3.011155556356936991e-01,7.956911082022486426e-01,6.854497424048593412e-01,7.333052186843294074e-01,7.578791373117693686e-01,4.294477680047109058e-01,3.244846944331107319e-01,7.210229779476760026e-01,6.317706767794918354e-01,7.044450057359599171e-01,4.095787258307775347e-01,5.699873373387108755e-01
8.843181850452274118e-01,4.400248036636342785e-01,5.382979909134804064e-01,6.317609726051490737e-01,6.792632516210342919e-01,2.504757314148153835e-01,4.236791383102723185e-01,7.564049117077501494e-01,4.896543726812843111e-01,3.956290010447878203e-01,1.065355119463247228e-02,7.336360834819304344e-01,5.658969594443897799e-01,8.169558038385298371e-01,5.698751517038623815e-01,1.267463794935216603e-01,4.032052440525935588e-01,0.000000000000000000e+00,6.502552690513980771e-01,4.178248736383346484e-01,5.359168501391819994e-01,7.542194108050425116e-01,5.136555685489498924e-01,1.529411600362203250e-01,4.071319983836541034e-01,7.103930824070299188e-01,7.792169065104684877e-01,6.305821016767994003e-01,5.017592113522669761e-01,5.279744960327211745e-01,4.552308491910044275e-01,3.076391088454386580e-01,2.770305804043033948e-01,7.735776665905723659e-01,1.839228963397818162e-01,4.389074817390881122e-01,5.211154457998581901e-02,4.991281975125732018e-01,9.837243359178523550e-01,4.663456739410621887e-01,2.985877998279177770e-01,7.705884538721811117e-01,2.898536017826132127e-01,8.931215091745869916e-01,8.472462347959621720e-01,6.228168862174484621e-01,7.090576437322680947e-01,5.752686721666218084e-01,5.194710502921249251e-01,6.933652805175963829e-01,4.668212164831946343e-01,6.661763309475774442e-01,7.237676799274361805e-01,8.114956755796436383e-01,9.555528352266815517e-01,4.599820917987471613e-01,6.725235951345298613e-01,8.745854941544997097e-01,8.473728000301657959e-01,6.855624336299791510e-01,2.478798109069884625e-01,4.340608510859096381e-01,6.215985655660614118e-01,2.520662832450026869e-01,9.763389452514722455e-01,4.475046630854458418e-01,4.940810214610769080e-01,6.741337865702884402e-01,4.276827130103643126e-01,3.906897202570213112e-01,9.534996037373040245e-01,6.009011838379100245e-01,7.597203090439124118e-01,4.929025477425131863e-01,3.997924744804878250e-01,6.823046989525917150e-01,5.012664893733803639e-01,5.282096087407858187e-01,4.702468499825723791e-01,3.950345429132415820e-01,4.734854637351303408e-01,9.992107826815530558e-01,7.598470965547705624e-01,2.510402970998668604e-01,5.593526293675307182e-01
