0.000000000000000000e+00,-1.819132729493171396e-01,4.786840883638282529e-01,3.070279003186530131e-01,6.535351285621997519e-01,6.241581938239169070e-01,7.173439570648630914e-01,9.662969323770234098e-01,8.716137394847339737e-01,6.294976553395118524e-01,9.719326236088455806e-01,8.890670107859820481e-01,7.079074295802426642e-01,6.249579182167250835e-01,8.033249807208947546e-01,6.695395523355494038e-01,7.125688247697439248e-01,6.679790365589060031e-01,8.342160625924049944e-01,9.311748391333596331e-01,7.624181787992188042e-01,5.700054206242894939e-01,2.202690311206838003e-01,6.382710134077126396e-01,6.134579884583166720e-01,9.908728933067106892e-01,8.275943987504082999e-01,5.483235465202623837e-01,-7.356296153132579896e-02,3.034061297478636843e-01,3.610902216976408230e-01,9.253144387416623040e-01,2.641273251081122653e-01,9.824790409664190260e-01,6.888492464967527207e-01,6.130418810055062728e-01,3.230056013736430920e-01,2.160744565096418546e-01,7.095274921632266363e-01,6.466941262476717522e-01,5.228197682543141989e-01,7.826330249495370150e-01,4.541062369188246794e-01,7.541787592671517215e-01,4.862846548365959420e-01,8.834548087702359664e-01,9.083884297219501081e-01,9.018614637835141723e-01,5.586046828150065258e-01,9.248769294868385282e-01,4.260058916694345332e-02,4.571728238066752326e-01,9.987049924636708376e-01,8.940429772780380535e-01,8.942965287572267608e-01,6.380539926698609587e-01,8.672916780756397825e-01,1.033653765978953393e-01,8.619697092839464503e-01,4.405389804053254088e-01,2.935164178135810653e-01,5.127717971650149753e-01,5.630819244383262756e-01,6.155543405986516614e-01,9.077724506433261231e-01,7.955283646410522547e-01,2.244079960331813450e-01,4.479216812489846267e-01,9.077530020527497800e-01,6.540029639920268423e-01,5.633974340242240419e-01,1.746617719296389704e-01,3.445155562110508440e-01,2.086088112009232554e-01,7.273100939431850209e-01,9.591920259887954936e-01,3.332564925274787981e-01,4.339384014179752391e-01,3.923884109926009112e-01,4.955791538804709129e-01,8.435032399386513946e-01,5.412150730740716842e-01,7.067345734173466898e-01,2.253597906953340169e-01,6.521049343417748556e-01
-1.819132729493171396e-01,0.000000000000000000e+00,9.396363758853951698e-01,9.109938115009974524e-01,4.414083142338884325e-01,7.637627669006512576e-01,5.093235215366371804e-01,4.817576624741969349e-01,7.504277157318618441e-01,6.206813374544186690e-01,6.750930082196315851e-01,4.418817723074012771e-01,9.658894258500743124e-01,5.114748499950730887e-01,8.421594927170724665e-01,5.653982539656535744e-01,6.471872518471359914e-01,6.481973541740783107e-01,5.261164593837072134e-01,6.841045429499040820e-01,7.441654713000103172e-01,2.706458403495626830e-01,6.693785095746327407e-01,8.213170200921228181e-01,4.124970112049318183e-01,8.016998034767008896e-01,6.850850578138995006e-01,2.158869676270264992e-01,1.754819007220413674e-01,3.212688882925628930e-01,6.711132065836884486e-01,4.702914592695605633e-01,3.691947735160789890e-01,6.494241548105463835e-01,8.402369313023160258e-01,7.674092553113636139e-01,2.266047236134045295e-01,6.905060691177726806e-01,6.552949702277917066e-01,9.214086184909826560e-01,6.672269433854883802e-01,7.664984352001820156e-01,8.909116303174070550e-01,9.182675187509345971e-01,9.043718346073774672e-01,6.186849748188906206e-01,9.316547415792787445e-01,9.504852738507592047e-01,3.243592244521505408e-01,4.959691870460034568e-01,4.844227165245316713e-01,9.301175621294284213e-01,1.846731472945162267e-01,7.043425762021825465e-01,4.097034417887588376e-01,2.722848416840955577e-01,4.794977915252470191e-01,7.879898665519421419e-01,8.215016735522626679e-01,2.427502775441319482e-01,4.586640691978426942e-01,2.600510308715107688e-01,4.220856700733396916e-01,8.728282004702417884e-01,9.120388792615009566e-01,3.128859712741394183e-01,4.778349240601367787e-01,6.756071248898567472e-01,6.840417749666587166e-02,7.772743111422012463e-01,9.045235898080399295e-01,7.408003086091801137e-01,1.082085088730446766e-02,3.126042148337876969e-01,7.457420259317845135e-01,8.784797971495568181e-01,9.618144185001937796e-01,7.730421001216890298e-02,4.571401684369012508e-01,6.800108811284066856e-02,4.828806808241886683e-01,6.049728332874161341e-01,6.172493073862748147e-01,3.517525983922293875e-01,4.273020449367387896e-01
4.786840883638282529e-01,9.396363758853951698e-01,0.000000000000000000e+00,7.209140793056887375e-01,9.494014305489848482e-01,7.908802391031277690e-01,8.533244691320828190e-01,7.045271777580562889e-01,4.767292500198820338e-01,-1.249368265749589701e-02,9.666379632584640724e-01,8.580322298774865075e-01,9.940984426762523585e-01,4.703035578013197715e-01,6.530500492254281975e-01,9.599788411772941510e-01,8.769074633066463731e-01,5.319355280104646200e-01,6.887855980947904522e-01,9.325506991909633392e-01,9.990562146832560053e-01,6.906581480324408551e-01,9.512480353811350042e-01,4.669870838955444969e-01,5.344531418794539190e-01,4.088519864133844939e-01,4.683256921321127253e-01,5.366272375560819929e-01,4.489570794848600777e-01,5.856760051094158648e-01,4.595751958801714276e-01,6.907725784320821738e-01,7.140343721558496393e-01,4.901177850613067100e-01,7.404750342164030386e-01,4.439236922201888480e-01,2.235998827979522319e-01,5.853320467587106446e-01,6.084815237836010970e-01,9.124327676754188099e-01,2.191709208463962777e-01,9.776872760574752963e-01,7.205746927414583558e-01,9.296300715646939050e-01,5.141352545047707112e-01,9.238572958221379361e-01,4.110452489886994298e-01,8.922134466776240336e-01,8.523141320719427316e-01,8.492495606400307651e-01,6.647540289746572961e-01,5.724638899566346639e-01,7.070756931909409904e-01,8.736720061154806816e-01,5.874724577671877057e-01,7.972509850940795451e-01,4.672780574982961510e-01,9.991137821396564034e-01,8.515918076309682005e-01,6.893301309380448494e-01,3.564037617857594986e-01,7.495941237937264745e-01,9.833344384029066854e-01,6.252346652178508712e-01,5.055861231083794705e-01,6.662432764566279531e-01,4.612231339941277874e-02,6.570023936626041561e-01,7.020392728794371262e-01,8.602374905121420445e-01,9.872363681694142912e-01,7.323823173058062741e-01,5.016708266018355955e-01,2.118273050142489011e-01,8.677567952118063754e-01,4.112830766702858520e-01,6.275771581774830521e-01,6.205461471838610299e-01,-5.669340526653909862e-02,1.218596242737585017e-01,9.215757312334509344e-01,7.936861228777202237e-01,9.468822498514157804e-01,7.505158442385443385e-01,7.903353440141669406e-01
3.070279003186530131e-01,9.109938115009974524e-01,7.209140793056887375e-01,0.000000000000000000e+00,6.272540642953208234e-01,3.344432141519341206e-01,4.841456323132753425e-01,4.724696743658139408e-01,5.556051326131143941e-01,6.797449700569581088e-01,6.426336274125862280e-01,7.432110567123821898e-01,9.767085964021324784e-01,8.516796389204117634e-01,8.358322818293453249e-01,6.679280570338383960e-01,6.582127388083696129e-01,9.298423091264808038e-01,5.306712088828712259e-01,9.506778461142841863e-01,7.095502753893612180e-01,4.247608901903232037e-01,8.677950618589099774e-01,5.752112344470141636e-01,9.147823648398378804e-01,7.783981390120158217e-01,6.065075417664345103e-01,6.065106468836392040e-01,8.751798312566871907e-02,2.034483512061468213e-01,3.911347687977482224e-01,7.822939239163034797e-01,8.929971996716922211e-01,6.923308020389454809e-01,8.070583832506791344e-01,5.680275377130976633e-01,4.568755994517213065e-02,2.251823282517559088e-01,6.433121510128054776e-01,5.352814235545855399e-03,4.895467257888317381e-01,7.025397810784040908e-01,5.555367710499420353e-01,1.317223052381467086e-01,7.579467916935256344e-01,4.796644074985858541e-01,7.218776851201598177e-01,6.817510006250203647e-01,4.576802916922228515e-01,7.660602938939412576e-01,5.539263286808631115e-01,7.574116349072191889e-01,4.294999760442829162e-01,8.733488873531656260e-01,4.935510885883138965e-02,3.207501095872549585e-02,4.137082221090867540e-01,8.534783025374128584e-01,7.517885553381091768e-01,6.540352328095878631e-01,2.978484378681462430e-01,4.901082081356769593e-01,4.719845565250507802e-01,6.573283219887839923e-01,6.204081766850392254e-01,6.045108864247574765e-01,8.218367960037247233e-01,9.916351718277359728e-01,5.000950053536452611e-01,7.804200759170496493e-01,-1.083566262604276770e-01,6.059687760509531174e-01,5.218215157440267982e-01,-7.156430982050893119e-02,5.995783798711020740e-01,7.140244791693665105e-01,9.025687085901914486e-01,5.117575879762706892e-01,6.809881356371469963e-01,2.010706136929114041e-01,5.932333375183145296e-01,8.572715117343835400e-01,7.130864673049351898e-01,6.591409461971346750e-02,9.378003714297531435e-01
6.535351285621997519e-01,4.414083142338884325e-01,9.494014305489848482e-01,6.272540642953208234e-01,0.000000000000000000e+00,7.371284950691011639e-01,7.168354898074635884e-01,7.102240678654487827e-01,2.156942178242011732e-01,9.144524780617252491e-01,8.675527379232114145e-01,6.994246575331205529e-01,4.549326095066519859e-01,8.736030449974487855e-01,7.711177329758309718e-01,2.023790668970040507e-01,4.552896781668164250e-01,6.796442080192959256e-01,7.685479711947109660e-01,5.558131610117660326e-01,7.366981584366106839e-01,4.612430087167447290e-01,6.501382501179507889e-01,8.725774706895285115e-01,7.615249889423875151e-01,8.151284542490361273e-01,2.756055015152224508e-01,6.662355270428116372e-01,2.174954794884340903e-01,3.461947901353055329e-02,3.988338303320172473e-01,5.998449337323540353e-01,9.475484396269912013e-01,5.417085741310735392e-01,5.021513906677079753e-01,4.502522190024211279e-01,-3.596372651661308151e-01,3.182280113750544093e-01,3.864826679806414034e-01,7.030108505348835468e-01,2.204094903695535679e-01,6.474432936958406382e-01,4.502585662809754918e-01,6.437945752031316582e-01,2.840846293896903130e-01,5.141509045146483992e-01,7.677279288298007875e-01,3.535929296777403641e-01,4.154074580536508687e-01,3.113400662700865351e-01,4.668334398650844652e-02,7.147335767524757300e-01,2.668781042397168068e-01,7.739861365377782576e-01,6.785147204953356770e-01,4.296919972034183299e-01,4.697022380538170561e-01,7.869996774053665822e-01,7.365954152660868504e-01,1.455449262207989258e-01,3.426537884157350167e-01,6.526629048868990424e-01,4.100117555450844553e-01,8.134948595036737284e-01,6.857550510591582382e-01,2.166447141232781815e-01,9.584522044725453105e-01,5.459329750946795290e-01,5.273017883743781331e-01,9.570019706644667945e-01,6.647764109620968309e-01,6.323641381996024657e-01,7.181040347363750742e-01,5.783759631715621463e-01,3.565927706860327340e-01,7.843028042666422284e-01,4.035899361762448900e-01,4.382628533320419573e-01,3.927688841031112821e-01,1.530601079301537604e-01,6.397799708215600178e-01,6.084515392531028022e-01,6.894810178835868442e-01,3.160304230372985024e-01,6.898320388527477975e-01
6.241581938239169070e-01,7.637627669006512576e-01,7.908802391031277690e-01,3.344432141519341206e-01,7.371284950691011639e-01,0.000000000000000000e+00,7.321366274559792942e-01,2.157425633317867353e-01,3.843541052061908436e-01,9.621641655454069575e-01,6.583255931827237672e-01,7.211238105709392165e-01,6.320040577306932361e-01,6.591139143710055270e-01,8.761448018640548563e-01,3.931437559984057861e-01,4.590273497944302172e-01,6.011060758173591978e-01,6.445848970246947918e-01,6.522010015065303756e-01,6.976992942715393164e-01,-1.309039049641894104e-01,8.724322059926959971e-01,7.476173490246893483e-01,6.023442268843404168e-01,4.445383544398902043e-01,8.944553189147966821e-01,2.492050945683348118e-01,6.938556871629534273e-01,1.614613183597417567e-01,4.973250727497661727e-01,6.214461236798983768e-01,6.930668175819140187e-01,2.494600970470071677e-01,2.519733935147402404e-01,6.029396373794766451e-01,5.896239031592979130e-01,5.271944415823150987e-01,6.557608031694467376e-01,8.190611263311873280e-01,8.487803787295967442e-05,4.087110999824806745e-01,4.246221868044200431e-01,8.220615280191172491e-01,9.903698157659019952e-01,7.514054988561451598e-01,7.473170787382888980e-01,6.640028236999520050e-01,6.124017597780606614e-01,4.337411756171875576e-01,7.339247063156639772e-01,6.408504699226379442e-01,6.027163488674228686e-01,9.549454923954203700e-01,6.546104647424020317e-01,9.583331111562096716e-01,4.805258168339803238e-01,9.346787781761173308e-01,5.494803088464661478e-01,4.613707367773557388e-01,2.494380374567873870e-01,5.996773549876421860e-01,4.130023122323660534e-01,3.720937945880312681e-01,7.653586935212930431e-01,5.097508977123045293e-01,6.871260731537180977e-01,9.717105931038523270e-01,6.163523690613323947e-01,7.637385327591814654e-01,9.529488224462737689e-01,3.111341832114096206e-01,4.524795753206182769e-01,5.111278521639566197e-01,2.486824343971756612e-01,8.924597080476182054e-01,8.076009838671089902e-01,1.668592562911778709e-01,4.025655892937786140e-01,-5.232743812777029824e-02,5.679113581946241274e-01,9.873548652674382087e-01,8.087091004293614493e-02,1.560713035886525102e-01,4.639474937470766669e-01
7.173439570648630914e-01,5.093235215366371804e-01,8.533244691320828190e-01,4.841456323132753425e-01,7.168354898074635884e-01,7.321366274559792942e-01,0.000000000000000000e+00,1.002117032338893793e-01,4.668366664830260193e-01,6.371782378540176150e-01,4.483287999447441718e-01,2.708947577551751307e-01,9.300070610118346126e-01,1.223115272404057124e-01,6.466514803083758256e-01,7.976293737978523701e-01,9.380710341863806034e-01,7.699724021255864859e-01,7.866871829594404009e-01,9.118176278090265319e-01,9.979151278401670044e-01,2.678565136069338548e-01,6.304919623294442665e-01,9.953585114545343560e-01,6.587776633205592036e-01,7.230887928543217047e-01,2.262643182088149019e-02,6.721674926208894840e-01,1.162076466179118263e-03,2.722339471658853371e-01,4.861965594908304600e-02,5.885706227134710478e-01,2.119704941844353097e-01,4.261344717472635435e-01,4.278497009324340183e-01,5.366158481451106521e-01,1.149065754762433056e-01,5.199350706762904117e-01,9.476274508163373689e-01,5.187552971427590309e-01,2.444204148311121538e-01,6.056771934072674446e-01,7.734230703849223065e-01,5.937962245258248117e-01,8.480069445708360298e-01,-1.085039711832314069e-02,1.680193193523199791e-01,2.486763912907008212e-01,1.914209037339517083e-01,7.128418925965465114e-01,4.828871128735465756e-01,6.153283031084469945e-01,5.113779792525084966e-01,3.491104675928250467e-01,5.214320601726173399e-01,5.682115896430486313e-01,7.122282082374664647e-01,5.274432446125597584e-01,8.729709008176910201e-01,4.508982196372748885e-01,7.642312295000632805e-01,7.194902124048193626e-01,5.527671253441421850e-01,7.185962676205612798e-01,6.875945275193439121e-01,6.227448895556417785e-01,3.210871286773178679e-01,8.521709780355316566e-01,4.705372042842084768e-01,4.838557906445048462e-01,7.935478351089870763e-01,1.833543823788637561e-01,4.313704115061578470e-01,2.764037239259427015e-01,4.094735556709636626e-01,5.343429622389607170e-01,1.640685662127401301e-01,7.735843040915739710e-01,5.155236727112963990e-01,5.137395278485404893e-01,7.210803794255993271e-01,7.837654966848542903e-01,5.060749322992279531e-01,5.297593023407014545e-01,4.712301443130997303e-01
9.662969323770234098e-01,4.817576624741969349e-01,7.045271777580562889e-01,4.724696743658139408e-01,7.102240678654487827e-01,2.157425633317867353e-01,1.002117032338893793e-01,0.000000000000000000e+00,4.892624387454106993e-01,4.922160119263770395e-01,6.214864881585437928e-01,6.058816441098417993e-01,8.405634681737852443e-01,8.389088028906469541e-01,7.785923911407757192e-01,1.812317383525446635e-01,4.320399200196587408e-01,4.216930959833399273e-01,4.452755043681995706e-01,7.842562507145367512e-01,4.721375262948324103e-01,6.942096671395349139e-01,6.465601194470405044e-01,5.837719634380034162e-01,3.220221148344135087e-01,7.478863842969634135e-01,9.909783645285794584e-01,5.423742350388500721e-01,2.626963810523540999e-01,-1.184395005307343485e-01,1.350710516051717436e-01,1.240489644562184773e-01,2.201609745434072729e-01,7.935949901028933606e-01,4.572811107650721629e-01,7.858534053742241010e-01,4.740710728694533249e-01,1.147393896075211972e-01,7.331845754960661932e-01,7.245299934952961207e-01,5.771356654207796533e-01,5.145839616071362643e-01,8.195426301352148890e-01,7.662402955133295057e-01,5.585508361422397705e-01,7.916933047555584357e-01,6.645230146973230001e-01,1.052382117902694453e-01,7.509587664087706838e-01,6.096698544416432330e-01,5.274472832099413866e-01,9.240768778926491400e-01,5.531731754374336063e-01,7.931381317424210931e-01,6.814351725225875622e-01,7.265163838323739354e-01,3.420805033888391078e-01,3.100144591481526213e-01,8.986684218859766204e-01,5.413575211809463772e-01,6.325397897566965577e-01,5.983911839801466792e-01,4.120195420527984487e-01,4.150811794124814047e-01,8.726226903955074388e-01,3.145741643500317153e-01,2.133232738504521331e-01,5.062789490167267648e-01,4.017277108874172664e-01,2.919910635553987222e-01,4.980089047118392842e-01,5.879986747512074841e-01,4.447577304207678828e-01,3.488040535285509836e-01,5.630328446619136118e-01,6.101529863736095960e-01,6.138247338426456867e-01,7.945617060198797432e-01,5.035764569661489443e-01,4.944455608790264689e-01,7.320736645124726882e-01,1.847924685050442439e-01,4.752581776710134154e-01,5.894301638346246541e-01,5.874982110124330470e-01
8.716137394847339737e-01,7.504277157318618441e-01,4.767292500198820338e-01,5.556051326131143941e-01,2.156942178242011732e-01,3.843541052061908436e-01,4.668366664830260193e-01,4.892624387454106993e-01,0.000000000000000000e+00,4.098372488076095776e-01,5.526677283530163631e-01,5.122122280906402647e-01,7.954321250106088925e-01,4.611135858294513890e-01,7.104110391308164907e-01,8.969965731482393290e-01,6.547365977714121321e-01,3.276601455875575164e-01,7.044088136300825642e-01,4.040413266047755414e-01,6.252712069487660340e-01,9.772538618020910617e-01,7.129133414994884843e-01,6.899724778003266668e-01,7.066583948636706580e-01,6.400565570603161669e-01,6.116027083743508230e-01,7.959520704592255580e-01,1.985989727458434828e-01,5.083129611027029648e-01,2.329674812419106622e-01,6.762161638040782297e-01,2.410571506128399155e-01,7.554024840939589369e-01,4.568382869515801858e-01,4.171123282408593091e-01,7.900499201440248642e-01,6.753640023588985963e-01,8.524915346308600261e-01,8.117396366814284558e-01,2.502132057582948099e-01,8.746936041863051514e-02,7.618365208996995541e-01,7.929561792703585521e-01,7.039849040188052021e-01,6.444637945916111832e-01,7.164977676449071353e-01,7.260153969380036543e-01,5.837337457629111492e-01,4.763765852102060938e-01,4.376683324928228869e-01,4.815311824475471680e-01,8.967613458405877536e-01,4.781401062555187265e-01,6.786339097002711540e-01,7.376944693330056424e-01,5.029288132243809883e-01,7.513955923794015668e-01,6.926556982513099037e-01,6.029321193663961242e-02,2.491662513191845452e-01,7.321648735731051127e-01,4.518259020761699052e-01,9.555433432079675216e-01,7.002776243125494737e-01,4.072579243539017346e-01,4.478224249590168626e-01,9.158860520240097447e-01,6.010565680809135669e-01,6.261488538989704589e-01,8.214330289982019889e-03,8.919064280684469992e-01,2.593848863900512502e-01,5.453071463341834652e-02,1.292896464974872262e-01,6.697314369106952547e-01,6.113097710499363346e-01,1.040107371092894167e-01,5.759241324666565243e-01,5.154459255838185205e-01,6.863189072380663225e-01,7.049866829815304436e-01,7.603891890152834065e-01,4.494985629547091910e-01,6.631972281865732288e-01
6.294976553395118524e-01,6.206813374544186690e-01,-1.249368265749589701e-02,6.797449700569581088e-01,9.144524780617252491e-01,9.621641655454069575e-01,6.371782378540176150e-01,4.922160119263770395e-01,4.098372488076095776e-01,0.000000000000000000e+00,9.363193034914324420e-01,2.541752830621399895e-01,5.839439258766040419e-01,6.587072120382859719e-01,5.944746694438137746e-01,9.476041240673716004e-01,7.645838283369881250e-01,7.364867648656898691e-01,2.295126339097604551e-01,4.242412904639205062e-01,9.703827403406024565e-01,5.205379822370207465e-01,5.598686208530043729e-01,8.202719989605867790e-01,2.623205515555396272e-01,9.916766437769644060e-01,6.251745629238933954e-01,8.702577910682800511e-01,3.812008579595533297e-01,7.017837705699860873e-01,3.825023952847329545e-01,5.283515802735743172e-01,9.161031592877846297e-01,6.482967043769926052e-01,8.119662340736115702e-01,2.227247640271252105e-01,5.148295561447793212e-01,8.455732039553677248e-01,8.015020697950222539e-01,5.182855244594174460e-01,7.621814405511428969e-01,9.611629973760156265e-01,4.528496321139741099e-01,4.789915827030878925e-01,7.355187363013401258e-01,2.654171291210400963e-01,7.054455025430850235e-01,6.643251534103795652e-01,3.597590098867955444e-01,4.599268823280282525e-01,3.699832017254107708e-01,1.671016896008186148e-01,5.027138270897528738e-01,2.756794559037973880e-01,8.838749811444784887e-01,8.377228601641257821e-01,4.509859040527028351e-01,3.528022343419084939e-01,6.764511063775600075e-01,-1.285913433074248879e-01,5.857383944291058020e-01,6.397824010844020970e-01,9.414163105050481484e-01,6.646757483958225521e-01,6.934472284169425071e-01,7.739873851632912416e-01,9.962925613138982062e-01,6.836332132533827766e-01,4.962265940823373245e-01,8.923114336842139505e-01,5.477876787234008393e-01,4.677413446411987641e-01,4.768574147756683979e-01,1.618608229042204499e-02,6.436646730422417306e-01,5.827537643101009524e-01,7.639568495928195091e-01,3.075762564341753547e-01,4.347199912879413930e-02,3.229515645669739365e-01,4.314844609239357753e-01,8.411559358078096738e-01,8.402864895377069043e-01,6.073995501253157681e-01,2.261453696002551639e-01
9.719326236088455806e-01,6.750930082196315851e-01,9.666379632584640724e-01,6.426336274125862280e-01,8.675527379232114145e-01,6.583255931827237672e-01,4.483287999447441718e-01,6.214864881585437928e-01,5.526677283530163631e-01,9.363193034914324420e-01,0.000000000000000000e+00,2.159961433179666823e-01,6.156500602335632788e-01,7.510197034868910659e-01,5.621840528185424457e-01,-1.049684287508889646e-01,9.937163604904994951e-01,4.992209534712813701e-01,9.512211491486594062e-01,7.260791698310993247e-01,5.347957431639009940e-01,4.413313087704978099e-01,4.595051289004614681e-01,6.531908950433514827e-01,2.144719951719841478e-01,8.315056033346946984e-01,7.842323502353316655e-01,5.480302372819996215e-01,2.318520866040831296e-01,8.234862965849354399e-02,6.795004942565771033e-01,3.674949995578232764e-01,1.803072296812531158e-02,6.056367866457350591e-01,7.447989626439269761e-01,6.778828358273030208e-01,3.193046760243887366e-02,4.820797724553214092e-01,9.523535408046782669e-01,5.388577668644922714e-01,6.300259770701569506e-01,7.428441515711176057e-01,4.061083406980526833e-01,7.843225837002167911e-01,7.545051013984440669e-01,9.302077020655039608e-01,6.968508681508751579e-01,7.942678877710454000e-01,4.976051432044471534e-01,5.437190448708058010e-01,6.786588703052753857e-01,8.730675452493744659e-01,9.446517065610384734e-01,6.158715226229838358e-01,5.607575766253671823e-01,8.498955712759211911e-01,9.240679172737035207e-01,5.102897557580444721e-01,6.310569482850131307e-01,2.806242084565231387e-01,7.088065277717084944e-01,6.621529985358285408e-01,6.572881375176452545e-01,8.984595268081126962e-01,8.707211741455938014e-01,7.743007256630580759e-01,8.605175029833334044e-01,7.888321166096724513e-01,2.527007508285508686e-01,8.364187335553093794e-01,7.429117256841992756e-01,6.730304053511957374e-01,7.720677540274241135e-01,-4.495566131672368293e-02,8.664990797978708859e-01,7.048316869013226960e-01,2.998888537250589681e-01,7.643243185935553186e-01,2.358591953378233463e-01,2.388755632563361320e-01,6.245121576508091410e-01,6.133544225064714306e-01,5.722154826141662154e-01,2.988687045571050693e-01,7.312102978392224228e-01
8.890670107859820481e-01,4.418817723074012771e-01,8.580322298774865075e-01,7.432110567123821898e-01,6.994246575331205529e-01,7.211238105709392165e-01,2.708947577551751307e-01,6.058816441098417993e-01,5.122122280906402647e-01,2.541752830621399895e-01,2.159961433179666823e-01,0.000000000000000000e+00,9.143796230551900495e-01,9.496491664553106116e-01,3.833644993865935047e-01,6.097935216339592235e-02,5.640930702416286913e-01,4.428077139721554034e-01,2.688535655586652418e-01,7.715498579997163153e-01,8.061402394329300058e-01,6.459365056440364850e-01,2.442321874823392275e-02,9.345411880241868419e-01,3.028295698056605589e-01,2.628771254258249757e-01,4.646748013113415343e-01,7.628395627181622229e-01,2.294405691593355834e-01,4.047453674120667366e-01,-1.754222225872033580e-01,7.877934716341173926e-01,7.436827579300767654e-01,7.626895587859860992e-01,4.039761475141117608e-01,7.143137286178825596e-01,3.226133640447411688e-01,4.920844359552221658e-01,6.086113236835649642e-01,6.214063481489202623e-01,5.360428028338645179e-01,4.697961010608491250e-01,8.659408878959575784e-01,8.384984925028460268e-01,7.013826875100026559e-01,9.729916977218689977e-01,5.228627936544927302e-01,5.989158871565594122e-01,3.941569900787378344e-01,5.190245632917309671e-01,5.530042384189761684e-01,3.442417332678796571e-01,4.893849728300344593e-01,8.681814227042102816e-01,7.167409585560944318e-01,6.285427005395998190e-01,3.842020550314665384e-01,7.526306243501611482e-01,9.225805802494316810e-01,4.535511960655702612e-01,4.547047683942739282e-01,4.842468656761035883e-01,8.613348471310865451e-01,4.545316493191450813e-01,4.406621403272652504e-01,7.460435586407905273e-01,6.231886279991828426e-01,6.031678509158713286e-01,8.225254708980231921e-01,6.420679628290820729e-01,1.988938057284908301e-01,6.672849553011632739e-01,-1.859568801553063977e-01,2.814375022348053479e-01,5.015681675591068256e-01,6.498454581330541657e-01,5.557676585369375477e-01,4.319746583382731431e-01,3.391279578966290842e-01,2.244897001591762975e-01,6.285354052648576273e-01,9.566897656598036814e-01,5.525610633372877167e-01,1.328789318880286563e-01,6.611699813305524920e-01
7.079074295802426642e-01,9.658894258500743124e-01,9.940984426762523585e-01,9.767085964021324784e-01,4.549326095066519859e-01,6.320040577306932361e-01,9.300070610118346126e-01,8.405634681737852443e-01,7.954321250106088925e-01,5.839439258766040419e-01,6.156500602335632788e-01,9.143796230551900495e-01,0.000000000000000000e+00,7.587726842786064463e-01,5.957930137772626811e-01,7.817633905174870002e-01,2.533615039376048150e-01,9.284758935144398206e-01,2.436584742219472799e-01,8.238381191180402796e-01,9.848976250553400646e-01,6.448108912507907187e-01,2.901612708307970134e-01,6.197311599753086986e-01,5.138565560348585803e-01,8.518184079151975840e-01,7.791107842265615480e-01,5.757973157818789822e-01,1.614291711737787793e-01,-1.810589989365431474e-01,3.022196631310941073e-01,7.198918340737939792e-01,6.551005646719740838e-01,3.516761128454391483e-01,7.668965861948724427e-01,2.115753580982027704e-01,2.574209645835346949e-01,9.755676975268192663e-01,4.761702675295100828e-01,6.400740114357448274e-01,2.460581574697836837e-01,6.852889133183361903e-01,4.917022083939325827e-01,4.970950083715855450e-01,6.074806548588739252e-01,7.688540791034732536e-01,6.421383753065263988e-01,6.971026968011783120e-01,6.717657715777737293e-01,6.995843641712956584e-01,2.336503499388892513e-01,7.611038579995323961e-01,2.218466532778994582e-01,6.712197864862342600e-01,4.119978485709381855e-01,9.791655053780343732e-01,5.627248160826658907e-01,7.086383445876087706e-01,6.432757060124575377e-01,3.141965936028522921e-01,8.791739052116827324e-02,7.695049313473725228e-01,9.062571028087853531e-01,9.154755729919046292e-01,7.900270892352958541e-01,9.175317214900656770e-01,5.035556932411175968e-01,4.383274847198538882e-01,4.196027920131087940e-01,5.420575424516996810e-01,6.560878703250058175e-01,2.384174057424620352e-01,1.043944068034109440e-01,2.889405264878958102e-01,1.563785409158947037e-01,4.745440621179330409e-01,4.113785945415298073e-01,2.862858068456977656e-01,7.724213489135894894e-01,-6.681973117589209976e-02,6.729319662853866513e-01,8.436606375003362635e-01,6.795492853915690024e-01,5.842539398665039796e-01,6.396936859720432356e-01
6.249579182167250835e-01,5.114748499950730887e-01,4.703035578013197715e-01,8.516796389204117634e-01,8.736030449974487855e-01,6.591139143710055270e-01,1.223115272404057124e-01,8.389088028906469541e-01,4.611135858294513890e-01,6.587072120382859719e-01,7.510197034868910659e-01,9.496491664553106116e-01,7.587726842786064463e-01,0.000000000000000000e+00,8.722497354626401744e-01,7.911909684975260149e-01,7.545480932797546947e-01,7.648764402733716494e-01,7.308671068356340506e-01,3.096479757729284077e-01,6.206626958387883031e-01,3.673633291599891493e-01,6.985384167146773127e-01,9.430232132847382598e-01,5.803786293584651812e-01,6.972831058489906697e-01,7.030764862806423432e-01,6.739097168574132990e-01,4.342011587587635280e-01,3.110278101900748604e-01,1.082871449258505092e-01,4.671809849523618774e-01,6.646408322837425997e-01,6.271419265117645914e-01,1.238496273553578303e-01,4.095722209163114025e-01,2.162528851960659748e-01,6.095988622427053194e-01,1.912208972120594819e-01,9.955556352999208602e-01,4.874801050988814000e-01,3.089868353800866996e-01,8.674160533714240229e-01,6.526966144481979315e-01,7.830839219622999225e-01,4.536012879198299541e-01,6.235429652037848269e-01,6.194007115333781677e-01,7.436572911533352315e-01,7.657989106827863823e-01,8.007373534219719424e-01,7.551944643307020311e-01,5.061813407506642326e-01,5.575303461919177694e-01,6.881480216301441022e-01,5.390243892259135583e-01,5.959517434147132420e-01,7.256673038716507929e-01,6.694972708140201068e-01,2.577375575280804743e-01,6.282958375207304824e-01,7.705550582847227048e-01,3.483878339271828661e-01,7.492892610223887973e-01,5.767117986001393248e-01,5.030428327976119718e-01,9.732781805256727203e-01,9.528188965993366066e-01,7.173894661422364205e-01,6.988698478529478120e-01,7.055314946805784082e-01,7.712314914765250329e-01,4.380339533743567992e-01,1.480681886089972865e-01,6.887818099114548787e-01,6.916945186424922065e-01,6.708552349679880455e-01,8.770366364782367086e-01,4.396969233324428128e-01,3.041033101497227498e-01,6.888651114173195422e-01,7.229632018746534605e-01,8.652817620980233215e-01,4.912850898770214081e-01,8.873327875888953331e-01
8.033249807208947546e-01,8.421594927170724665e-01,6.530500492254281975e-01,8.358322818293453249e-01,7.711177329758309718e-01,8.761448018640548563e-01,6.466514803083758256e-01,7.785923911407757192e-01,7.104110391308164907e-01,5.944746694438137746e-01,5.621840528185424457e-01,3.833644993865935047e-01,5.957930137772626811e-01,8.722497354626401744e-01,0.000000000000000000e+00,4.488673154567703882e-01,8.230674884482177545e-01,3.795509714625290298e-01,4.253277379520056800e-01,7.214261798542341841e-01,5.419920179998038989e-01,6.542987006174356690e-01,4.444490050608835285e-01,7.453783251107947150e-01,2.663349235670013915e-01,4.254039023028478028e-01,2.053864792415019680e-01,9.732900096240801879e-01,2.672532664735143837e-01,2.563104638267151292e-01,2.198425597833519318e-01,7.992420458790081561e-01,5.275541212118659562e-01,4.925937475795573173e-01,2.400515551630904298e-01,7.797704315700121347e-01,3.274511973011169919e-01,7.452655969894590449e-01,8.826321014299138845e-01,6.258363815241841932e-01,5.181322064214869405e-01,6.557866822256381845e-01,1.767508458722903131e-01,6.438109236488833709e-01,9.492822821694827384e-01,5.298692668077802370e-01,9.321176228788793372e-01,5.153305348543728570e-01,4.831157358691989256e-01,5.940220853903147580e-01,7.100769269798339334e-01,8.154683547665358967e-01,8.410106745654561955e-01,6.215618746604228972e-01,2.239616196115705796e-02,4.398467499795082891e-01,6.283533996341685857e-01,7.699735646774594766e-01,6.373053312410310589e-01,9.021434198850933339e-02,7.377657231747135613e-01,6.049865141149119996e-01,6.164864397379075101e-01,9.502017289397781674e-01,7.995983652081783966e-01,4.030229700708259366e-01,6.551241582861464519e-01,6.053182573326238991e-01,7.322072687647693812e-01,4.164608399298170283e-01,6.412271321032161353e-01,6.970817157422850574e-01,7.986335606677433807e-01,3.837806731228812218e-01,2.547632687192548651e-01,5.218160516371006530e-01,7.232894119667319099e-01,4.928512049819255836e-01,-1.940656788885566919e-01,1.201546164820117002e-01,2.747915293711575835e-01,8.667422938135325161e-01,2.873681177381642859e-01,2.991809785601410310e-01,7.833308974645808442e-01
6.695395523355494038e-01,5.653982539656535744e-01,9.599788411772941510e-01,6.679280570338383960e-01,2.023790668970040507e-01,3.931437559984057861e-01,7.976293737978523701e-01,1.812317383525446635e-01,8.969965731482393290e-01,9.476041240673716004e-01,-1.049684287508889646e-01,6.097935216339592235e-02,7.817633905174870002e-01,7.911909684975260149e-01,4.488673154567703882e-01,0.000000000000000000e+00,9.963327728278404960e-01,6.782333600028763732e-01,4.388298772584151575e-01,7.242454343391463434e-01,4.958713130320669404e-01,4.229519047575025503e-02,-9.277860037306526197e-02,9.559646836531133784e-01,6.254061294984468722e-01,3.666405481378471887e-01,8.644941886442570889e-01,9.700120844569828371e-01,2.399554543767142278e-01,2.382633950902894038e-01,4.989502259665536954e-01,2.436870468536846690e-01,9.989862671638762848e-01,-5.620099326007352292e-02,6.241409807966505907e-01,3.349766158552027751e-01,2.283937038398846375e-01,2.471539203018460473e-01,6.343016111633940080e-01,6.557359809300760123e-01,3.808709206817271764e-01,4.911561453928194321e-01,3.363122912084360872e-01,2.566810691426852364e-01,9.719179016801118287e-01,2.353686853501688603e-01,6.713500120655334635e-01,1.573857105995062899e-01,7.170861520132653100e-01,5.703576944071012678e-01,9.008135691042203075e-02,7.039432770732316769e-01,8.603708485994479016e-01,4.254879268971550887e-01,8.784329735340747902e-01,7.807724730865268636e-01,4.657768099561928610e-01,6.261482384766280385e-01,4.960362441675899570e-01,7.867412177495318737e-01,5.795932828144380045e-01,4.799859173958491709e-01,6.782406763454612575e-01,6.695055243462452177e-01,1.578650348239118428e-01,5.571916079335510474e-01,8.864176633763400925e-01,8.121177762541994527e-01,6.878284383489505771e-01,2.563831212750745658e-01,6.230186472073994119e-01,7.976014081646037868e-01,1.968294774278085968e-01,5.179462857198633419e-01,3.578658874323076278e-01,8.517477433796765141e-01,7.872557170074279131e-01,7.374590632420513492e-01,5.524724123348694338e-01,3.407211118066461042e-01,4.509433614066927776e-01,9.764811388411968052e-01,7.320861160168077308e-01,3.605097365106198493e-01,9.782823323749703093e-01
7.125688247697439248e-01,6.471872518471359914e-01,8.769074633066463731e-01,6.582127388083696129e-01,4.552896781668164250e-01,4.590273497944302172e-01,9.380710341863806034e-01,4.320399200196587408e-01,6.547365977714121321e-01,7.645838283369881250e-01,9.937163604904994951e-01,5.640930702416286913e-01,2.533615039376048150e-01,7.545480932797546947e-01,8.230674884482177545e-01,9.963327728278404960e-01,0.000000000000000000e+00,7.700774604832884007e-01,6.170501508703500892e-01,6.886725309047495580e-01,4.326135265077280488e-03,6.806070011128608765e-01,5.562492999870489729e-01,5.840032845436198272e-01,7.955079687741699601e-01,5.580427634566667017e-01,8.048824015683585520e-01,7.427601299584425387e-01,-1.239587617924580581e-01,4.677366122523126113e-01,5.375067635850298009e-01,2.845030818027864394e-01,5.480799663059658933e-01,6.754896513645374245e-01,2.096584397253869747e-01,3.578357219704397796e-01,1.634220537560460151e-01,5.929714806014205752e-01,5.112497303815262129e-01,7.986718188505542715e-01,5.136307229526894114e-01,7.823654286174765993e-01,8.090225577404464019e-01,5.481918301310174657e-01,8.758691307685355643e-01,7.700972255625546659e-01,7.892069126566469972e-01,7.531213132733781679e-01,8.296168708945561576e-01,5.561986253751345366e-01,6.123739026684932307e-01,7.733100982394219836e-01,6.361972693420754332e-01,9.917170093112570584e-01,7.214894204066878425e-01,5.216019672680278774e-01,5.981745685008003077e-01,5.045373258142640260e-01,6.416390972589276487e-01,5.643860352423721999e-02,3.412794559601384226e-01,7.867021542093299846e-01,3.013986568936915522e-01,8.054428738598780058e-01,8.778453561121071225e-01,6.795295818430003854e-01,6.590486730827406214e-01,2.649824653858644519e-01,6.127056951102102245e-01,9.351305455423688517e-01,8.248714645768980835e-01,4.334393486317742461e-01,5.062798410452702402e-01,5.130934949878345197e-01,4.839360742154319439e-01,3.132483501927772057e-02,7.012199282893707419e-01,7.985314787617158183e-01,4.631605067323908975e-01,4.256807692410210509e-01,2.029516820487863304e-01,7.033064831551247842e-01,7.009575868635887774e-01,7.294691813621779763e-01,7.451675954247326539e-01
6.679790365589060031e-01,6.481973541740783107e-01,5.319355280104646200e-01,9.298423091264808038e-01,6.796442080192959256e-01,6.011060758173591978e-01,7.699724021255864859e-01,4.216930959833399273e-01,3.276601455875575164e-01,7.364867648656898691e-01,4.992209534712813701e-01,4.428077139721554034e-01,9.284758935144398206e-01,7.648764402733716494e-01,3.795509714625290298e-01,6.782333600028763732e-01,7.700774604832884007e-01,0.000000000000000000e+00,4.235429606807450953e-01,6.872781603284814356e-01,9.716275254610181600e-01,3.071472921094631214e-01,6.898221472212021643e-01,5.612569156622856381e-01,6.838818178234151723e-01,8.442413199610627750e-01,4.255496190070053308e-01,5.954394407194226746e-01,1.560480864569972759e-01,5.979948018828451506e-01,2.539007966120580551e-01,4.471881234905800695e-01,3.414708099509847772e-01,9.358556556898478540e-01,7.302106775318109033e-01,6.250209870701515236e-01,9.663354385128582191e-02,6.650718281015923772e-01,9.494525564156632846e-01,9.175395788252509455e-01,3.704701628447774620e-01,7.349840935237391681e-01,6.093978123205964215e-01,5.830399392277177961e-01,9.948812637792765479e-01,8.849695113979402228e-01,6.546172712194644472e-01,5.278670192614038914e-01,2.047039469269719691e-01,3.871613515145986284e-01,2.711647074704383042e-01,3.415268856904183359e-01,8.889593968626465781e-01,5.781020335151454415e-01,5.302741441985520110e-01,9.406221452642163916e-01,7.182340480689045625e-01,5.627590808786617771e-01,6.194436826807760976e-01,6.655183525724805982e-01,4.888979830531414161e-01,2.849194841311187831e-01,7.241317494456280812e-01,7.735256837004550468e-01,8.668301045521880077e-01,4.605843590602471949e-01,9.419646990742943649e-01,3.330674147116199357e-01,2.366816027444147985e-01,1.585077559790371016e-01,4.492799743509993116e-01,6.900458209493333106e-01,1.854520318508350307e-01,1.907711173477769639e-01,5.732949784807850335e-01,7.873906664320539095e-01,4.743789675467239841e-01,6.855391043613118240e-01,6.799156909676703497e-01,5.319754523702454607e-01,4.262784721189219472e-01,8.968943241090978624e-01,6.831395712111992813e-01,2.758230118485278104e-01,2.271314291062369872e-01
