0.000000000000000000e+00,6.661089205613464070e-01,9.298806556449871197e-01,7.253215419805232322e-01,8.607797010239072177e-01,4.814646768519108000e-01,6.687884085017145042e-01,8.410858159439703607e-01,7.766831780233749427e-01,9.689729539178986162e-01,6.387697809315766584e-01,8.352786811569175018e-01,9.856753025239608501e-01,6.833843563497812301e-01,2.255155155847497483e-01,6.712875537311097096e-01,9.852646430810136913e-01,6.152115228819999837e-01,3.975342904883923945e-01,7.202019240709348624e-01,8.920271663705974241e-01,6.412000830122636108e-01,6.306355891204982189e-01,7.970842234502004686e-01,5.501522221037064009e-01,6.968331799950350236e-01,6.426863960782773777e-01,8.811176518813157443e-01,6.707221910540620557e-01,5.238120767104127440e-01,3.911439998467265700e-02,5.297752604451784197e-01,9.818953429684404988e-01,6.522881154930435521e-01,9.084069454705570035e-01,-3.240129589578328861e-01,3.560590351524266506e-01,7.827361333079791983e-01,7.594687548816949629e-01,8.000624118562610354e-01,5.063263429390102432e-01,9.633196806453913075e-01,7.262513237737693306e-01,7.417034100971956478e-01,6.880193412217455728e-01,4.669880656517862993e-01,6.875159513977643355e-01,9.901157906669142417e-01,7.846401417358687125e-01,6.989664339471037824e-01,9.151855154468560016e-01,6.448656371547514254e-01,7.609219187974162191e-01,2.338654060293531567e-01,7.118531025257016642e-01,6.681275891718260196e-01,4.680379095276661627e-01,2.639830157691495094e-01,3.438235923297238150e-01,5.162905542039563089e-01,5.356225967312562286e-01,7.438456957067114406e-01,9.429738880255663647e-01,8.939711399490564148e-01,9.887505456585727881e-01,6.757092819639431980e-01,5.534627152019151453e-01,4.663147835703057575e-01,7.070967541015609203e-01,2.191086919689360923e-01,5.980324607069528176e-01,2.680838877446241053e-01,3.405020493716050950e-02,6.393607211201151053e-01,8.952928949308193163e-01,9.192158917648636240e-01,7.026182985791137314e-01,8.883370384351708671e-01,4.412167728295650071e-01,1.084402493353304603e-01,5.844440023769819081e-01,4.141950063983354524e-01,3.696939644939465364e-01,4.303275906707044185e-01,4.194051785359860229e-01
6.661089205613464070e-01,0.000000000000000000e+00,7.071196570746174359e-01,4.662690449281551297e-01,1.719022876731255423e-01,5.234439823540388836e-01,5.531804973863475583e-01,1.502858066650261393e-01,3.952892260029275961e-01,8.523187455949113867e-01,2.704431024054774757e-01,4.868311965059689550e-01,7.350846120334846301e-01,4.776067554031268592e-01,5.327256838937914907e-01,-3.380158000476231051e-01,7.455749423096229567e-01,6.141705774990180444e-01,7.548466171784724565e-01,4.735238143879280659e-01,8.523836668052436893e-01,5.482030698125659463e-01,9.861096307411362227e-01,5.167865552766001125e-01,5.083549380876284385e-01,9.212933312769187033e-01,7.957320769326281518e-01,4.713332648059272156e-02,7.043293804195303043e-01,3.295441360085629157e-01,8.477950401311407091e-02,6.594612725097774852e-01,4.279367946024554281e-01,7.917725500596251020e-01,2.102663353947486491e-01,6.800135407310592926e-03,5.492737561093814502e-01,5.326581886741243999e-01,7.623406471270330886e-01,8.978258863973231918e-01,5.624850243279553297e-01,8.126157100561509639e-01,7.232454990203435186e-01,1.848536519847556736e-01,8.730637678421240278e-01,6.880152360200169070e-01,5.277380602775629814e-01,7.898053483727376367e-01,6.789973773673483315e-01,3.035217858277401426e-01,7.071336692833436466e-01,8.921981525777147315e-01,5.555987187450037723e-01,6.722032929005044011e-01,7.920657490749799523e-01,7.999304621067204746e-01,6.634440888198794850e-01,1.033627553939627797e-01,7.343143614622192894e-01,1.993889720398341059e-01,4.861358685893873433e-01,6.503627115576260387e-01,3.000917213561324348e-01,8.859511791174534689e-01,6.355057303808067104e-01,7.146578238626556390e-01,2.764344557666051361e-01,2.330278253136228162e-01,6.961358835938300516e-01,6.458782064764183595e-01,6.444087161598053282e-01,4.017423061981376664e-01,4.091162256699578670e-01,4.103618711388263285e-01,2.330618719405770922e-01,6.397594282206282568e-01,7.352782338750356583e-01,3.440810565044269964e-01,3.592818368745231972e-01,9.323815351077945068e-02,2.379397399654939738e-01,9.744825118982123335e-01,9.539834615747171398e-01,2.199990659837924856e-02,6.194601630427707395e-01
9.298806556449871197e-01,7.071196570746174359e-01,0.000000000000000000e+00,9.108837444961613850e-01,8.729633800012603917e-01,2.321616194665352684e-01,9.006629884916340645e-01,8.596167609138399834e-01,9.211411814053239722e-01,6.027054445457048493e-01,7.149648582920171691e-01,9.404155020160889222e-01,7.851253931806718711e-01,2.201009262867351934e-01,8.518043830013739548e-01,4.436677208001367778e-01,6.110607707616536599e-01,5.210442675784436872e-01,6.014534605301148362e-01,9.531194605249058149e-01,9.987814555156135921e-01,6.519629412285538050e-01,7.100900029620321741e-01,8.108232832429678183e-01,9.654089629888535917e-01,8.991126070454060759e-01,8.068928908825222512e-01,7.036024273851942956e-01,2.977381884213769481e-01,4.211469339837356496e-01,1.242203508217303576e-01,5.316606922987298089e-01,7.640899550276056829e-01,8.715137491261794045e-01,8.073418075740205202e-01,3.804436799989440177e-01,1.228350038838651459e-01,6.235022519615620595e-01,3.950979460049627301e-01,9.037167066225705314e-01,5.965713604156828165e-01,6.655111990781427123e-01,4.155106633302168423e-02,9.504652692563329008e-01,8.443659204513433991e-01,4.151203802503196094e-01,9.936466747920997822e-01,8.977254229972764232e-01,7.087756714976536365e-01,3.967347463699716359e-01,8.118534265207498768e-01,9.518042219349253097e-01,9.845007788176957098e-01,8.029013279348873322e-01,8.917519130370268332e-01,7.990449988716441521e-01,8.562610441947702267e-01,7.799893241766696628e-01,8.537754443310826558e-01,4.280288136305172852e-02,7.608090466534728202e-02,8.138204455798824233e-01,8.204388627280806423e-01,7.894334033549574858e-01,7.606931002464017988e-01,1.399924775755621159e-02,8.077572200221162513e-01,6.297328189570294832e-01,8.679425946974007600e-01,8.237142264871089026e-01,4.219413737471795489e-01,6.321769397445551331e-01,3.332361204730139304e-01,5.056233953445762319e-01,8.182091119384631295e-01,9.208063393987224732e-01,8.072810899051117151e-01,4.545411096705506693e-01,5.127804931687059975e-01,2.860889796882786218e-01,2.451132443269443961e-01,8.512476162939855984e-01,7.132535390535770237e-01,7.036316018224707536e-01,7.306339150093451584e-01
7.253215419805232322e-01,4.662690449281551297e-01,9.108837444961613850e-01,0.000000000000000000e+00,9.610937859239264691e-01,7.608672144195398612e-01,4.254708085241318272e-01,3.416658674455521627e-01,6.669303244761649596e-01,5.052693369797672807e-01,4.432875926537006017e-01,2.490967300213795810e-01,6.165432216389915565e-01,9.898684231010235202e-01,8.121364089812562748e-01,2.822016452376103213e-01,5.835659633297285431e-01,5.957571412177393722e-01,9.522361155251870546e-01,6.338288413070045646e-01,7.586253449130928583e-01,3.490207408049604276e-01,4.927014137886200906e-01,5.684000063081476872e-01,5.488392587112912446e-01,5.045179299987868626e-01,8.860345017204038776e-01,8.988090828950544564e-01,2.566225243976675841e-01,3.128024810984323389e-01,1.183005064969448461e-01,4.518669722073122008e-01,7.252264325508449572e-01,9.661669115653145345e-01,4.132220385331145107e-01,5.591067070412962803e-01,1.024295796977746087e-01,8.954905920977949130e-01,8.458535907991381331e-01,6.748653907689964315e-01,4.393067084098304376e-01,5.126391290175671411e-01,7.852125099432064603e-01,4.433722940471417351e-01,8.221934546420699430e-01,8.098065701747075851e-01,9.432505395179497931e-01,6.236404007278746331e-01,3.135634891064374430e-01,7.553315260450015334e-01,4.149049932761856851e-01,7.552788881067881155e-01,8.046916964272022854e-01,3.639571476182388299e-01,6.980648944520116694e-02,7.761581310197446237e-01,4.990105223056378603e-01,8.904342565502157969e-01,5.546230290850022726e-01,3.075337076233709555e-01,6.782180755237320058e-02,9.712278848512981844e-01,6.139889664383025858e-01,3.021640299091682413e-01,5.040137720895648821e-01,7.422453138860765076e-01,7.801363487979332545e-01,7.226697702622881803e-01,7.296422193101305131e-01,7.993461494137762413e-01,9.990709153670904730e-01,7.999967931493302542e-01,2.748710943379414906e-01,6.709664886645069215e-01,5.000590966424894868e-01,6.895757342616832819e-01,6.052763887156350497e-01,5.107608530929350632e-01,3.677075086536814030e-01,2.373552348314961757e-01,4.679435678406151378e-01,7.665265196662315317e-01,6.974979540533716715e-01,3.824116836805291353e-01,6.473754569692081740e-01
8.607797010239072177e-01,1.719022876731255423e-01,8.729633800012603917e-01,9.610937859239264691e-01,0.000000000000000000e+00,7.494616924048854711e-01,4.942951737423846859e-01,7.264446339640766581e-01,3.913322676461500338e-01,3.505001960799628558e-01,9.070087175283995107e-01,9.646555971276953301e-01,7.827391639348719732e-01,7.228307177143928897e-01,5.258862466432857596e-01,8.662635349459597567e-01,9.101543037429961069e-01,9.887596252304393651e-01,5.272269168505914205e-01,3.592638553993443562e-01,7.221188441341498399e-01,5.433017093400435149e-01,4.673866018219094420e-01,4.220851133841035940e-01,1.764861265943903079e-01,7.968784234658607968e-01,7.700446103411242582e-01,9.600377314327969147e-01,2.826264601323850156e-01,3.692792288594510808e-01,2.913979820291026090e-01,5.405200322533023627e-01,9.148026176334544957e-01,9.450172458996385361e-01,3.052348377609449548e-01,4.112799695723569626e-01,1.710586526007802297e-02,1.409981208804751418e-01,6.005435050456914281e-01,4.274051379285558339e-01,6.906119355769112511e-01,4.539045689753893331e-01,6.784580433643574437e-01,9.409847479570097040e-01,9.163371335108646543e-01,3.491587940288670699e-01,4.461950915801716766e-01,7.270382652969835657e-01,2.657415907079975215e-01,1.638843211806770978e-02,-5.538060762123125924e-03,9.086299034830954691e-01,9.448841533859990705e-01,2.554575931149898338e-01,7.391301186434563464e-01,7.556797500789977917e-01,6.317741535843376388e-01,7.067702063057320627e-01,7.065741090121743229e-01,7.884512735415157847e-01,3.342284635290146966e-01,7.509363340168087042e-01,7.567350067051177298e-01,7.407663959417566391e-01,9.379742608426491213e-01,6.404985277147942080e-01,5.760412109111459067e-01,4.104766683505522429e-01,5.174496374829167245e-01,5.298559648265456223e-01,4.756469623028712901e-01,6.073724076081679080e-01,4.525445133705570666e-01,3.568184877956968037e-01,1.000313083091672328e-01,2.742594053969965584e-01,6.326245220467416885e-01,3.047753174883363059e-01,4.817465613209033215e-01,1.074686507943687641e-01,9.557481246899078853e-01,2.497719501755262805e-01,9.023115609327653219e-01,-2.352605843421656795e-02,7.904505554150809132e-01
4.814646768519108000e-01,5.234439823540388836e-01,2.321616194665352684e-01,7.608672144195398612e-01,7.494616924048854711e-01,0.000000000000000000e+00,1.439578099996583760e-01,6.070796167946141964e-01,4.152677005477775074e-01,6.637171793212441884e-01,9.506987235866228847e-01,8.903331195973844814e-01,6.816091871190863571e-01,7.825293159361400575e-01,7.825071851492658714e-01,7.151437378219057672e-01,7.785763022219471807e-01,4.380282141235713467e-01,7.717391862388144341e-01,5.190495819237221919e-01,2.618263013312234211e-01,8.954928392683909610e-01,8.496613176844015625e-01,7.803533859331704958e-01,4.299232826061631374e-01,7.693269069299263352e-01,5.055119918715139660e-01,6.319413481869734506e-01,7.106330705977648154e-01,3.455714887804656188e-01,1.206305082918207039e-01,2.038706769405789487e-01,7.626100230231697141e-01,2.341821222081621745e-01,7.560701491731935953e-01,1.886921178219885809e-01,3.740256374043438581e-01,5.256635066269642609e-01,3.989944753288318102e-01,6.120877511428062245e-01,4.296260730296577179e-01,7.110551888537531839e-01,8.471673245571492705e-01,8.277634142335928980e-01,8.565311960961918825e-01,6.418700087555878619e-01,8.432568527268162750e-01,7.741600459947215462e-01,2.709769031437149200e-01,6.949238045176082679e-01,7.653389325391887210e-01,6.607477130246853791e-01,5.021794675385704565e-01,5.793522156801076406e-01,4.982134644618653185e-01,9.865811030654991765e-01,5.902626129735168981e-01,6.942075473356410509e-01,9.925224623577748595e-01,2.331590851621968274e-01,6.103005536164705092e-01,7.265264288223425293e-01,6.378693051399642044e-01,9.382240104999378660e-01,8.529778976351964914e-01,2.643906468152801836e-01,5.801296988217546913e-01,7.958476294575786980e-01,9.626087591740003502e-01,7.721310676336347045e-01,4.611419043677242868e-01,7.791289181732230507e-01,6.886923680902602429e-01,2.147774983870607279e-01,2.089613642913654146e-01,7.575583468743714022e-01,6.793379860420830640e-01,2.593685104993601609e-01,4.179429241548732188e-01,5.522140985264800683e-01,3.863993317730278765e-01,8.974048631878387416e-01,5.696345062638388246e-01,4.106117727679317042e-01,7.418583777762345344e-01
6.687884085017145042e-01,5.531804973863475583e-01,9.006629884916340645e-01,4.254708085241318272e-01,4.942951737423846859e-01,1.439578099996583760e-01,0.000000000000000000e+00,5.826948994373281066e-01,7.319888904440235988e-01,7.844982479345614657e-01,4.465375136930747058e-01,4.950559506272812493e-01,1.133693084481166846e-01,3.406103299976092069e-01,4.557018653743642456e-01,2.938261590094191078e-01,4.767269038417288329e-01,8.810531639304163276e-01,5.634975798435635230e-01,7.437762728722170369e-01,2.279445626016716742e-01,2.136732134503404323e-01,2.277459413305747415e-01,7.005729184114150021e-01,2.407131985952564723e-01,7.922135676656998360e-01,2.830183135645403802e-01,3.797887944345479938e-01,5.298137625390180183e-01,6.802603753839299161e-01,2.351079053589169854e-01,7.067385370084505736e-01,4.388532129628938683e-01,7.415202841009744805e-01,4.080997806476830414e-01,5.944150688037159735e-01,7.507930380240173118e-01,5.127856335373872643e-01,6.218284541223584316e-01,5.937530988837309565e-01,2.183267183063877515e-01,4.452165318213838902e-02,9.426073657634209679e-01,2.318068564186049618e-01,5.638114686295252476e-01,7.725779749301926458e-01,4.098130120736774296e-01,2.863020485201061005e-01,3.554580408487043597e-01,5.940534669864183659e-01,2.685247657961534751e-01,4.764175952225426780e-01,3.617255579176123503e-01,4.513753919918599422e-01,4.475419002477644681e-01,7.704976206450199205e-01,2.623158508574804926e-01,6.425272804218827849e-01,6.176655325421400722e-01,3.501915508746065303e-02,5.693540104814652780e-01,4.063742042406771615e-01,5.506249956611017904e-01,4.612967111133834397e-01,7.355837119362429455e-01,3.266030400007422507e-01,-7.244201733195454462e-03,6.155569671851099933e-01,4.377343066122273973e-01,4.427607563458512141e-01,7.582154992001015614e-01,4.648973663438304982e-01,7.052586030815879425e-01,2.715914850364786748e-01,5.494608555092282964e-01,7.985169727138454743e-01,4.666406698666549224e-01,2.851510345904762107e-03,6.355967664500851155e-01,2.883464874233935271e-01,7.568233320624343508e-01,5.204323892600056789e-01,8.072615381784601363e-01,2.627471252646834121e-01,5.303285572578841922e-01
8.410858159439703607e-01,1.502858066650261393e-01,8.596167609138399834e-01,3.416658674455521627e-01,7.264446339640766581e-01,6.070796167946141964e-01,5.826948994373281066e-01,0.000000000000000000e+00,4.803710071177357266e-01,6.455436026274107286e-01,4.379664773043921988e-01,5.523032898506639032e-01,4.071395455359558824e-01,7.857764191385395725e-01,3.750471677399612735e-01,6.233921729896561015e-01,7.116993788496007722e-01,5.300587262670340971e-01,5.574749595252560530e-01,6.857179736952329074e-01,7.722528909783494822e-01,7.843147673874056869e-02,4.755648911422287739e-01,6.770747782348918165e-01,5.381504562995274021e-01,1.942407705032445364e-01,4.402975952423022199e-01,7.271218832919799091e-01,4.561358435759430008e-01,3.420881975243463824e-01,2.417206885782172965e-01,1.733066856469634154e-01,5.985565302828308454e-01,6.960240091724744227e-01,3.453926790029901994e-01,4.316119853854332583e-02,2.672080899360776973e-01,4.648875391986485028e-01,7.085528168519231729e-01,7.179911348018476192e-01,4.611542624196178775e-01,6.948699516073536531e-01,5.956887924899654241e-01,1.778582020120035023e-01,4.965537471704623007e-01,2.004639278125809887e-01,5.665248071530478713e-01,2.647370845585881316e-01,2.624821022953252592e-01,3.850342479223728409e-01,4.913478551049046406e-01,5.357408864950966576e-01,5.818744988819535280e-01,7.837291148790139772e-01,3.753241080761552384e-01,7.172686139918523773e-01,3.740520652910205301e-01,6.785403854598949236e-01,7.933214185822138331e-01,2.336748734659868654e-01,6.989703889127879544e-01,7.421298726329287332e-01,2.284488318020537201e-01,7.870150996242948338e-01,6.902108034838495554e-01,4.475546584907648673e-01,3.492102553559129907e-01,5.829620102995598518e-01,6.050421708589877046e-01,6.894084520084462486e-01,5.034028317835989030e-01,7.536803534565675866e-01,5.273407876027762509e-01,4.581120076978577593e-01,3.813818044340501201e-01,2.689829186392350135e-01,3.203570264704027615e-01,1.102198979093755304e-01,7.984488249206294075e-01,5.600615515813029965e-01,1.557581835481292587e-01,5.754633210680556443e-01,7.906361190147725981e-01,3.268165152255336076e-02,4.148388870002676643e-01
7.766831780233749427e-01,3.952892260029275961e-01,9.211411814053239722e-01,6.669303244761649596e-01,3.913322676461500338e-01,4.152677005477775074e-01,7.319888904440235988e-01,4.803710071177357266e-01,0.000000000000000000e+00,6.642881469121413307e-01,1.208425295841736580e-01,7.259579341580004730e-01,4.488886193833349636e-01,4.378736798322279133e-01,6.784852422096485647e-01,7.191541278375384039e-01,9.911489265114330482e-01,6.685460835851724237e-01,4.102540346532875803e-01,7.597825593705870295e-01,6.816244189144299304e-01,4.832266020461889466e-01,6.677533816506563413e-01,4.044119260762285561e-01,3.732940745106938518e-01,4.093935905568957812e-01,8.193499319479110587e-01,3.403386661799077118e-01,5.462193163773246818e-01,4.141124447959532717e-01,4.327693177865251650e-01,8.005511432717009601e-01,9.850470362653194201e-01,6.443337827675158502e-01,9.678117070313924097e-01,2.297177710103860959e-01,4.789706794280579327e-01,2.112278367016559300e-01,3.888382571384706443e-01,7.715555870970074448e-01,5.064123768861589214e-01,4.965543522826174061e-01,8.644611857319287607e-01,6.148530526167023114e-01,9.472628380188905517e-01,6.695688709283522666e-01,4.995874138290304356e-02,2.390315206971302397e-01,3.906493417928843526e-01,4.702908921789124008e-01,2.899985765249581404e-01,2.631141085305614413e-01,7.542997068182144549e-01,6.950155466007466032e-01,6.820191507078794402e-01,6.803301536094730206e-01,4.077992138707583480e-01,5.851491975105594934e-01,9.995472472470370295e-01,1.594406422896003650e-01,3.752405962225655589e-01,5.978752199948604851e-01,2.293547973688878083e-01,7.075995504754788445e-01,-6.222975289494162010e-02,7.998321334234881341e-01,5.185562052968677449e-01,8.787151165030628874e-01,6.605010224989764644e-01,4.670089307801851830e-01,2.764360148555984331e-01,3.804402053966772224e-01,1.210774927643410437e-01,5.404599888086992765e-01,4.534301698467250175e-01,7.551086526305086366e-01,3.484057391543612936e-01,7.096903188528557171e-01,2.740056350392725548e-01,1.096403601012815865e-01,5.225819373296937131e-01,6.344144926159324127e-01,6.910964354453253966e-01,1.050860839098480826e-01,7.548176369054908630e-01
9.689729539178986162e-01,8.523187455949113867e-01,6.027054445457048493e-01,5.052693369797672807e-01,3.505001960799628558e-01,6.637171793212441884e-01,7.844982479345614657e-01,6.455436026274107286e-01,6.642881469121413307e-01,0.000000000000000000e+00,6.600467582562539182e-01,2.232085653452263174e-01,5.776808802762591899e-01,5.687425878398150170e-01,1.383235207711455174e-02,1.375491324074062660e-01,7.680242209133675280e-01,5.098092663845136263e-01,3.762116006176088878e-01,9.984771475990983358e-01,8.522940538700861657e-01,-3.391469229877308589e-02,4.819738626909493284e-01,3.119101701080366773e-01,5.431446126908111571e-01,5.937271047237309141e-01,9.758418246053650602e-01,7.327197999794093919e-01,5.633742993342052974e-02,2.104307879467383624e-01,1.422874439424724052e-02,4.287048990145569394e-01,8.648458355906124551e-01,6.456240279819192018e-01,-9.709488823345654995e-02,3.829094097607858571e-01,4.845450214460313987e-01,7.860024645293768319e-01,9.808428619096100087e-01,8.500287283406660066e-01,5.561890005836834794e-01,6.476972543286583228e-01,4.111495250912253208e-01,5.540599538848748340e-01,8.836981644721675355e-01,7.054899939517412788e-01,6.797965297170929233e-01,3.482301317924964001e-01,4.301964612464455051e-01,6.553781428458196334e-01,2.932466200174814810e-02,4.231387585455987366e-01,9.562657035036684627e-01,9.608336242381875225e-01,8.176671552722032388e-01,2.954377975891131491e-01,5.012245640195914786e-01,8.494827749936015859e-01,8.551058402586183549e-01,1.433882635073859858e-02,2.120404368953682228e-01,5.910489345891688506e-01,2.485490608248286937e-01,8.844623106466696916e-01,8.253791508887772244e-01,8.710449478483197616e-01,8.715402746855749339e-01,8.550987747947804696e-01,3.641395241121762050e-01,8.509502836097082579e-01,9.759198899229458712e-01,2.525632037110534522e-01,2.090934500516958561e-01,1.541968081207449881e-01,6.958598807418455712e-01,9.948076862516664134e-03,6.846213637324828349e-01,7.609528695367169249e-01,7.410726541190851835e-01,3.381621970968827218e-01,5.300013496811111224e-01,5.349922334834261717e-01,8.267996815979945513e-01,5.639840365685082624e-01,3.568023412590419774e-01
6.387697809315766584e-01,2.704431024054774757e-01,7.149648582920171691e-01,4.432875926537006017e-01,9.070087175283995107e-01,9.506987235866228847e-01,4.465375136930747058e-01,4.379664773043921988e-01,1.208425295841736580e-01,6.600467582562539182e-01,0.000000000000000000e+00,4.832467705473213471e-01,8.743834625764851376e-01,5.738448285488462197e-01,5.710741872239284422e-01,7.261279028942722036e-01,8.627734716954107430e-01,2.936610572182534740e-01,8.482066150192809628e-01,1.863158691164734926e-01,9.763318209667313230e-01,7.619609091628629649e-01,7.355052125798844376e-01,7.474760950855522390e-01,2.173041771011928192e-01,8.720247488415996395e-01,8.757073925948187787e-01,5.800613034646548982e-01,3.201161205826055234e-01,1.801674060123641397e-01,4.615187271142756620e-01,7.487871141593612778e-01,4.174364811314021928e-01,6.024154690378753507e-01,5.781907183995685928e-01,3.412102037774607521e-01,2.363753607887675648e-03,2.456533934738521496e-01,7.233538790842276578e-01,3.272679702832368420e-01,5.864192113505664050e-01,4.458876397416477455e-01,8.540880509339834337e-01,6.369498778899004288e-01,9.775875068396766565e-01,8.880621284838295937e-01,6.726803746102182346e-01,7.102817992651830892e-01,7.789698579204842321e-01,7.477399390121158840e-01,7.422376758375597294e-01,5.733156114872672848e-01,5.765253352439513312e-01,6.668955669405911557e-01,7.075602398022088346e-01,7.646815948701262133e-01,4.301887808047416550e-01,2.843521577191633343e-01,5.073638318430212513e-01,2.775695475519511235e-01,5.926014077100465460e-01,7.137281505162248463e-01,5.712817572744367522e-01,7.628226025486639639e-01,8.304227877208086861e-01,6.333175553586952722e-01,4.307853456741764786e-01,8.612280468111512821e-01,4.878818705582180226e-01,7.158482949168152309e-01,6.403631917561813935e-01,5.858584184128087236e-01,6.686424321747586053e-01,4.757285228119962905e-01,2.397603906558064824e-01,9.045265623799120247e-01,7.187981094261868265e-01,3.055916316933668941e-01,5.057735639152663998e-01,1.953323130311943046e-01,4.829542397277793997e-01,9.600660566814085417e-01,1.626107727112963142e-01,2.731069087300178611e-01,3.108725222440475999e-01
8.352786811569175018e-01,4.868311965059689550e-01,9.404155020160889222e-01,2.490967300213795810e-01,9.646555971276953301e-01,8.903331195973844814e-01,4.950559506272812493e-01,5.523032898506639032e-01,7.259579341580004730e-01,2.232085653452263174e-01,4.832467705473213471e-01,0.000000000000000000e+00,6.420822058021191658e-01,5.822026784204046290e-01,5.339285427305868748e-01,2.154471087456802381e-01,2.746741431554758917e-01,6.840036982212744920e-01,5.600401021192644713e-01,7.656442110867576201e-01,5.696879574704449833e-02,6.485408556420584336e-01,3.595928107582771482e-01,5.622378301641359766e-01,5.036108671582859575e-01,6.938562728319279671e-01,7.912735458061910254e-01,2.407566893611587655e-01,4.497786356649500772e-01,6.915351685276567295e-01,5.019574621376934331e-01,3.260289595691111542e-01,6.034315198415598491e-01,7.207050324960850851e-01,7.624047417632540125e-01,2.005764428716528269e-01,1.553023802759768701e-01,4.155603134735890158e-01,2.969982986309420772e-02,1.164457567824000866e-01,7.290492724673924840e-01,7.367283340593278052e-01,9.984665109080796963e-01,4.037561853543720769e-01,9.299414328299794308e-01,4.396919286069533306e-01,8.540840998470519141e-01,6.696817232911183027e-01,4.075727485736768130e-01,5.255841453915142125e-01,5.280671885921289777e-01,2.739926129781296571e-01,8.743961682978690364e-01,7.286815102344109674e-01,5.205743077195663648e-01,6.435215327771404148e-01,7.127391872180326438e-01,5.415975025665902276e-01,7.100756247173074520e-01,5.545228556832468847e-01,2.879488857700953641e-01,3.443854043031444601e-01,5.462012170141248291e-01,7.336206254344769251e-01,9.587813655402074309e-01,4.581531364860165767e-01,7.759610822880955716e-01,8.675929432117017726e-01,5.868651397699908845e-01,3.178620584856873821e-01,6.924827821931603955e-01,5.117596542057937237e-01,4.726354480849273010e-01,4.176916176568183370e-01,4.551441721764631354e-01,6.190084839258915839e-01,7.627476328909142955e-01,4.022711866645559131e-01,4.455942939787583823e-01,1.265279572977058287e-01,5.566580413669529603e-01,4.351743441913188404e-01,7.546850451164509588e-01,-1.683356762591652900e-01,8.340062829456164062e-01
9.856753025239608501e-01,7.350846120334846301e-01,7.851253931806718711e-01,6.165432216389915565e-01,7.827391639348719732e-01,6.816091871190863571e-01,1.133693084481166846e-01,4.071395455359558824e-01,4.488886193833349636e-01,5.776808802762591899e-01,8.743834625764851376e-01,6.420822058021191658e-01,0.000000000000000000e+00,5.021216420630005839e-01,9.560647834699113057e-01,6.877825852500377701e-01,2.855684947132349771e-01,6.526877732631912732e-01,9.580064815216980945e-01,7.548215015503433323e-01,6.116004096697852388e-01,8.511687354436718866e-01,4.943919564474612560e-01,7.056980164134745159e-01,5.863897217739351131e-01,7.619732319331752324e-01,4.758318172409191638e-01,5.657687190450858550e-01,3.604535321506601164e-01,4.831675058586242799e-01,4.053064791345673545e-01,3.715754882089747357e-01,9.376962041382463919e-01,5.928874530825760658e-01,6.087991084450965484e-01,-3.100458518988383205e-02,2.401591015206739343e-01,8.418422982593771753e-01,9.225011141072582133e-01,5.698538165151930679e-01,4.530316740159960331e-01,4.702371731465819771e-01,6.923199367367369739e-01,8.262359998194137578e-01,8.745597888495091343e-01,7.338835905472409493e-01,5.219974726296586764e-01,6.440847550792337950e-01,3.615085507092461459e-01,6.535528548669206073e-01,6.005101158927123040e-01,7.673755492964170477e-01,6.321116915343885090e-01,8.416731613427403946e-01,6.564958984328477243e-01,6.883733316246685163e-01,4.668834914797355684e-01,9.790849639005421157e-01,8.460519424659969090e-01,7.749749833723702797e-02,7.389705026191104587e-01,8.531500880972546774e-01,5.636477636939207780e-01,2.140322720253866676e-02,7.806728366838140420e-01,6.839449304851582534e-01,8.372786646930898691e-01,2.000278100296772332e-01,6.596710931460193494e-01,6.797477229848011282e-01,6.153058083772618980e-01,9.247963483261069095e-01,5.278287702855968266e-01,7.513328663483573866e-01,2.133794679724340948e-01,4.757616142966605288e-01,5.150259427871665130e-01,6.583409072329083900e-01,2.648724591001595519e-01,2.221420967460754903e-01,5.417463543756730893e-01,4.945734603429830512e-01,6.783439121220045109e-01,4.743818320002851086e-01,2.185792132576813707e-01
6.833843563497812301e-01,4.776067554031268592e-01,2.201009262867351934e-01,9.898684231010235202e-01,7.228307177143928897e-01,7.825293159361400575e-01,3.406103299976092069e-01,7.857764191385395725e-01,4.378736798322279133e-01,5.687425878398150170e-01,5.738448285488462197e-01,5.822026784204046290e-01,5.021216420630005839e-01,0.000000000000000000e+00,5.573670707512128342e-01,8.516087495676105679e-01,4.739781477107843366e-01,6.765830730203512555e-01,9.072895587308343890e-01,6.239482205948523319e-01,4.797991746441608862e-01,9.310315765539424193e-01,4.132817917468173397e-01,6.615989793913364947e-01,3.419292051303483015e-01,8.953234193271413233e-01,7.438062006720873587e-01,3.674830623824275611e-01,3.016421512456802789e-01,6.781286880424688412e-01,3.568780814458611950e-01,6.764578228253769199e-01,5.054700232862657794e-01,8.199330837244939163e-01,8.922987688219672364e-01,3.970156483246481960e-01,6.446189056132931583e-01,7.210546052422970309e-01,9.355893256304299577e-01,4.450598766837782216e-01,2.750581754148499480e-01,7.877308373590686807e-01,6.495462769664575031e-01,-7.513879480102562958e-02,8.856107667002566242e-01,5.561884446609601795e-01,8.792944371167502604e-01,7.868549451050815824e-01,7.783563095698036172e-01,5.977614931601245019e-01,9.779118353795767105e-01,6.660655390036956947e-01,5.491930802812199364e-01,8.099072549873683746e-01,8.439447050771566872e-01,7.858681618694119964e-01,6.008917720403943452e-01,4.117201995981437657e-01,5.716769834182822141e-02,5.254531292781529084e-01,3.621031643216092166e-01,6.427581220605597112e-01,9.698211131700490428e-01,8.762491181841374210e-01,7.793555194324045532e-01,7.139065181983096364e-01,5.271923118256900409e-01,4.478957861827084774e-01,8.089101743709802006e-02,7.915381694120615652e-01,8.956976026899423626e-01,9.123232006540380468e-01,5.092863410892113363e-01,1.103204182242601417e-01,6.832250492423617150e-01,8.027155793122160432e-01,4.202402931147570797e-01,7.203431242064859408e-01,3.545188176945545666e-01,3.174305025013272052e-01,9.525604540739069925e-01,8.343395133843030109e-01,7.737381488508889849e-01,2.507842995380952233e-01,8.326911225449699083e-01
2.255155155847497483e-01,5.327256838937914907e-01,8.518043830013739548e-01,8.121364089812562748e-01,5.258862466432857596e-01,7.825071851492658714e-01,4.557018653743642456e-01,3.750471677399612735e-01,6.784852422096485647e-01,1.383235207711455174e-02,5.710741872239284422e-01,5.339285427305868748e-01,9.560647834699113057e-01,5.573670707512128342e-01,0.000000000000000000e+00,6.410306362140396619e-01,9.293011635245435054e-01,4.244562984452156518e-01,2.252913458330144947e-01,6.168432047334959645e-01,7.049702926853610441e-01,4.491719861675272374e-01,6.492859225092421083e-01,2.004398954777877051e-01,4.080396218438273603e-01,3.161190205844605083e-01,9.242252957998302598e-01,7.762318367830169930e-01,5.690210942464271060e-01,6.363153121367570719e-01,2.261743392625992222e-02,6.301027907272638284e-01,5.059923415115048506e-01,6.623431185925825471e-01,4.808378054132340096e-01,5.005045959689291557e-01,5.358262112937984822e-01,9.407168255608786556e-01,9.577542507536493943e-01,9.639594450371475887e-01,2.869798786320323369e-01,7.221006696282987747e-01,6.590908908680541689e-01,4.192561035936338554e-01,4.150466549091967883e-01,9.412058370046948452e-01,5.968658882773481000e-01,7.998889490446745576e-01,6.792937336594486730e-01,4.883233132872235593e-01,7.435700670289826508e-01,5.244279502660995629e-01,8.081291950426802151e-01,6.144505910134355764e-01,6.243071176477149598e-01,6.878041463365422992e-01,6.935663324551344378e-01,4.321885855456304437e-01,4.368683819418772707e-01,4.533056285837689381e-01,8.529639740007699533e-02,3.613548242511208791e-02,6.456422143447237971e-01,7.076678770390589790e-01,6.486388930194326718e-01,6.999797748495287797e-01,6.150920628471735485e-01,9.265465278241846736e-01,5.724149843136503435e-01,3.637140013948702011e-01,6.269328178788373673e-01,4.469150853788542155e-01,5.516649135815008265e-01,2.510350644862552327e-01,3.315623173480265473e-01,3.268213476863823241e-01,4.376263201845488893e-01,3.717677635303069383e-01,5.280934588875892954e-01,1.840770663285340447e-02,9.565654194539546795e-01,8.439146714547636208e-01,7.950491113138884458e-01,6.918730644541434271e-01,7.658368370910995093e-01
6.712875537311097096e-01,-3.380158000476231051e-01,4.436677208001367778e-01,2.822016452376103213e-01,8.662635349459597567e-01,7.151437378219057672e-01,2.938261590094191078e-01,6.233921729896561015e-01,7.191541278375384039e-01,1.375491324074062660e-01,7.261279028942722036e-01,2.154471087456802381e-01,6.877825852500377701e-01,8.516087495676105679e-01,6.410306362140396619e-01,0.000000000000000000e+00,5.393677893152883929e-01,3.051121100488427551e-01,3.618739639991556123e-01,6.433488172301569108e-01,9.848916580306352753e-01,6.693676193165709609e-01,5.026924111848535270e-01,2.239270201690326256e-01,5.506281209590133674e-01,-6.845293968360799397e-02,9.316243189193756935e-01,9.732986843813142830e-01,1.464775037326004892e-01,2.596247831701092301e-01,2.106530249146374434e-01,7.509029148275534471e-01,8.828874898583314312e-01,1.493284622560776542e-01,7.349487085685740828e-01,4.630626544174744064e-01,3.931109370507811507e-01,5.811727055894875260e-01,9.315263280535054369e-01,4.858873612766340111e-01,4.999370890224835717e-01,5.746774358613897515e-01,6.418018122369399947e-01,2.368278419849440819e-01,9.038679765682913203e-01,8.720985821598608023e-01,4.175183484692910896e-01,7.861284452138096457e-01,6.321297336054936267e-01,4.163613004900111880e-01,6.083929039007577311e-01,5.772704410420114174e-01,6.227592680391593749e-01,9.382420724073403662e-01,7.771994580861095736e-01,6.006783566411173503e-01,5.183324798212392004e-01,3.957562347201123432e-01,8.030238374779616883e-01,3.584299477560394243e-01,2.248813041258466150e-01,6.985956985946945030e-01,7.069062784262032384e-01,2.323059693146763416e-01,8.644058792459555773e-01,4.503148647806364258e-01,7.492601944684971205e-01,9.962960498556604483e-01,3.167078692565642450e-01,9.560710787686206302e-01,7.236382577899064250e-01,2.581896083924000163e-01,5.058940747849414304e-02,6.624878295253108229e-01,6.637357652032225275e-01,7.321680641936613165e-01,4.246737946029051636e-01,5.258534506476738590e-01,3.616357608261709378e-01,3.629762732277981574e-02,4.236866474532648974e-01,6.489401132923312554e-01,4.506722779113384036e-01,7.734634966813277446e-01,7.532206697922341210e-01
9.852646430810136913e-01,7.455749423096229567e-01,6.110607707616536599e-01,5.835659633297285431e-01,9.101543037429961069e-01,7.785763022219471807e-01,4.767269038417288329e-01,7.116993788496007722e-01,9.911489265114330482e-01,7.680242209133675280e-01,8.627734716954107430e-01,2.746741431554758917e-01,2.855684947132349771e-01,4.739781477107843366e-01,9.293011635245435054e-01,5.393677893152883929e-01,0.000000000000000000e+00,7.526853649685020242e-01,7.787269459932566473e-01,6.374852060342637294e-01,6.151287323671317253e-01,9.248400647244194861e-01,9.167710164105935533e-01,9.087718702033557028e-01,3.435520086485349123e-01,9.883325159945705041e-01,6.127727732341443634e-01,7.062200630658347356e-01,5.698585401871230083e-01,4.566633178255301018e-01,2.128387048509864099e-01,6.572460905428463285e-01,9.389534445018055120e-01,5.218626296339978765e-01,9.342932509199275426e-01,3.818301440075932418e-01,1.567695727772320802e-01,7.607769927775902552e-01,6.216584057163668797e-01,9.772651414472297571e-01,2.535327952733002488e-01,9.013744449299267991e-01,6.263959154239261418e-01,4.809028979826251993e-01,6.519573175779510565e-01,6.935836772451245968e-01,-9.731379786236139806e-02,6.583409806524624930e-01,4.763674839207662770e-01,6.891262730232847744e-01,7.672862131379361017e-01,5.191498521992505832e-01,8.717276797069366534e-01,6.695229269122573434e-01,7.579375322811690019e-01,6.098107256120465225e-01,7.019908997583085286e-01,6.931872124812533675e-01,6.578133556657721481e-01,4.362715867572028450e-01,4.725651869770972069e-01,5.684725149014899781e-01,5.102663355485320684e-01,6.861568520899287149e-01,6.524301354317439960e-01,5.364203713648542093e-01,7.051052560034898331e-01,5.498329005789893698e-01,3.364730639909697674e-01,9.848103374522547693e-01,9.090215263388514710e-01,6.345828090456382409e-01,4.045078341688986834e-01,3.193875105965127692e-01,8.274501834250304055e-01,8.540717941984689032e-01,4.109248215886241451e-01,6.522700119379979400e-01,5.468678276904279656e-01,1.302733772028530634e-01,7.812778272916618416e-01,4.560649539007606834e-01,9.422052532376647971e-01,5.049230397724128183e-01,7.622626941707900672e-01
6.152115228819999837e-01,6.141705774990180444e-01,5.210442675784436872e-01,5.957571412177393722e-01,9.887596252304393651e-01,4.380282141235713467e-01,8.810531639304163276e-01,5.300587262670340971e-01,6.685460835851724237e-01,5.098092663845136263e-01,2.936610572182534740e-01,6.840036982212744920e-01,6.526877732631912732e-01,6.765830730203512555e-01,4.244562984452156518e-01,3.051121100488427551e-01,7.526853649685020242e-01,0.000000000000000000e+00,6.459926314196806629e-01,7.588267684869574037e-01,7.611823412461031779e-01,2.842147531583534281e-01,7.116851857416741645e-01,5.165081534009179354e-01,3.840862863351579004e-01,5.064810046592320703e-01,6.048124488181095826e-01,2.202114734954559450e-01,4.515815261801696123e-01,3.879937348141203612e-01,7.159026015697506073e-01,9.945631719641239155e-01,6.255824400934428819e-01,7.459283194315859955e-01,6.868715366946874790e-01,4.626046404526766853e-01,4.177556614881727248e-01,4.444762789249291912e-01,8.298250343228525949e-01,3.879864133628382339e-01,5.936493993264739810e-01,2.659109841727101964e-01,9.642484699984885665e-01,3.342966653655466969e-01,8.439217412964610254e-01,8.392196412701709018e-01,6.963211203405098582e-01,2.142095292844218568e-01,2.148274207742707220e-01,4.740649280703678747e-01,3.652318920572695249e-01,7.466155765756661289e-01,6.623754324830732898e-01,9.201421877144995154e-01,8.987970816823219744e-01,6.924946850143310906e-01,6.590397744629915566e-01,2.513640231773613398e-01,8.759776049495938688e-01,6.817016069041748061e-01,5.609387336066066210e-01,5.832094688053907072e-01,6.453688807043174158e-01,5.075050100293492239e-01,7.252242580932930505e-01,4.609771558806089464e-01,4.699834451250482492e-01,8.991214607133424241e-01,3.422527073077315518e-01,8.653003476688434503e-01,7.797895480682232039e-01,6.785172045560433629e-01,5.680185925666154656e-01,-3.528832846355942077e-02,4.738974082714946662e-02,4.118385731541717720e-01,5.029894536024215324e-01,6.336393048059680844e-01,1.108313503854961857e-01,3.706001946853310167e-03,5.397254604843660930e-01,6.053460402428446629e-01,9.469108255568481347e-01,7.391743111249764464e-01,4.959771290978557401e-01
