0.000000000000000000e+00,5.495844556420660387e-01,9.207952725188093268e-01,4.070997118587412200e-01,9.157193677438500989e-01,6.241588005922870108e-01,3.515467568336391180e-01,8.839959966139129266e-01,7.291651158255842979e-01,8.754124401830376545e-01,8.474443852243226383e-01,7.253632416381461390e-01,6.260384879970494199e-01,6.399183604711953244e-01,8.734846030296633534e-01,8.858449235434051605e-01,7.395337267206969489e-01,6.448335512659207902e-01,7.447959410467266395e-01,8.243350592232105978e-01,4.002252868481043224e-01,2.313095775259053632e-01,9.759004319662396565e-01,6.553118907667273563e-01,6.752918100024623005e-01,7.015688598672974452e-01,3.943544178852244064e-01,5.549341484383438772e-01,4.256977534705784216e-01,5.872168476920777147e-01,4.722213762339547705e-01,6.765778686305958800e-01,8.275537233623478928e-01,4.398005780551927923e-01,7.902693221739840457e-01,-3.509669656827385520e-02,2.208689049912496705e-01,6.537203510955735819e-01,7.275683632716729576e-01,6.060717336332015481e-01,3.310095517691370448e-01,9.173256372944910142e-01,4.670964937923227089e-01,7.142701802939174227e-01,9.791596594504299311e-01,3.586854972268348485e-01,1.220797748257017590e-01,4.398390981447964920e-01,6.680026530473129887e-01,4.798515064352092963e-01,5.853619998164079075e-01,9.695810069246630913e-01,8.309157690127937368e-01,4.154911511823705106e-01,7.510453384736405225e-01,6.626461663616947106e-01,9.699054356405618638e-01,9.718093154071596462e-01,5.678218492406738038e-01,-8.095938505379078609e-02,5.986200158855875531e-01,7.785875353787405917e-01,9.835317949006581184e-01,8.722383061884442235e-01,5.989330979834165403e-01,6.862812156476452152e-01,8.517480247217097400e-01,1.111319072185026902e-01,5.859692408839386468e-01,7.217439181224731826e-01,5.649343254211287579e-01,4.429312806323734697e-01,3.665276641498427246e-01,3.038046810416678012e-01,8.834616493199437537e-01,6.627531623740198219e-01,8.763287503731914674e-01,8.778336982378940334e-01,5.561801288951322420e-01,4.645029291147913519e-01,5.658427313494709399e-01,9.012079293579356998e-01,6.116356821956763223e-01,7.279714278936793015e-01,6.517158625728339816e-01
5.495844556420660387e-01,0.000000000000000000e+00,9.926324305238363177e-01,7.671847706846185444e-01,4.604417112261480205e-01,9.028809811645943650e-01,7.221735800898917423e-01,5.995085730867005802e-01,6.110157205568718108e-01,8.594334654338271484e-01,9.730706607977782641e-01,2.811619471077142496e-01,1.638083315870315915e-01,3.876925494368445024e-01,4.330084521910641526e-01,5.530506394590432029e-01,2.739198924195523355e-01,6.285559139066509982e-01,6.874924052961989274e-01,7.647184183682211867e-01,9.005391504133645197e-01,6.955924857217329338e-01,7.163395884008084691e-01,9.875857009987667467e-01,5.532934183167934616e-01,5.025543947730974903e-01,6.948895462583616345e-01,5.779562577967998216e-01,5.935133418052764842e-01,3.931396113626439703e-01,7.506969032839945488e-02,4.083069257654325934e-01,4.431655048061609037e-01,8.066286085564049468e-01,3.158323916080192362e-01,2.407123261860953933e-01,5.540359576856042079e-01,7.602714181315293196e-01,3.038068375339326721e-01,9.573019174470253079e-01,2.316563522419522736e-01,9.421196019635786900e-01,6.310782258434340930e-01,2.868434586080492732e-01,7.916596425972505235e-02,6.562848917736938681e-01,7.914956757712942048e-01,4.838578342391818277e-01,4.236956821738081524e-01,4.698927774615498931e-01,1.193642944866148969e-01,6.582177551534924564e-01,8.876378878432268360e-01,8.853491702276511388e-01,9.108158054529530423e-01,8.513341274392133284e-01,5.541284710358176380e-01,6.385998202137826985e-01,4.311229804250991671e-01,1.186361638923891793e-01,5.719117971139946466e-01,4.595347124755312929e-01,5.263960329954888717e-01,8.168304868198259516e-01,4.276681093015112789e-01,9.517743716165870671e-01,6.662414935250203785e-01,9.664062489588667315e-01,4.876832839833200595e-01,9.058188949254082356e-01,6.464042460002865642e-01,8.780000710848728795e-01,6.676380788890402540e-01,5.378124745069013946e-01,5.621995685788329089e-01,8.805674418250934998e-01,8.523787135328767528e-01,2.988317944116540281e-01,3.384343940820300212e-01,2.393671567417821056e-02,5.004074821579862498e-01,4.453546950619405309e-01,5.122402745536974722e-01,1.375933330896285112e-01,2.682358819711461728e-01
9.207952725188093268e-01,9.926324305238363177e-01,0.000000000000000000e+00,6.231593755315528727e-01,9.901873711525243094e-01,7.476993867141557004e-01,6.889511880659177079e-01,8.135461501222198688e-01,4.609187122991099117e-01,9.229165453912249184e-01,8.887037734713737480e-01,7.249692028988459214e-01,3.932759175997572187e-01,6.480149817072466956e-01,8.645095939662645890e-01,3.655441108169542597e-01,6.416265533637370844e-01,7.354010623118050205e-01,4.939869147235680380e-01,8.050265820105688697e-01,6.848411979707903496e-01,9.913978734230008971e-01,8.826737001824578321e-01,7.501479517172353617e-01,5.089605221960078474e-01,2.296716226760882607e-01,2.546046669806242835e-01,6.353779842177861292e-01,2.592784237432006755e-02,6.155283392516501806e-01,-1.165524138555268513e-01,2.192460078622666675e-01,9.959102216718000999e-01,5.983110493946069974e-01,8.497144181645320815e-01,4.687149500166671312e-01,-1.144098613401554609e-01,7.668228782472079619e-01,5.209448847333408850e-01,5.025280718295765947e-01,4.434114168436986136e-01,9.356534994271745731e-01,9.429535446819807820e-01,7.309917102460681271e-01,6.193001877643674602e-01,4.382173275399108281e-01,9.497802777776802596e-01,8.495220253875108707e-01,6.231696572344190832e-01,7.584985231180568777e-01,6.983331608611036412e-01,6.440517499221828368e-01,8.210515126358884919e-01,6.646345806104759779e-01,7.471619794652775148e-01,5.471433963199922035e-01,9.005225171779355220e-01,8.185856450053057287e-01,7.332221657066809728e-01,4.656546336037428735e-01,2.504361668713228073e-01,8.226858559539609317e-01,9.375675753622940700e-01,6.301667407386500885e-01,2.664578361896595138e-01,7.636853203030671278e-01,9.262480985497776320e-01,7.558029725681375544e-01,7.397195524604165406e-01,9.903438432669129377e-01,9.649059987887400602e-01,7.256089163326999714e-01,5.343093936042729863e-01,2.217695037118594392e-01,6.062801391959830033e-01,5.094647390343526316e-01,4.542774202136334316e-01,7.283220914274187718e-01,5.800529674109276002e-01,1.404054553253902271e-01,6.953198376445414164e-01,7.351480108023278337e-01,8.387502635367933834e-01,6.696213438226371606e-01,7.030743233767375866e-01
4.070997118587412200e-01,7.671847706846185444e-01,6.231593755315528727e-01,0.000000000000000000e+00,1.278424624639045715e-01,2.784897467157021467e-01,7.787269586848071246e-01,4.274346410610458946e-01,8.578011558478377818e-01,8.645472705875426600e-01,3.600663461716542280e-01,7.906431413869776659e-01,5.712060133838622322e-01,8.870356414370217379e-01,4.541125709297861857e-01,7.506546931240399845e-01,4.366666067452982802e-01,9.816984437464327806e-01,4.539072485115067113e-01,9.800550405440147106e-01,8.080574944162448592e-01,7.915990841985528492e-01,9.430711321740455899e-01,7.167019155496584526e-01,5.416625265975391068e-01,2.697429994753107185e-01,9.070490648789047983e-01,8.111955533867785118e-01,5.702990455074377074e-01,2.017670447932082278e-01,6.646490832269768001e-01,2.255700919553099149e-01,5.150101819564804062e-01,9.177899393566966157e-01,5.811112331617456217e-01,4.174056554700738414e-02,4.412062681011974519e-02,4.893234232852295973e-01,8.797052679953143439e-01,9.407349125234338860e-01,4.275177762302677098e-01,8.529704161271153273e-01,2.614175938219381323e-01,4.314220400367468899e-01,7.518077354712530136e-01,6.718042560079788839e-01,8.980374071774775979e-01,6.022088347306927547e-01,8.330908760192018425e-02,4.826187246565384337e-01,4.236655382794447533e-01,1.086595990282887558e-01,7.702805825589396083e-01,9.570211907600866263e-01,7.258870918110793546e-01,6.665802756841341381e-01,8.257775036547089220e-01,4.945409936816657637e-01,6.146270733831437072e-01,5.237812479700105772e-01,5.024453381611407865e-01,8.965884394007913594e-01,3.365076990090589137e-01,6.655877547410772310e-01,2.834862015795434620e-01,5.124837015857426348e-01,7.632723030678211229e-01,9.650748333940969426e-01,7.812008816789366428e-01,6.563754725257407996e-01,7.159569576233526522e-01,8.491339782482115739e-01,2.574594178200518835e-01,4.346407095760911332e-01,5.961689838208308334e-01,6.178051668577677624e-01,5.049226383383211836e-01,1.671813104388715221e-01,1.570685421536370252e-01,3.436307196430474220e-01,6.373313495979500143e-01,7.123398299204156681e-01,4.714236606647009276e-01,3.600879512846748565e-01,8.650610558540596795e-01
9.157193677438500989e-01,4.604417112261480205e-01,9.901873711525243094e-01,1.278424624639045715e-01,0.000000000000000000e+00,5.051076506885294748e-01,5.006178431563488296e-01,4.302747269365312932e-01,6.927574607888189462e-01,7.626789173234191921e-01,2.900435389211696302e-01,6.176668341949538288e-01,6.932918552693132508e-01,6.017248100781926734e-01,1.822088086190329637e-01,7.593264712199387922e-01,2.060546634819638290e-01,9.610680223109558939e-01,2.459438434288324926e-01,9.797506504147501794e-02,4.048018800948463003e-01,2.779999186343243833e-01,9.404202979689115782e-01,9.219422010651235899e-01,5.166666708656512119e-01,2.161520672967413292e-01,8.132981189408580169e-01,4.521019128549188526e-01,4.105678069279418141e-01,2.950533926772030968e-01,2.193531194098087556e-01,2.557996151047836619e-01,6.701381064219573691e-01,7.489509430548997315e-01,5.685745747820358797e-01,1.296192387778950517e-01,1.614447949103586244e-01,6.144440222838095655e-01,8.482105050141045544e-01,6.332702463642362334e-01,4.862388531096329403e-01,9.850573155291270089e-01,6.833138811703513005e-01,7.598364055030537578e-01,5.479870041496054389e-01,5.324256505708619969e-01,3.526094819831960825e-01,2.290158739364301921e-01,1.794218556924725427e-01,5.465856411419687255e-01,4.560792605350087459e-01,8.760205540862266993e-01,7.554326020609180015e-01,5.898613708674211864e-01,9.840282175116643604e-01,8.539201366437173535e-01,7.102733664372515854e-01,5.135396900899147354e-03,8.410947085562069381e-01,4.945958324590569166e-01,5.683243404521254316e-01,7.259019900457724939e-01,3.221668747446089220e-01,6.814306755031017682e-01,6.713164924457597493e-01,3.567087527927323976e-01,7.281237813533596448e-01,7.184185688507933598e-01,2.196943814720885291e-01,5.687780941334107387e-01,9.380503942998805744e-01,1.183478450082193212e-01,3.638201366555371408e-01,5.509053999802733248e-01,6.386992485986693335e-01,6.943725008505076124e-01,7.867834636651989122e-01,6.738605243596004213e-01,2.108472337700205146e-01,-1.507584096468035650e-01,6.539554374320113439e-01,5.293829726922402168e-01,7.294609918386143477e-01,4.422898581002376317e-01,7.785099832409666520e-01
6.241588005922870108e-01,9.028809811645943650e-01,7.476993867141557004e-01,2.784897467157021467e-01,5.051076506885294748e-01,0.000000000000000000e+00,5.701435586276968337e-01,6.028154862844302686e-01,3.817697860342290639e-01,7.175112019858975732e-01,3.033528705793218094e-01,2.585858390324385914e-01,6.666895400042318620e-01,9.016600786111257371e-01,6.682492926080186441e-03,4.521992738999766059e-01,2.688564157938246879e-01,5.914065518645070796e-01,1.277844285394168500e-01,7.552057643577453350e-01,8.448638584213630232e-01,1.691966134083129347e-01,9.208827628874123317e-01,7.071444814298474268e-01,4.301948589171596948e-01,6.247194143577221581e-01,5.264336938926812426e-01,4.723608638716944585e-01,1.609972348650204055e-01,6.061390768743611934e-01,3.162226453478166888e-01,4.557020787082171620e-01,9.200401847519514842e-01,9.230467230011719648e-01,5.453176020103516208e-01,2.170252746247265663e-01,2.939338961941603268e-01,5.971091681596050194e-01,7.169311595005245508e-01,6.707551408701349915e-01,2.924326555669693462e-01,4.275047315980032847e-01,9.485140278751313936e-01,6.936576605632153170e-01,9.108569975944179609e-01,7.188030754197056726e-01,8.745409460146640335e-01,9.215009048664734026e-01,6.167994862713690463e-01,2.606466390807370415e-01,6.840823997727365491e-01,4.452331493779641547e-01,7.484626813025578862e-01,4.881750637174410712e-01,7.730586214580873472e-01,6.085839667915960982e-01,7.010047872560387638e-01,6.551118245150732156e-01,7.394091900555208596e-01,6.830121308957766146e-01,7.738524560423872822e-01,7.330237825800034468e-01,1.933812562951708613e-01,6.804359438769302937e-01,4.428802581277088146e-01,2.795326389046389193e-01,6.924150254610685895e-01,8.714460209897122445e-01,7.594013887019691600e-01,5.127990483731904581e-01,9.824290152438982515e-01,8.188455344228245947e-01,6.754720470576068836e-01,4.624602173672323624e-02,7.071454281860810598e-01,6.201957186886499773e-01,4.401623604400515255e-01,7.883777275789602967e-01,4.526074201363766009e-02,5.596246676573195522e-01,7.581144093829895736e-01,8.541662353824990284e-01,5.794161953112241248e-01,5.683325161372548839e-01,4.794400764530127312e-01
3.515467568336391180e-01,7.221735800898917423e-01,6.889511880659177079e-01,7.787269586848071246e-01,5.006178431563488296e-01,5.701435586276968337e-01,0.000000000000000000e+00,7.688069728379879342e-01,3.218192742028518349e-01,3.675680932783013111e-01,8.572389113649782066e-01,2.010673610426782498e-01,3.463046191946779206e-01,4.260038200614831294e-01,2.004200867878305203e-01,3.759891070355738663e-01,2.279131451279894638e-01,5.647953133527729985e-01,7.126100974580681369e-01,9.563441716912884916e-01,6.077980736644978954e-01,1.430841040839716562e-02,5.342555334721623694e-01,5.878454994140234202e-01,7.994423762545230794e-01,2.375632199587949384e-02,5.952721623154417774e-01,4.190932760537491308e-02,5.554667823634533708e-01,2.548318433995705456e-01,6.023769418396524022e-01,6.934819030599751466e-01,6.476918192279741415e-01,8.206448285520583086e-02,4.872765001440451105e-01,7.034866692386362308e-01,2.060703462126767249e-02,6.228100845388435669e-01,6.897771009854586355e-01,7.419792650178679283e-01,5.655587947299917095e-01,4.008435461329812877e-01,6.951905016612998089e-01,2.625147259950557643e-01,7.513350614288578644e-01,3.818387022928802083e-02,5.912585969430301791e-01,4.735484267129986269e-01,1.567756475294734830e-02,5.451165937670532369e-01,3.060032898169082194e-01,5.516964270568684992e-01,8.681811435457404968e-01,4.469366306219003104e-01,4.666102956340041352e-01,4.566398329826861779e-01,2.906077417468038160e-01,6.463977922474200000e-01,9.034422259751365702e-01,3.745399573555480144e-01,5.805901243169081516e-01,5.029182055242295002e-01,4.472757833906360059e-01,6.617700398593436839e-01,9.741491439250402617e-01,6.618374454534657891e-01,5.763004104251787663e-01,7.431175965962695251e-01,4.431490259241580576e-01,8.878617192647552114e-01,7.397963630916020161e-01,6.597734430847421727e-01,1.930237386168661695e-01,4.009000284373636647e-01,7.673817531769639988e-01,1.191920962135277762e-01,5.861409890381794607e-01,2.756318842510661060e-01,5.087764742304545784e-01,7.647236416017546556e-01,6.628063464744160527e-01,9.287195430545230890e-01,5.817855402541396437e-01,4.820727888848208575e-02,4.470828353256195986e-01
8.839959966139129266e-01,5.995085730867005802e-01,8.135461501222198688e-01,4.274346410610458946e-01,4.302747269365312932e-01,6.028154862844302686e-01,7.688069728379879342e-01,0.000000000000000000e+00,3.420896314879168232e-01,4.646552383881168979e-01,3.407414842622382700e-01,6.342635778986328576e-01,7.733757107268104392e-01,6.624608501697913931e-01,3.543328340017702915e-01,6.474340547798085321e-01,9.419321444695616385e-01,-7.262068268802157611e-02,4.308569441752695961e-01,5.676016790947613355e-01,7.504926628431047853e-01,4.079435233477036737e-01,2.457543479254389526e-02,7.101943096744802730e-01,2.527873576603262284e-01,7.062403327235649009e-01,5.490626222590704320e-01,4.366799464820577681e-01,2.849180675520621708e-01,1.689458040906499777e-03,3.498160416277804607e-01,3.078377134710372220e-01,6.425218919854200905e-01,6.932293565916030076e-01,6.222346672805150192e-01,3.461219965340698868e-01,3.847697866064390682e-01,7.305965309288298126e-01,7.958833232475064356e-01,6.871431723543713899e-01,2.324664115112534124e-01,2.715963611142772072e-01,9.991420878666469330e-01,5.937914887013963083e-01,3.639976340086658602e-01,8.277933512852798659e-01,8.952508268653592838e-01,1.796057918880550330e-01,6.608790898829534077e-01,6.286339074981636132e-01,5.945391768355348106e-01,3.904609133248245767e-01,4.836878961936724175e-01,4.980964883277794186e-01,6.615003716754479512e-01,9.092071764855396143e-01,7.939942934265942220e-01,4.925304623009271188e-01,9.646306815267632340e-01,1.389375795093563959e-01,6.710010651413382821e-01,4.365118365215916452e-01,2.940186413415275812e-02,5.268766583827071415e-01,3.165261387747198008e-01,7.663607218183592362e-01,9.753806230360277940e-01,7.389680715529827193e-01,4.603024467811506204e-01,5.475985205627893482e-01,5.124228790556759616e-01,4.028753731528879056e-01,3.683688570418388597e-01,5.136573041097566295e-01,5.609051959647520791e-01,7.442582040101626273e-01,2.176784137985615097e-01,7.412561272139345236e-01,2.050160052171116076e-01,4.419186181098654354e-01,4.314723805208712792e-01,6.188156173681034211e-01,7.595777395969808277e-01,3.633618169305919028e-03,5.767369316003906343e-01
7.291651158255842979e-01,6.110157205568718108e-01,4.609187122991099117e-01,8.578011558478377818e-01,6.927574607888189462e-01,3.817697860342290639e-01,3.218192742028518349e-01,3.420896314879168232e-01,0.000000000000000000e+00,7.913304499262370229e-01,7.564774793171504808e-01,5.451051817291812096e-01,6.855963340006903106e-01,7.184758800749703189e-01,5.064754016243380175e-01,8.369573094150226655e-01,7.692818555226261790e-01,1.425857505656597801e-01,4.999589459941747305e-01,8.615076211700671838e-01,8.332567656292574343e-01,7.552711619797072284e-01,4.832843227808583664e-01,5.026863767622462564e-01,9.004578627392023638e-02,7.588471818699371596e-03,5.671198156586232386e-01,3.499891144192118775e-01,2.566443560968318938e-01,2.612941762243219945e-01,5.544134410611496477e-01,3.589869067474169562e-01,6.266550911896475728e-01,6.021417965487352308e-02,5.880742501978714065e-01,4.131119889287514502e-01,5.203148473630823112e-01,6.360198633385408806e-01,4.178255317617030618e-01,7.910749327975987732e-01,5.703245161531836915e-01,2.682914975681799374e-01,7.811608903439378748e-01,5.965527040111100465e-01,8.480582188422849388e-01,9.467114778234784200e-01,6.109338980245029305e-01,6.190393706151974262e-01,8.756408187404725041e-01,4.151175518238960915e-01,4.581561922530382747e-01,5.237297783797023598e-01,8.522344333159259655e-02,5.950678175957937466e-01,9.049364157400822117e-01,-1.117621136436641738e-02,6.928502358178674214e-01,9.713277647672292625e-01,8.357089973799569638e-01,5.021235085949466992e-01,7.551792882606799262e-01,4.009431448256774999e-01,7.842359570109298517e-01,8.323049777326055887e-01,7.965258622958744095e-01,7.350672832971565374e-01,7.152152908356079752e-01,6.223796672628609805e-01,5.938384329972967723e-01,2.947076972079301083e-01,5.736962712995991032e-01,1.436578393920773800e-01,5.245331647880139281e-01,5.847045705985193242e-01,3.728602643450874554e-01,4.074739942724437958e-01,7.400804071642227422e-01,6.714789771881461977e-01,2.706370873323717952e-01,4.622415567224967825e-01,5.853914569505398457e-01,8.215854311171533197e-01,6.100927743898756361e-01,7.781765619155380787e-01,6.021354108492216195e-01
8.754124401830376545e-01,8.594334654338271484e-01,9.229165453912249184e-01,8.645472705875426600e-01,7.626789173234191921e-01,7.175112019858975732e-01,3.675680932783013111e-01,4.646552383881168979e-01,7.913304499262370229e-01,0.000000000000000000e+00,6.364757788310043685e-01,7.634839323553871404e-01,9.077153527861691051e-01,3.602615075648124554e-01,9.660944731138653152e-01,7.010210597787501496e-02,3.144045983727210003e-01,4.425009356236316860e-01,5.628863940568282764e-01,6.071523526981084107e-01,6.613286462441978486e-01,3.465979883237776393e-01,6.828764353611829208e-01,8.000073514013078535e-01,6.222631520893535662e-01,6.789792266021579259e-01,7.475642958972316121e-01,8.940962292370340236e-01,5.089750095196852175e-01,6.437003311048013210e-02,3.674489309835887729e-01,7.418670644311162743e-01,7.080193698054559892e-01,4.368031134192225662e-01,6.491220609430251587e-01,5.915708709760687523e-01,2.876401922941297373e-01,7.021820862948618958e-01,3.524115884854198688e-01,5.845638440182181483e-01,5.088659860516068223e-01,5.573469210213225500e-01,4.824100906813890144e-01,5.489797396012315867e-01,8.141300750655544594e-01,4.216829397014896230e-01,8.016635558518439564e-02,7.226607162863201150e-01,6.347210308268792511e-01,6.488421815957451377e-01,6.536569251465955688e-01,8.136870352585323651e-01,6.000582759670020083e-01,3.659083979086206750e-01,5.264349854520904426e-01,9.553084978186738851e-01,6.006451718193779321e-01,9.176766290252006408e-01,7.660041431878603646e-01,7.578233000965735044e-01,2.912826460030382147e-01,6.526012160096966719e-01,4.486826686321386259e-01,6.949836838125131866e-01,5.049937379373531376e-01,6.039328975249627085e-01,8.183967454366768424e-01,6.819737124765472558e-01,7.483686995052101221e-01,7.403433725278932842e-01,8.818053591661021429e-01,1.906720558405952393e-01,-3.334458701481396448e-01,3.982980380330507497e-01,2.747779251983667459e-01,9.589320272168472270e-01,6.322726061456596103e-01,7.058418475416257110e-01,-1.193548231228163115e-01,4.870694134339407788e-01,1.346365561529311028e-01,7.796556885530052661e-01,2.627422797138724286e-01,5.347655314584127684e-01,9.980272088787867091e-01
8.474443852243226383e-01,9.730706607977782641e-01,8.887037734713737480e-01,3.600663461716542280e-01,2.900435389211696302e-01,3.033528705793218094e-01,8.572389113649782066e-01,3.407414842622382700e-01,7.564774793171504808e-01,6.364757788310043685e-01,0.000000000000000000e+00,4.011451256305464952e-01,9.424421414859944779e-01,5.868028701483879450e-01,5.250736070223489538e-01,2.191745759379847003e-01,7.409472898691185083e-01,4.771497544480612918e-01,6.717143689039862808e-01,8.927709522217757154e-01,8.606715701022369380e-01,9.555621708545543325e-02,8.313033762915860159e-01,2.022493009806964614e-01,5.165449260117359609e-01,5.643302586273449828e-01,6.403254518226610958e-01,8.757222819154478755e-01,4.971498510380899516e-01,1.501104308072903071e-01,4.740561230846159768e-01,4.569225829134184180e-01,4.386851894563629783e-01,5.278897804665774185e-01,4.747544608684216572e-01,5.348567960100969465e-01,5.562785508281596902e-01,4.751387352126648089e-01,4.852822873052171637e-01,6.070477602129782380e-01,5.060539970997666170e-01,8.120562266579934851e-01,7.192425542966818242e-01,6.994553526524170950e-01,7.653299251337499776e-01,5.836692116291137822e-01,6.180493182903180616e-01,5.829349195184351240e-01,8.974298541065214296e-01,3.432080089689365510e-01,6.688538549538443068e-01,6.950992905402196831e-01,6.240488699737111178e-01,7.700809261013766838e-01,9.521064900568385614e-01,9.870889658620980445e-01,4.915786136000840911e-01,2.918141497193693645e-01,6.658740788392503163e-01,1.199086674369986699e-01,5.642046691262866398e-01,5.264267721428186331e-01,4.460363197466857832e-01,6.857608092724895021e-01,9.025536797096032071e-01,1.002668714544199952e-01,7.656172843996731370e-01,1.546975854015122422e-02,7.636945428789103651e-01,4.955565227334139400e-01,7.976372430335870733e-01,9.265793481900058692e-02,3.077530592702095724e-01,3.256505529671892551e-01,5.551150285888437619e-01,3.346422945712812513e-01,2.441909290547404354e-01,1.510893900518065491e-01,5.731608362673517032e-01,2.298981178508011924e-01,7.965644509031613030e-01,8.861730697290540748e-01,7.677478006726290438e-01,5.928418279284711767e-01,7.279684372372707823e-01
7.253632416381461390e-01,2.811619471077142496e-01,7.249692028988459214e-01,7.906431413869776659e-01,6.176668341949538288e-01,2.585858390324385914e-01,2.010673610426782498e-01,6.342635778986328576e-01,5.451051817291812096e-01,7.634839323553871404e-01,4.011451256305464952e-01,0.000000000000000000e+00,6.831044086000712667e-01,8.688431359850879998e-01,7.337481279653257360e-01,6.616063363947817244e-01,4.695403708426820755e-01,7.296728304253031760e-01,6.699966192430071299e-01,6.900675347958504791e-01,8.135317720169458200e-01,7.389624001320079794e-01,5.304229236507478351e-01,5.273039282328891852e-01,2.181019014556599134e-01,7.110169865080758766e-01,3.586442412555947978e-01,6.807039916344629349e-01,5.652909324894678234e-01,1.350871699968418382e-01,3.847846807283288317e-01,7.163094338649956816e-01,4.370754445266498145e-01,9.196758734137419067e-01,8.555640469160008532e-01,7.165040454446578444e-01,4.008907146184290116e-01,7.790166273084641047e-01,9.932465973202373455e-01,7.243681360383531498e-01,8.759449192174195709e-03,7.708748576911781392e-01,6.466000587068060357e-01,4.522816756940228333e-01,8.488734542029157115e-01,5.724770063963295907e-01,2.409751013912412865e-01,4.415273158833756262e-01,6.999193495869876491e-01,3.758686883582298410e-01,4.091401768726384280e-01,7.638240804525271432e-01,6.116940029655841826e-01,5.748951593883933064e-01,6.676914918959439005e-01,6.125945215258276066e-01,9.609246957985824178e-01,3.695646524932632571e-01,3.702235106386896346e-01,5.513827239035584693e-01,2.797337022025980779e-01,6.651094672929015461e-01,4.323754372605650431e-01,5.426637551834206930e-01,5.878133972451530243e-01,5.037137768936055249e-01,3.285190907437717245e-01,5.134099624877552781e-01,3.386354016375680009e-01,2.984266314089163707e-02,6.057382725904320031e-01,9.318405371594382647e-01,4.962627845327219900e-01,1.752146545777223119e-01,3.997506569731183457e-01,5.770331870979422684e-01,6.728881286907909542e-01,4.189327071111019762e-01,2.021320155480519631e-01,2.305484682793488282e-01,5.359857552485431942e-01,6.345097949560793982e-01,7.471988780291828336e-01,5.132992285767614682e-01,8.196524916786960269e-01
6.260384879970494199e-01,1.638083315870315915e-01,3.932759175997572187e-01,5.712060133838622322e-01,6.932918552693132508e-01,6.666895400042318620e-01,3.463046191946779206e-01,7.733757107268104392e-01,6.855963340006903106e-01,9.077153527861691051e-01,9.424421414859944779e-01,6.831044086000712667e-01,0.000000000000000000e+00,5.622207783684464166e-01,4.665141672593985378e-01,6.951640366686807626e-01,5.741161768311942026e-01,7.167115448901671959e-01,4.942438149847172557e-01,2.144533996278494559e-01,6.512881020906665652e-01,5.109211958865290670e-01,9.943169128706059734e-01,8.967790492322466056e-01,5.172662642276761868e-01,1.658286838712509925e-01,7.959581758874165747e-01,6.188291716224488814e-01,3.285381723780508301e-01,5.392376072965505696e-01,6.550688921279328447e-01,5.544731940761320477e-01,7.846922377680426441e-01,6.997869985486193656e-01,2.085021075860522544e-01,2.864189490662529813e-01,2.781070924394650201e-01,4.423918635669441546e-01,6.296628146316823882e-01,8.818892978950492179e-01,4.043419057136413142e-01,8.268641142480511741e-01,8.557958970781339714e-01,6.376919728198168213e-01,5.196252932170468686e-01,9.174417292487776487e-01,7.716850967636120773e-01,7.968855324611107127e-01,4.552784483246785086e-01,5.235722869823480341e-01,7.565629383932820362e-01,4.842707621474778845e-01,8.720604186805660518e-01,4.151802943765195431e-01,4.295114912023864084e-01,5.605653974160733632e-01,4.804202921485555833e-01,9.986792273877378445e-01,9.812519921969584669e-01,2.193921737691039431e-01,3.765974369359572638e-01,7.393037791384186042e-01,7.376949765942644177e-01,9.366589328001012627e-01,4.824753126250203583e-01,9.935287815425508651e-01,5.295636642249088588e-01,2.674512731121789777e-01,3.307126949497802282e-01,8.155872440924100131e-01,7.784003125717614546e-01,2.435565444365789811e-01,6.415938361722024752e-02,4.532476263909507863e-01,4.374055155206561518e-01,7.188040538784268296e-01,6.903994874905742263e-01,7.659433890365776598e-01,1.345701305409284232e-01,3.809292510716977276e-01,3.165453933624635674e-01,6.884715106454672995e-01,6.255694776232965104e-01,5.918220784980062765e-01,7.093838065215585242e-01
6.399183604711953244e-01,3.876925494368445024e-01,6.480149817072466956e-01,8.870356414370217379e-01,6.017248100781926734e-01,9.016600786111257371e-01,4.260038200614831294e-01,6.624608501697913931e-01,7.184758800749703189e-01,3.602615075648124554e-01,5.868028701483879450e-01,8.688431359850879998e-01,5.622207783684464166e-01,0.000000000000000000e+00,4.059302134318810151e-01,5.312400607266943853e-01,3.577450491146763056e-01,8.795267592625788389e-01,6.308352655476859860e-01,3.643279138552841800e-01,5.321018016932709260e-01,2.974394495355331403e-01,9.849074529012002976e-01,9.426085317733557956e-01,4.342611036448202344e-01,6.522297515308245197e-01,8.108841087721512242e-01,8.474969443554043469e-01,5.872080696501470465e-01,3.952167737190914742e-01,7.939622796979834973e-01,6.128073611226934198e-02,8.927677356040674139e-01,8.717010959538570303e-01,5.714784426060163236e-01,7.641597075216863821e-01,1.607115949213571149e-01,7.453949015038335846e-01,5.354368890460052821e-01,6.726590018668056059e-01,6.498232581656733231e-01,9.467296822177846405e-01,4.972380924761504728e-01,6.527419276425003858e-01,4.745100714007143838e-01,8.068721434621383137e-01,4.990560569385895651e-01,8.430995224709326719e-01,9.988067588294069488e-01,7.813869139126233820e-01,9.441809959452853729e-01,6.474279230764639070e-01,9.980006881596266144e-01,1.457860471288476845e-01,3.463194304322358974e-02,9.498912229614963065e-01,6.225095011900229069e-01,8.914206396821774403e-01,6.229453636599021626e-01,9.547739226349267749e-01,4.219169260126826027e-01,7.194531878314575080e-01,9.106355359984678044e-01,6.861745855162205698e-01,5.688998167020029723e-02,5.158129134555897721e-01,2.008010476831651459e-01,9.889265380499692171e-01,1.027239194063742089e-01,4.293724105719297079e-01,7.217157749962037627e-01,7.081222953497625650e-01,1.937388149974249574e-01,5.847121884362445343e-02,6.487464372266229518e-01,9.514927661467785514e-02,9.609280903571737475e-01,6.922536243698664826e-01,6.065921142007325113e-04,4.826779409240958829e-01,8.778815357516358553e-01,5.122886064837642861e-01,8.564907041448653890e-01,1.243349122891509312e-01,6.375754791581538239e-01
8.734846030296633534e-01,4.330084521910641526e-01,8.645095939662645890e-01,4.541125709297861857e-01,1.822088086190329637e-01,6.682492926080186441e-03,2.004200867878305203e-01,3.543328340017702915e-01,5.064754016243380175e-01,9.660944731138653152e-01,5.250736070223489538e-01,7.337481279653257360e-01,4.665141672593985378e-01,4.059302134318810151e-01,0.000000000000000000e+00,6.881296116838652166e-01,7.214556774990290577e-01,4.043366319899173722e-01,4.142104050103040391e-01,9.080575868073876844e-01,8.318826272520111198e-01,6.593394465633495294e-01,7.391416003087121211e-01,8.937843980148343359e-01,1.918959158905431672e-01,4.079602319693107493e-01,3.729746971617139972e-01,6.372861401152150052e-01,5.964364152512731110e-01,7.880580969608704800e-01,2.962802674691081273e-01,6.723178876414516170e-01,3.524985710559568330e-01,9.202199850866785713e-01,4.233766965544431549e-01,4.838611865589159677e-01,6.519886924624165303e-01,7.263654212626322604e-01,4.673209475167718896e-01,7.263084005224988982e-01,3.966539533252540495e-01,6.527160484581202571e-01,7.893859945312651227e-01,7.341855840027100566e-01,7.529871328380544071e-01,7.216367682334000611e-01,7.715215302953721821e-01,8.657215752257528818e-01,7.519707840713880653e-01,9.902800407166074681e-01,5.743378304657730249e-01,9.307086045942387642e-01,7.708393310154346700e-01,7.677382486070134515e-01,2.996136295967727903e-01,4.001864382567297262e-01,3.808465414079343914e-01,5.413400603286371293e-01,9.610957177341313828e-01,7.132957879949053392e-01,4.193148124821485245e-01,6.886444754788535461e-01,6.678067286133317904e-01,8.294442793526651814e-01,6.692385644596796634e-01,7.528214959810761719e-01,5.484796543514741662e-01,5.171537138958309798e-01,6.744458292957100642e-01,4.474948808733066885e-01,8.823780066450552795e-01,7.656086770821182164e-01,1.142754629172925140e-01,3.460437571471985385e-01,5.169249135045100862e-01,4.028614970935621709e-01,7.647623202092392880e-01,4.823969734921294550e-01,2.333703640536915758e-01,4.522576379400863877e-01,4.119546465271896607e-01,2.938490586657683812e-01,7.408768186109796483e-01,3.660121563107123777e-01,5.206545522509926638e-01
8.858449235434051605e-01,5.530506394590432029e-01,3.655441108169542597e-01,7.506546931240399845e-01,7.593264712199387922e-01,4.521992738999766059e-01,3.759891070355738663e-01,6.474340547798085321e-01,8.369573094150226655e-01,7.010210597787501496e-02,2.191745759379847003e-01,6.616063363947817244e-01,6.951640366686807626e-01,5.312400607266943853e-01,6.881296116838652166e-01,0.000000000000000000e+00,6.768244899047622942e-01,4.221951159669855569e-01,5.117345004871401981e-01,8.620429934949788153e-01,5.923236910531620714e-01,5.677142261149377145e-01,5.462412467843044128e-01,5.118441865963624382e-01,7.529431849342091976e-01,1.758403916575496939e-01,4.492473475199979527e-01,9.606606676227009700e-01,5.464927370625337621e-01,5.752387822977544918e-02,6.981745183019189005e-01,5.117873025134208609e-01,7.696975508049899162e-01,4.012700023938464700e-01,5.563614335942902445e-01,4.372391767306434973e-01,4.310416507629669658e-01,7.279343462285174926e-01,3.298099242133915587e-01,1.718441490307229813e-01,4.624626848663273559e-01,5.082183878154290513e-01,8.240585288103720041e-01,6.833002970875838855e-01,3.271174846103629408e-01,4.022223756364822767e-01,4.766384624433647743e-01,5.755424206049406521e-01,7.151351053762124987e-01,7.958082841848916900e-01,5.482872257521418380e-01,4.323834779383876614e-01,9.217040588801236334e-01,-3.145641270877830298e-01,9.694938089188025465e-01,1.608561836842418435e-01,6.590991772607150967e-01,4.030168624092757002e-01,8.096769225811738524e-01,4.003149490222346896e-01,8.463145494446569495e-02,5.694500938462828676e-01,8.731071782993889974e-01,7.066357146505861664e-01,9.172484177492697954e-01,6.395228554000143006e-01,-2.066198042535896673e-02,4.281549580754996365e-01,2.801082916095544717e-01,-1.313378124253630763e-01,7.938961793123040511e-01,7.282405718188447175e-01,7.651228394763693874e-01,4.747511746291327439e-01,4.520282575655083512e-01,5.992649914332830452e-01,6.516280741689099987e-01,7.061209333356063267e-01,2.451572341926338827e-01,1.501538119894186563e-01,6.079932631794411346e-01,8.548729705944226875e-01,5.447242641455524170e-01,2.473480321922134073e-01,6.325034185287278232e-01
7.395337267206969489e-01,2.739198924195523355e-01,6.416265533637370844e-01,4.366666067452982802e-01,2.060546634819638290e-01,2.688564157938246879e-01,2.279131451279894638e-01,9.419321444695616385e-01,7.692818555226261790e-01,3.144045983727210003e-01,7.409472898691185083e-01,4.695403708426820755e-01,5.741161768311942026e-01,3.577450491146763056e-01,7.214556774990290577e-01,6.768244899047622942e-01,0.000000000000000000e+00,2.131799489160707828e-01,8.506410754547082398e-01,8.502020497985897096e-01,4.744021865189492759e-01,2.778031466139261330e-01,6.844269660726272075e-01,8.735100531163535464e-01,6.706725642673365684e-01,5.163784862020738275e-01,4.500584696959551989e-01,8.996694882975694307e-01,3.169661434118364873e-01,2.980453635420723946e-01,1.150018487904497511e-01,6.505801213753408252e-01,6.429751912543126835e-01,3.144304329641887108e-01,4.570383908425457720e-01,3.823025956972839201e-02,2.128091921367883665e-01,4.225629491457497666e-01,7.300057351974583719e-01,7.311870185904773001e-01,4.887220792769261801e-01,7.403827893954367800e-01,9.435831413355977304e-01,9.410966531011326630e-01,9.344971195881647263e-01,7.398473242961464136e-01,2.937991064545151243e-01,6.060171633966682236e-01,6.577671140469787403e-01,2.489825249496256943e-01,5.058314167787618665e-01,7.460545577089250369e-01,6.548671819079194822e-01,6.738358457690760694e-01,8.264040825171536930e-01,3.016661085874052795e-01,6.222086441364178544e-01,6.369865544616241104e-01,7.216884472795594974e-01,4.615155797441428120e-01,-1.080055631977141217e-01,6.420753529503444579e-01,8.950540772578806648e-01,6.991432411027728167e-01,6.048741003795911064e-01,6.475790122036917396e-01,4.228061029046863983e-01,9.943311644115200298e-01,3.685372425881316971e-01,7.844590210024950938e-01,8.712251868498551710e-01,6.291558213830563684e-01,1.214028093433913713e-01,2.020487439884633973e-01,7.353321487259659728e-01,6.264882816109960118e-01,8.542916649955509811e-01,7.224590280747500426e-01,4.404540411199127092e-01,1.079063706691469893e-01,3.794218689840148651e-01,9.930053118505663967e-01,8.722594510422817526e-01,4.618427082641695103e-01,9.760712342637906103e-01
6.448335512659207902e-01,6.285559139066509982e-01,7.354010623118050205e-01,9.816984437464327806e-01,9.610680223109558939e-01,5.914065518645070796e-01,5.647953133527729985e-01,-7.262068268802157611e-02,1.425857505656597801e-01,4.425009356236316860e-01,4.771497544480612918e-01,7.296728304253031760e-01,7.167115448901671959e-01,8.795267592625788389e-01,4.043366319899173722e-01,4.221951159669855569e-01,2.131799489160707828e-01,0.000000000000000000e+00,5.744962010008861641e-01,6.218348711904901904e-01,6.311064932795663607e-01,5.050292863670146071e-01,4.959644197115428144e-01,6.092119078428979151e-01,6.875354594369017525e-01,7.723806350609057070e-01,5.357250271402970165e-01,4.680721452216046741e-01,4.439393848710032064e-01,-7.205263140985040948e-02,4.499806123741493247e-01,8.481526288310481387e-01,5.052298703094767474e-01,6.124932411237886676e-01,4.810130332069156300e-01,4.595580186778927545e-01,5.576180350860335810e-01,7.792009604078290463e-01,2.358992001851059062e-01,6.384475207081496961e-01,3.199952183880950263e-01,1.675242665214795590e-01,3.230036641691951815e-01,7.068124932626381751e-01,4.345145205292653134e-01,7.296651407657881450e-01,8.017512398560932008e-01,3.213640202271071944e-01,9.022275973861482168e-02,5.391305816529778916e-01,6.120746340987989198e-01,8.505860440783813425e-01,6.647326328655048244e-02,7.505120201328108198e-01,8.500692230565181085e-01,8.891439362523300138e-01,4.856883819935061131e-01,6.853836967714513895e-01,7.916427179225807853e-01,7.859709319634826663e-01,4.321222110927898652e-01,7.212551101186551739e-01,4.551986221718623549e-01,4.122587467340684264e-01,8.873255749832769101e-01,3.630540743256834846e-01,7.134655752653182859e-01,6.981487241749977368e-01,3.620708831718948417e-01,5.849366904711631454e-01,1.065454065875467288e-01,6.346917456071647923e-01,4.175052612608569635e-01,1.637464777187596088e-01,6.568030214571205505e-01,3.875346167253027607e-01,6.841837959876780895e-01,4.109757297434627477e-01,5.001497320288736947e-01,4.635162916441000203e-01,8.328562272764107322e-01,9.227176839707482703e-01,7.065003209285642960e-01,2.494131031613009558e-02,5.973884275746481620e-01
