0.000000000000000000e+00,7.728779712758780951e-01,6.065662527952849770e-01,6.636817649931310292e-01,6.345868289008465002e-01,5.378943876934638713e-01,6.284772349608199749e-01,6.332506648899596247e-01,3.085907947355893688e-01,4.479670368527153279e-01,9.031388903530603862e-01,6.093121186823270419e-01,6.114386645022131805e-01,8.214646091961641527e-01,4.796047468318613838e-01,7.414803078680116677e-01,6.185702235858425713e-01,4.083185423005518122e-01,5.173538755165603131e-01,7.202399587166962158e-01,4.320112677375861354e-01,7.293054636644445976e-01,3.700518014685882373e-01,4.605399459897884240e-01,8.251219981761507283e-01,6.851983231115110762e-01,7.886728407975559518e-01,7.578626186961576749e-01,3.409198856445282422e-01,4.560813951212310258e-01,1.055600397531195195e-01,6.925977651899765108e-01,6.601930590176049440e-01,2.755962886140598256e-01,6.662674782375223037e-01,1.441968419969166283e-02,-1.269366539588006604e-01,9.137077577660972505e-01,3.954148996050981246e-01,9.910611074103417018e-01,4.485314564108064395e-01,9.072793745984447655e-01,7.171781120894745731e-01,6.877649189963399579e-01,9.595784441048467173e-01,3.362172510863011832e-01,9.420244791480313351e-01,9.607554882861918388e-01,3.513558208476819100e-01,8.433578337744539466e-01,7.089845344856693377e-01,5.669463590813831333e-01,2.273281859111957737e-01,8.744799846403530363e-01,9.411834830392838969e-01,9.452523420174394619e-01,6.901943536603619700e-01,2.973630869449443437e-01,8.371012100801038525e-01,3.600581767534768995e-01,7.451139620547381215e-01,9.748706073312115583e-01,8.050373318665401401e-01,7.516466323006238959e-01,7.042834548451181176e-01,9.288123370074288232e-01,8.417434128095788726e-01,7.783881542059876146e-01,8.571067399290812627e-01,8.390415358386620337e-01,9.714535839531177608e-01,9.975692356067606958e-01,2.404880003164544255e-01,2.534581734376566420e-01,7.053073149151204424e-01,9.914155300691824824e-01,4.611118149880299999e-01,6.308349568423250453e-01,3.105679788315622303e-01,4.377958727745251410e-01,8.940318087196639230e-01,8.408074031429828565e-01,6.717616007214477492e-01,3.932273471065061976e-02,8.449591564419898226e-01
7.728779712758780951e-01,0.000000000000000000e+00,9.287826109558305898e-01,7.464307677171498900e-01,2.409403173781990981e-01,4.042866692851896371e-01,5.006280822708201184e-01,3.362943933642142946e-01,5.678330577790037248e-01,7.066690891638108818e-01,4.976587241682377538e-01,8.881192437932247108e-01,4.171438369312262529e-01,7.057716470434013400e-01,6.311120655982188632e-01,3.064919691664237944e-01,8.904922326804275146e-02,9.053789314048195092e-01,4.194230843030009037e-01,6.399722619585768157e-03,7.443244899558005834e-01,9.765021898656096599e-01,3.388989925182698260e-01,5.943881552105758637e-01,7.561480592097273856e-01,8.903266329414772917e-01,6.955665370811087156e-01,9.331269582043617561e-01,4.848372563740754315e-01,2.183318392484180637e-01,3.205459497941024472e-01,5.973971132530131456e-01,4.500160899349661681e-01,9.005616353966716670e-01,3.142601841890022701e-02,4.965293165655675356e-01,8.766453934991602637e-02,6.578858969273404522e-01,6.388356852425655097e-01,4.227376487105383718e-01,2.581864783914475936e-01,7.452661322227529528e-01,6.156187691724697153e-01,6.179232782061232498e-01,7.355711879174403611e-01,2.472580437233416195e-01,5.266888914458955906e-01,5.125849493291374515e-01,5.064996678185917922e-01,5.982718998957265999e-01,2.800732784118791230e-01,2.436246983434921798e-01,4.825730616299385156e-01,4.987848645299804429e-01,7.911827641757729346e-01,4.499059321647749798e-01,5.723825970027929255e-01,9.141149733304427816e-01,9.960807559457813820e-01,2.696260775717722047e-01,4.726109328702822188e-01,5.223893649112707482e-01,6.321539403001856794e-01,6.437718037307105234e-01,7.204208494326651557e-01,9.161498484566452660e-01,8.211605161761327265e-01,9.433948494430171028e-01,5.313358480921235305e-01,3.499993210903535878e-01,2.558257426582999927e-01,8.892702667641755321e-01,5.106023973968063512e-01,7.473955461249187637e-01,4.072158936005533247e-01,2.140867089705524584e-01,8.278568122607882218e-01,5.752170004694912020e-01,3.832492302475576929e-01,4.833076863322412209e-02,3.956051404921088754e-01,4.514374285239406981e-01,9.805316820168815672e-01,5.896756354968251124e-01,2.718870274145717691e-01
6.065662527952849770e-01,9.287826109558305898e-01,0.000000000000000000e+00,8.599275364874349181e-01,9.410654828553168816e-01,6.574289988597210588e-01,6.920062376977896834e-01,5.449113354971686363e-01,5.685810468439573828e-01,7.745407379539458459e-01,6.326867741515620480e-01,7.136566485564014295e-01,9.115936348356213914e-01,2.277941222210738970e-01,7.888933568283160724e-01,2.578199397727542475e-01,7.574318650262695796e-01,2.661603715276659177e-01,4.693250893336141649e-01,6.361290872986544720e-01,6.876498639836967630e-01,5.239510853946079960e-01,6.975836657761190773e-01,9.516582577100698437e-01,9.551158171667571972e-01,7.700192851241211001e-01,7.671822279790133647e-01,9.328707496484097694e-01,2.141144980458577762e-01,2.504140638527688201e-01,4.779458030128143353e-02,4.946901419802647859e-01,8.800795080168742901e-01,9.937773722610382388e-01,4.901650373199938904e-01,3.573223429847549593e-01,1.546240256086039710e-01,5.888870858103678607e-01,5.709909400029257176e-01,1.805659838349862878e-01,4.413464488960923138e-01,8.407626285474878447e-01,7.137904065869566939e-01,9.713497259010350771e-01,2.563008586636921216e-01,7.671355513303983464e-01,9.580428128909291852e-01,6.868088408308491433e-01,9.029571203769245491e-01,7.420643322250952689e-01,8.870339291070533649e-01,-1.917677541050316625e-01,7.708984713437185832e-01,6.871110021887064656e-01,7.015422371604940199e-01,6.754198029653435409e-01,6.793105838370835370e-01,6.098419637381423675e-01,4.991914242046522343e-01,7.350353464416479188e-01,7.772102061324002165e-01,9.351397816718735045e-01,6.252920692578519679e-01,6.326956340446473481e-01,8.950823801843185157e-01,8.893111903557771036e-01,6.156215050920479381e-01,5.383481826953098182e-01,2.114635678818358733e-01,4.358176975952090526e-01,5.408539984114842936e-01,6.235993433596354052e-01,4.801471872342416569e-01,4.321705633587243356e-01,8.423336319519866278e-01,2.132795021495256793e-01,6.539501946272692212e-01,6.013863345815573247e-01,7.321388383782635456e-01,5.290934260067214900e-01,4.486114058482653100e-01,3.948819980483473380e-01,5.369411320421457745e-01,8.817350112801811690e-01,9.375143201896640743e-01
6.636817649931310292e-01,7.464307677171498900e-01,8.599275364874349181e-01,0.000000000000000000e+00,8.963698987241756067e-01,6.433590525217056655e-01,4.639245646419017932e-01,6.450340801535656698e-01,7.609670146390279388e-01,6.610425211613061292e-01,7.064070311057883966e-01,5.881214565651502468e-01,7.908876698078366463e-01,9.314188513467547281e-01,8.461551957149839875e-01,7.607309970998956672e-01,8.815017959377993151e-01,4.132009258484030667e-01,5.728904372312741966e-01,8.397310439230644130e-01,8.507042665178269347e-01,4.569497448869534462e-01,6.943354192392956481e-01,8.665101103320264064e-01,3.756699657345181076e-01,8.818098299677288310e-01,7.409750269966547398e-01,9.172526113412238224e-01,6.810857431025195696e-01,6.120809466004804023e-01,2.321042407264997387e-01,1.992318804537720686e-02,2.940635809109043430e-01,5.165393387883492338e-01,8.636626157586220209e-01,4.437677614487339217e-01,8.146276962879557548e-02,5.586740402393890470e-01,8.955996405728541276e-01,4.473640305540719231e-01,5.331965718577542646e-01,2.320118793898321985e-01,9.628369100031746175e-01,6.204876484285980487e-01,5.848809989591170488e-01,7.785218741802413245e-01,8.761245272912220328e-01,9.418460930290425415e-01,5.621308166312111165e-01,9.119305263647580206e-01,7.041168203539898141e-01,7.059027962338179085e-01,9.047680835342004624e-01,8.601038901304578488e-01,1.467343744103620784e-01,7.597006323575821174e-01,5.657419577947785383e-01,8.929155834692814597e-01,6.806982413172998347e-01,2.886415630058379866e-01,8.472831562099675251e-01,9.112236193927502059e-01,8.760355516600395465e-01,8.089935588224390628e-01,5.082727745861875812e-01,6.537932239513442045e-01,6.930148051214024552e-01,5.258826021051464794e-01,2.489047786178877342e-02,7.769073314209646863e-01,8.655989183858932012e-01,3.360376801266228286e-01,6.858420900881330162e-01,4.846331266112705594e-01,4.594982642494373493e-01,6.316473595533311780e-01,4.200211740577788344e-01,6.513972152348730393e-01,4.684430225809990134e-01,4.139652225767215254e-01,7.690628763447167060e-01,8.248308544445651647e-01,2.507583907375118271e-01,4.757247892211076690e-01,4.541897065330999794e-01
6.345868289008465002e-01,2.409403173781990981e-01,9.410654828553168816e-01,8.963698987241756067e-01,0.000000000000000000e+00,5.817952323743666998e-01,2.183628112787064923e-01,4.341257494686162621e-01,2.803534344010034096e-01,6.950304038437888909e-01,2.450554413990104485e-01,6.529984105828383623e-01,6.005290115595062206e-01,6.302904250558766241e-01,7.647324692635873999e-01,6.111295926290369884e-01,7.840716624820835978e-01,5.892321517663470232e-01,7.916484938380095038e-01,9.341741976884931908e-01,7.885443688656330608e-01,3.832102046804273243e-01,7.733500768746247589e-01,4.917608249540743603e-01,2.058125024391122548e-01,5.835789265280626470e-01,7.022445568120277981e-01,4.225982529519838327e-01,5.940756861835962965e-01,5.242524621907231897e-01,6.462030097810202989e-01,2.774745225629751122e-01,6.275202095362412136e-01,6.234307156196768895e-01,7.601593215902545664e-01,3.134065938645300697e-01,5.767968242109443588e-01,8.930995368183753946e-01,9.968821768239135572e-01,4.175853759597385473e-01,2.900059460459535332e-01,5.354463242040862214e-01,9.663777751062905264e-01,6.820278161204953449e-01,7.254732950521896040e-01,9.078146093407866157e-01,6.073797148638740984e-01,4.736043021080645898e-01,3.308005901561007489e-01,6.308894517218317510e-01,2.981466303084954195e-01,9.998760911464650569e-02,5.037360544379723137e-01,7.951627651977155598e-01,7.939291216230814907e-01,6.568592388730836173e-01,7.966846834664141619e-02,2.737409135333140897e-01,9.234172325168532591e-01,1.678947560567759789e-01,1.123541032699803266e-01,2.329558126445800403e-01,3.420105910742569089e-01,5.631351358504905757e-01,5.368262467927679138e-01,7.505243589010734961e-01,7.485313527193542260e-01,9.892379251730556433e-01,7.836842145041256202e-01,4.190841072449604798e-01,7.164940833753271621e-01,2.557432845985394554e-01,3.395457366700707080e-01,2.539294643484626413e-01,4.624255579060352894e-01,8.346820637626486405e-01,4.870297349891841709e-01,3.740266727946665037e-01,7.313898806059677682e-01,4.123953246009701701e-01,5.602836057745451681e-01,7.632706030586531298e-01,7.583055433350669450e-01,6.713622557148245518e-01,6.264997169098674989e-01
5.378943876934638713e-01,4.042866692851896371e-01,6.574289988597210588e-01,6.433590525217056655e-01,5.817952323743666998e-01,0.000000000000000000e+00,4.755028910394393793e-01,5.925880156926031095e-01,4.450620736743258754e-01,6.788769614984696554e-01,4.142843957407115196e-01,4.726106551013931623e-01,7.427742102150942660e-01,9.600321148202558552e-01,6.750954235687988136e-01,9.794931331163378996e-01,5.498253836304043407e-01,6.191373597941728368e-01,4.650019355302229540e-01,6.395271158990776250e-01,3.998870339439626331e-01,7.364122533505108592e-01,7.437262272112933337e-01,9.052302902537930906e-01,7.276430655978434192e-01,5.891412764762522514e-01,5.850716995769466022e-01,7.038225927754643285e-01,3.603505732438059828e-01,5.881677995905150447e-02,1.664149471414232417e-01,8.368291496676690810e-01,5.463715195081591397e-02,7.394907263267247455e-01,6.105858124013296973e-01,5.068595595837286361e-01,1.964553810975829262e-01,7.841007680044347339e-01,8.665456326855364155e-01,4.156684271018323829e-01,2.934633508455397870e-03,7.627931943286639926e-01,6.188223766484349797e-01,7.237943070268849644e-01,7.015869518384960646e-01,9.660570142302121743e-01,5.640956163410939528e-01,6.299424108311847403e-01,5.976809344285050063e-01,4.927056402236974497e-01,9.849484004315548491e-01,9.967778648005409803e-01,7.632995810286822280e-01,5.441156328634950690e-01,3.892891296217476094e-01,5.837515438691605052e-01,9.230592934220995804e-01,6.266376671142138699e-01,6.828629998894547581e-01,2.443445042608645423e-02,4.761587661221324264e-01,7.116949631442903712e-01,5.982419091382897847e-01,9.783932070179766072e-01,6.796584382099828403e-01,3.216097351999465115e-01,2.000935322585889187e-01,6.629494513284817092e-01,5.999134844117950394e-01,2.894863485076628606e-01,9.364247620707906172e-01,5.324159074361515254e-01,5.494604637546943726e-01,2.816778295300638169e-01,3.668000472805076906e-01,3.394171944749385661e-01,5.543073340802666671e-01,5.322128199930755699e-01,3.270045327456466144e-01,5.632121804522507436e-01,6.844665524721194050e-01,9.137567085918830712e-01,9.299349614499141659e-01,7.120391535746002365e-01,7.298000731385202444e-01
6.284772349608199749e-01,5.006280822708201184e-01,6.920062376977896834e-01,4.639245646419017932e-01,2.183628112787064923e-01,4.755028910394393793e-01,0.000000000000000000e+00,3.538334387498546230e-01,5.462285074814823282e-01,4.709758447177344598e-01,4.900510796931234481e-01,6.363062638540499805e-01,5.018133428611787350e-01,4.722430684740154261e-01,5.014104033239675795e-01,6.109159421399730228e-01,6.833656717915740364e-01,4.547315126929718510e-01,6.807378637497062401e-01,4.639860984836479130e-01,8.451878513736403864e-01,4.469260689787437069e-01,6.753726588173434298e-01,9.381572332010532644e-01,1.703884127561950956e-01,4.613182498999759407e-01,4.823856583237706719e-01,6.438071339845772290e-01,3.367058691269019244e-01,-1.827613711915312966e-02,4.350077153222225435e-01,6.904991397658091223e-01,1.217523981593343907e-01,7.827495789991887332e-01,5.023970526191888775e-01,3.668129168278021490e-01,3.497785323841644534e-01,5.252953242599404104e-01,6.590182634306855913e-01,9.809715077671342653e-01,7.016554585582348569e-01,4.130572000318915027e-01,1.073265794909125104e-01,5.451833200156365189e-01,7.704674350019706797e-01,3.008257068388845434e-01,6.544202929115449097e-01,6.176932526892781050e-01,5.530059799205452320e-01,5.420459468687790494e-01,1.579736594965617247e-01,4.169026392838743322e-01,2.990775402828672047e-01,9.480992488894641745e-01,3.565835653219654455e-01,7.517974805063949439e-01,6.885059346279718273e-01,8.531419338306939215e-02,7.251973520900290016e-01,3.714777847617719564e-01,7.196882386910363749e-02,5.702364200654929105e-01,6.534487205050187875e-01,5.861925747127318953e-01,5.430934241812255259e-01,1.191324687549630418e-01,2.622343587802049569e-01,8.246151092428624096e-01,3.921750699523358641e-01,4.312304649462204154e-01,3.621946928469103599e-01,5.377667712269802447e-01,4.841286004178302349e-02,4.848766992071459336e-01,9.784468658141804998e-01,5.046330462926489346e-01,7.896443111585991215e-01,4.573917276519389730e-01,5.930645935259519774e-01,1.667171332238481796e-01,4.381621756924048428e-01,8.739679134576643360e-01,8.199910110251610318e-01,6.162764106962888289e-02,6.924585910835950875e-01
6.332506648899596247e-01,3.362943933642142946e-01,5.449113354971686363e-01,6.450340801535656698e-01,4.341257494686162621e-01,5.925880156926031095e-01,3.538334387498546230e-01,0.000000000000000000e+00,9.195852924995149280e-01,1.278328652591935177e-01,6.920336453676314559e-01,8.535834255765610834e-01,8.967117798547080687e-01,6.589283454753795954e-01,6.283930104463446575e-01,4.497293640036149620e-01,8.213335465133645430e-01,4.970087029833662462e-01,7.024730305160218347e-01,7.395790091002789612e-01,7.888320647841389199e-01,6.298054459994502086e-01,6.900386439026912067e-01,8.267145254878699445e-01,3.763220532565800802e-01,3.775459104757875606e-01,7.184454800882776881e-01,2.875799279154352961e-01,2.590151560853371504e-01,3.563722929600074973e-01,4.798391260440358908e-01,-8.589008367730799343e-03,4.452897541953659832e-01,4.605956249712507278e-01,5.684144228105066921e-01,-7.945006346991428936e-02,5.140069707513573727e-01,5.546395281579966086e-02,9.833746739220788902e-01,4.058943521096540219e-01,5.144402394052867145e-01,1.676116869168917389e-01,8.277151931603877744e-01,5.939115285545590872e-01,4.820354061404827362e-01,7.640984824747006909e-01,4.325575941401293978e-01,4.676884268800913236e-01,4.776033804369878011e-01,2.734813627135147529e-01,8.020391059339946338e-01,5.570965044372769848e-01,7.909816626409708062e-01,3.741396914790751649e-01,6.948713433200177647e-01,7.706104850779967874e-01,9.362145015655803926e-01,3.349737287113737638e-01,6.951054624967532014e-01,4.196600747708641999e-01,-1.100482761579218982e-02,7.945193352313336677e-01,4.203179876053288466e-01,8.367328614977548318e-01,7.848727431913837815e-01,7.775813481575173380e-01,5.862956667087035889e-01,9.838297873461880894e-01,5.118747645370232968e-01,9.597875525205821212e-01,2.186255421274926891e-01,5.562167878096750950e-01,3.320723633840808042e-01,5.037681769752395955e-02,9.788717966701028228e-01,5.019729762556601749e-01,2.576740448559353691e-01,4.775648802407352345e-01,3.793530091449399677e-01,1.825982136506218989e-01,3.589977765092342704e-02,5.875770739772555595e-01,9.837552679945729128e-01,3.908047343393498685e-01,-2.777170120872543002e-01
3.085907947355893688e-01,5.678330577790037248e-01,5.685810468439573828e-01,7.609670146390279388e-01,2.803534344010034096e-01,4.450620736743258754e-01,5.462285074814823282e-01,9.195852924995149280e-01,0.000000000000000000e+00,7.866573191695661604e-01,5.431637353026032011e-01,6.668358855097878957e-01,3.590829089081873926e-01,6.629700251660992638e-01,4.373010083009745141e-01,4.395549036930507247e-01,7.028420892750412152e-01,3.193313077361332186e-01,9.071993879522112225e-01,8.106479370193400147e-01,6.305714277503783327e-01,2.760685508299275392e-01,6.817253440759658556e-01,7.178458340803602900e-01,5.001837681238966438e-01,7.765117727823444005e-01,9.162613838543206546e-01,3.901923874064268660e-01,4.051514388719331672e-01,7.566616576882845280e-01,3.640815564725538023e-01,1.141724428163378297e-01,6.181678553096467965e-01,2.126988700883817307e-01,7.405362813111961984e-01,5.025748570455628589e-02,4.701556082215133658e-01,9.389523296780893924e-01,9.598594617027451648e-01,6.378373581539679149e-01,5.037179908404452178e-01,7.629753252699084110e-01,5.828282068005712357e-01,7.697863355753414849e-01,6.261146092388785167e-01,7.080478855129511695e-01,5.770258473360134754e-01,5.068177871899148812e-01,4.078053582788624953e-01,7.045477559402841816e-01,3.107163570180200840e-01,6.403938496106627021e-01,7.552057753265676299e-01,2.478845549828474493e-01,2.361397574383423681e-01,7.882432710572242485e-01,7.010709644794136386e-01,1.876225163066342905e-01,4.111717228999915985e-01,7.564439111861523402e-02,4.926843244925874776e-01,6.943611216913129214e-01,4.270316497715190285e-01,5.992126277763583087e-01,6.957138090685849319e-01,5.659013155643671800e-01,8.693055650616963170e-01,8.245470106041865588e-01,6.462756378727815276e-01,5.463709474797232568e-01,8.005458957707650702e-01,1.137965346435722974e-01,6.277942706325221334e-01,4.526071932490418614e-01,4.290383628817449613e-01,6.696295979602329140e-01,5.768531699310815997e-01,5.406730152887178065e-01,5.574286019186045493e-01,6.805456688007267552e-01,-5.315737446905735575e-02,5.214957762843730471e-01,6.463984565338043442e-01,2.306185607892311529e-01,7.426010098457641595e-01
4.479670368527153279e-01,7.066690891638108818e-01,7.745407379539458459e-01,6.610425211613061292e-01,6.950304038437888909e-01,6.788769614984696554e-01,4.709758447177344598e-01,1.278328652591935177e-01,7.866573191695661604e-01,0.000000000000000000e+00,6.517478724994475447e-01,3.857783212132240847e-01,9.185338643149262294e-01,8.120203112069208640e-01,4.723684279283020260e-01,4.534648229481708093e-02,6.253754805297823127e-01,1.442977381713226037e-01,5.933081446476322629e-01,8.215492432910387333e-01,9.126798408054326295e-01,5.223836592583446237e-01,9.827529424206925546e-01,9.014509092534183088e-01,6.617113072811167118e-01,6.337623236830186579e-01,6.469842519322220875e-01,6.670044079732773135e-01,3.551549932749354932e-01,3.464570823281276635e-01,4.264954577144541847e-01,5.102521595008857602e-01,6.838893736992308625e-01,6.517830590958585413e-01,6.672966494225669454e-01,5.686915339931852831e-01,2.958774617135397356e-01,7.040036457693710226e-01,6.740957617066617447e-01,9.228873662030899760e-01,2.381051148226877301e-01,3.506906745999976982e-01,9.649593348506755319e-01,8.919221975273639025e-01,2.573850333908154764e-01,9.615919217759166804e-01,6.982577724797945917e-01,8.494980073809008658e-01,5.737154426931975193e-01,2.637286133626426388e-01,7.123391428558423222e-01,6.916442030075278247e-01,9.435019458925865132e-01,4.095346019087764966e-01,3.197348341028139473e-01,5.908871473221736226e-01,9.309299570252451694e-01,3.693850165280290060e-02,6.505764344772758667e-01,7.999456027793181434e-01,3.134473606653160882e-01,4.438851097476750884e-01,6.169386828149590052e-01,5.468397386038001962e-01,3.147432660788494485e-01,7.233730666564487377e-01,6.166092995742041838e-01,6.491371395499004882e-01,7.862111130895871325e-01,6.443450784740298865e-01,4.231072019334317647e-01,5.586430353868133691e-01,5.739850639893011586e-01,5.535673858370254719e-01,2.923218306819692081e-01,7.619782999161303083e-01,8.774326389351511102e-01,6.495958220957013252e-01,5.931090233053010197e-01,8.838091798406576272e-02,2.464009350056450276e-01,7.783055610106499600e-01,6.253736955363023986e-01,4.233562480256503058e-01,2.705005163125078771e-01
9.031388903530603862e-01,4.976587241682377538e-01,6.326867741515620480e-01,7.064070311057883966e-01,2.450554413990104485e-01,4.142843957407115196e-01,4.900510796931234481e-01,6.920336453676314559e-01,5.431637353026032011e-01,6.517478724994475447e-01,0.000000000000000000e+00,3.152116265409798945e-01,7.277334084150199889e-01,2.541804898874073793e-01,4.430131050742045634e-02,1.748538011994846542e-01,7.913217465793888072e-01,6.201030609862663301e-01,6.547344717514371748e-01,6.813595539371245513e-01,8.202048818679106290e-01,7.401634050482215343e-01,2.662352945846774843e-01,7.201303247491269710e-01,9.442010156180723202e-02,7.639084641415017085e-01,8.166935673702552245e-01,6.706829081583833840e-01,6.861775958001526954e-01,5.873128622110557195e-01,6.695019098255903245e-01,4.917119156981193395e-01,3.410477417437101089e-01,5.600658745704973906e-01,8.856534113756096005e-01,4.186468700293483058e-01,5.139356930065743789e-01,8.688933123340643050e-01,4.476179939207302061e-01,7.307458005700209203e-01,2.660820944271314881e-01,2.937423826175861730e-01,4.755394002904918538e-01,3.119409429450972215e-01,8.277673599626640399e-01,9.666896112677522135e-01,7.410847476648744214e-01,7.376120650798143608e-01,6.430655523596310319e-01,5.073743187506764007e-01,3.660708718177628773e-01,7.464978651802410825e-01,4.415474000569948876e-01,5.261152093806019669e-01,7.757060703208575880e-01,7.970047475447987750e-01,4.005906586097193189e-01,7.260518603992416331e-01,9.318862334597525221e-01,4.004826916464108155e-01,7.073765745501479074e-01,5.776673041164039901e-01,7.575359345324417237e-01,9.332940930345249297e-01,1.602243014853822756e-01,7.450309665437684359e-01,5.383645543446314852e-01,9.863638157755688640e-01,7.278737296825614767e-01,6.728444123834479429e-01,7.694860434620560685e-01,6.893910149926179010e-01,6.811066376799113087e-01,7.517848392787948031e-01,5.638666879217462125e-01,6.917409155141500676e-01,8.556828205337825288e-01,4.684303557256636052e-01,4.194703686910520868e-01,3.997091656677682625e-01,1.591766583174847316e-01,6.571628874075856608e-01,4.546252677402770614e-01,4.239198099720223878e-01,3.413766658733442538e-01
6.093121186823270419e-01,8.881192437932247108e-01,7.136566485564014295e-01,5.881214565651502468e-01,6.529984105828383623e-01,4.726106551013931623e-01,6.363062638540499805e-01,8.535834255765610834e-01,6.668358855097878957e-01,3.857783212132240847e-01,3.152116265409798945e-01,0.000000000000000000e+00,9.553567047000458556e-01,2.490761359346928827e-01,6.999747517747794134e-01,5.531993160551471611e-01,8.251516150401948524e-01,5.299632546236738850e-01,4.094518189326334379e-01,5.717041498236028474e-01,6.094000038878591985e-01,5.147285363204024966e-01,5.872813040545528107e-01,4.298123733961018433e-01,6.258875620259788386e-01,2.158136675687468142e-01,8.846458341552476679e-01,9.079539055382269686e-01,5.271421887740617152e-01,3.279975044728301592e-01,7.353800151249508810e-01,3.150936967473929595e-01,5.922141067935904335e-01,7.166043661336320980e-01,6.588823995866672778e-01,1.843360772085402000e-01,2.050969651981264796e-01,4.553229358750691680e-01,9.830552001562983255e-01,5.163517135567396998e-01,5.335658118289389185e-01,7.666354306200073854e-02,6.021620588520564255e-01,4.094073324946189696e-01,6.679622274651393354e-01,8.808332482745823144e-01,3.369786340139364622e-01,5.079266750137290121e-01,1.089974667984623252e-01,9.903235557672347422e-01,2.610506451591573240e-01,6.652077778218865589e-01,7.978022236207128470e-01,6.526242705764870866e-01,4.257680352582398076e-01,8.418167649868427693e-01,5.467531322880849753e-01,-3.819103306650276086e-02,5.312372256208134358e-01,6.317124487036630542e-01,6.791422020907353918e-01,6.011355663148473250e-01,7.225755876716535298e-01,9.691288519962126813e-01,6.928226726314034023e-01,7.080115813354554977e-01,4.406855923985820156e-01,5.317653630658242259e-01,4.687781532904039539e-01,3.297024389709395376e-01,4.603694718427400745e-01,3.382787882634296639e-01,4.365054724438044431e-01,4.815007429468676388e-03,2.334756103043978404e-01,7.798600883922202076e-01,8.714572358517574946e-01,3.292731818772288710e-01,3.795039599926393059e-01,6.380262730651988790e-01,7.590698356979470596e-01,5.703525453664399780e-01,8.781706970516811595e-01,3.555920085994624946e-01,6.684520143570970019e-01
6.114386645022131805e-01,4.171438369312262529e-01,9.115936348356213914e-01,7.908876698078366463e-01,6.005290115595062206e-01,7.427742102150942660e-01,5.018133428611787350e-01,8.967117798547080687e-01,3.590829089081873926e-01,9.185338643149262294e-01,7.277334084150199889e-01,9.553567047000458556e-01,0.000000000000000000e+00,4.644983581318821719e-01,6.963326640098451703e-01,7.622113671374780575e-01,9.958359562115419727e-01,6.019019412655425283e-01,7.651493184836247741e-01,3.995333546162606053e-01,7.329278426250706024e-01,8.961275721924664150e-01,7.227697174530867130e-01,3.298408641450790713e-01,5.280924772478570173e-01,7.587868550347317553e-01,7.346259146186264744e-01,6.174158105847112887e-01,2.377912552226261744e-01,5.759050293328698000e-01,3.729985323537348546e-02,4.152731994213932909e-01,7.572565945845504132e-01,2.182826489720723073e-01,3.039190179279802617e-01,1.618098826410976562e-02,-1.181205832107053016e-01,1.195978840608818150e-01,7.616900858223228932e-01,7.780153876613811192e-01,1.714538810177379654e-03,2.573938782788194324e-01,8.073341750167233322e-01,8.221193795269359228e-01,5.838280498078846081e-01,7.663156010632647952e-01,6.637510552259296981e-01,6.878796014639914080e-01,9.113661906060543938e-01,4.311877891309438549e-01,4.303187266987626991e-01,3.826571123052736056e-01,3.303253140352002681e-01,1.620309818341799102e-01,6.008807609961052121e-01,2.889679435444781896e-01,8.380490104223964343e-01,8.362059560570977990e-01,5.245440685678067760e-01,4.662979076004280521e-01,5.282215622492185680e-01,5.009910027218128503e-01,9.818474092233249184e-01,8.775751907420425990e-01,8.594402574665341854e-01,4.431219078054782212e-01,7.026529722591243754e-01,5.969247363948841922e-01,6.698210759115483803e-01,6.773040709867270692e-01,6.459373870807755269e-01,2.594767603900193231e-01,5.112986283986830083e-01,5.063074181315939670e-01,2.639798146602786444e-01,5.338847477090915561e-01,2.652128787615314343e-01,8.710404637381440329e-01,2.555664810746295923e-01,3.255387834476080045e-01,4.261653804292140357e-01,6.904802686832692826e-01,7.547384618662816846e-01,-1.768641048918460634e-01,7.925882121263614355e-01
8.214646091961641527e-01,7.057716470434013400e-01,2.277941222210738970e-01,9.314188513467547281e-01,6.302904250558766241e-01,9.600321148202558552e-01,4.722430684740154261e-01,6.589283454753795954e-01,6.629700251660992638e-01,8.120203112069208640e-01,2.541804898874073793e-01,2.490761359346928827e-01,4.644983581318821719e-01,0.000000000000000000e+00,4.137239146240423993e-01,7.273542631059275454e-01,7.892730516365753513e-01,3.621128975451209930e-01,6.001257728873807817e-01,9.464066801044074273e-01,6.868142915546093796e-01,6.031976030454225812e-01,4.169569419153288381e-01,3.132858563133065766e-01,7.892945050341058089e-01,5.001884226952227896e-01,8.635942528090323478e-01,6.628027315223399274e-01,5.901191855663002750e-01,6.731705795422904259e-01,6.252442225972205947e-02,7.376035018576714286e-01,3.260335887719554293e-01,2.724392392269947560e-01,6.952365301197350744e-01,3.734562573120133733e-01,3.778738174194455901e-01,7.221298363499051298e-01,8.205171291051802651e-01,8.131609191759124888e-01,5.783865996216902561e-01,5.503075241969096476e-01,9.314116832567851390e-01,8.765246854148521782e-01,6.265641265099044510e-01,7.503058001434499413e-01,6.960608078509817886e-01,9.517439739788730035e-01,3.733950894467438220e-01,7.348415830620955713e-01,5.233162456278253050e-01,6.466231581144760154e-01,5.272017398727280035e-01,5.911999121567101945e-01,3.890496292954300772e-01,4.502191806115198869e-01,9.171314072347898083e-01,8.512280170032306970e-01,9.427459944470515385e-01,7.253607972540908611e-01,4.201457401215950016e-01,5.010064429571484679e-01,7.607881308904717033e-01,6.490452298643323292e-01,6.408658327476409733e-01,7.916747707683279289e-01,4.276349951832335017e-01,5.215131056116504293e-01,3.889604430475535057e-01,8.169718052514466367e-01,6.482166394901824891e-01,4.264738267573064956e-01,6.479652170258135557e-01,2.962611200510362752e-01,5.295055613211867573e-01,6.977521547702942861e-01,9.385230386854916951e-01,6.825149771433545176e-01,5.683825915268572171e-01,1.093461552366639389e-01,6.435573189405610073e-01,6.687762780757532388e-01,6.405611431530607858e-01,3.357127224555713219e-01,1.745105939997678157e-01
4.796047468318613838e-01,6.311120655982188632e-01,7.888933568283160724e-01,8.461551957149839875e-01,7.647324692635873999e-01,6.750954235687988136e-01,5.014104033239675795e-01,6.283930104463446575e-01,4.373010083009745141e-01,4.723684279283020260e-01,4.430131050742045634e-02,6.999747517747794134e-01,6.963326640098451703e-01,4.137239146240423993e-01,0.000000000000000000e+00,4.600383738689930446e-01,8.823800128844027091e-01,8.885896980240054477e-01,2.701168999607340693e-01,7.948491361518162934e-01,7.272635956440183236e-01,5.925537740302059264e-01,8.062066750186330788e-02,9.807268386099454727e-01,6.734495565165316000e-01,5.544738726347625546e-01,8.771157488187912854e-01,4.595591036550867869e-01,3.021842454274514256e-01,7.869126669677661834e-01,3.486355848476770103e-02,7.788416657264314313e-01,5.478403800962676762e-01,4.843533295860010801e-01,6.076495330492741598e-01,6.563304344807318058e-01,-7.914930320050073131e-02,1.253353323972033750e-01,6.363069147278563875e-01,5.180287053599326175e-01,5.724985711076391315e-01,3.064920449832939792e-02,6.942372284134414873e-01,6.207837364329044094e-01,8.016845425316100338e-01,7.898412714952749436e-01,5.830271609120279974e-01,4.329975965564094031e-01,7.301246816906361570e-01,4.762882323109934868e-01,6.242506203003187482e-01,1.146321317684783070e-01,7.320005660836016448e-01,7.605168671871308517e-01,6.626826372052491143e-01,8.986927664973023422e-01,9.077342463286344199e-01,6.248274032318832383e-01,6.679802227115150259e-01,-8.734853092998279278e-02,5.704357000968377500e-01,5.456120580330962033e-01,6.699974652312129519e-01,6.629097770648698651e-01,8.891781003420230478e-01,7.121933719846821331e-01,6.176110536370551518e-01,6.992824401320292260e-01,3.263380526187592556e-01,2.469062754730874665e-01,1.993212759506866050e-01,5.888374472992234931e-01,4.014898161542758692e-01,2.609119143801031382e-01,2.305381024481615859e-01,5.245764223692118700e-01,7.674076585550195784e-01,4.733104434388354376e-01,2.617364715952505971e-01,4.704304875353724769e-01,2.175789795230568535e-01,9.291312804195257513e-01,9.109495867791013168e-01,5.360024805640895007e-01,4.155203267529184452e-01
7.414803078680116677e-01,3.064919691664237944e-01,2.578199397727542475e-01,7.607309970998956672e-01,6.111295926290369884e-01,9.794931331163378996e-01,6.109159421399730228e-01,4.497293640036149620e-01,4.395549036930507247e-01,4.534648229481708093e-02,1.748538011994846542e-01,5.531993160551471611e-01,7.622113671374780575e-01,7.273542631059275454e-01,4.600383738689930446e-01,0.000000000000000000e+00,9.910391974485137645e-01,5.097091823920425480e-01,5.633017526150776444e-01,8.802905983332113271e-01,7.063623234190422595e-01,5.354294618860294674e-01,5.396675399911354809e-01,6.768154017366798669e-01,5.434568761430889072e-01,7.234357157858424259e-01,6.639643809400271879e-01,1.048104026142607781e-01,4.218886020722732999e-01,5.717743744838585940e-01,3.394227523485584541e-01,4.905729158151958536e-01,7.412334693438213939e-01,8.183549497681983365e-01,2.395618877180046291e-01,7.490750933587100313e-01,5.767737246569535486e-02,5.534116450880591787e-01,6.981210266618356197e-01,4.125690550509854004e-01,2.522515972271865969e-01,5.373971797329357702e-01,9.541521831772690199e-01,6.099723211087010322e-01,6.607794524057925001e-01,1.709090588295041346e-01,7.998140459993952067e-01,9.900607557824596672e-01,6.733218960004927478e-01,1.414503325016685034e-02,3.490408564457484486e-01,6.512986147954941130e-01,6.708371113820363885e-01,4.945108642883919714e-01,9.066182201556829412e-01,7.758207534622876267e-01,5.889128286042040195e-01,1.957348675688653505e-01,5.382955722592069892e-01,6.841176498657274008e-02,5.926442167945124018e-01,7.271917087102414134e-01,5.574994637492537430e-01,6.962810431986312665e-01,7.602415733839221756e-01,3.103304198013606130e-01,8.075765461789637945e-01,4.102716160142628743e-01,5.306753171805776992e-01,2.900917608051690189e-01,9.949273123099459104e-01,7.002610585893287443e-02,4.456849249288238335e-01,3.844761986372904339e-01,4.144388585032746652e-01,8.235013919334680521e-01,7.131957983443907301e-01,5.614275448644189259e-01,3.567110039601473215e-01,2.865869989876718149e-01,7.848175937127739310e-01,7.599880430357051075e-01,8.545308512061438044e-01,2.189696367499567864e-01,7.785915554106200842e-01
6.185702235858425713e-01,8.904922326804275146e-02,7.574318650262695796e-01,8.815017959377993151e-01,7.840716624820835978e-01,5.498253836304043407e-01,6.833656717915740364e-01,8.213335465133645430e-01,7.028420892750412152e-01,6.253754805297823127e-01,7.913217465793888072e-01,8.251516150401948524e-01,9.958359562115419727e-01,7.892730516365753513e-01,8.823800128844027091e-01,9.910391974485137645e-01,0.000000000000000000e+00,6.647498983326011190e-01,2.053069832484391566e-01,6.582196786188730941e-01,7.774523009922538197e-01,6.967854892988474269e-01,4.440864925482430059e-01,8.614978974834767156e-01,6.834239583554226893e-01,5.545975971412542282e-01,6.186410219559798085e-01,7.844919868421835751e-01,5.830293207667117672e-01,4.667163924211142206e-02,5.968466408005844714e-01,8.848874593832180002e-01,3.099123326995789629e-01,7.070260028980069889e-01,8.063652507961087679e-01,5.481431498423363635e-01,2.515576264206360602e-01,8.920004798978498073e-01,9.250267812266422807e-01,5.970441277573017569e-01,4.817525905443563738e-01,7.312171837506519223e-01,6.858412746157438455e-01,5.026581112215428027e-01,9.624455564248397543e-01,2.628954630582318042e-01,9.501371898836029617e-01,8.314404894671479918e-01,3.442498878787541017e-01,6.465718829885356289e-01,6.387894280715181727e-01,5.193131937775122831e-01,9.384562452211865358e-01,2.419094391458682103e-01,7.517564868463278982e-01,7.859398867277102019e-01,8.780071234536619418e-01,7.344488946005789387e-01,9.681826760746202742e-01,5.889575783957998745e-01,5.615926680060185916e-01,9.756370834178653695e-01,8.380083978971990533e-01,4.379319520796285947e-01,8.780893813115808744e-01,8.368664710900964865e-01,6.115751673229014029e-01,4.158720571977833069e-01,4.008192911883452503e-01,9.726460450773142252e-01,5.236453420750503129e-01,9.916881371334662632e-01,1.011602961090570657e-01,2.335280669350707772e-01,7.094604312308313565e-01,6.295137640592328721e-01,5.333552865955161204e-01,2.287262177908958305e-01,3.222509157901021215e-02,3.520137330764826489e-01,6.932222935261016517e-01,9.821601953115655093e-01,6.939922992424095716e-01,1.677096580759410427e-01,2.028747917916003674e-01
4.083185423005518122e-01,9.053789314048195092e-01,2.661603715276659177e-01,4.132009258484030667e-01,5.892321517663470232e-01,6.191373597941728368e-01,4.547315126929718510e-01,4.970087029833662462e-01,3.193313077361332186e-01,1.442977381713226037e-01,6.201030609862663301e-01,5.299632546236738850e-01,6.019019412655425283e-01,3.621128975451209930e-01,8.885896980240054477e-01,5.097091823920425480e-01,6.647498983326011190e-01,0.000000000000000000e+00,4.211399743952450314e-01,8.724602320997258964e-01,7.852138411774726157e-01,3.495048799219510061e-01,5.851610060073944020e-01,6.623942160239076893e-01,5.876258399187717085e-01,5.174651964621521660e-01,6.095094051098468579e-01,-1.514029346949799237e-01,-6.456209941381302331e-02,2.280600879426745720e-01,3.075124488005810952e-01,8.547961902474660034e-01,5.320893925474384778e-01,4.933035965119914046e-01,7.007284538464991774e-01,4.499858901349240714e-01,1.651580073915733249e-01,2.425146676063962281e-01,9.630746242026650972e-01,5.585234127633025292e-01,5.818328574307097822e-01,7.449082185953702639e-01,4.768139875880471057e-01,1.008513132224688191e-01,8.754497244089768371e-01,9.161214506263767321e-01,3.162860949918389064e-02,4.732807391584127332e-01,-8.220636336860454030e-02,7.118222747310319898e-01,2.380282227953800234e-01,4.416097668161033107e-01,6.425639075546115686e-01,9.610244109221662001e-02,9.872276556020979088e-01,2.263020959359917372e-01,7.353841991191507610e-01,6.380575879161447528e-01,8.742373414456903191e-01,6.619299038629905541e-01,2.194383708862226723e-01,6.458867922901934122e-01,7.245857712312853138e-01,6.045142575283783959e-01,8.222421061018874155e-01,6.863856638513589070e-01,4.369436780460721481e-01,7.320979807251147831e-01,5.018576579427945772e-01,7.195428478542238437e-01,5.171349733352862410e-01,2.174734456594253351e-01,2.825496807496307716e-01,5.808622180792547551e-01,5.110164201568757614e-01,4.787898647720066347e-01,5.424497228388460712e-01,4.772613339249890396e-01,6.548869500208168715e-01,2.980971033062483344e-01,3.561144000136500787e-01,2.681729506415651554e-01,7.810178689013627107e-01,5.405086342607673400e-01,6.973303645805566386e-01
