0.000000000000000000e+00,6.908746219301193925e-01,6.629095162902590710e-01,5.722554681281792899e-01,6.823629095528803701e-01,8.977264668605976494e-01,8.397051084744157068e-01,8.178174793338930382e-01,4.092829203052359976e-01,8.879411472033713615e-01,6.973432275457446261e-01,7.337146927917551631e-01,8.892380126348251590e-01,6.522259802706857901e-01,6.978599175711531766e-01,4.476708532567593157e-01,6.283983519872831103e-01,6.308281304583482907e-01,9.333639691634063595e-01,6.755842781459616697e-01,6.146310371247947213e-01,5.875768152499036834e-01,6.175531424191625929e-01,7.027717122194849786e-01,5.969222439851904483e-01,6.290350491049283566e-01,5.285194636822275749e-01,9.948194669005436808e-01,2.034134872044520703e-01,5.821661158847890594e-01,3.474391471124125275e-01,8.925017710377620705e-01,2.649735329967757291e-01,8.947207801930986415e-01,4.591080959055041655e-01,4.307697401934819648e-01,2.845192014869868391e-01,4.578372919270707331e-01,2.287101919268082484e-01,6.792911395718329581e-01,8.611312716530196143e-01,5.958384123382582942e-01,5.008865718712803838e-01,5.784534472363672686e-01,9.022462933458430534e-01,3.013073025883320488e-01,8.435693286789065493e-01,5.522761607924893124e-01,8.759839952608883262e-01,9.168337258906111842e-02,9.052853073320716870e-01,1.204338966091911545e-01,7.266451697004182586e-01,9.355205553918548578e-01,6.114283109331114519e-01,2.156997890853055433e-01,4.463497601135106296e-01,6.941116759918354306e-01,4.760509328461233480e-02,5.430873397770755728e-01,7.216311302040330222e-01,6.290445958931545345e-01,4.103741010089800301e-01,6.296477598468065429e-01,9.832008225032352611e-01,9.183722834105985111e-01,4.722630583676546978e-01,8.171235507510914431e-01,7.665118091956223401e-01,9.836926815761938281e-01,9.941436832825880643e-01,9.937946894763108885e-01,-1.415147953234066613e-01,5.828590770254385989e-01,8.159528829127864480e-01,4.159856564391867240e-01,7.870451137197169711e-01,2.263628046863012944e-01,7.899022645864102188e-01,4.779111682287476293e-01,8.094917658195412979e-01,9.818834845717037130e-01,7.275813761586081840e-01,4.351133547730980933e-01,9.734661821788207492e-01
6.908746219301193925e-01,0.000000000000000000e+00,4.176874077917230310e-01,2.377273393130905077e-01,7.089955418880790061e-01,9.732770088607924919e-01,4.922225025441109847e-01,5.169902944190135630e-01,5.044772756046967954e-01,8.966692860383380648e-01,9.983938711621660467e-01,5.651866738837184601e-01,9.401354011868602312e-01,5.486206827310020628e-01,7.283125984012066567e-01,8.409109134768715244e-01,7.575216239853073130e-01,4.287912672778971812e-01,6.496924311318585943e-01,7.760378707204488302e-01,5.263320734789016520e-01,7.263124913530427662e-01,3.279779996289414745e-01,6.367890556836866001e-01,7.976908117563299427e-01,8.230051469488006699e-01,9.627931329884262812e-01,5.970450163927766285e-01,4.305431619711891367e-01,4.958845235533642648e-01,5.594604404210471449e-01,8.059612848319048783e-01,3.878146024806278236e-01,7.807680809965297231e-01,2.725519025684177907e-02,4.917629357197664253e-01,-1.673582055360167686e-02,5.294111761602190436e-01,2.415919641297728515e-01,7.076630189421652117e-01,5.438378693308262291e-01,9.629239411997171372e-01,7.782499236949164123e-01,6.854154618064683957e-01,6.059717471631735908e-01,9.799074965986044328e-01,2.530119441870020136e-01,7.812523566216654780e-01,5.579187823020059778e-01,5.685577184561543818e-02,1.758346052369011078e-02,7.152110484392099066e-01,7.984290108663252283e-01,7.502039324276921217e-01,6.401893219615851782e-01,7.494673966383899044e-01,6.020982392200090461e-01,5.741369741807680338e-01,7.582368319408508972e-01,3.964876526205296514e-01,-1.176746714793701076e-01,7.116543769499806826e-01,5.598949377396119642e-01,9.903946702887532760e-01,8.872045698297943428e-01,7.503990020753275036e-01,7.519888055428312068e-01,7.662148637906088799e-01,4.803768746619048735e-01,5.361422779507992731e-01,6.493834357579615357e-01,8.399210912592878220e-01,3.106004299259791379e-01,4.915287250656108671e-03,2.873994049289076425e-01,7.268292850507088732e-01,7.287560807830086862e-01,3.015493338961747205e-01,7.354049498100823090e-01,4.067186148259770428e-01,4.975407729843194238e-01,9.367766696344768107e-01,1.089441964325365553e-01,3.037860838965869004e-01,4.059502584774891676e-01
6.629095162902590710e-01,4.176874077917230310e-01,0.000000000000000000e+00,6.487659309141070585e-01,5.355227895695355844e-01,6.170190684297580663e-01,5.111256968006226975e-01,6.996440966096024727e-01,6.974640509962440893e-01,7.704871485612179161e-01,9.301247311830000974e-01,8.069034465294984138e-01,8.777462328859335638e-01,3.871579260686495161e-01,4.542721767969146729e-01,3.502469389000388844e-01,3.723396093132832485e-01,2.625275764046550858e-02,7.880045570498808161e-01,9.850525677757233645e-01,9.742421942701294801e-01,6.086919785360410673e-01,8.947767073993899700e-01,9.516179986916087907e-01,8.177063941689320936e-01,7.223471567213516353e-01,5.706712232429853593e-01,7.515349782103614151e-01,4.947499279277889905e-01,-3.885980284093675241e-01,5.929157545712274713e-01,7.777514950701450713e-01,8.091761104913682834e-01,4.589669807873783536e-01,6.294289658052212300e-01,2.146479438770287351e-01,3.196898628719486712e-01,6.390845031709138091e-01,5.413146316454541251e-01,6.884377801444998557e-01,1.635591989796306434e-01,5.985784816625379090e-01,9.062959302428075237e-01,4.720238968551538350e-01,9.271688262738875252e-01,6.813578689134955901e-01,7.626180878789191597e-01,8.805067185461645796e-01,8.327158983956004512e-01,9.788802330407525565e-01,5.074833384901158428e-01,9.725470809011974582e-01,8.329717559474456579e-01,8.741261276660263757e-01,7.867236685884639869e-01,9.730335441012076814e-01,3.471785735710851140e-01,9.292726911633788500e-01,2.000187402301128181e-01,5.994639015217861910e-01,1.387931546902362034e-01,8.331127855430218165e-01,4.508289573531466532e-01,5.071562993470832836e-01,5.473593087259382983e-01,4.104686548818498038e-01,2.192496171974412933e-01,6.598334970915282760e-01,8.095626348200457567e-01,9.687190049338851860e-01,8.642172427130572210e-01,9.738950708388063315e-01,5.233506365267286409e-01,9.591220105177933331e-02,9.834079855901624034e-01,4.984455880507927539e-01,9.141880619256542717e-01,8.360610238250640869e-01,2.434076823354758556e-01,8.579397752547755773e-02,6.829134421493324725e-01,6.916734437869462848e-01,6.427905913272303762e-01,9.511446926318088968e-01,7.512687228476295775e-01
5.722554681281792899e-01,2.377273393130905077e-01,6.487659309141070585e-01,0.000000000000000000e+00,6.028775572204109201e-01,4.704326675982823391e-01,4.614118760599904556e-01,3.234455497170552474e-01,8.723935071412385334e-01,3.418909153794834621e-01,7.688264755232820935e-01,7.257570773223787075e-01,8.979938752077937236e-01,8.564301330646524324e-01,6.504054184406339312e-01,8.328551603035043716e-01,5.135444993958733217e-01,6.777492937722719990e-01,9.113962829287524103e-01,4.634650065017249521e-01,9.426447336438186220e-01,7.169209159585397950e-01,9.270137537913595294e-01,6.400194895158096697e-01,7.477714917663205174e-01,5.216029899671295045e-01,9.500409329726937635e-01,8.023244606969033299e-01,2.203631843713216298e-01,3.355737971114339802e-01,6.639676530560385537e-01,6.981805009670010165e-01,2.746596219521330040e-01,6.871129459775464632e-01,5.341708870303017997e-01,4.426675096414753874e-01,4.922821319483420832e-01,8.753909874245928702e-01,7.216293706744197900e-01,1.301488684567037313e-01,-1.543567553741933274e-01,5.502406068283087759e-01,9.274711468708656259e-01,7.793202075220363456e-01,9.570470890434787936e-01,9.890355446653464888e-01,6.416048628900343775e-01,4.118961710136330168e-01,4.935761695201323906e-01,9.366278596171577764e-01,6.346976154298846762e-01,9.234003573357669747e-01,8.571263187022433172e-01,6.105366054752303651e-01,3.448653649153597955e-01,6.980767343515200674e-01,5.070836136387696369e-01,7.621741179510541642e-01,4.196661499279287777e-01,5.830045720869991843e-01,3.518578752416203770e-01,7.770699884443634797e-01,8.927710048246771946e-01,2.793889634891717488e-01,9.123583249734635858e-01,6.939876755471144909e-01,8.415003000018002055e-01,8.567814645953552022e-01,2.097658305260603762e-02,5.067053447727817295e-01,9.503447858164091322e-01,9.370915475711356635e-01,6.420707113618095985e-01,3.901943768740185892e-01,-4.356250716531231970e-02,2.703576982133706341e-01,7.104944765561432840e-01,3.503854788949790633e-01,-1.006670503551088669e-01,6.796495308628124066e-02,4.820796073893769407e-01,7.250980353362932451e-01,9.847253572018555001e-01,2.982789926506101974e-01,4.470305902716628088e-01
6.823629095528803701e-01,7.089955418880790061e-01,5.355227895695355844e-01,6.028775572204109201e-01,0.000000000000000000e+00,4.603544645065495988e-01,5.973418829636262251e-01,2.873550454272590926e-01,2.762467984332190873e-01,6.612188962000491443e-01,8.048127694012726652e-01,8.923740355392156820e-02,9.275885889422652575e-01,6.444281157227598200e-01,7.802504526919609718e-02,6.361667016297379851e-01,4.222329820249287602e-01,4.760634101735509716e-01,6.562442484386381558e-01,7.557657852688038913e-01,6.584726724632348205e-01,7.976772454167010418e-01,3.148509185702464963e-01,8.141609808439000950e-01,2.649214271774343321e-01,7.924325976623405321e-01,5.959002604150673843e-01,2.089601663770282169e-01,5.618712086349849644e-01,7.997695380798903741e-01,2.033434683364848117e-01,6.826454393183225555e-01,5.216975891237969343e-01,4.805586260084621086e-01,4.650918031128521424e-01,4.284098891392071895e-01,6.020504408693415632e-01,9.016778033998019692e-01,9.985412218956424280e-01,7.778928021198869835e-01,6.473267115048952913e-01,9.926321950904565261e-01,5.508557300570939841e-01,9.952206521964254149e-01,8.283236364481738612e-01,4.617755926833822522e-01,5.341838462265813270e-01,6.271626657872684252e-01,3.908111394975479769e-01,5.831246193818490076e-01,5.025354021314643038e-01,4.554899249783306292e-02,5.243181318202774222e-01,9.511412135138690438e-01,5.130417344518377609e-01,5.601465718501114077e-01,5.089663984710484090e-01,4.667564803846372401e-01,9.643692794253554412e-01,3.486072967701486780e-01,4.107300084038829069e-01,6.413018793128822947e-01,5.206873581430224718e-01,6.383957391582861796e-01,7.657331580808328653e-01,5.071732155834527411e-01,6.159712430670125638e-01,6.540877562498544906e-01,4.241264517987536897e-01,4.520249959267841344e-01,8.348510739076130394e-01,6.852358904576262288e-01,4.281417261016739473e-01,6.670531131743748787e-01,4.051424301742826417e-01,2.253429897746363486e-01,6.900543182956135890e-01,7.964450205707089836e-01,4.852328169409922398e-01,4.505491558261914276e-01,5.377657018289310198e-01,7.874188856692807548e-01,1.014489244557998521e-01,4.560107121128281760e-01,8.469378711357480327e-01
8.977264668605976494e-01,9.732770088607924919e-01,6.170190684297580663e-01,4.704326675982823391e-01,4.603544645065495988e-01,0.000000000000000000e+00,6.496892774886460220e-01,6.109921183848144866e-01,4.933570853034522363e-01,7.250498784461362201e-01,5.422941501915774509e-01,7.530104418181414738e-01,6.444720974222767351e-01,9.074158928616281594e-01,5.475849553710920858e-01,7.604093946187706621e-01,6.966753434360697383e-01,6.563336603269815939e-01,3.698664210083559278e-01,5.522065777210063420e-01,8.957803161548558712e-01,9.193501245852675474e-01,5.144208634264197944e-01,9.523795106450763104e-01,6.235730693097708555e-01,6.336853635025053721e-01,6.287241536973124933e-01,7.973661847528712432e-01,2.808155087769665381e-01,2.060754546785342756e-01,4.291959429049850838e-01,4.858197929102066048e-01,7.140816986682877454e-01,8.922308942550741806e-01,9.302496461349335499e-01,7.543029654113923010e-01,5.563456053552294778e-01,3.909517137630491024e-01,6.050498808759461333e-01,8.821338615524924043e-01,1.090954529748206503e-01,2.579555043665976988e-01,6.954024288290847622e-01,2.387327364140431341e-01,7.291123165356193647e-01,6.527899624332056394e-01,7.623632955468830907e-01,5.161290490347071325e-01,3.326532098718569808e-01,1.636141853529775592e-01,3.097293270775954288e-01,7.157921131119051594e-01,7.743412586593745317e-01,3.682209744897869674e-01,2.530003845267020379e-01,3.876571362174136004e-01,5.811299654059309816e-01,7.584662259591875566e-01,7.438639959601199836e-01,4.735515588949985588e-01,4.512164645872673296e-01,7.910918501353364496e-01,6.743776834553250055e-01,8.029111172163986287e-01,6.562540671187033769e-01,5.168738535274410850e-01,7.433061933187606884e-01,3.075367046015106132e-01,8.010374555168400246e-01,6.517604858362444631e-01,8.734391635199864057e-01,4.240498539313714010e-01,3.571532021447022531e-01,5.811140024775471868e-01,7.169167538595989653e-01,4.035424985005323095e-01,6.554144270245219062e-01,6.253223826561528087e-01,4.737153684002176623e-01,1.738030921178788102e-01,7.615819695825201130e-01,7.696287760434510350e-01,6.219562499407162992e-01,2.305999772517123847e-01,9.508471439880379350e-01
8.397051084744157068e-01,4.922225025441109847e-01,5.111256968006226975e-01,4.614118760599904556e-01,5.973418829636262251e-01,6.496892774886460220e-01,0.000000000000000000e+00,5.193738031978423209e-01,4.496273054263705826e-01,3.448951191372197633e-01,8.555132031865960718e-01,5.007288025489194938e-01,5.726381911314168960e-01,5.664768542669934570e-01,4.188096239073033633e-01,6.118334211899196795e-01,4.344506981333302043e-01,5.229603976826580070e-01,5.856248432168137397e-01,6.395548961274769573e-01,7.417117131669220820e-01,7.783230425179775425e-02,7.907649590330889655e-01,8.123959740792516815e-01,4.180914679682366519e-01,4.784807140378667945e-01,3.221143818941519799e-01,4.535577680174365800e-01,6.647082477791506072e-01,3.758141276586001167e-01,6.033726878884360101e-01,4.188280794841954813e-01,4.933597345016924041e-01,3.264518939172506573e-01,3.495183800937872731e-01,4.945978410927323043e-01,5.448626792515778305e-01,6.336522548266042554e-01,7.049646890773277885e-01,5.769602926459509451e-01,-4.040789940329497787e-02,4.039417162348984958e-01,9.131285511365203611e-01,6.664491808758506997e-01,8.263558021484983529e-01,4.225965782091650191e-01,4.738461192430076241e-01,8.436343372713912547e-01,4.677028846641029247e-01,5.441460339218214814e-01,3.663844281488124605e-02,3.329500784847196915e-01,6.031869849355890878e-01,7.690632461425592759e-01,9.428157064474211868e-01,1.721230800253390480e-01,2.586047776878314108e-01,1.119423542126888327e-01,6.540996128142803068e-01,5.721661190570015432e-01,3.782308795968358783e-01,4.281107772339595163e-01,2.639904702369939848e-02,2.256887845480561039e-01,8.296327465301359672e-01,6.893010483751349504e-01,5.804254107955290065e-01,6.766719940635713693e-01,6.426637164614498188e-01,7.643082071661471133e-01,5.974375893924841474e-01,3.292741669086262091e-01,-2.106811421549459329e-02,7.329194984648185196e-01,5.499194402861159459e-01,3.325204483769849673e-01,3.932993555378750949e-01,6.808227677612130879e-01,2.678994000480413584e-01,5.889434214871878126e-01,3.526977874566311622e-01,7.999410463810503469e-01,6.320565591114942761e-01,2.376394673036230087e-01,1.699900364110866827e-02
8.178174793338930382e-01,5.169902944190135630e-01,6.996440966096024727e-01,3.234455497170552474e-01,2.873550454272590926e-01,6.109921183848144866e-01,5.193738031978423209e-01,0.000000000000000000e+00,5.269562531386373649e-01,1.610730116343688234e-01,1.352669774969483905e-03,3.415972220177830865e-01,3.064457518883320630e-01,7.748615104961982247e-01,9.973035846863751441e-01,5.592535401647629190e-01,5.076867542518835874e-01,4.482147445328498181e-01,3.474582879110598155e-01,7.484183368709294015e-01,9.112929318927185385e-01,5.780873283490651771e-01,5.229700443093623363e-01,9.859708976005859826e-01,4.653152775429831856e-01,4.232265970293861423e-01,7.403835714966651438e-02,2.186207403723538223e-01,3.476426457486886390e-01,5.251133104887633074e-01,4.779336466246919546e-02,2.427184484816035659e-01,9.524958265036278515e-01,6.118951873705050781e-01,4.368588135256818439e-01,7.370376317111684283e-01,7.233220826648716351e-01,3.295609675453838872e-01,4.268536239631289808e-01,2.868638061144773155e-01,4.704826582254355571e-01,7.855647280745592376e-01,4.421825540630924256e-01,4.159709879380248942e-01,4.376941020981767738e-01,7.668188527464163684e-01,2.161652801440777094e-01,6.337504809156152552e-01,7.572994150593229667e-01,4.761267473606513034e-01,2.131953319892302690e-01,4.292424888394034688e-01,1.119744684369857746e-01,3.238724702537287836e-01,7.024479574254700598e-01,4.360023978390126231e-01,9.272647986621380678e-01,3.091284012181628182e-01,8.982085992115151907e-01,5.574534951366152402e-01,7.786319383155727580e-01,6.043819529601791585e-01,6.354414495401776719e-01,5.198097912740393678e-01,9.497632665007288422e-01,4.726102174207164608e-01,4.368336075721244161e-01,7.282655520266893001e-01,4.592808189051700296e-01,3.669339628479358906e-01,2.636750631222581909e-01,4.177293521821359157e-01,2.408497464547509070e-01,5.495827800587318457e-01,7.222225121217724642e-01,2.253365879216275292e-01,5.418773187559258186e-01,1.126972206799018716e-01,2.035657679166722744e-01,4.952066194398739851e-01,-1.729662042852278259e-01,6.063181068332842427e-01,7.588203812412058769e-01,2.460512493414915014e-01,7.080206463025336960e-01
4.092829203052359976e-01,5.044772756046967954e-01,6.974640509962440893e-01,8.723935071412385334e-01,2.762467984332190873e-01,4.933570853034522363e-01,4.496273054263705826e-01,5.269562531386373649e-01,0.000000000000000000e+00,4.323483877526180241e-01,6.834979367469253830e-01,3.413787113570503351e-01,4.929033238286914531e-01,6.211158918348587132e-01,2.084891188043263566e-01,7.932368670813099154e-01,4.072878633538778992e-01,6.271577674069144237e-01,7.352628884207288440e-01,4.920014511469434360e-01,7.146189949175553169e-01,5.272097226302276951e-01,3.685821953989392163e-01,3.889223282986412622e-01,4.204349623477547926e-01,7.939240708162406124e-01,5.314505882928051150e-01,5.370300075879003154e-01,5.787442604685077985e-01,7.160913381759863583e-01,3.863694838201162662e-01,2.132379636874561224e-01,4.323262155179054544e-01,1.442249742077014452e-01,5.915386158719591059e-01,2.958236536353117674e-01,4.357616233812310891e-01,6.220246479486446489e-01,4.279697756899491501e-01,6.561244456515427093e-01,7.926709615439481160e-01,5.850040786740617893e-01,6.063364033224171168e-01,4.480592562268456702e-01,5.417779245448954839e-01,4.060588223491017890e-01,6.728288231309482725e-01,6.694649478495887651e-01,5.421414683231737808e-01,6.541435243604354355e-01,4.572181547034785964e-01,6.164656311781621101e-01,4.779139122694498476e-01,6.884411080200539823e-01,6.401687273613569928e-01,6.866753218129560965e-01,7.997231546440475292e-01,4.938788196315002099e-01,9.084536286628395185e-01,7.068972697730785404e-01,5.453932339831487619e-01,6.719631632202027749e-01,4.188062564155892349e-03,5.113030463700151129e-01,9.599909072545830258e-01,8.280136443497904120e-01,4.417513707048353333e-01,9.793170438782132781e-01,6.723501068685755477e-01,7.014507923903386954e-01,4.700720787519461208e-01,2.999258255272878593e-01,7.424696626482867323e-01,3.168649052017845635e-01,4.139392336095992775e-02,3.441340072389341698e-01,8.581395674240903659e-01,7.708480530654681084e-01,4.164965410354510289e-01,2.046244910145057772e-01,4.126018631660191560e-01,9.439317537519149592e-01,2.441286496349628077e-01,5.367305258811398971e-01,6.536386481902773937e-01
8.879411472033713615e-01,8.966692860383380648e-01,7.704871485612179161e-01,3.418909153794834621e-01,6.612188962000491443e-01,7.250498784461362201e-01,3.448951191372197633e-01,1.610730116343688234e-01,4.323483877526180241e-01,0.000000000000000000e+00,8.561033662832480129e-01,7.187029847404895477e-01,9.427524850958360902e-01,8.508300134864575925e-01,7.817596578548461350e-01,5.519301448195396143e-01,4.629151333714994765e-01,6.873317143707157184e-01,6.445355521550195643e-01,6.101549420097823750e-01,7.322136993732974997e-01,7.918049051654627579e-01,6.504648788368221357e-01,2.799926412957784994e-01,6.490685799971767089e-01,9.867997818508509322e-01,7.813526430214913221e-01,4.681413767719990737e-01,5.426874798955150236e-01,5.317158073225933812e-01,4.984468455619351368e-01,4.759258849551160631e-01,3.138635499287986130e-01,5.040894899054803036e-01,9.176370106505321589e-01,-1.350590106057245054e-01,7.083476902218636129e-01,2.953479195292709747e-01,7.948889993347691973e-01,9.379607617421611421e-01,9.597172925932321297e-01,7.180804663771135354e-01,4.321538301596832832e-01,2.661706833621772517e-01,8.086539240442727206e-01,5.863446125978610812e-01,8.423380152748736194e-01,7.336883279599299978e-01,9.227983971222654125e-01,2.883772503145267674e-01,4.170019507651577251e-01,8.274551134632892602e-01,6.432220762271145809e-01,4.785856764565651345e-01,6.476145239426405187e-01,6.449381663902257200e-01,5.475114017933947475e-01,6.024484887817594947e-01,9.236153034517767813e-01,5.466880124495324678e-01,5.991860014514569649e-02,4.279088626254501371e-01,3.648288099848397970e-01,4.719860654138571254e-01,7.480483032172313695e-01,6.440611460883084449e-01,5.880502066886283963e-01,6.224912847402392924e-01,5.351655047231981266e-01,6.346318369124936964e-01,8.755252861635725026e-01,6.139054848879335058e-01,4.310397387036511430e-01,4.580224589021498760e-01,7.022326708887038915e-01,4.553162602221977884e-01,6.874352743814495792e-01,6.904715668706836729e-01,2.756214141269535123e-01,2.694291704695351841e-01,7.985650007738329670e-01,6.092795776648581851e-01,9.939934121815576784e-01,4.111903955210394201e-01,5.984716494255922781e-01
6.973432275457446261e-01,9.983938711621660467e-01,9.301247311830000974e-01,7.688264755232820935e-01,8.048127694012726652e-01,5.422941501915774509e-01,8.555132031865960718e-01,1.352669774969483905e-03,6.834979367469253830e-01,8.561033662832480129e-01,0.000000000000000000e+00,5.865680432691484647e-01,3.035153936542027697e-01,6.063967164934001008e-01,8.284583017095397128e-01,6.443767935744070252e-01,5.228654564414731976e-01,5.342413250087245657e-01,3.778641123647374922e-02,7.990813559765312935e-01,8.625486872893526336e-01,6.045539389668970198e-01,4.797638654644945655e-01,7.467864561689752101e-01,3.815961579782194829e-02,1.792605126825469741e-01,6.145698230247464977e-01,4.783860658572900437e-01,4.834566991933653690e-01,4.655099411595158276e-01,6.075088415183870216e-01,1.969359164108486770e-01,5.664088364182355839e-01,6.740149170619236241e-02,2.873882920632252480e-01,5.034349510490143675e-01,4.108929307125457342e-01,9.413162954548440209e-02,8.484069056566304612e-01,8.172849519223621684e-01,6.527242368917748339e-01,5.396477056940266470e-01,8.727418668442087357e-01,1.958901915493909962e-01,7.666866181764859789e-01,6.864381700380162155e-01,6.538793026618194837e-01,7.250482971526845954e-01,6.311753321712890719e-01,6.077188037600126380e-01,5.647476501647986646e-01,5.172901579712122500e-01,6.695803048735088359e-01,2.850644129502898361e-01,6.660696377436375881e-01,2.521567071594053022e-01,4.003687489245339459e-01,8.533500934986038011e-01,9.662367381589040960e-01,3.287546446938758304e-01,4.624967718514845227e-01,7.802505835347811614e-01,7.333660136113876460e-01,8.506834818831465750e-01,3.716196339571918861e-01,8.169945682878261284e-01,9.080245818173036110e-01,9.097507651544386453e-01,4.648607712271968229e-01,4.204026729899725812e-01,6.262474339629195974e-01,9.054639737744680783e-01,3.638893603054624282e-01,4.770009978910799697e-01,3.088761116292556008e-01,9.747462503976175308e-01,9.892304023985305506e-01,4.974034649843366851e-01,7.823536610647605638e-01,3.842422960514504382e-01,1.837550026777027556e-01,9.259932806678258244e-01,5.289494862560844002e-01,4.428825769521066436e-01,8.547278228462225069e-01
7.337146927917551631e-01,5.651866738837184601e-01,8.069034465294984138e-01,7.257570773223787075e-01,8.923740355392156820e-02,7.530104418181414738e-01,5.007288025489194938e-01,3.415972220177830865e-01,3.413787113570503351e-01,7.187029847404895477e-01,5.865680432691484647e-01,0.000000000000000000e+00,7.788818780656410201e-01,6.619691589846764534e-01,2.615791804297667444e-01,5.590583806862148286e-01,4.905935543659408760e-01,-6.550341757726324543e-02,4.026605964677480998e-01,8.254340068598029490e-01,8.778725425638638225e-01,7.202755953523525267e-01,7.658787897210174167e-01,8.807546808107357128e-01,6.175904556590511296e-01,7.714866066035184211e-01,9.146994150005693935e-01,6.019641511941098422e-01,4.326673616698537561e-01,6.273501688664177012e-01,3.025927037513379547e-01,3.830783868333182407e-01,8.132719625995158408e-01,5.961693667287095710e-01,3.138961048827904055e-01,7.161311002051263808e-01,3.992631710576469706e-01,5.989308931014611925e-01,8.721040551343237635e-01,9.916396757317776089e-02,7.160381685972507793e-01,3.475882889512566520e-01,9.311713792091849129e-01,5.262768121683781830e-01,5.605471389403167137e-01,9.312138315344539174e-01,4.074381811193963365e-01,7.612068207893299965e-01,3.819598902309556121e-01,2.006339560985224701e-01,4.697181439292391070e-01,7.169834156064023301e-01,2.527278408155477774e-01,4.400694840707659039e-01,8.677570093391090422e-01,7.948308489833852963e-01,6.623620357275920856e-02,2.313241627728720440e-01,4.995955704068973380e-01,9.264069790541669125e-01,1.933901886398654291e-01,9.782080831649710984e-01,4.216979334281009129e-01,4.788695404416466461e-01,6.711313834854529814e-01,4.943020697201536695e-01,4.573565871619030831e-01,6.881844904750284986e-01,4.744293362670295444e-01,2.953471325753439514e-01,8.826326216743256570e-01,5.269954836715335933e-01,2.391949087807651864e-01,4.090234433203132625e-01,7.580622143724624618e-01,2.071671883337728448e-01,2.253723427320903083e-01,6.295282905672054952e-01,6.953239448926197275e-01,1.849196898351827267e-01,7.910547622721525451e-01,8.364689554322003451e-01,3.716642718175399152e-01,4.501365762851026742e-01,5.236083856197165654e-01
8.892380126348251590e-01,9.401354011868602312e-01,8.777462328859335638e-01,8.979938752077937236e-01,9.275885889422652575e-01,6.444720974222767351e-01,5.726381911314168960e-01,3.064457518883320630e-01,4.929033238286914531e-01,9.427524850958360902e-01,3.035153936542027697e-01,7.788818780656410201e-01,0.000000000000000000e+00,2.189976458242177682e-01,1.972341710711640606e-01,5.462217561380757758e-01,7.404166115549424276e-01,6.500219119131175338e-01,3.506661232149319574e-01,4.968633004910991691e-01,2.192810283129482118e-01,6.389468608232415914e-01,5.279960337983011787e-01,5.954094554249705906e-01,3.498179349060225318e-01,8.424940177837928479e-01,9.578148582804577593e-01,5.222993252775618434e-01,1.836054646536194879e-01,2.214267501619446576e-01,3.314069267532478436e-01,4.332682575717139439e-01,8.824185443189280775e-01,9.349142626001425427e-01,6.855418240752485515e-01,-6.384576886276732699e-02,2.195815488545752037e-01,9.839153172387077317e-01,7.510322077294704357e-01,6.503060800302125077e-01,3.659120033828137664e-01,9.582419415425178499e-01,9.697233083270163645e-01,6.870204416024169314e-01,7.779188043541611641e-01,6.533067459814680955e-01,5.846850478111227378e-01,-1.349972203757781597e-01,8.191634997393960615e-01,4.900539703671288883e-01,5.046911230335939802e-01,4.749464091746461447e-01,4.562092405289292496e-01,9.881930101543143774e-01,2.278111465363687471e-01,8.487395583255692433e-01,1.488052214804398976e-01,9.359434926401590804e-01,4.164003507940406967e-01,2.893619160183247274e-01,3.594086252307031049e-01,3.312901641287090415e-01,7.141802909877017491e-01,8.475703874629151313e-01,2.429989013616408733e-01,7.651472069112587038e-01,9.250515556777352266e-01,7.740437898831916685e-01,8.924643409267785099e-02,3.802491660363065407e-01,4.373955041516050524e-01,5.570701241439132145e-01,3.964748982749100592e-01,5.843864096959680010e-01,5.567390054785948950e-01,4.321477911272993966e-01,8.623279538657082632e-01,6.210191871722000601e-01,7.495243841622348802e-01,3.918535984396042116e-01,4.940332456131179550e-01,7.308966241088299398e-01,4.491848381049964867e-01,-1.351060285700883545e-01,8.124329054626486801e-01
6.522259802706857901e-01,5.486206827310020628e-01,3.871579260686495161e-01,8.564301330646524324e-01,6.444281157227598200e-01,9.074158928616281594e-01,5.664768542669934570e-01,7.748615104961982247e-01,6.211158918348587132e-01,8.508300134864575925e-01,6.063967164934001008e-01,6.619691589846764534e-01,2.189976458242177682e-01,0.000000000000000000e+00,6.230373521112586577e-01,6.567993997114285332e-01,6.541321566191775627e-01,8.031476258452877603e-01,4.571379465415995602e-01,9.552167117167345012e-01,6.018342128336634511e-01,7.670429890666616846e-01,6.729285694485436231e-01,1.458447918535500099e-01,6.418985591465016238e-01,6.313416132812866843e-01,4.936491434145601764e-01,8.623246620528159934e-01,2.901186234755223081e-01,3.369016895130173550e-01,3.478108389945040457e-01,5.566888974540005197e-01,6.475547304548607830e-01,7.624905476613247357e-01,7.390861005293487551e-01,4.361549108170474920e-01,2.249899895098850244e-01,8.861484264038195224e-01,7.187327395783317252e-01,6.553223310753369946e-01,5.052397415535360148e-01,6.636619093811049197e-01,9.716322499842503513e-01,2.700335991364657962e-01,4.754078153962331688e-01,7.304564564737372478e-01,4.550592470809957657e-01,7.789342214438732537e-01,9.790233226779415654e-01,7.519801549213387393e-01,9.191275235927962584e-01,6.717394485001479953e-01,9.801612644163337773e-01,5.701223926490290861e-01,8.178078030652133901e-01,6.847206194390815792e-01,5.388533263573032084e-01,7.056792708432221284e-01,1.598671144952570553e-02,3.904569347949856661e-01,4.950001224106766462e-01,9.570367238666086518e-01,6.983796770285218836e-01,6.221605869390283150e-01,6.355294151430997962e-01,3.140507956781701804e-02,8.100911824766985347e-01,9.557503363057614498e-01,7.861375691845265967e-01,8.587211467855460079e-01,9.329186515765267584e-01,6.414588136002141727e-01,1.052647903863179329e-01,2.141093869880301981e-01,4.058672541687103306e-03,6.171295307920408035e-01,7.221445939507877831e-01,5.133923005277875040e-01,5.653918251416715224e-01,5.559235886887408107e-01,8.030332568917083469e-01,2.440864758817359315e-01,5.319805812633751074e-01,3.951117942204532829e-01,7.375086834876947162e-01
6.978599175711531766e-01,7.283125984012066567e-01,4.542721767969146729e-01,6.504054184406339312e-01,7.802504526919609718e-02,5.475849553710920858e-01,4.188096239073033633e-01,9.973035846863751441e-01,2.084891188043263566e-01,7.817596578548461350e-01,8.284583017095397128e-01,2.615791804297667444e-01,1.972341710711640606e-01,6.230373521112586577e-01,0.000000000000000000e+00,2.258998398280252090e-02,5.920322475011661201e-01,8.537031286024214793e-01,5.485222594371564897e-01,6.545224559000991649e-01,6.078862971061420595e-01,5.449758945177501923e-01,3.195867666213541569e-01,8.178459381954907848e-01,5.113693187749578373e-01,5.972921977455050158e-01,4.531411857232224283e-01,6.158239232820789111e-01,-8.071614055151452027e-02,2.726439639567370884e-02,1.126819623690774042e-01,7.851640107712457572e-01,2.213682685998845101e-01,3.835739085796582848e-01,3.503289215849539895e-01,2.352835076492917898e-01,3.899600616474344639e-01,3.668015110002156853e-01,9.168879577737732989e-01,5.336702712419918448e-01,3.853642339153023899e-01,3.466733148889608040e-01,8.217695171085255268e-01,1.128206104889681038e-01,8.857103599459102972e-01,5.616592671195304032e-01,7.636881756369255925e-01,4.149990307876143536e-01,6.493726849409091617e-01,7.506248639840586989e-01,7.511346712512226853e-01,7.191284170019589528e-01,6.339724262651714737e-01,5.188178186209877474e-01,5.303711005060555150e-01,5.770604746400005425e-01,4.905268080576422607e-01,3.099697746890923700e-01,2.814187670678520714e-01,5.293260681810900703e-01,5.332565618521827311e-01,2.897219553181826224e-01,5.404940975882283061e-01,6.515234713408619704e-01,7.911297615669424799e-01,6.787080837347550522e-02,6.868771584656503393e-01,8.639068466135244595e-01,4.148180358115467481e-01,5.949474706150423842e-01,9.206832339560000467e-01,5.457311600140547503e-01,3.747764830591044927e-01,2.645621994271499799e-01,3.957586703719001564e-01,4.935527332755013652e-01,6.762951613690912911e-01,5.151540052108979362e-01,3.678563918999275817e-01,3.202477921893520652e-01,7.347703060958743482e-01,9.231909753796241347e-01,9.802210802151927194e-01,6.789649759650894234e-01,4.366790421807001943e-01
4.476708532567593157e-01,8.409109134768715244e-01,3.502469389000388844e-01,8.328551603035043716e-01,6.361667016297379851e-01,7.604093946187706621e-01,6.118334211899196795e-01,5.592535401647629190e-01,7.932368670813099154e-01,5.519301448195396143e-01,6.443767935744070252e-01,5.590583806862148286e-01,5.462217561380757758e-01,6.567993997114285332e-01,2.258998398280252090e-02,0.000000000000000000e+00,5.369464239948494866e-01,7.442312853809648354e-01,6.229657537724011540e-01,4.256866519489576617e-01,5.760433556957055279e-01,3.225209715842426994e-01,8.899651270306595530e-01,4.135252475384884607e-01,6.982486010090971362e-01,7.916642419186092905e-01,3.595745071248152569e-01,4.747085539098327978e-01,6.481465750938393278e-01,7.741083631502310158e-01,5.703579514937376360e-02,5.359544264176352435e-01,5.615369156984169052e-01,3.223398004507770365e-01,2.531416042727698268e-01,3.799936514818478273e-01,1.983756100874120021e-01,7.968596616813539146e-01,6.616614879862852128e-01,6.348577709060627683e-01,2.467266096941523879e-01,7.320773197154857304e-01,8.829415325072443865e-01,3.194943265557157464e-01,4.324351324284824161e-01,5.747456385813287660e-01,9.803131697365516928e-01,3.011229794060097387e-01,6.310113460892938786e-01,4.902066940726468314e-01,6.792803287123156952e-01,2.185999542434337584e-01,4.213656884860537133e-01,8.513805575752995125e-01,5.651830450948041040e-01,5.154279342814376275e-01,6.032816371543370249e-01,8.229399725851052061e-01,7.532828957720080210e-01,4.499708332391993970e-02,3.467694673971154495e-01,7.581238098364209144e-01,6.934460598527990571e-01,7.458088280283801108e-01,6.630751363035782830e-01,5.021024038027439573e-01,5.594215944560252396e-01,7.986356130337610715e-01,2.058068998971424590e-01,6.523326883352857930e-01,2.080676813045422568e-01,2.166598371073118479e-01,7.151579227131532601e-01,3.909528959730108888e-02,4.993399922794993784e-01,6.493453136655323865e-01,7.615164078043217266e-01,1.912748322350901198e-01,5.845743346644983740e-01,5.212023074704045245e-01,5.907215840477093582e-01,9.904625792038378451e-01,5.984096740092317290e-01,6.851844553885079181e-01,7.402617121785075305e-02
6.283983519872831103e-01,7.575216239853073130e-01,3.723396093132832485e-01,5.135444993958733217e-01,4.222329820249287602e-01,6.966753434360697383e-01,4.344506981333302043e-01,5.076867542518835874e-01,4.072878633538778992e-01,4.629151333714994765e-01,5.228654564414731976e-01,4.905935543659408760e-01,7.404166115549424276e-01,6.541321566191775627e-01,5.920322475011661201e-01,5.369464239948494866e-01,0.000000000000000000e+00,7.279141963183324293e-01,7.922685501648026873e-01,6.867890263351743574e-01,8.689770817880009268e-01,9.837966715709896004e-01,9.914454342484586569e-01,9.493912977583214285e-01,9.639615752841966811e-01,8.873683785585306794e-01,6.352141478461929003e-01,7.984286300595982988e-01,1.536661370455351117e-01,2.082692196512955229e-01,2.472236734065303421e-01,7.730893050047675796e-01,7.756532136215669171e-01,5.322146035416094323e-01,4.835986479216792810e-01,4.156478242171273707e-01,5.722174402523514392e-01,8.282553119964629618e-01,2.126571520640881952e-01,5.694497794756216980e-01,3.925905288768364310e-01,7.488766843553771313e-01,8.649770460286108076e-01,7.034499290591637033e-01,8.191655603768749350e-01,9.193364812134310338e-01,5.386125163346406897e-01,7.569304953829383287e-01,9.229079499975016976e-01,9.764267115556357624e-01,5.809070287595236026e-01,6.122685241461263139e-01,6.901108995888508568e-01,3.319738736694194392e-01,3.640029344041674775e-01,5.115102327291020101e-01,6.462160773806741032e-01,7.901417332447104869e-01,6.190536215037795165e-01,9.403824860406455599e-01,2.389512925181978831e-01,5.996512907695861205e-01,5.704469982199544820e-01,7.576580929558115463e-01,6.549799333226030695e-01,8.698633216238398358e-01,6.726011952096968560e-01,6.669374371200916807e-01,-3.580666140678145926e-04,8.013163418387289072e-01,7.026963763777260841e-01,3.438565202691732381e-01,3.486362910997682640e-02,1.415754845077337731e-01,6.418416340593138258e-01,3.477956878861976908e-01,5.969965624813018401e-01,6.259807825592070829e-01,5.549726509709199118e-02,2.733512154390471682e-01,8.657304755156426390e-01,7.453918351204715798e-01,6.656529083215170228e-01,5.859116319234893844e-01,7.530874098526768590e-01
6.308281304583482907e-01,4.287912672778971812e-01,2.625275764046550858e-02,6.777492937722719990e-01,4.760634101735509716e-01,6.563336603269815939e-01,5.229603976826580070e-01,4.482147445328498181e-01,6.271577674069144237e-01,6.873317143707157184e-01,5.342413250087245657e-01,-6.550341757726324543e-02,6.500219119131175338e-01,8.031476258452877603e-01,8.537031286024214793e-01,7.442312853809648354e-01,7.279141963183324293e-01,0.000000000000000000e+00,8.377789641471713455e-01,7.876905032300506315e-01,9.935463587245627615e-01,6.430211911322678553e-01,5.499978219285175385e-01,7.138957963066715484e-01,4.586221616598911699e-01,7.235616467670944463e-01,8.286634388306178822e-01,7.423578601605904659e-01,2.438749480832035355e-01,3.366612557345063372e-01,7.070301822483351373e-01,6.539124618386336074e-01,5.848385743722699370e-01,8.323457027809034736e-01,4.526868079763149422e-01,2.244936291010173612e-01,5.229977738728849301e-01,7.835483462959693668e-01,4.504681091573319862e-01,6.463267927366882493e-01,7.093081450926793652e-01,6.863544888260856291e-01,5.146398436844692448e-01,5.476515081004801333e-01,9.530759285028801431e-01,5.005584561328528803e-01,9.082003377160494662e-01,3.837013486608746859e-01,3.947543801744273217e-01,7.040981422592503813e-01,6.067100808681129553e-01,7.874453951423148190e-01,7.090003061823230146e-01,7.225827980365162606e-01,5.618055248877096286e-01,9.658309863190835953e-01,7.251017630315681473e-01,5.290128749140212694e-01,9.506939664279292490e-01,9.123942126862250035e-01,5.331788522916116602e-01,2.389878239050726993e-01,4.345852591808571086e-01,6.950888172665151687e-01,5.286403206753427231e-01,7.792084426466692193e-01,7.662631921960330050e-01,3.385797907784194871e-01,4.272071425945482281e-01,2.415309380032633346e-01,7.086596057443095287e-01,4.174218596478034282e-01,6.816768035155963412e-01,-1.101614464015487904e-02,4.107382558225338709e-01,8.979003415044123360e-01,7.764545363962488400e-01,1.579684174523642015e-01,1.322458062563635905e-01,2.484556211407943638e-01,4.244309484723326475e-01,1.506498412613293258e-01,4.504051190813398997e-01,7.161519402069947693e-02,4.481830532039348114e-01
