0.000000000000000000e+00,9.761738184451336231e-01,9.865727025603477918e-01,9.795180463767649837e-01,6.438282799669831080e-01,8.990894894755904199e-01,8.570554451565057796e-01,7.171992277201413302e-01,8.926345363062559990e-01,8.028100440601738663e-01,8.606876620402084122e-01,8.880634244403442512e-01,7.901161151367723789e-01,6.369559634570128859e-01,2.256346513718735514e-01,8.671479598352975771e-01,7.529778604651384821e-01,3.623192794321021259e-01,3.515325262466711953e-01,7.384943361854123811e-01,3.301971712471432063e-01,8.858090177853359393e-01,7.556366911016505483e-01,8.216570320718220577e-01,7.377783978413736676e-01,6.418992654025856837e-01,6.614824893188719912e-01,7.875948790556344115e-01,3.892777528173986257e-01,1.111094279344806458e-02,4.473814031623167264e-01,6.182066802355337121e-01,7.247464339368268893e-02,8.741344092316565284e-01,5.581680488711605603e-01,1.192700551422333777e-01,3.930960797900009407e-01,9.946053292878714869e-01,9.983946240778055481e-01,8.681753287434711419e-01,3.226605179323589478e-01,2.840122866007650515e-01,9.562653153999013389e-01,8.306631220813276428e-01,9.490847777019167930e-01,4.923565095053311635e-01,9.724917680668508924e-01,7.243457380133242474e-01,5.979397615769066476e-01,6.218215660454889937e-01,4.332777917379231347e-01,9.833327929956661162e-01,7.559985857552200539e-01,8.558697649440449862e-01,2.945449161767677015e-01,6.301752901935473439e-01,9.434669488140872140e-01,9.245879687093523369e-01,8.293609972529983887e-01,3.372940091107725635e-01,5.735088003640108623e-01,5.508564926468682010e-01,6.282306953655774073e-01,1.311943003731382562e-01,3.545161984586217008e-01,7.920080224314997031e-01,9.879165361428049463e-01,7.508634861189613652e-01,7.070755262422935283e-01,5.978814810178979533e-01,7.398241827251120784e-01,6.684651366480348633e-01,2.759444840922080089e-01,1.157110410116251598e-01,5.120896602872515579e-01,8.255105510727100970e-01,9.496018218238142516e-01,6.106873173148520406e-01,7.039092095774801550e-01,4.793818596477591454e-01,5.906360178050613641e-01,5.872410833931405172e-01,8.442635777302909261e-01,4.117074535994463824e-01,7.683533501410908517e-01
9.761738184451336231e-01,0.000000000000000000e+00,6.244394107709916319e-01,7.020729297896886045e-01,5.870238597968310268e-01,1.321407286584477259e-01,7.736544728072762833e-01,7.632254208457384115e-01,5.539439097807634660e-01,3.763906441184849960e-01,3.738895539485521113e-01,5.304047782521932319e-01,7.139880505991256232e-01,9.254773263267438432e-01,6.994256964536363919e-01,4.306877100850649009e-01,6.790096210904160712e-01,7.736034968791195565e-01,5.808119383041686623e-01,8.585362275924954822e-01,4.791598632908029565e-01,3.634505589796017677e-01,6.643096592027319947e-01,7.599477447224594062e-01,7.492789982895227130e-01,2.280862220166777338e-02,9.550464593087503173e-01,8.346266780138961172e-01,2.592530967203312553e-01,2.089893849800124048e-01,5.012984396119415376e-01,7.997430495436236297e-01,8.966930441720647460e-01,6.073462450909756782e-01,3.294811044459209359e-01,2.841264145024755550e-01,4.341932794239877214e-01,7.943775220050071084e-01,9.177738516677752534e-01,9.768010501494169828e-01,3.203546440790485117e-01,4.026502364035139392e-01,8.410252971025177215e-01,4.989629090743896711e-01,2.700516200190565819e-01,6.570566436990497028e-01,2.743512248307450330e-01,4.533283905863508823e-01,1.146959465699320113e-01,4.294932126018647933e-01,7.490477094697420846e-01,6.261450961884851285e-01,9.809749479488724111e-01,5.761129359991975507e-01,2.054113668724728836e-01,9.369045817393287789e-01,5.304135826474353221e-01,9.372517061428728979e-01,7.419172289915789698e-01,5.648802186069441511e-01,5.194572178267146123e-01,8.219831695106546432e-01,7.247148481458363101e-01,7.115106741832430970e-01,5.483057016052068633e-01,6.950758694673186966e-01,9.465967182546365377e-01,6.563389589333971097e-01,4.483547046924146184e-01,8.440252769681955147e-01,1.171926895415966313e-01,7.554789218582916854e-01,7.898684319939135445e-01,5.134942969968476767e-01,6.199275710865032041e-01,9.913318450912150803e-01,8.102120094336074940e-01,5.439168073987881158e-01,7.619499357343474388e-01,5.913877736123507312e-01,6.476646178109152219e-01,7.233513584056616708e-01,4.751295653658323959e-01,3.976889208441659607e-01,7.816804440002148024e-02
9.865727025603477918e-01,6.244394107709916319e-01,0.000000000000000000e+00,6.260242476616271201e-01,7.304593697655754614e-01,3.385324108938820853e-01,7.025893317940306027e-01,4.124699243206901844e-01,6.269282143248605665e-01,6.309273909856070173e-01,4.343472886428385582e-01,4.641384542190853946e-01,9.817467230975296388e-01,6.556976420773559244e-01,6.031016333160444942e-01,4.053659488703641456e-01,3.256655831983699123e-01,9.501182668719845292e-01,8.951150540749522877e-01,5.008678945850536524e-01,6.338374736902414597e-01,2.760117463562251627e-01,6.286642036531356892e-01,7.032954934073392117e-01,9.204504113159238665e-01,3.446351980547280869e-01,7.686759351670173768e-01,4.576460338615119250e-01,2.915614051874527157e-01,5.233801958265527077e-01,5.428107357790303844e-01,6.152183354964032569e-01,5.676255183710460228e-01,6.125973414008434315e-01,6.071595562012293001e-01,2.812964961367523387e-01,6.658091847259657303e-01,5.306770754591161321e-01,2.476601584413654633e-01,8.465848157038342592e-01,5.074708820289712818e-01,9.641620874748622061e-01,6.331730833861385355e-01,9.727614742082926202e-01,5.441742843450229072e-01,6.580340787089380417e-01,4.972193457651362669e-01,8.574370406469890016e-01,4.347892912839554369e-01,7.125242059338869893e-01,9.984583135967605161e-01,6.665059053617437002e-01,5.132025841387309884e-01,9.223911558944511979e-01,6.433764952795345549e-01,5.346747853908099257e-01,5.798554369425722443e-01,6.793103451995381459e-01,8.527232065103202974e-01,6.358744824558297815e-01,5.455321622092359490e-01,6.281164912827827962e-01,4.686665387849177078e-01,6.055252215425429574e-01,2.493263736469145675e-01,9.308882699861688037e-01,2.654794818993608807e-01,8.372305394581992521e-01,8.799457195964808243e-01,7.351259088369073158e-01,4.075638554308747552e-01,8.065319059277912261e-01,4.505860452238705793e-01,2.770352156237292363e-01,8.897547300709944817e-01,4.100788657156516082e-01,4.066898633089559567e-01,7.117025520880195799e-01,6.840056771924469814e-01,2.533635786994317129e-01,8.072702198810453034e-01,3.563327877674481448e-01,9.214371065950047734e-01,7.707427406448266183e-01,8.675221461152484714e-01
9.795180463767649837e-01,7.020729297896886045e-01,6.260242476616271201e-01,0.000000000000000000e+00,6.019796621968913630e-01,7.418853801317731866e-01,-2.432012064140556540e-01,3.293638182675686088e-01,8.026585763424977094e-01,6.959972849407514150e-01,6.847648261269111414e-01,8.645140710781412663e-01,6.166319482838874544e-01,7.728478986535461948e-01,4.034364156335988882e-01,4.168371021259058562e-01,6.559385451312620408e-01,9.739460928622820646e-01,9.336408820436158384e-01,5.104827199197778942e-01,7.956927745852067080e-01,9.408245586478023448e-01,5.255448624483356479e-01,6.144522894108978006e-01,4.114973981648260559e-01,5.867400513102092319e-01,6.736620642903151657e-01,6.145617837124425220e-01,2.639104068289123139e-01,2.241522432711891277e-02,4.868225145776443608e-01,9.045070533216639230e-01,6.539463663824869322e-01,8.274789730765911289e-01,9.355459476542404840e-01,2.348821172141695168e-01,5.864786519162968892e-01,2.356365852671983840e-01,2.778652818425061399e-01,7.080588593314033341e-01,3.442199959231748707e-01,4.236582580850716817e-01,9.090809358846144717e-01,8.377894735578570451e-01,9.196389046602633233e-01,8.906525910596010398e-01,8.635716784263003376e-01,2.898907928957875635e-01,4.873349059874089173e-01,6.859281946175918021e-01,9.914562680463097077e-01,6.038541896997934311e-01,5.445828211848408040e-01,7.694630250744652900e-01,9.143825798261501214e-01,7.780631579725945102e-01,4.917134505514130782e-01,5.136334753525700902e-01,8.251960320432643048e-01,6.788582434905321428e-01,4.385450099943739022e-01,6.512634613478912593e-01,6.643459580270892895e-01,4.911760220251435438e-01,9.930657010814296637e-01,2.553477808147271988e-01,5.759462081694293190e-01,6.264989186621746642e-01,9.128348301456512548e-01,9.730288036248679884e-01,7.034595629028722596e-01,7.877721908078281210e-01,4.537139030312826171e-01,4.293808765381791903e-01,3.549591540017304481e-01,9.361589723101700899e-01,2.894712945449312569e-01,3.173211909897855065e-01,1.589827459214615546e-01,2.267376973967565879e-01,7.286092119500680031e-01,5.896271167600496410e-01,6.878741697547433587e-01,4.052547548515096354e-01,6.775055765437901778e-01
6.438282799669831080e-01,5.870238597968310268e-01,7.304593697655754614e-01,6.019796621968913630e-01,0.000000000000000000e+00,7.698017685324829440e-01,2.866022107152222942e-01,7.918480736253684649e-01,7.145180356226720209e-01,7.128182444217762148e-01,8.454999934485383228e-01,3.155752708246949978e-01,5.336899229173986958e-01,4.707376409130563100e-01,7.235765244509054783e-01,6.406289622395053840e-01,9.206722470223664967e-01,5.923095123000301498e-01,9.666640870642230210e-01,8.779625456131980865e-01,9.752851676366803835e-01,3.982280002075908043e-01,2.085110601283626797e-01,7.511036302017694011e-01,2.243909227429483066e-01,7.443419977408604060e-01,6.201089728831941095e-01,6.635632241052261682e-01,2.222464342262916448e-01,4.787124073224870990e-01,1.575648037979305027e-01,4.113106033771105619e-01,6.723055001523353669e-01,5.300309942710476063e-01,5.990447836633443490e-01,4.009518447399465502e-01,3.771933974593691397e-01,6.077657267938650909e-01,7.720726247320506275e-01,6.859112928240771456e-01,-1.820395221593160140e-02,6.652068174790558563e-01,8.688776459798848162e-01,7.986618472211562403e-02,6.445584932190923100e-01,8.968088809070555723e-01,5.414888092957943488e-01,7.188355440341072100e-01,3.345128976235902107e-01,2.079684061207058288e-01,8.005351830033797800e-01,6.963665899161508577e-01,6.075203498498208399e-01,9.050546236106522535e-01,4.226363453231140044e-01,9.788516504193059964e-01,9.201727133753392351e-01,7.092691810575183498e-01,5.306422300795783364e-01,5.116524353625333532e-01,2.797985788616219605e-01,5.062151884475722952e-01,7.216916396634069919e-01,8.401704991226415231e-01,9.814897818673636865e-01,5.911012446055171621e-01,1.148775775923169679e-01,7.028333258034769049e-01,5.359922958780951596e-01,8.600984389744479319e-01,7.285461837818356656e-01,1.429290377680410284e-01,-1.266260828161113183e-01,4.959353094485855484e-01,4.075439821671527074e-01,5.109210999359511396e-01,5.706848736426288760e-01,6.465161476765006743e-01,4.464438572324204713e-01,3.623179648578385148e-01,9.516396887605267363e-01,8.602511147128020230e-01,3.287769322996623167e-01,1.742396399179176603e-01,3.040801447267005297e-01
8.990894894755904199e-01,1.321407286584477259e-01,3.385324108938820853e-01,7.418853801317731866e-01,7.698017685324829440e-01,0.000000000000000000e+00,5.751205321279893035e-01,6.676434018096701895e-01,6.976212442055408358e-01,2.937422263329972916e-01,7.119118467487314250e-01,6.009532638994958820e-01,9.632586882914087045e-01,4.230659618953637180e-01,2.931875676378473683e-01,3.186977861772435916e-01,7.867652053177707216e-01,5.822269870234293432e-01,5.944214360996280533e-01,5.051942483336516743e-01,6.194056360134572170e-01,3.012532352513923595e-01,2.315813452730381694e-01,7.655075452011597115e-01,5.354605139362703659e-01,6.414568126441465568e-01,3.525838243494946456e-01,2.274543545356870755e-01,7.433396938816577704e-01,7.233132012907217412e-01,2.447964820913017536e-01,5.204378945677240464e-01,5.685875177835931771e-01,7.192228013400544517e-01,7.180784639267454583e-01,9.389972150945478935e-02,1.994829788678129934e-01,7.652444862537557402e-01,7.655021889627784404e-01,2.605965695567802332e-01,3.190884760703914802e-01,5.878278271360406482e-01,9.319501167967711996e-01,7.613436854073822868e-01,7.767018952986863845e-01,7.032305456650561615e-01,3.872776346610922737e-01,9.376979041847007812e-01,3.611453758530178693e-01,7.822531658990184988e-01,4.772179549746956573e-01,4.379809170645351801e-01,9.294862122177097730e-01,5.574722403437364360e-01,6.731004023551834248e-01,4.795753115671725353e-01,9.637586918587346396e-01,9.535142595338339522e-01,1.519842307186204389e-01,7.055017522385249595e-01,1.653306539912287043e-01,4.426425358019601686e-01,7.388325955348310492e-01,9.532609262624321955e-01,7.721272974051541782e-01,7.735462462591347066e-01,4.455377338548202060e-01,8.573439179376038943e-01,2.495670146042316961e-02,5.586428931410535315e-01,8.566605909562944321e-01,6.148329939819096035e-01,-1.467088107052342272e-01,5.850578167666768969e-01,1.308711937649622015e-01,8.033200681562803203e-01,3.784271437075613642e-01,4.256700820264185392e-01,2.952765600410305891e-01,2.913678827776822189e-03,4.375675240790591891e-01,7.849021622383403063e-01,6.249608861626555489e-01,4.973025806213646205e-01,3.183604724855190748e-01
8.570554451565057796e-01,7.736544728072762833e-01,7.025893317940306027e-01,-2.432012064140556540e-01,2.866022107152222942e-01,5.751205321279893035e-01,0.000000000000000000e+00,6.672626644890879977e-01,7.967457292631717480e-02,5.549511755315351680e-01,3.978415320455205295e-01,6.338644085572169296e-01,7.949039385751468512e-01,2.932940500254000993e-01,2.860987706448172019e-01,2.621336330183027807e-01,6.112645150086267742e-01,4.659773358569845869e-01,3.481740575181627162e-01,9.078269903859054191e-01,-9.901007539477606201e-02,7.723481037340496069e-01,4.975206629935602920e-01,7.085797047634770918e-01,6.383454338622011059e-01,4.613235754099536123e-01,4.368085699101920127e-01,4.907252474877467074e-01,8.896496211775605234e-01,5.217086221016455916e-01,4.586952852905983868e-01,4.340369097209159643e-01,7.782813529319174695e-01,6.094795122688246858e-01,5.367882094141656069e-01,1.611098396384421649e-01,1.781556074859289018e-01,1.934214651035650809e-02,8.547983683771559482e-01,5.483436952614357818e-01,2.098836936172939205e-01,3.371262186221076207e-01,9.973439922023812354e-01,5.283815175979418299e-01,4.466094793708246802e-01,7.735894946714627629e-01,6.103759337400588292e-01,5.702620777105588123e-01,2.326030613255956059e-01,4.127983202325614664e-01,5.028461987648535914e-01,7.565578111033526287e-01,5.261498752444209170e-01,-6.701229894098473250e-02,7.172241285745925010e-01,4.797851085494401202e-01,2.501620463158925611e-01,7.503200857601572960e-01,4.458026334067587970e-01,5.056568957380997986e-01,3.318882817605558477e-01,8.632069881542959733e-01,8.924174916871627783e-01,6.307910044465053767e-01,6.431742883977478176e-01,5.099796635927711375e-01,8.570793866744697009e-01,8.387578456366369117e-01,7.682168808341613975e-01,5.938597254704780504e-01,-6.463486278887353720e-02,9.754839778174861920e-01,4.535539384748714653e-01,5.284205904160828027e-01,4.493336215021068170e-01,6.967738185339376056e-01,7.029248043601448170e-01,5.897001418351159874e-01,-1.883480659491876263e-02,2.266787248155908291e-02,2.282078446039370323e-01,5.622313260265066059e-01,7.974623839745047515e-01,7.272277378844562712e-01,4.232354479842715400e-01
7.171992277201413302e-01,7.632254208457384115e-01,4.124699243206901844e-01,3.293638182675686088e-01,7.918480736253684649e-01,6.676434018096701895e-01,6.672626644890879977e-01,0.000000000000000000e+00,7.044983359798611122e-01,3.801489184429716062e-01,4.221439641933364406e-01,6.069650934751840143e-01,5.877548124480996838e-01,4.485526700314494963e-01,-6.085702543318749491e-02,5.137158899559631786e-01,7.187042732063718686e-01,3.595831988375586263e-01,1.826820542801898539e-01,5.914011700568755359e-01,9.484330712358515214e-01,-3.719631875803416921e-02,2.032245242293873599e-01,9.512368321843075458e-01,4.737201374130498577e-01,3.483398532783146262e-01,5.870048251466852829e-01,2.306985594143354801e-01,5.240218026996915635e-01,3.656654517639285062e-01,6.794449978459611295e-01,9.654392006251051594e-02,2.031835232958686122e-01,4.195249218799869118e-01,6.089370720817195437e-01,-1.779616109174410599e-01,-1.590957714690289793e-01,7.360614553983175767e-01,5.927359022588711834e-01,-2.321879909457505442e-02,1.322089591012895471e-01,-4.430312209047357341e-02,8.071557758102581026e-01,5.475937261294857583e-01,9.738963431963797435e-01,7.637334524795005297e-01,5.417209354697755108e-01,6.283224638564729458e-01,4.714998472718107680e-01,6.632450593214802570e-01,9.367050548477902083e-01,4.644168298931661276e-01,7.449450409238810300e-01,-9.830835401330041690e-02,5.174768258170321378e-01,9.718277854061003751e-01,7.446560677859083155e-01,2.335396442951697682e-01,4.800689505691019821e-01,4.233785417321302980e-01,2.759326645458083371e-01,6.666039638592969885e-01,2.062190982274809958e-01,7.136643912032325510e-01,6.877980638081379050e-01,8.728650419717735032e-01,6.955088400458809827e-01,5.629129845081713990e-01,7.313876829305060445e-01,4.626087363360821270e-01,2.461657601073198587e-01,3.491624460553230946e-01,7.057739480928679754e-01,4.883746185073893908e-01,5.379381568631106392e-01,2.325938966707919442e-01,3.917929725683159670e-01,5.051548398113760996e-01,2.938397103869163085e-01,2.159418120505491312e-01,3.094818872060739467e-01,4.292450430293852648e-01,5.621556525296085294e-01,2.952288365748179100e-01,4.990668366700032332e-01
8.926345363062559990e-01,5.539439097807634660e-01,6.269282143248605665e-01,8.026585763424977094e-01,7.145180356226720209e-01,6.976212442055408358e-01,7.967457292631717480e-02,7.044983359798611122e-01,0.000000000000000000e+00,4.179845547644636117e-01,2.069437319692681854e-01,7.418631820325181092e-01,9.006772824346869211e-01,4.949140083647072252e-01,2.572305034544575819e-01,1.217636419401144504e-01,6.891181200545245522e-01,6.180288702503995424e-01,5.360882493273596561e-01,8.454080061679881686e-01,9.089842087194882625e-01,4.185303822434328636e-01,3.628051494468300109e-01,8.976659656521660535e-01,5.610133178099784290e-01,2.411854132522352756e-01,4.176048111451755029e-01,3.437536826094180764e-01,5.925620259171093807e-01,5.538827417584456514e-01,-4.178872098371469446e-02,4.921955268809043993e-01,2.649537817185640964e-01,4.609869057354581967e-01,5.523079557264407580e-01,3.461153922308511932e-01,3.388394961678588002e-01,9.675679886852724121e-02,4.879126940995802131e-01,9.032457124320201203e-01,5.346023049425470131e-01,4.972131261207178299e-01,9.552070170182422881e-01,-2.129749197961078311e-02,2.881533030014671870e-01,6.485763165377633754e-01,4.268539521306399243e-01,6.153528865587191143e-01,5.851666539106881171e-01,4.483649373982332431e-01,4.118558629742681831e-01,4.659483519454689637e-01,6.652261958303422595e-01,7.526397265614037657e-01,8.095482300497508499e-01,5.645980628876592355e-01,6.682601374164314212e-01,9.080656965854739804e-01,8.482111789791475509e-01,5.039526040483534031e-01,7.446285404052367385e-01,5.710416695692060313e-02,9.921132288447404024e-02,2.672952697426109747e-01,7.420270170032485790e-01,6.387406878799601895e-01,7.275318476018918235e-01,6.252429157694718853e-01,6.453787006709982288e-01,1.910427348291934557e-01,5.228783683891096157e-01,7.897332462373608530e-01,4.956474172144356150e-01,3.955647779547952769e-01,5.529310041574134749e-01,4.488298077640245354e-01,7.721135448002787449e-02,2.631908965599579764e-01,2.062088902292220916e-02,3.599633342719861517e-02,7.898948723939650529e-01,3.871224957385940302e-01,6.515784035870895163e-01,4.511756847249422386e-01,2.978353215286088096e-01
8.028100440601738663e-01,3.763906441184849960e-01,6.309273909856070173e-01,6.959972849407514150e-01,7.128182444217762148e-01,2.937422263329972916e-01,5.549511755315351680e-01,3.801489184429716062e-01,4.179845547644636117e-01,0.000000000000000000e+00,7.736692227469099681e-01,4.256685058295812119e-01,2.709965947486303040e-01,9.931523850701970968e-01,9.095010821546697377e-01,7.656595715248615264e-01,7.786807049673620806e-01,2.157330445162425892e-01,7.536275340922892196e-01,7.672495718680725219e-01,9.808029802267514974e-01,8.166721432276344839e-01,8.335724455609497818e-01,6.355728576992003553e-01,6.362346851354436783e-01,7.254981373996045591e-01,5.153358360943781635e-01,4.940177848816005440e-02,2.719995836542208889e-01,5.370903532158476379e-01,4.937129577597235142e-01,7.738271557133329370e-01,5.307462975719094977e-01,7.816201493967869229e-01,9.672457069119472228e-01,2.230237907030102606e-01,2.454070270359155759e-01,5.873352425754028300e-02,4.285303990608757552e-01,8.704038055768311688e-01,4.289929047887542923e-01,6.212635558023060778e-01,9.463433204943516586e-01,6.335545517204622668e-01,6.072121486360857467e-01,7.653846570579727615e-01,7.038904106791389337e-01,7.641350779333190291e-01,2.124945630792642315e-01,4.998293519486782799e-01,4.859250519356937970e-01,3.799476018553338275e-01,8.562816273756098662e-01,7.231453033558206123e-01,3.528869725826406789e-01,8.413384944983430813e-01,4.204760866437223243e-01,6.694316459411016051e-01,9.033471454433892323e-01,2.867443293888818912e-01,3.659881563495621659e-01,4.136944217816809766e-01,8.427833993089584030e-01,8.261187207402815869e-01,8.882638568444013449e-01,6.716332748762645632e-01,3.869382586284503267e-01,4.010693853277295107e-01,2.455480079961068762e-01,5.611347423326785711e-01,5.687414149285988652e-01,1.909589401571445966e-01,8.343284323679765746e-02,4.012014733779719067e-01,7.476626457482725696e-01,9.611576274409663334e-01,6.011524022226452102e-01,7.327488192991666871e-01,1.968991942740315193e-01,5.434360896345756808e-01,5.188013926185686304e-03,8.766486064343541607e-01,5.544677105247970417e-01,7.205276350277094455e-01,6.069818413761071119e-01
8.606876620402084122e-01,3.738895539485521113e-01,4.343472886428385582e-01,6.847648261269111414e-01,8.454999934485383228e-01,7.119118467487314250e-01,3.978415320455205295e-01,4.221439641933364406e-01,2.069437319692681854e-01,7.736692227469099681e-01,0.000000000000000000e+00,6.789055997369120021e-01,5.672061528139715758e-01,5.788352896993539387e-01,5.271115439539086900e-01,5.501729604689394038e-02,5.578937483880426207e-01,6.301220095144449695e-01,6.475354561097311779e-01,9.296609217263712699e-01,7.876516498761862994e-01,3.900682636268133496e-01,4.811935393278238271e-01,4.342343472793776527e-01,7.795836724665099471e-01,8.904362852807510276e-01,9.677702668576076972e-01,6.613913874663311931e-01,2.550612800325288143e-01,4.888494714048734480e-01,2.462889822643018201e-01,5.777412770093193206e-01,7.143720783913823924e-01,3.144435207351892747e-01,6.601188315188729616e-01,7.981629077731541289e-01,5.429253316095883353e-02,-1.152469811883290035e-01,3.807540981189698748e-01,9.620982892648431983e-01,3.606520332566240938e-01,7.379440611309922016e-01,8.140648522665905329e-01,3.344831248382669209e-01,8.913785083297138812e-01,7.062700516565756370e-01,4.052598381582694365e-01,7.877637749194830175e-01,5.370797780127041232e-01,3.913358063536672149e-01,3.841514437311872865e-02,1.651747734888991126e-01,7.171078797419582207e-01,6.004225359769563841e-01,7.324107247115650976e-01,7.381794478488757916e-01,7.461170374047586540e-01,2.155050819706288701e-01,7.538512380873678698e-01,7.835967813454027819e-01,4.160168847530222869e-01,4.052336983569135298e-01,4.388630455439863631e-01,6.944659039376552823e-01,6.026417253540378161e-01,5.387287481680025358e-01,7.925175214476327668e-01,8.251603464508799890e-01,2.910740037512001832e-01,9.457779694826631278e-01,7.263492338543292570e-01,4.225474932961243990e-01,6.261025792017694824e-01,7.062569877410194152e-01,3.605391788331265834e-01,4.566844412008654874e-01,5.218632123353568186e-01,5.626995657829276798e-01,5.185191709465977183e-01,1.114272577597285319e-01,6.284620628551556010e-01,7.598860101054161209e-01,7.348554373435640663e-01,2.870889775375692898e-01,6.925911462265212926e-01
8.880634244403442512e-01,5.304047782521932319e-01,4.641384542190853946e-01,8.645140710781412663e-01,3.155752708246949978e-01,6.009532638994958820e-01,6.338644085572169296e-01,6.069650934751840143e-01,7.418631820325181092e-01,4.256685058295812119e-01,6.789055997369120021e-01,0.000000000000000000e+00,2.964397152899378440e-02,6.113566016210902898e-01,4.885455519250224143e-01,8.329098113857561492e-01,6.207716314832225635e-01,2.110236374453709762e-01,4.767193979719118180e-01,6.119544376588231804e-01,9.192625738819142356e-01,8.011839221472555339e-02,7.467890855364677227e-01,9.460720621438163669e-02,5.697579951967657319e-01,9.121382983547294820e-01,1.708896832141905686e-01,6.225198370222915223e-01,7.004308287537555078e-01,4.636254425052322437e-01,5.727102428072368412e-02,4.414037694351264918e-01,8.645686745400690265e-01,6.440731442138789564e-01,5.064145827594684901e-01,1.194351165787636976e-01,4.908034939193392510e-01,6.631441555478755356e-01,4.956760797168471844e-01,8.466596887422069839e-01,4.525700272920638034e-01,7.492155534307326503e-01,4.370206686754094516e-01,4.500375465816203735e-01,2.380320686964162991e-01,9.482696068157404623e-01,9.126754520301810780e-01,6.662430572963538022e-01,1.361128189080554607e-01,7.542159731470575723e-01,6.503058228006851627e-01,7.743564924360319957e-01,8.879208428673887044e-01,8.001068168819310822e-01,8.604849185706876513e-01,8.889502916372568064e-01,4.162156426819479393e-01,6.580122651495241559e-01,8.690185561595188402e-01,3.178647889631417423e-01,6.510252506201723577e-01,6.638849210691120106e-01,5.944762013651410104e-01,7.879235111108088274e-01,8.638345448474140653e-01,1.178330002172389285e-01,5.729594976542110585e-01,9.870866977868281156e-01,7.373479958988572447e-01,3.713604274940400796e-01,9.703819814857224113e-01,2.817351129312826163e-01,9.340027519362320563e-01,2.993565986107530885e-01,3.819427630922398453e-01,3.048917217587763240e-01,1.622419678137903554e-01,4.792448463942442505e-01,2.119333772063826393e-01,2.148609921452166449e-01,2.747202128797741616e-01,5.224484306952225099e-01,6.312346058480207134e-01,3.747140756779030468e-01,7.187163870414654543e-01
7.901161151367723789e-01,7.139880505991256232e-01,9.817467230975296388e-01,6.166319482838874544e-01,5.336899229173986958e-01,9.632586882914087045e-01,7.949039385751468512e-01,5.877548124480996838e-01,9.006772824346869211e-01,2.709965947486303040e-01,5.672061528139715758e-01,2.964397152899378440e-02,0.000000000000000000e+00,4.873016688614709713e-01,7.667996746643375161e-01,6.596170442389440725e-01,5.628531162180916425e-01,7.314267375954300876e-01,4.712760135658567440e-01,4.891029010556252610e-01,6.425947509444722705e-01,5.383533559694773096e-01,4.698607748095693371e-01,8.707822678434522512e-01,6.838280609218911898e-01,4.806333941721949721e-01,8.281246629010480254e-01,4.971928438652563620e-01,3.355721164654599242e-01,1.096411004019038349e-01,7.944651051405826614e-01,3.336798866694011267e-01,8.922038860942123062e-01,6.436644831660065513e-03,6.530081340333540041e-01,1.517201076143471772e-01,2.763163494974443246e-01,8.296579226981137811e-01,9.649679633399006473e-01,6.351483219261429003e-01,2.127967941141171437e-01,8.819977303400897695e-01,9.638737737774931702e-01,8.837147377733072240e-01,6.217635635392391169e-01,4.468628317028223162e-01,4.183809503319588785e-01,6.465079974778163985e-01,5.944234225046733933e-01,5.648813751527852478e-01,6.172641111554043603e-01,7.368731052714942997e-01,5.545314044070395187e-01,8.873465777301602353e-01,9.374267464834709074e-01,7.691278758118449410e-01,6.496337796911071383e-01,5.324610999583333504e-01,3.252948748090699338e-01,4.378336558433216230e-01,7.091918545864964729e-01,6.351404474844333237e-01,5.145850766858609537e-01,9.863748359028702284e-01,6.021367496051190926e-01,8.716260234820880637e-01,2.837632861852184066e-02,9.979046086789404857e-01,7.214536563834805794e-01,4.456681896047285929e-01,6.017878526628115399e-01,4.861313355355691979e-01,7.213417965889740158e-01,1.527550070967359785e-01,6.857953548539091893e-01,2.257750757204542436e-01,8.445922844781215133e-01,8.709915943880467415e-01,2.718907227190694997e-01,6.946927661882326133e-01,7.922659588631180139e-01,9.481033019271565276e-01,7.225632755724973322e-01,2.670675793324579494e-01,8.230367154522240103e-01
6.369559634570128859e-01,9.254773263267438432e-01,6.556976420773559244e-01,7.728478986535461948e-01,4.707376409130563100e-01,4.230659618953637180e-01,2.932940500254000993e-01,4.485526700314494963e-01,4.949140083647072252e-01,9.931523850701970968e-01,5.788352896993539387e-01,6.113566016210902898e-01,4.873016688614709713e-01,0.000000000000000000e+00,6.508530046265942337e-01,9.547014709306883562e-01,9.945164533157998532e-01,2.113550215465618276e-01,2.103351508112573653e-01,7.150167942744314331e-01,9.205312421453265559e-01,7.010303463942449964e-01,6.531745275241820359e-01,9.410890225985182322e-01,4.868818920999458122e-01,2.301930099083651649e-01,6.121456448400683925e-01,6.310163647023327993e-01,5.363071105037098274e-01,5.916724106042535736e-01,1.758393917837866305e-01,6.318681712357285818e-01,5.861949284898499979e-01,5.960418598677587054e-01,7.002620049869718866e-01,-3.067266651144484602e-01,4.396729407269378553e-01,8.755271610480972466e-01,3.055919124678172505e-01,6.436401223116803294e-01,2.483606431471838127e-01,7.181457479960422496e-01,8.518314164131687294e-01,5.866647466314072190e-01,5.026496303448531044e-01,3.551080246375801774e-01,2.106913899882620067e-01,8.367476272450283803e-01,6.623640422884210510e-01,7.596818658367334720e-01,3.700113535763657202e-01,7.907819985702382315e-01,4.171021694902295185e-02,8.957497455525003094e-01,5.665776283775343369e-01,4.075276141526762430e-01,8.451454965566669308e-01,5.047170738233859311e-01,9.946492103439515953e-01,1.738553401469138115e-01,4.761278421455290566e-01,6.620738265353532936e-01,6.712858664204444104e-01,7.190044741555507990e-01,7.216879461809082574e-01,3.354064401851358790e-01,6.199571506607089999e-01,7.815949602447022082e-01,1.954393165452760761e-01,6.481497467700627624e-01,7.473664203691334773e-01,6.232762706800858421e-01,4.573272265563593231e-01,6.272377963143186408e-01,5.652549177634708100e-01,5.400053795617067998e-01,7.956484806341237448e-01,6.215972783719612149e-01,5.828477963378836391e-01,2.022342634204861989e-01,6.986801365986018419e-01,9.440751356213270551e-01,7.572866804858122691e-01,1.662075149773294680e-01,4.503753718667442008e-01
2.256346513718735514e-01,6.994256964536363919e-01,6.031016333160444942e-01,4.034364156335988882e-01,7.235765244509054783e-01,2.931875676378473683e-01,2.860987706448172019e-01,-6.085702543318749491e-02,2.572305034544575819e-01,9.095010821546697377e-01,5.271115439539086900e-01,4.885455519250224143e-01,7.667996746643375161e-01,6.508530046265942337e-01,0.000000000000000000e+00,8.482564910034766648e-01,4.311559592850726097e-01,4.086360199617407041e-01,6.294900727713192978e-01,8.306723938779914107e-01,9.057323163777853958e-01,4.939388252794327250e-01,2.069481743370896742e-01,9.667990824743197820e-01,2.282720993046555569e-01,7.739771476264318828e-01,8.681580601719529611e-01,4.095513929318849722e-01,2.723471465824858218e-01,2.951694109808241651e-01,4.695173942293390246e-01,4.783905109204537043e-01,6.346771869752679818e-01,3.682740323870131172e-01,7.611562824661924909e-01,4.660224885528443939e-02,2.901897137675992222e-01,7.582862256636729859e-01,6.858527835761838443e-01,7.167796633337931711e-01,4.628805573778227433e-02,4.752319079861664353e-01,7.200852607618724033e-01,7.642135105846886711e-01,9.541884694642616127e-01,4.553699251406097548e-01,7.151849761130146810e-01,7.358034432669484370e-02,4.030436132669895088e-01,2.445683758160654142e-01,4.158766106580846222e-01,4.746181492104682431e-01,3.299784600466817430e-01,4.709446061233346636e-01,3.753880416610500537e-01,9.573540790266179545e-01,7.988140452255383384e-01,-1.623792395338746197e-01,9.161030344806264658e-01,4.904690098786215202e-01,4.086184708706351865e-01,7.504061211004948717e-01,7.081539698525518567e-02,7.547688992779546524e-01,7.737151422993171490e-01,3.510650010141581623e-01,6.925380866176107375e-01,4.282775982757168198e-01,1.716021460541928001e-01,2.588141033537342262e-01,6.660522874916526836e-01,2.464531263955017926e-01,-3.412694832750541307e-01,1.720341548431101042e-01,3.089569350854199925e-01,4.083013997402511475e-01,6.182398882732538237e-01,2.809253267560397616e-01,3.489947862728751682e-01,3.680506817290794541e-01,6.301731277596566150e-01,4.922419455697674695e-01,9.981028021108075965e-01,2.324222659508494437e-01,2.528855560674473368e-01
8.671479598352975771e-01,4.306877100850649009e-01,4.053659488703641456e-01,4.168371021259058562e-01,6.406289622395053840e-01,3.186977861772435916e-01,2.621336330183027807e-01,5.137158899559631786e-01,1.217636419401144504e-01,7.656595715248615264e-01,5.501729604689394038e-02,8.329098113857561492e-01,6.596170442389440725e-01,9.547014709306883562e-01,8.482564910034766648e-01,0.000000000000000000e+00,9.898256994978780199e-01,6.170973866234951144e-01,-7.661073830109152438e-02,8.611503267285895991e-01,9.792125620958217480e-01,5.613011646452994441e-01,5.587100324247662453e-01,7.800047925245713332e-01,3.799034163792248675e-01,4.833256908475807023e-01,8.963277000531623129e-01,6.590573537461911213e-01,4.379385294386940464e-01,2.995729982646727629e-01,3.684074050735420824e-01,7.087861239456351159e-01,7.958012529807916291e-01,3.982823060651809466e-01,6.716132172669022626e-01,3.583696715895412499e-02,2.602847447214766755e-02,2.901084557934771047e-01,6.816678277336943870e-01,7.397969368127871315e-01,3.417915352375190952e-01,6.430215736600104481e-01,8.157047650696768182e-01,-1.608170588726072769e-01,4.806920046291142667e-01,7.313493901763934435e-01,3.866886635744642975e-01,4.257780898406506864e-01,5.533548341689458194e-01,9.648792109139937567e-01,2.957138730553811046e-01,3.820394570010719471e-01,7.878462965709998045e-01,-3.036801377408437919e-02,5.009155076938686113e-01,5.256996270403413440e-01,4.927972268206494699e-01,4.135677979814650906e-01,7.850464680590647504e-01,-1.646151553604950357e-01,5.159316940543612340e-01,7.139132577504390120e-01,3.930524766455907315e-01,4.465503902182028084e-01,4.279489771828848266e-01,7.110855004830961557e-01,8.054965599997013781e-01,8.481050035577336610e-01,5.015243067533083909e-01,7.408188732820966127e-01,8.653287133402403075e-01,7.818074126445475613e-01,5.270601033821351589e-01,6.201372432571107263e-01,5.187205570886449513e-01,6.267816742735599078e-01,4.068326974166093235e-01,4.766188596182943105e-01,5.439768651746338390e-01,4.491360306989895801e-02,6.787397096716691891e-01,6.155891468575573899e-01,7.712170552551400604e-01,3.321308704635080877e-01,6.595834715272939075e-01
7.529778604651384821e-01,6.790096210904160712e-01,3.256655831983699123e-01,6.559385451312620408e-01,9.206722470223664967e-01,7.867652053177707216e-01,6.112645150086267742e-01,7.187042732063718686e-01,6.891181200545245522e-01,7.786807049673620806e-01,5.578937483880426207e-01,6.207716314832225635e-01,5.628531162180916425e-01,9.945164533157998532e-01,4.311559592850726097e-01,9.898256994978780199e-01,0.000000000000000000e+00,4.495193730289515632e-01,7.745642436515224327e-01,7.147763479583455482e-01,7.940218153704544646e-01,6.385142246077646355e-01,5.639421375478701481e-01,4.818716769934096034e-01,-2.679395364133629887e-02,8.439380437455266115e-01,9.280554171541056663e-01,9.891363011496452362e-01,3.702153362057195585e-01,2.526654219227972287e-01,-1.998751031901344066e-02,5.568210459669172829e-01,5.307640377041464991e-02,9.211749781779905444e-01,6.548619677710552089e-01,4.665093747041946237e-01,9.111501348396365552e-02,7.633607005644074128e-01,9.774232193880745267e-01,6.909144688531237977e-01,7.555913027753957678e-01,3.745247044946361514e-01,8.468168587554925075e-01,2.918820947807006516e-01,9.506157877207960238e-01,6.254272598450305587e-01,7.846461875754284776e-01,5.865725669627077643e-01,7.782179607933736865e-01,6.080577905925466098e-02,2.488087134929875197e-02,7.105835998505329876e-01,9.913483492950770914e-01,6.144289594815193212e-01,7.570083612646385518e-01,7.810124660828915433e-01,2.917467376342772201e-01,7.305643928450626934e-01,5.136943258734991691e-01,5.563069655529941926e-01,4.742119568541549590e-01,9.886532387235666963e-01,4.206435635523960159e-01,9.379896754538457060e-01,7.935529941283669952e-01,9.113852290432213898e-01,7.853936688577101144e-01,7.383161824889079572e-01,4.992562548757759622e-01,2.838147155578697456e-01,3.634462521739487695e-01,2.425807798048828512e-01,2.207057479143679501e-01,3.895984381405537267e-01,7.020790238056621169e-01,7.242262063169349062e-01,6.877982487975713433e-01,6.272224810549651419e-01,3.695682894997442958e-01,4.246978512618992396e-01,2.497945346677143685e-01,6.971688037487600020e-01,6.651689068730441967e-01,7.279689260845482179e-01,7.689770555356814086e-01
3.623192794321021259e-01,7.736034968791195565e-01,9.501182668719845292e-01,9.739460928622820646e-01,5.923095123000301498e-01,5.822269870234293432e-01,4.659773358569845869e-01,3.595831988375586263e-01,6.180288702503995424e-01,2.157330445162425892e-01,6.301220095144449695e-01,2.110236374453709762e-01,7.314267375954300876e-01,2.113550215465618276e-01,4.086360199617407041e-01,6.170973866234951144e-01,4.495193730289515632e-01,0.000000000000000000e+00,5.041927912864337946e-01,8.566146230586848542e-01,5.612392815490904185e-01,6.132771070781437572e-01,3.714225144065000928e-01,5.245755034750345658e-01,6.833176723235198091e-01,8.835331942651762915e-01,1.946009445586534270e-01,5.801290934770935159e-01,3.876189713866447228e-02,7.074664900280016600e-01,3.778442176056641122e-01,6.709643343691504835e-01,5.281645477623555518e-01,7.446770912364238937e-01,4.926603098336289621e-01,5.368476349609734299e-01,2.911010902544260426e-01,2.390516608476980220e-01,7.165489926909454077e-01,7.382808368296390755e-01,3.285972491088566261e-01,6.031663641130395881e-01,2.524650791807855899e-01,9.694553252622917228e-01,6.096703881952799664e-01,6.493698634523652480e-01,3.393985662794740676e-01,5.798339159882486271e-01,5.944469080074152867e-01,5.054872288126777136e-02,7.704797326778357602e-01,6.604277448791523453e-01,7.524966610702760184e-01,7.571445355681202249e-01,7.537473078001151183e-01,7.252179372969670412e-01,9.770406323188802755e-01,8.419886414309681044e-02,7.966045870099438542e-01,4.090782228556206213e-01,5.547829386037932409e-01,8.794476944099911542e-01,4.801176871003000612e-01,6.758254634578169107e-01,7.461111406116003320e-01,6.790294789296587030e-01,5.037011044634273071e-01,6.004020869819056694e-01,5.773155104782877745e-01,5.186708891342720618e-01,7.163269351641610161e-01,2.667507494153517067e-01,1.858894122588999054e-01,5.805148697879384256e-01,2.104574990628401143e-01,7.385190592874820714e-01,6.982662723740393762e-01,6.897206547865557535e-01,5.061987325463609411e-01,3.360289517795788106e-01,5.159238468882625384e-01,4.565088473556007109e-01,6.218228185881934378e-01,5.107772389910405497e-01,2.646555942444419607e-01
