0.000000000000000000e+00,6.489387842797924577e-01,6.747481166533401131e-01,4.799577885941577193e-01,8.827126264505820163e-01,9.598257561540382010e-01,6.991561466368374500e-01,9.338858047335519830e-01,8.325617953822371797e-01,5.261310486191835833e-01,8.176093939906415864e-01,7.125835367224231387e-01,6.066080499982706709e-01,9.349088143861628009e-01,9.879248465121747147e-01,8.893533736726176864e-01,4.681963255262465151e-01,9.475623642775315991e-01,8.236761306520227199e-01,5.259657149775603946e-01,8.398430331889723544e-01,6.588869660549502294e-01,3.069146803734317253e-01,5.013767000642486149e-01,7.614122268377576663e-01,8.489123388054744535e-01,7.524912544521991098e-01,8.875150803649254350e-01,3.261270590593825514e-01,8.480875407900712037e-02,2.779673975293293076e-01,6.384060309132341127e-01,6.331920635387936480e-01,8.397157481548268576e-01,6.654263868281143912e-01,4.662012206190038199e-01,3.756505684611737284e-01,9.925786721946948665e-01,6.047175380816994794e-01,4.109078093256056108e-01,7.639274100237828380e-01,5.737667520206677363e-01,6.949643066590623919e-01,7.250983254206455619e-01,6.343006350578872521e-01,9.574684127597398176e-01,8.936299750117160379e-01,5.175661360557304302e-01,8.492199042956672939e-01,4.414240159681707132e-01,2.602131284505684317e-01,8.126301223383533001e-01,7.980459094583021162e-01,8.878513525938270812e-01,5.767147384045535619e-01,8.953288229874889481e-01,7.787553721278901442e-01,7.896846052013569706e-01,9.467194727731809145e-01,3.669294204873839726e-01,2.755734741446209113e-01,6.310316850636558117e-01,9.742134342523107726e-01,9.157924692298933245e-01,9.628944434322184165e-01,5.959795580513622681e-01,5.727029493863450282e-01,9.238083104289435132e-01,9.308359186013244191e-01,8.121366272012472409e-01,8.293251076214877004e-01,6.553993320895217245e-01,4.944867664029816146e-01,3.591270338690988329e-01,6.145210245123855497e-01,9.585962743644292905e-01,6.730503113312377161e-01,8.370025847531445962e-01,3.697160528669373170e-01,1.896127411831642351e-01,7.937967348848103954e-01,9.445889733455825610e-01,5.961102179776651688e-01,2.461102897577096549e-01,7.076108782814369835e-01
6.489387842797924577e-01,0.000000000000000000e+00,5.664008538660644243e-01,8.003537102948496962e-01,9.302387735781819655e-01,1.625606435253612592e-02,5.320875328367793422e-01,7.799872279451881552e-01,5.441162760981598234e-01,5.443891705658762126e-01,6.397425447525570963e-01,6.501007177761317646e-01,7.260433320781763955e-01,5.265529000544137972e-01,1.193637061250873987e-02,4.703206968003676436e-01,8.330686319307144538e-01,7.115625932537539278e-01,4.402265066508425639e-01,4.801541036623481196e-01,7.517255848419371889e-01,5.126698630483291774e-01,9.648581601610332070e-01,9.187660013693819128e-01,2.301162550998553380e-01,6.871165723642483902e-01,5.372859855180538435e-01,4.936537793472992736e-02,6.954298150237483434e-01,4.106703177230545121e-01,-1.026029478218405538e-01,7.144723983876760665e-01,8.222993039218862155e-01,7.562119886131257740e-01,3.922065145395491337e-01,2.451073286217801128e-01,3.012689919378336301e-01,1.328261459950921819e-01,9.905398135723411102e-01,7.827789394540050072e-01,3.800245887699058578e-01,7.568034038813608033e-01,4.460411511089373282e-01,2.041489474512586944e-01,7.714434640801826060e-01,9.374515397519965765e-01,5.481963025758695984e-01,4.979642092196765457e-01,5.323231494521354357e-01,4.576761103918784435e-01,1.254317274638008795e-01,7.632516317769660885e-02,4.115166826588150806e-01,4.021941247146936238e-01,5.247244879527713790e-01,2.571786817938689351e-01,5.412438424345091814e-01,7.179796200237609227e-01,4.380676794017317466e-01,2.584322653549860904e-01,5.336688692108870757e-01,5.490021494885097830e-01,6.510784417389999801e-01,6.330020920715972998e-01,9.261177417982991988e-01,7.573666788219688417e-01,6.722885736695157766e-01,5.643496577125004521e-01,2.808976076650577247e-01,7.417796723985466967e-01,2.232567419133048847e-01,9.035944128794443087e-01,4.023892851846369023e-01,1.792572152486885950e-01,5.166716734593376215e-01,6.902499114036605432e-01,6.781915355094189080e-01,2.771599669791092735e-01,4.216633603079051329e-01,2.040273128069627351e-01,6.185469997910194584e-01,9.729026619825641431e-01,4.036509722906297948e-01,6.266036509242616237e-01,6.753688865376090700e-01
6.747481166533401131e-01,5.664008538660644243e-01,0.000000000000000000e+00,6.930564831760149813e-01,6.042682374362610132e-01,8.878863681603399449e-02,6.114706414953595681e-01,9.844820714677710027e-01,6.378932782643959021e-01,8.814098230462590333e-01,5.085821877513536649e-01,9.883557773593476536e-01,2.446812221053037972e-01,9.618085963747020628e-01,7.977406442169288070e-01,6.912418586020593336e-01,6.355720821697569134e-01,7.440023232212915616e-01,9.744943330082435073e-01,9.228067466896274773e-01,9.038430253740314946e-01,6.079872111505433274e-01,8.133095714362031936e-01,6.602813901078520287e-01,7.358139331816857531e-01,6.949631846736366025e-01,7.685565135187304442e-01,8.187471527362133461e-01,8.783703187391776745e-02,5.037866628650868872e-01,4.827501037877108270e-01,9.600507151253339089e-01,9.998631976764831286e-01,4.191078925060677807e-01,9.829941390086989195e-01,7.213105686183520771e-01,4.293198980794288855e-01,8.807246590038045886e-01,6.521970610211736963e-01,6.521680811997960792e-01,4.502312957610725141e-01,6.322351114790097926e-01,6.525686039604875477e-01,7.758794055321283079e-01,7.851683956213157956e-01,6.557937796947129749e-01,8.379478414117705887e-01,7.855881028333943084e-01,6.007313600234097661e-01,4.614349717051972610e-01,5.161806919792498727e-01,8.642007955021770993e-01,8.207495362654844140e-01,7.628330774160708705e-01,6.283817434089314924e-01,7.615468980710842217e-01,9.308112292030914503e-01,7.478257515302595415e-01,9.189867587565689888e-01,5.701691094669398829e-01,-1.653936480609513593e-02,6.596963453803483812e-01,8.226692862218355495e-01,7.742840498059735399e-01,8.914572166608030201e-01,4.756961791114671101e-01,5.373797108218101304e-01,9.097639817127316508e-01,4.927428685405481623e-01,8.034682111258713011e-01,7.406500367219013281e-01,4.547915498691629810e-01,4.448283226604715090e-01,5.386708768223192889e-01,7.848127513604680194e-01,8.391085977203119883e-01,4.426318037132337957e-01,8.158706964473864121e-01,7.238623069646675789e-01,3.198249608667275146e-01,6.980043115128971021e-01,5.112067312371514349e-01,6.404434234879063936e-01,8.706607218246522617e-01,8.849786956562426532e-01
4.799577885941577193e-01,8.003537102948496962e-01,6.930564831760149813e-01,0.000000000000000000e+00,8.048779765797023922e-01,7.325773020302102090e-01,5.715486485469190026e-01,3.762073245949326683e-01,4.814795946523518499e-01,7.773203958882570763e-01,6.325755861981868788e-01,9.314451759920040486e-01,9.303438389390812358e-01,9.929245995596189811e-01,5.287496492747241206e-01,-1.008174479251666145e-01,8.444427892484583920e-01,7.822108092812343205e-01,3.209349085812398528e-01,7.980710371066910280e-01,4.637710185099222504e-01,8.157619395306131560e-01,6.294853746461799293e-01,4.232733716161575788e-01,7.123031416622793710e-01,4.175569845502865585e-01,2.624684024608301552e-02,8.746112196453738052e-01,1.962148611441879853e-01,4.612551667753554407e-01,5.485170425112300130e-01,7.770349134398627511e-01,6.005904136046043007e-01,4.988026020684352968e-01,6.381897755607346401e-01,3.009454851318732471e-01,7.392072722608279411e-01,5.318524142155599543e-01,6.925745421799093249e-01,7.169267714942136882e-01,2.738759904015792834e-01,7.191472599705899249e-01,7.170535272782416758e-01,5.997461812749516064e-01,5.973162786223771281e-01,2.704613978657239848e-01,9.056100506018310847e-01,4.258412135360295503e-01,2.681548225209124392e-01,8.815244192445558236e-01,6.053016231023804483e-01,5.734395891376296017e-01,4.014464130105304535e-02,8.827440906714619784e-01,6.233421214021849233e-01,4.345393058428657640e-01,6.020436528632872042e-01,4.082923161666810463e-01,4.695021809574541627e-01,2.564169894052962251e-01,5.070617023976164983e-01,4.142163584808583598e-01,2.480480223090732739e-01,2.695607540901375221e-01,9.657791673087106066e-01,8.509999036928436178e-01,5.509364674594937616e-01,8.148651939601244676e-01,4.841330158044486742e-01,7.449683212071342986e-01,8.257228012057862276e-01,5.290947429211224629e-01,4.829258292123144725e-01,4.907569943522103323e-02,5.589320650232545429e-01,4.799958177779817259e-01,2.800427109376971702e-01,4.413851033028854398e-01,2.749058563936960242e-01,3.855904343462475403e-02,4.784048789722095130e-01,8.871615159366323944e-01,4.679575083988074535e-01,5.168163436054562521e-01,8.860278887640794521e-01
8.827126264505820163e-01,9.302387735781819655e-01,6.042682374362610132e-01,8.048779765797023922e-01,0.000000000000000000e+00,4.066725335235081285e-01,7.576425141247266071e-01,7.686468458625989042e-01,6.804961713015150737e-01,9.908127127635137921e-01,8.988952645979078060e-01,7.293950271895017767e-01,6.957338612580451498e-01,8.881747705115117242e-01,4.173333170616006504e-01,3.977423253865213226e-01,4.177197075877079890e-01,7.357713085880877024e-01,6.693061690030465138e-01,8.128188255714693389e-01,9.418168250120505236e-02,7.131688650474902191e-01,7.260715537520903151e-01,9.314227134683644715e-01,6.893684101687642674e-01,5.009065824472497264e-01,7.173222615128662660e-01,7.046178058311495240e-01,4.919209701158441250e-01,-6.120903579148623264e-02,1.902761151566163544e-01,2.942846108415586581e-01,7.187818995952235390e-01,7.272291140676757637e-01,5.149702811562676397e-01,6.702466717796784490e-01,5.166057457935887554e-01,3.247751184221309706e-01,7.230928159304370606e-01,5.288560468613713317e-01,2.167687439670131222e-01,6.777899602543184798e-01,3.734837386949536597e-01,7.642784726890147207e-01,8.458342560595332182e-01,6.851306789522263463e-01,5.312689342453119634e-01,6.711238836749863212e-01,5.337596565414242100e-01,2.878282695430525173e-01,7.649977671776027055e-01,4.455660893949871526e-01,8.896950683328365139e-01,6.263946285949809623e-01,1.744809027045118310e-01,6.531686426850088489e-01,6.137706083535976465e-01,6.472551060417270907e-01,8.337074258080764411e-01,5.682671985204383880e-01,4.369638195565913041e-01,3.707399860882856224e-01,-4.580111476749215704e-02,6.376128883911958978e-01,9.360584553009585473e-01,4.686756815418366973e-01,6.691523717116727443e-01,7.892653627005148387e-01,6.681965130053314494e-01,7.312997345039232711e-01,5.613858342245841015e-01,5.539385188723537912e-01,1.034085279727426504e-01,5.432814052480848810e-01,6.108949353085123546e-01,6.736727570818403787e-01,5.796003843203194617e-01,5.083032745288101895e-01,8.648164603218677637e-01,4.501106144658765240e-01,4.046393590709413957e-01,7.855934188131524776e-01,9.723763839086041472e-01,3.234551115200802185e-01,6.362743077236753253e-01
9.598257561540382010e-01,1.625606435253612592e-02,8.878863681603399449e-02,7.325773020302102090e-01,4.066725335235081285e-01,0.000000000000000000e+00,2.343360360581126234e-01,3.999535731780998749e-01,7.241534002311528218e-01,4.250592737168519264e-01,1.756957674153493687e-01,2.525424285782926770e-01,5.004807367461262535e-01,3.807428087134930861e-01,1.746500104515207319e-01,6.530773009327610623e-01,7.756357666111618476e-01,2.138998704601584588e-01,7.507612520212971763e-01,6.701246923848624970e-01,2.027772076139363888e-01,6.043702392368440757e-01,7.760758972187364879e-01,6.126675600812994116e-01,5.182848225542060483e-01,4.048951661061907514e-01,9.997280147720444266e-01,3.977314867792748343e-01,3.545407026824831664e-01,7.717505254592599284e-01,3.956108152591729654e-01,5.089742760432935942e-01,7.342089203227852856e-01,7.181565157499065766e-01,5.849853882179544273e-01,2.763018077565631003e-01,2.968014087991475147e-01,7.681424831308827361e-01,6.349296262935234525e-01,6.302461491964850282e-01,4.853488931383014293e-01,3.081571469790744811e-01,7.629211362689523046e-01,6.085892983493896846e-01,9.836641251388353879e-01,6.311575816685806029e-01,8.824186448275256334e-01,5.008086660407681245e-01,7.008409058425890681e-02,7.821351091936730171e-01,9.132920682175387217e-01,4.076416461668116442e-01,5.906101067829641060e-01,5.748984962630833140e-01,6.495377890276646804e-01,5.226572974817162986e-01,7.487972996057656871e-01,6.452696993417346150e-01,4.240660237888619344e-01,2.761861703262751266e-01,3.965228729270421359e-01,1.488908076159536388e-02,6.219026219496107677e-01,6.844723366836820144e-01,9.727150941063792411e-01,8.488734377335641623e-01,7.264697429981530341e-01,8.526163171052755230e-01,5.625335531322155358e-01,5.267105791855135610e-01,9.639609142131332353e-01,4.451533249732020914e-01,7.782704095978947301e-01,-7.575931224432021216e-02,5.515243246336667404e-01,6.208076666303912194e-01,6.053597550325782173e-01,3.777942291843173206e-01,4.325168208065473252e-02,3.257753079141931241e-01,7.656952800775794765e-01,9.998883013279568077e-01,8.379528298321947677e-01,5.611336190987752798e-02,6.076967674578257483e-01
6.991561466368374500e-01,5.320875328367793422e-01,6.114706414953595681e-01,5.715486485469190026e-01,7.576425141247266071e-01,2.343360360581126234e-01,0.000000000000000000e+00,6.787094879272401737e-01,2.385745107830854195e-01,6.130973230598752988e-01,4.296853620199064805e-01,6.610555844039068402e-03,2.979511969910846880e-01,5.067765720545027719e-01,5.604046015236876510e-01,4.933969753034238570e-01,1.186687004452858379e-01,5.792589807407888536e-01,6.792049863155317224e-01,7.636089222443483981e-01,5.275855385199982317e-01,5.417267132650284145e-01,4.428309693297730054e-01,7.640872111202990924e-01,4.169934163352509993e-01,7.758405069577771762e-01,5.722074926680205120e-01,3.880200147208840988e-01,7.799465772093139293e-01,8.525464760285182686e-02,5.164504223454692289e-01,5.793361766903601939e-01,7.876264918790738534e-01,4.616636232710549792e-01,4.246046030663196968e-01,3.482123028290017852e-01,-5.687808824797127571e-02,5.300397800556559957e-01,7.582207873113886443e-01,8.400880206428814612e-01,7.430260435885358561e-01,2.063534184152691353e-01,5.782327533270470443e-01,5.686980567357915461e-01,2.279640475988482518e-01,5.650630852355288392e-01,2.665054737503945170e-01,5.944634892648774649e-01,2.889961873578923979e-01,1.028270914470395259e-01,2.642060891659874233e-01,3.133489863269723896e-01,2.511281078526298449e-01,3.263634482406603254e-01,3.530019659880763161e-01,3.621177955073238142e-01,2.181753451283135470e-01,5.953183620216706551e-01,6.123453225736181782e-01,2.483347524214387092e-01,4.210624962291754647e-01,4.902650366059375098e-01,2.000296388588619079e-01,8.982195117736196943e-01,8.148615661050171433e-01,7.818636487023497006e-01,4.470792376713699778e-01,9.276567964700195290e-01,5.434386815233284151e-01,3.311236331301998237e-01,3.798247351515101622e-01,7.381186054102824023e-01,4.937701805299408719e-01,4.511484347168985831e-01,7.312100661900937659e-01,9.571847294665148942e-01,-3.378568941896997746e-02,2.701196804733865808e-01,3.981622231913696242e-01,5.768181038416205775e-01,5.549060073176673713e-01,6.322691912786966295e-01,4.463655274503594006e-01,1.182591738044498457e-02,3.170446145064421684e-01
9.338858047335519830e-01,7.799872279451881552e-01,9.844820714677710027e-01,3.762073245949326683e-01,7.686468458625989042e-01,3.999535731780998749e-01,6.787094879272401737e-01,0.000000000000000000e+00,4.859290728091562039e-01,4.969349354391498497e-01,3.246060329318639082e-01,2.292171355471749605e-01,9.868621213120705171e-01,7.065494194248829185e-01,7.907235988258702886e-01,4.591635536547417629e-01,5.755228646663727021e-01,5.195970507433678165e-01,7.236347693114029145e-01,5.033986013034915663e-01,7.031629947630017030e-01,1.399700273181449794e-01,4.355801877594829841e-01,9.646878829786740273e-01,3.870230139228365007e-01,3.094118791839954863e-01,6.739869163292641074e-01,5.456526723398189560e-01,3.241674012348015332e-01,5.514352094560541762e-01,6.419219143763349456e-01,6.343698440560878726e-01,5.437395808696773303e-01,4.633724671424554464e-01,7.588024168154448024e-01,5.736597335662299013e-01,5.439660430533932445e-01,4.047096530280987481e-01,4.146367724278198219e-01,4.796763378448400950e-01,2.195210083057091421e-01,5.227908870111250828e-01,7.044435720223755082e-01,7.024287494251256758e-01,8.674462928823488683e-01,5.975468915470731890e-01,5.919088140430812661e-01,2.910262154054518713e-01,6.202628243739319869e-01,9.806768181395106865e-01,2.633952250699527764e-01,5.895536758417858625e-01,1.984087792554740659e-01,8.053706582962315563e-01,8.997250957822332529e-01,4.161390305230637243e-01,4.699173385605020514e-01,4.187228700431934181e-01,8.309772012767775440e-01,4.536979711757337386e-01,6.289973973322452450e-01,5.542595982203323279e-01,7.649636025436752362e-01,7.188618090718918996e-01,9.448888146698306567e-01,6.823046454726084953e-01,7.647958807448141938e-01,8.857102471693121259e-01,4.691172599500085805e-01,9.431181408490840745e-01,2.982124423740152297e-01,6.353723470693074526e-01,6.550572719643255049e-01,3.965549998170171397e-01,1.573961566938090195e-01,5.309761942341693075e-01,3.960734461226778635e-01,2.647468306808783423e-01,4.436557627474322363e-01,7.190193145687566456e-02,2.729053678915110970e-01,6.943930689386793587e-01,7.711360689473358843e-01,5.687541218250995456e-01,1.758389409913162504e-01
8.325617953822371797e-01,5.441162760981598234e-01,6.378932782643959021e-01,4.814795946523518499e-01,6.804961713015150737e-01,7.241534002311528218e-01,2.385745107830854195e-01,4.859290728091562039e-01,0.000000000000000000e+00,3.253640667943118459e-01,5.501582116615293394e-01,8.102445792495643895e-01,-1.652751701152049835e-01,5.658810456188991811e-01,4.070943970929012945e-01,9.388725179603520932e-01,2.916873470736972007e-01,4.889059138569348817e-01,6.064957584012617975e-01,8.539371613088825308e-01,7.390254064845751536e-01,2.570826541698094658e-01,1.947278504208223016e-01,8.469211339465456678e-01,6.448739571079675770e-01,3.060272709899053978e-01,2.982455720557354861e-01,6.170405471325195457e-01,6.219846323622263418e-01,6.832480956745797807e-01,6.644038969097136593e-02,2.663432712053797058e-01,4.860750863458213611e-01,5.351964681368416299e-01,5.285183528159114186e-01,5.035346023744668997e-01,2.769077493336460360e-01,7.075122354708315298e-01,5.508961481068528343e-01,6.082728431636027500e-01,4.438784384144359718e-01,2.680279514851869882e-01,9.207614092190337107e-01,9.945998101505928446e-01,8.288122881365279637e-01,9.384832010339555497e-01,4.432917162618226214e-01,9.845460540163755159e-01,9.582430436741743440e-01,3.238828600545831660e-01,5.739453823956007783e-01,5.155117031790262816e-01,7.355532590488942368e-01,6.284719599754051700e-01,5.678406787689831425e-01,6.437020597941299771e-01,7.460190192172208024e-01,8.020162611636848515e-01,6.482341344655694337e-01,4.255869212774088250e-01,5.566973798106403803e-01,4.211310880999838968e-01,5.618419648435821756e-01,6.674676014851890216e-01,9.931757282571351819e-01,3.967755228113235555e-01,4.293831704295555940e-01,4.857671742439219065e-01,4.029516226986227800e-01,3.225107615710706699e-01,9.460597856768265812e-01,5.430318065911969860e-01,5.563395370699346643e-01,4.092635849436323525e-01,2.819324360263461560e-01,2.558839674961342903e-01,8.756260574902793303e-01,4.997202173674351044e-01,-1.869796001870273061e-01,1.567839125569786551e-01,2.014827295809953900e-01,6.403122012892572545e-01,7.840305018994444541e-01,1.314132942885068989e-01,9.818071054650653329e-01
5.261310486191835833e-01,5.443891705658762126e-01,8.814098230462590333e-01,7.773203958882570763e-01,9.908127127635137921e-01,4.250592737168519264e-01,6.130973230598752988e-01,4.969349354391498497e-01,3.253640667943118459e-01,0.000000000000000000e+00,7.618579764661698173e-01,2.419898627115282808e-01,7.993877854960922402e-01,4.668131635744904306e-01,4.245568817010806351e-01,9.355447265961829295e-01,6.507152351554392755e-01,3.837259777373571712e-01,4.589054805027565909e-01,4.511214378069948738e-01,7.996565288837576002e-01,6.322008612743836853e-01,6.595962330626915504e-01,2.687098404675940522e-01,6.826025756701781244e-01,6.124090523928735763e-01,2.777278433443128858e-01,7.360181053502443671e-01,6.668410278700054317e-01,3.923816474663817111e-01,1.287046362119320664e-01,3.899579429223600791e-01,9.807689913317204633e-01,4.882683167742860597e-01,4.691093027943962768e-02,3.873783938636395363e-01,1.269025184128843853e-01,8.130789361304242568e-01,6.280221410117027281e-01,6.207435210841411033e-01,2.729502780180430022e-01,5.132237512423630799e-01,2.188662345191342562e-01,4.646124232786156272e-01,8.783660551611339740e-01,5.601764769614124839e-01,9.461460107374881634e-01,6.155142739142257513e-01,7.370320491936632745e-01,7.235331758972803062e-02,5.199640987644282841e-01,8.718417318227427160e-01,4.069082095710107594e-01,4.968747506362477528e-01,7.020616039206243331e-01,2.275043329909499923e-01,4.702747510429421407e-01,4.924612314089478193e-01,8.437212596766860973e-01,-1.822578472968761631e-01,4.183330151669563679e-01,1.874665884422205553e-01,5.019854486080056466e-01,7.445734158493371169e-01,5.132389155723610097e-01,7.706663618512599179e-01,5.492777643589431547e-01,9.541469836945144500e-01,4.547289975467960210e-01,4.691900942448997691e-01,6.154712651721795380e-01,2.352776102328870134e-01,-1.025632729303516122e-02,2.698401848221572141e-01,7.594909988070909224e-01,4.796463760933949438e-01,7.426444473556852444e-01,6.917725155505024537e-01,3.946198014603791715e-01,4.160422537761847561e-01,5.066702692275907305e-01,8.565267473474086346e-01,9.640052664715367259e-01,5.728932904724790554e-01,8.548551437674030140e-01
8.176093939906415864e-01,6.397425447525570963e-01,5.085821877513536649e-01,6.325755861981868788e-01,8.988952645979078060e-01,1.756957674153493687e-01,4.296853620199064805e-01,3.246060329318639082e-01,5.501582116615293394e-01,7.618579764661698173e-01,0.000000000000000000e+00,8.723217543272978602e-01,7.657621442330801997e-01,3.154611320505310568e-01,7.348885225241248431e-01,2.541493715703209699e-01,6.857353507171538576e-01,8.131152877730490891e-01,4.922723585538921198e-01,3.639551733176604742e-01,9.594103224097632054e-01,8.925583530122035425e-01,7.394980937160229306e-01,4.650481605597552859e-01,9.026991951089050614e-01,1.618438717418817507e-01,4.658282803228013247e-01,2.346846968131809374e-01,4.748314221170275573e-01,5.625855693586168105e-01,7.306680936818182870e-01,7.725032222806682558e-01,7.266903683810636005e-01,4.360914643692731518e-01,5.294823784206982298e-01,3.979209667838604636e-01,3.946337673713291028e-01,6.881457041855287837e-01,8.122344220928607861e-01,3.903271119733524031e-01,2.900655594765650380e-01,2.900985691149159384e-01,7.540831383474000393e-01,6.922808035209725430e-01,9.950107298062067507e-01,6.535406246540513830e-01,8.186904103153611612e-01,2.777980564111648659e-03,7.600235300407865990e-01,5.076551947155650835e-01,6.238610823147822115e-01,4.697221653500224803e-01,6.949171872738518774e-01,9.832574407010918893e-01,7.856740910798755140e-01,6.974522210190723381e-01,6.749237396830901625e-01,7.776428033218468761e-01,9.129362630166903969e-01,4.074361964042315654e-01,5.572051025699058524e-01,3.009071164990101410e-01,4.334071253019811665e-01,6.468667315943034124e-01,2.414262182382923005e-01,2.865608690170555195e-01,4.464588798757267440e-01,8.307573100741689753e-01,5.485221383711033072e-01,2.319672716357774056e-01,5.204400397238577725e-01,5.259759599421198750e-01,2.815998012183492660e-01,2.178795734514321070e-01,1.616663653934291289e-01,7.035714304138678266e-01,6.984916914269072574e-01,2.652796891780198063e-01,2.769519840527011056e-01,7.694805074450222770e-01,2.568133220089410806e-01,7.188687117201360000e-01,7.780671728706822776e-01,7.210746954189186653e-01,6.486546185291085509e-01
7.125835367224231387e-01,6.501007177761317646e-01,9.883557773593476536e-01,9.314451759920040486e-01,7.293950271895017767e-01,2.525424285782926770e-01,6.610555844039068402e-03,2.292171355471749605e-01,8.102445792495643895e-01,2.419898627115282808e-01,8.723217543272978602e-01,0.000000000000000000e+00,5.274039036338615816e-01,8.558016918381804450e-01,6.124869973090846242e-01,7.203780783301333424e-01,5.593144912474342645e-01,5.162017547557941066e-01,6.601068985982295745e-01,6.548353002774238707e-01,6.036631673104299045e-01,2.196317552530811512e-01,8.556132881102366250e-01,6.663550914449044571e-01,4.536850684961505342e-01,5.519162512820867672e-01,8.508812754740150419e-01,3.921867010488913063e-01,5.258392723282023784e-02,5.155731827837645165e-01,5.774338661713901422e-01,3.861485843392934436e-01,7.389523612452986168e-01,4.417312996872747033e-01,7.987617300333562653e-01,4.743629364430023143e-01,4.143161161156695971e-01,3.513794370701532888e-01,4.521469489876673298e-01,7.655164238552671918e-01,5.745163560500029520e-01,5.080604539847584089e-01,6.992447826354314389e-01,6.062203627835778263e-01,9.334969430041618610e-01,5.280744258647762646e-01,7.540014902560103760e-01,8.771924170396778742e-01,7.942261615941620390e-01,2.317905334925130234e-01,7.089040513867531645e-01,4.412374120172213865e-01,3.980816399067096389e-01,3.914500438980352826e-01,8.451821922213540450e-01,5.555095221658216120e-01,3.957268744369230040e-01,5.159111255383382888e-01,8.940238528022174114e-01,4.544333838537371606e-01,2.323908964869807192e-01,7.802329558997677106e-01,6.531556576841681672e-01,9.826686353197054968e-01,9.058509543433934663e-01,7.687925065508141032e-01,6.947741941977539915e-01,9.834044883843918727e-01,4.387542379127622461e-01,7.150247824588191747e-01,6.839051446979979021e-01,5.205315007320062692e-01,7.154064528526378197e-01,5.255682237329771800e-01,4.969933580604615209e-01,4.099816706591404292e-01,9.677255499869905631e-01,8.143330320263294508e-01,7.118728283188212602e-01,5.608677437900370100e-01,8.109367051092746248e-01,8.352179696913041296e-01,5.083398113902075632e-01,3.321167508482348873e-01,7.118810375078580277e-01
6.066080499982706709e-01,7.260433320781763955e-01,2.446812221053037972e-01,9.303438389390812358e-01,6.957338612580451498e-01,5.004807367461262535e-01,2.979511969910846880e-01,9.868621213120705171e-01,-1.652751701152049835e-01,7.993877854960922402e-01,7.657621442330801997e-01,5.274039036338615816e-01,0.000000000000000000e+00,7.896737681871801584e-01,7.086786643360247773e-01,6.289268744475943196e-01,6.859866716147611232e-01,5.237482274391448422e-01,7.586353925806761378e-01,6.966663150413122674e-01,8.446991986652905293e-01,4.872621933628792923e-01,6.780236069578431390e-01,3.191101070701375386e-01,5.421779408851636894e-01,3.663150787670907405e-01,6.811958118150200914e-01,2.744175192948435371e-01,3.942636520945517198e-01,5.636990440687414949e-01,3.154195346129582411e-01,5.662934279460410947e-01,6.546357072247392939e-01,7.272299272029201234e-01,5.986175126180744988e-01,7.833716076099229708e-01,2.842272871510582721e-01,5.169728770564989695e-01,4.763127703730491436e-01,8.718598046077175034e-01,6.726611281558325661e-01,2.334728151698946541e-01,6.803419334121789674e-01,5.682436107945112447e-01,6.910547474061270457e-01,8.956044397774970411e-01,4.195065022744580707e-01,4.208172591838977850e-01,8.467919828831522722e-01,9.027452427490115783e-01,7.953812053599756959e-01,8.880029619102017824e-01,7.454610716991001418e-01,7.083904714467071928e-01,5.558775465206906574e-01,4.473088560401647373e-01,8.521954928517792016e-01,3.244400971414120316e-01,3.574719282209233295e-01,5.752811125604079256e-01,2.190608185836042388e-01,5.327373210321287855e-01,3.381317215585261104e-01,9.738593773196830838e-01,8.359878844785375573e-01,7.650769307014698706e-01,7.761883347266549382e-01,3.414246510548256675e-01,7.936677907625019346e-01,3.865204427774352469e-01,6.415488998527322240e-01,7.006711678596856396e-01,6.163412301139703509e-01,1.502942483990951372e-01,5.702095323471956245e-01,6.014222796799456594e-01,5.939125878715267870e-01,7.006478623743721545e-01,2.531003142606709222e-01,3.390846507812662058e-01,6.420714220762231417e-01,6.253976516181163348e-01,3.071021701696323714e-01,2.285492987636204565e-01,6.817579884586728867e-02
9.349088143861628009e-01,5.265529000544137972e-01,9.618085963747020628e-01,9.929245995596189811e-01,8.881747705115117242e-01,3.807428087134930861e-01,5.067765720545027719e-01,7.065494194248829185e-01,5.658810456188991811e-01,4.668131635744904306e-01,3.154611320505310568e-01,8.558016918381804450e-01,7.896737681871801584e-01,0.000000000000000000e+00,6.010033029759991319e-01,8.915206286306973649e-01,2.663543313807201218e-01,4.636747663213058868e-01,1.139463203496388355e-01,8.223527836828463666e-01,6.548297788266148611e-01,7.613793253083060986e-01,5.321160277552267059e-01,4.782844992975126414e-02,7.622170814761506374e-01,7.673833214166438932e-01,7.752840699918285283e-01,7.982955837065671689e-01,5.648556597805447499e-01,5.354660259670166456e-01,1.039871907914971007e-02,9.320854808875377040e-02,7.361039643513985764e-01,4.079900934976186666e-01,4.464813368881194178e-01,9.428049074867866919e-02,2.470055380024201164e-02,7.619813817267949707e-01,6.046909156568200938e-01,2.988590193776733961e-01,6.123532233499300315e-01,4.363580096432366218e-01,6.308381467379656771e-01,6.099557860753114236e-01,2.468888926751511559e-01,9.921683326288822657e-01,4.818409750057643381e-01,6.174107520907090585e-01,7.528441738098683444e-01,7.675667796108736063e-01,6.378520167224914772e-01,6.455853183648203597e-01,9.664303470810443608e-01,4.487572830708319027e-01,6.838937034643104429e-01,6.605052700507065833e-01,6.922312735289207764e-01,5.771137259089162974e-01,6.456525192277501324e-01,7.023980922774074598e-01,6.704222498237371042e-01,6.219114554877891443e-01,6.496558173862829744e-01,9.138585267496429632e-01,7.234679419404757006e-01,4.525618509077543594e-01,3.327156493386427827e-01,8.584059849069989312e-01,4.181176667382564549e-01,8.437990715387685414e-01,6.561892466441696659e-01,8.526941585730791751e-01,2.688915226985035822e-01,3.400097528179708561e-01,4.166222335044781899e-01,5.560287230162893612e-01,5.740405761316798028e-01,6.374901997251349872e-01,3.922430072352730557e-01,4.894134791773356863e-01,7.503643808698987616e-01,7.468379699446485720e-01,2.280614463895014599e-01,2.190872655143336067e-01,7.638094415163532158e-01
9.879248465121747147e-01,1.193637061250873987e-02,7.977406442169288070e-01,5.287496492747241206e-01,4.173333170616006504e-01,1.746500104515207319e-01,5.604046015236876510e-01,7.907235988258702886e-01,4.070943970929012945e-01,4.245568817010806351e-01,7.348885225241248431e-01,6.124869973090846242e-01,7.086786643360247773e-01,6.010033029759991319e-01,0.000000000000000000e+00,7.787416500353142590e-01,9.964129074131180541e-01,9.427960505092762844e-01,5.323672747941061711e-01,8.962122734362686360e-01,8.398861934381225414e-01,7.373049997688373436e-01,6.978673771243411039e-01,7.297591701812559117e-01,2.858923656199606200e-01,5.841131235714707159e-01,4.895579852469355009e-01,6.711119567162785460e-01,4.768115689255539857e-01,8.437666336472159079e-02,3.319224346654173763e-01,7.447159802252809602e-01,5.547475500239662516e-01,4.726136312608042456e-01,5.860726451906246304e-01,2.054724048191242936e-01,2.684473763455005879e-01,7.618240057211461691e-01,9.027694067574656422e-01,7.745131862659664357e-01,4.434575905507900928e-01,7.864987303996517909e-01,6.028330723435513239e-01,2.364096462998213286e-02,6.281286189723769287e-01,6.705691308050196753e-01,5.537507207928239472e-01,6.666389400002188381e-01,4.377158081160604230e-01,2.424603468039408238e-01,5.273671745098876817e-01,8.644931507871851384e-01,7.788427442841766579e-02,7.372047341492485861e-01,6.855030065748463075e-01,6.652856346248486874e-01,7.501009135268223993e-01,2.589702943353596742e-01,9.125813888462219747e-01,3.111711891438559974e-01,6.385442734270934118e-01,4.915835466332223458e-01,7.833259279672435405e-01,9.875708736781398933e-01,6.034811713920789078e-01,4.979599571583699369e-01,3.535037800346909620e-01,6.225009134517821563e-01,3.017054951398734364e-01,6.702749328883628177e-01,8.335488001826975024e-01,4.585858766509221529e-01,4.209342834310000336e-01,-3.954608749245096533e-01,6.970375667718202717e-01,5.397889143022881475e-01,4.001459637409981451e-01,2.406741741686370673e-01,9.154871111220388991e-02,4.384938649576282654e-01,5.576035014117326494e-01,7.128733009503497309e-01,8.084854086154252828e-01,1.310435218494262199e-01,2.130030481587714963e-02
8.893533736726176864e-01,4.703206968003676436e-01,6.912418586020593336e-01,-1.008174479251666145e-01,3.977423253865213226e-01,6.530773009327610623e-01,4.933969753034238570e-01,4.591635536547417629e-01,9.388725179603520932e-01,9.355447265961829295e-01,2.541493715703209699e-01,7.203780783301333424e-01,6.289268744475943196e-01,8.915206286306973649e-01,7.787416500353142590e-01,0.000000000000000000e+00,7.636760691443278404e-01,7.946200501870909205e-01,7.456293579233591595e-01,6.183793948291036457e-01,5.708685391759942274e-01,7.279540668896335998e-01,2.036375767967027461e-01,8.684081977068326408e-01,3.854878917092283697e-01,5.859351235589063123e-01,3.221102892741363743e-01,7.673000563682373931e-01,5.680127768330456295e-01,4.387797308165575227e-01,7.744016325119292832e-01,-3.873318735103341570e-01,6.642017335200642858e-01,4.928644260009877875e-01,5.295738706445761723e-01,4.537040131723797387e-01,4.912681322749531398e-01,7.360487428714551639e-01,9.737548623254196345e-01,4.167249644829967847e-01,3.398764776484463068e-01,6.519057503925771435e-01,7.017065161737322532e-01,9.458266441839134897e-01,9.917756716333989697e-01,6.963727788649722861e-01,7.065865506523272277e-01,8.119134309697301211e-01,3.880082913052546600e-01,1.177852392836050699e-01,5.489991691461584278e-01,3.660594798155115126e-01,7.002967894520917280e-01,7.067469452259846907e-01,5.922684141636938016e-01,8.178152390343074174e-01,7.480683391122673331e-01,6.166902423878439787e-01,6.054831522778408859e-01,4.116402141687316441e-01,5.124033178816677081e-01,7.437988264220593004e-01,6.767290848342181198e-01,8.827492960841673009e-01,7.248187545370957663e-01,9.419841403283158998e-01,6.723149402598169733e-01,8.296100846065073142e-01,6.136763343319743269e-01,4.160062758618050527e-01,7.102188506234945464e-01,7.928943634378953220e-01,6.699384337609677331e-01,5.504643636395136763e-01,7.141139925350225015e-01,5.539937545380080319e-01,5.145965462919698252e-01,2.315745972999290747e-01,2.897342296931754158e-01,3.001401319579594107e-01,6.001903338567381452e-01,4.522301872682030210e-01,4.715270934834146499e-01,5.220963793077194603e-01,5.007374465147441667e-01
4.681963255262465151e-01,8.330686319307144538e-01,6.355720821697569134e-01,8.444427892484583920e-01,4.177197075877079890e-01,7.756357666111618476e-01,1.186687004452858379e-01,5.755228646663727021e-01,2.916873470736972007e-01,6.507152351554392755e-01,6.857353507171538576e-01,5.593144912474342645e-01,6.859866716147611232e-01,2.663543313807201218e-01,9.964129074131180541e-01,7.636760691443278404e-01,0.000000000000000000e+00,2.589100448158028200e-01,8.030435491190260899e-01,6.043964539253853241e-01,4.287540902892185701e-01,6.799603712042766590e-01,8.888210302402961283e-01,7.717380189795198797e-01,5.582811837613810280e-01,6.005095930126190806e-01,2.552764772559164563e-01,7.090330054276391403e-01,3.743430121936224819e-01,3.074799257535896224e-01,2.165294565447474506e-01,3.720486097768627709e-01,7.611543780585270369e-01,6.927641799526740307e-01,4.527262814487980069e-01,3.693203713072576999e-01,2.208364402046860686e-01,2.139396709675119579e-01,8.069007502025110634e-01,7.797255160658321804e-01,5.135642481195295400e-02,4.439601325874883986e-01,6.395403224985016788e-01,7.832822045979398462e-01,6.706029288336976535e-01,-1.179911302500570303e-01,5.568692157610076743e-01,7.427116700100161450e-01,2.221757909510444218e-01,6.207477395092955152e-01,9.281564962388116902e-01,7.331357524186523644e-01,7.030582329362770055e-01,8.377374971349597077e-01,3.229415801539640696e-01,4.349486887053487516e-01,7.051357944350499229e-01,4.493342329901869325e-01,9.720487902718055739e-01,5.589023652658647867e-01,6.262587066089387866e-01,3.859132028120185742e-01,1.717383537414559069e-01,4.263292874365864904e-01,7.465476310747739541e-01,8.390951201120651071e-01,7.766686988007066583e-01,6.415153849084259674e-01,2.081605392417206490e-01,5.815891252179221649e-01,6.284158959065589967e-01,4.954123199841370395e-01,5.056070376914700848e-02,6.445080187419396367e-01,5.882819758301527369e-01,5.457244587568327310e-01,9.723985861420152421e-01,6.768955820157250836e-01,3.744861079130495929e-01,5.951494196172510964e-01,7.947447048172777695e-01,6.791146428661991585e-01,3.226199402864617927e-01,6.318679600933796436e-01,8.333394449507632862e-01
9.475623642775315991e-01,7.115625932537539278e-01,7.440023232212915616e-01,7.822108092812343205e-01,7.357713085880877024e-01,2.138998704601584588e-01,5.792589807407888536e-01,5.195970507433678165e-01,4.889059138569348817e-01,3.837259777373571712e-01,8.131152877730490891e-01,5.162017547557941066e-01,5.237482274391448422e-01,4.636747663213058868e-01,9.427960505092762844e-01,7.946200501870909205e-01,2.589100448158028200e-01,0.000000000000000000e+00,7.783505854202695806e-01,5.782870175233245646e-01,7.044166866834994378e-01,5.622648221472101859e-01,6.925986049700142422e-01,9.741489641551906997e-01,6.508865948359539022e-01,5.741088197761130552e-01,2.409666157397478137e-01,9.655280337047053019e-01,4.016623134987170052e-01,6.817992207605960697e-01,3.073137800638767875e-02,1.281235690280614070e-01,4.289619661391581573e-01,5.227665523661089164e-01,4.659454073002015084e-01,4.958942051537302831e-01,6.068128639478154174e-02,5.998369727104568838e-01,9.105227416795586004e-01,7.128848375476762866e-01,6.956375335944187110e-01,7.238895543826152634e-01,9.418196473889011155e-01,4.723400101080161839e-01,5.913944568762961040e-01,9.491645897304119561e-01,4.936696513515015927e-01,4.077557884145341927e-01,5.059739126140178067e-01,7.026377452821198633e-01,4.051416279200487636e-01,3.781705078393602371e-01,1.317564405167126196e-01,9.934028882358518775e-01,8.504904589399510106e-01,9.496808535392639028e-01,6.713891380976774181e-01,6.254936014979892711e-01,7.493433256692754174e-01,1.659208027274232666e-01,5.862989640489124632e-01,7.305806588279142311e-01,4.700356014468282106e-01,2.711903619092916884e-01,9.809150958109967844e-01,5.496295980778730383e-01,7.788940924974301350e-01,9.000378146515864985e-01,4.630684499788328412e-01,9.400973244910362236e-01,6.887913644667392754e-01,7.216280628032194500e-01,6.476802560268677400e-01,5.837969303950927280e-01,4.501550715743745101e-01,7.809297347061581185e-01,5.113585256690779124e-01,5.693289546837072557e-01,3.004765704081532873e-01,-1.814652653718043518e-01,4.812583450346979985e-01,5.955065096839523564e-01,5.180507823742600548e-01,2.921456756330336260e-02,5.300041598350829775e-01
