0.000000000000000000e+00,6.790972183482343327e-01,5.814627915527558200e-01,7.964257318181372503e-01,5.079057867998637565e-01,9.912626703926410432e-01,6.096016685429695992e-01,6.780527130519826695e-01,9.160859084648146355e-01,7.630344305916189063e-01,4.805913473938198677e-01,3.958821070512641427e-01,7.922942590927580797e-01,1.975614367014548456e-01,9.225566607537025732e-01,8.955209036112957710e-01,6.462709459033975090e-01,9.471241278007572761e-01,9.558886981318568399e-01,4.503773188592061216e-01,6.506044858696411470e-01,9.974755989016882429e-01,9.826423099024775842e-01,8.913415559610025074e-01,9.670002113179366754e-01,5.915168899420371051e-01,9.228982498476669960e-01,7.910007322962915310e-01,1.730565722894769065e-01,1.283558082565527669e-01,2.416410423627158022e-01,9.306620327957623173e-01,8.729637966462087117e-01,6.133273307033706434e-01,6.462938597388128148e-01,3.864124378105039392e-01,2.937796698156881492e-01,4.105119702415454541e-01,6.042879615270448923e-01,6.352279091377163178e-01,3.266496184851496176e-01,7.356521208900184128e-01,8.453294953324170802e-01,9.687807142585643794e-01,7.537685627363291951e-01,6.197146082482277718e-01,7.686790670866008313e-01,6.212149555286792246e-01,8.533169976695120784e-01,1.513038340025820716e-01,7.284210249150460115e-01,8.162741013299517068e-01,8.312511896682537316e-01,6.368276869009781294e-01,7.876115187066626833e-01,6.605093192464750462e-01,6.366497035529308235e-01,7.546118275364267491e-01,7.770414069373234867e-01,4.467620589392674035e-01,2.478607825263719477e-01,8.550901183570811526e-01,9.312695045296256469e-01,9.620807646088718190e-01,6.634263273390921256e-01,7.976772060483625637e-01,9.199355666324936509e-01,5.865470437930876413e-01,8.810751134623486802e-01,7.124535259152923183e-01,8.007692693420697116e-01,7.562779024333159406e-01,5.866364568747028940e-01,4.929263645193111554e-01,2.881313396932883020e-01,8.825118727502727634e-01,8.050352112143961403e-01,7.039865560505864650e-01,5.489623630756204076e-01,2.513086163000655127e-01,6.547900137102700135e-01,8.578473810214669593e-01,9.680522055615345955e-01,6.010877626151188702e-01,6.524646788524059993e-01
6.790972183482343327e-01,0.000000000000000000e+00,6.863113082968017586e-01,4.519757445841394161e-01,7.011953659074929845e-01,4.262482941882802523e-01,8.299547211531549396e-01,4.139520273700375008e-01,1.156864436949182340e-01,4.945493984870822923e-01,8.173862532797995240e-01,6.625042634234787897e-01,8.302551320302001825e-01,6.923250115927622739e-01,7.343607982575142135e-01,5.570953188367633313e-01,8.732023240869557501e-01,6.644587197654978628e-01,6.108766598586338192e-01,4.642996916121659434e-01,3.793207302475031240e-01,1.351420448972890931e-01,5.970866851828240396e-01,9.394615918098159213e-01,4.415961024603178298e-01,6.202808587422590225e-01,3.904293124067790277e-01,9.241095776483261304e-01,2.426757286579828421e-01,7.864015002406811172e-01,1.705482526512153152e-01,6.427809232067103196e-01,7.981439926986705347e-01,4.301550199664075924e-01,7.547301931283099119e-01,5.342879577797596813e-01,3.013859120878823461e-01,7.285996593667467547e-01,8.096350320806340317e-01,4.271487425971509100e-01,2.736644373829405508e-01,6.538484775008555072e-01,9.052373418490067269e-01,3.110572881793729483e-01,6.288206866254401062e-01,8.397644032226309063e-01,2.204890893841188193e-01,8.382344581205857237e-01,2.047427742715382248e-01,7.661428398680482088e-01,5.735560604153695508e-01,9.442929834036366543e-01,6.404608935960206528e-01,6.355074716203972240e-01,9.994183156367879572e-01,5.865099084680064356e-01,7.800893946703600923e-01,-2.312517309897212936e-01,7.728264742528228037e-01,6.108814991018268747e-01,6.855920061364373375e-01,3.071519539387426168e-01,7.963176011351118522e-01,6.162715198421115925e-01,7.559554405423576373e-01,9.307505721108438879e-01,4.937097950818798986e-01,6.189143661424302278e-01,2.181024150024490071e-01,7.548483629613608192e-01,6.534406360376450174e-01,7.248378540405840953e-01,1.700783638965881195e-01,4.762382306167210477e-01,3.921536032316508269e-01,-9.955811674714500070e-02,6.418121551641651212e-01,6.884872184790751248e-01,4.012854925227775649e-01,2.548360735967576396e-01,4.597107286514354740e-01,6.473126967025959466e-01,8.551991896064874421e-01,2.803480180738688876e-01,5.906977338086362161e-01
5.814627915527558200e-01,6.863113082968017586e-01,0.000000000000000000e+00,7.692416776561836755e-01,7.143920527774756390e-01,4.862757161176699539e-01,8.321199980150616460e-01,4.453373219565671115e-01,9.160891983562765573e-01,8.543471967003767320e-01,7.993941972240032889e-01,8.170566764917501779e-01,7.425291024396207806e-01,5.668622514592814854e-01,5.617716583211542769e-01,7.025741023205290814e-01,6.923269518370761544e-01,9.545280824321455970e-01,7.058381794451957791e-01,6.616231249511247414e-01,9.062812838100334778e-01,7.425997453759541900e-01,7.095005956426747584e-01,6.466226195042594771e-01,2.346716616931877608e-01,8.893464174773831887e-01,7.449892409876371913e-01,6.111247649057779396e-01,5.253930420858803352e-01,2.120464024316560392e-01,5.180749227845944382e-01,4.208708324659273803e-01,8.799249738650849473e-01,5.606230425075412471e-01,9.681673909013439605e-01,1.361123946243296759e-02,5.622882102305315488e-01,4.824143205327727779e-01,5.948556811093841379e-01,4.010500862591367399e-01,2.920053151181015716e-01,-2.184959014174536751e-02,5.228811046048298383e-01,7.584175256892404793e-01,9.111021915712571584e-01,9.235664040244807582e-01,9.377846116049448622e-01,9.015963712526327001e-01,8.406406099361607431e-01,6.170785919923955642e-01,7.250436464333036568e-01,4.406304054109830837e-01,3.294763481363843088e-02,9.934354953557846812e-01,3.800960734637881533e-01,9.808681383240926976e-01,5.787190229457724877e-01,2.942574775287464806e-01,4.155196921068464166e-01,4.124797734965908180e-01,3.739700678216584338e-03,3.798505492445014009e-01,6.729590919945545036e-01,5.514021740669095006e-01,8.461543008989341752e-01,6.451381142035910177e-01,4.573428652496858149e-01,6.733243358178032656e-01,7.267220041636717198e-01,9.313673425922894822e-01,9.116039814486019965e-01,4.919798360759933820e-01,3.583798624040743785e-01,-6.085067324833218216e-02,7.903270604563115143e-01,7.115465731105852232e-01,9.150428261839483879e-01,8.462737012032478523e-01,5.124926309452044748e-01,2.831645185919546837e-01,8.922165114793654261e-01,9.324405903343881974e-01,9.261607546653116696e-01,6.832095059216901634e-01,7.736087545311547409e-01
7.964257318181372503e-01,4.519757445841394161e-01,7.692416776561836755e-01,0.000000000000000000e+00,9.597721574106534703e-01,7.384962962431319555e-01,3.794810217326116675e-01,4.446406189414674470e-01,7.449685394591611942e-01,2.792135321029628470e-01,9.860678393968630440e-01,7.964784161257367767e-01,7.247747800486321612e-01,8.850706934815992799e-01,8.261236644329944534e-01,5.431765993912005541e-01,7.401624117791634205e-01,6.951375378209742051e-01,2.666351515053493881e-01,7.301467207725613751e-01,7.952029119236272425e-01,4.324528238723679419e-01,5.837254144780403831e-01,7.628181790448863575e-01,3.042214445972976078e-01,6.121244336037245937e-01,9.992749116714034763e-01,6.730528965946119824e-01,1.422300652069948268e-01,4.189689053339467617e-01,2.695240368149982579e-01,7.027977928267334917e-01,5.582068269116406967e-01,9.243259091959579177e-01,6.062078726279830354e-01,3.595938138558633090e-01,6.933890639240687659e-02,2.927170142856949653e-02,9.110887503327678161e-01,8.302527174223417678e-04,5.925903367417262313e-01,6.280249319518272921e-01,9.323567020663352523e-01,6.452204089165576306e-01,6.626907880637974424e-01,5.620028522797255732e-01,8.624657677207143713e-01,5.710633287648869683e-01,6.753123472556505913e-01,5.468620006620699137e-01,3.912403580524072555e-01,7.753006176175439856e-01,8.265836399303985171e-01,6.174443208117498250e-01,8.305858014649118992e-01,6.939396206146631885e-01,2.422655601263140057e-01,9.433037950971349117e-01,9.327833028530844173e-01,5.506461159344239187e-01,5.387987077589089235e-01,5.693469074539254660e-01,9.017927375658201239e-01,5.326453124191757871e-01,7.003614116694584224e-01,5.504757962298185703e-01,5.847597696425064218e-01,5.584455728689345921e-01,2.314207393949375691e-01,6.521012456922434808e-01,9.656047584169432652e-01,9.026838284616600649e-01,9.297951649794100604e-02,4.642755664744069866e-01,5.951602058846674481e-01,2.242170552220192348e-01,6.616512511341874347e-01,7.841219944230647387e-01,2.246559816358190687e-01,1.340114189519205079e-01,4.313182753510140244e-01,8.025603939350695049e-01,5.109882144893177491e-01,5.077687120298980394e-01,8.599842725585447045e-01
5.079057867998637565e-01,7.011953659074929845e-01,7.143920527774756390e-01,9.597721574106534703e-01,0.000000000000000000e+00,8.564451923477124362e-01,8.494515871290090336e-01,7.887765409398884292e-03,4.845805184130440035e-01,7.575104448127579770e-01,3.947050274911197976e-01,6.448048717672663077e-01,8.866589605372835470e-01,7.635451941021244027e-01,7.052812599513955671e-01,3.734293101205316545e-01,5.552015281877172859e-01,5.935459266904390407e-01,6.394254399730463501e-01,4.076347899280485798e-01,6.901249752789968550e-01,6.454658380313669230e-01,6.259709105283526309e-01,8.209858866402194311e-01,3.057034230076841053e-01,9.414696692053340366e-01,5.968834727176608457e-01,3.444447815351255882e-01,9.570934300741510414e-01,1.080592220887034993e-01,5.895271920414721922e-01,7.957601421887413595e-01,7.685164236158322781e-01,9.090688682589090908e-01,5.474449195755449749e-01,3.781547992231758526e-01,1.394891841483473782e-01,2.680131987780856040e-01,9.427882781582963556e-01,2.568080147606687236e-01,5.989714686354532525e-01,4.213605546550888148e-01,5.258222691871383692e-01,6.101330114529680548e-01,6.394594415754348837e-01,6.750976199957203772e-01,8.814798301258778279e-01,6.989965975494123462e-01,4.883782617649158331e-01,4.136872467751633864e-01,6.252462538551821769e-01,5.582393340349075528e-01,6.434008201349470379e-01,9.662147931055884431e-01,7.209867877529438918e-01,6.110270627766295481e-01,3.683352054999455838e-01,9.758016629607773051e-01,7.591770228182629365e-01,3.072630994801273663e-01,4.782294063883170132e-01,5.692343786380877901e-01,4.539035449237213138e-01,6.388466909170227304e-01,8.924516333038414739e-01,7.260133508103833178e-01,3.955150196804375629e-01,8.966610900366486225e-01,4.658484783364015280e-01,5.596664683241171501e-01,5.651494569159223325e-01,6.134384977660258809e-01,4.787064049935891297e-01,1.910546032587830678e-01,4.037772609589871387e-01,4.872533042220551502e-01,7.975347955992007076e-01,2.649130590471256985e-01,7.486495793099325891e-01,2.780148002469785551e-01,5.424981691134085349e-01,7.537673141007287247e-01,5.646295984607073715e-01,8.498497259307187246e-01,4.429892690250468168e-01
9.912626703926410432e-01,4.262482941882802523e-01,4.862757161176699539e-01,7.384962962431319555e-01,8.564451923477124362e-01,0.000000000000000000e+00,4.421674904488855917e-01,6.984237127338563944e-01,2.668345104814223712e-01,6.897027077615313084e-01,7.422977952318523531e-01,2.320414290878033969e-01,6.998861391473851778e-01,6.291517564725421785e-01,7.639226001927705845e-01,3.096607774524028356e-01,9.665166166896002053e-01,6.323579513881982805e-01,6.761188439024736763e-01,6.353207934007473190e-01,8.347311632514577973e-01,2.895968010573735651e-01,9.358986861086850961e-01,4.882822206386256969e-01,7.953461927673941556e-01,5.828946391211502487e-01,7.630675332896412755e-01,7.002075812821261236e-01,6.023584884347888968e-01,2.605748901663154302e-02,1.704928964290921278e-01,1.186426514314833647e-01,6.850321358831901186e-01,6.837442976757497348e-01,4.966618206449486816e-01,3.887177660916030231e-01,3.666945925394509698e-01,2.157650794113429582e-01,5.516859018220995337e-01,6.275133400421316621e-01,4.179443188483064064e-01,6.549988139301521350e-01,6.526988086187751614e-01,8.351609557618611124e-01,2.850120675527569314e-01,2.918444723798345741e-01,7.159318507995675596e-01,5.633913170488996647e-01,7.658312232428416966e-01,5.182339638434205753e-01,7.977084744957617657e-01,8.271667402573105177e-01,8.803409877127543748e-01,7.020360628700805794e-01,7.297588863598214459e-01,2.085425688526816868e-01,8.407861537931524687e-01,9.264447631890883050e-01,8.104724387740177560e-01,-1.034214610553549352e-02,6.164944840520327762e-01,6.951724056562190723e-01,5.277359438264982439e-01,9.000415723659127565e-01,9.130593163244473676e-01,2.258625650643275029e-01,2.827931058847028556e-01,7.400783271216773151e-01,7.856240000229901543e-01,9.484542144791933138e-01,9.445213819995440518e-01,7.909218526471666344e-01,3.354537742805012712e-01,-2.934180716927708432e-01,2.306928799517405371e-01,9.789397807244017979e-01,6.029190533076087544e-01,7.194349235137739162e-01,4.192431743796877219e-01,1.209935468607353237e-01,4.070227409808535035e-01,6.765076979079733821e-01,5.049002985411367161e-01,4.875335681537452670e-01,4.895794539946305424e-01
6.096016685429695992e-01,8.299547211531549396e-01,8.321199980150616460e-01,3.794810217326116675e-01,8.494515871290090336e-01,4.421674904488855917e-01,0.000000000000000000e+00,4.525221716621551926e-01,4.108683352244584808e-01,5.520348433589343795e-01,4.451693684108624649e-01,1.107965299249794450e-01,4.903743409684588328e-01,5.436403088922648896e-01,5.852592868361161660e-02,6.119982380206927530e-01,7.726968138889036553e-01,5.790340848800125118e-01,4.291223931113089529e-01,4.258728458912667270e-01,7.572678619538169009e-01,3.892834611258917388e-01,3.570422820820787768e-01,8.190773945548747159e-01,7.293980046640818893e-01,5.345274251719213110e-01,6.877710685564845106e-01,7.570227606440853574e-01,4.058954511759138573e-01,3.882760828075950688e-01,7.945658971931590653e-01,1.967150630258426014e-01,3.493015982550142784e-01,1.644071431790248006e-01,6.675051762710932923e-01,4.743565089832265658e-01,4.673415020050261104e-01,4.226955494601661867e-01,2.448418551839926238e-01,5.138907704723462144e-01,2.507916812816409213e-01,2.791734862747250467e-01,7.625167589940210489e-01,6.099282463549424715e-01,9.802679969551137962e-01,7.373087237096201396e-02,7.870521910063080773e-01,1.992516658512078209e-01,4.552608467545533055e-01,4.092118289111642548e-01,4.705110205372940446e-01,5.886822545384153837e-01,5.753175767874589841e-01,4.671010104121768314e-01,6.599901387494773175e-01,5.648085935876787644e-01,4.265574468864368196e-01,6.188635452637274437e-01,2.829191793491666052e-01,9.536147625455516641e-01,7.190825358766085307e-01,4.051913275315645602e-01,2.830443477985600809e-01,6.789526580573213010e-01,8.197814970703662940e-01,7.070978412360748866e-01,5.541139317566273759e-01,5.201112623043178118e-01,4.649730695221040433e-01,5.809984840729272015e-01,6.000305047910543532e-01,7.282946174264037786e-01,-1.311903722380796666e-01,3.777234454794364815e-01,5.419734813056424905e-01,6.927981364505242379e-02,1.961057896167569536e-01,6.704402524084595028e-01,3.076575562198526903e-01,5.593423080306310080e-01,2.773821143878167361e-01,8.394428025031021035e-01,5.504521880658600486e-01,4.500102069580647068e-01,5.314209429203203827e-01
6.780527130519826695e-01,4.139520273700375008e-01,4.453373219565671115e-01,4.446406189414674470e-01,7.887765409398884292e-03,6.984237127338563944e-01,4.525221716621551926e-01,0.000000000000000000e+00,3.173463522032967665e-01,2.569382402871714377e-01,3.772240999397739603e-01,5.345636580054992093e-01,2.177277219573321987e-01,9.427745156675511329e-02,5.256549583799949854e-01,2.483323034504645449e-02,4.084859551291811774e-01,5.138124975487315949e-01,5.660342279685780520e-01,7.207606726670785502e-01,8.771764360976328501e-01,7.054142430157103183e-01,5.873419318646000420e-01,6.048063618872203673e-01,8.723810282516866188e-01,3.337686883241289815e-01,5.134523153322896327e-01,5.737030845340032048e-01,5.984787979543175762e-01,2.381535555752735678e-01,5.028188658133135869e-01,5.119630153431784514e-01,-1.802008147066638810e-01,3.240140557361780860e-01,6.654270536435195060e-01,5.966635809095395260e-01,-1.666642332009000138e-01,7.546796562459462399e-01,7.345706686929939222e-01,2.755246189961515491e-01,4.998314903766085671e-01,7.176368372455823597e-01,7.562178742479429561e-01,5.503216888348327895e-01,5.041521951113028255e-01,2.646931445273606465e-01,6.959649825790409361e-01,7.188221602796736054e-01,5.188942878629733135e-01,2.522139771682923581e-01,9.101793608102705102e-01,2.031981371142254356e-01,4.033908614004886317e-01,6.657175468330865931e-01,5.891144662066837290e-01,5.917917622551058798e-01,4.141097765627648197e-01,6.437086407778639385e-01,8.240578917085834565e-01,4.584049910069961098e-01,6.853081530843005975e-01,4.240339674110196189e-01,2.211706564042612566e-01,2.760810906641120166e-01,9.978398015150145017e-01,4.738705670540513948e-01,4.047861537830553802e-01,8.530048147680511228e-01,9.056874730345044339e-03,5.969487755082072411e-01,6.752267453567362132e-01,2.497381399458622475e-01,3.984413600627627616e-01,5.770390701634707797e-01,4.620312089170029446e-01,6.450603478382562761e-01,4.610467607469663776e-01,7.344755318973211766e-01,5.229262999855204264e-01,1.020874236061607987e-01,5.489470341956157462e-01,4.453603505676946295e-01,7.611902071469333064e-01,6.631289212535100841e-01,6.267922063745595684e-01
9.160859084648146355e-01,1.156864436949182340e-01,9.160891983562765573e-01,7.449685394591611942e-01,4.845805184130440035e-01,2.668345104814223712e-01,4.108683352244584808e-01,3.173463522032967665e-01,0.000000000000000000e+00,4.609682793672389978e-01,6.683241084064138748e-01,7.492111298522180496e-01,7.178250454154295745e-01,9.435622191953848548e-01,6.745872625679323331e-01,4.626174326217157851e-01,1.071730491516448558e-01,6.981296511282220063e-01,6.563951853439422557e-01,7.580181650261841320e-01,8.029802859284342897e-01,2.038721365101667515e-01,2.022133988867862997e-01,4.946660600267363539e-01,2.467194103460408350e-01,3.775224806808685774e-01,5.497123617373347315e-01,4.750233209061837103e-01,6.357961051703278077e-01,3.801626604108007124e-01,4.256725949824958777e-01,2.980963894723284713e-01,9.764108253170232787e-01,4.939670701415279086e-01,6.018735741491612057e-01,4.308816811434100780e-01,5.616773233633906015e-01,5.768031425775574927e-01,2.147796258747971254e-01,8.071313533835621223e-01,2.347131577562494298e-01,2.503761715536665378e-01,8.409695149764999655e-01,2.023242890125778182e-01,7.512657410330640939e-01,6.628339678711155925e-01,2.311681435086865299e-01,7.462445093502546589e-01,7.030426636313082955e-01,6.275774716507026563e-01,5.844423902163068396e-01,4.553337984354001167e-01,6.697669704327093854e-01,5.831010337425261980e-01,5.579781939899639553e-01,9.971315368737724283e-01,5.209194603254699851e-01,8.970500904247892260e-01,9.097730755460551322e-01,4.824847009271443499e-01,3.512806696602284173e-01,7.644772885669762763e-01,6.591291148296063440e-01,9.418708129960514652e-01,6.779941988027899935e-01,3.459706593326213886e-01,4.050834319887282042e-01,8.122032118144586477e-01,2.933698305516653226e-01,2.653226081904363487e-01,6.089897483930176714e-01,9.486045677238283957e-01,1.777466526342252329e-01,-1.942770814992565154e-01,6.811074445515157283e-01,7.603088460689622075e-01,7.590657795122102147e-01,7.592131627712052078e-01,-1.366055214327517864e-01,2.508162364154708501e-01,2.811284106127887039e-01,6.734290944289078595e-01,3.977740259643611220e-01,2.915540994131302632e-01,5.242576271272014754e-01
7.630344305916189063e-01,4.945493984870822923e-01,8.543471967003767320e-01,2.792135321029628470e-01,7.575104448127579770e-01,6.897027077615313084e-01,5.520348433589343795e-01,2.569382402871714377e-01,4.609682793672389978e-01,0.000000000000000000e+00,1.748524837631120488e-01,5.170479291771001851e-01,7.736712066573289137e-01,8.970311758773321653e-01,4.014523249947733463e-01,6.130747982849225064e-01,3.076595098697049724e-01,7.297709480300199614e-01,9.344469460470206101e-01,5.022112858408028790e-01,8.529821375678156015e-01,4.736605120128147273e-01,4.391074693154892739e-01,3.568437046270692692e-01,7.775656818624352429e-01,3.323419759421127884e-01,9.963275406119000976e-01,5.335851053685752854e-01,6.916211182024613047e-01,4.563585580094417504e-01,4.609628868968361770e-01,2.474173477373308727e-01,4.825799500089459348e-01,2.272033647259219802e-01,6.935731158049253109e-01,1.185219058950401916e-01,2.542282619567188262e-01,8.166782034847308580e-01,9.831772264919766968e-01,6.020285267689405861e-01,2.241873672968779929e-01,5.477386155460123307e-01,8.084427209134454895e-01,3.484258314192614225e-01,4.356914672483990225e-01,8.571380721486900889e-01,5.932155029075536490e-01,2.500136317610247572e-01,6.619936365947685086e-01,5.169120438630780967e-01,4.277381821143129703e-01,4.239672401382728051e-01,8.924789619478128433e-01,2.138836376713854903e-01,8.357992241758798180e-01,4.706283870413336956e-01,7.249663065893614533e-01,4.717714578748582466e-01,8.377730470318135447e-01,2.926305852220810744e-01,4.647428761068748693e-01,5.608647961300919915e-01,6.461676346809487326e-01,7.951343494940974477e-01,9.939068597040763287e-01,2.501549441499749671e-01,7.287597027189487431e-01,9.331455554361862692e-01,5.597909527350731773e-01,4.667993030704764568e-02,6.209543847024804331e-01,9.635551426199101543e-01,1.615367461304354491e-01,5.422593369023455123e-01,7.434981170389975969e-01,4.076987892420708137e-01,6.315947266883288336e-01,3.242186063324130063e-01,2.135507198871059165e-01,3.561209419449909430e-01,7.255660657744541497e-01,2.999307488254109311e-01,5.012356708771099623e-01,7.496247943277516423e-01,4.317006070936542650e-01
4.805913473938198677e-01,8.173862532797995240e-01,7.993941972240032889e-01,9.860678393968630440e-01,3.947050274911197976e-01,7.422977952318523531e-01,4.451693684108624649e-01,3.772240999397739603e-01,6.683241084064138748e-01,1.748524837631120488e-01,0.000000000000000000e+00,4.953211675073668219e-01,7.327646796380966610e-01,7.825803733782243921e-01,7.536130240573487571e-01,6.404080760085332225e-01,5.998325736308133260e-01,1.669135973526000294e-01,3.418969558836413292e-01,9.198077038823653240e-01,7.074839767406430058e-01,6.558587365396952862e-01,4.533644818315676894e-01,9.404260985675498841e-01,8.379928975267078028e-01,6.798312354839176619e-01,8.294195821954206682e-01,7.536517008789743732e-01,3.627453498779266150e-01,2.409234959132703358e-01,7.657494876683479390e-01,4.469583395381538926e-01,7.597930543289819205e-01,9.655353987338848309e-01,6.276635070021459040e-01,2.831475665119539964e-01,3.750778582311955489e-01,5.974052425741276373e-01,5.003954972186019923e-01,6.996093921354074041e-01,5.971394152694881052e-01,5.265014299156355326e-01,8.122040431605126454e-01,6.687545191952911638e-01,4.121972634006577652e-01,8.511847957619494975e-01,9.969161402278896578e-01,6.983622060825896982e-01,6.454289917472898486e-01,4.054039348936528953e-01,3.015312722162708514e-01,4.341966475302054262e-01,4.363562577130327136e-01,7.176692091580285648e-01,7.233995516348542543e-01,6.340941212248420999e-01,5.225930747409470722e-01,3.060854153274396028e-01,5.324581990301695544e-01,5.470323758675466053e-01,4.621606734867798605e-01,4.940946476006587429e-01,7.259926399309861722e-01,4.542835908114798982e-01,4.178361495496712985e-01,7.856031357169465101e-01,5.211293838203105988e-01,6.277605424113581467e-01,6.141120931155530371e-01,7.881014647154251929e-01,6.901922821630644966e-01,2.571665934804784337e-01,5.344007316406649416e-02,5.174471190932692366e-01,2.200819373175349758e-01,7.870673764595075284e-01,7.768814455140187203e-01,4.857061964251681574e-01,3.137960685281837581e-01,3.987130460207850557e-01,6.718836407758460583e-01,9.742360870112215521e-01,6.736350780519437809e-01,7.052346422287133487e-01,7.119125084170691009e-01
3.958821070512641427e-01,6.625042634234787897e-01,8.170566764917501779e-01,7.964784161257367767e-01,6.448048717672663077e-01,2.320414290878033969e-01,1.107965299249794450e-01,5.345636580054992093e-01,7.492111298522180496e-01,5.170479291771001851e-01,4.953211675073668219e-01,0.000000000000000000e+00,3.846908510771619993e-01,7.903122666712197875e-02,7.558427248247044927e-01,7.042360578803232851e-01,9.360895528721514536e-01,2.034107432322555531e-01,4.167527048791318522e-01,8.762235584160040780e-01,5.655921144192216365e-01,6.538586601462098580e-01,4.882990674084622951e-01,3.539773302092986684e-01,3.150467809821657084e-01,3.653276874171552113e-01,4.184249450137436654e-01,7.532003034419472165e-01,5.649975034043894784e-01,2.326515013537945320e-01,-3.948977957496568880e-02,7.800756247205905547e-01,3.834366597151595002e-01,6.837615590366015184e-01,5.464393101721252144e-01,4.361506958900269737e-01,9.116772961897451344e-02,2.913197570272674231e-01,4.399570232592001640e-01,8.148246217833416960e-01,6.633707426191695067e-01,4.227626554259306113e-01,8.655097684226132904e-01,5.497807410890648283e-01,7.955756365588896317e-01,6.899850460663360385e-01,8.580464864383336998e-01,6.510877027369732506e-01,5.010620869574670122e-01,4.090988513122781334e-01,7.453373737357039674e-01,8.108359008749764785e-01,5.892814863171584872e-01,7.482145689040655689e-01,2.649926015241041433e-01,9.658038302320157698e-01,4.508407681760790986e-01,6.109247178551333590e-01,6.875515196916930361e-01,6.014850209984063945e-01,4.509918336603585542e-01,9.252866852724158653e-01,6.124505737379055681e-01,3.173365240320767389e-01,6.573924038375698053e-01,7.828897315440137561e-01,7.385931329994180894e-01,4.974574267656142190e-01,7.586703042637504835e-02,7.512664067526206857e-01,5.206952762175661720e-01,6.831654371234324730e-01,4.777215819026657817e-01,7.484680970587429538e-01,3.411887030923719255e-01,5.272263097889950956e-01,6.273887357145039312e-01,6.613298923432100462e-01,6.151365231904373232e-01,-1.575113705782452134e-01,4.145090314263960574e-01,5.598392589746525871e-01,2.414550097908226001e-01,4.673075512795223929e-01,7.094664698582938689e-01
7.922942590927580797e-01,8.302551320302001825e-01,7.425291024396207806e-01,7.247747800486321612e-01,8.866589605372835470e-01,6.998861391473851778e-01,4.903743409684588328e-01,2.177277219573321987e-01,7.178250454154295745e-01,7.736712066573289137e-01,7.327646796380966610e-01,3.846908510771619993e-01,0.000000000000000000e+00,9.708252055168722361e-01,8.713663872297418012e-01,7.714537003926280612e-01,2.794833663385182798e-01,3.732157860471884692e-01,6.971074120472271485e-01,7.397665053242845623e-01,6.875081757204170030e-01,-9.345360168775689036e-02,7.450646659550649309e-01,9.856798536488338147e-01,6.222238239985868891e-01,6.574256206917198364e-01,4.702185197439860409e-01,4.852760921641422476e-01,3.457399011981023840e-01,6.352739366472294202e-01,2.577818406662482631e-01,6.235643978601204118e-01,9.044760081384406458e-01,9.827619218700416326e-01,5.290868503115366828e-01,5.228778283509485370e-01,6.475154527633386961e-03,5.988291035619019986e-01,5.195059960510794994e-01,4.345405327820670571e-01,3.462034709289737999e-01,6.395733979540900727e-01,5.015050047173117420e-01,6.537349608584434035e-01,9.780585571616788876e-01,3.409567024457181850e-01,8.856991891089840419e-01,7.436623026522622970e-01,4.776115402193681914e-01,3.788345311252591663e-01,7.517823814808388683e-01,2.874821531310029488e-01,5.997786237142844756e-01,4.889484231121437041e-01,6.164902880539794294e-01,2.786833561496471767e-01,-5.508993639088241578e-02,6.933063736383630049e-01,6.416180734309289146e-01,3.782436263045277913e-01,5.277458140394812869e-01,8.866660131708925530e-01,4.277183579799869739e-01,4.562806749595162414e-01,4.335177607252219123e-01,8.857875288846286388e-01,7.705397242073275255e-01,7.667696331883051553e-01,4.224845648920472763e-01,6.716776491831540907e-01,6.999688840054867356e-01,5.591686167108507188e-01,5.286582675081645810e-01,3.516924544732584756e-01,5.571876015087613432e-01,8.774250686890162632e-01,6.816090635253753138e-01,5.056297517554015908e-01,3.271054827864171011e-01,1.315098139989243631e-01,5.136231331746629047e-01,6.390131760802569838e-01,9.068611405863657993e-01,7.428729194412988512e-01,7.537160545176433413e-01
1.975614367014548456e-01,6.923250115927622739e-01,5.668622514592814854e-01,8.850706934815992799e-01,7.635451941021244027e-01,6.291517564725421785e-01,5.436403088922648896e-01,9.427745156675511329e-02,9.435622191953848548e-01,8.970311758773321653e-01,7.825803733782243921e-01,7.903122666712197875e-02,9.708252055168722361e-01,0.000000000000000000e+00,7.808123416400267747e-01,5.987949752042602825e-01,7.794979980028154953e-01,9.234274151114977291e-01,9.019198474609018135e-01,7.218028075783470277e-01,6.392616677341814713e-01,6.419911172991409343e-01,7.157047577383089942e-01,9.163935485252636681e-01,5.969970278619417536e-01,6.140941298472071264e-01,7.068544836208252580e-01,6.158212863419412209e-01,3.476898140226084566e-01,7.831107225546299899e-01,1.542721594249081840e-01,2.238304009886140367e-01,6.308785466516559914e-01,7.467519940939155720e-01,9.364770248994523927e-01,5.738214529045310153e-01,2.636790757941853136e-01,3.481867427546947447e-01,5.156572309047343650e-01,7.344185946445299651e-01,4.724241249667492371e-01,9.359082602057867684e-01,8.543700833804220851e-01,9.168711558669589978e-01,7.337985362836987324e-01,8.038442555698367409e-01,3.521151033893875626e-01,4.056287647168049237e-01,7.207834011671150343e-01,2.907971218862877016e-01,9.395328055706058112e-01,7.588185645368772381e-01,7.905796310043803343e-01,1.649585007371124346e-01,8.447390876177791608e-01,4.719253802167800993e-01,5.925444368782522009e-01,7.241547051676301416e-01,6.944442118959553989e-01,4.011409546256425873e-01,3.221104362500819551e-01,6.800933279779983742e-01,2.222510633830632742e-01,9.915908656450100889e-01,8.029539822927330706e-01,5.400592252404600169e-01,6.951686246689962045e-01,8.694257470643242947e-01,2.528915193119828375e-01,5.578466254482916664e-01,9.924290610439479021e-01,5.632122589776951127e-01,3.615116138426213155e-01,7.779839116030728974e-01,3.550166217903945320e-02,8.520795588881739935e-01,2.490336821808264989e-01,8.026789213963104741e-01,5.572088545588860242e-01,2.204415607697803314e-01,9.320319599354128792e-01,6.932616618474186643e-01,7.379556819069101881e-01,4.947148752366610780e-01,4.379464651205761117e-01
9.225566607537025732e-01,7.343607982575142135e-01,5.617716583211542769e-01,8.261236644329944534e-01,7.052812599513955671e-01,7.639226001927705845e-01,5.852592868361161660e-02,5.256549583799949854e-01,6.745872625679323331e-01,4.014523249947733463e-01,7.536130240573487571e-01,7.558427248247044927e-01,8.713663872297418012e-01,7.808123416400267747e-01,0.000000000000000000e+00,5.828386713259881002e-01,4.487106947732616424e-01,8.490372021397717406e-01,2.050058762622739006e-01,6.133950309874007800e-01,6.297135046524989788e-01,8.414603919946550548e-01,5.266328177330921179e-01,6.537038554909708754e-01,3.472371767303185086e-01,4.637666083856711863e-01,9.104609150967892806e-01,8.896997938541051365e-01,4.538941810694929191e-01,4.703014065664716803e-01,5.300752491469226113e-01,4.862450145625556441e-01,5.970573269583676623e-01,7.603270846691733142e-01,3.132627419229508381e-01,3.164832934572674450e-01,2.730890018705331990e-01,3.379620978976918266e-01,8.844631860098584042e-01,6.049243872223060148e-01,3.485555697567786493e-01,5.804029579950076290e-01,5.461720840786982167e-01,6.111426909785931949e-01,6.435339647915117034e-01,2.081085066444045284e-01,7.555144124420212215e-01,6.503987702739562060e-01,4.025349620752360358e-01,4.730768368746168795e-01,7.009072198117126673e-01,6.536828182496385864e-01,4.394149527373705788e-01,5.977573781554454957e-01,5.772770523254898700e-01,7.702179018721653225e-01,5.657227786200249575e-01,4.697591001582234194e-01,5.305439206059142654e-01,7.263994063013258229e-01,3.983119359956441841e-01,5.355716001634009960e-01,4.947888506430992983e-01,6.596925151580426139e-01,9.173768238587599599e-01,4.020572303358806998e-01,5.475651087005574125e-01,8.999401495810483986e-01,7.392162937563516723e-01,6.646978454743543985e-01,6.796645712961261188e-01,7.587756419190245794e-01,3.968373391276535100e-01,3.843535390616238390e-01,2.507321018915712463e-01,7.056449056927468488e-01,6.269504822356325446e-01,5.230191353618475203e-01,4.557669787551530960e-01,4.570811248953155111e-03,5.768735610531645630e-01,8.253149252789625523e-01,4.618490952908937963e-01,8.655948051300455318e-03,6.357210618397692858e-01
8.955209036112957710e-01,5.570953188367633313e-01,7.025741023205290814e-01,5.431765993912005541e-01,3.734293101205316545e-01,3.096607774524028356e-01,6.119982380206927530e-01,2.483323034504645449e-02,4.626174326217157851e-01,6.130747982849225064e-01,6.404080760085332225e-01,7.042360578803232851e-01,7.714537003926280612e-01,5.987949752042602825e-01,5.828386713259881002e-01,0.000000000000000000e+00,6.100705670036927764e-01,7.317022426745358743e-01,7.905778075697086349e-01,5.348303285711011323e-01,9.495401579629634270e-01,1.552754820681553904e-01,4.226335646409479230e-01,8.723381535867188452e-01,4.639680742480364328e-01,4.242988015595543505e-01,6.537968840922613323e-01,2.492379219958232028e-01,1.814908403089257050e-01,3.487019106870133389e-01,2.986250391825177042e-01,6.506239089269469922e-01,4.025490489290724505e-01,4.750984425824005680e-02,4.979238723041045644e-01,4.855544465034231649e-01,7.387004871727380628e-01,3.103314295353225560e-01,3.016309653826046433e-01,2.974070545479209349e-01,4.425479751724866739e-01,9.001944982512205540e-01,7.099127095159435408e-01,8.572510805773261300e-01,7.960864269568708185e-01,7.813990225361193698e-01,2.036389795541397318e-01,7.283162337835997757e-01,4.303486821979987664e-01,5.630503676375756550e-01,3.474578709979386781e-01,-1.473317273982952813e-01,2.211880215645933290e-01,6.933773348243761347e-01,6.000486282209799294e-01,6.396487486099138309e-01,4.664721906856401090e-01,2.700750645552147944e-01,5.265109778489477366e-01,5.999606227573387462e-01,1.229031976563340622e-01,5.586795531854628072e-01,9.271445039035287605e-01,9.550394896365891340e-01,6.157106087742469924e-01,2.690037543178793733e-01,5.879768647052734387e-01,8.540972065965741766e-01,6.827948102975824884e-01,9.739740537601521142e-02,8.552248827700493772e-01,5.245397198477390610e-01,8.712596615732499938e-02,-1.993444364567898419e-01,5.549330570647452721e-01,3.824336556062633008e-01,7.580950025440567064e-01,5.224553531163255160e-01,1.530634309404595994e-01,2.585000285304056566e-01,8.169022775158936156e-01,8.605974369127808998e-01,6.770706119229032982e-01,3.068132823149080646e-01,3.723008003782844466e-01
6.462709459033975090e-01,8.732023240869557501e-01,6.923269518370761544e-01,7.401624117791634205e-01,5.552015281877172859e-01,9.665166166896002053e-01,7.726968138889036553e-01,4.084859551291811774e-01,1.071730491516448558e-01,3.076595098697049724e-01,5.998325736308133260e-01,9.360895528721514536e-01,2.794833663385182798e-01,7.794979980028154953e-01,4.487106947732616424e-01,6.100705670036927764e-01,0.000000000000000000e+00,7.997022757474732124e-01,4.478469076341288213e-01,6.321575342480514337e-01,4.052093267131829379e-01,7.393243545094921876e-01,6.740926542896050755e-01,8.039776312862435548e-01,6.512932015753327697e-01,6.963680664757174732e-01,7.720309979169506232e-01,6.800443607996180528e-01,7.523976043677933490e-01,2.666148139484699753e-01,2.397035432524463883e-01,5.441479853543724765e-01,3.745538585982460117e-02,7.694520121505984411e-01,7.174666448968284316e-01,4.843648131636605347e-01,3.847836184864915077e-01,6.432607024211194346e-01,4.521715848691232886e-01,7.471001588317155440e-01,5.713884228652176267e-01,7.155383022370100932e-01,5.970652733067052798e-02,9.754176012260431516e-01,5.939605907788670924e-01,6.812794782224637080e-01,4.933234982332917462e-01,6.083547287774363488e-01,6.869564223620138188e-01,6.300898077878149817e-01,6.793293708945671305e-01,7.062455555009748975e-01,9.830836982176515138e-01,3.600636352750446467e-01,7.283917844758929228e-01,6.295101942151672958e-01,4.097801952900130829e-01,5.485032432190986018e-01,8.581530839422490953e-01,5.215279638157463982e-01,4.420472211824187925e-01,2.808731647201411774e-01,7.195045310663895632e-01,3.718136098259959832e-01,1.562857136661329471e-01,9.735465918840965349e-01,7.121248415985842461e-01,9.687790941990882532e-01,7.946204074373253157e-01,6.609975329135179267e-01,4.639318182849296313e-01,8.209912741526237401e-01,2.511419138688099073e-01,2.787680036912728032e-01,7.718310499660638868e-01,6.751213819360850632e-01,8.801040999255714814e-01,4.626554086087462103e-01,4.352480499755979060e-01,5.825537504121820753e-02,6.406700919439812791e-01,6.575181151803870527e-01,2.484017061475295718e-01,5.389039742640939767e-01,6.667718869121715963e-01
9.471241278007572761e-01,6.644587197654978628e-01,9.545280824321455970e-01,6.951375378209742051e-01,5.935459266904390407e-01,6.323579513881982805e-01,5.790340848800125118e-01,5.138124975487315949e-01,6.981296511282220063e-01,7.297709480300199614e-01,1.669135973526000294e-01,2.034107432322555531e-01,3.732157860471884692e-01,9.234274151114977291e-01,8.490372021397717406e-01,7.317022426745358743e-01,7.997022757474732124e-01,0.000000000000000000e+00,7.253183132183531612e-01,8.263091694971574919e-01,1.887764069640781028e-01,5.967512509617028948e-01,5.404558355650088686e-01,7.139003457969473887e-01,2.907476668445690970e-01,5.621283804391092875e-01,5.845729705051846414e-01,7.506466006717901207e-01,5.417456009487432445e-01,6.406734819182542395e-01,5.318425210772790290e-01,4.899691898456308148e-01,4.035094268091685699e-01,4.143116320008723985e-01,2.038909296691562498e-02,3.149700283801069034e-01,5.282864472837263126e-01,5.587607321957922535e-01,2.010077223597493412e-01,6.437331794692768838e-01,3.416233682087235213e-01,5.273596883937512469e-01,8.644216092154853870e-01,3.333866010303636052e-01,8.651038146300787934e-01,7.189166477726571802e-01,5.836990697359296654e-01,4.238298637508577382e-01,9.900344862710681593e-01,4.708069246176836975e-01,5.906901548371662480e-01,6.637693532757303894e-01,4.840038749286298403e-01,6.533593859615738353e-01,6.275788332093702460e-01,6.238808673109283998e-01,6.492752772537875305e-01,7.275996757809547466e-01,7.016836026803956461e-01,5.974832583383483664e-01,9.379572191214768928e-03,2.792701620874589175e-01,5.130674983997394190e-01,8.203251883717815884e-01,6.259703007312932277e-01,3.822459146128787122e-01,4.571703932460804976e-01,9.705269280941903887e-01,2.345361881388687564e-01,5.756049400712256459e-01,7.236799565586962135e-01,9.071661412562775917e-01,4.962214614250897160e-01,4.543413700773000774e-01,6.647529932001341457e-01,3.820913143920996458e-01,5.278526652165979050e-01,4.419476827677035757e-01,2.727191184493398812e-01,4.742688516344689686e-01,7.037287778414826889e-01,9.136007230468419227e-01,5.870178989350702814e-01,5.666786113213008180e-01,7.976294747254001338e-01
