0.000000000000000000e+00,8.442354310805852968e-01,8.898142617045821101e-01,5.407836518667865633e-01,6.091710879475705775e-01,2.975609237453021860e-01,9.979700118270184994e-01,9.404041700974710150e-01,9.458061725421185173e-01,5.893813535618246391e-01,9.095287503243988381e-01,7.671431153737354736e-01,8.570251820765535378e-01,8.856323700415829059e-01,1.345745538243572348e-01,4.940820531159968998e-01,4.218692565434029595e-01,9.179463175403971276e-01,6.488628061176766604e-01,9.695788358585856193e-01,9.542541718471220236e-01,5.310737474673375980e-01,8.494435672253430880e-01,6.563486765714942051e-01,8.040486936694635212e-01,7.043710988146392182e-01,9.953773365327992506e-01,4.322259507709618198e-01,7.707179251760669647e-01,1.582169740294484817e-01,5.736486352327876403e-01,7.313318435443096899e-01,9.835124693190953060e-01,6.663404578393616884e-01,6.221026645778255926e-01,3.763264167519215775e-01,2.154510380006606218e-01,6.112563050221673233e-01,4.462515575981630955e-01,5.712043084804181436e-01,2.213439958098943061e-01,8.462846265643783061e-01,8.839390406914788834e-01,4.822762673155647217e-01,5.837811431352918357e-01,4.230154690497527348e-01,8.137412719434646835e-01,4.345652726839008828e-01,8.104068650631147674e-01,6.216833988923010645e-01,3.939367591670439595e-01,7.907034176663018110e-01,7.396041384843926592e-01,4.567650672459965810e-01,6.630953088105400184e-01,9.962581709602109648e-01,4.759704892879605409e-01,8.366034129994892599e-01,9.505343311611091917e-01,3.085930760320313437e-01,4.108529322420290675e-01,4.252955552036199460e-01,4.304056983085936539e-01,8.188001819057733055e-01,9.017685393438273911e-01,4.265774742544509168e-01,3.778157033062828907e-01,6.147445663598862797e-01,3.202061776632132428e-01,2.384775190068312567e-01,6.932564127350790972e-01,-1.358250295834118049e-01,5.516193847358434876e-01,6.635297679904188228e-02,4.237363994841973347e-01,6.047701498710946755e-01,7.580732881457602490e-01,7.506221030337359990e-01,2.470308417350852159e-01,4.676634777427517847e-02,7.189505434649137161e-01,7.216580010453916838e-01,6.861642722427356844e-01,4.388539134962732291e-03,7.441253434272744327e-01
8.442354310805852968e-01,0.000000000000000000e+00,4.647328182487592274e-01,9.794972160320385424e-01,4.332994121061815029e-01,7.268668820544973430e-01,7.289209236906801781e-02,3.606102220166315098e-01,3.841566281047289477e-01,7.753832621506987488e-01,6.174821552826831317e-01,3.917018441472348567e-01,4.807141822462901448e-01,9.742224876543458256e-01,6.938868338444418304e-01,2.783841288522084234e-01,4.931974256946694557e-01,-1.732259722541134583e-01,5.786466474990259456e-01,8.884421043402366269e-01,3.102370198419496239e-01,5.596251748052760711e-01,7.870335304467247495e-01,6.771612339186003915e-01,2.177883580980572442e-01,7.533173801616301901e-01,7.788159075844580670e-01,5.906007177922446560e-01,7.176407555059149956e-01,1.684646482594096550e-01,4.055955891587220141e-01,3.861196898882811035e-01,6.585503002973096542e-01,6.077368130581395356e-01,6.438526710210776827e-01,6.655355048589153277e-01,2.028050487406123092e-01,7.830498687102680488e-01,8.790923367308388636e-01,9.717377307631475114e-01,6.891616081574677422e-01,6.106939999584414247e-01,7.492684659237844880e-01,5.164639961001742385e-01,8.810254493262954512e-01,5.080740635364396907e-01,6.103289372105151767e-01,6.053259446521913612e-01,5.266963069138556053e-01,6.102001361819622272e-01,8.546395330491693976e-01,8.025792398064807154e-01,3.411923521500012102e-01,9.781951422861606682e-01,3.432804878432181850e-01,9.441474587475753300e-01,4.197502150651278852e-01,-2.972039642081366617e-01,4.017089529531890912e-01,1.277990380516536018e-01,4.281309632115109509e-01,7.424313140230882624e-01,4.888737306998800491e-01,6.987562495571512100e-01,4.580141270750329174e-01,2.909802567743997592e-01,7.545827110933813753e-01,8.219286181490946808e-01,4.409065807911938806e-01,2.040967860837207826e-01,9.421936596053092083e-01,6.709459230494666526e-01,3.582723291977101265e-01,7.680995292586394463e-01,7.888702037888528640e-01,-1.523593089216764285e-01,4.572109473661253864e-01,4.285211639501271819e-01,6.119660249873023483e-01,-2.416128575018733904e-01,2.990016142924454834e-01,6.759127534339517407e-01,6.171768071710519443e-01,7.739329826653202904e-01,6.644947100549705166e-01
8.898142617045821101e-01,4.647328182487592274e-01,0.000000000000000000e+00,7.569623742052846715e-01,8.229229301905093275e-01,9.210610196291159069e-01,8.847278465408447978e-01,6.705765661069003070e-01,9.261834467293929007e-01,6.211063706731626555e-01,9.959723690359727488e-01,6.735314365604815334e-01,6.662592982890760407e-01,8.625379436714174508e-01,7.731348122051151517e-02,8.764934573636613546e-01,4.108683861808350435e-01,6.027917448788568944e-01,9.829936941809622741e-01,4.269652996749713769e-01,7.891926119733241318e-01,1.358179480977339537e-02,6.210679975609745274e-01,6.185122513096922292e-01,8.694856530941925676e-01,8.003376284705241428e-01,2.766295943300271509e-01,9.647330899345502031e-01,9.104642686128600060e-02,1.246420547145862950e-01,2.050306976945519555e-01,5.954228310038055527e-01,9.043806131339956478e-01,7.026722975058365961e-01,8.764063477002941305e-01,6.827512403262137042e-01,5.861022218593127109e-01,9.247138869605413536e-01,5.554846900383610953e-01,8.530548613227320054e-01,5.344109273360246881e-01,8.839748735783029554e-01,6.308807061087371437e-01,7.634967917472039733e-01,9.036885120890087997e-01,7.334979375254971901e-01,6.129353522827158951e-01,6.101663031026239858e-01,2.386513104976173139e-01,5.038438115546004514e-01,9.190107183065248098e-01,6.317570285644801276e-01,8.538169412492183641e-01,6.773649041733356135e-01,8.277348318137836003e-01,8.342280564523963937e-01,8.002737225957710088e-01,7.968610568976006725e-01,8.620928401660208351e-01,7.468732758776471803e-01,5.613127980148506779e-01,4.869952787238179259e-01,8.030680226048096948e-01,9.702610287958373103e-01,5.779850179706057522e-01,7.330255774914767875e-01,6.459420038127310359e-01,4.166648660625679734e-01,9.473694378524226689e-01,9.236107460856148865e-01,9.397638971660293716e-01,6.147030639667480090e-01,2.619857510926475452e-01,2.173091158073882645e-01,6.304073012117056285e-01,7.216272453444037005e-01,9.964351022297996963e-01,6.024727125587623355e-01,4.650602201682865200e-01,3.022045106904095446e-01,8.142650661677102164e-01,7.429862731425204148e-01,7.860766106524128549e-01,6.438668724448239900e-01,6.955977821008414441e-01
5.407836518667865633e-01,9.794972160320385424e-01,7.569623742052846715e-01,0.000000000000000000e+00,7.726500737467043578e-01,8.253752349815042244e-01,6.791198004640309760e-01,8.590264607568210975e-01,7.069591420622644007e-01,7.584466995375519494e-01,8.842342038362679402e-01,4.713994350501674591e-01,3.886909836957342379e-01,2.436734381045455311e-01,6.589636720635858591e-01,8.202116496393140332e-01,9.043860708187203556e-01,3.695461558974642013e-01,6.505173532002721526e-01,1.504675530346590850e-01,7.340357714140895995e-01,8.231804359327399290e-01,6.897277083216212246e-01,4.292489116949479988e-01,5.132274171816078034e-01,5.338490719988058242e-01,9.517530631439408140e-01,1.405136492632804712e-01,4.831340054057313704e-01,7.859311587521267128e-01,5.040366618008486066e-01,4.950438682615264652e-01,6.878732920444274868e-01,7.833645239284232620e-01,5.651831729171774565e-01,4.613611865184510386e-01,4.013128114100109611e-01,7.690534600007401522e-01,4.294543567965634634e-01,8.048578125611863809e-01,4.220262889004461337e-01,9.030174246829771878e-01,8.436049230502302709e-01,7.422125464685525031e-01,7.033615807313775559e-01,5.854937144732337284e-01,5.936958566311676400e-01,9.373764541971150166e-01,5.213996998076778078e-02,4.870060987466184876e-01,7.838808088035102983e-01,7.840816810624769984e-01,4.332537730602229464e-01,9.365994781578004247e-01,6.208282476205018163e-01,3.775286136218141686e-01,5.874623123175021222e-01,7.998793263997099334e-01,8.108659555567675481e-01,5.156803048305198534e-01,3.438837147109267134e-01,6.417843689230789961e-01,7.591338013476347513e-01,4.966925822166811111e-01,5.720599945235818051e-01,9.018067613439398889e-01,5.636094870057936079e-01,4.682357052929865260e-01,6.131194611314577658e-01,4.112613992513560746e-01,5.441223987020994413e-01,9.873823580089458041e-01,1.181385084488177917e-01,2.796916784353566388e-01,1.874148117108882239e-01,5.029966778945014205e-01,8.508962155929185034e-01,3.916338124383035857e-01,2.020530213353714244e-01,4.400867554102465551e-01,7.917811782021900724e-01,8.382127357025650483e-01,9.309237849429536915e-01,5.869638992603065653e-02,9.831171187780568532e-01
6.091710879475705775e-01,4.332994121061815029e-01,8.229229301905093275e-01,7.726500737467043578e-01,0.000000000000000000e+00,2.684487487291948860e-01,7.138051693323822500e-01,5.661277711773141652e-01,7.729193957144949723e-01,9.134551982808088999e-01,9.533148900307786278e-01,7.934770711099354834e-01,6.156763725227730744e-01,6.869484500195992549e-01,4.531508027912247716e-01,6.264811773363284653e-01,6.848411252438060259e-01,6.735295499066609182e-01,4.207981084288949791e-01,8.136290886489709884e-01,8.582866907114349297e-01,2.168195398868536516e-01,4.588958397893132535e-01,8.721246832664950599e-01,6.644399264102273106e-01,7.236232480854076776e-01,2.478485854792538690e-01,6.920843986907623258e-01,2.490552029135740253e-01,1.315724501939151969e-01,3.471332718515713345e-01,3.263880658221742642e-02,8.830584885802038597e-01,8.212521963989493079e-01,4.743914250591240722e-01,1.874740691831686124e-01,5.204566575390117550e-02,3.109234397710486375e-01,7.215986512535874642e-01,1.460965841523808040e-01,3.040773514036956282e-01,8.748527392801479508e-01,9.670429833512416140e-01,8.994086456718026756e-01,7.172769744739762032e-01,6.019092472978896380e-01,9.222252139688592587e-01,8.718748028506551062e-01,3.539430224286607141e-01,4.865583596048038140e-01,8.350860329159843776e-01,2.056347841069656457e-01,8.699577292176039478e-01,3.272338468873052797e-01,8.364157541475376600e-01,5.536391977771569772e-01,6.541458315369375054e-01,7.183404053883442053e-01,8.806547755031320923e-01,1.281178466965487983e-01,3.640135346270308991e-01,3.494299892521633977e-01,6.713263062151865190e-01,5.689050097582859511e-01,8.784774299009040499e-01,4.991081728621384883e-01,7.412175190784233703e-01,9.226549558144880869e-01,4.155663527343576025e-01,4.814215646387004499e-01,6.201968891353975000e-01,6.899098885235747103e-01,2.182843687971420255e-01,3.322565072597064573e-01,3.466130138628016610e-02,7.629981569673620623e-01,2.064609016446448952e-01,3.683693502401896858e-01,2.252054089337076626e-01,2.300593959752776640e-01,5.255494745878031004e-01,7.450306994917019754e-01,8.028367247615559865e-01,3.087452039130330061e-01,4.895351204685699509e-01
2.975609237453021860e-01,7.268668820544973430e-01,9.210610196291159069e-01,8.253752349815042244e-01,2.684487487291948860e-01,0.000000000000000000e+00,5.965668228590162991e-01,1.774767809601503488e-01,5.793557334281512761e-01,5.141116123509056335e-01,6.968386810728443015e-01,4.742492028758685252e-01,3.726224002145687164e-01,6.469034134638681488e-01,4.761642123801826387e-01,7.904593692403665273e-01,8.574167210682607232e-01,6.712280968560502270e-01,5.535121675453203993e-01,3.682989689166386027e-01,8.717598155525980719e-01,2.921892883744705016e-01,4.643367065152906314e-01,9.283141545384203663e-01,5.276927801931027284e-01,6.962830997495517149e-01,9.911234485283009210e-01,5.303741425763838224e-01,4.647132854561550896e-01,1.471478462633016571e-01,5.967903247713739479e-01,1.236613529770918679e-01,7.896421411572888127e-01,1.137513777734004555e-01,6.910522670268153256e-01,4.693427073357854806e-01,4.096382679128112714e-01,4.731420805788519868e-01,9.082530433458101404e-01,9.370969892301045379e-01,3.354791978809886777e-01,3.855015408565894974e-01,4.393181246984492749e-01,1.717471822882667698e-01,9.072707124939960455e-01,8.336997292978940433e-01,5.974434272520365852e-01,8.767337639972125896e-01,9.918122193418750232e-01,7.659876963887736201e-01,5.996328293022792355e-01,9.890277329811278939e-01,6.947431322528235809e-01,6.504924837882806177e-01,7.048170476129395068e-01,5.621156449835755797e-01,7.564655394503102537e-01,1.328337093339631847e-01,7.794278419500112465e-01,7.216398407024786354e-02,4.676468396625153567e-01,2.968326104541731403e-01,6.072338435891819763e-01,9.327254790732895096e-01,5.503404675027789850e-01,5.038346547011701704e-01,4.358747798708644261e-01,4.618562238036829082e-01,7.930326509311552696e-01,7.117218369984251725e-01,6.069714910231097660e-01,6.484804122963701012e-01,5.685089407197598810e-01,-1.305206152701370859e-01,6.653357300793403262e-01,8.490205920453935962e-01,9.344829666266483148e-01,2.025588179401115185e-01,5.182455457889032502e-01,3.152571062110717248e-01,8.897439240582719622e-01,8.434753142927882141e-01,6.764851757554511957e-01,4.670706699775794557e-01,6.603047949494674773e-01
9.979700118270184994e-01,7.289209236906801781e-02,8.847278465408447978e-01,6.791198004640309760e-01,7.138051693323822500e-01,5.965668228590162991e-01,0.000000000000000000e+00,1.451414200204197980e-01,7.667342207841262303e-01,4.737093957055753535e-01,7.404362349348296846e-01,4.971394844028673154e-01,6.165874203487923255e-01,6.622815826248117377e-01,1.654306669458477375e-01,4.349195907576803855e-01,6.854019176698560034e-02,5.408613844358450828e-01,5.586994722491158694e-01,6.590620202274261041e-01,8.500835428287764062e-01,1.278037717537179041e-01,7.111465501868147188e-01,8.539641034456748603e-01,5.446502909171823115e-01,7.475125969457920849e-01,5.103847683994177098e-01,-1.090597173072478387e-01,1.469690512210132249e-01,1.124262669390508479e-01,4.028177233316760364e-01,4.252519851944624452e-01,7.264924990692227524e-01,7.373510210928313491e-01,2.503671785391103910e-01,4.303588625435431081e-01,4.855139349185464415e-01,4.721373629240074310e-01,4.416487219657940222e-01,5.386399904851054687e-01,2.515565596861045194e-01,1.239317520726650537e-02,6.785731395874537997e-01,7.423660727835404982e-01,3.119334827146929556e-01,4.044467632514741062e-01,7.078052815976697554e-01,1.383317919824529063e-01,5.752270450656022938e-01,5.525548927080820016e-01,4.791537874127249630e-01,5.678579242925038129e-01,5.555477904855575799e-01,2.241460076689363867e-01,5.366053856085696294e-01,6.019045635279385298e-02,7.324555073240368586e-04,5.958409305621086699e-02,5.232065227570531496e-01,5.734557643782858261e-01,5.252080533301412002e-01,7.773404749154907423e-01,4.189335198665837257e-01,8.733053695717768461e-01,7.724466513498049469e-01,4.585840800533240169e-01,7.405822183178912832e-01,4.276602490317057415e-01,2.897445767209014256e-01,4.050586144043745729e-01,6.408027941456947429e-01,6.913414541022216975e-01,5.707198043951184907e-01,3.175118088109869507e-01,4.578221809612466608e-01,6.605901667952285283e-01,2.405349951868090419e-01,3.655150043776812518e-01,2.091261532578387317e-01,2.417773605248964564e-01,7.588164034310120876e-01,9.898234014994173879e-01,4.962074415988425580e-01,4.698098767285495692e-01,2.531688986465553404e-01
9.404041700974710150e-01,3.606102220166315098e-01,6.705765661069003070e-01,8.590264607568210975e-01,5.661277711773141652e-01,1.774767809601503488e-01,1.451414200204197980e-01,0.000000000000000000e+00,6.195706992592673323e-01,3.929318347400059253e-01,6.543942868556665848e-01,6.167756662373732324e-01,4.950019530737376772e-01,9.347855426606286322e-01,2.274047916404418612e-01,6.011024660983440571e-01,5.590731000081953228e-01,6.837342696810571052e-01,7.112958234139081792e-01,9.880802214586041909e-01,8.743262727094595066e-01,6.901772216226099710e-01,6.617505558789481546e-01,4.311267097271421767e-01,5.276543871482427539e-01,6.371660404409650313e-01,9.553560396086704376e-01,4.321211039075213423e-01,3.064575094087045315e-01,4.829574129037533109e-02,5.345617367399402298e-01,4.493714028801523708e-01,9.509832755858798059e-01,1.495796060204817313e-01,6.269941228482898143e-01,4.670110736551232877e-01,1.302091327520697728e-01,5.632165422060192439e-01,9.443852821733805802e-01,5.335306888105857404e-01,-1.500159789344273353e-01,4.307497847817114422e-01,4.313346741230557058e-01,6.287414446705312521e-02,7.644269552525464473e-01,8.471255968010398263e-01,4.954545688624423239e-01,5.702360710996089432e-01,8.956978759803343459e-01,7.393490664469701823e-01,4.335417281150414914e-01,5.392165725040801716e-01,7.598773074126612403e-01,4.546690594811415576e-01,3.472813745694838250e-01,2.842923939447464243e-01,6.936738334346631563e-01,8.433397424617358196e-01,8.850314099838814119e-01,4.526106668653996912e-01,6.743707676436192511e-01,4.816650169059762954e-01,6.384985817404019715e-01,3.741895269871579055e-01,6.141737469650401238e-01,7.265731970866595724e-01,4.231287030207023236e-02,8.368876836716534484e-01,6.270516032512002402e-01,9.767990069277991960e-01,2.990355908968408971e-01,7.582166619704419075e-01,2.207225532328695450e-01,4.364243052205156737e-01,5.367102825257393794e-01,3.063093606586862055e-02,4.924314623025055071e-01,4.902999863791180357e-01,1.651724683786036652e-01,3.858685452041161756e-01,6.310958546941656255e-01,8.732081842829065854e-01,7.444077085142448702e-01,2.148306532763766263e-01,5.326870752879130366e-01
9.458061725421185173e-01,3.841566281047289477e-01,9.261834467293929007e-01,7.069591420622644007e-01,7.729193957144949723e-01,5.793557334281512761e-01,7.667342207841262303e-01,6.195706992592673323e-01,0.000000000000000000e+00,7.844381150298025407e-01,4.082342677455149671e-01,3.580926829331422256e-01,6.025429074593626755e-01,7.096825412671409206e-01,2.699455782934767623e-01,5.681816486178213887e-01,4.530264157158210292e-01,6.033375923606509872e-01,8.864411927608495390e-01,7.544990889894209740e-01,8.506099588189779404e-01,3.994858824064826397e-01,7.852326637372850637e-01,8.124477273429848712e-01,4.801737396317383166e-01,7.248378780320575698e-01,6.788000380703599346e-01,7.961081225654961235e-01,4.479388464138709947e-01,5.315493678130709387e-01,5.228361346561586354e-01,-4.619303618755632446e-02,1.083353474957088336e-01,3.009905399699693285e-01,2.861040398130968998e-01,4.064277112550069293e-01,-6.787322251695906972e-02,5.751899354420196842e-01,4.164972763678520540e-01,6.390326308712073189e-01,5.893564165808173883e-01,5.491382945327146770e-01,6.081145010291895137e-01,5.463166810306663290e-01,2.225616338562000363e-01,7.447251907402387960e-01,3.536735926094801696e-01,5.017431046504646774e-01,6.269222417397397606e-01,7.902056233091314663e-01,6.068848559638265749e-01,5.461270843990884138e-01,1.780931473774125806e-01,4.176435869588097094e-01,4.995473723386119058e-01,5.860484052757786166e-01,5.283926453104150767e-01,8.194237174148074621e-01,7.851724181130690372e-01,6.748909055042154881e-01,4.843990440387873075e-01,7.532516266240854019e-01,5.508079508516765532e-01,8.112604610300370167e-01,5.824916876687116218e-01,4.343354047019325481e-01,3.992015582581842637e-01,3.262470458937083428e-01,5.551016149010550293e-01,2.911824228163921169e-01,9.964020975381500111e-01,4.476720907624754386e-01,2.310385013931680054e-01,5.330794016497526489e-01,6.880559375894436114e-01,5.171755716223102040e-01,9.943507984596094973e-01,4.247788363358002695e-01,3.938652290086726293e-02,3.911802301042812680e-01,7.317420168734112274e-01,8.935139381947748705e-01,7.874048241674702631e-01,1.930064172230294695e-01,3.227579336920226583e-01
5.893813535618246391e-01,7.753832621506987488e-01,6.211063706731626555e-01,7.584466995375519494e-01,9.134551982808088999e-01,5.141116123509056335e-01,4.737093957055753535e-01,3.929318347400059253e-01,7.844381150298025407e-01,0.000000000000000000e+00,8.092522559542482119e-01,6.580436893793821795e-01,8.410574291207533193e-01,4.905520636320904182e-01,6.784288825948971979e-01,6.115252314074069995e-01,4.275332797037934562e-01,4.323975774271507921e-01,7.566802334795632579e-01,7.769449589837360559e-01,6.114224395326153250e-01,6.387454206500040588e-01,3.236053637604641708e-01,7.417743241743687266e-01,5.021129327246768304e-01,7.634578284119026836e-01,7.449597419728799519e-01,6.858005760885259594e-01,3.053443054694346404e-01,2.245657791796361880e-01,5.180974162930327420e-01,4.159868314118455590e-01,4.920661497907681814e-01,8.662730455509908278e-01,5.325069290150061807e-01,4.474783816699505756e-01,2.670435182846748190e-01,5.860862816130800734e-01,5.745142976106311083e-01,2.229597493401527242e-01,4.413934014560393915e-01,7.422957550440707764e-02,6.760795526459655314e-01,8.382671551370830809e-02,5.077608451833578451e-01,7.606632246159389377e-01,6.559628363272418383e-01,6.224668141052732695e-01,7.757882096950968753e-01,2.199030498920049870e-01,3.710742247525707083e-02,9.811697464428628113e-01,6.542454078383148630e-01,5.522143936298674616e-01,8.301286165880704671e-01,8.235436277264973626e-01,5.030055564078356189e-01,4.226210488268532517e-01,7.515197318598947351e-01,2.910540320908348022e-01,3.904090628608274383e-01,1.964441500438483534e-01,7.031909830424620811e-01,6.545501877147481551e-01,8.193305913933957019e-01,4.200232592587800351e-01,4.918917865803572598e-01,9.749224917307823812e-01,7.180515467763823878e-01,8.033555251202336711e-01,8.611627034891410348e-01,7.397783140508118471e-01,4.590075811070666312e-01,3.061444771795683861e-01,7.986893420731375759e-01,4.986991884797916663e-01,8.034125437009934645e-01,5.851636134825860536e-01,2.160134516406962690e-01,1.559973329216739549e-02,5.660762263219504264e-01,8.162036388132838383e-01,9.159398840265572384e-01,4.499980702337949556e-01,9.845074054622199311e-01
9.095287503243988381e-01,6.174821552826831317e-01,9.959723690359727488e-01,8.842342038362679402e-01,9.533148900307786278e-01,6.968386810728443015e-01,7.404362349348296846e-01,6.543942868556665848e-01,4.082342677455149671e-01,8.092522559542482119e-01,0.000000000000000000e+00,5.746961610093592743e-01,5.800420390016738370e-01,6.215855456436338855e-01,7.983139062555530963e-01,7.289919732839553745e-01,9.642654757202192561e-01,7.571566825624327368e-01,6.738979204184110117e-01,1.133570676758536983e-01,9.578908271494093185e-01,1.003972637545566537e-01,6.667921593136203473e-01,4.734945312792674388e-01,2.638668453630985677e-01,7.635324184198666320e-01,8.759194713153337641e-01,-1.592158835228559000e-01,4.170185863612442256e-01,5.972963520433716145e-01,4.669667345599000097e-01,5.252026869860055847e-01,6.941978433112167002e-01,9.234931499484022588e-01,7.729614890362421775e-01,4.727127265582284910e-01,-1.542308789631186561e-01,5.337057635904089992e-01,8.100503879577953814e-01,7.625565590994010101e-01,6.262110918979710839e-01,4.763132048256732420e-01,3.328393518044017174e-01,3.518802559211958725e-01,8.789870592719986053e-01,6.593894031219147411e-01,4.523397681976168427e-01,6.057271163530172364e-01,5.017777852751703627e-01,5.975170194755514697e-01,4.764508890683564757e-01,6.354433827267919055e-01,6.182598345287886321e-01,8.833626044999688398e-01,6.835143111306895003e-01,6.571193044064147504e-01,4.307875338697835788e-01,3.131027721163197053e-01,7.133005526320109757e-01,3.331777975901816236e-01,7.314460520761972839e-01,8.752868990022079076e-01,8.690795634163800409e-01,8.693867347006092317e-01,8.622743948689094440e-01,3.547375435665049981e-01,5.185485960004676542e-01,6.938644966007214698e-01,7.790611411734219560e-01,5.288409680953853886e-01,9.532822084843407540e-01,5.810858151630469148e-01,7.439746404624338894e-01,2.824443202754373106e-01,7.734376853253616124e-01,5.019550235256512449e-01,8.175842040315938961e-03,2.910103195509125551e-01,3.904348122599835547e-01,1.166167405564906973e-01,4.727283294812489878e-01,9.725111064895813895e-01,4.247666407399045552e-01,5.761384899933436055e-01,4.577605638194787718e-01
7.671431153737354736e-01,3.917018441472348567e-01,6.735314365604815334e-01,4.713994350501674591e-01,7.934770711099354834e-01,4.742492028758685252e-01,4.971394844028673154e-01,6.167756662373732324e-01,3.580926829331422256e-01,6.580436893793821795e-01,5.746961610093592743e-01,0.000000000000000000e+00,8.936632088559953724e-01,7.425861140209877309e-01,6.411486387505851425e-01,3.598437925932823633e-01,5.019651110476167633e-01,6.329787717178784190e-01,6.177816713359864931e-01,7.055409962696457260e-01,5.564097530160909688e-01,7.248298881988921583e-01,5.661861907026928264e-01,7.739795062678678228e-01,5.926012636273072509e-01,4.777138309204198574e-01,6.744207047892369911e-01,7.137330513755745232e-01,8.898803489916258525e-02,1.212734599481274378e-01,2.624523063007067059e-01,6.592394304301510966e-01,7.711551442581013882e-01,9.307666368466381845e-01,4.217027558160786893e-01,5.930746334904292150e-01,4.433154500884128324e-01,7.546906254620145971e-01,6.759304187466783631e-01,7.114747329022479416e-01,9.327030188081901763e-01,6.119652130524977363e-01,2.102921197643378703e-01,-6.257019458036236492e-02,9.650114561355348508e-01,5.592290739806805577e-01,6.592984899357792195e-01,9.051038561140414274e-01,4.289480951190389746e-01,5.268062024386694908e-01,5.651392624684851151e-01,7.380077710728401019e-01,6.381410947483783236e-01,7.731174839424170830e-01,7.827329931323060430e-01,3.373523381747828287e-01,4.478805542666347006e-01,3.612544507309440878e-01,4.778420234739753636e-01,1.282639196110730850e-01,5.430631519928212914e-01,7.383964766989300488e-01,9.112340774908426200e-01,7.891462749184101622e-01,7.602837221284768354e-01,2.674880463365739702e-01,6.527651855154041893e-01,8.101911874816178916e-01,6.914905281004628534e-01,8.052859437414650046e-01,4.006742799030059698e-01,6.165162684435866458e-01,5.604703331392753007e-01,5.534883940270511893e-01,6.918271455564976025e-01,2.442562054499839708e-01,3.244220834226532180e-01,2.696203938914873421e-01,5.979854372558575104e-01,6.017694020996621207e-01,4.592837140554208442e-01,9.936661766276027041e-01,2.990390538705504087e-01,7.095320767251118710e-01,7.336339463143090045e-01
8.570251820765535378e-01,4.807141822462901448e-01,6.662592982890760407e-01,3.886909836957342379e-01,6.156763725227730744e-01,3.726224002145687164e-01,6.165874203487923255e-01,4.950019530737376772e-01,6.025429074593626755e-01,8.410574291207533193e-01,5.800420390016738370e-01,8.936632088559953724e-01,0.000000000000000000e+00,3.628512546558804175e-01,6.240546110052503925e-01,9.438648633900351692e-01,7.423658792471327095e-01,7.985126591426177090e-01,9.880553077950594565e-01,7.861588509398617086e-01,2.363239581957113644e-01,4.090062425756598175e-01,9.058678436379522525e-01,9.348606751160490891e-01,4.559747489865095815e-01,8.530674218000352527e-01,7.712209842713568797e-01,4.426307366213391714e-01,5.333083337163437854e-01,5.654350728847553631e-01,7.134096799347606765e-01,6.552743238781212343e-01,4.030559478381627869e-01,4.236983528488451611e-01,5.024219760154547965e-01,5.955668962579353520e-01,2.475989433568620557e-01,6.719003096925630913e-01,5.030042611849374623e-01,8.104118773443114154e-01,7.864455748859191520e-01,6.192099015406331564e-01,9.568673366748072784e-01,9.332505551098344565e-01,9.931913102604883470e-01,9.349809196289379232e-01,6.240551490202831397e-01,5.386342291823846828e-01,7.691953635407450252e-01,2.145412680171462638e-01,3.806398707239955301e-03,4.058077467949435246e-01,7.827056868718709204e-01,8.477685994166145322e-01,6.416298992665696588e-01,7.316544187151897694e-01,7.068359401859627411e-01,9.534079023257665542e-01,6.609244740427794307e-01,2.030571592790242907e-01,1.492034346081182183e-01,9.420538326486078695e-01,5.785437546156591004e-01,6.704673834487676620e-01,7.931132007502592618e-01,6.182431577703317860e-01,5.211195990317045723e-01,9.534445440828964724e-01,3.527546956987896998e-01,8.256490801471901841e-01,5.487789818429329447e-01,6.733446456081090270e-01,-1.625480921441979365e-01,5.340388917323292128e-01,4.498558244016456764e-01,9.231556765295075850e-01,4.494482398008116664e-01,4.046099715778115891e-01,3.373692384478539363e-01,7.616528547146586559e-02,6.612354434618503696e-01,8.870963319859858087e-01,4.930824889262789279e-01,3.319334804313003318e-01,6.106573944526253461e-01
8.856323700415829059e-01,9.742224876543458256e-01,8.625379436714174508e-01,2.436734381045455311e-01,6.869484500195992549e-01,6.469034134638681488e-01,6.622815826248117377e-01,9.347855426606286322e-01,7.096825412671409206e-01,4.905520636320904182e-01,6.215855456436338855e-01,7.425861140209877309e-01,3.628512546558804175e-01,0.000000000000000000e+00,8.007108016089902192e-01,7.810869421452221184e-01,8.898829912763840388e-01,9.567246703273774022e-01,5.533988703238765794e-01,9.659290333357519742e-01,6.299966526203636397e-01,4.231419586944466515e-01,5.495920906793521077e-01,8.743248105830361272e-01,1.923766964879063471e-02,7.442336471621430194e-01,7.708639033960924536e-01,1.646634569773995915e-01,4.302071692118385471e-01,4.530773758491538072e-02,2.184087471762537203e-01,7.620466722376610935e-01,5.091137494909901973e-01,2.317505987385119481e-01,6.027528642353988664e-01,5.410134781337597731e-01,6.687784750176208881e-01,6.828689263909853979e-01,6.970183756460336388e-01,8.576101945961850381e-01,4.695087408435010268e-01,6.312275030965421863e-01,8.302553474759100105e-01,6.757499705661439426e-01,9.776032759568794583e-01,4.101091981143240028e-01,7.273512429698557602e-01,8.224480588243984203e-01,9.224793400711025493e-01,5.766085015377454548e-01,7.679304338815061692e-01,9.108690819279661177e-01,6.662619841908277163e-01,6.167903024381461430e-01,4.334946755628258375e-01,7.734085464878109883e-01,2.901811743549301270e-01,4.370352048774996945e-01,5.749261839781605321e-01,2.010543840734010101e-01,6.088593611916717219e-01,4.484967258292167913e-01,9.523750774713902745e-01,7.945839478265880329e-01,9.395564226061499102e-01,7.029140117317784764e-01,9.185564061903427058e-02,9.507791150999167495e-01,3.330070952532435125e-01,4.221220957191010315e-01,9.454228670734022427e-03,9.126919759290483825e-01,6.622503556705452432e-01,1.160259985826980061e-01,4.193080764261524762e-01,6.266685374416050003e-01,7.961863118686164364e-01,9.318308155945099758e-01,1.028095265046433254e-01,4.545828797953341271e-01,5.556417434577644032e-01,4.383717015837450548e-01,6.825907441751960514e-01,4.881573886533399631e-01,7.766892819548106841e-01
1.345745538243572348e-01,6.938868338444418304e-01,7.731348122051151517e-02,6.589636720635858591e-01,4.531508027912247716e-01,4.761642123801826387e-01,1.654306669458477375e-01,2.274047916404418612e-01,2.699455782934767623e-01,6.784288825948971979e-01,7.983139062555530963e-01,6.411486387505851425e-01,6.240546110052503925e-01,8.007108016089902192e-01,0.000000000000000000e+00,6.636240955474623782e-01,6.482920445082707150e-01,5.518710096176605573e-01,7.862714368076013649e-01,2.278121514385160196e-01,7.904170267383134885e-01,5.000818370134783031e-01,6.052546527002042875e-01,7.263393325057221350e-01,6.522337811667537899e-01,4.528261106614419607e-01,6.016163399729171912e-01,1.713269045261372192e-01,6.894787752564293104e-01,6.571005771672844276e-01,1.291579309445694060e-02,5.482691194275826074e-01,7.144414118813499082e-01,6.361306423641025498e-01,7.802127298862404636e-01,7.900293444662254139e-01,2.325870226489406556e-01,6.472617011240247020e-01,7.016895930417235139e-01,5.329835487634624336e-01,4.595096563802573697e-01,4.510900743797017359e-02,2.678655659602606764e-01,4.918612048748098320e-01,4.242857769422454517e-01,8.713554530514875385e-01,6.636812944054224506e-01,8.245775833084668660e-01,3.631233472319577160e-01,4.607551420830399702e-01,4.792014292298306666e-01,2.709650447719956223e-01,4.046186087020360311e-01,5.551195023440741450e-01,5.423775921710753956e-01,8.518919909618909436e-01,7.429634554460670115e-01,4.838203497985615331e-01,9.952582419831805804e-01,5.468812909579876536e-01,7.977970385836041789e-01,6.341126026529922965e-01,1.383085678377126704e-01,7.191218974446791368e-01,6.650502626331522560e-02,3.877668268910720584e-01,1.386123673741188334e-01,2.161880930547636914e-01,6.049167917628696101e-01,-1.349173654980739823e-02,5.485481899057522703e-01,5.313249572485385652e-01,-1.199202168224957621e-01,4.319041136826335392e-01,5.306350413090638041e-01,3.982665693969106302e-01,3.074309060602511412e-01,6.383983025641351006e-01,7.162734264356607206e-01,5.147446388795884342e-02,5.347332272289989641e-01,2.217634329704787632e-01,3.767126503759405942e-01,3.898357404011836280e-01,6.787665363789341377e-01
4.940820531159968998e-01,2.783841288522084234e-01,8.764934573636613546e-01,8.202116496393140332e-01,6.264811773363284653e-01,7.904593692403665273e-01,4.349195907576803855e-01,6.011024660983440571e-01,5.681816486178213887e-01,6.115252314074069995e-01,7.289919732839553745e-01,3.598437925932823633e-01,9.438648633900351692e-01,7.810869421452221184e-01,6.636240955474623782e-01,0.000000000000000000e+00,5.741008713786929230e-01,7.633592528498946983e-01,4.755880094201648811e-01,8.488650434216097329e-01,5.982019973176417871e-01,4.403521775413830053e-01,6.595080647782226579e-01,9.970954772020754753e-01,4.560673043024345286e-01,5.419339882313372048e-01,3.914081984725023555e-01,7.498063293372210225e-01,3.867391048904916806e-01,2.919757509968559095e-01,1.462238795222747800e-01,4.527589782807635577e-01,2.650677002746654187e-01,7.095033896772182658e-01,7.537482030689215406e-01,1.913832650473475117e-01,4.221873383085757991e-01,4.609482439467880721e-01,5.278728492581282739e-01,7.431959126010296846e-01,6.627499025737981775e-01,5.542183424266651226e-01,8.265336275571362190e-01,8.889477853136479313e-02,7.362290030563476417e-01,9.972472139530312862e-01,6.743228410231911774e-01,-3.355699327770562124e-01,8.833850912535075040e-01,4.846203606895977400e-01,6.517750472114817173e-01,3.111310468991305700e-01,9.652234858468187184e-01,5.534549396405556987e-01,6.845775533405314972e-01,8.391279336793420196e-01,5.228274042533582744e-01,5.255320457194994077e-01,6.128840055337431147e-01,5.074568751990230497e-01,4.504793183614012597e-01,9.602262295861130337e-01,8.323078206155832826e-01,9.345962540918431039e-01,8.892002456872677429e-01,4.305926354228781783e-01,5.535012280935884821e-01,8.645364626425228183e-01,-9.300661407225652155e-02,4.524568569375254645e-01,6.820600403596877026e-01,7.894313399362797856e-01,5.864493723403000347e-01,-9.429556887410452115e-02,6.640094842589883140e-01,5.628525247951786659e-01,7.454135782835431545e-01,7.858577254558491987e-01,3.547693232766435667e-01,5.767696237030734974e-01,7.888604619395300777e-01,7.769879784593691774e-01,4.070627113198238001e-01,1.145706481764120349e-01,-2.704862842521689736e-01
4.218692565434029595e-01,4.931974256946694557e-01,4.108683861808350435e-01,9.043860708187203556e-01,6.848411252438060259e-01,8.574167210682607232e-01,6.854019176698560034e-02,5.590731000081953228e-01,4.530264157158210292e-01,4.275332797037934562e-01,9.642654757202192561e-01,5.019651110476167633e-01,7.423658792471327095e-01,8.898829912763840388e-01,6.482920445082707150e-01,5.741008713786929230e-01,0.000000000000000000e+00,7.635815711649697191e-01,9.115410406910384733e-01,6.268707097800262362e-01,6.744030989301539325e-01,5.065122893368220192e-01,8.533710990550402720e-01,9.237180172270516021e-01,5.212954899122383967e-01,5.837606642324537631e-01,2.987981404315553924e-01,5.745156833872608892e-01,4.022329755778767391e-01,4.578623336567390623e-01,3.377502221464918630e-01,4.658886324900433640e-01,2.042917964677988529e-01,9.886996576364130984e-01,8.256211625067041426e-01,3.112484053279989671e-01,2.871539558770005440e-01,5.566194799230466117e-01,5.161317719838927065e-01,8.474397778085769328e-01,5.029942256826664959e-01,2.737516150245639102e-01,6.152543917768907855e-01,7.239869847187224705e-01,8.698928988476497537e-01,9.890689629888220757e-01,9.299911729139036520e-01,8.856078784512210200e-01,6.801041596724929361e-01,7.937399425064954883e-01,9.610116539917978873e-01,6.830147692723138597e-01,3.561697468892473240e-02,7.940580728305315361e-01,7.852586970058197391e-01,7.860098457770294811e-01,4.448956485448917753e-01,9.192086561964040170e-01,7.694034247753421818e-01,5.188550721246513175e-01,7.132603928860092868e-01,1.753995359173748103e-01,7.607471528264018179e-01,5.217970669863274402e-01,7.089793259981713724e-01,9.851240618018052286e-01,6.881113817787125608e-01,8.916033042772451012e-01,6.247083301142538625e-01,5.938222675067952316e-01,8.651405090131311093e-01,4.671897694915109200e-01,4.967080920064294580e-01,2.812002418039495910e-01,3.810526429078310295e-01,5.569403735045582726e-01,9.811910965815597852e-01,5.882658925762155322e-01,2.946295816950237900e-01,5.195760897093653075e-01,6.532677213655211368e-01,5.187382824391679748e-01,6.710805914064572608e-01,7.828319344751992759e-01,8.783099221728700723e-01
9.179463175403971276e-01,-1.732259722541134583e-01,6.027917448788568944e-01,3.695461558974642013e-01,6.735295499066609182e-01,6.712280968560502270e-01,5.408613844358450828e-01,6.837342696810571052e-01,6.033375923606509872e-01,4.323975774271507921e-01,7.571566825624327368e-01,6.329787717178784190e-01,7.985126591426177090e-01,9.567246703273774022e-01,5.518710096176605573e-01,7.633592528498946983e-01,7.635815711649697191e-01,0.000000000000000000e+00,7.008188680890934386e-01,7.956528190863583205e-01,8.827809449367123307e-01,4.038525059851503229e-01,3.343288996316191586e-01,6.894060526648161380e-01,7.371660008387634910e-01,4.327149771220166197e-01,7.684358356821489044e-01,6.100517982968893804e-01,3.206048612747504079e-01,5.967950703444802052e-01,-3.155954454556822442e-02,9.476960977055374213e-01,8.066219197359651982e-01,5.966303017325380598e-01,4.432760958954359287e-01,4.915677794175234427e-01,5.053241023617359717e-01,4.358965502775122292e-01,9.296619467859792429e-01,7.557565023049087616e-01,1.946474570801793869e-01,7.684945536045360015e-01,7.046791970942685168e-01,2.985186179931734740e-01,8.287156157840130932e-01,6.402421935119183560e-01,8.014598449480846432e-01,7.194843373603286851e-01,7.880193642880548577e-01,4.367373918809823174e-01,5.631212440320043644e-01,5.772081969419243785e-01,5.564060069279072041e-01,9.061312730095896217e-01,7.537984859943527294e-01,8.315383975500838520e-01,7.239408874994179843e-01,7.822631969141253805e-01,7.879709307253559558e-01,8.203356019638448349e-02,4.516764772501906111e-01,6.580018631259797468e-01,4.299002126107291932e-01,2.885919138488918234e-01,7.273954350258888812e-01,-1.212265590287902456e-01,7.776190999432016637e-01,7.883447390597914106e-01,6.952062254032554955e-01,1.794618074074343442e-02,3.009837924895210071e-01,9.398838405877556479e-01,-7.131960749284210754e-02,4.466141219431890574e-01,3.457360662035660059e-01,6.334438954784988862e-01,7.624987389096369306e-01,8.124104110023173675e-01,3.276593506920091187e-02,5.911552660249898006e-01,7.306639038478491832e-01,3.865237546339035379e-01,6.864731115206350598e-01,3.502212369582548002e-01,7.888435526912074280e-01
