0.000000000000000000e+00,8.891252868653528596e-01,8.391510862691804462e-01,9.877450290081490891e-01,8.543318057838199531e-01,7.159945728813276178e-01,8.009530790132650679e-01,7.781831286072965481e-01,5.451877455419289475e-01,7.807687442164861213e-01,4.041952510855748026e-01,7.138147657738704854e-01,9.541609190994508882e-01,9.411117807640786426e-01,5.473875040445213003e-01,7.766537250336407183e-01,8.359948054194327183e-01,9.206339749147324225e-01,8.864476370739213795e-01,6.799519960585059808e-01,9.377227267115870735e-01,6.081965864746524675e-01,7.591948690575980319e-01,7.161149429881916717e-01,6.922181867325856164e-01,8.334000158268840552e-01,8.011789544339541491e-01,7.035983974015599385e-01,4.197615984645717280e-01,5.984754176014785987e-01,5.436828493130180240e-01,6.812748342298278192e-01,6.827117139835892079e-01,9.581293932839817229e-01,7.711875114109310037e-01,5.710588996693531927e-01,4.267014901142346939e-01,9.258340948959816741e-01,9.348442753161030350e-01,6.847410775075453149e-01,2.993336757624429634e-01,9.910190481858796030e-01,6.255715388037500491e-01,4.435860449900724256e-01,9.346320118824732459e-01,6.827873827617395586e-01,8.202337836083160028e-01,7.223766103688544771e-01,7.638287344094523146e-01,4.744719130789395445e-01,7.550254653305163988e-01,5.973567189949490208e-01,7.681533041316336297e-01,2.052202299937480323e-01,5.367314973484029750e-01,5.400485076855722211e-01,6.753586142910293910e-01,8.455937036338545543e-01,9.608561876472059282e-01,2.316156949222099859e-01,7.068418866244969845e-01,6.928406495735472959e-01,8.710023030857012571e-01,5.948055242129919318e-01,7.709324990666355237e-01,9.496822138335984098e-01,7.049995106489452823e-01,6.309897878449506337e-01,7.114418109050375527e-01,6.195395632933327068e-01,8.528893015523215659e-01,8.452770377404799085e-01,2.828534443046580860e-01,2.926601298028274067e-01,8.673141789678786573e-01,6.653551048973600501e-01,9.136448024508728727e-01,5.566941470246693502e-01,2.380788949272942545e-01,1.136924920173870701e-01,7.046888756314030333e-01,4.062030420661357222e-01,8.937380638983812853e-01,4.407683732984193914e-02,9.146761413057068468e-01
8.891252868653528596e-01,0.000000000000000000e+00,6.348009989190337432e-01,6.758033140618168177e-01,3.092125710172480835e-01,5.206166041962629887e-01,3.162166964403343439e-01,6.646916334867516429e-01,6.549008258973294527e-01,5.634052583031176065e-01,9.453109895250662031e-01,9.770866197769283445e-01,8.069901028781391039e-01,2.924583888149099864e-01,6.249974604625171404e-01,9.412120609460591369e-01,8.126917378844443762e-01,3.133548803028528007e-01,5.592156313460741046e-01,7.564661184647528680e-01,7.176682828334087771e-01,6.543521131263640989e-01,7.407701930722900840e-01,2.939953526209544421e-01,7.545999599928934209e-01,9.168086595160430674e-01,3.436453598304369805e-01,3.528087060771207817e-01,5.770969413065420994e-01,2.194519602706140327e-01,4.636071511875101692e-01,2.524817553165898398e-01,8.906860007735266649e-01,8.861022059908412185e-01,2.884018623889808564e-01,4.867198808050264280e-01,3.415779868244733231e-01,5.237750504394133033e-01,7.553830927248328386e-01,2.406645912198537504e-02,9.711970274862405939e-01,8.967777741345122067e-01,7.084407992383108255e-01,4.374920218708648889e-01,2.076482419131125412e-01,8.201991085925879332e-01,7.398528740052756625e-01,2.583031516546241413e-02,2.656668200823610881e-01,2.094952173141379492e-01,7.065561034254014272e-01,2.955285753560249473e-01,7.568535550182449168e-01,7.002784377029214885e-03,9.850401438908693574e-01,7.631028074294103902e-01,7.136447695770410382e-01,2.487020940508311295e-01,6.673726102586060582e-01,2.721521843150083719e-01,5.350450088911036239e-01,5.814613837816408060e-01,7.983860021636828286e-01,8.911940251253749334e-01,5.077471751883577689e-01,6.227598688181202879e-01,5.816667866250558871e-01,6.342585889298041346e-01,6.618362462668974100e-01,3.056636276257748142e-01,5.207003848255438161e-01,6.042159547419506671e-01,4.939872424841034171e-01,2.418291337806431629e-01,4.763165392259218756e-01,4.642166718138195924e-01,4.809829320929362440e-01,5.673601988454342049e-01,3.355236025970447233e-01,8.807406547415395914e-02,2.561963373851706138e-01,6.739688336124426415e-01,1.887903177026979684e-02,4.579203082733870889e-01,8.149841230553571680e-01
8.391510862691804462e-01,6.348009989190337432e-01,0.000000000000000000e+00,6.310582843554022325e-01,9.053723997827887171e-01,7.520932261637143235e-01,4.613970101628270815e-01,6.882625108847273410e-01,2.802825445129442095e-01,8.959210636123986493e-01,9.530293602178724344e-01,6.616900369318582387e-01,9.044714566067479922e-01,6.668978683723219003e-01,4.942915373435467496e-01,4.499423121907834555e-01,8.344465911419625126e-01,6.746373679732852180e-01,8.899991825648475574e-01,9.267645006674674057e-01,6.051074922173635962e-01,7.633779940942784226e-01,6.945126588817198687e-01,8.647702143308606537e-01,8.588005247956598254e-02,5.108724723131433110e-02,8.498037237649289644e-01,6.576809780050081322e-01,4.289134381509123739e-01,6.567649915529724103e-01,5.736863838598047494e-01,9.740452166231805542e-01,6.212738600792676591e-01,6.541423465837514772e-01,6.810638177851425779e-01,3.568179458035668494e-01,6.389072760809930696e-01,2.329205351605919405e-01,8.788368643312856054e-01,2.262562063120672762e-01,5.646294708581632849e-01,6.756087642495315349e-01,8.770575997778879973e-01,4.297284349525313241e-01,8.115720635553376194e-01,7.203054417321989034e-01,9.606973603945168083e-01,3.647882984356990987e-01,6.861378350195835862e-01,7.061235185003487125e-01,9.715047415667726893e-01,7.121433116214970216e-01,3.755225860701003615e-01,6.093818111429748496e-01,6.755064927131481101e-01,6.027439620507506479e-01,9.487976422745745264e-01,7.479758337262064627e-01,4.930266849361282233e-01,5.342520346168287970e-01,5.139381471764752352e-01,6.024783589093349878e-01,4.560945251059699834e-01,9.387099073408126104e-01,2.735012651903491743e-01,6.124395992551315837e-01,6.516325801570233001e-01,2.094359845248454366e-01,7.071232260663445901e-01,9.989874933174671678e-01,8.820652033079892096e-01,6.162628586604224079e-01,1.417779795156074163e-01,5.617081694976955308e-01,6.544240816944033590e-01,8.515919966760147064e-01,6.135326879351946650e-01,5.812232363844367367e-01,4.648871104001898735e-01,4.736904645507421519e-01,7.787984547199784391e-01,4.252796512024132891e-01,4.493088028626912589e-01,8.727504022528030925e-01,8.180441864649402595e-01
9.877450290081490891e-01,6.758033140618168177e-01,6.310582843554022325e-01,0.000000000000000000e+00,4.383659678831375306e-01,9.105511187936029538e-01,4.363773399199033509e-01,4.438511524643256601e-01,9.017036004970818697e-01,9.817812968427179765e-01,5.457989134766196848e-01,8.508360759503079684e-01,-2.783084024338740581e-01,5.886610541233781024e-01,7.317529557938560192e-01,7.281096151296557739e-01,7.952453306051747717e-01,5.177864013876052329e-01,5.398361292081317320e-01,4.723918768095147214e-01,6.704224136582132010e-01,5.172971083835440353e-01,5.514665145890699227e-01,9.635887398448228502e-01,6.477974701623815390e-01,4.642988040695811280e-01,6.237629878984387588e-01,8.948432182799963552e-01,5.899427945326489731e-01,4.914401799953960204e-01,3.071954868506400205e-01,6.549270919397720547e-01,7.266025637657608227e-01,6.716503094215573455e-01,8.225062299466483484e-01,3.393532763059289303e-01,3.028628493051692683e-01,6.417922713486254871e-01,7.084961253564657779e-01,4.564552950404403009e-01,3.537239277701863527e-01,9.188085190726407170e-01,7.838348514308877135e-01,5.766782197369803020e-01,6.622483632952536059e-01,5.641946720699383411e-01,5.931692808393631555e-01,8.039072512972768036e-01,3.732965109743254795e-01,5.864859610520792854e-01,5.122696426399080405e-01,9.972915211026166515e-01,2.573343489874690970e-01,5.997676975500287888e-01,6.836313237086952821e-01,7.006088952657248958e-01,7.582711138778108761e-01,2.107809738495003693e-01,9.779253881757694611e-01,2.104214350422004276e-01,1.018308255156599867e-01,8.917619117832359388e-01,5.891994956654864612e-01,7.891103118444320330e-01,9.754569323339944420e-01,1.707086974561687620e-01,7.119338405786875823e-01,7.663866317348586588e-01,4.871001050722545966e-01,7.654467201759579398e-01,9.864347622508342628e-01,5.816798015966092583e-01,3.936964128206930091e-01,1.612764540019523685e-01,4.020069266328834545e-01,7.214141391579866891e-01,4.294325141366718279e-01,3.157567956652394536e-01,-4.093022215103142569e-02,3.435441823870943878e-01,6.606541550184378275e-01,9.441307122654888362e-01,2.640993123722907288e-01,5.082922095045672162e-01,4.043364741622508807e-01
8.543318057838199531e-01,3.092125710172480835e-01,9.053723997827887171e-01,4.383659678831375306e-01,0.000000000000000000e+00,6.918794904432261639e-01,5.108916571432481346e-01,3.547351438468345219e-01,4.048011309668696489e-01,7.265572840475048588e-01,2.845155260833092670e-01,7.913472352380657160e-01,6.650999014472516180e-01,6.766443700082169777e-01,5.376946461448697256e-01,6.578505801390299723e-01,2.146062358420062210e-01,6.553548824184259880e-01,7.787391744460744336e-01,4.202230694143779255e-01,9.776701799041048746e-01,7.521940179406441107e-01,4.219149263197452537e-01,9.841730305610693064e-01,7.291943861850931352e-01,6.093934388093087406e-01,4.698964737849007922e-01,4.773489096336064330e-01,2.253948316603571755e-01,5.064168575249875515e-01,3.359149391300634835e-01,3.001883064470698970e-01,8.492174614166054791e-01,9.511702060133524483e-01,5.079771265242777334e-01,7.923948652230898837e-01,3.025216449104666805e-01,4.081576013944467896e-01,8.324830254634046911e-01,9.824081820388639308e-01,8.373671186248662357e-01,9.093169814521433469e-01,4.192174784663305065e-01,7.577176227160379307e-01,8.519049033005859917e-01,6.763591917859589353e-01,5.362964851708467151e-01,5.891547361075520906e-01,4.297828575031260590e-01,5.770942293816206936e-01,5.456961128850853493e-01,6.576349191408441541e-01,9.603306277157719339e-01,8.742780586871296000e-01,8.037350430735814566e-01,5.068111540912967339e-01,6.810681111146084099e-01,5.408970741598965182e-01,9.248643387822418349e-01,4.592148088609383505e-01,4.410617138136171955e-01,6.788484053434308274e-01,9.773917338397640764e-01,6.287815261508937770e-01,6.363386869324542117e-01,6.952279206102717213e-01,6.906468359528192824e-01,6.331535677707800236e-01,6.316147844055562677e-02,8.765777652733841574e-01,5.338402559578704354e-01,4.719511820857567042e-01,2.765827964380283555e-01,1.374606784642816437e-01,7.274645838404659726e-01,1.073477866549323902e-02,5.278950118276668491e-01,4.901101466985391397e-02,4.684960521440414971e-01,2.091945768298809627e-01,6.310722165925554128e-01,8.196249430936577429e-01,4.763802498093622773e-01,5.518077728656070047e-01,5.732385218877256161e-01
7.159945728813276178e-01,5.206166041962629887e-01,7.520932261637143235e-01,9.105511187936029538e-01,6.918794904432261639e-01,0.000000000000000000e+00,7.309840679494608029e-01,6.238874983943348829e-01,3.466461998684682300e-01,7.381627455883864597e-01,5.288101917665158913e-01,8.270517849931773302e-01,8.619738905454198408e-01,7.305291627435259727e-01,5.100579633107213962e-01,9.485522974894436965e-01,6.081614758582248870e-01,6.716778817893072073e-01,7.445041751665120167e-01,4.169872679620080236e-01,8.642103360019501856e-01,2.009307492454959210e-02,3.859046532360971282e-01,3.190898007890627941e-01,5.143574383540752137e-01,7.499770450323675064e-01,4.863925025748159769e-01,7.713488662653023714e-03,2.237608880692483482e-02,-2.617795221429357611e-01,1.968763205326375665e-01,2.350933313062771590e-01,7.193244727109632253e-01,7.211931457699927162e-01,6.683815603537418548e-01,3.762250277383798469e-01,2.031843457208066250e-01,4.105943425423621007e-01,6.911764412796740364e-01,9.560725341715331504e-01,7.977201494569540197e-01,6.857040497982342941e-01,8.103336043057377536e-01,5.891986416140686522e-01,9.936960597822599439e-01,4.921830247038468387e-01,6.968789186271958647e-01,6.090739820248239900e-01,3.078019290179854206e-01,9.411653320632535902e-01,6.592923504785164202e-01,9.036975734950709604e-01,1.009279103523122861e-01,4.779454846428263792e-01,5.496590046838337740e-01,9.304761067247282469e-01,4.410649492337150868e-01,4.374490332347639177e-01,4.756906334486362131e-01,4.210478878020253446e-01,4.338937717135842864e-01,4.652991847215254828e-01,2.909108110086403576e-01,9.260048701753025302e-01,9.078364937642456889e-01,9.054245379239459490e-01,5.286487332472651346e-01,8.084694253072796100e-01,7.020820576550136360e-01,9.497047131026270517e-01,6.889972933217042295e-01,7.029549827254327754e-01,4.431482388619861768e-01,1.283526544164110272e-01,4.513123808364564171e-01,4.297099206294104357e-01,6.042594288151285076e-01,4.363056207836363831e-01,-1.142877517698516338e-01,1.308034250021416767e-01,6.228687311434961682e-01,6.398410735049512299e-01,7.256865865320885067e-01,7.618474121724260195e-01,8.266575777319525864e-01
8.009530790132650679e-01,3.162166964403343439e-01,4.613970101628270815e-01,4.363773399199033509e-01,5.108916571432481346e-01,7.309840679494608029e-01,0.000000000000000000e+00,3.908666315734566910e-01,6.338519717534241149e-01,1.155282059223229352e-01,6.535795757015168128e-01,6.866310071027490469e-01,6.075520973232213517e-01,-5.102299010753430508e-03,6.365032846832565649e-01,2.494526628513176192e-01,4.851881781888403022e-01,5.608742962649523323e-01,5.819708047844097676e-01,4.161318631421667136e-01,6.741752710106605484e-01,4.963682625601353871e-01,5.605079321052435226e-01,9.898584092178350780e-01,7.429628558862167997e-01,6.531967005378789271e-01,6.036293762500257731e-01,4.149768412224558722e-01,5.569499567192536249e-01,4.580492079231233138e-01,5.792877549546232574e-01,2.601650582383395749e-01,7.334100334892785789e-01,5.520198164286225229e-01,5.955622300660912659e-03,1.924303759752791221e-01,-8.688814134457942262e-02,3.618786230891900546e-01,7.456122471640291849e-01,6.390564715207637247e-01,3.817943946443149716e-01,7.002897450307929983e-01,9.151595713359174100e-01,4.327567458391993194e-01,9.275359907136649928e-01,9.118602434303371140e-01,5.095387088084883942e-01,4.024278493090210906e-01,2.756670695114508685e-01,5.216201368048319909e-01,-2.489162320998744571e-03,2.817515263894562194e-01,5.798886025004221789e-01,4.726823847717927518e-01,8.693967556642732131e-01,4.620148263649757059e-01,2.187111132874965669e-01,4.603671147186659818e-01,8.361810766766964997e-01,6.173378725074099016e-01,2.305152706620743619e-01,7.936362258535272218e-01,4.335519278183918024e-01,6.009773606008400604e-01,6.897713101132908475e-01,2.956104414862169016e-01,6.063583332281216043e-01,8.656481615332438651e-01,2.142750780950521405e-01,4.603049840189068487e-01,5.590613422086100348e-01,5.941793133390830262e-01,5.224091751837154352e-01,1.678779809145635182e-01,7.113120384586375800e-02,1.653706736328609816e-01,5.772764944399355613e-01,7.222585441721159905e-01,3.190628951700528737e-01,5.655683501794974699e-01,4.994419871224922147e-01,4.651413883789028980e-01,4.607988201849349541e-01,5.793141130368174574e-01,6.168858158182289886e-01
7.781831286072965481e-01,6.646916334867516429e-01,6.882625108847273410e-01,4.438511524643256601e-01,3.547351438468345219e-01,6.238874983943348829e-01,3.908666315734566910e-01,0.000000000000000000e+00,2.567384657430804018e-01,7.895105002360220947e-01,9.039522170284975955e-01,7.252002236188809237e-01,8.728630873087864783e-01,4.323207165939389474e-01,4.906724553499111074e-01,6.055648326490906674e-01,1.795710678495362478e-01,5.256354991923705144e-01,4.790745212350898674e-01,6.052980219402034345e-01,8.783390125019777672e-01,1.361410972555492441e-02,1.404675040003753317e-01,6.487543958708755776e-01,7.108752320249006607e-01,8.664687130534503012e-01,7.628688460373576063e-01,6.271496542967112120e-01,3.669542315878533412e-01,4.827299311924692082e-01,1.238173931394672724e-02,1.814610250688218906e-01,6.270101573729536248e-01,2.345325169210410732e-01,4.872689933108086402e-01,2.787912109089188961e-01,3.979546355280476622e-01,1.566413583957726452e-01,9.005658050699235639e-01,6.570892970794899313e-01,3.448493242400075820e-01,4.642081485038336841e-01,6.478441980927488464e-01,2.393233232868254290e-01,9.966823580898408474e-01,6.173456748376230374e-01,3.043275658812663598e-01,6.583014021575513963e-01,3.065751191879135806e-01,4.069989044718987370e-01,7.445266456746875150e-01,7.547711806186397920e-01,6.578319380818443696e-01,2.897829683483630347e-01,8.207972125115209350e-01,4.830903518091831383e-01,7.750835746200184229e-01,9.107638772440751485e-01,3.600770627588315564e-01,7.919814314951757472e-01,7.551108279122367151e-01,7.541304517542766206e-01,5.144855603725048132e-01,7.026462011476899416e-01,5.014521829404424702e-01,6.151439827670280858e-01,3.231506974195540449e-01,7.221629951996152430e-01,6.917807407149678678e-01,8.732821949400177974e-01,3.101298416293754023e-01,6.238784326673108005e-01,8.411894212745039956e-02,6.313669898836559158e-01,4.084417406180294585e-01,6.906891570708809658e-01,1.251330385240245757e-02,7.333838727547250524e-01,3.692053076038413484e-01,6.750948332804751484e-01,4.984704588938206338e-01,7.934721681845762209e-01,9.418595127829163527e-01,3.755014469714738068e-01,3.803080927410182333e-01
5.451877455419289475e-01,6.549008258973294527e-01,2.802825445129442095e-01,9.017036004970818697e-01,4.048011309668696489e-01,3.466461998684682300e-01,6.338519717534241149e-01,2.567384657430804018e-01,0.000000000000000000e+00,3.668329028375050260e-01,4.192028756541613665e-01,5.486314348424163878e-01,8.863491929520459500e-01,8.832591659881317003e-01,7.994867340046649673e-01,3.680660721870020469e-01,3.791593564124700610e-01,7.173708525762936272e-01,4.378399163350357726e-01,9.636211510234216071e-01,3.978422357019635314e-01,6.571120286698123314e-01,5.473180771061196825e-01,7.293613511011129980e-01,2.647685703528097623e-01,5.438320567335450662e-01,8.563067728374198495e-01,7.587034304399429274e-01,2.028241929650947684e-01,7.728774543245282569e-01,1.551408730889582699e-01,4.187222258239058914e-01,5.233811237668266614e-01,7.646950668191017375e-02,5.295701029863136844e-01,6.617397188335717440e-01,2.460524089986742269e-01,7.446242729563076201e-01,7.940455861871517085e-01,4.230793929789845031e-01,-5.875045644781434762e-02,2.560599182265167473e-01,8.519606660343317373e-01,-1.003370832606553797e-01,6.609004352257711323e-01,6.288572542016116484e-01,6.533218202030584010e-01,5.634268781746526455e-01,3.374326712429518427e-01,7.590724784889496535e-01,2.657042872135472744e-01,5.748785793815525125e-01,8.762350400372915793e-01,7.957162629149149291e-01,7.841680910723387576e-01,7.307293134490654429e-01,4.952527289082086503e-01,2.144642817686140956e-01,2.832864384048339734e-01,5.747822436439071758e-01,1.120128792598549111e-01,6.718529338463472556e-01,7.409574669907252886e-01,6.618171737717618575e-01,7.648362151900901518e-01,9.877556000157632354e-01,6.068186317925378104e-01,6.655952223530922085e-01,5.945842263141526418e-01,5.980451999173693745e-01,8.217474350436795305e-01,4.553744662002877641e-01,-1.394327294223639546e-01,3.213651741276335461e-01,1.220130214194149326e-01,5.881415696577727559e-01,8.381380776612521455e-01,4.574911996299687589e-01,4.419135088667811018e-01,-3.018533604966056050e-02,4.585970011933540036e-01,2.618371957523995541e-01,2.471810120981421388e-01,3.581703554497555064e-01,6.678514032266916756e-01
7.807687442164861213e-01,5.634052583031176065e-01,8.959210636123986493e-01,9.817812968427179765e-01,7.265572840475048588e-01,7.381627455883864597e-01,1.155282059223229352e-01,7.895105002360220947e-01,3.668329028375050260e-01,0.000000000000000000e+00,9.081091384608369621e-01,3.225701326849521045e-01,4.524500720379412422e-01,5.277208902949561686e-01,3.566158585554820570e-01,1.124548008306286428e-01,6.985285972172392555e-01,4.447904103953427279e-01,3.462682203673829173e-01,7.389514225425889427e-01,6.739235626667192669e-01,5.619485430394290937e-01,7.614313842786950559e-01,9.340606834166376160e-01,6.465049515062846197e-01,7.963378133933505243e-01,2.609592051128186707e-01,6.099134591801707028e-01,4.332285065054807260e-01,5.182653240368879644e-01,3.051639024721117255e-01,4.277625613737806587e-01,8.751792677011506205e-01,6.747898562878931195e-01,7.292132741252100869e-01,3.998845758302277398e-01,4.883816291117425434e-01,2.732614707194006565e-01,6.338324989015131639e-01,4.623024580446684628e-01,4.165443063150300884e-01,2.279466293586037140e-01,5.380581687603296359e-01,4.087899576163985804e-01,6.393125117688650549e-01,7.493658655867638796e-01,7.293424947859511454e-01,9.635467814556782917e-01,4.063275646928822815e-01,6.609335984293502886e-01,6.432931018611314222e-01,5.716262675858804210e-01,7.684709864944683222e-01,5.633369616663339574e-01,9.539186600642841629e-01,2.981984924337070519e-01,7.312827691066126068e-01,8.407450400103646526e-01,6.153721941512247939e-01,6.367855371691175659e-01,2.771592176572250099e-01,7.745054032671049304e-01,8.093698269839346704e-01,4.127155372292225510e-01,6.126150592704195930e-01,6.828992985537449822e-01,7.061828867030987000e-01,9.264990675731357150e-01,4.273376151052659666e-01,4.025964637271934876e-01,8.446773148758485172e-01,6.393205412448519365e-01,7.454031967335068565e-01,7.480213081196567249e-01,5.603288888312158988e-01,9.184758778650133904e-01,5.942014040151347709e-01,5.833290950257253860e-01,3.811422818809926394e-01,3.590227252701149174e-01,7.186372903922544353e-01,8.357686759314444380e-01,5.954133205732230483e-01,1.438383556027951204e-01,7.255181472262409725e-01
4.041952510855748026e-01,9.453109895250662031e-01,9.530293602178724344e-01,5.457989134766196848e-01,2.845155260833092670e-01,5.288101917665158913e-01,6.535795757015168128e-01,9.039522170284975955e-01,4.192028756541613665e-01,9.081091384608369621e-01,0.000000000000000000e+00,6.763616635251424869e-01,9.603485553524649943e-01,7.271050952664879219e-01,7.694483768973902071e-01,5.163338142309024104e-01,7.703710176238059981e-01,2.808124642439936980e-01,9.065323430051647202e-01,7.144066315154184998e-01,8.947490204354259236e-01,9.492994608721796457e-01,6.856477858421942129e-01,6.009572054586815870e-01,2.631513877121708367e-01,1.460716391701843975e-02,9.182733516898807791e-01,7.922981255383603205e-01,4.670806334463142306e-01,2.253908242664643125e-01,2.600212263954072567e-01,2.829103534246817375e-01,7.036354985248053362e-01,5.979113925770980220e-01,1.962465602021726263e-01,5.398772314890224466e-01,5.798101859633826294e-01,9.917142889138802486e-01,6.680559168941458958e-01,9.160739754807343260e-01,4.696875595741049625e-01,7.833792897793122600e-01,7.110312840098116371e-01,9.667232882655547588e-01,6.426865680667118719e-01,8.033031462473280149e-01,7.190520958333821433e-01,6.028970355011612492e-01,2.810078910043401490e-01,9.812379337363194010e-01,3.574624799662762809e-01,7.814734516072854298e-01,6.150266751888400218e-01,5.842850383824534921e-01,4.797918085554498946e-01,4.953362977340087792e-01,6.937195402285033508e-01,6.148211924950155449e-01,5.814840087700254845e-01,1.656439870298479500e-01,2.742152930586829740e-01,6.475547670806329759e-01,9.085195253527201809e-01,8.273256247891901394e-01,6.951052936626223033e-01,7.110719966908497502e-01,-1.335609865214565373e-01,2.495805965818976013e-01,3.047232642424360094e-01,6.943006854635623837e-01,8.371745412665386743e-01,1.639224260297162949e-01,2.136861748918409409e-01,4.532816134189955326e-01,3.447779277793977526e-01,9.323912098960948081e-01,8.966800059513784227e-01,4.560242118971148395e-01,3.943530964673768735e-01,6.986338961876999987e-01,5.256684273724628875e-01,8.027780507432370483e-01,7.050456546778721689e-01,8.999237033801141816e-01,7.130715525479782713e-01
7.138147657738704854e-01,9.770866197769283445e-01,6.616900369318582387e-01,8.508360759503079684e-01,7.913472352380657160e-01,8.270517849931773302e-01,6.866310071027490469e-01,7.252002236188809237e-01,5.486314348424163878e-01,3.225701326849521045e-01,6.763616635251424869e-01,0.000000000000000000e+00,7.998935294052968992e-01,8.179026180764350507e-01,3.332427284797335743e-01,7.866115785513084768e-01,7.713941015342020702e-01,7.461300794263796554e-01,5.353406971644798507e-01,8.418904292073672302e-01,2.947420156166319360e-01,4.541743729529416074e-01,4.518263347661380380e-01,9.138211957023426590e-01,4.978442895204886476e-01,3.989072673669244451e-01,9.555227860827812947e-01,3.279178822792705450e-01,-1.030440753731985404e-01,3.182344344886640086e-01,-1.681527068097240230e-01,5.972512885008874894e-01,7.164179927222745770e-01,6.229864708801203799e-01,6.985789502303231258e-01,4.190413484276316880e-01,4.294577937044726790e-01,4.681845988082309895e-01,6.475635840001021659e-01,5.775931559707647711e-01,6.345841467118595869e-01,7.422091154037828709e-01,7.689093466112313369e-01,6.445980370006003657e-01,5.775112026767137419e-01,5.377181355031215304e-01,6.514299140524986154e-01,7.417679694015769654e-01,4.865190608015235174e-02,4.929318225460334602e-01,5.877946190811518257e-01,7.712306651757836473e-01,4.373984257489552663e-01,6.638305599582996486e-01,8.797402494724750888e-01,7.380915085719866875e-01,4.271879618380812205e-01,8.024840878821365431e-01,7.805786285264437740e-01,6.543123228631944066e-01,4.488505613224511026e-01,6.583613876106305662e-01,4.547756478722621565e-01,2.454477332096354492e-01,5.201797948342528066e-01,9.599254038469580419e-02,6.850464776862871252e-01,9.326795933585865228e-01,2.224535291283378791e-01,9.834594591485871229e-01,8.765042186849559824e-01,4.037938279061051849e-01,3.934709994281797990e-02,5.765016381489679320e-01,6.085117645853524992e-01,4.403859456341001621e-01,7.582508607557816305e-01,4.190000511860265120e-01,4.320498968891577918e-01,3.389817628733657884e-01,6.434349387132902720e-01,8.772509708965081643e-01,7.010103492028665340e-01,3.000976347288712986e-01,7.476304089779710615e-01
9.541609190994508882e-01,8.069901028781391039e-01,9.044714566067479922e-01,-2.783084024338740581e-01,6.650999014472516180e-01,8.619738905454198408e-01,6.075520973232213517e-01,8.728630873087864783e-01,8.863491929520459500e-01,4.524500720379412422e-01,9.603485553524649943e-01,7.998935294052968992e-01,0.000000000000000000e+00,8.155894898561601991e-01,6.099930043671094593e-01,5.500089720236949198e-01,7.717927383066113256e-01,7.618829976940802995e-01,9.003743474105252442e-01,8.146286618290127235e-01,7.233884202749610859e-01,4.771504373038462088e-01,7.241422827819082864e-01,9.785587025622161095e-01,2.141517974522580969e-01,4.159910325673960574e-01,8.941846858406764520e-01,3.558767013305659255e-01,4.767198017943857224e-01,5.073734627128194674e-01,4.789527292511137901e-02,5.899064650050422909e-01,4.702859326815064245e-01,9.834290657533873992e-01,5.295005784353608025e-01,2.811827714109489396e-01,3.021838351591666361e-01,8.005883256212917853e-01,8.806800755227605082e-01,6.357178969716057448e-01,1.085315693422694849e-01,4.981693439010991820e-01,4.726697754052799350e-01,3.189805061733629321e-01,9.352020513693815040e-01,7.744797613439725614e-01,6.229376743451983112e-01,6.805025465279930241e-01,6.261400032834674168e-01,4.953002733067292662e-01,3.684274119548589521e-01,9.964950921075668155e-01,5.416712243623682532e-01,8.519733962381337289e-01,8.806564480482421686e-01,7.782940713705681635e-01,8.908340183211617136e-01,3.651363447525954875e-01,1.274447423945840319e-01,3.840821917715979694e-01,3.755062313759960357e-01,4.642098377241325458e-01,7.534310955239996721e-01,9.995305124166882216e-01,5.328830939345354789e-01,7.248193822127488861e-01,7.412320697948919790e-01,7.193187107154812576e-01,4.833038078257015924e-01,8.686100970825004763e-01,7.751271949013039952e-01,5.959405361073010221e-01,7.408808457798766733e-01,4.249949864421630474e-01,7.759215951220475027e-01,7.048077598234084862e-01,5.994972658103290275e-01,2.046079666859756119e-01,5.526626541386128189e-01,2.782897395239059546e-01,1.644938874543713792e-01,7.876796084037794854e-01,7.448094107822834653e-01,5.653135474024306717e-02,9.006466366559461312e-01
9.411117807640786426e-01,2.924583888149099864e-01,6.668978683723219003e-01,5.886610541233781024e-01,6.766443700082169777e-01,7.305291627435259727e-01,-5.102299010753430508e-03,4.323207165939389474e-01,8.832591659881317003e-01,5.277208902949561686e-01,7.271050952664879219e-01,8.179026180764350507e-01,8.155894898561601991e-01,0.000000000000000000e+00,7.671473258480970836e-01,6.292287158811025183e-01,2.482913456946840292e-01,7.431938011964610569e-01,5.658308886553788941e-01,9.075577117713355957e-01,6.770415883363096743e-01,5.679845825768041756e-01,4.950180941680332736e-01,8.109860276872402629e-01,3.092433600871968835e-01,7.259666485118545509e-01,8.699117515010241775e-01,8.853959040735038810e-01,2.504904184575793558e-01,6.502345732992702576e-01,5.043060506475491866e-01,1.355411329514994434e-01,7.186645998775905708e-01,5.073837772462377327e-01,7.420507323096803276e-01,2.537529399838647226e-01,1.665541816937831376e-01,7.005279842246642241e-01,8.654493724081241401e-01,6.087002087107595827e-01,7.793403342238904852e-01,7.893085669598037812e-01,7.228524644824965151e-01,6.939755217736421899e-01,6.940033515633612371e-01,8.236905065590558461e-01,-5.236639861918995775e-03,7.860481193465467253e-01,6.182214029096017027e-01,4.340906823216722499e-01,6.649213972942088491e-01,2.228313218069187529e-01,7.867946233950714463e-01,9.878135434573946938e-01,9.340874684364461888e-01,7.666963388489751452e-01,8.623366603035217404e-01,6.911722216259073015e-01,4.923810796495463049e-01,2.380253834980398109e-01,1.388603028253332650e-01,7.624696801015871106e-01,7.890374114473810430e-01,6.759378476230228916e-01,9.456108629863122506e-01,7.917699784465963564e-01,9.798271545823530326e-01,7.702951271146464274e-01,4.368830383195965728e-01,9.041335808346407932e-01,9.884978047361474562e-01,9.667745577262012446e-01,4.532768527207734488e-01,5.499810878702332539e-01,7.892682550792065044e-01,7.310332895361245642e-01,6.279405822390005110e-01,8.257480974233771809e-01,6.263869238822009633e-01,-1.118982848301562638e-01,7.822907651639767757e-01,7.308307793876971381e-01,9.286474696549181784e-01,7.781480005347903850e-01,8.894825048192740446e-01
5.473875040445213003e-01,6.249974604625171404e-01,4.942915373435467496e-01,7.317529557938560192e-01,5.376946461448697256e-01,5.100579633107213962e-01,6.365032846832565649e-01,4.906724553499111074e-01,7.994867340046649673e-01,3.566158585554820570e-01,7.694483768973902071e-01,3.332427284797335743e-01,6.099930043671094593e-01,7.671473258480970836e-01,0.000000000000000000e+00,6.323497097128724098e-01,9.070563971412258786e-01,5.021195603750651104e-01,5.159691304774384202e-01,7.944324788001697613e-01,7.292932925093317253e-01,5.065252376029071302e-01,9.289574168158760692e-01,8.629999332828072189e-01,4.771384947117238706e-01,5.590789425547695313e-01,9.941730465679469164e-01,7.818823826792203890e-02,7.447459785939609667e-01,5.800731699731062063e-01,2.348693232232571815e-01,4.481576289868580143e-01,5.209773306159741768e-01,6.736286339205095341e-01,5.669489401521025096e-01,5.416916040474454297e-01,2.967151498709120760e-01,7.073663909948743056e-01,6.730684242789550797e-01,7.767671510289511083e-01,1.259335165141044557e-02,2.869239805931856901e-01,5.498041294415643154e-01,6.497716110306417381e-01,8.001582153262852548e-02,6.104395642990966264e-01,4.668704140083788229e-02,4.328232024876810802e-01,5.910128514083227147e-01,4.659357606329754820e-01,3.099248036767499603e-01,4.190883976330882499e-01,8.514086840024330805e-01,2.188523977017093336e-01,7.118531402562837673e-01,6.007136380053008651e-01,6.643957642629637617e-01,6.795423413209673580e-01,8.441361328939661623e-01,2.992082051613745297e-01,4.975760699968710954e-01,7.764832960410895657e-01,7.309010700181306497e-01,7.051812997519431025e-01,7.292048827211347062e-01,5.680051986865989333e-01,5.808128020266990488e-01,4.386388345172396730e-01,5.960001231907503527e-01,4.382692066362799954e-01,6.264701946231124863e-01,2.279207157955231156e-01,3.531110073861186693e-01,3.121679134121605470e-01,6.646050212612883978e-01,-6.863813995605358431e-02,6.047399456915151239e-01,2.238359571457302355e-01,6.851247960979934826e-01,2.868375220679522317e-02,5.496283278753237855e-01,5.830914316545003917e-01,9.377183308720918875e-01,2.942234725901262116e-01,4.992793710724684475e-01
7.766537250336407183e-01,9.412120609460591369e-01,4.499423121907834555e-01,7.281096151296557739e-01,6.578505801390299723e-01,9.485522974894436965e-01,2.494526628513176192e-01,6.055648326490906674e-01,3.680660721870020469e-01,1.124548008306286428e-01,5.163338142309024104e-01,7.866115785513084768e-01,5.500089720236949198e-01,6.292287158811025183e-01,6.323497097128724098e-01,0.000000000000000000e+00,5.677576383798462745e-01,6.915167800430517264e-01,5.089764704423479502e-01,4.914006656523624561e-01,9.487354508553059729e-01,3.554683924530785966e-01,2.787522753473831716e-01,6.440009200429701597e-01,5.305274364261765019e-01,9.268095842870209822e-01,7.292863680721308750e-01,9.912040352518575181e-02,5.859340258412396585e-01,3.757366922453670988e-01,5.987487086989708995e-01,3.909786353872110598e-01,7.304639920327725688e-01,9.107063439495900470e-01,9.796521343166371132e-01,6.884318267306870354e-01,-1.772363871430292781e-01,2.872910758963856045e-02,7.390026347997771250e-01,6.079337285935404456e-01,4.675918769348445525e-01,7.923402102069674324e-01,8.745978538765379895e-01,-7.411425231395912805e-02,2.631880483960030159e-01,6.808076811442227427e-01,4.468106313289628428e-02,8.149590957284073012e-01,7.317155940173974971e-01,4.357312916042612172e-01,5.323870864843115447e-01,8.213646649346010298e-01,7.832583116072578955e-01,5.583741211098098844e-01,5.212750978626037313e-01,3.010485956221337078e-01,2.200590779782373441e-01,3.324777640414835478e-01,3.420711324711356860e-01,7.811301345826203724e-01,5.705434487899272572e-02,4.411489187785277433e-01,6.167678765591046997e-01,6.331233024931990361e-01,5.109661462181049885e-01,5.788145593175817449e-01,5.859958397231074256e-01,9.349754275313464369e-01,6.720335234356296095e-01,2.169940013477981433e-01,5.700106473379952243e-01,4.456201033703775516e-01,6.903304759660234824e-01,4.654156670037000731e-01,4.216339221365513756e-01,7.461302178632616133e-01,5.127188357856389267e-01,5.671796852213375484e-01,2.050121704815833501e-01,3.340478008837076684e-01,4.108592878343310106e-01,9.225913233001161728e-01,9.232565774111701762e-01,1.394329832037979333e-01,7.226285436533421702e-01
8.359948054194327183e-01,8.126917378844443762e-01,8.344465911419625126e-01,7.952453306051747717e-01,2.146062358420062210e-01,6.081614758582248870e-01,4.851881781888403022e-01,1.795710678495362478e-01,3.791593564124700610e-01,6.985285972172392555e-01,7.703710176238059981e-01,7.713941015342020702e-01,7.717927383066113256e-01,2.482913456946840292e-01,9.070563971412258786e-01,5.677576383798462745e-01,0.000000000000000000e+00,2.987630233020576176e-01,4.090988379810116538e-01,9.785463891075597553e-01,6.529219200540183898e-01,6.813326990793000526e-01,3.106188184967318411e-01,4.070674508853718843e-01,5.314176584891704413e-01,7.912033063287111645e-01,9.674979625185602394e-01,2.960680496842935661e-01,8.325022652609216367e-01,4.332205150015838169e-01,5.373592850424487866e-01,6.155413369147877400e-01,7.635351004765954519e-01,4.453870774361248785e-01,7.103397323266190666e-01,4.171266459221639189e-01,5.005267093640274334e-01,8.531738520555589567e-01,5.426346072937365816e-01,3.838821892906379984e-01,-1.010335747381408966e-01,6.522671595128597399e-01,3.071564695765435782e-01,1.136852909556732433e-01,8.236405116775818991e-01,8.209545873588093290e-01,4.389154006294193056e-01,7.110712851577707383e-01,2.715348848301449847e-01,7.153790620402028511e-01,7.199797187439933577e-01,-1.235098920027525859e-01,4.332751820756382544e-01,8.742522920086278626e-01,6.464013670282108270e-01,2.711458139590016136e-01,7.539051171127837403e-01,6.572358641746803842e-01,9.848246008215100211e-01,8.126659816502684874e-01,5.987833566560697429e-01,5.244852585215076246e-01,6.983696476211904702e-01,4.959013869461068036e-01,9.282315944141914521e-01,3.599603580164730809e-01,6.635944540851022033e-01,2.963178152567352841e-01,6.579010345240843272e-01,6.174949554125470641e-01,6.955639386546759173e-01,7.262451925917828843e-01,5.118636005757151164e-01,3.078737211150432973e-01,8.786142229547386773e-01,9.511923421417056712e-01,8.617386143769489859e-01,9.931602885759343025e-01,6.416792157663053775e-01,4.416219946177213918e-01,6.934920062915450600e-01,7.120854273705231607e-01,4.425126939709660423e-01,1.473411300018947524e-02,4.948306946775800630e-01
9.206339749147324225e-01,3.133548803028528007e-01,6.746373679732852180e-01,5.177864013876052329e-01,6.553548824184259880e-01,6.716778817893072073e-01,5.608742962649523323e-01,5.256354991923705144e-01,7.173708525762936272e-01,4.447904103953427279e-01,2.808124642439936980e-01,7.461300794263796554e-01,7.618829976940802995e-01,7.431938011964610569e-01,5.021195603750651104e-01,6.915167800430517264e-01,2.987630233020576176e-01,0.000000000000000000e+00,6.775161117521057985e-01,4.926029285730247897e-01,6.044626763197193942e-01,7.126860142899303918e-01,5.685220183789453374e-01,4.970731664450666054e-01,4.938436583793044954e-01,7.648537362160945374e-01,6.278604241060873337e-01,6.927020012808461358e-01,6.520503556542290857e-01,3.141285861536153856e-01,2.372556855416913801e-01,2.571918328897213057e-01,3.042899730196491070e-01,7.590824650807389551e-01,4.743755823474100075e-01,7.469557853571898720e-01,2.422829462614081442e-01,1.324027979170296632e-01,7.368618691964017309e-01,8.954355377854508191e-01,1.056710194226729016e-01,6.896293031946892915e-01,9.613576817657427664e-01,7.583421323813794857e-01,4.916582131476959772e-01,5.947005469927068022e-01,6.792841628283191602e-01,4.862973988269460035e-01,7.143571804723355401e-01,4.379576940437069354e-01,7.723645782981108932e-01,4.312248477315996364e-01,7.435487149088426673e-01,6.981412055910163339e-01,6.169440670802760485e-01,4.692055402269222908e-01,6.323493894900892309e-01,7.387461690670535930e-01,5.683520642046213656e-01,2.816325228810734327e-01,-1.259719492084304115e-01,4.775279608700316314e-01,3.699582419672708400e-01,9.258729455440655176e-01,7.606940293785886542e-01,2.149774705122883267e-01,4.884452108648279500e-01,2.397742233218456281e-02,7.505885654609839586e-01,8.507705932680685590e-02,2.659399994079357232e-01,2.903117033241135458e-01,2.749123295497102326e-01,6.298683545786906146e-01,5.802826729320009758e-01,5.091995704090165331e-01,7.783125676703845919e-01,4.276839351193257865e-01,4.685238494392150455e-01,3.040159604533338444e-01,2.580093210482318211e-01,8.794822337256569256e-02,5.963347039542657990e-01,4.359587606543357530e-01,6.943981842671179683e-01
