0.000000000000000000e+00,7.377549931061110344e-01,6.230980006223652001e-01,9.048226626875617296e-01,5.878660067561096714e-01,7.623823153006624720e-01,9.372040671129380218e-01,4.899671571490563649e-01,2.714888781616140445e-01,5.075146756467365794e-01,3.945575645391615760e-01,9.180095676417954209e-01,5.213442306971137752e-01,8.395573000272156250e-01,6.181246461085707633e-01,5.599806602872217098e-01,8.088309258020160986e-01,7.626628334831373479e-01,8.656634231286040038e-01,9.532778404675866790e-01,9.981190697447775984e-01,9.243811902238378009e-01,6.152553867147471101e-01,7.138128519357711532e-01,6.171507859884779457e-01,3.094349095813579975e-01,9.091592778233643646e-01,9.638450988699850397e-01,4.263776861337055246e-01,7.985030527860742522e-02,4.764818447942212321e-01,9.298426452746493265e-01,7.396029852313152908e-01,8.327426679681747546e-01,6.097527435936231921e-01,5.235789908137487153e-02,1.687934611691182252e-01,7.322856717127949056e-01,4.624141751874604189e-01,8.086323744438529415e-01,5.103495708735457104e-01,4.792338784366662052e-01,9.014529105706643453e-01,6.555731906606234727e-01,9.024592052592138591e-01,8.184887375674491095e-01,4.098370558607055680e-01,5.912713697716489580e-01,8.847087314626249643e-01,4.377255535590280355e-01,6.694889268007844230e-01,4.517415727412686377e-01,7.176612893715221819e-01,8.168630000739833807e-01,5.586176545161664064e-01,7.514484738885639503e-01,4.153096413711148682e-01,8.452358728311213376e-01,5.514236017279978697e-01,2.334149005126182064e-01,5.175082223993643371e-02,7.214164255165042006e-01,5.817345050647593219e-01,4.632388292518126449e-01,4.350929953207788858e-01,6.251917923601162386e-01,8.154606485952872186e-01,4.045983648294347312e-01,5.778325979437431981e-01,6.436744800244296183e-01,5.405825306571444555e-01,8.993222913646801153e-01,7.872572450713071213e-01,4.642034015980931461e-01,7.127208996008446151e-01,7.743685050445090479e-01,7.869683515108215621e-01,6.341537210103967981e-01,2.401177104952857688e-01,4.976027011738081707e-01,4.532808023718228885e-01,5.389006207261352044e-01,9.779738955136479950e-01,5.256398861660109834e-01,8.400311854162094694e-01
7.377549931061110344e-01,0.000000000000000000e+00,8.911309624650631811e-01,8.686778023097192492e-01,6.760877047605085011e-01,5.443712876903490372e-01,7.330716670590644579e-01,4.815551989573018665e-01,6.735277774129797557e-01,4.018484813277786172e-01,8.147654770767238652e-01,5.672156920815863979e-01,6.017578570813527650e-01,8.847304856717270738e-01,4.291483417831303271e-01,7.803021673196063046e-02,9.704261639387044003e-01,9.419355893720908757e-01,6.788859625187221303e-01,6.122366407485603235e-01,6.491438524108594788e-01,4.319141792186567130e-01,7.017153631781805068e-01,8.205146960307366788e-01,4.687022351785578578e-01,4.379746242366194808e-01,6.212071286179202678e-01,1.488233181093753521e-01,2.698812663739290629e-01,5.177930692808420110e-01,2.059862980151174472e-01,7.573234980237023573e-01,4.173641036915264335e-01,5.487116532355477139e-01,6.637976997445474980e-01,3.854684960399031857e-01,4.874286837073005807e-01,4.603600267468195839e-01,8.479664527036312460e-01,7.224847245399348417e-01,3.579210601329841923e-01,3.024688754571160931e-01,6.509317690208987761e-01,6.747930334876126590e-01,6.800914537858142594e-01,9.074737485901777090e-01,4.339196398165750534e-01,5.283690440992656612e-01,8.961642896730978025e-01,2.120296592206094011e-01,6.591499824960606047e-01,7.572938898290758614e-01,6.228624255422544609e-01,6.167980645384067984e-01,6.293081139980633010e-01,6.687354659376046895e-01,8.639495145868567594e-01,2.154202251973464377e-01,5.192985847235025432e-01,9.683683279686283729e-02,4.562711132904935796e-01,1.486148167158687361e-01,5.953107593963837818e-01,8.771521230214565090e-01,5.702743982351727858e-01,4.469542076840764544e-01,7.266647569434631082e-01,5.321671188906051952e-01,5.088971086864088056e-01,6.296615725277960873e-01,4.422870050759445948e-01,7.204348375573146335e-01,3.977783750337228752e-01,4.046100412726889584e-01,2.131671743849622436e-01,3.770824065875779119e-01,2.588019275385921025e-01,1.383428521423582247e-01,2.557478059988901320e-01,2.748739758276870226e-01,7.730511105926076709e-01,4.636774921811843697e-01,7.375771253310203779e-01,4.317733361977136863e-01,7.131875990309827218e-01
6.230980006223652001e-01,8.911309624650631811e-01,0.000000000000000000e+00,5.052872334269908894e-01,7.662050763558517774e-01,8.489758474926262233e-01,9.277535643467065274e-01,5.895947890497696964e-01,9.584774345806947871e-01,8.551101149498558929e-01,9.286935478070482697e-01,9.842523091375096067e-01,9.440798572046500414e-01,6.848557279077323034e-01,4.000433193554431277e-01,6.715603531152523065e-01,8.768595225462032516e-01,9.759754226298846813e-01,9.584330816739693448e-01,8.693171661249021742e-01,7.896711851117990122e-01,5.339066383879701450e-01,6.662324846352627450e-01,4.199824158947787489e-01,7.071962386289111224e-01,8.168441825203524020e-01,8.787106279189671465e-01,5.516439609052823378e-01,8.292436372432239466e-02,3.193388502507771842e-01,2.780802514617578547e-01,3.353570525807808012e-01,6.316732360446206673e-01,5.408639647679004403e-01,7.854601110641025175e-01,2.405222906671880545e-01,1.520876193859050929e-01,8.105321052147328453e-01,7.183694354380910641e-01,7.365728998100213865e-01,4.761289474121863097e-01,7.604502532350154720e-01,5.843876347895714529e-01,2.323471975632544206e-01,7.520888728282473235e-01,6.068588694023920871e-01,6.860761869812004310e-01,9.511279750790022636e-01,5.041548775174523600e-01,8.543086165671432974e-01,8.112475920471298174e-01,8.817847720628502195e-01,8.459702855893831419e-01,9.179866261267488614e-01,7.897697321599356224e-01,7.289894800017234777e-01,7.428660864300109523e-01,6.789948417919211554e-01,7.188869837709753741e-01,1.876450946515585416e-01,3.955171389338223431e-01,4.315639150249805933e-01,9.718805395345602172e-01,9.885944521718620370e-01,4.385332111205691441e-01,9.109541566338984486e-01,8.651647187568930475e-01,8.625645094500694610e-01,3.396348299309146501e-01,3.648556883791668204e-01,7.967729133473427927e-01,8.307448056132457070e-01,5.109630959855608889e-01,7.100966775663462016e-01,4.701268644464532409e-01,9.893584968067131724e-01,9.716415160075885238e-01,6.793469856182628996e-01,1.196820184422922734e-01,3.992815429591091148e-01,8.864399392876896044e-01,7.445253998760639202e-01,6.853241798326323853e-01,6.976540466403476914e-01,6.845175781770189705e-01
9.048226626875617296e-01,8.686778023097192492e-01,5.052872334269908894e-01,0.000000000000000000e+00,3.575494515029787324e-01,6.573316183829657211e-01,5.313724105266938169e-01,2.950927630124153822e-01,7.380821313970137298e-01,7.836814025925478155e-01,5.550895864749676445e-01,8.417970395608727063e-01,2.360052852200757723e-01,6.370443374449344942e-01,4.405438575344496899e-01,1.687125676266456598e-01,6.771959590884836233e-01,3.676370085670276344e-01,4.783440772547815079e-01,7.372432871596824588e-01,9.816746265546092420e-01,6.755906921108038032e-01,4.337586143512581760e-01,9.804012788103335652e-01,4.844283001361794350e-01,4.833114564306634775e-01,5.785967701711419720e-01,3.262603131449857141e-01,3.082778876541300561e-01,4.350303711728585876e-01,5.112716215640380479e-01,1.268002525767667199e-01,5.292826438936759637e-01,2.478277203974247334e-01,6.686061816959224524e-01,4.680786314702242712e-01,4.754614796515704844e-01,4.324094620157519775e-01,6.776275549333072856e-01,5.685144510877970792e-01,4.108115125404779855e-01,3.782581416543391306e-01,9.185465951459168554e-01,7.787285616357298990e-01,2.640384435384776629e-01,5.902668162530328999e-01,6.186275732856768572e-01,7.697931092472052317e-01,7.701579738730452984e-01,9.125214652902653434e-01,8.908776955242666551e-01,7.482988391427448649e-01,4.078233432617155985e-01,6.316958586438344847e-01,7.599752564193968940e-01,7.138196399282054072e-01,3.017950685771657038e-01,8.480455289169598343e-01,5.577774181308932100e-01,7.015199672002626619e-01,3.702962669171344645e-01,9.697910364182851239e-01,9.259033839975172597e-01,6.204807197287076637e-01,5.982549129802531285e-01,6.337918987584982844e-01,4.483745859972787517e-02,4.076900406658306997e-01,4.371539188682317389e-01,1.467601247647008778e-01,6.981521147940026317e-01,3.940786827402665282e-01,5.929908738557507775e-01,2.570857215171641341e-01,3.328786971249106941e-01,5.701466787749983611e-01,3.947393802668753837e-01,7.362185893003210246e-01,3.576716025344552352e-01,2.094422182150155465e-01,5.620260988661642809e-01,5.535248695686597609e-01,9.313777840608599146e-01,2.987410090324472134e-01,7.414422128610127505e-01
5.878660067561096714e-01,6.760877047605085011e-01,7.662050763558517774e-01,3.575494515029787324e-01,0.000000000000000000e+00,7.599475909055709577e-01,9.421164464269257133e-01,4.383835355600866901e-01,4.306083792879538130e-01,4.732755625016480394e-01,2.414101001143558189e-01,7.648545140337598136e-01,8.416607087903609230e-01,3.534202089696284466e-01,7.621378140911782006e-01,1.908332319757743145e-01,5.669318184597120780e-01,9.417278076723950564e-01,6.627946195267518936e-01,4.393949617317972067e-01,6.367730412269043683e-01,5.498023372453331170e-01,9.320320904764329839e-01,6.501525174907651916e-01,4.308095791857194379e-01,4.470857334307544173e-01,7.341471904109448943e-01,8.954030139975599489e-01,4.834426070968647071e-01,1.172799490648518683e-01,-1.795034255887464070e-01,5.849041679338000677e-01,8.291260662913921831e-01,4.623299211508354323e-01,6.451193314314787042e-01,3.031763237595553884e-01,6.601726093790027949e-01,4.550218328740609497e-01,5.177081868075453785e-01,7.703188791703783345e-01,4.277314930789085645e-01,7.215846108804317982e-01,8.129162474589582965e-01,7.999364517442055789e-01,9.448345874565322600e-01,6.426680875217833933e-01,4.693669480165765240e-01,7.335235218044742211e-01,9.596968081151873164e-01,6.745728544157587603e-01,6.254087505246799239e-01,5.203168207049261307e-01,4.081633416117931845e-01,6.578844468850723048e-01,5.613753696101692059e-01,9.792471343279938178e-01,5.204559447161598990e-02,7.925825158042156815e-01,9.757980324525383775e-01,5.052281397615112635e-01,5.165718336025454382e-01,4.496126316498296194e-01,9.434617585257960570e-01,5.761674418988103064e-01,6.073394305614225885e-01,4.088077838762690930e-01,8.742602886447026211e-01,9.146600795206344392e-01,4.590628761278151004e-01,8.177089710160456715e-01,8.434865150244859056e-01,6.755543602133420311e-01,7.087592309281427472e-01,-1.879282646304866744e-01,6.249499884958876761e-01,1.677459289616371196e-01,9.738564170104135886e-01,5.465693850406054821e-01,8.921876974521467663e-01,2.124720121231062353e-01,6.510447889497473772e-01,6.571835929662677156e-01,7.250098656012455844e-01,4.343528646484705602e-01,9.383209003303119022e-01
7.623823153006624720e-01,5.443712876903490372e-01,8.489758474926262233e-01,6.573316183829657211e-01,7.599475909055709577e-01,0.000000000000000000e+00,5.914863259310576549e-01,2.513158244356876736e-01,8.281280741427197167e-01,7.566863978301350269e-01,4.354484877047080649e-01,6.472711993699307165e-01,7.895162095966981042e-01,4.471754253132979584e-01,5.276477929969911607e-01,5.021120645286710760e-01,8.904231627556019601e-01,8.988668673942764586e-01,3.618364115280550131e-01,6.884195054056146956e-01,8.105728725256456935e-01,3.660788442790563479e-01,7.429965642163816053e-01,6.637517615628123480e-01,1.532653957815345025e-01,5.106644177361877590e-01,6.372957409560827680e-01,5.883915211887492669e-01,5.154849888781829481e-01,1.936295819035274146e-01,5.854144374937737538e-01,4.269627348679462808e-01,9.938850442028961396e-01,9.675961488200972571e-01,7.015244671405204135e-01,4.866105413302890259e-01,1.567660805429242910e-01,2.851075193037571134e-02,6.056826965890858006e-01,9.749919444223645870e-01,2.153557923552993913e-01,5.162025332602822036e-01,9.038822888099239394e-01,6.061522483029794239e-01,3.749738640875682760e-01,6.084503319886719330e-01,5.281405587581136096e-01,8.931576360966125838e-01,4.683383758451135082e-01,3.798780852031967137e-01,3.026696227550361162e-01,4.157902194829128373e-01,8.066555690949794855e-01,8.191952300854374869e-01,7.003055549009498115e-01,1.898570459833996693e-01,9.968174684510521244e-01,5.668690815972433628e-01,8.550315912876425006e-01,5.514567854733289920e-01,5.737463748316793399e-01,3.418299135151353640e-01,2.660556066236530737e-01,6.639450418900832984e-01,4.919357719060853951e-01,7.873227891770367970e-01,6.515372833404492470e-01,7.769487235216577803e-01,4.420077862424043325e-01,6.807005678181344832e-01,3.060159648998035387e-01,3.898847899985493637e-01,6.527321344444305673e-01,5.114728405872541739e-01,7.906912059925202962e-01,6.774874923105822511e-01,6.912004425720957856e-01,8.004014198716853379e-01,5.094243916382883430e-01,-2.570714815784478358e-01,3.283713896496397999e-01,6.024395260406362196e-01,9.778075300424835525e-01,5.455441219615330128e-01,5.901004864188865717e-01
9.372040671129380218e-01,7.330716670590644579e-01,9.277535643467065274e-01,5.313724105266938169e-01,9.421164464269257133e-01,5.914863259310576549e-01,0.000000000000000000e+00,4.810456879442005507e-01,4.065817522051037858e-01,5.432769174458369765e-02,7.077599045790753385e-01,1.654494632299247647e-01,1.517837669161852809e-01,7.977611303894760475e-01,6.496077304408687247e-01,7.120570412244051628e-01,9.796337695204566653e-01,5.022415314056823954e-01,7.994272766722916312e-01,9.316013719501858859e-01,6.306186831364860579e-01,3.013633038839583222e-01,3.977549438315826358e-02,7.134697832870570133e-01,7.659133057932721034e-01,6.022401169900042373e-01,6.269643936930367756e-02,8.582867902967854512e-01,3.930546220468473240e-01,1.260399220227621797e-01,4.684850453747389093e-02,5.813289820129494689e-01,4.167487125054075703e-01,7.547826262778920547e-01,7.472496175750014125e-01,5.127520505501615977e-01,1.244360067974122769e-01,4.557142880267967544e-01,7.366427906813119986e-01,6.179557063070235667e-01,6.262293237818747915e-01,7.938312212071920726e-01,9.115516662177010065e-01,6.947724541682867017e-01,4.706874504942109433e-02,7.012232270690778035e-01,9.037513971541730751e-01,3.277866715807283005e-02,2.300372551494583306e-01,4.555506079425144517e-01,3.283620687773276536e-01,5.339444340569633463e-01,5.938528902066767534e-01,6.731767112735558278e-01,9.397092618099983641e-01,-1.599069771018868380e-05,4.740108859012122089e-01,2.579444160675385400e-01,5.534366403045388738e-01,3.821621143669832188e-01,3.957642740337976583e-01,4.534303464093557001e-01,5.940047928763285690e-01,8.259561596726063826e-01,6.295567471586380748e-01,3.949175329146855651e-01,3.821801864418850614e-01,9.343334851978328803e-01,7.507206271507180784e-01,3.177871096810397367e-01,6.713354646380842450e-01,2.211940806036852281e-01,6.700781242083696243e-02,4.616141844337600109e-01,6.439535760367667283e-01,4.698509327416585668e-01,4.495689759186032863e-01,4.438010813436387703e-01,1.910558047198841758e-01,5.259642425073798311e-01,2.619002746192119480e-01,7.708959254562820496e-01,4.562256827305177231e-01,2.141416228321612880e-01,5.171836276310625147e-01
4.899671571490563649e-01,4.815551989573018665e-01,5.895947890497696964e-01,2.950927630124153822e-01,4.383835355600866901e-01,2.513158244356876736e-01,4.810456879442005507e-01,0.000000000000000000e+00,7.901694550360116587e-01,3.687826502087404035e-01,7.737770766623197627e-01,5.849523260488739274e-01,5.230597518524329193e-01,6.206391915449342989e-01,5.507371472143224311e-01,5.862553503946557054e-01,7.844522377982374728e-01,5.984018770416040800e-01,2.625084183591189224e-01,6.652145762373259386e-01,9.956475290263697708e-01,3.449018440706494992e-01,6.155867501710133860e-01,7.332120435953370929e-01,2.140972092796366022e-01,7.082462057201167616e-01,2.639700863060605585e-01,4.805845126480110530e-01,6.654077885440493612e-01,7.888278678688108725e-01,2.758688865077936203e-01,5.962116663270720096e-01,7.133202673055942800e-01,7.258299072877217872e-01,2.434614879505772322e-01,7.861029709065878723e-01,2.252415667196620008e-01,9.964578691442917968e-01,8.102077381718675309e-01,3.937230402814214658e-01,5.872849404198448031e-01,7.537279387009042653e-01,7.941914211813287938e-01,3.877764675591611199e-01,6.912451281309294204e-01,6.343089603878232507e-01,2.885375312993963548e-01,2.453602528469776833e-01,7.846618114095613716e-01,4.285645418193779199e-01,5.259951445653536783e-01,3.912916291414365033e-01,4.722571001743807728e-01,3.084342988559390930e-01,8.865575154310845196e-01,7.346318045639929073e-01,7.448579131072641246e-01,2.317073623261902415e-01,9.868230838853740972e-01,2.426923740696172449e-01,-1.894250109968932949e-01,7.928677211117973744e-01,6.490034921710894356e-01,7.209546452278091655e-01,9.759310466305067822e-01,4.448445363623889093e-01,5.387201810771717891e-01,7.883693102612845394e-01,5.834226769058902251e-01,1.383459076456609316e-01,8.076471933923445867e-01,4.118824862226421191e-01,7.284451088515981887e-01,3.447834765558546177e-01,3.317948732773227660e-01,3.315221572095050639e-01,6.909253311671993414e-01,6.870061173837700430e-01,8.497977372566458687e-01,3.532801602564070165e-01,3.115711264657067825e-01,6.651353515550479933e-01,5.136161102927131461e-01,-9.845206191520036731e-02,8.898221621910182844e-01
2.714888781616140445e-01,6.735277774129797557e-01,9.584774345806947871e-01,7.380821313970137298e-01,4.306083792879538130e-01,8.281280741427197167e-01,4.065817522051037858e-01,7.901694550360116587e-01,0.000000000000000000e+00,2.563949371063083404e-01,7.262616053669224137e-01,7.387784136636728061e-01,4.447756846767789152e-01,7.830147185309879188e-01,4.852993838803348892e-01,7.932065593987748242e-01,2.327746457922530154e-01,7.047188299893358820e-01,4.157686020990516429e-01,6.115625398862863937e-01,7.252851673484933537e-01,7.275396878935049827e-01,7.860898417370490998e-01,6.627803929614561884e-01,7.904668742542328985e-01,7.424164177531750175e-01,3.588007706960462118e-01,6.773157922994192948e-01,4.842425637002436001e-01,4.081965997467193463e-01,6.546810334231607797e-02,4.807732963495949252e-01,5.360542544736395243e-01,7.546211738503798561e-01,6.312687959595020271e-01,4.088287313289927782e-01,3.545036086369534045e-01,4.852829357650976783e-01,5.140501294636957708e-01,2.389249155419512216e-01,6.629543449863557480e-01,9.535085980499899971e-01,6.782454798518553485e-01,9.976768829900540814e-01,8.371408622817210210e-01,5.641469016456396313e-01,5.888861013217563389e-01,4.832121479217413862e-01,1.810598590530125285e-01,6.634728207581332970e-01,3.431955808748219927e-01,8.529596043241258752e-01,4.490953169585489291e-01,5.633428193463296818e-01,5.890427071452697394e-01,9.342776636324340300e-01,6.562738361471061044e-01,4.509518763689697729e-01,7.379665264416959136e-01,6.369239042168438614e-01,1.621604962439130437e-01,5.299737214471843538e-01,4.673657418068886127e-01,8.941610853713787277e-01,9.081260725668462985e-01,7.823976021085307098e-01,7.515778473571409490e-01,6.261314252208749487e-01,2.108153661900072917e-01,2.297217172220167025e-01,5.226106844403216600e-01,6.849561245884301375e-01,-9.375046373825692003e-02,4.964710598502210526e-01,6.180857874474372515e-01,6.953004293205419239e-01,8.473115437021176977e-01,6.184609709780636289e-01,-1.693071680584820882e-01,5.286961549441151487e-01,4.867519518791004751e-01,9.226371930815309153e-01,3.474199072526430454e-01,2.941052382115385555e-01,6.808199166474253605e-01
5.075146756467365794e-01,4.018484813277786172e-01,8.551101149498558929e-01,7.836814025925478155e-01,4.732755625016480394e-01,7.566863978301350269e-01,5.432769174458369765e-02,3.687826502087404035e-01,2.563949371063083404e-01,0.000000000000000000e+00,4.056269473382752566e-01,4.376869826054939350e-01,7.736251208893432096e-01,7.045247650422649111e-01,6.654977677060646135e-01,5.708234247586286836e-01,8.519879894903310547e-01,6.224555794991715185e-01,7.516031764176178687e-01,5.071638621786139778e-01,9.573327233741725228e-01,5.080333658750637582e-01,9.123353866240607735e-01,4.182298522454113154e-01,7.188020171440023809e-01,3.692375368019018556e-01,4.304641778744915381e-01,2.475708625426323861e-01,7.810908984121475163e-01,5.596982245604048556e-01,3.150368217405147275e-01,7.312186185797217020e-01,9.990829270416565766e-01,6.598964282513258839e-01,4.594426042035251179e-01,2.707802198395355964e-01,2.742724192763942304e-01,5.727699081211018450e-01,6.367763594819672024e-01,6.276097697650390161e-01,4.808612782515111483e-01,7.474599647705917338e-01,7.369534356750273574e-01,5.785461798056754645e-01,8.319377170267453492e-01,2.838947252069151661e-01,2.172008882506104577e-01,8.419422635773676777e-01,1.100694944642477413e-02,3.071831343632039357e-01,4.617841739890402586e-01,8.778902070948264580e-01,6.051364152282404651e-01,5.524315621637566620e-01,6.941910443575642908e-01,3.585235197021276465e-01,5.404419899254078175e-01,5.086947183652329452e-01,9.214239784793990529e-01,2.738411150603430322e-01,2.074822152252756846e-01,2.001519223580059681e-01,7.647656082389940879e-01,5.258831196404474273e-01,7.551259497056520553e-01,5.647297953531977832e-01,4.146199852838038935e-01,7.191761704692956059e-01,5.614019021564157219e-01,9.148468123840305388e-01,6.568816807011299552e-01,5.809826430425795163e-01,7.979096185403171670e-01,5.755124924982435441e-01,3.858882123479571158e-01,3.628920123343498672e-01,4.150418892670916238e-01,2.548748080879965627e-01,2.786615820362540186e-01,5.846298805895645545e-01,4.677204482875012559e-01,8.139210647225406658e-01,6.957475551843208539e-01,9.113570023278932952e-01,6.756296983776938214e-01
3.945575645391615760e-01,8.147654770767238652e-01,9.286935478070482697e-01,5.550895864749676445e-01,2.414101001143558189e-01,4.354484877047080649e-01,7.077599045790753385e-01,7.737770766623197627e-01,7.262616053669224137e-01,4.056269473382752566e-01,0.000000000000000000e+00,9.494252940158413034e-01,9.825931125226859963e-01,4.986638774708205268e-01,6.484389742329337292e-01,6.014975484079250201e-01,9.924150551617177962e-01,7.616133403859965956e-01,5.449109135384411218e-01,9.675910514255614547e-01,7.947075107617823653e-01,2.250241750117775164e-01,9.929935228198283337e-01,7.235517349027504874e-01,5.914360714515188855e-01,5.210902929988545651e-01,4.202612665820728566e-01,9.896933344588814130e-01,4.124871050663392325e-03,4.272498677540468304e-01,2.004497370498202480e-01,4.522529427572318239e-01,6.400146912308819491e-01,9.277213956423919772e-01,7.850556642354262760e-01,7.206942283215593548e-02,-1.967691376788119062e-01,4.126711568586839407e-01,6.534588763415670742e-01,7.329475929915745258e-01,3.773293916893516453e-03,4.150914502001419315e-01,6.662154445220431764e-01,7.139196488439982780e-01,4.459923007555878782e-01,6.004472135694665091e-01,4.257428699978029751e-01,7.457320027004679108e-01,3.803216899737245082e-01,5.278401653483222322e-01,3.838769168677323013e-02,7.942591388705079192e-01,8.241420647267255761e-01,8.514982710380678554e-01,7.708394450352575866e-01,8.011564920291489589e-01,4.281008853607315423e-01,5.213144678979670932e-01,9.496403151649689400e-01,6.086466313112046805e-02,2.400819000263526848e-01,8.490363331764690102e-02,6.904346006357353627e-01,7.141293425812594853e-01,8.930672273152379104e-01,4.757666104578022193e-01,2.307261398879911773e-01,9.503303130871706417e-01,6.443807589921884960e-01,5.479267126525636522e-01,6.356640253500315252e-01,7.343146161721787468e-01,3.244547453145060212e-01,7.852529414202703562e-01,9.758142948433981556e-02,9.838337604913593992e-01,7.618723911845544094e-01,5.233266691582867391e-01,6.918949335624626773e-01,5.459356771211700821e-01,7.092600874708919756e-01,8.169505226897125771e-01,5.699383822992127868e-01,5.363345035118582960e-01,4.118436481964155016e-01
9.180095676417954209e-01,5.672156920815863979e-01,9.842523091375096067e-01,8.417970395608727063e-01,7.648545140337598136e-01,6.472711993699307165e-01,1.654494632299247647e-01,5.849523260488739274e-01,7.387784136636728061e-01,4.376869826054939350e-01,9.494252940158413034e-01,0.000000000000000000e+00,9.982338512286184073e-01,9.471169144331611500e-01,9.491884616374060002e-01,7.146372185144181932e-01,8.175134141282365263e-01,7.571884292372710323e-01,6.330548520250927069e-01,7.810629949288265816e-01,8.148051596146046460e-01,5.676935690431426096e-01,4.784450488616401320e-01,7.813241160756894121e-01,3.401367349724242484e-01,3.479179503882354751e-01,8.000028742025344641e-01,4.415893559071575880e-01,-1.995529830292766538e-01,4.038042843540023408e-01,1.251090404598394212e-01,7.280091483013499953e-01,7.251120644295203643e-01,9.005898809918678749e-01,4.772382101894100392e-01,3.677219645588873931e-01,4.462862556987856055e-01,6.989694123007534898e-01,9.253951158903639396e-01,9.307839888357425373e-01,5.762443216863797346e-01,3.333851387939830158e-01,7.995161598944756642e-01,6.406585620800078207e-01,8.282973169805402103e-01,4.467306502596304907e-01,7.480290913639789929e-01,2.048706781618087058e-01,4.273735291608430353e-01,6.270723056727881550e-01,7.815332923762918771e-01,5.910579945616458719e-01,2.558689851752477540e-01,4.097260633121763140e-01,8.310780624481468593e-01,7.201665946783994965e-01,8.397560335850773328e-01,9.238320925806298156e-01,7.543070242608295173e-01,5.601780383591944412e-01,1.112639349482210938e-01,8.042445533471789254e-01,9.866245649911620230e-01,7.921733949718750001e-01,7.291284956964790842e-01,5.214178447311952347e-01,2.960857770920752863e-01,4.254457167776479753e-01,2.190244040373108270e-01,7.662106864323944277e-01,7.428467917497797446e-01,4.662482744482647212e-01,7.408345631407338150e-01,-9.037235971961787850e-02,4.073740092156847847e-01,8.825702712153032925e-01,9.165225923227300342e-01,4.439466921648196895e-01,-1.986977520546042153e-01,2.592834454719579185e-01,3.930780513312587265e-01,6.456925873491240475e-01,7.001409657523227636e-01,5.179647259917089519e-01,5.234150950405669356e-01
5.213442306971137752e-01,6.017578570813527650e-01,9.440798572046500414e-01,2.360052852200757723e-01,8.416607087903609230e-01,7.895162095966981042e-01,1.517837669161852809e-01,5.230597518524329193e-01,4.447756846767789152e-01,7.736251208893432096e-01,9.825931125226859963e-01,9.982338512286184073e-01,0.000000000000000000e+00,7.115366015690874901e-01,7.325951178006313569e-01,7.866984989955680962e-01,9.953886342792946096e-02,3.025901439735667053e-01,6.883687539528184907e-01,9.868381532311605309e-01,8.299219422367692944e-01,3.704134500900008731e-01,8.621074236100223498e-01,3.202028398140382981e-01,2.697062206018358554e-01,6.174594764610286113e-01,4.963434053876361052e-01,8.148082884186530483e-01,8.107053739797718261e-01,2.387869313511482294e-01,3.845901132046601889e-01,5.996904229993007540e-01,8.553314866317699439e-01,5.462152943418896456e-01,8.138887919873195598e-01,7.129243144746700844e-01,2.946931611705783105e-02,4.009370221368307313e-02,7.541359170286848768e-01,9.411605442637573926e-01,2.873741886312914939e-01,7.650818283663228803e-01,5.010282928626290655e-01,6.399981953732418738e-01,7.711525864606744163e-01,6.054661330230948213e-01,4.603892990953381004e-01,3.085256313223810332e-01,6.565995160633624206e-01,4.435930265587705867e-01,5.496469017825024173e-01,4.882196690881634438e-01,4.806621556561656572e-01,8.454405427526845429e-01,6.078768657454264313e-01,2.929755003490942533e-01,6.123802926096728605e-01,8.982087780018067624e-01,6.385175604361837953e-01,8.498338846979123229e-01,3.044038887578010555e-01,6.458453902618447318e-01,9.529821857396479912e-01,4.227516116638938004e-01,8.878646667095707601e-01,6.616037890313297698e-01,8.748562826441216300e-01,7.873771784191548884e-01,7.346810425411396395e-01,5.066693030290310151e-01,6.641356326009152378e-01,8.433197400497927099e-01,2.508833766574639079e-01,4.680851318250921489e-01,5.004323581294716217e-01,9.553170687393035543e-01,7.562778242371266391e-01,-1.479720255455403977e-01,7.982141265542728181e-01,2.470101872125924358e-01,4.430744647139313597e-01,9.603691403642575786e-01,9.347453309343077832e-01,2.037690506466692253e-01,9.450500369142857959e-01
8.395573000272156250e-01,8.847304856717270738e-01,6.848557279077323034e-01,6.370443374449344942e-01,3.534202089696284466e-01,4.471754253132979584e-01,7.977611303894760475e-01,6.206391915449342989e-01,7.830147185309879188e-01,7.045247650422649111e-01,4.986638774708205268e-01,9.471169144331611500e-01,7.115366015690874901e-01,0.000000000000000000e+00,6.799221435158762095e-01,6.105876740551711146e-01,7.538522374987249863e-01,3.834645528010415250e-01,6.139270763994578717e-01,6.381684569398274887e-01,5.748392140122591254e-01,8.420366624231707675e-01,7.043247113093563661e-01,9.163542212213412474e-01,5.172960035520539623e-01,4.900063690464441235e-01,9.011990603128792188e-01,7.519939800790478301e-01,4.959229053737272963e-01,4.630411948321637161e-01,1.944894922174763008e-01,5.207452333282419632e-01,2.830665872724733023e-01,5.689817207309451064e-01,6.337653788129425925e-01,3.173160680251050914e-01,3.688041573682543373e-02,7.600107433290509418e-01,5.747991281871549507e-01,6.595911611428194599e-01,4.276429596604772176e-01,7.421832522169231616e-01,4.247219922710827600e-01,7.828808700591710634e-01,4.713096038998871862e-01,6.631817114461068252e-01,6.399573554467733461e-01,6.881047236332190620e-01,6.837254187441866859e-01,9.296624728460750609e-01,2.967703194785789242e-02,9.360309579205443598e-01,7.487533616836739014e-01,8.549862489748583094e-01,6.920779609789564635e-01,7.660301840760542769e-01,4.204562491315060324e-01,9.987406092967664462e-01,2.388651537421894733e-01,5.627091876494418887e-01,6.040614743311971679e-01,6.939351895348278010e-01,4.405341629915129897e-01,7.308317128095952464e-01,5.483335960200603765e-01,9.954122738276387494e-01,6.006099135751046258e-01,-4.021244459843240082e-02,7.044050415528591014e-01,6.044839410643342292e-01,5.719818672796758152e-01,3.329693501254961108e-01,3.058509769946377022e-01,4.752542750927771786e-01,5.605053256388862204e-01,9.407823412558729004e-01,8.499397311224565765e-01,4.633224186739944295e-01,4.828360951063699336e-01,2.695490708457036200e-01,7.401404785975458367e-01,8.632008374946746887e-01,9.329645355207828450e-01,3.296660546727395724e-01,7.126243217784310469e-01
6.181246461085707633e-01,4.291483417831303271e-01,4.000433193554431277e-01,4.405438575344496899e-01,7.621378140911782006e-01,5.276477929969911607e-01,6.496077304408687247e-01,5.507371472143224311e-01,4.852993838803348892e-01,6.654977677060646135e-01,6.484389742329337292e-01,9.491884616374060002e-01,7.325951178006313569e-01,6.799221435158762095e-01,0.000000000000000000e+00,5.397955699990426570e-01,4.103699099842213482e-01,5.453190152605779106e-01,4.014529403638190108e-01,6.936884907163428649e-01,7.817160552534230256e-01,4.538178391022882341e-01,1.446680466088961781e-01,8.275508658552681585e-01,5.772560409276550342e-01,7.603039284904138384e-01,3.801098719355547884e-01,3.359834732403830238e-01,4.404989741920979363e-01,-2.698433644388864572e-02,1.499949703280384350e-01,6.260735192046747999e-01,2.326160917369584080e-01,7.559935528278693972e-01,2.463627840318146078e-01,5.411564530175516641e-01,1.043253698455743894e-01,5.702988386784770825e-01,5.246206321179045506e-01,4.980748379520307245e-01,4.129563476542696399e-01,6.334539012309599038e-01,8.103037044604117778e-01,2.086861142178617068e-01,9.728008188701904313e-01,8.010694204702678567e-01,5.415917431289787309e-01,3.260504462220263910e-01,5.740195469172924003e-01,7.827750057468605416e-01,4.798471539815181708e-01,5.364867323015825029e-01,9.055778191986306735e-01,6.866501922623996501e-01,9.873334686454783293e-01,7.401960335731865293e-01,6.541315534618963312e-01,8.828415514287579757e-01,5.588488598500340743e-01,5.341302235124455455e-01,4.894574473672659576e-02,6.891508541570333657e-01,4.404457366084330583e-01,2.599115350000663627e-01,7.645734664565806415e-01,4.403380274137492778e-01,5.426467780455326295e-01,7.930622638486332088e-01,8.472319780551635926e-01,6.155654153306922005e-01,8.331136756605878046e-01,6.951378308635753900e-01,3.464521917179608779e-01,5.119695050254959856e-01,6.851831974425630634e-01,6.186226465319657475e-01,5.221780493247896171e-01,2.558365777882974368e-01,2.187690960246572724e-01,2.906846347242899586e-01,6.368804248717794270e-01,9.746074390930319353e-01,4.514995139975133687e-01,3.943827631506872100e-01,2.455944537603929889e-01
5.599806602872217098e-01,7.803021673196063046e-02,6.715603531152523065e-01,1.687125676266456598e-01,1.908332319757743145e-01,5.021120645286710760e-01,7.120570412244051628e-01,5.862553503946557054e-01,7.932065593987748242e-01,5.708234247586286836e-01,6.014975484079250201e-01,7.146372185144181932e-01,7.866984989955680962e-01,6.105876740551711146e-01,5.397955699990426570e-01,0.000000000000000000e+00,6.970263659167648118e-01,6.763116744679020798e-01,2.461876511795204336e-01,3.993478023609419725e-01,8.128716409134515430e-01,3.828725121099841866e-01,9.735817260093358738e-02,5.985002831931155454e-01,6.392604937002503984e-01,9.585006342466411144e-01,4.426148016450294764e-01,9.451812143994148263e-01,6.772003580725948213e-01,4.134824712801413726e-01,6.666950285887880689e-02,8.306368048345257327e-01,4.814220455100279850e-01,5.912746623700984028e-01,4.412747102341459948e-01,9.328953683221152815e-02,3.262714455411448444e-01,4.927029792714884282e-01,3.890037904096913524e-01,7.590112996327472716e-01,5.701328640714363738e-01,5.876792915547586205e-01,4.315009438424980970e-01,5.720597116210885957e-01,7.362142595290130931e-01,7.837432199585024906e-01,5.955836375417917772e-01,7.849505172840549605e-01,5.649611373468850228e-01,4.820474257447729394e-02,3.755040348853231902e-01,5.255408672315449170e-01,4.257750539454361327e-01,7.638753152178051620e-01,1.559782116063561097e-01,9.039032507226709701e-01,3.308765064974638070e-01,2.048393027612445405e-02,6.692915663654501746e-01,4.374597110494659602e-01,4.210384283632763180e-01,5.089668350137376285e-01,6.657215701836978194e-01,4.832909732956849336e-01,8.319241655824618498e-01,6.931215660991403293e-01,5.990403008963155473e-01,7.453992349874716261e-01,4.571033069145773453e-01,7.977458542230375649e-01,9.006363194474611977e-02,-1.328801024601815040e-01,5.771114787765062593e-01,6.942890154059651042e-01,7.236814247730994909e-01,2.121007775923058891e-01,8.979040277807806003e-01,6.715295116415649357e-01,-1.836831415906070297e-01,5.347328936009012601e-01,5.447050674697240247e-01,7.090574146134730471e-01,6.342457668595842257e-01,8.954028363597686668e-02,8.074636833653265899e-01
8.088309258020160986e-01,9.704261639387044003e-01,8.768595225462032516e-01,6.771959590884836233e-01,5.669318184597120780e-01,8.904231627556019601e-01,9.796337695204566653e-01,7.844522377982374728e-01,2.327746457922530154e-01,8.519879894903310547e-01,9.924150551617177962e-01,8.175134141282365263e-01,9.953886342792946096e-02,7.538522374987249863e-01,4.103699099842213482e-01,6.970263659167648118e-01,0.000000000000000000e+00,9.874749900685411141e-01,4.460072902607371548e-01,7.858702466037768009e-01,3.379404666754431408e-01,7.080422563569181982e-01,6.773955818449297617e-01,8.749250491218460990e-01,1.795824425760790266e-01,6.498815659710514003e-01,9.399685739589378475e-01,7.479934408880131169e-01,1.434007741562055016e-01,2.298548633233762906e-01,2.209049172584645268e-02,9.131475619881006534e-01,6.505552588111127577e-01,4.987612795418613354e-01,9.205026292843216940e-01,5.207235074111188355e-01,3.891123768506957181e-01,7.873309738628482268e-01,7.553933092914651981e-01,7.605669192798136802e-01,4.549657466696066695e-03,7.835916234325108753e-01,8.074048667634142751e-01,9.204455866660264940e-01,9.763100545136413899e-01,8.606338419120903582e-01,2.951302040878729938e-01,2.478981453063999196e-01,4.212028420395367290e-01,5.367931510495727032e-01,8.500097125860115455e-01,3.336201749227228897e-01,6.208952767738812328e-01,9.520495326972855388e-01,6.277391640944333939e-02,7.014615276290966372e-01,9.225693498801660342e-01,8.020588394625859374e-01,6.267727687946650361e-01,-2.584444475744768210e-01,5.652699986564797552e-01,9.031405579833561292e-01,5.020369410420085776e-01,4.706581989307951353e-01,9.536117703441248095e-01,6.623270462442422124e-01,8.704088154812971156e-01,8.476803779138377681e-01,2.855610157325091936e-01,6.962095667409423649e-01,3.638256773863677851e-01,2.058968440242034403e-01,4.048420760274257790e-01,2.704898771145369807e-02,7.333543556463696378e-01,7.126666891648041346e-01,5.098369728780428600e-01,9.222203848891362687e-01,3.080351544583494472e-01,3.813454587736401225e-01,6.048136872501400640e-01,7.895676999180464284e-01,6.461639377558792141e-01,2.596699526975297934e-01,6.625983178480127078e-01
7.626628334831373479e-01,9.419355893720908757e-01,9.759754226298846813e-01,3.676370085670276344e-01,9.417278076723950564e-01,8.988668673942764586e-01,5.022415314056823954e-01,5.984018770416040800e-01,7.047188299893358820e-01,6.224555794991715185e-01,7.616133403859965956e-01,7.571884292372710323e-01,3.025901439735667053e-01,3.834645528010415250e-01,5.453190152605779106e-01,6.763116744679020798e-01,9.874749900685411141e-01,0.000000000000000000e+00,4.609057874055355608e-01,2.755253935454130554e-01,7.557646790715034646e-01,7.589001424323065237e-01,2.372120623899972580e-01,8.162654114918073134e-01,2.595489732694598040e-01,6.984631859474790261e-01,8.886313670389487385e-01,4.894691536859360204e-01,5.010508222013694279e-01,2.779057614082553473e-01,3.343060442376621921e-01,4.704592317096243925e-01,6.041251271254245436e-01,4.235241494141994134e-01,3.691866910301010996e-01,3.334565729042064941e-01,4.431460949944536765e-01,6.559009730717766384e-01,6.123624968454178807e-01,9.687106172419160943e-01,4.384492894318051670e-01,3.028796138506223978e-01,9.879559290359873902e-01,2.780483437628278320e-01,8.332843414049916353e-01,5.517544391666844295e-01,6.453086248685383497e-01,3.726401903507081670e-01,5.212549531865460217e-01,3.115326639860750979e-01,5.458164344732800988e-01,4.017956182082474403e-01,8.169480980761552047e-01,4.463007124326791586e-01,8.115282820351131798e-01,7.771550812834886468e-01,9.768171104425829032e-01,4.216577994783337058e-01,3.248663262785283501e-01,2.281067072958735120e-01,2.433830489026822530e-01,7.649860080123617179e-01,6.730864256083909369e-01,5.772047902931193297e-01,8.790796763857181562e-01,7.810721439924176446e-01,6.853677965109551407e-01,5.071536435191099645e-01,3.003933065577066991e-02,7.782668650514885655e-01,9.047707280963991350e-01,5.912464863169071272e-01,4.495953011942747102e-01,5.029235162345117027e-01,4.118742616352601971e-01,4.294070498641538447e-01,6.224038671203637740e-01,4.612270202768235516e-01,4.656513234705568494e-02,4.011341982600338252e-01,7.358196093785520642e-01,4.350099881327419427e-01,6.629278832414615685e-01,4.270262860774980823e-02,5.497016515805357439e-01
