0.000000000000000000e+00,2.181235229043531898e-01,6.414481134411077479e-01,9.443430176044591562e-01,2.588403581329344338e-01,8.920436262921116466e-01,8.528760630861051961e-01,4.351264772151099969e-01,7.570276924834407062e-01,2.100845356291320409e-01,8.067874772931998839e-01,5.153058209312715299e-01,7.511328872379872124e-01,6.980901552444485070e-01,8.119003009056600106e-01,9.581923409732145958e-01,3.926364600790929749e-01,6.850249965616539427e-01,2.066467266185806062e-01,8.686212277170013429e-01,6.342937480360112401e-01,9.119218016444093911e-01,7.640491141798453345e-01,8.349477618703209369e-01,6.770479373355247077e-01,7.598562300123232749e-01,7.727083302532471443e-01,9.389726914218691212e-01,2.946468396115120014e-01,1.991610153681584727e-02,3.845167532329653026e-01,6.046522341723906679e-01,7.430848028438530317e-01,4.937518244244436527e-01,9.853152557691829960e-01,3.821418490917171118e-01,1.093440759899332593e-01,7.449395413539522393e-01,7.399067028306389737e-01,5.453930825698014573e-01,3.548639228916223853e-01,8.609578146705754165e-01,6.688834884135460568e-01,6.995845293151108368e-01,9.662950249456677687e-01,1.892641826244550185e-01,5.904276539543624747e-01,7.448194612950846949e-01,7.570611214461339111e-01,4.528644050709852431e-01,6.822481921623390067e-01,6.740922845551101661e-01,4.826563701756284575e-01,5.527480687455608166e-01,8.343621362181909973e-01,2.666584931806158520e-01,6.644339378490697889e-01,7.548202582841165853e-01,6.013280323281422479e-01,1.063156871629565847e-01,4.808123337734256930e-01,2.918448953513789190e-01,6.478495695806421040e-01,9.671462593724113876e-01,8.602316484495076132e-01,7.928895803480586757e-01,3.269995101901538304e-01,9.465114533035118294e-01,8.237893529833426598e-01,8.461760942609731773e-01,5.124594987750981101e-01,7.081690920641626752e-01,1.871095873526098241e-01,7.272646892605293123e-02,8.056252715865438452e-01,7.266388895863087338e-01,9.302357476362983491e-01,8.550080756851683450e-01,2.557865029057775352e-01,1.812446580113418193e-01,4.348091754699430211e-01,6.404619414041357039e-01,9.800209348496442541e-01,4.196231070065280511e-01,5.341035311961200849e-01
2.181235229043531898e-01,0.000000000000000000e+00,4.774807386182963742e-01,8.954829305876158552e-01,3.547680149283334861e-01,5.722923984989727320e-01,1.310502026295710110e-01,7.139960349710204879e-01,7.625669247734162548e-01,6.234757747847964326e-01,7.792502075147013096e-01,7.605475943698993824e-01,6.913117418371562684e-01,8.092791265583944016e-01,4.863319952818593861e-01,8.868074632655610356e-01,3.132355045780743641e-01,6.559657750043802471e-01,4.467914882487148409e-01,6.448694369110422597e-01,4.573139361211782106e-01,6.593174524814779947e-01,6.444061140330425985e-01,8.241423121917699213e-01,4.431143571732172881e-01,8.403936186186089508e-01,6.496415907129988732e-01,5.942255283869564142e-01,3.147827243308037315e-01,2.591366322340037387e-01,4.155358073169316269e-01,4.662172499090616595e-01,5.243864211735822511e-01,8.890277383783129483e-01,7.263076824932975795e-01,2.803026247782604008e-01,5.939711349425619291e-01,6.892059360738188589e-01,7.435845074910021335e-01,9.901955606284160716e-01,9.276963012218232274e-01,2.887004690403592866e-01,6.749827487143897908e-01,7.005160777973744590e-01,4.031569686801039776e-01,7.524906123964246740e-01,6.419313060890176059e-01,8.343799601838347568e-01,5.420607733573362674e-01,4.747267294107145874e-01,5.872796873387231553e-01,8.681362465763502456e-01,2.369318763553690532e-01,2.790139134462695791e-01,2.133893559533738826e-01,4.810471810490981048e-01,2.864303455352573136e-01,5.487183783356638367e-01,5.017923085104734060e-01,5.394425065813425180e-01,4.232425684634679164e-01,4.663631733121305634e-01,5.912757220594071494e-01,9.251434458356012636e-01,4.223442301821003775e-01,2.112592392350303439e-01,9.874984673354385567e-01,6.885763254372465614e-01,4.511375272545908310e-01,6.057891393772584232e-01,4.313114799251808185e-01,6.261420859246243920e-01,3.649883818993507889e-01,6.717568751589964027e-01,6.892720746273766075e-01,2.129785251517979650e-01,5.582118661941713050e-02,6.529087865567680948e-01,-7.518336676421574771e-02,3.564164019890440627e-01,5.855280147480845798e-01,6.615383338918906508e-01,5.217568029574451982e-01,2.515322549229452864e-01,7.253945113053357208e-01
6.414481134411077479e-01,4.774807386182963742e-01,0.000000000000000000e+00,6.029347323064838671e-01,7.547373636573680988e-01,6.759090970613668148e-01,9.064238457881783617e-01,6.738623715831491001e-01,7.794516455613145212e-01,7.289654656106371311e-01,8.583613281896800284e-01,9.536455672058871125e-01,9.172292992947073120e-01,6.793939495788602345e-01,9.923642290456221593e-01,8.523144698433833266e-01,9.127917261542040084e-01,7.569386925242388431e-01,6.985648941625871577e-01,7.473358332770774215e-01,4.111101231922632548e-01,6.992779158714886867e-01,2.299159132500567249e-01,7.963885259256117122e-01,6.409224489163463101e-01,9.828721680690766238e-01,4.518290835232250946e-01,7.448823384349588794e-01,4.364540054125095048e-01,4.355979187583764456e-01,5.620832891685060284e-01,7.437203598134296545e-01,7.458366852958535631e-01,7.262027291674172380e-01,4.776501755685402806e-01,4.881645063243948979e-01,6.689209364279909142e-02,2.291296494958961483e-01,4.438719946554229856e-01,4.592553922820574175e-01,3.488980187878156780e-01,7.520170099138366870e-01,7.858624141932757379e-01,7.809644841254504977e-01,4.625502847956327601e-01,4.524700571392739623e-01,6.827601814193868801e-01,7.141848470407821114e-01,8.281476707203595522e-01,8.417288806972063053e-01,7.980446352691847878e-01,6.859094990555769655e-01,4.014726056096167284e-01,9.493922683722009204e-01,4.647654267259681005e-01,9.955621051991196957e-01,9.496759532898321199e-01,9.660236899533418686e-01,7.758433338660213341e-01,3.155415322687926682e-01,5.277870685323728939e-01,9.733149453120901740e-01,8.833486471308908961e-01,5.993302490914853564e-01,5.688288692844074568e-01,9.282964644935816079e-01,4.964090711194439343e-01,9.717165980350741528e-01,5.506218470541580645e-01,8.736099936903547469e-01,7.504906840259654155e-01,7.561181846826614539e-01,5.042989302131372087e-01,9.666030191764425628e-02,7.103475027065979663e-01,6.397986546970908517e-01,6.742999042343635896e-01,6.496282482385942192e-01,3.440012070830961721e-01,5.134472574724513461e-02,9.773792576869033688e-01,3.640157153520854338e-01,9.007616234252160403e-01,9.554677880853550409e-01,7.266425330870316390e-01
9.443430176044591562e-01,8.954829305876158552e-01,6.029347323064838671e-01,0.000000000000000000e+00,4.834058486724090442e-01,4.666119929690640267e-01,5.369694545473183700e-01,7.389651485284814969e-01,6.791514854013687152e-01,9.755016121916140204e-01,3.101579974442603138e-01,7.036285909302671948e-01,7.262000498401579573e-01,5.580449672644922643e-01,7.562349580153465700e-01,3.074621637695266196e-01,4.287976675500732582e-01,9.663232356887978547e-01,5.666894846912525763e-01,8.882888114324689610e-01,9.365291354842816274e-01,2.296910620927340163e-01,3.483721602172353826e-01,4.495314624495488354e-01,7.083937846785178793e-01,7.472617172605646729e-01,3.287332733011250063e-01,8.631957309099840270e-01,5.721494295302376187e-01,4.163830039249637460e-01,5.862073673129681861e-01,5.575370031048498820e-01,9.641844713973674041e-01,3.790295622908579354e-01,7.873109775383027031e-01,3.513521907572321190e-01,4.771630197492320313e-01,5.600873678823470314e-01,8.642614789917268947e-01,6.093180847066594907e-01,3.200887470675038982e-01,7.389841670665435736e-01,5.739012688404738771e-01,4.037949938179917764e-01,6.165391236323621849e-01,5.851068090829807389e-01,7.154769800319037421e-01,9.076087661801567341e-01,3.767573961991157461e-01,6.063594826309387509e-01,7.134706661629056645e-01,6.982308845648147466e-01,9.619709564873397678e-01,9.941296439108397998e-01,9.874780765070525490e-01,4.356171874901934582e-01,4.764218293690924977e-01,6.443083472128059430e-01,2.245144836600310723e-01,5.301916867029349278e-01,2.560971871815924672e-01,7.699160782254982349e-01,4.394029573812494593e-01,7.596219829879805596e-01,9.451546991691563981e-01,9.622889473900911872e-01,9.531166473320791255e-01,6.134374072083971230e-01,5.830541277014643642e-01,5.585991337756219810e-01,4.788861582959862973e-01,6.849575041774396134e-01,6.655852183442620973e-01,7.122098070692101102e-01,4.314834176536160026e-02,7.199992918811211062e-01,3.657571074870050731e-01,7.697213765664135954e-01,5.998397640792304530e-01,6.116067626072896335e-01,7.142880934594282305e-01,8.746076934355391241e-01,4.400744055205416672e-01,5.983537457839120943e-01,8.019293607756549092e-01
2.588403581329344338e-01,3.547680149283334861e-01,7.547373636573680988e-01,4.834058486724090442e-01,0.000000000000000000e+00,4.188511277919781950e-01,4.174443199246525293e-01,8.686774537035241162e-01,4.359585639831846104e-01,4.088312387359219757e-01,1.392647495558942683e-01,9.724023644395269894e-01,6.270834487136774937e-01,7.782744384904850543e-01,2.545789949922659390e-01,7.459505080149100298e-01,5.627469718239289653e-01,7.522943727054349772e-01,7.911163156480607306e-01,9.191325958165184051e-01,9.370233242364611748e-01,5.527248606481122151e-01,3.893842888341790265e-01,6.071588712520020747e-01,2.053865644975361171e-01,6.946701742803748081e-01,8.450942259754219421e-01,6.071670251981031718e-01,3.228973626893696242e-02,6.971840638697813786e-01,4.997165976321825132e-01,6.868642612034655537e-01,6.955906258460048397e-01,7.165668339657517150e-01,6.362350544694765908e-01,5.268471576369799791e-01,3.370278143204369359e-01,6.776348929003913613e-01,7.239937132289504529e-01,6.256133405869597208e-01,4.047335693162651959e-01,6.111731277211853719e-01,3.582576689608331089e-01,8.771059954106786849e-01,7.933883232757110715e-01,3.493298596873807838e-01,4.901428173735623561e-01,6.347578767885423412e-01,7.587615955288424807e-01,7.080349380216338639e-01,3.503876980986160294e-01,8.542525646882661583e-01,4.108705819867721765e-01,8.384314281227696064e-01,9.231662793291512958e-01,7.693365871164873360e-01,6.146016088123080756e-01,4.056599721150395688e-01,5.469681147588425496e-01,4.185618064256989568e-01,6.632693233095502405e-01,6.506676697844393509e-01,7.801610766706236211e-01,7.064838357849830830e-01,6.084248491113217749e-01,2.241110108363998932e-01,8.017066348051994362e-01,1.233279593439074867e-01,2.559680891061936192e-01,6.722548786869599891e-01,3.348747656948002360e-01,2.835215154317475283e-01,2.164496133033075309e-01,2.611222269078532499e-01,9.158576423737300187e-01,1.789978465700873267e-01,9.812450259134303243e-01,5.134904642144746401e-01,7.110000091559447455e-01,3.034548920562317176e-01,3.378999967313783825e-01,8.871237850648724388e-01,1.494894716328969697e-01,2.236770766870811444e-01,6.098591200919443178e-01
8.920436262921116466e-01,5.722923984989727320e-01,6.759090970613668148e-01,4.666119929690640267e-01,4.188511277919781950e-01,0.000000000000000000e+00,5.947218593684104881e-01,4.268538833500068463e-01,6.208847367151962837e-01,5.323539669375594308e-01,7.569225015029765746e-01,5.698510126629179329e-01,6.752624439223660069e-01,6.519166181585304143e-01,8.953654723384476544e-01,7.926126904320920374e-01,7.878866852830591627e-01,4.179072217195298200e-01,8.897794523830990787e-01,9.356592538528530900e-01,9.727138370061451100e-01,6.643377750664727355e-01,5.205036514185494845e-01,6.414489681738185789e-01,4.045817921381730242e-01,6.930883061430800351e-01,6.354439907582142277e-01,5.609807858879956033e-01,9.685938323974639663e-02,5.953431988450068602e-01,5.763937887197070897e-02,7.858024763896883647e-01,4.728898351987397275e-01,4.898693251765252610e-01,8.242886574138944544e-01,2.582259821070188033e-01,3.841892230656393514e-01,6.121237104952029218e-02,7.912395056716490238e-01,5.924423026960652372e-01,4.350272332908198258e-01,4.106571794327693592e-01,5.756988437892451849e-01,9.932857029876978050e-01,9.004168785434879529e-01,7.611703150869293388e-01,8.494999346820852892e-01,8.790231143108602208e-01,2.922760729028936466e-01,7.969388975523803431e-01,7.299988570765447715e-01,3.876824280446495852e-01,4.591149204659523975e-02,7.846943590990879125e-01,7.100759780878908023e-01,6.479121099871729683e-01,4.949578867716358799e-01,9.363192137867405451e-01,8.527672489188444782e-01,4.938224786661231658e-01,3.121307965649285365e-01,5.470932029732337165e-01,5.491310981502834920e-01,9.561520807011936185e-01,6.599421084734462539e-01,6.654098504773749978e-01,7.750725536093632240e-01,9.955892141225035630e-01,4.594749542250909924e-01,4.135040378327582977e-01,6.457596177030713314e-01,7.331891895673212645e-01,2.825356490385599328e-01,5.023826244227318494e-01,3.177308724855595901e-01,6.847667765670575335e-01,3.476987253094026009e-01,7.391193876090594861e-01,3.750127978073283797e-02,7.333931986452357776e-01,5.743602371656788552e-01,6.766477947617138833e-01,2.181727022189783871e-01,3.350008029779434349e-01,9.069511875910512000e-01
8.528760630861051961e-01,1.310502026295710110e-01,9.064238457881783617e-01,5.369694545473183700e-01,4.174443199246525293e-01,5.947218593684104881e-01,0.000000000000000000e+00,9.676168754565439567e-01,4.425893755623792059e-01,6.416151192464722985e-01,5.359987341480253464e-01,6.468847713848728809e-01,2.306537947505577502e-01,4.248506965420627557e-01,6.376241001846776335e-01,6.199809177237888269e-01,2.144070413654799445e-01,7.735646081987178624e-01,9.881857411738850239e-01,4.011954466540687547e-01,3.034749403083626951e-01,8.465134581384271550e-01,4.817329872246065570e-01,5.618889778160840454e-01,9.548097809078867071e-01,4.056896491836213259e-01,4.355399750176649487e-01,6.369672752512187675e-01,3.062357369405300789e-01,4.931935945549890121e-01,5.367091467156357432e-01,2.938408246873002727e-01,2.312140486559128572e-01,2.684417558161922845e-01,-1.885667294025595297e-01,-1.397249486931552709e-01,5.391448031613697012e-01,3.435442006407887217e-01,8.971425776587492740e-01,5.323075205672634924e-01,1.578824067584552390e-02,2.394663545752919731e-01,9.817191347091197562e-01,7.870504731178711300e-01,5.599043365608268319e-01,6.593927927673363110e-01,3.122122674202369996e-01,3.841516762177049626e-01,3.103066171898700709e-01,3.612992062527782267e-01,6.026000190289900749e-01,9.764467905595216601e-01,6.500018986104859620e-01,3.459938893942221538e-01,3.083701728266329822e-01,2.579223046107561590e-01,4.002270376947156261e-01,6.001453578205312445e-01,6.299480960584373790e-01,4.445923682025159640e-01,5.344107411123124596e-01,3.266194776046000281e-01,4.547163504133407419e-01,9.982717350785716981e-01,6.164149333507855655e-01,5.898497363222272583e-01,3.649091194426514750e-01,7.510800142794948897e-01,5.976931024148091076e-01,5.654809413466122675e-03,6.507423373995826488e-01,4.309779725332572031e-01,5.573320888835209264e-01,4.334009880813188137e-02,-9.781917518532762257e-02,3.007291645777304678e-01,-3.194218305912141509e-01,6.186235243434033970e-01,2.556867339254446092e-01,3.453105080509191183e-01,5.391511448112985549e-01,9.353366648721234133e-01,5.725539196623422589e-01,-1.277331599759514158e-01,6.490113414102701705e-01
4.351264772151099969e-01,7.139960349710204879e-01,6.738623715831491001e-01,7.389651485284814969e-01,8.686774537035241162e-01,4.268538833500068463e-01,9.676168754565439567e-01,0.000000000000000000e+00,2.978496405573543004e-01,5.114483442005871572e-01,7.706846038276962130e-01,7.358387762929595732e-01,3.961802833611995922e-01,9.760997546799410340e-01,5.199025338673128882e-01,4.578375492288881965e-01,5.978657146850085979e-01,6.961147678902185332e-01,2.562374123734106335e-01,4.212999335733536022e-01,8.237972007746758862e-01,2.128706815319388324e-01,2.208532054685053425e-01,9.746989116664847019e-01,6.853081480606451059e-01,5.581974305106492951e-01,2.050586295541547699e-01,7.063118040945596254e-01,4.735321439915353148e-01,3.474539828486192805e-01,5.476423196165591811e-01,4.902571029898208921e-01,6.126566127386082194e-02,4.581117482737175894e-01,3.297823773708026818e-01,5.896577368335851332e-01,4.929395375426124382e-01,-1.536154028218016387e-01,5.791067700058100121e-01,5.839093858930677339e-01,7.199122043707484320e-01,8.741431593406929768e-01,4.044476634801954518e-01,5.400148733326795014e-01,9.572725290006652843e-01,5.250461389176052096e-01,3.476042769777342167e-01,4.660747395534917126e-01,3.211498167501403156e-01,4.226410079329384617e-01,3.376052714293097390e-01,3.715187045208798722e-01,5.941198313850650781e-01,7.252594732340793271e-02,5.225664220400165760e-01,8.080811274345173212e-01,6.841684196504594917e-01,5.973110314446575808e-01,8.759598798311991619e-01,4.311916594802340796e-01,3.565073390134475551e-01,3.023660686389789132e-01,5.319021757882537171e-01,4.602292274893904356e-01,6.603208665355013718e-01,7.631962571581747401e-01,7.281862664681577613e-01,8.820412622723768914e-01,3.008454627288247307e-01,5.740507011490708633e-01,3.249794781924553178e-01,9.970726410556004504e-01,7.527214320147257443e-01,6.992484698087754191e-01,2.985041543534299180e-01,7.309497480356643706e-01,-3.137922886059699157e-01,6.233169704860855864e-01,1.767112836424090672e-01,1.829086937828687254e-01,6.886469198972748895e-01,7.528913445319173059e-01,6.625848773340849984e-01,3.360870610544816062e-01,2.971446199093253915e-01
7.570276924834407062e-01,7.625669247734162548e-01,7.794516455613145212e-01,6.791514854013687152e-01,4.359585639831846104e-01,6.208847367151962837e-01,4.425893755623792059e-01,2.978496405573543004e-01,0.000000000000000000e+00,4.944831536085206869e-01,1.974944130780810492e-01,4.291140376256227240e-01,8.862666135395881328e-01,9.273707328288642859e-01,5.017398595151846274e-01,1.005000495707308872e-02,5.543315318554763449e-01,5.952962546580643499e-01,4.531624548096438443e-01,8.658625770847765413e-01,4.116479444799044929e-01,2.656581857975011673e-01,6.423021658071413897e-01,9.717535970977910775e-01,5.597726160779747939e-01,4.314153288378309026e-01,8.628048348811777624e-01,2.301976830724512535e-01,2.855222199512534309e-01,4.180699064435748347e-01,1.500326168985915976e-01,7.789129622780307516e-01,7.636713430097548105e-01,5.469260705872378558e-01,3.330012421507209108e-01,7.336852143912432345e-01,2.144465681548282932e-01,8.076832120977145424e-01,9.126731089461509461e-01,4.253629510105294553e-01,4.722423501645306998e-01,5.041870937527805907e-01,9.983791873780933912e-01,3.917807139287190488e-01,3.706417822715297739e-01,8.892387817979741094e-01,9.051334802795939494e-01,5.346355611548248010e-01,6.918923671622539961e-01,3.140950319678695868e-01,8.198113516908202003e-01,7.011692958668476194e-01,9.828075879878248600e-01,2.063431141308338934e-01,9.730436212040477484e-01,7.103234655322475666e-01,6.831870145532197292e-01,3.440963256307411067e-01,8.878424600922932841e-01,7.747597493979279104e-01,2.418064153494842439e-01,5.662706502248391338e-01,4.561372808742050200e-01,4.096324025178199602e-01,8.158252708674743614e-01,5.752560030294234794e-01,5.017327628141819984e-01,6.114772781044749417e-01,2.390207647079505560e-01,4.524819914360858619e-01,9.208012784111974103e-01,5.946271241646163830e-01,3.701341921434566501e-02,4.469605644785603071e-01,2.928443867501080711e-02,4.345726160433395768e-01,4.220116143028155298e-01,4.160247791440610521e-01,3.058124557823182488e-01,5.924459854683032933e-01,4.856911879139632626e-01,4.822300718192768509e-01,4.360032462309332280e-01,9.213138801233855535e-02,6.986034017542112062e-01
2.100845356291320409e-01,6.234757747847964326e-01,7.289654656106371311e-01,9.755016121916140204e-01,4.088312387359219757e-01,5.323539669375594308e-01,6.416151192464722985e-01,5.114483442005871572e-01,4.944831536085206869e-01,0.000000000000000000e+00,4.709400238097330438e-02,5.702529870564406744e-01,3.306356057169177604e-02,6.257677085742074929e-01,3.387666314798993272e-01,7.017128836616640664e-01,2.022796445353465811e-01,6.006000027303444178e-01,1.625761517676689583e-01,8.944833795938510468e-01,9.797862749563094331e-01,7.976043651175594995e-01,1.508898288852578151e-01,6.035091157636112147e-01,7.054114319025950319e-01,3.365054862715447515e-01,3.957872019041276390e-01,7.089079493266048360e-01,2.622608655642313380e-01,4.141501397703075127e-01,3.396356568867572312e-01,5.960938379806494103e-01,7.152785473546416917e-01,4.582093855300032881e-01,9.255931231290155381e-01,7.388495954686107314e-01,3.909053633521173410e-01,4.274102287296408509e-01,6.285733270770093029e-01,6.005825234150358183e-01,6.444552911756790126e-01,6.111069863250406797e-01,7.354991036863582909e-01,6.919441992019421672e-01,6.811250747785461135e-01,6.847877829816311213e-01,1.891649056128064240e-03,9.538673170201951157e-01,3.497156245469457692e-01,3.613739766319887803e-01,5.739841445516508101e-01,4.479664679145597406e-01,9.600284452089994369e-01,6.231747906718526631e-01,2.988905214489204210e-01,6.592605287434513128e-01,7.626559443864958654e-01,5.074622537286133106e-01,5.823622049386800725e-02,9.487147936075213117e-01,5.031874943102796482e-01,3.113222883930680251e-01,6.539670036333273817e-01,6.630688891435618793e-01,7.042204249375091374e-01,5.562118621759163384e-01,6.454048434089254549e-01,9.175061009479770213e-01,5.903591057281581955e-01,6.126048118055406055e-01,9.563183982398791860e-01,4.741399094745848974e-01,4.339492706280329015e-01,3.000750129177474079e-01,8.517760311816642282e-01,2.126394207969869998e-01,6.612224000879718400e-01,5.440868927552113821e-01,4.966869841792991846e-01,-2.768300011635204672e-01,2.126501354000937538e-01,8.607956137443201206e-01,5.985566760838496592e-01,-1.838486555830623481e-02,7.552063193559489518e-01
8.067874772931998839e-01,7.792502075147013096e-01,8.583613281896800284e-01,3.101579974442603138e-01,1.392647495558942683e-01,7.569225015029765746e-01,5.359987341480253464e-01,7.706846038276962130e-01,1.974944130780810492e-01,4.709400238097330438e-02,0.000000000000000000e+00,6.563750443332300177e-01,5.652245851237521768e-01,4.155027745920876203e-01,7.466376592323864525e-01,3.761354820298866697e-01,4.213265945071138496e-01,6.954081996230656593e-01,6.430260176640871794e-01,6.281009152764464032e-01,5.505727865497854756e-01,7.517114089091094797e-01,7.229590537142363549e-02,9.887228404229557732e-01,7.674838037438727056e-01,6.099533386306238425e-01,6.755262879866479331e-01,4.199869976165646612e-01,3.850420996569284826e-01,5.623433917747782118e-01,4.094042112651435916e-01,6.592319250608004166e-01,7.096796131073240810e-01,6.270364448663932055e-01,5.712894940651268572e-01,6.047788320910560955e-01,2.063239704591909307e-01,6.100537260492121527e-01,6.362945425101997898e-01,8.710743549844557343e-01,2.226986316427179979e-01,3.853956503045214976e-01,9.031951801856433759e-01,7.953610899651840649e-01,9.999418806612667687e-01,1.572051516379449274e-02,4.542659529854518041e-01,6.644406769742405849e-01,7.089599807693012234e-01,8.757214350902143840e-01,7.812513814903646603e-01,7.946434141089564474e-01,9.530325422120227152e-01,5.203792500601647220e-01,9.392707729512090875e-01,6.258298088692885175e-01,6.312485047644726677e-02,4.422734179834993395e-01,7.901397029969189356e-01,2.028190273677531463e-01,6.143412541578842090e-01,1.301957778218209572e-01,8.860339934380899729e-01,7.305646772412944800e-01,8.105428559252121357e-01,4.816872860930135891e-01,6.632277795514686103e-01,4.764128211244567090e-01,3.804675884383926787e-01,3.117535997738797304e-01,5.293539929640731501e-01,7.849978508030892588e-01,7.479187533106907981e-01,4.924959402177360168e-01,1.298857414159445833e-01,5.361667379342338613e-01,4.934045170058036223e-01,4.176110207426224630e-01,3.148412975688542614e-01,3.325057782094152370e-01,7.126798177183505389e-01,5.653486868809893817e-01,6.274711215059315395e-01,5.519310889285237165e-01,7.777337451809478441e-01
5.153058209312715299e-01,7.605475943698993824e-01,9.536455672058871125e-01,7.036285909302671948e-01,9.724023644395269894e-01,5.698510126629179329e-01,6.468847713848728809e-01,7.358387762929595732e-01,4.291140376256227240e-01,5.702529870564406744e-01,6.563750443332300177e-01,0.000000000000000000e+00,4.695707316719713309e-02,5.044558993212383546e-01,6.609525328416858692e-01,9.385125655430126557e-01,6.434245311743007623e-01,5.021300668522474808e-01,5.481323370740314171e-01,5.718749528242267344e-01,5.227616067798445121e-01,5.797741324394303231e-01,4.680884779296266007e-01,4.391697226022526213e-01,2.955996245086831564e-01,4.882123381219672931e-01,8.284361447137075229e-01,6.404058932474228083e-01,2.746145291899312335e-01,2.936775193769978753e-01,5.964384806296716413e-01,2.390300087921368166e-01,6.734785517157744206e-01,9.088155211052386662e-01,6.020078428768251833e-01,5.324105020010843070e-01,5.387546487310350685e-01,5.150360086010838945e-01,6.860751015349645376e-01,7.371600674895438798e-01,2.566603029414133985e-01,4.882224450952626360e-01,9.181617260514370882e-01,9.180702856801002953e-01,6.450068333767207118e-01,6.329445355096395831e-01,1.125942229599802974e-01,6.377464232012939327e-01,5.561688231232368995e-01,8.462779845032266657e-01,2.776784915200981030e-01,7.102563676364805900e-01,6.134386301508905071e-01,9.921998272810643726e-01,6.382630839321901117e-01,3.476574142384218913e-01,5.474458049734355347e-01,6.424395751058421533e-01,7.969213048726959681e-01,2.870952662481167650e-01,6.327760911781969977e-01,9.983381254556273898e-01,6.633789849788739312e-01,8.333874639201278578e-01,3.628864905839351840e-01,5.354148119265849104e-01,7.364060422066539546e-01,4.393105599870999467e-01,3.565489849002965173e-01,5.265068547501474683e-01,9.894724965742591749e-01,4.021067054373077543e-01,4.271162645528764901e-01,6.803565583280730689e-01,2.164771999108507927e-01,9.258537988039104716e-02,9.350799654303878494e-01,3.987170216902923281e-01,6.196322270795798781e-01,3.319134468869674448e-01,6.212628878941331978e-01,7.184979047192485702e-01,8.609919264678844719e-01,1.047676856773686327e-01,7.658492985898930350e-01
7.511328872379872124e-01,6.913117418371562684e-01,9.172292992947073120e-01,7.262000498401579573e-01,6.270834487136774937e-01,6.752624439223660069e-01,2.306537947505577502e-01,3.961802833611995922e-01,8.862666135395881328e-01,3.306356057169177604e-02,5.652245851237521768e-01,4.695707316719713309e-02,0.000000000000000000e+00,7.320722374315558056e-01,7.394044182384000852e-01,4.295426339432861784e-01,6.957618097213428277e-01,2.434170172345167804e-01,6.959255249624943795e-01,3.470060654693828406e-01,7.413615401815891737e-01,9.223460908560292548e-01,4.841994537007777710e-01,9.894317319416943146e-01,2.929171672355214140e-01,4.170982093755536968e-01,5.095892619412976110e-01,7.558273431705707646e-01,3.184348324922710027e-01,4.129537025843723619e-01,6.248820042694489540e-01,7.707381256353047494e-01,4.825610172034191514e-01,2.169256976616163457e-01,8.902457388625555357e-01,9.418739280772354949e-02,6.617675427712609304e-01,5.912579093246150830e-01,7.382751950573034350e-01,9.783013771550106430e-01,4.074692167237088936e-01,5.843023969169506282e-01,8.370524142752138186e-01,9.338062922395203858e-01,5.392987814267548030e-01,6.337938109120024865e-01,2.027542089082934595e-01,6.426453761248503982e-01,6.146326018005381364e-01,8.730661413771694246e-01,7.679302390311203430e-01,8.838324355570710278e-01,8.879438512544370887e-01,6.385316666186809931e-01,7.682715971180731351e-01,7.462843848422293647e-01,9.220798093551717534e-01,6.224857411586496303e-01,5.707754874252742860e-01,6.014976765288785332e-01,4.384936383059696574e-01,5.369930445836378352e-01,5.616084611896270395e-01,7.680296878494397017e-01,6.994867560233151149e-01,9.879326574339841738e-01,9.649078268278721282e-01,8.568951089594916137e-01,1.640127489696094620e-01,4.461498715713773100e-01,9.325038024596852271e-01,7.417276228266395099e-01,5.215752522753813736e-01,4.566238017254478088e-01,7.699540297448519421e-01,7.027691811669356525e-01,6.787110984552826576e-01,4.245728142750204714e-01,2.311093804503782656e-01,3.280057225938038945e-01,7.956857369763230547e-01,7.157513974263829404e-01,6.906122641524466976e-01,4.911923406186380348e-01,7.744082110567173105e-01
6.980901552444485070e-01,8.092791265583944016e-01,6.793939495788602345e-01,5.580449672644922643e-01,7.782744384904850543e-01,6.519166181585304143e-01,4.248506965420627557e-01,9.760997546799410340e-01,9.273707328288642859e-01,6.257677085742074929e-01,4.155027745920876203e-01,5.044558993212383546e-01,7.320722374315558056e-01,0.000000000000000000e+00,9.674896505219984233e-01,8.317146094595215811e-01,3.037543436902226945e-01,8.622994711556276615e-01,4.537371840346737795e-01,2.469731143398698481e-01,9.066848672060877634e-01,9.793324691232150325e-01,5.271361441604589526e-01,3.387598886305536183e-01,6.059007596149378339e-01,6.486597564346477940e-01,6.031600739455718063e-01,8.577752080921836608e-01,4.899388177612432060e-01,2.064791388639080627e-01,1.467830362557717427e-01,2.632584223493462661e-01,8.413170847889555048e-01,8.555144388977933279e-01,7.068429899020919338e-01,5.827689467584645788e-01,3.823530667324812615e-01,4.036591420162458643e-01,7.901183636260895593e-01,6.573600119980033130e-01,-7.430856269856411789e-02,1.291872393562408239e-01,3.205059623817633763e-01,6.906279852512429152e-01,8.569316774336438458e-01,4.856574817124719168e-01,4.074761691223433013e-01,9.734268204714361383e-01,7.748450288486977700e-01,6.725236121358606489e-01,9.218777127382904446e-01,6.276029455499617660e-01,5.970096499290022951e-01,6.351096407758093365e-01,7.156246157624998050e-01,9.735868946022668835e-01,3.201538767256210671e-01,7.328489886918577723e-01,6.809008105879089667e-01,7.164616015262499360e-01,6.752829460803225214e-02,8.094633588649959854e-01,5.879242668656925463e-01,9.378829821801512034e-01,6.726997549988054104e-01,6.321803673197184947e-01,4.124004741539124552e-01,6.977733977635309781e-01,7.629961012261825548e-01,4.674973237452589303e-01,4.376079698051929534e-01,7.397404179394343471e-01,4.829218220232045500e-01,2.458450280094986451e-01,5.719357405244838155e-01,8.118961366234465071e-01,6.684933107173089972e-01,3.105073136941224332e-01,7.195880077765308691e-01,9.505392945503526869e-02,7.875148024376300571e-01,7.436573933443115791e-01,9.640766356355510158e-01,6.619567211845220900e-01,5.383876376548677456e-01
8.119003009056600106e-01,4.863319952818593861e-01,9.923642290456221593e-01,7.562349580153465700e-01,2.545789949922659390e-01,8.953654723384476544e-01,6.376241001846776335e-01,5.199025338673128882e-01,5.017398595151846274e-01,3.387666314798993272e-01,7.466376592323864525e-01,6.609525328416858692e-01,7.394044182384000852e-01,9.674896505219984233e-01,0.000000000000000000e+00,7.072932019578155316e-01,4.658815334557381838e-01,6.165221918623337016e-01,7.387398579486224026e-01,4.382076427142386765e-01,8.016606291881923640e-01,6.698198054011914593e-01,4.149671566122268285e-01,1.038817923558796735e-01,5.091452405041362317e-01,2.025163190553877779e-01,3.007893568426357467e-01,5.209095191898492905e-01,-1.945924740801329433e-01,4.495988649338604204e-01,4.038114771088814337e-01,3.987997765504371905e-01,6.232713396007069084e-01,4.015244541676926682e-01,5.708585986200751528e-01,1.704938419458423837e-02,-3.530887417057750888e-01,4.388599596146048887e-01,8.454018257780148149e-01,5.211003620125090885e-01,3.974587994287374082e-01,6.301868752347618008e-01,7.728392752588185699e-01,6.851342763472509922e-01,9.115003456559628292e-01,8.310894013021447035e-01,5.885747300489956313e-01,2.219261670987801582e-01,7.539635388731279475e-01,7.592330630547512449e-01,2.283411006773324314e-01,4.463269802728525026e-01,4.419220619820000695e-01,5.499122052277749528e-01,5.178066201749106368e-01,9.363702027352398538e-01,3.256218976680572696e-01,8.131399184979324346e-01,7.801770937489400648e-01,5.292791913947980653e-01,7.399897099158674052e-02,6.411600564219124276e-01,5.786445058111484574e-01,6.305827032349697880e-01,8.622326801184283518e-01,3.830032063729062464e-01,2.581700118434657742e-01,9.093408316326480056e-01,2.736941687300513126e-01,4.691257021440485842e-01,9.837637919557852273e-01,4.262419055262461343e-01,-1.083930552703034483e-01,2.133441221657195186e-01,2.238752910514650307e-01,1.488314547827864209e-01,4.507215537984587406e-01,2.337376317951802007e-01,1.198952935858948188e-01,8.455548377184002318e-02,4.480323692653099821e-01,6.979533954250970451e-01,3.326290590577931500e-02,5.451383101463807002e-01,7.972152986049911849e-01
9.581923409732145958e-01,8.868074632655610356e-01,8.523144698433833266e-01,3.074621637695266196e-01,7.459505080149100298e-01,7.926126904320920374e-01,6.199809177237888269e-01,4.578375492288881965e-01,1.005000495707308872e-02,7.017128836616640664e-01,3.761354820298866697e-01,9.385125655430126557e-01,4.295426339432861784e-01,8.317146094595215811e-01,7.072932019578155316e-01,0.000000000000000000e+00,5.100802352547747498e-01,6.913939737927157214e-01,7.554998431843349405e-01,5.229569197875855169e-01,8.197553353526908504e-01,4.677539844945791669e-01,9.950557442642450345e-01,6.135158974406744736e-01,4.503805895704858786e-01,9.909939607218654078e-01,6.706866138353050344e-01,6.157814399192904631e-01,7.157909582963716266e-01,3.734603852294796633e-01,2.236714436840371578e-01,3.894801936930012420e-01,-2.041766575089404290e-02,5.259002448976617394e-01,9.332847779654583897e-01,3.396528078319902000e-01,5.413870628444373834e-01,6.370035871834451857e-01,6.729698610294522210e-01,8.078097218130350088e-01,2.073762354110102457e-01,8.269845721944293349e-01,6.960581335189900409e-01,9.956389328673882488e-01,4.141631223492355240e-01,7.711285967871468472e-01,4.523763351143292311e-01,2.549510651009160855e-01,2.519663909351617104e-01,9.363250616727358810e-01,7.733093752957233002e-01,5.511941393812123113e-01,6.137089446271822846e-01,6.007107812049030660e-01,9.013574419460590459e-01,9.847004259231236789e-01,6.202329789908028745e-01,5.019246379667913205e-01,6.098140947454155913e-01,7.912783994279759536e-01,4.476831006216426823e-01,4.627081229386505457e-01,7.701135406263714955e-02,5.849759025015645042e-01,6.377484538306673612e-01,4.087171207410089657e-03,9.946319872305737775e-01,8.904011458895264575e-01,6.904414605260790205e-01,4.557889341606513045e-01,6.499240591600855543e-01,6.550202752790328375e-01,6.868479416724299069e-01,7.568684207028958388e-01,4.993238707596532322e-01,6.183966765529509690e-02,4.764689138098204824e-01,6.418286930857020067e-01,1.672522893520644316e-01,1.626070228242199878e-01,5.919629781641615462e-01,9.202424794982098089e-01,6.420190507987136308e-02,5.007357925633802997e-01,8.058840034458961132e-02
3.926364600790929749e-01,3.132355045780743641e-01,9.127917261542040084e-01,4.287976675500732582e-01,5.627469718239289653e-01,7.878866852830591627e-01,2.144070413654799445e-01,5.978657146850085979e-01,5.543315318554763449e-01,2.022796445353465811e-01,4.213265945071138496e-01,6.434245311743007623e-01,6.957618097213428277e-01,3.037543436902226945e-01,4.658815334557381838e-01,5.100802352547747498e-01,0.000000000000000000e+00,7.247475509406110517e-01,7.284174734965839226e-01,9.353049630667763514e-01,6.981706743753653965e-01,8.660781204688423607e-01,7.434746762456807545e-01,4.642207030972185788e-01,5.509290390125404224e-01,4.255691974967479307e-01,5.401855633728549488e-01,7.297940796078425940e-01,5.852674114475704403e-01,1.506094805561254968e-01,3.438740336083323523e-01,7.811194684681883604e-01,9.289614229184829375e-01,9.520834492712311192e-01,6.051019781717780210e-01,3.882435807530064675e-01,4.793891819661993958e-01,6.348027906011879384e-01,7.596157901704422288e-01,8.572329595490724152e-01,5.132286500202321022e-01,2.741964861963668287e-01,6.338043656378565816e-01,6.162976467834095917e-01,9.552483735794696784e-01,4.092416977211835727e-01,9.682338960378775727e-01,8.565996010756080636e-01,8.442551974715537533e-01,9.134354287861229382e-01,7.304629630252117423e-01,6.804787017101415758e-01,4.308736630854741873e-02,8.692494063713070984e-01,4.998908145604107900e-01,9.309100030131340908e-01,3.384016012772969040e-01,6.535438635264562146e-01,6.065679499404678099e-01,-3.998193817223992808e-01,3.026214702388038691e-01,5.726025152524079065e-01,8.675472335643971133e-01,5.986139833292692947e-01,7.878920302627241412e-01,7.058696956467699346e-01,8.626014129320411783e-01,8.598043865804123609e-01,7.678692241357359949e-01,7.640627195961657847e-01,7.703317168550821714e-01,7.816044377666082621e-01,1.238332748056114457e-01,-1.996570452801511020e-01,9.985277890437638248e-01,3.939106459683819894e-01,4.313564723038453286e-01,6.987635893996319014e-01,4.532660254924680832e-01,2.826229050464341697e-01,7.874229362683621281e-01,1.061687134302862212e-01,6.480362572356965778e-01,7.494608361193596524e-01,9.234300227259947258e-01
6.850249965616539427e-01,6.559657750043802471e-01,7.569386925242388431e-01,9.663232356887978547e-01,7.522943727054349772e-01,4.179072217195298200e-01,7.735646081987178624e-01,6.961147678902185332e-01,5.952962546580643499e-01,6.006000027303444178e-01,6.954081996230656593e-01,5.021300668522474808e-01,2.434170172345167804e-01,8.622994711556276615e-01,6.165221918623337016e-01,6.913939737927157214e-01,7.247475509406110517e-01,0.000000000000000000e+00,3.704652880175498542e-01,6.605983599382718729e-01,8.242200411860675091e-01,6.085364310692404910e-01,7.138348005844995514e-01,9.896829609741893963e-01,4.053892699518640841e-01,4.797691781210710604e-01,2.436879643583069743e-01,9.622481025239852936e-01,2.684934483204460820e-01,2.496283734741513716e-01,7.165082236831136209e-01,4.066877374136440015e-01,6.957118752603443923e-01,8.037486526729110681e-01,5.044520734013446805e-01,1.777112108825043002e-01,6.674657784836482421e-02,4.110609670234852825e-02,5.060240203812540472e-01,4.805367766181339872e-01,6.101954348442171217e-01,2.130042994823739266e-01,6.718644743343331616e-01,6.630971999476064083e-01,5.434607366999134603e-01,6.324102925576458034e-01,2.897050177635345225e-01,5.952704745390962060e-01,7.177951722282702729e-01,5.768848683250841214e-01,6.821576154389633606e-01,6.974191257259568788e-01,8.427474880534375767e-01,4.600508537276506993e-01,7.980192958438055983e-01,6.977576368453914935e-01,5.618943860529470591e-01,3.129004818133417354e-01,8.654470472669724135e-01,3.027405695407726638e-01,5.104200843088401163e-01,7.692973585675981774e-01,6.713317060627350674e-01,6.066279041842187469e-01,5.096351359819457638e-01,7.497288611605089637e-01,7.113050950464506750e-01,9.264372625035984798e-01,4.227302429089922486e-01,5.994117658141625560e-01,7.686424027897759137e-01,4.766486454668695250e-01,5.167267816978102779e-01,2.060121942935510542e-01,5.976752790594457299e-01,6.585721902842225361e-01,1.176268548902514866e-03,-1.451577008506582112e-01,4.226698328668059834e-01,4.890552403740719423e-01,3.055300551632386674e-01,2.047782318280657043e-01,3.722771655138091274e-01,6.322952976966913496e-01,6.612636533123966709e-01
