0.000000000000000000e+00,3.800567495457065625e-01,8.111376012228227461e-01,9.869818044744959051e-01,7.626158057096892318e-01,7.578435950572484092e-01,7.909026767376400313e-01,9.346240821391910147e-01,5.754579195096316546e-01,4.076661390906561877e-01,8.697771199538282261e-01,8.689429625456286388e-01,7.045561898205104923e-01,9.759255054581537081e-01,6.507677458893749156e-01,5.260155019424728184e-01,5.771288839475664512e-01,9.413054250105097331e-01,4.174580652625008992e-01,8.300352996731814592e-01,9.423607615812843452e-01,6.585319733564445333e-01,6.803204137571016163e-01,6.374860715317773874e-01,4.952243987191190522e-01,4.823347264194124961e-01,6.476294381144690471e-01,8.445626244716429865e-01,1.092886834194727597e-01,5.280449303751453272e-01,2.861533572541921089e-01,3.735491474977583604e-01,5.892631684856564078e-01,8.775001153923943642e-01,6.913239788237623973e-01,5.972077799744703874e-01,7.540089399254521485e-01,4.983221510421379508e-01,9.442394061540616557e-01,6.515028729995303580e-01,4.883361748006714298e-01,9.832113033532847712e-01,6.756069460047912090e-01,9.608981942506328311e-01,2.261153407697487072e-01,9.906087850945894946e-01,8.931334683932364849e-01,7.637192101115815035e-01,6.993748742069375579e-01,4.421880644479088684e-01,5.315645735159348906e-01,9.591736239322593560e-01,9.590212894766947382e-01,9.295213489881942737e-01,9.220336156998677479e-01,8.067039847321526569e-01,5.949701163948133420e-01,4.903546443345443984e-01,6.743861047393606700e-01,6.026395164663443937e-01,5.140804174131695659e-01,7.578598371656742883e-01,6.074471604267155378e-01,8.119524524163095336e-01,8.595017700147943307e-01,9.171654596905276513e-01,9.899323592337143651e-01,7.492529403133880717e-01,6.574390566379231249e-01,7.211723788566364313e-01,7.242310785059745681e-01,8.986389882147051145e-01,1.071365287747443398e-02,1.258582462975623428e-01,2.367447150999520411e-01,7.797382727668302760e-01,9.339583734315013430e-01,7.067790569489327268e-01,1.362818528203677687e-02,5.280220176388359388e-01,3.328564315412231300e-01,6.374511991736632188e-01,9.998895317737594990e-01,3.147516858582591892e-01,6.912338326281842749e-01
3.800567495457065625e-01,0.000000000000000000e+00,4.262683645134931476e-01,6.519902485202764275e-01,5.068872575980917228e-01,9.035357903500154664e-02,5.143555972212013883e-01,6.838619409818028627e-01,1.911107484368471110e-01,6.338459972179588849e-03,7.677949289672418853e-01,6.509787975357899104e-01,4.227803578199588741e-01,7.179212618276751279e-01,1.687462731741560390e-02,3.690690407426150399e-01,8.560738493632942259e-01,5.258305775008815797e-01,7.878087178234720600e-01,7.220928245020258318e-01,7.536592956517222941e-01,6.868958308134953672e-01,5.917479163901380179e-01,3.872239907276002757e-01,5.715143136967687498e-01,9.073548066011493107e-01,3.177060357513523114e-01,4.167345831620614671e-01,6.169051976971156037e-01,3.960254661437633827e-01,2.200345138153143587e-01,4.356683695325429539e-01,4.322763297483729894e-01,7.024093495862083758e-01,4.099323339415327783e-01,5.379609267570305553e-01,1.120448718376632624e-01,5.774212502432538585e-01,4.987355319212048999e-01,8.758309576725019641e-01,6.667200042908549840e-01,5.214791376008247603e-01,6.263166201094032548e-01,5.303851727571851082e-01,3.074844720408611010e-01,7.605501326748254076e-01,5.054665120293372338e-01,2.706672523671150854e-01,7.821306275992532253e-01,7.325524549042732314e-01,2.466485956764398191e-01,4.690400610067793630e-01,5.570865728407194961e-01,2.675415467820057569e-01,5.199952893392819631e-01,5.668454815819505832e-01,6.475445517625494363e-01,7.404823961407127619e-01,7.128642021423742259e-01,5.808576484959609987e-01,3.398187848235141306e-01,4.798280805887024103e-01,8.361717004512574380e-01,7.543027882052070199e-01,2.491946030385378541e-01,6.983562256911195476e-01,5.800833454958068125e-02,9.348701446124727532e-01,4.479995356394973482e-01,6.546368782238437545e-01,6.758481739122886855e-01,7.653901316475500982e-01,6.962478564822675020e-01,1.717518229616604719e-01,4.498028387674734563e-01,5.995661005669568056e-01,7.704474547470873125e-01,7.847756662002335348e-01,2.798817490032632360e-01,3.109153736254220979e-01,7.749701832589626083e-01,9.062179321304554280e-01,8.929914424472601420e-01,2.109633689769694898e-01,2.737056468856091662e-02
8.111376012228227461e-01,4.262683645134931476e-01,0.000000000000000000e+00,6.138374669079161849e-01,3.907339004611457556e-01,7.826430215885065156e-01,8.405127205979238125e-01,8.032710654780467197e-02,6.285939566541305368e-01,9.041604408345942367e-01,8.439735257769919174e-01,2.369551532245465497e-01,6.359805405003712275e-01,9.585503077663731775e-01,7.484600147285931371e-01,6.468777370210097022e-01,6.965595743018245800e-01,8.156349419006911905e-01,8.337000562970972029e-01,6.172107605757225501e-01,8.830896679683912787e-01,8.807602044951282627e-01,9.023928589449595750e-01,5.173012002183003943e-01,6.947881908577563381e-01,8.138169326004964788e-01,5.667751450798526047e-01,4.542332507442150002e-01,2.286523239231746940e-01,5.351471328823075302e-01,-1.013200339393604821e-01,5.824215094993665520e-01,7.903920395722060510e-01,4.782981398756806501e-01,9.684998464955594244e-01,4.260984200285081180e-01,2.464899830033260020e-01,9.271406638308052894e-01,9.135811470088404107e-01,6.514743264574978099e-01,5.633371800881153968e-01,7.511229888667786403e-01,7.441726225043454601e-01,9.444007541899442915e-01,4.859403612106190651e-01,5.941970509237367581e-01,5.716537450975919255e-01,6.577089643997264812e-01,9.265187273120452094e-01,3.160967486258885462e-01,6.649600821299639364e-01,9.893121657501423583e-01,9.797834496916553171e-01,7.757047206512326376e-01,7.377375066493794264e-01,9.343304385640851528e-01,8.301307455691030457e-01,4.116062484996776405e-01,8.617403615997499822e-01,5.480906067774287127e-01,4.271194392625800029e-01,8.145690859588359256e-01,2.785566962460242491e-01,8.930170578508838108e-01,9.353795774541853181e-01,9.798616907730524073e-01,6.273910960184240215e-01,4.655559095577667117e-01,4.828705581948441461e-01,9.488463578415012867e-01,9.613487668266127439e-01,7.582522327219189950e-01,3.350918345044860969e-01,2.189939331460153404e-01,9.063209887551701982e-01,8.283034479314284049e-01,8.336458970230483656e-01,8.404613780338781037e-01,1.356477585180155543e-01,3.848329329861116532e-01,8.210515225158672159e-01,8.860616761330953883e-01,8.857349658169043627e-01,5.069202718431350396e-01,8.812905247923935592e-01
9.869818044744959051e-01,6.519902485202764275e-01,6.138374669079161849e-01,0.000000000000000000e+00,9.839009162392418073e-01,7.980649518600059222e-01,2.747608867885393824e-01,7.984532066581557785e-01,5.302634441464582071e-01,3.799346686245426152e-01,8.192924027693161415e-01,8.795732496527319810e-01,6.123836022999410433e-01,7.392305399011073197e-01,4.275495662965269061e-01,8.923551137628372709e-01,7.113775726750569683e-01,9.233987592476345929e-01,6.905637557606908450e-01,9.159433022941926295e-01,8.200315359675438565e-01,8.741671729361117915e-01,4.513065230034596920e-01,7.873890505797135342e-01,6.886330377565200167e-02,4.061901134348359643e-01,6.342167557287906599e-01,7.171462937309386332e-01,3.967233492140639362e-01,-7.379880730629986840e-02,2.228908114002774998e-01,4.810538162849056221e-01,2.201869859985125244e-01,7.903613793569970181e-01,9.490507752135536323e-01,2.333770706714222154e-01,6.739986828917713391e-01,4.186061348347163702e-01,8.713241549259512775e-01,8.098218005046003976e-01,5.127700424991226136e-01,5.336170134456271752e-01,3.210147663799000073e-01,9.335934544164947724e-01,7.002077515740374736e-01,6.214348374578146927e-01,7.818057639536610814e-01,7.020590441650997882e-01,7.106450063947171714e-01,8.066825977950633497e-01,6.086788131258117351e-01,9.974003418168007895e-02,7.591457054221467660e-01,2.381320962736281077e-01,5.365925455631582741e-01,6.769338458122327040e-01,9.083228713627518047e-01,7.237225475408459729e-01,7.864397786243467747e-01,5.669272599904634502e-01,6.914519639287800001e-02,6.503976914866950176e-01,2.493955642186525545e-01,7.149621316514319647e-01,5.897660242521276519e-01,4.543061482570771581e-01,4.516603948052921313e-01,8.538936667320520257e-01,6.247791384481373722e-01,9.029916392035038930e-01,5.161528240401371814e-01,6.339196888516392958e-01,2.752574773866620639e-01,2.773293590558085775e-01,5.152479868976507227e-01,5.514619289742741515e-01,2.634488182019363300e-01,4.845971176960266469e-01,5.434844177138395960e-01,3.202563326517147702e-01,5.019251277560781155e-01,4.223474256250887016e-01,4.404603188848759121e-01,7.725667041573189842e-01,6.275560622590967697e-01
7.626158057096892318e-01,5.068872575980917228e-01,3.907339004611457556e-01,9.839009162392418073e-01,0.000000000000000000e+00,9.657152910860257178e-01,4.873681234399452888e-01,4.144850216447328872e-01,-9.276622513578773599e-02,6.450078917981034721e-01,6.221884147342860993e-01,4.551135235327032347e-01,4.818169353265796540e-01,6.862235311414979222e-01,4.941762585485947046e-01,5.199585796840149321e-01,4.732438318399970201e-01,8.070820753998321218e-01,6.785730019492119958e-01,9.267192277184622684e-01,6.171951179028406509e-01,6.776055545669339431e-01,8.108528183775023379e-01,6.217786034202025247e-01,6.174583944220184417e-01,7.991297129905492458e-01,9.077619091062814061e-01,6.664246868181924466e-01,5.159267355426713775e-02,9.439644623785048427e-02,5.537268469781938540e-01,7.205397030314169005e-01,6.656107856632140773e-01,2.360490718099139129e-01,4.352607160554314847e-01,6.662522522282432469e-02,3.168322228317441702e-01,5.286010089036919934e-01,8.179817440044504506e-01,6.846301873594865528e-01,3.031516328558419016e-01,6.144139646516978415e-01,8.070136945839946341e-01,5.223754437559884334e-01,7.184022111147063683e-01,8.231855530920100250e-01,5.158852337209725025e-01,7.654408505684036079e-01,3.652668640380728471e-01,3.175062208294182065e-01,1.184954021844212835e-01,7.282723718185460937e-01,6.851976261630192688e-01,9.421630986161471100e-01,7.330145814770880897e-01,8.472567662104337760e-01,4.848525012488087427e-01,5.004474089372601409e-01,7.291370002592709731e-01,6.195121317358709412e-01,7.962922063723383292e-01,6.239352551363134269e-01,9.457709281224839781e-01,6.272573004602355340e-01,9.934651128125957520e-01,5.358639351897749314e-01,4.715974076476339705e-01,1.102217268220329754e-01,6.797854986136677713e-01,5.280970134340831068e-01,9.347842490087905354e-01,4.874778962198062504e-01,2.768236394177723270e-01,2.636217168021440238e-01,7.242976036193977674e-01,3.543967765541324866e-01,7.868699499043383394e-01,6.019453622723595076e-01,4.844974420083089095e-01,3.954328837459410995e-01,6.628460782047790323e-01,3.080304375213019363e-01,4.379129056206655379e-01,8.612124317625431680e-02,6.506844334913465255e-01
7.578435950572484092e-01,9.035357903500154664e-02,7.826430215885065156e-01,7.980649518600059222e-01,9.657152910860257178e-01,0.000000000000000000e+00,6.650850943767747658e-01,6.496118706486059269e-01,2.236537823590881158e-01,7.946030863886364148e-01,6.951123966044434610e-01,6.005164689820561286e-01,5.862278227459911673e-01,5.888461742537344223e-01,7.766492962449397242e-01,7.347726190776120436e-01,5.443823393545872413e-01,7.376759252202549355e-01,6.369631012574032969e-01,6.535299647326373584e-01,6.795531263345128137e-01,2.065928550119269236e-01,5.708064421678038514e-01,2.741455361663607260e-01,5.318091421270738639e-01,5.013954248817149573e-01,1.978054412791986072e-01,9.695581827906554206e-01,5.700077656499806800e-01,3.932022831537151930e-02,3.057911949995079648e-01,3.363372203997724297e-01,7.180356012510678010e-01,2.327275924417866182e-01,3.968170496497328559e-01,3.300055852357141051e-01,1.482712973015169466e-01,5.425468580109250594e-01,2.365568660754296393e-01,6.454339324301885394e-01,2.863248956697629910e-01,8.303159386263554431e-01,9.437771461175867849e-01,4.252162350883275099e-01,5.050052918226735077e-01,9.471059531230755502e-01,6.970148462349397001e-01,5.914065754772506178e-01,6.023580351166251123e-01,5.970766862129900376e-01,4.261506021971969149e-01,2.169949641018383557e-01,1.444979795461762417e-01,3.608444131622897677e-01,4.498120389426626398e-01,5.192587651464586340e-01,7.241029605465213459e-01,8.064188902493905076e-01,5.611328245439031193e-01,1.341983342984941485e-01,3.227700525522233521e-01,3.491366360780984723e-01,9.647791830171447147e-01,2.469756136303884742e-01,6.634971926997980107e-01,6.906299854711606123e-01,-1.921768625777155737e-01,8.781590157136387464e-01,8.199911347794711647e-01,5.452547202050967989e-01,6.954491326392036044e-01,2.068170155424386147e-01,-1.996135571625542449e-01,5.349106193655145391e-01,7.345277089085999744e-01,7.256131671257952664e-01,6.791988575470913059e-01,5.456867991077953839e-01,4.363167380219716285e-01,3.603410217202117072e-01,2.189149382935193233e-01,9.043959378100207003e-01,5.104622935745359857e-01,2.808103626255087915e-01,5.788885151740678081e-01
7.909026767376400313e-01,5.143555972212013883e-01,8.405127205979238125e-01,2.747608867885393824e-01,4.873681234399452888e-01,6.650850943767747658e-01,0.000000000000000000e+00,2.745231578502405068e-01,7.467717862598655110e-01,6.928347275145408934e-01,8.006897175635626640e-01,5.244409553773983212e-01,6.804889076517069979e-01,2.177253702439815863e-01,1.802290855963742944e-01,7.993693799318938309e-01,4.599809614441047745e-01,4.434896490741636610e-01,8.454329779828891889e-01,7.344745037222714101e-01,7.686638484376741021e-01,2.585140174475522579e-01,4.269365253499745050e-01,1.000640717317157202e-01,4.521784596504581644e-01,3.224703028925403614e-01,4.316314036264163323e-01,5.686143485619581384e-01,2.466844783950793984e-01,3.885473675451879272e-01,1.766544933798295802e-01,5.953153389323149192e-01,2.263575686511684892e-01,2.554924029762855042e-01,3.566863628425861465e-01,5.974855032340407046e-01,2.825651114128928110e-01,4.330476390392204999e-01,6.596454576114374468e-01,7.316760873966037249e-01,4.361780814946378260e-01,4.670470373893105265e-01,6.815288236858666471e-01,7.674095377717495836e-01,2.309512354312656113e-01,7.432779481328709581e-01,4.593947333962758450e-01,3.663813141099452331e-01,6.050179799112324064e-01,5.905901706746343738e-01,6.983430032709064816e-01,4.230362062689619895e-01,2.568811802845858416e-01,4.293319152539465389e-01,8.063392454053941449e-01,5.739118725424572492e-02,5.416459484114153344e-01,4.028193680039413027e-01,8.397294341111087856e-01,4.770908570253490355e-01,4.023938139831398364e-01,6.959386902821419474e-01,3.818300709667147297e-01,7.153933529273994729e-01,9.147245049535821515e-01,4.498438102777036485e-01,6.155750380498234975e-01,7.013402633345878767e-01,7.789154271000873209e-01,4.919386801950353938e-01,2.520514355763998071e-01,3.556269849348780987e-01,3.019319022321426682e-01,3.261397662255325486e-02,4.918014759846643935e-01,5.273559811381716145e-01,5.248951510926697095e-01,6.841914488250202542e-01,2.579380877912938463e-01,1.423972891948749875e-01,2.147993633300482874e-01,7.054778062664014415e-01,7.164456470723721271e-01,5.543623017818639642e-01,5.622307935718677818e-01
9.346240821391910147e-01,6.838619409818028627e-01,8.032710654780467197e-02,7.984532066581557785e-01,4.144850216447328872e-01,6.496118706486059269e-01,2.745231578502405068e-01,0.000000000000000000e+00,6.637241860119541537e-01,6.952611730639417509e-01,3.807631832018494866e-01,3.969986109751351133e-01,1.861965267111787559e-01,2.864639410906439365e-01,4.044169288485499614e-01,3.058429635757350384e-01,7.460057441797226518e-01,7.031134440088674387e-01,7.870230820657577731e-01,9.841708381808901285e-01,7.824348472077159444e-01,7.541586465832127439e-01,5.265245550390029727e-01,9.029665634318653211e-01,-5.595166309538182614e-02,5.630644570462643994e-01,7.833950181752860065e-01,4.644567532112144903e-01,2.416569664769473713e-01,5.651331643882714362e-01,5.463588693389849205e-01,5.549958905701574130e-01,2.027039842363146938e-01,2.352135971171682438e-01,5.375380517736313424e-01,6.471519267964910282e-01,5.750657031446089473e-02,6.335309935960008465e-01,9.395300112271109949e-01,5.603068647593050233e-01,5.802452775454225442e-01,5.542524614130984739e-01,1.686345296398697111e-02,6.187818420883868242e-01,6.682622973412432055e-01,4.783454259943892284e-01,6.057911139780276510e-01,5.004554003325654143e-01,3.347197170907169617e-01,3.265019685030532554e-02,4.102862862744263150e-01,3.363724697709463696e-01,2.092406434136298565e-01,4.301295911191674315e-01,8.044739426229208235e-01,7.657160244060855492e-01,9.304214480715666813e-01,6.681945832495881366e-01,6.669374355656002562e-01,1.579019750376988163e-01,6.094835297982100775e-01,6.314904075061964495e-01,6.928356070349304119e-01,6.612173992509939868e-01,9.792512276997902276e-01,7.378766635233344751e-01,7.727009822241446280e-01,9.919389974873733529e-01,4.710563570816998502e-01,3.213217767923383650e-01,7.934696231219325879e-01,2.173497910492787621e-01,3.989939918465739144e-01,4.193201981655023114e-01,9.560388723803427968e-01,3.171532407844955270e-01,7.413094612269071071e-01,2.781685856019819880e-01,2.340778137160351435e-01,3.458560748638762061e-01,5.512769511510315912e-01,9.283870734858709062e-01,6.005673094904722120e-01,9.028977572403086294e-01,1.847753450097724612e-02
5.754579195096316546e-01,1.911107484368471110e-01,6.285939566541305368e-01,5.302634441464582071e-01,-9.276622513578773599e-02,2.236537823590881158e-01,7.467717862598655110e-01,6.637241860119541537e-01,0.000000000000000000e+00,4.734239555160153490e-01,7.984868828473496993e-01,4.220176406614259967e-01,6.231678546569583421e-01,4.498297337913267913e-01,1.958522342284304274e-01,7.954302267620196876e-01,2.735900725015066315e-01,4.054227408826120427e-01,3.500377323678387498e-01,9.198628163211146624e-01,6.942765703079142314e-01,2.363613911947595389e-02,7.775348948131420856e-01,9.540033872517502678e-01,4.784715498519324650e-01,2.158451943388649541e-01,2.638250565753028076e-01,7.018541685318694379e-01,4.597004259439079754e-01,3.832544429294344746e-02,3.289840038837368308e-01,7.834394822819650273e-01,7.514205953991897058e-01,6.608321691345876436e-01,7.227798748560271269e-01,7.598305239380029885e-01,-3.722094351310629712e-01,6.115003729109792507e-01,9.865328046297532349e-01,9.972666285675870768e-01,3.488937069784403544e-01,6.494534497736244028e-01,4.335747778248770778e-01,8.277360752238405173e-01,3.046266010589423479e-01,7.998561585436060328e-01,5.995063426335198731e-01,2.248915396062937666e-01,4.123649290638641829e-01,6.977065151548010880e-01,9.262269009957818655e-01,7.439082371327983001e-01,7.526678384832253821e-01,5.733046815376956484e-01,9.972814502383821056e-01,2.039148658600609121e-01,5.031658287946922936e-01,4.918671758050707776e-01,2.202967160292476356e-01,5.996970907534178163e-01,6.872088960400312141e-01,7.939715440377901334e-01,4.542228758347670592e-01,9.603620659980092178e-01,4.955371865931304520e-01,3.890431025398614073e-01,4.612827758870991501e-01,7.645973654824584909e-01,3.123289251517688547e-01,5.581848497832375688e-01,6.867586195402545224e-01,9.006387914801273764e-01,3.152495546638221097e-02,1.351930299264652094e-02,5.661462241099728399e-01,5.987283273531689431e-01,4.182878001506710741e-01,5.175377519359690703e-01,4.968480739700642523e-01,4.110507305920039212e-01,2.085775843884148661e-01,4.907801661389401549e-01,8.452089165370206825e-01,3.611539944929869073e-01,6.726714501156091375e-01
4.076661390906561877e-01,6.338459972179588849e-03,9.041604408345942367e-01,3.799346686245426152e-01,6.450078917981034721e-01,7.946030863886364148e-01,6.928347275145408934e-01,6.952611730639417509e-01,4.734239555160153490e-01,0.000000000000000000e+00,3.529175491116026686e-01,3.993486225289385461e-01,9.381697657815857294e-01,4.764543552545268956e-01,6.401705745055172869e-01,9.995586501213074015e-01,9.928271534731951675e-01,5.920136160021737259e-01,7.788589857457288712e-01,9.607146507163305538e-02,7.138597383727696144e-01,1.108550508154917437e-02,9.038026266443578427e-01,8.784919124991116268e-01,2.331751939700393295e-01,8.894814548982864499e-01,4.591063833782797476e-01,5.283413802650185342e-01,5.514325653557962115e-01,5.615754393478789019e-01,3.128171500067106203e-01,4.708844208911893148e-01,4.025644282747384284e-01,4.271767762103871879e-01,4.411494612891798672e-01,5.574955344074929986e-01,-4.175683528137130729e-02,6.865958070090792953e-01,6.770845321453508037e-01,7.536349077284741904e-01,2.179152733388974861e-01,9.878079001914148449e-01,8.609277264226946613e-01,3.454769270159145922e-01,2.850255882848182765e-01,5.450064799216930433e-01,8.863087609492042995e-01,8.647970125340651570e-01,3.905521963826246168e-01,6.374319302462514436e-01,4.716317487381154749e-01,8.815882457165935895e-03,4.202463213844651047e-01,4.459832713816533345e-01,7.597680749478151752e-01,7.973315947549912686e-01,7.506983075949057449e-01,6.395971090185670338e-01,8.176777271396097335e-01,3.538471663335459594e-01,7.674005426493845095e-01,7.348602816662246351e-01,8.147789730633214766e-01,8.155242623252827450e-01,9.876405464446679217e-01,5.339556676765617738e-01,5.651603627464603097e-01,6.057277034644373837e-01,4.549086445949560020e-01,7.244654406285978565e-01,9.400981067127931468e-01,6.590853065262314292e-01,-1.572637702745606769e-01,2.113836915322660215e-01,5.392708235445798914e-01,7.655147195002670601e-02,5.864298434148853545e-01,9.409785162085576582e-01,4.169467019083037407e-01,7.566873049011209329e-02,4.115672504837089019e-01,8.483642537255882132e-01,6.871082613961245755e-01,5.551165333656941092e-01,4.209733266658297057e-01
8.697771199538282261e-01,7.677949289672418853e-01,8.439735257769919174e-01,8.192924027693161415e-01,6.221884147342860993e-01,6.951123966044434610e-01,8.006897175635626640e-01,3.807631832018494866e-01,7.984868828473496993e-01,3.529175491116026686e-01,0.000000000000000000e+00,2.014641837001319158e-01,6.061976953631698084e-02,8.066322902713202181e-01,7.546416323022693273e-01,4.132743669807358300e-01,7.248549751441808464e-01,5.842309751113606842e-01,7.467241684953257463e-01,5.131012138720540960e-01,5.539840733515455362e-01,6.206826350491668753e-01,8.395040351427404124e-01,6.692056315244496734e-01,4.788239900472469612e-01,9.388556583305384118e-01,7.599206667900282319e-01,1.608754811869530510e-01,5.953439609626434148e-01,4.912439595340678533e-01,2.481851513370761653e-01,5.382022109184477765e-01,6.132291949459984792e-01,7.708597954321554369e-01,-7.982213360156559245e-03,3.911858735053843628e-01,-3.293924871280629052e-02,1.652656945339857630e-01,6.444108405195054790e-01,2.809235893494761438e-01,7.499226880948086649e-01,8.600593036625591159e-01,6.179695649564160842e-01,7.198946178941859619e-01,6.270162536243714113e-01,5.501189891127431508e-01,7.988342268870121110e-01,8.010371058334088065e-03,7.352695368902157913e-01,7.672441224882551314e-01,1.358140030325278580e-01,9.732373337042025119e-01,9.297512500591316176e-01,2.691439879476573149e-01,3.870921530620651807e-01,5.846101985041898264e-01,4.856453999838385993e-01,4.599127724765813552e-01,4.204558032826787861e-01,1.136335030976747332e-02,7.009755534568105073e-01,7.922939045469357122e-01,5.466531362397196725e-01,6.838889740483287127e-01,8.545065112809767660e-01,7.522430604938572518e-01,8.319272217644457790e-01,9.459965371106103804e-01,9.372880101172593736e-01,6.014981589319061683e-01,3.057410248320800439e-01,6.765368076628608396e-01,5.039254380108906251e-01,5.417430263021560943e-01,3.723422563860186996e-01,5.394526568643660536e-01,3.863115299769077637e-01,5.008338001418436436e-01,2.335954937713296264e-01,4.297138190114935807e-01,4.233730165855188465e-01,8.156694653203265810e-01,9.814270912548535009e-01,2.515055138117355260e-01,3.149129636256851050e-01
8.689429625456286388e-01,6.509787975357899104e-01,2.369551532245465497e-01,8.795732496527319810e-01,4.551135235327032347e-01,6.005164689820561286e-01,5.244409553773983212e-01,3.969986109751351133e-01,4.220176406614259967e-01,3.993486225289385461e-01,2.014641837001319158e-01,0.000000000000000000e+00,6.142209620602624431e-01,4.375851014648998727e-01,6.293415584794922468e-01,7.959832495862033674e-01,9.518997957687054257e-01,5.225120930118030138e-01,3.958721364837332057e-01,8.954257521809332321e-01,8.503601204673801872e-01,2.031474605406959622e-01,7.478954326039443101e-01,4.179206833540795585e-01,9.031094680013650455e-01,8.430663281464068071e-01,6.138573578084934868e-01,9.381430974627422703e-01,2.976818093468914794e-01,4.866224916176066784e-01,2.305054680992782087e-02,5.970280932718854405e-01,8.562833285404698458e-01,1.922877949991498303e-01,7.680959956376244291e-01,3.049022019083881263e-01,2.317260001855930562e-01,3.260417699322725738e-01,9.986672433035412855e-01,4.991518638978270639e-01,5.440826467299394453e-01,6.648655197252636428e-01,6.561095337781989167e-01,7.339352640196737942e-01,5.765788241218470223e-01,7.527479609261400473e-01,7.598439255802178494e-01,4.186789388135205847e-01,7.577449989375216743e-01,7.801271897230842578e-01,7.444583642072217788e-01,2.906038749986781244e-01,3.945773014651640098e-01,9.649634826780556507e-01,6.859318729499929157e-01,9.888119574735947381e-01,7.199252098411037526e-01,6.762758300481098717e-01,6.789789035199211842e-01,-8.050733708753310403e-02,7.159612100645224020e-01,4.732400110998834508e-01,6.288805565187224333e-01,6.819299282042881050e-01,2.099684925586380868e-01,8.001983219554021920e-01,9.018203881068703742e-01,8.158319555009340140e-01,1.952694814787412081e-01,2.085407964896725252e-01,7.034976741829862545e-01,1.839000220594009249e-01,2.893984297987716725e-01,5.679537152444895654e-01,3.921265524203558228e-01,5.493181453113225032e-01,8.784505741107843102e-01,4.147131217145594295e-02,1.345880133135738121e-01,6.072553488452723247e-01,5.568078312008905018e-01,9.757697069785216115e-01,5.782231057649062089e-01,6.304004936506709678e-01,6.677836948126210093e-01
7.045561898205104923e-01,4.227803578199588741e-01,6.359805405003712275e-01,6.123836022999410433e-01,4.818169353265796540e-01,5.862278227459911673e-01,6.804889076517069979e-01,1.861965267111787559e-01,6.231678546569583421e-01,9.381697657815857294e-01,6.061976953631698084e-02,6.142209620602624431e-01,0.000000000000000000e+00,6.988682994805827109e-01,9.200979262702163597e-01,4.647132876401434132e-01,2.711709998130090171e-01,5.940454769121715772e-01,3.014657936187081777e-01,4.026193544036199001e-01,8.298619459897633721e-01,9.989701833350242977e-01,2.882492362316372847e-01,6.083517985116453364e-01,2.306671724714326188e-01,5.829651010559475655e-01,2.326443666027593060e-01,8.632678930169119802e-01,3.761881932040358478e-01,3.734829634789016972e-01,2.798462768656546085e-01,4.828074534588705502e-01,4.463447587591224397e-01,6.001296754922637033e-01,9.289978829467198107e-01,5.126352117305295053e-01,5.819406029717840712e-01,8.904627789331706067e-01,7.130319074391662237e-01,6.051021208162656873e-01,4.499878176480334724e-01,4.680260750863204922e-01,3.319068125850533346e-01,7.408885032600025511e-01,6.344788517477404355e-01,9.055517425469545856e-01,5.862286169170005667e-01,7.266476483409362030e-01,4.418165171387403167e-01,9.066011376026249513e-01,6.302297150603604070e-01,3.628394630051586245e-01,7.621836041917626758e-01,6.217957971306569132e-01,8.210173424571167722e-01,6.284171689101148983e-01,4.516272150009810749e-01,2.709307397106298088e-01,5.562441690084829471e-01,3.160621203595089801e-01,3.360108639546112164e-01,9.778653226747797689e-01,4.417342120788419479e-01,7.771242751460225584e-01,8.653986231417019059e-01,6.421481415284910899e-01,7.789254951853649134e-01,9.895710080179200840e-01,7.477023000173572687e-01,2.312500060467261864e-01,4.708323152856563887e-01,7.994375586584969717e-01,4.617005662341316929e-01,4.072381999102453465e-01,6.805809527971949935e-01,6.354712063925629373e-01,9.542854848062374273e-01,3.393585505483035503e-01,3.478222446990291150e-01,1.189540938798781949e-01,5.820570167928725835e-01,9.833715252679547936e-01,9.957761313399630110e-01,3.714481212793468989e-01,7.709942368037266958e-01
9.759255054581537081e-01,7.179212618276751279e-01,9.585503077663731775e-01,7.392305399011073197e-01,6.862235311414979222e-01,5.888461742537344223e-01,2.177253702439815863e-01,2.864639410906439365e-01,4.498297337913267913e-01,4.764543552545268956e-01,8.066322902713202181e-01,4.375851014648998727e-01,6.988682994805827109e-01,0.000000000000000000e+00,7.311067320419377680e-01,4.104495548824556583e-01,6.731018567465769653e-01,7.773120031773821381e-01,6.381023983759243068e-01,3.552961449341465183e-01,9.140505913762447809e-01,6.321972351800577705e-01,8.326328594489863510e-01,4.431810422401922245e-01,2.444478639610399850e-01,5.027165544754885751e-01,4.056250760125031385e-01,9.695782087213850042e-01,2.678307694712376841e-01,5.249770123081463069e-01,4.419388327190661159e-02,4.087090236324998904e-01,9.283682142207333454e-01,7.932440434622541892e-01,6.680097256572338216e-01,5.147474029115968186e-01,4.545138589694197040e-01,8.419123120255993520e-01,5.077533723770042418e-01,1.535408364460539021e-01,5.660394762183624806e-01,4.066328890619558822e-01,6.599406426553093841e-01,8.225054360662591435e-01,5.578793331594433802e-01,6.091873303016521746e-01,8.405553850630076429e-01,5.819977444145195689e-01,8.085820404991378441e-01,4.960726014605053580e-01,1.511079371554571206e-02,7.185568325119640054e-01,5.795884118650270755e-01,3.976095829900254675e-01,9.670862997345907042e-01,8.075098672585606652e-01,9.470971829258503227e-01,7.730752840884411725e-01,9.897799440518249003e-01,5.952385424624744292e-01,9.624210948650312181e-02,8.833219915511750786e-01,6.410353576405648512e-01,5.937627697497201984e-01,1.925751970884925779e-01,6.710076278476000411e-01,7.302191351779667716e-01,6.997296604630219852e-01,5.652289305992258539e-01,6.845928276926013245e-01,9.748747091639814455e-01,6.819841333098021208e-01,-1.669368096736585094e-01,1.991107969387094778e-01,5.045420221293315244e-01,4.377982455336009715e-01,8.256653828169036036e-01,4.419282610211451856e-01,5.758730342871858365e-01,8.637190768755637071e-02,5.626963824664752423e-01,9.205198913120445914e-01,4.218912153428929779e-01,5.914512942766221304e-01,3.875067977805237707e-01
6.507677458893749156e-01,1.687462731741560390e-02,7.484600147285931371e-01,4.275495662965269061e-01,4.941762585485947046e-01,7.766492962449397242e-01,1.802290855963742944e-01,4.044169288485499614e-01,1.958522342284304274e-01,6.401705745055172869e-01,7.546416323022693273e-01,6.293415584794922468e-01,9.200979262702163597e-01,7.311067320419377680e-01,0.000000000000000000e+00,4.353540519613397497e-01,7.592721486558394739e-01,2.176145393063358691e-01,3.325431971400871212e-01,6.414955946574377732e-01,9.926897391096923817e-01,4.090284330127159640e-01,5.677294018959917477e-01,9.565570889068504279e-01,7.909374359323620984e-01,6.698507126504692488e-01,6.395722210384249262e-01,3.971855269029823665e-01,7.301230342119517935e-01,5.769571875206291889e-01,1.654630805151307005e-01,7.178914935112276074e-01,7.069532963636626643e-01,4.919686005098734549e-01,7.837523558770068677e-01,6.687483589654853455e-01,3.156249944356056547e-01,4.916628857305913591e-01,8.474437515327690740e-01,4.621057389948640681e-01,5.931361894744652252e-01,6.569167025427721240e-01,6.852426633560042557e-01,3.654623586237942257e-01,7.739057691602517774e-01,6.551342518176836993e-01,6.019195603381390924e-01,5.067140795869226055e-01,6.593746769785575612e-01,7.649308178997080709e-01,5.590720429663588176e-01,5.472138915745845544e-01,9.785345114455150650e-01,6.234865312495787570e-01,6.670903996572111749e-01,9.603088072368037853e-01,7.971169175616943381e-01,3.750216620542705659e-01,8.708329316623594218e-01,3.623758846197159267e-01,7.530386482390873937e-01,6.720941425122973767e-01,7.341300723489752045e-01,7.226197157985598807e-01,7.209972506701697315e-01,6.856280005130562794e-01,3.635487973286872787e-01,8.637420271723903475e-01,6.834103622310906401e-01,9.606168850909758694e-01,5.575216181473336974e-01,8.440363986870321744e-01,4.841431107752314222e-01,4.140320613498766900e-01,2.705591895731339624e-01,6.382710593148337441e-01,3.537847213997383777e-01,6.950506184858934455e-01,3.123831907462208402e-01,3.444249822335050393e-01,6.849233396535915341e-01,5.483919434045527730e-01,5.933093021407424006e-01,5.341220249551857924e-01,7.113125295861949526e-01
5.260155019424728184e-01,3.690690407426150399e-01,6.468777370210097022e-01,8.923551137628372709e-01,5.199585796840149321e-01,7.347726190776120436e-01,7.993693799318938309e-01,3.058429635757350384e-01,7.954302267620196876e-01,9.995586501213074015e-01,4.132743669807358300e-01,7.959832495862033674e-01,4.647132876401434132e-01,4.104495548824556583e-01,4.353540519613397497e-01,0.000000000000000000e+00,8.921426064083463059e-01,2.636795543447106316e-01,4.756809397965962583e-01,5.333824332136049007e-01,2.312043329428739580e-01,5.866011871381386911e-01,7.352098512788260987e-01,8.010197937267307111e-01,7.342273277348519978e-01,1.366558860202545522e-01,9.625632383369094880e-01,5.170177099283526090e-01,4.230936747955315047e-01,7.182317221825559317e-01,3.055733341543766524e-01,4.618297339656112221e-01,3.266956273678351952e-01,2.437318353829288076e-01,3.767657339960325813e-01,2.320278478345727535e-02,4.772246650385801314e-01,7.698214266466016920e-01,5.136974433229473114e-01,7.216529313162348691e-01,4.005102087291845248e-01,5.665746846994776931e-01,6.960919644833486464e-01,9.034817063309491525e-01,7.358439230986226764e-01,7.552149740162596991e-01,6.099416080187752831e-01,4.356922012971793934e-01,-1.145177077098000207e-02,7.265830459459128310e-01,5.050219278417461544e-01,5.148534232492120166e-01,7.464570589043764137e-01,3.792328098940578873e-01,2.405619567277607340e-01,5.843890058783416386e-01,6.902336257437311495e-01,9.027321903997157504e-01,7.118354495792983405e-01,5.110466768099205526e-01,2.519616121419496757e-01,5.833814029193822304e-01,7.620702609225954438e-01,3.938216921771071632e-01,-2.697031749357614583e-02,2.671388964979694580e-01,4.698860457213684949e-01,9.948092660042364699e-01,5.499051245935414611e-01,5.663384162382352205e-01,8.747570624120001304e-01,6.932888387132845054e-01,1.753135534875684964e-01,1.771358793014565780e-01,6.175312309511226116e-01,2.712245072754680963e-01,3.332745122609120370e-01,4.416586093428376825e-01,4.330440110734093961e-01,5.056598325780110592e-01,4.472068291207381141e-01,9.862160597375364546e-01,6.807634051860957936e-01,4.321009050636936411e-01,7.580231048173511343e-01
5.771288839475664512e-01,8.560738493632942259e-01,6.965595743018245800e-01,7.113775726750569683e-01,4.732438318399970201e-01,5.443823393545872413e-01,4.599809614441047745e-01,7.460057441797226518e-01,2.735900725015066315e-01,9.928271534731951675e-01,7.248549751441808464e-01,9.518997957687054257e-01,2.711709998130090171e-01,6.731018567465769653e-01,7.592721486558394739e-01,8.921426064083463059e-01,0.000000000000000000e+00,7.505992194110271409e-01,5.607983327505257076e-01,7.855893153279331909e-01,4.679135419552664654e-01,9.399867060583655398e-01,5.695504886390048149e-01,7.167929058378252893e-01,4.015076264933415406e-01,6.932813035768020660e-01,4.467813889081937995e-01,6.024314733469370298e-01,2.115442968487126763e-01,5.238178591631851289e-01,3.525557365547916655e-01,6.231521525450532950e-01,7.934023463940945708e-01,6.927881705253886579e-01,8.382505317755026830e-01,7.581700435813848449e-02,5.797646611718721976e-01,6.020805188818579845e-01,3.606558094248858981e-01,-1.558502806579976641e-01,2.184774428274817715e-01,5.568329949844972315e-01,8.836800399266420136e-01,4.120253877725998382e-01,8.605424267883299283e-01,5.188322952715752612e-01,3.604368332265164843e-01,6.484451619810031042e-01,1.046654726560294207e-01,6.052037726830603592e-01,4.871598071940374530e-01,5.257380416734339645e-01,8.674788345227782971e-01,2.573487994114033173e-01,5.298884198964237680e-01,6.285019772774433910e-01,4.361333587539700241e-01,8.124721111622940084e-01,6.641414680456643183e-01,6.598214816330622012e-01,1.917397694037548950e-01,7.797107210183031878e-01,6.591393521773831754e-01,6.281201888169708480e-01,8.002222430738239467e-01,7.547010421890000265e-01,6.113963679197232937e-01,2.131055862629118725e-01,4.477342113747804775e-01,6.855887058224817698e-01,6.261728529767371931e-01,5.620895774510547005e-01,4.155065931250960798e-01,1.259369363444524381e-01,4.903108271245627536e-01,6.359379958893824902e-01,4.181611245125504972e-01,8.911805930236139650e-01,5.524130933905108121e-01,6.348525099628822277e-01,7.425145510992308129e-01,8.794528365706281159e-01,5.104164483256949936e-01,4.816550092984797082e-01,7.761053882858917063e-01
9.413054250105097331e-01,5.258305775008815797e-01,8.156349419006911905e-01,9.233987592476345929e-01,8.070820753998321218e-01,7.376759252202549355e-01,4.434896490741636610e-01,7.031134440088674387e-01,4.054227408826120427e-01,5.920136160021737259e-01,5.842309751113606842e-01,5.225120930118030138e-01,5.940454769121715772e-01,7.773120031773821381e-01,2.176145393063358691e-01,2.636795543447106316e-01,7.505992194110271409e-01,0.000000000000000000e+00,5.590879712099176002e-01,5.517246484872317946e-01,6.604080084840171505e-01,6.218616466444797375e-01,2.546737702876672449e-01,9.781300493869454771e-01,4.059302677606861365e-01,6.501547436437458138e-01,8.665737354040760065e-01,7.736542167729092423e-01,5.133343904513195666e-01,2.355988585622584564e-01,4.377767931263661927e-01,2.000754225377093520e-01,7.348413007566877431e-01,9.698915810078235777e-01,4.123068626063404740e-01,6.001548278977391071e-01,6.309195960105167256e-01,5.525551131559474083e-01,6.499424028722865510e-01,8.414333663218526160e-01,4.872687940010512198e-01,7.520847510049594176e-01,8.282786141801634638e-01,5.453435845155772954e-01,7.883283139789094562e-01,6.445259343477865999e-01,1.474793122319569272e-01,7.262791136488296884e-01,7.791677242399164260e-01,7.219161541188501285e-01,5.614459506287644563e-01,4.572927600226308620e-01,4.756418181598501826e-01,4.652007286679473164e-01,6.673592798583483088e-01,4.692641352015198275e-01,6.001801205220133051e-01,4.854095612572627561e-01,7.536592746306260970e-01,4.566619232165062825e-01,2.792848918558474836e-01,7.323299209502998064e-01,4.452869212643775221e-01,9.822021482889282673e-01,9.632340989346481752e-01,5.137855886399075311e-01,9.368524535622833049e-01,7.183684197262711901e-01,7.142347980408403352e-01,6.034199004951518175e-01,6.988479567760264022e-01,5.950430396765973295e-01,7.697769821622302278e-01,4.041501205767486504e-02,4.071114859976195377e-01,7.493101275836304698e-01,5.630820664794912167e-01,-1.230343153454662719e-01,7.023072226999320655e-01,3.034115278301323104e-01,2.857247037550255109e-01,6.524539000456769378e-01,6.103479446576515199e-01,5.813319809619473810e-01,4.137971941851424362e-01
