0.000000000000000000e+00,5.309756523703956788e-01,9.969845997907608171e-01,5.267737016494915547e-01,6.487486649154035057e-01,3.379531841132797365e-01,7.636912371027602120e-01,4.564340690836926062e-01,5.964551641809175964e-01,2.545892948183389737e-01,8.874745513397804819e-01,5.726921708467803684e-01,9.748556772922079006e-01,9.033864284292484337e-01,7.002854205610685723e-01,4.410346816739063591e-01,8.496297874851153065e-01,6.212112702306186174e-01,8.528240633794228476e-01,4.871402253811707994e-01,7.683366558363903254e-01,7.522050030005086318e-01,9.906725281436192798e-01,9.328368117418652794e-01,6.638766390208625801e-01,6.008687678259425624e-01,6.502700926441705720e-01,6.982532025424948996e-01,6.264686021959959827e-01,5.593182201496930128e-01,7.142067018288008606e-01,9.890468943126060619e-01,6.272465936274005394e-01,4.813927282591484169e-01,9.868023005914443591e-01,1.028534550351467569e-01,-3.724844889810881021e-01,7.608357983156008864e-01,9.901646589481825078e-01,6.327076456828190087e-01,4.256390937371165584e-01,4.860843453341313625e-01,7.244662272598196839e-01,9.491593568571835560e-01,8.594918209904121031e-01,8.855793190980320029e-01,4.211371182928655976e-01,9.572524145951996077e-01,6.203606456743151476e-01,6.410652355277122183e-01,6.450268537166985450e-01,9.200076575036943982e-01,4.278435676303921076e-01,8.241742747955593806e-01,3.453695415892967802e-01,7.581464091670390149e-01,6.066539663433180296e-01,7.639968417923497235e-01,3.724436309645228205e-01,3.126258355456955074e-01,7.433417499918354432e-01,9.229161486854288166e-01,9.721398037561257421e-01,6.201261445943145878e-01,7.990002537891218726e-01,9.792943452318647601e-01,7.665132279823848593e-01,8.308746996471964019e-01,6.430224841885716636e-01,9.091065779638547451e-01,9.451142124939553302e-01,6.326531271486657282e-01,6.362290778492701859e-01,2.627214796919837281e-01,6.675892192360958211e-01,6.914949977940985093e-01,5.409789612095617928e-01,9.644149897435823071e-01,4.488081592587078728e-01,7.097181790029917225e-01,8.738057117527285866e-01,4.144584028358525574e-01,4.890898244472485223e-01,4.694729281956819822e-01,7.094758986770598463e-01
5.309756523703956788e-01,0.000000000000000000e+00,8.928859489203372357e-01,6.417700181328805931e-01,6.058184176950236477e-01,2.703514729304167807e-01,5.852745160851229311e-01,9.677238145994468965e-01,1.469785883376286718e-02,9.582343935618723441e-01,6.006644388659633238e-01,7.199415450245869597e-01,9.351925303110701915e-01,7.298336664045610434e-01,4.711928776909041772e-01,6.719787015937180863e-01,7.499559792426436777e-01,7.333714608760197873e-01,6.492569238891330308e-01,5.132539493757112270e-01,6.000458763283601504e-01,5.235013032914972442e-01,6.566167400653093456e-01,7.624706287637950108e-01,4.786185898072063405e-01,8.437384415250119840e-01,4.077009529734762494e-01,9.431356106298616204e-01,5.378504006588958886e-01,2.821518286635285241e-02,7.072121292147588723e-02,6.572392023101760739e-01,7.318151083711523786e-01,5.157387897474212668e-01,5.166046259984022893e-01,1.369818739341100433e-01,1.591541049291014254e-01,7.952667103981356789e-01,6.593623431640098786e-01,6.235709286170209031e-01,5.921939891269555334e-01,2.418963723069081362e-01,5.148824758473954377e-01,7.105364625896105624e-01,4.580827229908635001e-01,4.311097257437553898e-01,5.539183895958620374e-01,2.019827690472798531e-01,7.348457107065046179e-01,4.424570789083984712e-01,6.300276931152667403e-01,6.651691271004810391e-01,9.315416127530612433e-01,1.008067304430609462e-01,7.578732629709298285e-01,4.997608457520356651e-01,5.983441215414969649e-01,7.401604472915560562e-01,9.315871394418777651e-01,4.678143764697655915e-01,2.162614856070060321e-01,8.962374316018356657e-01,6.727383254828804837e-01,2.287235240072769960e-01,6.148627597343689910e-01,4.967941069239992791e-01,4.399778743420293403e-02,6.549467432830093916e-01,4.185131577866115227e-01,3.333160353346760751e-01,6.909902895501379705e-01,8.785578628484519426e-01,-1.495234987730927334e-01,-2.917696221235788201e-02,5.420631088560351474e-01,5.543623585029188172e-01,2.688726405518878648e-01,7.443981085974693546e-01,4.030891956602968840e-01,4.979270138057220185e-01,4.291546657170730028e-01,5.323002736619498743e-01,3.321697276294644507e-01,7.881238606878875341e-01,5.981555198901459258e-01
9.969845997907608171e-01,8.928859489203372357e-01,0.000000000000000000e+00,6.026988260108965267e-01,8.735975424652362431e-01,5.172986095564511277e-01,9.457038666458056353e-01,6.557931232067601979e-01,9.275909556674475365e-01,8.883009233282791461e-01,6.468092942042413807e-01,4.361015940102228594e-01,9.529593505599502912e-01,6.590322609377046170e-01,8.925395831959369586e-01,5.125942614423126820e-01,8.920406515667025360e-01,9.733893125885733077e-01,9.220634242899482524e-01,8.225100759449400778e-01,7.253802417633401500e-01,8.106231904740877070e-01,2.256324485838019644e-01,9.898806437263020230e-01,8.527980521448619289e-01,8.887983693048646661e-01,8.817418008473251190e-01,6.204426511282775669e-01,2.685834424600880288e-01,2.634678087786521128e-01,5.237369018507346263e-01,5.565249104217773191e-01,8.662866960808222050e-01,2.532965892404576702e-01,7.469250353528809061e-01,3.959969269056616281e-01,4.848689137069566168e-01,6.768887548433726309e-01,5.901257254210187098e-01,7.966952692859359253e-01,6.136837382995206092e-01,9.863163945543290678e-01,4.970267426594661142e-01,8.459923371524746827e-01,4.088590865952170805e-01,5.871735812697295165e-01,7.348881506483730952e-01,9.596659382051877518e-01,4.304598817586943182e-01,6.539650601585427214e-01,8.501805415704701829e-01,7.813483073353227892e-01,7.898766498044305084e-01,8.600088606785641909e-01,5.409427685208030301e-01,3.922012759076335398e-01,6.088782680258115754e-01,7.308540061097145157e-01,7.810251406083305037e-01,2.568494956144595776e-01,4.723620511230283148e-01,5.425612229981693346e-01,6.556071243814196592e-01,9.474839098428515793e-01,3.875784725777391415e-01,2.094959445215205107e-01,9.057825182906064088e-01,3.548139586471498186e-01,6.869636674826189449e-01,6.846360166398941516e-01,8.658793952193495347e-01,8.685893321528991295e-01,6.071621649120324538e-01,4.677030021458555287e-01,9.342211570699457956e-01,6.503167888122071139e-01,4.658135738626508759e-01,8.699368538834588716e-01,5.776922725348161425e-01,-1.073302670857305408e-01,5.564232971331627420e-01,7.424379190103643777e-01,6.887186839168543129e-01,5.865412060063577293e-01,6.681672267232757756e-01
5.267737016494915547e-01,6.417700181328805931e-01,6.026988260108965267e-01,0.000000000000000000e+00,5.900796687928986373e-01,4.448756866808094013e-01,5.400534876097260462e-01,5.072481618486950339e-01,2.542854301531380923e-01,5.831329351332149580e-01,2.272462374412577146e-01,9.020444603501376335e-01,8.859200056111691257e-01,8.809825963904265311e-01,3.534962945888910912e-01,8.259037322154307859e-01,4.221121088288735668e-01,8.050253780539724513e-01,4.272019130523829755e-01,8.393434402145251161e-01,9.719932272199958145e-01,6.531753979680658961e-01,4.006241200350070253e-01,8.342742249515464614e-01,4.952864254013495948e-01,3.538684338065948287e-01,7.474762973670104893e-01,7.957645320581512305e-01,8.264197051779097192e-02,3.912239765705353145e-01,5.595741425185615237e-01,5.937832100275894920e-01,6.996205786501789037e-01,4.991600475425650441e-01,7.817398131406351203e-01,6.241147363009298399e-01,3.099031102344694810e-01,7.118277529036519669e-01,9.409971699117198884e-01,9.668344829981891930e-01,5.512699525274042944e-01,7.363091845018215897e-01,6.995819339275438642e-01,4.467308124819941439e-01,9.355654778175004349e-01,6.196105249920255131e-01,4.134670526067718566e-01,7.487284824337662181e-01,7.611564053981783040e-01,4.402608688177860885e-01,5.079899136316484709e-01,6.486768817053074621e-01,4.813679136882926257e-01,5.287830517230924787e-01,2.980338494424157325e-01,7.993216606310606931e-01,7.221718595903861004e-01,5.858604586777763634e-01,4.414540790531686354e-01,5.352508407407834401e-01,3.463022396261461466e-01,9.236459706805653092e-01,8.548311418430893927e-01,8.629944407674527973e-01,6.046891165009693481e-01,9.003912115865763122e-01,9.566191338870388972e-01,7.635193161277809004e-01,3.497823974950231563e-01,1.598915834443515593e-01,8.078686085232297254e-01,6.887520541819860398e-01,2.695547507109173346e-01,2.019291341319665034e-01,3.654224443428231162e-01,8.078796115833358771e-01,8.350740436656941545e-01,6.452851278879809804e-01,6.091301709632364059e-01,1.621755634998141016e-01,4.984572333042707748e-01,7.614868462475783417e-01,6.595347301281034857e-01,2.872855198741326443e-01,-9.267560197309454573e-03
6.487486649154035057e-01,6.058184176950236477e-01,8.735975424652362431e-01,5.900796687928986373e-01,0.000000000000000000e+00,7.716098894428067290e-01,5.608981250562907750e-01,9.619180826765001413e-01,7.066189549033367046e-01,6.722742693782441936e-01,7.522457525790929855e-01,4.645987683578491900e-01,4.834513804467459597e-01,8.053913620217467706e-01,4.099305154108767724e-01,1.613035602232364418e-01,7.824236005392976034e-01,2.214146900715642796e-01,6.024079468416918548e-01,7.438774939449349644e-01,8.691938822006960441e-01,3.746148176681978192e-01,8.756914816883465402e-01,8.958910028861387653e-01,7.786094614666315694e-01,3.255356508848654684e-01,4.041624986399686703e-01,4.272457239347249303e-01,1.663604790003827549e-01,1.162613990596416402e-01,1.484591763150693577e-01,2.383342072003478279e-02,6.963850525635032485e-01,6.274648399014869371e-01,6.128739418091171398e-01,3.867782385544111246e-01,3.777136356148408924e-01,4.506263488987281574e-01,6.006805054005309730e-01,8.463515743262308710e-01,8.561303330602650918e-01,6.673886536163561312e-01,8.037217042184240379e-01,7.665405744688983392e-01,9.725886959870631010e-01,7.387198348624079980e-01,7.631885322681464245e-01,6.138531474355833906e-01,7.985638632206562004e-01,5.995290576874117150e-01,9.505906918856195098e-01,8.103744148707169304e-01,7.629811565939348394e-01,7.536370444992447348e-01,5.734421170041485993e-01,8.448961753613470904e-01,6.918073972391370896e-01,6.889814411014112405e-01,4.170659247719179508e-01,5.724548395738509043e-01,3.075928919338830614e-01,3.100670455579422891e-01,6.577962345435610647e-01,8.367987100253757582e-01,9.248134198961754926e-01,4.888002146818583582e-01,4.725404681816739449e-01,9.804037981930648904e-01,7.354664181607546425e-01,9.830526915236459384e-01,7.418675151486981978e-01,6.541000700055716877e-01,3.223328747886614054e-01,2.451563445808268848e-01,4.878562346723690490e-01,9.166312833968031093e-01,9.741603810457803991e-01,2.365543007734652592e-01,4.398387188917393664e-01,-1.391846870853291063e-01,4.290768907869664806e-01,8.977541704919564935e-01,6.057239096479003493e-01,3.344031872349599865e-01,6.120184415533026501e-01
3.379531841132797365e-01,2.703514729304167807e-01,5.172986095564511277e-01,4.448756866808094013e-01,7.716098894428067290e-01,0.000000000000000000e+00,4.690137881079754767e-02,9.148131692130768711e-01,2.436804697114625662e-01,5.388607746038855950e-01,4.434634037959123698e-01,3.199311366462714856e-01,5.975830560601791408e-01,6.048242541747086420e-01,7.604458610607907065e-01,8.461176968922183850e-01,2.170218190088821497e-01,6.718223618801433261e-01,6.837874818180740277e-01,5.580380979352330684e-01,9.184850154173158643e-01,6.030455277647261969e-01,6.071995617861067895e-01,4.016308742978464963e-01,2.773113688629491591e-01,5.951012515032012562e-01,5.731615156899767527e-01,5.369400415421495820e-01,2.921458129732438236e-01,2.949569253834766203e-01,5.887866960269314553e-01,5.476317467118823057e-01,8.324669036893306284e-01,5.276158470389722410e-01,2.960717672723230387e-01,5.264716528450458233e-01,3.974040635066843352e-01,6.831687038471487838e-01,6.549838084157748597e-01,7.154211942017726367e-01,3.380575733356708246e-01,3.785349414696922432e-01,8.773367828303385574e-01,7.418654453379439628e-01,8.930061213327459280e-01,6.560778952281349774e-01,5.721881372817367861e-01,9.542493717046111046e-01,7.126709473501345871e-01,7.247508741626345063e-01,1.270627066533828453e-01,2.542072859547511721e-01,3.806693693065994477e-01,7.586286949715862482e-01,9.075249320605215386e-01,9.852058230755458279e-01,7.272804343038418162e-01,6.655197343046242997e-01,6.321230666301077550e-01,5.421386857630969835e-01,5.324019022681421021e-01,4.469718876454287781e-01,3.466527903953930956e-01,6.929601128228586315e-01,7.541653219506070371e-01,9.629573005389547857e-01,8.760558606082824440e-01,6.761448615827426734e-01,7.566683852565203594e-01,2.417576730998456658e-01,6.980704168247059416e-01,3.958108784440801386e-01,4.596938809489021782e-01,6.910299828764578933e-01,-1.788283071705767113e-01,9.936965997890092606e-01,6.406631587678951467e-01,5.387656438583912077e-01,2.413625602734982833e-01,4.705592199874123471e-01,3.973804464970442929e-01,9.802495172810492541e-01,1.160883701718229410e-02,3.338444471039901940e-01,6.697479994730569652e-01
7.636912371027602120e-01,5.852745160851229311e-01,9.457038666458056353e-01,5.400534876097260462e-01,5.608981250562907750e-01,4.690137881079754767e-02,0.000000000000000000e+00,5.602184050298026907e-01,4.304699209682205097e-01,3.158131431306792636e-01,5.781918986014331630e-01,5.418306028496553406e-01,3.531435709982171794e-02,2.623114764781757091e-01,4.733073811799143327e-01,1.224518058796410652e-01,9.735226378613058840e-01,6.534795450651027515e-01,5.416491664295887132e-01,7.454230912053803060e-01,9.806113655793862183e-01,3.805237141645917420e-01,6.629830924063320197e-01,7.289667523133011029e-01,5.637985401920473510e-02,7.623313077525976089e-01,2.894303316153106764e-01,5.749720180602012620e-01,3.710958342952348499e-01,3.075926094124438737e-01,4.330937148350002541e-01,4.471074193014930032e-01,6.599259433654878215e-01,4.115309845583163817e-01,7.566133726239151480e-01,4.018704782970843742e-02,5.863480191866247138e-01,3.187256578932621265e-01,8.297974204349340965e-01,5.217353299615090645e-01,7.995078358918350503e-01,-1.491280079755026855e-01,9.909302206823532577e-01,3.007371096921303277e-02,4.714821751077432621e-01,6.364743443834588454e-01,3.808094037116332986e-01,7.496362040127998450e-01,2.144801475561183002e-01,5.917322396369022464e-01,5.113269725841524949e-01,6.627524725234459346e-01,3.871629353125811690e-01,4.161237022465948954e-01,9.715929335421891189e-01,3.192877765405928436e-02,7.910960254985951456e-01,5.223397395615558825e-01,6.653273730871744895e-01,3.187882980260247079e-01,4.843612824318890286e-01,2.506179418422306848e-01,3.024408732679957357e-01,7.101505036589653708e-01,3.166033950984977752e-01,5.192881122426901142e-01,4.222618078767989558e-01,6.011665748307718493e-01,6.663031945715307547e-01,4.318391211184700595e-01,4.795281915660066785e-01,5.276771600409108087e-01,2.996321032037490562e-01,7.170458226716419636e-01,5.190945149698432681e-01,5.524948738192693165e-01,1.783090048705712749e-01,2.173175504206823760e-01,9.970683849118398834e-02,7.864356992389793799e-01,4.742261461651828824e-01,8.394099925956689523e-01,7.003181422715304416e-01,1.483212535262207199e-01,2.796822086964931842e-01
4.564340690836926062e-01,9.677238145994468965e-01,6.557931232067601979e-01,5.072481618486950339e-01,9.619180826765001413e-01,9.148131692130768711e-01,5.602184050298026907e-01,0.000000000000000000e+00,5.705694266324050634e-01,4.424130634701227138e-01,4.277111608343822091e-01,6.087888770575122788e-01,5.495491654547830507e-01,6.828538540761022180e-01,4.513015570614876126e-01,7.508774649499244669e-01,8.027050469935066435e-01,5.383255037662344478e-01,8.265824162130992470e-01,4.432110850942748148e-01,4.581458551250026656e-01,2.406034985901034373e-01,5.859271405327066695e-01,7.495128515687103921e-01,5.386647068569505592e-01,5.654712597948713393e-01,3.387522608205303376e-01,6.906200706384717503e-01,2.318424481434331053e-01,3.613948460524080697e-01,5.863039980109423510e-01,4.580396308921941273e-01,3.771130046132324942e-01,5.325782302264661094e-01,4.477983041064120817e-01,2.305338785752065189e-01,7.426510621866587725e-01,5.007783314081206694e-01,3.729926538547683190e-01,6.019906361561333519e-01,2.379758143799368397e-01,7.923221645797799972e-01,4.605400079055200768e-01,4.815219550202268217e-01,8.891964188761943833e-01,4.574675828899832375e-01,5.520973087242777577e-01,4.263936790020072531e-01,6.352095453573665118e-01,3.389837931700304674e-01,-7.510257512678021607e-02,3.533619495317092962e-01,5.908600595240253162e-01,3.472178041913596136e-01,6.401031155854403076e-01,6.875394734346051973e-01,3.101780410382251607e-01,9.293990184796314669e-01,4.418361644538565391e-01,8.545508684413760658e-01,7.770715948514681504e-01,4.463214667553185300e-01,6.864788592026322966e-01,6.303706524738036387e-01,8.961512040748949026e-01,4.907056574533550375e-01,4.118302403192137806e-01,9.508830629843215698e-01,2.750177555029257870e-01,5.664532460158206995e-01,9.316482665298468913e-01,2.314977682084251309e-01,3.425715954052512835e-01,5.607456907354024800e-01,6.110724095042227022e-01,5.014714963130760816e-01,5.333665500812021509e-01,3.283968846813724585e-01,3.388299385663232632e-01,2.427162687634510374e-01,2.461429831448291583e-01,6.919556720663239124e-01,8.413402968543609584e-01,4.161687709305218474e-01,3.029812436920873431e-01
5.964551641809175964e-01,1.469785883376286718e-02,9.275909556674475365e-01,2.542854301531380923e-01,7.066189549033367046e-01,2.436804697114625662e-01,4.304699209682205097e-01,5.705694266324050634e-01,0.000000000000000000e+00,4.200491294479383741e-01,4.232456441542755132e-01,3.661303625031694930e-01,7.392435167426868459e-01,5.642925923552140066e-01,7.120266028032216088e-01,1.822241751401932619e-01,5.409743976802878773e-01,2.789625431308725978e-01,4.987403413106072936e-01,5.460433971545741727e-01,7.669466881018793813e-01,3.641987442407834674e-02,2.405849947696393487e-01,4.016655951994096974e-01,2.613973387801228343e-01,6.953917998419740787e-01,6.953293819173724799e-01,6.076049135433936321e-01,5.757346169763871702e-01,8.491558053593720179e-02,2.810059190741701074e-01,2.733552924222907854e-01,5.346147917766407298e-01,2.245059927996908011e-01,6.360254576213957289e-01,3.209639678069077795e-01,3.973230638466305337e-02,3.493667873024620674e-01,7.866942029904950839e-01,4.027576471084369225e-01,8.545251247011279583e-01,2.800640226659009691e-01,3.827061379187021162e-01,7.532859405555860643e-01,4.309781557353878356e-01,8.134156571197079799e-01,5.589747819847167287e-01,3.115724828392995582e-01,6.225189258357403110e-01,2.391630887842873254e-01,6.017573427079985215e-01,3.182809478210248955e-01,6.109980747358753073e-01,3.583243594104067453e-01,5.426627692420813442e-01,7.236718748107302535e-01,5.935261582305783046e-01,7.387344530084414274e-01,7.965146223128781733e-01,3.863968648571995956e-01,7.635227126213985915e-01,4.330393794993945833e-01,7.944437886892088407e-01,6.270213731637945820e-01,6.236758317133562768e-01,4.343201330951151351e-01,6.506854440749965107e-01,9.450514502838595066e-01,5.438861187545487308e-01,7.347963669235346718e-01,6.168825750739526104e-01,7.452822824188392037e-01,5.759805773092823156e-01,3.645271437140540360e-01,6.035403993668894129e-01,1.174134078114572460e-01,4.631880715517050495e-01,-1.207749928195834543e-01,5.506610929323533243e-01,7.656428015224259849e-04,5.972661170552215903e-01,6.813038266115520880e-01,9.914527390899079418e-01,7.393349111140645746e-01,2.836295390316788123e-01
2.545892948183389737e-01,9.582343935618723441e-01,8.883009233282791461e-01,5.831329351332149580e-01,6.722742693782441936e-01,5.388607746038855950e-01,3.158131431306792636e-01,4.424130634701227138e-01,4.200491294479383741e-01,0.000000000000000000e+00,4.202211641862021452e-01,5.951254709412532318e-01,3.384584920556278353e-01,4.424643782926515612e-01,6.255394887346952260e-01,3.967535810198740132e-01,8.417765154965253238e-01,2.192667802562180135e-01,8.457594942196376975e-01,9.149210439903273651e-01,7.256743216451483347e-01,6.296445024045376204e-01,5.403209993144266754e-01,8.436351949193121591e-01,4.844695368918615075e-01,8.077017893990933173e-01,3.299601396307111911e-01,2.740519185144457137e-01,4.146721347159229576e-01,5.697296227173449523e-01,5.201959009632128872e-02,3.517633771140562526e-01,5.827829123911048015e-01,6.874533339444691693e-01,9.212803405189490258e-01,4.757395861978595542e-01,3.330792991535159731e-01,4.857670491280973168e-01,7.275890306385521811e-01,4.067817644333345806e-01,8.600521392145200616e-01,6.630031876293246418e-01,8.145605071789450147e-01,4.976420839820181463e-01,8.689699589467176910e-01,8.485979468594687658e-01,2.275820981346549643e-01,7.657298400454735088e-01,4.765565295350978614e-01,6.470459847149279131e-01,7.625763961880743791e-01,5.079964950768548482e-01,7.186742761318440920e-01,7.090779400318814735e-03,3.193091644191015099e-03,6.833475209059942657e-01,2.839250559300064980e-01,9.456338100064419772e-01,6.451184365960247469e-01,5.908020804989736474e-01,5.444173987709003404e-01,6.608803532442937279e-01,5.153735849032020644e-01,4.448139896967311796e-02,4.898772870703345106e-01,9.794494852799463525e-01,7.599026733300292547e-01,8.899485950260727085e-01,6.856260954351959258e-01,5.125924881501351393e-01,8.457656513331063275e-01,6.938349967162028564e-01,4.466767599220385354e-01,1.635818509665384335e-01,3.029799055721396073e-01,7.933327184165337442e-01,-9.795948963904482776e-02,4.150252977591673553e-01,2.451294554971715223e-01,1.768627014450047386e-01,5.275960298794748482e-01,7.936089896496557605e-01,5.385798354802820986e-01,4.599158353899699403e-01,1.394865188345568163e-01
8.874745513397804819e-01,6.006644388659633238e-01,6.468092942042413807e-01,2.272462374412577146e-01,7.522457525790929855e-01,4.434634037959123698e-01,5.781918986014331630e-01,4.277111608343822091e-01,4.232456441542755132e-01,4.202211641862021452e-01,0.000000000000000000e+00,6.910585547637296822e-01,6.297052219864497369e-01,8.074563782118668875e-01,5.851075918677536292e-01,1.895425020063478960e-01,9.718363824379021576e-01,6.746743794759181290e-01,3.550330401097602784e-01,6.104978568505894376e-01,-1.396504102164664030e-02,4.256283137202134248e-01,4.817879246607696953e-01,4.423256178256350091e-01,4.552208683011616519e-01,7.511936153034760588e-01,4.694935513381655046e-01,9.840401819291194618e-01,3.412062518901611829e-01,6.923329950084455842e-01,2.968649939625451761e-01,6.177720601114907728e-01,8.419533250480581987e-01,5.011543663545280358e-01,6.778495686411327714e-01,8.193785739085314088e-03,9.709216355137573196e-02,5.593897957168196822e-01,9.328727500521107885e-01,9.094301475967316861e-01,5.272695180574487051e-01,9.501694560502514930e-01,7.939066566988403073e-01,9.661913338174712429e-01,6.870714403145818938e-01,8.419788726077219732e-01,5.037552996527633331e-01,5.995607010729960828e-01,3.733262588637881185e-01,9.464478116340292457e-01,4.819318145960227451e-01,5.714787521423627670e-01,4.990207080743982448e-01,4.192922914283499503e-01,6.089232525542528363e-01,2.121844191821048997e-01,5.115519678758696509e-01,6.695571547283051261e-01,7.066220294523876122e-01,4.215417547477793292e-01,6.452835434130129721e-01,3.901141458693636599e-01,6.721815019537275004e-01,8.588886299463693863e-01,6.899694197572903143e-01,3.168406198136656249e-01,9.557658837244021877e-01,7.116313194025883915e-01,4.855995282637769472e-01,7.186438576825199265e-01,8.765462228113815035e-01,4.660886541132175931e-01,5.659022267574955745e-01,3.072418332092538007e-01,4.944988352444140700e-01,6.355913229475659287e-01,8.783133830490750249e-01,3.807375016324789918e-01,6.835277876702549049e-01,4.847893362536299655e-01,6.749684375037093842e-01,6.979115293270113929e-01,6.859878514581055908e-01,7.451572375757717914e-01,2.526539570176930538e-01
5.726921708467803684e-01,7.199415450245869597e-01,4.361015940102228594e-01,9.020444603501376335e-01,4.645987683578491900e-01,3.199311366462714856e-01,5.418306028496553406e-01,6.087888770575122788e-01,3.661303625031694930e-01,5.951254709412532318e-01,6.910585547637296822e-01,0.000000000000000000e+00,7.364224885425725287e-01,4.891723450100003978e-01,7.179493514271160226e-01,7.891300115008303973e-01,9.190366577278689109e-01,2.477123490736637401e-01,4.362612868040748326e-01,7.253517869248627958e-01,5.382166559262976380e-01,1.694931067686775983e-01,4.755873214024639029e-01,6.959116624008712115e-01,7.404919330327371929e-01,6.319856602079013674e-01,4.148947484733036539e-01,4.780515456755697334e-01,3.210817177348994078e-01,3.132159361424219357e-01,1.232942336078859946e-01,2.007631543421383169e-01,3.109643523308978086e-01,4.049555426748485121e-01,5.879482481824316320e-01,1.892710615727524193e-01,2.834386728347223494e-01,2.930290763377083607e-01,6.947735344731836848e-01,4.365834886690744820e-01,7.624076912291808394e-01,2.223028408197202377e-01,9.681218192016236568e-01,7.234159354275950804e-01,9.333613878960216326e-01,4.864181662788449323e-01,5.458910878726721538e-01,6.091447279668182890e-01,6.992563424549240736e-01,7.512578588139373625e-01,9.808436338687608336e-01,7.332851949092915600e-01,5.370500131377657915e-01,4.264791799936786254e-01,6.945855005723517994e-01,8.802391247711327527e-01,5.929318168469861483e-01,2.751895298518827193e-01,9.788452167187366992e-01,5.670622195444237068e-01,5.032647548853155239e-01,6.199978853397889456e-01,5.416570400250946271e-01,8.338830279641168408e-01,4.451712499156415537e-01,7.687395102989448281e-01,8.363189685685835650e-01,5.649568229460099067e-01,7.512374722343895250e-01,4.837253111501829128e-01,5.656488942235140538e-01,6.488346725832239148e-01,-3.626203845643063417e-01,4.369911614680241918e-01,6.540268516776377439e-01,6.206968198457717412e-01,7.323661954296718513e-01,-1.229050309159883114e-01,2.858563602594166864e-01,2.825219833937516190e-01,6.752050661746614724e-01,4.484339126754565696e-01,9.310675478452636877e-01,5.527722962390295702e-01,7.158309356139174184e-01
9.748556772922079006e-01,9.351925303110701915e-01,9.529593505599502912e-01,8.859200056111691257e-01,4.834513804467459597e-01,5.975830560601791408e-01,3.531435709982171794e-02,5.495491654547830507e-01,7.392435167426868459e-01,3.384584920556278353e-01,6.297052219864497369e-01,7.364224885425725287e-01,0.000000000000000000e+00,9.893098975681154927e-01,4.651840578932363579e-01,8.432953497944313259e-01,5.986570387271726856e-01,3.031623270905849932e-01,7.250465042971628860e-01,6.645547882761648761e-01,7.077011981016663178e-01,7.074948297543723896e-01,6.282949261735041313e-01,7.516747651241305617e-01,4.902262469279350388e-01,7.845134772960238312e-01,-1.954748605233090353e-01,6.889406786180767295e-01,6.370170215736496999e-01,7.476046869844988896e-01,1.782041728803909209e-01,5.820948725917768352e-01,9.186503915604771198e-01,7.194712210111220418e-01,8.068864822495667166e-01,1.002690593073095882e-01,5.929331278913789749e-01,9.931399955592037365e-01,3.406514744015115559e-01,2.772507681962325665e-01,4.302903210866587669e-01,7.622121129124046490e-01,4.713151513102869505e-01,9.720448485280090978e-01,8.230499424536713571e-01,4.396658180998888610e-01,8.089368288187088751e-01,6.045863594425251453e-01,4.925440875671761587e-01,8.249759211484334331e-01,3.005531536037648888e-01,9.398555332942872820e-01,4.720554782635788538e-01,8.254630696613911578e-01,6.049027341272739111e-01,7.380140158597701117e-01,7.461963550978591986e-01,8.957971686813968049e-01,5.944244604825588141e-01,4.801153288546721187e-01,6.714215005927783864e-01,5.385694738552615490e-01,9.078113492606646462e-01,7.788405682818224651e-01,7.978472568936775255e-01,6.694222654211664514e-01,5.014416648523355446e-01,9.401934980296646760e-01,6.744504724700528531e-01,9.205094170113771179e-01,8.951726056677998811e-01,8.936236222196795032e-01,1.601156290230719703e-01,-3.208681467955573630e-02,6.691648611994123197e-01,6.586914309538098866e-01,6.039002324180147152e-01,3.856542852589964210e-01,5.390982530315222704e-02,3.434735124776560067e-01,4.145405349966865272e-01,6.195785686021942906e-01,6.925970440485363921e-01,1.435286190597672151e-01,4.388284404280962114e-01
9.033864284292484337e-01,7.298336664045610434e-01,6.590322609377046170e-01,8.809825963904265311e-01,8.053913620217467706e-01,6.048242541747086420e-01,2.623114764781757091e-01,6.828538540761022180e-01,5.642925923552140066e-01,4.424643782926515612e-01,8.074563782118668875e-01,4.891723450100003978e-01,9.893098975681154927e-01,0.000000000000000000e+00,8.890028995624050800e-01,7.815774655810767690e-01,6.630447390467184565e-01,7.868752734868853516e-01,6.470103826398968527e-01,6.182799956253233198e-01,3.154690521865085029e-01,9.870568885668449255e-01,9.625154400283697509e-01,5.350300484456051997e-01,4.207539738950545338e-01,7.288382596200155827e-01,7.577654685453113492e-01,7.019280992593858182e-01,5.536185903144997811e-01,9.971395875252973828e-02,-6.582493322827093207e-02,2.802164104477821716e-01,7.255954164278655139e-01,8.053820223638801235e-01,6.104443043746212716e-01,6.910271759359436494e-01,1.441394116267510350e-01,8.767339480572082788e-01,6.368100410486227103e-01,5.597921147554081323e-01,4.493493980184465886e-01,9.811129861527820850e-01,7.956003268954151553e-01,8.655306343065914954e-01,8.301309257540898656e-01,9.773544425821956150e-01,7.801741942297325538e-01,6.106704424424912458e-01,8.296200341693246161e-01,7.284581731876462740e-01,5.720176189326245941e-01,5.838158520186994549e-01,5.772370018999826158e-01,4.910397151024453177e-01,4.968107611449168459e-01,8.897360230407014292e-01,2.775481590910587881e-01,9.534818095958681461e-01,7.338502308259922113e-01,4.362252809500372086e-01,2.491127996852655901e-01,8.302389093287063648e-01,7.399420054907634992e-01,8.695246769981288537e-01,5.390653983788971093e-01,9.092274231173277377e-01,6.801515381862232035e-01,9.177461805968700759e-01,6.544846452724684127e-01,8.643874987363122653e-01,6.388253348691048661e-01,5.778248532662371151e-01,5.280288268060850942e-01,3.874135405509079311e-01,1.689602040456477106e-01,9.863461012712737563e-01,5.766648270765228901e-01,9.109352157653545223e-01,5.268395889390527220e-02,3.236520970968793653e-01,7.045469203270237069e-01,1.959041102258308464e-01,3.874020013198312129e-02,-3.237234163295077405e-02,8.104077565339188327e-01
7.002854205610685723e-01,4.711928776909041772e-01,8.925395831959369586e-01,3.534962945888910912e-01,4.099305154108767724e-01,7.604458610607907065e-01,4.733073811799143327e-01,4.513015570614876126e-01,7.120266028032216088e-01,6.255394887346952260e-01,5.851075918677536292e-01,7.179493514271160226e-01,4.651840578932363579e-01,8.890028995624050800e-01,0.000000000000000000e+00,7.370224406171751452e-01,7.578861521492391562e-01,6.002216829657082142e-01,7.452836112864378304e-01,7.318712423777891385e-02,6.955924533043749136e-01,2.248592784986542525e-01,6.515674298360518701e-01,9.502942570868749828e-01,6.617625012470004231e-01,8.991710787606362887e-01,6.367348475323484358e-01,6.123982918798274167e-01,2.208076356192893441e-01,3.589906412799630520e-01,4.926301049044362612e-01,3.822502991015342411e-01,6.366226644205754681e-01,8.005547700527547716e-01,5.521551127573229856e-01,1.203955154444679709e-01,4.930905860864547297e-01,2.309762086913913492e-01,8.506095587331400365e-01,5.313689858111125819e-01,3.407778289200051880e-01,7.527717206716305620e-01,5.363935796291234848e-01,4.784204860046264440e-01,8.028001875388007802e-01,7.766352796357430810e-01,7.723219498779226866e-01,4.197884997272010033e-01,6.438756130638415565e-01,7.143672761963267837e-01,7.878373321407523555e-01,6.325260348033799884e-01,5.073775197895870059e-01,4.662157595654620179e-01,9.620723489567752917e-01,8.492850285266172472e-01,7.955247133821160554e-01,4.022079806808878111e-01,7.670598560244558106e-01,4.129879922950288607e-02,2.401904167072567153e-01,5.121506020437504025e-01,8.235856147025431007e-01,7.998807071125371149e-01,3.281984193632588864e-01,7.419969276037865491e-01,7.241190975736280233e-01,6.463062342740779620e-01,3.995420729144972816e-01,5.825635527783309398e-01,8.220692611310531639e-01,5.127800802342427078e-01,4.773005471692173818e-01,4.365611662880301558e-01,2.133565746394124329e-01,2.291504450682059213e-01,6.565860193271977341e-01,2.288797145303722858e-01,3.972863776390130885e-01,5.514609674023815966e-01,7.079615448243969933e-01,7.451474058737820316e-01,8.792229667721691566e-01,8.437563917812265779e-02,4.396445790811935872e-01
4.410346816739063591e-01,6.719787015937180863e-01,5.125942614423126820e-01,8.259037322154307859e-01,1.613035602232364418e-01,8.461176968922183850e-01,1.224518058796410652e-01,7.508774649499244669e-01,1.822241751401932619e-01,3.967535810198740132e-01,1.895425020063478960e-01,7.891300115008303973e-01,8.432953497944313259e-01,7.815774655810767690e-01,7.370224406171751452e-01,0.000000000000000000e+00,1.547008928686624020e-02,3.922782742077527418e-01,5.020026205383758544e-01,8.015109468589772801e-01,7.816977129660422907e-01,4.061539934865779911e-01,-1.994746052379544887e-01,7.762644893304262439e-01,8.508900479806149608e-01,2.450924976806478084e-01,8.373819800302139127e-01,9.187393114331791066e-01,3.107152558436420131e-01,2.446114992670190003e-01,1.759793006908043633e-01,4.017433038840190762e-01,4.771409756482701825e-01,5.767225086237910414e-01,5.097869475906154912e-01,5.476460771005788875e-01,2.976025040678422218e-01,7.647236591655903748e-01,6.081603792676371079e-01,6.542604938065479381e-01,2.545312948262022923e-01,5.583795054206237563e-01,7.723124905114415739e-01,3.407628226780442526e-01,7.762059857904551885e-01,7.309673896629905743e-01,6.286474345677788289e-01,-1.612487815747010722e-01,2.483439433626461745e-01,4.084652909233090767e-01,-1.937225187669388005e-01,2.596958096555520012e-01,2.751771566170457817e-02,5.884117788507202684e-01,6.394698716136234529e-01,7.075635858603802619e-01,2.577249606462649889e-01,7.436566595248382816e-01,4.251133882962769839e-01,3.519657200962901245e-01,7.879052531284680416e-01,6.991306475147643917e-01,1.626828002267238782e-01,2.014523104001923748e-01,6.780398414913746397e-01,2.800499438022561183e-01,4.333718606336410817e-01,7.913340477999901701e-01,3.880278282333268214e-01,4.465943489226094631e-01,9.050847009765650153e-01,7.227392979142014395e-01,-1.538166465211205092e-01,5.897003056003536914e-01,7.741892824339025037e-01,8.544447724718555737e-01,6.466510917301724337e-01,2.672618092380464883e-01,2.015652031370518682e-01,2.016047234822919976e-01,5.613264824543853226e-01,6.211780598584826230e-01,8.814878714188676412e-01,3.928360211107069233e-01,8.355810118274709097e-01
8.496297874851153065e-01,7.499559792426436777e-01,8.920406515667025360e-01,4.221121088288735668e-01,7.824236005392976034e-01,2.170218190088821497e-01,9.735226378613058840e-01,8.027050469935066435e-01,5.409743976802878773e-01,8.417765154965253238e-01,9.718363824379021576e-01,9.190366577278689109e-01,5.986570387271726856e-01,6.630447390467184565e-01,7.578861521492391562e-01,1.547008928686624020e-02,0.000000000000000000e+00,9.694097504601096871e-01,7.263539547462388724e-01,5.033557337919857266e-01,9.574203241826213517e-01,7.526665810434530757e-01,8.207444822009557495e-01,8.443773396985123636e-01,1.724521045638589822e-01,6.338381244230995026e-01,5.367806120771080325e-01,9.092176975474993705e-01,3.994224963677667217e-01,2.553225072258354378e-01,4.206836361726056239e-01,7.377072560951145608e-01,9.619281795078707953e-01,8.198546647439716173e-01,8.254049856257489326e-01,1.439090841381245600e-01,5.312231239252176440e-01,8.861576594829346787e-01,6.275981662625140789e-01,9.263843534158384685e-01,-8.358639194854002030e-02,7.673659311536076277e-01,4.706318434329420652e-01,7.980197578832537442e-01,7.405837577833339624e-01,6.292495077017468130e-01,7.159372773177515858e-01,4.084150219067720911e-01,7.320500222459924711e-01,4.129785483906165955e-01,3.118915508515089918e-01,8.437173642390474182e-01,5.287956052950455454e-01,6.510834521595718627e-01,5.731231542638477450e-01,3.615332132720853742e-01,6.749672374250696993e-01,9.865080845743591231e-01,7.519920034892317862e-01,2.631236192794195738e-01,1.637386912646755510e-01,8.613481617638648613e-01,2.434628834154878851e-01,6.990304028834233296e-01,9.146851415443967293e-01,6.126768372127455731e-01,4.766113018855312466e-01,8.080677945441333554e-01,6.795965130391353748e-01,6.389005520819912576e-01,9.123101732467865377e-01,7.996624034336858866e-01,4.451616125789655265e-01,7.517416778341263761e-01,7.113418170196711410e-01,4.664125288863609220e-01,6.389385628325383593e-01,6.564726368823710079e-01,8.079756407516536232e-01,4.366616165661946769e-01,8.680695841355167142e-01,7.564388798896921617e-01,2.828827856498299376e-01,5.775563104248868651e-01,4.709690437108189909e-01
6.212112702306186174e-01,7.333714608760197873e-01,9.733893125885733077e-01,8.050253780539724513e-01,2.214146900715642796e-01,6.718223618801433261e-01,6.534795450651027515e-01,5.383255037662344478e-01,2.789625431308725978e-01,2.192667802562180135e-01,6.746743794759181290e-01,2.477123490736637401e-01,3.031623270905849932e-01,7.868752734868853516e-01,6.002216829657082142e-01,3.922782742077527418e-01,9.694097504601096871e-01,0.000000000000000000e+00,5.170701243803976777e-01,9.784586697568264935e-01,3.664369961120017560e-01,6.155678211595922988e-01,7.063089475880817147e-01,7.512339801866121380e-01,3.271380267257439911e-01,8.963283906765503462e-01,9.237297845488878778e-01,5.535233267580450534e-01,5.963830867933688218e-01,5.032891548828869466e-01,4.249863666908697546e-01,2.059229662962000496e-01,7.819125192508092903e-01,1.857072040552987377e-03,6.063987292380261795e-01,-1.736992592445483763e-01,2.023929408498755245e-01,5.708757881340024154e-01,5.505586323751311406e-01,7.684186426845885931e-01,-2.788951646442347498e-02,5.349899773194640717e-01,9.235728342893227971e-01,5.559049754634536322e-01,4.858679804230937038e-01,5.098342150334695955e-01,5.302957281569522507e-01,9.796846587136005535e-01,5.595804417480464421e-01,7.353068000892737377e-01,4.237364860484620355e-01,2.238963818758166469e-01,2.460366544243355325e-01,3.631721560515978053e-01,6.945171996106247470e-01,7.261314495225134058e-01,3.310112409862160376e-01,6.569135646089910852e-01,3.296864909452005277e-01,6.863799489595334702e-02,6.796984229937164113e-01,3.587919948661689729e-01,7.410613019039091753e-01,7.892325465542076035e-01,5.484049863135538327e-01,9.892615770638931716e-01,9.782334433180779332e-01,9.514308409725945603e-01,2.145326269053551005e-01,9.174511852053829353e-01,6.486778077236775575e-01,6.368208792392446860e-01,5.064580410221670714e-01,3.066445256580050405e-01,-1.807665793859675185e-01,6.067430161042393078e-01,9.358470920644057500e-02,4.716417525764199370e-01,1.207584938084417248e-01,2.106360881893175885e-01,2.734700399979852481e-01,8.851940386116838866e-01,2.034808049872631475e-01,2.373627542313212768e-02,4.000434275841122655e-01
