0.000000000000000000e+00,7.346072656627956610e-01,6.856428272777059796e-01,8.887387181963929406e-01,4.060902908110592957e-01,7.467468755146038362e-01,-3.076029984112788052e-01,8.027013876293620509e-01,7.250866159953783807e-01,8.883368864337315429e-01,8.668620944942284634e-01,6.745703423145437139e-01,7.141414302772206568e-01,7.943515691842593096e-01,8.664966601349883835e-01,7.542206500263041180e-01,5.580758995432552050e-01,7.846632897081076141e-01,7.335579069297530896e-01,9.697226399368924499e-01,7.360719359565388586e-01,9.106435172980251735e-01,4.220141313544491513e-01,8.344775521232895565e-01,2.136373576084688308e-01,6.993614245078261238e-01,7.196331911527493741e-01,4.639105262540633157e-01,5.324498830281272355e-01,5.426233022695681196e-01,-9.465465533531895737e-02,8.414682110428344242e-01,8.061324601836040715e-01,6.909949653540014003e-01,7.941919232121676941e-01,2.009017438810352385e-02,3.975490196196730941e-01,1.246098550066175453e-01,6.465525698637863972e-01,6.680977890330594970e-01,4.147922181367054151e-01,8.821842285434062791e-01,9.905327476146227328e-01,9.345326528086073115e-01,2.645997911121713564e-01,7.939710751508677333e-01,6.891559353738565541e-01,6.493573297463171023e-01,3.014930383495315613e-01,7.770673600274227155e-01,8.167918999217359532e-01,8.159043536442266431e-01,5.182940861590288328e-01,8.629026818456914105e-01,7.292850281891634090e-01,7.272616416768400427e-01,7.123530844105004922e-01,7.181296059170946267e-01,6.350524641214352339e-01,7.701682012966123425e-01,2.090873619442880638e-01,8.749339829083608855e-01,5.105857480564669482e-01,2.712481455971298971e-01,5.912452778652772523e-01,8.386391040655979401e-01,8.244033578381105842e-01,5.460311089267820828e-01,7.148455389995022058e-01,6.742223324815211916e-01,9.488262585018016892e-01,1.117915435512505662e-01,9.653124478793960461e-02,4.214460861601870278e-01,9.336166846247908602e-01,7.056726831313702153e-01,8.102407758528590298e-01,4.004298922364250557e-01,3.324457148470459922e-01,3.443519192551857122e-01,7.348617475853588266e-01,6.526021285170606756e-01,7.391386493724114715e-01,4.388961224098348324e-01,9.301778522394623661e-01
7.346072656627956610e-01,0.000000000000000000e+00,4.538807136623605465e-01,8.996352203614418341e-01,7.709852881206604724e-01,6.795973654323250734e-01,4.961985862378152090e-01,6.008804469035716744e-01,2.608934225998878476e-01,5.953593862834942740e-01,2.137251565731269620e-01,2.094857727873148112e-01,4.856639687612619438e-01,5.071616046196814054e-01,7.443989479059907044e-01,4.243631401959413463e-01,3.020979240992687775e-01,5.716653400429796417e-01,4.845547637109313688e-01,7.836297265447950133e-01,8.242414961715001098e-01,5.870607429890368767e-01,7.939712891452745946e-01,9.369948457539982734e-01,6.087373998545853038e-01,5.802964552115263963e-03,6.588879908966014387e-01,6.564143995041270552e-01,-1.397473817961609188e-01,5.236872451459700928e-01,1.971800696477747916e-01,4.121209371883567951e-01,9.437113062271029751e-01,4.590862332455731276e-01,4.837777693778014254e-01,4.799812332551586236e-01,3.975270925050262694e-01,7.266701410801554850e-01,9.089208589559517604e-01,7.716884514960681285e-01,4.378533326687172322e-01,3.821230703897349201e-01,3.325791234643891287e-02,9.753984898179527407e-01,7.205453019233704071e-01,2.213991142285882674e-01,6.669432610337043821e-01,5.650037206277085389e-01,5.941190916430081348e-01,7.086099247574099147e-01,5.704157179989218784e-01,7.661275352380806369e-01,6.344359580613452287e-01,5.957187230938405520e-01,7.610160827663274841e-01,8.387099252796330617e-01,5.699718213715511128e-01,6.118489792122678850e-01,5.571375237321934959e-01,4.958353092825804054e-01,3.761908674815154230e-01,3.569476728386773434e-01,6.363722067962116480e-01,9.204349673970056989e-01,5.178038215075785322e-01,7.393313297060144507e-01,6.137178479959483068e-01,7.589741387948483187e-01,6.764620172230897399e-01,4.794961813518319182e-01,9.000170571363322880e-01,5.335159100007163396e-02,7.796822027672225541e-01,-6.756078955485142479e-02,3.127989960191759344e-01,5.153755380641036332e-01,4.176583445144890216e-01,8.748532038488435192e-02,1.088787612946728878e-02,5.777675291659931656e-01,2.421977187965288769e-01,8.688496759561095129e-01,6.367023884282768664e-01,4.068721618122445038e-01,4.485866031989109159e-01
6.856428272777059796e-01,4.538807136623605465e-01,0.000000000000000000e+00,8.088341261096868573e-01,9.822185613145975047e-01,9.692145160159021389e-01,8.235282590380194057e-01,6.748974073371468707e-01,6.980041019518021805e-01,7.295083434974591885e-01,7.975581564092278919e-01,4.995555348808344842e-01,9.801315341096052958e-01,4.828287820075511383e-01,5.355091795853078596e-01,4.228101415384993844e-01,5.409699340678362223e-01,6.245449480326594749e-01,9.074769454135132030e-01,5.159735791563888618e-01,6.793568774105233077e-01,5.041700110991137462e-01,8.363682719669816024e-01,7.619136850683875251e-01,7.288036098946950592e-01,9.985212057443143552e-01,8.029066383866862999e-01,7.412428213723049053e-01,5.022067003011080333e-01,3.185781102207477788e-01,4.601101606264240002e-02,7.613691219401174104e-01,4.636967591366963903e-01,5.958091604097554006e-01,6.380941576520425818e-01,5.843962877956458968e-01,2.087081981320126345e-01,7.940985564512710315e-01,7.773357599274621776e-01,9.665568413808178772e-01,2.579002743529699715e-01,4.672109609150396081e-01,9.788661239636688993e-01,7.191251095555653006e-01,2.415991905359654024e-01,9.092198215692826047e-01,6.544602990674212029e-01,4.679904911892625030e-01,8.070396367507780555e-01,9.808055985111432395e-01,8.537795946673184533e-01,9.760768956827620135e-01,4.412559396554740498e-01,9.483456148208009306e-01,7.003845916817225126e-01,9.785594506956875049e-01,8.379529779157147695e-01,4.642967340127606146e-01,5.615152374530762991e-01,7.917219192224217439e-02,-8.999132997188534488e-02,8.336988805680912717e-01,7.358041388322903442e-01,5.198942535104734697e-01,9.520689352713271880e-01,9.192592671215391587e-01,9.620445116227018811e-01,6.935327163433090414e-01,7.404455701284990976e-01,6.231662295867509416e-01,9.305977008880319534e-01,2.009085389154433021e-01,4.711679207668679203e-01,2.781489114527644912e-01,6.068796885338072489e-01,3.479971479167234816e-01,6.946060823297546261e-01,2.392471121777957899e-01,6.774889998309869821e-01,3.779734000865041521e-01,9.114164268799955781e-01,9.356541051156620492e-01,5.267162218981340516e-01,9.368475899387279648e-01,3.360586281799763375e-01
8.887387181963929406e-01,8.996352203614418341e-01,8.088341261096868573e-01,0.000000000000000000e+00,7.340069235115845858e-01,8.533766930338588796e-01,2.270485484714414304e-01,5.271261761522950673e-01,6.272574393932306425e-01,4.956942755994023786e-01,7.111668350728139743e-01,7.659422609147964467e-01,6.482790187292885031e-01,7.648522974500718830e-01,6.737539262134460971e-01,5.633565287941216804e-01,8.156841879889913383e-01,7.757279319554090113e-01,6.484459215080451422e-01,6.092179842167280146e-01,9.844640289679855716e-01,5.831459314419038531e-01,9.055230603419254232e-01,7.537435616346059852e-01,5.760057429187163125e-01,9.287218299040946867e-01,8.741700346932330667e-01,7.361887566473053202e-01,1.913910700145314281e-01,2.251383962992044574e-01,4.717625184197817845e-01,7.657537908212217470e-01,7.715339188548262506e-01,6.936660630772156777e-01,5.403408362635024886e-01,5.181530959364220035e-01,2.404569382291210089e-01,2.129808728296157805e-01,7.812304831226309920e-01,6.065093434631436686e-01,3.898883133449611571e-01,9.773378889506781908e-01,8.644386610741856547e-01,6.989736992333510646e-01,8.933579812704802725e-01,9.281489019866919765e-01,8.860014897371072395e-01,6.486334114032155096e-01,6.376978914114782571e-01,9.188009007285795615e-01,7.528504768436456995e-01,9.993807604510104303e-01,8.523232626114660704e-01,5.028245369337744908e-01,8.490017170954389236e-01,5.802977229019007366e-01,6.295062957530147552e-01,6.359761856079536591e-01,6.578500076633844174e-01,7.531809429059366234e-01,3.258296098025164622e-01,7.021763866345036575e-01,9.988253949626471062e-01,8.501068455898067588e-01,2.023784520863280700e-01,2.899905287310889923e-01,7.812771051202100914e-01,9.723662592863984155e-01,6.599585712537775484e-01,4.901515393156555822e-01,6.786962083803695922e-01,4.076569121070098278e-01,1.702609810306670302e-01,3.777770810397221846e-01,7.880260350228553978e-01,4.487416725399838713e-01,4.489096677640993516e-01,4.552324145475935557e-01,2.333859311204189990e-01,7.743697849312342063e-02,2.115206237900219000e-01,7.685688192496289428e-01,7.534698839340288057e-01,7.796861622740876019e-01,2.144854737696898495e-01
4.060902908110592957e-01,7.709852881206604724e-01,9.822185613145975047e-01,7.340069235115845858e-01,0.000000000000000000e+00,6.018866205896651334e-01,3.841801416035851569e-01,4.247595125117377690e-01,6.833351567135498295e-01,4.747212104220008277e-01,6.035717684323275156e-01,7.907920739855300862e-01,8.802655942795849509e-01,9.455778606501457073e-01,4.854585396461301161e-01,7.805243182477864528e-01,9.941980584028746737e-01,7.980955731599713721e-01,2.418744866680968830e-01,6.780549603173087192e-01,6.425887921902069255e-01,2.041886100602974263e-01,7.224433312932326823e-01,9.166819131002039711e-01,7.352829496306860779e-01,2.580213721840508012e-01,6.903647285777407827e-01,6.482946284929158587e-01,2.368605642057368121e-01,5.974396367212688741e-01,3.441492720094093682e-01,4.633650497490510722e-01,7.733187568596139316e-01,7.363900472966069533e-01,3.266762634562260237e-01,4.963217292524464419e-01,1.536967499864389242e-01,6.600670217934248019e-01,9.308246182374897426e-01,5.469750233099595071e-01,5.567193864611572618e-01,2.527061296834525184e-01,7.410808308908812814e-01,6.298621165756826956e-01,2.502878337644964257e-01,1.174200412520345627e-01,2.103779576377915184e-01,3.848829311605146408e-01,5.524954462281539413e-02,3.861323517267478689e-01,2.644323300497904428e-01,5.968708465769749782e-01,8.268171822133938420e-01,9.255621667693333388e-01,7.918015619731068044e-01,7.217160648650309263e-01,6.524127669225673332e-01,7.193078720245122959e-01,8.025420579215178929e-01,4.641111559349465066e-01,3.113247028806769845e-01,3.267529960103092712e-01,9.247743003860894317e-01,5.643083868368244937e-01,7.849307932187576942e-01,7.307557068232333197e-01,7.455015732228338354e-01,7.600316916369258546e-01,3.623962698888473777e-01,2.456906680853274128e-01,1.868378113456181100e-01,6.538731096695401535e-01,7.455355586414096347e-01,3.885471320375539217e-01,3.421449169350138098e-01,4.590374291164650011e-01,4.780127396411102403e-01,5.305211724810762197e-01,2.128993064047448036e-01,5.545686250611197021e-01,7.550746833466808194e-01,8.199834898290433438e-01,8.222763180210156397e-01,6.733797582856915209e-01,6.148839406104006367e-01
7.467468755146038362e-01,6.795973654323250734e-01,9.692145160159021389e-01,8.533766930338588796e-01,6.018866205896651334e-01,0.000000000000000000e+00,3.235975637651102854e-01,5.179230425214605971e-01,5.183502799749366563e-01,6.095480677172074868e-01,5.410485658810845200e-01,2.866709959010634301e-01,6.531842528317179930e-01,8.065001733497011438e-01,7.384750183328893103e-01,3.255070470195557952e-01,7.816232224052689359e-01,5.035502648186740426e-01,9.485568589955245544e-01,4.427203057559713217e-01,6.638191439182228315e-01,7.715003095318057058e-01,7.685680591624297620e-01,9.016353903240892365e-01,4.465688380486928510e-01,7.080750244746699673e-01,9.265631227010187043e-01,3.864205466409977863e-01,2.131539051862933742e-01,-5.746150946988498598e-02,2.118210264141218713e-01,6.883383881764481016e-01,6.469985156825479589e-01,7.855129661789590767e-02,4.123261059036500420e-01,5.533006733200167560e-01,1.456803170162843941e-01,6.555413144006158044e-01,7.333773252884562277e-01,6.763443573457613711e-01,5.166013941713936131e-01,5.497262359619810024e-01,6.478200036336309031e-01,8.940062110830685471e-01,6.098598705921177698e-01,9.816120202942991702e-01,5.487874778916511653e-01,6.935206883622746510e-01,3.111265758736346809e-01,3.689541211181973646e-01,7.109552889809671594e-01,7.363471130528322917e-01,8.354101954960637677e-01,9.652100893689333216e-02,5.573563026137522414e-01,9.181764567377741493e-01,9.587092431563849493e-01,6.363945766484171429e-01,8.298279826627663613e-01,4.870488726431817517e-01,2.606957725621183997e-01,5.052417939338235131e-01,1.019944076052423654e-01,8.082959410839903880e-01,6.730786941937837442e-01,1.827671938728398504e-01,7.469211840071133812e-01,6.983912004770228554e-01,5.980715936791902720e-01,3.372927313404245897e-01,4.942070121456653142e-01,6.294558828038728793e-01,5.828471141808906353e-01,2.613128025120378117e-01,6.441591317485234613e-01,5.939382093131330143e-01,2.514750872968780082e-01,3.626618920433042348e-01,9.940143928141008389e-02,4.348179600405752826e-02,6.697002047408442404e-01,6.118778827146069688e-01,9.023291191153868240e-01,3.283513174354486530e-01,7.033764999121050465e-01
-3.076029984112788052e-01,4.961985862378152090e-01,8.235282590380194057e-01,2.270485484714414304e-01,3.841801416035851569e-01,3.235975637651102854e-01,0.000000000000000000e+00,5.358190756387208875e-01,5.988085314448503560e-01,6.490152148891796813e-01,-1.398998153998075589e-01,5.171285590551162326e-01,2.232051579016791076e-01,7.752241508523187719e-01,7.860104132997248749e-01,3.150016360699611218e-01,4.396995910852832257e-01,7.152422212652578271e-01,6.406768352916529796e-01,5.793679703951499782e-01,6.954869252693788306e-01,2.299926918649619900e-01,2.143282658583122724e-01,7.394696847577894028e-01,5.265488321166547081e-01,4.419334119150821194e-01,3.807706904923464086e-01,4.303482285859782097e-01,1.890832391337875229e-01,4.139793422223704833e-01,6.935843924326592913e-02,7.965338494748231968e-01,3.589386680162096610e-01,7.806135217101074497e-01,1.771342853076321167e-01,2.569002559883359904e-01,2.721567293087118755e-01,5.538997408776007436e-01,6.279948929470309249e-01,5.306487320088290049e-01,7.163862289948365047e-01,3.459509581345929785e-01,8.777284157159702671e-01,3.757558134442664510e-01,7.041388150159073600e-01,3.411112657742313981e-01,3.851043696693955409e-01,5.670672718279019531e-01,3.682664101297317139e-01,4.306754379630349794e-01,6.008744743678553490e-01,6.756309658564108034e-01,2.993338362594237870e-02,3.784908066503089863e-01,5.197663602353707057e-01,2.719961823185914063e-01,2.146709669226609107e-01,2.480487844390837637e-01,8.249424251227712723e-01,4.103880032773575270e-01,7.368767503235529315e-01,6.644709782756754723e-01,4.673550476970137479e-01,9.025003650896693541e-01,8.579090250539730400e-01,4.559317847497747489e-01,7.282258031301677148e-01,6.306380188121651909e-01,5.710609262235549072e-02,5.826998541265094866e-01,5.696193606200499193e-01,3.803112820365796010e-01,4.599906623254515492e-02,3.869453211080312593e-01,4.431390045319474891e-01,5.657322034968471636e-01,3.943834761800150690e-01,2.512232908001442167e-01,5.989168613514392892e-01,4.826570595265448627e-01,-2.481082746958720997e-02,6.340209248626784699e-01,1.551794272806445996e-01,4.640870767549548637e-01,6.699379535089724502e-01
8.027013876293620509e-01,6.008804469035716744e-01,6.748974073371468707e-01,5.271261761522950673e-01,4.247595125117377690e-01,5.179230425214605971e-01,5.358190756387208875e-01,0.000000000000000000e+00,2.780672116293990692e-01,6.666936449979947721e-01,4.460086253111671950e-01,2.103576454390630457e-01,8.436048235166258014e-01,7.577371708439495368e-01,6.130425387352010924e-01,4.533397783335825770e-01,7.845554076675436139e-01,3.799830755207974642e-01,7.002139272101012279e-01,4.330114536576649131e-01,9.625988127366710279e-01,7.943320734667072003e-01,5.447467031816705108e-01,7.251354488677591581e-01,1.519746480737040918e-02,3.517416323532368549e-01,3.916271561551920577e-01,7.183136283688466017e-01,4.932722810210485864e-01,7.228164868481253835e-01,5.054883055756432819e-01,6.261063062820516611e-01,7.876506970683375686e-01,6.743566504496013581e-01,4.754497190485060809e-01,3.812229537012744585e-01,4.529210409362992018e-01,6.201345544048940672e-01,5.481079701157233197e-01,5.997613769357090785e-01,5.659800486622580395e-01,6.934363929166597051e-01,9.768356081933988744e-01,5.983433901644905767e-02,5.710286241693836029e-01,4.480491704679302467e-01,7.380048133634512508e-01,4.185291080066362301e-01,2.899851933828939687e-01,9.824720858297179005e-01,2.464116366529461033e-01,5.814781051968851422e-01,2.865635163786525719e-01,5.177691446032046674e-01,9.661473514766016901e-01,7.984272281340717425e-01,5.089177166446818834e-01,2.895348040175558246e-01,6.724196080059652303e-01,5.121572224139147034e-01,7.001170807280435726e-01,5.740219399999915151e-01,8.727009318156970785e-01,8.204136222751502450e-01,6.869635605375029597e-01,3.422782311551634260e-01,6.809852495410382289e-01,8.412106846390212667e-01,6.758363467205427133e-01,2.027173634865250540e-01,4.095534931613061813e-01,3.071001950013257376e-01,5.907777297884617695e-01,5.730817949466634476e-01,3.970205902107188933e-01,6.608947135325268230e-01,9.487148560757970861e-01,6.551443514071523255e-01,3.076316447831717316e-01,1.240147886261483007e-01,3.306292523750049561e-01,9.060317383632927601e-01,6.527292334343401947e-01,6.216685222569173774e-01,6.921190687884567483e-01
7.250866159953783807e-01,2.608934225998878476e-01,6.980041019518021805e-01,6.272574393932306425e-01,6.833351567135498295e-01,5.183502799749366563e-01,5.988085314448503560e-01,2.780672116293990692e-01,0.000000000000000000e+00,7.659182644211977031e-01,5.109356381099590116e-01,4.887266654884750428e-02,6.159110807089228645e-01,8.992136105167124471e-01,7.262140649531073633e-01,6.993486400151408544e-01,8.560778826724085855e-01,2.846524094632212898e-01,4.346163071571687020e-01,7.272507287641056806e-01,6.615493666501561787e-01,4.063152692041564484e-01,8.567308778958260262e-01,9.383340852937134269e-01,7.455853198469528653e-01,7.317018715086465175e-01,9.668720954935705603e-01,6.312522556816569930e-01,5.375095775711404844e-01,6.325570446238705236e-01,5.085339575783940358e-01,2.197874892081825016e-01,4.942213912939221188e-01,2.072270797793076269e-01,6.802556449561736329e-01,6.379558084431260490e-01,2.282750949555365227e-01,8.423928795288457838e-01,8.532097127007012283e-01,5.895430787969834219e-01,4.464863032789516684e-01,7.095764383176846046e-02,9.374396399806517177e-01,7.189410465727695820e-01,6.708967529622491544e-01,4.935589808047040616e-01,5.907301642156181920e-01,5.446274662705955505e-01,3.307719340187544321e-01,6.900680754994893418e-01,6.544319832665360659e-01,5.577557507793340363e-01,6.186195659571311900e-01,2.660620756165478773e-01,7.668453116652501622e-01,8.193885701441807612e-01,4.062222036944697079e-01,8.651168452682757026e-01,8.692533958013799467e-01,4.032592861606880685e-01,7.776047211676695436e-01,2.961862460201998837e-01,2.195362722866971983e-01,8.310552136789631783e-01,8.976327135931458923e-01,6.570623395219646889e-01,6.262151975052075992e-01,6.888913866648549433e-01,2.496348578269519392e-01,7.315598124280845438e-01,5.170670099467447045e-01,4.010327540397702617e-02,7.538686023182770146e-01,3.554842588164544015e-01,6.733830794275428300e-01,3.289743535637283389e-01,6.574772845693901413e-01,9.489025133515941457e-01,5.672411549975839851e-01,1.584143854997981382e-01,2.353238727008813147e-01,8.711350745009215357e-01,4.027631881346961928e-01,9.960535800624005232e-01,2.873871016944031243e-01
8.883368864337315429e-01,5.953593862834942740e-01,7.295083434974591885e-01,4.956942755994023786e-01,4.747212104220008277e-01,6.095480677172074868e-01,6.490152148891796813e-01,6.666936449979947721e-01,7.659182644211977031e-01,0.000000000000000000e+00,7.396921808820593469e-01,5.546985758744537032e-01,7.591817467371948513e-01,8.888196632965490451e-01,5.916962236283729304e-01,7.992741831076535242e-01,6.280929438367384154e-01,5.666634303677646756e-01,6.833154405776262763e-01,2.134201225458312590e-01,9.920152829340448397e-01,9.129884198819233632e-01,1.309414840981447947e-01,8.138276436863061125e-01,2.621875989229556225e-01,3.690810718877763907e-01,9.978993724442108970e-01,9.460776009597702263e-01,4.298982633937165065e-01,4.014461474719446255e-01,3.742626940631654797e-01,6.834691967502130039e-01,7.434615489460044691e-01,6.216400625926191692e-01,4.777016487681101653e-01,4.174350842180505894e-01,2.277526673915866717e-01,6.622851609232254244e-01,5.659838666480527802e-01,4.944437260686066482e-01,5.025924842439332130e-01,6.504182261003346177e-01,8.478415819994726821e-01,4.356295317197965145e-01,9.091732840671905569e-01,6.734488794328193917e-01,7.115953310737420656e-01,3.680822071452071187e-01,5.711133946770540204e-01,5.888260982448307868e-01,5.661668054355321056e-01,9.933577773460182669e-01,8.788496355864245935e-01,7.499370803486783421e-01,2.641122538109447193e-01,3.333087509759524725e-01,7.707150135279671188e-01,6.422767306544807653e-01,8.199133100562240317e-01,1.281301559966677439e-01,4.950900463528541962e-01,7.502761402574089633e-01,7.276940984550650526e-01,6.460874208493683213e-01,4.350977172117410641e-01,6.947221670473269217e-01,6.037314121892899399e-01,4.045054167744666640e-01,4.463888574840698120e-01,4.540950379089521705e-01,9.384063195344612973e-01,6.428434778098672808e-01,3.815068103627215490e-01,2.171698779762958886e-01,2.805721489258217443e-03,7.881986476335829384e-01,7.625380008615283423e-01,4.508939695819093596e-01,4.989933557994475355e-01,1.498604471970926000e-01,7.144738750795905924e-01,8.340335442368818075e-01,8.317486681073172905e-01,4.769801073440693706e-01,8.803129634900960232e-01
8.668620944942284634e-01,2.137251565731269620e-01,7.975581564092278919e-01,7.111668350728139743e-01,6.035717684323275156e-01,5.410485658810845200e-01,-1.398998153998075589e-01,4.460086253111671950e-01,5.109356381099590116e-01,7.396921808820593469e-01,0.000000000000000000e+00,7.039946097425456850e-01,8.670947252062493060e-01,6.463929548476471387e-01,7.315164091398780322e-01,8.854288566835399887e-01,9.589923962836706117e-01,4.123215459037427033e-01,7.296625749176158804e-01,5.690747842196712813e-01,6.865013951500492650e-01,5.584394324727162129e-01,5.284236374440880873e-02,7.975087516635517293e-01,5.167210482311279662e-01,7.670367216033255886e-01,5.156450073115141919e-01,7.151555537612087621e-01,3.234691193533103526e-01,3.031332169969666035e-01,4.241707275153255852e-01,7.968655908206261351e-01,7.720389071617304033e-01,5.413611060063683311e-01,7.476880992482199950e-01,1.950888277504818635e-01,5.337051266426703355e-01,4.557579788168674151e-01,6.528642310330861065e-01,6.539188427546767102e-01,5.765089416988229409e-01,6.358969897231435686e-01,7.736699818049632693e-01,3.095843334894671783e-01,8.533505829232830298e-01,9.850487868680152248e-01,1.439290526411741433e-01,8.280259229897959372e-01,4.036511111670727514e-01,4.436644139442632584e-01,5.448651672613208374e-01,3.882464384684308212e-01,6.037560176825482738e-01,5.428397300225477062e-01,-7.409325034762265227e-02,5.988023597562834865e-01,5.452924945952573044e-01,2.307296782790071443e-01,5.460106675911902672e-05,3.518982343199492657e-01,6.274569855549576580e-01,7.069329512554198836e-01,4.250845554177202779e-01,7.443585221004419550e-01,3.366974324362017046e-01,4.049439393968590206e-01,8.540894505710719953e-01,8.308246399835256257e-01,3.406909966453164351e-01,6.845555022565563696e-01,7.054417070909159149e-01,3.938764321798223222e-01,3.610528675114654806e-01,5.393341015407316918e-01,3.506263950685074571e-01,3.545358026650914374e-01,6.447279486482677680e-01,2.179628881385282380e-01,5.921041668771921396e-01,4.849111292138587048e-01,2.477712826413039360e-01,9.944754126822479279e-01,6.897708936047673989e-01,5.235392267065754890e-01,5.638072198291205206e-01
6.745703423145437139e-01,2.094857727873148112e-01,4.995555348808344842e-01,7.659422609147964467e-01,7.907920739855300862e-01,2.866709959010634301e-01,5.171285590551162326e-01,2.103576454390630457e-01,4.887266654884750428e-02,5.546985758744537032e-01,7.039946097425456850e-01,0.000000000000000000e+00,7.183469660132267842e-01,8.378837080371974722e-01,2.897110564590916759e-01,2.092873204857918501e-01,6.138675580898483863e-01,5.102732830301794920e-01,7.896509454763511737e-01,5.672696919707378438e-01,9.035732014853861127e-01,4.994532525055138672e-01,6.031653727360228867e-01,4.397101147720041125e-01,7.855687548353599281e-01,4.739795555977342478e-01,6.775842412787193014e-01,8.923261291689927877e-01,2.229715625476942631e-01,4.765419338835950036e-01,3.541025929015640950e-01,2.077241312277365026e-01,7.492330128976278925e-01,4.385696099564749817e-01,8.767482098937238177e-01,4.316887829505144936e-01,3.781614595127181788e-01,1.172080739001438721e-01,2.460046532523837981e-01,6.421143763374460578e-01,5.684123680591256500e-01,6.811711670733375801e-01,6.912440333281629767e-01,6.745200560749126106e-01,7.876091822995563430e-01,5.100619229139981003e-01,3.436972003553145916e-01,3.519688296638964209e-01,5.698577917977294405e-01,6.133703198091061681e-01,2.863610436479183119e-01,3.292020512431282353e-01,5.202836955228538063e-01,6.517840815734758930e-01,7.906752497155723480e-01,4.970706742864324790e-01,3.511332687202072256e-01,6.117147983430296643e-01,1.842715462750309507e-01,4.512461864670167661e-02,5.077521631011583381e-01,7.782485345586317438e-01,7.855943163664432793e-01,7.120569625368692313e-01,7.846936649367356464e-01,5.976379529022568526e-01,9.276731760824906692e-01,6.333449054908507625e-01,3.871479208059790400e-01,6.105828539687808698e-01,7.320947327768542179e-01,6.979971029222117318e-01,5.402085678222654647e-02,2.385663437464332071e-01,5.232935948234289647e-01,7.518316947291440178e-01,6.856723491107250545e-01,1.086399895105897989e-01,5.974730609301543982e-01,1.166646041470005973e-01,6.651509158409312228e-01,9.529258627120613667e-01,8.933234843663536706e-01,6.354761766755911978e-01,5.762842662434339847e-01
7.141414302772206568e-01,4.856639687612619438e-01,9.801315341096052958e-01,6.482790187292885031e-01,8.802655942795849509e-01,6.531842528317179930e-01,2.232051579016791076e-01,8.436048235166258014e-01,6.159110807089228645e-01,7.591817467371948513e-01,8.670947252062493060e-01,7.183469660132267842e-01,0.000000000000000000e+00,5.790531033273738082e-01,6.504187896287804138e-01,6.538651964542763206e-01,6.922197791440000136e-01,3.395735952970476701e-01,6.743700803716227155e-01,8.696463875965183554e-01,9.932693241848119525e-01,8.506040423221655766e-01,6.024586886153796561e-01,8.347896657046964819e-01,4.409609189317346134e-01,6.536521100748338142e-01,9.851445479367099134e-01,3.267285729682157802e-01,4.792932381514773410e-01,5.250644359290470575e-01,1.086580147349843761e-01,5.407369879912774513e-01,7.764406140828854497e-01,7.251237875779336095e-01,7.232191728989845192e-01,2.442036022315898988e-02,4.374698320145390396e-01,5.838382397287624759e-01,7.786358069119694303e-01,2.789282565980866213e-01,-1.753543435852552013e-01,7.780585108314224119e-01,5.432395531120892684e-01,8.819219883617995803e-01,8.519023753167984658e-01,6.389394138840518433e-01,6.190426752264137633e-01,5.701149249035156741e-01,6.426590816124682082e-01,4.675929658756371454e-01,2.809851489814108039e-01,7.519610400096479186e-01,7.584004656093084051e-01,6.942454394071330137e-01,8.357529619314020275e-01,6.592365843644080181e-01,3.910250642843087210e-01,4.550889646638110464e-01,7.219180735154729911e-01,4.435857970570371012e-01,-1.196518170904619094e-01,7.145495196793344439e-01,2.004348984383572119e-01,8.540960046048289289e-01,9.424292331348805840e-01,4.636412501840130873e-01,7.715087337036480308e-02,6.875167113620862525e-01,2.714443704622403475e-01,7.489077965598553988e-01,6.035324490494126115e-01,6.834312400912063712e-01,5.785738856820262788e-01,4.454662916090332270e-01,6.000839158819025743e-01,7.146730016069726688e-01,4.669599021059733790e-01,7.670524404105596439e-01,1.927625921680621579e-01,4.033978297615122277e-01,6.025186262354538524e-02,6.969513579931322367e-01,9.561793156654577741e-01,4.313209128042663210e-01,5.952760651909765333e-01
7.943515691842593096e-01,5.071616046196814054e-01,4.828287820075511383e-01,7.648522974500718830e-01,9.455778606501457073e-01,8.065001733497011438e-01,7.752241508523187719e-01,7.577371708439495368e-01,8.992136105167124471e-01,8.888196632965490451e-01,6.463929548476471387e-01,8.378837080371974722e-01,5.790531033273738082e-01,0.000000000000000000e+00,7.197951203320628322e-01,8.169487342239691863e-01,6.016027037049116455e-01,6.095493059307954820e-01,8.578644061057798531e-01,9.480645986921929502e-01,8.973748341902956227e-01,7.868518666801599393e-01,8.290887390077513741e-01,9.919773441049173357e-01,5.528287384392339687e-01,6.261315997930845256e-01,8.502457893416350831e-01,9.094448236669494534e-01,2.195212394252815391e-01,3.473430216831155937e-01,4.609785906596964855e-01,-1.459010821854346829e-01,9.874443323507441361e-01,6.414889772924735611e-01,7.744085685433932387e-01,5.092118278109304397e-01,5.665891914352179093e-01,5.830688586473488089e-01,8.450646729581716698e-01,4.983323719417303010e-01,4.656050752123209180e-01,9.245137859557579496e-01,6.151584190020732423e-01,7.060710565042624953e-01,2.720989216577459069e-01,9.288633271393975654e-01,3.132409398535657696e-01,7.061514023209171098e-01,6.942261288302383759e-01,2.421134283896878014e-01,8.622587045703150599e-01,2.964997027030913390e-01,6.170042158111279651e-01,9.657062062194388119e-01,7.071755490250394294e-01,9.819459221446800168e-01,9.204002009658174277e-01,5.845525383265555153e-01,4.553427586403975824e-01,-1.075294334070017316e-01,6.772351530641322892e-01,7.374409799133709864e-01,4.538457615679356572e-01,8.194917948147975029e-01,9.136300997573038041e-01,9.082805953810848543e-01,7.804808355201181547e-01,4.787703010523675085e-01,5.383462754980877785e-01,4.099512503206856340e-01,7.305643042328375802e-01,8.084061188463919079e-01,5.713322914006584430e-01,7.132981641519466898e-01,4.168839222230814601e-01,6.418371228071687584e-01,8.657453553585865436e-01,9.337250110287864668e-01,-2.155632216815431268e-02,2.773589377719883897e-01,4.956475879425019659e-01,5.237981967342075773e-01,6.417055439556245133e-01,4.760331885086602210e-01,9.324235683269140873e-01
8.664966601349883835e-01,7.443989479059907044e-01,5.355091795853078596e-01,6.737539262134460971e-01,4.854585396461301161e-01,7.384750183328893103e-01,7.860104132997248749e-01,6.130425387352010924e-01,7.262140649531073633e-01,5.916962236283729304e-01,7.315164091398780322e-01,2.897110564590916759e-01,6.504187896287804138e-01,7.197951203320628322e-01,0.000000000000000000e+00,3.569604942159233518e-01,6.581733669594312941e-01,5.199422335555654584e-01,4.494600575456271230e-01,7.821877451965983941e-01,5.821381319946251631e-01,8.420281829789357797e-01,4.971658264093464230e-01,4.418254972491278409e-01,2.245861591183472561e-01,4.466080459973564842e-01,6.531793129126612918e-01,7.191547803819158258e-01,5.787440277795392607e-01,1.848594476534346637e-02,4.511769646506035292e-01,2.738921954053201713e-01,5.401263664541060550e-01,3.642440960507703496e-01,4.672036116842395725e-01,5.553750790088283346e-02,2.013886880541990720e-01,4.945884270053821918e-01,7.709885665912608044e-01,6.802773620374396035e-01,8.985228611249447550e-02,2.920085455233877858e-01,9.730710806366229537e-01,5.929653439858828534e-01,2.761420424361323844e-01,8.702901127756247357e-01,5.953387409883674763e-01,5.257822794085204032e-01,7.950898419831018415e-01,7.423871659836254189e-01,2.177009742067339548e-01,5.460812871899860532e-01,4.574678606820484217e-01,5.501877569745736718e-01,8.282290103492657707e-01,8.268870238364512959e-01,4.975477263901614267e-01,7.698105507752412979e-01,8.133236928551725864e-01,-1.627451061399122489e-01,1.053080290094773885e-01,6.248509146015717164e-01,4.632783107601493588e-01,5.580727292397640316e-01,6.578769840397452606e-01,4.353361794931556727e-02,1.509617049712738412e-01,5.482535918784355866e-01,4.687293518537758441e-01,7.723108465350944085e-01,5.529418336713338711e-01,4.452028538201395214e-01,3.710398790516541423e-01,3.224379833981076415e-01,5.200578017710792977e-01,6.570381984139663789e-01,4.739045520251440879e-01,4.075797273517301478e-01,4.365622252512096346e-01,5.429735480325407204e-01,5.718926741367587052e-01,1.398326604678969964e-01,8.024152748397270773e-01,6.740789197973119373e-01,5.660575587774644424e-01
7.542206500263041180e-01,4.243631401959413463e-01,4.228101415384993844e-01,5.633565287941216804e-01,7.805243182477864528e-01,3.255070470195557952e-01,3.150016360699611218e-01,4.533397783335825770e-01,6.993486400151408544e-01,7.992741831076535242e-01,8.854288566835399887e-01,2.092873204857918501e-01,6.538651964542763206e-01,8.169487342239691863e-01,3.569604942159233518e-01,0.000000000000000000e+00,8.907254737996789240e-01,6.179982415714653232e-01,5.176951801995954838e-01,9.950417677194813848e-01,8.288372278893371137e-01,9.981472007914298228e-01,7.696680245075009363e-01,8.829315609691703592e-01,7.603001022538413700e-01,7.234794546522209657e-01,9.660400411587830583e-01,1.215846781814747812e-01,3.007975241796421173e-01,2.238528765085941452e-01,4.707961983827906316e-01,3.061669516590040940e-01,8.573932458827082659e-01,6.362082286287176203e-01,7.200907077880216445e-01,6.294991857563962956e-01,4.801831577877116453e-01,4.567540388808620233e-01,2.350306976478712950e-01,8.000235547676105563e-01,7.632228889300671781e-01,4.237054265786054374e-01,9.373879979558904507e-01,7.913720341975922778e-01,6.384091083187742877e-01,8.625423339101415676e-01,2.311537664438554074e-01,4.586869190205843938e-01,5.512488332470792951e-01,4.183138639447025464e-01,5.819341574862459954e-01,3.590836574221708544e-01,8.794805224613930772e-01,9.928089084080480298e-01,2.430730779773544736e-02,8.679000771779118439e-01,6.528942116986410360e-01,7.417368478831724010e-01,7.716277989400566195e-01,5.182416376666479918e-01,6.357583732321749892e-01,7.801809323217622216e-01,7.633825936734131012e-01,9.312208151855350113e-01,9.977101302494573165e-01,6.846304691880217286e-01,3.367701332194038555e-01,8.478385970421518092e-01,7.235571130917495264e-01,4.883153005515982747e-01,4.602104261812653418e-01,1.774138558501054952e-01,5.366293912965949264e-01,6.229012107364184647e-01,3.070241976557446240e-01,8.190237383656220338e-01,9.109279091207538315e-01,5.234548768033456811e-01,3.887802657989517519e-01,1.985742769462574553e-01,1.743640492751981352e-01,6.243933448972776024e-01,5.291415623566250170e-01,5.711474208327100843e-01,2.648086302028594963e-01
5.580758995432552050e-01,3.020979240992687775e-01,5.409699340678362223e-01,8.156841879889913383e-01,9.941980584028746737e-01,7.816232224052689359e-01,4.396995910852832257e-01,7.845554076675436139e-01,8.560778826724085855e-01,6.280929438367384154e-01,9.589923962836706117e-01,6.138675580898483863e-01,6.922197791440000136e-01,6.016027037049116455e-01,6.581733669594312941e-01,8.907254737996789240e-01,0.000000000000000000e+00,7.292698117537460556e-01,9.023365753825024482e-01,2.052830063292634122e-01,9.109085271675390061e-01,4.190231080047768786e-01,2.361139342826123200e-01,6.595937012095717256e-01,5.744187417871867707e-01,6.505504624280669113e-01,9.284372125743856063e-01,2.000733227353373445e-01,5.687423710956547307e-01,2.426862674812728105e-01,5.387647619401680910e-02,9.884741886318697546e-01,6.527221315724309747e-01,7.032825596779723742e-01,7.665837776295461037e-01,1.557252463497915684e-01,4.631934801101777466e-01,7.285686951395797806e-01,7.339648259355321391e-01,7.080712388394556633e-01,4.723615014304946569e-01,6.075543768239356490e-01,9.257867772462025080e-01,9.795897373953640352e-01,7.188233764650464597e-01,6.677187677575696645e-01,6.140011374135486699e-01,8.277697653202545358e-02,9.624424398503395039e-01,8.912081109289247127e-01,7.499796597990318059e-01,4.127322633181110256e-01,2.218013362046004355e-01,9.933266085568803749e-01,7.218860190000025989e-01,5.824987061273366740e-01,5.528351238148266900e-01,4.098854243912254947e-01,8.785916157108526470e-01,7.783257879233111964e-01,5.984472616952072332e-01,3.246986723593834889e-01,6.503323292746929774e-01,6.404661077025406435e-01,8.187522981414119272e-01,2.390128176376893065e-01,2.603190500613032921e-01,7.685486206648802776e-01,3.335766422184369695e-01,6.626188090335569658e-01,5.902960902906750906e-01,7.567938082536734834e-01,4.715830928004343670e-01,3.900282915336110157e-01,5.680205369397801629e-01,9.666072027093399743e-01,8.660074311647301126e-01,3.373139987092960701e-01,2.491715784668885880e-01,6.192622774015615894e-01,5.396880170844676750e-01,9.871123588165547913e-01,9.857883260560642569e-01,4.682228783727375721e-01,6.729868850270246394e-01
7.846632897081076141e-01,5.716653400429796417e-01,6.245449480326594749e-01,7.757279319554090113e-01,7.980955731599713721e-01,5.035502648186740426e-01,7.152422212652578271e-01,3.799830755207974642e-01,2.846524094632212898e-01,5.666634303677646756e-01,4.123215459037427033e-01,5.102732830301794920e-01,3.395735952970476701e-01,6.095493059307954820e-01,5.199422335555654584e-01,6.179982415714653232e-01,7.292698117537460556e-01,0.000000000000000000e+00,4.925554906367855534e-01,9.343261640837194903e-01,8.366508396363423472e-01,3.516174556007067298e-01,8.848844183396310514e-01,6.932405391984205467e-01,2.639452982301322415e-01,4.535452308154081513e-01,9.985199244289428844e-01,6.997373148720681391e-01,1.625096621263233676e-01,5.660190328455001474e-01,3.659165344946353482e-01,2.312774341227997188e-01,6.707556947078521237e-01,6.056388809105447413e-01,4.843528584514344981e-01,4.071076973599320192e-01,5.592398134635063744e-01,3.976981088867920233e-01,4.484237126927990147e-01,8.561117460304970006e-01,2.056885770388220125e-01,4.461674705078517711e-01,5.672223152514644928e-01,4.089391533424883152e-01,5.635033050631415019e-01,8.788255439221883680e-01,3.239111693409828518e-01,2.461298444004600683e-01,8.579655185454514443e-01,5.165041253675406452e-01,3.594137172511550071e-01,3.103990133782301708e-01,9.159041616247228790e-01,7.585156004109345762e-01,9.144170126002516552e-01,9.957089986647412738e-01,6.693203185307616820e-01,7.668318728491572145e-01,8.339302873013610951e-01,5.609733840961792506e-01,1.204618950780886322e-01,4.792555891055544359e-01,1.374635658680770922e-01,6.360964815685727913e-01,5.326029291169285251e-01,7.728600582406981445e-01,5.585712590579836739e-02,3.059528999553814965e-01,4.737191389649950124e-01,2.777761263688742210e-01,9.672311680563010494e-01,6.823742430280372862e-01,5.425586662356020051e-01,6.750188055633585815e-01,2.723293153603297823e-01,6.394328327993543670e-01,7.822819347645041388e-01,5.111095711848183676e-01,5.504515281729182030e-01,7.172283718836457156e-02,3.169118540085013036e-01,8.846827168415555276e-01,3.022291778364336740e-02,2.586163949055557687e-01,5.210218882768290483e-01
