0.000000000000000000e+00,4.906320704616592421e-01,7.686278529527741377e-01,1.670819225713885969e-01,5.727980763152118460e-01,6.480848390570275175e-01,8.743436303624528838e-01,6.153854532642761832e-01,4.554022945741909578e-01,7.119302395853016607e-01,7.288759247231630933e-01,9.514676228120289014e-01,8.442537328800667762e-01,7.485474726533237755e-01,2.123743835022321724e-01,9.500116077501580270e-01,2.893256676953366302e-01,3.214606480212082174e-01,7.407723342903634878e-01,3.053043771195815270e-01,4.119323072148932674e-01,6.886183908210274929e-01,4.927719620997521033e-01,6.717235768914823213e-01,9.138099468208367160e-01,2.820311052576203181e-01,4.581368170713004395e-01,9.756179512074292237e-01,4.225657472077069543e-01,2.251223743899927743e-01,3.233448353759178495e-01,7.480798309289777848e-01,9.717029876832637969e-01,7.841988404145112668e-01,9.522060082572618711e-01,6.409018995554949250e-01,5.782842108671661929e-01,9.591616868729678780e-01,6.073998062146777066e-01,4.728410501669121913e-01,3.964960737616314290e-01,6.718135701272657245e-01,9.485291247562497308e-01,7.764001150130412920e-01,7.156343298674117115e-01,6.860216138013166542e-01,8.832218499180040094e-01,6.640178455441007044e-01,9.095185183216213387e-01,7.582532012242244601e-01,7.862702248559231277e-01,9.249399253722392356e-01,4.672868753982500900e-01,8.849466959099110408e-01,5.961048076608466140e-01,6.713815580338913236e-01,4.042888769266777538e-01,8.522187513319261498e-01,6.113815921299896594e-01,6.396209210035304071e-01,3.764584203163234832e-01,9.329458396235719153e-01,6.312997110507687637e-01,8.639826075034999775e-01,9.707004418283873282e-01,9.396845799014454936e-01,7.328818450864987843e-01,2.831771385108293182e-01,5.816002741509230800e-01,6.740508494281075569e-01,6.923815102354583528e-01,1.270228682156468725e-01,7.878427432051616774e-01,3.009781995915008501e-01,6.475162420479858849e-02,4.138567339024222802e-01,7.587723214514477954e-01,6.773900225049959145e-01,2.392051331773243639e-01,6.790504301716637943e-03,9.100580207731578941e-01,7.321880788865184897e-01,7.466228814987393436e-01,5.047264726952010311e-02,8.179944517547312888e-01
4.906320704616592421e-01,0.000000000000000000e+00,8.865324479311708084e-01,8.447426905129803432e-01,8.935371803415358416e-01,7.200015684695857399e-01,3.436944741949145010e-01,6.966107076240203311e-01,7.358366811703865862e-01,8.546411016548146611e-01,5.992131407189171810e-01,1.852800953372998327e-01,6.638669859813796092e-01,8.379054722924035303e-01,6.998230624226299268e-01,4.331617048827584027e-01,5.173765466564465010e-01,6.351597227980834148e-01,5.584417333154397811e-01,7.094925359910796425e-01,8.517740090794161389e-01,6.690595309961958614e-01,8.597551168497248320e-01,5.007409694760291963e-01,5.513914939268187432e-01,6.839369826339035674e-01,4.157518016976589625e-01,5.869376735965385894e-01,3.088410682643568661e-01,3.866077270059667947e-01,4.867933463393779858e-01,5.313385608211725897e-01,6.034999161085043973e-01,6.991263396308575739e-01,6.556252531149452389e-01,4.041879860311509143e-01,4.332359098399800046e-01,4.234861459056964983e-01,7.763051206924167502e-01,4.503717227698898484e-01,4.908634634317793899e-01,2.719490080911613483e-01,8.232482592201293414e-01,6.975924722740872719e-01,6.010857753578615625e-01,8.627878839305042069e-02,9.515149902929315173e-01,5.184918096795299025e-01,2.804352298045701963e-01,8.799643718890451938e-01,5.982263847199937867e-01,7.317032203559764580e-01,8.006140418543659099e-01,5.808482583506988650e-01,9.486115515598768644e-01,6.067228247385674234e-01,4.374319614440136395e-01,6.583406018869503162e-01,8.747403599333924973e-01,7.976356036915427383e-01,4.722839757162166641e-01,6.425930599811109367e-01,3.734049194502639946e-01,9.376284606572281577e-01,3.621600793042464295e-01,9.465087396825379029e-01,6.855583354592748035e-01,8.782178295023890247e-01,7.580601522471868137e-01,8.339602300220925191e-01,4.747846950857124160e-01,2.904440929444710440e-01,3.157889905215440218e-01,7.336942273255322999e-02,6.126377433308072273e-01,6.628931072877879416e-01,9.971096322139014756e-01,8.962352419075895194e-01,4.612002075853990357e-01,5.706144897936711313e-01,7.602495168743712561e-01,7.984080901443492140e-01,7.052777770672378210e-01,5.214646014180999156e-01,6.257075318467258951e-01
7.686278529527741377e-01,8.865324479311708084e-01,0.000000000000000000e+00,2.646202689637457972e-01,6.816766164097949332e-01,7.123036974617297235e-01,4.550924296758427912e-01,8.994717706432596716e-01,8.194492046540615693e-01,4.311588858920869516e-01,6.990073579539523019e-01,4.937929443354558412e-01,3.599533510666349523e-01,3.317309678656442662e-01,7.419910622430641034e-01,9.542167710565786498e-01,9.673962793214381239e-01,9.409168772239537848e-01,8.893556415433665485e-01,6.691437902640843260e-01,9.607681413649101776e-01,8.763388346213780711e-01,9.817882770383956625e-01,2.322025853248038396e-01,9.830758398401081566e-01,9.321956462885271355e-01,8.139909909069046323e-01,6.245683474900689536e-01,4.779955116764407208e-01,4.408390268713042182e-01,-9.861538009333703503e-02,8.402182899573933383e-01,9.389959623598163052e-01,3.137788049726905060e-01,5.771489778800293902e-01,1.047587402387549771e-01,5.488673853020726856e-01,5.184005643370696026e-01,7.677509215128744957e-01,3.412005709626743655e-01,4.645680942304664107e-01,6.553050687516974726e-01,7.260102977009292857e-01,8.093631161597026891e-01,7.890556521983225213e-01,8.829436329407730488e-01,4.823307433229201968e-01,7.564161107867070077e-01,8.270862102307938724e-01,8.183139469504981944e-01,9.317955138913451840e-01,-2.218277420741876504e-04,7.034042358005184736e-01,5.964967619185634895e-01,9.372501225126642632e-01,9.585058817449186863e-01,7.661154266619865094e-01,7.619370448048394806e-01,7.908195981223291593e-01,4.478033982457219619e-01,4.354153534456071117e-01,2.443335142955908590e-01,6.749620047668126732e-01,5.603510989861762992e-01,7.902113801825788597e-01,9.877695288218660830e-01,3.173607787669872060e-01,8.720796725055723897e-01,7.020527216539556026e-01,9.164694341436696590e-01,7.432911984422898577e-01,9.176738911677504440e-01,7.045294528329935080e-01,5.849603688109646926e-01,9.878715016741924648e-01,6.765303961329731663e-01,2.826427614058055759e-01,7.125785638267591038e-01,3.390577277266524359e-01,2.949389170446670150e-01,8.605209507006896796e-01,8.371098516440986792e-01,5.392151563825628990e-01,7.468136532036150355e-01,6.813579452699977113e-01
1.670819225713885969e-01,8.447426905129803432e-01,2.646202689637457972e-01,0.000000000000000000e+00,4.082117904405796471e-01,6.928129521494944543e-01,6.934706236202995422e-01,8.250888957954565228e-01,8.020449528673441186e-01,9.435436438404755100e-01,5.057906751858954886e-01,6.690356788998004234e-01,6.740853498692062074e-01,4.545790199080488869e-01,4.566438013120419082e-01,9.006396995812109285e-01,5.231398900761616844e-01,6.661248518344400349e-01,9.374700229415682262e-01,3.912250577077166502e-01,7.576638613552866275e-01,8.232306915959379801e-01,8.893259902181512855e-01,4.044901577229888523e-01,7.149911642734694261e-01,8.712212792598412747e-01,6.665871983766479270e-01,5.965757454845561636e-01,6.018516452340305634e-01,2.496923065067770675e-01,1.473844269913010263e-01,7.625967798612239834e-01,8.559485585329216217e-01,4.106373259745626503e-01,9.236658610106663891e-01,7.055450227768521598e-01,2.705501646156305284e-02,9.425897030517713659e-01,7.263721603698246598e-01,4.845306559970852800e-01,2.575488594163881650e-01,8.351869167010532724e-01,7.279804511472059980e-01,7.586292328692006981e-01,4.077038975014748434e-01,5.275971987890414328e-01,9.774533992725676912e-01,8.108084372819004404e-01,5.869913384151531632e-01,9.043834782368588288e-01,7.597403753476776878e-01,4.597191369980564990e-01,9.061460822756350897e-01,4.615004664383321464e-01,7.011423499090795319e-01,4.616121485641879740e-01,8.302360317057375649e-01,7.420413667554774939e-01,8.850018744349519295e-01,3.980094840898527053e-01,1.333766975540185695e-01,6.827934651001258404e-01,9.602901867128675883e-01,8.039713591698218753e-01,9.165176768903076088e-01,5.067448588772054396e-01,7.463232272013200497e-01,9.210262330676335374e-01,6.528852909717627329e-01,9.381817134125293167e-01,8.582313909959461418e-01,7.482508936142819866e-01,4.530332084750463006e-01,4.092013583904646201e-01,4.672771429054244363e-01,9.608427416937480592e-01,6.586183850731142098e-01,2.403338960583412398e-01,5.851596623804347086e-01,3.606760216547626463e-01,6.109318617525203443e-01,6.444657039932912834e-01,6.667968836982955949e-01,4.006399315281108930e-02,6.243592063531591130e-01
5.727980763152118460e-01,8.935371803415358416e-01,6.816766164097949332e-01,4.082117904405796471e-01,0.000000000000000000e+00,4.507601486902184651e-01,2.173379688331714688e-01,5.758284998611556960e-01,6.289807013697122917e-01,7.209826929465026346e-01,2.970787616937715647e-01,7.170454436895948858e-01,9.308965128668212907e-01,2.167689983957395983e-01,5.878893963279585577e-01,9.479889037839157595e-01,8.732373119549543539e-01,7.616341051791415406e-01,8.536475765654686354e-01,9.928029536133222699e-01,8.265559854732398293e-01,5.486519065537454054e-01,5.831336835179732336e-01,7.578990055372801793e-01,3.493580611447025808e-01,7.551224047743970713e-01,8.137995258342793914e-01,7.059627599499103123e-01,-1.971064666226596263e-02,7.338239291849122381e-01,3.703252711116788998e-01,1.951287035225942601e-01,5.335117112568977804e-01,8.451446555689045015e-01,7.064415811357556141e-01,3.031872557660184042e-01,2.783163341668984381e-01,5.566025872479349879e-01,8.421922501749562473e-01,2.150035133375762242e-01,4.776306176596427089e-01,7.867017010585825032e-01,8.167595183912869095e-01,4.230387234122957585e-01,4.494006077892873097e-01,4.242170665814091746e-01,8.255372758886705409e-01,7.811652120508428832e-01,9.099360148894980460e-02,6.047398943073877264e-01,1.814318702140327311e-02,3.982101027042386221e-01,6.251170115492117318e-01,9.280635904940364167e-01,4.034172107691489373e-01,7.182365790030404984e-01,5.904714481508710477e-01,6.897629373536777464e-02,9.303744261494860668e-01,8.728060361733125383e-03,7.654507094878260087e-01,5.676521001713816794e-01,5.501610992037213599e-01,4.995929268422839575e-01,4.260731065244678373e-01,6.731654322572615534e-01,9.414197805767805516e-01,9.961163935577571626e-01,8.588648081696517167e-01,7.034909873280761339e-01,4.563260666793505504e-01,6.813778220336772495e-01,4.360259686518138667e-01,5.201586704080891632e-01,2.929457535766280540e-01,8.241392419876704123e-01,5.555844122635738014e-01,5.769498327198960830e-01,5.102946000164332307e-01,3.349642297439909822e-01,5.994517349081232016e-01,7.377232158495266034e-01,9.260211195991343569e-01,6.727386677287333638e-01,2.560144540757776643e-01
6.480848390570275175e-01,7.200015684695857399e-01,7.123036974617297235e-01,6.928129521494944543e-01,4.507601486902184651e-01,0.000000000000000000e+00,4.523183021650850621e-01,6.979672779117959136e-01,9.911129727959107072e-01,7.074214931200126788e-01,7.978989520440957772e-01,7.894339792581073212e-01,5.891769570727283245e-01,8.140443873041678380e-01,7.335832241927010555e-01,8.150529221878054509e-01,7.389192275820097855e-01,7.584659594083829059e-01,8.138104275000720422e-01,5.360854779213866106e-01,9.593229720666346383e-01,5.282475408658968696e-01,5.768546643211261982e-01,7.136691731860331789e-01,5.323407210657538080e-01,9.403847418719780693e-01,7.850345711837640739e-01,5.691464480846110119e-01,2.135592239932636860e-01,3.868493805044612710e-01,5.418508591439887834e-01,4.030176191956645892e-01,3.697102840186698436e-01,7.658994133770848922e-01,9.363339428560174538e-01,1.562614776037060116e-01,2.713470852164944214e-01,2.686738155872624989e-01,8.496528617777452386e-01,5.867072519994244173e-01,5.069745235550124907e-01,6.342895299958833943e-01,9.765453647034801898e-01,3.371045552856758443e-01,3.310476373457377219e-01,8.012845551305879110e-02,1.092097418342660164e-01,7.563049881202488223e-01,6.279751521339569376e-01,-2.696557522624434822e-02,3.712474216219369128e-01,5.413010330219082400e-01,5.446175730614188915e-01,8.899580083764744298e-01,7.954206861876930157e-01,6.700601832950523473e-01,6.407750312144803173e-01,7.197797438040347551e-01,7.085609147481760628e-01,4.382607069436900149e-01,2.780419317793055844e-01,5.148008904262550978e-01,9.225384952702585517e-01,5.057921899093076323e-01,7.757591000496029121e-01,5.714275660164521708e-01,8.520536246089061017e-01,8.566646470640493227e-01,7.271202132469238855e-01,7.422930745756592952e-01,4.114826317595858818e-01,5.523145360528088910e-01,5.939232839716679369e-01,4.485024765289503113e-01,7.726786927097120117e-01,6.687296453700816157e-01,6.723349428986243881e-01,2.938296997931135746e-01,2.426257726442175577e-01,7.395247406854466021e-02,6.969565972169592394e-01,6.181444770467687810e-01,4.823929971796230287e-01,3.070924976605681755e-01,6.381302194677977990e-01
8.743436303624528838e-01,3.436944741949145010e-01,4.550924296758427912e-01,6.934706236202995422e-01,2.173379688331714688e-01,4.523183021650850621e-01,0.000000000000000000e+00,-1.899243936795100285e-02,6.343452261675220916e-01,8.371571688469842121e-02,6.623830966079975457e-01,3.649257863841258720e-01,3.939303997728123008e-01,1.547502984624686828e-01,5.862376581678824250e-01,4.372889827429766174e-01,7.517336575703765789e-01,6.659880524476202712e-01,5.517339646205747794e-01,6.914692741312493673e-01,6.266934900981738776e-01,7.086172871312752530e-01,5.692163675000958545e-01,8.148114988349597354e-01,7.602220299796189629e-01,6.238505721536415916e-01,7.565662311165022302e-01,2.470668297834626437e-01,2.761092039982478985e-01,1.841978292253661220e-01,5.888976568245088972e-01,3.341099303526340880e-01,3.322801517073422084e-01,6.334355495585015650e-01,4.986789363168687705e-01,4.743550446382190366e-01,1.380440373557617895e-01,7.184589088085190367e-01,5.855726703465640171e-01,5.588450153367479079e-01,1.509783213088463361e-01,2.749819872852509728e-01,7.472701849750961189e-01,2.946083788679407234e-01,6.074968331576099390e-01,7.061268862086009790e-01,5.778656138336722980e-01,6.914257564018380098e-01,7.000688194917242813e-01,4.345205781508807430e-01,7.140727502199946120e-01,3.331641312408620270e-01,3.909207322650377625e-01,6.278095115768915768e-01,9.224650393768275558e-01,7.921544456018123626e-01,5.665630946399554668e-01,3.454455769514902519e-01,7.396682460145591609e-01,2.033036918612680655e-01,-1.618583324130820900e-01,3.342562059649906159e-01,5.979133380907213358e-01,6.228617837265230106e-01,8.197431530704504254e-01,4.275619325859324471e-01,-6.176963239698704533e-02,9.511231133022538531e-01,-1.263282357741866979e-01,2.635601162977839751e-01,6.036155217393031069e-01,3.409192260189973234e-01,5.065335653611020561e-01,6.578775657705606683e-01,1.704361908473236153e-01,5.829290134545956903e-01,7.604153124517987195e-01,7.816947662764123228e-01,2.325507209010071186e-01,4.001826072117010136e-01,7.529539896742463156e-01,3.784685487437787765e-01,5.201502110141171809e-01,7.685561434551466675e-01,4.625718450099594037e-01
6.153854532642761832e-01,6.966107076240203311e-01,8.994717706432596716e-01,8.250888957954565228e-01,5.758284998611556960e-01,6.979672779117959136e-01,-1.899243936795100285e-02,0.000000000000000000e+00,7.639523961846463873e-01,1.242280108190841753e-01,3.903542904962256643e-01,2.745191794218980186e-01,7.532087071796629285e-01,8.255629567635244248e-01,4.513758171658632246e-01,1.733396871675562667e-01,9.716995467911091477e-01,2.187838456563391543e-01,5.696928599209364341e-01,6.265467529231342203e-01,7.836935780518269334e-01,5.266006920387538148e-01,5.992917353576359130e-01,7.590292342769311418e-01,4.309383087076882335e-01,4.229436563245465019e-01,4.002298371064609839e-01,5.563652789583102276e-01,2.012384461543156033e-01,2.673649643104047957e-01,5.628295863384409348e-01,4.537840614755218605e-01,4.856860589668693384e-01,7.705607113687888976e-01,7.004476910061889772e-01,1.965279970919868724e-01,-1.678816906908753293e-01,4.790365076779965481e-01,9.866002944909221251e-01,-1.666215020526809476e-02,7.911911824985503605e-01,9.582986122973651266e-01,7.914681676506867269e-01,5.147155812946769826e-01,3.559924328955438311e-01,5.154890978031851922e-01,4.594811430186407919e-01,7.229421709419940889e-01,4.429855462653802256e-01,2.536255013391011670e-01,7.544399311867135971e-01,5.930779732895038459e-01,4.476363250847527064e-01,7.329868855978702857e-01,8.281869707459211805e-01,4.979387575781325515e-01,4.292454628401786154e-01,3.015871707715687272e-02,9.650658143202248684e-01,3.121793569787937317e-01,4.433190322798007954e-01,5.069597864826498324e-01,4.087666500025850524e-01,7.689256171027185616e-01,1.227257905889037187e-01,7.485499877755620313e-01,1.719107566762921868e-01,9.832077598824763287e-01,4.192654022045717577e-01,3.315509672075328540e-01,2.526944084247547129e-01,4.583907953374788402e-01,2.205722624052132708e-01,2.643958133189755477e-01,4.680955683039269566e-01,7.448655195046254285e-01,3.200841626597740741e-01,8.912416261767788228e-01,3.902275571530109399e-01,3.239046820976259622e-01,4.990975153321887681e-01,6.612560312042174981e-01,9.735059185545773541e-01,5.414763373464488438e-01,4.481210477787376800e-01
4.554022945741909578e-01,7.358366811703865862e-01,8.194492046540615693e-01,8.020449528673441186e-01,6.289807013697122917e-01,9.911129727959107072e-01,6.343452261675220916e-01,7.639523961846463873e-01,0.000000000000000000e+00,3.789325031098413898e-01,6.853799418256900644e-01,2.060707252195147499e-01,6.885716114088662465e-01,9.508427784346324962e-01,3.898294104844777230e-01,5.585077354262882876e-01,8.925017516410514995e-01,2.880366891503529647e-01,4.583514628839264193e-01,8.218860206734804885e-01,7.266194233777284461e-01,7.788460861036713423e-01,6.240441793615680854e-01,6.976623083450880225e-01,4.150468704669909581e-01,8.064838787143105980e-01,8.204435030749279711e-01,9.039503822249304876e-02,2.210813291430209770e-01,2.755695648453453384e-01,2.318239384102283585e-01,5.948403993663140543e-01,6.433350909932556982e-01,2.304868665600225686e-01,7.837871405530456581e-01,-8.635997793469518680e-03,3.801430138571684214e-01,7.093053044248097683e-01,6.218586148557706528e-01,4.664866292835049277e-01,4.823597568045159822e-01,8.537534584214173661e-01,9.606707645339729318e-01,4.151620225360009298e-01,7.158277724152622978e-01,9.334635579064790578e-01,7.885540806734961938e-01,3.096933811248735458e-01,5.973801613257574417e-01,7.277017398777172463e-01,7.053756975451990208e-01,7.493842166819630890e-01,8.103128204785340349e-01,1.926476620633504611e-01,7.125193113219442376e-01,4.763097777860181847e-01,4.397305086323223811e-01,9.079144840761942392e-01,8.034753420792979384e-01,8.581468427935282639e-01,3.598026031034358141e-01,4.699820785183051464e-01,8.462559799580504638e-01,9.930918336452713158e-01,7.733958147179438303e-01,7.492287321851412996e-01,2.619978679712500202e-01,5.973818278365615742e-01,2.897610746324389974e-01,7.849181560890127196e-01,8.817775190496501825e-01,4.725398584954909054e-01,1.948788187129057159e-01,3.965014879749404475e-01,4.159289683926138403e-01,5.011992329526914203e-01,2.988185019936407394e-01,8.796019739448387442e-01,3.252211362634936931e-01,1.421474305070037358e-01,4.180574419176592560e-01,6.498675087028135122e-01,9.860329452842760967e-01,3.028396753292850446e-03,3.603726218099846390e-01
7.119302395853016607e-01,8.546411016548146611e-01,4.311588858920869516e-01,9.435436438404755100e-01,7.209826929465026346e-01,7.074214931200126788e-01,8.371571688469842121e-02,1.242280108190841753e-01,3.789325031098413898e-01,0.000000000000000000e+00,9.401894434238087239e-01,9.036558821558042798e-01,9.572557503204617291e-01,5.804593972309585181e-01,5.674865554433692338e-01,8.005178700620735333e-01,5.441311020181942570e-01,4.802737884612499619e-01,6.640336418773570282e-01,6.480983849745167724e-01,8.823943527350116556e-01,5.806027514503296905e-01,4.838927046586523617e-01,8.535657193024052125e-01,5.409971277309876259e-01,7.797410554850615627e-01,6.068690829636932405e-01,2.698280051051588080e-01,3.908904363434138052e-01,1.051417804444606391e-01,7.463067899162705021e-02,9.651377546782415884e-01,6.979489766435200693e-01,9.524214413185883021e-01,3.854999877990799434e-02,5.043816551182819241e-01,3.506536358655690799e-01,9.825858741343900249e-01,4.607020692236087900e-01,2.512807463546598008e-01,3.969343191055025311e-01,4.110837285989286105e-01,9.259320418424538124e-01,7.979632666580865896e-01,7.173038580342042669e-01,4.902025230228968522e-01,3.917303365105347934e-01,6.429857754386755220e-01,6.089454745373843458e-01,7.288815846746313221e-02,4.984325612396981464e-01,5.348705145834258268e-01,9.599627776427575032e-01,6.830071370807919706e-01,7.806635789040862194e-01,9.605240149519251869e-01,3.009830022695232365e-01,6.640307317216643801e-01,7.911690257323356068e-01,4.728535475327234061e-01,3.729230570764107133e-01,4.712065339699305078e-01,5.743421267265316210e-01,3.993276725088469870e-01,8.163648275491955930e-01,4.740999332021657575e-01,6.396416555803262627e-01,9.198434567945894536e-01,4.024149642101230162e-01,6.102886745558956383e-01,9.108194881567436285e-01,6.663875868779540745e-01,5.734773103612027523e-01,1.503597927981254467e-01,5.012518704795954072e-02,6.068105135836489028e-01,5.760872963788850054e-01,7.021646707143159860e-01,5.728995017060933836e-01,5.822851597866838397e-02,3.599666095912617547e-01,9.384228402151114645e-01,3.412154691618620728e-01,3.873159916273832132e-02,2.229587580550503878e-01
7.288759247231630933e-01,5.992131407189171810e-01,6.990073579539523019e-01,5.057906751858954886e-01,2.970787616937715647e-01,7.978989520440957772e-01,6.623830966079975457e-01,3.903542904962256643e-01,6.853799418256900644e-01,9.401894434238087239e-01,0.000000000000000000e+00,7.345794775633033291e-01,3.056052268577793551e-01,7.341943947563350781e-01,8.447925029303555711e-01,6.344740545767553197e-01,6.444613265955431158e-01,5.674894244484557371e-01,7.583512038297123281e-01,9.478877061637187573e-01,6.346682212267776846e-01,6.231263191464962992e-01,6.543191536275756448e-01,6.325380229788931663e-01,5.005241753654197101e-01,6.028139968551504690e-01,3.822909726787748763e-01,7.291302110180876150e-01,1.287955858863028824e-01,3.052776513156226224e-01,6.320508943030149485e-02,5.665101905818803463e-01,6.341723697182380937e-01,9.287475656251091838e-01,7.957468078605928197e-01,4.821940892446197058e-01,9.138724376610950217e-02,5.213782230244267124e-01,9.266360711560441832e-01,4.942369294318235684e-01,2.823752867570031855e-01,7.012918115178051748e-01,8.489113031523498609e-01,6.470987895519546562e-01,4.441433887574206540e-01,5.753856620709123515e-01,5.095661673586737717e-02,5.918290271959973925e-01,7.701287175145814512e-01,4.862550343629123417e-01,5.242408087371416281e-01,5.835604011330823848e-01,7.062124395981330682e-01,5.923761277664270075e-01,9.276437483422985686e-01,4.730689506924102838e-01,2.891998120842616538e-01,4.929783516334178550e-01,5.183995140365655896e-01,4.376319702813065704e-01,4.259303003213359418e-01,6.000582276531226666e-01,4.558578727066205372e-01,4.803098820189040663e-01,8.497393548725834522e-01,6.273683832357991319e-01,9.446504732154922257e-01,7.620043581769951890e-01,6.525104081906284437e-01,3.601455444438301234e-01,7.772647121577812568e-01,7.840004301695562283e-01,5.972175959102455911e-01,4.554501385669286195e-01,1.025074376231465134e-01,4.647997229612153558e-01,2.534062547918868313e-01,7.860536277235865565e-01,5.689402645775318845e-01,7.581941396750180306e-01,3.200135515997719615e-01,3.462260769421058315e-01,9.247543600480870873e-01,3.726401998647582703e-01,3.622804407804672833e-01
9.514676228120289014e-01,1.852800953372998327e-01,4.937929443354558412e-01,6.690356788998004234e-01,7.170454436895948858e-01,7.894339792581073212e-01,3.649257863841258720e-01,2.745191794218980186e-01,2.060707252195147499e-01,9.036558821558042798e-01,7.345794775633033291e-01,0.000000000000000000e+00,4.053883396087607505e-01,5.586740922741109117e-01,5.986319546251800405e-01,8.752653454430135982e-01,9.410746446654334463e-01,5.274805647751968918e-01,9.982543106820094270e-01,7.746808584732022274e-01,8.589368740638267941e-01,5.499500686263882887e-01,4.142997872856516439e-01,7.733832147322963202e-01,4.136786326606156639e-01,9.996284660833827385e-01,9.245345106282938374e-01,6.184804162206319900e-01,5.788474431917204344e-01,3.109568842716630144e-01,1.989771714792866741e-01,3.771606679545389529e-01,7.405978745865274826e-01,5.800512367621418752e-01,3.243057903440990652e-01,3.591311721232502974e-01,4.193737496210805382e-01,4.903979967348648383e-01,7.912585917155607884e-01,6.213894691489623145e-01,7.093914313557717066e-02,6.836367305646180448e-01,3.441930425980682662e-01,9.057338734746610553e-01,7.732054076207831583e-01,8.672924640860371071e-01,4.844508850810258505e-02,1.207254878223972538e-01,9.910281312530603293e-01,5.922913871158923538e-01,8.387396370736101003e-01,5.838859235895977884e-01,6.285119987477573167e-01,6.256270334553777346e-01,1.180791066443509091e-01,6.278996643821800339e-01,3.012403469843957793e-01,5.802910878049981624e-01,9.945894436048134946e-01,2.578278245554240233e-01,8.835215805371172959e-02,6.711877764129663415e-01,6.474738498479335469e-01,6.426015288310866769e-01,3.432409040542094281e-01,7.629609905026809580e-01,9.404804433655098439e-01,9.166703946648334655e-01,7.602545698607942048e-01,4.834128256060639672e-01,7.478675227199275133e-01,6.232328704759101390e-01,6.481798217286841579e-01,2.161514983584741090e-01,5.121742537592073319e-01,6.153975833242846250e-01,4.446591073808829897e-01,2.245872385065175170e-01,2.350166028574784405e-01,-1.880080538558040748e-01,5.600706168802835894e-01,7.354340370740916066e-01,7.314541364537876511e-01,6.721266993672476708e-01,7.481099238869017842e-01
8.442537328800667762e-01,6.638669859813796092e-01,3.599533510666349523e-01,6.740853498692062074e-01,9.308965128668212907e-01,5.891769570727283245e-01,3.939303997728123008e-01,7.532087071796629285e-01,6.885716114088662465e-01,9.572557503204617291e-01,3.056052268577793551e-01,4.053883396087607505e-01,0.000000000000000000e+00,4.476529490331505601e-01,8.430407464885251168e-01,7.371357395376674226e-01,4.444263660884994471e-01,4.312437730647976641e-01,9.125306695534487478e-01,6.526106142289704870e-01,7.893087602256709800e-01,5.509880444761229290e-01,4.492719187015342119e-01,6.898294693707960334e-01,2.225343574330180263e-01,8.072622930470471081e-01,4.134836085315284904e-01,5.982465695234543412e-01,3.827607369486317745e-01,5.346104829550466508e-01,1.028325702804216146e-01,3.203384055529086560e-01,4.742779762030000512e-01,8.841594195265742862e-01,8.087943406047055639e-01,3.417425258912186736e-01,3.038483431032432819e-02,7.199019776156463379e-01,4.530181651810222254e-01,9.003218635084010435e-01,7.076281851667238776e-01,6.662336014299732323e-01,8.134598347938012397e-01,6.298693998879418832e-01,5.539259569436957298e-01,9.196063719888269983e-01,7.529448459522415371e-01,5.852939427849477294e-01,9.997887783429191266e-01,9.517250188006084466e-01,9.318373617724334812e-01,2.082528004510859621e-01,6.605318061315114120e-01,8.465053541846360163e-01,5.157783091277213794e-01,6.410082657118337801e-01,5.741097409361414217e-01,4.524428695415959600e-01,9.075273315132907914e-01,6.334212565911313542e-01,4.729296607306168188e-01,9.118071687011777282e-01,6.165646035405537573e-01,7.474338450290072267e-01,6.834932911785620568e-01,7.677697841391041278e-01,8.275512929460332456e-01,6.955770550372193384e-01,5.064648702065930319e-01,6.231707872714760121e-01,5.045833954415855915e-01,7.790682611285759673e-01,2.042915525368697582e-01,5.012253100368132541e-01,2.674559969882458477e-01,5.862288416288167214e-01,4.012841631073225113e-01,4.252978613280470332e-01,3.759044456206822593e-01,4.851535842089561013e-01,5.569775385066454421e-01,2.311946549203066914e-01,6.280723334088816889e-01,6.809474105378721109e-01,6.774926637499530946e-01
7.485474726533237755e-01,8.379054722924035303e-01,3.317309678656442662e-01,4.545790199080488869e-01,2.167689983957395983e-01,8.140443873041678380e-01,1.547502984624686828e-01,8.255629567635244248e-01,9.508427784346324962e-01,5.804593972309585181e-01,7.341943947563350781e-01,5.586740922741109117e-01,4.476529490331505601e-01,0.000000000000000000e+00,6.993700453132639661e-01,7.507174496696512600e-01,6.689702868278248893e-01,6.713389938232056098e-01,5.176463850147634549e-01,7.322502156877281898e-01,6.701221491951636633e-01,7.068415153759282088e-01,9.316462283378268427e-01,8.003563793813731619e-01,3.304624841809323810e-01,6.633153666287422423e-01,7.161075718446491267e-01,3.574422271669162043e-01,4.950850544912733242e-01,5.709632763298215785e-01,5.859118963801702717e-01,9.689425452778479553e-01,4.570253110524254980e-01,7.978271143999058346e-01,5.095255961928428778e-01,7.804270328967137793e-01,3.920539958902108379e-01,4.711089303850319321e-01,9.602825710449340857e-01,4.044257203800745160e-01,2.256551487707889325e-01,8.657468277469950735e-01,9.359216498235056747e-01,8.876755724105199752e-01,9.635880327470064399e-01,5.069893132877233421e-01,4.015710384678450873e-01,4.678067997114651044e-01,8.374012090222522353e-01,6.831708965916021281e-01,3.602944693335519144e-01,5.435429842079161356e-01,6.026315627098222105e-01,7.279353316713321753e-01,5.258419582009283832e-01,9.320718811012090876e-01,8.984964795785740366e-01,1.437187597922119087e-01,6.307959694965286079e-01,2.483645526563311723e-01,6.112536438756619450e-01,7.168368204361197371e-01,5.501890462098563139e-01,7.329619722981706165e-01,1.194983161581707060e-01,6.836823831269729368e-01,5.355007336414627783e-01,9.686363341741828226e-01,5.268061169288625889e-01,9.616418261103585330e-01,7.151046620181412683e-01,3.208806526812705284e-01,4.255334710776302876e-01,5.637352677698519443e-01,6.209193639135197618e-01,7.107845013645686105e-01,5.432235915853906860e-01,7.657041644703282968e-01,6.438141927885180360e-01,2.589277118490514451e-01,7.719887063691064366e-01,3.763339814903530200e-01,5.626224100452934529e-01,3.135940174452910290e-01,4.003882295808470770e-01
2.123743835022321724e-01,6.998230624226299268e-01,7.419910622430641034e-01,4.566438013120419082e-01,5.878893963279585577e-01,7.335832241927010555e-01,5.862376581678824250e-01,4.513758171658632246e-01,3.898294104844777230e-01,5.674865554433692338e-01,8.447925029303555711e-01,5.986319546251800405e-01,8.430407464885251168e-01,6.993700453132639661e-01,0.000000000000000000e+00,6.485828546737495426e-01,5.234404365237421697e-01,4.984428790766523010e-01,6.505609760213855175e-01,8.917322493462822575e-01,7.979607523847489503e-01,6.572296060113219651e-01,5.806293274006428806e-01,6.983866189267183833e-01,3.573678609533013084e-01,1.765446449068341916e-01,9.497599723971174024e-01,4.995727825747490747e-01,4.823375500754417122e-01,4.001697003379559581e-01,3.626310001879247125e-01,5.508913505529822174e-01,4.054952953139548955e-01,4.136152599487302739e-01,7.507461131673685006e-01,1.310581648501027152e-01,1.008906866684285975e-01,4.947703933893749517e-01,2.602916186330423431e-01,6.213966465552104301e-01,5.543464687132313440e-01,5.705513811143319014e-01,9.609509636154763834e-01,1.646275544471374752e-01,9.092219274902965109e-01,7.390544470812854261e-01,4.984985865788708614e-01,1.530058275557118763e-01,6.325783722739549697e-01,2.854626278485402624e-01,7.785837697205409969e-01,5.202151812030745281e-01,8.782806877374170762e-01,9.409273605620985803e-01,5.621238377271405851e-01,5.408883986065804450e-01,6.393509529724045182e-01,5.407847034704311717e-01,9.320379883175100577e-01,3.405532746100101704e-01,5.834240107961441435e-01,4.836656596339812264e-01,7.146561902948815881e-01,6.526986840315046612e-01,8.496203612275834427e-01,7.538190488664200384e-01,7.996690701352665576e-01,8.161964634979683719e-01,9.741005716316916141e-01,2.765807313492079089e-01,2.320204401986178944e-01,8.399855205000555936e-01,2.067217190033856788e-01,4.909531343646957868e-01,4.553084961786691975e-01,4.609124004338013281e-01,9.211802015568215651e-01,4.881966642712936566e-01,5.240475182734829485e-01,-9.212553037325355021e-02,4.809221849508060753e-01,9.611702567194486679e-01,9.444143364649304484e-01,5.453040574707934685e-01,7.572882940610271563e-01
9.500116077501580270e-01,4.331617048827584027e-01,9.542167710565786498e-01,9.006396995812109285e-01,9.479889037839157595e-01,8.150529221878054509e-01,4.372889827429766174e-01,1.733396871675562667e-01,5.585077354262882876e-01,8.005178700620735333e-01,6.344740545767553197e-01,8.752653454430135982e-01,7.371357395376674226e-01,7.507174496696512600e-01,6.485828546737495426e-01,0.000000000000000000e+00,5.418121854121358272e-01,4.045868094437159862e-02,6.701988924200574793e-01,8.229051267609357456e-01,6.083195161270271711e-01,4.313363452963993039e-01,5.022590507669116855e-01,7.113491140863624773e-01,5.237913210260988217e-01,3.585524491998278718e-01,8.780366731597891716e-01,4.190110077144759693e-01,3.932803078758452253e-01,4.851821006000653913e-01,3.777144321594617660e-01,4.876538653353134078e-01,8.115232078405993921e-01,4.265998801478556590e-01,6.640731400856367816e-01,4.696667235457172018e-01,3.190758960562722901e-01,2.410151731443593015e-01,8.628173589800565146e-01,5.492806011190819460e-01,4.389700522034829522e-01,6.218698158560468370e-01,2.958981295403050327e-01,2.662716124870397327e-01,8.641452822300137449e-01,7.910552606646530371e-01,6.234317870347261259e-01,5.100508280809212813e-01,6.496367383658327999e-01,9.498419228902393874e-02,3.025056621008476165e-01,3.544412770826020909e-01,7.873607982274967165e-01,-4.645719402521946151e-01,8.692575797924018133e-01,4.670154079026199168e-01,7.000988759647845949e-01,5.652668925512620984e-02,4.732717785178509606e-01,2.855898955673711881e-01,2.046733750114332895e-01,6.393220416009215423e-01,6.269046393223050018e-01,9.961357810948671121e-01,4.470930985708164163e-01,1.126599397353176546e-01,2.632862041594677960e-01,4.210791687695952801e-01,5.623706800066570199e-01,5.862044120642715406e-01,8.916516724120444604e-01,6.648977946200923528e-01,3.796676746058713636e-01,4.010372468773300003e-01,3.505034872886261255e-01,8.347806378385460579e-01,4.100309178335537208e-01,6.480890032132571310e-01,7.108038534839508094e-01,1.250743771767303392e-01,6.590149587091189698e-01,9.163950682096726474e-01,7.227461937452045460e-01,5.546991343160945220e-02,4.280421385327657369e-01
2.893256676953366302e-01,5.173765466564465010e-01,9.673962793214381239e-01,5.231398900761616844e-01,8.732373119549543539e-01,7.389192275820097855e-01,7.517336575703765789e-01,9.716995467911091477e-01,8.925017516410514995e-01,5.441311020181942570e-01,6.444613265955431158e-01,9.410746446654334463e-01,4.444263660884994471e-01,6.689702868278248893e-01,5.234404365237421697e-01,5.418121854121358272e-01,0.000000000000000000e+00,7.679476253883060766e-01,7.836306584018708499e-01,6.910599340255468848e-01,6.164864460321743955e-01,8.039308447211641617e-01,6.110558669020216271e-01,6.472181345038602318e-01,6.045164639917190996e-01,6.427716162768438712e-01,4.222607704476872281e-01,2.831460244294533579e-01,2.366590004395344171e-01,1.241445343529316014e-01,6.164106410181366957e-01,6.993822462448703314e-01,4.428517079459391437e-01,9.384507599595737215e-01,7.799572274641279890e-01,3.863932969373080617e-01,2.696094602484788716e-02,7.611271263875197812e-01,8.214186091174233706e-01,7.736661381738956234e-01,5.549748038469988209e-01,7.525385277598597433e-01,5.072356423722803598e-01,7.156859473150596340e-01,7.757934934155266138e-01,6.857582540534588045e-01,9.147501406526882262e-01,5.758729672311247993e-01,8.509934186400959222e-01,7.454779441043667410e-01,7.153436586114323426e-01,6.868673631151899217e-01,4.072452911799248065e-01,8.577512292001115979e-01,6.433298879644935298e-01,9.842597458856245929e-01,6.042931124166253110e-01,6.189678320111445808e-01,6.870343098046266528e-01,5.250317701776016088e-01,4.468591507324942147e-01,2.861837268923033140e-01,6.293575664760536759e-01,8.767801574503241158e-01,5.236905805589708862e-01,9.945249601179385612e-01,9.459718929612439542e-01,8.216072841530073223e-01,5.651136143611645846e-01,8.700598286941783055e-01,7.110572901319928141e-01,7.115703184071119347e-01,4.150796785898899777e-01,3.752917255233116367e-01,7.650256006960557409e-01,3.420874740460250196e-01,6.359333634001147484e-01,8.711160731551746972e-01,1.473670486571739546e-01,2.947905387646811981e-01,8.534377315965602229e-01,6.624122650997990025e-01,2.604502296512947734e-01,7.903149538022122833e-01,5.469903624397047803e-01
3.214606480212082174e-01,6.351597227980834148e-01,9.409168772239537848e-01,6.661248518344400349e-01,7.616341051791415406e-01,7.584659594083829059e-01,6.659880524476202712e-01,2.187838456563391543e-01,2.880366891503529647e-01,4.802737884612499619e-01,5.674894244484557371e-01,5.274805647751968918e-01,4.312437730647976641e-01,6.713389938232056098e-01,4.984428790766523010e-01,4.045868094437159862e-02,7.679476253883060766e-01,0.000000000000000000e+00,6.837789091583572620e-01,9.543910713745349383e-01,9.930455307320006364e-01,5.576946290750482982e-01,8.443379214794005660e-01,2.465064812453204579e-01,3.990405350411601049e-01,3.559452333282659975e-01,4.117343218303769481e-01,6.531065808109736137e-01,4.807222526507359817e-01,2.959043850654681507e-02,4.028004979876429470e-01,5.862244891858050533e-01,8.543018645892513918e-01,8.772164765068657388e-01,2.048328818863486556e-01,2.096226574029300960e-01,3.159270770318969301e-01,3.964772628267818622e-01,9.636025636125707949e-01,1.608241829791707267e-01,5.802902011263539883e-01,4.602346377093011198e-01,5.872473701472872287e-01,4.112750451273284868e-01,4.083414100988129736e-01,6.466040829101952214e-01,9.115693307054518746e-01,7.943693804561253735e-01,4.688865408157605330e-01,4.084214254629747187e-01,6.634191004701011085e-01,1.182083177243335587e-01,9.576612880851462783e-01,6.276784161900905712e-01,9.943125457469439432e-01,6.875598057856767698e-01,7.316775429646296125e-01,-1.367169531518234726e-01,5.129097728746465634e-01,3.384308823172248459e-01,6.622398584906616925e-01,4.569089058622222699e-01,7.212776019743276645e-01,3.742741762692485818e-01,3.550634369556370795e-01,2.705231295117658807e-01,3.822970260723899116e-01,8.707740500821393725e-01,3.248390357450707810e-01,9.169815187543912671e-01,7.470034751233634029e-01,5.307333029608942709e-01,5.047171883049952346e-01,2.533710223064881695e-01,6.290393644090881420e-01,3.122771038694010515e-01,9.726626828766994359e-01,6.505661919783193303e-01,5.388811524216794435e-01,3.033958316916112175e-01,2.733876391695975183e-01,5.332280085650922263e-01,4.494809366598923051e-01,5.484810531710382353e-01,2.733385757566402230e-01
