0.000000000000000000e+00,3.241259515720081863e-01,9.018460532656344952e-01,4.970208244160360112e-01,8.078073033868438113e-01,9.520342635984727631e-01,7.821640398675410166e-01,8.247490620120309091e-01,4.003625749039574910e-01,8.092136971813572721e-01,2.887269059365757951e-01,7.094393875043635278e-01,9.785371174886754453e-01,9.904533907414081462e-01,5.889142384501092620e-01,6.349938297865490577e-01,7.473763301574218865e-01,7.488484494848126616e-01,6.589504658785227953e-01,6.723634186495153209e-01,9.406975273409059479e-01,4.324492778746398813e-01,9.963280090172390580e-01,9.472633724221282137e-01,5.908847783872681614e-01,9.918428278562687606e-01,8.866923480252711931e-01,9.423294609126652288e-01,7.916418818990452744e-01,2.958552612284570116e-01,-1.950720576731066747e-01,7.370120229426153635e-01,5.559315014888723816e-01,6.957674010527143960e-01,5.018095323867198809e-01,1.728542084385132627e-01,3.431301444963309466e-01,4.411719077920880361e-01,7.676598178548370566e-01,6.119734748868996821e-01,4.809162584214619618e-01,9.479793975683392659e-01,6.855052530289366119e-01,6.936235375886217192e-01,8.700913852946259297e-01,9.146569773767682099e-01,5.289025888309559775e-01,4.480450479320199908e-01,7.215453422788700166e-01,6.181136873988806180e-01,4.992547420095744259e-01,6.474534652613077590e-01,1.598739484320180204e-01,9.094033352932620051e-01,6.837797012758464188e-01,8.187986828471650602e-01,8.791604099533106842e-01,3.701100757806871089e-01,6.167586275637685356e-01,2.283881486799901606e-01,3.189598758517437349e-01,9.845238970663348077e-01,9.374614406901298214e-01,6.277470757569268978e-01,9.798393814236406874e-01,8.657025349579164919e-01,4.437394625723494190e-01,9.331580079653377657e-01,6.694782381016060047e-01,7.291150899169946964e-01,6.989310788068479052e-01,7.937843957268093664e-01,3.146455256806734990e-01,7.538150073194731515e-01,8.201581801693121898e-01,9.390773066395603497e-01,7.670317219781243034e-01,6.064988995449925868e-01,5.452813745074411855e-01,4.585091745917362349e-01,7.130814789486847882e-01,8.759926549695021825e-01,4.347279279517101136e-01,5.781294078007809256e-01,7.506836109122778655e-01
3.241259515720081863e-01,0.000000000000000000e+00,8.827858679776784401e-01,5.765141672082053637e-01,5.435137051039710121e-01,9.045859081531325563e-01,5.711490548046136428e-01,7.303306070356936353e-01,4.778771961247407773e-01,9.965416414549868040e-01,8.504036151226658236e-01,6.648071554008457840e-01,2.187065747297288754e-01,1.652473601587189089e-01,5.649476917864073577e-01,9.918685479386721848e-01,7.972548898344326007e-01,9.615191743339132069e-01,5.006553275604600506e-01,4.151909487845278912e-01,-2.857242306498869455e-02,4.804123356237253728e-01,9.347683258335192091e-01,7.289268117031558747e-01,5.358646322144642316e-01,8.732387687888716332e-01,9.871393720459583632e-01,7.120554877148846940e-01,-9.256550203139017607e-02,7.903985259138675001e-01,3.613014232162184980e-01,5.714101474825821619e-02,4.062886117545094211e-01,7.573703610813061760e-01,7.441446145725083561e-01,3.739702765982265698e-01,1.292019389473604007e-01,3.749285789953022419e-01,7.601258615706573130e-01,2.076978004192903682e-01,5.784243948575940042e-01,3.208518975078347713e-01,8.645732775477628085e-01,7.238445946467995107e-01,5.893719908649163175e-01,4.619605870218300714e-01,7.970293805206674076e-01,5.940845387267666977e-01,2.518813054544312147e-01,4.275487226339170187e-03,5.886081723327836190e-01,6.356369258667504685e-01,8.770798743222596450e-01,3.138683776988233642e-01,6.760322712049081639e-01,6.023664151191638894e-01,8.466582500305245285e-01,6.130871947990935711e-01,6.939847515059708316e-01,2.884898441278085923e-01,4.233121109451774139e-02,5.988539830805070796e-01,2.999739258478908988e-01,8.305583836665557662e-01,8.236413867176571868e-01,5.173171890912957593e-01,7.201446455619899822e-01,9.520691774177849620e-01,3.831566298471897891e-01,7.434786699207718286e-01,6.960074311770492184e-01,6.110259212699870046e-01,2.589309801831648494e-01,3.214989122191185267e-01,6.529552032349165147e-01,5.524388536059362531e-01,7.806092214838526999e-01,6.267431677209023277e-01,4.937624938091917937e-01,3.663347274580032731e-01,5.357282328300267960e-01,8.600172513448091083e-01,6.622654998133913340e-01,7.184383778785599084e-01,1.375697138199840665e-02
9.018460532656344952e-01,8.827858679776784401e-01,0.000000000000000000e+00,9.579855960955853122e-01,5.450613061741562682e-01,8.834544155289701939e-01,6.123593988722793036e-01,8.308772027463252607e-01,6.035357994072291232e-01,8.233326963530072096e-01,9.582857848128244482e-01,9.364493904961042059e-01,9.623985900788953884e-01,6.225819296589395480e-01,6.986995881070109382e-01,8.690073928501770295e-01,2.565357925038344589e-01,6.788102253233240235e-01,4.386346106042244286e-01,6.176936028825924518e-01,3.331082512098364479e-01,9.968794779211769264e-01,9.568417895087570901e-01,6.027330558076378075e-01,4.731137701667607609e-01,1.540232731084627549e-01,1.422266340947240526e-01,9.574375734924542858e-01,4.235139283815635425e-01,3.122734815864128266e-01,3.591895330859918301e-01,8.992644377308169901e-01,9.389326877337611510e-01,9.718233065533756765e-01,7.092020726007403075e-01,1.095055201300860759e-01,5.521278553312971571e-01,9.189163330471817881e-01,7.546884612011766080e-01,7.414773797364939689e-01,2.426883550313029825e-01,4.580892811012540755e-01,6.792797389734395175e-01,9.456059400481209298e-01,7.702006265094434312e-01,7.965182942755220097e-01,7.651646495392750991e-01,4.669458707858704649e-01,9.844749869940404574e-01,6.686940942260897192e-01,4.834948370983273014e-01,6.865242799479404079e-01,8.376377387091890059e-01,5.207786976149214597e-01,8.339752416976584648e-01,2.581237807254788685e-01,6.027191138341054799e-01,2.938999209083791309e-01,3.452275988058626233e-01,6.064135048809048412e-01,2.201398809796825951e-01,6.082623723959335038e-01,5.446429363741955854e-01,8.057599891131956849e-01,9.344563309412071694e-01,4.584565085817414731e-01,6.469772504486295261e-01,7.033922377830074124e-01,7.014371572398907517e-01,6.507505937580089217e-01,9.156039327930907135e-01,4.170754556728911711e-01,7.658064768019683388e-01,2.036177620118267417e-01,1.925124281962662387e-01,5.922889846449890250e-01,7.108089419634439077e-01,9.816645309150786591e-01,2.138126908363387202e-01,1.908163403932825741e-01,5.394718533767270952e-01,8.984744408688463135e-01,6.149997113670047089e-01,5.351980879233397825e-01,6.370328748760424320e-01
4.970208244160360112e-01,5.765141672082053637e-01,9.579855960955853122e-01,0.000000000000000000e+00,7.036744200970909136e-01,6.189187014325044922e-01,3.533269946223254188e-01,-7.347100458940034051e-02,6.244033883775774729e-01,8.705994628950128877e-01,6.391087104802057883e-01,9.230286222881023406e-01,3.940104922543233856e-01,7.329657192670089305e-01,6.121501208027547714e-01,4.402734620905590646e-01,9.879637217246912684e-01,3.160211784012742497e-01,7.927427360515439947e-01,6.540992655592503535e-01,8.091476418549020666e-01,8.613327432644624082e-01,1.181126695327717191e-01,4.608197891695881010e-01,7.542570909343301322e-01,6.704862161821991684e-01,5.560497566274981152e-01,6.279106747488512053e-01,2.475059895508425756e-01,5.450090482553816562e-01,2.014465691699476591e-01,7.916231473003272345e-01,7.523272393247683043e-01,6.424776707558985667e-01,6.647504296485786668e-01,3.091379687493770456e-01,4.493311394233784895e-01,5.570622836508243303e-01,2.375307603709048421e-01,8.099457268502572305e-01,-1.142512669321464197e-01,7.573530107303353409e-01,5.386431117544905334e-01,9.099259324369177726e-01,8.303730358228043062e-01,4.862589327594396549e-01,6.202139014732972466e-01,5.039150771975692278e-01,2.290302109233875172e-01,2.647997226873824439e-01,4.382008283873706778e-01,5.067222050880659800e-01,4.862143348523009223e-01,5.319475809246959619e-01,6.300260775185650974e-01,6.686088102692280266e-01,6.299154392445752704e-01,6.657458743432457249e-01,3.561144811945690103e-01,6.693065722205197021e-01,1.136850667926462555e-01,2.845718847702417564e-01,8.748013040804460960e-01,9.078425586074059250e-01,7.003269771088380669e-01,7.861511953026629751e-01,4.280117256811096227e-01,8.403578054704066158e-01,4.826698838126501911e-01,9.420957213925562623e-01,8.326953009648028203e-01,7.512409108215217790e-01,2.427216774766881580e-01,5.985746868105117358e-01,3.028063357337985595e-01,8.492697690682665668e-01,9.623102552584310576e-01,7.003997947328897133e-01,3.061732449352261853e-01,5.900387995917519834e-01,5.871789614769340471e-02,9.753101785148811098e-01,4.915264925472511148e-01,2.602284644479046505e-01,9.402320039846445709e-01
8.078073033868438113e-01,5.435137051039710121e-01,5.450613061741562682e-01,7.036744200970909136e-01,0.000000000000000000e+00,6.894576425559264532e-01,6.822183030670931903e-01,8.407410319279813304e-01,6.660341657854241815e-01,5.715585392229219908e-01,4.793048044055653878e-01,5.194674608810171401e-01,9.654398149438642163e-01,5.211506791377165104e-01,6.813699937864159395e-01,3.875706081675108217e-01,7.532761133246294039e-01,7.534609048822473731e-01,7.157367338267595080e-01,9.226163657253084738e-01,7.096112912246645976e-01,6.761133946264652472e-01,4.897385208935590706e-01,7.222000500381994259e-01,2.247021860227436246e-02,7.445828349371538257e-01,6.224527056553132986e-01,6.868025715135900322e-01,5.308189247922453502e-01,4.148977920617725156e-03,3.820875565492111159e-01,2.520272150214383222e-01,4.113447293959323625e-01,6.583989029507910651e-01,4.497668113834483172e-01,1.694706123294669256e-02,4.388096716308588219e-01,7.744186068561651481e-01,7.786707513698377658e-01,4.683310430151961246e-01,3.763370396448325605e-01,6.802303183492635075e-01,8.876429311638004416e-01,9.674415869751638031e-01,8.623502988846870609e-01,1.833993935441106116e-01,8.601037247868140723e-01,4.756567509351338208e-01,7.699397244656115413e-01,2.495562584868331046e-01,6.294820237958861364e-01,9.887094819063317885e-01,-7.757739467802501898e-02,5.927951948668892523e-01,8.694290028089085576e-01,7.498388206484997154e-01,8.689824604706810618e-01,5.911740719609721584e-01,7.931634459800275261e-01,5.157514705085255446e-01,5.638305674610092355e-01,6.120553972331188586e-01,8.263267150441960807e-01,8.562587090741751172e-01,8.674788359326566223e-01,6.316318654105512742e-01,6.444147704000680044e-01,7.138858341999321233e-01,7.529516394318314099e-01,7.214934277281177533e-01,5.178516228326746074e-01,5.961394343302577337e-01,-1.821768994969771849e-01,5.460679156914228782e-01,7.008552684165396673e-01,2.033186479641996836e-01,7.848841159475378193e-01,9.455861741117503882e-01,5.996663414487686250e-01,3.749276769545439869e-01,7.621756764658633720e-01,6.860167424392172864e-01,3.938086287190428747e-01,2.655472697560882223e-01,6.830329753995910691e-01
9.520342635984727631e-01,9.045859081531325563e-01,8.834544155289701939e-01,6.189187014325044922e-01,6.894576425559264532e-01,0.000000000000000000e+00,4.546984896670683285e-01,7.409777489000595185e-01,4.130771188488847612e-01,8.330597794493488362e-01,7.410485957795268641e-01,7.642436575913644781e-01,9.472746897376396191e-01,6.065600708988361234e-02,6.864931267550531402e-01,8.321324416394748624e-01,6.286838031844067531e-01,2.873157623903561941e-02,8.929188075562300986e-01,6.496459443221100916e-01,6.086591514282929660e-01,7.174244154487007252e-01,8.523363697623907997e-01,7.972510939049308742e-01,6.321182777706687572e-01,7.516208385143160475e-01,9.446642210520495020e-01,2.310874384899559431e-01,3.716541641996081169e-01,4.604449847069665980e-01,2.271288936883373855e-01,6.609533024488279951e-01,6.742904999967895829e-01,5.095955467161988883e-01,4.516580829739805236e-01,3.486980079203899630e-01,4.317667775211408987e-02,7.409282972011216328e-01,7.912948471590732780e-01,4.942592614832564957e-01,1.053035554710036598e-01,3.797068044074349835e-01,7.507429739831955606e-01,9.137503174426857555e-01,5.251929572487892273e-01,6.744735687179848060e-01,9.904231614267653416e-01,4.033693946966633859e-01,7.104571171653293327e-01,4.391191524197727292e-01,7.893457301875250742e-01,4.267350918424029360e-01,4.089273856290255860e-01,6.743794312563471394e-01,2.837260320176366868e-01,7.764836224497967399e-01,5.142860145461246590e-01,5.540107493308583653e-01,9.054322996506737331e-01,4.207551492068305476e-01,9.097861957502724473e-02,7.170844129458205929e-01,6.586271495101437834e-01,5.558221831284513303e-01,9.124571401465766396e-01,7.792640759629954408e-03,4.931418916540589725e-01,8.855912783640299546e-01,5.257560295624794655e-01,7.743546791394859685e-01,8.217807992083338009e-01,2.887770242425780065e-01,1.896393904293700305e-01,4.606675665856762580e-01,6.591438516459091623e-01,5.766568608994753209e-01,3.283179886933976777e-01,5.159607985795171547e-01,8.121851521895379067e-01,8.846290434485599985e-02,8.877715842952590419e-01,6.411574127206075557e-01,5.003494890528991101e-01,7.228552269078927228e-01,3.073335693213878894e-01
7.821640398675410166e-01,5.711490548046136428e-01,6.123593988722793036e-01,3.533269946223254188e-01,6.822183030670931903e-01,4.546984896670683285e-01,0.000000000000000000e+00,5.190716734513786124e-01,5.111255380535396631e-01,6.684542195267904052e-01,4.333151613285030068e-01,8.836603955395857524e-01,5.806432826751021237e-01,2.411746045787975246e-01,-5.661972499569781214e-02,5.252383610627036070e-01,9.748240575094103688e-01,6.934056461881114020e-01,5.544628691702104817e-01,7.187661798279596503e-01,7.979143414674462198e-01,4.780304053344451853e-01,9.937927570705643587e-01,6.018923814210125345e-01,2.648850266388697028e-01,7.142046596782967161e-01,3.507496278109579757e-01,2.446163505080506395e-01,5.902196623150923749e-01,1.584894860600492283e-01,7.011778566806134982e-01,4.660045546151652118e-01,2.589324018565091201e-01,7.990897930016166439e-01,6.837842360566130928e-01,1.567047522717574526e-01,3.828497729772319946e-01,8.131485674736278479e-01,6.241129881963174419e-01,5.444348844058065628e-01,7.532923189098417183e-02,7.367750988982334492e-01,9.913391699992155637e-01,4.834696760233458956e-01,4.578635687481795724e-01,7.450234249984620805e-01,5.681958482947990774e-01,9.456548195855483119e-01,3.265027845722571209e-01,2.424630469570552838e-01,6.194593111817842113e-01,5.103349667535154177e-01,5.700661157475488405e-01,3.033488545716943041e-01,4.238264262568887109e-01,3.834823272731799904e-01,5.653259383531358262e-01,7.685791843182315786e-01,-1.834609641718837891e-01,2.227003765572091731e-01,7.532498900054018787e-01,4.840914250944310382e-01,4.813364511152948277e-01,5.646343537164794091e-01,9.628298103735825064e-01,4.784487147361993209e-01,7.323431989435759126e-01,6.490270193039245905e-01,9.759313880515109174e-01,3.091464394033885399e-01,4.609128594980045901e-01,4.909322317395427571e-01,3.615741855394444260e-01,2.843553012651036660e-01,7.134826388427539801e-01,3.034113162100364747e-01,5.335448348809868069e-01,5.586508261531416553e-01,3.002627032927873141e-01,3.016992058961159850e-01,5.306410574233556554e-01,8.578309053274382201e-01,3.387266116602392074e-01,7.068508062762671740e-01,-2.912292605096402087e-01
8.247490620120309091e-01,7.303306070356936353e-01,8.308772027463252607e-01,-7.347100458940034051e-02,8.407410319279813304e-01,7.409777489000595185e-01,5.190716734513786124e-01,0.000000000000000000e+00,3.758529149149454351e-01,6.595600367153192645e-01,9.547985462199325424e-01,6.724486153828543866e-01,8.731591165204346527e-01,5.706889715462577506e-01,3.521555853747628806e-01,6.331681845405713327e-01,3.023432963298057774e-01,3.551833499507927039e-01,9.365948964644315033e-01,7.734898801065910323e-01,3.268631198076167310e-01,6.856899950491855966e-01,6.712415832273649352e-01,9.896189085517604900e-01,5.039478050650305629e-01,7.398821325177132868e-01,6.520801438438144082e-01,4.824207703677438897e-01,1.401927983365701402e-01,7.087787943076739872e-01,6.405438168544561606e-01,8.272439731937193674e-02,6.328762804677693365e-01,6.947695176353752000e-01,1.001557746900145866e-02,7.753400975854836119e-01,1.735957704944935953e-01,6.267819737605799801e-01,6.186989361619366079e-01,7.884226724787150031e-01,4.887260917338058230e-01,4.836496595613307692e-01,8.914123231487115495e-01,4.966367950619842708e-01,6.390236923884480280e-01,2.704273478749144033e-01,3.702323834748532105e-01,3.058801724758553053e-01,5.964856713167056013e-01,7.960399699002826956e-01,5.089656953072096979e-01,5.857358035040031163e-01,6.290643874619786802e-01,1.140292681423919208e-01,3.160715626833638381e-01,3.878998834332380574e-01,6.656244097806973681e-01,5.754654393671496670e-01,7.396952574586173057e-01,8.970582953592143305e-01,7.447480293006440988e-01,3.472958850938794306e-01,4.924519128203288520e-01,9.629451102878866520e-01,8.914154817996980951e-01,3.842302611694523584e-01,4.086327645910431405e-01,9.413832597516232914e-01,5.185997891805678162e-01,7.179673892410248781e-01,2.508161128402700557e-01,2.843521373968462274e-01,6.103591720379957231e-01,1.626652503542587100e-02,2.925211043307681669e-01,2.502683122874569399e-01,7.523165771248863098e-01,4.484465655145406515e-01,7.864976615002553517e-01,3.571228010423468935e-01,5.856277454550795625e-01,9.312557717362399679e-01,7.428642841984988143e-01,1.347945628036975318e-01,1.154658298762904489e-01
4.003625749039574910e-01,4.778771961247407773e-01,6.035357994072291232e-01,6.244033883775774729e-01,6.660341657854241815e-01,4.130771188488847612e-01,5.111255380535396631e-01,3.758529149149454351e-01,0.000000000000000000e+00,6.344463484931178732e-01,5.984414961530475363e-01,4.843406766137184349e-01,2.323062528705380214e-01,9.188975449382432714e-01,7.542153362626621282e-01,7.396092917761671881e-01,9.850296649841028263e-01,5.459325030424619918e-01,5.019480849507819142e-01,2.545916395720748682e-01,7.497067856137964448e-01,4.197845996762011866e-01,6.833682400375434840e-01,8.330338910086843018e-01,5.996481883510316191e-01,4.359385210191032978e-01,8.664418272215745898e-01,4.947872675572453360e-01,6.903811482315335146e-01,4.907359910210211673e-01,3.011567126077487888e-01,2.329217291817553270e-01,5.943630481561675838e-01,7.312809467999850099e-01,6.070714065744010624e-01,4.297803632398052853e-01,5.321018540989190804e-01,6.761860681565534659e-01,6.108918574436995597e-01,3.241924734953035570e-01,2.884817389049020853e-01,6.986875358467933284e-01,7.016788470218460194e-01,6.569992144682029744e-01,6.405678045380577279e-01,7.595538489606541432e-01,7.976659599078475549e-02,9.090168271301845015e-01,4.555011235590916141e-01,7.669466187347169228e-01,7.222938688862738932e-01,4.093643415481768577e-01,7.187342052309004803e-01,7.578758401299080516e-01,6.559739436390278344e-01,8.716728610522168630e-01,4.489752820150603174e-01,7.417408884704228544e-01,3.043090908428782715e-01,8.079679840618952946e-02,4.999391440622551475e-01,5.125105458725073282e-01,3.960949628113950016e-01,8.299165011213024412e-01,7.165028073907415695e-01,3.688724717329746605e-01,2.841130389721100435e-01,4.490201871111466070e-01,2.225112794311153164e-01,8.754295943327426999e-01,9.255896653792334838e-01,4.266112897505687229e-01,1.651454977957222958e-01,1.797960954883868201e-01,7.356618396262734061e-01,6.729927630515786241e-01,9.343835783111911208e-01,1.905447827493240709e-01,3.795844087790755106e-01,3.157490571436396554e-01,5.759641448501446881e-01,8.616923919782460972e-01,3.883140032808509723e-01,8.044808540121094476e-01,2.018949185105576305e-01
8.092136971813572721e-01,9.965416414549868040e-01,8.233326963530072096e-01,8.705994628950128877e-01,5.715585392229219908e-01,8.330597794493488362e-01,6.684542195267904052e-01,6.595600367153192645e-01,6.344463484931178732e-01,0.000000000000000000e+00,3.478240731318332779e-01,4.290235084280589195e-01,6.290240183821259601e-01,5.911601040029423881e-01,2.920823695225043259e-01,7.957317570399928819e-01,3.392290015475710740e-01,5.501410494183761601e-01,6.344302850789240722e-01,9.539688017851825075e-01,3.471989467866636314e-01,4.566149852927873787e-01,8.989642764531200481e-01,7.313321880338289338e-01,4.447145003821642573e-01,5.082146312135242816e-01,6.898446842782971489e-01,4.044367395257172926e-01,4.850321637918284523e-01,6.236294551012234733e-01,5.267841698397153216e-01,2.033587164663094859e-01,7.096958108801340037e-01,5.749051067730624048e-02,6.395173933420602586e-01,2.148889266632988682e-01,3.535200011432415579e-01,5.640689360652534345e-01,6.246367938233178263e-01,7.759467832719506575e-01,7.587718605873052802e-01,6.282721447740272636e-01,9.947749400563509203e-01,2.646888215875186079e-01,8.912739383532487514e-01,7.874696162062360116e-01,3.332310191571759006e-01,7.201524136251591379e-01,7.829377135631203632e-01,5.153268935657291383e-01,4.014761119746899642e-01,4.292322868014716297e-01,8.110145175921751326e-01,6.896291469239214100e-01,9.429279005007378256e-01,5.833582263732814965e-01,6.518346798226813954e-01,4.812579838782525821e-01,8.043063935780002671e-01,3.199175070380844144e-01,3.984810588126626030e-01,7.565481855668489963e-01,3.578780363349112759e-01,7.262690195793499726e-01,9.927189916719771912e-01,6.215782402414201657e-01,2.866756637186998469e-01,8.582012921217201384e-01,5.293039635534334542e-01,5.338206703444597911e-01,6.689263219143745109e-01,9.687586289907432757e-01,3.876729707366791122e-01,2.848390455852488623e-01,4.574089437837544625e-01,8.571683114704509859e-03,6.493767487083123013e-01,4.174590334858234164e-01,7.163706627527658410e-01,1.338161724778287320e-01,2.325599238106823008e-01,6.216479196401764051e-01,2.902475863641648113e-01,6.333117545671057558e-01,4.440140624197562169e-01
2.887269059365757951e-01,8.504036151226658236e-01,9.582857848128244482e-01,6.391087104802057883e-01,4.793048044055653878e-01,7.410485957795268641e-01,4.333151613285030068e-01,9.547985462199325424e-01,5.984414961530475363e-01,3.478240731318332779e-01,0.000000000000000000e+00,7.505927136447632098e-01,8.614654113906738964e-01,7.763954029804038814e-01,7.552915903180873469e-01,1.650433148176853326e-01,8.008025813223402789e-01,8.216154879882875406e-01,4.802959441023053611e-01,9.742743307276928721e-01,8.647805974496722836e-01,1.585854381686696568e-01,5.263262370003438662e-01,8.638924986684276552e-01,7.944808867587342949e-01,4.286431744487085860e-01,8.123555749945653437e-01,9.690162087303175742e-01,3.083370312840215677e-01,6.370743490089093575e-01,4.144717677767276731e-01,2.836482058637324610e-01,8.207860213756155154e-01,4.993216924113354493e-01,6.572619840269922076e-01,3.203673293846560632e-01,1.670674414346274284e-01,7.517364990910693212e-01,8.371721206840089247e-01,9.376108344625226909e-01,5.575465763980560485e-01,8.296712062406592647e-01,8.062477445592703962e-01,3.427373454797650876e-01,5.126290259930077475e-01,7.223207822468815653e-01,4.541786580331169110e-01,7.991167699938090951e-01,6.145063239862352811e-01,4.547356161265077024e-01,7.851106315676141811e-01,3.534013095729838239e-01,6.781420525643566677e-01,9.697271606526292054e-01,9.004017622651181441e-01,4.963650057224802126e-01,7.262954103926750893e-01,5.590800103879756122e-01,9.500080322387627341e-01,2.421160277846055586e-01,3.389497884810585004e-01,5.090194891035034752e-01,3.507995507181499439e-01,6.683898636034036889e-01,3.220261938069756136e-01,7.805781901637198761e-01,5.739643526112894190e-01,5.352997156878680496e-01,9.906485876776092159e-01,3.970073178362926725e-01,8.014845357677073956e-01,4.476207305465341180e-01,5.056413916464398417e-01,2.926272854638774235e-02,4.791361717697365519e-01,7.461020361521104594e-01,3.842071909400737728e-01,4.249808000000852570e-01,1.230238901833315968e-01,2.782036628221292718e-01,6.590941140372883478e-01,6.863792427315869027e-01,7.596339253539681202e-01,5.547189333675364153e-01,2.263312981059479867e-01
7.094393875043635278e-01,6.648071554008457840e-01,9.364493904961042059e-01,9.230286222881023406e-01,5.194674608810171401e-01,7.642436575913644781e-01,8.836603955395857524e-01,6.724486153828543866e-01,4.843406766137184349e-01,4.290235084280589195e-01,7.505927136447632098e-01,0.000000000000000000e+00,4.358169793701026640e-01,5.590012856336986635e-01,4.124986689550704799e-01,3.797478238236285941e-01,4.152354175690227134e-01,2.814553882930151962e-01,6.269878791238041593e-01,6.326039751792282839e-01,4.307896957975119179e-01,9.074361388749061508e-01,1.234673786347710855e-01,6.412831322590822891e-01,3.639529164367556469e-01,6.447608235566620882e-01,7.896104788053532886e-01,3.419583497637137398e-02,4.425858295325919567e-01,2.054137498763886627e-01,6.310452325955076547e-02,2.446076913435510924e-01,6.828278487424638277e-01,8.123710209393218973e-01,6.800347470287094742e-01,4.236344705813761546e-01,7.689791294485093243e-02,7.356971887802119525e-01,8.899128188138344386e-01,4.293770742442747923e-01,4.095843953920902947e-01,7.476010405686073224e-01,6.343017026986622620e-01,8.837428558721137639e-01,5.493073502460680269e-01,7.848869336115473772e-01,6.620684302406556476e-01,9.610958226087263911e-01,4.475222963382312069e-01,6.576210959929770228e-01,4.491901892524350348e-01,8.576073515435759242e-01,9.080138092050384913e-01,3.670264073793564896e-01,8.754177075846228950e-01,6.734755673393032493e-01,4.408037350429033774e-01,7.474696421743021180e-01,4.144021670802672253e-01,5.728753439657106039e-01,5.889992333029858695e-01,6.972918659789083540e-01,1.049730305470403108e-01,8.865461187706721313e-01,6.182794423162826236e-01,6.405055706380515801e-01,7.535116681429169239e-01,4.525067596903324940e-01,3.080568985916712910e-01,5.454559132491830775e-01,9.068335405799913262e-01,9.881108261644784285e-01,3.129123029180340132e-01,2.786850838929344487e-01,7.689405181994828364e-01,5.642629885507042253e-01,6.256780571006063107e-01,7.556647002910235056e-01,7.682793671696373783e-02,2.541720910457433980e-01,7.477764867194911513e-01,7.322778940568481776e-01,9.867332925368922369e-01,3.936080598689372101e-01,6.783276686275785394e-01
9.785371174886754453e-01,2.187065747297288754e-01,9.623985900788953884e-01,3.940104922543233856e-01,9.654398149438642163e-01,9.472746897376396191e-01,5.806432826751021237e-01,8.731591165204346527e-01,2.323062528705380214e-01,6.290240183821259601e-01,8.614654113906738964e-01,4.358169793701026640e-01,0.000000000000000000e+00,6.831782104078153450e-01,4.528279577246934751e-01,6.555543443089080213e-01,8.112370721218166159e-01,1.665715185789582442e-01,7.976062079433636764e-01,7.618412938708285509e-01,9.839031325372157299e-01,9.680129879869225906e-01,6.583781334801518392e-01,8.980598135481608901e-01,2.625802477150301906e-01,9.027253645103301416e-01,7.833059468742418208e-01,1.485668965109337158e-01,5.252803515521292654e-01,2.235519126027029901e-01,5.630735964751295564e-01,6.157657955245106063e-01,8.431591961651890843e-01,6.808722992795872564e-01,5.674403111252273035e-01,5.573605229549871698e-01,5.257777406391743735e-01,8.886910185596104128e-01,8.129060769817308962e-01,6.996196614810108461e-01,5.177856204978967813e-01,7.971019361447563290e-01,9.472330197678882069e-01,4.761330703891326621e-01,9.002113744108464211e-01,3.335299853589027697e-01,6.237506018937383212e-01,2.478512935645797999e-01,4.661454751769246729e-01,8.569892792637491263e-01,2.594187068285609965e-01,3.557891124164889313e-02,7.922736344601364333e-01,4.783958376273170776e-01,4.921845980489184536e-01,-4.018509084513816054e-03,6.306405861842517835e-01,7.166154385198608701e-01,4.590440319850091488e-01,6.242713037061848880e-01,1.347425129097261920e-01,6.797061491782874221e-01,5.474952101407423166e-01,2.261891162559947488e-01,6.736124568946872948e-01,5.090005064214127017e-01,7.944862557978940032e-01,7.389065366824956183e-01,6.528153058290740995e-01,4.124629608980159290e-01,9.878679435927546493e-01,2.082901187475104665e-01,2.230538730493562272e-01,5.557693933281777632e-01,6.276153889677960063e-01,7.367325098442719655e-01,1.923716328080486426e-01,9.994702197020244316e-01,5.610669858555802358e-01,3.854252354553941995e-01,6.627438273456841555e-01,6.707885508388562457e-01,9.978714063683415958e-01,6.159938236450464011e-01,4.437099718201520937e-01
9.904533907414081462e-01,1.652473601587189089e-01,6.225819296589395480e-01,7.329657192670089305e-01,5.211506791377165104e-01,6.065600708988361234e-02,2.411746045787975246e-01,5.706889715462577506e-01,9.188975449382432714e-01,5.911601040029423881e-01,7.763954029804038814e-01,5.590012856336986635e-01,6.831782104078153450e-01,0.000000000000000000e+00,5.844028373025468293e-01,5.339781372222516254e-01,7.945542381630172901e-01,6.250472101002907399e-01,2.786174080778455187e-01,1.268985236830985908e-01,7.786472239142677720e-01,6.132850703605985387e-01,7.534067001091094840e-01,6.330817572010855043e-01,5.154804119585576494e-01,2.329846999218387060e-01,1.325664950098750516e-01,9.412654636064157199e-01,1.727390003750545744e-01,5.969245306606270063e-01,4.633808430973339609e-01,5.723554719584287298e-01,4.290668711646026257e-01,6.331929847559181201e-01,8.793006353342156523e-01,2.175897675837912826e-01,5.073605683438242586e-01,1.138678285583305527e-02,8.554614100413687749e-01,7.802187069993622437e-01,5.073528916357619156e-01,6.627159536184987765e-01,6.820458266497809730e-01,9.368828039668597452e-01,3.085541351626979178e-01,1.125668591518990125e-01,2.417082532933033656e-01,7.161297544628386635e-01,9.122875720621345108e-01,9.421096915985851528e-01,7.745537326655521637e-01,8.118486110454307125e-01,8.614062246312531590e-01,5.590757635361920386e-01,7.627149052085621106e-01,5.831218153223507450e-01,5.659650265924169865e-01,5.144194956139691577e-01,8.271035994167901251e-01,5.932840602082669612e-01,7.119744554291469463e-01,8.370080015343146496e-01,5.879804131684738255e-01,6.675633096632396235e-01,3.881589813899483099e-01,6.952176172229576068e-01,6.096823790734189341e-01,5.942129657350403438e-01,7.369266935999721491e-02,6.190173565439118786e-01,8.043271046983726524e-01,5.807330864755886335e-01,7.213441505376683160e-01,2.945843701814175875e-01,3.588967911765216234e-01,9.455315270320201471e-01,4.607107760588130541e-01,2.782756665609242841e-01,6.890623618655229432e-01,3.325677895398481132e-01,9.183075806642333472e-01,6.369328660620436899e-01,7.476776200090131663e-01,1.122553599754468751e-01,8.995637476485903727e-01
5.889142384501092620e-01,5.649476917864073577e-01,6.986995881070109382e-01,6.121501208027547714e-01,6.813699937864159395e-01,6.864931267550531402e-01,-5.661972499569781214e-02,3.521555853747628806e-01,7.542153362626621282e-01,2.920823695225043259e-01,7.552915903180873469e-01,4.124986689550704799e-01,4.528279577246934751e-01,5.844028373025468293e-01,0.000000000000000000e+00,6.528701850759499603e-01,2.341530971492908342e-01,5.128169051801944045e-01,5.529067395256977990e-01,5.410941985630159934e-01,6.970246426532145795e-03,5.689404224964162982e-01,2.344889564185831943e-01,7.367297359191634643e-01,6.048477255782188644e-01,-8.068438139220268646e-02,8.855353320789127736e-01,2.648192415709672010e-01,6.042121893284181366e-01,7.083119947510052583e-01,4.849707562984726383e-01,2.726308060980690007e-01,6.949420916935511450e-01,7.375531445109957396e-01,4.973524734275138193e-01,2.691683576314032877e-01,2.986263534674520326e-01,3.182636446392039797e-01,6.008371289970982909e-01,3.178893570958305492e-01,7.553870539433482634e-01,7.655135073784206101e-01,8.890063594921595591e-01,7.404788728786879659e-01,7.040542406879612969e-01,7.590458318978495766e-01,5.531377478059836816e-01,8.848667527764277896e-01,9.466331473749862724e-01,7.462099140480811243e-01,6.915011676738535007e-01,8.562782652783930137e-01,6.200584295471275320e-01,6.734640403224836369e-01,6.231611636576894764e-01,9.085831250634063272e-01,7.013295470615288352e-01,5.093898761206244741e-01,4.563670672291124664e-01,5.621627109764149033e-01,5.988088658343790893e-01,5.302495999026674012e-01,5.815905514668346932e-01,6.437872890210363241e-01,3.113261969387519090e-01,-1.520303756096992309e-01,4.862364635778025912e-01,6.533622123428226569e-01,5.023585538906650827e-01,9.317996691438932277e-01,8.235811061732567495e-01,2.766973003811010190e-01,4.959108786822372106e-01,1.854490469307895351e-01,3.116253306749375840e-01,8.380034484526326377e-01,5.105124419027528004e-01,2.008187197975395133e-01,2.549122633538780103e-01,3.852240702441097620e-01,7.437770008317514669e-01,8.658770466892224960e-01,6.834855632905298961e-01,6.072621350106693905e-01,6.113351231844866840e-01
6.349938297865490577e-01,9.918685479386721848e-01,8.690073928501770295e-01,4.402734620905590646e-01,3.875706081675108217e-01,8.321324416394748624e-01,5.252383610627036070e-01,6.331681845405713327e-01,7.396092917761671881e-01,7.957317570399928819e-01,1.650433148176853326e-01,3.797478238236285941e-01,6.555543443089080213e-01,5.339781372222516254e-01,6.528701850759499603e-01,0.000000000000000000e+00,4.753181724005069997e-01,8.349205210840178193e-01,6.886203260975071183e-01,5.875132168590279091e-01,6.245769308413676724e-01,4.932705582622582963e-01,4.642186542410962624e-01,9.084595980087514233e-01,7.727545689957286967e-01,4.774261681639198063e-01,8.682300853609655755e-01,6.271678531492558273e-01,4.013193205901568472e-01,5.215459199717114025e-01,2.520172380202181928e-01,2.114595953912267734e-01,2.423748203549745683e-01,2.317094126101828244e-01,5.350169424519513051e-01,2.140815317573303844e-01,4.359114298765236484e-01,3.962359378240206675e-01,9.914021288977279411e-01,4.078396142239170130e-01,5.003118586533984447e-01,9.753471702433469392e-01,8.885590445307436358e-01,7.930282783175482964e-01,2.049923876466599737e-01,7.384820315830589177e-01,6.152197374718518796e-01,9.465977808387194825e-01,9.219256649884652877e-01,5.496712056455850259e-01,5.464131129729644654e-01,6.439646886349777999e-01,7.015206132149662821e-01,8.622881394767520913e-01,9.989731281199827340e-01,8.715627331842189518e-01,9.703820481448133251e-01,4.521280672878803530e-01,6.083563157412371636e-01,3.165810681021972162e-01,6.639795377669368559e-01,4.936470510201209638e-01,4.957465832139263950e-01,7.111870078267377160e-01,6.095130524088161472e-01,9.529067847769143729e-01,6.297247515481325664e-01,4.172732633424806603e-01,7.721841863896545810e-01,7.826643194873608156e-01,6.724413609277883896e-01,5.074275646842734133e-01,3.570063073937890241e-01,3.764020611968128538e-01,7.230464003207904833e-01,4.628462830891112434e-01,7.573671370279142501e-01,4.924939143980359146e-01,4.142819073789989481e-01,4.856498957369660974e-01,7.023202369027462533e-01,2.367244723375727111e-01,5.602139627762015017e-01,5.563977745571551115e-01,9.328519831583000077e-02
7.473763301574218865e-01,7.972548898344326007e-01,2.565357925038344589e-01,9.879637217246912684e-01,7.532761133246294039e-01,6.286838031844067531e-01,9.748240575094103688e-01,3.023432963298057774e-01,9.850296649841028263e-01,3.392290015475710740e-01,8.008025813223402789e-01,4.152354175690227134e-01,8.112370721218166159e-01,7.945542381630172901e-01,2.341530971492908342e-01,4.753181724005069997e-01,0.000000000000000000e+00,8.476323159838443644e-01,9.128711619014505674e-01,9.534217628891678009e-01,4.417718150280245948e-01,6.260418164147604214e-01,7.464152649535863437e-01,7.255571171345115422e-01,5.570857478126882700e-01,7.518983219574078003e-01,6.262052539342097823e-01,7.641394565277356277e-01,3.635768677567858820e-01,1.321715078002489441e-01,3.130041050223695415e-02,4.367088664871782155e-01,9.931970388888611279e-01,1.785054526998813007e-01,3.796747425323441227e-01,9.941495190654313363e-02,1.058837655861487037e-01,3.607565004744572867e-01,6.793724670866019277e-01,6.560977448976994530e-01,3.292052493685668768e-01,9.360152787768283300e-01,2.413978577231128964e-01,2.653230523598402307e-02,7.067069252022007975e-01,7.244342510782096900e-01,9.083480665432015488e-01,7.618824505570409578e-01,6.009201135658497339e-01,9.735878716955008727e-01,7.011222552642644157e-01,6.073423640151019987e-01,1.076903337468604616e-01,8.542483277656263141e-01,9.631487664148254968e-01,3.934892040912203459e-01,5.513059552368081428e-01,7.588692470377069732e-01,8.005378359421905232e-01,1.430639386962607174e-01,2.778535023891078315e-01,3.306071623743964683e-01,8.531644981959234375e-01,7.661607115723032546e-01,7.665420593677900740e-01,1.908717458854323479e-01,3.155142546594735253e-01,4.910163443612469703e-01,1.782573957812565169e-01,4.902462024864910339e-01,8.343508691478387362e-01,4.952307419707000502e-01,2.598077601664365299e-01,3.879132324488240302e-01,6.427033034809593870e-01,8.627111749777529592e-01,2.212389993369266172e-01,7.152551805538543972e-01,2.556767309938156041e-01,3.016749692317805542e-01,3.146552030703166913e-01,3.787125951004444158e-01,5.776804999254843143e-01,8.802693740585487356e-03,5.695044984345581929e-01
7.488484494848126616e-01,9.615191743339132069e-01,6.788102253233240235e-01,3.160211784012742497e-01,7.534609048822473731e-01,2.873157623903561941e-02,6.934056461881114020e-01,3.551833499507927039e-01,5.459325030424619918e-01,5.501410494183761601e-01,8.216154879882875406e-01,2.814553882930151962e-01,1.665715185789582442e-01,6.250472101002907399e-01,5.128169051801944045e-01,8.349205210840178193e-01,8.476323159838443644e-01,0.000000000000000000e+00,7.537747429465786464e-01,4.876748905873125595e-01,8.625065368391201526e-01,2.172148120643918046e-01,7.391736314075385561e-01,9.033547676624121836e-01,7.178887008558724192e-01,5.120103550426626793e-01,8.292268723745890302e-01,2.699993999304370895e-01,7.153403161876950023e-01,6.180847211420577025e-01,4.330643078461763329e-01,1.863576709883423277e-01,5.502346121334373841e-01,7.193254358043663643e-01,-1.945750352672869776e-01,-1.746056612757038440e-01,2.548544195765289899e-01,6.653845933977386995e-01,3.475773243081660135e-01,8.640760159726725842e-01,2.769700717727806571e-01,5.972995090348243163e-01,8.881483859256157354e-01,6.491421527937655256e-01,8.018574958574915534e-01,8.480694179057245430e-01,7.024963146716062257e-01,7.899999692427360776e-01,4.154371887792611684e-01,7.624033345490819347e-01,3.572972107113114859e-01,3.284702318232951557e-01,4.789873020649145774e-01,5.564807262168767199e-01,8.738675490080192176e-01,2.406493336227155388e-01,6.091548630606550274e-01,3.904560438587578730e-01,6.581492186431283642e-01,3.891254613825760877e-01,4.457901064087547716e-01,2.864828864450548185e-01,7.158907386555237728e-01,5.103847038990668716e-01,2.954306763118768608e-01,5.180077873000578093e-01,3.453569203665632914e-01,9.767520270269673954e-01,6.154679043237704095e-01,2.211420401242221723e-01,5.708345687910563182e-01,8.044038730202657250e-02,2.227219550012740912e-01,5.168097985868275179e-01,2.600386038129596789e-01,2.535529766554573405e-01,8.767570897189710388e-01,2.819316382398338594e-01,7.112562012600867067e-01,2.724683748444412523e-01,4.058668939154472799e-01,9.095246698963616039e-01,7.786919548555816251e-01,7.445932204181363590e-01,5.123343410563592215e-01
