0.000000000000000000e+00,8.455153504857262359e-01,9.396646494535718652e-01,8.948678722312757294e-01,8.212344814831497031e-01,7.980719305778544159e-01,9.462854407924917721e-01,7.044187617674835256e-01,5.165041536982466486e-01,7.842250748479837608e-01,4.371925610699642917e-01,4.177134518147284092e-01,6.475448683385571780e-01,5.718564407426361962e-01,6.620683607579540553e-01,8.866831781196756745e-01,-2.088836394709449040e-01,6.576880024654746526e-01,6.789425861568550991e-01,7.291274571006787220e-01,3.205940010159731846e-01,6.099914832447309587e-01,5.911527850020315000e-01,3.459906321249497374e-01,9.631044365139687091e-01,4.969421510223960836e-01,7.710357000220261492e-01,7.295843761429859908e-01,3.608755824576427296e-01,4.210347476097893171e-01,-1.524120773643961868e-01,9.723016328449665124e-01,4.432110502175999334e-01,9.391223549333007625e-01,6.374814337072776116e-01,6.567806691366120386e-01,3.452339251191789415e-01,2.322934013984402635e-01,6.803182746952116666e-01,9.334078709118416306e-01,1.608858319327363118e-01,9.647504867286311736e-01,9.716970050277994320e-01,4.591710840179255015e-01,7.246156449868926819e-01,4.746430191576206936e-01,2.147447701026493072e-01,9.220811447822316875e-01,8.004736295225639564e-01,7.773041586934115177e-01,5.088279081417673710e-01,6.473537041408214954e-01,7.733170532749247261e-01,6.505077923386335392e-01,9.409071998646519885e-01,9.527938857049622623e-01,4.907780629648476056e-01,9.836359701843957470e-01,9.647420304162099836e-01,9.714743215804194643e-01,3.638574671263520854e-01,7.918337057691869907e-01,2.398988376098307174e-01,7.262733781190638949e-01,9.102339690779324144e-01,4.804266993768745442e-01,4.902364028718432243e-01,6.427571717534710238e-01,4.368439000183322873e-01,9.762419447253185556e-01,7.901439262399055918e-01,6.111103215050018855e-01,4.021993927487562126e-01,3.449564609343644950e-01,7.927314525401425449e-01,6.874175169396899987e-01,4.213646186084050171e-01,9.170279869626654090e-01,2.871735875633529278e-01,3.488379886735752944e-01,9.527996570713896940e-01,9.283117421230941968e-01,6.202525494305561882e-01,5.707729714644506069e-01,6.356069015324798954e-01
8.455153504857262359e-01,0.000000000000000000e+00,9.585160760431427063e-01,5.534667210707346907e-01,7.977774116073281796e-01,2.387007245486285067e-01,2.828315495977666849e-01,3.051660904988852674e-01,6.226787523587142825e-01,6.111755163039848116e-01,2.232029146824714982e-01,4.436726294957945571e-01,5.434410680660161086e-01,7.217367535917231791e-01,7.400781488584642354e-01,-3.359515132792045833e-02,7.419305825778415020e-01,5.298391786565485040e-01,5.917380008304481409e-01,8.551914284242054798e-01,8.730010622139774412e-01,5.371739564734466787e-01,4.072775968109448863e-01,6.764212722586119275e-01,6.665918000295065760e-01,2.562447202042215100e-01,5.008731888610993277e-01,4.784496320621114407e-01,2.930135739015710117e-01,-1.962550563518472568e-02,4.302840923679331353e-01,5.702342548330743277e-01,5.340526334492289307e-01,1.374401176250039935e-01,6.315998424862541150e-01,1.214606670096973623e-01,6.455633963582188550e-02,7.923395526677967649e-01,8.927141742887784170e-01,4.476326912993048857e-01,4.214348882988094847e-01,4.583775567304892995e-01,6.853073597096497327e-01,5.191985934399276914e-01,8.667333505238986602e-01,8.872820910840372166e-01,9.245913195292118081e-01,8.879958075297162967e-01,5.182454846340948107e-01,5.785131487797869898e-01,4.744820618256200273e-01,2.627319489588912371e-01,2.374376235803610236e-01,4.398911306928718901e-01,4.723654815498096737e-01,9.237338043746452509e-01,6.943482809516080545e-01,5.015195638504181819e-01,5.406863394992539318e-01,2.398162494034939696e-01,4.618703844713071271e-01,4.625509663972380281e-01,4.081547697808064479e-01,6.649481672451783565e-01,7.348103595642797581e-01,9.958565006723063551e-01,5.814392006224263776e-01,8.171825569750743590e-01,7.198841323813578441e-01,7.345685336963266865e-01,4.945974092085981821e-01,7.445855244829588937e-01,4.082718189064932779e-01,4.689283051682998082e-01,4.452492008403443058e-01,7.605860472881740275e-01,3.820467659048046860e-01,-9.112048726463396753e-02,5.317797188460573476e-01,-1.013974038745463768e-01,6.078116186766344686e-01,8.073599872223319318e-01,9.514905196568866907e-01,-1.941584332493976606e-01,4.858799222484937452e-01
9.396646494535718652e-01,9.585160760431427063e-01,0.000000000000000000e+00,6.167795961152766626e-01,9.780793547176831471e-01,9.233588047993442904e-01,8.334370618682412912e-01,4.539343799573573590e-01,3.314483346620350490e-01,8.521906507495797811e-01,6.082805565940594544e-02,6.666799009360331318e-01,6.402136911809090947e-01,9.804881775453271331e-01,8.856294959289430224e-01,3.067792865660755597e-01,9.043330853387472335e-01,6.964892475414501405e-01,6.118355640777299875e-01,6.907381444006041038e-01,6.512341660388976106e-01,5.116933441345594691e-01,7.094048908688512789e-01,8.794178613381334886e-01,1.589773286096326510e-01,2.558813622001450683e-01,8.538364558047485398e-01,3.734084840849034026e-01,-1.196213953835565114e-01,3.117587221994019275e-01,1.612083142258671428e-02,4.689790676868512698e-01,4.291070767778262240e-01,6.423932928257454211e-01,5.852773485961468847e-01,5.714960236764935475e-01,4.245305952595447296e-01,3.933219757062219601e-01,9.494286802330090813e-01,5.084438344167033774e-01,3.042828100399290747e-01,8.587970894335346106e-01,6.104146553751267357e-01,8.062878142954080785e-01,8.087138960423220224e-01,6.269599984291037709e-01,1.501096905254029334e-01,4.502996896852951569e-01,6.228801385880330388e-01,4.919156360655840832e-01,4.692451885544299262e-01,4.000714199340099642e-01,4.125891047569692494e-01,4.276839590840396665e-01,4.097096906256290083e-01,6.272019668459501984e-01,2.442941722338792254e-01,7.465388273046664747e-01,6.483752029569022080e-01,6.336547314818706533e-02,4.927472180729995932e-01,6.647324780218911711e-01,5.734144221543839848e-01,7.942757365144852422e-01,5.407555923198476000e-01,6.785934350239742896e-01,9.288744473404925150e-01,9.219763426264255823e-01,7.879380103928543821e-01,3.342527157884022104e-01,9.715453911833624723e-01,2.878696235325466923e-01,6.286383827016785997e-01,2.152201890250351191e-01,9.239477846100959679e-01,7.457535139226845189e-01,2.823315894487572475e-01,6.047732202506156396e-01,3.342242498360868952e-01,2.941734682183290150e-01,8.236773439935215491e-01,4.976239032969115295e-01,1.850998455558675593e-01,9.777441213988471436e-01,1.345122537979589750e-01
8.948678722312757294e-01,5.534667210707346907e-01,6.167795961152766626e-01,0.000000000000000000e+00,6.604768253559440971e-01,2.975395853347398978e-01,3.629752413627648222e-01,2.155257571571034536e-01,6.114321589665038248e-01,5.579435291777083972e-01,5.229262248846465733e-01,8.439389063174116412e-01,7.440114917895254143e-01,5.372231146466692753e-01,9.298487889806379414e-01,8.980511498743106724e-01,7.504209143193352194e-01,5.373729312959101279e-01,7.878726018061127379e-01,3.579994629861993349e-01,8.745659972294897999e-01,2.577477437906005031e-01,6.056711517872196415e-01,9.274855543408875302e-01,7.784217875390724295e-01,4.094526873415728074e-01,6.877429453537555748e-01,8.070620783929427500e-01,-1.436171730734949192e-01,-1.824221602009701293e-02,1.418321078100850952e-01,5.170455486758598340e-01,6.974610117285906519e-01,7.965416272322194402e-01,6.529091607637689254e-01,1.430310094417915623e-01,2.494570685606236349e-01,5.083164880435750987e-01,8.150946370967596666e-01,4.991862250280438285e-01,4.690204541281354778e-01,9.895984603438976457e-01,7.295057758465472997e-01,3.550507738268566804e-01,8.092865285691526189e-01,7.226525979665823218e-01,7.264700031411178704e-01,1.646318902618432722e-01,6.059937392256766753e-01,4.034625812865806349e-01,5.913313023969095639e-01,6.121736942941792270e-01,8.431832573909103790e-01,1.266581518833859998e-01,4.112688300055670210e-01,2.062786760992961765e-01,7.412671969095793179e-01,7.301510253522284222e-01,5.581701286746729718e-01,-2.924673915833992943e-01,4.955789341929081049e-01,6.398365951713154143e-01,4.706668600935630109e-01,4.752976115401536528e-01,2.763618776270155286e-01,3.816340101785387073e-01,2.617886495539569203e-01,4.544395943420296291e-01,4.521439614046890987e-01,8.333699564980560082e-01,9.544778217925276032e-01,7.999120678425500897e-01,5.280456512084538145e-01,2.189613324247319508e-03,1.759492493506775168e-01,7.719379707828680770e-01,4.017208702446565805e-01,5.302016925426156213e-02,6.510122933944222368e-01,4.621485471666720857e-01,7.123777158134934062e-01,7.798116991969797906e-01,7.749614724699038781e-01,5.104539117263234838e-01,6.748503172948219220e-01
8.212344814831497031e-01,7.977774116073281796e-01,9.780793547176831471e-01,6.604768253559440971e-01,0.000000000000000000e+00,7.916697711008768845e-01,7.002756577613579170e-01,5.348673848589711177e-01,5.506222757087370079e-01,5.770594643364375109e-01,6.085125590407650664e-01,5.311266219099618491e-01,9.788498861624814751e-01,7.713644412015983054e-01,8.862355535216516200e-01,3.377345283473367488e-01,6.050063491482433609e-01,8.401001194069224187e-01,6.277547707486189621e-01,9.275255062987423083e-01,8.681476361734967728e-01,4.101275106788562774e-01,4.932123170581254601e-01,8.042950383585864005e-01,9.245241502132547362e-01,5.455624163811934046e-01,6.192161069290095243e-01,3.197120606964949929e-01,7.254625882214271737e-01,-1.931383979025095843e-01,3.565987672783771933e-01,9.361316510810598901e-01,7.094830761540144026e-01,4.224916623676963079e-01,8.095639426415381923e-01,-1.509449511631891783e-01,3.125127717073630240e-01,4.437041477087247388e-01,8.700163405666079264e-01,8.783333477085329966e-01,6.934457886536269378e-01,7.711303960438349314e-01,9.440550932183421340e-01,3.833758809776128818e-01,9.498803694246480411e-01,6.428620016699115869e-01,6.724166286838283435e-01,7.704139696751837185e-01,7.028749882659414139e-01,7.081594382475140392e-01,5.103185307793489667e-01,4.202655131600536165e-01,5.362479056672770916e-01,4.577177138828058545e-01,4.851999074710641180e-01,6.069536824161561039e-01,-1.166986684799462271e-01,6.548009342222564921e-01,8.765988517627646415e-01,6.929885622350183683e-01,2.075382705328453203e-01,4.440829217625735237e-01,7.714329603088756482e-01,7.436005867515804724e-01,4.355288129952955556e-01,6.893399893944043288e-01,5.689995989162013323e-01,9.097127166446437041e-01,4.303992809316595780e-01,8.830739996345999820e-01,3.031308388230480877e-01,9.210301122368096394e-01,3.397453397446028450e-02,6.846630704540115353e-01,1.345491361850994216e-01,3.783069255988095181e-01,2.682065558191915056e-01,5.771134223788338957e-01,-1.661323744948244308e-01,5.945750644938359031e-01,5.114646940174473189e-01,9.997556534825253749e-01,7.421291614713720897e-01,3.077149341136836691e-01,7.369437471379451932e-01
7.980719305778544159e-01,2.387007245486285067e-01,9.233588047993442904e-01,2.975395853347398978e-01,7.916697711008768845e-01,0.000000000000000000e+00,7.139039171079505364e-01,4.877838386680936611e-01,4.899450442213232892e-01,3.852793279569981522e-01,8.052103731538360343e-01,7.089581464591515614e-01,7.810528682555454294e-01,6.487699051429752783e-01,5.186503971951126335e-01,5.030612223526571558e-01,8.445128698579833504e-01,5.506245625443842995e-01,6.612220453950971022e-01,9.192347806808375266e-01,7.800083953457643826e-01,2.643717640051590489e-01,5.659475921475471960e-01,9.652323936438076402e-01,4.801983029467037367e-01,6.641570876671321066e-01,2.297958332247692914e-01,5.096708409669837847e-01,1.032959126911326131e-01,5.011438912156241932e-01,3.981704347637291530e-01,4.660322652247669839e-01,8.259515606548017974e-01,4.639653030372044573e-01,2.677987662434816452e-01,4.218734413592321042e-01,1.981964168183491803e-01,3.549327463754543555e-01,6.082262234641635512e-01,8.954660315209275190e-01,9.035098990652344619e-02,1.984005369798593765e-01,2.278185956448717520e-01,8.076852704726894538e-01,4.233777883550031707e-01,3.027903266520619030e-01,6.272651769693727841e-01,9.858043510626811612e-01,8.404054429160841277e-02,1.708636559742974237e-01,2.354160065596141160e-01,8.402179760819563636e-01,4.031403764930380218e-01,5.948234675746733036e-01,7.102186737115837589e-01,8.153181668116012970e-01,6.347554515782991569e-01,8.398389010018605938e-02,7.857732357471908236e-01,2.413554767862239880e-01,-1.123600482978898557e-01,5.343476297275251419e-01,9.592172791798667664e-01,9.299701087066054583e-01,8.350705254251432619e-01,7.342950784041254453e-01,6.859946250728782280e-01,4.835597161076536921e-01,4.299029662184218337e-01,7.615163790524270837e-01,3.619367796950763161e-01,5.350419618192800986e-01,7.551581095019521683e-01,3.950007651470698322e-01,7.463906890065193089e-02,7.407862520683381469e-01,5.013812790023299826e-01,6.139506821847929841e-01,2.325959694956503208e-03,4.088441262705183044e-01,3.491448865196565832e-01,9.798969444112420879e-01,1.648383338224315708e-01,3.925585440906801393e-01,4.096545447409866703e-01
9.462854407924917721e-01,2.828315495977666849e-01,8.334370618682412912e-01,3.629752413627648222e-01,7.002756577613579170e-01,7.139039171079505364e-01,0.000000000000000000e+00,6.297384816318790657e-01,7.817714762894222291e-01,7.013783628992648067e-01,2.396296796846962285e-01,2.370894380956928837e-01,4.341441525458410444e-01,5.592163476847414882e-01,4.782369444549531279e-01,7.264276274311179948e-01,6.478208539679545241e-01,4.991053637498835682e-01,3.626885129591314039e-01,3.280769427991516579e-02,5.337034679403015458e-01,6.852506207350492762e-01,5.204868208351425274e-01,6.686897781731927504e-01,6.307395987491731804e-01,6.944457383416786644e-01,3.307731867626486633e-01,5.465555544429363533e-01,3.064953052537687794e-01,7.866216845414639725e-01,3.104498178113623830e-01,4.237964998694487839e-01,2.543331343695554025e-01,2.452973476760940130e-01,3.347614650381313117e-01,1.755771505646505914e-01,3.890688884176524143e-01,4.358693467393801591e-01,7.961513571437889292e-01,6.214282129007344668e-01,-1.240375081045437256e-01,-5.187039250936589796e-02,4.260852367948829711e-01,4.393680802212276415e-01,5.933511327886545894e-01,6.827866959373306566e-01,5.255769604872437828e-01,6.871661205214789625e-01,3.422587691313891956e-01,5.486710063652648905e-01,3.729199008889619305e-01,6.564328886168366850e-01,3.371751218566506614e-01,2.543063107041458881e-01,4.009493349916479210e-01,2.777046199560159745e-01,4.153588621533542136e-01,9.528804125887890830e-01,3.673402988299797611e-01,7.855074984355692180e-01,2.772439040859899229e-01,5.890485106443066332e-01,6.489621354683604570e-01,9.890000350406297214e-01,7.477304968859483925e-01,5.654215055673972312e-01,3.259419626827220196e-01,3.489324538329559022e-01,5.052138161400063776e-01,7.709997055012564049e-01,5.292382792416873150e-01,4.818883590486632285e-01,2.760935902058658242e-01,2.521875300543148790e-01,4.161513545650102897e-01,7.611242739884668262e-01,5.004734887081753181e-01,4.776127147639775972e-01,6.650354236481570425e-01,5.476873678959115477e-01,7.149943630917391379e-01,7.600526443706523416e-01,3.305691419312073442e-01,2.900609004874390995e-01,5.026860208978058964e-01
7.044187617674835256e-01,3.051660904988852674e-01,4.539343799573573590e-01,2.155257571571034536e-01,5.348673848589711177e-01,4.877838386680936611e-01,6.297384816318790657e-01,0.000000000000000000e+00,2.727963655474077362e-02,5.156900267077492162e-01,4.984336176500018811e-01,2.226089715018113313e-01,8.215177925245756296e-02,7.344116910535168907e-01,2.277798557709623806e-01,5.830022504999409216e-01,8.856640182767886449e-01,2.159475219929869461e-01,2.304478375514450172e-01,9.226173166580307061e-01,9.374921225348151754e-01,7.302207939331242237e-01,4.532386254394188407e-01,1.046157088337366092e-01,3.200735459296853991e-01,2.717689649057429824e-01,6.646355803021096742e-01,3.418355324626818348e-01,6.410077014118369387e-01,5.421396654435342022e-01,2.054729857292113826e-01,4.382430316866642861e-01,4.471866708801281454e-01,7.579467264799466530e-01,7.864514778456297428e-01,5.288149684688150387e-01,1.662799642278452450e-01,6.453298252647250433e-01,5.343052530761482899e-01,6.027017383512166537e-01,5.572221635066364476e-01,5.194367225848762759e-01,6.913612923859697723e-01,4.313985816989566735e-01,9.628446714967510145e-01,7.764019026032425996e-01,4.861688605020057508e-01,8.183849759465678941e-01,6.325361750943906403e-01,7.070684325403496784e-01,2.204111514215835732e-01,3.337258120217869717e-01,5.925203403406149594e-01,7.856568709566756903e-01,7.831965369294819901e-01,9.604391334891670962e-01,2.522544526623770600e-01,2.734317621101631790e-01,2.166911058328109263e-01,5.025284143614171528e-01,4.062404303759190038e-01,7.338135552354532187e-01,2.561893008091997714e-01,6.273349081362352697e-01,7.241897994645550840e-01,7.367674586251914404e-01,5.926087744114256761e-01,7.065058791361648050e-01,4.135253748664117768e-01,5.874118278469284832e-02,4.128310856191221845e-01,6.682809349079779082e-01,2.016677966862098770e-01,1.693668569269572433e-01,4.147794443064625192e-01,5.837558952438622883e-01,2.708074354382883353e-01,6.515186333099306504e-01,6.682656525002471648e-01,5.087680703908773472e-01,1.669317767625008997e-01,7.498422390084331646e-01,4.432271544442050737e-01,4.242072652864790072e-01,2.152963926623769064e-01
5.165041536982466486e-01,6.226787523587142825e-01,3.314483346620350490e-01,6.114321589665038248e-01,5.506222757087370079e-01,4.899450442213232892e-01,7.817714762894222291e-01,2.727963655474077362e-02,0.000000000000000000e+00,9.826922658362976515e-01,6.892312762312390317e-01,6.415152027826676040e-01,9.696028645659384715e-01,8.088776370850414565e-01,4.466467852876100375e-01,5.154605132598951700e-01,7.218073406696456917e-01,6.047833904055045506e-01,2.361079467539120569e-01,4.780414198890844957e-01,9.202388691164273826e-01,5.678950548048704583e-01,7.428962479110832184e-01,7.275616821136713375e-01,7.776404760705348806e-01,5.183628342462965888e-01,7.784526511456157927e-01,5.996879651280606627e-01,4.821372118367028836e-01,5.444907689361413450e-01,2.060316431111884339e-01,2.517071387163883900e-01,5.362221835972167394e-01,6.474383239490069109e-01,8.827263435150767279e-01,6.769654750257654285e-01,1.596761711391854119e-02,7.096697997103316169e-01,8.775249008686222263e-01,2.358691055727571428e-01,2.837421032981137792e-01,6.033372946684126825e-01,3.809046228032935133e-01,4.737334911089109424e-01,8.728492061083239495e-01,8.858626100710704776e-01,4.982895891058524152e-01,9.103574167372343595e-01,7.549505122762264486e-01,4.864733498757774499e-01,2.261491662219575760e-01,8.998752053721223998e-01,6.100409618373102694e-01,2.005742739189793622e-01,5.900691233964192595e-01,9.076162321203766759e-01,2.537245864756710323e-01,9.413956142630426349e-01,4.172854897394607798e-01,3.976101808834217044e-01,5.816375165196441266e-01,4.125288385243713885e-01,3.886992065315574285e-01,8.116415626047618348e-01,8.074540584083853556e-01,6.987754179804573917e-01,4.460152046345995658e-02,8.172247524084992332e-01,3.143108014253727656e-01,8.851712133685444295e-01,9.462047177102098638e-01,6.844383045230182372e-01,5.574997861403402366e-01,3.519280192342603142e-01,6.098859966834069279e-01,2.537327017004922247e-01,6.286694400046306530e-01,2.784255150967371861e-01,4.654863513254175467e-01,9.778746525453869964e-02,3.052941985426504412e-01,7.701862967159168738e-01,5.926174494337919096e-01,5.535022013237289595e-01,2.137092927192801584e-01
7.842250748479837608e-01,6.111755163039848116e-01,8.521906507495797811e-01,5.579435291777083972e-01,5.770594643364375109e-01,3.852793279569981522e-01,7.013783628992648067e-01,5.156900267077492162e-01,9.826922658362976515e-01,0.000000000000000000e+00,6.060774525912006050e-01,4.204280498856539650e-01,6.567999863775051406e-01,8.779733165395926520e-01,7.377699025395726418e-01,8.977494384962880769e-01,4.384779341355837801e-01,6.836660485874779258e-01,3.984572286306236055e-01,2.707329467927431788e-01,8.845840633028836386e-01,4.000849242642347536e-01,4.014146381580178669e-01,8.980201347389893396e-01,7.612796154873323617e-01,4.165095133918080839e-01,4.325254962123881164e-02,6.644455797200047309e-01,2.597428703940325434e-01,4.335761552225254611e-01,1.175694406880090775e-01,7.913273372566658193e-01,3.987593759593004439e-01,7.305890003175952163e-01,7.807368269605720057e-01,5.171118615094099091e-01,9.690423232263867259e-02,5.026659249898376425e-01,4.857620256180502083e-01,6.474863424754728758e-01,6.445844190446197164e-01,7.714691906699761015e-02,1.313865288727163461e-01,8.655151161075509414e-01,6.937525858046555971e-01,7.659399174310804748e-01,8.767066748868610482e-01,7.092384983306389001e-01,4.875602674072797571e-01,3.942829047706802870e-01,5.340680824029028217e-01,7.275788370699420859e-01,8.773488219743666994e-01,9.172432309732456712e-01,4.689425266324208086e-01,6.325371404856457991e-01,9.897554468891673896e-01,6.001440612728276003e-01,8.453690734930715545e-01,4.893432854209738836e-01,3.217955251898364510e-01,5.775500045609611721e-01,7.933112199899554629e-01,7.720345888533001188e-01,7.578254990957731252e-01,5.939451896657242935e-01,5.389495800245693857e-01,9.822701299210550019e-01,4.601017534419994948e-01,4.692947458805140082e-01,2.767063675952632917e-01,7.939618696222270344e-01,1.439642292565205262e-01,4.696152637897354487e-01,5.470288559655721583e-01,2.171293774512650099e-01,9.829334494355437268e-01,3.679762489644086143e-01,4.148493156213833299e-01,2.887895680498360207e-01,5.589967704802880633e-01,9.116427586636745017e-01,2.019020858501750226e-01,2.045512186669539711e-01,9.138148487832409295e-01
4.371925610699642917e-01,2.232029146824714982e-01,6.082805565940594544e-02,5.229262248846465733e-01,6.085125590407650664e-01,8.052103731538360343e-01,2.396296796846962285e-01,4.984336176500018811e-01,6.892312762312390317e-01,6.060774525912006050e-01,0.000000000000000000e+00,8.604709607203899768e-01,6.260419223802060618e-01,4.324406576594887475e-01,6.016501179243785025e-01,-5.866975318856379462e-02,7.769708329275083480e-01,4.705388052745485550e-01,6.232101465478049329e-01,3.403405407462082310e-01,6.884813374044488343e-01,5.529742517228320997e-01,9.152441474247203779e-01,7.289652792896819111e-01,3.475291567446697205e-01,8.829055469553143132e-01,7.722954031435752542e-01,4.749830490428915142e-01,4.488274128741457369e-01,9.202072354956891687e-02,3.496559843890532093e-01,4.730805185771677079e-01,7.926816305758652703e-01,7.936120488963743780e-01,2.160863702456960467e-01,4.783183354668107956e-02,5.089003878393434377e-01,3.007484927794428220e-01,6.751943268367373019e-01,8.715881768000107721e-01,5.479806742891119020e-01,7.564296527269790404e-01,8.690755641640509621e-01,9.983179347360898737e-01,1.441716151017394532e-01,5.284302703263663581e-01,9.735495876224670164e-01,3.255323581850380066e-01,5.795000672247818674e-01,6.037813050237043067e-01,9.445961660605572963e-01,7.213425867957287130e-01,5.234530706675510903e-01,5.240300205881257556e-01,6.595370051691639146e-01,5.059364016662737384e-01,8.965152459186462863e-01,8.106743227427516407e-01,9.754505881134708511e-01,5.882676501361684407e-01,2.570790982346879416e-01,-1.281261430488666031e-01,7.443047538778697625e-01,6.136493616738103452e-01,5.956737395511488842e-01,5.147755144469128297e-01,9.516778743496573378e-01,1.643151425453317216e-01,1.441469067797196135e-01,7.176177699987721370e-01,6.894462235099639846e-01,3.994889294322836459e-01,2.447197634651789022e-01,2.638594391765222702e-01,5.983970127494537827e-01,4.281064836734781442e-01,9.708755230097378952e-01,6.685866900743873131e-01,7.236571564650787769e-01,4.500266918100677138e-01,-1.787597673093048456e-01,7.330347740260132472e-01,5.140054753001808141e-01,4.288380903914361109e-01,4.730378616700901540e-01
4.177134518147284092e-01,4.436726294957945571e-01,6.666799009360331318e-01,8.439389063174116412e-01,5.311266219099618491e-01,7.089581464591515614e-01,2.370894380956928837e-01,2.226089715018113313e-01,6.415152027826676040e-01,4.204280498856539650e-01,8.604709607203899768e-01,0.000000000000000000e+00,4.377189418998969628e-01,5.263981292406341161e-01,8.511311091479177859e-01,2.488437811659175436e-01,6.243906102272389624e-01,2.276063152193217864e-01,6.453680958474237173e-01,3.411822685859182691e-01,9.453233866473536029e-01,5.183004149962149310e-01,7.089654218507938088e-01,6.647565087583532373e-01,8.497039695417080152e-02,1.372899794073678958e-01,8.323476934074981459e-01,4.570798563670585568e-01,3.411745045900718143e-01,4.834462369115291591e-01,3.362753769295397932e-01,4.579521440387953057e-01,9.111936578321256919e-01,3.062208848946761375e-01,5.311643928389188085e-01,2.620269489370369853e-01,3.347125916589106520e-01,7.818177530406407172e-01,9.826448643624943191e-01,8.112665788577771986e-01,4.922290055211750448e-01,5.282343114045403576e-01,8.338824315832876755e-01,3.977625987381526729e-01,7.246815667590082999e-01,4.608912955347612694e-01,9.489083868781229558e-01,4.527282745716898482e-01,5.357733472997372459e-01,2.980534118073598360e-01,6.708362645599874607e-01,7.523094681365325442e-01,6.067245262084367541e-01,4.567278311196201201e-01,9.339965077684218020e-01,9.602262953309870230e-01,6.201591503693969498e-01,9.357266700137905069e-01,9.904782559046281243e-01,3.104305650948236961e-01,3.274688427505531019e-01,8.294209198008141160e-01,7.320366381335665640e-01,4.878562039590376154e-01,2.752797831516426430e-01,3.932348928544544542e-01,8.991591248290468075e-01,6.756166945827665193e-01,7.736910598766542912e-02,8.969824628531977151e-01,5.656745495406263480e-01,5.140607475923906211e-01,7.748817875690006129e-01,5.000092139344303188e-01,7.758405710710839509e-01,7.113661087038322117e-01,3.349375853198889308e-01,3.472300431470257687e-01,5.726683150259007649e-01,-2.452874768560776020e-01,7.573613785477990579e-01,7.172558088343108373e-01,5.200290054989389343e-01,3.008192985449849033e-01,6.079565273370303169e-01
6.475448683385571780e-01,5.434410680660161086e-01,6.402136911809090947e-01,7.440114917895254143e-01,9.788498861624814751e-01,7.810528682555454294e-01,4.341441525458410444e-01,8.215177925245756296e-02,9.696028645659384715e-01,6.567999863775051406e-01,6.260419223802060618e-01,4.377189418998969628e-01,0.000000000000000000e+00,8.163936432716331071e-01,6.619821550422075873e-01,7.748968326959218000e-01,4.559475679866963893e-01,7.137786867983879624e-01,6.217871323414800866e-01,6.287058993664474960e-01,3.876206203076807966e-01,4.192275651614938980e-01,6.117768834789604204e-01,5.573912266393029613e-01,5.322876884101903627e-01,5.701868305082028465e-01,9.048253021246795980e-01,4.825532963223603256e-01,1.527885100110672190e-01,2.414501367476213078e-01,5.395857918224651328e-01,9.555471071092505042e-01,8.914462848912813042e-01,5.540019065960704037e-01,7.001632368501627957e-01,1.094745076888877233e-01,2.719149521403658731e-01,7.563583824278872214e-01,9.944420401669475940e-01,3.708464105382270892e-01,5.882925889281254150e-01,7.367414798038676160e-01,8.650163374681832940e-01,8.415383645301992566e-01,9.522431945952067878e-01,6.617996562307145725e-01,9.502596604705773053e-01,8.286151542386660518e-01,8.528987975720672132e-01,8.251867546839940504e-01,2.275332825805511383e-01,8.926180253850248825e-01,5.580481565323386350e-01,9.634506647185534511e-01,8.279866403364811722e-01,5.652161066735573725e-01,7.955493807433107190e-01,9.868384749082151908e-01,4.333444209532262281e-01,6.724383021029558538e-01,2.399894481532210688e-01,7.959561066608265012e-01,4.851800641649520740e-01,5.826090666763614756e-01,7.175044822284750712e-01,7.428716543659809046e-01,7.881641089149968860e-01,4.958646220454911990e-01,4.607542912758527121e-01,8.772767816973785493e-01,5.481672118756083512e-01,5.730626082889844763e-01,5.025032549518554381e-01,6.972479173267375208e-01,6.942194893142052958e-01,4.542744562640890216e-01,2.280138183399988416e-01,7.129832594013051361e-01,6.401350780594359247e-01,3.305000226622145654e-01,6.776199883422782122e-01,7.225014454617020299e-01,6.394409838008731084e-01,5.373246989630579007e-01,9.838062555104115647e-01
5.718564407426361962e-01,7.217367535917231791e-01,9.804881775453271331e-01,5.372231146466692753e-01,7.713644412015983054e-01,6.487699051429752783e-01,5.592163476847414882e-01,7.344116910535168907e-01,8.088776370850414565e-01,8.779733165395926520e-01,4.324406576594887475e-01,5.263981292406341161e-01,8.163936432716331071e-01,0.000000000000000000e+00,8.283786060150862829e-01,4.673371680247250803e-01,2.717299073098933260e-01,7.173237899013280572e-01,4.054798789125053649e-01,9.750063790503844530e-01,5.119766060131991647e-01,7.793043077696917287e-01,7.494943184311742002e-01,6.477508334911443733e-01,6.149947483031409368e-01,7.595572539391792777e-01,8.782303442307208829e-01,9.614733588189424696e-01,3.277368435471933461e-01,3.080436963167391129e-01,9.449029304682042552e-02,4.187280140084722602e-01,1.847936304762389237e-01,7.154648970036401323e-01,5.455798809543381811e-01,2.307334041356094434e-01,5.578655599146324917e-01,5.509082113223207067e-01,6.338375935881950252e-01,3.378367524700456870e-01,5.861679956211792719e-01,9.197603077069140820e-01,9.101716698208235368e-01,6.523890397331617574e-01,6.026784624251344535e-01,8.769564119567606619e-01,4.351035577999902704e-01,6.324476444818039056e-01,3.845784236329494732e-01,9.657439768157888293e-01,5.275579962464855832e-01,4.615421893288956801e-01,5.364781216631797633e-02,8.387236777036868318e-01,7.152869204212548571e-01,7.611249261874142302e-01,7.436801508448569464e-01,8.858205270609332826e-01,7.856192624598309360e-01,5.756603492456799920e-01,4.543773881929167868e-01,5.727491936132905748e-01,9.364139187144604470e-01,2.479343285945214137e-01,8.542840512442214651e-01,3.034292093290757997e-01,8.667807730330492344e-01,8.897182181171997550e-01,2.523605656832714761e-01,9.179997719040817739e-01,8.836277872916167286e-01,8.005245617039556949e-01,4.498273362222992566e-01,4.056126342142310492e-01,5.419724432319439344e-01,4.549228427657855400e-01,7.891949793786869893e-01,6.427795216078904250e-01,1.035115853343025472e-01,1.952512722528857436e-01,6.663984241626783600e-01,2.588885214263881296e-01,8.418058264890375675e-01,6.343354057778756161e-01,5.046523406111234067e-01
6.620683607579540553e-01,7.400781488584642354e-01,8.856294959289430224e-01,9.298487889806379414e-01,8.862355535216516200e-01,5.186503971951126335e-01,4.782369444549531279e-01,2.277798557709623806e-01,4.466467852876100375e-01,7.377699025395726418e-01,6.016501179243785025e-01,8.511311091479177859e-01,6.619821550422075873e-01,8.283786060150862829e-01,0.000000000000000000e+00,7.249734107882588319e-01,6.837965020586440623e-01,7.029363597066126124e-01,6.922652218094311749e-01,6.084211265356318510e-01,9.249915470810371465e-01,6.943314038462933269e-01,8.003098666311949660e-01,8.857950660373128393e-01,7.481171780966833218e-01,7.053335674469417560e-01,9.071001021289692989e-01,5.507452299378461369e-01,4.770453114941300421e-01,-3.310455245459578699e-01,4.412401298769667579e-01,7.437882628615664071e-01,7.709589093020432493e-01,7.066750888116487550e-01,4.765380461463530337e-01,5.056186765634906877e-01,4.273461263731703763e-01,7.398648598518136055e-01,4.933891605329915886e-01,9.464074561843398570e-01,2.269055494579852172e-01,6.731020583128031198e-01,2.983752119834646721e-01,4.582289923348685790e-01,4.689087205502585620e-01,6.191043866501888537e-01,5.289675130597840669e-01,4.459517079425620034e-01,3.364824488512033751e-01,5.109446935013711721e-01,7.491218988288377012e-02,5.027269578197731681e-01,6.695154865634477259e-01,7.904011800581244307e-01,3.842934146050399069e-01,5.980874157699184179e-01,5.441942455092394493e-01,2.753986696351298780e-01,3.038352025184386518e-01,5.371163509143559445e-01,6.814805813276729740e-01,6.478604972642918458e-01,7.674066492609983303e-01,6.963203770188585162e-01,3.434942919255103422e-01,5.947430461889359199e-01,3.150423335294626481e-01,7.901574426421785757e-01,7.419369869940952711e-01,6.051083468421123435e-01,9.200411828659811331e-01,6.204247314416573289e-01,4.886028847639251604e-01,3.197595689345757997e-01,6.821331734269637792e-01,3.704734681264091334e-01,5.069153772877404984e-01,9.839032572139626565e-01,4.810631919474844809e-01,1.104940039272174074e-01,3.371613511000245422e-01,9.646043284229905979e-01,8.913565538832031176e-01,3.726551969029276989e-01,7.968697883924897862e-01
8.866831781196756745e-01,-3.359515132792045833e-02,3.067792865660755597e-01,8.980511498743106724e-01,3.377345283473367488e-01,5.030612223526571558e-01,7.264276274311179948e-01,5.830022504999409216e-01,5.154605132598951700e-01,8.977494384962880769e-01,-5.866975318856379462e-02,2.488437811659175436e-01,7.748968326959218000e-01,4.673371680247250803e-01,7.249734107882588319e-01,0.000000000000000000e+00,8.431239973965029000e-01,5.769567738227638909e-01,7.997548353157155621e-01,6.164216740989622023e-01,6.709998533602843374e-01,2.387660421932281118e-01,8.204778685105245106e-01,6.719013835411915547e-01,4.674605510041788259e-01,6.602703696142661061e-01,9.954952188390849832e-01,8.305581828218928653e-01,4.837366441246996329e-01,5.681718073721838680e-01,5.540792944238673856e-01,7.791306988660025024e-01,4.080305200205630589e-01,1.276502876326697337e-02,3.366990631732173500e-01,2.092971371154293131e-02,4.981954610446883702e-01,7.528354484541290859e-01,6.372966287316927936e-01,7.398055383286508135e-01,7.227816973201977024e-01,4.056879117963959613e-01,6.447388818779791197e-01,8.485690695216269175e-01,7.238581244525195135e-01,5.431384352483954459e-01,5.951567091784624175e-01,7.812741731350387742e-01,5.760971103332618304e-01,9.154024291362333754e-01,3.531109704781781322e-01,4.907176162847080025e-01,6.248035392923660947e-01,6.593664291092239393e-01,6.431337943856575423e-01,3.117409614745023649e-01,3.735070825667164973e-01,6.018325485327012947e-01,7.919014379617987931e-01,5.215577364371006830e-01,4.364208741865795993e-01,5.786923912398581060e-02,6.879145630568735958e-01,8.604007074836775848e-01,6.384894386130202104e-01,1.494630278210594687e-01,7.349762801202467388e-01,8.881332067155088827e-01,3.950215538714663133e-01,5.127809039690143234e-01,7.614261333826135569e-01,5.207924534380573567e-01,7.537915710898451804e-01,3.944456676751082469e-01,2.650809911326605373e-01,5.886025407352423189e-01,9.441441230716615118e-01,6.398616408276860401e-01,1.088205207690709636e-01,4.844695364804454396e-01,2.108563777494621427e-01,9.783439112063420096e-01,6.152470630687655317e-01,4.613915543532021157e-01,7.472419222963155860e-01
-2.088836394709449040e-01,7.419305825778415020e-01,9.043330853387472335e-01,7.504209143193352194e-01,6.050063491482433609e-01,8.445128698579833504e-01,6.478208539679545241e-01,8.856640182767886449e-01,7.218073406696456917e-01,4.384779341355837801e-01,7.769708329275083480e-01,6.243906102272389624e-01,4.559475679866963893e-01,2.717299073098933260e-01,6.837965020586440623e-01,8.431239973965029000e-01,0.000000000000000000e+00,3.080991619937031301e-01,5.727057437405146390e-01,5.387372355193917883e-01,9.727991454066380328e-01,9.836049165920831561e-01,5.541083610920123359e-01,3.520963728159898221e-01,3.441868450658280842e-02,6.242963997875157212e-01,8.240150781432474814e-01,4.650874471480799244e-01,1.254866585670208479e-01,8.887131971632820926e-02,3.463328401523091404e-01,2.956082634380764462e-01,4.722202938912321013e-01,6.917845318835793567e-01,8.961767576034513905e-01,3.775833236211511013e-01,-2.821881889172114799e-01,5.049192437108375175e-01,7.857891924434189379e-01,7.144494731742865312e-01,2.171240671863195193e-01,2.056890457786746118e-01,4.461751685065712958e-01,9.821269322135720570e-01,9.308921736186647200e-01,6.116177165796721216e-01,6.204692434607002038e-01,5.182799870524336106e-01,8.452290633613774862e-01,4.104772266368145184e-01,6.132958161615116310e-01,9.546747054395032794e-01,2.331394146238268406e-01,4.685061750189795649e-01,4.485720749742904689e-01,9.880964969646117702e-01,4.779903516311662104e-01,5.477280020546954065e-01,1.542394909766797162e-01,4.113432431184155802e-01,4.096570203290944567e-01,6.530670590782002849e-01,7.956530851662035886e-01,9.675098911134181190e-01,7.028466235608062940e-01,4.071395075547239450e-01,2.474363174549395750e-01,2.250057623138459473e-01,5.981659801218696115e-01,6.679678197188149147e-01,7.475710202465517540e-01,5.678804812731982343e-01,6.633164611393319587e-01,6.163878569292011722e-01,9.771885433760021389e-01,9.839008198150621665e-01,9.185140049041159438e-01,2.354715897886049958e-01,2.313340293002828785e-01,5.049329642524291728e-01,7.238986124591872962e-01,4.045272760203818541e-01,7.806424972610668256e-01,6.587550636281550021e-02,5.326323476752475861e-01
6.576880024654746526e-01,5.298391786565485040e-01,6.964892475414501405e-01,5.373729312959101279e-01,8.401001194069224187e-01,5.506245625443842995e-01,4.991053637498835682e-01,2.159475219929869461e-01,6.047833904055045506e-01,6.836660485874779258e-01,4.705388052745485550e-01,2.276063152193217864e-01,7.137786867983879624e-01,7.173237899013280572e-01,7.029363597066126124e-01,5.769567738227638909e-01,3.080991619937031301e-01,0.000000000000000000e+00,6.054173591008880084e-01,6.800902702741888906e-01,5.067148904744550597e-01,7.275003431039183122e-01,4.017279091887228648e-01,2.954315514261405817e-01,-9.395315383157493150e-02,7.375767148438595600e-01,8.159491686819391187e-01,7.104381524756816502e-01,1.149266653566684698e-01,2.255731424159957144e-01,2.524782607202092355e-01,5.862701519968626096e-01,3.438122894713744326e-01,9.307573506999324842e-01,5.596915650340072990e-01,3.133319449468439655e-01,4.087644224446579377e-01,8.209691178580686977e-01,9.739329883217403561e-01,8.960485231944894657e-01,-9.086550247960920035e-02,9.395475297765735201e-01,7.729945104497941699e-01,6.567233190019479139e-01,9.234042198242535804e-01,9.091467251403898553e-01,6.565606770449737839e-01,7.343813603254117917e-01,6.612243658900904819e-01,6.951392003886313065e-01,6.125750589904888077e-01,3.909580526174306625e-01,5.958685968682745360e-01,4.286518547990822436e-01,7.441113852273171236e-01,7.644174760296057469e-01,8.957168241256352470e-01,6.392769095222949893e-01,6.444436890418403507e-01,5.587324259795662940e-01,4.685420698309878951e-01,5.826725796638067001e-01,5.902151783211779801e-01,9.213336374336290602e-01,2.213452359111550138e-01,6.749180362196481875e-01,2.379525084257276268e-01,8.828965790713638739e-01,9.101578705285669202e-02,3.666399396804576050e-01,5.959456105237372903e-01,8.273872551139039855e-01,2.862577555430235732e-01,7.723712064665230193e-01,9.619771738287291596e-01,3.674852631364500244e-02,9.388156354106450552e-01,6.240822468001737677e-01,3.273467337512555586e-01,7.858077127106941617e-01,5.918280800315085521e-01,9.688299040678149954e-01,3.797109465669253892e-01,4.423012964415533044e-01,5.364406307079332414e-01
