0.000000000000000000e+00,8.527216156512538170e-01,6.833366182147057044e-01,8.940187369940809647e-01,6.580773438833258382e-01,8.604677407044137860e-01,7.670214631704850294e-01,8.370370670245915745e-01,4.255297738544415176e-01,3.909347302496898324e-01,4.521918661359258795e-01,6.133150001907887727e-01,9.158493969742980134e-01,7.171299057372294561e-01,6.076601336568119294e-01,8.702091433582128666e-01,4.111929329954588375e-01,9.593656128897978252e-01,7.785009219097236421e-01,7.038432620079380087e-01,9.333616279116465630e-01,7.075138433694048157e-01,8.837455471960862230e-01,8.246964777350158649e-01,6.581356609100673660e-01,8.327698393668248739e-03,6.062296737244387002e-01,8.301227506915934695e-01,5.599573601313155846e-01,6.357127597619671722e-01,1.855425208694241532e-02,6.773863428561333055e-01,8.123057010250038790e-01,4.868501749218249186e-01,7.360672609487727280e-01,2.701537501140027775e-01,5.667458508565010877e-01,8.693690069176951418e-01,7.277312349839236694e-01,5.050425169427933403e-01,7.861948758015038230e-01,3.154330938141920448e-01,4.092520429602090615e-01,4.633774517211715072e-01,8.325934046918566089e-01,6.842733359963608653e-01,7.445739926386354401e-01,8.575066894785206006e-01,5.703454103482328286e-01,7.843341669547737594e-01,5.494279996247064535e-01,5.194413939618569565e-01,2.394294180476810030e-01,6.211817684075869872e-01,6.889294155442937662e-01,6.762344952675494181e-01,8.189994289742217326e-01,8.584661778746960348e-01,9.632634458858392312e-01,6.620553439171264487e-02,7.780794929683075845e-01,2.224378594654836949e-02,7.302179295456252550e-01,6.245664385007952957e-01,5.352782539913123472e-01,2.093442921526224576e-01,7.750042513042673109e-01,7.811683932957638188e-01,8.974541518337053603e-01,4.575461046345302152e-01,9.176563624136835351e-01,6.892334591779409880e-01,5.727358892145449909e-01,3.241860423566095828e-01,9.669323675656101846e-01,6.136908750556311354e-01,5.591818437862985380e-01,6.465457089122189638e-01,-1.807995670581009628e-01,3.040636021294370051e-01,6.111731411954227644e-01,9.597581923860326603e-01,1.251432363399008207e-01,3.715615124554856319e-01,4.871203385538169228e-01
8.527216156512538170e-01,0.000000000000000000e+00,6.801961182708392561e-01,7.420868472800170590e-01,5.716454067347107593e-01,6.821750837024117553e-01,5.997144819385886727e-01,7.927185071882956180e-01,6.238076900917496337e-01,8.462004303639323322e-01,3.491059347261450396e-01,5.677118040657778142e-01,7.283925363219436733e-01,2.406481913966495578e-01,6.555020809162961370e-01,5.712580853052205976e-01,8.990184546009101219e-01,3.300173196226283689e-01,7.434295131398460654e-01,9.143624686333793328e-01,7.218820197626150126e-01,6.662719723278068829e-01,8.231255168244864251e-01,9.060292342514632002e-01,5.795484067387365323e-01,3.097773198159006758e-01,8.862850078358559536e-01,7.479734059289717685e-01,1.885679373742041864e-01,1.478285620979709891e-01,3.638633008930288737e-01,5.438145070751416732e-01,3.357536116787387948e-01,9.014284938601828667e-01,7.630845864501789588e-01,-5.753131701997107883e-02,5.866103604752583855e-01,6.420521042299291992e-01,8.993798781086086436e-01,6.406079354187463881e-01,4.362125832974013406e-02,8.621624352076726616e-01,7.549723332842585011e-01,5.323895580519427684e-01,6.146226601046148597e-01,8.906871752898917194e-01,9.321643513143118565e-01,4.488101504560260135e-01,7.377177233600807904e-01,7.324410039077090540e-01,4.340819863112702071e-01,5.258706983816014979e-01,5.726699518076424633e-01,6.902620929835625585e-01,9.154234486433143747e-01,7.634443402674278012e-01,5.745153408999779110e-01,6.580592796677868783e-01,9.487809591297617917e-01,6.811442705364048056e-01,7.207533387723745466e-02,8.491706314419413815e-01,6.284659842919446682e-01,6.557736827753070097e-01,6.119166171242843566e-01,7.623965961423810889e-01,6.149493849571353588e-01,9.340088085914731719e-01,6.570663821376128144e-01,5.053894458801443390e-01,5.072788333748332601e-01,4.908767325906406298e-01,5.286592276578830352e-02,1.263940298300697818e-01,5.621694171698081721e-01,8.368410214128749747e-01,4.781876978971631442e-01,9.376044272983177219e-01,5.117688784030502980e-01,3.739488048525309027e-01,7.262909129663592811e-01,9.706185203099043646e-01,8.560937782529134399e-01,5.994145597483435672e-01,2.890251935530695482e-01
6.833366182147057044e-01,6.801961182708392561e-01,0.000000000000000000e+00,9.054755905395723836e-01,7.996399778330696151e-01,8.354211252218018968e-01,6.338536748318776004e-01,6.944312246466911587e-01,4.680229166653157580e-01,8.526403944487168651e-01,6.270775464172849700e-01,5.805198303081441358e-01,9.564666788989423241e-01,9.036280999958596905e-01,5.503178385451985566e-01,8.812374543618958223e-01,7.149422596319991996e-01,9.762916837135248160e-01,8.664453192610919174e-01,6.322224870832289234e-01,6.480919327425626042e-01,6.100940034381061583e-01,5.378834325406547379e-01,3.605193168481242161e-01,5.920316512554815169e-01,6.922216420602916864e-01,8.168697876776549460e-01,6.498739696992689163e-01,2.244774771779890488e-01,6.088037399335499700e-03,3.218396516158166243e-01,2.164881401416280382e-01,7.538394800110215233e-01,6.612713695047872653e-01,9.391895738662220383e-01,7.766319391669430222e-03,1.165361841812083271e-01,9.600690863229630612e-01,7.818871657004314857e-01,7.837270413290122750e-01,6.633073848537263117e-01,4.129755809318170212e-01,6.301032862361404252e-01,9.116153818904429995e-01,8.358341872271697337e-01,6.131593833276623995e-01,8.193959556272637501e-01,7.418001230224697817e-01,9.458531660433638910e-01,6.239988348174068111e-01,9.209289747423379247e-01,7.590736319579068914e-01,8.943208588900942724e-01,6.098073516875466282e-01,7.581521064712252178e-01,5.766609381692654468e-01,8.336299348359726968e-01,5.543671018581268761e-01,7.556634885188331374e-01,5.153890643750117517e-01,3.636438156961937507e-01,4.247743612119385115e-01,5.221474269403483248e-01,9.902523806928967831e-01,5.272278697808718828e-01,6.659242077377629521e-01,4.175042369494991190e-01,6.639717901350019602e-01,6.903044870295217406e-01,7.509072254813456970e-01,7.137294584598231628e-01,9.615860504774862427e-01,6.420235546864762055e-01,3.896023536241196017e-01,2.355045913969278093e-01,6.045761565241807300e-01,5.637578641088262232e-01,4.983959930363388025e-01,2.474955040932295958e-01,3.419234825784743803e-01,2.814659905003515372e-01,5.864243281573648936e-01,7.773733866017581429e-01,8.265743010059392049e-01,4.945247701606064750e-01
8.940187369940809647e-01,7.420868472800170590e-01,9.054755905395723836e-01,0.000000000000000000e+00,9.224111103075847140e-01,6.215385006786912081e-01,7.153860056017388169e-01,5.145234333328224663e-01,7.390573689401703783e-01,4.839839532357594343e-01,7.804827328454470026e-01,4.043759061676485689e-01,2.047842026393682791e-01,7.129284831656097499e-01,7.435031198025415788e-01,7.407865642586830557e-01,7.084847591601340921e-01,4.896484684784119246e-01,7.202161701341244227e-01,8.253602531207329118e-01,8.225754267130634956e-01,9.373511102465300615e-01,9.657731631592061383e-01,2.194535993934363938e-01,2.384157155343986090e-01,2.524656174999988512e-01,4.488382872979160831e-01,7.685589478159381427e-01,4.625569948731307335e-01,6.216077958148763516e-01,4.663254157473388783e-01,2.575416859040456363e-01,4.428127617236554681e-01,8.052998525989973899e-01,1.685448227368488427e-01,3.290848519874622902e-01,6.847560011787104384e-02,5.688267926066201685e-01,7.531996757978161039e-01,9.161189811867123112e-01,4.881570521115389250e-01,5.895128160169440523e-01,6.322411479023587466e-01,9.686565243996358987e-01,8.165364487281745465e-01,6.336433178631749596e-01,2.045719827951293368e-01,3.037308781997108964e-01,7.964727326026201926e-01,9.102111501775596025e-01,2.416506459341508095e-01,5.566278093579960506e-01,6.302668882714255183e-01,8.366173335875382033e-01,5.533692946559373160e-01,4.365341515270032557e-01,9.846772689238740828e-01,9.462004977803952777e-01,4.172157913376631777e-01,6.282722561385986060e-01,7.277857587360483937e-02,7.307838679196178022e-01,4.159899944749639866e-01,9.760892792620006198e-01,9.536400655997974152e-01,2.112541605731844963e-01,9.021343125110715677e-01,7.326214677505874517e-01,6.695022934027587969e-01,3.142741100901162987e-01,8.337799160512447960e-01,7.565474695516194448e-01,2.116947705933523438e-01,7.735665075932900425e-01,1.308635826819935510e-01,7.413787850973740934e-01,8.504308923681423993e-01,4.162341069608912481e-01,1.936367009852286158e-01,6.096748248105549051e-01,2.864545862010542399e-01,9.441968632960893171e-01,8.751153173322765433e-01,4.232051017774173807e-01,2.337129333791542196e-01
6.580773438833258382e-01,5.716454067347107593e-01,7.996399778330696151e-01,9.224111103075847140e-01,0.000000000000000000e+00,5.315684598724395027e-01,4.020650385081855349e-01,5.631295429497331639e-01,5.607950694672104719e-01,6.916503013966955882e-01,7.836984645805330496e-01,7.910123360287493188e-01,9.390516620371874845e-01,4.209212731327875434e-01,8.434893863873575981e-01,3.508301409369192769e-01,5.548266719418883941e-01,6.167975088758650415e-01,8.268538167168314468e-01,9.557958828228457770e-01,6.547681486945803320e-01,4.432590671313250685e-01,7.459199932106532760e-01,8.910525040787729001e-01,6.181288117398242576e-01,6.672998470747888433e-01,4.261407046068124149e-01,6.691216160841033656e-01,8.303279025403577096e-01,5.282264244763036354e-01,3.558936869500177735e-01,2.222178771386603136e-01,7.628058265284987094e-01,6.149904959448246888e-01,6.662476125442086117e-01,3.309609296365074727e-01,2.134226510656684894e-01,3.840879774882283160e-01,6.999484600667638112e-01,6.878274775983237443e-01,6.651720666765373879e-01,9.091637815366719888e-01,5.006724775620312595e-01,9.394788504396524020e-01,7.933821518453769706e-01,7.083077010661343875e-01,7.346344660930373971e-01,6.049234302227681770e-01,6.617058613410683465e-01,5.141965034745651364e-01,2.785005246108056554e-01,6.406423999628640953e-01,8.961488408150557472e-01,5.992875058394641075e-01,8.833046015558860820e-01,4.501961601816973357e-01,5.627317351788102551e-01,4.886803365790958198e-01,7.092040252235045639e-01,4.356281001868954617e-01,6.376172659029858414e-01,7.040724944951932684e-01,7.693981691240090459e-01,7.955006649139424457e-01,3.790013273856325249e-01,4.616170771794844696e-01,6.506536219055367720e-01,5.778390887913466001e-01,6.416486367940671398e-01,2.926722776127374526e-01,7.687470536622065254e-01,9.272078856281473769e-01,7.488689997754682803e-01,4.032001819945933985e-01,3.394139228766656080e-01,5.594098824264313041e-01,6.024556431221765873e-01,4.427744120223767732e-01,7.482631058798181467e-01,3.930150411794315346e-01,6.777217138321451895e-01,7.225986492847850107e-01,7.290919288537952569e-01,4.074158780286970538e-01,7.447366327448650125e-01
8.604677407044137860e-01,6.821750837024117553e-01,8.354211252218018968e-01,6.215385006786912081e-01,5.315684598724395027e-01,0.000000000000000000e+00,2.075798075021246247e-01,7.466354698380511801e-01,4.997852374913981377e-01,8.018754904846578935e-01,7.218572234806456267e-01,7.507313010378413587e-01,6.522914734220435218e-01,6.772147510769344070e-01,3.952142298962295630e-01,5.813540015765339408e-01,7.942025911052492670e-01,5.379257195684187254e-01,6.000789197619500470e-01,6.387131381853236034e-01,8.455475730446015969e-01,5.458039513827015465e-01,6.119311289896685047e-01,8.976160347827034647e-01,6.203666057725496508e-01,6.398335331051484554e-01,7.241587932722231002e-01,5.276491549717570173e-01,7.710338161289447267e-01,4.278672946394151966e-01,6.491908405621658884e-02,4.821360842566514981e-01,7.264115168557074842e-01,5.793639188446668697e-01,4.052310343300873918e-01,5.221347903004770474e-01,5.939658450046225724e-01,4.861301852498848275e-01,6.616549548678852810e-01,6.948981677274913560e-01,5.284572604271363661e-01,6.871646595185955109e-01,3.863514828455402172e-01,4.382511803500808711e-01,7.631720926540854766e-01,4.452633988882612193e-01,4.889743641529983309e-01,7.214802546388660032e-01,5.494989847945606076e-01,2.068864485639667627e-01,5.252463362550225945e-01,4.389513613634131173e-01,6.793414176106036262e-01,7.595025445900414063e-01,6.097444559565919908e-01,5.882798649212686026e-01,4.926127481276210140e-01,2.207404401622852230e-01,3.759646316589757564e-01,5.862377407620307235e-01,4.512784315202239549e-01,7.818434210944231744e-01,6.264871484657676959e-01,7.644276881944427338e-01,8.002697452416543955e-01,6.963575535055027688e-01,5.041329500357838445e-01,8.567512073516393434e-01,2.709962307011310467e-01,6.254915248007606454e-01,6.023941284330456281e-01,7.430276491475977796e-01,7.298652127844642568e-01,3.943021508975916994e-02,5.540998516209355573e-01,2.655176717202443748e-01,3.404605183161708570e-01,2.468809212572798395e-01,3.237330761682008506e-01,2.016263436158154121e-01,4.371872247106952658e-01,5.372778727319109660e-01,7.516711212925659968e-02,1.371965008438129699e-02,8.279102317844138081e-01
7.670214631704850294e-01,5.997144819385886727e-01,6.338536748318776004e-01,7.153860056017388169e-01,4.020650385081855349e-01,2.075798075021246247e-01,0.000000000000000000e+00,2.148016332838466602e-01,5.305668655993307503e-01,5.577646141006352698e-01,6.254395202861930958e-01,5.000136559866100727e-01,7.651687788544233593e-01,5.130108961046366822e-01,5.379099598869183652e-01,6.425015921924945861e-01,6.758107352747309005e-01,6.007343904556767811e-01,2.134384515520406853e-02,5.545012561572851828e-01,7.137832343528719425e-01,6.305023088085651706e-01,6.319125481908614006e-01,8.249991070893049061e-01,6.245046852925413283e-01,6.224955492325986439e-01,9.893885693846496965e-01,3.773315259656460086e-01,5.533128829435146612e-01,3.559007866908592277e-01,3.400460539756401390e-01,3.644391811015229576e-01,2.546761953688364000e-01,5.772765503518313412e-01,4.134096270889401348e-01,5.696718190319230990e-01,5.018045765090031196e-01,4.780361629774664833e-01,6.863896892288160467e-01,6.102290980183128211e-01,2.783642338500319502e-01,7.337142293353939859e-01,8.102385328681340759e-01,2.379723743250124479e-01,7.386996540643888665e-01,4.602800089918214765e-01,6.475584316215504677e-01,4.489299272413820319e-01,9.973014531376858116e-01,7.746736110041875234e-01,4.821698831999000623e-01,4.243336241014997734e-01,5.362695464783382437e-01,3.232137654374038771e-01,2.553684246459143603e-01,5.722998554353833089e-01,7.317860287831315924e-01,7.089877954591764508e-01,9.490624450217868269e-01,4.835906978008814305e-01,3.418267651375722638e-01,4.274966949140391326e-01,7.719438496198168798e-01,7.173710620888595901e-01,4.015880653727618155e-01,4.429654538300033528e-01,2.584439335901169699e-01,1.931678123992638663e-01,8.065721754187625825e-01,4.446564047499093064e-01,5.105897442286486676e-01,6.760516036272596896e-01,5.460617232862852166e-01,1.719371732923253779e-02,3.865704100179410130e-01,6.726055984693761758e-01,7.308528608990498832e-01,2.244950304011333053e-01,8.576625920435983208e-02,4.949834751346469108e-01,3.752471248064123133e-01,8.916992575199351734e-01,5.489170905361894226e-01,5.202131374055536384e-01,2.502374596041369026e-01
8.370370670245915745e-01,7.927185071882956180e-01,6.944312246466911587e-01,5.145234333328224663e-01,5.631295429497331639e-01,7.466354698380511801e-01,2.148016332838466602e-01,0.000000000000000000e+00,3.481052605066354833e-01,6.846065341223875889e-01,7.301207948724733332e-02,1.037833025481517818e-01,7.630148625266590656e-01,3.665514467639654494e-01,6.728411379307105422e-01,4.728016092639819035e-01,4.941303062826495340e-01,6.485360918988587464e-01,4.067470894177809271e-01,7.723105245514041428e-01,6.850836292540654071e-01,6.164239857139467427e-01,4.140520804372538333e-01,3.326878973564397768e-01,5.369527277373565832e-01,4.538875324365911346e-01,5.076921405353197470e-01,7.649578033373478636e-01,4.341586524361395472e-01,5.981812955451131231e-01,5.779398569997467039e-01,4.366634897176332464e-01,4.951266634458542648e-01,2.541657151017984173e-01,6.082186392981460132e-01,2.026891203194760849e-01,5.626689011314266464e-01,3.470060262347697266e-01,6.618164809419151418e-01,7.230343119366277049e-01,9.714512495848370843e-01,2.982573563723255883e-01,7.750345436488146333e-01,1.634529572490903693e-01,9.061778921581802315e-01,4.150743874092721053e-01,5.156047190679189374e-01,5.618648442963356526e-01,5.784453278430932155e-01,2.398915559070030901e-01,7.052405900663842875e-01,3.598082912332234429e-01,3.049344662973617059e-01,6.506635072591635538e-01,4.287387233637814932e-01,6.857193334638395088e-01,2.297684226283253917e-01,6.930721045357485233e-01,8.211893278788801043e-01,6.018993509851983115e-01,7.288761550747864248e-01,7.198270941737646700e-01,5.142462381043048092e-01,7.922428404970223159e-01,9.675121140942994913e-01,7.723764761991585015e-01,4.491629061170912540e-01,8.729306417080873182e-01,7.698023976785335343e-01,4.599638793764516675e-01,7.953834622187329062e-01,7.548557890277683979e-01,4.937021960927043956e-02,3.970294893776145084e-01,5.687329737731905421e-01,5.228203427320802232e-01,9.874200164200689356e-01,5.911771095405429222e-01,3.677617234856271899e-01,7.270266523933024971e-02,3.463203941324748403e-01,6.462088048832861364e-01,6.374686383451082516e-01,1.583797324660467798e-01,4.905927149815149102e-01
4.255297738544415176e-01,6.238076900917496337e-01,4.680229166653157580e-01,7.390573689401703783e-01,5.607950694672104719e-01,4.997852374913981377e-01,5.305668655993307503e-01,3.481052605066354833e-01,0.000000000000000000e+00,5.218968616472673405e-01,4.613095251615429992e-01,4.985020041131507651e-01,3.190165807089851424e-01,8.053421912594597165e-01,5.594752215284248820e-01,3.324294958444543591e-01,6.840200667184701544e-01,7.000848455612238563e-01,3.076513177458304327e-01,7.412433501948205716e-01,6.056977509428538298e-01,6.775735550673379626e-01,7.628190642026533297e-01,6.891088318550758762e-01,2.748415241397335618e-01,4.488172153362717798e-01,8.526938586149014343e-01,4.973906666699302037e-01,7.931245167080880343e-01,2.965818690341555652e-01,3.717295242323195303e-01,2.234122102235294727e-01,7.872589924736205225e-01,6.873860534489115715e-01,-1.405901142979191498e-01,2.015393568771793598e-01,3.377570779142122781e-01,2.679421117278611431e-01,6.800266212539743949e-01,7.871482831184386519e-01,7.063975708118019892e-01,5.188377502086117810e-01,2.333277631709799460e-01,1.922740188318927766e-03,6.876971841675834085e-01,9.664020196593359202e-01,6.968745556255172557e-01,2.707430854302033674e-01,5.954431146725946977e-01,2.883923696250745294e-01,7.745947347619325241e-01,5.304609294674331732e-01,8.869107572750880575e-01,7.818246309213636724e-01,6.469597007321979953e-01,9.294018672002681836e-01,7.661437283050968050e-01,4.565486997918183354e-01,5.186860022082591115e-01,2.526651207864171189e-01,2.071887415965049384e-01,6.639476559250198084e-01,7.411388646345962172e-01,6.515344930238566867e-01,4.913139605725984627e-01,1.531492900657416001e-01,4.695565428488858162e-01,8.270322750187587557e-01,4.339296252748319205e-01,5.331574520559216879e-01,8.049264121409631656e-01,4.939424650680698803e-01,5.541998175479573296e-01,5.658626585082038307e-01,2.434885670581361516e-01,5.334813501353973253e-01,6.399690459875807536e-01,6.841024462711730036e-01,3.144138164630654875e-01,4.039387333676844882e-01,-2.017189281699886538e-01,9.391234632043126140e-01,4.372171531228011276e-01,6.348851001105801917e-01,2.251400390930269890e-01
3.909347302496898324e-01,8.462004303639323322e-01,8.526403944487168651e-01,4.839839532357594343e-01,6.916503013966955882e-01,8.018754904846578935e-01,5.577646141006352698e-01,6.846065341223875889e-01,5.218968616472673405e-01,0.000000000000000000e+00,6.417753877118519412e-01,5.472381966823340882e-01,7.863425960124011960e-01,5.490531314530948670e-01,3.210926587029598878e-01,7.610834555047804040e-01,7.043238930784523344e-01,3.005041703826977217e-01,2.003711881084636881e-01,4.989176013876430726e-01,8.489660201335814671e-01,4.385880337151462638e-02,3.193033905784952164e-01,7.198778508171289614e-01,5.278619756574259858e-01,7.852805367692941019e-01,8.221003010050880189e-01,6.135593891790012133e-01,3.963388201997036786e-01,4.957474508122731160e-01,3.526036452684806477e-01,7.061236766952974087e-01,7.099712507503077585e-01,9.189665293292904602e-01,5.898011480525167105e-01,6.765363542293940935e-02,5.092670928397541319e-01,4.423145673992404103e-01,9.825740218254593872e-01,7.529382270914849462e-01,3.406847557883143085e-01,8.904845689369690342e-01,5.680892159257245888e-01,1.016645742796448704e-01,8.309600776222921814e-01,9.079631060526288655e-01,9.732400641429372889e-01,5.206067404805403420e-01,4.723266689768244597e-01,5.622982666264363383e-01,7.367625127523973472e-01,9.728464983946734090e-01,7.429387431066044600e-01,7.447144158238903078e-01,7.676305302846425649e-01,6.295477180849765597e-01,5.461550539535383608e-01,8.983615379272971158e-01,8.100972098716452408e-01,7.797650046482453856e-01,5.799772378265034556e-01,8.672134410291867379e-01,4.802252851278054901e-01,9.724646159447171145e-01,8.549031045710819843e-01,4.144382210731038518e-01,7.788347222497207234e-01,8.824050566540576623e-01,-3.586502954680981237e-02,2.762399800414442885e-01,7.276653649477937691e-01,6.719730922783603289e-01,3.857113798090335832e-01,2.361066250394001642e-01,6.670692019084832891e-01,6.343805676993573561e-01,5.258105528525908179e-01,1.966430968811707092e-01,4.212978124559840221e-01,2.682651451471781412e-01,6.530186186398897474e-01,5.564378219930206093e-01,4.502232529303454300e-01,5.864633997760129169e-01,4.478780446913988023e-01
4.521918661359258795e-01,3.491059347261450396e-01,6.270775464172849700e-01,7.804827328454470026e-01,7.836984645805330496e-01,7.218572234806456267e-01,6.254395202861930958e-01,7.301207948724733332e-02,4.613095251615429992e-01,6.417753877118519412e-01,0.000000000000000000e+00,6.630463111100814988e-01,9.606262084279477698e-01,6.034548973668734106e-01,7.672630220932167289e-01,8.080320436693596564e-01,7.701800470813388033e-01,2.822448185684721667e-01,4.907897535176773962e-01,4.503814047975503998e-01,7.586663649985904145e-01,4.922612801773045277e-01,3.487690786021646616e-01,8.511786256801768813e-01,9.244358579610768567e-01,9.411836992393951551e-01,5.807133624735917321e-01,6.238089846631835744e-01,6.752814167797688283e-01,3.406957697333434787e-01,6.322853301682120897e-01,5.890508211208607126e-01,8.992586408078170335e-01,6.122200949085079280e-01,6.603540374052349060e-01,4.026883470776105867e-01,-2.509630423373367947e-01,7.462609149636638683e-01,7.224638042954203421e-01,8.123645640762771070e-01,1.498526525932369624e-01,6.364139343269601401e-01,9.389486220822209628e-01,7.066668296727223186e-01,8.081759932410683689e-01,4.288946984394297751e-02,8.067015890697654124e-01,3.430146136531514456e-01,2.345366062957107145e-01,3.978145424639269456e-01,6.536075541053760762e-01,5.255589428121216766e-01,1.904071105685254117e-01,9.700218761510492893e-01,5.094005875053234655e-01,9.004801265095339069e-01,6.812662097631126956e-01,7.473970906846072459e-01,6.303096549949618321e-01,5.724989967221068010e-01,3.651977852238895705e-01,4.687299262084306806e-01,2.309307794282417503e-01,3.198937296396174301e-01,8.296119601682343525e-01,7.897008936859910566e-01,7.799780971467116242e-01,6.192382818686136270e-01,6.880073072319368155e-01,3.540303945952591458e-01,6.183860882550382687e-01,6.434635471491603198e-01,7.774039693122416494e-01,2.160132591532119839e-01,3.271431077039532176e-01,7.165034499940012847e-01,7.542096631283222441e-02,3.898673358053167948e-01,4.282197930077068504e-01,1.907139598039731820e-01,1.633938785230592827e-01,6.115634190790990576e-01,4.192300851041528276e-01,4.004339637844394062e-01,4.406019589999241592e-01
6.133150001907887727e-01,5.677118040657778142e-01,5.805198303081441358e-01,4.043759061676485689e-01,7.910123360287493188e-01,7.507313010378413587e-01,5.000136559866100727e-01,1.037833025481517818e-01,4.985020041131507651e-01,5.472381966823340882e-01,6.630463111100814988e-01,0.000000000000000000e+00,6.261574313531804714e-01,4.231684796018920780e-01,5.610796669062244613e-01,9.831799230121832656e-01,7.706904217839033455e-01,4.453239693647635389e-01,6.216093637306373543e-01,7.249830939479194880e-01,7.095365935826691839e-01,2.787653243011532500e-01,4.149867402356217094e-01,7.684179887232057693e-01,5.472833392959413068e-01,9.243394639759723308e-01,5.127074088949756803e-01,7.231148655640400325e-01,3.921894595684515261e-01,4.243081986293063546e-01,4.980087819116886805e-01,-2.179299990479662275e-01,6.155748621505856555e-01,6.951382313702548776e-01,6.283910187886270204e-01,1.709866466853184330e-01,2.968517737168749893e-01,6.936783073583628889e-01,6.409072206972964425e-01,1.180571071402760630e-01,5.089993728713018140e-01,2.447559309374383249e-02,4.385264356403366093e-01,3.000823113235864259e-01,9.829181797688368860e-01,5.238077169381487597e-01,7.573475180191960865e-01,7.503052403280553451e-01,7.727574241118194687e-01,4.225807753718668347e-01,2.660732745228305274e-01,8.660069792630588070e-01,7.938567609053726049e-01,6.087384018199266666e-01,9.152154100876798148e-01,5.809999818205832112e-01,7.920294151175576447e-01,9.783658942830790739e-01,6.669894315305830990e-01,1.724473857412543443e-01,2.174253137199470831e-01,7.685985840517146617e-01,-5.998149877650785222e-02,7.197113854305123848e-01,4.202350447760603847e-01,5.163518834255719225e-01,4.833760523551635102e-01,8.660936041246618533e-01,5.214642330488064026e-01,8.230498248787213589e-01,6.439486633361900525e-01,6.157343377936473905e-01,6.149740893899973138e-01,4.499667013226849033e-01,3.643028979138555612e-01,5.580622713244963728e-01,8.884872193336808277e-02,8.937818043100899112e-01,3.039097193569959554e-01,4.919155424207067306e-01,4.018571207672238521e-01,4.436413878556906276e-01,7.139323461183769703e-01,3.743528881304474809e-01,7.641526327483058045e-01
9.158493969742980134e-01,7.283925363219436733e-01,9.564666788989423241e-01,2.047842026393682791e-01,9.390516620371874845e-01,6.522914734220435218e-01,7.651687788544233593e-01,7.630148625266590656e-01,3.190165807089851424e-01,7.863425960124011960e-01,9.606262084279477698e-01,6.261574313531804714e-01,0.000000000000000000e+00,8.587681849734587480e-01,5.907596129050984857e-01,9.930110101299489678e-01,4.944101468498823815e-01,6.149191041682512404e-01,8.385201022551578287e-01,9.663725853156055479e-01,6.781081489270209817e-01,5.939237390332573474e-01,8.059643967831557898e-01,5.151375562017938003e-01,6.536961095878177641e-01,4.813017785642011992e-01,8.670613368438989665e-01,6.517594805744130193e-01,4.635763273377972449e-01,9.899651679440590879e-02,7.410784048920038281e-01,4.164398122970179306e-01,8.495467295886689474e-01,8.357875342602634205e-01,6.580304978622681933e-01,3.603912884408254635e-01,2.973260735894184825e-01,4.725843884180053189e-01,7.318172314660259525e-01,7.721808725974552701e-01,3.496367177298926876e-01,9.004967448379863626e-01,8.396514631585242361e-01,8.608062119151963509e-01,7.991631550694466846e-01,5.478644581008925707e-01,5.603501867301887707e-01,7.972018796654186668e-01,8.210102440482291986e-01,3.530290367623233339e-01,4.906771295313470671e-01,7.955552436927865179e-01,6.165555130672015771e-01,3.939755046453889964e-01,2.313664676985107416e-01,3.267560856352726972e-01,4.474295277875012800e-01,9.265357311448438882e-01,7.525284889139413069e-01,5.572185810770997616e-01,5.876247445918441059e-01,3.443772498824629880e-01,8.647851319736831188e-01,7.695442081778582910e-01,6.389860492167307449e-01,4.290573303069070699e-01,-3.070270741856562235e-03,6.417338926757295559e-01,5.382847406204841478e-01,4.650552247803986239e-01,4.032562641681178839e-01,7.450668644213173097e-01,3.828155525092770128e-01,3.222533877637887012e-01,3.906379788930661734e-01,7.291295134735769068e-01,2.125658429736331512e-01,7.957032707537788907e-01,3.758857168826300610e-01,5.055328321265027958e-01,2.432146754182049619e-01,5.342354265630515631e-01,9.863296610114405949e-01,5.800214576280818823e-01,9.790309323592902846e-01
7.171299057372294561e-01,2.406481913966495578e-01,9.036280999958596905e-01,7.129284831656097499e-01,4.209212731327875434e-01,6.772147510769344070e-01,5.130108961046366822e-01,3.665514467639654494e-01,8.053421912594597165e-01,5.490531314530948670e-01,6.034548973668734106e-01,4.231684796018920780e-01,8.587681849734587480e-01,0.000000000000000000e+00,7.056104395284161779e-01,6.010077637991262378e-01,7.621833966390548776e-01,7.489175703581292254e-01,7.671349908686893038e-01,7.181902185038713249e-01,6.070158386812053442e-01,9.564911901239449010e-01,7.332379938311828216e-01,8.367114825366819275e-01,2.522811407663015371e-01,7.986415812977444295e-01,8.654266825428953425e-01,6.036992682802807542e-01,5.261985273764125948e-01,5.236589032885643480e-01,3.775987371578292118e-01,2.426729133947364558e-01,7.665049570989935779e-01,9.977642118935798887e-01,8.283228439591355796e-01,5.923509547490137805e-01,4.736761329378306740e-01,7.166862668803209990e-01,9.599613823654382649e-01,9.508163231650248459e-01,4.249838236429762661e-01,5.895795394060325822e-01,9.984089516285181709e-01,7.157401236691101065e-01,6.969798591944930122e-01,6.439341869621439951e-01,7.579168055094875900e-01,7.143968676728680300e-01,3.709752100859292634e-01,4.267889535004683044e-01,2.144325729523315904e-01,5.491756943162034998e-01,5.850900663605099750e-01,6.519211071577877270e-01,8.815068948686837214e-01,5.744993454731770477e-01,7.163183532172682222e-01,9.088196625181591548e-01,6.237568242626412296e-01,8.194215152701361804e-02,2.633923421499418382e-01,7.042078588786072624e-01,9.049331802966362748e-01,9.870395947739298848e-01,7.707714899709580125e-01,7.715809109973941204e-01,9.227763356250140436e-01,9.821633532091098573e-01,6.911276319338460761e-01,3.254523230491135344e-03,8.818748717278904747e-01,7.375148709353680498e-01,8.455717071644162919e-02,2.351970477867860176e-01,4.655188408530629984e-01,6.525726896978161218e-01,8.951639582909880488e-01,8.596438485983133315e-01,5.087115152918784133e-01,3.974633889957974175e-01,8.156798015975833538e-01,-1.059955167057964331e-01,6.238226231961987445e-01,5.326820099570651612e-01,8.697305549851263029e-01
6.076601336568119294e-01,6.555020809162961370e-01,5.503178385451985566e-01,7.435031198025415788e-01,8.434893863873575981e-01,3.952142298962295630e-01,5.379099598869183652e-01,6.728411379307105422e-01,5.594752215284248820e-01,3.210926587029598878e-01,7.672630220932167289e-01,5.610796669062244613e-01,5.907596129050984857e-01,7.056104395284161779e-01,0.000000000000000000e+00,6.389970473487300850e-01,7.270007182871552898e-01,5.612299803579555713e-01,6.281539224480038319e-01,9.566161983243466338e-01,5.435905490671989471e-01,8.207584929879128133e-01,5.039636983389055302e-01,7.510981350595999917e-01,4.654881646107162374e-01,7.640359711205307880e-01,3.595831743630678035e-01,6.644111071604075214e-01,6.471463023741164111e-01,7.044891603827413418e-01,4.585636989923244089e-01,6.619753630586011628e-01,4.781450389711640603e-01,7.521655344887272499e-01,5.773738209885183048e-01,3.109567149921498852e-01,4.394271378059574351e-01,3.995494606610565103e-01,4.641105503933780629e-01,6.213555699218603623e-01,2.839864497391016152e-02,5.489320480397820168e-01,9.474401756191381807e-01,7.568064595475971768e-01,7.974158593232676395e-01,9.985109983461748495e-01,5.696378930251257966e-01,5.868138876320246056e-02,7.490734966831149588e-01,5.354061267268139801e-01,4.551099823261540722e-01,4.656337077350602427e-01,6.254905485964560308e-01,7.554817983669608328e-01,8.117694275964287831e-01,5.901714171871303982e-01,7.843169185411311695e-01,7.871842758167650889e-01,6.814864747588060823e-01,7.204484856067616683e-01,6.707781777363148734e-01,2.984820835814574469e-01,5.507363149068738029e-01,8.276177084279461305e-01,9.216599668943181722e-01,-7.840044653285957454e-02,5.956173756226160743e-01,9.779655863203373656e-01,7.081938417980675471e-01,5.753703255862776533e-01,7.467895933015805676e-01,6.086593340229009552e-01,7.739648390608842021e-01,-4.543178405505232664e-02,1.058949343024200851e-01,2.015472977236625329e-01,7.634472118162762833e-01,1.578300497725934337e-01,4.235876384921174465e-01,-1.571801736964492935e-01,9.112263760196893658e-01,3.637030670289513878e-01,7.155613152773195873e-01,4.927491268656751799e-01,6.550053228794601168e-01
8.702091433582128666e-01,5.712580853052205976e-01,8.812374543618958223e-01,7.407865642586830557e-01,3.508301409369192769e-01,5.813540015765339408e-01,6.425015921924945861e-01,4.728016092639819035e-01,3.324294958444543591e-01,7.610834555047804040e-01,8.080320436693596564e-01,9.831799230121832656e-01,9.930110101299489678e-01,6.010077637991262378e-01,6.389970473487300850e-01,0.000000000000000000e+00,7.257699507864086019e-01,7.213835796725871496e-01,5.414319426550234099e-02,6.469499172432814360e-01,4.774221588148557793e-01,6.895086546617583689e-01,9.283600438036405667e-01,7.777497157993416010e-01,-7.093295131172810963e-02,7.738687539460503695e-01,9.542792985805582662e-01,7.996628160081731274e-01,7.107052484431951589e-01,6.397643395805623356e-01,4.352831704873621338e-02,5.116827221822165539e-01,8.380539172696248595e-01,-1.600083538204401523e-01,8.788606355510579782e-01,4.391367767979202363e-01,5.136964837579219845e-01,3.478060850294869555e-01,6.329499020553618349e-01,8.118731648945609614e-01,1.839332086610044881e-01,7.769425972565208172e-01,9.661465748742141812e-01,7.359038910684839729e-01,9.964685340591039608e-01,7.997256686168709994e-01,7.397209559077210228e-01,7.734912944328486972e-01,3.020514283927944743e-01,1.091857664551378476e-01,3.011073874005565365e-02,6.213995780809271618e-01,5.067008667449564019e-01,2.538877064528176630e-01,6.804552264457762734e-01,6.539255081864829844e-01,8.071344789836832900e-01,8.735909603241418520e-01,6.167768537585714972e-01,1.818344907169062719e-01,4.791713256819605249e-01,4.224577499499727051e-01,2.218290527261484180e-01,9.029112180484180072e-01,8.382300992803202178e-01,7.636071759878395593e-01,4.928622787424221663e-01,9.353012017626164409e-01,4.877235981121932351e-01,9.938675533972012310e-01,6.983578684161421135e-01,5.742095545826256808e-01,1.135155700471093265e-01,6.280964244269219288e-01,5.005986116612278769e-01,-3.828456545355224394e-01,5.548071807108958531e-01,5.555677050069645073e-01,3.610131359096470094e-01,2.877714862649005667e-01,6.509574544448577527e-01,7.735421161187840955e-01,7.194002892723296849e-01,2.324679898185678939e-01,7.094628949776151661e-01
4.111929329954588375e-01,8.990184546009101219e-01,7.149422596319991996e-01,7.084847591601340921e-01,5.548266719418883941e-01,7.942025911052492670e-01,6.758107352747309005e-01,4.941303062826495340e-01,6.840200667184701544e-01,7.043238930784523344e-01,7.701800470813388033e-01,7.706904217839033455e-01,4.944101468498823815e-01,7.621833966390548776e-01,7.270007182871552898e-01,7.257699507864086019e-01,0.000000000000000000e+00,5.384968825365845646e-01,6.799759161855838396e-01,3.266866934907966535e-01,7.862570214972348648e-01,8.051954131580369989e-01,6.017812267202209409e-01,7.542273952732125863e-01,-2.299843494251068154e-01,6.985790302845131805e-01,9.833214210080816198e-01,8.497418691115178335e-01,6.745307429556091083e-01,6.041646021871552863e-01,2.527284811848520829e-01,6.592300187862982774e-01,1.063534601693146009e-01,4.856702353710790065e-01,5.006848716469092242e-01,2.642611739829796580e-01,3.570205888095094870e-01,4.735328817920146927e-01,6.501357745906707342e-01,9.486044201862022796e-01,5.887570318277827175e-01,1.557938218936336938e-01,8.460040187127519928e-01,5.461188238394515393e-01,2.649077061146211109e-01,9.749681146951484356e-01,8.245620445912065222e-01,8.387386317968665850e-01,1.955824393990023280e-01,6.896745855130752556e-01,6.227234187684629330e-01,7.111789241014344620e-01,8.291356234361121347e-01,5.817040878361150469e-01,5.737992066400157132e-01,4.919103085829726885e-01,7.302716652432524880e-01,2.471720383149084710e-01,7.371146859806905205e-01,2.802623628175630044e-01,4.224161378256281463e-01,4.639247167374376812e-01,9.683410396857965452e-01,7.695165746437458987e-01,3.230759428969710578e-01,8.477058835731950959e-01,2.891313793497478635e-01,8.706093365972461529e-01,2.741326270116209995e-01,6.296298465493277430e-01,8.176694233001193801e-01,6.189932819213763704e-01,2.657330382443933159e-01,5.809265100246079339e-01,6.829958085366071296e-01,6.258719759321094145e-01,6.219746769351142124e-01,3.517578500247826589e-01,6.275267269252788882e-01,3.113179593694432312e-01,7.467657586431577510e-01,8.657075992731604330e-01,8.821482336335092489e-01,7.785465015049831683e-01,8.906482880194537266e-01
9.593656128897978252e-01,3.300173196226283689e-01,9.762916837135248160e-01,4.896484684784119246e-01,6.167975088758650415e-01,5.379257195684187254e-01,6.007343904556767811e-01,6.485360918988587464e-01,7.000848455612238563e-01,3.005041703826977217e-01,2.822448185684721667e-01,4.453239693647635389e-01,6.149191041682512404e-01,7.489175703581292254e-01,5.612299803579555713e-01,7.213835796725871496e-01,5.384968825365845646e-01,0.000000000000000000e+00,6.776342675234872104e-01,7.522590783928218006e-01,6.190554885027538257e-01,5.715339005509675330e-01,6.912532816903470545e-01,6.233723346783012209e-01,4.626202701923456395e-01,6.307760136862873290e-01,1.686783662690944097e-01,5.320578202340464635e-01,5.732001052392496909e-01,4.291649416335336920e-01,1.853929642249663211e-03,1.583498311572824058e-01,6.580440955717252738e-01,3.794217326851947458e-01,2.861207742193226378e-01,4.026398099059789737e-01,5.236656179578598191e-01,7.901953003037370804e-01,8.529576398631366629e-01,9.166980614439734776e-01,4.359160644414633579e-01,6.434073225397006768e-01,9.868293313190212857e-01,4.933967416049480081e-01,6.658388274437776477e-01,7.323643456982037447e-01,9.898301893805803164e-01,5.383087615926017699e-01,5.564022829900596712e-01,4.180072094750454381e-01,3.503433485710296669e-01,5.375658576008167655e-01,4.960145657984490475e-01,3.586051225511843743e-01,4.080363199255303552e-01,7.823233755700260694e-01,9.776257496296155702e-01,6.331496570717191075e-01,6.264786783758830024e-01,6.989094854611058727e-01,2.913107795928288613e-01,8.523606000040244712e-01,3.397624707070872052e-01,5.459170578256629103e-01,6.794118712836486607e-01,6.558163922256807776e-01,7.679325261540830283e-01,8.571794117720957784e-01,5.458073665802948282e-01,5.786925115129406549e-01,8.197069004965823469e-01,2.386856628620964982e-01,2.746494896469177660e-01,2.174301384140572835e-01,7.043981013744834430e-01,5.749084679098103168e-01,6.873592827236530978e-01,7.849760010436045432e-01,5.759703114620270403e-01,6.068549645104215351e-01,4.457624936582162412e-01,7.855170475583137524e-01,5.274278136875133471e-01,-1.438056624480637813e-01,7.041167014941550617e-01
