0.000000000000000000e+00,7.977558247932354796e-01,4.251986186162269865e-01,8.935702179818646451e-01,9.940824969448325277e-01,4.554966806422355297e-01,8.229430992582073001e-01,8.564944415951563084e-01,9.424412107323381083e-01,6.517982975971740034e-01,6.873447674918724548e-01,8.307131268078196129e-01,4.637123817693132866e-01,2.852925404484766836e-01,8.374832766548572227e-01,9.891882022431908172e-01,5.465892107479706219e-01,7.643531412427594374e-01,9.020189629816197652e-01,4.021081337615531881e-01,6.897481895228466664e-01,1.498840330761514739e-01,6.730052206742426213e-01,7.506794158877732048e-01,6.221021978322386348e-01,8.292148690774285846e-01,4.021598457290836426e-01,5.180337102628584933e-01,4.914809119456978737e-01,-1.438421484960844543e-01,2.918902336540327713e-01,9.679070044384411320e-01,8.879517418954935293e-01,6.077564851339685159e-01,9.489063813604309283e-01,5.368266743055428725e-01,2.125046092589437108e-01,7.039301835687181708e-01,5.537796476663137124e-01,6.447261815761965442e-01,4.458343170379976406e-01,8.325907168129110802e-01,8.304697074801954404e-01,7.018674399055020441e-01,8.882476069178845135e-01,8.408331203614608507e-01,9.177009021331824501e-01,6.903387816479268357e-01,6.731379397830866695e-01,9.259301695195518711e-01,9.400480049301123131e-01,7.063844091169599881e-01,8.710597862230823329e-01,6.691027657526129602e-01,2.358454104526989115e-01,8.096962033148767945e-01,9.761714315947336296e-01,8.983552520213289316e-01,7.261095143134203012e-01,2.746792439573373379e-01,5.064905918157759368e-01,7.930983563954956406e-01,6.842628981058224147e-01,9.142883151087610738e-01,2.003501266590820284e-01,4.803010103048567236e-01,9.039375594794819557e-01,9.661708700323610177e-01,8.911676354529223243e-01,8.877434194807914958e-01,5.982012963373106729e-01,4.518703840216972689e-01,2.040508796977378442e-02,7.710415777597033893e-01,7.271838930410378099e-01,9.531315055573299500e-01,7.430566291602950235e-01,8.725134209907121630e-01,3.716661672851523379e-01,2.210808140825997470e-01,6.066968242529841016e-01,8.968499461851748844e-01,7.248617017208323077e-01,2.334626056454290055e-01,4.233733987434921131e-01
7.977558247932354796e-01,0.000000000000000000e+00,1.719462709040319448e-01,6.381799108769412587e-01,5.036252904082748616e-01,9.005334781478303574e-01,4.083557099953598613e-01,4.801194091088386573e-01,7.517744147483915729e-01,4.071235863108181308e-01,6.404365516585470708e-01,6.447567766790325283e-01,9.354981874233335715e-01,6.317382507878385178e-01,6.268295059508264266e-01,8.830462494897955983e-01,7.513524674200001696e-01,7.950595475950650304e-01,6.803364556699160737e-01,7.132124642768652434e-01,6.668009407368759023e-01,7.707389102064395869e-01,6.654117510346773123e-01,5.427894356798720343e-01,8.452712483047910563e-01,2.153340016486268438e-01,6.057389146002961633e-01,3.659367715029143708e-01,3.428397946770437854e-01,6.129877048565222086e-01,4.743686311191805394e-01,5.914278424135394063e-01,7.133810993808661349e-01,6.172118565762654274e-01,5.327808639781070887e-01,1.337323449207538095e-01,5.539106243483061798e-01,6.672421569416033815e-01,7.972167602813482468e-01,6.183732800827140830e-01,6.552856293636111218e-01,6.015422047014964413e-01,4.100346415384162335e-01,4.334653753203615567e-01,9.055872799673314599e-01,8.613363947241552410e-01,7.844630166710070407e-01,9.875695326647347949e-01,4.405255467283374915e-01,6.778074155502488152e-01,4.353877826556394881e-01,4.684850065020768617e-01,3.181296811334169972e-01,4.340069276588690572e-01,9.365830530004063403e-01,7.832336400121435727e-01,7.953994795820154007e-01,7.874012181958767176e-01,4.889012411792292290e-01,2.683972235153515573e-01,3.408221767906878252e-01,7.594133927316929489e-01,2.911558309420924084e-01,7.425089993957051382e-01,2.884436348036193420e-01,8.465337546424066550e-01,7.341399295798420876e-01,7.837594729403394300e-01,2.336868617687289928e-01,4.948675761638208215e-01,6.742705442372161073e-01,7.222629992601520277e-01,4.843861388292868830e-01,4.082991576464586880e-01,2.226287955210972114e-01,7.179722591197708059e-01,8.398431772273227125e-01,5.588584305347984449e-01,1.662778318429862859e-02,3.128659709956136403e-01,6.617564742556859142e-03,9.097093062584061807e-01,6.026026344496713261e-01,4.861791725264164032e-01,5.901964945121993683e-02
4.251986186162269865e-01,1.719462709040319448e-01,0.000000000000000000e+00,7.496889577828024231e-01,2.276366649667565245e-01,8.415144977623575384e-01,9.660475945018567323e-01,5.007359131629934845e-01,7.782703098558199084e-01,4.902688761870929168e-01,6.949936898872507429e-01,8.286652566166283762e-01,8.893342550536328384e-01,6.219124897275628561e-01,7.407720585325144880e-01,1.704876919997246332e-01,9.761775473816992621e-01,7.875070555015977192e-01,7.046147894411336488e-01,6.704969653846247768e-01,6.496701913340720003e-01,5.035872270888492874e-01,6.804504228843295532e-01,6.593517072715615601e-01,9.064402784086820208e-01,9.878648757437050731e-01,9.502493071777555755e-01,9.545968270590944327e-01,7.140777564500074837e-01,2.248780717068256663e-01,2.517422813351762045e-02,9.442993715666544441e-01,1.658919416943274994e-01,8.328370752608499350e-01,6.710476829266237564e-01,1.896740865733096970e-01,4.090858311792286983e-01,9.596373844676653331e-01,8.107469571795866692e-01,9.413731500551736353e-01,5.414096021736113373e-01,7.042880582423970415e-01,5.971563415009955023e-01,8.583725924018529296e-01,7.603615339576575982e-01,4.615467084439304757e-01,6.157760550824941115e-01,8.258959429565116972e-01,6.956434470193959552e-01,8.756057345320960028e-01,7.286338323331745803e-01,6.184821324818521315e-01,4.251241432103984308e-01,6.761082392577588696e-01,6.568879017612810900e-01,7.992996575745328069e-01,4.883401689389236799e-01,6.035490720398474229e-01,7.959805080800415045e-01,3.429183424138143588e-01,4.029954549773134831e-01,4.689061588511129197e-01,7.529906247199408265e-01,2.170026852191775657e-01,5.477022376762412659e-01,7.917092914304645346e-01,7.559872491686685514e-01,7.712559299300075777e-01,7.477997339597837190e-01,8.639665310308953794e-01,7.166115790049244483e-01,6.088041419205633131e-01,3.082818527241982798e-01,2.083554319739319705e-01,9.196034074385590618e-01,8.919974143013889023e-01,1.443002668842146841e-01,4.673718603395715654e-01,7.790948846124322591e-01,4.203554337760905257e-01,3.908055382841817416e-01,7.624034859765489447e-01,3.240799231897872890e-01,7.190840603437524958e-01,7.385580250568941629e-01
8.935702179818646451e-01,6.381799108769412587e-01,7.496889577828024231e-01,0.000000000000000000e+00,9.265551403624612270e-01,3.614865539637381886e-01,2.534425810422639702e-01,6.117320528820023862e-01,3.077491434215318122e-01,7.195368535460926473e-01,5.751003926632808350e-01,7.150707369366703370e-01,8.954026359993850770e-01,6.506364395386502464e-01,5.186131850997394155e-01,2.117310953007645880e-01,7.744330215127583905e-01,5.881534278900699686e-01,6.188181373469104907e-01,7.651196506145374610e-01,6.914216916488499232e-01,3.200518742601916600e-01,9.321050484307559225e-01,7.822935474507317632e-01,3.691124647368191347e-01,4.320327637250792052e-01,6.268158041481789455e-01,6.249163450906404238e-01,5.360564942373741149e-01,2.043009884970370948e-01,7.955748507687934179e-01,4.676152235275361502e-01,8.427349823961205466e-01,6.901880864223339795e-01,6.852863885796871557e-01,9.112457816908772212e-01,1.603427522827801099e-01,9.882000788950721093e-01,9.965945632703311352e-01,7.193220357561124212e-01,4.861784738208176915e-01,6.551265023722614433e-01,4.020010807467235825e-01,4.145096831337728993e-01,8.698202732142525928e-01,7.353094421444070772e-01,4.358962109990113798e-01,4.160211215580195132e-01,5.168880352076031803e-01,3.324591536848324758e-01,7.830048679604331152e-01,6.496795512391557725e-01,9.078043208346666670e-01,7.054202108285411166e-01,4.299015992455504920e-01,4.039496757487275880e-01,7.579805995454484968e-01,9.383934500537982615e-01,6.195620146225242625e-02,1.295105666810704714e-01,-1.917400159416914884e-01,6.105018795814505239e-01,9.272791055468649901e-01,6.574745561722112885e-01,8.155388655565032341e-01,7.960939521028885801e-01,9.192912109419475453e-01,7.621958164913473777e-01,4.791310658616962925e-01,3.509595707368497464e-01,6.221331152357356675e-01,7.382304275386348813e-01,7.831056235637428031e-01,5.820700989059036656e-01,2.181187347702014112e-02,3.607003686196921244e-01,8.061048047409163919e-01,4.515425700411810350e-01,7.849306328408296451e-01,4.243491416358093349e-01,2.230838134472516165e-01,8.933845772189390466e-01,6.974105563454522372e-01,4.883451063084036647e-01,8.434218178894841156e-01
9.940824969448325277e-01,5.036252904082748616e-01,2.276366649667565245e-01,9.265551403624612270e-01,0.000000000000000000e+00,7.245994152045405201e-01,7.476437182039858964e-01,6.829325984114020809e-01,5.208363078724597139e-01,9.081160146468392202e-01,6.579755089414889291e-01,8.227666887941531559e-01,8.216336519114961767e-01,6.941660746064800547e-01,7.211946001708070542e-01,5.876168785129119998e-01,6.146889133122780402e-01,8.886441029816235515e-01,5.217673183499800249e-01,9.803312922177165323e-01,8.464562710205144613e-01,5.760491865195010996e-01,9.204447124663786006e-01,5.585619597399064107e-01,6.870218534544407785e-01,2.597594636673355439e-01,9.386165065962570608e-01,2.944235483189078240e-01,1.359625041656377098e-01,2.455364487125875905e-01,2.980841057428599838e-01,7.585957006174236517e-01,1.271499197467830244e-01,5.828742988634573186e-01,5.511847491310559732e-01,5.318112592666617289e-01,2.121593512359082612e-01,1.499223855636635551e-02,8.666280744471263064e-01,7.939627580000894191e-01,3.640720777656160090e-01,7.450751515619864485e-01,6.218193604468571500e-01,4.778164072183670869e-02,7.708940536542415733e-01,2.863820570173920554e-01,9.772455428698390012e-01,7.945857187905041030e-01,7.357129605781118631e-01,3.043798060078934387e-01,6.983362664831376243e-01,9.954369817397066278e-01,5.890378446335675644e-01,2.107180418146870349e-01,2.306296000212856023e-01,6.624724002225956809e-01,5.159199828010019306e-01,9.204969244421085106e-02,8.271351279200191975e-01,7.101839144696100448e-01,4.994347991580431190e-01,3.424367840145538522e-01,4.779601421797798899e-01,5.114119369833418638e-01,5.092034085160130896e-01,7.718217190930602989e-01,7.695593034953214229e-01,6.180490786776615675e-01,2.000908889510051025e-01,6.552952586139357827e-01,7.807967480759977486e-01,6.614580568343806366e-01,4.671989995420522956e-01,1.523175443884014768e-01,3.276271572358270823e-01,6.854846444763393887e-01,4.926138292080307624e-01,5.756433043361534052e-01,3.905719199514627871e-01,-1.426434394911845205e-01,7.601728592532022155e-01,8.666300020081454392e-01,6.392227304572760671e-01,2.295575688297991912e-01,9.421894553802764305e-01
4.554966806422355297e-01,9.005334781478303574e-01,8.415144977623575384e-01,3.614865539637381886e-01,7.245994152045405201e-01,0.000000000000000000e+00,7.362221615949635645e-01,5.011625899377385451e-01,9.017193214658850708e-01,9.813071283840887338e-01,4.115936854442625581e-01,6.831684780763752629e-01,7.678245626403177315e-01,9.173218217435354926e-01,5.452395364840231240e-01,4.770550552588694870e-01,2.220457742376926169e-01,5.574946457263961763e-01,7.056986623024207317e-01,8.040608899967847112e-01,9.505594116887721157e-01,3.052554759750039093e-01,7.564679129651478151e-01,6.495912492813267214e-01,4.843440518551486718e-01,2.164744853338481378e-01,8.199525520340724682e-01,3.003663533036240452e-01,4.183146768300061713e-01,1.159330685198414236e-02,4.180965353541445384e-01,4.798337769581825230e-01,9.606150080481652420e-01,6.734552864040275200e-01,7.384314716356202846e-01,7.070631944049542428e-01,2.495787919374825026e-01,7.113754884719730720e-01,8.678880266148509826e-01,7.157702413523837626e-01,2.906349463005657996e-01,4.061084373394336366e-01,8.293314032525131996e-01,1.809592371523500443e-01,8.388474593015262659e-01,9.230285281334027481e-01,5.891230939625808904e-01,2.669370358426351730e-01,4.105574599309884110e-01,5.677794904628847839e-01,9.557163909750139574e-02,8.105567106072447681e-01,9.503900290831325259e-01,8.070271145671570334e-01,9.811292684037554723e-01,4.798202206186100716e-01,5.682471685642942472e-01,6.493497157237366757e-01,5.345882405311580543e-01,4.004276346567515743e-01,4.206113675155828124e-01,6.018982026454587908e-01,9.738762509214055063e-01,3.936159451926188879e-01,4.655098827683667451e-01,1.140855359349733922e-01,5.638540205188388166e-01,9.844463010253016177e-01,7.509162166342779887e-01,7.655878798826576404e-01,4.827715100131074188e-01,2.972395543870113288e-01,2.790196870555901598e-01,5.251238789132649520e-01,4.681681839374125798e-02,4.594622780726174138e-01,4.906411381443977482e-01,7.019378390620345520e-01,2.670336975085968456e-01,4.836548103826369127e-01,7.037330683613283178e-01,7.845607947131768567e-01,9.693021152825687103e-01,6.716938835859380674e-01,7.746325007198848756e-01
8.229430992582073001e-01,4.083557099953598613e-01,9.660475945018567323e-01,2.534425810422639702e-01,7.476437182039858964e-01,7.362221615949635645e-01,0.000000000000000000e+00,7.400226288981004430e-01,1.565480936587502203e-01,7.458282570947297740e-01,4.447865398362326195e-01,3.897809032065810975e-01,6.172232378996560520e-01,5.815684162431300486e-01,4.106028416816049909e-01,6.171249680484107714e-01,7.250475786328384187e-01,1.532643390812619688e-01,7.637459962587079820e-01,9.764259423511510994e-01,7.481002599658590491e-01,6.705898224322082157e-01,5.913115806868737279e-01,4.834013463549354794e-01,2.192459227965019020e-01,8.583288678786843429e-01,7.718802537832173405e-01,6.971364849813431741e-01,7.624591146168245848e-01,3.229315433976157057e-01,2.949840709470301706e-02,4.667622160079963889e-01,6.212890143719894676e-01,2.506409974980059463e-01,4.072600028805037353e-01,5.626165626942025710e-01,4.241319156842707772e-01,4.873530341092704443e-01,8.391363039989757633e-01,3.754170152628573676e-01,2.331364542125768380e-01,3.597035380307885832e-01,5.985741400109532151e-01,3.217787924487910400e-01,5.713886028290383612e-01,4.253111974049768040e-01,5.013167590215975578e-01,6.300952775246538851e-01,3.790013833693012812e-01,-1.110038529851014172e-01,7.057626733713051603e-01,4.406636840437053726e-01,3.403648329798436567e-01,4.280823694767407206e-01,7.721426222585133781e-01,6.806678641862714541e-01,4.640457438297890258e-01,5.584477955830412510e-01,2.554548200894724008e-01,5.853768639594560952e-01,5.306358304002288806e-01,6.422810395317651855e-01,3.521975354875407360e-01,8.467932606608312707e-01,7.105504012559005211e-01,4.718396403618253521e-01,6.577870794629356865e-01,6.882808954280983382e-01,6.361437142642287768e-01,5.452076705820161351e-01,3.562522903613567493e-01,1.856999436367741674e-01,4.364512853606510312e-01,8.527701814787401469e-02,3.820485767495582774e-01,-7.718753391243254880e-03,6.096900976208959877e-01,7.836841105301007859e-01,-4.717424193435043600e-02,3.715101103219414780e-01,4.987416001992741599e-01,9.925306182121337306e-01,9.800443989150774415e-01,6.048132211849184259e-01,7.807500390793213896e-01
8.564944415951563084e-01,4.801194091088386573e-01,5.007359131629934845e-01,6.117320528820023862e-01,6.829325984114020809e-01,5.011625899377385451e-01,7.400226288981004430e-01,0.000000000000000000e+00,8.877400730868660883e-01,4.282065326437577979e-01,5.648365182761148073e-01,4.424664433168662980e-01,9.241695986167212107e-01,8.232887421659130789e-01,5.141328533694455860e-01,5.060688877587242729e-01,7.511726696265437209e-01,3.319760245897253048e-01,4.208943605658307385e-01,9.451081756934662792e-01,2.494680850795268079e-01,1.189294436981727134e-02,6.526756680043439562e-01,5.926395942516549109e-01,4.940415928481337038e-01,4.900996274689410903e-01,7.820877126003490387e-01,7.230417904742062474e-01,6.054309473036193490e-01,3.906933431546510960e-02,7.137079266990402626e-01,3.390279856504426759e-01,7.135874993389025311e-01,2.034392230752510577e-01,3.546057832443244573e-01,1.673447445871182326e-01,2.172136017848204093e-01,7.576534523073338301e-01,6.847144749213610604e-01,4.951096422792682361e-01,5.781166022253921843e-01,3.685746692699001237e-01,4.385372415524026457e-01,3.477787306201449158e-01,9.621357946537152372e-01,7.208049037528808656e-01,1.155892765994409876e-01,6.377441870662967638e-01,7.378655257233146525e-01,9.323954033178161183e-01,4.986730530220446211e-01,2.405530140750919144e-01,2.852018528788334839e-01,8.379170836327386462e-01,8.133482356500998378e-01,9.035205316112301377e-01,3.163354158103885982e-01,7.315263978088858421e-01,2.519818880602373579e-01,-1.505675779247094836e-01,-2.609604707790254552e-01,4.712062290321897828e-01,2.348049809957316880e-01,5.496206259440623576e-01,6.174531295823157961e-01,5.115054097848374948e-01,6.473681739654938427e-01,9.485571381685310444e-01,6.132938455747188877e-01,6.812699989550669022e-01,5.548510478524119049e-01,6.818465028473602585e-01,4.949016164306904164e-01,4.456097664023502269e-01,3.301872284037341565e-01,5.091011931065375640e-01,2.585876325685210544e-03,5.620342853318698317e-01,6.011215658326483219e-02,5.977765101911940437e-01,6.148829500032536588e-01,5.349364953994166783e-01,8.054940648494968158e-01,5.038069643498291894e-01,5.751118377073569654e-01
9.424412107323381083e-01,7.517744147483915729e-01,7.782703098558199084e-01,3.077491434215318122e-01,5.208363078724597139e-01,9.017193214658850708e-01,1.565480936587502203e-01,8.877400730868660883e-01,0.000000000000000000e+00,1.801723226847658788e-01,2.311063165944715614e-01,5.321501774342791702e-01,6.592775264213659447e-01,9.563374949638380196e-01,5.654700842889971435e-01,4.840358629567691473e-01,8.266053064358134250e-01,6.209025835537868021e-01,3.541870972449392418e-01,7.826503575242338417e-01,6.614616299371216535e-01,4.731607470981518682e-01,6.062602444742856145e-01,8.272978005443597516e-01,7.320037675409046818e-01,4.713295629471989656e-01,9.373692521146832490e-01,5.254333919971903022e-01,2.342739913514784722e-01,5.666379759060797827e-01,4.627914189676425316e-01,3.410998971093688326e-01,4.454251140316558555e-01,1.090839232256946290e-01,5.829573424868095266e-01,7.131931758270029231e-01,2.604877882654741544e-02,5.086004651366653473e-01,6.489820687238809782e-01,8.914716826576872533e-02,5.690440864120964726e-01,5.718850653130005401e-01,7.291412441855977811e-01,8.538225334838681624e-01,9.121597348014128803e-01,3.788367368582320482e-01,7.460332996291123564e-01,3.133663494368628677e-01,3.924555737081196205e-01,5.097643783497066705e-01,6.035068460962041970e-01,5.530804692646790199e-01,8.990807502718679567e-01,3.483908391888995149e-01,6.203582114664182301e-01,9.155994052312801390e-01,4.670432419361346121e-01,6.531372779924851102e-01,6.517307043543909550e-01,1.496501332319280508e-01,5.366105267811620561e-01,7.392036060394127084e-01,5.708651129877447827e-01,6.405494618032674392e-01,8.045681816600914749e-01,4.838722631123619777e-01,6.250638387766503934e-01,2.098837102162526835e-01,3.774152336636897309e-01,5.854637076516392424e-01,4.214361364486665096e-01,4.242900634022870321e-01,4.715906515614095573e-01,5.921453345552644132e-01,5.141625925827074672e-01,3.916972821445799946e-01,9.543732430880758066e-01,1.220997510035152084e-01,5.355349481063599315e-01,5.740401015165539356e-01,4.752758190895202683e-01,6.841296032066306321e-01,6.981387700237632332e-01,4.589085126747047827e-01,2.707727421682625257e-01
6.517982975971740034e-01,4.071235863108181308e-01,4.902688761870929168e-01,7.195368535460926473e-01,9.081160146468392202e-01,9.813071283840887338e-01,7.458282570947297740e-01,4.282065326437577979e-01,1.801723226847658788e-01,0.000000000000000000e+00,9.915526061451173101e-01,7.737137454494417144e-01,9.569417865081442098e-01,5.402926800924865436e-01,5.231245219495309628e-01,8.012833267355573552e-01,4.557457139676903690e-01,1.378478725725212628e-01,7.889629525459878057e-01,8.724805357659121130e-01,8.179302197056762536e-01,5.474122470057882772e-01,4.907399438238679856e-01,8.750877198853557193e-01,4.833807860938659218e-01,4.998923256717685559e-01,9.605746674402275698e-01,7.640566684777724271e-01,-9.215537262669387664e-02,1.754127177710640140e-01,3.610974769162499931e-01,2.384233014625015135e-01,8.076992778129965522e-01,6.725999737296409209e-02,4.421265305084646768e-01,4.390230824812703103e-01,3.449354659474618279e-01,6.636274003647819886e-02,8.282511238531755637e-01,7.434619861057299994e-01,5.167335544570532679e-01,6.065957692246028987e-01,4.314322540777087434e-01,6.022434025177647587e-01,6.280101294838916770e-01,4.076541609175072245e-01,2.147219372526765202e-01,6.641600859529305234e-01,4.820842389952971208e-01,3.954617558911324160e-01,9.541184225514692807e-01,-1.549539791689824586e-01,8.260245547467942595e-01,7.509906968862243293e-01,5.887535544439914670e-01,4.316297522962622146e-01,2.068035045789015924e-01,4.276678800713272222e-01,8.662645990003883245e-01,5.380318831786545797e-01,-8.460794501481316843e-02,6.817615245449255568e-01,6.369377293334114176e-01,2.149537208987431502e-01,8.938502289908685228e-01,9.687280970669982505e-01,6.217852595967650053e-01,9.774157329160430008e-01,5.330975316141142173e-01,7.110895676522517306e-01,9.834589913995503974e-01,4.453166082267021042e-01,6.308932177503914773e-02,2.689391247843357924e-01,7.846513440080411517e-01,6.068476978099796026e-01,8.385320772036306547e-01,6.561960539578001184e-01,7.997553869173439356e-01,5.420186484733794385e-01,4.220413821787656894e-01,9.915312800087755507e-01,4.543086906487284193e-01,3.139206452746948761e-01,5.604045684275461570e-01
6.873447674918724548e-01,6.404365516585470708e-01,6.949936898872507429e-01,5.751003926632808350e-01,6.579755089414889291e-01,4.115936854442625581e-01,4.447865398362326195e-01,5.648365182761148073e-01,2.311063165944715614e-01,9.915526061451173101e-01,0.000000000000000000e+00,5.317946246717765169e-01,7.572517192783894124e-01,5.639461543414898692e-01,4.988818030291735095e-01,2.007738687257047405e-01,5.261905992874121862e-01,3.272452096996867482e-02,7.336371014919035316e-01,7.070583182435213887e-01,4.600347815623804237e-01,2.736710360912306683e-01,2.635491950947060902e-01,6.935435574969870398e-01,7.591851896249419696e-01,3.975156481550393139e-01,6.527838133690997413e-01,7.207183938101890952e-01,2.347487901942142408e-01,4.723341569712178889e-01,7.965798565032440326e-01,6.828617726531940324e-01,5.160121221612861131e-01,6.748774142025208977e-01,4.633101038887253442e-01,5.604270798385361241e-01,9.104730323939709546e-02,6.879639587036175952e-01,9.405602430528212654e-01,8.951319023153774257e-01,3.321351052646914770e-01,7.451352783924468648e-01,9.557238932702116774e-01,4.908456368588454133e-01,8.819086697556794974e-01,8.557421390758751523e-01,6.209199947643301298e-01,4.570194317831037245e-01,6.855530013816795165e-01,4.320815069418346699e-01,9.764234696916671563e-01,6.177834129641648353e-01,6.374247392779335275e-01,6.639319938919562292e-01,4.251921831953547892e-01,4.872214572516960218e-01,6.449429125083756542e-01,6.861795609154632825e-01,8.852494548608428326e-01,4.651863795432394921e-01,2.869031587735905720e-01,8.519151590911537841e-01,3.211211532980915995e-01,6.684087396051809904e-01,6.390086913608352681e-01,5.681814378524774334e-01,6.467299935543671108e-01,9.881168615567266222e-01,2.457030830932720455e-01,7.062557125622647147e-01,8.645460550535288835e-01,7.697905909039620687e-01,3.109159786527607161e-01,3.369395413375531056e-01,4.145947649521899425e-01,6.858499075558617264e-01,8.404267552292925547e-01,6.948866459512826887e-01,6.313158499604778484e-01,5.393761376369113347e-02,3.749903175943318234e-01,7.625300432727923905e-01,9.042839146787384763e-01,5.007343211336687805e-01,6.348857631673489044e-01
8.307131268078196129e-01,6.447567766790325283e-01,8.286652566166283762e-01,7.150707369366703370e-01,8.227666887941531559e-01,6.831684780763752629e-01,3.897809032065810975e-01,4.424664433168662980e-01,5.321501774342791702e-01,7.737137454494417144e-01,5.317946246717765169e-01,0.000000000000000000e+00,7.882336797333657774e-01,9.260483929453173779e-01,5.598464926408566189e-01,8.870487807667797320e-01,6.895616707658566158e-01,3.445190179854055179e-01,2.637264773671381679e-01,9.438874165360855439e-01,6.193686401248529316e-01,8.795831624456781350e-01,2.324094343453984857e-01,4.435584423233724372e-01,7.842226189831199568e-01,8.634966905222410949e-01,8.417363068883491062e-01,5.452593475995030081e-01,6.983903116328192828e-01,1.950872325704422205e-01,2.120104068049374346e-01,5.962334858004503246e-01,4.138374306713165640e-01,6.283374533788368410e-01,2.490534092014968504e-01,2.774199445010528953e-01,2.011488943072279045e-01,6.705572179999096383e-01,6.273589590533659166e-01,1.676224017880730277e-01,4.054971020805230308e-01,4.936482850523981614e-01,3.979027172828067949e-01,4.413168148502307209e-01,6.140690440775178338e-01,-3.478046390846109559e-01,4.937285103841013156e-01,4.482382543055542512e-01,7.613433029743973401e-01,7.821842025341385618e-01,-1.793870303831727464e-01,4.399016332636467713e-02,4.681099579779179343e-01,6.210252447979717205e-01,5.116966559751533472e-01,2.996888712528167353e-01,6.266829277594535563e-01,9.926712490263900346e-01,8.735720856562616543e-01,1.656274282784211405e-01,7.902199696129952322e-01,8.005639116918890075e-01,5.152608425607173581e-01,4.492802129336008754e-01,9.684419340998881021e-01,5.193922421635034370e-01,9.338204176760788178e-01,7.359524770962799778e-01,5.695494435085228790e-01,7.296667038977682207e-01,6.258010154140249970e-01,4.303433570412003029e-01,4.015764856759483359e-01,5.099398697718786622e-01,6.582012909825771807e-01,4.088359738680648059e-01,8.277864198001714247e-01,7.876470070932753975e-01,7.565603504304213578e-01,5.394756817705550489e-01,5.298681663985262968e-01,7.758907398044502246e-01,7.842916750789981073e-01,3.795658468885014791e-01,6.493785879671580830e-01
4.637123817693132866e-01,9.354981874233335715e-01,8.893342550536328384e-01,8.954026359993850770e-01,8.216336519114961767e-01,7.678245626403177315e-01,6.172232378996560520e-01,9.241695986167212107e-01,6.592775264213659447e-01,9.569417865081442098e-01,7.572517192783894124e-01,7.882336797333657774e-01,0.000000000000000000e+00,6.238672963147027239e-01,7.545169772130928543e-01,6.664475231272093403e-01,7.830902891604990534e-01,6.336567560923677123e-01,7.252087516775118647e-01,6.355088421228296536e-01,8.427912914084683127e-01,4.220062787894436895e-01,6.164299445993692839e-01,6.978872797015286400e-01,4.536113213065448568e-01,4.110230080044017242e-01,9.743807053249142758e-01,6.225099410973300440e-01,6.011070715847581791e-01,3.563566437893509464e-01,4.246654169942828405e-01,4.115275030394643374e-01,4.534317139097041593e-01,7.974369234060856293e-01,4.725731564635671789e-01,7.965097393491340494e-01,2.941285200207360839e-01,3.860190282003541640e-01,7.561797784574082470e-01,8.028655547821784699e-01,3.429707510173586327e-01,9.183334660890977164e-01,7.808412097549045638e-01,9.841357769316930737e-01,6.774354442403691667e-01,6.181722485953509150e-01,7.087369196579056396e-01,6.307990008341257671e-01,2.759578020942901055e-01,6.977940947778979996e-01,5.552244427685724126e-01,2.189175733963467929e-01,6.061599438915583615e-01,5.289171930353520068e-01,6.690779235380929224e-01,6.903585913205898539e-01,5.888408546317711600e-01,3.982863767360578233e-01,5.893481035684616787e-01,4.742381440754871447e-01,2.844867580914329230e-01,7.332789012434897113e-01,7.837832990060024096e-01,2.208531567333477386e-01,1.277667371367423588e-01,9.814111941221642654e-01,4.496797415841015111e-01,6.545230337003593579e-01,4.232543936651715910e-01,7.909861817175452003e-01,6.929334136366189778e-01,6.276991223917771645e-01,2.000621205908043598e-01,5.536476033779421657e-01,4.203417901632079401e-01,8.442665307066949953e-01,7.522486550475883105e-01,7.023316286431500188e-01,3.287917504334660762e-02,2.897241060070269714e-01,5.490175625025777162e-01,7.258962408937735811e-01,5.845975374861562823e-01,2.380502992562128495e-01,6.094408912325570693e-01
2.852925404484766836e-01,6.317382507878385178e-01,6.219124897275628561e-01,6.506364395386502464e-01,6.941660746064800547e-01,9.173218217435354926e-01,5.815684162431300486e-01,8.232887421659130789e-01,9.563374949638380196e-01,5.402926800924865436e-01,5.639461543414898692e-01,9.260483929453173779e-01,6.238672963147027239e-01,0.000000000000000000e+00,7.816610410506628082e-01,7.497891036543682386e-01,1.224615969587328212e-01,2.812920646733524377e-01,7.259683035667950923e-01,2.866625590785819022e-01,7.401188629658974616e-01,6.296115295209729901e-01,1.028579881357243875e-01,6.553442752575051600e-01,9.800558320328348616e-01,8.268446958952369030e-01,5.399964603456010037e-01,9.505942326559800593e-02,-4.534136807197308716e-02,5.420501512304546354e-01,2.581132718285786831e-01,9.820338259654615154e-01,8.579109120256923626e-01,5.420118787465622034e-01,4.919655712304114026e-01,2.912056879165478840e-01,2.404829591944301903e-01,6.129721425380982858e-01,8.416361195326116373e-01,6.955962194044922331e-01,4.371425942209839488e-01,7.069576018861682964e-01,3.947664622541541268e-01,8.662411703786877526e-01,8.676659647270555664e-02,8.369366566217755210e-01,5.113384372464833127e-01,5.544504197487006847e-01,6.532317931504394437e-01,7.495537822526376903e-01,8.013924394633626935e-01,6.691368033732383314e-01,8.259768461971533915e-01,5.890736101297150418e-01,7.918845754594813213e-01,6.081786702624956131e-01,4.838788389744171914e-01,7.854813092953133458e-01,9.427878716523993008e-01,2.473270819296735645e-01,3.158969318135729232e-01,1.559993119379549376e-01,7.671736142473988274e-01,9.615324979161029573e-01,8.574219571455999889e-01,8.392455375916799687e-01,4.650881434571808581e-01,8.839708012378172386e-01,3.634598339322280269e-01,8.509305616828745089e-01,7.687093228910997222e-01,6.575066060593233175e-01,1.132772515355756210e-01,4.555482513318337978e-01,6.306108122374746161e-01,8.543758737168034578e-01,8.812857989513553925e-01,7.206560323985712335e-01,1.610290100970925842e-01,2.952961890502925901e-01,8.600974340289332387e-01,5.263472503205115505e-01,4.049827535173642912e-01,-9.918310063839901047e-02,6.190407992811327587e-01
8.374832766548572227e-01,6.268295059508264266e-01,7.407720585325144880e-01,5.186131850997394155e-01,7.211946001708070542e-01,5.452395364840231240e-01,4.106028416816049909e-01,5.141328533694455860e-01,5.654700842889971435e-01,5.231245219495309628e-01,4.988818030291735095e-01,5.598464926408566189e-01,7.545169772130928543e-01,7.816610410506628082e-01,0.000000000000000000e+00,5.219279362122906107e-01,7.113219539676424175e-01,2.919671293016068425e-03,4.191673967826199387e-01,8.274018012852419890e-01,8.023471790519058899e-01,8.717656830424054537e-02,8.545037690703700672e-01,7.730313069576069118e-01,7.265738790294022920e-01,8.156395715580421202e-01,6.650341924511162794e-01,7.673428138711561042e-01,4.444392643687834488e-01,5.060847627473357146e-01,-3.686011061576544012e-01,7.798415424121359907e-01,3.617845028344904845e-01,7.055973952376306535e-01,5.240790299572999356e-01,3.550209388522629905e-01,2.159301239281355422e-01,2.085257122139776709e-01,4.641203458256230041e-01,8.358128671814442079e-01,6.709680898050315312e-01,5.036802670530412529e-01,8.407118021628461335e-01,1.784023399768109863e-01,6.634174355224808917e-01,4.726154594582496760e-01,4.502601681251039989e-01,6.278436850599048435e-01,2.406135024926960297e-01,1.117759351441939969e-01,6.148800625223985739e-01,5.729612096382591391e-01,8.425374210286898924e-01,3.182627026101711443e-01,4.249486117875918012e-01,4.378020484814977853e-01,6.694524093219537120e-01,8.424214109639928116e-01,8.512593378033833647e-01,4.866190035709205830e-01,6.365320135472657403e-01,7.567186411363728826e-01,1.255429509963031098e-01,8.362265589612660754e-01,7.252944622882525616e-01,3.671255818887584343e-01,7.098225950624256209e-01,9.306455294767975728e-01,6.231447048428652158e-01,7.324613845228471476e-01,4.656790305952032694e-01,7.928603871986628082e-01,4.915513822432808766e-01,5.698841717274909513e-01,2.840767780248535934e-01,6.678752681777653244e-01,4.470940105144141086e-01,7.075781231516428127e-01,5.824472728687730694e-01,1.396184953730640055e-01,4.194326185787313754e-01,6.305767179758405838e-01,7.791330773262361564e-01,6.330354111917350091e-01,2.126346880836527953e-01
9.891882022431908172e-01,8.830462494897955983e-01,1.704876919997246332e-01,2.117310953007645880e-01,5.876168785129119998e-01,4.770550552588694870e-01,6.171249680484107714e-01,5.060688877587242729e-01,4.840358629567691473e-01,8.012833267355573552e-01,2.007738687257047405e-01,8.870487807667797320e-01,6.664475231272093403e-01,7.497891036543682386e-01,5.219279362122906107e-01,0.000000000000000000e+00,7.341463862604749036e-01,5.059162512954596957e-01,7.444947806897788123e-01,6.191070886423815089e-01,6.881398828117554212e-01,8.588215811573588487e-01,5.476036055022697607e-02,4.088906724602910936e-01,7.714311390900112642e-01,4.998397452677205699e-01,5.373917940045087605e-01,2.590954028619228411e-01,4.168216022122550601e-01,3.700128408012161585e-01,4.544813668052228861e-01,4.609402661483282260e-01,6.169955902620088972e-01,4.630020624597448453e-01,3.899017903610572655e-01,7.069220186636057113e-01,-1.833229292503614771e-01,6.298210288438916837e-01,7.151818836485798192e-01,9.574170393027877646e-01,6.341494444734472324e-01,1.687661443238325787e-01,8.100028617226089356e-01,6.646758597757145282e-01,7.312011840887080449e-01,7.660663112968936206e-01,9.742013907088461488e-01,5.336119936088867810e-02,6.523592754453022557e-01,3.417702670736367798e-01,6.320888937722716205e-01,2.207766349291491736e-01,8.187676016181120175e-01,5.168375927262190972e-01,5.175624926075524934e-01,7.749986299240559928e-01,4.977711953560678415e-01,6.274235140510948661e-01,5.534284244150304843e-01,7.414014137651999681e-01,5.446532870045170949e-01,6.185273960211199462e-01,6.245639374277340838e-01,8.062084608989557033e-01,6.613102728927224838e-01,5.145617979454231161e-01,7.984141763495691269e-01,9.271883066622893521e-01,2.901845659526453014e-01,7.026571329486687167e-01,9.241333200226056199e-01,4.677793127508118598e-01,3.586638684530165655e-01,4.825422799692957732e-01,4.631376626485456671e-01,8.373631920545127061e-01,6.886069623123718397e-01,4.651510608091642685e-02,9.855607679729294635e-01,3.769813716763618094e-01,7.627316877371834725e-01,6.370619304239789615e-01,8.451946817733115846e-01,4.126170244840809964e-01,9.657491955592629740e-01
5.465892107479706219e-01,7.513524674200001696e-01,9.761775473816992621e-01,7.744330215127583905e-01,6.146889133122780402e-01,2.220457742376926169e-01,7.250475786328384187e-01,7.511726696265437209e-01,8.266053064358134250e-01,4.557457139676903690e-01,5.261905992874121862e-01,6.895616707658566158e-01,7.830902891604990534e-01,1.224615969587328212e-01,7.113219539676424175e-01,7.341463862604749036e-01,0.000000000000000000e+00,5.161039890529516283e-01,7.989869192359153605e-01,9.260182145224893357e-01,9.448493226547649559e-01,8.381673030647572853e-01,6.290942359167555065e-01,9.780892799920332115e-01,1.500952086339506497e-01,9.895313668401108931e-01,8.838991690961793823e-01,7.061581752582929417e-01,1.276101632255435547e-01,2.887885042918402201e-01,2.767966377313502147e-01,5.254101661774965848e-01,3.076154597835299986e-01,8.086882276873598174e-01,7.849131563355914443e-01,2.287115169636380618e-01,2.855343092644917549e-02,4.421024785426647119e-01,5.716020871257886382e-01,9.423723290849083112e-01,3.408131732206182152e-01,8.832668715134385229e-01,9.952857128000276443e-01,4.537245073088850833e-01,9.395363325564521917e-01,3.798847259652883279e-01,4.617922226315917533e-01,7.671162964123305894e-01,6.659285035557271915e-01,3.106524086684030461e-01,7.249103202138487134e-01,9.225075928120085589e-01,2.003781769715856365e-01,8.212132074944021587e-02,8.006879750481327163e-01,7.316536323252773588e-01,4.135863672571779004e-01,6.929429571638999752e-01,4.843148320903098436e-01,6.490419852824241831e-01,7.813982747643292148e-01,7.401522154168075351e-01,8.447838672543307448e-01,5.394491751698156090e-01,4.206279687702220160e-01,2.366705327720940999e-01,4.219528708424550301e-01,4.682809475612957906e-01,4.495119597417756019e-01,7.049732874892323045e-03,4.016584073354403372e-01,8.742792155984494551e-01,6.787887496215453398e-01,5.392814406435157970e-01,9.120584103749758142e-01,3.091984966598388396e-01,7.333198558265739964e-01,6.948128229768427699e-01,4.158880594600106173e-01,-8.335967815325277808e-02,6.883739765692461487e-01,6.766345265324686942e-01,6.881495435489768386e-01,2.825588328247020664e-01,9.722916772458027879e-01
7.643531412427594374e-01,7.950595475950650304e-01,7.875070555015977192e-01,5.881534278900699686e-01,8.886441029816235515e-01,5.574946457263961763e-01,1.532643390812619688e-01,3.319760245897253048e-01,6.209025835537868021e-01,1.378478725725212628e-01,3.272452096996867482e-02,3.445190179854055179e-01,6.336567560923677123e-01,2.812920646733524377e-01,2.919671293016068425e-03,5.059162512954596957e-01,5.161039890529516283e-01,0.000000000000000000e+00,1.043354965533189183e-01,3.571005229372782308e-01,5.095106917447219663e-01,6.452755038685259459e-01,4.915094096205370744e-01,7.362794246974185830e-01,4.307340148308195227e-01,8.990854031198594054e-01,6.066407346628387431e-01,8.814967354961111834e-01,2.106912756494264127e-01,1.906804370080615318e-01,1.209719540147534550e-01,4.800236866800752233e-01,7.034380509914142099e-01,6.397424955460996321e-01,6.882129769301055244e-01,4.802575470571344707e-01,1.698121386691449006e-02,4.253440565747976243e-01,6.712925051541229760e-01,8.629580395849109076e-01,4.094285523539719085e-01,5.099812459305231860e-01,4.301052583397392826e-01,9.669279665008447822e-01,9.192840194985345548e-01,9.518866344121710288e-01,7.098531713599453008e-01,5.215472036930101085e-01,4.112631869874133206e-01,2.925335819262722126e-01,7.093515503598244454e-01,4.920865590644255549e-01,9.490029363065831669e-01,7.817214421390128454e-01,-1.572137667308680931e-01,7.664526779421533265e-01,6.611898669942872786e-01,7.235590422092589291e-01,7.667157778202726703e-01,-9.744901318976566251e-02,1.304418726872337009e-01,7.225777857802887505e-01,6.685042248979055080e-01,8.644065802523429598e-01,6.799626317369849016e-01,5.812330594429022668e-01,6.531113486162015702e-01,5.652705548297817240e-01,7.060090154026867904e-01,6.406759843195015680e-01,6.893597927421621918e-01,5.708683231763307386e-01,1.543424633156286196e-01,7.058623622138926468e-01,5.855311166263058587e-01,4.646694533184655418e-01,7.826256761912714355e-01,5.359684785721127165e-01,3.532978356422167288e-01,4.768460798325830363e-01,5.821732096914284948e-01,6.060555100324972466e-01,5.694588503751223385e-01,5.897289833345719101e-01,5.158699965382813613e-01
