0.000000000000000000e+00,8.230117137172369146e-01,6.675950590458130662e-01,9.883912025357800557e-01,8.440099905582797435e-01,1.658270069636386956e-01,2.364493166619824338e-01,7.184997410594964329e-01,7.543712319835977897e-01,8.582014844481835603e-01,9.498434242017396167e-01,8.780543574561414655e-01,9.011962463460935213e-01,8.406531230284981504e-01,2.774691177329584590e-01,6.502613916216326562e-01,5.075921941024320594e-01,8.693439307856009046e-01,6.376841836588316159e-01,6.275184108795072158e-01,9.152415697538396344e-01,9.124731297379702344e-01,6.429349305853399033e-01,4.701499545014445336e-01,8.802767269909241854e-01,5.735411190213302035e-01,8.402641141116816703e-01,8.296448272125078738e-01,5.233929787983552240e-01,4.772252593025304579e-01,-5.676334398877458387e-02,5.314517653230038663e-01,6.347170986225889600e-01,7.119877209486995540e-01,8.569544110296070105e-01,6.536362861163171889e-01,3.303293351878016093e-01,6.779725925056805380e-01,6.584179560085754446e-01,9.308005431844459387e-01,4.697160623439445848e-01,8.469627742193717168e-01,4.560228395198152040e-01,6.981376237610770197e-01,7.638426460218913361e-01,3.369392404684323772e-01,5.367102696962490205e-01,9.891620487197634315e-01,4.295137651862754868e-01,8.937940773319936749e-01,7.421493672363801419e-01,6.881185240558999050e-01,3.436763130330685589e-01,6.782159485407355248e-01,7.131407287978758225e-01,6.004254300616008733e-01,7.021203663553048369e-01,4.536000398771101727e-01,7.263008121947724938e-01,4.685574555323660517e-01,6.142775779530914582e-01,6.194034485137472901e-01,7.223641261000269820e-01,6.429904483048933805e-01,6.452436241366471537e-01,8.785346004937504283e-01,4.673000787458570504e-01,8.957713108920052347e-01,4.883275363553901127e-01,4.408322030916869694e-01,3.876334740968265802e-01,5.415411610796887487e-01,7.276871372827224960e-01,3.630075229373888046e-01,4.890561258608679962e-01,6.494577139666348753e-01,5.730930159357965348e-01,8.307315343677658115e-01,4.535188628404672184e-01,3.475426675929648157e-01,4.777213344425951247e-01,5.119042287738474473e-01,5.504440495488478469e-01,1.592003568329473928e-01,8.553516210888467697e-01
8.230117137172369146e-01,0.000000000000000000e+00,5.377463995972264765e-01,6.243902930619248393e-01,4.845425025929896989e-01,2.277344923888665884e-01,4.529434576228677511e-01,3.542169349935139211e-01,6.644008815904636212e-01,6.718869105562377264e-01,9.964325030867071664e-01,9.940552567130340744e-01,1.903692570691659369e-01,8.932239041132598034e-01,6.944539958999313978e-01,6.357599711647712315e-01,7.385891311371475254e-01,4.046626825483340406e-01,8.528923272108733800e-01,7.846661313489754486e-01,6.329095091233144510e-01,7.213932394609519072e-01,2.571381081659199208e-01,7.879810725640328251e-01,7.983241317417151539e-02,7.252972962629562759e-02,4.984432461263740288e-01,6.124941960128292839e-01,3.202634249918014375e-01,4.409105757435650141e-01,5.524443465958386312e-01,6.260958355417206578e-01,9.226404077743302068e-01,6.614299313485445531e-01,6.742191553445964214e-01,2.426187310260856100e-01,3.706623025619207312e-01,3.722644694783389108e-01,9.638390533360461365e-01,7.810137094242659561e-01,5.349931423759385352e-01,9.676855273382801714e-01,9.264177418577302925e-01,9.974066282859834764e-01,9.620723372347451674e-01,7.218538456697981553e-01,6.574442982803685442e-01,6.270959101084924159e-01,6.751463933706799425e-01,2.251616074856068739e-01,6.564395944785059722e-01,7.214733146750540449e-01,4.085315301117256048e-01,1.622355263600156958e-02,4.793586934742984917e-01,7.603779601075272288e-01,7.712874504413413934e-01,4.828704863578986428e-01,7.327499500107842456e-01,3.219721710931473524e-01,4.552556261480298905e-01,4.072593891429454604e-01,9.966518010782400294e-01,6.543047604179285104e-01,9.149456831266440382e-01,8.096128069224728385e-01,6.760637838076295481e-01,8.788357016461824101e-01,6.775879440403363985e-01,6.530037315723142832e-01,6.361530891272999533e-01,1.417007367853010402e-01,5.054958334029853173e-01,5.000566063516950210e-01,5.279011785600278284e-01,9.278297747575395826e-01,7.021529036718543448e-01,7.823193747944250376e-01,6.782290375175327179e-01,1.896329209965399443e-01,5.858044054992646021e-01,9.352713307472321214e-01,6.638396880513444120e-01,5.023036546978836281e-01,6.753878958537137267e-01
6.675950590458130662e-01,5.377463995972264765e-01,0.000000000000000000e+00,8.947938095814447212e-01,8.383884479173855375e-01,6.701576833933108324e-01,-1.127311028272440230e-01,5.125278165256041962e-01,7.956969505318587377e-01,3.812901018246921819e-02,6.940308362502283224e-01,9.236491335026854044e-01,6.742216151096173116e-01,7.221827193679790646e-01,8.149879860769496664e-01,7.813428986631866247e-01,9.922527337463177277e-01,4.650362773239126724e-01,6.944896481884362816e-01,7.905563909555379798e-01,7.115407187808816536e-01,6.583457562775110183e-01,7.977447660891892056e-01,8.748036910457641646e-01,7.451965921034224838e-01,8.268687489328834239e-01,4.554974902199311892e-01,7.290549842554781002e-01,5.656963893304735036e-01,2.055162911780195611e-01,2.335692249540015364e-01,5.649280219136751935e-01,8.114481202918998326e-01,3.694978090518491465e-01,9.901683842352306808e-01,3.578153084301312070e-01,-1.110498287017112895e-01,8.082020494849418979e-01,7.464719871946022822e-01,5.601919585992235495e-01,6.089877933392554565e-01,7.856654458244211048e-01,6.105155344383378369e-01,5.137452133448616731e-01,5.939500819016001465e-01,4.137832236241270611e-01,1.271083153120871126e-02,7.041831402924562111e-01,6.283268451078124484e-01,5.029556979781033554e-01,6.478991925856671941e-01,9.944580297720335693e-01,2.771779570021149497e-01,7.535297644937309913e-01,6.100656165664106734e-01,8.087898552679575470e-01,9.167485287643233338e-01,7.005760077555732712e-01,8.823699280804526701e-01,3.137207267731957350e-01,3.460701985867021824e-01,7.157071060045973043e-01,2.772336830483890791e-01,7.857568628465159133e-01,5.309628329795209600e-01,6.109482281889596633e-01,6.784655709046980565e-01,8.833642595067106029e-01,7.521810623847491328e-01,4.091065618126087378e-01,4.788247004098832305e-01,6.542258685944324359e-01,3.294636499300825083e-02,6.680811082591009420e-01,8.242467869315217577e-01,5.702158302012634294e-01,9.263042122776066201e-01,8.903963843708265768e-01,7.578834653887823736e-01,3.393149791778583557e-01,7.432828754303388852e-01,4.811200641245227394e-01,7.765582145906722022e-01,5.267816925237139847e-01,8.537263563696179114e-01
9.883912025357800557e-01,6.243902930619248393e-01,8.947938095814447212e-01,0.000000000000000000e+00,5.306319048788387116e-01,-1.614480851642482728e-01,3.350801314934499509e-01,-2.638027190717440185e-02,3.122266102889451611e-01,6.774333570321222631e-01,8.596147751765147449e-01,8.571480827613894293e-01,8.006977224079946387e-01,4.136219969373173266e-01,8.099750652644086557e-01,5.961556310756129795e-01,9.618473376029134103e-01,9.941451859158429993e-01,6.250763187760717265e-01,4.002068847712234589e-01,6.088431853472210387e-01,9.307670026400320928e-01,4.983922427335256145e-01,7.970770606450141571e-01,4.182974556728993321e-01,6.129378815222389365e-01,2.892982602860177943e-01,9.705211075482742533e-01,5.483764765621650383e-01,-2.810044633515099144e-02,5.851420537516165421e-01,5.917176698958042103e-01,9.615044163467779681e-01,7.418851497825083019e-01,9.183832845911138465e-01,2.002704695495625686e-01,6.108202405517864086e-01,5.197056886634868755e-01,5.459306377756362183e-01,7.727530408817649965e-01,5.926053408899950581e-01,6.716329420438463815e-01,7.573513965271057025e-01,7.617050519905316230e-01,9.281535309170368953e-01,7.220784439934126997e-01,4.855885698231565684e-01,6.711854112004959072e-01,5.439648675566494118e-01,9.245691503355469854e-01,5.791564850534163256e-01,3.503213341403531578e-01,6.869378376605231873e-01,6.631137769306292284e-01,7.728983202978849665e-01,5.952483411493805221e-01,4.351600777540265419e-01,7.362355978806528478e-01,7.485740854699555191e-01,2.279231461619822818e-01,6.267428735537530216e-01,7.461779649988917740e-01,6.244319297249867340e-01,6.118726980764068735e-01,7.201409605427676608e-01,8.960224787455509099e-02,7.319020496101668050e-01,4.870858114776271397e-01,6.275638278850295126e-01,6.609340487884415305e-01,5.645533225118967158e-01,8.297711371561441451e-01,3.076419697931440655e-01,4.234218537656623260e-01,8.157622639717230228e-01,4.342719454325551509e-01,9.731440982549098839e-01,6.691811659701862869e-01,3.188534810885695209e-02,3.693701837442581182e-01,3.590852781995684806e-01,8.046724431254443921e-01,6.120917126458961244e-01,5.973429712661186830e-01,4.312056203714686453e-01
8.440099905582797435e-01,4.845425025929896989e-01,8.383884479173855375e-01,5.306319048788387116e-01,0.000000000000000000e+00,4.596005760009885255e-01,5.624159258693234298e-01,4.901312504389730429e-01,5.975439495497631981e-01,4.520405249021632876e-01,7.889231506612464084e-01,6.044602034870810714e-01,7.800488594543240062e-01,6.165397874705285108e-01,2.660253681067660803e-01,3.894170265470976444e-01,7.177212308936158358e-01,9.069024103294299755e-01,6.990743515059798519e-01,8.874024399845418243e-01,1.413702691960179170e-01,4.140914380099130487e-01,7.461014309286437829e-01,7.800284085656944422e-01,2.151845930476313229e-01,4.989375901773270838e-01,5.458102206638412168e-01,7.358814983862955739e-01,4.431758751902901278e-02,1.606837939850360719e-01,2.578192970867975720e-01,2.598512045283994931e-01,7.147201931870147407e-01,7.689413148406303300e-01,1.158262902157500412e-01,1.844740625202326290e-01,3.866361421106974117e-01,2.838626751401729376e-02,7.152664792994819498e-01,2.576780467834597355e-01,6.278600609948460365e-01,9.749954293415977746e-01,8.618903560093715832e-01,7.295550376248343127e-01,4.477227342959588241e-01,8.880532415308954874e-01,5.240848941443023712e-01,9.487191497430632614e-01,4.146382439759783156e-01,4.558197370519249114e-01,7.932757686352490123e-02,7.105392399962103811e-01,6.379855223884204340e-01,9.553454883933503172e-01,6.739642407290549198e-01,6.911010865735797148e-01,4.349782787777471960e-01,1.174847570371340133e-01,7.484354115724589640e-01,4.071909281393288893e-01,3.248382129387013539e-01,7.929195818997012424e-01,4.216401034191612496e-01,4.645343163099489581e-01,7.690615530643107878e-01,5.945832162091665429e-01,8.440268409766222835e-01,8.500326247968307269e-01,1.148431241312187628e-01,6.804046303613904279e-01,8.461315029298398516e-01,4.582158680220756453e-01,5.468560172736763869e-01,1.619881520791325302e-01,7.507497260847904030e-01,-2.178915829796276848e-02,5.625510422208448436e-01,6.997452235734967774e-01,2.589960353060577480e-01,-3.794408840850477249e-01,4.377613851141566315e-01,7.876337407413487313e-01,2.577765554173987450e-01,4.705710233360723138e-01,4.234021541280532097e-01
1.658270069636386956e-01,2.277344923888665884e-01,6.701576833933108324e-01,-1.614480851642482728e-01,4.596005760009885255e-01,0.000000000000000000e+00,5.299215398834218327e-01,4.815743865479280572e-01,3.593877031666309341e-01,4.741455757271825777e-01,9.973451922347833509e-01,4.079698615100232351e-01,5.841833324193154153e-01,8.593630518402404217e-01,7.288811400031254273e-01,-1.884382338978654592e-01,5.329305120700024156e-01,4.707668839733680777e-01,6.685113416380548124e-01,6.968482232660618836e-01,7.150444412674199501e-01,6.565386020738459560e-01,7.492309712447898784e-01,7.777580426617363152e-01,3.346027049434882050e-01,7.600783523421018595e-01,8.726425204791157242e-01,8.967629736953716124e-01,5.362445180037089809e-01,2.585659666168503845e-01,5.096916778556310756e-01,6.106309660142722473e-01,5.875677083901592601e-01,9.652629641705929853e-01,7.664451327713304174e-01,4.993327065334744463e-01,4.091990600147503709e-01,4.816615748522516949e-01,6.392489425233346401e-01,5.711843489086620984e-01,5.873978804928496888e-01,4.645883286222606268e-01,6.270811784050418503e-01,3.713806296802063533e-01,8.410735452238974341e-01,5.266547090445676815e-01,6.933178946051012925e-01,9.215844387083946820e-01,7.512924132321363579e-02,7.538816746198933050e-01,4.533225569232600116e-01,6.928725833182208804e-01,4.893050338515941289e-01,2.898957715661281132e-01,7.530285284395361600e-01,7.708191750828684574e-01,8.286844984040401263e-01,6.652445354012068712e-01,6.902149523896363714e-01,4.540672411561806343e-01,5.544346195472693584e-01,2.681960993014807504e-01,5.343597522592447024e-01,6.314612607908821618e-01,6.431297055775813121e-01,4.378851058622822978e-01,6.311126496685806053e-01,8.704499028101062574e-01,7.964981840689528969e-01,9.271822256831164788e-01,7.256439397216539744e-01,3.702501171724456586e-01,7.589805827840893082e-01,6.526367630770649741e-01,6.654203049518216950e-01,9.718912840458465707e-01,6.229608203713756787e-01,6.846497319140794069e-01,2.532552331383227107e-01,6.343349151748417514e-01,4.585726176613113547e-01,6.181328484694829095e-01,7.029452257864369225e-01,4.826538273243039523e-01,8.434831096034155484e-01
2.364493166619824338e-01,4.529434576228677511e-01,-1.127311028272440230e-01,3.350801314934499509e-01,5.624159258693234298e-01,5.299215398834218327e-01,0.000000000000000000e+00,2.125470635870459202e-01,9.968141845146871738e-01,5.471757440859835731e-01,4.058121451136482150e-01,6.612843522119418171e-01,3.661770972185038886e-01,9.909673249818324869e-01,6.070557786476767914e-01,5.657269064028447314e-01,9.624446199730459783e-01,6.809001826794528478e-01,5.962307473724761664e-01,9.438542973876290487e-01,4.121424606375434507e-01,6.786428881276593827e-01,5.630408216065418969e-01,6.761189620021995639e-01,7.959740186198930312e-01,5.273977070768213204e-01,-7.326576814988483566e-02,6.477681912551211951e-01,3.395428688887378588e-01,2.385452249259573942e-01,6.627496498873879094e-02,3.682820044157217865e-01,4.336770743701754971e-01,5.585720413838398679e-01,6.236100077734648695e-01,7.304813846791200493e-01,2.039574179499902828e-01,6.591440378024591151e-01,7.749346548415143587e-01,2.819064802482206256e-01,5.138167445727104266e-01,2.021749295811948177e-01,5.427050952361746061e-01,4.254092137727079614e-01,6.192129004853503815e-01,2.225753299157275655e-01,6.652258774572586963e-01,1.536663440133109182e-01,7.851894503659850866e-02,6.583655794666001260e-01,5.473270672776088253e-01,5.247028802138578030e-01,6.557995027079400741e-01,2.633014304272603412e-01,2.094448449731422524e-01,2.612914958775971463e-01,4.612089615996716185e-01,3.956022078196037572e-01,6.626076915747749485e-01,5.162577420959455488e-01,4.941906240746831158e-01,3.586478868847275403e-01,6.164285344089662777e-01,6.948061933341512786e-01,8.215116307965446563e-01,7.302678957256852899e-01,3.536862122840354061e-01,5.781370240579776221e-01,6.377218880515729271e-01,7.639685945435754633e-01,4.604722623963445893e-01,2.196026453291416991e-01,-3.832671475981003217e-02,1.780931763092816200e-01,2.786236950732702278e-01,9.924335442266241092e-01,5.672057265718413177e-01,-3.450790266449819121e-01,-3.207618468517425825e-02,7.088311209707113258e-01,5.092025729333120587e-01,6.907209666416509464e-01,6.291343537022140442e-01,4.124463126518445044e-01,4.783871679026766577e-01
7.184997410594964329e-01,3.542169349935139211e-01,5.125278165256041962e-01,-2.638027190717440185e-02,4.901312504389730429e-01,4.815743865479280572e-01,2.125470635870459202e-01,0.000000000000000000e+00,5.776189088691386919e-01,6.064296124209903605e-01,4.161816483158357616e-01,5.304926668658330735e-01,4.482646129709125238e-01,8.667526578577324781e-01,3.570465928762734387e-01,6.012005869206822339e-01,6.874445141897922440e-01,7.275648935554024366e-01,3.842927517972256624e-01,8.760051267374542316e-01,6.074663886669825485e-01,4.963391675660217550e-01,4.037192381032587152e-01,6.517481898943110474e-01,2.472163075258371756e-01,5.255936815764250536e-02,6.814351029617553568e-01,3.965985897022702433e-01,6.629604409420027933e-01,4.799256393029937007e-01,5.028557471464254469e-01,3.026305343810499204e-01,4.227128892860450293e-02,7.437974693684420435e-01,7.610169926216441283e-01,6.190174489123384527e-01,2.211484883478056773e-01,6.438676191201799792e-01,8.837226172711567518e-01,6.048548572934469014e-01,5.717284396916590961e-01,5.007181975671151086e-01,7.369924250673026700e-01,6.865494224694501657e-01,7.931735275373734684e-01,7.272925534997863872e-01,4.433598832448583105e-01,7.504388128948080716e-01,5.244075629339903788e-01,6.190979323411702762e-01,7.673389448385967704e-01,5.863763487125315255e-01,6.657838255773997904e-01,5.437786969376857682e-01,6.331858899807858432e-01,5.291966850474149053e-01,6.619239942341440530e-01,5.417589548667478550e-01,8.027479346273828087e-01,4.940087739375067510e-01,6.216133724210480826e-01,5.741832225556233738e-01,5.531219034550841629e-01,7.265689097930576601e-01,9.044911504943402569e-01,4.483350907632317472e-01,2.795177459018085564e-01,9.494627373732839049e-01,2.789415319580073604e-01,6.904615514748854155e-01,2.874947344740049759e-01,4.117986061288463340e-01,5.672554255181563310e-01,7.152814737506237863e-01,2.438117967996539792e-01,5.676479239677313382e-01,2.072471183826373742e-01,6.102713169971966112e-01,2.554650052108950464e-01,3.178054642016569509e-01,3.959209670811504322e-01,5.981194274843257830e-01,7.638900815686107126e-01,5.341434931461376268e-01,7.863231201181346552e-01
7.543712319835977897e-01,6.644008815904636212e-01,7.956969505318587377e-01,3.122266102889451611e-01,5.975439495497631981e-01,3.593877031666309341e-01,9.968141845146871738e-01,5.776189088691386919e-01,0.000000000000000000e+00,4.775145309540984040e-01,6.379066322480679840e-01,7.999811949083390772e-01,6.675375887693340005e-01,9.462726688909458561e-01,4.543028296573939362e-01,9.384516848653370324e-01,4.081690966631349449e-01,2.293779525460611368e-01,5.394493792338043159e-01,8.806833434059949672e-01,8.088957200110735712e-01,9.474123999902295257e-01,5.901813185738402634e-01,6.783433352290180185e-01,6.451910526125472778e-01,1.817613279536624826e-01,6.088335053973000788e-01,5.088986558234450674e-01,4.439796413572090761e-01,3.859648572839414760e-01,3.899484783409641608e-02,8.081355029063834738e-01,5.922791816189685310e-01,4.697369410145585400e-01,4.624647994811251772e-01,1.156765847626506638e-01,4.156975335726543763e-01,6.713033430583014161e-01,5.786750441472396922e-01,7.658446421877860288e-01,4.625415262206031830e-01,5.496821957302372441e-01,8.069589127563353559e-01,2.370799267430191148e-01,9.315225421703646758e-01,5.537632858032867089e-01,5.886283736329075422e-01,2.378145357957227313e-01,8.159149915219136018e-01,4.781411067454829911e-01,6.759071607521833780e-01,4.587637442880210803e-01,4.359438487019300368e-01,6.839153040099776870e-01,6.886224781980114784e-01,3.875809202539353127e-01,7.177557970896497608e-01,3.591445138877855658e-01,7.286374322019573135e-01,5.773253150999628769e-01,3.064627776088347244e-01,6.097435283628513947e-01,8.101711658373251801e-01,9.257019721059281947e-01,4.276851763134446038e-01,6.647631984484239087e-01,7.923996170790987836e-01,6.075667452307267902e-02,7.492641337641428034e-01,6.914144731397031673e-01,4.789168806805906842e-01,4.784578655330029018e-01,2.124514814540038599e-01,1.767407187972620253e-01,6.508819923273375663e-01,6.813527523736175873e-01,4.333168053166572831e-01,1.395205830157496829e-01,3.375442051757351902e-01,3.479845509792562908e-01,9.649230848640093505e-01,5.646434080018282176e-01,4.056347585475144624e-01,-3.794870865969832141e-02,1.282185797708217667e-01
8.582014844481835603e-01,6.718869105562377264e-01,3.812901018246921819e-02,6.774333570321222631e-01,4.520405249021632876e-01,4.741455757271825777e-01,5.471757440859835731e-01,6.064296124209903605e-01,4.775145309540984040e-01,0.000000000000000000e+00,5.819084384100577934e-01,2.129425819661266706e-01,8.663958380347589472e-01,6.615495567947258237e-01,6.826185966936200167e-01,2.155568769866628154e-01,8.949039240539388151e-01,2.762420129772146793e-01,7.875484303530064789e-01,6.161690116843366871e-01,3.121983883829278494e-01,4.833093349361826108e-01,5.425803758929843568e-01,9.420629255678446556e-01,2.859354633534952894e-01,6.450009655014344867e-01,7.692640594432058609e-01,4.375780095329089292e-01,2.393653409888503725e-01,2.444356759230597587e-01,3.672285282727287270e-01,3.760816901051561856e-01,7.423657526747119428e-01,7.686128397339534457e-01,6.837018704703488048e-01,5.346372148294078475e-01,2.541596740600927662e-01,-1.327725945268727892e-01,7.425537159995997394e-01,6.919054615612745263e-01,-1.517223901983409673e-01,7.155192992191419243e-01,7.287552129208327845e-01,4.752150004451640153e-01,8.856060602851002495e-01,9.101761206178003993e-01,9.790736659818517484e-01,9.354489246105682776e-01,3.699902520025618591e-01,6.018607847103870645e-01,4.097048795228936946e-01,4.639454859653517338e-01,5.497793020543840781e-01,6.414785668065789981e-01,6.152222246797394156e-01,7.366936817548539462e-01,6.007483799453641193e-01,7.040098431042193239e-01,9.910236233473355139e-01,5.723738536190769999e-01,5.208631345818092173e-01,4.387162199935936702e-01,3.353622723730480537e-01,8.988682394917745233e-01,7.492674532500935847e-01,6.591037300718359804e-01,4.704349253654346308e-01,7.168569679617842194e-01,6.960798091765479922e-01,4.719454611036891789e-01,7.895881148234326075e-01,6.107186600222157535e-01,7.663227998622665904e-01,7.314156268891333079e-01,3.051489888439272713e-01,4.677669555737727358e-01,4.115369832336771561e-01,6.850591448661386140e-01,4.624605155977863369e-01,7.366154707514785405e-02,3.864965209127799728e-01,7.480907731153374485e-01,7.740217110205703799e-01,5.935408439476279607e-01,7.608074601674232884e-01
9.498434242017396167e-01,9.964325030867071664e-01,6.940308362502283224e-01,8.596147751765147449e-01,7.889231506612464084e-01,9.973451922347833509e-01,4.058121451136482150e-01,4.161816483158357616e-01,6.379066322480679840e-01,5.819084384100577934e-01,0.000000000000000000e+00,4.654696551970244345e-01,7.106511192404374455e-01,4.488849954013345855e-01,2.644439801461120343e-01,5.204702832004801660e-01,3.812611634708216318e-02,5.385929880441175932e-01,4.797599188789321012e-01,7.496895029138386235e-01,4.791366841647350383e-01,5.232845066890823293e-01,7.304982896688808625e-01,7.270145015537228250e-01,2.253796931694453942e-01,6.177234003128599937e-01,7.449322147291772556e-01,5.684350893559528828e-01,4.020854402320601095e-01,6.494645296305447957e-01,8.800897741425101062e-02,4.535484828521614276e-01,5.491081332734862874e-01,7.716166137160869187e-01,5.509969644531553801e-01,2.604005451481973266e-01,5.104770016896559293e-01,7.649281186504297558e-01,9.215015010356738534e-01,2.693327543934282975e-01,3.797874696295325259e-01,4.184608300724556029e-01,3.163155104250234273e-01,6.627725681724141449e-01,9.695011013900888264e-01,4.976788364029631762e-01,6.648877909126633678e-01,6.314702562816385534e-01,4.562037707821163801e-01,8.123452268141116706e-02,5.935823689376331647e-01,6.630948624139558767e-01,6.765074469012932745e-01,6.174208230769661077e-01,4.466650518962260175e-01,5.742587790361536326e-01,2.136129750482894385e-01,6.830826210216098815e-01,5.912705884918109112e-01,5.387188422212626504e-01,3.104251702595719475e-01,6.816340045778688239e-01,7.653562969864893262e-01,6.296158874964908891e-01,3.586399794606533464e-01,5.354209532081557477e-01,5.675465802987643693e-01,5.367737444795557256e-01,2.010101855845059238e-01,9.255799420030514923e-01,4.968401140014849227e-01,5.581653948043384661e-01,5.085480544356507648e-01,2.864953775541453362e-01,4.953816957933013798e-01,3.350060522291097298e-01,6.057098072834092850e-01,6.851796968196622872e-01,8.323866279783739275e-01,2.970514943120027285e-01,7.502183649409869259e-01,9.366310547711809154e-01,7.536539569328838395e-01,4.151321557012377927e-01,6.671640581258779790e-01
8.780543574561414655e-01,9.940552567130340744e-01,9.236491335026854044e-01,8.571480827613894293e-01,6.044602034870810714e-01,4.079698615100232351e-01,6.612843522119418171e-01,5.304926668658330735e-01,7.999811949083390772e-01,2.129425819661266706e-01,4.654696551970244345e-01,0.000000000000000000e+00,6.786525709253588001e-01,9.883997434596325515e-01,6.918095548205744905e-01,4.100569348527913771e-01,9.236693576620266244e-01,7.004126325939150632e-01,7.989167196320650088e-01,4.205173474272962397e-01,2.739104717495688956e-01,6.923632165260973359e-01,6.782602685613206006e-01,9.453784757219065860e-01,6.456957490956998225e-01,3.336281977101340224e-01,6.840108485204344779e-01,8.246583836315095617e-01,1.266693047333041500e-01,7.002045888417762765e-01,2.298630698778693637e-01,6.711526879503306731e-01,5.262429027112328628e-01,4.147762585097378718e-01,6.828650660054176313e-01,4.370045586789660375e-01,1.245825761537836113e-01,5.838042264418328298e-01,6.591907099259719516e-01,4.944080371893053716e-01,5.819476546869774003e-01,2.980500095484923673e-01,7.081347742043695437e-01,8.414360366118904810e-01,8.231320728244012619e-01,6.712771120421660020e-01,6.001546919727589469e-01,7.507684800741252218e-01,2.963344602529494054e-02,3.680038489825854242e-01,7.426969970142717203e-01,6.844787740761294481e-01,7.788430443722410557e-01,2.674126963801951584e-01,1.146621365398609038e-01,9.696421586006765958e-01,6.019916446170056057e-01,6.382034985868199062e-01,8.987207163960678757e-01,1.174556754077380055e-01,6.835816629695251612e-01,2.918100578642242593e-01,6.307649095205293266e-01,9.165391472565667108e-01,7.599948526992472697e-01,2.249394467042147294e-01,8.407276276835892181e-01,7.794515584818373366e-01,2.030982423781572677e-01,7.837585339236202708e-01,7.530820515540351812e-01,3.735121918008771358e-01,6.845990539389850138e-01,-3.028929715857553440e-03,4.449197983495242759e-01,4.922476006523741066e-01,9.206157112495734207e-01,7.024010902696994352e-01,7.487193754328876905e-01,3.068930230817991101e-01,4.575291531620857000e-01,9.925940910846429155e-01,7.703133586963386570e-01,4.126255292693989940e-01,3.554997197892670879e-01
9.011962463460935213e-01,1.903692570691659369e-01,6.742216151096173116e-01,8.006977224079946387e-01,7.800488594543240062e-01,5.841833324193154153e-01,3.661770972185038886e-01,4.482646129709125238e-01,6.675375887693340005e-01,8.663958380347589472e-01,7.106511192404374455e-01,6.786525709253588001e-01,0.000000000000000000e+00,4.496886241052236999e-01,6.172407698063511194e-01,2.465243745087483396e-01,6.281743563820642029e-01,5.413240471850110369e-01,7.980974282621446925e-01,7.756325205529450706e-01,8.722531194143242628e-01,6.951812502964981322e-01,4.950180539813957004e-01,9.434627254320062661e-01,4.704945104889224350e-01,7.992902299655779697e-01,6.079087331139143568e-01,6.011972422102798141e-01,2.698493394383990052e-01,7.936874826212233502e-01,3.489108005393258827e-01,4.298158143143150922e-01,6.395054478986199609e-01,3.380537335227891682e-01,6.319967174608154270e-01,2.991291028325722134e-01,6.436836435983955829e-01,9.792136640623385624e-01,7.922755395967391312e-01,8.554395111027065512e-01,9.144648723580356409e-01,6.922198116760609476e-01,9.015146382582804596e-02,4.408258445199811915e-01,8.721533572924196065e-01,3.343246499960568219e-01,6.776613540568426908e-01,2.593212480120521413e-01,8.589337319940011373e-01,8.030158665927444872e-01,4.898436815457039573e-01,9.930477865400062498e-01,6.021066654324570555e-01,7.853311940294600557e-01,3.211016903382611920e-01,6.528165682022911698e-01,7.251336090307406446e-01,6.845367733742930838e-01,4.179696417888390525e-01,6.233059044352875500e-01,4.961211669544340896e-01,6.807172072975179455e-01,2.149987229659447441e-01,6.676974469310597016e-01,9.629231658136323535e-01,6.800016954803655977e-01,7.051227859575348589e-01,7.193874937169224548e-01,7.927103988561883252e-01,5.388337272631434915e-01,8.841780628314187540e-01,6.568312024743339084e-01,4.882321660035277566e-01,5.533825345293997833e-01,3.384245107825170074e-01,9.474582702051930205e-01,6.538207777226208162e-01,5.297594228373339043e-01,4.038680724347478157e-01,4.345525940646700058e-01,8.826403487687850546e-01,7.067104757273788840e-01,7.289437989214303526e-01,5.905902767863757674e-01,5.747943475396598556e-01
8.406531230284981504e-01,8.932239041132598034e-01,7.221827193679790646e-01,4.136219969373173266e-01,6.165397874705285108e-01,8.593630518402404217e-01,9.909673249818324869e-01,8.667526578577324781e-01,9.462726688909458561e-01,6.615495567947258237e-01,4.488849954013345855e-01,9.883997434596325515e-01,4.496886241052236999e-01,0.000000000000000000e+00,5.465394129653471378e-01,4.134003722598024178e-01,6.771663158481624478e-01,9.142828292037720184e-01,5.445933273279457421e-01,7.237318850493116296e-01,7.261238293582596981e-01,6.188617389650851175e-01,5.463080525622042716e-01,7.765133654286402454e-01,4.883024720641069294e-01,7.607863006792001670e-01,4.785500606722263295e-01,5.102417599788746649e-01,5.299392854066209413e-01,6.743296299897439949e-01,3.694469596901592268e-01,6.194605637352934568e-01,4.454909946316763514e-01,8.332091846094605847e-01,2.110026614309307713e-01,4.180210004118385392e-01,5.398168911409884085e-01,7.021687459351452221e-01,7.576062497039390831e-01,9.708867881260448973e-01,1.886631202288441556e-01,5.653345294267153598e-01,6.385475061846307421e-01,4.518621150806126918e-01,9.282791345579850528e-01,7.445293232599310418e-01,8.475782524819044372e-01,5.377702585677137659e-01,6.718585547715307804e-01,6.750264145865220167e-01,2.994040113521768687e-01,8.497851099242925699e-01,3.050529679302004249e-01,8.909081175270835429e-01,7.002278865253949158e-01,6.539870936414671210e-01,8.811701626081560601e-01,1.721902828832993018e-02,5.874965766911559584e-01,4.960305771066269021e-01,2.916469869978290941e-01,4.414862012612609798e-01,7.403194177430003631e-01,7.256298908379719137e-01,7.408773818330378624e-01,3.627542550775771923e-01,6.274742317579691253e-01,8.678945311319938849e-01,1.221069262583658888e-01,9.377258318231966872e-01,2.796701984075528613e-01,3.068768319188799332e-01,6.525717912713994151e-01,1.124191295960901560e-01,6.110726827182976217e-01,7.126919809394679506e-01,5.544501766610773208e-01,6.306844861797279433e-01,4.006950449068235054e-01,1.674442282189516906e-01,5.271760532758046347e-01,4.514395586524293513e-01,2.708957637183448952e-01,4.814492633291442281e-01,4.776639166785999757e-01
2.774691177329584590e-01,6.944539958999313978e-01,8.149879860769496664e-01,8.099750652644086557e-01,2.660253681067660803e-01,7.288811400031254273e-01,6.070557786476767914e-01,3.570465928762734387e-01,4.543028296573939362e-01,6.826185966936200167e-01,2.644439801461120343e-01,6.918095548205744905e-01,6.172407698063511194e-01,5.465394129653471378e-01,0.000000000000000000e+00,3.178271498511834880e-01,9.804345054752918731e-01,2.920555342893462747e-01,4.880099595708495275e-01,6.011094310367574023e-01,2.419970215183303019e-01,8.268454920012103804e-01,8.610968355946125100e-03,3.625530590873414227e-01,6.866275647191328879e-01,4.023361646979792261e-01,9.423571531853168759e-01,7.608109406487887361e-01,4.319096643142610881e-01,3.561850957139207630e-01,2.563719381402534969e-01,4.883104741406487648e-01,5.712330946065564685e-01,7.185131558035542931e-02,9.752772893054413583e-02,2.564160239140084729e-01,3.991933896067834664e-01,5.149789034749132632e-01,8.600936812484885063e-01,7.750366874021457075e-01,7.387508488382167338e-01,7.065366917080668774e-01,1.157179181376874894e-01,4.429644095203669196e-01,9.008238900301482888e-01,9.085061167096341039e-01,3.564410240691810450e-01,5.368550875345261542e-01,6.575162590749250580e-01,6.842318574128926079e-01,2.001190326270641806e-01,8.103308939061860672e-01,3.930955563755234028e-01,4.058706470182683046e-01,7.803017834025829380e-01,2.392572352781983935e-01,4.141956973989487367e-01,5.912705695332484135e-01,3.763487190214548361e-01,3.842494451183383064e-01,2.566605238757755925e-01,8.969611748555554875e-01,9.585726495435384908e-01,6.067484366517696959e-01,-1.276314883647206577e-01,7.970610647168291374e-01,7.186410631884354583e-01,1.932083219039305577e-01,4.682270149413703675e-01,9.944789824778859089e-01,6.970724224667131930e-01,6.324284628753529258e-01,4.289014940373737650e-01,7.378594066014767527e-01,6.469538420861695727e-01,3.292524542775628893e-01,5.879176919046935623e-01,4.319115788673346668e-01,7.353248495194354417e-01,3.604888788072199146e-01,7.222884888130177705e-01,4.103228753586307120e-01,6.713487846181296348e-01,6.591907202785507458e-01,4.772880609478664105e-01
6.502613916216326562e-01,6.357599711647712315e-01,7.813428986631866247e-01,5.961556310756129795e-01,3.894170265470976444e-01,-1.884382338978654592e-01,5.657269064028447314e-01,6.012005869206822339e-01,9.384516848653370324e-01,2.155568769866628154e-01,5.204702832004801660e-01,4.100569348527913771e-01,2.465243745087483396e-01,4.134003722598024178e-01,3.178271498511834880e-01,0.000000000000000000e+00,7.693999549157883866e-01,6.221505903958212125e-01,9.620823751047349326e-01,6.304787563362919123e-01,8.146295843385680246e-01,4.288458841908695529e-01,9.663765034930972275e-01,8.244775234125222285e-01,6.254879231372219017e-01,7.357309668018382487e-01,8.174903397803070515e-01,7.935321723293432550e-01,7.059056911280744417e-01,1.510952276926733895e-01,5.535101571564796652e-01,7.516054131443659081e-01,9.394313690214600721e-01,2.562071922784754929e-01,4.960982334311915265e-01,2.295086826214514930e-01,4.029955679488107512e-01,3.153138738476018998e-01,6.645170373248436846e-01,6.549266257654687839e-01,2.817756420883325563e-01,5.228104355872815745e-01,6.757708753609231733e-01,6.506970845385935398e-01,6.408271957657546425e-01,4.335145613278635901e-01,4.801645407084036976e-01,5.338317430034512645e-01,8.633233360378628207e-01,7.142035707780021170e-01,4.285871442083089011e-01,4.731637284893083217e-01,6.377241056130208419e-01,-3.335045577224937663e-02,7.377838416242998854e-01,6.872206687693444005e-01,7.731065981993039404e-01,5.694502981227018701e-01,8.036490476660209659e-01,4.274382393219730569e-01,4.003709002367088488e-01,7.849828329909761537e-01,9.607789580824603881e-01,7.191628282971853636e-01,6.323669971713918869e-01,6.985194102347151712e-02,5.574502173584464648e-01,8.334876011311496136e-01,6.337848725602051037e-01,6.845189070730716141e-01,6.170299702190135127e-01,2.337369035649682902e-01,4.447597105879179669e-01,-8.869037922917177852e-02,6.301517070211494209e-01,9.421853641498184606e-01,6.549601290726564384e-01,8.251757399962579287e-01,5.170170947079276713e-01,3.741060443993006746e-01,2.204945135290163061e-01,8.567571531806713603e-01,3.450816440167307486e-01,2.607715759381824538e-01,-3.727985923479520403e-01
5.075921941024320594e-01,7.385891311371475254e-01,9.922527337463177277e-01,9.618473376029134103e-01,7.177212308936158358e-01,5.329305120700024156e-01,9.624446199730459783e-01,6.874445141897922440e-01,4.081690966631349449e-01,8.949039240539388151e-01,3.812611634708216318e-02,9.236693576620266244e-01,6.281743563820642029e-01,6.771663158481624478e-01,9.804345054752918731e-01,7.693999549157883866e-01,0.000000000000000000e+00,5.649194676560985728e-01,5.999209170816046655e-01,4.653900663541564175e-01,8.152345054260731194e-01,1.948947387365181083e-01,6.782421706599134348e-01,9.085306154420605962e-01,6.930835945851515634e-01,4.609595733732453349e-01,6.154985262145099556e-01,9.664675475933307558e-01,6.919201979775505551e-01,1.072014349840934022e-01,3.493822820625945846e-01,6.252243966268138387e-01,2.999418715489410858e-01,8.836103544496053397e-01,7.119697452406784643e-01,1.896927357830436867e-01,2.813713452497975109e-01,8.311452545624482546e-01,2.119191644314179501e-01,7.108996643786695824e-01,4.144012464432542675e-01,8.381793430497839203e-01,8.787469279300945679e-01,6.180854526782209035e-01,4.243094017163136500e-01,5.182647554035689774e-01,9.480936893614609895e-01,9.610457541805589310e-01,6.004103504096524047e-01,7.088001016244696029e-01,6.501160898237560160e-01,7.236841118707197928e-01,5.854118654719817627e-01,6.638436359637278628e-01,9.960154429457521719e-01,2.573251073338899131e-01,6.575027244463622633e-01,6.845452111131364870e-01,8.529823636863537173e-01,1.368714932170078113e-01,3.056736715818940131e-01,9.423010719949245217e-01,6.728882104052247293e-01,9.187788716460770777e-01,6.819606329772761599e-01,6.409784857287037507e-01,7.152388258906159368e-01,9.175296291924791570e-01,2.218763664860773921e-01,7.505433913550177971e-01,6.604970285264912810e-01,8.570946547311802943e-01,1.724643484560377527e-01,1.943130204298537389e-01,9.921958047823791205e-01,8.793351999270326846e-01,6.820303438678054775e-01,9.175315186881286555e-01,2.823601819376315158e-01,4.550564049513706188e-01,3.273148508305776527e-01,7.761866728816345651e-01,8.753691105373656578e-01,7.599556573436225815e-01,5.969307967007935201e-01
8.693439307856009046e-01,4.046626825483340406e-01,4.650362773239126724e-01,9.941451859158429993e-01,9.069024103294299755e-01,4.707668839733680777e-01,6.809001826794528478e-01,7.275648935554024366e-01,2.293779525460611368e-01,2.762420129772146793e-01,5.385929880441175932e-01,7.004126325939150632e-01,5.413240471850110369e-01,9.142828292037720184e-01,2.920555342893462747e-01,6.221505903958212125e-01,5.649194676560985728e-01,0.000000000000000000e+00,4.400234467217686296e-01,5.670104510565836531e-01,6.921761450423175033e-01,7.317462684843274445e-01,6.934467434791674600e-01,9.350685688460642631e-01,4.800440911999519500e-01,4.114242677757599109e-01,6.313753811202660327e-01,6.707514020488070106e-01,4.854352522645748458e-01,2.697953758646654075e-03,7.249725346843480800e-01,6.133857589086696427e-01,4.497326834084128810e-01,6.932313560234636407e-01,4.946168725134648114e-01,-8.405708071905050593e-02,5.074242581564702981e-01,3.744865511728173030e-02,6.326229308025388409e-01,8.534247683190145928e-01,5.101383148314528881e-01,9.741646872798125356e-01,7.678083608891075329e-01,8.754739544721772404e-01,7.953521327301968924e-01,5.198304145979617541e-01,6.601321141671676607e-01,4.385758469887224287e-01,2.132348522053345019e-01,-1.518762672263299363e-01,8.059058465176909269e-01,7.574468391144320023e-01,8.479615284045816104e-01,6.250020881349659385e-01,5.250034251646350514e-01,7.654545187145613827e-01,5.428857067223614719e-01,6.964856495023625804e-01,7.010050594000218904e-01,5.934650709881912345e-01,3.563267478196502358e-01,4.840821942900022101e-01,6.749554610496389939e-01,9.054579353048103352e-01,9.657699695649013538e-01,1.011177047968717241e-01,8.361852814836476799e-01,5.641975569167864135e-01,4.410418724038825955e-01,5.727492824641331470e-01,7.458180833421622635e-01,7.723440583155340988e-01,7.902830557351320229e-01,6.930054647555257408e-02,5.798496363559858535e-01,6.796795628222925822e-01,9.790929619927186689e-01,5.264528453343917391e-01,2.876682412795336097e-01,2.239788474258940787e-01,7.370128195457333886e-01,8.768865000859041858e-01,5.137023145399037816e-01,5.469913885797034192e-01,5.777998001624178315e-01
