0.000000000000000000e+00,6.297247134022390114e-01,9.028786281543517145e-01,8.141766443869901115e-01,5.094424051453559921e-01,5.990117855616823306e-01,9.606770084469204996e-01,9.800057000904091042e-01,5.169585181554827713e-01,5.470747019425250546e-01,9.349757550094821568e-01,6.967037290076932843e-01,4.229823453935989686e-01,8.552524624123695185e-01,5.715555104762723992e-01,8.732122596246495450e-01,9.655827027825542030e-01,4.843557140761747259e-01,8.919429971382624167e-01,6.099404095426413236e-02,6.211374838032239776e-01,2.760534915709160764e-01,5.258760208815923543e-01,5.600333543446448514e-01,9.829767059795118112e-01,5.945032137208342560e-01,2.653729035348020293e-01,9.366534391497106649e-01,4.784947888736411636e-01,1.112409775316219318e-01,5.649333183077518417e-01,6.096211247100195019e-01,3.905858815615322888e-01,6.932325261588457854e-01,8.609944402182126977e-01,4.560547791320271327e-02,3.849988792887231170e-01,9.181631307059058278e-01,5.806310288393299324e-01,9.490961246400007045e-01,4.278462691986161248e-01,7.914997389069121647e-01,6.805878488342953503e-01,3.218100282243566146e-01,9.644559022022481942e-01,8.680874509156051300e-01,5.618953691967175645e-01,5.002322397135179344e-01,9.424517219777877042e-01,4.124998220613961819e-01,4.662451647787157483e-01,3.512435556904087153e-01,9.337316276303262441e-01,7.094562820613125043e-01,3.331929529713282268e-01,8.521069494452306881e-01,5.485742617065636484e-01,8.101842914015204844e-01,4.599353359411985642e-01,4.387086597765614271e-01,4.837259317672179537e-01,8.801979412808682568e-01,4.210831211118480910e-01,7.032677425902389423e-01,9.108802588328980265e-01,8.121015313131457747e-01,9.138756953522531035e-01,7.952398470807880981e-01,6.286430897077356361e-01,9.918823480222767053e-01,4.290902469883370873e-01,6.935070661131558234e-01,1.705679522951235594e-01,-1.168734503010118997e-01,8.111502786271551635e-01,6.321919083443163778e-01,2.264110362909123042e-01,8.098566519149501541e-01,5.644437676309785878e-01,5.495654997245185136e-01,6.177679406294926956e-01,6.273027336929456466e-01,6.850431807746285573e-01,-1.411196818269651043e-01,6.961460449884189217e-01
6.297247134022390114e-01,0.000000000000000000e+00,6.257473702116355119e-01,7.140535101935583384e-01,3.184685150087977479e-01,5.612891952497334191e-01,5.323667001044725122e-01,6.796502210569974611e-01,3.847258763655411751e-01,2.435970302803976695e-01,7.484588805663202615e-01,2.944260953227670896e-01,8.191346151578962065e-01,7.498718639534085462e-01,6.429029237445187395e-01,3.533280177207140937e-01,7.667542272610818888e-01,5.913731940042500357e-01,5.643135156420258092e-01,7.724717133319360940e-01,7.473478063734464438e-01,6.099608737795885194e-01,2.540403024823684186e-01,6.454169103296838461e-01,3.719707012794344347e-01,4.941588917370264289e-01,3.672993189985381823e-01,7.945798336948012297e-01,6.998429916258899763e-02,5.254760573228225429e-01,1.239970315046115962e-01,7.627669577146809488e-01,5.948340018337873181e-01,4.824354542665879042e-01,3.750381737491933487e-01,7.591775458108431796e-01,1.945099768687624242e-01,3.482595294056529123e-01,7.227396342896249548e-01,8.765601319109751488e-01,1.107978247178512538e-01,2.849244907181915365e-01,5.569955000617465846e-01,2.063771452540333062e-01,9.372662627212922093e-01,6.033947360516448422e-01,7.167768864302528353e-01,4.306175919598537183e-01,4.756057859053793857e-01,5.223795661175244520e-01,4.742121448330940403e-01,9.482435092213381544e-01,5.668185796841733737e-01,2.983376551801207865e-01,4.657422767939410346e-01,1.530222504714187359e-01,6.601522937851633799e-01,5.010909624929664741e-01,7.953346085547071675e-01,2.402154857125704257e-01,4.427682611718945505e-01,4.534005985996930610e-01,9.855531273768578515e-01,7.639391028724913379e-01,7.289977806469217780e-01,5.533493043597873529e-01,4.544882771636525876e-01,7.078674948170492476e-01,4.849124499248583242e-01,4.144092415808499630e-01,8.565528706349914145e-01,3.450970838211493419e-01,7.201686446581461176e-01,3.655686808890102890e-01,2.806520283085240375e-01,9.721511446693089642e-01,2.755853192474946312e-01,6.736330461074088172e-01,2.517931247956425866e-01,1.989311521901593882e-01,6.843340564813502613e-01,5.677501972807235120e-01,9.866581725428713590e-01,4.249117847366927214e-01,2.828404126735953317e-01
9.028786281543517145e-01,6.257473702116355119e-01,0.000000000000000000e+00,7.423804676291172466e-01,6.529214809906020989e-01,3.475503242629248701e-01,7.144172303322935402e-01,5.196112939001187314e-01,6.697067407794323746e-01,9.706013439990567315e-01,4.769190837345833600e-01,4.529381728620267555e-01,4.048415572807454454e-01,5.749214919109010280e-01,9.923694858956544351e-01,5.839706120117673649e-01,8.027562641425002310e-01,8.513077730407041521e-01,7.773595003811236692e-01,3.950715694337768591e-01,8.411278424647077312e-01,6.466606667045691204e-01,9.036959903104970770e-01,8.431961763438107216e-01,8.568773236213942379e-01,7.977329151764308568e-01,4.694260996517534146e-01,8.471804878908528735e-01,6.451566093926955903e-01,2.368149843061834459e-01,4.949391934177860275e-01,9.193937873616113698e-01,9.499571967402440364e-01,9.865831845145709433e-01,7.389428621352822635e-01,1.631631318311417556e-01,3.090297347029750119e-01,7.946337244110477371e-01,6.259564284058977135e-01,8.580071915557750950e-01,2.134245583628888165e-01,9.681341749237528660e-01,8.698936939823697090e-01,9.120171794017640776e-01,8.391901179564154045e-01,5.416031558276942492e-01,6.030722519369373646e-01,9.865171753038757263e-01,7.770313535155810580e-01,7.638089164151293797e-01,7.789376553984384000e-01,9.749396230122930884e-01,4.710462721867206826e-01,6.384876789929142538e-01,9.153441396536450281e-01,8.140317191653840823e-01,6.042536236813804695e-01,7.296346404768163652e-01,8.558824390941561777e-01,-8.117285778860533485e-03,7.893459914895764040e-01,6.182823985261245436e-01,4.796543978239357076e-01,7.624978708867145016e-01,5.824176146687080058e-01,8.994843598858669464e-01,8.679166807705096520e-01,8.808430490573413429e-01,9.373735257350723771e-01,7.276241523504433095e-01,6.061801943123431569e-01,6.805541597568161016e-01,5.770390439371730906e-01,2.419111142835357331e-01,7.221840569850598301e-01,9.184943399390294028e-01,8.362391215989800619e-01,5.078669561453997838e-01,2.562384030057918149e-02,5.321443272046786493e-02,7.581974608439004948e-01,7.491323859919271078e-01,4.621275395359654148e-01,1.170513624376775114e-01,9.032131323078057550e-01
8.141766443869901115e-01,7.140535101935583384e-01,7.423804676291172466e-01,0.000000000000000000e+00,7.896361756337855198e-01,4.403254630637691847e-01,5.072902459512004247e-01,2.688233550203091848e-01,8.686459103857768760e-01,7.530587084254726227e-01,9.603853215509186025e-01,6.978093163706646784e-01,9.856072876161455776e-01,7.310815802137683450e-01,8.395800798673601628e-01,3.652235962577536910e-01,6.911327082521616649e-01,7.935396194516224355e-01,5.016963249025981064e-02,4.250969489227595099e-01,6.637471303251410992e-01,7.927934449171649689e-01,5.875004614283045878e-01,4.612338710018247245e-01,3.752557287633060401e-01,4.075740926689268573e-01,4.999046040308514072e-01,2.915188194172944058e-01,4.946066927310956984e-01,-3.073170466195832007e-01,3.837639815884978378e-01,4.799626340153876347e-01,6.708393056846937430e-01,7.827618430461514842e-01,3.431665929018560823e-01,2.223596992443529485e-01,4.675292337853592106e-01,5.598731107898733406e-01,5.379809895530334174e-01,4.923537954178595633e-01,2.271144329035994225e-01,6.945199390034129117e-01,6.058094253458876643e-01,6.206886619031494190e-01,9.851972930039034626e-01,2.601955625807834127e-01,1.434258824804231780e-01,7.877923153401112932e-01,4.998106143794319722e-01,8.047480822119996713e-01,6.392397532394578086e-01,8.125565934804397372e-01,5.367552195761960965e-01,4.706170053131350506e-01,8.210360322168867020e-01,9.798753534564589307e-01,6.249340346975851279e-01,4.052120508948339195e-01,5.408533245966684611e-01,4.885054738688391907e-01,3.292539581251150427e-01,6.301642290881670494e-01,4.227136114022784219e-01,7.860267038718744548e-01,9.302768071084110968e-01,5.874235559647261740e-01,5.687929141488979878e-01,8.386759370206480213e-01,2.520013137727241670e-01,8.209477784064417305e-01,6.324139333769430715e-01,9.598319325211125408e-01,3.950304435113900503e-01,1.224438995362536198e-01,4.631196409015977400e-01,6.397951619706696569e-01,8.060517490522852713e-01,5.792423666061757848e-01,3.916028050014075390e-02,4.919592715932691873e-01,7.923515622501130506e-01,5.233757036445478850e-01,7.226680211027655121e-01,7.381143773309705169e-01,7.104468372592642744e-01
5.094424051453559921e-01,3.184685150087977479e-01,6.529214809906020989e-01,7.896361756337855198e-01,0.000000000000000000e+00,8.227695904683538508e-01,5.762828414618759165e-01,4.914838907655654787e-01,4.420045896174587541e-01,7.831943927318603116e-01,5.654971052362406381e-01,6.803390240358866414e-01,9.372597340831442247e-01,8.381062720101911667e-01,5.137415480370306486e-01,6.809739273215263955e-01,9.025199029893870017e-01,4.062705530866841386e-01,7.246998439654119828e-01,4.424514723971261776e-01,7.897998704737498876e-01,3.703994195971145320e-01,1.403701580196587695e-01,7.104976673129527187e-01,6.950931150271100201e-01,7.799068598549487863e-01,4.116950740094055261e-01,4.969857360560354098e-01,-1.619789892654288632e-01,4.576129435462363282e-01,5.379102501288975935e-01,2.371826215915168456e-01,8.536828235727202951e-01,6.997142148983300780e-01,4.206573166838710187e-01,1.749334818188365004e-01,7.254547947392115947e-01,7.328030702634075189e-01,4.123216925734611293e-01,7.355046865999557149e-01,3.083429643789132868e-01,1.672650044611144193e-01,5.019375712966213099e-01,4.082034892315647978e-01,5.624517653436273967e-01,8.796760393946687628e-01,6.903272502372523878e-01,8.836133589395093191e-01,7.504656686984950698e-02,5.207546931640014698e-01,8.156328248589945762e-01,5.193634578472737795e-01,9.541569092923987139e-01,9.543461143111089395e-01,3.117080491220518557e-01,7.922800888981961220e-01,7.255094005886306707e-01,9.958535322594493921e-01,6.490261974314890381e-01,4.428052753402278996e-01,4.237049392005988735e-01,7.505627814352615612e-01,6.314726234227642232e-01,9.175474666139306068e-01,7.226125175423226965e-01,7.552402788347581941e-01,6.790535961914685448e-01,6.481452676996651840e-01,7.645230325727480070e-01,4.537724557819149962e-01,7.722835593203680737e-01,4.092976250631867874e-01,5.071841030775156023e-01,3.335506089631141702e-01,6.801345182942060141e-01,7.890722231750948445e-01,8.565114780430780339e-01,6.230737355505769903e-01,4.629569497771663378e-01,6.306692680024440500e-01,9.052071322104701112e-01,6.922270412624776936e-01,6.608315898588841275e-01,5.688903448984374833e-01,2.457852078084147573e-01
5.990117855616823306e-01,5.612891952497334191e-01,3.475503242629248701e-01,4.403254630637691847e-01,8.227695904683538508e-01,0.000000000000000000e+00,7.958348530702097356e-01,6.382205620917090760e-01,4.064371284829115805e-02,7.982487014653703028e-01,9.430967414952131644e-01,8.409519554093279892e-01,6.996410591349582209e-01,8.198432143000038419e-01,6.812844635343504596e-01,6.692057187582030053e-01,9.865286973051292652e-01,6.204291744298106037e-01,6.853171630209718979e-01,6.987339807204968611e-01,9.940541425906388451e-01,3.003943786922244064e-01,6.649285476616646484e-01,4.616022916534430198e-01,7.311651895286788161e-01,8.824874680127574589e-01,8.250753428013521962e-01,3.132590297700983406e-01,3.087627639805194946e-01,2.019854577206910695e-01,4.977669475090000795e-01,7.111675881537458110e-01,7.769137534620165209e-01,6.708753656950691147e-01,4.764628666393909140e-01,3.264832090581881174e-01,-1.615713041152491702e-01,7.316621049776367292e-01,9.520706022117990663e-01,3.851609259658641538e-01,4.773895896001195682e-01,5.188184129220534402e-01,5.069411740556024615e-01,4.660873256663649461e-02,5.897514412499629266e-01,8.192603971475352909e-01,8.626238477941986504e-01,9.705895784274767291e-01,4.187801861769810396e-01,3.041294796093831909e-01,5.543623681795577518e-01,3.113887898039182089e-01,8.398199496491531857e-01,7.264486093048536652e-01,8.229664280383175434e-01,8.201307377512642161e-01,2.032759427564827526e-01,2.081700660615068699e-01,9.669062755098294382e-01,3.710468927148362628e-01,7.094120714980219899e-01,3.281744862107314337e-02,6.411021195495205660e-01,1.782476670774276184e-01,5.257850333995883751e-01,8.193051572068759114e-01,7.345690362095967929e-01,9.459937479112450198e-01,4.280775957663618403e-01,5.796918486587033792e-01,7.288305736059925710e-01,6.905129088163770579e-01,6.300726194498466048e-01,1.820671179988835389e-02,2.291959272357669830e-01,1.479296568028466985e-01,7.993785636902234204e-01,4.694422147105288268e-01,4.433094458741005384e-01,4.172224518610295751e-01,7.499269308683880197e-01,7.382462485156557896e-01,8.025747034285390935e-01,2.714060087803985555e-01,4.747981679517799258e-01
9.606770084469204996e-01,5.323667001044725122e-01,7.144172303322935402e-01,5.072902459512004247e-01,5.762828414618759165e-01,7.958348530702097356e-01,0.000000000000000000e+00,2.600352195485580165e-01,3.203506392576371820e-01,7.243601883576251677e-01,4.869189681533230285e-01,6.024965889015010401e-01,-1.471875441272882667e-01,4.766452686062188637e-01,2.161701895244753646e-01,8.368728353534472530e-01,8.410784897224465873e-01,5.843362799939585406e-01,3.864241462367161706e-01,8.082125886972219009e-01,6.973507452601076517e-01,6.195368099480487167e-01,3.687451626970442708e-01,6.404130226351686384e-01,6.723086340868369426e-01,5.616639529294089606e-01,5.685944236105754390e-01,6.319600848910168489e-01,7.147566734852383030e-01,2.467630061164607577e-02,5.770298641181932364e-01,1.933013966549826032e-02,4.258118862172198815e-01,3.418679953685003770e-01,7.555177450478596235e-01,2.107745425515395177e-01,5.896587141691030931e-01,7.244539240429056504e-01,8.854821696534622699e-01,5.261090657763647371e-01,5.468292966432566349e-01,2.688889720874698686e-01,7.699091648522877751e-01,-5.343609669843263354e-02,8.950482037836836602e-01,7.484862292095059155e-01,8.829946442752780733e-01,3.690710745829726136e-01,7.851849322688441157e-01,7.184109521182676650e-01,4.325329737490261062e-01,4.382101764836215385e-01,4.780658702473501442e-01,5.835943752256440575e-01,9.694188545178640259e-01,5.661202623898852204e-01,5.621165463268334994e-01,4.047865483213812787e-01,9.785649247286178909e-01,2.588887766995391360e-01,4.079242663199084684e-01,7.149379782958598106e-01,6.993314411214267556e-01,3.941715703357935308e-01,6.768735053264960388e-01,5.952586661269161361e-01,5.414098292238826993e-01,9.775196957718597091e-01,6.401934325190602459e-01,2.231009566695721646e-01,4.890013674629114515e-01,5.898901344076967757e-01,3.730471529431691469e-01,3.031469937836170914e-01,4.563322556745311731e-01,5.056252476540090690e-01,5.701113123064966981e-01,5.746225270557554499e-01,3.485931125518287876e-01,2.546818474572862256e-01,2.175237177317831949e-01,2.718896690028825835e-01,7.745541154968698105e-01,5.665370629318969842e-01,4.185932605522533212e-01
9.800057000904091042e-01,6.796502210569974611e-01,5.196112939001187314e-01,2.688233550203091848e-01,4.914838907655654787e-01,6.382205620917090760e-01,2.600352195485580165e-01,0.000000000000000000e+00,2.651591041025115336e-01,7.265970318718770748e-01,6.876527401679872753e-01,7.575174834295173021e-01,6.620054246026704226e-01,5.794753628075824947e-01,7.181467787175872530e-01,4.491871504066647369e-01,9.344355716375146725e-01,4.715970848554354999e-01,7.282443639014769543e-01,5.212101015157521999e-01,7.609128423187760948e-01,3.777750858254962790e-02,6.449355042820564821e-01,4.017308886268798895e-01,4.959935837595363939e-01,9.779497675803016099e-01,8.943722696759586199e-01,2.724691827643601072e-01,5.104767951261565129e-01,1.477087495169119302e-01,-5.839943061730280549e-01,3.091133455755650239e-01,6.284200355732604271e-01,7.581365673980253739e-01,7.750725711923029948e-01,1.720397707859161462e-01,3.830760267732018498e-01,4.312808291183607978e-01,6.726472728458653405e-01,5.884843928994900608e-01,5.450313794342573903e-01,2.734430238873293284e-01,4.159704500299055141e-01,6.967413303479984554e-01,6.275526721924944429e-01,5.905562436518726477e-01,4.654596420134924362e-01,3.567922648053770684e-01,9.429739604106217588e-01,6.440994652139947485e-01,2.442571242419988575e-01,5.096714375896724825e-01,7.735231153510619961e-01,2.640635392393508307e-01,5.880805769401622474e-01,8.259963829683357739e-01,6.347668801945352546e-02,1.972368331212493997e-01,4.748174097275461025e-01,5.154822627350545972e-01,3.060210023699219128e-01,4.630798866405048259e-02,9.367643815813286867e-02,5.642688607396667555e-01,7.985213195310482126e-01,9.200238467830481603e-01,4.700541131616432500e-01,9.527758526621297186e-01,6.258862853692048756e-01,4.908480946808032597e-01,4.901754617830747507e-01,3.876110057221548444e-01,4.394895409571960010e-01,3.609873932548511299e-01,7.602187534409425851e-01,4.642542346335708503e-01,8.758917706887366927e-01,4.532852518620963389e-01,5.042522725069947809e-01,3.434646170565042178e-01,3.719738596901733807e-01,8.842904150082250281e-01,7.740826192431453645e-01,6.243503661982783282e-01,5.639149216581554880e-01
5.169585181554827713e-01,3.847258763655411751e-01,6.697067407794323746e-01,8.686459103857768760e-01,4.420045896174587541e-01,4.064371284829115805e-02,3.203506392576371820e-01,2.651591041025115336e-01,0.000000000000000000e+00,4.407332985206021680e-01,4.651684669070688671e-01,1.558042734643118044e-01,6.256206534383336182e-01,6.859047498848137581e-01,6.191448879459099386e-01,5.811174939045660182e-01,8.674552773541175377e-01,7.380764268698360997e-01,5.509595177747770300e-01,8.453749810165660517e-01,4.786045658284739934e-01,3.798928202440811641e-01,7.900181291678869400e-01,8.841459522429490070e-01,3.707244973368226115e-01,6.880495866268584448e-01,3.509700031763532957e-01,7.262982932817890758e-01,5.573320744909596725e-01,1.948848671997329973e-01,5.597989959145808214e-01,3.960746817637103012e-01,9.476718610110680396e-01,4.061529250560805826e-01,-3.863013519549318708e-02,6.028868761038140844e-01,1.804996518064759525e-01,7.487373600547715391e-01,4.295610566012351139e-01,6.510880795523387166e-01,4.502209930128400206e-01,4.915398687299034064e-01,4.382232099821703475e-01,-1.862308191319484163e-01,8.125511609232634047e-01,5.163010985941440811e-01,4.892796634726251925e-01,5.030027243909539481e-01,6.196153656422135336e-01,2.810446730402544890e-01,4.866365019719965379e-01,2.274661449183204009e-01,2.715156816674224594e-02,4.510904031791979074e-01,9.384401617412827523e-01,7.265133054618353459e-01,5.947588980286868665e-01,4.246946186067457885e-01,9.584587953538734606e-01,4.463422194882969429e-01,7.586596475005450424e-01,7.501232041851386700e-01,4.215117897330745711e-01,7.032201127135115915e-01,3.684700841790156667e-01,8.706906352090690859e-01,6.251000631748607206e-02,7.910434310156879700e-01,4.216382166092505490e-01,7.896247696530034332e-01,4.013010079805707786e-01,7.458158060608985895e-01,3.780417344785809153e-01,4.185328324390931165e-01,7.942340065251443093e-01,7.594341247065450329e-01,7.268310510212603326e-01,7.960295583550913712e-01,4.047622169692948607e-02,4.090001563028309306e-01,5.587653671825441037e-01,4.522248683160836613e-01,5.944138277400108361e-01,1.307626521918952012e-01,2.801441121601427886e-01
5.470747019425250546e-01,2.435970302803976695e-01,9.706013439990567315e-01,7.530587084254726227e-01,7.831943927318603116e-01,7.982487014653703028e-01,7.243601883576251677e-01,7.265970318718770748e-01,4.407332985206021680e-01,0.000000000000000000e+00,7.477905511030220609e-01,5.256309344173707432e-01,7.953311881951774520e-01,5.245644473051592760e-01,5.568743107872238252e-01,8.600973946888543775e-01,9.424454200052942987e-01,5.069140190228180742e-01,2.452820240164828303e-02,4.367720454811485076e-01,9.677392014962524769e-01,6.269576374988936607e-01,6.725195083202840651e-01,6.584040536842327151e-01,5.122319250497633369e-01,7.171668529022571237e-01,6.224396610178052347e-01,5.420716319476825973e-01,3.865349805512945380e-01,3.158653782545295385e-01,4.363867226412045941e-01,7.456364148840763928e-01,9.601118666526946566e-01,8.302480756816599250e-02,5.601282463540773193e-01,4.136086967479635224e-01,2.755374586715164664e-02,5.994901201704065929e-01,8.683437778035558718e-01,6.985059813755502001e-01,5.288927879779407037e-01,9.274202304969710875e-01,7.037562694754647685e-01,5.655034659542079734e-02,8.723789963721143570e-01,4.303765412506769250e-01,6.888163966010881767e-01,5.845497472183109888e-01,4.713811319659986787e-01,5.052549446663808785e-01,5.374840480756248873e-01,9.824648278246599364e-01,5.661550216582742490e-01,7.546212318031093602e-01,6.147671917824322207e-01,9.946906160545015974e-01,5.181258028668054294e-01,7.364428261409059484e-01,5.778004021592728634e-01,4.932428865677936924e-01,3.222464279035521656e-02,3.274699186354087521e-01,4.080587915866915050e-01,7.331092234316087808e-01,8.898664686781040389e-01,2.233059703428577625e-01,5.603070237391645225e-01,7.596120984965301082e-01,5.159676459125365211e-01,6.541697455137572836e-01,6.718846862620755367e-01,6.329586838161719298e-01,2.403168158791577358e-01,2.722737616089973556e-01,5.974691288251487986e-01,1.651968211312346835e-01,2.287824013043743832e-01,6.913669803940575287e-01,2.402558356217562308e-01,4.250768894681183907e-01,3.177860837376322856e-01,6.321623608505305691e-01,7.219106846145583178e-01,2.532929562957089153e-01,6.666360338442179900e-01
9.349757550094821568e-01,7.484588805663202615e-01,4.769190837345833600e-01,9.603853215509186025e-01,5.654971052362406381e-01,9.430967414952131644e-01,4.869189681533230285e-01,6.876527401679872753e-01,4.651684669070688671e-01,7.477905511030220609e-01,0.000000000000000000e+00,8.540997516150887758e-01,9.240956380006094539e-01,1.143645697768223002e-01,7.705433766896079284e-01,9.098213562043999669e-01,7.947314274499556186e-01,9.318383811344786716e-02,2.446194027090443091e-01,7.767365116547044757e-01,7.811283775764498172e-01,4.624392971388953111e-01,3.820726579628305197e-01,2.526317889910153491e-01,1.633859430862514006e-01,6.331695596897548572e-01,4.104181198902034922e-01,7.734813714490810233e-01,5.760556100765160670e-01,8.939266792594646738e-02,2.322703400674456797e-01,3.860737595820042944e-01,7.337766691946282505e-01,6.273100219618703566e-01,5.184522836654270606e-01,3.058436740133451681e-01,3.809670283368527532e-01,9.433140628528305927e-01,7.427571378707580330e-01,7.796300764917096782e-01,7.194139556928242918e-01,3.632924225110911731e-01,8.821719780343851847e-01,5.560739676188233838e-02,6.978124531599619873e-01,4.341453289311041353e-01,9.117461587290895952e-01,8.333452450516665166e-01,7.704090310758202609e-01,2.326898436965347261e-01,6.907178554418851313e-01,8.687445431561391374e-01,7.173299492023845758e-01,7.667887783286140291e-01,9.164829440858933696e-01,4.962178539005747124e-01,6.779454933260842253e-01,9.508963143902205983e-01,4.803839938228535722e-01,6.170474780369329393e-01,5.252854025906716906e-01,4.930163217043008750e-01,7.281876924584916866e-01,8.993873660910012280e-01,7.703291928859542503e-01,7.883257406459809324e-01,7.654030038808241621e-01,6.765497558939148615e-01,6.763764030862698950e-01,6.994513210310192575e-01,7.012867457325933085e-01,4.446614941336817783e-01,5.852038619099017014e-01,3.006574647035670789e-01,6.924013373736599419e-01,7.200372627357904953e-01,6.229048927410731906e-01,3.142286340204110129e-01,3.437640745668806286e-01,2.670328347217055254e-01,7.066633425471040564e-01,4.224100340316697122e-01,9.765436876380064746e-01,3.686443140637201132e-01,6.736885973306062647e-01
6.967037290076932843e-01,2.944260953227670896e-01,4.529381728620267555e-01,6.978093163706646784e-01,6.803390240358866414e-01,8.409519554093279892e-01,6.024965889015010401e-01,7.575174834295173021e-01,1.558042734643118044e-01,5.256309344173707432e-01,8.540997516150887758e-01,0.000000000000000000e+00,2.849988136566274921e-01,6.088452173321972083e-01,7.104708312596450526e-01,3.630371065466428404e-01,7.667223612919868980e-01,6.471275987005775665e-02,6.278497467769033058e-01,6.591753287515477178e-01,5.031469032463151692e-01,6.330627892354296904e-01,7.671079804999222373e-01,8.481574207092186235e-01,4.467303462916584200e-01,4.764211581025457609e-01,3.031220941985876549e-01,3.683966609656929569e-01,5.608715238474248910e-01,4.523265256825534375e-01,3.126765350229641638e-01,4.111407933407118520e-01,5.734580967689444364e-01,2.198549638803058426e-01,3.386960644597034609e-01,4.372045183616610209e-01,5.483135721371963367e-01,4.034048085489574387e-01,7.158200759058458429e-01,8.828286404989464931e-01,5.085272176161117486e-01,6.057748510926319607e-01,9.352069519582765222e-01,7.016941076243485842e-01,4.805101011869339356e-01,5.913044531605451404e-01,5.718619953959439561e-01,4.736051085993822629e-01,4.251449461235785598e-01,4.890694332604603178e-01,5.075626793389820257e-01,4.224696055246039972e-01,3.814063548522612646e-01,4.993183982589281533e-01,4.468359037124631783e-01,4.095851362602034307e-01,2.524910702458382783e-01,6.512150427576373080e-01,6.205238054990072083e-01,5.355452722741979033e-01,4.451713978215834366e-01,4.794141147421174254e-01,8.558172808162994860e-01,8.833386355825156855e-01,8.682406422458986972e-01,7.687507120662552262e-01,1.314973870791292243e-01,6.023565240776947993e-01,4.039735427660844369e-01,2.356007556859066043e-01,9.412586417157307039e-01,3.289227785910151525e-01,6.904219188490001713e-01,9.978413823431207808e-02,4.179202870874576536e-01,8.495764129773186735e-01,5.314848648772250161e-01,7.196450217790371084e-01,5.369765714124128397e-01,5.209443909604163370e-01,4.188772451457504209e-01,5.855098876465286706e-01,6.904457644027804930e-01,3.091631536243649170e-01,8.393836404134937812e-01
4.229823453935989686e-01,8.191346151578962065e-01,4.048415572807454454e-01,9.856072876161455776e-01,9.372597340831442247e-01,6.996410591349582209e-01,-1.471875441272882667e-01,6.620054246026704226e-01,6.256206534383336182e-01,7.953311881951774520e-01,9.240956380006094539e-01,2.849988136566274921e-01,0.000000000000000000e+00,6.276028248687208766e-01,6.954394122660240152e-01,4.885896528972657471e-01,8.619446463245392653e-01,8.419911205005294885e-01,2.252883444433657067e-01,3.387210813731768022e-01,4.748849310205923158e-01,7.340794122555674983e-01,-1.775042962182272199e-01,8.471648330903835955e-01,7.869386037127761302e-01,4.645055938044173605e-01,6.807326901344925574e-01,6.693843937952974610e-01,5.537314327453901619e-01,1.854307508106232266e-02,1.892589971909573177e-01,6.184941275604883826e-01,8.843623232323142291e-01,5.416540356121907207e-01,6.201460740151837348e-01,5.944815770913978170e-01,2.850661570538112755e-01,7.628577130515354909e-01,2.067477507375210521e-01,7.364849193011925310e-01,8.907934912607260447e-01,8.682972858318628306e-01,6.555072976040946520e-01,5.066791198167597265e-01,8.445780116876628885e-01,8.106435511298640817e-01,6.123528522794176032e-01,4.403342031273235757e-01,3.857004674647688397e-02,4.336703915090104888e-01,7.079911923499618842e-01,7.356738820667929613e-01,3.696909410016754327e-01,5.490436426639386802e-01,7.777838781298790360e-01,9.401253857857306828e-01,5.038546888936572543e-01,2.145184032228812099e-01,5.641207358499459312e-01,3.321261707110469974e-01,3.226841900199613478e-01,4.913050739026335600e-01,6.563951898477610181e-01,6.698108155264754782e-01,8.907072385521234148e-01,7.524019633129125362e-01,4.117370764343171174e-01,4.064334351972334614e-01,6.279272108990522350e-01,8.895807667169144395e-01,5.470361536827446081e-01,6.132311558924766759e-01,7.756591115225343058e-01,1.941238768980777796e-01,7.925898296934908993e-01,5.844837291913004274e-01,4.734278600219173350e-01,9.569700238449370122e-01,2.239971308684497731e-01,7.036433525967805691e-01,2.922177591875350089e-01,6.350150707950061868e-01,6.049115122940715850e-01,-1.513128102937453534e-01,4.406171776706547250e-01
8.552524624123695185e-01,7.498718639534085462e-01,5.749214919109010280e-01,7.310815802137683450e-01,8.381062720101911667e-01,8.198432143000038419e-01,4.766452686062188637e-01,5.794753628075824947e-01,6.859047498848137581e-01,5.245644473051592760e-01,1.143645697768223002e-01,6.088452173321972083e-01,6.276028248687208766e-01,0.000000000000000000e+00,4.220889308865575784e-01,7.878478036395850648e-01,8.643005657221920490e-01,5.004014405472619886e-01,7.905901009217949360e-01,4.821861722202785971e-01,3.116282491937181209e-01,7.030022289655928347e-01,6.802109961264410920e-01,6.655482343620517938e-01,6.995857348823154576e-01,8.909191322801472968e-01,5.639599113088554772e-01,4.902854454849017718e-01,4.031263347725012602e-01,7.103533404493931336e-01,4.338531623624759803e-02,2.683429482748909689e-01,5.788481071842968007e-01,7.831276010764537387e-01,8.008116585253530761e-01,3.302118599719298109e-01,7.906815119612824461e-01,5.264697079196900553e-01,7.786568182735168486e-01,7.858166066523358806e-01,3.762698727197038434e-02,4.442855247272279873e-01,8.142787966079725326e-01,6.720508197083926438e-01,9.768040101184095603e-01,2.086861651595126044e-01,5.507488078539600762e-01,8.130926063120909042e-01,6.484079291800467493e-01,9.588215102526636002e-01,6.309046832354966439e-01,5.651803837389670626e-01,5.774909526809385296e-01,6.685505976859972277e-01,8.470215252481740897e-01,8.728682585670545224e-01,8.684872294200899345e-01,9.816186377122442241e-01,8.944499036095060474e-01,9.882424622249351698e-01,-1.795478679959170709e-01,8.520467250553142025e-01,5.461900645237411922e-01,7.721264667854038644e-01,3.573952244168390191e-01,7.073166377011219641e-01,7.427736855031756569e-02,9.993416175961904457e-01,6.060087419950676013e-01,1.039425443603595317e-01,5.616938917621523419e-01,6.615333236885360124e-01,2.719482090245186057e-01,-4.773926164131248040e-02,4.933124697552722648e-01,4.534398513124800467e-01,4.054668467578212421e-01,2.824943275011489452e-01,2.905087313516249714e-01,4.288502300736536377e-01,5.366447292836232785e-01,9.967775912429231999e-01,7.015898208422118865e-01,3.417275851765327194e-02,3.222062184573897259e-01
5.715555104762723992e-01,6.429029237445187395e-01,9.923694858956544351e-01,8.395800798673601628e-01,5.137415480370306486e-01,6.812844635343504596e-01,2.161701895244753646e-01,7.181467787175872530e-01,6.191448879459099386e-01,5.568743107872238252e-01,7.705433766896079284e-01,7.104708312596450526e-01,6.954394122660240152e-01,4.220889308865575784e-01,0.000000000000000000e+00,5.415033663912842687e-01,5.129915824028876692e-01,2.069896773371298071e-01,6.888948919866917375e-01,6.851194756283601750e-01,6.514456517957247783e-01,6.233737568760109315e-01,4.864261545483559712e-01,9.429222022630234790e-01,5.527708334904093412e-01,6.065911912082706525e-01,6.890811818581916715e-01,5.505554319816303721e-01,3.293828714104952704e-01,4.745797619018799485e-01,2.300845967921575919e-01,4.573335019923280842e-01,5.644958736241387776e-01,7.219251567374154188e-01,5.723192953347414624e-01,3.219486577122370602e-02,7.988209793787309776e-01,8.404249631982995128e-01,7.743221194289586773e-01,6.107353654046906444e-01,-1.423033623663953473e-01,1.044876289405827774e-01,7.195908112666933309e-01,7.757743107678100047e-01,5.910904710180134303e-02,7.016322079712861148e-01,6.868012689971472184e-01,4.991890815382009072e-01,4.002674196660871431e-01,1.646602681690949865e-01,7.436298961958708320e-01,4.837736971767699901e-01,4.997514058408747961e-01,4.105757191077425428e-01,2.744045431875950514e-01,1.366301673469847155e-01,7.651095003810676198e-01,6.714555392842099790e-01,4.818818556892483507e-01,4.750249450181167621e-01,1.133336862093917152e-01,7.523431254393100343e-01,8.711331864223923471e-01,6.794892150460758451e-01,4.551777229030104510e-01,8.182824596528165406e-02,8.165992505677313051e-01,8.363212012217007274e-01,5.365123861460564525e-01,7.095465452479081669e-01,7.851282355383614187e-01,5.484847749489013546e-01,6.064737835110708408e-01,5.610387962421047314e-01,6.366761238468786610e-01,4.724203749875534597e-01,2.313914872387257959e-01,7.594995959744281766e-01,8.346663131837695968e-03,3.539105576253354091e-01,4.041459068430968693e-01,1.391453060065897807e-01,4.467997638379579972e-01,3.200736635756810666e-01,6.989046959956787264e-01
8.732122596246495450e-01,3.533280177207140937e-01,5.839706120117673649e-01,3.652235962577536910e-01,6.809739273215263955e-01,6.692057187582030053e-01,8.368728353534472530e-01,4.491871504066647369e-01,5.811174939045660182e-01,8.600973946888543775e-01,9.098213562043999669e-01,3.630371065466428404e-01,4.885896528972657471e-01,7.878478036395850648e-01,5.415033663912842687e-01,0.000000000000000000e+00,3.605215388419380496e-01,7.251152384440082699e-01,9.833438528055559180e-01,5.861480184978190566e-01,7.836061066386178497e-01,7.996120721867304715e-01,7.822205699610453866e-01,9.770717417453533837e-01,2.089997039855559513e-01,6.407309528418722033e-01,7.964197850082825880e-01,9.819069912448625814e-01,2.692664240040049117e-01,6.887539484537331669e-01,1.404353337063630747e-01,5.009609907322889466e-01,2.352395695863030434e-01,4.608522088288129481e-01,6.366092497923333537e-01,5.457518951035160715e-01,5.815226026782642776e-01,6.016284059285071928e-01,7.339080944614772006e-01,7.716689650494588104e-01,4.860489608022947050e-01,2.624142047052211990e-01,6.715926309154176543e-01,5.350389515464577528e-01,6.067932968736720056e-01,8.872311224480968761e-01,4.087300564995406948e-01,6.126639353366966079e-01,4.543211708774900770e-01,7.452207677933729846e-01,2.647728158062204185e-01,-1.786552198346953724e-01,6.453039751694817916e-01,6.175763905652827956e-01,6.145065969512119031e-01,8.118023295448120180e-01,7.116109519181503806e-01,8.970935271043489756e-01,8.501452402140580178e-01,3.194340374202461197e-01,3.308521571907678815e-01,7.821655626028346520e-01,6.364142588134205081e-01,6.618078719420494860e-01,1.142644561017583521e-01,6.961986877269303875e-01,7.166979840861400497e-01,6.413740143642934211e-01,4.600762407321039027e-01,6.796070563323486358e-01,8.733120929670299404e-01,5.982569675541373755e-01,4.298673866270301680e-01,5.704596927763334602e-01,5.762209815434945481e-01,-3.106761944266203668e-02,6.460746210051353522e-01,4.630762285528360334e-01,5.316079642707283170e-01,1.584223530800491220e-01,2.197924121036875234e-01,9.803499680387353088e-01,8.601525031793455511e-01,3.617147846484821683e-01,9.347320903530740299e-01
9.655827027825542030e-01,7.667542272610818888e-01,8.027562641425002310e-01,6.911327082521616649e-01,9.025199029893870017e-01,9.865286973051292652e-01,8.410784897224465873e-01,9.344355716375146725e-01,8.674552773541175377e-01,9.424454200052942987e-01,7.947314274499556186e-01,7.667223612919868980e-01,8.619446463245392653e-01,8.643005657221920490e-01,5.129915824028876692e-01,3.605215388419380496e-01,0.000000000000000000e+00,8.785575362289104184e-01,2.942620008008580701e-01,4.749849825155889049e-01,9.927551128713911766e-01,4.611738789714645570e-01,9.370843222603156830e-01,9.704151345637608284e-01,7.391095325681741324e-01,5.733045344488360007e-01,6.237762243902624792e-01,6.616260587831209738e-01,5.189935194080328440e-01,6.519116865993156429e-01,6.005094081790914029e-02,2.990985490834677241e-01,8.253772981022186039e-01,8.951244033825332957e-01,6.548034588495263986e-01,2.672462031674486260e-01,5.606186386141609468e-01,6.885083602445778439e-01,6.742303932802451438e-01,3.084111575267710625e-01,1.562759294071044414e-01,4.648256335134052231e-01,5.568947336692791072e-01,8.631888738777502290e-01,4.843781123069236250e-01,7.909986288357564455e-01,2.655070543663816673e-01,4.998375876675154039e-01,9.039376332307795803e-01,5.109117029036761570e-01,6.510491097216721812e-01,2.083645815266497725e-01,7.157329926957395339e-01,4.327393688405889449e-01,8.385505287719841050e-01,9.443525382925206380e-01,4.101284822448922895e-01,7.522937561389343442e-01,8.176867209777453072e-01,3.028377275215209941e-01,1.353191697043211184e-01,5.443173852168395888e-01,5.731443361511512347e-01,1.040434850015242302e-01,7.194471183617653365e-01,6.690651307775044021e-01,7.847676673868627661e-01,4.698923424422640216e-01,2.911461130073544901e-01,9.371694843572957456e-01,7.147658434641641634e-01,9.865889541864862888e-01,2.005532117381279011e-01,6.002211562461696737e-01,4.629775964883913186e-01,8.939697136076631967e-01,5.553155498340366369e-01,9.919344339992823834e-01,3.209374031003284777e-01,6.178267572175999423e-02,7.005177841841861985e-01,5.297518721416186738e-01,5.391490073365523550e-01,-2.257212856038318671e-01,7.010066678634070403e-01
4.843557140761747259e-01,5.913731940042500357e-01,8.513077730407041521e-01,7.935396194516224355e-01,4.062705530866841386e-01,6.204291744298106037e-01,5.843362799939585406e-01,4.715970848554354999e-01,7.380764268698360997e-01,5.069140190228180742e-01,9.318383811344786716e-02,6.471275987005775665e-02,8.419911205005294885e-01,5.004014405472619886e-01,2.069896773371298071e-01,7.251152384440082699e-01,8.785575362289104184e-01,0.000000000000000000e+00,6.529931255370973187e-01,7.189285946393418891e-01,9.965466532777582653e-01,3.707424078302743453e-01,6.819747584834900955e-01,7.938687241919492044e-01,7.908515671575249151e-01,4.318549105131858634e-01,6.271481401541257883e-01,7.541418498918701641e-01,3.798716408475483197e-01,5.073366595469950280e-01,5.358650014721012544e-01,5.250563253868192337e-01,7.426346968188700659e-01,6.122042428596268238e-01,2.362391444926109085e-01,8.344855012387859816e-02,1.680282471767788333e-01,4.110447534308788731e-01,9.863837721351633725e-01,6.501867217675016963e-01,5.541647320369250673e-01,6.043169229507595608e-01,8.195839371104790549e-01,8.379649717268287112e-01,5.716305101252709964e-01,8.803082556365674494e-01,2.481718975831869733e-01,4.256634410341713082e-01,3.780749312730034006e-01,3.892119332508373608e-01,2.123327518520287116e-01,3.163101991029512172e-01,9.771176985990385200e-01,3.268949889803909881e-01,8.311606264718617298e-01,7.217441063361940135e-01,7.807073655127836354e-01,7.778395699353556347e-01,5.073191402076897560e-01,3.197776155492421113e-01,2.268918094912844574e-01,3.208944194855781751e-01,4.041893422486974585e-01,8.387419103555107114e-01,8.673144818576603576e-01,4.988072200759211539e-01,-1.813660171167200130e-02,6.683770200972083408e-01,6.742331985803964312e-01,6.851220267032877009e-01,9.385288001959423143e-01,7.406093115431126028e-01,-9.600345354409231535e-02,2.422302065328490184e-01,6.986487815824830028e-01,9.859378761087937981e-01,3.578643213133153589e-01,-6.916258049166812416e-02,4.182741910794374185e-01,4.840709783711084624e-01,7.495438991002727480e-01,5.725136564376063220e-01,9.617870320380748073e-01,-2.898509175356299150e-01,5.079002784026530604e-01
