0.000000000000000000e+00,5.401044938440791032e-01,9.571642139304018526e-01,8.133982093756422227e-01,8.353822412621065840e-01,5.072117529804970326e-01,6.395611295332528368e-01,2.052845079288954655e-01,5.851660826017414108e-01,4.967443432021005356e-01,7.049338087905248074e-01,7.307348456846711748e-01,4.880630716347603149e-01,8.162231459127705646e-01,4.741177173217646090e-01,8.585039883369954827e-01,9.072818706571126324e-01,6.925826945200340701e-01,5.350401463065083130e-01,8.475266338013109912e-01,4.025804667391186253e-01,6.521745348809488974e-01,4.069904811131807021e-01,7.833013073640372470e-01,7.676855675913145660e-01,-1.281185344802113768e-01,5.638311320444773234e-01,5.117200816216193049e-01,6.339968378313853847e-03,2.263156028794122698e-01,3.126399841388179113e-02,8.224418463392617618e-01,8.492843141969224074e-01,5.914443404799740733e-01,5.005251862177927391e-01,4.911637092193817389e-01,8.373824261870047025e-02,6.067087678146559915e-01,6.552005983773646625e-01,9.469463656696008869e-01,7.750657365559480150e-01,8.995797626659187696e-01,5.992598397821999878e-01,5.154880725384903828e-01,6.759472673696754752e-01,4.025829961527000456e-01,6.895989708203900115e-01,5.042523901515099105e-01,5.904799841885535194e-01,5.613221562947430243e-01,8.590986300642637907e-01,7.569355200488168123e-01,9.838376604811542858e-01,9.939431909110820751e-01,7.960305397518359083e-01,6.874601754970409706e-01,9.100407738242733968e-01,8.741158469977060586e-01,8.695435282787711273e-01,6.243270246416147140e-01,1.337395598488844706e-01,9.561744015775676120e-01,7.894427528516669845e-01,4.967997092869977926e-01,8.491740227409961816e-01,8.383449045054558457e-01,8.117729332989231938e-01,1.626973415345015217e-01,5.772513112410178060e-01,7.420706447979826814e-01,9.249815958470125610e-01,2.256776408735062245e-01,4.217386135577004813e-01,7.156062903806602593e-01,4.067921002268393149e-01,9.146394535913541235e-01,3.393333324061507117e-01,6.148363986051332830e-01,3.721683108324496114e-01,3.926322020392598866e-02,3.743803290619576174e-01,4.515230432662208915e-01,5.841871581395932100e-01,8.507609226063861385e-04,6.917375375070529131e-01
5.401044938440791032e-01,0.000000000000000000e+00,7.389832016430125661e-01,7.569284702400996823e-01,8.258758507707154584e-01,8.213640917488452819e-01,7.289688820367847821e-01,1.768778720220480494e-01,4.889774018388873267e-01,5.980496452268596608e-01,5.923770596049739989e-01,3.062686943996515421e-01,4.141594022635337047e-01,7.879411668659839219e-01,5.950810624567415275e-01,5.962961229698280352e-01,5.299513962635009623e-01,3.552227742232809127e-01,2.683001811979076612e-01,9.173930887399873724e-01,7.862850283689613029e-01,6.546657053171345275e-01,8.932187389593475579e-01,6.970795289038953513e-01,7.949059483814469029e-02,7.970787058533721492e-01,7.611425001141658431e-01,6.575978213789529514e-01,-2.687911012261290367e-04,3.476834323750593869e-01,5.661936198596964065e-01,4.685891055938999905e-01,6.475236048543446810e-01,5.445863870269695983e-01,5.918999851195616557e-01,5.792822655589207059e-01,1.011938767514019011e-01,3.881495037523808866e-01,6.196175103083794156e-01,7.583846482417802015e-01,7.508310201902097525e-01,5.710915557574299806e-01,4.351854921767322470e-01,8.055249095092079648e-01,5.286609899844243454e-01,8.348777032946858023e-01,2.974269894722299523e-01,6.797747835261844784e-01,7.289365336205833046e-01,4.443929678413212625e-01,3.387565899616115095e-01,7.419828300737535409e-01,6.881604967291885533e-01,9.654965584827869263e-01,7.712899833568713781e-01,5.578153779986514404e-01,6.636708070950896321e-01,8.318360794469936703e-01,6.956683589013248348e-01,4.060193469739757921e-01,5.924122323980388627e-01,7.840108329903725526e-01,7.019210070373442800e-01,7.766063746423421676e-01,8.830401063803861028e-01,9.922356644772847289e-01,5.064502791609397647e-01,8.332463425338034746e-01,2.928419135919846372e-02,6.424878515196812412e-01,7.494529925318100805e-01,4.617799477485675097e-01,3.885411664688566136e-01,4.733576530354595691e-01,4.636423386591824181e-01,3.635272983206079833e-01,1.917074245955459333e-02,5.101209381012180577e-01,1.358112352607417916e-01,-1.659310843261170842e-01,3.612445352972949442e-01,9.276964603437366508e-01,6.426460954214168186e-01,4.481560223486572014e-01,6.295152123614312645e-01
9.571642139304018526e-01,7.389832016430125661e-01,0.000000000000000000e+00,8.648796360348295353e-01,7.011456386684880027e-01,9.991742472526985441e-01,5.007357875250120216e-01,9.440620082496563592e-01,9.284428052253577146e-01,9.543891631500914796e-01,6.836256708488006595e-01,8.278960784657217742e-01,4.777721847872692940e-01,3.017211836119065294e-01,7.542986463816213627e-01,6.253660387155294265e-01,3.938522964667032777e-01,7.150942975220424547e-01,2.911112376530454737e-01,8.317146427041679502e-01,6.334424192317412716e-01,7.558945027608675593e-01,4.475896088769867331e-01,9.018872735316864064e-01,9.098823055304842145e-01,6.830272563928669882e-01,3.898618940672499145e-01,5.325221905034767111e-01,4.128784592079594029e-01,4.566794469534368739e-01,2.305056330447500801e-01,9.935151759255123061e-01,7.840354305886240160e-01,4.773902161805514965e-01,6.945861226660071663e-01,6.119044019420768477e-01,-7.811806802476008171e-02,8.891513684774480231e-01,4.859482884910553135e-01,6.604620745344977895e-01,3.581332974301922878e-01,8.774187771659032187e-01,4.064391313659505567e-01,4.039630399286778806e-01,5.357779997395752947e-01,4.435683456156408466e-01,6.215667467947838531e-01,5.302123229788656689e-01,6.271572918802268415e-01,2.988374718503020722e-01,4.272607690734601671e-01,8.036043315006948795e-01,7.249148685241405543e-01,8.520497232628969630e-01,6.820356465706610694e-01,9.444211586529076552e-01,9.947680615848297769e-01,4.408895704366313506e-01,7.653418324916326787e-01,4.833340175670424177e-01,4.845021181078841555e-02,8.052273217457622811e-01,4.984179923975375903e-01,3.459008136008007162e-01,7.520645286177076727e-01,2.695354510283032856e-01,7.006871410271984235e-01,2.440943945379779878e-01,7.690620015114280061e-01,8.635490692772830323e-01,4.216228113003975819e-01,6.900165621884850609e-01,2.656616218709978439e-01,8.196622950004293917e-02,9.109161082259722431e-01,6.542850619447613258e-01,5.656187164931123501e-01,9.135366065562822158e-01,3.835889899939880499e-01,1.877508691424983889e-01,9.720480276449932067e-01,7.072811433897224775e-01,7.428479487211883114e-01,6.582013839200402394e-01,8.938855398994783874e-01
8.133982093756422227e-01,7.569284702400996823e-01,8.648796360348295353e-01,0.000000000000000000e+00,4.759799362391533006e-01,5.390245293828437312e-01,9.567777678398616814e-01,8.727358339565842726e-01,8.506359665601688214e-01,8.011650296778656255e-01,9.943333333453953093e-01,4.470081788767787390e-01,2.435780128216866458e-01,6.024505659811818514e-01,6.800510006734928892e-01,6.233728642794544861e-01,6.708479605816075608e-01,6.094227763763494510e-01,4.792061580117221720e-01,5.898409384129033040e-01,8.201252870126478633e-01,6.135351707973228930e-01,6.664737380138368028e-01,4.157072287669678623e-01,6.715702830982638316e-01,4.696891166608506141e-01,4.131025751851042371e-01,4.972759248274324362e-01,2.418147364592945492e-01,7.741555202749665909e-01,3.041177331622602065e-01,5.204219500820033151e-01,8.297910702488094925e-01,4.518724615156888835e-01,6.058823894999811888e-01,2.432935035124297526e-02,6.051674644135893871e-02,4.386721432138392940e-01,7.432376367032360598e-01,4.142573021087888607e-01,1.795077961724680371e-01,9.864214086452918195e-01,9.421386955622362835e-01,8.659394461848641811e-01,4.924187239182630238e-01,3.297724731397850828e-01,4.447526999125697156e-01,7.077994304651906710e-01,7.466999128595535051e-01,4.565166347889306198e-01,7.315707745895688729e-01,8.107871269780189127e-01,5.781006590663478883e-01,7.269661184320170833e-01,6.077989336736112636e-01,6.932957111236662806e-01,5.106552793410503721e-01,6.790248799948780389e-01,6.496201714342925149e-01,3.337337843037795904e-01,6.532517653236751265e-01,7.100475966863507571e-01,8.485465322574082814e-01,8.104668695767631714e-01,9.601269302321712162e-01,5.830331910464876533e-01,5.846126468777582685e-01,8.943863518815603486e-01,6.623037681491461548e-01,1.344031257000922464e-01,6.206077567540424500e-01,5.727315346199357560e-01,3.122593418951591926e-01,7.033839534229621160e-01,2.664918632491684175e-02,4.542274135316378691e-01,7.437667042921610738e-01,4.014113602618041843e-01,4.820648396025609683e-01,-5.662108937491025507e-02,5.492201769856729365e-01,2.827032521497428452e-01,3.505705054874906357e-01,5.501245381761755704e-01,8.772858302384406448e-01
8.353822412621065840e-01,8.258758507707154584e-01,7.011456386684880027e-01,4.759799362391533006e-01,0.000000000000000000e+00,6.403963770351084328e-01,7.493957933716210995e-01,2.991151959774477342e-01,7.758808312837476295e-01,2.763681294347409834e-01,6.168378900490139038e-01,6.089733289779242220e-01,6.949051992789720966e-01,6.889175910348543930e-01,4.084592241809922308e-01,4.396958570173747360e-01,3.908380121007518082e-01,1.615094286407441418e-02,9.787409045011635778e-01,9.898887723721647713e-01,8.583821498709953701e-01,8.118122604147053334e-01,5.031282461001831408e-01,8.874095764909203377e-01,4.949252565746055099e-01,8.103813151702279338e-01,6.642368528867261812e-01,2.086376195648197707e-01,4.639302136233691698e-01,4.170709178791153215e-01,9.006161098511439311e-02,4.883192911066451813e-01,6.236848106683318127e-01,7.433388214093901158e-01,9.082866388855659334e-01,4.319526787456344774e-01,5.951412846293583359e-01,6.268801098214514811e-01,7.568908863911741891e-01,5.770015736621316726e-01,6.033713124659838556e-01,5.336720569480158938e-01,9.538492861774863218e-01,4.837550093731275425e-01,9.891024007826804132e-01,9.196313628958079356e-01,2.573694004985722650e-01,4.419149163994044449e-01,7.261090737381683535e-01,4.130399826539495889e-01,4.046415523680743087e-01,6.308109462940602041e-01,8.889242052337488209e-01,8.222373866900386519e-01,7.168647567881926141e-01,6.658433266913068582e-01,4.193600837264917502e-01,5.761754970543934151e-01,9.933354380102525916e-01,-2.331605657666664388e-01,8.482467611223754034e-01,3.900204155069709744e-01,9.268110721128994811e-01,4.299644856039964713e-01,6.459908290167047928e-01,-4.989021724095629717e-02,1.956759007903895731e-01,8.856405393361275191e-01,7.949670675005993115e-01,8.757139672470601877e-01,6.867409639704352697e-01,7.694520103254008925e-01,2.561526021553546806e-01,5.262862090907693968e-01,1.727041692789095181e-02,4.779689831226253682e-01,6.232186832172585955e-01,5.401852329840192146e-01,3.768737025519043327e-01,6.959597062744536933e-01,4.779696949053824917e-01,2.266045034825963159e-02,6.258535221533072512e-01,3.106185279615146233e-01,5.391184964003480351e-01
5.072117529804970326e-01,8.213640917488452819e-01,9.991742472526985441e-01,5.390245293828437312e-01,6.403963770351084328e-01,0.000000000000000000e+00,4.776876257809818394e-01,1.534111515422456086e-02,4.212983091921180256e-01,9.990826302975364115e-01,6.097712987903718407e-01,7.339578483979386503e-01,7.678554074961820852e-01,6.059779634152404615e-01,2.374311065780132235e-01,6.194034400513411809e-01,6.523449112602774935e-01,7.027241729113261615e-01,9.179580226456642844e-01,8.534159701655142927e-01,8.159258704154996877e-01,6.194347222927759633e-01,5.189035200175684537e-01,7.951457508727068912e-01,2.516907483868042750e-01,8.980760839859673883e-01,8.352667753886554580e-01,8.877400354957976081e-01,3.636692681288434814e-01,5.342679313351201831e-01,5.632118646953454544e-01,-1.242622401670372967e-01,9.879803363083057288e-01,6.224419747957099514e-01,3.734738956603775306e-01,6.571408135937042427e-01,2.849023503864651641e-01,7.835609826910496789e-01,6.083897055588507463e-01,6.415088564337330101e-01,2.129283272919195169e-01,9.744449177991618694e-01,8.143940657906344471e-01,5.110067339551094268e-01,8.076027576951234632e-01,6.020875082298938752e-01,5.033405561763351077e-01,7.240023378637989726e-01,6.801136975554676889e-01,1.950273119226215157e-01,2.891388976862535598e-01,9.241852718701315528e-01,5.953157583054167201e-01,8.620927392405068890e-01,9.966577934149053464e-01,2.626826419023216008e-01,4.506336757930480275e-01,7.746367200235925177e-01,8.129019504858782108e-01,-2.983044217234082640e-01,7.629483081762218344e-01,7.503757370950775440e-01,5.398038909128353158e-01,4.659224718128832099e-01,9.258463618315571075e-01,2.548481610260681096e-01,9.474201250739278102e-01,4.328812135066361089e-01,3.110964044709599308e-01,2.541354660037345448e-01,6.358403887740301519e-01,4.412906362673260641e-01,3.956361336389652150e-01,-6.162390804927042609e-02,5.898303021866360130e-01,2.994544886760698299e-01,9.619143919565673606e-01,5.632789785622407952e-02,2.484507450326649616e-02,5.657834659714578995e-01,6.842746717912233656e-01,9.765580842051213573e-01,7.668432463610285188e-01,4.027618028443992193e-01,6.790779406275557761e-01
6.395611295332528368e-01,7.289688820367847821e-01,5.007357875250120216e-01,9.567777678398616814e-01,7.493957933716210995e-01,4.776876257809818394e-01,0.000000000000000000e+00,5.491031199776585936e-01,3.270475450973053810e-01,3.660051091554912817e-01,4.008031286732975373e-01,4.548262987559056891e-01,2.896416875874983088e-01,5.088083442985027460e-01,6.612698280836049047e-01,5.984176883415300852e-01,7.548602248357487721e-01,5.420085439883132183e-01,-1.202561913293627299e-01,7.301386266939465797e-01,6.475861573774871482e-01,6.852872340954135888e-01,5.054090405025126742e-01,8.223753831332186737e-01,5.075961515436119287e-01,6.144948395847674716e-01,2.357697943155494802e-01,5.217481079454184822e-01,2.094397900294487358e-01,4.246685307763952699e-01,3.503028802481052972e-01,5.840809367165986643e-01,5.181125046681771540e-01,2.433016912977596369e-01,2.627479117472775183e-01,5.828791146763062647e-01,1.579614611523600942e-01,6.087680262868567782e-01,9.433655852840761025e-01,1.624104829603237876e-01,6.519978075871679657e-01,6.922724222807626893e-01,6.394662372413089102e-01,7.680704364433037501e-01,5.491352438166583472e-01,4.900329996659586462e-01,3.834001573318623346e-01,6.979989189056309273e-01,7.516316525394683978e-01,8.996613230354064683e-01,4.743738820990998084e-01,5.583343040122626943e-01,6.307023661580390961e-01,2.810525542728589121e-01,9.298257977049664280e-01,3.221902744623940662e-01,2.907144879754302580e-01,2.146929097056608504e-01,2.373303811865172808e-01,-3.531593657431932876e-01,4.705389391644497210e-01,3.885837686273312941e-01,4.444748516978583308e-01,7.853902128367543645e-01,8.851495997449695396e-01,5.153123181534214892e-01,3.060846620745105162e-01,6.611161175870144957e-01,6.899682139722643770e-01,6.313726815733463615e-01,7.604094782723951340e-01,4.298947892034017948e-01,1.799812228237397393e-01,5.315351751695942539e-01,5.077607098227030491e-01,2.363445707156607289e-01,6.146058200100881219e-01,4.199139098793908120e-01,4.977831701175318146e-01,1.471048877633004404e-01,4.815248453081928393e-01,7.421590854739091858e-01,3.686254819679911643e-01,3.108819807801778690e-01,6.032930923274364837e-02
2.052845079288954655e-01,1.768778720220480494e-01,9.440620082496563592e-01,8.727358339565842726e-01,2.991151959774477342e-01,1.534111515422456086e-02,5.491031199776585936e-01,0.000000000000000000e+00,3.784570247876291038e-01,4.846369992518423375e-01,7.557589243743044749e-01,1.289299376607723480e-01,7.182965326188058830e-01,6.343221094540899552e-01,3.994638772537392191e-01,7.496810466847736443e-01,5.818547548225692090e-01,3.530070369919267037e-01,4.343895471170533540e-04,8.540897520496206763e-01,9.184382353436326696e-01,2.105544889048466817e-01,7.357147022701971961e-01,3.745919194364574212e-01,7.476501674578220902e-01,1.523599155710446129e-01,5.360948368686822008e-01,5.315316663967275534e-01,2.270560272234109500e-01,3.430368175458968216e-01,4.493944897679818529e-01,7.426618131392809241e-01,3.917926423338087272e-01,4.749044080049763528e-01,-2.109079279975337173e-02,4.890704716833008114e-01,2.975212567266358743e-01,6.259655995817953178e-01,7.813840709199982859e-01,4.589303381003503879e-01,2.626166008668098240e-01,7.409969244284666523e-01,5.910390600251061999e-01,1.132076387106772941e-01,4.930751770128535272e-01,2.283377513554803173e-02,7.892152886192840278e-01,6.633797267070788983e-01,3.805102958612809338e-01,6.696784017021374380e-01,7.418350706888624524e-01,7.894345577524758406e-02,6.162068123387427487e-01,8.830299000531557363e-01,6.915580171746321669e-01,6.040204712211197924e-01,6.173410046622225256e-01,5.105246294487076897e-01,-4.955487533533869948e-02,3.932182903319242362e-01,9.824120050813213434e-03,7.396125826852728569e-01,6.552147869035351846e-01,6.803928275946260484e-01,6.184525150232372814e-01,2.117962526175679316e-01,2.309364154520743562e-01,7.563327097971728197e-01,6.145578208612084703e-01,5.411539150136500664e-01,1.165070060179700245e-01,3.325861353096883910e-01,5.242503885517906248e-01,6.192573055213395072e-01,5.375470335082702666e-01,4.692429456718521519e-01,7.241377919766827098e-01,6.765002842555459805e-01,2.267912604485636530e-01,4.188918673261898817e-01,8.044687278769868666e-01,6.547822316490825578e-01,6.430643182859129281e-01,4.783421175456634145e-01,6.691488943886338969e-01
5.851660826017414108e-01,4.889774018388873267e-01,9.284428052253577146e-01,8.506359665601688214e-01,7.758808312837476295e-01,4.212983091921180256e-01,3.270475450973053810e-01,3.784570247876291038e-01,0.000000000000000000e+00,8.774153535523628034e-02,4.082539203588146370e-01,6.050845905775479316e-01,8.890942347536586743e-01,4.996349408581505225e-01,6.827793298370370412e-01,5.968822966539033548e-01,8.922133328070083191e-01,7.007472326658644723e-01,5.480303813368835320e-01,7.023131215175446584e-01,8.464189965995624343e-01,4.720613373445676220e-01,4.754911407821195146e-01,6.652573021216851012e-01,7.851355486574742581e-01,2.880468713455178742e-01,5.100684420527918927e-01,6.329846174749254040e-01,2.893139505405609158e-01,7.052711989966109485e-01,4.837710067796577307e-01,1.197963539432590346e-01,7.886463818678844939e-01,7.141973375581717187e-01,2.103950914174637088e-01,-1.449926856440058309e-01,5.460549158532659320e-01,5.516157972034562151e-01,7.678067215986092986e-01,7.320618444354685117e-01,3.737277756208726709e-01,4.225616616638049328e-01,9.077802566389603367e-01,8.209616903610637006e-01,7.573478846156531663e-01,9.294649295403080158e-01,3.433818146426123041e-01,7.696732285822939224e-01,2.439219931676880337e-01,6.413950018142836607e-01,3.067466106733633402e-01,4.389362811679583531e-01,6.550134199536908897e-01,6.393127556471928097e-01,9.191242129292443996e-01,9.001551853825108251e-01,9.989683127503317106e-01,4.226218082873035575e-01,8.256491246135884143e-01,-1.554546537339271395e-01,1.994503469712183008e-01,3.947293574664545446e-01,3.254969506827350145e-02,8.823803637765696983e-01,6.741619133685392562e-01,8.863457100632148311e-01,7.625113244760405307e-01,8.748417412613969102e-01,3.290051439482801765e-01,6.287538437121549251e-01,6.734696380826163953e-01,5.013604964842920397e-01,-3.744843936756463432e-01,-6.731600099541129589e-03,5.094958927868883380e-01,2.568395858842935087e-01,2.973623263916068682e-01,5.256982149279370020e-01,1.637022834897551571e-01,5.916139635151214105e-01,4.324660920634020300e-01,6.687310849028471615e-01,4.054345761179735663e-01,5.572436180547899465e-01,4.379323625619713778e-01
4.967443432021005356e-01,5.980496452268596608e-01,9.543891631500914796e-01,8.011650296778656255e-01,2.763681294347409834e-01,9.990826302975364115e-01,3.660051091554912817e-01,4.846369992518423375e-01,8.774153535523628034e-02,0.000000000000000000e+00,4.427601561559204590e-01,3.270420510961419280e-01,4.705895196703577255e-01,3.209743333849649494e-01,2.824820770229488631e-01,3.807716687943921707e-01,7.854478046348227771e-01,1.595163800809344945e-01,6.995777031168670668e-01,5.624293521198707735e-01,7.201044664985436494e-01,3.133057580461974245e-01,3.511810933832584247e-01,8.119662638374608443e-01,3.549700052411541851e-01,7.878941309912256274e-01,8.454507252409541040e-01,2.220228201821680680e-01,6.831965170711448154e-01,1.913351737514578377e-01,3.907768881854855048e-01,7.575777316784595428e-01,7.082635529944077968e-01,6.261308615564195046e-01,9.596261057003501183e-01,5.317287924043085923e-01,7.611897021892473081e-01,7.445787243559998103e-01,8.362076533205643480e-01,9.504121095855733170e-01,2.016684485036779606e-01,6.941097858408890042e-01,7.161328523420851244e-01,1.725921456257251962e-01,2.917122229144528123e-01,8.599760506201352683e-01,6.179130733856256219e-01,3.174566039411648166e-01,6.024523005744136794e-01,5.280491764427492907e-01,5.482026997204322294e-01,2.053341422294778229e-01,6.554750523130862261e-01,9.615877195250808196e-01,8.887273897520704402e-01,7.571348281382058731e-01,7.705182736138589394e-01,4.781234706403629242e-01,9.530392148895975302e-01,5.817200833430464790e-01,5.387409630570417773e-01,7.763376316850875147e-01,3.785046329173471502e-01,8.027385597887100044e-01,5.024910038935673784e-01,7.837220977764779439e-01,6.491064351659696641e-01,9.851314118243801321e-01,7.015178304889722050e-01,8.768766905384145494e-02,6.524680894053987990e-01,7.174453894832456546e-01,1.650274815298485576e-01,5.760234982027204742e-01,2.655074970115793298e-01,7.987187314834829355e-01,7.953336660067227282e-01,7.865433807852191261e-01,7.528500149577838085e-01,5.312168952717533088e-01,4.032974387684302164e-01,7.021320366633058141e-01,7.649782966901433889e-01,2.626764214656374108e-01,7.013130764937436368e-01
7.049338087905248074e-01,5.923770596049739989e-01,6.836256708488006595e-01,9.943333333453953093e-01,6.168378900490139038e-01,6.097712987903718407e-01,4.008031286732975373e-01,7.557589243743044749e-01,4.082539203588146370e-01,4.427601561559204590e-01,0.000000000000000000e+00,7.306372520550872274e-01,4.436283244902569090e-01,5.247565868522096055e-01,4.793323948370307730e-01,4.925008274866256031e-01,4.690594692891204565e-01,4.599935210960932608e-01,7.172478197626257490e-01,7.626191670064840222e-01,7.765451304183974557e-01,7.403376641048117213e-01,6.078430309740349147e-01,8.235030540446822700e-01,8.324432368949544192e-02,6.383717440812572974e-01,6.281765331755969628e-01,7.481386528567155469e-01,4.982533719320739740e-01,2.991660546766677364e-01,4.491838824067722613e-01,5.392329946249320161e-01,9.591889211011734862e-01,4.851076645647142693e-01,5.967921434889593701e-01,2.319964275159476785e-01,3.196736193759204814e-01,4.819776360752674460e-01,6.746044463104681199e-01,5.325661864862163419e-01,5.395244105056689055e-01,5.042469294721362294e-01,8.496652191795079911e-01,9.025776991719069997e-01,8.858923940032473743e-01,7.843758324780568669e-01,5.970603998108394705e-01,6.366530991722232358e-01,3.833673465001617986e-01,3.593906523033957301e-01,7.517854385532611872e-01,6.383838901067060423e-01,5.135618171896646489e-01,1.888408628877381867e-01,8.632008380272087056e-01,5.107837972451193531e-01,5.423206428462897799e-01,6.824243803825720267e-01,4.844243425535069147e-01,5.731206464948077617e-01,5.248693972723169621e-01,6.131737424114955815e-01,7.499830824908360061e-01,4.314221423402027078e-01,7.547575469187727260e-01,5.877930836517194502e-01,7.951517585137859445e-01,8.840614120054207659e-01,2.687076080842566439e-01,6.658388587172621165e-01,4.200187506039637642e-01,6.224384771607298639e-01,5.893161469677594688e-01,2.902830762681906651e-01,7.424890041086154024e-01,4.661704369927580638e-01,3.408196102394596139e-01,5.975181359719532459e-01,6.450581102400918532e-01,2.115207709224593835e-01,5.137768281709312879e-01,4.732496911356695590e-01,5.090267151900509379e-01,5.099259839899785707e-01,8.553063758550472073e-01
7.307348456846711748e-01,3.062686943996515421e-01,8.278960784657217742e-01,4.470081788767787390e-01,6.089733289779242220e-01,7.339578483979386503e-01,4.548262987559056891e-01,1.289299376607723480e-01,6.050845905775479316e-01,3.270420510961419280e-01,7.306372520550872274e-01,0.000000000000000000e+00,5.829871389822391947e-01,5.366645864892886086e-01,8.459865050769381778e-01,7.876337718387574904e-01,8.293808929027574051e-01,6.683818540779048467e-01,3.884912965416728592e-01,6.778273415473065056e-01,5.527305273165004085e-01,6.172884109205556413e-01,8.846494146047357843e-01,4.499727588499126685e-01,2.295317482748661930e-01,9.270876096976915504e-01,7.023157173013439003e-01,9.021077956074472493e-01,-1.408689106813646452e-01,3.090586310230045708e-01,5.880200935936603646e-01,5.360473062011261725e-02,5.600770943449593364e-01,5.581453672012477440e-01,9.832702962416290937e-01,5.406022122023157461e-01,2.063393184650070267e-01,6.210470134692364086e-01,3.583443919772625330e-01,4.536358970193667961e-01,3.471142613784324038e-02,5.208686251563894309e-01,9.040337457738950588e-01,6.725798605549462295e-01,7.764213634403368536e-01,6.562708879492029634e-01,4.916469900032174878e-01,9.450554755614388736e-01,4.876714950124702574e-01,2.131946245783156169e-01,6.499681438680179335e-01,5.835023305426974005e-01,4.823963869816967343e-01,4.746897075747619210e-01,9.575189611424494984e-01,5.140863752085939042e-01,6.073077275834500854e-01,4.102413785851830030e-01,8.092284191953728056e-01,2.962328411080445978e-01,9.718177712183884501e-03,4.551158753442233196e-01,4.435928850459750494e-01,7.543522654671419581e-01,8.844347454299891220e-01,2.851182326694005065e-01,5.619660618276238750e-01,7.333573055215916181e-01,5.697759994757931601e-01,4.092724255361372965e-01,9.965449754822170991e-01,3.352876202872047129e-01,4.008974102044164933e-01,-8.994078816879413907e-02,2.953353618307822948e-01,7.364590495657119540e-01,1.034970396787491254e-01,6.306222325771759785e-01,4.228234103073509886e-01,1.405820396480529921e-01,4.657169069118088367e-01,3.913444026197393510e-01,5.247990747849189397e-01,5.781806653407118857e-01,2.946103633751986917e-01
4.880630716347603149e-01,4.141594022635337047e-01,4.777721847872692940e-01,2.435780128216866458e-01,6.949051992789720966e-01,7.678554074961820852e-01,2.896416875874983088e-01,7.182965326188058830e-01,8.890942347536586743e-01,4.705895196703577255e-01,4.436283244902569090e-01,5.829871389822391947e-01,0.000000000000000000e+00,7.971050645644499610e-01,2.237717390844939369e-01,8.564075316734389709e-01,9.750621676168896856e-01,5.099735100800690812e-01,5.572478819842493492e-01,9.707654126133070660e-01,7.628339566217845480e-01,2.339692353037723105e-01,7.681894786822834886e-01,5.709783159131123220e-01,4.170722042292780984e-01,2.792138933964446457e-01,7.684853057965915779e-01,6.129301084150297063e-01,3.780014880357582818e-01,7.870534363778071141e-01,-2.539564426422042942e-01,5.061898669612746593e-01,7.312454766603218026e-01,9.530995994408025807e-01,7.986232076013478620e-01,3.873516307526523317e-01,2.056112361986868475e-02,2.177717349615068687e-01,7.130236263665069574e-01,4.529565796187119409e-01,4.133849315352181586e-01,8.988182049207215085e-01,7.717185031052826716e-01,2.122974535167223009e-01,9.069945029742083609e-01,6.849515889073021224e-01,5.281417858495600637e-01,2.967414683117689522e-01,2.652671601239121046e-01,7.046381938064365524e-01,7.495779949137132414e-01,4.385116805587942479e-01,6.652649719355594460e-01,5.331630228052431919e-01,2.482636389978724323e-01,8.157926865505088498e-01,7.471864835138584127e-01,7.492030135882392639e-01,9.896079225346198216e-01,2.003373548710534260e-02,3.563770073342479305e-01,4.321979948074959887e-01,6.183926320282234768e-01,9.446651312252238863e-01,9.653520911712957231e-01,7.096999227723446158e-01,7.545013842088414968e-01,9.339103900509106992e-01,6.197696934392540324e-01,7.770006500783767089e-01,8.053517672255835480e-01,6.274975984521112826e-01,4.522166998015600958e-01,1.506644074545676615e-01,4.837627327227131957e-01,9.909613789793519922e-01,7.876928753631481372e-01,9.466765684801392577e-01,1.739741629697913114e-02,5.292881023630716664e-01,8.243803779668865683e-01,8.440814440691987164e-01,6.278814363323133030e-01,3.245007089769916253e-01,4.561598819327634668e-01
8.162231459127705646e-01,7.879411668659839219e-01,3.017211836119065294e-01,6.024505659811818514e-01,6.889175910348543930e-01,6.059779634152404615e-01,5.088083442985027460e-01,6.343221094540899552e-01,4.996349408581505225e-01,3.209743333849649494e-01,5.247565868522096055e-01,5.366645864892886086e-01,7.971050645644499610e-01,0.000000000000000000e+00,5.652396602451924545e-01,9.338550843911700428e-01,5.632186280206000761e-01,6.156205571568800217e-01,7.191799380963208588e-01,7.353832879551558399e-01,7.232983696697226073e-01,8.023746198444438038e-01,4.185758894356655935e-01,6.697600476335321407e-01,6.374045592328859700e-01,7.338878561010198087e-01,9.982340656441258675e-01,7.550692293474058348e-01,6.585133504438639429e-01,5.268374542395368731e-01,2.803866289382095922e-01,2.302926963745719757e-01,5.084633121005212031e-01,7.988246297593489809e-01,7.495912834351166065e-01,1.151997470925527622e-01,3.834346978871318590e-01,6.186402639875886456e-01,4.117721754912559984e-01,6.715282958862740514e-01,6.075914653709016955e-01,9.444549382511135960e-01,8.410613765997361213e-01,4.691052238069123859e-01,6.050035555192914138e-01,6.901255547874545204e-01,5.996988862072991644e-01,9.607281196638359777e-01,9.712157070695931482e-01,6.595540160322883594e-01,5.548193131354617336e-01,6.407161073115307248e-01,9.139913125958009088e-01,2.346236836939453174e-01,9.768893505003525268e-01,5.226729302098277463e-01,8.716355722192564714e-01,7.169604806403369057e-01,6.131535687397663414e-01,5.323308388886832665e-01,2.442666775390635314e-01,7.044676517291241780e-01,3.673576222644144851e-01,7.699490564552128324e-01,7.778911563580401811e-01,6.398571005071600482e-01,9.366157300638738858e-01,2.310862885357122531e-01,6.119926550362462248e-01,9.769396125376565987e-01,9.029976175396292604e-01,5.737972107331902327e-01,3.168938290253840023e-02,8.913984141085568025e-02,2.622794414815860509e-01,4.708172792380296845e-01,7.390780186796801488e-01,7.952694641155630961e-01,2.493291973917721449e-01,-3.907096153890089463e-01,8.004820283392650726e-01,6.476909067880070037e-01,3.395218634878008901e-01,2.296028690387855453e-01,6.025655501175688489e-01
4.741177173217646090e-01,5.950810624567415275e-01,7.542986463816213627e-01,6.800510006734928892e-01,4.084592241809922308e-01,2.374311065780132235e-01,6.612698280836049047e-01,3.994638772537392191e-01,6.827793298370370412e-01,2.824820770229488631e-01,4.793323948370307730e-01,8.459865050769381778e-01,2.237717390844939369e-01,5.652396602451924545e-01,0.000000000000000000e+00,5.490930151343593746e-01,5.129308342427045808e-01,6.990893305763203891e-01,7.484621661329302622e-01,6.060395658066607405e-01,7.734712829713960014e-01,6.798231516310421219e-01,7.456022434378329899e-01,6.973356953938166791e-01,9.591852407699941185e-01,9.211650090434169158e-01,6.441157230587153393e-01,7.467274337889601155e-01,2.893926079228454906e-01,6.259147229847233929e-01,2.738960614131794591e-01,3.225953340575631323e-01,6.469702990784358398e-01,2.402993371389001709e-01,6.903728601951791832e-01,3.075481564116769317e-01,3.756870300099943716e-01,-1.387327367350688068e-02,6.790142192434209800e-01,7.201647825864446739e-01,6.170977411201830076e-01,3.555828243662515487e-01,9.650029372585142706e-01,6.830518938173640864e-01,7.832251941807550910e-01,6.794121617571982075e-01,6.386816687242610202e-01,4.213098515245080056e-01,3.649582182790152007e-01,1.291015217656599299e-03,6.404863733372473389e-01,5.420409836006044868e-01,4.849922102907687771e-01,5.716343177006483200e-01,7.826647018439193415e-01,9.004476415473713358e-01,3.951863997169333675e-01,7.000250550919506765e-01,8.438378783821269824e-01,2.069748246192289476e-01,3.682000148735444789e-01,6.296873415710781963e-01,9.011680031892771447e-01,5.266944109749585046e-01,9.395069147787915576e-01,2.247483627715685939e-01,2.728573760531663450e-01,8.153634234575475315e-01,4.200585762235402587e-01,6.846997396058907004e-01,6.939424709499464328e-01,4.110848517715742778e-01,3.706513126388865098e-01,3.425131110645963650e-01,7.747562638415517178e-01,7.385809511121190774e-01,7.719342289002567581e-01,8.644599915187203276e-01,2.480822187810171886e-01,5.880719907494336152e-02,6.396322921119679261e-01,7.119164472268778299e-02,8.451618055916489958e-01,3.819796870170896197e-01,6.513244999713049266e-01
8.585039883369954827e-01,5.962961229698280352e-01,6.253660387155294265e-01,6.233728642794544861e-01,4.396958570173747360e-01,6.194034400513411809e-01,5.984176883415300852e-01,7.496810466847736443e-01,5.968822966539033548e-01,3.807716687943921707e-01,4.925008274866256031e-01,7.876337718387574904e-01,8.564075316734389709e-01,9.338550843911700428e-01,5.490930151343593746e-01,0.000000000000000000e+00,9.758814277852789765e-01,8.038404142489773418e-01,2.805558276806600082e-01,7.554914151796499056e-01,7.468391266590654887e-01,7.192808910022561175e-01,7.988422024133695620e-01,8.902592662820582037e-01,7.140344046411247758e-01,4.401993089508132728e-01,9.925084341657366416e-01,9.888328483889501364e-01,4.267530955822110839e-01,4.948431725266481673e-01,2.760411374162539677e-01,7.824753129871755419e-01,6.084300188822174826e-01,4.037397925517672848e-01,5.163354338403394195e-01,4.743781383817046726e-01,2.348744381443528817e-01,5.348628095464482701e-01,5.067488817742956675e-01,4.622864031768735837e-01,4.492139569464136950e-01,5.924429947666208784e-01,4.463843706598382144e-01,-6.298546557082979058e-02,7.553902920496450291e-01,5.976951965598502614e-01,6.323995200534604511e-01,1.926055841403734592e-01,6.164969721367619115e-01,4.958810937953352926e-01,9.235226798258139302e-01,7.851957755435019504e-01,6.001683329280727008e-01,6.595784519740198748e-01,3.344709866643981178e-01,8.093565637286962433e-01,6.762155524002613216e-01,5.163868373895325048e-01,6.176932792990634802e-01,7.164545521508093318e-01,3.098205510253794204e-01,6.298509549418618292e-01,-4.475281291089561186e-02,9.498922425734832586e-01,8.769225166860672438e-01,9.154072388660592363e-01,6.016500939164346473e-01,8.459956087924529466e-01,7.579952872432267341e-01,6.810097330716885500e-01,7.426796241729479719e-01,8.393832083172328984e-01,1.670534379171386904e-02,3.812918210780161798e-01,4.247774624200822968e-01,7.458746248947786261e-01,6.572541125290253250e-01,4.063932819469628921e-01,2.320184178114708951e-01,1.386114237754020873e-01,7.293894770815576578e-01,5.658710207451219665e-01,7.979123212113151675e-01,-8.107884376394589032e-02,3.937204139459482555e-01
9.072818706571126324e-01,5.299513962635009623e-01,3.938522964667032777e-01,6.708479605816075608e-01,3.908380121007518082e-01,6.523449112602774935e-01,7.548602248357487721e-01,5.818547548225692090e-01,8.922133328070083191e-01,7.854478046348227771e-01,4.690594692891204565e-01,8.293808929027574051e-01,9.750621676168896856e-01,5.632186280206000761e-01,5.129308342427045808e-01,9.758814277852789765e-01,0.000000000000000000e+00,5.951640110888560820e-01,2.890880410325574745e-01,6.565858542611560100e-01,9.534565407360798828e-01,3.948436648971094254e-01,6.466163059682444869e-01,7.959532991479811859e-01,6.330952800471705277e-01,5.686389762403233350e-01,6.520197940532515002e-01,7.938749257238286727e-01,2.127448370577344205e-01,2.969098965458507600e-01,7.848925885065418662e-01,7.112574793054866618e-01,6.225900255276680673e-01,8.761183603696466315e-01,8.485916396839900955e-01,5.484016932565585201e-01,-3.789327901866224035e-02,5.020273249980506947e-01,8.353804265544597651e-01,2.721118661879687317e-01,6.760880081328835001e-01,3.332976061785766220e-01,8.820760227649305785e-01,9.913948544960364817e-01,4.893330449507806712e-01,9.754911883160977126e-01,5.728303882272393066e-01,8.952158511523968798e-01,8.868720693855054460e-01,6.186431163615628837e-01,6.728860726233816258e-01,2.435666800320793191e-01,6.278275766563593541e-01,5.778388088688369839e-01,9.650097475146752757e-01,6.502039349874295660e-01,4.420440167502013851e-01,5.457563297520271473e-01,7.717760776658524335e-01,4.208946237857884021e-01,1.339690954617480390e-01,6.566460077460460898e-01,4.547624212734528437e-01,8.526579419726906250e-01,6.741633555217716456e-01,8.734940507307548119e-01,5.924763550058408379e-01,7.630406930283242239e-01,2.568397053535662611e-01,6.161904972189226060e-01,6.376887811529633465e-01,9.890008792258031534e-01,6.382321657206194709e-01,-8.455154757277247302e-02,6.804987823986421436e-01,6.516129778296362307e-01,3.264658923020277159e-01,5.529062083394334914e-01,4.948060884663410541e-01,2.488012322038178903e-01,6.610352815256368419e-01,8.344659466493751232e-01,7.066397214514332781e-01,4.373180545776361172e-01,2.949760948971232311e-01
6.925826945200340701e-01,3.552227742232809127e-01,7.150942975220424547e-01,6.094227763763494510e-01,1.615094286407441418e-02,7.027241729113261615e-01,5.420085439883132183e-01,3.530070369919267037e-01,7.007472326658644723e-01,1.595163800809344945e-01,4.599935210960932608e-01,6.683818540779048467e-01,5.099735100800690812e-01,6.156205571568800217e-01,6.990893305763203891e-01,8.038404142489773418e-01,5.951640110888560820e-01,0.000000000000000000e+00,2.610806742393199653e-01,6.090949166212518140e-01,8.153241296295116181e-01,6.627125552998404112e-01,4.918811200562560049e-01,6.648010455126603935e-01,4.996665868380307796e-01,4.064028283191392088e-01,9.647847569719119054e-01,5.661316757083749707e-01,7.654122237836444853e-01,7.956818057007705169e-01,3.916501849984532768e-02,1.970641985092781989e-01,8.550024809648335555e-01,1.292259389935899450e-01,7.167803580874456681e-01,2.269180767931669451e-01,3.641988204772593773e-01,4.438855880871653281e-01,9.304779075503440966e-01,7.681114938587927377e-01,5.512081237548501766e-01,6.240208229012037533e-01,6.177701774712525129e-01,9.836647624441529070e-01,6.504541851749616743e-01,3.736821000501183709e-01,5.821891238478258401e-01,9.332667597048172059e-01,3.018725436265378703e-01,9.541569503445823663e-01,9.809088988113253693e-01,6.772301865600296455e-01,6.283657851037895981e-01,4.691208293595631740e-01,8.779777021222507916e-01,8.444948971126798876e-01,4.037409558801642873e-01,7.969813396476663758e-01,4.284698473221149051e-01,4.732370341284295456e-01,3.066425650049096618e-01,6.502202276544299941e-01,4.855199460750728169e-01,6.009766139631570470e-01,6.365327828233746654e-01,6.059046982162585859e-01,5.594856832775871869e-01,6.666597880268775311e-01,6.183306326302182576e-01,9.860888521455473121e-01,8.539746231030972412e-01,7.550178754167496953e-01,7.052019545455877614e-01,6.352716667163944841e-02,7.431913571833074217e-01,6.769990856149152858e-01,4.536033017249346821e-01,7.440109190669533801e-01,5.467737240478872662e-01,-1.627620155632961418e-01,4.520854388357625764e-01,7.972120295128222178e-01,5.805388464178262709e-01,6.600568357765796978e-01,4.354287827052878979e-01
