0.000000000000000000e+00,6.613310711538741282e-01,7.925776953292957838e-01,7.578185102771477499e-01,9.427074759227751510e-01,7.126846893678272510e-01,6.174448795024736203e-01,5.498536045111490633e-01,5.421818126077395661e-01,4.351160663205897450e-01,9.137683319540041982e-01,7.438298620556811347e-01,5.387980365016257212e-01,8.936877942670061747e-01,4.234757326851803505e-01,5.939130430811649930e-01,8.640291672822284497e-01,9.178173646010890918e-01,8.482591197634228308e-01,6.591520033131706979e-01,4.427133498601334982e-01,7.955246251543912628e-01,7.924774132598890741e-01,5.057014442968474910e-01,4.144629091625371964e-01,8.176326124539128326e-01,5.255843765334997642e-01,7.143351801673650803e-01,4.866313277372608104e-01,6.998351384589088786e-01,4.188032732240769551e-01,8.583539221876883563e-01,6.124655508168352913e-01,9.849955590110750503e-01,9.766978865187674330e-01,2.610860602737760106e-01,4.710138447900581449e-01,9.137009869883822022e-01,6.070154449348257319e-01,8.159868206076444919e-01,1.243640953780914826e-01,7.129147301935283565e-01,7.456130860039225094e-01,5.992118243485333728e-01,8.315653627927728220e-01,6.179556850941037016e-01,9.252666944403131755e-01,4.051272609148549586e-01,8.983611355692200373e-01,6.972595556858115495e-01,6.473301962655078068e-01,7.047849236437233600e-01,9.976838566438781530e-01,8.634385244736602072e-01,9.888552750869532559e-01,6.992554777311779102e-01,6.086730920109588716e-01,8.834531995932147774e-01,9.849939130027223211e-01,4.637705060107290556e-01,5.726183555404378289e-01,5.163949908231424413e-01,2.399734670071277665e-01,6.851873743811781603e-01,6.203084877929657681e-01,5.018275434137690061e-01,9.723500240979652265e-01,9.786375340391761934e-01,8.653806949976780016e-01,8.180374664050508171e-01,7.367137219291093331e-01,2.532362167903133843e-01,6.479465406086082346e-01,2.433932926621626414e-01,7.555232576093905417e-01,8.376143016832182653e-01,7.951779466165984633e-01,8.541829704600961692e-01,9.054748645281973651e-02,5.616462107528219505e-01,6.909600408112126502e-01,9.544679351684272062e-01,4.474877866803507187e-01,7.413140173229718632e-01,6.061405572277063225e-01
6.613310711538741282e-01,0.000000000000000000e+00,6.977712940432185817e-01,7.142610708036829514e-01,9.772473431652562992e-01,7.418894008078686930e-01,5.920199259021502458e-01,4.406128175827333376e-02,2.442180724640605205e-01,4.504926003479114427e-01,-3.108582200922038741e-02,5.727999962982197601e-01,8.578656433676081772e-01,8.217253845991192573e-01,6.896497498048954622e-01,6.382124828664009764e-01,4.728477309178093502e-01,7.109397678094654394e-01,9.713429968513765944e-01,8.048563956281949983e-01,3.982515410846395598e-01,6.859789346926675746e-01,7.899147742920934467e-01,8.691662815542272602e-01,4.713780942469641966e-01,9.711530232050522571e-01,6.083799015676389921e-01,7.584784086216328491e-01,4.581260011009324340e-01,6.986681876283123982e-01,4.264354772721171694e-01,4.593348986875993023e-01,4.869105349665143190e-01,6.816003465139518491e-01,6.078580001205425853e-01,6.169369940219499027e-01,4.077201435921649075e-01,4.594530541032206816e-01,9.137188463038730113e-01,6.807685474799066716e-01,1.269124007432030077e-01,5.320915456220546291e-01,5.582782835952284639e-01,-1.312568314566016636e-01,7.540319864022758667e-01,6.698145694629441538e-01,2.000476449364756160e-01,8.933045035528039968e-01,2.400206720239137781e-01,6.797888686776505374e-01,5.080729238473998821e-01,5.851000992823307545e-01,4.199390879642052044e-01,6.177636728270767819e-01,5.590848739864856531e-01,7.923546481437498956e-01,7.064295226271783967e-01,8.506873967462776909e-01,7.480471935442460918e-01,9.881634746057258445e-01,1.397720557660002694e-01,1.108764797072242098e-01,9.808176953380095542e-01,9.507434332618620587e-01,9.018556785328646352e-01,6.015334040621188594e-01,3.628664901292915079e-01,6.881935108240706533e-01,7.740063407637527426e-01,7.237542483254059134e-01,5.120833264832216347e-01,5.189625187513511317e-01,5.154308732498275036e-01,5.917714872032806550e-01,2.581534304194132989e-01,3.103179459121732306e-02,4.467248154899201018e-01,6.118515481116008070e-01,6.992594053209539862e-01,3.348634000283558509e-01,3.491799068780603310e-01,3.908436947130347061e-01,6.478414557783219729e-01,5.080444412511027075e-01,5.184246664173113306e-01
7.925776953292957838e-01,6.977712940432185817e-01,0.000000000000000000e+00,9.736084654024145246e-01,5.932571511699390454e-01,8.930555949334456622e-01,5.326280918658697905e-01,7.644485326672153525e-01,7.446327763322286852e-01,6.925734580817153319e-01,4.413447736939169475e-01,7.219219296859185064e-01,6.461754904255625487e-01,6.638811143977267903e-01,5.866320043532484707e-01,6.516266094012379551e-01,6.064657273759980205e-01,3.446159255235036190e-01,6.729358603958688345e-01,9.039457946827333945e-01,9.266175764150585970e-01,8.016026912570575202e-01,4.209000007732823789e-01,8.005366286185359170e-01,9.568635370080433855e-01,5.901554144733420770e-01,7.962722506962334190e-01,9.913451377631665729e-01,3.519350470911667417e-01,2.390816450441048124e-01,3.407520266617096727e-01,7.001388637676883020e-01,5.948933971447054603e-01,6.848646286168325048e-01,5.416508942631765855e-01,1.767687317715314066e-01,2.607382453548743872e-01,6.117190309248743407e-01,6.325664869700623472e-01,6.110661088614666170e-01,4.460867221099171220e-01,7.751924780163890194e-01,9.639902081635643993e-01,4.520990960639145739e-01,7.011884990867733869e-01,6.386055830571124581e-01,6.351307035666072798e-01,8.169742782436767436e-01,6.394661779746336761e-01,6.165348855340085921e-01,9.917879507389555371e-01,8.889575696361312618e-01,7.412894767886712977e-01,7.002925924393179624e-01,5.990241203515752622e-01,9.350299571255950015e-01,7.034341110174923140e-01,6.887075879052767524e-01,3.535825148303938237e-01,3.035937416762852226e-01,7.804234817105141220e-01,7.835466492189365750e-01,5.307496593657408113e-01,6.363586436489615528e-01,3.820065979478809437e-01,8.606342631303394164e-01,9.972180593617645528e-01,9.115819305850311194e-01,7.964167428996129505e-01,6.944891350792952167e-01,8.062683289810793630e-01,7.203016988014138144e-01,7.635177316867191033e-01,1.770936032593527498e-01,5.883184649777934982e-01,6.256164175479338452e-01,5.818657465793547479e-01,6.974529584905784230e-01,6.414239196224832407e-01,2.022674383812538834e-01,9.059979057968714500e-01,6.960367994553932069e-01,2.262125855961159004e-01,7.888633053002693796e-01,2.329976203717823435e-01
7.578185102771477499e-01,7.142610708036829514e-01,9.736084654024145246e-01,0.000000000000000000e+00,7.955770135183197755e-01,9.304941844324915445e-01,3.206165958713499409e-01,6.774523244910194419e-01,2.303240674314765424e-01,7.576320257673399006e-01,5.958713630705121389e-01,8.906827018844534205e-01,9.981854950029036555e-01,7.452434849753423185e-01,8.711040398481048053e-01,8.012091007036458157e-01,5.755279017978294220e-01,9.379336212371567338e-01,4.122342554596827302e-01,6.652300357652755070e-01,7.621179313639206976e-01,6.224032340621866721e-01,8.062121941050711671e-01,9.480655834381190861e-01,4.779097649384910218e-01,4.168972653192759559e-01,6.144266093595326383e-01,4.001194649443264861e-01,4.980835011073090901e-01,5.502087162766720052e-01,4.053103504565812587e-01,4.257550286198306666e-01,5.313317532649535213e-01,4.521837357749760034e-01,3.907554372867197978e-01,3.884432574762956003e-01,-1.869164456874407576e-01,7.561978791674639488e-01,2.555531347538999576e-01,6.443523347732632578e-01,7.611984489356291572e-01,8.989175008475474016e-01,9.384870732829388995e-01,9.450388092799109074e-01,6.645818267416397918e-01,5.976211819402958980e-01,6.713010898284986760e-01,7.847577375152922086e-01,5.787018028260576541e-01,8.305916826898428473e-01,7.028985494579489401e-01,5.726152435833901100e-01,9.486138069704798115e-01,9.566495345551120355e-01,2.326742762404036546e-01,9.521414610523308841e-01,2.895064122445651922e-01,7.347935018402370622e-01,2.952206842051550706e-01,5.901132702561570076e-01,4.387714798799289828e-01,6.073771964642741272e-01,8.724309162336897350e-01,3.839336526591998755e-01,5.647997248568933371e-01,6.506150592952645306e-01,8.633842332602333913e-01,9.443507888511663007e-01,4.662100307519271847e-01,3.442575969338984576e-01,8.796995487179614104e-01,7.205650124572539061e-01,2.141514042943409302e-01,5.479500720403527314e-01,7.514240040701896106e-01,9.550429159183279060e-01,5.836531099063975159e-01,1.580364993272391494e-01,6.787529829705249984e-01,4.801915989533898088e-01,4.751413852741803723e-01,3.177215608525127410e-01,7.537447322865467036e-01,4.679284260142839713e-01,2.271104603422781365e-01
9.427074759227751510e-01,9.772473431652562992e-01,5.932571511699390454e-01,7.955770135183197755e-01,0.000000000000000000e+00,2.999815451497767071e-01,4.344569238791047283e-01,7.273313978874960117e-01,5.737388013052047153e-01,6.910620529459531314e-01,4.917215765829434648e-01,6.714773542789492788e-01,5.864082572010456129e-01,7.120628939275608360e-01,9.032945423159067788e-01,4.283965629377283757e-01,6.960386709913649605e-01,4.738312306657979089e-01,9.701094673635615173e-01,7.088703057352219172e-01,6.419279310295828989e-01,4.967037118567200760e-01,8.335988952709053046e-02,4.636946419281118281e-01,3.464206464227369553e-01,1.551984856801432722e-01,7.096851049827791469e-01,7.325247179407160525e-01,3.850496031187698454e-01,2.587240154070739040e-01,3.334673789555806511e-01,5.520795039664901926e-01,6.958944696660271934e-01,7.877435359477604759e-01,3.671580017481466257e-02,4.082169034480102043e-01,4.491275079691430805e-01,1.387135482905641204e-01,6.203239897863378483e-01,3.700947197703770009e-01,5.439898315583862054e-01,3.357639668721460469e-01,5.211097947481699855e-01,7.628638307705241095e-01,6.057587893950047153e-01,6.544926251527478644e-01,5.867065498217204356e-01,6.600854113097498477e-01,4.241041783900564854e-01,3.676498799323690281e-01,7.008610707018222419e-01,7.555151920397005227e-01,3.264532505766002957e-01,9.753455208826120604e-01,7.253820937543512537e-01,7.697125203816959083e-01,6.186607504392201973e-01,6.879182689861389477e-01,3.812476589916555803e-01,3.834980191197770449e-01,4.084510941601562917e-01,8.499273846110563246e-01,2.824879478412974376e-01,6.572910053936056318e-01,8.905842300184720894e-01,5.329559016291977036e-01,7.720228387376769641e-01,8.288625631090007495e-01,5.926495683368580014e-01,3.014412242931068797e-01,4.643055232547529387e-01,7.110468071689571845e-01,1.153429499936012431e-01,1.325673734729686595e-02,5.390216274714696443e-01,6.991120216498635243e-01,4.676178895098508925e-01,2.463985229355535878e-01,4.133671705066176427e-01,3.182004303322786276e-01,6.152290469237107207e-01,6.611369320042070896e-01,6.943845141732408743e-01,4.994562521532584509e-01,8.216158494547506352e-01
7.126846893678272510e-01,7.418894008078686930e-01,8.930555949334456622e-01,9.304941844324915445e-01,2.999815451497767071e-01,0.000000000000000000e+00,5.777359310528492609e-01,7.104527863177259039e-01,6.100658934746902018e-01,9.993888409837351494e-01,8.794933250957708282e-01,2.924109130336256523e-01,6.872701764142362668e-01,9.164529501244996768e-01,3.175035382868352518e-01,4.572042608261359109e-01,7.185092844897762454e-01,7.911888622424714246e-01,2.582915493154497311e-01,7.399327476472252751e-01,6.224364645301272425e-01,7.897952958095426634e-01,6.279895548956163642e-01,7.207027026052674756e-01,5.554814788324038410e-01,8.225368884087427279e-01,5.244919409101497232e-01,6.967043079085563084e-01,3.823225210864416579e-01,1.175174432901513605e-02,2.629804506564868971e-01,6.625088530131312270e-01,7.722853921433435742e-01,6.710678659239097676e-01,6.889467178979258311e-01,5.715548486527750605e-01,6.393490420266547680e-01,7.384377747188287655e-01,5.479489600088123247e-01,7.195239212100501547e-01,4.652556045516066385e-01,5.951778356838077766e-01,9.988794245437357944e-01,8.453442961527608546e-01,8.279195606736833302e-01,7.559188012121411671e-01,9.621207784595490198e-01,3.667028688669053405e-01,8.667988383168226396e-02,7.683052694454570730e-01,6.276552416862886119e-01,7.490170051383651106e-01,3.555099510894544901e-01,5.031681521485422692e-01,9.281657284728423996e-01,8.559975500223475642e-01,7.615198214474723226e-01,8.386321444889976995e-01,4.039293704865774548e-01,7.495747322389825218e-01,6.323297507254656002e-01,6.256855059591226453e-01,5.834059889375244889e-01,4.717261183176851835e-01,5.505789285344200312e-01,7.934758503397146834e-01,4.002116440736813718e-01,2.563928555253058850e-01,2.352057013062982260e-01,6.793632932264255242e-01,8.191176057656122111e-01,1.558566971565887027e-01,9.541444321215915014e-01,5.025116921297810846e-01,3.730410130501895516e-01,4.332241066601101864e-01,8.871683910664561745e-01,5.196711189405682774e-01,1.921942652536947349e-01,5.768383171908640916e-01,4.463246869720779442e-01,6.807250243698592662e-01,9.276136257419176356e-01,6.832431421976395969e-01,4.702936884210157653e-01
6.174448795024736203e-01,5.920199259021502458e-01,5.326280918658697905e-01,3.206165958713499409e-01,4.344569238791047283e-01,5.777359310528492609e-01,0.000000000000000000e+00,-1.668018885054439460e-01,-1.271663215327901719e-01,4.970267536928832386e-01,6.454640124346520125e-01,3.303311962207259311e-01,4.314277749464813239e-01,1.051598040738097040e-01,5.334603819272312197e-01,2.167221671703329355e-01,2.671924553441361594e-01,7.622255686465307933e-01,6.958843425648993941e-01,3.282451743261223243e-01,7.179615632553144611e-01,3.487446650391829994e-01,2.580143741774991173e-01,6.105657166794865587e-01,6.595535928427700423e-01,7.111660940673474318e-01,7.517755026262691320e-01,7.914516188838993660e-01,1.596948866134242084e-01,5.149547484784834372e-01,2.380811862743381357e-01,5.096652488556512317e-01,5.996192854755086898e-01,7.635464988545241916e-01,3.221518423103585382e-01,4.445075095972070844e-01,2.070547694025383911e-01,6.806252741296949793e-01,9.372433141909961574e-01,5.196944873616606841e-01,4.861272872169866144e-01,5.805958374313229253e-01,8.695762347118909386e-01,3.682248082640521281e-01,3.881759864732896581e-01,7.719640595031103114e-01,5.760657153892563276e-01,6.099878896754715729e-01,-1.259518617957442466e-01,6.911809305328855402e-01,1.806517248042203150e-01,4.594837846450197660e-01,5.572775736759369991e-01,3.837306718852242504e-01,8.809463980619499646e-01,4.115725042193621452e-01,5.180451425076830763e-01,5.380441854585940042e-01,-1.384101215014082453e-01,5.178674323882048736e-01,2.722066077858779076e-01,8.210091527044222071e-01,5.017604241770901030e-01,4.497360842628327360e-01,8.542404450345629785e-01,5.404098835781454557e-01,7.652727493771671607e-01,6.760662592434005802e-01,6.481511034954090533e-01,1.843957079141562636e-02,3.368090264497373143e-01,5.038105469008010706e-01,7.369801020643417244e-01,3.613167342658917258e-01,5.047252531613763971e-01,3.943453283334430459e-01,3.910590808256361184e-01,5.985932359929322377e-01,-1.904856093104312920e-01,3.308109878748902721e-01,5.022242217911809803e-01,7.480111647625455884e-01,7.947843049470065813e-01,2.323026591017020026e-01,4.556327035152774596e-01
5.498536045111490633e-01,4.406128175827333376e-02,7.644485326672153525e-01,6.774523244910194419e-01,7.273313978874960117e-01,7.104527863177259039e-01,-1.668018885054439460e-01,0.000000000000000000e+00,7.699712814286471252e-01,4.791495521054261464e-01,3.892956618032543670e-01,7.101531290851222922e-01,4.597172847839032794e-01,7.780795229882553343e-01,5.153905657926507455e-01,2.212705175559872839e-01,4.680750827713357487e-01,4.351272976982248908e-01,4.371919952526479580e-01,7.992711187617367319e-01,3.980537072285889044e-01,5.223274825604919958e-01,5.800362527263407397e-01,8.249119684725493284e-01,3.079082425343629970e-01,5.194879899292461634e-01,7.938691404295046272e-01,2.381055736953663071e-01,7.860234353755856107e-01,5.283719341344832454e-01,7.558946275131690762e-02,7.043621022398284248e-01,2.737830524146964706e-01,6.305253049480543659e-01,7.700189117099294211e-01,7.687787660014774316e-01,1.645070118435432160e-01,7.637875181385890277e-01,7.102635026533753448e-01,7.378308910475439575e-01,1.347807775033340594e-01,2.977458221179966058e-01,8.178861291268003653e-01,3.899318396835082523e-01,4.531928036556788220e-01,4.313181013467051184e-01,6.650419267950768987e-01,5.736017987886860015e-01,2.502099581752522672e-01,5.846591714315807486e-01,4.246229346220562473e-01,4.814355656100288705e-01,7.393707526779637051e-01,4.470705708027038483e-01,8.512304561354309129e-01,7.508422977350543981e-01,2.428414259485264792e-01,7.221517162401021039e-01,6.571908186154673537e-01,3.921665418530769776e-01,-1.180204352666786860e-01,5.532452874625957140e-01,5.646104935674813863e-01,7.291544146082082900e-01,8.699116558121914311e-01,7.478632976857457759e-01,2.878037004311040370e-01,8.166608822131119494e-01,5.183854930777801462e-01,3.113172550894302559e-01,4.102744025216426005e-01,4.410982277676406271e-01,6.598741957811151693e-01,2.888689347861462808e-01,4.476028899134771311e-01,3.860598783824442659e-01,4.495717941196169520e-01,9.134318717489433581e-01,3.842814613963294601e-01,3.843915939712413410e-01,9.778444422456251672e-01,7.301881848544078402e-01,9.876733196576692464e-01,-2.342014396638053553e-02,5.133825255032987700e-01
5.421818126077395661e-01,2.442180724640605205e-01,7.446327763322286852e-01,2.303240674314765424e-01,5.737388013052047153e-01,6.100658934746902018e-01,-1.271663215327901719e-01,7.699712814286471252e-01,0.000000000000000000e+00,5.659243129102991404e-02,5.378502239172495702e-01,7.562477631984209081e-01,5.107638533314400320e-01,9.454412943144445691e-01,3.584792688567270402e-01,-1.761471373577687405e-01,3.138469661176486736e-01,5.548476839484196566e-01,3.054227121364159192e-01,7.846071925385900148e-01,9.627736940661144605e-01,7.165163682395551126e-01,5.004561983825515092e-01,9.805961691949407477e-01,5.674677164232347915e-01,5.390791897365668772e-01,8.231841747423018774e-01,7.642257193478704247e-01,6.422537895274907926e-01,-1.543933253640822900e-01,2.934327942448978210e-01,7.991338424416107866e-01,8.892647016148235162e-01,7.178526659660426912e-01,5.564625687778914642e-01,-1.776436702930467848e-01,4.360319490424039435e-01,2.693458493978687085e-01,8.709037611414633950e-01,6.293972737166769749e-01,5.339755120259725985e-01,4.979592074649594746e-01,9.068071340147796366e-01,5.110374677022313517e-01,3.095264469170232458e-01,8.412460487749086058e-01,6.969127351518342728e-01,4.842759323547037864e-01,5.751166264022704588e-01,6.934679439584150451e-01,6.538509373453874618e-01,3.654690394177383395e-01,5.657400536362254817e-01,5.560528984682477915e-01,6.897886151697851798e-01,9.978982787264771837e-01,5.782666734387753582e-01,5.731325244760958615e-01,6.184945417283835845e-01,9.907136713817741303e-01,2.366762671689549846e-01,5.314159980663126781e-01,2.319431559067956505e-01,8.732371022178778697e-01,9.964020569655622772e-01,5.438350131228114615e-01,2.009681145452592577e-01,5.856756495618783420e-01,2.192259258884330098e-01,7.369641000090119132e-01,6.913818185273163941e-01,7.018443936632462465e-01,5.872012611828395512e-01,5.954504574571650721e-01,4.977059447210691601e-01,5.948388311665340211e-01,6.213072363390389485e-01,3.537169503346492272e-01,7.304057422681169143e-02,-8.652731910758763856e-02,3.998478506067566496e-01,8.574110829687523472e-01,8.809284427524370908e-01,3.187737797351659630e-01,7.919280183010428686e-01
4.351160663205897450e-01,4.504926003479114427e-01,6.925734580817153319e-01,7.576320257673399006e-01,6.910620529459531314e-01,9.993888409837351494e-01,4.970267536928832386e-01,4.791495521054261464e-01,5.659243129102991404e-02,0.000000000000000000e+00,6.546588049319654878e-01,2.975287144193966560e-01,8.997112716327460014e-01,4.705784093060769169e-01,2.156307428395357051e-01,5.640950999152478662e-01,7.738030275030467475e-01,9.520430221208824317e-01,8.663294362559547102e-01,6.186008033975615161e-01,6.439843943500530576e-01,5.635628817546487479e-01,7.864877956557012606e-01,8.170182010593505240e-01,4.601715327900355312e-01,8.121895501012910135e-01,6.758010359863371175e-01,5.660059824554035668e-01,2.244457856233425253e-01,8.228497640030391080e-02,3.476305650835431749e-01,3.153018111416739933e-01,6.376666431649870015e-01,8.582184068053705372e-01,5.651306690076086658e-01,2.469130551495724579e-01,7.272875666977489384e-02,4.266716237497918396e-01,3.529823417622306447e-01,6.025535572864468836e-01,7.766575846652892245e-01,6.553964126621629749e-01,9.784146733763720016e-01,3.192512607305291739e-01,9.044998127269169297e-01,6.728227638948576228e-01,9.275036479770941700e-01,9.369925998771976294e-01,4.761419830360187899e-01,6.852531852267759183e-01,6.471768214089458349e-01,6.100831834339569548e-01,7.981770417008289265e-01,4.732881810808718948e-01,6.735025354753331195e-01,6.128156954057824013e-01,7.211336225888791418e-01,4.542823004015057453e-01,1.696998694460732371e-01,5.239214125669091615e-01,2.526250220094394816e-01,6.541959949958927600e-01,6.737939948674993573e-01,9.074646653024965870e-01,5.420240050906496299e-01,4.774694199526490768e-01,7.705971673670837241e-01,9.754744542094722082e-01,7.326731068432205118e-01,3.838382938957053403e-01,4.624215798326353211e-01,6.612278684246678528e-01,6.102621330184787585e-01,4.245761775173218511e-01,7.642681449021370144e-01,9.302723840327599136e-01,6.982740140629550840e-01,5.213241857722777928e-01,4.947254052800295065e-01,1.907514650339373619e-01,3.385888783406496572e-01,9.262930536199034393e-01,7.360032797228277524e-01,3.683870635119914638e-01,2.267328834815147132e-01
9.137683319540041982e-01,-3.108582200922038741e-02,4.413447736939169475e-01,5.958713630705121389e-01,4.917215765829434648e-01,8.794933250957708282e-01,6.454640124346520125e-01,3.892956618032543670e-01,5.378502239172495702e-01,6.546588049319654878e-01,0.000000000000000000e+00,1.239536483752748802e-01,5.713840568252780416e-01,9.255530811911417688e-01,6.106632672869711786e-01,5.941799979498640916e-01,7.199260263037899898e-01,6.526541856913117279e-01,6.313247531474227570e-01,5.044446072072477083e-01,5.582145287390856137e-01,2.564524469680683483e-01,1.769574820664558401e-01,4.299088377874578648e-01,4.939602685385916514e-01,7.477935691294329557e-01,8.011542234807927931e-01,2.530926393102472249e-01,-1.744947628093953818e-01,6.467199108164917165e-01,5.119091552170484949e-01,5.816158739354966301e-01,5.822230738935589844e-01,2.507485374973845715e-01,6.121960283685000670e-01,1.681866235615118721e-01,7.048248105435422906e-01,5.433563719851193241e-01,8.366210620473848447e-01,7.216285269772544364e-01,7.877399702088938582e-01,3.033254320820443217e-01,7.724330721317418380e-01,2.146025457347903731e-01,8.867079650853623152e-01,5.027753006873133534e-01,6.977919491707877953e-01,7.477850158180268103e-01,5.111663029125317337e-01,2.136874474436259719e-01,5.013642741891660704e-01,7.512397694520618341e-01,3.683836232583498349e-01,3.084178055476957114e-01,9.345476074273350031e-01,8.916194521886752211e-01,3.962665922790483131e-01,8.311247076825962754e-01,5.315252652886646167e-01,4.954566424224328136e-01,7.488668565182095005e-01,4.897288240404269466e-01,9.578391665889945950e-01,6.376155825028075874e-01,7.620124029841689461e-01,6.126579803698208870e-01,9.908267580733149948e-01,4.530902791320735035e-01,6.934949386364003265e-01,4.942558972261038019e-01,4.116207747420106422e-01,6.141878806010030445e-01,4.543271134279880941e-01,6.145568057318999688e-01,6.657346660894439827e-01,6.535951345729177353e-01,7.642126594835150222e-01,6.993387477052431800e-01,6.199909524870186317e-01,3.958078336414259241e-02,6.850775936877920858e-01,6.639357450806451233e-01,6.927860676955805985e-01,5.856552084938525526e-01,2.827440793871425218e-01
7.438298620556811347e-01,5.727999962982197601e-01,7.219219296859185064e-01,8.906827018844534205e-01,6.714773542789492788e-01,2.924109130336256523e-01,3.303311962207259311e-01,7.101531290851222922e-01,7.562477631984209081e-01,2.975287144193966560e-01,1.239536483752748802e-01,0.000000000000000000e+00,5.218671962852803325e-01,7.273559640307809548e-01,6.089154988059897189e-01,9.534126031630996145e-01,7.387731479494077380e-01,6.608487046150051114e-01,4.987046752391277593e-01,9.472794841565186363e-01,6.486041614678497158e-01,6.570587112554624465e-01,5.947666932957865749e-01,9.313259781562924777e-01,4.487185003125782057e-01,5.621948520764176171e-01,9.172069559082266510e-01,6.244341935372876851e-01,2.478000166176192176e-01,6.897865721237184111e-01,4.765746446918514567e-01,6.488620909875842946e-01,6.910307620313229648e-01,5.787285296540214397e-01,7.601095143741711802e-01,3.734519462400799350e-01,1.104128334793121335e-01,5.346026753423422928e-01,4.590054194250640096e-01,6.016721344789711656e-01,4.579611942260098378e-01,4.189737188737315821e-01,7.211692880471510803e-01,9.287287631686780287e-01,8.991497527536442824e-01,7.899520686909413669e-01,6.510405537932196784e-01,3.081069898751550573e-01,5.481401436085427958e-01,4.331129794426456514e-01,3.506333614865556614e-01,4.126751929450340195e-01,7.929781882813941030e-01,3.732283247339899801e-01,7.791788279887756907e-01,4.128654245355815045e-01,6.403877753857405430e-01,3.245609789239633503e-01,5.102238611307625682e-01,4.597899909848791600e-01,2.007199315321770150e-01,4.912539181241351027e-01,7.334583679958708302e-01,7.700707661854298003e-01,6.636255898560283750e-01,9.804137080717431063e-01,7.599892651244364306e-01,6.830039643361576207e-01,7.008671003282989087e-01,4.818302723806949239e-01,9.823257903012678760e-01,5.041044024067662388e-01,3.207824893500141883e-01,4.297893759024442040e-01,1.172557978701462417e-01,6.809858231835848041e-01,5.501640918173951178e-01,3.394546619272651999e-01,-3.581566959637988434e-03,-1.881504626244835388e-01,7.358041951592166896e-01,6.476535037245716442e-01,6.150427161735197990e-01,5.177889529799641899e-01,5.643998420144599182e-01
5.387980365016257212e-01,8.578656433676081772e-01,6.461754904255625487e-01,9.981854950029036555e-01,5.864082572010456129e-01,6.872701764142362668e-01,4.314277749464813239e-01,4.597172847839032794e-01,5.107638533314400320e-01,8.997112716327460014e-01,5.713840568252780416e-01,5.218671962852803325e-01,0.000000000000000000e+00,5.476829897866384300e-01,7.525360007167250509e-02,3.803765633338542229e-01,9.370304521765048245e-01,9.495783276630426206e-01,7.294565177362525299e-01,5.906404475041864277e-01,5.933616395545520117e-01,3.862481464716155388e-01,2.145337356995813960e-01,9.060504276715611871e-01,2.407601834207837022e-01,9.925106097307726527e-01,6.716793565290606338e-01,6.646315041360505438e-01,3.863446114266841924e-01,1.474017965383793427e-01,3.786686075403372653e-01,1.326939637513765979e-01,9.453403915032776439e-01,8.321289322137628286e-01,9.188742641917778675e-01,-1.481381486952749182e-01,5.233568897671833087e-01,9.833424960715521079e-01,5.808355620243114137e-01,6.220704040572019311e-01,3.969348971220307831e-01,7.270462169990365986e-01,8.460793407570220692e-01,6.253099203227600045e-01,9.828953947491426701e-01,8.115234175636120151e-01,8.460347706616069274e-01,6.498860873484660905e-01,7.780385115336398982e-01,-6.655748119587637235e-02,6.120304469068607034e-01,6.160650513907270920e-01,5.665463535691731556e-01,5.299662354461651681e-01,5.531302718658144268e-01,9.056489039124115958e-01,4.154136978437653616e-01,5.871224268781987110e-01,8.884104795853509096e-01,5.818762187939524599e-01,7.114850033458628431e-01,7.288738337041930082e-01,9.245877092572933886e-01,4.761710385243411725e-01,7.529166122904181746e-01,6.645577150355843621e-01,6.685883373016026088e-01,7.403862406587785605e-01,6.250109069641605064e-01,1.910422707861503255e-01,7.137313118574490911e-01,8.569076234700476746e-01,4.139793288617521494e-01,7.582304485634978608e-01,6.785144775732248057e-01,4.192840072330557000e-01,9.983709868620511685e-01,7.981555060208170849e-01,3.950945028880780141e-01,1.640996104376486187e-01,6.882579350488333692e-01,4.654181891198275745e-01,6.223223707408890304e-01,6.877899338672563978e-01,7.670392801570145025e-01
8.936877942670061747e-01,8.217253845991192573e-01,6.638811143977267903e-01,7.452434849753423185e-01,7.120628939275608360e-01,9.164529501244996768e-01,1.051598040738097040e-01,7.780795229882553343e-01,9.454412943144445691e-01,4.705784093060769169e-01,9.255530811911417688e-01,7.273559640307809548e-01,5.476829897866384300e-01,0.000000000000000000e+00,6.738933516256362388e-01,8.482277007339271702e-01,8.063982659609745252e-01,4.322149253482445164e-01,4.311276310945409973e-01,6.517142131843399744e-01,9.112667793260817994e-01,6.852257442433241641e-01,8.818544442841160791e-01,8.684822383457412309e-01,3.695742407995162848e-01,4.038243687033327700e-01,9.468622635136794141e-01,7.683589822359684351e-01,5.112331539685478488e-01,2.387037522328337713e-01,4.749073012191165066e-01,6.907571304010562407e-01,4.839456481664570764e-01,9.561766899762343952e-01,8.358640546369301427e-01,2.616390009886622181e-01,2.644915834221855389e-01,7.918414259583435033e-01,9.562227414424913086e-01,8.478489446480644842e-01,4.303221703098988882e-01,7.514075186299298270e-01,9.160627733070311196e-01,6.892992588533136677e-01,4.394216775802564645e-01,8.216205594614224283e-01,9.619444662760567866e-01,9.173081389082615722e-01,4.694077344942924612e-01,4.244550154297959121e-01,9.701774608514672771e-01,6.948364647527892624e-01,3.349937306200189147e-01,4.211299662936648369e-01,9.237245800479599867e-01,8.349723711506543689e-01,7.254591852781990813e-01,6.033173250827575940e-01,4.166400513277590360e-03,4.877561843572018607e-01,2.502367138359667398e-01,9.527524755556200375e-01,2.003881745955777005e-01,4.024848265748335319e-01,6.318580314660483532e-01,5.938082082456297428e-01,7.701215293360922365e-01,3.792655237641620602e-01,3.642689472083265878e-01,5.796916097981577032e-01,3.849501568889404091e-01,7.357860452687394748e-01,7.940841857333074127e-01,4.521971061955373794e-01,3.055761926627466596e-01,7.982380570901845829e-01,9.915547298600859705e-01,9.452284486388983220e-01,4.494938439143322806e-01,2.445034150157658348e-01,2.203395100258760397e-01,3.211988639045224581e-01,8.642063319249007058e-01,3.653611819108145697e-01,9.600275290267585859e-01
4.234757326851803505e-01,6.896497498048954622e-01,5.866320043532484707e-01,8.711040398481048053e-01,9.032945423159067788e-01,3.175035382868352518e-01,5.334603819272312197e-01,5.153905657926507455e-01,3.584792688567270402e-01,2.156307428395357051e-01,6.106632672869711786e-01,6.089154988059897189e-01,7.525360007167250509e-02,6.738933516256362388e-01,0.000000000000000000e+00,7.462010053616012772e-01,8.905694053966514145e-01,7.170316393356134244e-01,2.497041551654252678e-01,6.594308227197720473e-01,8.105222613386453556e-01,7.079833365412508961e-01,6.789937333503992534e-01,9.260343888717639249e-01,9.309692861997925784e-01,6.772941459226230476e-01,7.684838921677400458e-01,8.947115549376959409e-01,4.727814151204707827e-01,7.014918247479802194e-01,3.303350524646513353e-01,6.977384334088058138e-01,2.999683423869646814e-01,3.565485306381374064e-01,7.060544616723279931e-01,-1.137376727076654798e-01,6.536761691995036927e-02,8.750178040407335933e-01,2.934502732510791967e-01,3.333917823501711952e-01,7.064556848528710242e-01,2.643847079084813423e-01,3.914746824374890632e-01,3.989600763639751246e-01,7.579899309370377036e-01,7.711436408732269543e-01,5.048228452084858597e-01,6.738478836150818552e-01,2.589325620962623087e-01,4.474386941135384266e-01,7.023453461601679715e-01,5.583254042153354968e-01,6.946135346916344488e-01,4.928002334517443406e-01,9.528335851467130135e-01,6.720371498430985913e-01,7.425113310900379737e-01,5.200099086669661697e-01,9.739818283617881489e-01,4.953870409070751935e-01,7.662766915394898515e-01,6.961782972838508332e-01,7.870008134171700975e-01,7.868355001575476626e-01,9.746766982393467726e-01,2.607966886543817697e-01,9.101100871137342008e-01,5.182815683934081097e-01,5.046341248280217240e-01,7.861581909487816988e-01,7.616532842130184777e-01,4.641786475299498615e-01,9.792786657070229328e-02,4.649703887900345500e-01,8.877607604508361838e-01,7.892294956365029091e-01,9.745726444717008885e-01,8.044173381209194229e-01,4.043310012688719479e-02,4.043851414294299396e-01,5.077919768106770038e-01,8.180422927659056764e-01,9.018895981414295493e-01,2.888308381499148925e-01,7.076297106421440830e-01
5.939130430811649930e-01,6.382124828664009764e-01,6.516266094012379551e-01,8.012091007036458157e-01,4.283965629377283757e-01,4.572042608261359109e-01,2.167221671703329355e-01,2.212705175559872839e-01,-1.761471373577687405e-01,5.640950999152478662e-01,5.941799979498640916e-01,9.534126031630996145e-01,3.803765633338542229e-01,8.482277007339271702e-01,7.462010053616012772e-01,0.000000000000000000e+00,7.604330000243750831e-01,-2.504028337268444648e-01,7.351344034024338558e-01,4.575644480531035896e-01,9.275745077644843573e-01,6.649341754257052095e-01,5.365296445009416493e-01,8.894867977555550587e-01,5.577661169646059847e-01,4.067388602250194829e-01,6.524733093622321345e-01,2.278416744569309038e-01,5.782189116131474238e-01,1.371462069135501172e-01,2.746755277558457498e-01,4.873332672170572755e-01,8.296282565353473304e-01,6.385348301973841068e-01,6.698538228079914392e-01,3.871817739270630998e-01,2.538079029854801716e-01,5.621035127456726066e-01,6.940720984560005968e-01,9.646782375471188997e-01,2.209969156373594312e-01,7.633854220487230613e-01,8.873234894318888788e-01,9.703132891334402821e-01,6.613973564412639616e-01,7.555171129062051572e-01,7.694197884706150958e-01,5.772240163784257971e-01,7.717868827721159342e-01,7.100931521322123574e-01,2.088750238922125191e-01,5.802426355230894117e-01,1.686122635669726477e-01,6.120774501500492182e-01,9.995189924553351535e-01,9.615591151029199146e-01,7.983042962231668982e-01,5.261488637608275898e-01,2.215227640853305868e-01,7.456366544419703590e-01,4.191562353723070622e-01,6.852778056936302820e-01,2.036308974943966954e-01,6.400042285863631886e-01,9.488551483269876963e-01,6.102436399910479148e-01,4.378652836919841862e-01,4.383138057821333033e-01,3.012215118570026329e-01,3.456905896255371147e-01,7.991978304051741144e-01,4.676771931903527246e-01,7.756513618292201206e-01,5.750927961445891079e-02,4.694800980042578287e-01,7.706399859464412305e-01,7.861705440453209404e-01,7.371124861101431280e-01,5.505299164503749676e-01,5.748021264140619202e-01,3.063433018277409992e-01,5.331382525857625287e-01,5.410812718913170505e-01,4.107723254009645331e-01,6.857202764953971297e-01
8.640291672822284497e-01,4.728477309178093502e-01,6.064657273759980205e-01,5.755279017978294220e-01,6.960386709913649605e-01,7.185092844897762454e-01,2.671924553441361594e-01,4.680750827713357487e-01,3.138469661176486736e-01,7.738030275030467475e-01,7.199260263037899898e-01,7.387731479494077380e-01,9.370304521765048245e-01,8.063982659609745252e-01,8.905694053966514145e-01,7.604330000243750831e-01,0.000000000000000000e+00,8.224409428063667038e-01,6.322175642296441467e-01,7.648724173542890137e-01,8.266503660037752832e-01,6.429667390317056475e-01,5.718973944990828340e-01,7.605207295727109962e-01,2.411145798577508104e-01,4.317783279602805946e-01,8.710755688726502521e-01,5.621801266859525192e-01,4.625161401442982045e-01,3.899508842264324260e-01,3.137609064166103634e-01,7.974546890971834223e-01,2.294897237545414359e-01,9.022602646151960393e-01,6.244546139049996780e-01,6.849503758754492688e-01,4.690425492927883244e-01,7.114934023816444908e-01,9.069368269359382451e-01,7.819904933677970238e-01,4.625295318248885401e-01,4.410009359009406937e-01,9.533567700068394934e-01,9.742207475100218561e-01,7.383272301200540788e-01,6.379874853573770377e-01,9.641795603899622202e-01,7.660672271586467241e-01,5.743296892217316651e-01,5.208837952480797062e-01,8.342209891730939519e-01,7.171858556588250888e-01,6.546817300486557079e-01,9.653403711639285678e-01,5.540880837207606824e-01,8.191615117487330844e-01,8.064247403855023810e-01,7.300847830454085807e-01,3.752380801336173688e-01,2.517767990512489659e-02,5.608183513173291557e-01,8.914733072537694980e-01,7.921533460474217136e-01,7.729389108396917951e-01,4.392020368866502711e-01,6.460407825596655718e-01,4.912275602124847040e-01,8.026850590755220116e-01,3.557554604589201475e-01,2.377639996304959091e-01,5.132175523220072755e-01,6.903007948477286604e-01,2.068248667520374284e-01,3.987912748548159136e-01,1.846687939386122967e-01,9.785252270858273427e-01,9.446473686949130588e-01,5.207278191502759945e-01,3.479803129445796506e-01,-1.268379771808163525e-01,2.402095656581489658e-01,2.592702543638485402e-01,9.822289407612322387e-01,6.695702832570272767e-01,8.411791378933486385e-01
9.178173646010890918e-01,7.109397678094654394e-01,3.446159255235036190e-01,9.379336212371567338e-01,4.738312306657979089e-01,7.911888622424714246e-01,7.622255686465307933e-01,4.351272976982248908e-01,5.548476839484196566e-01,9.520430221208824317e-01,6.526541856913117279e-01,6.608487046150051114e-01,9.495783276630426206e-01,4.322149253482445164e-01,7.170316393356134244e-01,-2.504028337268444648e-01,8.224409428063667038e-01,0.000000000000000000e+00,6.947657455015533445e-01,7.328594704341112598e-01,8.400066344397216778e-01,5.579183645880957387e-01,4.997509764678303990e-01,8.131431741961708815e-01,5.540381277925336967e-01,6.294591182782047767e-01,8.637739644680693107e-01,7.704890861107673850e-01,3.022561624504155331e-01,2.661485385214380495e-01,4.727621720356532942e-01,6.372483329532725449e-01,3.075645134792520663e-01,6.725881681389704880e-01,2.058244479685505390e-01,3.421241513185578897e-01,1.053695162001658386e-01,7.435409291806843735e-01,7.195190488997262879e-01,9.349009345095914414e-01,5.635460209919810337e-01,7.465554035261652288e-01,8.336055578452564729e-01,5.054356777346672436e-01,8.771456328314937156e-01,8.860957230819355157e-01,7.806837877125007985e-01,5.503156220779013008e-01,5.446119899347906523e-01,6.725574842214968596e-01,5.835817883194727163e-01,3.502112812791801089e-01,3.557262709914655874e-01,2.791354405432767138e-01,3.763423026714032282e-01,5.676101453779147654e-01,7.787663935525469538e-01,4.117853905628062749e-01,7.389306992721974554e-01,5.206579602323164746e-01,2.054022703259884286e-01,6.238827013826379053e-01,2.364091672250928089e-01,9.141064818172682793e-01,9.430642288970211284e-01,5.644220440964995422e-01,4.536886541704596709e-01,5.815979456320687913e-01,4.312581441850215636e-01,5.236333502076864210e-01,6.118910170673549365e-01,7.680445279075296394e-01,5.479119859220961120e-01,5.521324242501691737e-01,7.135098316497373583e-01,4.742782255364098587e-01,7.431412983978170628e-01,3.787185748714017031e-01,6.740009806743850751e-01,5.788650869175192559e-01,5.565311626383738774e-01,9.496480865716532271e-01,3.710940733406530301e-01,5.897830317331389516e-01,5.424892965019481039e-01
