0.000000000000000000e+00,6.050035439543932636e-01,8.507054975665960805e-01,8.156746553642729713e-01,5.749330759839672567e-01,8.421537514567187799e-01,7.129439991770321061e-01,-7.500392163205246709e-02,7.023503452825753390e-01,8.280754842589373999e-01,6.394256265998359279e-01,7.191231529928215904e-01,7.759576549661859612e-01,7.407679163730535032e-01,7.533342999267553797e-01,6.935504787775954583e-01,6.653775352352654382e-01,2.488751820850472751e-01,7.141452954342444315e-01,2.903949859135387390e-01,7.092540026865908898e-01,6.439890790655933284e-01,4.580816913411653868e-01,5.896911679110893312e-01,9.209049856822612012e-01,7.153673980343131511e-01,8.082966713272415893e-01,6.849756617099316269e-01,4.508019020732484394e-01,1.468581115656519831e-02,-1.757896099143703428e-01,7.383994770284502129e-01,9.630132175398319339e-01,6.512595535433627347e-01,9.132331366998999167e-01,5.136812939587049875e-01,2.247534293772030234e-01,8.515603386857086843e-01,5.108312381971610305e-01,5.054218435354534966e-01,5.039707099470061014e-01,6.670658646352535248e-01,9.988168814703004550e-01,8.026128448689807682e-01,6.851724152917294530e-01,6.572725954098131984e-01,9.563462203518370286e-01,7.030306768605131262e-01,7.153194718557944753e-01,6.383067064642148347e-01,9.310810945247944836e-01,5.689188843105418281e-01,7.285852124407853347e-01,9.886540674312717103e-01,4.995403592383672597e-01,9.768527279304561883e-01,7.071138722125945852e-01,2.148723765181871914e-01,8.702584880105873610e-01,5.793885662453253094e-01,7.118341843976299099e-01,9.070604161146709199e-01,9.615858514657424916e-01,6.068663136590809470e-01,3.931525366930896936e-01,8.643639553982687129e-01,5.299754582817316484e-01,9.961668610303540117e-01,9.337527586464305918e-01,5.140592064134753558e-01,7.644252595801174222e-01,8.563552617800322952e-01,2.026891155321451365e-01,3.183519906913844233e-01,6.754077407368638264e-01,5.628130394538910508e-01,8.348419352875819932e-01,4.818608440431231266e-01,6.355934350876171202e-01,-6.965462970756400307e-02,7.753950829409983481e-01,5.569136397132374849e-01,6.691406518485334409e-01,6.661620105079354426e-01,8.672945618861067629e-01
6.050035439543932636e-01,0.000000000000000000e+00,7.277951830664824984e-01,3.240626777424889804e-01,3.370013517867911923e-01,7.126187319279333465e-01,3.897738732314742771e-01,5.793211181146467048e-01,6.196346064307386436e-01,5.835928665167560148e-01,7.692260410129238002e-01,6.452037760481241779e-01,8.830952539429475223e-01,6.357074279574825848e-01,8.390944459363722796e-01,7.253539512320232863e-01,8.428179519803884467e-01,6.392279526691393432e-01,3.492828977516749811e-01,6.376370773105572987e-01,7.888512823443267763e-01,5.153130299412905790e-01,5.625980181939181923e-01,7.646457774401049790e-01,1.803114693118216261e-01,5.042314465879171870e-01,6.544584507719588551e-01,9.659409485118227723e-01,2.895093209402839762e-01,6.357139714037307598e-01,6.365649466261661393e-01,3.687907581833814730e-01,5.921899288550196427e-01,9.408440530408747060e-01,4.345117565786262293e-01,3.278672984157855463e-01,1.847803547338099373e-01,4.375386286048605355e-01,7.862878317519167437e-01,9.666591952764360673e-01,5.621812498071213637e-01,6.065885630608943702e-01,9.343682372377712930e-01,8.273455904488887791e-01,1.437093408828176433e-01,7.624475126033711803e-01,4.016906343477450458e-01,9.770552511339846147e-01,5.326423722448513365e-01,3.206603803072256009e-01,5.676764757490559976e-01,9.465531514819087722e-01,4.071209298138819266e-01,3.153182029994945901e-01,4.428354261416715953e-01,8.551558963607795993e-01,6.320316677744522993e-01,5.968184469714166163e-01,7.136871430902882452e-01,5.506741030023114547e-01,3.080026174213702506e-01,5.986222054686971550e-01,6.728532570149522440e-01,5.355521062496216844e-01,9.706527437887266796e-01,6.005143563704410381e-01,2.065043219889449722e-01,7.936640612356664626e-01,6.818231430140340166e-01,6.627776516481915792e-01,5.848755909631856431e-01,6.317860934686642116e-01,7.675672219976652499e-01,2.651788160479352507e-01,2.207656221313802902e-01,2.862320691678841289e-01,6.294338820788824007e-01,6.666060237068545113e-01,1.844327433100025893e-01,-1.523537622955367932e-01,4.348619846681336942e-01,8.265153732486569815e-01,3.276921128944830230e-01,3.157022548948243412e-01,4.820814317228470230e-02
8.507054975665960805e-01,7.277951830664824984e-01,0.000000000000000000e+00,9.358260588699810478e-01,2.175488838658322099e-01,7.991382642941888825e-01,7.883494071295819028e-01,6.551105404027575130e-01,5.806902607063713084e-01,7.814061797119330466e-01,3.091135258167066469e-01,9.834156906260401732e-01,7.598140326870959083e-01,8.683451844407741316e-01,8.889255116014759261e-01,7.860981718410385843e-01,9.133185309400577712e-01,8.195386040894511170e-01,8.852786727673797040e-01,6.355976812630194095e-01,7.174126758563893480e-01,9.666942469224067969e-01,7.335482543315863246e-01,8.069181671420634361e-01,7.839199870136215331e-01,7.475803888663751229e-01,9.402094261120781393e-01,6.095280208906176389e-01,6.352471596509481344e-01,5.378621156546717907e-01,-2.689914010451053272e-01,6.434735529633563988e-01,7.262965682586124405e-01,8.451731997296774157e-01,6.644018981131651902e-01,5.414547832280464101e-01,3.710724733511461260e-01,5.148000428278567409e-01,4.179608528077395357e-01,8.297818810671429013e-01,2.256458299382102517e-02,5.922788475028127886e-01,5.900099547920967247e-01,2.836557254399156847e-01,6.282728904935541703e-01,8.194060406437480015e-01,2.392990522023300537e-01,2.411439315733854283e-01,9.302186075452929526e-01,8.818290514241371447e-01,7.584954710904550090e-01,9.532585428744602130e-01,5.143734716030391452e-01,7.961594629217284558e-01,6.296099354421653693e-01,8.272166958663674796e-01,7.607835542826109076e-01,9.066067290382211485e-01,3.042606272862976025e-01,2.983395555535769406e-01,1.173602820452255141e-01,6.664693711611779925e-01,8.505205754174064436e-01,6.328397970834795938e-01,5.384751226990462936e-01,8.638317904981507311e-01,7.073681554178617992e-01,5.603495047796813733e-01,5.981386449712446929e-01,9.231127942478888349e-01,4.227544996350601769e-01,9.939640365564147428e-01,1.822919830733628344e-01,5.378800425573008193e-01,8.726555226673520238e-01,9.740259910144212219e-01,6.328055835380506089e-01,9.985509625387614108e-01,5.748612224034508472e-02,3.004987162225176700e-01,5.571280186817788582e-01,8.434162248339277523e-01,8.028675195809540366e-01,9.583693188440179922e-01,9.672859921644821890e-01
8.156746553642729713e-01,3.240626777424889804e-01,9.358260588699810478e-01,0.000000000000000000e+00,6.661601492793935986e-01,6.781353632273445786e-01,4.630837701897594916e-01,3.900518567035853312e-01,8.392462997534066993e-01,5.087904194442143258e-01,8.796716590833107974e-01,7.889178290427310003e-01,8.431718241852839135e-01,8.343423804886813677e-01,7.258318434187030488e-02,9.865416565248222858e-01,7.448600932049296297e-01,8.690510584198130051e-01,9.066750342179260569e-01,3.943921353127330387e-01,9.281000543870567832e-01,5.339272038875657600e-01,6.858511147816140907e-01,2.684151442140662591e-01,5.436634823839028297e-01,8.168803546635662327e-01,7.252696811642416197e-01,4.889939741653771543e-01,2.421816121774481856e-01,6.544061074850798798e-01,7.974259273116496294e-01,6.657297263526782416e-01,6.494155864452347826e-01,6.161258567158440780e-01,7.969674118114417061e-01,2.496894833650622203e-01,1.150875531555970305e-01,6.219969738251081015e-01,8.549159864349057392e-01,6.232346921881253277e-01,4.988569191725509278e-01,7.350246831684665860e-01,4.896425920919566521e-01,5.393042665033365157e-01,6.153801408488194236e-01,3.551210561273606681e-01,3.704280125831828641e-01,9.505752693314759583e-01,5.570156066631730685e-01,7.722485060612216401e-01,7.825236539848003936e-01,3.191820312523182546e-01,7.772451757075750089e-01,7.179963301437624068e-01,7.588922190822556813e-01,6.013746113580845654e-01,6.505565333437883790e-01,7.808028848939460032e-01,5.718284729674066869e-01,4.904260018581395042e-01,6.245925858580114731e-01,9.042724085449965754e-01,8.597490815010380150e-01,5.164347263809098143e-01,9.970761861119191716e-01,9.271523162477229851e-01,8.375612020991687334e-01,8.322589651525196253e-01,3.756256323722556023e-01,1.716603392761523739e-01,6.425469733212707535e-01,9.041391429600090790e-01,6.041058061685735669e-01,2.394635035653542576e-01,6.840987673833278659e-01,8.177542237401115299e-01,5.565194610826021959e-01,5.387321752702526334e-01,3.780571696443044694e-01,6.969981293788227728e-01,6.097427185438809571e-01,4.091776178723225965e-01,2.056526503315616039e-01,3.622249591097151944e-01,6.963864199042111292e-01
5.749330759839672567e-01,3.370013517867911923e-01,2.175488838658322099e-01,6.661601492793935986e-01,0.000000000000000000e+00,2.843032888972084615e-01,1.149266980470912136e-01,5.865573470318010685e-01,4.744069456689049558e-01,4.446848560646961546e-01,7.191733686230816769e-01,8.278453418726139379e-01,7.122511294430389217e-01,9.864392665898682466e-01,6.409866805079947882e-01,3.021184105075001153e-02,8.677865340048021014e-01,8.647745507375772522e-01,9.159789548153295380e-01,6.521944781862456519e-01,4.905605898767664286e-01,4.703834503006725232e-01,7.446869643856259824e-01,7.173609856376355065e-01,5.382048493743284423e-01,4.909426543665561526e-01,4.037231580540528997e-01,7.893590804666639205e-01,5.153263081185311956e-01,9.407896111114949500e-02,5.220001403753007363e-01,6.538304503140996982e-01,2.444496925129804876e-01,6.898844348835146967e-01,7.907208092988892156e-01,2.626686052172513830e-01,4.115506840846639425e-01,6.183770851436063420e-01,6.788335644779941447e-01,7.502212022492831256e-01,5.119875668551355785e-01,4.758651680860995214e-01,6.098331287357029451e-01,2.600465835468880882e-01,5.802332954315583269e-01,6.369461100555244837e-01,7.585241906215673957e-01,8.981825826433019744e-01,5.405011345121685240e-01,-1.274449588601491434e-01,4.675980213997693591e-01,6.497206496616261262e-01,7.503034934786897425e-01,7.203044173156797347e-01,4.303279923296356446e-01,7.736949308752245624e-01,5.921747765551290676e-01,1.959194433046806405e-01,9.020994304772327332e-01,7.253016302802491877e-01,3.728569934648361395e-01,6.648032515268019749e-01,2.167179959153962554e-01,7.735658344743556736e-01,6.722417663732909165e-01,6.278304867879676010e-01,6.963336114906387708e-01,9.438984676389270412e-01,7.649319714572553330e-01,8.138788095192874827e-01,8.052619790669943711e-01,-1.632075750899223410e-01,4.524501723751611082e-01,1.286538017340931872e-01,9.437408302477201527e-01,-1.529544877467874653e-01,9.212885276061483220e-01,5.967554804384327394e-01,4.088033928888446522e-01,1.313888655803467989e-02,7.013308181706885414e-01,6.805251556417266645e-01,6.539523412653395207e-01,5.812258350229585480e-01,4.439509547175440329e-01
8.421537514567187799e-01,7.126187319279333465e-01,7.991382642941888825e-01,6.781353632273445786e-01,2.843032888972084615e-01,0.000000000000000000e+00,5.495200611505753896e-01,6.385543501353504459e-01,6.317915845961012966e-01,9.895236763616803710e-01,6.390790053383635927e-01,2.911650179149190554e-01,-6.094557757666649311e-02,6.095699723340635146e-01,6.681062092091537563e-01,7.517102487700975111e-01,4.100543887947392108e-01,5.302165782661770743e-01,8.308840927079381711e-01,8.590248291039034312e-01,8.629484428330425061e-01,7.737645872096275967e-01,8.082046628746567540e-01,9.338761110702100687e-01,4.523563151369367485e-01,7.892723571026052376e-01,7.668213469765421397e-01,6.878694614818670061e-01,4.994715597961338904e-01,5.500047942300680948e-01,7.065771064231780862e-02,6.895634480780867825e-01,6.992259012952647401e-01,4.170043391231151864e-01,7.511543470706401049e-01,5.135593909200650842e-01,-3.737709857015625303e-02,6.645177019511252503e-01,7.392312782125137760e-01,2.953626934239939050e-01,5.313027158396321781e-01,7.368915760146375060e-01,6.326074788977039676e-01,5.843747002534208645e-01,6.934811684125985476e-01,6.377256403112145922e-01,5.344113221867484720e-01,2.129289345479564444e-01,5.852717640938933652e-01,4.503123098115620060e-01,6.925680422315952933e-01,5.167342316997919349e-01,6.584211177228582734e-01,4.850251937312057282e-01,7.614603961107337948e-01,5.352081680535858421e-01,1.675609086157653083e-01,8.394466881349771370e-01,7.917895816468647485e-01,2.730089503437643783e-01,6.423003610248370077e-01,1.332805815898923385e-01,7.687751485104111770e-01,6.767879992861272065e-01,9.115272781419571091e-01,8.474371810910086289e-01,8.395967240747397309e-01,7.606944719013921663e-01,4.374685527976943100e-01,4.082388939092512214e-01,6.211281126248756612e-01,6.529439637043076283e-01,2.332457676516173084e-01,2.852078957111573998e-01,6.381397044735579449e-01,3.143949172621521848e-01,5.835266315549754168e-01,2.123942052111972567e-01,6.733937558557561154e-01,5.447114321799406689e-02,7.015352259197605855e-01,9.936410473294909895e-01,7.110171186709192126e-01,2.968219322503728996e-01,6.750981935268918210e-01
7.129439991770321061e-01,3.897738732314742771e-01,7.883494071295819028e-01,4.630837701897594916e-01,1.149266980470912136e-01,5.495200611505753896e-01,0.000000000000000000e+00,3.834949800943250331e-01,2.595091074305671056e-02,2.246222015499434732e-01,-1.091721015615557677e-01,5.126427641662748558e-01,2.402008550640649109e-01,5.327748814596998672e-01,7.809771401845794214e-01,7.100778899731122751e-01,7.930375372017496316e-01,3.069343324772058623e-01,5.043052831763997768e-01,9.939976820501532639e-01,7.564866630210692611e-01,6.719171307717458630e-01,4.159299036399303762e-01,7.774183495053975657e-01,5.727266098698896579e-01,5.760797254130929357e-01,5.141908165035070644e-01,5.901101682693905559e-01,6.447897439025990218e-01,3.568410893516639204e-01,2.954134827502583743e-02,2.546679680854532779e-01,7.995811182218182100e-01,4.592416461798478067e-01,4.770123548454100471e-01,6.230908591158844656e-01,5.992708836356254176e-01,5.572553877508203968e-01,9.716799608429366186e-01,6.128356014168796495e-01,3.827902441679496004e-01,5.996247300121255730e-01,9.826867461292873029e-01,4.453079494850077924e-01,3.960936794048968146e-01,2.046622374901175823e-01,1.123464678775479009e-01,4.155777926684026125e-01,5.213962918304760885e-01,2.519756920935729561e-01,6.157396399680821197e-01,4.766999046020463093e-01,4.158772973245108417e-01,3.144621883745681856e-01,3.639513671749406987e-01,9.980911722661782726e-01,7.310324842551748636e-01,3.078181115048203575e-01,9.707843863479320712e-01,5.094631279300941840e-01,2.540782089215473105e-01,6.731934687957142893e-01,1.128732992418598480e-01,9.501256952862959793e-01,6.925644702889990345e-01,5.761740076210496442e-01,7.263365923043301198e-01,7.821517330328713324e-01,5.889844963182196969e-01,7.483918508744806797e-01,4.628371051187188945e-01,4.870453608018585068e-01,7.123811784111510059e-01,4.071271615261690680e-01,3.233944849039224190e-01,-9.153679903800468476e-02,7.347320071893421733e-01,6.863544032620934043e-01,5.067030675402679485e-01,5.922237025874768079e-01,7.762939234750216855e-01,8.691644790161160428e-01,1.756565757295830976e-01,2.575072857598599274e-01,4.731246515869467206e-01
-7.500392163205246709e-02,5.793211181146467048e-01,6.551105404027575130e-01,3.900518567035853312e-01,5.865573470318010685e-01,6.385543501353504459e-01,3.834949800943250331e-01,0.000000000000000000e+00,5.588425083696543227e-01,4.548989997629583337e-01,7.278392814839531599e-01,6.210821680990267213e-01,6.341686436797703275e-01,6.764932854282644792e-01,4.616564179845205063e-01,5.891419085355034113e-01,6.582901051695080330e-01,2.627249474852443312e-01,9.379246031230602243e-02,4.782978138181125383e-01,9.943469863674839759e-01,7.412916358333572209e-01,4.467888282085135110e-01,8.221064963458477592e-01,7.744792852182935672e-01,1.277884035775798677e-01,5.790060755560023642e-01,7.864651053375965040e-01,4.994148795617038283e-01,-4.811698500512925913e-02,2.355769177958555449e-01,3.481207508437264009e-01,3.582539659629168094e-01,9.187560412767930007e-01,2.260478476990552266e-01,5.528692628657693175e-01,-1.073811014258115315e-01,5.206510344800886481e-01,7.997726360955734748e-01,5.144249277864668679e-01,6.886876482189080440e-01,5.177273550305845351e-01,4.510927680922866001e-01,3.045065028607505386e-01,4.629095712188787126e-01,4.674869901557038854e-01,7.734124425787101131e-01,1.503017449465837985e-01,4.197881997641581542e-01,2.613532438893721443e-01,4.022120740763949764e-01,2.990587596561596895e-01,8.320819313224346869e-01,2.908287372531983758e-02,9.888048322004712176e-01,2.150721698225905310e-01,6.995510071879779135e-01,6.339626001491293072e-01,3.080053472989266461e-01,-1.305229094480218899e-01,5.822129167437739561e-01,3.345098767665962147e-01,7.583801835417093296e-01,5.972658688458434284e-01,6.911952637212789297e-01,5.046434299122409817e-01,3.054443329642843596e-01,8.127219468774684596e-01,2.991214903318046292e-01,7.467981546793525105e-01,6.803117708235044692e-01,6.652858401339709626e-01,5.435147060044097644e-01,2.733010316503692305e-01,2.748031461805416353e-01,4.019323299867459953e-01,6.589588595113536895e-01,6.790185399324200066e-01,4.765204970396598183e-01,9.346806016497873071e-02,4.120987197703330218e-01,6.747150293717275593e-01,7.277760184919347397e-01,4.057066479279273219e-01,5.337224324979510381e-01
7.023503452825753390e-01,6.196346064307386436e-01,5.806902607063713084e-01,8.392462997534066993e-01,4.744069456689049558e-01,6.317915845961012966e-01,2.595091074305671056e-02,5.588425083696543227e-01,0.000000000000000000e+00,6.167657270611686116e-01,7.770467256115622945e-01,7.196202589457472154e-01,7.417377543371758142e-01,3.796080308460929587e-01,6.829406303013766388e-01,1.384931687829976388e-01,6.172892136904147842e-01,4.182625393977373873e-01,5.601216886664380779e-01,8.670467485887222159e-01,8.023909060719568442e-01,1.110272124117150927e-01,4.489212295518436036e-01,8.226003536099596447e-01,6.804788243058124825e-03,5.680205489866843038e-01,5.351834313554673095e-01,7.012630653212024168e-01,5.435880965624777517e-01,5.857358411422362021e-01,5.517437589533328302e-01,3.682639187797417946e-01,6.339649651443384215e-01,5.332823410747685733e-01,2.514013892488299318e-01,6.001311026974385232e-01,1.951084597544764376e-01,7.586651578315198874e-01,6.117732338603907305e-01,6.607304052159027608e-01,3.707287664883165412e-01,6.100618334261351944e-02,5.735705771743858650e-01,-1.669096536846167433e-01,7.582766392713617964e-01,4.045116325952237135e-01,4.036343476812030429e-01,6.631798013067176090e-01,2.071878843567955542e-01,7.873498387285809974e-01,2.831806697611712886e-01,7.746851238990601907e-01,2.492252116605528367e-01,6.663540213357311837e-01,6.523765402515517842e-01,4.381866291146969128e-01,4.877450149591985307e-01,4.079798032190224966e-01,7.901945671551584560e-01,1.689060129425456747e-01,6.168796778911544987e-01,-9.749729681452945496e-02,2.090289232778099471e-01,9.361711298715782448e-01,9.637634305630636833e-01,4.092984261587321315e-01,6.757407022809078789e-01,9.125776904138035439e-01,5.937936901115029587e-01,8.155536450237308443e-01,2.837181014243955746e-01,7.474586902195272664e-01,5.526810928504127807e-01,3.692592947807510351e-01,5.701940870883202006e-01,7.500320191549441073e-01,6.645677710310703423e-01,6.275239605329643311e-01,6.296424145658695293e-02,2.760589122040172927e-01,4.954214513117971563e-01,-3.070085667589096956e-01,8.236654570541963594e-01,5.203046493745608903e-01,5.698671086525124441e-01
8.280754842589373999e-01,5.835928665167560148e-01,7.814061797119330466e-01,5.087904194442143258e-01,4.446848560646961546e-01,9.895236763616803710e-01,2.246222015499434732e-01,4.548989997629583337e-01,6.167657270611686116e-01,0.000000000000000000e+00,7.330895971657638288e-01,5.254590251965719494e-01,8.845599790958036390e-01,6.221726808749714621e-01,7.989928607806793259e-01,9.407458525176265463e-01,7.243302521960364171e-01,6.441744246626358583e-01,8.612865219099552494e-01,8.361009718215149933e-01,6.856088042002598248e-01,5.039646138488772520e-01,7.934461645910406702e-01,2.926822025874284972e-01,9.265865704897616739e-01,6.692900151821501442e-01,5.675504598177726345e-01,4.819877582127959359e-01,4.996916873778233237e-01,5.349520186959086931e-01,1.259986622725753624e-01,6.073619379936062712e-01,3.826798585873301128e-01,6.959453201631169428e-01,7.012948024690023319e-01,3.511166651283365026e-01,3.912169311315796261e-01,4.226457588757289718e-01,6.979943073818036803e-01,4.074408828259139526e-01,4.811831914686920397e-01,5.548755418256119398e-01,8.466453476279363066e-01,2.816889176368111425e-01,7.618246161468887889e-01,3.045452760168929074e-01,5.478691322286186605e-01,9.773829116226266933e-01,7.283467451390877034e-01,7.040691328965787976e-01,8.747279884035999986e-01,9.920467443115681405e-01,5.391180362672685078e-01,5.788671554853274115e-01,6.500430080315972026e-01,4.589671756508920120e-01,6.499136229217219451e-01,7.354375541905903146e-01,6.809627499200351375e-01,7.045850065164340759e-01,2.594760082669403389e-01,4.971821762014625445e-01,5.623364422171416299e-01,6.599424325485061527e-01,7.480048960176060024e-01,5.950914754295171250e-01,4.851109370071295945e-01,8.791620051833172189e-01,6.861264227307298791e-01,6.613872580905424403e-01,9.672327889975083082e-01,6.093971985169012173e-01,4.140789140704630444e-01,-8.647387155836805395e-02,7.969339267224215817e-01,6.502493392055190835e-01,4.732443581718850378e-01,4.522763642084969837e-01,4.113384428461958064e-01,6.821173417727226518e-01,2.970640309672963331e-01,7.865744535533842896e-01,5.948055481987776227e-01,2.869182698212996430e-01,7.573324201268167855e-01
6.394256265998359279e-01,7.692260410129238002e-01,3.091135258167066469e-01,8.796716590833107974e-01,7.191733686230816769e-01,6.390790053383635927e-01,-1.091721015615557677e-01,7.278392814839531599e-01,7.770467256115622945e-01,7.330895971657638288e-01,0.000000000000000000e+00,7.404293665682970538e-01,6.369420468402368085e-01,6.019466909644466401e-01,8.551941365896994496e-01,4.145962212129392643e-01,8.082884108578547444e-01,5.952220062634456799e-01,5.594792607510837845e-01,7.543481078049129041e-01,9.393980833453100532e-01,5.544853279546799740e-01,1.316462855531514708e-01,8.462041560039771371e-01,4.568361740639314550e-01,5.962456787515714174e-01,5.108585246122919754e-01,9.892339740733656628e-01,9.286653521036339343e-02,5.222171616569826202e-01,5.589966200731769641e-01,7.422358289457356983e-01,4.446763550714408764e-01,7.731020629969993507e-01,7.146085270230477793e-01,2.953077571843433224e-01,2.961142818829188839e-01,4.285021765905346336e-01,8.192934181052148324e-01,7.538910601439025028e-01,3.881278393559047801e-01,4.640002661263498140e-01,7.415007630086091206e-01,2.559114123961105380e-01,7.957524973698283377e-01,2.422503247054212383e-01,5.749463261841174511e-01,4.336331540966598119e-01,2.110470726603178027e-01,4.243567186572744232e-01,5.942783166869425315e-01,5.410948928553509507e-01,6.144780964955088853e-01,6.023696324736093066e-01,6.097389888733373287e-01,7.342651386528308288e-01,6.967354347158771777e-01,6.957120491525268235e-01,7.500391988332770765e-01,1.812364839302401665e-01,7.443747595571656994e-01,3.670941568492439022e-01,8.768443772623268906e-01,5.347229475188711723e-01,5.475520404964238086e-01,4.636533481539113488e-01,4.861878257092376310e-01,8.162406363280623189e-01,6.481730244397854168e-01,6.733655040752500875e-01,4.828205837259947897e-01,6.246580734273708968e-01,4.875433635081167782e-01,-1.228702756707134025e-01,4.509278305407399823e-01,5.456208738385559531e-01,8.081880913336052519e-01,6.243025805564722530e-01,8.885135339781609354e-02,3.685840581068190458e-01,6.216280062460094458e-01,7.883625108260611247e-01,-1.483069308889702342e-01,6.592582248392242494e-01,6.457116389930854794e-01
7.191231529928215904e-01,6.452037760481241779e-01,9.834156906260401732e-01,7.889178290427310003e-01,8.278453418726139379e-01,2.911650179149190554e-01,5.126427641662748558e-01,6.210821680990267213e-01,7.196202589457472154e-01,5.254590251965719494e-01,7.404293665682970538e-01,0.000000000000000000e+00,8.828138783438765902e-01,8.234015004160351037e-01,7.866491501055308255e-01,3.853917765322975031e-01,2.444023504646435918e-01,4.742832374551941288e-01,3.419058685058029567e-01,6.958713284031510238e-01,6.828389360475672909e-01,5.649609990167765439e-01,8.924570752544649377e-01,8.204689769090708351e-01,2.576097439429092528e-01,5.108485018406155875e-01,8.413567892121368574e-01,5.348815385449821047e-01,3.508512832180844532e-01,2.231484542003143168e-01,3.720713553797596607e-01,4.539172232935226314e-01,1.831140774213815270e-01,9.448184234069363363e-01,2.760636062072948094e-01,3.133823617525817173e-01,1.610624550816091294e-01,4.654528392883468535e-01,9.288442963995200419e-01,9.437751850520719188e-01,2.656606573986936559e-01,5.963422090679809662e-01,5.517989415559667599e-01,7.181497145101271018e-01,9.221533027784958314e-01,6.813816283079600078e-01,4.758743166769206084e-02,6.367893839258013111e-01,3.219740341088666580e-01,4.744623045210057954e-01,6.145828650288091000e-01,5.349437005232383635e-01,7.794718978844017432e-01,3.947203537030694598e-01,8.053097032753774309e-01,2.095448653420491913e-01,7.797779956049026850e-01,5.778730894639115823e-01,5.537630107482107711e-01,3.716823630524195288e-01,6.012180267869692285e-01,5.761707110391177666e-01,6.071055948208829989e-01,6.844124300961264007e-01,7.586717673649264748e-01,1.064198358613943490e-01,9.728483977073199007e-01,8.524023309342130261e-01,4.069229682217944677e-01,8.035560662112074537e-01,6.337065120913156768e-01,4.327720130345430460e-01,4.829783797323067840e-01,1.817689857770387052e-01,5.938688242475740342e-01,7.955892009862530756e-01,6.874579354970639100e-01,7.266054028052943980e-01,1.916187174217263700e-01,7.585677400628989542e-01,6.338787088524306945e-01,6.597059170123403815e-01,6.211489023247879215e-01,4.553391782248085717e-01,7.477691008031055464e-01
7.759576549661859612e-01,8.830952539429475223e-01,7.598140326870959083e-01,8.431718241852839135e-01,7.122511294430389217e-01,-6.094557757666649311e-02,2.402008550640649109e-01,6.341686436797703275e-01,7.417377543371758142e-01,8.845599790958036390e-01,6.369420468402368085e-01,8.828138783438765902e-01,0.000000000000000000e+00,9.921602297033000895e-01,8.215641389443157916e-01,7.127256611405993203e-01,4.841190298825926441e-01,4.220794320046668546e-01,8.269371288468245762e-01,4.864771516740437063e-01,7.727321950308467802e-01,6.305968339020503466e-01,6.300674265164828425e-01,6.621212986016530300e-01,6.450402346496698636e-01,6.403514976440020101e-01,8.946746863376268122e-01,7.286694989871084216e-01,6.836492828457897408e-01,5.307563029143024247e-01,2.716970352767290597e-01,7.285636411352967023e-01,7.006669187745853122e-01,5.853271716488519516e-01,9.513845485325255202e-01,3.771899527939891472e-01,3.562550203187274112e-01,9.859010851669890441e-01,4.795231137678998556e-01,4.648167545504142684e-01,3.456500833432046838e-01,6.609003086454753317e-01,7.180188029021536966e-01,7.473465820114856273e-01,8.684158204715881624e-01,9.668246283607107028e-01,6.902340840017274770e-01,3.747722875493360584e-01,8.586507396326604757e-01,7.712769601504366745e-01,9.696972066425962877e-01,7.929151651569948944e-01,5.436470625316551786e-01,4.193516183960560029e-01,6.468791917082856724e-01,9.050981876477015575e-01,4.534192645598101867e-01,8.446375204138822923e-01,9.612974754578010872e-01,3.081345740760871865e-01,6.913014906185389608e-01,6.009137051214752390e-01,6.937168051198948637e-01,7.767909155620551509e-01,7.675503166084834961e-01,3.089952443086242395e-01,9.209118086538639059e-01,3.718272966022102555e-01,-1.364761328848774768e-01,9.571399362283052881e-01,3.615608764034294875e-01,6.443836364531145833e-01,2.441896141151527477e-01,2.987079102407190212e-01,4.272660161674968760e-01,7.075182135074236101e-01,9.051995192315767103e-01,6.275314146763002476e-01,2.863425603526062110e-02,2.874475746306878743e-01,3.059934219826264679e-01,3.041675769417767627e-01,6.333322563805083849e-01,7.023705475613633009e-01,9.136633416513724182e-01
7.407679163730535032e-01,6.357074279574825848e-01,8.683451844407741316e-01,8.343423804886813677e-01,9.864392665898682466e-01,6.095699723340635146e-01,5.327748814596998672e-01,6.764932854282644792e-01,3.796080308460929587e-01,6.221726808749714621e-01,6.019466909644466401e-01,8.234015004160351037e-01,9.921602297033000895e-01,0.000000000000000000e+00,8.980519289084204493e-01,6.234658151773326829e-01,7.006295356581047074e-01,6.398529610690006919e-01,8.405921393402829844e-01,7.649771898136485948e-01,8.358200121531540461e-01,9.297071032500188181e-01,7.728807843788132459e-01,9.360818939723988263e-01,3.258652710053376866e-01,2.765955246784003729e-01,6.843196176671184627e-01,6.388755540696574586e-01,5.364622185321346048e-01,6.881314623478425041e-01,2.862622103739949631e-01,5.412005137064637150e-01,8.957223042345573427e-01,8.483751865785628121e-01,5.551868781992475022e-01,3.367859729366926569e-01,4.564468381924589591e-01,9.848676685542083753e-01,4.210928658331034580e-01,7.414587962044785208e-01,5.179674329027607049e-01,6.285480285581244164e-01,6.028314108829398998e-01,2.776289389048591794e-01,9.262371022845130586e-01,5.144666209011092839e-01,7.951989737241889067e-01,6.103190425361206817e-01,7.038624908113961798e-01,7.822790528450285219e-01,6.906286999867452536e-01,8.891335473104479137e-01,7.317061638455232275e-01,6.634747694514543381e-01,8.095133104891799602e-01,7.332403587375618814e-01,2.306942863102389163e-01,6.413524573541024010e-01,6.748388211626730193e-01,7.583987887384765481e-01,2.076213198411115124e-01,6.065876358515589484e-01,4.300985604905949167e-01,8.973915040498431361e-01,6.472003721860239978e-01,7.845130246380271899e-01,2.930523123377409833e-01,6.209879439493107833e-01,4.816917129343681325e-01,8.163268130042008464e-01,6.247945005578091626e-01,7.078240548621511641e-01,3.165653856340420735e-01,8.324054397520198184e-03,7.744311228451982165e-01,6.542027949619584337e-01,6.000547337131930670e-01,5.601256552421762791e-01,5.380354738041051021e-01,-1.313385089500250791e-01,7.259888062063321046e-01,9.974002750078824198e-01,6.953601121433453658e-01,-1.823098116110644651e-01,4.372141177171114390e-01
7.533342999267553797e-01,8.390944459363722796e-01,8.889255116014759261e-01,7.258318434187030488e-02,6.409866805079947882e-01,6.681062092091537563e-01,7.809771401845794214e-01,4.616564179845205063e-01,6.829406303013766388e-01,7.989928607806793259e-01,8.551941365896994496e-01,7.866491501055308255e-01,8.215641389443157916e-01,8.980519289084204493e-01,0.000000000000000000e+00,6.180869123893288908e-01,7.123842858096396391e-01,7.692523804729909376e-01,2.205183215628768179e-01,5.020000139026253860e-01,8.026711967588608942e-01,7.218673000186678346e-01,7.345278650723752190e-01,6.685479284254938204e-01,5.972419525480226338e-02,6.056146576490573086e-01,8.544411384244638974e-01,4.988514677637173600e-01,3.946154576947399906e-01,4.421776466860430910e-01,1.226571230614933311e-01,6.372078507803913272e-01,3.840975104500193860e-01,5.885528619118318705e-01,9.850467687124394578e-01,7.201676320247669683e-01,6.243347148346953951e-02,7.077930951303934570e-01,4.798856681793752799e-01,2.315595034027910226e-01,5.190982729959381370e-01,6.344420324426310875e-01,6.564947071386336708e-01,6.481285136649178602e-01,8.438127769997330052e-01,5.703094002513195981e-01,7.331446850916265578e-01,7.210991437642428892e-01,5.257353568480287453e-01,4.677601101882576939e-01,7.693225417003702882e-01,3.544730685090734523e-01,9.666128832962375128e-01,5.369811376072401998e-01,6.359655802920142209e-01,2.963327893390235168e-01,6.725872845275644440e-01,6.723092422415821723e-01,6.266278084261535097e-01,7.567459631409415022e-02,5.580640570269864709e-01,9.164920296422937041e-01,5.319970868528191010e-01,4.163518607655753989e-01,8.977842909621418510e-01,2.884099792479721813e-02,8.354960294374488283e-01,7.754676821263447595e-01,2.102598399143018604e-01,2.244067820321831719e-01,6.083645787861576837e-01,7.559857685291908602e-01,5.489020291173218880e-01,3.840514266029491086e-01,4.366025100740208442e-01,4.983318903028348679e-01,5.965098570227067576e-01,6.192389284885999601e-01,3.721734689117935091e-02,7.475758595592227884e-01,5.502781416881593612e-01,5.475255959610544343e-01,7.349330832406512082e-01,6.967048167845165674e-01,2.801037063319558248e-02
6.935504787775954583e-01,7.253539512320232863e-01,7.860981718410385843e-01,9.865416565248222858e-01,3.021184105075001153e-02,7.517102487700975111e-01,7.100778899731122751e-01,5.891419085355034113e-01,1.384931687829976388e-01,9.407458525176265463e-01,4.145962212129392643e-01,3.853917765322975031e-01,7.127256611405993203e-01,6.234658151773326829e-01,6.180869123893288908e-01,0.000000000000000000e+00,5.446869119453289221e-01,7.996890353129912921e-01,5.701526107495369367e-01,6.636360931497007343e-01,6.282965576794452556e-01,7.795642424244442203e-01,6.017261486747071952e-01,6.363205332222499067e-01,3.781240200891929915e-01,9.195591203727575547e-01,9.166220314391800850e-01,6.047321789456509000e-01,3.941203492986307677e-01,-1.180274676838052733e-01,7.981856168602007029e-02,7.076233265217524160e-01,9.471104829934110514e-01,2.358756298892121794e-01,4.923842933343554051e-01,6.943686823106705042e-01,5.291576693477861859e-01,6.080134749026556706e-01,7.231740982451928534e-01,7.134919284039616949e-01,4.512941607252030640e-01,2.133699595445804065e-01,4.002607335008748768e-01,6.788424510989484739e-01,8.108409133257176160e-01,7.812203953227511155e-01,6.215188743679862515e-01,1.922541624424141393e-01,7.927324240783634179e-01,5.109748816637345037e-01,4.974082499171513794e-01,1.298706378543585394e-01,9.861210439955376827e-01,6.160101046347009612e-01,9.398928129084826999e-01,6.727501595206626384e-01,5.091914694577112099e-01,2.567445346232016812e-01,6.528592465321529925e-01,7.271674810608369510e-01,3.279680883047916273e-01,5.824433129272252874e-01,6.450286688079259756e-01,2.611658917101674637e-01,9.833109485778763759e-01,4.811750349694549622e-01,5.275084199933181006e-01,5.438846386152332846e-01,5.265145020800616749e-01,-1.004862631765148923e-01,7.587776128653067609e-01,8.902204511280773502e-01,3.249412252471640672e-01,2.430584704973438870e-01,4.010984478260848918e-01,6.536613780030364751e-01,8.589050692262405473e-01,9.777701238625973179e-01,5.105781943549997370e-01,3.768711602576483299e-01,2.943958896019034654e-02,9.767603128412150060e-01,9.521949155049909130e-01,3.679388878353134773e-01,9.802453801849120296e-01
6.653775352352654382e-01,8.428179519803884467e-01,9.133185309400577712e-01,7.448600932049296297e-01,8.677865340048021014e-01,4.100543887947392108e-01,7.930375372017496316e-01,6.582901051695080330e-01,6.172892136904147842e-01,7.243302521960364171e-01,8.082884108578547444e-01,2.444023504646435918e-01,4.841190298825926441e-01,7.006295356581047074e-01,7.123842858096396391e-01,5.446869119453289221e-01,0.000000000000000000e+00,8.669656216638432777e-01,4.718206073982638138e-01,7.998645489861538893e-01,6.627101019744963128e-01,3.787115874906681334e-01,9.174545232393299665e-01,9.974941814445433819e-01,9.810948254823871340e-01,9.721493597238949347e-01,6.615527902423171680e-01,6.827397606588987422e-01,3.570395507047624539e-01,7.317336562935120581e-01,5.253496064951271860e-01,5.693244435082597255e-01,5.956591769968047068e-01,7.416371888238373344e-01,7.118768574841328745e-01,3.192622478994631141e-01,2.541849954012080984e-02,8.133821930941651512e-01,2.276005362260377640e-01,6.271187815477797800e-01,3.091904570539462660e-01,8.297855547360772910e-01,8.166316969262487069e-01,7.970553728832378004e-01,7.681161318493028300e-01,5.434033750794161621e-01,7.917283243589573472e-01,6.257125040725021181e-01,7.445750570165132753e-01,9.798842780601845215e-01,7.848107516270594886e-01,3.553179857075773329e-01,7.090463027705503629e-01,7.724441725112445312e-01,7.301216071434999400e-01,6.052923882649660081e-01,5.103281642969849097e-01,9.720696608885581735e-01,5.866772925884941037e-01,4.935487641441204110e-01,8.700070171201522429e-02,5.740795697942988607e-01,5.239952818220602326e-01,6.297934991299590779e-01,2.978814181460270327e-01,8.102819348169985059e-01,7.627536833304924269e-01,6.209031367604855856e-01,5.769357622159766441e-01,9.999737554741620071e-01,4.536855387997085209e-01,3.910718161418101912e-01,2.191381591095591941e-01,3.526262365048137282e-01,6.419093991559581269e-01,6.126862057758541980e-01,7.578302706181767601e-01,4.356955463356995129e-01,4.791013664318902743e-01,2.534721988706220008e-01,3.036799842481173184e-01,6.772441576438992250e-01,7.802621765974118162e-01,3.145300512876816890e-01,5.268620451977050756e-01
2.488751820850472751e-01,6.392279526691393432e-01,8.195386040894511170e-01,8.690510584198130051e-01,8.647745507375772522e-01,5.302165782661770743e-01,3.069343324772058623e-01,2.627249474852443312e-01,4.182625393977373873e-01,6.441744246626358583e-01,5.952220062634456799e-01,4.742832374551941288e-01,4.220794320046668546e-01,6.398529610690006919e-01,7.692523804729909376e-01,7.996890353129912921e-01,8.669656216638432777e-01,0.000000000000000000e+00,4.358031178003317074e-01,9.095601259139607375e-01,7.535177297169846078e-01,6.471348144522326429e-01,5.013033264177219062e-01,5.994964257748331971e-01,4.935054955332539572e-01,4.219644553395129893e-01,4.640822812847722467e-01,5.128735850327845736e-01,3.686974930084858659e-01,1.902535571658358626e-01,3.751497638664590406e-01,7.036035667909845692e-01,8.967252024835599133e-01,8.259543488286599233e-01,2.595589067840518155e-02,5.952023690541439205e-01,-9.589312042367105493e-02,4.222904397930095088e-01,6.946238593512737980e-01,1.350424376134137516e-01,2.668206919858331916e-01,6.796066491237670038e-01,5.711793475268760467e-01,4.005653495300479650e-01,8.608546750689751725e-01,7.765836362461415732e-01,1.081787909982142581e-01,7.929963680214924260e-01,4.796443029227870358e-02,1.180033013075840881e-02,5.633658681677573554e-01,7.953288787134771276e-01,3.652450709540386864e-01,5.749602594072121819e-01,4.984219560928702664e-01,4.430707156214381826e-01,5.834220061361021781e-01,3.104049587884502026e-01,4.992043520145778013e-01,1.778170560039913362e-01,3.509469589523086519e-01,5.046876875123008643e-01,8.240864425609282229e-01,9.221844297718043704e-01,8.407454195994290558e-01,6.821978285627946503e-01,5.943602734947199817e-01,9.090934747000916083e-01,4.534426459041033808e-01,7.846297641923669630e-01,7.955804934752599422e-01,7.760991717187081251e-01,4.610729742957342392e-01,1.858787840957849824e-01,2.426772872800991299e-01,5.443951317175363958e-01,8.763271352948409643e-01,4.709719157349238627e-01,-4.668230636609749240e-02,5.007877311547673793e-01,7.437409247412165580e-01,5.415970825320254312e-01,9.435348057338217576e-01,1.577318639280522183e-01,7.079653096687720248e-01
