0.000000000000000000e+00,6.600896617585951809e-01,7.407225242555248723e-01,6.701447136006268845e-01,3.285263754424909699e-01,4.478765911590752435e-01,6.860368571843172836e-01,2.395067196583171298e-01,8.115106810580560159e-01,9.952319300698375670e-01,7.272807663648794829e-01,8.778808194508236351e-01,6.342767619113880428e-01,6.909517633825916771e-01,3.894992579796439092e-01,8.646638887594423339e-01,2.610388150274407515e-01,5.528986137227339670e-01,7.981290272055759916e-01,2.209810028553474415e-01,7.538158045097930193e-01,7.106743749507649088e-01,7.481648054378678969e-01,7.761529742207414762e-01,8.016219769293624342e-01,7.918695047944931398e-01,8.010525450734730102e-01,7.195362982609628810e-01,2.507719619313900639e-01,4.467520955865597609e-01,4.170830644711401858e-01,9.905090797819035009e-01,5.338288593868096843e-01,6.141873863285920443e-01,9.818409752880788988e-01,6.941113551165970508e-01,6.566169078009183036e-01,6.147886703732324820e-01,9.200816149702353286e-01,7.108539749515819794e-01,1.508544650626671979e-01,5.017314889927398935e-01,8.808213212299300654e-01,4.302500200737893743e-01,6.548934061540870877e-01,7.105625771004503433e-01,4.069170663778683417e-01,8.565982951728237094e-01,6.971069923585159200e-01,7.018829899115264226e-01,8.935783440055286020e-01,4.616939830884043694e-01,4.546062759320281255e-01,7.392589453504733177e-01,2.947795781371489662e-02,5.259047100048493129e-02,8.405828080875884512e-01,6.864983088674415646e-01,2.200583214279175012e-02,3.247319406665153396e-01,1.771624373389828200e-01,4.751750304328432040e-01,5.509461908508981320e-01,6.196443609942724473e-01,4.772198808527550185e-01,9.585281802036159648e-01,7.945195649881343636e-01,5.780332202276857734e-01,5.890640624927356850e-01,4.043442794898034487e-01,7.243727773135516523e-01,2.876979804594900214e-01,-3.164756483228013395e-01,2.170187019836583020e-01,7.145253587991072797e-01,8.129337456521704697e-01,8.585976764812470741e-01,8.229163796232878969e-01,2.474787650131231032e-01,1.071857259147644126e-01,7.519346723820417022e-01,7.624586895381381124e-01,8.499313046227205959e-01,6.120407336864867043e-01,8.303988620887792216e-01
6.600896617585951809e-01,0.000000000000000000e+00,6.990605426042355575e-01,7.614229313628763096e-01,6.943656843100978193e-01,6.792654959844925955e-01,6.423613208672657171e-01,4.793038514821735818e-01,3.361591172803791716e-01,3.206963621323026814e-01,6.982029102885000116e-01,8.082161694018052955e-01,7.320336575529735601e-01,4.870417640352178168e-01,1.106854338142281846e-01,5.710796192397158411e-01,6.202176045104342839e-01,4.602721104445717804e-01,8.359440330202139169e-01,6.973271070134970939e-01,7.146190073925084985e-01,7.318736272343924210e-01,6.282563385205729434e-01,6.748183360630637395e-01,3.545172102973300210e-01,6.721357086075470111e-01,6.390484249232185610e-01,8.066530443031922903e-01,3.486861088850252699e-01,7.753187609853362527e-01,5.362653983356144849e-01,2.985600292746977136e-01,8.046883877497608140e-01,2.802357048862736955e-01,7.800430514593956755e-01,2.677777414959859881e-01,1.334817193628958509e-01,7.784925833433411491e-01,6.909413108145462390e-01,7.268329857732898081e-01,2.791241752687054767e-01,7.705778531785635321e-01,6.709846749256658249e-01,7.376874302668360306e-01,9.803963059368178135e-01,7.723568882691635995e-01,7.860428327635540224e-01,7.367950591212737432e-01,6.909086440310118205e-01,1.129380286408058487e-01,6.846387691285930055e-01,3.848318699866369874e-01,5.744576327847116248e-01,6.433869392365935136e-01,6.463969376675313683e-01,7.472401764065204066e-01,7.675902712871016664e-01,6.315514547449871952e-01,3.953158376651110251e-01,5.762088320386767049e-02,4.334272671913675379e-01,4.988901394922278243e-01,8.760660275512840434e-01,5.850404245927514069e-01,7.174492363782579707e-01,2.372306087269376307e-01,4.030899334925226452e-01,9.939429248623719015e-01,6.302522008941869869e-01,9.309066168024169308e-01,6.693178442405206541e-01,6.573864124783377338e-01,7.902425398544912216e-01,7.254914130908324266e-01,5.397175778407783397e-01,8.776797178872115524e-01,5.323460648395523798e-01,3.208091264780887353e-01,1.551840527507485079e-01,3.753397089751162596e-01,6.867072906151775458e-01,6.110542589326972696e-01,6.476290446517873889e-01,3.917859653354828220e-01,5.777337736843080052e-01
7.407225242555248723e-01,6.990605426042355575e-01,0.000000000000000000e+00,8.008519678657333163e-01,7.949290169597912348e-01,9.772630886730266919e-01,5.072912224006217441e-01,3.480292633657372514e-01,8.059476715669593450e-01,2.786981002881647740e-01,2.524671217243587007e-01,8.379477873640537311e-01,7.470129518623813691e-01,7.252360359436844650e-01,6.246779867852352286e-01,5.574718717739403084e-01,7.308971493072682346e-01,4.118326987330838129e-01,9.163899750295243507e-01,4.146860884162827943e-01,8.369748055924706165e-01,9.658726112341433634e-01,5.296599638108633323e-01,8.596069433130218984e-01,9.099988039369754089e-01,6.613983144914049594e-01,4.047709024484979490e-01,8.149385696267443802e-01,2.175682088145462767e-01,5.804070283568448785e-01,-3.778161376979408126e-02,5.393724341034797920e-01,8.424028406103225564e-01,6.717533310135330726e-01,8.876072955562743783e-01,5.277425793356614880e-01,3.744391549853298695e-01,8.027813085043021823e-01,5.973845218441686811e-01,2.607548182182328755e-01,4.584121813665137379e-01,8.782088640352476716e-01,7.643072833385431419e-01,6.985272466510947798e-01,9.092568358940078532e-01,8.095558526719182080e-01,6.992298298413031077e-01,6.119110858798056940e-01,3.320336733965787435e-01,9.976347516403440974e-01,9.377810168504941979e-01,8.308614817993940083e-01,5.890494858686441404e-01,9.972751922316906992e-01,7.389732419272623254e-01,4.332747198767268326e-01,8.426577839749377352e-01,8.171506140677357033e-01,8.889356049847700891e-01,5.193158935000220522e-01,5.707562516334875324e-01,8.876274636284758879e-01,6.364249473097615128e-01,6.266862926904673836e-01,6.275765707095880552e-01,5.493552048778763686e-01,4.792688403127678409e-01,4.593195239629511116e-03,8.936664325156319366e-01,5.685996760221407875e-01,9.950441824589482120e-01,8.723327094983821528e-01,5.059196713552791547e-01,5.966905263411377280e-01,8.417395914518533973e-01,2.568008397906094142e-01,4.821260006718010027e-01,3.694274916320091084e-01,4.693068044068205436e-01,2.271454833689991459e-01,7.075212263586585504e-01,8.716291867858672049e-01,6.881220488877006769e-01,6.874178009381147758e-01,7.115660031974013755e-01
6.701447136006268845e-01,7.614229313628763096e-01,8.008519678657333163e-01,0.000000000000000000e+00,8.249783658825320387e-01,9.082587878863064290e-01,7.634013274054850529e-01,6.768172409885563345e-01,6.532919174105412674e-01,7.942795928219161805e-01,9.637549472000482842e-01,5.625099790459391347e-01,7.081308021743526471e-01,9.935594984975981703e-01,4.666503979826938098e-01,3.950891002687368370e-01,3.122855074118192076e-01,6.873147980345452046e-01,9.545071147237450537e-01,7.968964779075636828e-01,8.305633937104548448e-01,6.677388542463487120e-01,4.907206832149279552e-01,9.333147950189744080e-01,2.189434140133407758e-01,2.635509474564862176e-01,2.636330140553116985e-01,6.649682908279723748e-01,2.632090787532369580e-01,2.769679529525587713e-01,1.119736534530435396e-01,4.467136880659286491e-01,4.744293377862711658e-01,5.025105677042341901e-01,3.389963395306406779e-01,3.610399623580797801e-01,1.535061382515179873e-01,7.234748682902027994e-01,4.200543598377914911e-01,7.416261788448386127e-01,3.130135067587069830e-01,8.773317835003957565e-01,3.845912126946273712e-01,5.103733301629809205e-01,6.674696179914890726e-01,7.536159188480699989e-01,8.828990169497747953e-01,6.100685725485185396e-01,5.145263741953413072e-01,2.690434646900776716e-01,5.600788809335215390e-01,1.134094575911583948e-02,9.731722835654529336e-01,6.298876967006046268e-01,7.740923053369271889e-01,9.636704382093851384e-01,6.065818254869231874e-01,6.776344246745080735e-01,6.448719741360620095e-01,2.024370175175713438e-01,3.432424173459403538e-01,6.160672677080052395e-01,6.107168711989517940e-01,3.343406408105671357e-01,8.702025765100138699e-01,7.698816265984564922e-01,4.973636988581556784e-01,2.488576177092707009e-01,7.710249612108595052e-01,7.924984054648516185e-01,6.353094106935006646e-01,3.614816639747769900e-01,3.858529417404065187e-01,4.572213447243019813e-01,5.876253735738872219e-01,5.719570560654443359e-01,6.712516555836480769e-01,3.351994418540008569e-01,3.425986580411629068e-01,4.102219053617056632e-01,6.692892575151003776e-01,7.513654689885824745e-01,4.351685990599797327e-01,7.752892349282098916e-01,3.168734031477523638e-01
3.285263754424909699e-01,6.943656843100978193e-01,7.949290169597912348e-01,8.249783658825320387e-01,0.000000000000000000e+00,7.113882690677982845e-01,4.919489395045086866e-01,4.099643209100616859e-01,6.134594653706579859e-01,9.429006636638346261e-01,6.540569969265772610e-01,6.344114770800681757e-01,6.191599195650104859e-01,8.104257360779586472e-01,4.852170814105681296e-01,9.310688587784325954e-01,8.809054425015147016e-01,5.023336085924465927e-02,7.170718322108503573e-01,9.038853028461377725e-01,4.145414666360016653e-01,4.343463463325590301e-01,9.078819383955589739e-01,5.328037111184655839e-01,4.488239146803891244e-01,3.843909524138780509e-01,9.267284203831147593e-01,7.911578270350904107e-01,3.188395979493192645e-01,3.268290549568887426e-01,1.709630934487002540e-01,2.949523275513479814e-01,9.408372390425415732e-01,6.583569127062399717e-01,3.949712108786945786e-01,3.883956849830814129e-01,7.139169809487797558e-01,4.465946322133356183e-01,6.991242671973166845e-01,2.616263348285868262e-01,5.980642479168600811e-01,4.116757239484409858e-01,8.069459520223584148e-01,6.817118620686910546e-01,4.653224026741911712e-01,4.187876555361911834e-01,6.116149416238144676e-01,5.826047793366173622e-01,3.525718585999725319e-01,6.059628317502777084e-02,5.295323591206078095e-01,5.359614758039366045e-01,2.909765539208759855e-02,7.894266175547667297e-01,4.354072742987499245e-01,9.857955772424507046e-01,7.997582593702911025e-01,4.017422219843934106e-01,7.601215425961159733e-01,2.678921898010068192e-01,2.902568318693731220e-01,1.753492543090782313e-02,9.567178846856976282e-01,4.947854041202757736e-01,9.164121993480980333e-01,2.680497652756443916e-01,6.187640679829286006e-01,9.724561132352466108e-01,4.119779462479207233e-01,3.753701781334055632e-01,5.452410234950704204e-01,6.099916483935884370e-01,5.513072578502423715e-01,2.699530783262285016e-01,2.149749033493180694e-01,7.759429928837704438e-01,7.533588834966319370e-01,6.739096005010146717e-01,5.799950004636879042e-01,1.989217751036118365e-01,2.025537960102575252e-01,6.792392775321284271e-01,7.227340175083677432e-01,3.484469719437680024e-01,6.146194828060870252e-01
4.478765911590752435e-01,6.792654959844925955e-01,9.772630886730266919e-01,9.082587878863064290e-01,7.113882690677982845e-01,0.000000000000000000e+00,7.466675719300669423e-01,5.069636352715847227e-01,9.520601927944435383e-01,4.178468601611623479e-01,7.945376711095584188e-01,9.764903500445016871e-01,9.248391356387078988e-01,7.771178501585936926e-01,1.183819765212179576e-01,9.070881786864010143e-02,4.792886841068615955e-01,4.116244330398189377e-01,9.197195249502551073e-01,5.804679545829273257e-01,5.344605253099841136e-01,4.549642808235870306e-01,4.200713049299759083e-01,7.694783465832505387e-01,2.819932745247191730e-01,6.384210885191738960e-01,9.021240279305884346e-01,3.213720288379718903e-01,3.765804725034211931e-01,4.512103020594014913e-01,7.667343292870479332e-02,4.190807789647779669e-01,8.072416420271903981e-01,9.761164691651776915e-01,5.615622512105881148e-01,4.932487116797836246e-01,2.544769406005673584e-01,2.267805245758795218e-01,8.866638893949678746e-01,6.692198561419777647e-01,2.482389940112663118e-01,2.406925886785042101e-01,5.805427626998592716e-01,7.688884678034726416e-01,1.930967033879693040e-01,2.138996557227675066e-01,6.471077950839394521e-01,5.637013447247201103e-01,1.801489749527061257e-01,6.812557491529589448e-01,7.271093226848690527e-01,5.095873702192946775e-01,5.076458248980423305e-01,9.077333811813521613e-01,8.927957428303070486e-01,5.871088503635953915e-01,6.980295137286151030e-01,5.665769387951562486e-01,7.083434162168500414e-01,2.625869239133739041e-01,6.563309608630570890e-01,5.829732271267612509e-01,7.752779567929969362e-01,7.890640616169133370e-01,8.972642755546484938e-01,6.758488947815673997e-01,8.041020918908746706e-01,8.297445303224577628e-01,2.082476716861417221e-01,4.198242093473466552e-01,7.020959532176257456e-01,6.617328495020590173e-01,4.969449753616123067e-01,4.685125889102186719e-02,7.813247545094634816e-01,5.531080029755692795e-01,7.804567912501473304e-01,5.663068438153935347e-01,1.490672456893352149e-01,1.472268796928043189e-01,5.957040782506761722e-01,9.331775602728636931e-02,6.603909233858706873e-01,2.393026280952290780e-02,1.851242285411227317e-01
6.860368571843172836e-01,6.423613208672657171e-01,5.072912224006217441e-01,7.634013274054850529e-01,4.919489395045086866e-01,7.466675719300669423e-01,0.000000000000000000e+00,4.390217398443612695e-01,2.627993870865100723e-01,5.358972412879037250e-01,6.207634829887807015e-01,4.292194912392569006e-01,5.187866716128727296e-01,6.594348395530096330e-01,5.930186460710391572e-01,5.497028738167570872e-01,8.385022274422467836e-01,4.374617590819553925e-01,4.324425120058830729e-01,7.366478614136169334e-01,6.559036097894637152e-01,6.231049986694807696e-01,2.871977741838125930e-01,9.092103692859083708e-01,2.721469796725148327e-01,4.325655736870148704e-01,4.606422329521267511e-01,7.337594880741591385e-01,7.904737108128647716e-01,7.073082378617294719e-01,2.756720694774575930e-01,2.103618936487747226e-01,6.320713606678616259e-01,5.674691422544400066e-01,2.894214788982296671e-01,5.863549977473045960e-01,5.513351538577959676e-01,6.663657788890323674e-01,7.639022316906401988e-01,3.821070721307038287e-01,3.956467131938851134e-01,6.600906243840456433e-01,4.318024380037019938e-01,5.441621057808422313e-01,4.673529725961048653e-01,6.537689014856291614e-01,3.631626528281790556e-01,5.164368735676384548e-01,2.608563917492284778e-01,5.067116230111148867e-02,4.261288669816820640e-01,5.307933712435152218e-01,4.109241960902555446e-01,7.241658539537770833e-01,5.711086286659903255e-01,6.889134586547714934e-01,5.962302137861199558e-01,2.540616725851218560e-01,2.743833417307119382e-01,5.782951435216163727e-01,4.657737698699728757e-01,5.462718506053343415e-01,6.021004247229124751e-01,8.046676530595967547e-01,4.451847022506381646e-01,4.867091709070233141e-01,4.932633390469885470e-01,9.479924735516798151e-01,4.516948741516391141e-01,5.392695683761854486e-01,6.890822139590822015e-01,7.411000369692394285e-01,5.572136445960507341e-03,2.046315622667954082e-01,7.369466308598756621e-01,5.911743205645936250e-01,4.783902947531238348e-01,5.124497038645055014e-01,5.244965235073468790e-01,-1.923703872578228224e-01,4.363815440507966548e-01,3.017395715313349602e-01,4.909745958205033456e-01,7.982488385072673553e-01,4.966079104455999316e-01
2.395067196583171298e-01,4.793038514821735818e-01,3.480292633657372514e-01,6.768172409885563345e-01,4.099643209100616859e-01,5.069636352715847227e-01,4.390217398443612695e-01,0.000000000000000000e+00,7.273959431579619661e-01,5.638945652595884761e-01,6.051722573117729320e-01,5.852898906417653979e-01,9.284052528080155575e-01,9.275263816236207770e-01,6.516486095824584046e-01,-1.010772383340632352e-01,9.771374462626560842e-01,4.162102839728687997e-01,3.248522364365327153e-01,4.099453251579288082e-01,9.348796797609192355e-01,7.803523185997973677e-01,4.979181435752986218e-01,7.459185650250069743e-01,4.825012552137591948e-01,7.164311740195167255e-01,7.729532913763371704e-01,5.372482533084863565e-01,4.093576160839291211e-01,5.115383310653034421e-01,3.620105608701449512e-02,5.466065854281241254e-01,6.117250884642631004e-01,5.306588411535665406e-01,2.170920979503968562e-01,5.885118680290009063e-01,3.807613059497882979e-01,7.391660608218757478e-01,7.762969334905055474e-01,5.407460291615764358e-01,6.654103947711762501e-01,7.656561939773937064e-02,5.029707194168806517e-01,4.495979550141014358e-01,4.182109643755813067e-01,4.849511629594991935e-01,5.740146608345179091e-01,2.384720956268608361e-01,4.361383625760908433e-01,6.531934707982928190e-01,7.426736901794764867e-01,6.504212153209518732e-01,7.566725122407320647e-01,5.255356671223816445e-01,8.004212259669495344e-01,7.983828627398746880e-01,4.906283226232829864e-01,8.679734882817035091e-01,7.665890342787449185e-01,-1.263405175707955075e-01,4.003744996476832352e-01,4.970073611855698181e-01,4.294353416145636482e-01,6.155523959617822394e-01,9.314255417329979636e-01,2.940323169615846055e-01,7.196947811405176587e-01,7.142467576250346450e-01,6.966738008873071264e-01,6.904965450093815127e-01,4.333640672145320227e-01,5.287836858904200188e-01,4.005040785993787544e-01,4.538913937130938936e-01,3.473767699283902277e-01,4.685057281715256372e-01,5.583755633848240807e-01,-1.979184535353021024e-01,5.194065981286895006e-01,5.066186323515279311e-01,5.643009785424153435e-01,6.915859146820230174e-01,9.321338270347749866e-01,-8.694842749848027963e-02,3.266639767245158588e-01
8.115106810580560159e-01,3.361591172803791716e-01,8.059476715669593450e-01,6.532919174105412674e-01,6.134594653706579859e-01,9.520601927944435383e-01,2.627993870865100723e-01,7.273959431579619661e-01,0.000000000000000000e+00,7.377438667888531754e-01,5.821597652482404239e-01,1.785901858842962597e-01,7.443213830655555086e-01,5.580076561315407968e-01,7.092952360566501246e-01,6.253336700449966257e-01,5.545784060356120371e-01,5.543870156212081790e-01,5.341213121548377130e-01,6.081541448719184340e-01,6.541397602419476431e-01,6.415303015175681800e-01,6.538170953093183080e-01,8.367460095439034351e-01,2.101341603699945770e-01,3.522267463822468248e-01,7.503516866474917446e-01,5.287083975250301826e-01,5.515026030934472301e-01,5.533227125181450212e-01,2.873666752974398664e-01,3.117631547501327205e-01,5.029003361502533131e-01,2.660613763573944079e-01,7.538939493401755065e-01,1.698634247130214325e-01,5.042541042667388895e-01,3.323222550433532207e-01,6.724312594792491993e-01,8.109139072989649533e-01,4.434320336001508767e-01,7.311134874131481887e-01,7.778042799600898283e-01,3.598276811772727068e-02,8.972755420096317769e-01,7.993136505979427930e-01,7.162547143871462740e-01,4.158715712203642223e-01,5.321200092959651462e-01,5.014027690501824397e-01,3.924732220333623234e-01,6.478282580381991007e-01,4.292486862736184516e-01,4.004587773538427209e-01,3.219930685541904092e-01,4.884731006122362551e-01,5.380601307075921769e-01,5.576423676021065035e-01,7.411287616994073346e-01,4.440568588226752600e-01,3.007400346331005059e-01,5.086738545835867153e-01,4.709886999091869586e-01,7.456961584347979732e-01,8.312603326091313471e-01,7.496871086508932747e-01,4.690710192340301621e-01,9.588822873460509655e-01,3.809209947542635533e-01,7.564669899529712360e-01,9.128662003198021457e-01,6.995127255051493131e-01,7.851016082900688087e-01,5.127167400427879995e-01,7.363428543117442882e-01,6.173761719926391667e-01,5.006336894296498086e-01,5.040051525188140591e-01,1.743827828885570475e-01,1.878250038184016424e-01,5.929064208713310524e-01,8.782468000729739543e-01,7.536917992746424710e-01,-1.482364144468403810e-01,5.906714425828896164e-01
9.952319300698375670e-01,3.206963621323026814e-01,2.786981002881647740e-01,7.942795928219161805e-01,9.429006636638346261e-01,4.178468601611623479e-01,5.358972412879037250e-01,5.638945652595884761e-01,7.377438667888531754e-01,0.000000000000000000e+00,9.699416653861825388e-01,8.868594893788094291e-01,6.407274654836717653e-01,7.490125790522806914e-01,5.794744020392770256e-01,6.135743205294613700e-01,8.868832173681989728e-01,7.133175477088788963e-01,7.131502257423154578e-01,7.076154914019571196e-01,6.008103493322203281e-01,7.669481145475353090e-01,6.313333602199615591e-01,7.514594945776247314e-01,6.211354497406396113e-01,7.725129737436144950e-01,8.836527416454870165e-01,3.445995708343928543e-01,7.106279603415246449e-01,-3.095257182362817772e-02,4.392624394134723720e-01,8.250164073122359110e-01,5.893514905938799231e-01,5.306909561168852152e-01,4.728999616289467633e-01,4.135385371385406628e-01,4.224980894158459899e-01,6.188012181860346184e-01,-2.010759274525930618e-02,8.337100809954413050e-01,3.363565458822857096e-02,6.390788446472219775e-01,8.399081246415293078e-01,8.604751193648728647e-01,4.732719023074298814e-01,9.284047571917578567e-01,6.712073508897002938e-01,2.389790950713152617e-01,4.727114110522414592e-01,7.767253935100797424e-01,1.733895070361491375e-01,7.309121977346365595e-01,8.298177605333494355e-01,-3.345939971490249909e-02,3.854549626275829421e-01,1.045757609332530758e-01,2.077813669482544978e-01,3.157208416556248065e-01,2.082744110915233926e-01,2.979603613934654338e-01,4.009251543161621578e-01,4.316944754163147824e-01,2.031475501763805591e-01,8.907867818496002510e-01,8.761940050681232828e-01,9.190906882077496398e-01,6.580174815934749510e-01,7.873554468569090581e-01,9.908059993425737400e-01,6.214755587223760314e-01,3.472575837193401238e-01,8.292109581780828798e-01,4.112613914258347325e-01,9.156669102193425169e-02,4.769552946377804137e-01,5.555585916007558245e-01,7.055507672676394337e-01,6.618024610498822735e-01,9.189298613851566710e-02,2.008864572941822246e-01,3.761444720287605570e-01,6.567873483489764519e-01,6.296705182124008315e-01,2.034516007855722841e-01,7.323582620806881049e-01
7.272807663648794829e-01,6.982029102885000116e-01,2.524671217243587007e-01,9.637549472000482842e-01,6.540569969265772610e-01,7.945376711095584188e-01,6.207634829887807015e-01,6.051722573117729320e-01,5.821597652482404239e-01,9.699416653861825388e-01,0.000000000000000000e+00,1.632287142596027252e-01,5.456662376561973726e-01,4.193017395084146504e-01,6.565021580136939372e-01,3.354473769458131138e-01,6.769386065612619241e-01,2.897704185310863711e-01,7.263906326981226513e-01,8.698745456357638295e-01,4.549248285136687220e-01,7.585950585378753441e-01,4.629438571047506668e-01,8.523048908442864002e-01,2.647614575203589560e-01,9.641268300518979206e-01,6.578708435348060712e-01,5.259880680407673648e-01,6.161296243177917242e-01,4.219180832874910303e-01,6.321648226624200229e-01,4.190933399343838017e-01,8.922602618957090614e-01,3.473561142752877862e-01,5.479478061392700772e-01,6.185019376096139165e-01,5.092273706695911173e-01,7.429814787749041693e-01,8.075956844333521678e-01,4.911429619291912685e-01,5.323723026171516270e-01,7.067818602781127391e-01,7.351775310738333236e-01,7.667466972359925359e-01,8.344499539282445033e-01,7.855045135361229391e-01,8.981587007870126538e-01,5.704990998206593833e-01,7.487263686623493175e-01,7.958967466589521589e-01,7.683245466334909235e-01,7.766542823946268603e-01,2.163371169270814631e-01,5.418160842949983902e-01,7.081084733161331357e-01,5.747609933487987099e-01,6.983095540724674199e-01,5.820456089451896409e-01,6.598640533760030680e-01,3.617242485708915267e-01,6.737879271094880940e-01,2.590791222412556771e-01,7.665876423507952397e-01,8.251339717511422256e-01,6.737053244071434799e-01,9.374977972373009782e-01,6.925110195295652860e-01,6.669043525617027734e-01,4.667921037387559591e-01,6.090779606895492249e-01,9.132045245233505470e-01,8.179858390715444294e-01,3.998986960521849210e-01,3.571008150681439508e-01,2.229918804023231227e-01,5.065705793111336952e-01,4.849150843497189722e-01,5.091455396811964684e-01,9.468225750018698095e-02,5.369205580263707311e-01,7.837319168313167106e-01,6.460517331029724808e-01,6.383383907213195929e-01,4.426745514517965718e-01,6.964208641133927680e-01
8.778808194508236351e-01,8.082161694018052955e-01,8.379477873640537311e-01,5.625099790459391347e-01,6.344114770800681757e-01,9.764903500445016871e-01,4.292194912392569006e-01,5.852898906417653979e-01,1.785901858842962597e-01,8.868594893788094291e-01,1.632287142596027252e-01,0.000000000000000000e+00,4.563139957527470592e-01,1.154495310712451012e-01,4.558903641995061817e-01,5.288681741519204449e-01,9.309316066509509824e-01,6.226781987271555741e-01,6.625512434097671766e-02,5.730151793567994645e-01,7.484412614005603315e-01,2.347259879594539855e-01,5.710786502809716003e-01,4.121370150612193584e-01,6.299402940820679753e-01,7.759492649013870480e-01,9.528018464174619062e-01,7.835061862740326788e-01,4.464709475327951482e-01,1.639092394307427036e-01,3.658098806034707495e-01,4.477467832923927582e-01,3.357443982795582649e-01,4.167081002802333067e-01,2.482444433217260715e-01,4.337685208093327027e-01,-2.933559567030101789e-01,1.210107228766812981e-01,7.089428351324915667e-01,7.807060228696267590e-01,4.581332567486645080e-01,4.485340120849088397e-01,8.008045660969637103e-01,9.262287156074122674e-01,7.338085467166077791e-01,6.588354137757674867e-01,6.065555275986441730e-01,4.748021303633924162e-01,7.885263194461573644e-01,4.248859887761995413e-01,2.040217879501800557e-01,4.292761334767569159e-01,5.298889119859624408e-01,6.432715635068049220e-01,3.343254335925296417e-01,5.754464935812115822e-01,5.258509097053516435e-01,9.412411244299863089e-01,3.149785568522448509e-01,6.596957479911497169e-01,6.746456424497070392e-01,2.825277647261251746e-01,6.578775216512261492e-01,9.647580955528176627e-01,7.522086251634272358e-01,1.876308103978978903e-01,7.385837986239633945e-01,2.652457894461739407e-01,8.483749381487758201e-02,6.690034684564353240e-01,9.257198615883981407e-01,4.230952378446514173e-01,5.008292472776996185e-01,1.546237363577664115e-01,4.126838992999269928e-01,3.733687997963486271e-01,-1.613499995752163962e-01,6.048834543017672649e-01,3.750732302485625946e-01,-7.978793949483503622e-02,5.378787921196725996e-01,9.468470845475371878e-01,6.708030703844228837e-01,4.936426558565462086e-01,5.593934795773712887e-01
6.342767619113880428e-01,7.320336575529735601e-01,7.470129518623813691e-01,7.081308021743526471e-01,6.191599195650104859e-01,9.248391356387078988e-01,5.187866716128727296e-01,9.284052528080155575e-01,7.443213830655555086e-01,6.407274654836717653e-01,5.456662376561973726e-01,4.563139957527470592e-01,0.000000000000000000e+00,5.597749840031054358e-01,4.666962825196135367e-01,7.221288156035639005e-01,6.617554542676207241e-01,7.326685115197193454e-01,9.929881227357477691e-01,7.515584080776849252e-01,6.637855678253012925e-01,3.624473948342449292e-01,3.350256645053296678e-01,6.478409422289811426e-01,-6.729511254916933916e-02,7.948864761281078106e-01,7.585427774607900187e-01,6.107160811658751687e-01,3.350175043700476252e-01,6.681927449532023555e-01,3.074003924547645261e-01,4.865089758475118487e-01,2.279328990837715396e-01,7.756702645042556910e-01,5.178521402090352499e-01,5.650505530901670515e-01,4.058789065300668075e-01,4.663846851253039549e-01,8.208773479621727098e-01,4.374060980597870296e-01,3.669824568521896646e-01,7.969582379422757157e-01,5.012369052130563052e-01,6.917063194055791397e-01,7.359775548982422366e-01,2.650682661974632093e-01,9.222318281624735103e-01,9.603670209151107251e-01,6.863381464086891759e-01,8.647989225448275974e-01,8.058777157240939459e-01,5.104356253245051489e-01,5.652697460306250754e-01,6.794059962416718612e-01,-1.547612831198927619e-01,6.457547454574690260e-01,2.101354716073505491e-01,3.920042605643287992e-01,9.040687397957101190e-01,2.948292736760497190e-01,6.605111188613852491e-01,7.093254296990856300e-01,9.229232199475165821e-01,6.791896590906760789e-01,7.007315340798236925e-01,6.079494816721224826e-01,9.625018179589708289e-01,7.494653167227465218e-01,2.627960610484238457e-01,8.925646735955999889e-01,7.572083954693834551e-01,8.675973667647701726e-01,7.696365884980389538e-01,5.420283101684617577e-01,7.582878476444324667e-01,3.448902477417548074e-01,8.466055267024991116e-01,6.070471425152424993e-01,3.459974687056752707e-01,1.348437059270387317e-01,6.206270472580606157e-01,3.283513887348269433e-01,3.645803200073688410e-01,5.685764427090712614e-01,7.181030826237954079e-01
6.909517633825916771e-01,4.870417640352178168e-01,7.252360359436844650e-01,9.935594984975981703e-01,8.104257360779586472e-01,7.771178501585936926e-01,6.594348395530096330e-01,9.275263816236207770e-01,5.580076561315407968e-01,7.490125790522806914e-01,4.193017395084146504e-01,1.154495310712451012e-01,5.597749840031054358e-01,0.000000000000000000e+00,6.175175984751450908e-01,8.091734033042127239e-01,6.720402698154401833e-01,7.204214268170456847e-01,4.678167169996063635e-01,6.846035368251117692e-01,9.103691851956192682e-01,4.511366720192322433e-01,9.368881708216113546e-01,3.873451659294379068e-01,5.157066991174616977e-01,7.734880268139275872e-01,2.188066416110095169e-01,6.141848404880828616e-01,2.009998713456702391e-01,4.429853986651288711e-01,5.390240928115838104e-01,6.678788562848795296e-01,6.328373144171000053e-01,4.938127160000960747e-01,8.639913161336210123e-01,2.914699211386760913e-01,1.122563575679926262e-01,6.127140962542563241e-01,9.329073479386685852e-01,8.246514709528629528e-01,3.158805983543723217e-01,7.899563152817026257e-01,7.283919943379849604e-01,3.314024655480553028e-01,7.072385004525991725e-01,4.336412952142357780e-01,7.980087957155552747e-01,9.824827075436173285e-01,7.361485589888276948e-01,7.410669661787755436e-01,5.477256192749225816e-01,7.544440118656348115e-01,9.380119874940315849e-01,2.943305646965830302e-01,7.349099015465665463e-01,8.644392076458249363e-01,6.935296130960129091e-01,7.698935488306692942e-01,9.644584516064877988e-01,1.723592239165784856e-01,6.578937499992907334e-01,7.635526637169020026e-01,6.014793913384894886e-01,2.709435370893269468e-01,6.227380298350100318e-01,6.774947410693991090e-01,7.591611380459192260e-01,6.653604920489524233e-01,2.802214102657109018e-01,8.471580572713133250e-01,6.788741511519904570e-01,8.457562905872401116e-01,5.338811123011201198e-01,2.859188444290053366e-01,6.291455420003244647e-01,8.884776217644351215e-01,9.511681088860215461e-01,5.092286512898928086e-01,3.876883996520653630e-01,2.530446793248331550e-01,3.301292632822062645e-01,7.999109563164481518e-01,1.134320026186661640e-02,7.658007133803559352e-01,6.961889159336994704e-01
3.894992579796439092e-01,1.106854338142281846e-01,6.246779867852352286e-01,4.666503979826938098e-01,4.852170814105681296e-01,1.183819765212179576e-01,5.930186460710391572e-01,6.516486095824584046e-01,7.092952360566501246e-01,5.794744020392770256e-01,6.565021580136939372e-01,4.558903641995061817e-01,4.666962825196135367e-01,6.175175984751450908e-01,0.000000000000000000e+00,1.010419114775258226e-01,2.059120431481316627e-01,5.285276514833974204e-01,5.418174439214085147e-01,9.309769388120340272e-01,5.363237553502100408e-01,5.341607515388769878e-01,3.735333102333842081e-01,6.185580144131976876e-01,6.762135086433425091e-01,6.853430278340028048e-01,7.240239568390954839e-01,7.153286886602393535e-01,5.732376325272284245e-02,1.303617270678601447e-01,4.989037430589699507e-01,7.069831664533227089e-01,9.281931342520709505e-01,5.052579450680481088e-01,4.768353749074755177e-01,6.280850972488107864e-01,1.397599652038266360e-01,6.518265577365056629e-01,5.421969222384588338e-01,7.827490933468497225e-01,4.919591941522857281e-01,5.083725385894330984e-01,8.440705789441937945e-01,7.551083669369008655e-01,6.008022198798325109e-01,9.438756433131679779e-01,7.441637344111806662e-01,1.724705046778715611e-01,4.168741902405129207e-01,7.262739294204807461e-01,6.225589430620285247e-01,6.337361844054627547e-01,2.186899618467442186e-01,4.831842168064867660e-01,9.622627841387982883e-01,9.924547971471667784e-01,5.498996937186443335e-01,4.676035983313098221e-01,7.656015620061457083e-01,5.617250568216207718e-01,-5.080390444784138593e-02,-9.006934728857773909e-02,7.447216393592904771e-01,8.670557355001262678e-01,6.196732635123542998e-01,6.306724360952600250e-01,6.817592715189175756e-01,8.397939240990810461e-01,6.892255363918590172e-01,5.624842547807380466e-01,7.474099587130150768e-01,5.076293276068015725e-01,3.210368509734887188e-01,3.504607639268594310e-01,6.964482474789940314e-01,6.558483039429866546e-01,9.395299176894659210e-01,2.301096100849863435e-01,3.491102625530873027e-01,4.369294030428914205e-02,5.453235166538512591e-01,2.553680156412533320e-01,6.988564225789528628e-01,6.790022938924820950e-02,8.321519494388505134e-01
8.646638887594423339e-01,5.710796192397158411e-01,5.574718717739403084e-01,3.950891002687368370e-01,9.310688587784325954e-01,9.070881786864010143e-02,5.497028738167570872e-01,-1.010772383340632352e-01,6.253336700449966257e-01,6.135743205294613700e-01,3.354473769458131138e-01,5.288681741519204449e-01,7.221288156035639005e-01,8.091734033042127239e-01,1.010419114775258226e-01,0.000000000000000000e+00,8.715419494453338078e-01,8.483925904621281155e-01,9.473552703931370500e-01,5.624664409943773702e-01,9.756540671284705812e-01,4.770106298234850217e-01,6.978070310091836204e-01,6.967194695139080629e-01,3.863448875032418628e-01,8.279353904424618937e-01,3.640024255788755214e-01,6.754781749636400434e-01,4.145231792527808157e-01,5.173867963168460316e-01,3.040619612335267452e-01,2.667792943644962250e-02,8.133041654160783063e-01,5.385144846494673843e-01,6.376327080860912933e-01,2.349793742558689558e-01,2.471546802550572686e-01,7.279396784818388255e-01,8.932125311889784758e-01,7.071881972636072655e-01,5.582574133257052207e-01,9.656507785042081071e-01,9.722531462031338556e-01,5.803486731973575008e-01,7.663422685977053783e-01,4.824485215683630979e-01,7.587466156028738196e-01,4.618309988885901385e-01,6.609985066825706523e-01,7.849379526894565418e-01,6.046770891940787124e-02,6.772865427190855048e-01,7.616507742243588952e-01,5.378005695051149004e-01,3.171300148351358650e-01,2.054392523970058893e-01,7.787798820232211261e-01,5.585224927215916013e-01,5.346403500529652852e-01,2.994901687779408794e-01,4.241379443546368089e-01,4.989122668881792455e-01,9.784758640419278786e-01,9.196589844858118479e-01,9.858480899226171879e-01,2.199946546327868901e-01,9.529260076581315131e-01,9.228871665102273969e-01,6.376680940105230455e-01,5.392357386036915612e-01,4.610894102542795747e-01,4.254849992655079238e-01,9.172217621343792260e-04,8.855005850639285914e-02,3.250031367050120190e-01,6.038506286698237524e-01,5.863324564463749944e-01,3.803802344079967868e-01,4.648860369982011909e-01,8.929576342735406902e-02,5.999778973728600029e-01,4.846279534197856509e-01,6.760513241505168303e-01,5.165058599361471714e-01,3.266638508146719744e-01
2.610388150274407515e-01,6.202176045104342839e-01,7.308971493072682346e-01,3.122855074118192076e-01,8.809054425015147016e-01,4.792886841068615955e-01,8.385022274422467836e-01,9.771374462626560842e-01,5.545784060356120371e-01,8.868832173681989728e-01,6.769386065612619241e-01,9.309316066509509824e-01,6.617554542676207241e-01,6.720402698154401833e-01,2.059120431481316627e-01,8.715419494453338078e-01,0.000000000000000000e+00,8.038283653019335784e-01,7.766003415951749922e-01,7.087312959018093883e-01,9.718067479061448521e-01,6.793209636706091237e-01,7.028749160879703695e-01,6.452853311994425356e-01,4.708111629931126529e-01,4.590463703833786435e-01,6.113227234862412818e-01,9.945627108149406315e-01,5.106585782971342358e-01,2.759669937112830818e-01,3.449461567989751676e-01,7.282268481158584716e-01,9.944506634975864845e-01,7.018486306713810352e-01,8.629213965971463951e-01,8.555782896353657241e-02,1.323245233631188122e-01,9.886688916059946930e-01,7.357448715439653952e-01,4.711247279868934767e-01,5.312008313951182004e-01,6.294585817329466648e-01,8.468656940410620448e-01,7.250108028330473076e-01,6.176647617541504154e-01,8.195349504467108748e-01,5.565377691448123443e-01,3.584107873209829709e-01,8.658230136722585568e-01,3.849416271403642842e-01,6.720668073714618496e-01,4.097961408178255049e-01,4.902787887751984264e-01,-1.098353421245572281e-01,4.352836059049847717e-01,9.250461523826323251e-01,7.075366035022890854e-01,6.267439153106796335e-01,5.019895652747913273e-01,1.279924048285374649e-02,2.516853181790681404e-01,7.007764207128285294e-01,7.205586710224017866e-01,9.048478651653411031e-01,7.855390001150548418e-01,4.379115324289198918e-01,3.421885989329851441e-01,3.477586933222498455e-01,3.689733047017933476e-01,7.425674139578549715e-01,7.547899430186355563e-01,7.527374002091538063e-01,4.690289110326531508e-01,1.364778708200458657e-01,9.926354051536443457e-01,6.879388543552366064e-01,4.411292053256402057e-01,6.345402075089863203e-01,1.503244532514809439e-01,1.905770091202069472e-01,9.937006698132389015e-01,8.095649409863447943e-01,9.146313970272026972e-02,5.526021473008700946e-01,9.669801444319225947e-01
5.528986137227339670e-01,4.602721104445717804e-01,4.118326987330838129e-01,6.873147980345452046e-01,5.023336085924465927e-02,4.116244330398189377e-01,4.374617590819553925e-01,4.162102839728687997e-01,5.543870156212081790e-01,7.133175477088788963e-01,2.897704185310863711e-01,6.226781987271555741e-01,7.326685115197193454e-01,7.204214268170456847e-01,5.285276514833974204e-01,8.483925904621281155e-01,8.038283653019335784e-01,0.000000000000000000e+00,7.554559556220978855e-01,5.713196890968889052e-01,9.137389126870359979e-01,7.969175284575459317e-01,7.326941770736912218e-01,6.053420279072195820e-01,7.535499733916336540e-01,4.516623568619709261e-01,6.130987026102168169e-01,4.024527982879079757e-01,5.058191922069972257e-01,3.902433912600458688e-02,-1.743602670517753750e-01,1.660948872622755035e-01,5.605754040990709175e-01,6.836491130811715999e-01,9.590678427432356434e-01,4.823757706879911455e-01,2.613951776676319838e-01,7.803617618777376475e-01,7.740661682710595626e-01,6.982079084369563482e-01,6.053500135810260252e-01,7.243149465464259196e-01,9.970075788147580997e-01,1.131475897489176985e-01,6.662105404047879986e-01,7.774770382125928414e-01,7.045679613928061691e-02,6.124168487187543475e-01,4.882915155956976117e-01,1.875917950925948263e-01,9.561501713333868668e-01,5.330697124231131845e-01,4.077638631661321122e-01,7.534493769202716962e-01,7.121378389809842613e-01,6.560709814003806706e-01,1.381965612019212530e-01,3.243254831817570238e-01,8.469018959320394613e-01,7.932325959975531360e-01,4.630941432192882123e-01,6.758344119176732390e-01,6.535871882865769145e-01,7.360343455516275002e-01,9.494867263634231280e-01,6.381360264252394776e-01,7.202898912355514272e-01,7.536542403693768932e-01,6.299988206336024632e-01,7.959410822665402563e-01,4.424397932989880822e-01,6.431170699430162063e-01,7.184088854231812649e-01,7.173791620883449571e-01,1.212830352558154773e-01,5.839236338505906510e-01,4.271923882765303326e-01,2.418149786623013664e-01,3.507092207893838243e-01,3.458819977373633892e-01,5.071426462617398823e-01,6.957127273309656745e-01,7.641756108615569421e-01,4.249692346479893024e-01,8.045412167353178656e-01
