0.000000000000000000e+00,7.736327975562306003e-01,2.139009912363742105e-01,9.358682830975737499e-01,7.571731756147742631e-01,7.455975314502385487e-01,7.625255513105313465e-01,-1.098363031793223032e-01,7.301970991616268947e-01,7.799018825666450550e-01,4.768564810135901832e-01,2.109583891513293896e-01,-1.111971349121596703e-01,5.551888954498036544e-01,6.039897831115516036e-01,8.896740076484807025e-01,7.703355367447149993e-01,6.823929794156827766e-01,6.306289925172490207e-01,6.417841276179896415e-01,9.637102475490531006e-01,6.970311048366327755e-01,9.171909810946490271e-01,8.532548264731640852e-01,9.526405054323070498e-01,8.010613151567335111e-01,7.989706197890119599e-01,8.378981259273337034e-01,6.134619504510326893e-01,5.559410308907904996e-01,4.810747368556170245e-02,4.722393216623705925e-01,8.477799710396354271e-01,6.824235565333267584e-01,8.188267764326829790e-01,6.568978218096176436e-01,1.328073116958965461e-01,8.541437600979436828e-01,9.341056123363491448e-01,4.864861362841007564e-01,7.022703400243129890e-01,8.438779788992649689e-01,6.577856673717883407e-01,6.953270288889208395e-01,8.691788654717353957e-01,9.493730896722594181e-01,9.221276569543186419e-01,6.288002289130347755e-01,4.245139367544777942e-01,6.436709136128113684e-01,7.165666842690849858e-01,3.742737377760304573e-01,6.443714163781621984e-01,4.885912283656796973e-01,8.990007340695160831e-01,5.145140611806743314e-01,7.055295227515819834e-01,6.264889211671200719e-01,7.158634733405452311e-01,5.515606322604480471e-01,4.129994628709314775e-01,7.681963658288554209e-01,1.729822326805645905e-01,9.027299929292147418e-01,9.196788436794475219e-01,7.660423871720615230e-01,7.696345511223029456e-01,5.772105498373316657e-01,4.371374733833853776e-01,9.406271208676979523e-01,4.073876746594198295e-01,6.599124021702211795e-01,1.613798158650358305e-01,4.996827052418961190e-01,4.888510183911396467e-01,5.416556370504060913e-01,6.895433522888277933e-01,8.363400347265802504e-01,7.284843382101746645e-01,4.232727789078863934e-01,6.111517093408020962e-01,9.612507231297398036e-01,4.601618329943408248e-01,3.019150888838462166e-01,5.174127784673098196e-01
7.736327975562306003e-01,0.000000000000000000e+00,4.160796905390243827e-01,6.047279800375237047e-01,4.401002298462282081e-01,8.219267903770782757e-01,2.114535191965186134e-01,5.810191648786208196e-01,4.494726750364145818e-01,4.551830225477594416e-01,6.390039133016797157e-01,7.081577539748989958e-01,4.601175447301019683e-01,7.480326518561161153e-01,6.461773865553761542e-01,8.870385807153068070e-02,7.310536381012093798e-01,5.395547219904293090e-01,4.491494854384068258e-01,9.355763399763696864e-01,9.460961339760940447e-01,2.107350342869060422e-01,6.059764676391483640e-01,6.614919313036626836e-01,4.980966125991553861e-01,5.778038411319392775e-01,8.653602705254938021e-01,6.289135433359829275e-01,3.723017384031075405e-01,7.899278347266226463e-01,7.796872380121769863e-01,5.180321208522480347e-01,7.521643185423839695e-01,2.400539538356312452e-01,3.382663266902691257e-01,2.505161803250739450e-01,9.462708165816061112e-02,4.194070851084867879e-01,8.924520854806610171e-01,4.096238032942194907e-01,3.124263655145382845e-01,7.827086927207999034e-01,8.988596389407209619e-01,5.142913889755895696e-01,5.645431792522325187e-01,2.409412895042375435e-01,7.661743305890561517e-01,7.047162538729886405e-01,8.314789131201976158e-01,7.378325257971066753e-01,4.533091711504399490e-01,6.858759998206045427e-01,5.570261598240160428e-01,5.871392771718835224e-01,9.665020624205113986e-01,6.360455984717049427e-01,7.307656286395661782e-01,7.025992223664322411e-01,8.423522002900848404e-01,3.978803114997395696e-01,5.626200881433396361e-01,4.404282403507815413e-01,6.310446652970918002e-01,7.335400840201892203e-01,6.063794083529950862e-01,4.209697764897910588e-01,4.990307099458350382e-01,9.745668472916964031e-01,2.203180672608770485e-01,7.305643784480952974e-01,6.007298372269479492e-01,3.274031127022402066e-01,4.447602058758095556e-01,-9.347860629643955921e-02,5.163144874313658761e-01,5.828867546961685742e-01,7.918667826024445855e-01,3.002644276365025178e-01,3.570789131163183971e-01,7.512652594007946938e-01,7.272620192478155277e-01,6.710594621312908625e-01,9.918457699778473469e-01,3.404359307723466843e-01,5.975256971436280207e-01
2.139009912363742105e-01,4.160796905390243827e-01,0.000000000000000000e+00,6.367450661804636702e-01,9.833539326446449902e-01,7.729704467766335130e-01,7.908511271155722611e-01,8.061743051492225032e-01,4.705166400258662396e-01,8.233415611403895884e-01,9.298899596334289086e-01,9.761502333395180031e-01,4.492013643211135165e-01,5.941513311729269553e-01,9.598809267045805838e-01,6.265749315841125933e-01,6.717063742961115747e-01,7.222315925763437283e-01,2.673467840082707214e-01,7.052371631419536158e-01,5.794851355044744468e-01,8.185795625082793459e-01,9.042304720032087184e-01,7.292816456403778957e-01,8.665718726954901863e-01,8.285184027225931391e-01,6.049456778290914771e-01,2.028580500729786906e-01,2.158095717054744622e-01,4.556036281493096030e-01,3.071478074520709867e-01,7.995794589128353280e-01,8.971879411967761397e-01,6.851488680624139294e-01,9.855077270315338867e-01,7.740632098428527064e-01,5.490224856840613121e-01,9.787224640652478769e-01,8.080938645335855597e-01,6.602417604102704951e-01,5.001386766324004141e-01,9.579572579635690088e-01,6.989135671316898391e-01,6.466371403268057483e-01,7.984703974732917375e-01,8.956831683754176154e-01,4.318010674137429117e-01,7.450679783252801558e-01,5.006137959920868852e-01,4.849088601208811911e-01,5.956820561774038847e-01,7.217763616664476523e-01,8.144074814136321727e-01,7.734578635391320400e-01,9.300262731136488270e-01,3.227999787445685054e-01,7.373249444237847117e-01,6.617144431245010061e-01,9.963344763950452432e-01,3.688364503173993114e-01,6.779125068143443400e-01,8.734436397935426699e-01,6.556930208938476223e-01,7.127333242683799863e-01,7.330204910183897304e-01,4.550610787486202707e-02,8.511224732022041328e-01,7.065671781531986939e-01,8.629985889789013598e-01,9.878840268972362004e-01,7.473646518856809084e-01,8.472883724674820094e-01,5.129905361907940442e-01,6.280945630532154267e-01,8.484205240421497374e-01,9.926647276961704236e-01,2.547948799186809943e-01,9.312578677714985487e-01,5.839678510743623319e-01,8.087500156806993676e-03,9.963478112429400291e-01,7.240625616040544665e-01,8.025184596735146503e-01,4.174877425999491964e-01,8.066579037731396173e-01
9.358682830975737499e-01,6.047279800375237047e-01,6.367450661804636702e-01,0.000000000000000000e+00,4.219878230276984388e-01,2.219031084361664796e-01,4.918161605085363819e-01,1.396168224271655267e-01,6.693457650485781230e-01,2.418985104160764343e-01,6.477260756067876324e-01,9.712810891303398364e-01,4.853042069146947246e-01,7.654416737088520772e-01,8.377926827020625300e-01,9.787906000866539724e-01,7.827286330368403711e-01,7.202256230565885486e-01,6.616715736049814112e-01,9.350519761178606171e-01,9.847941002825213452e-01,5.889461635667131434e-01,5.431530324676115962e-01,9.384931587616954785e-01,2.362896092429045414e-01,5.676461080024819417e-01,7.462363944486473111e-01,6.287341193468710676e-01,6.043215043461420688e-01,4.443089355964968679e-01,7.894492116540838822e-01,3.840609864393894624e-01,7.586938239946700024e-01,5.641281590742238672e-01,6.817873932399275416e-01,6.042007833025566654e-01,4.881202769735302344e-02,-1.934231081064878288e-01,8.092132241451061025e-01,3.008465519358917151e-01,6.488874572766762938e-01,2.025519943389634814e-01,9.036456484518746723e-01,5.014794596308990160e-01,4.916375857921275738e-01,5.202871074685725405e-01,5.451155414360082663e-01,4.586764399589681185e-01,8.514234612777281663e-01,6.092832648966459708e-01,7.004126119956196606e-01,6.484076833201350976e-01,6.627817553670254380e-01,9.870929937730877901e-01,5.303101915931632826e-01,6.257862817753493401e-01,6.126330333326925892e-01,6.248940221587092614e-01,7.061166935991496363e-01,2.690818375592148315e-01,2.622506923337232787e-01,8.482005455912903225e-01,8.788486471980002657e-01,7.939020559527747434e-01,5.804581383118671001e-01,6.621438356299057526e-01,5.486824461304216083e-01,8.906831847950172909e-01,2.232145154094569151e-01,7.543721493211453799e-01,5.729420497433456161e-01,9.902419923844822947e-01,6.887365542918183481e-01,4.713617932656160581e-01,5.809756621796211551e-01,9.982846923807997541e-01,4.282520925516487553e-01,4.884976189439599881e-01,5.605858238968564056e-01,5.518271086685505589e-01,7.803426399963856452e-01,6.237265790328091475e-01,3.118626877735554692e-01,2.839335855319718438e-01,7.682432061833021075e-01
7.571731756147742631e-01,4.401002298462282081e-01,9.833539326446449902e-01,4.219878230276984388e-01,0.000000000000000000e+00,6.510353200155535314e-01,4.582174354254062720e-01,2.785293276136220908e-01,7.339624684880456940e-01,6.694076075777648516e-01,6.531524325168230893e-01,6.451173607814566502e-01,4.136971742760009452e-01,3.809278408358736101e-01,5.194419406306201026e-01,8.743209332243191412e-01,5.431115294755954892e-01,6.749578118268511062e-01,7.249433536501879161e-01,6.797437181566412523e-01,7.529052339891924017e-01,2.682354630695619746e-01,9.601312470168161806e-01,7.794057620912978601e-01,5.876731094630318619e-01,7.245874507963037114e-01,6.552290115158100337e-01,4.641826485124655455e-01,5.137074743765910334e-01,4.397820189391926649e-01,2.446127802522796713e-01,5.789830674469264027e-01,7.092834952705369123e-01,2.999696850555830796e-01,4.605439252413194851e-01,2.975342230648299058e-01,5.272414774674729632e-01,3.654163984613039151e-01,6.294518572568590375e-01,5.963238791162823738e-01,5.319582598958688680e-01,6.954059622779594774e-01,9.727617941509809629e-01,7.380144704163625891e-01,8.625691049347743444e-01,8.001644617884754451e-01,2.837422716406829970e-01,5.306230062044500206e-01,5.693838864180585935e-01,5.571198922219805505e-01,5.699121174623819064e-01,9.785580686393107186e-01,6.208071522933827913e-01,5.367023060671258783e-01,5.722849497498135873e-01,7.191173046600891627e-01,9.172940205246667977e-01,2.626350007788170182e-01,6.326636644466053783e-01,5.091497355511588330e-01,6.075288029675675050e-01,2.075189814024810397e-01,7.565249910287316082e-01,2.681515500072313984e-01,3.463928922970579416e-01,9.123509517361421128e-01,6.151496467646365707e-01,6.533814122219433473e-01,5.694941465108411816e-01,6.214726913093910898e-01,3.875981399326436927e-01,4.688649581031220648e-01,4.010552709267416471e-01,4.636840715957602499e-01,7.005401659571194317e-01,6.242096883548281516e-01,5.518843289936905538e-01,6.790848810464452656e-01,7.075831371339076359e-01,3.791742088656347986e-01,6.870827191786907928e-01,8.959501779710409286e-01,7.630725136393481378e-01,4.701704724584405137e-01,3.816718272139854595e-01
7.455975314502385487e-01,8.219267903770782757e-01,7.729704467766335130e-01,2.219031084361664796e-01,6.510353200155535314e-01,0.000000000000000000e+00,3.334694997241073322e-01,5.481205263833193175e-01,4.785969737317442574e-01,6.065523768124059245e-01,7.002226267771678447e-01,4.302475208908507764e-01,6.470354987736104402e-01,6.454959022403059521e-01,5.577530744521137507e-01,5.510070113600425978e-01,8.449685806333104843e-01,1.768205253311644909e-01,8.812927908628518381e-01,8.581257438563828499e-01,7.899305364661224349e-01,6.830325596829944779e-01,5.783672435286444369e-01,6.906715531427707333e-01,4.373692585079750339e-01,4.371144108629279601e-01,8.773870671579451219e-01,8.885384712939063956e-01,6.780445412363411695e-01,3.266342826213041173e-01,5.701099789306602883e-01,5.159489444581462081e-01,4.507295385860635162e-01,3.419263296529616580e-01,5.047863698421641843e-01,2.633635266506152428e-01,4.718034887287770873e-01,7.612847665804098884e-01,8.151912881928261578e-01,4.966116783405445378e-01,4.793376548598352049e-01,9.523447682392516267e-01,9.872820489407396760e-01,7.993447432587243995e-01,9.885534915960775271e-01,6.679959526614926979e-01,2.100306081385890089e-01,6.009209693787240791e-01,5.892077387450610493e-01,6.602579047248480215e-01,7.485441056332111653e-01,5.695373974932003147e-01,5.419460903765128679e-01,9.308335539887814258e-01,9.232879791515706813e-01,6.863694757573356453e-01,8.897211719677246000e-01,6.380524774140513555e-01,6.964962122062496874e-01,5.453413369263323540e-01,2.185029249804579521e-01,3.119796723183949627e-01,8.343032248523871708e-01,8.930675626431904268e-01,5.476613302113031434e-01,4.067110518744165848e-01,9.639205188050251616e-01,6.660309273311753042e-01,3.114159743696017224e-01,2.426073269789182918e-01,7.126677191197673400e-01,5.819813827184668886e-01,3.031036692044306591e-01,2.676232248954392157e-01,7.445403710281852661e-01,6.771373768420854145e-01,6.528105076666315121e-01,4.961450969474257566e-01,5.652524591215450922e-01,4.755056160588082559e-01,7.870098244507026664e-01,7.568972169670993289e-01,9.407705461479132225e-01,4.669547826641097799e-01,6.878213372929392611e-01
7.625255513105313465e-01,2.114535191965186134e-01,7.908511271155722611e-01,4.918161605085363819e-01,4.582174354254062720e-01,3.334694997241073322e-01,0.000000000000000000e+00,1.502906560296051464e-01,4.944782599636472487e-01,6.978604655146271041e-01,7.665492245686800210e-01,4.863718803825357595e-01,4.794625091624572510e-01,6.187951072197757085e-01,4.251808307498142758e-01,4.533529717694358974e-01,9.479707184160802713e-01,2.636520831925229236e-01,7.959766023913705801e-01,2.814577242963728909e-01,8.556350893876039088e-01,6.826425711645239813e-01,2.201332370703530661e-01,8.668176212788920587e-01,6.730145685949955325e-01,4.527668899668232383e-01,6.333250555646842139e-01,5.459226579569568250e-01,9.552158085474463101e-02,8.383680018325909700e-01,4.421736511821388604e-01,6.360291937809678942e-01,1.749099343848574128e-01,5.105834094775442145e-01,2.243379123027161581e-01,-8.157791298678326863e-02,4.510804606744882594e-01,2.587227842779851184e-01,5.563126005898064719e-01,5.459542905695680126e-01,3.768860006793626205e-01,7.374571339056595898e-01,8.342666773721721940e-01,6.887401528815508822e-01,9.343590318940635520e-01,6.476989045557475233e-01,6.033909302049884626e-01,6.323128962251244323e-01,7.200360590201545508e-01,4.519518644612064984e-01,4.513804370989518699e-01,3.372768723243203537e-01,4.454237631665032282e-01,4.163893569896586766e-01,5.466377547272540660e-01,5.130468260582656814e-01,4.905474692296932782e-01,5.767628526557119217e-01,6.583899368249416240e-01,6.832928800643601752e-01,4.440649471488011812e-01,4.925295652584694150e-01,2.407748244208382238e-01,4.107688659820653565e-01,8.027253627358761356e-01,7.211640638991145824e-01,-5.267041323032686795e-02,9.351663922621209490e-01,6.233379603552435810e-01,5.951865960849303527e-02,7.758305342128543058e-01,7.321579913924280980e-01,7.116860740297752397e-01,4.898174232619937896e-01,2.286471905101939706e-01,4.983911044625355946e-01,8.827447916796776761e-01,2.526786857387363638e-01,2.350479584668417332e-01,4.295384435934422318e-01,5.475154486089754968e-01,8.929329008517171706e-01,4.327160365724603830e-01,4.459206611758900762e-01,4.718032097214377441e-01
-1.098363031793223032e-01,5.810191648786208196e-01,8.061743051492225032e-01,1.396168224271655267e-01,2.785293276136220908e-01,5.481205263833193175e-01,1.502906560296051464e-01,0.000000000000000000e+00,3.763686677964953597e-01,3.425967118194883643e-01,5.540710154253172259e-01,3.062464201616461046e-01,8.427037560716338360e-01,8.176629081030496460e-01,3.054868869086704852e-01,4.532905807931178477e-01,5.035288601599366975e-01,4.363630724910252390e-01,1.860365761140145846e-01,3.151672118252880628e-01,8.084443779866603563e-01,3.397937419152895488e-01,6.271643471754286825e-01,8.142955451285774915e-01,5.626133418224109617e-01,3.651643912215912086e-02,4.165170669745810739e-01,4.372319418066533125e-01,2.229746586300869748e-01,2.866993229587679326e-01,-1.411009644389773221e-01,1.959515559160765752e-01,1.393397764801193872e-01,2.172563559411713474e-01,4.572011032480182147e-01,3.998252600506235765e-01,3.529471299465880563e-01,6.552632048202724491e-01,8.064770180652521825e-01,9.596108784979697770e-01,5.282049304091546160e-01,5.929681201549659164e-01,7.935307116764626079e-01,7.295717577405260723e-01,6.446243513084959353e-01,4.325861543955279442e-01,5.500395793273702427e-01,7.464100149414780727e-01,7.551519342364496623e-01,3.981126318571812650e-01,6.843387545563908159e-01,4.094985957890811545e-01,4.984204730980072995e-01,5.863919874630021400e-01,7.518331485085607557e-01,7.828271258028762780e-01,6.179984052944202944e-01,2.012642130066538415e-01,4.861491500978999403e-01,3.354483811550319494e-01,2.316183300096338049e-01,7.348706528128110538e-01,8.247581571320237170e-01,7.724874499196107136e-01,7.346743045790307125e-01,2.870476197491194092e-01,5.959160564616112765e-01,4.171690458128620715e-01,5.150831566942747353e-01,7.414351319138603458e-01,1.200212236051719228e-01,5.400296639134964938e-01,2.424593644417775140e-01,2.473464427448058278e-01,3.731606495291724945e-01,2.893527687515407010e-01,6.428569565545846354e-01,6.508743423952775276e-01,3.038546523167354740e-01,4.565045213740666352e-02,7.223621961100816780e-01,6.135164616869352994e-01,7.837191093998169267e-01,3.939905790184607959e-01,5.602435973517440049e-01
7.301970991616268947e-01,4.494726750364145818e-01,4.705166400258662396e-01,6.693457650485781230e-01,7.339624684880456940e-01,4.785969737317442574e-01,4.944782599636472487e-01,3.763686677964953597e-01,0.000000000000000000e+00,7.194469685714894869e-01,1.778677823718744031e-03,7.093296201269756462e-01,7.351950807088954987e-01,7.558238314169170025e-01,4.356530087860370770e-01,4.464423317966446647e-01,8.388803009325960236e-01,6.000009356655382486e-01,6.289873625398066936e-01,7.502961191272810026e-01,6.723432397163315866e-01,9.543428194164387257e-01,3.314828608817887989e-01,6.584964338601686507e-01,4.813645994177980780e-01,7.441774759097948833e-01,7.429390382776416279e-01,6.290477823158093784e-01,6.676351172560794911e-01,2.745951012174018269e-01,3.144080917354616367e-01,3.470337443354086782e-01,6.150461901100068296e-01,3.902849208805304060e-01,5.569311219114754241e-01,2.786932835678075371e-01,3.539928079241604353e-01,4.106913754101872982e-01,9.337318592500987169e-01,5.993452795489291329e-01,2.755170085006803382e-01,7.218308452715052059e-01,9.776771419991292511e-01,7.785515891077676720e-01,7.981757521805019628e-01,8.534643691982679581e-01,5.306049965118793121e-01,8.287278164573951278e-01,1.891804194023091468e-01,4.658585801666021431e-01,5.765142669146845478e-01,5.757634467795014199e-01,4.031514423274313863e-01,5.510910739355636689e-01,4.873378922176555550e-01,1.626611598188147934e-01,7.352912176357326857e-01,6.727956359114436458e-01,6.997218489864521773e-01,2.121645693737104765e-01,5.004722253772395657e-01,6.267584003011575922e-01,6.644337540669184028e-01,6.189490214027201231e-01,7.606401675543484897e-01,4.489102779435765744e-01,1.998985546518401435e-01,7.248291632575447618e-01,6.986908263593805124e-01,5.398954514446656638e-01,3.267545616815041853e-01,6.574382813773599343e-01,3.498414309544136125e-01,2.517507290012178101e-01,4.237278509224928769e-01,2.531388036785100493e-01,9.742536153938471388e-01,4.341346980351598051e-01,5.750950062137287766e-01,-1.011219906607482844e-01,2.280984622169430209e-01,9.071578106259469143e-01,9.152161059525480979e-01,3.497134425601443608e-01,6.693222329303294416e-01
7.799018825666450550e-01,4.551830225477594416e-01,8.233415611403895884e-01,2.418985104160764343e-01,6.694076075777648516e-01,6.065523768124059245e-01,6.978604655146271041e-01,3.425967118194883643e-01,7.194469685714894869e-01,0.000000000000000000e+00,3.802374620413127015e-01,9.136394827836884502e-01,2.633383651593143027e-01,6.286085245303425495e-01,6.359265041912987027e-01,5.227170295665509725e-01,9.550628887437681014e-01,4.452143206383216839e-02,4.864892901197641617e-01,7.510522228739610062e-01,2.525302151306335618e-01,6.470520219888209468e-01,8.693798142531238282e-01,8.264151255856232448e-01,7.775571615495676658e-01,5.931588632447091225e-01,3.087865253058644788e-01,6.334437524184793888e-01,5.629582916967642570e-01,3.462203046828351422e-02,1.369131546633124696e-01,5.261747924523300091e-01,8.226327162746591704e-01,7.715861211717895962e-01,7.701477935657538021e-01,7.807874088817161606e-01,4.827266704370003492e-01,8.696226122612848997e-01,9.787777148300281782e-01,9.349638168430257634e-01,6.591145703352510044e-01,6.557084561948919310e-01,8.971052365384530880e-01,5.622254106652236905e-01,9.316487193141042011e-01,6.545063404757425207e-01,7.353916253563741456e-01,5.670234428925333692e-01,2.412021142731854417e-01,5.321156933770517794e-01,7.341639857104559352e-01,7.717883666489459005e-01,8.069115869558058929e-01,6.434261169424915217e-01,9.803448978904222288e-01,3.370771745942342523e-01,5.227805671416502209e-01,4.859981088921424552e-01,7.007662295032641708e-01,6.450325886182549373e-02,4.974669480496803908e-01,5.843397105090881727e-01,7.009280956149891439e-01,6.103729076348888283e-01,7.251813771378171625e-01,6.822578482691713520e-01,6.999871910770951722e-01,5.927955315409416670e-01,5.050873597631636569e-01,7.198668222963562346e-01,8.639679901282339980e-01,7.717933736538460376e-01,1.865241111648958949e-01,3.292971583059532970e-01,3.724223284507170995e-01,8.758507194287228348e-01,6.669296120215681967e-01,7.548528871140264274e-01,6.005335007505873124e-01,4.196764690039321843e-01,5.852074720068505265e-01,9.368716290805065849e-01,6.610846920850566022e-01,2.955350151867552899e-01,4.351425292782958865e-01
4.768564810135901832e-01,6.390039133016797157e-01,9.298899596334289086e-01,6.477260756067876324e-01,6.531524325168230893e-01,7.002226267771678447e-01,7.665492245686800210e-01,5.540710154253172259e-01,1.778677823718744031e-03,3.802374620413127015e-01,0.000000000000000000e+00,7.158570811249731491e-01,9.167779663660332590e-01,8.924354108249739070e-01,7.893761086449431197e-01,5.845882320087346651e-01,8.720328860954823513e-01,4.851998930798304133e-01,4.537361739618437917e-01,5.948922582432945028e-01,6.578784281679682655e-01,3.737755552442546536e-01,6.713315202485881095e-01,6.262663403378098126e-01,5.480431628108198838e-01,6.066231837274284056e-01,8.938374658214220947e-01,7.784128571477109126e-01,4.336632572325991308e-01,5.471770163809478449e-01,2.555137506375981249e-01,4.589980776481655811e-01,6.932535157488570743e-01,6.783823276658058621e-01,4.190720865753271296e-01,2.474347942689781588e-01,2.590118548861374270e-01,7.873983019628559843e-01,3.101822375216194486e-02,6.274414379142789766e-01,-1.443522925748296770e-01,7.804219457701697671e-01,6.613694991700804771e-01,6.027506184904148911e-01,7.478390363886764369e-01,3.207717520070621497e-01,4.601411130787371184e-01,8.030662786372869677e-01,9.388248821693778723e-02,4.676702495330484766e-01,4.736687732639869863e-01,4.974682180075858384e-01,4.301575047697457355e-01,5.571093452777234889e-01,8.505883415586720231e-01,9.688204956480371832e-01,9.216058348164828384e-01,9.757287243898369322e-01,7.991437874573581457e-01,7.108272914271904774e-01,5.017057190284396340e-01,4.619735739191334067e-01,7.840119933428925103e-01,9.445480362668611241e-01,2.921170109854581143e-01,3.178218993096434963e-01,6.534576936527018987e-01,4.145018477762851261e-01,4.865521704750688237e-01,7.911453441860381020e-01,2.850042590745399118e-01,6.300341807633523805e-01,4.602520321813515780e-01,3.777406749943831299e-01,-1.578232839852205249e-01,7.849685214510377929e-01,5.676672468688110929e-01,7.017711923831397858e-01,3.536456673286972885e-01,1.189836220700082603e-01,8.756987838834789928e-01,2.779307310859151503e-01,8.585511192573969108e-01,-6.519861533787946195e-03,4.965558499646093304e-01
2.109583891513293896e-01,7.081577539748989958e-01,9.761502333395180031e-01,9.712810891303398364e-01,6.451173607814566502e-01,4.302475208908507764e-01,4.863718803825357595e-01,3.062464201616461046e-01,7.093296201269756462e-01,9.136394827836884502e-01,7.158570811249731491e-01,0.000000000000000000e+00,6.896392763040877227e-01,3.998906204657156627e-01,5.225797965199223682e-01,5.372588490468998002e-01,8.531838495818665491e-01,9.362255064312238195e-01,6.844475788855682863e-01,8.225930988102031494e-01,9.417335045423682605e-01,4.428243214016792662e-01,5.495104406043538336e-01,4.485893481848992614e-01,7.276679446778493432e-01,7.007127040411382790e-01,8.129928690521228685e-01,9.593691203909421317e-01,5.089613911695692883e-01,5.950357476136979296e-01,5.304825508516358701e-01,5.976487619261816597e-01,9.977163833739246535e-01,4.397376693207398768e-01,8.466872167091027412e-01,5.394393413615250488e-01,5.797594453415538807e-01,9.782044882009339748e-01,6.325185842042407858e-01,9.178040258634848625e-01,5.655832628787292871e-01,8.038081299230778187e-01,6.571981697094952946e-01,6.625358953490053660e-01,4.532010623067222466e-01,8.839960174796791526e-01,6.414778527600133451e-01,6.799278020487946605e-01,4.798490671649910388e-01,5.816642473330896346e-01,6.244152439639245600e-01,6.808825519499773771e-01,8.957207224095989906e-01,3.844299456998667153e-01,8.478791364831443911e-01,2.957854348163408975e-01,5.595476580314390214e-01,3.107131823199015264e-01,4.060140188834956976e-01,4.611088663221679651e-01,7.104384088594479785e-01,5.190234066113401656e-01,3.111135868012359640e-01,9.852759256549765698e-01,-1.615793989257397756e-01,8.742531442116900919e-01,5.128879725095271125e-01,8.515514149089907781e-01,6.027980024620113175e-01,6.356834376040920720e-01,8.164149019049298239e-01,6.581332112531312895e-01,2.434320378255524220e-01,6.652317317294867971e-01,1.442443380179200541e-01,2.411144889235390942e-01,4.821903962907969077e-01,7.657697865427448569e-01,1.044344922464432585e-01,1.670452574708103377e-02,4.881866031890149116e-01,7.452298160481021227e-01,5.884326946087371502e-01,2.538873706242936873e-02,2.079055969915262481e-01
-1.111971349121596703e-01,4.601175447301019683e-01,4.492013643211135165e-01,4.853042069146947246e-01,4.136971742760009452e-01,6.470354987736104402e-01,4.794625091624572510e-01,8.427037560716338360e-01,7.351950807088954987e-01,2.633383651593143027e-01,9.167779663660332590e-01,6.896392763040877227e-01,0.000000000000000000e+00,9.131474829737517007e-01,7.431874693751521210e-01,6.875868765262760363e-01,6.247734446870477631e-01,8.836200749396401211e-01,7.461501415686591088e-01,9.778574963018621391e-01,7.162305797537229513e-01,4.059287537411694347e-01,9.455199622709885565e-01,6.147025749272660988e-01,6.895817910797571448e-01,7.643786703230960322e-01,8.353565530280688822e-01,7.699264105899286115e-01,7.609465033363854713e-01,3.153313569571291053e-01,1.840445088931954298e-01,1.134740427523474315e-01,7.168326312159508662e-01,6.843132009840732222e-01,9.742770549028878513e-01,5.930309432396567715e-01,4.376680235308845757e-01,7.754686425662138394e-01,8.120263491818996426e-01,8.204202402234742619e-01,6.058371122730273894e-01,7.751507270960797946e-01,6.687948041717313163e-01,8.988683974814580813e-01,6.148287685472064723e-01,6.396799398969766903e-01,4.646952363138098230e-01,7.036855728103001972e-01,6.534141793296821543e-01,7.090385485578591940e-01,9.264361941592753613e-01,4.684556660616128188e-01,4.409517376308384473e-01,8.336333793945805981e-01,9.173376671198072430e-01,4.387304899405871650e-01,4.044788324834404092e-01,7.551450613050169069e-01,7.414737331926271047e-01,5.572833366310672165e-01,4.166320799243645179e-01,9.094968410751000931e-01,2.008093239753416803e-01,6.781972736193685458e-01,8.343638714575388748e-01,6.299339755403771113e-01,6.365197185907751631e-01,6.313866238715200030e-01,4.690975552176832597e-01,9.787890712643855240e-01,4.170330162229233251e-01,7.494233429541318214e-01,4.042831514626107348e-01,-8.895838621801474555e-02,5.132119757800022164e-01,9.982918576241157638e-01,8.270823241759108768e-01,6.045158742904115368e-01,2.650084867908075736e-01,3.450304647770867650e-01,5.582420912380017253e-01,6.670568911266395729e-01,7.127323097609322700e-01,3.841566050750016004e-01,6.181467296080933593e-01
5.551888954498036544e-01,7.480326518561161153e-01,5.941513311729269553e-01,7.654416737088520772e-01,3.809278408358736101e-01,6.454959022403059521e-01,6.187951072197757085e-01,8.176629081030496460e-01,7.558238314169170025e-01,6.286085245303425495e-01,8.924354108249739070e-01,3.998906204657156627e-01,9.131474829737517007e-01,0.000000000000000000e+00,7.517231171327896089e-01,9.332948734235478883e-01,8.451803932156654042e-01,5.794419572130971030e-01,4.002149061656729012e-01,7.718530540384883620e-01,8.176652351348395742e-01,4.176978366414666466e-01,6.081760153833436489e-01,7.234707082117283194e-01,6.895254169807140121e-01,8.817224849280460575e-01,2.561103543758853629e-01,3.912389506092666114e-01,3.505451737845177718e-02,3.690018655756288624e-01,2.507916309401012067e-01,7.642566611864164416e-01,7.024732720282613752e-01,6.533575123217937319e-01,8.820447392580272883e-01,7.530134202638355534e-02,1.505274974405069743e-01,6.027420501722124957e-01,6.643769869756868118e-01,5.248453984809307027e-01,6.870261010320436457e-01,7.336046241276825697e-01,5.792593891326538458e-01,9.821493136673496993e-01,7.081527275185477421e-01,7.734374838146548248e-01,7.904224946062972101e-01,5.823428747713939035e-01,6.932988447939306687e-01,3.558705093805642483e-01,5.653023732229958132e-01,4.909843250702955464e-01,4.332112461162661576e-01,9.751936463902231012e-01,7.215613814067873832e-01,9.292115651699726087e-01,7.225984462906960282e-01,5.403465720163871389e-01,5.330347525011587262e-01,8.611211642331927096e-02,5.053583639004040062e-01,5.712342849987586124e-01,2.606262185223307548e-01,9.578142424716510339e-01,7.529872144499561992e-01,9.529027101901768049e-01,4.875740439832910167e-01,8.479326483948701476e-01,5.466434939747273347e-01,6.884425483836561499e-01,8.883562721476981894e-01,9.912481136087342160e-01,6.167867142455576435e-01,3.588142128717748403e-01,5.243528939553205870e-01,9.750406175507153606e-01,3.307799118964178664e-01,7.998886883144628035e-01,4.326950218470740350e-02,3.974536771900822885e-01,5.964361975150707096e-01,8.714952151550349191e-01,7.355091291264894693e-01,2.555022019415095769e-01,3.585442194765223745e-01
6.039897831115516036e-01,6.461773865553761542e-01,9.598809267045805838e-01,8.377926827020625300e-01,5.194419406306201026e-01,5.577530744521137507e-01,4.251808307498142758e-01,3.054868869086704852e-01,4.356530087860370770e-01,6.359265041912987027e-01,7.893761086449431197e-01,5.225797965199223682e-01,7.431874693751521210e-01,7.517231171327896089e-01,0.000000000000000000e+00,5.152109303736597257e-01,2.117821697720441709e-01,6.149386741412219415e-01,7.096373396062264360e-01,8.641944875646606627e-01,4.194767324245661233e-01,4.021469541699382866e-01,6.876740475919530526e-01,4.087648681631783631e-01,3.150634073675604441e-01,5.675492703394032779e-01,3.375891039479950173e-01,8.017264797404629606e-01,7.196805454664340074e-01,4.852813052146630057e-01,1.639644434834125752e-01,4.633056451739736570e-01,7.513224871013772788e-01,1.469312203174409082e-01,7.894222798240385641e-01,3.846205544579709423e-01,-7.226390636141072354e-02,5.068284439133176056e-01,7.101571362357885775e-01,6.994837747124421634e-01,4.886430034208273654e-02,8.103814025622124717e-01,7.019363227836048491e-01,2.351079187456258102e-01,4.777815309810766742e-01,6.825236100850712306e-01,7.106587239794839306e-01,5.147653601236942267e-01,3.084107471714337412e-01,5.306968959984584844e-01,5.333299033492999719e-01,3.747112002507095863e-01,4.272019970033614222e-01,2.472700346473678257e-01,4.108179937143659477e-01,6.791842705890848153e-01,4.980511581798193754e-01,4.496609423836172570e-01,6.862931249147029567e-01,3.026846312698357189e-02,4.552411894208052701e-01,4.423396604901801421e-01,7.322637068173630803e-01,9.498970793344030383e-01,6.806805888646001446e-01,4.685412159340494043e-01,6.828824792843685154e-01,8.220347634870924791e-01,4.973606295688568490e-01,9.570404065116353554e-01,3.805452360489600672e-01,7.182364864687802442e-01,4.002744611737567570e-01,2.349763174741914262e-01,7.972527910491425951e-01,7.454626336385727914e-01,6.816540893566783721e-01,5.362380493457103992e-01,6.349555399930605359e-01,5.859441766801565254e-01,5.677164770356690759e-01,2.480599472420148000e-01,9.885821572239561483e-01,6.714212794029127407e-01,1.667010580780565465e-01
8.896740076484807025e-01,8.870385807153068070e-02,6.265749315841125933e-01,9.787906000866539724e-01,8.743209332243191412e-01,5.510070113600425978e-01,4.533529717694358974e-01,4.532905807931178477e-01,4.464423317966446647e-01,5.227170295665509725e-01,5.845882320087346651e-01,5.372588490468998002e-01,6.875868765262760363e-01,9.332948734235478883e-01,5.152109303736597257e-01,0.000000000000000000e+00,7.553269124665903389e-01,7.147733189458895797e-01,2.635100157738958782e-01,5.412913217062769178e-01,2.830954303344111467e-01,2.366769425078472239e-02,4.796665562264144644e-01,2.374651055000641942e-01,1.363371686996982801e-01,9.159022228885009831e-01,8.080713029334897213e-01,6.512016803211605476e-01,2.342286413313607873e-01,-2.962603778028989887e-01,2.347281343130845632e-01,6.114244431953672620e-01,5.621977933979656061e-01,6.144587419711265985e-01,4.450993089702249828e-01,5.894942097653312896e-01,-4.109697063462733335e-02,7.788110484946146883e-01,7.233085053988631552e-01,6.210351746702199582e-01,3.415568446381499479e-01,9.090186681720431316e-01,-8.405306393024752909e-02,4.163854612946585321e-01,8.334711841417320466e-01,7.370588523642175316e-01,3.508406319179522281e-01,4.306105329545146798e-01,9.238828366313875939e-01,7.372194167400636378e-01,7.918321735959632512e-01,8.071623951081755566e-01,9.183133038294097883e-01,8.409289891198149514e-01,5.392388159237225809e-01,6.872684698842256024e-02,5.888758079917153498e-01,1.001636911351093256e-01,3.441970274059482637e-01,2.597139713318141196e-01,5.854358255841789482e-01,6.282270925110634563e-01,6.936222027084822106e-02,8.516897899274969985e-01,3.124012711535170128e-01,5.869901245994330052e-01,3.221994635031413257e-01,6.858927547925929291e-01,6.272696316782127024e-01,1.490252410214016054e-01,4.692296170335639172e-01,1.740100975994718080e-01,4.503053881217305987e-01,7.214422479789166509e-01,4.577432039689907084e-01,2.165700359964364483e-02,6.498120611418227721e-01,9.614965867554076118e-01,7.389818942140199409e-01,2.339746046525817413e-01,5.139283286674318774e-01,7.678487762459074162e-01,8.205018701924923219e-01,4.036996124191352675e-02,5.358196972176987316e-01
7.703355367447149993e-01,7.310536381012093798e-01,6.717063742961115747e-01,7.827286330368403711e-01,5.431115294755954892e-01,8.449685806333104843e-01,9.479707184160802713e-01,5.035288601599366975e-01,8.388803009325960236e-01,9.550628887437681014e-01,8.720328860954823513e-01,8.531838495818665491e-01,6.247734446870477631e-01,8.451803932156654042e-01,2.117821697720441709e-01,7.553269124665903389e-01,0.000000000000000000e+00,7.095262915225744038e-01,9.422296805047594148e-01,6.341934610010167006e-01,7.328712615946969544e-01,7.369422902965601097e-01,2.885440911018556931e-01,9.467720394616494506e-01,5.459834947477084643e-01,6.460827141089503511e-01,8.738066495116203480e-01,8.757715332088356064e-01,2.799283462867728778e-01,7.107373300655647208e-01,-6.918850379771024350e-02,7.847307372458682817e-01,2.164842958837187026e-01,8.899264423433712601e-01,7.471448742599464676e-01,5.155655562930036018e-01,2.446493260845316042e-01,9.765964535842369676e-01,9.273803622204859209e-01,8.748673136335439748e-01,4.794500650258631258e-01,8.154078265363047251e-01,6.127808076429751560e-01,3.951730189252958825e-01,8.485867256957468907e-01,5.080470676866275515e-01,9.401630810897190216e-01,5.380117298821137650e-01,7.708298231873768058e-01,6.064494557910433681e-01,9.901673135612047982e-01,5.000601909932296252e-01,5.231592445914544642e-01,9.355614325605130510e-01,4.684307329890041727e-01,8.399733156434074921e-01,8.497872317460949398e-01,8.205694071355790209e-01,7.421244361393040112e-01,-1.351959468255952701e-01,7.321208526067668476e-01,7.007319291886709989e-01,4.172125697087788465e-01,7.721704114330552038e-01,7.165712496038233459e-01,7.764328687040644716e-01,1.104986615744979472e-01,6.851335546827371781e-01,2.964670976381526546e-01,5.870501956543203725e-01,8.524302636364526897e-01,8.034660309089141084e-01,4.988181638887205782e-01,-1.181375035437189913e-01,1.264926362033808316e-01,4.811159623271338281e-01,6.239727309784975917e-01,4.533058821951381767e-01,3.887684567525139800e-01,2.381112337513796584e-01,6.454086098976575814e-01,7.386273450804181628e-01,6.033358423972445816e-01,4.276074394015753066e-01,5.931284776414772475e-01
6.823929794156827766e-01,5.395547219904293090e-01,7.222315925763437283e-01,7.202256230565885486e-01,6.749578118268511062e-01,1.768205253311644909e-01,2.636520831925229236e-01,4.363630724910252390e-01,6.000009356655382486e-01,4.452143206383216839e-02,4.851998930798304133e-01,9.362255064312238195e-01,8.836200749396401211e-01,5.794419572130971030e-01,6.149386741412219415e-01,7.147733189458895797e-01,7.095262915225744038e-01,0.000000000000000000e+00,3.366525474701602683e-01,7.291883077265635116e-01,6.859503459044888896e-01,6.892328356583372617e-01,8.394360897330250815e-01,4.149804110628445980e-02,5.549666786741909441e-02,6.677251218961911539e-01,4.138549913952082049e-01,4.741585468413819782e-01,5.938077583785801306e-01,5.233565322259935426e-01,1.090800422104095529e-01,1.643826973554267726e-02,6.579155001695806693e-01,6.637944533543049808e-01,6.275777587512014477e-02,4.218665491208862021e-04,3.835155891646904736e-01,4.218913299154484764e-01,3.806844239347351166e-01,4.993791031799735824e-01,7.129256579814108319e-01,8.245311152375200958e-01,7.011344598193165467e-01,-4.616875328112834964e-04,7.767923846250288644e-01,7.785073663177621839e-01,7.245098593740091353e-01,4.023143173324504884e-01,4.675022998689943310e-01,2.420970946752242781e-01,4.001200085543228369e-01,9.192142925146389310e-01,8.211865637015154373e-01,9.866470254423600483e-01,4.743605188705625753e-01,6.874769586685099965e-01,5.796275574208151760e-01,3.495011557108355094e-01,2.170316458370579460e-01,3.482090946433822332e-01,2.002396258838824161e-01,5.771843390937585472e-01,6.663996808845943365e-01,8.066439839648663623e-01,9.339509148008652284e-01,6.999992882063458266e-01,5.178741548189614852e-01,3.309561886879576198e-01,2.035351529109820645e-01,5.831718342387594012e-01,9.293676569368325424e-01,5.365936217280804499e-01,7.566087686147129343e-01,2.607289480554420089e-03,6.706852672852608999e-01,5.883388421834803150e-01,4.542287574932764027e-01,4.014276007321772033e-01,2.724404577984843590e-01,4.353079337087875089e-01,4.999890182948152906e-01,9.036540909975264713e-01,4.276189949329541884e-01,7.193740149782126281e-01,6.524449859854997147e-01
