0.000000000000000000e+00,7.657342213954099197e-01,6.981284593908454461e-01,7.379180453726931210e-01,7.130779165243674722e-01,6.322125642135285606e-01,2.252816069877049410e-01,8.898286549774773180e-01,7.007167441724340140e-01,5.213841562869839796e-01,4.347911164053547828e-01,8.678043618948613203e-01,9.394796512073310124e-01,5.305813413605975359e-01,4.758581414425566702e-01,2.015264142924835800e-01,7.635953858158112117e-01,6.200356687474741779e-01,2.290737449400030712e-01,5.719189194363132334e-01,9.991367063561970019e-01,8.242950162165156858e-01,7.397729331217172133e-01,2.649863578295162947e-01,4.420557261107533331e-01,5.413003381040183415e-01,9.669867134572263101e-01,6.822432299187040083e-01,6.937724271601130033e-01,5.691754703591112019e-01,2.315932365456016273e-01,3.481167082654549327e-01,6.715264217148728676e-01,9.779837182510625615e-01,7.305551327759922664e-01,7.232873954364301694e-01,4.364661649529715665e-02,2.231552741363492520e-01,6.278848974149450202e-01,7.074732867422672822e-01,2.063308173720536931e-01,8.781458165720948950e-01,7.725745281913845020e-01,9.998897851044369345e-01,7.019554960617320205e-01,4.562950455253652615e-01,8.371521713767721140e-01,2.527420175030549165e-01,6.114967719546376967e-01,2.152041974068656105e-01,7.560159007357216687e-01,9.352186953876147069e-01,7.063098044419005017e-01,7.192921649401449180e-01,7.684866992287674448e-01,5.660767894717958493e-01,5.540845691333411427e-01,7.848178058227892606e-01,4.128471992902679188e-01,7.515629049165126752e-01,6.579394297460070540e-01,8.993580908708446175e-01,6.726033252840796228e-01,7.149940625020102525e-01,6.562193810294876251e-01,6.749661321555251448e-01,9.266267639433989345e-01,7.060444975957727021e-01,6.039252531777018485e-01,6.192192088785675175e-01,4.225202874353323201e-01,9.268245346398866769e-01,4.143923091992669505e-01,4.458120096656391085e-01,9.518573900183453507e-01,-1.900063086850283522e-01,9.524863577425287664e-01,1.897849813663989860e-01,9.742696123115300588e-02,3.362262377474823927e-01,5.694064556833963175e-01,6.276639832026803534e-01,8.814517331575218995e-01,2.927843128304783438e-01,7.718993192087930666e-01
7.657342213954099197e-01,0.000000000000000000e+00,7.215507370507676654e-01,4.276236622407338372e-01,9.198321262266839771e-01,4.642779091629878341e-01,5.577985155507272363e-01,7.111352218240980516e-01,8.534248375359654304e-01,-1.670301041006375109e-01,8.508871648321569836e-01,9.411784746463605078e-01,8.386377331414900382e-01,4.270122475382193694e-01,7.512983365428700377e-01,6.807261899194880783e-01,3.633351161675265062e-01,3.616571850695986523e-01,3.273532169742955911e-01,7.687650709541107297e-01,4.133372524265295778e-01,2.577259341485529376e-01,7.403610973237504389e-01,7.568327338965084028e-01,2.260006377224205165e-01,4.566914133711768575e-01,4.964687540614902139e-01,8.699294434948202648e-01,4.263689819493052813e-01,5.460460827765212244e-01,2.380902795016789086e-01,5.584215452277430103e-01,4.300883581546803280e-01,7.100622649652341689e-01,3.031382485962054174e-01,3.391376983933808154e-01,3.097327959724885046e-02,4.417506128634990370e-01,9.136426176561742718e-01,7.415545017700838626e-01,5.892047056935716398e-01,4.608443518460975663e-01,7.153291894177675747e-01,8.158032808875248509e-01,1.469744336955475517e-01,5.465933156093962797e-01,6.042768925850036110e-01,7.488056919816354906e-01,6.557125083589127046e-01,6.323555224173188494e-01,9.187508293287816041e-01,5.498271534307400676e-01,4.268067781188353838e-01,-1.959967595483396718e-01,6.901549557261408285e-01,6.585256342517009642e-01,5.530237678387028843e-01,9.147069833949461604e-01,8.886979994102731650e-01,6.194843872563684517e-01,3.720252165538971978e-01,7.073253187122683361e-01,6.930289367310317195e-01,6.005981315896880002e-01,9.145997488794498365e-01,2.854752355634637695e-01,6.555765115707852253e-01,8.134743217033657547e-01,5.628503553851729180e-01,5.853392744661747304e-01,7.900301750488234465e-01,4.214750173985281623e-01,3.576212741610577117e-01,1.858231063422193241e-01,6.491000168880033394e-01,2.775543047700576027e-01,7.462189498882798588e-01,5.828949694576401885e-01,4.784774977047923650e-01,5.543270979159373724e-01,2.137382825018173671e-01,2.051754939404281941e-01,8.786288913713211635e-01,7.656769693868537008e-01,6.346224370994894004e-01
6.981284593908454461e-01,7.215507370507676654e-01,0.000000000000000000e+00,9.807709046118258112e-01,8.409779203419207594e-01,3.351505762558912860e-01,9.836701481736450647e-01,6.975711148156343855e-01,8.138140967310919516e-01,8.852813035820090715e-01,5.064268383451523414e-01,9.815909889795677579e-01,8.735125892483235344e-01,5.887423087965298896e-01,4.026324499940421298e-01,6.764095420679689941e-01,7.764107457171339766e-01,6.526997536253194010e-01,8.018423005797317149e-01,7.030806042240517195e-01,7.648146114058466116e-01,6.380796926472079855e-01,9.462932850375792571e-01,9.037177870762352905e-01,7.489692339748215133e-01,8.611704537016442451e-01,7.064707441903572693e-01,7.938161817580748902e-01,1.475348837410244973e-01,2.385879782696774254e-01,2.540036308348639013e-02,6.534716433211552600e-01,8.192787438378930087e-01,4.776305297161101415e-01,5.377492111163674204e-01,1.830431501650574833e-01,3.001025221233144524e-01,5.838175406745191864e-01,8.891304544217573103e-01,9.260352428142314407e-01,7.062684325900913107e-01,9.344976635938568865e-01,6.764220168825204604e-01,7.807340889332978762e-01,7.008267191488314340e-01,8.567478702508734001e-01,9.133643032931075822e-01,7.296194718440107696e-01,6.385127589092458589e-01,3.040456012930641272e-01,5.636863689484987727e-01,9.413553445544414755e-01,7.514752559207824589e-01,5.186602860028868278e-01,9.141147466894492535e-01,7.762845940507623332e-01,9.078604137707040334e-01,2.114111554128760284e-01,7.285155662832279999e-01,4.729411948479089745e-01,-3.071577498064448908e-01,6.864761466093318720e-01,9.748303787430305789e-01,6.520596012747141845e-01,5.743144989984334536e-01,7.775319449643012248e-01,7.587193866818713328e-01,4.905061196717218630e-01,-1.805589349010509881e-01,8.540687215198774496e-01,8.937479482380836782e-01,6.165833786277276074e-01,5.869906644614051316e-01,3.972502503859831613e-01,4.731990779248625989e-01,8.026107729127819335e-01,8.884082815522867937e-01,6.862240916926449774e-01,3.773390101964358978e-01,5.556502598097272649e-01,2.966052132250589501e-01,1.698903113517784558e-01,9.133928806281332857e-01,6.741695289329431295e-01,7.081145089051051889e-01
7.379180453726931210e-01,4.276236622407338372e-01,9.807709046118258112e-01,0.000000000000000000e+00,2.307242845652576202e-01,5.877426575563445832e-01,4.625234660451982283e-01,4.293331823901159194e-01,7.957983861067251530e-01,4.040648089441385427e-01,4.408100522258928677e-01,8.701278505255420903e-01,8.587776036553563808e-01,8.204280027647563589e-01,2.410640015980462514e-01,7.235605532363540426e-01,4.230449478690769816e-01,5.544710910983694507e-01,8.153547381970334129e-01,6.383388067536632793e-01,8.269276238026521675e-01,5.136280128956766111e-01,9.935188802767129790e-01,6.638040969248393264e-01,7.331668326961173765e-01,7.285283632695318534e-01,6.888581905640468461e-01,7.077333984569033065e-01,2.777788761409437090e-01,5.648394215403708118e-01,2.579636047627298923e-01,5.235974068205131449e-01,7.561386793870675804e-01,8.785739050421607077e-01,6.646206320545133828e-01,7.275732374488655951e-01,1.657437269920218961e-02,7.564587432204934458e-01,7.734099087051058419e-01,5.378759927598076862e-01,2.422982036309941356e-01,5.654465727777694406e-01,4.335021246595656130e-01,9.407824681573010439e-01,9.656517357960119341e-01,7.787291049484786898e-01,8.095235739406779762e-01,9.145544864171200050e-01,7.669555219757335784e-01,7.947486759437024650e-01,9.910218239960832953e-01,2.204256055926055446e-01,2.877321831831269883e-01,6.004106005610160279e-01,6.662966255435861518e-01,6.602543833983490762e-01,4.535161948628070316e-01,4.087936240330902748e-01,8.623647016247979469e-01,3.059423052525611086e-01,7.244360419375230897e-01,7.787961801159274389e-01,2.124659950976983125e-01,9.970038532194946956e-01,6.669175389351451599e-01,8.834107024639592520e-01,8.591088735650856956e-01,9.513353809626730051e-01,2.361943740449801987e-01,7.888386853258730902e-01,4.626853074437993207e-01,2.779103751646285203e-01,6.772211862648143121e-01,3.912037112236894099e-01,-1.645938850729309622e-01,3.651259732115758050e-01,6.499729810753679393e-01,5.157721914423538667e-01,7.814498200706949949e-02,2.421074763637356964e-01,6.373143834248600204e-01,7.831532909073837256e-01,9.752590970965165917e-01,3.300099913375991734e-01,7.580778096671841881e-01
7.130779165243674722e-01,9.198321262266839771e-01,8.409779203419207594e-01,2.307242845652576202e-01,0.000000000000000000e+00,8.725103166523775489e-01,1.671079047263399064e-01,4.750149671028450205e-01,2.643544381819307176e-01,5.362638862592185029e-01,2.379950994459599234e-01,6.332575803391141678e-01,8.335822708601012820e-01,9.788877383749599037e-01,5.360684915381621618e-01,3.335564332039264723e-01,6.277863659035159971e-01,8.024731009892522859e-01,5.891794476602115749e-01,8.751324242542777299e-01,9.787739556225061310e-01,7.747186406532095004e-01,7.256403736093810508e-01,4.125737493618378826e-01,6.246206683256075864e-01,3.641635371600360771e-01,7.900230799677046001e-01,7.055978838563619071e-01,6.316981133394694581e-02,1.974634989308712285e-01,2.579300241169649732e-01,5.680401935523943235e-01,5.521712621683119160e-01,3.885349267291338116e-01,7.998070509675421214e-01,2.763483871485158394e-01,5.250780891019486418e-01,5.009258620492710312e-01,5.381440637755633416e-01,5.026560920515865671e-01,2.864507365551951720e-02,8.097511269975646853e-01,5.612136341399940331e-01,6.718455677059774755e-01,8.493427737244162445e-01,5.840381546869952700e-01,5.210641711038326296e-01,5.470423545798492881e-01,6.354738718743171422e-01,2.002907319232915817e-01,2.555665179812727783e-01,9.510368389022594293e-01,6.910106822224670875e-01,4.998945839911382860e-01,6.423859522937105382e-01,6.790319428115683120e-01,9.296129300762763226e-01,6.737886428162264130e-01,7.000050202288415901e-01,5.616602058034867451e-01,5.925328704876582364e-01,2.904663471528354801e-01,5.767573866350818035e-01,4.401059507830156203e-01,8.631069537942861469e-01,8.920786992197943244e-01,3.241573585938627433e-01,9.117291971828518360e-01,1.515493382632868147e-01,8.832705446165368679e-01,5.398237524745573834e-01,4.896141206539622592e-01,7.264774426085254255e-01,5.108457149843009804e-01,2.262496170935888451e-01,4.562226164570296616e-01,7.729617305599255639e-01,4.200450461193536711e-01,4.135195575992228756e-01,4.322847250159518318e-01,5.787191899754680069e-01,2.440842664035555998e-01,9.142236857491312652e-01,4.576313990695747291e-01,7.989324099594750095e-01
6.322125642135285606e-01,4.642779091629878341e-01,3.351505762558912860e-01,5.877426575563445832e-01,8.725103166523775489e-01,0.000000000000000000e+00,5.411477959987526232e-01,3.058915475324703315e-01,4.732991011958822547e-01,6.643203401633404059e-01,6.078324677248110319e-01,2.446321843237612981e-01,4.797794177410282801e-01,7.431340669879906713e-01,4.664356605171213754e-01,7.361544574782352690e-02,7.663136655597313496e-01,9.177248388248110400e-01,6.871454277159385615e-01,6.676653060991203370e-01,9.805116586681499324e-01,6.275707007843089880e-01,2.628696471730169737e-01,1.452718868264953056e-01,7.138744874375532179e-01,7.948777541972923411e-01,7.177715546261753676e-01,7.698265651646354346e-01,4.231493388865281702e-01,2.814434658002037404e-01,3.615719629476022989e-01,4.525606728900033460e-01,7.429478312090778136e-01,7.897325322093240452e-01,2.783569706947283118e-01,5.970636404122193763e-01,5.123423215458665636e-01,5.062695883492148718e-01,4.552817900797838102e-01,8.627573043419549670e-01,8.907009911251284606e-01,5.683468879801132356e-01,9.816951980570124414e-01,8.480701765736475828e-01,2.814767605092204361e-01,8.262631494635994667e-01,4.945029623925826789e-01,7.794415407435861809e-01,6.904210168627525346e-02,2.554350011054515868e-01,4.433478283685231003e-01,5.342631267334452261e-01,6.519254980443849323e-01,9.337712441138735775e-01,2.045267777012653998e-01,4.086286785483880801e-01,4.868943096897382361e-01,9.236167916378111853e-01,8.764963264438503376e-01,3.675173798693562865e-01,5.216851787128200524e-01,4.523009263483774300e-01,4.057184876722515487e-01,8.402014032086939643e-01,9.169551618821907280e-01,3.027475706376268616e-01,7.280420905344655580e-01,8.998009075260761103e-01,2.850589319968535595e-01,6.287583501372415729e-01,9.262824836011749330e-01,3.491703557327605623e-01,6.873147527942298218e-01,4.904110289805174716e-01,4.363175284545204868e-01,8.982467198830604849e-01,5.322530880938084463e-01,9.688342820196074179e-01,3.671378348383548262e-01,5.979580201676379936e-01,7.246304914001389097e-01,6.370995107293493387e-01,4.442001133257287848e-01,2.342515230936773052e-01,9.996294584136491412e-01
2.252816069877049410e-01,5.577985155507272363e-01,9.836701481736450647e-01,4.625234660451982283e-01,1.671079047263399064e-01,5.411477959987526232e-01,0.000000000000000000e+00,7.494564039961573165e-01,8.259979940802444354e-01,5.128465510852715514e-01,1.325907451951311572e-02,2.638183786745252335e-01,7.093961902421747068e-01,2.806130715560785083e-01,2.598572904174512588e-01,2.868400200907749165e-01,7.169049551420756394e-01,4.654790524049795541e-01,3.162713886149034481e-01,7.087045229627239040e-01,9.376145570578383603e-01,4.609954759292987925e-01,2.299723472188326956e-01,9.792634447825150357e-01,5.602981888352164264e-01,9.248209191041396882e-02,5.622230022452563425e-01,2.477216461703180550e-01,3.949388743632309962e-01,5.794476177934785310e-01,1.826308353529449147e-01,7.159871053515015626e-01,5.218895721310256031e-01,7.647630242372096543e-01,7.860036038234663458e-02,5.178942629694802680e-01,3.748271377110111713e-01,6.851430075901338013e-01,9.842412981379624615e-01,7.933681468881808030e-01,2.848706701312661571e-01,2.439618300955451180e-01,7.823830747347066961e-01,6.455724117173258225e-01,2.440050688223729947e-01,4.269622471852475565e-01,7.805154831799319126e-01,2.809838401221355086e-01,3.969664651262768684e-01,2.184843269380898345e-01,-1.866942805304538378e-01,6.896313636659573421e-01,4.570633127471929180e-01,4.454669893436816186e-01,7.054222684067865679e-01,2.127109318641306479e-01,5.815518132893409131e-01,7.871177562095904578e-01,6.577350305932959662e-01,2.661262147544899981e-01,4.898540148799735983e-01,5.698198510827754415e-01,7.137301968823922538e-01,8.329569308093671687e-01,9.877627324494978600e-01,4.931329574955548578e-01,2.425812607158355783e-01,2.845817281412955091e-01,5.702693329465315930e-01,5.828823775833305021e-01,3.498494700879664077e-01,4.881605986687307386e-01,2.372091835639200119e-01,4.558786846782096336e-01,3.861551701776723688e-01,7.442765869665449729e-01,6.705668963555443396e-01,4.181366382848101249e-01,2.288937934682245823e-01,3.745201815575623927e-01,6.447865975175062214e-01,8.649990742367859031e-01,6.600708440500608898e-01,5.251679850951045392e-01,7.118282089073749708e-01
8.898286549774773180e-01,7.111352218240980516e-01,6.975711148156343855e-01,4.293331823901159194e-01,4.750149671028450205e-01,3.058915475324703315e-01,7.494564039961573165e-01,0.000000000000000000e+00,6.178710704303240764e-01,8.424079195273058707e-01,7.963573793517262356e-01,1.062468091232629669e-01,6.040499384295736629e-01,5.681074880897648560e-01,2.756751196070738041e-01,4.645314078825202864e-01,6.871139102221418549e-01,4.754206778353549379e-02,3.764162720545715102e-01,4.390709607953995341e-01,7.736806527999559036e-01,6.044359951244177021e-01,2.514531859298804739e-01,9.461317083177601672e-01,4.713247807213834517e-01,-4.473065845225027148e-03,7.088889776792005604e-01,4.386224267133834731e-01,3.502202369643627744e-01,3.462135253554397135e-02,4.067695853977854048e-01,4.402318102679163569e-01,5.558485971764005606e-01,3.978376819996957137e-01,2.301227285078273344e-01,2.154639466902631972e-01,1.684634334652535259e-01,3.886249709722628398e-01,9.004257646797116932e-01,5.971294980316806944e-01,6.962063948150043827e-03,5.080571657925810891e-01,7.310998440331185622e-01,2.167914396141220890e-01,6.044637792636987639e-01,4.761763004947096034e-01,5.458341168757456785e-01,5.942611770857215703e-01,5.274489936285152725e-01,6.898938864375573354e-01,6.813823746284097815e-01,6.907264214946111647e-01,3.219462713790685604e-01,3.475604966086134895e-01,6.852512680682455448e-01,9.755943317877563414e-01,2.751329010348251836e-01,5.788507154132658261e-01,8.590690827398965723e-01,6.168024451370056616e-01,6.025283427560090832e-01,8.892950040569961301e-01,7.587792113205755751e-01,6.238040702100622337e-01,8.937176986277259871e-01,7.987880321346653156e-01,2.567547868796192789e-01,6.488011183474611254e-01,4.113773433297556736e-01,4.854498530059724315e-01,2.577299377859069152e-01,7.907316289785697450e-01,5.175584135172222044e-01,3.395400360320336430e-01,5.233193945903864552e-01,3.200196091853384495e-01,5.919919014439121163e-01,3.066600095994537201e-01,4.680973909314881110e-01,7.162905393056728798e-02,2.377846498802567987e-01,5.067479633229015068e-01,4.319273146838483735e-01,4.741270569120358269e-01,6.249853135717216013e-01
7.007167441724340140e-01,8.534248375359654304e-01,8.138140967310919516e-01,7.957983861067251530e-01,2.643544381819307176e-01,4.732991011958822547e-01,8.259979940802444354e-01,6.178710704303240764e-01,0.000000000000000000e+00,9.444365871379614141e-01,2.247037462077638992e-02,7.035459031850792300e-02,7.175279368408178371e-01,7.504029642712157777e-01,6.099972221940166417e-01,-2.964172936356218591e-02,6.087126432654766939e-01,7.014584436265542955e-01,7.540012929730930402e-01,6.167629517656039173e-01,6.915970791401298001e-01,7.169184849497762801e-01,4.853906514044487031e-01,6.876042084545004318e-01,3.215451738732174047e-01,4.205544758830298546e-01,8.330652640072705450e-01,7.960236178353685688e-01,3.480278238398368806e-01,2.732353814700332409e-02,6.590012473458373155e-01,4.791062498200936437e-01,6.475007228908500334e-01,1.180667865963294788e-01,7.159221185659189191e-01,3.394371985633411470e-01,6.140018965970772680e-01,1.490001501384734250e-01,6.344893413156779127e-01,2.536669493145095600e-01,2.277914107561365697e-01,6.656918650905793156e-01,2.448187512681918032e-01,6.810872621887564815e-01,6.402828120699708414e-01,5.343057915629553234e-01,4.383429008256685133e-01,7.090964728552233698e-01,7.806906076743966860e-01,5.929603399183147605e-01,6.091736797034070783e-01,4.025296556909608858e-01,6.368697111706499436e-01,3.820315207064407526e-01,2.198605013930407526e-01,6.350120106248051677e-01,7.625350265122888826e-01,6.702978431918580338e-01,3.383556781565897342e-01,2.633142289765717514e-01,1.831323909759703938e-01,9.923067460072491075e-01,9.407595131494880247e-01,6.730109684048464214e-01,7.764064014818377046e-01,6.466313745498017962e-01,3.996681565719500950e-01,9.241181135147680248e-01,2.491893494549565768e-01,9.001558276088567068e-01,8.011521578941174226e-01,5.590939196106400333e-01,3.268420304898217998e-01,3.486456153329724889e-02,7.861226552724330796e-01,4.781347378465704567e-01,9.679947826589163640e-01,2.345476888955493056e-01,2.369501452817406317e-01,-1.389070838026991439e-01,7.763760001530296551e-01,5.080930754758270496e-01,7.268729426479560995e-01,7.171407275201813203e-01,4.194994805896032908e-01
5.213841562869839796e-01,-1.670301041006375109e-01,8.852813035820090715e-01,4.040648089441385427e-01,5.362638862592185029e-01,6.643203401633404059e-01,5.128465510852715514e-01,8.424079195273058707e-01,9.444365871379614141e-01,0.000000000000000000e+00,8.020859502100436966e-01,9.880574026079457228e-01,9.142193742046258453e-01,9.903829393339300680e-01,2.278693175303964646e-01,5.659996173959362942e-01,6.908498063715748927e-01,2.455270104500775485e-01,8.488566630803513480e-01,3.406100438933226116e-01,7.367727445148842813e-01,6.382026611972470009e-01,8.595220873503925940e-01,7.362789653427317393e-01,3.037208394881045770e-01,9.129436508920717452e-01,5.713591403502120691e-01,8.710283607296374075e-01,2.549969523742094957e-01,7.148819477325113469e-01,7.887875876964173250e-01,5.449581657003830237e-01,9.501089175708083978e-01,7.224773624068181466e-01,5.527632364402872422e-01,2.905919480961908219e-01,2.448488271787896131e-01,2.335990952910552143e-01,5.854144985361399156e-01,7.006414957324244019e-01,3.158087455840348778e-01,6.529263070797932667e-01,6.141637201735578033e-01,4.958460532380130625e-01,7.686125068249813896e-01,7.616113529338714994e-01,4.069477044348774886e-01,2.018126125142599148e-01,2.934463400504453423e-01,6.776214337902461970e-01,6.857028942072336264e-01,1.173993279499683240e-01,5.476168184232047542e-01,7.385026251392796670e-01,6.260836215639939972e-01,6.424103932220708302e-01,4.631637943985195127e-01,3.439145296761892956e-01,7.434072616790801113e-01,5.572573648786590672e-01,5.420066874097484444e-01,6.741789953111853029e-01,-1.977438895394219576e-01,5.071390507189873498e-01,3.047820478922315113e-01,7.679730343426635075e-01,6.144077463490924540e-01,9.941385353245009160e-01,7.323138156664763532e-01,5.992761482125232853e-01,6.426156386100971840e-01,5.682509661790994260e-01,3.885401947431713632e-01,3.992543411187605140e-01,6.475709219614400602e-01,4.617123221088473284e-01,4.718226243539020981e-01,2.012572234524180326e-01,3.162527889173345486e-01,3.397917814894521049e-01,4.985940948462555533e-01,6.060616777132782351e-01,8.429710362939767387e-01,1.468600673669350487e-01,6.625513305294400412e-01
4.347911164053547828e-01,8.508871648321569836e-01,5.064268383451523414e-01,4.408100522258928677e-01,2.379950994459599234e-01,6.078324677248110319e-01,1.325907451951311572e-02,7.963573793517262356e-01,2.247037462077638992e-02,8.020859502100436966e-01,0.000000000000000000e+00,6.306429324775993939e-01,4.977720854875203882e-01,8.949764171522831546e-01,6.234277043179393685e-01,9.483216071733855390e-01,9.298182618816590583e-01,6.958681487375312225e-01,9.693783701236622363e-01,6.742610232088130928e-01,7.063613623319360268e-01,2.511211938614517636e-01,5.454986283962850457e-01,9.291912716225788627e-01,1.686130955976613555e-01,6.732356445662390776e-01,2.294574381394418328e-01,5.880690056798459908e-01,1.836938358867567789e-01,4.115173516676958743e-01,7.747906727708075980e-02,5.573275338293227632e-01,8.955494461329719380e-01,6.016052725232993170e-01,3.396296076810211284e-01,2.562413967409252202e-01,5.914253524793665617e-01,5.394480943739091705e-01,7.213037396483231722e-01,8.657941841394767302e-01,5.643940989725239055e-01,6.129218314647507659e-01,9.132229666091156162e-01,7.329037095922457112e-01,6.807564251183594317e-01,5.234381746180873929e-01,6.385930246255641096e-01,5.635177593995251977e-01,7.555598050669580790e-01,3.089078042230975103e-03,6.127855864854288015e-01,6.823451508174167568e-01,6.082569587999350214e-01,6.140432332241259061e-01,8.598702709307339820e-01,8.226132599462471218e-01,8.627387601064567813e-01,7.241769738577625848e-01,9.565843604544181922e-01,7.748912348147816154e-01,5.464653041627348662e-01,6.170781192199962240e-01,7.623506164645517114e-01,6.491745690479503450e-01,7.044721766555944731e-01,5.857246787549179601e-01,6.217964986411076422e-01,7.545663576271067763e-01,5.464922479644576114e-01,5.464538825463260974e-01,9.297689109635429716e-01,6.851905793012467161e-01,7.081644441729512129e-01,4.351068442567654904e-01,5.675004355940417300e-01,2.093119464361125615e-01,4.198435684122718836e-01,5.138910135281202773e-01,-1.117605396954851060e-01,5.925820791569426094e-01,7.453867168254311171e-01,7.531193363152837161e-01,8.303229530054933027e-01,4.041126602148272240e-01,9.279078286404878195e-01
8.678043618948613203e-01,9.411784746463605078e-01,9.815909889795677579e-01,8.701278505255420903e-01,6.332575803391141678e-01,2.446321843237612981e-01,2.638183786745252335e-01,1.062468091232629669e-01,7.035459031850792300e-02,9.880574026079457228e-01,6.306429324775993939e-01,0.000000000000000000e+00,5.150505725120608780e-01,8.336958638144594813e-01,7.326889419571138706e-01,4.343138394738373931e-01,9.326431383754696380e-01,4.728893211315161049e-01,3.005107555753742110e-01,8.292125873470655995e-01,6.267205073123955916e-01,8.656076092028148761e-01,7.292500432872094374e-01,6.730254261669176286e-01,-9.091715550226059372e-03,6.413049717532619542e-01,7.916371978198812887e-01,4.512498477230074689e-01,1.283134225545937424e-01,5.177538498415712453e-01,5.023199258450444793e-01,2.486138682227714003e-01,5.299026275813325526e-01,6.548180997063857145e-01,8.634458481591583690e-01,3.689093604653631564e-01,4.466742193851084841e-01,4.528657588919740573e-01,9.814602351821591908e-01,7.060872577351465784e-01,4.026460342472324982e-01,7.212434005573297169e-01,7.992714722133444916e-01,4.911817430979822929e-01,8.370116029670120472e-01,2.316882301609488881e-01,7.358644106050281630e-01,2.043565582734692687e-01,3.008802804324864910e-01,6.681927661467905732e-01,6.638306713096326916e-01,4.110682530380236899e-01,7.412689150439146779e-01,5.077031413486050582e-01,7.970818911046427813e-01,9.089803784153447364e-01,1.359393337066903268e-02,9.459033358513303513e-01,8.459671631556573423e-01,5.083600208971175149e-01,5.838396772240209698e-01,5.110860940737209646e-01,3.325100339532055527e-01,4.516744395123337696e-01,5.032085634936199758e-01,8.745085719776768407e-01,7.308820313393681323e-01,5.640985977269933338e-01,5.510504777782739005e-02,7.566108490355659688e-01,4.401426753811679693e-01,5.015657861039760634e-01,2.519096200484558512e-01,3.694056445592560634e-01,5.611595136553910734e-01,6.267471583030667093e-01,4.177728875062991509e-01,3.646394161207272000e-01,-1.005670166722495429e-01,2.843432279110051919e-01,9.008723947656910314e-01,6.733881020282610486e-01,6.673310463983820329e-01,-2.861094171397813302e-01,4.780476383337843305e-01
9.394796512073310124e-01,8.386377331414900382e-01,8.735125892483235344e-01,8.587776036553563808e-01,8.335822708601012820e-01,4.797794177410282801e-01,7.093961902421747068e-01,6.040499384295736629e-01,7.175279368408178371e-01,9.142193742046258453e-01,4.977720854875203882e-01,5.150505725120608780e-01,0.000000000000000000e+00,7.976145442743018954e-01,9.382434304943669812e-01,9.359099637693578666e-01,2.807682315074898627e-01,9.326932999815464864e-01,8.590344101282212375e-01,8.018929019201308517e-01,6.821153051881923002e-01,9.242361170429320705e-01,7.966190260517187482e-01,8.142821404223542503e-01,-1.753571718487470510e-01,8.862633287703208795e-01,5.876190388024897793e-01,9.598488135564272605e-01,3.499194251033069802e-01,4.791968464170320297e-01,2.037275165821783030e-01,4.264973713100195241e-01,3.233099429529693869e-01,4.657523769292135074e-01,8.838772582826515123e-01,4.029765838359476438e-01,8.234549606846977565e-02,2.328190095595228104e-01,9.661045275979177616e-01,5.972306472990549508e-01,5.815556213044323908e-01,9.910803961109144744e-01,4.225705559842098946e-01,5.865182137706138610e-01,5.556323458154786010e-01,8.570273290994373516e-01,9.335697101979004708e-01,6.704237167291440258e-01,8.771437235848046354e-01,5.587151147293847320e-01,9.125112680250072605e-01,4.918072374693620574e-01,6.004276820440688223e-01,5.221931886344461926e-01,9.716596220512545568e-01,2.046267643729418051e-01,8.509546644859358189e-01,4.801228978536252190e-01,7.551308984750637610e-01,4.296108389669508476e-01,5.757417214984896781e-01,5.766240912344196001e-01,3.370543413230357999e-01,7.436002953096056967e-01,7.675377221066381761e-01,3.091715070466792281e-01,2.150742451453585002e-01,6.187375814235133165e-01,6.947438463961631561e-01,9.018790446585565057e-01,4.825796049410085442e-01,4.546911084244629753e-01,5.114995851734969179e-01,5.384021249365641415e-01,9.394648918288508455e-01,8.882686888707620465e-01,7.394469696275708381e-01,9.504582789365219053e-01,4.035674620704475801e-01,4.475295083164430587e-01,7.079074174692797650e-01,7.863537746330577782e-01,6.742037976152915890e-01,7.193969870967431568e-01,5.115764715293197318e-01
5.305813413605975359e-01,4.270122475382193694e-01,5.887423087965298896e-01,8.204280027647563589e-01,9.788877383749599037e-01,7.431340669879906713e-01,2.806130715560785083e-01,5.681074880897648560e-01,7.504029642712157777e-01,9.903829393339300680e-01,8.949764171522831546e-01,8.336958638144594813e-01,7.976145442743018954e-01,0.000000000000000000e+00,9.576225562821619741e-01,2.810376778046924096e-01,4.034418950323659381e-01,6.413671387966306536e-01,6.755999295773692515e-01,7.835654421655323665e-01,8.078197649725609164e-01,3.196534309175395050e-01,2.378137732070748633e-01,6.250186366327571408e-01,3.017635092683770281e-01,7.235322473747456407e-01,4.830568529265377720e-01,7.421765945971543488e-01,8.584346887249186264e-02,3.570329292795010878e-01,3.329948963000888829e-01,4.227740890916475980e-01,4.897955308497703442e-01,2.437566720560839229e-01,5.729730747284849102e-01,4.971071177377038297e-01,4.916008557692054803e-01,9.251899492904458455e-01,8.392822127030563628e-01,8.340665796837611889e-01,2.408726453650501809e-01,5.071424682338675494e-01,7.709375269638230055e-01,7.317301858039619855e-01,9.533583815358250835e-01,5.057760003556485140e-01,5.532813089106509707e-01,7.498566587662569560e-01,6.457819190535071252e-01,8.904040848112512174e-01,6.605636793378911742e-01,7.676021972437910845e-01,2.786657244767177799e-01,6.375165995065363855e-01,6.415599037032935215e-01,8.500171084560926849e-01,6.041761703743102618e-01,8.108093063497706643e-01,4.415733656180584887e-01,-1.939064908679987709e-01,3.177892449594492130e-01,4.185149177178672519e-01,5.469194187541857044e-01,8.585873071226087783e-01,7.749883859035110456e-01,9.762305077126232078e-01,2.333132652999673207e-01,8.409537097400960892e-01,9.515519586096745641e-01,4.558995564893402741e-01,9.887789874887248365e-01,3.103253873050100253e-01,6.978271087638875381e-01,2.364602854771640228e-01,-3.433356107968699167e-02,6.132611581903820719e-01,6.155991873582780105e-01,6.271635138968340017e-01,2.541222888908162281e-01,1.660713498298037882e-01,8.194225723768696623e-01,7.574435877671770179e-01,3.033766150175865040e-01,2.114850889411457047e-01,5.360075304731715118e-01
4.758581414425566702e-01,7.512983365428700377e-01,4.026324499940421298e-01,2.410640015980462514e-01,5.360684915381621618e-01,4.664356605171213754e-01,2.598572904174512588e-01,2.756751196070738041e-01,6.099972221940166417e-01,2.278693175303964646e-01,6.234277043179393685e-01,7.326889419571138706e-01,9.382434304943669812e-01,9.576225562821619741e-01,0.000000000000000000e+00,5.356184637813277138e-01,6.154578727079520473e-01,7.912038525230380426e-01,2.556959666460966729e-01,8.382303928962628881e-01,7.166516967595716325e-01,7.228440634496857697e-01,6.276645666629291354e-01,8.204018017835124077e-01,6.246741792375769542e-01,3.610193162272934408e-01,8.111475408837771628e-01,4.905900247926421875e-01,6.524076533637457320e-01,3.568271651742174200e-01,5.421307457913751571e-02,5.066998570669668522e-01,-1.267478959901602031e-01,5.815488404794849631e-01,5.095112358457376533e-01,7.411350104826460727e-01,4.526985633929696551e-01,6.560023770018514888e-01,8.657894725658734636e-01,8.925774931684088420e-01,1.789234970950706327e-01,2.808103561350843158e-01,9.188138312510454320e-01,3.442813611653181005e-01,8.795601922470206446e-01,7.208394566562514871e-01,3.602665821562424653e-01,6.204978393405347070e-01,6.356165586141977464e-01,5.853229863039235426e-01,6.455913048476296101e-01,3.363990121517413945e-01,4.535932460348698902e-01,4.284863321507933476e-01,6.089268830336426186e-01,6.761198633608180852e-01,7.875353814796606233e-01,7.783534988714186920e-01,5.494505886714332599e-01,5.021347100482220771e-01,3.763199836294520151e-01,3.481909797529068595e-01,5.403822964844121612e-01,8.773865885456747504e-01,6.736187121904695374e-01,6.912793675061773557e-01,4.950112105235107696e-01,6.467149337588515845e-01,5.082217148861447598e-01,5.822290819531797945e-01,8.694743426563584787e-01,6.225954506594693072e-01,6.932712138838061922e-01,4.646601357336800353e-01,6.792744723922587990e-01,6.411562331334448306e-01,6.184144074115459633e-01,2.605645422053846638e-01,6.197402040407967716e-01,3.779703735622028660e-01,4.583187099291638478e-01,7.866641478128816312e-01,4.918541395815452244e-01,9.737401141031130913e-02,7.596960265392488365e-01
2.015264142924835800e-01,6.807261899194880783e-01,6.764095420679689941e-01,7.235605532363540426e-01,3.335564332039264723e-01,7.361544574782352690e-02,2.868400200907749165e-01,4.645314078825202864e-01,-2.964172936356218591e-02,5.659996173959362942e-01,9.483216071733855390e-01,4.343138394738373931e-01,9.359099637693578666e-01,2.810376778046924096e-01,5.356184637813277138e-01,0.000000000000000000e+00,9.697599823381175543e-01,5.908123002643319577e-01,6.337593847474560782e-01,7.830227509959499788e-01,7.930251384614540600e-01,3.245260963003182564e-01,-3.782680080127764910e-02,6.763800140279114803e-01,4.316358664601544493e-01,2.328457882269125145e-01,9.887240976094946454e-01,6.723731580675307296e-02,4.342042965663608922e-01,4.769992518384841840e-01,3.467651184693150701e-01,7.370059281153258368e-01,6.694046328994669448e-01,7.142991355103212037e-01,1.070354015713234769e-01,3.080869543385071907e-01,5.855357801973204435e-01,3.925707233252950790e-01,6.344121854363532487e-01,4.462739787305918804e-01,5.652459893036800853e-01,1.679219465386163623e-01,6.684209909160812035e-01,7.114729094933203157e-01,8.347534406779305582e-01,8.570409603404723908e-01,2.507307524215303118e-01,8.200088655356317924e-01,4.840839341549533770e-01,6.109159816536734455e-01,7.308532078888319017e-01,4.977005107726715782e-01,6.671584481897669949e-01,-1.183216219469148123e-01,6.034950229678046618e-01,4.876464736904972952e-01,6.666097702285005422e-01,3.090870373762383827e-01,6.190806039535805549e-01,7.229614694275782183e-01,7.035264124262302632e-01,6.317033785311931826e-01,5.654601691534502095e-01,9.743986624727372092e-01,5.925738651438914317e-01,8.660197661037494221e-01,5.221267904628994483e-01,7.344038535000692036e-01,2.432273613705176751e-01,4.153424906734884958e-01,2.884275582092875601e-01,6.070000743099929208e-01,-1.065443249676134713e-01,2.862983277538267979e-01,7.729347636628074447e-01,4.326103299102290745e-01,7.682654909984973912e-01,7.954922650821993901e-01,3.203941699706791719e-03,7.337352284121352319e-01,4.196897824523841414e-01,4.037604941823307314e-01,9.140814041071659846e-01,5.207515467391442554e-01,6.657058744425117247e-01
7.635953858158112117e-01,3.633351161675265062e-01,7.764107457171339766e-01,4.230449478690769816e-01,6.277863659035159971e-01,7.663136655597313496e-01,7.169049551420756394e-01,6.871139102221418549e-01,6.087126432654766939e-01,6.908498063715748927e-01,9.298182618816590583e-01,9.326431383754696380e-01,2.807682315074898627e-01,4.034418950323659381e-01,6.154578727079520473e-01,9.697599823381175543e-01,0.000000000000000000e+00,6.811157603526006854e-01,4.965750927236157186e-01,4.433291933742372071e-01,6.231858441682870398e-01,5.542838560502049150e-01,9.479522755825372515e-01,6.578832843149359233e-01,6.724494134628626885e-01,4.193027430861395177e-01,7.632483558048640537e-01,6.597111136347495464e-01,4.436738579522224168e-01,3.296143788392268403e-01,4.083644516338528763e-01,4.701462972850018462e-01,8.855881790957158550e-01,9.839295122118647541e-01,5.300422172744547744e-01,6.852252476333413611e-01,4.568403730965434062e-01,9.301995591217367965e-01,6.947702849556507410e-01,7.839945548175664136e-01,2.226540216779190340e-01,6.024370680246052823e-01,6.373047783170947556e-01,7.284044660728786758e-01,9.886871806374132321e-01,5.793541333860345866e-01,9.366040532253040451e-01,2.814617284443157175e-01,1.397729234602831938e-01,8.519929524817707600e-01,4.383799931950899120e-01,4.117861244437401869e-01,5.829825716229827259e-01,6.438924091710396258e-01,8.006266160038856272e-01,7.722998678178206733e-01,6.380760030091204849e-01,9.464788746896698468e-01,6.670610528761664604e-01,6.210468943043303547e-01,4.597402157638350029e-01,8.256525825581424449e-01,6.798601719396071275e-01,9.302923574967046916e-01,9.563736441826609092e-01,7.680445640853753586e-01,8.058998878938979926e-01,7.690151111181312560e-01,3.377317800065170461e-01,6.211747287665061457e-01,7.167547561254488109e-01,5.126668184709742143e-02,4.081175843855537333e-01,4.809979560457656178e-01,9.798576077006608820e-01,7.616746761690429413e-01,5.753117118507817818e-01,7.381999776089737120e-01,6.044904783719624586e-01,5.409187454069173118e-01,5.667586118819939456e-01,9.936814674435197059e-01,1.769520718275243432e-01,4.859553300309024104e-01,8.277437658791125807e-01
6.200356687474741779e-01,3.616571850695986523e-01,6.526997536253194010e-01,5.544710910983694507e-01,8.024731009892522859e-01,9.177248388248110400e-01,4.654790524049795541e-01,4.754206778353549379e-02,7.014584436265542955e-01,2.455270104500775485e-01,6.958681487375312225e-01,4.728893211315161049e-01,9.326932999815464864e-01,6.413671387966306536e-01,7.912038525230380426e-01,5.908123002643319577e-01,6.811157603526006854e-01,0.000000000000000000e+00,6.425469710475337770e-01,8.891476602007808427e-01,8.321149929255462763e-02,3.502014624734397508e-01,4.261002629998338342e-01,8.239626975287712707e-01,7.184264172936788428e-01,7.057023366447104928e-01,9.863101587942040283e-01,5.667888409959612739e-01,5.510744266519361778e-01,-8.208043050658492268e-02,1.620916535440105055e-01,6.827755797987314912e-01,3.787861254189613391e-01,4.887170164478130685e-01,7.157679721499914383e-01,4.775144880824601090e-01,-1.321973734580134674e-01,2.026341922253978300e-01,6.328218026405191265e-01,6.175353309651061551e-01,8.835880308494753477e-01,8.523754788710783403e-01,8.092727682374576403e-01,6.130802041663906410e-01,5.972208914843155636e-01,8.479689114611104195e-01,9.595774746622935947e-01,7.967764995787138815e-01,7.017133415943616059e-01,3.933413260474624140e-01,4.268765841916445369e-01,5.350168172550893164e-01,6.240518416943806601e-01,3.849019757680438580e-02,7.734559133935953179e-01,7.603828946795216925e-01,9.488080297757810477e-01,2.751576902313580542e-01,6.637092719272852381e-01,5.729819662811306280e-01,5.289489255904020748e-01,7.696195696997959468e-01,8.452604811325357126e-01,7.837264089613038553e-01,9.576153677726080282e-01,6.537481545865968247e-02,7.209266607700700602e-01,4.623177754572633247e-01,6.637112901967902046e-01,7.195995646466326612e-01,7.987401367292134013e-01,6.213148007412080398e-01,2.185688113719796988e-02,5.315184300030088016e-01,8.167629474368159892e-02,7.315396835805965114e-01,4.381006084223506014e-01,5.142548398841286783e-01,2.755754012373982653e-01,2.085718099402597003e-01,7.291151996158614645e-01,5.140977388605640908e-01,4.340382348120991884e-01,3.299196119423989382e-01,7.057137422903506652e-01
