0.000000000000000000e+00,5.968303650892154977e-01,2.847982887226278570e-01,9.349489689020498151e-01,6.871516715211565263e-01,6.163118740763725567e-01,6.846022801501818744e-01,7.558588106623265190e-01,7.896722219236600449e-01,9.774993580287522077e-01,2.267068492449584582e-01,7.132483768046014028e-01,3.256238312141433999e-01,2.908906342929941657e-01,7.356890031534137897e-01,6.543016101993991418e-01,6.071951814771043843e-01,6.018957006362302131e-01,7.545981743366720895e-01,9.868380484295571353e-01,7.801157606687469936e-01,6.113903925266841455e-01,9.951559153242975908e-01,-5.298655160019974386e-02,5.699235733210794574e-01,4.335947009278867670e-01,7.737622601969567082e-01,7.929138389935668219e-01,4.199719263372015399e-01,1.853071046109713571e-01,5.522596698100020740e-01,4.324724875790721956e-01,6.564297270807470941e-01,6.339771387679530301e-01,6.157742956279247393e-01,3.237961183291447886e-01,3.870989462766551981e-01,8.984057929938832343e-01,9.462502449538334748e-01,5.151386704454062881e-01,2.386835368930928791e-01,2.191199084662085739e-01,7.768518716692193182e-01,8.732321294045519711e-01,7.435690161232705320e-01,-1.618450392883951650e-01,5.927618417012595620e-01,6.013939329546578172e-01,4.526676120630965250e-01,5.455919336487486948e-01,9.267469583365660624e-01,2.745921904139141390e-01,6.185697126745154373e-01,6.786918934520436153e-01,7.491071819892007877e-01,9.588730774570327631e-01,2.715019405978409961e-01,7.605029921644319568e-01,3.951504854781388021e-01,7.644992997742525720e-01,3.433892369061946059e-01,4.371216273795197615e-01,7.842539368237382291e-01,5.422994246713882527e-01,9.205812593604197902e-01,3.675990506190284224e-01,4.047488256972476828e-01,1.706164568828861527e-01,9.418058455692915887e-01,5.084708813206069156e-01,8.657516467503268975e-01,4.018212705674832352e-01,3.521983399814825333e-01,4.783023465326455281e-01,7.078725730712140951e-01,8.646569166210014146e-01,7.338652742062216072e-01,2.235725101309553042e-01,2.040426203820579487e-01,-1.208339364436020885e-01,4.035564652881162284e-01,9.174420330574982740e-01,6.246972722756218843e-01,7.607169658792716227e-01,6.012636234824202397e-01
5.968303650892154977e-01,0.000000000000000000e+00,4.748027140284068470e-01,4.400727188701631376e-01,3.240146671108590226e-01,-1.801373283923396185e-01,2.955339085979856728e-01,3.699407740269587963e-01,7.488363217322033805e-01,9.548965256546685376e-01,7.215300704147924460e-01,7.716213362833621581e-01,9.956108246355490632e-01,5.509539861772255742e-01,7.553510915646128865e-01,-1.259205157491497529e-01,6.494917725886499849e-01,6.037555510036556328e-01,7.294967333712288893e-01,6.734718706408959754e-01,5.089451949498741135e-01,7.429874105400274820e-01,7.626113126334449488e-01,8.369119930967496845e-01,2.123792087469077439e-01,8.856210318173223239e-01,6.710610335278086591e-01,9.542447163674031563e-01,6.667190002236487167e-01,5.357778107161592640e-01,3.371495936185775477e-01,2.313130101722832566e-01,2.942863426296556950e-01,9.025716074790465226e-01,6.424842090187672383e-01,2.150053460804273731e-01,6.548411310597017365e-02,7.654241104537924389e-01,6.859480924412105773e-01,6.455871265031268846e-01,1.610848247719687439e-03,8.877936981558652851e-01,6.102417185676490829e-01,4.655498475975646810e-01,8.714951203502905308e-01,9.906206227452242219e-01,9.085502915452148276e-01,3.892295949418348444e-01,3.397871052508880108e-01,7.930376257210688395e-01,3.750336809979750718e-01,5.063616035868203635e-01,5.770952716012185402e-01,5.010121933859991161e-01,9.309605781478255127e-01,7.849198691258242322e-01,7.327030799315833454e-01,8.833107976214714663e-01,6.238339739163071274e-01,9.976136016404298090e-02,3.744272165418326415e-01,1.302928093607326199e-01,4.340712602448356661e-01,7.451179243349921322e-01,7.705705703267484719e-01,7.718201686837655728e-01,7.245679481699305313e-01,6.690557614381971163e-01,1.159028604680729518e-01,7.307527944885378046e-01,7.285768493947060165e-01,3.878174185666802831e-01,4.662902516721333379e-01,2.183848106204011597e-02,4.912883312870255370e-01,3.507959260590934880e-01,8.748061371524382679e-01,4.391441462623456027e-01,5.801140599968661604e-01,3.796015103506946708e-01,5.368440775262437459e-01,2.712504201842380613e-02,4.867561437324149365e-01,5.972979930039432617e-01,7.813334902338251453e-01
2.847982887226278570e-01,4.748027140284068470e-01,0.000000000000000000e+00,4.659339458490329156e-01,6.255800172258736414e-01,7.043507278351387457e-01,4.836864835427881482e-01,7.817299024127148943e-01,8.110544413571734168e-01,9.979608256999300542e-01,8.378499334674989196e-01,8.792124999567390020e-01,7.137539609419084607e-01,9.664771384222624606e-01,8.349062862269311935e-01,6.187549026686373077e-01,7.818230606416514128e-01,5.783304244343592249e-01,9.797634899683405063e-01,7.338458945853379989e-01,4.528218323915553234e-01,6.720359034473810667e-01,5.652425676223836737e-01,2.770968619576400505e-01,9.935541364417989074e-01,7.495041252229648343e-01,1.436277627384157929e-01,8.467755057153688591e-01,2.846303075504098001e-01,1.747820534532784631e-01,1.896112781522682200e-01,9.977842080225385324e-01,7.384431492297851563e-01,9.452645495929257180e-01,6.245422661517543439e-01,1.400186987107618908e-01,2.220070415117857410e-01,8.495074608991912690e-01,7.050362565262672243e-01,6.226347638988206645e-01,6.524526502090559621e-01,9.557310149054787374e-01,6.903095362238579336e-01,7.438343281845811727e-01,8.835185658930184704e-01,9.583721642453451040e-01,6.180562524866910490e-01,9.975861578051257172e-01,4.316055186118271658e-01,5.608644392297218451e-01,6.636493338766772387e-01,6.346456677350503783e-01,7.005406306768393598e-01,7.395320520592441049e-01,5.560071272356268413e-01,6.313271085940211913e-01,9.658378678695339614e-01,7.274529396314894925e-01,9.619339499997849874e-01,-9.217088919280846948e-02,6.159548938121046646e-01,9.849726362993211914e-01,9.767739624307567592e-01,6.881990799741163345e-01,7.452030919452344859e-01,8.934102689769635175e-01,5.914062022683668207e-01,7.453717066863676521e-01,6.867147501243172636e-01,4.202076629995001311e-01,6.635587814876877655e-01,7.017275145657454472e-01,-1.041367447934704593e-02,3.742148673748425525e-01,9.304807483357090403e-01,3.130682514342039702e-01,9.836198392590488337e-01,8.748526315990159397e-01,5.671602445051725505e-01,5.795300181858288324e-01,9.645378252056482360e-01,9.079410895764574718e-01,8.292957245131107324e-01,8.947326804131332523e-01,7.345977158067497070e-01
9.349489689020498151e-01,4.400727188701631376e-01,4.659339458490329156e-01,0.000000000000000000e+00,6.024816211093735330e-01,6.502254862218814768e-01,4.916331617926030795e-01,5.271921659162889240e-01,2.385752590005583984e-01,2.058101290278095963e-01,7.526976439453970658e-01,6.111380967609120196e-01,8.249877128799216752e-01,2.768297150683857177e-01,7.105522929843409718e-01,6.274887142137776097e-01,9.765456948614491539e-01,5.399459709875065183e-01,9.834924596169618560e-01,6.884779352538917818e-01,6.859187050525793472e-01,7.681519871220887641e-01,7.633276804991836473e-01,8.564550985048132725e-01,6.880206572297469236e-01,6.585752378460527634e-01,2.431964596910167475e-01,5.593458738741097225e-01,4.475011012868659321e-01,2.134982942981069054e-01,5.683456179536521269e-01,9.587849103062306977e-01,6.202053382529987280e-01,5.915106677216069864e-01,6.010195521584936751e-01,5.198083172906591276e-01,2.387787334929246386e-01,6.556330496241715711e-01,5.359206828712437254e-01,2.220928616439376557e-01,5.677871484725801610e-01,4.912493187323970223e-01,7.497972371577413808e-01,9.457039104054203449e-01,8.529338475230701100e-01,2.009153160084045653e-01,1.444377232996979510e-01,6.738682610312841659e-01,5.393588685585997133e-01,3.370189450910909823e-01,7.126900009557152194e-01,9.690129746070964556e-01,6.331099018849926097e-01,4.766022101232366137e-01,6.182677893053833973e-01,8.773090583457908709e-01,6.650629036309685382e-01,6.343864406161487945e-01,4.444158773006705587e-01,3.432884879718444138e-01,2.858868367300392843e-01,7.860941514294745858e-01,5.900559025129822333e-01,9.914754784702739521e-01,9.020727148110905258e-01,6.232100847930054366e-01,4.150581433509081819e-01,8.380274858463654386e-01,7.105334683675800234e-01,4.212454758000520050e-01,6.409154973549278100e-01,7.050063391993186546e-01,2.176718720271030028e-01,3.471379190312215979e-01,7.595281575269191565e-01,6.118144399748419726e-01,7.494077614756086136e-01,4.727941518565896839e-01,4.503749253418772858e-01,-7.175565874653680454e-02,5.689185914449373938e-01,6.057093859965912985e-01,6.090396748821114148e-01,-1.451415333087882620e-02,6.885425485140620472e-01
6.871516715211565263e-01,3.240146671108590226e-01,6.255800172258736414e-01,6.024816211093735330e-01,0.000000000000000000e+00,6.244140465481106128e-01,6.559083238944892758e-01,5.695325181640732426e-01,6.297920777560882533e-01,9.493564619812825400e-01,2.203654803240419069e-01,7.137462686410539492e-01,6.868472966402466851e-01,6.219863961645807349e-01,8.561731348827180677e-01,5.537709751792230239e-02,5.643940743837078111e-01,6.114131607907699051e-01,7.375580043048416412e-01,7.963876379389795979e-01,8.157777516328033052e-01,4.394690581700346765e-01,4.883272078729541943e-01,8.900612684612901893e-01,4.906590471762294348e-01,4.444854116635938435e-01,4.103160201216443093e-01,8.277404189061570161e-01,5.357108033801775138e-01,7.025058225974277759e-01,3.083697659478575048e-02,5.025095536545396424e-01,6.911870484672053561e-01,6.075246201795945211e-01,6.118953392485428910e-01,5.338151004381804787e-01,3.234581030657511236e-01,5.727392386683797243e-01,8.039026790731813588e-01,-1.351626844377946390e-01,3.789117149214208391e-01,5.336007363188137731e-01,6.621141080561578907e-01,2.052417002541048474e-01,9.042212257726571778e-01,7.881698528932985504e-01,8.150472925500413801e-01,6.430554953555668307e-01,7.863521874586618665e-01,6.315087142704660650e-01,6.237697031492670519e-01,9.587738743003588748e-01,5.378754403602717948e-01,6.964493599189187645e-01,7.627885622836140245e-01,7.544128000244511023e-01,7.611811758935297378e-01,2.864231424058452657e-01,9.790618583839154621e-01,4.092282283287442812e-01,4.117930938456183521e-01,7.974174017224771038e-01,6.675630503160364659e-01,9.407125753352408859e-01,9.554337692573510177e-01,3.301219037184089378e-01,4.112581555257823762e-01,7.376487014245469709e-01,2.041284193380453194e-01,9.972596276190918152e-01,7.903065348102926713e-01,7.907986824555079952e-01,3.511196562255434195e-01,2.320972874473760661e-01,4.530793368823543554e-01,4.147259650139733522e-01,7.109682456227580660e-01,7.685147600407437052e-01,5.640757424902647504e-02,3.905460261734199356e-01,7.842547146739680120e-01,9.934671069370537566e-01,7.994167525469023650e-01,2.767992335093503731e-01,3.525633091428529431e-01
6.163118740763725567e-01,-1.801373283923396185e-01,7.043507278351387457e-01,6.502254862218814768e-01,6.244140465481106128e-01,0.000000000000000000e+00,3.068265014199235141e-01,2.531598877726101704e-01,6.914388070688596288e-01,6.690315713659100716e-01,1.961450936143930568e-01,2.473468594645707175e-02,7.505965939565101275e-01,1.276297700320652984e-01,5.450475342156391179e-01,3.609792475813703438e-01,6.805824770501731624e-01,7.823464849136528843e-01,6.339537928303745629e-01,8.840609684213323050e-01,2.150371977535693868e-01,3.791383410866827619e-01,3.304188850551157963e-01,7.483531593902320589e-01,5.587137134344558609e-01,9.336441383513234271e-01,4.652621937549389908e-01,3.642829630972571620e-01,8.673405653232149626e-02,3.377699364562083278e-02,5.425309935775243231e-01,3.774833555442954625e-01,2.145255692480591836e-01,6.367829093264218976e-01,7.976978172005826373e-01,3.792670062683569654e-01,7.813046804894988040e-02,4.107146871277405076e-01,3.741534598271279988e-01,6.434321139105521059e-01,-7.647770428157724121e-02,4.393895285938069217e-01,2.146252499748178555e-01,7.079180179297454023e-01,9.517724141365034862e-01,7.565817703313517661e-01,9.424650530578188024e-01,3.579618301098314026e-01,4.103516754994462890e-01,2.853696003665989189e-01,4.653842344895599004e-01,4.515860121398615479e-01,3.865665360303864873e-01,6.124912299416571670e-01,9.826686244399530645e-01,5.259848630857936191e-01,7.891568819000356338e-01,1.884475629253786755e-01,8.376691064125526553e-01,2.212381700384377647e-01,4.673823169960661383e-01,9.208688015924179071e-01,6.754946718080904189e-01,6.356200339093671658e-01,5.850348942660099638e-01,4.832554111972882094e-01,3.482418924715022929e-02,9.463018744716582553e-01,6.139113637068058793e-01,8.955400654051227649e-01,9.108333540690090047e-01,5.724289486051422626e-01,4.661874192349533264e-01,1.777477080863601108e-02,4.050866573985216768e-01,6.861638862479374490e-01,9.471469162794982077e-01,3.229357886566283642e-01,-1.067302571904923808e-01,1.701912054395142426e-01,3.988172228863505753e-01,7.216152837951868015e-01,4.510657092463960516e-01,3.815672171687287673e-01,7.763733914037032058e-01
6.846022801501818744e-01,2.955339085979856728e-01,4.836864835427881482e-01,4.916331617926030795e-01,6.559083238944892758e-01,3.068265014199235141e-01,0.000000000000000000e+00,2.035246251817068863e-01,1.766771430568134238e-01,2.775081637203163920e-01,5.925408403419248904e-01,5.373706048805488855e-01,7.284066408671483472e-01,4.613201728175368999e-01,3.413007105136864894e-01,4.328031942598555837e-01,3.181452630790997382e-01,-2.743085242937176038e-01,4.242084204129283886e-01,7.679453562704980918e-01,7.234747034493431705e-01,1.788115131083604092e-01,2.540730791356740625e-01,6.858875868782151608e-01,4.135699839299643576e-01,2.549056941551750555e-01,9.470427518221251617e-01,1.535108231170214700e-02,3.789595241832220962e-01,2.106724503453131780e-01,-1.305592263410191300e-01,3.619296393706197823e-01,6.564542823283081585e-01,7.734239872100886481e-01,1.336154025113569788e-01,4.763645170847640720e-01,3.042990278736827925e-01,8.129775072733165242e-01,8.091835024410850563e-01,7.964536740177567964e-01,3.501893988711676231e-01,3.991350683550928258e-01,3.571034443409838999e-01,4.409294928341189190e-01,8.617149898168474653e-01,4.959108751477175892e-01,7.651868871815913353e-01,6.635777925797547994e-01,7.719035898309906107e-01,2.956242113031799512e-01,7.519549630206083801e-01,7.566178164902208625e-01,4.478614833205251111e-01,5.059966920673366619e-01,8.067262427708820072e-01,-2.153181281232983690e-01,5.039914311447828421e-01,6.370178330677431777e-01,6.407114372491687915e-01,3.816003754222446753e-01,2.467140239479051478e-01,9.272208200715975623e-01,2.075468886513260058e-01,2.226226680939182023e-01,8.329891670328022357e-01,5.037068558418116293e-01,3.136225271546570492e-01,9.896552916516285769e-01,7.218915019135887512e-01,5.572786843426421610e-01,5.153493954977064195e-01,7.344241305662700947e-01,6.640149038785687630e-01,5.445105424925251736e-01,2.505146624921811838e-01,4.507363418048508374e-01,5.245160636185866032e-01,5.615795689251180667e-01,6.343769909327439116e-01,2.410931296271337509e-01,2.223491164556652688e-02,2.706643416766012500e-01,4.397241045807974147e-01,6.576018729209098801e-02,2.274833176600768447e-01
7.558588106623265190e-01,3.699407740269587963e-01,7.817299024127148943e-01,5.271921659162889240e-01,5.695325181640732426e-01,2.531598877726101704e-01,2.035246251817068863e-01,0.000000000000000000e+00,5.979777962069571240e-01,6.110885135406621815e-01,3.684047381039567415e-01,7.769792916693825102e-01,4.006044191206187266e-01,-3.460309348921050687e-02,8.314145352106095954e-01,7.740368451058159405e-01,2.300136315853500979e-01,7.398183809720180193e-01,3.410636720589506066e-01,7.787914576761607588e-01,6.539410371069741545e-01,4.510689938961495726e-01,6.768332654065640774e-01,3.833075681227112730e-01,7.911356346524487382e-01,2.961264994372569404e-01,2.597772638050425131e-01,1.235648999482391042e-01,4.830127407925389194e-01,4.223817482513287369e-01,5.589440672842083124e-01,4.167871616608601615e-01,7.908890927590374043e-01,5.388432151862105890e-01,5.658367691718523274e-01,3.408907298122194618e-01,3.997648235459386190e-01,4.875880681321937971e-01,8.607155503371806127e-01,3.760006460132216954e-01,1.425515946895593300e-01,2.862998100714058691e-01,8.262711297475340277e-01,5.214365218784073885e-01,6.615234854607224824e-01,5.703275963096915424e-01,1.313351545745446436e-01,5.768086124545974691e-01,1.636463749824104350e-02,7.591327803670893104e-01,6.391277153292307389e-01,7.198911446759022059e-01,4.247802078207454368e-01,6.796691507690636458e-01,4.522131442843440041e-01,9.470769939973737728e-01,7.274939918574794273e-01,6.744867843387125639e-01,8.416874889226018119e-01,7.025085357415994380e-02,4.536925260151618011e-01,7.016982724184224196e-01,7.607964667871305875e-02,9.740766405159366759e-01,9.998177398480532219e-01,4.390924838684140963e-01,5.331551921567934116e-01,8.142731850638700308e-01,4.733668992388470609e-01,6.164325032280740801e-01,5.235878824057990100e-01,7.770527435675406158e-01,4.901144851043034989e-01,7.984141986020024118e-02,4.094224554485320078e-01,1.749810864382439620e-03,7.055356027088395265e-01,3.677513100069320084e-01,2.009616530464235495e-01,5.033577070492060157e-01,7.161305585518129568e-01,3.691091483948419905e-01,9.835929219819951053e-01,4.654424555860147139e-01,7.875276101025263653e-01
7.896722219236600449e-01,7.488363217322033805e-01,8.110544413571734168e-01,2.385752590005583984e-01,6.297920777560882533e-01,6.914388070688596288e-01,1.766771430568134238e-01,5.979777962069571240e-01,0.000000000000000000e+00,6.904247921426877044e-01,9.562323057822586306e-03,6.663246318973893301e-01,4.207351489875664208e-01,6.409748548828382297e-01,6.043279610930410994e-01,5.422480798291292592e-01,6.156091083690178323e-01,5.846333987727512227e-01,6.845325594041571371e-01,9.744186135692652906e-01,6.302338212228597580e-01,6.301907833902947731e-01,5.872824625176868985e-01,9.913112690939603899e-01,4.916409211433112048e-01,5.698583145551469054e-01,6.636556207805032193e-01,4.238233123807282759e-02,2.411712957319357420e-01,4.844958569541686355e-01,3.338082823668758747e-01,7.277760001984061589e-01,6.014559599910930254e-01,5.138452492215803691e-01,7.913401536852440188e-01,4.942404656115348960e-01,2.060675587288074706e-01,3.621887083936821683e-01,5.194345992894737751e-01,7.427611406387624182e-02,4.463359240588275489e-01,7.814102906815569849e-01,6.760122433869919512e-01,7.799880472164725242e-01,6.509643657550037155e-01,6.216917564877139091e-01,6.859125857534330573e-01,4.806119391281462594e-01,2.418367434756774070e-01,4.189642255218740674e-01,6.565489510378968996e-01,4.947128119305699290e-01,8.190179213281751913e-01,4.490965417885245392e-01,5.952166315276078423e-01,5.667241803857344662e-01,8.628598193784520198e-02,4.761737197228871343e-01,9.020422962136190881e-01,4.012815280259731110e-01,4.725530245834774212e-01,4.047901667832340955e-01,7.157449476536377198e-01,8.098012111460098916e-01,2.175043009564938679e-01,3.879185782821806816e-01,3.422793730218486319e-01,7.081539035348558553e-01,1.958721998160538880e-01,1.798046296032795865e-02,6.354056030987518255e-01,2.610632446899365799e-01,5.154315346826868760e-01,5.506135481410727728e-01,6.333572736686232663e-01,7.647517398769705377e-01,5.931144963908150380e-01,7.527884973648663047e-01,2.657799990278373325e-01,4.998171356098273233e-01,2.182512521836201258e-01,8.783143045444363750e-01,2.035781019413736570e-01,4.597469659663341313e-01,2.713224095447704376e-01
9.774993580287522077e-01,9.548965256546685376e-01,9.979608256999300542e-01,2.058101290278095963e-01,9.493564619812825400e-01,6.690315713659100716e-01,2.775081637203163920e-01,6.110885135406621815e-01,6.904247921426877044e-01,0.000000000000000000e+00,6.532870690850408613e-01,7.801456668674745520e-01,8.348514413573053794e-01,9.610570354814156335e-01,6.781344360499337309e-01,4.282175310012070746e-01,5.028693916593109936e-01,4.410572038659725247e-01,8.585233836978334310e-01,7.797544087221393028e-01,6.374040888178295061e-01,2.166397521324470443e-01,2.378600067714005672e-01,8.231711281530289526e-01,4.769797550972746936e-01,6.002792472479677732e-01,9.330955333030876986e-01,6.198199322227514463e-01,4.502210334422260263e-01,3.321747171190279069e-01,8.175434719728390254e-02,5.373364875323545231e-01,9.191821442161849376e-01,7.318126175471738604e-01,6.377441485611715644e-01,7.886873786133172803e-01,1.397653820602273722e-01,4.830206249884771985e-01,6.047190051324387028e-01,7.499259116448595552e-01,3.586594775070679475e-01,4.643878404477588817e-01,4.286526754789904414e-01,6.274929383486460566e-01,7.474475660102211094e-01,9.833203401694552426e-01,3.889471939640457565e-01,8.363375558733262549e-01,3.738443581694246287e-01,6.924083204687329074e-01,2.702348653321828831e-01,7.294456234970938535e-01,5.754285873164124432e-01,2.356483663899271441e-01,9.657218632832694771e-01,5.960216031187679508e-01,8.849171032016744931e-01,4.709626436109304315e-01,7.004698640463737913e-01,6.524012673415975350e-01,2.544264843159999012e-01,6.435382934568983915e-01,4.749732381465343600e-01,8.761040661237695648e-01,8.680305748714611802e-01,7.109905809613180638e-01,6.636349019481337930e-01,3.107095094994408169e-01,3.149660560448260815e-01,7.370995981812619169e-01,6.603461938614744176e-01,4.124595584122671132e-01,7.709779224956359034e-01,4.249980865513491302e-01,7.734800555171873482e-01,4.982960263579334637e-01,5.428025915004700552e-01,2.974891782838074983e-01,4.671131838464829822e-01,3.811382631219917272e-01,4.235760940882956072e-01,9.341887666619343999e-01,7.530261258515349443e-01,-4.198811927787871046e-03,6.808722657384254084e-01
2.267068492449584582e-01,7.215300704147924460e-01,8.378499334674989196e-01,7.526976439453970658e-01,2.203654803240419069e-01,1.961450936143930568e-01,5.925408403419248904e-01,3.684047381039567415e-01,9.562323057822586306e-03,6.532870690850408613e-01,0.000000000000000000e+00,5.501632626011363492e-01,7.110196246728589520e-01,8.308766025240428288e-01,7.096860925280965571e-01,8.703969168655696365e-01,5.387633602448065329e-01,3.020540827556322250e-01,9.653024423666979326e-01,7.971770993276949824e-01,8.751320039714329813e-01,7.924616828649302391e-01,5.651065641522590166e-01,8.231523402708108561e-01,8.571737731551427597e-01,1.231954008867544720e-01,7.647838496361039073e-01,6.550874955302877778e-01,3.890395047633637970e-01,7.000098492641962933e-01,2.705772264319107334e-01,5.100375563248227273e-01,6.682073552050362686e-01,7.312270271131875443e-01,3.181292598047924525e-01,6.778045761407406333e-01,2.165115103354954829e-01,4.254716437045704680e-01,7.231567916296046672e-01,5.349045545459552020e-01,9.867647198545644871e-01,9.050074725981442914e-01,9.695599873764694232e-01,4.201971320315299740e-01,7.197328208444622177e-01,9.263999328917612575e-01,5.510214717841424026e-01,7.053291808085458969e-01,3.092255266362827770e-01,7.628101129630654453e-01,6.367658329757830415e-04,6.872202398622775377e-01,4.355981511324813482e-01,8.985019077770004525e-01,7.036421657404807739e-01,6.992664259484638878e-01,3.599907083728718926e-01,8.008075724729197820e-01,7.304326765865680748e-01,5.364623793742808733e-01,2.732750157066505814e-01,4.837558555858588738e-01,6.763323172318862486e-01,6.950265437752638498e-01,6.175924166244897151e-01,5.722019567507125037e-01,3.084414238849059187e-01,5.677494266129453626e-01,5.892352289697255774e-01,7.125890170218229791e-01,6.923564813383124017e-01,4.492464379566586397e-01,2.919980402646936146e-01,1.323781269855866249e-01,5.847215033954038937e-02,7.457993463283377755e-01,8.534479661727023547e-01,9.102736448835363481e-01,1.800335362877371892e-01,4.537469187534488024e-01,2.972878633948407012e-01,7.281042377812041444e-01,5.949207787012491533e-01,5.666996684394871586e-01,2.023247172307055253e-01
7.132483768046014028e-01,7.716213362833621581e-01,8.792124999567390020e-01,6.111380967609120196e-01,7.137462686410539492e-01,2.473468594645707175e-02,5.373706048805488855e-01,7.769792916693825102e-01,6.663246318973893301e-01,7.801456668674745520e-01,5.501632626011363492e-01,0.000000000000000000e+00,7.732703824223691180e-01,4.549646513355070643e-01,5.818013339984936527e-01,5.226891111482263597e-01,9.487733813519791948e-01,7.078438117641309146e-01,6.196554242406765445e-01,4.640113912258176931e-01,6.955828163386863494e-01,5.441417223094712208e-01,8.411914515967049422e-01,8.954145554932696482e-01,3.405979016437041818e-01,4.396204080190603269e-01,8.473557729285730034e-01,9.546377251301365607e-01,5.603447261802338986e-01,7.567261543458214668e-03,2.824004153661671679e-01,2.696141889780745426e-01,5.013271302313333511e-01,8.469711017076547721e-01,7.114049599569921556e-01,5.007770737633436831e-01,3.682630050412604161e-01,9.173860978661431131e-01,9.717688224767840888e-01,3.790673279884807512e-01,3.878948949707016203e-01,7.032594483219883896e-01,6.079728395297744337e-01,7.040864079347628479e-01,2.204133028304399167e-01,7.145543441366641879e-01,7.684765559531350210e-01,4.496370303571800564e-01,5.683697776165432813e-01,4.417430717142702412e-01,7.561950333867585305e-01,7.046246105294724504e-01,6.162313567800441483e-01,6.626603261707647574e-01,7.007791623664855196e-01,8.622614223568615399e-01,1.918935746618078975e-01,6.101999443858509009e-01,2.029053947011510983e-01,5.175169200319982288e-01,3.462885771680613844e-01,7.920565761737187183e-01,8.275440930614457180e-01,8.395428518369374427e-01,3.640709068231638978e-01,8.403608885975923926e-01,8.142335676810489309e-01,6.753644525870761139e-01,2.031658131728635019e-01,6.010156804087942728e-01,8.914022299503576718e-01,8.810008929402625144e-01,-5.460017417588550193e-02,2.228304784240121295e-01,4.321193057974162532e-01,4.450840032996795648e-01,7.356346464110292693e-01,3.201405852270174934e-01,5.580601048212756599e-01,5.844353111638505016e-01,5.507909956064929169e-01,4.016023955352922559e-01,9.754450559195517734e-01,3.467843161798938034e-01,1.307681654831502338e-01
3.256238312141433999e-01,9.956108246355490632e-01,7.137539609419084607e-01,8.249877128799216752e-01,6.868472966402466851e-01,7.505965939565101275e-01,7.284066408671483472e-01,4.006044191206187266e-01,4.207351489875664208e-01,8.348514413573053794e-01,7.110196246728589520e-01,7.732703824223691180e-01,0.000000000000000000e+00,6.508520214889785827e-01,4.528244622677611297e-01,9.785582138454816947e-01,7.538718712445560133e-01,7.890274101369304516e-01,4.136952689409749695e-01,9.750744208443138383e-01,6.471071406997969122e-01,7.395628695172409284e-01,7.807117900869744442e-01,2.685681817649286374e-01,5.617003592901077536e-01,7.699135899663426263e-01,7.227530925948303375e-01,8.514513330078188336e-01,2.197358239087447429e-01,9.363677289234535739e-02,3.694071358522519888e-01,7.925562791168937471e-01,4.515952213658278036e-01,8.971500431155777777e-01,9.674743562654992690e-01,5.426620973305473772e-01,5.583071344279689763e-01,6.893714594595521383e-01,6.539836533823262243e-01,2.915164071157457792e-01,3.732664389563988827e-01,8.320298394692058341e-01,4.025405238496810312e-01,9.383599019128354701e-01,1.026878650871366760e-01,8.733429519400086605e-01,8.614175366251024535e-01,6.210363061034941401e-01,9.143381186311625441e-01,4.231177387697275805e-01,8.974501424789728121e-01,7.175751265779961585e-01,6.821915516059745555e-01,5.179265512775750313e-01,8.434847770694756663e-01,4.298166998194349886e-01,9.713980714316828857e-01,9.468762938029652299e-01,1.722417700292020737e-01,5.372429695100794378e-01,4.383796323003757989e-01,-1.204105963322533723e-01,6.905768782433652220e-01,6.589932963916954600e-01,7.781125463878086901e-01,9.859822999284888478e-01,4.268846872625810529e-01,8.937930979051665892e-01,7.079823292088048836e-01,1.172516099955023261e-01,4.810196768802560974e-01,9.819703174245999477e-01,7.832535524383222869e-01,1.317570154303804439e-03,6.452776710754480893e-01,4.574550163362508526e-01,6.447232199807254593e-01,7.166429281372083127e-01,4.642301747615742435e-01,5.384610001282269520e-01,5.569419847588076289e-01,3.066906985880717973e-01,2.730936582079802610e-01,3.647950302646802978e-01,8.641719411874566603e-01
2.908906342929941657e-01,5.509539861772255742e-01,9.664771384222624606e-01,2.768297150683857177e-01,6.219863961645807349e-01,1.276297700320652984e-01,4.613201728175368999e-01,-3.460309348921050687e-02,6.409748548828382297e-01,9.610570354814156335e-01,8.308766025240428288e-01,4.549646513355070643e-01,6.508520214889785827e-01,0.000000000000000000e+00,7.185645448041799721e-01,4.999084412681863987e-01,7.966780321921157482e-01,5.191577770250975776e-01,4.894582671904496030e-01,6.552174622109571134e-01,7.753935074140296813e-01,8.824361897336797655e-01,7.056438162938920566e-01,8.661060462269312143e-01,4.517685341810426802e-01,8.048874825074887607e-01,2.492390268908795115e-03,8.730374382377741327e-01,3.917490021614005724e-01,1.732529385724068394e-01,4.923247250779370088e-01,4.997389591810831866e-01,8.294939069098110629e-01,9.059086158258947696e-01,5.753214175771703687e-01,4.484796207203238239e-01,2.534807685855020726e-02,7.661067831970312936e-01,5.509333182586235722e-01,6.034787749361708586e-01,8.216431269699407680e-02,4.022500772276498271e-01,7.338184894614031561e-01,7.313538677022711765e-01,8.182087086162141976e-01,8.130692698047555789e-01,6.213372656686984019e-01,9.511135614616298417e-01,6.275924245423731840e-01,7.534807755711414590e-01,9.957377391019164303e-01,9.144414395485894742e-01,4.542072899389148488e-01,9.804659233343723246e-01,8.852678134194496007e-01,8.000865261015290830e-01,7.931723654952618219e-01,9.117600384148882853e-01,4.239994852252142454e-01,4.303577016683557410e-01,2.887893563984921252e-01,5.367576557715707519e-01,5.431658304525760483e-01,7.355052931029025798e-01,6.846184221274421722e-01,7.373698619987834046e-01,3.141825625712182379e-01,4.741427955646466685e-01,5.633228413945430280e-01,4.342892323388159448e-01,7.965658113678014685e-01,9.084999938191299362e-01,5.247020450819347426e-01,3.787368407045933472e-01,7.804936601254368611e-01,9.852824177085895974e-01,5.849761824589418957e-01,5.189163004997048301e-01,3.191885299013996757e-01,2.496664916449819194e-01,8.745737981049901411e-01,7.877091176721556787e-01,5.245208959003309079e-01,9.522054706129701868e-03,6.974691426120549487e-01
7.356890031534137897e-01,7.553510915646128865e-01,8.349062862269311935e-01,7.105522929843409718e-01,8.561731348827180677e-01,5.450475342156391179e-01,3.413007105136864894e-01,8.314145352106095954e-01,6.043279610930410994e-01,6.781344360499337309e-01,7.096860925280965571e-01,5.818013339984936527e-01,4.528244622677611297e-01,7.185645448041799721e-01,0.000000000000000000e+00,7.954940098663140224e-01,5.290324517391519210e-01,6.357383328907713071e-01,7.858025750624636485e-01,4.786543176752205420e-01,5.823119286221936086e-01,7.783191495127013138e-01,3.746894811851597673e-01,8.861495127918511683e-01,3.849886546655684749e-01,6.606735884328553965e-01,7.218028989533566975e-01,5.616912694785970439e-01,3.097588753507418691e-02,2.616005146921054347e-01,2.764731900530902342e-01,9.124325086392800488e-01,5.996296338115925106e-01,5.257820398756419822e-01,6.708273334599865745e-01,2.711868615213312017e-01,3.993337260601542704e-01,7.168793042392385129e-01,6.641092316449841437e-01,5.284840542756616966e-01,4.112013192832449371e-01,7.442085271721140538e-01,6.239102698829669391e-01,6.748999010844045632e-01,5.246945115027665807e-01,6.919064364696707603e-01,7.543872916139285900e-01,5.678881622548759278e-01,5.448946601483507512e-01,3.339706534652480130e-01,9.062514619961081763e-01,9.130284300482531812e-01,6.158568767728895832e-01,6.096761294080705884e-01,4.086582799226425866e-01,8.576967454834499849e-01,-3.549738772606828019e-02,-1.042329719074502198e-01,4.470747873069845224e-01,4.565709507699215464e-01,4.847565875636016264e-01,6.956171497872842835e-01,2.952971027845969210e-01,7.940794750836486227e-01,7.528331503874036157e-01,4.693486250035422414e-01,2.594596975801102268e-01,7.262926891992076417e-01,5.732578105809716940e-01,7.126248383547940657e-01,9.734151932049446287e-01,5.316608626236979385e-01,1.433595618147079642e-01,1.740728155141369471e-01,8.258744799332041753e-01,6.328249524393833036e-01,6.198999131036356802e-01,5.862599925120843825e-01,2.686417721578689410e-01,3.507857389024955919e-01,4.655386437735252736e-01,7.505681287945406011e-01,8.749607677274967577e-01,3.620960296685687974e-01,5.222441891557632054e-01
6.543016101993991418e-01,-1.259205157491497529e-01,6.187549026686373077e-01,6.274887142137776097e-01,5.537709751792230239e-02,3.609792475813703438e-01,4.328031942598555837e-01,7.740368451058159405e-01,5.422480798291292592e-01,4.282175310012070746e-01,8.703969168655696365e-01,5.226891111482263597e-01,9.785582138454816947e-01,4.999084412681863987e-01,7.954940098663140224e-01,0.000000000000000000e+00,4.384260904467600639e-01,3.916726593073238671e-01,2.170585286949069104e-01,6.201387893293911491e-01,4.092631041678381210e-01,6.759229131588185835e-01,7.076239694406827319e-01,4.470453521821070586e-01,5.960490017165624987e-01,-3.713988042553770241e-02,4.752918902941100643e-01,-1.306340112542247744e-01,4.346153047555094129e-01,2.499037986805029421e-01,1.588156658774317886e-01,7.568000005250651308e-01,5.466940044429734469e-01,8.784865115032134408e-01,4.729369212824384716e-01,8.959401957711500275e-01,1.806877110654408203e-01,2.847783467548027914e-01,9.367559096172641819e-01,3.153082040885241688e-01,4.530073346979371918e-01,1.263497115137425797e-01,6.740978846309439998e-01,3.102420828358306015e-01,8.651187402028419626e-01,9.929657739625836754e-01,6.665599538846225247e-01,6.655720878780814198e-01,5.037071247320916711e-01,9.384446259904428711e-01,1.372169459172970507e-01,7.571875582957215967e-01,9.996611224009304131e-01,2.674228251246313359e-01,5.273170002898621700e-01,5.914014042805109117e-01,4.757214926094856522e-01,5.762061515501833986e-01,6.211968465594770450e-01,2.601959730260883230e-02,1.814143586845471667e-01,5.146403098059295633e-01,7.460066839712499176e-01,5.893875614259935780e-01,9.824625610305213197e-01,5.721317443436187145e-02,7.610147449733473124e-01,7.351120221991054304e-01,6.664367353859700360e-01,3.454267637375079136e-01,5.292305702388107047e-01,6.977550232528104690e-01,5.396112721487297259e-01,2.603945703077983551e-02,2.665112582705829181e-01,7.470087555948927704e-01,3.165055265189400391e-01,4.973203081744184684e-01,1.492433218231203063e-01,2.548857758254017281e-01,7.395530865716519742e-01,5.459820058174998936e-01,8.072556020676662225e-01,-6.665382276396911165e-02,2.393629305572620436e-01
6.071951814771043843e-01,6.494917725886499849e-01,7.818230606416514128e-01,9.765456948614491539e-01,5.643940743837078111e-01,6.805824770501731624e-01,3.181452630790997382e-01,2.300136315853500979e-01,6.156091083690178323e-01,5.028693916593109936e-01,5.387633602448065329e-01,9.487733813519791948e-01,7.538718712445560133e-01,7.966780321921157482e-01,5.290324517391519210e-01,4.384260904467600639e-01,0.000000000000000000e+00,8.204893811734552678e-01,4.959689160638256489e-01,3.914463743977343313e-01,9.752146250675788330e-01,9.114165142065397962e-01,2.515180151834014999e-01,5.719994114951769681e-01,9.136718231278475599e-01,4.834025837786367630e-01,2.418754600186989456e-01,4.002597304004708589e-01,5.366870556785812152e-01,-9.926995423539625163e-02,6.385160454953641151e-01,8.594981030298951552e-01,7.270420152061968233e-01,9.572133964828517527e-01,6.556623674410601010e-01,4.826403416245975686e-01,5.947187761931021360e-02,5.897926062526973601e-01,5.630228438179222250e-01,3.900008339319647188e-01,7.905815271543573663e-01,3.550913071140557320e-01,8.974101178932655243e-01,9.265985425119354080e-01,6.401519533332248324e-01,4.316613474835675479e-01,-1.394944571614938622e-01,4.192717541547688054e-01,8.263804023574219393e-01,6.747351167497899205e-01,2.118476466608076036e-01,7.614429174367647324e-01,8.854370589455450302e-01,6.549580831600055886e-01,7.286966230308751236e-01,9.611117868433820544e-01,2.443698635657010898e-01,7.435284241637968305e-01,5.139994554540585625e-01,5.009837570380969440e-01,7.740526355604088193e-01,5.888082616402652292e-01,6.964138760033957709e-01,6.841529530292852490e-01,6.566072241800868792e-01,8.769685172956471764e-01,8.501744350055928656e-01,9.985548971884528058e-01,5.707271566323671719e-01,5.970118231002987663e-01,6.721598883718027384e-01,2.636097489319410569e-01,-1.143095087773777913e-01,7.669443364403952801e-01,7.683478924381494934e-01,6.418214638915340498e-01,5.313329898100254134e-01,5.729987223419938935e-01,4.661048033428332182e-01,6.235792544245242208e-01,8.098384303192308620e-01,3.507001058841985319e-01,6.824505309508673845e-01,5.397379842210137113e-01,8.634942581400097961e-01
6.018957006362302131e-01,6.037555510036556328e-01,5.783304244343592249e-01,5.399459709875065183e-01,6.114131607907699051e-01,7.823464849136528843e-01,-2.743085242937176038e-01,7.398183809720180193e-01,5.846333987727512227e-01,4.410572038659725247e-01,3.020540827556322250e-01,7.078438117641309146e-01,7.890274101369304516e-01,5.191577770250975776e-01,6.357383328907713071e-01,3.916726593073238671e-01,8.204893811734552678e-01,0.000000000000000000e+00,4.191338410068776860e-02,8.327295911610068657e-01,7.403644592474374342e-01,3.954946303790740636e-01,4.457320448840106919e-01,6.137647457987007726e-01,7.600451536634760252e-01,4.859610349126850526e-01,2.706258704645038704e-01,5.789337980063974376e-01,6.318488221599803945e-01,5.176287928045224529e-01,5.976341127836586331e-01,7.559257904323950505e-01,5.590362848424939024e-01,8.623119704164894372e-01,5.237822988636398058e-01,1.621180771909131457e-01,4.091596146067975198e-02,7.482188765238780848e-01,6.234400446111318939e-01,9.899103330685499191e-01,1.913082355453773753e-01,-1.725510046456966984e-01,5.685098680240552316e-01,5.253779506417890488e-01,2.265932952315313498e-01,6.563673616649726705e-01,9.222820338895100223e-01,5.717202070149218773e-01,4.106805005766303585e-02,7.979372251964165219e-01,4.061934158839995979e-01,6.843748956465628419e-01,4.323838776828092256e-01,7.516900575441347598e-01,6.912519262835659095e-01,8.669358433663110208e-01,5.866038147178064266e-01,6.222832643394964336e-01,9.394015927272861832e-01,5.383397392656856795e-01,2.370797825253267987e-01,5.186673349716712789e-01,2.025185079879897043e-01,6.419912855929407192e-01,7.302255282403669057e-01,5.001175790997335335e-01,3.125175797014845269e-01,9.826578809155770422e-01,5.566176111917688907e-01,7.617870688409613678e-01,8.689536980013065071e-01,4.033601347502878687e-01,5.056755165973656485e-01,7.221975621585021710e-01,3.791892298250163496e-01,6.554132626442787934e-02,9.772831622696189768e-01,1.952774396965129174e-03,3.972823578160666336e-01,1.863764514725551880e-01,1.619923773544194034e-01,8.831411143797371910e-01,9.431687829177867188e-01,3.715583061676261956e-01,1.766436398440549699e-02
