0.000000000000000000e+00,9.094100468572536844e-01,4.785000716693724732e-01,6.970749549641126475e-01,6.408952279401864960e-01,6.695974087932593521e-01,9.461928567613794305e-01,7.465307828733122042e-01,7.869245531629833756e-01,7.586346377601430602e-01,7.391415925619182481e-01,8.960878956286324470e-01,5.567832924468313349e-01,6.631025111196795496e-01,9.611794407671713225e-01,6.692463619297118749e-01,5.310469533164394740e-01,8.655931041406021986e-01,5.967178200529513754e-01,7.847995168318284698e-01,9.036334684893801983e-01,7.337969338167453781e-01,3.384047661508394755e-01,8.563414204062087531e-01,5.506915933472973368e-01,9.114672315443482775e-01,7.333180809906914011e-01,7.564501013353333025e-01,5.097459853424189946e-01,3.288406599975591815e-01,4.817684438761739019e-01,8.456765501701378751e-01,4.400489447670857812e-01,1.954351136159885871e-01,6.329039556572084724e-01,4.294496459621859885e-01,4.618919691892277579e-01,5.087238635013000554e-01,4.421275479435695654e-01,6.168484347772676957e-01,3.095795972426441112e-01,5.309719863752190294e-01,9.167534854396902633e-01,9.030144114046559922e-01,9.217591882446609652e-01,7.576666631940711660e-01,9.591321988360136386e-01,4.059958769309101045e-01,9.921075571216132483e-01,7.473657334764693960e-01,5.292412967205274432e-01,9.689390937365780498e-01,9.621115957314479994e-01,7.123321941333194962e-01,5.953392009251315953e-01,9.369727877899237667e-01,5.162105130347564019e-01,9.330048387009076682e-01,9.858520892592220752e-01,4.909225844569139463e-01,3.350146504151066407e-01,7.391789187775843484e-01,7.838758768181677272e-01,8.450264163927154737e-01,7.440399567470343811e-01,2.793894671921122175e-01,8.672987230772040146e-01,5.074678271655828077e-01,6.825866636126249887e-01,7.484888205662345584e-01,4.977808951541657922e-01,4.925316575031342126e-01,1.836562418999939383e-01,1.655661521094972388e-01,4.391531194082279321e-01,4.134945512237337972e-01,5.976035957102310281e-01,8.133410515294438037e-01,3.967386335495423078e-01,3.126719823065151616e-01,9.270735152262249423e-01,6.784216201833469517e-01,7.975196344388650882e-01,4.453055321069667172e-01,8.691147283696927239e-01
9.094100468572536844e-01,0.000000000000000000e+00,8.169794507271481709e-01,5.437592213692936660e-01,8.238606952442759646e-01,3.611157989828376880e-01,3.597844607830415486e-01,6.341430368979404930e-01,5.041720769204737218e-01,7.030806998311851519e-01,4.264108392033316153e-01,8.817984825194262744e-01,3.251657158142902682e-01,5.108634772978853933e-01,5.738491567109045288e-01,9.441048990039891953e-01,7.447846611491018010e-01,4.802723355314347242e-01,5.520630578863567894e-01,9.220501028842549296e-01,6.621697275469009547e-01,7.715356587308700442e-01,3.282107524230535311e-01,9.192583242080016870e-01,2.647111955087469992e-01,4.280120901003840461e-01,6.314759191478525047e-01,9.945750422245566158e-01,4.082997866379243224e-01,-1.063170855808628912e-02,5.337206375519036872e-01,4.696630591456084081e-01,6.510005555684019729e-01,5.431689222791735716e-02,2.538252372969680426e-01,7.589609868040179119e-01,2.893245760098520636e-01,7.230734278255508407e-01,9.936731438550806539e-01,9.830124128272130779e-01,5.520737872756191766e-01,2.154369599506250066e-01,5.230408691065562277e-01,4.158144973347065454e-01,8.681442964568983900e-01,7.533627332810264310e-01,9.622144094286693150e-01,7.015315515194605611e-01,3.841152661427086890e-01,6.427598940637775371e-01,4.200053618332597605e-01,6.596457691543098356e-01,3.508680904983013660e-01,7.362467502710760003e-01,8.700511901373555457e-01,4.103800896922770169e-01,7.001811580912683519e-01,8.805924515597707281e-01,1.263570762211426723e-01,4.520390673556826666e-01,6.456833001327564325e-01,2.982583561782112258e-01,8.098464766273050230e-01,2.047084504788999615e-01,7.004510051684240679e-01,5.208859534377455747e-01,5.387247375947140648e-01,3.442670770690618998e-01,3.151208134308851605e-01,2.290264139712123170e-01,7.983297029549545343e-01,8.004275712423528644e-01,1.967947844693453407e-01,7.555108813210996699e-01,3.318267287936155219e-01,4.063062849090244844e-01,2.306317620885858233e-01,-2.413770803819936805e-02,1.977723333207253575e-01,2.036491982679109192e-01,2.913082187138570367e-01,5.349958472588931535e-01,4.443772233697806384e-01,2.730678615827630829e-01,4.551781589645284565e-01
4.785000716693724732e-01,8.169794507271481709e-01,0.000000000000000000e+00,9.252518990000700994e-01,6.143448236486477310e-01,3.595756284830727012e-02,6.499305277179617812e-01,7.782061764956612615e-01,6.930540156625928372e-01,9.967991703803911197e-01,7.304945762063863590e-01,6.887627182126361269e-01,8.854543678603029599e-01,9.168878696840967457e-01,7.918431629335287436e-01,7.289970003668115872e-01,6.981734824171548573e-03,8.162515831455453563e-01,7.003650626757236264e-01,9.477076855513820730e-01,6.285828516942267852e-01,6.545058936057884802e-01,8.788279220548802506e-01,5.377782178563621507e-01,9.481546416631048135e-01,7.274460369038990848e-01,8.442354092921473541e-01,6.357631971248314251e-01,5.963597841244130393e-01,2.242957892768751224e-02,1.273472753034238514e-01,9.591898029404635206e-01,5.040737326806379315e-01,7.584112781201854947e-01,4.702950256756555647e-01,3.765925546730373163e-01,2.412368943844679647e-01,6.499789201168142405e-01,6.007712620564189532e-01,7.544712134634899980e-01,2.413896003631071652e-01,9.364254959347380058e-01,7.122432092114312496e-01,6.637958087407371810e-01,9.440298346642105320e-01,7.576463241611093302e-01,1.414647126213972317e-01,5.710701887255795750e-01,-1.568099664056103459e-01,8.981101390190254774e-01,7.496235208441301978e-01,7.936634823922547044e-01,6.620486215574349353e-01,4.062658645819537950e-01,9.218602728814020431e-01,5.324056787679872782e-01,3.801232435270219812e-01,8.824635276509068538e-01,8.726664151065910424e-01,7.259546024053763480e-01,3.642334071481222457e-01,7.367381675890305459e-01,7.014344958757854354e-01,8.336297275182359412e-01,7.836706841361202880e-01,9.236578776927729661e-01,9.115527947547164000e-01,4.171366341055230409e-01,4.243676737189694959e-01,6.020766734810842902e-01,9.450568311536325927e-01,5.341465808470363674e-01,2.417448402053289647e-01,6.907329546958894395e-02,8.002178976067851890e-01,7.146480663696838098e-01,6.528038018432535949e-01,7.864984858110734001e-01,-5.602881996248509910e-02,-2.402798345696952886e-01,7.055771079485227970e-01,2.313541206325772648e-01,6.852274741328862051e-01,4.136763148683455515e-01,9.051102396253549731e-01
6.970749549641126475e-01,5.437592213692936660e-01,9.252518990000700994e-01,0.000000000000000000e+00,9.277580660559184844e-01,7.250814166095876923e-01,4.820174705324075104e-01,5.843697587966839579e-01,5.777625618880908309e-01,5.222925947677772296e-01,7.514666543269071797e-01,8.600173488412969913e-01,9.213085367499685985e-01,6.325274322445542108e-01,8.050764553157782055e-01,4.593042714896871659e-01,7.515330033164427936e-01,9.513002800271784798e-01,6.904686730606109935e-01,2.559710834846127270e-01,8.704134879962478477e-01,8.430442985127633015e-01,6.649472569621653895e-01,5.546577199475084541e-01,5.962897889612132074e-01,9.812043887654910979e-01,3.306287830492722901e-01,2.977612055907032929e-01,8.591898301126206228e-01,4.335518897444743391e-01,7.546803828724642227e-02,7.482548004964274524e-01,6.081139679343977589e-01,8.644155215205951981e-01,8.672483895339462290e-01,1.944885023571314431e-01,1.413213697841555760e-01,9.216473819662858169e-01,4.091320749212115637e-01,8.809286066286430295e-01,2.820197816999628904e-01,9.510252602745958850e-01,2.059488768224467803e-01,6.297095413468527525e-01,6.487786084021238686e-01,5.771656517897078009e-01,6.110986044891559832e-01,6.604512744993641382e-01,1.892900979103061820e-01,6.066214460822296761e-01,5.108480772198017439e-01,7.283370320249425989e-01,8.073126643823221871e-01,7.542093591967971022e-01,7.924928512068820652e-01,5.064484731765654946e-01,9.536742410944707427e-01,3.065714775030242700e-01,5.285177907604531322e-01,2.354696693778516037e-01,4.181387296503002449e-01,9.054004070249642711e-01,9.117759327964028992e-01,9.183900872334365140e-01,6.111423902586573531e-01,5.768216313258460737e-01,8.957642773725528196e-01,9.790839945000502365e-01,6.000984121642369828e-01,7.577861536295643630e-01,4.264657391418347210e-01,4.910361484400506682e-01,7.716875193830964319e-01,1.657105002849670328e-01,7.721594911150909679e-01,9.465240661613087969e-01,5.185496807593669155e-01,4.994674693677718658e-01,4.034506400573535934e-01,1.988032244561031003e-01,6.451891672059175686e-01,7.779148600772892719e-01,6.149274691885997512e-01,4.385645636285245286e-01,8.826479889797951284e-01
6.408952279401864960e-01,8.238606952442759646e-01,6.143448236486477310e-01,9.277580660559184844e-01,0.000000000000000000e+00,5.925714454817545551e-01,6.861089443147007083e-01,7.663395818044093089e-01,2.348016789102436164e-01,7.974472896915327791e-01,4.581855191381248305e-01,7.459730483682548430e-01,7.900856732151002593e-01,5.641149135331852138e-01,2.533175788379251614e-01,6.586381256209316026e-01,7.227800810160034395e-01,7.585660046141740054e-01,5.153556785781268079e-01,5.693738276719721991e-01,3.307756210496117233e-01,4.071958270966034021e-01,3.463346391405484059e-01,6.889803482864120809e-01,6.516678087229533789e-01,6.522021691376509445e-01,8.229310779192259284e-01,8.067223935677765301e-01,6.133102716502548679e-01,4.341224092545241109e-01,1.455139304296601821e-01,4.287681037189165489e-01,7.598556767659856437e-01,7.816948139749523294e-01,7.376881832003054917e-01,6.459427716821375398e-01,5.835388539936837704e-01,3.421341245490298610e-01,7.720870587556210030e-01,8.774240576505074607e-01,7.185620250516255858e-02,7.710166765804874478e-01,9.343999052453595411e-01,7.659336894220337699e-01,5.513626882539313101e-01,-1.519121220775132564e-01,6.371062841926278253e-01,6.399608510343022250e-01,3.424668009996853502e-01,7.543526658975889809e-01,2.766730831997759044e-01,3.087430744665040083e-01,7.765916293251963198e-01,7.297143049050603958e-01,7.473310652880917893e-01,7.991937514561581191e-01,5.652979645316089652e-01,3.428240379019469319e-01,8.953840133634823895e-01,3.313757345881450656e-01,7.525008173492748753e-01,3.526565719563677925e-01,4.468525729719409756e-01,7.675610796218674814e-01,4.514425550556028788e-01,5.097402854504992087e-01,6.155148496167480721e-01,6.186667670390706419e-01,1.564923720561571252e-01,6.617119223249242621e-01,4.370447524359676872e-01,6.021018433372615775e-01,5.336058163176370384e-01,5.659206688095701487e-01,4.051313717916874002e-01,9.039733621413632569e-01,8.487009681195649691e-01,6.702434314688974215e-01,2.515820603945596590e-01,6.519542821127672916e-01,6.155734259547037679e-01,7.822172795280117885e-01,1.147167580208614535e-01,3.442467842686677271e-01,6.705278821624188756e-01
6.695974087932593521e-01,3.611157989828376880e-01,3.595756284830727012e-02,7.250814166095876923e-01,5.925714454817545551e-01,0.000000000000000000e+00,2.590203789488688679e-01,2.382561625976621633e-01,7.297670418930838343e-01,6.374149944627564013e-01,7.843191455393947464e-01,5.989273472965581657e-01,6.433061300934027615e-01,2.910513557716228883e-01,1.056394235188506947e-02,4.323203478177115588e-01,4.881123936593583790e-01,7.252138332317494829e-01,5.110138583426553360e-01,6.485941745375785050e-01,6.274165720743081209e-01,6.413071124536546819e-01,7.219150392333764099e-01,7.305387069457306426e-01,3.588995887807349128e-01,7.847897905047725997e-01,4.662133288587857471e-01,6.271155431358513832e-01,2.829964532437625468e-01,3.313222709424652468e-01,5.483108191718464308e-01,4.455069225100998787e-01,6.182550295360612624e-01,3.470215496077517781e-01,7.926559372174595275e-01,2.545159860240733263e-01,5.271780867949033000e-01,6.424598278077511271e-01,5.615676785880743260e-01,9.556271531560528443e-01,3.086186704897546096e-01,4.259891259540438124e-01,5.123725754655640285e-01,4.276761625335546713e-01,2.706432059843407734e-01,9.076404869912650941e-01,5.633844705253345797e-01,5.542896186619323817e-01,7.216546031862767219e-01,4.909855605090225339e-01,8.920404285214802442e-01,8.861064903581620245e-01,3.261783537516131926e-01,7.575784226483982531e-01,8.793869091191627296e-01,7.658773988515393816e-01,6.820908694326146549e-01,5.887964036192818718e-01,7.315861468126790834e-01,-1.241563136713478288e-01,3.875463394730755962e-01,4.435303066270713801e-01,4.976813380268086395e-01,9.086427607757108227e-01,7.482255385262029934e-01,6.427438456843747039e-01,7.179640673768798997e-01,9.767859976502246688e-01,7.804282931463855100e-01,8.361171360881947123e-01,5.276261287835987135e-01,5.902573286344859893e-01,5.341217859142417534e-01,3.203779696555629775e-01,3.324882961137535786e-01,6.993554165654800592e-01,8.649291005742579808e-01,2.880446792149972124e-01,3.213649643873939254e-05,5.060989229390605582e-01,4.788475711104885346e-01,7.921376271147355652e-01,5.300552010392363123e-01,5.308140591372936257e-01,6.575963683082245437e-01
9.461928567613794305e-01,3.597844607830415486e-01,6.499305277179617812e-01,4.820174705324075104e-01,6.861089443147007083e-01,2.590203789488688679e-01,0.000000000000000000e+00,7.373992576434000856e-01,5.621349487969099501e-01,7.195488269583383278e-02,6.054970279885130147e-01,5.586868793734585115e-01,5.721984971002703757e-01,4.426189598218837062e-01,7.833910104090465731e-01,2.714778881002566369e-01,5.609420833433305109e-01,4.436692901083430507e-01,2.439736777227855535e-01,9.735421052710725442e-01,6.645683424048082211e-01,5.528600547899902296e-01,4.876668093071586663e-01,6.144445613385447480e-01,6.031350551851956121e-01,5.224739488249305897e-01,7.503696861755611014e-01,3.426537484878123818e-01,3.536619898479122504e-01,3.768580040911220785e-01,7.137972832776446896e-01,7.109918564312680545e-01,4.503803401142501550e-01,4.122921189237848671e-01,3.855134668048518787e-01,3.039254375676939679e-01,2.892529756594688362e-01,3.949358887679073060e-01,9.534287623109186649e-01,3.642529507209644191e-01,2.626781700088670624e-01,5.114449082048464490e-01,3.526608476478909626e-01,4.238365181324394992e-01,7.417166706033108126e-01,6.144431975514086375e-01,4.208347065002485121e-01,5.806636855455129531e-01,2.689117913914753077e-01,4.321033105787315254e-01,4.813199505132563782e-01,5.641362488967905930e-01,3.838242506203467519e-01,6.804413120171741713e-01,6.692455243940165222e-01,3.800169272163675949e-01,4.266952399660992601e-01,6.746339104789038643e-01,9.310377561055961371e-01,4.511720437524737726e-01,4.536736474201583658e-01,6.444134329368913505e-01,4.309575849691240079e-01,4.638320213059125008e-01,6.494762531300168895e-01,5.522653642836613530e-01,7.284495377926765158e-01,9.001931033170590402e-01,4.876969497952872157e-01,7.179798259470111521e-01,4.057550787321683172e-01,5.198243241010572779e-01,4.646864492123329304e-01,4.853369797804569785e-01,4.898060758651736624e-01,6.476706492403668802e-01,7.593414301888370410e-01,4.481480236699754149e-01,7.857263026073970646e-01,3.409913206102467842e-01,4.847512567596676814e-01,6.042041608463937230e-01,6.981749085235097185e-01,5.594748219064825667e-01,5.453654364267169763e-01
7.465307828733122042e-01,6.341430368979404930e-01,7.782061764956612615e-01,5.843697587966839579e-01,7.663395818044093089e-01,2.382561625976621633e-01,7.373992576434000856e-01,0.000000000000000000e+00,7.940495985652327171e-01,4.654518263368765396e-01,3.967956956583827965e-01,1.854041324215641717e-01,8.781302352752067275e-01,9.430159609920377717e-01,3.196679540986758772e-01,2.981968630091254013e-01,4.199541787893132372e-01,5.667202864471928558e-01,7.007119591088807331e-01,2.362066993492109579e-01,8.866560963718267407e-01,2.973045536532397184e-02,5.353497729590245280e-01,8.904632743902947123e-01,4.060366044858118029e-01,4.904328976919247185e-01,6.549970190714610174e-01,8.283493609597980534e-01,2.513679842130470687e-01,7.163400158273005580e-01,2.093767459242458218e-01,6.296593551016398393e-01,3.910535346598322803e-01,3.986342640515840863e-01,5.048123670611320835e-01,2.351735616316988353e-01,4.351822025483538248e-01,4.118647953082600344e-01,7.283729883746346001e-01,7.039838766691443039e-01,7.435116207605088068e-01,2.673715285835818745e-01,9.913089770831065017e-01,2.933608100380755701e-01,4.372950939309110385e-01,4.695052887105983785e-01,3.911022060657080579e-01,5.499998967730185262e-01,6.879718962525507298e-01,5.347665787539112037e-01,7.309365361501561908e-01,-1.997720925775537948e-01,6.729794238545047103e-01,4.902112177042742269e-01,8.133723323406294448e-01,3.970191669370286558e-01,5.333699992041591731e-01,7.356800018399621832e-01,7.134894960027037270e-01,3.230474331061904958e-01,2.134471244315731542e-01,7.849041197079433818e-01,1.725100075038084879e-01,9.256379058579922159e-01,2.872604962505510562e-01,6.119462693744426307e-01,5.248880878237928149e-01,8.928634204425879295e-01,1.115197453172490083e-01,6.459797952719847913e-01,8.276093139461199177e-01,6.320014132910605209e-01,7.551356098959103313e-01,3.589298919089624063e-01,7.653511033418498588e-01,2.498913237646535335e-01,1.996977539743385599e-01,5.960668256822556632e-01,4.365186719456537467e-01,1.492750148838771218e-01,4.746335856505862205e-01,8.748912749623241059e-01,8.890949545401108933e-01,4.113705293154630294e-01,6.176287466908543244e-01
7.869245531629833756e-01,5.041720769204737218e-01,6.930540156625928372e-01,5.777625618880908309e-01,2.348016789102436164e-01,7.297670418930838343e-01,5.621349487969099501e-01,7.940495985652327171e-01,0.000000000000000000e+00,4.493165059884564605e-01,2.366446440809960305e-01,6.891429768911931930e-01,3.814634489273328044e-01,7.543535720601104444e-01,9.911933856011567734e-01,7.560225705818784947e-01,7.370434167264586778e-01,9.389587881912593303e-01,7.154777328146618709e-01,7.957895336488753912e-01,9.114880830338758511e-01,7.211512838131364234e-01,4.930116017278716178e-01,5.674658780972788863e-01,1.580157652382913058e-01,6.673289043152951239e-01,7.901980187218009544e-01,7.645070526761950092e-01,5.473032483233926104e-01,3.710588282965570084e-01,4.458241675146280558e-01,3.177942129885916733e-01,6.133461304068166253e-01,5.852458991221036744e-01,2.066224129095940998e-01,5.493683083079000662e-01,4.806967788010200193e-01,4.162676187177618004e-01,7.845743248815315596e-01,5.185393103394517755e-01,2.911057441205492369e-01,3.939103401733657916e-01,6.255665820527839260e-01,3.534547113981392208e-01,4.110338154138207245e-01,6.531960744177076617e-01,7.122367798401467720e-01,7.724760338572334017e-01,2.836811658386199642e-01,7.459705307943689245e-01,9.771909543872643322e-01,4.940993732671224992e-01,6.807861692241558016e-01,7.012540090146361926e-01,4.978423481847744636e-01,8.310724142918528567e-01,3.973812630586168737e-01,7.346779702811864210e-01,7.766385808497253684e-01,1.011782044373005229e-01,4.993884096478924395e-01,5.872495665907915274e-01,2.183361411541917818e-01,4.669340031905893085e-01,7.303379807089850351e-01,5.454585136982985638e-01,7.533093902421013066e-01,9.417414528619363345e-01,3.818936307934367447e-01,-1.763634161517527166e-01,8.715356732341280610e-01,6.458802977032621628e-01,4.164600724227235373e-01,3.336124853012487068e-01,1.712977782690261463e-01,1.211878626879310528e-01,7.662712907186096656e-01,6.821867873329947596e-01,3.969066665396812077e-01,4.736849955762386655e-01,7.455413949551276120e-01,3.641106737204276023e-01,5.262883464095087227e-01,2.883228739816889874e-01,2.544068872349601884e-01
7.586346377601430602e-01,7.030806998311851519e-01,9.967991703803911197e-01,5.222925947677772296e-01,7.974472896915327791e-01,6.374149944627564013e-01,7.195488269583383278e-02,4.654518263368765396e-01,4.493165059884564605e-01,0.000000000000000000e+00,9.434716892031400626e-01,7.649043267298677451e-01,7.010638003761674453e-01,5.298016502718819742e-01,6.186793609350493828e-01,1.149155967469207146e-01,6.175571850028639398e-01,7.912467496906294695e-01,8.318693525033147296e-01,7.169804523529011986e-01,9.341693236915630250e-01,6.744030671374807717e-01,7.097694296946700510e-01,5.591500018428341434e-01,3.499276011138445774e-01,1.212075966456647169e-01,2.911745412356265827e-01,8.099497962886988978e-01,-4.652510583630864449e-02,8.982568772637647414e-02,4.490837687163087844e-01,5.622918734027588794e-01,5.477720961021175228e-01,3.203847296069932127e-01,2.655633031275639322e-01,5.003728928254190800e-01,5.150311545395127588e-01,4.249165324749343275e-01,4.751313819430034169e-01,6.914036496236409812e-01,7.609267062361816381e-01,7.528058658033309758e-01,2.961375892481776795e-01,3.916328285933137199e-01,2.878029949095189388e-01,6.320006179502747345e-01,5.051181190863712756e-01,4.871720534558934834e-01,4.476638446453161113e-01,5.135442257853810588e-01,1.640337652412494907e-01,7.092628057692317300e-01,6.436646203826228430e-01,6.823053231027692567e-01,7.751908016545294711e-01,3.004173899039182527e-01,4.815005878137590956e-01,7.024589227340286568e-01,9.107547250604907108e-01,2.512982967271774615e-01,3.053765703125137509e-01,5.948769949778817123e-01,4.630234048313329742e-01,7.836857178350765674e-01,6.441005567408173427e-01,2.138810261768335774e-01,6.649673573064461829e-01,7.959692753546570021e-01,6.591384646628546395e-01,9.866567679805724467e-01,8.711264255801102196e-01,7.306081813080481657e-01,3.706264904928359138e-01,5.950334036782406466e-01,5.504703228906103751e-01,8.983819102019934277e-01,6.688167432837883730e-01,8.557679018988594288e-01,2.960366874156831196e-01,-2.755499819145500462e-01,4.570001036928938443e-01,6.571813870814524616e-01,7.938320063765479384e-01,1.054620731145372858e-01,8.443248566607076677e-01
7.391415925619182481e-01,4.264108392033316153e-01,7.304945762063863590e-01,7.514666543269071797e-01,4.581855191381248305e-01,7.843191455393947464e-01,6.054970279885130147e-01,3.967956956583827965e-01,2.366446440809960305e-01,9.434716892031400626e-01,0.000000000000000000e+00,8.563047716132303755e-01,9.884578755732291722e-01,5.268672167109660354e-01,2.040524496287900447e-01,2.595038177380639688e-01,8.444559913630520498e-01,8.402779464460656822e-01,9.305600492231634879e-01,5.890323031570822154e-01,9.231861244745769302e-01,4.977515653334524393e-01,6.846199318135215428e-01,9.582030543513749832e-01,6.867947038692013839e-01,7.222691531432419154e-01,9.781446573259711119e-01,7.003407477328661423e-01,7.013015209994322152e-01,-1.669875045563540550e-01,4.883304144119857831e-02,6.823957333633894340e-01,7.276725837196308388e-01,7.485167902850428101e-01,6.946121050154445697e-01,4.530290507375977493e-01,1.956993677852660873e-01,8.896100294993721791e-01,8.377860574187973031e-01,6.831390742670720995e-01,4.297535579034815201e-01,9.367224341054001258e-01,9.044735372741552482e-01,1.087825232410329496e-01,9.805163025105798624e-01,7.468318272887665144e-01,7.971859201580956400e-01,7.575058929879225911e-01,4.552761041520633212e-01,7.183130075471763076e-01,2.475104148428963202e-01,6.956498011259595327e-01,2.250969213742665676e-01,7.615231196947270798e-01,2.561182608448732134e-01,6.841243845927386102e-01,5.294452771392468282e-01,4.917778583231077194e-01,7.884727609232548007e-01,6.012332644136021420e-01,5.588525575086495945e-01,7.637574394766953878e-01,7.482960290935484204e-01,9.629036377646889022e-01,7.342502307600730083e-01,6.853784876173916185e-01,9.554760516800342440e-01,6.353806693457711985e-01,2.829996341626451750e-01,9.836413130906194180e-01,8.389016508768758484e-01,6.700056207974012246e-01,6.322894027055125932e-01,-1.701963280754598684e-01,5.411001565914932421e-01,7.573379051433007936e-01,6.820379175174814401e-01,5.819442606259745965e-01,8.401403515027767999e-02,4.377529973094526072e-01,9.255199667364455429e-01,8.893699366130644046e-01,7.234533017365054608e-01,7.255177719233181499e-02,5.395973930633183313e-01
8.960878956286324470e-01,8.817984825194262744e-01,6.887627182126361269e-01,8.600173488412969913e-01,7.459730483682548430e-01,5.989273472965581657e-01,5.586868793734585115e-01,1.854041324215641717e-01,6.891429768911931930e-01,7.649043267298677451e-01,8.563047716132303755e-01,0.000000000000000000e+00,6.434014967785266492e-01,6.087891264510316702e-01,4.739584977542005695e-01,5.512348331344740782e-01,7.471055519018710012e-01,7.980595116206909978e-01,6.774127433340753068e-01,2.256208111701303587e-01,8.848375823619006875e-01,2.271408841894405062e-01,6.093233035232473727e-01,7.053631425086157591e-01,4.582247823548243892e-01,2.726727362488637896e-01,4.022029002937562159e-01,8.268096276454529603e-01,1.302722003027709935e-02,6.361079155435644950e-01,4.459678806748393343e-02,4.591202605680909654e-01,4.473789037048811479e-01,1.880384107263760318e-01,1.361111778726827870e-01,2.012312542126468845e-02,-2.384739577748457018e-03,4.053422029771884261e-01,7.842777014502118060e-01,8.794987966542656688e-01,2.113914059261859379e-01,2.068335954358850037e-01,1.278814456395045152e-01,7.659481981085352054e-01,6.724931613143035891e-01,7.582201317286677567e-01,7.208472616408200251e-01,6.996212305618662031e-01,8.603880412721658377e-01,9.695205585432422613e-01,4.158248298442654423e-01,3.209768383261749625e-01,9.195471593016859568e-01,6.187238950914543123e-01,7.508375398346798235e-01,4.355240265346924100e-01,8.953928659711493099e-01,9.390748325241019545e-01,5.517347283397201485e-01,6.431188278441674067e-01,4.919593580887383077e-01,9.677438693274399428e-01,4.803658935880011360e-01,9.781170057357685410e-01,9.598398198499327183e-01,5.559546031840005842e-01,6.005464434469270918e-01,5.123572216889018538e-01,1.332637290849489897e-01,7.464844860461514742e-01,7.519270654191909653e-01,2.005796197486848509e-01,6.905599747696564705e-01,4.922907258292646415e-01,3.381344231148423196e-01,4.877792336666451067e-01,9.106557536916622952e-01,9.002620672014884917e-01,5.662412872820927756e-01,3.295175236939698049e-01,6.794942708926005048e-01,7.460376519587044175e-01,7.802627863873907721e-01,4.779313952473164262e-01,8.256487490126306339e-01
5.567832924468313349e-01,3.251657158142902682e-01,8.854543678603029599e-01,9.213085367499685985e-01,7.900856732151002593e-01,6.433061300934027615e-01,5.721984971002703757e-01,8.781302352752067275e-01,3.814634489273328044e-01,7.010638003761674453e-01,9.884578755732291722e-01,6.434014967785266492e-01,0.000000000000000000e+00,7.266261020024714634e-01,6.921477625970257064e-01,8.176585082369115520e-01,9.312492372502321203e-01,5.997602732709463869e-01,9.181945438967484829e-01,7.858922637135261624e-01,9.008711758977022699e-01,5.298597343717947883e-01,7.358511153264893911e-01,6.601966225046249637e-01,2.188302774817505736e-01,8.007657703008320693e-01,4.029427265210127618e-01,8.036645448783096279e-01,6.043344902557863385e-01,7.922711035572198579e-01,6.367764208652944291e-02,1.000367579023722781e-01,2.723220923474919952e-01,7.801620078258587609e-01,2.403179245340432424e-02,5.519118642710024725e-01,3.359779732570037369e-01,5.548175920616651435e-01,7.363721888638965485e-01,8.583305685917350658e-01,4.559461979293955025e-01,7.478598341385864767e-01,4.283275861991275857e-01,1.102877965141084785e-02,9.984904091146025173e-01,7.273578864962406687e-01,4.473357200185548721e-01,7.468061225952833393e-01,6.195258795393927542e-01,6.528479230742718631e-01,6.135384843504214647e-01,8.522283801085722699e-01,9.429497916896517618e-01,7.195414975368533694e-01,7.267136033724110877e-01,5.850226909980781320e-01,7.630517003404755361e-01,9.305158005154006151e-01,2.591258398462963908e-01,4.163533087458388682e-01,2.922941565292693986e-02,7.255738721387969825e-01,6.857029425240603882e-01,8.244799633639229297e-01,7.331802244763458987e-01,7.241016748504938150e-01,4.351555919058563981e-01,4.849000002851553415e-01,5.343857862507097600e-01,9.082711196253864250e-01,4.903414206132750142e-02,8.454030091922002388e-01,1.710919162523873993e-01,5.787845603227147473e-01,7.896606299161030851e-01,6.855687445049899464e-01,8.459276897262126838e-01,9.269545019869119828e-01,4.687762740689663810e-01,3.124014157804689829e-01,2.012873619987025353e-01,7.116440586728079998e-01,8.686708650041989888e-01,7.770459915500305126e-01,8.208625935842199794e-01
6.631025111196795496e-01,5.108634772978853933e-01,9.168878696840967457e-01,6.325274322445542108e-01,5.641149135331852138e-01,2.910513557716228883e-01,4.426189598218837062e-01,9.430159609920377717e-01,7.543535720601104444e-01,5.298016502718819742e-01,5.268672167109660354e-01,6.087891264510316702e-01,7.266261020024714634e-01,0.000000000000000000e+00,4.745479130709622240e-01,9.237570732975389776e-01,8.572992611166124766e-01,7.372480164886122678e-01,6.665610087872515521e-01,6.692264877567880577e-01,9.855768778048048517e-01,5.722513511020490551e-01,7.654213832369622939e-01,8.304184791426522105e-01,3.435470410391557872e-01,5.249258068082343076e-01,6.976517673768999339e-01,7.945917001288937964e-01,3.933950424652079558e-01,5.330432032957442834e-01,5.608268514100636093e-01,3.264546293016672429e-01,5.069218738246107359e-01,6.211358815640901643e-01,8.438731626966340382e-01,5.819114135914152941e-01,4.853215366219675309e-01,5.221177996915442598e-01,2.941936810385294976e-01,2.579287392063873974e-02,5.442051372290729327e-01,7.336648120232751591e-01,7.225058109637578774e-01,9.361775786247462650e-01,7.291198093536828129e-01,3.384133217954746198e-01,6.004053206179503777e-01,8.733252654952963212e-01,7.656198309074642161e-01,6.773826121390578159e-01,7.105684856324870902e-01,4.259572750068978397e-01,2.941043631464432817e-01,8.234126275197819478e-01,7.238596592783004269e-01,6.864189067933524901e-01,8.625535896023739380e-01,9.781777569976121134e-01,7.781404121594079903e-01,4.659110088807522088e-01,3.460611898989069957e-01,3.464507722206434104e-01,8.731594571810217253e-01,6.269510621028263619e-01,6.020763532062125556e-01,7.173789702780363209e-01,5.274884122711100964e-01,5.857337845358399075e-01,4.343408170963710679e-01,6.553067174633199210e-01,8.260540779222661500e-01,7.854670489578892134e-01,2.408420546093476278e-01,3.994078555475305548e-01,2.203976356436276318e-01,8.174306866538429972e-01,8.378285034909611628e-01,9.193873936419025839e-01,2.351194708930151034e-01,-1.520127319117081655e-02,6.677335543323897893e-01,3.542399417786691318e-01,5.598180701915960594e-02,4.427116835352889468e-01,3.490470854792000477e-01
9.611794407671713225e-01,5.738491567109045288e-01,7.918431629335287436e-01,8.050764553157782055e-01,2.533175788379251614e-01,1.056394235188506947e-02,7.833910104090465731e-01,3.196679540986758772e-01,9.911933856011567734e-01,6.186793609350493828e-01,2.040524496287900447e-01,4.739584977542005695e-01,6.921477625970257064e-01,4.745479130709622240e-01,0.000000000000000000e+00,6.877162426141421037e-01,9.922428009430909190e-01,4.313745421979670591e-01,1.283081642251251153e-01,4.165851970219923706e-01,7.968301401181465682e-01,6.881097076862850992e-01,6.891944836968413313e-01,7.907064578083585760e-01,6.315253435403492821e-01,2.409801747637536906e-01,6.759881631278816805e-01,7.336678928364492869e-01,4.043622986265419383e-01,-8.020880564069422791e-02,4.500128615489891737e-01,4.916168680011944181e-01,7.858089185404119048e-01,4.623673091674850855e-01,7.436435410961999004e-01,3.413130326581288454e-01,4.002190874938061915e-01,5.145097821271990002e-01,7.851762893367613128e-01,7.069876677226303308e-01,6.440417662342676763e-01,6.314352225071606650e-01,8.475840819951897531e-01,7.847827421242173918e-01,5.468916741013785110e-01,6.554478838009260011e-01,6.409625017822885296e-01,6.297751497853323333e-01,8.875925020909503083e-03,8.358914428493418036e-01,5.418391565921272246e-01,4.537489748973658199e-01,9.083381569726779459e-01,7.498663040309484495e-01,9.887014564537488504e-01,4.230923075477352469e-01,7.698300790316199294e-01,8.085196023419640721e-01,7.469733975874222054e-01,5.274168634802240963e-01,5.416738743290525765e-02,6.200086344475576050e-01,4.477787244562133617e-01,9.815735622452855802e-01,7.774907594623199358e-01,3.740699021328720564e-01,2.026381207774165805e-01,6.931764329308917061e-01,5.530588582742325121e-01,6.526541264733688452e-01,7.991432080431448703e-01,7.273875845881342395e-01,5.051698802700195223e-01,3.375184079995273145e-01,4.781492880645782928e-01,2.288882714520288908e-01,4.970150944106813684e-01,1.847938524202429045e-01,5.681313661698373929e-01,2.355079776108099654e-01,6.101784587292342632e-01,-7.828490247587861772e-02,8.369136637983576321e-01,2.366157597770718046e-01,5.121671280784848568e-01
6.692463619297118749e-01,9.441048990039891953e-01,7.289970003668115872e-01,4.593042714896871659e-01,6.586381256209316026e-01,4.323203478177115588e-01,2.714778881002566369e-01,2.981968630091254013e-01,7.560225705818784947e-01,1.149155967469207146e-01,2.595038177380639688e-01,5.512348331344740782e-01,8.176585082369115520e-01,9.237570732975389776e-01,6.877162426141421037e-01,0.000000000000000000e+00,4.954708285420287295e-01,5.355703369549997817e-01,5.571382116599291612e-01,3.457709669723961765e-01,7.397289721513532479e-01,5.976661599597042906e-01,8.838559132992618306e-01,6.513492564556881970e-01,4.071129912810443896e-01,6.184383324790793113e-01,6.691779594011834087e-01,2.520490905907750781e-02,3.590991030902925818e-01,2.273158227719273838e-01,4.096453313192548462e-01,6.885338924084637435e-01,3.030537163587491145e-01,6.020166131942636945e-01,1.954324680566523961e-02,5.736200954443751998e-01,3.589036925427850910e-01,5.394918045977575849e-01,6.683360345409393444e-02,5.179198282844645895e-01,6.988273077613256223e-01,4.124204548085215194e-01,8.329666081467583805e-01,7.714142774007445302e-01,6.471907840665519496e-01,7.761474806031286588e-01,2.922992203240033504e-01,9.192625667600742290e-01,7.220311957399163649e-01,5.709633370999831481e-01,2.137826883575452697e-01,4.901472032699509818e-01,7.266084767109148856e-01,9.154881514144240784e-01,3.573468909433694662e-01,6.130662297988732634e-01,6.487692063792449559e-01,2.081521850447949629e-01,8.045867551760259584e-01,7.733047031809874294e-01,7.485375619511148715e-01,5.770980199561399626e-01,7.972251047101109878e-01,6.189560600563773773e-01,7.514745945775380687e-01,5.516207639016673658e-01,-1.741584040267395439e-01,8.928713139373076757e-01,5.060236348859316058e-01,7.466357049365631715e-01,4.843999943089914439e-01,4.430107877283591677e-01,6.191973814821288835e-01,2.617410067516017791e-01,3.661439958042678744e-01,7.905556744354117482e-01,6.979387986857306103e-01,2.619229410857615292e-01,3.082724551584950512e-01,1.771753264690384411e-01,8.503254453879789398e-01,6.838555069633270866e-01,6.491111729391461083e-01,4.292429061980889138e-01,6.968652708500564508e-01
5.310469533164394740e-01,7.447846611491018010e-01,6.981734824171548573e-03,7.515330033164427936e-01,7.227800810160034395e-01,4.881123936593583790e-01,5.609420833433305109e-01,4.199541787893132372e-01,7.370434167264586778e-01,6.175571850028639398e-01,8.444559913630520498e-01,7.471055519018710012e-01,9.312492372502321203e-01,8.572992611166124766e-01,9.922428009430909190e-01,4.954708285420287295e-01,0.000000000000000000e+00,6.182889098945451023e-01,7.914803189790391436e-01,9.095146179603136316e-01,8.070913675030405576e-01,4.957272801766171577e-01,6.195343460621595133e-01,8.813184992334934797e-01,5.149544859005937836e-01,5.940801085995838227e-01,9.360731394901634639e-01,2.006611055452553749e-01,5.449925926421346212e-01,5.981641637837173953e-01,3.638743036852969404e-01,6.398541526370742361e-01,7.886476341860739758e-01,5.284304352879221067e-01,5.640825559260346234e-01,7.044559839833945680e-02,5.314317425673791284e-01,6.150206695390108003e-01,7.868780209899023381e-01,7.270479526093536204e-01,5.434990255845786322e-01,8.613270224642024520e-01,5.854781395023133106e-01,7.439614481832614867e-01,4.269729550337346691e-01,4.121658645068769222e-01,5.708436309014062182e-01,6.202601112673405970e-01,7.619429995254625165e-01,4.673849093580144665e-01,9.108012800854751179e-01,4.164042120239705991e-01,9.461526614877794339e-01,9.120350311621744366e-01,7.169839684531478241e-01,4.320093555077768044e-01,9.829064852339165492e-01,4.249595351474032001e-01,9.702470325335831314e-01,3.141290066859581120e-01,5.876385406029496217e-01,6.294719583911203564e-01,4.387812851248186208e-01,8.627613270181441196e-01,5.730843271841994380e-01,8.711701410980388083e-01,6.864791501066407342e-01,5.265307651508198683e-01,5.261982899685850867e-01,7.068304979233941410e-01,5.979239489529470930e-01,9.364491108585929480e-01,5.508809938505657700e-01,5.407263791350311877e-01,4.413698423732289045e-01,8.670877915188035523e-01,7.530783407359447068e-01,5.598165014102686188e-01,3.791584300558960008e-01,-1.402028950550646136e-01,9.460647743765847606e-01,7.811078178523340743e-01,9.131959702361542863e-01,4.837962255213463791e-01,5.051687110331001263e-01
8.655931041406021986e-01,4.802723355314347242e-01,8.162515831455453563e-01,9.513002800271784798e-01,7.585660046141740054e-01,7.252138332317494829e-01,4.436692901083430507e-01,5.667202864471928558e-01,9.389587881912593303e-01,7.912467496906294695e-01,8.402779464460656822e-01,7.980595116206909978e-01,5.997602732709463869e-01,7.372480164886122678e-01,4.313745421979670591e-01,5.355703369549997817e-01,6.182889098945451023e-01,0.000000000000000000e+00,6.751487926233581405e-01,9.364859707478768724e-01,9.435629517358717910e-01,2.580732210550912287e-01,4.805073198418275959e-01,7.115034831399266180e-01,6.651119578233672947e-01,9.704218741348109578e-01,7.663152712209109207e-01,7.422001341973490929e-01,3.011796276358130742e-01,5.555197538179068584e-01,6.183482046068156102e-02,4.650559279366638377e-01,5.303339134827479429e-01,6.369583781138916656e-01,7.144381982787405549e-01,4.314118877955456233e-01,4.363515137163441748e-01,4.663975625846483175e-01,5.856379320611426742e-01,6.739824893448188581e-01,2.409914375588592117e-01,4.086936803061511636e-01,2.572844810271502358e-01,5.368893855551810645e-01,8.418702380817535413e-01,8.272952265217368151e-01,9.926959220774441706e-01,7.025532989195797384e-01,7.103499403543827029e-01,7.878655884135501442e-01,5.633450793435350601e-01,8.358717569359321864e-01,7.112080307020477443e-01,7.875454572375760742e-01,7.641211001953384097e-01,6.699416101961075398e-01,7.955179157442526794e-01,9.727150525989808338e-01,7.699224922613896460e-01,4.371927975580963133e-01,6.741634099264620650e-01,4.682798289462837826e-01,6.067626618595988175e-01,9.656460119315599666e-01,7.602274874092522783e-01,5.150261639709734496e-01,3.040399593810536039e-01,9.559897081995122337e-01,3.912397001437278865e-01,4.363568832418882049e-01,2.515743817130706717e-01,6.246983991173659101e-01,6.439076954104322459e-01,3.515391425315194662e-01,4.118942303511283765e-01,4.396545505050097891e-01,4.231750387127329871e-01,7.349241054471972179e-01,3.649918934899849809e-02,3.477868236337953167e-01,5.287723276923348426e-01,7.630291596621183725e-01,2.496959463096945497e-01,2.034628994142411718e-01,4.210477846433129390e-01
