0.000000000000000000e+00,1.837618253871770024e-01,3.882979740463362583e-01,7.619703596988529615e-01,6.869700977740645920e-01,9.041712485964908952e-01,4.171486028108769561e-01,4.689792620026008163e-01,8.471629155319673199e-01,2.674921332806973195e-01,8.659445451315384013e-01,5.292424121622832933e-01,8.642933323361818854e-01,3.126405795340278515e-01,9.722358459597952862e-01,9.541785610512961702e-01,6.467767064174452241e-01,6.474652787430825729e-01,9.799018175609288672e-01,8.407464043010073884e-02,9.505371066587231521e-01,7.643721424147719157e-01,2.179243759196408670e-01,7.654218633978400188e-01,7.983247828230464194e-01,7.889190320733925343e-01,4.108149901227107353e-02,7.024830033515964134e-01,6.591741711421692518e-01,-3.895732169464006800e-01,3.908110826984337316e-02,3.320864791928541115e-01,9.966551202600627546e-01,6.498073786775876437e-01,8.799280463261140994e-01,2.817589727441950909e-01,4.197200086682203457e-01,5.158629024389255191e-01,8.579160289284719632e-01,8.227112596134754652e-01,9.426856828672149913e-01,8.419862160634800086e-01,8.730175955683154854e-01,3.347127036961021762e-01,5.991521442622327331e-01,9.712858837977267346e-01,9.205342106232046184e-01,6.476059076568252415e-01,4.439505593843747211e-01,8.887974756280235811e-01,5.386814137788857870e-01,4.662179231525145351e-01,9.860230526267079743e-01,9.033761867539957802e-01,7.509573444283852428e-01,2.085596405583500235e-01,9.309530489208018844e-01,8.146975095358667263e-01,9.745631100648297629e-01,3.717912692765497074e-01,3.546292500253223068e-01,7.891469697563389118e-01,6.949088416506371546e-01,5.559995201986317470e-01,6.501173802051420925e-01,7.306665638139878682e-01,7.501459452796893634e-01,3.942690666065155058e-01,6.974982668888319859e-01,7.123248191600670687e-01,6.222499195946534778e-01,4.972158228157642634e-01,3.679482499681512309e-01,1.107025579614523692e-01,6.016820313647887053e-01,5.690390676655115998e-01,9.150144849902622779e-01,7.276637739047659981e-01,3.013895727228826926e-01,-1.169102109552344615e-03,5.261827977213475727e-01,7.926211709438080177e-01,9.239545360674155106e-01,9.569463426762216118e-03,8.198421840206738809e-01
1.837618253871770024e-01,0.000000000000000000e+00,9.630112715812364499e-01,7.192254258756051177e-01,1.483827122291563050e-01,4.803212412017996424e-01,6.789071538327999811e-01,3.379754437838653480e-01,4.507775359943047011e-01,2.242756591823234086e-02,3.314141894909372610e-01,3.293732196053632544e-01,3.904444650948173390e-01,7.454126316241153072e-01,8.284104584002035532e-01,4.087112897362404351e-01,6.376298398362005848e-01,6.362062116582068994e-01,7.453777251525675052e-01,6.835724499874803461e-01,9.967637574337206985e-01,8.037373575810567994e-01,5.292702694895760063e-01,9.305338770779292279e-01,1.764895871099388114e-01,5.829736084436358823e-01,6.420062271167545909e-01,3.388119954397126876e-01,2.203804457583768972e-01,2.441306112162236128e-02,5.900241734068242261e-01,4.817838927824388828e-01,4.894603220383085818e-01,9.575930899690207054e-01,2.295468750448106388e-01,6.473431513504858126e-01,2.820322016042597357e-01,5.002935282042483278e-01,7.804158429869767488e-01,8.931327812540965638e-01,4.152312360873099406e-01,2.055122441458852589e-01,6.814864997577211314e-01,2.059853102099377387e-01,6.521132425824145429e-01,7.830208812216855607e-01,6.536427742189194756e-01,5.538655288207752214e-01,2.638752282410585237e-01,4.626445358373426631e-01,6.674400137746591133e-01,5.761872965701683169e-01,7.148303091027575773e-01,9.209485890690241039e-01,5.211632431844115398e-01,3.559543179691387893e-01,4.731232878864353175e-01,8.571596447669166396e-01,7.921901518858067703e-01,1.872837041262755964e-01,2.191703047784091252e-01,6.005177080764770858e-01,2.050205217658552237e-01,9.637137125160921691e-01,6.501315657875370579e-01,5.824149502051717553e-01,5.733291281876859991e-01,9.245025126874022448e-01,8.152286131907984235e-01,2.809409569108377025e-01,9.615336496386244214e-01,3.481462073854157957e-01,2.048092845853234922e-01,7.567044436614833725e-01,4.110014072247040184e-01,6.510271727558099020e-01,4.659018830762312602e-01,3.306082021571846719e-01,5.159426351350282491e-01,4.141734537632383861e-01,2.498632229123314008e-01,8.933686930324227227e-01,5.144859849834227949e-01,4.312376775946059615e-01,4.563513354417065848e-01
3.882979740463362583e-01,9.630112715812364499e-01,0.000000000000000000e+00,7.510526704831531619e-01,5.693734371900017743e-01,7.111996084847885813e-01,6.151349176546984099e-01,9.934942150446299802e-01,6.436709353894833896e-01,9.191087290104704710e-01,6.091592692305423107e-01,9.107942855179669284e-01,2.902235297949480874e-01,9.578639014720171652e-01,5.080877080267846013e-01,5.564834438261306859e-01,5.240496863573700370e-01,5.063511443939219814e-02,7.598167082880029621e-01,9.569369116674346643e-01,7.679871402736981878e-01,9.656594987404152342e-01,9.022072324661821741e-01,3.151291320130554241e-01,5.442590713931241275e-01,5.970686400234544999e-01,6.714675006743571206e-01,4.507407238783676107e-01,5.153930156580952548e-01,4.161485180675620899e-01,6.372899255801105500e-01,2.312211454050175086e-01,8.829971745405611472e-01,6.600296775803569105e-01,6.215181836742524890e-01,6.139275231185729043e-01,2.955018928921137600e-01,5.452435386547809237e-01,4.133635539523990432e-01,6.390298475485134411e-01,4.323952757091912291e-01,7.945187785982206208e-01,4.600740049647537577e-01,8.229780562472907013e-01,5.918960554864771684e-01,8.277072322094549683e-01,6.195561893691463595e-01,4.388237378674686440e-01,7.347352570735067312e-01,9.623271357585454489e-01,7.716157388759629088e-01,7.891026346890435139e-01,4.358387271769235682e-01,4.554324018678590491e-01,7.062169247681420181e-01,7.118365195260700773e-01,9.975896104625928684e-01,9.659532829084233052e-01,9.366959411573922978e-01,3.433336091636765008e-01,4.576578198961952504e-01,7.060538403190707024e-01,9.401263356537867821e-01,6.693377892815995933e-01,6.971264713638609667e-01,5.988525520140082214e-01,5.590430054326126497e-01,6.347119404649986807e-01,6.973799875415613858e-01,8.444035502452962305e-01,6.285745996399171309e-01,8.798846352137772442e-01,4.998695534517358374e-01,1.058917473471640974e-01,7.522584481510329324e-01,4.150136752471943469e-01,9.076463465120833130e-01,8.922329585230447391e-01,7.850461030910753646e-01,4.284143816707877694e-01,9.654011224003801184e-01,6.728908651213950654e-01,8.064643695945689084e-01,5.863323791320050882e-01,7.566627669718777316e-01
7.619703596988529615e-01,7.192254258756051177e-01,7.510526704831531619e-01,0.000000000000000000e+00,4.458599420950484227e-01,9.214356634252410805e-01,2.770105763094964368e-01,1.498513420331164525e-01,2.755296596395174769e-01,7.317984810187354583e-01,6.294414337685715344e-01,9.768707428327265685e-01,8.485680035887145367e-01,6.756053763877689633e-01,5.818874042965034299e-01,8.632671199345429702e-01,6.019075099057729084e-01,7.638674327513781392e-01,7.629621787388437548e-01,6.404113726939099083e-01,6.569518230912019252e-01,6.870499237072897891e-01,7.774789197409337493e-01,5.876802036378604432e-01,4.648734973582364094e-01,9.466793368310100210e-01,9.356813408813159372e-01,5.962409369456135311e-01,8.399451166291123094e-01,5.815201827598331930e-01,-5.133018041743070414e-02,1.442203336164495087e-01,4.399597485810709530e-01,2.622714617496925138e-01,4.165548700293882911e-01,3.806125550577641597e-02,3.366134643266686099e-01,3.762850761666564070e-01,4.063577928089260882e-01,9.792830537330441398e-01,5.866837777892957018e-01,4.103877160210147035e-01,4.560020819757892863e-01,2.648472766396279265e-01,3.915680521009380910e-01,7.807226360912677965e-01,3.321390107025880001e-01,8.556711321716982122e-01,7.563618575936600363e-01,4.438940849889237983e-01,8.487851117891017649e-01,3.205408910764119268e-01,7.765723265892390259e-01,7.391132821943675602e-01,2.538446375257967791e-01,8.975265861480851148e-01,4.892555133012954638e-01,3.767054760216692610e-02,4.412301112991886543e-01,2.714782148660286470e-02,1.020020422388403548e-02,8.546963195017768244e-01,6.834802550407623745e-01,6.078083494453063729e-01,4.632362391664780477e-01,6.843321604003396175e-01,7.308622523960651707e-01,4.595827861822134874e-01,6.921741175821510828e-01,7.588632401582716680e-01,6.450330727728931235e-01,7.101805088888379913e-01,1.385826355687313771e-01,4.128874588217297803e-01,7.932620404137912251e-01,7.765803956202983471e-01,5.405796509926300564e-01,3.306194330089178290e-01,2.451437739560935816e-03,1.137210845443104024e-01,1.281769259586843235e-01,5.394004660224199776e-01,7.321307584621519204e-01,6.231077078900525423e-01,7.459044041306200912e-01
6.869700977740645920e-01,1.483827122291563050e-01,5.693734371900017743e-01,4.458599420950484227e-01,0.000000000000000000e+00,3.513667706872702912e-01,5.316346588060031353e-01,3.754740283391487798e-01,7.690186003277449389e-01,4.079190228594111733e-01,5.585339862181244452e-01,5.364871597807123749e-01,8.628853272881008563e-01,7.533931421966987285e-01,7.542269803812298168e-01,3.415811765467595684e-01,9.586569698008124973e-01,2.987794813427107621e-01,5.095787543628940153e-01,4.588496486152648379e-01,9.072377146362805567e-01,5.125231888883894360e-01,9.148710806467494905e-01,5.346116925923729557e-01,3.509478309504906468e-01,5.960014074619008895e-01,5.336021497403647951e-01,9.687844872072305380e-01,4.489914622889612517e-01,4.528808923331791858e-01,3.929162941280044397e-01,3.247595417334746548e-01,5.419794865188559685e-01,8.644403818964099262e-01,1.672692352803781257e-01,3.354662438718146733e-01,-2.283674108144742587e-02,9.269690350859046690e-01,9.540288717998446355e-01,9.608428265127244572e-01,7.997288098516777133e-01,9.428873501706754867e-01,6.669914275257953218e-01,2.245671541965505447e-01,9.128799185544034245e-01,5.196472300121920407e-01,6.111573323224592791e-01,6.694563402667788043e-01,6.868700780838543629e-01,5.758118164960772667e-01,5.750260935279019048e-01,6.648465723713442577e-01,9.502179944130215716e-01,1.184640608324951105e-01,7.522805065812756542e-01,7.667393371860933282e-01,6.352203570332731752e-01,6.540380657457012248e-01,6.348589576517882360e-01,6.638929102378616776e-01,5.380640336266062640e-02,4.813831110762982202e-01,5.237461230814683955e-01,9.693382439515858540e-01,3.949970226538139784e-01,5.401513772809893865e-01,3.002557514895472512e-01,2.045877764724882142e-01,2.176726728687938262e-01,7.127854406702200940e-01,6.751628296548234376e-01,7.336297135420704052e-01,5.196022105268758295e-01,1.425209081768328834e-01,4.591460845707188709e-01,7.736454689463714285e-01,5.590374247792589957e-01,6.039725428248265970e-01,5.326036861259573207e-01,2.295872867226963210e-01,4.260337508346904167e-01,8.188020012087170452e-01,7.385478849262296919e-01,2.988059407996762062e-01,4.379712296226471180e-01
9.041712485964908952e-01,4.803212412017996424e-01,7.111996084847885813e-01,9.214356634252410805e-01,3.513667706872702912e-01,0.000000000000000000e+00,7.074307104915757982e-01,6.287805821989117527e-01,8.129587695832098948e-01,6.563791173307660376e-01,7.674109531685089358e-01,2.957326712218821263e-01,7.373186327080527569e-01,7.795985257160482629e-01,5.577211628739277005e-01,8.580273789729900846e-01,6.226190796442713227e-01,9.303661871692964214e-02,6.974526640202773908e-01,5.183289757309716972e-01,6.642790667052311804e-01,2.381899781734911348e-01,7.652848468181134844e-01,1.233489098438718679e-01,2.193291730877536261e-01,6.410182213497039871e-01,8.975008792441173666e-01,8.166326721423727841e-01,6.947259353499719570e-01,5.825046863237965944e-01,3.101769267261254015e-01,5.166726010594464569e-01,2.876320039360476533e-01,9.308616459169115620e-01,7.986424828949514332e-01,5.414999572883365531e-01,4.581477869730303243e-01,5.539995761538694108e-01,9.176125973381102918e-01,7.055244449013656771e-01,2.098405427586816363e-01,7.175263520843200293e-01,5.530073245083462208e-01,6.820845629409933997e-01,3.298538413919049894e-02,7.947149351033768738e-01,9.516592973900607211e-01,9.934694238967840541e-01,6.988517280630199835e-01,4.044759797894743047e-01,7.303662515037350200e-01,8.730324483185271101e-01,8.096747768871516149e-01,7.556344204191489666e-01,3.451502115653152236e-01,8.267759405017659491e-01,7.758003256564683925e-01,4.249992066863159668e-01,9.647194818893850554e-01,3.963772428813832072e-01,4.707563348521872082e-01,5.447257260053263161e-01,5.684756817281138019e-01,5.241573403058523706e-01,3.890497537108171811e-01,5.237238312273373442e-01,7.879608947530716279e-01,9.994783340621866685e-01,4.833537276834838359e-01,4.061894891088485560e-01,9.116669439625383342e-01,9.658111956747750249e-01,2.796422363305428038e-01,5.430344212318627406e-01,2.759201932281662439e-01,8.921794600528909491e-01,6.957725044268280312e-01,7.279812355041546112e-01,7.105611370322457709e-01,1.780917017021279580e-01,6.793541527561021143e-01,2.042147385817258964e-01,8.682524709335512902e-01,3.336450790300802272e-01,6.477695107934722252e-01
4.171486028108769561e-01,6.789071538327999811e-01,6.151349176546984099e-01,2.770105763094964368e-01,5.316346588060031353e-01,7.074307104915757982e-01,0.000000000000000000e+00,1.587099542119421169e-01,9.397715807181448167e-01,7.355482700778743776e-01,3.278136794810824206e-01,7.607601640017080946e-01,8.183092631132793046e-03,4.025916838942157350e-01,7.952646758347262645e-01,6.993711577831671633e-01,7.900100124060860374e-01,2.323438291948274892e-01,5.812218797946934190e-01,7.188356021678772578e-02,9.718714015209654056e-01,8.424249651273954531e-02,5.077798165355535964e-01,9.619755233140272477e-01,5.116449343026607810e-01,3.936176726221604083e-01,8.238624798357097045e-01,5.218755534492368620e-01,3.582557900665235273e-01,2.120645336162966799e-01,5.461842867782293887e-01,4.940842122363580113e-01,3.809938563882576679e-01,7.471846076163782824e-01,2.400265197601135769e-01,7.546903168618643853e-01,5.705806063466751787e-01,4.761860093531488092e-01,5.454255615825874814e-01,9.739914675916152564e-01,5.742456349957975048e-01,4.877290922388141103e-01,7.483098915682413477e-01,3.438783729771473507e-01,9.605399216914296545e-01,2.923891724377641888e-01,2.516376719389188943e-01,4.518347598895508521e-01,2.942920499926331424e-01,7.334106959067570042e-01,2.595248612793992771e-01,2.507908562113937423e-01,5.110721709278397418e-01,7.270163444667752106e-01,6.294599510556664335e-01,4.326418107597941320e-01,7.100844680425936195e-01,3.537721713867067463e-01,6.348803049774116580e-01,3.031976109852753676e-01,7.353318519647645823e-01,6.073284539031618134e-01,6.503889619544218903e-02,6.397931457595801286e-01,2.953878832188093218e-01,5.631279681092469236e-01,3.336021287818685677e-01,7.023807661084626730e-01,5.253380990680511786e-01,5.347667971064485881e-01,7.058869120319081203e-01,4.615004562816319433e-01,1.015920003696679785e-02,1.689191213639688605e-01,5.562613439834158680e-01,3.757600879512139613e-01,5.634287135392304080e-01,5.476414203094824851e-01,5.601386031799034937e-01,4.715864814515133840e-01,4.185334664585051989e-01,8.749268957039617600e-01,2.310590725226096542e-01,1.655959944762744884e-01,3.527272494707121009e-01
4.689792620026008163e-01,3.379754437838653480e-01,9.934942150446299802e-01,1.498513420331164525e-01,3.754740283391487798e-01,6.287805821989117527e-01,1.587099542119421169e-01,0.000000000000000000e+00,7.531544015196293129e-01,3.422760290108201042e-01,8.202985555781595606e-01,4.848132131609697582e-01,6.632515810297742176e-01,7.789006381489821385e-01,5.323132402557909648e-01,-7.818033655731443377e-03,4.622022223111261763e-01,3.673952123705992445e-01,7.267726659969598879e-01,2.477616757129993408e-01,6.060678188987906889e-01,6.888424210743953058e-01,4.441430660937576991e-01,2.816725984833764462e-01,3.864191857814421871e-01,2.041334797961082415e-01,5.988718723131432053e-01,3.761815207412098072e-01,2.108057395712257254e-01,2.527782531016390943e-01,1.517331759337251507e-01,4.791145977605663631e-01,2.931557611604523883e-01,1.476093301198339869e-01,4.753158461575892058e-01,4.814448630384596250e-02,5.382159060070214052e-01,3.429491561707275205e-01,5.524067720305011475e-01,4.459294572078877916e-01,6.501412474360241944e-01,8.290598361470901123e-01,6.823494641093961199e-01,5.179324788419426007e-01,6.208649033846040943e-01,3.076029727108609557e-01,9.433618691067894302e-01,6.613191461969959439e-01,3.085321481377830133e-01,5.647330307159639240e-01,6.774713427970356916e-01,5.323761573281098336e-01,3.350300407572600614e-01,5.834194169800364094e-01,6.789361832030605948e-01,7.854444600152927780e-01,5.884810101292616835e-01,5.269052983764904718e-01,5.638150068131345671e-01,4.750985633703745381e-01,5.544831479809405606e-01,7.032590629017535511e-01,4.557097024423430454e-01,2.768106178927874361e-01,7.640147848405121067e-01,7.018279634913325848e-01,2.424467291793087342e-01,3.204848432163887040e-01,2.760152692328169399e-01,4.352412337059392566e-01,4.868454450083881113e-01,4.859521602388960360e-01,4.093046091962544986e-01,4.751939185757966255e-01,5.778919991321079808e-01,5.824999845632395923e-01,7.366034216380491495e-01,6.721136614946587873e-01,9.262052432610637376e-02,5.573199040107053026e-01,5.775761181024798852e-01,7.944238585230289917e-01,4.318889563050188340e-01,2.660973280958044973e-01,5.963911149522281852e-01
8.471629155319673199e-01,4.507775359943047011e-01,6.436709353894833896e-01,2.755296596395174769e-01,7.690186003277449389e-01,8.129587695832098948e-01,9.397715807181448167e-01,7.531544015196293129e-01,0.000000000000000000e+00,7.101913337101339874e-01,6.527143504609894675e-01,8.986723376509043737e-01,6.493767381009355466e-01,9.960318968932367900e-01,7.023904728201676440e-01,8.385472172247340206e-01,4.749948209507226515e-01,5.203523713082145452e-01,5.789152870373402981e-01,9.335083229020852968e-01,8.018344078272050535e-01,7.915364841871155299e-01,4.821884763956831854e-01,7.166169074721340237e-01,1.811472541177562290e-01,7.212207544531020753e-01,2.675279949666353185e-01,6.516735240132965901e-01,4.118166338515649727e-01,3.532356432799338419e-01,-6.521843549299194409e-02,6.616330605422978683e-01,4.616194555645990460e-01,2.073344844864400127e-01,5.513906169206299612e-01,4.015792861571000349e-01,-1.476839858537354888e-01,4.073470668928240723e-01,9.742729939512017046e-01,5.649815212614459625e-01,3.187999733308227723e-01,7.472369963839838869e-01,4.609384721901340076e-01,6.589952349081670269e-01,6.335568466466635629e-01,7.511106877932020032e-01,6.563274524293190026e-01,5.472211256481204211e-01,7.566943844171348799e-01,2.970485396732565064e-01,6.863130998305375652e-01,5.864428995979160675e-01,1.943808278544234547e-01,6.474428188696937925e-01,9.071982275187578937e-01,7.823087254193094031e-01,4.936750143405266855e-01,6.253417036548750696e-01,4.974563369241152277e-01,6.903177807238399799e-01,6.670467968609252729e-01,4.435601452902190878e-01,5.456039706470453554e-01,6.707982146987013783e-01,4.663762408660544478e-01,1.462152067051784854e-01,5.858051073400574182e-01,3.071028140788057970e-01,1.421752667814511206e-01,5.253856395634060039e-01,6.952059724854465772e-01,6.923443366844497238e-01,-3.446857985434452210e-01,2.406573963343304479e-01,9.167496279183340313e-01,5.451362443412444136e-01,6.737742087415797831e-01,4.893222590359690427e-01,3.125467831145615216e-01,3.203187180092446074e-01,4.189631708111152819e-01,7.439929875633871648e-01,7.685895868771308592e-01,4.081174224246021387e-01,4.584016481022525902e-01
2.674921332806973195e-01,2.242756591823234086e-02,9.191087290104704710e-01,7.317984810187354583e-01,4.079190228594111733e-01,6.563791173307660376e-01,7.355482700778743776e-01,3.422760290108201042e-01,7.101913337101339874e-01,0.000000000000000000e+00,7.475794421689677671e-01,6.425286872037934138e-01,7.804922169411103727e-01,2.641195069970398990e-01,7.778601721823010795e-01,-2.478957647213212434e-01,8.223894148628115852e-01,3.895999564262082604e-01,6.052446052019404554e-01,5.823262201486943956e-01,7.082368864972345968e-01,5.813752081932460625e-01,5.711197476709785059e-01,9.871222471239842200e-01,5.228575552861742803e-01,5.339744044439982407e-01,4.924690625205308536e-01,7.161414169343338632e-01,6.101570399442047821e-01,8.249818941230313216e-03,3.631978898720055748e-01,3.798257655415185896e-01,7.859755656574720639e-01,6.471352680497979293e-01,3.613454248135603564e-01,7.407299283981645388e-01,3.135415716906139183e-01,6.907563705503958484e-01,4.529936843627629939e-01,8.379525764105844043e-01,1.250781319363929722e-01,6.193200128742351041e-01,8.521541626849620243e-01,7.888722134504881911e-01,8.071504778285047976e-01,8.313133903417498916e-01,5.544642417063914142e-01,8.411595306045506204e-01,4.943004776417397328e-01,7.606391687316861328e-01,2.993556258999712227e-01,6.631642319606166902e-01,5.564392795009956982e-01,6.781704104626208318e-01,9.751255469240893703e-01,2.460184697379459995e-01,4.992096743548450344e-01,7.100529036388371074e-01,9.948842371538271223e-01,1.898483869980322203e-01,5.697319873224807596e-01,5.634934712100643228e-01,7.367738566706301118e-01,8.448687619367285517e-01,8.394582002334323168e-01,3.578189365988367898e-01,3.010342341231411201e-01,9.596554430379299339e-01,5.177356299671720397e-01,6.544202841783252067e-01,6.707249434631418206e-01,5.186804996730092210e-01,2.622035774739236436e-01,5.411036878308572717e-01,6.563110010323054411e-01,6.411112036023139948e-01,8.556759126013957495e-01,5.911003575755388040e-01,3.365489208183509162e-01,2.291014577175259359e-01,5.549767307764392754e-01,6.661765143717597315e-01,9.526067794892040252e-01,7.239001117273951014e-01,6.727866666273463192e-01
8.659445451315384013e-01,3.314141894909372610e-01,6.091592692305423107e-01,6.294414337685715344e-01,5.585339862181244452e-01,7.674109531685089358e-01,3.278136794810824206e-01,8.202985555781595606e-01,6.527143504609894675e-01,7.475794421689677671e-01,0.000000000000000000e+00,9.391254947880139925e-01,6.415569892391530527e-01,8.934700850608631173e-01,6.095273975864801130e-01,5.495879531491947301e-01,7.067140939692659884e-01,8.351149501763002192e-01,8.449695048077654480e-01,7.077127780113651179e-01,8.847298653212283259e-01,4.090331541488915756e-01,8.004217343074787605e-01,6.217415070287696244e-01,5.621636253714500375e-01,5.230975839986745646e-01,5.015857751057469782e-01,6.465576089604326837e-01,4.184639684600411913e-01,3.424939006890980187e-01,-4.862080918635047766e-03,6.340868953753566739e-01,7.244950705138157865e-01,6.646087180445289233e-01,5.814964008195003253e-02,2.586022716853988990e-01,5.310330952656574510e-01,4.460077569494807492e-01,9.078375444343721457e-01,7.890913013783770191e-01,7.923967659212569625e-01,4.715604050918010270e-01,7.018454775505127419e-01,8.206346631348790943e-01,7.007404641350450936e-01,9.523056135297218727e-01,6.198025456611694350e-01,5.611395117257819143e-01,7.108135120177641042e-01,5.548249231273137960e-01,5.756202513861463643e-01,6.743358646026302861e-01,5.670530305470915522e-01,3.410411668342967495e-01,2.650628870824480732e-01,4.632342481919116128e-01,7.762273544045565909e-01,4.818781545727574556e-01,9.130722651048571725e-01,7.833827937072331826e-01,5.972677738072047771e-02,4.865730965886643222e-01,8.290084677616912368e-01,9.043432762870619035e-01,7.043040266376832115e-01,8.270373569251523449e-01,5.751811069538903531e-01,7.283913903522487576e-01,4.850824556498429807e-01,7.771518504856713694e-01,5.958732575765972594e-01,5.606821891869002705e-01,7.206708209950718480e-01,3.110652274917335980e-01,5.192987786725186128e-01,2.325555115776915815e-01,4.556329766913910784e-01,4.888908413855862500e-01,5.705083547117169029e-01,1.260410335043042895e-01,5.973818203188514808e-02,6.615647237534916236e-01,7.049852313701140405e-01,5.817398967174615132e-01,6.117356418302225540e-01
5.292424121622832933e-01,3.293732196053632544e-01,9.107942855179669284e-01,9.768707428327265685e-01,5.364871597807123749e-01,2.957326712218821263e-01,7.607601640017080946e-01,4.848132131609697582e-01,8.986723376509043737e-01,6.425286872037934138e-01,9.391254947880139925e-01,0.000000000000000000e+00,6.034184229571810665e-01,6.730745012654548720e-01,-6.854516460785581300e-02,4.997129716576994007e-01,2.909317193609010643e-01,6.512477625246455570e-01,6.531009279193498163e-01,2.665431974772891066e-01,8.753755030877332644e-01,4.249368210591265571e-01,5.292951218863117813e-01,8.754773376818950625e-01,9.233976497495440805e-01,7.409449625372018788e-01,8.779761793948485105e-01,7.772470851323819430e-01,3.663112938283868969e-01,3.246925765742338932e-01,5.128349107024828823e-01,5.539986216471010083e-01,2.533700377141166471e-01,2.094726732938628488e-01,5.581808515545847449e-01,2.237110369403219334e-01,7.925830599405719878e-01,7.019621436290262029e-01,9.826248602968111756e-01,3.556772556033403476e-01,4.876670999022894581e-01,4.655253512388673326e-02,7.654755359728908637e-01,7.151304321549435405e-01,9.338866063845497889e-01,5.035635598226634313e-01,7.605364546922048774e-01,7.797756192295134392e-01,7.854086828156853217e-01,5.227389495198899727e-01,7.410998803885034958e-01,7.455886713913036923e-01,7.585912478240800505e-01,8.994194317155346230e-01,6.310853980777066941e-01,7.778953399746263431e-01,8.006120720214751074e-01,1.399681563015525432e-01,6.338157584838735037e-01,3.090927794291502551e-01,4.377186567612780244e-01,4.039507978350070916e-01,6.197346973598631958e-01,4.341874669673093101e-01,7.857308099474697993e-01,7.958420100496341743e-01,4.223229753016711774e-01,6.061092245804065026e-01,6.498350633141507238e-02,7.761247749339937885e-01,8.833855761227730197e-01,6.551452982175332007e-01,4.615958102147078579e-01,2.230387389670409060e-01,7.077039249497522055e-01,5.794621285466803329e-01,3.600292732836820608e-01,7.883154032387168497e-01,3.019575329117865636e-01,3.903219630705212755e-03,5.394637126604117094e-01,9.866467462413195388e-01,9.376655345695377175e-01,6.845531326787647197e-01,4.160799373580300053e-01
8.642933323361818854e-01,3.904444650948173390e-01,2.902235297949480874e-01,8.485680035887145367e-01,8.628853272881008563e-01,7.373186327080527569e-01,8.183092631132793046e-03,6.632515810297742176e-01,6.493767381009355466e-01,7.804922169411103727e-01,6.415569892391530527e-01,6.034184229571810665e-01,0.000000000000000000e+00,3.019656813949454510e-01,1.971587931880246503e-01,6.766364978715013745e-01,5.763856344735626136e-01,5.902144571076139989e-01,3.576849787661801616e-01,6.916369656398013710e-01,8.124237970337424564e-01,4.760339154961993335e-01,6.740699249335455612e-01,2.201728504006721376e-01,4.827614369382443593e-01,7.163547271829344698e-01,2.710838752259033257e-01,8.393463196243931002e-01,6.045852709104740930e-01,-3.110305659570489212e-02,7.458121510137274979e-02,7.055375584448780879e-01,7.557348037750393210e-01,3.554338472349024558e-01,-2.933147265481033106e-01,6.649372466975993490e-01,1.076345167044040069e-01,4.700723147642427158e-01,9.292423441321866484e-01,7.801019234818500347e-01,4.067346499405693483e-01,5.381287311120510619e-01,8.940316950607655189e-01,6.315823674375653507e-01,7.265164565544034447e-01,9.905647200344256387e-01,9.523173464108825037e-01,7.990678318263726432e-01,9.294398998089967723e-01,3.249455275457485692e-01,4.090520597633944822e-01,7.278553957294741084e-01,1.465599995473358952e-01,4.262595593182624265e-01,8.097813588023110576e-01,9.580995415544897309e-01,9.267130362637708840e-01,5.514833879619743806e-01,2.305628616072889214e-01,8.095972345901619738e-02,4.442742511185998056e-01,7.038282581576942309e-01,6.811499115346927313e-01,7.475913898130027713e-01,6.382865009109863763e-01,6.862653513536348671e-01,2.914969223161325562e-01,6.659216677490423786e-01,5.005876948233488610e-01,7.355007399517832223e-01,9.836248205392584820e-01,8.060357607841297511e-01,7.281578688604393168e-01,2.587090411556922098e-01,6.716781059081163852e-01,8.299612427629057265e-01,4.799250379659849020e-01,8.560545733376272448e-01,2.322799101929926557e-01,5.614915058397550451e-01,4.205820396751085988e-01,8.441582690779562137e-01,4.578720987979221779e-01,5.875302532269979228e-01,7.189241021253195418e-01
3.126405795340278515e-01,7.454126316241153072e-01,9.578639014720171652e-01,6.756053763877689633e-01,7.533931421966987285e-01,7.795985257160482629e-01,4.025916838942157350e-01,7.789006381489821385e-01,9.960318968932367900e-01,2.641195069970398990e-01,8.934700850608631173e-01,6.730745012654548720e-01,3.019656813949454510e-01,0.000000000000000000e+00,3.215670466393138471e-01,4.533421711514267760e-01,7.485154963770347392e-01,6.762241651461117220e-01,4.262311120923764074e-01,4.371652087962639155e-01,5.299334373661741537e-01,5.527734987094647945e-01,8.123246571831483909e-01,8.687606162319081449e-01,2.425020377231270827e-02,3.729798030529224429e-01,3.839877671000705983e-01,8.605026411722875856e-01,2.488289069810542542e-01,5.079071203523559674e-01,1.153009529311375403e-01,5.907571606726529367e-01,7.316035958872866285e-01,6.965721072386374946e-01,4.611411230887363377e-01,2.097413259555679366e-01,-1.046279493610823841e-01,4.098982739564838718e-01,6.811230734842604884e-01,2.309265935040147044e-01,6.246546978046257914e-01,6.150372755022757154e-01,8.884113844607750554e-01,8.751623214883574864e-01,7.688159619357985974e-01,4.883356965841880726e-01,6.573730494577333383e-01,6.205473829067040814e-01,4.411203352276367728e-01,9.992204477458066503e-01,5.042050679401857138e-01,9.221667921130246581e-01,9.633403081371967325e-01,3.760254766670679816e-01,2.882808545823570268e-01,4.520385332225374531e-01,4.569823460677863158e-01,8.133689782052427875e-01,6.552450263074093284e-01,3.738860898151173950e-01,6.696199002525988764e-01,4.216443630404135834e-01,6.581300319549771016e-01,3.677463390713053837e-01,8.174671930693949706e-01,6.234526800675527225e-01,6.486976711326388756e-01,5.562525958105182244e-01,3.014890448631300512e-01,6.889396002686992704e-01,9.010728364569445814e-01,4.206299324369401904e-01,6.253434432828141043e-01,2.625640167761378319e-01,7.129183962129279628e-01,8.347631095328424955e-01,9.917592483874668741e-01,9.028947086747485251e-01,-2.481854273482131390e-03,1.519620589811983107e-02,7.188582581969988894e-01,5.577474111696462122e-01,3.662673733345760962e-01,2.287481405493506093e-01,7.092652483205746927e-01
9.722358459597952862e-01,8.284104584002035532e-01,5.080877080267846013e-01,5.818874042965034299e-01,7.542269803812298168e-01,5.577211628739277005e-01,7.952646758347262645e-01,5.323132402557909648e-01,7.023904728201676440e-01,7.778601721823010795e-01,6.095273975864801130e-01,-6.854516460785581300e-02,1.971587931880246503e-01,3.215670466393138471e-01,0.000000000000000000e+00,4.315498708459516997e-01,7.952152975232726906e-01,3.086074918130634614e-01,7.631736415761384285e-01,4.928177625693594965e-01,8.180193445377366146e-01,2.326028849007349131e-01,6.434699954098557217e-01,9.480303360214290542e-01,6.877833067573890791e-02,2.962076872523921045e-01,6.625447274726790070e-01,4.669162784313438119e-01,2.994683222430507552e-01,9.122777720887725872e-02,2.222462437566108950e-01,7.552691073279914624e-01,4.128928111956217117e-01,6.172830135553032394e-01,7.467928912379562245e-01,7.523107992072758377e-01,4.199547333083928358e-01,1.598551207990457079e-01,9.003189087437120097e-01,7.510137506019368692e-01,5.226362206136587751e-01,7.583114867318186958e-01,6.982051269183360276e-01,7.151192356511075765e-01,1.060336491744105075e-02,8.111449627327927958e-01,7.281831481647063065e-01,2.581189943178585633e-01,3.703680652231494674e-01,7.370674283122361503e-01,3.810205949981554374e-01,4.094725976492224473e-01,9.643761654884319690e-01,4.628200949544821752e-01,6.987657723187963299e-01,8.641420392615700719e-01,7.285526880608607092e-01,5.172848427689621387e-01,4.708098867758064854e-01,2.740800762880963859e-01,1.784223807249862848e-02,3.093967034663199778e-01,7.843389663627339248e-01,9.196091837516366940e-01,5.177642672826345827e-01,4.853482642559885374e-01,5.589187148934446903e-01,8.769644041088529018e-01,6.601771907845773724e-01,8.517304069083891926e-01,9.848163462659624834e-01,2.038288925593340073e-01,2.101531377355817520e-01,1.399597626673742545e-01,2.950503516424488049e-01,6.555261114972494862e-01,6.309837139751702795e-01,6.988405473267265133e-01,1.166135647315510449e-01,3.714888957032901340e-01,7.919963844834718714e-01,3.438461406139212140e-01,1.737121558017801770e-01,3.279126568373231798e-01,8.571759437131133419e-01
9.541785610512961702e-01,4.087112897362404351e-01,5.564834438261306859e-01,8.632671199345429702e-01,3.415811765467595684e-01,8.580273789729900846e-01,6.993711577831671633e-01,-7.818033655731443377e-03,8.385472172247340206e-01,-2.478957647213212434e-01,5.495879531491947301e-01,4.997129716576994007e-01,6.766364978715013745e-01,4.533421711514267760e-01,4.315498708459516997e-01,0.000000000000000000e+00,5.650275603328634988e-01,3.190295642194627690e-01,7.910270727456396589e-01,7.793507289941126182e-01,9.025842515323851956e-01,7.074733245282585070e-01,8.793572082190966865e-01,4.964695103817332589e-01,6.641439888239011324e-01,8.820069538007774268e-01,7.774365014782262939e-01,4.553834283468060629e-01,3.721477037257542864e-01,7.572962119277507065e-02,6.307279001363652604e-01,1.947603966855538937e-01,6.561927592887387695e-01,7.602853265563309648e-01,7.053517910639940380e-01,5.085581867168086356e-01,3.524529638645124141e-01,5.788308058213166296e-01,5.876299304709650118e-01,4.695842947054382210e-01,3.377230712193527440e-01,1.590402248796191076e-01,1.561248852536348819e-01,4.335640942085314253e-01,7.098887446246725519e-01,6.846662527566399481e-01,7.491794634879462844e-01,4.487759495649251695e-01,5.497160178524361784e-01,9.540701916593391507e-02,7.061864043494171517e-01,6.502327591562752085e-01,6.294999628389471580e-01,6.276429480382327286e-01,4.678183356775972301e-01,4.930240372317700182e-01,5.937031448563618863e-01,6.025364802380325235e-01,6.191188352586688426e-01,2.134381201887536328e-02,7.785947963989673370e-01,3.145671118037381975e-01,5.525648772072437875e-01,6.269387665275463206e-01,7.665682337026444859e-01,6.944636378803232812e-01,5.736730093208277648e-01,8.175248647100793464e-01,5.244036837212311397e-01,1.236791640342664450e-01,8.174192470518196751e-01,6.269442174066397477e-01,3.233553267257835984e-01,-1.157978483340521558e-02,4.964141767116135862e-01,7.987658860593740417e-01,7.785256612620259364e-01,9.776665918594400484e-01,5.118516718145746935e-01,4.765477456896656805e-01,5.788168714502490708e-01,7.928857920999496933e-01,6.377305973980152975e-01,6.825700484107725119e-01,2.915362996471292933e-01
6.467767064174452241e-01,6.376298398362005848e-01,5.240496863573700370e-01,6.019075099057729084e-01,9.586569698008124973e-01,6.226190796442713227e-01,7.900100124060860374e-01,4.622022223111261763e-01,4.749948209507226515e-01,8.223894148628115852e-01,7.067140939692659884e-01,2.909317193609010643e-01,5.763856344735626136e-01,7.485154963770347392e-01,7.952152975232726906e-01,5.650275603328634988e-01,0.000000000000000000e+00,7.583154150040123387e-01,1.122406934881190477e-01,6.758640624813797571e-01,6.249723434586289539e-01,6.878331564282461619e-01,5.007842020872651512e-01,6.229955974963758969e-01,2.967815991005620657e-01,5.232486712846692312e-01,7.129331823789151201e-01,5.004835833780979515e-01,3.482479442061771069e-01,5.527616155761152505e-01,7.732713249232346930e-01,7.339066432336907031e-01,5.510381387176881418e-01,7.465177438513976860e-01,7.569120235605421021e-01,3.656309917577904578e-02,4.797001444724911523e-01,2.873983462001394318e-01,6.419408615180861588e-01,2.343655137787756249e-01,2.089475751815725313e-01,9.027002490248106081e-01,8.356789751216782136e-01,7.013504759502200425e-01,4.436947572082192703e-01,6.114528653060826713e-01,2.414718623445052115e-01,6.985698528798289786e-01,7.558581172149084759e-01,7.631300283108906068e-01,6.958316430149568133e-01,4.839038274515212734e-01,3.835782443056298119e-01,9.312348527493667927e-01,7.847835699808295429e-01,6.064259634947124500e-01,3.474969767114120117e-02,6.464130084544451593e-01,2.011572863303808800e-01,2.435884799240592424e-01,4.422379245697216740e-04,7.442217036482392523e-01,5.815756650029516583e-01,5.561869734454094605e-01,6.508768337355009814e-01,6.444848687427641165e-01,6.280473699837298973e-01,6.532757616497633091e-01,5.063635016045104908e-01,6.737908900302336246e-01,3.204677722496452330e-01,6.526653521527063795e-01,7.826464714207117535e-01,4.035118661429900611e-01,7.785514201336678486e-01,7.927884316833682110e-01,6.996329143083467317e-01,6.374222029652909516e-01,3.393253452076891996e-01,1.283394107019756314e-01,9.879888788163282420e-01,6.506870188186320014e-01,5.524869311787294901e-01,5.857793815256641112e-01,8.853053272772040128e-01
6.474652787430825729e-01,6.362062116582068994e-01,5.063511443939219814e-02,7.638674327513781392e-01,2.987794813427107621e-01,9.303661871692964214e-02,2.323438291948274892e-01,3.673952123705992445e-01,5.203523713082145452e-01,3.895999564262082604e-01,8.351149501763002192e-01,6.512477625246455570e-01,5.902144571076139989e-01,6.762241651461117220e-01,3.086074918130634614e-01,3.190295642194627690e-01,7.583154150040123387e-01,0.000000000000000000e+00,5.141088361420015351e-01,2.774911716695789288e-01,8.383438986711632124e-01,6.297587761107269477e-01,4.946761824163765642e-01,6.353791124420389291e-01,5.832523792423782716e-01,6.417181473187779650e-01,6.016604552504308812e-01,2.009130076602694270e-02,2.928487189853328787e-01,-1.709062132288636515e-01,1.203530770765115542e-03,6.282027921815181992e-01,7.708410870965718420e-01,5.254349316055948460e-01,4.733549701672746246e-01,2.803392905420119541e-01,5.692378630123909877e-01,4.926011082067392466e-01,7.535248539981722615e-01,7.667483720704201255e-01,4.558269437526621393e-01,2.039059051308833026e-01,6.014583773096310315e-01,7.694797553013678071e-01,6.312766250436029347e-01,5.740873270998135824e-01,9.093872936469215018e-01,6.828681105344316937e-02,5.214811175514266761e-01,7.585930770468941597e-01,7.260764778924312379e-01,7.326954861711184597e-01,7.589319794679669773e-01,7.773703858449615423e-01,6.558676084295729236e-01,7.604947323841151352e-01,2.548209482569343542e-01,7.899636834198815460e-01,8.192200693165381242e-01,1.389799904448091317e-01,5.550397829793262128e-01,3.240231490730345887e-01,6.856672472500811022e-01,8.997622661931969912e-01,9.817122605024125592e-01,6.075781094878390798e-01,7.350736145351555520e-03,9.877413480571404225e-01,5.717099779242501567e-01,7.555840042743167118e-01,3.803633628536449707e-01,5.708447672723244715e-01,2.720419451302615865e-01,5.769126504363432106e-01,1.728333338389740070e-01,3.509633666503202826e-02,9.358536788870048806e-01,5.469338009213949858e-01,3.458333826256436705e-01,3.715988214917559374e-01,5.994586754458209876e-01,7.409853839980268253e-01,8.247472674381852720e-01,7.798021084674247594e-02,7.004023200790669978e-01
