0.000000000000000000e+00,5.040953696100035630e-01,7.438448709937851566e-01,5.967441210277431018e-01,4.877537606148532046e-01,8.778224896005064615e-01,6.512606166324086399e-01,8.746773760974468903e-01,5.426803224342208187e-01,7.388148138465721049e-01,6.456148736618819717e-01,6.220125634807213144e-01,4.281849291100691124e-01,9.470950620849756252e-01,6.903003817258983599e-01,7.609084785838803322e-01,7.804605989339015171e-01,9.614528280816854178e-01,6.734335451252098093e-01,9.483599593152777230e-01,8.928640335469791856e-01,8.914498777005740449e-01,9.850748062969223451e-01,9.097557532422693161e-01,9.163040172542499251e-01,6.755291566936062475e-01,6.266136206011412302e-01,5.144377148338258321e-01,5.712870322110245036e-01,7.688151932227483831e-01,3.827574212838883438e-01,6.242058506667566009e-01,9.452912982004769704e-01,7.898467547518805976e-01,6.231375089707062997e-01,2.309560651618825788e-01,1.608118804390583356e-01,6.482330935970854746e-01,8.818215509852487255e-01,7.459256932278034435e-01,-7.168961737460990968e-02,2.656480584220425323e-01,6.061698384558871222e-01,8.192268372445786762e-01,7.595259134456877614e-01,6.409476156989183382e-01,7.766617247448945882e-01,8.118613192169293891e-01,5.659952341726911529e-01,8.115546184053967771e-01,8.428598614259812383e-01,6.315064319898546774e-01,8.968319571678330382e-01,3.196639177586331204e-01,2.248084344244188348e-01,8.542097973756473950e-01,7.816129358454791953e-01,9.966309685884899849e-01,5.436522510012257170e-01,1.175388585115624968e-01,6.042922795441719730e-01,5.217331966461994375e-01,3.816234845301987866e-01,6.583832222927746836e-01,6.929088799622870054e-01,2.405547720385031729e-01,5.902656055407208280e-01,3.443023476843466990e-01,5.528674941084148475e-01,9.866317716436684426e-01,8.201637044261353982e-01,4.221209676508707043e-01,1.622640915173237663e-01,4.678457439705833165e-01,8.266275001411156342e-01,4.973842182005970836e-01,4.542998210202434106e-01,6.528131311379090640e-01,2.746541742142192266e-01,-1.757691536656547093e-02,6.535402927126883199e-01,9.258484981892731724e-01,4.970114879640835648e-01,2.160546247932930153e-01,7.376739140879764456e-01
5.040953696100035630e-01,0.000000000000000000e+00,7.367909130649454852e-01,7.327639023810783581e-01,6.144282988250823196e-01,7.105873368520720934e-01,6.639262293509106128e-01,3.699369571821432001e-01,7.259209407834557037e-01,2.895826115834209680e-01,2.188164234366190564e-01,3.953591572934630483e-01,5.128090734773360637e-01,9.585873025678179893e-01,9.893156119280184235e-01,4.905868861044672680e-01,6.462585704913395013e-01,6.450280424626756437e-01,9.613224418784706016e-01,9.190970348973677151e-01,7.857351938148959825e-01,1.441495236154881621e-01,5.135849460766288982e-02,5.902396834462356745e-01,7.710261893821394041e-01,6.060155931410814434e-01,7.048405989429771257e-01,5.502947179524848575e-01,2.201151394591497057e-01,8.648231627523113307e-02,3.773828238418325265e-01,-2.470978645222621228e-02,3.260962127793740062e-01,6.315652754108582734e-01,8.027915827551385108e-01,5.884015262592243722e-01,1.132353687938641579e-01,7.084410523193318543e-01,9.105762948768265641e-01,7.014975764988008455e-01,5.220692161272566523e-01,4.668819641276736876e-01,5.945800697531109513e-01,7.988880634975068507e-01,6.270191975892134284e-01,7.243759961472014952e-01,2.620068583903458204e-01,9.816645977880987806e-01,2.498042581913092197e-01,4.956513506927971435e-01,6.566639312843807197e-01,7.028565895606269098e-01,6.858323245540054458e-01,6.420949692395480080e-01,8.867340534367427196e-01,4.895058719920467594e-01,3.365975071480874492e-01,6.376286643688919842e-01,5.127907917456199227e-01,5.979792420988675472e-01,3.989855045484992924e-01,4.410663364331504632e-01,7.294212171895775310e-01,6.759607994630922878e-01,8.235919688182160581e-01,4.041055114326502218e-01,5.341171089358961455e-01,8.981461834941497635e-01,6.293347058869930288e-01,6.880417073151783303e-01,4.418919280714880826e-01,1.278255620343552168e-01,6.769191578884117266e-01,6.135782089862540367e-01,6.471869242974678249e-01,6.282653905119939264e-01,6.318911483126392614e-01,6.952290632539300796e-01,3.750811754786997354e-01,3.227965436373727015e-01,2.395145200115717243e-01,4.472242048257702440e-01,8.930613849732930154e-01,1.032736982417694627e-01,2.101688397463368774e-01
7.438448709937851566e-01,7.367909130649454852e-01,0.000000000000000000e+00,2.034720435418000961e-01,9.595581732018328980e-01,4.065927259761860646e-01,4.211556229185105527e-01,6.941788698154025550e-01,1.857746864784371454e-01,6.400641637999352485e-01,6.782781374653531481e-01,9.465726844382115202e-01,1.534235671420103586e-01,5.607189068067625071e-01,7.103883233357922711e-01,8.188582054568211976e-01,4.153936438587250701e-01,8.198428687659767844e-01,5.897615586414458599e-01,5.655909842036639379e-01,9.829931185282660966e-01,8.207641218921102322e-01,9.512541901966151681e-01,4.901026337054107396e-01,8.248235745147086684e-01,7.577913091670092083e-01,6.278795377591750437e-01,4.137478419244564054e-01,5.879100819286587898e-01,2.813676021460487786e-01,7.348867886270948890e-01,7.073740316013854557e-01,9.233983206337916805e-01,7.248648571171368848e-01,3.827422969956063570e-01,7.813552365068376915e-01,5.617654510418582658e-01,8.783769297862431547e-01,6.666093503848005142e-01,8.150755895761543357e-01,7.717235446061520010e-01,3.158971806818618999e-01,8.215061756144438343e-01,9.499600353226937965e-01,8.648785464800143874e-01,9.604636122485286087e-01,7.419229526033804811e-01,9.751053522844701504e-01,6.755334531958627764e-01,6.044302876457676721e-01,9.460162583397228042e-01,3.197502753575255374e-01,6.946753467157794626e-01,8.968167902678185754e-01,7.259904325286848925e-01,9.311169127412528557e-01,4.123480467094345903e-01,6.094927872381560308e-01,7.345343637227149669e-01,5.668004405002935453e-01,7.165554822288597858e-01,8.602612706171900436e-01,7.849255862599135991e-01,6.991115747061821262e-01,9.056858277823166548e-01,4.079628241705243741e-01,6.655831630418777012e-01,3.050010634754893313e-01,3.510509856923101912e-01,9.490337464188226546e-01,5.921883423851814765e-01,7.243013865703794574e-01,5.660166226111540411e-01,8.105621507595112130e-02,9.067218216829285860e-01,7.096052505340593175e-01,8.074209242032592826e-01,7.566568507617110750e-01,3.123670848901512476e-01,2.074238471723403587e-01,9.698185540202648447e-01,4.599976608034192505e-01,5.354032009255956792e-01,8.884207439050211264e-01,8.324132040357120621e-01
5.967441210277431018e-01,7.327639023810783581e-01,2.034720435418000961e-01,0.000000000000000000e+00,7.436390184935698366e-01,5.720975016239050470e-01,7.241497042073168355e-01,7.985493141817996410e-01,8.220404276844961444e-01,9.135011317216609195e-01,7.024423362693853479e-01,1.271864602508520903e-01,9.943818818805485460e-01,3.492078615804810465e-02,9.869633313904380145e-01,8.619301110432822099e-01,7.545259680828433346e-01,5.076906436117762933e-01,7.257486410084301731e-01,9.487854402457185365e-01,8.809670983331331362e-01,8.334159247510245505e-01,5.794032944122238238e-01,9.726040849914526776e-01,5.293614880662925737e-01,6.259805939736932112e-01,4.564251429985190511e-01,6.294135632787491996e-01,7.333456561698221687e-01,6.799908337297348726e-02,5.281542332746669288e-02,7.234318467437705902e-01,5.994962121758493634e-01,6.611241305084217812e-01,4.349057804085742496e-01,2.816240608306048165e-01,3.087722436168561790e-01,9.273462958450905402e-01,4.935322148921780228e-01,2.142270019325597796e-01,2.316955749827109279e-01,5.636692810368649775e-01,8.556051527421540959e-01,7.790817829760922075e-01,7.989662359542741843e-01,6.440767865946860349e-01,9.905906813844331804e-01,6.993146966102460338e-01,7.660488837833784315e-01,7.160826075185003914e-01,6.875604283946479267e-01,9.422317635225885279e-01,7.486309322748081474e-01,9.440562521237365612e-01,6.333327955752905414e-01,8.459219843576039066e-01,7.162257069100593787e-01,4.313881290872759733e-01,8.650687510137395897e-01,5.830248218510134528e-01,5.778465749919998729e-01,7.918013612594545503e-01,4.366365221535143393e-01,8.556689642146926289e-01,8.699783639736584639e-01,9.999252453705372856e-01,2.166509486342043933e-01,9.646121419996129820e-01,5.177142012295533613e-01,9.117014124886844151e-01,9.144691835514091593e-01,7.207745704240321460e-01,5.150455141757189770e-01,5.370037912015894754e-01,2.196685153904397725e-01,1.620189185134967846e-01,7.586256394251937873e-01,6.010932077873845092e-01,5.267210667021696713e-01,6.536218374791855634e-01,6.212510652319247484e-01,7.836288521827456943e-01,6.934596000913432201e-01,1.414652323169681147e-01,4.099135411687490627e-01
4.877537606148532046e-01,6.144282988250823196e-01,9.595581732018328980e-01,7.436390184935698366e-01,0.000000000000000000e+00,5.671492970533492661e-01,1.613067629128428493e-01,7.229016108610631930e-01,9.515035528267592468e-01,7.882129941373088311e-01,4.651489081701834505e-01,6.279692194078814182e-01,7.446514539843103186e-01,8.689346082395363879e-01,1.304687059938434424e-01,9.150443892506765486e-01,7.901882740904011548e-01,6.211745701695381427e-01,1.524929162086406387e-01,9.034637830495996225e-01,9.670874767731139077e-01,5.052919107774268559e-01,6.997544541612931157e-01,8.320096910694821934e-01,7.201667225713462850e-01,6.522608495504612636e-01,8.658463532372243643e-01,6.983302451634375574e-01,2.100648802219580724e-01,4.986082282415291167e-01,4.894543367049490890e-01,4.549305056163153727e-01,6.509872819966071589e-01,6.043008689438826853e-01,9.645934825310384930e-01,-4.031003565827820379e-02,1.141040966315604588e-01,3.976119027365128122e-01,5.578963142803523567e-01,8.730431238967477636e-01,2.001355526626131254e-01,7.677329582754693904e-01,8.410881962171391502e-01,5.420205989105911781e-01,8.914345575378985753e-01,4.513269926450685920e-01,8.872071073873469826e-01,7.134217691082167523e-01,7.337963365119801740e-01,2.026124782148632508e-01,3.366584850499334536e-01,7.448461017607558299e-01,8.850737566801071265e-01,9.608826436772586188e-01,9.357850120210414735e-01,5.331474173969534824e-01,6.875697463395483711e-01,2.545711031327223539e-01,8.321470902496547195e-01,4.788319154764593688e-01,7.828486506770456765e-01,7.288243287319700059e-01,5.450141558934878949e-01,7.888510815849667512e-01,5.974007512439238887e-01,9.639463392835613265e-01,4.356927771039752484e-01,8.656393873217437251e-01,6.442144579449653463e-01,6.652360314479005554e-01,7.995423790078787230e-01,2.967303410342737036e-01,7.265304529861392746e-01,4.751408218772786851e-01,6.135189995990943945e-01,6.248623918817894918e-01,4.900122511504876321e-01,4.013199400476149536e-01,4.870201366624565265e-01,2.194081847081426340e-01,5.975252965439268316e-01,5.734974195231040683e-01,7.739061647269530608e-01,2.661906750284828149e-01,-3.562703283747866712e-01
8.778224896005064615e-01,7.105873368520720934e-01,4.065927259761860646e-01,5.720975016239050470e-01,5.671492970533492661e-01,0.000000000000000000e+00,1.905606070788492534e-01,5.087159518473129971e-01,5.707358195522297395e-01,2.696977891450056397e-01,8.151478608907056778e-01,7.149092274018286064e-01,5.120350929106777249e-01,8.163361114227274395e-01,4.382000788786684087e-01,4.712509836896104920e-01,6.548091951090255769e-01,4.936540890761870193e-01,7.280770881916798221e-01,7.744929232948369879e-01,6.169578174417310601e-01,4.541303195511544044e-01,5.881287901037941523e-01,6.662187477970180627e-01,4.327391158736151877e-01,9.651889860882916228e-01,6.797400267311703992e-01,2.389997638848829209e-01,3.679882689197546686e-01,2.510769688259508192e-01,2.242790361010041020e-02,4.969158613166120286e-01,8.538381379601929222e-01,7.112171252378171049e-01,5.150619807566670927e-01,6.624931091212015177e-01,4.963135461423608952e-01,2.374776038654863586e-01,7.990392053796206984e-01,6.172891217268906550e-01,2.847217497230102867e-01,8.636084581741619581e-02,5.919030442383798052e-01,6.680869091056560460e-01,8.050605672761222964e-01,8.237706515523272044e-01,7.168863497023011400e-01,5.038257966351756822e-01,4.685814394092323587e-01,6.017692017890442502e-01,5.662129980596311007e-01,7.385841546752880404e-01,2.309869454550999013e-01,6.377033824990038235e-01,7.758090116236546763e-01,9.269857966504799762e-01,7.777913122653227207e-01,4.975533663875825741e-01,7.157257794652840399e-01,2.473074149867024452e-01,5.665784634270283338e-01,5.372065048510907825e-01,6.602980540413700972e-01,7.889916700749206591e-01,5.374232288740117269e-01,3.273341102421687410e-01,3.359044367908672890e-01,7.261710434606810649e-01,5.775702250306743446e-01,5.770129853507401929e-01,7.091830322981413914e-01,2.290926774007249478e-01,2.878142403201140453e-01,3.808355933051875697e-01,6.709243034043018694e-01,8.501626787687688314e-01,6.666289754227292530e-01,4.163892466793119862e-01,8.092478297366223483e-02,1.792069062471228769e-01,3.238229040154300131e-01,3.293416881258926510e-01,9.944903375032456694e-01,5.254451276293136130e-01,3.499610228344033902e-01
6.512606166324086399e-01,6.639262293509106128e-01,4.211556229185105527e-01,7.241497042073168355e-01,1.613067629128428493e-01,1.905606070788492534e-01,0.000000000000000000e+00,2.669416533547173120e-01,9.698350602595173786e-01,2.575838887164665358e-01,6.197387549867996448e-01,7.934116073006818315e-01,2.268926911389526069e-01,5.216869382347043560e-01,4.439143889006690324e-01,2.591023123726121646e-01,9.943932190364610513e-01,2.622475851990648810e-01,3.187051351418513923e-01,6.133193926167819221e-01,5.158388797362981615e-01,3.277035633922009139e-01,7.458678800391016495e-01,4.536905007660678169e-01,3.017422485578677427e-01,5.277857958362699442e-01,3.891571057272740775e-01,1.909465761404363082e-01,5.279546580675019696e-01,3.995761816057585673e-03,5.059655029230221146e-01,6.119161261871621793e-01,5.719920879296891414e-01,2.912697830722055792e-01,5.340605303265840709e-01,5.463897024912248712e-01,2.539845974654220129e-02,7.096048047795699976e-01,9.345924381687397142e-01,5.228463927782460718e-01,6.856000518928450083e-01,6.581284911188449716e-01,6.603711177059061743e-01,7.224704125843418590e-01,7.534123949271382958e-01,2.158976352909111052e-01,3.912822578884341262e-01,5.309888428791328385e-01,9.132929839492140989e-01,6.394601101308481361e-01,2.247216536611475746e-01,4.214927688342566814e-01,2.562317166533751855e-01,6.251560486030314223e-01,9.192595895923826310e-01,4.696380069735401896e-01,6.141217278882977748e-01,5.734494773512113230e-01,7.562943169448088643e-01,5.427753044022345374e-01,4.474920087188111184e-01,7.092470169284740278e-01,3.389673491953502094e-01,6.147208358351633484e-01,-6.094497058763811981e-02,6.640632631878862213e-01,3.642541520368035579e-01,7.931743821515331305e-01,1.583924582625503008e-01,6.436009606710253461e-01,4.326864267285072674e-01,5.715173329142320124e-01,7.188876869346976228e-01,6.638516935681163522e-01,6.513653789912150494e-01,7.798451614985462133e-01,7.300510786887947079e-01,5.988335930861374834e-01,2.806199050949478857e-01,1.442202493548276621e-01,7.180645262472971080e-01,6.924215155728581372e-01,5.957967059685302935e-01,3.855927648965461474e-01,7.503985021419010693e-01
8.746773760974468903e-01,3.699369571821432001e-01,6.941788698154025550e-01,7.985493141817996410e-01,7.229016108610631930e-01,5.087159518473129971e-01,2.669416533547173120e-01,0.000000000000000000e+00,4.681455661800750789e-01,6.399402865976050458e-01,4.712673704529025676e-01,2.520725555875947821e-01,5.527502350848364499e-01,5.717658726630606703e-01,5.094094593170461760e-01,4.119234504708139122e-01,4.503096200247569403e-01,4.654378430113641496e-01,3.188123770559916914e-01,2.043579149965165931e-01,8.696429252161036461e-01,5.839592661994421618e-01,5.809121475422248659e-01,6.539574556779368386e-01,4.308212235144525670e-01,6.071667878023354614e-01,5.749942159554350951e-01,-6.866939142585673506e-02,2.994708619331529209e-01,2.808018879183762362e-01,5.928613263779389797e-01,5.546268331854358191e-01,6.791818252439220105e-01,3.475917498415009160e-02,6.803184189513876712e-01,6.910586128218912383e-02,5.500197338730574703e-01,7.864556913432437790e-01,8.291186892588151558e-01,4.584825412531427502e-01,2.896973592077770054e-01,6.806197556216955213e-01,6.171808066445337859e-01,4.227769826658787089e-01,7.962950990158570441e-01,6.622583702845010745e-01,7.948807795486584338e-01,8.297581125325693696e-01,2.448012892920448103e-01,4.953518667740782755e-01,7.919277682324643575e-01,5.391941178783669075e-01,5.775110890946018039e-01,9.653129773011334125e-01,7.719831367305396430e-01,5.938935054481851994e-01,3.159765367339098519e-01,1.022379967520245930e-01,6.343988410232207498e-01,4.863696584474794804e-01,3.200348025480370673e-01,4.646750772338800184e-01,6.412886223333035263e-01,2.527215263480123153e-01,7.242133716612841887e-01,6.790284579021548250e-01,5.206855304345352486e-01,6.615256500956875341e-01,2.307399449656295787e-01,7.901886483368066039e-02,9.767137914930097697e-02,5.093998919032430850e-01,4.461338779222036588e-01,5.386242680339162758e-01,2.819273196135079207e-01,7.288998982118600756e-01,5.980239043990642767e-01,5.880903586690142681e-01,4.479802294186639028e-02,4.833425425100688066e-01,7.121386785002681297e-01,4.272847736318263756e-01,7.645523557949462923e-01,5.782581977308383081e-01,5.758535557827475504e-01
5.426803224342208187e-01,7.259209407834557037e-01,1.857746864784371454e-01,8.220404276844961444e-01,9.515035528267592468e-01,5.707358195522297395e-01,9.698350602595173786e-01,4.681455661800750789e-01,0.000000000000000000e+00,5.014278597396826243e-01,9.959340055315354379e-01,7.766952584988370267e-01,8.376376981204713967e-01,4.538984821124985580e-01,6.789260125479683605e-01,3.104489517193088077e-01,6.491087075605247447e-01,9.433684249589912030e-01,4.947631661321277297e-01,3.521797648585140439e-01,6.626871405128499370e-01,4.093598337820610333e-01,5.387856683953556880e-01,9.718359580704400980e-01,4.420923320696706210e-02,4.445019026048209754e-01,8.280440333930131347e-01,5.448577685338275023e-01,7.870749879199427923e-01,1.062072070543245150e-01,-5.254855900456323337e-02,6.768535667258293032e-01,4.507377425251648528e-01,6.951609343574109978e-01,1.799932647520763596e-01,1.111748961734496527e-01,4.783188890270432259e-01,5.268270876735920982e-01,9.209689773500574494e-01,6.793070021371856448e-01,9.847763975617770393e-01,6.797912259792915357e-01,8.748020653411759939e-01,9.300528029500697569e-01,8.941285215732558411e-01,4.073678285645147001e-01,6.955223290175455153e-01,7.993167385610109310e-01,9.128363948104282199e-01,9.920902477664970132e-01,7.765763692916939354e-01,5.259729875211063277e-01,6.146331785085511479e-01,2.797986215617652705e-01,4.105489181485093564e-01,9.318990802871035539e-01,4.664832279048685137e-01,6.814388636877692917e-01,7.884229831802718191e-01,4.793223034313841557e-01,2.966242159307770632e-02,6.438061366128883245e-01,-1.008004133088114401e-01,4.579216070051834730e-01,7.941636176690184401e-01,6.414502594716908757e-01,5.458301725005278993e-01,6.455461995506960315e-01,1.351950315735181984e-01,2.253999639864099069e-01,9.029733377163338126e-01,6.608786989017809699e-01,-1.532589957582974338e-01,2.344772593708568942e-01,5.307098622303735302e-01,6.413861163699398071e-01,6.658487002950086442e-01,4.577585593810984954e-01,2.515395598729543991e-01,6.195689976097219498e-01,5.143904424008493015e-01,7.000722304895614645e-01,6.873216340963926863e-01,2.762353299979991572e-01,3.051990937722353081e-01
7.388148138465721049e-01,2.895826115834209680e-01,6.400641637999352485e-01,9.135011317216609195e-01,7.882129941373088311e-01,2.696977891450056397e-01,2.575838887164665358e-01,6.399402865976050458e-01,5.014278597396826243e-01,0.000000000000000000e+00,7.759723490098779930e-01,5.583616713800700904e-01,1.669983762006518324e-01,7.365425912734081537e-01,9.129934108845298990e-01,4.605620381226889215e-01,9.047517001935111436e-01,3.821249325063496016e-01,5.604278292914606219e-01,7.146838146565758221e-01,7.843735002703775550e-01,4.793263498176612014e-01,6.324864317105889366e-01,5.622938665047332307e-01,1.874979572104268633e-01,9.428451492403859824e-01,7.227994228851709613e-01,6.409110965318435271e-01,4.013777980735498963e-01,2.361979025551340095e-01,4.260525518941740697e-02,3.563072850999156604e-01,9.422877335424458822e-01,6.475291345640156182e-01,7.225700892206098347e-01,4.839484444119630524e-01,7.182713810522124431e-01,4.988592357995931259e-01,3.875327658075742310e-01,7.274573312652481416e-01,2.811724797611576121e-01,7.342470658762784153e-01,9.622706030142549327e-01,2.775232652894371599e-01,9.206843716353391160e-01,6.564536439111854360e-01,9.068387321789401767e-01,7.798165889139534457e-01,4.915510878752783475e-01,4.658183594621129187e-01,2.163489901249139591e-01,9.860822554313316557e-01,1.062494782150083528e-01,2.749591139790015237e-01,7.099091701887075834e-01,9.880305727452335374e-01,7.836175948625302423e-01,5.353850636530976814e-02,7.563006132237326540e-01,4.388517098457521137e-01,4.373327868967213927e-01,1.148306323787302852e-01,9.426722323401535153e-01,4.097176883481470355e-01,8.533079845491842175e-01,7.949510257224368104e-01,6.629396822191999661e-01,6.615123572486967252e-01,7.852404744958556559e-01,7.888883822313530469e-01,9.077252179970104473e-01,5.808370787672849644e-01,4.401539015026104118e-01,8.332640205995259230e-02,6.895409501121971818e-01,4.332099413350294914e-01,7.266447038873050657e-01,2.280748181962504728e-01,7.622627960462061703e-01,3.441327294917491397e-02,6.895779012174436673e-01,7.484889858656553763e-01,6.979446665321438203e-01,-1.240058294341238321e-01,5.777761706847719947e-02
6.456148736618819717e-01,2.188164234366190564e-01,6.782781374653531481e-01,7.024423362693853479e-01,4.651489081701834505e-01,8.151478608907056778e-01,6.197387549867996448e-01,4.712673704529025676e-01,9.959340055315354379e-01,7.759723490098779930e-01,0.000000000000000000e+00,6.655132453960619365e-01,9.630232610821531924e-01,9.538819348396514464e-01,7.235991650180975121e-01,1.326774595493844522e-01,9.277932867853228016e-01,7.320628039726301273e-01,1.191969159432589020e-01,7.892922904227566150e-01,6.008630885332030269e-01,5.391260139761261394e-01,7.080969038179704134e-01,1.761648342836960035e-01,5.236015711538448691e-01,7.841030653343781243e-01,5.711621646923548123e-01,7.577523631357336864e-01,5.050070362679961455e-01,5.364571362409386035e-01,2.675111249590306217e-01,5.820080911499577736e-01,7.504822638648279698e-01,2.628958519258434157e-01,4.940403751872952109e-01,2.651836426405603797e-01,5.431198980435980594e-01,7.334594761772050830e-02,9.506396528638838550e-01,6.522274308588379421e-01,7.554937905878922333e-01,8.833075017841534038e-01,3.505081198586297297e-01,7.425387465656294594e-01,9.133847924488932568e-01,7.912773605244521891e-01,2.831429296734666590e-01,4.844668398264792009e-01,4.500892392027142086e-01,3.102215090877216697e-01,6.289200483856750568e-01,5.426500589776297456e-01,9.348703617584958048e-01,4.088789086538239803e-01,9.271639554733105415e-01,4.718425276169516680e-01,7.961754698720356904e-01,8.174251453234051557e-01,6.159892189425079101e-01,2.680591218050428770e-01,3.563667558501678601e-01,7.322474523373246891e-01,7.689990426107069510e-01,8.118816311638638039e-01,6.823991320452125198e-01,5.458579061958874767e-01,6.874073153737231268e-01,8.206305578634131015e-01,3.548534328815162731e-01,6.264009770757567042e-01,9.953313195136292979e-01,4.102770461998705431e-01,1.077742822560099345e-01,3.324057984700025115e-01,3.839138776667930242e-01,7.495862439990514936e-01,6.028885574728487518e-01,5.108915132039119067e-01,5.327616879900722857e-01,2.568038803568085671e-01,4.272964228336322834e-01,5.562745827059417669e-01,5.641979505031421427e-01,1.616841121066963649e-01,5.964464180026172180e-01
6.220125634807213144e-01,3.953591572934630483e-01,9.465726844382115202e-01,1.271864602508520903e-01,6.279692194078814182e-01,7.149092274018286064e-01,7.934116073006818315e-01,2.520725555875947821e-01,7.766952584988370267e-01,5.583616713800700904e-01,6.655132453960619365e-01,0.000000000000000000e+00,9.265469278152060895e-01,5.198109084039309602e-01,7.673579729957433759e-01,9.937590374545292038e-01,9.454671090190471805e-01,4.545062829830247009e-01,2.905580780497234519e-02,5.715832816275181472e-01,9.325001940767699837e-01,7.880068181753906442e-01,6.174262948055414535e-01,6.353487068781215052e-01,1.017355188453812620e-01,4.257327822345872148e-01,7.988011416322073899e-01,1.968231166694977274e-01,4.741985584086999550e-01,5.105840608497494992e-01,2.422863722638945450e-01,2.728003886630672725e-01,4.064798037573460476e-01,6.786853081041817060e-01,5.291339231548145561e-01,5.741252110343472159e-01,2.971520651922227585e-01,4.355059733192641613e-01,7.789370491828805365e-01,5.695838725974521344e-01,6.760359688371152531e-01,5.027512454315328227e-01,9.153284854950103355e-01,4.176256890179561032e-01,9.933553327321085202e-01,4.191207130423794114e-01,6.293290735422651938e-01,9.481471288186051893e-01,4.924401504982493516e-01,4.374519344624154815e-01,4.641198629232717310e-01,6.453016981294492638e-01,7.012632314320487170e-01,4.124201748997606831e-01,6.434702755903702887e-01,7.106222419019772030e-01,9.255361852465591177e-01,7.339039562384144233e-01,6.979667242652356496e-01,4.555978899080950772e-01,4.102709975309205004e-01,4.124575922152170504e-01,8.039189076394150923e-01,7.755675866909620408e-01,7.934926395389685361e-01,1.589193053763373331e-01,7.224907711737502680e-01,8.040969521074465831e-01,7.053735215498567745e-01,7.646028405597695699e-01,5.780304732851779814e-01,7.220963583457591373e-01,7.623334999419043578e-01,3.267561739862362424e-01,4.483343261780146638e-01,5.725271473635322739e-01,6.458389476651126282e-01,5.008357688964960586e-01,5.041038029693182265e-01,1.561879342207745658e-01,6.641790073567434005e-01,7.866344036238569482e-01,7.377209769972438158e-01,3.820874001707855738e-01,5.759998804391253113e-01
4.281849291100691124e-01,5.128090734773360637e-01,1.534235671420103586e-01,9.943818818805485460e-01,7.446514539843103186e-01,5.120350929106777249e-01,2.268926911389526069e-01,5.527502350848364499e-01,8.376376981204713967e-01,1.669983762006518324e-01,9.630232610821531924e-01,9.265469278152060895e-01,0.000000000000000000e+00,5.161473227411133013e-01,6.021910405637932451e-01,9.750888583090383532e-01,5.626277465500630903e-01,7.574371989870233302e-01,5.006752875188856811e-01,8.973393247273715456e-01,8.709882815847600490e-01,8.936197533990619668e-01,7.787287880071246393e-01,7.966747897417352231e-01,4.348153820033187067e-01,4.591054277135034334e-01,9.930534678617035649e-01,7.125114296508064937e-01,6.214409488577765650e-01,7.750779082201592063e-01,2.578429493110306892e-01,1.060427136798129943e-01,6.488292147044459612e-02,2.251292395944962943e-01,6.227744318946057955e-01,1.408237441493246922e-01,1.858240161626766307e-01,4.614504242411069934e-01,7.926732070091560001e-01,2.381581205299594661e-02,8.209332649602008036e-02,6.297833097480430853e-01,8.139432416021267214e-01,5.383204289838428025e-01,8.909002320594533453e-01,9.566079791679603650e-01,6.559033050239461149e-01,7.717315614276993863e-01,8.346695969631882095e-01,6.717317465727432602e-01,8.031755204377138968e-01,7.573091174624877464e-01,7.076851985750568508e-01,2.414796533324698458e-01,7.525245300046385921e-01,9.013428355598557262e-01,5.487348353803701562e-01,8.568535803833456921e-01,5.833547656087952893e-01,2.643203063428187227e-01,6.190084353667710954e-02,6.561638904901212488e-01,2.012909018139511230e-01,4.257488135765576387e-01,9.206457835571975057e-01,7.074361648640946354e-02,7.909697418802199564e-01,4.973468829770954502e-01,4.182814076981067886e-01,4.266493621037658057e-01,7.126591757632156909e-01,7.578515261949467785e-01,7.279585044126042348e-01,5.672215081471116971e-01,2.104483116653796670e-01,9.174038364320291628e-01,5.550622386637942274e-01,8.173077317465172742e-01,3.031393256948911041e-01,6.374463835351428243e-01,6.027287835208403610e-01,6.771075681557437997e-01,5.167629342335745557e-01,3.138186577896080465e-01,4.442772408379230820e-01
9.470950620849756252e-01,9.585873025678179893e-01,5.607189068067625071e-01,3.492078615804810465e-02,8.689346082395363879e-01,8.163361114227274395e-01,5.216869382347043560e-01,5.717658726630606703e-01,4.538984821124985580e-01,7.365425912734081537e-01,9.538819348396514464e-01,5.198109084039309602e-01,5.161473227411133013e-01,0.000000000000000000e+00,6.872420118498584474e-01,7.237082949888919980e-01,7.634987879927344068e-01,6.900045467107972508e-01,9.280068518172119862e-01,5.182965987131396002e-01,7.903716537421601185e-01,2.006136616758759927e-01,1.294674442428333794e-01,8.063129796544192818e-01,4.187508172088598157e-01,2.150670487571396117e-01,8.068220819501251695e-01,6.798860088660723111e-01,6.263603247723139589e-01,3.115345663646922336e-01,1.117169527211731295e-01,3.367594959330910687e-01,1.351273484388279267e-01,8.914365413785018122e-01,9.291644616293547321e-01,5.079583184119140782e-01,6.342895416137473985e-01,7.639405985786634767e-01,8.063157427600231575e-01,5.960221558125642360e-01,2.757408212901929501e-01,2.709276321790295983e-01,6.681328530275272293e-01,9.207946708250684953e-01,7.754699606895733011e-01,6.859494977627135226e-01,8.924472005431590693e-01,7.708886740348033229e-01,9.535414449152865846e-01,7.937615423059837250e-01,7.883928165290061685e-01,8.167050716631042429e-01,8.701734986994236198e-01,7.253507492425457226e-01,9.263733610972382237e-01,6.994522523879678211e-01,9.344565713984321897e-01,3.165352518257028569e-01,8.610650065251124197e-01,4.458390729024515053e-01,7.486021288165896070e-01,7.026244568342026042e-01,9.707653622788906533e-01,6.937845755406322201e-01,3.690358678407689164e-01,9.043935148631520038e-01,6.115744017702996471e-01,6.482582728077184164e-01,2.532307881320551290e-01,7.812213666396108369e-01,4.029140678977021217e-01,6.976621339316247949e-01,1.162270176398830790e-01,6.486016949034486556e-01,7.863919406332729733e-02,8.335288833698155653e-01,6.841840887435758356e-01,9.086112215559565275e-01,2.947352732854819912e-01,7.358079835643648314e-01,6.241603255080168111e-01,9.177317739278438857e-01,7.652590220676031008e-01,2.098168034956626737e-01,6.337850511058537029e-01
6.903003817258983599e-01,9.893156119280184235e-01,7.103883233357922711e-01,9.869633313904380145e-01,1.304687059938434424e-01,4.382000788786684087e-01,4.439143889006690324e-01,5.094094593170461760e-01,6.789260125479683605e-01,9.129934108845298990e-01,7.235991650180975121e-01,7.673579729957433759e-01,6.021910405637932451e-01,6.872420118498584474e-01,0.000000000000000000e+00,6.411546616846620639e-01,6.035428960904978268e-01,5.051150800649421013e-01,4.347635088905265066e-01,5.234418860402526574e-01,7.409497864497992525e-01,5.364815434669099048e-01,7.405052801497475912e-01,3.696178605098090486e-01,2.561008581183709665e-01,4.938768681406860428e-01,9.597534853787363929e-01,6.995354332981608136e-01,7.199274411786151795e-01,6.770162666743905211e-01,4.140437760842748116e-02,5.577575204090782224e-01,7.694879606892922608e-01,8.855480511097993945e-01,4.902000218394891307e-01,5.784158369800063149e-01,4.957707449896782692e-01,3.047369303391506135e-01,6.294118333014210309e-01,9.030825245980808047e-01,5.954759367384175883e-01,4.203154733226845963e-01,6.026878157563401173e-01,-3.735448098216972990e-02,7.072141549999058086e-01,3.630089462512944842e-01,6.938346537233212041e-01,5.889086491742143714e-01,6.432334030772972611e-01,7.965974483266073936e-01,5.375509181642192935e-01,7.681031907476011389e-01,1.832792678907900485e-01,9.903355792661212575e-01,7.923341148721840810e-01,6.868589763729291420e-01,6.214320501836780863e-01,4.131351454990044303e-01,4.560564292702719014e-01,2.051488421879616719e-01,4.220598134024385883e-01,5.738019815758013120e-01,5.962325130014664021e-01,7.631378081412005798e-01,5.308606040751150390e-01,5.419703047350445946e-01,3.152447374090341370e-01,7.863469948098018580e-01,7.568867711631426243e-01,5.524933119298800488e-01,2.776894795638857882e-01,6.077901974611303881e-01,2.079144827595714173e-01,4.356727025778968643e-01,4.512551228482351018e-01,4.461787060857895781e-01,4.260249748922672608e-01,5.144941562090882270e-01,7.039958861511462773e-01,-3.900765810600536621e-01,5.643310466634361422e-01,3.081499273618018009e-01,5.237721553116694295e-01,7.619585542735354267e-01,8.510331590526912793e-01
7.609084785838803322e-01,4.905868861044672680e-01,8.188582054568211976e-01,8.619301110432822099e-01,9.150443892506765486e-01,4.712509836896104920e-01,2.591023123726121646e-01,4.119234504708139122e-01,3.104489517193088077e-01,4.605620381226889215e-01,1.326774595493844522e-01,9.937590374545292038e-01,9.750888583090383532e-01,7.237082949888919980e-01,6.411546616846620639e-01,0.000000000000000000e+00,9.724149354284932212e-01,7.280092660053505416e-01,8.128845440281773360e-01,6.393825935945307570e-01,9.492772168830125867e-01,5.969748814348945221e-01,2.240055100375973607e-01,8.883929900567051341e-01,5.548796031714008370e-01,4.771823647005850044e-01,8.350668495760674714e-01,7.562649808657158079e-01,1.088679671127430471e-01,3.966210593507635274e-01,4.529895777562822912e-02,2.330345311572939171e-01,5.243940048025643730e-01,5.280874330227025570e-01,4.131015292392636318e-01,5.339889845800269708e-01,1.939386080056167971e-01,2.135808771019602481e-01,-8.648888121008724283e-03,4.067780278375226488e-01,2.465598218576733336e-01,3.685247032647161192e-02,8.115891198868621093e-01,4.357775465121135339e-01,4.530084414354589306e-01,8.082108660143901002e-02,6.958749308053265858e-01,1.373044864933817555e-01,9.548768161407890087e-01,7.034853404456357095e-01,7.379587572755739178e-01,7.009585623845404623e-01,8.920554901013122429e-01,1.405925006164210067e-01,5.582255633703150366e-01,6.653238637714556925e-01,6.171988351728561195e-01,6.386426486968640459e-01,6.324342341192226158e-01,6.397637401616590447e-01,5.614895943322548710e-01,4.485863610648341271e-01,5.489829952655018719e-01,8.013043801596200222e-01,6.276720733756849802e-01,6.649072145257554078e-01,7.779285812790451837e-01,9.130979093763078591e-01,6.037282734180250410e-01,5.333813417056921802e-01,6.981147130354191654e-01,9.291763145474102314e-01,4.851633728019803526e-01,2.240125212663381937e-01,7.065967999561290069e-01,9.839337323198549257e-01,2.017779443014015017e-01,6.585883454480775390e-01,2.728411836821539871e-01,3.271986772357514672e-01,5.636252567456796481e-01,7.079473310611043013e-01,5.674649757863399202e-01,5.769542989011655632e-01,4.364480236476815656e-02
7.804605989339015171e-01,6.462585704913395013e-01,4.153936438587250701e-01,7.545259680828433346e-01,7.901882740904011548e-01,6.548091951090255769e-01,9.943932190364610513e-01,4.503096200247569403e-01,6.491087075605247447e-01,9.047517001935111436e-01,9.277932867853228016e-01,9.454671090190471805e-01,5.626277465500630903e-01,7.634987879927344068e-01,6.035428960904978268e-01,9.724149354284932212e-01,0.000000000000000000e+00,2.891964819160824374e-01,9.836943901523073075e-01,2.636772383983102541e-01,8.923876207796261895e-01,7.424825832076589194e-01,9.907797366122219618e-01,7.852686143853131462e-01,4.147140116872317095e-01,6.672169437395536473e-01,8.634502509096384504e-01,6.249073770979030051e-01,4.045674380367330070e-01,5.785101028742284379e-01,2.273428110765687571e-01,6.366125375842330847e-01,6.668071095668729464e-01,5.970121504290371028e-01,4.631661786343735376e-01,2.751378975592581044e-01,3.673293221487848870e-01,8.076129549690814757e-01,7.355853930417348696e-01,9.919416682215469461e-01,2.706223327248225008e-01,7.870411323685551075e-01,8.337879770406234625e-01,4.876290977755481371e-01,7.694051512361029799e-01,9.337952468647893189e-01,8.044840993960032938e-01,6.167316968850555803e-01,3.013723470524637960e-01,3.695816077015126599e-01,9.081639499847607988e-01,1.154528634509243007e-01,7.578214357754591290e-01,6.148603930286100638e-01,7.448195567568764996e-01,6.691775525540514247e-01,4.929435051035749304e-01,7.720630411228286416e-01,6.221917624575459271e-01,3.364959099025021105e-01,7.659880664771293590e-01,6.221795537628128647e-01,6.108095837417660823e-01,6.880775783575381332e-01,9.867220776124593362e-01,9.197607775742803193e-01,6.163833060863811442e-01,9.364342021245891656e-01,-1.456604760348205463e-01,9.697173795349589565e-01,9.011853640676047439e-01,9.118777540953714178e-01,6.349166272971352720e-01,2.991420274059587991e-01,7.733255940851055943e-01,7.258474451812956252e-01,9.453906765535984302e-01,7.408792214868515913e-01,3.415953736832365584e-01,2.173076720236049586e-01,3.951908937215512507e-01,6.238127737906374870e-01,5.548442601130618712e-01,4.044079553773179958e-01,8.619779825644635629e-01
9.614528280816854178e-01,6.450280424626756437e-01,8.198428687659767844e-01,5.076906436117762933e-01,6.211745701695381427e-01,4.936540890761870193e-01,2.622475851990648810e-01,4.654378430113641496e-01,9.433684249589912030e-01,3.821249325063496016e-01,7.320628039726301273e-01,4.545062829830247009e-01,7.574371989870233302e-01,6.900045467107972508e-01,5.051150800649421013e-01,7.280092660053505416e-01,2.891964819160824374e-01,0.000000000000000000e+00,1.833826769139280666e-01,7.901920502964421278e-01,7.187597150528258760e-01,3.860038034916216665e-01,6.682378734869374171e-01,2.461073865029579366e-01,7.996041688359071253e-01,7.226395647077779039e-01,6.771200437796265348e-01,7.759216694537959258e-01,4.925977965342386855e-01,2.112667737923851208e-01,1.727400684493829441e-01,6.547038480452151976e-01,5.317427155886905732e-01,4.160003577791642204e-01,4.765642806716154367e-01,7.916554917531287705e-02,6.495224506056899161e-01,4.324023956124417034e-01,6.287398505753818423e-01,3.010129074084690326e-01,7.433245636435119597e-01,4.273575242819158682e-01,8.673363781278392581e-01,2.108039019580935369e-01,3.630447136998533608e-01,9.800229472997660229e-01,6.493789463590146083e-01,6.998644631232592284e-01,9.426603099371471117e-01,3.563945821835953209e-01,1.419924489442148195e-03,3.148166798790102971e-01,5.997740317662145770e-01,3.972249534745072586e-01,4.572345326687697886e-01,4.723564935630691908e-01,7.166901523608116831e-01,5.804053142261437204e-01,8.156379785474606736e-01,5.186723389793249650e-01,2.115443755322103381e-01,7.348298525745950993e-01,1.200030064279703768e-01,6.070084962482372726e-01,4.838384688375654274e-01,4.351794462243861461e-01,8.409219274752748330e-01,8.159256788847752961e-01,5.616405249374936126e-01,6.895690648487108332e-01,4.151476802252288545e-01,8.197654559396110319e-01,4.935406570371358992e-01,8.583642369429370089e-02,6.645528529545310370e-01,4.666688399821732336e-01,5.921067679494427249e-01,5.619458173107387822e-01,4.223018464072829103e-01,5.492651165962728621e-01,9.550111993526527732e-02,6.044372139601731364e-01,3.286689388798492706e-01,6.880746302263605063e-01,3.970432750756511808e-01
