0.000000000000000000e+00,9.621531669663002662e-01,9.181562451778507716e-01,4.146953838466411746e-01,7.086129973607590005e-01,9.764160087949127487e-01,9.661394627168728988e-01,6.363146805966476416e-01,3.361739824525967757e-01,7.237669805550548396e-01,7.649703334481119388e-01,8.176682393248476677e-01,7.429735948515089339e-01,8.076196302081651845e-01,6.543601059736257053e-01,5.419414601252262598e-01,2.508494452625300575e-01,9.945489047786164605e-01,6.730717459416796222e-01,8.925634724597389935e-01,6.788781520847854134e-01,9.142266210924261394e-01,8.587938880513118489e-01,8.078528855112457885e-01,5.633044681262399100e-01,5.100694781807874056e-01,8.437033084622652668e-01,4.421717748834968487e-01,1.562131947160819434e-01,2.258937845539815692e-01,4.660840237868408842e-01,1.776050145948621373e-01,6.564833716609688175e-01,7.749395668783758406e-01,9.604132281218074052e-01,2.417050029196493866e-01,2.084502788276647589e-01,6.923056131842550975e-01,6.522677690900881009e-01,5.485775887095291070e-01,6.848441348389919803e-01,7.207562630266929338e-01,9.197923796648233008e-01,4.853832734087271117e-01,9.277083376255921277e-01,9.703279390692122197e-01,3.248633225647732520e-02,6.921289865031595712e-01,9.131120933874917744e-01,5.167665016390388111e-01,5.911737177762106388e-01,5.057836183456563273e-01,6.436660856655871399e-01,8.609035738960958417e-01,9.485440588275326768e-01,6.018632877659751967e-01,8.670624247462793699e-01,5.262022750829633555e-01,4.628451421886586870e-01,4.941972276426082611e-01,6.233475685606685301e-01,8.686722913868908380e-01,9.987492937093991330e-01,6.082472624634519542e-01,9.874157330904225205e-01,3.055203453879993258e-01,2.470872435970759007e-01,7.613509945512932919e-01,7.929465394728364425e-01,6.599751482788640544e-01,3.738362454939566648e-01,5.022672544398052441e-01,-3.627002740606352638e-02,3.747118624407129728e-01,6.301222833064568096e-01,6.076324584940117068e-01,2.471647963231542455e-01,1.777557503905856373e-01,3.100470063529830456e-01,5.253482765035893953e-01,7.969937111807812169e-01,8.398783598268633188e-01,7.317619538606545682e-01,4.849430109408598977e-01,8.271963049837380844e-01
9.621531669663002662e-01,0.000000000000000000e+00,7.510527564948914492e-01,7.607652154240783782e-01,4.911040578147971569e-01,8.273972491781447225e-01,4.763816511542638410e-01,1.391293003434298237e-01,2.200859313352801147e-02,9.731584146991327788e-01,8.412499231806567224e-01,7.282404312728838480e-01,9.299813950235151783e-01,6.855764564599019506e-01,6.634346164545112945e-01,7.906172065831611473e-01,5.236809176339027871e-01,4.835251668469813802e-01,6.239225557890577534e-01,6.281011677131733695e-01,9.984279051259395965e-01,5.123077663810732263e-01,4.466838710055364703e-01,7.791601628104674049e-01,2.963703659171225135e-01,7.977574391762082273e-01,6.223917912743038849e-01,9.416449675256718388e-01,4.493791970507316491e-01,5.692473480802436869e-01,3.077095391950513403e-01,8.223203070414863980e-01,2.668906109560860440e-02,6.546009168614671525e-01,4.586726019113335218e-01,5.747846329076720107e-01,2.889768503940921829e-02,9.144251556853815188e-01,8.201748554513159650e-01,7.662304429805437689e-01,4.812670810171147395e-01,4.731797337206448129e-01,6.811841289144675571e-01,6.712745783754224815e-01,6.289371989292767973e-01,6.211871785476423824e-01,8.750346601347085418e-01,4.503888118928628947e-01,7.964006442341562408e-01,7.725502702866448024e-01,5.146567915906359314e-01,7.163580590042535334e-01,6.934165096825100072e-01,1.069776017227411224e-01,8.433543816833632967e-01,9.318539454347741779e-01,6.249813453742143476e-01,2.753278283022458917e-01,8.027716681308763036e-01,4.802684423314947382e-01,3.142849157415055772e-01,7.794744339724918314e-01,7.407350223556532498e-01,4.818107058476803761e-01,9.796895513754474427e-01,4.386403486656398343e-02,4.722289086328510521e-01,5.152841757495146835e-01,9.956329015518481373e-01,6.610391938655705291e-01,6.266784070972520881e-01,2.663775492532403644e-01,4.395898822731939548e-01,-1.852865601446634924e-01,7.409431132724061397e-01,4.964548891044417989e-01,4.284149210927120088e-01,4.036942562643800470e-01,5.792733063730404197e-01,2.165003412463948063e-01,2.838119580907137451e-01,6.060819681410597459e-01,5.452867957542720800e-01,5.460872110562546844e-01,9.568244696364769375e-01
9.181562451778507716e-01,7.510527564948914492e-01,0.000000000000000000e+00,8.360294141624272646e-01,8.324161324815053664e-01,6.672534131471929975e-01,3.024195242365992908e-01,5.940986985566867329e-01,8.550842958375716174e-01,6.732720035807324699e-01,9.439346004474454821e-01,6.438565211775991726e-01,9.462862399225686616e-01,9.516734186612652024e-01,9.800214737343597715e-01,6.581396815435719416e-01,1.972742968824507115e-01,7.093425089814827667e-01,5.444853831806784061e-01,4.847876384943833883e-01,9.658453612201671756e-01,6.358762532440407345e-01,6.064649047132555371e-01,7.564933952878156731e-01,8.704029497117555803e-01,4.091844373984122041e-01,1.578383892633268837e-01,7.997902890228602013e-01,5.833900451831117717e-01,2.390380842278861384e-01,6.557682032636628078e-01,8.452188277088229507e-01,6.155155046830703691e-01,6.465325168877837925e-01,6.970899134192871660e-01,1.921341048869708301e-01,6.736821687993093111e-01,6.269128330507712787e-01,2.445335165068797667e-01,9.428776326989785073e-01,5.557827316293028064e-01,9.699663024444934445e-01,6.207811943202731220e-01,6.693649397148473401e-01,6.506136788742458155e-01,8.222123831556171769e-01,7.251291743552823466e-01,8.817814297850705696e-01,5.511712524327362361e-01,8.345015888629595535e-01,3.086782645185947027e-01,6.869302581182357148e-01,4.389933519346591595e-01,1.212094529412252042e-01,7.414336596059294404e-01,6.450768134456180691e-01,9.228882296926710360e-01,6.209656510176863042e-01,7.941246999408628771e-01,-4.167890936986562433e-02,2.729106689180111900e-01,8.167157763557613137e-01,2.318920558409991728e-01,6.722344698073023928e-01,9.250284571378810661e-01,4.122865783772629578e-01,9.410444920626718224e-01,6.498290876123907767e-01,7.522357368818594070e-01,4.467477479816586716e-01,8.287428430988297290e-01,6.263809491175856836e-01,2.681999311442545553e-01,7.755026432552267757e-01,9.148545297241903462e-01,9.074467517817362827e-01,6.655057441323781742e-01,7.431338202786250680e-01,6.924163348801707363e-01,4.516559672701995765e-01,8.692415985205784734e-01,6.841791537409560586e-01,7.845813646949281184e-01,9.534147914048133332e-01,1.591275539699984753e-01
4.146953838466411746e-01,7.607652154240783782e-01,8.360294141624272646e-01,0.000000000000000000e+00,3.075328094694554371e-01,5.311982991164820866e-01,3.047689240786897735e-01,4.855918445771993386e-01,2.984862215959831477e-01,7.720346936315815034e-01,3.450785303286673100e-01,7.969711002437267489e-01,4.340591875205666583e-01,9.450336917982729013e-01,1.672933525518201514e-01,5.045119846097981808e-01,8.042369673174437628e-01,6.697498085044293337e-01,8.473125887366428355e-01,8.863251689392255273e-01,6.169498743672129359e-01,2.656686948372471435e-01,9.004494418768839159e-01,9.735211637196821144e-01,6.916773122425262654e-01,4.637463589141412879e-01,9.690245430328712217e-01,7.267069276478990147e-01,2.827710873025374161e-01,3.733319609571478792e-01,3.728622772541347885e-01,5.607926209948286278e-01,4.938380071907708113e-01,4.035236107084350654e-01,3.388320027135162116e-01,5.524526532135201062e-01,4.097549620231917822e-01,4.062439097654755304e-01,9.518249543566610349e-01,7.677589927612991083e-01,6.899466471278826729e-01,7.334907263746039963e-01,4.063084192487376178e-01,6.675785582890899628e-01,4.479353981985708111e-01,9.328211506196280034e-01,9.166459518997751577e-01,1.263328893748479897e-01,9.347834655859840192e-01,8.062409703217531254e-01,8.183139191151777014e-01,5.818509207798698846e-01,2.116964208678093207e-01,9.748159829913999319e-01,1.316533965357100378e-01,7.745318704350668826e-01,7.905109150888085523e-01,6.419741393150135700e-01,6.927097219825326668e-01,1.914469902934033962e-01,4.685840509211627314e-01,8.293522912076944920e-01,6.809767676796077973e-01,7.708632641886713488e-01,5.073475692308777596e-01,7.400689843114476307e-01,7.533353568041116777e-01,4.721739123526733639e-01,4.864203907172682251e-01,4.540797152694595051e-01,6.088661590923087896e-01,7.044860392550393868e-01,3.451778046215148166e-01,-1.301484356232609496e-01,7.184263011683476030e-01,7.265650844220534754e-01,9.415003015620072579e-01,3.763854624588422459e-01,2.916432423843381971e-01,7.963103850394390726e-01,6.286647063671605418e-01,9.282167879353824258e-01,6.867418326911218784e-01,5.746850129925347161e-01,6.646471938721875139e-01
7.086129973607590005e-01,4.911040578147971569e-01,8.324161324815053664e-01,3.075328094694554371e-01,0.000000000000000000e+00,4.689889938026662319e-01,4.884793002956685504e-01,4.446245508356010401e-01,7.669749276186774711e-01,2.507408702101174836e-01,7.386372521438070438e-01,7.797403046255098058e-01,5.844550723833492611e-01,8.465341311325986773e-01,4.099074387262396924e-01,7.311671178985674757e-01,7.543406629938348429e-01,3.930060949286795502e-01,7.113641187002430755e-01,7.426326044806929039e-01,8.796894866286664172e-01,5.284217805072797258e-01,7.511390269758128069e-01,4.357225188023625684e-01,9.566989150779839912e-01,9.563188525381425276e-01,6.980324378207272140e-01,7.645747463124983323e-01,-1.943763986707199576e-01,2.736827458096102172e-01,2.133954240031259164e-01,4.145836190535650001e-01,4.264256751177726290e-01,3.044572163941460241e-01,5.396647054171231916e-01,4.091718004321068802e-01,1.250441803470086002e-02,2.454071440714305496e-01,9.671143770581952515e-01,5.413523414298342384e-01,4.710909365200502408e-02,2.699694482538680940e-01,4.195438845704975717e-01,7.830533047670467095e-01,8.488507601075543363e-01,4.707523417613282968e-01,7.397008945315187711e-01,6.554627622355926331e-01,8.323214980714176425e-01,4.983078739467602380e-01,-1.346608235069278181e-01,1.905298081953354927e-01,9.648405215830065940e-01,4.328236451848069821e-01,9.748475739512069138e-01,6.700426500426464038e-01,4.559399448665069632e-01,8.361485996220373584e-01,6.427563393273615366e-01,2.792237918555269260e-01,4.961199224508335837e-01,2.598898330319301953e-01,4.573943857323872764e-01,4.828960282003357252e-01,8.238603266857905671e-01,6.789478407833242635e-01,7.945283749392486605e-01,4.036796214877877986e-01,4.906688916707065418e-01,4.726860249909019540e-01,7.964695131212827794e-01,2.729447988736056763e-01,2.418240448176382507e-01,4.327252603435374767e-01,6.546137712734633185e-01,4.593268359389289790e-01,7.179226663405574582e-01,7.258464372252779739e-01,6.104193660373743446e-01,4.286609520921622063e-01,6.026678083788219453e-01,4.993668599000346542e-01,4.578551502272530382e-01,-7.697769241317155287e-02,4.436113112052262886e-01
9.764160087949127487e-01,8.273972491781447225e-01,6.672534131471929975e-01,5.311982991164820866e-01,4.689889938026662319e-01,0.000000000000000000e+00,3.453498290645296009e-02,2.311267744613764163e-01,3.302137237148022875e-01,4.147667739341195925e-01,5.063148409636872987e-02,4.187713234586742939e-01,8.585562041625676155e-01,7.538130683949340050e-01,6.066242771421119784e-01,9.674814097261266177e-01,6.703165629931944203e-01,2.754614907967447013e-01,8.366564725455288842e-01,6.032447227538234591e-01,6.422045296872190834e-01,4.724944984521267100e-01,6.572616900159751196e-01,5.892235281617063114e-01,4.549531105228354355e-01,2.439732459723548408e-01,8.501813305956612554e-01,7.439007418139207406e-01,5.446974080388909956e-01,4.813443362868142783e-01,4.071753151572123919e-01,7.903818047022140303e-02,8.564128738278007358e-01,6.787403951030734905e-01,3.159359300779283619e-01,4.564630313249910532e-01,3.846896690324391743e-01,7.242482249396413607e-01,5.034903696343441259e-01,9.035920857813538598e-01,5.160834279469920238e-01,8.722227453898688809e-01,7.849158577360051403e-01,8.310366683958445577e-01,4.571270340590269932e-01,5.138564664289714257e-01,6.541857694960138137e-01,3.414469014751974063e-01,9.464522484078897735e-01,3.386281177225057837e-01,5.500691263967074640e-01,6.516718414174288432e-01,7.919824241153645694e-01,7.083875694912677989e-01,4.355898597797885352e-01,8.827201567682769756e-01,7.037903118221998655e-01,9.369671632351423973e-01,8.928719345088125259e-01,1.754118543388129836e-01,2.195195572692614297e-02,4.883416444522225008e-01,9.800487698115840640e-01,7.174656749113780263e-01,8.542232929746952363e-01,7.251645100346952866e-01,8.794188912695044547e-01,6.793647543155129087e-01,2.895862415722082472e-01,2.683625803208017357e-01,3.958675152198090630e-01,6.882760250448376471e-01,4.109238344417774358e-01,4.284284874209753347e-01,4.357504566048536754e-01,3.222516580169242362e-01,7.659161019817976035e-01,5.230007346502160148e-01,-1.277226812060711925e-01,3.801426506322554411e-01,4.342108289526666609e-01,1.611518093807303709e-01,4.923820012250262335e-01,5.407215416183871470e-01,5.685101811721866572e-01
9.661394627168728988e-01,4.763816511542638410e-01,3.024195242365992908e-01,3.047689240786897735e-01,4.884793002956685504e-01,3.453498290645296009e-02,0.000000000000000000e+00,4.109702919300869950e-01,3.504541104809548169e-01,4.758459231058680405e-01,7.614694962448520510e-01,4.730035862903749777e-01,2.348592782125252243e-01,6.172491375028429372e-01,5.195143556029571119e-01,6.766202274443953169e-01,8.768944365993329715e-01,4.657972258455138070e-01,5.244089793764120655e-01,7.312521076420336330e-01,6.688202658017099456e-01,6.245226497738285421e-01,4.252600097486500808e-01,5.000446548608771247e-01,6.054564022379739230e-01,1.528924907485857410e-01,7.965296464251379049e-01,5.703224056372196982e-01,5.261981183817802110e-01,3.008799247060331972e-01,2.767004909909990262e-01,3.776097353190331907e-01,5.257128435008177059e-01,4.874696043262346512e-01,6.342927343431741249e-01,5.048566595906610610e-01,4.964017858672827022e-02,7.553266841528558651e-01,6.988172766835775152e-01,3.415839997838566733e-01,7.949834507930442218e-02,4.058776669785058577e-01,8.632583966741984582e-01,4.613766995497420309e-01,8.089611990913536665e-01,4.119706819480974391e-01,4.944728856957505969e-01,6.493529328270346568e-01,3.325287675343435168e-01,3.282273173232043151e-01,4.876315780235209174e-01,5.928006544461134064e-01,2.656388406429919247e-01,7.821692820315568895e-01,6.450043338036465235e-01,6.929280759520124455e-01,4.078882235483081709e-01,5.433694070523610309e-01,6.134618240020105473e-01,1.785398725050353283e-02,2.450738428350989484e-01,5.628639888442477091e-01,2.313781297256159164e-01,6.418840867592816579e-01,4.384913475287139373e-01,1.618118065383881421e-01,7.586446724317664758e-01,6.207802654589547053e-01,4.585413430942900659e-01,5.016303457972374202e-01,2.903761147846511403e-01,4.544114524465384664e-01,4.185819483385064266e-01,8.105551683016994080e-02,5.166491762128907483e-01,6.083913211067784044e-01,7.700377045414580346e-01,4.679481299956240736e-01,3.226395072654093532e-01,2.641658449970474831e-01,-1.919680632755687011e-01,8.116708386673834319e-01,3.946000456202831685e-01,4.289816903698551731e-01,7.385209750651728910e-01
6.363146805966476416e-01,1.391293003434298237e-01,5.940986985566867329e-01,4.855918445771993386e-01,4.446245508356010401e-01,2.311267744613764163e-01,4.109702919300869950e-01,0.000000000000000000e+00,6.426551866641070365e-01,5.737308794955424673e-01,3.007445952863976313e-01,5.777638838101755159e-01,7.127137091397219848e-01,4.757592014953076348e-02,5.029867057268558872e-01,3.624176133440790704e-01,3.024986687371735150e-01,2.459297901372219375e-01,7.941120389659274137e-01,7.453903090707029166e-01,8.305817796603166547e-01,4.595879733686266677e-01,7.361566432859958375e-01,8.234451566552394297e-01,7.975929855821641823e-01,6.375320276967182398e-01,5.653106580535002257e-01,1.962669805056738159e-01,4.303517204550444397e-01,-1.201702714045116416e-02,4.594757762476904261e-01,5.946237139173160546e-01,7.591876438761491208e-01,6.828000940856945311e-01,4.164030705275784672e-01,2.015886075680317635e-02,3.106885179071970371e-01,4.679668477676060534e-01,9.851924194746581875e-01,4.740685898280954103e-01,4.377637596515640550e-02,5.502496714165110436e-01,6.963790314137014992e-01,5.065998778220386356e-01,7.867333477409781395e-01,5.490727227953311473e-01,2.679893976356878538e-01,5.581248111062599992e-01,7.095367725216195076e-01,5.615222495038999506e-01,4.372514990327852624e-01,5.034358747796662259e-01,2.614170718866001275e-01,4.282524517112882290e-01,2.995081788699935910e-01,4.367259824290694037e-01,2.348959474659550739e-01,4.823513695979800286e-01,9.800935698571732191e-01,2.470739896924100676e-01,2.500283088266702647e-01,2.266651695823633239e-01,7.564548377680455626e-01,5.159647281502293126e-01,9.609396494777302511e-01,2.661133226296248377e-01,2.038318537871438019e-01,8.509548847566219543e-01,2.081886339616296211e-01,4.507171966230250626e-01,5.601796552611308933e-01,3.983524585649098615e-01,2.179346666480452277e-01,7.713837960069561128e-02,5.635013904609655899e-01,4.281931792250988078e-01,2.648378003982108653e-01,2.610648167265319786e-01,3.219989548127006329e-01,3.804415453772478362e-01,6.475119935936015647e-01,9.153195570822506566e-01,5.678681274636147025e-01,1.776798289319755642e-01,5.116380680822927296e-01
3.361739824525967757e-01,2.200859313352801147e-02,8.550842958375716174e-01,2.984862215959831477e-01,7.669749276186774711e-01,3.302137237148022875e-01,3.504541104809548169e-01,6.426551866641070365e-01,0.000000000000000000e+00,4.451570054448651947e-01,5.726251731417011381e-01,7.584940387583990473e-01,7.012724467400968109e-01,8.618507329993613242e-01,5.817100647934227986e-01,7.940562547403655635e-01,6.539632073546353119e-01,8.656170839416734708e-01,6.341288927264007169e-01,5.056647541143426405e-01,8.069971613936158805e-01,3.946369830989190364e-01,7.163476869448713868e-01,8.494746085559179427e-01,6.453209522591798475e-01,5.347835259277377018e-01,4.463331571431016775e-01,4.576732442518379185e-01,4.289774660426720065e-01,4.526701638011795259e-01,4.382160020101505404e-01,1.789598497542922440e-01,7.643130543689198308e-01,4.764374334345049533e-01,5.657157484486881049e-01,3.280285636096411106e-01,6.475312865643725879e-02,4.202007017385144816e-01,5.081272398540701563e-01,8.119898432600169969e-01,2.257007787886296524e-01,7.439679481875175471e-01,7.987438975356508930e-01,3.379305663874963006e-01,9.605978652870551526e-01,6.206424652058120106e-01,7.959467018042649666e-01,7.887954001882648836e-01,2.001800142717445330e-01,5.682445441598766855e-01,5.744903641054243115e-01,4.218137838088676927e-01,6.347667790679875077e-01,6.430935808923476937e-01,3.198999017750998042e-01,9.038662278646569792e-01,6.864046938948811238e-01,1.148879057180481750e-01,4.473407399582503552e-01,2.269784551523652827e-02,7.279596797507995598e-01,1.346297046056335080e-02,3.117185176523351586e-01,6.960658640525072549e-01,6.676413482249262676e-01,5.965434266634721538e-01,6.715711819884597755e-01,8.776895746230457540e-01,4.352297056754072524e-01,7.980487184964933922e-01,3.859717252424064160e-01,3.677431186366484361e-01,2.753605797280441192e-01,3.237197707866704688e-01,6.080292633060803142e-01,3.719733931742409405e-01,6.536354631641126955e-01,2.859579716572582253e-01,1.292701812218720048e-01,5.000032062731131210e-01,4.276783664698083909e-01,7.414501741702156368e-01,4.940445291424178098e-01,5.950982130798765368e-01,3.139850124997561887e-01
7.237669805550548396e-01,9.731584146991327788e-01,6.732720035807324699e-01,7.720346936315815034e-01,2.507408702101174836e-01,4.147667739341195925e-01,4.758459231058680405e-01,5.737308794955424673e-01,4.451570054448651947e-01,0.000000000000000000e+00,5.431840504078055964e-01,7.859625749255529925e-01,5.606513342252308352e-01,8.777293613361663027e-01,5.340267264741678233e-01,2.973470999107187818e-01,6.158797455715212532e-01,4.423345905433871406e-01,2.574634559512566923e-01,7.247943806268153377e-01,7.685512106452222492e-01,5.404266968470361476e-01,7.165997589782786559e-01,6.831390734927627051e-01,3.240573483224951645e-01,1.096560406419185840e-01,5.360476012431123483e-01,5.561521651473568806e-01,2.984792937920955347e-01,3.969518492160957202e-01,-1.016997670321278385e-01,4.078861104623366374e-01,5.330969995282798246e-01,7.988122453874020312e-01,2.732842872862617772e-03,4.677367678940809737e-01,3.630811051504196918e-01,6.109725100604784798e-01,6.930206706548373008e-01,7.410848992708189975e-01,6.835292878107621650e-01,2.801238173098963280e-01,8.471743535285124471e-01,5.169132385116496087e-01,7.080434121394104663e-01,6.662265802113589430e-01,8.853140301409210267e-01,6.370659035961330208e-01,3.717013591161485442e-01,4.391207337955660428e-01,5.692602753287685502e-01,5.657710261229134119e-01,4.136688944661235934e-01,6.558637693512676670e-01,9.979425241612491781e-01,9.850473653538572849e-01,4.741370600423796544e-01,9.345639367246142415e-01,9.747152192554038308e-01,5.423664586194653081e-01,2.874084462621872560e-01,4.170567533591852949e-01,6.641082489638725495e-01,7.551454253200884370e-01,5.495851788224759282e-01,5.704590271651417410e-01,5.547210607326013010e-01,9.919138636317804680e-01,5.828775601035913745e-01,7.342043822411249421e-01,2.722504593537857231e-01,2.311637336602183068e-01,7.304414985334244381e-01,5.796599254279619640e-01,8.527195488720549221e-01,6.434364376683974207e-01,4.659429568838977520e-01,4.667822402015582295e-01,7.902286912323209789e-01,6.853711257349014430e-01,2.324123660486793197e-01,3.736140227468475183e-01,7.681953065703854833e-01,6.947038730088177239e-02,2.907280455859339585e-01
7.649703334481119388e-01,8.412499231806567224e-01,9.439346004474454821e-01,3.450785303286673100e-01,7.386372521438070438e-01,5.063148409636872987e-02,7.614694962448520510e-01,3.007445952863976313e-01,5.726251731417011381e-01,5.431840504078055964e-01,0.000000000000000000e+00,6.563769297889681109e-01,6.061414108708785831e-01,5.548637643200327041e-01,6.450325148571361966e-01,8.536801929671948841e-01,6.173956452039781606e-01,9.533448811092433139e-01,7.260558437028437062e-01,7.647308342947991555e-01,2.989451450091969997e-01,5.998911214971063277e-01,5.133219941180146018e-01,2.013759959465716287e-01,2.277086897640164254e-01,4.953867380487574357e-01,3.958784207092125307e-01,1.758559890231968237e-01,1.923230486152132171e-02,3.117533185959247000e-01,2.780425272326163613e-02,6.961832492802428884e-01,5.254034465040634538e-01,4.529233611503333257e-01,6.164138925422770754e-01,5.053964437903752938e-01,5.782483169356187336e-01,5.291476464073762154e-01,6.347870069555612282e-01,-9.798782667830933935e-02,6.778138352563277680e-01,6.374910449362665155e-01,6.741992039689048699e-01,9.965605823874792435e-01,4.902786573271087911e-01,6.456602886605220526e-01,8.687860359365626728e-01,4.992852640846059398e-01,5.967085892462268282e-01,4.629565989619906230e-02,7.901237689799953667e-01,8.217579932873277926e-01,9.468113920038755404e-01,6.072300163180049254e-02,5.832835932846650584e-01,4.667243537042689017e-01,4.315895726850496605e-01,6.961798631302688056e-01,7.712468317469960422e-01,6.865336573987470548e-01,3.596690674492052375e-01,7.093187168999528502e-01,9.783332234896533475e-01,9.769578569072125962e-01,2.981643837465667857e-01,3.256872681804825476e-01,7.825255784204172560e-01,8.810801586653953521e-01,2.153000916028511846e-01,6.798464817847748032e-01,4.398095957882785512e-01,3.687156770856753196e-01,4.024637600942624349e-01,5.103192882597218372e-01,3.390751834653117358e-01,6.469340869011525053e-01,2.560198725804956332e-01,6.982458946851171078e-01,5.116264715891036818e-01,7.593875310919075972e-01,5.519442702327640449e-01,7.380582526201791005e-01,5.970361143373895674e-01,-9.026263555372987524e-02,7.243187209658155101e-01
8.176682393248476677e-01,7.282404312728838480e-01,6.438565211775991726e-01,7.969711002437267489e-01,7.797403046255098058e-01,4.187713234586742939e-01,4.730035862903749777e-01,5.777638838101755159e-01,7.584940387583990473e-01,7.859625749255529925e-01,6.563769297889681109e-01,0.000000000000000000e+00,2.574423671062319174e-01,8.777210976028285705e-01,5.358915189260973211e-01,6.164615683467149498e-01,7.899105535571849801e-01,3.051451499374449594e-01,5.673726248154818963e-01,2.267655061349514722e-01,9.036212321877694631e-01,5.457904714257247880e-01,5.284750915988718489e-01,3.883038701705930906e-01,2.347396384003910819e-01,7.577189630550912325e-01,7.688068396655460823e-01,7.964349080998182062e-01,3.735833884432162577e-01,3.205014802923509265e-01,1.964760698547523554e-01,4.859587480409081617e-01,3.583587770070246759e-01,6.392075495270060914e-01,5.771836521450707247e-01,-8.592195550406153681e-02,3.244271159089331391e-01,4.973113932697916795e-01,5.266756800124008375e-01,7.730888951926512265e-01,7.888729332073473044e-01,4.454740923139084430e-01,7.506777891622231635e-01,9.109515747412175735e-01,8.506295179563541087e-01,4.549009020039037621e-01,2.534458166120865386e-01,6.568423276816365286e-01,6.380058385176954339e-01,4.703423737528419912e-01,3.690608268908249778e-01,2.672942518406805634e-01,6.026578246179693510e-01,3.160132243319304646e-01,6.653695162832535814e-01,4.265257224266851832e-01,6.391884824184521641e-01,8.895845356737172027e-01,6.730339520497027328e-01,7.045702767712529457e-01,5.483147271661461541e-01,3.149975993618159831e-01,6.921981797496955524e-01,2.342175216785642999e-01,6.677456180342962178e-01,8.342548308509533106e-01,9.292700881740461050e-01,1.302803287516679231e-01,2.538091999485796446e-01,4.948622818539338830e-01,3.394665925824038033e-01,1.611595891177346473e-01,-1.816077655526383283e-01,1.630658890046695064e-01,5.379704497428984267e-01,5.400480564833656238e-01,8.031656801761795084e-01,5.060100929505414458e-01,3.851849893304322148e-01,5.343966740184069586e-01,2.446565401428751063e-01,7.087942011101708850e-01,6.311868574036838542e-01,3.340115782030746994e-01,7.491130852643452798e-01
7.429735948515089339e-01,9.299813950235151783e-01,9.462862399225686616e-01,4.340591875205666583e-01,5.844550723833492611e-01,8.585562041625676155e-01,2.348592782125252243e-01,7.127137091397219848e-01,7.012724467400968109e-01,5.606513342252308352e-01,6.061414108708785831e-01,2.574423671062319174e-01,0.000000000000000000e+00,6.398583650226007391e-01,9.999440833655841576e-01,5.478400661349192013e-01,8.971469110012910697e-01,9.084358778482229946e-01,3.418847055187915762e-01,8.869160433967976376e-01,6.283436600387183324e-01,8.246880895506267795e-01,6.650391477578112553e-01,9.796570774917979785e-01,7.364157431969314827e-01,9.178356958468516513e-01,8.699846745966819395e-01,4.682292026370314941e-01,4.218373799728832307e-01,4.299752290481451134e-01,3.060612795660105356e-01,6.360172871757003854e-01,8.138288771475136185e-01,7.622075116616204848e-01,9.255118085461743194e-01,2.330767905921523331e-01,2.027552545232743919e-01,8.733839522800991295e-01,9.072358214565611201e-01,9.746286622470047289e-01,2.391662927129293015e-01,6.339936460003050556e-01,8.792678149638704088e-01,4.840517311302628412e-01,7.626684346671992465e-01,7.941449667722165484e-02,8.154848975552158041e-01,6.096713064421261929e-01,9.128114463462573269e-01,6.533125703661341044e-01,4.263183794794235815e-01,4.037201185385380087e-01,6.092447151981963405e-01,9.749132601757874994e-01,4.249210950124521768e-01,4.780631944229807306e-01,6.521387807719539742e-01,8.842798566227579871e-01,7.489477123160237504e-01,-1.815683555578954389e-01,3.853780290657753405e-01,5.050860720671629389e-01,9.105203304414942744e-01,4.945946018273729705e-01,8.448218098478204041e-01,1.993576782204786180e-01,8.932432308578723834e-01,9.965430136349966439e-01,6.272293168371382288e-01,2.627756179700425632e-01,6.853379102682556345e-01,4.288915376078496489e-01,6.290007873813311390e-01,4.436354489935017686e-01,8.466088182419316821e-01,5.903310205615485140e-01,9.895393279078132931e-01,6.227700418877203381e-01,4.864603998020863296e-01,2.858433448832554125e-01,6.873900853408797529e-01,4.590554905693214338e-01,4.090802610242097459e-01,1.924584849833785860e-01,7.996509046182832536e-01
8.076196302081651845e-01,6.855764564599019506e-01,9.516734186612652024e-01,9.450336917982729013e-01,8.465341311325986773e-01,7.538130683949340050e-01,6.172491375028429372e-01,4.757592014953076348e-02,8.618507329993613242e-01,8.777293613361663027e-01,5.548637643200327041e-01,8.777210976028285705e-01,6.398583650226007391e-01,0.000000000000000000e+00,5.488443901249052681e-01,9.195961914405990090e-01,6.507125011166288164e-01,5.605037123003248078e-01,7.614105439095176786e-01,9.811962969586616179e-01,8.636410593878512953e-01,7.135063597553431558e-01,9.627544230879147014e-01,8.540305648638315539e-01,6.188761379224623216e-01,8.672187955236606571e-01,6.911928830194673523e-01,7.568704494089191215e-01,3.715588537160527394e-01,2.997977864701026895e-01,5.541902279787118690e-01,2.925324787629688394e-01,7.335736663472064434e-01,7.206695536181907391e-01,7.842870040390477193e-01,4.476121667077678223e-01,2.791691277775872893e-01,9.786610065349281573e-01,9.449952648330066651e-01,8.909705441409915272e-01,5.603437054866973188e-01,9.127182193759845186e-01,8.572631241684794956e-01,5.615234433862665853e-01,8.894520233549511046e-01,5.410979368917431254e-01,4.832313834612858572e-01,7.817136816009930822e-01,6.735448587489822891e-01,8.242520555874491839e-01,6.810053040807966251e-01,7.790268607119698041e-01,6.789481684460980659e-01,6.247519268363521672e-01,9.310325514213021458e-01,7.755629071694215559e-01,4.656302607086115763e-01,9.364058673198019100e-01,8.391299688994852124e-01,4.684615358655179751e-01,2.724642627975480402e-01,5.229018989385930682e-01,3.791767892216825198e-01,4.737810899939675080e-01,8.943377704091310942e-01,5.858295067542992340e-01,5.817578778465702927e-01,7.534920031719540834e-01,7.354236231472123242e-01,7.623512866608372907e-01,7.948770221921803714e-01,6.543953134781242964e-01,7.642433935664982858e-01,5.216884444865492743e-01,4.495750630702937678e-01,6.538310804343838711e-01,6.011759180193014807e-01,7.850854225282365428e-01,1.779988923267668000e-01,2.834164697918701847e-01,4.997904689492413399e-01,9.994637469452985479e-02,3.259011429624875111e-01,1.718869945167044722e-01,7.968878005710465784e-01
6.543601059736257053e-01,6.634346164545112945e-01,9.800214737343597715e-01,1.672933525518201514e-01,4.099074387262396924e-01,6.066242771421119784e-01,5.195143556029571119e-01,5.029867057268558872e-01,5.817100647934227986e-01,5.340267264741678233e-01,6.450325148571361966e-01,5.358915189260973211e-01,9.999440833655841576e-01,5.488443901249052681e-01,0.000000000000000000e+00,6.409588845568300330e-01,7.917101771616591455e-01,5.381474212128634083e-01,5.723261483202726208e-01,8.437941559082509091e-01,8.116385107010397615e-01,5.760343166875090404e-01,5.376588236874384474e-01,6.837942283910433128e-01,6.679615267051317584e-01,7.581247129923525119e-01,6.695224761561608950e-01,7.878986543876723703e-01,3.416378456611776637e-01,8.013766291884708015e-02,4.824733677798534459e-01,9.842593413146748238e-02,4.457281766316439908e-01,6.417339424187908925e-01,3.995847473860107968e-01,4.878566155960287198e-01,5.235586324686559712e-01,2.485116101839612290e-01,9.734120103702993410e-01,9.588847056212665976e-01,3.497150853524091385e-01,2.122707974947118381e-01,8.022625726392668133e-01,4.873771380981914425e-01,4.364292108470037013e-01,5.751724787992110732e-01,7.998780564216507738e-01,4.920539322775674962e-01,8.387104282839827896e-01,4.229962997234856803e-01,5.875115349554429489e-01,4.942827081740892581e-01,3.262889801171509063e-01,6.015655687253435024e-01,4.290154001828081487e-01,4.402378728613465242e-01,3.313508251810729499e-01,8.267617940192086845e-01,5.845527736487305948e-01,4.473753178313970014e-01,7.511528115661575411e-01,8.908605605349138035e-01,9.356159368292416012e-01,9.652472043378754751e-01,8.602743681783651120e-01,4.501461021214735458e-01,5.898958158919634931e-01,4.716539088748217257e-01,3.311506884689285890e-03,6.106650917089632147e-01,8.071463814264411007e-02,6.133828207769609353e-01,1.666239334908112824e-01,6.818377738902262619e-01,5.920395693806530801e-02,6.816746003491107597e-01,4.027734099061933137e-01,5.249423902841914291e-01,6.958862442682892668e-01,2.640855610473487047e-01,7.331519677175695193e-01,9.249758072836378187e-01,7.468276206515677140e-01,7.212265783156978083e-01,7.166936108987642662e-01
5.419414601252262598e-01,7.906172065831611473e-01,6.581396815435719416e-01,5.045119846097981808e-01,7.311671178985674757e-01,9.674814097261266177e-01,6.766202274443953169e-01,3.624176133440790704e-01,7.940562547403655635e-01,2.973470999107187818e-01,8.536801929671948841e-01,6.164615683467149498e-01,5.478400661349192013e-01,9.195961914405990090e-01,6.409588845568300330e-01,0.000000000000000000e+00,7.445161266244829656e-01,2.456151281146912169e-02,3.815783923487590101e-01,6.963423487098395759e-01,8.617170099961514174e-01,7.143806051537855417e-01,-1.076693283387050309e-01,6.798005889143110547e-01,7.442939899172931195e-01,1.647379199201410849e-01,7.775173449442979168e-01,4.376929360252561629e-01,1.856418529581709553e-01,3.756908240573659796e-01,5.815963395614726084e-01,4.574308572489040325e-01,8.469325642110139274e-01,6.693749151990768809e-01,5.297365648298504315e-01,6.409842628994872893e-01,2.011233807246557981e-01,4.475047547135200254e-01,2.527882015034916829e-01,9.768535661348467514e-01,4.702313167958984685e-01,9.751473929908029969e-01,9.871045126911380807e-01,4.468407636089307133e-01,2.614397631098259178e-01,6.378420213213199519e-01,8.870464813157166173e-01,-8.431960644675111360e-02,2.484988149704927540e-01,4.011622635154338257e-01,6.490862107269507186e-01,3.607341578753163747e-01,8.928487853467368396e-01,7.978564772270183569e-01,7.491401392722869534e-01,8.446641994602609449e-01,5.003591171197124821e-01,3.225505753186641567e-02,8.399877695770874286e-01,4.488518850166652863e-01,4.184486856946429412e-01,-1.603127955873508981e-01,5.579365964646330056e-01,7.644013144865122733e-01,5.015309353731614017e-01,7.057927674100147319e-01,7.678793110268291588e-01,7.859504722267548482e-01,7.347654444299790422e-01,5.777586832786643645e-02,3.319376344312355842e-01,7.512312188186574813e-02,5.388818488572602039e-01,5.936674078214954076e-01,1.695695542765989217e-01,2.330530420799215574e-01,3.021244412774988786e-01,3.270101102161285800e-01,6.757124441768322942e-01,6.424523012374112607e-01,6.188366826620664285e-02,9.294497802180863300e-01,2.708312761639630750e-01,4.174804891926227335e-02,7.761877472913574216e-01
2.508494452625300575e-01,5.236809176339027871e-01,1.972742968824507115e-01,8.042369673174437628e-01,7.543406629938348429e-01,6.703165629931944203e-01,8.768944365993329715e-01,3.024986687371735150e-01,6.539632073546353119e-01,6.158797455715212532e-01,6.173956452039781606e-01,7.899105535571849801e-01,8.971469110012910697e-01,6.507125011166288164e-01,7.917101771616591455e-01,7.445161266244829656e-01,0.000000000000000000e+00,7.031416540372512625e-01,7.592927554302966175e-01,7.533310239383024243e-01,9.650797460387775528e-01,5.630784973700431184e-01,6.877365743741941095e-01,6.873591030719803374e-01,7.958298411169969500e-01,8.552125335666084238e-01,9.362501187983163220e-01,5.186359400026557820e-01,1.858143388928725770e-01,2.978074417795668061e-01,5.216043021002951807e-01,8.472535284019306889e-01,7.913638451108645500e-01,4.440488681824968364e-01,6.871610706901215559e-01,3.073386409354514348e-01,5.480632539503598188e-01,7.685313308321132242e-01,6.119486489302892185e-01,7.239901264035800699e-01,3.279740266153493566e-01,4.101467543559405571e-01,7.428362403429044081e-01,2.047352046330713771e-01,2.766795326154738999e-01,8.891340219238776932e-01,9.761850658057750207e-01,5.237680423226214188e-01,3.417918256792972231e-01,4.893837421731177528e-01,4.580377072093373969e-01,6.448687126446259743e-01,7.384078250966324974e-01,6.626811428130292558e-01,7.097497765538928194e-01,8.811636915673294324e-01,9.702616784576911790e-01,6.607690573179901827e-01,1.666304937941106012e-01,3.590864618754593396e-01,1.195458705267866961e-01,6.372763044312270697e-01,7.892645402316500469e-01,6.254849969718708769e-01,7.263894230156221488e-01,6.219334151848434633e-01,6.322647080844172596e-01,7.253853041787752254e-01,7.682998689255770008e-01,9.162699496728226034e-01,9.643025472970229162e-01,9.088235114923345348e-01,6.752645059056858745e-01,2.548801664396130873e-01,9.764520690791671509e-01,5.686993432205609267e-01,6.010798050360217637e-01,4.190190806393299106e-01,5.690001805971559579e-01,3.014496023097736344e-01,4.364906433774735639e-01,7.822394220526250885e-01,6.414465408277623126e-01,1.958533163065595273e-01,2.207245550442023252e-01
9.945489047786164605e-01,4.835251668469813802e-01,7.093425089814827667e-01,6.697498085044293337e-01,3.930060949286795502e-01,2.754614907967447013e-01,4.657972258455138070e-01,2.459297901372219375e-01,8.656170839416734708e-01,4.423345905433871406e-01,9.533448811092433139e-01,3.051451499374449594e-01,9.084358778482229946e-01,5.605037123003248078e-01,5.381474212128634083e-01,2.456151281146912169e-02,7.031416540372512625e-01,0.000000000000000000e+00,2.805069160404085604e-01,8.857390462306018453e-01,8.980265620603153920e-01,4.103267883836959062e-01,7.813362785121411580e-01,6.467097787031110823e-01,5.288667867317151661e-01,5.551789188633586836e-01,4.008201108905258547e-02,9.225584496958281200e-01,7.098288432758075306e-01,1.984126602435305475e-01,3.717180483221184106e-01,1.677491961563655209e-01,2.579137760183085049e-01,2.152377466119040350e-01,5.548997403394299033e-01,3.516712017511326449e-01,2.433682660705576428e-01,7.018035315316364375e-01,8.909719704999382595e-01,8.370190283928904407e-01,2.185737472236667367e-01,6.593670872204516753e-01,5.549049089495721176e-01,6.422986934026882200e-02,5.495682029273454283e-01,7.567664056333980316e-01,6.036910593616033882e-01,4.723887061399585363e-01,2.381429279939760446e-01,6.728249170800668644e-01,-5.797191096447898429e-02,2.548044443951285598e-01,6.835392994600792971e-01,9.853724833778751968e-01,7.311058715196414592e-01,4.309152345009897300e-01,7.123294495438055041e-01,8.961630304410779235e-01,7.471626158532371775e-01,7.640059327328595495e-01,4.945190213771238907e-01,6.540247264204399613e-01,7.093371507396740716e-01,9.582335187570315549e-01,8.461355254505485979e-01,6.540672366733374377e-01,3.767754347948555904e-01,6.600504705661011107e-01,7.029496532354997385e-01,6.580524247215731037e-01,7.018478925088248443e-01,5.674625753094020286e-01,1.859529843574186936e-01,3.530260648415981528e-01,4.470011965359868555e-01,6.142667131275543202e-01,6.892763547468043761e-01,6.869197092463578125e-01,2.907095450825284422e-01,4.500733738727630273e-01,7.557978817013428774e-01,6.450125410540050730e-01,7.185564727266692264e-01,4.547694787858402865e-01,7.933552509126252650e-01
