0.000000000000000000e+00,9.386351555616936349e-01,5.791595353438410143e-01,4.114302736303809827e-01,7.961111757405534561e-01,5.168870823210948151e-01,8.551482432351762419e-01,6.113314518514849638e-01,6.867477978754569223e-01,7.905311118206559406e-01,7.407569197000922756e-01,6.539733864314062339e-01,6.008084723189563991e-01,7.562197283705310857e-01,9.461780452631970428e-01,8.154437724006451393e-01,7.043405192710113782e-01,6.608805591276900593e-01,4.047571996933252425e-01,4.211049081022266716e-01,9.503002177923324245e-01,9.270668299278943536e-01,7.320559365609163871e-01,4.653248268942456467e-01,7.233701194072792440e-01,9.032301278685037627e-01,2.525922015144419497e-01,1.630744306877357219e-01,5.603917956358662744e-01,4.502906708490111432e-01,1.755657860600876724e-02,6.985569864527885198e-01,8.674358427509077929e-01,9.994561562689715517e-01,9.473534920048134467e-01,-1.751311309472270150e-01,2.143972676838508118e-01,6.604413546499954268e-01,8.202193215286356365e-01,6.765530467215448152e-01,3.406024708349973951e-01,4.052288920287991369e-01,7.732696958012112987e-01,6.154004605398966099e-01,9.481141093441144418e-01,6.733552795530122204e-01,9.879446974176553375e-01,8.258652550243122947e-01,5.293191931609096956e-01,3.303916075942508468e-01,4.797995009448358661e-01,9.924571938911759261e-01,4.918200964376758244e-01,2.726979612021896426e-01,8.867298385613627820e-01,8.668714778218571393e-01,8.787248134349530115e-01,9.828184013529335239e-01,5.895331210511201014e-01,3.166240328730964282e-01,1.819960792289836982e-01,6.906877092892140801e-01,4.870828789701776573e-01,4.554679967945305941e-01,8.536960416026657672e-01,9.493694589962483610e-01,7.415621080671036536e-01,8.526557752184295014e-01,9.021481363033088119e-01,5.648855402490610134e-01,7.563158072746029026e-01,4.256418818224924072e-01,4.628143073532814400e-01,3.931388923019398796e-01,7.037099156107937681e-01,8.661014063309041555e-01,7.658661689747964241e-01,8.236663973595944599e-01,5.453676729571517445e-02,1.016839193513695144e-01,4.409883934735764899e-01,3.266783347862973752e-01,3.599132609326394228e-01,2.702966558728612245e-01,8.989285834159670419e-01
9.386351555616936349e-01,0.000000000000000000e+00,4.251782120261917153e-01,8.185551026614523717e-01,6.744424909174421279e-01,9.238631128066177034e-01,9.051650581704762111e-02,4.561760274298312656e-01,5.743804227706548193e-01,8.471744688925086919e-01,8.804621961240148842e-01,6.235817468214481796e-01,5.337172908575765762e-01,6.562954261576834369e-01,6.047349951632743359e-01,6.255287296091054383e-01,4.748424860186919449e-01,8.238802054674658759e-01,8.974004428222853713e-01,4.979214901370027091e-01,6.402012215616108559e-01,7.411413028290102512e-01,4.207755564607701948e-01,8.660648012815349572e-01,5.371184987372261688e-01,4.727213520565572979e-01,7.178077340949480245e-01,5.827010414172766328e-01,4.843746405589685056e-01,2.553386846398769672e-01,2.569421954643815731e-01,5.645332790218826613e-01,5.936608568777068662e-01,6.434742066963747842e-01,4.631809031283506406e-01,3.281791584002703432e-01,3.726176253957106388e-01,7.662966228725250906e-01,2.951150654514131388e-01,7.088447678276867947e-01,6.355273044730151977e-01,5.262426859199624829e-01,8.710017025169612959e-01,4.592985608663247565e-01,8.383748939812816214e-01,3.087990978268196351e-01,7.705288324961625523e-01,-1.831060638265348539e-01,5.481634530320654841e-01,2.588474228324194604e-01,5.106968286343488428e-01,6.375152399982155771e-01,9.748588782652123363e-01,4.283324866018453081e-01,3.955981471986671494e-01,6.637685397688036781e-01,4.062999406351711085e-01,6.685833785006123353e-01,2.704979010987263455e-01,9.296597532131337105e-02,-3.085898775337616584e-01,5.852363828306036408e-01,9.003490748805892396e-01,9.013833909947540635e-01,8.049011300945535519e-01,7.833137345523502049e-01,6.900916986723489854e-01,6.574052300579455999e-01,6.152584019893808653e-01,6.324140358719275712e-01,5.799988044422260680e-01,5.674373214267164345e-01,2.311323720180065155e-01,4.411637525421266415e-02,7.629844008594344196e-01,1.427186785012203307e-01,9.079446902097036975e-01,7.129368201995363030e-01,2.810261662887205691e-01,3.446249212697948261e-01,6.504859122338904065e-01,5.177409843581961546e-01,7.767970327842836920e-01,6.329543108131826523e-01,7.882584875513143352e-01
5.791595353438410143e-01,4.251782120261917153e-01,0.000000000000000000e+00,4.733678356667911924e-01,7.738699734346214942e-01,4.179744656435256389e-01,8.122763887062651733e-01,2.015072287711455190e-01,4.070405689882248268e-01,8.552387015489752997e-01,7.019327780993707133e-01,7.682665229887920555e-01,6.279281186471540321e-01,7.305871551313417589e-01,7.948004769835885774e-01,6.546992176440324940e-01,4.235033507074175141e-01,7.830296737039874611e-01,9.133718959158559914e-01,6.382514470514075722e-01,4.283537848673761306e-01,9.273147097672211903e-01,8.518247000787410039e-01,7.114716496602359053e-01,8.306077659246159373e-01,8.637841445481387881e-01,6.559854061299901229e-01,4.217505265473029397e-01,3.136861231846543863e-02,2.415906091528891853e-01,2.138651716823933568e-01,8.387871715777184267e-01,7.924366258271624552e-01,5.187797375936016309e-01,6.106864784299842475e-01,4.188348257681104303e-01,1.186808677194729073e-01,7.989751257330911516e-01,8.567563477832438323e-01,9.272874565759374743e-01,5.307314206511630772e-01,7.266494216293858388e-01,6.504763854114589128e-01,7.030696692367233158e-01,8.225568178094838645e-01,9.218421907784011271e-01,8.810100837412392361e-01,9.114132301459105800e-01,9.632147506052467500e-01,7.173072371830746530e-01,2.185263677373476265e-01,7.614488101876669690e-01,6.350736954853192229e-01,5.383061197492813310e-01,2.331774339052477552e-01,7.664670940798348209e-01,8.731674309771584319e-01,8.336913219815811349e-01,6.938370762869795483e-01,6.129452505643188109e-01,3.317784722163009681e-01,7.360508696741540069e-01,3.837542283200106041e-01,6.963910207659891327e-01,7.148788834523550628e-01,9.007469373662620182e-02,8.539175489698654919e-01,9.360518256719843055e-01,2.115836238431214600e-01,7.673930868925573634e-01,6.825096550127937034e-01,7.797693632566260469e-01,2.670266544866319869e-01,3.178570492592954766e-01,5.827015802534114552e-01,4.049886621274365606e-01,7.916679783904541079e-01,7.085745612469146471e-01,1.269175084569642009e-01,4.720343850914928696e-01,9.668612865797906464e-01,8.977511802889507342e-01,4.471293963009891348e-01,2.785814686700928133e-01,8.784297494664929928e-01
4.114302736303809827e-01,8.185551026614523717e-01,4.733678356667911924e-01,0.000000000000000000e+00,8.551044191492451763e-01,7.694299965522487517e-01,1.727561718552212411e-01,6.444570842311678760e-01,3.530529796186729907e-01,6.664148376578216126e-01,8.959417882368584385e-01,5.878960625340672319e-01,8.374509700068741846e-01,7.433892553232496203e-01,6.590379533146055735e-01,5.343641036025886804e-01,9.568990009092654958e-01,8.846215409344039271e-01,2.244083363699082012e-01,9.912822945717731926e-01,7.319823641272320547e-01,4.129836265531634520e-01,7.818777682228970072e-01,7.702871911349339351e-01,4.981111266948679006e-01,9.190876691604212834e-01,3.246789948545650839e-01,2.473560064545923809e-01,4.326082151936758713e-01,2.487238805792535978e-01,4.690198425425085582e-01,4.443885309426476860e-01,-7.104573219948775997e-02,4.517853118260380385e-01,7.758616941378077003e-01,7.637385109885881374e-01,9.717950920344597954e-02,5.284338974967138780e-01,8.033842380555550333e-01,4.057944586748903348e-01,4.540979044650824137e-01,3.790770371811538197e-01,4.407177046589875191e-01,5.186823102980936406e-01,2.378940872393852379e-01,4.463417001065161926e-01,7.471469380280294503e-01,9.793743560280470106e-01,4.979812437301652239e-01,6.793026796942690515e-01,5.927753210578499132e-01,6.586034009685319823e-01,8.045883573674084133e-01,7.901538793981073283e-01,4.063613086184934553e-01,6.533005378603831126e-01,7.391446166056819811e-01,4.336412519003162158e-01,1.746858857543742705e-01,6.605060992664291142e-02,5.886568594203204219e-01,5.823734899341954652e-01,9.877342644157790508e-01,6.785242266290240076e-01,6.672775715040724087e-01,6.575334716172239746e-01,3.471252105850929359e-01,8.525568156583144264e-01,7.586520356530216391e-01,6.701888660647328244e-01,8.243374827197912369e-01,7.964424070810256495e-01,3.200229383323667798e-01,4.341206165324744126e-01,6.226639494780851214e-01,6.018759967356939189e-01,9.319408851866970434e-01,6.478159702078474247e-01,-1.249438060772687931e-01,3.303310862611782417e-01,7.026449611907811255e-01,6.491867713001518991e-01,3.908607109550287229e-01,5.225732582949667027e-01,7.013250165207907116e-01
7.961111757405534561e-01,6.744424909174421279e-01,7.738699734346214942e-01,8.551044191492451763e-01,0.000000000000000000e+00,7.828935134636623161e-01,6.008822945171771179e-01,6.262049844889163719e-01,8.996040627019721292e-01,3.251047333940837447e-01,7.561248010597406699e-01,7.533490033845791078e-01,1.010930433501554815e-01,2.564601066333417889e-01,5.962124721440673625e-01,9.043508249657028486e-01,6.175186263347097748e-01,6.392826767976788060e-01,6.101657176669510463e-01,5.899835349566673326e-01,7.407473253922197687e-01,5.005136257445490511e-01,2.971901563242447253e-01,2.360954672678621802e-01,2.002087795638997636e-01,7.761276682809072902e-01,3.224280681824596706e-01,4.026400457076435568e-01,5.257713346884117511e-01,3.391696715509854299e-01,4.471415392901883362e-02,4.478378151585460931e-01,9.908351040572558333e-01,5.765496950973282297e-01,3.335399170473176689e-01,1.726695441775455975e-01,1.431708118878331215e-01,5.587183551618695176e-01,4.805399352970052274e-01,4.395414101350768044e-01,-1.724193084385774732e-01,9.108310964968109325e-01,8.797623433247303559e-01,6.698233235007412523e-01,6.229733439716592658e-01,8.233154379612224183e-01,7.927893227454481107e-01,7.647497268854157593e-01,7.081041115382683548e-01,7.750811016206273774e-01,2.465682910122020954e-01,6.942620654024888038e-01,6.476577769199851620e-01,9.333921549399351036e-01,4.745694831570532735e-01,4.252830583985126034e-01,6.684450038666823746e-01,4.147719861615047909e-01,2.180882434470039766e-01,5.733722062987695045e-01,2.944087071133896227e-01,7.909236143901806626e-01,6.591631697466084905e-01,9.200335454981760641e-01,5.866121876429406523e-01,7.421491641429491803e-01,7.270107715395414116e-01,3.565423448945701512e-01,2.736151960972907915e-01,2.383534210455822144e-01,4.729736310203077054e-01,6.041755196755519419e-01,7.644191493496166334e-01,5.528273988389549309e-01,6.299405818910371879e-01,4.332301156099502282e-01,7.434631706337140322e-01,4.178643067697793145e-01,4.475700136305578725e-01,5.790040125196080911e-01,2.593112370919632426e-01,8.226236875373609259e-01,9.134163333126560369e-01,-1.794902423706077055e-01,8.545845360210222452e-01
5.168870823210948151e-01,9.238631128066177034e-01,4.179744656435256389e-01,7.694299965522487517e-01,7.828935134636623161e-01,0.000000000000000000e+00,6.613698140591111052e-01,4.219887460864771289e-01,3.560471337332471453e-01,5.377270834242215969e-01,7.807559183616399334e-01,7.447569153576890644e-01,7.229381526027796045e-01,6.461099899071202080e-01,6.340521888102402803e-01,9.567068107588796444e-01,8.175959876346196031e-01,2.305258334422196353e-01,5.831829280065099486e-01,7.757291901811977919e-01,8.008843416171029794e-01,7.734782886090190157e-01,9.867295281520339634e-01,6.667092166578902912e-01,7.515440664294570361e-01,7.647968932246094198e-01,4.452791779379645098e-01,6.103622680314647608e-01,4.656370529454088164e-02,4.661200857479792514e-01,5.556601543628155726e-01,2.178677449423576107e-01,4.547353442714331950e-01,6.806395622210525964e-01,5.357764686115281672e-01,4.760167094618339423e-01,3.684283942978645587e-01,1.867116327560145450e-01,5.668923290674965365e-01,9.829912791141744988e-01,5.189629365718714249e-01,6.374506585265995451e-01,6.233782616857013181e-01,2.237536280824650725e-01,8.137892785039865240e-01,4.696815186393180075e-01,8.989883148045372252e-01,9.467480080929830955e-01,4.516879484127255817e-01,5.886819354066116228e-01,6.856769825164878984e-01,7.664770942097827167e-01,6.860673395510090700e-01,8.547179413726873065e-01,8.678263803323332803e-01,7.969721660567604671e-01,6.183052952001506508e-01,7.921481981212636914e-01,3.061080502256409153e-01,7.225759799423944196e-01,2.690378438302420960e-02,5.222588251740588605e-01,7.696490878074482289e-01,3.950717511742645183e-01,9.093908003247620497e-01,6.201715218901699966e-01,7.701674115555958711e-01,7.624689630434415832e-01,5.700835586392666299e-01,7.915887379404611401e-01,7.520602208928701682e-01,2.133389575659220549e-01,3.265433562677630963e-01,3.445091301934809502e-01,2.810149437037897657e-01,6.304272620777090497e-01,7.101390249341107408e-01,7.009422498826494152e-01,1.796636122171589578e-01,2.307818320400128465e-01,7.661813684715728101e-01,7.730390583901716184e-01,7.248732586527446564e-01,4.711184476793093268e-01,6.826227299796209236e-01
8.551482432351762419e-01,9.051650581704762111e-02,8.122763887062651733e-01,1.727561718552212411e-01,6.008822945171771179e-01,6.613698140591111052e-01,0.000000000000000000e+00,5.025809316263306625e-01,3.673537929529543944e-01,5.052455343926489650e-01,4.270464666164933143e-02,3.920123574184128379e-01,4.729308095659966460e-01,6.417588050499735131e-01,2.380531754096105179e-01,3.903976174590004233e-01,8.640194231336437714e-01,2.171577738486787645e-01,4.088544243256737043e-01,6.464260846253944148e-01,9.547333545228402496e-01,7.838005019257393569e-01,4.709993918811705704e-01,8.822327208643392371e-01,2.537346995298798702e-01,5.840127558292876886e-01,1.778982083772130407e-01,4.851515447837053130e-01,3.337379294233118188e-01,1.274885523119134167e-01,2.155378982022580492e-01,3.420983868504105518e-01,3.267032345694256129e-02,4.096281275322722348e-01,7.205395217410116571e-01,7.598116895135135218e-01,3.249529667735668315e-01,3.348828711497754407e-01,9.627432043776004145e-01,7.228748726284149884e-01,3.397872598012309786e-01,4.680330280578482993e-01,4.238370769067903443e-01,5.276211789545776076e-01,2.424195350433540896e-01,5.477959397545305587e-01,5.348429110629531191e-01,9.568445221900612543e-03,5.145892900379774870e-01,5.435183099542851837e-01,6.240992731828343132e-01,4.985614324165129063e-01,6.006374535492078337e-01,2.982238279836005868e-01,3.949191886088553871e-01,7.458190872166975405e-01,9.075048572288734183e-01,3.598547881145310323e-01,7.448453010484799020e-01,3.186689255710506985e-01,8.270408728289704303e-01,5.304025168981812977e-01,6.472238473858508145e-01,1.061655781484682759e-01,7.539594540349285889e-01,6.118550013695263079e-01,5.900402245935441048e-01,5.645920586073526204e-01,6.066482416609858541e-01,1.140777947982928586e-01,2.051046612923084766e-01,5.217341645231152736e-01,4.327678801880438519e-01,5.343768566263417119e-01,6.009168732343778130e-01,4.316521411279727882e-01,4.410236492334027592e-01,4.677236308720141844e-01,1.525632483679252027e-01,3.060613327689497010e-01,7.274479735705466910e-01,4.830914111423300072e-01,7.076531400185015475e-01,5.035453382627586016e-01,-1.936124207864828306e-02
6.113314518514849638e-01,4.561760274298312656e-01,2.015072287711455190e-01,6.444570842311678760e-01,6.262049844889163719e-01,4.219887460864771289e-01,5.025809316263306625e-01,0.000000000000000000e+00,7.226397752144353426e-01,4.137427847820913662e-01,3.882548145278956753e-01,7.029562541815878030e-01,9.489376484894824770e-01,9.947444567324286169e-01,7.303844186636259117e-01,3.492780882558726985e-01,5.583616750410410612e-01,7.227039017598455573e-01,9.427210286282790286e-02,9.772944419588948106e-01,7.571494832417843268e-01,5.919259014508306826e-01,4.964220182244719615e-01,9.612281453918334329e-01,3.241913265074796713e-01,2.210155919707404437e-01,6.372412194145881115e-01,7.437378627451183277e-01,5.275337340204289127e-01,3.584431870068996995e-01,7.024772549278187617e-01,5.229460175219482476e-01,4.317586807022451567e-01,2.074117924017109815e-01,8.797491264186794169e-01,9.394113699794842676e-02,2.761563328813552709e-01,7.834449603257978012e-01,6.477332362340998406e-01,7.856099579367422647e-01,2.125744435718544545e-01,6.129778640238472409e-01,7.517813427651744984e-01,7.736944792667792559e-01,8.689121705921610817e-01,4.008884688199689239e-01,4.749865037778966403e-01,9.773588566771224118e-01,7.277651028308702585e-01,5.580835052463224422e-01,3.222750961221550470e-01,9.756875074435920059e-01,5.262222103973086540e-01,9.791996979833980097e-01,9.330856602642266795e-01,7.868623228570993389e-01,7.593055311878894598e-01,6.285915976994194132e-01,6.037133626218043059e-01,7.124453568449292673e-01,3.089305517156969438e-01,5.170973915321519510e-01,2.082507811833133327e-01,4.496392643109699550e-01,9.245965621484203423e-01,5.106486009868943521e-01,7.530129472697065784e-01,4.921105693265647174e-01,7.739708635649924506e-01,6.279839030411592526e-01,8.414046591524457774e-01,4.270999805719924436e-01,2.648641169907303694e-01,1.008921489576831559e-01,5.787549649640912897e-01,4.733995718751149995e-01,4.853364258050020252e-01,6.966218093790950139e-01,4.283699943387165310e-01,6.894752032677102793e-01,2.891465876348477959e-01,5.014844019853581525e-01,6.887256805162158546e-01,2.413215386804173079e-01,3.496395231434387130e-01
6.867477978754569223e-01,5.743804227706548193e-01,4.070405689882248268e-01,3.530529796186729907e-01,8.996040627019721292e-01,3.560471337332471453e-01,3.673537929529543944e-01,7.226397752144353426e-01,0.000000000000000000e+00,5.685988520879143859e-01,5.165746241288262652e-01,2.268682532699999033e-01,5.884046867876400189e-01,6.615005808855197733e-01,2.542807669920144065e-01,4.841580889924340658e-01,6.331782234995052550e-01,2.087953101159756575e-01,9.883956650178153946e-01,6.898441016949060645e-01,9.785837996735332611e-01,5.221400406084423240e-01,4.450840051835905919e-01,6.652721583411850270e-01,5.460821285982120354e-01,2.981813180670939700e-01,5.997538412487135595e-01,5.740935666186702813e-01,4.087009238567861358e-01,6.414180692537456707e-01,6.195286915432862695e-01,3.946427583054360477e-01,4.958291750667714326e-01,2.223760871095937786e-01,4.727588268236050384e-01,-1.461646837815147315e-01,9.479457115322671712e-02,8.369969915020971651e-01,6.028503615954360351e-01,4.175197727305999806e-01,6.126713472602114408e-01,8.433315700000796333e-01,5.203148700680152450e-01,3.775203500652439814e-01,7.730810171292433752e-01,7.151069785100617748e-01,6.134178464982054102e-01,4.016960430454121211e-01,5.002474595342040198e-01,5.566945340694111621e-01,4.266968977398422069e-01,4.703914661201624714e-01,7.950834920774787484e-01,2.585732482475635585e-01,8.663195562885520618e-01,4.525237243313807167e-01,7.394879903527757925e-01,4.068100270641319960e-01,4.718147310632514468e-01,1.807194464008244628e-01,3.320794828218985861e-01,4.234034900638187215e-01,8.356699437840676703e-01,6.041834782253748815e-01,5.820447221912782299e-01,7.060899474835048428e-01,4.414662018854326742e-01,7.309868610812754186e-01,2.608304771413617051e-01,5.149797087115444150e-01,8.608159581162490026e-01,4.476674655958392535e-01,4.816447898534145233e-01,2.076621365262189545e-01,7.777205572379340959e-01,5.806866282768008425e-01,6.070051883840986706e-01,4.778302203214491728e-01,5.582345421387062689e-01,5.298939918046571274e-01,4.170638742405646804e-01,6.190394017095022239e-01,3.561117187051396349e-01,5.274895940392505533e-01,2.519422958338176644e-01
7.905311118206559406e-01,8.471744688925086919e-01,8.552387015489752997e-01,6.664148376578216126e-01,3.251047333940837447e-01,5.377270834242215969e-01,5.052455343926489650e-01,4.137427847820913662e-01,5.685988520879143859e-01,0.000000000000000000e+00,2.435821648376944315e-01,7.238856720183770577e-01,3.159552188264760364e-01,6.158016911735628707e-01,7.225673663795488810e-01,-1.075947560421530863e-01,9.142248081010099225e-01,2.095138241451356964e-01,4.079564234015461421e-01,8.248114502168940598e-01,8.096120282862429018e-01,7.063479183477759937e-01,8.908333795672481736e-01,9.577096131433882054e-01,5.883197635348274002e-01,9.533384052861493263e-01,8.434344808217544287e-01,5.551359412012486505e-01,5.606337970770445267e-01,2.835489643149144978e-01,1.944988844114417803e-01,5.078135272842124737e-01,7.988181672801837330e-01,7.388311517075685231e-01,5.284522047213784379e-01,2.653879635968734996e-01,5.277870389841409215e-01,1.052516844789041228e-01,5.486694884532550276e-01,6.797272022392722990e-01,5.751723143367784008e-01,4.392919633105282773e-01,9.107059527359754325e-01,2.434367808442604031e-01,7.719451963070423917e-01,3.580263097680121964e-01,8.197293070651516800e-01,5.577173025340526058e-01,6.768784166817074510e-01,5.805860934566648979e-01,6.641605085792124941e-01,7.355431019183067409e-01,4.876883016780432789e-01,6.091398892402490883e-01,9.217496267462895743e-01,1.380166635503648001e-02,7.423217094979737141e-01,7.875308500255712163e-01,5.728492615972410329e-01,3.429341194764538026e-01,3.327385956155630709e-01,4.700425343346276708e-01,4.246347601016278728e-01,9.317997263106388151e-02,6.330986612374187583e-01,1.134129950426177730e-01,5.829996403091701751e-01,7.533333860752617905e-01,-2.336274315280234548e-02,5.983619708267573500e-01,8.908572195147763662e-01,7.208709332305768269e-01,4.885377980026862172e-04,-6.585943106773400890e-02,2.083694083454068202e-01,6.495883842784131446e-01,5.420538611747330870e-01,6.165573861680553325e-01,1.816932379752484936e-02,5.711764383738451301e-01,3.959650992910052070e-01,7.833229995527025702e-01,5.422469061314449945e-01,7.775382203355354349e-01,9.896564952705080298e-01
7.407569197000922756e-01,8.804621961240148842e-01,7.019327780993707133e-01,8.959417882368584385e-01,7.561248010597406699e-01,7.807559183616399334e-01,4.270464666164933143e-02,3.882548145278956753e-01,5.165746241288262652e-01,2.435821648376944315e-01,0.000000000000000000e+00,7.753389657376235089e-01,4.857313097497870102e-01,9.250443374376721151e-01,3.607303055269174274e-01,8.512220672923979103e-01,5.861520528684286413e-01,7.244231921756418835e-01,7.831882078610854503e-01,9.519052809209487265e-01,4.101424483170636459e-01,5.656052823996318146e-01,5.376386574732503476e-01,2.939019022453552288e-01,2.696423071725623788e-01,4.693622745870953961e-01,6.416787539206166846e-01,6.734239482941812849e-01,3.757973490402651273e-01,1.267763012533669291e-02,3.211453953184000842e-01,2.482423447003389017e-01,6.419075175532172883e-01,2.082045731417081491e-01,5.455837878799565388e-01,5.804079720092705785e-02,3.793767119169320079e-01,6.693653707012849896e-01,9.754322686817855637e-01,4.238021536137895340e-02,4.733638436085506607e-01,5.270198261489078551e-01,9.796411073485682408e-01,9.536076569699369898e-01,9.875439428438272937e-01,6.568889467608620691e-01,9.783503441394315603e-01,4.568461741342865201e-01,7.962160149908534823e-01,6.116536709992764775e-01,6.315134449665893435e-01,7.365680908988311293e-01,4.804639686265543275e-01,6.033504573445331864e-01,2.187261892764863491e-01,5.580152141091387907e-01,6.165847154856848311e-01,4.632105884937725016e-01,9.417184448687145881e-01,6.343203582843571775e-01,5.940758602309506031e-01,1.422688459116601238e-02,2.459960338515219669e-01,9.181906612425986269e-01,7.346513833971266560e-01,2.266622392963817956e-01,5.031682861263888640e-01,8.008069852167486458e-01,7.151798571258715098e-01,9.294261962211325390e-01,2.729909807511119446e-01,8.402576679961218931e-01,5.170369052832784335e-02,3.253931473412341457e-01,9.988959512425313880e-01,8.279415721920939664e-01,4.347883527595897690e-01,2.284502732496118769e-03,1.977115154571704170e-01,2.159043860558698680e-01,6.854977318518419294e-01,6.085123731106605316e-01,3.180380830861185282e-01,2.509217661634117746e-01,6.530445003970120066e-01
6.539733864314062339e-01,6.235817468214481796e-01,7.682665229887920555e-01,5.878960625340672319e-01,7.533490033845791078e-01,7.447569153576890644e-01,3.920123574184128379e-01,7.029562541815878030e-01,2.268682532699999033e-01,7.238856720183770577e-01,7.753389657376235089e-01,0.000000000000000000e+00,9.285627571601072772e-01,5.393049804068812403e-01,7.708264440773981985e-01,5.196292359551097917e-01,6.723025904171189282e-01,1.918660758349662043e-01,7.055124149560104696e-01,2.393886407904511904e-01,6.963661212710313686e-01,6.635837365746461991e-01,7.330511542879750708e-01,4.623505696901995116e-02,4.138855289757805145e-01,4.118595653744671070e-01,8.853000806821996749e-01,7.338848085230913476e-01,5.395049389721702227e-01,4.980521383153713177e-01,5.171986075988622700e-01,7.648746989053305523e-01,6.088791981625212291e-01,9.948458954272234589e-01,9.073541244336341682e-01,3.605605336856780863e-01,3.562399445320049152e-01,6.138635418814439859e-01,9.476834449328602750e-01,4.724513947552566595e-01,2.918487097617669113e-01,2.973388195078061624e-01,6.851027197425734183e-01,7.953164102276668590e-01,7.105758706878210207e-01,5.822428177975602637e-01,7.510271736313294255e-01,7.714867179368976036e-01,7.874553261908459056e-01,-2.920512522418916568e-02,5.707954097978276131e-01,7.239905299191140564e-01,5.745572279731452348e-01,2.366356062501752400e-01,5.084014503840502686e-01,8.383480333227522063e-01,6.769166223817872918e-01,6.360324459118186224e-01,6.599860868982547757e-01,7.704372087385910062e-01,7.931595931037135339e-01,6.149399115890892276e-01,5.690260473449686440e-01,7.262152397411287819e-01,7.965711219421738321e-01,4.372230480802797303e-01,6.940990383126666163e-01,7.385184138876648152e-01,4.100153816697584275e-01,6.863956436351248414e-01,9.089881396794684543e-01,2.076542854635587687e-01,3.332452235366808457e-01,1.324370376492243762e-01,6.474146856619662493e-01,5.793338492907562642e-01,4.907042082867790755e-01,8.287034139639359864e-01,7.626633093421086862e-01,4.565095572134880153e-01,5.755703160879959146e-01,4.489634478804467310e-01,7.329979531570871565e-01,5.971740868756141296e-01,7.910875131802947990e-01
6.008084723189563991e-01,5.337172908575765762e-01,6.279281186471540321e-01,8.374509700068741846e-01,1.010930433501554815e-01,7.229381526027796045e-01,4.729308095659966460e-01,9.489376484894824770e-01,5.884046867876400189e-01,3.159552188264760364e-01,4.857313097497870102e-01,9.285627571601072772e-01,0.000000000000000000e+00,2.295783685703534360e-01,6.335684296158321516e-01,4.356227211370135022e-01,8.114893392984774412e-01,8.927019284755247641e-01,6.353071783751240709e-01,9.837285290523194448e-01,9.394438541635078410e-01,6.610373156058904076e-01,7.169358103337457599e-01,8.971069834478792027e-01,6.029417687122787806e-01,4.942595252460828953e-02,6.617422682484874752e-01,4.478366997825649620e-01,4.380550641927030697e-01,7.907320009439731123e-01,3.112787667780391176e-01,2.533166042714874444e-01,7.786082746464217941e-01,9.372330487601058246e-01,6.639325941249448748e-01,5.817212560100825103e-01,7.179487070744849930e-01,9.689311408831291494e-01,6.035884312632329163e-01,7.764391517250466279e-01,4.418055258737352831e-01,3.457951510634735826e-01,8.373005947666369853e-01,4.449816092580978766e-01,5.306822684052817096e-02,4.814304342974374817e-01,6.791175906775095417e-01,6.465312532306457527e-01,2.365727664570096422e-01,5.176367842584617129e-01,6.317819274612771485e-01,6.693946429326976810e-01,4.604145464368278873e-01,8.596706235524598227e-01,7.583059522505399830e-01,4.120506223385325129e-01,4.080088776353594793e-01,6.484453373909614404e-01,2.919682797358238990e-01,2.749376621980842983e-01,3.082467820650789947e-01,4.002744848480409567e-01,6.044472836085913459e-01,5.960858502522371483e-01,8.681876481513420840e-01,4.119769338604110653e-01,6.873287677116737271e-01,8.128823071211639384e-01,1.319910995726088047e-02,7.574508202716604410e-01,3.038808121201953538e-01,3.307139792650023447e-01,7.801763353202691986e-01,3.148291608507707701e-02,6.050697106014447657e-01,4.216237180355839054e-01,4.669904220287568464e-01,5.791923763664942326e-01,4.604943014990891537e-01,-2.515525259016476722e-01,5.185302676721640358e-01,6.997834040038769521e-01,6.313330169952821036e-01,3.749471450279346918e-01,7.014541237365231607e-01
7.562197283705310857e-01,6.562954261576834369e-01,7.305871551313417589e-01,7.433892553232496203e-01,2.564601066333417889e-01,6.461099899071202080e-01,6.417588050499735131e-01,9.947444567324286169e-01,6.615005808855197733e-01,6.158016911735628707e-01,9.250443374376721151e-01,5.393049804068812403e-01,2.295783685703534360e-01,0.000000000000000000e+00,6.395558564926926426e-01,7.020291862278552619e-01,4.123726407687994810e-01,3.988601715159673100e-01,8.858085352168201254e-01,8.800099477444818241e-01,4.081154306824174016e-01,9.808890837335946244e-01,5.773328829931736461e-01,4.434671555516383479e-01,5.724379599540203589e-01,7.957680008401124550e-01,7.260309428369013940e-01,8.821807214820341914e-01,3.852444119555366031e-01,1.601790883261153264e-01,9.538085873895928157e-02,5.981792122689691960e-01,4.709834378141145028e-01,5.646241894168326780e-01,7.203888459636360597e-01,4.863892147761029183e-01,2.901014803568062739e-01,5.176666842800423662e-01,9.043839098485304540e-01,7.951579678696223397e-01,1.444392147345120447e-01,8.521117174789077930e-01,8.686983551033080619e-01,5.062312769677497215e-01,6.680647831115978930e-01,6.806694430138713336e-01,7.504252433283717938e-01,6.645625043429433942e-01,5.808454925328269125e-01,6.678399660518850034e-01,6.233994632993506979e-01,5.331765355657789307e-01,6.345893827830042522e-01,7.567245346818981533e-01,4.703498955127257686e-01,7.914242425951065751e-01,7.993381621588913077e-01,6.896956184763355369e-01,6.040569566192548479e-01,4.966360338964673216e-02,5.099465535186535892e-01,4.662288909119857716e-01,3.018913887086652759e-01,6.169868574610660739e-01,7.648630261675473108e-01,8.704700065552948285e-01,4.355374159805059930e-01,6.783010802326548960e-01,4.123515836566900572e-01,4.156230813629426812e-01,8.211087890415809110e-01,6.710156036631781395e-01,3.553395062389850811e-01,9.311156407102830213e-02,5.563524238235286745e-01,6.937568386545177601e-01,6.332169691011462209e-01,5.672032322857638587e-01,3.886429732600748532e-01,6.262927673661744521e-01,6.435901491411646358e-01,6.353420790078307956e-01,8.850351296809119139e-01,2.375164190390161856e-01,7.073129890895581973e-01
9.461780452631970428e-01,6.047349951632743359e-01,7.948004769835885774e-01,6.590379533146055735e-01,5.962124721440673625e-01,6.340521888102402803e-01,2.380531754096105179e-01,7.303844186636259117e-01,2.542807669920144065e-01,7.225673663795488810e-01,3.607303055269174274e-01,7.708264440773981985e-01,6.335684296158321516e-01,6.395558564926926426e-01,0.000000000000000000e+00,7.023654898497319055e-01,6.880843355136530004e-01,6.389338764864485043e-01,8.764265399665037704e-01,6.569802712098863351e-01,4.324690176442576584e-01,3.853329141689252335e-01,7.753143627087250023e-01,9.377557590035808799e-01,3.688541633390967633e-01,6.535903991787702649e-01,5.170366583004792904e-01,4.768388948199143718e-01,3.798122856296106686e-01,2.250728215283649136e-01,-1.897969975099765561e-01,5.953605005113760118e-01,3.971488691064940513e-01,7.293462074521087635e-01,5.878052150468269232e-01,4.101078154467037162e-01,1.169046222841445826e-01,8.168022096379011776e-01,9.750249234074539473e-01,6.683311666658734440e-01,5.800216770000936606e-01,7.719766684336119011e-01,6.668409764807311513e-01,9.142911158240991654e-01,6.378705511059007405e-01,5.459174200954791667e-01,4.057100226926916298e-01,5.041720573307537645e-01,2.482264328812842091e-01,7.857319217153817537e-01,5.125183481323806189e-01,7.383955896434555299e-01,8.900222515045880245e-01,3.127385722944380775e-01,4.227692772084061801e-01,7.303892521537140858e-01,5.900023247074985822e-01,3.675301980207286157e-01,6.605431826876491108e-01,6.263987436329164771e-01,9.971190678143063701e-01,5.371280220810394912e-01,6.994777468757279459e-01,5.111206178158439473e-01,6.118822157686143459e-01,1.119973165134499626e-01,4.064819489386043982e-01,6.882254149380366837e-01,3.811233015441558014e-01,5.659881045402688216e-01,7.580337090968213287e-01,5.657186783156733512e-01,5.306798848855012185e-01,6.218639865947524215e-02,6.615948309079492384e-01,7.859353855333316430e-01,9.131889104104465305e-02,5.723835520551869838e-01,2.489111613138352275e-01,-5.609982571136346019e-03,4.274886107782087108e-01,7.144859796091405091e-01,7.497020434568334446e-01,7.106983455193185417e-01,5.891645111720624772e-01
8.154437724006451393e-01,6.255287296091054383e-01,6.546992176440324940e-01,5.343641036025886804e-01,9.043508249657028486e-01,9.567068107588796444e-01,3.903976174590004233e-01,3.492780882558726985e-01,4.841580889924340658e-01,-1.075947560421530863e-01,8.512220672923979103e-01,5.196292359551097917e-01,4.356227211370135022e-01,7.020291862278552619e-01,7.023654898497319055e-01,0.000000000000000000e+00,6.408119927736851684e-01,6.921127232895284420e-01,9.670552540453711821e-01,9.736730021801722756e-01,9.158973706535632475e-01,7.520785154724736188e-01,6.644074011051627204e-01,7.160672777422016910e-01,5.302702350240646734e-01,1.297609906994958984e-01,7.666345414103327149e-01,5.877061422995457640e-01,-1.757538107891376544e-01,3.845396933027820374e-01,4.742570333267733806e-01,2.907688029000971008e-01,9.470538451119309142e-01,7.851915523005910114e-01,6.108280786355284597e-01,3.708799921266194843e-01,2.993859535732541488e-01,3.596688842006701137e-01,7.625365263027368279e-01,6.735968739345945533e-01,5.901262648628902152e-01,7.032771716704617759e-01,9.621540268213759628e-01,9.773743244867848512e-01,5.284883066092186388e-01,6.389600751681621116e-01,7.690258997671386432e-01,6.210856494084698864e-01,5.983564505826536317e-01,2.024211268072366454e-01,4.317838194868489632e-01,6.091537175618123579e-01,6.632290770700587368e-01,4.410857555782722872e-01,8.777104459283586735e-01,3.911844641038415005e-01,7.360451626621119514e-01,5.792593191670385444e-01,8.360105463332057063e-01,5.599797138269179131e-01,7.854864672817432059e-01,4.716237385446266361e-01,-7.036340379804631451e-02,6.096449390321607709e-01,9.862963037898639929e-01,4.730789912231427308e-01,7.506590610093631932e-01,2.368929078120124432e-01,5.157705217467749570e-01,2.560107044534777332e-01,9.343965751054941205e-01,9.709502966749671282e-01,6.337040642376519095e-01,6.216711395848578681e-01,4.001458062204690802e-01,4.912743982753662864e-01,3.966627600363199502e-01,5.383995940538166547e-01,5.227023200601074171e-01,7.966091865478328593e-01,7.792318059524772078e-01,8.503956641187913057e-01,8.197797379297376841e-01,4.827608185679329589e-01,4.691963425576131663e-01
7.043405192710113782e-01,4.748424860186919449e-01,4.235033507074175141e-01,9.568990009092654958e-01,6.175186263347097748e-01,8.175959876346196031e-01,8.640194231336437714e-01,5.583616750410410612e-01,6.331782234995052550e-01,9.142248081010099225e-01,5.861520528684286413e-01,6.723025904171189282e-01,8.114893392984774412e-01,4.123726407687994810e-01,6.880843355136530004e-01,6.408119927736851684e-01,0.000000000000000000e+00,7.647436456705913876e-01,6.431963878933746326e-01,7.124481415060779366e-01,4.865386508350265093e-01,8.917238685821419208e-01,4.802652048711018584e-01,7.283501878199375446e-01,1.114997876512922731e-01,9.379749581282936788e-01,7.355169883887693327e-01,4.624226168461429420e-01,3.885447242495420062e-01,3.336527783304147343e-01,4.909879602964915546e-01,2.814772970747505543e-01,9.567029207130024471e-01,2.466063292801297380e-01,7.894247751198597562e-01,4.601759921854374213e-01,1.959662924290481445e-01,4.039178409453970109e-01,9.946886974176094576e-01,8.311260365850133836e-01,4.389180020337880572e-01,7.841706661869214390e-01,7.890636012969889368e-01,8.597383777104276037e-01,8.942633552387784235e-01,1.523743131633477077e-01,2.579134714308369825e-01,6.237560091669031026e-01,7.088634700904482555e-01,9.786402705156078685e-01,7.837871390956080431e-01,8.918759039403595379e-01,1.643543155862420280e-01,7.427237262745494117e-01,4.455323367386582190e-01,5.891699358370688921e-01,2.100772396080410331e-01,6.341713857998214632e-01,9.130582885957968520e-01,6.633286202279546906e-01,5.949258396281726924e-01,5.327897846980398366e-01,3.392060091546545975e-01,9.209706510010802205e-01,9.519966339590434368e-01,7.065069009588093030e-01,9.215556244607028269e-01,6.406840154957864630e-01,6.319796783564978204e-01,8.753243704124594737e-01,7.246095980181170848e-01,2.892081259574357799e-01,1.775295355886450932e-01,5.768165123605024647e-01,6.726162655706542370e-01,7.866437692203637200e-01,9.155464008005645971e-01,5.714334181111611066e-01,5.664689317327720186e-01,8.899748202033525013e-02,6.412984603686185947e-01,8.012105436550714943e-01,3.403060464551091457e-01,6.820893523297495431e-01,7.705733273730941413e-02
6.608805591276900593e-01,8.238802054674658759e-01,7.830296737039874611e-01,8.846215409344039271e-01,6.392826767976788060e-01,2.305258334422196353e-01,2.171577738486787645e-01,7.227039017598455573e-01,2.087953101159756575e-01,2.095138241451356964e-01,7.244231921756418835e-01,1.918660758349662043e-01,8.927019284755247641e-01,3.988601715159673100e-01,6.389338764864485043e-01,6.921127232895284420e-01,7.647436456705913876e-01,0.000000000000000000e+00,6.880237278575752624e-01,7.556586000381529944e-01,9.219481798224318236e-01,8.578429966990611666e-01,7.491399670452258963e-01,8.030110123470119987e-01,8.555903982466581681e-01,5.940060359321174266e-01,6.116840538603782740e-01,8.638693637779959467e-01,1.240728134657218124e-01,2.400285254079106145e-01,5.818531539568384536e-01,6.367708830626180871e-01,9.087462777414674342e-01,6.326296453056483582e-01,6.623183923916060589e-01,3.289794492555151439e-01,5.877394139888592051e-01,4.476005824708225167e-01,9.131126838885559316e-01,1.355879398630864541e-01,3.655175884544058507e-01,7.570240548911375544e-01,6.322768833352541140e-01,8.295218199473710641e-01,9.326828810399386827e-01,9.908987930745402073e-01,7.022765475706600480e-01,3.284312180887785093e-01,7.759970264346590652e-01,5.176377354941624764e-01,6.157986629468057416e-01,3.199099623535013315e-01,7.717615858348214619e-01,3.823069438404544940e-01,8.567956789758492953e-01,3.243091189379739281e-01,4.019554907326277071e-01,5.058165703295374183e-01,6.122730654257041438e-01,5.834104485540271279e-01,5.024528009381176163e-01,4.606989346231810112e-01,6.328841142861676428e-01,9.757836685887957273e-01,6.744239091815076304e-01,7.503552610616138763e-01,4.589032455364388530e-01,8.480122400397411830e-01,7.418596108308104231e-01,4.546274351750564935e-01,8.401441426779940880e-01,6.413661287898935193e-01,7.433267267306703507e-01,6.299254860996109651e-01,2.975349534258484030e-01,6.561787457496447429e-01,2.822522363474233575e-01,5.895170029326062267e-01,1.252329932795495648e-01,2.219882753564464128e-01,7.740202682970704906e-01,9.578837324802953468e-01,5.925481656762118243e-01,5.676999204295892776e-01,8.592432962744562808e-01
