0.000000000000000000e+00,8.059815671741433762e-01,8.251000609087527637e-01,9.772191449446886446e-01,3.388581556910997272e-01,6.228610326710102285e-01,4.008859627080830212e-01,5.544826519546401933e-01,-1.777345143012730999e-01,4.492426896291401017e-01,8.994146626557911750e-01,6.691485507388001963e-01,8.485817361352971933e-01,3.716999315428899386e-01,9.314524886329160758e-01,8.027811560660502721e-01,7.058709379747475365e-01,4.974251848498679185e-01,8.844746940989569595e-01,6.281718259354903688e-01,4.753419082940915641e-01,8.325040222005634094e-01,7.497496037596744767e-01,9.272475854616909485e-01,7.100810520802305348e-01,6.362712722591596926e-01,6.164181363199586761e-01,4.608829754226435038e-01,1.997676851805541276e-01,2.821905769034347977e-01,4.534565665897272169e-01,8.210043346409841014e-01,5.907194174842701484e-01,7.694010491464774448e-01,8.516603102206667941e-01,4.687710846752296545e-01,4.855109431020139532e-02,7.721778304665877224e-01,7.235359897265083440e-01,6.900458536744140670e-01,5.971729536895928891e-01,7.610239679146346692e-01,4.705179981132275868e-01,6.788117776251868518e-01,7.102761570921867218e-01,3.866122285162748584e-01,7.576465318228674528e-01,8.257268104300038436e-01,9.543883979969047804e-01,7.003295465160127575e-01,7.188600054406710793e-01,9.640950093642310925e-01,8.385570353588773784e-01,2.762227190667248533e-01,6.819112771562440001e-01,6.040219092865104500e-01,7.107815193838760148e-01,5.473244480102608112e-01,7.426095788796340802e-01,7.162015402306725065e-01,3.178072363158004343e-01,1.937935255386304123e-01,8.477721375496424239e-01,5.695431830041346455e-01,9.270926382021666967e-01,6.473049194614509672e-01,1.827813606212319308e-01,5.318057876029276265e-01,2.183343195484286903e-01,4.142572270076194663e-01,7.296673020348789507e-01,7.602532514455161428e-01,4.805024600758263653e-01,7.942494554573754639e-01,4.513777351412603944e-01,9.847387872924295849e-01,6.863886778178857062e-01,6.080026457812575114e-01,3.352801867670739400e-01,-1.214107380221850496e-01,9.761213289403178894e-01,3.561968610680976144e-01,8.943140383150821604e-01,4.686756167215012647e-01,4.367096601228454555e-01
8.059815671741433762e-01,0.000000000000000000e+00,8.874393822345193472e-01,9.414748361119544828e-01,7.177906535850409053e-01,8.046764422481264001e-01,3.994416869194706288e-01,6.179402562761399098e-01,6.224285615344710143e-01,4.418645994965759161e-01,2.913144922342954524e-01,7.650686738303281720e-01,4.117825289533345035e-01,5.475289901863130693e-01,5.241687650226903861e-01,3.549834002041859504e-01,3.697563969593310462e-01,7.013604191456246362e-01,7.745499988180808426e-01,9.367016699843060401e-01,7.879531633597862683e-01,5.819880672574819780e-01,5.897554942464544592e-01,6.643574551538040662e-01,5.501435045274607472e-01,7.079304183663099881e-01,9.934745292469404632e-01,9.308600786882831324e-01,4.130016610267184252e-01,3.070458938981852626e-01,1.218291530434797709e-01,4.540369767334045403e-01,7.930717045850954605e-01,-1.806029216617283939e-01,5.425958061035400792e-01,3.103163531361519123e-01,4.338938822868690925e-01,6.118660130281304843e-01,9.312725681358308139e-01,4.699669651224354094e-01,3.765957621905389185e-01,8.450066491071498431e-01,4.792363287579611830e-01,7.044230978161221124e-01,7.807052646994770972e-01,7.086193395937113726e-01,6.800792995571647293e-01,4.099914482441747721e-01,7.349980068489101459e-01,2.881285117770371329e-01,1.797553495988054584e-01,6.336732839430588848e-01,6.097049996884771339e-01,5.888765926848543719e-01,5.182931941642974216e-01,8.596907022923465647e-01,3.323403092202288356e-01,7.100689853174265709e-01,2.973502636835336221e-01,4.430361295102201447e-01,4.882143796778545264e-01,7.267819166356519478e-01,3.382893888651067327e-01,7.996192592891706585e-01,9.419384242076103142e-01,7.015560876351966124e-01,8.448601267915128998e-01,5.324794090783837586e-01,6.693592372924122014e-01,3.737828503306396266e-01,4.920595499835165865e-01,4.278669093280962343e-01,2.719608085870493519e-01,3.471541724654361727e-01,4.582350817778617080e-01,7.240683796252954663e-01,5.937995184028570517e-01,6.902891176863312772e-01,1.216924316263759132e-01,-9.078677001212255571e-02,4.227910517033620641e-01,7.997907203162171186e-01,4.347040606882547342e-01,-1.136417864662823685e-01,6.046317281914636022e-01
8.251000609087527637e-01,8.874393822345193472e-01,0.000000000000000000e+00,5.184128134768234419e-01,8.822540302140634561e-01,9.899573321922419677e-02,8.457901892218320228e-01,9.352250088423748053e-01,2.745388204081392614e-01,9.953065152588002062e-01,6.568835466689944003e-01,8.553067680581216692e-01,5.792929359760117247e-01,4.088177986167828015e-01,7.266916111788093158e-01,9.875276717106473701e-01,4.713119838018872132e-01,6.974330663094712168e-01,5.118385341969613478e-01,7.535886826313616116e-02,9.428096287460295821e-01,5.647768344445761590e-01,7.144446947396496661e-01,8.794876531636799388e-01,7.844014492887240175e-01,7.774234098287835515e-01,9.179003286956278762e-01,7.885742352450262338e-01,5.345360112423378496e-01,2.860046229148224262e-01,1.472379454531764879e-02,9.886521866654891522e-01,9.365179005579871152e-01,4.890802834086316331e-01,9.583790796165512216e-01,4.484940409633093594e-01,5.851760885653826127e-01,8.752742601592991001e-01,6.585482770008184161e-01,9.634011774581440202e-01,3.003662309906886541e-01,5.106740651703364220e-01,7.201637046471485171e-01,8.153424573635674744e-01,8.781966173376714035e-01,6.258856668082568575e-01,7.798642713925580949e-01,7.922891656456978460e-01,7.210637245461136713e-01,9.717667783524771563e-01,9.975577997458078272e-01,5.750160615685073751e-01,6.591964338890750064e-01,9.805775211873032360e-01,7.042955813567335355e-01,7.604988032351808203e-01,6.016513000808241252e-01,6.653181501203422332e-01,5.251343076811119115e-01,8.593705821242686449e-02,4.225243475938226245e-01,9.597186823998020699e-01,5.718025826619546059e-01,7.996636857651546748e-01,7.838680316084553068e-01,1.367823259488053500e-01,6.531032746798516309e-01,7.245287787335397134e-01,1.569487414392229385e-01,8.100313991441165928e-01,8.426490233976251520e-01,6.567233537829150203e-01,7.213328529476528694e-02,3.131468933799478882e-01,9.283100248816004152e-01,7.517451231592121585e-01,3.175407256918931775e-01,9.298496175986793455e-01,2.754783177595396815e-01,4.117855844420177380e-01,6.327486115408970102e-01,7.258518077759417153e-01,8.611940363760048900e-01,9.907416946073346331e-01,6.642396308202371813e-01
9.772191449446886446e-01,9.414748361119544828e-01,5.184128134768234419e-01,0.000000000000000000e+00,8.412972514630131515e-01,7.352467101675418393e-01,2.816847394146027028e-01,4.168012871838767675e-01,4.250477350787438269e-01,7.443307726756627218e-01,9.629120035150067203e-01,5.864257870881450785e-01,7.138006075460638922e-01,9.525585916531884578e-01,5.140105446702505354e-01,6.978084489703552107e-01,6.991235676682756583e-01,7.005946363801868193e-01,9.258112474745847642e-01,3.150157184635102303e-01,7.591205622091343752e-01,8.406171437993856799e-01,6.323954029386771314e-01,6.383465423312946196e-01,7.952089320362298874e-01,5.578825748336674328e-01,7.000948926582083454e-01,7.161451522039594675e-01,5.513762665720254308e-01,4.346227115426273824e-02,7.584893023387540012e-02,7.371810772000024770e-01,9.512551459918312524e-01,2.698322912916145122e-01,6.726624294725072062e-01,5.767103127998891576e-01,5.832246034877921481e-01,7.980886497902592858e-01,5.634282078287209394e-01,4.276689295235882593e-01,6.786357987547942949e-01,5.808589058431224972e-01,3.909146845053632635e-01,8.329396451328219264e-01,6.025145867655541387e-01,5.841631570800193130e-01,3.234741197993863393e-01,7.236596026857591291e-01,5.383607513404971012e-01,6.758601670483261881e-01,6.946464242088729035e-01,4.458821098422603435e-01,6.287913660747279643e-01,6.297624575393109270e-01,4.808071406663501357e-02,4.724755632245274395e-01,8.278613888698703738e-01,6.536364718159634046e-01,6.435335874483649743e-01,4.069044017417702275e-01,4.080535895561192006e-01,7.406544747860064337e-01,6.436538275682572863e-01,6.984163875985581749e-01,6.715678693671419675e-01,7.716297730451526782e-01,6.265235865175267094e-01,9.304888895160512430e-01,5.027562123353985779e-01,6.590624122054698775e-02,6.711271789268823396e-01,6.485451566016432468e-01,7.788492813034855189e-01,1.079292963876302275e-01,6.687107810314666390e-01,4.748358473502700128e-01,2.134484306128190123e-01,5.076023967096880973e-01,4.700825053232028372e-01,3.708713782134100967e-01,4.394398096165230694e-01,7.611680803504694559e-01,7.994764063813838417e-01,5.650469532954736085e-01,9.127805515133143865e-01
3.388581556910997272e-01,7.177906535850409053e-01,8.822540302140634561e-01,8.412972514630131515e-01,0.000000000000000000e+00,1.272576270391309050e-01,5.046441923407591901e-01,7.255207530877281208e-01,2.425083778026168035e-01,2.060561393409323649e-01,8.243932472370901765e-01,7.739020558038075537e-01,4.755638994186395796e-01,9.255448221216648896e-01,4.049965527605441928e-01,7.235645358298681273e-02,7.028145359747858256e-01,4.941702719210670502e-01,4.000638252404592476e-01,8.366082600657240853e-01,3.406440321486948752e-01,9.832840004299157055e-01,6.044539311994987507e-01,6.060251164490890741e-01,6.782069666511754136e-01,6.036148183267590062e-01,7.190677046738912503e-01,2.302742353934950081e-01,3.836536689475772421e-01,3.844758294228379225e-01,5.669114702534649997e-01,7.448428573962349031e-01,6.855961697061744298e-01,6.657384313180982893e-01,6.343771282709336212e-01,4.957523662168831224e-01,5.852644262821463661e-01,7.832319493680857114e-01,7.632567138951236174e-01,5.325633690362453487e-01,5.242595572116779401e-01,6.708434593000487389e-01,6.556725785834754960e-01,5.961121176005020894e-01,5.690471341157746776e-01,4.852467498993930373e-01,7.939505917063446327e-01,9.101416477997713583e-01,7.475040358586704237e-01,9.474900316178377357e-01,-1.239867426534606021e-01,9.335425485568528137e-01,7.019026675319540720e-01,4.015989974644476046e-01,4.778992696105713867e-01,7.715297301482328951e-01,5.008937354657374552e-01,6.542081433448246885e-01,8.294681208559220309e-01,7.104489188109553988e-01,3.293831067272932067e-01,3.224266667802762609e-01,6.227775031799062111e-01,9.187126992560336047e-01,8.016003591750345825e-01,6.959845463815484967e-01,5.527432171514568005e-01,7.187780304555667632e-01,6.788030916999452380e-01,7.334727705695295308e-01,6.899941947635206407e-01,8.200014529361200344e-01,5.190325990025190794e-01,3.485362678849824869e-01,3.057493225695263050e-01,7.864394302130416348e-01,4.853341485875664052e-01,7.029583901552515224e-01,7.457087500620391829e-01,3.397943333690137124e-01,9.012883105531519501e-01,6.205794849358293730e-01,6.517347916508782202e-01,7.104578592058768960e-01,5.684656413950150977e-01
6.228610326710102285e-01,8.046764422481264001e-01,9.899573321922419677e-02,7.352467101675418393e-01,1.272576270391309050e-01,0.000000000000000000e+00,5.694986887965107769e-01,3.108867953104085258e-01,4.315842177370934341e-01,7.389313218652107107e-01,5.518035806346206495e-01,8.649288060875638395e-01,6.359898982585835414e-01,7.817618492503550787e-01,7.301527186674859893e-01,6.548717901472734804e-01,6.224662178030345716e-01,7.461765063019105693e-01,8.026346900913603477e-01,7.740792166261275531e-01,7.247594299326651779e-01,7.359919999651726163e-01,4.522368784665036778e-01,6.733372180325727374e-01,2.289889067294139935e-01,9.109876388927306001e-01,4.175377523891627973e-01,7.672698789369714056e-01,2.345348029960241110e-01,3.806272555711184280e-01,2.264967532813852436e-01,5.866167663853921743e-01,2.627993112608569826e-01,6.042658741057540528e-01,7.391111985219771530e-01,2.020875913481216812e-01,4.198400330547478743e-01,3.645840458767037884e-01,2.616367137811819177e-01,7.269835697229743987e-01,7.774172855280394590e-01,9.354500499610151065e-01,7.009199672709536255e-01,7.126080983597379293e-01,9.113018413166096288e-01,6.082143356006507462e-01,7.216635496660056548e-01,9.779898458445639431e-01,3.074310190151569588e-01,2.477911468320177502e-01,4.622851215788946755e-01,8.803436775143242965e-01,6.717225869925499415e-01,8.669429011820859454e-01,7.821036129900192924e-01,6.630678385196335789e-01,1.602483022148440128e-01,3.713268018002226500e-01,1.408000271267164684e-02,4.697609190997464879e-01,3.728523188302635960e-01,4.702974878581354656e-01,4.097257478830759747e-01,6.766805902927370830e-01,9.715836260371417676e-01,4.779451398917634597e-01,5.385717346029383901e-01,8.844968513791359177e-01,6.442855497850179525e-01,6.643817907106757126e-01,9.248659416162090530e-01,5.758056312733810245e-01,7.565026895872697388e-01,4.835284114962664082e-01,5.887626403331780445e-01,7.212062820762978888e-01,8.782330862951565065e-01,5.882350870696027023e-01,4.001308511069077145e-01,2.510906501809956337e-01,9.767045102130916812e-01,8.249087469704478037e-01,4.444653880700765725e-01,4.377552802682107558e-01,5.099650446855290564e-01
4.008859627080830212e-01,3.994416869194706288e-01,8.457901892218320228e-01,2.816847394146027028e-01,5.046441923407591901e-01,5.694986887965107769e-01,0.000000000000000000e+00,2.432652713101507158e-01,2.093505615548629240e-01,3.081347946838651208e-01,7.726059418591242345e-01,5.748268638465972025e-01,9.345996030887280259e-01,2.131419037778181091e-01,6.787886057592917854e-01,9.754233581807526532e-01,3.438481389883141226e-01,6.084834631674543304e-02,9.287147017858361497e-01,1.372826983154379066e-01,7.607917333386541303e-01,2.135270842174158135e-01,4.598917753374188733e-01,3.880978520447828650e-01,4.392253544084195188e-02,6.420423806807822320e-01,5.531290588354030868e-01,5.186464535012935695e-01,3.357218318913408883e-02,9.256712612076634095e-02,1.972326309598890492e-01,4.789713319579976258e-01,1.432555418790874002e-01,5.931244314948702634e-01,1.091070525900234289e-01,4.978554668833597985e-01,6.392902416516299535e-02,1.021915126450030353e-01,5.016028657350531939e-01,5.723618125054708017e-01,5.682482026318672608e-01,4.600884464039719512e-01,8.928310778262132930e-01,1.918361905395949973e-01,6.507763888244670891e-01,5.393269493550214566e-01,6.989305712721253228e-01,7.004669798322692431e-01,4.276722220043202571e-01,2.463692410407843369e-01,2.381446733700042784e-01,4.476313321398358580e-01,3.979178376249508098e-01,2.363023029383465312e-01,8.988210312044861983e-01,-2.409423848187412787e-01,7.138036564931613537e-01,5.755371691215364072e-01,6.365944483579601965e-01,3.726649095728338246e-01,-3.421158979206109785e-02,5.690461513117328618e-01,3.800131885638800000e-01,6.294701336973993477e-01,7.850507434125043593e-01,3.919031245741805281e-01,7.486845631034373394e-01,6.602110817235389284e-01,3.792042025062331012e-01,7.719413002781121413e-01,4.504610177856068209e-01,1.813185969877487980e-01,4.727099958556943426e-01,5.437145932058529141e-01,7.810212046233118155e-01,4.709768318729751768e-01,2.314277840690313892e-01,7.224508195766240481e-01,2.570573650118910813e-01,6.371268266570716543e-01,9.012359127256289737e-01,9.755162004417118338e-01,9.069509643598663295e-01,5.930362909106610125e-01,7.106712473963885390e-01
5.544826519546401933e-01,6.179402562761399098e-01,9.352250088423748053e-01,4.168012871838767675e-01,7.255207530877281208e-01,3.108867953104085258e-01,2.432652713101507158e-01,0.000000000000000000e+00,5.446742676184462839e-01,7.880707428291413574e-01,2.667976879527240164e-01,7.896344286621963526e-01,9.906053099252234428e-01,6.145618594981444582e-01,5.156783045546449173e-01,6.086318891886264293e-01,8.032933995890886303e-01,5.111889429306637478e-01,2.180988654262759341e-01,8.586934880474350607e-01,7.200721619391552419e-01,7.376986401598708554e-01,5.476119370850778267e-01,5.040821184234138830e-01,6.643414030921960256e-01,5.522503046175619712e-01,5.374666803144763083e-01,3.623877190435499385e-01,6.856035744012966004e-01,3.171908102994908663e-01,6.850291631926596070e-01,5.198347746025077099e-01,2.893032711475215790e-01,7.601623294669507258e-01,4.334639751788710305e-01,2.622445683160422036e-01,5.492719947547575199e-01,4.571616147688431497e-01,6.910901661303054944e-01,4.945245840734599496e-01,6.461072423142740773e-01,7.096445352289653119e-01,4.715395467985791789e-01,3.988719801361261252e-01,5.054486174724390768e-01,6.171761469090283336e-01,2.869701766291905543e-01,6.310113911943797671e-01,7.639630170568521006e-01,3.988416354670921704e-01,7.923355957424349505e-02,6.445353457385931684e-01,3.166389490476400614e-01,5.701872518081491092e-01,5.915155753613769996e-01,7.227220334476707198e-01,5.717754590905725909e-01,9.393248587698255214e-01,8.502870201913881321e-01,5.855421239486356955e-01,4.030904427594389494e-01,6.401036502276574724e-01,2.759371461154492278e-01,5.082430676595995900e-01,7.347645113926734028e-01,7.807675372883009501e-01,5.499210780377867813e-01,6.524103071413815957e-01,7.274114010086367710e-01,8.808874879122419177e-01,8.600432138123410564e-01,5.356163624895335928e-01,1.709980513052807849e-01,5.482811493973339667e-01,6.812028989004349500e-01,4.468205594155091331e-01,5.474476970491861660e-01,6.480603215628414349e-01,4.616374872868537760e-01,4.193397911076521267e-01,2.457681398816792817e-01,6.376290570757050524e-01,9.667302546148925924e-01,5.183135393520887924e-01,6.156432664682739420e-01
-1.777345143012730999e-01,6.224285615344710143e-01,2.745388204081392614e-01,4.250477350787438269e-01,2.425083778026168035e-01,4.315842177370934341e-01,2.093505615548629240e-01,5.446742676184462839e-01,0.000000000000000000e+00,3.831700501247103929e-01,7.549493044416595300e-01,2.261769813039443133e-01,5.621732321977610525e-01,7.119418811443009032e-01,8.215857640274096818e-01,7.864392343894255344e-01,4.583954537520132377e-01,5.321281215969653200e-01,2.355085157468034818e-01,4.120486004500054644e-01,7.494737609038972792e-01,7.665562419422533580e-01,7.920670450482759639e-01,8.401044667542036937e-01,1.655664057742229078e-01,5.272343223394518885e-01,5.290493661105588954e-03,5.068075319108668042e-01,5.740599486130200102e-01,6.570190905823428684e-01,4.448444697924370805e-01,7.536999541714184403e-01,2.135709851414784033e-01,1.689663280748094631e-01,9.744673106260695050e-01,2.487129901468884685e-01,2.875698447345640396e-01,1.504687438249741049e-01,4.993002928660444928e-01,6.375965122134623631e-01,5.303989396897924591e-01,6.094508987805183908e-01,8.196577431903540045e-01,8.103418214228077510e-01,4.004681273481081050e-01,6.235974248345919069e-01,7.126428462745633130e-01,7.425030610221149407e-01,6.421951487191019936e-01,4.618189678492750083e-01,4.186896416228428341e-01,2.436366368167216245e-01,3.240807694975518793e-01,6.439670846151783756e-01,8.136983427730641871e-01,9.109286084902538105e-01,6.414022735340895176e-01,4.972453726697265153e-01,3.521273369379318563e-02,3.745156717174947802e-01,7.219572097051409898e-01,6.088832077732986292e-01,7.837397945322653880e-01,8.585131879796774612e-01,7.710885937448633820e-01,2.786093876445784878e-01,6.626697671521712962e-01,8.329059149239587123e-01,5.938819912550347135e-01,5.210514977449881568e-01,3.445813195642986049e-01,4.421714037654401186e-01,4.920184724821261568e-01,3.217395266804635723e-01,3.475455127180200332e-01,4.720348374137706693e-01,4.070609667193781367e-01,5.908400143855596642e-01,2.178974093862099948e-01,3.545681935761184622e-01,5.876574389272547494e-01,5.234369316734732713e-01,6.178344292646147373e-01,7.660179703398641848e-01,4.733411628093285306e-01
4.492426896291401017e-01,4.418645994965759161e-01,9.953065152588002062e-01,7.443307726756627218e-01,2.060561393409323649e-01,7.389313218652107107e-01,3.081347946838651208e-01,7.880707428291413574e-01,3.831700501247103929e-01,0.000000000000000000e+00,3.405536996908070657e-01,8.283055065098239300e-01,7.155871933468281876e-01,7.800925222884715904e-01,2.086698434639433219e-01,7.227131138230435958e-01,3.882667691351681105e-01,6.133476923528488056e-01,4.550709008094405011e-02,4.252447859549697839e-01,6.794193547575535508e-01,5.876507448448198279e-01,7.127325923333758251e-01,6.983072218021435518e-01,7.683296218349571216e-01,6.341132078506145353e-01,7.650068715322424495e-01,4.846512791594907998e-01,5.649952821528679836e-01,3.642814289233442526e-01,4.829721228841978853e-01,4.530421361535590941e-01,7.930399606395945877e-01,4.072575289941371413e-01,6.945568448289562991e-01,2.629426552146289509e-01,4.172480709384098208e-01,7.739458091002046070e-01,9.322492988750843423e-01,7.662379952746166678e-01,1.807287832316943621e-01,7.891007563276486447e-01,3.737092750265881280e-01,4.957176433276840877e-01,4.072487494495314331e-01,3.932364926177928655e-01,5.751484155255867092e-01,6.148926354939949768e-01,5.612143932246738132e-01,5.309552902995443580e-01,7.551662591467995789e-01,5.990769736288322767e-01,7.653100222320623480e-01,7.579939448770580679e-01,6.240771845296013698e-01,8.664157137660474239e-01,2.141710489548890872e-01,8.799155103641175257e-01,5.571714416335123987e-01,3.091475794466566618e-01,7.567313211232991055e-01,7.561295365885194464e-01,3.287826466373847123e-01,4.293421178804613936e-01,6.259950522596280376e-01,7.896711297872178736e-01,7.520546912315951849e-01,8.004218119214834282e-01,4.584234365894475638e-01,7.982530938752754324e-01,8.204028740898119398e-01,5.144975485862660625e-01,3.638180561795567591e-01,7.249111151014390186e-01,4.385405272841240709e-01,7.535514404864775972e-01,2.895556728074753089e-02,5.471537810254583079e-01,5.539677280091565015e-01,1.931306735087530424e-01,5.272985876760644119e-01,4.932499374059780006e-01,8.236171930737959945e-01,7.603347957293662418e-01,5.098442303491539374e-01
8.994146626557911750e-01,2.913144922342954524e-01,6.568835466689944003e-01,9.629120035150067203e-01,8.243932472370901765e-01,5.518035806346206495e-01,7.726059418591242345e-01,2.667976879527240164e-01,7.549493044416595300e-01,3.405536996908070657e-01,0.000000000000000000e+00,2.161274144680585263e-01,7.738596118561351656e-01,7.881780399968814077e-01,8.321602664492245838e-01,8.826954569925419269e-01,7.584166944140535715e-01,2.331354760473222099e-01,4.873720183389551597e-01,7.933471961890361523e-01,5.722937525964846284e-01,6.408052497906620015e-01,3.842039509476936621e-01,9.246283571364589671e-01,5.621097672246289090e-01,9.474777893512631444e-01,7.981260731724069135e-01,7.690354396482005361e-01,4.231525203110257927e-01,4.144761319606521943e-01,1.568175869967840252e-01,7.673372440637973302e-01,5.533942677391924247e-01,2.326600054902246972e-01,4.053213965310178968e-01,7.357549371341191857e-02,4.276152624845665495e-01,4.824476534321056054e-01,3.603396384123301877e-01,8.508536582459482744e-01,4.649952042976756572e-01,7.015018288267834690e-01,8.894765566871321028e-01,7.273805171714442519e-01,5.448427141624171410e-01,4.590248991442900106e-01,3.869847319909230365e-01,4.760753730740500123e-01,3.077001026136011452e-01,5.550441725327504017e-01,4.517147840917872248e-01,7.575908978070591271e-01,7.193615459626261366e-01,4.392324377490341991e-01,4.277881701275076387e-01,7.449751368646474470e-01,4.879084398027808689e-01,6.878946519583314378e-01,6.382268965212930523e-01,7.672403806636879375e-01,6.911872390517254106e-01,4.644650093814316483e-01,7.055225353187157822e-01,9.510319095845066739e-01,7.795577483749531744e-01,6.436649060418321300e-01,4.119858790897740763e-01,4.802383784664348565e-01,9.889803041062507072e-01,4.601759028037117893e-01,8.949849380907803909e-01,5.212367490140354942e-01,3.219645674881985165e-01,1.175061589089532258e-04,4.061280505174305611e-01,6.088030464854113921e-01,6.931469352999932720e-01,5.943943698721301239e-01,6.995131899717346169e-01,1.148570064818648165e-02,2.009145212015136794e-01,7.916817107661355823e-01,7.564703415204909742e-01,7.827555760995695833e-01,3.065817670238351056e-01
6.691485507388001963e-01,7.650686738303281720e-01,8.553067680581216692e-01,5.864257870881450785e-01,7.739020558038075537e-01,8.649288060875638395e-01,5.748268638465972025e-01,7.896344286621963526e-01,2.261769813039443133e-01,8.283055065098239300e-01,2.161274144680585263e-01,0.000000000000000000e+00,8.398594271875214901e-01,3.113959462679314893e-01,9.450804867759705630e-01,4.606848944896185793e-01,8.021360290129193604e-01,6.735118987962013248e-01,3.296617981256725893e-01,9.851196757900069212e-01,8.799683680978073186e-01,6.228783290862250910e-01,5.595858569126939130e-01,8.871907983929384622e-01,2.878287567426923710e-01,2.954222176955336177e-01,3.540941734835981736e-01,6.303701080800446777e-01,4.330288267125755874e-01,2.942221366425561979e-01,2.193573803581772286e-01,5.405685495121747008e-01,4.504940207390640272e-01,8.037117112397180740e-01,5.191073131874147650e-01,5.515793766757635108e-01,2.100896861498432189e-01,6.988985273782959418e-01,9.622771033620954872e-01,4.066254039371635098e-01,4.604102310288135103e-01,8.927461604164979025e-01,8.910073254250756580e-01,3.256962463544444963e-01,7.795458625905136163e-01,7.521884952776459743e-01,2.931879571736686341e-01,6.383933869279116990e-01,6.605617446000898452e-02,1.864238113506705430e-01,6.000254963714826695e-02,5.562057354202190051e-01,7.860283486244802331e-01,4.884071530131870453e-01,6.980890162061168525e-01,7.296884131765352111e-01,6.411909527143883070e-01,3.936135247377747781e-01,6.988238389392070760e-01,5.189293749995909089e-01,3.085697658848781111e-01,4.348011506796570780e-01,4.758266065704063741e-01,9.132369606771926218e-01,4.510890026416388143e-01,5.706317304819306102e-01,4.213107253853891621e-01,6.118147499985646665e-01,6.695024671469241850e-01,7.313634892082536698e-01,4.779958734840932810e-01,4.206701348813368657e-01,3.127157282049373710e-01,5.441835273020807495e-01,7.740106750715112227e-01,2.842703555339409771e-01,7.029708151229779878e-01,5.389459518256681791e-01,7.810731577556513372e-01,4.066246225744213905e-01,6.647615345291530975e-01,7.430282485992331099e-01,9.220767045851947508e-01,1.075594927208185780e-01,7.999767938222396291e-01
8.485817361352971933e-01,4.117825289533345035e-01,5.792929359760117247e-01,7.138006075460638922e-01,4.755638994186395796e-01,6.359898982585835414e-01,9.345996030887280259e-01,9.906053099252234428e-01,5.621732321977610525e-01,7.155871933468281876e-01,7.738596118561351656e-01,8.398594271875214901e-01,0.000000000000000000e+00,7.795791922404997631e-01,4.096944553038198711e-01,6.725157619996458003e-01,5.654948841530325065e-01,6.038142473059612270e-01,6.773374015676451032e-01,4.150993886830833812e-01,8.338681727915649988e-01,9.899706355017062753e-01,3.644659219475149259e-01,7.179649478899533532e-01,7.917870145610719224e-01,3.372080743072569664e-01,5.487470523875602746e-01,3.114360397949038073e-01,5.222954643129145147e-01,3.674471814380301238e-01,5.793573305981093435e-01,7.881650437463081360e-01,3.554888586733497835e-01,8.565808678821384969e-01,6.127915083089742199e-01,7.344819123140041706e-01,4.039336817431514182e-01,6.963649028745525493e-01,9.709636555131686553e-01,6.978141504937619422e-01,8.706180388808591741e-02,7.086057552068578680e-01,7.030899310704759042e-01,8.586339392058146558e-01,4.369735236123776234e-01,5.874832365079913910e-01,7.202924625073452436e-01,6.435169513351043369e-01,2.441717400264959148e-01,9.456298681683733554e-01,6.306326295121764680e-01,5.014784297601390106e-01,8.332729590204559500e-01,6.875283630522486256e-01,9.430809234491327464e-01,4.590052044852420132e-01,8.736228495216671330e-01,7.156887464449793734e-01,4.593292195015694634e-01,7.533367032312030531e-01,2.348564241376601691e-01,8.686393301328693139e-01,7.124449548830907863e-01,7.153642561895148244e-01,4.242887563905614057e-01,1.637801298622552082e-01,8.976163003290021924e-01,7.061161865417711070e-01,4.524327593998724306e-01,4.025966341961397799e-01,3.033199901804675136e-01,7.456715394041730782e-01,1.693607361251769916e-01,7.393806014500257096e-01,4.323122312285050395e-01,6.269930905346708938e-01,8.542133548393555653e-01,7.242614766503868706e-01,1.580080475584806354e-01,4.544671350206561100e-01,6.314321147508700216e-01,7.736483289609602521e-01,7.808847198322913519e-01,2.483834717876549913e-02,7.043169227099749241e-01
3.716999315428899386e-01,5.475289901863130693e-01,4.088177986167828015e-01,9.525585916531884578e-01,9.255448221216648896e-01,7.817618492503550787e-01,2.131419037778181091e-01,6.145618594981444582e-01,7.119418811443009032e-01,7.800925222884715904e-01,7.881780399968814077e-01,3.113959462679314893e-01,7.795791922404997631e-01,0.000000000000000000e+00,4.398443335917457953e-01,4.270336517336829063e-01,8.660581318819847718e-01,2.171693334444025347e-01,7.567699841319687204e-01,8.121314403473054444e-01,1.871585193882636597e-02,6.437290289200029436e-01,9.031153587411208106e-01,7.420564371619813304e-01,5.781398458575816024e-01,5.250358303882183275e-01,3.716103659109772916e-01,8.918874777175033186e-01,1.947332504184073332e-01,2.909880498312454322e-01,4.996322336033415246e-01,6.805408179511197586e-01,6.235649705086451222e-01,9.718098886604012998e-01,6.814609430730519390e-01,4.495866290052943359e-01,2.926177376817458153e-01,7.228623367475468520e-01,2.080438188623857099e-01,7.346670659954014360e-01,2.362146005087553402e-01,6.200925620270397731e-01,9.760962310516553275e-01,6.009027883686182125e-01,9.753398076033468200e-01,6.900461675562897801e-01,2.900957422817156961e-01,7.687368692178537799e-01,6.266116567103771073e-01,6.819484222484709646e-01,7.199594803152533640e-01,5.580380486300895448e-01,5.382011782858830973e-01,6.817341014121557352e-01,2.305110885748694050e-01,6.255363516294725201e-01,7.335899696990137997e-01,6.728946804488200595e-01,6.679025242719633937e-01,2.617726333150204865e-01,4.375287412504882401e-01,7.173768943553616717e-01,6.923031601152349612e-01,9.571564141080827204e-01,6.915705151247346638e-01,2.991087039075733256e-01,9.144734970152477160e-01,8.100970249843952864e-01,1.722377777683565814e-01,7.200678320553164369e-01,5.470697562553451521e-01,5.223979530943945182e-01,7.771201502769726766e-01,4.718908942352239566e-01,6.155982835437804335e-01,2.158355982167922404e-01,7.647632832530196767e-01,7.271169626816330611e-01,4.018313993207078272e-01,4.456772894079741310e-01,6.641192948028687981e-01,8.586467885946018619e-01,8.616649350554366205e-01,2.113581007575170145e-01,7.322187610105534983e-01
9.314524886329160758e-01,5.241687650226903861e-01,7.266916111788093158e-01,5.140105446702505354e-01,4.049965527605441928e-01,7.301527186674859893e-01,6.787886057592917854e-01,5.156783045546449173e-01,8.215857640274096818e-01,2.086698434639433219e-01,8.321602664492245838e-01,9.450804867759705630e-01,4.096944553038198711e-01,4.398443335917457953e-01,0.000000000000000000e+00,7.935476680961127682e-01,7.893904044592837677e-01,4.473236465019713171e-01,3.078480970210502043e-01,7.625701080360193229e-01,9.209908888350261114e-01,6.219023458866117515e-01,4.165206046698655684e-01,7.847310445504609433e-01,2.683047854862602999e-01,8.450835562776293219e-01,9.169171479644638856e-01,7.351937472748238944e-01,3.179944459417912150e-01,2.706268613761180289e-02,2.853123169251632618e-02,3.475309404339380626e-01,7.125876750107509872e-02,7.509101826574204885e-01,5.615361623861316875e-01,3.087460929005641022e-02,4.981969833440473838e-01,2.977511029301053713e-01,3.724407404753814488e-01,4.356444064428486307e-01,2.633709500546020932e-01,4.038682949520097654e-01,6.387669868420350339e-01,7.155082026556752739e-01,2.273563531684466565e-01,7.788460504739820323e-01,6.277495180615242365e-01,4.224134021394764793e-01,5.363377450998751961e-01,2.516779956726379330e-01,4.815569974268142373e-01,7.191252397905045779e-01,6.067693692620711454e-01,2.924981214980953981e-01,6.309131239777975297e-01,8.307318586886872636e-01,1.567447527675452645e-01,6.992068056694152878e-01,6.356703126247404967e-01,3.420938398189926621e-01,2.378552765359772392e-01,4.007158451907621433e-01,7.958890642605487287e-01,4.520509265461592485e-01,8.594477236216938598e-01,6.494009879262435669e-01,6.922087299455864651e-01,5.741779136819610274e-01,6.086174170950960083e-02,3.377299703512460782e-01,8.457541163011705887e-01,5.500308452457827180e-01,-5.292167182777565704e-02,1.007398892179585809e-01,3.605652076343722756e-01,5.836730890855726939e-01,8.962390393289444424e-01,6.831632806262567525e-01,1.468233828901184257e-01,7.998924464646689492e-02,5.242122602510155410e-02,9.289003020087670537e-01,8.046051955668720446e-01,7.019983780815440833e-01,4.678380399478252460e-01
8.027811560660502721e-01,3.549834002041859504e-01,9.875276717106473701e-01,6.978084489703552107e-01,7.235645358298681273e-02,6.548717901472734804e-01,9.754233581807526532e-01,6.086318891886264293e-01,7.864392343894255344e-01,7.227131138230435958e-01,8.826954569925419269e-01,4.606848944896185793e-01,6.725157619996458003e-01,4.270336517336829063e-01,7.935476680961127682e-01,0.000000000000000000e+00,6.542463733637442491e-01,7.198088009149629096e-01,5.191980805350200345e-01,9.607424773858563860e-01,6.374225633184684714e-01,7.043575846657156303e-01,4.448408731939011429e-01,8.338116435804118209e-01,7.618135887778254567e-01,2.657360944666508074e-01,6.877676064552157298e-01,8.474726993154758636e-01,4.821863675718723874e-01,-2.660589650324629574e-01,5.992316899383448581e-01,3.123617983665667452e-01,3.323320454056046258e-01,-1.689874733512361504e-01,6.719993067237799433e-01,7.707689975313651853e-01,3.138824619982974462e-01,7.566388592615658215e-01,8.286334339080744238e-01,2.772707126688036539e-01,4.405069511642122904e-01,5.999633461547820845e-01,5.261531176362548301e-01,7.917570322720014486e-01,7.140101325890702011e-01,7.845609829278779035e-01,7.721905353255594795e-01,1.560625000757821512e-01,5.752940239637390762e-01,6.028747509562638607e-01,2.984847281859960844e-01,5.510486045838858260e-01,7.873574914591429108e-01,5.918280405135083466e-01,6.275612318294353509e-01,6.005433657245980994e-01,6.938768679736483369e-01,3.282653816689731219e-01,-1.994331104144623223e-01,3.648768235698551243e-01,7.656080583372741888e-01,4.697851240919255766e-01,9.134546929153600781e-01,6.533763950593148850e-01,4.972752978738318452e-01,5.585748601029633109e-01,2.030790300320247099e-01,8.035928720859930596e-01,4.249460259619569635e-01,7.445532256450565489e-01,8.966970606833741808e-01,6.003494979093254580e-01,1.462695535015401116e-01,5.823776927035572148e-01,2.629549901826969682e-01,4.368612690928468378e-01,8.855788147405139199e-01,5.471904219968064531e-01,3.681062289192570391e-01,3.537076156690411866e-01,2.014329617955844809e-01,6.113645724383056645e-01,5.634017006745435374e-01,9.478410827359725621e-01,6.466248594490547896e-01
7.058709379747475365e-01,3.697563969593310462e-01,4.713119838018872132e-01,6.991235676682756583e-01,7.028145359747858256e-01,6.224662178030345716e-01,3.438481389883141226e-01,8.032933995890886303e-01,4.583954537520132377e-01,3.882667691351681105e-01,7.584166944140535715e-01,8.021360290129193604e-01,5.654948841530325065e-01,8.660581318819847718e-01,7.893904044592837677e-01,6.542463733637442491e-01,0.000000000000000000e+00,6.779531901128101889e-01,4.877607818480617086e-01,2.299248293389161146e-01,7.987831826939377766e-01,8.919654583011352722e-01,6.300702800515256552e-01,6.643606386862980218e-01,2.034606288109173100e-01,6.927169411841389568e-01,6.727890413419430615e-01,7.007932673125899514e-01,2.964004593645573893e-01,7.289451752797765360e-01,2.589215373807497445e-01,8.925571877079931937e-01,9.835946531196020359e-01,4.979502603553865869e-01,6.627219867162384981e-01,9.917960023442791428e-02,6.992755063576887586e-01,6.882124745354445405e-02,9.788675245965180460e-01,4.458444690417942557e-01,4.071238737409939579e-01,8.275926126970843955e-01,9.658006917431889438e-01,7.061591029949285669e-01,4.541084892599143719e-01,7.558543132900191752e-01,6.708317975248389020e-01,9.591408342989833358e-01,8.230394217260212919e-01,8.069571919357576562e-01,4.830328902783080358e-01,5.841427166078215771e-01,9.726613987692569463e-01,5.259889309241544408e-01,2.389273107726495593e-01,6.344072997487784082e-01,7.647698384335701594e-01,7.639431912066672048e-01,6.536113453096574766e-01,2.244345941962153645e-01,2.799962460242396700e-01,5.417304987703273067e-01,6.634614570947130474e-01,8.675295551363724211e-01,7.707977129390101156e-01,4.807054378975755271e-01,8.573796364885921673e-01,3.776464006158789521e-01,7.580691819520088970e-01,4.763275161310683847e-01,7.895821311083722760e-01,4.144534355837422024e-01,5.533671928662275974e-01,2.400361249128794838e-01,5.970954817588199903e-01,7.684745433040078844e-01,7.497693748022522531e-01,6.407082925279204977e-01,1.803139873413863448e-01,2.129801058552130422e-01,2.088217596248957697e-01,5.225161770913545611e-01,8.907744220353184250e-01,5.284925399605847618e-01,7.791845736909965847e-01
4.974251848498679185e-01,7.013604191456246362e-01,6.974330663094712168e-01,7.005946363801868193e-01,4.941702719210670502e-01,7.461765063019105693e-01,6.084834631674543304e-02,5.111889429306637478e-01,5.321281215969653200e-01,6.133476923528488056e-01,2.331354760473222099e-01,6.735118987962013248e-01,6.038142473059612270e-01,2.171693334444025347e-01,4.473236465019713171e-01,7.198088009149629096e-01,6.779531901128101889e-01,0.000000000000000000e+00,5.675579555723185843e-01,5.861846244558968078e-01,9.886027310115346189e-01,5.569155881512242168e-01,8.981073480224632810e-01,8.599137842909930773e-01,6.777776947966935861e-01,4.254941863291025195e-01,9.637204470366967923e-01,5.903952076983929320e-01,2.709984905394287047e-01,7.215485499885189169e-01,5.468909876895010624e-01,6.056241178828889460e-01,6.421587182002023164e-01,4.591652367874911045e-01,5.809392014137418903e-01,3.245847690739447206e-02,6.184622889138531310e-01,5.077776543581300484e-01,3.785966137930707465e-01,5.536875032105773586e-01,5.042535987371484785e-01,7.465692879439200791e-01,8.675935584763528885e-01,1.437702836562064837e-02,9.967968754877098991e-01,7.090934066267766678e-01,9.907526748363502112e-01,5.681216052461457444e-01,5.495349107460116844e-01,4.816557548664631705e-01,2.941728394563906113e-01,1.241744953295093601e-01,7.969508595751242375e-01,6.297386858188788183e-01,3.276714198082043006e-01,4.318359071590613385e-01,6.641036706695730985e-01,5.026499314796549767e-01,5.360658625603624827e-01,1.810017242139174906e-02,2.503735468648593532e-01,6.108024531185969608e-02,4.912591628099607921e-01,4.654403456679920836e-01,9.989483870288607958e-01,6.522977602856524504e-01,7.523516694226194401e-01,2.025472302628414933e-01,8.378430470042748379e-02,7.212976233792929293e-01,8.239152683242577657e-01,7.512172082063965917e-01,5.859586727196026690e-01,7.188044622192400757e-02,-9.851543883824558090e-02,7.969470133844247517e-01,4.528170112439913186e-01,7.453842470259075537e-01,3.483498840623345805e-01,6.303627409560147443e-01,1.108596036630160875e-01,6.001921946346040482e-01,4.402887403408716760e-01,4.982234520285476753e-01,9.755358445544459745e-01
