0.000000000000000000e+00,9.722516938239833539e-01,9.821944085807579050e-01,6.535656129728142361e-01,8.867844608528078210e-01,9.693843668033456096e-01,9.352030262569638319e-01,8.795721317210964951e-01,8.840104726696446091e-01,8.523953176101088935e-01,7.420924406901517889e-01,4.505774750936518136e-01,8.458196469301778597e-01,8.785277038892194135e-01,4.709028567897837192e-01,9.091582966218650919e-01,3.193907000616417191e-01,6.402892648370495099e-01,3.426693676170775721e-02,6.959986044342284517e-01,6.331973169123650269e-01,5.963926763499688422e-01,9.436581143704817487e-01,6.035180235451943487e-01,4.532475837673921593e-01,6.019437356575981779e-01,5.139573905559655653e-01,6.873119148477112583e-01,2.327772121350684190e-02,3.005740890454737246e-01,1.520032705639997872e-01,2.035113302214286157e-01,1.336054933670983713e-01,7.593853147606475229e-01,4.885964658344185141e-01,3.318381175444718445e-01,2.702783409551366978e-01,6.310634308258026293e-01,9.124741719932935036e-01,7.633538817727447690e-01,4.223230301320126112e-01,8.006993397283649339e-01,4.523376552190782052e-01,7.848050594746319719e-01,7.236574059511450274e-01,7.773632547706440521e-01,7.912603411502829864e-01,7.549580127979996780e-01,8.786618764311101559e-01,2.199888016831249293e-01,4.712425126545505827e-01,4.781380279140009515e-01,6.578922639201845168e-01,2.433442677614440774e-01,8.260067511211787172e-01,9.112909333570115011e-01,7.626936078173442990e-01,9.942991829818874638e-01,6.480334508956189232e-01,1.692138045297200688e-01,4.277460135800649210e-01,5.669042618336930239e-01,3.971139344509576619e-01,5.245297606726223583e-01,8.516798383637338432e-01,2.538873542344656231e-01,8.976296337614458887e-01,7.530703739048376644e-01,3.589242048631309245e-01,6.023546372788142200e-01,7.651641937024562523e-01,2.622172409129785997e-01,6.551917875323629570e-01,4.606749238605684083e-01,6.440720646713773423e-01,8.644863966799902766e-01,4.758906082664441373e-01,2.102299116830009806e-01,1.416396959522482901e-01,1.049433190158444119e-03,4.021496294395208726e-01,4.549969208082112471e-01,8.222569842910443239e-01,8.296482154506054085e-01,7.405801495973787230e-01
9.722516938239833539e-01,0.000000000000000000e+00,8.147580715545789110e-01,9.265989757556686301e-01,6.610339860795364508e-01,9.378644100825848096e-01,5.994520628681329066e-01,4.973696207210391851e-01,4.101707644614907000e-01,7.684811492067421534e-01,8.375156998755328708e-01,8.078039504711803653e-01,4.356314456822039105e-01,6.376747124020851754e-01,9.533216617574866714e-01,5.002537762486012340e-01,4.624746057258515841e-01,3.797532667346438240e-01,9.785488571391052215e-01,9.415222363180805187e-01,5.041868497100669977e-01,5.410551510883878645e-01,3.248829697530110083e-01,8.818407828813775717e-01,3.439076301792987067e-01,8.572534224692894833e-01,7.205691977001298376e-01,7.796013218869795036e-01,2.218985975188934867e-01,2.461418944301793921e-01,2.204486384261329923e-01,5.561259843378181245e-01,6.708199378292609705e-01,4.605846298439852937e-01,-2.631954917716147757e-02,7.972299175773074342e-01,4.498982563222889142e-01,6.880070829215874095e-01,6.143736175326285354e-01,7.173902859618194183e-01,7.755988084112319658e-01,2.719337598210072593e-01,8.595577016997661968e-01,3.998521033322425255e-01,4.532005474494164021e-01,8.328164794974058927e-01,8.353886088743126548e-01,8.443790780896419657e-01,2.291051964487503534e-01,3.766128107091091387e-02,6.186398474985927987e-01,8.345215050494697584e-01,9.214790065251131645e-01,5.341317741720877921e-01,7.468365813216485405e-01,5.386896038321822289e-01,5.705604023198265207e-01,5.704991822604285057e-01,4.929283894104111718e-01,-1.979901180529292093e-01,3.383491660482359498e-01,6.029965822517001639e-01,9.690780534825649273e-01,6.997522840035624858e-01,2.734337768105877808e-01,2.596191186469438972e-02,9.978183007032694896e-01,9.512889807530890973e-01,6.507185479621131752e-02,8.546779898906057271e-01,8.864059477423780198e-01,8.995417769208738923e-01,3.753073228807415340e-01,6.362253640674416788e-01,1.975123591159369182e-02,6.190346289925959811e-01,8.727914288213430849e-01,4.447367831193823062e-01,4.524324186708225670e-01,6.736021726468101045e-01,5.048497709081076895e-02,9.507044378044666733e-01,5.904135163203629855e-01,5.096162979783427360e-01,4.963431945089671893e-01
9.821944085807579050e-01,8.147580715545789110e-01,0.000000000000000000e+00,6.288388762502096219e-01,5.187594034356433070e-01,7.081314012326382912e-01,9.378086199871096262e-01,8.153241181880018784e-01,5.466232038860074915e-01,4.594179567630323202e-01,7.353517171221142235e-01,3.211083541353707549e-01,5.337400371674578814e-01,9.614932676733712880e-01,8.542008926690286552e-01,9.339859079408814324e-01,9.164782716632378090e-01,8.928109008836809801e-01,6.262031930401223967e-01,8.663032067909803846e-01,4.645382743909968748e-01,8.141170367685073295e-01,7.273691453412808317e-01,7.468643057499796400e-01,8.187451404816656897e-01,5.697085442714565628e-01,6.404454135997604824e-01,8.576855079461789266e-01,2.394424120542412715e-01,1.320460154426516819e-01,-8.016609768352361831e-03,9.654563059101093359e-01,9.484223758259000547e-01,6.440245073566850387e-01,8.600958072117546038e-01,5.105251139900005564e-01,4.098100684444536124e-01,5.319474139040376581e-01,6.712427496416467632e-01,8.585063899317539882e-01,7.619842197402435513e-01,7.069462389441002470e-01,6.177817949483428439e-01,6.587987045419624321e-01,9.466605859765513387e-01,6.133657918318583535e-01,8.974680138799326912e-01,2.122993642747780241e-01,7.187606489690506750e-01,6.956756947931516111e-01,4.222489514586889037e-01,8.653166340268491075e-01,8.351016351288513828e-01,6.455063846572901554e-01,5.837297133149349504e-01,7.933433329459225192e-01,9.750176141898055926e-01,4.478789218407481232e-01,7.439391478625688725e-01,2.974362931808099408e-01,3.744289206020443572e-01,5.501243930090925494e-01,9.703792487400775268e-01,8.417330128250875010e-01,8.737188918182082764e-01,4.108263311481980540e-01,7.438127606612398024e-01,7.806982083329794264e-01,7.868628187498437621e-01,9.436237879624027602e-01,5.567740699161831675e-01,2.563649435487920791e-01,8.869681701799396745e-01,1.918535109179821951e-01,9.644031384500572068e-01,8.311835402751417412e-01,8.230258828745357080e-01,6.848521355359636908e-01,2.933004101902162430e-01,1.473558174630090478e-01,6.845555268240055558e-01,6.391793844247695144e-01,9.125524216938472044e-01,7.620499418340369591e-01,7.573039562335203145e-01
6.535656129728142361e-01,9.265989757556686301e-01,6.288388762502096219e-01,0.000000000000000000e+00,6.382442178304164049e-01,6.467461753754164544e-01,4.184988267455724276e-01,3.187583221124203892e-01,6.605261487462392722e-01,4.869203915434193175e-01,9.110745469698343646e-01,9.847311363248678617e-01,8.622736728469506673e-01,5.212549595901364574e-01,5.919228532480145244e-01,2.740124716577699848e-01,7.498868542218954936e-01,6.693385828729996323e-01,9.605983962067312643e-01,6.878851356045186938e-01,8.974411064600997801e-01,6.425532814067453913e-01,6.443933676666566690e-01,7.873812356779017474e-01,6.758094199230507693e-01,4.785393735424873785e-01,6.537232274947619715e-01,9.224858455468377683e-01,1.353819383485983241e-01,5.101269123890687096e-01,6.214268455514002643e-01,6.098716523516406474e-01,7.180287393108291116e-01,7.514961996928080090e-01,5.037506971396827904e-01,2.334237257290105172e-01,4.567998034775329619e-01,7.904683988116024684e-01,7.738877880009310539e-01,6.204875780860922285e-01,5.279041298441984331e-01,7.342798863401871490e-01,8.662389430698348436e-01,4.765353788777090815e-01,4.016795128851277097e-01,7.871878953885906860e-01,9.838835151965350523e-01,7.779658695943825197e-01,6.535775287671377054e-01,5.355018853047621707e-01,6.451043576770241206e-01,8.162402579955068127e-01,5.244495870070422505e-01,6.839748876324892590e-01,6.009282311202235327e-01,2.791679440686942737e-01,8.391567970384633535e-01,9.571378211189859320e-01,7.785092496651656591e-01,3.265047793576101309e-01,5.034311142636009873e-01,4.941835420619901109e-01,9.791874665448265791e-01,4.873592265401247570e-01,6.210378167421056750e-01,6.397505776680207923e-01,5.696437476339559769e-01,3.087630972244772565e-01,7.443626115937993504e-01,8.147700909969194383e-01,9.850737752604975528e-01,6.975598104053495341e-01,4.218417102667397223e-01,-6.056506984622697654e-02,6.567733603279070076e-01,4.194672502391987301e-01,7.836369119307500242e-01,5.439290901633713204e-01,2.780774754351786338e-01,3.521786192426674678e-01,4.350455987496022470e-01,7.630553185035384711e-01,6.072531983408677725e-01,3.042212914246982258e-01,7.658472026322091786e-01
8.867844608528078210e-01,6.610339860795364508e-01,5.187594034356433070e-01,6.382442178304164049e-01,0.000000000000000000e+00,4.528766558335141634e-01,7.734778767425843915e-01,6.317402075279998641e-01,6.334548767351334542e-01,6.672630266100565422e-01,9.277443993757232832e-01,7.482623387369995438e-01,9.012981603130354458e-01,9.033900501921602322e-01,2.727405910986427928e-01,6.668381941919776512e-01,6.396796664754254014e-01,7.478355457051970578e-01,1.596142149251498776e-01,5.079959846803160373e-01,9.891247763077982702e-01,7.207499828550080201e-01,6.760142946872206293e-01,9.170831214866976833e-01,-1.540636836021113676e-01,6.392732314960030138e-01,8.995171819966906179e-01,7.453858790041301141e-01,3.095961338789416373e-01,1.995035197075709088e-01,2.868136235757798858e-01,6.325730058567816672e-01,8.029041777215280007e-01,7.866418457252264407e-01,6.021884050396928423e-01,5.920500975174487479e-01,4.160312715682489837e-01,3.948766989359451252e-01,4.210677984680651909e-01,9.694110858039276524e-01,5.837896970765220628e-01,3.112609482899304503e-01,5.642945928502561825e-01,6.724815318667956010e-01,8.869488750667737786e-01,3.336064810055108243e-01,5.655286075402357060e-01,7.824254460124272503e-01,4.617064688503496050e-01,8.610578485682955918e-01,7.969802861390040682e-03,6.121431485547519369e-01,6.581218990651676037e-01,8.649201959117798211e-01,6.043536936624218647e-01,6.742519168156646536e-01,6.898416192191433316e-01,5.905325960788775363e-01,4.303322747017157557e-01,4.483559654009891537e-01,4.761008291853717767e-01,4.588419948500678247e-01,4.527925158141405393e-01,7.935491242000025647e-01,7.496861172744253565e-01,2.784440516647793129e-01,7.580987430885928191e-01,9.900270478776211913e-01,1.693808592392624379e-01,8.507191199276008531e-01,4.601916907635250631e-01,4.278072740351452352e-01,9.622265256940841505e-02,3.654538358537989806e-01,4.254522598459130056e-01,4.603879185043968647e-01,8.637593527936565652e-01,4.987294325497195202e-01,2.827598577559676252e-01,2.733015374112250373e-01,4.895959846949196059e-01,3.633740568312756603e-01,5.120464461633842390e-01,7.040489242861940333e-01,2.185614208077155118e-01
9.693843668033456096e-01,9.378644100825848096e-01,7.081314012326382912e-01,6.467461753754164544e-01,4.528766558335141634e-01,0.000000000000000000e+00,3.384519384591593294e-01,1.875887246205276693e-02,6.459173149312407158e-01,9.431517672524922791e-01,7.880103710300694342e-01,9.761869763453147053e-01,8.470216957698638582e-01,5.259804806750953965e-01,8.325226752930144913e-01,6.878843382184313127e-01,7.501703725035442361e-01,6.106665508877177073e-01,7.728630707954173840e-01,7.380699188977667413e-01,7.294823877663025868e-01,4.730582073373816865e-01,4.996136507607490951e-01,3.676659447470151942e-01,7.875583663114973376e-01,6.798142016149515410e-01,4.436741644092158654e-01,7.785431809187057794e-01,3.971384366450269043e-01,2.315537845080399004e-01,5.308184453390815127e-01,3.434717542547878200e-01,6.176509708809024835e-01,6.256151824996408761e-01,4.913947487209741061e-01,4.385859120476167661e-01,5.154530704572973798e-01,6.566268377233194231e-01,5.896578889311392402e-01,6.761213864401460771e-01,6.227086017122407391e-01,2.190363479856510531e-01,8.401098825336184017e-01,-1.127751735757169110e-01,8.284581608385078733e-01,4.248543355794605070e-01,3.138094014728975978e-01,4.713372642707052695e-01,4.922845482205509549e-01,5.161386651286498095e-01,5.987502603797923983e-01,4.791312244958665922e-01,9.528077882198322524e-01,4.708829371722801915e-01,8.385870991724273527e-01,2.404978149412131672e-01,6.540543246702961167e-01,3.073398467796982780e-01,9.969436755691122309e-01,1.805351423402756783e-02,2.716606350559035432e-01,8.399934477910854236e-01,6.720072050130979635e-01,7.176295840122953740e-01,5.550594657079197525e-01,4.973974744871074716e-01,6.071281511029360534e-01,9.636119411267179968e-01,6.856908071855193354e-01,6.348864713897584000e-01,7.840037915698011561e-01,5.395070492613847080e-01,5.939802931780888695e-01,1.008760368479728192e-01,5.004976423425033794e-01,8.072989673470668537e-01,5.498949731115813089e-01,5.356502564296716784e-01,1.558398078869480952e-01,2.206475988923968234e-01,7.360692057559869994e-01,1.309688945310474861e-01,6.045035411015063920e-01,3.408007747862623615e-01,6.205950803308928343e-01
9.352030262569638319e-01,5.994520628681329066e-01,9.378086199871096262e-01,4.184988267455724276e-01,7.734778767425843915e-01,3.384519384591593294e-01,0.000000000000000000e+00,2.554255014666965695e-01,3.405927708722009672e-01,2.771382258662367648e-01,4.962761456482591149e-01,2.383918814686011856e-01,3.995509036807106118e-01,2.504872769122173937e-01,3.221911611463157410e-01,4.251116169176469839e-01,8.776946471190910648e-01,3.331535877263881451e-01,4.135056070567398323e-01,8.255260095626069106e-01,9.958527950168114540e-01,5.104527675883603344e-01,5.936363681035206064e-02,8.039414252670931127e-01,4.889303454905524760e-01,1.947009226038644014e-01,7.669735895159408567e-01,2.701050284366744436e-01,6.925660080879963987e-01,-1.219951696632345511e-01,4.090825155572914706e-01,3.753693231118535589e-01,3.683824729188043268e-01,7.789500301298629692e-01,5.651958605388567314e-01,4.087870122495549374e-01,1.579739677740533699e-01,6.857846754488764462e-01,7.107434991046595041e-01,9.031962492810952092e-01,4.920462189729872260e-01,6.081157256055075289e-01,8.452907251966867985e-01,2.140837955114027191e-01,9.055641360008881424e-01,4.753459630406805525e-01,4.271651126062077086e-01,3.134828373336711049e-01,5.176021852997442219e-01,2.094579901913425635e-01,4.460223571765567496e-01,8.398905036674456648e-01,4.959936527640915888e-02,9.437835170673365415e-01,7.138356867428617969e-01,7.734216579465386099e-01,4.086831388606678717e-01,7.768225987205006344e-01,8.320171415319078667e-01,2.042446955891342730e-01,2.315096029630019925e-01,7.044689590753175912e-01,4.645850206159471418e-01,7.178286795169550594e-01,8.840789141348821545e-01,5.549593844677704890e-01,4.468623541762430929e-01,7.815329592412472159e-01,1.864748883585780614e-01,5.969312516014810832e-01,5.649842674983540647e-01,4.044226225431924449e-01,4.009046695250897407e-01,3.142679991015295826e-01,6.713896448943200701e-01,6.320837786076169973e-01,4.587840385585474912e-01,7.067588266696973598e-01,2.232403761239469264e-01,-3.285889618397141998e-02,6.564923646409820401e-01,6.258252738696541417e-01,7.163932229047162981e-01,4.246239198129929671e-01,5.076141670950746754e-01
8.795721317210964951e-01,4.973696207210391851e-01,8.153241181880018784e-01,3.187583221124203892e-01,6.317402075279998641e-01,1.875887246205276693e-02,2.554255014666965695e-01,0.000000000000000000e+00,4.881409342468324697e-01,6.656803955857679700e-01,4.876020943016461384e-01,2.453994948365169904e-01,7.631868254348027625e-01,6.868420922222624458e-01,5.774987172832318771e-01,2.806997542771109133e-01,5.081071711632920707e-01,5.593360707145043076e-01,6.085100588940367539e-01,2.317000121597917461e-01,8.229008542799939319e-01,4.856940053295097925e-01,5.416285835395705517e-01,6.454944539918767710e-01,5.087259422224098548e-01,7.704561538514149710e-01,8.723716624563861988e-01,6.697155926008233617e-01,5.712671538189230125e-01,3.496889137926975089e-01,5.519413009340359277e-01,5.941622010385807506e-01,7.205679404019655898e-01,4.395461475704557919e-01,-9.450820569420471939e-02,4.304749278109324950e-01,4.758178522648293107e-01,6.479454155253270287e-01,5.583574159617900046e-01,7.980714027646730324e-01,3.086811233836339596e-01,7.184590908302592727e-01,7.986981715304899421e-01,3.950722230353242437e-01,6.822964738946469820e-01,5.627528114926114711e-01,2.598385818231536137e-01,3.727332232262374756e-01,1.592957955455796548e-01,7.921104838807091486e-01,5.182001123785283658e-01,6.830302637673690835e-01,2.130618946074149811e-01,5.653658619691006582e-01,3.890770669040888308e-01,2.687843283803926231e-01,5.312394129074659022e-01,5.669569133199601207e-01,6.482106115291417225e-01,5.824278550752634009e-01,7.358025180745394467e-01,5.989414737824061419e-01,5.480442365172994990e-01,8.889584219000179477e-01,8.322547531692332523e-01,6.187084901982962126e-01,9.876298741884941279e-01,2.363956104355783572e-01,6.547469266832184331e-01,6.889497637396068130e-01,4.212759988709026127e-01,8.843517749310649823e-01,3.164488786005297261e-01,2.185331708682048679e-01,1.116415803752558444e-01,2.927008410274423156e-02,7.601713513043639736e-01,4.834152289955900295e-01,5.671016811332552088e-01,5.428323346028387508e-01,5.837948671305604079e-06,8.187283292619319530e-01,6.037480079291452917e-01,3.039978392128886431e-01,2.305554138270052289e-01
8.840104726696446091e-01,4.101707644614907000e-01,5.466232038860074915e-01,6.605261487462392722e-01,6.334548767351334542e-01,6.459173149312407158e-01,3.405927708722009672e-01,4.881409342468324697e-01,0.000000000000000000e+00,4.968956589354828757e-01,5.523539130652632689e-01,4.594374285980464268e-01,4.952961838614722834e-01,4.315974492721891820e-01,7.366854731665077871e-01,1.900910051404567924e-01,6.098710650747647399e-01,7.354326838881870554e-01,7.251863690485091940e-01,3.017664027391192549e-01,7.263558364220354946e-01,5.862810530560730315e-01,3.345179762419469016e-01,9.043555873765665165e-01,2.779584848549577769e-01,3.084539609145983130e-01,6.713899617972411971e-01,5.279480090670465309e-01,2.791144083734134473e-01,3.916424460346671355e-01,4.602955076061441275e-01,2.772569559969351727e-01,6.697997054981260634e-01,5.931288663552135576e-01,4.081134122373696882e-01,7.287674538476654473e-02,1.165482746171343509e-01,5.898001221893476309e-01,5.059238130686060098e-01,7.971163914188692523e-01,5.632714267885438053e-01,1.589180251642637043e-01,9.149116805079651193e-01,4.448054879108236381e-01,7.939109526466383571e-01,7.998354142969801295e-01,6.183424457651054418e-01,5.768677024770314521e-01,6.357113796610628365e-01,6.248558380177552385e-01,4.270383926182373391e-01,7.664580922880314118e-01,8.689091233846137907e-01,6.906167577647522871e-01,8.046312677384276357e-01,6.001105744626176186e-01,4.175958170435590255e-01,3.383584768903274975e-01,5.144330346734176107e-01,1.418221286074139165e-01,4.155894021767344015e-01,5.097068224365416400e-01,4.594418748164288968e-01,9.809188218539393045e-01,8.993496150317239479e-01,9.199790146837831806e-01,4.335721979953328642e-01,8.033635073741614008e-01,5.280508893121916847e-01,5.444017800117125772e-01,8.544071018452132904e-01,4.438166664113867843e-01,6.089569498255076319e-02,1.543316403791657014e-02,6.056446237653820841e-01,1.707006863532340157e-01,7.704141377230615539e-01,1.828937820088329669e-01,5.344492167906638169e-01,6.261317525199305845e-02,5.207137241422985507e-01,7.755417298899033307e-01,8.207379041394391450e-01,5.605911246909097700e-01,6.977175968810768181e-01
8.523953176101088935e-01,7.684811492067421534e-01,4.594179567630323202e-01,4.869203915434193175e-01,6.672630266100565422e-01,9.431517672524922791e-01,2.771382258662367648e-01,6.656803955857679700e-01,4.968956589354828757e-01,0.000000000000000000e+00,6.917641688269595690e-01,8.270729086730939095e-01,6.640247254944132704e-01,6.370724708457314867e-01,4.585112129270675907e-01,2.771161127290218129e-01,3.708977119090265395e-01,9.648483565577088417e-01,5.115280803157720158e-01,4.050771041805324435e-01,3.864287762739226917e-01,7.540423426461240197e-01,7.335505358210550053e-01,7.220416283000008484e-01,7.864953065059950843e-01,6.413729740647826638e-01,7.121697995997350317e-01,3.625677384771914813e-01,6.930783736522351246e-01,1.461608632200259716e-01,3.195392419112285110e-01,5.008374049135152495e-01,6.632311985941184984e-01,2.341892758572013400e-01,7.402901894746297673e-01,-3.475650097941374028e-02,4.339417416897018986e-01,6.987642209329649745e-01,6.730050372109545043e-01,6.373693054515234824e-01,5.761834610866851669e-01,1.576585052910939311e-01,7.280508572888341190e-01,6.649706065434266566e-01,4.845798624162903634e-01,6.329923720602295134e-01,2.425034955276330825e-02,7.178628265732172054e-01,4.102539111863200416e-01,6.522468315649876391e-01,1.280982145441725006e-01,9.641162497899097295e-01,4.261530080710957402e-01,4.573450511773641813e-01,5.975244511961914640e-01,6.580011990760497032e-01,7.052500412291640153e-01,4.114259535322302708e-01,5.795616216549934752e-01,6.671025229781833987e-01,7.116883226028876408e-02,5.590900435599264195e-01,5.743386437656241572e-01,4.592056667389660118e-01,7.822345822173674135e-01,2.474294790912743430e-02,6.578530509184979946e-01,6.955541148558934683e-01,3.917353176916298363e-01,7.616670206062903237e-01,5.157135722924709453e-01,5.793312533366252737e-01,1.614223837493722509e-03,6.087689729323125798e-01,4.593554131501050020e-02,2.128860944266589561e-01,6.868728177983419725e-01,3.152562090636504277e-01,4.574913293988500107e-01,2.396566222546052671e-01,5.794716895909072241e-01,9.060724239315398609e-01,8.536110079895319336e-01,5.821043406347892191e-01,5.238387412116839448e-01
7.420924406901517889e-01,8.375156998755328708e-01,7.353517171221142235e-01,9.110745469698343646e-01,9.277443993757232832e-01,7.880103710300694342e-01,4.962761456482591149e-01,4.876020943016461384e-01,5.523539130652632689e-01,6.917641688269595690e-01,0.000000000000000000e+00,-1.302446621817835160e-01,3.334985907488861034e-01,2.013483948382379651e-01,6.407401446929670286e-01,9.159105579374942074e-01,6.908173318981503108e-01,5.566356871571352949e-01,8.717119527788494970e-01,6.905461436648479001e-01,6.243558595964762148e-01,5.328030818900484356e-01,3.611497950977695659e-01,6.459543627161130619e-01,4.038269225676651142e-01,7.793809452601974108e-01,7.982825125601065164e-01,6.609654770041409888e-01,2.617997846946207852e-01,5.049337049146949141e-01,4.382400033547663165e-01,6.076501472351067967e-01,6.498267496620395711e-01,9.793287997654559485e-01,3.449881249778815606e-01,4.050945879894058410e-01,5.634494937267493508e-01,7.441009935726771163e-01,7.490722498990842748e-01,8.370939698085728686e-01,5.573636199730606089e-01,9.376198307441380164e-01,8.463101981866067991e-01,8.152837555666131442e-01,4.249851188907893818e-01,2.522587037000668109e-01,8.993792443197275999e-01,8.330613466222770436e-01,7.604364560030688613e-01,4.050758829794458560e-01,7.431545789353681819e-01,5.289189183219730195e-01,5.337488791039399771e-01,6.138986191505186873e-01,5.318872564891243826e-01,6.693297585375581615e-01,6.046372140128339900e-01,5.902444684353798099e-01,5.531992699894363597e-01,5.340291774564710492e-01,4.670846753487493119e-01,3.870317387309347712e-01,7.313604478600641556e-01,6.712327841690975960e-01,9.792689558185735388e-01,5.883575761745746258e-01,4.894345786856124092e-01,8.507188084218927360e-01,5.472843865324649171e-01,7.409306860061357636e-01,6.430077565300190701e-01,9.062963855892451903e-01,7.784003066709435092e-01,1.244657708097556548e-01,7.429696834958809948e-01,7.203442770581603982e-01,5.604681240039478540e-01,7.851107721779732040e-01,5.940525151220301669e-01,7.107653626924838042e-01,7.232001034264542438e-01,8.159545607845547499e-01,5.072586535993439671e-01,1.624168335412341513e-01,6.272609092286119958e-01
4.505774750936518136e-01,8.078039504711803653e-01,3.211083541353707549e-01,9.847311363248678617e-01,7.482623387369995438e-01,9.761869763453147053e-01,2.383918814686011856e-01,2.453994948365169904e-01,4.594374285980464268e-01,8.270729086730939095e-01,-1.302446621817835160e-01,0.000000000000000000e+00,4.581947415001366153e-01,7.199343889837059862e-01,5.075038337662626242e-01,7.253033313406334059e-01,8.306759955557406760e-01,6.134164567352534680e-01,5.594146600210954390e-02,8.381827813977066333e-01,7.345749457018526662e-01,5.057456208703416944e-01,6.407275826283368447e-01,8.784271368757183840e-01,4.157525682389357491e-01,4.877984627664797013e-01,8.310047276006088390e-01,7.753748151537740441e-01,3.760957187325566498e-01,1.823877803000968079e-01,3.552705166307306706e-01,2.980858760686534992e-01,4.444266414391684905e-01,6.186540538015020685e-01,1.123409044065896700e-01,2.427316912309276931e-01,2.926317990725790796e-01,7.844597700012001518e-01,4.094892417618739011e-01,8.006430880535602146e-01,2.108863518032595974e-01,5.129690542475404680e-01,7.841495339878251647e-01,8.851024285093941346e-01,7.227657673967431418e-01,4.296241570398477982e-01,6.134250958526776820e-01,4.244287441373054692e-01,4.360652575558824351e-01,6.360010216449397680e-01,7.790908692594262774e-01,4.422417186255734878e-01,8.522415223079864433e-01,3.689246005542388129e-01,2.000043042352708245e-01,4.896959769190939449e-01,5.754375777035901640e-01,6.913120677839180717e-01,7.954194950928319408e-01,9.256082688593268715e-02,3.503332734497094925e-01,5.939810246941090721e-01,5.501072828562478811e-01,4.366388698315272210e-01,4.237726614696062932e-01,6.687848207048397997e-01,8.948152513759843885e-01,4.033741279102472932e-01,2.409026208672832292e-01,2.749462212570524255e-01,1.116115027737811655e-01,2.560873718218760198e-01,2.650014046534409085e-01,3.594071608206904633e-01,7.858426822744670748e-01,6.051568477054158901e-01,7.512722934546571807e-01,2.580433029642987819e-01,1.540434150625974441e-01,5.240561095590753338e-01,4.157431232466545779e-01,8.937015295572334761e-01,2.604551744624027942e-01,4.319638418005296021e-01,7.237870036453952771e-01
8.458196469301778597e-01,4.356314456822039105e-01,5.337400371674578814e-01,8.622736728469506673e-01,9.012981603130354458e-01,8.470216957698638582e-01,3.995509036807106118e-01,7.631868254348027625e-01,4.952961838614722834e-01,6.640247254944132704e-01,3.334985907488861034e-01,4.581947415001366153e-01,0.000000000000000000e+00,6.499090394982228736e-01,2.905489348470538524e-01,9.767674285844865079e-01,4.500185804249818844e-01,9.202349669142706468e-01,3.885075917629836617e-01,8.533198465354520090e-01,9.554824493288514020e-01,8.356639400620379243e-01,6.794590732804973721e-01,8.661328409643974657e-01,-8.982444191724642257e-03,5.171563745349142538e-01,5.345190032822296766e-01,6.730027570262495651e-01,1.095118492707424507e-01,4.063850405316065673e-01,3.273090891902454280e-01,3.431140376535536385e-01,7.914557894418005057e-01,6.203503619823909077e-01,9.554116522474094264e-01,3.476966633557496689e-01,-4.907067489733187848e-01,3.910633858192951173e-01,7.785257794888951199e-01,4.053097738547639661e-01,4.139285858595755374e-01,2.341500445791052931e-01,7.753920997974851348e-01,4.469058789221604377e-01,8.006788395790523927e-01,6.928938976310629050e-01,9.434906262470121874e-01,2.434950287728792628e-01,5.375867819737526476e-01,6.889832455485638274e-01,3.956322932008075055e-01,2.592641824457572186e-01,6.294560721449847795e-01,6.221213643087381007e-01,5.263676997002746383e-01,5.869397382224087467e-01,6.951678634309337301e-01,7.277051532881188001e-01,6.604827110771409604e-01,2.219400376469222169e-01,2.607177840337062125e-01,4.548200462515924469e-01,4.623784146938275108e-01,8.389117145776061601e-01,9.086760191441590750e-01,6.896513489260597263e-01,9.913921203188764686e-01,5.473615623114500561e-01,6.346546172859333090e-01,7.778759354608583143e-01,5.971339346778965496e-01,4.140709086886442680e-01,4.259797748195804923e-01,2.109099825617833102e-01,1.720435303063632126e-01,6.601040164034766011e-01,6.197827360602861102e-01,8.166059495056331441e-01,5.349553958827572009e-01,-9.311305497602656578e-02,7.622953894795500007e-01,9.073861010194856913e-01,7.490017921415341728e-01,7.876502046865502260e-02,7.331282707190192038e-01
8.785277038892194135e-01,6.376747124020851754e-01,9.614932676733712880e-01,5.212549595901364574e-01,9.033900501921602322e-01,5.259804806750953965e-01,2.504872769122173937e-01,6.868420922222624458e-01,4.315974492721891820e-01,6.370724708457314867e-01,2.013483948382379651e-01,7.199343889837059862e-01,6.499090394982228736e-01,0.000000000000000000e+00,7.910856432324337995e-01,2.564767834194043861e-01,8.413243836263631925e-01,4.654323333205523383e-01,6.968538987046265509e-01,7.976416557313297240e-01,7.938094625567597706e-01,9.983048406779985173e-01,7.166340796685971570e-01,8.560188147160304739e-01,7.150285938152137755e-01,1.143515776634448644e-01,6.937361812676936523e-01,6.528378686530715846e-01,4.264373026121048849e-01,1.347189469554005425e-01,5.641947748139370944e-01,3.499886284509340362e-01,6.151666126194378359e-01,8.737695198490659232e-01,4.734785378741440121e-01,3.000456709095282726e-01,1.807149133416946774e-01,9.070628241511362599e-01,9.919084423486489444e-01,5.301300839788763986e-01,6.565506304392360049e-01,7.232736335695368890e-01,2.639713958995036913e-01,6.823618936223945219e-01,4.691597677047704140e-01,7.468614348317903495e-01,5.926904472365518428e-01,9.426786083022695717e-01,6.109428857408399915e-01,6.809998453101976379e-01,8.871316680333557469e-01,9.736468630732469931e-01,8.844377057231699313e-01,7.878866327880025278e-01,9.142127234349671783e-01,4.907080158019780924e-01,5.563323201442591515e-01,5.977262972663803797e-01,7.415833652048856584e-01,6.213406446611793310e-01,3.301236436565540555e-01,7.929669029386767765e-01,9.909934738244843277e-01,9.862755035499143341e-01,6.888363321443378151e-01,9.327514103574953142e-01,8.263684686581085348e-01,7.733848780280110358e-01,3.512804723375247407e-01,5.021048462282504676e-01,8.730040248765307265e-01,8.051669611072925781e-01,2.661841029410734749e-01,3.769851121046279285e-01,4.368054169459649194e-01,5.327189265239962168e-01,9.311162006406936698e-01,3.768471224449194690e-01,4.591741659664501096e-01,2.021256856160643378e-01,5.623811620406693468e-01,6.766368292402991091e-01,2.417136680652971770e-02,3.562050124919149408e-01,6.795841053012467992e-01
4.709028567897837192e-01,9.533216617574866714e-01,8.542008926690286552e-01,5.919228532480145244e-01,2.727405910986427928e-01,8.325226752930144913e-01,3.221911611463157410e-01,5.774987172832318771e-01,7.366854731665077871e-01,4.585112129270675907e-01,6.407401446929670286e-01,5.075038337662626242e-01,2.905489348470538524e-01,7.910856432324337995e-01,0.000000000000000000e+00,3.624587695752504724e-01,6.309325215530002806e-01,7.681280102491936379e-01,7.037062096947932499e-01,8.851614511018395248e-01,7.968770635584385698e-01,3.137391011180490352e-02,4.172762408056541195e-01,7.998522522969941928e-01,2.623675741717628185e-01,2.022995159336739568e-01,7.502267818106594932e-01,3.882727812490492370e-01,4.503534047003037721e-01,4.184546093344497786e-01,3.738738407728305901e-01,2.980863858256866950e-01,4.379916067382572109e-01,4.965391580885945011e-01,6.270460325207458663e-01,2.546507789614239625e-01,5.389128019517412937e-01,6.068408691215002593e-01,6.541585130836071738e-01,7.419722776479126258e-01,6.602075458943542641e-01,4.441299467927651845e-01,2.315891136657689253e-01,6.556133905801652118e-01,5.324289662433352444e-01,7.804833938230379964e-01,5.135006355404970746e-01,4.688972678161081875e-01,6.507638205066976766e-01,4.305276050375733687e-01,6.491183626670997686e-01,4.440303508226890461e-01,9.583997076521244551e-01,4.089154648310602824e-01,7.625521777100360277e-01,7.599046678342266103e-01,3.754149563681471458e-01,6.045244820965142152e-01,7.790461312400039917e-01,5.802235388784604542e-01,6.241770914600571762e-01,7.650526515040537712e-01,5.322118885869838723e-01,6.436049482304724290e-01,4.763534002934770029e-01,4.503376904700626127e-01,6.048204015314229132e-01,9.874313415177907727e-01,2.719651609602952158e-01,6.706479583002746825e-01,8.316957110544940246e-01,4.081789905249441075e-01,2.223099465806591679e-01,2.162396074808883850e-01,1.729244715550561917e-01,7.440819811985418530e-01,5.358597500515435152e-01,4.841309273059595797e-01,7.766880427000935061e-01,2.629841215286987666e-01,6.279322239879981948e-01,6.736096920673988464e-01,8.072789415111916167e-01,2.964233076839139502e-01,6.814269588164342251e-01
9.091582966218650919e-01,5.002537762486012340e-01,9.339859079408814324e-01,2.740124716577699848e-01,6.668381941919776512e-01,6.878843382184313127e-01,4.251116169176469839e-01,2.806997542771109133e-01,1.900910051404567924e-01,2.771161127290218129e-01,9.159105579374942074e-01,7.253033313406334059e-01,9.767674285844865079e-01,2.564767834194043861e-01,3.624587695752504724e-01,0.000000000000000000e+00,7.335576494377440415e-01,4.631795503121546309e-01,9.753227605931067412e-01,6.766709964561794244e-02,9.868681368815899191e-01,6.108376105664089506e-01,-1.670685817746498103e-01,9.741524335188650463e-01,5.091922075607762110e-01,7.811761351574653123e-01,9.791623950713510549e-01,3.109060435553999691e-01,1.190573301979176019e-01,1.246059267334297949e-01,3.069796586301128949e-01,-8.515546144681382379e-02,8.997653910816577616e-01,2.825584831200353975e-01,7.427159681163620908e-01,4.885318975577604417e-01,3.519510049971590337e-01,7.892071347932140268e-01,6.981803861435523784e-01,9.414633426017680051e-01,5.534590844867305348e-01,2.829824453837511689e-01,6.127473385178424659e-01,3.846386873283682006e-01,5.310945428702229520e-01,1.803931813173724821e-02,5.597246281070886731e-01,7.511207072284258324e-01,1.905252147365386339e-01,1.692838274185553063e-02,3.151361194875692551e-01,7.642940299388076841e-01,4.922741425700403184e-01,4.097274827658922147e-01,9.726865334981953382e-01,5.367137734506770563e-01,4.908030426504493837e-01,5.598398996374598369e-01,8.222369255194020843e-01,5.282617423866704520e-01,2.178863137746094303e-01,7.555144344986053362e-01,9.037725336955703126e-01,4.634726142105729529e-01,8.777305296628812314e-01,8.655724678395876337e-01,6.309246835674855447e-01,8.352378920547367525e-01,4.785788388736714749e-01,6.920355564035831630e-01,9.702973135287409345e-01,7.670233721889050393e-01,6.894431847841939742e-01,2.922094732332451983e-01,2.892247506529790554e-02,6.674110972645357076e-02,8.048521715670433618e-01,5.767507581722077781e-01,8.543084358543993895e-02,5.218556815251034209e-01,5.991001079202664670e-01,8.523610983559352094e-01,9.780659136239132634e-01,2.623835543545310900e-01,5.511718174229094380e-01
3.193907000616417191e-01,4.624746057258515841e-01,9.164782716632378090e-01,7.498868542218954936e-01,6.396796664754254014e-01,7.501703725035442361e-01,8.776946471190910648e-01,5.081071711632920707e-01,6.098710650747647399e-01,3.708977119090265395e-01,6.908173318981503108e-01,8.306759955557406760e-01,4.500185804249818844e-01,8.413243836263631925e-01,6.309325215530002806e-01,7.335576494377440415e-01,0.000000000000000000e+00,4.168774816501829017e-01,7.967223338209112882e-01,9.487897589863789616e-01,7.492282635437620408e-01,6.761486505058087459e-01,9.280327243562633832e-01,7.325927839510965045e-01,5.822455429067884269e-01,8.584778984246059785e-01,4.127602439733615292e-01,5.640002543712736571e-01,5.219842683652520243e-01,4.289656929344329295e-01,-1.424347900854613935e-01,6.640028076647350730e-01,7.418705491439002708e-01,9.776889941623612135e-01,7.272183749281015963e-01,-1.622628965602109785e-01,2.843294006696339693e-02,8.388877833494315928e-01,4.421563685017720902e-01,7.905280483961514282e-01,2.525181032767267464e-01,7.322827930321039736e-01,4.238443035395729197e-01,4.960469996681928229e-01,6.944711091791928581e-01,7.678744609512517805e-01,9.014939500227429070e-01,6.131477052542750883e-01,9.023431118598897183e-02,3.233491532834124604e-01,6.342732736426657247e-01,9.999806034225159346e-01,2.648290632925293653e-01,5.679190237655213913e-01,6.624075927471063663e-01,7.786561903688331565e-01,5.412229131672772198e-01,4.063413046801793715e-01,4.128577977227319007e-01,5.493072313284772523e-01,5.856755270910287692e-01,8.170819272596888672e-01,7.580257007418610415e-01,6.060027778388757946e-01,9.620602215679994185e-01,7.794404115872437533e-01,6.008550938587611245e-01,7.252148973937875276e-01,3.149761149426332230e-01,7.859538271220546379e-01,2.444525679374812965e-01,8.224933625941277526e-01,5.822343129268687800e-01,2.851946423495913541e-01,6.822804223867096063e-01,6.389847649527409246e-01,6.290897331011831017e-01,5.443028789571074944e-01,5.992174520952502359e-01,4.652707543839101900e-01,9.989433942096063168e-01,9.096930684999827710e-01,9.955752822716147366e-01,7.339284605754935464e-01,9.972399604288901820e-01
6.402892648370495099e-01,3.797532667346438240e-01,8.928109008836809801e-01,6.693385828729996323e-01,7.478355457051970578e-01,6.106665508877177073e-01,3.331535877263881451e-01,5.593360707145043076e-01,7.354326838881870554e-01,9.648483565577088417e-01,5.566356871571352949e-01,6.134164567352534680e-01,9.202349669142706468e-01,4.654323333205523383e-01,7.681280102491936379e-01,4.631795503121546309e-01,4.168774816501829017e-01,0.000000000000000000e+00,5.619973582683224222e-01,5.124420689487669822e-01,7.263869626716520367e-01,3.097445087720643309e-01,5.985669130286012107e-01,9.808704883067964619e-01,6.313427135782839761e-01,7.631896955066919119e-01,8.134128358618010202e-01,7.924233240331418626e-01,1.809550394911563220e-01,4.625215604850399509e-01,5.739324774917790029e-01,6.453619479817424009e-01,4.917289516406448957e-01,9.625746824365792875e-01,4.147522120400293222e-01,2.399373970475753293e-01,4.861651794273216254e-01,7.875714586145787788e-01,9.897293565314713160e-01,5.251022650353256438e-01,7.420086799163712055e-01,5.889891296186287040e-01,5.044255717167462905e-01,7.916349083709082191e-01,6.506200418278204056e-01,6.258670928896215013e-01,6.019547430085960826e-01,7.539891836255351310e-01,1.537136697511460315e-01,3.282923495634496036e-01,4.027044461394927444e-01,6.335808104765664472e-01,4.424436766744248017e-01,4.117390251136056056e-01,3.607577595584873786e-01,6.694657417295571955e-01,7.748674870466042419e-01,9.155540748971754406e-01,8.371816148150521553e-01,4.451061010410765073e-01,4.084559695419092140e-01,3.800866062822106928e-01,3.953217267536186519e-01,7.840329607085462227e-01,4.348434128125658327e-01,7.390704224984444570e-01,7.360747136474410368e-01,7.112906457251100267e-01,4.788242610051193782e-01,9.267161414975081390e-01,8.971937705318736578e-01,6.205870346678076244e-01,4.617515003696790465e-01,2.240758471264586715e-01,7.624765058513990335e-01,2.629023043914825442e-01,4.364187083112170407e-01,6.000030931823606695e-01,6.298989809933599471e-01,4.199716362755226418e-01,5.402127343585214625e-01,5.628604326588192430e-01,4.606290444924918126e-01,3.019398538677284805e-01,2.987473623849850601e-01
