0.000000000000000000e+00,8.147545877722027763e-01,7.014419119753930731e-01,6.086427822040872959e-01,2.008722100248517273e-01,6.732281074919641561e-01,9.298576339743135355e-01,4.982086753018156733e-01,5.658430359988614322e-01,7.824190154570915823e-01,2.384751654475380511e-01,4.443136692119751818e-01,9.173867700084518129e-01,9.522523768577964010e-01,4.176878735732205139e-01,7.570613030597788118e-01,5.588931550198157350e-01,4.202842713344457914e-01,6.756946508303129928e-01,4.644351770667209389e-01,8.237621024216561505e-01,6.834808485725391014e-01,7.679013377093678594e-01,6.602378441384872954e-01,7.824631670611021939e-01,4.946519810843661991e-01,8.019121535697053549e-01,8.291648666400422973e-01,3.112407378512341838e-01,5.611469545311282836e-01,4.851087302569772053e-01,6.932395019398153169e-01,8.297961372437172578e-01,4.281974467641557758e-01,6.605616814531266590e-01,2.266335987270601815e-01,6.691559581711579163e-01,6.609003662931955958e-01,4.045957187757469042e-01,7.968666325792026495e-01,5.031649823960862022e-01,8.345084644036648847e-01,8.353774878005347793e-01,6.146635814259800989e-01,7.652747337867857880e-01,9.932702532601045409e-01,9.299042674589954594e-01,6.640174270570693427e-01,9.728880477192267673e-01,5.707399500678096427e-01,4.981722343849786516e-01,9.968840492554544852e-01,4.731239990381034266e-01,7.534292137630376196e-01,3.983371814224977436e-01,7.299744623089429174e-01,8.751144590340652618e-01,9.803901582712767349e-01,2.852990604972801547e-01,8.284475422701661484e-01,4.171393228562979560e-01,6.741463574577026829e-01,4.997063839213604086e-01,7.220462272073532306e-01,6.101687515884933743e-01,9.451734437849539372e-01,4.913872460066695536e-01,4.015507148330326737e-01,5.964265187398006818e-01,9.293978800001332363e-01,3.696245698601779983e-01,8.248359518870723717e-01,2.412747182150815073e-01,4.319567761094637026e-01,9.835563086339628169e-01,7.641881144182275376e-01,9.496535628087813263e-01,5.583696107921815033e-01,-9.290463102694562769e-02,1.172261274349445936e-01,5.014594676658813421e-01,5.105269180503695381e-01,6.680763071782018780e-01,3.274108601088469017e-01,2.739867055800079831e-01
8.147545877722027763e-01,0.000000000000000000e+00,6.086187907720541634e-01,1.994947024676343439e-01,4.153912686521901154e-01,5.579222631448235159e-01,6.325463552931630540e-01,2.101278554795922016e-01,7.989159792083011524e-01,3.496415314216956838e-01,9.954048671652485636e-01,5.411284938389888666e-01,7.810188855634121463e-01,7.315239512105529140e-01,6.056821683888727881e-01,6.119561241575913746e-01,6.883771848483138944e-01,4.061340897959822005e-01,1.488990950575805883e-01,4.885588548674880682e-01,8.392799556103877068e-01,6.434228445785469264e-01,7.596857922789518325e-01,7.376467546682461407e-01,5.169109397593532051e-01,4.614159111173319894e-01,7.499006887356558515e-01,9.702313743988053574e-01,5.093883967036281213e-01,6.286286475808658958e-01,2.155318009954619585e-01,2.029289057312368416e-01,6.910657433241759184e-01,7.602465159809929096e-01,3.910515783625007069e-01,2.795711106300738935e-01,3.518896004380610010e-01,3.389900077752607266e-01,4.461409587618917483e-01,2.148500154137251428e-01,3.728238885130167324e-01,4.840149489791291115e-01,8.127064071802168055e-01,5.007083352774777119e-01,4.071137420186789480e-01,6.194595944032520451e-01,3.171826288395543925e-01,5.120323463482653326e-01,4.392879427969527684e-01,6.027593573641923941e-01,6.341541234315408726e-01,9.920800788139361170e-01,5.437006581532904947e-01,4.888219547908442819e-01,7.980265959986133639e-01,8.117334554665207591e-01,8.169463371823821873e-01,7.164408922598564100e-01,9.424826991585616431e-01,1.789417382926285494e-01,6.888598523323188894e-02,5.600030316163784327e-01,5.799942144700045432e-01,8.373038772418855968e-01,9.468358371007362662e-01,4.909243691551595234e-01,6.696644133394611398e-01,8.246541579381433396e-01,4.979346084935073469e-01,4.145848035490415917e-01,5.328088192015216773e-01,7.720526630135122748e-01,6.238562995267513678e-01,7.756523680635136753e-01,5.987529309690414747e-01,7.212743690241425476e-01,6.259787045730607069e-01,5.670803578085883978e-02,2.407727748676047885e-01,1.288072190809903539e-01,7.681314804115628725e-01,7.387477479072872555e-01,8.461788501943664498e-01,5.911763307385264898e-01,1.471887530190652549e-01
7.014419119753930731e-01,6.086187907720541634e-01,0.000000000000000000e+00,8.369388174674509129e-01,1.300807534544494784e-02,8.897719911652660629e-01,7.284762917352052281e-01,7.002353204921272223e-01,8.328327499140867340e-01,8.087741097740489549e-01,8.526753414576745405e-01,7.604103782108283527e-01,9.106397692704224500e-01,7.073133953656028927e-01,4.479092843817334968e-01,4.981597032075211207e-01,7.060311627875218710e-01,8.057171297313702185e-01,9.778310111182149100e-01,7.227715165658502583e-01,5.030981622763532890e-01,7.777062606047442372e-01,6.343692944418590773e-01,9.386126393363717346e-01,8.817550593084746424e-01,3.714317782735404583e-01,4.502339706850843615e-01,9.962949962900022882e-01,3.693751569088182807e-01,3.936994945234875143e-01,3.084639524503808294e-01,9.741552164932671953e-01,4.072000880018613600e-01,7.609965688744968482e-01,5.092336100734414783e-01,3.611436402361792863e-01,7.092980235041854709e-01,4.208865598766237115e-01,4.010330417209043152e-01,7.264527659493673628e-01,8.365282799176783080e-01,6.690784351815738384e-01,6.274050756936068174e-01,7.793841427379378795e-01,7.442590402703956887e-01,5.707322674817951746e-01,5.378363502184998479e-01,8.318834022267842521e-01,9.034138111746041755e-01,5.020962593481970160e-01,3.856314584389211597e-02,6.629569054301873710e-01,4.683503697735891813e-01,5.143684934255984276e-01,7.212665884889907231e-01,6.571031040003036949e-01,6.887453841940005539e-01,7.509668609427145869e-01,6.599187251462825810e-01,6.592505388221659990e-01,3.322471049147421307e-01,5.118701989241467576e-01,8.519267500410984129e-01,4.952653462740461143e-01,9.267399568641243590e-01,8.562568386629098027e-01,4.740506809137735589e-01,7.912372681592871881e-01,9.969395902801001519e-01,3.338178271530212182e-01,5.271625893252133155e-01,9.703064871310215223e-01,1.120698330059325676e-01,-1.065660509565447417e-01,2.413052761159851511e-01,9.680151378495936987e-01,7.448367318812313398e-01,9.001947638751733871e-01,7.598232900036414605e-01,3.052374291091866088e-01,7.118059504008780181e-01,9.223241403624735657e-01,7.814035700950140440e-01,2.519282219478370388e-01,5.893952576164445123e-01
6.086427822040872959e-01,1.994947024676343439e-01,8.369388174674509129e-01,0.000000000000000000e+00,4.111107826029632428e-01,9.874127469031044324e-01,5.313466300044431545e-01,7.847237519274118389e-01,5.676682827696707401e-01,5.025461222340565914e-01,5.955135086549276924e-01,8.839041871700253905e-01,8.125301670225453243e-01,6.746339305593076485e-01,5.996360954566530843e-01,5.600851211488682146e-01,7.225299406942519154e-01,7.389375653636326424e-01,8.677399011825362996e-01,6.637341144832921147e-01,4.339474645170995348e-01,7.093361319788104025e-01,8.417518740039510172e-01,1.627846752033392796e-01,7.384272658535806499e-01,9.972103221107442295e-01,6.495360401811837159e-01,4.286941144690833982e-01,2.305215749212626009e-01,4.095445606477343681e-03,4.104372367843218683e-01,4.981158493836954637e-01,3.531082323483547003e-01,3.929413552228863127e-01,6.597104262364972271e-01,7.763129470138200316e-01,3.179994673934950500e-01,7.425502676093191923e-01,2.963729722349406348e-01,5.573998747002333332e-01,2.527228855526679197e-01,6.096036073087190976e-01,6.138316455855292730e-01,5.535719288104138380e-01,2.824950496621859708e-01,6.469953371864711755e-01,6.615258925408591395e-01,8.326608853111474584e-01,4.894069364569832992e-01,8.873396430524109757e-01,6.331810032646933983e-01,5.321719082237525988e-01,8.012322289227729044e-01,8.960620312071011506e-01,5.084547209363913245e-01,8.283083594973216224e-01,7.032349677066975779e-01,4.162316130962067096e-01,3.883384568005399107e-02,2.902527937579509887e-01,4.277385616251424549e-01,6.690738895751137116e-01,1.501503089929279444e-01,9.179272061739905952e-01,7.229661524397779093e-01,6.734251785462409545e-01,7.244236712907873299e-01,6.935215999335935244e-01,7.389128970352673020e-01,7.621826631653687567e-01,8.874112708984366327e-01,7.935302657825031858e-01,5.040051602437181089e-01,4.721724062012259138e-01,4.273115745885061600e-01,3.559532556380248236e-01,7.758797067423399696e-01,5.097522415222475178e-01,3.735897174831916412e-01,5.499752193511567855e-01,2.500076638069079760e-01,3.553954291116346309e-01,9.564297945098190201e-01,6.643296916266686614e-01,6.320377942349916234e-01
2.008722100248517273e-01,4.153912686521901154e-01,1.300807534544494784e-02,4.111107826029632428e-01,0.000000000000000000e+00,1.069957931348979596e-01,4.149568342059589687e-01,9.254405480752717628e-01,4.532951600424670047e-01,4.717347451142777093e-01,6.236841740076601859e-01,4.917288781109106499e-01,4.718018017565391853e-01,7.477889856333063134e-01,6.055429232923139615e-01,-1.944270292374756515e-01,7.047104528141726609e-01,6.463594475643287263e-01,7.694036923380624948e-01,3.061612108607776328e-01,8.315402835153667960e-01,4.206008405820381713e-01,9.426881100745371223e-01,5.085893907030667460e-01,4.409490119333462910e-01,6.182825347674923977e-01,8.840130746149060803e-01,5.912117476186942167e-01,2.956600579451166277e-01,8.197768091387978850e-02,3.161936349353966502e-01,7.091461296255706648e-01,7.988235593152829273e-01,6.429120072440501765e-01,4.468204768663202042e-01,-2.330596888590533156e-02,1.781941565285740381e-01,3.100413641589389591e-01,8.410759859960477147e-01,7.164527890682184097e-01,5.690455566535812526e-01,3.416699048296529262e-01,5.120150485420285058e-01,2.788160750301164059e-01,9.226524496260360975e-01,8.662914628340238066e-01,6.814070119427049210e-01,2.339511826688279728e-01,4.407483111638937356e-01,3.170633581047213601e-01,4.807305498438541047e-01,5.678443558399849378e-01,9.123234729278657529e-01,8.361509897971211025e-01,9.120761743176891700e-01,8.820603702640384958e-01,1.211895980806498851e-01,4.253176827446888963e-01,9.944455212186316118e-01,1.558300062061003244e-01,4.034712927210921674e-01,5.153063144204376167e-01,7.231432842035546704e-01,7.298964107506631382e-01,4.754110947732115844e-01,2.472132059619085998e-01,9.833075341585683082e-01,6.052376745741041564e-01,5.218088070947159984e-01,6.526944580910093441e-01,3.122713552288991501e-03,6.840796820744488027e-01,7.714942394837299711e-01,6.083821231009154534e-02,2.039293760465976102e-01,5.092098079505527064e-01,9.342253024772319003e-01,3.367669008934985331e-01,7.994830748156296352e-01,4.320363514061993371e-01,6.947412675770512358e-01,4.158117962279430646e-01,9.881409301009436152e-01,5.628804773723232735e-01,9.562074418159456357e-01
6.732281074919641561e-01,5.579222631448235159e-01,8.897719911652660629e-01,9.874127469031044324e-01,1.069957931348979596e-01,0.000000000000000000e+00,7.359960908570893912e-01,5.678987906952249753e-01,7.312788173482764886e-01,9.461980278468034022e-01,8.254987610436383960e-01,5.261286853061034607e-01,9.049408080657270759e-01,4.396577958353015125e-01,4.005266498297445077e-01,6.007031656765721150e-01,2.734581071336897873e-01,2.069837725968085573e-01,9.894643391680522093e-01,7.922856561651414609e-01,9.374471396254556721e-01,7.579360750746225728e-01,7.272118116779989760e-01,6.980303657349707924e-01,2.431715335632312069e-01,7.010760973130185647e-01,7.238481922492686627e-01,4.065485363901539806e-01,2.166005075346662812e-01,5.441405191879687964e-01,3.691441707518925419e-01,3.295523714689195804e-01,3.997353513519384949e-01,6.326431367653814197e-01,6.845351995685594604e-01,4.311634188497206477e-01,7.027620089158495009e-01,1.917864155604505350e-01,8.292717558733011529e-01,6.225349373568856981e-01,6.487068306951926377e-01,7.345198433544219974e-01,5.781800157539195295e-01,-3.976561814533050576e-01,8.502489590650914586e-01,9.413263042994515217e-01,6.285634637024265503e-01,7.343304150809292219e-01,4.141712249565820958e-02,6.377319090353805731e-01,7.265340628423122560e-01,7.811687034516519024e-01,2.074911239083993553e-01,7.047962802248201042e-01,7.837828467523429987e-01,9.752622149077609937e-01,8.172499865460836066e-01,3.047274292250321537e-01,4.461840713543506753e-01,6.673491507066749151e-02,5.489633107261588929e-01,5.309406194344152841e-01,9.661970243059035957e-01,7.807577589262719719e-01,6.737019836165925035e-01,6.446861400799329678e-01,7.314057792893868815e-01,9.638017471921110912e-01,5.598377499882990493e-01,8.269439988572419020e-01,5.782152566428294671e-01,7.224990527708973209e-01,2.719731701554033432e-01,4.196462120917010541e-02,2.545998083562311942e-01,5.636925707671200936e-01,9.616137257919182835e-01,7.721941953119010327e-01,2.702453431205633638e-01,5.010285223007433508e-01,5.626716552178467889e-01,8.286940139309292297e-01,2.361647459983945985e-01,-1.668999591463594112e-01,6.493257080060291786e-01
9.298576339743135355e-01,6.325463552931630540e-01,7.284762917352052281e-01,5.313466300044431545e-01,4.149568342059589687e-01,7.359960908570893912e-01,0.000000000000000000e+00,6.267018439693086140e-01,7.733284729518595801e-01,7.181853043257835356e-01,5.069421178733856115e-01,5.942201723799700464e-02,6.048639322345250591e-01,6.216630103087567027e-01,5.978992482064859892e-01,2.417766432898754425e-01,6.804220350628820135e-01,4.257281718183012487e-01,5.554386418263723701e-01,7.261103406367057644e-01,2.241260826278900775e-01,7.968489112066254876e-01,4.029709372624457053e-01,9.143795465203399253e-01,6.134014978537924989e-01,2.036010395244806093e-01,-1.865817191109765405e-01,8.702322599812485349e-01,4.032625324668567268e-01,3.207495719176862714e-01,1.826426201855321230e-01,2.303665923000708660e-01,5.024023282670319057e-01,5.862333070567916637e-01,5.976630668470883645e-01,2.851700889439531816e-01,3.979821529563658949e-02,6.033415775071901965e-01,7.129619412369238018e-01,2.780996842865268714e-01,6.274195129817943251e-01,1.127561046637440278e-01,9.433669427644170158e-01,7.639328004180789833e-01,6.456739672096760696e-01,8.789907571733406311e-01,2.851160900316564439e-01,2.083611483365777339e-01,3.816387693552281135e-01,7.913689352524695408e-01,2.080739667904972778e-01,2.800709337913152019e-01,7.608797497979697955e-01,6.244952984203944180e-01,4.227562204753222419e-01,7.531777595964337380e-01,7.470905008178582163e-01,7.783524015150600217e-01,5.895428244205059842e-01,3.965379059463683964e-01,6.899798777708630038e-01,2.397056134484308598e-01,5.561233802788693170e-01,9.562375625709325089e-01,4.487672047164298350e-01,5.861412162758556921e-01,5.336107091344384212e-01,9.068136591689354153e-01,7.514418428998608235e-01,4.518634566786279838e-01,6.725625026359968173e-01,4.307433145117463003e-01,7.100492087936058905e-01,7.669550547266645868e-02,5.184168776421154146e-01,9.938728447016824674e-01,9.297782924635407120e-01,4.374102372264118688e-01,3.790877955383593623e-01,5.430355746871770029e-01,3.675766280417213649e-01,9.208906428818253165e-01,6.730205043933761289e-01,4.186674806666687010e-01,7.658288397358552491e-01
4.982086753018156733e-01,2.101278554795922016e-01,7.002353204921272223e-01,7.847237519274118389e-01,9.254405480752717628e-01,5.678987906952249753e-01,6.267018439693086140e-01,0.000000000000000000e+00,5.085218642017393931e-01,4.477381954412383291e-01,5.466075782824877383e-01,7.552312562370240290e-01,1.790044473670089273e-02,8.406853132413629748e-01,8.640901980717106134e-01,7.526610086716889469e-01,5.773103443197292739e-01,4.704946926899561399e-01,6.262319852217059779e-01,-1.578985285742433020e-01,9.554673888770737200e-01,7.867092964195416815e-01,6.711207528058076299e-01,8.365644286029285670e-01,6.647205218339985455e-01,2.201479109098023190e-01,2.286955835229639855e-01,4.409578154071501777e-01,2.887078787123997792e-01,5.136890178048648670e-01,3.330160295937630854e-01,6.031715004374859079e-01,6.201707383739142321e-01,4.417170374019279699e-01,2.723841754231529078e-01,3.068303700740588891e-01,6.172995558055057730e-01,6.947515554588876707e-01,5.636987068128864742e-01,6.424126779187346870e-01,7.666276583524139765e-01,6.326350062616235004e-01,9.575766810483926639e-01,6.437757662416256910e-01,7.887884827610607275e-01,6.902269102057994044e-01,5.461076159709101763e-01,7.317926329123709550e-01,4.026373996529426513e-01,3.440538110523879700e-01,7.303785889722120839e-01,6.899058045070679546e-01,2.619457080133891780e-01,9.820020958313842030e-01,8.816885863637647924e-01,8.507817792538168167e-01,4.514676473994534978e-01,6.457226405301011996e-01,8.597051423900823330e-01,4.148798371595773249e-01,5.827441601729179688e-01,2.448203351533762284e-01,7.532465097246596741e-01,4.848598800310107149e-01,8.675234840472714204e-01,3.402887851713606859e-01,5.202886563681639043e-01,4.780237699224480497e-01,7.115647127332213051e-01,6.205665042501108397e-01,5.839426498005180211e-01,9.570004912266443231e-01,4.441903550591259076e-01,7.650543970456293863e-01,4.534439787237378172e-01,4.300325757903494250e-01,3.740305054095954818e-01,4.725546053437001404e-01,2.932643207133965868e-01,-1.635727284276394800e-01,4.853352322480374847e-01,5.945925554329927198e-01,8.645762356488313483e-01,2.546368432799521186e-01,6.754579235098252532e-01
5.658430359988614322e-01,7.989159792083011524e-01,8.328327499140867340e-01,5.676682827696707401e-01,4.532951600424670047e-01,7.312788173482764886e-01,7.733284729518595801e-01,5.085218642017393931e-01,0.000000000000000000e+00,7.887594394558014033e-01,6.511231833945518854e-01,4.306000684698275682e-01,6.778461425327422241e-01,4.921974977489982361e-01,4.224482008258062526e-01,3.187482383449438128e-01,2.586675257210286905e-01,6.671597235972455131e-01,6.383572966706408947e-01,8.905249195327494816e-01,5.688702106965171090e-01,3.179555208592111937e-01,6.253544644789975626e-01,8.697365552671773026e-01,5.636721250315964715e-01,4.665010825773545644e-01,8.007945447925328697e-01,4.314891780755193418e-01,2.159845195565215925e-01,7.512919747221066258e-01,4.529438739902486577e-01,4.956676293006150869e-01,6.273003824214384849e-01,3.801484067712427306e-01,6.834288954969349739e-01,3.477370583665309045e-01,2.539503197596990614e-01,3.625007011790236655e-01,7.455629077306161756e-01,2.402670140945352140e-01,2.753914356224569371e-01,5.267417918837976609e-01,8.035251804833430933e-01,1.927881181759269480e-01,2.547387551237209613e-01,5.564217882187791897e-01,6.241320758642064925e-01,4.018209252515154151e-01,7.799874185694534168e-01,3.498061521755969627e-01,3.109875201076097162e-01,6.466200536746405936e-01,3.341666928813629700e-01,7.206575382386757322e-01,7.666662763692245752e-01,6.826334500102115843e-01,6.451892793301717832e-01,7.949025958888658039e-01,6.907843199261823885e-01,4.696455082174991191e-01,2.167573481540012725e-01,5.664455332734912307e-01,6.865681207430496258e-01,5.165551810913036057e-01,7.273043437089508068e-01,5.475765404995395214e-01,6.694465238795463957e-01,8.064232786893339444e-01,5.668826420202608407e-01,5.243106863936908280e-02,4.096609053182519444e-01,2.643803376944791617e-01,5.570477606355670464e-01,5.969245787044568097e-01,5.065116155596287584e-01,9.024714009394410041e-01,5.108577538106650051e-01,4.224499696062237741e-01,6.922414356098739452e-01,2.406793358508448333e-01,7.176266258549079957e-01,4.825966884015254199e-01,9.694405109270916310e-02,4.545386355764972630e-01,3.907911075183542193e-01
7.824190154570915823e-01,3.496415314216956838e-01,8.087741097740489549e-01,5.025461222340565914e-01,4.717347451142777093e-01,9.461980278468034022e-01,7.181853043257835356e-01,4.477381954412383291e-01,7.887594394558014033e-01,0.000000000000000000e+00,3.115383371519226396e-01,6.429103889627963975e-01,2.675040598223488719e-01,2.608415159267933325e-01,9.201259138352810840e-01,1.250655313940641777e-01,7.154902901623597655e-01,9.760106782091050315e-01,3.678330118189754305e-01,8.597329375970590437e-01,8.154698979214338728e-01,4.658448120854672969e-01,8.825351304470152591e-01,7.105564025050428167e-01,4.583011235456580512e-01,4.565273053755962152e-01,5.253326204550092804e-01,7.262823772954334345e-01,6.508607615776050848e-01,4.085418344995025430e-01,9.981087310713401828e-02,3.347677440972365304e-01,6.613420169436697860e-01,5.531278115578824872e-01,6.110722923125582184e-01,6.692437149551488940e-02,3.791886373960268175e-01,3.761479671317752294e-01,9.622229348610569222e-01,9.065390514535464073e-01,6.330149010461055825e-01,4.245202097972993749e-01,2.344597338779625395e-01,5.493626720835041999e-01,9.206018296074718332e-01,5.676637069064711660e-01,7.467170399067101227e-01,8.282105242819499669e-01,2.427856157908834245e-01,6.180853403805587343e-01,6.437531665169790029e-01,4.756087205003741158e-01,8.950015154128878603e-01,7.723430131876722893e-01,2.427002678080125431e-01,9.712504655713909418e-01,5.579720136089866278e-01,9.817468318329133359e-01,3.615454848812369448e-01,5.380571285528530368e-01,2.775097729609635189e-01,2.001896026168289988e-01,3.301473587888973382e-01,6.619335823848816469e-01,9.216181023519472992e-01,4.103497778171477650e-01,1.253371075537901835e-01,7.832315290934394048e-01,6.149245271515907385e-01,7.804166698185900364e-01,4.161175180799166207e-02,5.628313882303530580e-01,-9.123451493357660758e-02,1.223275239517622182e-01,7.502920375544874787e-01,6.455096603165034752e-01,2.427418620553882800e-01,6.253349305871926944e-01,1.128349247434647512e-01,8.490806299992881929e-04,3.925300147036607790e-01,8.484280678856082059e-01,8.009790706222149614e-01,3.793000815412653770e-01,2.121313962062461311e-01
2.384751654475380511e-01,9.954048671652485636e-01,8.526753414576745405e-01,5.955135086549276924e-01,6.236841740076601859e-01,8.254987610436383960e-01,5.069421178733856115e-01,5.466075782824877383e-01,6.511231833945518854e-01,3.115383371519226396e-01,0.000000000000000000e+00,7.070137371453795172e-01,7.729917333242832811e-01,3.343553777052146181e-01,4.094833901418848399e-01,3.206094998572632804e-01,8.892091066602894056e-01,5.965220101860423396e-01,7.751020935443944104e-01,7.476560812018895330e-01,5.157834592466037371e-01,2.782112266319661242e-01,6.696765232176740135e-01,8.960133007006977346e-01,7.265456545725310633e-01,3.693423372063567856e-01,1.321150376862407771e-01,9.582650253678898222e-02,7.896838291243526431e-01,2.954787303116215291e-01,5.616225616323238246e-01,4.940989153081939422e-01,5.633780158303945962e-01,2.162224388944413433e-01,7.991905906982937902e-01,4.289036230200622413e-01,5.458121782503670971e-01,5.100506905489722298e-01,2.417392170737005797e-01,6.365503335750444247e-01,2.949660646359806293e-01,6.377388978369167294e-01,7.070446353780683868e-01,7.391803360232380715e-01,9.655096859423002442e-01,5.443453645407503316e-01,9.597392023213734413e-01,7.285861688376170653e-01,8.388432993910824309e-02,5.283183248845056967e-01,4.141667375567388287e-01,6.454943360999106927e-01,6.548202291077895865e-01,6.828558303433113208e-01,4.705550648609502229e-01,9.746856868787144856e-01,5.073660281673143535e-01,5.660158567194428780e-01,8.518309067110685362e-01,6.009817413447990919e-01,6.782446160521139467e-01,4.977619609748527019e-01,3.497832046245880067e-01,5.637984636881211431e-01,4.052220718454727644e-01,5.896841422534762067e-01,7.266859305029828020e-01,8.903013238434829280e-01,6.427282658401248794e-01,8.885380623263745559e-01,6.193837752144348840e-01,5.778900896811294680e-02,7.691255032730560659e-01,3.153545018029819957e-02,2.903183477504067689e-01,6.733283379508079314e-01,3.583704876887146562e-01,2.360035791402978478e-01,-4.379959576345837657e-02,-1.888521042655844362e-01,4.512449236721801094e-01,7.197517564056075123e-01,9.225570076724741719e-01,4.789618252259893461e-01,9.853131286155134561e-01
4.443136692119751818e-01,5.411284938389888666e-01,7.604103782108283527e-01,8.839041871700253905e-01,4.917288781109106499e-01,5.261286853061034607e-01,5.942201723799700464e-02,7.552312562370240290e-01,4.306000684698275682e-01,6.429103889627963975e-01,7.070137371453795172e-01,0.000000000000000000e+00,6.533221783505108737e-01,2.197515841908043721e-01,6.236388605136361507e-01,6.112381808020994622e-01,5.487353417909728304e-01,4.329194538493780775e-01,7.570668063432163253e-01,7.959433692634878543e-01,2.690346515684698958e-01,9.789451732176209786e-01,5.384095643238155926e-01,6.465921690534128796e-01,-1.743112147571352077e-01,6.017929033299526109e-01,7.697166626081154428e-01,9.125744451665256385e-01,8.223612260618103076e-02,7.283802078163627014e-01,7.033953156120258121e-02,5.974950278186441643e-01,8.798258952404338640e-01,5.292155722154816555e-01,7.408631073499660769e-01,2.069156976634466683e-01,3.494180314420967243e-02,6.165795136301120971e-01,7.393263277428546720e-01,6.601791427595498085e-01,4.988141795939162182e-01,4.746300668525528232e-01,9.598994667504205935e-01,9.128249855300448745e-01,7.898351858088825672e-01,5.149666886935049259e-01,6.337126118502927064e-01,7.204056799550324630e-01,6.751378597228091527e-01,4.608065143187183299e-01,5.906598414811214948e-01,4.153145438109934195e-01,6.598322326656135273e-01,1.529975748179198403e-01,6.492544995703279920e-01,7.735502028886674930e-01,5.888321490385105550e-01,6.500122287162881651e-01,9.593524121244211278e-01,4.998355520462553492e-01,9.969956969183835921e-03,7.099134863172426035e-01,6.525710973373108903e-01,6.415749007364168754e-01,6.173526233430055576e-01,3.398549827173119597e-01,5.758719400156361301e-01,8.734432520870889505e-01,6.731115986386786432e-01,4.403618965664363727e-01,6.042475774542965805e-01,4.538003674442536162e-01,7.484336966456308637e-01,6.778337678486664464e-01,5.267540864647888288e-01,5.100771966674495506e-01,9.317628045537589276e-01,4.950476496692522432e-01,2.053176429298615435e-01,5.646966031471331027e-01,5.617533717486652423e-01,7.246155245782441856e-01,4.389939292087769451e-01,2.694094067980236096e-01,7.093037719384004403e-01
9.173867700084518129e-01,7.810188855634121463e-01,9.106397692704224500e-01,8.125301670225453243e-01,4.718018017565391853e-01,9.049408080657270759e-01,6.048639322345250591e-01,1.790044473670089273e-02,6.778461425327422241e-01,2.675040598223488719e-01,7.729917333242832811e-01,6.533221783505108737e-01,0.000000000000000000e+00,7.199504431054712938e-01,7.583815242646227972e-01,8.545530934781716548e-01,6.366840141613275827e-01,8.671694041292627997e-01,3.966216680857141963e-01,5.339065464255899895e-01,8.753112945815785251e-01,6.288345957045494705e-01,2.098215198282790683e-01,3.570920410065343553e-01,6.042621139228241400e-01,5.639869817371944150e-01,7.144224624244412958e-01,5.564946142381157479e-01,3.876277044477502987e-01,2.719735778130416004e-01,3.607581662979172932e-01,7.952867908197968072e-01,4.721078488700083398e-01,3.643954292441229370e-01,7.525832592832883972e-01,2.631232030097234165e-01,2.060595893519470145e-01,5.825955111186729152e-01,8.301454735665640960e-01,4.223238745236679303e-01,4.983751220038835639e-01,5.675365924667644668e-01,3.893979799604226077e-02,9.409991994141195804e-01,1.709795356557208823e-01,8.923714738804787716e-01,6.272561991138219106e-01,6.603550475829451649e-01,9.228111925397726178e-01,9.043504481956790020e-01,7.886970701605799938e-01,4.660505470621436608e-01,7.858851245488109871e-01,8.210754098063527406e-01,5.197948879622082963e-01,3.859938775575183501e-01,7.944882157311816684e-01,4.582867929042841459e-01,4.288573966629163348e-01,1.678213516709512604e-02,4.431919590903607431e-01,5.434472284800118125e-01,8.656137934984698551e-03,6.321534222178593065e-01,8.407552603695532811e-01,9.195921843380407967e-01,6.274034759459563571e-01,6.859128525195128390e-01,5.032563291489524637e-01,9.232290571164978310e-01,5.260705700118488704e-01,4.079339444584649810e-01,7.027502927667556021e-01,4.848527137190332126e-01,7.286341715103207273e-01,8.534749004494325275e-01,7.953452307039241553e-01,4.345999699448461207e-01,5.822053383098388935e-01,3.395896797488181518e-01,7.962491040929717823e-01,6.086178015285932386e-01,7.570480992020871547e-01,7.273694030024856483e-01,7.702268971144885512e-01
9.522523768577964010e-01,7.315239512105529140e-01,7.073133953656028927e-01,6.746339305593076485e-01,7.477889856333063134e-01,4.396577958353015125e-01,6.216630103087567027e-01,8.406853132413629748e-01,4.921974977489982361e-01,2.608415159267933325e-01,3.343553777052146181e-01,2.197515841908043721e-01,7.199504431054712938e-01,0.000000000000000000e+00,7.531025762679074420e-01,9.860460070767604890e-01,7.127813523227981563e-01,7.789468429996062593e-01,7.962634231728533685e-01,3.028872451200448346e-01,9.519951048717485431e-01,4.258293720507268509e-01,8.478658424932102866e-01,8.160433837246954258e-01,1.170666168966549292e-01,6.879717123641565513e-01,8.831832723968465748e-01,9.744481480093455383e-01,5.330001046976504675e-01,7.508131000045070724e-01,4.659031344483322012e-02,4.469396513628276675e-03,9.519322607138525072e-01,9.316463387644967620e-01,6.988428213169100012e-01,-3.477875410319530847e-01,3.252026207878291331e-01,4.032703799852099258e-01,8.605357201673905498e-01,5.378054992783749544e-01,4.428373351874625441e-01,9.144921331351869576e-01,9.770088789543176500e-01,6.276181130101098349e-01,9.586107028910587635e-01,6.238092974650454314e-01,3.800347459718699250e-01,9.559831795533143550e-01,8.459223251691871948e-01,7.241115247848742831e-01,7.644341650492785245e-01,8.336869753541162886e-01,5.387780836939610740e-01,5.875235463512895606e-01,3.824774972118492600e-01,4.647788376504473629e-01,6.244090381989582106e-01,8.338943012072819183e-01,7.938870119244816337e-01,4.568593590242877589e-01,6.242836132282619799e-01,7.998192472684112486e-01,4.626173545634305051e-01,2.753706172424472687e-01,7.766437123031937340e-01,7.963476900274037984e-01,8.534289981600122754e-01,6.043631582183968121e-01,3.656949193994840641e-01,3.636834334513202593e-01,8.677268360835401761e-01,6.712526079783576183e-01,7.848505212868043257e-01,2.108899468273773836e-01,7.158912129311237882e-01,4.879663580484499552e-01,6.931184538600815292e-01,7.382518679224706615e-01,3.524885049607318077e-01,8.083978046763658221e-02,6.336342565488487510e-01,3.563133182960063761e-01,8.787914422820833904e-01,1.537817242911936402e-02,8.488373454476368929e-01
4.176878735732205139e-01,6.056821683888727881e-01,4.479092843817334968e-01,5.996360954566530843e-01,6.055429232923139615e-01,4.005266498297445077e-01,5.978992482064859892e-01,8.640901980717106134e-01,4.224482008258062526e-01,9.201259138352810840e-01,4.094833901418848399e-01,6.236388605136361507e-01,7.583815242646227972e-01,7.531025762679074420e-01,0.000000000000000000e+00,6.927210181599008365e-01,9.265513363094395327e-01,3.076085464863875241e-01,6.022807463422495955e-01,5.823092207761872974e-01,6.620813478354690140e-01,5.570522709615195467e-01,7.095802115221513384e-01,4.549107480611174759e-01,5.840795837902607035e-01,7.181958257236129572e-01,4.798514727257180423e-01,2.536102572685593470e-01,1.158017024908497006e-01,4.764253891640819472e-01,3.217863553625417705e-02,9.538167132933124126e-01,6.213103358701234091e-01,3.538135421591614982e-01,3.143842474963471911e-01,4.644306144226311162e-01,5.105232269908394072e-01,6.471897108835932277e-01,9.506489225516838726e-01,5.833603764615228338e-01,5.193416379021924545e-01,4.219220359207463966e-01,7.878805293881989691e-01,4.580419502821684308e-01,9.067870133755148165e-01,9.802337060410233338e-01,6.886097146329206442e-01,6.035583536492328260e-01,8.584181172771774282e-01,3.467497756194564129e-01,5.392418584727698416e-01,7.163408732293986558e-01,6.659093536870273056e-01,7.405592825360926001e-01,3.947832919117993944e-01,6.274049384820516995e-01,7.528802759580295323e-01,7.755834794154899958e-01,7.805978959087787050e-01,7.593644337440208503e-02,2.342521177022311996e-01,2.654988751260089486e-01,6.251224810571300861e-01,6.405504292343664474e-01,8.676415166854170025e-01,7.143397683850869484e-01,5.407233206275668946e-01,4.216772235283542392e-01,6.103594301894028629e-01,4.908185176094315150e-01,2.178451168827462980e-01,5.128770108111035952e-01,5.875827099088246630e-01,1.955841119724227584e-01,3.868042856320206280e-01,5.611729854201401579e-01,4.233285601415002763e-01,5.948813372309439407e-01,5.177082103750889619e-01,5.632775589117402504e-01,4.644134471975366329e-01,2.578235779633363256e-01,7.152622078468450217e-01,4.835401969693651214e-01,7.394362582941176321e-01
7.570613030597788118e-01,6.119561241575913746e-01,4.981597032075211207e-01,5.600851211488682146e-01,-1.944270292374756515e-01,6.007031656765721150e-01,2.417766432898754425e-01,7.526610086716889469e-01,3.187482383449438128e-01,1.250655313940641777e-01,3.206094998572632804e-01,6.112381808020994622e-01,8.545530934781716548e-01,9.860460070767604890e-01,6.927210181599008365e-01,0.000000000000000000e+00,6.351353251315517978e-01,9.163111061389909162e-01,8.586438524002648620e-01,7.500052878429882552e-01,9.776969200207159538e-01,7.566680480361507311e-01,4.771519719641784119e-01,9.042883890662636315e-01,4.965790505171850944e-01,4.288103663768796925e-01,9.465211221062087565e-01,8.551531017044551319e-01,6.637036157138169745e-01,5.247873565380614114e-01,2.209098091099477024e-01,2.456822791939508588e-01,6.314365627973146378e-01,8.163835054895465237e-01,-1.792932697092051719e-01,4.711286704919653845e-01,4.198339549319736186e-01,4.122306767269363625e-01,9.401946818705607667e-01,7.211005700906976124e-01,7.417177796051520611e-01,6.681205473253015725e-01,8.832037879050772533e-01,7.315399896601091356e-01,7.405477680785450545e-01,9.477705457624635565e-01,1.185124474652898413e-01,9.611366467976181216e-01,3.078301169945172888e-01,4.634709167715089784e-01,7.659042276224793389e-01,8.075914067278661124e-01,7.885232477195849299e-01,5.290399194494317392e-01,8.709401169286765665e-01,7.176451922317907961e-01,7.697642495780232519e-01,5.731684166128949709e-01,1.686422769978964398e-01,8.826724767257006221e-02,6.263813891661530464e-01,4.483817529326857287e-01,2.492080229845449746e-01,6.093303423392059104e-01,5.515032213755003410e-01,3.467965623001562081e-01,4.448413418893163440e-01,8.231856151764420648e-01,3.426798973766947976e-01,7.727783522575650821e-01,9.990899853896109128e-01,7.177019283780242676e-01,-9.342979115859918748e-02,3.480642069679877881e-01,5.787431976044863369e-01,3.765543355896635580e-01,8.122056870806062534e-01,-1.578531368935026657e-02,5.458436358687889234e-01,7.978071296907761345e-02,7.604561911518412654e-01,4.195519105378246461e-01,9.081317176403188585e-01,6.845238796374433221e-01,4.565557995470835850e-01
5.588931550198157350e-01,6.883771848483138944e-01,7.060311627875218710e-01,7.225299406942519154e-01,7.047104528141726609e-01,2.734581071336897873e-01,6.804220350628820135e-01,5.773103443197292739e-01,2.586675257210286905e-01,7.154902901623597655e-01,8.892091066602894056e-01,5.487353417909728304e-01,6.366840141613275827e-01,7.127813523227981563e-01,9.265513363094395327e-01,6.351353251315517978e-01,0.000000000000000000e+00,8.489305079496467510e-01,3.315734333657411881e-01,4.088271121712151457e-01,7.027297891691315357e-01,2.240556925195577864e-01,6.181502841291774963e-01,8.663989633994471085e-01,5.561578083011274876e-01,5.303653087136596112e-01,2.126940981825882759e-01,8.279825983769847353e-01,3.351407392642256622e-01,5.042238944874415374e-01,5.473952689514725023e-01,4.385804522736982403e-01,9.310856523938839668e-01,5.743617273922807520e-01,5.820875633450783848e-01,2.476112890248082787e-01,6.592252841321500911e-01,5.939609016996848512e-01,4.341555847118145350e-01,6.695983904356759275e-01,3.494090319666157129e-01,8.983672399598702230e-01,8.710788720061225510e-01,9.981937276299626127e-01,6.799122778760895436e-01,6.744270057786568850e-01,5.230694448881886283e-01,6.229330197587200635e-01,9.425578267237885166e-01,4.442910010790566688e-01,2.191039383482916991e-01,7.085038232143962000e-01,7.165326557904048155e-01,8.506175978356601552e-01,2.602055591751060715e-01,5.057187747077894757e-01,4.497216499572319059e-01,4.871392772027366425e-01,8.945906557813192439e-01,3.843851711575043684e-01,4.663209832041682046e-01,7.614151830139999078e-01,2.283116250952303139e-01,6.753589252583928060e-01,9.692674699240013680e-01,6.011413499884182832e-01,9.641224249069637597e-01,7.038890391083743037e-01,4.256292221902297501e-01,6.173616993224371186e-01,1.617694328661147540e-01,9.632798556698520809e-01,7.914243771783826542e-01,3.445457143342544049e-01,7.869297733745245216e-01,7.043954992226795220e-01,6.001420265289302280e-01,6.783077981982730265e-01,5.152344287198517003e-01,2.025976820908070020e-01,5.788553906535716109e-01,8.533885158610692301e-01,3.720199780940793843e-01,7.872775976651993912e-02,7.829767831988573290e-01
4.202842713344457914e-01,4.061340897959822005e-01,8.057171297313702185e-01,7.389375653636326424e-01,6.463594475643287263e-01,2.069837725968085573e-01,4.257281718183012487e-01,4.704946926899561399e-01,6.671597235972455131e-01,9.760106782091050315e-01,5.965220101860423396e-01,4.329194538493780775e-01,8.671694041292627997e-01,7.789468429996062593e-01,3.076085464863875241e-01,9.163111061389909162e-01,8.489305079496467510e-01,0.000000000000000000e+00,9.241837592165190740e-01,5.233688833784693184e-01,6.887795966764284072e-01,4.416698165986525093e-01,4.059331831719759087e-01,9.498907209174967115e-01,6.390514201871005939e-01,2.194578548786556005e-01,5.865827885581034185e-01,8.344761306514010268e-01,8.073855743159842266e-03,6.632275024523477391e-01,3.410961961319811664e-01,3.193628029589706818e-01,9.545599227928532882e-01,4.454983356499268021e-01,5.252784258549102470e-01,1.572415592983945620e-01,1.317448314409266907e-01,6.088604472236678333e-01,4.277065504868540202e-01,7.747993596223645696e-01,5.494215450466429784e-01,4.422451915008726586e-01,8.858592371664781862e-01,2.733556371451529299e-01,9.946621096410919183e-01,8.938488062061713535e-01,5.691567716788163978e-01,2.446822655463605500e-01,4.724732120185166084e-01,5.856426018567160163e-01,5.473995342436699385e-01,6.241270286588342930e-01,7.595027060829142584e-01,6.619570645897350225e-01,9.143751667610362510e-01,4.270548728199115573e-01,9.263753994579713158e-01,7.917207521138989179e-01,8.043944590565851316e-01,5.032132830653802680e-01,3.555212030451051497e-01,7.571066740044581911e-01,3.140998770233682791e-01,7.070994989256312868e-01,9.586419716712341055e-01,9.931668714194359648e-02,6.196019236107528361e-01,9.727589974856720723e-01,7.057301571600644863e-01,7.930969813169149729e-01,8.230750000912252506e-01,6.548196200126283895e-01,1.665880030980749771e-01,2.611435817416337124e-01,7.283463996965310328e-01,6.669984210020690751e-01,7.879531622550890457e-01,1.083337721332386927e-01,7.314710508539722100e-02,7.648327064906508543e-02,6.159992728556816788e-01,8.830700429915948613e-01,4.822086709129416171e-01,2.513642927176829023e-02,6.289358958250134135e-01
