0.000000000000000000e+00,7.183998271433568172e-01,6.774722399632613357e-01,6.064287755203027208e-01,9.267808396365826429e-01,9.384527753253057991e-01,5.029397407470118653e-01,7.978675880605395898e-01,7.788606520367717945e-01,8.811469228675538057e-01,7.002144261394855906e-01,6.624747783001831980e-01,9.690269927911712156e-01,-1.230389882422865816e-01,7.655392129437951221e-01,8.194872761171726472e-01,6.090259577520195089e-01,5.766469079292771971e-01,6.510288149033082172e-01,8.887490217945971382e-01,6.184822009384329800e-01,6.702724940904530859e-01,6.565574996784077078e-01,9.142735311149855493e-01,3.338025529341476227e-01,5.798421827454189881e-01,9.042855095775929053e-01,9.013735480317035531e-01,2.930067190621968298e-01,4.068192335245250923e-01,3.142149435029286120e-01,4.372721757471920712e-01,9.367660197239946474e-01,5.170516462589332951e-01,7.390641783183674596e-01,4.372719202441578412e-01,5.075732596758679716e-01,7.412840851169997247e-01,7.471752167284255730e-01,5.201250441168252525e-01,4.920654030790400646e-01,4.262321323127173378e-01,6.517009513374251162e-01,6.281952373358198338e-01,8.764611744122694503e-01,8.454894944529570688e-01,-1.652460929440926762e-01,8.138778452650526907e-01,7.049391514683419624e-01,3.055414520179816074e-01,7.482694321204108601e-01,7.659440377811500555e-01,6.880175579375024109e-01,9.470697941595733749e-01,4.049585612535794854e-01,8.526395942635320857e-01,9.064754421951131125e-01,6.681203216009035106e-01,1.949500825106452728e-01,2.494453471907383812e-01,3.011439698845400637e-01,7.472574324655468780e-01,6.059525316389996474e-01,7.011881638937678130e-01,4.779719119482210843e-01,7.316288697112538486e-01,2.172693142806310651e-01,7.271516354118811032e-01,6.074309292535220450e-01,9.920874849365691750e-01,7.891310521220602503e-01,9.045186604257637875e-01,7.271994210167826989e-01,2.322439048468027678e-01,9.616812917071285716e-01,8.820346083396419790e-01,4.143757375418769540e-01,4.823477268934649453e-01,7.056216426978514367e-01,2.823024418190593354e-01,5.453256907062267178e-01,6.501517766695130707e-01,6.867392632889167681e-01,3.642130611935940343e-01,8.174068307022653856e-01
7.183998271433568172e-01,0.000000000000000000e+00,9.334224196291081022e-01,5.461560153084908942e-01,9.228159186773944311e-01,2.061045710655222130e-01,2.769834606053561132e-01,2.595386024396101332e-01,2.575352323792591269e-01,6.417229711464098596e-01,5.734461127778299749e-01,8.825582131511786610e-01,3.607101164177438646e-01,6.687801551640757403e-01,3.526745191212276032e-01,5.872778578304790331e-01,9.558479162586422939e-01,9.106938521756547944e-01,4.533172884456018736e-01,6.871297532819782283e-01,6.894366178669205647e-01,7.567701471653853762e-01,4.395570199006827439e-01,6.166095723052841260e-01,9.208931027425010241e-01,9.386705575021665471e-01,5.532995835171031773e-01,6.049366632575314817e-01,5.527254923462712188e-01,4.118298308430055066e-01,4.689481218258897410e-01,3.551097507769646056e-01,2.726618460444403258e-01,-1.718807070201652520e-01,7.691382867562909231e-01,4.911409443159787669e-01,8.239410550089504293e-02,5.831748219078179973e-01,5.180232081454310133e-01,9.058733690709477315e-01,5.180420861804995170e-01,-1.257161853201672064e-01,8.724585266395468164e-01,2.773363114241808591e-01,4.793408462280812077e-01,8.169604884935292022e-01,4.901343850901607735e-01,4.976299238708097317e-01,6.474745956190298690e-01,2.676740639887938422e-01,3.800875309585509676e-01,7.896740338870439357e-01,9.057346443596177021e-01,7.183527589331404339e-01,5.914419479800109292e-01,5.855352757116170093e-01,3.846357596448882754e-01,5.093745878937645521e-01,4.210449610142994459e-01,3.844136844416810028e-01,6.794534358329132884e-01,8.166874671377721828e-02,3.781978349466464384e-01,8.250172078775501738e-01,6.901506007520037400e-01,4.292397178380829570e-01,4.638893769719243942e-01,9.696788546358037220e-01,4.948620040382557539e-01,8.034470261031227967e-01,5.518504351070740999e-01,4.069995577758731553e-01,1.644989933982936858e-01,3.187154301457467143e-01,5.239209852104613763e-01,3.466185565890554932e-01,5.795072650541357451e-01,8.595237267626414379e-01,7.453371945924498476e-01,-1.705245153235390720e-04,2.563661892381022822e-01,9.160413269722412766e-01,7.884654858756405815e-01,6.410798789993995550e-01,4.778318620246972959e-01
6.774722399632613357e-01,9.334224196291081022e-01,0.000000000000000000e+00,7.839800150017962599e-01,5.683236015449565359e-01,5.340704382858846300e-01,4.922762673799039312e-01,7.752195425377184090e-01,7.167698679883304225e-01,7.514589469685920564e-01,4.897543482214610222e-01,6.192982553003524293e-01,9.251192333630458009e-01,4.192050400493173568e-01,9.422653338348059293e-01,8.796261522819622813e-01,8.997148675654458305e-01,8.227877946535089304e-01,4.007318149868264179e-01,7.692572304027530672e-01,6.019964971743498872e-01,7.250298959578465041e-01,7.400599430551748625e-01,9.239724408270749700e-01,6.397289673656608722e-01,9.822361994783747052e-01,9.604367834716472929e-01,6.370630025903362137e-01,3.639275790909055758e-02,2.045242046194914454e-01,5.648287483253786601e-01,9.988514964005815733e-01,9.405698751779514311e-01,9.560737226728156513e-01,9.417634412197483096e-01,5.260467470984115934e-01,2.400611339482379702e-01,1.081731316062253291e-02,3.262177212198517640e-01,9.713349422266815969e-01,4.584704821342840408e-01,8.561003719599742379e-01,7.485182698832976156e-01,4.209656171906563937e-01,7.681428107169721020e-01,7.804167165029962661e-01,2.641141374864511837e-01,6.530616750499858014e-01,6.770716449833373840e-01,4.844076253756922634e-01,9.516001884303426639e-01,6.793054644405349674e-01,7.583177562776763914e-01,9.744451204214679141e-01,7.627636678889639921e-01,5.950794924481767056e-01,5.021268166142843770e-01,8.518588074728214998e-01,8.304154296316733630e-01,2.636098858621379049e-01,2.575567536739441499e-01,6.519551114666851666e-01,9.908682282355918414e-01,4.223272851518493631e-01,8.006000836677453769e-01,9.507706797862031101e-01,6.484220524505165395e-01,9.657092632424720824e-01,7.020707635781298084e-01,8.779858371176093579e-01,9.831330261628643541e-01,7.400725524692458590e-01,4.974147739611501917e-01,3.097615244895156050e-01,9.806943767994873440e-01,9.087509064124653646e-01,8.220534087869738604e-01,6.639608366258259453e-01,3.202469908942184862e-02,1.635795749310031688e-02,9.965994059004399386e-01,6.601241127180371704e-01,8.553055889970500036e-01,6.875485532008123180e-01,5.529247783527906357e-01
6.064287755203027208e-01,5.461560153084908942e-01,7.839800150017962599e-01,0.000000000000000000e+00,3.099325653555847770e-01,8.890097684791884447e-01,6.342313664664560591e-01,2.108520059851071160e-02,7.663848593223768768e-01,9.975976948055962357e-01,4.582870940451665431e-01,3.232503067945344255e-01,7.992997408701316697e-01,8.422459098457941717e-01,5.857515687282658368e-01,7.319988525388625433e-01,7.204524678954008499e-01,6.983842686408450184e-01,6.560764601029358545e-01,7.621530656442702112e-01,3.665931514399358715e-01,6.673663280631745298e-01,8.666791757900000892e-01,7.999802672677597259e-01,6.228386333779865058e-01,4.251220269370087901e-01,6.260585417534956232e-01,2.421614885411019213e-01,6.281305416830395005e-01,4.252147548596714177e-01,4.787251577370756350e-01,2.940656659511086124e-01,8.034570202288602303e-01,6.500414403541051600e-01,9.332266690129010778e-01,-1.567762696750276130e-01,4.103534934955664903e-01,9.075980888080609210e-01,7.994754011159337370e-01,4.857619412157732075e-01,5.601136271286202284e-01,4.662337892245953519e-01,9.407319004157485010e-01,4.013824296462347591e-02,6.128820616184673664e-01,9.491220563422566592e-01,7.536213594772234181e-01,6.704526071409502297e-01,7.256319202519153633e-01,2.680710785210950187e-01,2.515665626332670435e-01,4.091549752900024983e-01,4.186217321638636135e-01,2.347645843606760985e-01,6.335460834185513423e-01,1.252974041446599553e-02,6.416597346461458962e-01,6.885244809219173145e-01,9.659647216629126953e-01,2.092114850376403101e-01,6.328900871330401801e-01,6.383369490774112309e-01,7.082709997486338338e-01,7.336264095064062296e-01,4.784073770423775684e-01,5.359911776373382786e-01,2.720400917129910945e-01,2.368663110022309337e-01,4.624233506657324799e-01,3.797175574350505345e-01,7.507895664734612895e-01,6.325771899192738079e-01,6.382539326231335686e-01,2.820348875153937396e-01,7.620033581138292433e-01,3.969637821310642023e-01,7.876962733378822801e-01,5.413181672078207773e-01,2.521064243753582401e-01,5.181589819252985230e-03,3.130970097388715012e-01,8.743675133760185902e-01,6.776345297727165429e-01,5.745719103140598527e-01,4.614625570028263457e-01
9.267808396365826429e-01,9.228159186773944311e-01,5.683236015449565359e-01,3.099325653555847770e-01,0.000000000000000000e+00,6.698276561480605018e-01,4.893801569855266709e-01,1.815163886323887255e-01,7.865352196674231244e-01,8.158867916006619092e-01,2.848594604647027850e-01,8.694138471649897060e-01,7.503553879116533487e-01,8.466834952378234913e-01,5.897396736072110235e-01,4.303254545808417042e-01,4.703107072466640726e-01,4.172028525028165791e-01,9.090592394478640426e-01,3.568677634400517218e-01,6.211772984610031134e-01,6.223452216745209986e-01,6.751928160077286245e-01,4.450942599813961231e-01,8.995879162905631721e-02,4.699679624749947826e-01,5.264389490513646797e-01,4.987117205120550345e-01,2.384447869707899959e-01,3.183814455364252227e-01,1.379823459288788134e-01,7.906398143840527304e-01,2.759528857742503116e-01,7.499439913391185986e-01,3.454901661839059335e-01,5.077185502246583937e-01,-2.397025631965982173e-02,2.447230074785049503e-01,7.524449011712124324e-01,4.056297698127650508e-01,4.483425971819903211e-01,6.424412084216002405e-01,5.626422849852648067e-01,7.562090231888403125e-01,9.540526715214107112e-01,9.889609294328307598e-01,4.124089985666336000e-01,4.116928545196481548e-01,6.685910412454858509e-01,4.786592320697518055e-01,6.353161809393031989e-01,5.880960598526380201e-01,5.837003116877901299e-01,4.056484364282096911e-01,6.851794106518486194e-01,2.123326657159569364e-01,4.247938501809167544e-01,1.817911512324111578e-01,4.360458002053998472e-01,2.410809907095006199e-01,2.797542402184393651e-01,4.602537628175348838e-01,5.468189996098669070e-01,1.790365596888265631e-01,7.587230829236715213e-01,5.340372286752099740e-01,6.294270916003724681e-01,8.438094134888532993e-01,6.566995573584509804e-01,2.052490082982607045e-01,6.410699649778094367e-01,7.478031658354138411e-01,2.468553838731961381e-01,6.359237816328520143e-01,3.307746582097084165e-01,7.868392556089666146e-01,6.791042150951707157e-01,3.135927421263373649e-01,2.769197727969827660e-01,1.424272810600492600e-01,5.397774217223794135e-01,4.714062763490389218e-01,9.596458009973986014e-01,2.403987756388686059e-01,9.732941960185039765e-01
9.384527753253057991e-01,2.061045710655222130e-01,5.340704382858846300e-01,8.890097684791884447e-01,6.698276561480605018e-01,0.000000000000000000e+00,2.438383466121400445e-01,7.461381117137517727e-01,6.293879633131178597e-01,7.766677120687623948e-01,6.706392413675508202e-01,7.150183660049905798e-01,6.115593179871916529e-01,7.010038914323520887e-01,4.888963513812816797e-01,7.989533976788042446e-01,5.350553847052981205e-01,6.375691777410517069e-01,5.995731834776074631e-01,6.898420029392606789e-01,7.531954316047519971e-01,3.612018113223824933e-01,5.842881939183249829e-01,6.506392058318131166e-01,6.975678805011649164e-01,6.098271704675219951e-01,6.377650130263209372e-01,6.926268597024399787e-01,6.004355780614255567e-01,8.987466252672980660e-02,2.696229386536760919e-01,4.146928112994707760e-01,5.956798337378323982e-01,6.719498152985213801e-01,4.170826344341275194e-01,3.621257518494995775e-01,4.515699108458439692e-01,6.261991402921234240e-01,8.975389789952437081e-01,6.311276753722744326e-01,4.322118955104266025e-01,6.972047256207314359e-01,-3.412962658912720437e-01,5.703059104528132028e-01,7.668581156913010233e-01,9.696696392470467440e-01,4.223746265049168058e-01,9.472715045534509937e-01,4.933651816265444690e-01,5.962205910435071088e-01,6.645963199887914286e-01,6.217837858422196051e-01,7.716409788517107904e-01,8.720773256969018838e-01,6.801967055908284543e-01,5.079353375708724194e-02,7.501972208437056588e-01,9.040678372214504543e-01,7.916646513568994514e-01,7.422256033086870319e-01,4.980961228247693384e-01,7.343434148668681605e-01,4.598862501322080742e-01,5.910048119107277342e-01,6.993953282477423095e-01,3.390373990227869005e-01,6.838790177395228653e-01,4.493272239024823644e-01,4.186902414361000635e-01,5.018510234896023103e-01,8.415780058818134179e-01,4.626803064981002689e-01,-1.458928854795761287e-01,1.946211249388007103e-01,6.540293069137599336e-01,7.850237252952833034e-01,5.261392187132669651e-01,2.506883854725476257e-01,1.118507727191375145e-01,1.803645006627290770e-01,3.828498578123620266e-01,7.834758978399269935e-01,5.398984603001463212e-01,3.381261012183209846e-01,9.484011245248823441e-01
5.029397407470118653e-01,2.769834606053561132e-01,4.922762673799039312e-01,6.342313664664560591e-01,4.893801569855266709e-01,2.438383466121400445e-01,0.000000000000000000e+00,5.744296298311185600e-01,5.050959730992409247e-01,5.919213854301651478e-01,6.136278850483494196e-01,5.994178205178861685e-01,4.950166542610457410e-01,7.570393614196196941e-01,3.698101136860363347e-01,6.660381671521071745e-01,-1.871131995561161609e-01,5.677285292390206184e-01,2.597156667711336131e-01,2.022749587557807760e-01,7.784092744240621586e-01,5.383518753974638749e-01,1.084319723875144803e-01,7.853262042934553433e-01,5.042414923247019454e-01,7.109264840092438531e-01,6.841131791383395777e-01,1.032123317551127406e-01,4.040770299288709011e-01,3.483235557593236109e-01,7.787643464249944802e-01,3.098585594506440555e-01,6.301784671957735284e-01,5.248820954127555449e-01,4.071615342320706876e-01,9.924949379245640024e-02,5.613454288047072804e-01,5.251729935822062600e-01,8.763428416619927219e-01,7.338156012356363833e-01,2.896221616504486285e-01,7.097186230711599597e-01,3.470378361450088267e-02,2.704198859326623072e-01,5.040563770648424091e-01,6.087859567448606901e-01,8.870401048986327197e-01,3.748972753364923083e-01,4.836293208235566965e-01,5.856273130133026195e-01,3.665376725565762106e-01,4.241260647326156041e-01,5.228371929649118233e-01,5.734084255862509361e-01,5.682704486446783498e-01,4.341716112815171558e-01,3.956062540612502176e-01,4.044041331605969236e-01,2.948492005812468689e-02,9.406879623803288126e-02,5.735124915289944170e-01,4.813822733974900681e-01,2.723239542785734213e-01,7.628059109549384376e-01,6.032859890270975134e-01,2.368407304578468708e-01,7.301468243582444062e-01,5.227051734864336385e-01,6.012633639773353744e-01,6.253437791661606848e-01,1.752150025132283295e-01,6.324512430551016973e-01,1.307022100012418531e-01,4.110985492286193255e-01,9.671647146407102991e-02,7.218473651561334581e-01,5.769038055534669862e-01,7.324865254990592378e-01,5.884526987555456223e-01,2.749732228742212195e-02,5.336340809129729301e-01,5.410477840832338403e-01,5.837992468210271291e-01,5.572211212710004302e-01,7.624573355478516667e-01
7.978675880605395898e-01,2.595386024396101332e-01,7.752195425377184090e-01,2.108520059851071160e-02,1.815163886323887255e-01,7.461381117137517727e-01,5.744296298311185600e-01,0.000000000000000000e+00,5.467240206055112850e-01,2.518631591219127053e-01,3.839625982254074588e-01,5.423036084982376659e-01,6.233498947061794082e-01,6.384600585706950993e-01,6.284174522385594930e-01,2.301613079337063161e-01,7.937933677294173318e-02,5.386086066346154055e-01,8.267337078698955288e-01,7.836330195187778402e-01,7.454868816731212711e-01,1.807789276610010168e-02,5.364203804172766876e-01,6.922336919761657992e-01,-6.841226484874740610e-02,6.051122311329099057e-01,6.729107266869053250e-01,5.717227384283940506e-02,3.198103027990533143e-01,3.385662795641092848e-01,4.361835368698308568e-01,4.451087479368442956e-01,9.785890442538105471e-01,8.162966504208365448e-01,6.653614593778165442e-01,8.269593302077445085e-02,5.903530715254936556e-01,5.259806479753801334e-01,5.942223599508131837e-01,3.403668625354739907e-01,8.056070341072091301e-01,7.109298708301153846e-01,7.617754026369867315e-01,6.546903100144301213e-01,4.307270315321907184e-01,3.375836228002714323e-01,2.929385776810078390e-01,6.768997684440020146e-01,7.228834634031238160e-01,5.069704954343905445e-01,6.939538677356843488e-01,5.824797571288096165e-01,7.538388123726015300e-01,3.644497258525258854e-02,6.386405077465503455e-01,8.222020941624574863e-01,9.619148834255736302e-01,7.853519542920799346e-01,7.817098251130388809e-01,5.085109353238780328e-01,3.222348619069296261e-01,4.176947102185060712e-01,8.092742521405369427e-01,9.617306176304447618e-01,8.626274207017543549e-01,7.829391601833948222e-01,3.366144197735768673e-01,4.996368769173628044e-01,3.319101954410647037e-01,6.789913821121162929e-01,3.097432426935124439e-01,3.091169620876536572e-01,6.310401727301103714e-01,2.172505417222709012e-01,3.138477560855516546e-01,7.261693125072958832e-01,9.400795696310110250e-01,4.813769922475597540e-01,5.364446036382846117e-01,2.807932968320960287e-01,7.143304377681614081e-01,8.927602756137091866e-01,8.389934089702913989e-01,9.804014278339781563e-02,5.738470921898494170e-01
7.788606520367717945e-01,2.575352323792591269e-01,7.167698679883304225e-01,7.663848593223768768e-01,7.865352196674231244e-01,6.293879633131178597e-01,5.050959730992409247e-01,5.467240206055112850e-01,0.000000000000000000e+00,6.016950310755713183e-01,5.807676964578252221e-01,6.184119123082951752e-01,8.183945147507948326e-01,8.882237827332308822e-01,6.264084290818968670e-01,1.854029978852405058e-01,8.226966784469548211e-01,2.816514050846173900e-01,4.091097453377291471e-01,6.677174884287282453e-01,5.740164682866119028e-01,7.066333107974080985e-01,4.755802541883247248e-01,4.683225990704980024e-01,3.122495936658456483e-01,7.708527547406266445e-01,1.916206853163350265e-01,9.534486406356833532e-01,2.013640521938994676e-01,5.845699673917397199e-01,9.017803968692139974e-03,4.856865549427020756e-01,5.840742211691061225e-01,7.749568171398095728e-01,2.850785618186449377e-01,6.413992227520971118e-03,4.534068717093486245e-01,9.654247034508213199e-01,2.095608966002448503e-01,2.645687482567882221e-01,7.464091299813658820e-01,5.591966031492259237e-01,8.350750784146317995e-01,3.727675529133939181e-01,7.351315966725349149e-01,7.807854399617858432e-01,7.360927395818879226e-01,7.538999726801478563e-01,9.319542180263409303e-01,7.457727836859785464e-01,7.921715456064974958e-01,5.966977637628143594e-01,4.334203738551348217e-01,1.467018639395123170e-01,8.626655994591569954e-01,4.676125431982749991e-01,6.704230056193066778e-01,7.947677266242711980e-01,6.877528117832379939e-01,2.258288555954465204e-01,2.870364886555925588e-01,4.126528137836432686e-01,6.504340144648482758e-01,7.264914188799108663e-01,5.299065912851791404e-01,3.815683314084961086e-01,3.094642352603075297e-01,8.929663711141413440e-01,3.288053844312454066e-01,7.494305705861474820e-01,5.496570434792275028e-01,6.123385846424358459e-01,9.830353963457838518e-02,4.675960426204881504e-01,5.980918083554713771e-01,6.501228548764925730e-01,6.717710248014591157e-01,7.018786707524901081e-01,5.105207885081834984e-01,6.137657417347133215e-01,1.132298066110714041e-01,9.697689062893110057e-01,4.444321104900318953e-01,5.277981883615905367e-01,7.596713486007249383e-01
8.811469228675538057e-01,6.417229711464098596e-01,7.514589469685920564e-01,9.975976948055962357e-01,8.158867916006619092e-01,7.766677120687623948e-01,5.919213854301651478e-01,2.518631591219127053e-01,6.016950310755713183e-01,0.000000000000000000e+00,4.436215804133534779e-01,1.955063317383092247e-01,5.381115224827195953e-02,3.009774836749127269e-01,2.831184475552596669e-01,4.154358395627573142e-01,8.173545966293029874e-01,7.430151597243432882e-01,5.623785142822416150e-01,8.446561905973615225e-01,5.537835814788854005e-01,6.916825590930708589e-01,5.616706488775423667e-01,6.154151577837189135e-01,2.956668271532510994e-01,5.725206891641898554e-01,9.637894754808108422e-01,6.544851879736912625e-01,3.013957893486391981e-01,1.891262694495500218e-01,2.649313815758054524e-02,-1.329284277682084014e-01,5.475989076552650880e-01,8.738037914446681320e-01,2.982174532269226130e-01,2.836528361902822537e-01,3.310314336072116004e-01,8.219484400523524581e-01,7.819444866038351982e-01,6.179215766634562623e-01,3.888502049795528048e-01,4.564195255886697722e-01,3.170371495803308570e-01,8.225445020473636237e-01,7.350471524566527526e-01,6.305043924380687725e-01,9.907508679223563375e-01,9.629567021377063440e-01,5.528579987719210997e-01,6.747997497770329423e-01,4.689650469300676860e-01,7.334653477232901952e-01,2.421319163725930146e-01,3.694085862247989405e-01,9.842833358459689430e-01,1.664025126613777328e-01,9.794423109280032680e-01,4.001685005573300535e-01,7.513342869925008216e-01,3.405763779754985565e-01,2.721902170673446419e-01,8.380514165859954678e-01,8.763077227219723264e-01,4.785619173395856407e-01,6.338249002584626091e-01,5.055416160235769452e-01,5.004302927612073182e-01,4.168466097734442877e-01,5.621374725102997738e-01,4.474438113014229668e-01,3.540771136607618330e-01,1.146245732820746072e-01,7.401633151135634803e-01,4.883669259023944442e-01,3.018109062399675913e-01,8.503167333351708823e-01,5.648917373913835416e-01,5.921816272722024710e-01,4.910942817606549493e-01,5.845670125668510630e-01,4.899981670851262239e-01,2.262690306707228483e-01,2.258846414630255595e-01,4.866705751401413926e-01,5.835904130132358869e-01
7.002144261394855906e-01,5.734461127778299749e-01,4.897543482214610222e-01,4.582870940451665431e-01,2.848594604647027850e-01,6.706392413675508202e-01,6.136278850483494196e-01,3.839625982254074588e-01,5.807676964578252221e-01,4.436215804133534779e-01,0.000000000000000000e+00,6.497776374892846318e-01,9.990030370994475994e-01,9.082296488731204098e-01,2.513487531057655988e-01,7.771407621559404122e-01,8.581732220225997132e-01,5.526539090131972198e-01,1.255103081335298409e-01,6.086644541268845243e-01,7.088501568987690682e-01,8.024350750919954089e-01,7.854981005381215242e-01,5.406476923258284328e-01,5.098701565460562746e-01,5.821999791932366275e-01,5.884096730394523522e-01,7.738906921090280555e-01,4.467419559792969175e-02,7.355072720206681236e-01,4.233583261593849567e-01,2.849334806827227284e-01,6.662461288776544421e-01,7.236298323344412253e-01,4.755561576481496799e-01,4.012416332518911055e-01,2.890347442439267778e-01,6.264673639945995687e-01,3.638250444751632839e-01,4.355817371666113602e-01,7.759661208309676095e-01,9.662529641133336122e-01,7.191876876092646587e-01,7.640459184644704527e-01,2.769233315261340755e-01,2.767252286533006811e-01,7.780590587042051087e-01,5.238120782023646393e-01,2.764194186337984860e-01,5.229046133437247335e-01,4.375157474752798259e-01,5.145833903306429313e-01,7.306666929777485553e-01,8.440406860197916528e-01,9.384027869633499996e-01,9.596251661573579339e-01,9.666533486196591252e-01,9.331260634075365656e-01,4.233206342296390590e-01,9.028454866793021727e-02,7.729009180036255922e-01,4.645558341973240468e-01,6.167075182086669827e-01,9.093034740323364673e-01,6.064509490130657321e-01,5.146198122547063214e-01,9.005165105165237049e-01,9.109958802191187033e-01,6.731205885426440050e-01,7.640881557906508137e-01,9.723697083244331463e-01,7.365196393696411548e-01,7.231257873773129230e-01,4.525654152963565213e-01,3.803645634713937462e-01,9.645817986051875570e-01,7.599830343650515463e-01,4.769756643309455146e-01,7.005918511634157131e-01,6.340700478791913008e-01,7.789646429363860092e-01,8.368448310808163093e-01,8.679975018665826436e-01,2.102181898541956862e-01,6.824445805079994987e-01
6.624747783001831980e-01,8.825582131511786610e-01,6.192982553003524293e-01,3.232503067945344255e-01,8.694138471649897060e-01,7.150183660049905798e-01,5.994178205178861685e-01,5.423036084982376659e-01,6.184119123082951752e-01,1.955063317383092247e-01,6.497776374892846318e-01,0.000000000000000000e+00,2.322233458628122915e-01,6.951610043012454998e-01,9.103041815318962948e-01,5.225316717933440325e-01,7.020500262804909575e-01,6.653909907458871453e-01,7.015348013933592197e-01,9.198410831910932561e-01,7.212457779575748296e-01,3.360273335412874429e-01,3.806458710519323718e-01,9.320052269840682913e-01,2.586270667855723460e-01,8.429152617540270898e-01,9.110903691856697684e-01,7.452074178220416956e-01,4.147731399791728668e-01,3.640244617168226782e-01,3.609986607506864287e-01,3.044554206449418543e-01,6.832183968270139074e-01,9.005843238965113295e-01,4.337779078684308454e-01,5.742807593192169602e-01,1.299918079797973969e-01,5.964997990034924813e-01,6.799635458497915730e-01,6.436326161441775495e-01,4.076363444347195220e-01,7.158354763438439239e-01,9.406998049574745169e-01,4.540873943194331241e-01,2.704777257815190739e-01,6.086225389542285757e-01,6.764608139876645554e-01,7.430011239693166125e-01,5.426170580950500089e-01,3.316607687964475693e-01,7.951610990524196065e-01,6.604750773238886596e-01,6.537888502350843734e-01,-1.759096879378881373e-01,2.791141078464047243e-01,9.713606905896119414e-01,4.587015841646961967e-01,9.737704884023992147e-01,9.355709663694574685e-01,4.669560982485272682e-02,5.837232070173229426e-01,6.858498873139339258e-01,5.597830325903396798e-01,9.581818714081981048e-01,9.188124988753133549e-01,7.232516520322032072e-01,7.804260647950809204e-01,9.952256819640183938e-01,7.350554658776493611e-01,8.121708013229627099e-01,8.136409788480101213e-01,7.957649835263562732e-01,7.051185293873110105e-01,4.778975196180860752e-01,5.147255221905842060e-01,7.373533588649876513e-01,3.191025810454161671e-01,6.943511265078810002e-01,5.201633131432865653e-01,2.664111702911635682e-01,1.884862915633966907e-01,7.727396359737672693e-01,9.837934031811839120e-01,3.127443641797723606e-01,3.882981821058214544e-01
9.690269927911712156e-01,3.607101164177438646e-01,9.251192333630458009e-01,7.992997408701316697e-01,7.503553879116533487e-01,6.115593179871916529e-01,4.950166542610457410e-01,6.233498947061794082e-01,8.183945147507948326e-01,5.381115224827195953e-02,9.990030370994475994e-01,2.322233458628122915e-01,0.000000000000000000e+00,9.982587972637781970e-01,5.188220199351663009e-01,6.067325402024493775e-01,8.476297136301604862e-01,6.086421865995343961e-01,8.757672654292323333e-01,6.632340371005583934e-01,8.318715970199881404e-01,8.457308803126724062e-01,8.178491849143794123e-01,7.076098427413988201e-01,4.058895909945750002e-01,7.022626243097328524e-01,5.848870817360016794e-01,2.090302461201226092e-01,3.124073902115367396e-01,2.487329146423838400e-01,3.444008294545355398e-01,1.915526969015297065e-01,8.697650451143923434e-01,8.777729349306958584e-01,7.292812257140643961e-01,7.886044521143578123e-01,4.849401010270377177e-01,5.271025830222606512e-01,7.240585940002461918e-01,5.438746263839667749e-01,1.962233213134071397e-01,7.887359014582892014e-01,9.585934084886555961e-01,3.412535684453545937e-01,8.204562556809263940e-01,2.250320636057034362e-01,9.266411483575134334e-01,9.724595903647696993e-01,6.703948677317042026e-01,7.890112213167143063e-01,5.659244190287807674e-01,8.521619105081921219e-01,7.870762583586818906e-01,2.728852860444171968e-01,2.180883408964244818e-01,6.982943300792660013e-01,9.463944031643622967e-01,7.219166652245780913e-01,2.862354451444437675e-01,2.794225298339151342e-01,-1.578715025378158165e-01,6.093216468647743023e-01,4.624617963265562764e-02,6.576651692063590904e-01,7.230397790736773356e-01,5.603186104790911642e-02,9.999474143839859330e-01,3.110051648700279392e-01,2.077202549545220656e-01,6.585862141449965179e-01,9.110738925727792648e-01,7.686066603667482955e-01,7.597348644977197640e-02,7.284874480679226494e-01,2.156537704672703837e-01,8.542563108231383540e-01,5.877205035465443705e-01,8.856554207173163995e-01,3.502589644595937579e-01,3.582414655956249749e-01,2.914883910651643317e-01,9.267284116578503594e-01,3.578704064905594562e-01,4.663585190676428072e-01,8.359058701882523534e-01
-1.230389882422865816e-01,6.687801551640757403e-01,4.192050400493173568e-01,8.422459098457941717e-01,8.466834952378234913e-01,7.010038914323520887e-01,7.570393614196196941e-01,6.384600585706950993e-01,8.882237827332308822e-01,3.009774836749127269e-01,9.082296488731204098e-01,6.951610043012454998e-01,9.982587972637781970e-01,0.000000000000000000e+00,7.982203586891655211e-01,7.136326895417911542e-01,7.521442036396912556e-01,4.232256870151810402e-01,7.464951538762643057e-01,6.140057362741767610e-01,9.843076555129147698e-01,9.175540216511949287e-01,5.154557966097245147e-01,9.432097463572841622e-01,4.179254831605863085e-01,6.691085600111235099e-01,9.966983774874050850e-01,5.416325234277038492e-01,7.552748596051495067e-01,4.582489297584463883e-01,6.454780496451526517e-01,5.697449570256682971e-01,4.128378457516578282e-01,9.541253700460665677e-01,4.971518110539162039e-01,6.450147230493497030e-02,2.451467994947507389e-01,5.989047989130846794e-01,4.263910575494582744e-01,7.118809366768857894e-01,3.663505021166243436e-01,8.680154995357312053e-01,6.887491872350690603e-01,5.382649503690439818e-01,3.687913330164550030e-01,9.571711321938297656e-01,5.698102008179178890e-01,6.230265130196219747e-01,6.850375437040259197e-01,6.122806463249780284e-01,7.305425193462539157e-01,3.926919002716422469e-01,7.529057753200047998e-01,3.257828418425730566e-01,5.571618161137578129e-01,3.823806474158063518e-01,7.239307338268051728e-01,9.884116934613296213e-01,7.441988103113803543e-01,4.782405406303729539e-02,1.309065628975028817e-01,5.356441992300149391e-01,5.315991866765508167e-01,2.613915860241193823e-01,9.668289889263399495e-01,7.962468758085725629e-01,6.773956895683437285e-01,7.855159299459331113e-01,1.746260736738884378e-01,7.491697266057982807e-01,5.817352094190685330e-01,6.289721848730571718e-01,2.957414281503659703e-01,3.103218220300150709e-01,4.043697257556854718e-01,8.342744931885324178e-01,7.271701335457384507e-01,9.770938266843728348e-01,1.885195679690499782e-01,4.010202296551517720e-01,6.075363850641294361e-01,8.635360025463836298e-01,1.889925263847145320e-01,4.992847594630847041e-01,8.758053442224159602e-01
7.655392129437951221e-01,3.526745191212276032e-01,9.422653338348059293e-01,5.857515687282658368e-01,5.897396736072110235e-01,4.888963513812816797e-01,3.698101136860363347e-01,6.284174522385594930e-01,6.264084290818968670e-01,2.831184475552596669e-01,2.513487531057655988e-01,9.103041815318962948e-01,5.188220199351663009e-01,7.982203586891655211e-01,0.000000000000000000e+00,4.551468578836259660e-01,3.132275321166119175e-01,3.166930024653061837e-01,7.997073937433110125e-01,2.113393504026266911e-01,7.573042054908691867e-01,9.712726583395691060e-01,5.625288456328907394e-01,3.046785655753763145e-01,5.746203230897395375e-01,4.363208147153035954e-01,4.840860041625819621e-01,6.493830109233683645e-01,5.558328463917427964e-01,5.690951324397334199e-01,1.364972938743538866e-01,6.887919016475346767e-01,7.826319938271554255e-01,1.333551234490784089e-02,5.371543643179937932e-01,5.010131403947311046e-01,4.355418057993673542e-01,1.812456185298483846e-01,8.596472010021503074e-01,7.877627026934594934e-01,3.523553798417067839e-01,6.003769770401095052e-01,8.380847554472229399e-01,4.889773496254110063e-01,5.435558368529583850e-01,5.624177705977626562e-01,4.130716632119407761e-01,8.079101399322604626e-01,2.706196866020583180e-01,3.271655177527848374e-02,5.063962269671066219e-01,7.376125271724917054e-01,7.263988061032120580e-01,7.014320984458005670e-01,8.043395424385272330e-01,7.608846628287182501e-01,2.513940026405321326e-01,7.304236630567001454e-01,5.900053895086506683e-01,5.688934055193488604e-01,6.289346145042920000e-01,6.296292772730265330e-01,8.813782560274947553e-01,6.166318665603930382e-01,7.088819912522803524e-01,5.866082893522374109e-01,4.879204843651190338e-01,5.069009526710370750e-01,2.544091115972022532e-01,4.145176350670386478e-01,7.507893131519907115e-01,7.504958396811857169e-01,7.930134377035882309e-01,1.567427187386780663e-01,3.764671673230256532e-01,7.824569110585832821e-01,4.481449009513338577e-01,2.921879842219892165e-01,6.995397615856177032e-01,5.209729558365937541e-01,2.825819608162951635e-01,8.841101177764916219e-01,3.656697181055051926e-01,5.549125966559013134e-01,9.171564815706331197e-01
8.194872761171726472e-01,5.872778578304790331e-01,8.796261522819622813e-01,7.319988525388625433e-01,4.303254545808417042e-01,7.989533976788042446e-01,6.660381671521071745e-01,2.301613079337063161e-01,1.854029978852405058e-01,4.154358395627573142e-01,7.771407621559404122e-01,5.225316717933440325e-01,6.067325402024493775e-01,7.136326895417911542e-01,4.551468578836259660e-01,0.000000000000000000e+00,8.377191312175549243e-01,6.110923769683820339e-01,5.299775245855542494e-01,6.114405346425232368e-01,5.271697145897922265e-01,6.074360121762729658e-01,4.404209116887813913e-01,6.924269881172759877e-01,3.153064454315274157e-01,2.287221386276603319e-01,6.255744707349332190e-01,7.236372270557400732e-01,5.440434099380724309e-01,3.999686354562607127e-01,2.593345582769255309e-01,6.594567732759883949e-01,4.816423801592426002e-01,6.355557090930347153e-01,7.106669542263061023e-01,3.827485357621481232e-01,3.080763632096103488e-01,4.902979332857624883e-01,8.791084915560769542e-01,9.109868494922158666e-01,6.247175785892717936e-01,6.194953746739489953e-01,9.515070613924937470e-01,5.403729598481263885e-01,8.342610313615748119e-01,3.031161622785333298e-01,5.212724537583255380e-01,5.627000446313279447e-01,3.848666470547066343e-01,6.715592753546492100e-01,8.544476214321857777e-01,8.985716176901419328e-01,2.989748543768970812e-01,6.616889159430728862e-01,7.156690948675201724e-01,8.382077267070033866e-01,2.523800673204933398e-01,3.863701426533764360e-01,9.449470872249168263e-01,6.063851229947592181e-01,1.201222755931885405e-01,5.419212006197443587e-01,8.641377573529818168e-01,6.006216907771400049e-01,7.949195021898238789e-01,6.149921508361703149e-01,7.553654271567241674e-01,8.433171689386129710e-01,3.808374581160484107e-01,4.522743277070274126e-01,6.827267243475805270e-01,8.738177299604068526e-01,3.884907153257375345e-01,5.449803355883620082e-01,5.968807119552128615e-01,8.414299828466377251e-01,8.960959053985247946e-01,4.785189643577944518e-01,1.491109591221190800e-01,5.955181785080964074e-01,9.450050116623083529e-02,5.104230724216020088e-01,7.222990960419549689e-01,5.604188127161480182e-01,8.606463390592601348e-01
6.090259577520195089e-01,9.558479162586422939e-01,8.997148675654458305e-01,7.204524678954008499e-01,4.703107072466640726e-01,5.350553847052981205e-01,-1.871131995561161609e-01,7.937933677294173318e-02,8.226966784469548211e-01,8.173545966293029874e-01,8.581732220225997132e-01,7.020500262804909575e-01,8.476297136301604862e-01,7.521442036396912556e-01,3.132275321166119175e-01,8.377191312175549243e-01,0.000000000000000000e+00,5.851687213681106003e-01,6.739273544578222586e-01,5.026021496597462557e-01,5.182136948353789352e-01,4.320051047816745315e-01,8.187740238781939794e-01,9.637532743502794652e-01,7.155970423724518081e-01,5.158582213229186975e-01,4.377965691579999152e-01,6.364208706840672747e-01,5.907136707656868158e-01,5.728653905875150110e-02,1.657822316266310547e-01,7.052303804293612588e-01,2.694765948597389604e-01,4.791464033488767593e-01,7.934395374086914421e-01,9.164967582106249289e-01,3.950098978728682209e-01,6.080221353004574558e-01,7.969527619308847122e-01,2.364235446448926248e-01,3.259642657221343276e-01,7.040720134132530950e-01,6.839537743934568370e-01,9.579528030978098352e-01,8.048789450108242427e-01,4.499578160329506527e-01,8.307873048126211968e-01,7.980553638503289360e-01,2.872685834668321503e-01,7.512631848127147016e-01,4.207782848562018896e-01,8.099716493219745184e-01,8.583814479342064541e-01,4.640356264438136868e-01,9.382036647991127687e-01,5.236988793216909022e-01,9.174733070356001496e-01,4.485115309119360183e-01,4.208012413473636859e-01,4.005925937097166711e-01,3.333684445198253909e-01,9.234831404093705176e-01,7.376470810336948070e-01,4.635728826038612027e-01,6.259399892040024005e-01,8.799870960626494654e-01,8.676054843396572291e-01,8.586495752289221572e-01,5.230664742053101612e-01,7.742551670788092588e-01,7.118658248923760423e-01,8.308714196057432888e-01,3.014794457988589915e-01,4.599044111166037396e-01,8.510300883489785306e-01,9.956223837411933841e-01,6.612181704436370655e-01,8.272944920463721763e-01,3.764348578330995454e-01,2.778463245234090717e-01,8.025869696508478590e-01,4.692893311503221754e-01,8.450121754690336218e-01,7.057485692165583746e-01,9.928059709286698453e-01
5.766469079292771971e-01,9.106938521756547944e-01,8.227877946535089304e-01,6.983842686408450184e-01,4.172028525028165791e-01,6.375691777410517069e-01,5.677285292390206184e-01,5.386086066346154055e-01,2.816514050846173900e-01,7.430151597243432882e-01,5.526539090131972198e-01,6.653909907458871453e-01,6.086421865995343961e-01,4.232256870151810402e-01,3.166930024653061837e-01,6.110923769683820339e-01,5.851687213681106003e-01,0.000000000000000000e+00,4.023281970773074923e-01,4.707018936448394975e-01,9.513476173754976672e-01,6.459451705172345459e-01,8.508151274064651437e-01,4.688610811723688543e-01,6.383995335520598058e-01,6.655139115357472379e-01,9.984842365647796925e-01,5.104541517096284897e-01,4.625890451187258390e-01,2.630298136301107981e-01,5.739570271323859996e-02,5.185986733109324565e-01,9.517060379974786599e-01,5.157013056276772422e-01,6.457447262380752173e-01,3.131991706771892758e-01,3.209390116613018429e-01,5.308575380270496025e-01,6.134126681343206045e-01,6.728932408255240416e-01,4.180631209964363326e-01,2.031460117049375680e-01,9.521508988973981236e-01,4.902504940396800737e-01,7.755496201593694572e-01,7.004104425481797458e-01,6.318033253042483199e-01,6.563208434307535866e-01,5.062803218104281466e-01,4.244988225767912238e-01,3.146360205453327952e-01,3.158788183796646387e-01,9.056484083298917964e-01,5.409472477816011926e-01,7.153588357892776139e-01,2.892351283460204980e-01,2.414498953175552368e-02,4.004129385557858023e-01,8.660969001281325630e-01,6.131731803916625756e-01,5.492070604252676791e-01,7.449855125944020440e-01,9.195164528217470989e-01,9.519982407784893796e-01,4.331767156131505203e-01,4.861170172075526819e-01,7.918670274146633048e-01,5.148406811676768946e-01,4.773673698175403546e-01,6.380285920936394906e-01,6.174487968957806938e-01,7.764708131396734769e-01,6.484028277375138982e-01,2.071806690103976945e-01,7.074802696404460800e-01,4.694696693272538690e-01,8.668541511859186866e-01,5.599667880673827591e-01,3.032087604985645446e-01,5.923730183728027621e-01,6.611035443501666053e-01,8.072644579641367057e-01,7.031458619618600192e-01,3.152285474942990995e-02,4.441388847082352043e-01
