0.000000000000000000e+00,8.814883598107107199e-01,5.865655167157660665e-01,2.867618182197066989e-01,6.817284123290257014e-01,5.705514675017471227e-01,4.400898553802167212e-01,4.730452668667305405e-01,9.220720348042414916e-01,5.618297262708793916e-04,7.000435480665145871e-01,7.743819722080879098e-01,5.154879729595184257e-01,8.188660061486607855e-01,2.960517908336636195e-01,5.037775582449481870e-01,9.275114949154492638e-01,8.572648310602452026e-01,9.477910979866208674e-01,9.407966349087737434e-01,8.105678116351511253e-01,-9.072737176051010044e-02,6.081428876306828046e-01,6.896195551041804928e-01,6.460306106873718868e-01,9.024106956149410275e-01,6.908802504490543228e-01,6.544886213470606506e-01,6.908811303303235007e-01,4.213485685470863551e-01,5.154245912140049679e-01,6.516198724171677892e-01,7.173098792581401595e-01,9.756276580691185529e-01,7.194939927927450629e-01,1.089437803052785841e-01,2.953150468896101333e-01,7.267700791295754748e-01,9.855158831316500612e-01,9.281724147044674300e-01,2.197652209353042063e-01,5.037853976449845339e-01,8.436147437741212674e-01,7.152558833959896667e-01,6.585439281623687302e-01,9.637358110515055198e-01,8.520508181542976178e-01,9.532928679805611205e-01,7.448819775576878133e-01,8.980388527476697025e-01,6.556209337295331174e-01,4.320347430634537966e-01,7.292556063560622359e-01,9.842254552072621232e-01,7.090873780207055388e-01,6.918453494729327469e-01,4.106859191032496970e-01,9.813308731572308874e-01,9.647644117640425954e-01,2.845732617158332478e-01,3.348230213471831140e-01,9.862446084317694206e-01,8.402265101741552833e-01,9.203002334238030713e-01,9.148458597810307236e-01,6.906312985317424324e-01,5.294356902274034438e-01,5.609228898376104056e-01,5.098841988739313269e-01,9.796838555058685616e-01,9.282424538538396330e-01,7.481396607039193514e-01,3.711728353199484909e-01,1.788663906391594338e-01,6.245092337649806868e-01,9.136832533547227797e-01,4.181644483677520174e-01,7.614151512362775653e-01,4.788960140039233426e-01,2.951977858156313861e-01,6.843482722006527519e-01,3.727210242366102433e-01,7.343111566778557364e-01,7.718707814041747550e-02,6.216020289629549112e-01
8.814883598107107199e-01,0.000000000000000000e+00,6.277953928629734781e-01,7.790129536961395429e-01,4.994937784905812972e-01,2.541328399862523013e-01,7.210304396548148365e-01,9.198754595772650200e-01,4.796399327269868507e-01,7.955554787325362920e-01,8.275971223097275953e-01,8.047278778179325354e-01,4.930299801405104709e-01,4.910651899396900610e-01,7.344537541392320845e-01,6.786657318367949054e-01,8.312061779337455159e-01,2.738955066244544989e-01,3.445420148964397633e-01,6.131436608935599830e-01,6.282705809582498357e-01,6.845909321453649277e-01,6.384069871419394415e-01,6.020788624693855784e-01,5.416251757005665635e-01,2.695689047963317764e-01,6.396821837896443652e-01,8.611041930599988570e-01,4.583822942310247783e-01,5.339572726121093460e-01,2.115962382555926502e-01,7.686981371914879402e-01,4.910978107711617136e-01,3.719387307338528625e-01,2.566465086084377956e-01,2.932722599938868413e-01,5.499257525935482560e-01,2.195211540548799856e-01,9.159217221877568038e-01,6.980814243478391523e-01,4.908641395730964363e-01,6.002103303372778864e-01,9.429099764287393048e-01,6.062086679783994514e-01,4.869224783964096748e-01,7.715314901959198224e-01,2.005629305557024566e-01,6.304856338650343117e-01,6.151124245635571086e-02,6.022467616372046972e-01,5.986563145031891242e-01,8.628782945337789556e-01,8.343862111531672454e-01,6.620199795908370266e-01,9.150393412845819752e-01,5.990671262663845864e-01,6.971786818063582247e-01,4.173914972062832685e-01,2.466974356775448185e-01,5.026478492585806368e-01,5.299256745705392957e-01,-1.905774938202274005e-01,8.433814082401969170e-01,7.408365474901277281e-01,7.074088463902697965e-01,8.659676467693354640e-01,6.151625825956342775e-01,9.044610901493311816e-01,8.043427737999430116e-01,5.763262285369148419e-01,4.097115218309913542e-01,7.244529846465234124e-01,6.956637194796555512e-01,5.777837481203200731e-01,5.403825249102872652e-01,4.706863909716200167e-01,2.317479601842216685e-01,4.195047468093764387e-01,2.728848206792955922e-01,4.972875001458870181e-01,5.697129800022853185e-01,6.162297068351149099e-01,8.958190713038645114e-01,4.752843424309300957e-01,6.759786542869345993e-01
5.865655167157660665e-01,6.277953928629734781e-01,0.000000000000000000e+00,2.649031860716635767e-01,6.975029645555643754e-01,5.964767064514178152e-01,5.734282270131926262e-01,7.648115330861786632e-01,9.198331871208331734e-01,9.702096019630441770e-01,7.165864378427497794e-01,7.739277646409901124e-01,4.191587188029983202e-01,9.391742007703597350e-01,2.793327987551803004e-01,5.033504080940610637e-01,7.833395764705670672e-01,4.636656149965706630e-01,7.493199234065279768e-01,3.382147772206561820e-01,4.537347714318044622e-01,4.851348651942716250e-01,9.213254647875918080e-02,9.851545500342364647e-01,8.690367201277859888e-01,6.630528182576452823e-01,9.918921096649806479e-01,4.753920815661792920e-01,7.356830852026069456e-01,6.156937085496411166e-01,4.777032553189016761e-01,6.168771447794274554e-01,4.062381058685745616e-01,6.475823090285636185e-01,6.612773454676748042e-01,2.244108993690938914e-01,-3.931391274425535820e-01,9.084533029547633420e-01,8.580459930742283525e-01,9.149716279285116105e-01,4.100221351480101140e-01,6.355489108242562413e-01,7.153649620216782079e-01,5.826251070232140172e-01,9.006530213505355986e-01,6.112632416732137752e-01,7.181998194302979810e-01,8.701155656631366364e-01,2.524667159622563384e-01,8.748621856074969561e-01,8.445973847932531919e-01,6.516179287017295207e-01,6.703060536029926686e-01,6.916265570107441585e-01,8.003943850923798120e-01,2.623140778797779515e-01,7.018248103721306252e-01,8.715785372465036929e-01,6.525377888606289645e-01,6.541279706212920209e-01,4.009886608304250588e-01,5.371376161453025322e-01,3.781224640749449861e-01,8.965323362446613320e-01,5.826904357399175227e-01,6.329090756677248075e-01,8.927662788796674187e-01,9.259752875690833163e-01,9.149874388353792520e-01,9.741301561512341056e-01,4.132631224522188562e-01,7.433760292194566688e-01,5.345287605807858000e-01,4.660522068696653641e-01,5.792721110908405358e-01,8.294848587872216683e-01,9.816685384514080015e-01,8.964380507926028585e-01,3.206105236750846355e-01,2.618297857924273275e-01,6.374284650791776086e-01,6.948808436939533095e-01,9.718671652514626613e-01,2.911534186799463186e-01,7.663521322335722363e-01
2.867618182197066989e-01,7.790129536961395429e-01,2.649031860716635767e-01,0.000000000000000000e+00,8.324868305069024199e-01,3.430183992829734518e-01,9.994755423655684590e-01,5.823040886137181849e-01,1.886065424995388429e-01,4.632916593929752858e-01,6.375242837163108689e-01,5.954371505270905640e-01,2.356849716472621259e-01,2.245376676115794223e-01,7.281498408231062980e-01,9.815221332633676798e-01,7.253907227382586642e-01,9.696893293699416772e-01,8.657109026560012577e-01,7.490541253642445385e-01,8.601124617299927833e-01,9.376253663222045009e-01,3.687438411669372584e-01,5.852206908282814313e-01,7.737168558792583140e-01,4.414597263589082332e-01,3.466704023706989601e-01,4.010140750919717889e-01,5.015048051901834780e-01,-1.968768346682059356e-02,-1.880262495052364147e-01,5.940489944886292450e-01,8.240097640841199667e-01,4.584341359457482779e-01,5.315237867500580693e-01,4.810760650922600856e-01,1.362733967772465637e-01,9.543837932023424564e-01,7.899124575875340337e-01,1.215962368470928923e-01,4.680448311328083699e-01,7.613062456229098274e-01,9.669834850648715285e-01,6.352373981395670333e-01,6.985462285160007889e-01,6.275301493183954582e-01,6.669738423852407116e-01,9.797167837424322068e-01,7.992191927126377493e-01,7.590783825461053791e-01,8.025672079999742747e-01,8.035583358516175112e-01,7.695327235922890807e-01,4.691900012877535664e-01,8.456418037056392389e-01,4.717499920928298618e-01,5.170513792202057202e-01,7.400027138329832166e-01,8.050059669289316711e-01,5.008915975974346235e-01,3.241130316863937155e-01,9.762207922835250962e-01,6.079325231313792433e-01,4.537929019887673165e-01,6.649746520257007187e-01,5.978563467167625767e-01,4.435826373080686280e-01,9.788650737110882183e-01,4.901379508395821150e-01,2.524717943918974306e-01,9.992655887065435838e-01,8.626254783102017543e-01,8.112888899241228746e-02,5.772335359734764859e-01,9.793754599372642700e-01,3.943896872776512241e-01,7.812897361733917023e-01,-5.308868479945150209e-02,1.087860292382551164e-01,4.310799082907507129e-01,5.376025232495724726e-01,8.878506686062868081e-01,7.452524665900536194e-01,4.476920388932095762e-01,3.452540822268459486e-01
6.817284123290257014e-01,4.994937784905812972e-01,6.975029645555643754e-01,8.324868305069024199e-01,0.000000000000000000e+00,9.590501440494944019e-01,4.081778857971238850e-01,1.992654818494319358e-01,4.134249703116241736e-01,6.801089616026807505e-01,6.629479660060243473e-01,3.304652107848464193e-01,4.336245141418612059e-01,8.770132428181358630e-01,6.792786534869763582e-01,8.966850241494002116e-01,8.287440518347948260e-01,5.208424988401054723e-01,7.359977128099411958e-01,2.062029432882914182e-01,8.955403874741207915e-01,4.269308848939272205e-01,4.952885891655084971e-01,9.434645771881916554e-01,7.698313731010572036e-01,7.021757029132122963e-01,8.112625481474869948e-01,6.768103782974362881e-01,4.867419836612063011e-01,2.171149459414519478e-01,1.438910314498790810e-01,4.223459004895453450e-01,4.312562176071407238e-01,9.990047943806592556e-01,6.486838545133017941e-01,1.026712951553022946e-01,2.520951797643107839e-01,6.090165230895827619e-01,9.445478622531674473e-01,9.826227787003162240e-01,7.419033854096688252e-01,5.264836147204565719e-01,9.082093371309948315e-01,2.815145184619266550e-01,5.514342084014355327e-01,8.489276182719508457e-01,4.158646422292061606e-01,6.450205901497152450e-01,5.085152045366021500e-01,5.570786996131582569e-01,6.958782721982134101e-01,7.034967183532387924e-01,4.995773845023762649e-01,4.362894952538572957e-01,3.749031859220572915e-01,9.949237035612992219e-01,2.835803053192862966e-01,2.233162771141314062e-01,4.256621427738254693e-01,5.546187093991120642e-01,4.274201343265166542e-01,4.663232089532559077e-01,7.425173162052750575e-01,8.609434292583888482e-01,6.597097427452689455e-01,4.022098883123356727e-01,6.469357422610602648e-02,8.333122739890576058e-01,6.388519175217813872e-01,3.990707945936307621e-01,9.352572736253310648e-01,5.474381195031163827e-01,9.758209983443439928e-01,7.037282706568879220e-01,7.775246241040416617e-01,7.480836434603798102e-01,8.613217945880295989e-01,2.314483378749745413e-01,4.865157692798515177e-01,2.468773340895326629e-01,4.155879860754265742e-01,6.758911479747747864e-01,5.996879990698698037e-01,5.276882681328941560e-01,5.720064750884230609e-01
5.705514675017471227e-01,2.541328399862523013e-01,5.964767064514178152e-01,3.430183992829734518e-01,9.590501440494944019e-01,0.000000000000000000e+00,4.192848997385012488e-01,5.746610718228548631e-01,1.684541939884297290e-01,9.861178105194149390e-01,4.678388082444904228e-01,4.018397883892376177e-01,6.709076914206706377e-01,4.831106329951733169e-01,5.148676824775706429e-01,5.487037230439842372e-02,7.266978113044073595e-01,2.328195034688696763e-01,5.871885313832090336e-01,8.220183752953853507e-01,4.357283762907241953e-01,3.595922740744111890e-01,3.737529902834545448e-01,9.304150184828698933e-01,6.145430709139143577e-01,9.211455241617743095e-01,4.442349843893041439e-01,7.920803756298480103e-01,2.547395539245929652e-01,5.087084166941806540e-01,4.746548846372604102e-01,3.872745067679057573e-01,5.563230159698459021e-01,6.733061031085008086e-01,7.054429188806440321e-01,7.647631393300857727e-01,1.258951219793610077e-01,5.943408844685122983e-01,9.741502172591405273e-01,7.510526272801929526e-01,2.564307842155297279e-01,7.969307276988418787e-01,2.659925494281663028e-01,5.512577101665803170e-01,4.277383949811831565e-01,1.693523390389334027e-01,6.345906232452260820e-01,4.624760871089488856e-01,5.724836249245889297e-01,4.533908781822218459e-01,-2.156420375447915538e-01,8.546754167535294267e-01,7.259967418956723151e-01,8.515467840831738577e-01,6.329699460792195254e-01,6.344374774354112345e-01,7.842829347226276671e-01,6.738968945477050720e-01,5.133987804685690159e-01,1.016058978221388992e-01,5.215071518610895351e-01,6.060398077624642443e-01,4.393276552405755986e-01,8.303182143891593148e-01,8.038681883474086964e-01,4.046063423554820959e-01,2.244581864089426060e-01,8.489860738626149317e-01,4.790121406385816627e-01,4.210939588123672750e-01,9.262405156716970733e-01,3.268290622812575763e-01,5.571320570841511444e-01,7.068426825748631570e-01,5.972089546252358216e-01,4.245314737534860994e-01,6.162790143146285038e-01,3.752353862133858686e-01,5.547869737496789050e-02,2.645166710735424309e-01,3.537805384204857351e-01,8.834795706267173365e-02,4.332568556749341049e-01,3.078423226292718029e-01,7.256184336815898472e-01
4.400898553802167212e-01,7.210304396548148365e-01,5.734282270131926262e-01,9.994755423655684590e-01,4.081778857971238850e-01,4.192848997385012488e-01,0.000000000000000000e+00,5.358300947337284459e-01,4.208940401507174633e-01,9.824760362089899335e-01,7.775108486873288927e-01,3.789898714183211892e-01,6.535797718840954396e-01,9.373922608259681599e-01,7.057303742753583409e-01,1.653512842055795129e-01,2.642248914710465524e-02,6.432022289658771985e-01,7.897144733155742058e-01,8.640750767141918143e-01,8.985261053306158319e-01,7.217748494559591554e-01,3.232269005207633050e-01,9.782140639900391843e-01,7.411837794570798055e-01,4.674727200023604534e-01,7.429106334333708261e-01,6.437089277956299371e-01,3.066912720867839282e-01,3.003006112164767760e-01,5.721799818923614112e-01,2.806832751073033982e-01,6.682804244173470298e-01,4.712188353683878783e-01,6.741374094450784948e-01,3.248014584815455685e-01,5.626411668902899788e-01,4.167213063900201409e-01,5.819673869079822204e-01,5.551264761416699889e-01,1.821359708796135290e-01,3.045326792132448390e-01,4.862282686426991352e-01,5.814622876904822490e-01,9.438973370797408835e-01,2.429616056941066304e-01,1.077475507460221166e-01,2.814619894753811469e-01,3.907575891021732861e-01,4.499494776350454472e-01,2.722738084473583786e-01,6.485319651783529871e-01,4.782028823659365546e-01,7.207349777463964990e-01,8.275736494533288967e-01,5.880035194482116090e-01,4.243807030089054577e-01,6.694098201199438769e-01,6.416413561272614752e-01,8.618444960258306864e-01,5.498275339034264242e-01,7.043845902506722378e-01,6.210331322784511388e-01,3.501082377984026661e-01,5.239686445393396674e-01,5.628133834927889767e-01,2.686080867339010747e-01,9.946667639171676845e-01,9.196636864438791914e-01,5.141380752579480795e-01,6.418342157800491776e-01,7.788698504711601966e-01,-1.367429436745703775e-01,4.254362871364529286e-01,6.863078265208609752e-01,4.659414676743224293e-01,3.436398642144241622e-01,2.438994031295776410e-01,4.252213152283143005e-01,2.677199931113695142e-01,5.214017110947595235e-01,8.719364568016845229e-01,8.828027125866290126e-01,2.202615379372494242e-01,7.682454585915844403e-01
4.730452668667305405e-01,9.198754595772650200e-01,7.648115330861786632e-01,5.823040886137181849e-01,1.992654818494319358e-01,5.746610718228548631e-01,5.358300947337284459e-01,0.000000000000000000e+00,2.452478759064406766e-01,5.625439839280605980e-01,7.603548697523150324e-01,4.035154223603444335e-01,4.957204666327578169e-01,7.380011183432781952e-01,8.997933964523506800e-01,6.831738600617208723e-01,8.114364867753440791e-01,9.352992530158097395e-01,1.122050603602737368e-01,9.967497235934660305e-01,7.304553193096492425e-01,5.480287651703991125e-01,3.080110187043099135e-01,8.836772633397850241e-01,5.089128143627027479e-01,6.887341207255740505e-01,9.239779843387383451e-01,1.546105092694989025e-01,1.788583380176397564e-01,4.983285281736549166e-01,7.816295417450318528e-01,6.883366033626853175e-01,4.887380508366724885e-01,2.618944634947928396e-01,2.740552754026337728e-03,6.837764289298775555e-02,2.297579172927879596e-02,-5.870089605437636693e-02,4.988995472797685959e-01,7.049906982503519881e-01,5.023929508165765334e-01,1.181334558378464294e-01,8.209876918855294470e-01,9.840247969592955113e-02,7.593147636326755823e-01,6.716722197813008721e-01,4.428662347914757436e-01,2.990209285217397817e-01,7.025049323849578142e-01,5.262152331390785864e-01,4.773333272724566423e-01,6.826035052085378529e-01,6.883558611083665513e-01,7.332231668449565865e-01,8.440449279885294809e-01,8.716877293113951541e-01,5.501377343522629859e-01,2.317836988789847008e-01,7.608908413948575200e-01,4.276329830253282061e-01,4.514279136152855032e-01,6.610011141794127631e-01,3.223759233472774932e-01,-1.989421725451037681e-02,8.058827560078118957e-01,6.667822212078461375e-01,5.501392525056645333e-01,8.399026201223307453e-01,4.025840504279387111e-01,6.006687593816415482e-01,6.118271641028973917e-01,2.980083622996572146e-01,2.550648468105112809e-01,4.013957462628117145e-01,4.714464665956727418e-01,6.732642714357639502e-01,4.366306742513790390e-02,6.972912326928653037e-01,3.719322126125813588e-01,2.094212527490182940e-01,7.589022881630435036e-01,8.120524487897126109e-01,8.559828612119015911e-01,2.160400480335173123e-01,5.559755197083040557e-01
9.220720348042414916e-01,4.796399327269868507e-01,9.198331871208331734e-01,1.886065424995388429e-01,4.134249703116241736e-01,1.684541939884297290e-01,4.208940401507174633e-01,2.452478759064406766e-01,0.000000000000000000e+00,6.893639555849571943e-02,6.597780925243454941e-01,2.583441407625101660e-01,9.467280500467151194e-01,8.267674844749973717e-01,6.504839180648135377e-01,2.824151628264384151e-01,9.287185024041976211e-01,4.084336980960099894e-01,5.888301883468239906e-01,7.866996386513900319e-01,9.392924564509416152e-01,2.111763327435237925e-01,6.168665127778594215e-01,6.700170561692155857e-01,7.532328693602999836e-01,9.206028295512872495e-01,7.755960936430841279e-01,7.873636055813100221e-01,7.650247922024708824e-01,2.583792525730617684e-01,7.036715204378003463e-01,3.038623865595079798e-01,6.159558804289142486e-01,1.355187548731435869e-02,6.278820791516009914e-01,5.773166946685510947e-02,3.496134654386824636e-02,1.518412343076877002e-01,8.128810073015131366e-01,8.383214339339594146e-01,4.763257861816997396e-01,7.203174682839577070e-01,4.649562732202127124e-01,7.551340429988284697e-01,6.296038681072335663e-01,8.716550497513557705e-01,2.867272074084573075e-01,5.176768356440742958e-01,4.995997517381096653e-01,-1.524915339633982625e-01,8.022099785849470810e-02,5.537129127762412395e-01,4.459971503465799403e-01,5.497675712809180215e-01,1.053467790080135982e-02,8.419930115090101808e-01,9.407171882837076504e-01,5.377107872273555467e-01,9.133667295174053846e-01,7.524853338470419151e-02,-5.775509321243876837e-03,6.593381750185873802e-01,6.371244326080615084e-01,7.284328386810188238e-01,7.354030025329711950e-01,2.941147287151649747e-01,7.987105442451635229e-01,6.457546262883018251e-01,3.672183648170361803e-01,1.226144907833015413e-01,5.225030057234926195e-01,8.335103203113304327e-01,5.300591895957387223e-01,6.723693000680356358e-01,5.130392404195518452e-01,4.938692889885760162e-01,6.139988480604214871e-01,-2.935927878503105659e-02,2.558541206807642410e-01,4.420252398559893492e-01,9.251199087684484068e-01,6.895871318620282464e-01,4.051905400594205675e-01,2.882502011467610314e-01,7.544024693418459604e-01
5.618297262708793916e-04,7.955554787325362920e-01,9.702096019630441770e-01,4.632916593929752858e-01,6.801089616026807505e-01,9.861178105194149390e-01,9.824760362089899335e-01,5.625439839280605980e-01,6.893639555849571943e-02,0.000000000000000000e+00,6.251283012716832843e-01,9.233437646075146610e-01,2.098375525997316915e-01,9.523964473672492659e-01,-1.877792158177086779e-01,4.347325858124140852e-01,6.390269259872196628e-01,4.631249406437369931e-01,8.734046633905281354e-01,6.351860778652081985e-01,8.377098599563277403e-01,4.932542990098568447e-01,4.912881200493984801e-01,4.378404152412299077e-01,5.016735392877644806e-01,2.589877666558556002e-01,9.484153110737894021e-01,5.259046299664790203e-01,3.694979439502686924e-01,7.255914361518324140e-01,5.808516443285134390e-01,5.880590089461270598e-01,9.901481588854496030e-01,4.733519421073564826e-01,-4.475950078232338036e-02,3.820039846687925955e-01,2.969664194243351596e-01,4.152085091708117570e-01,8.751524494500509954e-01,3.484515122984299662e-02,2.407998843530184951e-01,6.306691303643957580e-01,9.199620900040528237e-01,7.678164241654524824e-01,7.155296306200203960e-01,9.379603691179081437e-01,7.236787633849081081e-01,1.048906939046037740e-01,3.787153452972610301e-01,7.407256204409989886e-01,5.097182518851520183e-02,4.306285317647051691e-01,9.204313255278255834e-01,6.962561678764650486e-01,6.845971752383579467e-01,4.545661812937116797e-01,-2.389971271595092706e-02,8.402673041233255091e-01,4.093667599641450661e-01,2.979814440678640874e-01,3.203871802654699175e-01,9.687544018388863920e-01,3.322624209352526004e-01,4.172525721828968526e-01,6.586008320298111229e-01,8.262801969933406543e-01,4.974085153620555477e-01,7.672555807221821400e-01,3.421882029081296794e-01,5.010778515054626903e-01,6.856669660691659951e-01,5.900485500374879066e-01,4.025712412942886176e-01,3.352801492097521319e-01,2.005913310799224969e-01,6.045270710943296821e-01,4.352491330465823038e-01,4.082625139289053906e-01,2.651084459959160977e-01,7.258419982418052863e-01,2.023028202178258073e-01,8.520486211720776915e-01,8.393840959273599633e-01,2.217905781811107535e-01,8.351707038644405889e-01
7.000435480665145871e-01,8.275971223097275953e-01,7.165864378427497794e-01,6.375242837163108689e-01,6.629479660060243473e-01,4.678388082444904228e-01,7.775108486873288927e-01,7.603548697523150324e-01,6.597780925243454941e-01,6.251283012716832843e-01,0.000000000000000000e+00,5.413913227415102503e-01,8.720474977351488910e-01,7.061569407400430931e-01,6.230826092771725166e-01,2.901826696869518885e-01,6.983785563464931512e-01,4.840565687217543434e-01,5.397778776564547965e-01,7.565348638352490385e-01,9.702403399147366825e-01,3.316004748197464158e-01,8.620858804649742524e-01,9.183852385555528741e-01,2.050915325205511786e-01,9.044987055846970270e-01,7.119123710788436421e-01,6.843327023277121501e-01,3.860002608585884065e-01,7.405937130785675837e-01,2.073711442010026940e-01,6.591899854023164362e-01,5.650593514855288824e-01,5.814525033381147123e-01,4.081864692751402401e-01,7.526008915915697317e-01,3.715606855073697590e-01,5.443750021063947786e-01,6.838543925023624626e-01,8.010502455849271009e-01,4.584355785805777628e-01,7.676941169922446573e-01,7.453897436404008925e-01,1.807194406441665346e-01,6.904013876287260487e-01,7.810980855600995199e-01,5.821769957137863660e-02,6.563912281064719911e-01,4.804067772008837611e-01,4.780356367588742272e-01,7.543153507126554302e-01,6.684089829068826649e-01,9.324356800678150758e-01,6.779855149075745269e-01,4.695793445885196871e-01,4.961669327103797045e-01,6.323558160222526592e-01,5.423566148839324974e-01,7.295199307346632578e-01,6.186083270558989655e-01,1.593117413553989392e-01,9.734159706768432674e-01,1.490960198844294426e-01,7.454039308585422852e-01,1.728784830146961327e-01,4.653915712585247610e-01,4.071660955789140890e-01,2.085759670126319798e-01,5.276390178331149539e-01,6.985294696224026989e-01,6.314002378245334723e-01,3.674925287405317320e-01,5.279055876152112248e-01,4.427122684043046652e-01,7.919115789087672885e-01,6.493406783361475032e-01,7.341104780114445783e-01,4.628707608538275564e-01,2.108623281593792753e-01,2.851874585881263857e-01,5.848720844394468266e-01,4.031660447637244737e-01,7.264483263637888655e-01,4.913720592185295000e-01,3.972433205150272539e-01
7.743819722080879098e-01,8.047278778179325354e-01,7.739277646409901124e-01,5.954371505270905640e-01,3.304652107848464193e-01,4.018397883892376177e-01,3.789898714183211892e-01,4.035154223603444335e-01,2.583441407625101660e-01,9.233437646075146610e-01,5.413913227415102503e-01,0.000000000000000000e+00,8.537168898457399013e-01,6.881575790146202687e-01,4.509221102065480991e-01,9.380163956828851957e-02,4.567821861291348484e-01,3.595520819457067585e-01,6.688267475437985610e-01,8.562226667348298292e-01,9.307756292466877746e-01,6.418467877040372471e-01,8.793603636268402246e-01,9.700632235224941891e-01,2.432622718979891019e-01,7.196058863384670046e-01,8.506174891973523611e-01,7.164077178756930175e-01,5.993580822327616575e-01,8.789296269057339517e-02,3.348484855899414026e-01,4.372744348308016948e-01,7.730544910265938485e-01,6.475691775669238925e-01,4.332583013958914431e-01,5.628636499995431919e-01,5.112809568492285295e-02,3.245620884465706402e-01,3.437970425067937708e-01,6.369958645547757481e-01,1.577859342875826132e-01,4.974846043649854832e-01,9.259738815791918043e-01,3.648408267902665258e-01,3.599901654730980893e-01,4.082621546782392308e-01,7.473772181891642497e-01,4.647609529396618533e-01,5.452128486966871801e-01,-3.638054731223122618e-01,6.522839758494543005e-01,5.566747262825266773e-01,9.290025414035065765e-01,3.353217034597646418e-01,8.880414572351250646e-01,9.253580059430599469e-01,3.776413546466168558e-01,7.029970720471537815e-01,5.706346266202548811e-01,5.922346979491092123e-01,2.835498863412453940e-01,7.994026711210544534e-01,4.604199377962420181e-01,6.344236244291939775e-01,6.190676629296216760e-01,5.581356126385750294e-01,5.101901301582952852e-01,8.792749117410091353e-01,2.793180366700003248e-01,6.078327737955837584e-01,1.253471866391190348e-01,4.172714365727743790e-01,6.938090708636870940e-02,-2.102577245924130978e-02,3.166640361925975866e-01,3.798462662414093804e-01,7.769947119339322139e-01,3.029521541139372845e-02,6.302307768293318180e-01,3.181810594870419506e-01,6.448124784119535491e-01,7.706129143687777683e-01,4.900907576102946916e-01,3.535184778576736520e-01,5.229253790160989235e-01
5.154879729595184257e-01,4.930299801405104709e-01,4.191587188029983202e-01,2.356849716472621259e-01,4.336245141418612059e-01,6.709076914206706377e-01,6.535797718840954396e-01,4.957204666327578169e-01,9.467280500467151194e-01,2.098375525997316915e-01,8.720474977351488910e-01,8.537168898457399013e-01,0.000000000000000000e+00,7.186981707083639481e-01,7.591131133573296719e-01,4.371001657526799589e-01,6.576984277936175349e-01,5.138074288202960638e-01,8.066439306988697489e-01,8.525981930775602402e-01,6.379908731453505233e-01,9.413817033658862243e-01,5.236335872396377100e-01,7.049611652768978942e-01,5.538064502312292081e-01,6.920915317612617024e-01,7.302578061735288673e-01,5.950294471859840506e-01,6.525572290813559384e-01,4.251185834290195364e-01,4.417724479389060765e-01,4.551273050028128431e-01,6.173229863148363972e-01,8.179483895203139010e-01,6.613553442963546747e-01,5.967006230996401150e-01,7.786278433928837117e-01,8.783517962029165904e-01,6.664935954770979665e-01,2.837467163940694814e-02,5.920043791735691840e-01,7.668333629047241473e-01,7.523598017930788195e-01,4.979189362540151764e-01,8.185917165881917423e-01,8.550346196077891481e-01,6.197526459140171307e-01,4.156889682555356957e-01,9.920499585645730090e-01,6.266165470143665317e-01,4.516691710521519298e-01,7.320692368013126394e-01,9.890904362790635673e-01,4.256605278644890467e-01,9.203395833999638009e-01,8.123651121239570116e-01,5.749729183952683176e-01,3.421972006046796189e-01,3.107641621066292714e-01,5.919522320210870436e-01,2.842045591453088438e-01,7.803107486317629737e-01,7.256057625897514018e-01,8.344139326700175108e-01,7.514828489513872833e-01,5.223845243245029968e-01,3.400521807521772466e-01,8.493091329589207428e-01,6.630280543577025121e-01,5.706649029353308977e-01,3.439707340374440481e-01,6.771983771065934743e-01,3.748941272719391038e-01,6.210283470220953062e-01,5.748050464684779648e-01,9.382088958248595567e-01,9.745828258104300978e-01,6.163632976308178746e-01,1.859581977627330351e-01,5.530919760077234182e-01,6.928292592118237003e-01,8.449896360582476174e-01,7.451412352378090631e-01,2.358142577524923456e-01,7.287518297376358589e-01
8.188660061486607855e-01,4.910651899396900610e-01,9.391742007703597350e-01,2.245376676115794223e-01,8.770132428181358630e-01,4.831106329951733169e-01,9.373922608259681599e-01,7.380011183432781952e-01,8.267674844749973717e-01,9.523964473672492659e-01,7.061569407400430931e-01,6.881575790146202687e-01,7.186981707083639481e-01,0.000000000000000000e+00,6.076890698127385138e-01,9.399933587923202660e-01,6.446146664626610789e-01,6.261045630782778870e-01,6.012636350615099268e-01,9.106120416923516592e-01,6.776966265764550190e-01,5.463166255737899046e-01,8.303830883025041798e-01,5.404592284488179965e-01,1.786472528055633446e-01,9.473573098688234939e-01,9.673729042698132607e-01,4.635246968567435788e-01,-5.119139071008915742e-02,5.791493790251528440e-01,4.289939085658869278e-01,5.648979773871655174e-01,4.884717886137797116e-01,6.777135230074494698e-01,6.555535219456390950e-01,1.286286999966761990e-01,-1.401326022346938149e-01,5.570070170096151907e-01,4.972819114661836681e-01,5.226810393120780995e-01,9.945366187954929327e-02,9.491098353323655923e-01,7.517184512044517986e-01,6.463768985582466486e-01,2.172397198416205488e-01,7.520775320793621210e-01,4.079072489084502040e-01,6.627925052498492287e-01,7.971320221451523302e-01,7.158424241022125489e-01,9.277225796693040483e-01,6.806537157372857250e-01,8.825834874288471799e-01,6.806819954069074363e-01,4.505994770891919576e-01,4.511695609385109051e-01,6.095865288722395192e-01,2.968478503414432867e-01,4.375496491839651614e-01,5.061514669083168050e-01,4.652710232288014836e-01,9.787446409604568798e-01,7.074458381857031686e-01,6.124611528205007316e-01,9.874176924944224609e-01,9.361081992355495540e-01,4.039753424716369667e-01,5.176904498232376417e-01,7.527074239361977170e-01,6.013781256069377079e-01,8.791846086928808424e-01,4.090672433692117416e-01,3.758159271935246348e-01,2.333569027024036679e-01,2.865347023748256450e-01,6.192251855498482893e-01,9.627650034653005839e-01,8.585705644027892269e-01,2.100969072431815021e-01,5.884068876673198556e-01,8.434835583511716139e-01,6.818847443437642264e-01,7.715828889038152116e-01,7.979130921405365173e-01,4.063517599744809194e-01
2.960517908336636195e-01,7.344537541392320845e-01,2.793327987551803004e-01,7.281498408231062980e-01,6.792786534869763582e-01,5.148676824775706429e-01,7.057303742753583409e-01,8.997933964523506800e-01,6.504839180648135377e-01,-1.877792158177086779e-01,6.230826092771725166e-01,4.509221102065480991e-01,7.591131133573296719e-01,6.076890698127385138e-01,0.000000000000000000e+00,3.319187561499496453e-01,3.008162703524174253e-01,5.510669449674790998e-01,5.200079062545063247e-01,9.296630434963184531e-01,9.672813374950233190e-01,4.075801473861667135e-01,6.122234548753513472e-01,8.633794199237840861e-01,4.492778630664092665e-01,5.199249150099232164e-01,3.557638518496193947e-01,2.245885502171895698e-01,4.542062056242739954e-01,4.413022155846947348e-01,2.073038219595570164e-01,5.193640614421517476e-01,8.233088414624704088e-01,7.118024610849231770e-01,6.760754946417879552e-01,2.881650717846675480e-01,2.686319068139645383e-01,3.502210644252068406e-01,7.980702283661750274e-01,9.341754110946410838e-01,3.929153166354413251e-01,5.979484734263740275e-01,6.619893473377528315e-01,6.720361882572848389e-01,8.909288807060962156e-01,6.923080171812883155e-01,7.457527400495298497e-01,7.574882634191342223e-01,6.364005351841472979e-01,5.980818026715192248e-01,3.503539979389084236e-01,9.164682441981474303e-01,8.491484595770180110e-01,7.930128313183804067e-01,3.132249474975076220e-01,6.984590840618781771e-01,8.010298461865705821e-02,3.493331014282268221e-01,5.191814683490237892e-01,4.769843085439278568e-02,6.001408941929645136e-02,7.206134654766429559e-01,6.676923856229743937e-01,6.614742079619453374e-01,5.971532022799763695e-01,3.874232769825429745e-01,6.062851743987112130e-01,5.767763713021438754e-01,3.093566110500557409e-01,4.886669618371111135e-01,7.358468975192526962e-01,4.159386739393411969e-01,3.564047343245139166e-01,5.190717429082235546e-01,6.478582409381513640e-01,6.939813980422061546e-01,6.660921909534471830e-01,8.147669144531841656e-01,1.396617306993581942e-01,2.289418976754057089e-01,6.768292012446144312e-01,7.394767559757123854e-01,7.241160562665330813e-01,5.180257987004966980e-01,-5.791561525843824665e-02
5.037775582449481870e-01,6.786657318367949054e-01,5.033504080940610637e-01,9.815221332633676798e-01,8.966850241494002116e-01,5.487037230439842372e-02,1.653512842055795129e-01,6.831738600617208723e-01,2.824151628264384151e-01,4.347325858124140852e-01,2.901826696869518885e-01,9.380163956828851957e-02,4.371001657526799589e-01,9.399933587923202660e-01,3.319187561499496453e-01,0.000000000000000000e+00,5.943948684426300089e-01,4.576063598443163571e-01,7.685588457809637841e-01,6.767813486138934964e-01,7.747226338797486012e-01,6.335085710369263712e-01,4.282072917927284839e-01,9.844873939210051494e-01,5.620618828961622127e-01,7.297810605823773500e-01,6.731687426154671083e-01,4.589008459350945451e-02,5.715786117590454518e-01,1.244783539090578012e-01,3.862220347034998058e-01,2.556913578425521472e-01,5.594707002956627040e-01,5.689556135282860527e-01,4.148237536991190022e-01,3.703943943905183556e-01,3.654023357168140196e-01,8.835483313001415429e-01,5.954941601151059194e-01,8.594334213360287356e-01,7.392525855889554576e-01,7.151434520263987293e-01,6.982943816080618982e-01,3.274879747130854390e-01,7.239744401074068580e-01,6.592348228985596137e-01,4.720413335704995439e-01,2.065385449352179215e-01,2.517199186826466623e-02,4.363407567946307464e-01,5.026405240946348885e-01,4.103313536034062237e-01,7.667322456413421250e-01,2.238241216157477731e-01,-1.242545314750396340e-01,-1.636346074664594696e-01,7.384257021640320273e-01,6.221757596341127572e-01,8.452913372191077634e-01,6.620672535361183941e-01,6.610851440627261155e-01,7.352214296118290138e-01,7.773054723369681174e-01,8.396728069802154026e-01,9.360302861274008013e-01,7.292969587748345806e-01,5.317214565246004554e-01,4.595430992607007492e-01,-8.254516898984431972e-02,7.725030174625127644e-02,9.473419751345218964e-01,5.284426581000126744e-01,1.813911958010860637e-01,3.454802984004131661e-01,3.290760018954405064e-01,5.331644571986977610e-01,7.901113429413911815e-01,1.615338502439847210e-02,7.821504009400854773e-01,3.675150783185216485e-01,4.623616309682181402e-01,9.868357157092481069e-01,5.252450684973100081e-01,2.426367443519837075e-01,6.449812450791092555e-01
9.275114949154492638e-01,8.312061779337455159e-01,7.833395764705670672e-01,7.253907227382586642e-01,8.287440518347948260e-01,7.266978113044073595e-01,2.642248914710465524e-02,8.114364867753440791e-01,9.287185024041976211e-01,6.390269259872196628e-01,6.983785563464931512e-01,4.567821861291348484e-01,6.576984277936175349e-01,6.446146664626610789e-01,3.008162703524174253e-01,5.943948684426300089e-01,0.000000000000000000e+00,6.862874637030330627e-01,8.258270739770923186e-01,1.283440030478324168e-01,6.446744026073050193e-01,9.282598827139945108e-01,4.318815085680846044e-01,6.992085281447960599e-01,5.049213312734522896e-01,7.643456169761664309e-01,-1.954242863114315776e-01,7.884741228976743788e-01,1.151403405406890568e-01,1.753588985985038429e-01,5.951316781900326536e-01,9.453616987774868807e-01,6.295128868126500521e-01,9.010874155637464966e-01,4.365807182225370786e-01,6.777021750050464532e-02,8.345593230366539494e-02,7.836138042976066309e-01,6.965660876517446587e-01,6.872037127905480380e-01,3.744998595143657627e-01,2.665868207655841537e-01,8.150894714469500979e-01,6.086844819490875302e-01,4.851980600097813290e-01,8.081952884958203409e-01,5.299771840955608271e-01,4.804117661028640129e-01,7.564270950130997928e-01,2.289825435409031107e-01,7.307495369515593087e-01,4.385170964779173119e-01,5.214869201127440013e-01,7.260270170571114789e-01,5.916258824356031010e-01,-2.785364452314173511e-02,7.137549109843196460e-01,7.086182464144881177e-01,5.187789073427981901e-01,4.097747621709614818e-01,3.279214063463792295e-01,9.086496416030417356e-01,4.899451633550626073e-01,8.654241707495817781e-01,6.878434386722336313e-01,4.668163270334186876e-01,5.305654756446783749e-01,8.680967513070273478e-01,6.148935407937912156e-01,7.367330141439341062e-01,7.056347108249660938e-01,2.156896295221819720e-02,2.430617253167832170e-01,4.601616505047300132e-01,4.886080271040393885e-01,8.811560248171309562e-01,5.344698522124534668e-01,5.931874305629860622e-01,6.312671906218438878e-01,-7.328259874422318743e-02,6.371174317779183527e-01,9.733832713308911977e-01,9.626644328656723815e-01,3.323582307631288146e-01,5.199601540506640918e-01
8.572648310602452026e-01,2.738955066244544989e-01,4.636656149965706630e-01,9.696893293699416772e-01,5.208424988401054723e-01,2.328195034688696763e-01,6.432022289658771985e-01,9.352992530158097395e-01,4.084336980960099894e-01,4.631249406437369931e-01,4.840565687217543434e-01,3.595520819457067585e-01,5.138074288202960638e-01,6.261045630782778870e-01,5.510669449674790998e-01,4.576063598443163571e-01,6.862874637030330627e-01,0.000000000000000000e+00,6.973474674653308281e-01,8.432601620967060674e-01,7.462995228949502735e-01,6.509339432732115238e-01,3.757980705516532627e-01,9.444170589818631223e-01,7.764392223250408120e-01,4.489855330793496302e-01,6.254355612794921804e-01,2.253020926107696664e-01,4.164873006903866970e-01,5.649028408591979522e-01,2.546210068771211921e-01,4.389574028391339255e-01,4.180221473120159792e-01,2.343036964707243264e-01,4.365407066431370442e-01,3.177560441833462979e-01,1.079736864761687010e-01,4.698362944990785994e-01,2.538548360944907767e-01,9.633841893299890380e-01,4.671402686655757308e-01,7.702880205266033897e-01,3.627039932599570582e-01,3.341740150224819378e-02,9.882596821352193084e-01,9.358486611650779219e-01,4.225144407923979162e-01,4.646104135905382293e-01,5.960212455888399541e-01,4.361353335059114378e-01,5.544464549622070138e-01,4.612994237718426871e-01,4.173193437925226679e-01,7.059017890914319748e-01,6.586044579777208252e-01,6.346427790640805089e-01,7.976523320855452015e-01,6.918971501253480261e-01,2.017019319811727274e-01,8.054776767686455674e-02,5.471339735756848288e-01,8.554116703353280560e-01,9.313270915902600866e-02,8.556941931587955796e-01,6.708550867340705715e-01,7.724179004172863072e-01,7.415025240058155109e-01,4.172711954794666722e-01,2.458694541892536278e-01,6.777500883218989802e-01,7.040095154041076109e-01,5.454877660430458297e-01,2.511455456552396659e-01,1.760982791461136177e-01,7.069063437624383273e-01,7.311818237362266437e-01,4.226523416304080460e-01,6.193015040564407991e-01,3.668833533127301427e-01,2.092621436364487386e-01,5.547557219447697419e-01,9.331476085134083887e-01,9.501987053911159498e-01,3.905837043957807175e-01,7.745561335248829504e-01
