0.000000000000000000e+00,6.809983021687893157e-01,4.847744694716555336e-01,8.672880910785009112e-01,3.729885795394895509e-01,4.961857971802769995e-01,7.041200692748347256e-01,6.761182729002186420e-01,9.272722957243737518e-01,9.059862959394568982e-01,5.899166874186205778e-01,6.095831492218392045e-01,-1.927060903182095664e-01,2.914887566452747381e-01,8.714237636293569178e-01,6.505536662585811314e-01,5.371979873406280692e-01,8.732940465606212621e-01,9.578896354166517302e-01,4.296094998343017446e-01,9.874176704751739253e-01,6.031458382109917693e-01,8.214579980281220273e-01,8.336887203530060075e-01,8.991864562586660004e-01,9.115142523674515385e-01,7.362134118936634053e-01,9.848960028164901459e-01,3.609150554133651045e-01,9.785633914751055984e-02,5.026139883926873386e-01,5.892584735136272567e-01,8.164556223819434688e-01,8.857991237719616828e-01,9.425786464331461501e-01,5.315334679053489442e-01,2.266290727587972342e-01,5.653882357098098943e-01,5.581858624027650206e-01,4.818047753576643055e-01,7.877581889683085148e-01,6.973680502346144561e-01,8.826730307415686649e-01,8.107240703324729569e-01,8.340693429973690121e-01,5.158966203244935711e-01,8.601633721976377212e-01,9.749693616042973687e-01,6.051555846378903203e-01,7.121603523390636070e-01,3.807635454212760506e-01,7.924879149757635410e-01,9.204437395197078153e-01,8.158401554269001377e-01,8.570996416370126880e-01,5.900547304857903796e-01,7.977487626346488891e-01,4.028892648994928938e-01,6.563630949530847580e-01,-1.714027061794680673e-01,1.421228033122905535e-02,7.913672351247706960e-01,8.478929475208594191e-01,6.167599111883796947e-01,9.916965063778966361e-01,5.918504510864267543e-01,7.714243647379372959e-01,6.779629893487393311e-01,7.799709183293714876e-01,8.266756171067964898e-01,9.448397308644768122e-01,5.030402045789199583e-01,1.768070400363147276e-01,2.305143612357340444e-01,5.560575000930330081e-01,6.731930595763007119e-01,8.152893572147769108e-01,9.688366054566149854e-01,4.027399107381073873e-01,3.060281055957595475e-01,8.239989250957321376e-01,6.105795608123815166e-01,6.448026288851973487e-01,4.850578531180567143e-01,8.336671210434681845e-01
6.809983021687893157e-01,0.000000000000000000e+00,7.499798551512424361e-01,6.056979310404149164e-01,2.184354812073999452e-01,8.130557189493413661e-01,3.355227580488973627e-01,2.756358349830542731e-01,5.127690433270665205e-01,8.003593366187656821e-01,6.649625946332640147e-01,7.102544234788346622e-02,4.241736819814025394e-01,5.253885516387802879e-01,3.846873107558875793e-01,-5.881793650215266789e-03,6.661806641884377989e-01,8.202795522599011235e-01,4.936540748556286218e-01,5.850243040424385477e-01,8.257761761222854879e-01,7.846400767342066526e-03,9.982451551249021948e-01,7.794741406181437959e-01,4.944391655156233911e-01,6.776029904455013186e-01,8.502322023426603925e-01,4.947629784266593389e-01,5.252240377666039794e-01,-3.478191650656292655e-02,2.661640461198336860e-01,6.814199815660725301e-01,5.564335216266727002e-01,7.229077123260488902e-01,9.015856899156581283e-01,4.389119590480157485e-02,3.711294066740910003e-01,2.715789392050684814e-01,7.973719786332117421e-01,9.791859508357714237e-01,6.418724075024214715e-01,8.349140499598409759e-01,2.463309586620051617e-01,8.062301282179070716e-01,5.557708297857090196e-01,8.120026881869564228e-01,6.120924011905742868e-01,5.809145824819448301e-01,3.200966540465006727e-01,-9.149666618816429398e-02,5.453542627180518743e-01,6.912452232595240886e-01,7.844609262104448311e-01,2.002096467396440316e-01,9.054134563545750414e-01,7.872424430958701036e-01,4.301653547919882525e-01,6.236086296774719928e-01,5.769798294107683079e-01,3.465297205948177917e-01,5.757074696035281436e-01,6.189336956777136134e-01,2.037730817396682104e-01,6.988421217689635423e-01,9.847441643987151494e-01,1.088761201372034360e-01,4.572854024478391621e-01,3.901446618881628248e-01,5.010375394806709792e-01,1.606387567561951002e-01,8.814989910642101467e-01,5.533812747249419184e-01,4.299663573119973381e-01,3.414244375859800534e-02,5.367870228554831868e-01,8.350742153598478268e-01,8.677220493036595927e-01,9.457982574484725680e-01,1.005040245392913589e-01,2.708885947049382015e-01,4.286795088672711307e-01,9.103959690632510426e-01,4.308632560996199512e-01,5.352248322665282831e-01,6.897586691619804755e-01
4.847744694716555336e-01,7.499798551512424361e-01,0.000000000000000000e+00,5.127489757438964402e-01,5.995362957416078276e-01,9.057371338990714005e-01,8.592341263786752448e-01,7.455248369828370025e-01,5.445340036575296860e-01,9.565060365979134449e-01,9.418867035136606614e-01,7.470764614700927675e-01,8.015201397180318210e-01,6.382475383890744425e-01,6.637915972371088991e-01,9.305718660260074993e-01,7.529444531895354009e-01,6.100342805686806980e-01,7.509672219180802966e-01,7.842175771694777087e-01,3.711433364610058905e-01,4.176100491060994457e-01,8.941837401724656020e-01,8.193699283586844961e-01,8.021993817067345489e-01,3.287640448609181476e-01,8.914773758342532384e-01,1.385189834867349146e-01,4.662648902260235761e-01,5.962733100809337605e-01,5.738026584990658652e-01,9.442183876157781430e-01,3.991097414946355171e-01,6.681206594504643936e-01,7.824412396034368111e-01,4.029395428189574968e-01,3.690799885280415804e-01,7.725167811408356622e-01,7.939942106324957560e-01,8.728043198717699847e-01,5.094903351197600516e-01,5.297058135072165719e-01,8.065367590767006378e-01,8.910636437554309008e-01,8.743159220758420780e-01,5.449337945214183243e-01,7.179723474248187465e-01,9.794921954929637353e-01,4.713302591710732403e-01,2.645609062116310306e-01,7.323744048130540474e-01,6.487150068710816342e-01,4.189670236599713493e-01,7.365589423514616874e-01,1.477193559890158658e-01,9.302149697501410630e-01,9.649843985719651629e-01,6.338825505401639582e-01,4.265042323826322423e-01,7.245539570027899057e-01,2.386809949716121315e-01,9.456314054020330540e-01,9.643312229282793302e-01,3.671845121443169102e-01,7.982585701390764177e-01,6.193900086155923468e-01,5.473953486562046500e-01,7.773217891785323408e-01,5.797047673268427431e-02,2.305576879126367829e-01,7.445645808479431915e-01,7.555018573118276182e-01,4.173529446590457104e-01,2.315736155836780052e-01,1.015193040164541066e-01,8.607911915106588596e-01,7.827174141023476306e-01,9.796364852490645481e-01,4.039332350574247749e-02,4.386912029823543113e-01,8.838797353396339318e-01,8.118643825619641374e-01,9.522146669698244859e-01,1.874001446761873468e-01,8.072425439177255413e-01
8.672880910785009112e-01,6.056979310404149164e-01,5.127489757438964402e-01,0.000000000000000000e+00,5.512187433934725433e-01,9.198349110573155185e-01,4.277757615992697215e-01,2.907602822037396728e-01,9.324658264174646716e-01,4.594612461567393336e-01,7.896936022849980752e-01,7.763583435171708125e-01,9.763366019761940962e-01,7.348168805777253176e-01,9.974482456873849934e-01,8.901136196175305493e-01,9.589326600328080819e-01,8.076136287450124129e-01,7.936669147587043227e-01,6.646286324859879135e-01,5.166374177070194307e-01,6.017665578766562273e-01,6.661133797687594782e-02,5.577262303575823976e-01,4.672143234614910545e-01,3.074388606227379528e-01,8.755592129530866963e-01,6.762229527881281621e-01,4.696169275244594377e-01,2.591083177306841567e-01,3.493909156035959196e-01,7.981359613171441492e-01,9.087004681951509344e-01,9.210579545764147058e-01,9.046801959833469242e-01,1.968729373572184471e-01,4.094034217570569067e-01,4.689581010254904037e-01,5.389864568126209177e-01,7.883654765013239363e-01,6.143588995765228988e-01,8.837791279053297533e-01,8.652313702242052651e-01,6.611919578576808121e-01,6.805951541882244715e-01,4.482944340879720935e-01,5.274349068058000745e-01,7.862370267414980907e-02,7.139915866552599688e-01,8.491135358648722598e-01,4.331718948182585738e-01,6.349276834272291614e-01,8.883606013741494056e-01,3.293093045414353659e-01,7.904817517027611373e-01,6.897086741110486363e-01,5.021425419989218319e-01,8.674695026971589451e-01,4.682574350629594706e-01,2.129567444184365388e-01,-1.426265261065165768e-01,7.647275744242938433e-01,7.755480082331411840e-01,5.683393594098207213e-01,-1.957387821853492915e-01,5.310606331580443040e-01,5.727458921953243465e-01,9.227290606314756394e-01,4.768595526078145408e-02,7.254809351033169040e-01,4.551332446866931392e-01,7.906999946823696224e-01,2.385200620381512093e-01,4.938364920839244387e-01,5.149204612052050711e-01,6.445649664877473040e-01,1.353780066306050078e-01,7.181921450876233015e-01,-1.019531082477123929e-01,3.238716764368260170e-01,6.500000223930708643e-01,6.462554689368861238e-01,4.481689142575227547e-01,2.001872674877279434e-01,4.114461134114215657e-01
3.729885795394895509e-01,2.184354812073999452e-01,5.995362957416078276e-01,5.512187433934725433e-01,0.000000000000000000e+00,6.218802831563580158e-01,5.092980459711262675e-01,5.711063637544329108e-01,5.012534466294643609e-01,8.675464803228295496e-01,6.272804062676217152e-01,9.645990022149383281e-01,8.723527138384299384e-01,7.180075386900341972e-01,4.628998574001394473e-01,7.181603686405428899e-01,2.968812475073924761e-01,6.957541669230538073e-01,4.308026752170969198e-01,6.947741240139193586e-01,6.143416980859726095e-01,7.372509578506385441e-01,1.744615638562544424e-01,6.893814553459185479e-01,4.600334281981893758e-01,8.763621383134454490e-01,5.637025638289758778e-01,9.683778539613655534e-01,3.048031876564514797e-01,5.169396195224099655e-01,2.713552212429130583e-01,4.773822541752171245e-01,8.164292430518765853e-01,6.964776841024583609e-01,6.063110146384523835e-01,7.147180636285860311e-01,2.180159733232379382e-01,6.039054216634007766e-01,5.512924936143699661e-02,2.314372853974347721e-01,2.030659084534897352e-01,7.987949149382873593e-01,6.546978053400241970e-01,6.537638407974771804e-01,4.651496748891236765e-01,7.990414621863413114e-01,7.667294571861160701e-01,5.139800970269280400e-01,9.516546278029338612e-01,7.723038773175664451e-01,7.222775031134015533e-01,9.367332688587910461e-01,9.823449474776111412e-01,6.285805051258132048e-01,9.039502837084225639e-01,7.346305494082824294e-01,5.794558069213338047e-01,4.460667818480777425e-01,7.319351949106127631e-01,5.887007859922677167e-01,7.329755051788565678e-01,5.513704820592274514e-01,6.502867768862486963e-01,8.012102438943392579e-01,6.639351448669976730e-01,4.358349012253018850e-01,2.780992517206585801e-01,4.015760166509592666e-01,4.168498280701051217e-01,6.767919752968054592e-01,8.462299465402584042e-01,5.713829575453607257e-01,7.905747019652126228e-01,5.071857082775382830e-01,7.547724040165985082e-01,9.308121882436087846e-01,7.601264749577153479e-01,3.824657829906085160e-01,2.867750030269530237e-01,4.017856678442875001e-02,4.172262810770825947e-01,4.504475729180921761e-01,4.013452516152885563e-01,3.461436633375150618e-01,7.416102253585205029e-01
4.961857971802769995e-01,8.130557189493413661e-01,9.057371338990714005e-01,9.198349110573155185e-01,6.218802831563580158e-01,0.000000000000000000e+00,6.186999398166126429e-01,4.442387828049892962e-01,5.547661481670405070e-01,6.658854073545632524e-01,3.767832530846336736e-01,2.468441540177350180e-01,7.973310226957768254e-01,7.930117837702277753e-03,8.737894934149572634e-01,6.928543556025068550e-01,2.782609903671312002e-01,9.094956281425191635e-01,5.522495354552998670e-01,6.831305296129951410e-01,7.277130580411318439e-01,4.159930010303313219e-01,7.692632462762059031e-01,6.739669394165233030e-01,2.172627191199937857e-01,4.222336486082322593e-01,5.416519579412044927e-02,9.522643393744797402e-01,7.797575034452579601e-01,5.014113199188174885e-01,8.359299395208624750e-01,7.643875010737309905e-01,4.213592302564699854e-01,5.528178900653544225e-01,8.443837234325883845e-01,4.567829687542699912e-01,5.003732538110946537e-01,6.913396442916619478e-01,8.529123863084482338e-01,5.530195057156874761e-01,2.147870006652467523e-01,2.906042785076518586e-01,8.788041406959538060e-01,6.413972661763490679e-01,8.109134507943612791e-01,7.431378299874628057e-01,8.943890355517752910e-01,7.596125936312168037e-01,4.943322546310509602e-01,4.615245186010690226e-01,8.996487223042121117e-01,6.740520845372186542e-01,6.423589630289870955e-01,7.130330155632931266e-01,7.554582849656411581e-01,8.238879839393619120e-01,8.950810270434701454e-01,6.812207098413483042e-01,8.019728986891262457e-01,3.063278535601017261e-01,6.687815103183983867e-01,8.557590280672243699e-01,6.441219611929736022e-01,6.260724429502285693e-01,7.112809172239620281e-01,9.044592195872008800e-01,7.662237115481563832e-01,7.205074868778409414e-01,6.431861861090797383e-01,5.087994484646276572e-01,8.173883792884812927e-01,4.743951035021638507e-01,-3.380066356046170228e-01,7.164679094269679194e-01,7.013706046298875396e-01,9.233228181850665628e-01,5.570170179349742678e-01,5.503466985229990005e-01,2.110303108665003979e-01,2.922832941150719788e-01,5.903616288206059437e-01,3.134127590238708350e-01,7.006981095400656168e-01,4.543638718172864910e-01,6.221021716268408941e-01
7.041200692748347256e-01,3.355227580488973627e-01,8.592341263786752448e-01,4.277757615992697215e-01,5.092980459711262675e-01,6.186999398166126429e-01,0.000000000000000000e+00,4.709560042240245048e-01,3.172920533858944458e-01,7.841115249344000615e-01,7.948574564618645644e-01,5.816361595418095831e-01,7.054381067098173252e-01,4.739516407894056038e-01,5.294288499729330466e-01,7.431464968172030172e-01,9.382131258984670319e-02,7.655444526682990691e-01,2.708064862531123773e-01,7.588637316610132855e-01,6.475546767812956350e-01,5.402460585227127909e-01,7.358652068391954293e-01,8.045057120737724166e-01,2.583700923150387685e-01,4.905278688697360945e-01,3.238748831827308883e-01,3.501110159792466536e-01,5.224575800933204395e-01,3.653393070557933719e-01,-1.784987920602170708e-01,4.425481633680826699e-01,4.202818928771309137e-01,3.376193254764605634e-01,4.633947918333263805e-01,9.276753782919301000e-03,5.806762180641064086e-01,3.609331313411147102e-01,7.908272973692080932e-01,2.749025283743564141e-01,2.384289733136950307e-01,4.038488889416332883e-01,5.021975760086038187e-01,5.453806076444603912e-01,4.690285793321166130e-01,1.091435399819181279e-01,4.182952184699563758e-01,7.012561832105340676e-01,6.194510019283646640e-01,4.851260230082742320e-01,3.781456442697724851e-01,6.431753133651489929e-01,2.890886223020303070e-01,3.984555335216848349e-01,3.984329284897586421e-01,4.494692127228916978e-01,1.809996183437622697e-01,3.678819882052188767e-02,6.699853497124754753e-01,3.705823414811971750e-01,2.989332520300351237e-01,7.080262956132356011e-01,2.309737986759290984e-01,9.801134649603826521e-01,7.005049988518814441e-01,7.433188892472738507e-01,3.020389355006525833e-01,8.599349392173012419e-01,7.302769434242545321e-01,4.096144293357488197e-01,5.371873425838236127e-01,5.830165738215629112e-01,5.295240387270706561e-01,6.980038697169655970e-01,3.684040797111647336e-01,5.743441617580637981e-01,7.682680853238619267e-01,4.217985002765511915e-02,2.257393848935688729e-01,4.898694346184358506e-01,6.804408274898897657e-01,4.488903663436489277e-01,4.451661340689777591e-01,7.303249006471819182e-01,7.996798464983823074e-01
6.761182729002186420e-01,2.756358349830542731e-01,7.455248369828370025e-01,2.907602822037396728e-01,5.711063637544329108e-01,4.442387828049892962e-01,4.709560042240245048e-01,0.000000000000000000e+00,5.087363749020999970e-01,7.209655938296952726e-01,7.559364683830605697e-03,7.432824303202825167e-01,8.544821178335673117e-01,8.458899248769190526e-01,5.917892874633237099e-01,5.461463583152581514e-01,8.052351605933161238e-01,7.372972855528882041e-01,4.074691116105849664e-01,9.047895753865713431e-01,6.146152724334338346e-01,5.551580522960599673e-01,2.062950997672717002e-01,9.565640839136861917e-01,6.088211393769177304e-01,9.653089618753399881e-01,3.894557338459233575e-01,5.636859273463660225e-01,3.352529862844517705e-01,1.661178049593375616e-01,1.734719374304735939e-01,7.409568338663544695e-01,4.623974412869868988e-01,4.444161182981219427e-01,4.578683798465280064e-01,2.444508671592276194e-01,2.300075368817420807e-01,7.086692365103663960e-01,8.234082994455784732e-01,5.295086682241220144e-01,4.099968929896583569e-01,4.385371232344211778e-01,9.372816886346887477e-01,8.395412357588024621e-01,9.083121179226850694e-01,4.648194874581300651e-01,7.561725745267245946e-01,2.441606141759162518e-01,8.660462113975747611e-01,7.985827830073100042e-01,1.833578629828155060e-01,6.841026983225023672e-01,3.282545729530344514e-01,2.797395653526005832e-01,5.747510032102294275e-01,9.545779092365265228e-01,4.728513487854202335e-01,4.130799976051305888e-01,7.260704110248352716e-01,2.598378665981993518e-01,3.011113744833995298e-01,6.531381048468660744e-01,5.577576715690566456e-01,5.009619766930939466e-01,6.672404254685027070e-01,5.094776189891656593e-01,4.261958332494613089e-01,7.676152170898877802e-01,4.092758092859273833e-01,7.418606588466509777e-01,3.631968909925478162e-01,5.942132195009071083e-01,9.321937843724603656e-02,4.835616252387607283e-01,5.548734997737706509e-01,5.442159018175762863e-01,4.503131116236723241e-01,5.204493241617559329e-01,5.723522599933159594e-01,4.806558545474487465e-01,7.664048220560732982e-01,4.251976958290063502e-01,6.434638162227465097e-01,6.448852086523223504e-01,7.093592930538966668e-01
9.272722957243737518e-01,5.127690433270665205e-01,5.445340036575296860e-01,9.324658264174646716e-01,5.012534466294643609e-01,5.547661481670405070e-01,3.172920533858944458e-01,5.087363749020999970e-01,0.000000000000000000e+00,5.581308444156043436e-01,6.927629596989327565e-01,4.294345734875745779e-01,6.593075512895185675e-01,9.963124031166136207e-01,2.957264378946384276e-01,6.465678644327407243e-01,4.637567139097351632e-01,5.297750644402641207e-01,5.140288298024205949e-01,7.549727312371249388e-01,1.578809222344801366e-01,4.023368760263297261e-01,5.460086880306265211e-01,4.872369195032442701e-01,4.943550233239858427e-01,4.448908748681764114e-01,9.417480163903593215e-01,4.435524364826660126e-01,4.106187449302794307e-02,3.107204654703634925e-02,5.378123548667987919e-01,5.637116657184383373e-01,4.457284642921294782e-01,6.557125550651746737e-01,6.083165345895277243e-01,4.908138148883062768e-01,3.356041656815252905e-01,3.285810146658534325e-01,6.770088709770964996e-01,6.855769362857840887e-01,3.554342578314769185e-01,4.848382171292936471e-01,6.001255840111453521e-01,4.029741741341687500e-01,4.802539628962062546e-01,6.320195422938129637e-01,4.329515604144085761e-01,6.576722209140514197e-01,1.261899655374668361e-01,4.925230035617751967e-01,7.355713695899247506e-01,3.470354734760794924e-01,2.090188138792672123e-01,5.580365537915449314e-01,8.496282368729614065e-01,3.905741808743052879e-01,2.708414239273079227e-01,9.693986984754798808e-01,6.088081989846750863e-01,4.040702012495722695e-01,5.270770556561000797e-01,7.124599333867949191e-01,5.257725857049614371e-01,7.742542498238657034e-01,9.495992467724250208e-01,6.455955815936955666e-01,7.620627745978972856e-01,4.739727992834744108e-01,5.764987892701020078e-01,5.718372094245531834e-01,7.511036016428350726e-01,7.793072078255455226e-01,3.749219909660972405e-01,7.754988199308772145e-01,6.396028359018948173e-01,5.030631238691092300e-01,1.067056430077101548e-01,7.476658274732774778e-01,2.364189923882855648e-01,3.046142413797576776e-01,3.074646128146452662e-01,9.240433020561865662e-01,7.605510072789786191e-01,2.835730687329096611e-01,8.368167665259091947e-01
9.059862959394568982e-01,8.003593366187656821e-01,9.565060365979134449e-01,4.594612461567393336e-01,8.675464803228295496e-01,6.658854073545632524e-01,7.841115249344000615e-01,7.209655938296952726e-01,5.581308444156043436e-01,0.000000000000000000e+00,6.929153048890841493e-01,7.555983936732160178e-01,7.330470919461449242e-01,3.714215070408735109e-01,7.441271764093041474e-01,8.143124905797229918e-01,8.337470745352462131e-01,7.116519178095838116e-01,6.526130755025968400e-01,7.858858942522828350e-01,4.854097919242892356e-01,2.459787212780621402e-01,5.295108575399775086e-01,9.496218708501769079e-01,4.558364489973399172e-03,7.765845222541604143e-01,8.386772433184144226e-01,7.544817357934252566e-01,2.577641876079622141e-01,4.743151733209196030e-01,5.287893317872811860e-02,4.802575629923087619e-01,6.835011277673656016e-01,6.123790237632271705e-01,5.659937873039369016e-01,2.726360072260607392e-01,5.923836256215375684e-02,4.312639481483999115e-01,7.398590553960393557e-01,8.971031629582151279e-01,5.886709246720854827e-01,2.837289471611314506e-01,8.667850047608163244e-01,5.828780133139827013e-01,9.787388185381260541e-01,7.347321575189336151e-01,2.270802678521178786e-01,6.863730454096574896e-01,4.990318700220043313e-01,6.456374630293255645e-01,3.339174757155585205e-01,6.284188971745230390e-01,5.970239842596614110e-01,3.456244743782299067e-01,7.337295809050604634e-01,5.957261081452570606e-01,4.919592355354549529e-01,-1.103581319517525361e-01,5.264172984440889103e-01,3.235412965043784062e-01,4.432615534790085854e-01,3.165468027715426791e-01,8.421800249568833774e-01,9.052522138592662415e-01,5.863369445783472855e-01,7.074582807626244030e-01,2.921079281541690831e-01,7.225159797442012310e-01,5.284277294573722639e-01,7.775055253953730983e-01,6.075847895813798472e-01,4.944159789698598928e-01,6.636802319313198639e-01,7.228530098158103545e-01,3.003710954485814821e-01,4.240172731448197396e-01,3.169321755412404240e-01,7.317576878814806562e-01,2.169412023143285628e-01,7.802909523005042702e-01,4.736137480637975794e-01,9.543899860621444242e-01,9.291442732750088140e-01,7.246129863613171018e-01,9.822189240904104501e-01
5.899166874186205778e-01,6.649625946332640147e-01,9.418867035136606614e-01,7.896936022849980752e-01,6.272804062676217152e-01,3.767832530846336736e-01,7.948574564618645644e-01,7.559364683830605697e-03,6.927629596989327565e-01,6.929153048890841493e-01,0.000000000000000000e+00,8.456987631512754566e-01,9.465841794770895046e-01,6.519956969462068486e-01,7.590483943172449122e-01,2.487604775032910276e-01,7.167900102622759562e-01,6.096579478168631105e-01,3.521702450069306156e-01,8.814619872596695105e-01,8.403593301534821869e-01,4.778201241217822082e-01,4.305153331434273256e-01,7.356784679439450914e-01,5.841057123844761723e-02,6.261197619788004820e-01,7.709389365703803731e-01,9.541577807003999157e-01,6.079916572343823100e-01,4.992769106054139039e-01,3.118436846151481645e-01,4.018700067378431218e-01,6.499553715563493039e-01,9.502010159301437220e-01,9.669806157047916573e-01,1.411145231281555890e-01,4.037099191968205325e-01,2.004446808412775061e-01,9.032917574088074053e-01,6.568247462167572381e-01,1.153988824615496400e-01,8.575223266429801150e-01,4.208624279435471127e-01,6.757044454405681799e-01,7.121656890614405100e-01,6.065293443290575848e-01,5.218729861241673262e-01,7.767121110997502464e-01,2.011643058174152343e-01,7.683967072958666211e-01,4.912385190525572765e-01,7.872256915143115430e-01,1.504474300709343071e-01,8.597887622532630614e-01,9.679381127240354044e-01,2.487630734367379526e-01,8.699764005700998393e-01,4.676708794228148225e-01,7.309875673950783082e-01,5.956441053267000907e-01,-7.529707387476029801e-02,2.320787784162511025e-01,7.279938206372777998e-01,7.670145418992629915e-01,5.530510987603965978e-01,3.599001806688091332e-01,3.098317456143128701e-01,2.099398598867761312e-01,6.293125554933330923e-01,7.846281498478692162e-01,8.987884061830708760e-01,9.041091765605314690e-01,2.281689780899818776e-01,5.533312673098341739e-01,4.797150877470324759e-01,6.790679551424468885e-01,6.167393002464496288e-01,7.431467498666418647e-01,5.581407670991649361e-01,3.227675597013307529e-01,7.952845909817530812e-01,6.829208067724820141e-01,7.885385079981311884e-01,5.550358489492863701e-01,6.892532625146622349e-01
6.095831492218392045e-01,7.102544234788346622e-02,7.470764614700927675e-01,7.763583435171708125e-01,9.645990022149383281e-01,2.468441540177350180e-01,5.816361595418095831e-01,7.432824303202825167e-01,4.294345734875745779e-01,7.555983936732160178e-01,8.456987631512754566e-01,0.000000000000000000e+00,9.454649206975893616e-01,7.405460289405634278e-01,3.736760898507210937e-01,7.464644951772894110e-01,2.740280913560487752e-01,4.581137386922961574e-01,3.252160088385770420e-01,4.659452963843268014e-01,4.900898485206197086e-01,5.730283458612823733e-01,4.834352368145127254e-01,9.651594025574598001e-01,4.723744794597311003e-01,8.001145838764722740e-01,2.645421181030786495e-01,6.415566044195725182e-01,5.408639647774564629e-01,2.215313723916902955e-01,1.988503359064609233e-01,8.363701145445251450e-02,8.792590408737196439e-01,6.563950337647986855e-01,4.520990583385514627e-01,-1.057465210136678962e-01,4.866450983547696563e-01,4.451482656480140188e-01,6.623879759198012529e-01,6.028774459539333330e-01,5.195245570448187022e-01,6.554496253868254962e-01,5.031696811905627120e-01,1.209031176989745771e-01,6.511884494691825287e-01,4.096817178516239943e-01,4.709973276811798559e-01,5.572904411030923377e-01,2.993357840035784298e-02,5.754155773365308146e-01,6.675176875931516651e-01,5.761370593982743094e-01,9.951392246729149349e-01,8.746354846942444583e-01,9.298337264765880184e-01,7.411759570848313050e-01,5.034257298811976034e-01,9.248446432714969578e-01,4.193087649788599380e-01,-1.565221280648999569e-01,2.577106238997466381e-01,3.806598483383442089e-01,4.767220975619979040e-01,5.068235551903484959e-01,9.088601905344799725e-01,2.506677696828329971e-01,4.377429256817617631e-01,9.823481576999731901e-01,7.627645514596929077e-01,3.114263499754176268e-01,6.629886217451543828e-01,3.180145037888844062e-01,5.891668068419882998e-01,4.542153893392724684e-01,9.741721023962042203e-01,6.748205566532922139e-01,9.381862778604938002e-01,7.699958224732902368e-01,-6.202509431330305301e-02,1.930885951886227025e-01,1.299046882172744943e-01,9.377806192350074399e-01,7.419590407201042126e-01,4.091988051037172558e-01,7.911240647397248527e-01
-1.927060903182095664e-01,4.241736819814025394e-01,8.015201397180318210e-01,9.763366019761940962e-01,8.723527138384299384e-01,7.973310226957768254e-01,7.054381067098173252e-01,8.544821178335673117e-01,6.593075512895185675e-01,7.330470919461449242e-01,9.465841794770895046e-01,9.454649206975893616e-01,0.000000000000000000e+00,5.647923214171057804e-01,7.406401483939721864e-01,8.201209067038524037e-01,1.359333176718768577e-01,6.926864787582429628e-01,9.254554663978745710e-01,8.572077353670404243e-01,9.909801724057809569e-01,7.435605430665919169e-01,1.950877812515893206e-01,9.611165578312568236e-01,6.231653030790401671e-01,4.559101987876972850e-01,6.887878778528004897e-01,7.437373970192322492e-01,5.678667747013076417e-01,5.706067561663643595e-01,2.518519487573567806e-01,4.889866386078071114e-01,4.025829448779380537e-01,7.161469471535937270e-01,2.937003571090656129e-01,3.587999849684238296e-02,4.290538665834766063e-01,3.900342164343110207e-01,7.481366780779779013e-01,9.107957130598067774e-01,2.185941712264628245e-01,8.344968938999566266e-01,6.433396652541798488e-01,6.366507416458971891e-01,6.810464995895335605e-01,7.735195692922163246e-01,5.888500515686373449e-01,9.153446608691842012e-01,4.376398881023761955e-01,4.947601305811885619e-01,7.734335557114041526e-01,8.370090810226763489e-01,6.045962976343347561e-01,8.973934898693808337e-01,4.954484547328650845e-01,2.194393875098617497e-01,9.875793794695515437e-01,5.236154904278224054e-01,3.530992614897743298e-01,2.964258040022291762e-01,6.945021698193760695e-01,8.467970275780716261e-01,5.758300437765184743e-01,4.935095611574382701e-01,4.293868207188564906e-02,8.636786848999714605e-01,8.454351859630397925e-01,7.478942862236866995e-01,6.148090091763060983e-01,5.123844344884613822e-01,6.389416193560524260e-01,4.240922471078249489e-01,5.830560892807886697e-01,1.735843001631856217e-02,9.171480305381516374e-01,6.751980269233535115e-01,9.044334161114240267e-01,6.067398374568541142e-01,2.400015088605781388e-01,1.309316282215357841e-01,4.508557161771687971e-01,6.068395530192665088e-01,6.088080119549200697e-01,5.222578356757980877e-01,7.822382560150362707e-01
2.914887566452747381e-01,5.253885516387802879e-01,6.382475383890744425e-01,7.348168805777253176e-01,7.180075386900341972e-01,7.930117837702277753e-03,4.739516407894056038e-01,8.458899248769190526e-01,9.963124031166136207e-01,3.714215070408735109e-01,6.519956969462068486e-01,7.405460289405634278e-01,5.647923214171057804e-01,0.000000000000000000e+00,9.788764624364750810e-01,3.509635930439960472e-01,8.145001204322814825e-01,4.022488443443683059e-01,3.406499357137615647e-01,6.050322432046904009e-01,5.092678869677563780e-01,5.213206459336747756e-01,9.564816352304225111e-01,6.083518702712462645e-01,1.054636810204488129e-01,6.318847720032588766e-01,1.529960295088425570e-01,9.857991099805289981e-01,4.391587321786576958e-01,5.850673207160438372e-01,3.415504765232630913e-01,7.796223879070118823e-01,8.755656579158979103e-01,9.588320552868038193e-01,3.499795702369000727e-01,4.767801728656004268e-01,5.313320269535107832e-01,7.261127138495979683e-01,8.232175286023201144e-01,7.790410552484812179e-01,5.215024279764260973e-01,5.897037747721212142e-01,8.120992021753229428e-01,8.944146910059226352e-01,9.374296027962936151e-01,6.233003022046489372e-01,9.755693927529917042e-01,7.883770173846722518e-01,6.879441976763953637e-01,4.432141939015166732e-01,5.627571335076414494e-01,9.195584286854042722e-01,6.756268533790008579e-01,3.990049322574659163e-01,8.380112112189249673e-01,-3.137807050334248116e-01,7.526312039433719070e-01,6.324144820058498206e-01,-1.875701820983795010e-01,5.751052367515478991e-01,5.041553372191986959e-01,9.497358679770376844e-01,9.787549646350280907e-01,8.143610322712467875e-01,6.340523739324801511e-01,7.356321990868750493e-01,9.910125782354322066e-01,9.779210077365736442e-01,4.515137978604766462e-03,7.932625797449429639e-01,6.992808171623873248e-01,6.610320089067499572e-01,2.320299227545647158e-01,1.692105317213867810e-01,5.699563159816085633e-01,8.320206042796715051e-01,8.270490568642965279e-01,5.262177799103265885e-01,3.278052382201447346e-01,1.381942712221192471e-01,7.601466588838420302e-01,7.598580046994887205e-01,7.239139003507503167e-01,3.841033887068970309e-02,2.502589804211575175e-01
8.714237636293569178e-01,3.846873107558875793e-01,6.637915972371088991e-01,9.974482456873849934e-01,4.628998574001394473e-01,8.737894934149572634e-01,5.294288499729330466e-01,5.917892874633237099e-01,2.957264378946384276e-01,7.441271764093041474e-01,7.590483943172449122e-01,3.736760898507210937e-01,7.406401483939721864e-01,9.788764624364750810e-01,0.000000000000000000e+00,5.788884401726432927e-01,9.333005107271851175e-01,6.944726658277002862e-01,6.194496251455418045e-01,7.054303001954712604e-01,2.753782607259910309e-01,4.909289054047646927e-01,4.566018275888343858e-01,9.273305786969502362e-01,4.289845065675131908e-01,3.001217355153924515e-01,6.877935390470690802e-01,4.363203836931790480e-01,3.601357714660592402e-01,1.708472715912685569e-01,4.676650894575012235e-02,1.824471645625298788e-01,6.305079927493640879e-01,6.260223300404844649e-01,8.250368277620683255e-01,4.387403301462585725e-01,1.886138920591101664e-01,5.381024964191589710e-01,7.626469900004921865e-01,9.562179959806655916e-01,4.652992281243546746e-02,2.106973584826244694e-01,7.121977917440877048e-01,7.196895478483014141e-01,7.944165596189012302e-01,4.192459290269235361e-01,5.487275516255436525e-01,4.107461114853770412e-01,7.749036978245574803e-01,4.323937721378011689e-01,4.926889899572360343e-01,4.038436804637007133e-02,7.709561426748168245e-01,6.966991122910106693e-01,8.471951960379631164e-01,3.714117488254845556e-01,6.864367225225171953e-01,6.519808860973159703e-01,6.804597555579343648e-01,6.264597519290227012e-01,2.312793012012034355e-01,7.854573207178906502e-01,9.932341832662214820e-01,2.990875242318223881e-01,9.281292199609076921e-01,6.032316090659923802e-01,5.788089267170760666e-01,4.233994555232196699e-01,5.251784141779195503e-01,5.146823443596449943e-01,5.931299039363366887e-01,3.775275782842290595e-01,5.111706253505310382e-01,1.511475296524793233e-01,2.955580694586067980e-01,5.836532884132653587e-01,9.701861587128461917e-01,5.460888310399634182e-01,6.666433548997170444e-01,7.739580232083614897e-01,6.111701676148475482e-01,6.895992047430739014e-01,7.420940502553016183e-01,5.924200051665473588e-01,4.594856411887260905e-01
6.505536662585811314e-01,-5.881793650215266789e-03,9.305718660260074993e-01,8.901136196175305493e-01,7.181603686405428899e-01,6.928543556025068550e-01,7.431464968172030172e-01,5.461463583152581514e-01,6.465678644327407243e-01,8.143124905797229918e-01,2.487604775032910276e-01,7.464644951772894110e-01,8.201209067038524037e-01,3.509635930439960472e-01,5.788884401726432927e-01,0.000000000000000000e+00,9.303249070484497230e-01,1.135670463700753224e-02,5.253931877501790693e-01,2.725433295181394211e-01,8.613405322559546384e-01,6.818331150694687537e-01,9.162144663518663190e-01,6.350037189201682697e-01,4.843883513949839847e-01,6.496933784216772922e-01,8.018977168965605307e-01,7.279049001507116312e-01,5.738662654549534503e-01,3.488882170577071173e-01,3.260719023620136658e-01,-7.523902081308810053e-02,6.952837710267295579e-01,9.311365257212905755e-02,4.637079158364856291e-01,4.839077607420020355e-01,5.164381772605342036e-02,1.146161604825764006e-02,6.022191134788564826e-01,4.001485185706500358e-01,1.492470446420888774e-01,1.260370507279345020e-01,6.030195359857142279e-01,6.771988585276348394e-01,5.319411142017645977e-01,6.352810338064569518e-01,9.211020594839162134e-01,2.824131867487896241e-01,6.833221177210362374e-01,5.626476794992897323e-01,2.149227728104785018e-01,9.785459137535050811e-01,8.412396830006416693e-01,5.534769909528092224e-01,8.172503342506541868e-01,8.651585606229336145e-01,7.512455989020347946e-01,3.008081085916035069e-01,7.753245441985815445e-01,5.336505438026599712e-01,4.611403320248075310e-01,2.702977858939912270e-01,8.918380652249272567e-01,5.287082893016243901e-01,9.357435039133424892e-01,4.960442494732141272e-01,2.227559696859903737e-01,9.572022483771325252e-01,7.925968651512111940e-01,4.129631222602597740e-01,6.959708697371295161e-01,6.110893702945778827e-01,2.346004996946746968e-01,2.945104923055502644e-01,7.454362179499289809e-01,8.933962014753706882e-01,3.373124451434118543e-01,7.691252143284839082e-01,5.057541854444258522e-01,4.928104653364075438e-01,6.479732188633187118e-01,8.827735338825889455e-01,6.075932922121235480e-01,5.953659157622352982e-01,2.014556065465191725e-01
5.371979873406280692e-01,6.661806641884377989e-01,7.529444531895354009e-01,9.589326600328080819e-01,2.968812475073924761e-01,2.782609903671312002e-01,9.382131258984670319e-02,8.052351605933161238e-01,4.637567139097351632e-01,8.337470745352462131e-01,7.167900102622759562e-01,2.740280913560487752e-01,1.359333176718768577e-01,8.145001204322814825e-01,9.333005107271851175e-01,9.303249070484497230e-01,0.000000000000000000e+00,8.288395121526875853e-01,6.725526456713089019e-01,5.989654046258365838e-01,4.121220380174945852e-01,7.620560036829934214e-01,2.387773055549125556e-01,9.220691921004969815e-01,1.931004998077228418e-01,2.937279899670643402e-01,5.998756283838666548e-01,2.713874743590448668e-01,5.390614759088523389e-01,3.510694523313398485e-01,4.096011437306714131e-01,2.978842290683208494e-01,9.971508369498924829e-01,7.899219132158262491e-02,9.299284488924274283e-01,3.056326058396680034e-01,6.004891825637014291e-01,6.812517030324610756e-01,9.719743521092772953e-01,4.942011825700890482e-01,1.159931545620291986e-02,7.311785120401143034e-01,5.247014568568365567e-01,7.455376559817743498e-01,6.286485605308420599e-01,7.795657947788193765e-01,7.157791219190068333e-01,8.113518900699534520e-01,7.297326956318239688e-01,9.590539552450555449e-01,8.230336421330217700e-01,8.275747443845802298e-01,5.178570757982886574e-01,9.340804563236821956e-01,5.699850212303785302e-01,9.460006858140430630e-01,7.381354514750049223e-01,8.343545390767846959e-01,9.609177790274920916e-01,4.646952920412072974e-01,3.425814678866417329e-01,6.910583041493482126e-01,2.312710893099694312e-02,8.477821485915804089e-01,7.142815101895272356e-01,9.158202808090477598e-01,7.116637629090343253e-01,8.312431735075213046e-01,4.817444553091831394e-01,7.133333768793024277e-01,8.284710582522643030e-01,6.350260683457636945e-01,4.028523103235811531e-01,4.560220532620247735e-01,9.003643728240747768e-01,4.718168109030725366e-01,4.514443499359507839e-01,6.852357670469474415e-01,3.706129908629969827e-01,5.831277111033040805e-01,6.520651717530946412e-01,4.688148290600398505e-01,6.339419217765934755e-01,3.529703863434561217e-01,8.477821419926555579e-01
8.732940465606212621e-01,8.202795522599011235e-01,6.100342805686806980e-01,8.076136287450124129e-01,6.957541669230538073e-01,9.094956281425191635e-01,7.655444526682990691e-01,7.372972855528882041e-01,5.297750644402641207e-01,7.116519178095838116e-01,6.096579478168631105e-01,4.581137386922961574e-01,6.926864787582429628e-01,4.022488443443683059e-01,6.944726658277002862e-01,1.135670463700753224e-02,8.288395121526875853e-01,0.000000000000000000e+00,4.349123070845534178e-01,8.568316191836191642e-01,7.332666436985328939e-01,3.307087197775642196e-01,7.552323037550405793e-01,7.326524311005299106e-01,5.557557933140848672e-01,6.828996042485957485e-01,6.687748900122312268e-01,3.533360304564100440e-01,2.519143294942560729e-01,1.412129940946046935e-01,4.848194041137152688e-01,3.171814385515012852e-02,7.039786712617459585e-01,5.813050863698657755e-01,6.844298907692764056e-01,4.865397968467161105e-01,5.674005569992934817e-01,4.972578268522128697e-01,5.971712781651181690e-01,8.585552148420697582e-01,9.342977238764863523e-01,4.690315769704585525e-01,6.727297767198550105e-01,6.363270408542303080e-01,3.296561666667104928e-01,7.521757422737299636e-01,7.728715424560630431e-01,6.252836791073712597e-01,5.893714716453195557e-01,6.198881328421103065e-01,3.353586684203928581e-01,3.342261489806322983e-01,8.810596935582394318e-01,1.364117805814597517e-01,8.519818379850357948e-01,6.613488866182614112e-01,8.952277740581960908e-01,5.467694764325213841e-01,8.835707839201936142e-01,2.167411127384258063e-01,4.396201995779933092e-01,5.502284271649015013e-01,8.993720085920220431e-01,9.831809020550592582e-01,7.742123341476836451e-01,2.395941215605431052e-01,6.531788537355043278e-01,7.569482626191721408e-01,7.064061320738455052e-01,5.074968872102852968e-01,7.629694172185585987e-01,7.010964346491402877e-01,4.015860056881959128e-01,5.927166343100825907e-01,1.558775956861626899e-01,5.739140759969354466e-01,2.727203805916971757e-01,-1.701827968039072436e-01,6.576088940766144919e-01,2.946617333122490967e-01,7.608399390198703482e-01,6.081099105255146631e-01,6.071817532325612943e-01,6.889073836987373856e-01,9.241865659655306153e-01
