0.000000000000000000e+00,9.607785913662201249e-01,6.402631975856183377e-01,9.269048758736283533e-01,9.209681036259433906e-01,8.365894645649838424e-01,8.363300900358350276e-01,5.865574261277749502e-01,7.880597338035120192e-01,6.864623421936405512e-01,2.824569967827140204e-01,8.498866813888460436e-01,9.158038599427813509e-01,9.909970745798010183e-01,6.791734798922873795e-01,6.425735868146320584e-01,8.493068715137045421e-01,8.861306843814790168e-01,6.609670307015544921e-01,2.373172874741695249e-01,8.005241977539154785e-01,8.970360448196142977e-01,7.087227873652098831e-01,6.605839208636070659e-01,9.203248163931772030e-01,5.512107051092709487e-01,7.461721753510139887e-01,6.760200466975201383e-01,4.848684118879735272e-01,6.559689768143691646e-01,7.937421232589678688e-01,6.374672616786944968e-01,4.469485220249903024e-01,6.624059906257393493e-01,5.823770693799735776e-01,2.230180083675262770e-01,9.736324164571943940e-02,4.908702428284094088e-01,9.159324550583382019e-01,6.799022170346187277e-01,4.780637813549827864e-01,8.177807590317480724e-01,5.924876926418644052e-01,8.610197864809449042e-01,9.745947026427819182e-01,8.338586062460425774e-01,2.766934146552065821e-01,4.548786274485582815e-01,6.502645058342044759e-01,9.286436830683133525e-01,8.819522601212691493e-01,4.113451570285454606e-01,6.862680441452349012e-01,9.956798262478000483e-01,9.184613007085796754e-01,6.598754279173428827e-01,9.890915967309925616e-01,7.273683800662071874e-01,8.030041875124961370e-01,7.696824432103592795e-01,7.174423264852876070e-01,7.315764989883299929e-01,4.048958124606878428e-01,6.700790159646807798e-01,6.705665328366843259e-01,3.968576872551961010e-01,6.114099997272605114e-01,2.190832634734201367e-01,8.588918079347788170e-01,6.190915877471158124e-01,7.614837196636500272e-01,8.050313797742992827e-01,1.683744856249252408e-01,4.081636177009433375e-01,7.002373540744173397e-01,6.005601232868575945e-01,3.768162502877108189e-01,6.313355668064261073e-01,3.964772460604075732e-01,4.773668834072396505e-01,6.189369978468760580e-01,9.380576919919959566e-01,7.039198590877481232e-01,4.834767504622303758e-01,6.923369189939027057e-01
9.607785913662201249e-01,0.000000000000000000e+00,9.094266324692102943e-01,4.631599136854399612e-01,8.265480679864363189e-01,6.849376099345663160e-01,2.297471805873329831e-01,5.622564803775813580e-01,4.981656140279584477e-01,8.361962721049073233e-01,4.251626335440403803e-01,7.622026533445255270e-01,8.688668640910208740e-01,8.753825355570625799e-01,3.914451745408685790e-01,6.935178742174815669e-01,5.044961259880932358e-01,1.900956454844302534e-01,9.206974781878588532e-01,6.630140625017947320e-01,6.056634917434019494e-01,5.579264221858043493e-01,4.978352193076456267e-01,5.482723309442237847e-01,5.999103498774503995e-01,6.740646125965941149e-01,5.958001982673231112e-01,5.339348523373939059e-01,5.164881141255579511e-01,5.847577066977205362e-01,1.685257237375372974e-01,7.098874573218667550e-01,5.171296057099207255e-01,8.320721705972098370e-01,5.387214454501088046e-01,2.224583952169008894e-01,5.761788804679383036e-01,5.993692212920553875e-01,4.160663531636492607e-01,6.275909629032825343e-01,2.768961066912630775e-01,7.340532085663928896e-01,5.437930753685680241e-01,9.354973891762252691e-02,7.322241655783144898e-01,6.231258974399122019e-01,3.630071169952597820e-01,6.942381662758614347e-01,5.885560776148401896e-01,5.444423616324683968e-01,6.369815056327842173e-01,6.165267105587470819e-01,8.145658591625171141e-01,7.786330097387710314e-01,7.634664703859113111e-01,6.247234276652592344e-01,8.524305304852695109e-01,6.404080753246391700e-01,3.402463215956479381e-01,4.033616776340243071e-01,4.728774746692403497e-01,4.983271373911194457e-01,9.428930590372728293e-01,7.636810269532243733e-01,7.606625746623678630e-01,6.370201919210738417e-01,7.576876912342109804e-01,7.124297243657818912e-01,4.635890673279986496e-01,9.950316482285501696e-01,6.135708257643006647e-01,4.639029911178338406e-01,1.963428164360344896e-01,7.274617939914747033e-01,2.928117854198420411e-01,7.767353840637235551e-01,9.370526379984085441e-01,8.534962317727265990e-01,5.311482430507978858e-01,7.727503192979813251e-01,5.357802390608966681e-01,8.925367979692968579e-01,6.049590612894322206e-01,9.535041092257307005e-01,7.009022311625666690e-01
6.402631975856183377e-01,9.094266324692102943e-01,0.000000000000000000e+00,6.769208234565839977e-01,6.220375560433756279e-01,6.303900388608507654e-01,9.852662451406575261e-01,8.427010553152249894e-01,6.347347820112565486e-01,4.309841283238189380e-01,9.376355870215919985e-01,6.872773421545125272e-01,5.696649840206575721e-01,6.718507149315071647e-01,7.164425648424651571e-01,6.311659425701418025e-01,8.901180875667572545e-01,8.272722838888526553e-01,9.952196422412556975e-01,4.929493455747664399e-01,8.060246558670177697e-01,4.748363775101970830e-01,6.047338250189863151e-01,8.897477641654192304e-01,7.074314777389555386e-01,5.245239949574970195e-01,5.297286242564386294e-01,8.532144444331425381e-01,3.275698650080753338e-01,8.640844560733330626e-01,3.863942077448557777e-01,4.762210196633710479e-01,2.022141038122717005e-01,2.655791069127542703e-01,9.338523702494859746e-01,7.583680618282702401e-02,5.340975042566041830e-01,2.190565914453756757e-01,9.891533396035148140e-01,5.980708123009907951e-01,2.919116553803768332e-01,6.334680077970458179e-01,7.444313780950591042e-01,9.685719131042827001e-01,4.464689923847071640e-01,6.961151982153134243e-01,9.861572681832551091e-01,9.862793049857521144e-01,8.600742077354667225e-01,9.189278961822855418e-01,3.498951275443086262e-01,6.776687500705730338e-01,7.837427788536698303e-01,9.799986293263567294e-01,1.367359705902989608e-01,6.414936339282636402e-01,6.749123559860300547e-01,7.714948256031648466e-01,9.394665937566715197e-01,2.092934916727406391e-01,3.641465344022952744e-01,9.714141828469734230e-02,8.162304225164995763e-01,8.822644748473675858e-01,9.762568227861158077e-01,9.924140625474026089e-01,9.277987858847438485e-01,7.120622683076784920e-01,6.517638092434597796e-01,6.779170967125679459e-01,8.770649502150495991e-01,4.288611838569824641e-01,4.640874668770588185e-01,6.838125141378862404e-01,9.968846465527041456e-01,5.285002626456070107e-01,8.386389918690156930e-01,7.445361772928369426e-01,-1.320949909339993178e-01,3.534812542642732369e-01,9.470803931677950205e-01,7.326683763508666791e-01,8.003137057001376009e-01,4.992942912118047971e-01,3.864001455590629908e-01
9.269048758736283533e-01,4.631599136854399612e-01,6.769208234565839977e-01,0.000000000000000000e+00,6.845614073181301995e-01,4.401000051827891335e-01,7.623784024881319343e-01,3.132430506449851437e-01,8.100767993545874290e-01,9.104479220525609762e-01,6.986162402843613117e-01,7.048545996851440787e-01,3.286830653019532367e-01,5.844732201800839633e-01,4.916628072116515091e-01,7.494870786962313236e-01,6.814982289794034864e-01,5.540887647798071747e-01,7.383701801322866132e-01,6.613477419318674055e-01,8.439698474073252799e-01,8.610019334160288196e-01,8.686872884022612817e-01,5.928798112614834803e-01,4.038518614996102762e-01,2.330076774689338603e-01,5.191265611567053018e-01,7.803623414526420499e-01,3.070417434638340604e-01,7.441644936625990692e-01,-1.868470252760183470e-01,5.607499275757948931e-01,4.063330639639123887e-01,7.653679572980353063e-01,1.131772285576477799e-01,1.268608816503895287e-01,1.016487932331238131e-01,5.527432089891819444e-01,6.960132386070833066e-01,7.923088958543593741e-01,3.614405950182946192e-01,4.989059819888763680e-01,5.778687389462056068e-01,7.090777220839042938e-01,9.619506113915590184e-01,6.727089634285249309e-01,4.844752855819161597e-01,6.688922479566752344e-01,6.254409838090825291e-01,3.972876124838622958e-01,7.805886053388042534e-01,7.633120626857529123e-01,9.310473082431884873e-01,8.360982908547295311e-01,6.666402483631761466e-01,6.783245741823612507e-01,5.912964558851765418e-01,5.527459416691089533e-01,6.925989792486337837e-01,3.573172694572606112e-01,2.249884453372190396e-01,5.438984293714277385e-01,8.978214231516339350e-01,6.814746689374635569e-01,8.267580498782551857e-01,6.445674333584269222e-01,6.095144183570814223e-01,7.237169031155885612e-01,7.402476671331434943e-01,8.928650086414986475e-01,2.890219448485696341e-01,7.746308428821968572e-01,1.512190025469382082e-01,7.197362835606843090e-01,7.170732788795277646e-01,8.503334248860004996e-01,4.613448449815683028e-01,8.302960533030870893e-01,3.632814965648554217e-01,4.776112842228500965e-01,4.656133717264844818e-01,6.002714526361574432e-01,5.624187774202888956e-01,5.792821548494661021e-01,7.222777575673571260e-01
9.209681036259433906e-01,8.265480679864363189e-01,6.220375560433756279e-01,6.845614073181301995e-01,0.000000000000000000e+00,7.696735399576398740e-01,4.774623668427137035e-01,6.192350347849600034e-01,6.552914631497022135e-01,4.097899714117527736e-01,6.089383484656838430e-01,7.895108571895641525e-01,4.346222794442250459e-01,4.037568578938880992e-01,7.258884737190036684e-01,5.840214795364965239e-01,8.603489741662012635e-01,4.621954526979025202e-01,8.491416612051387869e-01,4.480586538511008299e-01,7.209982687437832549e-01,7.706658368565180162e-01,6.613465739643344943e-01,2.619061957901246407e-01,6.244283857077022049e-01,8.278616523112158898e-01,5.197330191685469725e-01,4.756424963855065413e-01,9.470368585844078646e-02,2.512948602764759620e-01,4.230741298482752488e-01,7.346310768729993335e-01,6.055439786997252050e-01,4.858097263279245182e-01,2.432853735021252295e-01,3.382063549824028681e-01,4.880756730790863918e-01,4.552069140790118706e-01,6.143291548594925766e-01,6.783639859316392684e-01,5.587621981586294861e-01,8.859953311556917344e-01,7.697517462854124304e-01,2.892464584576338038e-01,8.799984068133374082e-01,7.301531404000967118e-01,6.528082090707023610e-01,6.011132390942839354e-01,3.908872037646667907e-01,4.446263316776171703e-01,7.631118720077374740e-02,5.879262636692509369e-01,8.967982939019294442e-01,5.337974802222071879e-01,9.722334557668149690e-01,4.551773276078521779e-01,6.666177810049741526e-01,5.563887328563127399e-01,7.706980962955617409e-01,7.674263501314432245e-01,1.388778526431321547e-01,5.015613377965720820e-01,5.612441459452885972e-01,9.217145870270484487e-01,8.203973690940792318e-01,7.364536250023504538e-01,7.406420248799019390e-01,7.835932536098074719e-01,2.478616515758128858e-01,6.209008981912155223e-01,3.206669721446574473e-01,5.749138380891154476e-01,3.094264291167179715e-01,5.231725290141038265e-01,9.979621042287677435e-01,6.801511380797873318e-01,7.983148899002290300e-01,2.620513323952052276e-01,5.804626364208731459e-01,4.616758161003099437e-01,5.093654117286011695e-01,9.051703899230486572e-01,6.771634322073748491e-01,7.147508414585245218e-01,4.089391171388184754e-01
8.365894645649838424e-01,6.849376099345663160e-01,6.303900388608507654e-01,4.401000051827891335e-01,7.696735399576398740e-01,0.000000000000000000e+00,7.639496746697418961e-02,5.266715090223157425e-01,4.983257410045837110e-01,2.582657088080763663e-01,9.467549944775188742e-01,5.148694213805087294e-01,5.392361863583232662e-01,7.146878332160317981e-01,7.935927872087017443e-01,8.154815624123596951e-01,6.736819149687801600e-01,5.920249350421569190e-01,7.380225193510758785e-01,5.017530402270025114e-01,3.973529769321262339e-01,4.054050227320921129e-01,7.260750149215532412e-01,9.243811489152331529e-01,8.737429349027199532e-02,9.363333118709877834e-01,4.135502553213405985e-01,7.785233660624873986e-01,7.256715823550295985e-01,1.396660121187792980e-01,2.645943174805419074e-01,6.866377032352662946e-01,7.410421213100435445e-01,4.220716904585967155e-01,6.210600900794625012e-01,5.057179738217598697e-01,2.266951483543416246e-01,4.134352787054083045e-01,1.749619084393080615e-01,2.773832812139566673e-01,7.530364651049361591e-01,7.936366627614992453e-01,9.313244072611652769e-01,9.360104426011588430e-01,9.800615094751070622e-01,7.982729483222523736e-01,5.614150310739818295e-01,-1.571892919928685461e-01,6.592948582529567503e-01,4.732896826122954814e-01,5.179185098505028062e-01,4.294537126679662808e-01,8.936025551262966049e-01,5.747379301335686815e-03,7.489600971054030110e-01,5.953585156941275658e-01,6.665593375210171478e-01,2.454168792783859299e-01,8.022378756301916658e-01,4.208659503917061007e-01,6.559502665998571125e-01,7.897315742941863892e-01,6.144662357277541620e-01,8.756349627822517245e-01,6.460250083606031701e-01,4.903426572621065738e-01,6.429908183071142425e-01,8.860502624314523512e-01,5.282304011093041929e-01,6.201573856756974479e-01,7.546607900905104582e-01,4.078317291174041181e-01,2.011600222472006982e-01,5.927670303727269330e-01,5.096901546005578876e-01,7.327860450982155438e-01,6.785076608002833520e-01,6.206659903319519112e-01,7.978805678919602684e-01,5.246190806961419373e-01,6.601044572357394058e-01,6.090941445651878450e-01,7.981640052167962018e-01,4.813721218507174826e-01,9.149863916290744692e-01
8.363300900358350276e-01,2.297471805873329831e-01,9.852662451406575261e-01,7.623784024881319343e-01,4.774623668427137035e-01,7.639496746697418961e-02,0.000000000000000000e+00,5.782146972897943549e-01,5.070670398151231328e-01,2.164369804372777706e-01,3.968507998230015321e-01,-1.918334588420084197e-03,7.978224348170491753e-01,6.595703054358940109e-01,7.306938707712545833e-01,7.421016772222631674e-01,6.622422857555037012e-01,3.596747091103535965e-01,5.247998475299382459e-01,9.150774279108895293e-01,3.022212553393640588e-01,2.676515098763987965e-01,5.988572497798403393e-01,8.505690631944590185e-01,2.971592929383259918e-01,6.141955420168679902e-01,2.439991500121239665e-01,2.754577700697179443e-01,4.906856591273927592e-01,3.054135678335432869e-01,5.582160694671177703e-01,5.595464897536493037e-02,7.986868808917528817e-01,3.166613354942154346e-01,5.946864522631223338e-01,5.621750411462342889e-01,1.262222667529472042e-01,9.683121532541817400e-01,5.450176626734795082e-01,5.100120648976828042e-01,4.765096612992869018e-01,2.235377897353830190e-01,9.107832632003408646e-01,3.628040890617439951e-01,4.846022391285730868e-01,2.601653096640709206e-01,2.140577977932984488e-01,5.552185185797542388e-01,9.995443333010996245e-02,5.821356505482199184e-01,4.039129724044264735e-01,7.434656043394423097e-01,-3.326250207123154223e-01,1.994514267028668075e-01,7.610165555397351289e-01,4.780299028095292835e-01,7.717738686578856644e-01,5.397128264020841781e-01,5.969613235295916365e-01,4.757031525110904657e-01,7.106927629163005689e-01,9.801479358391267382e-01,5.562965005405753338e-01,4.766519361439972569e-01,2.316918428167984156e-01,7.975073516537549700e-01,7.770752117713601859e-01,9.222117738565208667e-01,2.949479422768568337e-01,3.679554874935898612e-01,-5.154663641797457840e-02,6.497707405517839652e-01,2.942863891409713828e-01,2.385503108593525212e-01,7.181732582354299899e-01,4.143756812775781784e-01,6.938388329502775953e-01,6.551067823932499312e-01,3.230228282957384733e-01,4.734548372503841196e-01,7.456735816270432249e-01,9.526135134417292871e-01,5.265046743345066504e-01,4.495103166502144032e-01,2.669712872919264290e-01
5.865574261277749502e-01,5.622564803775813580e-01,8.427010553152249894e-01,3.132430506449851437e-01,6.192350347849600034e-01,5.266715090223157425e-01,5.782146972897943549e-01,0.000000000000000000e+00,9.752562627590202204e-01,7.555726979105676921e-01,4.976831550657124237e-01,5.310920117555177900e-01,6.424135269183840480e-01,9.101654372695845430e-01,1.644226389652641285e-01,4.118966861704476679e-01,5.915097953008265907e-01,5.754587723041385550e-01,3.544335471478148314e-01,4.852817684262862863e-01,3.426433790153603498e-01,2.235329215709016548e-01,7.900986239660033883e-01,3.759304863093756999e-01,3.661553893802055315e-01,6.158695527750303045e-01,6.895030062397070614e-01,2.028267577748110451e-01,5.829954945627099372e-01,2.641373999807982709e-01,7.352430143050837641e-01,5.428889443421760497e-01,1.499727789248231913e-01,5.525791246608811047e-01,5.644903008343026274e-01,2.150523406061274623e-01,2.929657258367980299e-01,1.583299015480154892e-01,8.879289288911044187e-01,7.534690703749664653e-01,3.497149239217337002e-01,5.092419463282934489e-01,7.430035115428441639e-01,3.499112375247246387e-01,7.145142252789283832e-01,3.057213267105287832e-02,7.522617491731804495e-01,3.889448137918772863e-01,2.790819682411973535e-01,3.816837294901163080e-01,7.442844576549265678e-01,4.787125442948825249e-01,5.171644565595462373e-01,7.854600798079730550e-01,9.463371985447126544e-01,9.288029768699461730e-01,9.842461354120364270e-01,3.273896761092554564e-01,8.282525043458268676e-01,5.796217453026163424e-01,6.337611152774753620e-01,1.598812311279756149e-01,7.527965984045312808e-01,6.668985546014783994e-01,7.497588340609017132e-01,6.044511802601671979e-01,3.944179940141897545e-01,7.293103712873251210e-01,3.562481849686337521e-01,3.563421730947095023e-01,4.088456595709022423e-01,7.527936139725747156e-01,7.471281718023132790e-01,5.548145818372810512e-01,5.769581660636403653e-01,4.006929977439095403e-01,3.116384355933811690e-01,9.918732788083240576e-03,3.183653198992382194e-01,6.112010638975561294e-01,6.568621258875830815e-01,4.382826486288991519e-01,3.936060353103083553e-01,7.781232076339417159e-02,7.720915534444963146e-01
7.880597338035120192e-01,4.981656140279584477e-01,6.347347820112565486e-01,8.100767993545874290e-01,6.552914631497022135e-01,4.983257410045837110e-01,5.070670398151231328e-01,9.752562627590202204e-01,0.000000000000000000e+00,5.737497779708439216e-01,4.895231061907942549e-01,2.070327482469349056e-01,5.722156221032010937e-01,6.922561484146690924e-01,7.777005037209329119e-01,6.156287899317597345e-01,4.356170667966603460e-01,6.447628166238471570e-01,6.257047166230227386e-01,8.359130420214788693e-01,8.808459436844227053e-01,6.904774915496929566e-01,5.418595128620717905e-01,3.522725234688698359e-01,-3.991476807153662709e-02,7.219571968913890414e-01,7.297465417188284675e-01,4.444518641120671076e-01,7.339701719686129167e-01,2.882740654333142416e-01,-1.434714130030750878e-01,6.742754786322748828e-01,9.657360547793827354e-01,7.672342994094217827e-01,1.735442698263519046e-01,1.470502386856448740e-01,1.347844005098911280e-01,2.897585206188061369e-01,5.533963925231235592e-01,7.647372135378851521e-01,3.672370226966392703e-01,2.478944132563060954e-01,8.503931707616376734e-01,8.376171765654046864e-01,9.997286883202736174e-01,9.617203447519520054e-01,9.727693063507228399e-02,5.213249839474743963e-01,5.458116720592277593e-01,6.585907862361306542e-01,6.157937140474519788e-01,7.782505891913338303e-01,7.524124392837362452e-01,9.121219843296232144e-01,6.146459187855535244e-01,8.193090588847679046e-01,5.845120363832327914e-01,5.286075352415102735e-01,4.653838437300888975e-01,3.958714602458317522e-01,3.143965310064940621e-01,-6.344214574360787506e-02,3.036809704728843373e-01,5.931735356259162373e-01,9.862029486344793261e-01,6.330094272966967361e-01,4.427877970761271986e-01,9.776749026367524964e-01,5.232765496161081442e-01,4.981161939502263825e-01,9.293374018029592065e-01,3.780675064378984374e-01,5.391505823550072352e-01,2.577860787212463700e-01,5.170307244449950934e-01,6.149553752246014193e-01,6.892836026176385467e-01,4.976028395101570467e-01,3.169814068277670982e-01,5.882645867679111573e-01,3.021744885237834799e-01,9.173763885577528310e-01,3.638624118710156452e-01,2.376687906032226849e-01,4.543901395235232926e-02
6.864623421936405512e-01,8.361962721049073233e-01,4.309841283238189380e-01,9.104479220525609762e-01,4.097899714117527736e-01,2.582657088080763663e-01,2.164369804372777706e-01,7.555726979105676921e-01,5.737497779708439216e-01,0.000000000000000000e+00,7.293816137481522466e-01,2.579366657870707513e-01,9.193801498867997246e-01,8.236353989720376356e-01,1.513744100334908360e-01,4.649432686393112912e-01,5.369860822872020156e-01,6.345512259808993027e-01,6.610852020762851833e-01,9.997987219577884055e-01,7.293975720104851623e-01,7.140749418994000175e-01,6.598707309285436473e-01,5.022323137945906568e-01,3.716454577704025874e-01,8.100589542065241844e-01,5.873162567718972493e-01,9.467676569321362701e-01,-4.642728969391662908e-02,6.013397888076356113e-01,4.207530224580137701e-01,5.561754834896647237e-01,5.825131153932756600e-01,5.388538942191771763e-01,5.152180796936908225e-01,2.204484474494358415e-01,6.541938532057079980e-01,4.181588259399796059e-01,9.523986839828471052e-01,9.345679577510255243e-01,4.819388569193324146e-01,7.791649831818781013e-01,9.867151856619876815e-01,7.234833573156720377e-01,9.911185426096613682e-01,8.812063125359641536e-01,7.614700388038998513e-01,7.465167846451588041e-01,-9.682387327651369169e-02,5.662208829388475362e-01,2.543790749993752875e-01,7.436979940581940340e-01,7.828300854108130036e-01,6.549087641038510155e-01,9.377682080207376814e-01,6.229278431093037138e-01,7.030722770935561305e-01,8.143109978241908076e-01,5.630238982540201054e-01,2.741038244791040301e-01,5.293855242461386057e-01,6.563005840340268016e-01,9.227553980688137925e-01,8.242507472346499720e-01,8.205884189188135114e-01,4.030688996853868944e-01,2.879231368105930611e-01,5.604828354830194703e-01,4.483383910061102262e-01,3.312907458881527711e-01,7.020578045645756715e-01,6.052619925730399197e-01,-8.313340094236788824e-02,4.671302405166468663e-01,5.848165363597462862e-01,4.494761334829405763e-01,8.507727733320532559e-01,2.397905867535763402e-01,-1.869333742088707673e-01,-3.356052017956306921e-02,6.150272677957009382e-01,9.522436510913726559e-01,5.952916485479173847e-01,6.514835895961852696e-02,5.091062097073193460e-01
2.824569967827140204e-01,4.251626335440403803e-01,9.376355870215919985e-01,6.986162402843613117e-01,6.089383484656838430e-01,9.467549944775188742e-01,3.968507998230015321e-01,4.976831550657124237e-01,4.895231061907942549e-01,7.293816137481522466e-01,0.000000000000000000e+00,8.643871120574705413e-01,7.824394755828171233e-01,3.878007105513811004e-01,-9.523428359897287421e-02,4.963090276112294141e-01,6.840914305009309082e-01,2.869646143182777442e-01,7.911674966193802394e-01,6.534006608798883509e-01,4.867814406858318454e-01,6.181617931023212220e-01,5.847514794359326418e-01,6.666751558491649243e-01,4.354022785032610754e-01,3.910861623185343250e-01,4.588677956974396288e-01,7.209918573838949296e-01,2.528207061663598210e-01,-1.863910834499146740e-01,-2.243239120805254061e-01,5.052304750041417547e-01,4.247496304543868506e-01,7.380943002100598394e-01,9.890628544728388150e-01,4.573964407816907274e-01,2.070515110514438706e-01,6.742003519258141786e-01,1.001224887282322618e-01,4.611918935366716155e-01,4.301702851177128251e-01,3.890024228666649070e-02,6.288041503199484072e-01,4.937578312179833895e-01,4.151930505987739828e-01,4.440414329232018065e-01,7.902301680096300851e-01,7.201606527623712894e-01,3.950600771453244842e-01,7.440718816575362382e-01,2.624823441126414858e-01,9.755903168151913718e-01,7.179953583752054502e-01,4.275161263385328647e-01,8.903757914418584107e-01,6.964612007694919171e-01,7.102135368963620188e-01,6.195487888510172736e-01,6.839556841487690608e-01,8.376692538749961336e-01,7.689055588119875911e-03,7.818047797474461102e-01,5.385271582821409275e-01,1.828365961647013260e-01,4.504827563815799185e-01,4.691969517035828874e-01,7.989195049519240976e-01,5.529191518332765565e-01,7.878741631528818345e-02,6.124780442655163304e-01,7.134525188528972883e-03,5.632076011299451679e-01,3.202755137605317048e-01,5.201167987618633415e-01,5.996064068427197080e-01,7.183490605577057542e-01,4.440496813950922106e-01,6.192365634229879401e-01,7.064882122477992299e-01,-1.117677893898190306e-01,2.715216952227693659e-01,8.472385653408335271e-01,7.809204578838665478e-01,4.288011053436201481e-01,6.820717799740219078e-01
8.498866813888460436e-01,7.622026533445255270e-01,6.872773421545125272e-01,7.048545996851440787e-01,7.895108571895641525e-01,5.148694213805087294e-01,-1.918334588420084197e-03,5.310920117555177900e-01,2.070327482469349056e-01,2.579366657870707513e-01,8.643871120574705413e-01,0.000000000000000000e+00,-1.182137937295300173e-01,8.089927279361567303e-01,5.851654648618801469e-01,3.512627969648725035e-01,2.832018672023332573e-01,6.285241687657754373e-01,7.173716172162502014e-01,9.033204364042142220e-01,8.659234857530790919e-01,3.527846583957852111e-01,4.306777099093996863e-01,8.339965485891709385e-01,2.050608571585157414e-01,4.005311957307420845e-01,9.962281265758783366e-01,7.720710534240184941e-01,2.661639560417667916e-01,4.381524594765103253e-01,5.018783326153234414e-01,6.634837891493630124e-01,8.595580329454823865e-01,8.579775706198113916e-01,5.718433634217884309e-01,4.081300551712373492e-01,4.073604888162002391e-01,2.766831365314099678e-01,5.522793383556440228e-01,7.445788586037912493e-01,4.413954828417624987e-01,5.821366521848732045e-01,9.316038849559582502e-01,4.078962406876971425e-01,7.558800806084400303e-01,9.019872915802654711e-01,7.993878818657270680e-01,5.548475994175768866e-01,6.163375094312426583e-01,6.678668428005783975e-01,5.806917139108277448e-01,6.400241718569859017e-01,5.481366728386488640e-01,1.183707545890758522e-01,6.303535064265596288e-01,5.656597727762842087e-01,6.994549266213598848e-01,7.159355992006846137e-01,7.542146230888121528e-01,1.305057891574742113e-01,1.622857497537631699e-01,7.434292706959330088e-01,6.889253557893529889e-01,2.989385307708508632e-01,5.303577489125284039e-01,3.458136926261665689e-01,6.650426777982261228e-01,9.477450736991432922e-01,2.388400253897214609e-01,7.227025888025266909e-01,3.484691054064413818e-01,-1.488992479727594409e-01,3.763482702536615765e-01,4.720386276246761881e-01,7.495505811367917381e-01,2.959317183181561228e-01,5.448473510643800921e-01,1.948813580494903608e-01,3.394065581509625451e-01,2.302200427268241145e-01,4.004336729602178124e-01,8.895399641005253821e-01,5.962180850048930392e-01,6.535228236474175390e-01,3.769604878257088454e-01
9.158038599427813509e-01,8.688668640910208740e-01,5.696649840206575721e-01,3.286830653019532367e-01,4.346222794442250459e-01,5.392361863583232662e-01,7.978224348170491753e-01,6.424135269183840480e-01,5.722156221032010937e-01,9.193801498867997246e-01,7.824394755828171233e-01,-1.182137937295300173e-01,0.000000000000000000e+00,8.261998675347834720e-01,7.441780107935369593e-01,7.900980958055496828e-01,7.035956649069922131e-01,6.597794284807750875e-01,4.577972708108227207e-01,4.966920620217317173e-01,3.050657181017322195e-01,4.898121691276477452e-01,9.787666860403857472e-01,7.029249351818012137e-01,6.118198246378246941e-01,5.012576487044326790e-01,7.562148076923965734e-01,8.328117737362333850e-01,2.963151271781412355e-01,3.779795369729032073e-01,2.642326461648223379e-01,5.864704718918607451e-01,1.090785001621502465e-01,2.214812675907257833e-01,6.145069160534811781e-01,2.591609702004920579e-01,1.303587642389008872e-01,7.493978088936750215e-01,9.942761340333965414e-01,8.525354749893278017e-01,2.548552538555747260e-01,9.233316119506193020e-01,9.493151084980763210e-01,4.679977033892596117e-01,9.637999111301729371e-01,5.792794467429651650e-01,4.269501498290806385e-01,8.606662268562013107e-01,7.179247268714276098e-01,5.636176874094418476e-01,7.647168050339330225e-01,5.370263742368406312e-01,6.594903674760805856e-01,8.318091310880756373e-01,8.917973669867667041e-01,7.960830610098041937e-01,1.023919575043166774e-01,8.310969633110594224e-01,4.440816728938728475e-01,2.637676011156629974e-01,4.820319368277288519e-02,7.931956559083281899e-01,4.489807949721466018e-01,8.249458712147964556e-01,3.243550988930146012e-02,3.806583603920487002e-01,6.509423878495254057e-01,8.798278328041533314e-01,2.366482934753305623e-01,7.947196574256810697e-01,6.537933435263983961e-01,7.403714065147644074e-01,3.367491312325899266e-01,4.318878520099951879e-01,3.837370210872200760e-01,2.625462788034424455e-01,7.477625724382883643e-01,9.577890612666437598e-01,2.234597739669100247e-01,3.570401269686462875e-01,7.665196065433893535e-01,6.505967326841217702e-01,7.465432146787420731e-01,2.757238239624562048e-01,2.180519833480558667e-01
9.909970745798010183e-01,8.753825355570625799e-01,6.718507149315071647e-01,5.844732201800839633e-01,4.037568578938880992e-01,7.146878332160317981e-01,6.595703054358940109e-01,9.101654372695845430e-01,6.922561484146690924e-01,8.236353989720376356e-01,3.878007105513811004e-01,8.089927279361567303e-01,8.261998675347834720e-01,0.000000000000000000e+00,9.106597964271613277e-01,4.819013557046102902e-01,7.252334142726113431e-01,6.796813480949212005e-01,4.328360399060084407e-01,7.175871203524468722e-01,7.474367521820393101e-01,4.218100995322614510e-01,3.443719535811741728e-01,6.769777665548861734e-01,5.506348192332091163e-01,7.152544263858030549e-01,4.373178257700569005e-01,9.245469304897693252e-01,2.251490096655537898e-01,3.906853604158787019e-01,6.576032619070035778e-01,3.962534849390458858e-01,6.522355869614122614e-01,2.448078407987132055e-01,6.535959080965421109e-01,3.872989436854142875e-01,4.382693855243588454e-01,5.524157518579286830e-01,6.181126744754840141e-01,9.144879762180402327e-01,5.408664137666052696e-01,4.042405638921698907e-01,6.325850243963054842e-01,6.561094537971723373e-01,9.618386411903507849e-01,9.408779973716210332e-01,8.940760996235972424e-01,8.035811477026207905e-01,2.250313780947325593e-01,3.911993288116605294e-01,2.920243988699504634e-01,6.602674799237387981e-01,8.097563468191328884e-01,7.549130434587685290e-01,6.429119265478377976e-01,6.926128357885066311e-01,6.970678926474319637e-01,4.005523296442972114e-01,9.923672242670225074e-01,7.770072159167094039e-01,1.922499394615689305e-01,8.985198647092059732e-01,9.914976377809237018e-01,6.535451949517576686e-01,7.591971105764470096e-01,4.201752704821344331e-01,4.452968267625149745e-01,7.992561314112472948e-01,5.166518780119351284e-01,7.496428898723472845e-01,5.375512045693506824e-01,3.097640241236439551e-01,5.646867403851755229e-01,3.526236441998010784e-01,6.875208501241019121e-01,5.737405837641083028e-01,8.350490481385849373e-01,6.891406751197494129e-01,7.431566567366295617e-01,1.753640156521384386e-01,5.497803535753027493e-01,6.170296202860555690e-01,9.492900839182689676e-01,1.909693192748861401e-01,8.252087278208274368e-01
6.791734798922873795e-01,3.914451745408685790e-01,7.164425648424651571e-01,4.916628072116515091e-01,7.258884737190036684e-01,7.935927872087017443e-01,7.306938707712545833e-01,1.644226389652641285e-01,7.777005037209329119e-01,1.513744100334908360e-01,-9.523428359897287421e-02,5.851654648618801469e-01,7.441780107935369593e-01,9.106597964271613277e-01,0.000000000000000000e+00,6.297520079469970389e-01,9.722099440716462926e-01,7.322928885898102314e-01,3.247838703879656341e-01,6.514018369461268554e-01,2.668178965122751656e-01,2.610701373144201365e-01,7.125443770025103873e-01,8.770149429845355282e-01,5.326664916291800056e-01,6.321809580284221131e-01,9.342274192779401742e-01,6.809128366912673425e-01,4.657197761509557221e-02,1.930588666796276831e-01,-1.491791786198404801e-01,5.279937505780343265e-01,5.272762368585107717e-01,6.032270020956855827e-01,5.650575966547320972e-01,3.331849455612139188e-01,2.102475794217715521e-01,6.532200089449073932e-01,9.554182981736859537e-01,7.266496442554395419e-01,4.964095031219097343e-01,6.222359009300983956e-01,7.324708094158591809e-01,6.907229372099857878e-01,6.580455853286220069e-01,7.458317822086153459e-01,2.112986671425023666e-01,5.315675729225101120e-01,7.728256523345802265e-01,2.238836911330211732e-01,3.782428611950986452e-01,7.881694099664282582e-01,7.740289036222499641e-01,6.977692289247808821e-01,6.412757008496086097e-01,9.068421012786616053e-01,9.932549440533502416e-01,9.647754742782016502e-01,3.237713199693798005e-01,3.768889081864601476e-01,3.691214055693343710e-01,6.496707762945641562e-01,4.864338429474799330e-01,5.482210816730970215e-01,3.409171027000724719e-01,9.010821849692453034e-01,2.042964320959563262e-01,6.401689320379366777e-01,6.092436694743363912e-01,7.442300319574968182e-01,7.908558449499134557e-01,2.362020786591117472e-01,7.020000895333927682e-01,4.472994730619280213e-01,8.629102121820564353e-01,7.479565789422031319e-01,6.265138276345944002e-01,4.993309877404199515e-01,5.707377106614206497e-01,2.676434504364312850e-01,6.899104155514529380e-01,9.322327555399259058e-01,6.695939869323008775e-01,4.969475184000810564e-01,2.403372565907710146e-01
6.425735868146320584e-01,6.935178742174815669e-01,6.311659425701418025e-01,7.494870786962313236e-01,5.840214795364965239e-01,8.154815624123596951e-01,7.421016772222631674e-01,4.118966861704476679e-01,6.156287899317597345e-01,4.649432686393112912e-01,4.963090276112294141e-01,3.512627969648725035e-01,7.900980958055496828e-01,4.819013557046102902e-01,6.297520079469970389e-01,0.000000000000000000e+00,2.089314718912016478e-01,6.074680638464761140e-01,9.388468413775070687e-01,7.910400136458134446e-01,6.842436444383716010e-01,7.589216350380567633e-01,6.512100713889408254e-01,8.566721800236090090e-01,5.228009752782295516e-01,5.704368224022658973e-01,8.174371806963111053e-01,7.982319183168230525e-01,4.594359590432490204e-01,4.807652291487855001e-01,3.512496893348958649e-01,5.826886693056557709e-01,8.613921046626760170e-01,2.351432688230275028e-02,7.163270533111891769e-01,5.948601604788166242e-01,5.677717007930107584e-01,8.973194097011342185e-01,8.883027790134451207e-01,9.366613912961295751e-01,6.537361962151324590e-01,9.655781926884244859e-01,5.531631137542876164e-01,5.840033839161522522e-01,7.723822675479914412e-01,7.794703200517316688e-01,6.071209037370264294e-01,3.404630361676991845e-01,1.153283790851533739e-03,4.585963814012059547e-01,2.761855367485603896e-01,4.904366444374611000e-01,-3.982894368200061708e-01,5.203003068277113341e-01,2.308596405817260055e-01,9.381215188598097665e-01,4.725365927068408967e-01,1.831126331526077289e-01,4.767681047069950995e-01,3.313946402814310632e-01,3.212099782599062703e-01,5.715671962051576127e-01,4.427387770876922146e-01,9.456844924998093482e-01,7.475436998443960590e-01,2.007128822946589036e-02,9.496389664940134701e-01,7.569898387540630047e-01,3.746215829005217213e-01,9.742867489148149263e-01,8.706261353666686631e-01,9.322620895271427344e-01,2.834892854775117321e-01,4.903974702952142994e-01,1.744083922584966639e-01,1.511574446344611800e-01,4.620365153163080718e-01,7.438853342610702857e-01,-7.720732678866956689e-02,2.358459076332172222e-01,4.390358262634537212e-01,8.940740633582228147e-01,3.554614684282523251e-01,2.445320139671531279e-01,2.374445079489515553e-01
8.493068715137045421e-01,5.044961259880932358e-01,8.901180875667572545e-01,6.814982289794034864e-01,8.603489741662012635e-01,6.736819149687801600e-01,6.622422857555037012e-01,5.915097953008265907e-01,4.356170667966603460e-01,5.369860822872020156e-01,6.840914305009309082e-01,2.832018672023332573e-01,7.035956649069922131e-01,7.252334142726113431e-01,9.722099440716462926e-01,2.089314718912016478e-01,0.000000000000000000e+00,7.041429962199474701e-01,4.062781127614681353e-01,7.309508601954676221e-01,6.457021935875215668e-01,9.011706096399887400e-01,9.388753470488920838e-01,6.105884179698819469e-01,4.259490506283858391e-01,6.150206931852166825e-01,8.299107218448448231e-01,9.098987540682468289e-01,2.915439537259523466e-03,2.163934932114617293e-01,4.190854698359352537e-01,8.765467236508546200e-01,8.913498664143274519e-01,9.553101453310677282e-01,4.148429150580014158e-01,4.035259015153216944e-01,2.973501545450637495e-01,6.298248655586649036e-01,8.313907492552937706e-01,6.443185222385865440e-01,4.448792754187138598e-01,7.431473580758564124e-01,7.198354147301602168e-01,9.678531503755019028e-01,8.691923660722740141e-01,1.131756998097026012e-01,6.924778826581078350e-01,7.827822459558713142e-01,6.096527833858371714e-01,3.171992373293704148e-02,9.932300276328474009e-01,7.526484711438772290e-01,9.528349058008087624e-01,8.829727539111821288e-01,4.386699429125755501e-01,7.874790039102377293e-01,9.178431942940452615e-01,7.594648880017736969e-01,5.217509835157996267e-01,5.619268676789920258e-01,6.145272956391268915e-01,5.446998995662752918e-01,8.756772926199968277e-01,1.866846549470753125e-01,9.096510777932425018e-01,7.861504180690027238e-03,9.282228606888137667e-01,6.461915743039151616e-01,3.381078707538485162e-01,8.977028583957324948e-01,6.147560193727512612e-01,8.570840114105255925e-01,5.451793722058573266e-01,6.713008019693407213e-01,6.705093313341073946e-01,6.750126039213042439e-01,-2.102502855487544398e-01,9.477851505215026950e-01,5.941207412169068336e-01,3.017275983215443880e-01,5.695789315099448746e-01,6.298557245721768671e-01,9.961115462082369421e-01,3.105379369939397227e-01,5.661867975434251576e-01
8.861306843814790168e-01,1.900956454844302534e-01,8.272722838888526553e-01,5.540887647798071747e-01,4.621954526979025202e-01,5.920249350421569190e-01,3.596747091103535965e-01,5.754587723041385550e-01,6.447628166238471570e-01,6.345512259808993027e-01,2.869646143182777442e-01,6.285241687657754373e-01,6.597794284807750875e-01,6.796813480949212005e-01,7.322928885898102314e-01,6.074680638464761140e-01,7.041429962199474701e-01,0.000000000000000000e+00,4.275307336407657144e-01,7.689362505785252155e-01,7.192600741064755221e-01,2.705491303498780975e-01,4.012117179213312568e-01,3.101872685226485515e-01,5.482880679859291062e-01,7.736260182414358422e-01,6.045563007000681610e-01,4.515935662092528946e-01,4.576759282121540262e-01,2.172684043221187189e-01,1.509285644325523701e-01,2.554293452520692842e-01,6.145479902968228325e-01,7.921331771574737779e-01,4.523005746211108957e-01,4.573562603175022057e-01,3.524211470912679278e-01,8.725937503634281223e-01,6.869597303329744165e-01,8.229845295037284680e-01,6.275981211998877818e-01,6.877196175456757876e-01,7.796908828053392693e-01,1.681032538012945110e-01,7.285488843683536331e-01,4.467743970286494615e-01,6.589850751636602277e-01,6.863125146599793336e-01,6.749141140918357706e-01,6.201805391523730338e-01,4.806953387203721784e-01,7.508523978236024687e-01,9.517638335879362588e-01,1.118712468573250240e-01,3.570046961985589018e-01,7.720001858811261775e-01,6.874068656145202461e-01,8.565280129410698384e-01,2.737586126685820354e-01,2.468908547961108646e-01,2.437806897195451128e-01,7.697659489044195169e-01,6.716910669351788821e-01,7.621178286789195289e-01,6.973757803036356728e-01,7.555147203159569003e-01,6.432267621195847385e-01,4.549863340391689936e-01,5.132746414478606134e-01,5.935404729222507614e-01,8.837529633374271443e-01,7.962865228399997886e-01,6.039622776828660333e-01,-6.288972038185133839e-02,5.370118125991828473e-01,6.621559781960050239e-01,2.599355811823409468e-01,3.780485565835602912e-01,3.780243952199112134e-01,4.416296055058676062e-01,7.525186935474315053e-01,2.568968969559404791e-01,9.027956796887198765e-01,5.381683361563871504e-01,7.128820573430271201e-01
