0.000000000000000000e+00,5.778087883951205095e-01,7.531440254925222400e-01,8.336751241413034030e-01,7.014650352611078166e-01,9.840501776220202945e-01,7.690551815814585801e-01,8.952523003801038382e-01,5.528925375700594058e-01,5.539367758969516720e-01,9.191082398912058249e-01,2.821846032872588617e-01,8.764538955358752714e-01,8.029383383756190096e-01,3.466059051887253606e-01,8.903065875573390464e-01,9.212185687663241307e-01,8.383436416106236910e-01,9.853373922157970810e-01,4.692408030480026415e-01,9.989603033232649087e-01,6.375039792091763413e-01,8.799131213130793050e-01,8.626069926875857830e-01,7.327083092288583233e-01,4.161277851623307322e-01,4.206163974451730403e-01,1.591543728868089758e-01,5.012343425922245466e-01,4.489863433143363447e-01,5.750769573723739647e-01,7.031731010614231669e-01,9.239918212379591989e-01,4.023878153527163382e-01,2.523943101951510171e-01,5.386108093966377464e-01,8.961052859517662506e-02,6.185618822658620619e-01,8.548204373137123779e-01,4.407560521850542590e-01,7.662395648441177043e-01,7.037900663191621886e-01,8.591879331269201003e-01,6.851013920092083875e-01,8.963887138324636572e-01,8.521936979131092826e-01,2.841635790065838996e-01,9.096869511133253150e-01,9.940630948091377928e-01,5.880323815601826709e-01,5.728227465551338771e-01,9.359542417353672317e-01,4.744738781950664785e-01,5.830119575002633558e-01,7.047494924655945958e-01,9.074542030451135943e-01,6.119695384603105609e-02,9.725255706494947416e-01,8.161750331733317321e-01,5.577084260068920774e-01,5.265091039731164546e-01,5.633159291735226892e-01,7.201764779403023731e-01,7.013493069338747610e-01,7.243262955507143719e-01,6.749979939128408768e-01,6.538559344565982867e-01,7.399016004074978614e-01,5.989651194113789767e-01,5.353234619614766210e-01,4.744868128787437800e-01,4.430394065664065573e-01,4.569717472528638247e-01,4.917746818792227415e-01,8.346815680600592202e-01,6.825108731043463273e-01,6.815149475577764182e-01,9.704330905707873045e-01,3.779490300263183555e-01,4.743048869677352064e-01,9.033230853378544367e-01,7.630715959215859101e-01,3.201292758086116130e-01,4.719668960933031676e-01,7.004683946619810753e-01
5.778087883951205095e-01,0.000000000000000000e+00,9.283689932946925794e-01,5.449109889803174234e-01,2.017992599695225819e-01,2.618394154768771132e-01,4.541985960050327065e-01,4.109360927551221621e-01,2.136155855633184997e-01,9.973830137668404650e-01,1.337621878231687045e-01,2.208191186885289925e-01,1.155551648955084887e-01,6.223762503878754737e-01,9.035916830589654225e-01,5.244824245843952015e-01,4.389115024495429118e-01,8.231736624389863755e-01,5.001145593706640691e-01,7.637455327952397122e-01,7.149489462308685761e-01,2.083926356257009282e-01,7.949915514881900069e-01,7.594147961644821532e-01,4.562513996170688979e-01,1.592330584429906548e-01,6.273036701651354408e-01,8.069364366713044356e-01,4.825969549736857100e-01,4.735225973315457804e-01,1.907648878635199718e-01,3.229601580890472112e-01,7.764390114104913199e-01,7.281652549243367023e-01,4.073925861153115391e-01,6.656280562851354388e-01,4.239190069076910761e-01,-1.690339560327416835e-02,7.046247069929484352e-01,1.776911572608547152e-01,7.790249467493942648e-01,1.000762265047799859e-01,6.957965016100959854e-01,7.317682517879909865e-01,8.600632270877952568e-01,6.688686017202042366e-01,4.497727765867620131e-01,9.212890085899188009e-01,5.533004382737999327e-01,5.818675874975504092e-01,5.647034542722271233e-01,6.246130883785346866e-01,5.353827598839085988e-01,6.929827651003687139e-01,6.726994182578253101e-01,8.367820641344106969e-01,9.089100080435961182e-01,6.783950775985390091e-01,7.093235202178723720e-01,1.373358625236927866e-01,1.352162897495011173e-01,1.468324542337544059e-01,4.799356577591489814e-01,8.555965407074241913e-01,6.463245087756402940e-01,6.198192831574748096e-01,7.247322425528905931e-01,4.624873773581986702e-01,3.138326856515643443e-02,8.321074147528489950e-01,4.751047503776154590e-01,7.061198907840452454e-01,3.448902706959410813e-01,5.533060068872802661e-01,4.594861369430565667e-01,5.913873287535562628e-01,9.398989331595911656e-01,6.235820253577533112e-01,6.325140138430759285e-01,3.451894913869926196e-01,7.930385882361667971e-01,7.248506640523186828e-01,7.611023250356676595e-01,7.954588963978910243e-01,2.612380473884039489e-01
7.531440254925222400e-01,9.283689932946925794e-01,0.000000000000000000e+00,3.916163102375651572e-01,7.013377131944618093e-01,9.388424696453055995e-01,7.981945294751457975e-01,8.261287801907627459e-01,7.470622042100379945e-01,7.468642130523931444e-01,6.286379606248388985e-01,6.465769688308641294e-01,8.645792013644582052e-01,9.510725270323865388e-01,8.587580343348542034e-01,6.602056149528467976e-01,8.963427518701057028e-01,4.472545163756433961e-01,9.645587995637940892e-01,8.969129276371587967e-01,8.383977062722056672e-01,1.094945604201809086e-01,6.107265674556368040e-01,4.905006488607757120e-01,4.064214848355118259e-01,2.050439270447753648e-01,9.867481412440437527e-01,8.600899118127982579e-01,5.060576045155279479e-01,3.927125391623891293e-01,2.516309570591679923e-01,4.054989962402300585e-01,2.431234872176573636e-01,5.096965844616371255e-01,6.620870192849130920e-01,1.226840871195668536e-01,2.779193014179635046e-01,7.557717183350625145e-01,4.448656141450071932e-01,7.318252526090662791e-01,3.156868085712778438e-01,9.081501103758379267e-01,6.750832060427633952e-01,3.856036253696260019e-01,3.967427536351871287e-01,2.095907568356656508e-02,8.056938409916154509e-01,9.750628447674213328e-01,4.451211334444817869e-01,4.710642976503283119e-01,9.673924536468176960e-01,6.704206979257580912e-01,9.881275480847391268e-01,6.247319167661459227e-01,7.187863155661988745e-01,5.033142590874309930e-01,6.649565450293499769e-01,7.058631443460884336e-01,7.137087242691153577e-01,1.909572512639080011e-01,7.893060778073419659e-01,5.374645044205978994e-01,8.500046935406206927e-01,6.857072447764150924e-01,3.898721443898488515e-01,6.953137267921735143e-01,7.768387350757959275e-01,3.012532631524302840e-01,8.370491617323763123e-01,2.957504625321639158e-01,9.606886626747670466e-01,9.778614666330642802e-01,4.593391808397450649e-01,1.533405194395083375e-02,7.115113885143232730e-01,4.499753415513290666e-01,2.202193941167697178e-01,5.192651081534674917e-01,3.669665617743572694e-01,4.977041829632642411e-01,8.767964370351271075e-01,8.111545297838405055e-01,5.289503737852886411e-01,6.914417668810000084e-01,6.408574481670072931e-01
8.336751241413034030e-01,5.449109889803174234e-01,3.916163102375651572e-01,0.000000000000000000e+00,7.322672766636008079e-01,6.902014564479256320e-01,2.643676897264601866e-02,3.542079160907457003e-01,2.668072784686865151e-01,9.860581900094522734e-01,6.436478572052842795e-01,4.653656473637208246e-01,2.801953160266955623e-01,4.545970051828042147e-01,6.267026608540086086e-01,6.432431622196512766e-01,6.844445039957982591e-01,8.293164186802293170e-01,5.600027753207954540e-01,5.308281588590796352e-01,9.416267272456682047e-01,6.573440572670801174e-01,9.131796147573184586e-01,4.077779885562598516e-01,7.367639008407074197e-01,6.619809853178864056e-01,6.461835796629163964e-01,4.468095976681456527e-01,4.349853201256802526e-01,-8.976944840949989401e-02,-8.058554128407902084e-02,6.583052119966454896e-01,7.528684003932518687e-01,6.022177343854928644e-01,8.761047336499019345e-01,1.860787583377356280e-01,1.020925285244727726e-01,7.413103520355812659e-01,2.298559463736788988e-01,6.130240768872405877e-01,5.156269655690628451e-01,9.517610340987582296e-01,4.650203076148083925e-01,8.107322037162505435e-01,8.511524279920197333e-01,6.468166291069815665e-01,-6.408948483048515499e-02,6.199702912106319630e-01,7.232867956305091273e-01,4.581334770932759537e-01,6.453710098419882524e-01,9.112749529075371280e-01,3.797526196418412603e-01,8.854918087257487302e-01,8.780339262406816614e-01,4.378135030473873646e-01,8.094829023235389220e-01,7.173583552862280444e-01,7.033967169243662276e-01,6.425821147804192668e-01,2.199961106905916342e-01,7.149993296211889504e-01,5.107299297420819784e-01,6.999696082008668441e-01,8.536282373391458345e-01,9.098315475825005105e-01,7.595582805089194922e-01,4.678548522462211423e-01,6.424158000833672943e-01,6.926086470191211708e-01,5.670063935037327196e-01,6.011527672802619189e-03,7.002713344783773053e-01,2.456055074348939271e-01,9.496834053804713571e-01,7.909875053991732852e-01,8.223085031699639558e-01,9.489352493541797218e-02,2.840041913319304445e-01,3.939953965915037326e-01,9.599985848614798201e-01,7.814842785511588730e-01,5.749979016565571754e-01,7.109749852642269774e-01,8.229221526535968056e-01
7.014650352611078166e-01,2.017992599695225819e-01,7.013377131944618093e-01,7.322672766636008079e-01,0.000000000000000000e+00,8.721296971300207534e-01,4.897560848247478615e-01,4.515752132425656651e-01,1.073504508737027907e-01,6.325255044751579847e-01,6.624510770885871924e-01,6.772128041814606814e-01,8.581012905945056835e-01,7.894842716667339610e-01,1.576832671842139377e-01,5.164368927756614047e-01,5.620210106033890485e-01,7.023778599776064890e-01,9.534938195197362187e-01,6.390887087804810740e-01,7.684819976708281430e-01,5.042324722804576442e-01,7.098733721793383245e-01,5.634025516955322166e-01,5.320029999955763200e-01,7.866369504255745770e-01,9.933103093348776280e-01,5.030023184571641437e-01,5.391173139286180582e-01,2.731749150751739963e-01,1.309382409007571746e-01,2.213904281083590442e-01,8.806198559547199212e-01,5.483878489029798686e-01,4.726502552644569755e-01,4.932612389873769834e-03,1.547564348207018659e-01,7.390532993859062483e-01,7.134367587990475545e-01,4.551773436473011691e-01,3.586614573886050539e-01,9.868023030671571050e-01,9.784366614370169080e-01,5.904626864837094757e-01,8.249794671538236424e-01,5.617451984383510233e-01,7.776301161600056577e-01,6.966085179562393481e-01,5.058464576398160606e-01,4.548065878253774730e-01,4.013244454568197783e-01,5.437207417402092346e-01,5.556858007699925217e-01,5.794380334173191427e-01,2.385101654929519532e-01,6.175085782571416715e-01,6.712497095372393918e-01,3.989563718574045126e-01,9.839384634742202040e-01,-1.834295663655977349e-01,4.680355442861794391e-01,4.117453742002500361e-01,6.202680924654544459e-01,7.350754604359610589e-01,7.105699869855094386e-01,8.219232259246774808e-01,8.075679549446778127e-01,8.643391878531851980e-01,7.487809711418933478e-01,4.270445854094482852e-01,9.864696928570718670e-01,6.654683532520180300e-01,3.699298993694704052e-01,5.301103005880851704e-01,1.910592645051549521e-01,6.994214762076209624e-01,4.043882906512599185e-01,4.967995662082279607e-01,6.672322908593301127e-01,2.231706540407625561e-01,2.419677003181685548e-01,6.628240341132913827e-01,4.410128497997973795e-01,3.902407916715953107e-01,5.249611227259172175e-01
9.840501776220202945e-01,2.618394154768771132e-01,9.388424696453055995e-01,6.902014564479256320e-01,8.721296971300207534e-01,0.000000000000000000e+00,3.380309876709932104e-01,4.214020648649237089e-01,6.959837071288490495e-01,8.392522557904664726e-01,9.216325861637550965e-01,7.997919158315138777e-01,5.160870617042113695e-01,2.056652749350122156e-01,6.631164198248901132e-01,4.967622495820667727e-01,2.275149510415521159e-01,8.111854838977035076e-01,2.768117881078131504e-01,6.356805433384163928e-01,9.152444326010754638e-01,4.540110974074898498e-01,5.237476873826105717e-01,7.527729895308796770e-01,4.269172407856895446e-01,2.185320117554001018e-01,8.023833720871913489e-01,7.184982373715304016e-01,4.701694471283967558e-01,3.469827078749342375e-01,6.051206919324647604e-01,5.760307120682446325e-01,7.479030337367594816e-01,7.418401915012018399e-01,5.287449086738409409e-01,6.191411496337450027e-01,3.665189125876355258e-01,7.577563999688330387e-01,5.022891683323585932e-01,5.183520228562842336e-01,4.481767145887013415e-01,7.349350359452240244e-01,6.461926716157005979e-01,8.270275237150228609e-01,7.646664789841023380e-01,4.558093906534143591e-01,4.157313766648982889e-01,7.616313159868457472e-01,4.785148074067919755e-01,4.527396996960977860e-01,8.469819791527044561e-01,8.184082822126258483e-01,3.511587442988707286e-01,7.993190910796761361e-01,5.647956609850574017e-01,8.246635877694202810e-01,6.382267603143236823e-01,5.039866215129396032e-01,7.124353635379556682e-01,4.981929577536381437e-01,7.356858478670236234e-01,2.165593430653661444e-01,7.838880566294600394e-01,8.174136504892351440e-02,4.920503007672212270e-01,7.753025706492969737e-01,6.946337584158462919e-01,9.401918317703440442e-01,4.291708094479990132e-01,2.856876052626926010e-01,6.210944454147236948e-01,4.864559735508901528e-01,1.734049646528628974e-01,2.772535184190346724e-01,6.617283709400215708e-01,4.046506244816827635e-01,2.092957685439980897e-01,4.923763591713813392e-01,2.570218368275202225e-01,1.512566690036629691e-01,7.887798475081515548e-01,7.716269735227078153e-01,5.903785367886831281e-01,5.524938063604835081e-01,7.213094100210441784e-02
7.690551815814585801e-01,4.541985960050327065e-01,7.981945294751457975e-01,2.643676897264601866e-02,4.897560848247478615e-01,3.380309876709932104e-01,0.000000000000000000e+00,7.993427439114906274e-01,7.973076996504404601e-01,4.838558208711004616e-01,4.761079055374198288e-01,6.110688237409932499e-01,5.600677703147000086e-01,8.223359667777333515e-01,4.887850234487023382e-02,1.212739041751773605e-01,7.912356448103177176e-01,2.959472750297912902e-01,5.431374538434257104e-01,7.632873787731463411e-01,7.541829243829911711e-01,4.246073049118802567e-01,3.529667079060857526e-01,6.408609250821641901e-01,7.949456596871125047e-01,5.231498893468090605e-01,7.717864595818441087e-01,4.839876556838374477e-01,6.044191468909135834e-01,2.254146662799507705e-01,3.679977036984306005e-01,3.039202529947624964e-01,3.250902260902346907e-01,7.887309919231608735e-01,6.496309745638895183e-01,-3.951884984299211534e-02,1.015446566238846215e-01,2.675746091781104896e-01,7.694736322325598232e-01,2.802069194777802030e-01,2.152538793990716459e-01,2.662016993335097337e-01,9.023092895859012863e-01,6.091164020456190098e-01,4.365660495616948134e-01,4.508367987713716163e-01,7.070596554726630290e-01,4.710074312011683362e-01,7.504258191158864610e-01,4.578834550752168275e-01,3.948992549762567750e-01,6.402700720038198012e-01,5.674495980397034067e-01,6.071277936950869591e-01,6.677135938152883865e-01,1.871716693177257196e-01,7.436989496225498986e-01,6.983871133711982981e-01,4.680643997575073545e-01,2.234704453078091568e-01,3.714651974643441434e-01,2.241463103209981045e-01,3.775164296231650063e-01,6.486453852812823495e-01,9.857304301902849453e-01,7.194434304902354027e-01,5.346021206895800182e-01,7.069508606247574267e-01,3.501251896870074543e-01,7.501322259884388721e-01,4.362008458857147830e-01,3.393724120618398787e-01,3.058252610187639497e-01,4.689526789902715986e-01,6.764806815607347090e-01,4.160197945938968189e-01,6.001041492131357069e-01,2.613387307801100512e-01,5.166833662049861164e-01,-9.864397202801133968e-03,4.214684801792794588e-01,6.441119097154748285e-01,4.223138457172966875e-01,5.652492669180966267e-01,6.764188739586366461e-01
8.952523003801038382e-01,4.109360927551221621e-01,8.261287801907627459e-01,3.542079160907457003e-01,4.515752132425656651e-01,4.214020648649237089e-01,7.993427439114906274e-01,0.000000000000000000e+00,2.869331714858046056e-01,6.761748349417682213e-01,7.261453425388426641e-01,3.132812040730577618e-01,6.311596741319709380e-01,5.106651590191637613e-01,9.766969074230587022e-01,3.312125955879301475e-01,9.274053984263100903e-01,2.170007534253675929e-01,6.692534524396598350e-01,8.734435863634321118e-01,4.606568944066887772e-01,7.087890685039885952e-01,5.725438704036868165e-01,4.364642047901510225e-01,6.919863168108768559e-01,5.967678270406324703e-01,5.559526592903907272e-01,6.140933454926917889e-01,4.013325352256928436e-01,6.004413746746540825e-01,5.891104173626510176e-01,5.396783560774137678e-01,2.871677920192247657e-01,4.031823186280318327e-01,5.552180710905983974e-01,6.302555588788719687e-01,2.567665824326502699e-01,7.824605700721599666e-01,5.094717196910487633e-01,6.362728134202044750e-01,5.428282872915909385e-01,7.953606265696055999e-01,6.074646096957239116e-01,2.879971245008764447e-01,7.062313303289337041e-01,2.965514559965823360e-01,6.906114065258207591e-01,3.366953872735980458e-01,7.886320461011090410e-01,-3.283231460190519369e-02,3.559880872364641347e-01,6.894887131213986997e-01,2.509834176870068267e-01,5.956776380455890418e-01,7.757250058399821624e-01,4.664302067949798736e-01,6.298139224530545643e-01,5.836511983914998147e-01,6.469015273946453481e-01,1.064375731705906672e-02,2.737143476588848046e-01,2.240762785851241334e-01,2.873652940045786641e-01,9.991857669413558574e-01,7.059009579424606606e-01,5.821066940591974603e-01,7.204686701660015791e-01,8.988997212323628361e-01,6.858643172158771506e-01,4.372429114128325578e-01,2.313231426014155656e-01,4.213985649208781270e-01,3.625236277983957534e-01,1.709040193306792244e-01,7.480083058295847742e-01,2.478959565534331611e-01,5.952414918653160525e-01,6.435076550200450329e-01,1.819122454794237509e-01,4.632243408098292714e-01,9.655165103066386534e-01,2.571835464771445867e-01,9.921566476954730707e-01,8.721301041360247919e-02,9.266171810330638969e-01
5.528925375700594058e-01,2.136155855633184997e-01,7.470622042100379945e-01,2.668072784686865151e-01,1.073504508737027907e-01,6.959837071288490495e-01,7.973076996504404601e-01,2.869331714858046056e-01,0.000000000000000000e+00,3.277201402025141652e-01,1.615268700735775220e-01,7.283403970612178924e-01,7.207095979702656807e-01,7.181859424307052153e-01,5.246479026883119623e-01,8.859417092848849151e-01,4.963566885705283926e-01,5.029501238763756099e-01,7.983332767662043583e-01,6.966675856455134541e-01,5.423361633201116971e-01,3.005052318462363425e-01,4.325990631740027070e-01,8.449260469644533922e-01,3.203113407820286640e-01,6.199502215018575235e-01,9.530543378998080906e-01,9.030656928359269697e-01,4.189685398661588955e-01,2.784353281560769666e-01,1.605576748850163493e-01,5.934968184510628353e-01,7.759277225495587738e-01,5.800428433516144899e-01,5.060335492359161469e-01,4.789802025130697194e-01,3.724153735412099042e-01,1.584017426429180642e-01,7.521721401239602756e-01,6.870598804010584759e-01,2.536629852957277276e-01,6.686140365770075478e-02,8.819957887137727104e-01,7.995894256074904671e-01,8.458921859907063689e-01,1.233989569892461891e-01,5.908782044342628659e-01,6.115552109794077928e-01,2.003957042045136361e-01,-5.425718498179885052e-02,2.654537410719022827e-01,6.016769791677645252e-01,8.952612157270021243e-01,6.448182557298696160e-01,5.080847631010171339e-01,7.242236328554008118e-01,4.255986948797721436e-01,2.013786118785744483e-01,4.901051497391930023e-01,6.941863368818711466e-01,4.205040797521346629e-01,1.893703152007718549e-01,3.858295337973378647e-01,8.078878439427967795e-01,8.133294637241680336e-01,6.506188189510115905e-01,6.905595244413085254e-01,9.739941550592202679e-01,9.195027004906042301e-01,6.040103764786537432e-01,8.002223444914526862e-01,2.536276202271176006e-01,5.027472825846908133e-01,5.726173184225947788e-01,4.104656103654514832e-01,5.055961251284354363e-01,6.165955097087711945e-01,5.477143008127842716e-01,4.277540124376856268e-01,4.641885147033712467e-01,2.069471438873999314e-01,8.326973158867169156e-01,7.384023970163047235e-01,7.025962269352671319e-01,4.975346397561328793e-01
5.539367758969516720e-01,9.973830137668404650e-01,7.468642130523931444e-01,9.860581900094522734e-01,6.325255044751579847e-01,8.392522557904664726e-01,4.838558208711004616e-01,6.761748349417682213e-01,3.277201402025141652e-01,0.000000000000000000e+00,7.796192065923717163e-01,3.894021063271196903e-01,4.402555896995976603e-01,2.448106225725843188e-01,4.674138014559711118e-01,4.273814927735333224e-01,6.706108246352997515e-01,1.579051244592764025e-01,8.283682287525121479e-01,8.608100640484940280e-01,9.112605366288768494e-01,8.187564729349182668e-01,7.091427225783010213e-01,4.288058785158380681e-01,4.363866558980035726e-01,1.676237069699944016e-01,7.559341335505316284e-01,7.133505690118635556e-01,-1.965774604919948709e-01,3.639388966839048056e-02,3.601988039020230237e-01,5.374355843262322852e-01,9.727268560918563844e-01,6.690906404517944495e-01,6.953988284207608395e-01,3.797336940351437873e-01,7.028212652538219363e-01,5.182141086302002320e-01,6.413126928393718673e-01,6.873675386454578540e-01,9.022000640315197550e-02,4.682867241636421429e-01,7.388623184704917746e-01,4.887719965858272064e-01,3.425463949355819215e-01,9.623123665031523277e-01,6.481475540166186100e-01,5.430092694051316116e-01,7.184857778065222300e-01,5.938184339353401731e-01,2.517500369066248966e-01,5.493014981646201500e-01,7.579466259421265839e-01,1.259179068014884828e-01,4.247146535959756553e-01,5.208814418487048847e-01,4.980639561578653618e-01,4.733203879240944767e-01,2.155010979728830545e-01,-3.383772807025623441e-01,-6.372894235951531705e-02,5.908082871403492753e-01,6.642313075729551208e-01,4.669333894561494835e-01,5.504283186981102638e-01,4.878475934707994233e-01,7.426676380251020504e-01,8.870180786407680928e-01,5.585301174521649648e-01,6.170710030404479296e-01,8.464462196821576079e-01,6.341193013498955811e-01,7.879864761284997021e-01,5.255860850582548816e-01,3.757932333135011183e-01,7.406919696629653549e-01,2.602123602946879166e-01,3.987548208178203213e-01,9.441005480025294050e-02,4.823153039018298061e-01,7.497528117282112881e-01,7.119417382676529460e-01,7.474562320099219503e-01,2.534313607534478541e-01,4.277896424026812472e-01
9.191082398912058249e-01,1.337621878231687045e-01,6.286379606248388985e-01,6.436478572052842795e-01,6.624510770885871924e-01,9.216325861637550965e-01,4.761079055374198288e-01,7.261453425388426641e-01,1.615268700735775220e-01,7.796192065923717163e-01,0.000000000000000000e+00,4.300574278520477023e-01,8.914076066345134608e-01,7.060466317674711778e-01,7.367156563413712611e-01,9.109750913079776025e-01,7.365550888498353377e-01,6.278613709562669287e-01,6.655302707040413601e-01,8.048964013162530629e-01,5.419806832654048279e-01,7.361201095016132179e-01,8.605376414364555027e-01,8.876341590715220997e-01,2.948158365039317830e-01,8.634375921447451363e-01,4.772762985022162563e-01,8.475749192516399688e-01,2.498754390904422695e-01,6.597160418074901056e-01,7.772092588271541924e-01,7.811345286084563355e-01,7.165484169566175288e-01,7.472296699255666086e-01,5.831702268007016299e-01,1.545441404163769017e-01,2.929452432744801271e-01,3.584998278622225643e-01,7.896702166384210742e-01,3.608112763896914599e-01,5.843948564226673081e-01,6.224619499154180335e-01,3.520847573047923840e-01,4.823626560060904067e-01,9.553650736213731287e-01,5.942127240091105156e-01,7.843414684094508482e-01,6.412466445704250173e-01,9.204275456523709487e-01,7.038015459360704718e-01,7.040026711295307438e-01,7.839429608267532990e-01,4.489144520269822691e-01,3.215874010971500052e-01,3.989726970200167533e-01,8.441509234645001580e-01,6.265297617234979466e-01,-1.945519207388591021e-01,5.218253802435337541e-01,6.196735499529260061e-01,6.515884722253137973e-01,9.103588210194071273e-01,8.874683245013896826e-01,9.677919826191131447e-01,8.584462091108426840e-01,5.819726072323311294e-01,6.890517291993598636e-01,6.338348260640751519e-01,6.945733677445609100e-01,6.346038985299072843e-01,8.432899772966450103e-01,6.630129307358928470e-01,4.638272177626945880e-01,2.504144225129897317e-01,3.066153451187059176e-01,4.088810503791602269e-01,4.687298306925207769e-01,4.050908500032714410e-01,5.692166306314526691e-01,4.664055317208524176e-01,2.825465670905339399e-01,7.995426883940730534e-01,8.477454053979179838e-01,4.855444371883524401e-01,9.113107874351833448e-01
2.821846032872588617e-01,2.208191186885289925e-01,6.465769688308641294e-01,4.653656473637208246e-01,6.772128041814606814e-01,7.997919158315138777e-01,6.110688237409932499e-01,3.132812040730577618e-01,7.283403970612178924e-01,3.894021063271196903e-01,4.300574278520477023e-01,0.000000000000000000e+00,8.710153723885685206e-01,6.663891105691199801e-01,5.591158502491226923e-01,7.383865669890278260e-01,2.729506593294401817e-01,7.868646166147992282e-01,9.854648880622222107e-01,9.632492084499519880e-01,9.331465953479728404e-01,5.658953875357081165e-01,7.732374322454091953e-01,6.013705867068179778e-01,3.775425486865210400e-01,2.898758955390847158e-01,7.609250508346034891e-01,6.136054092089452405e-01,7.046158628337614305e-01,6.814402845503277906e-01,-1.352982509039607484e-01,6.811120050429867456e-01,3.226458398054496968e-01,4.323156495764102769e-01,5.434019183314240387e-01,3.023392084395998269e-01,1.771242805059071168e-01,3.718701946013051596e-01,5.703241068623949861e-01,7.699645929264248290e-01,5.861233069968173615e-01,8.717676311286308710e-01,6.479999914490168766e-01,9.283831617143374348e-01,8.059193134741936548e-01,4.844172173132915149e-01,8.542218139026137580e-01,9.791992584587740911e-01,4.315897432100016529e-01,4.655524382631267555e-01,9.417726265050585521e-01,3.110319981941478962e-01,7.164218939234021644e-01,4.843401158729866429e-01,7.836208622121920708e-01,7.828947080188697338e-01,-1.948268399809502671e-01,8.585929470422861698e-01,7.739497538510420847e-03,3.807660929776703895e-01,2.849762237335444828e-02,6.409751953792754975e-01,9.409151528436667800e-01,7.257591616217136110e-01,7.482622242458139006e-01,3.379482894564669326e-01,6.764525886514299868e-01,7.175741402622499709e-01,2.664689998487816958e-01,2.006274134121820152e-01,9.259848393880466544e-01,5.017472306366279611e-01,3.666078131442706001e-01,3.099394938364226082e-01,2.363296341304537140e-01,7.724981552828615872e-01,6.190459400060829287e-01,3.774820868313966127e-01,7.453825469303789752e-01,4.839436601196663856e-01,8.283150185125004450e-02,9.159681467867507587e-01,5.393514041874851728e-01,7.121441820912092213e-01,7.160490729922341924e-01
8.764538955358752714e-01,1.155551648955084887e-01,8.645792013644582052e-01,2.801953160266955623e-01,8.581012905945056835e-01,5.160870617042113695e-01,5.600677703147000086e-01,6.311596741319709380e-01,7.207095979702656807e-01,4.402555896995976603e-01,8.914076066345134608e-01,8.710153723885685206e-01,0.000000000000000000e+00,9.867475081000722792e-01,6.842519219999896318e-01,8.020650915040241635e-01,5.119560310933062297e-01,5.157048503808380202e-01,9.387809058610638857e-01,4.533924141988245338e-01,7.135012199188556226e-01,4.582179786594998694e-01,4.112113077134175176e-01,9.506699048501952021e-01,4.242598443197348468e-01,7.376071707385911669e-01,5.064302779334775018e-01,2.978738138404868896e-01,3.353105086237956889e-01,1.860753426081447059e-01,2.079302451207791225e-01,2.003265184715620761e-01,3.559966528519328821e-01,4.501393911756033650e-01,7.833249180731874928e-01,4.931668406558880613e-01,5.716968276791594139e-01,6.642568753627678957e-01,8.730027389555922168e-01,5.083998071540587471e-01,2.793328973520711189e-01,5.389207099366322140e-01,5.734635247661407087e-01,7.109953979728892426e-01,9.973229041971222175e-01,4.433805656146958540e-01,4.296701719932968788e-01,6.983217091320176317e-01,3.171649326981314243e-02,4.626009693352821639e-01,4.445090794534142797e-01,5.617812557578759636e-01,9.278235757102872849e-01,6.413123244442994197e-01,8.348012718565130941e-01,8.129321420925057495e-01,7.562944997156246796e-01,7.995521268598098086e-01,4.364543042272855389e-01,4.419281287260808377e-01,2.133715783524083309e-01,8.899635043088127695e-01,-3.926113810635967205e-02,6.856078243902345992e-01,2.112727490594293323e-01,4.295433768256491369e-01,7.411648588318451303e-01,7.889195207001067356e-01,3.497122060665365240e-01,8.072025813886218870e-03,6.254262151783359647e-01,8.574069144238491980e-01,2.947882694877235199e-01,4.316508451267059843e-01,7.487448937093332813e-01,7.752942925265432494e-01,2.339681153372539790e-01,7.657860950475920969e-01,3.998437360113673567e-01,1.563154938700255236e-01,7.529461373883380437e-01,9.759864290887103611e-01,2.869004842766645913e-01,5.029272278944694197e-01,5.866039962573130762e-01
8.029383383756190096e-01,6.223762503878754737e-01,9.510725270323865388e-01,4.545970051828042147e-01,7.894842716667339610e-01,2.056652749350122156e-01,8.223359667777333515e-01,5.106651590191637613e-01,7.181859424307052153e-01,2.448106225725843188e-01,7.060466317674711778e-01,6.663891105691199801e-01,9.867475081000722792e-01,0.000000000000000000e+00,8.209776015943123229e-01,3.621559404533511994e-01,5.806193755982865801e-01,7.456445925082779702e-01,6.648582707434828043e-01,5.047780414456883857e-01,6.478759515852068329e-01,6.096967570504160383e-01,6.114147867631745115e-01,9.016714093868795077e-01,4.363066737465337019e-01,7.551190761014578978e-01,6.904970253269290259e-01,7.582314179282925171e-01,2.091647623510040910e-01,3.703394949777261136e-01,3.509446657656165591e-01,2.410621892657509868e-01,7.816238247991480481e-01,9.837499156964861768e-01,8.339006325795844665e-01,1.641764288238950487e-01,7.902695450433270263e-01,6.405021308550321590e-01,5.099136200418518117e-01,9.981001023826008289e-01,1.372759958809740000e-01,6.541245238653230487e-01,8.404730622676428453e-01,4.249609567001710886e-03,4.844810783355688044e-01,3.241953337794193368e-01,4.382383011472447687e-01,2.429046789203578027e-01,7.175772670348862237e-01,7.535424349413275547e-01,6.194325443863618608e-01,8.152365123816130987e-01,9.990840600814153705e-01,6.647893448606183309e-02,9.443086070997419590e-01,6.256513161890816521e-01,7.788904456049865477e-01,6.943990699531635835e-01,9.738659761975028140e-01,5.579538444225007332e-01,6.776399286365751840e-01,9.738310908301597291e-01,7.905323599822751124e-01,7.512280464238165756e-01,2.521317908621859560e-01,9.113785646378709249e-01,4.819311636752902084e-01,8.987013327934529894e-01,3.848395133582768191e-01,7.974883295139332251e-01,5.824290146816062386e-01,4.554518269324274171e-01,5.106813896481481319e-01,8.766240601973503133e-02,2.274008354094872453e-01,6.980302800864551793e-01,8.783681232310270870e-01,5.431873279872937443e-01,3.145394118122272209e-01,-5.473631999074207721e-01,3.213555625312694008e-01,8.907662354113909942e-01,6.505326602220539156e-01,5.354589562744594966e-01,4.507754239433117149e-01
3.466059051887253606e-01,9.035916830589654225e-01,8.587580343348542034e-01,6.267026608540086086e-01,1.576832671842139377e-01,6.631164198248901132e-01,4.887850234487023382e-02,9.766969074230587022e-01,5.246479026883119623e-01,4.674138014559711118e-01,7.367156563413712611e-01,5.591158502491226923e-01,6.842519219999896318e-01,8.209776015943123229e-01,0.000000000000000000e+00,8.144839319059370419e-01,7.447857520239228313e-01,5.345149208346349212e-01,4.989561757973681733e-01,8.917991069773647528e-01,9.456738991421924645e-01,5.772621773725131744e-01,5.657068908766844650e-01,6.901620999786582944e-01,4.432398153237386285e-01,1.454785770457044103e-01,9.066379031827993540e-01,4.288708235769942423e-01,2.734409071937529689e-01,8.564511468248736659e-02,5.963611391977837739e-01,2.296678364195820499e-01,4.950065602928346298e-01,2.767259854780977912e-01,5.798154201635450367e-01,4.360145258093255372e-01,4.712899942556404431e-01,4.149695334717604656e-01,5.349664520102366261e-01,6.975739613276492612e-01,5.190807510048982554e-01,4.083544580758400322e-01,2.201137109941005976e-01,3.500936586200500411e-01,9.634291603800949622e-01,4.483467912674188316e-01,7.771063531536912539e-01,9.947872703310172149e-01,1.497821461400349052e-01,6.018929688360232788e-01,4.476129607745983341e-01,2.893950705746271557e-01,9.460891441550119962e-01,8.883337854200576977e-01,6.896451082724510684e-01,8.040800021978418144e-01,5.381054489857323153e-01,-3.870401388411642829e-02,3.597620831863772017e-01,4.070691506929596110e-02,1.193196912413263587e-04,7.974400310088909372e-01,4.592738324552894102e-01,8.172391886890719714e-01,3.774401384159832284e-01,4.903032732584031717e-01,9.961879885841148363e-01,7.666878316238023849e-01,7.104815008284830480e-01,5.601648787510411509e-01,6.653728652485159101e-01,7.860497928730783013e-01,-1.063532343289747134e-01,1.077642554025133176e-01,4.051605523958433097e-01,8.999656942811287141e-01,3.589222052966007936e-01,3.231154768233855390e-01,2.501576328289180640e-01,7.546681270012061127e-01,5.844075086843177891e-01,5.905234264898319152e-01,7.867418941478284689e-01,2.514970378732284684e-01,1.563957298500484039e-01
8.903065875573390464e-01,5.244824245843952015e-01,6.602056149528467976e-01,6.432431622196512766e-01,5.164368927756614047e-01,4.967622495820667727e-01,1.212739041751773605e-01,3.312125955879301475e-01,8.859417092848849151e-01,4.273814927735333224e-01,9.109750913079776025e-01,7.383865669890278260e-01,8.020650915040241635e-01,3.621559404533511994e-01,8.144839319059370419e-01,0.000000000000000000e+00,7.419363322939918071e-01,4.521995146750988903e-01,4.120641106195412906e-01,4.342885438398328968e-01,8.434885562731357922e-01,4.849194836378167839e-01,6.448910855862337588e-01,9.791573245982069240e-01,-9.973768376594409346e-02,7.253791979091169795e-01,7.495389438707364960e-01,7.103742771144000434e-01,5.911899003282125031e-01,5.454274201218360929e-01,5.228966318576470096e-01,6.214048305270494232e-01,3.581311135015906588e-01,6.771417697422026372e-01,6.140880682855943684e-01,5.862199614308853945e-01,2.888185950947286251e-01,7.305890138965548397e-01,7.963888370585368026e-01,5.450899661583190614e-01,6.988947057937208163e-01,5.986233500901245730e-01,7.511190503395376306e-01,7.427760322357419565e-01,7.050291106672986752e-01,9.845259976981183270e-01,6.101466610848289562e-01,8.729187507561909642e-01,5.301218784296779507e-01,5.443619219793079944e-01,6.756981394102891114e-01,4.284567369582381602e-01,7.062510546032970682e-01,6.382923263384302492e-01,4.222924677173868213e-01,7.703143134026891881e-01,4.039912075159590166e-01,5.172333204246657434e-01,6.763929530462925444e-01,2.740385165113651822e-01,2.787833383007594090e-01,5.125734309318705773e-01,9.981315228227879421e-01,6.379760877194835533e-01,7.268531787451667503e-01,9.631905926358909076e-01,5.733949501309681951e-01,8.088647558445901664e-01,7.141384663767815777e-01,4.117242368370681027e-01,6.014670544251531359e-01,7.144962646321654232e-01,6.721929181705381673e-01,5.808415492913514555e-01,6.273234082238443587e-01,4.182613541985550909e-01,6.484247655300851010e-01,2.962673141431551027e-01,5.627139730440784415e-01,1.879183848420491743e-02,4.651983180326992318e-01,5.977155363122537146e-01,6.810395947836618280e-01,6.931745795657989762e-01,7.255852831105458201e-01
9.212185687663241307e-01,4.389115024495429118e-01,8.963427518701057028e-01,6.844445039957982591e-01,5.620210106033890485e-01,2.275149510415521159e-01,7.912356448103177176e-01,9.274053984263100903e-01,4.963566885705283926e-01,6.706108246352997515e-01,7.365550888498353377e-01,2.729506593294401817e-01,5.119560310933062297e-01,5.806193755982865801e-01,7.447857520239228313e-01,7.419363322939918071e-01,0.000000000000000000e+00,7.007659165185299299e-01,9.611557504637537885e-01,9.289363012864185754e-01,8.019057611785883610e-01,5.967265350550812197e-01,4.002178034734188428e-01,8.539852791802791110e-01,5.431707848938733818e-01,9.791520534580407942e-01,8.806979414141156148e-01,7.115103865310705711e-01,2.871953208530073076e-01,3.229757315315306965e-01,3.135183677247219136e-01,3.544622259986123236e-01,7.602610003060876753e-01,3.709529883831778063e-01,8.494135394637414294e-01,5.273386740746881518e-01,5.849410816247446743e-01,9.314259516601079980e-01,8.163461698140935807e-01,2.045732491233522021e-01,6.349836773256080091e-01,7.268348723380744225e-01,8.917181771972718662e-01,4.737798920250066992e-01,4.278502298895457967e-01,8.067978609513211108e-01,8.329719431163509213e-01,6.471340097517791490e-01,7.749475818455658915e-01,4.590488463209519976e-01,4.168057192082536000e-01,5.168129701189795311e-01,9.635374176364142063e-01,9.353611019373724300e-01,7.886742807644795406e-01,5.219389207682583187e-01,9.569730882375189207e-01,9.493024209954499248e-01,6.720483619535257969e-01,5.184847030371956267e-01,1.299714326011948973e-01,7.395636506680517419e-01,6.187841604821853192e-01,6.979532416556689656e-01,1.027547805023016070e-01,8.220423869572301978e-01,6.797075256551678990e-01,6.458464834187896964e-01,3.515507010557230583e-01,9.867921198369262736e-01,7.273228235846832535e-01,7.113493265070487404e-01,1.795629731244922922e-01,9.785516318054798823e-02,6.111260458097894643e-01,8.216523725078620499e-01,8.005022675456403558e-01,4.795520814028375600e-02,4.024490165838404687e-01,4.005484451302164794e-01,6.033175966594640505e-01,7.383277443772148230e-01,2.062431230571590279e-01,4.142238106709311141e-01,7.839568957937935734e-01
8.383436416106236910e-01,8.231736624389863755e-01,4.472545163756433961e-01,8.293164186802293170e-01,7.023778599776064890e-01,8.111854838977035076e-01,2.959472750297912902e-01,2.170007534253675929e-01,5.029501238763756099e-01,1.579051244592764025e-01,6.278613709562669287e-01,7.868646166147992282e-01,5.157048503808380202e-01,7.456445925082779702e-01,5.345149208346349212e-01,4.521995146750988903e-01,7.007659165185299299e-01,0.000000000000000000e+00,7.592708838607025168e-01,8.350896958772555667e-01,7.023435560045566683e-01,3.677590328443062773e-01,3.046500675330368613e-01,3.160380502908124445e-01,7.851722228122440805e-01,2.043997092980455454e-01,9.968908967160423629e-01,8.330009914553920813e-01,3.899343770669090603e-02,5.760856698181047175e-01,5.958344786810529925e-01,5.697471221951914133e-01,5.046446732576254091e-01,7.729231444842800114e-01,7.083831118287434725e-01,4.125556770190956235e-01,3.991062741066059849e-01,6.779961065999606795e-01,5.099192829177783270e-01,4.190578680845279957e-01,4.875365779131998201e-01,1.980799812764094392e-01,6.974872854435563152e-01,8.982663825558977466e-01,9.592555405668464763e-01,9.844755538133496131e-01,4.815465736969445354e-01,6.658630266876278680e-01,4.912935382057990186e-01,3.857606449592645426e-01,8.854618149161956886e-01,-1.562886450168765873e-01,9.646077891507872648e-01,9.885192892287609778e-01,5.708506521201759387e-01,4.885403472694473948e-01,5.345806492198351689e-01,9.370996129940495356e-01,7.494772268033745855e-01,6.822860617939313643e-01,3.259742403494580998e-01,4.354258518247281495e-01,6.554811097914726714e-01,5.598255924467425704e-01,7.966388420256171887e-01,7.610980247689103084e-01,7.289077324702807337e-01,9.692125105926051587e-01,3.659532644723593187e-01,7.061290759135554485e-01,6.751450090687066696e-01,3.498587424606240948e-01,3.511301485800828459e-01,4.339016052284413449e-01,5.402550454431477300e-01,7.894608145038398694e-01,6.441620285013783809e-01,6.136504336374700719e-01,4.488619419529191190e-01,6.422150359149989551e-01,4.918052418139686188e-01,6.186166075938187570e-01,7.002564024038405721e-01,4.928336388302581583e-01,8.813822785171102625e-01
