0.000000000000000000e+00,5.922966164934913014e-01,5.056651609270681469e-01,8.582576021032627400e-01,8.334196916280420808e-01,6.076844577642943612e-01,3.283813619297016873e-01,8.277148611386354604e-01,9.610756205461326029e-01,8.031134907897370390e-01,8.371481908884857992e-01,3.166177060485222405e-01,6.565128171102243559e-01,6.900221223796916270e-01,8.520906352387197513e-01,7.433525240130502976e-01,6.105572963462876368e-01,8.122408589448546490e-01,7.315673002490380439e-01,4.186747579432924526e-01,8.100835747369113937e-01,5.732869448119382039e-01,8.305714992874556613e-01,5.711472777262187606e-01,4.970126631230234460e-01,9.026229340950794322e-01,8.641311331075786084e-01,4.870474113847300668e-01,3.253903121293736378e-01,-1.631729073435067012e-01,3.013134831069758102e-01,7.974533393913544321e-01,8.405872270336738339e-01,8.645409404752706362e-01,5.957721888431697366e-01,2.188230610179313362e-01,-7.283845762559662540e-02,8.061549655065574083e-01,8.979216924446227210e-01,7.812897776536350536e-01,4.072144346163383277e-01,5.890695464415387494e-01,8.601718200818858628e-01,4.019647125025161416e-01,5.578572657875279228e-01,6.245045087800538131e-01,6.327070853428137243e-01,5.373255099955565051e-01,6.575899532296614058e-01,6.105692906064996706e-01,2.885388045951655656e-01,7.436323622761543684e-01,3.306449589657274868e-01,6.068096936431777166e-01,6.855958373505343095e-01,6.334262584041371325e-01,5.998104237748302925e-01,6.809315100126132059e-01,6.366131033320880928e-01,1.561528436727056823e-01,5.191955338380036533e-01,1.749400925380241167e-01,6.857603595090501214e-01,8.452494372496621722e-01,8.993892405122551059e-01,8.686662096950805712e-01,4.789608416757166198e-01,4.764600229609912696e-01,8.126118557814252519e-01,8.873266623900405436e-01,4.982542934604018425e-01,4.100365521166984273e-01,4.278367678072950708e-01,2.592183115457327713e-01,5.361112218330013057e-01,7.791994978499506841e-01,6.838200431722254446e-01,7.582419859253619610e-01,5.982304352406695447e-01,2.215679319511251189e-01,5.496038290877921506e-01,7.508046159054101443e-01,5.511099036486526437e-01,4.572212110569139343e-01,6.459419206300441862e-01
5.922966164934913014e-01,0.000000000000000000e+00,7.152691428615356450e-01,7.217120515455701657e-01,9.121449178911644751e-01,5.415040882655364207e-01,2.085464763666582955e-01,5.964188948734636675e-01,5.808970853162308545e-01,2.217608224770225012e-01,-1.088105887447337883e-01,8.157272560349626556e-01,9.102866824332968010e-01,8.011727789758054108e-01,6.217146194111627944e-01,6.451138208573972133e-01,6.316281934200315140e-01,3.621756676122498408e-01,5.904945692130388890e-01,6.990207335251891196e-01,8.749853390622750471e-01,4.599344732785386469e-01,9.146228511470808620e-01,4.976439676070771312e-01,5.863052375237312042e-01,7.094563619154388157e-01,4.028964912383230512e-01,7.890299812702888937e-01,6.102426744258725444e-01,3.415927650405530258e-01,6.556337421622233652e-01,5.997028523944762934e-01,7.417692346433967243e-01,3.272833496520899648e-03,4.342636576734701936e-01,7.493886316612228260e-01,2.176809697609305427e-01,5.711554757187600195e-01,6.468056268087285510e-01,7.761912296317011739e-01,5.907797644028495165e-01,7.480788509916268259e-02,9.418212339263598576e-01,5.961040841384226407e-01,6.371912958623674461e-01,7.378163362714275086e-01,5.302937461811503272e-01,7.044838306537990480e-01,3.807681046493163191e-01,7.518003293274457821e-01,2.198691970375356575e-01,8.561218680351450061e-01,2.136814079348568068e-02,7.162252067966616842e-01,9.907038961101848340e-01,9.664153564275074215e-01,7.583384195461750910e-01,7.231736344829318153e-01,2.046832208033549649e-01,1.070228349079831304e-01,2.906059612033227157e-01,6.470013052099266027e-01,-1.728331464460616251e-01,4.386967447740854342e-01,8.958312915754491623e-01,6.192336894531039748e-01,7.584613003137979925e-01,2.543990434933356970e-01,7.340563584540348296e-01,8.686379591244355325e-01,8.076603684223193635e-01,8.990356216667253486e-01,7.239064122070772989e-01,3.618183698786088254e-01,-3.408035420022761941e-02,6.712939989914099570e-01,5.986310044185878532e-01,7.633667105881610793e-01,2.147274543229359123e-01,4.092967633306617836e-01,2.904500581180287366e-02,8.324413534610559662e-01,4.705573275385437348e-01,2.393655895017117174e-01,5.714188606100227830e-01
5.056651609270681469e-01,7.152691428615356450e-01,0.000000000000000000e+00,6.217924257537950083e-01,9.952463487260733155e-01,9.103195747512436986e-01,7.758464807871441327e-01,5.795469530061326813e-01,7.892257351088270978e-01,2.473717316374303976e-01,6.686288372241339095e-01,7.550536382152837067e-01,9.797098036076670180e-01,7.761385508084466256e-01,9.254378025388561024e-01,6.067777992948047983e-01,3.288557300385421822e-01,4.609051738964529132e-01,7.831932597361466186e-01,6.667803967667396137e-01,7.582247557791523818e-01,6.130315736056003439e-01,8.692856944275419995e-01,7.735838084045774110e-01,4.751078767437171835e-01,2.422909029044572615e-01,9.638958151971184218e-01,4.021911409053416930e-01,3.849879830732659824e-01,2.473585516072973785e-03,3.103599505457391161e-01,4.061450217185065270e-01,4.056949299225396377e-01,8.982405476815649159e-01,8.286026992937171043e-01,7.122888088532537409e-01,3.584289167978649271e-01,5.501981890709715106e-01,3.866330764618730706e-04,3.532483594038801078e-01,5.689254232068601258e-01,9.879649243256756197e-01,9.846770453416648916e-01,2.171730855460350940e-01,4.439772970380633788e-01,5.797572178514752705e-01,8.784489683091367684e-01,9.504041249959104265e-01,5.481183529155961853e-01,3.307964614361794120e-01,6.110605366368531133e-01,4.209645446230532162e-01,9.565779908083162919e-01,8.818898719888383919e-01,7.286323561365619650e-01,9.963850785905761231e-01,2.106306176975523137e-01,9.962009349728495611e-01,9.971732409451574686e-01,2.046289983319623529e-01,4.179997390877168706e-01,8.605282237697984282e-01,1.990252845785086544e-01,9.629915200846226320e-01,4.620003170224794564e-01,6.558271881764055067e-01,9.003135849716257244e-01,6.413511752384761788e-01,9.150001019955276149e-01,8.332003267095177135e-01,9.459285349743787874e-01,9.367437749024519755e-01,5.000278457396535314e-01,4.600721676806491800e-01,4.756367011423474622e-01,5.098517545544728469e-01,6.725283208384473799e-01,4.842933342137566988e-01,5.381238058818053061e-01,5.102406252195130776e-01,9.121049295519267908e-01,5.840816090448664594e-03,7.566961714727236110e-01,6.664654020142336543e-01,2.903054368259715967e-01
8.582576021032627400e-01,7.217120515455701657e-01,6.217924257537950083e-01,0.000000000000000000e+00,6.154126862594833103e-01,8.419118760952131186e-01,3.599667897360140367e-01,2.583446312669004929e-01,8.551233042109352978e-01,2.631201681794657077e-01,4.255728283142276580e-01,6.986031048100911356e-01,3.741778559216550892e-01,5.127787895932185425e-01,2.879823165737636637e-01,7.966280332698862932e-01,4.703761562063062951e-01,6.753179207262947070e-01,5.488146956719870406e-01,4.297519526024148884e-01,8.811705220065156885e-01,3.781393523525183875e-01,6.913963643391509706e-01,2.775034944653606561e-01,-4.402377637348905970e-02,8.334958663157315817e-01,6.028153710455269598e-01,2.239877501874270316e-01,6.064907788232323238e-01,5.569968687032094135e-01,3.010354361906744658e-01,6.386258753467948246e-01,3.500202304414131160e-01,6.010566040474839555e-01,8.545399639697919270e-01,3.493606495210198615e-01,7.449094322325129358e-01,6.048513367200822888e-01,5.553700332882584023e-01,4.720938097621655838e-01,5.236797982675438501e-01,3.415210530285159862e-01,7.289796723955090929e-01,7.969549793468782006e-01,8.855950957765036380e-01,5.344236315061718923e-01,6.901102542475716639e-01,6.156908508642982003e-01,7.233934644935109404e-01,6.348505957141201694e-01,4.399279141165504114e-01,4.852948104012617669e-01,2.071105842208706416e-01,7.032053637322346340e-01,5.491452196687126586e-01,7.649763511163293339e-01,9.771301816673771956e-01,9.070008833430585060e-01,6.691519336607123503e-01,5.527502809851471133e-01,3.021187163424838285e-01,7.257458812943838877e-01,5.030194591813362814e-01,-5.486034723971092153e-02,8.935414417390856734e-01,5.912977481206924679e-01,7.418920497630385746e-01,8.261693000533673059e-01,2.310635392268037269e-01,5.036950218415495728e-01,8.257409068270485930e-01,5.834644339604897478e-01,-3.139583184540378769e-02,5.135627593672835722e-01,4.701895688133264639e-01,6.270204139690404022e-01,4.918679071510713707e-01,7.371715712346813554e-01,2.690064363903364453e-01,1.103895937851066961e-01,7.633624180810223425e-01,7.848202246844989682e-01,9.935134812530912463e-01,3.650058998198657534e-01,4.406174965234527230e-01
8.334196916280420808e-01,9.121449178911644751e-01,9.952463487260733155e-01,6.154126862594833103e-01,0.000000000000000000e+00,7.968464936179924241e-01,5.565201033737263714e-01,3.438395662924682572e-01,4.600304861655341027e-01,7.129797832330228013e-01,6.136515927258140435e-01,4.586626889069930213e-01,4.437818836715372584e-01,7.534065510908557473e-01,7.890532473924036783e-01,5.045526748616373514e-01,7.636186807080354022e-01,7.616582147030878103e-01,6.777296136130075421e-01,9.992137897497557208e-01,5.548462685171208220e-01,3.314431867451265168e-01,4.597533869248680016e-01,5.176064544067841000e-01,2.900965571628997264e-01,7.251669703259889799e-01,8.995483035196815136e-01,6.719961199828210496e-01,7.000538860720957324e-01,5.724623178101042598e-01,5.330133715592147992e-01,6.368194724697879838e-01,7.620804768309222821e-01,9.563638179130244943e-01,3.184400246059849726e-01,1.728305400173601736e-01,4.591748590863530821e-01,6.496437257525757847e-01,7.743346094999894458e-01,8.758151377068843502e-01,5.897723591177941316e-01,2.946123754226404046e-01,2.394478782050362686e-01,6.460357321471891234e-01,7.466464711494195106e-01,5.725107672103282308e-01,7.968690131685512990e-01,6.866857030127853090e-01,6.297649371002712604e-01,7.404132071154156947e-02,3.643056769061762123e-01,6.120530290498431558e-01,9.895455610467693841e-01,7.754321956449383713e-01,5.247617645825006921e-02,6.264546800090425860e-01,6.707817848900533564e-01,3.395270876351829115e-01,2.346969310766449657e-01,3.828007172776067280e-01,2.861179827245320384e-01,7.064487439951749881e-01,5.240239495331630026e-01,7.150546763975198505e-01,4.628415713744991611e-01,4.924419649534238497e-01,4.427526625642775326e-01,4.636878835513644215e-01,5.740460986275320865e-01,6.727158999455858934e-01,5.294294803515227077e-01,5.959619514188938538e-01,9.948891190905383153e-02,3.364594914723774144e-01,2.665928311212791280e-01,2.332019682452484144e-01,7.176108113763882690e-01,2.271220418344425396e-01,2.481058844419525566e-01,-1.416608978830880550e-01,5.772199643267518221e-01,4.736974783212514195e-01,7.557018376342329313e-01,6.670937817519377866e-01,6.144887336451726467e-01
6.076844577642943612e-01,5.415040882655364207e-01,9.103195747512436986e-01,8.419118760952131186e-01,7.968464936179924241e-01,0.000000000000000000e+00,6.064588660057205205e-01,6.754422371293048455e-01,6.213363817957063828e-01,6.290138421847335515e-01,3.434009603767295138e-01,5.458402510264864782e-01,8.084502913910512900e-01,6.162809071639234748e-01,4.488502808412406231e-01,8.669740828921810305e-01,5.133336523934410867e-01,5.215125823136300687e-01,4.988907818059029053e-01,4.258126375118637674e-01,9.188702073445813578e-01,6.491707601206179179e-01,8.222307132708622790e-01,9.661887508996521712e-01,6.783432183910400592e-01,6.172227203568385612e-01,7.072907083760976432e-01,6.226362070454448672e-01,5.890557797555180386e-01,-2.240976511469627841e-02,1.717955965402939841e-03,2.593262130498934503e-01,6.914300572371110398e-01,9.476272521975136476e-01,1.843312205379591395e-01,5.646539936902618129e-01,9.214936152808878012e-02,9.025621229492066799e-01,9.514558482143979923e-01,6.868523998976074907e-01,4.074697012914249017e-01,4.788420828697470544e-01,9.236966491197960982e-01,7.078478343233821635e-01,7.385206854958017431e-01,2.431946102978010948e-01,8.514962430030643681e-01,6.708889435872681384e-01,7.088408210255630060e-01,2.425546255911291416e-01,4.205517839351970433e-01,9.792757789838251181e-01,2.750239980102313631e-01,6.962118097622084223e-01,9.081378415766440115e-01,8.471781093106124372e-01,7.313083772424391338e-01,5.154811484116725850e-01,7.359724316148921197e-01,6.838164718457567792e-01,-1.277086323466039841e-01,3.996929927277184658e-02,3.884558037877211545e-01,7.877315540523746051e-01,6.137033113874271750e-01,6.384986457972214868e-01,8.127993614941211309e-01,6.778012158186619285e-01,4.381575454296738337e-01,5.740730352986975760e-01,8.182718667023318737e-01,2.595555785427286141e-02,3.585842495669832042e-01,5.231901006939209120e-01,5.410373897561914225e-01,7.995010356332874490e-01,5.753997056829201345e-02,9.222155110051636351e-01,2.014363751287672200e-01,2.746239493833637080e-01,4.817756216848830819e-01,8.835718062648496574e-01,6.945893256808025606e-01,4.232716674098323528e-01,7.261392991511419481e-01
3.283813619297016873e-01,2.085464763666582955e-01,7.758464807871441327e-01,3.599667897360140367e-01,5.565201033737263714e-01,6.064588660057205205e-01,0.000000000000000000e+00,5.539969314505732711e-01,6.486119808390419239e-01,5.455814206586575565e-01,2.872332583380250437e-01,4.886190151056222231e-01,2.353197022344084843e-01,9.650305455406511523e-01,-6.573228290430224718e-02,4.748544590417179689e-01,6.105563021468116691e-01,2.509945013235614919e-01,6.356275432967586347e-01,6.819881427045080269e-01,5.065853115936547191e-01,3.503365763472070515e-01,6.263186612170570378e-01,8.888904151910499429e-01,6.021953334737190078e-01,5.696734537093482986e-01,5.101931208236232251e-01,5.871152558277924483e-01,7.057802877665825259e-01,2.293586148196738728e-01,1.256367303680637482e-01,3.268449008640302855e-01,7.612164436095095743e-01,6.716537934753057382e-01,6.266991027594895902e-01,3.993030123000850806e-01,1.400623055828258967e-01,2.067427427505255655e-01,4.705991015684732881e-01,4.565788309063850692e-01,3.051534502641735369e-02,4.258327208340360048e-01,7.876450248053599168e-01,4.151509368830167968e-01,9.999757175682659760e-01,5.001265760603558208e-01,4.817538080732751693e-01,7.380043185017403085e-01,4.410312483084304347e-01,5.191784413395696962e-01,7.576221246436753987e-01,2.591505227545798928e-01,5.004288073299826278e-01,5.493235720312752424e-01,8.055567538606984712e-01,5.832901730760384762e-01,5.478435355060947698e-01,3.452312259329298749e-01,7.267173089569290978e-01,5.046176121228851397e-01,2.377511385206116379e-01,7.322157004888675269e-01,6.397264293245671363e-01,4.216275769651192107e-01,9.581943894997133615e-01,5.698848402330048968e-01,4.956692792419354898e-01,9.968734471238359651e-01,3.318824311992669140e-01,5.802867912843723275e-01,8.100129390148359532e-01,5.024935539301228493e-01,1.300326107214311022e-01,3.468208869304709174e-01,3.995295836085361318e-01,5.510632757953577432e-01,7.480117895113184145e-01,5.999697835366959442e-01,6.034162561902468580e-01,4.650356744569128509e-01,6.741531438006964638e-01,4.986729550229913599e-01,5.901352991458082009e-01,4.951962156855269082e-01,5.547683858593671635e-01
8.277148611386354604e-01,5.964188948734636675e-01,5.795469530061326813e-01,2.583446312669004929e-01,3.438395662924682572e-01,6.754422371293048455e-01,5.539969314505732711e-01,0.000000000000000000e+00,2.255329350537527699e-01,6.529897736936942643e-01,7.059386472039569371e-01,9.057619939870653614e-01,7.927729623246674295e-01,6.014342562237217082e-01,9.020343129990798792e-01,2.581216123969994891e-01,9.742155948293382828e-01,7.329962563786212026e-01,7.668631429655023979e-01,6.970528865020434450e-01,2.208697036649612255e-01,2.629128017211316282e-01,4.919624268083487850e-01,4.049463002337866935e-01,6.031202243475085600e-01,7.127405380094954390e-01,5.511549609871648769e-01,7.633026832094399472e-01,3.474155662990292548e-01,3.349261804508531504e-01,3.200423883607679265e-01,5.376645207839804153e-01,7.005183011742919241e-01,2.410936449515729552e-01,6.353127040978077122e-01,-5.156909912960302989e-02,2.844378604116018158e-02,9.504488063536473685e-01,3.495401579133272651e-01,4.681663288766948483e-01,4.387567035577678021e-01,5.217130631328638080e-01,3.197348762047212412e-01,6.197675968015857739e-01,4.536296221777052495e-01,7.583470053146190715e-01,1.585801139874560284e-01,3.110754287162268428e-01,2.986668821194745638e-01,5.732606006370407625e-01,4.342000124038425390e-01,2.316139477022791660e-01,6.231507888612471957e-01,5.800933846532009275e-01,6.367277844201200132e-01,5.357857738117608459e-01,7.834006712901068203e-01,5.529805794984453682e-01,3.728632558729068069e-01,3.046479060987881682e-01,5.570808015404654645e-01,3.000283796512235868e-01,6.131597068741027057e-01,8.610823214667158165e-01,9.963503908564824707e-01,1.632876639473793967e-01,3.327090396520953064e-01,7.325245144330166935e-01,4.943813941913537402e-01,7.403316048653997283e-01,5.858432933476663829e-01,-1.115572488971289800e-01,2.823299290151037866e-01,6.481042768197917692e-01,4.419095301152218824e-01,6.449604938464131854e-01,5.925362511818256239e-01,6.315894510839346054e-01,3.837114859396726363e-01,1.254013589486938918e-01,2.970237899904486500e-01,6.625925595459136730e-01,9.785919093845447669e-01,4.279448889151725721e-01,4.677536509172297574e-01
9.610756205461326029e-01,5.808970853162308545e-01,7.892257351088270978e-01,8.551233042109352978e-01,4.600304861655341027e-01,6.213363817957063828e-01,6.486119808390419239e-01,2.255329350537527699e-01,0.000000000000000000e+00,3.477488747917937273e-01,1.442963042164472909e-01,6.481091937582588169e-01,5.136978339250218850e-01,5.095762479156753511e-01,7.129794391312404001e-01,6.314187292221955516e-01,8.144975260294984309e-01,4.163449255779616553e-01,4.635490173705219541e-01,5.752087423681190304e-01,2.383808138571019697e-01,6.201501325212249727e-01,4.015588209058215119e-01,8.279007059156014980e-01,4.990119576995858397e-01,3.298193894290527561e-01,9.235161970584317981e-01,2.972902757978301835e-01,3.677640326454453268e-01,5.440471309187893123e-01,3.882661956861406249e-01,2.130815836887970105e-01,3.370328005672865723e-01,9.611705244154882255e-01,3.302594711490748347e-01,3.274352045372323494e-01,5.265709893182269896e-01,9.137669759413756809e-01,8.441310532863268712e-01,7.086489911340926318e-01,4.371787959056998019e-01,3.358307009564607259e-01,9.153766133044811681e-01,8.575129835852857152e-01,7.704567894827241137e-01,8.972849687324783163e-01,7.369732060225818726e-01,6.486820771774336469e-01,6.166607011804806082e-02,2.891690355322017458e-01,5.982270837074065151e-01,8.516264174342959015e-01,2.566338352933310585e-01,4.382598598360243347e-01,4.896033578129275754e-01,6.093116634109284613e-01,4.023002640199348501e-01,5.613183403353979584e-01,7.692008365659881441e-01,3.445115687286945394e-01,1.499364263215776649e-01,4.742631736729950864e-01,7.419333896879763968e-01,4.156032265897289246e-01,8.654016754620172946e-01,4.422395803303199591e-01,7.975948566647610427e-01,9.194020488387371071e-01,5.763380920463212487e-01,6.178666261176147811e-01,5.724629573842735519e-01,5.055241660324875097e-01,3.381679539704628423e-01,1.070644425518663123e-02,8.997708261802561669e-01,4.006714147419300209e-01,4.177432570045443994e-01,4.035459679013411183e-01,7.521530116579738801e-01,2.164300802850335215e-01,6.006045376591248042e-01,8.003377840353946837e-01,6.506552049925966585e-01,3.074802853402766045e-01,8.485441408593958901e-01
8.031134907897370390e-01,2.217608224770225012e-01,2.473717316374303976e-01,2.631201681794657077e-01,7.129797832330228013e-01,6.290138421847335515e-01,5.455814206586575565e-01,6.529897736936942643e-01,3.477488747917937273e-01,0.000000000000000000e+00,2.345284842933677560e-01,7.165781170615046491e-01,6.409321137719958816e-01,6.980394573484295373e-01,9.801486812926696324e-01,7.822941605855535663e-01,8.825416430933683554e-01,9.132038251067329249e-01,9.028018824625451133e-01,8.317808752061539579e-01,8.142491570081542562e-01,7.444437718617870070e-01,8.851959555035195937e-01,7.126589614987685062e-01,4.337578171629674073e-01,6.297783456502213939e-01,4.797584729376448420e-01,5.190349609303852585e-01,4.479676247763876296e-01,1.141602373358132083e-01,3.114234260072722416e-01,3.180682523295569886e-01,7.868642853477045840e-01,6.851240241991438662e-01,7.746053753496718874e-01,4.574437566285031731e-01,1.725946495111033707e-01,8.955695989521481604e-01,6.261802051464382401e-01,9.753431503778391409e-01,4.582299550210829908e-01,4.171218726799854615e-01,5.213234710348110257e-01,3.562869757494654399e-01,1.799417574887728632e-01,4.374934306533718731e-01,8.845136149498251665e-01,3.581852782783230271e-01,4.606086636178802207e-01,4.961634559728017035e-01,5.862763137115891698e-01,4.416526219595329761e-01,5.381822746079754083e-01,5.609691096213678119e-01,7.270531186545982072e-01,6.034508887042415726e-01,5.849427341632601474e-01,6.878286011268607281e-01,6.236920079510819281e-01,3.382659577194379041e-01,4.247710436250061727e-01,2.346650556285945488e-01,7.469993889987454061e-01,7.156891727154081062e-01,7.684526024892095464e-01,6.262114813977311956e-01,8.725555327412322371e-02,6.755017395964402205e-01,6.438309334807325035e-01,6.012347122735980376e-01,9.727062986999751582e-01,5.936465522917447890e-01,2.569406761726794608e-01,1.318736345742607952e-01,7.509858394210027210e-01,9.240000381387991624e-01,7.990125612495171392e-01,7.580565398034152524e-01,1.890038699953640045e-01,5.106013504525600544e-01,4.656228769702419612e-01,6.744920763341100134e-01,6.625866103489553849e-01,4.005414488138177020e-01,6.739954399757729364e-01
8.371481908884857992e-01,-1.088105887447337883e-01,6.686288372241339095e-01,4.255728283142276580e-01,6.136515927258140435e-01,3.434009603767295138e-01,2.872332583380250437e-01,7.059386472039569371e-01,1.442963042164472909e-01,2.345284842933677560e-01,0.000000000000000000e+00,5.040101794447739980e-01,8.770446977427726054e-01,4.327457451825270085e-01,5.399220587650467307e-01,5.603698150211404716e-01,4.891876322772332752e-01,8.319288954362122901e-01,4.104985740363344959e-01,8.550768172587502880e-01,8.316465904581219482e-01,7.982512651088411459e-01,4.165159390183660326e-01,6.742636673857690388e-01,2.790656480744075352e-01,4.593847411144956205e-01,6.581908545776814501e-01,9.432238767397813639e-01,2.337102868812598599e-01,5.678787103033078321e-01,4.718305663736517275e-01,6.093944890365039502e-01,4.955902708038226745e-01,4.522050329478232156e-01,1.942933439617935618e-02,3.483406072856620739e-01,4.809545373668858703e-01,9.862681248357816344e-01,9.099593052917075431e-01,9.882167504868977215e-01,4.398608330078842554e-01,7.533387177720438643e-01,8.836588449892183172e-01,7.498001551405709675e-01,6.304741683104497785e-01,9.089325322653839523e-01,7.025486059500157809e-01,3.784468805600521568e-01,4.146723641049979703e-01,3.089182571671272304e-01,4.385741323775290690e-01,-7.922088253498049681e-03,6.197180477743027271e-01,7.069592741780809098e-01,9.514398994694365230e-01,4.439551556406209909e-01,8.891450657221530163e-01,5.026184713206915955e-01,5.859926817033739299e-01,5.247086884768497050e-01,6.937013890005009342e-01,4.892227160260558816e-01,4.983595402757824422e-01,6.026272681354510885e-01,8.358027733215773747e-01,6.385509087236989068e-01,6.901021815470981258e-01,3.426104157050923193e-01,7.168745020444463600e-01,6.779930283735509100e-01,5.230769727792484725e-01,3.191128740721839718e-01,3.516984964930232049e-01,2.822067936636070695e-01,7.463011751464334598e-01,5.633289050226782946e-01,9.947695381831602734e-01,4.017863718192907774e-01,6.553786668354666389e-01,6.886765662900243834e-01,5.705869357321695645e-01,6.108571789984380551e-01,9.963965518481343597e-01,7.034254051198310931e-01,5.384796770689992407e-01
3.166177060485222405e-01,8.157272560349626556e-01,7.550536382152837067e-01,6.986031048100911356e-01,4.586626889069930213e-01,5.458402510264864782e-01,4.886190151056222231e-01,9.057619939870653614e-01,6.481091937582588169e-01,7.165781170615046491e-01,5.040101794447739980e-01,0.000000000000000000e+00,6.455230531572060393e-01,5.689087457933664771e-01,1.249904787452795797e-02,8.772102320590826618e-01,4.086907875732658790e-01,7.457864763756443249e-01,5.243627659831739951e-01,9.417324564455155089e-01,2.635332356498134021e-01,-1.509436212921457798e-01,7.617829041541421820e-01,2.507545001418446384e-01,5.669266992528840948e-02,6.262474304425366123e-01,5.068119622324271933e-01,5.445445706032954192e-01,6.665234185689882240e-01,2.933305612206748569e-01,5.702905997833946916e-01,7.079534070536919188e-01,4.709283183465307054e-02,7.740922061039280377e-01,5.844216170623068862e-01,3.805131738806635244e-01,2.014704405481061167e-01,7.048065043664619939e-04,9.530904094739452992e-01,6.012081791113559337e-01,8.165174764493292603e-01,4.371293321173946866e-01,7.645398978345614438e-01,6.107300743361192552e-01,9.371290507657110691e-01,6.511837635086623610e-01,6.096238038189442099e-01,4.589262137088738203e-01,2.975726788271916834e-01,5.276611115114907546e-01,7.515419537477509015e-01,6.454263683693648446e-01,5.410412637054715645e-01,4.001545218682369676e-01,3.401426712584481038e-01,7.385357254486323297e-01,6.125555241205581369e-01,6.532242922855184819e-01,7.336391566767994643e-01,8.646702458038835193e-01,2.787520710500380750e-01,5.835710041030724993e-01,1.023883696908566843e-01,8.109239255683310388e-01,6.067091065832821428e-01,2.170903062264202821e-01,5.154805367980737074e-01,9.431096523234530071e-01,5.721117064671611407e-01,5.550005823667161220e-01,9.828709697993880390e-01,4.414526871389934382e-01,4.672248411589156047e-01,3.432323229235578754e-01,7.901203953652746748e-01,7.783038601020634273e-01,6.087801546116751172e-01,4.241677035385663097e-01,1.561868222441666898e-01,5.866445076102386746e-01,5.901661674728491125e-01,4.864254193788344893e-01,9.767806171172530583e-01,4.977534110687979463e-01,6.471300574238392223e-01
6.565128171102243559e-01,9.102866824332968010e-01,9.797098036076670180e-01,3.741778559216550892e-01,4.437818836715372584e-01,8.084502913910512900e-01,2.353197022344084843e-01,7.927729623246674295e-01,5.136978339250218850e-01,6.409321137719958816e-01,8.770446977427726054e-01,6.455230531572060393e-01,0.000000000000000000e+00,9.333419325225613683e-01,6.787704176493427610e-01,7.285878749436828228e-01,6.571361402464754864e-01,7.406620950818165738e-01,7.354071879086845342e-01,9.388228243762911651e-01,7.473603729720309508e-01,7.540450945081880740e-02,8.639880951591198954e-01,7.921757080531831585e-01,5.298883433624010930e-01,5.761374601498516768e-01,6.376754891301803507e-01,2.972985350170579966e-01,7.782124377815538008e-01,7.509584016008306051e-01,3.646605245598099065e-01,4.100558884460474562e-01,7.473204551744800916e-01,5.659390684290859230e-01,6.004942073143012538e-01,7.648963376075741394e-01,1.414395989449341862e-01,6.188436012484126447e-01,7.853933971378112000e-01,2.628738748653167701e-01,6.737317846161120505e-01,8.220083512273328452e-01,8.683460822405620894e-01,9.873411030789988052e-01,7.502821933219012696e-01,8.781964230576976282e-01,5.331476444131630910e-01,6.448752995708253444e-01,2.933924939988359626e-02,2.585020182221633989e-01,7.845782107569528874e-01,4.615218962370251088e-01,9.194673072004698744e-01,4.635058380146822588e-01,4.015123648425717451e-01,7.805736571848284067e-01,2.850808508714500200e-01,3.347686320591388154e-01,7.011945623854072274e-01,1.147683574904894213e-02,1.951160567112222022e-01,8.238125446347592806e-01,5.048554139077437997e-01,6.099646721218254797e-01,5.587962147827759685e-01,7.887738745781088801e-01,7.488816611018578318e-01,9.755610177753841761e-01,4.439415693433469978e-01,3.525664629943576212e-01,8.308104189396964268e-01,9.777229206111147652e-01,5.113712324568355783e-01,2.779282479433705100e-01,2.658623343709820008e-01,4.814601931920342026e-01,6.945526696684897194e-01,6.201943920887799111e-01,2.162503152261009698e-01,3.478843038732818971e-01,5.201519602624912197e-01,9.188961295594343381e-01,5.699955028356464837e-01,1.339907009903063273e-01,9.058102919199496617e-01
6.900221223796916270e-01,8.011727789758054108e-01,7.761385508084466256e-01,5.127787895932185425e-01,7.534065510908557473e-01,6.162809071639234748e-01,9.650305455406511523e-01,6.014342562237217082e-01,5.095762479156753511e-01,6.980394573484295373e-01,4.327457451825270085e-01,5.689087457933664771e-01,9.333419325225613683e-01,0.000000000000000000e+00,6.980760965431324072e-01,6.548900738574594538e-01,7.364648481483961895e-01,4.971962221628570822e-01,5.244304816775854361e-01,8.077077294790152573e-01,5.435891700642804247e-01,7.481054096039789769e-01,8.956649804219155575e-01,5.307795075149122077e-01,2.328951920980664239e-02,5.442258452274828517e-01,7.513755443516457744e-01,6.335343950132744650e-01,3.200313945715400898e-02,4.534026013461767146e-01,5.608893914786039492e-01,6.758594223352982766e-01,9.916186035947263111e-01,7.404488772484154602e-01,6.482338189263675554e-01,4.958075921149434628e-01,1.381885264278373271e-01,6.272578743597462259e-01,4.743203716572709228e-01,7.836261982190478870e-01,2.950244354614373621e-01,6.666808840841575989e-01,8.716288569928247743e-01,7.288287725436652931e-01,6.046217617077193074e-01,9.387672670747398973e-01,5.894815732412272968e-01,7.850207218679803312e-01,8.979513788654225337e-01,6.054982285481425031e-01,6.451642379079590706e-01,3.516238493853114377e-01,8.448471651537329263e-01,2.745021179307282622e-01,9.341843779880878440e-01,5.136528634294200701e-01,7.761924224694066732e-01,2.441356556661257449e-01,9.204162471787842303e-01,-3.867068848516791446e-02,7.493035376186478747e-01,8.133909290589769192e-01,8.854640099529217379e-01,7.188436303950731521e-01,5.094286301314350229e-01,6.000807567317664182e-01,6.750102945742266769e-01,7.437454899039022127e-01,5.761283516473300059e-01,7.077316888035533049e-01,7.239387372287071631e-01,4.347415771220227709e-01,1.117217636800153513e-01,5.372403315728067064e-01,3.071604691619685412e-01,3.064366224905757941e-01,7.066277529557628556e-01,4.720705485873697427e-01,2.722851057153201637e-01,2.467765277351861020e-01,8.016206438030611947e-01,7.027331498299751456e-01,6.479656393011746784e-01,4.262283801254355131e-01,1.781921840350793595e-01
8.520906352387197513e-01,6.217146194111627944e-01,9.254378025388561024e-01,2.879823165737636637e-01,7.890532473924036783e-01,4.488502808412406231e-01,-6.573228290430224718e-02,9.020343129990798792e-01,7.129794391312404001e-01,9.801486812926696324e-01,5.399220587650467307e-01,1.249904787452795797e-02,6.787704176493427610e-01,6.980760965431324072e-01,0.000000000000000000e+00,6.360925658413434380e-01,8.363971326477724899e-01,3.345733425396463234e-01,1.025623281753849231e-02,7.930163896730613171e-01,9.311400112034766696e-01,7.653591858666005665e-01,4.741731161604036959e-01,9.205831461008581185e-01,3.972681133999075298e-01,6.158800796377054132e-01,7.877283453009058523e-01,7.595410670933732122e-01,-2.374271937768979157e-02,-8.481233103444134336e-02,7.848657586228729999e-02,4.479349289547855384e-01,7.797806587037411363e-01,6.192581984813966267e-01,6.401681676117053632e-01,2.620961587945265236e-01,4.266916101212139822e-01,4.300201771755114977e-01,-1.891237716449185313e-01,7.206927904881241798e-01,2.213755575667439579e-01,8.735461401565411954e-01,7.936524893828861282e-01,5.914966219339033993e-01,4.920787963219279137e-01,1.773601083761633390e-01,6.041418223783346919e-01,7.669279797992171188e-01,5.300156643284064106e-01,3.605947677451111222e-01,6.246501849711630916e-01,3.429909116902300492e-01,3.290053780057231592e-01,7.126654727634833542e-01,8.064969487436838280e-01,6.236042698955784891e-01,8.822026995103475766e-01,7.632105053798143857e-01,1.843576162907117066e-01,6.403125780435928727e-01,4.200618169119468837e-01,4.046801554064018425e-01,4.485601843955382417e-01,7.711472698388361913e-01,7.099803566605481508e-01,7.424550663202890144e-01,9.470191232606881560e-01,9.403564256384652209e-01,4.092394460574851345e-01,7.217970437147251950e-01,3.235659758214003423e-01,9.641746610969585962e-01,8.357547780535307114e-02,4.262377591227848872e-01,6.225299066923908331e-01,7.543127194508532085e-01,7.889242221642887021e-01,7.678115974175829805e-01,5.513431012196847725e-01,4.052620655696593244e-01,7.097452725189702383e-01,5.624938623511106517e-01,9.299004562685491138e-01,4.350527341218352051e-01,6.854773209434329440e-01
7.433525240130502976e-01,6.451138208573972133e-01,6.067777992948047983e-01,7.966280332698862932e-01,5.045526748616373514e-01,8.669740828921810305e-01,4.748544590417179689e-01,2.581216123969994891e-01,6.314187292221955516e-01,7.822941605855535663e-01,5.603698150211404716e-01,8.772102320590826618e-01,7.285878749436828228e-01,6.548900738574594538e-01,6.360925658413434380e-01,0.000000000000000000e+00,6.988008204949750501e-01,2.520283756107987161e-01,3.862947666351511655e-01,7.875773014930997906e-01,2.419451007118685049e-01,6.190672001808321667e-01,4.976288753585726421e-01,6.067128237460247542e-01,5.225750815392169457e-01,4.767990597101605665e-01,8.690202159547677496e-02,6.433980775456222823e-01,5.061899762791941537e-01,3.439958939014897688e-01,2.477616126818282249e-01,7.454079566406656143e-01,6.450892704288555546e-01,6.370348557027655234e-01,4.397313846546596072e-01,4.776603382331394143e-01,7.906611548773012643e-01,1.801323284343498699e-01,6.691978305914118019e-01,6.645636365465095174e-01,5.745059724536515366e-01,6.304204063883639408e-01,6.739952393587708146e-01,7.103818319592759556e-01,6.529887761368567967e-01,6.866504646600920525e-01,5.912910191869921173e-01,1.103342261856264106e-01,5.790998644199464307e-01,3.998962316142544715e-01,4.861702793557856062e-01,5.144661773161514073e-01,9.690353961327612398e-01,3.202388397173554502e-01,8.409809073014417047e-01,6.327335858032918647e-01,7.171490108991456225e-01,3.313077370837664848e-01,8.319994271243973394e-01,4.020126296790679232e-01,5.936469623084048575e-01,2.515362686465382747e-01,6.337658463370521300e-01,4.250586346831461970e-01,7.926844475798744405e-01,9.929364005352507849e-01,6.653895703007268736e-01,9.156205105704610103e-01,2.230281718130882329e-01,7.655326057345335569e-03,7.183378412240144506e-01,7.768801773243289022e-01,6.325332982549888294e-01,3.808500942447691218e-01,4.235054333502252799e-01,4.716076642148007148e-01,5.966040208087400876e-01,3.938706837834770047e-01,3.685791172255183934e-01,3.393261446606014586e-01,5.407307893152447642e-01,6.223969903095255551e-01,6.304934332682755604e-01,6.267383079541744006e-01,4.417499555619923690e-01
6.105572963462876368e-01,6.316281934200315140e-01,3.288557300385421822e-01,4.703761562063062951e-01,7.636186807080354022e-01,5.133336523934410867e-01,6.105563021468116691e-01,9.742155948293382828e-01,8.144975260294984309e-01,8.825416430933683554e-01,4.891876322772332752e-01,4.086907875732658790e-01,6.571361402464754864e-01,7.364648481483961895e-01,8.363971326477724899e-01,6.988008204949750501e-01,0.000000000000000000e+00,4.258414611413526840e-01,7.646751968248637343e-01,8.197679548354749324e-01,8.719139980088050912e-01,7.077179012013005144e-01,6.008203713597203288e-01,8.883212510808619067e-01,5.574861071007424229e-01,7.390085654433786733e-01,-5.326571814333475041e-02,5.088724374549281615e-01,2.760812441624417302e-01,2.931740898350148061e-01,3.515902675740273930e-01,9.120745208085218048e-01,8.141797234948365825e-01,6.220650674097729649e-01,6.278211577215574435e-01,1.021454163621153682e-01,5.022144489338563611e-01,9.894672148100880360e-01,9.731728018342594710e-01,4.520030646208663128e-01,7.208916225259595079e-01,6.688499643325291899e-01,4.915981385076384491e-01,8.350268781875714863e-01,9.073188129825791037e-01,9.122844162884234942e-01,6.153329880169126076e-01,4.050077163059958019e-01,6.000673104918367029e-01,4.270388006535265624e-01,8.306593277999561042e-01,8.104642169069152802e-01,2.933010062697039011e-01,4.905262722306542589e-01,4.907315471206031288e-01,6.372158469516835122e-02,2.944055856785114944e-01,9.846184184678523632e-01,1.837476018825643376e-01,-2.786994104817472340e-02,5.700001092238363709e-01,4.302447618498590476e-01,3.083994741495698078e-01,7.835337469030787538e-01,3.207170328504743151e-01,8.802613643882484240e-01,7.470456340453065502e-01,9.777955717177847506e-01,5.955821264762239942e-01,7.377910138747384439e-01,4.138059859058525469e-01,2.082900858521219700e-01,5.337771761971052964e-01,5.192092016578425673e-01,8.769792565715924804e-01,4.772261454242453516e-01,6.840437695257551853e-01,8.054635650993720031e-01,5.009539048853970389e-01,1.435257467310797896e-01,8.956558784660950678e-01,6.070035945078515738e-01,6.858593117286989616e-01,4.667309388079584620e-01,8.417734202911278940e-01
8.122408589448546490e-01,3.621756676122498408e-01,4.609051738964529132e-01,6.753179207262947070e-01,7.616582147030878103e-01,5.215125823136300687e-01,2.509945013235614919e-01,7.329962563786212026e-01,4.163449255779616553e-01,9.132038251067329249e-01,8.319288954362122901e-01,7.457864763756443249e-01,7.406620950818165738e-01,4.971962221628570822e-01,3.345733425396463234e-01,2.520283756107987161e-01,4.258414611413526840e-01,0.000000000000000000e+00,7.589719480018308762e-01,4.494585539798606200e-01,5.741261575303966413e-01,9.249879818211661497e-01,5.570813326480770211e-01,5.325539473436858851e-01,5.466034502854646426e-01,1.170580721480685149e-03,6.971490121765917536e-01,7.790108580589182319e-01,4.336731172553449087e-01,4.813442082903519048e-01,1.815515540980221221e-01,3.995272281043656948e-01,6.940492646361124951e-01,2.708508069383658290e-01,1.745619027307130644e-01,2.623706012042900104e-01,4.434264234829189966e-01,5.690834544302887377e-01,8.691361481731203487e-01,4.334907175439294824e-01,5.159431294793508371e-01,7.466894052609467369e-01,9.606091119201645157e-01,8.913484001956490932e-01,4.868475713294533880e-01,2.293472262545354634e-01,9.690095171244209604e-01,4.460425710573417968e-01,7.895858315756160151e-01,1.385576563228558926e-02,4.811570389362724853e-01,5.089296596240492354e-01,5.520075295315003405e-01,3.750527873172856408e-01,9.398307688789869774e-01,4.371272095727989360e-01,6.465443775625061562e-01,4.235003038713572865e-01,8.969222392490499018e-01,3.425422147371797177e-01,2.483403555795421769e-01,7.492106639296398640e-01,6.695539770067956420e-01,9.309792892480530657e-01,8.426060553846514978e-01,5.458356722403842065e-01,7.746259147146994373e-01,4.689689028816317329e-01,6.222340413432324580e-01,6.828604497918764338e-01,7.975953651633426178e-01,1.537595222714884247e-01,1.988575559028501472e-01,5.747829109653040947e-01,2.682675843389116244e-01,4.445629996987825877e-02,2.419658562254092815e-01,-3.152017002976167936e-02,3.643541841711859242e-01,3.316743915150464073e-01,2.435698803192780926e-01,2.778605730426467191e-01,8.936110468611948576e-01,4.130018465692056329e-01,9.431234275866264838e-01
