0.000000000000000000e+00,6.843039138967370594e-01,7.664544048377268659e-01,9.872309017398026576e-01,4.455746672711702883e-01,9.274604564786566030e-01,6.845192070008450091e-01,7.154794816125056300e-01,6.199007642824297948e-01,3.606218730033044495e-01,4.681689592931658206e-01,7.837675099388007327e-01,4.406325323618524026e-01,1.293875689853245525e-01,7.618781049406648798e-01,5.998920646110763588e-01,6.612173170022878077e-01,7.479409911679767431e-01,6.906081162534890572e-01,6.986165223615208308e-01,7.525388125310386034e-01,6.076327709106225106e-01,8.197684971333668580e-01,7.345243068147506715e-01,6.497978896618142874e-01,9.317871704994790116e-01,2.366850440756188834e-01,9.141223547960179996e-01,5.337731490171103710e-01,4.858477395651423780e-01,2.754606737506580805e-01,8.275573263829367754e-01,6.600016630588367850e-01,4.217702962841303749e-01,8.028394680445471998e-01,6.784477254929113799e-02,3.550788013674806287e-02,7.833759505159103576e-01,7.614278058285811612e-01,8.237425723130963329e-01,5.624718535464436897e-01,8.178331248760155603e-01,7.828394719365713295e-01,9.126761318011084034e-01,7.485621822556773886e-01,8.947233520081591118e-01,7.580873892816656356e-01,9.912988596444156641e-01,9.260520790695386806e-01,6.842610884384835446e-01,4.212975932074164986e-01,9.788633917341982293e-01,7.268377557781882103e-01,8.362029473900787213e-01,9.809523265651709512e-01,9.260777828697165370e-01,2.438856725640418388e-01,8.249256952910745122e-01,4.125598266611818499e-01,1.750761666662220550e-01,2.876575336275857819e-01,5.016254951284656594e-01,7.523145290310155886e-01,8.128106033780087003e-01,6.801513216249353011e-01,9.084819078579072782e-01,6.788338405910764317e-01,6.123313334468166724e-01,6.737305698524752584e-01,5.975494625323110598e-02,5.328231509974991065e-01,7.042194889802370072e-01,5.145968003443911476e-01,3.560491240101651411e-01,8.436761097545284471e-01,8.960729176317218103e-01,9.712901731099617963e-01,9.724587708818265286e-01,3.210295495232906582e-01,7.039280298744766684e-01,7.451784662792710900e-01,8.089510589829870257e-01,5.219000724608863218e-01,7.336932700796192641e-01,9.641156741707328504e-01
6.843039138967370594e-01,0.000000000000000000e+00,4.267552835562283264e-01,6.991726522939051280e-01,5.237979920278752477e-01,4.355111920173792561e-01,2.414250146482140313e-01,6.024808620648117730e-01,6.354245961528218745e-01,9.079155199947684940e-01,5.683919843292933871e-01,9.677158352319341628e-01,8.290153432764255648e-01,7.510219196201450842e-01,6.935217550168492062e-01,3.989149904398583413e-01,7.150852332676618239e-01,6.072392450507432260e-01,6.816400566796781968e-01,6.003227397984508551e-01,7.378631828073368704e-01,1.412041938384602791e-01,8.602700145929599307e-01,8.511773394162091000e-01,5.476872477131469186e-01,9.593315888248032941e-01,6.165569582002223825e-01,6.493548639461851346e-01,5.466875358292790921e-01,1.120018734177776754e-01,6.194158151136301971e-01,3.267044430261412113e-01,2.227696175811293422e-01,4.265381930949858069e-01,3.549062209977547622e-01,3.844654975839567057e-01,-1.145945429656372860e-01,8.174260413857283858e-01,8.999508324207396992e-01,4.449639495749149187e-01,6.404705777459762661e-01,5.132548585300850119e-01,8.680328714557569159e-01,5.813219067383978977e-01,5.990288747908187883e-01,5.070434910961986175e-01,4.111904135798590265e-01,2.561295620770489001e-01,4.465425621600948580e-01,7.050691050450171860e-01,7.529426729199122370e-01,4.189944866667758006e-01,7.297067549067608461e-01,9.978604253231454502e-01,4.312763197019227335e-02,5.083851044987987011e-01,3.866725981712469951e-01,7.968543546603974459e-01,9.609277962267117612e-01,3.842911871724481454e-01,2.449503595842726922e-01,5.217580291948313853e-01,1.091746666766491292e-01,7.021623890821305780e-01,8.170917965718800247e-01,9.508772762822962354e-01,7.337109707568481021e-01,8.877540374301129411e-01,3.482506820487311638e-01,8.743294990218064555e-01,6.434538860326368681e-01,4.389530086371113415e-01,-1.073758786294397999e-01,3.135647235713656666e-02,8.754957682685970966e-01,7.883867255360930137e-01,4.084024233837790230e-01,5.648448613603864743e-01,3.392504331741380552e-01,6.781066851459848221e-01,7.353359026831587375e-01,7.067498084554308946e-01,3.677007492794507337e-01,3.130813333190791692e-01,6.451670041793293731e-01
7.664544048377268659e-01,4.267552835562283264e-01,0.000000000000000000e+00,8.855730206840227714e-01,6.122556209369780511e-01,7.077921219260785435e-01,9.384715963244109060e-01,8.117672894950904716e-01,6.394979369996830476e-01,5.797582547219074511e-01,4.821141889661906266e-01,7.734567065428654686e-01,7.857282823491889001e-01,6.011523171247111774e-01,6.667574710381344305e-01,4.575599863385109711e-01,7.073208881878705334e-01,8.708527008491477872e-01,9.475355290568804323e-01,8.418948636457858070e-01,3.117136068465234389e-01,9.258239143338721222e-01,3.842451729700375740e-01,6.812971146124876531e-01,8.901792150580883911e-01,8.721029543168740128e-01,3.875029578593888746e-01,8.137758677124156126e-01,5.366116036292829516e-01,-3.600143976876218899e-03,8.149114185649786180e-02,6.140770291016393045e-01,8.893712415224082068e-01,9.255319296833663945e-01,4.076575744453249106e-01,2.312223433447302690e-01,5.955660963340640990e-01,9.867329887591964610e-01,7.987093740055969393e-01,8.777543861010334014e-01,5.244085506813758180e-01,8.814940503943614614e-01,8.210722367295971713e-01,5.975286903940419947e-01,5.336109878121982897e-01,6.507673353895384594e-01,8.659803849701207534e-01,8.201443070479765840e-01,3.315345430366005153e-01,9.540276584225761969e-01,7.432767501741108784e-01,5.564916848589704923e-01,9.485691558776458976e-01,9.849252795064521449e-01,8.735837361744281937e-01,6.899082145103087038e-01,6.515189002054476708e-01,9.953603282173676403e-01,5.548936392127653550e-01,7.821235158452095604e-01,5.701621000364097691e-01,9.228496019929459671e-01,9.362980386345790551e-01,9.092305107521090335e-01,7.957538201870916206e-01,9.971382601807978752e-01,7.287918428569981621e-01,8.428215418832563088e-01,8.715486470772376704e-01,7.025258846606636798e-01,4.699508810189265140e-01,4.286635110883192379e-01,7.130785381903049780e-01,4.764734406340149775e-01,4.808725317753348438e-01,7.497127893279167399e-01,9.587878247934474851e-01,7.015252619862141215e-01,5.029384102221104991e-01,3.046194022736717008e-02,6.863463279300254793e-01,5.721051444008586895e-01,4.616165069534157173e-01,6.456373794076346595e-01,9.198191007345983827e-01
9.872309017398026576e-01,6.991726522939051280e-01,8.855730206840227714e-01,0.000000000000000000e+00,7.679369233170548759e-01,4.207065384908346140e-01,3.372715414135442069e-01,1.578621639639339880e-01,9.539645482138100485e-01,5.916752534453249002e-01,6.573636107697505837e-01,7.725586339726142615e-01,8.099296895271445029e-01,9.397001953014051390e-01,4.647783434974639971e-01,6.174393877022904542e-01,2.846884279433807841e-01,7.139146363285557850e-01,4.510628438120934391e-01,6.218145525268120588e-01,7.071326971935053551e-01,7.295697634285901456e-01,8.934206101820750812e-01,4.234225373421651728e-02,6.970337701860478408e-01,8.986627328009663129e-01,6.368957672715247487e-01,6.535279194352003884e-01,6.591256362302826410e-01,2.465123004353773073e-01,9.770685331715328603e-01,1.522160862949887561e-01,6.281120781016046317e-01,8.182862815317838434e-01,5.861110146281106603e-01,2.802900459973254321e-01,1.938952755351373014e-01,6.835916406003098578e-01,7.315002837280603076e-01,6.817114618084552102e-01,5.449511123103566446e-01,6.282371951027980739e-01,7.997000162600265138e-01,8.500554233588799580e-01,7.291407167536568812e-01,6.816077097257225992e-01,1.792947789601486985e-01,9.868891088134720269e-01,4.105880186105881902e-01,4.392066782965019511e-01,4.176886878561070215e-01,7.646815413801241190e-01,6.086308753345708311e-01,4.489529505170359314e-01,8.848808818671373144e-01,6.452489792623010700e-01,3.868627366664093015e-02,4.046601848283583602e-01,9.468491122935854820e-01,5.960451186393904699e-01,2.034647150405755611e-01,7.532397149217329169e-01,8.274135741646353459e-01,2.737382481638859222e-01,5.923743316158711636e-01,6.063799026142036031e-02,5.210606681052718514e-01,7.610489507460089786e-01,4.644780351626326409e-01,7.254275934700488149e-01,7.854320240723253743e-01,6.029416544985030102e-01,3.742441838034883950e-01,5.628757627057500157e-01,5.671052470286489511e-01,6.725979153482183337e-01,7.076724009715756880e-01,8.075292151851245492e-01,-1.676867927546633052e-01,3.840009358379040671e-01,4.619322297126587928e-01,7.369952271689146350e-01,4.870672870813607669e-01,7.202807853661323811e-01,4.254826578575797713e-01
4.455746672711702883e-01,5.237979920278752477e-01,6.122556209369780511e-01,7.679369233170548759e-01,0.000000000000000000e+00,9.880637876722664359e-02,6.551957597843787173e-01,6.650016117259121007e-01,6.931554234981075480e-01,6.130368331494613354e-01,5.480916486699718426e-01,3.116416485353292742e-01,5.545691742875361596e-01,8.962825476474892694e-01,1.267033914000444128e-01,7.108744816850941506e-01,8.704074413844158364e-01,3.459032856003838585e-01,4.398851719595870957e-01,6.600987728751911421e-01,7.677283476478593549e-01,3.304918285434679248e-01,6.848248967455032865e-01,8.223469394278652977e-01,6.703101204678351133e-01,7.465666603730560791e-01,5.406037664465047632e-01,5.880568757288155979e-01,2.152897819314563699e-01,7.970379012803993080e-01,5.121083282251439606e-01,4.373939566968803594e-01,7.789847617019191039e-01,2.320740362594307660e-01,7.234357636879595876e-01,4.885377285336073294e-01,1.616426048005189520e-01,2.748280343680774562e-01,9.648011883969795921e-01,7.443925620167122226e-01,2.271565031559537040e-01,6.927259686070228462e-01,4.049435388356998344e-01,2.006345163808648524e-01,7.863140602191389661e-01,3.351452365100569125e-02,3.594513445813387609e-01,4.670522392214750962e-01,2.062230100380538778e-01,7.166859975728033794e-01,9.433289150401664713e-01,9.986636029858431129e-01,7.386395835417556288e-01,6.620925048271908420e-01,2.149852750764266462e-01,4.198750408918444643e-01,2.569889754239353952e-01,4.974177713778357157e-01,6.057783850464801834e-01,2.153633195742918338e-01,4.866362563049547729e-01,6.144754248277837227e-01,5.059344451365742623e-01,4.568713841769705408e-01,6.832661809875838488e-01,8.922517266059692975e-01,9.872577739218784121e-01,4.515605161854128746e-01,4.109863371391491160e-01,9.298448427025719498e-01,8.871494914132523890e-01,6.405592797092017898e-01,6.523066613331548469e-01,-1.628212521016736414e-02,2.605612471466068891e-01,7.521047013903037204e-01,6.344145700667352950e-01,7.506908965303820125e-01,2.912793484900082497e-01,2.453034823986970370e-01,2.853977023422359371e-01,1.360014012721536270e-01,7.677390007521761595e-01,5.142693834401089736e-01,5.327625303630141307e-01
9.274604564786566030e-01,4.355111920173792561e-01,7.077921219260785435e-01,4.207065384908346140e-01,9.880637876722664359e-02,0.000000000000000000e+00,6.777055236276473549e-01,6.907636289027518917e-01,1.263583963762865692e-01,2.165472794013721392e-01,9.654992714542833809e-01,7.023337990527679375e-01,6.704306912770037208e-01,4.036967238054459672e-01,5.367284698438115065e-01,4.852483758047747564e-01,7.215977488937875828e-01,7.633655811402255686e-01,7.786131365184116859e-01,7.690302095298356955e-01,9.672240259599336198e-01,5.597685232852551707e-01,5.232093676917292102e-01,7.014256255110334903e-01,-1.688034125330360180e-01,7.448527252879766358e-01,7.093544448447888229e-01,5.871180548112959752e-01,5.670990540434982519e-01,2.836647787897526030e-01,3.882743223028820578e-01,3.351347348832268702e-01,9.721806857038745031e-01,4.548158659310140295e-01,2.725660951301253077e-01,5.073297824717076798e-01,5.814006612763285009e-01,-1.107844534154160954e-01,9.249177506823111905e-01,6.990461714871257781e-01,4.884748573425808926e-01,4.549538656039331906e-03,5.890654813495570519e-01,1.456622350506187324e-01,4.545205544050586188e-01,8.602212706652336838e-01,4.197039413510421091e-01,6.123840272381397831e-01,2.967731072277967064e-01,7.523557611669930978e-01,4.323774209967746751e-01,1.255613642968643195e-01,7.945409968384525845e-01,4.656077808280161268e-01,9.806092304234648172e-01,7.956810769910149794e-01,6.932911391553148173e-01,6.639699738283212360e-01,9.076932056686087824e-01,5.349091404520551762e-01,2.067407906898497127e-01,2.209563309316479318e-01,7.691168604975260337e-01,7.158478245420227815e-01,8.850395422782315613e-01,9.499292554786149534e-01,6.429298024746401552e-01,6.150598244597359487e-01,6.826668277411419572e-01,6.216344133975092445e-01,8.498297820848694784e-01,5.319000310479076177e-01,3.629933876005746463e-01,3.152127486105861798e-01,4.212669985807325213e-01,2.808403437165958305e-01,9.737464032931378854e-01,9.129607276972663277e-01,2.450207371785117216e-01,7.831861888455925180e-02,2.221950815404473700e-01,4.538033310057490444e-01,6.473752053953147900e-01,1.193975171945988595e-01,3.769479598574522194e-01
6.845192070008450091e-01,2.414250146482140313e-01,9.384715963244109060e-01,3.372715414135442069e-01,6.551957597843787173e-01,6.777055236276473549e-01,0.000000000000000000e+00,7.756451396459882464e-01,3.057551944446598724e-01,5.606773194484919731e-01,9.328962637958272408e-01,-1.946007758287846834e-01,4.718354005843038990e-01,6.896049389043588107e-01,7.195850219627291100e-01,2.878362027885794650e-01,7.636510144696166957e-01,4.438162747374656547e-01,7.101490961662736412e-01,8.489760500614743632e-01,8.329073620500602182e-01,4.614156531072097778e-01,5.385411501789896249e-01,9.502334072838278800e-01,4.362042533814132206e-01,2.983999264594283662e-01,4.172614869909265778e-01,4.022775451482141773e-01,2.455123732640656364e-01,3.956358265196506796e-01,5.482873866442139477e-01,6.675513270428770074e-01,6.247932512156461060e-01,6.815463366848426574e-01,4.130884419279646225e-01,5.830221752937128077e-01,5.844118447889756762e-02,6.642126432076188580e-01,9.359820308430630842e-01,7.065488374366436508e-01,3.294854583899241574e-01,8.974290297630888036e-02,7.083020291050253769e-01,5.482723665142950065e-01,4.951104266336988635e-01,4.965064995425826910e-01,7.327517539909254862e-02,4.230336403411472102e-01,4.881961386982675011e-01,4.012303941326801904e-01,5.988490673375914675e-01,5.167671728194220826e-01,7.637927916587849975e-01,7.135702329005390032e-01,6.176655654380867055e-01,4.589077509555350987e-01,4.783154574817897742e-01,7.149628815641421165e-01,6.354486471385224489e-01,1.933965250532087565e-01,2.259854306474213537e-01,3.765310052030000909e-01,5.934176025338141480e-01,7.653623200822616823e-01,8.388802504489747403e-01,8.304928697552916850e-01,5.115444898373684435e-01,8.776187949767269014e-01,3.015846602899952544e-01,4.238256051614538999e-01,7.536168005267169789e-01,1.242865690328621708e-01,4.704186725163822524e-01,4.184824640693335929e-01,6.230898962077859871e-01,3.121255828006212485e-01,5.148718620068638563e-01,5.260949371527319229e-01,2.120749659538082310e-01,1.976455432019258440e-01,5.029923573761192479e-01,6.444238311276513365e-01,6.106917540875620443e-01,5.095241307484348336e-01,2.862672080357441806e-01
7.154794816125056300e-01,6.024808620648117730e-01,8.117672894950904716e-01,1.578621639639339880e-01,6.650016117259121007e-01,6.907636289027518917e-01,7.756451396459882464e-01,0.000000000000000000e+00,5.092247359827248854e-01,2.977920332540828774e-01,9.741016002729876444e-01,7.303457376670984269e-01,7.951488244185492826e-01,1.039817047931450439e-01,5.560215880824740387e-01,5.752108680420406905e-01,7.835542062621090320e-01,7.296889635762051629e-01,4.734046725909822340e-01,6.042179659899603594e-01,8.311790917937662559e-01,9.749127907865271503e-01,5.437179537614205138e-01,6.936285368911198068e-01,3.487053553586362264e-01,6.837849468911939566e-01,4.126680762980331485e-01,9.130785291110418145e-01,6.653992838516180619e-01,4.329121229744764543e-01,1.306455161527814990e-01,5.171131821564434183e-01,2.708275080127943157e-01,5.648609502315020681e-01,5.924994797270445313e-01,-1.733183803973435688e-01,-1.770360481789313989e-01,9.472689596417511737e-01,9.103883841011988221e-01,9.791748160097544229e-01,5.134718994343607790e-01,6.753091789093291775e-01,6.098019158347065538e-01,8.364235086875154712e-01,5.082186288160193133e-01,5.007391733687815982e-01,9.347932592030979704e-01,4.504345233946991933e-01,4.684272356092105682e-01,9.265900811495257905e-01,5.994095622206373486e-01,5.694504171202711129e-01,3.864805785615689215e-01,3.569378363094967699e-01,4.892913507675611950e-01,5.368197104378384932e-01,4.294592134037483744e-01,5.338000915001698266e-01,8.769422590165631970e-01,7.335925219854535495e-01,4.723791035364942603e-01,8.507634312404888099e-01,4.318311189949763373e-01,9.181770221863175818e-01,9.127963542084395199e-01,7.338019734587259979e-01,5.645472799958209942e-01,8.198529565956268472e-01,2.435606281815636265e-01,4.126023301815275879e-01,3.799367275881413430e-01,3.516276345288734673e-01,3.685087767521344482e-01,4.885662172666032088e-01,5.926971497892410401e-01,6.828732803488523073e-01,6.453649049984249153e-01,4.320558489340808328e-01,3.945465391737840166e-01,1.305588002814750490e-03,4.110067193695809973e-01,8.493641598942790472e-01,7.194774279366926706e-01,6.028544089182252819e-01,7.390707325488747870e-01
6.199007642824297948e-01,6.354245961528218745e-01,6.394979369996830476e-01,9.539645482138100485e-01,6.931554234981075480e-01,1.263583963762865692e-01,3.057551944446598724e-01,5.092247359827248854e-01,0.000000000000000000e+00,1.870114934002942153e-02,5.356544308458243142e-01,3.797684459660103928e-01,7.514866627126954857e-01,9.317052550218620777e-01,5.622770390134339547e-01,2.336380246686782514e-01,9.365807813690801842e-01,4.736495943633282080e-01,4.551981668347335752e-01,7.771928950380396772e-01,8.938056175928783542e-01,3.258233829655812208e-01,5.229521279091634556e-01,1.309614228186890272e-01,7.754246277961095446e-01,4.833833158998058765e-01,7.686539618656103023e-01,5.351703062403428968e-01,6.617199612722070023e-01,2.681998900447919443e-01,3.776198357213630397e-01,5.538454289821169718e-01,7.309686148654085391e-01,9.313570895480010048e-01,7.053374695080802947e-01,6.228903437311963387e-01,2.274065276318770479e-01,6.839847854447693720e-01,9.707913572175929096e-01,7.180391563220550610e-01,4.095415309923954306e-01,5.459182779701945432e-01,4.243833599415764990e-01,7.448481191110529753e-01,2.036942214988493594e-01,7.944467952708609282e-01,6.949205789438313019e-01,2.114620663919582200e-01,7.557837421414698165e-01,5.512273088123007536e-01,6.776265887886862016e-01,5.410671754994541560e-01,7.854290696814565376e-01,3.387525824926264084e-01,3.876219100011241148e-01,4.131621860316461170e-01,2.019340178567120003e-01,6.919936129334697261e-01,7.748159278243662573e-01,6.330497622123728574e-01,5.762609482112283077e-01,5.743661386080851639e-01,4.251683428572394785e-01,5.177762514612975764e-01,7.360991299927343023e-01,6.808297619802561318e-01,6.700038035431479244e-01,8.404800290637982618e-01,2.883220550974266438e-01,8.961428278499288247e-01,6.088304068394488899e-01,4.401966795473675198e-01,5.651252514739084631e-01,6.709254382063429833e-01,5.617627899482092735e-01,5.085064506506584703e-01,6.107356133797454678e-01,2.819051108932219551e-01,2.063485583661537337e-01,1.395270730569153671e-03,4.539193735125280904e-01,8.124005896958680362e-01,8.439809466648060532e-01,3.458567835053096839e-01,6.919511283346442276e-01
3.606218730033044495e-01,9.079155199947684940e-01,5.797582547219074511e-01,5.916752534453249002e-01,6.130368331494613354e-01,2.165472794013721392e-01,5.606773194484919731e-01,2.977920332540828774e-01,1.870114934002942153e-02,0.000000000000000000e+00,9.067858081862993913e-01,9.921269883761657526e-02,8.330510983623530263e-01,8.916026380538291107e-01,6.091965543683004469e-01,9.463396064895074344e-01,8.706215641384458248e-01,7.531763176613941457e-01,4.328345555341727713e-01,7.420272534125136321e-01,2.330784439881485037e-01,4.419967463175393796e-01,5.518186671195091098e-01,8.590188435254720867e-01,3.544609767894755237e-01,5.786328040165411579e-01,8.096336378218758068e-01,5.252916609488259558e-01,3.348589053142940752e-01,2.126170049465722633e-01,5.126082904383861827e-01,-1.469874733801168620e-01,8.073726625798498535e-01,9.408274179567956974e-01,6.589773115443380291e-01,1.474892608377188219e-01,2.315581257820368832e-01,7.722851638948065034e-01,7.537489069100631323e-01,7.964956950728869778e-01,1.945812306413443049e-01,4.597241502371312571e-01,8.363184943143588956e-01,9.389068661673978244e-01,6.504689722516504569e-01,6.420924936413793249e-01,5.716953056142636269e-01,8.000843637066373804e-01,9.515928777807106109e-02,2.098220463012740733e-01,5.458751049630534702e-01,5.257338360997120263e-01,4.830218774623368794e-01,9.805387311240244541e-01,9.285202600787221261e-01,9.067611051348343221e-01,1.352687545132707780e-01,-4.858049219997045975e-02,8.014050159456648226e-01,3.720247758422969842e-01,6.883964828248848589e-01,3.098826204308440246e-01,1.116503516247029440e-02,5.934139223686947240e-01,6.023829374800176994e-01,7.579999829897757779e-01,8.873144240260023574e-01,9.002063734864046429e-01,2.416693897025583293e-01,5.816012364116519562e-01,8.394645249776200302e-01,4.237024649461403336e-01,5.127153385190220680e-01,2.532560933540108361e-01,2.730977559819601774e-01,7.810251231046986264e-01,6.147708047762944217e-01,8.522190918167145135e-01,4.430428839929703710e-01,5.913690497604836560e-01,4.340586309509732454e-01,6.555914405712062187e-01,4.130806063616835333e-01,4.007115596680037028e-01,6.886815523286411445e-01
4.681689592931658206e-01,5.683919843292933871e-01,4.821141889661906266e-01,6.573636107697505837e-01,5.480916486699718426e-01,9.654992714542833809e-01,9.328962637958272408e-01,9.741016002729876444e-01,5.356544308458243142e-01,9.067858081862993913e-01,0.000000000000000000e+00,8.601536033040643181e-01,7.821072074662834828e-01,5.142480767401467201e-01,7.773793807241980991e-01,2.232021435674467758e-01,4.450027859215160420e-01,6.610178580971012297e-01,5.997572916776463536e-01,4.525407266075527901e-01,8.974250232027849439e-01,6.824954149009258009e-01,-1.469058300529929861e-01,4.989863348331811249e-02,2.122724122851279149e-01,6.560796596771492073e-01,6.806392593151138204e-01,8.484615158096188159e-01,8.120477094487166259e-01,7.904260743911553089e-01,6.796295533533392996e-01,2.685812700791310181e-01,2.884197137929879751e-01,7.105141833657625527e-01,5.581990255415473223e-01,5.620600221293706733e-01,1.170051794842447007e-01,4.482138565307561273e-01,4.085779776611406788e-01,6.792115712621078494e-01,2.215092802666397132e-01,3.003882418420396605e-01,9.294716724759273241e-01,6.844798850048077199e-01,8.374100153004507829e-01,3.327073658421917379e-01,5.618627146456324217e-01,7.464709622150482726e-01,5.291260862267334053e-01,2.816742436981334863e-01,4.829081681184824726e-01,2.147560332173660547e-01,5.639992197903683779e-01,7.128365846845989839e-01,9.728794535955280764e-01,3.820865107852754461e-01,8.229543814078164043e-01,4.831240528179737703e-01,4.047498295216612751e-01,3.512270473073955679e-01,-1.292413502079963195e-01,3.046750191661977136e-01,4.704811437699518151e-01,6.621742742839809015e-01,7.526193291320291134e-01,6.311746057704981094e-01,5.116410388482381943e-01,7.583002979660848908e-01,5.256520407524447602e-01,8.490014096774525232e-01,7.674145850393417068e-02,8.902762473796344000e-01,4.202577093383839668e-01,9.860017237406371038e-03,7.845814818570218119e-01,4.450077125368079312e-01,7.415305943600339900e-01,5.958761346860381725e-01,5.085956364796295759e-01,3.710143743772124081e-01,4.096994378765422273e-01,6.513388434924529680e-01,6.544006963160313717e-01,3.205071390635100270e-01,5.132295271713206430e-01
7.837675099388007327e-01,9.677158352319341628e-01,7.734567065428654686e-01,7.725586339726142615e-01,3.116416485353292742e-01,7.023337990527679375e-01,-1.946007758287846834e-01,7.303457376670984269e-01,3.797684459660103928e-01,9.921269883761657526e-02,8.601536033040643181e-01,0.000000000000000000e+00,6.614706119305286958e-01,5.004249737870632986e-01,5.809000231924570379e-01,5.348022909705905104e-01,1.102202157975859659e-01,5.148862214463499898e-01,1.258379290238325898e-01,6.427726115583800581e-01,5.675427833342840955e-01,3.835745020035533082e-01,9.771098062498810854e-01,7.516941224971545044e-01,3.410695761501925660e-01,4.848112627293736931e-01,8.171741910505657680e-01,7.261127316627624673e-01,3.077345545311861441e-01,1.215058739475310123e-01,5.511730650799689935e-01,7.043192457042899424e-01,9.739611038134908805e-01,7.226010233097598379e-01,4.518282256199256941e-01,3.295554916244018973e-01,3.082085950825660392e-01,8.961876523364742386e-01,4.635167466091099087e-01,8.857529317076731079e-01,5.782501984724733868e-01,2.801171046820606914e-01,7.506704284886616119e-01,7.810790266147201732e-01,8.780179771726149829e-01,8.671932079260989967e-01,7.612729248518042002e-01,3.034892890214209715e-01,4.341936881025023620e-01,5.407298279441554723e-01,5.384476713672153858e-01,7.553571749829082194e-01,4.465408777460835310e-01,2.508691359016076428e-01,4.673926576487171247e-01,6.017574706649886362e-01,7.653568472438088133e-01,4.021128331147490464e-01,4.469335914421655453e-01,5.058653894853543109e-01,7.844065543178051492e-01,3.211415923894663793e-01,9.630311231565366059e-01,7.488938197337604574e-01,8.336650554151845416e-01,6.376356444475876906e-01,7.037202633080569258e-01,8.957131823531300219e-01,7.624453311116565768e-01,5.517639432099025187e-01,7.175422727801038514e-01,6.999588269045032840e-01,3.668403974493501529e-01,5.143232092775931186e-01,7.379093197996267062e-01,9.775795840545973281e-01,7.253376990362174759e-01,4.836830526352047244e-01,2.614491652808595967e-01,2.476807791199364672e-01,6.379596555528634916e-01,6.084622938107836498e-01,6.621585610375324560e-01,4.117600739863246928e-01,8.111153558745202163e-01
4.406325323618524026e-01,8.290153432764255648e-01,7.857282823491889001e-01,8.099296895271445029e-01,5.545691742875361596e-01,6.704306912770037208e-01,4.718354005843038990e-01,7.951488244185492826e-01,7.514866627126954857e-01,8.330510983623530263e-01,7.821072074662834828e-01,6.614706119305286958e-01,0.000000000000000000e+00,6.965514761339428595e-01,8.357609622134367644e-01,5.205188871009386320e-01,6.171321297813435747e-01,6.277719165994943840e-01,7.570286187427086588e-01,4.801321954282267157e-01,6.295037532808465119e-01,6.432541140968575100e-01,5.103647703491794030e-02,7.442708995311051456e-01,6.630525412280683373e-01,8.510146528258323295e-01,6.068905080565484278e-01,9.862743760826022665e-01,2.840760453242979766e-01,5.440134311731668060e-01,7.571439656132772367e-01,7.485959609877429477e-01,8.883922432334456776e-01,7.349819994635591325e-01,6.291463767320706335e-01,2.099733149742377403e-01,3.433442479628595057e-01,8.767303622236864991e-01,8.277136720777965584e-01,6.921049773908128921e-01,5.766212753718494843e-01,5.088550517964052222e-01,6.268491071811072013e-01,6.595881662063359796e-01,8.316191731710682600e-01,5.909049035016542550e-01,8.570910298500642455e-01,6.303193786803932275e-01,9.065581444796333432e-01,6.964489423619510955e-01,6.823704317474326153e-01,7.689020720597052883e-01,6.202195583373205645e-01,7.490460069523419140e-01,8.971720059960118787e-01,7.347854173582482051e-01,6.199109375026283786e-01,6.181672922565345507e-01,6.631672299924127323e-01,1.152093620602537422e-01,4.227635883335594813e-01,7.148439638600362356e-01,9.951067720679123152e-01,5.704096697037075447e-01,6.394296202969766973e-01,7.315284622941162773e-01,7.300842030364967927e-01,7.916279341923738722e-01,4.690812238424454939e-01,4.466721419066977949e-01,6.923348729911662502e-01,7.111161569430831664e-01,2.948932388843917285e-01,7.834652489262986519e-01,6.383216698537212963e-01,6.771460288536171879e-01,3.530463069981176760e-01,-2.318864694318199249e-01,5.064392484860393839e-01,3.830767300802424558e-01,7.311377463132986421e-01,8.556308307912989797e-01,9.726548928906888491e-01,8.173397753460742710e-02,6.972192394895084799e-01
1.293875689853245525e-01,7.510219196201450842e-01,6.011523171247111774e-01,9.397001953014051390e-01,8.962825476474892694e-01,4.036967238054459672e-01,6.896049389043588107e-01,1.039817047931450439e-01,9.317052550218620777e-01,8.916026380538291107e-01,5.142480767401467201e-01,5.004249737870632986e-01,6.965514761339428595e-01,0.000000000000000000e+00,7.926239963486994000e-01,7.165398187986279366e-01,7.506311969904202464e-01,6.560929110005516707e-01,4.544389463532666484e-01,5.581102583697312713e-01,7.570681132836576399e-01,9.362143851449864496e-01,6.025056139985994763e-01,6.076008458739151630e-01,4.286944148426958812e-01,3.309799258080184936e-01,9.340494908504581861e-01,4.423202269608813020e-01,5.257854333337705910e-01,5.402592899361472467e-01,3.658066375669816739e-01,4.346886690711154050e-02,6.722605291232905955e-01,6.312163765144178651e-01,4.429355401734283992e-01,3.629843050541007310e-01,-3.512283504972098513e-01,4.237084001430246882e-01,4.867256669898243904e-01,6.321893643026720300e-01,5.686107817089426364e-01,4.216174903178232514e-01,7.518653906566916678e-01,8.190006014476918228e-01,4.717802747631643090e-01,9.381190707860341815e-01,7.487550716546582663e-01,8.515107104002697103e-01,6.427011918584919492e-01,4.720642190643282166e-01,6.840979629747092616e-01,7.425471357171287146e-01,6.246892552223636264e-01,6.621485829859279360e-01,7.078524139705313356e-01,6.919036619916379971e-01,8.138932134891065928e-01,2.362641898589893652e-01,6.659611160941482089e-01,7.578400796334003875e-01,6.027604705897138260e-01,6.744465392882800225e-01,8.677507997526097139e-01,4.898671358414819488e-01,7.336535630775268269e-01,6.410472333149008772e-01,2.838543361288748956e-01,7.201513184010867041e-01,6.476975785100447247e-01,7.187468339946635476e-01,6.953602455242893221e-01,8.917649985693926196e-01,-5.057920979725741284e-02,5.612868762400561318e-01,4.322881555915280560e-01,6.107603142703166288e-01,3.893372823303846708e-01,5.762169928542038022e-01,2.203228850262413663e-01,5.001786907493286360e-01,4.318356921651214098e-01,5.888665375835933080e-01,7.384806822925562564e-01,4.486643207942543343e-01,6.985927822033451973e-01
7.618781049406648798e-01,6.935217550168492062e-01,6.667574710381344305e-01,4.647783434974639971e-01,1.267033914000444128e-01,5.367284698438115065e-01,7.195850219627291100e-01,5.560215880824740387e-01,5.622770390134339547e-01,6.091965543683004469e-01,7.773793807241980991e-01,5.809000231924570379e-01,8.357609622134367644e-01,7.926239963486994000e-01,0.000000000000000000e+00,4.353777108976761290e-01,9.171574825015355037e-01,6.374357219137035679e-01,5.476175897021171579e-01,9.604082765617871775e-01,8.512853566294045216e-01,5.707068240377669577e-01,5.187907218142449040e-01,8.302078204961224062e-01,4.294367154346281357e-01,4.616506751502267303e-01,7.247523070020960301e-01,3.343124618578181551e-01,3.700881471388767774e-01,3.965819600755879359e-01,5.011652476897496961e-02,4.009468444404825638e-01,3.176910471362551780e-01,5.591862947755357194e-01,5.435699591297274980e-01,5.854221712570952807e-01,5.205273881802627844e-01,4.359846903921602568e-01,8.557738744762907190e-01,4.892299993132275260e-01,3.492951152548589011e-01,3.697577074788251372e-01,8.656718188166439010e-01,5.764688815443197445e-01,7.885169776315463785e-01,6.211068480247674550e-01,7.581160066224024163e-01,6.589809159734991706e-01,1.943001651007253416e-01,5.064415610395222034e-01,5.386098528231437754e-01,6.313920580203407074e-01,7.700464675305245255e-01,6.743967558408614504e-01,2.071714783997264941e-01,9.316370618675879900e-01,1.703606400820427413e-01,8.362962473955605214e-01,2.955688339554141675e-01,5.003853676362657321e-01,6.750905231037052090e-01,2.236178626532080715e-01,4.403657367159151681e-01,4.849646470865867087e-01,8.934543141838282576e-01,7.366026566770433881e-01,7.589314734193817191e-01,2.399840426000306726e-01,4.865928922747243535e-01,7.949978721062922471e-01,9.355762535293157267e-01,7.212391342576227604e-01,7.872814194562719470e-01,7.526408663761752216e-01,3.494504120939413427e-01,5.559161952827199604e-01,6.410734695148647688e-01,3.634471736244969664e-01,4.061017057761074911e-01,5.682847055340047859e-01,7.581573872086480037e-01,9.341375201939359219e-01,5.978522773746883789e-01,7.383620946754826386e-01,4.907091550911549804e-01
5.998920646110763588e-01,3.989149904398583413e-01,4.575599863385109711e-01,6.174393877022904542e-01,7.108744816850941506e-01,4.852483758047747564e-01,2.878362027885794650e-01,5.752108680420406905e-01,2.336380246686782514e-01,9.463396064895074344e-01,2.232021435674467758e-01,5.348022909705905104e-01,5.205188871009386320e-01,7.165398187986279366e-01,4.353777108976761290e-01,0.000000000000000000e+00,7.638460922353668137e-01,9.858967280596789839e-01,5.164774065578978668e-01,5.496287922273828119e-01,5.217226857093204551e-01,6.910465493923447777e-01,-1.112995827362126544e-01,8.422642939231432813e-01,2.305636149760865727e-01,6.809814148018632496e-01,7.270470542029749961e-01,6.186673554261832297e-01,5.171840791658259828e-01,2.305712434040738945e-01,2.470322024244550330e-01,4.567865303026371060e-01,7.192132098433683118e-02,3.346915286942303558e-01,4.338001544935374265e-01,5.761961745992234540e-01,2.933419371306288381e-01,2.630229886842055387e-01,7.194843026639872186e-01,7.393656897915986681e-01,6.977622025896430547e-01,4.563119967502007879e-01,7.884520723754144811e-01,8.455996740707505399e-01,4.936619144227966660e-01,3.554773829242795502e-01,8.146852051324761090e-01,9.419639537219356429e-01,3.056035850972655954e-01,5.721258004492968396e-01,7.602830969255435223e-01,4.457999182036408992e-01,4.547331785146194738e-01,-9.601317354607809273e-02,8.383595206800951161e-01,9.988396935713461655e-01,7.256165273291440565e-01,7.918906940965501073e-01,4.840344697684947906e-01,7.691838168128460884e-01,7.635613399626868247e-01,3.083937201575117845e-02,9.227598312069695830e-01,7.144575513045653414e-01,9.493569322898064433e-01,9.744122259990921631e-01,6.397306143849228466e-01,2.677413625119347551e-01,4.595926425170982488e-01,8.215981435804645683e-01,9.983013055259895019e-01,1.184599266561131570e-01,4.054012455329612519e-01,5.344879660911118213e-01,3.211051981462164640e-01,4.423107536342680834e-01,5.699717841474734037e-01,3.131311517943968781e-01,2.601760654630296266e-01,2.481397051298774581e-01,7.063523768761462707e-01,4.301954782339433292e-01,9.642419296366435688e-01,2.681543051428141866e-01,9.487852769940363640e-01
6.612173170022878077e-01,7.150852332676618239e-01,7.073208881878705334e-01,2.846884279433807841e-01,8.704074413844158364e-01,7.215977488937875828e-01,7.636510144696166957e-01,7.835542062621090320e-01,9.365807813690801842e-01,8.706215641384458248e-01,4.450027859215160420e-01,1.102202157975859659e-01,6.171321297813435747e-01,7.506311969904202464e-01,9.171574825015355037e-01,7.638460922353668137e-01,0.000000000000000000e+00,7.438120350031385275e-01,7.222785218815556130e-01,6.086140576856694517e-01,4.651268420512043034e-01,9.994317372296056545e-01,5.959739307619633664e-01,6.047337694690749776e-01,6.650015101120708705e-01,3.935990620778950788e-01,6.274379698074081801e-01,5.168267783436375495e-01,7.031350608151791803e-01,2.985242569034165724e-02,5.543805185389415469e-01,7.891027898467710688e-01,5.083122990222156412e-01,8.812233956696224890e-01,7.320218651868273252e-01,5.566355573941497159e-01,3.995136573680576619e-01,3.391092836324156590e-01,5.114584151743819529e-01,8.226589030330918595e-01,4.518740523929488107e-01,3.124652972921053706e-01,5.528287023183307003e-01,4.199611944766779570e-01,9.243561603258415582e-01,6.114582815476129474e-01,6.681573897621978508e-01,9.394899428639292838e-01,6.492901523931899899e-01,7.428256554896914832e-01,7.430522078352623794e-01,9.064193328534011496e-01,8.633863379677634287e-01,4.514679545530863591e-01,6.618473981243796489e-01,7.198933607073837448e-01,6.152689708427678816e-01,7.203108420591610717e-01,1.287742605343874247e-01,7.980617550556509121e-01,4.460550196796291833e-01,6.549646491800256154e-01,9.766591487742438682e-01,7.112425766135815897e-01,6.327906191389139900e-01,3.806784528032620685e-01,4.956391820415940175e-01,9.530466800548706985e-01,4.291115243611945407e-01,2.073726932512891530e-01,6.588753793658828073e-01,6.628478028277671186e-01,3.587125568124449604e-01,8.126508566179563298e-02,2.805550926595115277e-02,9.127061576191480841e-01,8.799293923277693441e-01,8.922598445194611649e-01,3.085338297222493531e-01,8.547360882010263117e-02,5.249643127998060432e-01,6.325852731641774529e-01,4.433313526439078278e-01,6.283137400973479725e-01,7.025012681585109942e-01
7.479409911679767431e-01,6.072392450507432260e-01,8.708527008491477872e-01,7.139146363285557850e-01,3.459032856003838585e-01,7.633655811402255686e-01,4.438162747374656547e-01,7.296889635762051629e-01,4.736495943633282080e-01,7.531763176613941457e-01,6.610178580971012297e-01,5.148862214463499898e-01,6.277719165994943840e-01,6.560929110005516707e-01,6.374357219137035679e-01,9.858967280596789839e-01,7.438120350031385275e-01,0.000000000000000000e+00,5.307040670145722894e-01,6.130658138842853822e-01,8.505827796012370712e-01,2.327665893822966348e-01,5.588855569187218819e-01,7.767881743494193802e-01,8.200314854156348643e-01,7.211726057651758337e-01,7.301263996530633626e-01,7.264663499023060744e-01,6.606005411710476338e-02,5.276131539550217298e-01,4.782723319573769505e-01,8.822151011224044215e-01,3.742243848477421198e-01,6.952885143890075170e-01,4.665434868488461673e-01,4.219367389118129363e-01,5.951942819672078056e-01,6.409668532643255645e-01,6.863306642503224086e-01,7.485162557043822940e-01,-1.374715139195828995e-01,5.852309247430982353e-01,7.187107485630528370e-01,3.050592038630648983e-01,9.142523227240716421e-01,9.077976708222739166e-01,7.847582534254901043e-01,4.725013359178151795e-01,5.953705446547168378e-01,4.519304599779731535e-01,3.878203866812660605e-01,6.212806670044838109e-01,7.714144259474721155e-01,3.673511522892539127e-01,7.802307028128032673e-01,7.097361783879301278e-01,4.432765262190858646e-01,5.488435890009613072e-01,4.409538447027985808e-01,5.868659827789715067e-01,5.799501711718818564e-01,5.460024510502129447e-01,4.089594733024934925e-01,6.672797316829184311e-01,6.976774730425081561e-01,8.010855197313335729e-01,6.836839837227847161e-01,3.630136906355563853e-01,3.395299737943038298e-01,7.039470587383367395e-01,7.964723513088041162e-01,-2.697707205931551555e-02,7.044840935750933397e-01,6.500174792746962749e-02,2.891535662731380962e-01,9.276659115292558155e-01,9.653860838362442465e-01,2.325656113119965174e-01,4.222694517155015093e-02,2.052373474982370216e-01,6.258293212736887323e-01,9.284218191328414971e-01,4.626441014163530929e-01,1.728982991248025902e-01,6.648896998966664640e-01
