0.000000000000000000e+00,9.873156397464690759e-01,7.120250623727208961e-01,7.307050542111530600e-01,7.705841896831723270e-01,8.600909369932152604e-01,4.072062837846082695e-01,6.342514508237221404e-01,5.725414077744646058e-01,6.042957102119558277e-01,6.557972304600664382e-01,6.906468429878739324e-01,7.612806893228311056e-01,7.351609374575185374e-01,8.116809704127856406e-01,7.180418652921914946e-01,7.945783984542515999e-01,7.890944503515203712e-01,9.937685090939769594e-01,5.844132861697828307e-01,9.544261206872975967e-01,6.324194188750190682e-01,3.960819409394869539e-01,7.072819631022446707e-01,7.303181240635338023e-01,6.814177083927659417e-01,5.545058015841091148e-01,4.192624875324220124e-01,4.026019152289356806e-01,7.844796456266451834e-01,2.167889819213541513e-01,3.268276675732353920e-01,6.449517474491616165e-01,6.268847418040557340e-01,3.486504994745222019e-01,3.864626093793024353e-01,3.895244848492044332e-01,6.381136548420335286e-01,4.572778410130134974e-01,5.029117798642269710e-01,1.997474245607980814e-01,6.687528674526065364e-01,7.318230599903985389e-01,8.546284181285664916e-01,4.034974892574492156e-01,6.961006836389364016e-01,6.932806233791445338e-01,6.034138886482518505e-01,7.252258867797266584e-01,9.654345607081031844e-01,5.058241301600231443e-01,8.138958404744159880e-01,8.489873497290600923e-01,9.574388642722203580e-01,7.354303708131014750e-01,6.756985852536561143e-01,5.344885014258501377e-01,8.310106046313522343e-01,5.867065340674335605e-01,3.890029976492678232e-01,3.966354926905126810e-01,3.205439811370837666e-01,8.463300836727337684e-01,4.547901223494945078e-01,8.215293952305703362e-01,9.634196381926798392e-01,6.075136609852140879e-01,9.810681677102384146e-01,9.028841263632252367e-01,6.120616454987383159e-01,9.528379130107894612e-01,7.672309989092956917e-01,6.699580156274165255e-01,4.287703198480898870e-01,7.035709797780723695e-01,2.266115819270216325e-01,7.617393120464801548e-01,7.927405176417381405e-01,3.739201256511305305e-01,-1.073999804259576363e-01,8.183969927674595857e-01,8.969459761103059092e-01,6.480569891451624098e-01,7.191739226995428336e-01,8.342397158484815556e-01
9.873156397464690759e-01,0.000000000000000000e+00,7.422250210875831478e-01,9.749271377862076537e-01,6.343910499076634846e-01,9.135302404414825661e-01,1.752847168577453818e-01,8.428053511178404955e-01,6.431082989747222145e-01,7.912514133162886765e-01,6.339730824101236228e-01,7.030536875566760768e-01,7.108069277946341691e-01,7.129588746249299058e-01,7.979987372418760883e-01,6.015547043706910291e-01,2.891834855800214932e-01,2.839775043575122893e-01,2.597776423447113736e-02,9.548244260738580902e-01,9.657393256546039639e-01,7.114918964706524740e-01,3.721895750987704865e-01,9.571330319414725896e-01,2.520973494602617437e-01,8.272631321851968700e-01,9.565321691961023998e-01,4.067108970912315935e-01,4.904439277430795441e-01,5.998426159151171166e-02,3.653870536157832749e-02,5.010412998796781592e-01,3.071340624184258905e-01,4.511540281494885729e-01,5.942850067481468823e-01,4.348162520482863336e-01,4.702050117015671438e-01,4.479926274095087924e-01,4.520627469736520077e-01,7.511629606467425946e-01,5.786597472650705232e-01,8.683306569957671694e-01,3.116820056166649255e-01,1.280644573733953455e-02,6.607042762542860714e-01,4.651187880899323446e-01,1.925478658462854431e-01,3.592045700767498850e-02,6.925174840587031699e-01,6.125294575460979996e-01,2.530002230186926826e-01,-1.914488606165441753e-01,4.471883152189604638e-01,2.109674105376500020e-01,-3.263249741333722476e-01,3.644384073797273249e-01,4.357675953173774097e-01,4.157374847773044890e-01,7.086057728264975042e-01,2.286719899383510279e-01,4.948972355963618952e-01,7.274385892254684460e-01,7.225964838657643607e-01,5.444720529528315200e-01,3.785901983964613526e-01,8.913849803633472346e-02,4.701941694065570609e-01,9.139817148451522266e-01,5.145938293827192478e-01,4.056017802401749028e-01,7.952181147456056642e-01,6.997337049089780159e-01,4.305729301908553519e-01,3.665442161566933033e-01,4.339665673782721056e-01,8.473361473432469149e-01,7.597073476889270038e-01,5.017154763562856612e-01,6.401403716486783191e-01,3.928524769823178997e-01,5.692886448383049913e-01,7.412837839743926516e-01,6.101994760868225676e-01,2.231395324237905320e-01,5.757665315091075042e-01
7.120250623727208961e-01,7.422250210875831478e-01,0.000000000000000000e+00,6.440184826098132032e-01,9.629643775457408239e-01,7.189628740276767793e-01,9.644953309727071211e-01,6.310829588404132107e-01,6.408450283646781598e-01,6.281085621472228819e-01,7.558644344725640174e-01,8.077006061837685991e-01,7.590734456395117347e-01,2.472195627261002671e-01,7.952149547307962862e-01,6.778460573369586850e-01,9.945041076015246340e-01,7.111116775698533843e-01,7.660228645882741771e-01,9.559849484426888866e-01,2.955242354937551719e-01,7.062759580818489535e-01,9.895231768664085603e-01,8.952090631886202576e-01,9.521537833462760947e-01,9.429920993844533861e-01,7.982787446398494913e-01,7.894786687867466624e-01,3.648356347373557518e-01,5.253480158581981252e-01,4.511039240430050890e-01,7.134913175409557384e-01,7.212046640468967595e-01,8.960530252919806093e-01,6.743458290258210752e-01,5.577924945588058625e-01,3.999092238627043883e-01,5.857605580699565273e-01,5.147431955517677293e-01,4.362947936572078578e-01,3.799328025959761712e-01,8.620700226939626010e-01,6.299103953559308522e-01,4.602401716430210010e-01,7.477622043566474197e-01,9.595230957242401049e-01,4.988988410782072003e-01,9.345540727488728105e-01,8.133644150927834549e-01,6.413820592190702108e-01,5.790597728544364386e-01,4.667791339531019990e-01,9.221560520463094601e-01,6.693941813962906995e-01,5.869049517320146236e-01,7.884303076457130910e-01,8.502628681244988051e-01,1.536425734815614202e-02,8.642706314053921757e-01,4.344254628399033535e-01,5.799306654035265574e-01,7.247211880116729565e-01,7.711079045780723229e-01,9.942940657420968886e-01,6.303269707787385601e-01,6.831425679545020113e-01,9.181225751605903707e-01,7.887188201053285663e-01,9.181364006762743335e-01,1.424997518682780684e-01,6.333531704721349076e-01,9.704483780900533541e-01,2.658756199922170382e-01,2.274145619628277215e-01,6.494908881586787253e-01,9.867556505843075865e-01,6.714834150039241667e-01,4.940685656731473863e-01,1.733247700059310434e-02,2.278963425212003902e-01,9.961837787774819875e-01,9.137645196292529803e-01,8.142548471120836240e-01,9.885199931487119729e-01,1.628931394696336854e-01
7.307050542111530600e-01,9.749271377862076537e-01,6.440184826098132032e-01,0.000000000000000000e+00,6.558447236211979448e-01,6.655798693941645805e-01,7.061010663951359234e-01,7.232694918785094185e-01,6.171180115443644087e-01,7.034501943330858653e-01,9.259477995102107784e-01,3.573012778111206433e-01,6.975992062917418801e-01,5.367545014045771966e-03,6.134636543796774255e-01,8.026059563550390630e-01,4.629415037594348803e-01,6.109174087757617277e-01,4.090765089434749702e-01,4.339095889023215080e-01,9.866647465174211984e-01,7.259233190879985642e-01,4.392932370321034341e-01,5.867809304239185453e-01,4.268298007536612815e-01,4.787971151553217508e-01,8.178303399280131281e-01,3.595847205647088041e-01,5.360455336510695501e-01,5.899275949124107576e-01,1.843130906865878271e-01,6.724534388433001109e-01,7.424671912516855876e-01,4.238614875589001296e-01,6.241366720043176608e-01,5.330792744224741586e-01,2.240649904214288557e-01,8.156526624399049741e-01,6.069471946817789343e-01,7.182278687144941776e-01,7.810471218791461556e-01,3.237733300023013516e-01,6.522384317472065263e-01,3.706384065231764224e-01,7.143740579527532164e-01,9.851520679212557585e-01,5.340728172776468829e-01,2.737156378344354213e-01,5.351168604251057559e-01,7.353580193491084938e-01,5.287608410646778001e-01,5.820299743756711663e-01,4.793188990542408545e-01,4.584915817673025362e-01,8.268771250847459786e-01,5.570011803707770603e-01,7.550382462827462948e-01,7.294315799525348254e-01,8.311038080855661647e-01,2.268228614191847292e-01,5.126837297408827210e-01,5.433671645200165434e-01,3.365624624074858851e-01,5.853989107230392896e-01,9.494090506344661229e-01,5.236783479934832286e-01,5.678436290620693105e-01,7.257905467980395597e-01,3.662222774127807945e-01,7.379603243748148467e-01,7.507767378599434771e-01,4.094621277000333737e-01,8.663686323989963634e-02,4.212907118873294166e-01,3.167235924679501213e-01,9.791179939047588432e-01,2.909376299703801960e-01,7.141241097791980463e-01,7.582319594909076033e-01,4.355744009697194441e-01,6.288279692467809712e-01,7.302528542978503623e-01,5.871455490615392625e-01,5.139462146768309925e-01,9.687062630779592620e-01
7.705841896831723270e-01,6.343910499076634846e-01,9.629643775457408239e-01,6.558447236211979448e-01,0.000000000000000000e+00,9.451001341580254067e-01,4.595639611528602453e-01,8.193441987782394964e-01,4.639246892457455362e-01,5.918309201605536085e-01,4.401192499685074866e-01,4.780278553934745323e-01,4.834481822063257384e-01,4.678257153459818296e-01,6.942107222168064640e-01,2.132771516006476964e-01,8.922123602834842737e-01,6.835808588398031294e-01,8.257037096407767729e-01,9.503345773525193607e-01,2.888132423101953949e-01,8.752071656836099001e-01,4.235098021623592834e-01,7.288604862218042157e-01,4.398814276141252977e-01,2.620803453406238548e-01,7.101503676940753573e-01,6.341638563801279549e-01,4.229413777184439227e-01,3.223102962532337634e-01,7.785797986636483481e-02,5.110367495783177949e-01,7.563696400773038953e-01,7.586370542067971678e-01,5.200393650870600570e-01,2.674825660579061015e-01,8.512669285888230242e-02,4.461194787370934556e-01,8.635178334072644013e-01,2.129389999385588594e-01,6.709032940947201595e-01,7.920610483624253018e-01,6.447856844798824927e-01,8.492581083520095442e-01,6.309817938473412380e-02,7.352056672211897403e-01,4.735147982967785052e-01,7.166043374669939237e-01,3.632364654255336722e-01,6.677393915976052030e-01,5.044671266619562555e-01,9.696578061189982112e-01,9.273193299443798221e-01,2.051306264364037291e-01,8.656196422727708839e-01,5.570397159611354398e-01,6.516033985983883392e-01,2.746962359394314879e-01,6.747702120872705045e-01,4.178114289230105971e-01,3.096127650224440031e-01,3.712181240644306657e-01,8.088962242699495597e-01,5.171662308045457124e-01,8.556659006476311502e-01,2.787322741301132001e-01,7.259641040825858260e-01,6.296847954741326969e-01,-1.810016406878966477e-01,7.702687684295722592e-01,1.669936072272661942e-01,2.301364085706283924e-01,3.426737585306394163e-01,6.732528618293841527e-01,4.012356689327458148e-01,7.656561940247085252e-01,7.046981895966659692e-01,4.546226413046599579e-01,-1.672481067608999616e-02,4.129278384490722709e-02,4.565963037682583825e-01,6.388205176498529259e-01,7.641097621059298461e-01,4.396488427467316606e-01,4.591099143534991822e-01
8.600909369932152604e-01,9.135302404414825661e-01,7.189628740276767793e-01,6.655798693941645805e-01,9.451001341580254067e-01,0.000000000000000000e+00,3.405401304966875209e-01,6.532608825751565762e-01,4.008672856954267338e-01,4.937281133170198233e-01,5.561809069704186648e-01,7.547391768309261728e-01,6.075898344365098236e-01,7.932105667685961370e-01,7.813301551131324185e-01,5.283104434634622315e-01,4.025884529540097456e-01,7.037418589041113393e-01,7.529903778424399396e-01,7.129692667846300180e-01,7.050294957772351712e-01,2.962579587283867832e-01,6.459573121298606280e-01,8.977763196606495244e-01,2.509385746203174339e-01,4.140208830210572732e-01,8.510745609961201108e-01,9.686952274143784125e-02,3.430353486314928757e-01,4.505752722849063474e-01,5.601367197646829332e-01,4.224184510440643359e-01,6.694616688233837598e-01,8.146018579083580402e-01,7.349575025345740364e-01,2.063414005539356000e-01,5.185671349327682922e-01,5.296899534526237074e-01,6.236935456377816767e-01,4.132178974418984629e-01,3.828964571029485064e-01,4.282737318552913286e-01,6.920057333568867541e-01,5.580188404890854548e-01,9.872324236373704043e-01,5.999628234321094933e-01,6.061006474977562730e-01,6.053292428994018204e-01,4.092560065098840294e-01,3.774048815447275662e-01,5.989001347450076951e-01,8.193535646596276090e-01,9.564329938344293680e-01,6.816806688578702644e-01,9.969231298730492075e-01,8.323135301945294717e-01,5.708658742968313327e-01,4.120209387451800875e-01,6.643157084726618589e-01,-1.148663145295734517e-01,4.434107922280699499e-01,5.525234735329650482e-01,7.358264030774029907e-01,9.731075056926462574e-01,6.752040979070688120e-01,4.922531519686616508e-01,6.485752392182826398e-01,7.430770771221985038e-01,6.783641623345419980e-01,4.302492560753357620e-01,8.777699950357553682e-01,7.915698973065827815e-01,6.707895690660345966e-01,2.718656641555034503e-01,6.411038760866960562e-01,7.943581391942770020e-01,4.163077457381617608e-01,4.502128742684755602e-01,3.194960864705691517e-01,-8.412881274424600930e-02,4.650119793674934998e-01,7.948301949659981602e-01,5.043793220543176803e-01,5.060381741642186459e-02,7.167795387058799594e-01
4.072062837846082695e-01,1.752847168577453818e-01,9.644953309727071211e-01,7.061010663951359234e-01,4.595639611528602453e-01,3.405401304966875209e-01,0.000000000000000000e+00,6.955015442228490441e-01,2.236911414712220991e-01,5.645062444749737729e-01,4.680582034245037160e-01,7.818626020846246583e-01,5.423319473070863372e-01,1.782687427423102766e-01,4.052705381320360067e-01,3.719745303167496520e-01,8.099512241236971333e-01,2.386141330329474008e-01,4.238838234840272556e-01,9.043192985520304150e-01,9.967994651813052442e-01,1.161326541471000423e-01,4.620727163662184389e-01,6.028423732625015630e-01,7.801677153751584992e-01,5.925125037079088663e-01,6.385231830277744436e-01,6.410062599362614799e-01,4.536859349377231898e-01,7.443649445295578149e-01,4.198221009541421300e-01,3.498210887261428148e-01,7.800068240241236905e-01,5.056660782565308709e-01,5.387685114878576487e-01,7.027269998113243599e-01,4.496862251030418062e-02,6.697766305565129308e-01,6.900413979335180414e-01,5.769724577705249713e-01,5.200345699423537527e-01,6.866749465495335381e-01,3.453532330675349593e-01,9.102245958018795324e-01,9.575262720985007192e-01,6.305426750507290290e-01,6.295436459378997984e-01,7.614392207751009556e-01,3.256999220821992225e-01,4.977962486163544642e-01,2.412847930702420873e-01,3.086100034985109208e-01,2.257835707862222985e-01,7.314908680540547214e-01,2.827491683837023428e-01,2.966964465116975758e-01,6.989465362671343218e-01,2.715242719420405404e-01,8.022214802507642295e-01,2.224905342610069003e-01,6.306052840939526671e-01,4.792291409800744639e-01,4.743549452794929566e-01,9.556585398788985941e-01,2.856860017298414323e-01,5.431582153251689471e-01,8.117693985160228110e-01,9.026385716567536521e-01,7.955969232022295223e-01,5.642811545106084514e-01,4.954994841145386464e-01,9.178531262854324746e-01,2.870695228883708428e-01,4.524332319371729416e-01,7.824322690731163599e-01,4.393376476976273981e-01,5.032711607835013146e-01,7.839780459698461046e-01,5.306406186031045191e-01,2.798851594724780512e-01,3.169542725221397572e-01,4.823629959909158660e-01,6.453153950375367653e-01,5.143069687369414833e-01,4.209539141567089082e-01
6.342514508237221404e-01,8.428053511178404955e-01,6.310829588404132107e-01,7.232694918785094185e-01,8.193441987782394964e-01,6.532608825751565762e-01,6.955015442228490441e-01,0.000000000000000000e+00,4.562711473410519525e-01,3.317200701953125219e-01,7.169893289185330643e-01,4.671877875211106201e-01,3.023763479338915094e-01,8.937267081144829595e-01,5.261637314055451764e-01,7.124057621333597101e-01,4.858743256673443978e-01,5.913915532335831671e-01,5.275863741119437567e-01,6.753123261888080986e-01,5.589657136613306321e-01,5.386756213506621593e-01,4.950297206344786427e-01,2.920247491918723792e-01,6.772451014612632658e-01,5.731661950621509405e-01,6.593765845890561250e-01,8.880832731490587717e-01,4.224809815242661082e-01,3.833444849803155918e-01,9.912691207401776172e-02,3.707831179999825921e-01,5.675996440230539619e-01,6.959491795996812780e-01,5.683631295380875414e-01,-1.182040445832777120e-02,2.128706156274791650e-01,9.681090674881404068e-01,7.383723113862444842e-01,5.822296565153352033e-01,4.182891001339319459e-01,6.537774101083042577e-01,5.735686692014131394e-01,5.900375007586483589e-01,7.603677895379046259e-01,9.012462383000652277e-01,6.265415603808160983e-01,5.275260195805382413e-01,2.534414055971514479e-01,7.806561738599069322e-01,5.024710671463707978e-01,4.727937751667492527e-01,4.378963394312655466e-01,5.494535486439318106e-01,7.595778415039216025e-01,7.169635627443586845e-01,5.846256466156815046e-01,3.516667054161612960e-01,9.990616410747255038e-01,4.988040610755313242e-01,5.468541141941900552e-01,6.642278374716535927e-01,9.236339285424802759e-01,8.729963155621279780e-01,4.140042544364159749e-01,4.871135797965936431e-01,2.068657966390890501e-01,8.866735349245846720e-01,7.621059892923175427e-01,5.775081590450470426e-01,6.264968430860804460e-01,4.855213252624086540e-01,6.602948760613810419e-01,1.930022322636197885e-01,-1.740777048687479345e-01,5.351273700303826875e-01,3.847749370095062682e-01,9.794393368575864400e-01,3.679318744439143973e-01,5.370053161885665061e-01,6.339700773710502668e-01,7.748887799500634443e-01,2.484020322805076120e-01,5.269193227943075319e-01,1.313050831347874758e-01
5.725414077744646058e-01,6.431082989747222145e-01,6.408450283646781598e-01,6.171180115443644087e-01,4.639246892457455362e-01,4.008672856954267338e-01,2.236911414712220991e-01,4.562711473410519525e-01,0.000000000000000000e+00,7.575509878582358247e-01,6.635226160382712290e-01,7.997683913175550607e-01,8.601921441247396549e-01,9.499558075854579453e-01,5.084176014176631231e-01,2.353140237342060126e-01,8.459714069139838699e-01,6.531972619646990719e-01,3.383084206967381102e-01,5.435574383845316326e-01,9.043090029083378223e-01,3.483351151891418418e-01,8.106223037511562923e-01,6.189656653555352106e-01,6.599680026356015139e-01,3.725234164852462282e-01,6.437727343058898821e-01,6.783607539576315126e-01,2.663794755197113062e-01,-3.174458871848467867e-01,4.870399040896477016e-01,4.967540159910097675e-01,3.746275147828224683e-01,2.477829147705567781e-01,7.133486156481289031e-01,9.489753903848964500e-03,5.920838251269331387e-01,7.509074874000631894e-02,2.796020694456831102e-01,6.173502601918842148e-01,7.026165533454750145e-01,7.531342742711029103e-01,5.590324271706900161e-01,9.857811897908164145e-01,8.522604152743102901e-01,9.385926548544378800e-01,5.848722460679626201e-01,6.521983180107644440e-01,3.961216929323558844e-01,3.889452887984679030e-01,5.939010838729271713e-01,5.327981083834876230e-01,7.423337974440071818e-01,5.562547531487601615e-01,4.921863621866900407e-01,4.054791628565375672e-01,7.859979303869071288e-01,6.448655122718218724e-01,6.116901583332819969e-01,2.335839301132591750e-01,7.647010093263378883e-01,6.517878164652060047e-01,4.870842920967077827e-01,2.382823534601211379e-01,9.944051040234371808e-01,2.612791395877778200e-01,7.897023712807456075e-01,7.953280957393147332e-01,3.340748270027908973e-01,7.480307281912917938e-01,6.996893194834536978e-01,5.885144017350878443e-01,2.426193763688878624e-01,5.400280087426350129e-01,3.719645521223597373e-01,4.365879036931879509e-01,8.995740513431532692e-01,7.127074154664688743e-01,3.901747389790580223e-01,3.596623618314979121e-01,-1.880198862398815840e-02,6.000917563541880995e-01,9.708140094811341658e-01,4.757851698340289093e-01,6.647203060456896573e-01
6.042957102119558277e-01,7.912514133162886765e-01,6.281085621472228819e-01,7.034501943330858653e-01,5.918309201605536085e-01,4.937281133170198233e-01,5.645062444749737729e-01,3.317200701953125219e-01,7.575509878582358247e-01,0.000000000000000000e+00,4.494798599739638356e-01,6.174108130953196438e-01,6.330551454052099070e-01,4.444678089440108892e-01,6.276560341742899451e-01,7.424062653385183896e-01,7.430343037030646691e-01,3.207932803473992345e-01,7.861425092437919204e-01,9.895129836985104843e-01,4.550495614471035677e-01,6.604554998626046558e-01,5.661637880398543432e-01,4.991731969573811045e-01,5.490681651685000997e-01,7.463711127704311110e-01,7.507603146972288144e-01,1.647265811692767423e-01,3.408063233258811220e-01,-1.020276089867133834e-01,3.856818777894124306e-01,4.484600277556927694e-01,4.932490861010090377e-01,2.697102675049138920e-01,4.869566870819578286e-01,1.153367675895723005e-01,2.878145330890026221e-01,2.685645634342847532e-01,6.845324736076734418e-01,-4.263574577872197846e-02,-2.738455542009727850e-01,8.820275428183411703e-01,6.761501955397009045e-02,2.325199889370701267e-01,6.490297546916007354e-01,7.041571262017078947e-01,6.418665399018773643e-01,5.568062666840207786e-01,4.186201286509511066e-01,6.942658294037882261e-01,9.949062378454352762e-02,6.489568595501606918e-01,8.608980289462820901e-01,9.737220284587734254e-01,8.835252483874921348e-01,8.335044037303150910e-01,2.887152914225554201e-01,7.940323597024088187e-01,9.301545952641189219e-01,3.894364138957845389e-01,5.621326933195054387e-01,8.032148496189844833e-01,3.242640432116993821e-01,9.530001146821129865e-01,6.204568940774628505e-01,3.161594408989654714e-01,8.420085754834722991e-01,2.138221824792950199e-01,4.838103847609720454e-01,6.153442278776695140e-01,9.561531008242375451e-01,7.032717121101649260e-01,2.151986351435712097e-01,6.324879682012640725e-01,4.816507702256871970e-01,8.265481001599119804e-01,4.828994501771240455e-01,3.666699073154239263e-01,3.538096246392181676e-01,2.821299156952582488e-01,6.367233351688489362e-01,9.358249596884893329e-01,7.723383323177590576e-01,4.775222553994737384e-01,9.774843974338736086e-01
6.557972304600664382e-01,6.339730824101236228e-01,7.558644344725640174e-01,9.259477995102107784e-01,4.401192499685074866e-01,5.561809069704186648e-01,4.680582034245037160e-01,7.169893289185330643e-01,6.635226160382712290e-01,4.494798599739638356e-01,0.000000000000000000e+00,9.049584447905719697e-01,7.883482631871838731e-01,6.351488727781792187e-01,3.691188216559116997e-01,5.222531639254893721e-01,5.472574775158232097e-01,4.850111035939100312e-01,6.466065261234569261e-01,3.086974941047753163e-01,9.533083384230074397e-01,7.893185133972870915e-01,7.970508605034097860e-01,6.174660271569299974e-01,5.896590138191385444e-01,1.561521601522452840e-01,4.313800078606646604e-01,4.621029932589468814e-01,3.140278429155999307e-01,4.328399936248956692e-01,1.393660926176557291e-01,5.534774310072978487e-01,5.006312400450813049e-01,7.837657973621466878e-01,2.395539266308002180e-01,5.218175496754285936e-01,3.200050581012118256e-01,4.277969928649014708e-01,7.211159656679501095e-01,7.694628626336561528e-01,4.816994111142865187e-02,7.583851610431399104e-01,2.680103607851302416e-01,6.383887789538547075e-01,8.422037425485875417e-01,7.928024588202602363e-01,2.378285633364829732e-01,4.579076991098454119e-01,7.178149068858712400e-01,3.003475198440607175e-01,1.515382165761539612e-01,1.461071910935535512e-01,7.549596498504703712e-01,7.461618277802170018e-01,9.245515343372450179e-01,9.411240283315208677e-01,3.102462725083078299e-01,2.296803585489578248e-01,3.626933636974137842e-01,5.324149794695078874e-01,6.735605628332812511e-01,6.428211028156773921e-01,5.481627872692090842e-01,5.214402028279060408e-01,9.708708079053169904e-01,6.044120299134072560e-01,3.404088888801767854e-01,9.722760835916676170e-01,6.718038207729974953e-01,6.437862741804771805e-01,7.308138422339640616e-01,5.765760829407591270e-01,7.611146152749278526e-01,5.474346990276347524e-01,7.072579881361953369e-01,6.547280091115926792e-01,9.227196799920466264e-01,6.738936089254614625e-01,9.619210276177192487e-02,1.120502668828344262e-01,4.077546405341242464e-01,3.514974286346780330e-01,5.334861290169544690e-01,6.505396789495664356e-01,8.373478596706684929e-01
6.906468429878739324e-01,7.030536875566760768e-01,8.077006061837685991e-01,3.573012778111206433e-01,4.780278553934745323e-01,7.547391768309261728e-01,7.818626020846246583e-01,4.671877875211106201e-01,7.997683913175550607e-01,6.174108130953196438e-01,9.049584447905719697e-01,0.000000000000000000e+00,9.147366217107838482e-01,7.162570157388389314e-01,4.145599736853874950e-01,4.230554236167367588e-01,7.627592663975131249e-01,5.475847315732436105e-01,6.617757790093613535e-01,5.789133432076152275e-01,7.627421565585859042e-01,2.996221322771037698e-01,3.391255435607146707e-01,2.207123205517847742e-01,3.670516438921868074e-01,7.131715147418534739e-01,9.823544353095196024e-01,4.495314962723390706e-01,6.109965655768159198e-01,4.998881251348232246e-01,-8.058794154506089547e-02,4.273024150144638100e-01,8.437531259280403040e-01,6.805481917970086503e-01,3.759759581412792651e-01,2.832901729384454947e-01,3.279760182152147152e-01,8.795657836510568650e-01,7.883981045810611876e-01,5.933932712215113092e-01,5.716681232633655796e-01,5.241511908307516787e-01,6.905989684549430629e-01,5.466148370478791652e-01,7.762370551439932154e-01,9.411405166591476634e-01,8.882750155174807816e-01,4.752346091730096922e-01,7.783399280995233482e-01,2.285615348172793104e-01,5.065061628542675276e-01,5.923714076884994961e-01,7.766393859455326121e-01,5.486884955542262743e-01,6.476159186764754994e-01,4.611573810708748944e-01,4.615249673198079106e-01,5.975237822459535941e-01,7.861013418676403575e-01,3.778945044684111076e-01,3.105597187984082685e-01,6.755727713595751638e-01,6.543767130516749964e-01,3.904260696938887665e-01,6.103352668480719334e-01,4.298261299880970498e-01,7.174067011183585807e-01,6.346300671076203770e-01,6.308544932375319547e-01,9.837500220550143837e-01,7.150420000000872189e-01,7.617513930724540971e-01,7.375312298104963471e-01,1.644397401340043363e-01,3.001380957874829614e-01,4.684599976253294717e-01,6.415141877251874236e-01,-1.658734696958140131e-01,3.816061116028005018e-01,3.187391634277327301e-01,4.132380295086771627e-01,5.151326590568796604e-01,8.773061254473113468e-01,5.579592442975533917e-01,2.773653757059746927e-01
7.612806893228311056e-01,7.108069277946341691e-01,7.590734456395117347e-01,6.975992062917418801e-01,4.834481822063257384e-01,6.075898344365098236e-01,5.423319473070863372e-01,3.023763479338915094e-01,8.601921441247396549e-01,6.330551454052099070e-01,7.883482631871838731e-01,9.147366217107838482e-01,0.000000000000000000e+00,4.072672315259935893e-01,6.113519018621074164e-01,9.067819988966118183e-01,8.948028438242277005e-01,7.108742319633886142e-01,6.271488886287129860e-01,8.607623891461070320e-01,7.228061803321580436e-01,7.268728068164213019e-01,4.153675682432616534e-01,7.437325525496727430e-01,1.877915617600552367e-01,9.725799091806094365e-01,6.408170713161375209e-01,7.223179477129995085e-01,2.273294377840843761e-01,7.965122150250876498e-02,4.131054980953505762e-01,5.339628451629765404e-01,6.962075127682280096e-01,7.851945481242178504e-01,7.446377752171569053e-01,2.116818791254778953e-01,3.064815419364321988e-02,4.214017744320320280e-01,8.723545462170025910e-01,6.946756094494498379e-01,2.849434831710299654e-01,4.947483894981453689e-01,9.502070121202963460e-01,4.167538420707656011e-01,8.916344363190199518e-01,7.670188790532301848e-01,6.902046959143232074e-01,5.226381987502297655e-01,6.848188178877995247e-01,2.008509828513313222e-01,4.465795340541972580e-01,4.957924625298193444e-01,2.181760833867338045e-01,6.652702828106722421e-01,7.676194191619198914e-01,5.274470380908183875e-01,9.517302711109310032e-01,7.829083824876539310e-01,9.995673541084009184e-01,4.590247363431682048e-01,4.739600579548863268e-01,7.369817171339997364e-01,7.644050704370584093e-01,9.360978439307110488e-01,7.237233558024519509e-01,6.636459453318717117e-01,5.368765085007823901e-01,8.475200179634495568e-01,4.348145755367638365e-01,8.872152978157753500e-01,8.189977075618494196e-01,8.225378214591243520e-01,7.342154910277154389e-01,4.947531982024965802e-01,2.084606078006585039e-01,8.011935195342614335e-01,7.547901665338733190e-01,4.640959830961591259e-01,2.532308869668539186e-01,5.097837356232158834e-01,6.676545660909668500e-01,9.772962868279879700e-01,8.635383446510596084e-01,2.019720648612587099e-01,9.972875590754306518e-01
7.351609374575185374e-01,7.129588746249299058e-01,2.472195627261002671e-01,5.367545014045771966e-03,4.678257153459818296e-01,7.932105667685961370e-01,1.782687427423102766e-01,8.937267081144829595e-01,9.499558075854579453e-01,4.444678089440108892e-01,6.351488727781792187e-01,7.162570157388389314e-01,4.072672315259935893e-01,0.000000000000000000e+00,9.958696393205300756e-01,5.305835907074384350e-01,9.659948302030267886e-01,6.983953229283994535e-01,7.712136699359043446e-01,7.964623901501015624e-01,8.174200521417199772e-01,6.377297723579080646e-01,8.837447243232888772e-01,8.929104062378960815e-01,5.963921377819277891e-01,9.643410995507674111e-01,5.559954091446190905e-01,7.873404273233836070e-01,3.416979041422673058e-01,2.438031551874108027e-01,3.265264804201437054e-01,3.523006189116784648e-01,7.519149483846951920e-01,5.396956097024893095e-01,8.653410296484574937e-01,2.098330572871816291e-02,2.223758809157941330e-01,5.085885913427315996e-01,6.011358052234949678e-01,7.956579070462189707e-01,5.634927661190169967e-01,8.431022482608219182e-01,3.385095284102633273e-01,8.239126732253716501e-01,6.369586582306020484e-01,6.507187182515675739e-01,9.688650191654908372e-01,9.805230570698559855e-01,9.042031310404476940e-01,8.246030533649982841e-01,5.714921129160511759e-01,9.455491715839998701e-01,7.551682685393652505e-01,9.714666626909029823e-01,7.614067935567541134e-01,7.354292783273619349e-01,7.118694589085318158e-01,6.230898593335869595e-01,7.545984816580934007e-01,5.429799301106439380e-01,5.622274295916502851e-01,8.535475542892936307e-01,2.748965272499880319e-01,8.302988226573291275e-01,5.238818023294650184e-01,7.204307792425034274e-01,8.280376923632332131e-01,7.281510012532721454e-01,7.761364124763114880e-01,2.071892608019734738e-01,9.231412619495998895e-01,9.361413342338840149e-01,7.769218193461057131e-01,5.666752962069335764e-01,3.811411223786503877e-01,7.818756937062143475e-01,5.676538632964281961e-01,2.996837689186998555e-01,7.393839798791970175e-01,4.271983764898615865e-01,6.717775585904092184e-01,6.700924406047081838e-01,6.206376214769375732e-01,-1.281068003763372043e-01,8.055372930624643546e-01
8.116809704127856406e-01,7.979987372418760883e-01,7.952149547307962862e-01,6.134636543796774255e-01,6.942107222168064640e-01,7.813301551131324185e-01,4.052705381320360067e-01,5.261637314055451764e-01,5.084176014176631231e-01,6.276560341742899451e-01,3.691188216559116997e-01,4.145599736853874950e-01,6.113519018621074164e-01,9.958696393205300756e-01,0.000000000000000000e+00,7.670583599945821618e-01,9.048007079590411061e-01,4.131826342702117350e-01,7.579821707557456989e-01,6.523308810020600479e-01,7.076113114416596739e-01,3.489713253375436031e-01,4.458493385835315959e-02,7.863704982347485828e-01,3.489890979722581887e-01,6.315160235757969476e-01,3.958901524231608349e-01,6.427527836480670942e-01,7.461273309143119370e-01,4.579987473957712329e-01,9.787905214565095768e-01,4.858091781618589233e-01,6.064961097526728739e-01,6.908882409797969526e-01,3.191871311847727655e-01,2.492755247001239849e-01,2.579197279538948950e-01,2.648475802842099047e-01,5.523636225380939013e-01,6.694699173810226833e-01,4.872437462644926831e-01,3.518843501832696202e-02,4.540459207766461835e-01,2.652024684001358934e-01,9.785275440363720989e-01,6.365469768846000465e-01,2.053438111349804585e-01,5.290536308383655406e-01,1.956699131084566334e-01,3.038296446448220944e-01,6.772344421861857811e-01,8.268274844472038865e-01,5.414517174806812161e-01,9.861968280713552248e-01,6.329196692494396537e-01,9.071739260116281622e-01,7.013391756691631507e-01,6.175257817274327765e-01,9.508497458659125323e-01,5.046732794766559810e-02,2.917594969367642843e-01,6.997050497423559223e-01,6.437033839384552758e-01,9.758071947695677872e-01,1.245992515140421503e-01,5.586509102799489535e-01,7.084750146026251860e-01,9.218540275636891712e-01,6.550717542935732274e-01,6.756721426291631971e-01,4.369147379480398108e-01,1.345894878277638929e-01,1.525534477641808107e-01,8.059877913015944806e-02,3.792606501752809889e-01,4.462563095351214648e-01,7.679685142675356513e-01,6.759703806129682135e-01,5.876083338566796543e-01,5.325180005336527245e-01,7.222616814567854870e-01,6.459502867425798156e-01,2.089923375961946217e-01,3.347643125448999668e-01,7.724403971640496636e-01
7.180418652921914946e-01,6.015547043706910291e-01,6.778460573369586850e-01,8.026059563550390630e-01,2.132771516006476964e-01,5.283104434634622315e-01,3.719745303167496520e-01,7.124057621333597101e-01,2.353140237342060126e-01,7.424062653385183896e-01,5.222531639254893721e-01,4.230554236167367588e-01,9.067819988966118183e-01,5.305835907074384350e-01,7.670583599945821618e-01,0.000000000000000000e+00,8.173012131297566762e-01,1.075023476125158139e-01,3.405047672773774403e-01,9.722305107805944147e-01,8.281549559048460019e-01,6.418664640283555656e-01,6.708387690535750902e-01,8.966498622392782281e-01,9.318193046488527642e-01,7.293402036818330547e-01,9.629415171992776745e-01,6.765610021151217124e-01,3.143118820336918140e-01,8.383261978650012602e-02,3.933860230704903094e-01,7.710824534761433480e-01,4.392840062189234396e-01,4.249687643704611051e-01,3.132533703990035834e-01,5.839711681643180441e-01,5.575074085893380049e-01,2.007955704493132321e-01,7.389501105601957720e-01,7.190388891038266284e-01,5.032411012280741947e-01,3.880141565991325203e-01,5.159872941294444404e-01,6.408396615569047494e-01,9.157583583723245546e-01,5.507936208335042494e-01,6.693810108695731342e-01,5.374493187901931979e-01,5.639070954659034518e-01,3.287432650160464903e-02,4.969778959166451515e-01,6.485743200803072428e-01,1.545203544855663358e-01,-1.733904331341924454e-01,7.875042577818409661e-01,9.192110980769370165e-01,8.254233973290974191e-01,5.908775963746870641e-01,7.395259578796653521e-01,8.010015217582125424e-02,4.639783480725915288e-01,6.784182551472917044e-01,4.435414914104350292e-01,2.784354524323185975e-01,7.342837778813257055e-01,7.846597037239355643e-01,6.006441200095670174e-01,7.733113707016181504e-01,5.948985909222697099e-01,1.182651529550786534e-01,6.124255971168593993e-01,4.524152403694421398e-01,5.872997239470550968e-01,1.859842872118727675e-01,6.559341777004384921e-01,-2.242754247579283877e-01,3.167698904328362097e-01,3.254315579993904417e-01,5.384345778422052753e-01,4.158171788050610829e-01,4.841034915469377697e-02,4.879305821470842353e-01,8.225308014147183489e-01,9.512503084340844239e-01,2.249480194236527786e-01
7.945783984542515999e-01,2.891834855800214932e-01,9.945041076015246340e-01,4.629415037594348803e-01,8.922123602834842737e-01,4.025884529540097456e-01,8.099512241236971333e-01,4.858743256673443978e-01,8.459714069139838699e-01,7.430343037030646691e-01,5.472574775158232097e-01,7.627592663975131249e-01,8.948028438242277005e-01,9.659948302030267886e-01,9.048007079590411061e-01,8.173012131297566762e-01,0.000000000000000000e+00,3.261722411814736988e-01,3.313277096712889946e-01,6.317260730953816461e-01,6.866787863956951288e-01,4.551842053166476609e-01,2.851244598279791265e-01,7.401616816272664767e-01,5.676671259602986686e-01,2.514185293741133531e-01,7.820991030408692701e-01,7.692949907539514687e-01,5.363257255167190873e-01,5.570281076581885538e-01,1.796348694634872928e-02,6.114806573090871833e-01,6.046022412598789364e-01,9.866925204672736260e-01,9.797715126891854975e-01,4.836459127379777456e-01,5.509991775347398146e-01,6.155592532370193215e-01,-2.121856363939960133e-01,6.548052939064381572e-01,7.204266039285573964e-01,9.914600081103033258e-01,7.928664198625483550e-01,6.325076312318727023e-01,6.003594812468766584e-01,6.555448214033845478e-01,8.248628427814643782e-01,4.356724837415590912e-01,6.907687555003669821e-01,4.119225794733432644e-01,9.469509353308960264e-01,6.615324203733393693e-01,6.624140865232726050e-01,8.157381228269232620e-01,6.527202713193837047e-01,7.404011337096763068e-01,6.209240864129329518e-01,7.282522020768268378e-01,8.135565658092497321e-02,4.546223956683745349e-01,6.565747490314345347e-01,9.220410434775305752e-01,8.773250458876065139e-01,7.904915930105096411e-01,8.246262583515452382e-01,6.833855927929772811e-01,7.164525144860421912e-01,5.581946607757506396e-01,1.591473322305738958e-01,6.259312858849498395e-01,5.875441321622609792e-01,3.037546341419580798e-01,5.040361536081763294e-01,5.012294526996309285e-01,6.553909059992315544e-01,6.563896668103617049e-01,9.719125810253295139e-01,6.428389690628609765e-01,5.110455955988980614e-01,5.803479705678760148e-01,4.400398443048786357e-01,6.844840070381803532e-01,8.188868337763823835e-01,7.115788043933309048e-02,6.517595075287332396e-01
7.890944503515203712e-01,2.839775043575122893e-01,7.111116775698533843e-01,6.109174087757617277e-01,6.835808588398031294e-01,7.037418589041113393e-01,2.386141330329474008e-01,5.913915532335831671e-01,6.531972619646990719e-01,3.207932803473992345e-01,4.850111035939100312e-01,5.475847315732436105e-01,7.108742319633886142e-01,6.983953229283994535e-01,4.131826342702117350e-01,1.075023476125158139e-01,3.261722411814736988e-01,0.000000000000000000e+00,8.645895880374562248e-01,6.809313062382410520e-01,9.879680527337121321e-01,4.882705839087160271e-01,2.446898793986082843e-01,8.975949951606175814e-01,7.709835369382178616e-02,8.300944980744696666e-01,6.257437621558884500e-01,3.104781070516534625e-01,5.914296970312120649e-01,6.797911369966163075e-01,4.120557758572412910e-01,5.235549072635786727e-01,3.401919780697135187e-01,5.433589972954644409e-01,3.251540882897115958e-01,2.225902648000230855e-01,2.138645245820243179e-01,2.299949855829537815e-01,9.713695090163526613e-01,8.583207672393866616e-01,2.530523771255958065e-01,7.106726656465937042e-01,7.225226451752309043e-01,7.080211558792540716e-01,9.879056648195023715e-01,7.574080279693218287e-01,3.568275026265703143e-01,8.382136644181896745e-01,6.300628797188873031e-01,4.634212797230780057e-01,4.425397715190325099e-01,4.359978453055139425e-01,8.768293888304394823e-01,3.533333798664516356e-01,4.367848767781285502e-01,-8.234188333460847053e-02,6.979793481703646663e-01,5.501458432540160537e-01,9.312640631166226868e-01,-8.662409511851491828e-02,1.291563575739042569e-01,6.347343568587301421e-01,6.689312910600779816e-01,9.071868417983313115e-01,6.482764356018302365e-01,6.946095517038395339e-01,6.360995221163801006e-01,8.785421482263404691e-01,2.381571936721717520e-01,5.806477504560472180e-01,9.004046549994770832e-01,6.425015103104341208e-01,2.256652583819328539e-01,-2.445293473254139816e-02,9.038627480288818905e-01,6.379049916367014461e-01,7.908145316878696374e-01,6.593968482694739786e-01,5.365822228624870377e-02,5.834564404663904469e-01,2.103935769923774568e-01,7.339350702318938602e-01,4.572192528812936696e-01,2.895387569406462566e-02,4.651391179783104235e-01
