0.000000000000000000e+00,7.026450552759198054e-01,7.020191040095522528e-01,8.029788464661533620e-01,4.910802409539915536e-01,6.686742732456602001e-01,6.661822365507388266e-01,6.716714966112825591e-01,8.608305561807632067e-01,3.894481052688107403e-01,8.993301133570965611e-01,9.637494978199288020e-01,9.033230711278781300e-01,9.661977643445980313e-01,7.617753913093017193e-01,8.823019399011364783e-01,9.894357031474865227e-01,5.598276543344588019e-01,9.164322122047957597e-01,4.519160433982846725e-01,7.646939291147326623e-01,2.593276170930126079e-01,6.497180142542148262e-01,5.470762918828314669e-01,6.659333619635009471e-01,7.335081193297054991e-01,9.612644681092972210e-01,6.485687643073327902e-01,8.576927528003658319e-02,7.068803203306325278e-01,2.163995502646867131e-01,6.847827355708389074e-01,1.143762181994313204e-01,9.964618319920233169e-01,2.230912532225305667e-01,4.474239231828702756e-01,6.194509259025214876e-01,6.315932345462552666e-01,4.679216511384339805e-01,6.587599311807288416e-01,2.009513613789386532e-01,9.935859689080598356e-01,8.262855132492346044e-01,8.202454989038027167e-01,6.124954960995263598e-01,9.057447630457312604e-01,7.749454883967358265e-01,5.452630248035007510e-01,7.986708964332288607e-01,7.564954703006374626e-01,5.695634440364217843e-01,9.104852751034272496e-01,4.044622451638321681e-01,9.098904795059863382e-01,6.581552615728228917e-01,9.695097791849975888e-01,5.601387037794499646e-01,7.101609208107627635e-01,3.687402306243354744e-01,3.020845933419849527e-01,2.911311529400815168e-01,8.987384379331300188e-01,7.609457191894954953e-01,7.426227890315172386e-01,9.271993490554818473e-01,7.409008120690649957e-01,6.683252860624374625e-01,8.949700870713558354e-01,5.880685466509748549e-01,4.117808660352078598e-01,4.102715245562754132e-01,7.863588711735517434e-01,3.532038537462365846e-01,4.550385592598906737e-01,3.559285566475915985e-01,6.137048119320126505e-01,7.559704767652860591e-01,8.729197027101539552e-01,2.659048456378985681e-01,3.466368159359602963e-01,8.235325072072438024e-01,9.627306567370159662e-01,5.610629627106807904e-01,4.176421120601888637e-01,6.081857987004666288e-01
7.026450552759198054e-01,0.000000000000000000e+00,8.325949465877622302e-01,9.566368101929105805e-01,4.031572798301343297e-01,7.101522634315311500e-01,2.408478777667595605e-01,3.370626420938173107e-01,3.850312640366286843e-01,7.822654036832104030e-01,2.048178305015928846e-01,6.830473334545128505e-01,7.752609473518146110e-01,8.304936197118124586e-01,7.457214576374427972e-01,4.114263245268109381e-01,9.015180337872604754e-01,4.768764358476489940e-01,4.618891411578217587e-01,6.787227401662265791e-01,6.526434325459147257e-01,5.801967502781777419e-01,6.529407544103877914e-01,8.782239166187588708e-01,4.443194791811964639e-01,3.738403448360937409e-01,8.233216730519248294e-01,5.904999460941874334e-01,4.489837932784859764e-01,6.641592807214455885e-01,-5.408924107649218382e-02,7.153941340796593495e-01,6.253941424399047655e-01,6.214194112132529479e-01,5.425852665034323064e-01,1.522809113854224072e-01,1.494234674746938996e-01,6.510301108346875365e-01,7.051846183977388272e-01,8.228930697334232436e-01,1.291882250259737963e-01,6.693965445303917683e-01,9.757295642055026086e-01,8.313350765717756330e-01,9.325662395910726543e-01,5.749534671920746298e-01,8.176762349869902691e-01,2.318372396181374306e-01,5.001289351621328594e-01,4.011458870800688192e-01,1.007634076840703552e-01,8.725039828483079907e-01,5.217214823749692920e-01,5.972784373145469949e-01,9.691778667996652219e-01,5.694611629159480604e-01,6.942069674194788487e-01,3.819901694242101575e-01,1.163948520501409123e-01,3.676378333762791994e-01,7.664094459620465205e-01,7.754082843138651038e-01,6.153348710156417711e-01,7.471284145037058178e-01,7.660927475070318238e-01,6.507943075150999235e-01,7.718475528118949880e-01,7.994745368180621314e-01,7.891508233642274828e-01,6.880622630411140084e-02,6.900029505382365702e-01,8.412340125236240571e-03,2.060842412246787214e-01,2.998978853831479330e-01,6.679412079764438515e-01,9.100794419578450700e-01,5.682347320222702614e-01,6.353167276573150613e-01,2.018612381294676017e-01,5.886197034600060274e-01,5.457767870191982951e-01,7.847170214025942503e-01,4.414514331746523523e-01,4.847270152853831449e-01,7.301681033652296371e-01
7.020191040095522528e-01,8.325949465877622302e-01,0.000000000000000000e+00,9.578881209168836897e-01,5.800240573567316815e-01,7.927041647367776278e-01,8.959480279449798523e-01,3.959630059895007381e-01,9.211826492148860179e-01,9.997873795632506999e-01,5.156109248657214650e-01,3.818435231075568703e-01,6.603289040238942142e-01,6.319167810422322562e-01,7.147323992167117224e-01,6.907439269131581128e-01,9.567398184412233553e-01,8.762450766341131070e-01,8.224241403472263290e-01,2.317581718404910784e-01,5.587176108761248150e-01,3.638602922342778490e-01,3.670857987359169572e-01,6.083144639079784977e-01,8.842674047889685918e-01,8.091606070327445055e-01,8.647858867178105369e-01,6.349635935234354545e-01,1.009436102965540205e-01,5.928257308633778644e-01,4.776370730392146546e-01,7.607820845854715852e-01,6.860995188845551152e-01,8.529033593521974099e-01,5.197344823796959945e-01,5.228113113857989491e-01,5.373832800665039322e-01,8.933675567619879798e-01,9.852061080915847091e-01,7.783145209084356697e-01,1.871837469362025441e-02,5.151959941177235436e-01,9.195392640164818943e-01,6.020025474901934404e-01,9.815167969259425140e-01,6.273907527450675037e-01,8.609752758161635100e-01,7.314205447328444576e-01,6.940270282355708309e-01,6.294159945161856839e-01,7.733472578603545200e-01,7.901145779939300340e-01,6.659788715624708200e-01,5.194864107471376391e-01,9.039776815812323729e-01,3.770182622543163942e-01,9.806618879623612006e-01,8.166936214142003214e-01,5.248350888153905380e-01,3.271595659035613224e-01,7.007019308166450022e-01,5.411224863034568289e-01,4.021966068379400627e-01,8.101844873019109494e-01,7.267180826495985846e-01,8.333748795459546832e-01,4.611855435695068062e-01,9.739317691459232762e-01,6.036666437726021517e-01,9.152293845646709558e-01,7.619338472259150619e-01,2.047388177252737473e-01,-1.878200474842143808e-01,4.445918293315276881e-01,2.194248497453746838e-01,9.762832219188347649e-01,8.789909063376710741e-01,9.863231523847533211e-01,3.036502457800884236e-01,2.226636318662087721e-01,9.979134406389867928e-01,3.809634997723987393e-01,8.305454287453127860e-01,8.424592835482408448e-01,4.335941612741747164e-01
8.029788464661533620e-01,9.566368101929105805e-01,9.578881209168836897e-01,0.000000000000000000e+00,7.035000082551501333e-01,7.907851754351294948e-01,3.099316826294878924e-01,5.019196847177487264e-01,5.321116643686867320e-01,4.916243148043584754e-01,9.603257691240907334e-01,6.941803866561594427e-01,6.181956622673474566e-01,8.900336988274304417e-01,6.101304709061690090e-01,9.031876333112467403e-01,7.163331035678695002e-01,4.237165869343609836e-01,7.696210719082966500e-01,7.404409628687697031e-01,6.894434204992541115e-01,5.623544289765675108e-01,8.000126069374406956e-01,7.974992325976428820e-01,6.467262651877402346e-01,8.633965099532525667e-01,7.917754776798773264e-01,3.130859297554698384e-01,3.790089022889749915e-01,2.063250006545490067e-01,5.930527572767327893e-01,7.949780078824690843e-01,8.047201255158683564e-01,8.921300583325353362e-01,4.248737985314687826e-01,5.001829659135292871e-01,5.415798093645599609e-01,2.456565820524254096e-01,6.575697290830330166e-01,1.538876353347144732e-01,5.048712752374471258e-01,8.087314649750473317e-01,9.351084150891809665e-01,5.048290267693806843e-01,4.525447263727267466e-01,6.303600471366395119e-01,6.620996427371883541e-01,6.379781597823412920e-01,6.236099377584487513e-01,8.688301669897307011e-01,7.140783811275769333e-01,9.777179891705534143e-02,9.157143685522176613e-01,6.458050315864278801e-01,8.059374803093884987e-01,3.224270405740647383e-01,9.268546601569019883e-01,7.536569254353266967e-01,6.895484232076051212e-01,4.711885814579896969e-01,6.098717074497608248e-01,8.636384808047061767e-01,2.203540792227494660e-01,6.368610874975291214e-01,9.608516347714971539e-01,4.303971609049977443e-01,6.920566039232540767e-01,6.428735274270562794e-01,7.836804628558081687e-01,5.973154275176599803e-01,8.498137215710938053e-01,7.743430889898310632e-01,1.894593782903914447e-01,2.705655642670503069e-01,7.821671460230982253e-01,8.488599947809560842e-01,4.345616329354217711e-01,7.398335590073270573e-01,5.688893332487364729e-01,7.895121749021638546e-01,4.954686968843040606e-01,6.105136574296750052e-01,6.004822847552615528e-01,5.900361946735011021e-01,6.925110790586772591e-01
4.910802409539915536e-01,4.031572798301343297e-01,5.800240573567316815e-01,7.035000082551501333e-01,0.000000000000000000e+00,8.648233501152312597e-01,5.290601524893052687e-01,4.976900253369954119e-01,6.237875601011367843e-01,2.153464341380997848e-01,7.496228476283743891e-01,5.538677142387460339e-01,5.511254023712772732e-01,8.421751022937421505e-01,-1.877746928310539132e-02,4.013667759046286032e-01,6.297075511923356794e-01,7.482137219890270252e-01,7.059866845200757357e-01,7.512317314408832880e-01,7.554841777125439473e-01,5.789334157156578176e-01,8.678361679514141613e-01,9.675230971858146400e-01,3.935634493966636005e-01,4.864445678358360059e-01,6.539486403197998232e-01,9.526455966109682594e-01,5.419133527830690689e-01,2.048735135268821284e-01,6.620687599675565416e-01,7.299091760081506397e-01,7.211124780763755737e-01,5.820803035061363762e-01,6.630546546844251488e-01,1.219147995828746417e-01,3.717713451293298554e-01,7.848927698609990955e-01,4.640919513142107156e-01,2.193809296240643164e-02,5.452276591367695158e-01,9.744348654633656626e-01,4.716197073239917770e-01,4.190002823630927242e-01,4.225299823300479596e-01,5.040632398886139010e-01,8.783660721891741741e-01,6.017514065662608047e-01,3.607743555156095461e-02,3.064415507677789030e-01,3.404960724564914942e-01,6.472678606791473221e-01,5.182047607707332970e-01,3.849335184937036636e-01,5.799144173133915503e-01,7.506348246556964199e-01,9.594720370900269302e-01,8.528087192225928259e-01,9.141441762950995864e-01,5.216583946096585711e-01,3.210731637625560131e-01,4.562566195443837347e-01,6.741283092666985333e-01,6.364612251117953701e-01,4.093997113479387329e-01,5.989184105273481773e-01,6.350883258379563800e-01,5.789303241851410098e-01,2.374656801831016850e-02,9.431173727550775654e-01,7.370599728901868763e-01,6.368697613781635347e-01,3.958800526413939203e-01,1.065187790662994599e-01,3.331524341917209142e-01,7.087045015961863648e-01,6.140731061271749169e-01,4.830576838351265945e-01,2.585755239682787643e-01,3.289479155917076625e-01,2.392287173629141853e-02,3.211153002043398708e-01,8.859708032857402937e-01,6.324524321100992719e-01,7.051266160656555204e-01
6.686742732456602001e-01,7.101522634315311500e-01,7.927041647367776278e-01,7.907851754351294948e-01,8.648233501152312597e-01,0.000000000000000000e+00,3.525090757850596335e-01,6.630138778546453837e-01,4.102654068683169175e-01,5.060927827116787903e-01,5.094789405259743109e-01,7.101826625966055628e-01,6.755127390401035603e-01,9.298890282371301552e-01,5.732956293377650114e-01,9.616953875379693484e-01,8.325310447272840086e-01,8.590738082321198732e-01,6.907494393336468530e-01,7.699236767842863038e-01,4.785675274946052382e-01,6.725396303095378947e-01,6.283820012552984169e-01,7.115900024456616180e-01,2.527971520449212757e-03,8.415143222984982074e-01,5.774013861270627102e-01,3.515730774207429521e-01,5.103335204785298673e-01,2.130471877234054456e-01,1.797259112542906323e-01,4.813262430465028996e-01,2.962084647871753296e-01,7.362502623491820053e-01,2.784243383505842218e-01,3.757117453633206927e-01,-1.219819899922652134e-01,7.173452920730724047e-01,3.636702268271455596e-01,7.454179509118994407e-01,2.833821722860953018e-01,4.670345316319375883e-01,7.713631505244874509e-01,6.957665589233080761e-01,7.438486785490079356e-01,5.850824482289944672e-01,7.093940118025108266e-01,8.508716600181509548e-01,6.106700655413312973e-01,4.895616658479488570e-01,5.255066051610497446e-01,6.858651421744419441e-01,8.246347790014102452e-01,5.487047821183109741e-01,3.041936769214580449e-01,6.491593908374040378e-01,7.407172050254906548e-01,1.608370246050336572e-01,6.549303574875893208e-01,5.702135900471526631e-01,-1.251664563618310466e-01,4.197770472426170518e-01,6.371548779169966537e-01,8.511347045691399771e-01,9.727379778619807960e-01,6.965549942592458299e-01,4.593582646119711010e-01,6.656935481471081273e-01,7.111099278913394217e-01,5.127752147695755491e-01,6.707778478979720127e-01,7.725720300130148877e-01,6.530232927128447606e-01,1.336730263796145068e-01,2.823109111168629615e-01,8.206735318077186259e-01,9.909620491177522084e-01,2.674160005678244967e-01,1.126790589233547107e-01,5.615617104698429618e-02,5.484673805070769959e-01,5.706975279681242297e-01,7.519724453274926335e-01,-1.205816614849608559e-01,3.000721564016958220e-01
6.661822365507388266e-01,2.408478777667595605e-01,8.959480279449798523e-01,3.099316826294878924e-01,5.290601524893052687e-01,3.525090757850596335e-01,0.000000000000000000e+00,1.951340183328285627e-01,5.846160031805253121e-01,3.531024046137093420e-01,5.075531543303285487e-01,5.363204511150971854e-01,5.804221297064893204e-01,5.621484071060757204e-01,4.662571479908899086e-01,1.468606582663546933e-01,4.398897814535305262e-01,6.471694011282714820e-01,6.803122161276589086e-01,4.973581086064600698e-01,5.710225812392656364e-01,5.383535947463442550e-01,2.899375576616097794e-01,8.227976909745932099e-01,2.601919447812626740e-01,3.044773678785325233e-01,7.144732198548121582e-01,3.247005526949078846e-01,5.811500509248143098e-01,2.635329434516011649e-01,1.163887723716860584e-01,3.657574567616044270e-01,1.399521715973833513e-01,6.969208063460574643e-01,8.778153079202638542e-01,6.424565651551782386e-01,5.675768176008089139e-01,5.787340534831170169e-01,7.341070859968915618e-01,3.852213400516378838e-01,4.982129875376577477e-01,5.589453040831411368e-01,5.774987029479258238e-01,1.878636415688872685e-01,9.090811569423276062e-01,4.697027927952206472e-01,4.971175417183100187e-01,8.141901045291947137e-01,6.738903511654765754e-01,4.601890236805892265e-01,4.330208688438718645e-01,4.550030527813767045e-01,3.189227419382598128e-01,1.720508505416984690e-01,7.549453694186382124e-01,4.243553589849481944e-01,5.040726844924068306e-01,3.228639796473107282e-01,5.460529497760145956e-01,3.754202587040406103e-01,4.339436996272436620e-01,4.249150982163207302e-01,3.432504068333370739e-01,5.662349288403432240e-02,4.530681284044689172e-01,6.356320505772279361e-01,4.618929386127285652e-01,7.426756031797115964e-01,7.936905760936143750e-01,3.906551021103759486e-02,7.534577305546381609e-01,6.605082900699927873e-01,7.030894689559951116e-01,2.797814579967021764e-01,7.129103376490076860e-01,4.890797217197717095e-01,4.659603609510710176e-01,6.331673569664462153e-01,7.448115592656714412e-01,6.991273632607246657e-01,6.025286314774306318e-01,7.186984243975532705e-01,5.040528498986417416e-01,4.368720609786044262e-01,5.336149685170024082e-01
6.716714966112825591e-01,3.370626420938173107e-01,3.959630059895007381e-01,5.019196847177487264e-01,4.976900253369954119e-01,6.630138778546453837e-01,1.951340183328285627e-01,0.000000000000000000e+00,7.119187805123476931e-01,6.177713987691637598e-01,2.137829848398555554e-01,3.702688856239241266e-01,8.550909378046057663e-01,9.636870059398335853e-01,6.665874601452637105e-01,1.164438469856969721e-01,6.119237528965716377e-01,1.692005743484448384e-03,6.173856397081262104e-01,2.437570218911887521e-01,6.729928060285202962e-01,4.585685842476616703e-01,5.913854717165643038e-01,9.972160054481802316e-01,3.667752113766340472e-01,7.662037060454331971e-01,7.760678725352515572e-01,4.937687256164199900e-01,5.167939596890227527e-01,1.559799265505509847e-01,5.241645601854783010e-01,7.220853168409512302e-01,7.485460273273784049e-01,1.426028805777349584e-01,4.955287318684079567e-01,3.670869095572025786e-01,1.133974907229896578e-01,6.415231960537515210e-01,9.695364473525395210e-01,4.406041639361217843e-01,5.648565190173594486e-01,2.723901125380136512e-01,7.929616271583390663e-01,3.777130806107332206e-01,7.416984916908384573e-01,2.883799702405168697e-01,2.786037090136466166e-01,6.338211399457596151e-01,5.538097634309889772e-01,7.992043697376700617e-01,6.008045546515418112e-01,7.849565532285637248e-01,-2.640596367038858250e-02,5.677777878487477725e-01,5.448053184818224537e-01,5.548392574486005202e-01,8.432811117746880081e-01,6.046824484621288187e-01,6.022146245455995972e-01,2.534097463770842440e-01,5.812010936034928132e-02,5.544291707905286692e-01,4.622697919747816853e-01,6.353691006147790254e-01,8.979770294913775874e-01,6.365072765025034940e-01,4.863708087094574806e-01,4.136201598422829528e-01,7.063217219529578372e-01,2.771607617042753380e-01,4.017437181988177120e-01,6.331894634056060012e-01,4.570558317979779295e-01,-2.355421968054180470e-02,6.190292594369695145e-01,3.711053809516163815e-01,4.287148458964316622e-01,1.540331914374536704e-01,4.731540822701808535e-01,1.724384654449478138e-01,4.625855019174809346e-01,7.035418502080139636e-01,5.642597056312554926e-01,4.135243384035986458e-01,5.948988195298071657e-01
8.608305561807632067e-01,3.850312640366286843e-01,9.211826492148860179e-01,5.321116643686867320e-01,6.237875601011367843e-01,4.102654068683169175e-01,5.846160031805253121e-01,7.119187805123476931e-01,0.000000000000000000e+00,6.114898934541165287e-01,7.137796021814940550e-01,7.353926550030160936e-01,6.231683090749776666e-01,1.298401252812726725e-01,2.139935365164500614e-01,6.957229888255233030e-01,9.231383556759541476e-01,6.856183018945323226e-01,7.229527227206258844e-02,4.557007690622965068e-01,6.264810982725598221e-01,5.679125702937810605e-01,5.158304082584287409e-01,6.693347978491092087e-01,3.282272430308626476e-01,6.567541190661727590e-01,9.011534152895338545e-01,6.692810176700327851e-01,1.732170820425238678e-01,3.217594469239568739e-02,4.360989070226372610e-01,4.955973427938943909e-01,9.811195666691915340e-01,4.390535731561967525e-01,3.634429761297535144e-01,2.086398289685736374e-01,4.539276880452466356e-01,6.798409301609189548e-01,6.269458892310526554e-01,1.439670313872679352e-01,2.927393896880012836e-01,2.419429297697761050e-01,8.156249552834337058e-01,7.749842551941680258e-01,8.472746303543265967e-01,7.583939397218775191e-01,4.251305423105833925e-01,7.495202194327013068e-01,-6.043888077990966501e-02,6.302299322883601063e-01,7.534919164096141042e-01,5.591877069982547077e-01,3.022911194141085778e-01,7.329461842080043921e-01,3.242236876682131341e-01,8.481812459364576062e-01,1.731264927031948286e-01,9.273713952742915212e-02,9.108978041638406964e-01,4.368506549724837651e-02,2.508971460783548380e-01,9.301621292179093059e-01,7.659771678381155358e-02,6.296164385265842212e-01,7.298765378766544076e-01,5.613609516875066596e-01,4.438133535895927850e-01,9.822826260772949958e-01,3.637775190895858879e-01,3.180429476121287569e-01,6.026930984575701311e-01,7.810459688924291655e-01,5.736444439317209820e-01,1.132043558718072856e-01,6.640888277416678864e-01,7.473633364203949858e-01,9.736150234241354173e-01,4.461871799857035636e-01,2.065263761130844145e-01,3.387527584041801765e-01,5.411393347012836141e-01,7.146282016355655076e-01,7.173177072276624155e-01,7.722354343929502818e-01,5.222581069135989740e-01
3.894481052688107403e-01,7.822654036832104030e-01,9.997873795632506999e-01,4.916243148043584754e-01,2.153464341380997848e-01,5.060927827116787903e-01,3.531024046137093420e-01,6.177713987691637598e-01,6.114898934541165287e-01,0.000000000000000000e+00,2.248988326758121770e-01,5.215047744186940282e-01,2.044106194895158601e-01,4.378400196352916773e-01,7.028379449825408187e-01,7.671258442323704019e-01,6.224477663251584136e-01,4.149936341637957549e-01,5.633739272095328321e-01,9.496886412952089129e-01,4.848314170084796482e-01,7.157016302156917753e-01,7.660347254614364720e-01,5.039452235739280139e-01,5.560670116577843825e-01,4.208639144822441391e-01,6.364070391709586438e-01,5.236257447317635982e-01,2.130933076452060093e-01,3.575147171831455362e-01,3.772635873681623453e-01,1.043375466333642566e-02,4.528462078742236940e-01,6.872326821533366603e-01,2.625665824095914092e-01,2.197782087377755655e-01,7.354485226797669029e-01,5.946394677706635656e-01,9.155242245015443592e-01,6.407183357977640492e-01,9.305230876073765645e-01,4.258268158883776189e-01,5.708771167262818302e-01,1.860871583074549251e-01,4.533751254972639422e-01,3.411591661013214649e-01,7.906548088473033253e-01,7.771137307284909923e-01,5.808753444100490659e-01,7.847893524251401409e-01,5.996786708720948100e-01,6.359327295551148174e-01,4.917233546954733470e-01,3.423390302825600751e-01,9.094892848184351619e-01,8.079920313707165125e-01,6.937440836987395221e-01,5.064592243492959112e-01,5.669968834708368766e-01,1.961333907965016055e-01,1.668020123782825992e-01,4.511119537944371927e-01,1.539342794350970767e-01,8.980115080180365306e-01,6.027634901721056204e-01,4.392952469820182726e-01,7.797696339706436941e-01,9.698498312025263246e-01,4.211700142122380419e-01,-1.646828680211318008e-01,3.888348096458160708e-01,7.862880869577157927e-01,4.018040925866798729e-01,2.628220609412172948e-01,9.688817355801563336e-01,8.306977942579381047e-01,6.293218773283428824e-01,4.824315613419165594e-01,4.312386336122354669e-01,-2.810407818791052503e-02,6.554319399851348260e-01,7.967846883633720179e-01,8.632335136024157363e-01,1.978623611072560518e-01,5.541591557598269935e-01
8.993301133570965611e-01,2.048178305015928846e-01,5.156109248657214650e-01,9.603257691240907334e-01,7.496228476283743891e-01,5.094789405259743109e-01,5.075531543303285487e-01,2.137829848398555554e-01,7.137796021814940550e-01,2.248988326758121770e-01,0.000000000000000000e+00,1.900563822123657320e-01,6.486224841300419763e-01,6.103931298247704529e-01,7.775824481902828822e-01,1.474470530540296920e-01,2.508299021155674935e-01,7.631411100625199451e-01,7.446047179191577214e-01,2.615097618270549873e-01,7.840533645397964602e-01,3.625898905043177800e-01,6.847792353790339570e-01,4.472157348029001667e-01,6.062343964921356188e-01,8.668908991731207880e-01,8.113212167341916636e-01,7.088699389160711961e-01,4.937554708502415735e-01,5.111536073278717396e-01,4.042008680935173515e-01,4.294527934220831455e-01,7.465355795315511411e-01,1.691455429563265556e-01,3.252436429183375166e-01,2.328686221446354954e-01,6.138764991240823754e-01,2.074464617693355106e-01,6.615334788979176928e-01,5.284348701476325738e-01,3.015052310212966713e-01,4.385008761114601583e-01,6.390443752976974201e-01,5.000239428254714680e-01,8.315856969026238499e-01,4.597506163663157008e-01,7.396887735597639235e-01,6.710176861551309102e-01,4.393099832940232652e-01,9.134382789836430483e-01,4.453705305727176378e-01,9.250220947371203817e-01,6.825135643028039656e-01,8.560584817328318330e-01,5.180088908593251107e-01,9.260748665054567841e-01,7.509599895017941007e-01,5.906037199772775637e-01,6.684610444855390021e-01,2.800676325778673759e-01,7.334942622384792443e-01,7.018474821270643815e-01,4.281346707671425111e-01,6.364844979073747133e-01,9.541577703766639384e-01,4.926109060745209600e-01,6.011103728222452203e-01,6.557131148245768371e-01,3.275740450607854126e-01,5.163017330155447171e-01,6.989864992279343214e-01,7.987403371837512589e-01,6.706278842931784334e-01,1.468426843789005509e-01,4.296985673073652201e-01,6.233386983075542842e-01,7.552374447504818233e-01,2.152166073938190372e-01,4.071275103703642650e-01,4.628815403085051461e-01,3.717287073392467889e-01,6.620782953307262630e-01,6.329976982840500588e-01,8.974324016693245587e-02,6.783621248220421673e-01
9.637494978199288020e-01,6.830473334545128505e-01,3.818435231075568703e-01,6.941803866561594427e-01,5.538677142387460339e-01,7.101826625966055628e-01,5.363204511150971854e-01,3.702688856239241266e-01,7.353926550030160936e-01,5.215047744186940282e-01,1.900563822123657320e-01,0.000000000000000000e+00,6.813731650587512290e-01,8.776426265990691089e-01,7.844589522313312191e-01,7.241798160927035433e-01,4.331780457024851372e-01,5.180065754862700489e-01,5.964685372993288048e-01,6.860347926343437486e-01,6.454843184148832957e-01,4.054503236191022708e-01,9.199868033892126817e-01,4.596275376511978483e-01,1.326696781069396647e-01,9.237949415587234370e-01,9.358020203334913578e-01,6.571230557837786090e-01,5.075794227806864622e-01,6.928704191426166004e-01,3.376941885901699747e-01,7.117166514916385411e-01,3.372905663447121061e-01,2.434192859448597868e-01,3.228699691292618579e-01,8.276846435799130319e-02,7.051617602397262097e-01,5.132331923326537426e-01,7.792678372082788574e-01,6.565202068836921701e-01,5.572934916081255796e-01,1.209662208395390626e-01,7.560488102312203917e-01,4.291623546934280053e-01,8.180582729399541453e-01,6.041867329070205184e-01,4.176147345945199207e-01,4.680630974543678602e-01,5.602418291056407984e-01,5.583447250626193403e-01,5.484682803862717115e-01,6.757405515743544200e-01,5.264214315013218126e-01,7.070767536810937948e-01,8.965105118812924934e-01,8.464027894719079459e-01,4.499934503316028178e-01,6.478528809638470776e-01,8.443560004178958245e-01,2.663702836997940970e-01,2.309847244095208918e-01,6.338705293907843652e-01,4.008093448667802705e-01,7.251996214595470835e-01,4.479382979657033914e-01,5.596425875742065958e-01,8.652950875321704372e-01,9.760743144500574342e-01,1.360810098903048881e-01,7.015050697053101247e-01,9.443497511653677901e-01,7.546547682560721393e-01,7.622941217180302376e-01,2.360777548781784474e-01,5.817714969620796372e-01,2.129987972071489266e-01,7.079310544358270452e-01,7.216016664871888198e-01,4.334775538463778721e-01,2.247875342352180783e-01,7.916500034226986449e-01,4.124759521535360518e-01,7.516053803031965685e-01,2.774381663298833844e-01,5.091152879564687650e-01
9.033230711278781300e-01,7.752609473518146110e-01,6.603289040238942142e-01,6.181956622673474566e-01,5.511254023712772732e-01,6.755127390401035603e-01,5.804221297064893204e-01,8.550909378046057663e-01,6.231683090749776666e-01,2.044106194895158601e-01,6.486224841300419763e-01,6.813731650587512290e-01,0.000000000000000000e+00,9.393272459462699286e-01,3.301553228208011781e-01,5.841384791729320458e-01,4.778270222473774975e-01,5.079352295778455373e-01,8.137114357862493819e-01,8.710676059139906835e-01,8.529451808913594002e-01,9.928997858193618908e-01,7.959568589496950342e-01,3.065245472536720639e-01,4.798646209764906301e-01,4.581111308666201976e-01,7.837668612920626332e-01,7.702933740054562772e-01,4.614005464661949385e-01,2.877083804975857570e-02,1.521546852683095252e-01,-2.743776639575021270e-02,5.882028794535958394e-01,5.880898101138463119e-01,6.439139998461281822e-01,4.890293772734974898e-01,4.603506541933013452e-01,5.127166668954442619e-01,7.569903075936461612e-01,9.021852246983053103e-01,7.406255406554708154e-01,7.982690021809729641e-01,7.830118606802317638e-01,7.527510725924437818e-01,6.415873898454728108e-01,4.260915406802442407e-01,9.992157172838509460e-01,6.606910880047778267e-01,8.590147392025594408e-01,5.241481200374867866e-01,6.727530290792862466e-01,6.538449407939167513e-01,6.020021199946564705e-01,6.524753193718020317e-01,9.069245291445597879e-01,4.830799260572311571e-01,6.995550953780351744e-01,9.113842379764651724e-01,8.864792496496626262e-01,6.181925143184895388e-01,2.300805850025547938e-01,7.234657497950053306e-01,9.698943452480428551e-01,6.425765766807083335e-01,8.267138612046796009e-01,7.637394042627255741e-01,2.359496776927182959e-01,9.423333115975645047e-01,5.102166773264106281e-01,6.094370072702433028e-01,6.041580368118194544e-01,7.467709155860673409e-01,3.153528802837106682e-01,3.836638626263474405e-01,5.363933538964271719e-01,5.406822747000477047e-01,1.420878436210106822e-02,7.077093986670719428e-01,2.136602588523476842e-01,2.041423098466603192e-01,7.869744327485820312e-01,4.857094843086944280e-01,4.082320124440055875e-01,2.096503069147521714e-01,2.300447972733146718e-01
9.661977643445980313e-01,8.304936197118124586e-01,6.319167810422322562e-01,8.900336988274304417e-01,8.421751022937421505e-01,9.298890282371301552e-01,5.621484071060757204e-01,9.636870059398335853e-01,1.298401252812726725e-01,4.378400196352916773e-01,6.103931298247704529e-01,8.776426265990691089e-01,9.393272459462699286e-01,0.000000000000000000e+00,5.324096379668197265e-01,6.273222403333496011e-01,8.202564736600204132e-01,6.918365199723726100e-01,9.383546183383089101e-01,6.838600929590694655e-01,4.595704054817074669e-01,6.592364162275148320e-01,8.886917759980664799e-01,6.436407465189328825e-01,4.668905591075570016e-01,7.313963403794070395e-01,9.128903791115281496e-01,6.852663171466710779e-01,6.781679771782461730e-01,4.010657435490639910e-01,7.335960149414846310e-01,2.089541040447847053e-01,7.012641229918120667e-01,5.000030142756810569e-01,5.792527255562155419e-01,7.098069901912233970e-01,5.862140568959702813e-01,9.130578104594558875e-01,8.567369979947758729e-01,6.526834426981791282e-01,1.531376130548829373e-01,5.763986371693960997e-01,2.842796022301483649e-01,7.519864195622080194e-01,5.908905887277089430e-01,5.677601116306726370e-01,9.280699532696159437e-01,7.631296517681944724e-01,6.305463398004913511e-01,7.421577290057748133e-01,8.986644265263866727e-01,9.881344105329538108e-01,8.085889631034793856e-01,8.218561192217480604e-01,9.908962738991868857e-01,2.470254413532896876e-01,6.885178762157979637e-01,1.918984691546335095e-02,9.553306723225883923e-01,7.364900259883446765e-01,2.291633578992132436e-01,7.137997634017060333e-01,6.962241389438453831e-01,8.676780100806535945e-01,9.094135084592439577e-01,7.929358708838389891e-01,7.463248085706064572e-01,4.316324876183799120e-01,5.894919805790883593e-01,5.130989623940843680e-01,7.276675055796454350e-01,8.770701964571429032e-01,1.578512560494056347e-02,2.438276090877131430e-01,5.562184504166087784e-01,6.667036632487431946e-01,8.393242943439401804e-01,5.817624203517290926e-01,2.799650224773641005e-01,1.708409935066828034e-01,6.230442488415134372e-01,4.838837097736657933e-01,8.750099798536318252e-01,6.920675422696380696e-01,6.152163682112226084e-01
7.617753913093017193e-01,7.457214576374427972e-01,7.147323992167117224e-01,6.101304709061690090e-01,-1.877746928310539132e-02,5.732956293377650114e-01,4.662571479908899086e-01,6.665874601452637105e-01,2.139935365164500614e-01,7.028379449825408187e-01,7.775824481902828822e-01,7.844589522313312191e-01,3.301553228208011781e-01,5.324096379668197265e-01,0.000000000000000000e+00,4.643489465285679518e-01,8.687412598254942164e-01,4.648690668806810811e-01,3.069300642242648869e-01,4.425716877243567882e-01,8.928359336595378393e-01,3.548918966835825084e-01,7.538665360750911315e-01,7.373048957362718925e-01,1.627025440234729503e-01,6.155206410894976665e-01,7.706737944160980680e-01,7.654656047795437290e-01,4.135392449584057717e-01,5.860209139149632485e-01,3.761155801788140240e-01,4.721689251953683497e-01,3.773655974282406067e-01,3.749455251022651425e-01,4.394615062814801743e-01,2.303826078409351441e-01,5.965645231766733003e-01,5.935262177448822341e-01,6.363803989466133570e-01,6.836815170060716040e-01,7.021394593720974298e-01,6.112761765713402573e-01,6.971058788823131236e-01,5.091227343766777658e-01,7.372193553380919084e-01,7.137106136905032594e-01,9.496321648774176394e-01,5.794448215353729115e-01,6.900017516324504774e-01,5.389946123866549144e-01,4.439557146052764414e-01,6.844366338955257811e-01,8.440073069177499443e-01,5.708705357431214100e-01,4.390030672136528977e-01,4.628288742690168656e-01,5.470527123188414498e-01,6.247459543330226017e-01,1.981516145514630386e-02,4.370744645725463950e-01,7.979573398429110620e-01,7.718879968713070472e-01,6.054535711705781864e-01,6.048535764285616345e-01,6.553812744169831284e-01,7.722833364277112977e-01,6.921198178091363395e-01,3.251023494093619459e-01,5.153299487818125968e-01,4.008589952170880100e-01,6.058696145544916201e-01,2.456200732945430232e-01,1.080276621636782758e-01,2.729995957536317519e-01,4.179337865419239795e-01,7.192565226914265919e-01,5.139238447908416330e-01,6.958109821684134166e-01,5.077165143631408029e-01,5.129109531508883046e-01,-8.185895940013010463e-03,6.739205830058292435e-01,6.326597819564936387e-01,1.509999475781781675e-01,5.053985166722354538e-01
8.823019399011364783e-01,4.114263245268109381e-01,6.907439269131581128e-01,9.031876333112467403e-01,4.013667759046286032e-01,9.616953875379693484e-01,1.468606582663546933e-01,1.164438469856969721e-01,6.957229888255233030e-01,7.671258442323704019e-01,1.474470530540296920e-01,7.241798160927035433e-01,5.841384791729320458e-01,6.273222403333496011e-01,4.643489465285679518e-01,0.000000000000000000e+00,6.166868584363718320e-01,8.489935331155656906e-01,6.101802151742027336e-01,8.647404945879697546e-01,6.557442775954755998e-01,3.848283452387576409e-01,3.216433338967485955e-01,9.810591733575253492e-01,1.323772191193111139e-02,4.427758769738099343e-01,6.006350402299406310e-01,5.646285944731062045e-01,6.309416991471982206e-01,2.320296195319129506e-01,3.973148314753391919e-01,9.553030603126088094e-01,5.382479806781662601e-01,9.460881042161866095e-01,4.793515034025533361e-01,7.562781581547788345e-01,2.813602972899721388e-01,4.672609965443758617e-01,2.891155767553303946e-01,7.302678440386684011e-01,9.395240187195928738e-02,7.917055785373250387e-01,8.686733443150638223e-01,6.952564707474412353e-01,7.670666627921878256e-01,6.729652929823726204e-01,9.627986399454713240e-01,7.636105736259579668e-01,6.129686457764558227e-01,7.409862352329827928e-01,4.195100695840500160e-01,8.291483871635059177e-01,6.948940382675465877e-01,3.536329126403603418e-01,6.041214467163340540e-01,6.426934358887489429e-01,4.610318403591482372e-01,1.384808410314095350e-01,2.902964083924831074e-01,3.257370339552502214e-01,5.899567706759126784e-01,6.188777195609929116e-01,3.259721882811092986e-01,9.717471444871014219e-01,8.529074508544651767e-01,7.127712940093371419e-01,7.761435806485593725e-01,6.673353531242763870e-01,6.984602511903579281e-01,8.835614488317145021e-01,6.921408899625770550e-01,6.491929859342083775e-01,2.251742611683396067e-01,7.818610062867092925e-02,3.004983068453268014e-01,6.260270454621899017e-01,7.312817822796102707e-01,5.275148165274946566e-01,5.457103924921230531e-01,-1.509101399322163306e-01,6.129195299329465163e-01,5.326637442589673421e-01,3.510896384291256611e-01,5.929667078147660142e-01,3.882202721516193611e-01
9.894357031474865227e-01,9.015180337872604754e-01,9.567398184412233553e-01,7.163331035678695002e-01,6.297075511923356794e-01,8.325310447272840086e-01,4.398897814535305262e-01,6.119237528965716377e-01,9.231383556759541476e-01,6.224477663251584136e-01,2.508299021155674935e-01,4.331780457024851372e-01,4.778270222473774975e-01,8.202564736600204132e-01,8.687412598254942164e-01,6.166868584363718320e-01,0.000000000000000000e+00,6.778573636696864080e-01,6.369153967515850390e-01,8.118115265732125385e-01,4.570432363125018910e-02,5.159483326276855797e-01,9.063000356121732048e-01,7.863371933765910260e-01,5.339532997373861445e-01,7.043875816437259463e-01,2.210713068282557370e-01,7.879948503057280229e-01,5.352180179985779329e-01,2.232997990665653298e-01,7.048775898978121290e-02,5.940797317987753789e-01,8.347397334329191843e-01,8.444298312150930741e-01,7.576598662782663141e-01,9.624171922367541487e-02,4.249351013316757797e-01,6.306962984294551822e-01,6.135530592821429874e-01,6.524109908851771777e-01,6.028400967014029277e-01,8.869775614711568057e-01,6.074628726376147814e-01,6.895206685790068457e-01,6.408558551055367758e-01,6.184102448010438957e-01,8.876562922819154489e-01,6.135333905623917561e-01,7.458775569948951079e-01,9.848005635022503146e-01,7.664742600613424495e-01,6.048947834436207982e-01,4.341425349998342398e-01,8.415347964944770442e-01,6.613315708919887959e-01,9.870764067580547474e-01,2.243879697763830339e-01,7.896823065158482535e-01,6.096993236803834870e-01,4.888257471316549974e-01,4.271936768285611308e-01,9.442072074222402911e-01,7.048106766651373034e-01,8.808997077490576810e-01,5.826168627385989174e-01,3.315838531439089243e-01,4.333223148576158534e-01,8.950077703528369621e-01,5.310999109721531442e-01,4.920378946210384741e-01,9.878591677138530702e-01,5.266913082166139182e-01,7.431002845650040989e-01,2.134480582492943035e-01,7.760593359165302019e-01,2.782764089312515510e-01,8.496144983659340566e-01,6.454300352302055899e-01,4.662267664684614094e-02,5.663586895298514667e-01,1.829151991982461423e-01,5.474369451309604173e-01,7.519511324665549834e-01,2.241672896890833655e-01,6.546911656085946385e-01
5.598276543344588019e-01,4.768764358476489940e-01,8.762450766341131070e-01,4.237165869343609836e-01,7.482137219890270252e-01,8.590738082321198732e-01,6.471694011282714820e-01,1.692005743484448384e-03,6.856183018945323226e-01,4.149936341637957549e-01,7.631411100625199451e-01,5.180065754862700489e-01,5.079352295778455373e-01,6.918365199723726100e-01,4.648690668806810811e-01,8.489935331155656906e-01,6.778573636696864080e-01,0.000000000000000000e+00,6.621745883754497353e-01,8.100196957088602323e-01,9.787903733338068069e-01,6.617583681955500063e-01,7.101537598887756042e-01,8.487294481332873231e-01,7.252655466489964509e-01,2.432649070551702042e-01,7.570207912087592028e-01,8.671799157407086289e-01,7.318893450510033372e-01,4.205982252081521544e-01,3.928526957462013386e-02,1.699083626252143042e-01,2.412484372881176786e-01,6.136471050254227455e-01,7.707430798980505759e-01,3.411121512894910168e-01,2.088956176609608473e-01,1.258145474845862033e-01,6.765549999681659266e-01,8.607463888802499019e-01,2.901966939132551992e-01,7.757356893645358520e-01,9.146723834475615211e-01,6.517501289572077416e-01,7.585556720481796411e-01,7.050539152265320464e-01,8.343127049441879661e-01,6.793469574732799998e-01,7.799187340216360287e-01,6.999269457516615889e-01,3.765716963045387389e-01,2.360017337474237809e-01,8.784182695589718426e-01,4.647932715183854535e-01,9.271148305383609678e-01,9.462084789169152854e-01,4.392613366998531221e-01,8.681776402710408291e-01,7.379611072294253171e-01,5.152251012360912208e-01,4.752692496706739655e-01,5.370061052152128589e-01,2.415806348777364831e-01,9.536363936884872938e-01,8.222002396415621917e-01,5.596440981947116144e-01,7.286384399362255682e-01,7.267363207146304571e-01,6.020065618407082209e-01,7.013098023121848712e-01,7.496120681777183048e-01,8.722875044781461806e-01,4.150360551430098965e-01,4.464947224919958990e-01,5.635686015548574401e-01,6.350123384534114290e-01,7.433803645264394078e-01,6.642819055799902284e-01,2.011426666506766769e-01,1.285183797741364965e-02,2.367129761278445044e-01,9.872681085926230393e-01,6.387468533522144831e-01,3.233226299620713118e-02,4.405089716742217609e-01
