0.000000000000000000e+00,6.731577105857069476e-01,9.946003411477093437e-01,9.344043570516766817e-01,5.165879923756324654e-01,4.848148513922193037e-01,9.350456669099487250e-01,4.945275219525197552e-01,4.390463446837202799e-01,5.901176944390332801e-01,9.431264811362428668e-01,6.667619808158898875e-01,4.453346361841565293e-01,6.088561735796164109e-01,7.943453978157503093e-01,3.998844561609243842e-01,8.023848402767956856e-01,8.307321865915746617e-01,2.773738005971939646e-01,7.960792642916733053e-01,9.274780883535733711e-01,9.695423256154238612e-01,6.942459837231088615e-01,9.805973022601841560e-01,2.971003777411838076e-01,5.901125233739239473e-01,7.381157760310046445e-01,8.246053532202007874e-01,5.448641385011023797e-01,4.657187264748113842e-01,-2.107176128064053300e-02,2.747947721548820166e-01,7.229772208278478773e-01,7.705115571720977385e-01,9.470530889195638569e-01,3.289118694654096647e-02,2.119018184641939528e-01,7.375097306327854652e-01,1.662972530571820984e-01,7.743260890407903663e-01,8.379403129210631906e-01,4.911041723238804280e-01,6.863705573529288451e-01,9.176612113869011544e-01,8.589376058742286268e-01,4.276304562049777491e-01,8.105124513364575511e-01,6.604990656570046692e-01,5.190122845148192887e-01,9.640885907508112140e-01,5.994434651447686502e-01,6.796855143979496638e-01,9.152377504631571403e-01,9.430848978916580583e-01,4.741554264175153466e-01,9.835813310806998944e-01,7.217210660124656618e-01,2.909642203448725706e-01,8.622588081219367817e-01,3.581783887427208990e-01,5.948443686738436043e-01,7.857495711974947783e-01,9.624432709849782830e-01,6.973484555064540791e-01,3.167511408524178451e-01,5.162833531868213921e-01,9.961685082879594422e-01,7.833048689866429770e-01,8.154760322130614192e-01,2.803922024288728054e-01,7.922830461993068951e-01,7.054485998936562696e-01,5.967530419941251552e-01,3.550049900435895411e-01,5.191302196266847080e-01,6.385887656336974860e-01,1.991806144006315893e-01,6.240089011770059146e-01,6.039654098170441771e-02,2.550653951913735007e-01,2.958131449191534479e-01,8.209752206684304277e-01,9.208807603754194382e-01,8.556085735046778940e-01,9.711238194106386334e-01
6.731577105857069476e-01,0.000000000000000000e+00,2.083771325872997016e-01,6.225889716335000212e-01,7.014741728789121167e-01,6.964068992891220278e-01,2.370007920421701893e-03,4.982532198011076496e-01,4.599593059859772293e-01,8.753593893407497495e-01,7.217091920028948504e-01,5.090635580051712239e-01,6.971934167042985742e-01,9.145856829051051129e-01,6.934254240359866150e-01,6.500063657449971222e-02,7.835901044118770420e-01,5.780348981212641846e-01,2.391738075456632806e-01,5.384569097631131118e-01,8.346980568013213642e-01,7.135349226739341466e-01,7.083766061091137933e-01,5.482373030671283676e-01,2.751132943362922245e-01,9.038498045161579286e-01,6.222951092591378908e-01,7.379814670869538906e-01,4.941359402547387258e-01,-9.568064972198543627e-02,1.415726767617120629e-01,2.315928068665155382e-01,7.971517513496835239e-01,8.181966762459746967e-01,6.407203346846754854e-01,7.130797632618288695e-01,3.863248657268697484e-01,5.797949544309992653e-01,4.493601387219315901e-01,2.836041754873356857e-01,6.259868145649941651e-01,7.974365323320193877e-01,9.584404967054169777e-01,5.776030785379628885e-01,6.642217432553340073e-01,8.836782399799202048e-02,6.049803353143439200e-01,5.569260551205286180e-01,7.187489084298880337e-01,4.923885406741072557e-01,5.976289633430525994e-01,-1.493524934373770818e-01,9.190006966386611298e-01,1.925815307529701870e-01,7.900674516131602765e-01,9.043891910462439343e-01,5.238412187108839602e-01,4.392133256757476678e-01,6.045908093663546756e-01,3.797994927196856052e-01,4.758397375916040284e-01,4.370070158301963548e-01,8.996011567932625796e-01,8.191586653301707877e-01,7.188819884730875964e-01,4.653734525432908220e-01,7.224953731951578861e-01,7.136954047848419469e-01,4.595872786693515621e-01,7.685000105737026521e-01,2.658181210066408173e-01,8.002815208979847661e-01,4.209512351283418718e-01,2.069054200063786264e-01,4.761426161226306464e-01,8.271347419407427681e-01,3.080305968960900809e-01,6.911522181766682760e-01,7.341585785478039750e-01,9.559412789325012760e-02,1.512925925393786286e-01,8.185759066936324491e-01,5.555319852969684558e-01,5.507855899333811145e-01,1.178105873986766555e-01
9.946003411477093437e-01,2.083771325872997016e-01,0.000000000000000000e+00,9.490229632667348536e-01,7.240569905772560322e-01,8.754512496886860395e-01,7.500818358162060495e-02,5.997655657371081528e-01,7.984013614692848648e-01,6.711772694128574912e-01,6.716464435524539534e-01,7.475653639503629933e-01,8.881484448143400767e-01,6.207338106284845392e-01,9.771098195367188266e-01,8.895844402631254422e-01,8.691085981579359521e-01,7.588189862549017395e-01,5.004192319211795414e-01,9.413222354306547413e-01,5.113704730926226238e-01,8.608173179831463129e-01,8.794264523822807877e-01,8.358367776692613438e-01,5.849411763741753090e-01,3.345807911572237225e-01,3.926608706006008420e-01,2.349817185867348890e-01,8.025352985271405615e-03,4.325534481844018342e-01,3.246210558947417585e-02,7.480041467255474918e-01,8.538105174359369443e-01,4.576779034314207850e-01,9.250348706826804213e-01,3.405168397564011656e-02,4.797080447574680329e-01,3.557216313116952078e-01,7.889046646214776803e-01,9.798319768179248879e-01,4.815280353585285056e-01,7.547804965394593335e-01,4.604790569340155848e-01,6.260454209856385344e-01,7.589731624487778827e-01,5.473210593298892812e-01,6.277795657716884747e-01,1.509062797451191928e-01,7.153358743637805439e-01,5.038562745979889845e-01,7.954022356499828028e-01,7.974740661804428088e-01,8.373392336273655090e-01,4.589197816661002016e-01,9.878142525120603423e-01,6.209277998317117575e-01,5.028947024196090965e-01,9.882537882051951605e-01,4.990980507226525642e-01,-1.233569083301931379e-01,1.587878245604546212e-01,9.343313672055045815e-01,6.789165795166881567e-01,6.365030280493680914e-01,7.491110392778473903e-01,9.400421062232993119e-01,4.551770194126222857e-01,-8.835454664622638399e-02,9.330304655489535248e-01,6.738543119278730398e-01,9.553671973514348270e-01,7.620493425067533799e-01,4.040191414529580860e-01,3.578986416599294063e-01,8.797215012563678327e-01,9.687394425437134693e-01,7.348596088860598341e-01,6.815156272685426453e-01,3.748210964677067825e-01,5.063676497510214564e-02,3.413740570126376217e-01,6.779357068577467338e-01,4.233270998155450604e-01,7.234965381237035142e-01,5.702444043286740705e-01
9.344043570516766817e-01,6.225889716335000212e-01,9.490229632667348536e-01,0.000000000000000000e+00,2.751229129210114310e-01,4.764283159847935156e-01,7.691130559547356693e-01,2.798164292384719420e-01,5.646119816396526492e-01,6.255426670009325285e-01,9.729293345940361881e-01,8.797173481828772790e-01,7.597085207016087693e-01,5.904448621432900612e-01,7.773750952655198443e-01,3.521832133690099842e-01,6.197294511845444775e-01,7.654485346035311277e-01,8.830182164197798375e-03,4.906142768870012660e-01,5.288138539774480673e-01,3.219019602135139713e-01,6.895565585337688486e-01,7.363579491166505342e-01,6.651708545234359393e-01,5.576805099029020774e-01,8.828243406709773700e-01,9.679783132571797566e-01,2.780582680766511827e-01,3.006191867192831157e-01,4.171892716406498947e-01,4.377189334939832754e-01,8.266343985335057321e-01,3.615067939340080860e-01,9.776560136767730169e-01,5.463312858115085824e-01,4.595108101692592650e-01,5.445944521123354809e-01,5.671693383026837898e-01,5.138766623390524924e-01,3.875400951005502082e-01,7.094435105322082213e-01,7.099396169348869412e-01,7.900684219090996496e-01,9.319099118559208694e-01,2.072036212742554562e-01,8.375860010092226471e-01,8.911501368289815872e-01,3.494510827246228857e-01,9.723065921273325030e-01,8.424115776132827804e-01,7.145067863497001071e-01,8.232077546637753818e-01,1.992051868743508480e-01,5.704450388990074394e-01,9.331508766356190199e-01,8.550992180267456000e-01,7.467393078905176784e-01,4.577912516404422649e-01,3.253814596488378008e-01,4.110941609720266676e-01,8.194825148704744100e-01,4.238603589590465570e-01,9.323354109264816447e-01,5.694058525410025107e-01,4.220297441648407366e-01,6.307780814518580970e-01,2.944067386937873065e-01,2.358807589196378063e-01,5.533524614662563845e-01,6.803551397636198317e-01,6.707582947742191104e-01,6.709887402170158222e-01,3.784791271606366969e-01,6.084776764865675869e-01,7.271044525945477011e-01,8.209077426271439437e-01,4.838344085658706217e-01,3.499745941118974080e-01,-1.558803121389509827e-02,2.650234932893612561e-01,8.270834084543273734e-01,7.678921745798867882e-01,6.517478850188963557e-01,6.702563543086419440e-01
5.165879923756324654e-01,7.014741728789121167e-01,7.240569905772560322e-01,2.751229129210114310e-01,0.000000000000000000e+00,5.815373249390539678e-01,6.960804997653073922e-01,7.954606153295372684e-01,6.493325539982992556e-01,9.939888260371095852e-01,6.259484714299049513e-01,2.624723745418875431e-01,9.565302117497820333e-01,5.924364862656230635e-01,6.075460292380483462e-01,5.207889630252304780e-01,7.066622208469518496e-01,1.755511451415276980e-01,7.705197933149814382e-01,9.818635189645890105e-01,3.515950673218475320e-01,2.364818978327503096e-01,6.375186747678354138e-01,6.876253960145334299e-01,2.767410693787737963e-01,7.290771077449953452e-01,7.380006982723423814e-01,6.575148085440027934e-01,1.076050082801557894e-01,3.754405229308866998e-01,5.299554023303323369e-01,7.126635140602902707e-01,4.692479790221550928e-01,9.865021225751359202e-01,5.394011357685689623e-01,5.120372341681114214e-01,2.653718217660796519e-01,6.997530725826626163e-01,9.522492661364263533e-01,3.758883494995749475e-01,2.781233554236009139e-02,7.822299525902703943e-01,-1.136346709288646728e-01,4.739805733928184606e-01,9.607895920241664722e-01,8.893110210783808922e-01,9.642257904380794331e-01,8.095090621540773634e-02,7.186236381429371711e-01,8.207147070426323854e-01,4.690215856394003291e-01,5.105294585592805579e-01,5.070108800082323564e-01,5.686035165621203813e-01,6.566434687838945683e-01,2.122492982831500341e-01,4.388760859272790027e-01,7.975986291942739337e-01,6.135718852319433925e-01,7.391612763083212911e-01,1.295398812704120217e-01,4.794827939637482106e-01,-1.458800236364666270e-01,3.779768687978583008e-01,7.711648759876769121e-01,9.547046485124843773e-01,7.393731322951859752e-01,7.883293899687258133e-01,7.564506037104922198e-01,5.941962695487027490e-01,4.761399874400155108e-01,9.971075317261054449e-01,2.110010459062007238e-01,8.687498004398431367e-03,4.053939079862863837e-01,3.110871416163917824e-01,5.703053956183511408e-01,4.026358311864010608e-01,1.853351321892971089e-03,2.159799445562132769e-01,3.077296566959948354e-01,6.884525871916241657e-01,8.215604560443955373e-01,1.826834545938813559e-01,8.787447542497140995e-01
4.848148513922193037e-01,6.964068992891220278e-01,8.754512496886860395e-01,4.764283159847935156e-01,5.815373249390539678e-01,0.000000000000000000e+00,7.227092317828107682e-01,4.841464661833858735e-02,7.960439115312746283e-01,6.047521475640429411e-01,7.192907784461376464e-01,9.553506222272803994e-01,8.029672251619304202e-01,6.234262642342789373e-01,7.509296914669526535e-01,2.561671379962751072e-01,7.287506231139616597e-01,5.220859500061357794e-01,9.425485425977676579e-01,8.275339043802394379e-01,9.595773675595303809e-01,4.154959628204143440e-01,6.451349972594564441e-01,9.800551568234568967e-01,3.937488124057072492e-01,4.280479849097527656e-01,6.500555370296081659e-01,5.549888276415092525e-01,5.015099222285278602e-01,3.839144324794619978e-01,2.080711589485050861e-01,2.138539523019336239e-02,4.158436764158904286e-01,3.160872967140118672e-01,2.855115829290430507e-01,3.329726189136524295e-01,5.660105881895011182e-01,5.042610502499041969e-01,7.871017716500712247e-01,8.064222676402912349e-01,-1.019489387830871396e-01,5.185731324871081238e-01,7.055593267404595137e-01,1.392898783204968849e-01,8.607396217743035205e-01,5.229416051391670983e-01,6.537703166582657932e-01,4.870726349803610189e-01,7.497910718106132189e-01,4.605898965542641887e-01,4.439407383470033719e-01,5.501301307935134721e-01,8.102237475958392610e-01,4.123458656909600450e-01,2.254359256194501115e-01,8.299572785593349877e-01,4.797162462455633603e-01,5.038391407704874148e-01,4.012261988706379845e-01,5.528571349491494535e-01,6.597518670773557803e-01,5.773941389347667652e-01,3.984047232188104859e-01,5.138691538118311808e-01,7.025231109856934220e-01,4.933969923266652291e-01,3.596791771891747480e-01,9.787613030855990548e-01,1.525033858343713966e-01,7.225049320586883761e-01,7.330844794175588319e-01,6.482114855338598769e-01,3.237601525534085645e-01,5.754115151792513760e-01,5.538428603169045505e-01,5.286816559584066599e-01,6.950387825016738352e-01,8.082636389641852936e-01,5.364563489199232205e-01,2.741689690183616857e-01,7.923180328637097203e-01,6.666172527465682451e-01,7.103895343536937856e-01,4.857918251441049606e-01,6.321108850658199163e-01
9.350456669099487250e-01,2.370007920421701893e-03,7.500818358162060495e-02,7.691130559547356693e-01,6.960804997653073922e-01,7.227092317828107682e-01,0.000000000000000000e+00,4.069424618137867378e-01,5.354569383108801484e-01,7.534533176368527485e-01,6.077452530841871425e-01,4.875460001974929458e-01,2.050123972681694717e-01,5.617900342058520513e-01,2.403363853846001708e-01,4.336712190407187029e-01,8.000096877179597721e-01,2.472417264205856169e-01,6.408285619129530097e-01,8.788295930503444708e-01,1.579342080444393615e-01,6.413711476914353282e-01,3.447275628201378339e-01,3.031202987443698538e-01,4.147646697105054070e-01,6.287987828340645402e-01,3.499450441315353766e-01,3.686830350203450513e-01,5.336731508413141700e-01,3.778222508925627166e-01,9.959576808217895927e-02,7.044219150913422212e-01,4.195886604250986807e-01,2.943134901828128314e-01,5.414901858424923109e-01,3.708794146613028087e-01,6.037559162581496164e-01,5.228330369377245379e-01,8.942381228369181700e-01,3.362243994195391883e-01,3.921994862056617515e-01,5.164757702604448886e-01,6.604140705486284402e-01,3.758068599461794057e-01,9.255843546521481668e-01,7.239572987336265752e-01,4.422213499659396474e-01,4.285929556070272595e-01,4.326572275022707581e-01,6.538310728817297024e-01,4.722430625702915274e-01,2.362446925907256134e-01,5.736567133290163545e-01,5.249361237079135378e-01,7.360909503374151175e-01,5.560347780774156368e-01,6.917316618482189927e-01,5.642316038044402626e-01,2.668793970618398292e-01,2.300995113062783148e-01,2.772809652233627631e-01,4.865733447169335313e-01,5.640323040710342184e-01,7.109098037983609952e-01,7.627385156851692605e-01,1.105332057952963382e-01,6.751510562986398067e-01,5.910517284080855083e-01,7.205625309603942430e-01,7.842002312109118689e-01,6.646977729836995863e-01,2.985341129756765577e-01,2.091564594165609692e-01,7.546305889492426200e-01,6.633031371282342992e-01,8.372675255917809700e-01,2.461296414792434883e-01,7.158352410182815539e-01,5.409062363499685944e-01,6.275480364356367247e-01,7.436430753242497804e-01,6.803480400097329239e-01,2.091739904311837039e-01,7.771932709508297954e-01,3.858484131800572481e-01
4.945275219525197552e-01,4.982532198011076496e-01,5.997655657371081528e-01,2.798164292384719420e-01,7.954606153295372684e-01,4.841464661833858735e-02,4.069424618137867378e-01,0.000000000000000000e+00,2.174167389572339570e-01,4.101719742185928608e-01,7.511252850449651186e-01,4.941214888743692413e-01,9.284810881311575947e-01,9.146320464123792737e-01,6.902065869314957247e-01,5.058325609143246027e-01,4.042674427064136267e-01,5.733142599589127197e-01,5.153186882801736868e-01,6.901034170282224212e-01,6.529075741822011336e-01,2.736424415909965435e-01,2.504293738340643283e-01,9.800161217875444919e-01,4.223945604525912723e-01,7.396051938179297736e-01,6.975002999165074158e-01,2.632412661368368489e-01,7.035887057190446381e-01,6.774181230517102303e-01,5.655322305859662446e-01,3.759404553243763658e-01,6.038206009468159996e-01,3.329090397465738205e-01,5.143854343635675397e-01,5.594668392290931269e-01,-6.640298598776187000e-02,4.316524611790784061e-01,7.377513585974859733e-01,6.495376991213545059e-01,3.006529172956217688e-01,5.232111410986388655e-01,4.208843531798083792e-01,4.990340236626661929e-01,4.463021717941454969e-01,5.933155182958484986e-01,4.998061292746316386e-01,5.815485754847984357e-01,9.493628651290675347e-01,4.451575123059284822e-01,6.748414660293298173e-01,7.911637019950048533e-01,5.073541565032589906e-01,4.162245603253701409e-01,8.143102557914558837e-01,7.019381087683759235e-01,7.973041896758541469e-01,4.938802472687562339e-01,8.621044330770988307e-01,4.563786736687191481e-01,4.514427535857066798e-01,6.076856200531950414e-01,2.528056750031688060e-01,6.943089748897243174e-01,9.383678911999866479e-01,3.093150649236154348e-01,4.753287352505322083e-01,8.229870473462783664e-01,5.445620211643857900e-01,5.378866632064905895e-01,4.755994835080117888e-01,5.435199241510982326e-02,5.819479610365061450e-01,2.083268681667301281e-01,4.774138738537059834e-01,5.130128180461900333e-01,3.600349075120562459e-01,2.221483302406259686e-01,-1.559200219733898884e-01,2.451385785840845544e-01,4.514803885790361071e-01,5.897349437434249442e-01,4.922334191489691757e-01,1.455315966883614642e-01,8.676097972838420214e-02
4.390463446837202799e-01,4.599593059859772293e-01,7.984013614692848648e-01,5.646119816396526492e-01,6.493325539982992556e-01,7.960439115312746283e-01,5.354569383108801484e-01,2.174167389572339570e-01,0.000000000000000000e+00,1.095325982316331520e-01,4.103947662414763609e-01,5.233572685756231468e-01,8.008030216131337697e-01,6.747529777480342217e-01,3.894751053479106329e-01,8.678463718651022729e-01,4.400059650404130607e-01,5.509974543169766648e-01,4.863388272085785724e-01,7.889077222493852126e-01,6.168833470593269031e-01,7.299263052116478079e-01,2.825617793256436361e-01,5.411576167297714735e-01,7.179074250034342963e-01,2.864934537502614176e-01,9.268278262244222798e-01,7.444898748790322873e-01,5.958403202088445871e-01,6.018409714887489326e-01,4.149620050078255962e-01,5.610207183893847205e-01,4.811339584096188116e-01,4.629083289423725489e-01,4.634168919392420705e-01,5.648640300670603187e-01,2.421205759531072088e-01,4.256204334294070857e-01,4.970707644093932398e-01,6.596725908562701690e-01,1.185138186080425815e-01,6.301437556026937559e-01,4.744048492488224245e-01,5.220466456919745646e-01,4.750600729663389532e-01,6.992518894256973816e-01,6.644756031909876404e-01,7.162558981867015451e-01,6.440011658641585646e-01,5.622588195071214212e-01,4.471522367889693705e-01,5.386328632097934221e-01,9.412425724629120971e-01,6.144393636703491257e-01,8.322186453686014618e-01,6.881882872438460641e-01,4.144082876978183450e-01,3.324485108352409624e-01,4.975220767590537441e-01,6.381521281063272655e-01,7.947036611279183482e-01,7.246175915591837047e-01,7.965860767420440691e-01,7.551345409575037637e-01,2.415146250928547067e-01,5.146094221857008266e-01,5.459620225132986171e-01,6.553365772639930809e-01,3.382131748795786375e-01,6.686207407445331485e-01,5.781137913710433507e-01,5.858920570633675551e-01,7.875488636311305246e-01,7.649081650018414447e-01,4.739331386959498293e-01,6.273453520888155888e-01,7.471757978131734479e-01,5.482566371515060766e-01,4.273226294191565522e-01,2.489941808089685960e-01,3.667999371177846357e-01,9.584234744936329653e-01,7.610531202816493979e-01,2.387320729027493649e-02,2.960999429016647477e-01
5.901176944390332801e-01,8.753593893407497495e-01,6.711772694128574912e-01,6.255426670009325285e-01,9.939888260371095852e-01,6.047521475640429411e-01,7.534533176368527485e-01,4.101719742185928608e-01,1.095325982316331520e-01,0.000000000000000000e+00,3.092035545674383101e-01,6.135772624474308268e-01,8.812361518955225126e-01,4.144326772423250205e-01,8.576567745376804941e-02,7.129129269000906710e-01,6.063385430584653513e-01,5.512677730584463198e-01,5.778687835453663046e-01,7.019999258434959089e-01,6.278200087956318232e-01,7.022752840032221444e-01,7.679617677265493381e-01,9.645405181603746714e-01,8.890828987882631873e-01,5.859974507823003664e-01,5.773257297570090207e-01,6.927796775928510842e-01,7.562303324144059591e-01,4.280851148623578961e-01,9.485095193332331309e-01,4.582183416343506566e-01,6.247339477038209576e-01,1.272282078750899548e-01,7.598653111989378539e-01,6.029411346459163656e-01,7.140253619842645838e-01,6.234847113599575330e-01,4.693118428648318519e-01,7.700338990691143470e-01,3.476389888466812073e-01,8.041347450216608239e-01,4.884752814925811815e-01,8.230008671490077754e-01,4.205076744994657445e-01,7.010850586093037018e-01,3.489728567287129213e-01,5.001540467000160639e-01,2.252579348776289139e-02,5.989383789353270870e-01,2.645278145325545838e-01,2.454926146421447242e-01,4.103047406012573228e-01,6.515223752495329368e-01,6.275437414920126411e-01,7.039579607993876609e-01,7.127991490884220127e-01,7.190342430362022252e-01,9.470611893369730305e-01,5.528926615000533396e-01,5.459335423930954390e-01,5.432845775717245473e-01,4.991313141737918624e-01,4.813651772179307065e-01,9.216396324052191780e-01,6.841041108056867825e-01,7.099871192843677514e-01,5.878528894700651986e-01,6.654992653536526692e-01,6.125803660428549291e-01,8.912437472904763958e-01,8.052087046941560633e-01,1.647006845920646334e-01,2.397975445620842694e-01,8.436321923959118063e-01,9.796116148020683756e-01,4.292373143640026978e-01,4.877850452086415212e-01,4.504501073626654417e-04,4.104386950352114094e-01,7.431275964396528710e-01,7.373830480923407871e-01,4.087579697324134620e-01,-2.857120252731612520e-01,6.747087512220127925e-01
9.431264811362428668e-01,7.217091920028948504e-01,6.716464435524539534e-01,9.729293345940361881e-01,6.259484714299049513e-01,7.192907784461376464e-01,6.077452530841871425e-01,7.511252850449651186e-01,4.103947662414763609e-01,3.092035545674383101e-01,0.000000000000000000e+00,9.204200869820535758e-01,8.231727434267216426e-01,7.180746576657492941e-01,3.824549250720779003e-01,6.995859768020893377e-01,6.271450076879123703e-01,7.006504982276915428e-01,7.232650733674084176e-01,9.632956604904265863e-01,8.366538936010832206e-01,5.419405971548770795e-01,6.765104894845055394e-01,6.997885300769094430e-01,5.713070586033979215e-01,4.899979915150408649e-01,6.285683177503473829e-01,7.465174767809796830e-01,-1.278281741798235061e-01,4.364505156554288057e-01,5.044273380677757324e-01,2.598959311728263888e-01,5.817254062239090029e-01,6.582036588910665786e-01,7.465109722181757501e-01,5.267913949231919357e-01,1.159070302336291658e-01,2.239983674130033298e-01,3.181196532867767712e-01,8.578083840280477101e-01,5.729176902348658285e-01,7.782079629367747442e-01,8.508304455064625849e-01,1.225457782185022243e-02,6.748195434981240082e-01,4.302334871862037446e-01,6.082045178888263459e-01,6.837344055894144512e-01,9.482078865474775631e-01,7.102888249719297997e-01,4.356193663445805941e-01,7.932400645058590438e-01,6.108343872916486283e-01,6.120917810302410889e-01,4.016810830437022584e-01,4.912103656144823360e-01,7.857883806900289869e-01,8.212414262723640723e-01,9.597712697004283644e-01,4.771665341019089013e-01,4.820340172944303503e-01,3.615681824188912152e-01,3.823433398207057299e-01,2.755117510824640625e-01,8.310055232854112184e-01,5.015505940330816648e-01,8.349869763413374502e-01,4.100052819478908761e-01,6.592943689078729630e-01,3.815440196541166618e-01,7.588495327498698817e-01,4.391476221280419256e-01,3.715694970439077927e-01,3.068602731156379604e-01,6.557308609013409173e-01,6.685934560051125519e-01,4.732691280439231818e-01,2.782725737466134608e-01,2.915393330636144031e-01,7.508734506376929518e-01,3.920102826352258596e-01,9.244725638953080749e-01,3.024868918562180764e-01,-1.094424574257452931e-01,8.187823122518588237e-01
6.667619808158898875e-01,5.090635580051712239e-01,7.475653639503629933e-01,8.797173481828772790e-01,2.624723745418875431e-01,9.553506222272803994e-01,4.875460001974929458e-01,4.941214888743692413e-01,5.233572685756231468e-01,6.135772624474308268e-01,9.204200869820535758e-01,0.000000000000000000e+00,9.450876162770619482e-01,8.081553754573400639e-01,5.425457513726914538e-01,3.042804625518716888e-01,5.668075756712540603e-01,6.784003380119989490e-01,6.304555730213041720e-01,9.106209179090145600e-01,7.402674621189494486e-01,6.871805917151151410e-01,7.925987965767321564e-01,3.593004467318190454e-01,5.799010615603479302e-01,4.263225891378335519e-01,5.151122979769083843e-01,7.471225771006997363e-01,4.207363237743497741e-01,1.259041820895904773e-01,4.945365034276919536e-01,4.043187710301233695e-01,7.946404306047074595e-01,8.586906212595630805e-01,6.510507029946339674e-01,5.649684397679097803e-01,4.744282636836328892e-01,4.792243960769033140e-01,9.432238120211913213e-01,9.582054686333151272e-01,2.979291179324385364e-01,5.819506245383019305e-01,6.826284794441911385e-01,4.943205443560925172e-01,4.892687304511595392e-01,6.977681324003055519e-01,8.358094193690654983e-01,7.992881465516332717e-01,7.208189160158927633e-01,5.652796961327378744e-01,6.805930415024451507e-01,6.216655492986451481e-01,7.010964071637836303e-01,4.774304039773830111e-01,2.532095684883305386e-01,8.195736363229587651e-01,7.796869208921077821e-01,6.767315457991399663e-01,8.568954978244764931e-01,5.818848237994198591e-01,2.643138950936749776e-01,5.207752595617722857e-01,5.205517544115392248e-01,3.007819413909887940e-01,8.689168631388619612e-01,7.014636049849256594e-01,5.515960257968971492e-01,9.269785646446551119e-01,6.070232873413309305e-01,3.254880078256402465e-01,2.379149091905814750e-02,4.363458864147536920e-01,3.215931185436199380e-01,4.289220050837962983e-01,6.095661704780552803e-01,7.921670600051489153e-01,7.857936178054641951e-01,7.795319011296397704e-01,5.752067844864854340e-01,5.463319743476405810e-01,4.898685402296735214e-01,7.876811917945190089e-01,3.188309305576383368e-01,3.698347915328911717e-01,6.456496909304693110e-01
4.453346361841565293e-01,6.971934167042985742e-01,8.881484448143400767e-01,7.597085207016087693e-01,9.565302117497820333e-01,8.029672251619304202e-01,2.050123972681694717e-01,9.284810881311575947e-01,8.008030216131337697e-01,8.812361518955225126e-01,8.231727434267216426e-01,9.450876162770619482e-01,0.000000000000000000e+00,6.383586230936767469e-01,9.282691598536669808e-01,6.286320097494957349e-01,9.458991849725404411e-01,6.197603868148836570e-01,5.759806001254700325e-01,9.408305939247393335e-01,8.962334341752462574e-01,6.421482996621480366e-01,7.908775674363467401e-01,9.170875585312108225e-01,4.490640797830526831e-01,7.905478715710948512e-01,8.476053838294627107e-01,8.166615665496872456e-01,2.754859062320690888e-01,5.542053121082888278e-01,4.240602517212307410e-01,7.948373933843058126e-01,8.051579993544973890e-01,1.357932667193633702e-01,6.768753967174709896e-01,4.739764255962500283e-01,5.252433505921754175e-01,5.263809779843038328e-01,6.205019856596430960e-01,9.898051518513428793e-01,5.533400253975111482e-01,8.968384914062337288e-01,8.784921431517223045e-01,7.007686464641104118e-01,8.816332351541877888e-01,4.135792518851654220e-01,8.729693384533068201e-01,3.826545188799906905e-01,9.310223279437485067e-01,7.391965477783343230e-01,5.782268148554756682e-01,4.730822582527712816e-01,9.735045440042331411e-01,3.404569636992307857e-01,7.036950350962069001e-01,8.949067323768622462e-01,8.412840673576899020e-01,5.430502064913437232e-01,9.618456296902077041e-01,4.407638620937369689e-01,7.216378117578263751e-01,2.663811886375039850e-01,4.721088806778316882e-01,7.276314741114162654e-01,2.062382998935762823e-01,7.882138981270332412e-01,5.655870940912179901e-01,5.367589809282187485e-02,7.765010092231878769e-01,6.260750782353097232e-01,9.268617213791934262e-01,6.251184690355313656e-01,3.203110382416560209e-01,-2.164025439976166587e-02,6.179802480686766852e-01,8.558134664083523191e-01,9.409893177196875236e-01,4.380272150525221786e-01,3.340694317537163949e-01,4.661270587860893988e-01,6.364248413968294216e-01,4.953250309250973316e-01,7.626609350771744733e-01,2.177047156800863137e-01,7.268008733187408810e-01
6.088561735796164109e-01,9.145856829051051129e-01,6.207338106284845392e-01,5.904448621432900612e-01,5.924364862656230635e-01,6.234262642342789373e-01,5.617900342058520513e-01,9.146320464123792737e-01,6.747529777480342217e-01,4.144326772423250205e-01,7.180746576657492941e-01,8.081553754573400639e-01,6.383586230936767469e-01,0.000000000000000000e+00,7.056019272305308343e-01,8.462693473672177058e-01,6.194252720870557782e-01,6.842357957526762346e-01,3.387290487491336766e-01,5.875867536174328443e-01,6.258561447907674546e-01,4.937385991080189829e-01,5.017684513667250989e-01,6.218058791938261276e-01,5.077297392358258721e-01,6.189176604632181666e-01,8.057306595178234110e-01,7.349316509442032075e-01,-1.487319618963036938e-01,6.168236429698009671e-01,4.889097283034371522e-02,4.725420070138754980e-01,6.714668941166983540e-01,7.677426832821754310e-01,6.726440698249236405e-01,2.244936086255602259e-01,6.368667389466646511e-02,6.297409556316683199e-01,8.275042019126033210e-01,8.927406654224918636e-01,3.129685406959186594e-02,7.353874434441510788e-01,4.146876007258434305e-01,8.450091655657648859e-01,6.567205461731898675e-01,7.774845106962084973e-01,9.039340741843542304e-01,3.705156237427591481e-01,6.688009492038915482e-01,6.594717127664708745e-01,4.911813827129232202e-01,3.166882272738505422e-01,7.835911449041976784e-01,2.925304147688202461e-01,6.042428659647962608e-01,6.201754934036420863e-01,9.310532173870167405e-01,6.868192943109268089e-01,7.329250545754173451e-01,3.064965181754566656e-02,6.328583091238311475e-02,9.001573951906703952e-01,9.977339375299963953e-01,4.768147831454259133e-01,5.847541448038442446e-01,6.184096055088723620e-01,5.844957686533204244e-01,6.835694621762411494e-01,5.207011506922302191e-01,5.593193883447832304e-01,7.381724898904213905e-01,6.524780264416448761e-01,4.923232228326777093e-01,1.958260241554187209e-01,4.449420198052637110e-01,9.613002792434388599e-01,6.901346749046993745e-01,9.942169649585774760e-01,5.383253665364712282e-01,2.169509036864410156e-02,2.143013497184058092e-01,6.926476097300301449e-01,4.725104130315282980e-01,5.738969819479249335e-01,9.785912915663930178e-01
7.943453978157503093e-01,6.934254240359866150e-01,9.771098195367188266e-01,7.773750952655198443e-01,6.075460292380483462e-01,7.509296914669526535e-01,2.403363853846001708e-01,6.902065869314957247e-01,3.894751053479106329e-01,8.576567745376804941e-02,3.824549250720779003e-01,5.425457513726914538e-01,9.282691598536669808e-01,7.056019272305308343e-01,0.000000000000000000e+00,4.132514659843650184e-01,4.805919288060898076e-01,6.258828716261904956e-01,7.875617048480458848e-01,7.904902980641177468e-01,8.421027929781872423e-01,4.593822200302459802e-01,-1.027749083052050538e-01,9.864095999513415869e-01,4.362100497901463259e-01,5.935288838688835833e-01,4.024622788639772852e-01,2.109374109372978146e-01,4.716941715428991655e-01,4.319720335816473050e-02,2.186857187159286509e-01,5.002132119956300693e-01,2.876744727277321112e-01,6.303319015986644791e-01,5.587366963226113592e-01,4.926551332211233092e-01,5.046220199000688300e-01,4.914062007198219395e-01,6.774205589806625571e-01,4.691692255366866626e-01,4.853561564311407728e-01,6.944777471749119524e-01,9.187510080450683736e-01,4.830599467743046382e-01,3.065521434866647077e-01,7.196451139646866668e-01,5.600539531506874003e-01,4.504069425766882295e-01,6.298449550402666075e-01,3.983929757359989665e-01,8.957991482824986251e-01,6.560396950989485498e-01,9.819620869212949410e-01,6.280421562254624446e-01,1.842034503997551642e-01,9.398202005588237595e-01,7.370477376103272693e-01,8.163611901524289172e-01,7.260590057093013749e-01,2.588602554607596362e-01,5.270743696643420684e-01,6.138201161839547115e-01,3.912176694104841923e-01,8.891620479545931932e-01,9.265601949197206366e-01,5.837863608652431591e-01,6.230364215708482645e-01,9.713479933538957667e-01,2.681725244037405642e-01,5.370109592552056998e-01,9.984094264054688139e-01,2.772477514755138928e-01,4.421159105197060013e-01,7.608779625215922326e-01,7.470998147972144343e-01,7.075419418524644399e-01,9.503116960628710252e-01,8.039976660607094372e-01,7.178886151256930193e-01,4.258050907536213292e-01,8.634453875236032250e-01,5.795104243540619704e-01,3.143359483573437974e-01,5.724386431010947129e-01,6.164251769897142186e-01
3.998844561609243842e-01,6.500063657449971222e-02,8.895844402631254422e-01,3.521832133690099842e-01,5.207889630252304780e-01,2.561671379962751072e-01,4.336712190407187029e-01,5.058325609143246027e-01,8.678463718651022729e-01,7.129129269000906710e-01,6.995859768020893377e-01,3.042804625518716888e-01,6.286320097494957349e-01,8.462693473672177058e-01,4.132514659843650184e-01,0.000000000000000000e+00,3.097846340468590198e-01,7.522403187784645340e-01,6.109948094538041330e-01,1.969058604021822756e-02,7.875643457849003104e-01,5.487941983065593998e-01,8.193109046985787014e-01,9.141170940210210372e-01,2.609702915789947619e-01,6.281317542780583407e-01,6.620865958844444066e-01,2.606642189416633060e-01,7.462814793056662399e-01,-1.233889614001257851e-01,5.405063248498016559e-01,2.821669613539772858e-01,6.888394978225478305e-01,7.928322293980725188e-01,5.649688433314721259e-01,2.721443321076958965e-01,2.151346524704485230e-02,3.046215737128310508e-01,7.300721769481943735e-01,7.209404851482150711e-01,4.556756689864114307e-01,1.738915086208141780e-01,5.933112405651352894e-01,9.764403807869929119e-01,8.202819666080308769e-01,9.761107484656845745e-01,6.064073398864436859e-01,7.519538082355615716e-01,7.968578255595366588e-01,9.542860262813391836e-01,6.800642994752265080e-01,7.983859244510360664e-01,4.904307831097319825e-01,-1.146880845846397906e-01,9.706136516393206737e-01,9.664754242374421489e-01,4.196095598700833040e-01,6.331545245279677214e-01,9.979903166067147779e-01,5.329306016677961555e-01,1.336564288232085229e-01,-2.791156312177414667e-02,8.616198609827650789e-02,6.199416143044689242e-01,6.649757884375430139e-01,2.182363418116150533e-01,4.107023588815449378e-01,5.097950356670714056e-01,7.739224825589362533e-01,2.653889888781308937e-01,8.920899957663172009e-01,7.459713148339257582e-01,2.853613451304768955e-01,6.998297348337337853e-01,3.364153153147263486e-01,1.408709324640331773e-01,6.691511729256074403e-01,6.914382219686789899e-01,2.370708249100220710e-01,5.799309727759259792e-01,7.636261890539444153e-01,5.983092100470239760e-01,8.505042076210650448e-01,-1.817164546290643834e-01,4.286032359206798370e-01
8.023848402767956856e-01,7.835901044118770420e-01,8.691085981579359521e-01,6.197294511845444775e-01,7.066622208469518496e-01,7.287506231139616597e-01,8.000096877179597721e-01,4.042674427064136267e-01,4.400059650404130607e-01,6.063385430584653513e-01,6.271450076879123703e-01,5.668075756712540603e-01,9.458991849725404411e-01,6.194252720870557782e-01,4.805919288060898076e-01,3.097846340468590198e-01,0.000000000000000000e+00,7.955452253438036747e-01,6.653096384435397415e-01,7.789168587525207021e-01,5.002642790858893296e-01,8.756739558123227685e-01,8.582450221836080972e-01,6.768481292112027425e-01,7.245886949311508562e-01,4.401884642933371339e-01,8.386323619784825656e-01,4.021209131380933943e-01,3.607886947911871367e-01,1.323405727897664086e-01,9.965321081699877181e-01,7.941001311982052169e-01,9.281114900882150298e-01,5.072843526621462207e-01,6.664541861488548768e-01,2.826958480900484405e-01,5.292156512045111949e-01,6.101113154736272914e-01,8.412560548582224129e-01,7.132174270364229907e-01,2.915166691147206834e-01,7.540214300223551103e-01,8.048722476011728189e-01,4.734649600167711303e-01,4.795411690379960956e-01,8.879094366920377013e-01,7.730827789920460269e-01,4.087169303623244265e-01,5.583265548121277844e-01,6.241058181825054341e-01,5.434139725813080801e-01,7.383059859136864578e-01,5.283122326176294958e-01,2.900419457961333491e-01,6.662953960454300883e-01,6.601423449820740252e-01,-5.888387067920916595e-02,8.631937942896810156e-01,8.009269330216519656e-01,4.082914511862528739e-01,2.039767262112163748e-01,3.404767154504137472e-01,1.968354776976432297e-01,3.297436834584580589e-01,6.577769442805525557e-01,6.458481652005019225e-01,6.865720086781385012e-01,8.608102650757105678e-01,2.923858252231426591e-01,6.906748642274463945e-01,7.457949266531708199e-01,6.228731328597338912e-01,3.855262298060710968e-01,2.191469044472005856e-01,4.912908032320756346e-01,6.325485037611540129e-01,9.228770220081781162e-01,7.447757966459922496e-01,4.762945524338607073e-01,4.838886079177234789e-01,7.513017953272191907e-01,7.376231235492851646e-01,7.555021294743132776e-01,3.021856475112340568e-01,7.313771220569029730e-01
8.307321865915746617e-01,5.780348981212641846e-01,7.588189862549017395e-01,7.654485346035311277e-01,1.755511451415276980e-01,5.220859500061357794e-01,2.472417264205856169e-01,5.733142599589127197e-01,5.509974543169766648e-01,5.512677730584463198e-01,7.006504982276915428e-01,6.784003380119989490e-01,6.197603868148836570e-01,6.842357957526762346e-01,6.258828716261904956e-01,7.522403187784645340e-01,7.955452253438036747e-01,0.000000000000000000e+00,4.158960656229072073e-01,7.039084716353476434e-01,9.364587115143947482e-01,6.840351906037253071e-01,7.835046735746306057e-01,6.231747928396119685e-01,5.206560694377871945e-01,4.688911372740982575e-01,9.611979597543381937e-01,6.816891329793505205e-01,4.943505481796063306e-01,7.706186053642990474e-01,9.835428727607438415e-02,-1.103264808140075048e-01,4.016406111816577806e-01,5.531843528833177981e-01,7.976643732723380786e-01,7.900285133749276878e-02,2.642012001713102132e-01,4.469311901968796019e-01,7.300340234136668549e-01,6.305115847099939108e-01,2.385609876217389125e-01,6.285350471215711554e-01,9.956376310309285049e-01,4.448060281541506567e-01,9.448591692945462750e-01,8.194660910749494986e-01,8.543963897850470612e-01,5.810497485899661640e-01,7.857418699033424936e-01,2.905483642466263339e-01,6.748724018406707659e-01,1.854880189894440035e-01,1.385636767993891350e-01,5.877300698757019770e-01,8.543211567641416648e-01,7.061291452813797109e-01,7.840129412065155456e-01,5.585848857228339348e-01,4.811268777611337755e-01,3.432633692271677694e-01,2.697883571141188042e-01,6.262494685570761943e-01,2.176422262886111292e-01,5.490544692955150463e-01,5.613912670563310225e-01,1.939961893920698066e-01,6.754722391609930821e-01,9.410431118991019472e-01,5.999762003105191255e-02,4.190786269144261000e-01,9.122941377190688095e-02,4.083182057467562021e-01,2.837316768875524087e-01,4.553944831760892709e-01,5.348651741009313731e-01,5.593289299307525608e-01,8.786821667513647904e-01,5.506044824396025966e-02,2.663652228752774187e-01,3.970149554675855841e-01,7.389819173677100173e-01,1.971700213839563398e-01,8.028914589890387976e-01,3.113396961050741152e-01,5.660958975006040728e-01
