0.000000000000000000e+00,3.990327014773054071e-01,7.191836510232838542e-01,6.483277269009557475e-01,7.183000554560060591e-01,7.527002100954083286e-01,4.031180089866623906e-01,6.166877077518576611e-01,9.238371045002290449e-01,6.594772709183732706e-01,4.679816716032910717e-01,8.744370487686974336e-01,9.822648559234494758e-01,2.373352099706655394e-01,5.964246493464879784e-01,2.325327511306271300e-01,8.222352120565139533e-01,6.683807410573414653e-01,6.950771764333124603e-01,1.199861939863255955e-02,3.471559086218685142e-01,9.825754533380294253e-01,5.123705241702103397e-01,7.775715672537622525e-02,5.959123006573043835e-01,3.738234706164630383e-01,8.561008320126826110e-01,5.704193282724235869e-01,5.214129531050184507e-01,4.579864053894582843e-01,6.433685048978537990e-01,9.840554645566004233e-01,9.856501487938704731e-01,6.926108277530640400e-01,5.823287366759776207e-01,4.603913587900059778e-01,2.686042676618209946e-01,4.592356607528523260e-01,9.324726637687161812e-01,5.555886189877524695e-01,9.385326755411999011e-01,6.033220741573634971e-01,7.061654723706307646e-01,7.514897025140760967e-01,7.424883977088785336e-01,7.019564624708396483e-01,8.807329019311402885e-01,8.868543336299455904e-01,8.310709085705552113e-01,9.098514339203436219e-01,5.408673694521852759e-01,8.130216792699043182e-01,2.170544552814441253e-01,5.291201957736317851e-01,7.695409682357984282e-01,3.726089572889229595e-01,6.883517880788444510e-01,3.797896881601214858e-01,7.042386534790043839e-01,-1.592468386091238364e-01,5.186284142580199763e-01,4.731198745051049537e-01,7.906788012607308680e-01,9.997879478823469279e-01,8.927271071548275039e-01,6.288259277193571917e-01,6.266943143974303965e-01,5.263109900675745356e-01,3.131357315138455499e-01,7.189311567760447996e-01,6.632723622760451354e-01,9.439486380673433041e-01,2.818752088249073529e-01,5.319451986279342126e-01,7.026869380444177304e-01,7.228944341916411220e-01,9.161399876908814521e-01,5.221499778608087450e-01,2.170363175336049444e-01,1.355491681503910029e-01,6.617285970316556520e-01,7.011276220969266948e-01,9.018880631105826717e-01,4.755623024996428194e-01,6.886734470420127208e-01
3.990327014773054071e-01,0.000000000000000000e+00,6.148691338138084772e-01,7.108678711248731519e-01,8.952785494693435986e-01,5.660256857450366441e-01,5.978175281147850573e-01,6.225360614184127783e-01,5.871311964932729444e-01,4.379031623408067841e-01,6.945411479013524625e-01,6.826861102998909026e-01,2.865248374412524002e-01,7.130283473547618378e-01,6.405093672343031841e-01,5.592583967908446585e-01,5.845500003362871233e-01,6.114001720671227158e-01,8.560748272983691454e-01,7.790144821682787324e-01,8.342320365143576222e-01,4.051032185897881499e-01,5.377113051668198640e-01,9.655954603017737892e-01,3.698863805596434018e-01,7.035848746640600559e-01,7.648352134177687223e-01,3.694633787119979695e-01,5.433866036644846575e-01,3.359281407806814501e-01,5.772046482059858263e-01,8.922618299535333142e-01,6.111947093116566476e-01,7.283047125159991704e-03,7.580796520858160692e-01,2.470279462011564231e-01,5.251707850829679947e-01,8.876162241753999815e-01,4.252944341041514087e-01,1.564766874400936036e-01,4.854384502821694758e-01,3.469990430142925186e-01,6.062440227842731399e-01,5.718186936047036095e-01,8.887575080116988380e-01,6.331752998128969967e-02,6.514761094370021821e-01,7.490791388003913420e-01,2.195665160011502359e-01,6.930273285739059208e-01,2.629308447097239432e-01,7.055101349579186998e-01,1.115777146850272048e-03,7.674975437044782023e-01,9.353418936068085277e-01,6.578662005858542106e-01,5.317349948230324364e-01,7.146015351124311854e-01,4.187384152823048211e-01,7.387768459775791996e-01,7.364903408361993531e-01,2.153992476297638681e-01,8.695353625151049926e-01,9.536449032944517290e-01,7.709961827098348319e-01,6.211504664365276041e-01,7.807724928625177085e-01,6.590377206044792935e-01,6.841129019503777720e-01,9.079546474310961068e-01,8.657381392173766343e-01,2.167089870560472142e-01,4.129752383475993049e-02,1.587755669205701270e-01,3.815089054145643921e-01,9.654444445748023851e-01,9.083963047095727772e-01,3.831769401541779696e-01,7.727146822024651140e-02,4.996936282745193525e-01,2.804874262006827879e-01,6.358224151904721122e-01,5.622083596146902895e-01,2.640100991365430527e-01,8.521531031795999134e-01
7.191836510232838542e-01,6.148691338138084772e-01,0.000000000000000000e+00,9.838368833643339473e-01,6.544581369163764428e-01,9.881884685456102657e-01,7.677037975112213086e-01,7.254308780316600647e-01,5.586035488474744293e-01,8.396114752506688150e-01,7.137002566390181491e-01,7.969818513525626091e-01,6.549948340848288364e-01,9.950299828705904126e-01,9.332968614899882498e-01,9.527011888428730257e-01,9.955540781289408114e-01,9.587655329371312929e-01,7.447667618759916675e-01,9.725347774513491972e-01,7.841504362220309554e-01,8.498425007549007537e-01,9.262071125679368633e-01,8.121257104900603263e-01,8.641882114997079256e-01,7.135875793304147230e-01,7.855804049689995017e-01,9.677978001166428479e-01,4.945511328112716654e-01,4.401470804136435877e-01,5.952262652955351285e-01,8.651614766649207144e-01,3.625019253804923069e-01,7.356446569050417716e-01,7.186960291101976983e-01,6.067291489323711762e-01,4.837547604904907095e-01,8.022625553109368202e-01,6.043277684727688115e-01,5.164720458517880752e-01,5.766641233265172861e-01,6.372399776080476252e-01,4.313004482485874314e-01,6.681129357064141683e-01,8.198726311155228874e-01,9.994818395203781680e-01,9.106426533561851056e-01,8.434276358189113365e-01,6.577977880846761494e-01,9.404662493617186314e-01,6.715551158558943357e-01,4.247002465951233985e-01,9.768597701915217035e-01,8.272296642246275145e-01,6.100137273774958180e-01,7.566937843445278311e-01,5.910533992890585342e-01,6.251344946304664418e-01,5.083475113019593206e-01,3.982773845839467919e-01,2.343232334831676089e-01,8.072726585959899559e-01,6.917447198139067277e-01,3.999933757975183690e-01,8.192327932227946308e-01,7.486350181869660947e-01,5.897962705511776704e-01,6.091266487181858924e-01,6.195298242556828150e-01,9.581063729120006256e-01,3.406868586864353343e-02,9.370450789105441158e-01,7.548893292906942998e-01,3.256015631225442908e-01,2.420256423401276336e-01,6.785803301159926137e-01,7.267993534929908517e-01,6.459694072729433856e-01,7.756970142541907975e-01,2.810287907828051823e-01,8.909217759162258998e-01,6.708596693725870086e-01,5.274919106494799781e-01,8.593882426112752215e-01,5.156208361328983303e-01
6.483277269009557475e-01,7.108678711248731519e-01,9.838368833643339473e-01,0.000000000000000000e+00,6.595829555679075806e-01,8.060921307638913014e-01,6.011736368620070881e-01,4.332869521810188695e-01,4.144094173563196981e-01,2.572847566365773497e-01,9.043147452203409431e-01,7.880393617759767766e-02,4.211806999559414288e-01,4.173076141238112324e-01,6.455507135258857776e-01,4.561915205097115122e-01,2.021113097948569748e-01,5.975621592234203749e-01,3.893915883297709435e-01,2.055087404988571453e-01,7.127973607327924288e-01,7.049242099538796102e-01,6.976304842951379648e-01,7.848391567933101776e-01,3.221098561229109869e-01,9.179783806109145239e-01,6.587266818783470423e-01,7.097901321093346150e-01,5.592716135504336439e-01,3.402301540675786162e-01,4.460988755154361440e-01,4.859360527803187058e-01,7.360556605753025838e-01,6.260782902006597483e-01,3.376069806474530366e-01,4.226423235905742981e-01,3.731170597711697123e-01,4.339069588137993150e-01,8.480625554417305922e-01,9.608373058830319557e-01,1.130375186855704234e-01,9.892364143883671801e-01,5.734577849292449292e-01,4.346779294564633300e-01,8.349182825673198138e-01,5.010431429320578722e-01,3.493772003835499129e-01,7.249694540015221289e-01,6.972677894319452285e-01,7.219861292266507302e-01,6.943462619773329569e-01,8.819116779389535657e-03,4.022492771779737075e-01,7.735735850311517003e-01,1.106405052293031599e-01,5.588077842240274373e-01,4.953082020790056106e-01,8.817844427972449939e-01,6.822094246608304546e-01,5.224402496766250570e-01,5.797013414939549136e-01,9.235584477207864351e-02,3.051970849252421125e-01,7.066774131267659076e-01,6.005685872572895656e-01,6.965443073225691117e-01,2.900609204484511094e-01,9.853494703064834548e-01,5.960250432692471012e-01,7.352530284648443049e-01,9.809955764381689258e-01,5.781022431834986763e-01,7.547435689565304973e-01,7.882777848541667742e-01,5.177990829293824815e-01,5.976999833799695461e-01,6.891034315032549262e-01,6.964687442712581555e-01,2.738658986756778990e-01,2.478208395697880650e-01,7.280776851284456175e-01,9.345869775562329895e-01,6.684829250239607834e-01,2.310854992742087111e-01,5.675697983268206404e-01
7.183000554560060591e-01,8.952785494693435986e-01,6.544581369163764428e-01,6.595829555679075806e-01,0.000000000000000000e+00,5.458203993628034656e-01,5.104829178196802486e-01,5.038623428530411008e-01,7.067852043520683747e-01,5.993796354802016779e-01,1.419648569126154558e-01,4.431629011368076188e-01,6.351263750088791404e-01,6.406948115958439605e-01,7.108169352359120508e-01,1.159996997582819767e-01,8.765933136928019120e-01,7.071708488841491613e-01,7.414889688169223891e-01,4.993499089419207726e-01,7.667402667876183076e-01,9.575984528789367456e-01,8.152209349656206472e-01,8.309217205602470457e-01,2.317593825992951828e-01,6.529041240959266856e-01,6.270476390834731628e-01,6.211841918105047711e-01,6.741683142881127466e-01,3.254162442307059200e-01,1.911926862967110521e-02,5.201060622659725574e-01,2.308738869280275163e-01,9.795801859899558872e-01,4.444152852192631564e-01,6.927003912401396013e-01,3.025684244142218815e-01,2.602160929338022399e-02,5.020555288120923665e-01,7.397270475649175836e-01,7.504574083756920810e-01,1.021565395744724464e-01,4.202608569721273390e-01,9.568891436445218224e-01,7.981942869139524444e-01,5.664322094668458041e-01,6.882634987425748641e-01,2.270292462842763703e-01,7.383951116683009630e-01,4.022125629784387701e-01,4.442568070332496566e-01,7.966119952705613683e-01,6.885052416880698134e-01,7.982758422992708436e-01,6.490450951935602397e-01,7.699731074786233531e-01,5.512729778028930827e-01,5.173921779772723273e-01,6.765392726099866971e-01,1.721471717291171988e-01,3.255444370317637365e-02,5.600809440272644935e-01,7.974278228684101855e-01,9.747217385793021105e-01,2.384834632261502718e-01,2.377478108532835033e-01,5.724944082836478376e-01,5.778117638274610224e-01,4.879356615601793557e-04,6.038636865146431720e-01,8.187795218164567457e-01,7.957539516135588853e-01,2.265495956374003195e-01,5.375025389747782878e-01,2.409648778487365750e-01,7.108660704183472623e-01,4.540864430164296417e-01,4.249197175108120894e-01,5.846797301093921151e-01,7.002153542821132337e-02,2.971485120285929371e-01,7.394924010827145233e-01,1.572844916553870626e-02,3.338025084554901989e-01,4.355544357783368570e-01
7.527002100954083286e-01,5.660256857450366441e-01,9.881884685456102657e-01,8.060921307638913014e-01,5.458203993628034656e-01,0.000000000000000000e+00,9.478996450394788775e-02,3.697824020949205259e-01,9.458960900174553377e-01,7.918829646112768295e-01,2.181613202585954703e-01,5.799783089437475780e-01,8.584646933152275672e-01,5.562364957947821265e-02,7.256599736505554565e-01,-1.016390965045005368e-02,6.804781383781823845e-01,9.546323377483361128e-01,2.563766944672655756e-01,6.849343126403625304e-01,8.088235599490904981e-01,6.864253499214043597e-01,8.984259135212063763e-01,2.626263642884382188e-01,4.057723484621562626e-01,7.825351614866344896e-01,7.783554379786912225e-01,9.874752921691289931e-01,4.772838341662525852e-01,5.398115714423368239e-01,5.323074264987732729e-01,3.052223001351269671e-01,6.471051190013210608e-01,8.122203918945828383e-01,5.809353407756516763e-01,7.685043123575371338e-01,2.104148059884015098e-01,3.029482654789859009e-01,7.416696088934922049e-01,7.565699693484931876e-01,6.500149534094137316e-01,4.561543593555253961e-01,5.736417150241899243e-01,4.613605900106374502e-01,7.415573098966466992e-01,5.229132439429496904e-01,7.458581355216231668e-01,5.471008124335768885e-01,2.419505085606429573e-01,7.381127895282766360e-01,4.252599739500957376e-01,5.142824905123388746e-01,9.161724234257555555e-01,3.523115547823243432e-01,9.892506424672534715e-01,5.111406877095859835e-01,7.465387783949178901e-01,6.942919429915317409e-01,3.861209322588267656e-01,4.472883235996361062e-01,2.203788117360800380e-01,6.431445263506359034e-01,6.455739987751297759e-01,7.768533328938870275e-01,7.411661639348759989e-01,7.314252237442417925e-01,4.920093359452054060e-01,3.463888367835496473e-01,6.438757655497983068e-01,3.785074102794274142e-01,5.917937877841263905e-01,2.168399293846160203e-01,5.044872373255123721e-01,3.089512715159069001e-01,6.348037563384806292e-01,6.597677051006607396e-01,7.330717991362395436e-01,4.382072129228404278e-01,2.927475881356672027e-01,5.704722366804791944e-01,5.844286347229952217e-01,7.579094542288200564e-01,8.486887838145278362e-01,4.984023769922522606e-01,3.245597251326802768e-01
4.031180089866623906e-01,5.978175281147850573e-01,7.677037975112213086e-01,6.011736368620070881e-01,5.104829178196802486e-01,9.478996450394788775e-02,0.000000000000000000e+00,6.307803978022531455e-01,7.711951983185233450e-01,4.285465805228605984e-01,3.739308855259481645e-01,4.736996746144935821e-01,2.652410696623055952e-01,7.430787853769176277e-01,2.007005594287583072e-01,7.255871966166089759e-01,6.843015639049705445e-01,4.192705951747408011e-01,7.384678153326087457e-01,8.771627701448426739e-01,3.500514885607059479e-01,2.168209858287896696e-01,4.704521128127810981e-01,8.297130964630401451e-01,5.673406702458418938e-01,5.335024716965590663e-01,4.074309886080423881e-01,6.336676533711725900e-01,3.549472229747869245e-01,5.723307690344279219e-01,5.237825926406649568e-01,5.523591979094926163e-01,4.535670436198102617e-01,3.390866706262846142e-01,3.884598205029899942e-01,-9.971935922835829802e-02,3.623585894333312130e-01,4.801857614873730196e-01,9.790551118816324117e-01,8.074850500949226628e-01,1.032313639328162475e-01,4.741556285184476693e-01,6.869666163940818526e-01,2.649630532106364567e-01,9.723886237964745050e-01,7.371894138278066722e-01,7.451164882847767235e-01,2.061398930693510156e-01,2.873309310051664345e-01,5.396274685730739762e-01,3.017933420179489401e-01,4.506609708976081485e-01,4.761020343507240127e-01,3.880243920991941486e-01,9.971701997764627068e-01,2.267649299915509009e-01,1.679586313104950435e-01,5.903109103068631125e-01,6.445265802762860652e-01,3.380232085852087343e-01,7.749749722863324974e-02,7.773809405472325018e-01,4.174017324864422451e-01,6.763641267633720977e-01,7.016933384153957176e-01,2.084428490197123007e-01,6.182965047803653524e-01,8.750448417230343168e-01,4.482804623630535779e-01,4.012275920261628714e-01,4.408930067292162192e-01,7.908664591896209517e-01,1.475838525437268844e-01,3.002637193984983854e-01,7.932416415965926060e-01,3.645108171696900268e-01,4.447180415912329599e-01,4.398783487316959562e-02,3.276232425678046178e-01,-5.760321075835450610e-02,3.204694117556350624e-03,6.469348385823288083e-01,6.028298371417913915e-01,5.241570582635799447e-01,4.604809774961252100e-01
6.166877077518576611e-01,6.225360614184127783e-01,7.254308780316600647e-01,4.332869521810188695e-01,5.038623428530411008e-01,3.697824020949205259e-01,6.307803978022531455e-01,0.000000000000000000e+00,5.467361566945070500e-02,5.872278860878697992e-01,5.617794074071212895e-01,9.100439623739411399e-01,7.803090739727023273e-01,7.843017838266918007e-01,4.374967261060389578e-01,5.346558511231616073e-01,7.919705324623338427e-01,5.089073304900315620e-01,6.177552477254260044e-01,9.821539372406005164e-01,8.460590843701101260e-01,4.247594507687845189e-01,7.906846676416783293e-01,8.823916518041642343e-01,4.809246142555556602e-01,8.045339872158535632e-02,6.475152619891516581e-01,8.940821351497726388e-01,5.082446516272762782e-01,-1.674310990421786494e-01,5.032363881660194549e-01,1.496459916045532745e-01,4.525246268319101373e-01,5.428443416093279295e-01,6.634468432307434327e-01,3.892329101057354634e-01,3.944511089777281709e-01,4.595572096081363966e-01,6.467003293121648122e-01,5.120532351353717093e-01,6.321036086251742292e-01,4.679701646433153117e-01,6.696962130450253570e-01,6.045125142976361943e-01,5.235419045177105435e-01,4.230913655813650087e-01,7.457157789683419580e-01,7.592128511082777420e-01,9.590059499855766445e-01,4.671058064414239652e-01,6.738704918447283587e-01,9.044652493138840565e-01,1.846668068004034824e-01,4.874583027721848261e-01,5.411008145188365287e-02,7.704012591513499375e-01,5.539011476617313745e-01,6.633702265489658245e-01,9.441505600115059904e-01,4.839376256469501980e-01,2.242772916074482759e-02,2.278745820137150768e-01,2.762660974244477985e-01,8.030773858970946533e-01,9.832574402638029065e-01,4.265685712620060355e-01,2.965918159460432246e-01,8.896603121469978115e-01,3.624408464156670395e-01,5.613616543107039503e-01,3.331767236494144746e-01,7.330336072711012285e-01,5.297688606209418616e-01,7.793746168843801447e-02,8.280773135823952247e-01,6.036720726401699766e-01,5.304869870650169572e-01,7.321721501629238071e-01,3.346283316321532197e-01,1.645676963061969977e-01,8.606500917325098365e-01,6.416040320290063992e-01,7.591976498824465347e-01,4.168214147389961433e-01,5.143960669426468346e-01
9.238371045002290449e-01,5.871311964932729444e-01,5.586035488474744293e-01,4.144094173563196981e-01,7.067852043520683747e-01,9.458960900174553377e-01,7.711951983185233450e-01,5.467361566945070500e-02,0.000000000000000000e+00,4.697315829141570642e-01,3.332107155511204732e-01,5.055499802622008820e-01,2.816318263512608833e-01,8.974711867333529103e-01,7.586121921031092619e-01,7.373449388210907562e-01,4.627611545044138519e-01,4.039994289482485845e-01,7.638221773993861818e-01,6.126669145959138252e-01,8.317540166276650160e-01,6.067199001853813556e-01,5.234974052798428978e-01,6.127616219242444373e-01,5.980373360681976447e-01,2.106980452488378674e-02,8.915355640162233586e-01,5.139401876972203853e-01,6.083179253088428773e-01,1.130677415443836903e-01,1.595042688336657244e-01,6.481570042335181858e-01,7.289719112602747186e-01,7.895358550622626481e-01,2.191019216730786534e-01,2.962756437137421539e-01,1.217536317714768973e-01,6.348741279283554029e-01,8.570248113331362383e-01,2.249032110630727332e-01,6.029239888771986688e-01,6.475539346101719662e-01,6.141183958385993957e-01,2.820957611703939771e-01,9.401863512704291548e-01,7.577955700356244773e-01,4.802294386942361770e-01,7.043214842408240806e-01,4.309231389267489387e-01,6.616522629645645026e-02,1.176221194320176688e-01,7.564492689213975218e-01,6.523842585042194386e-01,8.874404713900576613e-01,9.194580150235087679e-01,6.932732744521394874e-01,4.521542724048500106e-01,4.766701393444310875e-01,9.999308260942045834e-01,7.628235285053188708e-01,3.796941536622785440e-01,8.763676517184149084e-01,4.216451303192886857e-01,7.071045194708664994e-01,4.620098548764777213e-01,7.130865390268216197e-01,4.411165131595370936e-01,8.257138225467283155e-01,7.937707119032750835e-01,7.882208469623399605e-01,4.280618521768457252e-01,4.626761643976022853e-01,6.702955983316989386e-01,2.476250766882451271e-01,2.040642486839159414e-02,6.179407502622065174e-01,5.275859303173232595e-01,2.279154141608656370e-01,2.642256775308675087e-01,3.625198054231141831e-01,4.918130580436683164e-01,3.060114355008076714e-01,3.794133374390847857e-01,3.633464058751770809e-01,4.048306149094454964e-01
6.594772709183732706e-01,4.379031623408067841e-01,8.396114752506688150e-01,2.572847566365773497e-01,5.993796354802016779e-01,7.918829646112768295e-01,4.285465805228605984e-01,5.872278860878697992e-01,4.697315829141570642e-01,0.000000000000000000e+00,5.845548263940493205e-01,3.496755006853181635e-01,7.833501767890653777e-01,9.027127632297087256e-01,6.665033389837889954e-01,4.257571147227658948e-01,9.538473169145111896e-01,6.672633486166495986e-01,8.899482545622423579e-01,5.933402934572112875e-01,7.257435783664022422e-01,2.449176056896670561e-01,6.559185541444594314e-01,2.814786625757916272e-01,1.286293960363083244e-01,6.258498844131090699e-01,4.870371916705726889e-01,7.455094463446924891e-02,2.855773171378978015e-01,2.582637686784494124e-01,6.617745278938527154e-01,4.194611346807531893e-01,5.222708024660014520e-02,7.421699644346934077e-01,5.412664041571463303e-01,5.406738379278063222e-01,2.479002683148781305e-01,5.669691191463844815e-01,6.368179671189475588e-01,5.474762865669179357e-01,2.562686049360878293e-01,4.796624292692198699e-01,7.143656099321483710e-01,2.900314951685136755e-01,3.031233022561004575e-01,7.827615293090814941e-01,4.803375137572461484e-01,7.083302917662047671e-01,5.327718064832505096e-01,7.196390379310350083e-01,7.801370988032396703e-01,8.608791279831713439e-01,7.931741479317770960e-01,7.668767161832646950e-01,9.588328614753408585e-01,7.041255527638308198e-01,1.740687554586546337e-01,5.663287952476634413e-01,7.333480720667963082e-01,1.462983792210265921e-01,6.863449436580139063e-01,6.099801176961960891e-01,6.552721789940199049e-01,5.342986562556959473e-01,5.081359791150358296e-01,3.857527283023948206e-01,7.898754166321986236e-01,2.195774587631600105e-01,7.308286728966806312e-01,5.420612507491499032e-01,4.043915585596658535e-01,3.636256419068644719e-01,6.446361519703776022e-01,3.994626752426404526e-01,4.282820094427439717e-01,2.842650475406668376e-01,4.589414420859644905e-01,5.417354332001923511e-01,3.742178464645711800e-01,2.431121751389503094e-01,6.624120387149230460e-01,8.994105810090886610e-01,9.321917479411259144e-01,5.533936218210899760e-01,8.274090652623601327e-01
4.679816716032910717e-01,6.945411479013524625e-01,7.137002566390181491e-01,9.043147452203409431e-01,1.419648569126154558e-01,2.181613202585954703e-01,3.739308855259481645e-01,5.617794074071212895e-01,3.332107155511204732e-01,5.845548263940493205e-01,0.000000000000000000e+00,7.151348690530539010e-01,6.688093020567320579e-01,9.367816567872565559e-01,7.997529157095235597e-01,3.152749570210367502e-01,7.752324672893403656e-01,3.493272333996181311e-01,9.069694028858743540e-01,2.797553360659669197e-01,7.578266940095942372e-01,3.644068255090530117e-01,5.822135970900447210e-01,7.681358004041010101e-01,3.218294113522349731e-01,5.896349029236078731e-01,9.697290749108437025e-01,7.945136840613076235e-01,5.107468811892788008e-01,5.521732681988869018e-01,3.409164719039157188e-01,7.196587162062566545e-01,3.100230694577165158e-01,6.250150884149024977e-01,5.920158079508904825e-01,2.851526721822127963e-01,2.232668217111117015e-01,8.870563767084217455e-01,7.971762982592015545e-01,9.136010040655865305e-01,6.567463232175276833e-01,3.537257600416404690e-01,8.092514995245767562e-01,6.763781054364088607e-01,6.631223295795392048e-01,9.537972956648141931e-01,6.538414275434837331e-01,5.098968920925757153e-01,5.864710913890831545e-01,4.229382144602030769e-01,2.443220343981317433e-01,7.357690343496428032e-01,6.430231764087291912e-01,6.969482691083788151e-01,4.180070926623678518e-01,7.882738635605648359e-01,6.595273927840987760e-01,2.007768811833787748e-01,6.720790804646606942e-01,4.823836963721497839e-01,3.126770911957582055e-01,4.650015242611484911e-01,2.855170811151749866e-01,6.844427717186142290e-01,7.719644286879719930e-01,4.898774980878779495e-01,6.334813091385315120e-01,9.314048733657864787e-01,7.021430359526394938e-01,7.879340813209398942e-01,8.886172505635209218e-01,6.410823227029525118e-01,1.657810374210670346e-01,2.600044318737498861e-01,3.983206535241423651e-01,5.584807102645064081e-01,5.961005490059643197e-01,1.735720941209639712e-01,6.349819704222559036e-01,5.245237820598083189e-01,3.005387006454531829e-01,8.907861714904975470e-01,6.615739881661393262e-01,4.753807206815308106e-01,7.955913131225881285e-01
8.744370487686974336e-01,6.826861102998909026e-01,7.969818513525626091e-01,7.880393617759767766e-02,4.431629011368076188e-01,5.799783089437475780e-01,4.736996746144935821e-01,9.100439623739411399e-01,5.055499802622008820e-01,3.496755006853181635e-01,7.151348690530539010e-01,0.000000000000000000e+00,9.269602817642763615e-01,6.001152261747649819e-01,4.555327352507900218e-01,2.554991257108116809e-01,5.273767945853684580e-01,6.801432270997751495e-01,7.815610595052492338e-01,5.360399208363098023e-01,4.632836194584932787e-01,5.750605249876570291e-01,5.688439163331283632e-01,6.073221136831969957e-01,6.700063434001330975e-01,6.544489211038402310e-01,9.274725968721331260e-01,5.113292077163060778e-01,2.922489841058450999e-02,8.445005294631198478e-02,2.801128665970212817e-01,5.096233797991105430e-01,6.701268541413991642e-01,-1.464091155402715283e-01,6.370754324547016623e-01,4.616037428085891792e-01,7.467618253501879799e-01,6.393079140996427157e-01,6.071607119764002025e-01,4.194107736603941428e-01,6.287778990470294094e-01,4.750196773381325510e-01,8.510706163089316600e-01,6.423360814660664664e-01,7.769077160523990555e-01,9.827956116110592166e-01,2.117870389970622214e-01,7.731835839846358249e-01,6.800368375745038385e-01,6.375128122942982367e-01,4.747167704225355167e-01,5.796743944278186511e-01,5.259195908470633007e-01,7.429962015830120503e-01,4.879706111553461789e-01,6.774099765943091267e-01,8.783506416910473735e-01,5.928974522092278487e-01,7.881025597054753806e-01,4.404228241870052907e-01,6.365206121612597689e-01,9.936582737684788169e-01,7.957842247562096905e-01,4.728639722999282702e-01,6.389617010013771692e-01,4.241867916350750556e-01,7.786189331925772450e-01,8.926647317743444665e-01,4.106074934877940175e-01,6.680753642364796185e-01,2.365790710607540981e-01,7.963958044737529107e-01,6.260041522467009178e-01,5.104633597817349600e-01,5.998178405435257154e-01,3.016281757517373929e-01,4.223511191905570672e-01,8.304760564612938545e-01,3.417488455363923983e-01,7.014560715516152678e-01,5.209455264229111426e-01,7.987564609093635859e-01,6.817387363518075949e-01,3.165380140713154877e-01,2.491361050628762563e-01
9.822648559234494758e-01,2.865248374412524002e-01,6.549948340848288364e-01,4.211806999559414288e-01,6.351263750088791404e-01,8.584646933152275672e-01,2.652410696623055952e-01,7.803090739727023273e-01,2.816318263512608833e-01,7.833501767890653777e-01,6.688093020567320579e-01,9.269602817642763615e-01,0.000000000000000000e+00,6.163157277142111701e-01,7.681577517615949535e-01,5.170555591419805364e-01,8.204375971006655499e-01,4.947964445801433797e-01,7.001971533150109783e-01,7.155298944280411577e-01,6.846749191855113770e-01,7.815571806576354641e-01,7.404295176324235950e-01,9.030125851394482650e-01,-2.937642486099920625e-01,4.231649674819017437e-01,6.483976169677894141e-01,9.916983461030282054e-01,6.057157568434076156e-01,3.249029799316524025e-01,2.712307465595818479e-01,5.444946885643081602e-01,4.181183604265967246e-01,1.938783241198463458e-01,2.943274940157487030e-01,3.386012827129210034e-01,3.682970718311168179e-01,9.269707060944037957e-01,7.100611774573780677e-01,5.586647967567992534e-01,4.199798481379763415e-01,1.740322290653536497e-01,2.901389539789942656e-02,2.821706384911117915e-01,8.263328954956731254e-01,7.014363489100453597e-01,7.478215926640877642e-01,6.098997041070548519e-01,6.624647993688346226e-01,8.045858165393910966e-01,9.396761530266162232e-01,3.595179813302870064e-01,9.996628949031787226e-01,7.993753103574389174e-01,7.598053177428665261e-01,6.526066229602837110e-01,8.241468401851748116e-01,7.250340512554339645e-01,2.944923471190580844e-01,6.509325796437218647e-01,5.849488724523503880e-01,9.202499215270224520e-01,3.523234201567922996e-01,7.776548005032610789e-01,6.770640669645253684e-01,3.732357213862471657e-01,6.902403671874133284e-01,7.120928161471057338e-01,2.479792514954564653e-01,6.504344068116498789e-01,8.384731944769390211e-01,7.733827370048272920e-01,7.883794509212208590e-01,9.561014976184667447e-02,4.211700030081103052e-01,7.928086668765499390e-01,7.409892548281805658e-01,6.104830348458112343e-01,2.385216031050326480e-01,2.043315393797415502e-01,5.479940079150604770e-01,6.881574273539918796e-01,5.218355665965087598e-01,5.142289237136017377e-01,8.551476173668350889e-01
2.373352099706655394e-01,7.130283473547618378e-01,9.950299828705904126e-01,4.173076141238112324e-01,6.406948115958439605e-01,5.562364957947821265e-02,7.430787853769176277e-01,7.843017838266918007e-01,8.974711867333529103e-01,9.027127632297087256e-01,9.367816567872565559e-01,6.001152261747649819e-01,6.163157277142111701e-01,0.000000000000000000e+00,6.413184639572331314e-01,4.678898080529888537e-01,6.732162124199072561e-01,8.272110941862150790e-01,6.536885964401852878e-01,7.468084490085463711e-01,6.307926642991735777e-01,7.525216367769076431e-01,5.200525424988308165e-01,9.013747320064091628e-01,4.538906390797147195e-01,7.608540552612058638e-01,7.151833168297512255e-01,9.002201438118342391e-01,5.933760514162333966e-01,2.823548523986297853e-01,2.953778345114519976e-01,5.344816476238625214e-01,5.677685359489014205e-01,9.813818809458924042e-01,6.322829681638649779e-01,2.407863747868869697e-01,4.551680428919441801e-01,5.538968174529156352e-01,4.709360398244055723e-01,8.246235612161550987e-01,7.765216462322617197e-01,8.444453426852587263e-01,7.739631642358540953e-01,8.843567373360824435e-01,4.676952093150804068e-01,4.956301682815040799e-01,5.229557898179773012e-01,4.625256075792386068e-01,6.839555063497964049e-01,9.101873959650467194e-01,8.679074779227512471e-01,7.330206246350245980e-01,5.136144848506712934e-01,3.935452283600863743e-01,3.179159181718136384e-01,9.684442101048476026e-01,3.613069561280047859e-01,5.770702620127962090e-01,6.844955903053343560e-01,6.371312777226570967e-01,4.451536933485190084e-01,9.341240233389551673e-01,7.108803336708132692e-01,2.979415089596903488e-01,7.561202943761352602e-01,7.334352580849846648e-01,7.404742658532601496e-01,5.844657958575451007e-01,5.758497489434080130e-01,9.153020876583667365e-01,6.917145902073627006e-01,7.173580318359855656e-01,2.151058173787194772e-01,5.638775591386613328e-01,4.595179111253919757e-01,2.841993866332255259e-01,4.212751994695194124e-01,6.250942749318725289e-01,5.004673966814707775e-01,5.371052779899800900e-01,8.281706399385070361e-01,9.443637356367415858e-01,2.435693787287229739e-01,5.043536883879975452e-01,8.722336809125366131e-01
5.964246493464879784e-01,6.405093672343031841e-01,9.332968614899882498e-01,6.455507135258857776e-01,7.108169352359120508e-01,7.256599736505554565e-01,2.007005594287583072e-01,4.374967261060389578e-01,7.586121921031092619e-01,6.665033389837889954e-01,7.997529157095235597e-01,4.555327352507900218e-01,7.681577517615949535e-01,6.413184639572331314e-01,0.000000000000000000e+00,9.309663489177325002e-02,7.468108873339320830e-01,6.849182300533745993e-01,7.890954792711317722e-01,6.438240038779778907e-01,7.562493918219458378e-01,5.360071920125761835e-01,5.493128496129474625e-01,1.798116857310879113e-01,2.966960673539451032e-01,2.623468322347846104e-01,3.464620996157005139e-01,8.461186339696294967e-01,7.013267765748936178e-01,1.256194633735980559e-01,4.730082931217802766e-01,9.442348738295488486e-01,5.887154170977344503e-01,6.246925513229718563e-01,6.294305580647727716e-01,4.944230288431783471e-01,4.045510572562212026e-01,2.232927881001839920e-01,6.271449309263696925e-01,6.384734265272392628e-01,1.258672476328952239e-01,8.524743554050625560e-01,6.951400483345141490e-01,6.074818941418463902e-01,9.360919375741364457e-01,9.837007899172657277e-01,6.409457560259095299e-01,3.792327756135994710e-01,3.515548852712974126e-01,5.753529123210426172e-02,7.900099991197908622e-01,4.928182046269926064e-01,9.871333786799612042e-01,9.668341849231169016e-01,8.768883018819868536e-01,9.242747199339471642e-01,6.673781476946749613e-01,8.207255870811015486e-01,5.103765845545052970e-01,5.621752821469068184e-01,4.098022171376547451e-02,4.856478981400107475e-01,6.265378464766384603e-01,7.375806761570463665e-01,9.303592598481843501e-01,7.266470634320967292e-01,6.238441706734739745e-01,9.187595266087223989e-01,-1.606779183154460333e-01,5.193469555883301059e-01,8.757130413079574627e-01,5.104457652811106305e-01,-5.095741053415928090e-02,4.815391942336130215e-01,6.985575488516369003e-01,7.702698219552823744e-01,9.624642182886147257e-01,5.966723715871370404e-01,7.138822301190401731e-01,5.260101368974754443e-01,4.850617726539824259e-01,9.932003637539965624e-01,8.312773974150869938e-01,2.068389939823396528e-01,6.887611955778207840e-01
2.325327511306271300e-01,5.592583967908446585e-01,9.527011888428730257e-01,4.561915205097115122e-01,1.159996997582819767e-01,-1.016390965045005368e-02,7.255871966166089759e-01,5.346558511231616073e-01,7.373449388210907562e-01,4.257571147227658948e-01,3.152749570210367502e-01,2.554991257108116809e-01,5.170555591419805364e-01,4.678898080529888537e-01,9.309663489177325002e-02,0.000000000000000000e+00,6.473378490220820236e-01,1.280194970115598047e-02,8.207725668002386898e-01,8.722803809806765063e-01,4.801710581305684844e-01,5.809976514831604044e-01,4.952398753336433312e-01,6.656525946389439952e-01,2.633093897514807158e-01,4.245911926344888010e-01,4.580493293252675957e-01,7.072965078138142569e-01,5.472511966876193457e-01,8.250816464404937822e-02,1.952066465417077179e-01,6.868469017512107699e-01,3.771549750562777081e-01,9.359602531080524201e-01,5.921575710711433072e-01,4.690266985568878888e-01,4.461657049362802718e-01,5.455464944705923358e-01,6.601236174426001746e-01,5.818028287639827045e-01,5.157186296285114491e-01,4.108982789173708516e-01,6.482149193790098796e-01,9.512043522535537088e-01,7.070091879881802432e-01,6.952034467877086232e-01,8.100242481376468406e-01,7.486540214858341535e-01,5.429889451156256763e-01,6.314049060257267421e-01,4.236380996313862113e-01,2.592063993906941755e-01,2.550760645034105822e-01,7.953775273765577580e-01,4.115249980324457435e-01,6.726591155558547808e-01,7.315822889318506217e-01,2.890041682874368578e-01,7.086474141497907109e-01,-1.474792609397957699e-01,6.770748989570078979e-01,6.301413843134645587e-01,3.116858453952597863e-03,7.517428792079152711e-01,9.746054747151050579e-01,9.949247142550246004e-01,7.031450349369015029e-01,7.004425595531239557e-01,5.602820060950587377e-01,8.642465778637609120e-01,8.329942691838727598e-01,9.190682538819505698e-01,3.931517290142265697e-01,2.710724234015730594e-01,4.691873447686046271e-03,5.776727254890504648e-01,2.991871895053483943e-01,7.224297993231723058e-01,2.735930668917459507e-01,4.487131599432535034e-01,1.887360838622943737e-01,8.353158949031180835e-01,7.550389017912447764e-01,9.402879965037638788e-02,5.184518474079928829e-01
8.222352120565139533e-01,5.845500003362871233e-01,9.955540781289408114e-01,2.021113097948569748e-01,8.765933136928019120e-01,6.804781383781823845e-01,6.843015639049705445e-01,7.919705324623338427e-01,4.627611545044138519e-01,9.538473169145111896e-01,7.752324672893403656e-01,5.273767945853684580e-01,8.204375971006655499e-01,6.732162124199072561e-01,7.468108873339320830e-01,6.473378490220820236e-01,0.000000000000000000e+00,4.299398903710807129e-01,9.550012418320892316e-01,7.735655959011416005e-01,2.418918387264684111e-01,5.421366392228330611e-01,3.594264601466664599e-01,9.687230536906012990e-01,3.702125117403699539e-01,6.619826310753728071e-01,6.944902065564469984e-01,6.748124602622258550e-01,1.579733032073824539e-01,3.510482512285114098e-01,4.371063048003565044e-01,2.501954089893936306e-01,6.451179377934566084e-01,6.463187807333260482e-01,7.996842466713047770e-01,1.527250758827593535e-01,7.559927360081067360e-02,5.399520574469877099e-01,6.796880141568584222e-01,8.912528753833742767e-01,2.043635725601004871e-01,1.647995088317655288e-01,8.625465972615311561e-01,9.021079260655008314e-01,8.247914981785020583e-01,6.801080341733186652e-01,4.086246398182074024e-01,8.698218833273403394e-01,4.106374506328616669e-01,7.930213571431935504e-01,7.506100130943194060e-01,5.917813688388688931e-01,5.660724095554851010e-01,9.502007334317049692e-01,3.297985613531112525e-01,8.462255499088087163e-01,3.115417654355024935e-01,9.339376453768428732e-01,6.524734410593584499e-01,4.247930173922532249e-01,1.558227209878127462e-01,6.371327276846254772e-01,6.913211580958739111e-01,8.354132226730217603e-01,4.853916490563605635e-01,8.600703559897809880e-01,2.739598556537454765e-01,4.450157095925789119e-01,3.862319983571738113e-01,6.105099115910604946e-01,6.920476700806613701e-01,7.671339923255333648e-01,3.101476010301150721e-01,6.526609355796668399e-02,5.669642011523401415e-01,3.101113399004387650e-01,8.705981224529951712e-01,8.438584096377593768e-01,2.193674250602271614e-01,5.701920948870775607e-02,6.718032465469975234e-01,9.514055123944803460e-01,5.570656190417968556e-01,5.406227488252378643e-01,7.903245050420504292e-01
6.683807410573414653e-01,6.114001720671227158e-01,9.587655329371312929e-01,5.975621592234203749e-01,7.071708488841491613e-01,9.546323377483361128e-01,4.192705951747408011e-01,5.089073304900315620e-01,4.039994289482485845e-01,6.672633486166495986e-01,3.493272333996181311e-01,6.801432270997751495e-01,4.947964445801433797e-01,8.272110941862150790e-01,6.849182300533745993e-01,1.280194970115598047e-02,4.299398903710807129e-01,0.000000000000000000e+00,5.767214403470622974e-01,6.161448382659675538e-01,9.150916500366146344e-01,3.389391478354861764e-01,5.502263011006982563e-01,7.427889148398705288e-01,4.993865321458224732e-03,9.500512785378641967e-01,8.251544399814318975e-01,9.947097211330674371e-01,7.097926826137650469e-01,4.609633289299382986e-01,6.146026499357741812e-01,4.501259627533783503e-01,5.768211475785699482e-01,9.766208200051225141e-01,6.114023795720671117e-01,6.452002825982683376e-01,5.060963657665814575e-01,1.222700268949821478e-01,8.807849303822703479e-01,8.468004340818839903e-01,3.824216191164798717e-01,4.817850843296616059e-01,8.491737651470616655e-01,6.815552241871802863e-01,6.829231861039904983e-01,6.829039743514071503e-01,7.687909801813173072e-01,6.748030897010494078e-01,6.137110986321573369e-01,5.766170093189797452e-01,4.138297211475580051e-01,4.313083605812105259e-01,6.663514916400031796e-01,3.022293272447527102e-01,7.100785657735454448e-01,5.134393655710813853e-01,5.895720476189010295e-01,6.509417730680576719e-01,9.588732871444256567e-01,4.424303923626507484e-01,9.124145382566475893e-02,7.231827465993294624e-01,4.022080948302372283e-01,9.869594375533214947e-01,7.630249645140723125e-01,5.695840737746057370e-01,7.914232448518954133e-01,9.262455687095859647e-01,4.990386498841064000e-01,3.742647413520054367e-01,8.204276238243306540e-01,-1.639264251230626579e-01,5.585050415277992286e-01,7.346107685801810394e-01,5.189409840314667122e-01,2.289460847926232459e-02,7.577965576282862381e-01,9.668353179554318722e-01,2.849375154719769876e-01,3.770031515340551698e-01,5.409700265857776413e-01,7.709743846411485357e-01,8.456491634112098810e-01,4.432654420257690631e-01,9.821423906380324365e-01
