0.000000000000000000e+00,7.792344472393123445e-01,9.443103872178675307e-01,9.306549385374668359e-01,4.210426740725244366e-01,8.751803315752029189e-01,9.638683407581254414e-01,8.482110883300681969e-01,7.418034610385283445e-01,8.050690100818367334e-01,9.227317705773964152e-01,6.814620242698498087e-01,6.262931655155616895e-01,5.952283083455824908e-01,1.294779388961420086e-02,8.976491530450956269e-01,8.219098355782051835e-01,7.525425663070181015e-01,5.748630650526559416e-01,9.779858587469372200e-01,9.374701655927184518e-01,8.529573653904862773e-01,9.456884936166677358e-01,9.324611970295527685e-01,3.262604777493557373e-01,9.883840230849780806e-01,9.937829994599005623e-01,5.714156391348991226e-01,4.454997788814963888e-01,7.983053762837220013e-01,5.082008039552942114e-01,8.618476512055558425e-01,6.733070463233460368e-01,8.546885891081447140e-01,5.273118278550279481e-01,4.396091858943027009e-01,4.501870810437667569e-01,5.464941219704453346e-01,2.080151414476275606e-01,9.183548601558307878e-01,8.402888815489392149e-01,5.892342719498806503e-01,7.588416656030758656e-01,9.276369472777161729e-01,7.413234302394382524e-01,7.925507677499252779e-01,9.088947975486959541e-01,9.892211307948767240e-01,8.132603872184072102e-01,8.257153666570091755e-01,1.945529523192815122e-02,6.531721700032392386e-01,8.343033976697777909e-01,7.763176185962165077e-01,7.903068861626243446e-01,9.047719829544244030e-01,7.399852986135763144e-01,7.101338588321114420e-01,4.802172958155990767e-01,4.050595448315418845e-01,5.788007881968291191e-01,8.255415485753792026e-01,9.920166172292124163e-01,4.745976934035031070e-01,4.662524952702715164e-01,6.039451148679818582e-01,4.351606055678981511e-01,5.360241493738211460e-01,8.259988038152166201e-01,2.189666924905973588e-01,5.778151222268909093e-01,6.967695084311545939e-01,7.780501333868377056e-01,2.887485121150323852e-01,8.507541879068374335e-01,8.629362989600595224e-01,7.072118477885378507e-01,8.682389731860240545e-01,5.850368387107088841e-01,7.289156980139692432e-02,5.605181867769875037e-01,9.982990285130372010e-01,9.967928736401021617e-01,2.174797784600906447e-01,7.454489385279989833e-01
7.792344472393123445e-01,0.000000000000000000e+00,7.282747159077553878e-01,2.744486043977336642e-01,9.705670434096966837e-01,1.645070570488766371e-01,5.363527430549090980e-01,4.949050665739764820e-01,3.064586093995077531e-01,2.055041260728824593e-01,1.752095472328986103e-01,2.544508025060022161e-01,5.307714059611762236e-01,5.024215389168756873e-01,7.365760122160789347e-01,7.048435247126670911e-01,8.789843366161194105e-01,4.692403615207138001e-01,6.328574918742028155e-01,9.269722402812261564e-01,8.623055846079437092e-01,2.676342560973906104e-01,9.615252170514925201e-01,4.947340153513415384e-01,3.685654249598634968e-01,9.978571695857104684e-01,6.095653125278498452e-01,7.358438551571199193e-01,4.378306664664649572e-01,5.154698677603061219e-01,3.002150248322288939e-01,4.400651538338814506e-01,7.147996995243727225e-01,5.644614435093655569e-01,1.739049662623038117e-01,6.256579353653002329e-01,5.264339328098539550e-01,2.756352634341940333e-01,4.749059886827146637e-01,8.748536425119723958e-01,4.284919206898994415e-01,7.598148358070619945e-01,4.981515375120509903e-01,2.596157096569834399e-01,7.519364262144317967e-01,9.451424077369326993e-01,7.531337174429433290e-01,2.629889931732903863e-01,-1.038701650983333280e-01,4.676039943634281992e-01,7.166217190964363493e-01,3.734238681435300133e-01,6.129171651497322681e-01,4.348714991781009176e-01,6.046697406398640062e-01,8.002964592099079955e-01,7.024736723378096626e-01,2.118465819594797239e-01,6.147094334336974386e-01,5.718071153584000088e-01,5.853966738626343869e-01,7.822117883412051942e-01,6.180733580095729707e-01,6.408812306369017220e-01,2.462845485769784293e-01,6.405186131248818970e-01,3.010183108181174738e-01,6.704666457160696202e-01,7.209052377999699557e-01,2.123667120900485650e-01,9.406547803114662099e-01,4.343234426490062416e-01,2.283375953880844855e-01,5.671404343183497065e-01,5.031360049823022651e-01,6.267554580820413612e-01,5.972534161483702420e-01,4.755772586471035401e-01,5.457040230489578203e-01,3.065858065725066695e-01,6.135457328371977104e-01,2.249006408834022530e-01,7.207608062330352894e-01,6.871818302694647496e-02,4.690940304564638064e-01
9.443103872178675307e-01,7.282747159077553878e-01,0.000000000000000000e+00,9.154165210642307704e-01,8.940359209995702994e-01,6.447608577648621386e-01,3.488099937024546349e-01,9.616898398221976896e-01,2.995271756021667953e-01,7.033932947450836082e-01,6.910892596992054271e-01,8.674999326265986355e-01,6.033146679112494359e-01,9.561568566411435821e-01,8.295097202296441985e-01,7.860805177807612676e-01,6.860475589971034571e-01,6.323899307660493241e-01,3.856818031110664791e-01,9.951790934753076412e-01,7.584436610964131464e-01,7.952578955835869490e-01,8.773268448199189606e-01,9.884761271014641526e-01,9.335563126749844010e-01,5.657235712355105361e-01,9.879132405487295321e-01,7.190091556075366430e-01,3.683859023338801331e-01,7.457193799766380360e-02,3.435818893555027120e-01,5.654137789897738520e-01,6.935472939703797302e-01,6.176517149430252873e-01,8.260445226460672030e-01,7.522093037429327111e-01,5.666804061843377927e-01,8.132961577336221826e-01,5.163897257613027092e-01,6.418693797081339580e-01,7.358369994573854544e-01,4.827001431114885666e-01,7.354454206328038257e-01,6.427475288675934539e-01,9.714976581594202409e-01,7.295040555269417526e-01,5.301458470810381796e-01,5.851608254481501792e-01,9.816486052284212338e-02,8.983433653327044244e-01,7.257175413465354330e-01,4.138458274927090397e-01,7.174688303459710870e-01,8.652265668747906036e-01,4.041062076792358848e-01,6.704227184849322896e-01,5.024427631682175655e-01,6.589360623744692225e-01,9.519124282223664357e-01,5.327499590334321411e-01,4.780123318392169307e-01,9.629307741365593643e-01,9.942580203255879656e-01,6.989896214386376316e-01,9.984586278505678258e-01,7.766756030966399660e-01,1.259104058935206216e-01,5.270562545161449064e-01,7.879001639468814489e-01,8.323861291289446074e-01,6.265870266501131214e-01,8.950981453797434151e-01,5.472267915688511231e-01,7.029974306639162618e-02,5.770079192339684360e-01,9.625105653240553782e-02,7.251439666003199891e-01,4.728468086115240887e-02,2.055167989509482929e-01,5.917944973290930610e-01,6.796506717284056531e-01,8.302429342563726333e-01,4.325541528210015696e-01,4.209178933562714997e-01,7.371820265030959440e-01
9.306549385374668359e-01,2.744486043977336642e-01,9.154165210642307704e-01,0.000000000000000000e+00,4.345377095450854155e-01,4.397042877990791077e-01,6.915465033681879037e-01,6.038549505999201150e-01,6.746233148072464658e-01,5.058525172640181422e-01,8.584441987330593271e-01,9.985553400637485755e-01,6.838772498371783470e-01,6.326157648152137547e-01,5.644343937016818025e-01,3.238650187221649990e-01,7.972505385787448384e-01,5.008681615111354457e-01,7.846046450401098493e-01,4.548117208266623246e-01,7.659001808091391306e-01,6.362865054113818752e-01,8.086347782100583581e-01,7.911527720831026400e-01,2.341545033563921518e-01,7.635566256102670479e-01,5.536176966564498869e-01,3.042012206612734748e-01,5.908209243513353748e-01,-1.408748449124824775e-01,1.348814969641107531e-01,3.265482920914728471e-01,6.342444324374156839e-01,7.046379885004210308e-01,6.415571493715725993e-01,5.826550015728904075e-01,6.655344920153267729e-01,4.225364151853187034e-01,5.677639993535884555e-01,7.047253486686525514e-01,4.533841407560468828e-01,6.533829373226922588e-01,8.508806063007264830e-01,4.265192819100802613e-01,9.366761781397059394e-01,2.469068228604048287e-01,8.088715214430772793e-01,9.189237459492418658e-01,6.364083343295606765e-01,6.664099354306089740e-02,9.065136156176883953e-01,7.151268647644783982e-01,9.319782701461936103e-01,2.038154312393352929e-01,9.480965645243519813e-01,6.241695344912642218e-01,-1.643876610636987867e-01,9.347202809155639169e-01,5.491820997596507103e-01,3.210010604066240170e-01,4.181981880343480507e-01,7.474766805768198186e-01,8.050081966307829351e-01,9.642315888745655039e-01,2.469050163391539043e-01,4.208914895528660383e-01,9.961041837191687565e-01,9.381635766859637293e-01,6.500972078010183175e-01,4.585945792417892020e-01,7.400450248467345116e-01,4.265250986698259084e-01,2.243157602684117680e-01,3.305296571841155329e-01,6.276282963744421461e-02,7.468228719617340250e-01,8.794067651604089431e-01,3.543660009744604711e-01,6.740391093892403873e-01,1.038819380778129298e-01,5.814260146972600740e-01,4.309706190321750396e-01,6.775494149416575462e-01,4.121165485450347665e-01,8.057964478655427198e-01
4.210426740725244366e-01,9.705670434096966837e-01,8.940359209995702994e-01,4.345377095450854155e-01,0.000000000000000000e+00,8.328034521024975101e-01,8.585053414469011601e-01,3.808479397005817280e-01,4.302436933383737561e-01,8.016011184038954740e-01,7.396122481674308746e-01,2.688541387903742308e-01,8.226854831534521351e-01,7.293337391288292615e-01,4.142870460450017722e-01,8.430543515402435517e-01,9.226000894914939687e-01,7.190800826464889273e-01,8.771610136842680205e-01,7.693835929367665027e-01,9.847349577087076700e-01,2.607198058258330953e-01,2.644940112871968507e-01,5.984329485490034184e-01,4.410230901456183572e-01,3.135520277704899605e-01,9.451304720550181004e-01,6.703356652284214734e-01,6.355843062568300450e-01,5.317898954960413871e-01,5.501736614851657770e-01,6.084607890294582155e-01,5.050643878902796313e-01,4.820653678904140982e-01,2.078094674048896473e-01,5.130303126071380504e-01,2.020252320901269605e-01,2.732145413715919569e-01,8.198263126232381293e-01,9.189521995242225794e-01,4.472403746695390314e-01,6.335436642932696927e-01,6.795544816759595541e-01,2.381424826021413255e-01,6.055100260373618148e-01,7.322171921616640322e-01,6.070052660308128401e-01,3.863762535514956298e-01,7.357618773839831317e-01,6.440488495994307894e-02,4.353476166255055291e-01,4.290980037256229007e-01,6.007279233320109713e-01,4.324634223844936454e-01,4.709347136055506144e-01,7.301305015999324244e-01,5.580094280029677112e-01,3.217930201959073311e-01,7.249074467475231653e-01,5.471454418572178069e-01,7.872718813250143555e-01,2.109688264268396451e-01,2.828843730945536095e-01,3.735005498915545674e-01,7.130881006279458090e-01,2.554275130377416936e-01,6.891548762333682410e-01,6.708785935356125218e-01,7.017280403430278257e-01,8.658454886908089065e-01,4.987344228519393630e-01,9.733558750717056229e-01,7.737537989426931384e-01,7.946940528139176951e-01,5.929258614750505529e-01,6.187168188757354859e-01,5.689094632459885670e-01,9.545009066909642126e-01,1.757917917407622599e-01,-1.771629810655266091e-01,4.773143491140863781e-01,8.872195093595484083e-01,4.929332260499170171e-01,7.550845640524181945e-01,4.773312474909124914e-01
8.751803315752029189e-01,1.645070570488766371e-01,6.447608577648621386e-01,4.397042877990791077e-01,8.328034521024975101e-01,0.000000000000000000e+00,4.443603666148710496e-01,9.856595448211151744e-01,4.840462356294528146e-02,6.505989398496789811e-01,7.659718748735964144e-01,7.771275335959075825e-01,6.988587323365632598e-01,8.622086901021490668e-01,4.554376771158623605e-01,7.496339040798654096e-01,4.965087843027932157e-01,5.708185435169178534e-01,6.696330212171139884e-01,6.049965800089808221e-01,9.884850600447698810e-01,5.666114639365873451e-01,7.200728619381338014e-01,6.145667296805394919e-01,7.582341440398447929e-01,6.032129905638777129e-02,9.049246367308237948e-01,9.148884679769598849e-01,5.430311419200947176e-01,5.430770495220019756e-01,5.707507541922897110e-01,7.705318295879213242e-01,8.239214817010998004e-01,4.448299543457994720e-01,4.919379822588054729e-01,5.019940596538441380e-01,2.449945085421547097e-01,5.814029811809449111e-01,9.261308282064055764e-01,6.602567124220898309e-01,2.589293372684469685e-01,9.462365811863580056e-01,4.072570029134688352e-01,9.365213470182114364e-01,6.803674090750776449e-01,8.439838174897115186e-01,8.513451434384546879e-01,5.268368482456688984e-01,3.811099363709464227e-01,3.183626279356134847e-01,2.253846922592300239e-01,4.152643323252407925e-01,4.768385130981957487e-01,6.771124152416575503e-01,6.197386346920573663e-01,7.204902491286793165e-01,6.830814617769334074e-01,5.715413261211177431e-01,6.495334284515260626e-01,7.658534113863338932e-01,4.771395807467198602e-01,6.458004923532904007e-01,5.982785771447829415e-01,6.950970194047895179e-01,8.241199314988089109e-01,9.135823008828511949e-01,9.219663738261811847e-01,3.593047743240375125e-01,8.919597517565887035e-01,6.477267596762856794e-01,8.244665661226064923e-01,6.407031680797876660e-01,3.402830900810372983e-01,7.179983264264339082e-01,5.567161140380578743e-01,6.053726986932582710e-01,5.071785449041079641e-01,1.973591929497598048e-03,7.128870187849044582e-01,4.834458543534420061e-01,5.813375613239939455e-01,9.965885351875281017e-01,4.605930935764021017e-01,3.547930199411577501e-01,6.259774235396826647e-01
9.638683407581254414e-01,5.363527430549090980e-01,3.488099937024546349e-01,6.915465033681879037e-01,8.585053414469011601e-01,4.443603666148710496e-01,0.000000000000000000e+00,-1.477905180382650951e-01,2.071526338221742203e-01,6.927202370451074342e-01,5.526724554091029251e-01,2.954269911473999533e-01,3.682241221213840565e-01,7.093694601295144064e-01,3.720699736491293041e-01,3.772968022696744361e-01,5.595277700297127677e-01,3.206933530924411802e-01,5.521102185119319827e-01,8.858952343545652974e-01,9.426247325251078113e-01,6.923455631392942955e-01,3.520151099650611348e-01,8.901309020790404425e-01,4.139408310191674545e-01,1.268640477579369430e-01,5.078804527741476171e-01,3.532769428119248989e-01,-1.619861832633645582e-01,4.456011510499766626e-01,5.315428353348572443e-01,8.541666994656680334e-01,1.634695724794164029e-01,6.950914159011565285e-01,6.349623164672407727e-01,7.855301048336569281e-01,1.669115484748381895e-01,2.335934108677653331e-01,7.708313999137841321e-01,6.829259951258040973e-01,4.481181700275121416e-01,4.939006493277600662e-01,5.653920595082172484e-01,3.161589151832995270e-01,5.203069139931508769e-01,7.223243921931666867e-01,3.140025626320284702e-01,3.079428905153911988e-01,6.130007693232256694e-01,7.164560387228267047e-01,7.794542808047185689e-01,4.688317211774901683e-01,2.423795780935432687e-01,4.681473636824776685e-01,6.762807522572777952e-01,1.050680216679121259e-01,2.571840078228538329e-01,4.647101688465272717e-01,8.775791522163345348e-01,3.761923714031146782e-01,3.722093734271457732e-01,2.613188458859899144e-01,5.526252889625919984e-01,5.633107010088737043e-01,7.064341073040607544e-01,7.352842189217805302e-01,3.569132023840773105e-01,6.240748254384341775e-01,3.753622912099900399e-01,4.334657151313193735e-01,6.074058723132441662e-01,7.919423410862076462e-01,4.632539329146685425e-01,4.085478979860613369e-01,2.438872115654639461e-01,4.568862285095903197e-01,6.437627280373163785e-01,6.064988010622937020e-01,6.665222376623249900e-01,7.051351700729548977e-01,3.069359335513457410e-01,2.634764603283253903e-01,2.115082885282228431e-01,2.115151623782159096e-01,7.075199616862700713e-01
8.482110883300681969e-01,4.949050665739764820e-01,9.616898398221976896e-01,6.038549505999201150e-01,3.808479397005817280e-01,9.856595448211151744e-01,-1.477905180382650951e-01,0.000000000000000000e+00,8.730929830335264208e-02,4.990947040921207001e-01,5.120064621643514169e-01,4.409308367696143649e-01,6.807612138651709666e-01,7.849032682690046947e-01,5.456901187862066571e-01,5.663095793348851270e-01,4.570144188310521494e-01,5.072687990686864934e-01,5.145709128298378010e-01,6.351220437930287233e-01,2.552015254070253980e-01,6.503542841307961009e-01,6.942399095946957255e-01,6.961077102212571699e-01,4.417768926641235105e-01,7.449570778822566242e-01,3.954681497942805768e-01,6.601225974757140014e-01,3.821629321052335548e-01,3.278417048193442707e-01,4.963507030510982965e-01,7.410912459440851530e-01,5.238409356646240855e-01,4.505006104440729686e-01,3.761034440108504961e-01,4.111526807012078066e-01,5.203413923617172809e-01,9.478010107170256049e-01,7.898401637241385664e-01,8.617817786695912696e-01,5.329607198973373983e-01,6.441268774267405739e-01,8.274144410941555172e-01,7.649297568852962970e-01,8.573496569185057314e-01,5.750689449938398701e-01,-3.790990282716547588e-01,7.029803974377556441e-01,7.546675490229192151e-01,7.916735618861754364e-01,3.948566747035874291e-01,3.896743438628020861e-01,5.272454658849389242e-01,5.645569961895254840e-01,2.041500672863148513e-01,9.488376343845311700e-01,7.657938664271970453e-01,7.550284806799770765e-01,6.001952570573910739e-01,5.093228677400634535e-02,1.661300356172661086e-01,9.378921707816171294e-01,6.000178272458658313e-01,8.075633465165332758e-01,6.471997659997730246e-01,6.102343417003693871e-01,9.604411488652466744e-01,8.631077923166768917e-01,4.232199714948939318e-01,5.708524609543071948e-01,7.707966198635227695e-01,6.249256952491976103e-01,6.979176000324935902e-01,3.963953574338612285e-01,5.205222682674375684e-02,7.501034553621506173e-01,7.507297828275086848e-01,4.380778920009199551e-01,8.131266134042886007e-02,1.354323674929983345e-01,6.055846784917564563e-01,7.988031369343790988e-01,4.761726982524688290e-01,4.449435411388077410e-01,6.971399979647164846e-01
7.418034610385283445e-01,3.064586093995077531e-01,2.995271756021667953e-01,6.746233148072464658e-01,4.302436933383737561e-01,4.840462356294528146e-02,2.071526338221742203e-01,8.730929830335264208e-02,0.000000000000000000e+00,5.044867685802587598e-01,5.142164527124468698e-01,4.871897672444913674e-01,7.684564982541378653e-01,8.764358033653061320e-01,7.190004815792814252e-01,9.225062145845656092e-01,9.751666652258373924e-01,6.751224261000388083e-01,5.135393762294071518e-01,6.797249976884850442e-01,9.013415135011476620e-01,6.651043227359054733e-01,7.116280040330150714e-01,8.498011580892992356e-01,7.729338449239320230e-01,2.419484201330460993e-01,9.054543154502039393e-01,4.047033427987548615e-01,2.867986958344839396e-02,3.657483735222826216e-01,2.892907265396030825e-01,2.035415667935549233e-01,3.968381531773047532e-01,6.129997002337866929e-01,6.999953599690390549e-01,7.539130390704729123e-01,6.702810974256019350e-01,4.367465052098385425e-01,9.589661096528212525e-01,8.797665326767181160e-01,3.337092565323287463e-01,2.060893677798013857e-01,9.422011506447881546e-01,9.258848899663211229e-01,9.337731693316524417e-01,4.358336949266251592e-01,6.351167478315241643e-01,6.576356644274081731e-01,7.605504476745350573e-03,4.882241183239628413e-01,4.124053621215230114e-01,4.947403468844744356e-01,9.084662785453436751e-01,5.242241518915122800e-01,4.489747442382164277e-01,3.117010276913352862e-01,4.995118692465894683e-01,3.398787971047850798e-01,7.766547757256032636e-01,5.392638643092624307e-01,6.275712606154705275e-01,4.998062854220008955e-01,6.886374680466661458e-01,6.136582181931363733e-01,9.408516753641855690e-01,9.199383427649043821e-01,5.432080012109614664e-01,3.982299132199526581e-01,4.593395161401411797e-01,5.657885093874280846e-01,4.935739577205489059e-01,7.088400473318449135e-01,7.409489734136390782e-01,2.190450018138866972e-01,4.427348047304869860e-01,7.862440763356509654e-01,2.714250694427684518e-01,5.414171085008706585e-01,7.502679292678413603e-01,5.678995881973135651e-01,5.852435711722837608e-01,4.423692209320496671e-01,9.014494533848673719e-01,5.787902491101636349e-01,7.568628430940029794e-01
8.050690100818367334e-01,2.055041260728824593e-01,7.033932947450836082e-01,5.058525172640181422e-01,8.016011184038954740e-01,6.505989398496789811e-01,6.927202370451074342e-01,4.990947040921207001e-01,5.044867685802587598e-01,0.000000000000000000e+00,9.292165581302906929e-01,6.054374211096279490e-01,8.748451325197833528e-01,9.748307961415899614e-01,5.466156631474475835e-01,8.466523284779281511e-01,6.172227875293432309e-01,5.243157357700551913e-01,7.092075761461776873e-01,7.125612771522430444e-01,7.865259831721219674e-01,4.979613101551675913e-01,6.328084796683159929e-01,7.390156023644636196e-01,6.272417498398724645e-01,7.061862198412983682e-01,3.467413653461306478e-01,2.344379840062882359e-01,3.473039512410768248e-01,3.982768750300457183e-01,1.175819691832630520e-01,6.765269439118286599e-01,6.641469596036676526e-01,9.433511760328436857e-01,7.608417326274200532e-01,2.044813921878315122e-01,-1.662932465526604786e-01,5.017829932817404748e-01,6.768988371874971044e-01,5.564960647037339170e-01,6.764224821602873305e-01,6.443729030481096798e-01,8.513009374115633188e-01,7.399661887672061011e-01,9.024818599657067342e-01,9.269315264083781702e-01,5.290158311216150988e-01,5.594964288296248034e-01,4.453370858132151000e-02,6.067524188977051480e-01,6.899996544694265710e-01,5.396163969201358546e-01,6.259008519129779513e-01,5.705931657953062786e-01,3.641380383917751651e-01,6.982249333405191605e-01,6.340382361783051257e-01,9.036249399449216568e-01,8.335737914696138562e-01,5.279042553445339320e-02,5.439945040123727038e-01,6.137642262880917965e-01,6.766479211096614321e-01,9.990572841280143113e-01,7.990538969844621642e-01,6.781152877118036271e-01,4.573292012483849978e-01,6.502249452871674551e-01,7.191141247724440744e-01,6.677978964773938486e-01,3.972176081688351124e-01,8.493156473449489097e-01,3.735455037369819209e-01,1.876236711216670155e-02,5.893008130446305559e-01,7.096320126553120611e-01,6.646381483036362114e-01,4.589979219953422840e-01,3.241425057771142315e-01,2.140873687161371219e-01,5.806078360622737300e-01,5.160767079073150243e-02,4.857779353710055537e-01,4.053941416205633641e-01,2.321548745109594247e-01
9.227317705773964152e-01,1.752095472328986103e-01,6.910892596992054271e-01,8.584441987330593271e-01,7.396122481674308746e-01,7.659718748735964144e-01,5.526724554091029251e-01,5.120064621643514169e-01,5.142164527124468698e-01,9.292165581302906929e-01,0.000000000000000000e+00,9.310070568085678788e-01,4.160795577480775886e-01,6.479441377255360512e-01,7.471505206994302206e-01,6.422788599967286238e-01,6.604926908118347040e-01,5.941590523034288029e-01,7.032354688381784458e-01,8.796398579515007921e-01,7.045609410388059546e-01,7.669059291029465264e-01,7.639405682146740428e-01,7.044262445732306643e-01,7.896989131534307704e-01,9.379081101850869073e-01,7.047090446823672805e-01,6.257050975312962171e-01,3.572527592863613544e-01,7.043410782092073275e-01,3.613548928345764466e-01,9.863514310927309348e-01,7.151736772631961392e-01,6.813108421798552694e-01,2.939631132922794210e-01,3.862889047027415756e-01,5.913730646059180973e-01,1.516031442061442358e-01,7.836963999336172826e-01,8.795564833796752913e-01,7.496136606623924337e-01,7.034647451711016908e-01,4.829317671242898125e-01,7.117233687049708823e-01,9.674497444689705850e-01,9.998719719612007006e-01,4.028327165726870995e-01,8.348154271703887019e-01,5.857733475270769929e-01,5.232455564147970861e-01,6.886089826195997965e-01,7.512945738249435790e-01,2.488124860630008262e-01,6.218715474907865470e-01,7.435618336084324209e-01,7.119652006759512597e-01,4.895901471318224174e-01,3.057510843881361962e-01,9.590693834127597128e-01,6.236121987309711789e-01,7.080173701929736163e-01,3.973042414362824570e-01,7.362899595235907757e-01,8.939806335956066441e-01,9.652992237958105681e-01,8.438777664994274730e-01,6.109002386475996804e-01,9.115140170680482434e-01,7.129232290890945567e-01,4.260191531295310918e-01,7.854700040776509962e-01,5.333442303532291984e-01,2.793257997013815497e-01,5.648455676156626248e-01,4.572801083173985148e-01,6.128943432175834038e-01,5.022666603621833703e-01,7.942887609999509380e-01,5.568904728719601405e-01,5.191393138428324061e-01,7.599842513956616141e-01,5.878490778370797365e-01,7.497441981229899799e-01,6.283796002126806890e-01,5.888077802414782846e-01
6.814620242698498087e-01,2.544508025060022161e-01,8.674999326265986355e-01,9.985553400637485755e-01,2.688541387903742308e-01,7.771275335959075825e-01,2.954269911473999533e-01,4.409308367696143649e-01,4.871897672444913674e-01,6.054374211096279490e-01,9.310070568085678788e-01,0.000000000000000000e+00,4.258297867573837547e-01,6.408236973532179803e-01,2.645427089835415413e-01,5.674623362867092791e-01,3.986386847292097690e-01,7.964558619482673407e-01,3.114375100230710736e-01,7.090488257422448148e-01,8.197833106051470864e-01,8.949914230404721130e-03,7.297521664700172828e-01,9.815860540198469986e-01,3.828238462044530888e-01,6.157395857646894566e-01,4.397658973121988391e-01,4.856697805085748998e-01,5.924696618322617958e-01,2.774964243916708262e-01,5.353446949253505283e-01,7.274427337310511721e-01,5.043626682035684539e-01,9.456081599692977013e-01,5.981223195187062025e-01,5.128547942338691490e-01,1.110116414699104104e-01,4.149903964348976571e-01,9.090193751743169681e-01,9.296642625435287410e-01,4.446899082429257022e-01,7.388630231636300616e-01,6.336582894165192492e-01,-2.849889910858015574e-01,6.181258555113866571e-01,6.273398083565530081e-01,9.546949853963380139e-01,6.413346530674002288e-01,5.207583502475032766e-01,3.380062950577737424e-01,8.133447727822474826e-01,6.705387110776372950e-01,6.630982252758925721e-01,4.790684272566796964e-01,8.945952511637870197e-01,6.005377182190092533e-01,5.931060441785402926e-01,6.096222614949311502e-01,7.189830393214391435e-01,1.191793558451453294e-01,7.030100489550098475e-01,7.984101820956384099e-01,6.796460938480699543e-01,7.142460576470288647e-01,6.907562865854081080e-01,7.086812798671162650e-01,4.371860797882409777e-01,9.269887184427734184e-01,4.568405777144106672e-01,6.361424182405955863e-01,6.470130947664831655e-01,5.243353959389456254e-01,6.142976993220096160e-01,5.516152683225153952e-01,2.822433075828458260e-01,6.509857023352492167e-01,5.545689389494661281e-01,4.051989997892772033e-01,3.128372119241325522e-01,4.813814381427370392e-01,4.041282922234308295e-01,7.552549095231536613e-01,-1.453959054832125175e-01,1.008866062969154681e-01,4.081618723147639738e-01
6.262931655155616895e-01,5.307714059611762236e-01,6.033146679112494359e-01,6.838772498371783470e-01,8.226854831534521351e-01,6.988587323365632598e-01,3.682241221213840565e-01,6.807612138651709666e-01,7.684564982541378653e-01,8.748451325197833528e-01,4.160795577480775886e-01,4.258297867573837547e-01,0.000000000000000000e+00,7.190269962653279556e-01,3.885874896855582294e-01,7.439118139903573290e-01,6.561358082939031666e-01,6.695416743441389151e-01,6.388703136011919526e-01,9.739558044689615723e-01,6.387292210611932308e-01,4.571401836150038034e-01,9.335447727058984180e-01,5.650227419382154448e-01,3.349766740089844541e-01,5.801013784230069081e-01,5.390215772200521727e-01,2.101175948057378562e-01,7.918575395530488281e-01,7.027273616587561555e-01,-1.718478619668729057e-01,5.608009175316810424e-01,6.394746877073382851e-01,4.335192433000681356e-01,8.990388824722668204e-01,3.157572518470788681e-01,2.475942883102631165e-01,9.623282699935689077e-01,6.552451082686912009e-01,4.939314643294050455e-01,4.945528293344920723e-01,7.839597861877343199e-01,3.924515619942472444e-01,3.925342573249165357e-01,8.990912695761451578e-01,7.977813496026645579e-01,7.499850833378454151e-01,4.290457838367447430e-01,6.070366733216093769e-01,5.125082825990895374e-01,1.700721237098938299e-01,7.760801185180021822e-01,9.749219559452101391e-01,7.926669473750974637e-01,4.789068482971182150e-01,6.383793711324805553e-01,8.401825491687446856e-01,7.641758738430256548e-01,7.443992411175709423e-01,7.635922831711250414e-01,4.199591270971543833e-01,7.522599114243664342e-01,4.345317387358044181e-01,7.781538769227662744e-01,6.171532670206537619e-01,9.518093821296246260e-01,8.842705825112211482e-01,4.781919399259593195e-01,5.314552473639795327e-01,4.630645000945913803e-01,8.078451219592476251e-01,9.263183867068391919e-01,7.002376590848862215e-01,2.837621614962490546e-01,5.559267379363419526e-02,4.243660743110063138e-01,4.666828119958617016e-01,7.969252314490749001e-01,1.696628668890119013e-02,4.820218353350079199e-01,9.591692856150338953e-01,4.176980575830859244e-01,7.883940691069619700e-01,4.192362760018286671e-01,5.939681339041165131e-01
5.952283083455824908e-01,5.024215389168756873e-01,9.561568566411435821e-01,6.326157648152137547e-01,7.293337391288292615e-01,8.622086901021490668e-01,7.093694601295144064e-01,7.849032682690046947e-01,8.764358033653061320e-01,9.748307961415899614e-01,6.479441377255360512e-01,6.408236973532179803e-01,7.190269962653279556e-01,0.000000000000000000e+00,5.237381215319842909e-01,4.330194683737214056e-01,5.483678187194825915e-01,7.205959093084370881e-01,2.007844044948887685e-01,9.922341177815134916e-01,7.294720798612515100e-01,7.887887746008815926e-01,5.453964699655545756e-01,9.129436036502361906e-01,1.843784700037203184e-01,6.252654013056698767e-01,6.005211413264415210e-01,7.705754944189073807e-01,2.458919691765724391e-01,5.277011125664560209e-01,-9.485703424377382731e-02,3.102167468215150659e-01,8.771983692289344603e-01,4.335524769714406146e-01,7.173279561738178378e-01,4.569837170455237629e-01,5.661675730458478606e-01,6.515787239657104823e-01,9.237251731339863881e-01,9.726204426800559855e-01,2.236204852371888596e-01,9.145141636812753605e-01,5.582011663740599205e-01,8.463467572809411088e-01,6.182139275243112575e-01,2.965279880539344326e-01,5.430309279204525996e-01,6.030374527647917038e-01,6.259853807819579785e-01,2.956975679666322687e-01,2.290734156977591307e-01,9.642983627721564144e-01,4.414609024195926268e-01,9.380419054790771760e-01,8.744765379948019612e-01,9.492795499873325493e-01,7.303730766764913174e-01,4.137656925261796181e-01,6.384041369844039027e-01,1.801029674396871783e-01,2.647686986088701455e-01,5.664705368101464744e-01,6.085767244049479219e-01,6.393856403393278764e-01,8.511603212056100265e-01,7.110614353535738008e-01,7.698164256992852117e-01,2.890907116886515249e-01,5.804171546144425431e-01,6.711935842597085422e-01,5.875233404017947692e-01,7.752921761373388065e-01,2.793272672901537246e-01,6.333196315277656030e-01,6.760442991850140748e-01,6.315993022306660709e-01,3.793607219166356681e-01,8.884578400507276985e-01,-3.067398858489350788e-02,2.551250317367134701e-01,7.272606114736327454e-01,7.512740618604067944e-01,3.743990201875424528e-02,2.630153305186447854e-01,6.220896233860605529e-01
1.294779388961420086e-02,7.365760122160789347e-01,8.295097202296441985e-01,5.644343937016818025e-01,4.142870460450017722e-01,4.554376771158623605e-01,3.720699736491293041e-01,5.456901187862066571e-01,7.190004815792814252e-01,5.466156631474475835e-01,7.471505206994302206e-01,2.645427089835415413e-01,3.885874896855582294e-01,5.237381215319842909e-01,0.000000000000000000e+00,7.151834882128155213e-01,7.279136325497499449e-01,1.404807725225915849e-01,7.607078621216510905e-01,7.342552608574480777e-01,5.698165096996293810e-01,4.462413538083595532e-01,7.284993428934829485e-01,8.389204080222952831e-01,4.661289516047464332e-01,5.362268489557321383e-01,6.656388164034477972e-01,7.087868308841931420e-01,3.056225523629072516e-01,7.962230129353162766e-01,2.029695882615330238e-02,2.750984453863441481e-01,5.489002342330974171e-01,6.080589837725123292e-01,7.679284027345693042e-01,-3.911424153556541938e-02,2.129934312580396005e-01,2.044128868603807547e-02,6.038182041221364926e-01,4.776531787333038181e-01,2.428123560226467803e-01,9.042783244782423013e-01,7.468509720634288751e-01,5.918148403580392181e-01,5.627291866388555164e-01,3.532414782257682351e-01,6.761984832155172320e-01,6.408515842679824992e-01,4.123917999707423787e-01,4.079933535265616862e-01,3.575169937416731170e-01,5.455143945201720301e-01,9.071731351311687064e-01,4.284781582228921470e-01,5.331294772059580467e-01,1.955537102346494027e-01,4.118629721597581450e-01,7.172603182097526675e-01,9.875135323701507151e-01,5.266515849262705107e-01,6.151737767227948295e-01,6.129710264934781216e-01,2.768195277647757524e-01,5.111764046524465144e-01,5.135324027422248916e-01,4.553629970717941733e-01,4.940784023670292124e-01,8.158537255250645215e-01,6.718855538710888364e-01,6.010065682516538832e-01,4.028399593879831708e-01,6.997922371446706480e-01,6.642393685845257023e-01,2.290769916049249511e-01,7.351599620452933248e-01,6.464592075633487367e-01,7.128099903587876707e-01,4.668839395162867056e-01,6.915548532251537539e-01,3.036140840133656760e-02,5.290913230725365901e-01,7.418716941758630723e-01,4.588166982068245248e-01,1.257513157806997850e-01,4.871281683062993473e-01
8.976491530450956269e-01,7.048435247126670911e-01,7.860805177807612676e-01,3.238650187221649990e-01,8.430543515402435517e-01,7.496339040798654096e-01,3.772968022696744361e-01,5.663095793348851270e-01,9.225062145845656092e-01,8.466523284779281511e-01,6.422788599967286238e-01,5.674623362867092791e-01,7.439118139903573290e-01,4.330194683737214056e-01,7.151834882128155213e-01,0.000000000000000000e+00,9.377142675784146952e-01,6.707321842542020018e-01,4.747005015410639683e-01,6.511180827756325451e-01,4.934848992310838511e-01,3.673370912243340003e-01,7.176364289918464312e-01,9.023172455168154693e-01,2.203898356260506897e-01,4.256569236763647068e-01,5.214339819379192331e-01,8.842565632185583890e-01,6.927832049577070661e-01,7.498136013621744533e-01,2.827711128409362562e-01,5.179237058507994984e-01,5.141917376343247970e-01,7.865658542795150865e-01,7.870727712719771674e-01,5.096399408146150972e-02,1.968450947128666806e-01,6.169529417843706565e-01,4.553543638659225401e-01,6.433150951183852495e-01,3.991097265863334242e-01,9.046916004416637458e-01,9.084769955073084269e-01,5.161865336621244138e-01,4.839666496585941502e-01,6.940376379320152278e-01,9.982569839328520045e-01,4.030892414630898868e-01,6.255979587752246163e-01,7.924357039766032340e-01,2.377338460461449476e-01,7.334379384162167392e-01,4.860555840941876427e-01,2.531946037772921931e-01,6.796130618755611419e-01,7.475699173637254669e-01,7.223897352831371022e-01,2.286279314409311036e-01,4.387591012821978609e-01,8.504861670611012503e-01,3.949566558130245264e-01,6.125368482403797943e-01,-1.526333299910440922e-01,7.634278486808429021e-01,7.191340844256854936e-01,4.944758612427659350e-01,5.840990676217137079e-01,8.868666778543652374e-01,7.490603385828048522e-01,6.417320196642728458e-01,6.586188470736448197e-01,4.147551044959812971e-01,4.790483504455390062e-01,4.795137485979080738e-01,2.961853221437318329e-01,3.997620244855701888e-01,7.031593874786532528e-01,6.169776315542899736e-01,5.938312434076404855e-01,3.832709012537550697e-01,6.171701991492313244e-01,4.083813017223504316e-01,4.296184435845631922e-01,3.447803146516005279e-01,7.553531812121575539e-01
8.219098355782051835e-01,8.789843366161194105e-01,6.860475589971034571e-01,7.972505385787448384e-01,9.226000894914939687e-01,4.965087843027932157e-01,5.595277700297127677e-01,4.570144188310521494e-01,9.751666652258373924e-01,6.172227875293432309e-01,6.604926908118347040e-01,3.986386847292097690e-01,6.561358082939031666e-01,5.483678187194825915e-01,7.279136325497499449e-01,9.377142675784146952e-01,0.000000000000000000e+00,6.493220606453666832e-01,4.081293770530624032e-01,8.875680713346563167e-01,7.916654380879883934e-01,7.197629167844181719e-01,8.688377868622337852e-01,8.308244933169931512e-01,6.659268624541935244e-01,7.914755377744107090e-01,8.116874998038469124e-01,6.630570811326521596e-01,5.699330956508286139e-01,3.535729138746183109e-01,4.595953923621337034e-01,7.460137150569837727e-01,9.363972258095585310e-01,9.789397339654606345e-01,5.002214164521736617e-01,2.895764703003536611e-01,6.266374984726204023e-01,9.653574538039650932e-01,5.669482175352056341e-01,8.672172599469359922e-01,4.997084930395637725e-01,6.228571079508845587e-01,9.353812143013117142e-01,9.005852363649898829e-01,9.990141782724200059e-01,5.701314260993667338e-01,5.515107632250679792e-01,7.796617452908823909e-01,6.659895145089735902e-01,9.549291492826890160e-01,6.426427667637591989e-01,5.822753724107018192e-01,5.653824925067012508e-01,7.266147113958711934e-01,8.821023558171159351e-01,5.813767725279960219e-01,7.899786110900139935e-01,7.775778845226669622e-01,5.917463548860260047e-01,7.497906236719132922e-01,4.218890829689484478e-01,9.321740933010826957e-01,7.384162801978410018e-01,6.398647976644618041e-01,7.131206479647932417e-01,7.317932191044860257e-01,7.676161635470550859e-01,7.693141932029988750e-01,3.683435571877218262e-01,7.618350975271594994e-01,3.177606344454629306e-01,4.346407904505655839e-01,2.653744909961963661e-01,6.089912390065235215e-01,4.045632755922393131e-01,9.972906793487417154e-01,5.675167476849384274e-01,5.775754829291841475e-01,1.420121527644941650e-01,4.498108696769854697e-01,7.965488106439110316e-01,5.366868311367674060e-01,7.530686129796843042e-01,5.177989870496527702e-01,4.889886470882396363e-01
7.525425663070181015e-01,4.692403615207138001e-01,6.323899307660493241e-01,5.008681615111354457e-01,7.190800826464889273e-01,5.708185435169178534e-01,3.206933530924411802e-01,5.072687990686864934e-01,6.751224261000388083e-01,5.243157357700551913e-01,5.941590523034288029e-01,7.964558619482673407e-01,6.695416743441389151e-01,7.205959093084370881e-01,1.404807725225915849e-01,6.707321842542020018e-01,6.493220606453666832e-01,0.000000000000000000e+00,9.026314222754086014e-01,5.166306879701126897e-01,7.395372400486905917e-01,4.467167618293386155e-01,3.071974170935848902e-01,6.990382275774026377e-01,6.346499480107445912e-01,6.736463948587844142e-01,4.221628548031680639e-01,7.666025490220713667e-01,5.996253218242315608e-01,2.965895323803952044e-01,2.127940245635506211e-01,7.951501497496435977e-01,9.355815624863172975e-01,6.795472638369199903e-01,5.454203722613253369e-01,7.887538546671416517e-01,1.932004661917871291e-01,4.088489023254020527e-01,9.195250528744097762e-01,9.898015363958889701e-01,5.012827572085170047e-01,5.330505929747426652e-01,8.120622354555303568e-01,8.373116701325933331e-01,7.536742479999394284e-01,6.292084293127858663e-01,6.432028813617245433e-01,7.086754012629290500e-01,5.603678995306603516e-01,6.843210077853574269e-01,3.801584403976994153e-01,4.960462455191679831e-01,5.973400691766233006e-01,9.717903580221239901e-01,9.894266838632419514e-01,6.681127976675844682e-01,4.570656555616763872e-01,7.702980319308794233e-01,7.883563389336714078e-01,3.885685663443473326e-01,3.945058965136193363e-01,9.452336899949822513e-01,5.913580291956186397e-01,3.455303838834409280e-01,9.559205945843805008e-01,8.349310375865840461e-01,5.203478426340981677e-01,8.422713764872378217e-01,6.544602983503766680e-01,7.654507201924825033e-01,8.246743569397455564e-01,6.862868418036202067e-01,5.257566209796106227e-01,5.087182932277328762e-01,2.373561595334575669e-01,6.115590350488527838e-01,4.547678379166904539e-01,8.921894878099024817e-01,5.092062114618601809e-01,6.865221225288515861e-01,4.914803619438451454e-01,5.871953815789977549e-01,7.394701466314005378e-01,3.106062704750922054e-01,5.663991365213880691e-01
