0.000000000000000000e+00,9.009817525908097036e-01,7.443914709941459318e-01,3.279348655350372566e-01,9.055348883379570335e-01,8.923586554584953534e-01,5.909466320714886756e-01,6.907136052326287023e-01,6.934931560245022331e-01,6.098540030979616722e-01,9.175472117520776516e-01,8.974397916643661599e-01,5.088673745309063579e-01,6.404507200320862514e-01,5.107782503747522185e-01,8.020500661508478402e-01,6.992535726931153883e-01,8.206084910074155081e-01,6.559477885848185030e-01,5.723851750540762673e-01,2.627860724599552222e-01,7.397460447955320761e-01,8.788975247318404627e-01,9.737900867785054260e-01,8.110982495846223994e-01,8.760589537933405335e-01,6.623867186969493170e-01,5.684859156263752933e-01,4.366533878193952223e-01,5.625093548539610300e-01,1.022790488416659427e-01,5.131206282194787915e-01,5.322505695661207126e-01,6.107687900058378361e-01,7.762016962881341797e-01,6.517094030789006842e-01,1.975708008847923969e-01,7.465839601533783565e-01,2.128557252880067807e-01,5.813186116159965167e-01,4.301106047016753364e-01,5.457639247139531857e-01,6.177190531524863193e-01,7.204970283441429757e-01,9.340629089741820934e-01,4.650910086950436617e-01,6.814398107812796868e-01,5.141056174409832646e-01,2.548456407949301061e-01,9.566598285049712214e-01,6.176194183360536050e-01,9.635698506790127960e-01,7.933579222876915304e-01,7.126757417340451317e-01,3.728507114425496649e-01,6.160366333795928018e-01,4.143751284807873914e-01,6.388417071307114226e-01,9.224537601800523179e-01,4.127659784588855185e-01,2.580459036362909298e-01,5.911891050454675112e-01,4.295309334762835718e-01,4.146421241531834112e-01,2.526394060813890174e-01,6.151775779073122008e-01,9.696415792586720039e-01,7.448571712389944199e-01,4.859836031049753480e-01,3.206704848306836664e-01,6.719855968766329513e-01,7.376804439368471744e-01,3.509979100242215377e-01,4.781897832743342569e-01,7.766527953308819399e-01,8.287435483635532396e-01,7.529349765890925861e-01,7.284853640104164141e-01,4.818446757336399267e-01,4.690058066197014264e-02,6.772523775659070600e-01,6.932621432725216692e-01,9.723315031045923762e-01,2.964473267541352652e-01,8.265002560971592693e-01
9.009817525908097036e-01,0.000000000000000000e+00,9.658531629204739621e-01,9.929020029121085056e-01,4.217590426985403651e-01,6.264641739976303247e-01,4.707568589009589188e-01,8.967016289362608750e-02,2.033334032280319503e-01,7.113876574571954547e-01,7.976887593141295252e-01,5.936493005721388272e-01,8.533458936113795801e-01,7.456976305318819831e-01,4.632925637227504612e-01,6.028633957978311031e-01,4.446257340440495920e-01,2.442840599743153762e-01,6.782070958485779677e-01,5.146541930647898777e-01,2.474619090642248276e-01,6.004081930782603216e-01,2.673239707988739333e-01,6.137596502302166135e-01,5.929286938396779449e-01,4.311362781372042874e-01,7.478165755603269904e-01,7.405496914436893174e-01,-1.495790747094974393e-02,5.877843482112905804e-02,2.199409364611344953e-01,7.781480787484007511e-01,7.879219041825451519e-01,4.473932704176021291e-01,5.880581831999054376e-01,4.772885402743128891e-01,2.047443837615418039e-01,7.337983263283427426e-01,5.835974263619093660e-01,4.711830904654012442e-01,5.200906606177084779e-01,9.361824665170550563e-01,5.807754852877843321e-01,7.945534312428872425e-01,8.643335252829288384e-01,2.849362543928387059e-01,6.654957442812502455e-01,6.917098954300542335e-01,3.181391823760107984e-01,5.644426874194160559e-01,7.596067270898860802e-01,9.999210449717146343e-01,8.195593861134214952e-01,4.704056548941244476e-01,8.659738387340611965e-01,6.525759425402671843e-01,6.334285769330760818e-01,3.047139161459502810e-01,5.361976390910156987e-01,4.379016038536611699e-01,7.479591711321144087e-01,7.621050867607768176e-01,5.907851840478235417e-01,8.461362718974364538e-01,6.094381403143891429e-01,9.780351280724827179e-01,7.311188947218778544e-01,6.965147105965326935e-01,7.793840788032102562e-01,6.739092242711879344e-01,4.690621100109618191e-01,2.310506861658884470e-01,-4.999911453959132723e-02,5.873104669652864374e-01,7.177439786947588385e-02,5.828759109761079138e-01,2.501996476497448385e-01,6.454532487531824403e-01,2.055027328133359199e-01,5.338482604693591815e-01,6.933357937226768408e-01,8.692158211265301748e-01,6.301895984144251228e-01,3.390232581831945646e-01,7.743486398309405716e-02
7.443914709941459318e-01,9.658531629204739621e-01,0.000000000000000000e+00,6.305369370988712641e-01,3.408629085785006702e-02,3.999561311597432112e-01,5.868870665722393243e-01,6.362249734573057758e-01,6.081009158889834065e-01,4.710670982566731446e-01,7.777643221631760362e-01,5.418557880833495544e-01,6.597053592346375783e-01,7.647249127438862093e-01,5.154887587779712899e-01,7.091808242521513428e-01,8.719140738060380258e-01,7.608895805103077503e-01,8.212289673624797448e-01,6.243440087342512212e-01,7.534772751602715202e-01,8.962020333699548535e-01,7.087224687594554373e-01,1.732422445713003856e-01,8.340599571717078886e-01,6.011796426334955479e-01,6.989254268482324450e-01,5.570429639836521618e-01,4.135389116078376226e-01,5.329321944585725390e-01,3.383293541120798720e-01,4.034280007964732295e-01,9.876500122348367272e-01,7.402463944413721908e-01,4.832143102658408296e-01,8.815389774415703650e-02,5.927344402206485841e-01,7.503609127741751594e-01,9.309276088787418191e-01,8.653496654378219910e-01,5.864784248231513786e-01,9.718858908977293654e-01,9.465348228689336452e-01,8.490154098971443020e-01,7.562887619240763470e-01,8.322067103503453245e-01,8.221649246365100305e-01,6.856154081501497632e-01,6.184037842716373357e-01,6.846551502095309383e-01,7.738786882791752753e-01,8.452751574128180012e-01,6.319484378134528901e-01,7.658441405180076433e-01,9.182985378628608641e-01,9.679297635735479854e-01,5.289775164828385279e-01,8.085121960715256906e-01,6.684328013689297965e-01,2.740064817117838225e-01,3.315954624247974825e-01,9.536355674513274927e-01,9.955203231034096545e-01,5.869259496160434963e-01,9.156850584734955723e-01,7.622151514183306276e-01,7.766500812405078280e-01,6.217267753217540216e-01,6.629465386091543122e-01,7.852122839776990437e-01,6.447109471802791036e-01,7.830554736915368297e-01,2.562790524966302441e-01,-7.961693448538587070e-03,6.737090795353088690e-02,6.724880904876944232e-01,8.761209153410852712e-01,5.863407545997703085e-01,2.416749916979693824e-01,1.297836865985391164e-01,9.142664048341790917e-01,4.332212327239213234e-01,7.808336476453690000e-01,5.034295332954569213e-01,5.013980044626616950e-01
3.279348655350372566e-01,9.929020029121085056e-01,6.305369370988712641e-01,0.000000000000000000e+00,4.254733685905292551e-01,8.839475452995300131e-01,6.678005645463696016e-01,5.550921042080159129e-01,8.103641528460258092e-01,9.587854937072235462e-01,6.839443946736368796e-01,3.574945592162814823e-01,8.923636800891812104e-01,6.307692792901467005e-01,9.401776770630602131e-01,5.835915720692564923e-01,9.114404682305915495e-01,5.282401244161458731e-01,4.545577962048157894e-01,5.389950467010219404e-01,5.690177670252709596e-01,4.537315598764007363e-01,5.834996216914630773e-01,9.474337064491968885e-01,4.040844748892897242e-01,5.688894243071016543e-01,6.229554502675450633e-01,8.394252137881222930e-01,2.336087531876399059e-01,-1.200473722146081501e-01,7.847080822897715136e-01,5.991215730703763898e-01,5.312685239221831557e-01,5.507175693866768196e-01,7.088868213756105430e-01,4.110643867313155120e-01,5.900620155576783432e-01,5.536404539218571230e-01,6.465354928490011366e-01,4.880825648054525900e-01,3.200036181612889163e-01,5.094278883966317784e-01,9.930998256182119732e-01,1.754732935067102317e-01,8.524756130595652071e-01,5.687482561637062783e-01,6.060766148229935757e-01,7.368820080399184347e-01,8.194639675931801870e-01,7.419728457810790268e-01,9.530221481378338133e-01,6.306004497809466480e-01,1.507558414053402907e-01,6.587406123041991135e-01,4.270383624270009948e-01,8.679557335663385942e-01,5.381271706580962322e-01,2.918091020564234639e-01,6.135851294637842956e-01,-4.220181896662131282e-02,2.681416379601400668e-01,6.169679253320438095e-01,8.049888312681061642e-01,7.808451833650977836e-01,9.179737245189950601e-01,5.986447234505065662e-01,5.794531218677835271e-01,6.173276123952192718e-01,4.402370566677423769e-01,6.176757361640925481e-01,7.570757652076081090e-01,4.891346668682952092e-01,5.097262282904817532e-01,3.376667599478272441e-01,3.641191329074725536e-01,6.891194450173013797e-01,6.101439811608976305e-01,5.565847483854023947e-01,5.168007991177164806e-01,3.722713622946686174e-01,2.283679659892610958e-01,9.768773083864787932e-01,-1.090699296939542928e-02,5.869626900735631647e-01,6.332246202388791545e-01
9.055348883379570335e-01,4.217590426985403651e-01,3.408629085785006702e-02,4.254733685905292551e-01,0.000000000000000000e+00,5.347112021991270447e-01,4.970031094567865515e-01,4.537953609278130296e-01,3.019080437795256810e-01,7.708980814409753801e-01,9.401537320118036334e-01,7.102044763211879941e-01,9.587150591770007280e-01,8.734502105014473328e-01,1.520231459360408821e-01,5.839870843544832102e-01,4.390854975372256996e-01,3.443553878436151905e-01,7.336568857888959849e-01,7.590748668083646677e-01,7.475177365679779307e-01,3.050396180955953773e-01,8.828077733784112091e-01,6.132839297158704239e-01,5.907401161053245364e-02,7.000726934167004201e-01,9.793594211015320683e-01,4.542557348994074595e-01,2.846858151643505974e-01,7.323554241280705313e-01,4.151474351133734864e-01,5.440404875443889399e-01,5.183815323122705765e-01,8.236486917429332033e-01,2.439491708280223659e-01,-1.687994486859333010e-01,1.792311964993231199e-01,5.920731805284873417e-01,7.294111048344742443e-01,3.225265441885317164e-01,4.043920064415228999e-01,8.348762650054269985e-01,8.345342683621359559e-01,5.532902990025847512e-01,9.105633720609324078e-01,5.100569085946367043e-01,4.945941267880823999e-01,5.822074206256984130e-01,5.493061017152665038e-01,6.817839784644593726e-01,6.558924141362733051e-01,7.859827895476432236e-01,9.429193952536829570e-01,7.006345239200251207e-01,2.052572694901169670e-01,8.117356436650710050e-01,3.578266848999198668e-01,7.283344222514478439e-01,6.584712432514949754e-01,3.457368807919102283e-01,5.461471661362520269e-01,7.291531157314273814e-01,7.042518834288828966e-01,8.403772362788828332e-01,8.947712516992110121e-01,9.275757500438751579e-01,7.853817419672209921e-01,4.570626330206523646e-01,5.930309815427312614e-01,5.897130515925580463e-01,9.537076848444515642e-01,4.097664035113195991e-01,4.246250485445436373e-01,2.176252978593286591e-01,4.278113322398047202e-01,7.850674554746619460e-01,6.598759365749833350e-01,2.288311233570660963e-01,3.165651609754731033e-01,4.697040442581197905e-01,9.932325569427160605e-01,7.550039622600631661e-01,4.900942760857353031e-01,-5.457566238554081850e-02,8.043739165283974035e-01
8.923586554584953534e-01,6.264641739976303247e-01,3.999561311597432112e-01,8.839475452995300131e-01,5.347112021991270447e-01,0.000000000000000000e+00,3.518387261435863556e-01,2.695642385020365905e-01,6.369598698197100894e-01,9.019165946153572255e-01,3.385651989038054310e-01,4.093086207944798272e-01,8.947259624952076384e-01,7.946884209035222080e-01,8.465520165750237691e-01,5.086895367713646365e-01,8.438902985577473315e-01,6.517478638120912660e-01,5.286203130869127076e-01,5.264741070413276880e-01,6.112854947776554804e-01,4.158520054274892352e-01,6.120508461975284753e-01,7.156257397505279005e-01,2.898936987439312829e-01,7.917051201639412061e-02,6.659706343900677616e-01,7.883807005257672529e-01,5.814372748462857121e-01,4.670505239819278120e-01,1.562630534997513573e-02,2.968070846212244041e-01,8.952440672212368389e-01,7.436437637634560893e-01,9.605563374532515297e-01,5.728470241116876416e-01,3.282344203378769754e-01,7.952516540227305697e-01,4.125223476536084566e-01,9.284034899992762435e-01,5.406564097009043390e-01,5.570676708499154861e-01,3.650123057062778509e-01,4.186138324239646602e-01,9.790042848050116708e-01,6.829325111540769377e-01,7.664392783636174711e-01,-1.696837626145893119e-01,7.478281838041542784e-01,7.545420719293022271e-01,4.332839957013957521e-01,6.473086330916442144e-01,7.386163496645796744e-01,9.698640826185758179e-01,7.831823051812419889e-01,-1.452440932966869713e-01,7.015541235830635713e-01,3.059061974463190836e-01,5.836264632187939672e-01,3.927186813968391310e-01,7.217264626117583237e-01,7.726491136244937330e-01,7.479233000237948126e-01,6.795352124691441675e-01,9.527076299256009850e-01,2.788723701920676201e-01,9.427921100868785764e-01,8.345462992272241198e-01,7.640367843597720698e-01,3.084586826150351735e-01,7.127875395965800331e-01,7.592422962882898752e-01,1.320113737740092885e-01,3.432628632884276998e-01,6.254259323046346131e-01,6.992060444089278626e-01,4.031509974534465135e-01,2.272102225365006944e-01,1.302446424549329740e-01,3.820182801289301322e-01,4.247048564264122028e-01,5.940775895273303631e-01,6.282480291673500084e-01,6.562526497430372086e-01,4.900356596493677386e-01
5.909466320714886756e-01,4.707568589009589188e-01,5.868870665722393243e-01,6.678005645463696016e-01,4.970031094567865515e-01,3.518387261435863556e-01,0.000000000000000000e+00,7.786813715962646043e-01,5.095627457195948118e-01,5.146500999564818102e-01,6.712495568092792242e-01,6.288871265383056963e-01,5.751180967432677482e-01,4.374421426252576017e-01,5.738320556751197454e-01,4.491430058330486697e-01,6.354048835071838264e-01,5.450747704749753231e-01,7.676401389217444304e-01,7.893014762456052047e-01,9.740944747121896841e-01,5.610144974805855167e-01,3.073093812850372086e-01,6.901972360173080911e-01,7.558915225172269103e-01,5.941666828681162471e-01,4.834821531355602137e-02,5.663873219930002367e-01,7.391943034247251409e-01,2.677806721029892811e-01,2.666313860568246263e-01,2.727044398708944328e-01,3.536502537613296915e-01,4.077169523614728730e-01,3.303408299355224953e-01,2.387032857239329009e-01,3.401902372332418212e-01,5.486216831971072461e-01,5.988573040912944512e-01,4.713901496835977145e-01,6.566867214125722274e-01,5.886575109672297357e-01,9.387647985751128576e-01,5.728756355017411428e-01,8.736233892693336944e-01,8.883817372518712507e-02,2.406632353089828980e-01,1.428670484318375102e-02,-2.017874117745919460e-01,6.933538681978961282e-01,3.609828867326377311e-01,6.372429539930134501e-01,2.673394520352778136e-01,2.733916720123532595e-01,6.639078299422382923e-01,9.712695442240310006e-02,4.255494860160188297e-01,3.307395580272191049e-01,9.841945366488333846e-01,3.989237175538081770e-01,7.070845158411549480e-01,3.639663124540415406e-01,4.307276405737051062e-01,4.648525608819485955e-01,8.259262601598033049e-01,4.569747968207145683e-01,5.666156258094128262e-01,6.733590839176402110e-01,1.336207018090496967e-01,4.729507464200400912e-01,5.566092400332602885e-01,7.724746390871910506e-01,6.868511370179453818e-03,3.033695648699716307e-01,7.885389364273682755e-01,5.480232299706618848e-01,6.025725705378199848e-01,4.368662472413573639e-01,3.075818210335455882e-01,2.833705122919256691e-01,1.091221906235142342e-01,7.257864764856699624e-01,7.363848645653756630e-01,2.305669788300076239e-01,2.161882029425125085e-01
6.907136052326287023e-01,8.967016289362608750e-02,6.362249734573057758e-01,5.550921042080159129e-01,4.537953609278130296e-01,2.695642385020365905e-01,7.786813715962646043e-01,0.000000000000000000e+00,7.878948151133144950e-01,6.509663528382009234e-01,-1.963036763862738288e-02,6.686710596105069904e-01,7.765562039130442518e-01,8.156135383617363344e-01,2.399146096401469364e-01,4.816936298991884580e-01,6.247785945239003880e-01,4.859516212122105827e-01,2.689847171564911932e-01,7.304239753232153465e-01,7.200534722267929455e-01,2.752757407424573088e-01,7.958618408306015191e-01,7.336633138770883855e-01,1.409764995873829807e-01,8.538260693498647691e-02,8.376279387176759350e-01,7.704132367287315208e-01,5.145158486801483244e-01,2.381192580442701712e-01,2.725680250289120865e-01,7.363730140321687045e-01,4.846415626622874173e-01,5.465263288560434640e-01,6.029862160332859489e-01,4.140304069672847143e-01,4.489103582403226045e-01,6.773165917921819545e-01,7.711852607346811883e-01,5.496576274355202685e-01,5.291364564617531130e-01,6.174424873946515735e-01,4.855177452580531905e-01,5.263653042325632248e-01,9.063738552289533068e-01,2.998802547033453392e-01,4.559155222703197841e-01,8.145056906512633255e-01,6.867542795912842668e-02,7.402514991269355527e-01,3.634960735876472393e-01,7.342778860694099130e-01,4.595628274090545196e-01,6.779760296631753835e-01,8.892222883362124186e-01,6.657013317419849807e-01,4.176323024180181864e-01,5.956483408545707459e-01,6.150300382966181756e-01,3.040573132160113712e-01,2.523603898104353482e-01,5.381669658822069158e-01,6.462130794310946280e-01,8.060504388470460801e-01,8.179420652330348096e-01,2.307315295000153532e-01,2.578260245463104283e-01,8.980330416382207304e-01,2.318226485186370422e-01,2.337047062965114108e-01,4.700992657406385944e-01,5.799795547281595409e-01,7.718558971369651189e-01,3.831626282013101958e-01,5.755160671311172482e-01,7.310038089375945347e-01,7.980753952535674101e-01,4.151416343184837210e-01,3.368637890264843948e-01,7.472938530902075716e-01,6.918491967119835273e-01,6.326861923858027037e-01,6.369664221998178055e-01,1.612377085282965805e-01,2.495451252698166478e-01
6.934931560245022331e-01,2.033334032280319503e-01,6.081009158889834065e-01,8.103641528460258092e-01,3.019080437795256810e-01,6.369598698197100894e-01,5.095627457195948118e-01,7.878948151133144950e-01,0.000000000000000000e+00,2.426883807058101417e-01,7.191407165599430495e-01,6.855509020200541981e-01,6.713402843757825256e-01,6.605750086865095350e-01,4.936569211101218269e-01,7.260677245356821352e-01,7.591098473619662945e-01,5.842903995380926974e-01,6.079133309868866020e-01,9.468675323282289558e-01,7.115674132219139691e-01,7.697145421084702344e-01,2.896265585912168317e-01,5.323958357234250816e-01,7.560750109690479448e-01,6.717337853088959365e-01,1.170563201366938734e-02,3.639414953126847707e-01,5.792412605349565036e-01,2.879112333811791880e-01,3.427259201781659437e-01,6.257600709735245958e-01,7.367673001141862299e-01,6.198786114449104101e-01,5.140937717405530405e-01,5.893324425780654963e-02,2.356524562444632653e-01,2.772334371886640558e-01,9.709874531957277677e-01,9.142282285959929533e-01,3.100541810039520452e-01,2.331261836295989709e-01,6.797377121401513289e-01,6.245271548688851038e-01,3.723265950448971795e-01,9.832198117488695210e-01,6.500635589928941416e-01,5.273107624022943529e-01,7.341942538133164886e-01,7.531889442085013542e-01,3.842342091311016783e-01,6.794481658630443510e-01,7.786074139892601442e-01,5.983616433743077501e-01,8.688202283587667107e-01,9.393072191164197893e-01,7.480078538569514546e-01,7.236941738887893161e-01,2.544634757863675767e-01,4.615602838835643484e-01,3.486643890443866800e-01,7.738921089244892304e-01,8.871362885938711695e-01,8.343068043506322029e-01,9.559512058572053883e-01,5.850099281110741067e-01,5.422628657250563311e-01,9.661143204217078617e-01,6.631693526713013931e-01,3.228403689326188042e-01,5.957679588730742104e-01,5.566047288418725092e-01,2.072967039207834206e-01,4.067654058143230222e-01,7.353746275219584794e-01,2.754640774503877010e-01,5.595140806112277598e-01,2.395278956584677155e-01,6.175956836531546479e-01,5.718584598294752519e-01,4.463049121330354141e-01,8.950119196104605601e-01,6.860039128292876320e-01,3.917631360403464602e-01,4.575324896210107850e-01
6.098540030979616722e-01,7.113876574571954547e-01,4.710670982566731446e-01,9.587854937072235462e-01,7.708980814409753801e-01,9.019165946153572255e-01,5.146500999564818102e-01,6.509663528382009234e-01,2.426883807058101417e-01,0.000000000000000000e+00,4.319350930630134200e-01,5.038253720514720424e-01,9.549803865996286945e-01,4.034564862105017302e-01,4.074810217180385719e-01,-1.870326213083334799e-01,2.510121079147573653e-01,4.250557026457094656e-01,7.122833555829963803e-01,6.903733452685052452e-01,6.908493263541849450e-01,7.991649797682419676e-01,9.226394085013425173e-01,4.572832774525065758e-01,1.868366479769196786e-01,7.674050642034950798e-01,7.724762938118064914e-01,7.112392703165716368e-01,5.483890117355481042e-01,2.165653844818758444e-01,5.630331690176900716e-01,5.554100415384597422e-01,6.684901018749616064e-01,6.198519137535055679e-01,7.969270746439167663e-01,-1.140303449313928574e-03,3.654923390716151577e-01,7.470132294302523901e-01,4.903097072662985223e-01,-4.261189356020503305e-02,4.581217921358632372e-01,6.086369176249591950e-01,4.450790237500286128e-01,9.850507680946051225e-01,6.193576008862760052e-01,8.496510445260631039e-01,4.870473802108217232e-01,7.794036735244119773e-01,2.239497876671777410e-01,6.835228697116865204e-01,3.860157786595755924e-01,4.626684025646276566e-01,6.457489887737852818e-01,5.344678569899430354e-01,4.064781646843779739e-01,5.007164206510937854e-01,6.569259360647858870e-01,2.581454663850785147e-01,6.639025141702541433e-01,3.272715522975167338e-03,-2.396135618443048787e-02,6.164759538250799698e-02,7.638218880433729208e-01,9.470643946174458483e-01,9.613543916588390692e-01,4.877907977230982461e-01,3.700372830909181565e-01,3.189947299962029303e-01,7.248794159668785486e-01,7.401782080001196862e-01,6.430253754772423669e-01,6.644350305925903477e-01,5.541361079965501091e-01,2.578292292627696880e-01,5.116389037873018131e-01,7.200869360655830498e-01,5.495632183779348701e-01,5.887874115130525832e-01,3.185322395855289535e-01,3.325543361716954971e-01,5.323241740613153805e-01,9.957965694859056693e-01,5.486868720842903446e-01,4.313804338733503996e-01,6.102289219415831800e-01
9.175472117520776516e-01,7.976887593141295252e-01,7.777643221631760362e-01,6.839443946736368796e-01,9.401537320118036334e-01,3.385651989038054310e-01,6.712495568092792242e-01,-1.963036763862738288e-02,7.191407165599430495e-01,4.319350930630134200e-01,0.000000000000000000e+00,8.197337694779035511e-01,4.641148970945933039e-01,1.000077454347666761e-01,3.364857755343237944e-01,1.021470672891433840e-01,7.550714490421259750e-01,7.316023305059711213e-01,9.424575864152624494e-01,4.156965283758825014e-01,8.446376782380133896e-01,4.588537973820976945e-01,7.147549212240246197e-01,7.363182896886729667e-01,6.351059096733684406e-01,6.181463827990502091e-01,3.121231635110715552e-01,5.799904245573854755e-01,9.369250251280185626e-01,3.284191001062641835e-01,4.298113251024938131e-01,5.590999712977982039e-01,4.035640854899564811e-01,4.015375787155632259e-01,5.992387410525807923e-01,5.881657832972353450e-01,1.428049478294098895e-01,9.476621662499563614e-01,6.035165882948222427e-01,8.005146733037580287e-01,4.338609081479076757e-01,6.090232055754029039e-01,5.943320843175288193e-01,8.784353474838761944e-01,6.842841432027894077e-01,8.398215214060285039e-01,9.448834903672753693e-01,4.300866385394865876e-01,2.782960114947251040e-01,4.268775202132835123e-01,7.450038077514867796e-01,4.994866209613620933e-01,1.806398448642356214e-01,5.450016820739213008e-01,8.182316327109702137e-01,5.795977089323485210e-01,4.408060154807830200e-01,8.633868371141730780e-01,6.242584459578834899e-01,4.249306844698615970e-01,2.323753137875658181e-01,4.119687731312726697e-01,7.219184583038061875e-01,7.610865771161434701e-01,-1.299201783085892070e-01,6.598440612054708998e-01,5.067137213263329665e-01,6.850516465257794341e-01,6.575639297227862112e-01,6.615817069718400445e-01,6.901222724596631775e-01,6.047589236319026451e-01,3.345320919675008886e-01,2.850345799612250541e-01,4.559316552753316376e-01,6.126077834315125648e-01,7.122040228990342836e-01,4.555543436642869315e-01,2.567840254384237686e-01,-1.515173754540953543e-01,3.408381179329970090e-01,8.149182455730226149e-01,7.129516098018395809e-01,4.134769356392014594e-01,4.661775261100880030e-01
8.974397916643661599e-01,5.936493005721388272e-01,5.418557880833495544e-01,3.574945592162814823e-01,7.102044763211879941e-01,4.093086207944798272e-01,6.288871265383056963e-01,6.686710596105069904e-01,6.855509020200541981e-01,5.038253720514720424e-01,8.197337694779035511e-01,0.000000000000000000e+00,8.680966333704082105e-01,9.993170315842629936e-01,2.218650540557317030e-01,1.095968535225549101e-01,7.956584120607547161e-01,4.359992991497099180e-01,6.513469425680517011e-01,9.788399114426763470e-01,9.493640280478830018e-01,7.716869583244314601e-01,1.636993145848965048e-01,8.739654542529681214e-01,4.682975932367999805e-01,5.723564162090442053e-01,4.821298718538578054e-01,7.164646218710499781e-01,1.227795303434361385e-01,4.633368694308204194e-02,5.048255779166513357e-02,6.907391764296005876e-01,3.298875178273847353e-01,2.518327682047038496e-01,6.440739576337729533e-01,2.727628598220217526e-01,3.339380699262430308e-01,1.302767460262369004e-01,8.844694259337428921e-01,7.836277170453896934e-01,4.832882622437897346e-01,4.390972239454433157e-01,9.211001095598645438e-01,-1.768721096443806318e-01,7.205598722850898863e-01,9.848526970943650705e-01,7.841285033393629034e-01,7.822291575792078566e-01,9.996316863533200037e-01,6.792633971091688316e-01,6.665322378375928558e-01,2.901539801030029730e-01,7.371485838831861592e-01,2.409840682890007080e-01,6.035655732957102559e-01,4.152014481312081284e-01,6.322718357392020927e-01,6.628453003516840969e-01,6.442716231502674251e-01,2.008846827146779090e-01,1.678825457189414838e-01,8.467116543030324127e-01,7.675086826827399733e-01,6.839763761102570783e-01,6.825179442292882426e-01,2.842672276280834298e-01,3.809148927079417657e-01,7.944871173398209141e-01,2.494529203743287016e-01,6.886205697584899532e-01,8.877977543286550421e-01,7.870181970777500036e-01,6.030906119060496229e-01,8.255405916546094958e-02,3.072191176524132761e-01,2.494787990514336085e-01,5.692093255060852730e-01,3.944842873096729985e-01,6.507573890218325552e-01,1.376354215990059637e-01,4.821984817799352396e-01,9.957402389419187649e-01,3.243567104509424981e-01,2.182720416275842901e-01,4.978308018227420306e-01
5.088673745309063579e-01,8.533458936113795801e-01,6.597053592346375783e-01,8.923636800891812104e-01,9.587150591770007280e-01,8.947259624952076384e-01,5.751180967432677482e-01,7.765562039130442518e-01,6.713402843757825256e-01,9.549803865996286945e-01,4.641148970945933039e-01,8.680966333704082105e-01,0.000000000000000000e+00,6.274749426995324120e-01,6.488001643594536461e-01,6.733001240461603532e-01,7.449170485986698065e-01,7.951129434649126804e-01,6.321755120132906969e-01,9.809354670455270320e-01,6.170353752909140121e-01,6.819055371299777013e-01,4.680064369689063697e-01,8.647556107635500089e-01,2.660448987200410009e-01,4.698413237995525682e-01,1.018168858899182044e-01,7.689957433963290345e-01,6.723264392472059203e-01,2.714784762278230623e-01,2.693731873803923982e-01,7.928055812543000069e-01,9.057469413986533047e-01,5.995923278713045645e-01,9.814560832313052874e-01,6.669182342543507058e-01,1.458640114846454228e-01,9.455744428648363842e-01,7.450926855309499830e-01,4.300349792186717313e-01,4.274434632340417539e-01,8.293974419784451435e-02,7.799762539614205625e-01,5.008575374329952146e-01,8.662017960754464507e-01,3.184761120718972993e-01,8.925759796172485494e-01,6.217927329976022932e-01,8.493415363995595602e-01,7.069281812339779369e-01,4.599792924872719846e-01,3.628750323111658016e-01,4.948990506840464931e-01,7.597471170672025487e-01,9.400888614249058861e-02,3.458058879996129820e-01,7.575418967132537817e-01,4.841281922780901192e-01,5.014236333827971626e-01,6.697467559245205981e-01,3.854631064968006005e-01,8.529873609798582779e-01,1.271624295821006112e-01,8.571278339062062823e-01,5.548670248759701717e-01,7.199646075814428725e-01,7.173880772693554952e-01,7.864704333522580804e-01,5.142206251799087413e-01,4.515150700659666949e-01,9.335111670653833960e-01,7.387461785910158785e-01,3.984091061956859248e-01,4.732053056223160525e-01,2.556131839047396381e-01,5.628369398286587888e-01,9.052926524998746727e-01,4.507527545213190767e-01,4.078646945910434085e-01,5.327576783906744495e-01,6.857458565960254937e-01,4.785735258268795644e-01,7.164566612373165500e-01,4.140621963003957018e-01,5.096487250513389577e-01
6.404507200320862514e-01,7.456976305318819831e-01,7.647249127438862093e-01,6.307692792901467005e-01,8.734502105014473328e-01,7.946884209035222080e-01,4.374421426252576017e-01,8.156135383617363344e-01,6.605750086865095350e-01,4.034564862105017302e-01,1.000077454347666761e-01,9.993170315842629936e-01,6.274749426995324120e-01,0.000000000000000000e+00,6.412264639837179647e-01,8.978078578322898906e-01,2.469692074852029573e-01,3.827755524069762494e-01,8.044139821070600549e-01,9.803605199908949075e-01,9.903277562001518985e-01,9.090994999990613668e-01,6.355756843516828791e-01,2.478243179368148641e-01,5.368603649986115611e-01,7.588742260116270177e-01,4.302027491513902846e-01,7.640263093669804606e-01,4.275347170156320598e-01,-1.481143490018022035e-02,4.389673913586266130e-01,7.527213829162274772e-01,7.085314967555064181e-01,6.343781813744515663e-01,5.107361385957001065e-01,2.488102349745248687e-01,5.753469765912864187e-01,8.487611484775212656e-01,6.591860055671975305e-01,8.330100542417161469e-01,-6.818854698534995706e-02,2.016945130041850609e-01,7.801761450147337573e-01,8.353203299564178064e-01,7.281002866379701066e-01,8.509649707736831603e-01,6.298177659767609793e-01,8.648611500097522775e-01,3.942230752777813318e-01,5.542074514012202968e-01,8.428445232158627842e-01,5.956147897143615477e-01,8.475496367329015124e-01,4.568171769893896172e-01,8.989952266655595325e-01,8.399133304531498645e-01,6.449649080839888748e-01,8.958485116632591838e-01,8.119536091078467521e-01,-1.080556032888832507e-02,1.989763616118611633e-01,4.082479079188935378e-01,9.758660710192590404e-01,7.189016321207942761e-01,8.558358740049206714e-01,6.027889878902978893e-01,6.436983834521594616e-01,6.142056200941184985e-01,6.211161420093381791e-01,7.362942703906305564e-01,7.941035993888565514e-01,6.102194518166532688e-01,6.432368956410108307e-01,4.296204784937004417e-01,7.246551032349504706e-02,7.851041927005261156e-01,4.090996252130099098e-01,4.344408042430298322e-01,2.226760126313833410e-01,3.461145569577268599e-01,4.816603374173501484e-01,9.726854275714034159e-01,6.086685287407785916e-01,3.256017270177085088e-01,5.670442408669226220e-01
5.107782503747522185e-01,4.632925637227504612e-01,5.154887587779712899e-01,9.401776770630602131e-01,1.520231459360408821e-01,8.465520165750237691e-01,5.738320556751197454e-01,2.399146096401469364e-01,4.936569211101218269e-01,4.074810217180385719e-01,3.364857755343237944e-01,2.218650540557317030e-01,6.488001643594536461e-01,6.412264639837179647e-01,0.000000000000000000e+00,7.017053719427794878e-01,2.284596098202044401e-01,6.698661748968967045e-01,1.358542150465235077e-01,8.081104102568741343e-01,5.488725196548596141e-01,6.597518557174789633e-01,7.790156651955184586e-01,6.560871337873984688e-01,6.083988497619355895e-01,6.786459449899896468e-01,7.945970050081041514e-02,2.113554558865171906e-01,7.439620355594299683e-01,3.622707322711259392e-01,3.927232964983607966e-01,5.317095814564560818e-01,8.524045976991347917e-01,4.402310836803261518e-01,5.396331580309838838e-01,1.792157091506325350e-01,5.815900730729006707e-01,8.736297531581027967e-03,7.087934140526452875e-01,7.948203396626268846e-01,1.140101829527087052e-01,4.033795780088819116e-01,4.883857494114481890e-01,7.590399448031931451e-01,5.033516346296084132e-01,7.968595071350890180e-01,7.816131629054101637e-01,5.543034849563910349e-01,6.040631579914247373e-01,2.316370269985254526e-01,2.704088213374637450e-01,6.913678163543565125e-01,5.783662361290619058e-01,6.181378615202125504e-01,6.233184713580776082e-01,8.386205491285326774e-01,4.928428338560989497e-01,5.126896057442055232e-01,5.020278508794562278e-01,3.594061560331872074e-01,2.782626633930818660e-01,8.871400303251479880e-01,6.180446950220007674e-01,7.424311025143887077e-01,9.087326457502710175e-01,2.173493130588416977e-01,5.292485531939229437e-01,6.682787746003446827e-01,7.738322503381036555e-01,6.099496810729868601e-01,4.599281236163580422e-01,3.247160674350177967e-01,2.735197687456032423e-01,5.231491694346488419e-01,4.030555690950517467e-01,6.192801965199218328e-01,3.950446871873235510e-01,7.109787289078132178e-01,3.210819055972795044e-01,5.294298790652947062e-01,6.619836627697550657e-01,7.254769167474818259e-01,7.181319977519704523e-01,6.865474239412350937e-03,6.876831182871506742e-01
8.020500661508478402e-01,6.028633957978311031e-01,7.091808242521513428e-01,5.835915720692564923e-01,5.839870843544832102e-01,5.086895367713646365e-01,4.491430058330486697e-01,4.816936298991884580e-01,7.260677245356821352e-01,-1.870326213083334799e-01,1.021470672891433840e-01,1.095968535225549101e-01,6.733001240461603532e-01,8.978078578322898906e-01,7.017053719427794878e-01,0.000000000000000000e+00,7.636221401666694053e-01,5.869455752670766913e-01,3.916226782780213300e-01,9.179754917897523514e-01,9.338303080886822816e-01,6.182160500583029350e-01,7.887672112046538730e-01,7.374250403516955377e-01,6.913775109889879200e-01,6.044990024807647133e-01,7.908410056818085954e-01,4.987971941669833154e-01,5.718980519124996498e-01,7.891715120491415991e-01,1.126249296199546557e-01,7.279147301674122605e-01,6.639069094078795530e-01,7.495997280096898807e-01,3.609757657431891253e-01,4.538870846525731029e-01,7.379273932190466741e-03,8.907473278897981919e-03,8.634440237793299389e-01,6.317278257044784961e-01,7.346423949582687740e-01,3.421040742188848904e-01,8.045765493938210611e-01,4.672305440388961895e-01,8.753486781506009118e-01,9.938431323043452892e-01,3.707364191617402716e-01,7.871848547282990216e-01,7.183497450995771638e-01,5.475497542248630722e-01,6.260638520780560379e-01,7.511013900826044587e-01,8.124361320565236522e-01,4.440511439286201623e-01,9.070036306765231204e-01,4.389378000884934794e-01,5.204768441655922562e-01,8.768709758824217992e-01,5.859985250292214509e-01,5.918531898910412981e-01,5.367896543840334767e-01,2.119360136675623729e-01,7.702180371927431768e-01,6.217628887922109771e-01,7.727867184842693860e-01,4.875940448597152477e-01,8.493664342791700239e-01,9.612208821675111148e-01,5.835188386830787444e-01,7.020033515468906415e-01,9.258882635654550608e-01,8.468190906483148428e-01,5.659199304091715454e-01,5.830596217493280164e-01,5.328774990515598997e-01,3.606484312070305509e-01,5.820943653451667865e-01,6.287541613032907595e-01,2.907232855215892142e-01,5.042422497482279727e-03,5.270711644454422196e-01,8.412075792082793768e-01,3.062751119090288965e-01,7.855432469500408521e-01,9.317571190572391249e-01
6.992535726931153883e-01,4.446257340440495920e-01,8.719140738060380258e-01,9.114404682305915495e-01,4.390854975372256996e-01,8.438902985577473315e-01,6.354048835071838264e-01,6.247785945239003880e-01,7.591098473619662945e-01,2.510121079147573653e-01,7.550714490421259750e-01,7.956584120607547161e-01,7.449170485986698065e-01,2.469692074852029573e-01,2.284596098202044401e-01,7.636221401666694053e-01,0.000000000000000000e+00,6.128682186815582744e-01,7.273710732445191063e-01,9.295671479692120265e-01,6.278882076084127961e-01,6.150949559648650755e-01,5.981475079241820314e-01,6.518732883035791570e-01,5.454638805473246421e-01,3.498106020960098927e-01,9.512320394883734265e-01,6.159995856621883759e-01,2.769617599454186618e-01,2.320043061211564395e-01,4.780579537910554788e-01,6.254567685599303761e-01,6.558605139465604195e-01,6.194317443863659456e-01,9.068215573689850650e-01,3.615144555598501785e-01,5.725277980165807135e-01,8.399749213463172381e-01,8.940492820149313902e-01,7.630408919847551097e-01,2.048631601360125232e-01,9.150274587791155101e-01,6.476943097311007591e-01,6.098158756475334785e-01,8.244221336551168511e-01,8.539647638133855967e-01,3.842635379419464536e-01,6.036315534774890912e-01,9.952517942634255821e-01,6.090130802550209888e-01,5.329959356513908064e-01,6.506294592434663793e-01,7.853268662750204632e-01,4.192665081429456514e-02,4.312083518514721048e-01,2.425930005656146415e-01,7.448542838218487061e-01,6.196776300884035971e-01,5.489179740358002269e-01,6.796980154053017253e-01,-5.776877528777205062e-02,4.667509604092198727e-01,4.633130769297935103e-01,3.232570651781216386e-01,6.701446229120221476e-01,5.471087384616539762e-01,4.904662958863798550e-01,3.361599174417072566e-01,3.523054737845432438e-01,7.392032179470324760e-01,4.587946603945861068e-01,7.974688807740918373e-01,7.661706497591254106e-01,1.490082725046417735e-02,5.151345274858336598e-01,6.571846966015351121e-01,9.807615821939128509e-01,5.343964589325652659e-01,4.826540401200557495e-01,4.167559902676180594e-01,7.132578256557166041e-01,9.874718309742560596e-01,9.576012775965733193e-01,5.754026635081818108e-01,9.849153623798072577e-01
8.206084910074155081e-01,2.442840599743153762e-01,7.608895805103077503e-01,5.282401244161458731e-01,3.443553878436151905e-01,6.517478638120912660e-01,5.450747704749753231e-01,4.859516212122105827e-01,5.842903995380926974e-01,4.250557026457094656e-01,7.316023305059711213e-01,4.359992991497099180e-01,7.951129434649126804e-01,3.827755524069762494e-01,6.698661748968967045e-01,5.869455752670766913e-01,6.128682186815582744e-01,0.000000000000000000e+00,4.854338717135678882e-01,8.938009140396795393e-01,9.988979225008552953e-01,2.701384081044739816e-01,1.992506489049082896e-01,4.313194411005075724e-01,7.370489256745910156e-01,8.896973910133954000e-01,5.316828555501633691e-01,7.683919017732860901e-01,3.344025830749967065e-01,7.884468813247804686e-01,7.919925497069979503e-01,4.476726154472833730e-01,7.646684161766558185e-01,6.692007034257159148e-01,7.598587687273075097e-01,6.842485648331437798e-01,-1.561620911284651858e-01,9.274754850534093764e-01,8.757473073216549553e-01,7.518701914812270237e-01,4.798580075683459567e-01,7.950719998181794423e-01,4.096046737226424206e-01,9.899047616478616751e-01,5.390412515546967320e-01,5.435903913212534189e-01,7.227606384956046792e-01,7.415521862073385373e-01,6.631813662273651211e-01,4.914180642702083435e-01,2.842211339370007694e-01,7.882615677878433980e-01,4.281688004534314196e-01,3.809386538311944070e-01,3.975530787491122764e-01,8.235137230979389100e-01,2.129676958247192498e-01,4.040238720471983624e-01,6.617308921976607916e-01,7.053420991701921938e-01,6.689786030341169365e-01,6.298857026798996284e-01,7.615468632372657254e-01,1.128262057223974359e-02,9.698740780767317604e-01,6.983271294824541231e-01,5.944921459538605735e-01,6.669428904056835528e-01,4.518806366154305976e-01,7.967800561591535935e-01,4.850146561569199100e-01,5.080727692837181397e-01,3.041569036450744376e-02,4.208046230622154438e-01,3.971378855946204323e-01,4.511732687479688697e-01,2.776504371252127568e-01,7.102850777011451289e-01,5.111326365014814965e-02,6.654619612979957299e-01,6.347459934684757110e-01,6.665728082918935815e-01,3.865877178175317619e-01,2.634877370061136093e-01,6.652893154464138981e-01
