0.000000000000000000e+00,8.869244574039411022e-01,2.410857641173382027e-01,8.703782288878523232e-01,8.354767050636611181e-01,7.128402025295277333e-01,6.653898457471250083e-01,8.244648945193465694e-01,8.738951202176926669e-01,5.728003428871968339e-01,8.180884179251984856e-01,6.500227109086198496e-01,8.092685171092455221e-01,7.055664451458861786e-01,1.382247891950975915e-01,9.903753575953809785e-01,5.191786776450275642e-01,9.044013730537707740e-01,8.403316344250140180e-01,5.636852760222602621e-01,7.811404077338409691e-01,5.327262997518956711e-01,8.481798011622755373e-01,7.532074799693762035e-01,8.674760802690446582e-01,9.316487233001298218e-01,7.728402452776611531e-01,9.022336969889588332e-01,4.055725306021501497e-01,6.334698629183393992e-01,1.180021484977551438e-01,8.681670051803982435e-01,9.234039201718775569e-01,9.420581180693637924e-01,4.736589541573024142e-01,4.670384643699931893e-01,1.674651161347977257e-01,5.739345883715077923e-01,6.677486684837617981e-01,8.410888620454741726e-01,3.539782013193459864e-01,7.647490444569017276e-01,6.828864363426906392e-01,6.040488515634634403e-01,4.495687209220933234e-01,7.656186031924614444e-01,8.867493294896477973e-01,1.963568358998534491e-01,6.816410194443343062e-01,9.285557924985101685e-01,4.571198718853197729e-02,9.129957266014381290e-01,7.805477701559312420e-01,4.619014635680759318e-01,7.007471624624798112e-01,6.027209497560644946e-01,6.825568043443912547e-01,5.011226510764904551e-01,7.596272269528108190e-01,2.003007196753988639e-01,6.616140116344914057e-01,3.307324193234809639e-01,2.114250729969529563e-01,9.216081459340534909e-01,7.949835893897029271e-01,5.063067377794189250e-01,7.760942374404780075e-01,9.512349585649406691e-01,7.953936416179214763e-01,9.017833774949699510e-01,4.755449434104675466e-01,9.682435642781195284e-01,2.917010769484106869e-01,4.085519834271994499e-01,7.367062818426317605e-01,9.869670477074341530e-01,9.554084992716975755e-01,3.084654624229647424e-01,2.980205544096437564e-01,-1.777576983599816196e-01,7.854138784630662062e-01,8.275569245878817703e-01,5.941863848936541626e-01,4.132330407854807874e-01,6.802839193189843536e-01
8.869244574039411022e-01,0.000000000000000000e+00,8.636563196016184829e-01,3.036688092624429958e-01,4.462686563899533332e-01,5.408141366382553938e-01,5.304735269044189572e-01,7.397742482931183305e-01,6.316072814153912418e-01,7.225274366781485602e-01,8.175422379550006946e-02,3.806858955548145795e-01,8.161228038631024306e-01,6.407969416747015812e-01,7.021181894479585628e-01,9.676262626305607295e-01,9.987603019410847827e-01,6.994897483505438940e-01,4.070462887441942401e-01,9.980824241421026866e-01,6.188335273641613066e-01,4.178484985423079889e-01,6.659339386048707121e-01,7.081003668655904137e-01,4.820088577046228728e-01,7.315780258395838676e-01,4.824682791945729410e-02,7.799270201044390394e-01,4.176231878771474726e-01,4.463165113843655663e-01,3.292303361597678224e-01,4.008169250874079603e-01,3.184878618068716083e-01,9.571957546816319828e-01,4.526204066652756430e-01,3.556516820675544865e-01,2.087177718817731786e-01,7.081824978457869069e-01,7.817903862778166069e-01,9.961684633418279589e-01,3.531876027254776673e-01,1.564316483617975706e-01,6.150856791655723299e-01,5.634628090292373992e-01,6.420360118967698426e-01,8.529987615866336803e-01,6.453081160684849271e-01,9.529907164674294995e-01,6.752933703164434309e-01,6.979269395761042993e-01,7.596543828213397909e-01,6.573035717632793595e-01,4.412552532024928698e-01,8.544181980485739958e-01,6.606547471707604480e-01,7.266091480467915531e-01,5.438719271948568856e-01,4.848554928109484741e-01,8.778408158318117271e-01,3.232138865565714059e-01,7.894651209636924794e-01,7.686358203127210409e-01,6.082406918923727313e-01,9.820693169040388693e-01,7.764971322046061442e-01,7.822766728506944656e-01,9.407022174925643299e-01,6.010861684783749270e-01,4.848912195254659330e-01,3.624062853702208348e-02,9.654932971720437962e-01,7.684502327563556001e-01,2.186872414998270453e-01,2.224960036462357293e-01,5.353460956341486998e-01,6.403155264943364289e-01,6.313767916472016184e-01,5.743041353842387453e-01,1.572475540272917915e-01,5.454806458385853540e-01,2.042851618422223681e-01,4.456595726449366079e-01,8.420817817391056392e-01,4.035095705053845516e-01,6.650094207486038078e-01
2.410857641173382027e-01,8.636563196016184829e-01,0.000000000000000000e+00,7.469350373970843338e-01,4.940803225211168881e-01,9.048770530671705892e-01,8.370428108282215174e-01,7.718650283990259320e-01,9.056517918667634781e-01,9.349489304596418915e-01,9.305532067665207574e-01,5.654073980730285331e-01,6.026183910431487378e-01,7.037258862823679850e-01,6.613995761218633973e-01,7.297433360136833524e-01,5.866222601020752991e-01,9.560094666003563502e-01,3.536550666030665591e-01,9.265601910697874866e-01,8.148815833337337278e-01,8.389186276770101980e-01,8.921777152168620661e-01,9.268157620684510656e-01,4.244851640359423306e-01,8.752713939864821269e-01,8.857342353879068542e-01,9.408790775549858987e-01,6.970747417768642373e-01,2.278350206341845097e-01,2.725240950118228422e-01,9.809545614943960823e-01,7.390763186613232005e-02,7.184520965313091478e-01,9.212292335809660893e-01,8.006838653244181536e-01,7.475336432966079858e-01,6.595180047208939467e-01,1.454564957235683353e-01,8.473441867025438556e-01,4.722734761850745921e-01,4.782343483280077079e-01,7.062238019774873254e-02,9.418809186105172593e-01,6.513864035277155962e-01,9.871806947921754061e-01,3.378441217728228585e-01,9.510957368912265064e-01,2.080082823372501055e-01,7.507201992343817132e-01,9.977589146416456778e-01,8.840570334642483541e-01,7.259895512914636972e-01,8.752125896408703420e-01,9.875292172613603370e-01,8.735673016567618854e-01,3.690720001677958440e-01,4.323990153318398866e-01,3.691189718291105759e-01,2.875998466474974369e-01,4.369625215049595668e-01,6.231446785602271499e-01,9.400835407827971002e-01,7.769763850033288843e-01,4.791894722573709076e-01,7.167675444476712121e-01,4.671230713174544524e-01,9.532254202204086813e-01,4.759223750434132261e-01,7.265912221580360653e-01,9.386172194720189266e-01,4.450481951743889830e-01,2.731804217157813297e-01,3.473444591922317248e-01,4.756322585276215875e-01,7.253114514680388814e-01,9.200929215588536936e-01,8.354765661724097292e-01,2.792495912348542109e-01,4.128374534033169008e-01,-1.561170846537557055e-01,8.758493387255389395e-01,5.950016425909927520e-01,6.333580482370158027e-01,9.307198064171935403e-01
8.703782288878523232e-01,3.036688092624429958e-01,7.469350373970843338e-01,0.000000000000000000e+00,4.254851024794771841e-01,6.847049287118331939e-01,3.939028787514385344e-01,5.165716783261565803e-01,3.879542265627807796e-01,6.855213492444328649e-01,7.119357405522824811e-01,6.711216041715453162e-01,4.342804692902010322e-01,7.531239767048325540e-01,8.129500301398921991e-01,3.591795287822142080e-01,8.292376761319177891e-01,6.168105860161027243e-01,6.504193332580360254e-01,6.970213672333093191e-01,9.665443086327426547e-01,8.259927646101254961e-01,4.031867134344067072e-01,9.855826299948525770e-01,3.207554671957476566e-01,5.913220283000703015e-01,5.497782585574039205e-01,7.978323376394231836e-01,5.505884508301506219e-01,3.659097685582536896e-01,2.654313332436150641e-01,3.708823969361065287e-01,2.083776577924581763e-01,9.806070000016959831e-01,7.873316807452402921e-01,2.865633458731260963e-01,1.734723976859924299e-01,3.041798329452780059e-01,6.163131305767406420e-01,6.173685758871901852e-01,4.530020046908461717e-01,7.311433063537373656e-01,6.791120915051984674e-01,9.359629969745429934e-01,2.142951578399237555e-01,9.602689111312016079e-01,2.313135539992153822e-01,5.667741582581196091e-01,5.207031175353041830e-01,9.666452473663894596e-01,5.414153369523309056e-01,5.125059134277334394e-01,6.353982765018068024e-01,8.890810689235866260e-01,1.844335523012880784e-01,9.506611457541437327e-01,8.817137954736826710e-01,4.448525730750685359e-01,7.987861108798943732e-01,3.251866169291622866e-01,1.405644822604099620e-01,2.163107562830808572e-01,6.219987995616526044e-01,6.307676147930204591e-01,8.572366692519103326e-01,6.912804754939384511e-01,9.609089215068019607e-01,4.493781476158304478e-01,5.287173975083326871e-01,5.648659988084612227e-01,8.474885284825566245e-01,2.379284143853285793e-01,4.364364609671578243e-01,1.527802379500976804e-01,2.608389857729161432e-01,8.206513972262649004e-01,7.468440941394104415e-01,3.133061002517419924e-01,5.970153903471354662e-01,7.635490460200976270e-02,7.237343972577443552e-01,8.442498454350324533e-01,6.806208467882357560e-01,6.323122233598581499e-01,6.719050126380237131e-01
8.354767050636611181e-01,4.462686563899533332e-01,4.940803225211168881e-01,4.254851024794771841e-01,0.000000000000000000e+00,4.222556683131664101e-01,3.392766077781163014e-01,7.649099537374731694e-01,6.304378540976567358e-01,7.428331388911922906e-01,6.997222353248910842e-01,5.700894138909905484e-01,6.593003214261243805e-01,7.542562257806006976e-01,5.496582978319890511e-01,1.216554684073559572e-01,5.861711164810506913e-01,5.080185591840736814e-01,4.524110104380819619e-01,5.160958769452843597e-01,1.582450506690721292e-01,2.743690439451600405e-01,5.430959622587765434e-01,7.560246540813884142e-01,6.643527849853492206e-01,8.605522068005981851e-01,4.037111565792708134e-01,7.589715903922721330e-01,5.183632786462074593e-01,3.762025945784532865e-01,7.358375387767631670e-01,4.084781868142181027e-01,9.761822857271598153e-01,1.113469758380346147e-01,6.612237067856419070e-02,6.225134529461417987e-01,5.049642662934575865e-01,6.843166848635597876e-01,4.982886387907362602e-01,7.621462998531489674e-01,3.332525176915444587e-01,6.098160214057991579e-01,7.542186293821333543e-01,7.109932478183186300e-01,9.760591893247888562e-01,5.906097878890959052e-01,8.358845103261851595e-01,2.177946531255996743e-01,4.277470568504322390e-01,1.252499095240960370e-01,6.289907995268723129e-01,9.167434225832056249e-01,9.944004024676940112e-01,7.910143179828930116e-01,3.151089441269474545e-01,7.242978678069256215e-01,7.460435773447894325e-01,2.594693409003395179e-01,9.502068518174078271e-01,4.737727788264826101e-01,2.060085712140575231e-01,7.715592135939236540e-01,7.932130851920723424e-01,3.378521503950945304e-01,7.854044152475629925e-01,6.969590966057780390e-01,5.213251610168331274e-01,7.177228832265182268e-01,7.837293828961153785e-01,7.396339074930560198e-01,8.925357800338569181e-01,7.871961433775962469e-01,7.710140402642736701e-01,5.005936879275475482e-01,4.178276292560497152e-01,3.805457998451625690e-01,4.498484145518892863e-01,5.540214259131209795e-01,4.387790752291965135e-01,2.387554558356229928e-01,7.581452877260939083e-01,9.126529291706149127e-01,8.973542355307395635e-01,5.813678760623284258e-01,3.765618564605783813e-01
7.128402025295277333e-01,5.408141366382553938e-01,9.048770530671705892e-01,6.847049287118331939e-01,4.222556683131664101e-01,0.000000000000000000e+00,6.714897577748811797e-01,5.072801797397248347e-01,6.291862957960702163e-01,8.935410132573486930e-01,9.522898417288582218e-01,6.680201144720004924e-01,4.036728945669449953e-01,8.388252117670824681e-01,7.307770836961049454e-01,1.094818665032530336e-01,5.100096188471520131e-01,2.500090707206306107e-01,4.511676963910045690e-01,6.500737432066894250e-01,6.278135157811096656e-01,3.790076580438855869e-01,8.079470281120596509e-01,4.689389374941376198e-01,3.315338145177857410e-01,8.428352449421454562e-01,6.325644536205499158e-01,5.202725951518676339e-01,1.930625436871469258e-01,7.596545021080178817e-01,2.152241327544815105e-02,7.825446821192671987e-01,6.778823167046270637e-01,7.427537321590935715e-01,8.692362947586911304e-01,4.491357762142726417e-01,3.784378495014488752e-01,6.111264731986635335e-01,9.121075680310607448e-01,5.721320825913445152e-01,5.184758164960581173e-01,4.098762315938941914e-01,6.723123584892266580e-01,2.962244392759202927e-01,5.702476294769692755e-01,8.353768495498861135e-01,4.800782373806848358e-01,6.995355437917512020e-01,7.321208552329621089e-01,6.147418743117438744e-01,5.912166524087457686e-01,6.189426742235639711e-01,6.459324125353167467e-01,7.899739338695838109e-01,6.048025247234606327e-01,2.469085459274351080e-01,3.242793535819772921e-01,6.863207601324045060e-01,5.776987262311341631e-01,5.963296230761643696e-02,6.800877635735915749e-01,7.275793117012264721e-01,6.647695669387507778e-01,6.658123387863028597e-01,7.705314428336793586e-01,5.386129824755463424e-01,8.197163230546827828e-01,9.301915308362060930e-01,6.252838320270718286e-01,7.919347536975477331e-01,4.584138122876309507e-01,8.258593382573437003e-01,1.603485965399760738e-01,1.982662290031658378e-02,7.998261381632902900e-01,8.295758544511357968e-01,4.341742326235584759e-01,7.831766469991771062e-01,3.966354138113622474e-01,1.147918946980028970e-02,4.986929200595208722e-01,7.202445962761797604e-01,6.152665419129386137e-01,3.126635031958425737e-01,8.787923733907995194e-01
6.653898457471250083e-01,5.304735269044189572e-01,8.370428108282215174e-01,3.939028787514385344e-01,3.392766077781163014e-01,6.714897577748811797e-01,0.000000000000000000e+00,7.547553137373524956e-01,7.218804189468017718e-01,6.101866665418332891e-01,6.802197120308154377e-01,6.845300714257633867e-01,8.595978475492795923e-01,7.298826722521388755e-01,7.445606571740970292e-01,2.632109720107437822e-01,8.594833081898005656e-01,7.223678359589301712e-01,4.461650158551527245e-01,6.878907969036073267e-01,9.105229852759281206e-01,9.501903303626906272e-01,5.319389168814945279e-01,9.327774583182626422e-01,6.358926235593131970e-01,4.301891228478806894e-01,5.658418398589686316e-01,7.031888448378991185e-01,8.703501899431647093e-01,-4.118996798679008808e-02,3.230674569678385621e-01,6.710412027946480729e-01,5.358716202886956159e-01,8.734834017031405384e-01,6.953849699934637751e-01,1.793572726401959361e-01,6.804778980141633626e-01,3.726839256307511450e-01,5.243254209976404567e-01,7.487384218159919280e-01,1.262232194739728031e-01,5.127815742686261391e-01,9.534030508426919459e-01,5.362009238736183958e-01,9.314415177590813499e-01,-4.457882755960443366e-02,4.456989780748429331e-01,1.413024107468166257e-01,5.945747449290699205e-01,4.095242711606916775e-01,4.465533739572683514e-01,2.292882725880341366e-01,4.884925364879424969e-01,6.506640674146130232e-01,6.874253362168014636e-01,1.434253658581971791e-01,6.430150175489444120e-01,2.255551578557385972e-01,2.513724563241535037e-01,2.452501625482643444e-01,6.383455595802386418e-01,8.068857211659555273e-02,6.932250623527945466e-02,9.253041595014978027e-01,9.122567145649524978e-01,5.586422894864067068e-01,5.958612573813464319e-01,7.925173986764424416e-01,2.809818704292321723e-01,3.034516325347565158e-02,3.622501171354108318e-01,5.180194410037736175e-01,3.722860768354905314e-01,5.855928309488841466e-01,6.599257891503359508e-01,5.674446328879939605e-01,2.186316453103154533e-01,4.391509221898178272e-01,6.679173124958673879e-01,5.455914570547006903e-01,7.755925273545399845e-01,7.296486464998568344e-01,2.777162207611367228e-01,2.600374912801406979e-01,7.883631840885817477e-01
8.244648945193465694e-01,7.397742482931183305e-01,7.718650283990259320e-01,5.165716783261565803e-01,7.649099537374731694e-01,5.072801797397248347e-01,7.547553137373524956e-01,0.000000000000000000e+00,5.775411911446861613e-01,8.979896389327756134e-01,5.756129084350685154e-01,5.716447930210675210e-01,7.104714147663578894e-01,8.491671262620055227e-01,3.543557238732695236e-01,5.792503049587103270e-01,6.153859492671727160e-01,3.139597455166638351e-01,7.753189829670017463e-01,9.218527980573928415e-01,6.490459557804462154e-01,3.986647459317154141e-01,7.757719263291235068e-01,7.482126081321252009e-01,7.400738320728914577e-01,4.651994104360495097e-01,9.184233156762182659e-01,5.884211200698845623e-01,2.214029516355522642e-01,3.179854934180808557e-01,3.339281782552038780e-01,5.066190666295233846e-01,6.178078583504826859e-01,7.491175785225194783e-01,5.283420225278351312e-01,5.595822732248206810e-01,4.293582161542193187e-01,5.610286877055438159e-01,9.973718701296855338e-01,7.650350281686636444e-01,1.053938248265202660e-01,9.241340057592248858e-01,6.574051941125426124e-01,3.064207605409699497e-01,4.501566701557366268e-01,4.665661864601096664e-01,3.187655235918345209e-01,5.889047846764687844e-01,5.440802732310467960e-01,6.830934033657163340e-01,6.694038595574711703e-01,4.374789331902897427e-01,3.691358011516836513e-01,3.695139250578658441e-01,9.207132632543275630e-01,5.343384548576919357e-01,5.462741962255095451e-01,7.886371636728575218e-01,7.918235058640150648e-01,-2.838026041659529874e-01,3.055194149513572599e-01,2.947724330435459450e-01,5.060880862789134405e-01,6.492448150384013683e-01,8.199046546683557146e-01,9.491104342214339296e-01,3.576978270823767403e-01,5.532238971517610127e-01,3.405806069295918004e-01,6.757351296668276941e-01,7.973607944739076192e-01,5.587648668885689673e-01,2.589424946726830504e-02,-1.649222611973252539e-01,2.376992202976473678e-01,4.474309038655731596e-01,4.623816116577939561e-01,3.018935274737528651e-01,1.418254255722639912e-01,3.364362084818307563e-01,5.191525000835599535e-01,5.828253781048929882e-01,7.637298036650806976e-01,6.978581225460331883e-01,7.899145126320232801e-01
8.738951202176926669e-01,6.316072814153912418e-01,9.056517918667634781e-01,3.879542265627807796e-01,6.304378540976567358e-01,6.291862957960702163e-01,7.218804189468017718e-01,5.775411911446861613e-01,0.000000000000000000e+00,7.706307279838759960e-01,6.944252694063992593e-01,6.306660242505187641e-01,-1.619021077245826890e-01,6.157161588806044916e-01,5.379560441047355202e-01,5.046844944707048475e-01,6.123862340056511755e-01,7.121466878003287482e-01,4.983837374587571922e-01,8.669569669607459783e-01,6.347352504226453362e-01,5.694008106860964924e-01,4.438331259461078537e-01,8.585230255969150681e-01,3.538358422101751666e-01,8.671324784035572275e-01,6.053206687045428191e-01,7.621949172880971846e-01,3.630237975627115254e-01,5.296096821745867045e-01,1.400936566635617442e-01,2.006625726824562417e-01,3.483861285588475409e-01,5.807182857634538564e-01,5.084852583210371924e-01,-5.605671946713111642e-02,4.672953210490299880e-01,6.469067507222353575e-01,6.452336875959377993e-01,4.125988041544343399e-01,2.214412083598535641e-01,8.343682490923156614e-01,8.277019921407368086e-01,9.549617681374437117e-01,8.511888024848597301e-01,8.973267268089656357e-01,3.081101500624013334e-01,5.985723860656916306e-01,5.151933675787839784e-01,6.679669325294739224e-01,6.905195158017547463e-01,7.494779136261167096e-01,4.519281944389370587e-01,9.627778784527732947e-01,6.799095681330841190e-01,4.588030571276315861e-01,7.950006845006516443e-01,7.712383408125328410e-01,7.249809944875296175e-01,1.621110657616247064e-01,4.060422285663518593e-01,4.082803814804690790e-01,4.617530224938837247e-01,6.825430429241593488e-01,6.248371778260419784e-01,5.940493239083812771e-01,7.728412511471866031e-01,6.649398906075124627e-01,5.757919714733813477e-01,1.101689815258206639e-01,7.937332136822737860e-01,7.236652372781878784e-01,5.894315331335322483e-01,2.131075076125158452e-01,4.088154696674690669e-01,5.699953009026406114e-01,4.241107836365105577e-01,5.960663479219057564e-02,-1.035845120210185655e-01,2.703663687266844584e-01,4.505093976933094435e-01,9.326060687613623168e-01,9.604903378092231048e-01,6.677412589689111222e-01,4.362148798421492391e-01
5.728003428871968339e-01,7.225274366781485602e-01,9.349489304596418915e-01,6.855213492444328649e-01,7.428331388911922906e-01,8.935410132573486930e-01,6.101866665418332891e-01,8.979896389327756134e-01,7.706307279838759960e-01,0.000000000000000000e+00,4.935075855132431966e-01,8.628098217787770752e-01,3.150946109452963939e-01,5.801550786554714456e-01,7.359088203951239526e-01,1.183183339868170425e-01,9.694161911547063415e-01,5.248806560352007322e-01,7.014262834752095221e-01,9.589755530593497834e-01,4.979595612447654807e-01,6.311213389233975013e-01,6.466462614963988109e-01,6.418741106722791745e-01,8.093820922003186480e-02,8.319598253589899350e-01,9.025471460615926977e-01,5.059580223280556455e-01,2.184347858211510007e-01,1.973475809535579772e-01,1.996793981193100420e-01,6.618821732513999745e-01,7.543302595525459564e-01,7.187134049160193161e-01,6.666143962397460543e-01,2.882674477891084552e-01,4.324967862740866087e-01,6.743549683147791463e-01,8.066060766658010861e-01,4.318022693510982224e-01,5.140460646443099080e-01,3.822552984174781843e-01,7.187170495700841988e-01,7.620388484094977599e-01,2.347420143263309056e-01,7.081933656044729908e-01,8.660243079247268438e-01,4.245314049706331860e-01,3.559399527782362016e-01,6.583259543419108795e-01,6.530568923085600108e-01,4.517500299611771908e-01,7.550677381724771320e-02,9.629298473762919475e-01,4.989585082430387786e-01,7.143071665112337154e-01,6.735623940557239342e-01,4.412516352503175615e-02,4.274624169273101848e-01,5.571585122731755879e-01,5.363382404826652072e-01,3.844373648560945878e-01,9.493787098039772054e-01,8.638523040394128216e-01,8.384473708796684743e-01,5.868229644732838590e-01,7.717513963668889421e-01,9.480181094018124144e-01,7.285939493982261927e-01,6.578791143256849105e-01,9.068094968708730885e-01,4.900209396089893477e-01,2.533397030097009339e-01,1.607090667640313775e-01,1.919399692643876942e-01,5.316981899204773487e-01,9.037139635717524877e-01,6.069173143828689998e-01,2.239950600681638870e-01,5.764791622384222158e-01,3.758007633216495780e-01,7.696053155601194629e-01,7.541035690832293970e-01,3.498008588115809614e-01,7.287663492103652052e-01
8.180884179251984856e-01,8.175422379550006946e-02,9.305532067665207574e-01,7.119357405522824811e-01,6.997222353248910842e-01,9.522898417288582218e-01,6.802197120308154377e-01,5.756129084350685154e-01,6.944252694063992593e-01,4.935075855132431966e-01,0.000000000000000000e+00,5.417368531462490866e-01,5.612469291264132742e-01,4.703479899129241470e-01,9.897761346679181393e-01,4.683152385438856258e-01,4.554586057926429121e-01,6.718582747832700930e-01,7.031471938156922397e-01,6.813870831151602747e-01,9.153604199252929341e-01,6.143809854434597595e-01,1.109598771151752150e-01,5.637944065830332585e-01,7.618445516355574210e-01,7.090023279635754294e-01,4.920237834725784687e-01,8.420871729552260598e-01,6.551425566821764690e-01,3.586002383448471109e-01,5.695188251063825202e-01,3.708155205344095817e-01,7.586536190252963774e-01,4.350158422605139852e-01,6.965413095471942873e-01,5.808147682761268804e-01,4.362787888363779398e-01,3.516817511697074017e-01,8.125884304858079776e-01,2.705635088452721382e-01,3.060469056462835624e-01,7.197351887402144710e-01,7.936336905227466820e-01,7.754551031555833029e-01,9.299429169516559845e-01,7.734539858556265246e-01,9.130583737877515649e-01,7.729817365405822205e-01,1.438539107573256481e-01,4.174329376189200302e-01,5.992507285319824684e-01,6.762403648529093925e-01,5.358358699551398763e-01,5.592771321662979300e-01,4.340328577075570626e-01,3.411912700000405696e-01,6.808774352440550848e-01,3.236288307802295261e-01,5.661777829044931654e-01,5.365606361841837035e-01,2.417081704165783829e-01,5.759245767573204500e-01,9.851992499483587240e-01,8.459096591668469056e-01,7.827965380692309960e-01,7.160602131060281872e-01,4.976494403924768273e-01,9.062544413230212426e-01,7.745552540563953592e-01,7.325594785521243324e-01,7.567902833646629190e-01,4.735327495711552093e-01,2.015522823103981509e-01,4.886695496917663889e-02,6.311505647101895988e-01,7.138174810076151067e-01,8.688526281735428070e-01,2.750868881048359471e-01,5.282910651410913649e-01,4.761293501340853052e-01,2.999304516908412599e-01,5.023724404748703964e-01,8.246992815377972297e-02,5.329510783320400291e-01,6.163442690328083673e-01
6.500227109086198496e-01,3.806858955548145795e-01,5.654073980730285331e-01,6.711216041715453162e-01,5.700894138909905484e-01,6.680201144720004924e-01,6.845300714257633867e-01,5.716447930210675210e-01,6.306660242505187641e-01,8.628098217787770752e-01,5.417368531462490866e-01,0.000000000000000000e+00,6.175476543780330507e-01,6.243678267822662109e-01,5.614761153543004202e-01,9.630412568828581321e-01,7.064809541817300698e-01,7.603489488056114354e-01,3.011128025084540694e-01,3.838703245989968371e-01,9.026896262889642086e-01,8.223455008791750176e-01,-3.971146486991334323e-01,5.081127070543876023e-01,7.953493434456364586e-01,5.086365819084656126e-01,5.984051507409794413e-01,2.986382724113757492e-01,5.303788030957856670e-01,2.086610996790809192e-01,4.762987429836268438e-01,5.477270128926331472e-01,4.167081797591263848e-01,7.929663241372859606e-01,4.008167562880556867e-01,5.481641799481186128e-01,1.108320095550272694e-02,7.187692934647399445e-01,8.693630504464541220e-01,4.394435630494336054e-01,4.415671721963271845e-01,7.255691687751057994e-01,6.781435034536075213e-01,3.788446277012713637e-01,8.680074196193570124e-01,6.113585805494177183e-01,9.262984632115625061e-01,4.403257169752188838e-01,6.123999869735445856e-01,2.136629071206789798e-01,3.130247673461292873e-02,2.526938163378937285e-01,8.754429237251303286e-01,8.905231199323760949e-01,6.279457240465028400e-01,8.970679628677543649e-01,4.328418754547346259e-01,3.372941683327306261e-01,5.565999513487017714e-01,7.478742771473825823e-02,6.804316332192887895e-01,4.069726466735341108e-01,2.835233947325281889e-01,3.350144610160444292e-01,2.213565027295185395e-01,4.431601761317573995e-01,6.778416612568675115e-01,6.343267740087480400e-01,2.937795715815826880e-01,7.423232424497310245e-01,8.670947248031343202e-01,5.146662458512373250e-01,5.656280984830853731e-01,6.105364241433517414e-01,7.233870272985919447e-01,7.531170712197073902e-01,7.597602067480675458e-01,1.115261761718033817e-02,2.908743132589030056e-01,4.825545438983084301e-01,2.931714410953388805e-01,9.172868534522190531e-01,5.888684988427288491e-01,7.750208574038217613e-01,4.507223495215776921e-01
8.092685171092455221e-01,8.161228038631024306e-01,6.026183910431487378e-01,4.342804692902010322e-01,6.593003214261243805e-01,4.036728945669449953e-01,8.595978475492795923e-01,7.104714147663578894e-01,-1.619021077245826890e-01,3.150946109452963939e-01,5.612469291264132742e-01,6.175476543780330507e-01,0.000000000000000000e+00,5.065017846293300430e-01,9.667672437906815741e-01,8.431353700741469614e-01,7.093331348214728660e-01,4.303659225548336353e-01,6.150984571921157551e-01,8.163340762523845218e-01,6.882231931962735638e-01,5.153471501489783613e-01,6.695491383245909534e-01,8.568703598993772097e-01,7.008759477184908215e-01,8.237043069954402830e-01,3.433445190299339034e-01,8.028484732836702609e-01,3.270815021883078932e-01,4.942932878014013043e-01,4.862523380478384616e-01,2.663453043501284312e-01,5.799584560074924067e-01,8.965074396101002652e-01,2.928517612342008691e-01,6.485327171813430602e-02,3.109142850077614151e-01,8.020036504574219460e-01,9.480993550986995810e-01,4.759664116844463111e-01,4.584964048915448620e-01,2.394654318133022930e-01,7.818735672224347288e-01,6.839855479850792674e-01,7.760314598462044744e-01,4.350410735904024495e-01,7.635856557968248026e-01,4.950789198810696679e-01,5.638610052018178109e-01,7.181688333580735772e-01,7.511153105796627427e-01,6.573909122019525597e-01,5.800308472179217523e-01,8.824651916369633531e-01,7.010375997837140494e-01,9.559496066325815500e-01,6.067913323970041128e-01,9.074219865937140916e-01,2.073277893295762120e-01,7.737165416836233600e-01,2.611471708777109990e-01,7.994062234366232644e-01,1.295804077820639777e-01,9.048243135444897778e-01,8.341347497851296922e-01,7.652128975150693790e-01,8.287554712027895842e-01,4.497976517994793366e-01,3.432675501206164936e-01,9.418317842151434638e-01,8.528485725143777341e-01,8.174169502341691596e-01,7.153995692685732877e-01,5.055371645831230332e-02,6.062789576228999611e-01,9.262410679318328066e-01,2.693137691024853897e-01,8.345303237597139212e-01,3.176381714548505153e-01,2.918697359387306678e-01,7.920457352925820427e-01,7.399332192610736936e-01,5.986539921549194343e-01,-5.954949636491868592e-02,2.454706010619718826e-01
7.055664451458861786e-01,6.407969416747015812e-01,7.037258862823679850e-01,7.531239767048325540e-01,7.542562257806006976e-01,8.388252117670824681e-01,7.298826722521388755e-01,8.491671262620055227e-01,6.157161588806044916e-01,5.801550786554714456e-01,4.703479899129241470e-01,6.243678267822662109e-01,5.065017846293300430e-01,0.000000000000000000e+00,9.530597848949974304e-01,8.627657383219691223e-01,9.245141182355848253e-01,7.423574045716536673e-01,3.374201363955686150e-01,6.077128583526176797e-01,8.753805779665538855e-01,7.233239539503817372e-01,6.480502023671490253e-02,4.005997317782611922e-01,4.050128387276147879e-01,7.078657375930365037e-01,4.962908637036591575e-01,7.438279259426907597e-01,6.933818579465730325e-01,5.609373265123084318e-01,5.293813636465840577e-01,3.095790812475172071e-01,6.385270031872927188e-01,6.336109799967855061e-01,9.907248490060556190e-01,1.743232002385635138e-01,5.495101391389323187e-02,6.724382221386437930e-01,2.434583340653923011e-01,9.381886076759240467e-01,5.904844359536473020e-01,7.742525000852309436e-01,7.268078801603178318e-01,7.794150220548219377e-01,3.369117197821650533e-01,7.372059440383083029e-01,2.477466357068388025e-01,7.854537224020555763e-01,7.985690128759814765e-01,6.365753851359680082e-01,5.838172912238339674e-01,8.046501932891364506e-01,9.348751260278795883e-01,6.536015892802469196e-01,9.936980622430494625e-01,4.538814312228049430e-01,5.717927060966510044e-01,8.721799802080313357e-01,4.315410180225362491e-01,-1.844914647643896566e-01,4.158302226193403284e-01,9.846120124284173381e-01,9.039790698600609353e-01,9.191608823166677045e-01,7.335009970462855744e-01,7.032353971353589861e-01,6.993380341788699717e-01,9.854373882772313742e-01,5.831265448721084654e-01,5.561172809130517924e-01,8.407767941029506975e-01,6.030042299794967642e-01,2.644160078563288496e-01,4.143271500677213615e-01,2.224224540331108668e-01,6.463362457103883907e-01,4.245984514388201903e-01,8.729071758026170080e-01,7.740695919566119299e-02,5.507694031896120945e-01,8.801507284262899411e-01,4.666632120753728685e-01,6.138263960192194002e-01,3.613975745657541649e-01,6.712986725463173654e-01
1.382247891950975915e-01,7.021181894479585628e-01,6.613995761218633973e-01,8.129500301398921991e-01,5.496582978319890511e-01,7.307770836961049454e-01,7.445606571740970292e-01,3.543557238732695236e-01,5.379560441047355202e-01,7.359088203951239526e-01,9.897761346679181393e-01,5.614761153543004202e-01,9.667672437906815741e-01,9.530597848949974304e-01,0.000000000000000000e+00,6.103613023822733741e-01,2.588616416752648752e-01,3.317368888968611484e-01,7.787344193141325643e-01,7.948338771276539649e-01,6.626985955665765093e-01,9.876120436465967156e-01,5.632404085206297317e-01,7.779218189311878362e-01,8.329178647036655780e-01,3.015559963238909624e-01,9.403867980784410552e-01,6.720835399568637625e-01,2.822224323495969855e-01,1.059703728616682716e-01,3.029560626712068938e-01,5.721650895583129115e-01,6.186455659009174601e-01,5.755999179922386411e-01,4.493893682998837402e-01,2.392566896751135430e-01,3.743367242187015664e-01,6.846568258630110204e-01,6.906758491895302887e-01,3.402926184356903083e-01,4.507902000974675638e-01,5.747942590005281627e-01,9.033798504586403322e-01,5.688407680920209986e-01,5.847303326101036536e-01,4.686369216828720763e-01,6.662389692463044355e-01,6.762900514558248810e-01,2.332825653509310593e-01,3.631183640601006735e-01,6.218675611027449923e-01,4.523155529568755329e-01,-1.820612711628803448e-01,4.032672032817922747e-01,9.155925380259613000e-01,8.579050835489144822e-01,9.116879606554261217e-01,7.098431495288904935e-01,9.072021136069509106e-01,6.092285432758320907e-01,4.262922887923764614e-01,7.314119648930628159e-01,5.486472939777901070e-01,7.842099703231735219e-01,7.949816855393426751e-01,5.159273507357283739e-01,4.878287432193124662e-01,6.830717997894852900e-01,7.569797294882967265e-01,5.782592376008608426e-01,4.099484798820457465e-01,4.857351023870095652e-01,6.397587276707255022e-01,4.210701364305864391e-01,6.469075048749958201e-01,7.682008648599851774e-01,8.015605516901415095e-01,6.849386704907174384e-01,2.882748629096676396e-01,-6.626356989691389865e-02,2.220015144497844428e-01,9.214866976493151229e-01,7.265299717543933777e-01,3.284353749452921800e-01,7.245908873845761100e-01
9.903753575953809785e-01,9.676262626305607295e-01,7.297433360136833524e-01,3.591795287822142080e-01,1.216554684073559572e-01,1.094818665032530336e-01,2.632109720107437822e-01,5.792503049587103270e-01,5.046844944707048475e-01,1.183183339868170425e-01,4.683152385438856258e-01,9.630412568828581321e-01,8.431353700741469614e-01,8.627657383219691223e-01,6.103613023822733741e-01,0.000000000000000000e+00,8.099842481795545002e-01,9.883807152864634293e-01,3.554964309393016664e-01,4.502348410932758838e-01,3.846476076743041705e-01,7.929916960591227859e-01,5.789974757400660060e-02,8.747570600196631352e-01,6.057809631386994464e-01,7.516877782974232813e-01,9.835670854482163605e-01,5.715051172296495841e-01,2.353269993180115427e-01,6.349381697674199021e-01,5.495078921727507559e-01,7.231262935095241762e-01,2.014603058624039322e-01,5.206995473532780583e-01,2.024578978640117488e-01,4.089564884120072685e-01,8.551475972397670766e-02,7.404073526790653226e-01,6.721244838003673783e-01,7.936292438604477528e-01,6.763208712263235611e-02,4.114809524299604115e-01,7.550603992505721118e-01,6.782645698289949676e-01,8.006908337238148876e-01,6.274567235438839319e-01,7.126958721583235290e-01,6.864967589960838668e-01,5.173999851429598174e-01,5.089386007631935271e-01,5.461754403536940305e-01,8.390277385149402800e-01,8.684562736733255628e-01,9.050872956991800056e-01,4.123343559024545413e-01,7.196159681155996912e-01,6.906272295362974045e-01,4.936648709386107226e-01,8.594911112902046124e-01,3.263532458196060637e-01,3.880758178464237540e-01,6.443993199925074356e-01,8.846932442554138465e-01,7.868323670132166825e-01,9.706143678288814414e-01,7.472306260275902723e-01,5.883890852082370726e-01,6.276641787743086898e-01,4.302812422179674856e-01,5.864195782715769800e-01,8.974053095968522742e-01,6.061469468443984043e-01,7.958042069473838520e-01,4.141199750273912294e-01,6.183358919257816444e-01,3.649285013533025701e-01,7.703376321152095585e-01,3.968381303751300493e-02,2.249608246743940165e-01,1.652727452189581836e-01,5.936527180365391843e-01,9.695196979480356081e-01,5.426606716231904270e-01,7.000623101013497829e-01,6.845102084326162295e-01
5.191786776450275642e-01,9.987603019410847827e-01,5.866222601020752991e-01,8.292376761319177891e-01,5.861711164810506913e-01,5.100096188471520131e-01,8.594833081898005656e-01,6.153859492671727160e-01,6.123862340056511755e-01,9.694161911547063415e-01,4.554586057926429121e-01,7.064809541817300698e-01,7.093331348214728660e-01,9.245141182355848253e-01,2.588616416752648752e-01,8.099842481795545002e-01,0.000000000000000000e+00,9.490595080373271930e-01,5.786503864008029074e-01,9.242838739316283636e-01,5.714725683846457738e-01,7.080404869079128805e-01,4.129919766723575969e-01,6.759032078222135809e-01,3.535279421060961713e-01,9.945289357359404780e-01,3.010176479947577755e-01,5.217578318754995115e-01,5.954310501861963950e-02,3.346961116942014924e-01,5.631119961778152661e-01,9.728887377630707212e-01,1.380193098994565437e-01,5.217095101770810039e-01,8.844984776773673341e-01,5.645972947324779945e-01,2.892066509997558987e-01,7.948424093998491813e-01,7.427812787001810690e-01,8.036153904492738809e-01,6.305788706211502143e-03,7.209606262235336294e-01,6.060287500158892948e-01,7.590722509046798905e-01,9.270712981116429052e-01,6.453309133899878258e-01,8.220809607805916741e-01,4.804305344829971625e-01,1.526759883437396881e-01,9.546025911273574582e-01,8.025322902407309167e-01,4.866895818353852987e-01,6.219663487611040154e-01,4.339255621372295479e-01,6.277340196229675984e-01,4.686973551456669052e-01,4.602773131694398168e-01,7.644448204352385368e-01,9.991013800852264204e-01,3.476643827138892751e-01,4.826633778749003234e-01,9.927725631212287460e-01,7.361096309525281267e-01,7.077596982320533137e-01,9.263440953518642385e-01,8.960060881309214187e-01,1.856207817097898227e-01,6.015133739968722137e-01,3.637421110707430016e-01,6.763767055008513829e-01,4.037341103092155770e-01,9.867534314051553679e-01,5.936366019706256214e-01,4.562601767514675166e-01,9.632884383239870285e-01,3.347625507719164117e-01,7.554712247900607913e-01,9.718549496123531917e-01,5.872994389513808144e-01,5.112630686477451225e-02,4.207027606971510680e-01,8.533626469777708667e-01,4.139688841518705531e-01,3.246960043408368413e-01,5.854402016968237588e-01
9.044013730537707740e-01,6.994897483505438940e-01,9.560094666003563502e-01,6.168105860161027243e-01,5.080185591840736814e-01,2.500090707206306107e-01,7.223678359589301712e-01,3.139597455166638351e-01,7.121466878003287482e-01,5.248806560352007322e-01,6.718582747832700930e-01,7.603489488056114354e-01,4.303659225548336353e-01,7.423574045716536673e-01,3.317368888968611484e-01,9.883807152864634293e-01,9.490595080373271930e-01,0.000000000000000000e+00,7.011617874491405944e-01,7.614465455270248428e-01,2.787869020345772331e-01,6.343178498555658296e-01,6.676636504053453658e-01,9.185571552475064738e-01,2.977234683925201741e-01,6.401269254416360743e-01,2.899351025949537530e-01,5.436905650910911492e-01,4.881872828968233380e-01,3.490752907188117149e-01,1.118800612203492244e-02,4.708800661731985526e-01,4.505242686971501209e-01,7.899337489554347780e-01,9.103361665924886159e-01,4.244792771017252830e-01,5.424354411339764592e-01,4.914954431647354793e-01,7.389060353714399509e-01,9.490252296061192361e-01,4.704723633871185084e-01,6.025646491543796834e-01,6.198672589298273028e-01,7.004314030204359387e-01,4.266087231744510877e-01,6.912396698044243060e-01,6.167513205304572255e-01,7.480968175594443492e-01,4.146798167194332141e-01,8.512535750848462257e-01,5.210170636199388250e-01,6.852381474525561789e-01,4.589104942108669927e-01,5.862082909093564442e-01,6.948786794974506353e-01,6.163737397997842704e-01,2.205379053258839650e-01,9.161988021874071242e-01,6.530241767932443153e-01,3.233209668953082039e-01,5.288107796176457764e-01,5.975939739023241604e-01,6.181532130583642370e-01,6.960587048895122697e-01,5.864393752654503134e-01,8.297708811899547898e-01,4.826660130599339515e-01,6.717538631158634921e-01,2.218366901059456719e-01,7.699409443486290305e-01,6.635802937244696942e-01,4.231131297233653443e-01,7.789289335237882250e-01,3.073767888781485658e-01,4.866211735989839360e-01,5.504531571526702916e-01,9.446760418102062573e-01,1.391388886084878596e-01,2.069720480126760742e-01,2.145709230538308740e-02,6.349499123037776194e-01,6.739172093455007007e-01,9.150323534822022431e-01,7.527730743299526628e-01,5.057358452917669611e-01
