0.000000000000000000e+00,6.503266247253886023e-01,6.235252280176768469e-01,4.886064049301285239e-01,7.400540279199093741e-01,6.610711960439847878e-01,4.228365767237809991e-02,9.337071863418108242e-01,3.469242482727145083e-01,8.530573606386843144e-01,4.330417073708953124e-01,9.897606356750678902e-01,8.222593314442834256e-01,5.259877097920770961e-01,4.494359194007334635e-01,8.003679705437749536e-02,4.850194688391137321e-01,6.822503147189231676e-01,5.670208987068390272e-01,6.402129091169806996e-01,6.764422213313722176e-01,8.085511905293286672e-01,4.127553533221167692e-01,7.882237670609963942e-01,4.340719548090250512e-01,8.803436941545791372e-01,8.273807140203716104e-01,7.921002967561345809e-01,2.112975011946924275e-01,6.933422257109641551e-01,4.717293739322374613e-01,4.811802785559678441e-01,7.999674227398114734e-01,9.132279427818658091e-01,8.946696421915931730e-01,4.514765574161568318e-01,3.779565481837084961e-01,6.538081755230937819e-01,1.385754263113052331e-01,9.625575728001247722e-01,1.007673099830323216e-01,7.815103449289159121e-01,4.605756449700059152e-01,6.373099368088651628e-01,8.936529275766524893e-01,5.606214837780003624e-01,4.794971786514721779e-01,3.016241241885232460e-01,7.295549079944811943e-01,9.677060475636286574e-01,7.259180701628367149e-01,7.473558931373149861e-01,9.970761547814162018e-01,1.093260583602329583e-01,9.722822525240587543e-01,6.212151729631151253e-01,7.260166346171401663e-01,9.185190580895389312e-01,6.463041509278095731e-01,9.784244862454040126e-01,2.113225407408009238e-01,7.962550667496008927e-01,8.639066061494071747e-01,6.510912888793201070e-01,8.675814062295041929e-01,4.606816614613004068e-01,7.514287155696630638e-01,8.157488488709645491e-01,7.061084191777418084e-01,7.194994148388013100e-01,5.192816835213702742e-01,6.742485589131421708e-01,4.409769287644901836e-01,5.021525269627223897e-01,8.347033906544926163e-01,5.790644291251429987e-01,6.509640483328967830e-01,9.992784956319886724e-01,7.260420686230636411e-01,1.518007322113102131e-01,4.784050123890292161e-01,8.636557875814032670e-01,8.340233172651606575e-01,5.158934029525734655e-01,3.489516144307714396e-01
6.503266247253886023e-01,0.000000000000000000e+00,8.180362925597880475e-01,7.387898021403550564e-01,5.310503026632138468e-01,8.273329423931958804e-01,1.231923261099841516e-01,7.337982106375140479e-01,6.120740237093910130e-01,6.449230784940833683e-01,6.877100245360406872e-01,7.579274979315608896e-01,2.859552151813666288e-01,8.409865494583412815e-01,7.067900660178069172e-01,-1.258868679537089585e-01,7.068407994290619722e-01,2.963686486823935984e-01,5.685457729740273081e-01,6.964907417820543900e-01,6.134257329215044852e-01,4.241337352078592415e-01,7.732426093255027055e-01,6.500273995374303837e-01,1.318563296520594563e-01,4.858696269052145689e-01,8.719074177109842338e-01,6.009098980154773395e-01,6.133029677794920032e-01,2.621252881132989931e-01,4.280998765145810347e-01,-7.430404324029632468e-02,5.661583376325622918e-01,9.549177291980507354e-01,7.588702582615455272e-01,3.771321038036274942e-01,4.915762203110801143e-01,3.172090516943232297e-01,4.964172833367868076e-01,5.211886990466305658e-01,1.266043356416869659e-01,7.584407745389580846e-01,7.882817279911835673e-01,8.774804615048759082e-01,9.748648261108823210e-01,2.486073390563897367e-01,3.444263143302045416e-01,7.062645105880749341e-02,3.019654498806519372e-01,4.775795149981871268e-01,4.714291480774597254e-01,7.307883105153804015e-01,9.366600697705687040e-01,7.116570530342992695e-01,9.607508519942795644e-01,9.924185575238029244e-01,2.471541511797774593e-01,-3.328576294562035631e-02,5.287416389326359267e-01,2.482746433301091238e-01,-6.944314285748898197e-02,5.026038494502180765e-01,-3.890333223832870280e-02,8.056910515957848018e-01,5.527310812668759787e-01,4.293750399591685918e-01,7.512190927132744722e-01,5.115762185524745931e-01,6.404529981797379978e-01,4.349063606843625029e-01,4.497933314796049298e-01,4.892116993229665978e-01,5.305506297313125064e-01,5.192438575627745800e-01,5.154899772109913236e-01,3.182381568123403559e-01,4.442653474585326334e-01,-4.172254523033414042e-02,4.046727769221750148e-02,3.129403715660517560e-01,5.670586694057603294e-01,9.878022356270399484e-01,6.108292497728765591e-01,3.033202997421439173e-01,2.835095885731397924e-01
6.235252280176768469e-01,8.180362925597880475e-01,0.000000000000000000e+00,1.482346568240492934e-01,5.268400882493244897e-01,8.019837290600166924e-01,8.070480147068169741e-01,9.064023199006132625e-01,6.458636612085094653e-01,6.526425938061120036e-01,6.096042845511303598e-01,6.081130833024984694e-01,8.565285174538701529e-01,9.229421959186407953e-01,9.103525742988451963e-01,7.349460123890545482e-01,5.460191548484181201e-01,4.607198744209564101e-01,6.332676959861137655e-01,6.563215010758453039e-01,9.190207529750761273e-01,9.821345620608313842e-01,5.061222985282806119e-01,8.694796908091336762e-01,4.163745195550722644e-01,5.855803575737694722e-01,9.418086238773752950e-01,9.359372975303259512e-01,3.698391491833839528e-01,5.947309537789842171e-01,-4.831304699502514399e-02,8.172506430823919255e-01,8.838621748811428258e-01,6.319841789906842644e-01,5.946299456590391497e-01,3.158425308768944562e-01,-1.349436744965046286e-01,3.677770454115263793e-02,4.619533054972467245e-01,7.362179493267269059e-01,4.077960686521397982e-01,5.050503273036440754e-01,9.911862436750856764e-01,9.347393668406902556e-01,5.122303417393770930e-01,7.393199556938262473e-01,8.032319843862956166e-01,6.552350105821864723e-01,4.348810766228202729e-01,7.425128383841461677e-01,6.230117346192630690e-01,2.667426221419943455e-01,7.861546814928619398e-01,7.192370844083839643e-01,8.909735514295121783e-01,2.654352155696760862e-01,8.006512743071876326e-01,7.700098056330220153e-01,6.635035442706254116e-01,4.378684298252545348e-01,5.506368932238250302e-01,8.502620289955765687e-01,6.098868992480729334e-01,7.122313480242148387e-01,4.463922289597204718e-01,3.266445338414952076e-02,7.503372317037843020e-01,2.204011851847756387e-01,4.511604119269668201e-01,9.317603255182826949e-02,4.736026171951435715e-01,9.908042081376612353e-01,4.131629374830317336e-01,5.519228722257760733e-01,9.232351192767476178e-01,4.596259718205522038e-01,8.374383632005889533e-01,9.462300761654278691e-01,2.713493921968334610e-01,2.739328615760863728e-01,4.665034797417995649e-01,9.574694058885169223e-01,6.520810447119130826e-01,4.298290987033611676e-01,5.142785827588935987e-01
4.886064049301285239e-01,7.387898021403550564e-01,1.482346568240492934e-01,0.000000000000000000e+00,8.904659826568295244e-01,8.870996474980669122e-01,4.923401338900414981e-01,3.987573457836635638e-01,8.813657192406423313e-01,6.309187245324671123e-01,9.820766460967953471e-01,7.225621914037605453e-01,8.588913098359671761e-01,4.290131841813605296e-01,6.588770258307197203e-01,5.445144442780867067e-01,2.249626243011345617e-01,4.825562090781105873e-01,9.016115731071652206e-01,1.072738635457284873e-01,9.948622376916897991e-01,7.225538463665305278e-01,7.107068230045759938e-01,4.908813246674331721e-01,4.594525317148796528e-01,1.747852447950984101e-01,2.977653442833355091e-01,6.075149930342994553e-01,3.002841255417579847e-01,2.292440894261529860e-01,1.290893633350750636e-01,1.734828772313767864e-02,8.737312603758735641e-01,5.028533261534886556e-01,9.515886245153178935e-01,4.843147872749580252e-01,2.903242119797928567e-01,7.455851195562623879e-01,8.437205188890692931e-01,6.447222791833446820e-01,3.725417934070005543e-01,5.395765715470098867e-01,5.038401816336509631e-01,9.295604665916086251e-01,8.104286893417990134e-01,8.734756050542602512e-01,7.333764912504366906e-01,4.347240486036010876e-01,6.620465608577752459e-01,9.266830370641353509e-01,7.180884358274028934e-01,9.337414702470446803e-01,8.540120480156401239e-01,7.017111231380794845e-01,7.896214571692408146e-01,9.394636352045200312e-01,7.754878588097202652e-01,9.256609150885132253e-01,7.974724395076948635e-01,4.922753867921646487e-01,3.989058136538561339e-01,5.291421727826932653e-01,6.618458074085871168e-01,9.417173255948594335e-01,6.794038097318694236e-01,2.677623918495160016e-01,7.050150886634839464e-01,8.351851627418198643e-01,2.397264819227777344e-01,8.352125095406063293e-01,7.158740000205562337e-01,7.329032195532855232e-01,5.444488335036714588e-01,3.534755671950143840e-01,6.239727738923008804e-01,4.449549870183789890e-01,6.812420478063101470e-01,5.520307770649056645e-01,4.526300960997740042e-01,3.792192600748162112e-01,2.473079799101262355e-01,7.556983415489652023e-01,7.042023999694076164e-02,5.611716861452916705e-01,6.219675329361613603e-01
7.400540279199093741e-01,5.310503026632138468e-01,5.268400882493244897e-01,8.904659826568295244e-01,0.000000000000000000e+00,2.341393595213334677e-01,2.925025926616149352e-01,2.090091310592088747e-01,-1.697878788894703062e-01,7.838611747609559588e-01,4.868649010507019037e-01,6.939912234844459737e-01,4.863022927246797855e-01,9.731526733037080268e-01,7.148071323805663679e-01,6.058852187391897681e-01,7.090194207759851208e-01,4.287660008582778182e-01,9.612011561786262259e-01,7.705851800656786654e-01,8.367721404392383100e-01,7.722918759558136115e-01,7.168050328367711055e-01,5.652090615943513585e-01,4.294071116934712329e-01,6.547854514418415262e-01,5.402507165922377785e-01,7.823685850804420472e-01,5.837646473684080517e-01,2.822396373283531101e-02,3.244793894900013242e-01,2.319035046753289420e-01,4.677207221940754556e-01,3.264565822127402095e-01,6.209610816042948622e-01,4.153934546323876376e-01,3.096811384537452305e-01,4.501316580379289833e-01,9.548656336360339392e-01,7.524795207437261491e-01,5.915745997327495065e-01,9.596829448072710100e-01,7.024091527942926128e-01,8.304407179331088074e-01,2.567685031168556176e-01,4.120108916348845796e-01,8.719958036944684965e-01,5.685903067369314501e-01,5.793984408894736760e-01,5.006156781728227090e-01,4.497254989263357872e-01,9.739885400692647188e-01,8.119332807899560800e-01,6.124001565755504695e-01,6.781497682988946174e-01,6.421445644162099287e-01,6.595868061596033005e-01,8.739635626844053373e-01,5.559619157843807002e-01,5.389114675393014142e-01,3.546842131863168213e-01,7.268285184295749657e-01,7.239156343631689694e-01,9.619055295838695452e-01,9.459576980185375739e-01,6.808553401761500146e-01,7.018077225681216280e-01,8.515616390616356224e-01,3.380129056607337756e-01,7.307459709199166653e-01,7.260890768445695809e-01,2.337163530064463868e-01,7.108973166965687485e-01,3.426252800357247330e-01,4.255880639166209067e-01,7.081633028879360525e-01,5.428982961866450907e-01,4.415224012504707640e-01,3.479556168946374983e-01,5.336462579774278181e-01,5.212097748083405202e-01,5.911960875814756822e-01,7.117312633559707002e-01,3.089197348398620147e-01,2.864548011765009061e-01
6.610711960439847878e-01,8.273329423931958804e-01,8.019837290600166924e-01,8.870996474980669122e-01,2.341393595213334677e-01,0.000000000000000000e+00,5.666473031046930647e-02,3.602126628400174058e-01,5.090898173062995413e-01,7.400098358600570858e-01,8.811738845405373555e-01,6.707555365668113057e-01,7.452213852217822732e-01,4.668299457413521147e-01,3.084763681917274125e-01,5.830456657235106865e-01,4.989944379325302326e-01,3.885411543291399372e-01,6.601450651421009175e-01,2.030815066885494069e-01,4.957327651215263087e-01,4.989433379305366345e-01,9.705407253006566037e-01,5.435109811831657645e-01,-2.161220228034582691e-02,4.345681365729826551e-01,7.571444685831224541e-01,6.030188745877658185e-01,3.873477346607893113e-01,4.017012429940833296e-01,7.009433926588127806e-01,5.940767050647617342e-01,6.748575273864542146e-01,8.647834467618205068e-01,6.448693123806150673e-01,1.212106068828653488e-02,3.119138728167898389e-01,3.341637325354252508e-01,9.866929800750254831e-01,8.857598188739930212e-01,5.312017583269050824e-01,3.535837648748295647e-01,8.226156847303389696e-01,-1.703755447688740932e-01,8.315961103178421965e-01,9.603015500012048733e-01,7.358386428848189276e-01,1.954034668214787163e-01,5.176449215630737344e-01,3.677204657462985748e-01,5.222169336351936142e-01,2.676765779913705123e-01,7.030670067159889847e-01,4.021291528786187786e-01,9.220889912388587906e-01,6.134702580248897474e-01,1.865725245454077641e-01,1.621582802431929538e-01,6.292882641748729355e-01,3.842891049171773821e-01,-1.007297279934002421e-01,6.870512778843053114e-01,6.307193944897638849e-01,5.700370351800121416e-01,7.436951350362696056e-01,3.011155131868767931e-01,3.470569105339138538e-01,8.598557911129710574e-01,5.244079458731110144e-01,5.942273113974649856e-01,8.629766023470279990e-01,9.570411424205020889e-01,3.016210380520540912e-01,8.514344521579243416e-03,6.776107199985512697e-01,6.673762891480456982e-01,6.982603749129890902e-01,2.924594641057568500e-01,3.217371540446108957e-01,2.093866155126501150e-01,4.087183638663956231e-02,7.765698906349244313e-01,8.405745070519159423e-01,7.204239401796418141e-02,5.399682638261715795e-01
4.228365767237809991e-02,1.231923261099841516e-01,8.070480147068169741e-01,4.923401338900414981e-01,2.925025926616149352e-01,5.666473031046930647e-02,0.000000000000000000e+00,2.713735554880321310e-02,6.389552806721131573e-01,2.137120443031015893e-01,2.984966517583356738e-01,4.236759838088317576e-01,5.376585437565878367e-01,7.854645411481053774e-01,6.989147636781880557e-01,7.227880416192512536e-01,5.770294699571585362e-01,4.244124302671304361e-01,5.250642583390630058e-01,7.566056023645073569e-01,6.727962836618996967e-01,8.281117292010693465e-01,3.977326870828706840e-01,6.833399471302059602e-01,3.913356341663042359e-01,4.996294256840906889e-01,5.911732858789203737e-01,6.115033227155100004e-01,4.465039443719456824e-01,7.130523294715280791e-01,1.437711629745216380e-01,6.092217044080442401e-01,5.702826811043827382e-01,4.868643514208513268e-01,7.401112083123473351e-01,5.411474928560806585e-01,2.706517686795052446e-01,4.190729129067443659e-01,6.169402886202608460e-01,4.161064895185529466e-01,4.138050179594295053e-02,7.268431236594811162e-01,9.235118026532358471e-01,5.391001033549651655e-01,7.154478715173346881e-01,4.597223279910757077e-01,6.134716136193020253e-01,2.743492100358495556e-01,5.801007783281084684e-01,3.984842337276133239e-01,1.274605216312161837e-01,4.405442110194217609e-01,5.880064544294263396e-01,6.541239561848836148e-01,7.149316426856825446e-01,5.416837292652219027e-01,3.061860905752726292e-01,2.684979655069228976e-01,8.201181889559432392e-01,4.792544132547210678e-01,4.365800175829477880e-01,5.786860352170092314e-01,2.270762239206235156e-01,6.749277951141400278e-01,5.859961440670765631e-01,2.777115047583187946e-01,5.733182916811887520e-01,8.338000932492373174e-01,2.563842527423899620e-01,2.075466757806499474e-01,5.392670170392986906e-01,2.600596984242700138e-01,7.905776124589798393e-01,3.885580396467854802e-01,2.719173810948600223e-01,7.199206965590146945e-01,6.163265704815199530e-01,5.942546700239059732e-01,4.536994800088451352e-01,5.019069321067022305e-01,3.852346385839831022e-01,3.648933968375815406e-01,3.457672757323113633e-01,-8.707976119480254074e-02,6.729878864206219058e-01
9.337071863418108242e-01,7.337982106375140479e-01,9.064023199006132625e-01,3.987573457836635638e-01,2.090091310592088747e-01,3.602126628400174058e-01,2.713735554880321310e-02,0.000000000000000000e+00,7.466094520585189187e-01,6.580670358604462367e-01,4.393648635860639140e-01,6.636295120314316121e-01,9.563325354379231813e-01,2.317117702357442410e-01,6.469836703336933059e-01,2.915217770221697480e-01,6.632578793463004274e-01,6.420834814521121370e-01,1.052339008537392095e-01,6.003289017627487789e-01,9.612558243754107945e-01,6.810825081112465984e-01,4.180164786697204878e-03,4.657504129351395239e-01,6.441178768002070454e-01,7.549926367248844805e-01,2.163813705463013271e-01,4.983352149772970474e-01,7.391625541296910074e-01,4.743150081279198238e-01,4.868021308606631514e-01,7.473363372442085595e-01,4.501286828971297060e-01,4.396085132830729880e-01,7.629473857133468595e-01,6.983110098717346670e-01,2.862807740962353131e-01,3.653114687608613464e-01,4.750681544402636236e-01,4.030892467312124916e-01,6.029612875980436826e-01,6.589654031614639029e-01,4.595580948974107294e-01,1.220289317948600322e-01,9.942796651379584016e-01,9.285177317745132997e-02,6.944690449112753683e-01,5.297772194181478156e-01,4.262802330176420629e-01,4.786698773478713642e-01,6.801148608077978164e-01,5.672622277182405304e-01,1.913769627713549637e-01,5.767416798456028726e-01,7.810114825099441216e-01,9.198513264532096612e-01,5.100246868303255354e-01,-3.819544028960999982e-01,9.037637933152248282e-01,2.962495703546024206e-01,5.690535167613548495e-01,9.546630669720629347e-01,4.718696824300981918e-01,2.104152102048718054e-01,7.168260823510647084e-01,5.209144814537722823e-01,5.740409991079387098e-01,8.522119029497264853e-01,5.596726210224127751e-01,4.256305447073870929e-01,6.848148013559960390e-01,5.626701992983039746e-01,5.659043892762101180e-01,1.023280215428209461e-01,2.271895132769807535e-01,4.637836376461354493e-01,5.265905926304462747e-01,4.810128674728845199e-01,5.938688248130963299e-01,-1.725916167113825117e-01,6.635861698004343889e-01,9.314624890168823335e-01,3.577249942525029813e-01,3.140149367464841745e-01,6.005052055735597971e-01
3.469242482727145083e-01,6.120740237093910130e-01,6.458636612085094653e-01,8.813657192406423313e-01,-1.697878788894703062e-01,5.090898173062995413e-01,6.389552806721131573e-01,7.466094520585189187e-01,0.000000000000000000e+00,6.772271293551509475e-01,4.682789298638114217e-01,6.179852029280950010e-01,6.576545516278703429e-01,2.083054773461847364e-01,7.807198836060503799e-01,5.508231698065484405e-01,6.740553124751247349e-01,5.259672056982617194e-01,5.588891044690010856e-01,7.113886899444870071e-01,7.267563698571151143e-01,8.063697761674236686e-01,5.996978455726731383e-01,7.543169943017082879e-01,7.260805039743623013e-01,7.420063417800721872e-01,7.287558132966326374e-01,4.720214735036314807e-02,4.060128728511417928e-01,5.388638157722143163e-01,5.809458313788915529e-01,4.633418403758254867e-01,3.459660875533270286e-01,7.004659665965390358e-01,1.974048897049626439e-01,8.921107196096689229e-02,4.379603126920313394e-01,6.706040229039578193e-01,6.098213430906083143e-01,7.326839993309024468e-01,7.228897842683834618e-01,3.313229514951578913e-01,6.236800606073586994e-01,8.927944544744123023e-01,8.508370406776039063e-01,4.853910143861059900e-01,7.453178732455414401e-01,7.341888176897339857e-01,7.056153320776928917e-01,6.607902951218143084e-01,1.507721571979876440e-01,2.576329347540964321e-01,7.368653662182632624e-01,5.857193937727032118e-01,4.863676540292503070e-01,5.551958404736844210e-01,6.271922584754537899e-01,8.359256931050333961e-01,4.346586645309594710e-01,6.116136890208812016e-01,6.116438720165147114e-01,6.465137514927252749e-01,5.657763247205510604e-01,8.527443304331199236e-01,6.049459195998931893e-01,5.324243489423429176e-01,4.392741839678513949e-01,7.310519836031006413e-01,4.628445389992659753e-01,6.177833537185255519e-01,6.133256836819723778e-01,4.998551155011397018e-01,6.834413421986921255e-01,6.093665758189559245e-01,4.414473412680474107e-01,7.877749351189076155e-01,6.317768206699554412e-01,5.728613762340821758e-01,2.865550677269690372e-01,3.195433666950762142e-01,2.259276799693762106e-01,6.425132574590118884e-01,7.733993124197215963e-01,5.910964576308562757e-01,4.919761101565596206e-01
8.530573606386843144e-01,6.449230784940833683e-01,6.526425938061120036e-01,6.309187245324671123e-01,7.838611747609559588e-01,7.400098358600570858e-01,2.137120443031015893e-01,6.580670358604462367e-01,6.772271293551509475e-01,0.000000000000000000e+00,6.878178309770999199e-01,8.719428712598845665e-01,6.088430860746513185e-01,9.837001301270068554e-01,5.355560158137067095e-01,8.561421472761001628e-01,4.886173134258755546e-01,7.745120373717478968e-01,2.987717685212498697e-01,7.627470595795964314e-01,5.259615160361417185e-01,3.608909120193922182e-01,7.256515940529040254e-01,4.606490345653589946e-01,6.225090557219655762e-01,7.770736207844357590e-01,9.365446344863154193e-01,9.053955210401030129e-01,4.412678910899590634e-01,2.378698733688682510e-01,4.733853488472976601e-01,5.335633458226415327e-01,4.116704326122936908e-01,4.681734459281061134e-01,4.767693129191675760e-01,7.937325399003645199e-01,1.836266217113651303e-02,6.057049928743516443e-01,8.903996256642642271e-01,6.706099606004503055e-01,8.905770543279814544e-02,2.771817704858503539e-01,5.132329979995474689e-01,8.423491707388844896e-01,4.335322867937950742e-01,6.018371078143314179e-01,6.681781646694449073e-01,4.752967797097078506e-01,5.732119855903031747e-01,7.731788872378486666e-01,-1.629246661075962055e-01,7.945991436582447998e-01,3.917455458756405884e-01,7.920203105039227420e-01,5.455284301354409449e-01,5.913342424099264916e-01,7.715465851533426234e-01,4.309039567511985802e-01,9.042944339031763201e-01,6.594380813722724444e-01,3.820868885684827188e-01,4.743660617550183312e-01,5.384274699093902772e-01,7.083703735580137995e-01,7.990627395859510873e-01,9.846146067918276623e-01,9.488956158735439850e-01,9.267198643578633543e-01,3.834805157525378316e-01,6.503692385505972506e-01,4.138072923443620876e-01,5.751237561586280966e-01,3.001835247845877630e-01,5.316724081081163344e-01,5.077715128956575841e-01,5.076284442564601429e-01,8.912240192117447668e-01,6.450832882419751391e-01,9.027977895756258975e-02,5.136402306841469922e-02,5.375145217703751754e-01,4.989775950682253103e-01,7.527221201007914253e-01,-1.592371250378791514e-01,2.977513769810631872e-01
4.330417073708953124e-01,6.877100245360406872e-01,6.096042845511303598e-01,9.820766460967953471e-01,4.868649010507019037e-01,8.811738845405373555e-01,2.984966517583356738e-01,4.393648635860639140e-01,4.682789298638114217e-01,6.878178309770999199e-01,0.000000000000000000e+00,7.891762311785194273e-01,6.913877935193589730e-01,6.348252531073463878e-01,4.531655632130017208e-01,8.318995092642987865e-01,9.872753316588258610e-01,7.599026600157243738e-01,4.278036999392630935e-01,6.756794545043020017e-01,7.413548535415230845e-01,-1.936106718856337172e-01,5.940835751960378275e-01,5.485850214974848926e-01,7.881201021093442449e-01,3.613719830331523220e-01,6.047408913797692742e-01,7.487833022117993398e-01,7.376858280478949537e-01,6.375830563727765687e-01,3.690364306920885795e-01,6.308644821375284373e-01,6.949090688076309252e-01,7.160168977075864749e-01,1.457927224698338797e-01,4.200039398838925075e-01,-1.244975585653042421e-01,8.145076851363915182e-02,7.603893450723571146e-01,5.556508496296154176e-01,1.970848257140238036e-01,5.644639184874411519e-01,7.879292270356794692e-01,2.064419496815061428e-01,6.122422732094955355e-01,6.247331105264757323e-01,4.726348326126106891e-01,7.641403744206937132e-01,2.581406660073439774e-01,5.926031455849698482e-01,6.690480148997962617e-01,4.061084413261870085e-01,3.897433276748107911e-01,7.731272124916543920e-01,9.851400893753354815e-01,6.175567986287752165e-01,5.412424385661614989e-01,7.660435776301736110e-01,6.970344490842282914e-01,8.388335172972927190e-02,5.904972960399893500e-01,4.745315742820844784e-01,7.487443579847399278e-01,9.120776841505328081e-01,8.232898983975813767e-01,4.620032757462579354e-01,5.394954421368708397e-01,3.807047314363787294e-01,4.261344861135081263e-01,5.656868601587338174e-01,4.396802087286731386e-01,2.547859790612385100e-01,7.477023777652960224e-01,3.193886408825449830e-01,7.298497439060647185e-01,4.092358054716022653e-01,3.893307073777924066e-01,2.877163108798465596e-01,4.632368145427828154e-01,4.366987021495986054e-01,9.556892687163291988e-01,8.804681295853502565e-01,7.445302302812111250e-01,2.276103772889805366e-01,2.310946692928048801e-02
9.897606356750678902e-01,7.579274979315608896e-01,6.081130833024984694e-01,7.225621914037605453e-01,6.939912234844459737e-01,6.707555365668113057e-01,4.236759838088317576e-01,6.636295120314316121e-01,6.179852029280950010e-01,8.719428712598845665e-01,7.891762311785194273e-01,0.000000000000000000e+00,7.183809771380162967e-01,6.909298931578777836e-01,6.648199437485976526e-01,9.589798634086845741e-01,2.642134464406910577e-01,3.508321896340090840e-01,7.046352520274453690e-01,6.448098503402105441e-01,7.594623149936656770e-01,4.087364562762227371e-01,7.697979244574784108e-01,6.170577297067347811e-01,5.331751863892252308e-01,5.798931034984123878e-01,7.558445298070092244e-01,6.708859488134760740e-01,5.183128904547844584e-01,7.997495300161057141e-01,9.250082558084352091e-02,3.917566950430908523e-01,8.179781637174744491e-01,5.578056636800647894e-01,6.463471286093530610e-01,1.316058379132611089e-01,4.864894885114313117e-01,2.380053606406161426e-01,7.269758784804892793e-01,4.020241458035493931e-01,6.653711643544886201e-01,5.764561438905737578e-01,9.717448605635192749e-01,5.375499524259401696e-01,9.985511495749836985e-01,4.586171594660612971e-01,4.722969936800112123e-01,3.844075329045150702e-01,3.183642660751975217e-01,5.782382654460986871e-01,4.301516463225626419e-01,8.938505889434320562e-01,7.236732658934225126e-01,5.937069139608999180e-01,7.701932718678854428e-01,5.843906672041080386e-01,4.968105034626437155e-01,3.889254756002592517e-01,7.995107481859496934e-01,6.259881608663832031e-01,5.952876493287695414e-01,6.883803429411849972e-02,8.596325934708257677e-01,9.679462698401800624e-01,7.874473996313021695e-01,3.253765140362291364e-01,6.438652204584867089e-01,9.214050217742575377e-01,4.125277631383106498e-03,5.273519543641544960e-01,6.859150169275758380e-01,7.588447935085212981e-01,7.982236275346650534e-02,4.402017112148922107e-01,4.041445358613747207e-01,3.737215503473845235e-01,5.939499834324671879e-01,4.164254420030416570e-01,5.916058675099760134e-01,7.128207871242554505e-01,6.447882209821302890e-01,6.367524798889553361e-01,7.198074449752351889e-01,-6.305563860591403835e-02,5.124580544094644585e-01
8.222593314442834256e-01,2.859552151813666288e-01,8.565285174538701529e-01,8.588913098359671761e-01,4.863022927246797855e-01,7.452213852217822732e-01,5.376585437565878367e-01,9.563325354379231813e-01,6.576545516278703429e-01,6.088430860746513185e-01,6.913877935193589730e-01,7.183809771380162967e-01,0.000000000000000000e+00,8.456421231497304181e-01,6.066844018443670050e-01,5.756249394084954618e-01,2.431613255581830113e-01,9.196561862811863941e-01,6.415393197143373083e-01,8.959059542254435016e-01,5.059159441243786803e-01,6.344915499883958532e-01,1.573935567721808648e-01,6.880296276747864814e-01,6.434248534220852189e-01,8.904163118766391660e-01,8.451116774924352093e-01,8.366378312328918154e-01,3.893664198431725509e-01,1.224759226632080866e-01,1.110917288308450185e-01,7.172944164716312798e-01,8.180263735904417244e-01,6.943352817407326683e-01,9.335346781047422215e-01,3.317138892094086827e-02,3.021787060209361608e-01,2.777400436801135686e-01,7.822754369398658980e-01,3.467872318573642643e-01,5.312535062549601506e-01,6.176584261734915371e-01,4.191997917897838377e-01,7.814029349874860308e-01,4.341910964672204276e-01,8.597616731265006473e-01,7.332318015477419237e-01,3.979405325837870322e-01,4.880256111993637735e-01,9.918822145647742117e-01,4.734734965526079531e-01,6.801293425180017227e-01,7.691523542708600392e-01,9.814798091887424469e-01,6.740794660203925925e-01,4.350843940518897002e-01,6.915636719788442743e-01,8.317353501348839773e-01,8.172160251395417241e-01,2.961031405329180022e-02,4.634415687926236038e-01,5.610275844839830439e-01,4.824067272590302768e-01,9.126204943274546233e-01,9.507571073115876903e-01,5.386572289972391125e-01,6.567756540113428576e-01,9.091107925346569862e-01,7.234858349106892961e-01,7.195065280183980949e-01,4.844442628080856683e-01,8.471579358361116530e-01,2.112435931521261523e-01,4.127167574826999252e-01,5.473025389279997377e-01,7.290608796617497056e-01,5.966001361383058699e-01,7.494361608907218475e-01,6.436237052877342713e-01,1.776172200984919569e-01,1.645454736513703164e-01,9.328760611100266331e-01,4.384669208506476457e-01,4.726550501285428085e-01,4.483540525653974540e-01
5.259877097920770961e-01,8.409865494583412815e-01,9.229421959186407953e-01,4.290131841813605296e-01,9.731526733037080268e-01,4.668299457413521147e-01,7.854645411481053774e-01,2.317117702357442410e-01,2.083054773461847364e-01,9.837001301270068554e-01,6.348252531073463878e-01,6.909298931578777836e-01,8.456421231497304181e-01,0.000000000000000000e+00,8.744965037330879598e-01,4.602498987503846894e-01,9.363250154807134518e-01,4.837171581807785392e-01,5.600598753651122585e-01,7.425592427402805118e-01,5.295704189640544346e-01,6.125362031134886642e-01,3.709179130930321255e-01,8.856101199913956057e-01,4.082910590468389889e-01,4.406353368536076176e-01,4.152931954945359161e-01,7.840658603995709353e-01,7.877080320425706716e-01,3.616808868298933555e-01,3.716103257109971691e-01,6.031594213093982582e-01,9.822020304600260765e-01,8.927057155430649926e-01,4.595088205556627226e-01,2.019619531831303161e-01,4.406866305872337297e-01,4.489045344515951719e-01,4.796434972756631332e-01,9.005095797762096010e-01,5.895592554005936181e-01,9.337545899076096223e-01,8.819008746510758057e-01,5.229120668710806052e-01,6.770812292603503035e-01,6.406364247355587072e-01,2.921291358986529696e-01,8.039531412812609412e-01,5.995688079480843147e-01,7.289639834608570013e-01,5.703408198299648735e-01,9.364446654385438773e-01,2.552273245865219753e-01,7.846860078292056118e-01,5.446104948681971258e-01,4.750910709758714989e-01,8.942479324314021039e-01,7.017661583942402803e-01,8.732473991201907815e-01,6.911496298608394984e-01,7.407607329366241444e-01,6.401937622631492797e-01,8.713304357675156764e-01,9.942965453845775681e-01,7.503871598991557201e-01,3.911606950560352347e-01,5.999133205902582588e-01,4.494574754079056489e-01,6.244924149683906967e-01,7.820291905101424135e-01,9.346252642636563301e-01,9.365742229651449202e-01,5.299299851099286141e-01,-1.939966459447490799e-01,7.668064890862784644e-01,1.674045850860755857e-01,4.151932141380931807e-01,7.800159219389126708e-01,5.768908388758684502e-01,5.253680849825963506e-01,9.759971279037178427e-01,6.408051514278055860e-01,3.090560525231220712e-01,2.889502797528222811e-01,7.901975150365057043e-01
4.494359194007334635e-01,7.067900660178069172e-01,9.103525742988451963e-01,6.588770258307197203e-01,7.148071323805663679e-01,3.084763681917274125e-01,6.989147636781880557e-01,6.469836703336933059e-01,7.807198836060503799e-01,5.355560158137067095e-01,4.531655632130017208e-01,6.648199437485976526e-01,6.066844018443670050e-01,8.744965037330879598e-01,0.000000000000000000e+00,7.699874563303259478e-01,9.088241638001912648e-01,5.848383683212975415e-01,5.596099280725755354e-02,8.779394666186721707e-01,6.965669171426319695e-01,7.364280143047751137e-01,2.798358119267190802e-01,8.787100183042652057e-01,6.826470394460121272e-01,5.443443977470217021e-01,6.764788209787867546e-01,6.666741614318356657e-01,4.730059958262362030e-01,5.606099611378023706e-02,3.532599951009063322e-02,3.816657220786202620e-01,4.004210938121323116e-01,1.113668107444300559e-01,5.901634414754748370e-01,4.329389980442786001e-01,2.703903465125787609e-01,5.509769624571244639e-01,7.752273883248123054e-01,4.355649103292816848e-01,4.055879231923945061e-01,7.997568808867766554e-01,6.149866664689946916e-01,8.895345068443073488e-01,7.931358187191075437e-01,4.972738244775977146e-01,8.281439017547831405e-01,5.624657626386160292e-01,5.552892114384235800e-01,5.306571687201527832e-01,6.843708953252071181e-01,7.378792742299224994e-01,2.952830383500160139e-02,6.982887185070246749e-01,2.778557431033485403e-01,7.263132753543679598e-01,5.336465669990179128e-01,8.776890550423570581e-01,5.403212562262093011e-01,5.966163590290123331e-01,5.985064559985837640e-01,1.672313697682920042e-01,7.514759626299915007e-01,9.974954720360886817e-01,3.802258410646794928e-01,5.340083726720817880e-01,3.518456793112895720e-01,9.171887243201310991e-01,2.041700768206631544e-01,5.666653469778044627e-01,6.044228160173572562e-01,7.428239203885695918e-01,2.140359183883367988e-01,5.285895591931171200e-01,7.576597245096547972e-01,3.821915009624904380e-01,8.773405468638081350e-01,9.089985668553274278e-01,2.913078772797919602e-01,2.206132774132435470e-01,6.431212352533732801e-01,9.467776027919320159e-01,6.201123799610955833e-01,5.857637704140569168e-01,6.679338573435169568e-01
8.003679705437749536e-02,-1.258868679537089585e-01,7.349460123890545482e-01,5.445144442780867067e-01,6.058852187391897681e-01,5.830456657235106865e-01,7.227880416192512536e-01,2.915217770221697480e-01,5.508231698065484405e-01,8.561421472761001628e-01,8.318995092642987865e-01,9.589798634086845741e-01,5.756249394084954618e-01,4.602498987503846894e-01,7.699874563303259478e-01,0.000000000000000000e+00,8.983813834788274555e-01,6.589474344097015490e-02,6.735355727011710369e-01,3.093877611976921793e-01,7.350086407441184244e-01,7.511063911068229793e-01,6.110648662491420247e-01,4.442119698854891108e-01,6.255650200318975118e-01,9.262982909768489037e-01,7.876348274494435753e-01,3.119029742371902114e-01,4.878457508926414832e-02,5.770492114288946484e-01,-9.443850103352870173e-02,4.372519764217230875e-01,5.456091196456274162e-01,-2.617130877307973780e-01,7.939718211006012716e-01,1.829279772073457710e-01,3.051707600932968001e-01,2.995305014862195137e-01,8.265596661087653008e-01,5.289531498737789494e-01,7.195645991341642622e-01,4.671463537344145989e-01,5.158040230022334915e-01,9.800522301873866304e-01,6.799792313889341244e-01,5.557164433756975885e-01,4.124637170143288789e-02,8.198495802660893395e-01,5.035653349411848279e-01,5.549059883681966010e-01,4.984097964245041146e-01,9.546648231022235309e-02,4.634683841588355113e-01,7.343911076988510755e-01,8.854366500497902193e-01,5.258249371846815956e-01,3.556351204856682546e-01,4.747626760465427642e-01,8.679701332484608400e-01,5.404802513889563897e-01,6.136070920157524755e-01,4.824264821435426676e-01,2.025903827016007075e-01,5.653084270727750660e-01,6.401664530780138973e-01,8.888724449815421647e-02,5.167462283412549429e-01,4.560188525136485427e-01,1.949907847409623196e-01,4.846195192360102100e-01,3.153265580407249580e-01,5.363538848864149999e-01,1.186278128983434543e-01,1.981145190356395913e-01,6.316629158784023979e-01,3.024209389170302575e-01,5.724040867708625191e-01,4.627686385035455485e-01,9.856014873896539186e-01,1.245331714999571397e-02,5.657205695338889395e-01,2.459775671802104657e-01,7.645827189973888327e-01,2.434226899359673013e-01,6.471269954119548418e-01
4.850194688391137321e-01,7.068407994290619722e-01,5.460191548484181201e-01,2.249626243011345617e-01,7.090194207759851208e-01,4.989944379325302326e-01,5.770294699571585362e-01,6.632578793463004274e-01,6.740553124751247349e-01,4.886173134258755546e-01,9.872753316588258610e-01,2.642134464406910577e-01,2.431613255581830113e-01,9.363250154807134518e-01,9.088241638001912648e-01,8.983813834788274555e-01,0.000000000000000000e+00,8.926641257897440784e-01,8.306838039028529019e-01,9.762252954469149424e-01,8.670903289688837168e-01,8.280156462441522480e-01,8.472837470853370467e-01,6.277148447264937481e-01,7.971881444839075126e-01,4.567330894168519229e-01,6.811145313542636970e-01,2.021465414994907950e-01,2.337332339152395078e-01,-1.361992296139981906e-01,9.965504794843854652e-02,5.847900237962802006e-01,6.251220876776107938e-01,8.282572335768658700e-01,7.775082759748281891e-01,3.501809511623642512e-01,3.797389541212168318e-01,8.617331648327212212e-01,9.710195320029968435e-01,5.289161930577330750e-01,1.792438935869809791e-01,5.170997344227992176e-01,7.108782907640667226e-01,6.339900524256409931e-01,8.466642510042722281e-01,8.465386803622219070e-01,4.613483184834402673e-01,3.905288251608896033e-01,8.254325877214473417e-01,8.665225292018710057e-01,6.413320623125131625e-01,6.374471058938339096e-01,5.097791544512806500e-02,6.311766888244841889e-01,9.955214653581363482e-01,8.665958314578318111e-01,3.344487563532463348e-01,4.454634398721119548e-01,4.152252690619492870e-01,6.157526570278855083e-01,4.524684927258761369e-01,6.252825288412434679e-01,6.362570790843485868e-01,5.374777789106142123e-01,8.470114012527224512e-01,9.869408794873628654e-01,7.978334547201143545e-01,7.460322204126493828e-01,4.232534018792314945e-01,6.331768915303462864e-01,9.634021490765793949e-01,6.573218739600299454e-01,4.805254939411324755e-01,7.710949527653476743e-01,4.548792319994754974e-01,4.237219061421652055e-01,9.724284347074401147e-01,7.722632481425224515e-01,-2.449241667876411732e-03,2.175258928439776918e-01,5.685555435194775686e-01,7.227405129790205329e-01,5.753664972819407808e-01,2.525925807219351893e-01,5.918134186450685341e-01
6.822503147189231676e-01,2.963686486823935984e-01,4.607198744209564101e-01,4.825562090781105873e-01,4.287660008582778182e-01,3.885411543291399372e-01,4.244124302671304361e-01,6.420834814521121370e-01,5.259672056982617194e-01,7.745120373717478968e-01,7.599026600157243738e-01,3.508321896340090840e-01,9.196561862811863941e-01,4.837171581807785392e-01,5.848383683212975415e-01,6.589474344097015490e-02,8.926641257897440784e-01,0.000000000000000000e+00,6.223876466214495196e-01,3.235599374690518726e-01,7.190284410683982497e-01,6.315290126952349814e-01,4.629216739511864409e-01,9.698784708921360798e-01,1.402655191778931498e-01,5.471030833001482296e-01,7.654574823555863050e-01,8.876415578834291331e-01,3.614815148137414669e-01,2.127638353845570929e-01,5.042525194265921051e-01,3.687581110576790833e-01,2.738832356719477779e-01,7.053849802195607532e-01,5.607736524670278166e-01,5.905440429792254697e-01,5.449737402601031455e-01,4.122690841827301167e-01,8.044875889901178523e-01,7.703682093596178060e-01,7.244266978207936081e-01,7.996905151681246160e-01,8.094969315612533522e-01,8.019551981055664802e-01,5.513957041135463255e-01,4.392665465545859682e-01,5.074963823364432303e-01,5.979182602315165074e-01,3.143591566351242039e-01,6.411179989765556364e-01,8.476183355919093554e-01,1.918916413950458033e-01,7.634008373764736843e-01,3.428037777166790812e-01,5.102655301612364358e-01,5.440419265805606086e-01,8.015816043159427196e-01,6.351579931032653725e-01,3.518132274251426495e-01,3.780080280770062862e-01,3.521168036793264067e-01,6.786224205605965176e-01,8.077369651248603732e-01,4.392467475948926836e-01,5.800898637463909324e-01,6.494058312064281413e-01,8.251983137739400398e-01,9.018113940062421063e-01,4.799318066407458061e-01,9.909151127413371452e-01,8.447278101262539751e-01,5.219381573454822121e-01,4.051398341904717815e-01,4.281469368494831285e-01,7.205256704743158158e-01,3.493608073560454663e-01,7.164107994715067651e-01,4.834433929127353591e-01,3.335630826194319609e-01,7.546227446899940461e-02,2.641890701766053118e-01,8.851933314898773331e-01,3.686708612426075060e-01,-5.432432599821199193e-02,8.400144884890379249e-01
