0.000000000000000000e+00,5.742342830660146502e-01,6.586554410643279400e-01,6.288445876862756023e-01,9.469324269194983046e-01,9.099884932814799043e-01,9.458579148075685339e-01,2.293906225672383004e-01,8.813285153899932389e-01,7.140190175234214509e-01,1.792628986031837568e-01,8.998172710711060951e-01,6.409034828472868206e-01,2.265192913935326069e-01,3.446134131785389410e-01,6.285953035178819537e-01,7.122430276736591015e-01,4.964852543778912608e-01,3.481725708452544366e-01,6.420552233395132591e-01,8.894748652233493980e-01,9.402396362526583840e-01,7.697740712670075869e-01,6.479753145119914182e-01,7.178315575831535345e-01,9.724237185889255120e-01,-5.781859656393378843e-02,7.752399304417475490e-01,4.627066616428362478e-01,6.470008908367679279e-01,1.898873546420197789e-01,8.942582370504673639e-01,8.655490482488922277e-01,9.665923700631452453e-01,4.273967426358034061e-01,8.729833383385612877e-02,1.685745162044971213e-01,5.724252451035367617e-01,7.826811140858389582e-01,9.592229053756031742e-01,4.764333324980726259e-01,8.926755356145638087e-01,6.824972614647443203e-01,9.320070205795601970e-01,4.303055511372715358e-01,8.574319291373637686e-01,7.633788422750407143e-01,9.947804597253625536e-01,9.004483504544265049e-01,7.144554684849536708e-01,6.608012220166525896e-01,7.630118606054225872e-01,7.754763641679608410e-01,8.605256280913293754e-01,9.866059500889878819e-01,8.002318445620335563e-01,5.624680450897070472e-01,8.251349261119261813e-01,9.319931866430772871e-01,5.225998128525417563e-01,1.080907686603805318e-01,7.226139157002149371e-01,7.680619876413785629e-01,9.154339646977077694e-01,5.105448688948441838e-01,9.208139980927823043e-01,8.038543160474066473e-01,6.442129071825777320e-01,4.202282743991247460e-01,4.979784938111739973e-02,9.803128804396252782e-01,7.798618397399297297e-01,5.385521481258839227e-01,3.287404209968397550e-01,4.709885438978663741e-01,6.503450158943457904e-01,7.724225732291030155e-01,5.618167904504338672e-01,4.695480715508457831e-02,5.713861434041747067e-01,8.957486879449927386e-01,7.148467343644203664e-01,9.830246313794734903e-01,3.554966756506572900e-01,8.564451226454372623e-01
5.742342830660146502e-01,0.000000000000000000e+00,5.829152670773127820e-01,7.117843070383140791e-01,2.721544507256808965e-01,5.761472538656209341e-01,7.760140831541568751e-01,1.199427865294820511e-01,4.694471814998054660e-01,6.517357372101449942e-01,4.663213955312831005e-02,6.796277796792392634e-01,6.206835336257386926e-01,7.334653055895232754e-01,7.114740938166904671e-01,2.230810069698918041e-01,4.452893294917085187e-01,2.524610892215388147e-01,7.714741455891683808e-01,9.629883121081136421e-01,9.867202979031476362e-01,5.737829040142433668e-01,8.372536341148462125e-01,7.103625217397766534e-01,6.469499632741713135e-01,8.038798381024132578e-01,6.056552292565989815e-01,6.585901827884615978e-01,3.029285277975068968e-01,4.228532100740635680e-01,4.240698861178473500e-01,7.995772558940548169e-01,4.215749827909021086e-01,7.329940848647171769e-01,3.919963761355835796e-01,1.799328952878773841e-02,6.757999728949530827e-01,-1.393789453711580806e-01,7.027296428139114814e-01,6.218732740252396196e-01,2.714115931888728683e-01,6.469947646368614524e-01,8.996187105465472955e-01,9.595901641177710939e-01,7.607785985970672016e-01,5.590375297072035510e-01,4.343461270137511376e-01,9.446209877028379776e-01,5.461449301050279592e-01,6.441133879910203586e-01,2.706387732554244585e-01,7.703270801833395076e-01,7.652337677972360641e-01,8.353951069981235822e-01,3.521539595783135246e-01,6.964512968422736927e-01,8.425715877997392855e-01,7.407587502723470552e-01,6.425583689109900520e-01,7.350119018611743771e-01,5.162159110893695946e-01,4.896830010154703539e-01,9.946797088025012279e-01,6.394288051018821584e-01,8.457324230409000165e-01,7.046956901997083467e-01,4.055298946331403198e-01,6.097831087656463422e-01,7.262091204572748149e-01,6.285353923996318537e-01,4.288718774666427369e-01,9.728112698119231183e-01,7.095746960158615391e-01,5.745728216664749421e-01,5.244536532700111442e-01,3.465902625322413444e-01,9.915949394532905803e-01,7.804636452598464613e-01,3.185837991693440951e-01,1.185144403885523279e-01,7.202753835742492505e-01,8.423511224951478749e-01,6.229670464338860070e-01,2.156916157391005617e-01,3.555284923650310902e-01
6.586554410643279400e-01,5.829152670773127820e-01,0.000000000000000000e+00,8.433523631262380693e-01,7.227619673375725862e-01,9.178057667183390222e-01,7.508356180059764240e-01,7.164082232518891313e-01,8.502626424193695520e-01,7.388278643984412530e-02,8.592157448759762950e-01,6.244174537008909676e-01,1.799201813227127855e-01,8.271250548502130373e-01,6.771100837762314972e-01,5.735237713918421854e-01,4.187341179865712304e-01,7.723405311819230290e-01,7.137931869289149134e-01,7.862515099174571809e-01,9.036471026046010158e-01,6.301592484906193281e-01,3.454164800846628580e-01,7.995834501518038762e-01,7.373533271506077513e-01,6.554373778811937168e-01,7.484196913120029215e-01,5.341525451065632923e-01,3.862388406043063549e-01,7.729503524024091687e-01,3.455535056397595062e-01,5.824914775696646840e-01,9.908471637254616660e-01,8.692586822507467614e-01,7.158900837742142587e-01,6.221579232791205616e-01,1.955725816188388089e-01,4.740139581637037303e-01,4.936961746068955215e-01,7.170413411373424140e-01,4.953400063234993933e-01,4.199475218300086077e-01,6.845896760819699667e-01,9.335210261140477472e-01,9.881077013718466695e-01,6.807662806508101294e-01,7.417206862402261347e-01,6.336499502625819735e-01,9.348454881682781714e-01,5.862404651572536984e-01,9.675467916564420845e-01,5.384334381891816568e-01,4.280219912801646598e-01,3.233607077714138467e-01,4.266634519441684925e-01,5.109705909413768676e-01,7.851697327604704180e-01,9.226549108405875943e-01,7.021291224711824208e-01,4.450712374273243510e-01,3.830892756057583393e-01,9.694354433085972111e-01,8.562976790195466759e-01,8.654693765934846628e-01,8.582154167711872894e-01,9.676785602994215640e-01,6.299194377670863654e-01,8.363253442738196597e-01,5.361503815293779951e-01,7.897340900360112492e-01,9.573626971908038019e-01,3.628561225495031684e-01,6.064691207435862763e-01,5.369577242646528248e-01,8.272963961578702063e-01,5.331414843796397074e-01,-1.218490737880633251e-01,5.152320834065934330e-01,-1.122712343763897502e-01,3.994522661071970293e-01,6.542382297952301640e-01,9.359114585148412546e-01,9.917015551836354526e-01,7.075845735111818691e-01,6.578094797105492608e-01
6.288445876862756023e-01,7.117843070383140791e-01,8.433523631262380693e-01,0.000000000000000000e+00,7.097559819567623718e-01,2.383001710442519405e-01,6.789381870992498014e-01,5.498163199485812669e-01,4.239060453572705001e-01,7.163072475048342103e-01,9.970014614283452259e-01,7.209397084086122121e-01,8.220258554810486729e-01,6.104088436477491664e-01,6.631052915796828984e-01,9.081617620010707936e-01,8.236918475005915452e-01,6.008712111194941530e-01,7.851106925409045978e-01,7.310776751217480385e-01,7.073250910040488337e-01,7.266991887233855696e-01,4.066475696485065683e-01,4.703151027577607279e-01,3.908945626526419415e-01,8.749584344551498694e-01,9.333321020132675505e-01,7.359032327722343503e-01,2.480097012646248766e-01,5.014669739280819272e-01,2.906568066065379763e-01,7.076241983255149304e-01,4.469505215238231965e-01,6.152844469530999172e-01,9.154111908318341984e-01,4.667138324723845710e-01,5.126236782931485880e-01,4.119129517233673377e-01,7.275224327587505035e-01,6.312510449324693074e-01,3.153756700376024735e-01,2.931388835366312562e-01,6.334892871389851132e-01,6.045233584323996823e-01,2.140948532088563783e-01,8.331164568321363095e-01,8.037023360515299641e-01,7.485764562595391691e-01,1.751706864562173616e-01,6.448368961596721016e-01,8.456459288309884359e-01,7.402449799340239389e-01,7.844009386579595677e-01,8.109722983073861524e-01,4.936185253754206692e-01,4.544923944229191104e-01,4.535725796741356119e-01,2.608884555868155042e-01,7.211107220496137948e-01,5.348779283822950870e-01,5.410344605390946526e-01,9.023424890237166096e-01,7.315323210628860151e-01,3.231147082475022692e-01,9.486823091623058923e-01,9.157800403688031166e-01,3.564651142434737130e-01,7.521471709513825044e-01,5.610699516890400584e-01,7.287146210135768687e-01,6.009258612608652239e-01,3.477534455980721972e-01,4.055600539813207783e-01,4.787726618415407698e-01,2.495226757393637085e-01,6.174677752867235858e-01,2.373281030085890031e-01,3.182744059326866326e-01,1.553790127690445055e-01,2.167604659014865098e-01,6.832206191155635322e-01,6.826788048673385623e-01,5.278839258034664361e-01,2.020185530243389094e-01,6.309115622505073739e-01
9.469324269194983046e-01,2.721544507256808965e-01,7.227619673375725862e-01,7.097559819567623718e-01,0.000000000000000000e+00,4.878113874313729226e-01,2.871346769961188872e-01,6.547965962076072177e-01,7.543793331974314453e-01,7.038661016263588754e-01,2.542582252616766847e-01,6.284730780265459504e-01,9.413695422188306239e-01,6.615901161155508525e-01,3.344727952986323860e-01,2.708072432343287123e-02,6.117591171522795968e-01,7.245687295077209988e-01,7.913330922475740881e-01,9.233148402801517607e-01,7.795689543989868797e-01,9.868743256016452303e-01,4.518413119865989369e-01,7.287984199852264311e-01,2.207646584735864503e-01,6.865138702474662402e-01,4.607506619492560129e-01,2.663703940727975006e-01,-1.482040524732968212e-01,1.611234417555067744e-01,1.444948109264728442e-01,3.907398455293807915e-01,5.826494906962089715e-01,6.927547950126518028e-01,6.606894292594228668e-01,3.849945032480221463e-01,4.906249219446173759e-01,2.376457440008241384e-01,6.288158493642391766e-01,8.955769563971870406e-01,5.466603707961718017e-01,7.024060248108711102e-01,6.424534456256749682e-01,5.796972720074404783e-01,7.323757409612797753e-01,3.294102682503825541e-01,4.748508870619471689e-01,6.659891220748642704e-01,7.161165267432719750e-01,5.111718761154975255e-01,7.734619699405448356e-01,7.578373643981982655e-01,9.199798769199249993e-01,6.848397570537391177e-01,7.471989648088631641e-01,7.005827250451561738e-01,8.627816323505622664e-01,7.604657381549237982e-01,3.335927090178598120e-01,5.486222054969650541e-01,5.552524554125839451e-01,4.299760950016323635e-01,6.707995227343904743e-01,7.057591719480362791e-01,9.147021425568392372e-01,7.378511900725411854e-01,7.182906387210018506e-01,7.145305361349323370e-01,4.504150495487483918e-01,7.982600094948466563e-01,5.612812843659190642e-01,1.751203525706345743e-01,3.035058336386980971e-01,6.738831130585897222e-01,6.530588386487257146e-01,7.075763895556468341e-01,9.016772219529110011e-01,7.850336218220809181e-01,5.662850736019502396e-01,4.807387450573481491e-01,5.023797861660085351e-01,9.472460066740311380e-01,8.564882390846011440e-01,4.219870356506314479e-01,3.524233191221122219e-01
9.099884932814799043e-01,5.761472538656209341e-01,9.178057667183390222e-01,2.383001710442519405e-01,4.878113874313729226e-01,0.000000000000000000e+00,7.758975254728539550e-01,5.400636244331917801e-01,5.712729825016311658e-01,6.734809187080265103e-01,5.561986873427585687e-01,3.459684970668958082e-01,6.731604566666443690e-01,7.432202915910526286e-01,4.996667994697518989e-01,6.382465079769007454e-01,5.340043868006851824e-01,6.539732412271738182e-01,9.173669239370360051e-01,4.690112315930363152e-01,8.381631086559397925e-01,6.563147195000386125e-01,6.639354983890272122e-01,6.940275429193087930e-01,4.291925832236127558e-01,7.018864252640865109e-01,9.263296046845264087e-01,8.629171383657759931e-01,5.081012476256491217e-01,3.036906092354899056e-01,4.999743128840262174e-01,4.712892836098145910e-01,5.362447275841061289e-01,4.622027665434776944e-01,7.664207985994799799e-01,7.014701869600482587e-01,6.540718885926113946e-02,7.524779153361831341e-01,7.606872201998109428e-01,4.423034141403153208e-01,2.052179280282327989e-01,7.641338812868072594e-01,8.802279731283093600e-01,1.876522195590852871e-01,8.491205478656231875e-01,5.156351683427404797e-01,3.961579113445508615e-01,5.087488542898258581e-01,6.345204201348400019e-01,7.823973710135150306e-01,4.552931289933592196e-01,5.473503842882923021e-01,6.649542215198602779e-01,4.134696711882422937e-01,8.087678761010809181e-01,2.564430309201247704e-01,5.367007535145883468e-01,2.208427998211923704e-01,6.294184179464850093e-01,4.121169275223779405e-01,2.654760965310687393e-01,5.669735663661840119e-01,5.710460599102999968e-01,3.903955282859236653e-01,5.647956336441204428e-01,2.634795686906550860e-01,5.356912287240579440e-01,9.156836916154444950e-01,9.012383724754325920e-01,9.863178010091975256e-01,7.083561422078556991e-01,5.647479637734970082e-01,4.612852288491270381e-01,1.725654432976754804e-01,5.185631713342155891e-01,3.922830032178141746e-01,6.257400297701797287e-01,2.570068152206937961e-01,7.937996314395795450e-01,8.605048809118338859e-02,5.115275177387001992e-02,9.588956256123675193e-01,5.422159154076453547e-01,3.897860476422918552e-01,7.286081438364211404e-01
9.458579148075685339e-01,7.760140831541568751e-01,7.508356180059764240e-01,6.789381870992498014e-01,2.871346769961188872e-01,7.758975254728539550e-01,0.000000000000000000e+00,2.571512422581787582e-01,6.655732281046036203e-01,7.929102275148545154e-01,5.510061909360148835e-01,3.531723131080118927e-01,7.894686578358476314e-01,-4.563246662235487250e-02,7.767693231856109826e-01,5.935031287474605843e-01,7.576212478763492131e-01,5.669908771818366056e-01,6.724770574122151956e-01,6.107614969556263151e-01,8.811463208605052611e-01,4.243222880689175858e-01,3.589041039494828000e-01,8.307568145722282749e-01,7.091449249673447142e-01,3.046442366160223569e-01,5.324253747701421791e-01,2.499521066178182760e-01,4.973882535268114857e-01,5.629772331289946141e-01,7.129180277375167796e-01,7.493708150180284910e-01,6.473199019977553537e-01,7.509685040366869124e-01,7.734052492118116406e-01,2.850892691322676198e-01,-1.122247508955422912e-01,4.128136352028363154e-01,8.987098755413410744e-01,2.451209230848845622e-01,3.359052731247617052e-01,5.964949793103333509e-01,7.621194919312656024e-01,6.196726385121867908e-01,9.576278357378554817e-01,2.142640700983144963e-02,2.483094126383132982e-01,3.376778810634138012e-02,6.444749853003675089e-01,5.698375343270355442e-01,3.237265287708043227e-01,6.943234014232375628e-01,4.313545552136343608e-01,4.283423064592857821e-01,8.112079065108621645e-01,5.199603529174638972e-01,7.484958676289171775e-01,7.684919805733104736e-01,6.192554934775915676e-01,1.885173119882300741e-01,5.255257553213363853e-01,5.029145178603767752e-01,7.991571801147127063e-01,6.644529663368594630e-01,8.906516154073486069e-01,2.348232877302870170e-01,8.537625764205475365e-02,4.007999330048872544e-01,2.646120575733471592e-01,4.920831334070123186e-01,2.176545933392463883e-01,4.873410588358192408e-01,3.259756603219090554e-01,5.485298890255020376e-01,6.362767311915441537e-01,5.887957652575064316e-01,3.113243469388197182e-01,4.258028706746159742e-01,7.219222125207661045e-02,3.227603878739654930e-01,2.534835235851627955e-01,9.232303494957672108e-01,2.869119368828315086e-01,4.979056865014458433e-01,4.150697860496330854e-02
2.293906225672383004e-01,1.199427865294820511e-01,7.164082232518891313e-01,5.498163199485812669e-01,6.547965962076072177e-01,5.400636244331917801e-01,2.571512422581787582e-01,0.000000000000000000e+00,5.924355110852252970e-01,5.109588304269612191e-01,7.041895307121273095e-01,4.414359810401217721e-01,4.042056005027003796e-01,7.418030657775369630e-01,-7.177060393912457203e-02,3.396195314935375742e-01,4.903258452201946782e-01,1.388171524043128879e-01,3.985739214663587271e-01,9.805612457876645705e-01,9.430892101161160168e-01,5.743537223179904228e-01,8.972429089294279292e-01,7.862171451635854291e-01,5.851173032838852262e-01,3.723873098884931676e-01,6.753905311305380410e-01,2.972276003835852554e-01,-1.989705969317647205e-01,-1.098360439482049811e-01,5.545796231751817240e-01,2.540670525037480032e-01,6.104998302611535088e-01,4.423912792426263896e-01,5.390048374784909280e-01,5.265902208798096673e-01,3.390636492308631705e-02,3.371614078610956078e-01,4.813970049939865214e-01,3.860138907023825672e-01,7.487947035631856707e-01,4.879191982106960146e-01,6.417233931567430938e-01,7.517614075417332620e-01,6.992443113199376947e-01,4.420039178372150435e-01,5.423681364994303866e-01,7.390324331840218974e-01,8.137772908324852894e-01,5.809710054947306856e-01,2.164297387806989603e-01,7.040467992890298010e-01,6.140311909690104875e-01,3.596352888173496298e-01,6.015955009814833998e-01,2.080498713514851716e-01,5.556015254306611029e-01,5.854514761349598473e-01,6.490084312275097300e-01,7.941521896383644252e-01,4.746753240929619255e-01,7.863650773503533253e-01,4.433472374217529155e-01,8.670535005297890230e-01,5.187691353989669629e-01,2.861186139316639898e-01,9.028771612720534190e-01,5.701019504880380229e-01,9.486589186976658317e-01,6.402626285962037533e-01,2.388152458317663873e-01,4.882071802566098628e-01,4.522679489316843160e-01,1.823110920516290978e-01,3.784395295966694883e-01,4.739256318417500724e-01,7.984433577807867888e-01,7.297611671378789744e-01,1.613911279478149885e-01,4.970950599848321660e-01,4.994038651366269899e-01,4.966023270683393998e-01,7.410976929716082129e-01,7.399898754737670170e-02,5.418625378451672470e-01
8.813285153899932389e-01,4.694471814998054660e-01,8.502626424193695520e-01,4.239060453572705001e-01,7.543793331974314453e-01,5.712729825016311658e-01,6.655732281046036203e-01,5.924355110852252970e-01,0.000000000000000000e+00,5.865747976989580392e-01,7.171314957852350513e-01,3.924384606126559705e-01,4.081804030023761243e-01,6.270312963849621335e-01,7.616361004387703915e-01,6.537899047094423155e-01,8.427573366527303378e-01,8.907607575138861700e-01,4.456764111696723818e-01,8.548497234301031256e-01,7.313967906270090191e-01,1.847059639697072875e-01,7.104364715385381723e-01,5.961257231501267961e-01,8.593200514251937427e-01,5.547241801235647252e-01,6.289367748727859864e-01,9.142254853992181074e-01,4.493678019728452044e-01,3.487912880462222809e-01,7.595560757208857927e-01,4.790071562605549005e-01,5.803784411594962167e-01,3.236351608330778062e-01,5.568134884068293156e-01,3.762423396130405995e-01,1.409970232904755039e-01,6.431815968911414050e-01,7.144293506904155766e-01,9.076026476276991550e-01,8.261273729946548572e-02,3.716506261488733420e-01,6.272061926006746724e-01,5.903547865824920748e-01,9.615563742296709959e-01,9.407401872550391619e-01,2.764850925779209767e-01,6.050460745990183797e-01,3.401823702889670287e-01,4.761063910902327279e-01,4.364094546081156434e-01,5.597143619082245447e-01,7.085342493541393338e-01,6.964477917000208018e-01,6.375387683513122905e-01,3.761879817471684984e-01,7.214952032584734942e-01,8.342538761591369312e-01,9.633804003310064701e-01,6.852073723480853751e-01,2.024086214421758345e-01,7.010426232791772128e-01,4.505881557508684132e-02,6.295401800620124000e-01,7.158148641594831441e-01,4.812370467018371456e-01,5.945194156454480794e-01,6.941209602761637676e-01,6.389647275291601147e-01,6.031486558113827723e-01,6.106646738455838719e-01,7.862575951499078952e-01,5.052772878703536419e-01,4.045006172518349485e-01,5.002216262382763734e-01,5.612090106088282182e-01,6.481729913209439697e-01,2.242991329185405891e-01,4.775662936604994080e-01,4.467140792452209408e-01,5.873665908703197269e-01,6.937913098977199766e-01,7.401132712402298530e-01,5.488343622983453685e-01,6.851149991507816672e-01
7.140190175234214509e-01,6.517357372101449942e-01,7.388278643984412530e-02,7.163072475048342103e-01,7.038661016263588754e-01,6.734809187080265103e-01,7.929102275148545154e-01,5.109588304269612191e-01,5.865747976989580392e-01,0.000000000000000000e+00,9.146150746478263205e-01,7.929192743408652877e-01,9.169573001435319393e-01,8.062525962925379819e-01,7.507450006570943746e-01,9.254185062053760236e-01,4.994448201651166541e-01,6.003096354917818456e-01,7.498621647677840008e-01,6.768845172768308549e-01,9.784620664217962283e-01,6.035513930599927246e-01,7.149552179005986829e-01,5.242094763303478677e-01,7.341327006933435761e-01,6.270407107898319232e-01,8.537138113220977820e-01,7.468432006168849169e-01,8.033581816123346320e-01,3.933485476726952257e-01,5.405646469150439115e-01,5.383535137648574054e-01,6.690631231663070055e-01,7.644824074636313860e-01,5.755150078320321327e-01,1.645975922792764223e-01,3.358179299057144629e-01,6.832369128058128904e-01,6.859646992829471213e-01,4.516654976147865819e-01,3.547702854433513187e-01,4.052689677053358253e-01,9.998023076273382381e-01,6.258315478537310739e-01,7.937210955211440044e-01,7.268790392546453649e-01,8.382456061582985729e-01,8.188652508900861049e-01,-1.372793405586381077e-01,6.194879973867851719e-01,5.771290151079012665e-01,4.833109544868827712e-01,8.374244773420383980e-01,7.265183788182334457e-01,7.886445959965319163e-01,1.670975058948988290e-01,8.984903728850379689e-02,1.550356143435007161e-01,8.823219019233095040e-01,4.349272190939837412e-01,2.895908236538333180e-01,7.292831536654823532e-01,5.185431431924059087e-01,7.274542780079356064e-01,8.782871439438021399e-01,7.749191886066153501e-04,7.683965558861838296e-01,9.329800678549333703e-01,7.853987282013179527e-01,7.939376862849986116e-01,8.323393612179139645e-01,4.739998380474388373e-01,6.288090700955439871e-02,4.920942501623534193e-01,7.168258811842743716e-01,3.351982790553363900e-01,6.205880264363347054e-01,6.410547734468231562e-01,5.340431042394199190e-01,4.715354032111191418e-01,7.931170989072970912e-01,9.503079091920535459e-01,4.274994741511605190e-01,7.805726678529628648e-01,6.359095364784919102e-01
1.792628986031837568e-01,4.663213955312831005e-02,8.592157448759762950e-01,9.970014614283452259e-01,2.542582252616766847e-01,5.561986873427585687e-01,5.510061909360148835e-01,7.041895307121273095e-01,7.171314957852350513e-01,9.146150746478263205e-01,0.000000000000000000e+00,3.876865196027675653e-01,7.484374547331471561e-01,8.542827903417535840e-01,6.332078069862854264e-01,6.586175339060825751e-01,-1.299131911231356518e-01,4.055806297261055904e-01,9.942298531993855049e-01,7.467589219643163689e-01,3.798971442187176750e-01,6.008916374635769886e-01,6.487196615253180143e-01,5.604554937828181149e-01,7.555862998002381703e-01,9.006016702375858607e-01,9.784021061813874542e-01,9.767622390329762094e-01,7.621289788436033108e-01,5.673121838027852526e-01,-1.465743039378962220e-01,2.314126954343275477e-01,6.263916215060412185e-01,5.020156593206349660e-01,-2.645598750636984908e-02,2.382992394978513118e-01,8.528974668895845934e-02,6.067704678040867217e-01,8.212478666208922196e-01,3.261809824032716465e-01,5.316677326153048666e-01,4.401312671089647188e-01,7.814102073519183511e-01,6.234130533031744248e-01,7.809663521792492569e-01,5.844441385917609200e-01,8.742996670437808149e-01,7.516052808873761037e-01,6.071266898275688995e-01,1.019907541632248532e-01,6.208417268022127233e-01,8.437510849154445935e-01,6.809640045522837859e-01,7.160507685925984189e-01,7.874083375851980149e-01,9.650635700513690018e-01,4.582981197360399550e-01,7.660403466771975589e-01,7.136175044063731709e-01,7.017594280672992957e-01,7.028839829340729484e-01,2.189424439706543490e-01,5.094264010415521238e-01,7.390305796349785350e-01,4.642980407415293609e-01,9.354529295081076556e-01,4.630234027431068822e-01,7.740149802825446734e-01,5.944979458001179440e-01,5.749944595923530688e-01,6.938099953756931004e-01,2.577253820705422971e-01,5.078214114634880261e-01,8.925653682560041879e-02,4.182348601742025829e-01,1.968707216352717781e-01,8.109974562188275726e-01,4.188449604402831317e-01,2.239306918344522168e-01,7.983395435483274793e-01,5.939401847697791670e-01,7.696743336710806238e-01,7.842030560568048481e-01,3.728989023270196101e-01,5.996291660114108080e-01
8.998172710711060951e-01,6.796277796792392634e-01,6.244174537008909676e-01,7.209397084086122121e-01,6.284730780265459504e-01,3.459684970668958082e-01,3.531723131080118927e-01,4.414359810401217721e-01,3.924384606126559705e-01,7.929192743408652877e-01,3.876865196027675653e-01,0.000000000000000000e+00,7.085326443941154517e-01,9.060875562129635519e-01,7.782415052642284170e-01,9.238282633235259667e-01,4.279760425625750431e-01,5.408503114071953055e-01,6.821421647514784858e-01,8.337643705429980123e-01,9.286544617167061810e-01,7.573028169930231535e-01,7.093996722025017743e-01,6.146136075943436916e-01,3.906476112195479411e-01,7.435066910035459387e-01,5.303830778371195764e-01,5.717471753919864952e-01,-2.113279214576876952e-02,3.420548159544913869e-01,2.783154821237319165e-01,3.272329593791100111e-01,7.721558710382645518e-01,4.839056225001699962e-01,8.300769842217722294e-01,7.554625059631254747e-01,2.631188893430941311e-01,7.749600960633487023e-01,8.576235344761097279e-01,8.695601665040005868e-01,5.239023218454441633e-01,9.399436881963365575e-01,9.469696028609745353e-01,4.523409672657822123e-01,3.354662672912024912e-01,4.302599362733499078e-01,5.118470886853851987e-01,6.154007676766186652e-01,-2.631113052961686627e-02,2.601432715750895408e-01,5.514667322556076057e-01,4.935481626879004713e-01,4.073781499843232012e-01,5.399757276839065590e-01,9.168084682454012979e-01,3.646297187378411131e-01,6.794058558536699710e-01,5.471687374657154823e-01,6.567234908723137421e-01,5.845195360252073424e-01,7.836927983633389383e-01,7.493053801071243303e-01,4.461460159457303898e-01,6.406791325326592901e-01,4.078886460566030769e-01,5.404932659058105937e-01,5.284762538727416636e-01,7.391907865400656474e-01,6.915715792946596219e-01,7.226139133610158805e-01,6.547041244844414853e-01,6.184413705753538659e-01,8.941234746185267382e-03,2.323535890019003125e-01,5.671809944273112913e-01,6.779706941807188691e-01,5.459931492620400117e-01,4.919474361312065058e-01,6.053339109312884103e-01,3.390493641057510527e-02,7.852915156045275902e-01,5.613323961473744017e-01,3.361207518579758524e-01,7.202149181276809031e-01,6.843189760861331239e-01
6.409034828472868206e-01,6.206835336257386926e-01,1.799201813227127855e-01,8.220258554810486729e-01,9.413695422188306239e-01,6.731604566666443690e-01,7.894686578358476314e-01,4.042056005027003796e-01,4.081804030023761243e-01,9.169573001435319393e-01,7.484374547331471561e-01,7.085326443941154517e-01,0.000000000000000000e+00,9.839417279076850820e-02,5.294429484008207343e-01,8.614663866550812399e-01,3.212494129399071086e-01,6.532619471904494990e-01,2.026988803489583602e-01,8.404984548460043836e-01,6.813168795419810575e-01,9.679617455917424174e-01,9.091337595061794730e-01,7.770233590906707732e-01,3.978011664677529868e-01,5.435783088715688827e-01,9.371675434816135741e-01,5.853802888332197973e-01,2.836524611402587714e-01,2.604697845389304933e-01,5.019487634972963352e-01,2.716306638286383746e-01,8.374201966887078186e-01,4.903045566281984957e-01,7.568417412728745131e-01,2.679455755097049363e-01,3.670207030623393041e-01,5.172102395515426609e-01,7.981019227647827563e-01,2.071997651913195723e-02,2.960432999105686025e-01,9.817027854042925661e-01,7.423872880952182562e-01,7.941653263143531039e-01,9.928529653820137302e-01,4.149766418845873273e-01,2.838183762903157548e-01,2.867984068634070738e-01,6.923672258371218469e-01,7.597597918615107693e-01,6.596222436016169199e-01,7.502144170287614600e-01,5.233376791476839207e-01,8.158814046319039504e-01,5.757627324933484170e-01,4.184589505779737761e-01,6.562350063983037884e-01,7.232446552079353497e-01,8.914508901455701073e-01,5.886729490829325506e-01,7.662845880906076212e-01,4.411121201773928191e-01,7.810279238485839937e-01,6.505545993283599060e-01,4.709596203681889470e-01,7.666322286831505073e-01,3.234103162930662134e-01,7.753034262680296163e-01,5.800450779426398196e-01,5.475967285709422150e-01,5.297965144429195306e-01,4.940676243476609386e-01,1.285445224565382460e-01,3.962189000660772120e-02,6.314641724500602571e-01,8.094438326920574411e-01,6.649942354370179665e-01,4.796197269199808377e-01,5.247509285193591166e-01,1.137051199484980790e-01,6.565301128266114450e-01,3.060670299910180914e-01,3.998999590362832257e-01,7.470614082171119774e-01,4.833405424080500778e-01
2.265192913935326069e-01,7.334653055895232754e-01,8.271250548502130373e-01,6.104088436477491664e-01,6.615901161155508525e-01,7.432202915910526286e-01,-4.563246662235487250e-02,7.418030657775369630e-01,6.270312963849621335e-01,8.062525962925379819e-01,8.542827903417535840e-01,9.060875562129635519e-01,9.839417279076850820e-02,0.000000000000000000e+00,2.001697295673997012e-01,4.744796024684090896e-01,7.840999856040892224e-01,4.395191738101676404e-01,7.223083590091428086e-01,6.378631381863674177e-01,9.721709501121053032e-01,4.869671961381817904e-01,4.340336989225863640e-01,6.072517653068210119e-01,-2.354180735928323998e-02,5.486475264667616258e-01,7.845921897085411656e-01,5.498595349398103238e-01,5.485807945567235944e-01,7.035251770662619419e-01,2.237718728752544350e-01,1.659512436604420119e-02,7.176157076222717812e-01,9.720372229284394150e-01,5.711397938134783470e-01,5.130610779002994226e-01,1.000582487458163798e-02,6.039375169951036737e-01,3.500261312068899677e-01,-4.454926289743088574e-03,2.699004189949836402e-02,7.644251977179905566e-01,8.037760797444991612e-01,8.805783239049435052e-01,8.702612188308789243e-01,8.931808966930278038e-01,8.565567057141756369e-01,7.222887332743253008e-01,7.157991277450643786e-01,4.110592710081083512e-01,2.564322071913354706e-01,9.688094985495205869e-01,8.124163315981789424e-01,8.823480851725734597e-01,8.632546342669964456e-01,5.300363685654009283e-01,7.582083562750701056e-01,6.567920349417408765e-01,8.004390940955615763e-01,4.485043354154363282e-01,3.158754998515784784e-01,7.020064065750185600e-01,9.021881441161287984e-01,9.932674933561674857e-01,7.289904168359001568e-01,9.262543017654736310e-01,6.844065547363096247e-01,8.435582611641279094e-01,5.715516137698558596e-01,9.466160926792547281e-01,9.761336012579486798e-01,8.902154178928870509e-01,6.541391299392738112e-01,7.201214875670253202e-01,5.459442302137734737e-01,8.643130577482798227e-01,5.254649161686280046e-01,6.292447686763011916e-01,2.915875010835626835e-01,1.295740076827157361e-01,5.258472418373385526e-01,8.872677008594174186e-01,7.946896426897485100e-01,1.864842663114446852e-01,5.539508537869947125e-01
3.446134131785389410e-01,7.114740938166904671e-01,6.771100837762314972e-01,6.631052915796828984e-01,3.344727952986323860e-01,4.996667994697518989e-01,7.767693231856109826e-01,-7.177060393912457203e-02,7.616361004387703915e-01,7.507450006570943746e-01,6.332078069862854264e-01,7.782415052642284170e-01,5.294429484008207343e-01,2.001697295673997012e-01,0.000000000000000000e+00,4.669492666989528695e-01,8.856833770928532745e-01,1.231430975625786850e-01,5.404485848783722179e-01,6.211781240999394438e-01,7.887373021243324622e-01,9.461636283362615529e-01,4.795813958610214423e-01,9.047777573417328245e-01,4.458660853355261855e-01,7.989999626401405042e-01,8.042157218273258135e-01,7.425284822118376482e-01,5.123381628975463148e-02,3.879170488436055053e-01,1.273518566332713098e-01,2.522703148994871469e-01,6.417179658699647682e-01,1.788916591541410139e-01,2.828482386325318898e-01,2.912474273480921139e-01,-9.522691503275453051e-02,4.473389249008666302e-01,4.845087932578950873e-01,9.228375201474756651e-01,7.813186718365257022e-01,7.317404221497288974e-01,8.057439070455295616e-01,6.322603009275248320e-01,6.697954395158068897e-01,7.948318433410450634e-01,4.914804840985890211e-01,7.791341781222933527e-01,7.935091375404109693e-01,4.391872818597347128e-01,2.399304677861191781e-01,4.037043630896160473e-01,5.095974128961926475e-01,7.170915245583295849e-01,6.283040528197281205e-01,3.426028117757634606e-01,2.834181876693815383e-01,2.905919666760959919e-01,6.797955747326499543e-01,6.224143858063053703e-01,2.055543573387081935e-01,6.118954362775019806e-01,6.876999100966756373e-01,8.075978646300477903e-01,6.482787625616314164e-01,5.127871662834100341e-01,4.047628802344410137e-01,5.115380504798952011e-01,5.700477694319339150e-01,4.238978534110355856e-01,7.533552693002718570e-01,3.213417025148524453e-01,3.476869042811992494e-01,5.531956427766263618e-01,8.238861329563901270e-01,8.827401498777680544e-01,7.154669608911062850e-01,2.515829486363815315e-01,4.631090171715557258e-01,3.791841729086403712e-01,-9.147955138423362331e-02,5.378156778105863678e-01,7.571969698449261266e-01,4.168424645338597023e-01,4.846864272404486362e-01
6.285953035178819537e-01,2.230810069698918041e-01,5.735237713918421854e-01,9.081617620010707936e-01,2.708072432343287123e-02,6.382465079769007454e-01,5.935031287474605843e-01,3.396195314935375742e-01,6.537899047094423155e-01,9.254185062053760236e-01,6.586175339060825751e-01,9.238282633235259667e-01,8.614663866550812399e-01,4.744796024684090896e-01,4.669492666989528695e-01,0.000000000000000000e+00,9.531861615554021450e-01,7.182451971815120295e-01,5.832313502318967613e-01,5.442983142894013415e-01,9.699404088274241609e-01,5.178044975630029523e-01,4.324766077598993230e-01,8.337840573602478544e-01,5.068130116248975581e-01,5.023139346441725106e-01,8.964053701764782556e-01,8.265583243351513065e-01,3.181948412602415011e-01,2.581859337859533365e-01,9.766493368104747774e-02,6.323083795955071196e-01,-1.795594452653374029e-01,4.531862034571796372e-01,2.974754759198811049e-01,6.275240659734748760e-01,3.100148850141502543e-01,5.434817731419665510e-01,6.141750822526942377e-01,6.323501071616435265e-01,2.086323083096019160e-01,7.753262399851228448e-01,9.989443927652843502e-01,6.239218635806429436e-01,5.652671388121361939e-01,3.472759218924644786e-01,5.218175266956459613e-01,3.363998757966031317e-01,4.453987621462967561e-01,4.355823850123149987e-01,5.184686008253133194e-01,9.009059711800327941e-01,7.766645376377390164e-01,4.766856338028708784e-01,4.880517902375479666e-01,6.733314745632947851e-01,6.280988626263214192e-01,6.948385409210288133e-01,8.771632216628173495e-01,5.420621463648179761e-01,3.395381829854676042e-02,7.808939079174532782e-01,6.284825392545145828e-01,9.687588338756035755e-01,7.104405392421841992e-01,2.520382107598231544e-02,6.648079231125566535e-01,6.937097736433711637e-01,2.800744233985159592e-01,7.467790614777958247e-01,6.784601401428844714e-01,6.019097726665730841e-01,2.741855061043928510e-01,7.898827129840488848e-01,1.689915909298849717e-01,8.871308751275465143e-01,8.905153621449198864e-01,5.820693933240317364e-01,6.109665756968842842e-01,3.655489046730093228e-01,7.121580399565917707e-01,6.196906209012820188e-01,6.496467624503613481e-01,4.021016588374550227e-01,2.347449262138606718e-01
7.122430276736591015e-01,4.452893294917085187e-01,4.187341179865712304e-01,8.236918475005915452e-01,6.117591171522795968e-01,5.340043868006851824e-01,7.576212478763492131e-01,4.903258452201946782e-01,8.427573366527303378e-01,4.994448201651166541e-01,-1.299131911231356518e-01,4.279760425625750431e-01,3.212494129399071086e-01,7.840999856040892224e-01,8.856833770928532745e-01,9.531861615554021450e-01,0.000000000000000000e+00,7.524347260773340818e-01,3.823417429616884355e-01,7.589024231315745217e-01,9.380920436546297259e-01,8.564992017473587183e-01,8.192199403617861364e-01,2.257804139090442974e-01,2.097420154731717556e-01,5.913339180532610762e-01,6.811746154108551110e-01,4.830708532760725205e-01,1.805184365453938178e-01,3.912689719558085644e-01,5.757204573532237468e-01,9.263297359343050097e-01,6.800173878162798502e-01,9.419178591336062611e-01,7.196387796632877087e-01,5.647773440039971504e-01,4.455357076779841718e-01,5.330568444625878310e-01,6.970125937001111494e-01,4.371132909422553725e-01,8.430848919295443888e-01,4.664786143353583103e-01,9.060029372609611498e-01,5.569337229910283904e-01,7.968515939168370199e-01,6.430438152192891055e-01,6.645614739297942553e-01,8.965121077758598789e-01,4.731296500956787554e-01,9.274326461334578831e-01,7.589445445357156927e-01,7.463621262758042274e-01,4.357260871095922083e-01,6.321584548144565385e-01,4.096806029529063697e-01,1.376266361950248263e-01,5.318649182428176747e-01,8.659352101018160663e-01,1.003846437781768519e-01,7.984653924396454272e-01,2.841554020737396824e-01,6.742664517485139619e-01,8.249109315119260710e-01,7.913886839902446457e-01,8.488452569763622613e-01,9.883662163985684757e-01,7.610427507789937485e-01,5.472207041508612146e-01,5.951259080875788143e-01,5.764627204126114846e-01,9.732104912849823819e-01,6.495651638041086695e-01,2.377506978382092628e-01,-1.382011901282846345e-01,8.313494614248916337e-01,7.063805808748505610e-01,7.000524867852968569e-01,8.312384274013761010e-01,4.012042122818298973e-01,3.236430322616525856e-01,6.771527209792922442e-01,9.280121559611339555e-01,5.443127003645678030e-01,7.846156311397528560e-01,3.147378000847586565e-01
4.964852543778912608e-01,2.524610892215388147e-01,7.723405311819230290e-01,6.008712111194941530e-01,7.245687295077209988e-01,6.539732412271738182e-01,5.669908771818366056e-01,1.388171524043128879e-01,8.907607575138861700e-01,6.003096354917818456e-01,4.055806297261055904e-01,5.408503114071953055e-01,6.532619471904494990e-01,4.395191738101676404e-01,1.231430975625786850e-01,7.182451971815120295e-01,7.524347260773340818e-01,0.000000000000000000e+00,6.013169432076029830e-01,6.099480889781617732e-01,6.234324578775931602e-01,4.981762025463651322e-01,5.218123786526638330e-01,8.684554066345812062e-01,2.874996672843077583e-01,4.549172361175418122e-01,4.686330781677086610e-01,6.588604768466034267e-01,5.986634456644944757e-01,4.519428697942873274e-02,1.082926122051970641e-01,5.376239810576367573e-01,6.784583158359061006e-01,2.842621742732336365e-01,7.275547197791853993e-01,6.301395071668502990e-01,3.243496964365155666e-01,3.102500328486518244e-01,4.085426820233791223e-01,8.012554336083520523e-01,6.142152261180977568e-01,2.138823267629719749e-01,6.071779698455657126e-01,7.696465596557748867e-01,8.100092320138728708e-01,5.432432481475565345e-01,6.652477705458538226e-01,6.453100189612437365e-01,4.136124400698341641e-01,6.622432813238690041e-01,7.645388545522578960e-01,5.665260069904521911e-01,5.517247469653734360e-01,3.137469975956537760e-01,5.201148839872955509e-01,7.775918268869208561e-01,3.803427882057298093e-01,2.378929926885700874e-01,9.536874751462592892e-01,1.354692840771210827e-01,5.497407211838709618e-01,7.066365222606656449e-01,2.837261779102758785e-01,7.235972458397529339e-01,7.882215225068809339e-01,3.400752363136444467e-01,4.887634917049510364e-02,5.303106016089350616e-01,4.028422070431791902e-01,6.701770013809317250e-01,6.395773202379912981e-01,3.770733107101402748e-01,2.853466654411947190e-02,2.088725084698448142e-01,5.944479321918425541e-01,9.331426926523165299e-01,3.357491990530172554e-01,4.187889748693371383e-01,4.329915349041648653e-01,4.508202154174098530e-01,3.376177913948765763e-01,6.963623376561378642e-01,6.878707229425290448e-01,5.407785177656558862e-01,4.138331446697575688e-01
