0.000000000000000000e+00,7.052031034015368016e-01,9.579343964919112553e-01,8.964244527090667880e-01,9.254520234263943212e-01,8.076601472574341800e-01,4.887341267169396652e-01,9.322384454394248010e-01,8.615283899215051555e-01,9.011558839859932224e-01,9.391864280210159288e-01,4.159471618535514059e-01,8.951673372272881402e-01,8.243771061094017361e-01,5.947711397165218461e-01,9.965985776940569085e-01,6.726703601728952764e-01,6.975610714514208777e-01,9.806677236429464095e-01,4.982030032361248195e-01,7.916210328229327242e-01,6.958433015341297656e-01,7.543035912153134293e-01,7.221490213885073395e-01,8.340497918366619468e-01,3.894655094156566078e-01,4.731095289885179495e-03,4.718956726543032665e-01,5.756256261028263044e-01,4.375503581737549830e-01,6.314218441467094323e-01,5.415162009082932215e-01,9.658912490489441893e-01,5.180086681422350070e-01,7.901035506403275566e-01,1.864896927516768166e-01,4.497974223485347589e-01,9.692710432225700723e-01,7.272138765028682839e-01,7.336836150005137114e-01,4.933946350213087584e-01,4.265998328022164721e-01,7.355543072391714787e-01,9.163307935967522910e-01,8.315546179032923257e-01,4.136519709382660004e-01,9.799629941230076913e-01,7.074798130399569951e-01,8.690052246104704725e-01,7.744443113957213409e-01,9.100549142445810702e-01,4.421653097546065503e-01,7.778224322357907283e-01,8.456714148569299816e-01,6.639343206937038389e-01,7.169428174260438213e-01,4.967570457709781784e-01,5.910155319799849094e-01,9.481530072511061835e-01,6.504184544514450828e-01,4.195719503863813982e-01,8.080676642907469454e-01,9.734060991579490674e-01,8.568884544966446359e-01,5.292012341017917620e-01,5.169640845617664571e-01,6.581031438618016871e-01,3.518366503982405802e-01,6.203026030930530732e-01,6.069919362524667239e-01,9.265417105226206873e-01,9.267905359534435172e-01,5.307518839535112498e-01,7.926223014003470901e-02,5.569568531638178221e-01,9.745536477861318492e-01,7.725704968942905815e-01,7.386357066455492282e-01,6.051290506123521151e-01,4.063825934037566534e-01,6.771885175214842345e-01,4.264305236356444873e-01,2.421052609646051068e-01,-1.838048660956202174e-01,5.549515092041207298e-01
7.052031034015368016e-01,0.000000000000000000e+00,9.025225363085033203e-01,5.660689574321913220e-01,4.992285287261727378e-01,8.471635555326950673e-01,7.021462376736246069e-01,7.069407696233285243e-01,2.420245999644247969e-01,7.314822293102440920e-01,6.119726937247687015e-01,8.254378740393428782e-01,1.670167163470560323e-01,6.576644586555195904e-01,3.488249055102226603e-01,7.263849141083231764e-01,7.775048301423256314e-01,8.087057406612948585e-01,3.598093441804767201e-01,6.405494813201421112e-01,8.768770084379921004e-01,3.399668485143138019e-01,8.038342938950391314e-01,8.618365024452644407e-01,5.602014089209459424e-01,8.783262833549265736e-01,9.406925755984195670e-01,6.759679350402327813e-01,7.223692593577930865e-02,6.047638424287642839e-02,1.329430942519898018e-01,4.877751049440905984e-01,6.784404833012673830e-01,7.480298094651155472e-01,6.543538772955108662e-01,1.931498754875206891e-01,1.173345608550208086e-01,2.944508090130307787e-01,8.764544619754165433e-01,5.228599852225456202e-01,-1.489040050089822931e-01,4.074438473701932906e-01,4.451391460234926933e-01,8.419226391891376782e-01,8.141323652640118924e-01,9.319477077885102156e-01,9.261105163105214366e-01,3.580847842025055572e-01,7.629570280842955521e-01,2.520680544441649684e-01,4.274299022887295685e-01,7.882800068715047903e-01,8.389996028977874110e-01,2.050721644319058179e-01,6.381064229033051038e-01,5.564527517460553518e-01,6.088235258181838860e-01,2.513738264908568776e-01,9.282405677644510744e-01,4.198956995524807945e-01,5.875355396833581434e-01,6.164236635771110917e-01,4.501820790028387975e-01,6.088707349537527680e-01,4.645795354174810932e-01,2.714263559269168846e-01,4.330366051934368965e-01,5.150870211045852631e-01,3.752175575230405902e-01,2.402352949789072212e-01,6.859121865768749160e-01,5.166364214551419920e-01,2.812086811162838318e-01,5.951307214813426061e-01,-1.110240432377052056e-02,3.027353089670392072e-01,8.213397146336081089e-01,7.360662494883223328e-01,7.149377360766573375e-01,2.758911926417376148e-01,8.408406363340958922e-01,5.478472779829302031e-01,3.546073686902765920e-01,4.727240693101867341e-01,4.748704220350773442e-01
9.579343964919112553e-01,9.025225363085033203e-01,0.000000000000000000e+00,9.511765737345236893e-01,7.742066084749958943e-01,4.225413822853382739e-01,8.314294289065254917e-01,7.618296087597076216e-01,8.732999972031244562e-01,4.177397833524900683e-01,3.775383689552385125e-01,6.608123699686700991e-01,9.567594985809753094e-01,8.207588641327283607e-01,9.888451777172970747e-01,4.305531715972473195e-01,7.303504005085288409e-01,6.326952226933674206e-01,5.446497795070833758e-01,2.800253062678185190e-01,7.301791913115365240e-01,9.813893590043603066e-01,7.888089132388600433e-01,5.634235852008743217e-01,7.557277903372041639e-01,3.353773190687478478e-01,5.454743525334000420e-01,9.534869762282467409e-01,5.926227531549607130e-01,4.054350100572092774e-01,3.877158410286127843e-01,9.766791369635877684e-01,9.693434743933989628e-01,9.256112334501943595e-01,1.089821638505265311e-01,7.304838030849136743e-01,1.624561266523041891e-01,5.561129335475618607e-01,7.222630821638472698e-01,7.829438932452870148e-01,7.507448500143223402e-01,9.528127154160855872e-01,9.664163531362581772e-01,6.494527361138140442e-01,5.545241315893891798e-01,5.760156278780798056e-01,8.266820244307617749e-01,9.295631305650859932e-01,2.903525766616718573e-01,3.796442109209272608e-01,8.293209752911222532e-01,8.797282113553206440e-01,5.793383514619765418e-01,5.470317158900765975e-01,8.986012710974871087e-01,8.354908086968138026e-01,7.614671349340007556e-01,5.583582098322101839e-01,9.030795309065109411e-01,7.916224561189177944e-01,2.266238019728968045e-01,3.905616140018012272e-01,6.689234899771644427e-01,9.755180970147582231e-01,6.107177582904109725e-01,8.145646007896510943e-01,4.953860699270278833e-01,3.663377904035773902e-01,7.012904212617049327e-01,8.925449689732654068e-01,6.885625203947624007e-01,6.600635523786592129e-01,4.695170382302281675e-01,4.707613255405380115e-01,7.931193807168712695e-01,9.183451236466494416e-01,4.740030751566219891e-01,9.659193221711013244e-01,4.138704067550983412e-01,-1.795689680244001440e-01,6.866914058592742398e-01,3.267600381678334998e-01,6.435794104278151906e-01,2.298486872636830713e-01,7.279167461658989646e-01
8.964244527090667880e-01,5.660689574321913220e-01,9.511765737345236893e-01,0.000000000000000000e+00,7.705106244096473489e-01,7.614272921094176194e-01,7.109575008611301872e-01,5.764192422081615419e-01,4.936015344643547853e-01,3.705575462372404649e-01,8.161889483340599716e-01,6.932823070354725559e-01,7.262660098246793705e-01,6.783456890041597021e-01,6.904827907875105142e-01,8.010690189878973966e-01,4.465246748879825867e-01,7.900514774989020328e-01,5.782614414948211712e-01,6.618882788165930675e-01,9.725075104194563780e-01,5.208876998105277378e-01,6.438678292290714866e-01,5.023104175541911465e-01,9.504854732884822077e-01,1.372405634925844831e-01,5.619672035242921915e-01,7.487966029584318672e-01,3.157382479795881602e-01,2.491646465536803412e-01,-1.889620827737030218e-01,3.860850035746064141e-02,4.119557107980073019e-01,9.314860325152537479e-01,8.449722701665554059e-01,5.484215091958469790e-01,2.984929952522111796e-01,1.173517504017129731e-01,9.673384162486899918e-01,4.308325059524890088e-01,7.798093457019346086e-01,6.520305148189045052e-01,9.425124249386682695e-01,5.247636573082707923e-01,8.593167855326548921e-01,8.668449596388135836e-01,8.225934705175028672e-01,7.359503641669613572e-01,4.836780146740116693e-01,7.049008409423779264e-01,6.880053322381644021e-01,5.173476964148160384e-01,5.500859606460345441e-01,7.729589915524811561e-01,6.142282255583326744e-01,7.688534693415497445e-01,6.255794887155755601e-01,9.656834761610953999e-01,5.404779762255718101e-01,9.765777807716549686e-02,4.803152912692882359e-01,3.855002443355064479e-01,5.542668627259532688e-01,5.883765635045383746e-01,5.415947197745860642e-01,7.493746433254493411e-01,8.464846051427989959e-01,9.270566509062850846e-01,5.327577991031156035e-01,5.649656422104296638e-01,5.547709568135541502e-01,4.504667107895752864e-01,3.593774496423565029e-02,2.758066256014719553e-01,1.264580802049333243e-02,4.604491595700774265e-01,7.144273264371863164e-01,4.359863317158922391e-01,4.505454821748933747e-01,2.720517948798115149e-01,6.979010337996360835e-01,9.107487205630552252e-01,7.678267803994788254e-01,4.078340419545043449e-01,2.166295190992712505e-01
9.254520234263943212e-01,4.992285287261727378e-01,7.742066084749958943e-01,7.705106244096473489e-01,0.000000000000000000e+00,4.863169502027308022e-01,5.991007550717197816e-01,5.628472150577994437e-01,4.200711576431663263e-01,4.376705654685845714e-01,4.461964189232661693e-01,9.902822864821625437e-01,9.594410077800190617e-01,4.739827896040850752e-01,6.686206674234057568e-01,7.510251477701119782e-01,8.086609063920989771e-01,5.263250116725420868e-01,5.681289441834559417e-01,9.924789939611571299e-01,7.582907241159604350e-01,7.378785961967615492e-01,8.499213218356582722e-01,5.268474883915756912e-01,6.447254644914002242e-01,6.196420444249146620e-01,5.043740536972196598e-01,7.281133531954561144e-01,3.690396060471428097e-01,3.411261450840009091e-01,7.467158023997079175e-01,2.557595722033997876e-01,2.906367100078104948e-01,6.955463369687349129e-01,5.855530816065616095e-01,3.967464871256728420e-01,4.941521190282046616e-01,4.943684569847139332e-01,8.844244439970231353e-01,9.661344967589858834e-01,6.200685850418024003e-01,7.757645893372037138e-01,9.106135707677460722e-01,9.249049901178999500e-01,1.724781431048965641e-01,6.606788814471543647e-01,9.675110024552587840e-01,9.813167303752393655e-01,2.467481340302260517e-01,2.480781397237630803e-01,2.696133264437534649e-01,7.470471624140240241e-01,-7.046899801696202004e-02,6.339348104828103070e-01,2.806184228789435631e-01,9.552685878041510259e-01,7.643419638431911967e-01,5.764170255271986454e-01,8.272703322523949909e-01,3.102075024369176925e-01,2.787308774140643819e-01,7.254942326500134486e-01,4.297841033307711056e-01,9.750075651547214228e-01,3.035267923457246053e-01,9.171993881669189275e-01,2.980922368586312321e-01,7.378425418940806058e-01,6.730326999641742525e-01,6.933335799223363516e-01,4.130038490081990865e-01,5.772291163408754811e-01,6.162818350391173761e-01,2.582556694514090978e-01,5.796540465479091964e-01,6.132147660259421595e-01,4.007502835229083127e-01,5.488201965153955975e-01,6.716993883358193251e-01,9.715522645223717557e-02,1.337629958625212445e-01,6.066975369408126317e-01,6.811395068412369191e-01,5.935115786037881147e-01,4.363885093278514482e-01
8.076601472574341800e-01,8.471635555326950673e-01,4.225413822853382739e-01,7.614272921094176194e-01,4.863169502027308022e-01,0.000000000000000000e+00,9.194191220657922381e-01,4.205688139445481477e-01,3.671842271939067537e-01,4.748369826394032711e-01,6.607850491421944916e-01,9.992727220178889702e-01,2.736060601891833199e-01,6.359865886674751501e-01,-1.327731739720238724e-01,5.419864221016145178e-01,4.916291427342023845e-01,6.972186150352839284e-01,9.796036985556222376e-01,6.270710380718386157e-01,5.032898143266518742e-01,5.189358042680176641e-01,7.723371824991361878e-01,8.217315686268295005e-01,1.638902731829832982e-01,7.058925862696344700e-01,4.758956791333339709e-01,7.765659950668912792e-01,4.596641165803625473e-01,3.703106414529089285e-01,-6.476929897863739627e-02,7.614376883185139944e-01,7.109474228288487074e-01,3.378956247771045668e-02,7.841224673567568360e-01,2.828727979990116603e-01,1.282285602282209058e-01,5.448935581278917528e-01,7.216862733641628003e-01,8.703424193562344646e-01,7.866366967969700141e-01,3.898968911317787223e-01,7.781389747707085913e-01,1.682432133790363049e-01,6.789880061744785200e-01,5.193085889683699552e-01,7.474907304551059450e-01,6.208185631645162239e-01,4.035259766912858113e-03,2.082463860257587895e-01,2.754852065441713571e-01,2.517123821218992252e-01,9.485537671343575727e-01,6.917647308625509694e-01,8.757041343476701378e-01,9.168864004635671749e-01,5.389481083039933118e-01,9.340037953992579300e-01,8.809494551866936529e-01,1.670584779332087710e-01,7.883980887347465938e-01,4.780358932018571316e-01,7.294647254871142739e-01,9.965633847699586489e-01,9.651910223116995091e-01,8.816747731055569748e-01,6.787447667249710825e-01,4.594676870203169838e-01,4.184132260399752168e-01,7.795486532779142275e-01,7.220483166964906108e-01,6.773906942743048720e-01,2.827966896658266061e-01,3.409440561697141270e-01,5.136004212326160667e-01,7.622137406323196140e-01,5.073375916779632178e-01,7.713105458032202266e-01,4.525939436492983914e-01,5.679518592918565423e-01,5.555659926801133075e-01,7.452030364067810941e-01,6.494930029916691216e-01,8.779745958916492787e-01,7.705844195021467335e-01
4.887341267169396652e-01,7.021462376736246069e-01,8.314294289065254917e-01,7.109575008611301872e-01,5.991007550717197816e-01,9.194191220657922381e-01,0.000000000000000000e+00,4.582758513636834841e-01,5.222664390911672117e-01,6.132762452298007316e-01,4.205601326365498438e-01,-2.852540997395914824e-01,2.025802633554439625e-01,8.730653932827953101e-02,4.047847841135706615e-01,2.831648446009785713e-01,8.920786843790277088e-01,4.587843568888373968e-01,3.338834445343122903e-01,9.300354710357552346e-01,6.850739171532282956e-01,4.442965105244208179e-01,4.584853414641972269e-01,8.094569013794297163e-01,-3.563820654919764297e-01,7.876960063573348325e-01,6.197331324730402935e-01,4.262908369991006419e-01,2.390541244120157616e-01,6.128297442898564817e-01,3.769721283997236050e-01,6.187279976446693475e-01,4.476132165002202346e-01,4.012458333771990460e-01,4.261724744492433881e-01,4.851944104264633850e-01,3.609138058946168570e-01,2.947848253589169798e-01,9.378608932393532882e-01,7.079877285191221725e-01,2.092986002069394669e-01,5.487232219923035004e-01,4.901862161237362514e-01,3.831605151663270981e-01,9.461655431661122329e-01,5.201771417962576249e-01,2.096546236160116150e-01,7.414317289768649344e-01,7.718961913803458197e-01,5.418014442128999963e-01,-1.985605573659623702e-01,6.513015464717373249e-01,7.890774567767805392e-01,2.082641262907111990e-01,8.191374503680031172e-01,5.739833818628090611e-01,4.365420072590163736e-01,7.558027347850851951e-01,7.960366877642307548e-01,4.775904738376891001e-01,3.040789348759020960e-01,4.905057857222678286e-01,7.348767497811223848e-01,2.237568841979876988e-01,9.431039673879877405e-01,5.244502848066325829e-01,3.859782144456283537e-01,4.862809210983396468e-01,2.740032934261729669e-01,7.590144153806347438e-01,6.092599865498824485e-01,6.717927922107209682e-01,1.543345311578335766e-01,6.063138118578107472e-01,4.133940366719097703e-01,6.386572924563327369e-01,2.289324991404379506e-01,5.888644960263673678e-01,2.200597249601547734e-01,5.413890340916719390e-01,5.578200532395022337e-01,7.678054739474553525e-01,6.999853523202917982e-01,5.866332146894907007e-01,1.034558797894475357e-01
9.322384454394248010e-01,7.069407696233285243e-01,7.618296087597076216e-01,5.764192422081615419e-01,5.628472150577994437e-01,4.205688139445481477e-01,4.582758513636834841e-01,0.000000000000000000e+00,5.563060101164899462e-01,7.364869696382588815e-01,4.622145941082004827e-01,5.309708929586076653e-01,6.631809626865463603e-01,4.915639794369076609e-01,5.997316254653212164e-01,5.235152441597057393e-02,7.726147640360820912e-01,7.651998017644437988e-01,2.114083573480843581e-01,2.561487325821901195e-01,7.029261134615562012e-01,7.898604172509786636e-01,2.287884219336290825e-01,5.591539212640364021e-01,7.080188220207304095e-01,9.064318787662827004e-02,9.599770324418273049e-01,6.767489462832294578e-01,4.718953072039894225e-01,1.604717392691993871e-01,-8.389031117771980628e-02,5.691571118472992241e-01,5.067692412855479001e-01,4.031700541985826503e-01,3.944852853464972942e-01,7.825074791862750567e-01,4.048919532628033613e-01,4.008958477980246737e-01,3.409756174850369081e-01,3.372194781500074123e-01,5.364712917900146261e-01,6.251815133556405391e-01,9.399046372858679277e-01,1.285060270724216469e-01,7.291789969896101953e-01,2.595181248368264582e-01,2.010776745280476174e-01,3.232127166153637154e-01,3.617009808464751730e-01,4.983576293932736601e-01,2.036075965229697249e-01,4.880549017464501649e-01,9.136820496613548004e-01,9.574706166714801459e-01,8.254654498338936941e-01,8.525857121564134333e-01,6.259708975906336237e-01,4.934290467263755531e-01,7.126571205162935962e-01,3.846215889922331987e-01,6.064053611706026192e-01,4.837652746630121126e-01,9.896702951522902414e-02,7.576110578120263117e-01,6.709798888801558059e-01,6.531467833286686009e-01,3.915086526032063308e-01,9.925283249246689143e-01,6.744874252731307696e-01,3.565225312695957660e-01,8.099808297647481670e-01,1.286345212911155500e-01,5.609972763238196825e-01,5.297676612914121730e-01,2.235529476159671403e-01,4.200744978280378517e-01,-2.554770926816937737e-02,2.342962016455044372e-01,3.867626940634810717e-01,4.687388220247379333e-01,5.070814332835520410e-01,4.976999010675234314e-01,6.408492300857447921e-01,2.286389099638137801e-02,7.233060464866760686e-01
8.615283899215051555e-01,2.420245999644247969e-01,8.732999972031244562e-01,4.936015344643547853e-01,4.200711576431663263e-01,3.671842271939067537e-01,5.222664390911672117e-01,5.563060101164899462e-01,0.000000000000000000e+00,-1.775928570420146069e-01,6.907097661514975950e-01,7.178159565701930367e-01,6.796463760442941204e-01,9.351434935470824827e-01,6.141333919214668757e-01,6.597830828423674188e-01,4.966118323177510230e-01,9.582408603947062398e-01,4.839266240534462193e-01,7.076239423115625593e-01,5.922441179697448543e-01,1.611292249268043639e-02,4.346318289709154015e-01,6.759741549437087160e-01,7.669622549411581058e-01,7.231294572942129628e-01,7.462846850087992978e-01,5.027497177003809048e-01,4.500922711056331016e-01,2.627398652652489508e-01,5.652243380832632225e-01,7.222537526114267692e-01,7.479762486901596619e-01,6.824266129834133388e-01,6.518504272938813182e-01,3.204545823019560036e-01,2.239592848942918712e-01,2.018452373482546303e-01,2.375042300074128587e-01,8.138870981981273234e-01,4.189488350667400773e-01,6.375640530860635646e-01,9.493561622506638820e-01,6.793190661696886234e-01,9.274727363576122929e-01,8.880976235882170888e-01,4.981186990514764323e-01,4.974873189808932117e-01,4.863364200366360746e-01,6.533719037908587435e-01,7.395407952698150877e-01,7.810220920709700643e-01,7.034509470483724103e-01,7.690728645341495806e-01,6.092983746821910573e-01,8.781080971013690561e-01,2.400169537180924795e-01,7.565384126580813051e-01,8.491914970478917635e-01,4.790651765038204668e-01,2.723498412234880428e-01,8.998709867136913676e-01,7.968940838241456159e-01,6.934842185786930235e-01,8.515059969819638308e-01,1.841879800463330774e-01,7.862903147765180067e-01,6.654362638470654456e-01,6.745234327138556196e-01,6.868200307136420601e-01,7.669449905789650357e-01,3.270435209945421473e-01,6.830514960125220192e-01,1.198180132560642402e-02,3.123270471483139410e-01,5.250986602519560620e-01,9.356793398518580274e-01,7.675048475643577728e-01,-1.999408420442169987e-01,3.583950803427947140e-01,7.357089652041648442e-01,8.267167839152864683e-01,3.781570329972443467e-01,5.091504371682363805e-01,1.013418714992043168e-01
9.011558839859932224e-01,7.314822293102440920e-01,4.177397833524900683e-01,3.705575462372404649e-01,4.376705654685845714e-01,4.748369826394032711e-01,6.132762452298007316e-01,7.364869696382588815e-01,-1.775928570420146069e-01,0.000000000000000000e+00,7.231837087244191720e-01,5.992145141464098046e-01,6.260281868534904870e-01,5.695999961415085799e-01,4.742769687056569428e-01,4.451494385552962618e-01,9.470968494390017423e-01,7.956482224022860539e-01,7.094892865469070165e-01,7.555134878973159829e-01,8.504219788036307959e-01,7.771877676326033324e-01,5.955171330025493814e-01,8.193085349606586965e-01,3.587617582699176855e-01,2.379662388405227313e-01,7.905939008839086846e-01,3.468058139590796118e-01,5.006144456231871320e-01,7.768971069148037367e-01,1.714035975837836512e-01,7.369802070396886950e-01,7.326042281696564240e-01,6.122057449384878947e-01,4.734297948120465560e-01,5.979248505990202300e-01,3.291880163112047564e-01,7.555419152056044307e-01,9.841149134005994226e-01,6.542970350994659068e-01,5.272454515083486726e-01,4.747051616131776064e-01,7.429974261221879983e-01,8.314299770622819441e-01,8.427112178855548086e-01,2.555769642329150382e-01,7.757874503683186429e-01,6.222629773736665371e-01,5.680524679758141016e-01,4.199475472230561057e-01,7.289696319271309344e-01,7.061262494602634776e-01,6.236050558772557872e-01,3.796669025222577654e-01,7.532551714109791963e-01,7.814788477446230619e-01,4.068314800656278041e-01,3.416216450809219651e-01,4.260012851149624913e-01,4.020638133767047429e-02,5.184161663156990896e-01,6.957820732875737990e-01,7.448275107565341946e-01,6.461606966935530272e-01,6.925238445990089531e-01,9.257368615107027798e-01,7.557318163609492156e-01,8.201361633940329465e-01,8.681469406502435870e-02,7.614136871974733767e-01,8.205870322380726112e-01,4.636665584043529464e-01,5.341921016150719126e-01,7.942496709837283397e-01,7.526345802187917045e-01,4.866886480741410836e-01,7.995588810592579865e-01,2.064555646370047626e-02,3.461803356000585641e-01,5.270061129453815774e-01,7.856822939714214193e-02,8.596826245084645546e-01,4.664059662577926257e-01,4.425291635635117959e-01,7.818822910584578567e-01
9.391864280210159288e-01,6.119726937247687015e-01,3.775383689552385125e-01,8.161889483340599716e-01,4.461964189232661693e-01,6.607850491421944916e-01,4.205601326365498438e-01,4.622145941082004827e-01,6.907097661514975950e-01,7.231837087244191720e-01,0.000000000000000000e+00,3.380084925678698005e-01,4.811898931578243443e-01,7.399244069161414750e-01,7.030461813886045297e-01,8.679562041784887327e-01,6.544284536285019938e-01,7.262617149299464003e-01,9.558133574222399398e-01,6.313239330224246215e-01,9.861968762259776256e-01,2.536543442840744622e-01,5.323390776667636937e-01,8.572592360546504864e-01,4.673301958501496767e-01,3.917966341982432876e-01,6.225795347214688746e-01,6.382327521593751385e-01,3.304248187178209228e-01,6.867608749991738204e-01,5.107534312660245712e-01,4.014741707486425004e-01,7.924108063448476180e-01,8.068305425261271813e-01,6.650544578528350126e-01,2.386228033262209058e-01,-4.497377807231942026e-02,7.947618893825795228e-01,7.807369391763439026e-01,8.507796912142931989e-01,5.745862177495484335e-01,5.548506077164456762e-01,5.362118807459315128e-01,8.225087549167616752e-01,7.397921135118910030e-01,7.776081162810986047e-01,9.992960040579614844e-01,5.135266751781889516e-01,3.643683872495083742e-01,6.266819618641876755e-01,4.133645801880243553e-01,6.240202144193108813e-01,9.084834592690508304e-01,5.970148062842831616e-01,3.723406724869521289e-01,3.869277497395159360e-01,2.746436484225875385e-01,4.985250267447334238e-01,9.555470006501574076e-01,5.719637604221587956e-01,5.954598128734795992e-01,1.967411470271678564e-01,6.018440808179578161e-01,9.400958848483520480e-01,9.702335134979034326e-01,5.831609195320122119e-01,5.830806455349417661e-01,6.930997274179353518e-01,6.657706699682145457e-01,9.814841823649090857e-01,6.375620025561522519e-01,6.899438833022735196e-01,5.324510949409838600e-01,1.945683508520829053e-01,5.051909855038885233e-01,3.181128211201840195e-01,8.264121713366393562e-01,9.295692715998964406e-01,2.184378334523777443e-01,5.731989144868434582e-01,6.170732115491071035e-01,7.673880778656655410e-01,9.902663717040978142e-01,7.749813500540961853e-01,6.728865412408628899e-01
4.159471618535514059e-01,8.254378740393428782e-01,6.608123699686700991e-01,6.932823070354725559e-01,9.902822864821625437e-01,9.992727220178889702e-01,-2.852540997395914824e-01,5.309708929586076653e-01,7.178159565701930367e-01,5.992145141464098046e-01,3.380084925678698005e-01,0.000000000000000000e+00,7.694182800628555086e-01,8.332212690729386972e-01,8.219081882365506520e-01,7.614609887530261467e-01,6.839594007155007649e-01,7.239748140508464047e-01,7.770829476203541253e-01,4.428866301893886193e-01,4.794439487329228422e-01,6.130856093033666410e-01,9.533419699725941276e-01,9.707769070517728860e-01,6.716023161244620843e-01,6.509577297610861235e-01,7.601160016760141191e-01,2.917276345109943714e-01,5.382377424093716112e-01,2.295446743494457542e-01,2.608768794741034847e-01,4.956758446996679113e-01,6.851940546720147740e-01,1.020955298285632362e-01,2.567701620573829557e-01,8.098050049965438424e-02,-1.305613157780757261e-01,4.163498566229930642e-01,7.095921620287110043e-01,8.251927852852267709e-01,1.799697722979620718e-01,4.398037900268520484e-01,7.280754418517400017e-01,1.438010526297606451e-01,2.756029130426509641e-02,9.973309802833005833e-01,8.691321108543575980e-01,8.553201779864754162e-01,7.473130417683409021e-01,5.006026330762678445e-01,5.243838845577355467e-01,2.688260158239083042e-01,3.950786548533484765e-01,2.254963447423981582e-01,5.269766283226094000e-02,4.790603505885687730e-01,2.440518669164992993e-01,4.853663574411551940e-01,7.142276665622916410e-01,4.196852403475371807e-01,7.754849761568265443e-01,4.675202708150814068e-01,5.643451307294035102e-01,4.019878347532581664e-01,6.527200848434078218e-01,5.953797426868769893e-01,4.581538375721099787e-01,8.490947372543009575e-01,3.038935294290711076e-01,6.274476462801340526e-01,7.702962513001956335e-01,2.754497449475973303e-01,4.058806956808866939e-01,4.552716651553853633e-01,6.511981663006727317e-01,6.102254068561172584e-01,6.745322043761151631e-01,5.634697954891839666e-01,7.370316699294290341e-01,4.492368318858643295e-01,7.874789746283181735e-01,6.903487555673287757e-01,7.862472186603913782e-01,3.013135070785138425e-01,7.215780793093807821e-01
8.951673372272881402e-01,1.670167163470560323e-01,9.567594985809753094e-01,7.262660098246793705e-01,9.594410077800190617e-01,2.736060601891833199e-01,2.025802633554439625e-01,6.631809626865463603e-01,6.796463760442941204e-01,6.260281868534904870e-01,4.811898931578243443e-01,7.694182800628555086e-01,0.000000000000000000e+00,9.862571908377885110e-01,6.818298242296350065e-01,6.855730652273193115e-01,6.260627157357691042e-01,9.785077441968523804e-01,6.578240658036966781e-01,9.955066418393951899e-01,9.276916400339377811e-01,5.766093263924094714e-01,4.282430120555237307e-01,6.879381049822763661e-01,7.615261233480121739e-01,7.837215894246090109e-01,7.610653497888542063e-01,8.449202797746591109e-01,4.068242328447264633e-01,4.990997378146788677e-02,4.888976425188714114e-01,3.018743238173441368e-01,6.355460223837792189e-01,4.582918267281761993e-01,4.460167274282270666e-01,2.187062556275082004e-01,4.529965081264861193e-01,6.796664239092902182e-01,3.612393103913055237e-01,6.296647614018925365e-01,4.373205574265192075e-01,4.855558311088740142e-01,9.743076652943385429e-01,6.760001877807814141e-01,8.355094717097504287e-01,8.780298210686274807e-01,7.213140771406107987e-01,6.910071784677630502e-01,9.886855853578853104e-01,8.939413628524863764e-01,3.812437486516733753e-01,4.995583322043785079e-01,9.714082246466716475e-01,4.578141929180607472e-01,2.629509304895332258e-02,7.980934957137002517e-01,8.926352798538204070e-01,6.074587944824004770e-01,5.673325847132147937e-01,6.342392166239667617e-01,4.079778252457856302e-01,2.382014328113352675e-01,9.436466578644736591e-01,7.883982113795405811e-01,9.924277773425911331e-01,5.174102984567439112e-01,6.166251740556560890e-01,9.434535296370666346e-02,7.058534667865351553e-01,6.099514021700839228e-01,7.012442199711657054e-01,9.328898067869039190e-01,4.502684021347090892e-01,4.975608519792892870e-01,1.723772165186593930e-01,3.040442996305769419e-01,8.697656355331271349e-01,5.355155465921388469e-01,5.307314301117460609e-01,5.082978673897148303e-01,6.296989425580320487e-01,6.889396014978484972e-01,7.354126654968748955e-01,3.179479106303116920e-01,6.906842308555914967e-01
8.243771061094017361e-01,6.576644586555195904e-01,8.207588641327283607e-01,6.783456890041597021e-01,4.739827896040850752e-01,6.359865886674751501e-01,8.730653932827953101e-02,4.915639794369076609e-01,9.351434935470824827e-01,5.695999961415085799e-01,7.399244069161414750e-01,8.332212690729386972e-01,9.862571908377885110e-01,0.000000000000000000e+00,9.399439044844466462e-01,4.107922187282314619e-01,7.514220175556771686e-01,5.847680632534740797e-01,6.603725619296442195e-01,7.638218327253842865e-01,5.717519579828581611e-01,7.889259330982443252e-01,7.031262916507042826e-01,4.975702329293644199e-01,1.223118087873401594e-01,7.702725904763535469e-01,7.844934032740147334e-01,7.034980209721543032e-01,7.867337655543233943e-01,3.347950216560772740e-01,6.140106172194524925e-01,2.603272033674451369e-01,8.636816572593954966e-01,5.182530241852805197e-01,6.751376276634601936e-01,4.586294627288482473e-01,1.398948842512136581e-01,5.537559403880226716e-01,6.618030744772418483e-01,7.167961023421304256e-01,6.812173595246520108e-01,7.038004146293497243e-01,8.989801354782965825e-01,9.517139506495658763e-01,5.316934700788465973e-01,7.009258526917728771e-01,9.927781130636664786e-01,7.504302386901210431e-01,4.977152550822535604e-01,9.371694238254164588e-01,9.929827451724472231e-01,6.966643784881014767e-01,8.297848767296408523e-01,9.553486379079747515e-01,3.259218604542765130e-01,9.167753065442090232e-01,8.749008176676251747e-01,8.552505157849374928e-01,4.674714638017074542e-01,5.911655454443573987e-01,9.174234469219205712e-02,9.715042250618171060e-01,8.579467354495727838e-01,9.347556922805903001e-01,9.043742174298398107e-01,9.514510981594663797e-01,4.810568067405862069e-01,4.427379657443989980e-01,6.399464566679810007e-01,7.694320459323670258e-01,4.193126211224414979e-01,5.486837796096084574e-01,3.000509289650141742e-01,3.553215330609389433e-01,5.660355263421106287e-01,7.392608026812274025e-01,6.527571955689694949e-01,8.112776721107409772e-01,2.774986472480331368e-01,3.645322125660178658e-01,4.255696490110006946e-01,8.163743007876426150e-01,8.108237601798842231e-01,2.896942310130776188e-01,4.328454465467135859e-01
5.947711397165218461e-01,3.488249055102226603e-01,9.888451777172970747e-01,6.904827907875105142e-01,6.686206674234057568e-01,-1.327731739720238724e-01,4.047847841135706615e-01,5.997316254653212164e-01,6.141333919214668757e-01,4.742769687056569428e-01,7.030461813886045297e-01,8.219081882365506520e-01,6.818298242296350065e-01,9.399439044844466462e-01,0.000000000000000000e+00,1.962286481098376723e-01,6.431415912733371432e-01,5.396563585448915790e-01,3.210380775990627766e-01,6.136513982372949760e-01,8.257816944355396149e-01,4.964610027263280934e-01,2.099088325103141972e-01,9.670116690864126729e-01,5.740253013005377491e-01,2.270780406254495898e-01,6.238376899469412207e-01,2.927408594743173276e-01,5.806988132628074784e-01,7.683381710774602746e-01,-6.580949357986795589e-02,7.094792501466621326e-01,3.379960708303058059e-01,-8.202778929394884122e-02,5.737477347717083731e-01,4.698395956747347113e-01,4.707369201829986194e-01,7.560904283242927404e-01,7.109184254185257901e-01,6.199463796012089079e-01,3.165540747589778992e-01,5.939648420456256073e-01,9.414769728073903998e-01,5.809420621569666432e-01,8.384309505385190153e-01,8.105319539889948022e-01,6.483595477474618507e-01,5.310631061185036028e-01,9.401477445313446979e-02,7.640753956233413691e-01,5.275965293415867396e-01,6.890828589074967647e-01,9.162822841620099634e-01,7.604988210359111545e-01,7.404233525524377413e-01,2.302104156442753846e-01,3.601130864186357639e-01,6.562444689421141897e-01,7.683277164638270262e-01,1.315556124988800091e-01,7.364302930179850160e-01,3.083207391514918849e-01,8.314687874645202426e-01,7.754679889617870359e-01,8.794527947076495877e-01,6.190673495119365377e-01,5.717778941710651708e-01,8.287276774564925619e-01,4.316154946954038341e-01,2.044493845447656333e-01,6.026108941338931269e-01,4.152749577254697400e-01,4.900876918934093940e-01,7.619432956646691180e-01,4.116490559848281494e-01,6.108171920635718788e-01,5.916602329487070655e-01,4.663521322509709965e-01,9.893675528079917680e-02,4.412785815969916814e-01,9.094141447448715887e-01,4.355363719984307602e-01,4.873699451330057997e-01,4.094982029635251264e-01,4.716711283678517441e-01
9.965985776940569085e-01,7.263849141083231764e-01,4.305531715972473195e-01,8.010690189878973966e-01,7.510251477701119782e-01,5.419864221016145178e-01,2.831648446009785713e-01,5.235152441597057393e-02,6.597830828423674188e-01,4.451494385552962618e-01,8.679562041784887327e-01,7.614609887530261467e-01,6.855730652273193115e-01,4.107922187282314619e-01,1.962286481098376723e-01,0.000000000000000000e+00,6.309840572195204444e-01,8.682000501128971093e-02,7.340201345768042618e-01,5.593979531781895220e-01,6.346098318766616453e-01,6.551393221532967326e-01,4.475880482696528717e-01,9.709862557137909356e-01,5.918430396982503616e-01,7.742391954545987387e-01,8.843258443370385358e-01,2.202012609580994984e-01,2.226215505072959289e-03,3.173926112015010848e-01,-5.584589499002348689e-02,1.871331986260665881e-01,2.129883520612252477e-03,2.486437511171391557e-01,8.177133124826498900e-01,7.731464342535832035e-01,6.715332326849166034e-02,3.162569194822770907e-02,8.491914395891557721e-01,5.324838460403741314e-01,4.913017938034816012e-01,2.369563022824966725e-01,7.091409738745697577e-01,-9.184401016311931343e-02,6.630520953979703869e-01,6.172447164908728690e-01,7.459215867973598701e-01,6.019061801991850702e-01,6.045229893362871199e-01,7.151427533173889683e-01,6.295533223220295405e-03,8.664600045450187027e-01,7.881985174378014491e-01,3.065744350528050166e-01,6.944938429573092042e-01,7.085388469763937991e-01,5.874052896054599016e-01,7.699487855205426889e-01,8.925481046078951319e-01,4.959100777424110817e-02,4.452418088252834694e-01,4.708628803006411068e-01,9.770354436908246232e-01,7.588998753398262798e-01,3.541466462862395415e-01,8.905842747126271330e-01,7.830247570812127744e-01,8.613661547990800749e-01,6.247245511751818858e-01,7.054583947059893667e-01,5.302321607019291339e-01,4.350578664911833315e-01,4.627067190086336240e-02,2.721961837609787604e-01,7.482653952831965771e-01,9.543215778377214242e-01,6.136238937844384900e-01,6.354439942785394813e-03,3.369813533503593916e-01,4.704422749887179900e-01,7.226912472729254411e-01,8.609215039747440956e-01,7.241298135364416799e-01,5.327369982936989157e-01,5.928779958729679667e-01
6.726703601728952764e-01,7.775048301423256314e-01,7.303504005085288409e-01,4.465246748879825867e-01,8.086609063920989771e-01,4.916291427342023845e-01,8.920786843790277088e-01,7.726147640360820912e-01,4.966118323177510230e-01,9.470968494390017423e-01,6.544284536285019938e-01,6.839594007155007649e-01,6.260627157357691042e-01,7.514220175556771686e-01,6.431415912733371432e-01,6.309840572195204444e-01,0.000000000000000000e+00,6.613432396487212150e-01,6.967379704178832123e-01,5.233836217612118924e-01,6.185621195932738958e-01,6.608894012903735460e-01,7.498413223335776978e-01,8.092348648154820134e-01,5.730991685211552777e-01,4.522413302760457943e-01,6.960938086669647973e-01,5.433967137173121298e-01,3.644434186376053209e-01,4.256300344496841692e-01,4.495191287070403052e-01,4.907655747180300621e-01,9.453457662557300800e-01,7.562859372727730456e-01,5.945949661380018902e-01,7.225415687169676193e-01,5.538734749585368933e-01,2.256776853263372240e-01,4.640743732037429514e-01,3.057752914641533870e-01,5.887992379702571277e-01,7.845970358366110009e-01,9.638305991358289138e-01,7.583303003664991770e-01,8.816221445420732161e-01,5.674639614669995114e-01,6.648921470475145368e-01,6.577450333070353761e-01,1.099039872168591087e-01,2.629787139284325281e-01,8.834096606149293152e-01,5.321951501046113808e-01,8.189319338533537218e-01,2.705561863632345299e-01,9.712944048685645537e-01,6.493002134095178235e-01,9.576826306389047971e-01,5.845580827389982304e-01,4.643717131043177404e-01,7.883003191008978172e-01,5.071345631956465372e-01,4.973344358259020326e-01,4.683988820502419936e-01,4.018191210665819635e-01,2.518868148512945493e-01,6.157135900384861360e-01,8.100188228259750378e-01,4.089800728835488175e-01,5.369067207542383979e-01,3.122664352430278845e-01,5.087814868407427582e-01,6.136244940985914331e-01,5.735218207115300171e-01,4.758711637665979377e-01,6.224361150794784914e-01,5.138363870112911957e-01,4.239162014007560320e-01,5.050488274395740218e-01,6.870348310266042313e-01,2.962161397107306859e-01,3.607461338867040124e-01,7.797167434460274826e-01,6.983467284276830833e-01,7.641708016681000304e-01,9.544334762457675758e-01
6.975610714514208777e-01,8.087057406612948585e-01,6.326952226933674206e-01,7.900514774989020328e-01,5.263250116725420868e-01,6.972186150352839284e-01,4.587843568888373968e-01,7.651998017644437988e-01,9.582408603947062398e-01,7.956482224022860539e-01,7.262617149299464003e-01,7.239748140508464047e-01,9.785077441968523804e-01,5.847680632534740797e-01,5.396563585448915790e-01,8.682000501128971093e-02,6.613432396487212150e-01,0.000000000000000000e+00,6.635585855575840686e-01,6.189414643321626830e-01,9.168057676744556517e-01,4.968318575171165596e-01,6.888320918500213663e-01,7.799058830610262616e-01,9.927731142676117226e-01,4.917130044482891926e-01,2.958565711143422150e-01,6.991565995403420386e-01,3.615787341999001647e-01,3.404667662497308789e-01,2.013187283152085283e-01,5.330140560804997873e-01,4.097103618220047094e-01,8.499806036427624001e-01,3.137603529728320573e-01,1.946781733758332911e-01,3.573369451795260776e-01,7.305484777908975991e-01,6.456400695752572139e-01,5.281074865364141502e-01,2.893327315361494123e-01,7.106540591717925848e-01,6.081918357152965582e-01,3.187828736958866482e-01,7.846570034653748138e-01,8.065693258501759333e-01,2.065410303046660567e-01,5.515468713163400594e-01,7.686288086341710457e-01,6.007213567096498785e-01,2.408513965494321063e-01,8.618212501466676612e-01,7.861951994748741512e-01,6.224266770510770153e-01,4.458796170002624071e-01,9.958431981095854368e-01,8.027405447536464234e-01,7.858587945822370635e-01,4.661918829659554286e-01,4.940944640686404932e-01,4.519088376493682335e-01,4.767943602918221502e-01,5.021423506075325394e-01,9.090361871143997075e-01,9.936245588101570991e-01,7.565448903391381874e-01,5.430569006387562236e-01,7.284258937628413921e-01,3.298461812365699464e-01,5.677065710440459823e-01,8.204870201043978906e-01,7.782380595894654585e-01,-4.847736172760155893e-02,4.639286428905080584e-01,4.474592627529223599e-01,4.441286284177891619e-01,7.099006301444826805e-01,8.534649107104594901e-01,7.191411363677163715e-01,3.838980594082388453e-01,3.661772636900849087e-01,4.734877124753083533e-01,4.445323297971691123e-01,3.946136351232000794e-01,6.675663441508741247e-01
