0.000000000000000000e+00,8.439348698283509753e-01,5.374570244954040010e-01,5.693514141923390337e-01,8.829898524581161201e-01,7.673788435653268181e-01,6.847611332262485417e-01,7.462148540947834974e-01,8.267406750842888341e-01,5.061901039413688741e-01,6.605195445626741435e-01,6.318203900871894874e-01,8.381589984714961084e-01,7.300637711082946790e-01,5.180157773022238121e-01,7.778049370334683132e-01,8.956495455037685183e-01,9.794810184944746645e-01,4.302504547149224590e-01,5.687662865736666795e-01,9.704769473601055907e-01,8.603016992389909134e-01,7.059952371215072464e-01,8.940601427477570251e-01,7.441639847918049000e-01,7.324665238307481729e-01,7.132638251039491450e-01,7.577377396916579189e-01,2.677476795978657176e-01,3.392523739836369456e-01,4.195717516573768679e-01,7.899299326829638535e-01,8.690830632283697010e-01,8.262060081125219835e-01,6.215506996884085922e-01,6.115370520003005073e-02,3.196134994290846659e-02,9.403150049660786713e-01,7.755057138513675730e-01,2.390124211634997164e-01,3.748182568271919424e-01,7.092278092668476974e-01,6.751518462890701011e-01,5.888600026124826137e-01,5.144680105183363494e-01,6.252931943303011719e-01,4.603527319209942958e-01,9.901317700582260573e-01,8.146576605908711910e-01,8.728055513576260527e-01,8.891572977618888984e-01,8.301086393345091796e-01,4.345051588628277006e-01,4.775384829768201111e-01,5.471427915157616173e-01,8.636169747231592364e-01,4.327700338671768843e-01,7.993086578154096067e-01,4.539960901379654357e-01,5.595744401771270971e-01,5.669112508950689966e-01,9.147177014805623063e-01,6.811579657463731063e-01,4.175913694236032536e-01,8.207947897513757640e-01,4.482406441742372571e-01,8.640675095135649242e-01,7.694995641381714435e-01,4.997758825799963334e-01,7.430192720138149021e-01,6.124196696855126465e-01,7.257033475840599657e-01,5.685278592925266938e-01,5.923288628438674319e-01,7.902466095364132359e-01,7.586071521843767984e-01,8.776232990028409731e-01,4.965108519184340263e-01,5.744425072337175919e-01,3.561851422585591287e-01,5.019683501266172243e-01,6.276437356737382123e-01,9.615723126753400463e-01,7.528500746585502501e-01,7.704309821423868110e-01
8.439348698283509753e-01,0.000000000000000000e+00,9.369758106060952496e-01,8.821240652191975062e-02,9.385932119239639437e-01,8.339412525371331375e-01,6.083329500007281787e-01,7.940679887873863807e-01,7.436985931478325984e-01,8.867700402446344610e-01,6.247642738149997710e-01,6.968494338876142224e-01,4.877212732060044464e-01,4.029876334008500316e-01,6.813869270324834915e-01,3.032530115140356086e-01,4.548001491896531134e-01,8.107487417021402853e-01,9.692829588684952480e-01,6.165171132944808896e-01,7.467231008738568487e-01,5.821424149585459062e-01,7.770229138362920729e-01,4.651416988677672393e-01,4.563428140452628345e-01,9.401523644144277325e-01,6.376358181456502905e-01,8.592113275495504299e-01,5.965656436869219981e-01,4.534013316539293736e-01,-1.698563001510932091e-01,5.079815778373918400e-01,5.390564578447549771e-01,5.267169159347598884e-01,2.346574116589299486e-01,5.451981700017982657e-01,2.921402782373609397e-01,5.044568106181902545e-01,2.743810311182243167e-01,6.056098690314543065e-01,9.461380413539943746e-03,9.662237731810348063e-01,7.712723910770805658e-01,5.315696948404670108e-01,3.323098564041413461e-01,7.462522451306615734e-01,6.289647777325221290e-01,5.821279100437590781e-01,9.074845461866187790e-01,5.678707993334991544e-01,5.288663079369816389e-01,9.989441575853026389e-01,6.197901597370982785e-01,4.905402679453237935e-01,9.456117323303561140e-01,6.895018505682639631e-01,7.927404779965494530e-01,9.053994996408570861e-02,8.763767441329275432e-01,5.975331999551933837e-01,5.273523232770318536e-01,6.592022832105199903e-01,4.130824434982202087e-01,8.719600049769377081e-01,4.792364756437574869e-01,7.109567872174114844e-02,4.050770747374032865e-01,8.774854966347728213e-01,5.288274643373700457e-01,7.204132270782461767e-01,6.656859065165756650e-01,5.440466583422505220e-01,5.305721505142495520e-01,4.433642674001200823e-01,2.511988478032390337e-01,6.465629983637332101e-01,7.785492592134591883e-01,8.159454178392134827e-01,4.342916301400869816e-01,6.853170180151633983e-02,4.793796091804117254e-01,9.282051600065571728e-01,7.179693940815303765e-01,4.377041526810429573e-01,5.684027606971453483e-01
5.374570244954040010e-01,9.369758106060952496e-01,0.000000000000000000e+00,4.395167248852746567e-01,6.911890887077557499e-01,7.441997066050255460e-01,6.189076322386219964e-01,7.759682578129138975e-01,8.071213477084475674e-01,5.567267475076158600e-01,7.002505576283036826e-01,8.541157893187938388e-01,8.365696459914627736e-01,8.947669444923391779e-01,5.290889094214531463e-01,5.759795537356060535e-01,6.472628553871340173e-01,8.002598965429118527e-01,4.630763948977063005e-01,5.442825191215099334e-01,6.523955975582999001e-01,6.533874922881807157e-01,7.112939439537663278e-01,6.852508577201410489e-01,4.231664515994724707e-01,7.605370319966962001e-01,8.424154890657800099e-01,2.769153993365700700e-02,1.158586901627852578e-01,4.378255357631549161e-01,3.727520229542760632e-01,2.595535824470985853e-01,6.443637103829633617e-01,5.431974678877142804e-01,6.405401571086699608e-01,2.273622341716593775e-01,4.995852133513443288e-02,4.062458469946546025e-01,6.015068698579615347e-01,7.536994157257236315e-01,2.443537259816766505e-01,9.522915464872965252e-01,9.159375592697112101e-01,9.938861901217053152e-01,1.592348527801526123e-02,8.543146743473242211e-01,9.820578760654474770e-01,8.566016581502663430e-01,8.292797405140788225e-01,9.342363591752449459e-01,6.527065291671516611e-01,7.186618344012501991e-01,8.568664155468117549e-01,4.619650786518787466e-01,2.767550230275537260e-01,6.531809373647700090e-01,9.004703472681800935e-01,9.227583118337662205e-01,9.498614489216220536e-01,3.889355406009333826e-01,5.511457394426195755e-01,7.421366515600544833e-01,5.293021335629832791e-01,6.674801286590610339e-01,6.375209686315629343e-01,9.630935323151689209e-01,7.752717359999405922e-01,6.677021345574103428e-01,9.917942702673114841e-01,6.247433356463309995e-01,7.039144413614389917e-01,6.387538228306224308e-01,2.164437984383741909e-01,3.960016789417606375e-01,9.818489361407665150e-01,8.142411815088950178e-01,6.152642227287504761e-01,6.049398352355537245e-01,5.910695041683625695e-01,1.906321204519987322e-01,4.391406136644676050e-01,5.090979815298910527e-01,9.357084825498995784e-01,-2.891157378993557403e-01,7.441476293199960068e-01
5.693514141923390337e-01,8.821240652191975062e-02,4.395167248852746567e-01,0.000000000000000000e+00,6.129627179677447080e-01,6.046898199182811906e-01,5.110334299825527449e-01,5.964194519893364355e-01,8.219575731574421118e-01,9.709518461424289093e-01,6.250818299026528191e-01,9.381846403689190206e-01,9.589104654993796384e-01,9.222919701692041672e-01,1.584166150076736501e-01,4.625576565465248091e-01,4.075305623034638502e-01,5.874128996574227157e-01,3.495289829522723601e-01,3.890310835673842504e-01,6.246120162501916928e-01,2.766311269960844976e-01,3.634501003350818493e-01,9.605072659503955945e-01,4.668940797997030434e-01,3.443098558831138578e-01,6.173769891319263320e-02,9.717616832776282410e-01,7.549441004418692147e-01,6.126096069079915996e-01,4.451450978750066123e-01,6.754318781922542536e-01,1.453259446183650938e-01,5.659382290529220150e-01,4.839242386714309729e-01,7.305233595920511691e-01,3.506660821110674231e-01,5.477828120358098074e-01,9.255744468119750934e-01,8.156788978863197537e-01,5.926395244246444038e-01,4.548464530195286959e-01,9.611437337708856887e-01,7.320205640352930310e-01,9.660631487963042829e-01,6.153353294185992528e-01,7.484523370626189331e-01,7.259015528557259955e-01,2.390670007178387624e-01,7.965585222740148019e-01,7.940516072970209560e-01,5.374854484782164432e-01,6.773763631992639755e-01,8.763762767041964885e-01,8.028479846472093007e-01,7.723397384364697471e-01,9.116029712296728205e-01,4.193100837011691784e-01,6.360318257792077490e-02,5.462472097634377688e-01,-1.137622760485556411e-01,6.134647944405910991e-01,6.757141056394913026e-01,5.766892990060509261e-01,7.273962969514063959e-01,7.737790105832118570e-01,3.145700371931831607e-01,6.566375611944006430e-01,4.564556763965637587e-01,9.208211501535525922e-01,7.923836131338399813e-01,7.977409518988838322e-01,2.222661543261901518e-01,5.810340388097966491e-01,5.901649348007945717e-01,3.152034639456881004e-01,7.390125664667512861e-01,2.208991969150443657e-01,2.139719629511465659e-01,-3.811850086664137494e-01,2.666182613492431575e-01,8.255891342563300705e-01,8.143278626413498200e-01,1.657130183707192228e-01,4.724936239536193794e-01
8.829898524581161201e-01,9.385932119239639437e-01,6.911890887077557499e-01,6.129627179677447080e-01,0.000000000000000000e+00,8.101711877453041666e-01,6.188910266266308691e-01,6.127533519102060788e-01,7.729869731961023227e-01,9.207361461556720084e-01,6.974500778596214312e-01,6.493704098685992854e-01,9.883449003129158861e-01,7.327863205069343744e-01,6.195055989398510210e-01,6.886587464840092654e-01,9.884791536069339468e-01,6.480000763365912908e-01,6.681234132988081997e-01,8.056530576905910346e-01,6.951060758356463198e-01,8.754198082305988393e-01,2.785851973896609213e-01,9.776149695367110093e-01,4.187258302573418356e-01,7.376036572567062910e-01,6.977274537998555681e-01,2.599433690822664511e-01,5.548657122793531071e-01,5.518102690978198277e-01,2.371580687563543677e-01,2.649310136145446859e-01,3.642037352276172313e-01,5.539211621696312760e-01,9.486200803555165650e-02,7.045596783427253706e-01,2.386461506486370621e-01,6.962986541336340096e-01,6.629036158822046998e-01,6.456778966197517233e-01,4.072310181491400338e-01,7.564016508751322254e-01,6.929039349206284060e-01,6.121720928221382474e-01,9.310667123405067525e-01,4.818084184401747461e-01,5.211943416179758426e-01,5.179468988647629724e-01,5.754658216150021488e-01,9.705325421757368121e-01,5.867654063184172264e-01,7.368159590674248083e-01,5.082481854687247447e-01,7.305696638620549077e-01,7.704869822026815251e-01,4.263057480635794039e-01,3.928398442737124352e-01,7.684063296709575663e-01,7.435278056360647980e-01,-2.734256299280998781e-02,2.851514436888539228e-01,7.489674819673181050e-01,6.915378351380231381e-01,2.231693423237241236e-01,8.630035680090657468e-01,5.737072507415926781e-01,4.179020195799809101e-01,8.952945934616045598e-01,5.945968872110385384e-01,7.028238690261843225e-01,3.265604711411417282e-01,9.824800002307767510e-01,1.431011910108044016e-01,3.516499146579437074e-01,2.106059380773752099e-01,5.860631634827041525e-01,5.790336412715965109e-01,6.371430232398341831e-01,1.059723011303525531e-01,1.542592471314745417e-01,9.339920013770868223e-01,1.674714254654132914e-02,8.263456455739265349e-01,5.142354022949289227e-01,5.073769946890571703e-01
7.673788435653268181e-01,8.339412525371331375e-01,7.441997066050255460e-01,6.046898199182811906e-01,8.101711877453041666e-01,0.000000000000000000e+00,2.252823977041247816e-01,7.387226989253468101e-01,1.822804038074434529e-01,6.121507092775075876e-01,6.037176718557936139e-01,4.539839152471495942e-01,2.761794761808891371e-02,8.695623189265446751e-01,2.644179497254908751e-01,5.553272595143217139e-01,2.625226181160970618e-01,9.842922086869589915e-01,6.144469462147877925e-01,5.964045708273580937e-01,9.214197680407084645e-01,4.538537300751932513e-01,6.379295356216990731e-01,8.112240654793503314e-01,6.636559699854474026e-01,6.045237471412615582e-01,7.539419157080021749e-01,4.955628143784225337e-01,6.994460652871379303e-01,1.117821768554634887e-01,3.138150754987941715e-01,6.214108523558550257e-01,6.110206765525562078e-01,4.103935445255663117e-01,5.139951356322797205e-01,4.572657355748739882e-01,4.805359649176396686e-01,5.963766300479438343e-01,4.455893477977672656e-01,8.188539490876477478e-01,5.255092624609792873e-01,4.009174783819051124e-01,2.755971296796222436e-01,-1.513660979699788522e-01,5.139511808910427471e-01,4.162733785115803609e-01,2.573819395157048162e-01,5.832812836228246089e-01,4.878291813560391987e-01,9.542714618463692400e-01,5.521870872746543757e-01,7.037869589762919542e-01,1.151022228632572753e-01,5.667693239194725452e-01,7.106190451268586949e-01,4.158349534272466341e-01,4.842025200622050440e-01,9.288369747280933453e-01,8.497483878102236599e-01,7.300200684888951130e-01,4.634191386670213353e-01,7.153510201790611589e-01,5.671646292680253554e-01,9.204013066649713304e-01,4.778015896580566357e-01,3.772785206759131649e-01,3.136749542767204302e-01,7.609114998710662103e-01,7.928793715626433203e-01,6.076099790700796310e-01,8.121680524212573360e-01,6.684034390983928375e-01,5.332000297322554427e-01,3.587742171120974488e-01,7.135985163017175559e-01,4.492270129612026541e-01,8.738939291879521676e-01,2.141393730224558090e-01,1.957809946274354784e-01,3.880347650062403453e-01,3.923606897666581661e-01,7.593190102900314598e-01,4.837100480327711227e-01,5.135410407433455005e-01,6.231320478900510551e-01
6.847611332262485417e-01,6.083329500007281787e-01,6.189076322386219964e-01,5.110334299825527449e-01,6.188910266266308691e-01,2.252823977041247816e-01,0.000000000000000000e+00,5.042999121301361409e-01,2.082125723808374018e-01,4.308132641745745506e-01,3.630962447932234438e-01,4.269117314887937442e-01,6.821358027673051216e-01,5.128946688775489759e-01,3.871819782183198999e-01,4.414079905688396144e-01,5.826150115593912160e-01,5.411847248387123832e-01,1.032301824413806024e-01,9.197563635018265460e-01,3.119758355777971781e-01,2.246336755257176410e-01,7.189866170296990155e-01,8.256225127448436618e-01,3.412484046037471686e-01,5.648689546607376100e-01,2.467513564526746528e-02,5.140468444337296106e-01,3.614170634745387245e-01,5.875316919725004361e-01,5.206251252266740348e-01,4.476758291294517522e-01,7.784824934930436591e-01,5.252173294752807697e-01,7.987488726509563985e-01,5.912150294977238651e-01,2.004483803723274005e-02,6.292042799723283064e-01,9.825103452391962255e-01,7.597979296161260221e-01,7.894026465303447537e-01,4.674385314828765070e-01,5.173808515123271556e-01,6.350311408325317597e-01,3.854196696139192135e-01,5.958349265673943407e-01,4.987289470306223160e-01,2.201527522557713001e-01,5.734579320835877514e-01,5.189780881518832878e-01,4.269803357287904055e-01,7.044128006120382590e-01,4.807311739255049066e-01,8.633804229233748018e-01,-8.812179040678606856e-02,2.160111645738876374e-01,4.901863067240629368e-01,3.810085451053925043e-01,8.387314038056302712e-01,-1.563429866309134775e-01,7.108636051165154734e-01,7.817868722482679278e-01,6.366448941919924387e-01,9.878491295771580916e-01,4.743318189612352187e-01,3.784172447335755196e-01,6.093294862226010800e-01,8.108893483727744877e-01,3.852051702067098571e-01,5.190515509693067742e-01,-2.405335176640607808e-02,4.180023087829494166e-01,2.295054606231870242e-01,6.662371279184059469e-01,4.660937719678458491e-01,9.442354220810317278e-01,3.852851362984526240e-01,3.190654150723999383e-01,7.767886618563857315e-01,3.941293052650719497e-01,6.234806211610690596e-01,4.009694358050928664e-01,1.199639712035455164e-01,6.858235189498829154e-01,9.707577057306422397e-01
7.462148540947834974e-01,7.940679887873863807e-01,7.759682578129138975e-01,5.964194519893364355e-01,6.127533519102060788e-01,7.387226989253468101e-01,5.042999121301361409e-01,0.000000000000000000e+00,2.325339131044388552e-01,6.208072471515064805e-01,7.628448947757442422e-01,3.128670047491993178e-01,7.348379973423293521e-01,1.182557902480995127e-01,4.869443966840457105e-01,3.104251432498458252e-01,6.675923901417728512e-01,3.784726969503935390e-01,5.448251135616581919e-01,3.316022367501637591e-01,8.300416018428666831e-01,6.808964362025646810e-01,5.170445502729347220e-01,6.015080119814333326e-01,4.080684732113423197e-01,2.484797846341843808e-01,4.728782826412271101e-01,7.627557184446982497e-01,4.785691507490895669e-01,4.376452703363185037e-01,-1.576317312572226015e-01,6.149733356990727540e-01,7.482780556344563738e-01,4.975376241339893868e-01,1.826960042073659876e-02,3.013025015154167097e-01,3.253245252918030572e-01,9.925877138192424898e-01,8.558959919136539529e-01,6.037452840753884109e-01,2.753681110137504717e-01,7.136367701895525162e-01,6.428328366441521391e-01,4.110368807156241644e-01,2.265845264695839911e-01,5.698224609370468041e-01,1.383398559162678509e-01,2.505004217817182188e-01,2.243453708853244688e-01,-1.415042638678010167e-01,4.581417943301365203e-01,4.200254861441078402e-01,5.241076244106067650e-01,4.722249679321366411e-02,9.283380011608411975e-01,6.194091054885247916e-01,4.036708320277228590e-01,4.915658013853763664e-01,6.428642231827875753e-01,3.189795283065768872e-01,4.899028732313092660e-01,6.799997660140534306e-01,3.424550164316718659e-01,8.569682953319313068e-01,8.319615049668789286e-01,6.320212206891031581e-01,6.448095064582411995e-01,9.126872891554685951e-01,4.834309060719580442e-01,8.203606941699637112e-01,5.590235594915505812e-01,5.595197876693835948e-01,2.377269584461719765e-01,3.539148810017979097e-01,7.799864023959348636e-01,5.619150941916860598e-01,4.422547879152508021e-01,7.989084392423047021e-01,1.591521796947145129e-01,2.772307630752493188e-02,5.300408785124361977e-01,7.327312986052093580e-01,5.939575556030176617e-01,7.558037238531788438e-01,7.021484617975354281e-01
8.267406750842888341e-01,7.436985931478325984e-01,8.071213477084475674e-01,8.219575731574421118e-01,7.729869731961023227e-01,1.822804038074434529e-01,2.082125723808374018e-01,2.325339131044388552e-01,0.000000000000000000e+00,8.786687967244071196e-01,6.131718667444924220e-01,7.842598974721324279e-01,3.191955819976288744e-01,8.239613821695757068e-01,-1.977987855175571963e-01,6.635859314276888465e-01,8.851428899918545312e-01,6.621676649195669118e-01,5.059297385770250566e-01,7.803540107833444317e-01,7.191565552756831181e-01,3.256069903031614254e-01,5.281573592603879819e-01,9.678949882681620043e-02,6.713823579963528188e-01,7.703489200960456085e-01,3.219574826335834250e-01,2.082294848711971069e-01,7.467759908981635997e-01,3.463636355922349308e-01,3.976365545251486083e-02,2.324585770696679377e-01,2.443902635685492319e-01,5.220952104584981601e-01,7.156504650155608438e-01,1.993197108576791887e-01,1.948640868058860443e-01,6.538089919531941963e-01,9.569473515918180961e-01,7.534921126155318394e-01,5.526913958230490476e-01,5.677388283401165747e-01,6.637291810232697209e-01,1.646285889512160705e-01,9.708007627059100919e-01,5.016599314764036421e-01,2.887315591905433854e-01,4.303681181407787992e-01,5.270754468979863550e-01,7.449355652799947158e-01,4.213710735905263349e-01,4.440441766055629458e-01,3.823519242629747072e-01,5.891720879813449468e-02,8.822361659138761025e-01,3.314691821934009353e-01,2.450274622168555072e-01,3.023249149991442675e-01,8.052473221521180280e-01,1.903491060089938791e-01,2.005245293058573741e-01,6.546510617880012539e-01,7.398557833906465042e-01,6.904959917227435628e-01,5.892844219630284375e-01,4.218407518212206608e-01,3.715336347349136870e-01,6.501888509199135191e-01,7.100759136614299694e-01,3.050952627930463290e-01,6.946711480915136461e-01,8.329612949850101478e-01,4.438852688900636889e-01,2.642675263871146485e-01,5.021949510038164338e-02,6.351847731086963655e-01,6.203429538858905579e-01,3.933573745248495346e-01,5.663574642130330128e-01,5.142775474214273945e-01,3.482291081286503776e-03,6.789747878278886706e-01,5.947449562434603543e-01,5.091850695031524543e-01,7.508639788414528393e-01
5.061901039413688741e-01,8.867700402446344610e-01,5.567267475076158600e-01,9.709518461424289093e-01,9.207361461556720084e-01,6.121507092775075876e-01,4.308132641745745506e-01,6.208072471515064805e-01,8.786687967244071196e-01,0.000000000000000000e+00,7.173467122964696241e-01,6.431637007602698519e-01,9.122588284891707255e-01,6.603022628886545675e-01,3.345139812835434823e-01,6.595113264627978644e-01,6.469422002548267381e-01,3.313374712842055425e-01,5.334131423141541539e-01,6.135864941161688346e-01,7.367478570395096238e-01,3.828434184271369833e-01,2.779567589955844187e-01,6.341153972634634428e-01,3.096189136565050126e-01,8.160838622591025660e-01,6.299695598841125177e-01,3.870498841922666022e-01,7.823946587782555362e-01,5.481584124771801125e-01,1.709474247730289331e-01,3.478496034888096111e-01,5.293220933303275366e-01,5.578050188931037434e-01,7.624684250768688498e-01,-2.481012526460689982e-01,3.519765100192955298e-01,4.424131909260475837e-01,7.741521466491523285e-01,3.322981573600798377e-01,1.085284903186055222e-01,4.365079618909450954e-01,6.768499523606376078e-01,9.269317887884063190e-01,9.952408760028047530e-01,7.822595138027353956e-01,8.124917466713791336e-01,8.972666799108560687e-01,3.636155369667642967e-01,5.920558750795841263e-01,3.160714347152275283e-01,8.421274923663961687e-01,3.362899336266129691e-01,2.345720914173145266e-01,7.583417637418237156e-01,7.642980255824264324e-01,5.583532118287098944e-01,5.455609552387001848e-01,7.351726608564297383e-01,4.249947660679634920e-01,4.627597110831615512e-01,6.443480979640205941e-01,6.276913781097359646e-01,9.057762802782078904e-01,6.620435298866913509e-01,8.167876492904782015e-01,6.827942929069162892e-01,7.350586982465234787e-01,7.218569272368555723e-01,7.467443144087745344e-01,9.380481822720752039e-01,7.715864202415142481e-01,4.421107825516725209e-01,4.397370242102245363e-01,2.143201267401474153e-01,8.446308080013882336e-01,7.506922699868128213e-01,6.526788912995915570e-01,7.676483069217693300e-02,-7.037060777852063853e-02,7.811193919603527380e-01,7.465063238911343602e-01,9.331310257760327964e-01,5.035790170038515479e-01,6.619477810995697542e-01
6.605195445626741435e-01,6.247642738149997710e-01,7.002505576283036826e-01,6.250818299026528191e-01,6.974500778596214312e-01,6.037176718557936139e-01,3.630962447932234438e-01,7.628448947757442422e-01,6.131718667444924220e-01,7.173467122964696241e-01,0.000000000000000000e+00,7.502804996980165786e-01,9.378258193073850668e-01,6.264650646643260545e-01,4.133942870184904583e-01,8.492299745484601647e-01,9.959455123499765250e-01,7.964530953175714689e-01,7.451331966428631493e-01,7.511258967005920439e-01,7.089364176515150495e-01,4.023656893925055544e-01,8.054792142922637677e-01,5.902532589317025513e-01,3.091118762320991809e-01,7.014777319074416706e-01,8.344228253486017932e-01,6.517886582303092924e-01,6.902436417156927462e-01,7.913409295283924116e-01,1.170533511289635897e-01,7.276789772690218649e-01,2.054753130143836259e-01,9.099074229387819068e-01,4.539117210696569371e-01,7.072680697600255417e-01,3.782480346113581970e-01,3.137996397779708735e-01,7.082732088026111317e-01,8.981839319397952881e-01,4.627920731395785414e-01,3.901643824786593662e-01,6.445721017911911765e-01,6.068154338411688720e-01,7.482977823269559847e-01,7.709336498036885033e-01,8.579728774563391003e-01,6.543171364709108317e-01,-1.842208545683236831e-01,5.775186502085655205e-01,4.389191988645330667e-01,8.267915302968867897e-01,9.238643044553661310e-02,6.535745346718160320e-01,7.795525160937318843e-01,7.843578247968430173e-01,4.547394680452739313e-01,2.814352842903136143e-01,8.091802834225672036e-01,7.780465688508932942e-01,1.284732820382765150e-01,2.103413012672438187e-01,7.477022634096577303e-01,4.646096674962543194e-01,9.179982268070272511e-01,6.539777855050984412e-01,-3.209208695052520599e-01,9.875394960675503153e-01,3.774924666836191878e-01,7.812371299520491918e-01,4.545459511780128303e-02,9.605322218635039544e-01,-5.233966581296434217e-03,3.658243846879797312e-01,3.542334318322388764e-01,9.100799034305097068e-01,6.547734769433736224e-01,5.614469742949190767e-02,2.410332728733488583e-01,3.681591990656247204e-01,-1.528519422642081182e-01,9.776602019118435516e-01,3.898815092855778541e-01,5.218485821074823061e-01,3.603091257145127901e-01
6.318203900871894874e-01,6.968494338876142224e-01,8.541157893187938388e-01,9.381846403689190206e-01,6.493704098685992854e-01,4.539839152471495942e-01,4.269117314887937442e-01,3.128670047491993178e-01,7.842598974721324279e-01,6.431637007602698519e-01,7.502804996980165786e-01,0.000000000000000000e+00,9.838638250523834561e-01,5.729560157117777330e-02,7.084315775059036868e-01,5.361376129485873054e-01,5.074473265816287215e-01,7.589801043948258830e-01,3.003718468040943446e-01,4.299483206143934200e-01,6.478701661222061592e-01,9.439483377452344559e-01,6.541537491615243560e-01,9.996572055741403950e-01,5.536703355441889851e-01,5.828738163232421998e-01,1.994490213096548892e-01,4.539930457706927158e-01,1.194357127151803900e-02,-2.158402012902746470e-02,-2.264881491621156817e-03,3.423633341327216861e-01,8.202764507294967311e-01,9.159310126859043777e-01,7.300681278742335856e-01,3.441984347548837087e-01,1.176536629324733269e-01,3.450976168849401171e-01,6.190419562628817207e-01,6.771217660760608936e-01,4.839599888620396695e-01,7.780325821779553452e-01,6.114532823065231826e-01,2.528138416478061812e-01,7.081797406356246105e-01,6.277343497137247708e-01,6.006778571917377185e-01,5.673682982874643788e-01,4.686712465839414921e-01,5.841305849504991876e-01,4.217736589630104449e-01,4.445706727451428919e-01,9.982937092838021220e-01,3.059283447962400926e-01,6.918858002530788864e-01,4.644267069261724945e-01,6.374874897360134351e-01,7.245759724872142815e-01,7.647706685508119939e-01,3.429501937998752914e-01,7.494075192010513087e-01,8.085078898474296061e-01,4.563461654136131695e-01,7.777442063567009400e-01,6.623260288062974288e-01,6.628010768630434590e-01,6.598774647855707443e-01,9.990454053641886212e-01,3.655937355169340819e-01,4.706807333560872886e-01,3.817231189240789524e-01,6.192206655083469791e-01,3.013594265764809599e-01,2.689282651563968951e-01,5.539869936885559731e-01,6.339387443308668324e-01,7.662189806357797561e-01,7.941066767499643797e-01,3.460780752746681621e-01,3.328311535638175389e-01,1.984202320223987792e-01,8.216332298592819994e-01,3.382118935345781452e-01,5.224871010928187065e-01,8.309655179483400600e-01
8.381589984714961084e-01,4.877212732060044464e-01,8.365696459914627736e-01,9.589104654993796384e-01,9.883449003129158861e-01,2.761794761808891371e-02,6.821358027673051216e-01,7.348379973423293521e-01,3.191955819976288744e-01,9.122588284891707255e-01,9.378258193073850668e-01,9.838638250523834561e-01,0.000000000000000000e+00,9.912332842621676132e-01,7.586037573854480520e-01,1.761013582405345224e-01,4.698672209700018865e-01,8.523965905177793845e-01,2.935355344646528031e-01,7.989827130362670005e-01,6.083902974475718928e-01,6.687225910592664579e-01,9.776785957641973557e-01,6.169581854643509944e-01,3.080860526939739885e-01,9.152672314710853518e-01,5.375535958021787630e-01,6.635192763618118494e-01,4.589584406290068697e-01,3.783764310380617335e-01,3.597647908698383690e-01,5.749605867824559846e-01,5.337962828330777842e-01,3.965370948941359108e-01,6.878409038618843452e-01,4.918164183891420294e-01,2.868189137814680656e-02,8.002480138562668710e-01,8.156578043935557298e-01,5.106150372973532470e-01,4.607986363428253074e-01,3.977833935316189562e-01,5.030193803124501928e-01,8.461362677529471465e-01,3.786587903858145143e-01,7.027988653724689394e-01,7.387018275333705475e-01,7.093432562118083817e-01,5.205844084492811108e-01,9.186272785811692154e-01,9.912351174022153710e-01,3.222138622935317165e-01,7.145761569538061631e-01,9.486556189569337327e-01,2.464910409965726142e-03,4.703640587908604065e-01,9.868649675661979037e-01,6.316748484981731249e-01,9.615825724173481248e-01,1.325082210141301925e-02,5.887038084581133202e-01,-3.520889564130444405e-02,4.209643576913736918e-01,6.038569561675208863e-01,8.667419662675889258e-01,9.662390108705185554e-01,9.776472266609260720e-01,8.541946903495600818e-01,6.125618943130861638e-01,4.310341669550916133e-01,9.234087879244423647e-01,1.767709859070555334e-01,3.303199521852700493e-01,2.580199585669251672e-01,3.951070944444108890e-01,9.447683373627876469e-01,8.421555897667262203e-01,6.805074506322890127e-01,5.606728581346284157e-01,7.343188332154158837e-02,6.428692975720817770e-01,3.422334135947096012e-01,8.453399226346889339e-01,3.500794009401925200e-01,7.806835254152825199e-01
7.300637711082946790e-01,4.029876334008500316e-01,8.947669444923391779e-01,9.222919701692041672e-01,7.327863205069343744e-01,8.695623189265446751e-01,5.128946688775489759e-01,1.182557902480995127e-01,8.239613821695757068e-01,6.603022628886545675e-01,6.264650646643260545e-01,5.729560157117777330e-02,9.912332842621676132e-01,0.000000000000000000e+00,8.138349445987411723e-01,5.469482142608944608e-01,9.271240122771505776e-01,6.214335022173620438e-01,5.718504783675737446e-01,7.272432915181622493e-01,9.410896390789421639e-01,6.019297878240337241e-02,9.441905052028898293e-01,8.912828176311788919e-01,1.343624045546505490e-02,7.924942023361116750e-01,6.882366386938915115e-01,7.800257941597459332e-01,6.589064351696745092e-01,3.130424177779779771e-01,5.830727227743535135e-01,3.573497188705948568e-01,8.408187355320779766e-01,8.401927352404514604e-01,8.620348318812391941e-01,2.886695572455928449e-01,3.588715510595884561e-01,2.231355156902134484e-01,8.294772914002707109e-01,4.604812609538531110e-01,4.309303085729865312e-01,5.511236436211863765e-01,9.536565204538367535e-01,4.966687918716992112e-01,7.474683525183283272e-01,7.919462298584185600e-01,8.846910486370442861e-01,6.283485044535463970e-01,5.177652056000524583e-01,9.208663984964420290e-01,5.711171976255546845e-01,5.959765459634014384e-01,7.450731272915106507e-01,8.047157192310400164e-01,3.466695277398532671e-01,6.361589676106477187e-01,7.640071056412688355e-01,1.493454114877607319e-01,8.187800371825409984e-01,4.536384506284839579e-01,7.403096217707236804e-01,4.694690103985326157e-01,8.241818827238370782e-01,3.064890743634873793e-01,8.016848347685019416e-01,7.007095568166544775e-01,6.275138951648447927e-01,6.595386544985956112e-01,6.391801404120034391e-01,9.984563060066453666e-01,3.742247271918046625e-01,7.501137347372278663e-01,4.231387369671479326e-01,6.943476282315040882e-01,7.989068709844655558e-01,5.250884440304237621e-01,7.732877571439916720e-01,4.831454534418408997e-01,7.892138076833221660e-01,1.311225927979707551e-01,8.632794429592851593e-01,8.559825942157173184e-01,6.395419655996907871e-01,4.174708816452790683e-01,7.253288147811036701e-01
5.180157773022238121e-01,6.813869270324834915e-01,5.290889094214531463e-01,1.584166150076736501e-01,6.195055989398510210e-01,2.644179497254908751e-01,3.871819782183198999e-01,4.869443966840457105e-01,-1.977987855175571963e-01,3.345139812835434823e-01,4.133942870184904583e-01,7.084315775059036868e-01,7.586037573854480520e-01,8.138349445987411723e-01,0.000000000000000000e+00,9.015337091898693034e-01,9.278777722059549093e-01,7.179944007877221701e-02,7.652015767307513983e-01,8.184066580249218514e-01,9.202908160017333472e-01,6.210742151172372605e-01,7.819991251354261319e-01,6.307513085607971970e-01,7.792413598575314015e-01,6.890108359676577754e-01,6.124296070929633462e-01,5.231333839145638764e-01,7.944845395276969313e-01,5.687618111556628220e-01,6.767221885137263415e-01,5.376811283153688503e-01,6.150157240687569304e-01,4.272830517300959530e-01,5.900329911791672988e-01,4.151469940023597704e-01,3.111395071460759665e-01,4.711050232917762121e-02,6.970297089822595771e-01,7.931558626108228260e-01,4.708988958167080185e-01,2.144251243313054223e-01,9.634943726853896218e-01,4.539692421160831937e-01,1.003373287806849784e-01,6.319583117029615726e-01,4.595598218447055072e-01,3.847405101045412446e-01,6.233629764384036598e-01,9.264744257436809960e-01,5.760707919205562133e-01,2.681497016511634746e-01,8.914596162362800058e-01,7.793130295701073962e-01,3.982105745260524632e-01,5.222083863998673303e-01,6.834946527881070599e-01,-2.423125785748038996e-01,6.492910289314767214e-01,4.228524880545223574e-01,5.450024621141347225e-01,3.509654550289884600e-01,5.680212656558376594e-01,8.672329397109680427e-01,7.926928990251198570e-01,7.612722190258836008e-01,7.112511002243704361e-01,8.812969892929580773e-01,1.683263827436545512e-01,7.632558142275347457e-01,9.401292264629594886e-01,4.678639247619166275e-01,7.477177472502490041e-02,3.385066270377866671e-01,2.603931501196740106e-01,4.283267088905360481e-02,8.736597421068168501e-01,1.630039934853177719e-01,7.793592375230382618e-01,3.506222641219326475e-01,5.978525103484862990e-01,5.781553422665471897e-01,7.511437801161823247e-01,3.484027489441459680e-01,4.620144806412183613e-01
7.778049370334683132e-01,3.032530115140356086e-01,5.759795537356060535e-01,4.625576565465248091e-01,6.886587464840092654e-01,5.553272595143217139e-01,4.414079905688396144e-01,3.104251432498458252e-01,6.635859314276888465e-01,6.595113264627978644e-01,8.492299745484601647e-01,5.361376129485873054e-01,1.761013582405345224e-01,5.469482142608944608e-01,9.015337091898693034e-01,0.000000000000000000e+00,7.156091044180926675e-01,6.163579776275351918e-01,-2.312527788137381524e-01,7.687764300945092444e-01,7.496666117514072525e-01,2.910754741557067260e-01,5.446388580892472797e-01,1.470870492597047829e-01,9.792023312278509001e-03,7.005188257261413254e-01,6.516455695759084676e-01,5.032352531377624061e-01,5.180577753745965186e-01,4.451793998178784628e-01,1.094644257898630957e-01,6.983144330854286208e-01,2.721506702866496874e-01,4.422796605773312573e-01,4.537292389766730549e-01,2.635523190660562509e-01,-1.499102236564893720e-01,3.329787241322214042e-01,6.601539419557044264e-01,6.485439918674728021e-01,4.533230335549967571e-01,2.491038920960224334e-01,5.184219302245509642e-01,5.576459281742255358e-01,5.470930388016950197e-01,9.098910047250018396e-01,3.035355686737149505e-01,3.432466937011506292e-01,4.250503327775920770e-01,4.821897504672965629e-01,6.017658640456248209e-01,2.917936893008853394e-01,9.786606379113294008e-01,1.645465790004057086e-02,4.842746066427935925e-01,4.133582121764742823e-01,8.317596921419672107e-01,7.850523969922087453e-01,2.525603685351708316e-01,2.859961807841233938e-02,7.626364865089326761e-01,7.606025987203121064e-01,4.467344114924590159e-01,6.255084887367621249e-01,6.683768421863459652e-01,8.015433418300475787e-02,2.637235361837113046e-01,8.392341634600055666e-01,5.499199719578847789e-01,4.950767642993869622e-01,9.095536755984113819e-01,7.750989545048821983e-01,7.729960040379475761e-02,4.455379969272650897e-01,4.249508068061860211e-01,2.941006315998180298e-01,3.747259609461338625e-01,7.502118598035809605e-01,6.288913545685211881e-01,2.312538543358021725e-01,4.169350835782191234e-01,9.866505808269425692e-01,7.826431739312441627e-01,4.460814855145996405e-01,8.073621789363387702e-01
8.956495455037685183e-01,4.548001491896531134e-01,6.472628553871340173e-01,4.075305623034638502e-01,9.884791536069339468e-01,2.625226181160970618e-01,5.826150115593912160e-01,6.675923901417728512e-01,8.851428899918545312e-01,6.469422002548267381e-01,9.959455123499765250e-01,5.074473265816287215e-01,4.698672209700018865e-01,9.271240122771505776e-01,9.278777722059549093e-01,7.156091044180926675e-01,0.000000000000000000e+00,4.836811445204166615e-01,7.671515644733906125e-01,6.371116353486313555e-01,8.858935757695951541e-01,4.579165975489218887e-01,9.013380249972186009e-01,6.878337911081124911e-01,1.721296576939147782e-01,2.551238128518373283e-01,6.550156303890336540e-01,8.874565167562428192e-01,4.645853377967500419e-01,2.491910197378149339e-01,3.778739121411528457e-01,7.841031965497973211e-01,3.845645499649078536e-01,4.136481814238121002e-01,5.164197127722111036e-01,3.411526241728923825e-01,7.760836593950692919e-01,7.598011937623898593e-01,7.478372194776903292e-01,4.600516829303922250e-01,2.776282511450466339e-01,4.323296159178938725e-01,5.019499061342099777e-01,6.975323644612378970e-01,8.223811492604372608e-01,8.648249040535245236e-01,5.641961629021721714e-02,4.372385876820450434e-01,9.020574548949091831e-01,8.861978374623974419e-01,9.592715661140877037e-01,6.540595304951627442e-01,1.318835292874185050e-01,8.128606460594255401e-01,8.774141354636602053e-01,4.798937914837115848e-01,7.696952285662479465e-01,7.448853881794876841e-01,6.850496407991534253e-01,5.894326674047291048e-01,6.935527333868795052e-01,9.781609722499444715e-01,4.824259977556012990e-01,9.253731859445970542e-01,7.292559885709284373e-01,9.061374997151674382e-01,8.103246460359810888e-01,6.768652850010813404e-01,8.254622167363594443e-01,7.366502532240605250e-01,5.145212799922737057e-01,6.721295081066738231e-01,5.625545045740979466e-01,3.545600989772945688e-01,3.920766842274131525e-01,7.424744688854599817e-01,8.867599181749339365e-01,8.796256059145484141e-01,2.375372173238143869e-02,1.452372562174922832e-01,8.069153227502671166e-01,8.581422419864330742e-01,6.593385790406678382e-01,2.437984571195235817e-01,9.311795605253845309e-01
9.794810184944746645e-01,8.107487417021402853e-01,8.002598965429118527e-01,5.874128996574227157e-01,6.480000763365912908e-01,9.842922086869589915e-01,5.411847248387123832e-01,3.784726969503935390e-01,6.621676649195669118e-01,3.313374712842055425e-01,7.964530953175714689e-01,7.589801043948258830e-01,8.523965905177793845e-01,6.214335022173620438e-01,7.179944007877221701e-02,6.163579776275351918e-01,4.836811445204166615e-01,0.000000000000000000e+00,3.138440618392579484e-01,9.735164478392244192e-01,7.314254683678984847e-02,4.634082337225294279e-01,5.175218232110904149e-01,7.738793117754619866e-01,4.082318716876406350e-01,6.611997198922373586e-01,3.963184467589574433e-01,3.561778016453838180e-01,5.294994348465228429e-01,1.165134560137011388e-01,4.736118925756869213e-01,2.156898535360442515e-01,2.264560627616444000e-01,5.089913544048394467e-01,2.126172612825810715e-01,3.656583117217074297e-01,2.604341252703398224e-01,2.319416103187531830e-01,4.534738365407340321e-01,8.420645326833788857e-01,4.750420290873149654e-01,4.394823335782576668e-01,9.857731226202842700e-01,6.857434707848135413e-02,7.521331311600721881e-01,5.418716266705706497e-01,6.595310445202942073e-01,6.711608593519111654e-01,2.449390957091814591e-01,5.947670709831937019e-01,7.397767438268262330e-01,6.090631191404596301e-01,2.804368081864511142e-01,6.040104549815765722e-01,7.772677433852955842e-01,8.341982537320897784e-01,3.583200333272898996e-01,3.768437109980513622e-01,6.039662509514978073e-01,7.573267265356673494e-01,9.410671640168802310e-02,6.231494253139691075e-01,4.323922510081341097e-01,9.154479251141289797e-01,4.428338579092136462e-01,6.042254193984958333e-01,7.991658805945867083e-01,7.017574517334440598e-01,5.994257492011099142e-01,5.819055105707880982e-01,9.145621834131045791e-01,5.453875059940020975e-01,-1.207676778553145175e-01,6.613236311242598475e-01,7.574325411051098245e-01,7.148859861314723618e-01,9.593186139930158784e-01,2.343334232350925417e-01,6.008639086316475142e-01,-3.290194493334236414e-02,5.705540812895276703e-01,5.561100964132679181e-01,9.938180376075285150e-01,1.813656242755914624e-02,9.226134372730767641e-01
