0.000000000000000000e+00,4.563399160990525560e-01,6.334211640216830252e-01,3.154862276171582769e-01,4.985972863991574022e-01,9.871002680481177904e-01,6.305106189931911631e-01,2.242571299712702859e-01,7.808024387337217931e-01,6.210461014237624866e-01,5.643262300242175566e-01,7.266797166450916778e-01,8.738514866200551845e-01,6.102993533438484386e-01,6.531912151790969512e-01,7.884849308574064519e-01,6.215217919701739868e-01,4.951093826305162371e-01,8.188466492235851879e-01,4.563345968850072154e-01,4.005801590150715429e-03,9.079949530559967563e-01,4.610859761595017536e-01,7.884680562047616803e-01,3.510671703394347976e-01,1.638577325795265438e-01,9.805288324718498538e-01,8.567385430908834865e-01,5.375574552523002536e-01,2.474822301151080855e-03,7.040606068522301531e-01,7.972168823729579579e-01,9.436527636600418045e-01,2.144661680388798841e-01,2.144426549109806068e-01,7.231741536449014518e-01,3.015052371907431805e-01,4.882065496323713116e-01,5.160333440780831005e-01,9.362558433631185117e-01,7.792597701264867283e-01,7.177125441222174107e-01,5.141357804797643816e-01,8.155001830870520774e-01,7.340216702964063034e-01,3.704301304663412120e-01,7.345615051840026499e-01,7.476772389406893815e-01,8.824204223496968647e-01,6.207439544182813407e-01,8.949090833000408196e-01,4.558200967502607504e-01,5.751253213271626530e-01,7.833430818344031543e-01,8.085471470591072407e-01,6.845850886967538296e-01,8.873953280980140246e-01,7.839604145004858138e-01,4.722669660852563678e-01,2.828468798499396142e-01,1.080687510500014242e-01,6.077652265339118509e-01,9.110985660272536979e-01,5.700086060802618260e-01,7.341100784407862401e-01,4.488731721180740375e-01,7.302169728784879688e-01,9.478061826291381831e-01,8.014288246904820445e-01,6.662107253269349272e-01,4.562651065529324534e-01,9.650806088691694651e-01,4.162874306453620554e-01,3.775563397055913262e-01,9.592048221159711341e-01,7.157926257925671942e-01,7.978786107746520528e-01,4.589625393136197440e-01,3.773282933993041821e-01,5.627389926068848691e-02,6.179218587307311328e-01,6.179349937057270203e-01,2.888071272081991353e-02,7.820488792612052542e-01,8.727717651322232095e-01
4.563399160990525560e-01,0.000000000000000000e+00,5.644810929050694259e-01,8.771168071793965515e-01,9.979518584293631811e-01,9.115100723912624714e-01,-6.541971069793553473e-02,4.664858910030415529e-01,3.101338830354578024e-01,9.611985812920988970e-01,5.073723014136850562e-01,4.165061184038929554e-01,3.468854659734903478e-01,6.692077494463739562e-01,7.368976730370161432e-01,-1.879083329997263685e-02,8.867266265905203726e-01,7.468641753335769629e-01,7.333239593921765387e-01,7.908067961328038020e-01,7.350988791929873312e-01,3.851219768559942525e-01,2.700486825849650607e-01,8.131323833322492423e-01,5.745935608345303924e-01,5.610266722912065074e-01,7.714533908615431868e-01,6.692970029864427906e-01,1.460251484734405025e-01,8.133325921721790142e-02,2.967599022449924351e-01,6.498434704528111006e-01,7.320899970258410994e-01,3.589302334085308077e-01,7.839398350337318799e-01,2.861877281836063824e-01,7.009923137588970343e-01,5.396041006638245818e-01,6.353472801196804465e-01,9.966264850052219959e-01,6.316361438997737388e-01,8.141390572366987710e-01,6.768570065909371714e-01,6.672212584586217909e-01,7.937622781097936064e-01,5.960215434023286019e-01,6.037972583155410966e-01,6.650677000332534394e-01,7.711821628140468343e-01,4.841657198865667033e-01,8.721250175410899183e-03,4.928008658630137484e-01,6.317936957092251671e-01,7.469757478319400956e-01,2.804511853838491664e-01,7.753159423810180861e-01,4.150312571850595100e-01,8.548338881211543505e-01,6.649179786785286428e-01,3.667335597757499510e-01,6.542738250110007314e-01,5.183871160021247260e-01,6.294267753611968441e-01,6.719762839960524703e-01,6.185054941026367770e-01,7.676979657892673004e-01,4.261247982401443202e-01,6.981774826357545205e-01,6.206662964787611481e-01,7.588212963217081386e-01,4.065460113817778165e-01,7.159050282091765638e-01,2.035197870544247500e-02,2.839720805187725960e-01,7.232885268941753321e-01,6.068738873670643796e-01,2.520544206818791655e-01,6.267214484032825883e-01,5.177969856804153226e-01,4.791599804620184089e-01,6.156708870174452120e-01,7.273233796501537007e-01,5.240630129430392525e-01,3.463934502762713863e-01,6.076986050768855563e-01
6.334211640216830252e-01,5.644810929050694259e-01,0.000000000000000000e+00,6.366582293772082846e-01,4.176436713724219763e-01,7.582276576798890888e-01,7.660354475442163746e-01,9.406025701364598701e-01,1.990267244205431718e-01,1.628794501940157013e-01,5.105000926984398779e-01,7.889279951063183915e-01,9.581361707467408451e-01,4.798207679405160908e-01,7.110073638482498071e-01,7.106052329038448079e-01,8.169324093992652580e-01,7.222263969805902128e-01,5.619930951332801072e-01,9.423228371165011108e-01,7.230166890748179753e-01,4.544841777884044975e-01,6.288141928337802611e-01,6.838759019050005827e-01,7.603871940185399358e-01,9.373464850079108457e-01,5.312028189056379190e-01,7.878907147949479883e-01,6.339642940495616719e-01,5.507240635967739495e-01,7.430744899321232166e-01,8.854847504039135009e-01,3.154041416832610856e-01,4.450188594288133070e-01,6.396446678979310629e-01,3.529109050842363371e-01,3.545059028683969493e-01,4.119618036843534226e-01,1.859871472719224761e-01,9.181772445207533329e-01,5.197744371543772113e-01,9.733909327161944791e-01,4.749189619727792189e-01,5.086937428125318794e-01,7.571708584373542106e-01,9.675591965121727034e-01,8.328276974553199263e-01,6.187034188188976769e-01,7.945065058445685002e-01,6.383978406094372726e-01,1.967370617143383293e-01,5.026162131480563788e-01,-5.323713921603576149e-02,7.020307776085518148e-01,7.988008343475969664e-01,7.376179857711232524e-01,7.197182543186120274e-01,8.585186366547674641e-01,4.629407807536806141e-01,1.806610367526943484e-01,6.489589574644812897e-01,5.532122742476811572e-01,9.189640209483588285e-01,8.415976116596411982e-01,5.717574700315606329e-01,7.863605950350134322e-01,7.795999944155721506e-01,5.517763146910494854e-01,7.697330904651548122e-01,2.015422995301576481e-01,6.872073151055545503e-01,4.499252570471141688e-01,3.177926982115743537e-01,5.123917243665552235e-01,8.441306052495283208e-01,5.938573634194227457e-01,7.221951473085864714e-01,9.686264202154929448e-01,7.298033299733865942e-01,5.099705346039979936e-01,9.158895136228771827e-01,5.584691330473682269e-01,7.973301945340083297e-01,6.515308937126642608e-01,-1.955567274582507009e-01
3.154862276171582769e-01,8.771168071793965515e-01,6.366582293772082846e-01,0.000000000000000000e+00,4.888511890115657677e-01,7.844125247664943679e-01,2.352763948717065123e-01,3.908581224690003686e-01,2.111439819753311575e-01,5.370423676211245612e-01,7.983093781548959988e-01,7.710047586019640464e-01,5.291761087636863703e-01,7.303685786027593885e-01,6.082668120120320321e-01,5.409826110858386716e-01,5.833424850317510124e-01,5.122752488662910553e-01,7.905441094742404751e-01,8.485703725641045025e-01,7.287246442017446535e-01,9.339691947460648791e-01,6.226192027614168012e-01,6.383268658680796293e-01,3.370157566858570375e-01,6.037137300768017356e-01,8.087614586264062488e-01,7.886140941146897454e-01,5.791542479830853463e-01,3.917003312108492397e-01,7.804971125090112705e-02,5.214343250943825891e-01,2.431644195098358330e-01,9.988546108869884588e-01,8.976529030476231297e-01,1.101128156991952947e-02,4.520089841831316790e-01,2.139257733416649321e-01,8.570100083094643884e-01,8.854334112665324108e-01,4.015985637034253375e-01,6.973533446161686022e-01,8.797651262723026333e-01,5.267389084231255403e-01,4.178385260555192438e-01,7.605422495307055941e-01,2.675285538458173074e-01,6.486675063644468109e-01,4.146556520475377927e-01,4.187025334501461860e-01,7.445591000324384146e-01,6.536775735576310087e-01,7.151069139220938009e-01,4.466222444858468643e-01,3.704363424322767440e-01,7.501201041416629689e-01,4.331839477440259656e-01,3.690975692397461816e-01,6.488170663613475053e-01,3.049821986922682249e-01,4.425256682058703595e-01,4.246031222777190139e-01,3.037709330113049222e-01,6.282358504994899340e-01,6.000281894228510771e-01,9.060575590928688916e-01,4.602177153912501706e-01,9.189794672896139938e-01,4.845576778221150627e-01,9.805024304140823599e-01,3.721710355403311521e-01,9.879422222041231993e-01,4.048609069635417668e-01,3.266561724083126839e-01,4.484127074999418316e-01,8.606789805841623675e-01,7.422574355258325651e-01,6.391430132849202916e-01,5.626917109487351576e-01,4.045396247089905750e-01,6.903036306260998956e-01,8.120373638199521737e-01,2.415362501860953137e-01,6.418874439860365599e-02,2.496710942355968021e-01
4.985972863991574022e-01,9.979518584293631811e-01,4.176436713724219763e-01,4.888511890115657677e-01,0.000000000000000000e+00,7.621218100686417696e-01,2.342221376986612646e-01,5.255183882004659246e-01,6.108340833706238371e-01,8.300926501783395528e-01,5.613680232781200763e-01,9.453217035329437579e-01,9.893359648377617610e-01,7.641771039649833952e-01,5.346036323946405933e-01,4.907982096929023874e-01,5.884191777421101666e-01,8.132602235465463680e-01,7.599850862672047347e-01,3.361621961127692071e-01,3.382911689604507499e-01,9.958870770003949158e-01,6.049478060301924920e-01,6.352928446851682232e-01,3.808976087468541882e-01,7.077311469102436359e-01,7.841077660301056795e-01,6.853545354337988726e-01,3.682684377946600085e-01,5.632200939392870698e-01,-6.148554965353558721e-02,4.181916522779779433e-01,5.819811772280263362e-01,8.815392237687876831e-01,4.686980851844494977e-01,6.491863629646374978e-01,1.530854330542357269e-02,5.533082741153060313e-01,8.513009004044868044e-01,4.400396579118868168e-01,4.029306265773291984e-01,8.796335728279431887e-01,7.004261909562777833e-01,4.895123915355115152e-01,4.031394753460785241e-01,3.761369673601007158e-01,8.791989604325539664e-01,2.791243516994970086e-01,8.448480800704769589e-01,3.777226302561030313e-01,4.011955816461277302e-01,9.653895587055617566e-01,6.687055876454485182e-01,6.726995003705678045e-01,7.120935662179419534e-01,7.610844316549976174e-01,9.517362697601416954e-01,4.727524171000968001e-01,4.796835602154417288e-01,7.988461013564611690e-01,2.017162434533144588e-01,7.612634949010057550e-01,7.848101940865525039e-01,8.587446106473304308e-01,4.244879167700971179e-01,2.464144404303899027e-01,5.265888680111350251e-01,8.966349614518874800e-01,7.876178327411340607e-01,7.335528054429037992e-01,7.514046040807923488e-01,4.265451994131354008e-01,2.761647221511176475e-03,5.783292043957782846e-01,2.488716933566479939e-01,7.994581642800705490e-01,3.178407672228964476e-01,3.132667248701193063e-01,8.678019337631125429e-01,-3.363751243447312134e-01,5.885851236171721901e-01,7.731656629119202373e-01,6.841632371521796374e-01,6.564839195110165893e-01,5.040281369506200981e-01
9.871002680481177904e-01,9.115100723912624714e-01,7.582276576798890888e-01,7.844125247664943679e-01,7.621218100686417696e-01,0.000000000000000000e+00,4.396134602776302636e-01,4.738398989755677193e-01,7.893878857066680688e-01,6.311410277832036897e-01,9.771547200149353074e-01,4.815774079770602789e-01,5.767379878223612977e-01,9.564264235596603436e-01,6.110188234369405835e-01,-3.936691148402057250e-01,9.258624818100413822e-01,2.096217475839335653e-01,6.502399813079201563e-01,5.887486985992383959e-01,9.347350198858043191e-01,3.899438852715869652e-01,6.952659845944501038e-01,6.181914571075413090e-01,5.972447585003007875e-01,7.888692103811743017e-01,6.305991851882819521e-01,7.760815949540359471e-01,4.146149453539054730e-01,2.361712334861703066e-01,4.840037192004045252e-01,5.383468405707032556e-01,9.414536690631325477e-01,5.772433756988384346e-01,2.707934786962130080e-01,5.301358717830910727e-01,5.750409565260297118e-01,2.487225812166393712e-01,6.411185347571531912e-01,7.634548606940356752e-01,3.556150936388023931e-01,9.858508787132167495e-01,3.451217688899605451e-01,7.006389673710057275e-01,8.070096201159842053e-01,9.456979647998530192e-01,4.367562329439967361e-01,6.506045428184270563e-01,7.314178483828088773e-01,2.836127573013474956e-01,4.187329810789574003e-01,8.303657002360529393e-01,9.799856759554778085e-01,8.827004372588755921e-01,5.413733682097208177e-01,6.880357674130677115e-01,7.142507791602029643e-01,8.633802235597635155e-01,1.115217829323548182e-01,3.758520593065800552e-01,4.539328258593959275e-01,5.570747469705639165e-01,4.663950286240075432e-02,4.922572090372913656e-01,7.485999134893519535e-01,5.389884328546397096e-01,7.730381674383164370e-01,9.085437980365099753e-01,7.131131709099824967e-01,7.310890019161321307e-01,8.761037001760339782e-02,5.275627918890517520e-01,6.867132067760522984e-01,9.770127662251773537e-02,2.089057888255674011e-01,6.973807204600155352e-01,7.162232530798507968e-01,4.788085251677232645e-01,2.684525348455604199e-01,2.554008510910528718e-01,5.314098239415042668e-01,8.924419154197295034e-01,8.609903707496259218e-01,1.586172297007182319e-02,2.821064104612556744e-01
6.305106189931911631e-01,-6.541971069793553473e-02,7.660354475442163746e-01,2.352763948717065123e-01,2.342221376986612646e-01,4.396134602776302636e-01,0.000000000000000000e+00,7.936815120244966604e-01,7.298945599043350496e-01,1.383838723067125076e-01,3.956908575060398836e-01,5.633039703229236750e-01,-9.120268500034831027e-02,7.514545662547661431e-01,4.744631978776189807e-01,6.128816982154596804e-01,6.303077973603654627e-01,5.931999890012178422e-01,7.627602124855688004e-01,6.665646902474585689e-01,1.380044821032850588e-01,3.783177477346089113e-01,2.348244559806541565e-01,9.507604080114779865e-01,3.469673188730207358e-01,4.795487508769469831e-01,5.478943353189790200e-01,8.093170915193782511e-01,5.140323672904612007e-01,4.210287956476383986e-01,4.318051012482833628e-01,6.228805341047962685e-01,5.749983529754806311e-01,7.007813823011083132e-01,5.234759520330810600e-01,5.356958959815800725e-01,2.839884754857726623e-01,7.368376437834817105e-01,1.299428685720769444e-02,4.025937826848731138e-01,5.428889686025661909e-01,5.312115226999369888e-01,7.129860448955512853e-01,5.924168984854997211e-01,7.812061284596658606e-01,6.929981661469930554e-01,4.777420451571886550e-01,4.529910281484076373e-01,3.376353927327401805e-01,2.665062980526167191e-01,5.244723854436807997e-01,5.108580788580682208e-01,7.553274145651279747e-01,1.608901517814025420e-02,6.181611777280903164e-01,-4.786176796253421850e-02,5.661200594418609455e-01,5.403411525167406415e-01,7.661767419647792510e-01,4.441856489119782592e-01,6.687208691462727117e-01,3.511056366296934073e-01,4.379529655692990797e-01,8.178940571430730611e-01,5.987043443788876429e-01,7.761140237444084100e-01,3.239531971462884519e-01,6.180239793058074360e-01,4.763952222182507024e-01,3.401562819252275105e-01,2.367492201251528150e-01,4.524322916035528608e-01,5.927454749016161095e-01,4.451758628600489542e-01,5.472277204829276709e-01,1.626110495572223938e-02,6.661163189644789817e-01,5.207816368272636387e-01,2.884507911794467194e-01,2.082401696757940346e-01,5.279690630084454828e-01,2.520575804595137637e-01,3.559422932317242161e-01,7.083951706822196881e-01,7.051831061431790282e-01
2.242571299712702859e-01,4.664858910030415529e-01,9.406025701364598701e-01,3.908581224690003686e-01,5.255183882004659246e-01,4.738398989755677193e-01,7.936815120244966604e-01,0.000000000000000000e+00,7.122191966574615840e-01,5.371798948652525274e-01,7.990219605119595059e-01,7.024988519948898169e-01,5.196814702271278508e-01,7.099517402299410085e-01,7.227333017972853435e-01,5.193336827474709372e-01,3.063334889333438338e-01,7.667665559713600087e-01,5.169007944645853669e-01,7.282830106092468281e-01,7.239525096913452806e-01,5.833216960088074554e-01,7.060970132610034922e-01,9.244404433132102916e-01,7.649718341696096768e-01,3.478253907316446458e-01,2.327949651307555656e-01,3.132162182989851051e-01,2.682154234342236654e-01,5.009728979678055305e-01,4.535114541379541842e-01,5.878203124742659158e-01,2.297698033302368048e-01,6.136002839363347006e-01,7.998068848282080534e-01,3.847072162700470033e-01,2.922876395491791901e-01,1.224177022400131931e-01,3.424387805912860738e-01,4.483639914508800173e-01,7.641662951177059515e-01,2.875200739492521640e-01,5.085206312978862719e-01,2.216371818278105033e-01,9.071390896632730572e-01,5.278501840828606628e-01,5.205897909234856735e-01,6.269090506101469840e-02,2.371122623058973533e-01,7.213957426221775382e-01,4.482090834940044011e-01,8.723141412040548159e-01,5.508279691382089727e-01,8.505134379884268236e-01,9.692936196132507787e-01,7.926677927658623002e-01,6.771180113925318045e-01,6.836182753191258898e-01,-4.619366684170223003e-02,2.749671652274615075e-01,9.254459049186442021e-02,4.317037063133714603e-01,6.362632776883057062e-01,5.010987267279416457e-01,9.928017235604681412e-01,5.727783105942760855e-01,1.190854367754616422e-01,3.939558125080700468e-01,4.066433159630383209e-01,6.701588202352148915e-01,3.884080435692958133e-01,7.023002218775880046e-01,7.632532306595771754e-01,4.248530203126328342e-01,4.911218208354406478e-01,4.466526240294380612e-01,5.186818435808547845e-01,6.076382949203010808e-01,4.388698803785857638e-01,3.779266980720597524e-01,-1.238176209876087064e-01,9.908612748301317552e-01,8.670739201812933672e-01,6.414481740065968163e-01,7.273781707889306336e-01
7.808024387337217931e-01,3.101338830354578024e-01,1.990267244205431718e-01,2.111439819753311575e-01,6.108340833706238371e-01,7.893878857066680688e-01,7.298945599043350496e-01,7.122191966574615840e-01,0.000000000000000000e+00,1.667241402487113222e-01,9.395536367810162215e-01,7.835289154599796024e-01,7.546338889898541735e-01,6.662317323517548129e-01,5.931154614038809392e-01,6.260905648123161749e-01,6.117815152607896101e-01,6.761247671662198311e-01,7.990056703415109318e-01,9.961197139438483089e-03,7.911039341512478007e-01,3.872137941637976422e-01,2.176383660907879256e-02,8.414456204255373883e-01,5.099508388000476566e-01,5.675424116345324510e-01,5.746099893062986963e-01,5.379326867217464336e-01,3.092376329186353745e-01,4.410666891350733532e-01,3.814453811718414022e-01,7.769938945147605303e-01,2.486842632681540155e-01,7.255105461256317056e-01,4.597883909686531489e-01,4.584088105499474763e-01,6.391337215605260580e-01,6.622722571785955026e-01,6.861555259570258913e-01,6.405201929051964616e-01,2.192651872216874742e-01,7.529921163251398486e-01,5.351163555969322694e-01,8.392053284228386811e-01,7.141918165941096852e-01,2.272408184092503114e-01,4.492784067199867004e-01,5.684959742057472676e-01,6.185545994116058433e-01,6.161381350288253067e-01,9.348676094902547140e-01,5.896290875003996623e-01,6.572802786562366162e-01,4.864944392006852469e-01,9.582308495578113483e-01,8.065218615507870892e-01,2.529865650272766220e-01,9.812021112196979145e-01,7.534559780017503483e-01,7.903808780851084848e-01,3.522562141463843055e-01,8.693633073651141352e-01,9.790349299875726885e-01,9.103270067621588302e-01,6.626555212069357159e-01,5.670248332776770539e-01,2.417302925220567444e-01,7.063755917700046405e-01,4.998732505879637245e-01,7.058680073324449245e-01,1.102612608549526953e-02,4.472908361874867178e-01,3.948240182563286238e-01,4.945051188852393476e-01,4.491409189603027263e-01,5.373054471853053737e-01,6.375406740638749348e-01,4.641710261584101049e-01,6.793183471588995492e-02,7.211933652895627933e-01,7.344159718807828918e-01,4.383137113432161724e-01,8.562373848986719604e-01,5.276276943555545662e-01,6.696539719509199129e-01
6.210461014237624866e-01,9.611985812920988970e-01,1.628794501940157013e-01,5.370423676211245612e-01,8.300926501783395528e-01,6.311410277832036897e-01,1.383838723067125076e-01,5.371798948652525274e-01,1.667241402487113222e-01,0.000000000000000000e+00,9.781475287061461854e-01,3.926700443402419798e-03,7.251178421296652354e-01,8.263071888356045003e-01,2.231197647807825479e-02,3.415771215352528811e-01,7.114929641903341428e-01,5.662186268495615904e-01,6.309561848807284656e-01,5.393741216859935239e-01,5.462859350197646346e-01,1.132926224994330461e-01,1.221368337239571861e-01,6.744927699027529755e-01,5.707668029051133907e-01,5.250601586727484671e-01,6.892012954723861773e-01,4.952465115766265802e-01,3.068765739902040157e-01,3.345794991620228975e-01,3.448034876438155760e-01,7.387443214715800899e-01,8.317776238901616326e-01,4.118845427354707600e-01,4.545959836779738805e-01,4.687635896272833724e-01,3.671811545002582333e-01,2.358894133419237038e-01,9.687726425008451603e-01,7.387656101639156203e-01,5.173983610100486574e-01,3.315883272398642001e-01,9.175805637031043682e-01,6.240380209142030177e-01,4.273272653165042789e-01,9.765302327059710574e-01,7.650689742138199190e-01,7.203334019728755422e-01,5.447424579347690532e-01,5.899409947670406495e-01,2.560240337006974842e-01,4.971397236772500117e-01,9.364325050232632508e-01,5.343600995143779064e-01,9.257336998732195177e-01,9.911111275546062860e-01,4.496729965660082318e-01,6.177727657137722650e-01,9.578313165851513045e-01,3.856263522837699576e-01,3.226831897261106530e-01,4.303844132101518616e-01,7.048727565579879784e-01,7.454373735977148918e-01,8.873778841753405811e-01,7.173608901861676657e-01,2.495235110478465357e-01,6.791756460662673467e-01,6.919543981958857781e-01,3.244446191938493151e-01,7.549731034889854975e-01,6.127996412800796877e-01,4.026054205118112517e-02,5.387092345303420293e-01,6.272666318443436140e-01,5.206667782936711397e-01,1.833376301905295103e-01,5.765375686761071705e-01,3.418163853810974318e-01,1.309903074193159156e-01,2.180134913403682373e-01,8.638713282030654472e-01,9.550397034697540866e-01,5.314303340537268605e-01,7.125929993529706019e-01
5.643262300242175566e-01,5.073723014136850562e-01,5.105000926984398779e-01,7.983093781548959988e-01,5.613680232781200763e-01,9.771547200149353074e-01,3.956908575060398836e-01,7.990219605119595059e-01,9.395536367810162215e-01,9.781475287061461854e-01,0.000000000000000000e+00,4.448703677529624034e-01,3.230846722651658509e-01,9.460074498663368914e-01,7.119642676726164465e-01,9.378570581345997415e-01,7.029258223168980413e-01,6.995903674109169579e-01,4.405362502593168639e-02,6.590477706554457304e-01,5.818301469182294294e-01,-1.833566520277362388e-01,5.173170943985888615e-01,7.060659852918188539e-01,5.584647318437209185e-01,2.481106990093999431e-01,7.079196131210632181e-01,5.590662662865211185e-01,5.652901509244308009e-01,3.826389941471843859e-01,1.544131886650024210e-01,3.801922520115879056e-01,6.384745920483745341e-01,9.310872677516079943e-01,5.948234824049638547e-01,5.394760530074556304e-02,2.561159739939582528e-02,6.551450028032810291e-01,8.939757954051944511e-01,3.758085648960757252e-01,2.809694001679787778e-01,8.359843971156944997e-01,5.601211141386510661e-01,5.953720748371973404e-01,9.068259818253318061e-01,1.394381256070454378e-01,9.796193808481543641e-01,4.768876219289619467e-01,3.107160024064293813e-01,7.011269969380912181e-01,4.017068663778362025e-01,3.846427560716488281e-01,7.816197653515385424e-01,8.081158864699202748e-01,4.724383520821264781e-01,7.913276901698181875e-01,2.593686502523401272e-01,-6.252398723880353559e-02,7.084854738794452711e-01,5.734410247123566950e-01,5.115163167448040227e-01,7.299618931432804159e-01,6.499324978212900339e-01,6.091603848890053685e-01,4.872938802103940481e-01,5.706913071209186450e-01,6.331970201930289255e-01,5.543872550579169722e-01,6.359053150782134622e-01,9.696352386546868152e-01,8.624852928253158302e-01,7.399778736749638153e-01,3.478516282731990428e-01,5.154600195148767439e-01,2.731187513678519085e-01,1.755019732209366357e-01,1.221799913350259531e-01,4.805083767090744251e-01,7.481363341407756828e-02,3.615357927288903594e-01,5.554153237100525331e-01,8.820434643635776117e-01,6.251343650964971133e-01,1.948757556166592353e-01,3.003435473110734888e-01
7.266797166450916778e-01,4.165061184038929554e-01,7.889279951063183915e-01,7.710047586019640464e-01,9.453217035329437579e-01,4.815774079770602789e-01,5.633039703229236750e-01,7.024988519948898169e-01,7.835289154599796024e-01,3.926700443402419798e-03,4.448703677529624034e-01,0.000000000000000000e+00,4.498978714137681911e-01,9.879238157740177773e-01,4.086404453515550261e-01,4.457172688165159102e-01,4.881714722312070487e-01,4.717256625808107229e-01,4.816753277191528348e-01,5.177492092404432089e-01,6.307385600742453358e-01,6.117991016797820203e-01,9.705880806115187998e-01,6.424388921973565036e-01,6.754454842619064259e-01,3.766851696439875719e-01,7.191457143607127289e-01,3.405629588668073193e-01,3.632329699545480128e-01,3.753331819364664756e-01,3.614870866950022910e-01,2.125307783075517098e-01,2.121938691920094711e-01,2.072502885104501869e-01,5.726642774277892478e-01,8.725577257375008444e-02,1.713709866708792440e-01,4.606082937826121992e-01,8.483416001946875173e-01,3.474881892284196194e-01,2.671703659750899185e-01,6.028322861311045111e-01,5.516056123225272501e-01,5.340547067975038864e-01,9.079960282249674997e-01,7.218913374592706989e-01,5.418372082029677683e-01,6.829151499667195369e-01,5.022849951148447012e-01,7.107448204001347580e-01,7.598764047184545234e-01,7.251264716238507990e-01,8.685409747239615230e-01,4.019046920388865685e-01,3.144414303649188946e-01,8.388635123334409194e-01,6.661298715174930329e-01,5.627870684884392904e-01,7.184707545830385511e-01,4.617368720226693313e-01,5.606468669932509474e-01,5.650694197015533327e-01,7.159401185098902554e-01,4.275625971155703198e-01,8.488383329300124291e-01,3.189698099086598071e-01,3.242977230176443126e-01,8.816231772192703042e-01,2.885971262877307653e-01,6.152451333082983309e-01,9.600919521081073826e-01,6.229740158863383837e-01,5.535987857127093736e-01,5.828393411982357719e-01,2.087810016404829938e-01,8.436582798975744701e-01,6.407345592099876752e-01,2.917416028581848453e-01,5.573890862507090427e-01,5.167308135500026101e-01,2.687942076914247580e-01,9.265660922680181155e-01,6.740914049390182017e-01,3.977272455403370044e-01,2.703769116353704205e-01
8.738514866200551845e-01,3.468854659734903478e-01,9.581361707467408451e-01,5.291761087636863703e-01,9.893359648377617610e-01,5.767379878223612977e-01,-9.120268500034831027e-02,5.196814702271278508e-01,7.546338889898541735e-01,7.251178421296652354e-01,3.230846722651658509e-01,4.498978714137681911e-01,0.000000000000000000e+00,8.584748670653015168e-01,3.365074486344060145e-01,9.914676491091227728e-01,4.047362089524177975e-01,8.122718839888590781e-01,7.511881718807692510e-01,9.941070544176455748e-01,2.910207208872801488e-01,4.643763057098821978e-01,7.090602220158495061e-01,7.106001038253850766e-01,6.107271966417189279e-01,7.446644013979850651e-01,6.347806429152192953e-01,3.852494658488259116e-01,1.374581786131193473e-01,1.479969894592127466e-01,1.931368969023340987e-01,4.068285776269031095e-01,7.834917216642303117e-01,8.704760341030671755e-01,4.437695091968521521e-01,5.110101621316445186e-01,4.912039538256577353e-01,7.988820811586863080e-01,7.528865095213908010e-01,3.962124278714621584e-01,2.229539556934527211e-01,6.104823751611713201e-01,9.614338005744833549e-01,9.448450997954020991e-01,6.779401730395314685e-01,6.219467488904509844e-01,6.169557749276284309e-01,7.998475957875507136e-01,7.171359553262870445e-01,7.544931010171911367e-01,6.095968232317848789e-01,9.499612495660345601e-01,5.323616302648975784e-01,5.580793900391110007e-01,8.474979834827042202e-01,5.682551616827580254e-01,4.105662937728591366e-01,2.937593942683497383e-01,4.272307069985299410e-01,8.816357824217641026e-01,5.192997544531442050e-03,7.132973058631300045e-01,-4.864104542917799257e-02,7.012469364405308214e-01,7.402411292948709587e-01,6.360890540991153141e-01,8.392768462288521247e-01,5.652450623137423857e-01,7.937488372348560084e-01,7.351215208439479953e-01,3.614576211190891897e-01,8.931008508242632704e-01,2.989417639918550695e-01,4.616322770366406703e-01,5.935411633104945572e-01,7.457074632280628057e-01,8.135687936909991036e-01,6.938463008403268351e-01,2.506468037800956838e-01,6.288087306248198172e-02,8.333065654630933405e-01,6.091307680880407860e-01,6.412670186493862889e-01,4.749606069428209676e-02,6.663021071788788330e-01
6.102993533438484386e-01,6.692077494463739562e-01,4.798207679405160908e-01,7.303685786027593885e-01,7.641771039649833952e-01,9.564264235596603436e-01,7.514545662547661431e-01,7.099517402299410085e-01,6.662317323517548129e-01,8.263071888356045003e-01,9.460074498663368914e-01,9.879238157740177773e-01,8.584748670653015168e-01,0.000000000000000000e+00,5.345097144755124319e-01,9.009100450219507117e-01,7.179324956482064923e-01,2.151915611990638244e-01,9.561526658725132410e-01,6.361229042511914455e-01,7.929667035088793225e-01,2.726972365753574934e-01,8.350544595316991003e-01,6.449209531298030207e-01,2.464325699741801434e-01,4.027287869614829541e-01,5.164010203438925695e-01,7.117192125107859590e-01,-1.707998730196594872e-01,6.512947337165577721e-01,5.325455443188835680e-01,7.954787730218797481e-01,6.474097968956086246e-01,7.827081975697082195e-01,6.173670547822417420e-01,2.676756163804059341e-01,4.095476476660591114e-01,2.044600867241589126e-01,8.735559647922708226e-01,5.664523362047181321e-01,4.035608240631338717e-01,6.859680334571819360e-01,6.591044788938731358e-01,4.145939785118283871e-01,7.764957009305317737e-01,5.970810347152394337e-01,9.723673217657531342e-01,7.122844139905518679e-01,8.470262901712896086e-01,6.001030913646556719e-01,7.462320677344311814e-01,4.814969741304330197e-01,5.897975280290468358e-01,6.799318041296911197e-01,5.295816265209674079e-01,4.654424565005975123e-01,1.361817417121394536e-01,9.236027805912626620e-01,2.124077285271643856e-01,6.143519726007015125e-01,4.164001033912271832e-01,9.167779652453581507e-01,5.294020635372937988e-01,5.054473346281249668e-01,4.328760891933840504e-01,5.816279646732192693e-03,3.214948971630438024e-05,6.905211244950204552e-01,7.685078547007198058e-01,8.813972989813116943e-01,7.730811242725430521e-01,5.928049592260584699e-01,3.194333636241128982e-01,2.884466094028813044e-01,3.927877131529863841e-01,6.987417407743861109e-01,9.168295400263211103e-01,6.182970390292512608e-01,5.891515702640748309e-01,2.570787553458147023e-01,3.519662575351238942e-01,7.274489151945533472e-01,8.529664018659535163e-01,4.454590294229184844e-01,8.485155271709061697e-01
6.531912151790969512e-01,7.368976730370161432e-01,7.110073638482498071e-01,6.082668120120320321e-01,5.346036323946405933e-01,6.110188234369405835e-01,4.744631978776189807e-01,7.227333017972853435e-01,5.931154614038809392e-01,2.231197647807825479e-02,7.119642676726164465e-01,4.086404453515550261e-01,3.365074486344060145e-01,5.345097144755124319e-01,0.000000000000000000e+00,7.956961871279237819e-01,5.790842339193779109e-01,7.689694042976095156e-01,4.810071449775868979e-01,9.599423308693986190e-01,7.765831388831250237e-01,5.231262356812373948e-01,7.484734196967683939e-01,5.601996840175839099e-01,6.778872419702811625e-01,4.483067240225000472e-01,6.048152219046017963e-01,6.242789402874936444e-01,5.528376792915707938e-01,2.485654315694367789e-01,1.296166257088504636e-01,5.329452929521576454e-01,7.092632459745029649e-01,5.944608170293332883e-01,7.972513357021808744e-01,4.944753328179302132e-01,3.377931179753670965e-01,6.543843559816853173e-01,4.166170625485807744e-01,5.972190481831149977e-01,3.383869630550326857e-01,6.259839815215383352e-01,6.070236193294725746e-01,9.024442261862123393e-01,5.738379859131734761e-01,7.537216278408533920e-01,3.741384395648555405e-01,5.040083720408143897e-01,3.126375937461181032e-01,6.872661898884282472e-01,5.365934072580998970e-01,1.979291187289874687e-01,7.468408180563714804e-01,3.586854800679920019e-01,5.664445931119939104e-01,5.380427296743028887e-01,5.054411890697105836e-01,8.424351468712566460e-01,6.768289668822519145e-01,2.866632051136459025e-01,4.563118746076108012e-01,-2.100867798653604790e-01,5.584893470197670462e-01,8.510396854708366376e-01,9.370410212064360644e-01,5.471433897021772408e-01,5.900738621899583869e-01,6.009572269499119379e-01,4.176769275630797806e-01,5.837774987387447378e-01,6.015079494123837245e-01,1.464239601464445151e-01,3.433182972527751842e-01,5.645612574904826930e-01,4.205626569281249449e-01,5.368652484936780045e-01,9.046775395327587566e-01,3.432824750561769278e-02,2.456078880965714417e-01,3.548884088047963847e-01,4.618432198527934185e-01,6.937764751638030303e-01,7.313073288795500781e-01,5.404761377856355242e-01,6.918426468265762574e-01
7.884849308574064519e-01,-1.879083329997263685e-02,7.106052329038448079e-01,5.409826110858386716e-01,4.907982096929023874e-01,-3.936691148402057250e-01,6.128816982154596804e-01,5.193336827474709372e-01,6.260905648123161749e-01,3.415771215352528811e-01,9.378570581345997415e-01,4.457172688165159102e-01,9.914676491091227728e-01,9.009100450219507117e-01,7.956961871279237819e-01,0.000000000000000000e+00,7.320055812278298824e-01,-3.662785539193935680e-02,8.077072468886407064e-01,6.760363700915154039e-01,9.723866160035755657e-01,3.754167789227691454e-01,5.338365328636757168e-01,8.529130470312302759e-01,6.418316214755370730e-01,5.184507854199067456e-01,5.903552305405421752e-01,7.335399507279583009e-01,4.730759598111149988e-01,5.534579112239830234e-01,3.957639035634598068e-01,5.043907725714821266e-01,2.759528666182828882e-01,9.352080142762516646e-01,4.637233527732043115e-01,5.055523085104135506e-01,2.559561978583301256e-01,2.899569090397892124e-01,6.195688445703263492e-01,2.591454695322488733e-01,7.689661080053629139e-01,2.875964658226843884e-01,7.779815822897339084e-01,4.647582777018871569e-01,9.847586443750544483e-01,6.765195921492090925e-01,4.834183962966482340e-01,9.319425626233099891e-01,4.656938177555663416e-01,1.070317284511797078e-02,7.166637524742972554e-01,-3.308819787008051572e-01,8.049656953831819672e-01,9.106127908434185070e-01,5.606773355458275487e-01,9.435693209264485182e-01,6.203330123159438436e-01,9.621583807912124087e-01,4.946102068265133545e-01,4.505828853962607350e-01,-7.004704285816854004e-02,5.066468705702025233e-01,5.222446780588931858e-01,8.337719875131895941e-01,7.480462520757720224e-01,6.479896636183594127e-01,8.748587981399590374e-01,3.486046641147609870e-01,4.153842675402122930e-01,4.785723443399932941e-01,9.898576705475867765e-01,2.624540830039196471e-01,2.442077324110120407e-01,1.201294132230277395e-02,5.348098241382313045e-01,3.799537776167013492e-01,5.617600378994645066e-02,1.132263249541390765e-01,-6.310822849307304305e-02,1.076434283637588418e-01,4.952573155152051876e-01,7.504267754329013718e-01,9.444393059434731397e-01,5.428340673768426994e-01,7.993587618918837068e-01
6.215217919701739868e-01,8.867266265905203726e-01,8.169324093992652580e-01,5.833424850317510124e-01,5.884191777421101666e-01,9.258624818100413822e-01,6.303077973603654627e-01,3.063334889333438338e-01,6.117815152607896101e-01,7.114929641903341428e-01,7.029258223168980413e-01,4.881714722312070487e-01,4.047362089524177975e-01,7.179324956482064923e-01,5.790842339193779109e-01,7.320055812278298824e-01,0.000000000000000000e+00,9.747209104307915650e-01,6.376264677731277031e-01,7.581277106853012704e-01,4.281183851094948478e-01,6.108726988521675505e-01,9.650758172726220385e-01,4.252966451145416271e-01,2.138272501054007679e-01,2.216767428654332350e-01,8.695206409562653005e-02,9.597094217252375437e-01,5.083186745194562262e-01,4.911752729228802128e-01,5.494822122013393040e-01,5.854360393834096010e-01,7.271705893554839539e-01,8.404405455660763913e-01,5.637738745360323378e-01,5.419322924797139729e-01,5.851108210920107355e-01,6.711795837591220115e-01,9.192699133370680897e-01,9.657034573214454687e-01,-2.029578207620872932e-01,4.309189758191375730e-01,9.673080206323461105e-01,6.612543110727060469e-01,7.073606949818339595e-01,5.500016113854120370e-01,8.834385827197421825e-01,6.080908083370297756e-01,3.469022586640209127e-01,9.069455873479393970e-01,6.820885523754143254e-01,9.548879155283948039e-01,7.454282708085476772e-01,8.861776530487769366e-01,6.494786304257786913e-01,9.647191732610842507e-01,7.297381964809608323e-01,5.604087714675143328e-01,6.912996326134582814e-01,3.035219087206427191e-01,3.671141510981373868e-01,9.341771450280560440e-01,4.602891455812821997e-01,4.162584594044259068e-01,7.121056041593070152e-01,7.531541694465142545e-01,5.695800339214254215e-01,9.485333578006142075e-01,2.721826554172465107e-01,5.422567616861777573e-01,4.482833837384205267e-01,6.541849152291168146e-01,5.132397743770846787e-01,5.660455647986573080e-01,4.410417513506260101e-01,8.740596679596371876e-01,5.734160784654416254e-01,9.930214553553391443e-01,4.908337620356795217e-01,4.278146085599240922e-01,4.155641794422983426e-01,7.384600540608646790e-01,6.258302767820607404e-02,4.752357139769876060e-01,6.957193807519038709e-01
4.951093826305162371e-01,7.468641753335769629e-01,7.222263969805902128e-01,5.122752488662910553e-01,8.132602235465463680e-01,2.096217475839335653e-01,5.931999890012178422e-01,7.667665559713600087e-01,6.761247671662198311e-01,5.662186268495615904e-01,6.995903674109169579e-01,4.717256625808107229e-01,8.122718839888590781e-01,2.151915611990638244e-01,7.689694042976095156e-01,-3.662785539193935680e-02,9.747209104307915650e-01,0.000000000000000000e+00,4.810680641530761248e-01,9.180339062702870256e-01,7.380776347320164854e-01,2.094305376655231643e-01,5.620175332484896868e-01,5.761730241152569487e-01,7.745325023640523554e-01,5.997785779442097454e-01,4.002597769285874962e-01,4.741538114703255924e-01,2.117602479222613354e-01,4.591222807958487695e-01,2.895145766314627389e-01,4.368501609973046151e-01,4.154449067733007595e-01,6.274257802045596355e-01,4.139933034174402837e-01,2.129610603665865465e-01,5.399608046019214180e-01,4.091635686025580920e-01,8.068173332810983922e-01,7.634665790429406851e-01,3.720905065783430832e-01,7.932120650217616697e-01,6.104143391779343064e-01,6.513990900687568475e-01,3.872157057679330716e-01,3.713913037663961747e-01,7.077147118136375425e-01,8.480740667668755783e-01,4.689088476522651483e-01,7.188336520881393188e-01,5.221832058267293908e-01,6.342158049647256268e-01,6.188070749461088704e-01,8.492888388154640200e-01,7.109367389434657625e-01,9.241299164148299994e-01,6.350523844217467184e-01,8.354982996856246125e-01,5.375825312413582413e-01,6.184109280139438169e-01,3.061183212060041847e-01,6.297863952995712555e-01,8.978344363880665924e-01,7.169518402351200415e-01,4.261239608424156611e-01,4.275469197817309830e-01,7.678174132118615880e-01,6.632692446720251933e-01,1.516624377073230168e-01,7.535542546153213284e-01,6.205221705527536047e-01,8.842507951276626921e-01,5.982063147709688611e-01,4.705055284831547446e-01,1.390673377199025118e-01,1.980535399765090965e-01,9.643512769020733399e-01,4.290589032699032579e-01,1.043956761115679699e-01,2.222406268494299952e-01,4.133861955667432753e-01,8.811741368592963530e-01,6.231142231864331693e-01,-1.083867247872008777e-01,5.535380643645513299e-01
