0.000000000000000000e+00,6.389671055972311331e-01,9.730774187034167966e-01,7.672354241765297900e-01,4.632315529581548241e-01,5.819604062012366796e-01,9.791199868522429961e-01,9.481730034079723923e-01,9.942784035063914061e-01,7.898843872538283684e-01,9.852526122429399180e-01,7.934982251507287643e-01,6.106923047201120447e-01,6.935927147539673321e-01,7.291456770942184029e-01,8.949501947383642353e-01,4.992487489378757415e-01,4.502222716323641682e-01,8.588008340138517660e-01,7.302244886779712951e-01,5.186980865198866919e-01,8.192562204234932199e-01,8.998459399950202720e-01,7.953225232008107604e-01,9.252134542249910165e-01,8.674305811371674224e-01,6.637638063610497019e-01,9.332854465867421734e-01,2.432468566427546108e-01,1.283902525756597801e-01,4.187759405081046826e-01,8.805247195350598410e-01,1.096319707049072528e-01,7.248991978889119947e-01,7.990028303725387193e-01,6.596611432950849618e-01,4.615434336135760263e-01,8.835450625117043932e-01,9.097196176347696062e-01,8.451208528571590994e-01,4.777296359212238053e-01,5.204905390065603932e-01,7.286936760488410547e-01,9.212935054364360665e-01,6.186415689186434141e-01,9.799926390200930371e-01,7.676414846199935971e-01,6.194796378759378497e-01,8.710576329739890822e-01,6.616514220059073192e-01,4.892051903730620377e-01,9.378985353532265368e-01,8.095671701019702127e-01,6.393477956055055866e-01,7.872561911628263021e-01,7.912632400765874374e-01,6.101796460626701668e-01,9.684091061503343756e-01,7.007670894406751172e-01,4.567656211215957440e-01,4.666273472234981345e-01,9.105928473855989802e-01,6.968379796820922678e-01,4.866982925785998115e-01,6.306590434129597522e-01,1.919687336867263727e-01,1.811502902983075647e-01,9.661761378950560752e-01,8.148305012004006809e-01,8.280673074564962599e-01,7.355703504272537163e-01,5.388554277228521094e-01,8.173314612959337033e-02,-7.770482735309337807e-02,2.884743343259205117e-01,7.167521758022119549e-01,6.290357340524876939e-01,6.597217637772859744e-01,2.575661572977789304e-01,3.896224453040545432e-01,6.341711531208044095e-01,6.264732727279958002e-01,7.176410024746233685e-01,3.436703515224841521e-01,7.034510252505518091e-01
6.389671055972311331e-01,0.000000000000000000e+00,7.192720872748139538e-01,8.445020084947607586e-01,7.957630580595969061e-01,7.399779819332601427e-01,5.375488406507045180e-01,3.605908020114083623e-01,6.916901863676498952e-01,3.329160506952213439e-01,7.954665019406741422e-01,6.246619095260704801e-01,6.403241923530557100e-01,5.024196674294961751e-01,3.991959031655981649e-01,7.982748501288429166e-01,5.025761295790812655e-01,6.396556246773985599e-01,5.337395736570563765e-01,9.220851979100899154e-01,7.487439456133259119e-01,2.429430587455997104e-01,1.919299285395334176e-01,9.561989683897140768e-01,6.466147592855464588e-03,5.755625412200567892e-01,6.736645400279279716e-01,7.607482944622588894e-01,6.089104657570124646e-01,2.600014634435992567e-01,3.460664770591183048e-01,3.974102693401019848e-01,6.141674644894894453e-01,8.637769049208858796e-01,7.139022162985603215e-01,9.072604191931613049e-02,-5.941097998753716580e-02,4.723817836179294849e-01,3.015798363547199656e-01,4.554235228590434170e-01,7.818095185340832032e-01,4.546822782220883985e-01,3.755960138183498942e-01,7.598807979970740867e-01,6.352052936321039844e-01,6.548868679505593926e-01,9.028137528131605638e-01,9.130956205589633168e-01,3.904341867976551805e-01,2.622967384504794608e-01,5.592778271579635918e-01,2.912600058862064301e-01,7.985705772480979903e-01,8.474965017642223097e-01,6.007024115291879074e-01,6.386444863441592679e-01,6.944810917121989613e-01,6.733328042986488349e-01,7.694651705129529340e-01,6.161226867974348154e-02,7.385809121716143677e-01,5.191111202712094252e-01,8.840883552976845916e-01,8.076020683852941362e-01,4.604618205171091549e-01,2.726301848481176293e-01,5.256995743728790638e-01,9.040944074101542327e-01,3.965452345077951080e-01,4.483164320551147886e-01,9.793464440161003814e-01,2.444885923419992668e-02,2.812219756185239117e-01,2.966647503550391418e-01,4.840784093926784881e-01,6.346090557095596107e-01,1.079600723824567510e-01,4.935510101958144324e-01,-1.810276979573194056e-01,4.096158541908111461e-01,9.810792574161723012e-01,4.540089125986999652e-01,5.451311310777886554e-01,-1.488184918448879068e-01,9.392901443339819467e-01
9.730774187034167966e-01,7.192720872748139538e-01,0.000000000000000000e+00,7.768775402293812693e-01,9.496052096760220218e-01,8.260539347043269753e-01,7.949365942225812276e-01,9.039200325941553205e-01,7.361333918275750898e-01,8.622036033174137470e-01,7.301788326394869078e-01,7.302118586971760861e-01,4.482179271606335225e-01,9.875606386084587740e-01,4.461622875326631821e-01,4.304902545057076035e-01,7.801003711799205931e-01,4.207801753145677948e-01,5.953877434068309826e-01,7.414794187096047651e-01,8.442534863664969969e-01,8.174714315326103709e-01,4.044956863343476261e-01,6.240589336743928017e-01,8.447536948503362453e-01,8.173614215833576724e-01,9.873669361707690939e-01,7.486167019551912549e-01,5.262106839493991828e-01,2.026517305764018173e-01,9.662673536534419072e-02,7.721231918372992720e-01,8.744483808152985205e-01,7.210103609611462350e-01,8.042326234896370885e-01,1.208910253340494401e-01,5.235779113053318223e-01,6.601564717549073258e-01,5.511531664354274440e-01,8.816662502373826538e-01,2.355785424017991514e-01,8.517834894387107392e-01,5.057532479668520597e-01,8.179969399599035240e-01,4.875540979266679287e-01,5.183949502751801219e-01,8.888981773845783252e-01,4.085909832820873444e-02,4.278069725865439321e-01,8.548958519051187421e-01,9.164012894133218845e-01,4.999311656726999620e-01,6.023199581224982779e-01,4.088189842748313207e-01,7.864982127900591591e-01,5.887467137622734992e-01,5.643705303243197191e-01,8.538105513942778613e-01,5.529732061495824524e-01,7.224290676140791845e-02,3.814507161659854706e-01,9.537048756975676778e-01,9.049019442117739453e-01,8.718210513551408747e-01,7.368566952261131897e-01,6.032869232479589616e-01,9.175044372662576331e-01,7.783816924955133665e-01,6.742479658205124959e-01,8.100260621209901535e-01,5.263608520961517989e-01,6.596994094785779694e-01,-5.181121902843940918e-02,4.906006065043929665e-01,8.225608648504673104e-01,6.783279766808939515e-01,9.771377041861133428e-01,3.419738140654088321e-01,2.634026672065607477e-01,2.494349108124545300e-02,8.127584294569037970e-01,4.526296418699042312e-01,5.085813163138990234e-01,6.792979814125479354e-01,6.464098808162530574e-01
7.672354241765297900e-01,8.445020084947607586e-01,7.768775402293812693e-01,0.000000000000000000e+00,7.411606531136794018e-01,7.516406415512425498e-01,5.040595956404876343e-01,5.332701443920206952e-01,5.937694309562236983e-01,7.405878231757070385e-01,5.992359762483783214e-01,8.676074303031178214e-01,4.324201748555087793e-02,6.618040826376339059e-01,7.899518531838305435e-01,3.546029519485019987e-01,9.535466264983023521e-01,5.923909181079833886e-01,6.027645574874849199e-01,4.618449850421267877e-01,3.147083361382098654e-01,6.102725148976071434e-01,3.634296098823492915e-01,6.772494830958589729e-01,5.826460620662439194e-01,4.837649454116524916e-01,6.521261644482371223e-01,6.161000977700343828e-01,2.444366324037356153e-01,4.498590995286915195e-01,4.192042635427861708e-01,1.833419429030143932e-01,2.545678167495319943e-01,6.670383712291729772e-01,9.785056751937987185e-01,2.158227872714623685e-01,1.390279582799229252e-01,3.706630804926309697e-01,5.957966326621929598e-01,7.547316629217734052e-01,1.571299537428575699e-01,2.683927962478338536e-01,5.286053536371020378e-01,5.790074630305298564e-01,1.412830717454309493e-01,5.571590954613557800e-01,7.801736012964811673e-01,6.987132915447402670e-01,7.018644404777262258e-01,8.458090060410189404e-01,3.387699822223435575e-01,9.086095096365260915e-01,6.570514711590726975e-01,5.183126889287577033e-01,6.717645908692887469e-01,4.466610387418623040e-01,9.075187019816988165e-01,4.896714030548510732e-01,7.479939393010539561e-01,5.265165835642174885e-01,4.479292404588157694e-01,7.582227210531871098e-01,2.491498793199808937e-01,4.840785111498155380e-01,6.531177402938246335e-01,6.940659026067798054e-01,9.501578526007932179e-01,6.374866214727756830e-01,7.453316333278278139e-01,7.800709576598614525e-01,9.312413790000160230e-01,2.516489383856990170e-01,2.686492407498273782e-01,5.096429702103666415e-01,6.112277037246169886e-01,4.491379344123927475e-01,5.240330168140590050e-01,2.080751006863082453e-01,3.829964493443474560e-02,4.066747583141885891e-01,-8.698163066318369274e-02,7.811742756344031147e-01,7.975269400048548007e-01,2.612171115190782822e-01,9.883294439913918872e-01
4.632315529581548241e-01,7.957630580595969061e-01,9.496052096760220218e-01,7.411606531136794018e-01,0.000000000000000000e+00,6.621050941387723876e-01,1.293244231232597644e-02,4.173710495035108381e-01,5.095117166721135904e-01,5.157956458512824582e-01,4.651199962793614584e-01,9.068575552065647472e-01,7.984516570801247770e-01,6.674986121312748155e-01,7.271499723034929863e-01,4.065338156105000600e-01,4.358006790705147848e-01,7.067013652957898628e-01,9.032701860442625685e-01,9.252162301837079106e-01,8.967079267718821578e-01,2.116942802825256265e-01,9.699379521495461454e-01,5.607599611325471134e-01,6.545999770431132347e-01,8.540978351451414818e-01,8.147876698307466858e-01,7.122987825151561037e-01,5.074428608326811974e-01,5.401088599241276045e-01,-1.681693759463129267e-01,5.542410605812301272e-01,5.077914813535407967e-01,6.682034063896592491e-01,5.647527089339072770e-01,3.003034947929714704e-01,2.847302759758749136e-01,1.765024195489825476e-01,7.721012294738170967e-01,9.010981865314349193e-01,5.261028881240477073e-01,3.295118528363856214e-01,5.500693988165755721e-01,9.705495581685217310e-01,6.684078664855958030e-01,6.727221900419614320e-01,2.748237718426535525e-01,6.735533691532465950e-01,6.101204207067210117e-01,7.057350004518047060e-01,3.129012964909694827e-01,7.622693968834701739e-01,3.172897792785109861e-01,7.584513778315381538e-01,6.984656389538198562e-01,9.995473229125160231e-01,7.278127930777893440e-01,4.900606476007268730e-01,9.637276502396653344e-01,5.179413046132992360e-01,2.709667537015520433e-01,2.577176678092572004e-01,4.817580209516854062e-01,6.162711112581397144e-01,6.359380448939063735e-01,6.842134117713289942e-01,6.877468382640947731e-01,8.403753898430956770e-01,4.704216507072365300e-02,3.707452192832139115e-01,9.011470840482976863e-01,3.409437239492590921e-01,2.375817869453291653e-01,4.807181694154841756e-01,9.056736457537349905e-01,7.345733787438996076e-01,6.052591255455407326e-01,3.442891144366396206e-01,7.367306087046080476e-01,-1.249034732122922403e-01,7.452942819618789683e-01,4.420087839384088113e-01,9.279862008245980398e-01,3.542608657176283815e-01,3.187122035398147757e-01
5.819604062012366796e-01,7.399779819332601427e-01,8.260539347043269753e-01,7.516406415512425498e-01,6.621050941387723876e-01,0.000000000000000000e+00,6.829336438749931126e-01,7.616615829964976658e-01,5.768026423700987060e-01,5.909999731107925536e-01,2.268529064936242456e-01,7.809787488075453643e-01,4.729510473278548122e-01,4.016110100834457408e-01,6.004092676821173313e-01,6.997320452286290848e-01,7.046227166302206912e-01,6.251132276797500831e-01,6.574822599625287367e-01,6.891511335046675013e-01,8.272679815792169933e-01,7.203606833524290876e-01,9.338226366763910935e-01,8.771713355608842244e-01,3.780093717294999989e-01,7.035816756902092406e-01,7.500028393860874720e-01,5.111310813267050390e-01,5.132365042424890111e-01,3.483500785629476404e-01,3.489946711093301346e-01,7.367119886449282617e-01,8.817007550462243604e-01,8.951129043263258422e-01,2.711208166083112769e-01,7.549207946059912633e-01,8.347374588907525983e-02,7.915660277255331945e-01,8.918936353402382444e-01,6.183686781137892607e-01,6.971930648001624098e-01,7.779618328672042171e-01,6.119593548456737642e-01,2.745344615774970576e-01,9.723806368126001187e-01,4.549962666965844393e-01,1.394574096632282267e-01,4.859008964446257517e-01,3.407680319777472988e-01,7.976455260291301919e-01,6.157020833699596851e-01,4.259772154429509738e-01,9.305119842076383652e-01,9.146328339587698197e-01,4.668447672555375849e-01,7.788086681336564565e-01,5.082741523993687949e-01,7.077717591944842068e-01,6.153024275700483825e-01,4.354164637676924410e-01,7.329949837505919108e-01,5.525117327239240650e-01,7.325059346065107002e-01,6.944380036931466771e-01,6.591365588442303913e-01,3.790954553434955909e-01,4.213766351887017758e-01,9.258696850789900346e-01,3.338179940941447543e-01,4.774652991135723834e-01,9.531571929657405295e-01,9.818415371040556394e-01,6.275929443641059535e-01,6.956054276240214440e-01,5.391284694173605896e-01,5.482242918239408347e-01,6.645136353903990933e-01,6.471899110943848399e-01,2.966172526302595092e-01,2.894465169915863001e-01,9.280262936106049576e-01,9.057031702712662335e-01,8.401380228937855854e-01,5.019012535935590824e-01,7.991938184761324671e-01
9.791199868522429961e-01,5.375488406507045180e-01,7.949365942225812276e-01,5.040595956404876343e-01,1.293244231232597644e-02,6.829336438749931126e-01,0.000000000000000000e+00,4.489097597185390809e-01,3.604860045320708029e-01,5.422243472788863539e-01,1.656498554980382343e-01,1.293166690984437484e-01,7.927860894900946587e-01,4.581408135043157914e-01,6.796367281472048827e-01,8.260854659169053482e-01,5.412534271867572855e-01,6.934945104120061599e-01,9.803493326825167831e-01,4.048798509812644442e-01,7.304516410375093693e-01,7.745569801309963864e-01,4.690608248112654310e-01,7.565056836423101894e-01,2.578973759069946858e-01,7.618714472294463302e-01,8.870309765094041010e-01,7.998919388117078921e-02,-2.091133851920024544e-01,3.659851151341448894e-01,5.916026750728601291e-01,7.303018184964435999e-01,4.056716851541228297e-01,7.013698085358490708e-01,2.034721976130353660e-01,3.854980349657491367e-01,4.402901864094634909e-01,3.936635670341278592e-01,9.257314898342035026e-01,4.001760614608399491e-01,7.524963826437593983e-01,6.532442630513803916e-01,9.733986974983477314e-01,2.129792254848652533e-01,8.205921983930765107e-01,5.787730865495608334e-01,7.711636556253453900e-01,2.571899349433105497e-01,6.490711769947192789e-01,7.082922532809698968e-01,5.523674915475975666e-01,2.649663134396504360e-01,2.809779957927769356e-01,3.202238646590005455e-01,4.436351891851118556e-01,6.689392316526158178e-01,6.332194018738370733e-01,3.996717128828567445e-01,7.368178734095371940e-01,-3.897904064419771553e-02,5.644020048786484445e-01,7.472998085724764650e-01,5.203248427904122453e-01,8.897130386833002058e-01,5.659173265786068274e-01,6.758178797417410122e-01,7.623470029511878465e-01,9.296282064906764564e-01,2.060824375749446269e-01,5.999272563231251576e-01,2.864516542464952131e-01,9.305837712054063626e-01,7.963600939575472826e-02,2.547614164126041358e-01,6.195672036438296670e-01,5.069409588600880534e-01,6.151525769505505892e-01,7.247623789903593350e-01,7.549974250825970401e-01,6.999282603447164464e-01,4.332719703623318375e-01,5.613376475661119303e-01,4.209231671352948179e-01,4.712890889530188532e-01,5.039086298717154744e-01
9.481730034079723923e-01,3.605908020114083623e-01,9.039200325941553205e-01,5.332701443920206952e-01,4.173710495035108381e-01,7.616615829964976658e-01,4.489097597185390809e-01,0.000000000000000000e+00,3.059705653435416117e-01,4.919539308070340899e-01,6.560106105417359279e-01,2.393262213604216426e-01,2.280578961644487701e-01,4.927858204704883005e-01,4.583814802569399771e-01,5.618257014269760763e-01,7.643195416220315286e-01,6.966634252244294778e-01,6.244577939694144764e-01,8.346817806582325083e-01,7.833927954976951380e-01,6.295458487935476910e-01,7.878220356130706259e-01,6.914265089947725373e-01,4.490099758405157182e-01,4.352301000096298056e-01,2.035343532880663497e-01,5.979038003429624215e-01,3.502892878832525869e-01,5.556102651891086514e-02,7.805803563325348915e-02,7.296095385422498580e-01,1.674879120754016737e-01,5.035822563758901582e-01,4.831044479111948342e-01,2.266003662204890690e-01,2.661003876151270542e-01,3.813862229742771559e-01,7.295393739491701224e-01,7.038514529670507613e-01,1.964424991344333737e-01,7.202370380537943539e-01,7.940596525726442145e-01,7.960584416076490477e-01,5.632894309788956111e-01,7.082259620503891240e-01,3.192181239872944887e-01,5.063900532737696247e-01,6.336669211818267700e-01,3.480543436378963906e-01,1.221888535989714142e-01,5.514849116137889862e-01,4.817892065990665440e-01,2.645396693829087931e-01,8.351849690325469089e-01,6.724265598931049581e-01,6.786552252312834099e-01,5.214312548491374377e-01,8.672031908881554507e-01,2.994288566093177284e-01,4.884342915141967612e-01,3.604968833555656782e-01,5.635366246945797686e-01,6.233647337841959901e-01,9.656837056648959194e-01,6.373926540121916950e-01,5.477369166082999286e-01,6.946265203582739911e-01,6.381977063327817223e-01,4.020238529214678058e-01,7.542464706112914641e-01,2.469931424650911311e-01,7.719814753135247898e-01,1.216579565012311515e-01,3.434178830686723805e-01,2.549161464222313711e-01,6.832739637312775782e-01,2.266106878150326853e-01,9.457136264789951785e-02,1.924726772906479311e-01,5.295801239946872352e-01,6.196877298096992170e-01,9.361193095869759784e-01,5.326343284843120252e-01,3.909654346105862488e-01
9.942784035063914061e-01,6.916901863676498952e-01,7.361333918275750898e-01,5.937694309562236983e-01,5.095117166721135904e-01,5.768026423700987060e-01,3.604860045320708029e-01,3.059705653435416117e-01,0.000000000000000000e+00,2.326241844430634864e-01,4.350081619360727236e-01,4.382284238762620410e-01,5.127881345075128161e-01,5.269616543567839928e-01,4.303007870242734345e-01,2.422356573930381785e-01,2.213706868642454362e-01,-4.599098666869694263e-02,2.368698415399914381e-01,8.671665994117533360e-01,8.707443305511068932e-01,7.628546983000170645e-01,8.412040280449316620e-01,7.605204091236568154e-01,6.335704798531452409e-02,5.070130468784074251e-01,4.107845512281498856e-01,2.030295384263245129e-01,4.695938329341478035e-01,1.721739259994638505e-01,3.444575013275845143e-01,4.700086813463034696e-01,4.782295803918443777e-01,-1.752502788010609769e-01,6.638770457705847061e-01,2.252106097015539599e-01,7.706681174703488013e-01,7.741960117973338829e-01,6.802054759318444388e-01,2.230056850119165046e-01,1.223018412652227549e-01,7.233900519416460728e-01,7.451841953776885408e-01,5.046651891795261857e-01,6.993169802346163033e-01,9.502649428195527603e-01,6.797369541899904721e-01,7.453578252290520290e-01,4.757924760158664390e-01,7.550408691099972369e-01,5.335204647863118765e-01,2.691582038264833110e-01,4.748977475064406484e-01,4.485761772723823038e-01,6.592169988144641612e-01,6.414147627860217193e-01,9.629663564390062991e-01,4.946929465283793625e-01,6.728598082180508033e-01,3.346469958588599303e-01,4.209182650745619259e-01,8.226373610838361161e-01,2.661928820514310179e-02,8.642158981969931819e-01,7.995647465575121959e-01,6.285747650650009843e-01,8.340720904450452111e-02,5.247407806112169837e-01,9.592779734695725535e-01,2.560768630945150504e-01,5.111193701859941818e-01,5.637284460899300020e-01,1.060843067284529539e-01,1.231318251524970431e-01,4.887334739617791302e-01,7.719537996624101783e-01,6.102162012827149207e-01,2.113314301085379987e-01,6.390613360010608535e-01,5.862088023533350567e-01,7.155439360469925125e-01,7.333333791968486004e-01,6.545274079702683157e-01,6.478278170320670437e-01,4.339586069962428350e-01
7.898843872538283684e-01,3.329160506952213439e-01,8.622036033174137470e-01,7.405878231757070385e-01,5.157956458512824582e-01,5.909999731107925536e-01,5.422243472788863539e-01,4.919539308070340899e-01,2.326241844430634864e-01,0.000000000000000000e+00,5.973329034842388419e-01,4.535830163350724198e-01,8.425309776651580540e-01,4.601078648312953989e-01,6.280544702732295814e-01,8.370770540615990463e-01,6.689880134785586296e-01,4.201971290362172540e-01,7.795684968901057665e-01,9.051428403826465852e-01,3.974252553147799571e-01,8.990441485123527032e-01,7.618882061211703638e-01,8.705766046539721303e-01,5.760644800357637152e-01,2.429324668306204749e-01,3.014332999572851834e-01,7.339791535746560402e-01,6.010203857670248784e-02,4.179392707918444527e-01,3.564463596951836233e-01,5.783677577435516470e-01,4.043267099425940092e-01,6.316397048493593847e-01,5.239413647884298975e-01,3.072449612031875610e-01,2.720814544352421760e-01,4.653868118132252762e-01,8.380771814970510158e-01,5.801314866148402638e-01,2.309338582913540994e-01,6.351904837889907895e-01,8.728531319789816223e-01,4.971556136067438736e-01,6.012651222387145333e-01,4.647673674080670114e-01,4.593648447157383519e-01,6.544520296396834080e-01,6.923360556844981861e-01,5.378964663407744817e-01,6.074197218942681831e-01,6.293421831780579012e-01,8.875834935346674781e-01,7.371725307756482604e-02,6.882558092950988859e-01,3.044123699238900915e-01,8.003901873602866646e-01,5.865415623203246165e-01,2.988976807427427551e-01,3.811084121594210394e-01,7.062931094317321801e-01,5.387385350656281879e-01,4.692298856968276088e-01,5.247137585042355168e-01,5.499214956240701113e-01,6.629455518008012804e-01,3.841176605791486454e-01,7.633124401643280876e-01,8.834066260559207961e-01,5.373126495651890933e-01,7.707368036159074620e-01,7.306422531055992708e-01,5.569378907596108652e-01,7.586331611809505882e-01,5.048233470050844662e-01,3.689204225154463224e-01,4.581278438171579870e-01,6.322902446250779906e-01,5.797841942922050684e-01,1.062623172182511344e-01,7.711279224968969892e-01,6.343077229041299558e-01,8.799742813324412660e-01,7.949119682250171959e-01,9.244862780974657523e-01
9.852526122429399180e-01,7.954665019406741422e-01,7.301788326394869078e-01,5.992359762483783214e-01,4.651199962793614584e-01,2.268529064936242456e-01,1.656498554980382343e-01,6.560106105417359279e-01,4.350081619360727236e-01,5.973329034842388419e-01,0.000000000000000000e+00,2.034417598782939374e-01,6.807770898461251718e-01,7.649617824958694356e-01,6.663997900040005140e-01,1.273759568383667495e-01,7.065572276466673962e-01,6.063907835785282696e-01,4.399253684388904628e-01,7.426166326118686101e-01,6.463721303716021271e-01,5.075140030232992983e-01,5.996420841834574356e-01,9.113545323343485993e-01,8.385201391351950750e-01,8.236711790300274005e-01,9.124257438061745829e-01,9.028577008315099572e-01,2.073792175896969625e-01,2.910337980733801455e-01,2.470583955035421941e-01,6.447957436859772518e-01,5.896185753416661735e-01,7.283852830905059861e-01,7.888548677006292920e-01,7.109652462091746450e-02,5.894194144825301018e-01,7.885624227065803904e-01,6.691761526901426338e-01,4.193030283729390906e-01,3.472896364882404607e-01,3.128163345831326825e-01,8.901914655658986764e-01,5.800810596956218479e-01,6.349506929935548882e-01,2.645646990549289646e-01,7.375373288902076219e-01,8.876226176934848278e-01,6.608151127180541540e-01,6.331526703544633206e-01,9.758233401656976058e-01,1.002374528421834665e-01,4.613080643834382988e-01,9.884757094149549950e-01,7.610971718656024398e-01,7.094917732014875966e-01,5.196061739894033416e-01,6.397429574657517160e-01,9.580754538392116659e-01,7.114073365909701248e-03,4.147443859604765803e-01,4.246405919172954735e-01,7.398147719854458737e-01,4.165471796350749267e-01,9.436968453968201942e-01,7.521517554354613111e-01,8.346028634557898229e-01,4.355919198537437365e-01,4.796333574174492798e-01,2.225948276830640726e-01,5.388255504565151455e-01,4.363709169853632330e-01,3.736320190053500356e-01,3.486341201092828523e-01,5.585907631607034407e-01,5.903479005247846967e-01,7.484583547094678657e-01,5.553743915305351386e-01,2.537704996070518360e-01,6.203417900734716772e-01,7.849112399117634808e-01,7.035754056465424178e-01,8.142931653416326521e-01,4.091854360347246256e-01,6.090189979731035486e-01
7.934982251507287643e-01,6.246619095260704801e-01,7.302118586971760861e-01,8.676074303031178214e-01,9.068575552065647472e-01,7.809787488075453643e-01,1.293166690984437484e-01,2.393262213604216426e-01,4.382284238762620410e-01,4.535830163350724198e-01,2.034417598782939374e-01,0.000000000000000000e+00,-1.985158958170640808e-02,6.642196610999254736e-01,3.567422371796820091e-01,2.273698112021226292e-01,4.465598331245709263e-01,4.685553360230790276e-01,6.909151720012112197e-01,6.053348963820834872e-01,6.853237204023575613e-01,4.265513815553795829e-01,2.196091031276819205e-01,9.580303329586381533e-01,2.010442665640646276e-01,8.872764348581941851e-01,6.522852712930002905e-01,2.801819720869774821e-01,1.699324844628893050e-01,3.222239669985373922e-01,5.327565269452185781e-01,1.327623810935191495e-01,6.719800783068285988e-01,4.050485445551947339e-01,5.865622781710433387e-03,3.523621019208726945e-01,3.414762268955991997e-01,5.029426756007998600e-01,4.511292161835029346e-01,7.063855101497052980e-01,6.881612425074715711e-01,2.441516739914164069e-01,2.544414991317981989e-01,6.896153748999832578e-01,8.638256939081494501e-01,5.271007325207166527e-01,8.513970060933857553e-01,4.604220224252149329e-02,5.899185508484930951e-01,4.965266588301573969e-01,5.190109749989832988e-01,3.256517532665174075e-01,4.076734281388126324e-01,6.085033273643359886e-01,5.619001164387770197e-01,6.561920420916526053e-01,5.918477428763146975e-01,3.039282000185126731e-01,7.361508069859343806e-01,3.115961283632853185e-01,5.477932999117336443e-01,5.240582505184251394e-01,4.434153906354240671e-01,5.982053482387729160e-01,9.768043263745120885e-01,5.664977363709338132e-01,6.579420625450946858e-01,3.141307853895241031e-01,7.818001438619308630e-01,1.625762872788850677e-01,6.233288550473446987e-01,7.260814437124090137e-01,-1.234192030382714744e-01,-1.831069770238797911e-01,5.110837740863336670e-02,2.274475334109479774e-01,6.787161850982044164e-01,9.404654541875315243e-02,-9.583826730067125654e-02,2.766895757490926977e-01,6.954220176932499609e-01,4.432250391343790508e-01,4.897190261820487112e-01,5.087289608784377748e-01,6.755000162476727521e-01
6.106923047201120447e-01,6.403241923530557100e-01,4.482179271606335225e-01,4.324201748555087793e-02,7.984516570801247770e-01,4.729510473278548122e-01,7.927860894900946587e-01,2.280578961644487701e-01,5.127881345075128161e-01,8.425309776651580540e-01,6.807770898461251718e-01,-1.985158958170640808e-02,0.000000000000000000e+00,4.563066089106163070e-01,5.538117070876301673e-01,2.803935547922370430e-01,7.148669051610243574e-01,6.649538603863186514e-01,2.995456833754737286e-02,9.529184846529140662e-01,5.239167143008329752e-01,7.650018074246425215e-01,7.563966213151512852e-02,9.307298464182532927e-01,6.730757993983824683e-01,6.530528145113678740e-01,5.401080197294896301e-01,9.029148708296477199e-01,4.289072021595259354e-01,7.687009397131383537e-01,4.536042889019679669e-01,7.828610975457266363e-01,9.228363702887435460e-01,4.417553045934741740e-01,4.705673131307506196e-01,2.218336226806720546e-01,6.613440284768667965e-02,7.328088701424260165e-01,4.343857102745165566e-01,8.246221852849162648e-01,7.598548269360720919e-01,2.016944111467579570e-01,9.665022352640242342e-01,6.220232180954481382e-01,7.993194067153783777e-01,6.185953129924418592e-01,8.314620414240371238e-01,3.447298056317690262e-01,9.994989018355191490e-01,6.198795216622325910e-01,4.557118486744820562e-01,5.614918125866528165e-01,7.826567524802032771e-01,8.898339602481440958e-01,4.910505130666463769e-01,2.342671182886551795e-01,7.082192483016003237e-01,8.941650555824935953e-01,8.898082532559231650e-01,1.529343752422002156e-01,3.163902154405857092e-01,5.594551952787661930e-01,6.886524669375387875e-01,5.552648737683495428e-01,9.391970365690842648e-01,6.103199338827595133e-01,8.882136173745224239e-01,8.264346260797666988e-01,4.400758026586943927e-01,6.780136424799000361e-01,6.179810628122729410e-01,7.595755088234135144e-01,1.221799067689488122e-01,3.044447064700933625e-01,4.850920179016262601e-01,7.047046985045245515e-01,7.052979057558999010e-01,6.600185787539506466e-01,4.417324346887193109e-01,5.163531455146195270e-01,6.908044953300547242e-01,6.812146222198788292e-01,5.339700335077376403e-01,7.955167887839198482e-01,6.236848100871454914e-01
6.935927147539673321e-01,5.024196674294961751e-01,9.875606386084587740e-01,6.618040826376339059e-01,6.674986121312748155e-01,4.016110100834457408e-01,4.581408135043157914e-01,4.927858204704883005e-01,5.269616543567839928e-01,4.601078648312953989e-01,7.649617824958694356e-01,6.642196610999254736e-01,4.563066089106163070e-01,0.000000000000000000e+00,7.511647437264714622e-01,9.247229835401338249e-01,2.050692080327788103e-01,9.451192172724380836e-01,8.867637205888191376e-01,7.825598366583821353e-01,9.076503193678165937e-01,9.638098102047079063e-01,5.218214691062299515e-01,7.163807813247657919e-01,4.112086276107443927e-01,7.408574865975676715e-01,2.559572301534153715e-01,9.737950555974439482e-01,1.430780351607013334e-01,2.915295059515233822e-01,-3.758168380838311506e-02,4.476593063405528983e-01,7.101600463885164860e-01,4.400948414900568983e-01,7.545865088384704489e-01,6.639813124556894763e-01,2.238278510201723026e-01,5.579660158218560095e-01,4.144746900221022989e-01,7.097936907006729967e-01,4.568144153396715978e-01,6.530570167433795703e-01,6.643388153794517192e-01,3.550581774855681161e-01,6.931802821256483060e-01,8.435493326864662578e-01,6.628515173924379722e-01,1.507964995430082292e-02,9.724634294307061833e-01,8.547364634851257748e-01,6.420604072730072831e-01,4.579422539689915750e-01,4.923073800357004037e-01,6.876075982698311995e-01,9.977813566295741232e-01,5.732455422952382751e-01,4.165211022455468370e-01,4.168507300718798936e-01,7.565428960221551868e-01,5.554434685575562192e-01,6.357018960621025894e-01,5.620088932042976992e-01,3.161342189714982376e-01,6.370270904571180282e-01,9.908920031726328181e-01,5.670766808565541606e-01,4.363127891759197019e-01,4.432670945550100661e-01,9.542212308100220808e-01,5.852336194720866303e-01,5.820148728942888816e-01,9.936264191277289770e-01,4.217031302393230985e-01,2.368906853924359623e-01,2.673174734052737866e-01,6.483669814955632660e-01,7.460227085838051497e-01,5.106717028649436774e-01,3.196690555024908065e-01,6.751975365831822673e-01,7.975667118669638178e-01,5.051961173362971014e-01,8.802748270769330530e-01,4.760786466989306298e-01,7.733406939269098501e-01
7.291456770942184029e-01,3.991959031655981649e-01,4.461622875326631821e-01,7.899518531838305435e-01,7.271499723034929863e-01,6.004092676821173313e-01,6.796367281472048827e-01,4.583814802569399771e-01,4.303007870242734345e-01,6.280544702732295814e-01,6.663997900040005140e-01,3.567422371796820091e-01,5.538117070876301673e-01,7.511647437264714622e-01,0.000000000000000000e+00,7.144902574800506834e-01,6.170393761255588139e-01,3.660274667579308527e-01,7.134667842544382133e-01,7.831360973032938100e-01,6.938789251005756942e-01,6.707885984440338234e-01,4.153163360072383847e-01,8.373579097313758046e-01,5.827784014224629550e-01,9.505136356043355494e-01,6.044264115444867302e-01,7.712508055456729350e-01,7.554779438367694722e-01,4.662568081050861846e-01,4.965689343708905579e-01,2.160643837702572179e-01,6.643447452494246619e-01,4.915007037346426078e-01,4.744957220667820330e-01,2.754627178599624582e-01,6.526577644004605272e-01,6.876740622745620701e-01,8.010026149173853360e-01,5.182288435860169518e-01,5.008545671650775910e-01,4.097894728812814247e-01,4.575379164270702015e-01,6.691667644052678998e-01,8.853403829155287452e-01,9.210801016786953621e-01,4.034173889588364426e-01,6.400536842436054252e-01,3.874843235580693879e-01,9.598893420389582598e-01,5.690570936047363304e-01,4.183694747336366149e-01,3.203368288849890444e-01,3.356335190512335087e-01,7.622752007072309821e-01,7.217430858461728604e-01,6.147970093231290845e-01,6.140309892436355277e-01,7.551032820352779895e-01,4.838625222277036508e-01,4.028766127788167006e-01,7.195641543631087211e-01,6.272972367351751233e-01,6.104772679974515004e-01,8.876790787778120473e-01,4.096929187263568251e-01,8.640378068459080296e-01,4.611798525551434325e-01,7.738678514814010256e-01,4.150429187900983030e-01,9.763503516367544321e-01,7.008338502469736442e-01,5.528970659731486936e-01,6.944466197664870277e-01,5.683075508594008785e-01,9.575069529789438372e-01,6.374261406689839538e-01,5.582535029655382175e-01,3.606868871890568373e-01,-2.778235489115965517e-02,4.988150767799081620e-01,9.292191581749587037e-01,7.431207854839486648e-01,3.869589749684909652e-01,7.370498433494555579e-01
8.949501947383642353e-01,7.982748501288429166e-01,4.304902545057076035e-01,3.546029519485019987e-01,4.065338156105000600e-01,6.997320452286290848e-01,8.260854659169053482e-01,5.618257014269760763e-01,2.422356573930381785e-01,8.370770540615990463e-01,1.273759568383667495e-01,2.273698112021226292e-01,2.803935547922370430e-01,9.247229835401338249e-01,7.144902574800506834e-01,0.000000000000000000e+00,6.871151357157724293e-01,2.123946266399877325e-01,7.297882633176042688e-01,9.429211262048464715e-01,6.871979496776399188e-01,3.185768217511080191e-01,3.477788674866853502e-01,7.933324548872415782e-01,5.732581178103390851e-01,4.009468280662541462e-01,2.808761959083067028e-01,7.506335438097454515e-01,6.574438908880808619e-01,7.346433992554204373e-01,1.860219554957758259e-01,7.524999812320641857e-01,8.588934966729377951e-01,3.528582575910159669e-01,9.846752646514586038e-01,7.649829993356348501e-01,4.922352913351669690e-01,5.299809817221545760e-01,6.569442033515613399e-01,6.303246241022814056e-01,5.105958055043916533e-01,4.498369606717123603e-01,8.278961955700661068e-01,4.494464492843466830e-01,9.150024374112758485e-01,8.122607952437077561e-01,4.841282226912613784e-01,6.602507884429578144e-01,5.508785338803374731e-01,6.101996528509368023e-01,9.499795226679874638e-01,3.006308687209504060e-01,5.368571270334692169e-01,4.954387354914507879e-01,4.757105015559118244e-01,9.686713812240159704e-01,4.392280172266415650e-01,2.604184284953710016e-01,9.681858815797550477e-01,2.454149809359482126e-01,6.770362132560878710e-01,6.366247944460659003e-01,3.994206733690542910e-01,7.820575157289634260e-01,5.938202644926657836e-01,2.810782264024813681e-01,8.263199725902347081e-01,7.555104715732300358e-01,4.576103116116571612e-01,1.360674224846046554e-01,7.024474543930021575e-01,1.014042905896380964e-01,1.473938706761644957e-01,5.894958153205005491e-01,2.823206198665876854e-01,5.265066653987118261e-01,4.343909796827272740e-01,3.030988712258017026e-01,5.852977299466717298e-01,1.728526731530967420e-01,2.290093357593577239e-01,8.448395861409031538e-01,3.187721243111802383e-01,3.399203148384285500e-01,7.479302996378857094e-01
4.992487489378757415e-01,5.025761295790812655e-01,7.801003711799205931e-01,9.535466264983023521e-01,4.358006790705147848e-01,7.046227166302206912e-01,5.412534271867572855e-01,7.643195416220315286e-01,2.213706868642454362e-01,6.689880134785586296e-01,7.065572276466673962e-01,4.465598331245709263e-01,7.148669051610243574e-01,2.050692080327788103e-01,6.170393761255588139e-01,6.871151357157724293e-01,0.000000000000000000e+00,7.519965370890382417e-01,9.748440513735099344e-01,7.989578441421294475e-01,6.000826795693707805e-01,9.070988039957397220e-01,9.999853534454261617e-01,8.481768044642448157e-01,6.854039958394234633e-01,6.891721882947681177e-01,4.366354224745733204e-01,9.545153509856407759e-01,6.031095865788081989e-01,3.035636018763752109e-01,-1.055792346594322390e-01,7.287472217734860536e-01,6.867527986415391528e-01,5.864164528486919270e-01,5.169716890034905532e-01,7.930869895324390573e-01,3.809829904989049387e-01,7.519407986472791405e-01,6.572708910264773996e-01,2.551369362404243835e-01,3.093035597540126913e-01,6.817825021567692767e-01,1.170207363218330604e-01,9.327577263187680767e-01,8.670503041356318885e-01,3.591659029089832034e-01,6.113556762458199900e-01,8.034154088231670876e-01,6.501900038091105172e-01,4.841636490325540998e-01,4.107840112155394241e-01,3.427773974807324375e-01,7.884430246040101675e-01,8.712791134952393435e-01,1.796893112641713974e-01,6.362395012394821414e-01,6.120156525949811410e-01,8.567061358452616737e-01,6.050373229961831800e-01,2.485429685214676776e-01,2.276643843011557922e-01,9.714478809824540484e-01,5.883570081696128939e-01,6.326552661094585472e-01,6.489334647550728530e-01,7.913048047913332494e-01,2.730285391956756014e-01,7.861189032905171459e-01,4.284829512511736382e-01,6.304258802831332886e-01,4.871561102372407026e-01,8.037190612532981726e-01,7.684562934411367507e-01,2.912428731203293153e-01,2.008861354055934967e-01,8.787241237570525554e-01,9.484248654138314194e-01,8.427684545373487213e-01,5.200536336768586398e-01,7.222347449606831837e-01,7.322426176978736878e-01,4.513431294528069126e-01,9.558059589541221257e-01,1.686443122820807106e-01,1.996093619661317708e-01
4.502222716323641682e-01,6.396556246773985599e-01,4.207801753145677948e-01,5.923909181079833886e-01,7.067013652957898628e-01,6.251132276797500831e-01,6.934945104120061599e-01,6.966634252244294778e-01,-4.599098666869694263e-02,4.201971290362172540e-01,6.063907835785282696e-01,4.685553360230790276e-01,6.649538603863186514e-01,9.451192172724380836e-01,3.660274667579308527e-01,2.123946266399877325e-01,7.519965370890382417e-01,0.000000000000000000e+00,9.821418719787173846e-01,4.454527380445557627e-01,8.025164128939994423e-01,3.889707930446958395e-01,6.243160705736162663e-01,5.964889486394449047e-01,7.474302782690668279e-01,4.545594053993023409e-01,4.209740254207244847e-01,4.699771822960499001e-01,6.045437185594685348e-01,2.472511468248762834e-01,3.830728177521514621e-01,6.132138579602335327e-01,6.479351648649835926e-01,8.511310735769048730e-01,7.762745194256838177e-01,4.183215975077217985e-01,3.391914571024061686e-01,2.271740852552126821e-01,8.659432179419219722e-01,6.300429440632882017e-01,4.097233671124025922e-01,6.298510324107280400e-01,5.844632037607924158e-01,8.460905048002127504e-01,6.131744554843822081e-01,8.697367192052017915e-01,3.884142109893476968e-01,6.323697302862173464e-01,5.761697397239715634e-01,2.372722110195945311e-01,1.942970072916448410e-01,2.345826336932170242e-01,6.120950359291758014e-01,6.792733323765590692e-01,8.213164404594321955e-01,5.624973428943047526e-01,7.375171551245354173e-01,2.996918385894874470e-01,6.659013259685698793e-01,3.340481579251892708e-01,7.823203278588340970e-01,4.283403599541410478e-01,7.515725864688045377e-01,7.816375633710315185e-01,8.419867062551407155e-01,1.906719310508140364e-01,9.683644106582176558e-01,7.363769334983231163e-01,6.559507049843054105e-01,1.718071466221452182e-01,8.640997295880742390e-01,5.804248864999406177e-01,5.258879149514819051e-01,7.687849172201247638e-01,4.631096232122172140e-01,7.382469037560606129e-01,8.229347266977540265e-01,5.267486288337382971e-01,4.532559361529431285e-01,5.222563128433176383e-01,1.671188905419077608e-01,7.918055080759581754e-01,2.839368756476473021e-01,6.914061088228876661e-01,3.489934054827653620e-01
