0.000000000000000000e+00,6.680961629976678307e-01,9.276072090199893871e-01,8.326903194043174805e-01,9.538952176160157004e-01,7.416197322180168028e-01,3.724553982150629050e-01,6.352374906384949949e-01,8.573092229472090153e-01,-1.047255086556939802e-01,7.293136648961567881e-01,9.517167661019920732e-01,5.964472125510604794e-01,2.109092257441736451e-01,9.132600635738417072e-01,9.214591569067979160e-01,7.540623293964237028e-01,6.801235637162897918e-01,9.837952659631223895e-01,1.006574954813234807e-01,6.125347951482505993e-01,2.553420124171740246e-01,5.061362638519329993e-01,9.340991564062345320e-01,7.778233297820112968e-01,7.419036553585621752e-01,3.842287498401636414e-01,7.074420189213878052e-01,2.115259115636379528e-01,7.863757778412718835e-01,5.531763941017359132e-01,6.476715328168095587e-01,6.143720277808217833e-01,4.774288682502960124e-01,7.397315585598834842e-01,4.241191957854550387e-01,2.032507838662627464e-01,5.302690234150155835e-01,7.909079552386739653e-01,8.263166252924987187e-01,5.972446264538634475e-01,9.542427968674543903e-01,6.353555531311548821e-01,4.261564057646232695e-01,9.494322453793587746e-01,9.007185418375790453e-01,8.544268009633714245e-01,8.127403348544837147e-01,2.325074400110561657e-01,7.549452703744317095e-01,-8.378042771635835217e-02,7.904319771475245560e-01,4.296630434749292293e-01,4.910082071944916748e-01,5.734240506250863900e-01,8.331391935516822000e-01,3.164809898902458674e-01,7.496251751826912280e-01,4.868779334875930065e-01,6.729884987596264079e-01,7.283721174880547489e-01,5.123511739772801388e-01,8.664342768916417636e-01,9.747743968223354649e-01,4.185764168358597215e-01,9.942019602810232559e-01,6.399240432766731823e-01,4.921746533139880198e-01,7.061592705675507897e-01,4.396736682821391629e-01,4.758762339240476535e-01,9.233098437367479594e-01,3.556253811021239386e-01,2.359963104171073911e-01,8.024273642701957865e-01,6.088181064225401951e-01,6.427543488248055326e-01,8.972961334779355758e-01,7.998454554949652184e-01,5.791518946752316488e-02,8.726031046145440451e-01,7.752278100212838252e-01,8.325027319455099439e-01,-9.055341142538976540e-02,6.604070367031960043e-01
6.680961629976678307e-01,0.000000000000000000e+00,4.081878153742431459e-01,8.531723775882883443e-01,7.658107266084940301e-01,9.638291134219946210e-01,2.222762428960907422e-01,8.345607314132850174e-01,6.749358155566613782e-01,2.066210531971739151e-01,5.857957085072901249e-01,7.125142624233904431e-01,6.124475102719252328e-01,9.675209580524576358e-01,1.888737531073494610e-02,1.126842391260243076e-01,7.089495316030467453e-01,2.840647145234178605e-01,3.024900475126243160e-01,7.013566820319793171e-01,6.580997037940418126e-01,-1.625695465920584948e-01,5.795077441386250472e-01,9.000873410298402266e-01,3.318596393369885877e-01,8.624441033222074449e-01,7.616199869641874232e-01,5.260765304842951462e-01,3.793114903864190923e-01,3.497646440582962146e-01,2.923201953831298106e-01,6.020824513944308398e-01,7.068224472365357558e-01,4.080570549468863772e-01,6.775382337418610623e-01,3.090128164071767602e-01,5.502588019694230059e-01,6.332221014643597545e-01,5.792577190643949381e-01,6.963145476661469768e-01,4.789562131204489481e-01,2.676478103951187570e-01,7.593851862465825775e-01,6.197463741590585329e-01,6.378359988646959966e-01,9.093523340715775616e-01,6.014118697032522221e-01,6.257271052303249315e-01,3.568958116330030184e-02,7.714149576168307654e-01,8.416375791740309253e-01,3.488647511268705981e-01,6.683707027751180085e-01,2.027771409625739596e-01,8.915625751175012548e-01,7.212671380776601859e-01,4.502300379587407808e-01,3.653008334119283163e-01,9.455016909989502061e-01,5.789222763978437714e-01,3.494211578087517145e-01,1.886183063441175534e-01,2.075881493037700642e-01,6.228646948515542681e-01,7.495280884295840718e-01,7.860862795841021544e-01,5.688903164575154214e-01,6.338205276287998124e-01,6.730581528271328828e-01,5.771659581717326626e-01,7.567685937543034980e-01,1.838940848051307531e-01,5.717894239368033205e-01,2.518810310112562512e-01,5.082585426931190975e-01,5.860837559710274647e-01,4.174825302244483671e-01,5.650587623852236785e-01,2.274144957705832581e-01,9.579911711667843388e-02,8.386076535857961423e-01,5.476328466539839290e-01,4.220597460877062446e-01,7.671589083364942496e-01,-1.428416552865904854e-01
9.276072090199893871e-01,4.081878153742431459e-01,0.000000000000000000e+00,8.055151995538353260e-01,4.518502635884021346e-01,4.467115091397713678e-01,8.522294268760449709e-01,6.914440116378383072e-01,8.305655599514268905e-01,7.472654754356139462e-01,8.446168983671815678e-01,6.879884973928412917e-01,7.106325302783167430e-01,2.035072758316351926e-01,7.859763527364515001e-01,9.193418844360135012e-01,8.474987162129647977e-01,5.661328554761868581e-01,9.193703237133902251e-01,2.519605959062397038e-01,4.473000866675741483e-01,7.505401767585098138e-01,5.920346000501898187e-01,7.643906438406761206e-01,9.015389049963171697e-01,6.040631253763681929e-01,7.385075253937112283e-01,5.166852051433370452e-01,3.486802891438412488e-01,1.267382344171434083e-01,-6.598664747379098805e-02,6.089173765646392900e-01,4.294127820567437692e-01,4.979749267042956062e-01,9.025631386300795311e-01,3.232172877505470332e-01,-1.368178985041934581e-01,9.020615914788081557e-01,7.811069550898177560e-01,4.136636040449251372e-01,3.635066272286885392e-01,8.848395009786959031e-01,8.579798702615915040e-01,9.636817412674730798e-01,7.747673828878299807e-01,8.987951605590531745e-01,6.437759830431101227e-01,4.762797323561438478e-01,9.953845975592477968e-01,9.649301206157726574e-01,6.540914262206276586e-01,9.943984538227058634e-01,5.208811641945532145e-01,9.476623633020491155e-01,8.761631634872421026e-01,7.813913885954316685e-01,6.824757588753956883e-01,4.984187253707746401e-01,5.728601353909638094e-01,4.726782320720379627e-01,-1.306906856441089615e-02,8.503655693522387260e-01,6.709916662284425293e-01,7.245042129992471658e-01,5.472569119901622425e-01,8.810937382841376175e-01,9.783604784203436822e-01,7.963806126601286062e-01,7.785475947315310119e-01,6.596056046457702271e-01,9.997775892955009791e-01,5.009326053517265676e-01,1.508375687329089332e-01,2.716480302018797754e-02,6.945337340733471754e-01,6.166518053638460062e-01,3.353156628860650690e-01,7.703309431601883528e-01,4.013209292513961884e-02,4.810797691635677609e-01,8.445574155909960634e-01,5.602218789036708113e-01,9.050188348968234431e-01,7.923859610084491578e-01,6.815449827584032505e-01
8.326903194043174805e-01,8.531723775882883443e-01,8.055151995538353260e-01,0.000000000000000000e+00,4.325529855113919298e-01,7.905945174137514186e-01,4.353984936558059626e-01,4.429967333259517415e-01,7.553753995191064829e-01,9.025711596994206998e-01,6.868583938042726045e-01,5.460747340979645870e-01,7.238147578515918834e-01,9.369390497938048235e-01,7.752107759348245697e-01,4.561894977232636705e-01,6.500444276389995002e-01,9.057444509622910589e-01,4.196109868742821103e-01,6.494679432656284002e-01,6.790389216975374342e-01,6.647421102381949609e-01,2.675286270688415624e-01,7.700621851400224482e-01,3.315020952108501673e-01,8.964311987516916380e-01,7.365389451225352602e-01,4.830888341991639856e-01,4.907137281501583459e-01,4.780531426877140388e-01,2.463206495374466454e-01,6.929882210790608843e-01,7.397577564530691818e-01,4.911397710657877669e-01,6.805398753763440833e-01,7.986570266973262999e-01,2.760747559554763836e-02,1.649376947486671519e-01,6.473357031168367470e-01,7.186314289438917591e-01,1.923043273877650117e-01,4.403379192654049978e-01,5.085996454693755275e-01,5.219611661139647030e-01,6.519348766569439402e-01,7.383073549076593078e-01,8.753672708474553588e-01,6.426302761836922839e-01,6.280088806625516717e-01,4.622506370124735975e-01,7.561238810630589446e-01,7.323529114611291302e-01,6.808977835063297901e-01,6.049823655802130107e-01,7.148755746268786737e-01,3.503882935428555001e-01,8.013602740756374798e-01,4.422178568560888312e-01,7.776799011990347399e-01,8.492910903151512647e-02,2.013555940119221010e-01,6.241337961067926488e-01,6.691464293784709083e-01,6.327250442986374068e-01,4.575664172601681678e-01,4.289879896543723481e-01,6.451433725636890326e-01,9.040165984649838338e-01,5.270923810172676305e-01,7.726139845522055349e-01,4.477766320237205888e-01,9.252795434178912037e-01,6.855118851227647025e-02,6.413555447637546703e-01,9.906167505942220508e-01,3.589559332720263507e-01,7.066390323387705674e-01,9.707812957432704337e-01,3.236394867128937203e-01,6.934899262864513414e-02,5.317646425131548060e-01,6.903150358255245589e-01,8.398973675935501593e-01,1.613704731801343384e-01,7.048480083497179471e-01
9.538952176160157004e-01,7.658107266084940301e-01,4.518502635884021346e-01,4.325529855113919298e-01,0.000000000000000000e+00,7.403434732120680595e-01,6.674109193220508773e-01,6.246368750104961398e-01,7.647339844505756101e-01,5.807192323670146150e-01,8.314468516395890907e-01,6.984507955707655036e-01,6.948072725825683582e-01,8.849244167976013653e-01,6.073115315442585427e-01,7.069671708603265659e-01,6.045841510293241683e-01,7.328757368026496133e-01,7.287775703944427974e-01,6.535218026355511522e-01,4.574330452954327719e-01,4.215648469302957224e-01,8.876149102852619599e-01,9.982608449585919086e-01,3.575064493406023280e-01,8.135274707914569303e-01,8.293564890115534549e-01,9.640861425666966689e-01,5.383039241107960837e-01,4.599468787033531014e-01,2.953716967842051622e-01,4.620945004353638752e-01,7.160879155602756230e-01,7.148289192635242095e-01,2.469112768382855649e-01,5.509322990988245738e-01,1.713055173284223354e-01,5.325067288296814194e-01,7.958169956565412928e-01,6.536841308394701899e-01,3.324404637532892837e-01,7.457996856550223874e-02,8.925306287856248355e-01,6.178990872081666641e-01,7.751557313385619707e-01,9.376910518967007668e-01,6.712411513030449584e-01,6.572831250845709850e-01,7.704780211379496091e-01,3.600618543233507357e-02,3.769215921546598125e-01,7.089406381405578550e-01,7.261664879924879523e-01,7.269380297966571147e-01,6.746057873246571468e-01,4.252491158858258680e-01,7.464439697387751371e-01,8.150062725234177852e-02,8.365083798862609221e-01,7.130728883169987764e-01,4.976128682452080065e-01,4.566036555302422917e-01,4.135105594799903805e-01,9.871517538988351381e-01,6.879785832953624336e-01,7.577075135415362039e-01,5.002898135349570508e-01,6.305026749315516543e-01,1.285578091229231529e-02,7.300567588742938874e-01,7.376869511951879010e-01,7.123503708722949135e-01,3.742449444475628995e-01,2.671569725096475945e-01,6.932706657665861361e-01,6.943135586763803380e-01,3.434188776707218782e-01,5.825223056157323720e-01,3.130005948081899803e-01,6.984711889723352329e-02,1.640705931246508320e-01,7.553914957516384421e-01,4.522569427992630398e-01,-5.983983348582580519e-02,4.326342188132426547e-01
7.416197322180168028e-01,9.638291134219946210e-01,4.467115091397713678e-01,7.905945174137514186e-01,7.403434732120680595e-01,0.000000000000000000e+00,6.516629153037192257e-01,7.221280180989403386e-01,5.966758382929542304e-01,7.451362054681234248e-01,5.821549612962908515e-01,6.603628311777169912e-01,7.592056662765132025e-01,8.999070752989726252e-01,3.088615286361570123e-01,3.596301026125405809e-01,7.258516647242537756e-01,3.316982428486228152e-01,3.525544243981941772e-01,5.014331116126992116e-01,4.267008359390445094e-01,5.720834931456160177e-01,7.951028698369011494e-01,6.375105520211548082e-01,1.565510373477718986e-01,8.137696904609968973e-01,7.677909977450131374e-01,3.145159903576202343e-01,4.404434763471692382e-01,6.743744804828907258e-01,1.716987511436318756e-03,3.216592659917866803e-01,9.189805715202992165e-01,3.601008014529038515e-01,7.738870801162043289e-01,3.310633092368058250e-01,3.966729500397089825e-01,7.047672850567349156e-01,6.330244516727453474e-01,4.341281107740555534e-01,2.361944738104702624e-01,3.528272592543484909e-01,9.843408352211204804e-01,8.530965593308238448e-01,8.372057510389182555e-01,5.961305722106295946e-01,3.117429319834389978e-01,8.477451744282985535e-01,6.416880127815643986e-01,7.607835636831761228e-01,2.575014318243276645e-01,8.652012792889680615e-01,9.934118839843036897e-01,6.537611655179211834e-01,7.511688288388421730e-01,6.822655199951983551e-01,5.596554505754198772e-01,6.206052559137068547e-01,7.976585403249288886e-01,5.661962892703484851e-01,4.701633030512390454e-01,8.612385416092394053e-01,4.482279290342083278e-01,7.891933779622379852e-01,9.959635090332618068e-01,3.923283364748656465e-01,7.085796913832034805e-02,9.955677702750234115e-01,4.449551801190276268e-01,4.893308585875781325e-01,6.821816582861266465e-01,7.563394351635994717e-01,2.411529862407892355e-01,6.131163301583757441e-01,5.296906696582136531e-01,9.226292978200474337e-01,4.824845565347939402e-01,2.717476110494000396e-01,4.160573390806704963e-01,4.419830266520001771e-01,5.603071365501690604e-01,7.130353223041588917e-01,6.828739696971216633e-01,5.825881842473412675e-01,6.851382691420399018e-01
3.724553982150629050e-01,2.222762428960907422e-01,8.522294268760449709e-01,4.353984936558059626e-01,6.674109193220508773e-01,6.516629153037192257e-01,0.000000000000000000e+00,6.421394235992980981e-01,3.615790516213355232e-01,1.226138188050357458e-01,5.334807039124837003e-01,5.372176100783817576e-01,2.078416365998050908e-01,4.410099260885004258e-01,2.198574325942256880e-01,8.158353012244772273e-01,8.004567969231899394e-01,5.571225957616737778e-01,5.812047853681824305e-01,3.059314051757624497e-01,7.540709814259166643e-01,5.552796450087301716e-01,5.995415565979598238e-01,7.142177807103528009e-01,2.065536456803882259e-01,2.538619716300188345e-01,5.102218634079570547e-01,7.342644531889535031e-01,5.806966994027631390e-01,5.485704025940796313e-01,3.707564357728326820e-01,3.492224615246719566e-01,4.262857008647431001e-01,6.283814111618934994e-01,7.849745082339621982e-01,5.716056460517559001e-01,4.954401449297113347e-01,6.088588105265367867e-01,6.673149589565648965e-01,6.887170563657765143e-01,6.770553061141221241e-01,6.834564319268690014e-01,7.077361078822156371e-01,7.689717880085455981e-01,8.960843459811719258e-01,7.500779003867539263e-01,2.154358350964885871e-01,5.345839912529604110e-01,6.062365183928212220e-01,3.172166777466082221e-01,4.711696375693232297e-01,5.801160193418897215e-01,2.222294282955113998e-01,7.434569599013338692e-01,8.893124037951007921e-01,6.951758546342324818e-01,7.677301414696684478e-01,7.203528389847392299e-01,6.466391727939408973e-01,7.798528398892484725e-01,5.211433108691978511e-01,4.885878861413037733e-01,-1.399623492000378056e-01,6.584267461571314817e-01,5.475107420071574360e-01,5.353057541867478619e-01,5.351140520053929706e-01,3.799671757469600536e-02,5.264526275020037227e-01,7.557359651185489025e-01,5.832047428802342726e-01,3.802503248969119065e-01,3.339132629692525417e-02,3.846293632203472423e-01,1.330172864017553080e-01,4.535574239540681174e-01,7.903533895746313043e-01,5.640261372481094604e-01,2.682708814140103981e-01,4.612085437832380008e-01,4.382211533467855746e-01,7.653609312839532164e-01,5.522945290805590934e-01,2.686421554665676670e-01,3.146500534123161108e-01
6.352374906384949949e-01,8.345607314132850174e-01,6.914440116378383072e-01,4.429967333259517415e-01,6.246368750104961398e-01,7.221280180989403386e-01,6.421394235992980981e-01,0.000000000000000000e+00,-2.294354664890364826e-01,3.027658137046742026e-01,7.840337078357284550e-01,5.488567416863525672e-01,7.316084367404551703e-01,7.244335981032598015e-01,2.696514900215504773e-01,7.424903099912869564e-01,2.238345776040719104e-01,9.830598618917476550e-01,2.253755796846015902e-01,9.372644397996670040e-01,8.983525919243321445e-01,8.033671685452836719e-02,6.072614189292052655e-01,7.529088535902033197e-01,5.248202035877492788e-01,3.243064787120278902e-01,9.393285794744691275e-01,5.501271671426746224e-01,5.076080952432074911e-01,4.820972361832428499e-01,6.397056696045764212e-01,5.488088449844139571e-01,3.129732689638475840e-01,6.829112594938709924e-01,2.105056181235437918e-01,2.920330646308148537e-01,3.487430737731822550e-01,2.743224284617601927e-01,7.431160044710287682e-01,6.027131084892144441e-01,2.388378019009227693e-01,2.968022876824205625e-01,5.635282491633026858e-01,2.169737470408443503e-01,7.147238311153352175e-01,2.926674456231403987e-01,6.498843213453883161e-01,6.680187530090586634e-01,9.273222760992111402e-01,2.970718254180390594e-01,2.851764934364712789e-01,5.620490487771198085e-01,5.552128804185157973e-01,4.825590045574591480e-01,7.300574929964305237e-01,9.931436334307433000e-01,4.370604340585117487e-01,7.497239250922271836e-01,6.813658620180227388e-01,4.091356718809627813e-01,2.347922141453090139e-01,6.434576211207549967e-01,9.527694442496492666e-01,6.581078215022373445e-01,6.155272971491378975e-01,7.189260619479168613e-01,9.251362817141544070e-01,6.088811735133140557e-01,9.326459309930978936e-01,1.541548492975221007e-01,5.258558796677497149e-01,7.480326206430646385e-01,3.289243345208128222e-01,-2.244495979640860894e-01,6.732771878405012789e-01,6.992451706912957698e-01,6.711611184661456786e-01,3.562947277583543571e-01,5.339099193518129782e-01,3.096340802303821915e-01,7.940034695205895332e-01,9.848137672028290934e-01,3.175594912851585905e-01,7.720456899303518306e-01,4.337470933626851322e-01
8.573092229472090153e-01,6.749358155566613782e-01,8.305655599514268905e-01,7.553753995191064829e-01,7.647339844505756101e-01,5.966758382929542304e-01,3.615790516213355232e-01,-2.294354664890364826e-01,0.000000000000000000e+00,2.293827999008601348e-01,2.731051033610072398e-01,7.762147725655423880e-01,7.414489118294645964e-01,7.164700829435506346e-01,5.009344255223523446e-01,7.834561121857958055e-01,6.757611740781729326e-01,3.926937904497144194e-01,5.852788758948050951e-01,6.260247204151467848e-01,5.209310796864323745e-01,9.211124270682137238e-01,5.203894714244132746e-01,9.859337728915990029e-01,9.544923692121960734e-02,6.700209619361421343e-01,2.418785921889046175e-01,6.888952264686962756e-01,5.503493323689718775e-01,5.309906511667074058e-01,5.391230215626470201e-01,-1.575382899556429794e-01,5.764344428681843491e-01,3.440424164243544025e-01,5.564076949654543913e-01,7.382145096631964609e-01,1.089638372202237360e-01,1.775636176062231897e-01,4.261525779033639161e-01,-1.017596822924354272e-01,3.128978185343643248e-01,3.083528934804917743e-01,6.992123431004683143e-01,9.268266667442475182e-01,6.352229155504052205e-01,4.245468042220364446e-01,6.580237849548487006e-01,3.349527308028937833e-01,7.216275742552512584e-01,3.458023960351755965e-01,6.583136672263133482e-01,6.391991999280792758e-01,9.919589413911011899e-01,5.672727118128809698e-01,3.702761347762935085e-01,7.519294133157086168e-01,7.060241835558770385e-01,7.911853617939739181e-01,4.400525242675230042e-01,7.723595993191962883e-01,4.985508116274637302e-01,6.919327454160383306e-01,4.958806427369658043e-01,4.862497644601440072e-01,9.253579785138702496e-01,4.472853061228126981e-01,4.647001521575268024e-01,6.744737910974787365e-01,3.902543028821636728e-01,6.493406831480228458e-01,8.817188425650941408e-01,5.932768732464177575e-01,3.803559396181810381e-01,3.586793260587007870e-01,7.430267422379058795e-01,4.489567738732510027e-01,6.952258665279387184e-01,5.940033692597093129e-01,3.106039948135020934e-01,4.150122633089792235e-01,6.949823317181188509e-01,6.526655340870873845e-01,6.355882307215258153e-01,2.161361020320753668e-01,3.598854741394965640e-01
-1.047255086556939802e-01,2.066210531971739151e-01,7.472654754356139462e-01,9.025711596994206998e-01,5.807192323670146150e-01,7.451362054681234248e-01,1.226138188050357458e-01,3.027658137046742026e-01,2.293827999008601348e-01,0.000000000000000000e+00,8.887254354907299092e-01,3.109199317262415496e-01,1.565022183521217469e-01,6.432087528093096696e-01,3.984673597209349438e-01,7.638517682654194507e-01,6.511260367933360271e-01,6.577013553925452616e-01,4.134916040678367488e-01,9.531357336457511042e-01,8.685075579685376246e-01,5.306669192251229905e-01,1.407361997591350944e-01,6.658873350914682465e-01,2.959867923263264644e-01,5.908333202086567537e-01,6.908812415794828299e-01,6.966130265697343393e-01,3.130624386915002999e-01,6.050044704290225006e-01,2.111372123181516347e-01,6.170854947571182691e-01,5.545400454120440470e-01,7.173734527196820032e-01,6.088069463113340296e-01,7.064634505559744815e-01,3.374405239493538655e-01,5.011808652950260345e-01,9.203522050026297086e-01,9.951578932890015050e-01,3.362194480637960975e-02,5.226346784475870422e-01,6.478100836076551294e-01,7.499705247115031614e-01,7.429790306467175531e-01,6.168386065357219783e-01,7.914750602133684421e-01,9.633728946272279714e-01,7.489284680603983668e-01,5.059064863414248769e-01,6.050247728205678799e-01,6.535982028471374328e-01,9.651962321451408311e-01,9.695935350183058909e-02,6.833969758662051808e-01,2.267508881570894919e-01,5.589225654532290477e-01,8.626456630517644886e-01,9.843839770701404701e-01,4.988679695937341951e-01,5.145176282192687189e-01,5.455608579492898791e-01,5.208289508976384763e-01,5.465557866173320622e-01,6.392374969838842125e-01,1.289329364884752305e-01,4.831295349967120178e-01,9.942661567357466978e-01,3.998070236621765750e-01,6.477894973975415471e-01,6.406046719575989590e-01,3.787983428629305704e-01,5.392917927207203643e-01,2.730599783786968882e-01,6.474445230553774744e-01,-5.951116165192171792e-03,8.267534940945712174e-01,7.346252707213503097e-01,3.137237096007884918e-01,2.930124432811523905e-01,4.272165018817100646e-01,8.014433601730949208e-01,4.509175556946247165e-01,2.209961264615195875e-01,6.602246182573114908e-01
7.293136648961567881e-01,5.857957085072901249e-01,8.446168983671815678e-01,6.868583938042726045e-01,8.314468516395890907e-01,5.821549612962908515e-01,5.334807039124837003e-01,7.840337078357284550e-01,2.731051033610072398e-01,8.887254354907299092e-01,0.000000000000000000e+00,5.222684073357011236e-01,6.335998050137927606e-01,7.290224550663773062e-01,4.686949731716141265e-01,8.145356754706821745e-01,7.880575491882012562e-01,4.547149649354145229e-01,8.672534972235593775e-01,4.634638329417078983e-01,9.435669064075924428e-01,5.205210099559444137e-01,8.524950797664235802e-01,3.715180206741123259e-01,5.519761891284225008e-01,6.837255790186490545e-01,4.336306900563861588e-01,4.751181093144601908e-01,5.507419469531196210e-01,1.065352746630982006e-01,4.248458324419901455e-01,6.139553153649578432e-01,4.128374490706819833e-01,3.633549255757181351e-01,1.361533006656650835e-01,4.076465301995003121e-01,2.165682630430872113e-01,6.176843275528544064e-01,5.397650256028749816e-01,7.188789771729778844e-01,4.911008854778404764e-01,5.039267412649470756e-01,6.777269750700696260e-01,2.124815599179483705e-01,5.699084106243750281e-01,4.009212606391411304e-01,6.583461292608656645e-01,3.322644386697908292e-01,6.962565629628890695e-01,5.174007733873920989e-01,4.670210074959558755e-01,7.050853946502123604e-01,4.754259026726789794e-01,7.506156743812678611e-01,2.204027760113545509e-01,6.120506341651197335e-01,6.239313843000159343e-01,6.370710521978015795e-01,6.447091441877078610e-01,4.768979368637605264e-03,2.627478773226217812e-01,1.281328188034311644e-01,5.125100613282349560e-01,3.481308151855915245e-01,6.458047316693225071e-01,4.117929625001835042e-02,7.834041658326229562e-01,7.617522422293400153e-01,7.809896474851867332e-01,7.107610845554583612e-02,8.651616647698824325e-01,4.819976400737383537e-01,4.717195276207169496e-01,3.164154268848201612e-01,6.988987844507810188e-01,6.011559975422078317e-01,8.661651102718429529e-01,4.665349900556984841e-01,7.294388707538246308e-01,1.877209707469300048e-01,5.393577540182210583e-01,5.465973696838832829e-01,9.978286172753813021e-01,7.919689331716754932e-01,4.658563410040363340e-01
9.517167661019920732e-01,7.125142624233904431e-01,6.879884973928412917e-01,5.460747340979645870e-01,6.984507955707655036e-01,6.603628311777169912e-01,5.372176100783817576e-01,5.488567416863525672e-01,7.762147725655423880e-01,3.109199317262415496e-01,5.222684073357011236e-01,0.000000000000000000e+00,4.925824163970056180e-01,6.390886161053240810e-01,7.158026533148479364e-01,3.427238101243748614e-01,5.932996398934916593e-01,2.336017676369179508e-01,3.293794987303816368e-01,7.686222604399267633e-01,6.276743513261705543e-01,4.676236990318287656e-01,8.808121357407265872e-01,3.294511428118085394e-01,5.337615612453706637e-01,6.649884373068057908e-01,9.390151962822841369e-01,3.421118494490298367e-01,5.480543217216321539e-01,3.363970710825406329e-01,2.120450150876784876e-03,1.523421180285328136e-01,8.819805508340559097e-01,3.182701910311933613e-01,4.996945840496613833e-01,4.515977893742357252e-01,1.452212284723943814e-01,5.187578329571655988e-01,7.181453598286138273e-01,7.003434617063525325e-01,4.782757116640764528e-01,3.621632315138205715e-01,7.219912233202235852e-01,9.895526941274878086e-01,6.280784010553526198e-01,9.781144382645661217e-01,8.026641350821667187e-01,4.697293972626528369e-01,6.187532437190935708e-01,6.201923347060411817e-01,9.717655984465352059e-01,2.458458784249047679e-01,8.154197830055416318e-01,5.436969911781110998e-01,2.862395851879146469e-01,8.343970136253245906e-01,6.440302990382313908e-01,4.815836204731930859e-01,6.328182735693715921e-01,5.908640277452215095e-01,4.233978325105338114e-01,5.345094702004244969e-01,3.548731090623864493e-01,2.850590306548959618e-01,9.163273015823372170e-01,3.257414334857087201e-01,9.264292679849710499e-01,9.014155062750627279e-01,5.349576616109588123e-01,6.943149434715811807e-01,3.111225905333344643e-01,6.761566470520686822e-01,5.383780591494526924e-01,-1.850414294184381525e-01,7.168299962757964661e-01,5.305735845752619362e-01,9.736858656886462349e-01,6.752495446998429962e-01,2.678387751802788902e-02,2.791847461503749184e-01,5.175922777669740293e-01,8.026654341071547405e-01,4.961820431493323968e-01,5.360755495079421173e-01,5.962370352788077810e-01
5.964472125510604794e-01,6.124475102719252328e-01,7.106325302783167430e-01,7.238147578515918834e-01,6.948072725825683582e-01,7.592056662765132025e-01,2.078416365998050908e-01,7.316084367404551703e-01,7.414489118294645964e-01,1.565022183521217469e-01,6.335998050137927606e-01,4.925824163970056180e-01,0.000000000000000000e+00,9.031315370607202464e-01,6.178221024293624186e-01,6.666609909292947611e-01,4.439695906976653950e-01,7.183192307721892877e-01,6.715366188208538034e-01,6.917468649346086851e-01,2.473648104532079062e-01,4.933646147222639500e-01,9.512710413403915877e-02,9.753688135882595533e-01,5.577831700316583374e-01,3.244011689406770538e-01,8.280887524423770074e-01,8.118646862131985165e-01,1.883797097977578938e-01,3.890946775012256720e-01,-1.086905918545422595e-01,3.547992849794543435e-01,7.822033581410618996e-01,4.712414526045645702e-01,7.707984342076581452e-01,1.271273605569535892e-01,4.566314304286035464e-01,3.887832967190610334e-02,8.278203496206523182e-01,8.427288320587755788e-01,5.041310143773420904e-01,2.319387479283020470e-01,8.533535266416812926e-01,4.453991180263457972e-01,2.200953167476666084e-01,2.358125175339864932e-01,7.470324306611816345e-01,4.051620532333015112e-01,6.077819080535155072e-01,4.013762941551429209e-01,6.669402219986083624e-01,2.376095315491846272e-01,5.644756939354672598e-01,9.068107826448933428e-01,5.537796147829916471e-01,5.661640012850632786e-01,7.924775297414325959e-01,6.131221588818096535e-01,5.822957585209230791e-01,7.132418168862815211e-01,5.316469767251026379e-01,8.395253478118860357e-01,6.584157314501197789e-01,7.825581375427336228e-01,2.312683121196436598e-01,8.144743842284787316e-01,6.791635395093408301e-01,8.208729301418553614e-01,3.607925636148293647e-01,9.526929431481190313e-01,7.673236298481420636e-01,7.224210665192036807e-01,5.066900777326825978e-01,7.032305600107373600e-01,7.259609394391464132e-01,8.592859494371131168e-01,8.323599906360560352e-01,4.766871804832794046e-01,2.276681906860385796e-01,5.412009803987408718e-01,6.241536255692101687e-01,8.655780948715565692e-01,4.112559035388566042e-01,6.393880969586751561e-01,7.567038279984189542e-01
2.109092257441736451e-01,9.675209580524576358e-01,2.035072758316351926e-01,9.369390497938048235e-01,8.849244167976013653e-01,8.999070752989726252e-01,4.410099260885004258e-01,7.244335981032598015e-01,7.164700829435506346e-01,6.432087528093096696e-01,7.290224550663773062e-01,6.390886161053240810e-01,9.031315370607202464e-01,0.000000000000000000e+00,9.407545357743644088e-01,7.038849483176925492e-01,9.200039783410551841e-03,7.505516919711212598e-01,6.397258928592859384e-01,5.264449797248847984e-01,9.995281129855745350e-01,2.723367809316521448e-01,9.826229360383114120e-01,4.054504026063440181e-01,8.458388008307878847e-01,9.305614922985828708e-01,5.486373528165826574e-01,2.855665551166181593e-01,4.073651604959772632e-01,3.285587066817965418e-01,3.223822178820927586e-01,9.818344746711656079e-02,6.123681167633187039e-01,7.640798974306610702e-01,3.436273040067088780e-01,4.550612053581237215e-01,5.004806602455561526e-01,7.738398702095807824e-01,4.898800025792900970e-01,4.279145725472587314e-01,4.115137040858375395e-01,2.191329688409738297e-01,6.579069325379074407e-01,8.047457506521589199e-01,6.681447408342168215e-01,4.396367433057069007e-01,4.137732601437724700e-01,8.837628606579398527e-01,4.788266948984998272e-01,5.526273271937127696e-01,7.138567572496394842e-01,9.423009687746713992e-01,4.242912576432846250e-01,7.535620319680499390e-01,6.148881277429359971e-01,4.766524126350757395e-01,3.651471983917470299e-01,1.832593239261597340e-01,4.248408232705891963e-01,3.489248797437972116e-01,7.366341143619782317e-01,2.194583923295011507e-01,6.210534439381560912e-01,9.916504146324320867e-01,7.536636955983485597e-01,8.173282787499396296e-01,9.321669817227238308e-01,4.954692550807653362e-01,5.004974655664539140e-01,7.403858712974413780e-01,6.081702453570261291e-01,6.225115786062936918e-01,4.507013541265006418e-02,-1.510792973243711423e-01,6.394570910583483592e-01,7.381523136511725092e-01,6.313690466217949382e-01,8.367197339168113146e-01,6.123370500338778388e-01,2.181045888759701179e-01,3.141613672485212283e-01,4.034119634734272264e-01,7.723723301353166981e-01,5.106872588126464274e-01,8.678326335519231938e-01
9.132600635738417072e-01,1.888737531073494610e-02,7.859763527364515001e-01,7.752107759348245697e-01,6.073115315442585427e-01,3.088615286361570123e-01,2.198574325942256880e-01,2.696514900215504773e-01,5.009344255223523446e-01,3.984673597209349438e-01,4.686949731716141265e-01,7.158026533148479364e-01,6.178221024293624186e-01,9.407545357743644088e-01,0.000000000000000000e+00,7.485664771356248526e-01,5.180251897877784506e-01,5.924120799202898802e-01,5.296989751220610998e-01,6.115311521277025930e-01,7.935826237881941081e-01,7.740938289423550112e-01,9.898118762270520232e-01,9.651415592453280734e-01,7.153251571836990452e-01,7.058105961512740611e-01,3.076794889164959912e-01,4.562139315044177468e-01,2.001340777663906112e-01,2.019133761697170792e-01,1.678931110883544742e-01,3.394114761450495732e-01,2.129330367338040930e-01,9.111952856337512952e-01,4.473232695781813040e-01,3.792985292836578148e-01,2.261546229402917885e-01,-3.057580605008147767e-01,9.863601519806046714e-01,6.655846746930769164e-01,1.467326333198598898e-01,9.187055173122660179e-01,6.797269252458457700e-01,7.835457652555739561e-01,4.663790764151409252e-01,4.437243913138002593e-01,7.638247467315004702e-01,6.703964664888448777e-01,4.593055904538037582e-02,3.811048102990687303e-01,5.761927387304652814e-01,2.125768443456186596e-01,4.269415453930776594e-01,9.846471051190408552e-03,4.867989498583790708e-01,7.893419849001126476e-01,6.563164099688661990e-01,7.263688155926659729e-01,7.357426987076733926e-01,1.891062572657120720e-03,7.781739393967430640e-01,-1.453142205285361255e-01,3.648881429222414763e-01,5.371451679740950613e-01,8.772274219115172578e-01,9.229457025413861926e-01,4.811572523745640262e-01,8.842944183697872829e-01,5.413296048345013212e-01,7.167454662090015916e-01,7.465484493518782516e-01,9.535770304450669199e-02,5.208957820013774276e-01,2.817290057893493405e-01,6.244409567662255744e-01,4.799154130750653557e-01,5.388760187342472863e-01,6.331671089314010459e-01,5.159873119930616925e-01,3.580869868490489383e-01,5.030515019312523650e-01,1.791286137509954801e-01,9.474113692599667180e-01,6.781952998477362993e-01,7.070855746706075085e-01
9.214591569067979160e-01,1.126842391260243076e-01,9.193418844360135012e-01,4.561894977232636705e-01,7.069671708603265659e-01,3.596301026125405809e-01,8.158353012244772273e-01,7.424903099912869564e-01,7.834561121857958055e-01,7.638517682654194507e-01,8.145356754706821745e-01,3.427238101243748614e-01,6.666609909292947611e-01,7.038849483176925492e-01,7.485664771356248526e-01,0.000000000000000000e+00,6.801871248827668914e-01,6.129744894705793090e-01,-1.570258307388061325e-01,9.640505756087338618e-01,9.947581716755438119e-01,7.624955160235569185e-01,7.588811478681868339e-01,6.288569961369344652e-01,8.924714996449188975e-01,9.274093103498299850e-01,6.727019309286877968e-01,7.212449730594979735e-01,4.657441975451302452e-01,9.988148259856664823e-02,2.227263766267694178e-01,6.795508239100181980e-01,4.205626570836816236e-01,6.179636679929083609e-01,2.253057377073487133e-01,6.010370805621923461e-03,4.049465033071435877e-02,6.799326106153884275e-02,8.367059326028996047e-01,4.178343122149764666e-01,7.036522462680186996e-01,2.184204278402197552e-01,5.163320179741350824e-01,3.953810364222473117e-01,6.114184607298470686e-01,7.506975249673655259e-01,7.591784615719996410e-01,7.044871569109452114e-01,4.654470935848235014e-01,8.211680907410056074e-01,5.168133144644248000e-01,7.739193459852141688e-01,5.431005426804791369e-01,7.458013161201469954e-01,9.942761481093040921e-01,6.923870116096487726e-01,5.300846561273343527e-01,6.371320378785036986e-01,8.920048145050636645e-02,1.756176192512082235e-02,3.463285814752586900e-01,6.099576777008280937e-01,7.652191377152102181e-01,9.220230901167427717e-01,7.394005137866340727e-01,8.015193322789520014e-01,4.854016220486719324e-01,8.532911852948128484e-01,5.943489080507085021e-01,5.673573262449090882e-01,8.898168471530458756e-01,6.743736046954892371e-01,4.767701114710973798e-01,5.460116440727507126e-01,2.703410495996174112e-01,6.810071660675978134e-01,5.434674783156584477e-01,2.316571528217635234e-01,3.038216065197728577e-01,2.613513449329366023e-01,6.994684498953762652e-01,7.398911072014492385e-01,6.214188302966507926e-01,2.966185236172999562e-01,2.677892664143412538e-01
7.540623293964237028e-01,7.089495316030467453e-01,8.474987162129647977e-01,6.500444276389995002e-01,6.045841510293241683e-01,7.258516647242537756e-01,8.004567969231899394e-01,2.238345776040719104e-01,6.757611740781729326e-01,6.511260367933360271e-01,7.880575491882012562e-01,5.932996398934916593e-01,4.439695906976653950e-01,9.200039783410551841e-03,5.180251897877784506e-01,6.801871248827668914e-01,0.000000000000000000e+00,4.144682318574824942e-01,9.078096188246638221e-01,5.423723552558195049e-01,4.204947219933495850e-01,1.392772422290607937e-01,4.727250523054472575e-01,8.091223692221763963e-01,3.712636193669801021e-01,4.547908992655080862e-01,4.631049080826928344e-01,4.802152232039295088e-01,2.861342106371511096e-01,7.098031468100671759e-01,7.080024276582198572e-01,3.021505215290052476e-02,3.401488724252438312e-01,6.683968951620868904e-01,9.549586983791850114e-01,5.365048498413482747e-01,7.296545799420369738e-01,7.077770090920088020e-01,9.905030164531059000e-01,6.382510085589599980e-01,6.201808321034300020e-01,9.304904591132403535e-01,6.911577070341238249e-01,1.031286237080995677e-01,9.623181833524041551e-01,5.586917717695847330e-01,9.223177671386968424e-01,4.726970160759085826e-01,4.401726480456353285e-01,5.023173524638362419e-01,7.874304743867124312e-01,8.540979999026867553e-01,6.864561494861091129e-01,6.943155151948025017e-01,6.360021651016171118e-01,5.331156748741270324e-01,8.219665865775483971e-01,4.874610286710863161e-01,4.016499138368831989e-01,4.533724596495695147e-01,1.291913943499822248e-01,9.452281674909039921e-01,8.728588932837288983e-01,4.025789374497918405e-01,9.185286106898112868e-01,8.641814594530102811e-01,9.307053842357089213e-01,6.099725009656566943e-01,4.869935829593673438e-01,6.191881912173011759e-01,-5.783781230643014748e-02,3.141453032779894516e-01,3.461154962811758828e-01,4.734362556508815434e-01,5.395039314780636364e-01,8.277732727705912064e-01,6.669609210989930759e-01,4.636562574203101361e-01,5.242345087976444384e-01,7.881958187896090928e-01,6.015287202965866609e-01,6.385661809568440317e-01,9.127955231804408820e-01,7.770750783870022937e-02,9.901428232040280220e-01
6.801235637162897918e-01,2.840647145234178605e-01,5.661328554761868581e-01,9.057444509622910589e-01,7.328757368026496133e-01,3.316982428486228152e-01,5.571225957616737778e-01,9.830598618917476550e-01,3.926937904497144194e-01,6.577013553925452616e-01,4.547149649354145229e-01,2.336017676369179508e-01,7.183192307721892877e-01,7.505516919711212598e-01,5.924120799202898802e-01,6.129744894705793090e-01,4.144682318574824942e-01,0.000000000000000000e+00,1.837608686278326964e-01,6.630780171292036673e-01,9.646395284004756210e-01,5.035528608306175657e-01,2.318101385819472671e-01,8.071649707468352419e-01,7.317142489017735008e-01,6.851689385611789973e-01,5.063172104647032379e-01,5.184578986488685981e-01,7.057229148549867270e-01,1.474000679554243465e-01,3.573424648858546382e-01,1.205199447058609014e-01,6.110300529626351285e-01,1.701806646365370268e-01,4.259443070861306802e-01,2.231942733989521199e-01,2.991334526033559982e-01,5.703113358368220309e-01,7.600155627528277780e-01,3.715920406249777902e-02,3.566089388809879912e-01,6.465538699039136139e-01,7.437268796765920120e-01,6.645357776169834585e-01,4.123794138286230870e-01,1.662659746709562736e-01,6.988337662364860758e-01,2.272180569235992542e-01,5.511928329337425492e-01,7.624349611893509460e-01,4.213349771081157380e-01,2.803144185528202437e-01,4.884129531714491712e-01,9.748157926178561139e-01,3.174676604209039077e-01,2.810981105339774300e-01,7.660762468228835553e-01,2.226032169229079927e-01,7.026122428671871534e-01,4.479863634639069669e-01,4.064996699326629548e-01,6.040054453675366419e-01,4.881584254195639461e-01,5.422645286589297120e-01,9.271622169549884607e-01,6.481255484566228464e-01,9.374963602825083786e-01,5.717964801804669150e-01,4.807882755920288020e-01,5.267886531091707791e-01,8.586391365487888727e-01,6.440755700438204334e-01,6.098955386719591143e-01,2.050471567542429541e-01,6.690683844837149730e-01,6.059517752102819843e-01,6.197311363592860056e-01,5.325637381768194567e-01,-1.404194401140521353e-01,2.968462898089020419e-01,2.496985717716301567e-01,9.232501042723593176e-01,9.420867867480602342e-01,3.410809814307521615e-01,8.900677276687809503e-01
