0.000000000000000000e+00,2.894088324887308383e-01,7.200290194128061705e-01,6.370308816853733624e-01,9.213105668838416085e-01,9.937338572999203645e-01,5.570679194771424037e-01,7.867506501106837913e-01,4.287928691830432681e-01,8.985680026310336466e-01,9.016477059870001698e-01,8.707794810500570915e-01,9.517318534980128142e-01,7.923617425361442201e-01,4.846049485728639583e-01,3.332732948822443309e-01,7.862250186742165692e-01,2.445081786453599526e-01,7.086147423297997072e-01,8.308293384073140997e-01,4.389915764883331462e-01,9.505340269037554357e-01,9.638269786013285989e-01,8.846416832770608307e-01,7.199686253243585687e-01,7.772769517638109527e-01,8.825070243571763173e-01,8.691451800842029396e-01,1.261150308923228991e-01,-2.240352623958197231e-02,3.407612262270789255e-02,7.763229124547699200e-01,5.077834716730252884e-01,3.739136323011436058e-01,6.448798082854447777e-01,2.462798000363942141e-01,3.392865776388115373e-01,6.753727974785331822e-01,8.246430375548694514e-01,6.221319276983835467e-01,3.106760605211092985e-01,7.117216385568116976e-01,4.856258875462716729e-01,4.656047885981684509e-01,8.621520948003560392e-01,2.474129752457449316e-01,9.811810336861636062e-01,6.429917239093465575e-01,7.370307130457145472e-01,5.621083821948477111e-01,9.339750638997484922e-01,9.238842797645646643e-01,8.443644363241832318e-01,6.577063006517769317e-01,8.047679781925819453e-01,5.283499472997567059e-01,4.800296948560432986e-01,8.792351772902102791e-01,6.185913119153464423e-01,4.723614031016723502e-01,7.227397283374095149e-01,8.536515134251063674e-01,6.778391836633536061e-01,9.445559956233382515e-01,7.305850905251621841e-01,8.841629719947403654e-01,6.645390922371147147e-01,4.212499139217670829e-01,4.055189513930965717e-01,7.711531314533596193e-01,4.939036482768412450e-01,9.202843119242088976e-01,4.726503931417992410e-01,1.405513141011671130e-01,9.493261449297480947e-01,3.485514981347991315e-01,3.594028987518639306e-01,7.005641966341197291e-01,1.282184808794122402e-02,2.008620381193625959e-01,4.549319856759484471e-01,9.619959193426730337e-01,-1.400261615575771335e-01,6.276837029633296483e-01,9.138413723969660563e-01
2.894088324887308383e-01,0.000000000000000000e+00,8.965232210413701663e-01,2.667016622607512252e-02,7.552420915751122399e-01,5.754565734819611089e-01,4.040735053275940070e-01,6.525592942464530921e-01,4.076963181984332579e-02,9.870601395615007378e-01,5.194763734394927113e-01,6.030154473731992315e-01,4.334663487511732360e-01,6.022447749197890055e-01,3.145448495626956831e-01,7.106714475554695154e-01,7.170047438263389417e-01,6.759964629209068709e-01,4.442858604700535285e-01,8.141252643278293899e-01,8.006337852749939588e-01,6.723734961326293114e-01,7.356219941594571710e-01,7.389726255121900067e-01,5.397224247303533673e-01,6.586142761551497804e-01,6.576041765024610575e-01,7.614512373739527051e-01,3.722280574224909322e-01,2.823348437941322620e-01,6.552052593318946627e-01,5.187801713611055465e-01,8.104990715116813793e-02,4.425247003601813223e-01,8.897726360424557113e-02,4.492467811725253113e-01,4.455016959490690209e-02,2.445212959849899503e-01,7.204488981222826327e-01,5.891762944200296115e-01,6.828860595840803294e-01,4.461455627439453453e-01,9.696087631632479553e-01,7.499706779471098095e-01,9.709357982911528406e-01,4.382873613402791385e-02,3.068164320008014978e-01,4.576958786153491054e-01,2.145334419199961817e-01,5.796296927269442012e-01,7.023714070118555197e-01,7.774043908775060130e-01,3.322157340634259715e-01,-1.003771439742550536e-01,6.924118221621499147e-01,7.994132074019086875e-01,9.052429539309920781e-01,7.170944741722238280e-01,4.455074910087531981e-01,3.444851923537695093e-01,5.438389800627573267e-01,9.732480571010957426e-01,2.091969101263007891e-01,9.135620410064712038e-01,4.389919051844969888e-01,3.747742385889100136e-01,7.896297777920493477e-01,7.379514943601290788e-01,5.583471096098416853e-01,5.062795653262482931e-01,6.859967948399311455e-01,9.028634709280454473e-02,4.411779981026541231e-01,6.733035010596204184e-02,1.498610311284771235e-01,7.049762906531393813e-01,5.217096989870516621e-01,8.288744805517610503e-01,7.611449987331115885e-01,4.421364484239046488e-01,5.253371143371499130e-01,6.022692249820458255e-01,6.818906445418971840e-01,3.037892242510987773e-01,6.297518672597919309e-01
7.200290194128061705e-01,8.965232210413701663e-01,0.000000000000000000e+00,6.502960348815949310e-01,8.097075265820162793e-01,4.757366522199946157e-01,9.580633986494161425e-01,8.610868475600861327e-01,8.557453986003706881e-01,8.003502095844681197e-01,7.827920279881011023e-01,5.120447346953902468e-01,6.601932795839244861e-01,6.960095262773959846e-01,9.183015044296013452e-01,2.461101496403484412e-01,4.236693878180315953e-01,6.889920473196651240e-01,7.149512124201952146e-01,8.278171065052472022e-01,9.613893951431156104e-01,8.594244072843469917e-01,9.960001926735866373e-01,7.716339534024285740e-01,6.051802609586993675e-01,7.295665193050363539e-01,7.730904039624026947e-01,9.511094235856111245e-01,1.077400570854170200e-03,1.407250877750267082e-01,5.336219313389994889e-01,9.306533594044825719e-01,6.746643351829881841e-01,4.529301113511978172e-01,7.646088610449526257e-01,3.999445440189404177e-01,3.846168590646916741e-01,7.747902620268851681e-01,9.811762861666659674e-01,4.968758159201582258e-01,3.063183576460161706e-01,4.136377789515175429e-01,7.659954693930435266e-01,9.116526574689788331e-01,9.190699740831362874e-01,8.094187319355049537e-01,6.543622106119912907e-01,6.085721787349622769e-01,7.724161465592059850e-01,8.861097839898764983e-01,9.880489726258880889e-01,9.594029951338305384e-01,6.328117007341670375e-01,4.334767241321498821e-01,4.849131351888383290e-01,9.183136468374153427e-01,9.372621382112621413e-01,6.905792055068716850e-01,4.049728241697371778e-01,1.926230640647144388e-01,5.476574079271615547e-01,7.667481275855457801e-01,6.835392597651268609e-01,8.168926824292188638e-01,9.976851020084930299e-01,4.573644635946895742e-01,4.426073595934709171e-01,3.035595330543022219e-01,6.956322910129072445e-01,4.056944797111203815e-01,6.407972983857973537e-01,5.370958719603635689e-01,5.861145072070714918e-02,3.267337026645127929e-01,9.223776718049887524e-01,9.624673538723103050e-01,8.613951035130967826e-01,8.129011478171676019e-01,-5.003073301177243803e-02,4.781749913164458077e-01,6.254708127883924496e-01,6.429394783134769753e-01,7.250581844775025875e-01,5.115333889091100428e-01,2.243922456190297343e-01
6.370308816853733624e-01,2.667016622607512252e-02,6.502960348815949310e-01,0.000000000000000000e+00,7.320279872110865282e-01,8.126720616547120635e-01,5.267190749147301343e-01,7.136105309255977858e-01,5.318181406842041881e-01,5.274680050115799768e-01,4.240760432505656374e-01,9.972258234932167564e-01,7.596253061663476025e-01,9.984117576601030386e-01,5.948654929725596396e-01,9.426079939137954611e-01,2.398385101242319073e-01,5.397300351758649306e-01,6.009740011018007699e-01,9.659774511551864062e-01,7.318773402558895746e-01,7.667436190304686150e-01,9.130905198890728602e-01,4.139976007418475490e-01,3.545812000302720479e-01,8.093760147902187008e-01,8.359985260796458650e-01,5.247664649118628510e-01,4.344805681766935601e-01,8.562097599425433359e-02,5.760746072817986008e-01,6.259942070284194582e-01,9.133179015107141252e-01,7.372980590293456427e-01,7.096649963869684496e-01,5.830604909435275207e-01,5.460761645333538361e-01,6.335940936866143458e-01,8.490233333532637428e-01,9.189180666742844394e-01,8.294208662843854940e-02,7.239187338631072333e-01,6.491579670624789689e-01,1.291275879399978455e-01,6.833131738919225873e-01,1.998180041283870428e-03,7.724601646675632871e-01,9.208198483891704145e-01,7.786513212251482408e-01,6.143386047501645519e-01,2.954529276583749420e-01,4.529191691548926091e-01,8.830677087291217697e-01,7.161752013445042975e-01,7.547928368016807443e-01,6.807389507853565114e-01,3.108736782216898753e-01,4.460861373105847183e-01,5.932456912755065259e-01,3.609222005157033397e-01,6.420932639128607011e-01,7.872908753586711494e-01,6.841222457760181008e-01,9.653075864489946145e-01,8.121120320220475142e-01,3.253596833497214291e-01,4.602202069634037107e-01,7.619914469401714019e-01,7.331393559928277570e-01,7.559422188875863924e-01,1.367231178177707451e-01,7.631774796476673561e-01,2.962292744915669962e-01,5.273479171635340190e-01,4.320548072351320656e-01,5.618431748664141079e-01,7.242767352882877319e-01,3.121876754945419608e-01,5.750895879906507968e-01,4.196265162297202478e-01,6.621123845354388582e-01,3.965997874214735042e-01,8.317366898749123383e-01,2.016350257431320514e-01,7.200434157614356012e-01
9.213105668838416085e-01,7.552420915751122399e-01,8.097075265820162793e-01,7.320279872110865282e-01,0.000000000000000000e+00,7.015835106649436215e-01,2.031186007039864072e-01,8.202609871042815248e-01,3.340475252257668723e-04,9.510128704812556011e-01,7.352301089820545421e-01,5.515516146122676489e-01,8.443061223576274754e-01,5.611813907094844733e-01,6.399256119467922055e-01,4.823413887747979301e-01,5.233935223441563700e-01,7.434481872405837022e-01,2.771958226326562968e-01,6.864935386053344635e-01,5.639432160600412747e-01,5.207811363285279604e-01,7.215418710136788372e-01,2.337771724616553304e-01,4.646223805326005207e-01,7.964534279317855292e-01,9.664909972448992859e-01,3.644029993707417203e-01,5.005783538588615134e-01,6.349492932668946432e-01,-1.232830449869493084e-02,7.344965803063128185e-01,6.790532945975087664e-02,9.729154959816599391e-01,8.807823549126948537e-01,3.201684607275868677e-01,3.299903240675111649e-01,5.836752386522645608e-01,7.961957765790754760e-01,1.407212234090902958e-01,1.315975085824604707e-01,7.212145120657214026e-01,8.980950864587494697e-01,6.898680943860862058e-01,8.648951623280041190e-01,8.828802816875426229e-01,7.958991725535756734e-01,7.352919626509480944e-01,6.172165086774726861e-01,5.374447789948291199e-01,8.947279774128532592e-01,9.674157593009264922e-01,7.190722510802688427e-01,7.056891694318586650e-01,3.678962746320101340e-01,6.444793725009522189e-01,4.124169761107208676e-01,8.362158976692457557e-01,5.703913802632762931e-01,2.604192824255775474e-01,2.132334681745309546e-01,6.819030932314583682e-01,3.339264309612527404e-01,4.192051444090683088e-01,9.620900436507126008e-01,7.247704695776131523e-01,3.093144675559607593e-01,9.599244501515622474e-01,2.008067133544270133e-01,2.986500199102874453e-01,7.853024324196563599e-01,1.618351481741692188e-01,2.385771019408732541e-01,6.931263192735029888e-01,4.306476491070393986e-01,9.626329096223875670e-01,2.725736501870945627e-01,5.969734351544597750e-01,4.807814006826847120e-01,4.741652122189948804e-01,5.348214874525447637e-01,7.304515386364506258e-01,9.714584202770969457e-01,5.314595663280747839e-01,3.997286913455967428e-01
9.937338572999203645e-01,5.754565734819611089e-01,4.757366522199946157e-01,8.126720616547120635e-01,7.015835106649436215e-01,0.000000000000000000e+00,4.346904078797949045e-01,8.934209548638939458e-01,1.140208826177882967e-01,7.696943783184624355e-01,4.192467122267330981e-01,2.884554285001362794e-01,6.328003925166678645e-01,6.739170156592244609e-01,5.810104916275943276e-01,4.454209880338610428e-01,5.430355477427486477e-01,2.487320627813143226e-01,5.388363628908791059e-01,8.466257284654865600e-01,8.698579125338183893e-01,3.918963503317125785e-02,9.929167992738102688e-01,7.723276169880188835e-01,5.980465961182288570e-01,6.954733184243547806e-01,5.654680281578476908e-01,6.782724229803833715e-01,-6.366530370402748162e-02,2.294420319459777313e-01,5.269712694925251517e-01,2.871201248022960950e-01,7.944031353407907670e-01,6.303256125513124752e-01,3.925662204350541806e-01,5.430628586727686002e-01,7.797045626099882165e-01,2.957369714358379365e-01,6.510744620915001057e-01,9.243097340900229275e-01,6.311547785605324812e-01,7.365093201858941008e-01,6.133700461463706954e-01,3.664251227259481825e-01,7.668343907783679025e-01,6.021948632618085995e-01,6.366686051929966172e-01,5.726228806815458761e-01,4.337489963417717753e-01,7.289163980514044017e-01,2.831543978741968282e-03,9.827715734402895364e-01,3.073260820416415240e-01,8.764916964825977264e-01,8.521864071932185869e-01,5.047057969933042010e-01,7.355976633484938576e-01,4.913556174656100728e-01,8.774959855717882062e-01,1.632874329272281377e-01,5.831878769136721319e-01,7.647002772669485304e-02,7.750018904203062053e-01,5.568337021535181564e-02,4.234136416788072399e-01,6.557146855482919312e-01,4.742170409597197267e-01,5.340634434608185765e-01,7.278061582758348358e-01,-4.978618636984161183e-02,7.343417113131572860e-01,4.921023645459524642e-01,2.374141571703392850e-01,4.814688151779005221e-01,7.042228833702143254e-01,5.215760592755945835e-01,4.264095836706036091e-01,1.028323669905554932e-01,1.416047104725654260e-01,1.635696936432458060e-01,-8.965616207154597506e-02,8.264940844228175765e-01,9.408440548883233445e-01,2.557813698937525526e-01,5.575939930476848660e-01
5.570679194771424037e-01,4.040735053275940070e-01,9.580633986494161425e-01,5.267190749147301343e-01,2.031186007039864072e-01,4.346904078797949045e-01,0.000000000000000000e+00,4.587548932431874116e-01,-1.572506811433234120e-01,6.853284649677175988e-01,3.289074299709489058e-01,2.191392928598173417e-01,6.498562648657250085e-01,2.003631586419857280e-01,5.039932767091543919e-01,3.027068771607058784e-01,2.457020798942478046e-01,8.215697730301536605e-01,6.452302561619320809e-01,4.352764891119121349e-01,4.420763192706090305e-01,2.900066485650050763e-01,8.216847107496103586e-01,6.583284290492812385e-01,6.831109641753485562e-01,4.425888431936114142e-01,6.300423978023315108e-01,5.342209162545477064e-01,4.986963477210535345e-01,5.554464998380569396e-01,2.837055627283823211e-01,1.185081515492096005e-01,5.249651470470964032e-01,3.924282917847963237e-01,5.523074106451084653e-01,5.945231061119561344e-01,5.815557682049661281e-01,2.098925097705772735e-02,9.794945421962519827e-01,2.498049343667635980e-01,3.500099000896741974e-01,9.994100318831313778e-01,9.125634401067674872e-01,8.881008816842164699e-02,8.829698901231617381e-01,4.837125762650998917e-01,4.115183831661404223e-01,4.392785552848004760e-01,6.694219446325221368e-01,-1.007851868283889951e-01,4.095388946620312498e-01,5.084835401288748669e-01,4.460044583185197031e-01,2.033186505243824715e-01,2.195606445266772011e-01,4.387164794054356221e-01,6.644984554402485477e-01,1.776071407753371245e-01,6.868097945390652104e-01,9.769988940899253238e-02,7.278817443360990902e-01,1.734949048796535775e-01,6.788790273776952322e-01,5.444473591197096507e-01,7.343754321959926612e-01,3.070210806712148077e-01,7.422395755966613162e-01,6.301422547625553650e-01,2.850979904134100518e-01,3.811146075015175438e-01,4.641610284639412498e-01,1.980672757252041338e-01,7.884197287890182260e-02,5.369760341890161826e-02,4.992158773215809447e-02,4.255297983960689701e-01,5.773432981449728718e-01,4.389100278780537212e-01,2.806671408957964742e-01,2.899913900932467037e-01,1.998654811669025033e-01,6.138984182291576941e-01,4.114792170799508875e-01,3.187033595267058095e-01,6.732123095407808178e-01
7.867506501106837913e-01,6.525592942464530921e-01,8.610868475600861327e-01,7.136105309255977858e-01,8.202609871042815248e-01,8.934209548638939458e-01,4.587548932431874116e-01,0.000000000000000000e+00,7.184388876281565528e-01,2.515622877357249765e-01,2.304551502978935962e-01,7.317957805364353474e-01,7.500781945545766938e-01,4.085807615737001020e-01,2.731973456813621137e-01,-1.571480753820436727e-01,6.138388451364863441e-01,7.763774605075003388e-01,1.724136978955037036e-01,4.054680476792990040e-01,7.675377847871418524e-01,7.899320445405670910e-01,7.626160964258328345e-01,2.476256067154425367e-01,2.077323231523715008e-01,3.750785110398447975e-01,8.565563448948263492e-01,4.344330867409357810e-01,7.503228855716637330e-04,8.044142169848026436e-01,3.200253568281846706e-01,5.087672072410577284e-01,5.981114197736389082e-01,7.041737436322187405e-01,2.497836096479932599e-01,7.806415619936653005e-01,2.897461819805685623e-01,3.519301255345221313e-01,5.117823651207662472e-01,2.690227221324759110e-01,1.576406590044465983e-01,2.761444260605293022e-01,6.590130185093354687e-01,1.135375209635171995e-01,9.397280945405158681e-01,7.406236231977294526e-01,5.063821702383874968e-01,4.417823679233378598e-01,4.848904857126331569e-01,5.746691491761690695e-01,4.563504592464337484e-01,9.814359833208105011e-01,5.588307895483700660e-01,3.383048853028991498e-01,6.705239326526507559e-01,5.191796649130001606e-01,7.484777415025885006e-01,7.031337201740170961e-01,8.397654221564102572e-01,7.721457208607401812e-01,7.746683641146415722e-01,5.304483547483465067e-01,4.453359158572449128e-01,5.659131242763716374e-01,4.178544571483587267e-01,7.205558817588211262e-01,3.440254859367032347e-01,6.550358343825056773e-01,5.882000003644087816e-01,3.352404158096263798e-01,3.308627723120364239e-01,4.689204907578771730e-01,2.699657115153752396e-01,1.155239709662855968e-01,4.798929921218241246e-01,4.779550484655860632e-01,7.728723186297655756e-01,2.581368425258836474e-01,5.191174226265578007e-01,4.123069008243458733e-02,6.901634946233068391e-01,9.598943405249934502e-01,7.229301281085867004e-01,6.518307396390748965e-01,7.582269067942352114e-01
4.287928691830432681e-01,4.076963181984332579e-02,8.557453986003706881e-01,5.318181406842041881e-01,3.340475252257668723e-04,1.140208826177882967e-01,-1.572506811433234120e-01,7.184388876281565528e-01,0.000000000000000000e+00,5.093618203008436485e-01,7.227323746589919828e-01,4.111197577896097410e-01,8.257228265180095450e-01,9.817408109323817467e-01,4.106125569393690444e-01,6.180989570538596434e-01,8.906225715466421500e-01,6.989715943185167424e-01,7.640169261333127348e-01,8.567180873487248993e-01,4.309184759260997755e-01,2.063361450869696245e-01,2.561014103095360372e-01,8.771755328309439603e-01,6.215628635972448857e-01,4.570292739786400715e-01,6.242248726384834745e-01,4.172781186825558764e-01,6.863227172437854628e-01,2.580977773271392328e-01,3.922976453716241485e-01,6.738063388630147754e-01,5.747998528856917977e-01,7.454903210330701135e-01,7.530215804706775762e-01,1.386665661536377603e-01,1.845821438921623481e-01,9.382445597653920055e-01,4.386498603840781607e-01,7.348185559890614282e-01,8.124533505293105584e-01,7.671417602154844140e-01,7.940703401755083712e-01,7.767923984652321812e-01,9.658781653615706730e-01,5.401679215310223325e-01,4.575390621071649955e-01,7.858061964608381578e-01,6.325778629155597299e-01,7.623202504985328032e-01,7.195198460205105562e-01,6.226175508592105556e-01,7.474121203272362512e-01,4.556150024961852507e-01,3.651451861785346420e-01,1.625962840186572222e-01,6.665441278632622257e-01,5.495836175915645994e-01,9.341497391268044348e-01,7.370607291772214298e-01,5.974594470775409505e-01,7.669911061682940234e-01,8.896346646828066085e-01,9.555621993713665496e-01,6.768405762775082657e-01,5.276663171764365279e-01,7.100447468127680795e-01,7.738484803929901457e-01,2.243505245745434362e-01,4.355984471491552434e-01,7.557947924339198931e-01,6.906205121640592859e-01,6.108306638035543648e-03,4.724589897818387008e-01,3.947942176043581775e-01,6.036620463401853875e-01,3.259532141277559081e-01,7.891739038802789707e-01,8.665688926342794973e-01,4.831209445501679633e-01,4.992789798077916230e-01,4.644427623309623221e-01,6.875899012717856529e-01,2.285182071570562023e-01,2.247412782193466962e-01
8.985680026310336466e-01,9.870601395615007378e-01,8.003502095844681197e-01,5.274680050115799768e-01,9.510128704812556011e-01,7.696943783184624355e-01,6.853284649677175988e-01,2.515622877357249765e-01,5.093618203008436485e-01,0.000000000000000000e+00,5.594856647653261295e-01,5.439236505706898095e-01,4.024289754657257578e-01,9.331655966390171031e-01,7.789504938070437312e-01,2.555036524713012458e-01,6.828309402271955930e-01,8.052425198068462464e-01,5.305032451387220460e-01,5.592589897805771981e-01,7.679962207145641928e-01,6.505758865690148829e-01,4.096497898239393476e-01,6.096272087186865862e-01,7.386661404462335767e-01,6.896615545464199748e-01,7.442476509152879949e-01,2.940829949205327476e-01,2.306247641073234100e-01,3.600373339435685160e-01,2.981600493073739977e-01,5.943979811489842335e-01,6.258266630054198920e-01,9.578553129495647189e-01,6.149113627068124588e-01,2.905655486999886850e-01,6.928485057792253821e-02,8.093640044992868043e-01,9.564107001667789820e-01,9.257442870353839171e-01,9.500520032000430160e-01,4.879649829907967695e-01,9.796437188283575459e-01,9.021666500766393204e-01,7.127940330445624584e-01,2.235041504482629671e-01,1.820454341556929090e-01,5.674296672774888917e-01,2.888243905530372690e-01,5.065817837363930654e-01,8.292110239640457792e-01,4.931799258698887356e-01,4.459483283895346317e-01,2.912967236675194638e-01,5.658834995055535000e-01,7.274926253905696916e-01,6.331388718599194609e-01,4.851191384657074224e-01,5.372625311906169543e-01,7.368393767292701069e-02,3.388996981683123355e-01,6.575162422488092240e-01,7.432606832410270092e-01,7.278546993472609916e-01,9.197469042022716756e-01,3.985729710160845762e-01,6.501607565402639510e-01,5.509970767603330488e-01,7.358083993372993570e-01,7.448475953283103523e-01,-1.495132066642700930e-01,7.085413641925530914e-01,6.331268702435866036e-01,3.671927641744566206e-01,2.627892801013699819e-01,7.686288870720454636e-01,1.590916795213726254e-01,4.759029612252259067e-01,3.709023476639382588e-01,5.579607910354533740e-01,5.194979066812719370e-01,3.136523538215765794e-01,6.589608926685863732e-01,7.595129377728587761e-01,7.457775905212922218e-01
9.016477059870001698e-01,5.194763734394927113e-01,7.827920279881011023e-01,4.240760432505656374e-01,7.352301089820545421e-01,4.192467122267330981e-01,3.289074299709489058e-01,2.304551502978935962e-01,7.227323746589919828e-01,5.594856647653261295e-01,0.000000000000000000e+00,7.427041226803036134e-01,7.645701218024845147e-01,2.601121035080167787e-01,4.760803101706927443e-01,7.528099154306974183e-01,7.391413219027720416e-01,7.924180457096484664e-01,4.150442782686502019e-01,8.559133861962224810e-01,6.144098382555965854e-01,7.332070661352526608e-01,7.867480427471238436e-01,1.911704737906301521e-02,2.205131607762089718e-01,9.820024120646982935e-01,5.722663178336737655e-01,2.398350316059359721e-01,2.283595194653526284e-01,2.408377439498112782e-01,5.175869012875219388e-01,2.383447677122994546e-01,5.099970004147137415e-01,5.895378748669852786e-01,8.006498337752122607e-01,5.423415773975140963e-01,-1.868591017080215022e-01,5.868581092552336287e-01,6.651065884258043903e-01,6.117161827551140796e-01,3.049483907771535773e-01,6.410705397884284285e-01,4.144549105565621394e-01,9.180203048564039570e-01,6.185227522782467124e-01,7.968703366014688871e-01,7.218598171708838773e-01,5.384429701127804169e-01,4.731973583982106435e-01,3.514397690247214046e-01,6.769280932128119987e-01,7.789428027708323876e-01,7.470016396218251975e-01,7.189036170279183846e-01,8.033284796018139717e-01,8.852968735345935203e-01,7.614959054550394235e-01,4.686360903672270872e-01,6.278010740373645149e-01,6.218839528134602057e-01,3.354281108705908787e-01,5.546290126689690236e-01,6.143633887627077961e-01,7.433362556633292817e-01,7.818597334246982777e-01,4.381282936748107648e-01,1.788354660165495102e-01,6.563815942226038924e-01,5.963127843378200899e-01,7.357306638808648325e-01,1.217847549478956043e-01,5.766975299169273539e-01,-1.397429589641280834e-01,5.806343988427653535e-01,7.596905022460522794e-01,6.926076596569330501e-01,6.262747902758605267e-01,2.692990302698518579e-01,4.479009393475133494e-01,2.801117764717484526e-01,6.267923246556182937e-01,9.577002051695920892e-02,2.447928367615423706e-01,2.895294081778905237e-01,5.944503106348887345e-01
8.707794810500570915e-01,6.030154473731992315e-01,5.120447346953902468e-01,9.972258234932167564e-01,5.515516146122676489e-01,2.884554285001362794e-01,2.191392928598173417e-01,7.317957805364353474e-01,4.111197577896097410e-01,5.439236505706898095e-01,7.427041226803036134e-01,0.000000000000000000e+00,7.354873276065299059e-01,6.162375243143258796e-01,6.606299092978309417e-01,2.366651744946919045e-01,3.520626386020422327e-01,5.300816176358098541e-01,4.722773864140564770e-01,3.769108139969546967e-01,9.854598963105771769e-01,6.555193597453053966e-01,9.891182068756467771e-01,5.047411908059712404e-01,6.307050454939798767e-01,9.349304852649373831e-01,9.401614886053678566e-01,5.232617876806102686e-01,5.191845140537775238e-01,1.805639724459742745e-01,4.412564741400791246e-01,4.558600970289428678e-01,7.420771907095135012e-01,8.178215922852976050e-01,6.213746709404551760e-01,2.815581782878701089e-01,1.592709204261608114e-01,6.928675109500649354e-01,3.578413730554443339e-01,6.432653216362350657e-01,3.205912149232157393e-01,3.821519168756999374e-01,4.055203227983532055e-01,6.619369370817541620e-01,7.051592341289076860e-01,9.353575161353084866e-01,5.822304590809829206e-01,5.654532911355264480e-01,2.101670873501682024e-01,3.429185242404351186e-01,6.758198383071851723e-01,4.803185680550231540e-01,6.390498621414049119e-01,8.768513195059880472e-01,6.116507713683737579e-01,2.705162772861007814e-01,4.920687811236638676e-01,9.043597549266974012e-01,6.042108155062778652e-01,5.076130375022995800e-01,3.291459812914911964e-01,4.377570670728727631e-01,4.943259787407943695e-01,6.483680039591073196e-01,6.156982852561420083e-01,7.328606807963859993e-01,1.361508646717748960e-01,7.448031176423681732e-01,4.909047181009154603e-01,6.894829857858871813e-01,5.680223488416434874e-01,6.076771358111673349e-01,-8.343438084690199541e-02,5.911465472524526366e-01,4.933278403632613274e-01,4.861464853433608568e-01,7.249529544436390527e-01,5.485796266096508722e-01,5.935326407664506254e-01,2.012130721138141454e-01,7.762016773072226705e-01,9.337564939799851693e-01,4.200716556144357128e-01,4.941428375487664226e-01,7.598700163244423988e-01
9.517318534980128142e-01,4.334663487511732360e-01,6.601932795839244861e-01,7.596253061663476025e-01,8.443061223576274754e-01,6.328003925166678645e-01,6.498562648657250085e-01,7.500781945545766938e-01,8.257228265180095450e-01,4.024289754657257578e-01,7.645701218024845147e-01,7.354873276065299059e-01,0.000000000000000000e+00,6.532529662584376506e-01,5.334635948887209711e-01,4.609031176364775662e-01,8.889469485035205176e-01,3.797153927012507646e-01,3.579306219434635894e-01,9.166388102933094029e-01,4.517887635063219665e-01,3.855086864223539744e-01,8.715583013464112128e-01,7.790365881323132458e-01,2.879321632728832348e-01,7.847940523012873759e-02,5.714396583751659708e-01,7.706545926754415632e-01,6.537446873373579104e-01,7.113130221150067989e-01,4.387625653241943313e-01,7.653997311718794272e-01,6.910169970124560024e-01,6.952700156609470383e-02,7.257782991564754038e-01,4.803744375316079118e-01,1.651884480513038378e-01,7.072968857616583893e-01,5.320695784160401898e-01,8.788316629301670124e-01,5.886647821527104529e-01,5.973836998803890852e-01,9.644299447763080568e-01,4.622724035114312291e-01,7.260979570557916096e-01,5.279296257963564942e-01,6.606778674799700379e-01,9.893568937950412145e-01,9.637250784060611419e-01,-1.324551458952055727e-01,7.396871500901885943e-01,6.978903024405793687e-01,6.124653926586032249e-01,2.074249055532792207e-01,6.757781638017968939e-01,9.994474051550699123e-01,7.130750632262469191e-01,9.971063754557342174e-01,2.232599778755666176e-01,1.026821217822533189e-01,3.030352211682698083e-01,2.464642807976044903e-01,7.853248090254419944e-01,9.211633693075060858e-01,3.931111047255981816e-01,7.458408552386829315e-01,3.365510569949560216e-01,4.071864411833225894e-01,7.183137113866162604e-01,4.071221127692902786e-01,6.755132271500563501e-01,5.206652578097786810e-01,4.845953309685718802e-01,1.513548769758268353e-01,6.229138102379291331e-01,6.591642898902295711e-01,8.770772194334830463e-01,7.370301830667703724e-01,8.603421062381566564e-01,3.860088955859385385e-01,4.054132078965797525e-01,6.751514642256286614e-01,9.068089930537680532e-01,2.822102801345703349e-01,7.073982986183168231e-01
7.923617425361442201e-01,6.022447749197890055e-01,6.960095262773959846e-01,9.984117576601030386e-01,5.611813907094844733e-01,6.739170156592244609e-01,2.003631586419857280e-01,4.085807615737001020e-01,9.817408109323817467e-01,9.331655966390171031e-01,2.601121035080167787e-01,6.162375243143258796e-01,6.532529662584376506e-01,0.000000000000000000e+00,7.104286997400707238e-01,5.540018560684960569e-01,4.827326959501893056e-01,6.296487339698484398e-01,9.689251186302199059e-01,4.260197135414658387e-01,8.379470186121353859e-01,9.791192641341979197e-01,4.080385909511269338e-01,5.251629387512632974e-01,2.791315806501696306e-01,2.281772843573277310e-01,6.529516506677766063e-01,8.859939131820021574e-01,3.134558055883586158e-01,4.596325512589707341e-01,1.763284639452194491e-01,5.616597424858608134e-01,4.050671630112704924e-01,9.524842658000998163e-01,6.859699157648248002e-01,5.497782490048254145e-01,2.872816747805703730e-01,9.093301179626305242e-01,8.990232707064685913e-01,8.241455487427833404e-01,2.004885418042809953e-01,9.235200531519802691e-01,7.232617604744140394e-01,5.705227141339432873e-01,5.645981722895238031e-01,6.277066406850562164e-01,9.718973830332440222e-01,9.097830314554655740e-01,6.803343255305643877e-01,7.425090943304504254e-01,7.974656646787497971e-01,3.291615255667760254e-01,4.104835493930796275e-01,9.070383573021894019e-01,5.799975077413686009e-01,7.144423729654864053e-01,6.311376555876728744e-01,9.514620386395260532e-01,7.089105236458069781e-01,2.579564839384797525e-01,2.275467279236210172e-01,6.083540445913113714e-01,7.845013427336663403e-01,7.922876016868724003e-01,7.650360700766039024e-01,4.734013264045908720e-01,4.143127795062815366e-01,9.670721606781733648e-01,5.567208723914898183e-01,4.308408317068135318e-03,7.530592211642380684e-01,6.041672917129023990e-01,5.286249607133639561e-01,2.324354617154138214e-01,3.693707112453010755e-01,7.186742511751459395e-01,5.092188093209607525e-01,5.591695582996665248e-01,5.018352876630681747e-01,-3.179359318782232213e-01,4.300738810174750126e-01,3.710844981017537014e-01,7.707385769286793087e-01,3.143224522478222926e-01,7.331128818054876151e-01
4.846049485728639583e-01,3.145448495626956831e-01,9.183015044296013452e-01,5.948654929725596396e-01,6.399256119467922055e-01,5.810104916275943276e-01,5.039932767091543919e-01,2.731973456813621137e-01,4.106125569393690444e-01,7.789504938070437312e-01,4.760803101706927443e-01,6.606299092978309417e-01,5.334635948887209711e-01,7.104286997400707238e-01,0.000000000000000000e+00,7.268819196912598146e-01,2.147786261600891922e-01,8.995351634139454600e-01,9.716828033017200772e-01,9.666862388562913466e-01,7.158050167211618131e-01,7.870250362344142214e-01,5.521151590632710215e-01,5.161523699916882313e-01,4.298810462973114421e-01,8.185844880414512303e-01,7.018887496235844958e-01,7.958645471226600820e-01,4.870513652564926743e-01,2.506050442710803239e-01,7.825177469537412112e-01,4.602248816747525062e-01,4.523985397660640895e-01,7.385041795636272388e-01,6.934594302591639003e-01,4.913638644223859986e-01,4.675344154608378489e-01,2.670168837740533041e-01,8.084164709232940504e-01,9.469269429657758419e-01,2.961770274494512911e-01,7.794486790785941643e-01,9.043921504484885299e-01,6.420590939926440477e-01,9.820420802611096178e-01,7.750518908067738355e-01,3.598214801515336458e-01,8.866280027778559170e-01,2.818786504188529607e-01,3.306032371283343929e-01,2.975160674063491717e-01,1.733876357701426285e-01,5.565687769613183455e-01,7.494734058816787670e-01,8.054027460370130065e-01,5.953753789322921985e-01,5.425738527684210721e-01,4.970235223898073484e-01,7.430218936467642976e-01,5.815581915068740448e-01,2.024609315745085902e-01,3.414417728470098279e-01,5.562724974304849024e-01,6.945807398147840761e-01,6.705777042937047794e-01,2.987563796656546034e-01,7.757206052593712542e-01,3.490932865130580431e-01,7.504857542034351070e-01,5.567205958105738706e-01,7.162008189825930238e-01,4.852217424533321610e-01,6.206678597804643482e-01,2.736510449326026717e-01,-1.048567201222048162e-01,3.210242595461461068e-01,4.033221188630972676e-01,5.695534210045032353e-01,5.936797156839747069e-01,1.466849021093017125e-01,5.930908437327770955e-01,9.150649351953457078e-01,7.587311528427577167e-01,4.604219897289069663e-01,4.145991072021188995e-01
3.332732948822443309e-01,7.106714475554695154e-01,2.461101496403484412e-01,9.426079939137954611e-01,4.823413887747979301e-01,4.454209880338610428e-01,3.027068771607058784e-01,-1.571480753820436727e-01,6.180989570538596434e-01,2.555036524713012458e-01,7.528099154306974183e-01,2.366651744946919045e-01,4.609031176364775662e-01,5.540018560684960569e-01,7.268819196912598146e-01,0.000000000000000000e+00,6.762961576101136352e-01,7.646497361726921627e-01,3.671491951760671446e-01,3.787419352446719789e-01,3.361531472007426302e-01,3.993986471504558100e-01,5.877102118482578907e-01,6.303195144541581252e-01,4.773948550508506639e-01,6.867064921269283584e-01,7.843545378166139059e-01,4.373314130673177091e-01,5.357832052927506972e-01,5.658241902967644510e-01,7.146173272437668367e-02,1.762633036002554388e-01,4.281434891114349051e-01,3.974310965141101271e-01,5.140732541545826040e-01,5.015747893772211086e-01,2.958795771927947293e-01,4.031258202144202829e-01,7.830853024346732250e-01,1.795269952247592338e-01,5.006772193198758547e-01,9.088321826048451069e-01,6.231180252667190000e-01,2.129333397171100928e-01,8.305645300851969282e-01,6.782168275793940548e-01,2.344478069535008147e-01,4.489409145666343748e-01,7.940836273216564933e-01,7.996203997414181863e-01,5.141291606069221531e-01,5.688683471111715129e-01,7.239398611197310762e-01,8.672456952795429830e-01,5.762355562164133138e-01,9.067310740728652396e-01,5.788207142030630248e-01,5.193997448331719724e-01,3.111901471798618757e-01,4.036585163298921364e-01,5.693955862906283777e-02,-1.145976161777452346e-01,5.812411828921872914e-01,8.280143248029516734e-01,5.405624053825915931e-01,4.868405525358993069e-01,7.165228336742616166e-01,7.047002589529915983e-01,1.186696956001589975e-01,5.562079118330915950e-01,7.394417679224754014e-01,5.644191473514228452e-01,5.556922324776584210e-01,-4.311286393617280721e-02,6.765618269973336929e-01,7.524835651834268502e-01,9.947176430045892026e-01,1.862246458077243538e-01,7.883613923979445604e-01,3.768685014514870923e-01,5.636700424418114030e-01,8.354049878451696998e-01,8.670332014053567793e-01,4.507792315517817894e-01,5.171070939832491664e-01
7.862250186742165692e-01,7.170047438263389417e-01,4.236693878180315953e-01,2.398385101242319073e-01,5.233935223441563700e-01,5.430355477427486477e-01,2.457020798942478046e-01,6.138388451364863441e-01,8.906225715466421500e-01,6.828309402271955930e-01,7.391413219027720416e-01,3.520626386020422327e-01,8.889469485035205176e-01,4.827326959501893056e-01,2.147786261600891922e-01,6.762961576101136352e-01,0.000000000000000000e+00,4.460489770265102516e-01,7.098731236440323222e-01,9.237190152190621895e-01,8.860621588183227315e-01,9.766104564775497376e-01,6.721447162807028253e-01,8.127070556624748088e-01,6.195297711605007862e-02,8.209854986637523666e-01,6.279156286334305337e-01,8.609057572474404507e-01,3.617790024050995257e-01,7.551668717913859741e-01,1.653031585329985953e-01,7.782453594823373066e-01,6.689290686105026085e-01,8.398005369297520950e-01,7.422993559274947417e-01,5.077016035737011990e-01,1.206942437080262831e-01,5.945733595174682584e-01,9.437591175502371144e-01,6.323692681850098252e-01,4.391963259914392070e-01,6.311085155165144789e-01,9.692211593844702877e-01,8.120942697040172131e-01,8.039936233585631697e-01,7.753122837907187037e-01,6.262171330046018003e-01,8.844486396716642052e-01,6.183958131236526601e-01,7.529332540470566881e-01,5.176879596332353284e-01,7.176510994261471321e-01,8.619076085539113530e-01,9.213710872823621667e-01,9.529791779820094844e-01,5.108186012196336279e-01,8.971403988180939315e-01,9.549768408085652638e-01,6.932788902967168543e-01,5.915820054083815727e-01,5.891792082723498192e-01,2.934412749639742635e-01,4.945696076287972032e-01,6.163297833421116367e-01,6.270280725058022808e-01,7.605364330911420501e-01,9.897005222658777912e-01,8.664855795631498658e-01,4.416795518716781221e-01,9.197437942391264443e-01,8.854884434620381439e-01,8.366806749244596331e-01,1.683965100815101520e-02,5.322902076790032577e-01,8.930016115756632678e-01,7.548376280934098181e-01,5.026342708832435280e-01,7.891040819252465033e-01,6.053954492782828156e-01,3.021513396951941988e-01,6.531531063065050269e-01,8.297594750641874572e-01,5.966519124316019829e-01,4.852989651507600422e-01,6.993274835551080981e-01
2.445081786453599526e-01,6.759964629209068709e-01,6.889920473196651240e-01,5.397300351758649306e-01,7.434481872405837022e-01,2.487320627813143226e-01,8.215697730301536605e-01,7.763774605075003388e-01,6.989715943185167424e-01,8.052425198068462464e-01,7.924180457096484664e-01,5.300816176358098541e-01,3.797153927012507646e-01,6.296487339698484398e-01,8.995351634139454600e-01,7.646497361726921627e-01,4.460489770265102516e-01,0.000000000000000000e+00,8.035133882340440570e-01,8.360539152210519909e-01,2.231404358862877912e-01,1.062698989307882085e-02,2.111645907650641293e-02,7.019227201852199505e-01,-1.532209571004033433e-01,3.310229607360317683e-01,8.698086326136698077e-01,5.902524993730071667e-01,2.107074349830632687e-01,7.721381151503226015e-01,7.985296045685499888e-02,5.801305581007003553e-01,6.291424361274077226e-01,3.769639612101137183e-01,8.181404491255303002e-01,6.871850136484001226e-01,2.593337983302386185e-01,4.739999142495949780e-01,6.366766093783262637e-01,8.470217863500877353e-01,4.358347385902535120e-01,9.518282838386705746e-01,7.754586659262046044e-01,6.414549000548546154e-01,4.577478782369052146e-01,6.281130676288505521e-01,7.810400253014664340e-01,5.277903929573439790e-01,7.819425309963924375e-01,6.905765997044812643e-01,6.996343914833552668e-01,7.915841083637225051e-01,5.316978321022169940e-01,5.043805508587269060e-01,9.499043080863157629e-01,4.625000622847886267e-01,5.943770896034277218e-01,8.027127514898727556e-01,5.709032794976158787e-01,3.252773247318548888e-01,5.400520633660272907e-01,5.301218114252297386e-01,5.032739072503815692e-01,7.594524129288884318e-01,4.351748627318595131e-01,7.168772055179464253e-01,5.696305003315890181e-01,4.512992539145543325e-01,4.296043316070310425e-01,4.364934462513605506e-01,9.382968244932977653e-01,8.677979866407667942e-01,4.481237397788063737e-01,7.375483614394571230e-01,4.566264576059072544e-01,5.119406030620774484e-01,8.437475493359594125e-01,4.220468351301582821e-01,5.025464719521103296e-01,2.259567217148292784e-01,5.815560780278561381e-01,7.121417293381342439e-01,7.688522255275986872e-01,2.683801585155523028e-01,4.493930598165642443e-01
