0.000000000000000000e+00,7.025684961411720053e-01,8.915725929030309249e-01,8.403254858846442854e-01,6.849902779200790492e-01,8.213906276717947152e-01,9.715537709841541858e-01,5.847800198039005970e-01,4.716076122116584224e-01,2.752112598841624513e-01,8.235571625201191237e-01,8.128233572722803890e-01,8.253393275878877500e-01,5.402983543671391331e-01,6.047554659426896961e-01,8.201894789142047948e-01,8.879336868457768928e-01,2.493095998143498582e-01,8.423870039086723827e-01,8.444333361338565158e-01,6.052265306251377597e-01,2.444071371685074996e-03,7.714677440824012633e-01,4.465723213517568957e-01,9.028164694748300745e-01,6.961067038469249679e-01,5.131886498738937874e-01,5.234046311491490355e-01,4.132318480873606870e-01,3.361491047204728799e-01,2.602661690911245440e-01,9.636839713469214086e-01,7.760189793760002841e-01,9.180210613452479684e-01,9.379726448724472476e-01,-1.023984666067703636e-01,3.981996119448947408e-02,8.129312611533840993e-01,6.501634818228314572e-01,4.342393882474414046e-01,3.105015554042693249e-01,7.224683864405436751e-01,7.378171702365102780e-01,9.423495203159427680e-01,9.546875605557356703e-01,6.052694110577563347e-01,6.085846681448221496e-01,9.712741534795914511e-01,-5.922944549737524378e-02,8.533062603955717806e-01,5.745327536971529536e-01,6.286075552327502480e-01,6.782079713872163351e-01,6.029650790290915774e-01,9.689438927760153364e-01,3.839768204528130058e-01,5.802025118733619147e-01,5.883744826839283348e-01,2.039028766641428347e-01,-1.770675585889188997e-01,6.112002670475540356e-01,7.260734080025627035e-01,8.504587057927055493e-01,6.095300916553205717e-01,8.289648533398173980e-01,8.347731722424887035e-01,3.968467033376764652e-01,6.455451492632271471e-01,9.452909097175550279e-01,6.037315428673063478e-01,5.124887804246653911e-01,6.546793910192290067e-01,2.942157585472426895e-02,2.357078292850505255e-02,4.995260054833807195e-01,7.668207269409228477e-01,7.045585604472871522e-01,8.927468881926088340e-01,2.729637929273688868e-01,7.481819745392119803e-01,8.575859064439790291e-01,7.267322451245360193e-02,6.850960535275358865e-01,4.616378474821171141e-01,4.572521521279639956e-01
7.025684961411720053e-01,0.000000000000000000e+00,8.818222441969488790e-01,7.098362822013043472e-01,8.964175132827304493e-01,8.422623164246195726e-01,4.082854806575810791e-01,6.022175680192106695e-01,5.686642500723649851e-01,4.924533932701962158e-01,8.186977207372581056e-01,7.976888049480579390e-01,3.684150881358077001e-01,8.768606001027694496e-01,8.269458934114685134e-01,3.140517782328615670e-01,6.432085733374732772e-01,8.102239079963876600e-01,6.803907409856523314e-01,8.974715970392970199e-01,4.494693560005544319e-01,6.265405276840847471e-01,7.242195093107769432e-01,9.339647923600201684e-01,6.454297171119253163e-01,5.881532138940873677e-01,7.525340675261105172e-01,9.294134386674273163e-01,7.103059294012721292e-01,2.312457018185055113e-01,3.276885121538549717e-01,7.761270394608456025e-01,7.877295551667643503e-01,6.320475784110303197e-01,2.572059710907491081e-01,3.296220126719517363e-01,3.148753719164239517e-01,8.581783805424114675e-01,8.713671108164637857e-01,3.899623930946380934e-01,4.330562467769731860e-01,5.524445324582629713e-01,6.356694855491885621e-01,4.311536172322351090e-01,7.834476444228788417e-01,7.886490341564486029e-01,6.003165785701479740e-01,9.782426000515735964e-01,5.870260431523554034e-01,7.687785216339588779e-01,3.256694104865194839e-01,4.215389668032151205e-01,6.853524349917536895e-01,7.910382342434189029e-01,3.004076206633237156e-01,7.634026088831589174e-01,6.262578614397615873e-01,9.924309874459260605e-01,7.827770172479657784e-01,6.066937519847293014e-01,4.706690066293662267e-01,4.689127972722718640e-01,9.765155978255415370e-01,4.736240312915695472e-01,2.007605227307636686e-01,4.165379750201927411e-01,3.675721288442865969e-02,6.130806422576404735e-01,7.693055039812397577e-01,8.491433703004802602e-01,2.036114358798261914e-01,4.675463026930421484e-01,8.593129703817473652e-01,6.985687711789720922e-01,4.856814131401196999e-01,5.563249044675004917e-01,9.209511248058950272e-01,5.858130968514143611e-01,4.649602471065080733e-01,4.454188292607216271e-01,7.445047967152458313e-01,4.161755959749092182e-01,7.697715076772098097e-01,5.892473990533024786e-01,5.687186731240809756e-01
8.915725929030309249e-01,8.818222441969488790e-01,0.000000000000000000e+00,6.576966532656471909e-01,7.485246016869202546e-01,8.904671600337162873e-01,8.983642362008460447e-01,8.639365583696091422e-01,7.844212877927176919e-01,6.484541978935814965e-01,5.039007765592853350e-01,3.301913391970716094e-01,7.076849537567880821e-01,8.550942115213907568e-01,7.197727087811189861e-01,7.718190152257539127e-01,8.072890274059053572e-01,7.058599496166635401e-01,7.859801455756163513e-01,7.886210245883293890e-01,6.874254987577896880e-01,7.729558159120433203e-01,8.816863855160369523e-01,3.304998444646195521e-01,9.454227746606477245e-01,9.532222457238452851e-01,6.493685017133556947e-01,3.404696001688112261e-01,2.378535278016015164e-01,-1.377373959584158036e-01,2.644204089363433319e-01,7.039846342892779330e-01,6.010190494892030388e-01,5.711209149068998681e-01,2.284233514579602498e-01,3.883304646379879266e-01,3.274102276466505090e-01,4.808179079077742335e-01,5.442051033751393874e-01,9.838749591183459930e-01,2.088006366911270562e-01,5.159227315211484255e-01,8.248758414391103022e-01,6.604349632968390393e-01,8.629468083867996020e-01,5.841187064493946757e-01,5.217712355589853024e-01,6.747869271581605766e-01,7.074260861145300616e-01,7.528657791661259591e-01,4.307894727523348122e-01,4.623171214693609921e-01,6.191576631895341354e-01,7.680313309417079459e-01,7.155408888653079780e-01,5.299944150407386312e-01,7.240993492225792361e-01,9.109237651199835195e-01,8.519707911870590955e-01,4.669450914755000070e-01,1.583117874523193858e-01,7.451486025194931084e-01,6.338344456167399610e-01,1.021921908845061094e-01,8.481013848252021425e-01,6.497205069016779300e-01,7.379563565515110390e-01,7.898884898096254492e-01,5.726267543506280422e-01,8.661489833434783403e-01,5.442481374053178556e-01,3.685478890224400672e-01,3.834812287257762242e-01,4.181463919001171536e-01,6.885586358594133483e-01,9.936257887529262867e-01,9.898290563368621342e-01,7.267731448584457965e-01,7.167757948100077492e-01,-1.399933645869724796e-02,9.574499136483765049e-01,8.724598362307258714e-01,7.043888921486083365e-01,7.837037988400459287e-01,9.646813999847838605e-01
8.403254858846442854e-01,7.098362822013043472e-01,6.576966532656471909e-01,0.000000000000000000e+00,3.897928358736149068e-01,8.027719510932963543e-01,6.103501307853533842e-01,2.992029206101725625e-01,7.357145545117845797e-01,4.156676689014386916e-01,5.863067831521182605e-01,6.899718067802964594e-01,6.393830566059839349e-01,8.197460987634959118e-01,2.883912104473952964e-01,3.216190498594999059e-01,6.950622029988734463e-01,3.591307458264575425e-01,9.245676511623160954e-01,8.255720672546418282e-01,8.009863921360367289e-01,2.268900667190494602e-01,9.271260154593667924e-01,6.218416991719543097e-01,3.525080130355620067e-01,3.352193258708698886e-01,7.056143857157215482e-01,7.612553122244944959e-01,2.883534222977085504e-01,1.756843369745641481e-01,2.629672063802352966e-01,5.397432691834194163e-01,3.896410371972859332e-01,8.478989251145813144e-01,7.663687685671000116e-01,5.962312363262216586e-01,2.749831283793343628e-01,5.109967074433084955e-01,6.508803906877604906e-01,6.476113590066451264e-01,4.171531847456570463e-01,7.625204459527243905e-01,8.837509983752281917e-01,6.568264272823913785e-01,8.408997687723251957e-01,8.154727727711229557e-01,6.562450165385852463e-01,8.977129175175373454e-01,6.022849013238966709e-01,9.705230310039514308e-01,5.781138781384895786e-01,6.681754634229389866e-01,6.119160526058000649e-01,3.006010958091653307e-01,2.923464313428911221e-01,6.203936574885970945e-01,7.094334551893879404e-01,4.285586597705657863e-01,8.776068724176850910e-01,3.042808972828193181e-01,5.496850543914930665e-01,6.803545640786421433e-01,9.987137310775988652e-01,5.494885740398741669e-01,5.805186651064234704e-01,5.273938426179640704e-01,7.154971193066428370e-01,8.149264555318627146e-01,6.134320089487861338e-01,6.921635840978400678e-01,6.232360544365577182e-01,9.460135588231686210e-01,2.922245182907482475e-01,4.990938851950101340e-01,5.044690015585651111e-02,8.979509863782578760e-01,4.662414590048007818e-02,5.532613253781369922e-01,4.470335790374609930e-01,-3.242422850683038260e-02,3.551588402351119611e-01,9.658877339028945075e-01,7.527467576484387912e-01,7.734938774167068321e-01,9.090090286725645008e-01
6.849902779200790492e-01,8.964175132827304493e-01,7.485246016869202546e-01,3.897928358736149068e-01,0.000000000000000000e+00,5.946813132481908459e-01,4.874943612857855491e-01,6.457796903358927754e-01,8.683096057750869790e-01,4.479569894909356531e-01,7.376951897084901288e-01,7.002828905477401777e-01,7.404128721151477244e-01,9.363476066565969980e-01,5.521793625334734390e-01,8.372754754693715329e-01,8.401689235215450413e-01,9.827742437662465580e-01,9.086954064262227071e-01,6.215088117051127403e-01,8.726820139498916440e-01,3.366794139144630993e-01,7.259315686481406793e-01,7.664837250491908227e-01,4.974549994803140196e-01,7.264188463208716140e-01,7.056930565844961034e-01,9.962927615000993775e-01,4.622327231638367895e-02,5.896104333782029583e-01,3.577355125482955395e-02,5.510895966912394695e-01,5.471881011916068793e-01,6.685989941900983835e-01,5.442586334032335493e-01,7.472682468172489045e-01,3.206030922556605267e-01,8.507985258509149773e-01,7.249451430372584326e-01,8.180223511160770178e-01,5.835674504091279413e-01,5.714392332333565472e-01,1.869450973565809082e-01,6.729241036383548646e-01,8.427901320989708012e-01,7.597139268328820805e-01,4.806805200044296233e-01,6.337395046034836055e-01,6.416005362608919738e-01,4.841876348052868151e-01,6.117199357766436307e-01,4.855757526628892151e-01,7.099253709906757637e-01,9.540345862880769134e-01,6.068389318614262340e-01,7.689692691558372983e-01,5.933641331634998961e-01,9.867262135483019225e-01,4.736027733724187949e-01,2.826274206836826286e-01,7.591900266601258052e-01,6.297778329438555867e-01,7.898806034615695193e-01,9.112475412158050903e-01,8.831058325364100625e-01,9.294080495375435236e-01,4.933602984199549346e-01,7.968258042970751687e-01,5.488829482399247839e-01,6.670919701920294820e-01,2.291472818718484072e-01,2.111991356268049791e-01,8.228308431186009964e-02,3.348378201189329273e-01,3.102468069478649948e-01,4.636017563705342459e-01,8.278417745809812933e-01,6.411258006067488413e-01,5.879291881086219362e-01,3.591705188732449705e-01,2.722888775574350273e-01,1.647117973625916720e-01,6.327982981998426792e-01,5.795481716639401260e-01,6.057839387341471538e-01
8.213906276717947152e-01,8.422623164246195726e-01,8.904671600337162873e-01,8.027719510932963543e-01,5.946813132481908459e-01,0.000000000000000000e+00,6.371064839066195029e-01,7.740282825810301803e-01,4.034600451423960288e-01,9.396716910180964444e-01,5.726100969106968641e-01,3.543526764087375769e-01,7.066387103567024486e-01,9.282827652738745439e-01,2.952104150928807069e-01,8.833390184470926165e-01,7.423451798235499721e-01,-2.706878748202970475e-02,3.005788777365746012e-01,3.346333341764828329e-01,6.239634830424017897e-01,6.886310084379768659e-01,8.335333191031983890e-01,6.003882867453805838e-01,6.655023019312579224e-01,7.747692081594738100e-01,6.613542666064655684e-01,4.848642184304324809e-01,5.457153340943299291e-01,5.116773623930375159e-01,5.539902725991938670e-01,7.413310842900118214e-01,2.794070631825435469e-01,7.939824726492807905e-01,9.093042329511373811e-01,4.449239646872908960e-01,5.853525858365120627e-01,5.890401355746955891e-01,8.649718242844806060e-01,7.734956417085118163e-01,4.123007496748691270e-01,6.602116532033190932e-01,5.140234217220223112e-01,7.004783961605111076e-01,6.957203519993333529e-01,7.235206039542907419e-01,5.459404765189128650e-01,9.722125862698989263e-01,7.930026833884145088e-01,7.404168510635866784e-01,3.442159601488365417e-01,7.968512549927118105e-01,7.595784640523211007e-01,3.001799900266622911e-01,6.083831025367720802e-01,2.950337412654389646e-01,2.275660594405475856e-01,6.972713143277281533e-01,9.979085823774378472e-01,3.608214289740288017e-01,4.893535874375731787e-01,5.663810216892903870e-01,7.881817357066347451e-01,7.114095514320135649e-01,5.325137941037543232e-01,9.870701417363993979e-01,7.055083086785960411e-01,9.764094502570512812e-01,5.016104970292893928e-01,6.908796381609104698e-01,6.652659581950328693e-01,5.077500393704265091e-01,3.448314128590835859e-01,-1.422070341641533120e-01,7.575514992742151676e-01,7.782558832145350936e-01,8.469637021145054456e-01,5.638614203690475168e-01,5.404379058539631187e-01,5.815131433416751428e-01,4.760308741388817322e-01,6.107056415130461824e-01,7.742734823192340965e-01,1.633994283397000036e-01,1.983222198651229395e-01
9.715537709841541858e-01,4.082854806575810791e-01,8.983642362008460447e-01,6.103501307853533842e-01,4.874943612857855491e-01,6.371064839066195029e-01,0.000000000000000000e+00,4.752338946047293677e-01,5.958685764611637570e-01,5.462525121549732798e-01,5.076918714131450905e-01,5.498111347190085541e-01,3.971766409909900375e-01,4.016468118540843513e-01,3.093107243242885218e-01,6.201432602852640086e-01,7.046020664118771704e-01,6.886021326175058022e-01,4.262381813921126139e-01,8.998774819021611027e-01,8.363324442533714986e-01,4.367583438732899337e-01,7.186133368460480009e-01,4.089026192011283589e-01,5.246799029342943399e-01,7.538388363572916528e-01,5.384232238898122302e-01,6.143799372898055555e-01,2.392740365736462649e-01,7.796807439290314168e-01,3.797178516279343663e-01,7.975726957899724745e-01,4.248108200546239499e-01,1.843050468814915743e-01,7.205668880649566121e-01,5.503726864909010974e-01,-2.265568271832540947e-02,4.439285938079744476e-01,4.766516533070849770e-01,6.656749064339857469e-01,7.809729309375292861e-01,4.350472139108774172e-01,5.345532282634306576e-01,3.627697764143592574e-01,3.026411960815835744e-01,4.649501482569416422e-01,1.217814478990746352e-01,4.853407095780735703e-01,4.243524956120780511e-01,6.309673348149020811e-01,3.966145634005990850e-01,6.405416166760552477e-01,5.772369360141990091e-01,3.766773990687144469e-01,8.841811006936788342e-01,6.165358315960133284e-01,4.938417333684484989e-01,5.297452985696520233e-01,9.813743184727502511e-01,7.389676713825861221e-01,1.846075620287644381e-01,7.475635289504859449e-01,7.376265861988048345e-01,6.057690493566835199e-01,5.314993425186068654e-01,6.417678934003431257e-01,5.563676869523472845e-01,9.964384527332206254e-01,6.802659218404087937e-01,3.094680798485893169e-01,6.299732693399182626e-01,5.202161132669662624e-01,3.307183795710469942e-01,2.532542038726496303e-01,6.024055731850266326e-01,2.482239703523605664e-02,6.489728669149891216e-01,4.620899204054654819e-01,7.899242309904702664e-02,2.506295947437986449e-01,5.412374159884331126e-01,8.949677542487738391e-01,5.464778522607800504e-01,4.007268930930594775e-01,5.741059411700766280e-01
5.847800198039005970e-01,6.022175680192106695e-01,8.639365583696091422e-01,2.992029206101725625e-01,6.457796903358927754e-01,7.740282825810301803e-01,4.752338946047293677e-01,0.000000000000000000e+00,8.737019628615855238e-01,6.339808505407590333e-01,6.507884022064037710e-01,7.010291456028470147e-01,6.044872938378296201e-01,9.287130521010205086e-01,6.047331204139786420e-01,9.189801940906459077e-01,8.590767634699399968e-01,2.252783085046531630e-01,6.354977209039502917e-01,9.174672157246156479e-01,8.777816683060332137e-01,2.481202687008876306e-01,3.186038243318403129e-01,5.130123770031265185e-01,5.988259592734360703e-01,7.032065506024853807e-01,5.942373158790387189e-01,1.097135347733151217e-01,2.202451695021875877e-01,3.031191734714308583e-01,4.011869477508645532e-01,6.315051204843050714e-01,5.247421391721485140e-01,9.538826439571089777e-01,4.375897520406800134e-01,2.226745206731923499e-01,2.437552397037024976e-01,5.385954178783103341e-01,7.362791059110419534e-01,6.837545400625630876e-01,6.643290840126380159e-01,6.119080197091931739e-01,5.204579382723286685e-01,4.507293992665832305e-01,6.124546717332309820e-01,6.593381271892063689e-01,5.360006585062557921e-02,7.603537186361146727e-01,5.454542957436357975e-01,6.145575585708036304e-01,8.292984835141644639e-01,3.498744219993724647e-01,2.835502315373218951e-01,7.606657880528560067e-01,5.060560379155650823e-01,1.405013573366968860e-01,7.669650608853970652e-01,4.924984652037488475e-01,8.636908854813740710e-01,3.843710170494334388e-01,2.424691972432755915e-01,3.650523016200994952e-01,4.414594559317573941e-01,6.397875383381577130e-01,5.351039902292766826e-01,8.711093189403584791e-01,2.196696933816371933e-01,5.179380597578167045e-01,6.186490768431568421e-01,5.996784769179515084e-01,6.204647956086550842e-01,5.140424810595416449e-01,6.329749294670575788e-01,5.895705878573127556e-01,2.930546588877105396e-01,5.254755964959747505e-01,7.947876833689628828e-01,7.535221259301485563e-01,4.523185274299776348e-01,3.370863421085827927e-01,4.171269315501544006e-01,9.451067829947119581e-01,2.692153761842877024e-01,5.429356496028113765e-01,6.138959266559065320e-01
4.716076122116584224e-01,5.686642500723649851e-01,7.844212877927176919e-01,7.357145545117845797e-01,8.683096057750869790e-01,4.034600451423960288e-01,5.958685764611637570e-01,8.737019628615855238e-01,0.000000000000000000e+00,1.651132064807205868e-01,5.753371728547089781e-01,5.624580957026500405e-01,4.208562768298115264e-01,2.025081004838554799e-01,6.013110411380504505e-01,7.758766396330712967e-01,4.314117199377045520e-01,4.529927089308634636e-01,6.587282011474761001e-01,7.611571031941948284e-01,6.013010106043463754e-01,3.747522822743925008e-01,5.260909429853765085e-01,4.605780875847109157e-01,2.656160802828008149e-01,5.803520787835023675e-01,5.301682063820595259e-01,4.283458955184709094e-01,3.198888505500515067e-01,-1.728713156372708171e-01,2.986436017667655207e-01,3.889805516603468405e-01,5.916348852564563554e-01,7.767063307866797217e-01,4.463374614691968945e-01,4.646790361838730732e-01,4.739919347573737229e-01,6.702287398920661055e-01,6.521874365155808650e-01,7.355071635109642347e-01,7.674971876908419643e-01,5.005186201241422772e-01,6.178680360061037380e-01,2.617143824463422641e-01,6.271460545262022013e-01,6.237504240160951507e-01,7.414162824225588311e-02,5.745975777717259314e-01,7.562724474406750108e-01,2.201374854029125583e-01,7.417018268188008134e-01,4.150604920587449564e-01,7.253571269728400495e-01,4.377312569828856192e-01,9.192461817369909083e-01,7.126006467190099114e-01,5.717977766689270602e-01,5.471076206596344749e-01,6.786773489642285995e-01,5.730583526763741720e-01,6.733290030604772713e-01,5.898603378922930851e-01,8.857167597851155483e-01,9.054803564799099869e-01,4.710114099772426677e-01,6.171948868922166875e-01,3.143344945976073168e-01,7.811402613555816776e-01,5.980678761990900760e-01,5.458045141249120435e-01,7.177926671737254738e-01,4.147783278762697812e-01,5.073593487900686094e-01,7.210598397802073234e-02,4.595743378760974718e-01,7.920494005550193783e-01,7.093846892680447658e-01,3.909303880366925971e-02,3.396476244428575653e-01,7.822823561152895122e-01,4.575785177699549511e-01,8.915403223256656018e-01,2.206053173431815340e-01,6.062903548030320611e-01,7.118219288496039354e-01
2.752112598841624513e-01,4.924533932701962158e-01,6.484541978935814965e-01,4.156676689014386916e-01,4.479569894909356531e-01,9.396716910180964444e-01,5.462525121549732798e-01,6.339808505407590333e-01,1.651132064807205868e-01,0.000000000000000000e+00,7.904609656582827215e-01,7.151451937050848917e-01,9.618208878368667003e-01,5.587681013055731949e-01,6.958750681059672205e-01,2.239541634483212529e-01,3.701766672146894477e-01,4.498598917232961014e-01,9.305222379345541306e-01,9.864003873709648040e-01,8.931418846029890446e-01,4.362602285917399070e-01,6.453655265120934459e-01,2.507343005235665445e-01,7.441759932078759743e-01,7.454791135835128202e-01,8.666555389481200855e-01,3.058804371248035614e-01,-1.827243116514157550e-01,1.121468892873315054e-01,2.831236195719170068e-01,5.504369828654597230e-01,2.318435226194379417e-01,7.272230090234579336e-01,5.985444960651811197e-01,-3.402569585104234240e-02,2.023320926833191702e-01,3.556640745324680664e-01,7.309593628835233670e-01,7.515445344453801635e-01,5.724394760986819541e-01,3.463263794771532234e-01,8.416537689638686759e-01,6.525929118590981792e-01,3.051340699435831638e-01,7.380034615784138996e-01,9.089034273390687035e-01,5.629956225441925532e-01,9.310446678761522543e-01,4.198912595030560024e-01,6.310138932123670052e-01,7.076704221780503179e-01,2.697028872347239647e-01,4.540411397355701567e-02,2.772957129837954615e-01,4.509016754714820219e-01,9.972306364973350101e-01,8.451363247547525326e-01,5.787114387912973834e-01,3.936150086315504670e-01,1.333368060562103163e-01,-1.751157017609550615e-01,6.714077435837451091e-01,7.697759789199057900e-01,9.263827111110347623e-01,-1.951653752559380228e-01,6.723149795450497068e-01,5.184954438620587025e-01,7.193359904355578482e-01,8.670700544899676565e-01,9.720145664403185837e-01,3.894976757397428102e-01,5.327902662533495759e-01,1.396986909378728769e-01,3.184062208595604404e-01,5.865501211475563359e-01,9.846054318015187157e-01,2.756754806741308905e-01,1.831433814684881867e-01,4.926303685691775236e-01,5.927379276735842417e-01,8.446742164256233476e-01,4.726020732780316091e-01,-1.885245848718729855e-01,6.303887335040357920e-01
8.235571625201191237e-01,8.186977207372581056e-01,5.039007765592853350e-01,5.863067831521182605e-01,7.376951897084901288e-01,5.726100969106968641e-01,5.076918714131450905e-01,6.507884022064037710e-01,5.753371728547089781e-01,7.904609656582827215e-01,0.000000000000000000e+00,2.551740833330022329e-01,3.433616110147093003e-01,7.596886524541754948e-01,9.129130862531141810e-01,3.209528490026666292e-01,5.661713481552317351e-01,1.286508431499295939e-02,4.457779952613531993e-01,9.466608579606462515e-01,7.586023361313249946e-01,1.720922340381277615e-01,7.882894379158080778e-01,1.540869768843018961e-01,3.067082471235805796e-01,8.450557166952985533e-01,-5.864571423847811382e-02,5.661989896802728239e-01,7.601053401206023796e-01,4.848982621796330550e-01,5.907700903758359573e-02,7.844358438481831008e-01,6.239140539219487636e-01,4.505416640796567340e-01,2.979913475254261090e-01,4.269462848458646098e-01,5.658441468934676255e-01,5.497566059598946175e-01,9.689182887436794678e-01,7.537995270552446669e-01,3.493806000292348779e-01,2.792417313005836621e-01,6.957954084140759443e-01,8.897879998405749946e-01,7.798269040437458832e-01,4.467791162826237894e-01,4.243786025026923259e-01,6.326335732663629363e-01,7.337338592750053401e-01,6.540678593195919932e-01,2.300891060496890461e-01,2.350486318067762925e-01,4.685158657960659667e-01,6.610466682067509536e-01,5.330822752854182944e-01,8.037995243949780377e-01,7.565690655314999402e-01,4.693887951658238245e-01,2.446855151601578515e-01,2.396801496565323097e-01,2.305218849399142123e-01,7.793388766768500897e-01,7.826887899378551783e-01,9.928777135812858479e-01,5.408989962840002885e-01,7.742370839683265782e-01,8.890496128280657162e-01,6.138529128130965073e-01,2.451161528993391070e-01,8.536752218928960190e-01,3.452258011221039924e-01,6.429118437654846030e-01,4.172723710936875885e-01,3.068234766141196834e-01,5.640120719244122727e-01,9.761353643559962379e-01,4.132992867012492133e-01,3.940422059115609166e-01,3.278754718020654990e-01,5.871788009037087752e-01,3.102678512578108672e-01,9.221452880063936153e-01,4.946876328728160299e-01,7.544329084017665776e-01,5.414545693726235953e-03
8.128233572722803890e-01,7.976888049480579390e-01,3.301913391970716094e-01,6.899718067802964594e-01,7.002828905477401777e-01,3.543526764087375769e-01,5.498111347190085541e-01,7.010291456028470147e-01,5.624580957026500405e-01,7.151451937050848917e-01,2.551740833330022329e-01,0.000000000000000000e+00,9.233797507919667691e-01,5.850244161166230361e-01,3.601008443801156922e-01,7.378145225559242792e-01,5.960881157223523186e-01,6.216143077761259184e-01,9.659122547806324732e-01,4.009719964993448960e-01,9.018589499994286163e-01,3.949145229075356478e-01,6.139423756486195316e-01,9.704852920567021979e-01,5.702080396243613958e-01,6.423350792689996869e-01,7.958362213446731337e-01,6.495838207660290520e-01,4.088023376714644552e-01,3.003209112038621731e-01,5.600047590159829003e-01,2.083951152080127378e-01,6.329480029883366443e-01,7.292331524492161599e-01,7.208120119160363881e-01,4.173267956011123547e-01,5.081093866587576002e-01,4.196551574547573438e-01,6.092121687562791488e-01,7.634596739966023060e-01,2.789480065332777814e-01,3.033051724821489437e-01,4.899945480663764896e-01,4.891292249472284359e-01,6.013602358085919919e-01,9.108547460340380431e-01,6.132401216663637689e-01,2.597894125872383109e-01,6.657232000850898945e-01,2.544966620600241924e-01,3.679462202976960805e-01,5.613123858906551300e-01,8.194340752004714012e-01,4.909097677914622815e-01,8.529419539333357170e-01,3.883890682450115150e-01,7.763450448569458873e-01,9.710079505801760824e-01,6.907435749567057970e-01,4.065154362554343481e-01,2.052877506928902085e-01,6.129336935983514811e-01,7.017757048085946359e-01,2.137559008258865800e-01,8.020733042296286364e-01,-1.210089221971121648e-01,4.389175596183771400e-01,9.758002223713390100e-01,-3.809248525508734939e-02,9.043846968243840490e-01,4.036764468166224029e-01,6.397836107785050963e-01,2.350361822363471187e-01,4.526961761844461307e-01,3.712486019795873532e-02,7.766482040159659039e-01,5.854120328392399264e-01,5.793953469458357208e-01,4.930045162033623307e-01,4.178650956198129429e-01,4.030164242141239250e-01,8.436166328932941383e-01,7.508236211346470679e-01,1.383192023403582993e-01,7.292430235146267758e-01
8.253393275878877500e-01,3.684150881358077001e-01,7.076849537567880821e-01,6.393830566059839349e-01,7.404128721151477244e-01,7.066387103567024486e-01,3.971766409909900375e-01,6.044872938378296201e-01,4.208562768298115264e-01,9.618208878368667003e-01,3.433616110147093003e-01,9.233797507919667691e-01,0.000000000000000000e+00,8.915504080595552105e-01,7.362176920895249221e-01,8.539335257636759824e-01,8.789603318680493382e-01,7.922494323304587471e-01,6.719564003376868877e-01,7.210854260323950049e-01,7.356249628759157222e-01,7.184440556079252360e-01,6.765107257985722988e-01,3.909486979789860150e-01,-1.262460214275636927e-01,7.369322661875752356e-01,9.583396110879190133e-02,2.783452980514834474e-01,2.009311960379183692e-01,5.627950455972853261e-01,3.717588988340855272e-01,4.943542394037857557e-01,9.605871431175880826e-01,5.473067155365943792e-01,5.418163072675838965e-01,2.499197627941024680e-01,3.520727018170826117e-01,1.772530836449888181e-01,4.605808099723873728e-01,5.897916607648792109e-01,2.809516192005777624e-01,4.834863442157797536e-02,8.476277456347933725e-01,5.696921198557350907e-01,5.753937555457763198e-01,9.757904600885192181e-01,7.407153057607307467e-01,4.568963205603557287e-01,6.389914598456248873e-01,4.302697301294624577e-01,5.920252946965097740e-01,5.760005845809186287e-01,4.701658489649436223e-01,7.527352566042769810e-01,9.603034833214181554e-02,4.333929104495285456e-01,8.389519102380063043e-01,8.570168137919580431e-01,3.022628921487915954e-01,-1.761100876202353060e-01,4.076626902135214309e-02,4.630869114967214872e-01,6.783575999540431001e-01,6.594970585331606516e-01,7.483481807531304764e-01,7.950116173082779625e-01,5.025263803092078208e-01,9.765192630841247334e-01,3.576144969948684138e-01,6.138564586873945794e-01,2.667155428539057516e-01,6.442891239414538784e-01,4.238474781506010314e-02,2.027321393642868841e-01,3.991578064821029170e-01,9.304724196748919152e-01,3.436639646343143673e-01,6.058277380403611634e-01,4.428422178928389519e-01,2.984430107787443553e-01,4.967569262618812820e-01,5.831337772915012874e-01,5.788653986525585937e-01,7.475144169760317148e-01,8.479228362131289165e-01
5.402983543671391331e-01,8.768606001027694496e-01,8.550942115213907568e-01,8.197460987634959118e-01,9.363476066565969980e-01,9.282827652738745439e-01,4.016468118540843513e-01,9.287130521010205086e-01,2.025081004838554799e-01,5.587681013055731949e-01,7.596886524541754948e-01,5.850244161166230361e-01,8.915504080595552105e-01,0.000000000000000000e+00,2.142477793505734862e-01,6.176129067017435137e-01,2.205760507288812566e-01,6.249252756183815150e-01,6.669826792593233078e-01,4.024646369115423838e-01,9.893695057806537463e-01,9.850145717004261670e-01,7.516270058707184010e-01,7.234000597673873045e-01,-1.196881177976851784e-01,7.209788731613354651e-01,5.471928150493932108e-01,9.275337586316044491e-02,2.994555769139446710e-02,5.137807459586667402e-01,3.880445383960766659e-01,7.220630569353222450e-01,4.907288292697183363e-01,7.599666692014307445e-01,9.633557732889767022e-01,5.513071895588344401e-02,2.181264880268155015e-01,2.904905901012201919e-01,3.294004183480607750e-01,8.414926612990373256e-01,1.014496278383256733e-01,3.537471472388737936e-01,5.280241154126972258e-01,8.538458369093553380e-01,2.703822051803158599e-01,6.000551013513254484e-01,4.619966249490898291e-01,4.978529295285141210e-01,7.575910490375935558e-01,6.999000075173071878e-01,4.519662047343378508e-01,5.891096330709302276e-01,7.927361905302249268e-01,7.337001309620990730e-01,3.294602507634784017e-01,2.013140370345639918e-01,5.413654140688411998e-01,5.262265551922551410e-01,4.992098543336566663e-01,4.882934414988711613e-01,5.669392218438240594e-01,4.046798006255310498e-01,5.767234373830238958e-01,7.524230743268884858e-01,6.392590781623269658e-01,9.064479512826231211e-01,8.482974793100834798e-01,7.041864043686265617e-01,6.981072231258379501e-01,6.788492153801186646e-01,1.048474921854042341e-01,7.542320057518447918e-01,2.132134105482521025e-01,4.315035979787155140e-01,7.614489780171893596e-01,7.601359556163318487e-01,4.866265097229141579e-01,7.111921931729542345e-01,3.798875591726548206e-01,2.237839977084498666e-01,6.933475954866068491e-01,6.607656023642509702e-01,8.074072007182732102e-01,5.466059647574619262e-01,7.728947298061618065e-01
6.047554659426896961e-01,8.269458934114685134e-01,7.197727087811189861e-01,2.883912104473952964e-01,5.521793625334734390e-01,2.952104150928807069e-01,3.093107243242885218e-01,6.047331204139786420e-01,6.013110411380504505e-01,6.958750681059672205e-01,9.129130862531141810e-01,3.601008443801156922e-01,7.362176920895249221e-01,2.142477793505734862e-01,0.000000000000000000e+00,7.690931644724778860e-01,3.730069674936739021e-01,4.057212130294165497e-01,4.089464838979188777e-01,8.867891947170362110e-01,8.566098997409138383e-01,6.872307040121482524e-01,2.785353272775842326e-01,7.372701436953502663e-01,9.488544248688252081e-01,3.405398258457894012e-01,5.381524831501813821e-01,1.300927925328474594e-02,2.058251188501690199e-01,3.613368695165311006e-01,3.318236326972664463e-01,5.175437188476214034e-01,6.021409849980529083e-01,4.102813184660600854e-01,5.077243877328085908e-01,8.065723943146113628e-02,5.158136413673768406e-01,4.956817072029565119e-01,7.371403548247337234e-01,6.437817268851263597e-01,2.214421063054714256e-01,6.550098709799129226e-01,9.665959793007428136e-01,7.850456586189904495e-01,4.302605194900797625e-01,2.918708400295442207e-01,6.598570657703117792e-01,3.190066502584159580e-01,6.151529037027967384e-01,6.848322576684813257e-01,5.660083241629988438e-01,3.481369235382530264e-02,7.127683427044999576e-01,7.205353421282489901e-01,4.732812085462253515e-01,7.894942168892942203e-01,2.213567769681861197e-01,-3.698858250985403995e-02,6.590516747753835114e-01,2.910869204513611419e-01,3.483703900264319420e-01,4.701647801715515551e-01,7.211843178683856603e-01,9.420757091914828685e-01,8.546718482885866663e-01,7.925353386702931324e-01,8.384973827480255437e-01,6.599131609162420808e-01,5.777766037717964043e-01,7.108834108389325834e-01,5.484936520778134206e-01,7.832082497084145167e-01,2.360241821048353061e-01,3.956141832594144425e-01,6.783388302336431641e-01,7.413850530274164186e-01,7.259990713627685333e-01,7.883552870397868562e-01,4.850651244970431430e-01,-6.473619794889354240e-02,3.540824995860921698e-01,5.672103412371161113e-01,8.557616298780230668e-01,2.929835975211006471e-01,6.380327423278229215e-01
8.201894789142047948e-01,3.140517782328615670e-01,7.718190152257539127e-01,3.216190498594999059e-01,8.372754754693715329e-01,8.833390184470926165e-01,6.201432602852640086e-01,9.189801940906459077e-01,7.758766396330712967e-01,2.239541634483212529e-01,3.209528490026666292e-01,7.378145225559242792e-01,8.539335257636759824e-01,6.176129067017435137e-01,7.690931644724778860e-01,0.000000000000000000e+00,2.689124689220806497e-01,4.672415191580393534e-01,5.800054898622254429e-01,7.912041551268176320e-01,9.298806826494229183e-01,4.023437735175046104e-01,5.842664835528363909e-01,9.267742128099228927e-01,7.771055664998609558e-01,2.510825821291156126e-02,5.067950893540650315e-01,4.334813186919280747e-01,5.119907899283784314e-01,4.233797682455417988e-01,5.403730412728338095e-01,5.105041178455254069e-01,7.407789962419418783e-01,2.990823086217275772e-01,4.725645614552578255e-01,4.225988796195117581e-01,2.385076029958929644e-01,9.978652817427775545e-01,6.824512869243791746e-01,9.618760630475291507e-01,7.370132560621843743e-01,2.881381298055210038e-01,6.251277889217845551e-01,7.761070961121460110e-01,9.530075872905975354e-01,8.819071896982613179e-01,2.847923649932460055e-01,-4.443891775780178799e-02,7.411157999870913171e-01,7.009861141691221542e-01,3.428758005459056624e-01,6.557439314766686511e-01,6.461767240407231272e-01,6.862285123343475624e-01,4.487665518886297389e-01,4.645725387001572448e-01,4.753084854144499771e-01,4.394888210951829466e-01,2.245086368491217566e-01,5.871550566280852035e-01,5.690722352843016196e-01,2.591275676995180577e-01,7.543406763528333059e-01,8.308864725627210790e-01,4.942995317412607892e-01,5.345437855245944725e-01,9.934911803953108134e-01,7.320420140409651388e-01,3.299498161954269593e-01,3.440087564319317393e-01,9.911715865749248788e-01,4.744797036048035155e-01,3.074836696649180245e-01,-2.730724531261297106e-02,4.614365096159411817e-01,2.884509394735188664e-02,7.548187967635846540e-01,6.319055353955648213e-01,1.303791001661041074e-02,3.833165193250095415e-01,2.852361317012487851e-01,6.411496511051961722e-01,8.813273983957514712e-01,6.097091993276653604e-02,9.357741241704597979e-01
8.879336868457768928e-01,6.432085733374732772e-01,8.072890274059053572e-01,6.950622029988734463e-01,8.401689235215450413e-01,7.423451798235499721e-01,7.046020664118771704e-01,8.590767634699399968e-01,4.314117199377045520e-01,3.701766672146894477e-01,5.661713481552317351e-01,5.960881157223523186e-01,8.789603318680493382e-01,2.205760507288812566e-01,3.730069674936739021e-01,2.689124689220806497e-01,0.000000000000000000e+00,6.733076396793185037e-01,8.234756583533703322e-01,6.382633076977000108e-01,8.573365350209044555e-01,7.450406567018332815e-01,4.877632953970209018e-01,7.659431415498549889e-01,6.461068399248063310e-01,7.027644816845920461e-01,7.370909490802411979e-01,2.310149707004833242e-01,5.463197477191334972e-01,1.361526103356911488e-01,5.562029858111957603e-01,9.799704177541675998e-01,3.325062248571305501e-01,2.443362533205273857e-01,9.411596162852223779e-01,7.635694951058988877e-01,4.700121812587548242e-01,7.011168808563722488e-01,9.222247411754730395e-01,4.014720998789381157e-01,5.222454446459627864e-01,7.445202325738595750e-01,7.879913287347297679e-01,7.405289145904359049e-01,8.141612431082333456e-01,9.635155170212567066e-01,6.507044514145821079e-01,4.735731283216843002e-01,6.958551525821562445e-01,7.580244206614709102e-01,8.248731414024660369e-01,9.223547351095449098e-01,6.945468261386738007e-01,8.507618118962200215e-01,7.421734181242225503e-01,9.910521307046702422e-01,3.326797396698334963e-01,3.990543743839144453e-01,7.004730567782607720e-01,7.150538860801175511e-01,4.474569599809141707e-01,6.135259098287205726e-01,6.022721871784981751e-01,6.058046951126746515e-01,9.214894155782107354e-01,4.965541750086430173e-01,7.471493025935451726e-01,2.788518489080873963e-01,4.264868265743321230e-01,6.931456156209668817e-01,9.111294726278669209e-01,5.094281047485899050e-01,5.722746310925715951e-01,3.893979725824314175e-01,5.022743041870549874e-01,4.579993773404610891e-01,3.002746981359553646e-01,9.876650573397518507e-01,7.465980948121584415e-01,1.715509787604061614e-02,6.806984646545849449e-01,6.837381863409455196e-01,7.707470851653903665e-01,2.381304686645175361e-01,7.325921488288770211e-01
2.493095998143498582e-01,8.102239079963876600e-01,7.058599496166635401e-01,3.591307458264575425e-01,9.827742437662465580e-01,-2.706878748202970475e-02,6.886021326175058022e-01,2.252783085046531630e-01,4.529927089308634636e-01,4.498598917232961014e-01,1.286508431499295939e-02,6.216143077761259184e-01,7.922494323304587471e-01,6.249252756183815150e-01,4.057212130294165497e-01,4.672415191580393534e-01,6.733076396793185037e-01,0.000000000000000000e+00,-2.712786160876839991e-01,3.379901904480884373e-02,8.526327373602401449e-01,7.978544937346279120e-01,7.901066853086248232e-01,7.092350064648874630e-01,5.062111701657984186e-01,6.735250543896971198e-01,8.357512511716134185e-01,8.479920351472713946e-01,4.171610587273170134e-01,4.315583883532130294e-01,5.346517175287237578e-01,6.173643007532501059e-01,2.631730787588458242e-01,8.993737885134928112e-01,2.583894573515455595e-01,5.178303370096645208e-01,4.481842735883518336e-01,5.583269448891038378e-01,7.887150541854496266e-01,8.723435565635261346e-01,2.340482439315701435e-01,4.596301559125432479e-01,6.909344816749148910e-01,5.214815908347639750e-01,4.072401484587651610e-01,2.632569696358187383e-01,7.419820754389959694e-01,8.681863583368456538e-01,5.219934403670195566e-01,4.562047838650359899e-01,5.447797703553038939e-01,8.918270334207348826e-01,3.376560447487083616e-01,7.823508947384175682e-01,6.410199372426361730e-01,6.792541855897747949e-01,4.807153352469034635e-01,8.949792308997961410e-02,6.867494004573494459e-01,7.366511989710563535e-01,6.244497155421782075e-01,7.171871340839877096e-01,4.220336522519559375e-01,6.670035962494714754e-01,7.360160867183425104e-01,5.410650787419648555e-01,7.117981845088793280e-01,5.309647212832790952e-01,4.161315863713733187e-01,7.200291948942253439e-01,4.595391364019386637e-01,4.123954378257767006e-01,7.529502025298359102e-01,4.374839042357582808e-01,1.630595887195508131e-01,5.930437226472873302e-01,9.202126514680156744e-01,7.882998742636915246e-01,9.725418992654462358e-02,1.981818480442313346e-01,4.956152947331862180e-01,3.542278172206074771e-01,6.168138120160160387e-01,7.624953705841880369e-02,2.934586984343145466e-01
