0.000000000000000000e+00,9.811642074848589967e-01,7.827145046775351167e-01,8.183956129659720746e-01,9.653981054805930162e-01,9.028742901577865299e-01,8.372657217668884044e-01,8.002350961493329695e-01,7.240497761613079453e-01,8.077639905238470641e-01,9.146187209667839824e-01,2.516235172411143348e-02,7.353053715624959796e-01,7.942530697390556282e-01,6.524624196573355350e-01,5.296522910236740600e-01,9.334319057679165699e-01,9.595875169655230241e-01,5.411443001912805695e-01,9.949544271513199867e-01,9.253394257729125050e-01,6.878501186347720786e-01,6.209321828878483496e-01,8.621331314927486167e-01,6.200184892670126402e-01,6.314079368496811062e-01,7.181957292071721177e-01,2.007999220312501887e-01,5.998955447445736278e-01,-2.170624001920291590e-01,3.717075454515315069e-01,7.235040027638000026e-01,4.988193378020784885e-01,4.389718774724979400e-01,8.780925750455111922e-01,5.438930338982838064e-01,4.400242415778936600e-01,8.231954073613346745e-01,5.380937897244727486e-01,9.996754083311847339e-01,7.129639522099154858e-01,8.762598882284038382e-01,8.073766646567819283e-01,6.413775160487871219e-01,7.021631875153999669e-01,6.090340671177911780e-01,9.499450613626512219e-01,4.631156134663595991e-01,3.862125812836981753e-01,5.489678084087408205e-01,6.082091438899130953e-01,9.650800936606394043e-01,4.001090031388395141e-01,9.030917354447385303e-01,7.174920604142354108e-01,8.568040918829108454e-01,8.267993119412323511e-01,6.433003611034759928e-01,7.590989488325201595e-01,1.459522807874317762e-01,6.799175078680387285e-01,7.177365393332001409e-01,8.790311569287526661e-01,6.006359457883880815e-01,8.597341443721817633e-01,8.001085375745989881e-01,8.039983038343269106e-01,8.773407512606896663e-01,6.126266926217517339e-01,8.749638024759570643e-01,9.533882153597559306e-01,2.754754854255084817e-01,7.180227391222735456e-01,4.104353719312169857e-01,9.141116460693385903e-01,9.662821576278350921e-01,7.210261306664541570e-01,7.498819802625622533e-01,5.937215471384081900e-01,-1.384548069429417105e-01,9.085941384772785456e-01,8.841283454717036028e-01,9.732326140492846278e-01,4.956362312790026925e-01,9.073212331023917665e-01
9.811642074848589967e-01,0.000000000000000000e+00,6.443699533627696985e-01,2.177048561149333705e-01,7.835431790272494590e-01,9.995645143791825893e-01,7.530647230171839679e-01,4.595606233847429611e-02,8.368886646739874813e-01,9.509466886154391840e-01,6.078046115772551827e-01,7.600600847144159955e-01,5.915932195859068266e-01,6.770397753415247077e-01,6.815603493440824945e-01,8.615300081558994183e-01,7.827153958634803788e-01,4.793856079341750620e-01,7.335160623846362915e-01,8.040708123143285313e-01,8.603354448709754632e-01,5.614125926752316920e-01,4.131917810359140297e-01,5.222886659151853433e-02,7.812243535956572282e-01,7.109651740272674436e-01,4.145849586282122634e-01,5.143458984872540940e-01,2.118775818821174162e-01,6.667018106796798183e-01,3.027562436734251294e-01,6.839197817671158752e-01,3.054623636404084075e-01,5.270549508056721066e-01,4.208789938944339504e-01,3.463180202901485760e-01,4.331727135899883230e-01,5.935781982461980633e-01,6.694526541906131722e-01,6.034265411301651394e-01,9.858452892353141150e-01,6.142951417863430352e-01,7.105679441382624084e-01,4.018684686165331366e-01,9.052984506995013225e-01,7.152070734734267132e-01,6.092561241270650907e-01,9.654247147745684821e-01,7.481687290704411852e-01,2.272235028063349926e-01,5.220993839996753705e-01,2.724869197198232125e-03,7.289770161688369221e-01,9.984504328742664914e-01,8.897574857801570092e-01,6.642402753907624691e-01,6.889184118334468199e-01,3.368172960454622888e-01,2.741318774639945888e-01,1.966115783634596048e-01,4.856667273635287274e-01,4.254294771551680454e-01,8.880758492240676816e-01,8.140908111095923605e-01,9.178047691646669115e-01,8.109689857375347311e-01,9.219895685306551680e-01,9.526644153406129689e-01,5.959604603079847740e-01,6.883005559435869669e-01,6.157323292539512716e-01,9.988049567242311966e-01,1.806966193749542371e-01,2.135998175834131763e-01,4.665421378415138820e-01,9.230681403260229123e-01,7.798922928849643110e-01,5.223909560048127787e-01,2.299522514181113197e-01,3.807847728354841754e-01,4.105474531484323286e-01,5.017754446392381773e-01,6.000203323593419347e-01,4.884032204724731985e-01,4.537905253933604555e-01
7.827145046775351167e-01,6.443699533627696985e-01,0.000000000000000000e+00,7.566228510221161274e-01,5.804916031848048608e-01,6.937249475883575656e-01,9.043645997494288435e-01,9.539358383537827057e-01,6.561256338183623082e-01,9.749709705600309029e-01,9.682954213869714444e-01,5.993658991548611592e-01,6.663452977589089388e-01,7.467110851972684760e-01,4.647481011728872846e-01,7.182094646854796371e-01,5.781719248257697341e-01,4.187606408340517339e-01,4.779075354228302652e-01,8.209974237803071562e-01,8.348218297015455036e-01,4.397437617971887702e-01,9.098831630804390391e-01,9.640394446932991634e-01,4.654062887068252663e-01,8.037917097275242284e-01,7.210662652973834907e-01,9.996758163195187397e-01,5.597656600801759197e-01,3.018602816535299049e-01,4.287811337406338130e-01,4.334022036014735235e-01,9.748874843763091214e-01,7.065470821623804909e-01,8.981745873711879380e-01,2.882783678906271629e-01,4.814003256212145976e-01,9.139505229340926240e-01,8.180426655594497110e-01,8.719070402274089471e-01,4.786548020743755516e-01,6.225782047775115791e-01,9.790451319080873960e-01,6.647071284151848669e-01,7.321771818094113815e-01,9.160502696771136710e-01,6.514704933507835527e-01,8.872608575369308470e-01,6.799298553661017319e-01,5.525470350835626210e-01,3.226119266531600194e-01,4.085524952736101501e-01,8.274557616067926835e-01,4.101794649538310633e-01,7.030528239991350459e-01,9.914719849495838844e-01,4.477251555393699234e-01,8.067509044959891851e-01,6.690616103977575779e-01,7.417126658886988855e-01,7.661309928441490946e-01,8.160598400646214001e-01,9.985250311732321027e-01,7.920373904343296356e-01,3.138964910160811916e-01,5.262349481935171269e-01,4.223334608265506551e-01,7.748859761447139949e-01,9.173995375961756515e-01,9.154681785205760480e-01,9.700945038875850024e-01,3.176600255059442435e-01,5.735382441331163816e-01,5.366581575257158843e-01,9.816489263741593474e-01,6.793479892546951948e-01,8.507483456312961989e-01,1.247087372961683260e-01,-8.177872132316647835e-02,2.037615050036343245e-01,5.205918114824170662e-01,8.445768183834102549e-01,2.658520969893911068e-01,7.945834415949730722e-01,7.202294011864310841e-01
8.183956129659720746e-01,2.177048561149333705e-01,7.566228510221161274e-01,0.000000000000000000e+00,6.385045563036041427e-01,7.924080328309613952e-01,2.527446593473773317e-01,5.119513918193916435e-01,9.226354243421313051e-01,4.521244567801822600e-01,8.915578327772204492e-01,3.062041088626150098e-01,6.468604918398568326e-01,5.431538585489366078e-01,1.199688027968480314e-01,8.955923510714023372e-01,6.582467982867029610e-01,7.413419505581414493e-01,5.225630503085447742e-01,9.630224720827841312e-01,6.556666258415106974e-01,5.754021297020393000e-01,7.103073068866627704e-01,5.765842516224919390e-01,6.664178282051969049e-01,9.115852658490376514e-01,6.071115240913322886e-01,3.544008024905652698e-01,5.831936285994033797e-01,2.544707562271030232e-01,3.262918254434463705e-01,9.894302043897711396e-01,8.986246484183476602e-01,5.308221754622721722e-01,9.116490130268249947e-01,5.570445054745529756e-01,4.643052387993858998e-01,4.257939590872659164e-01,7.089846703734524747e-01,6.838011473808202068e-01,5.916123807762885267e-01,6.573836573603376587e-01,8.998061868547413411e-01,6.580064864159294036e-01,4.856020491232610481e-01,7.571958086023765633e-01,3.764946448118884348e-01,7.262956879689435041e-01,4.725007536364003169e-01,6.675546671985777003e-01,6.660128937861469200e-01,7.711177741671925157e-01,7.793505194326284524e-01,8.304861983354550059e-01,3.565636699501834039e-01,6.764594086013819840e-01,5.624333894197920403e-01,4.548090733799641794e-01,7.503173969773643259e-01,4.024686455202335367e-01,2.346155137657793266e-01,7.531217913976746559e-01,7.672073044294362987e-01,9.046074923797543521e-01,8.853327735820902822e-01,6.246165573879562949e-01,6.056304473878615369e-01,6.190648925244776057e-01,6.053266723985869513e-01,7.690932861132482312e-01,4.747367273121032571e-01,7.386393901338365042e-01,4.960423629343110319e-01,1.278559589012237263e-01,3.602854661961858440e-01,6.162271861262411665e-01,6.523283826392822782e-01,9.208686379043602432e-01,4.198714424524311872e-01,3.184490179696744527e-01,2.975488870595490720e-01,6.376531975524792895e-01,8.099375002036663940e-01,4.506353516370126822e-01,6.119228675073193902e-01
9.653981054805930162e-01,7.835431790272494590e-01,5.804916031848048608e-01,6.385045563036041427e-01,0.000000000000000000e+00,7.163388815011231259e-01,5.785080163274761711e-01,6.963233774016892863e-02,1.925069313099800616e-01,8.654483165597259831e-01,8.827168308334869540e-01,5.558736554234615657e-01,2.821119962424263328e-01,8.790133948601553948e-01,4.838847681968524439e-01,7.943780845467306451e-01,8.926794864738558655e-01,5.346789174448868254e-01,4.104521155359631690e-01,6.972619410505765947e-01,7.482874940038790612e-01,2.249751646938323302e-01,6.356570976801054762e-01,9.865322828288297652e-01,6.334394618563030654e-01,1.082148944925239720e-01,8.664718024631901105e-01,6.892168262501003895e-01,5.825331078256125172e-01,2.286503019757902544e-01,2.703800191550835286e-01,6.519515136369991026e-01,6.665790278892337328e-01,2.394856432069638053e-01,7.071629862608641570e-01,9.402710312287083649e-01,3.164948902032444500e-01,3.976304028763123499e-01,6.335601328858837533e-01,6.379060397622174916e-01,4.086887044026574212e-01,6.716390366458635519e-01,7.018093264484951410e-01,7.781304586448584137e-01,7.881953804518258000e-01,3.841199979660467889e-01,5.136432390682661442e-01,5.470179616227035524e-01,5.284751956863408262e-01,1.502289392737228557e-01,3.519771061869004236e-01,7.091766558787959696e-01,7.540126259539643439e-01,2.429709455369137572e-01,7.560650262641872565e-01,5.877223311873955858e-01,5.826863188352690015e-01,-1.044834864271962371e-02,-6.146419098236613476e-02,1.629933581855536051e-02,2.671524870274225028e-01,7.471513182581521750e-01,5.108971645427997643e-01,7.530848909946341596e-01,7.069275959011467325e-01,4.470494681562269812e-01,7.776743266950000288e-01,6.823609647812887979e-02,5.552676449522078173e-01,2.741060574864642718e-01,6.325495228541218040e-01,5.522972150614420261e-01,-8.907038499985617253e-02,7.658337345001849927e-01,3.890612019060973870e-01,8.415472009765896377e-01,4.622447849112151785e-01,4.682603274409556926e-01,5.559032622946624702e-01,4.239029090527761112e-01,7.343522354169527144e-01,5.907665960641728109e-01,8.982730123616661233e-01,4.651420833279878986e-01,9.933113081486484308e-01
9.028742901577865299e-01,9.995645143791825893e-01,6.937249475883575656e-01,7.924080328309613952e-01,7.163388815011231259e-01,0.000000000000000000e+00,8.656570931687228576e-01,2.498266641587099379e-01,6.879940940339724920e-01,7.357104536211902523e-01,8.904144083934103504e-01,6.099998439595628597e-01,7.191594886297940636e-01,1.184766116302831199e-02,5.812969505101635015e-01,6.308157614811131797e-01,9.059283367251782515e-01,6.858367277356449687e-01,7.818517929469822603e-01,5.830743177917349085e-01,4.642868276687875939e-01,5.169431498785932444e-01,3.903394289625543578e-01,8.670010037484598975e-01,4.676486353446571848e-02,9.406263273636865652e-01,5.095580438040879789e-01,9.605547890811573231e-01,3.747727452282371696e-01,3.088972588842576195e-01,4.434887967472567194e-01,2.437301863912716415e-01,5.411714013939187273e-01,6.006926254996074466e-01,9.141004791380303862e-01,-5.610288046100714299e-02,5.570335304500298457e-02,4.006709117359049666e-01,9.275054840124201672e-01,4.135340632852232412e-01,7.656992410125952331e-01,5.338441205628520203e-01,6.840631248488880933e-01,9.678118136587298137e-01,9.886650029819530339e-01,7.351221118746734673e-01,7.116632581987062389e-01,9.890729505088365903e-01,2.440321843573516891e-01,-1.454157699008529203e-03,6.878754121457284487e-01,5.999079650405366726e-01,8.769144684407954582e-01,4.373336373110791042e-01,8.576954184569776096e-01,6.324689223350539180e-01,3.091955216752869107e-01,5.873377105490075190e-01,8.193392131283909752e-01,-1.661469583197145161e-01,6.404929551840929935e-01,6.916275495030844711e-01,-8.658456575079465090e-03,9.361340448386494817e-01,9.606499640949999197e-01,6.230866263019415596e-01,5.001483289607666638e-01,8.094302902803935940e-01,3.325882920378652186e-01,5.973679064413724982e-01,6.098522755667719064e-01,8.261057932958990602e-01,3.329608452269246510e-01,6.676883750579742927e-02,3.975790302391559727e-01,7.836673836906764556e-01,7.574677687081565747e-01,6.648594441763218121e-01,2.801696483924606129e-01,2.602392347400889205e-01,5.110924705421063807e-01,9.813032356236298659e-01,6.047875073756281417e-01,7.905938368964733343e-01,7.926193896415953954e-01
8.372657217668884044e-01,7.530647230171839679e-01,9.043645997494288435e-01,2.527446593473773317e-01,5.785080163274761711e-01,8.656570931687228576e-01,0.000000000000000000e+00,6.869101568231748001e-01,7.923238892039294878e-01,4.906163684201136355e-01,2.506540956809484855e-01,5.307526748016109241e-01,2.704569468022735568e-01,2.320708439697263814e-01,2.175398384495382531e-01,7.434909812524688189e-01,4.099771813681700183e-01,5.035734975080854436e-01,2.493103737905323636e-01,6.548417037899074700e-01,4.684224060119177580e-01,2.665110081394994612e-01,7.510857721234477369e-01,5.244524032794735113e-01,3.729872044309149315e-01,7.401991545986763565e-01,2.917963031334422919e-01,5.643416003799383018e-01,4.299671924877040974e-01,8.580081194783885021e-03,2.627755258280985995e-01,3.924993711017098486e-01,-3.706982745652853684e-02,-6.269269974465502271e-02,5.156833131695708339e-01,2.931733386923493501e-01,2.097715025951722989e-01,2.182048257990697460e-01,6.137142970244191531e-01,5.145227758995190026e-01,5.929702067032012192e-01,5.247710790939890124e-01,3.775947614508475825e-01,3.767742495522733437e-01,6.588927583657957499e-01,7.649722070639000115e-01,6.368537961544753490e-01,4.691296415531559516e-01,6.929767682423029207e-01,3.443788865801004073e-01,6.698275194975504832e-01,4.193840839610791793e-01,5.013578913137071158e-01,6.473300003417445936e-01,7.161601015531456893e-01,2.034097023785974567e-01,5.217435960617073931e-01,2.003252337386249304e-01,9.748438641774115343e-01,4.415620396162468486e-01,6.779537217338100774e-01,5.967707325031881282e-01,4.045958506285151635e-01,8.224541568189324137e-01,6.923121769868075814e-01,8.669476820989376886e-01,2.405534832173090165e-01,8.318715383884625059e-01,9.620441738892107075e-01,6.221238644554449859e-01,7.135393185903498026e-01,2.819006317279202922e-01,6.962938074614773987e-01,5.392317379576095915e-01,2.851260383378275906e-02,1.782269977339249190e-01,9.092493419691369816e-01,3.247957005210909687e-01,3.517222594120644197e-01,3.161987670998227529e-01,5.321357617652497929e-01,9.508582077136442656e-01,6.878400153804062889e-01,3.244224236271846529e-01,2.277819766062101903e-01
8.002350961493329695e-01,4.595606233847429611e-02,9.539358383537827057e-01,5.119513918193916435e-01,6.963233774016892863e-02,2.498266641587099379e-01,6.869101568231748001e-01,0.000000000000000000e+00,5.015854879041051761e-01,4.343903018121777482e-01,6.669642747287543028e-01,2.549126208649161729e-01,6.038711691430077577e-01,6.207124570205567737e-01,6.451869846938763642e-01,2.636460534025378832e-01,8.624123172245349300e-01,2.995610931354861783e-01,4.162171328349978938e-01,7.608079058603902656e-01,6.952066999919929158e-01,4.237727146303119086e-01,7.254013140756936373e-01,4.705583129874000292e-01,7.966515731923378141e-01,8.934818909755403160e-01,2.387268128341699797e-02,2.045115849547887166e-01,2.149839068466511682e-01,1.217316195519417277e-01,5.297703686961056091e-01,2.460646849738216679e-01,6.224023223967576346e-01,5.180127752650507400e-01,5.904777292500835717e-01,5.553293633393707740e-01,5.856516177339009532e-01,5.499555342621310627e-01,7.712216561910752999e-01,6.335683343831477465e-01,5.727848253480121166e-01,7.653490446907574851e-01,6.577094154783635904e-01,6.715763289700107386e-01,9.881170134677028649e-01,8.700486922148578106e-01,4.200431350615768111e-01,7.348431288663048733e-01,7.801572779349568165e-01,1.085397056700238699e-01,5.263772809593459945e-01,5.662527354698921878e-01,4.799385775788894692e-01,7.095009766810461693e-01,5.445142156971944924e-01,3.557318060062824028e-01,2.404969289073923266e-01,2.773383956289142693e-01,9.372514283360506848e-01,5.868532585701274895e-01,2.514025207743360024e-01,3.376155176364229460e-01,6.704993172816835489e-01,8.136993248215110830e-01,6.872142974602603038e-01,9.143732752139349662e-02,7.960800546089120619e-03,6.294825606340233026e-01,5.999227558550070949e-01,6.126152903986993303e-01,4.488392045201893832e-01,3.479809656895918035e-01,1.102126812834156172e-01,3.793669038279625094e-01,8.837789705353290559e-01,7.721717765279609846e-01,5.158477977175724982e-01,8.689355912486743660e-01,7.934969785149957877e-01,4.092074041927327294e-02,9.991683907582837865e-01,7.023442663408401287e-01,4.047332622962892534e-01,5.460299127168368738e-01,5.121183239971455192e-01
7.240497761613079453e-01,8.368886646739874813e-01,6.561256338183623082e-01,9.226354243421313051e-01,1.925069313099800616e-01,6.879940940339724920e-01,7.923238892039294878e-01,5.015854879041051761e-01,0.000000000000000000e+00,8.702697928382800985e-01,6.644324849006292277e-01,6.552886162037891982e-01,7.375005309854050228e-01,4.171353903465350732e-01,6.156034122732869651e-01,9.423265830188212178e-01,2.463621801991316973e-01,5.491789833120663822e-01,2.690036493495917558e-01,8.508217194722219601e-01,8.052506056307882076e-01,5.838583965102677187e-01,7.520149595446119495e-01,9.326636909790886332e-01,4.093185773087896218e-01,8.655766007890911551e-01,9.341767712840828297e-01,3.422802310664112557e-01,7.346325041252549370e-01,5.572924155358852660e-01,7.443414354011600176e-02,5.398679121013721938e-01,4.209263357133502526e-01,5.241572549814039750e-01,7.976829540975842736e-01,5.108390182773512311e-01,5.045562360323498918e-01,4.119609469746097347e-02,9.337537816765574261e-01,7.437139079441288381e-01,4.766363685181301268e-01,4.977159193611075949e-01,5.111608481411402671e-01,6.191207144186173794e-01,4.606919203632665050e-01,6.537285337244165273e-01,5.251056477608356809e-01,2.370538314679428993e-01,4.969527147488672081e-01,5.240578489567029319e-01,7.064757393165450594e-01,6.004538291615028056e-01,2.213539159281109336e-01,5.336031630835267325e-01,7.405468734165630007e-01,7.236287398220823119e-01,7.799858938017818488e-01,9.506106093418801306e-01,7.343499216351311309e-01,3.622982935981827746e-01,7.601049312485153031e-01,7.394349251754388508e-01,5.291992967502808787e-01,3.286224357699885079e-01,3.042176287843868510e-01,3.488986488373132522e-01,6.990608765123533797e-01,7.391175343238638451e-01,3.603284508467202163e-01,6.116702085438922021e-01,2.378506744040423670e-01,8.843075764280992068e-01,4.970171835987058362e-01,3.793810104747972201e-01,3.139588978055059543e-01,7.062673983049851945e-01,4.117203074491460058e-01,4.183244910515939163e-01,2.025926180995142323e-01,6.925699003827634481e-01,7.973276636282444763e-01,5.346954903029288442e-01,6.118355295755447676e-01,6.936388732721854300e-01,5.464172654574728227e-01
8.077639905238470641e-01,9.509466886154391840e-01,9.749709705600309029e-01,4.521244567801822600e-01,8.654483165597259831e-01,7.357104536211902523e-01,4.906163684201136355e-01,4.343903018121777482e-01,8.702697928382800985e-01,0.000000000000000000e+00,6.664565547993641648e-01,2.738155963826498507e-01,9.858030756395463889e-01,6.658425218657304523e-01,5.914491534477974710e-01,3.324748489791613526e-01,8.035969634713316934e-01,5.681914389653152098e-01,6.995777402783193155e-01,9.906223186783040813e-01,5.849545975027991007e-01,4.331755553958718252e-01,5.881008429094647383e-01,8.197140971245454599e-01,5.927254135458747131e-01,4.022775837299998880e-01,6.980985172754584633e-01,4.072557365188938516e-01,2.549128369313687359e-01,4.959178988664342258e-01,6.846541531416271142e-02,6.586706273298333914e-01,7.100287842110742931e-01,5.150019686303189959e-01,5.608778001440181127e-01,2.055783556627682196e-01,4.353512201718259256e-01,7.506863262509799739e-01,7.826646273082098482e-01,9.110025690060894465e-01,1.691700321832154963e-01,5.875070323825795082e-01,7.903155336014571208e-01,2.456995541720718157e-01,9.602917710035467902e-01,6.256056583542568550e-01,6.635761296184813363e-01,6.105411403334611853e-01,6.699046182982638653e-01,4.418540129903446023e-01,7.725350020315628896e-01,7.816740028990349920e-01,6.404444883201221295e-01,4.397749012001378466e-01,2.634906451946982808e-01,2.317509862082885175e-01,5.296374057498568488e-01,7.997534228583904614e-01,5.411445382905031298e-01,9.882193967740809937e-02,2.133796295195120318e-01,7.763330464860179747e-01,5.700918757238584433e-01,9.376166565600067004e-01,6.336464660528847714e-01,9.958258863625693014e-01,9.296378767865516313e-01,9.933353852430120146e-01,7.446934010851470331e-01,5.127550122392061649e-01,3.860006042948683769e-01,6.530464088605389961e-01,-1.957725086106933132e-01,7.762997501911783615e-03,3.747337636119669746e-01,6.268216083669297944e-01,5.677728934392753946e-01,4.363850555374709783e-01,1.654430787497981059e-01,2.353871832530110286e-01,8.910498676271307872e-01,8.045059945257657663e-01,4.778057829312957194e-01,4.685602941466188720e-01,5.915736259099144689e-01
9.146187209667839824e-01,6.078046115772551827e-01,9.682954213869714444e-01,8.915578327772204492e-01,8.827168308334869540e-01,8.904144083934103504e-01,2.506540956809484855e-01,6.669642747287543028e-01,6.644324849006292277e-01,6.664565547993641648e-01,0.000000000000000000e+00,5.992157726154798691e-01,6.700673149916568372e-01,7.692402479684277150e-01,7.372238700251417809e-01,7.656352740723674222e-01,5.547602936341293756e-01,9.411740157617002334e-01,7.883910425927693755e-01,6.261864495883190385e-01,9.588342549120492109e-01,6.125821837683110838e-01,5.903721381006523661e-01,4.494087378128797106e-01,3.927138269592174158e-01,1.742921193911181055e-01,6.247087608960253391e-01,9.205145913637489130e-01,4.905229243565134567e-01,-1.272910710891786701e-01,5.373431731992339699e-01,6.410854015210344370e-01,1.636865611443666935e-01,6.501217804220256191e-01,6.186124651871653946e-01,-2.632212599429494260e-01,-1.983108292094696579e-01,4.743898513958286767e-01,3.011027738529529763e-01,7.201658823452650356e-03,3.651872219836134192e-01,8.693207987914920443e-01,9.844527569400125522e-01,-6.672912220179755272e-02,8.437769134033066276e-01,7.241511923130474759e-01,7.923443505007179422e-01,9.174444119067374226e-01,1.453154814692214358e-01,3.144672720993928472e-01,4.855583359450564296e-01,3.893863681791249753e-01,9.168198916572827262e-01,2.790392966038418576e-01,5.625401062271165875e-01,7.231051335082600007e-01,4.930904265407247689e-01,8.225967504441843436e-01,9.929497827951568045e-02,1.174779454399534941e-02,9.191584425512554224e-02,6.261554782773167682e-01,8.095707565165951580e-01,8.809299343282328554e-01,8.412527885580615150e-01,4.716526978422106581e-02,5.182002464559889443e-01,8.695513191430088717e-01,4.809771212527156892e-01,9.047970655948638363e-01,7.577040472838674212e-01,5.690309060732278157e-01,1.489462027013817129e-02,6.220992518768043711e-01,6.475615496253273040e-01,2.211378003486311750e-01,9.344979619322745235e-01,4.289348106157369056e-01,3.414187564171518030e-01,2.367066662563854229e-01,3.376984303090356798e-01,8.653463840804722640e-01,4.916045177714549186e-01,2.316065137542449581e-01,7.616460072515869317e-01
2.516235172411143348e-02,7.600600847144159955e-01,5.993658991548611592e-01,3.062041088626150098e-01,5.558736554234615657e-01,6.099998439595628597e-01,5.307526748016109241e-01,2.549126208649161729e-01,6.552886162037891982e-01,2.738155963826498507e-01,5.992157726154798691e-01,0.000000000000000000e+00,6.487573556766383920e-01,4.321905216098104741e-01,4.893269824987919181e-01,3.260315885640256983e-01,3.529382545278104688e-01,7.943368860501733852e-01,5.282850304025457078e-01,6.726435502023627722e-01,4.233927130612388234e-01,5.466602154741032615e-01,2.400514782805879266e-01,9.889802383146566456e-01,3.857225961933907765e-01,5.722631974511955821e-01,5.974736419093498174e-01,6.194354527696478430e-01,6.105827964186647527e-01,2.780947443746596415e-01,3.129144653675425825e-01,4.226186315637894264e-01,7.710892733861823833e-01,8.193506591843017217e-01,5.575958937896723366e-01,5.001195301544325567e-01,4.082007714943163279e-01,9.360768670650747580e-01,3.505969042402273805e-01,9.927544635862948219e-01,7.832052441132129061e-01,7.150967709731524957e-01,1.094959769019033802e-01,8.327460778618132053e-01,9.243528468674969689e-01,2.948023858696064980e-01,4.626768868015390113e-01,6.463255459839001293e-01,6.950669354067944283e-01,6.617213461189829227e-01,7.157382321954377513e-01,1.128787327794391199e-01,6.696734462568656454e-01,4.646694961123113421e-01,1.317792884922881769e-01,4.912456697196262434e-01,5.014847922565212057e-01,4.780825671040542235e-01,6.431220648820078489e-01,5.265083619800491332e-01,5.080851592741904010e-01,4.024014339983184030e-01,6.811802632917502986e-01,6.028953121677236293e-01,7.390897173469334058e-01,7.060267553433902110e-01,4.232480107579729145e-01,6.447777609975354762e-01,2.560596018123596496e-01,6.741779594678259935e-01,4.083411182773004078e-01,2.344802573150836511e-01,2.922644376766166951e-01,5.442995369860434973e-01,1.849302328303528142e-01,6.143114823830909677e-01,4.309087509187625731e-01,7.147921541554099756e-01,5.620788363652185447e-03,-1.504221680317064380e-01,5.159784278488523945e-01,8.077142878702084916e-01,9.793516106300648172e-01,4.813310550321178161e-01,5.240800904733171617e-01
7.353053715624959796e-01,5.915932195859068266e-01,6.663452977589089388e-01,6.468604918398568326e-01,2.821119962424263328e-01,7.191594886297940636e-01,2.704569468022735568e-01,6.038711691430077577e-01,7.375005309854050228e-01,9.858030756395463889e-01,6.700673149916568372e-01,6.487573556766383920e-01,0.000000000000000000e+00,5.628346732025119037e-01,7.323951367945746860e-02,9.375086166937844911e-01,4.202396917142098842e-01,9.382028818051891816e-01,6.286083689023557186e-01,1.788933095259072625e-01,4.422380104823547264e-01,8.758394585620619122e-01,7.179281212094255071e-01,6.774181240641075075e-01,2.207775633163104045e-01,6.330291062571692384e-01,6.461879830392857071e-01,7.373108623484585511e-01,6.903077508853483479e-01,2.837954837905063421e-01,1.999183006518603645e-01,3.435777826629961007e-01,3.517772346060096256e-01,-1.655837669350801455e-02,9.308281362747774512e-01,5.225252963998670008e-01,3.230200256400052039e-01,7.962727750370734991e-01,6.838850836050601734e-01,7.099655649257302636e-01,3.988566248533253478e-01,6.809667311135340906e-02,7.504487144341447369e-01,8.883856251742111576e-01,9.131796088864623240e-01,5.202577510158530316e-01,6.999400978292694697e-01,4.722943891219254509e-01,7.980691329456984784e-01,5.039507995038329247e-01,7.124169257392735100e-01,6.164757034052342766e-01,3.725378432893307057e-01,6.594299618992757184e-01,8.370296224258118034e-01,9.610006197406872896e-01,5.227161934513346875e-01,6.958780837052767065e-01,3.526423899256958538e-01,6.262372972749918887e-01,6.825233562605280691e-01,2.348191723290782851e-01,5.208425656601535225e-01,8.954158479359076717e-01,9.252232247248385333e-01,7.531102180099217280e-01,8.322258554505593819e-01,5.313925539944369669e-01,3.298646509653582193e-01,6.216869050977481548e-01,9.295665445874468080e-01,9.155971478127733487e-01,2.143841856036822757e-01,3.718969571732866353e-01,6.858093464148472540e-01,7.228415661220163324e-01,3.894247560824339871e-01,7.408625375855326656e-01,4.025150924669885222e-01,3.817903930964854364e-01,5.975932381721386077e-01,5.336295885169011211e-01,5.744058432244990575e-01,-1.738553040930484461e-01,6.722868827292575178e-01
7.942530697390556282e-01,6.770397753415247077e-01,7.467110851972684760e-01,5.431538585489366078e-01,8.790133948601553948e-01,1.184766116302831199e-02,2.320708439697263814e-01,6.207124570205567737e-01,4.171353903465350732e-01,6.658425218657304523e-01,7.692402479684277150e-01,4.321905216098104741e-01,5.628346732025119037e-01,0.000000000000000000e+00,7.809227667128121331e-01,4.898597371753781737e-01,9.015739296824539784e-01,6.752490241679920402e-01,7.721022646348538743e-01,7.022268132099273030e-01,7.524410796463144591e-01,7.480157371754742046e-01,8.672031047532128278e-01,2.686778282896579162e-01,5.703884791702047430e-01,6.787562376763471850e-01,7.877593170029812963e-01,6.049876646372069899e-01,4.036136750310481691e-01,1.397197091689617032e-01,1.246345243878947406e-01,7.786114639447894170e-01,6.220114350755295840e-01,6.232716222273015916e-01,2.047051637502334265e-01,7.884726247759348272e-01,5.406905479379326973e-01,7.815879966072891705e-01,7.992460084527328590e-01,6.602756910707089366e-01,4.959449065292768077e-01,7.377428849613010264e-01,6.841323635311084006e-01,8.539437174043701395e-01,6.934479489977946054e-01,4.044131324954514661e-01,9.956287445174366590e-01,7.716423074906123558e-01,8.386069338451949129e-01,6.380776288290854747e-01,7.871906727651915014e-01,2.413783839711249324e-01,7.993937064330016717e-01,6.947838009561785322e-01,7.464164642919489667e-01,7.346186695656524712e-01,7.361952561803628559e-01,7.902997729312282171e-01,4.838608391221382865e-01,6.175864323551886192e-01,5.340880101887989229e-01,7.094174380295238391e-01,5.219127676438515273e-01,8.901231355205511120e-01,9.429091963988371905e-01,6.449631008380820596e-01,6.903851015663808877e-01,9.522285084562278623e-01,2.860909697481823777e-01,6.532777248711510998e-01,6.938566915778777711e-01,6.055446862895806914e-01,3.362051248276681087e-02,-1.618321710897650534e-01,4.301655329080931733e-01,4.537104169425748013e-01,9.150910924170062577e-01,8.467791835802190858e-01,4.264792199190840516e-01,1.565705821028542388e-01,7.142359601870854613e-01,9.411971305237423202e-01,9.247836619076489351e-01,5.561120271633149814e-01,6.323126982892969261e-01
6.524624196573355350e-01,6.815603493440824945e-01,4.647481011728872846e-01,1.199688027968480314e-01,4.838847681968524439e-01,5.812969505101635015e-01,2.175398384495382531e-01,6.451869846938763642e-01,6.156034122732869651e-01,5.914491534477974710e-01,7.372238700251417809e-01,4.893269824987919181e-01,7.323951367945746860e-02,7.809227667128121331e-01,0.000000000000000000e+00,7.828918127757440448e-01,6.942257387701961102e-01,2.792513337933903439e-01,6.020127743244435559e-01,4.561564979174093093e-01,9.609157842860773791e-01,6.803245669514219607e-01,7.996255246772304703e-01,8.529888532681493274e-01,2.418232501140605006e-01,7.632319800534534959e-01,9.259858127594990940e-01,2.390115131780339852e-01,5.289944126037038341e-01,7.986927221001582922e-03,4.924794385841357869e-01,4.757532270574185151e-01,7.289007039424524326e-01,7.872424989210689006e-01,2.208253302779933924e-01,4.208887307595896576e-01,2.215471800481482734e-01,5.594159184101081816e-01,6.104061689240333211e-01,6.587640417866383880e-01,5.095484030162433786e-01,9.083167390783093709e-02,9.376779370514601863e-01,7.370741724812497342e-01,7.436577798047828702e-01,4.119687012781098612e-01,6.280208289305927449e-01,3.891182752355333285e-01,3.931010894062710315e-01,2.072931772337033851e-01,2.847199956667316734e-01,6.447617578644917469e-01,6.627510236561738877e-01,9.240645720594952151e-01,4.232814112765036496e-01,7.363181503915811055e-01,2.486939209657239580e-01,4.370746229424768425e-01,4.884357029737139699e-01,1.972904454042709588e-01,7.814930018416006430e-01,6.643903911799393658e-01,6.141721053420579057e-01,6.976207173370051473e-01,7.824211583643695400e-01,7.947189407990551402e-01,5.281658268138400558e-01,8.266565443719334216e-02,5.346309986868320596e-01,4.886740245053616816e-01,6.188449525875457935e-01,4.606046007377230800e-01,7.967407815974586471e-01,4.465517514377478347e-01,2.809338407461245413e-01,6.880523993122189541e-01,4.300301671469125009e-01,7.574288106142768040e-01,4.510377905372528473e-01,6.079535373996931558e-01,4.903696002730508763e-01,9.232081156972935521e-01,7.812516745695681220e-01,2.886612402137869737e-01,5.889124414476560876e-01
5.296522910236740600e-01,8.615300081558994183e-01,7.182094646854796371e-01,8.955923510714023372e-01,7.943780845467306451e-01,6.308157614811131797e-01,7.434909812524688189e-01,2.636460534025378832e-01,9.423265830188212178e-01,3.324748489791613526e-01,7.656352740723674222e-01,3.260315885640256983e-01,9.375086166937844911e-01,4.898597371753781737e-01,7.828918127757440448e-01,0.000000000000000000e+00,9.354194757337870314e-01,6.762166127129707327e-01,4.104517298083892179e-02,5.199361112791013317e-01,8.739902920315906210e-01,2.236114089941552696e-01,8.299370965291470448e-01,7.924858921198665307e-01,6.641284894352893209e-02,9.949504822077502864e-01,9.506878501019732086e-01,3.013953417555210734e-01,4.656502961367414706e-01,2.083355055153877367e-01,3.131852721428118880e-01,4.813065688328414526e-01,4.974760167504119202e-01,1.347169095501332958e-01,6.438224194629833530e-01,4.803066442065745956e-01,1.016669806534234444e-01,9.417598100119892734e-01,5.611337818687103240e-01,5.347023917444607699e-01,2.647423938092051121e-01,8.483395388137261461e-01,6.957503202752878257e-01,9.395564902151714026e-01,9.048194611367096352e-01,6.814719261149890794e-01,6.566111886180122648e-01,7.714370187815466906e-01,5.898675621476296982e-01,4.841644900088752368e-01,5.345906961162363302e-01,6.286095394555525351e-01,5.781288978220208152e-01,-3.931822385165177347e-01,5.586147325873493941e-01,8.822610051054943225e-01,6.319771848361659394e-01,7.775707025468745481e-01,4.695564966032170773e-01,5.108093087852317860e-01,7.357773817279884554e-01,9.734048824937646671e-01,5.508380796757719189e-01,7.422682541549521229e-01,9.600371718546529820e-01,8.366726379029609806e-01,6.250853765744338597e-01,4.333263512801461825e-01,4.102874300644553385e-01,2.211513968242204420e-01,6.584849275861308637e-01,6.066553196658248659e-01,4.564021860560751320e-01,3.914323130571137344e-01,4.963844319384590476e-01,7.149670893535675642e-01,9.522994157860831255e-01,6.702860095636998805e-01,4.136761443617157363e-01,2.759560076120435301e-01,4.337838364870512664e-01,7.417666241245557401e-01,6.690197782534672566e-01,5.902327776810922799e-01,7.964847659506001376e-01
9.334319057679165699e-01,7.827153958634803788e-01,5.781719248257697341e-01,6.582467982867029610e-01,8.926794864738558655e-01,9.059283367251782515e-01,4.099771813681700183e-01,8.624123172245349300e-01,2.463621801991316973e-01,8.035969634713316934e-01,5.547602936341293756e-01,3.529382545278104688e-01,4.202396917142098842e-01,9.015739296824539784e-01,6.942257387701961102e-01,9.354194757337870314e-01,0.000000000000000000e+00,7.584547549373696906e-01,7.363242588629984597e-01,8.083070227560589238e-01,8.441664514791989982e-01,9.678881831781731560e-01,5.614818491668625011e-01,8.230137191381161621e-01,4.284395392451714746e-01,9.293955211137685524e-01,9.326949878272423611e-01,4.535177075873431662e-01,5.358946884344732986e-01,1.226326770324637216e-02,5.704933588112433007e-01,4.363385453742953390e-01,3.107147875188475683e-01,7.680219904905829509e-01,7.824482057079169550e-01,5.784596405122288676e-01,1.875758926840555840e-01,8.463802901621934049e-01,4.860262020443565922e-01,4.596356978161153517e-01,5.532414245797997454e-01,6.061166167387841419e-01,5.372450518765119476e-01,9.383678095466714275e-01,4.462659205774244242e-01,7.384420929619616158e-01,4.275234962020143525e-01,5.794463004164533970e-01,5.350038878489435934e-01,7.847448088212960471e-01,5.441510297753087144e-01,4.236786799559663086e-01,9.069580893160614776e-01,5.810810653916893553e-01,6.812214974989139193e-01,7.347460771139123770e-01,8.898545423834455237e-01,6.440341720197020337e-01,7.014333274627929660e-01,7.954007842421494390e-01,2.510297313545091225e-01,9.368143562867812246e-01,7.231012414372292030e-01,6.337722658297914036e-01,5.901529048679128309e-01,8.109971884137117115e-01,8.185269559036399967e-01,7.798681513846555946e-01,6.487305037577106859e-01,7.480744145522636446e-01,5.313286663611987981e-01,3.281222777409966568e-02,2.040371069180507979e-01,1.764481758508227305e-01,7.592821206641204856e-01,6.937032258530830831e-01,9.311922050017709118e-01,6.921001383957149367e-01,5.985358415623979189e-01,7.895126022026579538e-01,7.200055190121698034e-01,7.483978752679026902e-01,5.834890738910254449e-01,5.039798167800403350e-01,4.504536338721242261e-01
9.595875169655230241e-01,4.793856079341750620e-01,4.187606408340517339e-01,7.413419505581414493e-01,5.346789174448868254e-01,6.858367277356449687e-01,5.035734975080854436e-01,2.995610931354861783e-01,5.491789833120663822e-01,5.681914389653152098e-01,9.411740157617002334e-01,7.943368860501733852e-01,9.382028818051891816e-01,6.752490241679920402e-01,2.792513337933903439e-01,6.762166127129707327e-01,7.584547549373696906e-01,0.000000000000000000e+00,5.203681730468752153e-01,5.261435760374362225e-01,9.514310951886157941e-01,6.801345426591862697e-01,5.890012729131772762e-01,6.190663902252793171e-01,1.713973445010442687e-01,9.373620169680710879e-01,9.381137226957273478e-01,5.976714358841093144e-01,5.534940836292875366e-01,5.649245811282851415e-01,-2.881788112022368176e-02,4.015973452300001245e-01,6.741603598691814359e-01,4.767490094463611716e-01,4.667878626200699932e-01,2.897899382568694948e-01,4.932136343449117222e-01,3.383781199816852103e-01,7.603684229561686880e-01,4.809391441868685058e-01,-1.129352911493848310e-01,7.044239173486932515e-01,4.675791796039914794e-01,6.720834914944121552e-01,8.100827710052216357e-01,9.553315420010316528e-01,9.027747586648041667e-01,6.787334178547577146e-01,3.917035055958877909e-01,9.356134313355899401e-01,5.730348393710180677e-01,7.445465270715375672e-01,3.181305777348517605e-01,3.682015011573489538e-01,7.184619849601704411e-01,9.915134250263470950e-01,8.877333203087492963e-01,4.455774075223997155e-01,7.567270234577271049e-02,6.286423603919638614e-01,7.768276940558774823e-01,5.730825643634456235e-01,7.551207346997161896e-01,7.034418300930261880e-01,8.831634602559509384e-01,2.165243565295616457e-01,5.070836346400277028e-01,4.444447610219402489e-01,3.124060976067752349e-01,6.004423244433726436e-01,7.036005938381966196e-01,9.301411647475832378e-01,6.992731193860943772e-01,6.366284376719726357e-01,4.595730190909250723e-01,1.715048278218331002e-01,9.737044977201037010e-01,3.743446294411834629e-01,6.370137538438734870e-01,3.098143898680368880e-01,7.149622369510124642e-01,8.137613775684686690e-01,4.526002209705156099e-01,7.112017397012813102e-01,4.986317144907818077e-01
