0.000000000000000000e+00,1.978904262059752450e-01,5.651520769837049540e-01,5.599257061166558191e-01,8.532630798453851861e-01,9.335158170173231129e-01,6.594574663606109777e-01,7.528241173847172174e-01,9.482437798405687346e-01,4.652282262907573296e-01,9.048493095299974254e-01,8.483190234147710562e-01,6.113738094930933897e-01,7.353137861872058867e-01,8.816721443850032980e-01,7.225143629438256498e-01,5.338491530618307834e-01,7.498129328458900122e-01,8.172712938349001588e-01,7.420242349080997668e-01,6.983043053558689595e-01,4.377500834670237650e-01,7.977552967998589040e-01,6.291612671377695420e-01,8.119768697871182495e-01,7.294980033765003924e-01,6.879024497743445599e-01,7.632326189354271540e-01,8.821701060742986877e-01,3.916546455643923341e-01,3.240513537720568493e-01,5.766114446090901957e-01,5.302365076763402296e-01,9.299810373325450019e-01,4.573155980071296756e-01,6.443878567802368007e-01,7.679314745490077865e-01,9.633687306441045539e-01,5.199945004806193483e-01,6.986939067284679838e-01,1.205813606008354494e-01,8.383299113718297724e-01,1.611528056869024339e-01,2.880524175222061722e-01,9.330903604949588592e-01,8.056287908399051290e-01,8.896573240673222305e-01,6.010668065997605281e-01,1.368675747274190890e-01,9.473536456947604378e-01,8.683826003480129563e-01,4.929704467608522211e-01,6.708339945624965939e-01,6.238091118019742920e-01,7.072490494155104779e-01,7.227311140418627433e-01,6.919575476768705657e-01,9.754728773244748519e-01,7.551699308168065006e-01,6.035815604421725933e-01,4.371949815090805380e-01,8.794656172168373587e-01,5.279183034569698840e-01,7.910416131364613745e-01,9.447575650849218132e-01,5.092682663893329797e-01,7.289871503826881316e-01,4.043966216739863784e-01,9.574859264663053704e-01,7.731069282371924034e-01,6.568910286519058506e-01,7.278233347743237047e-01,7.842248118666484968e-01,4.730827489782035711e-01,6.994429753739297428e-01,6.820841913671322754e-01,7.033249740059657196e-01,5.962788926384182675e-01,5.289150310288164292e-01,2.906527207655294071e-02,5.450065269833820336e-01,6.898819310158655904e-01,6.882241213413499148e-01,2.405853099397931849e-01,3.112273332737162668e-01
1.978904262059752450e-01,0.000000000000000000e+00,7.901012543049602543e-01,9.203547784601627813e-01,9.815133588887721139e-01,8.968522682272304092e-01,7.845940017472546879e-01,4.850722976339299497e-01,7.813819491774876003e-01,5.512085062225094978e-01,5.030081638164209945e-01,7.421117593142890767e-01,5.137493877406246190e-01,8.885252118023918566e-01,7.614363609704898339e-01,4.625530360968590493e-01,7.595023013286551494e-01,1.716582477466501930e-02,2.785937301571603242e-01,2.340969825652355341e-01,7.734993128912522886e-01,4.875712335980512679e-01,8.852699456555159774e-01,9.846775218118802853e-01,4.045547398649952942e-01,8.135003829760932836e-01,9.029944042363469148e-01,5.809008063554644830e-01,4.325321477348305077e-01,7.274597252049314067e-01,3.625188219151742608e-01,9.006313586871491639e-01,3.304925558495347415e-01,3.859781133663742203e-01,7.298273765656563272e-01,2.609784078338650559e-01,1.869089007716468742e-01,3.862679859830933093e-01,6.220515219523959916e-01,7.746036842846436565e-01,9.933456122892354578e-01,4.669055606875859299e-01,8.651766412160889486e-01,9.028214552491434786e-01,8.240494667562706654e-01,5.276477727543041896e-01,4.496542686826674462e-01,5.897145590377782520e-01,6.080570828963909324e-01,6.946408465505141683e-01,-1.340463959634219382e-03,-1.708786906796777305e-01,9.865788725218329613e-01,8.479573055613411903e-01,6.408998705228410309e-01,4.592419795321122655e-01,8.083902046862929680e-01,7.433836698263882603e-01,5.503117119804185053e-01,2.509140119257897150e-01,5.948739523765891324e-01,5.729325721038167618e-01,3.322053398454810069e-01,6.718300528134493188e-01,8.992840952738269111e-01,6.610746890304299850e-01,6.023282729672160274e-01,6.324779945840526274e-01,7.425531445251490892e-01,7.247907209055217681e-01,4.146503614939689442e-01,5.879738059279405737e-01,5.736501456065464799e-01,4.130668928876187751e-01,6.038108107029233063e-01,6.907604841224396219e-01,6.680396183161987356e-01,8.468323617236048761e-01,4.898938067659093787e-01,1.774308751457782662e-01,6.698100305215948236e-01,8.456976715275412726e-01,5.109449463672147140e-02,4.617472503789544006e-03,3.477099746744389819e-01
5.651520769837049540e-01,7.901012543049602543e-01,0.000000000000000000e+00,9.022327167580737051e-01,4.901729419514870845e-01,6.833581464401717875e-01,8.453432096410704588e-01,7.369709831072208672e-01,6.374469405310694281e-01,8.262864593579125616e-01,3.882398035062183395e-01,5.480905214408490211e-01,7.068460112316010679e-01,7.086695723767686417e-01,8.070589539941874779e-01,7.929159294781380485e-01,9.646398484996749900e-01,8.374273627297030842e-01,8.523514763495957380e-01,4.443447736664526970e-01,9.339118219041219193e-01,6.649445203530350845e-01,6.311399522000601392e-01,4.174999172688779181e-01,7.537179470129587999e-01,7.040108276058819614e-01,7.546495911219379682e-01,5.636367059783974343e-01,7.158238529692683150e-01,1.552208677000047610e-01,1.237236730273509888e-01,4.889791506032301616e-01,8.221051564656685073e-01,6.536259162289386193e-01,6.890734225971093529e-01,5.691665470811980709e-01,4.101208164829358016e-01,4.244441303370861673e-01,6.712057549171293047e-01,8.510226102339495391e-01,6.945951327593309355e-01,8.724812052485670932e-01,9.137280235097192671e-01,6.630300208947900176e-01,4.446335193678959685e-01,6.898328656607529696e-01,6.444864459789412248e-01,8.426844565990019298e-01,6.524433966655251993e-01,7.221754568294542764e-01,5.472823464863483256e-01,7.378357242809472361e-01,8.543345044264041288e-01,7.326867836078027052e-01,3.700184196566658201e-01,5.457701375821962797e-01,5.207294681935219494e-01,2.936615939071012815e-01,8.426562833523183471e-01,7.780339273919326670e-01,3.632954538566162683e-01,7.366525138827899610e-01,9.104114594481430567e-01,6.892291749864754014e-01,9.882721118183038778e-01,7.554384026403389019e-01,6.253838389936282605e-01,3.170515858676264953e-01,6.749483221065908367e-01,4.494863443707041717e-01,7.184334754931598344e-01,6.943697627271743222e-01,5.516368142451567591e-01,3.235728088744767028e-01,4.802106538462305729e-01,9.065084467867736695e-01,7.053544302152675582e-01,2.638458863360712559e-01,1.675974234741098856e-01,4.918940040873623909e-01,9.314691113159814240e-01,4.835987941073994767e-01,9.690297151585732793e-01,8.657560043446024256e-01,2.605589514421491892e-01
5.599257061166558191e-01,9.203547784601627813e-01,9.022327167580737051e-01,0.000000000000000000e+00,9.198971148972014955e-01,9.556656506549363606e-01,7.147186358968827813e-01,6.198068090776145400e-01,7.368185572764969216e-01,6.685629060081512698e-01,4.196249600127949231e-01,1.288284661084257710e-01,6.441653739143191615e-01,7.210051289859679136e-01,4.308574126353861833e-01,2.818941704513263091e-01,5.125604421227697438e-01,3.616757102213378205e-01,5.013176487040733598e-01,7.482663839797927263e-01,6.848599777079033002e-01,7.685673502371104249e-01,6.444236873327429116e-01,6.350127541673139531e-01,7.136293075314559253e-01,8.445397820416307155e-01,8.167524086560192798e-01,8.580317837726567642e-01,5.949221779383626618e-01,-4.750429470043751601e-02,3.246249608497748240e-01,3.246008223543709881e-01,8.462847799192573239e-01,4.239743261819678977e-01,5.205807933175868873e-01,2.177658790548959999e-02,3.074567557550191288e-01,5.492261026320783834e-01,3.339700458511787318e-01,7.050396254130445461e-01,-3.861537023637164889e-01,5.264217482902484591e-01,9.673415061763217526e-01,8.802669943421221888e-01,6.357209082890277196e-01,8.069215342693797366e-01,6.692408210550777614e-01,4.817763174608505339e-01,6.275890830185455460e-01,6.608860686488957636e-01,2.707389719822221319e-01,9.563615069437254590e-01,7.493678148954013851e-01,7.224543363353996828e-01,8.554374154756947402e-01,5.114531296233497670e-01,6.703701875435144064e-01,4.273835729640115821e-01,8.014477297922879551e-01,2.585408204558218292e-01,3.112557737904835808e-01,6.383022334843335699e-01,8.122908766132601599e-01,9.862155808647233846e-01,9.204598425947384532e-01,4.380211628693180259e-01,6.866470614160714581e-01,7.796534068219918012e-01,4.487410517285879141e-01,6.920197765676576740e-01,6.690689690383544441e-01,8.467939518592270121e-01,7.336288132109376470e-01,7.360378388452457621e-01,2.827827783018650454e-01,9.852400497616700115e-01,7.747520937135854435e-01,4.389654765684351534e-01,4.909936673704300425e-01,2.277585622681327915e-01,4.688404789669724515e-01,3.268952873531045800e-01,6.024351266412706352e-01,5.381668830874970499e-01,4.102359620995386646e-01
8.532630798453851861e-01,9.815133588887721139e-01,4.901729419514870845e-01,9.198971148972014955e-01,0.000000000000000000e+00,9.591525516620196257e-01,2.881505540688668043e-01,1.180322941996049951e-01,3.695832870017322636e-01,4.080259413611351249e-01,1.562850273778828847e-01,4.377963889500798289e-01,7.809523010546283173e-01,-1.876308578404758398e-01,6.708040522568970987e-01,4.621551415816081421e-01,7.417814671888732780e-01,6.087126099087920572e-01,6.454762412177086350e-01,-1.855544504399574135e-01,6.521077243972249748e-01,5.320871002724072429e-01,7.028417031053979525e-01,8.024082539456390828e-01,5.086882565140926626e-01,5.702793315899445936e-01,7.236072385474805468e-01,6.336836879885261453e-01,5.223317865236973834e-01,7.307218841498275275e-02,3.009609647221710427e-01,1.791912610759751820e-02,8.770943140903988411e-01,9.213279206370739161e-01,5.599558537277151693e-01,2.417009416893743101e-01,7.208087445360322754e-01,5.098174035608626919e-01,9.471945133781800585e-01,8.260564514070583009e-01,7.020193731909635249e-01,8.540374117499334172e-01,8.571701793156125682e-01,6.401233195176601054e-01,8.367560051347265881e-01,6.417987656093897542e-01,8.296326521781002272e-01,2.678987391425567410e-01,6.191920117481356511e-01,6.218750615500938661e-01,7.489855620942540426e-01,6.783447752695013211e-01,9.017062469503590583e-01,3.914927017320223301e-01,8.824283095291814982e-01,4.374527134616126856e-01,3.879513241894779196e-01,7.067009721264132516e-01,6.300742788248666626e-01,4.277772904296576195e-01,7.956965310236145950e-01,8.820978702815531758e-01,7.244418804593518724e-01,3.991174727128379285e-01,9.223407186635809163e-01,8.205484045170505780e-01,7.630406224654102676e-01,7.752885168580538888e-01,1.287853432563395017e-01,6.380278047980213474e-01,9.402692003671718757e-01,7.816449537506225953e-01,3.076740317667816527e-01,2.484908267208005561e-01,1.861326813257121460e-01,5.252732742402131949e-01,6.629598036463719701e-01,5.729311519077328052e-01,7.679513385916844070e-01,2.753920636916883380e-01,5.700517134683920073e-01,8.171136891443229189e-01,5.052942470619167237e-01,2.584657181734457687e-01,7.358394936190866265e-01
9.335158170173231129e-01,8.968522682272304092e-01,6.833581464401717875e-01,9.556656506549363606e-01,9.591525516620196257e-01,0.000000000000000000e+00,3.199474349205349566e-01,6.011870364824339896e-01,7.227877741658996769e-01,8.530694984257618518e-01,7.293195609073997998e-01,2.416910391447097406e-01,7.908631003784061253e-01,6.290889434958595317e-01,6.025267334498921601e-01,3.241301630891015861e-01,7.218854794327820290e-01,7.981482443891234624e-01,8.851271021892952451e-01,7.804447872897423144e-01,6.147045541819027292e-01,2.862723566668575192e-01,4.596328228979303376e-01,8.135385426604589965e-01,8.300312763328282495e-01,5.008438567387641926e-01,5.317218291736786062e-01,4.041498800783947520e-01,3.587631059557935265e-01,4.986047817130798143e-01,4.472170644189935595e-01,4.545314528993953940e-01,5.466312655737283199e-01,8.184826564656783043e-01,6.328260655675732593e-01,3.177301296096143313e-01,1.513026450085731001e-01,3.204095255320620894e-01,9.106700240447926920e-01,6.808740163415520907e-01,5.418741809163130085e-01,4.260911664259459664e-01,9.960558778445111061e-01,8.071371138372360754e-01,9.081659435987783358e-01,4.071473432686735783e-01,6.138046933682336226e-01,9.286220372731606165e-01,5.779077514257610071e-01,4.000170903137070799e-01,4.740787326743807206e-01,4.842491495507399435e-01,8.305544836985225832e-01,7.401028297992184868e-01,8.506312701267124687e-01,9.621921318134207812e-01,8.288589717164516202e-01,7.757972910018507973e-01,9.150523612258177897e-01,2.738151203412031442e-01,6.608384392283089825e-01,6.654926969539688431e-01,4.248729641354817010e-01,3.977502520494840543e-01,7.496929678757989768e-01,6.017454018886940759e-01,9.482137168686431972e-01,8.948112297946813065e-01,6.426981145986641053e-01,8.274471218037021680e-01,6.510336219297500060e-01,4.396592224579798369e-01,5.570538507357265523e-01,4.289887675906940423e-01,4.876136639857234778e-01,7.756280196246801983e-01,6.875707293103140438e-01,1.285829190089307072e-01,2.332570609861767397e-01,5.999065279796020889e-01,5.524136774755010748e-01,6.238738185061063479e-01,9.968834661529508701e-01,4.424692372348018599e-01,6.103389704995975107e-01
6.594574663606109777e-01,7.845940017472546879e-01,8.453432096410704588e-01,7.147186358968827813e-01,2.881505540688668043e-01,3.199474349205349566e-01,0.000000000000000000e+00,4.247116508573355320e-01,4.505415128749000742e-01,5.387310867997552322e-01,7.993325776372229852e-01,2.717941767017651444e-01,3.296900227826328189e-01,5.221011361921664706e-01,7.649463505335943880e-01,7.095289965880173799e-01,7.126363175858472232e-01,5.254952309707107139e-01,5.484464116157924396e-01,5.189333221143205277e-01,9.620164011740399701e-01,5.824432028220691837e-01,4.214649476063328515e-01,8.761017275577737129e-01,-3.966244679536417017e-01,5.788776535731400275e-01,8.842582604346088671e-01,9.922335753812123738e-01,3.063218453308071410e-01,5.167329824564332874e-01,3.087392561373151212e-01,6.830780759270079772e-01,3.377485929858256020e-01,5.170357685689161986e-01,7.084961543999391820e-01,2.077565918698417724e-01,7.601303861644272963e-01,5.058842573606139315e-01,9.063374802791795970e-01,7.601249949539952144e-01,3.407983330495241159e-01,3.362672825049364267e-01,4.018676522206656165e-01,6.946705105075846598e-01,6.839439243149911807e-01,4.804959907650298567e-01,5.629425357895754267e-01,2.338204752113801910e-01,4.580329956982079342e-01,6.878289462723475856e-01,2.238199654144251149e-01,5.697753107741638789e-01,6.981537371593286023e-01,3.986565681302420838e-01,8.488440406147984563e-01,5.803049042496311039e-01,7.097840275668928500e-01,7.082903232224788681e-01,6.688578362942544375e-01,1.208881233356142726e-01,5.577571477913431108e-01,4.361186471853756852e-01,5.043622769716408216e-01,8.044791105030522083e-01,7.444770079269781293e-01,3.134767274178871244e-01,4.768974169711793221e-01,5.964917110499846631e-01,5.800256943783380637e-01,7.714435122974114822e-01,5.490229516226518003e-01,7.856644452992422867e-01,2.912523627565253292e-01,2.839305453715334493e-01,2.899923389898773629e-01,7.522853158400820417e-02,6.207406846092272668e-01,4.850812894018602384e-01,7.203696623908054653e-01,4.240835664244984038e-01,2.008580210023289681e-01,5.534878926864309490e-01,6.606593306070499549e-01,2.483633098359452618e-01,2.425863600429291334e-01
7.528241173847172174e-01,4.850722976339299497e-01,7.369709831072208672e-01,6.198068090776145400e-01,1.180322941996049951e-01,6.011870364824339896e-01,4.247116508573355320e-01,0.000000000000000000e+00,2.159522130773427195e-01,5.550362506930567319e-01,5.579415246715108134e-01,5.110227370808578806e-01,6.892058532479582444e-01,6.663084714956950538e-01,9.604138618995095023e-01,4.606660663683083690e-01,9.393462576593083480e-01,5.385718070382792266e-01,-1.476885158695243894e-01,7.841570507389290512e-01,3.430930130506146258e-01,4.230674695884150127e-01,1.913167834578309578e-01,7.221863444420344447e-01,5.576485284158880784e-01,4.975870943761589310e-02,6.317279093463074036e-01,5.613362325631287009e-01,1.410370869325708043e-01,5.841636239749969928e-01,4.703674453214997664e-01,2.057940985343359452e-01,5.261783940446884689e-01,4.295252992301185069e-01,5.191474393628597861e-01,4.815927604140896046e-01,5.246596655591470038e-01,1.737231534894032037e-01,6.737195425088651213e-01,5.530722537383970794e-01,6.278371864901466370e-01,2.792235506331273154e-01,7.829070391323877942e-01,4.893744638746962139e-02,8.672238855976526217e-01,6.504692491603155657e-01,4.893728116323931010e-01,3.617936126118403983e-01,3.289285989121805143e-01,7.611213255814701650e-01,-3.969408113658527415e-01,4.201576467524889558e-01,5.971951834507867041e-01,6.568749650583403099e-01,5.207682254022572010e-01,5.589132932087801375e-01,7.472774107288756573e-01,2.538155401335109862e-01,4.633983123882929878e-01,4.071667889650121275e-01,2.022407634544809707e-01,6.378226514275404657e-01,2.059447763946894994e-01,8.510532266391974687e-01,7.755150000499486662e-01,6.009159568279573982e-01,5.109764503330429530e-01,5.717970728445734840e-01,5.530823044686554724e-01,3.352948089836138568e-01,7.288351397260119935e-01,7.521844590447146484e-01,2.501967694294498501e-01,3.786746214290170887e-02,5.971210542323464043e-01,4.023331300473848016e-01,6.104752650422636817e-01,3.762730254191054557e-01,2.505183940837797385e-01,2.235050420887609302e-01,6.959976322953403960e-01,7.009921864434769390e-01,7.412907567398959729e-01,4.075714232156536498e-01,4.963189028068379915e-01
9.482437798405687346e-01,7.813819491774876003e-01,6.374469405310694281e-01,7.368185572764969216e-01,3.695832870017322636e-01,7.227877741658996769e-01,4.505415128749000742e-01,2.159522130773427195e-01,0.000000000000000000e+00,7.543846793598232292e-01,2.766843891478509843e-01,5.089895696241225620e-01,4.264449597772181355e-01,3.280308890944117484e-01,6.843697267065564915e-01,5.944199627605804004e-01,5.617485077364623436e-01,4.306552348279549247e-01,6.216034526967699758e-01,8.325927625723636982e-01,3.497612071761150299e-01,4.856091836025742126e-01,5.132572080400391590e-01,5.376127678516913200e-01,3.229028335028809593e-01,1.408980482154011983e-02,8.508393916231563603e-01,3.356652581707333938e-01,6.633533507733255785e-01,5.566681247180490510e-01,5.259284730831992327e-01,2.286505466638500683e-01,4.680391834917094762e-01,7.163382315941252410e-01,4.586702338975734428e-01,2.561579435215463052e-01,3.579604180366873223e-01,6.309265412564030173e-01,8.956805329255311809e-01,3.842143302039578989e-01,2.688071253199847965e-01,6.609512552141996178e-01,7.907790065622219977e-01,5.910301311403955982e-01,3.984366577960076761e-01,8.128363228818702435e-01,8.209913702228186505e-01,3.919542867602504588e-01,5.284360636664121591e-01,4.687664390601110065e-01,-1.393321153672387458e-01,3.689344295487709813e-01,9.183404528609319106e-01,7.505996683260213187e-01,9.331744490371293166e-01,6.155390681154240262e-01,7.394127264289461765e-01,6.787365138686665134e-01,6.863609365694480768e-01,2.904032081651637398e-01,4.312797181908750166e-01,4.178740550276752175e-01,3.489870069117080309e-01,5.945489831830398364e-01,8.272333865028123068e-01,7.466138284161533134e-01,3.692604167401819515e-01,8.494361668403829224e-01,6.092426707764797902e-03,5.550341685241872991e-01,6.509623780943021298e-01,2.439490709375043698e-01,7.493498281094967961e-01,5.346855843892173166e-01,6.055249989316834336e-01,5.206258578300467788e-01,4.503637913026827810e-01,3.574704601939391463e-02,5.443063001119253785e-01,5.858076221717845034e-01,5.320758989020220042e-01,5.389867408225795797e-01,4.791173569930545217e-01,3.360561182538235325e-01,8.262577275669694687e-01
4.652282262907573296e-01,5.512085062225094978e-01,8.262864593579125616e-01,6.685629060081512698e-01,4.080259413611351249e-01,8.530694984257618518e-01,5.387310867997552322e-01,5.550362506930567319e-01,7.543846793598232292e-01,0.000000000000000000e+00,6.492779415587973668e-01,5.702929138578024526e-01,8.894592485146954886e-01,9.987368890517200892e-01,7.761399088200231500e-01,4.583515443105891096e-01,6.969359489973047106e-01,6.002216227443569752e-01,6.124258049289668104e-01,6.829914480720470360e-01,3.279285623059355892e-01,2.786799773896006527e-01,6.753493303143134341e-01,9.494876267775714807e-01,6.025478176345628878e-01,7.884778256586556511e-01,7.360008388816045022e-01,5.044878207686698257e-01,4.939072844691101416e-01,5.565312819598321470e-01,5.406665853974584185e-02,6.236007917240269371e-01,6.452197475605508936e-01,8.130569818048284381e-01,9.532437840395666662e-01,4.831786617814919915e-01,5.755582031108426033e-01,6.595082741411937288e-01,1.477128382232881787e-01,8.618698329616423237e-01,5.266875982309966453e-01,4.837047611290885563e-01,7.485747916962968151e-01,5.054576258722250914e-01,2.710386720239092995e-01,7.976722886172716853e-01,9.949345739929330579e-01,8.266583608647081194e-01,6.469543241667202738e-01,3.859847877030865848e-01,5.784160378571069350e-01,3.862331961613462150e-01,7.807281949902452611e-01,4.114325473938973410e-01,6.057877262968955900e-01,9.444963276898679094e-01,3.418367715392425232e-01,7.783397217508674082e-01,7.887353170566142602e-01,3.227908077864007907e-01,3.830964285998686991e-01,5.329073924079598124e-01,6.265657594749153292e-01,8.442858424664645423e-01,9.371662234799974511e-01,9.434229600109564906e-01,9.949050826140652948e-01,9.151808696659891051e-01,6.185508621567558096e-01,3.677754119001868105e-01,9.935722353102864890e-01,6.903660541326483990e-01,1.065933322524090232e-01,3.984711186500405899e-01,4.770430890400477186e-01,2.802965372833098323e-01,4.418007734568862310e-01,6.049385426984321690e-01,6.239128329117139549e-01,2.033032522464008063e-01,3.334384752412367092e-01,6.209222266557572478e-01,8.329287533447987668e-01,-1.425215643812595967e-01,4.101642029294211289e-01
9.048493095299974254e-01,5.030081638164209945e-01,3.882398035062183395e-01,4.196249600127949231e-01,1.562850273778828847e-01,7.293195609073997998e-01,7.993325776372229852e-01,5.579415246715108134e-01,2.766843891478509843e-01,6.492779415587973668e-01,0.000000000000000000e+00,8.732129006526043735e-01,4.701352018722615433e-01,8.779270853400377161e-01,4.606354112760728259e-01,4.201510961009584100e-01,5.255439691623220444e-01,4.080463172676336847e-01,7.313422307036069325e-01,6.089949169672795870e-01,5.538283426215655503e-01,4.367303989840689571e-01,6.544666526440554577e-01,7.529999929381370194e-01,5.197620508977169873e-01,9.666317905138082089e-01,6.233049620259883961e-01,7.143740245688507962e-01,7.033334512717056564e-01,6.599410086499728489e-01,4.705931159710483591e-01,6.587015867447503226e-01,7.496670996966557921e-01,8.923390710793323022e-01,4.102474545299392705e-01,4.647891729886599044e-01,3.927210157929125756e-01,4.153676962687853358e-01,7.382820019149383128e-01,5.394107233098194287e-01,9.336617036433557670e-01,6.116557109959570582e-01,9.486279434941005118e-01,6.272283139708161037e-02,9.426283583742154359e-01,6.180058386136514370e-01,4.331789083656625294e-01,5.008702727348464112e-01,7.665623133595135252e-01,7.386046321044876795e-01,3.960557079113075085e-01,9.044734562893630425e-01,5.452060189539503776e-01,2.107893415439696383e-01,7.749301007995783586e-01,7.648885814359748236e-01,4.203575778382376837e-01,4.519742828591237771e-01,5.676689002889729885e-01,1.847277764766190600e-01,3.485688030296403839e-01,7.793423034763946600e-01,6.603995243431700635e-01,5.014650090405654570e-01,5.156338561551602195e-01,5.654011002134204933e-01,3.390494192492151115e-01,9.239207524739347921e-01,5.384265531373280123e-01,4.579721148423068766e-01,9.908580755170872667e-01,7.665505459901214014e-01,5.109994988907604618e-01,5.430004356304235502e-01,5.647654398388195496e-01,7.076982745426001475e-01,9.616477841659022419e-01,6.097156877901806216e-02,5.335116495555466409e-01,3.060066098141419610e-01,6.352161752078772095e-01,6.664617298832904435e-01,6.495492630635936182e-01,1.654674307460037852e-01,4.439482991220475294e-01
8.483190234147710562e-01,7.421117593142890767e-01,5.480905214408490211e-01,1.288284661084257710e-01,4.377963889500798289e-01,2.416910391447097406e-01,2.717941767017651444e-01,5.110227370808578806e-01,5.089895696241225620e-01,5.702929138578024526e-01,8.732129006526043735e-01,0.000000000000000000e+00,3.676009193499127914e-01,4.485984841024914238e-01,5.716823456936848125e-01,2.511059090523650728e-01,8.268135551776597536e-01,9.151844992404379875e-01,3.506477336125344291e-01,8.099141713518457353e-01,9.216265927463882512e-01,8.259870349464518702e-01,9.292309314263850206e-01,1.341645869775930089e-01,1.596279907412716803e-01,3.580804983335832414e-01,2.155338943931861817e-01,6.151623477043830501e-01,6.820389880058094212e-01,7.476056105511859062e-01,3.140991025543312110e-01,5.019085272397056929e-01,5.542094981713726609e-01,4.605839725704231613e-01,4.068899502790928602e-01,4.996961636509812399e-01,2.939886029342714258e-01,4.553627772036116239e-01,4.961273712454501994e-01,7.783507159185865110e-01,4.324491128106038862e-01,6.498512270920491218e-01,9.164640155929959509e-01,7.467539426289447890e-01,6.481432430380331677e-01,7.367434439345987851e-01,6.911702417100318296e-01,6.875597660042876980e-01,6.128772206425084912e-01,5.560632154039222286e-01,5.742474156113041017e-01,6.874182805159072540e-01,3.838855189365570908e-01,7.086956485458741906e-01,3.330319542435130620e-01,2.203993027467149868e-01,3.896095954906426129e-01,4.936408355259365166e-01,4.214596363352398622e-01,4.719876587343842522e-01,-1.195107260545773958e-01,3.192233471946211987e-01,8.686108090932405379e-02,4.242788528516664437e-01,7.119346698231614479e-01,6.057254534286672376e-01,4.500641370639583694e-01,6.802019180240440610e-01,4.847778680994224709e-01,8.790234244821806264e-01,7.872542556081035814e-01,7.047394522542160811e-01,8.365263482377971460e-02,4.255289762515792606e-01,4.867959817124742905e-01,6.958447898566156864e-01,4.828704357883889520e-01,5.273947010445041716e-02,3.761580766186339853e-01,5.085666230166117074e-01,5.305853972914181815e-01,2.599254097695031795e-01,4.565172356660146535e-01,4.436833605749584408e-01,1.674701049839091849e-01
6.113738094930933897e-01,5.137493877406246190e-01,7.068460112316010679e-01,6.441653739143191615e-01,7.809523010546283173e-01,7.908631003784061253e-01,3.296900227826328189e-01,6.892058532479582444e-01,4.264449597772181355e-01,8.894592485146954886e-01,4.701352018722615433e-01,3.676009193499127914e-01,0.000000000000000000e+00,7.310390398366107823e-01,5.069895851860346525e-01,6.442999836830378690e-01,6.066135352578705398e-01,3.909221833849423344e-01,4.069413301190797916e-01,8.786612059837052291e-01,9.634280603492596518e-01,4.156272600913478721e-01,9.889239966898195622e-01,6.422163648945848902e-01,4.350075493640844226e-01,7.692294652172873004e-01,3.646638584691657692e-01,7.039977534802410730e-01,6.512893192464592751e-01,5.927115375695268806e-01,3.518679068724647752e-01,2.050596299018460078e-01,9.676010756908028920e-01,5.166851974901244260e-01,3.462146050231260097e-01,6.149265842580456942e-01,1.770973813891736290e-02,3.004038850637998359e-01,5.999488090495503911e-01,6.760768720087668715e-01,7.836841173395729943e-01,9.123409890123607147e-01,2.729624774033153622e-01,8.820404468707071510e-01,6.266421444837587673e-01,4.433522128908177762e-01,6.506314414578928673e-01,7.078535555986543715e-01,3.716366737954762134e-01,7.467762820563385029e-01,6.201259791310262948e-01,7.993664245257063872e-01,4.145819833044718239e-01,9.103009490477429466e-01,7.318133298356337413e-01,4.210295865289778172e-01,6.827460749538345475e-01,7.158299860111262403e-01,6.825726358532954174e-01,1.290467543958948027e-01,6.608924962228233113e-01,7.354711823783576241e-01,7.871893119230259916e-01,5.020887130325696335e-01,8.932267086306036052e-01,4.236085921392381271e-01,6.401569509578822759e-01,4.016826934094722690e-01,7.667478654270715177e-01,6.035295813060989056e-01,6.178423427641400734e-01,8.066327746792667508e-01,5.715950078402511902e-01,4.280255885225189849e-01,5.093249646525176422e-01,5.356511030505000104e-01,4.909277284297955402e-01,6.128609641224374016e-01,4.626472582388434507e-01,3.951966558931231943e-01,2.078992387690305477e-01,5.768974721502176939e-01,7.420482258181093638e-01,6.780706665085484142e-01,9.596664297308221681e-01
7.353137861872058867e-01,8.885252118023918566e-01,7.086695723767686417e-01,7.210051289859679136e-01,-1.876308578404758398e-01,6.290889434958595317e-01,5.221011361921664706e-01,6.663084714956950538e-01,3.280308890944117484e-01,9.987368890517200892e-01,8.779270853400377161e-01,4.485984841024914238e-01,7.310390398366107823e-01,0.000000000000000000e+00,5.747341322072028191e-01,3.829360381380250145e-01,5.830391766588751690e-01,9.182236019029227370e-01,4.182583046100288859e-01,7.732906448985269465e-01,6.461051684128803485e-01,8.864934560420275611e-01,6.055183509889837667e-01,8.675376262380932735e-01,3.389408492278081497e-01,5.882374039728462956e-01,5.650615115162824775e-01,9.671851955712719162e-01,3.948076551115620170e-01,-1.107758935060959571e-03,2.672620591445339921e-01,7.267191570584391469e-01,6.501380641354246315e-01,9.365919168226102265e-01,4.612514318480848141e-01,5.013970784585606300e-01,5.978311775048903431e-01,7.384295063111738777e-01,6.483237981933571703e-01,7.832203562695888577e-01,7.598747931489580054e-01,5.163069601210173304e-02,8.751124410672188603e-01,9.216206617625007924e-01,2.465493019543494591e-01,7.350235749370991334e-01,7.674679275697146030e-01,3.658183255695107716e-01,7.567992527243236900e-01,4.914236859916060185e-01,4.425066025529662550e-01,6.056705679330189884e-01,7.461891025554422407e-01,5.354447425770468838e-01,7.183020965932050972e-01,5.788328009477284875e-01,4.367801929593196908e-01,5.569005668884199345e-01,5.091770250941293208e-01,6.856256729668998018e-01,6.146182729399192191e-01,7.522221967267631593e-01,4.468797638252408055e-01,3.045113992642918266e-01,7.289856384455903893e-01,7.605875396124301968e-01,7.414576910237774543e-01,9.044730647827632364e-01,5.359198078559893053e-02,5.228817546860700105e-01,5.707572514962813148e-01,6.193946327763925064e-01,5.005057084148560875e-01,4.610514155271308034e-01,4.717288500191852973e-01,7.541759643249884570e-01,6.257727411112148364e-01,7.084810628138498156e-01,4.297510113688169930e-01,6.833201960868023894e-01,2.827822692451076869e-01,8.485871185177977782e-01,5.157411620444092293e-01,5.508676807803782882e-01,8.587690794229658753e-01
8.816721443850032980e-01,7.614363609704898339e-01,8.070589539941874779e-01,4.308574126353861833e-01,6.708040522568970987e-01,6.025267334498921601e-01,7.649463505335943880e-01,9.604138618995095023e-01,6.843697267065564915e-01,7.761399088200231500e-01,4.606354112760728259e-01,5.716823456936848125e-01,5.069895851860346525e-01,5.747341322072028191e-01,0.000000000000000000e+00,4.439973818406492412e-01,5.297812397770990112e-01,6.805251412195071348e-01,6.157081856599904146e-01,4.438028933657188202e-01,8.594830528638235378e-01,8.284114214077324956e-01,3.420898443281650270e-01,3.092009050517677826e-01,4.430556357412047674e-01,9.596825051431172593e-01,6.750477192894015488e-01,4.522952972923128256e-01,4.333130634521960567e-01,1.643859438739178058e-01,8.886723986103567396e-02,6.613822901697505863e-01,4.070942038518110540e-01,7.366122230907594659e-01,6.211317158098297320e-01,5.408779917757622346e-01,-1.444870510952065701e-01,6.152010617211216559e-01,9.670088820858780965e-01,8.650909326744848915e-01,7.698105129707495387e-01,3.836861834794720316e-01,3.080549563649391254e-01,5.200560384742121123e-01,4.970653288604974795e-01,9.394421872143265961e-01,-3.990708438112955392e-02,7.450063150260790579e-01,5.671139785816687873e-01,4.684224279461383089e-01,-1.493505004145565807e-01,6.104740083047609511e-01,3.462637543106064086e-01,4.156213505495138794e-01,8.261629266311566466e-01,7.748850745702439147e-01,2.138819393150848125e-01,3.027963118567456591e-01,9.126453608258762451e-02,4.929148537302930899e-01,-9.143420619449939279e-02,3.428383268594324407e-01,9.040736621761656933e-01,7.753701964096604282e-01,6.042420571224472736e-01,6.538416003148770361e-01,5.920399061697498855e-01,5.110006323526956606e-01,7.117508094413733666e-01,3.244706110515210851e-01,4.816089338531534536e-01,4.502105268012133177e-01,-2.989350169564658488e-02,-4.152083032072609314e-02,6.522785512691374465e-02,4.277057381989035623e-01,8.668250403605273213e-01,7.394825446121940926e-01,2.084566838170212044e-01,3.456687119647432471e-01,9.758705473820071807e-01,6.879723285642687092e-01,-1.187276111275208795e-01,4.894954569663937383e-01,5.398906864660537597e-01
7.225143629438256498e-01,4.625530360968590493e-01,7.929159294781380485e-01,2.818941704513263091e-01,4.621551415816081421e-01,3.241301630891015861e-01,7.095289965880173799e-01,4.606660663683083690e-01,5.944199627605804004e-01,4.583515443105891096e-01,4.201510961009584100e-01,2.511059090523650728e-01,6.442999836830378690e-01,3.829360381380250145e-01,4.439973818406492412e-01,0.000000000000000000e+00,3.416103672539455571e-01,4.570363038824278301e-01,3.432179705693544358e-01,8.905271602506366069e-01,4.779223387306434367e-01,7.303350711066608492e-01,3.716397381127395372e-01,6.407655382098929042e-01,-1.555142463730050939e-01,7.918630255195278078e-01,7.582443838138681613e-01,7.209395061129990623e-01,5.874921397158872072e-01,1.297370483425800136e-01,4.033480228383488075e-01,2.445823666992913148e-01,9.975087052478621708e-01,1.475732712578053385e-01,7.821187823797450811e-01,2.277137046202630244e-01,3.761390841581018218e-01,9.545846889329662188e-01,8.145232323100731753e-01,4.834691736996892808e-01,4.625687105793589993e-01,5.632326693067983836e-01,5.195581078027244892e-01,9.517362236855814173e-01,9.505815667388793910e-01,9.304084715156774044e-01,8.496512508897169358e-01,5.585715275139102598e-01,7.970777818445320406e-01,2.361740291733430697e-01,5.412402122245477676e-01,4.285927889327684759e-01,2.314308197881405349e-02,7.706475543848392284e-01,6.437075972475986285e-01,2.310699751433227533e-01,5.109093045174115666e-01,9.566661842698419571e-01,2.243527656829048256e-01,3.876678317595444456e-01,3.256544830820584102e-01,5.909909628540978010e-01,6.473351842353418650e-01,9.849727812978389396e-01,6.822700437622647440e-01,2.030854069837743359e-01,8.060019265488520546e-01,7.840989934699875707e-01,5.370564619868186673e-01,-1.067174168375678578e-03,7.500993686978001396e-01,5.918464421166784728e-01,1.075950964931449011e-01,-1.805498797592294813e-02,7.731544564491058535e-01,6.163057940902039178e-01,7.819783753708122731e-01,3.134305548447986478e-01,2.729015174446092762e-01,3.130324122937810927e-01,5.850331954854202099e-01,9.252539073069852016e-01,6.502522333555726952e-01,3.310570147092525839e-01,7.816415739204413127e-01
5.338491530618307834e-01,7.595023013286551494e-01,9.646398484996749900e-01,5.125604421227697438e-01,7.417814671888732780e-01,7.218854794327820290e-01,7.126363175858472232e-01,9.393462576593083480e-01,5.617485077364623436e-01,6.969359489973047106e-01,5.255439691623220444e-01,8.268135551776597536e-01,6.066135352578705398e-01,5.830391766588751690e-01,5.297812397770990112e-01,3.416103672539455571e-01,0.000000000000000000e+00,6.770122275771671694e-01,6.587874923491179313e-01,8.694701501214729955e-01,7.429619064372537940e-01,5.204627755527161392e-01,6.298884873241995530e-01,6.555509729051977041e-01,5.650541634601911056e-01,8.202545102122920095e-01,9.661731393655570432e-01,4.390562489938562019e-01,2.359315122435177436e-01,4.585985568030945814e-01,4.654533810098834268e-01,4.412091039735879794e-01,8.525728358325930234e-01,4.536438651086521778e-01,7.224531126066707776e-01,3.567272032164898188e-01,2.128535252537088751e-01,5.881336363320092131e-01,8.757375354694131309e-01,6.194598921834225669e-01,4.235107948128844502e-01,6.208191741886068815e-01,6.960924202589839904e-01,4.944940351663170142e-01,3.105798174115526611e-01,8.628637131012784067e-01,3.806684649599601511e-01,4.301931607245495504e-01,7.602234149835133126e-01,3.073546453621270325e-01,9.408163757998465604e-01,6.399963637041378162e-01,7.398420670783402153e-01,9.997069325626690706e-01,4.423124511829695793e-01,5.299096879523479409e-01,8.783622535384997265e-01,8.664909850201762964e-01,9.096354544491254135e-01,6.065015489416686334e-01,5.144516459366379468e-01,7.455272420198270078e-01,7.845963957749323425e-01,5.831270760122003738e-01,4.638247782310828682e-01,6.758628958051730029e-01,6.637335292806971765e-01,9.062278613916363579e-01,1.573753517829475923e-01,3.337952942390493560e-01,3.612289898406130240e-01,2.902537939456115157e-01,-1.175590008969013001e-01,3.857023050998714675e-01,6.736361027188786377e-01,6.368881238330494909e-01,9.726611139944877360e-01,2.897314017153883037e-01,5.290034760215468479e-01,2.683253107172782759e-01,7.444536148972840106e-01,7.134106465049633305e-01,2.571907783757954036e-01,3.093601415302625890e-01,9.212749173695545801e-01
7.498129328458900122e-01,1.716582477466501930e-02,8.374273627297030842e-01,3.616757102213378205e-01,6.087126099087920572e-01,7.981482443891234624e-01,5.254952309707107139e-01,5.385718070382792266e-01,4.306552348279549247e-01,6.002216227443569752e-01,4.080463172676336847e-01,9.151844992404379875e-01,3.909221833849423344e-01,9.182236019029227370e-01,6.805251412195071348e-01,4.570363038824278301e-01,6.770122275771671694e-01,0.000000000000000000e+00,6.788754356594829398e-01,6.214633690432272983e-01,2.018167193745634136e-01,4.813634957715093865e-01,4.412327769204138495e-01,8.800860261087827263e-01,5.834912443590907216e-01,8.538209829458175415e-01,-1.386455673095552121e-01,7.891026789910785544e-01,4.484295026563495101e-01,5.681638385546793346e-01,3.179830558152381692e-01,7.196214032445007180e-02,7.285671644202673658e-01,4.873596163667348047e-01,1.960217909960561555e-01,2.255146872823831916e-01,7.857674050392410292e-01,2.215268090949202018e-01,9.293452553586126763e-01,7.396366649302518192e-01,4.929916383105529820e-01,5.904675318226246805e-01,8.357888620516956690e-01,8.975554928642039965e-01,8.334795777431687203e-01,1.030325796557544360e-01,7.565070048170758898e-01,6.820437806126008473e-01,4.767955978384993965e-01,5.675373488249254583e-01,2.387263274112039479e-01,2.530858013616942848e-01,2.941806889516279666e-01,6.369873534217186384e-01,3.485522110929417661e-01,6.548460822972759221e-01,6.051351004866558636e-01,8.503200290920127635e-01,4.485985655446705356e-01,4.977837837706158286e-01,1.930110968634586588e-01,4.088319091699549879e-01,8.822703631391797252e-01,7.004965535596906490e-01,6.223810563848788391e-01,4.068342325168735618e-01,4.770655403075764189e-01,6.076376486427232937e-01,3.899193790987506292e-01,6.517056285155302664e-01,8.996668331018423670e-01,7.592360596800959982e-01,4.965000820552207261e-01,2.828956180166132817e-01,4.622252105739659833e-01,6.661695594291834333e-01,3.153813265884177625e-02,6.715631374652567542e-01,2.685094394578026455e-01,2.579942976193900228e-01,3.135621502946586703e-01,6.145274606610107160e-01,2.229143775849469766e-01,4.198514141104766617e-01,3.727060060285470877e-01
