0.000000000000000000e+00,7.181617819192911423e-01,5.387444866533123156e-01,6.699595774984634655e-01,4.337417506436112014e-01,8.515257253783168334e-01,9.930025016194032883e-01,4.615571429283634730e-01,6.597012628416454305e-01,8.192002254743853129e-01,4.337011571437945356e-01,9.744474167866330472e-01,9.329824128209911471e-01,4.509590150216983839e-01,8.630418494088649695e-01,7.265607878230048167e-01,9.959497199265328060e-01,7.946430054529307618e-01,7.474046762969657198e-01,6.969593305019903262e-01,9.918050659188615281e-01,6.898765801744715098e-01,6.896607236400545959e-01,5.685005089979060511e-01,8.730815154119706545e-01,-1.949179308318705062e-01,9.199831235296436205e-01,9.668373248124160213e-01,5.595220269895018195e-01,2.640318183570599109e-01,2.679074616234136674e-01,9.636456912911960382e-01,9.331029628819828003e-01,8.462889816501713014e-01,7.027528729996791457e-01,1.594406431525556278e-01,4.628662266199116693e-01,5.212441551164319620e-01,4.687209312194288158e-01,6.811306591366881324e-01,5.685188596563430785e-01,4.798136620673598696e-01,6.001803495072129957e-01,6.699964544116752130e-01,8.328342268276078819e-01,9.745409821187616117e-01,4.495561833677301222e-01,6.983162815392360834e-01,7.651355551735631311e-01,8.226793114359893799e-01,3.564310369903237463e-01,9.343644618074149477e-01,5.826376509638763190e-01,9.661208114417487725e-01,4.001789426361244129e-01,2.073598667384035643e-02,8.350034670581241159e-01,8.245508519832539518e-01,6.690705605534009726e-01,2.050089456111721664e-01,5.394469028001369626e-01,7.092072469496352172e-01,8.352369298958243204e-01,3.733607616918241945e-01,7.741893547550324772e-01,8.395368539934742191e-01,6.574525682285996542e-01,4.175496426768968705e-01,7.009850156312034120e-01,7.299436493308593121e-01,9.423933040960584817e-01,3.168740155080300713e-01,3.558697023921713470e-02,7.270447033323769181e-01,9.205711996803565000e-01,6.834712064277580490e-01,8.414342958662716088e-01,7.730366703284943242e-01,2.863077087427687850e-01,-1.491556902506218363e-01,5.913882475771108371e-01,6.197638728931105234e-01,7.996240333740709527e-01,-1.597109821737236479e-01,9.182447910578789285e-01
7.181617819192911423e-01,0.000000000000000000e+00,9.588815409809607893e-01,4.577440594105622873e-01,5.337771064582635949e-01,7.963350832044255867e-01,6.863029669816917977e-01,5.279111257695499049e-01,5.161885832384346395e-01,3.233359546885985480e-01,4.713585052277728393e-01,6.068198117343881481e-01,9.266748024326253441e-01,5.298901346972831883e-01,4.640112539303729022e-01,-1.801244350246456183e-01,7.221431310138640702e-01,9.045598121822722160e-01,6.401961757682551601e-01,8.753490474487886086e-01,5.007328901021533829e-01,5.556981147454309600e-01,-1.548429052176265031e-01,9.348256453582527437e-01,4.889371037895625660e-01,6.160012757705565223e-01,6.507437955603433410e-01,8.542068784087083477e-01,5.528859447566767393e-01,2.119845057287637197e-02,5.776297819227582675e-01,2.985595140665078251e-01,4.365803975938278292e-01,6.812868708840243981e-01,6.782173027575406632e-01,5.471878864178433277e-01,2.326148359227831197e-01,4.205848349281736120e-01,6.170425820465444966e-01,5.376667141193698374e-01,4.724636482186926334e-01,3.190632076664924321e-01,7.265216460092189799e-01,2.447637680442791008e-01,7.691106870318570321e-01,4.434334850427586461e-01,7.892228582581422014e-01,8.813326432430851343e-01,7.241671495345158860e-01,7.881839719156419344e-01,5.576673073072417885e-01,9.764719836753846804e-01,5.278846368438875336e-01,5.975614773552686554e-01,1.693558195602792305e-01,4.237010477903284666e-01,3.018954969543487521e-01,2.874179785352903860e-01,9.267198128541761504e-01,1.345049949010555107e-02,5.663261517063105099e-01,6.664349505024522724e-01,4.790287628706590972e-01,8.109918465515539854e-01,9.337895705230349064e-01,2.819747080763238545e-01,7.436043861419786571e-01,4.118414895428450517e-01,2.454056705166217933e-01,6.938027739182208720e-01,5.963938320449936326e-01,7.602309804852578345e-01,7.507612867173711901e-01,5.603607273081765427e-01,4.032231025463835494e-01,3.387474886930855744e-01,5.791516641160759926e-01,6.406668878009350587e-01,3.972311778682851013e-01,-1.095784458599091682e-01,5.509215869009773670e-01,4.355935303529324121e-01,4.887231808802059430e-01,3.903883178161687839e-01,7.977458830878082496e-01
5.387444866533123156e-01,9.588815409809607893e-01,0.000000000000000000e+00,8.785996646309592872e-01,5.840010279158134310e-01,9.573835280546399984e-01,9.388145997279160326e-01,6.264816007390142660e-01,7.912113139241692128e-01,7.278566216935224986e-01,7.724373040085326103e-01,5.271051411038978340e-01,3.282959145772830212e-01,7.930622897376978786e-01,8.435545930659402725e-01,6.854697996170751040e-01,9.335979959194838917e-01,9.584652926624803726e-01,2.947912392474648091e-01,4.331563204814455892e-01,7.555946030091341692e-01,7.991816608802618793e-01,5.005874326509257566e-01,5.649447070493905931e-01,7.889674202602681152e-01,4.410668850511637040e-01,5.363614363369459959e-01,9.350717108799344590e-01,5.409787462488269139e-01,6.898360674067535170e-01,5.407347538706056556e-01,5.205975923530604677e-01,8.826558994558186821e-01,7.046330934843366700e-01,2.641665638401525795e-01,3.886928263615001544e-01,2.623848991971655664e-01,7.203910285081983611e-01,3.002430560334919951e-01,6.340490978776620601e-01,7.872273688699389371e-01,7.317157225697696887e-01,8.439627896048873534e-01,6.169862232278601200e-01,8.006607651780018875e-01,6.198733657744085468e-01,2.398980163976152657e-01,6.655273071482159519e-01,6.730174006126471431e-01,9.497241219724779082e-01,7.155865591032189998e-01,9.415640648340102281e-01,5.768217201115297676e-01,8.326803473784389897e-01,5.507685762380328809e-01,9.268995319311463810e-01,7.806468287219514579e-01,4.143611134228872284e-01,4.213259621255146525e-01,-1.951258363400025786e-01,2.855184997825105375e-01,1.124019734665098261e-02,6.207075191016159232e-01,6.545872130641614550e-01,7.823968673077502656e-01,7.883026609295205045e-01,3.049202950275135549e-01,8.406586514435664403e-01,6.621375950508963104e-01,8.392159724125256570e-01,5.781723848171387292e-01,6.879346582330170268e-01,4.570339418732602965e-01,2.735639319947673620e-01,8.886596371718530341e-01,5.489760855146157414e-01,7.107212231834268978e-01,5.044882245775488272e-01,5.687456710903426860e-01,7.095939361832663550e-02,6.523836424636669795e-01,8.608148263225346986e-01,8.170059418427700892e-01,6.993919508207695201e-02,7.000986202088004262e-01
6.699595774984634655e-01,4.577440594105622873e-01,8.785996646309592872e-01,0.000000000000000000e+00,7.975243499683644099e-01,3.214753515435115339e-01,7.127226723637868078e-02,7.543832048838297055e-01,8.936878872395618290e-01,6.084141014399709890e-01,3.701310686311671816e-01,2.626891484950383271e-01,3.653529007057648714e-01,8.458006345233173295e-01,4.432493614041527752e-01,8.758923527879161064e-01,6.859902350572484320e-01,6.347963196233135097e-01,8.388720971779933810e-01,5.012809749895197342e-01,6.194292528466364134e-01,6.916934353885876297e-01,6.884777442361185162e-01,6.494078953152883082e-01,2.177993941618199328e-02,5.729029421836646652e-01,5.563677541961498108e-01,6.230439152007181125e-01,7.648457373534582882e-01,4.951543438594041557e-01,3.447343464920320510e-01,5.628469740524719711e-01,8.831752843800919628e-01,6.898079496879203631e-01,5.333177972877727324e-01,3.653020788984497336e-01,4.287356819498236438e-01,-1.731131965262748540e-01,2.006536015130983563e-01,7.145556813106522798e-01,-3.114290629427165502e-01,4.616911254750928340e-01,8.569895488970945552e-01,6.566360462600080439e-01,4.693745927350286840e-01,9.744131704958730600e-01,7.610113240320721673e-01,2.458314366567817266e-01,6.887935379116006951e-01,8.355125421619219450e-01,9.925293442223975804e-01,4.304510785755443214e-01,4.570631321907205336e-01,9.181201786449230129e-01,5.994487908659755782e-01,9.415607697929717634e-01,5.012245227635271361e-01,5.372496340316491592e-01,8.066681264305299859e-01,6.976299607278316772e-01,5.574021980277279464e-01,6.319155704659753514e-01,7.205250021387585857e-01,7.937894889717440616e-01,9.682173019331712371e-01,4.159914569364375203e-01,7.151656865279282238e-01,7.678833893112066988e-01,5.688524027191113053e-01,7.795899395406051813e-01,7.570544472693322424e-01,4.190614766761392995e-01,5.625680858942685991e-02,5.551781889233962097e-01,6.687849874533331462e-01,6.695034531100964026e-01,8.633142839584645456e-01,4.132839730071307116e-01,2.209910496448181660e-01,6.678222102998233600e-01,5.218438567394934058e-01,9.447047487841016000e-01,9.509182358258492229e-01,6.360312780347523454e-01,5.213356944602296483e-01
4.337417506436112014e-01,5.337771064582635949e-01,5.840010279158134310e-01,7.975243499683644099e-01,0.000000000000000000e+00,4.704450065947768378e-01,3.345655671852948987e-01,6.908990558907667223e-01,6.119571955638981597e-01,8.409915686137597879e-01,6.904374633366837655e-01,7.740765241505530581e-01,5.274492404030318715e-01,5.601108590663756992e-01,6.505259345360089318e-01,4.160101351882262710e-01,8.411330475524637640e-01,6.925418292052838432e-01,4.842425375304528767e-01,6.670276916609008122e-01,8.541583677656342521e-01,5.286087452310165302e-01,6.003161261310258068e-01,6.398759560475965058e-01,5.262222884884990570e-01,7.313165159932846215e-01,8.471988300364015068e-01,6.372624147293426411e-01,4.841089896249016200e-01,3.878894517563303834e-01,7.159263073705588454e-01,6.826821719520156373e-01,7.732659166726419953e-01,7.476550333092571998e-01,8.252146076231002825e-01,6.150360678132961167e-01,1.257950675714075428e-01,5.712902644779561667e-01,2.076380776392371674e-01,1.645853822140033174e-01,2.979778398709517218e-01,7.197995880815969416e-01,6.909167631727889392e-01,5.879613943915678043e-01,9.988188791865149074e-01,8.471206097100052457e-01,8.676027744030666566e-01,7.423394046796302215e-01,4.951636149784131025e-01,7.645471053071807299e-01,6.965731001322512661e-01,5.846240182840617416e-01,4.211698950722495560e-01,6.575682748292439594e-01,9.995363234666899688e-01,7.369038454466453336e-01,7.922460597471872035e-01,1.947661984659756693e-02,7.819521245110522267e-01,2.150033320972506989e-01,2.483501015187148941e-01,5.889218071459501047e-01,7.223880076938872241e-01,7.746390081047795917e-01,8.594679390383204165e-01,7.917825722498960106e-01,9.530020932434009051e-01,6.602762493080780448e-01,4.259282751735962713e-01,9.062478026093415684e-01,7.923181525213316423e-01,6.005437559180135665e-01,1.141807995859771621e-02,2.171602408765086201e-01,6.373631643620514264e-01,9.088927654804762613e-01,7.728639694668155702e-01,4.897486988536411401e-01,7.166862875220031404e-01,5.960626622440172717e-01,-1.255287138536339275e-01,7.032485122256623145e-01,6.503535247892404669e-01,2.102843997881680138e-01,7.514323281540399302e-01
8.515257253783168334e-01,7.963350832044255867e-01,9.573835280546399984e-01,3.214753515435115339e-01,4.704450065947768378e-01,0.000000000000000000e+00,2.433375277547659421e-01,7.755263544039313617e-01,8.586961945159793386e-01,5.381687073703591562e-01,3.141843488307470289e-01,6.668724394421623458e-01,7.614181211635246971e-01,6.003418975150752734e-01,4.716580961305281705e-01,7.638886351196281232e-01,6.063887574941630998e-01,5.584483251727134778e-01,9.639216488311832531e-01,9.554662984817580140e-01,4.330232117992859897e-01,5.312110842631733165e-01,2.037530305675415709e-01,6.706398474474333238e-01,9.248337366058974052e-01,4.837958758474488752e-01,3.610318163093879928e-02,4.637056744452160428e-01,4.239301700472242196e-02,6.663322249357855886e-01,5.606288765446982847e-01,7.806778755257054447e-01,7.453453080299761169e-01,9.414772342622833579e-01,5.309693589409061332e-01,6.417729300671785042e-01,4.162164542474110496e-01,6.545109643153720347e-01,2.213053428853338778e-01,9.209710906639007044e-01,5.277578700365023190e-01,2.372303279162201461e-01,8.567581056331663447e-01,7.380602620654695967e-01,6.733792570854465476e-01,7.523252464037588627e-01,7.517603473031622130e-01,2.299158117834671222e-01,5.628899687977421129e-01,8.972374023302639445e-01,2.279056200799662035e-01,7.551886814505683887e-01,8.077820074094351765e-01,3.947065171633208358e-01,7.221078746174159901e-01,6.563023432859085293e-01,4.379443797676996208e-01,9.953881421098542681e-01,8.920459204532790176e-01,9.405902132064343502e-02,3.961816956331102313e-01,6.395753922668867553e-01,6.383862116538306652e-02,1.805663805863018112e-01,9.902076528008185718e-01,9.770600418838145673e-01,4.138849835758954265e-01,7.701252850796405092e-01,4.047023083447758851e-01,6.153139696212193144e-01,4.797063432686387574e-01,7.722561569496264600e-01,1.234316483101940976e-01,2.692915565362569152e-01,4.661113768430625859e-01,3.692220003513989601e-01,2.202773616276829383e-01,6.400801344164482876e-01,1.182239880318449593e-01,9.648215770219504411e-03,3.911693570513534723e-01,9.905774327132862433e-01,3.511984701916904816e-01,4.353312071023182628e-01,4.393972748249537763e-01
9.930025016194032883e-01,6.863029669816917977e-01,9.388145997279160326e-01,7.127226723637868078e-02,3.345655671852948987e-01,2.433375277547659421e-01,0.000000000000000000e+00,4.338756462730712360e-01,6.031633332558637983e-01,6.287446404293649538e-01,5.533585148599621251e-01,3.063013356118904351e-01,5.114679083101953960e-01,7.253184659187683625e-01,9.121722380110260930e-01,5.589877222081919284e-01,8.955646510519974512e-01,3.877645956960857898e-01,2.347073598972711506e-01,4.508491896602717652e-01,5.852567768328887921e-01,9.166949778265959248e-01,6.821208636629922939e-01,7.942070627111887937e-01,2.044097641505151774e-01,5.066091476270436766e-01,7.729473077315238694e-01,5.298529760207815187e-01,2.518874008987576074e-01,2.496447924869492629e-01,4.781976902374209804e-01,7.077130840801582057e-01,4.347846734512050837e-01,7.395809959352194207e-01,5.959070338776558673e-01,3.897534873534879152e-01,4.648485341366385692e-01,7.334698442473003288e-01,8.454824618033354167e-01,4.700080404720768379e-01,2.233616278701898161e-01,3.550499106826957574e-01,6.732636490543086882e-01,2.756659676387219760e-01,5.504890101860800966e-01,4.645716228360089461e-01,6.688825632623267570e-01,3.809157556095124075e-01,2.863838032691359281e-01,6.586969206433107571e-01,5.768970099381232064e-01,6.551192970002216454e-01,9.648284441452223970e-01,5.735978177452601967e-01,8.608199276612072959e-01,2.756904169241297664e-01,5.906189755343138614e-01,5.240869359243599535e-01,9.429831246204019024e-01,3.055381003741940438e-01,3.534248985498650852e-01,1.553102163382164835e-01,5.287580234800641765e-01,9.295660690953398975e-01,7.727332795222485728e-01,8.862982047041555178e-02,7.295305952319108833e-01,9.903511979723347292e-01,1.064429582947188507e-02,7.675294107417456324e-01,5.413342157417764255e-01,3.981821062074772932e-01,4.369813681891521751e-01,4.674856793636634755e-01,2.677526642764309628e-01,6.369499861018687037e-01,6.156327562525732988e-01,3.827463921410958481e-01,3.567720081748025907e-01,1.489655555718444047e-01,5.604791061759534232e-01,9.468249869211475822e-01,2.815059474070004120e-01,-1.279752290926826075e-01,6.148683237463633544e-01
4.615571429283634730e-01,5.279111257695499049e-01,6.264816007390142660e-01,7.543832048838297055e-01,6.908990558907667223e-01,7.755263544039313617e-01,4.338756462730712360e-01,0.000000000000000000e+00,4.386889938879212081e-01,2.846831576822930754e-01,1.538300664791255046e-01,4.019994403590845256e-01,4.801652853321415892e-01,6.938791878127340551e-01,6.209789073968227102e-01,3.419502604924332667e-01,8.547474825755511096e-01,8.771353732518594182e-02,4.656714643894084849e-01,7.687936264866661595e-01,8.462215479961165965e-01,1.562783241460786732e-01,8.885343102441930485e-01,6.066424706548605439e-01,7.038184147295630799e-01,7.908845890830052960e-01,5.167246456059624293e-01,6.764856883841757762e-01,1.089599915400986663e-01,7.229957450266349950e-01,3.547473089976560523e-01,1.253814070017332527e-01,6.190299108336710932e-01,6.963151863765556504e-01,5.928189109774489873e-01,1.382402092457761522e-01,7.309634801051019537e-02,4.299407597555127691e-01,6.574987722464173956e-01,8.491036717024025293e-02,-1.448683146951998124e-01,4.575650405847862534e-01,8.165256002850636019e-01,7.983278451479575155e-02,5.777110362785352615e-01,6.932789176584154278e-01,4.396126972209580264e-01,3.002330052841862829e-01,4.726413301354835950e-01,7.960134524166020409e-01,7.836790564290841976e-01,2.894062458625280554e-01,2.646903284819365765e-01,6.064389793953259833e-01,7.034750035439329974e-01,3.797546458272200720e-01,5.286411870398546320e-01,7.100638306955097123e-01,6.757801586851419628e-01,7.097645278599332697e-01,2.189661236977101244e-01,7.264373977173936847e-01,1.207762766811302235e-01,6.317485828112801016e-01,6.845577251822154707e-01,6.645842742975008877e-01,4.576546521069565499e-01,9.500939185023080658e-01,6.588306336359661675e-01,7.930534261272159657e-01,9.486513551866480876e-02,6.320165379428308583e-01,6.923538071247995473e-01,2.142073223273572580e-01,7.697167913223376123e-01,7.951596464248378293e-01,2.460204777777268426e-01,6.252349527797708140e-01,6.517102910940577587e-01,5.026851446586479977e-01,4.057980974898801607e-01,9.052389225615318225e-01,7.486993982379783752e-01,5.180045342405862341e-01,7.456777717907094871e-01
6.597012628416454305e-01,5.161885832384346395e-01,7.912113139241692128e-01,8.936878872395618290e-01,6.119571955638981597e-01,8.586961945159793386e-01,6.031633332558637983e-01,4.386889938879212081e-01,0.000000000000000000e+00,7.843332628807240248e-01,7.472219046451045177e-01,6.359857580339374206e-01,6.947850259556525021e-01,8.610890293908316506e-01,5.454040605078813719e-01,6.680188295821068989e-01,7.149024027566852624e-02,1.457128307059067651e-01,6.911143431273113480e-01,9.990606797711732989e-01,6.538862946340433524e-01,7.191782407352534934e-01,5.047367878490766069e-01,7.165478330747719893e-01,7.697449907524458457e-01,6.868886709058590334e-01,6.456880228639474417e-01,6.061048363247601989e-01,-1.219539209147096209e-01,1.774862616639790169e-01,-1.295300562797974120e-01,5.343773233479320872e-01,7.994291514017251021e-01,7.515241880731013957e-01,1.992451013582775543e-01,6.095412584800430356e-01,-1.875091595305879988e-01,8.340325889077712107e-01,4.149937289554793129e-01,6.709445057409360036e-01,7.863156454804304252e-01,6.791085954809118475e-01,8.259973923454818623e-01,9.533038849423508543e-02,7.026259705760957708e-01,6.368100474367177632e-01,7.652422807850807196e-01,7.838545371281882002e-01,7.192310960284489241e-01,5.652010418277465531e-01,5.426279105508524658e-01,4.437063474880559855e-01,7.225407431444540451e-01,6.370165228616821995e-01,5.309271670226592965e-01,9.314931951082252581e-01,3.613858305972232898e-01,6.680928029990484962e-01,4.589800723446985087e-01,6.979803587640713569e-02,4.948298831004090403e-01,5.695531442935254374e-01,5.043926175192455785e-01,9.451047755337307343e-01,2.263159369012543998e-01,4.652498185970035949e-01,6.043634702174811579e-01,6.634295738102967688e-01,4.375645279467039739e-01,7.644255066687084543e-01,7.444902893154665691e-01,4.110099104309795082e-01,7.106574745180589403e-01,-1.879267416140145419e-01,3.127681916894424208e-01,1.568247134975823687e-01,5.500597517704099992e-01,6.215890241601357280e-01,6.527553459633955724e-01,7.802146372187508394e-01,8.046679655479177518e-01,8.288944052671598506e-01,5.447116885210735449e-01,1.349754839624691116e-01,7.062193309450902623e-01
8.192002254743853129e-01,3.233359546885985480e-01,7.278566216935224986e-01,6.084141014399709890e-01,8.409915686137597879e-01,5.381687073703591562e-01,6.287446404293649538e-01,2.846831576822930754e-01,7.843332628807240248e-01,0.000000000000000000e+00,7.099514968160529627e-01,7.491980184970735701e-01,7.435513721636350937e-01,7.876698802585930803e-01,9.730082226521119537e-01,-8.271093532559653516e-02,7.340668002659338498e-01,2.157455959935916934e-01,9.060587983560155489e-01,8.222749762708918553e-01,4.990865049862001218e-02,5.174305376175628579e-01,5.690801303932724320e-01,9.927499317575163573e-01,5.644397334894061258e-01,5.640388206990022413e-01,6.894770489220278797e-01,7.654952731564277357e-01,4.886440990397266093e-01,6.328983151806937268e-01,5.434317994076288683e-01,5.702596687364740458e-01,6.839734846585481254e-01,3.989689587580307339e-01,5.397395097891817262e-01,2.352603744331957514e-01,2.136879355653709400e-01,7.508844539584863531e-01,4.159964825144542022e-01,6.022686122068662273e-01,4.190049725526868163e-01,4.970083667916609382e-01,9.318875569241008572e-01,4.044588814609615945e-01,8.928122706867629432e-01,5.055675654212737902e-01,9.073182436052794619e-01,6.578451674338535726e-01,3.557103951724536195e-01,8.641120347509408939e-01,2.263265660361299669e-01,4.359268142210586117e-01,8.803133990744327342e-01,3.344551270803983734e-01,8.790231762907452229e-01,5.695727470900321388e-01,5.660623385687457709e-01,7.904429107618144990e-01,8.096107111167117898e-01,7.471300612600298985e-01,1.598014685670379187e-01,2.684157371347891674e-01,6.021575313444680333e-01,6.456145854738415402e-01,8.223981939535239816e-01,9.234990003558398719e-01,9.257343454410618122e-01,8.113039597604582154e-01,4.611175255257315975e-01,4.425792621323061393e-01,5.668463885478619568e-01,4.389824763092904925e-01,6.353517414001138564e-01,7.870387570944892275e-01,7.238229497911564669e-01,6.914985150123342805e-01,9.583602101854545863e-01,3.628486989686264819e-01,7.034173848152577291e-01,5.687483195807856440e-01,5.914380493980360143e-01,5.847053057976744350e-01,7.104411443486574607e-01,1.730036496862231710e-01,7.007209302504954218e-01
4.337011571437945356e-01,4.713585052277728393e-01,7.724373040085326103e-01,3.701310686311671816e-01,6.904374633366837655e-01,3.141843488307470289e-01,5.533585148599621251e-01,1.538300664791255046e-01,7.472219046451045177e-01,7.099514968160529627e-01,0.000000000000000000e+00,9.278304793735043798e-01,4.202303000893649054e-01,6.423313148156897245e-01,7.144173682227636935e-01,5.733787530160689982e-01,7.327854430897604576e-01,8.106065679488022591e-01,6.369457669600606664e-01,6.333222977378006879e-01,1.767163724387147972e-01,5.322251830336353073e-01,3.645736054675831062e-01,7.468582977266521317e-01,4.128759209643010908e-01,3.790492758722749933e-01,4.412327416758147769e-01,9.911716545758946229e-01,4.846181953320427560e-03,-1.671875178963838082e-01,1.353784854265989261e-02,2.320219897938952669e-01,9.801516068630867773e-01,8.620113257684137720e-01,5.362312595654197267e-01,4.423901663784745586e-01,1.856073164728959668e-01,6.578777012630389054e-01,7.324369678316755561e-01,5.093128833945597123e-01,2.353492204969993007e-01,5.620762146948945492e-01,6.892664491155786610e-01,5.071637394537491517e-01,7.414626175792998763e-01,9.274088743220294806e-02,8.565657185259700768e-01,9.414787070858443574e-01,4.851531676353738609e-01,6.072332483619564680e-01,6.115292443779903886e-01,9.662187529074248715e-01,9.813268457467473338e-01,6.906654837268383362e-01,6.686965263971760276e-01,5.174912601229305631e-01,2.712805878552858041e-01,4.647189997530792316e-01,9.626353617107800131e-01,6.059080635060609676e-01,5.902397080672128205e-01,6.077484464259693686e-01,5.865371857441161740e-01,7.952182182505855845e-01,6.461854660801914507e-01,6.899061045617675969e-01,9.336443690874690615e-01,6.673623208814166707e-01,5.655786655634523763e-01,6.885995263582979087e-01,4.793148254778932804e-01,3.712827269877133629e-01,5.879317773377312761e-01,5.631940635974204135e-01,5.107166925387669476e-01,1.441139337653067898e-01,4.844046794174350357e-01,5.503783091589770082e-01,5.624674945299124214e-03,2.254780380710205701e-01,7.030755034754960775e-01,7.932173019887518439e-01,4.656125893558797357e-01,4.539888359473698287e-01,3.472161887879443021e-01
9.744474167866330472e-01,6.068198117343881481e-01,5.271051411038978340e-01,2.626891484950383271e-01,7.740765241505530581e-01,6.668724394421623458e-01,3.063013356118904351e-01,4.019994403590845256e-01,6.359857580339374206e-01,7.491980184970735701e-01,9.278304793735043798e-01,0.000000000000000000e+00,9.553479938284337170e-01,3.888592573551428733e-01,3.153495562707966382e-01,5.798256919721290759e-01,2.686678026916848316e-01,6.599512504324568374e-01,6.862488450476910140e-01,6.831127335203729389e-01,6.118930632067145492e-01,6.838104370190314363e-01,5.078705442554977134e-01,7.006010941671133585e-01,4.188392575346969182e-01,2.207238887400582439e-02,6.650287755987405180e-01,9.137312409287515202e-02,5.230845624804343341e-01,4.744415086718640762e-01,-1.889108241926149290e-01,3.573937152608021584e-01,7.930125088117564447e-01,6.867398961616691944e-01,5.002222619349826482e-01,7.877512182566532850e-01,1.430568320496220236e-01,5.068624815273753415e-01,4.378017752346612390e-01,1.456641733401302929e-01,3.110643620234666562e-01,7.749301274780504567e-01,7.706038809853207328e-01,7.873781688626443342e-01,4.315840939690485656e-01,5.723739584774116818e-01,9.239649047024807160e-01,7.701899702275887272e-01,7.722068173596134955e-01,6.809049842543859477e-01,5.590414278684752158e-01,7.195590642714088103e-01,6.472946296483284012e-01,2.806598452705415525e-01,3.110242417068304066e-01,7.476693888354746242e-01,6.328361629699853497e-01,2.815201715780527025e-01,6.453144244758785009e-01,6.316730566770301092e-01,6.816288779735049097e-01,2.897541137180652537e-01,6.622600829833920066e-01,8.508003378900498292e-01,7.060702350494965085e-01,5.518090892493223709e-01,6.116723793938766418e-01,4.196713253377443720e-01,7.331523502415833171e-01,1.936138011670772430e-01,9.970852290435585630e-01,5.526704278684129168e-01,7.737312892064063252e-01,2.664611678338341116e-01,7.800036639262030169e-01,7.695589933192102938e-01,2.530643583831164722e-01,2.119921791398947097e-01,7.657809793811924948e-01,-4.201073949967359944e-02,1.254698602827576392e-01,3.402407412670992448e-01,5.994296977643058799e-01,3.415410608697105888e-01,5.786882604894754145e-01
9.329824128209911471e-01,9.266748024326253441e-01,3.282959145772830212e-01,3.653529007057648714e-01,5.274492404030318715e-01,7.614181211635246971e-01,5.114679083101953960e-01,4.801652853321415892e-01,6.947850259556525021e-01,7.435513721636350937e-01,4.202303000893649054e-01,9.553479938284337170e-01,0.000000000000000000e+00,6.721311967681271593e-01,9.648755687959771343e-01,9.014103309847353307e-01,2.443827083871606964e-01,9.220315123907597554e-01,7.310153692946318449e-01,9.770900894011276261e-01,2.989149828390101904e-01,4.054896376554824600e-01,4.936419518357222369e-01,5.672975538048539157e-01,6.802881271295657672e-01,4.112449569216150569e-01,8.825036953323071032e-01,8.553592466263388872e-01,1.262840854915337763e-01,1.430467462433271386e-02,2.619630100340490375e-01,2.335249808594895837e-01,8.713566883807105645e-01,8.398126375670061927e-01,6.590549261876113007e-01,2.058217796170030423e-01,5.351016292908273853e-01,6.614101014693465341e-01,9.098628448334062924e-01,5.932474413679007519e-01,7.395853687575776325e-01,9.199186241246616325e-01,6.826974154026437258e-01,6.783452801514513464e-01,4.636123588718403243e-01,6.496954415210014488e-01,7.567405153692852160e-01,6.002898904004301261e-01,5.376423317482202924e-01,6.457539115046504463e-01,2.042934503524891365e-01,2.164042175299799031e-01,4.226546241165599627e-01,2.811448104992135821e-01,7.403311355150805628e-01,3.764530821640087455e-01,5.619378577925256968e-01,7.649292658792055111e-01,6.572514040119477041e-01,7.841584661236923257e-03,5.854005079208651763e-01,9.508968810934228522e-01,3.798639755118893846e-01,7.431694709049818659e-01,8.451184447636415076e-01,6.322061208833666957e-01,7.615850773613814795e-01,3.571998586023638067e-01,5.286055949858643466e-01,5.559616768151378619e-01,7.651432128825174095e-01,8.765205171532378658e-01,8.685075406572025092e-02,5.228237880331054743e-02,2.106872160102473690e-01,7.743171345833402830e-01,9.092118260362378468e-01,7.057805022228265113e-01,7.578295297251549378e-01,7.095983695156318771e-02,2.583209118161600704e-01,6.364228379889791398e-01,4.159977012748760639e-01,2.115441860884030301e-01,6.401216024327545107e-01
4.509590150216983839e-01,5.298901346972831883e-01,7.930622897376978786e-01,8.458006345233173295e-01,5.601108590663756992e-01,6.003418975150752734e-01,7.253184659187683625e-01,6.938791878127340551e-01,8.610890293908316506e-01,7.876698802585930803e-01,6.423313148156897245e-01,3.888592573551428733e-01,6.721311967681271593e-01,0.000000000000000000e+00,6.277256208660051406e-01,8.418365381442372009e-01,5.608098797029960059e-01,5.190281789634229037e-01,5.530332445504029248e-01,4.018342879400731427e-01,6.781307836668575284e-01,8.353432230418587068e-01,6.336556279504613753e-01,8.516729255389872133e-01,7.198007788957074826e-01,5.422310923931644711e-01,4.150419342334538131e-01,7.757624130807839746e-01,2.737728368859920769e-01,3.240755923195077770e-01,2.833166821007923053e-01,2.869123955154629368e-01,9.832717376240580620e-01,5.550092707455717145e-01,8.573994811555867290e-01,6.951768685989722085e-01,1.355173764128660419e-01,6.918457851536009562e-01,7.472260413722566774e-01,7.723262297163188128e-01,3.247627403269564561e-01,7.560167135745081701e-01,9.457558041679493543e-01,9.486681977155287937e-01,9.406689141506376917e-01,6.510139243774917261e-01,4.175194523527991919e-01,3.646903766535812830e-01,8.423022146743379679e-01,6.849690929885936530e-01,8.858021427733531183e-01,8.415090166701370000e-01,8.718928175331860375e-01,5.611774604493950935e-01,7.354284173664960012e-01,7.210373803423723027e-01,7.539857006303662956e-01,8.117750655643600766e-01,6.001758366068710160e-01,1.737635798022340861e-01,5.555941907308180605e-01,4.538803971733337828e-01,3.214740766437349517e-01,6.333637807252233687e-01,9.966083421079576787e-01,6.422452008703465332e-01,6.100682867332362092e-01,4.600670991314952385e-01,1.607492794373032718e-01,7.025039335439016153e-01,7.560829781435530750e-01,3.860948771618196163e-01,5.002106865976737593e-01,4.348842909557641967e-01,5.848780334366668887e-01,6.046178115258383778e-01,7.630834942478497140e-01,6.358581679426180688e-01,7.629174844131018096e-01,2.273386779299169658e-01,7.983799833612654773e-01,6.042238284546439520e-01,8.829094123126951521e-01,3.645663692328809935e-01,7.901099517345170353e-01
8.630418494088649695e-01,4.640112539303729022e-01,8.435545930659402725e-01,4.432493614041527752e-01,6.505259345360089318e-01,4.716580961305281705e-01,9.121722380110260930e-01,6.209789073968227102e-01,5.454040605078813719e-01,9.730082226521119537e-01,7.144173682227636935e-01,3.153495562707966382e-01,9.648755687959771343e-01,6.277256208660051406e-01,0.000000000000000000e+00,6.880740783076348954e-01,4.373511409190305455e-01,7.626940184497745800e-01,6.196934420755471074e-01,7.133681142109323803e-01,8.141268402534419524e-01,4.190777577496119788e-01,6.567516782074617199e-01,7.843464472050328817e-01,7.224795742949334798e-01,1.041774999718734912e-01,8.983377365307617657e-01,4.074981681213862283e-01,2.492556572917853930e-01,2.168212070868101859e-01,7.177074100379899901e-01,4.975597213310701261e-01,3.764215259420514714e-01,5.843904196911856586e-01,3.970303117511611024e-01,4.385391441122061806e-01,2.913694430428813709e-01,6.185241110972791168e-01,6.159068295217425826e-01,4.849227745534424594e-01,4.235550526493656043e-01,5.533158407507855481e-01,5.803947466185968018e-01,7.675067316302160991e-01,7.900432423337518939e-01,7.852703947509411808e-01,1.856913800089986799e-01,7.802845678431097332e-01,7.890071813156763758e-01,7.771178077789725469e-01,6.285927184263524481e-01,7.866915340993800854e-01,3.235730683139750319e-01,7.608579221778070112e-01,4.789676659773894202e-02,6.251526484699965192e-01,3.862359696882720073e-01,8.303073392936757280e-01,7.592470848574316422e-01,4.146499021616700809e-01,5.182162790850278755e-01,1.143992361679548909e-02,3.393090992903796677e-01,5.845452221684266370e-01,9.103103558945175866e-01,5.193885597336903581e-01,4.072503859589530761e-01,3.525627584099545464e-01,3.104016872375465752e-01,6.977112858463787592e-01,4.118068047142001697e-01,5.911170529730871426e-01,4.967104930051929323e-01,4.001831065012778077e-01,-1.970784905152325739e-01,9.543835649360108420e-01,9.729644635924323826e-01,7.205178304370468689e-01,4.574897276293325432e-01,4.815906492612271328e-01,7.082894147199972901e-01,7.032850671180952418e-01,7.494899676764459340e-01,-1.462281821906944723e-01,7.490612158062477377e-01
7.265607878230048167e-01,-1.801244350246456183e-01,6.854697996170751040e-01,8.758923527879161064e-01,4.160101351882262710e-01,7.638886351196281232e-01,5.589877222081919284e-01,3.419502604924332667e-01,6.680188295821068989e-01,-8.271093532559653516e-02,5.733787530160689982e-01,5.798256919721290759e-01,9.014103309847353307e-01,8.418365381442372009e-01,6.880740783076348954e-01,0.000000000000000000e+00,6.362780635771089210e-01,-1.693311101976013866e-03,6.733336424283514754e-01,4.059698034845251047e-01,7.354784897146294798e-01,3.764692158562412683e-01,7.997530100123417807e-01,7.161123343298309019e-01,6.050758323508378389e-01,3.274687225959588277e-01,9.770216615397697701e-01,9.888038271205017438e-01,6.316678338175604202e-01,7.562160168948139916e-01,-1.882044992802734684e-01,5.841125058667951953e-01,1.301985945109941090e-01,5.225016745653235928e-01,1.689137414165701179e-01,6.308641373966091814e-01,1.045213109449533717e-01,4.513342689555132070e-01,8.557505940892766727e-01,7.999249452807066785e-01,3.925552069837701663e-01,8.741696433923982212e-01,3.863134015640458108e-01,5.839603964647823720e-01,4.467696689095153051e-01,4.592483898341586102e-01,4.468928774089820366e-01,2.678742762502435149e-01,8.211190290277164960e-02,6.548257403983773761e-01,6.476502858543754515e-01,5.148354977799967092e-01,6.276909015213029130e-01,9.643283948811656181e-01,6.584241899187467384e-01,5.403746954496440047e-01,4.167382917025976852e-01,5.362072022933023208e-01,5.286507766345394099e-01,2.775406304185370487e-01,4.380498273969398726e-01,4.734634547635012680e-01,4.304007738227318969e-01,7.796501127808619369e-01,7.722365463618273695e-01,9.349800265350578510e-01,1.471309141950940536e-01,7.224408316620780646e-01,6.707661431056932688e-01,4.518748235611629860e-01,9.677963151538150344e-01,1.967800805755726967e-01,3.121416380834318716e-01,3.903765104202487901e-01,9.717746053812423845e-01,4.912124811146954539e-01,5.313898253165373342e-01,7.699113459325491737e-01,4.786725813831458898e-01,5.744811169243362325e-01,4.111035487954944334e-01,9.491904349382842554e-01,4.891034337946871258e-01,4.514354866246341191e-01,4.995882725712215144e-01
9.959497199265328060e-01,7.221431310138640702e-01,9.335979959194838917e-01,6.859902350572484320e-01,8.411330475524637640e-01,6.063887574941630998e-01,8.955646510519974512e-01,8.547474825755511096e-01,7.149024027566852624e-02,7.340668002659338498e-01,7.327854430897604576e-01,2.686678026916848316e-01,2.443827083871606964e-01,5.608098797029960059e-01,4.373511409190305455e-01,6.362780635771089210e-01,0.000000000000000000e+00,8.997129295468432320e-01,4.063523559462183798e-01,9.470886309652818413e-01,9.259060195154305006e-01,6.201267224133432121e-01,6.970938532449304503e-01,8.639315184689833060e-01,9.271708922385585305e-02,6.805374626114927272e-01,8.046624368301992236e-01,9.155286975969397778e-01,5.301663966776083425e-01,3.476109990094418123e-01,1.335446358009825807e-01,3.670939961414216857e-01,6.847447586439641132e-01,2.213826913284355491e-01,8.080178041509291642e-01,4.718787065625166810e-01,5.123687665785273682e-01,7.666173640069086082e-01,4.617201005700847238e-01,8.956853210001114451e-01,5.242245000520479037e-01,8.584130795082394183e-01,4.578429317508257990e-01,6.821556929103123057e-01,8.151634678924477573e-01,7.953224066793536107e-01,8.612529512316305924e-01,7.917094138394076275e-01,7.393478200376160103e-01,8.408114446615726489e-01,9.112109074985496049e-01,4.564672994339967760e-01,9.699119508307870730e-01,5.411756229020274755e-01,6.272684910619744647e-01,5.667564848876054384e-01,8.274665992545708892e-01,3.931440622564288390e-01,6.220724429102969522e-01,6.610043460558412409e-01,7.635686479574579355e-01,4.212478081152714049e-01,5.407412561628589520e-01,4.457429427340344197e-01,7.491816524178026571e-01,3.820760720105246255e-01,6.661126919401911817e-01,6.581248969861340781e-01,7.490758748028274461e-01,6.015391019215904356e-01,8.608913575662859863e-01,4.544192360602577474e-01,4.080275685237805816e-01,2.985289320230819499e-01,3.144093284169391378e-01,9.356330281415545791e-01,9.823063637972856421e-01,3.918903381330384184e-01,6.174339281608363095e-01,3.961624009441486738e-01,4.373296069366597871e-01,9.760924384129776588e-01,4.947456036760536358e-01,4.171176937930802797e-01,5.927187809758760473e-01
7.946430054529307618e-01,9.045598121822722160e-01,9.584652926624803726e-01,6.347963196233135097e-01,6.925418292052838432e-01,5.584483251727134778e-01,3.877645956960857898e-01,8.771353732518594182e-02,1.457128307059067651e-01,2.157455959935916934e-01,8.106065679488022591e-01,6.599512504324568374e-01,9.220315123907597554e-01,5.190281789634229037e-01,7.626940184497745800e-01,-1.693311101976013866e-03,8.997129295468432320e-01,0.000000000000000000e+00,9.362380202492323056e-01,4.247439151541430036e-01,8.458341095432284629e-01,7.676980825104083861e-01,6.136739297960098760e-01,9.717674251621254422e-01,2.257857068580197413e-01,4.191701114992774091e-01,8.567197596646094482e-01,6.857773850504078617e-01,-9.734916682481069283e-02,5.624575396368478725e-02,2.263219782930280810e-01,4.780640969457834455e-01,7.097666181063205793e-01,5.368187135111650576e-01,6.473161231496230572e-01,4.683962356933704663e-01,3.976168220141348408e-01,4.058733161518850441e-01,4.523348076168816623e-01,5.211547748685890769e-01,9.702198626570378570e-01,5.875087999700232544e-01,1.214028258610008737e-01,9.225750494728577333e-01,6.783104778095999654e-01,6.889780580132808252e-01,6.545020281922271366e-01,9.279499012598101393e-01,9.669915741273387155e-01,7.755956183832735107e-01,7.358932454829297809e-01,4.573260881007680245e-01,3.441161595238836912e-01,7.784035338118381331e-01,5.437667911989503278e-01,7.433900274584863688e-01,3.791462376624127328e-01,8.906102576298480233e-01,8.693789575372015133e-01,6.636213933314294433e-01,5.483699435721238746e-01,4.529446455014005668e-01,7.720619367939376421e-01,4.176401452026363148e-01,4.901505481698462674e-01,2.529403870811829380e-01,6.537164835443645128e-01,7.376757011053249879e-01,6.693530162091163582e-01,6.270553646738196152e-01,9.084926447889486445e-01,2.453418161803161968e-01,3.854761912044981642e-01,4.125239840223851040e-01,6.186153506172107353e-01,4.301316131156470712e-01,8.646133340890079788e-01,4.897232766069349874e-01,6.997590341534093428e-01,3.600618337243358669e-01,1.369854488133418480e-01,7.567589468290758514e-01,7.657800763544148070e-01,3.119490811802858032e-01,2.520895981062498681e-01
