0.000000000000000000e+00,7.079758781890741481e-01,8.953177521311983522e-01,4.694984577249124436e-01,5.273981346543719084e-01,9.129720974846855519e-01,9.530577883632213032e-01,7.914571435815727085e-01,8.470840852752593575e-01,9.576918665176756829e-01,9.447696687262376880e-01,2.281135188433421335e-01,-1.427635707957319866e-02,8.562341896340599501e-01,8.881281949821111521e-01,8.990756064238004663e-01,3.377073302038613445e-01,4.401539245500536990e-01,5.732732909728561754e-01,2.320066978341306929e-01,7.689436090323654716e-01,8.294544700099780732e-01,7.051318607646076542e-01,8.073805003442906525e-01,9.076792483694773317e-01,7.692656166479646673e-01,8.784077943974385461e-01,8.368729259606482174e-01,3.806912866838192411e-01,1.104930089656986358e-01,1.894394975512862789e-01,2.437926679252612749e-01,9.507732463519792399e-01,9.896709693216352299e-01,9.283690487341167419e-01,5.223616325707070018e-01,4.629616420119005427e-01,5.624431838820895813e-01,9.509415431700808385e-01,6.341524780952606521e-01,6.011394537013693418e-01,9.285501925882841956e-01,9.941205508270468671e-01,9.765064508094507545e-01,7.685471967878484412e-01,8.420820057663891411e-01,7.078730936189738809e-01,7.390010392198564926e-01,8.622158304938125628e-01,9.641921326175456608e-01,8.025817225404031641e-01,9.080077487714413031e-01,1.678224207082803510e-01,8.056199801078689493e-01,7.765630880612371945e-01,5.176258592289262328e-01,6.987600417537479514e-01,6.515534318867545194e-01,6.061179248786725537e-01,6.965088244131721895e-01,5.841547406892473315e-01,4.787111473304847542e-01,5.449573198641005645e-01,8.536993915051390713e-01,7.547240318712459262e-01,4.878449389853386498e-01,8.686739828197713731e-01,8.289628555614442229e-01,7.584625690691688682e-01,7.040338927506344380e-01,2.528811065008854664e-01,7.179273446318624741e-01,2.465730215401309988e-01,6.232643217649219691e-01,7.474809746655231013e-01,5.667135692301580319e-01,5.209404018290688665e-01,5.334384167117569575e-01,2.126560481892360022e-01,3.808241645737224790e-01,6.673993509663138646e-01,8.645110454058538840e-01,7.699599529741154580e-01,2.211266219444151249e-01,7.069242366056438520e-01
7.079758781890741481e-01,0.000000000000000000e+00,9.511893023410382675e-01,6.859550741411707397e-01,8.393906967118283102e-01,5.734442927661580480e-01,7.410900774724513695e-01,7.237761314725533746e-01,1.270655228731723263e-01,7.413955396538728371e-01,3.558034328021047465e-01,8.369433329070514738e-01,8.154093805302214948e-01,6.075627839397892416e-01,4.303777129545760527e-01,6.269654027886903958e-01,7.947666823961612170e-01,5.321887777857468027e-01,9.220942015099065081e-01,8.505829508891354918e-01,6.836114680190948922e-01,3.008093820961350584e-01,8.876990177064063570e-01,9.695322876806974355e-01,3.478126812575811355e-01,2.781552262814904752e-01,8.662073822525053757e-01,9.972578681541905965e-01,5.653722910152119141e-01,7.911665770693263600e-01,4.858332822458899525e-01,3.020602696481967109e-01,2.576839759042445777e-01,-4.551335456161090254e-02,4.942365044269696472e-01,4.303174147191847210e-01,4.511278177629153840e-01,5.863389207226673561e-01,6.680615824174849227e-01,6.578458655272239053e-01,-9.089503110615286541e-02,-1.959108146627037139e-01,7.326143146606183265e-01,7.152124752032794630e-01,8.405662996851628321e-01,5.312555252086889057e-01,9.236123193445540114e-01,7.414014520233067618e-01,-9.920409876653880910e-02,4.387958672986411734e-01,1.965245804658866113e-02,6.894165170381372221e-01,7.811360982236421613e-01,6.322409438600123943e-01,4.681771206892479387e-01,9.097965504192971897e-01,6.834193619923752960e-01,8.488196104748264581e-01,6.154947673719735057e-01,5.990499615126123611e-01,5.554893277962779097e-01,5.896706047240329873e-01,2.801388825845555486e-01,8.777281463645794091e-01,4.158569241394249882e-01,3.869791347913450474e-01,6.473161683390169507e-01,8.352628178550760563e-01,4.948633496811947752e-01,3.863220045111480649e-01,7.652531385498040351e-01,8.869730940673269393e-01,4.571099118138382544e-01,2.660769108651429016e-01,1.702541040062613975e-01,9.810408873377468586e-01,8.136612320732740100e-01,6.562968245974172277e-01,5.537338849538241403e-01,4.558691345600544009e-01,5.865956203623989840e-01,6.950181882066732708e-01,7.138920359016083239e-01,2.917161226813975716e-01,5.579021374088529717e-01
8.953177521311983522e-01,9.511893023410382675e-01,0.000000000000000000e+00,7.593413795569703417e-01,8.879131491293930090e-01,6.794120838370381055e-01,9.190108954497344662e-01,6.808466872853016216e-01,6.299356133385861645e-01,7.533192753291276800e-01,9.608924923722109712e-01,9.236564230318967672e-01,9.348607655028083885e-01,6.013900356670270897e-01,8.797139991570835926e-01,9.777937168632490073e-01,7.300464980100974666e-01,6.566727427844473164e-01,8.711903494671164871e-01,4.800818050532688619e-01,5.259560885153734544e-01,6.787746517310155880e-01,9.309393449917580110e-01,8.948889617781752293e-01,4.460890588397575240e-01,9.078046335327172311e-01,5.908624116908942625e-01,8.353423095515991603e-01,-1.773895131605251474e-01,5.191715805721328625e-01,4.680920396735835376e-02,7.090961620325844095e-01,7.116595297927410524e-01,8.416013722074945358e-01,6.369072569662799221e-01,5.162875492703762337e-01,4.465335429774684034e-02,6.449581032565498973e-01,6.816586478424421225e-01,4.580426850733732569e-01,4.337614872540157540e-01,3.548207753236279904e-01,6.438848613600051118e-01,9.733959089679897758e-01,9.871820731996451270e-01,8.468185920122007770e-01,9.362033137683738460e-01,9.305931036737350448e-01,7.067246033944967198e-01,8.412705698014175670e-01,6.690142380228624175e-01,8.983644942441804115e-01,7.491048621952232089e-01,9.733791566103526804e-01,4.570317771854285893e-01,7.390668574268506319e-01,4.100409150857378671e-01,6.464085187093266960e-01,7.055162789533645507e-01,3.519560984178581320e-01,5.214067955852351721e-01,4.152223662066208965e-01,9.358408045889052840e-01,9.593422434654832465e-01,9.799400556871885604e-01,6.907038334216180075e-01,6.900204486365920653e-01,8.800719570904262934e-01,9.124558933290792817e-01,7.525110448290049936e-01,7.577493029845370209e-01,6.721963315601444666e-01,4.651540017950118733e-01,5.779474983459034210e-01,9.279270955345926275e-01,4.440105504037828443e-01,9.481224199408992970e-01,7.026610219709917837e-01,4.038417512892178984e-01,3.572145579466139975e-01,7.272413199946622386e-01,4.580177664544740623e-01,9.632322957352115189e-01,8.319255290284638393e-01,7.449113505804473290e-01
4.694984577249124436e-01,6.859550741411707397e-01,7.593413795569703417e-01,0.000000000000000000e+00,6.989446571602403457e-01,8.124883705311377602e-01,6.693122296487983292e-01,5.927497249207249741e-01,4.793055948372246244e-01,4.652141835398934111e-01,7.362211280298924798e-01,9.554048029968487121e-01,9.640788581767023580e-01,6.140102942141707487e-01,5.262157224087958829e-01,4.473166316332067849e-01,4.738404599793764049e-01,9.598763604071028910e-01,3.960987282229249534e-02,4.325053626755923641e-01,6.408755660611276106e-01,7.166967726810230532e-01,7.087754808197372913e-01,9.331590046234687907e-01,4.106282379895849766e-01,7.876363836908530924e-01,6.815885470960174608e-01,2.980637886271980119e-01,3.766799554209910098e-03,2.995713914586227156e-01,5.628150415509433069e-01,-4.295615682631134247e-01,8.614028549928405276e-01,8.331607962964300285e-01,6.952735224645956169e-01,2.247728037142052715e-01,7.838799481903623023e-02,7.554293131160061403e-01,6.843644168617725176e-01,7.075262034510634290e-01,7.559027376216584937e-01,4.353100335640585072e-01,7.704770907764970644e-01,7.984350759608775938e-01,7.431839927493425479e-01,6.574078494182153953e-01,5.187986025331697837e-01,3.489067176199635023e-01,4.331884274247612687e-01,6.559720642616650998e-01,4.891164952399915666e-01,6.444932038653292672e-01,7.602351184118629757e-01,7.644762925369031903e-01,8.694938862635479548e-01,9.591498091164707418e-01,4.271323995371408833e-01,7.619180364481844547e-01,9.362593674654973164e-01,5.885513993543116662e-01,3.516798311349205175e-01,2.251868798478100578e-02,9.817835427036869511e-01,8.210095214365283889e-01,8.999866686597837173e-01,1.834360342189139681e-01,6.975413258676598227e-01,7.063562935077981608e-01,4.493227560302867629e-01,6.804830251884043113e-01,9.601652949127550407e-01,8.139348610933302419e-01,2.714073691294401902e-01,5.565603383363402212e-01,2.507104308107666601e-01,6.558964690291135824e-01,6.274421436876888025e-01,3.584763694087837460e-01,3.413745938361391064e-01,4.974818643037036692e-01,3.907983911258370302e-01,8.512227865453485531e-01,2.537948156567348956e-01,3.943856940828976976e-01,8.027357199752249706e-02
5.273981346543719084e-01,8.393906967118283102e-01,8.879131491293930090e-01,6.989446571602403457e-01,0.000000000000000000e+00,4.366350165825878538e-01,5.305184179456076121e-01,3.687682281917142868e-01,7.113532333067630331e-01,6.397676302679018434e-01,7.433703262938273770e-01,6.534769132582404216e-01,7.942901352626884348e-01,7.018727145832274195e-01,2.000597325743236898e-01,5.898578590169014646e-01,2.016596349711554381e-01,7.591419341444072266e-01,9.983890021207361132e-01,9.175920081119330884e-01,6.676108754348095697e-01,1.288486958755294676e-01,4.374217630384147348e-01,4.818997616640413040e-01,7.446062352892153235e-01,7.364018589487932864e-01,6.814690788435778801e-01,4.639323159681630893e-01,5.544914170783720175e-01,-1.613331307239364854e-01,5.462346832139715058e-01,4.712291954969461960e-01,7.599234167614664637e-01,4.486629525139841923e-01,5.535750777427562719e-01,3.755083131350195336e-01,1.326782721262783349e-01,2.694770961198798553e-01,8.352258143545246982e-01,6.029158993954404355e-01,3.294766964702799950e-01,7.972687504866806663e-01,7.851103731639490491e-01,1.912533521507386869e-01,8.527713560283471939e-01,6.989604722830518035e-01,2.186027631575706842e-01,6.506383989927335687e-01,5.942649961780896994e-01,5.879462200913049275e-01,2.423153078320395837e-01,5.067789845269589089e-01,6.039252879983529887e-01,4.410908659839045676e-01,9.551698293544081952e-01,5.188014441481433314e-01,4.341314059514176371e-01,5.467276435619157215e-01,7.493718948746490582e-01,1.577609994472769506e-01,6.803443202131053136e-01,2.592865013130657981e-01,2.342254261575794083e-01,3.966554080648184710e-01,9.326259025408718539e-01,5.459196552778888822e-01,5.282566903796706015e-01,6.888788037249712337e-01,4.960754032317704620e-01,3.624841489175834042e-01,5.450546353048159043e-01,6.751023923814477579e-01,2.799052276143607770e-02,2.223983392480179677e-01,6.634184061479118100e-01,6.436026089157109720e-01,8.859573075535632780e-01,5.933990925871706068e-01,4.678297901378889456e-01,1.302885858016908094e-01,7.017724232123203620e-01,8.074199686680151311e-01,9.532464415544530389e-01,4.179055257568127790e-01,7.844795137008035990e-01
9.129720974846855519e-01,5.734442927661580480e-01,6.794120838370381055e-01,8.124883705311377602e-01,4.366350165825878538e-01,0.000000000000000000e+00,7.950839959137350199e-01,6.202389394724646676e-01,9.121686491938655328e-01,8.033908805710987533e-01,4.348051480549914305e-01,2.295325202184444746e-01,8.567826780342842063e-01,7.404181127817972552e-01,7.148327007237487846e-03,4.862157859599621212e-01,6.195885529446237827e-01,8.606252689683637769e-01,7.484880281131079949e-01,6.899117850405751540e-01,5.584749654554889142e-01,4.110409058181952457e-01,9.156648066935180186e-01,5.675866556173569943e-01,6.898444271119950066e-01,5.763102037093378316e-01,7.713075930230953725e-01,5.829257044193216775e-01,5.343124681729856107e-01,3.906999863773275537e-03,4.888728026555332340e-01,3.441578841027959079e-01,7.006251370927709665e-01,5.356735339522448180e-01,3.113716547931714707e-01,2.575000343913592671e-01,6.613703910277918263e-01,7.797318701210684821e-01,9.689862851776900321e-01,8.532922332978043478e-01,2.659338583955130897e-01,4.343023451290909942e-01,6.694796282033598223e-01,7.063324671094950435e-01,7.651520412046147745e-01,8.051084599662977626e-01,9.362648790246320685e-01,4.705485235070215322e-01,3.143802487565764414e-01,3.027665387042787204e-01,7.112859494166500207e-01,7.485174539095774682e-01,7.476702177994530851e-01,5.814087352557764099e-01,7.226399277477351113e-01,7.741143764743932953e-01,-6.334862217387374206e-02,7.545556691891834866e-01,8.888202218129366283e-01,6.536323472737255447e-01,2.723434908490937056e-01,5.158857450552835067e-01,3.090498679137754223e-01,5.045823951640019400e-01,8.906541925203614873e-02,3.838179839805361260e-01,6.470491537789337944e-01,8.883672806023580337e-01,5.111939489362005151e-01,6.302081333760007897e-01,5.266493979509989654e-01,6.719594062780527288e-01,7.802109840467955637e-01,2.982672185198000370e-01,5.671376706083751662e-01,9.752868702378688637e-01,9.339161631975920752e-01,7.640083479952148870e-01,5.996846944763920551e-01,6.262279647853030706e-02,3.523575721752645329e-01,4.369859991428792223e-01,6.826016423050212945e-01,4.980921576092063319e-01,5.703204335143630122e-01
9.530577883632213032e-01,7.410900774724513695e-01,9.190108954497344662e-01,6.693122296487983292e-01,5.305184179456076121e-01,7.950839959137350199e-01,0.000000000000000000e+00,4.820532816992958436e-01,2.051771629840778433e-01,2.400257071225554983e-01,5.664233077088658419e-01,2.589356213376459714e-01,5.207093751103942791e-01,4.993369455671025081e-01,4.856948209464198585e-02,7.010934757681390739e-01,7.496174804648867429e-01,7.568150143122088780e-01,7.697713159982852993e-01,7.488245836285949419e-01,6.806649400708731923e-01,4.383270703708848082e-01,1.861705064500944196e-01,7.545168979675698218e-01,5.786421549755302873e-01,3.726525519152770194e-01,6.892312714097582615e-01,5.254840553088064858e-01,5.483431395580542489e-01,2.611361233365845358e-01,5.693165353652684946e-01,3.757670502422699732e-01,5.961371696234351036e-01,3.072779448826309379e-01,7.388819606481014102e-01,3.973320353945567485e-01,1.387850887412561962e-01,2.672283872233469637e-01,9.785216531863762945e-01,6.314180854055099212e-01,5.543516472141044593e-01,6.034698495165381482e-01,4.163745950469385226e-01,5.200343834282719069e-01,5.808809151028809792e-01,3.178315793716317006e-01,5.194005907321483928e-01,5.683288495011082908e-01,5.151204192288152406e-01,4.891136693464877561e-01,7.630562041679811447e-01,6.825000357920052441e-01,7.255514664250869439e-01,7.601394881654687241e-01,8.898029308595036824e-01,4.120388368838842075e-01,3.569331500252739264e-01,7.671743551895935376e-01,5.012891589816811377e-01,2.958836645073691374e-01,4.131804559338714267e-01,4.941992377768733569e-02,7.400094040693934172e-01,8.623860270696757091e-01,5.881647689452119687e-01,6.996310515907430139e-01,7.673360405689548802e-01,6.972009086361367070e-01,5.803028043983476936e-01,3.453763208866903467e-01,7.918540420704697214e-01,-1.530236218200973219e-01,4.053883533988235088e-01,6.202948467133626714e-02,4.969011824544812828e-01,4.140354122611641929e-01,7.503185275852881642e-01,3.133220168053502674e-01,2.515153625212883659e-01,1.994848301226521958e-01,7.640166462643639411e-01,9.087069552708448850e-01,5.807940682438714752e-01,5.775585912984219084e-01,6.592541561055222932e-01
7.914571435815727085e-01,7.237761314725533746e-01,6.808466872853016216e-01,5.927497249207249741e-01,3.687682281917142868e-01,6.202389394724646676e-01,4.820532816992958436e-01,0.000000000000000000e+00,7.592955437541002439e-01,7.857724781618099508e-01,3.488005026578107071e-01,4.688586371157347221e-01,4.757759058620280035e-01,1.008941915675016232e-01,4.715746654088956435e-01,5.851833994121844462e-01,4.036544918877865706e-01,5.600532465204385302e-01,5.118301612405951051e-01,2.788565867987107261e-01,9.433898683466420687e-01,4.260887896187346563e-02,6.658715981012558460e-01,8.080291721992575171e-01,6.609179490530905365e-01,4.037748071047659870e-01,3.090020120489874178e-01,7.798818180515555420e-01,3.083042103000788181e-01,2.031708557588713659e-01,5.073687620976244927e-01,5.606324596504751456e-01,2.605758883244747581e-01,2.934253415971904699e-01,6.164168804991365658e-01,5.224883779742395696e-04,2.153933426799286843e-01,6.545037881030146831e-01,8.122743498697633235e-01,6.741870502164138967e-01,2.779505177788197390e-01,2.281157973927160909e-01,9.548127014154668135e-01,6.164857109193817575e-01,5.775245937470810942e-01,1.873125685091824311e-01,6.738743603053216624e-01,6.831302323300558754e-01,4.833560798479775711e-01,2.296692659442454432e-01,6.704582577319244674e-01,8.577602425667918418e-01,4.685331312407668980e-01,9.179344154949075074e-01,8.612836196675905942e-01,5.329987570071951231e-01,9.871370123922666995e-01,7.189478753820889301e-01,8.471270599759131992e-01,7.563510618410420605e-01,2.151121730742458493e-01,5.133915806508940749e-01,5.871547118175975966e-01,4.475537221593971493e-01,7.360775210671511859e-01,6.208973795234283832e-01,7.486375485759311221e-01,7.479184286499356293e-01,5.545365516110719595e-01,8.994125780003195958e-01,5.406857306028898247e-01,6.211582103738291227e-01,5.360931744788299813e-01,3.196961944051588400e-01,2.862080996661184873e-01,6.776430970790620067e-01,3.790163703210304158e-01,7.510211680637017828e-01,2.128587521480245770e-01,7.714319908414528637e-01,6.424302047743983834e-01,9.037142172078037605e-01,6.103291661928177403e-01,5.612036948737376685e-01,4.502673202938398123e-01
8.470840852752593575e-01,1.270655228731723263e-01,6.299356133385861645e-01,4.793055948372246244e-01,7.113532333067630331e-01,9.121686491938655328e-01,2.051771629840778433e-01,7.592955437541002439e-01,0.000000000000000000e+00,7.697464000885455571e-01,2.154056308655961371e-01,6.930136648925357967e-01,6.998157675080947104e-01,7.212442831938246091e-01,5.746471700607078681e-01,5.487627578697101827e-01,7.490584340514229167e-01,6.572641477036311741e-01,6.930784052162589082e-02,9.340871140599181777e-01,9.511658250867753850e-01,5.737517601813326706e-01,4.867394861006620888e-01,7.202479320466389501e-01,5.185879878817782895e-01,5.180349186190651434e-01,7.806694319848314079e-01,2.979901622065950773e-01,1.130305949295702488e-02,3.292101272769436537e-01,-1.931326697783186386e-01,6.014835078921484390e-01,6.470839939946377850e-01,5.709175687984087144e-01,9.160035538024970947e-01,6.234803971844682380e-01,3.234072060486994915e-01,4.232183076950639111e-01,9.928912696281629868e-01,7.772591180210706163e-01,6.811138430208128758e-02,4.991102797539030966e-01,3.700827372059325437e-01,8.144748592364953188e-01,5.383391255389419205e-01,5.409495151773995314e-01,5.856000125398048706e-01,7.103623420113241993e-01,6.035166255547514957e-01,5.400342273813562022e-01,4.929634307755165756e-01,3.311490986357402688e-01,6.904855428816225604e-01,1.069656948909943478e-01,6.736596784597992382e-01,6.671920903226631339e-01,9.655511783405844595e-01,6.993394516836353159e-01,6.844299978964734077e-01,6.533459166432590282e-01,5.390910334701085604e-01,5.140194256928928285e-01,6.265491795972517597e-01,8.844922194551543271e-01,9.671436964864845720e-01,1.903335900000149850e-01,5.256680965237443548e-01,6.379623249944490482e-01,2.795399995610090005e-01,5.060003213925093890e-01,6.320162172738238437e-01,6.442115792242690819e-01,3.264006934241700519e-01,7.504545881896343973e-01,6.976725764137485797e-01,7.232331973967014160e-02,7.995821818111674695e-01,6.731637869698380294e-01,3.300018382808455053e-01,4.190233493760597283e-01,3.860970410841060296e-01,2.528222252683235416e-01,7.955489275537650506e-01,7.532348462951440338e-01,9.291351590444434372e-01
9.576918665176756829e-01,7.413955396538728371e-01,7.533192753291276800e-01,4.652141835398934111e-01,6.397676302679018434e-01,8.033908805710987533e-01,2.400257071225554983e-01,7.857724781618099508e-01,7.697464000885455571e-01,0.000000000000000000e+00,7.698713760238439230e-01,4.250531690865000933e-01,7.177054259611305165e-01,5.828939004473003838e-01,5.808495102243422803e-01,5.443778531231233675e-01,6.196124954826163211e-01,6.723453124497880129e-01,2.064087764362117217e-02,9.359222686239183631e-01,2.821958732111255475e-01,2.002514633073425865e-01,7.403541856810400557e-01,7.074751787982547224e-01,5.572005459976938635e-01,5.910378248792302891e-01,2.357646657301792625e-01,8.144015837489088083e-01,-1.065356454573229694e-02,7.726509155386438454e-01,5.885239225716589750e-01,8.572104674741165553e-01,5.316757715625286540e-01,9.638245115086319093e-01,7.161014686584098454e-01,2.765057507671405679e-01,1.500270327097251721e-01,4.182286518692884814e-01,3.265231468984955976e-01,9.672495508159757449e-01,6.279161992012500804e-01,6.678084722394758144e-01,3.393435690374319025e-01,5.054145638721493361e-01,2.646377555997390107e-01,8.492225396277688354e-01,8.988543028816984304e-01,2.113641571059122204e-01,4.675836039235785058e-01,5.623952713059432451e-01,7.729499115583957636e-01,4.587225569724353025e-01,9.560382572986226846e-01,7.837571218896102199e-01,6.667203624323545519e-01,7.816597405357340600e-01,9.140866111147731843e-01,7.033220314226122927e-01,7.676576459822500587e-01,4.424517982525105059e-02,4.721574560015359689e-01,4.420793028671592406e-01,6.544488414143337929e-01,6.058316748541815455e-01,5.662291118923131750e-01,-2.993207061049926732e-02,7.615612119703614180e-01,9.649237849401597344e-01,4.306313377931073605e-01,6.028582055376179305e-01,6.159896247055717255e-01,3.865765547440763727e-01,6.393917913240956818e-02,4.787561046137951970e-01,7.953688270967849139e-01,7.494463271228223311e-01,6.491074357161942254e-01,3.255879387699582850e-01,4.502250598300530093e-01,5.977841904187312094e-01,5.940440188298472535e-01,5.112347908083029191e-01,7.532201343626239165e-01,6.571957440079967405e-01,7.222708259557681920e-01
9.447696687262376880e-01,3.558034328021047465e-01,9.608924923722109712e-01,7.362211280298924798e-01,7.433703262938273770e-01,4.348051480549914305e-01,5.664233077088658419e-01,3.488005026578107071e-01,2.154056308655961371e-01,7.698713760238439230e-01,0.000000000000000000e+00,5.702477227653379721e-01,7.343150159674154409e-01,9.220106778336185638e-01,5.472623224764463501e-01,8.841358175857799706e-01,3.675697732697353892e-01,4.226210790513349469e-01,7.762997874025064915e-01,8.373457504388457373e-01,5.957047425437010935e-01,7.849651829417270132e-01,4.011634526775812448e-01,6.335079934477932939e-01,5.319560222071679778e-01,7.799961175576102246e-01,6.009886424681734063e-01,5.551832243996464022e-01,5.572492939759527975e-01,5.245166124761427850e-01,5.544430709369823074e-01,6.905653729669058993e-02,2.997080773714325685e-01,8.692921779357156709e-01,3.200863227726295501e-01,5.347993954007379536e-01,3.271562459853685073e-02,2.374732890608032276e-01,9.134447713557437565e-01,3.965008480047746975e-01,6.971858220947760865e-01,5.202981484501386644e-01,3.021543093049882667e-01,7.466749231053535496e-01,7.717929155757132786e-01,8.969158029810415655e-01,6.318725333140903233e-01,2.216980612596410605e-01,7.125353184056599787e-01,9.685233602173815015e-01,7.510690117512237585e-01,8.535480037090390493e-01,4.127849066121079824e-01,6.793055685705128299e-01,7.278208687082732276e-01,6.618167466703084312e-01,6.114321812231445774e-01,7.418872007843222427e-01,7.423855425437738687e-01,3.148441512624921002e-01,4.961209358971175321e-01,2.158437666077235861e-01,5.544847190725429309e-01,8.613607849191174948e-01,9.388663468004248003e-01,1.655013810037077870e-01,7.146329543809584184e-01,6.422777033871857055e-01,3.750429793968718117e-01,5.447801976554830228e-01,7.585263573734333242e-01,4.567717980934701827e-01,4.561285390444567711e-01,-3.304599918419939275e-01,5.416715761887624936e-03,7.621433830177881674e-01,5.466915905497091721e-01,4.050588696319213367e-01,4.315588418749846666e-01,3.302105865524801454e-01,4.320593320555333738e-01,4.007301110489160934e-01,6.016926397211167510e-01,6.478416154392196979e-01,4.612565633984668789e-01
2.281135188433421335e-01,8.369433329070514738e-01,9.236564230318967672e-01,9.554048029968487121e-01,6.534769132582404216e-01,2.295325202184444746e-01,2.589356213376459714e-01,4.688586371157347221e-01,6.930136648925357967e-01,4.250531690865000933e-01,5.702477227653379721e-01,0.000000000000000000e+00,5.204770249072203647e-01,6.446610232882223901e-01,6.643313557971003425e-01,7.215462517430205613e-01,6.877060940331368721e-01,5.024639610382991561e-01,5.719111489662378478e-01,8.968960579752898177e-01,6.448905521292999099e-01,2.050721612754226597e-01,4.844519861283538287e-01,9.162859592701294575e-01,2.168556113352219095e-01,6.899181675386938384e-01,7.465337267414217104e-01,7.049908187750809629e-01,2.036410497334897596e-01,3.484167909647152284e-01,4.030997371480655733e-01,2.598825191669648094e-01,4.662551262120700479e-01,7.500772456631330520e-01,4.658217176497766454e-01,4.895347811459269671e-01,7.518989743259489877e-01,5.788463166205948252e-01,8.479103044759978003e-01,5.956771745099769255e-01,3.781646727104908678e-01,4.819062861547172005e-01,7.845567423352655112e-01,1.336073840044826599e-01,7.221322617647214503e-01,7.719050766398888319e-01,4.052024196533304812e-01,5.621229580306932316e-01,4.788679991528865809e-01,7.009984749062908582e-01,4.147386743643682316e-01,8.525567207397970471e-01,6.026689702481174971e-01,2.859160826688855184e-01,8.744012436829698975e-01,4.589226448530857039e-01,2.818025481960306777e-01,3.470088144624038362e-01,5.418334912605570208e-01,2.345151704061300413e-01,6.436674220344212882e-01,7.367297971696569192e-01,7.461825976929635784e-01,8.383274212917787294e-01,6.511623407745575909e-01,5.419529967249813174e-01,9.784806298480319686e-01,7.904938248279115287e-01,4.537614816458090394e-01,7.380676564741600609e-01,8.254298873595680153e-01,5.720920731475830356e-01,2.622699164452855225e-01,3.173831385398645510e-01,5.498035590468334233e-01,5.108276215510058060e-01,4.093717730396698173e-01,7.095327346853410599e-01,5.900754335863876987e-01,6.279194146970143997e-01,5.326798257463809527e-01,6.334652735903928411e-01,6.319911235184160203e-01,3.619162128015284141e-01,6.709416595924487803e-01
-1.427635707957319866e-02,8.154093805302214948e-01,9.348607655028083885e-01,9.640788581767023580e-01,7.942901352626884348e-01,8.567826780342842063e-01,5.207093751103942791e-01,4.757759058620280035e-01,6.998157675080947104e-01,7.177054259611305165e-01,7.343150159674154409e-01,5.204770249072203647e-01,0.000000000000000000e+00,5.799784546928226092e-01,9.279313453119405475e-01,9.666953397626576461e-01,6.884851579233927099e-01,9.541119605637973233e-01,9.826287202188275227e-01,7.670348507864929166e-01,4.846967921850313665e-01,8.006573907342690033e-01,6.482203194464698504e-01,9.290033323147693922e-01,4.062072867250567931e-01,9.912835757628014610e-01,8.364286079475150570e-01,8.837083231909851344e-01,2.569326219240184450e-01,6.375076111733368744e-01,2.628656801878698768e-01,8.932971777243172706e-01,7.517103122012995797e-01,8.651945590834964062e-01,9.812953450960431034e-01,4.670464542861271218e-01,4.949677484297603236e-01,5.402206155991202685e-01,6.530087357428843164e-01,8.730104452950189220e-01,4.833862659091853198e-01,5.288249028723108758e-01,8.517122490638152632e-01,4.148365938796890195e-01,8.851576615602855247e-01,6.726138916790840305e-01,8.369795095343940394e-01,6.985811296128958681e-01,3.816827146919907765e-01,7.442672878978805473e-01,7.658248741661404235e-01,9.383126551351065325e-01,8.085613784631724421e-01,6.122004594436148972e-01,2.632952518634774641e-01,5.580863883851053808e-01,7.977777413490640956e-01,7.333007996505148673e-01,5.162974004858973398e-01,3.680025527802075480e-01,3.200715600263731031e-01,5.736400527589198273e-01,5.695807130614665148e-01,9.575025987295167074e-01,9.570977160269735773e-01,6.518679897310777349e-01,7.687096815646206061e-01,7.898536560232571890e-01,6.715546933123197615e-01,3.837462537028831777e-01,4.331490355899385580e-01,7.415357185038453647e-01,5.475563389997812891e-01,2.591712726322454863e-01,-1.352519836998516967e-01,5.106953826552503850e-01,5.125639170798205191e-01,9.584396250269286988e-01,1.925668530915386478e-01,2.594019797836969454e-01,6.308583838718261338e-01,7.818486355880261973e-01,7.918921789004502720e-01,3.756880091674026367e-01,5.732845629850991109e-01
8.562341896340599501e-01,6.075627839397892416e-01,6.013900356670270897e-01,6.140102942141707487e-01,7.018727145832274195e-01,7.404181127817972552e-01,4.993369455671025081e-01,1.008941915675016232e-01,7.212442831938246091e-01,5.828939004473003838e-01,9.220106778336185638e-01,6.446610232882223901e-01,5.799784546928226092e-01,0.000000000000000000e+00,2.157682591702034247e-01,5.739114967110613419e-01,7.884506850840330427e-01,9.442448610525564501e-01,8.765216438691285639e-01,7.953012244103175865e-01,7.542147842370824362e-01,5.585904536682066990e-01,7.859399305601850738e-01,8.703675689879828425e-01,5.614338731024708373e-01,6.840602353430230709e-01,6.986760588279073980e-01,5.707002598905457358e-01,3.859796033152603778e-01,4.413342363079538200e-01,3.773922884598179261e-01,3.712346261021409743e-01,6.200657969811045334e-01,6.307205589132177659e-01,6.903699403774481436e-01,2.204539457492864576e-02,5.137787736912581282e-01,7.708459829901465055e-01,6.990210912023517853e-01,3.839402545667948141e-01,3.112010912824862974e-01,6.373376449448225900e-01,8.129452083713877286e-01,6.455598828385578081e-01,6.199148975974052567e-01,6.819507561515208982e-01,5.719559599479151490e-01,7.140085015992073680e-01,4.610600374349371755e-01,3.874733555913997263e-01,3.352484297108583866e-01,9.221725939019440599e-01,7.017862397056369161e-01,4.025616736624660352e-01,2.292678938592666582e-01,5.754850977592423922e-01,7.932781640504533716e-01,9.728627987552616041e-01,6.802695911884137914e-01,2.225702102215752487e-01,3.938133622585114901e-01,7.863301732779033326e-01,4.150827043340319378e-01,7.054727012902666239e-01,6.511332674783720798e-01,6.499395308109355840e-01,6.451325120686124404e-01,4.715685545371381404e-01,5.476090454504665278e-02,5.647074568735597211e-01,4.372077663585767215e-01,8.833290346442997931e-01,6.310324337744681600e-01,2.147817923263993789e-01,3.318938883290950548e-01,9.449463375181893499e-01,2.029139076240119299e-01,5.690312516604949522e-01,6.245006007365618839e-01,5.684675907783850457e-01,9.440672902066763461e-01,1.018222793363651041e-01,5.024676573830362258e-01,4.866063657978068613e-01,4.459705389177167079e-01
8.881281949821111521e-01,4.303777129545760527e-01,8.797139991570835926e-01,5.262157224087958829e-01,2.000597325743236898e-01,7.148327007237487846e-03,4.856948209464198585e-02,4.715746654088956435e-01,5.746471700607078681e-01,5.808495102243422803e-01,5.472623224764463501e-01,6.643313557971003425e-01,9.279313453119405475e-01,2.157682591702034247e-01,0.000000000000000000e+00,3.482870243665612264e-01,8.698011634516094048e-01,2.854897426380649805e-01,5.733560038379109658e-01,7.860424026248175045e-01,4.685648432635676763e-01,7.271163417905301962e-01,4.167276630519163305e-01,7.100896250849926261e-01,2.077480464017075756e-01,3.574608332564699342e-01,7.065370409316890088e-01,4.527017684993696611e-01,3.629044843132560594e-01,2.025565710042638579e-01,4.497365916108821415e-01,5.663055990898411274e-01,5.475627321043894380e-01,4.903942342218645667e-01,7.967912315710343751e-01,5.388592248174524368e-02,4.512168852561475041e-01,3.825485615566999176e-01,6.399056395535456243e-01,6.464567853683693688e-01,7.556875144755925700e-01,4.965447721795627212e-01,6.778570853018373032e-01,7.198219557918959788e-02,9.983285974873141733e-01,7.687386117050190038e-01,7.476345546158805755e-01,7.411623417536109537e-01,5.030114590914959161e-01,3.812469392623771824e-01,3.536114078711488640e-01,2.375358343349400214e-01,5.820086304197016336e-01,2.037859313625592361e-01,5.991293807370293711e-01,7.380014237968437474e-01,9.864886665449051906e-01,9.792113641087274445e-01,3.559757868478814480e-01,1.567457391014776547e-01,2.596420120051456948e-01,5.103159678382844788e-01,6.633043631549792041e-01,7.037105023704478546e-01,7.725963994581475092e-01,5.021815611232455234e-01,7.776325043669164438e-01,4.465984568345834904e-01,2.088542036311071548e-01,6.632960177940911972e-01,7.873050101439997839e-01,6.097448843550068442e-01,-1.087728204359506012e-01,5.972669080109653805e-01,4.421321308503486924e-01,4.528879501427253151e-01,2.409484437818505964e-01,6.754422666548128840e-01,4.995984629292870016e-01,4.471438151144033202e-01,-1.255874700037311331e-01,5.682198530557254212e-01,7.832136100419857527e-01,4.170214943032254373e-01,1.013129216527735091e-02
8.990756064238004663e-01,6.269654027886903958e-01,9.777937168632490073e-01,4.473166316332067849e-01,5.898578590169014646e-01,4.862157859599621212e-01,7.010934757681390739e-01,5.851833994121844462e-01,5.487627578697101827e-01,5.443778531231233675e-01,8.841358175857799706e-01,7.215462517430205613e-01,9.666953397626576461e-01,5.739114967110613419e-01,3.482870243665612264e-01,0.000000000000000000e+00,5.951646227776121734e-01,4.560526209744658610e-01,6.487250523780659917e-01,9.210731441157085087e-01,7.309946929447319608e-01,5.171924291994708378e-01,6.619798091153101804e-01,4.156220574583254224e-01,3.081835995647493887e-01,6.946193720124798077e-01,5.440962021069555288e-01,5.754126215674523204e-01,3.532199372395783410e-01,7.291362102376992560e-01,3.313655181757750312e-01,2.590329514940391542e-01,4.212015730227542942e-01,-1.373954387372863795e-02,5.008851838331538353e-01,4.354885250115436146e-01,3.548902335947184961e-01,6.401131505624129137e-01,9.306861260499281752e-01,6.456709910031716015e-01,2.748721138968748257e-01,3.050129700946104805e-01,4.919480182680783797e-01,4.564741727525274961e-01,8.069653534751265456e-01,9.862167387528699702e-01,8.255724517343396851e-01,1.248099490827981883e-01,4.210890171107283253e-01,5.903752622687572504e-01,4.028868495161379015e-01,7.743700799634795073e-01,8.703870526497479165e-01,6.682536363320892292e-01,7.480860883395534788e-01,3.815324723660976636e-01,5.217771145411400635e-01,9.613006179661505168e-01,6.583557945209213003e-01,6.299840692770741768e-01,3.441847620737645830e-01,6.817861325037872788e-01,8.814543140372171903e-01,4.657447743718921007e-01,5.076200084960372783e-01,9.934687149365015735e-01,9.215618272732610805e-01,7.532154084980143827e-01,5.799909914543124323e-01,7.290800070260309296e-01,6.498139226956702874e-01,4.765094263984890888e-01,7.406694779629842129e-01,7.547476799659126323e-01,1.315522194776897469e-01,7.910920661587443892e-01,8.528470602769648856e-01,4.456174486303205451e-01,2.029383472915456954e-01,4.622622386178463216e-01,5.811493049856191195e-01,5.042864007713973029e-01,7.099567982183133674e-01,5.510215245507642523e-01,7.023541778948662051e-01
3.377073302038613445e-01,7.947666823961612170e-01,7.300464980100974666e-01,4.738404599793764049e-01,2.016596349711554381e-01,6.195885529446237827e-01,7.496174804648867429e-01,4.036544918877865706e-01,7.490584340514229167e-01,6.196124954826163211e-01,3.675697732697353892e-01,6.877060940331368721e-01,6.884851579233927099e-01,7.884506850840330427e-01,8.698011634516094048e-01,5.951646227776121734e-01,0.000000000000000000e+00,8.369293253681644451e-01,3.253631969193778728e-01,4.938726484105104286e-01,8.574534004550630195e-01,7.555911762191874770e-01,8.608374131627618553e-01,6.494177736175810178e-01,1.650180983972246995e-01,9.359945787601535727e-01,8.201353785010199182e-01,2.925596161979124865e-01,6.821622524417881861e-01,2.085465436398565298e-01,5.417225635960272179e-01,6.712626580439405855e-01,9.986160874703218227e-01,4.969470572526018537e-01,4.871113164230347348e-01,3.963116222910362252e-01,4.461773381059400134e-01,7.055102755588240626e-01,7.803102061831179714e-01,2.806871107447943547e-01,6.672637864852157819e-01,5.753441808577264283e-01,4.676168145473636462e-01,5.859099790290976939e-01,7.779072836375546807e-01,9.724696903246334845e-01,6.458997705925080268e-01,8.603039749238923228e-01,6.252546484827921081e-01,4.120880204736602215e-01,8.206823364282784805e-01,8.943817342496162004e-01,8.940215003047459197e-01,7.289296460770468000e-01,8.853109301570531997e-01,6.972752358711309384e-01,9.030264148391095036e-01,6.699264717475528208e-01,6.140893250846813922e-01,7.241404448290095219e-01,7.454761650181066512e-01,3.791948502713945457e-01,3.524196859726570485e-01,4.048300737443319419e-01,4.174792434792587437e-01,7.967521142325506567e-01,1.948175061041164391e-02,7.310974302766620747e-01,2.425102264558049170e-01,9.373777460268349904e-01,6.615316996309762443e-01,9.510370416981677177e-01,2.161586338807830188e-01,4.752211990343002124e-01,4.063142067741995489e-01,7.570101262448326596e-01,6.575798719958586558e-01,9.307976532904808087e-01,4.433602844000647525e-01,3.854564571204942558e-01,5.523156936279733920e-01,6.762813159932927753e-01,8.173247216322925279e-01,5.904936736430924649e-01,4.969684693996197500e-01
4.401539245500536990e-01,5.321887777857468027e-01,6.566727427844473164e-01,9.598763604071028910e-01,7.591419341444072266e-01,8.606252689683637769e-01,7.568150143122088780e-01,5.600532465204385302e-01,6.572641477036311741e-01,6.723453124497880129e-01,4.226210790513349469e-01,5.024639610382991561e-01,9.541119605637973233e-01,9.442448610525564501e-01,2.854897426380649805e-01,4.560526209744658610e-01,8.369293253681644451e-01,0.000000000000000000e+00,4.888264640735884847e-01,9.046505360393934936e-01,7.923192824484736052e-01,7.249034280790546125e-01,6.991898293124408914e-01,7.882420496540436528e-01,7.260523097689720595e-01,7.011966341630035959e-01,1.267662713929802454e-01,7.982690393275114760e-01,5.530441117320576971e-01,-9.908513129028581612e-02,4.081115443284120126e-01,3.961869451483150395e-01,6.210202777072002661e-02,6.399188867016990523e-01,5.743083459506221899e-01,1.032202736429999324e-01,4.754849522696380504e-01,2.833350067928674942e-02,5.711948082543615302e-01,9.599286858839001235e-01,6.586947112581389430e-01,5.758028098296095187e-01,9.772757429051932565e-01,8.672234346246082692e-01,9.814193540961594353e-01,5.637988811149063917e-01,5.524106270156970977e-01,6.755802002607739221e-01,9.445391836244639017e-02,4.348155112291015589e-01,7.913245217234533557e-01,4.886885929910182447e-01,4.257131275926795411e-01,2.222606571690924002e-02,6.694984254192591910e-01,9.954870267278203011e-01,4.948960141428793702e-01,5.544601218021795175e-01,8.200983290909843459e-01,-1.992578432817902756e-01,5.734761803629357946e-01,8.432861427861301218e-01,9.662954031262985799e-01,4.530590022493441449e-01,7.751028912130619730e-01,3.682384078548730372e-02,7.194228789726581086e-01,6.971530260614451358e-01,5.153219302340799057e-01,6.638267849372418983e-01,9.621673104473486005e-01,4.555182914945944961e-01,4.703613738848777884e-03,2.783996511911638327e-01,2.314646271490302110e-01,6.239820689844286505e-01,5.403363915624412872e-01,3.018815802212191368e-01,-2.381988231437842662e-02,2.606489548384795518e-01,5.349772380746616873e-01,5.549449319480723730e-01,9.800255175094860771e-01,3.367065631965068251e-01,4.282655326967522158e-01
