0.000000000000000000e+00,9.251881011042411007e-01,8.790326109809429855e-01,9.441535890084288285e-01,5.176088459180401280e-01,4.143380794684696222e-01,7.536826802232153844e-01,9.555513318280883794e-01,7.751419029160071528e-01,7.230189852290354047e-01,8.399332874133738081e-01,3.446979512194732198e-01,6.977231940861081672e-01,1.703482505413225212e-01,6.144553365036777848e-01,7.445200064033447029e-01,9.970207466828406861e-01,8.802355014027155589e-01,9.542388804568394667e-01,8.797898582041498994e-01,3.012958210557266647e-01,7.826278648237030566e-01,9.083239128128601791e-01,8.338438320932080039e-01,7.627469739755919909e-01,9.303308582339094857e-01,9.734455988359885792e-01,5.051174181173873068e-01,2.634688640692161021e-01,6.256675502575939629e-02,4.523925603566791298e-01,6.816590534118006639e-01,9.963477492654158052e-01,7.645966646669649647e-01,5.302118063050699215e-01,5.556013581704581927e-01,7.540034822533134840e-01,9.098873443177302178e-01,4.349384736918110450e-01,9.196530713297146331e-01,6.477827354435330420e-01,5.988771192570004898e-01,6.521260148821168556e-01,9.071136720253409891e-01,4.717921415798220219e-01,3.669296658654874754e-01,8.695810724631396482e-01,8.284714147765513959e-01,7.300016575932934959e-01,8.720656512241263814e-01,6.799743180811923526e-01,7.225216165463876905e-01,8.163717688248278703e-01,9.869502900670509282e-01,4.300740856468039386e-01,3.281072464494591001e-01,6.021551614800788599e-01,5.643437981491917776e-01,2.391758377839824090e-01,4.434108962452192881e-01,4.199280643592371298e-01,9.196128904229341483e-01,5.130177241335490690e-01,8.145158923628178504e-01,9.921611063842458167e-01,5.270486047527567219e-01,7.905948559712354662e-01,4.889299553331867276e-01,4.734567711137667723e-01,9.989869161665940744e-01,7.677114111597436175e-01,6.249920843455125663e-01,5.480808059981365776e-01,2.748676628239773434e-01,6.226583073678499947e-01,9.637375592715187178e-01,6.994811292266888136e-01,7.386660064121373104e-01,-1.752069612994919257e-01,5.239809058994222557e-01,9.186488661333239714e-01,8.739056857555013158e-01,9.558859782030352248e-01,2.447967511914670713e-01,8.063723410012063608e-01
9.251881011042411007e-01,0.000000000000000000e+00,5.931731859793671902e-01,7.328351248222559899e-01,5.039993029157842086e-01,6.330486061459346114e-01,2.877161446424791880e-01,5.167171301506936487e-01,3.801848194144166193e-01,3.093112487562949542e-01,5.209343677931912442e-01,8.779935895197626960e-01,7.882032278364602407e-01,9.415956211789902053e-01,9.983517400193229197e-01,8.231165356970648883e-01,6.557458787820837909e-01,8.335394497446325657e-01,7.062059963286984043e-01,7.577531990496275682e-01,7.977664362694631972e-01,7.118469144830256168e-01,6.089877617136062460e-01,8.525282255183782576e-01,4.162527470079431247e-01,4.583250621190869123e-01,7.893311048629719773e-01,-6.577747974066222580e-02,4.943755979414550528e-02,3.161637547322974084e-01,3.522519535385453260e-01,3.233623155049162867e-01,8.175894404861008269e-01,6.297708863855925321e-01,5.838087350156335731e-01,3.868023147599483069e-01,4.350180776959106654e-01,4.845274711456773464e-01,2.388525363171814797e-01,7.694579859743875261e-01,2.689888378060845131e-01,5.918796410428076582e-01,5.727625354345694531e-01,5.243257537830079418e-01,9.018131146992470759e-01,5.585890617310113049e-01,7.909946808582433153e-01,9.697878988168580072e-01,1.254991579831292170e-01,5.238420137207968619e-01,7.684046559442542224e-01,4.104045093375408571e-01,6.493975866099879202e-01,2.696379395467805168e-02,5.302438872169659145e-01,9.654237895336625908e-01,6.116629355249422195e-01,6.407201128583215333e-01,2.161760026119000089e-01,6.614687370831169311e-01,5.603520516903934823e-01,6.124320522990251980e-01,1.454296377774048910e-01,7.678471849679274763e-01,5.535534349896134021e-01,6.803078400140623039e-01,6.410974993087797946e-01,5.368651482730748548e-01,6.467541196798692882e-01,3.136826658265826628e-01,7.663832312292280236e-01,1.616173786489332256e-02,6.940176274860332395e-01,7.737439006397275332e-01,5.300233773309215302e-01,8.094445852679028608e-01,6.908314939921527120e-01,3.922040719719956936e-01,3.843248237833540859e-01,2.886309836657503514e-01,4.474017106834591306e-01,6.956744634759920443e-01,4.367571686699160960e-01,6.536210520598398910e-01,3.829682897876229841e-01
8.790326109809429855e-01,5.931731859793671902e-01,0.000000000000000000e+00,7.024572982337844440e-01,6.195777658541234967e-01,9.854791561666408350e-01,9.062084170271790251e-01,7.356080186619005090e-01,9.780727576108670940e-01,6.202084359042377981e-01,9.437421035542102876e-01,7.552260583228755930e-01,6.341313361422890038e-01,4.248558956269633535e-01,8.840505524757539257e-01,6.870155250538795277e-01,7.059696019980428172e-01,8.752110117207845263e-01,9.908120045417343480e-01,7.105200376618868718e-01,3.318247768103357309e-01,1.881437060156413155e-01,6.052875911660332564e-01,9.834178563387331318e-01,9.247834026224530657e-01,6.968126770898257494e-01,4.191288231662524399e-01,8.741789381518083601e-01,6.592965149235764377e-01,5.739434622142609577e-01,1.397104176583097244e-03,6.532122116414612600e-01,8.020469094450388692e-01,7.534851828658226669e-01,8.961061008106721015e-01,7.143219830270085557e-01,7.496933088391413147e-01,8.247576996998550181e-01,5.109903875383443594e-01,9.714780735699171110e-01,5.554804860353890206e-01,6.989121069196713165e-01,6.585119158668981676e-01,8.219160802880500771e-01,7.571192144740718222e-01,9.964447781031510187e-01,6.496224765036295867e-01,9.400316665730048538e-01,9.316125214587673842e-01,5.262360737315739945e-01,9.368441920324169780e-01,6.759175116546309869e-01,7.601402657338580671e-01,4.609193176713953233e-01,5.046081592238736979e-01,9.104255593637060606e-01,8.091144665086591470e-01,9.953527557901957756e-01,7.331391457880487295e-01,6.471906215786378258e-01,6.548295676620610739e-02,1.748914783906901915e-01,6.604780893340415071e-01,9.693570729273215392e-01,6.044620027061269329e-01,5.600526680635322663e-01,6.065365114784716516e-01,2.986094504021764018e-01,9.983246657363402665e-01,9.209844163297415953e-01,6.993699157324618776e-01,7.591015042513105104e-01,4.031734297718160276e-01,5.768343349159731348e-01,5.485437735988986097e-01,5.565023535046756953e-01,8.450468411267936242e-01,5.352887427941890319e-01,3.975013219744006343e-01,4.835092241895023145e-03,8.893318683000375202e-01,6.563437964911875699e-01,7.955493085434890421e-01,7.395716255710174103e-01,8.017238850087314850e-01
9.441535890084288285e-01,7.328351248222559899e-01,7.024572982337844440e-01,0.000000000000000000e+00,9.632864068639163113e-01,5.256278220566032999e-01,4.859900606052537930e-01,7.421691432482176998e-01,4.920713231556713141e-01,5.707313135539398008e-01,5.716818422829994528e-01,5.007935894382486985e-01,7.923754119167208954e-01,2.183139593926698707e-01,2.028763710116022745e-01,6.806898959003678806e-01,9.887226082630602431e-01,6.028334215806578911e-01,9.323400441593139298e-01,5.099358162674909600e-01,6.211425298179829024e-01,6.214909467455081993e-01,5.253124317335502447e-01,9.419050960191488464e-01,2.697182638349990280e-01,7.113339339994551036e-01,7.182719248488855790e-01,7.298407158461002187e-01,7.069326963261997054e-01,7.881346996121296744e-01,5.747352598973410887e-01,6.665175499074438639e-03,8.959571755794903947e-01,8.818439815391586611e-01,3.334614319206186117e-01,-3.178076114563497256e-01,6.307884434653895367e-01,3.408313037640938736e-01,9.963988962105527758e-01,7.433300553187019988e-01,7.544536268708185167e-01,7.562755413658232007e-01,6.355655725758225794e-01,6.372469234942675920e-01,4.828644397087924478e-01,6.549579654523866035e-01,9.002509417686169746e-01,3.472736836654203851e-01,2.768413609156516464e-01,8.097885979579780846e-01,8.802719327171459884e-01,7.837736086468096719e-01,7.475265667847487139e-01,5.971907293364576708e-01,8.439035733714104204e-01,6.125936523395555389e-01,9.374657333732626663e-01,8.729108313167839306e-01,6.671110097373715853e-01,5.249019745560762340e-01,2.017237710999043032e-01,7.005780121095943613e-01,7.202544880111655390e-01,8.470601455451423067e-01,3.866514470073222354e-01,7.925346811104128086e-01,4.996910220481455278e-01,7.459733967193689086e-01,3.637885153753989131e-01,4.908086388285206603e-01,5.028944852498981044e-01,8.909273249485216706e-01,3.816672597425188607e-01,2.885236551334353083e-01,3.540925089863566910e-01,5.965395675370613882e-01,2.774056703499617749e-01,7.632790545303098639e-01,2.579461641428851815e-01,5.997549811503423145e-01,6.214290879504275056e-01,7.464175986888318404e-01,8.080278437818662063e-01,7.537088816416894765e-01,8.958380599011096512e-01
5.176088459180401280e-01,5.039993029157842086e-01,6.195777658541234967e-01,9.632864068639163113e-01,0.000000000000000000e+00,4.009613058161431987e-01,5.328881301962405947e-01,4.430558677525064382e-01,6.617349129922649453e-01,4.122085475169816604e-01,1.615100218627183448e-01,8.130937357659053788e-01,7.232335912766734154e-01,4.952567936977831375e-01,4.374680782939468493e-01,4.991579170323169889e-01,6.931659888025585303e-01,9.362728582395337673e-01,6.381780008660852266e-01,9.324218662628773746e-01,4.907826188585631133e-01,4.814330753591298251e-01,3.939389487002550316e-01,1.683425548958544793e-01,6.159884274992849518e-01,6.487901214988713861e-01,4.822067797791795285e-01,6.333300562900914255e-01,7.749535441090130705e-01,4.955262181944177780e-01,1.819440137975516236e-01,6.707044579178207400e-01,2.927249033658148036e-01,5.168328019920108707e-01,7.410373471068695261e-01,2.637922423734495592e-01,1.691524254443228445e-02,3.262573308874290867e-01,3.913883574715921743e-01,7.699927419364975822e-01,2.836206173785835172e-01,7.625219832282807975e-01,7.516263172195984943e-01,7.027177686252695787e-01,4.389039703286614635e-01,6.737849971719542808e-01,8.912360732052264645e-01,6.815705189968875866e-01,5.057163602349880049e-01,6.775827689391913378e-01,3.906516412704348351e-01,9.057294062603350460e-01,8.554427601678189497e-01,6.174991393446782606e-01,6.219206851851345474e-01,6.655772109342442122e-02,6.963235688728350858e-01,6.714639268933293437e-01,7.617189716019059365e-01,5.166720255671271023e-01,3.779591577787002610e-01,1.966647296595746275e-01,7.360362365720821698e-01,8.040899664697284122e-01,6.437516122963682363e-01,7.392846456217099238e-01,9.057522714380074058e-01,5.614344742406834898e-01,4.832275893648871889e-01,5.543111420893835906e-01,8.367100195724812561e-01,6.090094960767569177e-01,9.177542116254678098e-03,2.625606788970648586e-01,6.120664918006338828e-01,5.249669606057244531e-01,4.761321874867965875e-01,4.236870231696481665e-02,1.100335869643646741e-01,3.013808206392315503e-01,4.875954494968443576e-01,8.960607972146427125e-01,7.349263656791320543e-01,7.531319240451106456e-01,3.467589315990503573e-01
4.143380794684696222e-01,6.330486061459346114e-01,9.854791561666408350e-01,5.256278220566032999e-01,4.009613058161431987e-01,0.000000000000000000e+00,5.254591327309721116e-01,3.069520496638104556e-01,7.763010195378864386e-01,9.773059821486634879e-01,5.903984735976557374e-01,1.241533961631218763e-01,-1.670083184764930562e-01,5.355777647413635378e-01,7.962759546858608761e-01,7.949739217187793416e-01,6.668044523588628758e-01,4.400564969723616549e-01,7.524749017707280663e-01,7.227908950330781401e-01,8.329163873335923007e-01,5.167652071533513913e-01,5.077547437635895333e-01,9.897296170815097494e-01,6.391199077972486986e-01,4.892970389693145905e-01,8.217073351037089690e-01,7.351838470564089345e-01,2.750034384053411940e-01,1.193864244872727687e-01,6.103510839900049278e-01,4.909736185373511641e-01,1.399810872690477326e-01,3.297845462541403316e-01,7.284864150114855885e-01,5.563447878313795281e-01,4.326258063624823791e-01,6.991563117908052849e-01,8.395855222918379157e-01,7.474646507644834292e-01,5.455723898929409899e-01,2.545495147008458581e-01,7.263336221152051353e-01,8.932036925348161294e-01,9.240461852055797953e-01,4.906728611857014144e-01,5.416903076584596022e-01,7.042445381594375498e-01,5.130568115600252499e-01,7.116086559777748954e-01,5.748547423928400679e-01,9.570229133908495500e-01,5.696617433362948235e-01,8.555457394499488277e-02,5.693767666156404061e-01,9.310642305387326623e-01,-1.049644565562823234e-01,9.658209108651246710e-01,5.880690010713254257e-01,3.837289188239078053e-01,4.233360016102860612e-02,8.527873354306504394e-01,6.111835823025586478e-01,6.525717699265500826e-01,3.279123036904859623e-01,2.187181505590465869e-01,2.594151244994064021e-01,9.997812931862203323e-01,4.125357559430403165e-01,7.330104376422156287e-01,6.281781560044517043e-01,5.466761016921207750e-01,7.037857948700783073e-01,-3.859774923284130521e-01,1.458305602223835540e-01,7.472086368864094830e-02,6.559777597632419077e-01,3.042953471275033905e-04,-3.287846269595751103e-02,3.916441230857972133e-01,4.049665872404608624e-01,4.294544774242007312e-01,8.424326510136892487e-01,3.279516299072818830e-01,6.667040241901663888e-01
7.536826802232153844e-01,2.877161446424791880e-01,9.062084170271790251e-01,4.859900606052537930e-01,5.328881301962405947e-01,5.254591327309721116e-01,0.000000000000000000e+00,6.518012409758486836e-01,7.643447185683250877e-01,-1.756026582186740181e-01,5.533782392814778905e-01,7.835639236043234757e-01,6.664077902115750351e-01,6.577118732513939081e-01,2.586786766569903473e-01,2.645960973590584242e-01,7.038358170365588418e-01,7.892731077787982219e-01,4.279258240102322142e-01,6.929859635498180070e-01,5.024508262131452963e-01,7.711312408255875939e-01,7.343302631359828192e-01,8.230823597156599059e-01,4.188640989887869037e-01,4.556999010236842951e-01,4.256646887430309278e-01,7.472078016493242103e-01,7.310789654502094503e-01,4.634155184016596762e-01,1.289688635134224048e-01,4.653486441781227168e-01,4.638605195067103115e-01,6.739653082965149089e-01,6.104700377354463914e-01,1.299836317176969180e-01,3.691709329020933517e-01,7.417732223540181025e-01,4.596083578357106764e-02,4.682856036793678345e-01,3.493199530478010573e-01,6.843756536829118664e-01,9.080369639428115258e-01,7.003653386526130786e-01,8.878504886675658847e-01,7.553917783996790813e-01,5.587148471683082152e-01,5.223752286518922316e-01,2.317724834642333476e-01,4.642233076873589770e-01,-1.260506327287188588e-01,6.332910766500003952e-01,5.397792371572947001e-01,3.377809689672056637e-01,9.816222465950907861e-01,2.732330918623253613e-01,2.611267423809271460e-01,6.457539870578777874e-01,1.491674530855609075e-02,5.424880228503067281e-01,6.409681035828602991e-02,3.591705739714166068e-01,6.245459468619666277e-01,6.536757995317128422e-01,7.762652524679416466e-01,4.474858574970671521e-01,6.007771176966516524e-01,7.568195176293481818e-01,5.037179481075803045e-01,5.182909211279431716e-01,7.767810576052538440e-01,3.042415897261080970e-01,2.307103132413235169e-01,2.635258130782521802e-01,1.906396121128170751e-01,6.810009635950484697e-01,7.635956986032235161e-01,2.382605421239376575e-01,5.051407664050433510e-02,2.502010984339085864e-01,4.792344425866623125e-01,5.367958208412738630e-01,4.922041948299220593e-01,3.710080927261251160e-01,5.426046423282314679e-01
9.555513318280883794e-01,5.167171301506936487e-01,7.356080186619005090e-01,7.421691432482176998e-01,4.430558677525064382e-01,3.069520496638104556e-01,6.518012409758486836e-01,0.000000000000000000e+00,6.895334052778682166e-01,5.131633277932173831e-01,4.752455628035056057e-01,3.713167467059230731e-01,8.824907008511261308e-01,9.024267194035386908e-01,1.680999155517950427e-01,2.799532169616271160e-01,7.162934960673673634e-01,7.688679977292930401e-01,3.131482384093223215e-01,6.411786692593359760e-01,6.776314037435149373e-01,4.876544049423776617e-01,9.990704487218468044e-01,9.299050167843860848e-01,5.334345713204000639e-01,9.360249851553936740e-01,2.977012572992675521e-01,7.180957488821257950e-01,3.946933629223230988e-01,4.121483386310210717e-01,1.961439183594142766e-01,9.760117382207766923e-01,7.754702578369617738e-01,5.960692711308719360e-01,-1.104381972919252913e-01,6.602253359819110212e-01,4.910275180911501114e-02,5.320415261219384462e-01,6.639140553886974105e-01,9.889685375135067735e-01,5.815736374637839878e-01,7.155640294777915189e-01,3.713811790720180639e-01,7.652003667988503954e-01,6.790618877499557948e-01,5.482485706766925260e-01,3.963068141516620235e-01,2.555375684681296944e-01,6.704600180187607616e-01,7.432008289296624381e-01,5.023568905231973192e-01,2.937726549990417602e-01,2.894676698855160324e-01,9.363398438520645350e-02,7.545732835232543678e-01,9.178308863874885537e-01,6.407054650409896857e-01,7.052204400247340521e-01,4.138940820902721196e-01,5.859397879284387184e-02,2.623420037591560616e-01,2.067369417368347395e-01,5.829076838055551324e-01,7.440559211267187001e-01,7.739616982514907484e-01,4.918184259858488505e-01,6.181756600879806385e-01,7.830721073898044837e-01,7.050571845847681818e-01,7.298658060223370825e-01,6.217937592013956793e-01,5.865204865906040732e-01,4.262543869334624591e-01,3.279583413240904077e-01,4.672209645268505240e-01,6.551664946638326992e-01,6.543739867267684973e-01,8.905629005321654690e-01,5.755836552379876014e-01,1.429650560395239467e-01,2.321039254051199263e-01,8.069618196872098137e-01,8.862838359351218331e-01,2.183390935169765290e-01,4.586080950205030926e-01
7.751419029160071528e-01,3.801848194144166193e-01,9.780727576108670940e-01,4.920713231556713141e-01,6.617349129922649453e-01,7.763010195378864386e-01,7.643447185683250877e-01,6.895334052778682166e-01,0.000000000000000000e+00,7.266690961144197658e-01,2.324063298466310934e-01,5.302870085713391468e-01,7.568071867756511750e-01,9.612113590976519850e-01,5.756771640919282618e-01,6.993953484784228847e-01,9.233190554415039442e-01,4.016258080784328444e-01,5.906167537504474208e-01,4.416038534625618128e-01,7.193775531658821443e-01,6.935242155250876950e-01,6.261452650178681578e-01,8.667171847469926638e-01,3.018753307585698709e-01,6.100450181855503473e-01,9.927330053452381176e-01,2.736887914194235383e-01,6.811383661614084373e-01,6.736117991709577035e-01,6.398931168586989848e-01,6.213446552465273776e-01,5.379330686880388068e-01,8.183957870688274294e-01,7.815074886971953294e-01,4.282894204917047087e-01,3.112858156394958664e-01,4.870822026615937439e-01,7.522257290190808021e-01,8.515948319191080085e-01,7.818317940942010047e-01,3.576744198255045748e-01,7.972686465368499231e-01,6.848562753615013987e-01,8.217770910026538367e-01,6.283311339917816429e-01,7.486464154565632967e-01,4.403247534271473307e-01,2.868364479711558168e-01,4.683334880117949739e-01,7.796326933623267674e-01,4.816621668794591193e-01,7.360588150168555499e-01,7.793166133477824609e-01,3.401456310100411384e-01,4.822739131750491959e-01,5.478069651735866241e-01,1.399396285018324193e-01,7.040493017049324065e-01,4.645702167996896281e-01,5.031613679458037947e-01,2.989040771400545138e-01,4.050335067067997175e-01,6.274539792774277425e-01,9.578320550433813141e-01,1.500945430312510542e-01,4.531709431829864659e-02,8.247469376409873876e-01,3.602964759377579318e-01,5.781274011992770800e-01,9.293926968827979085e-01,7.104694911754358966e-01,5.930491888404003653e-01,5.100705847934069448e-01,4.985308887600584105e-01,4.141799807307127712e-01,7.683081460503661253e-01,6.044072234375528208e-01,5.042381405178100184e-01,8.424730591230721044e-02,3.298494510331236307e-01,5.219413498265508267e-01,8.131950332544773952e-01,4.478717186492313096e-01,3.786303222626261622e-01
7.230189852290354047e-01,3.093112487562949542e-01,6.202084359042377981e-01,5.707313135539398008e-01,4.122085475169816604e-01,9.773059821486634879e-01,-1.756026582186740181e-01,5.131633277932173831e-01,7.266690961144197658e-01,0.000000000000000000e+00,7.892715195087376956e-02,6.245422011246771765e-01,9.792100349094281508e-01,7.519475628260214872e-01,4.926023854942261915e-01,6.502778361310158628e-01,6.771284791295006933e-01,5.492403114166380940e-01,7.175657339455315809e-01,6.533200182931206967e-01,6.670564098949204324e-01,3.676213341065553974e-01,5.318051856624668172e-01,7.117165428756796475e-01,5.847714482682322412e-01,5.713568366038120905e-01,5.344292171020736948e-01,9.010728767378818338e-01,3.134174832518470399e-01,2.499448197842120967e-01,2.077196300149583286e-01,2.340926777299188188e-01,4.501106942431096769e-01,6.244390341695360558e-01,8.493506044968489599e-01,1.021958974596801212e-01,5.612698955300783332e-01,2.557640586480335321e-01,9.869704180913685398e-01,8.517147180952553409e-01,4.929823280011092490e-01,5.381259416249791760e-01,9.045329839493215784e-01,2.468129604015347200e-01,9.167134323697602172e-01,3.453184452627682810e-01,4.798101977194092482e-01,7.984350935392945381e-01,2.008621708729582955e-01,4.847968135426943270e-01,3.779803522399358684e-01,4.700679063582731687e-01,8.736466170642225304e-01,7.223743628812581141e-01,6.704806501729617674e-01,6.909311371672397506e-01,6.263942834341220678e-01,5.788599384499852896e-01,9.669846127283681092e-01,6.117537277455432632e-01,7.248852247147217209e-01,2.544481554452534544e-01,7.691376120407585892e-01,4.119040934373804363e-01,9.504427978124221910e-02,7.577380509810299758e-01,7.898706313547091407e-01,7.775259610381539677e-01,7.942468079609659171e-01,5.906447784030155468e-01,8.393280157486602278e-01,3.979382551569681237e-01,1.384891385663884478e-01,3.652332401885326485e-01,3.485208013604341182e-01,6.048842810328977082e-01,7.404942252212308729e-01,3.730295498720187508e-01,4.549709510987873240e-01,2.039828927554168114e-01,5.279561405264234786e-01,8.669873155672755960e-01,5.793427488128053415e-01,4.658172722027941193e-01,2.235635827610993331e-04
8.399332874133738081e-01,5.209343677931912442e-01,9.437421035542102876e-01,5.716818422829994528e-01,1.615100218627183448e-01,5.903984735976557374e-01,5.533782392814778905e-01,4.752455628035056057e-01,2.324063298466310934e-01,7.892715195087376956e-02,0.000000000000000000e+00,6.161391053230386161e-01,4.756830448811834033e-01,9.118464216881884132e-01,4.859847866478770873e-01,-5.924126284579833701e-03,2.821772506178566453e-01,1.357132532353995218e-02,9.571162075751293852e-01,8.503435404685584231e-01,4.178952430188520029e-01,4.782622441073855479e-01,5.050096316680839914e-01,8.524332326375021474e-01,7.980114387648086227e-01,6.384127045788215993e-01,7.171041928482070338e-01,7.988990271386253728e-01,4.837886812429075256e-01,4.047430336180414256e-01,6.345834808050758724e-01,6.420868125003209581e-01,1.789297371502439060e-01,6.312693657891075283e-01,4.879009642691668480e-01,3.704086772916653780e-01,5.731241922155076995e-01,7.280311650107208488e-01,6.187259122961580315e-01,7.930474707703791815e-01,3.546251421395854031e-01,7.971374956617247598e-01,9.086112636868404202e-01,7.275165695970852164e-01,8.493399880807994684e-01,2.128764921842026814e-01,4.095306698355804520e-01,4.658760149270670947e-01,8.896555696792878276e-01,4.018156761050579728e-01,7.310314987347827920e-01,1.504974561597229032e-01,6.586650163166498650e-01,8.956699141830354316e-01,6.817838295369397228e-01,7.682477860834547867e-01,7.755349346790314513e-01,9.199167199831612685e-01,7.822263911065943098e-01,3.539055777911829237e-01,5.103441686674069500e-01,1.452209026042493023e-01,5.826502067261013496e-01,6.529499040175175129e-01,4.054361889901703653e-01,2.329552332681467663e-01,4.103460027019715239e-01,6.510543956518205500e-01,6.195685395075731794e-01,8.138602445799735241e-01,6.291618230662990863e-01,5.337544934169474731e-01,3.001826960393465596e-02,2.027595505871525872e-01,1.270285707234892862e-02,8.100357048365501855e-01,7.339897452933987765e-01,7.611901949284390900e-01,5.939327673662156970e-01,6.668044219818700657e-01,2.103456750395778507e-01,7.582233952123000886e-01,7.620534575436636038e-01,7.411840621492979952e-01,9.061822957876206619e-01
3.446979512194732198e-01,8.779935895197626960e-01,7.552260583228755930e-01,5.007935894382486985e-01,8.130937357659053788e-01,1.241533961631218763e-01,7.835639236043234757e-01,3.713167467059230731e-01,5.302870085713391468e-01,6.245422011246771765e-01,6.161391053230386161e-01,0.000000000000000000e+00,5.788625906409844424e-01,5.500729840265121684e-01,6.423108779948540903e-01,1.460132825553346614e-01,5.620798583322924591e-01,3.353848837479693201e-01,5.194394649784100926e-01,8.185361164064450801e-01,8.304607633591550853e-01,3.321294376462918807e-01,6.984127278709394426e-01,9.404879057745689774e-01,5.033863886182521341e-01,6.380472772072270926e-01,8.757413173173610454e-01,3.388678856744567480e-01,7.226257608027546464e-01,-8.223401225633147904e-02,2.136514176637616669e-01,2.729590833911275660e-01,7.784074499290498661e-01,7.004489502960222769e-01,5.726751722106601106e-01,2.458800315716217488e-01,2.421921735696868638e-01,3.571321705238524880e-01,6.545131887400005288e-01,9.802797847262775255e-01,7.527848668016231537e-01,4.744815198420614388e-01,8.447462705243526937e-01,2.086356728734332644e-01,5.692761390175314906e-01,2.127075490743657871e-01,4.878570349453785759e-01,2.436215901349318702e-01,4.514905773537735700e-01,7.041992543350378275e-01,3.973088908112043516e-01,5.417839423633687979e-01,7.811065872302934698e-01,5.676028360120524141e-01,7.394952201992367469e-01,7.539464911708162465e-01,6.891606174255584527e-01,8.915282322408787374e-01,1.917988763440775513e-01,2.113285314610581778e-01,1.104186028794738178e-02,5.102856415767934584e-01,6.053057338759385564e-01,4.276260515511443594e-01,8.314733900594596383e-01,6.682675632758188211e-01,8.801503769693068691e-01,6.328625062338364415e-01,6.679486514065109404e-01,5.519740324030240064e-01,4.257664699479173365e-01,6.631151921851262676e-01,7.299179881484839649e-01,3.075126071372417114e-01,5.349380277360081815e-01,7.294232701353002835e-01,7.533946288273392078e-01,4.168949920328551273e-01,2.715047473387786625e-01,3.207289213254037041e-01,6.279222177588567044e-01,8.053661912266805167e-01,6.674933986341886616e-01,5.202143054036303393e-01,9.509298334569202815e-01
6.977231940861081672e-01,7.882032278364602407e-01,6.341313361422890038e-01,7.923754119167208954e-01,7.232335912766734154e-01,-1.670083184764930562e-01,6.664077902115750351e-01,8.824907008511261308e-01,7.568071867756511750e-01,9.792100349094281508e-01,4.756830448811834033e-01,5.788625906409844424e-01,0.000000000000000000e+00,4.685643987286854939e-01,5.836627223681928323e-01,7.523771039443944986e-01,6.622238078038299447e-01,9.550653579219740008e-01,6.834964577013424858e-01,8.216043578622662658e-01,4.874335618278270998e-01,5.985870181559721503e-01,5.903996224441365737e-01,5.249444616574271416e-01,3.007313578086672212e-01,8.345803346400405553e-01,7.085650888126019398e-01,5.762102449842299023e-01,2.406096715785174256e-01,9.291850860394133826e-02,2.729182006343761069e-01,7.974148796453183197e-01,8.881833830037485500e-01,6.782235718123890145e-01,8.619069123565807899e-01,6.519011384607666937e-01,2.742550357695534013e-01,8.970962979273109372e-01,5.313148372097794558e-01,7.628731736796973140e-01,6.661800183712485168e-01,6.948972349729194420e-01,9.071473336468039994e-01,5.900477414225399064e-01,9.187415757447978670e-01,5.866678304441215186e-01,8.033496533904784798e-01,7.799785345432416195e-01,7.403503879623631878e-01,6.226215911317545260e-01,7.273148042601048635e-01,9.077118626690554581e-01,-1.706127930913043933e-01,7.362344827526876578e-01,2.926717547516454188e-01,8.655611963234484119e-01,6.728000571617713810e-01,2.989448414033689660e-01,6.625866340945280042e-01,7.008081158637416985e-01,4.013764232774594265e-01,7.204597473587270873e-01,4.420653524904781251e-01,9.866893973826350583e-01,4.140813986307543271e-01,8.073693571354308984e-01,5.607782732959781802e-01,7.709345854092821693e-01,4.218533212765516183e-01,8.609918573295078925e-01,9.162015917435248902e-01,8.944860459755675786e-01,9.935112812944896232e-02,5.285955870712206739e-01,5.380228397676921626e-01,6.837656253632362624e-01,9.196061483581675633e-01,5.316251066644246404e-01,3.615828809095970042e-01,1.251883041626199455e-01,4.745763174460972955e-01,7.323766512594289679e-01,5.061053749268317192e-01,1.367397468818964956e-01,7.602637393702672552e-01
1.703482505413225212e-01,9.415956211789902053e-01,4.248558956269633535e-01,2.183139593926698707e-01,4.952567936977831375e-01,5.355777647413635378e-01,6.577118732513939081e-01,9.024267194035386908e-01,9.612113590976519850e-01,7.519475628260214872e-01,9.118464216881884132e-01,5.500729840265121684e-01,4.685643987286854939e-01,0.000000000000000000e+00,9.715960288212838192e-01,7.251031729144097326e-04,-2.507729100680077261e-01,7.544956522304085977e-01,7.837215219754456452e-01,-9.149343165344374362e-02,7.325662943578787889e-01,9.633230272139693406e-01,6.365397861307945382e-01,7.102977131456624793e-01,1.404280944351692928e-01,8.632192687602829873e-01,8.436705035975317069e-01,7.169700516751592589e-01,5.355795032393506627e-01,4.223580879091222151e-01,2.345373713899306933e-01,5.255962111511436330e-01,3.066711786416904673e-01,9.389632438049780871e-01,5.653538489585169247e-01,5.578192834528641342e-01,5.334165224382325654e-01,9.534362178581146097e-01,7.587686027807362121e-01,5.048470717693391840e-01,7.576766740381570830e-01,4.857448234740287529e-01,7.828178242626097072e-01,8.186295541078747462e-01,7.111181476226217102e-01,7.392609182634332088e-01,7.395291257542502272e-01,9.519861951657239141e-01,9.153267872075403488e-01,5.362760674448024956e-01,9.811365730998737877e-01,4.930402150760427871e-01,4.460210120950231505e-01,8.131797887856901941e-01,5.650883614434943913e-01,7.303445878544676528e-01,6.400342789466884064e-01,6.097707140771817524e-01,7.558972085250339479e-01,3.987764223995450275e-01,1.634275301958969598e-02,5.719672380091680441e-01,3.647346171317626951e-01,7.490252409756610330e-01,7.586601297113650944e-01,5.637644737791964733e-01,7.613995690728756482e-01,9.916266299934646256e-01,4.733662835936716662e-01,7.882690105046843421e-01,8.796310079508744550e-01,3.673199334448302711e-01,3.478406016240421783e-01,5.087657034573075387e-01,5.007250462576735561e-01,5.842369686478225965e-01,6.607367815432414471e-01,7.504330604547898576e-01,6.557343595442181039e-01,4.908149199981852728e-01,3.923673123017559217e-01,5.491790221354259094e-01,6.527874368006874040e-01,4.436761692785001210e-01,6.954073383171519573e-01
6.144553365036777848e-01,9.983517400193229197e-01,8.840505524757539257e-01,2.028763710116022745e-01,4.374680782939468493e-01,7.962759546858608761e-01,2.586786766569903473e-01,1.680999155517950427e-01,5.756771640919282618e-01,4.926023854942261915e-01,4.859847866478770873e-01,6.423108779948540903e-01,5.836627223681928323e-01,9.715960288212838192e-01,0.000000000000000000e+00,6.718405480479493486e-01,4.885937156292212702e-01,4.823241082376886202e-01,7.721541499304526157e-01,5.279065398852266222e-01,9.421634860600121009e-01,3.383547011438859942e-01,5.630242887003120700e-01,7.881921416214033860e-01,2.878000029107738444e-01,7.448432338365171823e-01,6.284078491117537357e-01,6.604472752642350786e-01,5.577384557951857724e-01,1.352556919095806998e-01,5.705000874944270439e-01,5.087656575609914578e-01,1.481623129390537974e-01,4.378217201299375860e-01,5.607917582845927118e-01,6.372754419593322783e-01,3.957265134775336257e-01,-2.699364576779011982e-02,9.436670144703342977e-01,6.280603088117773236e-01,6.050942078860954698e-01,7.221995426588891931e-01,7.113071459824212850e-01,5.037131372209863178e-01,4.473368712221518773e-01,4.386489671022015258e-01,5.799766251535443118e-01,4.841271792400403950e-01,7.087887006784531208e-01,5.227417782028049853e-01,5.325280049679645966e-01,9.574453129185248046e-02,5.307521198200251256e-01,1.444777109609685362e-01,8.532063238854307174e-01,9.143831870682416207e-01,6.928535568969090841e-01,5.822878099510672145e-01,4.232861270969138778e-01,3.644877910382144925e-01,5.414576547807314899e-01,6.884785611873763811e-01,4.093532354382138361e-01,7.896544741155835379e-01,8.782966590220084857e-01,4.496451008402653771e-01,3.238357334028798551e-01,6.899644775893415405e-01,3.364511469469395610e-01,7.649351938831154829e-01,7.675164229319698661e-01,6.385349288624446729e-01,6.294966863287329017e-01,4.433508743753884485e-01,7.306393470292693593e-01,4.264093565144975728e-01,-7.415050109239057496e-02,4.932511707081981278e-01,3.416431528895816916e-01,3.765380179989766263e-01,2.155695685098762138e-01,5.985037419592217356e-01,6.165617725349925582e-01,5.642913874637769389e-01,7.534954663936487274e-01
7.445200064033447029e-01,8.231165356970648883e-01,6.870155250538795277e-01,6.806898959003678806e-01,4.991579170323169889e-01,7.949739217187793416e-01,2.645960973590584242e-01,2.799532169616271160e-01,6.993953484784228847e-01,6.502778361310158628e-01,-5.924126284579833701e-03,1.460132825553346614e-01,7.523771039443944986e-01,7.251031729144097326e-04,6.718405480479493486e-01,0.000000000000000000e+00,1.190911432625554600e-01,7.352783243649653189e-01,4.631610098200485970e-01,4.491167670100429388e-01,6.315610185684685796e-01,7.497443359248761041e-01,3.899604409365244884e-01,9.498788013382963857e-01,7.634748155773599665e-01,1.625612614154222646e-01,7.155956396855354118e-01,4.331390218539228898e-01,4.979523981290555068e-01,3.909150480368933644e-01,1.662663549158127640e-01,3.150355720499359302e-01,3.202661754870119587e-02,7.822946647456824332e-01,5.152027901807979537e-01,9.216016374997236527e-02,6.514132258830896971e-01,5.456257022681285651e-01,6.062117721778915724e-01,4.360744113835895441e-01,2.971777683478630805e-01,7.898458800150074399e-01,8.467603727075536657e-01,4.734371234267989448e-01,8.708960121713509306e-01,7.025427414473607302e-01,6.054464050662279329e-01,6.810538798517981052e-01,4.779506380218289108e-01,4.569782645086836181e-01,2.541026650025858813e-01,6.172870083279767828e-01,5.623415585218168866e-01,7.003117414789623574e-01,7.384697042979322390e-01,8.250910274970332248e-01,7.309125557771051218e-01,4.289917001478300018e-01,8.272588487333705221e-01,7.502352844095697693e-01,4.387004777799667354e-01,6.240591701089223120e-01,6.090545909599404117e-01,9.986465744101968856e-01,8.810785515947059388e-01,8.773879445316813408e-01,6.036527794059640684e-01,9.031533754515638224e-01,3.840321151204739714e-01,3.198736241193815277e-01,5.990052747119396503e-01,5.290147343678321956e-01,3.730740490458673841e-01,4.281799246608765097e-01,2.365102040970983588e-01,4.499387564826907715e-01,6.978322858685012120e-01,2.738064432116965596e-01,5.736679758054941125e-01,5.263394597420716359e-01,8.508680614849415402e-01,5.628639086919213774e-01,7.239574560029916617e-01,7.418725340932070811e-01,4.436736408598891956e-01
9.970207466828406861e-01,6.557458787820837909e-01,7.059696019980428172e-01,9.887226082630602431e-01,6.931659888025585303e-01,6.668044523588628758e-01,7.038358170365588418e-01,7.162934960673673634e-01,9.233190554415039442e-01,6.771284791295006933e-01,2.821772506178566453e-01,5.620798583322924591e-01,6.622238078038299447e-01,-2.507729100680077261e-01,4.885937156292212702e-01,1.190911432625554600e-01,0.000000000000000000e+00,7.201018278804327544e-01,8.368715691959552894e-01,1.762720175503815767e-01,2.462666483071706269e-01,6.307884980392787222e-01,9.535555927824463929e-01,6.080782007668150690e-01,7.972730797009294212e-01,5.828297724361486409e-01,9.919312085592827399e-01,8.630201366095811011e-01,4.560459479234976743e-01,4.501992422309168407e-01,5.448780710362270963e-01,9.054274782184567050e-01,5.499812803041461695e-01,4.854530586556431437e-01,5.407523132861196125e-01,5.301417513857528130e-01,5.546455487728578770e-01,4.936016172106432176e-01,7.877376438616029430e-01,4.652956181054566653e-01,3.085925519646237070e-01,5.875030767753597338e-01,3.139772866815998542e-01,8.130741966569078327e-01,6.361774402986832833e-01,6.603857157298920200e-01,6.711464131243448650e-01,7.773513387327083413e-01,3.171195794574618865e-01,7.283747845762050810e-01,8.931607050694769789e-01,2.558742464845756293e-01,6.546819961200232019e-01,5.134221165184486013e-01,5.905132594560750237e-01,6.499520054595182561e-01,9.477050414122649702e-01,9.854223206999558338e-01,6.104517784815655101e-01,2.903582791278696562e-01,3.992096205034977308e-01,5.315434007519805881e-01,9.720509924256354184e-01,9.972807219719554972e-01,8.806416442825284463e-01,6.532460159610903316e-01,6.421251967443488695e-01,3.647609869558962048e-01,6.785500820905883135e-01,8.898818150170755281e-01,5.053102996028139282e-01,6.390686168066671557e-01,4.108515717350170182e-01,5.764468945636844754e-01,2.097877731290442860e-02,5.134516645871950447e-01,9.883718062358142209e-01,7.399931428620996066e-01,4.291393185155297774e-01,2.645370042838423585e-01,3.262156815275069066e-01,7.700039197299374250e-01,6.599467503599141249e-01,2.395674378437282759e-01,9.663375807358252079e-01
8.802355014027155589e-01,8.335394497446325657e-01,8.752110117207845263e-01,6.028334215806578911e-01,9.362728582395337673e-01,4.400564969723616549e-01,7.892731077787982219e-01,7.688679977292930401e-01,4.016258080784328444e-01,5.492403114166380940e-01,1.357132532353995218e-02,3.353848837479693201e-01,9.550653579219740008e-01,7.544956522304085977e-01,4.823241082376886202e-01,7.352783243649653189e-01,7.201018278804327544e-01,0.000000000000000000e+00,4.036860814853117096e-01,6.323350899183943774e-01,7.263737148017163081e-01,3.932706656048450267e-01,4.671462179434479056e-01,1.807582338550686382e-02,4.549751671299864242e-01,4.270791565659378120e-01,7.647791335558140613e-01,2.479125267300402169e-01,7.111170063864722390e-01,2.945250114402329089e-01,4.331589080925619673e-01,1.860969370923706498e-02,7.841756602172353929e-01,4.807952045240290739e-01,8.702998983672204369e-01,7.567968676086480606e-01,5.582433273655791339e-01,3.036162239612294478e-01,5.640629419631808528e-01,6.580821258375083582e-01,3.492000565583376348e-01,7.830332802991590846e-01,7.431365535289677915e-01,2.282687598715478494e-01,8.034226965129966924e-01,6.239759857832066769e-01,7.563891379372174040e-01,5.341486447427532536e-01,7.414889901197510014e-01,3.488626208446519161e-01,7.911842031375318496e-02,6.116610964120209326e-01,6.967310607299769254e-01,5.557250289141608679e-01,9.310178573580419892e-01,5.928173602989867952e-01,8.456859480002199003e-01,6.707519023577765971e-01,6.956359482432699082e-01,8.976581140078916665e-02,4.193831131698486647e-01,5.024391014622728857e-01,6.932127435497527079e-01,7.577727024512999066e-01,6.677648872700030491e-01,6.886353032463705670e-01,4.312970513428653341e-01,8.819936246914364952e-01,6.604954783442524846e-01,3.031584030995241319e-01,6.389964647933247255e-01,4.442737564653203020e-01,5.445295833413654751e-01,6.110400710906171984e-01,5.996726138427084241e-01,5.201492795719881990e-01,4.296222691010020966e-01,7.860404638894130658e-01,3.581385222787674127e-01,2.383872895036238115e-01,-1.851720755288984166e-01,4.066505289804773216e-01,9.406802980790738289e-01,7.360793510967266196e-01,8.146638620183270785e-01
