0.000000000000000000e+00,7.604344626813569485e-01,8.036788389645787012e-01,8.111002493697263560e-01,7.154906737801208783e-01,5.832940870607870032e-01,9.019884682970465972e-01,8.475833592443176023e-01,7.231037195398681838e-01,4.152610735422536115e-01,7.896631852341566837e-01,8.644729602707678096e-01,6.557311780349256436e-01,6.829785237903179818e-01,6.212503118768140098e-01,8.607883318071598566e-01,6.975164670801489164e-01,7.298709793329403173e-01,7.144401714247174962e-01,8.306650642024242526e-01,8.426916896067784268e-01,8.282028584422495010e-01,8.905488182606756675e-01,6.714303987563787768e-01,6.150161392358871604e-01,7.237298197545576350e-01,9.500926937369651437e-01,6.532936346712219233e-01,4.671901651106918352e-01,4.154932108833058191e-01,4.758412431405029674e-01,8.239107327435185590e-01,6.529964674880778253e-01,6.857440227672820798e-01,7.019582044171549517e-01,6.282806891401158944e-02,4.519162004115160336e-01,9.405485570016637320e-01,7.053722162639433080e-01,9.833932291626128475e-01,6.584919596330417457e-01,9.375183424727675519e-01,5.550993987119092754e-01,1.767629431009105564e-02,8.295774452655015896e-01,8.034232563387589954e-01,4.560650690565659637e-01,7.917569973873519462e-01,-1.239531969238119036e-01,9.980807245201614997e-01,4.549085891710539786e-01,9.270049979537631213e-01,5.720725104379689174e-01,8.891861638363734999e-01,4.255014389277088638e-01,8.298848095042451467e-01,9.051466260985208123e-01,3.422210396342593719e-01,9.562899171285558220e-01,3.589056070153826550e-01,6.005658365070761784e-01,8.532161248013778732e-01,6.682953602921009040e-01,8.980467727689014357e-01,6.099783953198210096e-01,4.683888521596788479e-01,5.364198315529091765e-01,8.593819519261615136e-01,8.653544556878871585e-01,6.557038386213219772e-01,7.491281587551242849e-01,5.838569725269781019e-01,4.991390938419367207e-01,3.554878625869276609e-01,5.902466469815360606e-01,3.065425569289049745e-01,9.790752106810679534e-01,8.596435509552600163e-01,2.365909557779710959e-01,4.653376611870047030e-01,8.188685437018873303e-01,4.142180973038400160e-01,8.717931205931652716e-01,3.880793379740267723e-01,7.247252679204223558e-01
7.604344626813569485e-01,0.000000000000000000e+00,6.761618677514633635e-01,5.965184988048217729e-01,2.985719717772267190e-01,9.600835275065564556e-01,7.989183468752598660e-01,4.290319984252927155e-01,4.010215026476586786e-01,6.669487114290111318e-01,6.259246945995298184e-01,4.999005435977881828e-01,6.764470168513809778e-01,3.344581956521587296e-01,5.378439119858294815e-01,1.157257884641581802e-01,6.443315557512342417e-01,5.728579722809615804e-01,6.160843650145398920e-01,9.323596900061148496e-01,6.315291104900032648e-01,5.695053039583319876e-01,5.290565986634372386e-01,4.884914028939983388e-01,7.736419411794667189e-01,8.438901146856472857e-02,8.665076620129457119e-01,5.852963143478696617e-01,5.172940666404044485e-01,6.689100584859640763e-01,4.930724265256325456e-01,1.597677005808441075e-01,5.117073781935596033e-01,8.692391920405970751e-01,3.813813432336923270e-01,4.437951963498965591e-01,1.601982031541649143e-01,6.352670881052255858e-01,7.584866873771937135e-01,6.054920497423456061e-01,6.902272238215745315e-01,4.608646993007662340e-01,4.962165631565045310e-01,-1.166035791618252881e-03,6.927276129549500006e-01,2.923422920154363780e-01,3.536666061498643376e-01,7.119913855887870513e-01,7.722502133868649477e-01,4.926869274863831527e-01,3.272166288338740348e-01,7.825264321601016482e-01,7.395716063419045527e-01,8.142954277743638114e-01,7.746325688603009629e-01,8.546897308578723651e-01,4.331223995338809862e-01,6.291463020379743920e-01,4.880851557620297099e-01,6.673150974907021693e-01,6.312868961587959626e-01,4.563588659332984965e-01,6.281076420099204194e-01,4.890072593236639009e-01,7.490343887166444059e-01,6.605291396169868934e-01,6.923690659134197345e-01,1.601649998964225219e-01,7.886824336321748286e-01,5.364301690093016273e-01,9.577267939898929106e-01,2.220143129944567584e-01,4.937473001029940023e-01,4.446726437762195672e-01,4.437495560961441377e-01,5.481951886895420900e-01,8.170332448197215047e-01,5.886897207239203400e-01,2.236854799412806571e-01,-1.145547592251312530e-01,7.892513161778040853e-01,9.197571546756386773e-01,6.964401952122524220e-01,5.218116626607074426e-01,9.741674489106129098e-01
8.036788389645787012e-01,6.761618677514633635e-01,0.000000000000000000e+00,7.130050114806933959e-01,3.782560629789941675e-01,8.662795652579579064e-01,5.411588735405088446e-01,6.007683555819554044e-01,7.393809360992079638e-01,7.029741849830598577e-01,7.491098882650860658e-01,6.650222512822256959e-01,9.688388284416978857e-01,6.908968086934781372e-01,9.695983583482762347e-01,5.400118084946118335e-01,6.694627142393049235e-01,-3.206142728825178700e-02,4.508320890859528474e-01,7.145810330737611960e-01,8.204430064482880480e-01,9.172879308236675522e-01,6.374130567317990437e-01,4.488976378370104769e-01,8.742650204475469478e-01,6.382272112400886321e-01,2.856160515968615421e-01,2.828009262359294507e-01,5.690699596356929568e-01,2.805775716348281046e-01,9.795655295685840036e-02,9.993691940748877789e-01,9.724107531051677800e-01,6.223182963421080016e-01,9.219301796938633720e-01,6.058498236723541819e-01,4.834780436522300162e-01,9.249924386027125189e-01,6.486792244571202293e-01,8.777110498072312472e-01,-1.531326964995254891e-01,2.598744729255390018e-01,9.729628560199770071e-01,4.078742961362839536e-01,7.172724027594479246e-01,6.519738089538518189e-01,9.578572359356525290e-01,6.305602192770493053e-01,9.739715940692382778e-01,6.005996498323248334e-01,9.944081445310239964e-01,3.457248442402957589e-01,6.712769968239920004e-01,9.680270903230692170e-01,7.877667360235051097e-01,4.438342135115541098e-01,8.692930618169972812e-01,8.936311688998153091e-01,8.124470101192637905e-01,3.110639794601169905e-01,6.484452464831983454e-01,4.547065239346895216e-01,9.569289026544380850e-01,6.451133373878378263e-01,8.963792479239088840e-01,9.987898607996181788e-01,6.993599445904680190e-01,6.751847947404439054e-01,6.333482139267170297e-01,8.496754124620442550e-01,8.326145495364652982e-01,9.788739044764114272e-01,2.676290140600991463e-01,3.063442113907232645e-01,8.875045693355536613e-01,5.462605848170727363e-01,7.971958712593327778e-01,7.569405505412758473e-01,3.089970213096992491e-01,1.125969293812739552e-01,5.397174458142185438e-01,6.614740043467834951e-01,4.833504582013107842e-01,2.837963023442053867e-01,9.729974273474790714e-01
8.111002493697263560e-01,5.965184988048217729e-01,7.130050114806933959e-01,0.000000000000000000e+00,9.516176080139064908e-01,7.544609646808337899e-01,8.747179882714875010e-01,4.794497189422204930e-01,7.616750286455972185e-01,8.384918935612026836e-01,7.994829766071029908e-01,9.366139506871908882e-01,8.254229353401667524e-01,7.805210035461138673e-01,1.915623183732476920e-01,5.030781751182655803e-01,5.584408566330102408e-01,8.245095412930677492e-01,4.401456707400898671e-01,8.640103144314348338e-01,9.996899548952613568e-01,9.053005596680812062e-01,7.437613616761418189e-01,9.055137962930693840e-01,2.881441486797471363e-01,7.837924661126953740e-01,7.690845582335652519e-01,7.557363665954981435e-01,4.395218071564233053e-02,2.090950929370428146e-01,5.344993688552728273e-01,7.375377045842907986e-01,9.475192643929382097e-01,6.146973321960448322e-01,8.785645557917890480e-01,1.774181579889099192e-01,4.796649510429051855e-01,6.502978020002072590e-01,7.087022753236372763e-01,9.572246270028192949e-01,3.784389663738775278e-01,5.308820523086514864e-01,8.682367369316505989e-01,8.746153101510754091e-01,9.507370371188752500e-01,2.874810441780000225e-01,7.421058333572783106e-01,4.645798415927920866e-01,4.861213146412205477e-01,5.756580820231176343e-01,7.758857795612071895e-01,7.714370855113226177e-01,5.034762610249342574e-01,4.220553726009902418e-01,5.036639762812393784e-01,8.909566853160039157e-01,8.819880159146984422e-01,3.970000227190094710e-01,5.627312459372868503e-01,1.334162121901127651e-01,2.845050323337159348e-01,9.989801450618291945e-01,7.123573290701890048e-01,2.256884984133383509e-01,4.410270170548120650e-01,2.459273666229301325e-01,5.816633339735124419e-01,7.512317135653463485e-01,4.821888951838936843e-01,6.802398953115849078e-01,9.358516961253716682e-01,6.987676264642864732e-01,3.891870060633215861e-02,2.216176892882782412e-01,4.924551694289392989e-01,8.003484583897801929e-01,6.288643156713908944e-01,5.365607918702777202e-01,2.626365781969795532e-01,2.663990609159276324e-01,4.862207832841298760e-01,9.116651253679468603e-01,4.341082159686978637e-01,4.893039741288408018e-01,7.817337370409708219e-01
7.154906737801208783e-01,2.985719717772267190e-01,3.782560629789941675e-01,9.516176080139064908e-01,0.000000000000000000e+00,4.981271018687468688e-01,2.558258404779657491e-01,4.416815108531007006e-01,4.576070883881437346e-01,9.133961907013552484e-01,4.388366231384399074e-01,6.466160335379286250e-01,9.721480062307864545e-01,9.467775606002806210e-01,7.435202458131795478e-01,7.745659998459598211e-03,4.144871421095503994e-01,8.280412735249187417e-01,7.486218946849416689e-01,6.466493788894658312e-01,6.179222308086639304e-01,3.462666431960731983e-01,4.964015689031395229e-01,2.113531537488113898e-01,4.160963355013180820e-01,7.096608166383587823e-01,7.153799835734813151e-01,6.536958800558526628e-01,3.131779912781214592e-01,3.849802022919880939e-01,1.997188421158773430e-01,3.598205206161483316e-01,7.753732859503965624e-01,6.218252477613823714e-01,4.473411621341950584e-01,5.333420675307867231e-01,5.304307294016725738e-01,7.024172991732702265e-01,7.747459439906362322e-01,7.313015018850659299e-01,5.581289918522781557e-01,2.560540203236368328e-01,6.220830520842847156e-01,8.097579742894179811e-01,6.082690758227611294e-01,4.851482168024228714e-01,2.709996286285537015e-01,6.255179983107608255e-01,4.561066327037853196e-01,8.341134314701503794e-01,6.507805744717227725e-01,3.858220951633251072e-01,7.316231847029416313e-01,6.590853431615824043e-01,8.703854547928491225e-01,9.568011280894299642e-01,7.136244614131900255e-01,5.987357138734683559e-01,6.817197312457280445e-01,4.317692469382194975e-01,3.384022563596261746e-01,4.845219200793111081e-01,7.932687073184896409e-01,5.188437345700775971e-01,6.614405045470238553e-01,7.258345545185072023e-01,9.874023271597884843e-01,4.435879561651382419e-01,4.573790427729034769e-01,6.280710246237968253e-01,8.364480891172564325e-01,4.685807651931953588e-01,3.065383928926017701e-02,3.763679825061251316e-01,5.059060133808065407e-01,4.136140126109033588e-01,7.201727030813886987e-01,5.795796196551886159e-02,2.302111097426259301e-01,1.116726680478677541e-01,6.971797596150876020e-01,9.061778817324592783e-01,9.500524216493058116e-01,7.342238860980546122e-02,-6.204526851005573440e-02
5.832940870607870032e-01,9.600835275065564556e-01,8.662795652579579064e-01,7.544609646808337899e-01,4.981271018687468688e-01,0.000000000000000000e+00,5.365705509745493096e-01,3.764776339319855225e-01,6.140887782093128466e-01,7.633948088382482844e-01,6.908107764373007109e-01,6.014031319307583390e-01,5.331516083819304308e-01,9.248316276631820543e-01,5.370334557108841222e-01,1.759896192901702280e-02,7.493430456409533313e-01,5.468034539280263173e-01,2.217626418908258956e-01,8.399665322397491529e-01,9.699648297039412670e-01,1.628200954422076852e-01,6.461784601839253295e-01,8.959403824360974156e-01,4.940572335898995582e-01,9.902099600425756654e-01,6.966992759667522961e-01,7.073906623435181062e-01,3.759257700845493044e-01,7.972225050917498557e-01,4.201444627026670320e-01,2.077915628057764308e-01,5.888942885381636128e-01,8.124437946743872097e-01,7.500116132711438510e-01,2.772217059214143742e-01,4.595370410536457895e-01,5.342718208082635201e-01,9.335652818097394112e-01,9.083237225631591860e-01,7.644172993047324560e-01,8.808493742433908258e-01,8.584958297973531716e-01,1.958159172545417270e-01,5.198047777196028729e-01,6.860041932921727703e-01,4.611722012759330025e-01,5.944820383553809373e-01,3.334994165133987609e-01,2.826486772864999497e-01,5.423903200299386995e-01,8.158956193042764538e-01,7.298996323983897305e-01,5.843096179350243391e-01,6.513988578610476754e-01,6.737991121265920480e-01,6.527107995624130687e-01,3.530762425388955794e-01,6.914394597049405844e-01,3.999006406719450846e-01,7.027905361141308926e-01,6.774898633331831732e-01,4.884725357705889115e-01,9.905067136136083139e-01,7.155935173814962358e-01,-1.482336009842483149e-02,6.663212333289023626e-01,9.015118943550556319e-01,6.860157743324755975e-02,5.605038181485277882e-01,6.607227296024722474e-01,6.134228743311797016e-01,3.755055642883639022e-01,4.078868794533721531e-01,4.291785230503276649e-01,6.588575208220102120e-01,7.843128073765501806e-01,7.333512288034684801e-01,6.855779614058026272e-01,3.746457338081267130e-01,3.974683507172057650e-01,2.320733587627938077e-01,9.492767359486588008e-01,6.938450889456518889e-01,9.559323348458690361e-01
9.019884682970465972e-01,7.989183468752598660e-01,5.411588735405088446e-01,8.747179882714875010e-01,2.558258404779657491e-01,5.365705509745493096e-01,0.000000000000000000e+00,3.404874642496976689e-01,6.764835024456670176e-01,3.590280047142572206e-01,5.993596362926856269e-01,3.177366852527232499e-01,5.791891023476493094e-01,7.200902266057881418e-01,5.599695718068417039e-01,5.649344172528606434e-01,5.606818812869176494e-01,3.559037778732944135e-01,4.547787290865007992e-01,7.246554982942213785e-01,7.642029682832546245e-01,6.583212375492859536e-01,7.636110705035634716e-01,4.785779567032955595e-01,9.107733969420174214e-01,7.266805516418762823e-01,2.601090196467314986e-01,7.330153741004763468e-01,7.405081098185515298e-01,8.442271157462968856e-02,4.353844297939198360e-01,7.812506769448515076e-01,5.320094605577758706e-01,2.387917911908531976e-01,5.787966824446195702e-01,3.901882057470654752e-01,2.086851114843767396e-01,6.507334900939033551e-01,8.536677418326683586e-01,5.668373034065543603e-01,3.376996816523705203e-01,3.160081407405743170e-01,7.987417214577865465e-01,7.205416692858879202e-01,9.751319781214466964e-01,4.959627600328911368e-01,5.359761809136255328e-01,6.708496696475521048e-01,3.155999197476205831e-01,6.648462934094144794e-01,3.608444588119270047e-01,7.399323053767379310e-01,5.407022956107127021e-01,4.968539448498048849e-01,7.636190990191917827e-01,5.593687901438616494e-01,9.001199170783680259e-01,2.703388890759663155e-01,6.057820482650757565e-01,4.740303454798907024e-01,4.337077647225009436e-01,9.610202212979597480e-02,6.930805379010198664e-01,8.263124091511973024e-01,9.083266283715011324e-01,7.600791475375917594e-01,6.066328658715228750e-01,9.894563615055069761e-01,4.028159022407680756e-01,6.263126014895744609e-01,6.568286382566237425e-01,4.435632099801906647e-01,5.746851547678295535e-01,5.777871582973951314e-01,5.557625382518630586e-01,5.889599302203745168e-01,2.263864854048065200e-01,3.905318482770770983e-01,4.334088896172222372e-01,3.674797604419435121e-02,2.989385437601596029e-01,8.037879559311169597e-01,6.060843327441146622e-01,5.442445831759732400e-01,7.042172556992959409e-01
8.475833592443176023e-01,4.290319984252927155e-01,6.007683555819554044e-01,4.794497189422204930e-01,4.416815108531007006e-01,3.764776339319855225e-01,3.404874642496976689e-01,0.000000000000000000e+00,7.300574962368338028e-01,7.039735898645020917e-01,-4.242341476407168743e-02,2.401210172059836945e-01,3.098688522780230770e-01,8.398335559592448041e-01,4.970657742419282710e-01,6.625699857495505052e-01,3.803600524281507411e-01,2.548973935586464901e-01,4.221823954673118440e-01,9.890610849388541403e-01,9.126928218674370541e-01,6.072356800423051038e-01,1.227333108646703752e-01,5.018839231897436193e-01,2.211188604616158848e-01,8.776710308050308385e-01,3.506188682135507467e-02,5.956908910695601911e-01,4.205404668615955188e-01,-1.188570534955902258e-01,5.881620208562352570e-01,4.262176423834375116e-01,6.703182701940907373e-01,7.172244107802637769e-01,3.003648006250238534e-01,4.219780242079177457e-01,5.447409348770564375e-01,4.010660394476511237e-01,7.875972538385537236e-01,4.869945933028902996e-01,3.408896243290049921e-01,7.100343029182815124e-01,7.096732997981053392e-01,5.543554888430197725e-01,8.339672168300594768e-01,7.283029144252318732e-01,7.453454492205082715e-01,6.488364108565793931e-01,3.931179764332819460e-01,9.430219564546653555e-01,5.238146381667252438e-01,7.197359871895487871e-01,5.923343928270031755e-01,4.401837636022747358e-01,4.040369121154019361e-01,3.924893321631542920e-01,2.374527717053106224e-01,5.503264254639980146e-01,2.853793642609845915e-01,5.130775127700467619e-01,5.261805008635096481e-01,7.030032916860846637e-01,7.344865804561608869e-01,6.326724304502168161e-01,6.666777972609405634e-01,5.145430540030373479e-01,4.639560538547584101e-01,7.947270506896786380e-01,6.969417516411641200e-01,5.006500816421729505e-01,7.414029563124305833e-01,7.916630888411051448e-01,7.699828508339612299e-03,3.083142425657867669e-01,7.198748130087260222e-01,4.363570289799675872e-01,2.356881463237184560e-01,8.841296835971867996e-02,5.558187324511850713e-01,3.722574488060274023e-01,5.046297308332943210e-01,9.535819474180549093e-01,1.884692775597712477e-01,2.044324637996037530e-01,3.845266647598825083e-01
7.231037195398681838e-01,4.010215026476586786e-01,7.393809360992079638e-01,7.616750286455972185e-01,4.576070883881437346e-01,6.140887782093128466e-01,6.764835024456670176e-01,7.300574962368338028e-01,0.000000000000000000e+00,7.526846471848758213e-01,7.467575171731122285e-01,7.014090114417643740e-01,7.329865984264667400e-01,7.000649404218560745e-01,5.160319083806104157e-01,4.106376935120082394e-01,7.271386437384111945e-01,7.508508255192077874e-01,5.087143901889168429e-01,5.762150563484012000e-01,8.016994815336002667e-01,3.106925309944852942e-01,5.610931660535607435e-01,3.490106678987082711e-01,5.863598435004977460e-01,4.117925040910300205e-02,7.756023131311169383e-01,5.302095412000136232e-01,5.197979524670937046e-01,1.671848318791082089e-01,-1.921468425311821382e-01,7.783862449280225526e-01,4.097216178371724249e-01,6.581769986440707543e-01,5.332874740615022313e-01,5.986632712897436148e-01,2.477267096856400896e-01,1.275586937791770709e-02,7.793908745695810047e-01,3.044089622402574302e-01,1.261320344584981601e-01,7.894074803452303390e-01,7.193593319498077232e-01,3.336023253901857499e-01,3.532408780924086167e-01,7.448342846469194756e-01,7.427969112702981214e-01,7.781212052713694094e-01,5.420958172438197220e-01,7.776702565752757756e-01,4.339264709130552511e-01,3.073839436944160175e-01,7.652898701491176459e-01,3.814279292931136434e-01,8.896846639243483068e-01,-3.555757183662526799e-01,6.491393859344368744e-01,3.230279893421749149e-01,7.153676620353200954e-01,5.391876801608689318e-01,6.812844940512204905e-01,5.036167382790521785e-01,6.276148426726806395e-01,7.222541825234949364e-01,9.263370759607729710e-01,5.755072314383037346e-01,3.156542377342083094e-01,9.284340509394621854e-01,7.686333576727577555e-01,4.419175534339040423e-01,7.671644670504590424e-01,6.171434934125525906e-01,4.749323527104649667e-01,3.835118881094060073e-01,5.569461409659000051e-01,5.841567887100376222e-01,4.964077826102319402e-01,5.251374621124251796e-01,3.823024501087657345e-01,5.591036124046477873e-01,3.010322728924423874e-01,8.495753907069540922e-01,1.489556834403087116e-01,4.067081331250294585e-01,9.731046331244633807e-01
4.152610735422536115e-01,6.669487114290111318e-01,7.029741849830598577e-01,8.384918935612026836e-01,9.133961907013552484e-01,7.633948088382482844e-01,3.590280047142572206e-01,7.039735898645020917e-01,7.526846471848758213e-01,0.000000000000000000e+00,7.197364978175717631e-01,9.078555284575305917e-01,-9.940185838037160493e-02,8.738093330033031014e-01,1.726638047810050702e-01,8.299163037468619830e-01,8.929115646485270563e-01,2.217455795068993818e-01,7.782526153952102899e-01,3.130163353524228476e-01,8.259089403348578440e-01,2.696306453051418028e-01,8.426796879604504520e-01,7.515730217189137141e-01,6.533654135461011148e-01,3.598597394579971520e-01,6.824467355096079935e-01,6.847418528938602478e-01,1.709742840013816489e-01,4.203990067374124839e-01,2.102231342628810007e-01,5.519124890915494408e-01,7.394056881451468444e-01,6.723826590674442105e-01,4.942731524986959668e-01,3.235815217130503241e-01,1.930206792083616896e-01,8.011094863559267143e-01,6.002204368850126981e-01,6.345552268063141543e-01,6.025926771030721829e-01,6.058853738856404547e-01,4.609188563287058837e-01,6.266830468478181704e-01,8.088602252748785526e-01,7.594956159321086808e-01,6.851506993102861598e-01,9.135618413206217925e-01,5.966990083832428571e-01,4.075333785143319676e-01,7.351360156559471060e-01,-9.768530959488228027e-02,9.096693996232182444e-01,4.865845344980413434e-01,2.712803501550120622e-01,5.650725010256049119e-01,5.904936505623692433e-01,4.374409272413572469e-01,4.397113397429441850e-01,3.826884150287335196e-01,9.335629461732060375e-02,7.782980175578987359e-01,8.684369110099403599e-01,8.266221548509402606e-01,9.559190510068640290e-01,4.990462750381779999e-01,3.910070657751189005e-01,6.173871064022732336e-01,7.894114157924716491e-01,6.699723238027025518e-01,6.016592449959617950e-01,6.385499063728086178e-01,6.082574586769079472e-01,4.005211892514214944e-01,4.024724650040036877e-01,7.499668766789859831e-01,5.234124895464662419e-01,5.204995647569665707e-01,2.534306508240116163e-01,9.515922771378831913e-02,7.369244190066271960e-01,7.144976903903201837e-01,7.798583678147497089e-01,1.430429417221505684e-01,7.433802833588789571e-01
7.896631852341566837e-01,6.259246945995298184e-01,7.491098882650860658e-01,7.994829766071029908e-01,4.388366231384399074e-01,6.908107764373007109e-01,5.993596362926856269e-01,-4.242341476407168743e-02,7.467575171731122285e-01,7.197364978175717631e-01,0.000000000000000000e+00,8.160029878682889537e-01,4.870381178165364422e-01,6.668868421684710501e-01,6.415576840400334380e-01,6.704348475779591254e-01,8.176767753477163225e-01,4.663412964597279942e-01,7.592912109288043609e-01,8.374719230618608012e-01,8.787360789228430002e-01,2.545691640010678825e-01,6.486780073615638909e-01,7.576161988436334038e-01,6.165642036654516156e-01,4.556486749975420247e-01,8.730427703623078184e-01,6.120648938174755305e-01,3.250844692778067646e-01,4.158604005937113213e-01,4.893801021413857200e-02,7.376037649917770445e-01,1.651696683018623879e-01,7.078127570268158975e-01,2.757469694431263774e-01,5.636143946070063526e-01,1.104176469019925722e-01,6.955720058976849751e-01,7.724560229232909636e-01,5.068458182403882128e-01,2.643266917813429928e-01,6.069742785194028878e-01,8.923118648740666625e-01,4.353525990388463773e-01,8.502716984685614321e-01,3.094445622720803923e-01,7.264086027378933164e-01,8.837563318400999401e-01,7.905589517709173952e-01,2.742670364857308640e-01,3.236027893698369406e-01,6.308786173579554735e-01,6.324687723056818811e-01,9.619377347131421452e-01,8.635985251575860611e-01,3.669842545800502953e-01,4.721470414124222525e-01,6.975439391996745009e-01,9.862643004888366205e-01,9.583386451664020755e-02,4.897807367413914426e-01,2.368652843271940589e-01,6.981359678451788398e-01,4.308592813954123524e-01,8.199583115586509541e-01,6.899974148011622788e-01,4.917050071647645071e-01,5.281171735726195582e-01,5.969893063761613217e-01,1.469573039789595637e-02,4.877786596308817391e-01,5.960107983445295243e-01,4.928384992151736421e-01,3.183185106647299367e-01,7.138525188327997650e-01,8.787580747654659685e-01,5.061977349332213993e-01,3.128000201917411349e-01,3.757656855834845544e-01,1.227062068342444356e-01,4.236977109068543190e-01,5.371889515212073807e-01,5.248396950655329629e-01,-6.210815001020730808e-02,6.815475054291579848e-01
8.644729602707678096e-01,4.999005435977881828e-01,6.650222512822256959e-01,9.366139506871908882e-01,6.466160335379286250e-01,6.014031319307583390e-01,3.177366852527232499e-01,2.401210172059836945e-01,7.014090114417643740e-01,9.078555284575305917e-01,8.160029878682889537e-01,0.000000000000000000e+00,9.109748093125289437e-01,6.179592402586007172e-01,4.614104177401832096e-01,3.712000159504682539e-01,6.034298635468222649e-01,2.174020908740264546e-01,6.933649543597938392e-01,7.819461885531396872e-01,6.280759657759833470e-01,3.838265654011762118e-01,8.777443190584869326e-01,6.926135027542411615e-01,3.595620194712527140e-01,4.242871647304975735e-02,6.642539000213818490e-01,8.449143192546543224e-01,2.003940180194084819e-01,3.153934834878195925e-01,3.252150957804524900e-01,3.723650303896131053e-01,5.737814512537067202e-01,3.992316496634766843e-01,5.178185728185342729e-01,3.298664234750993129e-01,5.415376886520292254e-01,9.414146409922310998e-02,2.177418338490833272e-01,7.297986755818437477e-01,2.153135726348857637e-01,5.716336183829053841e-01,4.208697045024190619e-01,3.002576167145077912e-01,7.799103019787141378e-01,9.884618270310491228e-01,4.386330890033227625e-01,7.777013885933827808e-01,4.080698566462743204e-01,2.528245579990807679e-01,-6.459802439067394153e-02,6.849864831037250079e-01,7.975663632946350390e-01,5.386383958746547851e-01,7.101270508614863086e-01,7.345590794027369030e-01,4.566735108937660104e-01,1.066877175946471940e-01,8.031059590204312482e-01,2.922214431783980437e-01,3.060089234427798566e-01,7.405920410864039738e-01,3.627836771489544865e-01,6.383587832838615306e-01,5.512059373363884518e-01,7.649944806789543694e-01,3.768083453850512576e-01,7.121472186143829042e-01,4.361872856042836588e-01,7.766163559092901236e-01,9.474078826028109468e-01,5.875000037108877304e-01,2.672613122463331492e-01,2.133342766502900334e-01,7.522100981850684542e-01,4.861909690049584509e-01,8.102812572736592944e-01,3.550806266599779715e-01,4.991903285545314928e-01,8.919834381804565837e-02,-1.708431204343965615e-01,7.123175071330494212e-01,7.046298816200270432e-01,5.041127963010950674e-01,2.618298863871438842e-01
6.557311780349256436e-01,6.764470168513809778e-01,9.688388284416978857e-01,8.254229353401667524e-01,9.721480062307864545e-01,5.331516083819304308e-01,5.791891023476493094e-01,3.098688522780230770e-01,7.329865984264667400e-01,-9.940185838037160493e-02,4.870381178165364422e-01,9.109748093125289437e-01,0.000000000000000000e+00,4.593494830134515206e-01,4.290408892553269626e-01,9.722367813661698666e-01,3.099460666701779332e-01,6.545593495343908774e-01,2.857185550673556063e-01,6.336149208536810962e-01,6.571047761124926279e-01,6.692187205168208530e-01,6.370967483097382811e-01,7.225773569044473543e-01,3.192740285904592801e-01,4.560287707825497749e-01,5.267266955888352253e-01,8.511954766139947504e-01,5.068983134084538156e-01,3.640679716752083239e-01,2.848037893492098016e-01,6.714675981854097975e-01,2.469217446353495771e-02,7.822900378046907521e-01,5.481154190910193513e-01,-1.704234539409169857e-01,-2.094253439365290070e-02,7.527843605324161524e-01,7.745158056884418052e-01,7.950556847379355307e-01,2.469648922959448989e-01,9.998989525236403608e-01,7.525635574795686011e-01,6.178207931836225963e-01,6.602276907043569398e-01,3.044794207548663367e-01,3.802910520864355437e-01,7.933818745989349441e-01,6.268032102463167998e-01,7.908811298326144934e-01,9.374641769057966423e-01,5.400954917124831667e-01,5.999609310767866077e-01,6.558851663581954927e-01,7.554664407757141209e-01,7.425757172914477788e-01,7.190820003267156535e-01,6.354399703107322939e-01,6.846342919280129502e-01,5.985083807685773749e-01,3.273337233172050054e-01,4.774769058560475177e-01,7.948175753661290699e-01,6.301415487720192221e-01,7.104565946613242700e-01,6.248392737545764852e-01,2.068216843787998860e-01,9.062119613647444671e-01,8.417524383759447115e-01,9.854669922578949137e-01,3.601856903322059322e-01,8.676032719633890444e-01,5.062610495238942798e-01,5.554190759769667141e-01,5.786585048632560957e-01,6.051336019973916347e-01,9.185689299152979270e-01,4.604021589561680949e-01,9.827994292264344289e-02,5.268952473831062244e-01,5.392413477877660011e-01,5.471717768447703634e-01,6.643621738335276916e-01,-3.714976961285147983e-01,4.005279942847717600e-01
6.829785237903179818e-01,3.344581956521587296e-01,6.908968086934781372e-01,7.805210035461138673e-01,9.467775606002806210e-01,9.248316276631820543e-01,7.200902266057881418e-01,8.398335559592448041e-01,7.000649404218560745e-01,8.738093330033031014e-01,6.668868421684710501e-01,6.179592402586007172e-01,4.593494830134515206e-01,0.000000000000000000e+00,9.547084225173144700e-01,7.618818735667290953e-01,8.182700542169926150e-01,8.680392159920891082e-01,8.700690814914427973e-01,7.793079092670509578e-01,5.808572650618302191e-01,6.489540294141610266e-01,8.583418307914876255e-01,8.959609510795406573e-01,-2.438136612078599663e-01,7.962246780957551451e-01,4.378318426255300433e-01,6.107184306411826968e-01,3.502942910493850870e-01,5.575878123562066913e-01,2.271478364139251360e-01,4.591660567291740991e-01,6.455310497992764462e-01,6.434222315136605141e-01,5.435943064843119510e-01,4.101144865591244137e-01,2.800976817372017313e-01,8.366836992992253696e-01,7.481016122375580002e-01,4.082171147042445436e-01,6.658623084902153266e-01,1.249372901521905305e-01,5.035490296268975152e-01,4.621435804054362384e-01,4.791648834577528770e-01,7.092909213623637132e-01,6.105185119620486489e-01,5.151650052589886730e-01,6.258283293859381313e-01,7.338543270563083754e-01,5.040406004383898297e-01,7.870041000268611642e-01,8.698607072493976800e-01,8.608468970025238143e-01,6.738454086276562949e-01,5.690807111123261652e-01,7.662034662061328882e-01,7.263547124783514830e-01,8.208367233816429298e-01,3.483793220822407610e-01,7.223073993323809727e-01,4.311825598205207832e-01,4.762819848383602617e-01,6.407032882272108987e-01,5.865124583489331744e-01,8.704067236017904996e-01,7.312084792536309719e-01,1.491014281338073344e-01,3.220461032678101354e-01,6.007161618907655987e-01,2.255888657294801702e-01,5.696409154440164047e-01,5.328618063828478579e-01,5.530679464294653291e-01,3.212197378822734262e-01,7.118170777958210405e-01,9.350665020425216190e-01,6.064718959552927169e-01,3.875950496112626764e-01,2.977503651848198984e-01,7.643445252353855413e-01,9.728510847109549387e-01,7.747193340744488177e-01,4.565706844816641019e-01,2.953655742243718185e-01
6.212503118768140098e-01,5.378439119858294815e-01,9.695983583482762347e-01,1.915623183732476920e-01,7.435202458131795478e-01,5.370334557108841222e-01,5.599695718068417039e-01,4.970657742419282710e-01,5.160319083806104157e-01,1.726638047810050702e-01,6.415576840400334380e-01,4.614104177401832096e-01,4.290408892553269626e-01,9.547084225173144700e-01,0.000000000000000000e+00,7.473143533816508643e-01,4.782335152191566907e-01,6.034225870693514793e-01,4.769564795559221304e-01,7.061032206315598359e-01,7.766616493108320363e-01,4.704894358991663639e-01,9.072167551967552646e-02,9.135200471422610935e-01,3.580484228142137848e-01,8.239048104878707868e-01,7.279372059802946549e-01,6.479541037590177410e-01,3.903669698008838673e-01,5.302186867787658242e-01,5.102422100011050343e-01,5.954675522197532267e-01,5.224208037070147137e-01,4.752090121992894600e-01,2.935683595241632693e-01,4.358319632122050202e-01,4.654692087195383410e-01,9.279038111803025179e-01,8.765671054098781445e-01,7.994255461687638231e-01,7.473395170909512275e-02,7.062773135513108480e-01,9.665312993970871513e-01,2.194263424081500380e-01,8.381138729321678804e-01,2.565703127920221926e-01,7.422661709389857254e-01,5.506668739474083196e-01,4.554987247298199482e-01,5.628746110221209964e-01,7.070212883844522178e-01,6.680877707136924082e-01,8.125481818812603230e-01,1.058493254737946504e-01,6.349064595302493785e-01,4.195661264239737842e-01,4.490706249005575468e-01,7.258436757153312602e-01,4.145267008553287780e-01,1.425583879518446950e-01,4.673815215872332285e-01,4.866544413027839022e-01,5.867583646841847411e-01,4.902531352712425905e-01,8.347174208588559186e-01,6.934552012076719008e-01,8.043558582969215776e-01,-2.880619510169146746e-02,1.614984158273438941e-01,5.741792574667300419e-01,2.307816473851828920e-01,5.495490757896122069e-01,6.001097975594021916e-01,4.391553842829828969e-01,3.438727772852991360e-01,4.795639654330664525e-01,9.994815610768436054e-01,3.503737711091028384e-01,2.392711726516220105e-01,3.672746163632319982e-01,2.834794652396935288e-01,7.293152521385228848e-01,7.909477782145267755e-01,3.382571138698471369e-01,4.745177289944177423e-01
8.607883318071598566e-01,1.157257884641581802e-01,5.400118084946118335e-01,5.030781751182655803e-01,7.745659998459598211e-03,1.759896192901702280e-02,5.649344172528606434e-01,6.625699857495505052e-01,4.106376935120082394e-01,8.299163037468619830e-01,6.704348475779591254e-01,3.712000159504682539e-01,9.722367813661698666e-01,7.618818735667290953e-01,7.473143533816508643e-01,0.000000000000000000e+00,2.671936743093912270e-01,8.762148870267304490e-01,5.409676263491136616e-01,5.777552277726364371e-01,8.961995013156343060e-01,5.430147837540423295e-01,3.399313286505408760e-01,6.186822697127848381e-01,2.396427617765848894e-01,2.531020345450006870e-01,8.158400659131872512e-01,-3.336348890335889550e-01,2.660410360216064474e-01,3.676231822076119204e-01,4.175407584966353558e-01,5.821300320116198357e-01,4.613109997018761121e-01,-1.048636977797989811e-02,5.042426738638371431e-01,5.556138081268690021e-01,5.834610835155202846e-01,1.242733212437887626e-02,8.550019803593320589e-01,9.335140175706981847e-01,4.228700417518437282e-01,2.203075998344545261e-01,4.768897167831037121e-01,6.929455873693445289e-01,6.659092697958504115e-01,6.896064527943689404e-01,9.279072004192412404e-01,5.224904394369918048e-01,2.094681233842226598e-01,4.802556991615846704e-01,5.097660175875374788e-01,5.936087882221122713e-01,4.724282668020582387e-01,6.704969287667709166e-01,4.506975896001498838e-01,6.627425818706159655e-01,7.407920010697304214e-01,5.856500078891642147e-01,8.977135743431801096e-01,4.808090029314048275e-01,2.316057843385859738e-01,4.276961444419816738e-01,4.250371709561711064e-01,6.880385563952916561e-01,7.766937690117295956e-01,7.616419044410609462e-01,9.980066890715000305e-01,9.884409638904887441e-01,2.527816370371095411e-01,2.927090375743337525e-01,6.154526276787875005e-01,-1.762847855330597624e-01,3.699914261275749627e-01,3.018959161082405696e-01,4.335843609583758251e-01,1.965114433790917658e-01,6.250995327127693013e-01,2.437840937053546708e-01,4.483319963470748237e-01,6.466894268142346913e-01,-1.952471307015963553e-01,6.503756033427294803e-01,6.290700025515161276e-01,4.373390375145832509e-01,2.732005025473503435e-01
6.975164670801489164e-01,6.443315557512342417e-01,6.694627142393049235e-01,5.584408566330102408e-01,4.144871421095503994e-01,7.493430456409533313e-01,5.606818812869176494e-01,3.803600524281507411e-01,7.271386437384111945e-01,8.929115646485270563e-01,8.176767753477163225e-01,6.034298635468222649e-01,3.099460666701779332e-01,8.182700542169926150e-01,4.782335152191566907e-01,2.671936743093912270e-01,0.000000000000000000e+00,6.734081708755801365e-01,8.317865851840983149e-01,7.627764525652924732e-02,7.346369773398363501e-01,6.344704044349607219e-01,9.867238578863093412e-01,5.432709802338007155e-01,3.641591704735414048e-01,5.453643847420899249e-01,7.717682279028317271e-01,9.302492484320485922e-01,-2.459839371027325305e-02,-1.411555796774443261e-01,2.726946792209626880e-01,7.238579072576237783e-01,8.167069369019218650e-01,8.764120861527719963e-01,8.557013735743582705e-01,6.039721874858595685e-01,4.810026011255804645e-01,7.392323732644743295e-01,7.281823265599779438e-01,9.458238433245100829e-01,4.639801168914475804e-01,7.535713011388824878e-01,7.647869374103479778e-01,6.435421964125525029e-01,8.080348127177751083e-01,9.986856760248876697e-01,8.060398608212259175e-01,3.206834624458999583e-01,9.148873330426626760e-01,5.389541088545984904e-01,6.018285409944363895e-01,8.372761378201931670e-01,8.045093677195356285e-01,6.063335218770606883e-01,7.209512046272369412e-01,9.574925263502437334e-01,4.401236799980485226e-01,5.338204267295396654e-01,9.757743739087773038e-01,2.849389815850550400e-01,3.572716256957326753e-01,7.629204039140808913e-01,5.314634376951556938e-01,2.183136286483329802e-01,8.067224931566393531e-01,6.849391556712614015e-01,9.807066765917148432e-01,8.072993399867282038e-01,7.069749797581468265e-01,6.889749818372531420e-01,7.083604740983518999e-01,6.942400963837126460e-01,6.919447820511652747e-01,1.351106368508810662e-01,4.803211450513695246e-01,5.651568459133311517e-01,6.562154101430294206e-01,7.901532019514858618e-01,4.610053334764309674e-01,1.981802424588580969e-01,8.399574166306267298e-01,4.556828803519168969e-01,2.121571672330856695e-01,7.938357454290246862e-01,9.590563709782836677e-01
7.298709793329403173e-01,5.728579722809615804e-01,-3.206142728825178700e-02,8.245095412930677492e-01,8.280412735249187417e-01,5.468034539280263173e-01,3.559037778732944135e-01,2.548973935586464901e-01,7.508508255192077874e-01,2.217455795068993818e-01,4.663412964597279942e-01,2.174020908740264546e-01,6.545593495343908774e-01,8.680392159920891082e-01,6.034225870693514793e-01,8.762148870267304490e-01,6.734081708755801365e-01,0.000000000000000000e+00,9.725685388518677810e-01,6.971426199330785778e-01,8.253104611937688295e-01,-3.133360998331052860e-02,3.971631991218844693e-01,8.600908220103813395e-01,1.550830160027305005e-01,7.995959527891474128e-01,9.622887015530441346e-01,9.436266999212410411e-01,-3.172638785147982032e-01,8.163948678473723075e-02,7.659183458510706588e-01,6.776341470016025159e-01,6.475909905883390216e-01,1.523124357172487009e-01,1.978584188391899201e-01,7.249738383111755669e-01,5.451526387846867827e-01,7.875456516248364736e-01,6.063770708527733699e-01,6.710254455564580445e-01,7.794016146363541564e-01,4.459392223642499320e-01,6.520849804845461062e-01,6.688999555613247550e-01,8.502875076055949055e-01,9.052791834409615879e-01,7.822929601883470418e-01,8.632874789134805660e-01,1.392076990210978915e-01,5.498898494248452007e-01,8.273647904386373098e-01,4.495073557716646739e-01,6.226778522512009806e-01,9.310881902132045473e-02,7.807818166482425326e-01,-1.863965579461954458e-01,5.681442521973888438e-01,5.007536651982541498e-01,9.434233331755428331e-01,-4.217055589609342015e-02,6.082495704428391159e-01,7.852169154273543894e-01,6.287413831125974184e-01,9.356986520644932082e-01,9.291535323878878927e-01,3.473561807658228640e-01,6.490264195738372210e-01,3.694759312970482545e-01,3.186944383818786641e-01,6.093311235907605816e-01,5.367871761806506381e-01,5.727117712818939887e-01,4.766245054815850812e-01,3.443799750584221053e-01,6.733138672376088874e-01,6.180948785564805981e-01,4.446250222416572306e-01,7.965532597421929317e-01,7.984001103176631142e-01,3.419236490117327776e-03,7.696170865635283409e-01,5.732955703020223837e-01,5.625298259305963056e-01,6.516781070698113298e-01,4.979304217352061857e-01
