0.000000000000000000e+00,9.534699748264175989e-01,8.165172609148045879e-01,5.043370295769121769e-01,7.005539157531995853e-01,7.846908664982485959e-01,6.105976670340064194e-01,6.798065343412009742e-01,7.932026680660011486e-01,8.601447144191416427e-01,7.288831536970006297e-01,7.432310272798916539e-01,9.666071314163025008e-01,8.386096632587174415e-01,9.982406726828023658e-01,6.161822785809982772e-01,6.059566213876476093e-01,4.346403162355222949e-01,3.491058768348939689e-01,7.812082803716302593e-01,7.951993398926761047e-01,9.124960944394145956e-01,9.922548330963884000e-01,6.128156350265043795e-01,4.204267326489172230e-01,7.162076314119859566e-01,7.683579740413685188e-01,8.412048097059862117e-01,3.457599355272322206e-01,-1.415309707909473969e-01,1.647491636960357331e-01,5.289477155189216129e-01,5.061642388737561671e-01,8.732256680157579609e-01,6.011447833663787765e-01,1.999613495358490423e-01,-1.394344982571203428e-01,5.104619567124574209e-01,8.400232790506367841e-01,8.969743618693749587e-01,2.919944822837389764e-01,5.430245145072993829e-01,9.155208013466781258e-01,9.690827718013579339e-01,9.883987929514386206e-01,9.626315966468025342e-01,6.759210666945310031e-01,7.226599285201011913e-01,7.446797163598781744e-01,9.402089538301185989e-01,5.801997471791211503e-01,6.016272905967701146e-01,4.079911905550105411e-01,8.862848693734789451e-01,7.771567787516019399e-01,5.624251595590128439e-01,8.920238879111880292e-01,5.741525119052760529e-01,5.626434419923902475e-01,5.041602916896982256e-01,2.766485327223244806e-01,6.939511720666089456e-01,7.438727285693835789e-01,5.666066993477456570e-01,8.726615833666152566e-01,9.913584835027048348e-01,7.346474028718403826e-01,6.250249986640736832e-01,8.889467800486494653e-01,6.528181297003200489e-01,8.648409911110440662e-01,3.672258165949173203e-01,5.743916578390306782e-01,4.521248746545542541e-01,8.350250706823425517e-01,4.816704906160149680e-01,4.794286784727814776e-01,4.426413998702877772e-01,9.625674910682101293e-02,2.685118573531192210e-01,4.799992915297369711e-01,7.305376934018503743e-01,8.508156468518949245e-01,4.903909021950569880e-01,2.185187852088352756e-01
9.534699748264175989e-01,0.000000000000000000e+00,7.413195916513539707e-01,8.334465326759536996e-01,9.640254702075073956e-01,5.764723118548129577e-01,1.158356060577072667e-02,4.209833953112828153e-01,5.696287431054913863e-01,3.253907720415091243e-01,5.765950134639706848e-01,7.091890242629288466e-01,4.060530385066557502e-01,9.082952048949353152e-01,6.380328035097093675e-01,7.692773496958019708e-01,7.443984148697474490e-01,5.934310068118169301e-01,9.097054968673377040e-01,8.714750800749359039e-01,6.756272266189656817e-01,4.855688806028414795e-01,7.757387555105221821e-01,6.478795763448400580e-01,6.126290541371632870e-01,1.191010184527988569e-01,7.306011394265969905e-01,3.672958683174081251e-01,2.908136282676339057e-01,4.216302114737045525e-01,4.528775451009560138e-01,5.541626592919004501e-01,9.021776610516456518e-01,5.324924638003691868e-01,7.592661595834820920e-01,6.792680144665110831e-01,3.010895888417967070e-01,-5.899002615754236900e-02,5.332987644086288892e-01,7.400474708718891570e-01,4.381303794753158565e-01,3.407249819362845877e-01,9.820163981290820354e-01,8.410219420648167299e-01,5.292072128027648370e-01,4.170368779728308439e-01,8.568592839919776383e-01,3.013630776418612101e-01,4.961323199301716502e-01,2.334084501001209011e-01,1.468138781495044176e-01,7.037532795470901048e-01,6.389860979952874942e-01,2.023829422684792489e-01,9.134623332384631533e-01,9.527100329170999915e-01,8.067668511089254313e-02,4.070808559483636291e-01,9.079458306622827379e-01,2.114392690248949047e-01,4.283456485183335660e-01,4.612640645416987706e-01,5.514498371981439995e-01,9.934077633491371628e-01,8.033975430299632459e-01,5.241451541754582610e-01,9.664776744826182320e-01,8.339708155239311527e-01,4.810633099982032368e-01,3.066141084558045571e-01,6.875906255746383478e-01,4.806441875254635621e-01,6.175131611979194357e-01,3.364723413366110805e-01,4.353007599521534488e-01,6.702892066145667016e-01,6.746080517569171819e-01,5.775219383227505610e-01,4.637094635647297514e-01,4.088557749023355448e-01,4.479341851985793044e-01,6.412417603687634582e-01,7.031398294294817219e-01,5.101778062415461834e-01,4.061181312009395916e-01
8.165172609148045879e-01,7.413195916513539707e-01,0.000000000000000000e+00,9.792753111737730887e-01,8.935797829225159417e-01,5.991348816784597409e-01,7.968995956161534222e-01,4.418284251170396248e-01,8.370198069394957363e-01,8.177312892895377550e-01,-6.040393671395363762e-02,6.107418781715154843e-01,2.353981852347017401e-01,9.371984198329480487e-01,8.826060432287102797e-01,9.496294150999788908e-01,9.994062281744778842e-01,7.839754039144345432e-01,6.817544689719724493e-01,7.729611728852018304e-01,2.461307397296361166e-01,5.232800976121043668e-01,3.690458063975106118e-01,7.082103291103194476e-01,7.344287075312651014e-01,7.958770124187801720e-01,7.579252104318414673e-01,7.112771645024893452e-01,-1.496260859512724140e-01,5.110050550999799546e-01,2.650171131269025704e-01,5.848745829313796163e-01,6.564245350478641328e-01,4.487284401761533759e-01,4.850754425877194520e-01,6.471688336451645318e-01,5.238732886890292706e-01,7.630276597436087549e-01,5.302431040593403866e-01,7.187836298889479503e-01,5.915493443881310043e-01,6.962820224538912584e-01,9.316237180139309570e-01,9.530959582815117237e-01,8.973103125734047669e-01,8.561676129148476644e-01,6.733909181006113576e-01,8.744776613351090688e-01,5.577135842183150727e-01,9.236355768890821549e-01,7.052124972005791026e-01,2.887226069310652177e-01,8.881097111389510967e-01,8.107436246304142724e-01,6.500527222247639569e-01,6.845085088576584598e-01,5.847110039153861072e-01,4.021778744585061127e-01,8.591099654543352671e-01,5.850170836810556496e-01,3.703548483712761907e-01,8.348410906380444585e-01,8.442799913444323234e-01,9.994490379001959024e-01,7.179882745375244513e-01,9.721779732653581529e-01,3.283102887999417296e-01,8.833142429235021353e-01,8.539632641942480618e-01,8.001351920478869673e-01,6.893217236592318331e-01,7.252208872122360983e-01,7.857534607035824292e-01,1.583050973990830501e-01,9.575793501304492583e-01,8.124567717212123341e-01,9.145844133595273373e-01,6.605979648272227722e-01,6.573703756989900393e-01,3.225158909205162461e-01,6.954176091341986166e-02,6.201378586752737121e-01,6.731212667928260229e-01,8.126437604451426377e-01,4.728647422159301672e-01
5.043370295769121769e-01,8.334465326759536996e-01,9.792753111737730887e-01,0.000000000000000000e+00,4.868665424972536404e-01,5.665235050357260160e-01,4.044568791678432862e-01,4.039325009469120764e-01,2.332488815025384188e-01,9.231189646296553697e-01,7.556827624192367088e-01,9.049146935520968604e-01,6.466408731660762133e-01,6.707266386914306766e-01,9.944606943534077814e-01,4.904594768392296356e-01,7.617039581556813710e-01,3.159448030610642055e-01,6.752216321002986188e-01,9.253160297096580944e-01,7.439463689062186802e-01,7.576097243139066073e-01,6.063590498071151913e-01,6.078512413035590534e-01,4.030851620249011891e-01,8.502811427630606600e-01,4.264339991111298356e-01,6.289380389685558237e-01,5.361586693800839409e-01,3.791782103510227264e-01,7.919845371583751348e-01,4.646882238077625349e-01,4.624329992334357819e-01,1.618530163838414332e-02,5.285432642048666363e-01,6.302655329259985173e-01,8.490771818465124576e-02,1.607806218259003883e-01,9.266040935461581363e-01,8.586429532595756253e-01,2.974647796660667143e-01,8.028963866119374071e-01,6.306325662365629414e-01,8.448911257048038470e-01,9.333629192830844579e-01,7.767107523512484235e-01,9.485745654230613999e-01,7.495010762726526110e-01,4.979310429108244063e-01,6.844970817772503269e-01,6.259944301904103447e-01,6.309949891707878900e-01,4.060795631599100064e-01,8.348297758272020808e-01,4.995819813470792070e-01,6.464264292880241847e-01,5.816278712541649298e-01,7.056450567908799654e-01,6.030891233056244749e-01,1.998729352022676937e-03,5.738590519418559355e-01,4.722655926392441694e-01,9.754636524017985533e-01,7.700719802634394817e-01,-1.578182060063204051e-01,8.998157665950130557e-01,4.500095807905480361e-01,9.319343265725904546e-01,2.707282241508862652e-01,7.356018864500981636e-01,2.753613227149639409e-01,5.529246429614123048e-01,2.001323962498441078e-01,2.397289744336164041e-01,7.806422084400777006e-01,9.300089767122969864e-01,5.554639328401987930e-01,6.992116546345230610e-01,2.060192848546078537e-01,3.844182567499172531e-01,9.924587346032689439e-01,4.948160228754542866e-01,7.000949839385450790e-01,5.554263544534139285e-01,6.249238040970552799e-01
7.005539157531995853e-01,9.640254702075073956e-01,8.935797829225159417e-01,4.868665424972536404e-01,0.000000000000000000e+00,7.820649039464790953e-01,7.880222835670465109e-01,7.883252668645608363e-01,9.230930521552596080e-01,7.589619021066011939e-01,6.294419392748410447e-01,4.928224428107000898e-01,6.783800420885760518e-01,4.915008215794398616e-01,9.488397952828383497e-01,5.376711302118699631e-01,9.078250607552625917e-01,5.190239118894953707e-01,4.557672336921609890e-01,4.857845924118571190e-01,7.806611887865143595e-01,1.142964358932821584e-01,4.875148298085580922e-01,9.662886088086681813e-01,5.423808384130514026e-01,3.312078896692468577e-01,9.113991246685816394e-01,5.499787938707199064e-01,5.654780863244945888e-01,5.241861378828561735e-01,5.904616281540422396e-01,4.542544501851929484e-01,7.358465824866049498e-01,6.290539471474368982e-01,4.452051854671703612e-01,5.043612806334363263e-01,3.489129074335189928e-01,-8.109805067730606332e-02,7.114664389461795579e-01,8.482180686722179397e-01,7.325276690783946165e-01,8.134605548691373755e-01,8.186850527685791690e-01,7.011725856625525832e-01,8.515103731494677586e-01,6.477706736238004748e-01,1.694353788895107682e-01,7.471707044747152304e-01,8.745763648864426365e-01,9.049334671663498142e-01,5.228878980167186441e-01,7.815021551621676998e-01,6.468372394097291478e-01,8.516930472416925912e-01,6.085534020427701973e-01,6.532277490548336896e-02,2.511438550124127644e-01,6.054425877978203419e-01,6.262831736323680731e-01,6.441796262883907609e-01,3.719771570760857515e-01,5.840139414385436822e-01,7.493980549548318049e-01,9.286946165855867186e-01,6.742955360097137030e-01,5.622677305223207078e-01,8.993521726886404277e-01,9.860794578988458792e-01,4.486001178544962720e-01,4.908061382450341070e-01,8.301310239802657254e-01,5.601714826974799610e-01,6.908365010873394052e-01,2.754326301229835239e-01,5.700864850428168928e-01,8.319134869134101606e-01,9.486066933946792901e-01,9.725017392101342750e-01,-1.283519740645075458e-01,5.327310893296020033e-01,3.888411478094896956e-01,8.201660899890634848e-01,5.296609995169128116e-01,5.279400670718439326e-01,7.044798056141601261e-01
7.846908664982485959e-01,5.764723118548129577e-01,5.991348816784597409e-01,5.665235050357260160e-01,7.820649039464790953e-01,0.000000000000000000e+00,2.598404141967223246e-01,-6.248125104266444296e-02,3.418048320825363140e-01,5.655542989228369288e-01,5.738319720931711609e-01,4.392996286204545742e-01,4.917912856295846846e-01,9.093822573045852176e-01,7.067130366931321239e-01,4.488645584719719306e-01,3.189035606649536780e-01,7.533403988057264522e-01,9.963678203255375010e-01,3.001799952464818122e-01,6.824088770860342601e-01,7.394944882032011835e-01,8.954279705568199965e-01,8.392949408211731743e-01,1.541327538726804461e-02,8.319476362334787822e-01,6.232716056117123538e-01,7.750903643478301852e-01,7.300199006888713482e-01,4.120926580239591130e-01,2.836709798573116004e-01,5.129942416469126520e-01,8.724579114901545029e-01,7.492422328042408486e-01,5.029791495181977767e-01,5.375890714373084966e-01,6.418587002021491905e-01,6.410368624227366086e-01,7.840712944545747964e-01,8.424378963710578150e-01,5.220745507763421278e-01,5.992629546468541957e-01,8.281360677719949992e-01,-9.335934559344095940e-02,8.695007204357578789e-01,9.527920664354629920e-01,9.565301927578810925e-01,6.797248230231496269e-01,9.226968055491151510e-01,4.732411134624717741e-01,8.849371939933127207e-01,4.712355377739376738e-01,9.866319852281816294e-01,3.973113481871621833e-01,9.251703853749561057e-01,8.727810158363269455e-01,2.408274937545528682e-01,6.216885479231756273e-01,6.360849932540693086e-01,1.955027301122356787e-01,5.584193218612397702e-01,4.968978513115068218e-01,7.595031572551028676e-01,9.939899931777580466e-01,6.453157421397056615e-01,5.245122918616553775e-01,7.594295404207864753e-01,8.128080017194782014e-01,4.068203365387451642e-01,8.306710130000408698e-01,5.788488877957405077e-01,6.518739695262952827e-01,1.897006151862522527e-01,5.275806770792976774e-01,3.540702654322379628e-01,5.705515730859851420e-01,8.234133862005676985e-01,3.457391442095071321e-01,4.927257861853538423e-01,1.539096696188437252e-01,2.758103248699411703e-01,-1.699462944960648536e-01,1.842577479179184907e-01,7.933892416836689776e-01,7.087464070085703893e-01
6.105976670340064194e-01,1.158356060577072667e-02,7.968995956161534222e-01,4.044568791678432862e-01,7.880222835670465109e-01,2.598404141967223246e-01,0.000000000000000000e+00,4.861207507793230964e-01,2.181029792542982237e-01,3.686768994587841242e-01,3.624805078268296121e-01,7.770598923429999916e-01,5.997450920390198226e-01,5.646704059076125271e-01,7.576275918543305954e-01,2.444183717195347327e-01,4.260386801131504364e-01,7.459351369797947440e-01,6.313634527310183486e-01,8.108735277270439079e-01,5.837119206749934452e-01,4.233941945498307380e-01,9.418084826031519752e-02,4.899194857513043955e-01,1.553748759509514243e-01,5.236894133439800036e-01,5.835897334928499269e-01,6.414271218467277880e-01,7.787692324894512907e-02,6.241865197463658532e-02,3.359846926511964593e-01,3.777033847577962455e-01,4.758826872439653188e-01,7.953167387045525505e-01,1.589559712880489195e-01,4.133255801227307957e-01,1.574190144412833670e-01,6.399569343888568129e-01,6.487897777658658827e-01,6.109792568870102691e-01,5.918434440669110286e-01,1.119715014633448774e-01,4.216878993736517534e-01,2.148517002274897003e-01,9.758396639444953946e-01,6.613885697096357763e-01,3.459581439400749581e-01,4.151808493149934942e-01,4.302651027502897296e-01,5.035240280367193622e-01,5.625873765046801589e-01,7.707516532088458661e-01,5.071237897175236986e-01,5.202702085524683051e-01,6.629567637217868015e-01,4.867469512364053785e-01,9.374648337526044761e-01,4.743997500015842417e-01,4.077711139584590527e-01,3.784415997540686583e-01,6.677265903943899739e-01,7.504180667880191447e-01,7.182966033390347782e-01,3.454879028639977201e-01,6.355960060886736152e-01,5.137819586498530988e-01,6.957012990626536553e-01,5.136097892614288618e-01,7.851452565123573368e-01,6.006170182560631732e-01,7.725768384494389185e-01,5.298029831098499676e-01,4.181048483567387786e-01,-1.113833033492520747e-01,5.661613303251907814e-01,4.801677999449664447e-01,2.585999312962805607e-01,7.002660343542805865e-01,7.021271057118203540e-01,4.194873229524382907e-01,4.942461820027610475e-01,5.894930133647302561e-01,7.784184884412852501e-01,2.711720873549609556e-01,7.858914735771788118e-01
6.798065343412009742e-01,4.209833953112828153e-01,4.418284251170396248e-01,4.039325009469120764e-01,7.883252668645608363e-01,-6.248125104266444296e-02,4.861207507793230964e-01,0.000000000000000000e+00,2.175324014646761728e-01,5.521919330754139210e-01,3.671840270867944289e-01,2.396573417077617341e-01,7.808100492054287356e-01,3.948280161176026537e-01,5.139141399394093757e-01,2.337923728468127849e-01,7.301313242532518899e-01,2.510213644973283698e-01,2.063695586701214668e-01,8.703488788080751548e-02,5.135921919179086137e-01,7.242469517509432242e-01,6.541634814970080924e-01,6.274715080169429582e-01,2.202771086575009696e-01,3.553600065989565016e-01,3.863059555910213216e-01,3.692735412748345825e-01,4.667948418468470702e-03,7.328805899746930752e-01,5.197271979930934149e-01,7.959618200473748129e-01,4.626596872126590432e-01,3.173007590356952679e-01,6.578391218327813705e-01,1.903714301233048189e-01,3.711621404407314806e-01,7.788713647756975167e-01,8.012677233111680231e-01,3.998160575789797555e-01,5.987648173553485886e-01,2.730167154515586100e-02,6.071725257482720739e-01,5.986843194444948502e-01,9.844828516298524956e-01,6.756820963858025664e-01,5.270954332894369765e-01,4.591813465037497544e-01,4.001636675892798478e-01,4.567168383232729778e-01,6.773065102764137535e-01,7.742177942603459817e-01,7.342054320771909115e-01,4.034916136251048280e-01,8.121187171274633076e-01,6.826022879154473033e-01,7.453720622074894164e-01,4.390381793900339780e-01,9.291093077405579992e-01,3.225273815297318714e-01,6.462853973197006940e-01,5.756579323245383240e-01,5.781500510260411119e-01,9.224955029022497976e-01,7.073174712785897933e-01,-1.121359542728423420e-01,3.083434912778030834e-01,9.184534673620863288e-01,5.200051951445624487e-01,3.901335758850396074e-01,4.968482670583342364e-01,6.079981161800330769e-01,3.121947717405566813e-02,3.200267012445284776e-01,3.085931616370978792e-01,6.024300966748612485e-01,3.347709859876937255e-01,6.421496777081197038e-01,9.777028042987174761e-01,6.122825061422640935e-01,4.928944225753664754e-01,7.405839023555400580e-01,6.765850839825945373e-01,4.014202233698881961e-01,5.185082512501481000e-01
7.932026680660011486e-01,5.696287431054913863e-01,8.370198069394957363e-01,2.332488815025384188e-01,9.230930521552596080e-01,3.418048320825363140e-01,2.181029792542982237e-01,2.175324014646761728e-01,0.000000000000000000e+00,5.505341736110016537e-01,5.782732719578448366e-01,1.075500152877659349e-01,4.651141560435284594e-01,7.262209650149222817e-01,7.795442705263391225e-01,7.819462266698911090e-01,6.195877367535935765e-01,8.824723315740552465e-01,1.969482196272397401e-01,8.072300944172271508e-01,6.880457908185292348e-01,5.886918203680950867e-01,5.927269680894287074e-01,7.769756848819199258e-01,9.484230170300356200e-01,7.698061122744592755e-01,6.353777469182013693e-01,4.297484283394690796e-01,2.360242960505546106e-01,5.209036062263551203e-01,8.745987842967167802e-02,2.291859272218680077e-01,5.436884931631923434e-01,4.407298186325885880e-01,4.414605132930723430e-01,5.468870229175162301e-01,4.294452488569571735e-01,4.794795575398116960e-01,8.378736251136617019e-01,9.044355396215877363e-01,9.119352973272718543e-01,4.013049484586403426e-01,8.627837843139469776e-01,9.003797186024742327e-01,9.576006041215557874e-01,9.930575424768830484e-01,7.240073047255439764e-01,7.304177115637895401e-01,4.071581075751982137e-01,5.445269753908196231e-01,6.690549522110862402e-01,7.689304775165445305e-01,4.333264383292031452e-01,7.629378982174874757e-01,5.026570427188803425e-01,8.063466617431005456e-01,2.246342378003661211e-01,5.481962051848122686e-01,9.189398843783641579e-01,2.931433876700006436e-01,4.947356438269208123e-01,2.173698417102997715e-01,6.495935209376929587e-01,8.280064834474597513e-01,8.065510845203750501e-01,7.501063121703820391e-01,8.505779042807124490e-01,6.029974494380482275e-01,3.981076046637738730e-01,5.753683901999967487e-01,8.748014025755779244e-01,3.955962098130856308e-01,2.553633737445099583e-01,7.734984585916491184e-01,2.436073234224212514e-01,4.193314693560133422e-01,7.678349277801268524e-01,7.691535517381303810e-01,2.843092735064469134e-01,1.714695599735247683e-02,5.705153223987811106e-01,7.327251173099935677e-01,7.457426068789833051e-01,6.232255379216525837e-01,4.967048343872831895e-01
8.601447144191416427e-01,3.253907720415091243e-01,8.177312892895377550e-01,9.231189646296553697e-01,7.589619021066011939e-01,5.655542989228369288e-01,3.686768994587841242e-01,5.521919330754139210e-01,5.505341736110016537e-01,0.000000000000000000e+00,6.546093590245414262e-01,5.974496873191623703e-01,8.555930960686952691e-01,6.993399209210912071e-01,4.950255810439951332e-01,1.465834952906065747e-01,9.882156483798767432e-01,4.506208099899187136e-01,4.221528780300857764e-01,5.994564548390842740e-01,5.063996115031279555e-01,5.802570574125279768e-01,7.062702892597665372e-01,6.599763294281476567e-01,5.507013866789592926e-01,4.165863669163882843e-01,4.861796415775923030e-01,7.298108662268549818e-01,6.072628168295125528e-01,2.733374176791292798e-01,1.879341345327202872e-01,5.730870569404181714e-01,7.461553869718512422e-01,9.024612900766459944e-01,4.157611291388199626e-01,4.495711392566003606e-01,2.325747738462832226e-01,3.753762580895282364e-01,3.466883143327823547e-01,7.905933111261975732e-01,9.043147652800637148e-01,7.553300881335150985e-01,8.493087917075003990e-01,1.741938732201436801e-01,3.156531958517608816e-01,7.443569726982042223e-01,7.587154255963153293e-01,3.921502299515130519e-01,5.386462138813570277e-01,4.831736900068280827e-01,5.890653216785851631e-01,5.041761107511385509e-01,6.917026638709391495e-01,3.470226774474315379e-01,9.360848185514232256e-01,6.184383777250221925e-01,5.890077257023307311e-01,4.496227552741309252e-01,6.553317350589354939e-01,6.502655513972768198e-01,1.550475264498449579e-01,7.613530662040999264e-01,2.056823339549857244e-01,8.390269532531267060e-01,9.845942643409050232e-01,7.681772513626385912e-01,7.631343417078479963e-01,8.235566630700320578e-01,1.871585874103518649e-02,6.017239676599547282e-01,7.630978697301258329e-01,5.503592289731777942e-01,7.250509384026462834e-02,4.928493996151075973e-01,5.721556489131103262e-01,2.996786442256880734e-01,9.657314408865061983e-01,5.874923071903670468e-01,3.299053610493409838e-01,4.552047147077449285e-01,4.088840220212769383e-01,6.033786961029568019e-01,8.354334163624013154e-01,5.020973118687760417e-01,7.188299008708063376e-01
7.288831536970006297e-01,5.765950134639706848e-01,-6.040393671395363762e-02,7.556827624192367088e-01,6.294419392748410447e-01,5.738319720931711609e-01,3.624805078268296121e-01,3.671840270867944289e-01,5.782732719578448366e-01,6.546093590245414262e-01,0.000000000000000000e+00,7.508894528093349452e-01,5.261800598725041578e-01,8.245498535072142143e-01,5.055854864117148573e-01,4.255957722859612935e-01,6.996013343613541879e-01,6.406450732990476293e-01,4.468175618958803996e-01,2.780289858718957841e-01,6.521262726623012762e-01,6.199273816208856758e-01,5.112321440415549256e-01,8.612698665687610333e-01,7.686962248301644207e-01,2.240083924851821728e-01,5.846666221279924747e-01,5.257864277046473411e-01,6.491621470604026500e-01,5.398130619050628409e-01,2.540709259411285115e-01,4.712851207119757579e-01,4.448443275593925716e-01,9.928199276758630232e-01,4.400189034558997236e-01,3.339617376205168964e-01,1.749731771095085486e-01,3.166769993676830097e-01,9.763073923586778058e-01,7.659212490450491018e-01,6.856040245461403337e-02,3.700780829676138528e-01,5.836953676163217919e-01,3.243809496417288663e-01,6.903144706713429946e-01,6.540982833903965510e-01,7.266141172325476516e-01,7.815911498191744355e-01,2.147733258692142433e-01,1.971560480520476166e-01,1.140649699116524918e-01,1.652304761740284317e-02,7.447932032306721073e-01,7.333713956863525674e-01,5.489121767578895028e-01,7.332891948239510516e-01,6.345425118848564416e-01,6.968337171958549625e-01,7.111769144089890027e-01,5.687270856640925798e-01,5.483011492645031293e-01,5.136528254724693765e-01,3.399386505043338058e-01,7.885011458664279438e-01,7.976981281885540120e-01,4.747071027916651142e-01,9.908536434919643643e-01,5.113579628112839837e-01,6.219949294431266207e-01,1.491660740391342055e-01,6.079082266895662334e-01,3.917049586966339092e-01,1.714938673830158355e-01,6.097452259253165474e-01,5.607767447825330320e-01,9.244184086928741717e-01,7.343398258820909019e-01,6.569632081689572578e-01,4.054471123752101391e-02,3.768014996649377002e-01,4.405588772268890785e-01,8.661750480448113798e-01,6.286602247520484132e-01,1.518432239242029080e-01,5.400604838260616436e-01
7.432310272798916539e-01,7.091890242629288466e-01,6.107418781715154843e-01,9.049146935520968604e-01,4.928224428107000898e-01,4.392996286204545742e-01,7.770598923429999916e-01,2.396573417077617341e-01,1.075500152877659349e-01,5.974496873191623703e-01,7.508894528093349452e-01,0.000000000000000000e+00,6.685283853869805615e-01,6.876549107383804760e-01,7.622347839631743449e-01,4.122346279124758373e-01,6.634665954127820786e-01,2.906440979840025363e-01,5.885027312692027168e-01,7.915370956906030431e-01,9.259564680817744531e-01,7.356027445031489975e-01,5.033790945051398458e-01,7.356072465270060423e-01,-2.262614136932267206e-02,5.100989549565598802e-01,6.920435490813773294e-01,1.280080901019238319e-02,5.982021635621809219e-01,7.244378008871346086e-01,9.527127371605666195e-02,4.829847321232480506e-01,7.883320090768711763e-01,3.865357636896033511e-01,8.490850855590853508e-01,7.214981898619611256e-01,3.137469493349488436e-01,4.310149507146444070e-01,6.420601196618063167e-01,8.995782018957686477e-01,4.581598511600788459e-01,6.388172367140289021e-01,8.787843135216382162e-01,5.717841238631418133e-01,9.741618442027620839e-01,6.236233414547071030e-01,5.869214690953570290e-01,8.770590859238370784e-01,3.880436289541382422e-01,4.908764253787848419e-01,7.640612758015821182e-01,2.938390848633519736e-01,4.491989018478347861e-01,3.875027332822136295e-01,7.244566295031411585e-01,5.731958990714099977e-01,4.610314302770660566e-01,3.681407581518407746e-01,8.104644499181926642e-01,3.636551994768236762e-01,5.767971056846483702e-01,6.087965621684771067e-01,7.133844981295215382e-01,6.907596152182362559e-01,4.478938702124070637e-01,3.898362711728926566e-01,7.201205632794073219e-01,6.509071394663975552e-01,4.708098657112438357e-01,7.238610063626459423e-01,6.936195188270383172e-01,8.312717518358998525e-01,2.138432685158799529e-01,3.423462743087863913e-01,5.828452878786968272e-01,6.638168490837610403e-01,8.856299698412177790e-01,5.712386165802134652e-01,3.585647529126363420e-01,5.008347940314364921e-01,3.950862475946520513e-01,8.350372565555279625e-01,6.478950022573392031e-01,2.594377217481443343e-01,6.484206340116762668e-01
9.666071314163025008e-01,4.060530385066557502e-01,2.353981852347017401e-01,6.466408731660762133e-01,6.783800420885760518e-01,4.917912856295846846e-01,5.997450920390198226e-01,7.808100492054287356e-01,4.651141560435284594e-01,8.555930960686952691e-01,5.261800598725041578e-01,6.685283853869805615e-01,0.000000000000000000e+00,7.278445684334846622e-01,6.043425672989296560e-01,6.565219054047524150e-01,3.198239502589852457e-01,9.979039896420972486e-03,7.169405899890896050e-01,3.693097334845663049e-01,6.364082727855042698e-01,9.647156991094935075e-01,7.488016356737663415e-01,7.179979073415895252e-01,2.336383686505098534e-01,7.689008805712810313e-01,9.653841246811019072e-01,4.069085871392283948e-01,6.121958429464868789e-01,1.356841850392050131e-01,-3.510520771753094516e-01,6.721850496222925297e-01,6.470798708099974039e-01,7.124008877219359936e-01,7.232977293777653749e-01,4.732575082013539824e-01,1.375403814649025502e-01,9.973401122918329476e-01,6.977856043938307495e-01,6.718565656409129783e-02,2.469851974338088951e-01,6.011538931949487186e-01,-3.965086040727207606e-01,2.876211477882335554e-01,8.861736705435863115e-01,2.448857540406159661e-01,9.331817422571403453e-01,4.682089315278411545e-01,2.486599103629084651e-01,6.587205164338835184e-01,8.105230042770629195e-01,9.288837333954258479e-01,5.179506687384579644e-01,8.809390040374321940e-01,7.664864163758906557e-01,5.590798019792828644e-01,9.854625674722744533e-01,6.851007751606529306e-01,9.735944912268580387e-01,3.882427158920513932e-01,2.833783643387608464e-01,5.943332500635472027e-01,5.336817843853953747e-01,9.781237845444636925e-01,2.724490287430300084e-01,6.336535549402435574e-01,5.650752770075266884e-01,9.288932190003008627e-01,7.964846930645782530e-01,6.276511399205675357e-01,6.599377259026819598e-01,3.134450035716210281e-01,7.086090706631950065e-01,6.018191458937069971e-01,4.983256695088107424e-01,7.109025663127570560e-01,7.019102980384237522e-01,4.173639030275468897e-01,2.378255295683421588e-01,2.053472037572431075e-01,8.259946465629308676e-01,8.854740630057932327e-01,8.152530267403763631e-01,4.945001473688759308e-02,2.577426075722857313e-01
8.386096632587174415e-01,9.082952048949353152e-01,9.371984198329480487e-01,6.707266386914306766e-01,4.915008215794398616e-01,9.093822573045852176e-01,5.646704059076125271e-01,3.948280161176026537e-01,7.262209650149222817e-01,6.993399209210912071e-01,8.245498535072142143e-01,6.876549107383804760e-01,7.278445684334846622e-01,0.000000000000000000e+00,4.043125831570379969e-01,2.467361708507447848e-01,9.854950183256746543e-01,9.070967984594912048e-01,5.106095493763423976e-01,6.787932848992019874e-01,6.225592564092655712e-01,6.542647343248669811e-01,9.261043189120194974e-01,9.799633843358862562e-01,5.227139428171134750e-01,7.923865980996911418e-01,7.771701846282278447e-01,9.664961548742696529e-01,5.804916921210994118e-01,-2.666874436526994741e-02,3.958727746415820203e-02,1.320550693948513155e-01,3.899735902985520530e-01,5.371582391335624207e-01,6.369002149706186611e-01,7.069378338253478056e-01,2.799012930922890052e-01,9.278513406128211516e-01,8.024869716950175924e-01,8.707266943141477311e-01,2.802774479685432585e-01,5.251280454950506549e-01,9.641866596344161877e-01,2.868507128625490399e-01,5.706688986949775000e-01,6.097753810713035794e-01,6.026239965972822743e-01,6.384908063382016552e-01,7.241933059941725315e-01,2.496140574053335448e-01,4.788711669021142869e-01,6.779983390725234926e-01,7.894221250941562129e-01,4.808436920579621798e-01,8.618211853292566671e-01,7.723320806689124574e-01,6.820385111043115733e-01,5.542582709861290091e-01,9.711402211481274804e-01,5.038317711769561003e-01,9.835185049612943375e-02,4.043197267804983230e-01,4.703845685531087284e-01,4.390814038595552971e-01,9.726131640880391060e-01,4.447612817084403702e-01,7.408976470750310295e-01,6.576989468738609901e-01,6.053780239238741867e-01,7.248466069121350941e-01,6.279625126927812495e-01,5.699801255333467598e-01,3.393855449308657568e-01,3.498654334285709044e-01,3.296320419225169385e-01,6.808003267626780985e-01,9.481012564937394416e-01,6.087134099827040679e-01,1.321900920309962424e-01,6.202802492838440651e-01,7.532931392747717059e-01,9.851616949157027125e-01,7.721101174847911919e-01,1.515282959441227595e-01,7.862192821183338065e-01
9.982406726828023658e-01,6.380328035097093675e-01,8.826060432287102797e-01,9.944606943534077814e-01,9.488397952828383497e-01,7.067130366931321239e-01,7.576275918543305954e-01,5.139141399394093757e-01,7.795442705263391225e-01,4.950255810439951332e-01,5.055854864117148573e-01,7.622347839631743449e-01,6.043425672989296560e-01,4.043125831570379969e-01,0.000000000000000000e+00,4.428708677153727624e-01,8.182665084450413406e-01,5.520921221577075322e-01,4.392435981570630976e-01,2.091087119205820022e-01,1.098349304825183420e-01,3.632450990467037677e-01,8.851266794874859123e-01,3.367519336770331551e-01,7.681051781744409057e-01,4.322065514087206628e-01,8.933931683849741789e-01,5.283854127708396131e-01,6.925707985232333330e-01,2.160450934434296477e-01,2.599089341927726116e-01,6.986237390518281742e-01,3.993215659017551600e-01,7.810419848817125033e-01,5.366486199850917238e-03,3.199242107237969535e-01,3.996762415173799043e-01,4.393991547666235564e-01,7.379802669241893875e-01,8.630250648291304394e-01,-2.745218056663900619e-02,2.438854679434243611e-02,6.425786604719808670e-01,2.043921144159142889e-01,7.609811977886727918e-01,7.281741650435421542e-01,7.419500251641772959e-01,5.497811814151698506e-01,3.378931825937998568e-01,6.075175333769818886e-01,4.496047216029913640e-01,3.125056480206315213e-01,8.629176512628604634e-01,5.496560052533534524e-01,8.959892436210586952e-01,8.406578362594557818e-01,7.276538338316611565e-01,7.606975945234388803e-01,7.660370106671721135e-01,1.591190018105552717e-01,3.573825033642966664e-01,7.846200974273410678e-01,7.486535351184415710e-01,7.358566581107596205e-01,9.940891270816569758e-01,7.146359877710298791e-01,6.803031835771961022e-01,8.629091716120123046e-01,5.053936369450509059e-01,6.987050966507385441e-01,7.163647121079220748e-01,5.993656730723518899e-01,3.390102955105545046e-01,4.724081289265333328e-01,1.561529904879959407e-01,7.757295891677142841e-01,8.702702802031324625e-01,6.569838832086088987e-01,6.034475479813284915e-01,4.515868275338107418e-01,5.620673403778027044e-01,9.931199300623716475e-01,5.658677873156392479e-01,3.116816093381613029e-01,5.018803420745171495e-01
6.161822785809982772e-01,7.692773496958019708e-01,9.496294150999788908e-01,4.904594768392296356e-01,5.376711302118699631e-01,4.488645584719719306e-01,2.444183717195347327e-01,2.337923728468127849e-01,7.819462266698911090e-01,1.465834952906065747e-01,4.255957722859612935e-01,4.122346279124758373e-01,6.565219054047524150e-01,2.467361708507447848e-01,4.428708677153727624e-01,0.000000000000000000e+00,6.249980076764985459e-02,9.649664213984705530e-01,9.267527388879855943e-01,6.532250911932383497e-01,6.398304228124439552e-01,2.585532582984910732e-01,9.524870620224455964e-01,4.335335316460072197e-01,6.779318792984051489e-01,2.333312152875720025e-01,2.051475457578725292e-01,3.816575068454478581e-01,1.409184385472549150e-01,3.383432474788432565e-01,7.061241389283007264e-01,6.858824593608051634e-01,5.013550001985963567e-01,4.173721507147961085e-01,6.681874141834311942e-01,6.527676606719162722e-01,4.233877597864768028e-01,6.841119685022083452e-01,6.066742612393567491e-01,3.318727758464970479e-01,7.521992790084180980e-02,6.722890333771454063e-01,8.661442620909483026e-01,7.333259062891831492e-01,6.540057072467990729e-01,6.652540519596338298e-01,4.048287746633821849e-01,9.647002347293401892e-01,5.040493313666085662e-01,9.456258635474932284e-01,7.903580312072732150e-01,9.283434524537323984e-01,5.893668053774642202e-01,9.900581066044826795e-01,7.707938671234305650e-01,8.096955805011107898e-01,5.740001546695981949e-01,4.360549024829303288e-01,6.352113307128856023e-01,5.162043874312529645e-01,7.246871553715266145e-01,3.699381183704922860e-01,6.910856487919442293e-01,9.714930294760133478e-01,8.012274447757310458e-01,7.435380670732919528e-01,8.913887544294158971e-01,8.763720005283061054e-01,4.916833724777819326e-01,9.642574831396398816e-01,8.382442626448995959e-01,9.570637547460170147e-01,7.604630058966822537e-01,2.999096326714199012e-01,9.072470417785338803e-02,7.425672376302379085e-01,7.816995285984074116e-01,3.267552361916911674e-01,3.696352698060624831e-01,2.815677237371344566e-01,5.467823767343276131e-01,9.978429399038601932e-01,6.474223810509390775e-01,1.237539351549750248e-02,-2.886350052320504900e-02
6.059566213876476093e-01,7.443984148697474490e-01,9.994062281744778842e-01,7.617039581556813710e-01,9.078250607552625917e-01,3.189035606649536780e-01,4.260386801131504364e-01,7.301313242532518899e-01,6.195877367535935765e-01,9.882156483798767432e-01,6.996013343613541879e-01,6.634665954127820786e-01,3.198239502589852457e-01,9.854950183256746543e-01,8.182665084450413406e-01,6.249980076764985459e-02,0.000000000000000000e+00,8.561741695336346769e-01,8.119939214215902146e-01,7.507391510597336559e-01,6.529719859107034896e-01,5.823778843639950686e-01,5.140100331114958454e-01,8.312843370220938111e-01,4.271890210176334524e-01,8.146748937184082884e-01,6.709768013353051286e-01,7.728406981800329811e-01,3.084804076050826627e-01,2.788131270310078014e-01,3.848017732255374912e-01,7.290316752667012068e-01,8.088187674461024823e-01,8.701946425941279317e-01,8.920981926221160929e-01,1.688416982622637785e-01,4.840122965145610689e-01,9.620752307695314975e-01,6.628079583654935547e-01,5.122612913204603879e-01,6.661216244521706020e-01,6.353046354268806484e-01,9.676323676936638973e-01,6.943029160857787652e-01,9.863447952956455600e-01,9.040069635653871227e-01,9.673392705199413966e-01,5.080607845935336542e-01,9.377588886440699767e-01,7.631065312216307461e-01,9.927734289861505079e-01,9.442580028292371086e-01,2.598776977521146669e-01,6.001892488279828575e-01,8.346980472866758483e-01,9.474247320370681180e-01,7.689760404691600160e-01,3.767801640131582808e-01,3.740311092222832201e-01,6.016356170026463390e-01,4.955066832632543106e-01,3.212247130127193762e-01,6.090530665292992474e-01,6.823142944909376117e-01,1.927306641191850745e-01,4.780757220628935600e-01,5.603033085122897106e-01,4.590235481335435686e-01,7.687378131468517450e-01,9.636362554451942675e-01,4.746660865784393946e-01,5.148108885691095038e-01,9.882259413535201542e-01,5.058478093415025301e-01,7.203922773056095075e-01,6.938647677802471936e-01,6.108201845011508313e-01,9.412515978207884881e-01,6.574733636527544389e-01,7.117433545106146564e-01,3.431327504725354555e-02,8.331947116522256946e-01,5.498782389580134655e-01,6.130902095822519104e-01,9.578406097889140547e-01
4.346403162355222949e-01,5.934310068118169301e-01,7.839754039144345432e-01,3.159448030610642055e-01,5.190239118894953707e-01,7.533403988057264522e-01,7.459351369797947440e-01,2.510213644973283698e-01,8.824723315740552465e-01,4.506208099899187136e-01,6.406450732990476293e-01,2.906440979840025363e-01,9.979039896420972486e-03,9.070967984594912048e-01,5.520921221577075322e-01,9.649664213984705530e-01,8.561741695336346769e-01,0.000000000000000000e+00,4.364198038792298506e-01,5.497439368670948845e-01,9.946106407022496931e-01,6.459771295313252448e-01,8.811302717057295508e-01,8.804508091068751208e-01,3.301592359658722664e-01,2.401116274949403884e-01,6.253568496731436444e-01,6.929415055874730278e-01,2.592903104549006965e-01,-3.224067435021400474e-01,5.970015977699811849e-01,3.109922908989262713e-01,4.276211081519263879e-01,7.470619287757280791e-01,4.772569950571639574e-01,5.722290263233882346e-01,2.847132811731076796e-01,9.044327011674558880e-01,5.292824769581082611e-01,7.996511662050296287e-01,2.522574720178699659e-01,6.349431988211632349e-01,7.381304478214029130e-01,9.130506407077211284e-01,5.361325422047850120e-01,5.836738589417632683e-01,7.997032002557220576e-01,5.865205292293114159e-01,7.645946552222533388e-01,6.921308257901992445e-01,4.340830377975066767e-01,4.696207377738110811e-01,6.238225856096898392e-01,3.139108227756856051e-01,6.515215990447461580e-01,8.902350633801491275e-01,6.339652794304999617e-01,6.129491844563222935e-01,2.945492882042883842e-01,2.879129483595624373e-01,4.144057869195728605e-01,3.667776356842921137e-01,7.196549409775209183e-01,6.924210939098293105e-01,7.011551547160710385e-01,9.685841071778742428e-01,6.029546776059908630e-01,7.578403683815249092e-01,4.727730351248724538e-01,7.071262841441605662e-01,6.137809419250201959e-01,6.740937528142699753e-01,2.140527023969319431e-01,2.142884242917250937e-01,4.997918160810780330e-01,4.892693998080175910e-01,7.123133519827581361e-01,2.107960091019730475e-01,5.869106176815540588e-01,3.082269745990968146e-01,9.591679238001415975e-01,4.097919421932630923e-01,5.136717432278586903e-01,8.254667749176325398e-01,3.215927887474572811e-01
