0.000000000000000000e+00,9.565424650842118126e-01,8.015404388170992434e-01,8.370574563813795166e-01,9.257518454491273641e-01,4.085557502767880877e-01,7.312931371550378534e-01,5.895699421100918380e-01,6.731011590691294844e-01,8.138747459740443002e-01,9.597060925421720956e-01,9.307840097954063197e-01,7.325930607687239915e-01,-1.895560777012185727e-01,8.040385134181609050e-01,9.433857702240195930e-01,4.648251832335430489e-01,4.854292380666613282e-01,7.636701778057563006e-01,6.616848281132953202e-01,6.459271709865578304e-01,9.064626049217162640e-01,9.457698090479867981e-01,8.600073265573966452e-01,7.405230829750402144e-01,4.357407104074197957e-01,8.452470051600439183e-01,7.163779876898705989e-01,2.189593504799338952e-01,2.587284368487705599e-01,3.199344303186080207e-01,2.142731323411795341e-01,9.109796902254599926e-01,6.547032186788827035e-01,4.725882870606994968e-01,1.141540299591282254e-01,5.155168766089485155e-01,8.420908222457567094e-01,7.802031967303152404e-01,3.617403740351373131e-01,3.443561242306478754e-01,9.582719901764159554e-01,8.576971000647639620e-01,7.726059614394940045e-01,9.006771551541215004e-01,9.617176501023658730e-01,3.125765587397591472e-01,7.823778158551127904e-01,8.565638553820086321e-01,7.351730694789194720e-01,9.720029520713755478e-01,9.221675483649955929e-01,7.692855531382936096e-01,8.738450680988201213e-01,7.459999698869861362e-01,8.619873925344028187e-01,1.857072486115141363e-01,9.656908161349980757e-01,9.075300675652941962e-01,3.032776421806149814e-01,3.728006307211590986e-01,6.070241624588630369e-01,7.722502512690854193e-01,6.104908681184435526e-01,6.513466137865608907e-01,8.256369669204545181e-01,9.881563268481126094e-01,6.435140191815749144e-01,4.327199909484272800e-01,9.496200825396897693e-01,6.553286959945290313e-01,4.378576950625268083e-01,2.805335219598911189e-01,2.637300726229919734e-01,9.553621948127879460e-01,8.501545136861167196e-01,5.548900553686506587e-01,7.303391700102811468e-01,5.312441473845813666e-01,4.099655801918508646e-01,8.645332511563396105e-01,6.768004758742010019e-01,7.016245908460331249e-01,1.426449379769433035e-01,9.796035984677318176e-01
9.565424650842118126e-01,0.000000000000000000e+00,7.044335903243899022e-01,9.050088560176996477e-01,8.875328017565722316e-01,8.637791426219312840e-02,4.045732548599495493e-01,6.493034848109033863e-01,6.510445983730065445e-01,9.623294201029339856e-01,7.002720864381801746e-01,9.010358382381613573e-01,7.874328040623219671e-01,9.595010556494704135e-01,6.481392544786972465e-01,1.302216317954037472e-01,2.831142768193393722e-01,8.987391049969373213e-01,8.771229689124682150e-01,6.955459696746534304e-01,8.216270292288276877e-01,4.226082330291210387e-01,3.391627865337740744e-01,5.283424070189460808e-01,4.933905818886530348e-01,4.908314713261686113e-01,7.810406706795516296e-01,9.383424683735183125e-01,4.898001995518415641e-01,1.885423664997950277e-01,-1.445079612631081090e-01,6.372436443518447735e-01,2.250228422858160937e-01,8.195305604336333705e-01,9.310459092956560045e-01,3.938533733977400697e-01,6.777082302478634190e-01,2.964376551995186460e-01,8.512450260009137848e-01,-1.875127216759208126e-01,7.991117405273617802e-02,7.667702936931756197e-01,6.333451579126421205e-01,5.049866827027545968e-01,7.808082505000952800e-01,-1.296984412999593883e-02,7.134387057044428992e-01,5.334330350359204331e-01,5.875042918058477337e-01,6.681370258097341086e-01,3.486456595297543481e-01,9.302416423918716815e-01,6.994723615483032786e-01,-1.867982477469780078e-01,4.125517358696827452e-01,5.320235752226940562e-01,6.938217589696537013e-01,7.066736404165571139e-01,4.300086773044746180e-01,6.167427169050392344e-01,5.801790948720217944e-01,4.303203481650917928e-01,7.827068498391592799e-01,8.806066035616685328e-01,7.578215439949846921e-01,7.499062907733480277e-01,9.116344762341360708e-01,7.491093609771234396e-01,5.806830813052117346e-01,7.622136286935203842e-01,6.982402851234719154e-01,3.528353886629358449e-01,5.573582845235406369e-01,4.757736674549450928e-02,-1.711595790511378223e-01,4.429419146155286757e-01,6.726026476897615236e-01,6.660286424540572403e-01,2.624825803799373247e-01,5.842370634406763852e-01,5.266047187581500699e-01,6.864431997517381756e-01,8.380027851502288572e-01,3.750287784096549837e-01,1.420758078701129801e-01
8.015404388170992434e-01,7.044335903243899022e-01,0.000000000000000000e+00,4.182238663803296008e-01,5.856084078186678532e-01,9.723892202130225426e-01,7.831090926187921353e-01,4.095413114266662769e-01,2.810088761956675008e-01,6.895201213127968298e-01,8.824139492060383283e-01,4.802164555255756806e-01,6.119685227985640630e-01,2.925870956430697278e-01,9.059043611867473311e-01,6.140617327957966776e-01,7.532255389673848667e-01,7.485066229293900752e-01,9.384678857651013173e-01,5.587251522693816863e-01,4.242435068877596915e-01,6.476061774424016759e-01,7.625169217212987016e-01,6.275284400785994254e-01,3.565322500476710843e-01,5.242660117807961262e-01,6.010590541288840516e-01,9.310900093550581458e-01,3.544474261805885540e-01,2.298888629557815366e-01,8.294981926157929397e-02,6.556244692289862064e-01,4.798170251947866949e-01,7.089163994314808814e-01,6.987697756412875050e-01,3.661359522340416062e-01,3.156810014382692708e-01,7.358757058002242113e-01,9.858555932532566679e-01,9.603956043072644500e-01,1.481911290478664378e-01,8.850998705150542323e-01,6.063845249702536355e-01,8.611702634826378100e-01,7.045615557376607718e-01,7.583380465324981445e-01,7.210202252625725894e-01,6.784015205898074052e-01,8.119542836973445699e-01,6.475475548185485319e-01,2.296233286227102321e-01,8.975678119505173802e-01,5.592841047714889324e-01,8.782450476572852827e-01,3.261401969948216628e-01,6.162220689711462862e-01,6.617694836035898920e-01,9.893966623466172727e-01,1.657210903282308467e-01,4.446118370615263493e-01,5.134652048834590365e-01,9.609719357802053441e-01,8.452598424693491541e-01,9.479430157625428066e-01,8.062782145785050147e-01,9.520624081245483428e-01,7.087396354134920529e-01,9.068931278162664089e-01,7.879631686586612282e-01,9.290630843690084184e-01,7.009812489546098924e-01,6.179846116366477515e-01,4.965180492619136743e-02,6.514470415177711082e-01,9.349373044899360607e-01,7.634147305033330833e-01,6.129107732235012929e-01,6.704272189874539434e-01,7.532332847767109207e-01,4.785933555602919776e-01,8.008636830070409163e-01,9.197549289555464469e-01,9.588073543782544839e-01,8.398123041877105788e-01,6.598218377905914478e-01
8.370574563813795166e-01,9.050088560176996477e-01,4.182238663803296008e-01,0.000000000000000000e+00,9.873698927862927244e-01,7.279899605718120892e-01,5.051627885915230820e-01,7.290426351829040197e-01,9.563809307457362685e-01,7.132816969469912838e-01,7.802890877179223805e-01,8.856328214813897759e-01,6.246673458840146242e-01,8.315681436476658472e-01,6.488343601379014114e-01,8.631759826943039560e-01,7.678231286339429751e-01,1.000683755517550177e-01,7.141725741430149377e-02,7.786011494314126757e-01,9.955200016776124539e-01,4.399969570635869354e-01,8.636052636734551369e-01,9.078477754447988879e-01,3.510861301864429684e-01,7.428528018951237044e-01,9.750941644726601742e-01,7.107439183130153104e-01,4.113773751170518578e-01,3.449272978819862834e-01,3.949467594305639540e-01,6.400116114919882637e-01,6.253327681687822492e-01,7.584918843044302639e-01,8.058588065424830971e-01,7.789522244408985108e-01,5.723101243776220759e-01,8.719257193865110889e-01,6.940667227456306376e-01,7.965209440940479446e-01,6.052834885701183776e-01,6.597682121561396773e-01,7.430704142019805003e-01,6.866767953492356469e-01,8.125481123519607829e-01,5.236312989897556891e-01,3.235932849135408906e-01,4.274241322333524051e-01,3.100778919419852064e-01,7.393818103041006617e-01,8.979571485714989976e-01,8.417946106613705126e-01,2.534573745193822170e-01,6.147942514700743821e-01,9.196207778312006642e-01,9.203426170216871816e-01,4.797653674735560814e-01,4.982563577800518395e-01,7.312344401421450035e-01,3.046344985289793916e-01,1.188673303260578962e-01,6.543120536230986328e-01,8.318142691213327167e-01,6.973780768029879118e-01,6.594114382650178019e-01,5.209775594693302203e-01,6.069021894907210557e-01,7.091964087546864803e-01,5.372571946612374472e-01,9.889554545777895500e-01,9.476792273743638306e-01,5.403688031133406788e-01,3.383139555206249316e-01,4.558876353243577206e-01,7.550703207824628338e-01,9.937682825486151561e-01,7.878919921731567522e-01,4.965928795634806381e-01,2.784775055499323360e-01,3.634589009300324136e-01,6.576814688223115990e-01,7.291068147465959992e-01,7.439606769712784340e-01,5.876065341019138799e-01,9.836462057910583257e-01
9.257518454491273641e-01,8.875328017565722316e-01,5.856084078186678532e-01,9.873698927862927244e-01,0.000000000000000000e+00,2.688771222586974763e-01,4.654752836101167524e-01,3.139485867418924658e-01,4.421617739354842813e-01,8.408940161135375346e-01,7.023184824459528519e-01,6.277967531436950965e-01,7.058860516132214880e-01,7.581064766174263614e-01,7.006874290279269113e-01,8.290511774393272137e-01,6.336177339584222468e-01,3.336008387618719651e-01,7.702538627803687810e-01,9.075021010520373244e-01,9.202753789047279920e-01,1.200294056511470864e-01,7.402856196651097509e-01,6.446827906374754669e-01,2.607153855621192617e-01,3.121175243636529206e-01,7.097639635811913150e-01,5.060371623310290223e-01,7.737371783061459951e-02,1.882914057447897527e-01,1.614732933017727357e-01,4.044784388249992868e-01,5.373490483975922327e-01,7.153462636625890214e-01,5.228224316962081231e-01,3.071971393159066976e-01,2.295617732400598854e-01,2.463474598572107932e-01,6.615699244994386330e-01,5.685482715192361480e-01,9.725300075465612704e-01,4.203217538728014069e-01,2.143082323770156838e-01,9.855375353353262868e-01,8.455518567548113706e-01,8.820577323499414479e-01,1.518546428400026072e-01,9.745341480682837565e-01,3.676149957378602728e-01,7.483423149781911476e-01,9.009618765293295750e-01,4.432408191005962617e-01,5.825374743012654566e-01,8.228325789979400451e-01,6.164946700526404699e-01,5.435106963304950356e-02,5.467740342617319893e-01,6.861164074325853957e-01,6.234190624941138292e-01,3.392589175055387152e-01,5.624895690438641571e-01,5.650537504869637129e-01,3.565923380554091859e-01,5.409826073252699263e-01,9.181049940913044161e-01,5.924499536306427894e-01,6.284042966933706120e-01,9.986127431113049902e-01,5.908575811826325408e-01,8.415571224713611631e-01,4.161081174345077072e-01,7.089271979474881524e-01,7.972881932905702129e-01,2.569610017038428951e-01,5.618724742339176528e-03,6.818656414306467628e-01,6.711155471135527018e-01,4.435650485334153292e-01,2.902783615987751253e-01,1.321018053637643686e-01,4.852670121321369101e-01,4.683197799734533096e-01,7.564265654725678134e-01,5.746208831073311707e-01,2.805266418316465504e-01
4.085557502767880877e-01,8.637791426219312840e-02,9.723892202130225426e-01,7.279899605718120892e-01,2.688771222586974763e-01,0.000000000000000000e+00,3.960530674557753983e-01,-1.332512991417655335e-01,5.149534372896676926e-01,8.399543265589278773e-01,9.411819817476232419e-01,5.250147459306911957e-01,6.218641724321301023e-01,9.472816959546566107e-01,4.526564291107399440e-01,4.118551496094793318e-01,7.999789469709086553e-01,4.556315683029968922e-01,5.301778803517400718e-01,6.229607908185852416e-01,6.975752497743005209e-01,7.405767353098978711e-01,6.094997692740177220e-01,3.147004514604586634e-01,2.993308561088343089e-01,8.545733066056535598e-01,7.851727653162007270e-01,6.950433116895271546e-01,2.795888351355150236e-01,5.444706564670799276e-01,3.737072868047328078e-01,2.096509657505270519e-01,5.666842049791185332e-01,8.111294033937954673e-01,3.502196171765120658e-01,2.584062825832335597e-01,5.625259482874205297e-01,5.644608844221380428e-01,3.238545699465004701e-01,5.329457949831756247e-01,6.698133392043116308e-01,5.222325839630341804e-01,8.850763051533304671e-01,3.198552605184890596e-01,7.821776276677123718e-01,4.223023073473426980e-01,5.977782038561496591e-01,6.602064802026985646e-01,4.218281714066579591e-01,7.170791076793747720e-01,4.547235238235111110e-01,6.895897970590865178e-01,2.693251312219028804e-01,5.411706631373772725e-01,5.488613287156388632e-01,8.549483477789732166e-01,7.916931814703964676e-01,6.909630176068928264e-01,5.614901458899052011e-01,1.639373605704760595e-01,5.169375633526765990e-01,6.957752652719467745e-01,7.869850036555132711e-01,6.365065249120474000e-01,7.602734650886112666e-01,7.649534012178480502e-01,7.106193810663924415e-01,7.198234692538139079e-01,5.266842768021195997e-01,2.258881231826007363e-01,4.507078320292923213e-01,9.053414480923197560e-01,5.724477766824278557e-01,4.981218753248187747e-01,8.911598216325229416e-01,6.156009088116637384e-01,6.727294074845765470e-01,5.993197894519417535e-01,3.798569745908800810e-01,2.672945788607298812e-01,7.538425473368081109e-01,7.639344207809048992e-01,6.119054534125092371e-01,1.483079865909348871e-01,5.436073201188832416e-01
7.312931371550378534e-01,4.045732548599495493e-01,7.831090926187921353e-01,5.051627885915230820e-01,4.654752836101167524e-01,3.960530674557753983e-01,0.000000000000000000e+00,6.770358461070676848e-01,6.305436055327372502e-01,6.650763821060030612e-01,2.122854322498291257e-01,5.994794034800401406e-01,3.769804127906841718e-01,4.956480066361944603e-01,5.050117230522211953e-01,5.356809319227202604e-01,9.358244594824580709e-01,3.723634096649528491e-01,-1.028036171026315004e-01,6.122453865396441097e-01,8.139217512135219490e-01,7.641996492911244943e-01,1.745585642096315893e-01,6.317446866135789652e-01,6.227183413879472385e-01,6.951249642132082407e-01,2.626928690254536347e-01,6.272529359187209996e-01,4.813344623351584750e-01,6.871022871552410205e-01,3.572892603784117993e-01,1.338669186802446676e-01,5.515189298714081589e-01,5.223033793779412459e-01,1.866972651062400457e-01,3.133139348010056113e-01,5.625316897515477699e-01,2.134490575671799950e-01,8.895347712704846366e-01,7.214900463312913237e-01,6.885599352470906931e-01,7.927033335268715009e-01,7.536822452118402405e-01,4.557816553010318184e-01,3.846971761451583038e-01,6.796020028673166458e-01,4.103646119758556643e-01,6.118140603707651337e-01,4.322232355460259301e-01,2.713682152556049637e-02,6.855472149908413693e-01,4.044976960099335717e-01,3.314261822828310500e-01,4.362865235264188346e-01,4.727088978891711424e-01,6.811181508832306886e-01,6.728529829730754974e-01,5.869408102196661536e-01,4.744136630342273286e-01,-1.765819582754125650e-01,7.720670978194819067e-01,6.064648821915920029e-01,4.300149431508171749e-01,6.042322428331727835e-01,8.062263622339249647e-01,7.746024935349724583e-01,4.892271265515943934e-01,6.720160387730628182e-01,5.538958035138877856e-01,2.226995071996501208e-01,5.260262904782193605e-01,1.493751972092106639e-01,4.030478692805950502e-01,7.968567704380475902e-01,5.105834162475458848e-01,3.347368239667154466e-01,2.740281900389597847e-01,7.295836146692514790e-01,3.083184728577046951e-01,2.572208594487891964e-01,9.903820911529849225e-01,7.425226698640087220e-01,2.599439048757902215e-01,2.728171925515244234e-01,7.378096706632175650e-01
5.895699421100918380e-01,6.493034848109033863e-01,4.095413114266662769e-01,7.290426351829040197e-01,3.139485867418924658e-01,-1.332512991417655335e-01,6.770358461070676848e-01,0.000000000000000000e+00,1.668758178581469520e-01,2.185201965758533926e-01,2.062564611719900909e-01,6.746185301594691541e-01,1.889038315160643522e-01,4.553074693388891592e-01,7.816821697389436663e-01,8.394825474005560562e-01,9.145187925485525060e-01,6.622029801405995286e-01,6.966016290918206622e-01,7.707836261177323234e-01,9.473765613111773121e-01,7.999365845115924412e-01,7.737890796747102229e-01,7.017469894034993327e-01,5.557130517869725006e-01,6.840728619517295606e-01,4.866066763316591048e-01,5.981849821661506805e-01,4.145283868114235659e-01,3.672951739938058457e-01,1.657423323531203863e-01,3.729434236133285507e-01,2.899880158180934142e-01,4.710658807902863288e-01,6.200287499224635956e-01,6.991390250667957051e-01,-1.034572581400161617e-01,2.930552108192187033e-01,7.138086618237721170e-01,6.845741666197222575e-01,8.877735665093096085e-01,4.502177558509988797e-01,9.932655070774980555e-01,6.899594848274301917e-01,9.632826748025649088e-01,1.697101863422560974e-01,1.272301880685619835e-01,2.864478604313182020e-01,4.245035983531787460e-01,7.801281325973171699e-01,3.013495018291639793e-01,6.681155027711959127e-01,2.654602325240449368e-01,6.308445676317628870e-01,7.774426774761808989e-01,8.070685854584381813e-01,4.804112104392465610e-01,7.380601283433154691e-01,4.519718484135092362e-01,5.149039532680839137e-01,3.513037461662547045e-01,3.312750470839720407e-01,4.245629017124437632e-01,9.573611510840031036e-01,8.577537453507557696e-01,4.587102873582241114e-01,9.971756376405346289e-01,8.602977239312949997e-01,5.549753424799203083e-01,6.195352367832264173e-01,8.367238754021649738e-02,7.474583919034503143e-01,3.032673402123871598e-01,4.054700560529955200e-01,2.824857510064981980e-01,5.952239911538130812e-01,6.102236242609466732e-01,5.472759953030188473e-01,3.093271277909421801e-01,2.406593111482187575e-01,7.080615077337478747e-01,3.842677582848634255e-01,5.653785052107929143e-01,5.511638036261681250e-01,6.685725591779656529e-01
6.731011590691294844e-01,6.510445983730065445e-01,2.810088761956675008e-01,9.563809307457362685e-01,4.421617739354842813e-01,5.149534372896676926e-01,6.305436055327372502e-01,1.668758178581469520e-01,0.000000000000000000e+00,7.539099451338773239e-01,6.671359462703772003e-01,6.049431427247770054e-01,4.255396604691147333e-01,8.079211919224547067e-01,7.755055545017495167e-01,2.617393947862078907e-01,8.328297821940391366e-01,5.079141317567826830e-01,6.342081525260999664e-01,3.654771170519187651e-01,4.293943023198065756e-01,5.870880006097966008e-01,3.693148970647411877e-01,6.196327853563053933e-01,2.215432777914494358e-03,3.125122121363683170e-01,9.877037766093943461e-01,5.163919415936955026e-01,4.143856649934708480e-01,2.977988410262335517e-01,-1.165114041401954514e-01,6.913624910341590324e-01,9.300712518734760570e-01,4.703285633995096249e-01,4.285943282923319608e-01,5.062436500189136934e-01,5.620362638809550671e-01,4.568632407479223390e-01,6.692417464311601893e-01,5.454682458237285481e-01,2.400950780995202705e-01,6.289015096124608295e-01,9.049921689225364219e-01,2.429018200816831785e-01,9.171919971458741827e-01,7.590511307070850755e-01,6.549127980539760641e-01,2.178256578377386898e-01,6.214570578751613672e-01,4.412472266387589825e-01,6.702977296655789896e-01,7.711542552062701228e-01,4.795979755947289980e-01,7.165762296842927981e-01,7.067522221079138856e-01,9.413547419286221185e-01,5.856814068102182969e-01,2.879014909066105465e-01,8.162992954676845381e-01,5.778386932460828351e-01,7.702791704835940667e-01,-3.556542483020738721e-02,5.125280822363815769e-01,3.844207013045329857e-01,3.682492359096755652e-01,5.816353557075908398e-01,3.024389243649355796e-01,6.713430858936259016e-01,5.095041754214317820e-01,4.689731818888597248e-01,9.109859022569729570e-01,9.097106310188901590e-01,7.990074397537991757e-01,4.041483565152447777e-01,5.733182891486243715e-02,5.454555050167864128e-01,5.638631992424485428e-01,7.012139560641905689e-01,1.946442826528488323e-01,5.256082823334921050e-01,7.762753999885250167e-01,2.995991861399995293e-01,8.139466856835655406e-01,2.778660352323792937e-01,6.867299917050430080e-01
8.138747459740443002e-01,9.623294201029339856e-01,6.895201213127968298e-01,7.132816969469912838e-01,8.408940161135375346e-01,8.399543265589278773e-01,6.650763821060030612e-01,2.185201965758533926e-01,7.539099451338773239e-01,0.000000000000000000e+00,3.059708777473245100e-01,5.329701541555122990e-01,4.343665608208140960e-01,7.581724299891939856e-01,2.135291827650209751e-01,5.028111105048800322e-01,9.820862111103121350e-01,9.893289359684414030e-01,3.922392152808856225e-01,5.240699000109459993e-01,7.161882036127447115e-01,5.526811366084554145e-01,2.917135909142947736e-01,2.180683766158208470e-01,3.277467161779252791e-01,6.997282747478684728e-01,5.392413422944071222e-01,5.191436838004896970e-01,4.084722080531387745e-01,6.065030292025269665e-01,1.116134005699873644e-01,6.988594717746109408e-01,6.270356692565224321e-01,6.956670668399455026e-01,9.216975170784200699e-01,5.031139997312438217e-01,4.875700444180710580e-01,7.605769240743632809e-01,5.349336136073481462e-01,4.574627351932294417e-01,5.797932181579783517e-01,8.499621413151585703e-01,6.866581388570356381e-01,6.159825702940412429e-01,5.641473153754110736e-01,9.511072522875948509e-01,6.999142979047907609e-01,5.179348887758791209e-01,6.375865702849119465e-01,5.488448415080325882e-01,-4.747123362409055858e-02,6.274560540007847464e-01,7.781312821954168291e-01,4.920460262593600032e-01,8.339637325519870803e-01,9.946952341061636726e-01,7.813456379795318263e-01,9.820461157179273259e-01,9.415635459647644367e-01,3.270924179125267450e-01,7.477484289692175601e-01,4.041884858062593788e-01,9.739547215747941245e-01,8.868533375627278836e-01,6.372329234623352878e-01,5.027620574408692145e-01,7.213387009765956925e-01,9.038863762797261225e-01,5.040580881433922578e-01,6.399162579980886001e-01,8.940360620941523173e-01,5.942797796357596196e-01,4.001209097919291580e-01,2.788230547704529938e-01,1.556709257294367210e-01,6.289197652199979283e-01,7.468129587848506556e-01,8.066102322636703459e-01,5.675980579604200660e-01,6.945406813169535676e-01,6.121424133315351845e-01,7.679251104209726675e-01,3.634725441620421660e-01,4.126416442268165952e-01,6.538586191398387815e-01
9.597060925421720956e-01,7.002720864381801746e-01,8.824139492060383283e-01,7.802890877179223805e-01,7.023184824459528519e-01,9.411819817476232419e-01,2.122854322498291257e-01,2.062564611719900909e-01,6.671359462703772003e-01,3.059708777473245100e-01,0.000000000000000000e+00,4.562184448109032897e-02,9.945892003018512728e-01,9.443951045186603777e-01,4.924686389907227957e-01,7.685942363950845069e-01,6.330449039718069049e-01,6.756302368427313798e-01,2.994930865308149670e-01,5.967022374583573763e-01,8.331439968050509126e-01,6.930938351884498028e-01,9.412819647230964426e-01,8.359355963287107283e-01,4.764134080229527335e-01,5.177765822660128636e-01,4.665565967984467988e-01,4.502401254960038957e-01,4.261374938103438814e-01,3.881331048676029405e-01,2.112105781366690471e-01,7.527833718891592252e-01,3.546832932396112303e-01,6.335401769208507394e-01,4.289639880332009048e-01,3.496293526056206691e-01,4.373731333524213394e-01,6.954355909366993771e-01,8.359812251683546025e-01,5.348646317885494827e-01,5.491883110267358203e-01,7.996838555610056298e-01,9.831942200472520987e-01,-4.491464425751146017e-02,6.422103557876286395e-01,6.577439130021340841e-01,9.607484341839086506e-01,9.373179150043614571e-01,8.506522184535513231e-01,7.132255403159974971e-01,6.954939658684367032e-01,7.248210152598987266e-01,5.532186792615828574e-01,2.153612588046033283e-01,7.751669014307861483e-01,6.314305594775230235e-01,9.095388597501720129e-01,6.519845699270874206e-01,6.098704998218683615e-01,2.714274234463824875e-01,7.892500497076005983e-01,5.688300199759611653e-01,3.345913880243976957e-01,7.721724753404446417e-01,6.106278948061081291e-01,4.308927634511020011e-01,4.872177935972086260e-01,6.482931292067400930e-01,7.052610044297551450e-01,7.459933702196364091e-02,6.635504219047565488e-01,8.508230913851324573e-01,1.487699015920541656e-01,4.403355352576900361e-01,4.078673489764805815e-01,8.825475446965204140e-01,3.598593042112889773e-01,5.817833386013384622e-01,6.228231877583269016e-01,4.573447550201629186e-01,7.595098010072437456e-01,7.871234283175527757e-01,9.831232138512582264e-01,3.797833438152626306e-01,6.463365693446554427e-01
9.307840097954063197e-01,9.010358382381613573e-01,4.802164555255756806e-01,8.856328214813897759e-01,6.277967531436950965e-01,5.250147459306911957e-01,5.994794034800401406e-01,6.746185301594691541e-01,6.049431427247770054e-01,5.329701541555122990e-01,4.562184448109032897e-02,0.000000000000000000e+00,6.550315069378387367e-01,9.572575488267323074e-01,3.849955545231509291e-01,3.570748256065802151e-01,5.680476409514015890e-01,8.855734144323936796e-01,4.847545222612593130e-01,9.153252652374146425e-01,6.109865967219026972e-01,6.795089116181634026e-01,4.694745394016668905e-01,8.442954755632006147e-01,4.455574880273596716e-01,9.177345620990652320e-01,8.543502773575561982e-01,4.336309933718758836e-01,7.826001601811747310e-01,7.629661259379997285e-01,3.388939271234010508e-01,7.031250818644044775e-01,9.163779850872256771e-01,6.523627231742140653e-01,7.989328834476822072e-01,5.234706100615660329e-01,4.822504176782895224e-01,6.943155352680422387e-01,8.435864664175775074e-01,6.925912566580411101e-01,5.590320527599236256e-01,7.735658965952439958e-01,5.651253780683994643e-01,6.903853092595290120e-01,7.365909410837366833e-01,5.432309096248325586e-01,6.555178115503393910e-01,6.733848697133354433e-01,5.874911974444526619e-01,7.542695477871017573e-01,4.929713009625577014e-01,9.510561173538201185e-01,6.835795216040621014e-01,7.500494294003238194e-01,7.052961179886289012e-01,6.920031377759646718e-01,6.923613512607389442e-01,1.307900309148455065e-01,3.561429532115815144e-01,6.624342160364771193e-01,7.499928926468963919e-01,4.154672186231948561e-01,6.100891440336920768e-01,5.041375019671219260e-01,9.277974802982644764e-01,5.210348716371852040e-01,7.022168145294911401e-01,9.244067852761786996e-01,2.432866514601176866e-01,8.115639259856248788e-01,8.596858449497748467e-01,4.701964772859124064e-01,1.356411721084447020e-01,6.507270205741527702e-01,3.581726680160203791e-01,2.702461266874799928e-01,7.206449505118099896e-01,4.458554767947847108e-01,3.553306830513467962e-01,9.932162597306387619e-02,2.299297686775154115e-01,6.519667056879793199e-01,8.520172047465017773e-01,9.290654183471187544e-01,-7.662793276192930714e-02
7.325930607687239915e-01,7.874328040623219671e-01,6.119685227985640630e-01,6.246673458840146242e-01,7.058860516132214880e-01,6.218641724321301023e-01,3.769804127906841718e-01,1.889038315160643522e-01,4.255396604691147333e-01,4.343665608208140960e-01,9.945892003018512728e-01,6.550315069378387367e-01,0.000000000000000000e+00,4.998068773446833757e-01,4.584900050248535419e-01,2.117273327390336787e-02,9.067517651229802800e-01,7.788854461769607607e-01,4.806424965395784676e-01,7.389426796312400514e-01,8.869074160952247210e-01,2.653603826189872006e-01,5.380429713435060934e-01,4.997009395070499682e-01,3.904778208155729735e-01,5.607026763224973731e-01,6.541495276118115543e-01,3.622593872569371265e-01,3.919690770130052626e-01,4.800517744739605241e-01,9.731991699300442111e-02,6.874507603323112281e-01,7.798463648046662922e-01,9.188186178913967384e-01,7.264941557806772199e-01,1.273496431261598172e-01,4.707393648929564245e-01,8.516388710287456920e-01,7.997484458275756491e-01,6.474298703326084592e-01,6.456994555252795198e-01,7.861693301934339351e-01,4.313659316398383847e-01,5.744311117894564944e-01,3.296093812738204454e-01,7.605356582665427911e-01,4.996612454670709136e-01,7.503017622733937353e-01,8.602887429967682742e-01,5.982316231860905775e-01,7.772819038745898412e-01,9.729317189241876163e-01,6.194591928268948777e-01,1.371231954683725662e-01,6.904014053768483539e-01,8.963412944915558622e-01,6.115725140906673740e-01,6.689029010324381019e-01,5.876135747426087796e-01,7.504577095741888915e-01,2.968171225429591109e-01,6.233097380709129443e-01,8.413700162099638780e-01,9.822766845920561929e-01,8.487203115447369273e-01,9.185144861874430244e-01,5.333472155504282997e-01,6.763498168264104882e-01,5.218664541936461898e-01,5.079775279579740177e-01,8.249872527930310895e-01,2.791106773451277889e-01,3.283345389694314331e-01,5.429020101295811696e-01,3.463682108499238077e-01,7.482715094227544439e-01,5.498624927414644814e-01,9.307299671091421311e-01,4.130882764567830878e-01,3.848175886740629048e-01,4.659764382006852945e-01,7.812092547754785343e-01,-1.963807973317382993e-01,6.034400137583493251e-01,7.411096969799285672e-01
-1.895560777012185727e-01,9.595010556494704135e-01,2.925870956430697278e-01,8.315681436476658472e-01,7.581064766174263614e-01,9.472816959546566107e-01,4.956480066361944603e-01,4.553074693388891592e-01,8.079211919224547067e-01,7.581724299891939856e-01,9.443951045186603777e-01,9.572575488267323074e-01,4.998068773446833757e-01,0.000000000000000000e+00,9.531549368392011612e-01,8.057117349342486357e-01,5.565125609230987536e-01,6.277836328078041372e-01,9.944880962357003362e-01,5.272135505851855974e-01,2.241397401439457759e-01,5.254209143458548059e-01,4.624330903503155454e-01,6.921767849932385364e-01,2.422287148706656623e-01,4.298653525937468078e-01,8.281720000210515686e-02,5.604928660187812328e-01,7.318076419688653855e-01,2.431092396027728086e-01,2.388890011027191840e-01,5.052449713559729050e-01,6.495183275698797054e-01,5.658564006348246744e-01,8.081071880058159351e-01,4.015996972226568151e-01,2.115173527350510119e-01,6.211699567460090554e-01,7.671368367512123587e-01,8.768619352580726556e-01,5.909693225865570998e-01,2.689233288950830802e-01,8.115193174429246037e-01,6.060272164604117995e-01,6.653120538112072824e-01,8.538030936306855168e-01,8.454037437778676445e-01,4.801235454458124829e-01,4.432500616497371815e-01,6.643281379128662678e-01,8.419197458605115481e-01,6.573518919664810278e-01,7.912491277062088102e-01,8.896233112558749045e-01,6.323885538069141665e-01,7.641168059741088037e-01,6.675786877206459913e-01,8.570627233271769230e-01,5.997720060339959414e-01,5.882850562156820562e-01,2.158362319065715296e-01,6.766741917087919500e-01,6.273048936459740821e-01,7.972637234939343731e-01,5.345273433184819512e-01,4.077852210908632785e-02,5.558843373334219073e-01,6.352662508624202786e-01,7.362213340182856003e-01,5.852302436149114939e-01,7.742301732562155703e-01,9.299027860301972703e-01,7.185633861765792219e-01,2.054151728461304366e-02,5.462354899674559672e-01,6.035298285025733067e-01,6.873485131437443441e-01,6.928575860183179280e-01,2.268853334348375494e-01,-6.186851539565235703e-02,9.674061959815347667e-01,7.000357007391828645e-01,4.481621646937051784e-01,2.503740862538995637e-01,8.751751542747755463e-01
8.040385134181609050e-01,6.481392544786972465e-01,9.059043611867473311e-01,6.488343601379014114e-01,7.006874290279269113e-01,4.526564291107399440e-01,5.050117230522211953e-01,7.816821697389436663e-01,7.755055545017495167e-01,2.135291827650209751e-01,4.924686389907227957e-01,3.849955545231509291e-01,4.584900050248535419e-01,9.531549368392011612e-01,0.000000000000000000e+00,6.668266975933223595e-01,9.433828565686832590e-01,7.572486618377712864e-01,7.766373284796085352e-01,7.951254191904957302e-01,9.215523638955764874e-01,6.254062694230803077e-01,4.326443886042558584e-01,6.051359152740398706e-01,4.302718253553118322e-01,6.577798641256913381e-01,7.214997685117466864e-01,-1.171565333113699925e-02,4.001906249882365985e-01,4.028711520262356349e-01,2.741723989125766092e-02,1.815780479742117037e-01,5.785139825088008170e-01,3.454014102696273958e-01,5.717834964904537909e-01,8.049821118974664902e-02,1.364341307206528853e-01,5.407388923729200547e-01,8.400054728566505036e-01,2.899564756344273353e-01,9.733537417629545968e-03,6.357634320058835886e-01,9.867949089411823804e-01,5.314809763377330576e-01,6.062434507880192225e-01,5.651389706526619428e-01,6.349353653116722729e-01,2.494694073250534050e-01,8.889473428553414935e-01,5.934355882249480185e-01,1.352485749036078377e-01,4.122234744069147028e-01,4.408641996127046769e-01,2.983569148350223577e-01,8.118921558877745248e-01,7.328833852059585263e-01,6.633475565555071451e-01,3.326104849856181822e-01,7.115919519645867997e-01,6.369818420196375897e-01,3.357128758811554065e-02,9.975564835353496473e-01,7.913147064403978082e-01,6.539107882017631823e-01,8.650107195941041383e-01,5.262015118379226308e-01,6.006895215929553000e-01,7.792925453971688565e-01,3.883846265151833510e-01,5.217900018198374790e-01,7.712832975670464997e-01,6.577379416726112371e-01,9.755927170445879981e-02,1.865064613923987091e-01,3.730745598522913764e-01,-9.589562883776485414e-02,9.619599039949975339e-01,5.457434782593897360e-01,3.539452847371193922e-01,3.621454028540196379e-01,9.260635186643217942e-01,8.125303420402661958e-01,5.128915107361173842e-01,5.571083765166187085e-01,6.044875635883961706e-01
9.433857702240195930e-01,1.302216317954037472e-01,6.140617327957966776e-01,8.631759826943039560e-01,8.290511774393272137e-01,4.118551496094793318e-01,5.356809319227202604e-01,8.394825474005560562e-01,2.617393947862078907e-01,5.028111105048800322e-01,7.685942363950845069e-01,3.570748256065802151e-01,2.117273327390336787e-02,8.057117349342486357e-01,6.668266975933223595e-01,0.000000000000000000e+00,7.700565880590896084e-01,5.711859895747006810e-01,2.993129824018595508e-01,4.627606348418051296e-01,8.849865832999780357e-01,6.543193056161574761e-01,2.922385715970145514e-01,6.943722099197940922e-01,6.635002903021101073e-01,9.478132496670426121e-01,7.786033390881110794e-01,-1.645295635711117310e-01,2.267745411668299071e-01,2.103302476257269404e-01,5.775664019162818352e-01,3.695451119352711755e-01,3.939372085849895955e-01,6.598168690841280659e-01,-1.099389036547259724e-01,2.139434901765756014e-01,6.872711452103665852e-01,5.557520105011568567e-01,6.706654190233272139e-01,5.471958388146841434e-01,6.074760994573877859e-01,8.147855047958680874e-01,7.298847865151322223e-01,7.743693396934514528e-01,9.904429894815782731e-01,8.644703766885499796e-01,3.357558570487014782e-01,5.679075100578800939e-01,6.226994624525685751e-01,5.215068021185679248e-01,3.873170087899627800e-01,7.093066151501000727e-01,6.923324221081916807e-01,4.259197534931355444e-01,4.932629016057886173e-01,6.980653203004273388e-01,2.649253098228233627e-01,5.787397925549498945e-01,5.451663345992542320e-01,6.978925125601009860e-01,1.761769896478538600e-01,7.194683887754599327e-01,7.127368734780055171e-01,6.280595715615111541e-01,7.711384956702789228e-01,8.583511623154171932e-01,7.007389001976372933e-01,5.407081316580741870e-01,5.123193658694208397e-01,4.821688800654318485e-01,5.797401158065746962e-01,6.435534045980429996e-01,2.252929249947448753e-01,-7.970806442885715326e-02,2.550421296464976950e-01,7.207835849756627500e-01,8.594046634627759973e-01,8.633259024075730093e-01,5.220972097247016386e-01,4.601454262276355456e-01,4.617601670451251250e-01,8.718993855575091212e-01,6.385327648876522044e-01,8.767035644413755102e-02,5.373390962813692218e-01
4.648251832335430489e-01,2.831142768193393722e-01,7.532255389673848667e-01,7.678231286339429751e-01,6.336177339584222468e-01,7.999789469709086553e-01,9.358244594824580709e-01,9.145187925485525060e-01,8.328297821940391366e-01,9.820862111103121350e-01,6.330449039718069049e-01,5.680476409514015890e-01,9.067517651229802800e-01,5.565125609230987536e-01,9.433828565686832590e-01,7.700565880590896084e-01,0.000000000000000000e+00,4.952368270951103546e-01,9.781859929365677164e-01,3.436326088175789550e-01,8.748730083044572448e-01,7.797953049298615991e-01,6.121804956498305694e-01,6.651884026626644353e-01,6.392798934065979655e-01,9.745054933122272445e-01,6.406134354749521975e-01,5.399271223471316938e-01,7.817279803854804143e-02,4.941496695069575451e-01,5.797874360534428506e-01,5.640091460872410645e-01,2.707561063360043874e-01,9.746516536241308648e-01,6.446299074886717717e-01,5.422213741436158196e-01,1.036950668225430222e-01,3.153780727216078938e-01,9.249259554146448403e-01,5.924862195888673799e-01,5.213235853533142450e-01,9.532351877455012001e-01,6.454177058980529180e-01,8.592373748925259402e-01,6.397430037351296006e-01,5.612170608641744440e-01,9.573843201290775928e-01,8.175249898213253763e-01,6.295864968963127417e-01,7.080436801480218811e-01,6.279626475127638718e-01,6.926690031597877439e-01,7.404073361413752163e-01,7.389917719105308924e-01,7.839399665197310796e-01,9.274052209654832790e-01,6.958259782452611564e-01,4.818942149664920960e-01,6.638327231386825789e-01,3.722152037221372334e-01,7.201275409089256119e-01,5.741370786856767605e-01,1.216986602682583810e-02,3.481939128760583868e-01,9.480750098590561281e-01,7.618912781628067732e-01,4.254951357508248155e-01,5.402820921075721650e-01,3.391885705398320350e-01,9.689942985535164865e-01,7.838475446844554995e-01,4.264463202319704882e-01,2.660226123304175183e-01,4.161329270503816291e-01,6.894366203385043912e-01,4.805331793066701107e-01,5.333693256912743763e-01,6.899662565469812936e-01,5.375155917264627936e-01,7.047056420186496861e-02,9.585796342376917689e-01,5.791453110198611087e-01,7.813783688854528675e-01,4.482779557712691099e-01,6.422358347897858533e-01
4.854292380666613282e-01,8.987391049969373213e-01,7.485066229293900752e-01,1.000683755517550177e-01,3.336008387618719651e-01,4.556315683029968922e-01,3.723634096649528491e-01,6.622029801405995286e-01,5.079141317567826830e-01,9.893289359684414030e-01,6.756302368427313798e-01,8.855734144323936796e-01,7.788854461769607607e-01,6.277836328078041372e-01,7.572486618377712864e-01,5.711859895747006810e-01,4.952368270951103546e-01,0.000000000000000000e+00,7.514604317376990528e-01,8.401573996637358155e-01,7.110743403234583981e-01,4.837712364160924317e-01,3.294340753025097879e-01,8.118447913441104724e-01,5.536634635183149689e-01,3.657983357669953861e-01,9.040081496613301404e-01,5.505239540138324728e-01,7.893887009964775103e-01,4.769988164388481167e-01,7.411719241531222746e-02,9.723500957813049350e-01,6.447634222563134454e-01,6.638486493537871791e-01,2.280535629525830832e-01,3.769857675929444429e-01,2.561672339742175966e-02,3.776314299663048324e-01,8.452276107889721279e-01,7.137799818205561309e-01,-3.778113810559123320e-01,6.705951468509967484e-01,9.132811181421287561e-01,7.840926908517674709e-01,8.857149017781951184e-01,7.126353993700422773e-01,1.912407883570715617e-01,7.936654948262638065e-01,3.143677797284020747e-01,5.453774623672804633e-01,4.389364275063419862e-01,7.199206622333512717e-01,5.912793420963502466e-01,5.483819956161811726e-01,2.821709511032461370e-01,4.279287639313461566e-01,3.074080758661932311e-01,5.578075793036879615e-01,8.993657120923961301e-01,5.265693205636330365e-01,2.102552642651100701e-01,7.289450886327760726e-01,9.837787990579254238e-01,6.348326770635858152e-01,8.178827702503455033e-01,-6.001355651690440385e-02,4.981439474599811401e-01,9.744245385318125452e-01,4.201127566029827509e-02,6.236652967994698038e-01,8.767648835449102229e-01,7.262631785450933686e-01,-1.426675755346136776e-01,4.271272772145678909e-01,4.583500796557432033e-01,9.536488872074078138e-01,3.390518882257039790e-01,6.728036868429181361e-01,5.615108006586492229e-01,5.068807077883100698e-01,4.903563726042058368e-01,6.140476826376474184e-01,5.284380058359224863e-01,-1.536011673528125399e-01,7.581980592884517423e-01
