0.000000000000000000e+00,8.564139726150876708e-01,7.683256461077935251e-01,6.825211695857444916e-01,9.102854666952948648e-01,6.451851762216583852e-01,8.072777266008308583e-01,8.130688588055474675e-01,4.212567478341273097e-01,5.501718838051906646e-01,7.292946294021617204e-01,8.935116013063320040e-01,7.353333167206289600e-01,7.784493154616843880e-01,6.587317020503185017e-01,6.979981937033874484e-01,4.269025630816409844e-01,9.984628617992379329e-01,7.181585358902782268e-01,9.472565710401722461e-01,8.178502822980887599e-01,7.240774921334237613e-01,2.763717149520519487e-02,6.789540358455490310e-01,6.985751840700077375e-01,4.255214736156834876e-01,7.802193338500797992e-01,8.484706785714954957e-01,2.593417094496975328e-01,2.217034697101814555e-01,4.871166458037307634e-01,6.291955477813712116e-01,9.246570186386310342e-01,5.534899898466181245e-01,9.135404874815379328e-01,2.618650613237388791e-01,3.748402885164863196e-01,9.933350231558191190e-01,9.894574672465832332e-01,4.316951345288026487e-01,8.599437523981650067e-01,1.739842327482427065e-01,6.752855461523673553e-01,7.395479900600202550e-01,5.894355933408573778e-01,5.677823543762385849e-01,7.958099149886863621e-01,9.002245695327557584e-01,9.859628569951734978e-01,3.292697813258198547e-01,9.029596942215395439e-01,9.336535954795863734e-01,9.371882258766983664e-01,8.231727248468165836e-01,3.297563253119768500e-01,7.157645274896734522e-01,5.079279215031112793e-01,4.528359000492265252e-01,4.034545699361045124e-01,5.956783548294561914e-01,1.044044263701279091e-01,5.145265369068404704e-01,5.451790005703012199e-01,9.545423519146297719e-01,5.345480552435408761e-01,9.461139286151326599e-01,8.626986078840751526e-01,6.570350942840803565e-01,8.343017312671336949e-01,9.504997978583127338e-01,6.803935217942187474e-01,3.379838448344133495e-01,4.157124768268373183e-01,3.476886312708226678e-01,8.975266665839780611e-01,7.981753136256828363e-01,8.508440553827554265e-01,6.803170389959747322e-01,2.829634312473414126e-01,7.657555215723706177e-02,4.400212184149107641e-01,6.494452539425833448e-01,7.884246231817975126e-01,5.829632772862227696e-01,9.429344727830115680e-01
8.564139726150876708e-01,0.000000000000000000e+00,8.966042574480509453e-01,7.055794964270143410e-01,6.856198796806559637e-01,3.976398667480741111e-01,5.864463183392261136e-01,6.638230558158551009e-01,7.998068381753444811e-01,4.078718340693519018e-01,6.919480920304087457e-01,4.033672018587830532e-01,9.332946907068320197e-01,7.894241948272748832e-01,4.208123346100992590e-01,6.904038209297743700e-01,6.196479093306784813e-01,3.084097265893918083e-01,9.126972522126426401e-01,7.886893780812811450e-01,9.254537689222244179e-01,5.675707859554881551e-01,7.374003372554951419e-01,6.130363573980597280e-01,4.074022014597312724e-01,9.628219162971752842e-01,9.258731649756806181e-01,6.903779213522107661e-01,5.780004318499551985e-01,2.358990423124659452e-01,3.335903769115363682e-01,4.162845756293099830e-01,7.999070714356131262e-01,6.419578094339173369e-01,7.964851826617469488e-01,4.045044049799656483e-01,-1.617604213518200607e-02,7.655698917137339077e-01,7.350433577076160852e-01,7.730599964053069817e-01,-1.967906282227420423e-01,7.956819159629628935e-01,6.088185220032504841e-01,3.593791758055263630e-01,6.151440412921014289e-01,7.743495365006101139e-01,8.591916567793806969e-01,6.986971794977262507e-01,5.412342619065222404e-01,6.986998996153939157e-01,5.711754353789608718e-01,5.307076580648341091e-01,6.517722719008077759e-01,6.262962086988751453e-01,5.714752497963467848e-01,6.988486632751135241e-01,7.104791414050587450e-01,3.948211662026630542e-01,8.029487282624009348e-01,5.120786458647205164e-01,3.983517072813708149e-01,7.397325138596331229e-01,5.810270219049106233e-01,6.484055750920303396e-01,7.719328369740605655e-01,4.686128799515582588e-01,5.262950263713375154e-01,9.765509752474185179e-01,4.053485289804047431e-01,8.284965092389238173e-01,8.821437267689864470e-01,8.058372081411935284e-01,1.869852912990959126e-01,2.407817202209313057e-01,3.415263915184119092e-01,9.758030264264588860e-01,6.992860081405314343e-01,5.945509972961826595e-01,6.787896928316627942e-01,5.553951001627703832e-01,6.644752360338969099e-01,4.038407943647008835e-01,5.098860024257984014e-01,2.526508952253646023e-01,6.939314075553234540e-01
7.683256461077935251e-01,8.966042574480509453e-01,0.000000000000000000e+00,3.363132132717917555e-01,9.456920786505288445e-01,6.806418149656652261e-01,5.320872345919562818e-01,8.358980032201669408e-01,4.052424378014688466e-01,6.936245478947921095e-01,8.174316172013353921e-01,7.127092417448395167e-01,8.941852143888423532e-01,6.852329334793123561e-01,6.769999487352632572e-01,9.915641257598921676e-01,6.943006395201073433e-01,2.673317663210021400e-01,6.381072068793647301e-01,5.516917526641709202e-01,4.652116249732146658e-01,6.317479756476847008e-01,4.459261305157961597e-01,3.898663544289281413e-01,6.619753388284649320e-01,6.953558570330798938e-01,5.154183908666909453e-01,7.662425399737696763e-01,3.657615845857723480e-01,1.993486665994530505e-01,2.523575423076939162e-01,6.776708233532194869e-01,9.201865132384681734e-02,6.530721422083038963e-01,7.633842633749732265e-01,5.130274304993353018e-01,5.865362005168220927e-01,4.437308291649781355e-01,8.761978468145463772e-01,3.112296924555145727e-01,6.177736901026399385e-01,6.994832549460670013e-01,9.348119329779965847e-01,6.193672130208742743e-01,7.181597469720955029e-01,8.313726017869408347e-01,9.532381366093166664e-01,8.133367135309799156e-01,5.095619245627446281e-01,4.040884340185071366e-01,4.450956570971769666e-01,8.979426670837024060e-01,6.197955319559538268e-01,8.585330494171289351e-01,7.325254761097431677e-01,6.233246702997279343e-01,6.156605591087827012e-01,4.320437494980804982e-01,4.789960899066770250e-01,7.116963706596866057e-01,4.752943350920906668e-02,5.751390609879385440e-01,6.720460106674911449e-01,8.202978752325380540e-01,8.182830489756746095e-01,9.927482832145742009e-01,4.168089822072703621e-01,8.792977831019912482e-01,3.324549573693825200e-01,9.893982116119932613e-01,7.981046884157172450e-01,3.004465742135626893e-01,2.452185948647069846e-01,5.945319833146388566e-01,9.509024369060750104e-01,6.887908150636434801e-01,7.798730280616937849e-01,9.279788355349243290e-01,5.632871497692015783e-01,4.395932738716974431e-01,7.310012925572677567e-01,9.221662777249322041e-01,6.011678390305684738e-01,9.927473835085125486e-01,4.744431892755290869e-01
6.825211695857444916e-01,7.055794964270143410e-01,3.363132132717917555e-01,0.000000000000000000e+00,6.428879638447010381e-01,4.876982798556163123e-01,4.909402402623221917e-01,3.474172723066424329e-01,6.222549171639299992e-01,4.212255060114096783e-01,7.755409765036781478e-01,9.392408499938870170e-01,9.666980850361981403e-01,6.354203623299349291e-01,8.755506646715542907e-01,6.195167213603053336e-01,7.956829772926241606e-01,7.112295634574251624e-01,9.157425551519045026e-01,4.684959318785434368e-01,9.048073016031799032e-01,7.137043873802273453e-01,5.392731546888819283e-01,8.320099163072626203e-01,-9.153124202115285601e-02,4.305730369133471958e-01,7.329170513005504040e-01,7.683461656955838937e-01,7.781277402687104550e-01,2.473969920833407610e-01,4.326050990326373857e-01,2.460237722174502817e-01,7.463534848077192363e-01,8.762893495711170377e-01,4.924613338679245111e-01,7.415749613830001641e-01,2.159892822652736410e-01,4.349865197856498389e-01,9.904603075122260236e-01,8.588419148054690089e-01,4.279302964949793786e-01,7.690898998315588431e-01,4.007167780710931826e-01,5.478047080691295090e-01,2.716622417348592000e-01,5.761384016642622230e-01,9.129249411802826675e-01,7.874779581010264984e-01,6.412754478827396021e-01,6.555183970097095969e-01,6.123154236647849746e-01,5.226556092160806744e-01,8.016806984617081966e-01,2.347102457579468004e-01,4.919052636047311911e-01,4.617453076461865979e-01,2.068918241217906628e-01,8.362689111287523458e-01,4.245054370995585691e-01,2.409310711954527617e-01,4.261770237612493850e-01,4.636298724034865204e-01,6.736066250836980629e-01,9.639500504658045088e-01,9.001710470634212147e-01,4.964368840452039744e-01,5.813656914248789276e-01,6.638142989856339327e-01,3.523927101448363075e-01,7.468142375396908950e-01,6.798087626661892813e-01,7.990194291070210619e-01,2.719389821178871403e-01,5.877796498671274961e-01,6.713954655422376128e-01,7.372220911229416807e-01,8.759119615022874505e-01,6.738121224829433098e-01,7.603461854969079114e-02,1.283879758645601887e-01,5.904157394031485095e-01,7.375874484753367488e-01,5.155601821258951611e-01,6.508463132292914288e-01,6.075344610754260799e-01
9.102854666952948648e-01,6.856198796806559637e-01,9.456920786505288445e-01,6.428879638447010381e-01,0.000000000000000000e+00,5.780921764790077910e-01,3.032368606480588258e-01,6.040664425416794048e-01,2.933578387993989733e-01,3.039911497829507203e-01,4.624373972089415585e-01,9.394766321190447522e-01,5.706091078570668662e-01,9.018710091739100543e-01,7.942966912677998925e-01,6.905588643424875883e-02,6.603629469563282450e-01,3.015349909278312035e-01,6.363566418451032103e-01,2.356286294062368281e-01,7.068842823833879629e-01,6.490393003992340759e-01,7.774471587916264026e-01,7.016524091535226715e-01,6.310713306468348494e-01,8.918234861859972717e-01,6.447560984146880614e-01,2.338492560473594828e-01,2.347897591111646198e-01,1.982847322163481252e-01,4.655245269566986033e-01,7.984904857451962101e-01,7.076263696179568852e-01,7.134844745997942494e-01,5.257229608068940685e-01,-1.789600619535637593e-01,2.338433408235974786e-01,4.420581194876171960e-01,7.529389433771193074e-01,7.981134340026475593e-01,-1.116854812427779259e-01,4.593561971920954168e-01,2.247373822556563150e-01,8.620824443313289676e-01,6.080167542031155170e-01,6.819617833204492108e-01,4.316605530732021134e-01,6.008104667496142470e-01,5.244789035810983879e-01,8.567702403463740568e-01,4.621816121553756207e-01,7.643727719122522801e-01,3.228316102099962892e-01,8.492519528953357266e-01,6.433279618223768370e-01,6.216927808868267791e-01,7.961654458460261097e-01,7.631375932674372420e-01,9.883699208736919095e-01,2.444846964598062500e-01,4.296814091477835218e-01,2.463050950929275007e-01,5.693685185118133596e-01,8.011438488077405884e-01,5.932781792959576084e-01,6.325366369867065908e-01,9.822324849698925719e-01,7.492028195275779456e-01,4.381616538687090889e-01,5.911480477927869570e-01,7.136215166629474860e-01,5.457121004626698246e-01,2.399567249198118479e-01,2.327168338187252661e-01,5.006238735700021536e-01,2.878695225350810238e-01,5.999893969550880168e-01,6.134718756239277981e-01,4.361088000075949989e-01,2.998182877502306720e-01,7.138059107751573151e-01,8.358590080406239631e-01,5.842672587859458755e-01,7.179072097862274626e-01,6.670408452570205649e-01
6.451851762216583852e-01,3.976398667480741111e-01,6.806418149656652261e-01,4.876982798556163123e-01,5.780921764790077910e-01,0.000000000000000000e+00,7.901549213944158989e-01,4.134368581161073086e-01,5.758488394315817299e-02,5.298103587227762645e-01,6.177394679236921649e-01,6.813381966861770112e-01,6.889154388206155666e-01,7.279349967338456517e-01,7.677372743291681623e-01,6.335206159542751125e-01,4.260863136593671108e-01,4.438538979946949903e-01,7.900965369179362430e-01,4.231064522606070577e-01,7.521384116425293698e-01,7.289746200842860402e-01,8.803419382844094310e-01,7.900300521140158905e-01,6.033402944194592443e-01,7.944016994067114590e-01,9.295285975259586220e-01,7.347769456536811239e-01,5.516224957308014654e-01,2.559528331018576797e-01,5.627243961924069948e-01,2.449070619422012984e-01,3.685788190228383998e-01,7.355549656532861524e-01,3.854294580210906873e-02,2.100189344313011797e-01,5.606183071179924315e-01,4.881042932959799852e-01,7.047616924555288875e-01,5.376800523496335638e-01,4.788545292415338217e-01,3.460041624342959365e-01,9.067010531248608229e-01,5.888156523334853176e-04,9.166388177821973571e-01,5.748654724332810106e-01,5.009873606189644279e-01,3.944443261993453298e-01,4.822999302736088456e-01,-2.408478035701520914e-01,3.446864565202975017e-01,8.330299517165402623e-01,4.032745621414629555e-01,8.634873758303223124e-01,7.550317470625610428e-01,7.283792284308869824e-01,2.057241700849363197e-01,6.301447551406357261e-01,7.388257081223399414e-01,9.831433878945268490e-02,1.303967470942815066e-01,7.130000350075532678e-01,7.392826873439127811e-01,5.817053173587178883e-01,9.180343112568071229e-01,7.223856611871311006e-01,7.198882754377778914e-01,7.929143264825786463e-01,4.993027877314727414e-01,3.620660518121296967e-01,4.489004646695945455e-01,8.810989983246603208e-01,2.715113527715224961e-01,5.107562540781741545e-01,2.399272525265210565e-01,7.774594685465084920e-01,7.748700763415040660e-01,6.434293312522874064e-01,4.897737692993706649e-01,4.394105169457943050e-01,2.316295301577506460e-01,2.376355328934499078e-01,7.891792104234034433e-01,3.893973093246150263e-01,2.439621271205902331e-01
8.072777266008308583e-01,5.864463183392261136e-01,5.320872345919562818e-01,4.909402402623221917e-01,3.032368606480588258e-01,7.901549213944158989e-01,0.000000000000000000e+00,8.972004881160184908e-01,2.072387041777819516e-01,3.735205225785351857e-01,7.512268898329665934e-01,4.021257509140563347e-01,4.845447881373419752e-01,6.702312735100760532e-01,4.404810524836663133e-01,2.645474210385350203e-02,8.249325516836885086e-01,5.176672325376493466e-01,8.289434788427508805e-01,7.481292139923496620e-01,5.602817543586011695e-01,4.124249882666823908e-01,4.112508018422575962e-01,8.080257307130472855e-01,6.740206227232680147e-01,5.464369034565091932e-01,6.834341733364472926e-01,5.479550275720328489e-01,2.086105844447931623e-01,1.195313814997911537e-03,2.509684990452598630e-02,5.311160129860255097e-01,3.886774716448249678e-01,5.568863629753810773e-01,2.344509864753950290e-01,3.380468124987102696e-01,2.766444506611782927e-02,8.185045155980695819e-01,6.119307214284857022e-01,3.879252603998629145e-01,4.353590442421894080e-01,5.371307480773270804e-01,7.745219583650495565e-01,3.735763499981706870e-01,9.910684886970834162e-01,5.205738769750347661e-01,7.498515497255405782e-01,6.518985396030874124e-01,4.618656417063894404e-01,5.333489703316086211e-03,5.859602366652957306e-01,4.511755527873614890e-01,7.895020384478680375e-01,7.971413120099674066e-01,9.512286671433602958e-01,4.196851547203802602e-01,2.223792369463966079e-01,4.074501732383687957e-01,7.631010512667271151e-01,2.744727027723080637e-01,5.094427871841969990e-01,2.338138505925325128e-01,7.135942404436365072e-01,6.480761932982698204e-01,9.152127662759171889e-01,4.422887164041914843e-01,4.608047843410191247e-01,9.815062740979787481e-01,7.043539554776411249e-01,6.803694335139653937e-01,4.300328317860983574e-01,7.968630330252912675e-01,5.731681248908441217e-01,1.705334772847112434e-01,5.720590733399383288e-01,4.645177798621120679e-01,7.696363622146846772e-01,7.655089596060345170e-02,2.858804634461766248e-01,2.755087347643755402e-01,5.009599146412816451e-01,7.816389668915491029e-01,9.990280547232542885e-01,5.648992456881362090e-01,2.842039472378976028e-01
8.130688588055474675e-01,6.638230558158551009e-01,8.358980032201669408e-01,3.474172723066424329e-01,6.040664425416794048e-01,4.134368581161073086e-01,8.972004881160184908e-01,0.000000000000000000e+00,6.435109564656815717e-01,3.093687169017469429e-01,3.884879254640780100e-01,3.206292566343977302e-01,2.049407579578290950e-01,5.530657753846904834e-01,4.657755898544820861e-01,6.228951100474237057e-01,7.488031068822056380e-01,7.957102053086443361e-01,8.734304853830097970e-02,7.480139412508326480e-01,7.113199465474315808e-01,6.945271529447025749e-01,6.574045529188921044e-01,7.467231757038630402e-01,4.995480613384160051e-01,5.003274316038635455e-02,7.013677260887577480e-01,5.151667822936746299e-01,7.900314673190067527e-01,2.814460692523346186e-02,1.509048387659149004e-01,5.275569405396518530e-01,6.103056567481730532e-01,6.371953926466800144e-02,2.721722224510655375e-01,5.818943573762741517e-01,1.213672689053962722e-01,4.906730101711994085e-01,3.370373100807203537e-01,7.839964838781365852e-01,3.130163155577764256e-01,5.131188756752510516e-01,7.898535820754963854e-01,6.207162230380572354e-02,8.460804807574328068e-01,1.300813399913158530e-01,2.698251940982666630e-01,3.225948364018274006e-01,4.543541592598871470e-01,1.189953605868834807e-01,4.183314108174980284e-01,7.806418381305445520e-01,5.730711026009774889e-01,3.544275361426401094e-01,7.163909210760974755e-01,5.307917253471456931e-01,9.624637339121742130e-01,2.945466084645858018e-01,1.378840361152248450e-01,7.476837036231633871e-01,5.949054245887036574e-01,7.136886994459370470e-01,1.159093163519991782e-01,6.806000270974539301e-01,9.959964591686523150e-01,3.621323228707598041e-01,6.840669536604960799e-01,6.394847127623822791e-01,4.903648995821345280e-01,-1.707598268472415581e-01,6.906201811485751518e-01,6.624775259985524745e-01,3.342145254980158908e-01,3.667820981152103976e-01,2.555447976365005092e-01,3.007016536263208972e-01,4.542341362305748476e-01,7.760490404228266303e-01,3.576846447273956953e-01,2.917553341493540620e-01,5.936806199567983278e-01,8.743009071785889930e-01,7.222756895261517318e-01,3.038384123507275048e-01,3.924344490591986645e-01
4.212567478341273097e-01,7.998068381753444811e-01,4.052424378014688466e-01,6.222549171639299992e-01,2.933578387993989733e-01,5.758488394315817299e-02,2.072387041777819516e-01,6.435109564656815717e-01,0.000000000000000000e+00,8.493472817140522713e-01,8.903833833375476292e-01,5.243912832058468254e-01,1.396742015251963009e-01,5.321807318008680010e-01,4.556764150406993896e-01,5.041767398712360126e-01,4.950979239691160050e-01,4.146073236493000858e-01,4.654014935805946829e-01,6.743850785880862730e-01,3.445538579498890197e-01,8.752038886908142246e-01,4.635863601388401367e-01,1.072214237352380889e-01,6.644031262646074021e-01,4.783196991158278899e-01,6.769550870329144043e-01,5.534234634897664540e-01,4.354465776021836376e-01,3.064309410783539467e-01,3.208829757168785712e-01,2.927113849181516292e-01,5.458509881350099846e-01,2.002778141414279789e-01,3.540505711409557277e-01,2.884969830584647177e-01,7.769864335305203262e-01,9.998742604648973575e-01,4.058399916984190003e-01,6.691548328638224907e-01,1.111181566291361555e-01,6.508025216376314148e-01,9.782156696320679634e-01,2.305393443309216583e-01,9.286762574578842910e-01,8.499477940095447881e-01,4.859611364452054993e-01,1.011608716452026269e-01,4.432123080276745286e-01,7.157806781565217991e-01,7.728819840013652076e-01,4.688587062225841318e-01,6.739195098441241871e-01,6.316197894041383210e-01,2.556025860729962615e-02,6.026168635166475607e-01,4.577193989450454858e-01,7.378529578707273551e-01,5.371356672504352670e-01,4.572332090855265041e-01,-1.870671788792410417e-01,-1.150830505110966850e-02,4.530674373829134405e-01,3.489903463688264762e-01,3.772214596852244695e-01,8.540304131216176486e-01,1.958872551552661989e-01,6.778448166946340336e-01,6.046961493817297750e-01,4.022341265313649772e-01,9.948986082478680215e-01,7.518504303664421684e-01,3.218177429590950434e-01,3.385901707259191262e-01,2.607985395119094552e-01,3.162348032112791835e-02,8.969085523069832977e-01,4.826889591486476783e-01,3.371692882204845865e-01,5.787573281680686854e-01,7.598568909320448928e-01,9.870053418522015676e-01,9.777722170975577942e-01,4.609282194902563079e-01,7.268776352820986997e-01
5.501718838051906646e-01,4.078718340693519018e-01,6.936245478947921095e-01,4.212255060114096783e-01,3.039911497829507203e-01,5.298103587227762645e-01,3.735205225785351857e-01,3.093687169017469429e-01,8.493472817140522713e-01,0.000000000000000000e+00,7.127358321044974243e-01,3.972656954003348506e-01,3.544774399926405861e-01,6.450891771714051259e-01,3.818647549366610550e-01,9.940575789783260285e-01,6.134701651876233175e-01,3.082128163031995216e-01,5.160409952733219230e-01,6.268737497886055499e-01,8.786414622685243536e-01,5.055519368972594130e-01,2.767084313050900968e-01,7.056319649038965691e-01,2.926323367318857671e-01,4.662316226593735680e-01,8.055818130808102273e-01,2.785260722602022065e-01,4.165327901201685834e-01,5.965945384505026983e-01,5.736907397474265702e-01,4.728024931915983387e-01,5.169347867091853566e-01,5.825309902697557440e-01,5.729598273749629822e-01,7.781616487032315677e-01,5.050665285397727411e-01,2.048911490032725435e-01,6.516362585314748879e-01,3.512355821834310388e-01,2.134841396365817767e-01,6.494473270684286703e-01,6.130443775834307774e-01,7.046423454752531734e-01,7.904151403495240924e-01,4.061808613105832300e-01,3.995999361669886341e-01,8.107015652616735846e-01,7.688987533912585715e-01,6.846787512031451417e-01,4.978346436146919851e-01,7.229875825250150490e-01,4.626454575424672200e-01,2.491742945628862560e-01,9.439659171415820671e-01,6.846198768193079154e-01,6.185389249370759623e-01,-9.173731207740769278e-02,3.239898552496524031e-01,3.882059866217183464e-01,3.699041686384931804e-01,9.889164648896581200e-01,4.027606112169509478e-01,6.428777734280749501e-01,7.456622642545079893e-01,4.176083882197191843e-01,2.181864689293325221e-01,4.924548436418425545e-01,7.054701956771527449e-01,6.241334440564755281e-01,6.704610557329394593e-01,7.940225308538493287e-01,2.328970528995221723e-01,2.880593057597827800e-01,1.177750692692115381e-01,5.928721792372728672e-01,2.138809008874411610e-01,7.902501240257553405e-01,4.562767548827988962e-01,3.898972971095523987e-01,7.278204119696554120e-01,8.899835864636009841e-01,9.883833401156941756e-01,5.642965836532066737e-01,5.522227579122418462e-01
7.292946294021617204e-01,6.919480920304087457e-01,8.174316172013353921e-01,7.755409765036781478e-01,4.624373972089415585e-01,6.177394679236921649e-01,7.512268898329665934e-01,3.884879254640780100e-01,8.903833833375476292e-01,7.127358321044974243e-01,0.000000000000000000e+00,6.594623418015461702e-01,7.876582937512843774e-01,9.121586219820329022e-01,6.659804817555540213e-01,8.466227988509306135e-01,5.372882191065255775e-01,7.076292112104192178e-01,9.205263792736940731e-01,7.570577797698144762e-01,8.899419308789183747e-01,7.957783671709168782e-01,5.928821836222029074e-01,8.319630862787688041e-01,5.795281508042051666e-01,4.507907975090779673e-01,5.974080545440545453e-01,5.974110756080850404e-01,1.793696756827238281e-01,-4.907882295580942578e-02,2.118494524218131614e-01,3.818335385293850082e-01,9.183254643575217147e-01,7.829453355597777442e-01,2.092206338787328257e-01,3.485012886996462500e-01,2.949655586298569609e-01,5.651591866555591981e-01,6.011766363020115689e-01,5.849723210967858744e-01,8.049299403110150852e-02,5.599307932230114249e-01,1.806012931791560194e-01,5.581534118266153754e-01,4.509874277006729049e-01,6.746823761793737662e-01,4.044668449258821408e-01,8.949494703231131165e-01,7.046580529346258004e-01,7.654948040305059598e-01,5.019060241939550249e-01,9.085763309278892530e-01,4.776536843285124623e-01,9.917388469443547683e-01,6.116418405035478623e-01,7.427603647510564455e-01,7.294760064710869019e-01,3.197748121148925593e-01,9.294377513003871938e-01,5.596727677734083528e-01,6.374779233921781252e-01,7.456383053529681559e-01,2.187106541729466058e-01,3.603373209476647410e-01,6.307659606479434355e-01,6.683811280915552544e-01,7.020853910352818916e-01,9.192736250958501998e-01,5.730819990870406055e-01,6.047100327154621979e-01,6.896694658745646800e-01,5.518275646095582854e-01,6.094358238344447232e-01,5.303038262162120819e-01,2.343310049681429919e-01,5.677492444862288767e-01,7.039090631581882418e-01,2.412945628166322243e-01,3.816625045870611910e-01,3.615056274097614430e-01,5.538178515264660096e-01,8.404422152951398495e-01,9.964350529956902403e-01,3.711391320687608131e-01,5.953719567288485726e-01
8.935116013063320040e-01,4.033672018587830532e-01,7.127092417448395167e-01,9.392408499938870170e-01,9.394766321190447522e-01,6.813381966861770112e-01,4.021257509140563347e-01,3.206292566343977302e-01,5.243912832058468254e-01,3.972656954003348506e-01,6.594623418015461702e-01,0.000000000000000000e+00,9.999928087595532089e-01,2.694888697289066215e-01,9.330994551244926605e-01,1.811535536021262674e-02,6.194271718235622171e-01,6.178009329728599841e-01,4.328526409541147979e-01,2.071622445867667694e-01,7.764895049653077752e-01,2.202047025705059502e-01,6.640197666821940903e-01,9.801409776633492887e-01,3.207674283140497518e-01,4.294525252029848805e-01,9.546433721009086604e-01,5.918559478434618493e-01,2.044453903601055056e-01,3.708445748699844557e-01,5.340405094287922205e-01,7.872235448530973123e-01,7.563977416427712930e-01,9.723358836099587066e-01,6.374115899099602744e-01,4.314991518345311361e-01,3.937582974952170689e-01,5.337368098808437100e-01,8.353844119392697110e-01,2.831907550166958276e-01,7.194039246875975069e-01,5.743586925761846596e-01,8.543421678661413665e-01,9.851005244605983702e-01,5.876070501457719697e-01,7.953315753215741690e-01,7.326799655823346136e-01,6.934785880947776926e-01,4.376986710621108001e-01,7.291286287553567780e-01,5.091039105253861718e-01,9.967822132568284754e-01,2.711878998802177976e-01,2.571428468980640480e-01,7.895138594434332191e-01,6.323988463004236449e-01,4.088020457875172209e-01,3.303152266864040065e-02,7.356839320918029390e-01,6.022700075137034093e-01,4.221515199783985040e-01,4.747721031042835271e-01,7.915103510517327301e-01,2.067763031094662640e-01,8.833149804940553240e-01,3.127353815284772964e-01,7.318697971721916939e-01,8.191788831664020831e-01,6.596843499912798947e-01,7.210895871745117702e-01,7.717732393530001289e-01,5.464334515177742269e-01,-1.003611882661477883e-01,3.213215239225754027e-01,5.379932211200293413e-01,5.561051811262158751e-01,6.809828483164109825e-01,1.743877007561748238e-01,2.300718047188665683e-02,2.207323772099736015e-01,7.587064821597500064e-01,3.117625520036700348e-01,6.336062538905807839e-01,2.672277966663994531e-01,4.515590224672701436e-01
7.353333167206289600e-01,9.332946907068320197e-01,8.941852143888423532e-01,9.666980850361981403e-01,5.706091078570668662e-01,6.889154388206155666e-01,4.845447881373419752e-01,2.049407579578290950e-01,1.396742015251963009e-01,3.544774399926405861e-01,7.876582937512843774e-01,9.999928087595532089e-01,0.000000000000000000e+00,7.748956628843286509e-01,6.245385016618119067e-01,8.815299951853147187e-01,8.023361375854178856e-01,6.496646663767893237e-01,5.445668874561321315e-01,9.147344407079951445e-01,4.193197184411853184e-01,6.479306571116136837e-01,9.654065410581125217e-01,8.583864950265422955e-01,2.177423884990408731e-01,8.365234196325298521e-01,7.408106646310597121e-01,8.453049393375176024e-01,-1.986578159564062473e-01,7.070611578157245392e-01,1.063469559715004148e-01,3.152337521717946123e-01,6.507570130325541768e-01,9.370260781430002073e-01,9.501366296811930567e-01,2.425344434910445268e-01,3.428243356722752155e-01,5.685548679452956389e-01,5.134403276361337864e-01,7.987729424154513813e-01,5.528142845201295952e-01,2.233766206781898911e-01,3.653544885587212132e-01,6.713359950440785928e-01,3.421049829559694722e-01,9.304162551640626777e-01,7.047170564762081924e-01,6.553423476072270937e-01,4.898831600723648760e-01,6.478655642861721464e-01,3.321635830331244321e-01,3.850561012462744293e-01,6.588203688461777841e-01,5.020011988171581008e-01,4.762875827754132763e-01,5.825496516460596519e-01,8.828455058609208095e-01,8.737475564962744468e-01,7.631994751267732191e-01,8.973760742456871053e-01,4.919489238542721354e-01,3.950326969214880690e-01,5.786699459215376429e-01,7.955515401178642199e-01,9.437902467527349293e-01,4.595506905190844815e-01,6.010262967301928105e-01,9.678727391525727697e-01,5.020232715124164358e-01,4.016982152969077458e-01,9.428102217379431549e-01,7.109574348147513767e-01,3.248694906641518831e-01,3.559687386954446531e-01,6.461804552395268297e-01,7.761572007657906447e-01,8.608080298112490425e-01,7.969258295831419536e-01,-1.572508836835267987e-02,-9.221666044208780277e-02,6.270390157363588957e-01,9.124465388901668028e-01,5.353022296009687375e-01,3.602176021553814556e-01,6.830934061570945737e-01
7.784493154616843880e-01,7.894241948272748832e-01,6.852329334793123561e-01,6.354203623299349291e-01,9.018710091739100543e-01,7.279349967338456517e-01,6.702312735100760532e-01,5.530657753846904834e-01,5.321807318008680010e-01,6.450891771714051259e-01,9.121586219820329022e-01,2.694888697289066215e-01,7.748956628843286509e-01,0.000000000000000000e+00,6.995938070159755107e-01,8.851378215783135550e-01,4.289176884719356209e-01,3.308087051148441704e-01,6.413373748719608525e-01,6.506537644530852038e-01,6.615815973626243407e-01,4.654568273257578270e-01,4.617222803650464780e-01,8.217019772782501175e-01,5.029164283457473461e-01,3.743529282467790154e-01,6.175843269237006883e-01,3.035937450278144434e-01,2.087073511344365584e-01,-1.117372321465190665e-01,3.142556741730576642e-01,5.254065615845658899e-01,6.524768674369905153e-01,2.826537859891792848e-01,3.126524261720246001e-01,4.919775298266643726e-01,3.516930286444903964e-02,3.727306768783376634e-01,4.787004223716471718e-01,8.694390326079859399e-01,7.328986963144702022e-03,7.296430995793051766e-01,6.302200948151889248e-01,8.265812368508990149e-01,8.900267040101462745e-01,7.135234276678118492e-01,7.550711106802351358e-01,7.375731188493135360e-01,7.151839678957429003e-01,4.788189546559063481e-01,7.746174726501275920e-01,5.329063953480630556e-01,9.044492588965448165e-01,9.951802455286755666e-01,6.991136828041499829e-01,7.250388565440022415e-01,4.101204258978801698e-01,5.812457306783130884e-01,6.099611573678319631e-01,2.600072753854207885e-01,5.598922685890354023e-01,7.104399727490671168e-01,4.708285193861937445e-01,6.891034997793243910e-01,7.380672065404980664e-01,6.117850523053991463e-01,4.445860744319015123e-01,9.970453421329025234e-01,4.349140112480788800e-01,7.108026065234083202e-01,8.058568770716281193e-01,5.085593112801229942e-01,1.758064542863997382e-01,3.545352154013703405e-01,2.572578340701006105e-01,7.643646283230374205e-01,5.230038110705490517e-01,5.864051989054045455e-01,2.171115429715461398e-01,1.188311737956938563e-01,8.295170279770184285e-01,6.016050992671954090e-01,7.328530107514327208e-01,4.994377753205817005e-01,5.639200582010801543e-01
6.587317020503185017e-01,4.208123346100992590e-01,6.769999487352632572e-01,8.755506646715542907e-01,7.942966912677998925e-01,7.677372743291681623e-01,4.404810524836663133e-01,4.657755898544820861e-01,4.556764150406993896e-01,3.818647549366610550e-01,6.659804817555540213e-01,9.330994551244926605e-01,6.245385016618119067e-01,6.995938070159755107e-01,0.000000000000000000e+00,6.114967875275707510e-01,4.681509939800337916e-01,4.625559887378458690e-01,5.264974748873676447e-01,9.555237131661780126e-01,9.674298473243234664e-01,3.071819533682967895e-01,7.912594014709218859e-01,9.214013646939421820e-01,5.451535287624196258e-01,8.202739301174202247e-01,6.119132614513491664e-01,7.265409975631509365e-01,9.838646711824172719e-01,7.573574135433551735e-01,3.371879625802449709e-01,7.038422314757232234e-01,6.901043420909281911e-01,5.540533511332468297e-01,4.552135422112902341e-01,4.530158665029289655e-01,5.024029536279150943e-01,5.683868654021850819e-01,9.202889393454085631e-01,8.850986922096252263e-01,5.764551415784392452e-01,6.866669572042131131e-01,8.588878802099797483e-01,9.135463557733701778e-01,9.329971484865198228e-01,7.182706529649295346e-01,9.031736993744441389e-01,4.434055732136670813e-01,8.765594727794605578e-01,4.098629761788168957e-01,5.302740775595417011e-01,4.748281177820386501e-01,6.267921407436839454e-01,7.415118496196743125e-01,6.046516882959477313e-01,9.726421148467977451e-01,9.226673058694205842e-01,7.732968335506638091e-01,8.625800291878337189e-01,5.284604720465771455e-02,2.209516498786687211e-01,-1.809648355086277971e-01,7.473866266507761535e-01,2.750379521976565877e-01,7.335958423341396584e-01,4.907798818652002737e-01,6.887199422939341287e-02,4.723641147418325414e-01,4.894130194644646936e-01,5.153053430111258493e-01,9.975323957491198934e-01,7.137582787378049520e-01,3.185258928017392632e-01,5.537096930480893686e-01,4.496009049506928257e-01,8.502642637655621893e-01,6.450471989375606841e-01,5.938200880396116155e-01,3.197873401013034966e-01,3.721823996707701587e-01,4.551372662993015683e-01,8.364845335437036677e-01,7.214535343458491345e-01,1.589292698741963106e-01,5.664572682057088526e-01
6.979981937033874484e-01,6.904038209297743700e-01,9.915641257598921676e-01,6.195167213603053336e-01,6.905588643424875883e-02,6.335206159542751125e-01,2.645474210385350203e-02,6.228951100474237057e-01,5.041767398712360126e-01,9.940575789783260285e-01,8.466227988509306135e-01,1.811535536021262674e-02,8.815299951853147187e-01,8.851378215783135550e-01,6.114967875275707510e-01,0.000000000000000000e+00,9.376943921980666063e-01,9.862211196771875077e-01,9.807252923488052332e-01,8.976905401589018174e-01,9.300187682808587208e-01,7.214804524633786631e-01,5.529644842353156342e-01,5.898512317065570665e-01,7.744566099174683416e-01,1.605092837140586481e-01,5.757078410007151481e-01,3.691769399222091241e-01,6.730733693297033526e-02,5.378570666096760267e-01,3.220905100471621596e-01,5.784749244308409200e-01,6.676898937027579972e-01,6.102150603011480268e-01,2.840971735459664749e-01,4.907303409272266714e-01,2.327879715859597354e-01,6.954909595694427349e-01,7.399507517620381725e-01,4.909748599381413281e-01,5.626675228458632994e-01,7.088926386384211131e-01,7.355125375072737448e-01,7.111133083735353688e-01,5.630590480634740658e-01,9.077939556832752555e-01,5.892260354066853889e-01,3.393959975063370327e-01,5.038132865288831308e-01,5.068696849932666781e-01,3.319419376612667838e-01,4.608435992264381942e-01,5.346523467963595344e-01,5.909399205056831139e-01,7.504924690813459254e-01,9.655086283790362822e-01,2.158978740543278652e-01,9.767662067253799485e-01,8.361371837581692557e-01,2.502568756599525823e-01,3.862436359113060602e-01,7.203601291428542996e-01,9.312550830509852551e-01,6.828018368907440294e-01,9.489031158502237995e-01,7.693396145076968340e-01,7.093274892521599373e-01,6.194637507188252012e-01,4.994858730277696446e-01,8.483014432136074534e-01,6.927630906403685618e-01,2.081858348148559190e-01,4.376071557451111094e-01,2.859508144829177589e-01,7.868949390249205811e-01,7.547438313563308299e-01,7.124006889611423921e-01,4.292773993901549678e-01,1.442675571489093755e-01,4.553754833508205646e-01,8.888634894528925079e-01,9.587082147681753597e-01,7.149172254643481050e-01,4.189110402843952974e-01,1.701049210385637833e-01
4.269025630816409844e-01,6.196479093306784813e-01,6.943006395201073433e-01,7.956829772926241606e-01,6.603629469563282450e-01,4.260863136593671108e-01,8.249325516836885086e-01,7.488031068822056380e-01,4.950979239691160050e-01,6.134701651876233175e-01,5.372882191065255775e-01,6.194271718235622171e-01,8.023361375854178856e-01,4.289176884719356209e-01,4.681509939800337916e-01,9.376943921980666063e-01,0.000000000000000000e+00,7.964047297755358912e-01,8.261645047510035589e-01,6.987988479016418175e-01,7.505617434448785819e-01,9.178985161042308993e-01,7.173704063551048504e-01,9.014822916988777246e-01,6.119031012312518003e-01,5.400175826657640510e-01,7.134890389542295486e-01,4.854280346300470228e-01,2.426560553918106489e-01,4.197634232514226849e-01,4.573483601890103722e-01,2.177896830946500772e-01,6.321706563563569414e-01,7.809216987718120562e-01,5.135309163614482086e-01,4.766592415082455125e-01,4.273528874225402396e-01,7.796879601640287483e-01,5.458156845033339533e-01,7.361667421432611658e-01,4.896864702240353862e-01,8.540765994191217292e-01,7.221732717352069564e-01,4.425034315515203320e-01,8.891230593361194590e-01,8.251358881871536655e-01,8.355331631988739405e-01,5.299598504839748703e-01,6.739228018578061752e-01,8.377093900064989107e-01,8.406895364194471032e-01,7.074609375636627950e-01,6.710007233536692262e-01,6.024078829188328488e-01,5.982267906017688652e-01,6.002918911474566244e-01,6.739112440951166016e-01,2.703298913843523166e-01,8.777297122737098833e-01,1.884504510544668943e-01,2.203661943372073051e-01,9.012607218095337602e-01,9.432587070137277152e-01,7.646140275960108257e-01,5.084134497478514092e-01,8.893108492316464941e-01,4.656733418445955230e-01,9.130585204566076252e-01,-5.648629297515944669e-02,5.854633143050798072e-01,8.473030776631218508e-01,7.446038110753010475e-01,4.443269599788285951e-01,5.642798561771048549e-01,6.865677048743793476e-01,6.956861690562090583e-01,9.398309720184616634e-01,4.831624920516242039e-01,2.612331667245249012e-01,4.845910631673601143e-01,9.179465632533592157e-01,6.550038009581499177e-01,5.122904854006775643e-01,4.615942402164602276e-01,7.150229489729155175e-01
9.984628617992379329e-01,3.084097265893918083e-01,2.673317663210021400e-01,7.112295634574251624e-01,3.015349909278312035e-01,4.438538979946949903e-01,5.176672325376493466e-01,7.957102053086443361e-01,4.146073236493000858e-01,3.082128163031995216e-01,7.076292112104192178e-01,6.178009329728599841e-01,6.496646663767893237e-01,3.308087051148441704e-01,4.625559887378458690e-01,9.862211196771875077e-01,7.964047297755358912e-01,0.000000000000000000e+00,6.300086100790126542e-01,8.945935494822947476e-01,8.263022902036631923e-01,4.224840227502561496e-01,6.031727712623559112e-01,6.060209784462441407e-01,3.009663551525857961e-01,7.203015271546522325e-01,7.891841978113347533e-01,6.723386440844844048e-01,7.808285358182971425e-01,1.115942192650715009e-01,5.713637389977661574e-01,9.154080768636742027e-01,1.424872914767874865e-01,3.015056817389201171e-01,4.595965848815243282e-01,6.589047298801562480e-01,7.646582634954156577e-01,6.493044061748127760e-01,6.771307703929669852e-01,5.530915690666824425e-01,5.306575753578821608e-01,7.530602047971104440e-01,4.689180567710141689e-01,4.723193904659300779e-01,9.255300743141882114e-01,5.331676803550255972e-01,5.057812046024084962e-01,6.044953839561136855e-01,4.074874672697995637e-01,9.615814074670805955e-02,7.400774288805418433e-01,7.892907755242488665e-01,9.854627699477469527e-01,4.669949428658946022e-01,7.925207212878402352e-01,9.868632509647552453e-01,-5.086704434279878950e-02,4.269210196210982411e-01,7.851400188510141431e-01,7.020435756658893744e-01,7.333709262633507642e-01,5.905731673103287172e-01,8.609527250414082955e-01,6.655118688228447432e-01,8.854087960726336748e-01,5.256604447313798500e-01,2.447838053304376149e-01,5.736440633102857234e-01,8.258212638290097010e-03,6.150076038521660182e-01,7.000744711313123814e-01,9.220474479291604908e-01,4.610524990464079931e-01,3.215993927938963770e-01,2.672075097680979283e-01,4.703707427017123632e-01,8.929548234591344613e-01,5.553326573762495943e-01,2.148937316798556485e-01,1.224732653344639682e-01,2.973390134053279787e-01,6.626204050234748566e-01,6.290070482293504961e-01,1.131311809718774097e-01,6.672778240543680850e-01
