0.000000000000000000e+00,8.413793400952320756e-01,9.731810712113515560e-01,7.626480019514373376e-01,8.685970275641412552e-01,5.530050933918344569e-01,9.842336277175998127e-01,6.805781297154158693e-01,6.135473112551267372e-01,6.459330635018482036e-01,2.348243844654604173e-01,4.237783491948393655e-01,7.433736663389309829e-01,8.562615398654377374e-01,6.111465295809376252e-01,4.209231891416138072e-01,5.686549736768042873e-01,5.383260040033525096e-01,7.362305765818797365e-01,7.021619457535146491e-01,6.756166504153958696e-01,8.537664531357160858e-01,8.328501924478408647e-01,6.848372324877761708e-01,8.612394980023108104e-01,8.953115354202620946e-01,4.845483322560700801e-01,9.049016792712948343e-01,4.547018961710634355e-01,3.143603278539233159e-01,2.154657911557780747e-01,5.957498922418661413e-01,9.665925475116458054e-01,6.738333105377016796e-01,4.552004075054265075e-01,2.526959618754572867e-01,3.195263597240793896e-01,7.891261346548048561e-01,5.396539984629653564e-01,8.574387588329634990e-01,-3.217392188474983428e-01,8.946720269789494306e-01,3.073708248503228546e-01,8.721055381591322764e-01,9.147736521410011479e-01,6.293954497419925742e-01,6.594767738059769124e-01,7.833018563695842706e-01,8.479116571029505778e-01,5.359234810514045266e-01,6.447049298701599263e-01,9.965379210103888497e-01,7.745997756827043279e-01,9.984188817881984868e-01,4.621353402905200580e-01,7.865167180208826325e-01,6.927181383919857049e-01,7.964145475144969177e-01,6.233212739458126039e-01,3.245454190046737075e-01,2.566566927117601704e-01,9.266916820187074411e-01,6.839286626329200702e-01,9.544789989533281060e-01,7.578415335977938261e-01,8.256491469895529400e-01,9.027951165609483519e-01,4.211503101418909711e-01,9.826796761569571714e-01,7.701457520344658914e-01,5.243541514439036266e-01,5.396530520161414435e-01,6.611035830045629558e-01,2.470615562516120522e-01,4.197865570832479132e-01,4.062315087472465058e-01,5.300002231100757744e-01,7.084818837249990953e-01,2.002690643291873962e-01,3.367607924198648961e-01,8.562928378781389238e-01,5.660748754433388985e-01,4.221940383039651246e-01,4.710331295038328037e-02,2.370430793277277515e-01
8.413793400952320756e-01,0.000000000000000000e+00,6.398444690044602368e-01,8.480588953288143994e-01,4.297789729912346313e-01,6.392287833729385360e-01,5.483814926645567134e-01,6.403495118228906824e-01,5.745456242031506955e-01,5.893745879282034084e-01,7.955384783761354495e-01,7.808197885591168230e-01,7.874489847936680942e-01,8.806948829837050186e-01,6.534319470518763495e-01,6.001452352707907778e-01,7.511417169686299689e-01,8.436311356301896547e-01,9.520713170251037250e-01,9.446052344287217961e-01,6.649506638082347543e-01,8.748493742584020350e-01,2.732440529242177729e-01,6.600071424318667557e-01,4.168056593039743962e-01,9.455779086371730591e-01,5.704322834166848377e-01,8.273316352905297766e-01,3.020550594697432034e-01,-1.872414854074422319e-02,2.871195799266836324e-01,4.088282148388644455e-01,4.104297427014028110e-01,8.843057389912367672e-01,2.032972968072635500e-01,4.406273425975477109e-01,1.063664930361792049e-01,4.245412517004989450e-01,9.723705387385241927e-01,6.018278075535448135e-01,6.485903741949432533e-01,6.094909696093641083e-01,8.310915121712018072e-01,8.483438718720135441e-01,8.348716270837204245e-01,7.323110812298754269e-01,7.804811348459530507e-01,8.423628631725216254e-01,4.407028841590208135e-01,7.066818309979827628e-01,6.979094390654977387e-01,3.782369407676043904e-01,4.541678389286046280e-01,2.775550109052715708e-02,8.219102448381236936e-01,7.559278364138115602e-01,6.857170044027155464e-01,7.021076183273263771e-01,9.682352136199726678e-01,7.368260906431607637e-02,2.516338591876630670e-01,6.233940629667067412e-01,9.735677257657388006e-02,7.427016398497109373e-01,9.713127002410016919e-01,4.818029684483586816e-01,9.746021443961002673e-01,9.759705712650097453e-01,5.556299054029667506e-01,9.671813375359467058e-01,8.281506559831841585e-01,7.528951611496794705e-01,1.653227318440664284e-01,1.876574803852459616e-01,6.140927185391032994e-01,6.336153402087036923e-01,8.263373475347307595e-01,2.051606109176317971e-01,4.420572147159952392e-01,3.801068119760486197e-01,2.703141254640801239e-01,7.985512730510386792e-01,6.689385688099698246e-01,2.813718221069476111e-01,4.799052033359207381e-01
9.731810712113515560e-01,6.398444690044602368e-01,0.000000000000000000e+00,8.191126794317467041e-01,7.687845094039855720e-01,8.655740948469347051e-01,7.038028249437122685e-01,-1.643070900391765121e-01,5.076802452066143667e-01,5.277063772839432065e-01,9.270106960169137711e-01,7.036353083219295534e-01,8.074196558434391102e-01,8.766532425560270569e-01,7.744564893287168017e-01,4.608538924455209962e-01,7.865755757769078427e-01,6.891706679609066466e-01,5.170917438821049927e-01,4.071167568408980975e-01,8.550578783004543215e-01,6.147005145681926352e-01,6.311882364074853369e-01,9.018508133824700845e-01,7.011291164330545334e-01,7.083588622072616303e-01,9.330704497722587254e-01,7.477319602813794486e-01,7.773500357327149946e-01,1.496831160037614961e-01,2.510796289262998138e-01,6.054012407985919220e-01,7.139287412842330038e-01,7.608024731236457949e-01,6.922061469518290266e-01,4.999588390342000199e-01,4.171934923312013987e-01,2.663843899952955119e-01,9.059330249882552311e-01,2.237610589256497640e-01,4.750921328831484436e-01,8.737602158261457141e-01,7.886127103055158294e-01,7.297758570084922347e-01,3.705781495697240691e-01,9.238956940486917624e-01,9.146956652281670319e-01,8.752401905863234077e-01,5.910112946641082887e-01,8.930552678723617799e-01,6.871881478324238790e-01,7.343698195299942499e-01,7.421290978552964601e-01,6.746982053153991465e-01,7.558710858601422888e-01,6.002824445237034956e-01,6.961304283263428649e-01,2.736888234845702428e-01,7.490717006541394163e-01,4.098197835151019541e-01,6.755917573078876748e-01,7.679588206971259545e-01,8.361928150397783810e-01,5.064918724534702710e-01,8.974187913940211425e-01,9.463372324420037396e-01,5.563137434696275863e-01,4.383240115642361157e-01,3.835474322622459686e-01,8.301736960801546772e-01,5.296006200070201286e-01,6.584082974961256163e-01,2.925922743694755468e-01,1.023931160249573757e-01,6.281843718223911743e-01,5.333403384205221975e-01,9.768253754065284733e-01,4.996032451372566241e-01,9.662122252340734629e-01,5.533629240368453939e-01,5.550100641476102270e-01,6.872523308999797242e-01,6.140702486801961069e-01,2.831386087426704390e-01,5.327063994952827564e-01
7.626480019514373376e-01,8.480588953288143994e-01,8.191126794317467041e-01,0.000000000000000000e+00,-1.144103616388627981e-01,7.268895936349392128e-01,1.165104848491328449e-01,7.063455053691656271e-01,4.476246962659547468e-01,3.748595816256864444e-01,1.333993400661415973e-01,2.958301984299174237e-01,6.928563350945012855e-01,4.228128992867082880e-01,4.985974119146252548e-01,9.757417492828051042e-01,4.954154409595178388e-01,8.418725101869660721e-01,7.083126163673344466e-01,7.277021903873044373e-01,8.368983626139470111e-01,7.354424795639855628e-01,6.045112723760612816e-01,6.797977227895639629e-01,2.634433807467373434e-01,7.218329818723485669e-01,6.385893175465184868e-01,6.424385903420467558e-01,7.245392683495632813e-01,3.412000526862629113e-01,2.530755999809682910e-01,7.113000003744762711e-01,4.948086346796446433e-01,7.681762270832999118e-01,6.760537437890776769e-01,4.129000324232310337e-01,5.902313946816812873e-01,7.867222187048892312e-01,1.948371601730525260e-01,9.423580316595541184e-01,4.821380311699771104e-01,9.864193706410123719e-01,9.960999509217618453e-01,6.052613078939482749e-01,8.243459660994579830e-01,4.567779364590157098e-01,3.269032154886242214e-01,6.176142566026878722e-01,4.778284731682844733e-01,7.293411288332801723e-01,7.116295799283943735e-01,3.857707318004882091e-01,6.305526202070855790e-01,7.550986742329632850e-01,5.455995970339774237e-01,3.218151810766308740e-01,3.536086329929789551e-01,4.381692022382308732e-02,7.824776087429496929e-01,6.284218137837394025e-01,4.330106946966947312e-01,6.888348096571941248e-01,7.356961226614777694e-01,8.060344915712991387e-01,3.303062993515487600e-01,9.771364220977684090e-01,7.369194002049174186e-01,5.039351105050721147e-01,4.491516198448792241e-01,8.120444336482185443e-01,6.249496491578899748e-01,4.086438367459504506e-01,3.320383109544910449e-01,6.330520101369812025e-01,4.133583599807932885e-01,6.254166162198406820e-01,9.557345103595924485e-01,3.031694919345385153e-01,3.242448936549617855e-01,2.953413027964106943e-02,6.658917019329444464e-01,6.765525725603273033e-01,2.534763058690228110e-01,5.954814961699101961e-01,5.815496594076970949e-01
8.685970275641412552e-01,4.297789729912346313e-01,7.687845094039855720e-01,-1.144103616388627981e-01,0.000000000000000000e+00,9.931389442058548012e-01,4.228446879367959155e-01,5.765759849459957120e-01,5.660966882604774320e-01,7.743329143389754421e-01,7.194875009713010972e-01,6.704209560917044897e-01,8.184212839815890872e-01,2.053126929252285238e-01,2.582353069183652705e-01,2.119010571298506063e-01,9.764117488748405016e-01,7.169124768749249310e-02,7.744636922371495036e-01,7.573134117007846999e-01,4.261754787146259660e-01,4.952607861904847475e-01,4.888223375092202172e-01,7.339107869551781960e-01,4.228804528910903304e-01,4.131516257864809027e-01,9.978071363964435836e-01,6.703228988433932445e-01,4.700306746811029335e-01,1.445881137085421875e-01,2.309823095866381792e-01,3.460047598989894890e-01,4.476686150905796469e-01,6.881942121685786784e-01,4.653691111549906889e-01,7.374229892064965153e-01,1.005633169964063323e-01,6.395026857309975554e-01,7.695418571503670480e-01,8.341340926262506006e-01,7.300244417467467439e-01,3.983761261200102766e-01,2.279525463280286102e-01,9.237943190104577207e-01,8.520697851827762070e-01,6.884222472201060317e-01,8.147403660700662797e-01,5.898405528648529295e-01,5.503504192442052467e-01,6.752097516171592373e-01,5.733637824779422854e-01,4.647368219773340137e-01,7.685611308216578896e-01,4.039803804486140071e-01,4.170684942437919984e-01,7.468261806695367655e-01,7.063599630837884558e-01,7.573506939235947755e-01,2.034413423913296604e-01,4.809478283223709294e-01,1.455986717940230546e-01,7.618672985325177782e-01,6.360540947447921312e-01,8.866105995432258524e-01,6.070380909868062780e-01,-1.620889391474416852e-01,6.569282348998597421e-01,8.290981030913271432e-01,4.895895309847261290e-01,8.666069872712400812e-01,6.957221332731611252e-01,3.338263924990670928e-01,7.161644910617871451e-01,2.600121441479359974e-01,7.137106315134590373e-01,7.313939104008833070e-01,4.594317611977130067e-01,7.249739014693555861e-01,2.704239388309102599e-01,3.720058536467481525e-01,4.782901917374756673e-01,7.994268410227646227e-01,7.307177377743037106e-01,1.588304136741336588e-03,3.001033321383567709e-01
5.530050933918344569e-01,6.392287833729385360e-01,8.655740948469347051e-01,7.268895936349392128e-01,9.931389442058548012e-01,0.000000000000000000e+00,3.453350156953974848e-01,4.514152976305258469e-01,3.040530798602091300e-01,9.079844528533965731e-01,4.070039681284562949e-01,4.846410423686255409e-01,4.882738544366700961e-01,7.818073037962357530e-01,7.703566060850236541e-01,6.979586588060457952e-01,8.030718447177888075e-01,7.487537848072824964e-01,8.242623808791315065e-01,4.284464031229947567e-01,7.951713270187019678e-01,5.039104967273269065e-01,5.383653964250150192e-01,5.769763334041642100e-01,5.197494941975132621e-01,6.963145901602565413e-01,2.039428548416914455e-01,4.659617493991280446e-01,5.209141964495588306e-01,2.721504526620652231e-01,5.051685192552662906e-01,5.365494867504817522e-01,8.429765254800311025e-01,2.864940816224116338e-01,5.808948156268508578e-01,1.047573297674521398e-01,5.735201953562423238e-01,4.820563369282603317e-01,7.329617354097033299e-01,7.790890806296159043e-01,3.067038580246163604e-01,4.780937306777791607e-01,6.047554693875669685e-01,4.249816720144476423e-01,6.338201203513545989e-01,4.156037820667566884e-01,5.578662088042598555e-01,5.010454909735172491e-01,6.030052851494420718e-01,1.222426433953488351e-01,4.427733793006387031e-01,7.506579762110220377e-01,3.447866165426738405e-01,8.232013664527824126e-01,9.446268653047170671e-01,8.916193845486128922e-01,8.817049513476283851e-01,6.062701732743943639e-01,7.351527290650974322e-01,7.357427296826014596e-01,4.332285197036804814e-01,7.884163790747302780e-01,8.119572521997217018e-01,5.442616103710619102e-01,4.745897098110609669e-01,3.477779482111270637e-01,3.698966553934651680e-01,9.639694013093219604e-01,5.667097872048192375e-01,7.480314667388912042e-01,7.336265275391430363e-01,8.655720274805245307e-01,-2.811421663672902804e-02,3.800586330361565568e-01,7.281712094887872189e-01,6.167682761720372220e-01,8.970570872311820487e-01,7.901928656308800925e-01,4.677001456409309865e-01,3.103604582449860372e-01,4.292707081921763868e-01,7.550190815078394735e-01,6.750419347803932046e-01,3.063674951732731078e-01,6.532900552909823855e-01
9.842336277175998127e-01,5.483814926645567134e-01,7.038028249437122685e-01,1.165104848491328449e-01,4.228446879367959155e-01,3.453350156953974848e-01,0.000000000000000000e+00,6.134393374576070646e-02,5.660524845823466933e-02,5.776635296183729729e-01,6.453369196428435650e-01,7.957251262639284395e-01,4.263465452820779933e-01,4.389393800727594552e-01,4.665178351754940000e-01,3.210426104263655045e-01,2.256869148819112825e-01,2.327227919074794649e-01,5.826910777897486016e-01,7.660098013643299453e-01,9.152870039731786367e-01,4.665335725307160342e-01,7.270329477136472374e-01,7.367456622783044029e-01,6.869404087900244926e-01,7.031712423179597993e-01,9.393907707268486229e-01,5.760678090131512441e-01,3.002106131233832631e-01,3.910193229473136745e-01,5.923704333873500705e-01,7.385428398244389125e-01,4.700889707230124781e-01,4.144162625940972511e-01,7.062364896395582070e-01,2.255791674891148568e-01,6.793262857031510116e-01,5.398966068113113526e-01,9.687247090904426150e-01,5.423048214319219351e-01,5.536480919372848558e-02,5.362418226663046017e-01,6.005878490134811676e-01,2.938735268953016067e-01,4.030021082939753141e-01,2.981949261127600503e-01,6.014502359946241050e-01,2.089246036671346327e-02,6.745908472698225467e-01,4.863094554202910258e-01,6.744042605470979002e-01,4.528912430403944089e-01,2.807930041962071743e-01,7.950837398212218243e-01,4.976479682915109226e-01,4.849015861912928105e-01,5.388383688408701078e-01,6.269484411365301435e-01,6.330918582367119907e-01,5.232968763411413038e-01,5.006314331675781881e-01,6.320652103176268577e-01,5.788672160529633182e-01,8.113769275229184563e-01,5.043092174875641875e-01,4.152746622281995870e-01,6.429963229801152202e-01,9.619913257042562726e-01,3.097744977215874385e-01,3.513546425335961620e-01,6.032777227667858178e-01,5.021384036925137240e-01,7.452178755107812247e-01,5.343958411595012281e-01,6.347539420365083673e-01,2.244700468562574047e-01,3.838128693726612362e-01,7.601425324297891306e-01,3.644035420687373183e-01,3.759837139701286968e-01,4.536778585367215455e-01,9.742429900686762068e-01,5.127895765844073805e-01,9.909631393573287150e-02,5.113307575816468109e-01
6.805781297154158693e-01,6.403495118228906824e-01,-1.643070900391765121e-01,7.063455053691656271e-01,5.765759849459957120e-01,4.514152976305258469e-01,6.134393374576070646e-02,0.000000000000000000e+00,6.662914513374401659e-01,6.704462195044625927e-01,4.529024024062365816e-01,2.890167789975628398e-01,6.474848063062141890e-01,9.671070207420879861e-01,4.793002020335596636e-01,7.871703474022321290e-01,8.716041668529177500e-01,7.863629781800713925e-01,3.345664298312607254e-01,9.459024979013234136e-01,9.533611150340621787e-01,4.057152471290600415e-01,4.212885589543120535e-01,3.681938966721816642e-01,6.700024597834747242e-01,1.056438668483687116e-01,9.929415553198005506e-01,5.747719629069481494e-03,2.131615754997040202e-01,2.784274035954392712e-01,4.687560501391497270e-01,4.240416511939701927e-01,5.178046777627822728e-01,7.613162251509562051e-01,9.423108211480019092e-02,5.609182919901909425e-01,6.531775465684220849e-01,5.669945343573031815e-01,4.929045642359079493e-01,4.920919427443204430e-01,6.115479174568442255e-01,6.759657352107729666e-01,9.784809068483892869e-01,1.595880537967474533e-01,8.016485929013913436e-01,4.098132903166773477e-01,7.748533239369889136e-01,6.369621535903411402e-01,6.359334701009868862e-01,6.910603111429065581e-01,2.158157421202561155e-01,-7.057844186410222598e-02,1.530314904766277018e-01,7.458777494060044866e-01,2.816626671586016095e-01,4.928196285778945196e-01,7.696173975674472922e-01,7.753669421047603150e-01,4.943805008181427763e-01,3.358231403777656165e-02,3.052776423690060081e-01,6.931186313533100884e-01,5.715853390357406028e-01,8.026016480250073304e-01,5.860779638387560997e-01,7.038635210137079712e-01,7.267217509155574628e-01,8.047630937598401202e-01,3.095442364606380004e-01,1.471703201538314409e-01,5.455743865552136196e-01,2.844626875579570613e-01,7.534352678965490213e-01,2.082199250947878166e-01,2.009756191317215168e-01,1.871422042863175525e-02,5.041241615172070700e-01,6.308313467477202341e-01,3.793225266863226031e-01,4.394956305686871234e-01,2.474655869300449729e-01,8.330282927545598071e-01,3.588948311544101766e-01,7.182921398670050629e-04,8.511800852567379394e-01
6.135473112551267372e-01,5.745456242031506955e-01,5.076802452066143667e-01,4.476246962659547468e-01,5.660966882604774320e-01,3.040530798602091300e-01,5.660524845823466933e-02,6.662914513374401659e-01,0.000000000000000000e+00,6.874891252401147401e-01,5.570183211656610789e-01,2.544112101608783649e-01,7.122996430673403934e-01,5.503736376128978147e-01,4.674748721686385888e-01,3.603613778841459059e-01,9.621218560891102722e-01,5.626324099655596322e-01,5.360753506589277517e-01,6.542477637047863226e-01,6.959668369171265745e-01,6.373998988540274802e-01,9.497827797930522564e-01,2.236850202654529773e-01,3.354102182608647009e-01,7.664023407666175070e-01,9.983876184535714904e-01,7.814757754991141780e-01,6.240166235416866325e-01,5.030254761444210576e-01,1.024989438032011951e-01,4.329437294980674755e-01,3.930875621973648482e-01,6.100672903052506424e-01,7.307139327180597332e-01,4.172541588305797022e-01,4.453799182372358278e-01,7.640570240175809102e-01,5.499489134856232475e-01,5.455886277041872567e-01,7.298186304391958146e-01,4.009840450249264610e-01,6.284925905580069916e-01,6.524400874053245536e-01,5.082364844383490121e-01,6.331213543474667471e-01,9.733972657065059764e-01,9.858341613381171875e-01,4.306587594826787324e-01,3.475128596357778266e-01,6.926203173722034201e-01,2.358055670207538645e-01,9.000338913849038613e-01,4.730289925804802009e-01,2.450049394335149511e-01,5.284580092888951919e-01,4.127192390546530198e-01,9.595526687585986814e-01,4.613714692123879191e-01,5.138976306037650321e-01,3.174521615528039797e-01,3.983384646267794649e-01,6.157968743408366308e-01,7.314777970145068808e-01,2.890561820180027608e-01,-3.238317374736537912e-03,5.075028080682923992e-01,4.672340178351142015e-01,5.747823602729850156e-01,7.424990986275560312e-01,8.678473460898775693e-01,4.682340627311494807e-01,5.360516584289942710e-01,6.757672162147553285e-01,7.451361187169760480e-01,5.763430933564718250e-01,2.569151613221104524e-01,6.691351652217188972e-01,4.861475837416493473e-01,2.224696145130262703e-01,7.712872983641523295e-01,8.564501158975528217e-01,3.101714057893492638e-01,6.353491374161054361e-01,6.194264970681697680e-01
6.459330635018482036e-01,5.893745879282034084e-01,5.277063772839432065e-01,3.748595816256864444e-01,7.743329143389754421e-01,9.079844528533965731e-01,5.776635296183729729e-01,6.704462195044625927e-01,6.874891252401147401e-01,0.000000000000000000e+00,8.820495363131727329e-01,4.424514611412684872e-01,8.927827080076035093e-01,3.962817547334500090e-01,5.121478764236672143e-01,3.314585952678402725e-01,7.409645010625367512e-01,7.893690058803010112e-01,5.706024723724587577e-01,8.088245406935230530e-01,9.979315937200282649e-01,2.130225073152538229e-01,3.970109447721669182e-01,6.070360236552798661e-01,5.476576456276835980e-01,7.610268838142530967e-01,9.136677958116649068e-01,6.966231684988976047e-01,3.076161170158444591e-01,3.698939434329905351e-01,5.933858047780415923e-01,5.871635716808357719e-01,5.115293546284392923e-01,6.024434356529871915e-01,7.750476015058543888e-01,2.653124318055482544e-01,7.255012365616329839e-02,3.128386303410586322e-01,4.148343337100916517e-01,5.900994228153060295e-01,-5.786236779691186771e-02,7.232518015675368783e-01,9.347461554479120638e-01,6.646121286825278363e-01,5.379385472051971817e-01,3.707330840421800833e-01,3.812771220875588174e-01,7.981433596741731584e-01,9.028116501169318742e-01,4.436073537688364765e-01,2.194650202475872114e-01,9.563015460311918847e-01,8.107619661833980196e-01,7.248874129767400865e-01,7.243356597278990394e-01,6.979222339462946012e-01,7.994062479109884656e-01,2.682424547059656939e-01,8.377279010803306836e-01,1.332875270088235975e-01,5.555545504284101765e-01,7.513885429285485085e-01,8.686038101624234953e-01,8.023448362682931156e-01,9.192533110943156283e-01,7.548906413860876352e-01,7.670736138126111880e-01,2.204705634254566782e-03,-9.131372619502631238e-02,3.986728020425139851e-01,8.003589415860594691e-01,6.392722277162382616e-01,3.875558135028897011e-01,7.722174116773138364e-01,6.314604515897522807e-01,6.715701321217802944e-01,6.645486351252648527e-01,7.911882208824732032e-01,5.749115606926152172e-02,-1.659685544647125366e-01,6.400958815595738649e-01,7.906123494708741095e-01,9.892069148890372254e-01,4.766990616414591431e-01,7.758304823615833623e-01
2.348243844654604173e-01,7.955384783761354495e-01,9.270106960169137711e-01,1.333993400661415973e-01,7.194875009713010972e-01,4.070039681284562949e-01,6.453369196428435650e-01,4.529024024062365816e-01,5.570183211656610789e-01,8.820495363131727329e-01,0.000000000000000000e+00,4.921997600999057365e-01,9.986353724498735485e-01,3.899360922083603548e-02,4.107312359647257716e-01,6.171697180694402096e-01,4.724250151735008840e-01,4.895270933695325954e-01,2.853346643706820007e-01,9.600894130871897580e-01,3.783052330616034631e-01,4.720579174537668510e-01,1.800781509893579768e-01,7.951810379153680941e-01,4.281962370701483112e-01,5.323561580393719739e-01,7.072262617402069740e-01,6.020962637486929614e-01,4.984619205902629524e-01,5.829488722641432696e-01,3.024723973069924909e-01,4.187757361594144356e-01,5.353259891067393417e-01,6.123182579825026117e-01,4.278714449753527327e-01,5.047151574651796979e-01,2.259605074318335460e-01,5.686864573331753547e-01,7.246985705256898669e-01,4.706695838317814795e-01,2.092042000414428282e-01,2.990919792371092845e-01,4.671726672673490177e-01,6.688138372904234297e-01,9.957186789414489425e-01,3.934533310860456323e-01,7.920443163501142969e-01,2.923649821659655146e-01,3.027690489493966020e-01,7.894105787341658687e-01,4.701914099787107282e-01,7.632971304057382111e-01,6.841310106745052133e-01,6.133945453234173062e-01,5.695083337557194092e-01,7.927738727104701733e-01,5.254551452722543425e-01,-4.099924407065758114e-02,6.133911345081998201e-01,4.920856005321505577e-01,5.071397977983327365e-01,-1.302561565138548871e-01,7.089419938707111069e-01,8.122929599380845911e-01,7.579604400380427487e-01,6.346967202169385702e-01,6.456977468637378204e-01,6.955009431309001622e-01,5.072112284342491506e-01,9.236240908073118927e-01,9.576757216006445139e-01,2.787662912757458700e-01,5.993604666348548715e-01,5.989447246409295156e-01,4.578355442755512317e-01,7.485270056831478946e-01,4.031130083238093631e-01,4.647208013168159790e-01,4.744629127939153368e-01,1.636811056986500201e-01,5.170989798106480073e-01,6.856368484646769845e-01,6.758293322541842896e-01,4.230314303977984469e-01,3.510872727182756670e-01
4.237783491948393655e-01,7.808197885591168230e-01,7.036353083219295534e-01,2.958301984299174237e-01,6.704209560917044897e-01,4.846410423686255409e-01,7.957251262639284395e-01,2.890167789975628398e-01,2.544112101608783649e-01,4.424514611412684872e-01,4.921997600999057365e-01,0.000000000000000000e+00,4.036702335202744241e-01,7.093482963019611676e-01,6.658425000788351644e-01,2.904769771223328911e-01,4.139725535204051843e-01,6.661469217064067694e-01,6.667379058007150139e-01,1.974437220284918915e-01,7.880297976222766509e-01,7.436209659799295491e-01,8.613294670267132025e-01,8.404856003317345836e-01,3.784616243305359840e-01,6.570295307756462977e-01,9.131974014373754889e-01,5.049734517491013541e-01,4.156714271141688788e-01,4.947467332344281377e-01,2.423583824442321621e-01,2.656545743516720570e-01,7.695824450682016149e-01,5.832285452842893569e-01,5.594361196680344150e-01,2.344679511913048964e-01,1.967483041115432874e-01,7.689433491139172627e-01,7.616680614352967504e-01,6.628061373789050359e-01,4.002930044261550080e-01,6.011096432317432070e-01,7.449912909711964293e-01,9.316789500068790586e-01,7.921710348591348705e-01,5.903054884643761380e-01,6.002545986203792205e-01,4.291820324831511213e-01,3.992019078095312423e-01,2.195838567574494582e-01,5.121179290927018180e-01,7.008139088243428017e-01,8.846638880038873998e-01,3.515670392103262265e-01,8.917803261532033510e-01,9.805511503863703071e-01,7.546669709591551367e-01,3.285838743690835395e-01,4.369484491068449383e-01,7.603123657214225783e-01,-2.454765799699906714e-02,2.383001146447544794e-01,1.259854092877954745e-01,7.466827653952051724e-01,7.771485481274228446e-01,2.580633665834478618e-01,8.614567489343721851e-01,9.765312735756969120e-01,4.248624005996013420e-01,4.314284675023776217e-01,8.484698507616236229e-01,4.685195018421412505e-01,2.319368440892855820e-01,3.420452934916855536e-01,6.444507625068193191e-01,8.612778573578648567e-02,6.196403243344776879e-01,1.250259031403776755e-01,3.003479313600910805e-01,1.858930091604031332e-01,1.762925350382700262e-01,5.411397537754328857e-01,3.502489094305346606e-01,6.577366834864197820e-01,5.733560629576412992e-01
7.433736663389309829e-01,7.874489847936680942e-01,8.074196558434391102e-01,6.928563350945012855e-01,8.184212839815890872e-01,4.882738544366700961e-01,4.263465452820779933e-01,6.474848063062141890e-01,7.122996430673403934e-01,8.927827080076035093e-01,9.986353724498735485e-01,4.036702335202744241e-01,0.000000000000000000e+00,9.837484276962646934e-01,7.400700201822016933e-01,7.592288918862285518e-01,3.876361445800499128e-01,8.573049529422799298e-02,8.900407316561074200e-01,4.147731714678631332e-01,7.808961144430204282e-01,2.056898063206041849e-01,6.355764557605649845e-01,8.657018705120023139e-01,4.381493191819119115e-01,5.732793226289730759e-01,7.702604103374004474e-01,9.751175111500941517e-01,6.585544321350568220e-01,7.294755779431744136e-01,1.790724445958221667e-01,5.532208036675575480e-01,7.871867532128558054e-01,5.398049174844473663e-01,8.555051385113701112e-01,2.894964737099486873e-01,5.146372632676108339e-01,9.035781354075647087e-01,5.151443442049506993e-01,7.313207423439991306e-01,5.482963676205780956e-01,7.176994789089387039e-01,7.451301530865992451e-01,2.636822531100452838e-01,9.899735243906171434e-01,6.734983657712900751e-01,5.668879077508048869e-01,6.545856150313509314e-01,7.633166926028587262e-01,7.530393084171578266e-01,8.782269123495671792e-01,4.361246894014460529e-01,3.184280425986100171e-01,9.643284351544696431e-01,5.960919755940096154e-01,2.190519226244323492e-01,5.737818678039579012e-01,5.385968356411330316e-01,6.893717405163889422e-01,2.317585181003498085e-01,4.331902024803314100e-01,9.174127489925395507e-01,7.784110454615714714e-01,6.062446775666355814e-01,7.195045564793078885e-01,4.374881245291035170e-01,7.469341902037812675e-01,8.350957027641376929e-01,4.900500860778840839e-01,4.088899374253427421e-01,8.110861670629860853e-01,8.118039235715840407e-01,5.280677805597542296e-01,6.793439989710284843e-01,8.095567242446313760e-02,9.404937893908348334e-01,8.681306035965881129e-01,8.319322713395354008e-01,2.018845652535097568e-01,3.674761876481080769e-01,7.549619846661169698e-01,8.918427581163522744e-01,3.450010887293950557e-01,2.838096957153531386e-01,7.999709383721215206e-01
8.562615398654377374e-01,8.806948829837050186e-01,8.766532425560270569e-01,4.228128992867082880e-01,2.053126929252285238e-01,7.818073037962357530e-01,4.389393800727594552e-01,9.671070207420879861e-01,5.503736376128978147e-01,3.962817547334500090e-01,3.899360922083603548e-02,7.093482963019611676e-01,9.837484276962646934e-01,0.000000000000000000e+00,2.672990744670559193e-01,7.114967745898483908e-01,4.491778108274590564e-01,5.041275429410373432e-01,8.308459387563656984e-01,8.401517417434187784e-01,7.274708709924235794e-01,6.998970554681119838e-01,2.994477861742266822e-01,6.028895455772866896e-01,4.504113098754294886e-01,5.317116453211063742e-01,6.595762580892231552e-01,7.076055142662747155e-01,5.168745393697127266e-01,5.515354999442940720e-01,2.266285184197699976e-01,7.804769320279351108e-01,8.357393236081844812e-01,5.470507542857122596e-01,4.189727519308361625e-01,2.798002868034836776e-01,5.995888434965439551e-01,5.332501586366485968e-01,9.741613095261721922e-01,5.411567308055633685e-01,4.825978394109335379e-01,9.073518571697339885e-01,9.041102583592841579e-01,8.435127913748678985e-01,9.622785564798964630e-01,-1.735852486509497083e-01,7.893608733564962954e-01,7.653967603883533588e-01,8.443775072689782002e-01,2.896214638769778471e-01,6.394878389928760898e-01,8.397028108039517047e-01,6.541443048991634202e-01,6.388348779393132615e-01,4.630263650843325363e-01,6.635855854974626045e-01,4.284607494937178740e-01,2.864642440501691256e-01,7.652148788694709269e-01,5.695224303887218564e-01,2.026475901017748271e-01,7.246709029987431494e-01,7.264675478746246418e-01,7.896953254290913771e-01,5.581300215991394920e-01,3.455798847827913356e-01,9.770979555617164136e-01,8.172528574269277701e-01,5.299565048641157183e-01,7.974315710504729093e-01,2.547928721753308090e-01,6.241003483695185539e-01,3.635829118759933420e-01,4.312115961775427886e-01,3.214390812361568317e-01,1.131035469551484041e-01,7.058080643390451936e-01,7.082146041897871003e-01,5.166885751829835005e-01,4.521581163572178097e-01,6.117813014890196577e-01,6.379367365832065984e-01,8.704516615592198248e-01,5.533446798796927135e-01,5.989266276843743242e-01
6.111465295809376252e-01,6.534319470518763495e-01,7.744564893287168017e-01,4.985974119146252548e-01,2.582353069183652705e-01,7.703566060850236541e-01,4.665178351754940000e-01,4.793002020335596636e-01,4.674748721686385888e-01,5.121478764236672143e-01,4.107312359647257716e-01,6.658425000788351644e-01,7.400700201822016933e-01,2.672990744670559193e-01,0.000000000000000000e+00,4.133249461116005885e-01,8.252277291309969565e-01,5.428732294493929800e-01,7.351825005952574710e-01,5.819436955768552133e-01,8.930571563226901155e-01,6.238654314418908831e-01,4.541607090253141354e-01,8.588657355292975693e-01,5.673928728096331309e-01,7.252175944963333842e-01,1.205666397951168367e-01,4.173941423611780555e-01,7.448078729393351471e-01,4.577706885095617073e-01,1.158713081914422051e-02,2.630187865895200483e-01,3.550525818670230427e-01,5.536481755756466061e-01,7.337225109281018121e-01,5.970260278854142566e-01,3.638183484289168601e-01,8.198264384306181984e-01,7.171106774697509900e-01,4.614326875246794746e-01,3.819143335847621223e-01,6.731510654021721773e-01,6.330114219431668410e-01,7.399271332064740747e-01,7.188994842128766383e-01,5.243166238878327334e-01,3.292676788276660549e-01,6.294784564548826511e-01,7.954663187852779593e-01,7.254461320516243372e-01,7.099014626820879803e-01,6.706859300039105243e-01,7.915594557512715124e-01,5.564967699285647829e-01,4.228485621205252398e-01,9.575984281290211841e-01,7.228215321155936346e-01,8.980341849230326634e-01,4.966394234532096608e-01,4.822600705196822268e-01,5.291851248285323051e-01,5.054250794078564146e-01,5.455255025440516325e-01,7.039893731879363070e-01,6.099663007616458188e-01,7.513697108305874561e-01,3.096002667790974106e-01,7.504280495607161816e-01,2.839594835507484594e-01,7.799428195825408583e-01,7.551885018312252118e-01,7.915358325982106980e-01,4.453411160062969443e-01,2.129671558180024904e-01,4.906376994318087936e-01,5.927380013535290537e-01,7.665911448852320564e-01,7.707326252558025503e-01,1.793126733393199668e-01,-5.059349723225667339e-02,6.812383165798999718e-01,5.380716911893587140e-01,7.512693106322849701e-01,9.938943855732058907e-02,6.597343723939621540e-01
4.209231891416138072e-01,6.001452352707907778e-01,4.608538924455209962e-01,9.757417492828051042e-01,2.119010571298506063e-01,6.979586588060457952e-01,3.210426104263655045e-01,7.871703474022321290e-01,3.603613778841459059e-01,3.314585952678402725e-01,6.171697180694402096e-01,2.904769771223328911e-01,7.592288918862285518e-01,7.114967745898483908e-01,4.133249461116005885e-01,0.000000000000000000e+00,9.551908880370065802e-01,1.906065117200769210e-01,4.225270482397975313e-01,9.024223919871163790e-01,7.394620098912156880e-01,4.562942496821970062e-01,6.705539712786425799e-01,8.500645206602462922e-01,5.777997902593258184e-01,7.127156867405218810e-01,9.122584551692404231e-01,2.219079409760074395e-01,2.489687327248324422e-01,7.383629645088393145e-01,4.723670628999174226e-01,4.125626108566314842e-01,6.679170381020038683e-01,6.452910469739709942e-01,7.586766137514494579e-01,4.694792575849318084e-01,5.341659332291411877e-01,5.791622227738209006e-01,9.088995182882578794e-01,6.907607457810833740e-01,1.119074311635361724e-01,8.133794981789665979e-01,8.659498334712475431e-01,7.143083706273545275e-01,9.031609140838453564e-01,6.376358428067225859e-01,1.827389566661998810e-01,-1.942759949467125768e-01,5.558728297847422839e-01,4.757539605774405156e-01,3.215327951672409812e-01,1.543295738315400012e-01,9.433328251091658290e-01,7.590422210570182404e-01,7.559940758759813306e-01,4.384889233977033451e-01,7.057707800831378719e-01,3.412877345573654408e-01,8.496541036443421291e-01,2.010841275218440416e-01,4.579259556720982616e-01,4.668085806360714463e-01,4.962726513300819708e-01,8.327181565513579464e-01,4.227114149233074381e-01,9.991476989076046866e-01,5.162809655886984039e-01,6.141267623643221762e-01,5.338385079430016944e-01,6.837847176760147860e-01,7.481183804990565456e-01,8.289143072264661960e-01,7.597029426353802961e-01,2.882842194006980940e-01,6.110012897257486308e-01,7.579332276380151834e-01,2.127116751943958217e-01,6.482313863661789410e-01,7.854094218610828404e-02,1.791926685534619423e-01,9.671566353870032495e-01,7.880666815858061724e-01,6.926747700274331621e-01,7.646077408026017430e-01,-1.019012563379981251e-02
5.686549736768042873e-01,7.511417169686299689e-01,7.865755757769078427e-01,4.954154409595178388e-01,9.764117488748405016e-01,8.030718447177888075e-01,2.256869148819112825e-01,8.716041668529177500e-01,9.621218560891102722e-01,7.409645010625367512e-01,4.724250151735008840e-01,4.139725535204051843e-01,3.876361445800499128e-01,4.491778108274590564e-01,8.252277291309969565e-01,9.551908880370065802e-01,0.000000000000000000e+00,8.221059347713044474e-02,5.909911424101268462e-01,7.480221925367712688e-01,7.806475091428739521e-01,6.082446283431618417e-01,4.103344439405278155e-01,6.938932822134240563e-01,6.566872683267463984e-01,5.239378921869950467e-01,8.001082378668474826e-01,7.142510484548784122e-01,6.903297124678005048e-01,3.140672676805594810e-01,3.082212469603219374e-01,-6.569862518578059585e-02,7.958517293495708245e-01,7.519243311949082020e-01,6.542229455873336263e-01,4.645643846088914897e-01,1.198287497637778726e-01,9.454622411846254071e-01,7.536581153105640363e-01,6.662123396324894919e-01,2.722812856538426862e-01,7.504623166481160235e-01,6.984509778055725260e-01,9.153089156858096320e-01,9.291778674176044417e-01,9.327362070197899868e-01,4.538494272877621749e-01,5.594008968725675546e-01,9.204135581611647687e-01,7.758191935046352405e-01,4.575529805563011698e-01,9.708608169518520015e-01,8.479474315477056878e-01,6.480776434030135480e-01,4.955955477608534054e-01,6.262370675375483753e-01,6.601354118359934464e-01,7.335178491294322978e-01,-1.985301755371091104e-01,4.993257550560759594e-01,3.296227439437637852e-01,5.620116854833683284e-01,8.669447651026006563e-01,8.817940880276093907e-01,9.660802848544035593e-01,6.519727492711437922e-01,7.294229843400383828e-01,9.547195344694833219e-01,6.418752705289645921e-02,8.692766647997021145e-01,7.490964860229304412e-01,6.605287540207828156e-01,4.751629390503287476e-01,5.195061389126126583e-01,5.645434479921214166e-01,5.110284313648545407e-01,4.612829138526727824e-01,1.095282423482804024e-01,4.329475543159029272e-01,4.146359532798934988e-01,2.284294019296135292e-01,8.034412526608682992e-01,4.516434825459308966e-01,6.714687471487453818e-01,7.387532810314916265e-01
5.383260040033525096e-01,8.436311356301896547e-01,6.891706679609066466e-01,8.418725101869660721e-01,7.169124768749249310e-02,7.487537848072824964e-01,2.327227919074794649e-01,7.863629781800713925e-01,5.626324099655596322e-01,7.893690058803010112e-01,4.895270933695325954e-01,6.661469217064067694e-01,8.573049529422799298e-02,5.041275429410373432e-01,5.428732294493929800e-01,1.906065117200769210e-01,8.221059347713044474e-02,0.000000000000000000e+00,8.901556946878572685e-01,5.040132245836917990e-01,9.267097080855526414e-01,4.177722847812360696e-01,7.561680274751660935e-01,8.785661379988771724e-01,8.761945527759347208e-01,2.514979746334016220e-01,4.940652754581210671e-01,5.102931687411872419e-01,7.794149916648618337e-01,7.702425934745504854e-01,4.936550114335909178e-01,6.951016779000929180e-01,7.765072981442049382e-01,5.787257604553096568e-01,9.387342123493912505e-01,7.928958175486995330e-01,2.862065134016216206e-01,5.961569027785117436e-01,4.948898074623773180e-01,4.452413112147732832e-01,-1.007256277338959838e-01,2.863988221670358270e-01,7.280323708458745768e-01,8.399187358964647077e-01,8.741493977162012596e-01,2.179977238795265462e-02,7.887206928471884870e-01,5.895704729145307965e-01,5.341916963874964175e-01,4.930547719820526087e-01,3.482775521652158313e-01,6.916324990838461639e-01,7.893033996505423033e-01,6.631140530993169524e-02,8.644147385356416580e-01,6.440138684619522991e-01,4.430197241148675080e-01,4.875331836032555932e-01,9.645466834303402237e-01,4.032836351163247013e-01,-1.886428664165503699e-01,6.023530231356257758e-01,6.091724948574941401e-01,6.198385123279830378e-01,6.077039891899924662e-01,4.425251411838018734e-01,4.329482279476839501e-01,8.350876570705002555e-01,8.709422129219814845e-01,7.651746083386218311e-01,6.358689689115505361e-01,3.220420367933940486e-01,5.227453584642052231e-01,9.875274950846511801e-02,6.650116032701597346e-01,5.042443907046217921e-01,6.271670250322565199e-01,2.324831758576858254e-01,8.751686060529302591e-02,1.955643341601843443e-01,4.022670586532438586e-01,6.417244104565386076e-01,9.910712576471173429e-01,5.870256821223260868e-01,4.471117594236901360e-01
