0.000000000000000000e+00,4.478360334538983856e-01,9.730076042681821136e-01,9.625863563589807104e-01,7.856018989412313358e-01,5.045798948975446230e-01,7.188862179535318031e-01,2.068034199455417721e-01,5.447048875679387780e-01,2.692780462941844477e-01,4.901422486496735398e-01,5.740074261689042112e-01,9.511554157698329792e-01,6.252277495835580901e-01,9.656453011038484968e-01,8.345643845301462527e-01,7.880284042013456780e-01,5.142994418819815672e-02,6.048829883243904693e-01,8.884496130945707115e-01,5.226752965911528603e-01,2.133605083150501014e-01,8.278910289112609844e-01,7.608243230624800457e-01,8.270330829652856597e-01,8.482084608741410348e-01,4.191719519542776162e-02,7.189606048250699599e-01,4.333566908186466948e-01,2.551070278343517961e-01,-1.712062612121091898e-01,7.120411235332143596e-01,7.135488621467570569e-01,7.124064238364451462e-01,9.708323088375037102e-01,4.376569734415205470e-01,7.710779565739410701e-01,9.365337447296095963e-01,9.736751048941771902e-01,9.404808492446691259e-01,4.737789607032534267e-01,6.065175696780740200e-01,8.666980844619771585e-01,7.559486903740766373e-01,9.153376082058819474e-01,7.627276272149223768e-01,9.027656824820072812e-01,7.296832532662689275e-01,8.738495648067976518e-01,4.569456795521981696e-01,7.669386692506353631e-01,6.705714268033247105e-01,9.668695210100027859e-01,5.646125952121733294e-01,5.403185850745839680e-01,7.248469062822424647e-01,7.875314555292095564e-01,2.251049106964225222e-01,7.319214559666976649e-01,6.067485019960978665e-01,4.274252945446712637e-01,7.202954523722103763e-01,7.759049270924958108e-01,6.940235156906771063e-01,7.802641717295669688e-01,7.010103823628779374e-01,6.451696634585062373e-01,7.846746880637627264e-01,8.535772035014826953e-01,6.861290622411509998e-01,5.566323292226244002e-01,9.461971434554760085e-01,7.075624369884661036e-01,3.301324165141906186e-01,4.802926792461099659e-01,9.285268636357120187e-01,8.178247669504816741e-01,9.816332545392550957e-01,3.032000942494879059e-01,1.603331537463185130e-01,5.834686056802269594e-01,3.207526861241693505e-01,7.025921824531101700e-01,5.698907333037329659e-01,4.468442654570895511e-01
4.478360334538983856e-01,0.000000000000000000e+00,9.846030249167512238e-01,9.705995509511586850e-01,2.357230826304262672e-01,8.740535288219006826e-01,6.088855561498536240e-01,4.418936574810453100e-01,4.289736420783109572e-01,9.320863844374926988e-01,8.754279335417037844e-01,7.885763633844240506e-01,8.527183630599778352e-01,6.182635772471707369e-01,4.063506375834808337e-01,3.269292437986218713e-01,9.919668891663234733e-01,7.706799642260852012e-01,9.214035638619531010e-01,8.127416249188087471e-01,6.169892240906661440e-01,6.207823625509178989e-01,7.695721709550542577e-01,6.424106349374777425e-01,4.633025698586316077e-01,2.543423575838085204e-01,6.903597035336259680e-01,8.980322555763395886e-01,5.079412950133304072e-01,3.252813460352051989e-01,4.127372032180319783e-01,5.561235276971591146e-01,9.983699556839125133e-01,8.190080834252417841e-01,4.592417690474061009e-01,5.506857774867197630e-01,2.233247868303148698e-01,4.847436229988781320e-01,6.174027489077739128e-01,7.638446884022678240e-01,2.551219822476444854e-01,9.215388888019259150e-01,6.107134382623803370e-01,7.376938555030897460e-01,5.853866767926008130e-01,5.812555904599041590e-01,7.955522220911830367e-01,8.731179213395141581e-01,7.963788549141654904e-01,3.039349606080736857e-02,4.419786188839399665e-01,5.201807417009050027e-01,3.454515128337786178e-01,9.962901340599499278e-01,2.415352936117577676e-01,4.284367347405996229e-01,7.834156097414636255e-01,2.984105534791225423e-01,9.463236628184436006e-01,3.385539257912169586e-01,2.705148702753292778e-01,7.199188875504981544e-01,3.249378043979147535e-01,3.201187518540881127e-01,9.537872141536967163e-01,8.380647502305069718e-01,9.860206240888887974e-01,7.955659314388725534e-01,7.318612147026112291e-01,2.462279840877729942e-01,7.068024109004596989e-01,4.972315373153997631e-01,1.914947099341637593e-01,4.395721396355406485e-01,9.972613608311793332e-01,6.235908343991033442e-01,4.275133437692891225e-01,6.688128253402223500e-01,4.795888643941478846e-01,4.128917727961446960e-01,4.336329218206482761e-01,5.786082478806122698e-01,5.543512778137573704e-01,5.387549646235031409e-01,4.783334127349375686e-01
9.730076042681821136e-01,9.846030249167512238e-01,0.000000000000000000e+00,7.038470990151148854e-01,6.905912283060596790e-01,9.649274177005739972e-01,7.892348374820918888e-01,5.473097232399920520e-01,5.106844022444921860e-01,6.826507484455811570e-01,6.231568094630284271e-01,8.973837764410314000e-01,6.419308481328529492e-01,4.461880383584316823e-01,7.913100934069940973e-01,5.736631789057609065e-01,8.170420712170547439e-01,6.966930956801361541e-01,8.820750308706122311e-01,8.588895644324062717e-01,6.161852946863702885e-01,6.392118492976630595e-01,8.833796325152948326e-01,2.630356383333090076e-01,8.706072907503100700e-01,4.191065798276778498e-01,6.742187199877877068e-01,9.278736386811197168e-01,4.095968115474563076e-01,3.863656630827129179e-01,1.302840493494255084e-02,8.334748042686358493e-01,9.926518897360933069e-01,6.454845406736200442e-01,8.088158197810798589e-01,9.404563837501572765e-02,5.349810100382319522e-01,2.009880769877331053e-01,4.662676060016412438e-01,6.473041198192679424e-01,-3.418157654375592047e-01,6.373370987511421948e-01,8.826867985473350053e-01,6.653301664654192038e-01,2.944775380768950290e-01,5.591252350318294262e-01,4.498381856241951970e-01,5.569507785063365635e-01,6.726502553973867649e-01,8.609710085291821802e-01,9.531063999637227058e-01,4.061449917012545652e-01,7.328668113308050014e-01,4.545513556837212921e-01,6.925805157346961449e-01,9.327612247608623175e-01,7.797529759527646043e-01,8.524594897960416917e-01,8.552715466061698857e-01,2.174641013285404934e-01,2.269083047777872841e-01,8.650326704798096955e-01,7.123143769822720683e-01,2.370915118091944107e-01,9.081596844000222601e-01,8.732025599101198576e-01,9.073415837750630208e-01,7.786873776291225457e-01,8.819292818093762421e-01,6.772531990766668120e-01,5.159964522016655675e-01,9.106898256679739623e-01,1.311569036675393034e-02,5.556642865328043079e-01,3.437177507133599708e-01,7.441437269648851771e-01,6.411618607721532026e-01,6.687268164245357971e-01,6.748033924015822693e-01,3.287993805068087361e-01,7.090107935702728570e-01,6.300329781326369227e-01,7.935201525374845355e-01,8.245158249883524082e-01,5.315511580058657204e-01
9.625863563589807104e-01,9.705995509511586850e-01,7.038470990151148854e-01,0.000000000000000000e+00,7.115036477630289902e-01,3.166856553983065647e-01,2.176600254991082894e-01,1.725775679124803563e-01,9.116798594086552576e-01,9.454629709572259788e-01,7.344945534058771042e-01,6.457117767693327792e-01,5.232323808751382366e-01,6.479497577419550680e-01,8.720644135424974186e-01,9.824721289772692101e-01,8.121369567908994780e-01,7.353306707015995203e-01,2.367752890108789088e-01,8.932064911930733819e-01,7.778650297819572623e-01,5.010776988358142114e-01,6.692046377294191828e-01,3.692331265235582194e-01,6.468379774166255203e-01,6.064583412255187822e-01,5.463442312836890302e-01,5.657776710372982576e-01,3.407645400905855437e-01,3.422113219037004050e-01,6.182553473377119246e-01,3.154605544106093284e-01,4.630808222134273899e-01,4.756341797404025074e-01,4.907102881319241883e-01,5.662210509189002927e-01,2.250311500174217993e-01,7.559352824609164578e-01,8.291961269024504810e-01,7.212780873333966003e-01,2.687134279861768116e-01,9.538465261175610443e-01,9.419296398807497361e-01,4.433601462994455900e-01,8.758333691108027841e-01,2.073558054761391045e-01,8.818942036331027801e-01,7.512230824626346948e-01,1.253951365209084179e-01,6.271950422767473832e-01,4.303895453532979865e-01,6.764936617484592629e-01,7.665803022667607713e-01,6.034082414971462249e-01,6.344355911795460656e-01,9.981117800869246937e-01,7.503721248303492075e-01,7.947412840015012359e-01,7.579583648560032083e-01,5.997982002711101934e-01,5.372739568631300644e-01,7.335721092371114693e-01,8.625480580417461685e-01,8.969718277879299428e-01,5.008772320559641278e-01,-8.387387043488418736e-02,4.311401547795336575e-01,1.420689999398899450e-01,2.511149083760778611e-01,4.002840746045077669e-01,4.834377132209335404e-01,3.579617410918566334e-01,6.170269983797780355e-01,4.858002213763787380e-01,2.177468004316695793e-01,7.220298790415702328e-01,7.626549585019618549e-01,3.880757176342696235e-01,3.521931167487260539e-01,7.780376292471918864e-02,6.399199879388661749e-01,7.114601926949746247e-01,7.184776404029858954e-01,1.733568666850848761e-01,2.502052035548492093e-01
7.856018989412313358e-01,2.357230826304262672e-01,6.905912283060596790e-01,7.115036477630289902e-01,0.000000000000000000e+00,6.379063066217166567e-01,3.086220587862315567e-01,3.018346849297934842e-01,6.967807070382757706e-01,2.310088214175641808e-01,5.874943012034893330e-01,6.162952061278643701e-01,6.611947385328622584e-01,4.430551014138965904e-01,4.895811481389170106e-01,6.206063907745036357e-01,5.921981020028155296e-01,6.894060655215596967e-01,6.639787863100871101e-01,5.231695276425547547e-01,7.022619054303287367e-01,7.527392144598080703e-01,5.589496990065747628e-01,7.298961243845523139e-01,2.523325612951515806e-01,7.191867741899329314e-01,6.787762831133227204e-01,3.661739084003600153e-01,2.943512035776799096e-01,2.924097346904948602e-01,3.387208132248068493e-01,3.125180476988302924e-01,6.236518076408837929e-01,7.930382752936773194e-01,5.361110356696097146e-01,5.960467237418285436e-01,3.474267829646477956e-01,9.535583735066330835e-01,9.835661173427452386e-01,7.155689392193261833e-01,6.537905685457872096e-01,5.461848480135427231e-01,4.057365923585670719e-01,4.352466492220251060e-01,8.222176429952900989e-01,5.466776005423377160e-01,6.391975807333708515e-01,3.150230239429055445e-01,3.867599308305236794e-01,9.980412916058640782e-01,6.500931309732167485e-01,4.434753809493008347e-01,7.549222205369243710e-01,7.636921613500701200e-01,9.177296192062154301e-01,7.759917378667056109e-01,5.368604859527807971e-01,8.206192775115691562e-01,6.849926451872653255e-01,-7.544675776606044049e-02,1.656878753415340633e-01,1.031965354682377600e-01,5.082088270626097248e-01,6.113248323855536848e-01,8.557015516444751446e-01,7.719849727047398691e-01,7.997679336613837675e-01,3.479842308877791890e-01,7.422052823511982034e-01,8.262368180791543892e-01,7.058987950035744419e-01,7.483555218326154446e-01,4.784168661907922115e-01,7.777847892515286077e-01,4.846697949220397650e-01,8.024111907779232222e-01,2.143532769814397443e-01,4.578115623966559911e-01,1.549257648074356675e-01,5.691240375601571699e-01,6.025179085920467914e-01,8.328032820288121529e-01,7.311934435267740673e-01,3.067357446835082269e-01,5.017480532683030736e-01
5.045798948975446230e-01,8.740535288219006826e-01,9.649274177005739972e-01,3.166856553983065647e-01,6.379063066217166567e-01,0.000000000000000000e+00,7.645716955717452024e-01,9.958107495318571090e-01,9.772504015965003399e-01,2.787555208257260220e-01,5.980852450848302970e-01,7.689224885426180212e-01,4.384571099989396092e-01,6.943560400258195209e-01,7.865619945340805996e-01,3.310759834962443415e-01,9.852638557723080170e-01,8.063799116153927971e-01,4.082744232121988670e-01,9.646633298143503232e-01,7.897081134865662211e-01,2.189726595439587808e-01,6.927250498855704874e-01,3.184232183880404965e-01,5.551485070342276895e-01,6.087489830343842945e-01,6.139152071937274968e-01,6.759744773182472244e-01,5.385189453058926157e-01,5.654422729890392629e-01,9.188032666551351757e-02,8.679390141496557964e-01,9.288148313617856644e-01,7.144273207738959242e-01,7.037893102533256950e-01,4.424050762352705335e-01,5.132275441634565061e-01,7.085031951944560369e-01,5.399781730869812613e-01,8.565389705128810816e-01,5.517207724815973435e-01,5.100141086323612960e-01,9.886534050663271511e-01,6.360668170916580211e-01,6.349586501290356289e-01,6.968822010199097194e-01,7.661279396654329110e-01,5.574703465572288241e-01,2.774196963400892280e-01,4.789295737727979896e-01,6.070527140791319720e-01,5.926695014969932673e-01,5.471761728749466869e-01,6.222932784110477566e-01,9.946508508950291372e-01,8.793748224331940921e-01,7.820607662683959349e-01,6.688236452852104330e-01,6.296486636235069101e-01,5.347413281673895069e-01,7.337841439881913619e-01,7.156588951796255538e-01,4.729728381375104540e-01,6.408300586500019769e-01,7.861961134890289582e-01,7.420124710700496395e-01,6.569005838088154414e-01,8.989095266930003936e-01,6.188917363435419983e-01,3.362735226226780116e-01,9.681627272973585274e-01,4.250727600794990124e-01,1.887899232114851333e-01,5.026067524143135179e-01,4.136573911039084228e-01,8.919828636482354245e-01,5.949087103069061744e-01,4.936136205450424308e-01,4.166101525527818317e-01,5.858647118171175228e-01,3.755300169252842601e-01,6.784249767005939846e-01,7.734402878001002124e-01,5.658940608257375660e-01,4.586106161853398255e-01
7.188862179535318031e-01,6.088855561498536240e-01,7.892348374820918888e-01,2.176600254991082894e-01,3.086220587862315567e-01,7.645716955717452024e-01,0.000000000000000000e+00,2.024063486996258154e-01,5.062718707036742982e-01,1.279608595921469805e-01,2.000667370136217094e-01,5.718094167994520749e-01,6.041222430506687502e-01,5.643827088592847652e-01,3.097142364441861639e-01,1.739211829237436724e-01,7.015004352447822278e-01,7.584284179607987397e-01,-2.744619159073782289e-01,9.730409767580731062e-01,5.389295174660988508e-01,7.874083291789274464e-01,7.113325983751908055e-01,4.581288537184063370e-01,4.501674523921708748e-01,3.217997987079468381e-01,6.254042456356619928e-01,4.107903739833027590e-01,2.241414209700598181e-01,7.249650733976578110e-01,5.616934945390514855e-01,7.120364642711309866e-01,5.175347874570447315e-01,4.161118481022343385e-01,4.907832492615650244e-01,1.928025061051097389e-01,4.578309283281678521e-01,6.002794487889838715e-01,7.575309031315062835e-01,4.993902357403559589e-01,6.961583574550050946e-01,5.762469224142882096e-01,6.705007079981932794e-01,3.475827535332222662e-01,7.698085909914369473e-01,4.115539928689209148e-01,9.064857116945168602e-02,6.458968332284084068e-01,7.696580435025976996e-01,2.824231851146650762e-01,5.104177893943171451e-01,2.415068208983894016e-01,8.769997353444864974e-01,1.244420414180236467e-01,6.522755438044948173e-01,4.624164644618858899e-01,5.996783981179476530e-01,2.729408396371270640e-01,6.478613865389656334e-01,3.113617745400514281e-01,7.212296066865693522e-02,7.795493550069483302e-01,5.887119539767466936e-01,8.489362620600898746e-01,6.781259419792580179e-01,7.224213626286544176e-01,6.142137344537191845e-01,9.486926802630146760e-01,6.132573544935300547e-02,8.918920556007897682e-01,4.928791302811924013e-01,4.889749590366913035e-01,2.961893432343916110e-01,3.353761367856796793e-01,6.357878047983313019e-01,2.808084765291446461e-01,5.377842553739864417e-01,3.561726595210612870e-03,2.763002565763184037e-01,1.323144949631084033e-01,5.620161874409421721e-01,6.211553661494644274e-01,5.889839154253405651e-01,1.075300727961962521e-01,-3.965120298726730885e-01
2.068034199455417721e-01,4.418936574810453100e-01,5.473097232399920520e-01,1.725775679124803563e-01,3.018346849297934842e-01,9.958107495318571090e-01,2.024063486996258154e-01,0.000000000000000000e+00,7.487027521681788311e-01,6.535789378108406433e-01,3.525183916592086741e-01,2.301202185669965483e-01,9.627930435869641590e-01,9.322765215445447673e-01,5.300140599559995946e-01,6.994278898680563739e-01,7.328751650825763297e-01,5.892837624104627636e-01,4.800518437545757688e-01,3.350138394026134225e-01,6.221439389869090064e-01,4.765637291660803632e-01,2.514506786470657729e-01,4.593440619841682171e-01,9.560049755318844600e-02,4.264799231261614532e-01,2.521924396216482789e-01,2.742926631142482696e-01,-2.891389294265372945e-01,1.668446121028678286e-01,5.379415569591643465e-01,7.759204380302190396e-01,7.394297401398485237e-01,3.739521283095266213e-01,-3.011306727413276541e-02,1.473161771881411342e-01,-1.664665091577149647e-01,8.238347395100766857e-01,9.407155138865684885e-01,2.469601712702182983e-01,5.467442120867992417e-01,1.674237544452762683e-01,4.983118560290217269e-01,4.274281922278704848e-01,8.113526654204401556e-01,6.326991997358711872e-01,4.156224169076405128e-01,6.713094310218894467e-01,7.554513644865975541e-01,2.907463905725531927e-01,6.011508660547617566e-01,5.794454663523774807e-01,6.848828338848732544e-01,7.138251879246038101e-01,5.598504227895476637e-01,7.013604459520899059e-01,6.917247021959991304e-01,7.691763623107539249e-01,5.840551077220366150e-01,6.534230922088701821e-01,3.821552531174011169e-01,6.907631438234221877e-01,3.334213612343942534e-01,6.875170638206620222e-01,8.661262431141711904e-01,8.651060917643546011e-01,7.286091135271983987e-02,8.601478132114288577e-01,8.003298904991531515e-01,6.667556761062047865e-01,6.143601090002221987e-01,4.405473455512811665e-01,2.722438174948182965e-01,4.608124084795512942e-01,5.687444097497454942e-01,4.288888461959985965e-01,2.528657062079746609e-01,6.237659122799419364e-01,1.145214498397686444e-02,3.897517214111098083e-01,5.519656081806628700e-01,7.158933275095559212e-01,7.804037246812753903e-01,-1.379995534307532634e-01,5.024189434455842429e-01
5.447048875679387780e-01,4.289736420783109572e-01,5.106844022444921860e-01,9.116798594086552576e-01,6.967807070382757706e-01,9.772504015965003399e-01,5.062718707036742982e-01,7.487027521681788311e-01,0.000000000000000000e+00,5.365638551914797549e-01,6.875115517130234721e-01,7.226931584787843477e-01,4.375467762341312405e-01,5.956622034053256076e-01,7.653990279627588267e-01,5.538593245125603692e-01,8.636372943398593627e-01,7.726539439747991400e-01,4.059423726777316443e-01,7.114191979213373429e-01,7.865347362351247096e-01,3.954783900308639910e-01,9.173134045123588348e-03,8.374152748943457514e-01,5.438079052943399772e-01,6.246547079125557289e-01,6.969957830993974701e-01,7.909682540098761372e-01,5.282280441723153919e-01,7.351435676608724101e-01,4.819926724286872077e-01,5.977550411560350607e-01,4.985123082451541343e-01,7.766659908037735205e-01,5.819616102654195933e-01,3.282303562873294389e-01,3.458301056106486415e-01,9.757132094908296249e-01,7.372338831771038103e-01,8.782914643843959812e-01,6.153468684509891817e-01,4.110735228649402551e-01,6.872370323709318107e-01,8.032261242605825968e-01,9.236676679641118159e-01,7.267770815060327072e-01,3.578149410560034216e-01,6.918989704832364529e-01,6.274449967715456378e-01,5.790879171664775615e-01,7.529595824964122608e-01,2.153011667686243191e-01,8.743323475020833291e-01,7.635798226588195181e-01,8.440403858012506255e-01,9.706104396487531538e-01,4.809099452037618461e-01,9.096025330076792370e-01,5.989711599461972069e-01,6.598997344199419857e-01,4.288492880191024925e-01,5.965120488720683234e-01,3.460588999642106867e-01,8.909916481242698971e-01,8.930020518267693941e-01,4.749208884734200109e-01,7.702051461924546150e-01,8.635242066924516680e-01,6.385013076310197544e-01,7.585778704668508787e-01,9.162704620660717669e-01,4.573580649947921462e-01,-1.774892629613714079e-01,3.225685782959388792e-01,7.210123067848643874e-01,2.151598761794928927e-01,7.115387560878714268e-01,6.417654053676120629e-01,6.748561304096194480e-01,1.641419486130413496e-01,7.184928124316842801e-01,6.225789039895252008e-01,6.664338561546045980e-01,4.971761720031789844e-01,4.764672319055212046e-01
2.692780462941844477e-01,9.320863844374926988e-01,6.826507484455811570e-01,9.454629709572259788e-01,2.310088214175641808e-01,2.787555208257260220e-01,1.279608595921469805e-01,6.535789378108406433e-01,5.365638551914797549e-01,0.000000000000000000e+00,3.390893799325893632e-01,9.271949529998135819e-01,5.980027832064895854e-01,6.103572087728366125e-01,5.522669908587323206e-01,3.450768461010115251e-01,5.884007867643855638e-01,4.659850006784646559e-01,6.828752591746772849e-01,6.964977683000246333e-01,7.847009026211421157e-01,4.149764271860619802e-01,6.285643370068241254e-01,4.199919695047011903e-01,6.817662029239450749e-01,5.350715814740425458e-01,7.998622632202634364e-01,6.546933942421447883e-01,2.842998530709847094e-01,4.757945553377789794e-01,-1.364574561893074911e-01,8.410995257308824247e-01,3.111779029143739717e-01,5.086078818215103992e-01,7.558722669974466957e-01,3.528032722865855897e-01,7.240297225491517663e-01,5.315772229418957995e-01,9.193610510867025187e-01,6.527007707608325493e-01,3.254540748775864856e-01,9.909225133737273872e-01,8.082950254304056559e-01,5.655929655998368499e-01,9.658493119576202490e-01,6.684720974387470260e-01,4.845695221173652589e-01,5.587350203591996411e-01,5.639071445860104337e-01,7.540614954693416472e-01,5.309062011914706947e-01,6.468573324645842115e-01,8.427153251311981785e-01,5.040505920910365312e-01,8.548034713996138789e-01,7.640964474635784098e-01,6.558563087204420938e-01,8.068210526080192846e-01,9.306486748250263341e-01,4.986356319236011636e-01,6.487506817742497156e-02,6.123210808397968608e-01,4.165748663730668988e-01,6.797132915857629909e-01,9.396830667621504096e-01,6.621014384678689524e-01,9.668216656624598615e-01,9.875073707884796104e-01,7.659540280860214212e-01,4.813934101382928432e-01,6.119907523227894330e-01,5.435125827310498536e-01,5.809651502697664727e-01,3.670950608720687791e-01,6.021536011827118839e-01,6.898190532773614825e-01,9.958353639433771276e-01,5.355032684195366599e-01,4.033251245160704990e-01,5.991830143956372590e-01,3.715342471588274353e-01,6.075417291979944290e-01,7.415496974874555836e-01,3.751169612693157074e-01,4.560430194115228653e-01
4.901422486496735398e-01,8.754279335417037844e-01,6.231568094630284271e-01,7.344945534058771042e-01,5.874943012034893330e-01,5.980852450848302970e-01,2.000667370136217094e-01,3.525183916592086741e-01,6.875115517130234721e-01,3.390893799325893632e-01,0.000000000000000000e+00,4.323830423927897959e-01,9.529886928372621746e-01,4.391713073928562583e-01,5.012597175000363947e-01,3.842180149568515113e-02,8.425163730560579767e-01,7.388018047905084984e-01,8.541518842475325224e-01,7.955549558030308166e-01,8.283136617052047068e-01,5.898336060300558570e-01,4.051431448382890044e-01,5.089073939065424934e-01,5.392612656088886514e-01,5.434633519180686045e-01,5.251057822225219107e-01,5.882697578934545923e-01,4.917646107872220007e-01,2.477905164678844141e-01,3.535509993681029695e-01,4.845478848799805172e-01,8.251103422370673623e-01,7.659275133344372044e-01,4.865660854353407450e-01,2.832827724482400167e-01,1.200422543479490040e-01,7.410276933666941623e-01,9.871728890275436319e-01,7.708321052104286641e-01,7.875576483246767845e-01,6.599088649872364432e-01,9.293633498176019359e-01,5.051182356606841450e-01,9.750397418720756493e-01,7.001052050647865732e-01,4.288860527236627029e-01,3.113526177655845939e-01,4.021765606611191757e-01,6.854348939219134795e-01,7.126024176618063199e-01,6.847615433641175420e-01,9.610774570503792802e-01,8.300924317609548186e-01,5.318078958265463063e-01,6.154533605537563234e-01,4.797426847177330145e-01,5.880107208964379106e-01,5.571105428126731374e-01,2.250198162922076028e-01,4.078369429216088977e-03,7.854501798467957707e-01,7.953151696551663541e-01,7.197831140288505347e-01,1.980950407548766057e-01,4.045220975654119644e-01,4.981781163825360070e-01,7.614826014057138881e-01,4.738118666967702231e-01,4.598808803574709336e-01,8.939407766614417827e-01,7.837400101466773794e-01,2.269882101406093811e-01,3.904348322692506312e-01,6.595600773844437770e-01,7.834062311134953882e-01,6.232697627100858284e-01,1.581056982429032143e-01,6.891613246392477299e-01,2.088553536067072336e-01,4.354140530202572079e-01,6.722484663882726252e-01,6.912445501602226816e-01,4.774511279290927224e-01,8.051784196025248974e-01
5.740074261689042112e-01,7.885763633844240506e-01,8.973837764410314000e-01,6.457117767693327792e-01,6.162952061278643701e-01,7.689224885426180212e-01,5.718094167994520749e-01,2.301202185669965483e-01,7.226931584787843477e-01,9.271949529998135819e-01,4.323830423927897959e-01,0.000000000000000000e+00,6.768556926971073251e-01,5.932703205846494576e-01,5.536067031928715299e-01,8.580480076973207026e-01,9.288157596163187923e-01,4.397133687013907166e-01,7.480921426223106074e-01,5.951025005031485016e-01,9.279663972278003881e-01,5.235424312800437407e-01,6.718824439516715152e-01,7.205878021981668713e-01,7.606968346975890860e-01,7.338255431836415710e-01,9.019457853038181927e-01,7.273053207403131770e-01,4.257881691084961506e-01,8.409529774613735964e-02,5.120021895911427423e-01,4.709968396659922618e-01,7.179560162290747893e-01,7.416720366437205003e-01,5.417698002411253100e-01,3.555931690516620503e-01,2.186968806226294859e-01,7.110808426739880783e-01,7.015798297069431033e-01,6.676363250509742553e-01,6.060053598391227370e-01,2.092105018765027524e-01,9.543386660395294374e-01,8.020329938363529587e-01,4.126487802479483213e-01,5.603248213652608500e-01,3.597761775775886184e-01,4.385206496148318367e-01,6.806296917247701694e-01,4.393782425611718612e-01,5.796394213196659484e-01,7.659142300953705740e-02,4.094836945262710914e-01,9.527374882664850775e-01,7.379340859180940626e-01,9.164342673132609418e-01,5.574621416393751305e-01,7.389286338910781016e-01,5.609659026005910931e-01,2.179732817155067559e-01,4.090844904212573296e-01,6.728070736992707301e-01,6.575000918501872071e-01,8.587484842837217469e-01,9.818651575869894454e-01,6.846546048662802697e-01,6.159376455514040671e-01,9.568358377782451019e-01,3.453460437074359901e-01,5.861299975734337586e-01,5.298276060453092073e-01,9.791445001539562654e-01,6.401707073899112754e-02,2.174197606548453759e-02,5.295274720230040977e-01,7.187627709747570481e-01,4.490849733369123298e-01,5.363408531342408470e-01,9.254277031086545202e-01,7.542768282592571261e-01,3.923960210516058700e-01,6.876559815070710791e-01,6.537670303915957826e-01,6.276476983365830709e-01,5.132553508085867522e-01
9.511554157698329792e-01,8.527183630599778352e-01,6.419308481328529492e-01,5.232323808751382366e-01,6.611947385328622584e-01,4.384571099989396092e-01,6.041222430506687502e-01,9.627930435869641590e-01,4.375467762341312405e-01,5.980027832064895854e-01,9.529886928372621746e-01,6.768556926971073251e-01,0.000000000000000000e+00,6.316133462607299576e-01,6.568896068618289563e-01,7.616893819971255475e-01,2.636219289321995451e-01,4.927978278788791022e-01,6.396176627961553951e-01,7.899188308013552762e-01,2.171992756974343852e-01,6.938678217895840605e-01,6.510018268508435124e-01,5.234054987418199634e-01,5.173924445004752792e-01,7.881235348547921404e-01,5.290385762924351143e-01,6.793716234857616332e-01,3.692939299596197378e-01,5.638424898690870268e-01,4.760750945752421220e-02,4.033680703138639023e-01,8.461675897547976666e-01,7.969283046409944005e-01,3.027403515265559078e-03,5.729757263730466121e-01,2.535014388082992287e-01,8.756481958439772395e-01,2.049592060986095698e-01,9.680490866705866448e-01,4.783828234387495493e-01,7.795216209031848031e-02,6.996519284845417186e-01,7.810204027883063116e-01,9.181004420927982856e-01,9.346673679943601210e-01,7.978933322649108817e-01,6.453357305635830654e-01,6.966033460682310441e-01,7.784635973439559820e-01,9.572263514823367014e-01,5.139840016992773819e-01,5.267174120345986532e-01,9.053067985863544331e-01,4.149207336701629112e-01,5.880108719957337637e-01,8.329375431945974517e-01,8.271656280133234951e-01,8.749823245783598935e-01,3.033336676169434698e-01,2.683193046540234272e-01,6.814425712336542595e-01,8.389579401587843321e-01,4.132961041301979055e-01,9.874600088121553432e-01,7.795915285569356978e-01,7.139108185567443199e-01,4.724114572740860662e-01,5.373989770869125326e-01,6.410945947935546840e-01,4.687119529020702391e-01,6.510933303908473802e-01,-1.000243369991549169e-01,6.874983321667814673e-01,5.133672485136795416e-01,8.451016777341604502e-01,9.120934870701311592e-01,6.327527598337875370e-01,3.526991031234084639e-01,-3.420404733862099644e-01,7.212458505904433270e-01,-1.523428933765070270e-01,8.667426692822928214e-01,4.148157703849817968e-01,9.927268468296497339e-01
6.252277495835580901e-01,6.182635772471707369e-01,4.461880383584316823e-01,6.479497577419550680e-01,4.430551014138965904e-01,6.943560400258195209e-01,5.643827088592847652e-01,9.322765215445447673e-01,5.956622034053256076e-01,6.103572087728366125e-01,4.391713073928562583e-01,5.932703205846494576e-01,6.316133462607299576e-01,0.000000000000000000e+00,5.889509494645728260e-01,6.152062757898668632e-01,4.763536004249045996e-01,2.481346303597098124e-01,8.063123283335669189e-01,9.365231724388823897e-01,5.321734114204541566e-01,5.031890128552586328e-01,7.559916494284517618e-01,5.878102127330049331e-01,7.391817114455506710e-01,9.070061331972349983e-01,7.117365981715149115e-01,7.335474081541345504e-01,4.942988783909950667e-01,3.185863427150298910e-01,1.274533461966971259e-01,4.613005617012578830e-01,9.697638457121100508e-01,6.935422715290791018e-01,5.179815942989651756e-01,2.696919443305709763e-01,4.692699207366101133e-01,6.642581322449395698e-01,7.202613215694507742e-01,9.017482885124183944e-01,6.515108077316875690e-01,7.262926537136811245e-01,4.566361677811548447e-01,2.016659974156637114e-01,5.579123699068064823e-01,7.213682076057705839e-01,6.742540884589389716e-01,6.433557226403128215e-01,4.252139976187658821e-01,7.859743399364629290e-01,7.790556170967826155e-01,2.684034750851537754e-01,8.674744134202856394e-01,9.372827112104203939e-01,5.321357743255004102e-01,7.572232317704759019e-01,7.624561470007163999e-01,6.477407882856986987e-01,3.233859042018349395e-01,4.954086761988020782e-01,6.590044624073068125e-01,1.054847760324807288e-01,7.890813052699526819e-01,4.913972175661553421e-01,7.837801582885819407e-01,7.079384017287635444e-01,5.451868870052134497e-01,9.729581456937619333e-01,7.795313507831832522e-01,5.378206432379611934e-01,4.027689855829076349e-01,8.651793303125285828e-01,-1.723938327358547906e-01,3.142113540783878500e-01,5.497053145578986166e-01,4.634541131527870617e-01,9.982303985049407746e-01,4.517907130865376208e-01,5.958429867227608145e-01,5.003606644506504164e-01,6.955404461963602403e-01,2.706415024739942665e-01,7.215037621187755379e-01,7.708481500397972308e-01,6.319267365923972868e-01
9.656453011038484968e-01,4.063506375834808337e-01,7.913100934069940973e-01,8.720644135424974186e-01,4.895811481389170106e-01,7.865619945340805996e-01,3.097142364441861639e-01,5.300140599559995946e-01,7.653990279627588267e-01,5.522669908587323206e-01,5.012597175000363947e-01,5.536067031928715299e-01,6.568896068618289563e-01,5.889509494645728260e-01,0.000000000000000000e+00,4.230717612578586140e-01,4.810459871494121575e-01,6.998051009262664657e-01,6.817781828125336618e-01,2.723802109344226619e-01,5.475079008760079802e-01,7.898539002373077267e-01,6.067085490909721601e-01,9.647468652413313528e-01,1.538709799568959702e-01,3.988892602605309534e-01,7.496698201015958851e-01,7.483267672054687569e-01,5.208930626332024527e-01,1.222213296413371675e-01,4.102527533019251771e-01,3.264599630613798653e-01,6.523322074392026160e-01,4.568117247347119880e-01,7.829080875031029230e-01,2.899073954469380543e-01,7.355899740406768306e-01,6.929614616560418883e-01,3.258686441329501360e-01,6.398897799725099533e-01,2.360651655828603368e-01,7.536848378640688129e-01,4.092254457101385801e-01,8.021026596435104628e-01,6.185563147030110898e-01,6.909437250357736149e-01,5.329130694821312408e-01,6.728672890971142406e-01,6.105742905320746816e-01,3.300435938570389638e-01,1.669158285068444991e-01,7.849206051298766029e-01,6.792168463295537029e-01,7.258534002295787824e-01,9.489699591617358765e-01,6.706917419747500109e-01,8.875168663517700729e-01,7.216012673599258020e-01,7.949967335716974226e-01,2.006968500790377030e-01,2.558813020817869432e-01,4.169483508621409373e-01,6.464953635331684989e-01,5.850014288167273424e-01,2.027557290331353235e-01,6.974712492454808732e-01,3.237885298808272916e-01,5.557799314080831277e-01,6.177963558368813057e-01,7.365453333993424723e-01,2.470744018287702182e-01,6.544125910797039536e-01,4.685347240786589817e-01,3.620162141697708114e-01,4.949644353068613500e-01,5.954346328848121317e-01,6.551894171259026178e-01,1.937991223217163939e-01,5.256745641121933765e-01,3.641884556949197549e-01,6.581081930346610598e-01,2.378966670390722793e-01,7.733366742249252468e-01,5.471272798627571099e-01,5.555965789414366585e-01
8.345643845301462527e-01,3.269292437986218713e-01,5.736631789057609065e-01,9.824721289772692101e-01,6.206063907745036357e-01,3.310759834962443415e-01,1.739211829237436724e-01,6.994278898680563739e-01,5.538593245125603692e-01,3.450768461010115251e-01,3.842180149568515113e-02,8.580480076973207026e-01,7.616893819971255475e-01,6.152062757898668632e-01,4.230717612578586140e-01,0.000000000000000000e+00,5.709445814752062143e-01,1.616927097258866741e-01,7.776278891447712116e-01,4.153881951048685739e-01,6.552625931281326199e-01,2.817958741641076736e-01,4.970904256061303150e-01,9.964977993600654393e-01,7.377544124851989071e-01,5.363159526790158838e-01,5.660475856871749478e-01,4.826640278206690282e-01,3.661236712497075718e-01,3.417940476331601807e-01,3.441313298319871317e-01,6.331407017725503295e-01,7.186025538568679982e-01,7.230864148403625125e-01,2.004466158533849129e-01,1.357487161269594622e-01,2.440901544006301993e-01,7.332590736913302543e-01,7.999215987257206617e-01,9.072740911257268781e-01,6.195686465480260141e-01,7.639414832824411583e-01,7.908408345878097379e-01,6.687326037738313689e-01,8.299530021635503907e-01,2.765023399740989540e-01,8.360046428304237498e-01,2.710969414879456640e-01,4.042816900734708674e-01,6.339654766836316790e-01,-1.539727561667092459e-02,7.808871343270850085e-01,4.868673053553842500e-01,7.088124675838376465e-01,4.152476615572336938e-01,4.362973852449132384e-01,4.513496421418712878e-01,7.031519127095912092e-01,6.497267642166441037e-01,-5.791088828510473907e-02,6.233781608377093608e-01,4.119531108426238153e-01,5.745974357661925991e-01,7.387592801690140432e-01,4.329077658376304094e-01,7.561375749491094922e-01,6.010332609602938581e-01,7.239810900274334937e-01,9.866013371736870319e-01,9.178884706922347814e-01,7.950181121223287573e-01,7.711985701307960683e-01,5.232633539309550219e-02,3.985549785859594518e-01,2.117089008586001131e-01,6.200069671643830826e-01,6.920908266294404365e-01,5.244433580254781457e-01,7.356920729706979412e-01,6.748088596639950643e-01,5.365900686166823474e-01,8.788145523009837090e-01,3.983229879164756904e-01,5.618446219039261447e-01,5.007195381622417951e-01
7.880284042013456780e-01,9.919668891663234733e-01,8.170420712170547439e-01,8.121369567908994780e-01,5.921981020028155296e-01,9.852638557723080170e-01,7.015004352447822278e-01,7.328751650825763297e-01,8.636372943398593627e-01,5.884007867643855638e-01,8.425163730560579767e-01,9.288157596163187923e-01,2.636219289321995451e-01,4.763536004249045996e-01,4.810459871494121575e-01,5.709445814752062143e-01,0.000000000000000000e+00,9.452042293194766742e-01,9.599734724481921999e-01,6.645931665338312699e-01,7.728580377659353129e-01,3.634122797581220699e-01,9.262918019668601177e-01,8.664650530045769905e-01,2.471737150291635210e-01,7.082614005069434171e-01,9.364079694736451298e-01,6.680764342376022125e-01,4.822271032922164635e-01,3.435865516591095625e-01,1.512391300558298957e-01,4.144122547897846620e-01,7.873125065027797298e-01,6.106253365015359424e-01,3.698632364452751897e-01,5.521411754716196718e-01,1.758630148089760370e-01,7.573231494111090090e-01,7.056129903563506112e-01,6.592405402192508257e-01,2.645001400758435761e-02,3.601097262895150974e-01,7.959788726133877335e-01,5.576979039070095734e-01,8.555452430937368069e-01,6.956696181358359432e-01,7.289236723163146081e-01,5.719500601536968709e-01,9.712598635860013596e-01,6.059699786719465742e-01,2.659573612800787412e-01,7.718016669985433564e-01,6.971462052577516166e-01,6.012477192553897787e-01,9.483136977379224009e-01,7.095455270286267213e-01,7.032733892075901938e-01,4.515499894940163683e-01,4.920311838759454659e-01,3.925537342601227442e-01,3.197185371461209735e-01,8.412164726746901300e-02,5.277286067070996456e-01,8.853144479291513713e-01,4.608803927212243301e-01,5.680490511924949359e-01,6.912185646373673054e-01,8.824304647313543359e-01,3.906517090971531880e-01,7.561156314931624101e-01,4.392860916816216932e-01,7.447468858856721718e-01,5.197864968482728276e-01,4.733515681132307584e-01,6.526964166422637437e-01,8.812613031421294707e-01,8.057838870491240701e-01,6.859962549937258514e-01,6.576794095015973118e-01,-2.998551017305911559e-01,6.121778598197664678e-01,9.182017264365397446e-01,4.693332914314943816e-01,1.467801696504771047e-01,7.162045365291045407e-01
5.142994418819815672e-02,7.706799642260852012e-01,6.966930956801361541e-01,7.353306707015995203e-01,6.894060655215596967e-01,8.063799116153927971e-01,7.584284179607987397e-01,5.892837624104627636e-01,7.726539439747991400e-01,4.659850006784646559e-01,7.388018047905084984e-01,4.397133687013907166e-01,4.927978278788791022e-01,2.481346303597098124e-01,6.998051009262664657e-01,1.616927097258866741e-01,9.452042293194766742e-01,0.000000000000000000e+00,2.986542827210482143e-01,6.564252138854475005e-01,5.741348562482972984e-01,3.300703662086390544e-01,8.555417210887824586e-01,8.600471396856934625e-01,3.170601470465980176e-01,8.496987965537597942e-01,8.021606193121683104e-01,4.863632751312317315e-01,-1.833320207880157204e-01,5.530883278391132141e-01,2.164810165396629030e-02,5.555322035443064355e-01,6.459054328722514393e-01,7.172881421788883660e-01,2.687271106058954917e-01,4.017351381981995040e-01,1.760596592628296264e-01,7.440809215985320080e-01,6.524249402275011933e-01,4.990366335671204689e-01,3.199779276073934087e-01,3.213430095821718790e-01,8.778380615641721008e-01,5.040820007598247887e-01,6.507046546419501531e-01,6.479331714830467714e-02,8.937924317194494428e-01,7.834758185566361721e-01,3.380147364501892016e-01,4.286515508487873105e-01,6.485919523564076528e-01,7.864433371582226773e-01,6.601341987698120528e-01,4.038397657183836476e-01,5.225092644421859278e-01,6.191366734001488847e-01,2.644534920041192172e-01,7.776152690392615918e-01,9.108997455337536353e-01,4.215130596724336876e-01,5.942619986460269121e-01,7.080248320625299741e-01,6.557539515445299783e-01,4.011823714963861365e-01,9.770901648841465725e-01,2.911782337325074521e-01,6.525986373388673600e-01,8.206533454693870633e-01,1.334751027129253975e-01,7.857533257603477317e-01,6.631983843610037566e-01,7.177901664068847554e-01,6.212362608590117352e-01,2.167944918498155293e-01,4.532955351364115204e-01,5.781489117513124443e-01,6.913483351066924687e-01,4.419531193702617156e-01,3.395162042584101147e-01,-4.349244944400970647e-02,6.713998173354746024e-01,6.153226730512783016e-01,4.688905002515808551e-01,-1.693485887025316383e-01,2.569603814754278792e-01
