0.000000000000000000e+00,6.489082533463437219e-01,8.241552052382323801e-01,8.500865572426844485e-01,9.759412133822581437e-01,3.024420430742828514e-01,9.661670058165234831e-01,7.749780658807996492e-01,7.093010092992084736e-01,9.828092565426953531e-01,4.050435475649437622e-01,2.897006290976807952e-01,9.004030529297243346e-01,8.154706529624106137e-01,4.308708034852239410e-01,6.402277837658896242e-01,7.619317495842529153e-01,7.013129740831841596e-01,9.420985020231313900e-01,8.380072728667676829e-01,8.778161439189391402e-01,2.924110234484250115e-01,9.462144169536275129e-01,9.615212491187619115e-01,9.634717595023096770e-01,4.081720827714193645e-01,8.392812576285326731e-01,8.947461888357431947e-01,2.926850473475864911e-01,1.243862282414683051e-01,4.085428901999849094e-01,6.811704988629024848e-01,8.543165029422468137e-01,8.345975042201756455e-01,5.139664871298518234e-01,5.989146317003131159e-01,3.361640658127373338e-01,1.177731776679959569e-01,8.191063308103232465e-01,5.392671471659040705e-01,3.374608266001239976e-01,4.380693605905859878e-01,9.872229707532497178e-01,9.488185947872238568e-01,4.526838564706172074e-01,9.126913492996220345e-01,4.478307161753580234e-01,9.573768820292268833e-01,4.268890892332187215e-01,8.172438193121700500e-01,4.679233052042125474e-01,4.925904825584410118e-01,4.995287216557689480e-01,9.503141919772333246e-01,4.335694210828571760e-01,4.736662127160025104e-01,1.117869872368790207e-01,7.768205759052072557e-01,9.206689409538300062e-01,3.198619009764498977e-01,1.790648600216659947e-01,7.694560144540044666e-01,8.305240222498012637e-01,6.876640142488837926e-01,9.149006035400177872e-01,5.929326874823492854e-01,6.715773517151631955e-01,9.680679187472787106e-01,8.356808366919977749e-01,7.817402237359287742e-01,6.983641785296798021e-01,6.756227940080856698e-01,4.283977768716069612e-01,7.155714253208493580e-02,5.600623805635672747e-01,6.131402755051130748e-01,6.857127823587778614e-01,8.791792121973179830e-01,5.302107146941004157e-01,1.627221192969917629e-01,6.779821409198412141e-01,7.569279951150039709e-01,9.426767207633928169e-01,4.993147472507486473e-01,3.730520434801571916e-01
6.489082533463437219e-01,0.000000000000000000e+00,7.856539886818504348e-01,9.832038825764333190e-01,5.726890017008166023e-01,6.250047546309568380e-01,7.516813015914829421e-01,3.983491154589803296e-01,1.504812052426622859e-01,5.785496256165805207e-01,4.375693945755510517e-01,6.580387861707361896e-01,4.781773305358430481e-01,7.794675918376153811e-01,3.390756269572895443e-01,4.109328529797756646e-01,4.932674592833535265e-01,6.046449591374157828e-01,9.915680422668678995e-01,7.983089641023033423e-01,7.475268135705411821e-01,2.594985017198803146e-01,4.108577870813485133e-01,6.940334255833314758e-01,7.734428851806081084e-01,8.374883375416482256e-02,9.621046997649380650e-01,7.166722008954224954e-01,4.822423547276337708e-01,9.283183788980570172e-02,6.465263483925516586e-02,9.102203184351319587e-01,4.185016854842121825e-01,2.500557354168190805e-01,4.080369896928449092e-01,5.740072505671848235e-01,-3.089539439894942174e-02,2.811128835492037181e-01,8.799018765491530836e-01,8.758556487800226442e-01,6.955895123719261219e-01,4.322946495402892886e-01,7.676360803866496552e-01,4.098746795480503469e-01,8.997873458169060035e-01,8.729558748677446189e-01,2.131598952500012856e-01,8.977091316823201383e-01,5.883972060765504386e-01,6.159324499270711906e-01,4.595395254178742950e-01,8.618602698258097661e-01,7.908990907129930248e-01,6.001764784722347923e-02,6.223317642540123762e-01,8.030875400532248021e-01,4.530184491560297344e-01,3.602505407084302114e-01,6.868911196008931075e-01,5.850307308033783071e-01,6.078202316259234683e-01,3.450256914816318132e-01,7.661707171460294674e-01,6.638222889158535978e-01,6.660664925351227339e-01,5.168353892136642314e-01,8.338417744102338824e-01,5.274502262963540744e-01,2.301026130036510353e-01,7.976592835118994085e-01,6.844734258942790639e-01,8.334303610508839721e-01,-2.719308912384535426e-02,4.292730882702655570e-01,6.482289307811680557e-01,3.859548942608025390e-01,5.858690262271428750e-01,4.742851308740700933e-01,3.673673796590065654e-01,2.011771127543630910e-01,4.755266935935950068e-01,5.342761262660612465e-01,9.133093736509251270e-01,7.184547895949705554e-01,6.132111956651835616e-01
8.241552052382323801e-01,7.856539886818504348e-01,0.000000000000000000e+00,8.950718623156521669e-01,9.975379963228805380e-01,9.657587859337720682e-01,8.099394028373737564e-01,8.228099126580549205e-01,6.731404068418889164e-01,9.352038105028182002e-01,9.201376828283470699e-01,2.199347290877379235e-01,6.258799230980273132e-01,7.032725394330759938e-01,9.730599717912497004e-01,7.397118282692196622e-01,5.610559564796897547e-01,2.377652382231229544e-01,8.266394610206490023e-01,8.687476709952185461e-01,9.717840477366594953e-01,6.039837271310312117e-01,6.124793733495694781e-01,7.123738055587159890e-01,8.062429166846379891e-01,7.005446757211181152e-01,4.833024823257280334e-01,1.871304555391202218e-01,4.633557385073181489e-01,2.636201701225088234e-01,2.258506312460940857e-01,6.318069764331013527e-01,8.876675318510786061e-01,9.414790302753184292e-01,4.313935347579003210e-01,5.258821535369040401e-01,4.377691977454413186e-01,3.941264965191388359e-01,7.696016180733882273e-01,7.929487937422399213e-01,3.541030894698521947e-01,5.470161223317980825e-01,7.208320477115179870e-01,6.148733988096355407e-01,6.493361426484502985e-01,4.782756994256208150e-01,5.295035763203143064e-01,6.449521702964786662e-01,6.730581396439949682e-02,8.967919977431186851e-01,6.335799867560542031e-01,9.305088722700837200e-01,6.211204939830954341e-01,8.382221339129982685e-01,6.717650127793042270e-01,6.480244791241845936e-01,9.569677336102577758e-01,7.622704426506582420e-01,4.441622241852755115e-01,6.370561684377301637e-01,5.899292152514004073e-01,5.005274076775332315e-01,3.828991814350905520e-01,9.530939600463244066e-01,4.136327641259238130e-01,9.795718135983266794e-01,9.962780830352460093e-01,4.991395304982523262e-01,7.991808024233870711e-01,7.286115971935842595e-01,9.309166234292998166e-01,7.901975947015269508e-01,1.314922274975760808e-01,3.741435639970323024e-01,6.560529806297710209e-01,9.465152243010326316e-01,6.552190633342641624e-01,4.278525092389793283e-01,3.869688186825174236e-01,3.070885646004135050e-01,9.975860656854346198e-01,7.476686275083672673e-01,5.164662112648151782e-01,9.074390832822982755e-01,9.127695287435245719e-01
8.500865572426844485e-01,9.832038825764333190e-01,8.950718623156521669e-01,0.000000000000000000e+00,9.034821376320307795e-01,7.266246674350034240e-01,7.890670587644448286e-01,6.806703671094456176e-01,8.527033420219621851e-01,6.268582557678814560e-01,3.328452473647358634e-01,7.308865266177815290e-01,7.288714405558449627e-01,8.819713064057947971e-01,7.395055895706147409e-01,6.614605426900803664e-01,8.574511616917038781e-01,3.179466362622498377e-01,6.417834830427417980e-01,9.794576046866356744e-01,4.211041038790089841e-01,7.688320855352808181e-01,6.866775538742653229e-01,2.422791282041550087e-01,5.583976664158105674e-01,2.436521271348884854e-01,8.373646308843757380e-01,3.218584075121884713e-01,2.128573532745351160e-01,3.926999973107562769e-01,4.429649213482810266e-01,5.095120695573732705e-01,4.572117218054064236e-01,9.913041274725780116e-01,4.812868326329625690e-01,6.750609744502864551e-01,2.262200523459256540e-01,6.736269471247626761e-01,3.996979760563620365e-01,7.201978340510947207e-01,5.494160436506596579e-01,8.077142665682478517e-01,6.572327123728384235e-01,7.384908813536219530e-01,1.731141650383050956e-01,7.218860041775198022e-01,4.580626586796847644e-01,7.308662479974751269e-01,5.753603534324700508e-01,7.991242230019617310e-01,5.428981664768744997e-01,7.586914575801041449e-01,9.591889628893477404e-01,7.155808211975202004e-01,7.812355138947579825e-01,7.457411400655524769e-01,5.338038331275307691e-01,7.218769816933716665e-01,7.943953900739265661e-01,2.251702824045450080e-01,5.902310305683893255e-01,4.945758561517836216e-01,6.440601047036593751e-01,7.682797621356970419e-01,8.166126072995897323e-01,8.922732107026907222e-01,4.467594591268652660e-01,7.093867133979343542e-01,8.032945749680937553e-01,4.497318088420200755e-01,4.378564684553950537e-01,5.317631863678385917e-01,5.796645924300219965e-01,3.381644238019050341e-01,7.655970449320058657e-01,5.387355160207635274e-01,7.118063221430780407e-01,4.718063897582343014e-01,1.949554118550054366e-02,2.495715229269841462e-01,2.142417608943189278e-01,6.606989352345915556e-01,9.735822746383046011e-01,5.495726606638706713e-02,7.544297078853254845e-01
9.759412133822581437e-01,5.726890017008166023e-01,9.975379963228805380e-01,9.034821376320307795e-01,0.000000000000000000e+00,6.244807777127344695e-01,2.987632993644198098e-01,7.960120253182420003e-01,1.744179320758046103e-01,9.336776338750780724e-01,7.842686408783848817e-01,5.083525234185743980e-01,8.982209907335771959e-01,8.877599449300570544e-01,5.860931213707798459e-01,8.055125195151702222e-01,6.460241188994402251e-01,7.180062073989370575e-01,7.562242149533229263e-01,2.013839082579891859e-01,6.114747180119862735e-01,1.676609293910552578e-01,5.708262878244773075e-01,6.830918214015005985e-01,5.677196534843711451e-01,8.533258929810071391e-01,9.915078689659209132e-01,2.436384400512202064e-01,6.645324824816760401e-02,4.523993815892351500e-01,5.078844616718991740e-03,6.569513537802111891e-01,9.445246905577725505e-01,4.777963098053478186e-01,1.586695715858302547e-01,5.705620924624380530e-01,5.821745411067365261e-02,3.261983339617255395e-01,8.543110712540522567e-01,2.631444173520924856e-02,1.204225268340519683e-03,1.570746888439455702e-01,6.859420078300453305e-01,9.693550843007670004e-01,9.099098032361464528e-01,7.383689820681638150e-01,7.325352721845739268e-01,8.460383357925775893e-01,5.962407338073167917e-01,3.037683645631007456e-01,6.472531777837181588e-01,4.707287984087963340e-01,7.395593751594981002e-01,5.414615544347992637e-01,1.061110828160369973e-02,2.514249627660770092e-01,6.845847210877452627e-01,5.424695051767618459e-01,7.974846074779929905e-01,4.917300965847634098e-01,4.518796802339216101e-01,6.881590963578498865e-01,6.837728758864913825e-01,7.104262347492191765e-01,4.898419630952483561e-01,3.665828981343135506e-01,7.718159126799029046e-01,7.839573843342417803e-01,4.111607443367835124e-01,8.397808184998197811e-01,5.732549870162398920e-01,4.293498895177965125e-01,4.532478168232615956e-01,2.364607229196561133e-01,7.105263301925600627e-01,8.559874186570748389e-01,3.984746102239648535e-01,6.769356459529981551e-01,2.835998817338680755e-01,4.748405436440323868e-01,5.575024613255314954e-01,4.809847554572595496e-01,4.424507426111503050e-01,7.894237401296819723e-01,5.509486621951507068e-01
3.024420430742828514e-01,6.250047546309568380e-01,9.657587859337720682e-01,7.266246674350034240e-01,6.244807777127344695e-01,0.000000000000000000e+00,8.251402998725178017e-01,4.527126080132618524e-01,4.998690341274195093e-01,9.160149195133767686e-01,9.263968359902843286e-01,5.750208708570966332e-01,5.057729854562950100e-01,7.519852843731503755e-01,6.741299086548684372e-01,7.645722831753507531e-01,7.168623252461242545e-01,-8.126326471939930574e-02,8.058999749328494833e-01,4.317059844883104347e-01,9.457589029388795421e-01,4.716422407122891625e-01,8.129029599327417532e-01,8.982531958859794052e-01,5.971206858256936645e-01,8.968665644581423901e-01,6.628652260640967020e-01,8.582314893785795151e-01,2.468574982781994165e-01,3.120451306372157840e-01,1.517268555767900262e-01,7.578444727221702593e-01,2.213562418053841019e-01,7.808741682770721226e-01,3.789609086919783487e-01,3.675263440704520379e-01,9.735386043228631825e-02,2.629790210141700335e-01,9.543177517173339064e-01,7.660969792609378937e-01,5.919327240302260096e-01,2.514858699798019348e-01,3.208511009614077314e-01,6.923966646061864294e-01,7.436966351872862369e-01,9.765220834079442191e-01,7.952721465308617566e-01,4.307058562790732625e-01,2.019443891561842064e-01,3.041651007973994458e-01,4.715585652575998710e-01,6.084385155923037747e-01,3.083232164971216882e-01,6.848320650558117340e-01,9.500590640297886802e-01,8.066601976070626456e-01,7.251166146487367792e-01,4.281987109426057536e-01,8.214171257332970599e-01,3.275375705761696121e-01,5.711508242938225788e-01,5.022308770438858039e-01,4.102972813694854559e-01,4.149502810895088212e-01,9.080154934770915398e-01,1.108272139014975788e-01,6.887950872283890025e-01,6.099096767899381266e-01,5.091375292247688478e-01,6.951091404039303479e-01,7.665867628062394967e-01,1.517220156250799756e-01,2.533339734814937239e-01,2.337906403592282245e-01,5.441309762230115421e-01,6.678282451956817356e-01,2.541795928212829403e-01,3.544768835614157676e-01,3.553049989029111178e-01,1.694895643729955326e-01,7.067717676892170120e-01,5.724902548802841551e-01,4.926621217013700260e-01,1.175837829249901934e-01,-1.288874922257473576e-01
9.661670058165234831e-01,7.516813015914829421e-01,8.099394028373737564e-01,7.890670587644448286e-01,2.987632993644198098e-01,8.251402998725178017e-01,0.000000000000000000e+00,5.673062635946714005e-01,6.983373231182909979e-01,3.754205461293240731e-01,5.009795346677946570e-01,3.577443205342316079e-01,5.679710490372590348e-01,7.109652652181362997e-01,2.706765773472802339e-01,6.914755092035856920e-01,5.201296842829657985e-01,3.736498730954617153e-01,3.369819575727873717e-01,7.990075829673838337e-01,5.360297781106913018e-01,5.554596893101588773e-01,7.830639413833575535e-01,8.418986359841498235e-01,3.553232390983127598e-01,3.053984687675316279e-01,7.733598766718949857e-01,4.436739651384792316e-01,5.012131483689219458e-01,6.345464308091306460e-01,5.547135637922487317e-02,7.694309135988540715e-01,6.215842741563161189e-01,6.062302532849763725e-01,5.381561082599444212e-01,3.794546619410299731e-03,3.571457971265522557e-01,5.048028518453189228e-01,4.659839901172119214e-01,4.640165668856300329e-01,5.891595306068122540e-01,2.358774755772031217e-01,5.845786378608623934e-01,7.517857325726742257e-01,4.579604786008744099e-01,5.989604628195439595e-01,4.521075383186247132e-01,5.340926327659398787e-01,5.866913335124195328e-01,6.568581455934531244e-01,5.882436757863681587e-01,5.356698960832589895e-01,7.580034289551813576e-01,6.789283307398406020e-01,9.762909591956181465e-01,5.805173375141006176e-01,4.387640816460465776e-01,4.757332174311744710e-01,4.896164290801288121e-01,3.993726824942381848e-01,2.233111751190132721e-01,7.334307261800603328e-01,6.853647498776127556e-01,6.347903010916553512e-01,8.986569740278398388e-01,6.009077215172284880e-01,4.300218183831292507e-01,9.098631378551508275e-01,7.637588675788903325e-01,7.834386152245378376e-01,7.815953547489872255e-01,6.836189912882942865e-01,4.589391621279584332e-01,7.879625486494284958e-01,6.039161145992235635e-01,7.529239785875599944e-01,4.789896699901374788e-02,4.512532654525462372e-01,4.617044380318993668e-01,3.781744116669631950e-01,6.076961006206930138e-01,7.421835324567946923e-01,5.789412602598780211e-01,3.230786115873972575e-01,3.438654760943915534e-01
7.749780658807996492e-01,3.983491154589803296e-01,8.228099126580549205e-01,6.806703671094456176e-01,7.960120253182420003e-01,4.527126080132618524e-01,5.673062635946714005e-01,0.000000000000000000e+00,7.892946543296579520e-01,7.826314610149042172e-01,6.318129817735048670e-01,7.253877698263366813e-01,4.519498984674142905e-01,9.163028832033346394e-01,6.961411054286328337e-01,6.734383472402851734e-01,9.714693969108550986e-01,2.122841816477725324e-02,3.102000711659040344e-01,8.466831384294980500e-01,7.962948192227470301e-01,4.034721173336624500e-01,7.868861427880111670e-01,2.522300761496398258e-01,5.849390453257291567e-01,6.414153396974601185e-01,7.250036854013994780e-01,7.085669474700683201e-01,4.750565566005974238e-01,4.531803416461790968e-01,7.940468005385492578e-01,2.737132597167396542e-01,3.171346283759239881e-01,4.536744675278703287e-01,5.633901253153631439e-01,4.745181980373142649e-01,-6.660845574923249246e-02,7.556262223351820628e-01,9.327484649400549221e-01,3.346885632257997623e-01,7.789393299503450940e-01,5.983440409494660273e-01,8.484782938697019716e-01,2.549053120300726061e-01,6.872266869478004248e-01,6.112037572128672380e-01,4.331146076276651824e-01,6.992168216696543759e-01,5.361689387367053472e-01,5.201396974400032125e-01,-1.402686762672646636e-01,9.048987332766749159e-01,1.358161278754410617e-02,3.892849021506797902e-01,5.822536444580039827e-01,6.800014868758442743e-01,7.863277826044955399e-01,7.249612698129662691e-01,4.688792119713945938e-01,3.937684527615414321e-01,3.552064436151398663e-01,3.116260504436617063e-01,3.029082337029432859e-01,9.347533778599756982e-01,6.704483814451573931e-01,2.203219154115627909e-01,7.306063287536096462e-01,8.225953376422268093e-01,7.374077656301560868e-01,2.335969182461143656e-01,2.943304760824408950e-01,2.299545150839691909e-01,2.172647601100439751e-01,3.983689931202536449e-01,7.413783307467216588e-01,4.187702304799673092e-01,7.712652025210884332e-01,-3.876226100697975352e-01,5.728865650531358433e-01,5.460777130413349001e-01,7.503172974370906356e-01,8.156214367459588832e-01,6.720058020976324986e-01,1.009689011323278152e-01,4.184698485336456608e-01
7.093010092992084736e-01,1.504812052426622859e-01,6.731404068418889164e-01,8.527033420219621851e-01,1.744179320758046103e-01,4.998690341274195093e-01,6.983373231182909979e-01,7.892946543296579520e-01,0.000000000000000000e+00,7.257309861170062604e-01,5.351679032883623899e-01,7.483681118531515519e-01,5.261023817839697303e-01,8.388616579530568940e-01,5.039984800364376571e-01,4.476470105209114925e-01,7.154441691570597728e-01,1.307893191036064821e-02,7.935732137191782165e-01,7.423346752214073918e-01,7.965767894873353461e-01,8.221933256416946723e-01,2.762067002294876228e-01,8.546801635930196817e-01,2.897717000482780136e-01,5.711749993709036577e-01,6.453747031145993240e-01,7.756464099919196942e-01,2.522383637197933570e-01,7.569619357462110676e-01,5.595995114532992254e-01,4.487214235278973451e-01,5.721955783943897256e-01,7.177090852706111690e-01,4.922860097423324977e-01,5.675767797345580012e-01,3.281635882426336415e-01,7.179496650894621190e-01,7.765475068561533689e-01,-1.827241845804238041e-01,3.123149871395490829e-01,7.309203946679944108e-01,5.499325208464851400e-01,9.329686499770418751e-01,4.659254858108731190e-01,3.169769271991320081e-01,7.653599180386120304e-01,7.082428831311020634e-01,3.207110555875332114e-01,7.564940510539168717e-01,5.235353679530461157e-01,6.664376323736296293e-01,6.515204206593493419e-01,2.817933247441276601e-01,8.985987120981614451e-01,8.146523137839488671e-01,3.090963434658034470e-01,6.248701482721651379e-01,6.826582565282057757e-01,4.940431329157825013e-01,4.610898834538595392e-01,7.588525311339855417e-01,4.301160481224996501e-01,8.126781911405426273e-01,4.291280101262082147e-01,7.724761351955324873e-01,4.667025386550075483e-01,6.331398851769389768e-01,7.950389964138031562e-01,7.543958221109593465e-01,2.767736386247056091e-01,4.832101521534144795e-02,3.455744764771732092e-01,3.348682309811581437e-01,3.070554714646772654e-01,6.128692603877445855e-01,5.394001545492722594e-01,8.240095190521792290e-01,7.287827329517734265e-01,1.748073833708931601e-01,2.820076165185609884e-01,4.780529661971958943e-01,4.707656292827794298e-01,5.560567537315922459e-01,4.727639975787888416e-01
9.828092565426953531e-01,5.785496256165805207e-01,9.352038105028182002e-01,6.268582557678814560e-01,9.336776338750780724e-01,9.160149195133767686e-01,3.754205461293240731e-01,7.826314610149042172e-01,7.257309861170062604e-01,0.000000000000000000e+00,7.209846980212200052e-01,4.640299180634839260e-01,7.730003987220924744e-01,7.544478695792620204e-01,1.205802443176621497e-01,3.780503473614151844e-01,4.764090047161201880e-01,7.254698616373062015e-01,7.924706085905516284e-01,5.722204961753010188e-01,2.557068044667488715e-01,5.077814539752375511e-01,6.587020868973479937e-01,9.674127644921927116e-01,4.156360855471160076e-01,5.937821890681156400e-01,9.923404709331882234e-01,9.083257514691338574e-01,4.129941424345093814e-01,6.473473333543680042e-01,2.566701233171485019e-01,2.384909599378886857e-01,2.969697657685047565e-01,3.297952969305648074e-01,4.130799983967360367e-01,4.358316513343189480e-01,3.401090563483492035e-01,4.629668323496257121e-01,4.685849417892444801e-01,6.356179012097067371e-01,6.548563867218530898e-01,2.136144836035295813e-01,6.499738233627807560e-01,7.279707726790183298e-01,6.325913950613845094e-01,9.828418383062496044e-01,8.395173674530271857e-01,7.395447753433741500e-01,6.985412589837083353e-01,5.215826561838264874e-01,4.329977234272696096e-01,4.516247166868955776e-01,7.289397908112864588e-01,7.192975594966073416e-01,6.850968419358941519e-01,3.538768898419788478e-01,5.849768097889190832e-01,5.939948954269728132e-01,8.402832518571894393e-01,8.572691246482702088e-01,3.687201511338528137e-01,8.473095370135996784e-01,6.800521058040547295e-01,6.408527761034868986e-01,6.629658553235294738e-01,-1.938228594566737129e-01,4.424944510133937414e-01,7.571457322642536347e-01,-1.058078522192931331e-01,7.751882444618294343e-01,5.631995138287708702e-01,6.709867858287835718e-01,4.438330609476440203e-02,3.820334371456466371e-01,4.306576108715127749e-01,5.555322774237310135e-01,4.538048768841186908e-01,5.748573077010028509e-01,5.728695475410775506e-01,6.111934873175162673e-03,6.256854489787208040e-01,7.936001103531125089e-01,8.249513845278659829e-01,3.996397776722013795e-01,8.012690910590203330e-01
4.050435475649437622e-01,4.375693945755510517e-01,9.201376828283470699e-01,3.328452473647358634e-01,7.842686408783848817e-01,9.263968359902843286e-01,5.009795346677946570e-01,6.318129817735048670e-01,5.351679032883623899e-01,7.209846980212200052e-01,0.000000000000000000e+00,8.011457457392430204e-01,9.498920847921521471e-01,6.621124211538297333e-01,6.650501296349388136e-01,9.392381264966052079e-01,2.528395904108118875e-01,9.591712117315970287e-01,9.348919878451292798e-01,5.590306285421744459e-01,5.360630710514771025e-01,9.464636175550211750e-01,6.835285558476744683e-01,8.573072383592004186e-01,4.719206637523049586e-01,1.942641388109786482e-01,1.402724776441525156e-01,4.455022793842001727e-01,4.217756444834424578e-01,2.303549121227237498e-02,5.846477583591210836e-01,2.443500792196314497e-01,4.698193694735990356e-01,4.293208513903065682e-01,5.209438008486786398e-01,5.900180103125414188e-01,7.409343749734345619e-02,8.554215488042528071e-01,6.802533058104004438e-01,4.913608128548376808e-01,-1.254015757898726269e-01,9.006583754774041273e-01,7.015378229727780024e-01,7.894205466455423981e-01,9.188430466230674831e-01,7.798055215396879625e-01,8.972165152559399282e-01,8.461139849194940776e-01,7.488893334252584577e-02,7.555650262361487401e-01,9.313294927412814062e-01,5.747785627667915120e-01,7.620120170228817935e-01,7.049747019060000897e-01,6.713694516045556338e-01,4.965624638003003910e-01,4.968377224363251243e-01,4.193476141556012893e-01,8.140598004298003065e-01,9.518553526059175818e-01,3.393945728989944954e-01,7.777470301899822580e-01,6.871380447432277050e-01,9.483102580847815322e-01,5.102857289562612308e-01,9.309398488884369494e-01,6.530484501773933248e-01,6.608525403020750755e-01,2.831049372724753210e-01,5.184174623931833148e-01,8.458217564595783555e-01,7.476244027839847872e-01,4.259197195597440588e-01,4.157725663362677460e-01,3.792251289848643792e-01,7.758770919678810163e-01,3.228815001822003539e-01,5.000613317382035516e-01,3.968413061091630167e-01,4.795530121254911737e-01,7.723827515005258215e-01,5.145732057216335642e-01,7.483757857395160196e-01,2.335155654803836855e-01,7.938240080201988125e-01
2.897006290976807952e-01,6.580387861707361896e-01,2.199347290877379235e-01,7.308865266177815290e-01,5.083525234185743980e-01,5.750208708570966332e-01,3.577443205342316079e-01,7.253877698263366813e-01,7.483681118531515519e-01,4.640299180634839260e-01,8.011457457392430204e-01,0.000000000000000000e+00,7.277780259838596555e-01,4.341902681171144751e-01,6.312544956126715512e-01,6.253294363422190472e-01,7.384679340525174274e-01,2.412806974848118180e-01,5.289128021768185750e-01,4.240610894268292408e-01,7.145423744047773029e-01,1.580668564820900124e-01,5.104344186991673915e-01,9.178661464848584250e-01,7.030900405462889857e-01,7.667488512369831088e-01,6.084208046490187094e-01,7.104835075859186055e-01,7.415028533337646166e-02,4.948964080017319578e-01,1.934061704049272745e-01,3.398864708192117501e-01,4.268661173290689281e-01,7.481780104470611148e-01,4.468696725808993797e-01,2.859650895467883980e-01,7.515799834840762861e-01,3.941233152514667104e-01,6.884312636145176745e-01,6.644851027219074169e-01,7.516940807875938102e-01,7.182269157701599571e-01,7.707052404938163903e-01,8.981658620931745052e-01,9.300248189305050373e-01,6.280194416727410411e-01,2.050142632260462117e-01,4.415237790695236142e-01,3.078043193415878065e-01,6.832224489597698014e-01,3.814803052188110444e-01,7.234083160154608505e-01,2.311139398054144756e-01,7.413844598767080907e-01,8.238262613974250970e-01,6.087779988387289620e-01,3.576300236424613255e-01,7.787422415966146483e-01,1.945826161071875782e-01,2.133291856452244617e-01,3.476123686883312441e-02,6.834156898911658562e-01,7.899857604547381174e-01,4.017064333286033406e-01,6.746161766717393427e-01,7.643333310985114259e-01,1.263276234224791350e-01,8.582045009897356636e-01,6.060579872988357542e-01,2.250533093737263346e-01,3.368840935158080585e-01,7.438786789743152550e-01,1.518512073799485329e-01,4.357502825960851700e-01,-1.217531673819270271e-01,5.448565080549223616e-01,7.664113441564316398e-01,6.311779902607583814e-01,2.044486987513952914e-01,2.998819784778368192e-01,4.726507290307425668e-01,2.308194935918247981e-01,7.314429267970821158e-01,8.883579932485786701e-01,6.188709729562680284e-01
9.004030529297243346e-01,4.781773305358430481e-01,6.258799230980273132e-01,7.288714405558449627e-01,8.982209907335771959e-01,5.057729854562950100e-01,5.679710490372590348e-01,4.519498984674142905e-01,5.261023817839697303e-01,7.730003987220924744e-01,9.498920847921521471e-01,7.277780259838596555e-01,0.000000000000000000e+00,6.015020042419456647e-01,3.217762429128409596e-01,9.140163842641405578e-01,1.365825890799554909e-01,5.074041185659139419e-01,6.351770044189831710e-01,9.072007390360217194e-01,7.346634104321823067e-01,9.896314846001690313e-01,6.325812883800872033e-01,6.496426858138597549e-01,7.671615994418763407e-01,4.523135521626502342e-01,7.667401585568205391e-01,4.078002151975453349e-01,2.914243333160186911e-01,6.171329885924261571e-01,2.226100791822624436e-01,1.752113569605192600e-01,6.097644185637166592e-01,6.053957358092088015e-01,7.919562539226903120e-01,1.957923341534414940e-01,2.380070455407454766e-01,2.125455663680407559e-01,4.451391531157659620e-01,9.530909365835290581e-01,5.190890357395232524e-01,8.882131454660812109e-01,5.536883366500737758e-01,5.275192329218511000e-01,8.653278957692125406e-01,4.647783243120265917e-01,2.611212282013053998e-01,7.300911529195706073e-01,7.485664733618357936e-01,8.036897430984903945e-01,6.786608074556855774e-01,2.260030939817239126e-01,9.973502760109257403e-01,8.674745669852136354e-01,9.552560459674709348e-01,9.508643992148008151e-01,2.256474371424929959e-01,7.852282890022463935e-01,7.476045499062506927e-01,4.838571751866717618e-01,4.112500609397082840e-01,5.251483218229622274e-01,4.682066553236679529e-01,9.662086893531874887e-01,9.851263411605000186e-01,7.410275801448646948e-01,3.916201248758410247e-01,8.765527029017253779e-01,7.480735930892509211e-01,7.882503285348763100e-01,5.089067006240237667e-01,5.567598846129144796e-01,3.406174359683576958e-01,1.215941425463821779e-01,5.753264219604936613e-01,4.561568800597478046e-01,6.929472313560230967e-01,6.436695489322828978e-01,2.409737378481447978e-01,2.069438733968820276e-01,5.466100748424084221e-01,7.817649495736787024e-01,5.305703569945278142e-01,5.747476287767681047e-01,7.847852588841848220e-01
8.154706529624106137e-01,7.794675918376153811e-01,7.032725394330759938e-01,8.819713064057947971e-01,8.877599449300570544e-01,7.519852843731503755e-01,7.109652652181362997e-01,9.163028832033346394e-01,8.388616579530568940e-01,7.544478695792620204e-01,6.621124211538297333e-01,4.341902681171144751e-01,6.015020042419456647e-01,0.000000000000000000e+00,8.447045743700327680e-01,4.946567463901583861e-01,4.261849751399355846e-01,2.599350408330850515e-01,4.934982605964577385e-01,3.104745995771925338e-01,2.975451190962455361e-01,8.172355291188794224e-01,7.150964661539175315e-01,8.232812408865659570e-01,6.440427426584823811e-01,4.058307460226218688e-01,3.053987496632051268e-01,6.985793929231147725e-01,7.379350024666733177e-01,2.745851148648061901e-01,1.724856557358620812e-01,5.621398890360337353e-01,7.656600400265858308e-01,2.923032501570705932e-01,4.228415598636071637e-01,2.065103518941585059e-01,2.124180590648694078e-01,4.338826353919535417e-01,5.401527039455090717e-01,4.290022046626318364e-01,7.941836118288797541e-01,7.579318787007582880e-01,9.507949264620998986e-02,6.412106374508891316e-01,5.666142219060552598e-01,4.909319931305650142e-01,6.808316284578537214e-01,6.133477076475788436e-01,7.670852891520051342e-01,6.319303143791098476e-01,7.380519475076819935e-01,6.547550090625227082e-01,8.502740592764382876e-01,5.118487751517969420e-01,6.103113974717351287e-01,5.323462111650414386e-01,8.215127666868211609e-01,3.463443817835678562e-01,6.574043586709118481e-01,4.633476919192461851e-01,4.896803510979794716e-01,6.868723495674341484e-01,8.028582708368912080e-01,9.029887040669950515e-01,6.196949856766791331e-01,6.171792900393822112e-01,4.181892311711631338e-01,8.219291577389387093e-01,4.242237524597642917e-01,4.209542195551171373e-01,7.821195142133194889e-01,9.851044051082770148e-01,1.110970755413177580e-01,7.870651323876347583e-01,5.949475848979675074e-01,2.967207079487827470e-01,9.423018917426322361e-01,9.100766271849117794e-01,2.722506973948410902e-01,3.237775690013074414e-01,6.506921929383925329e-01,6.576548979540686179e-01,7.723209555419964234e-01,7.478505158849214629e-01,6.869544410914854016e-01
4.308708034852239410e-01,3.390756269572895443e-01,9.730599717912497004e-01,7.395055895706147409e-01,5.860931213707798459e-01,6.741299086548684372e-01,2.706765773472802339e-01,6.961411054286328337e-01,5.039984800364376571e-01,1.205802443176621497e-01,6.650501296349388136e-01,6.312544956126715512e-01,3.217762429128409596e-01,8.447045743700327680e-01,0.000000000000000000e+00,5.553249766951791067e-01,2.993779319735058730e-01,9.690215803657542537e-01,6.875185241976372597e-01,5.073914794750559176e-01,7.114290756113860192e-01,9.878399333535643478e-01,8.188906055838133247e-01,9.033063236449390132e-01,7.955598440049033160e-01,6.445600403034148496e-01,6.391492665676453688e-01,6.124823386268828385e-01,5.057578448534475468e-01,6.897543720185765892e-01,1.707185546435260326e-01,7.312444232340074013e-01,7.906838426516850094e-01,5.208744847784159138e-01,6.715259717282685559e-01,3.636566222331454740e-02,4.291244398802523397e-01,7.267078729419851335e-01,9.987475659213294055e-01,4.851859896329601685e-01,7.462822496177550224e-01,7.452439273198526726e-01,6.568316606865471918e-01,4.985625147326968043e-01,3.430829710930042298e-01,9.130674471841450091e-01,7.518660924628117748e-01,2.194468289773303105e-01,5.605358781396894141e-01,9.470329781491442223e-01,7.739740237878757201e-01,4.010761203514020545e-01,2.144077319097270617e-04,7.192320024700149528e-01,8.385569505098932064e-01,6.235588247890569980e-01,6.235230574113579394e-01,2.251762925283573025e-01,6.535908446274860673e-01,4.071571649573861307e-01,4.846877466207722973e-01,7.344812869439204528e-01,8.836750699817580434e-01,5.224279753487287570e-01,8.318931695008676686e-01,8.868435667018446100e-01,9.105446816017884193e-02,2.874260392761998628e-01,7.431618484873874220e-01,-1.059133474571062467e-01,7.596352812976107094e-01,6.384098439960339544e-01,3.638735219260632592e-01,6.975845566365542760e-01,5.956804603248593288e-01,7.344474208563993578e-01,4.482751988266054921e-01,6.998795482265469659e-01,3.374134971870133004e-01,3.371956704948574912e-01,5.536691765916543773e-01,8.186146630266744051e-01,4.933067262706179457e-01,4.234644938675313774e-01,5.361099326323248704e-01
6.402277837658896242e-01,4.109328529797756646e-01,7.397118282692196622e-01,6.614605426900803664e-01,8.055125195151702222e-01,7.645722831753507531e-01,6.914755092035856920e-01,6.734383472402851734e-01,4.476470105209114925e-01,3.780503473614151844e-01,9.392381264966052079e-01,6.253294363422190472e-01,9.140163842641405578e-01,4.946567463901583861e-01,5.553249766951791067e-01,0.000000000000000000e+00,3.231230653563561539e-01,2.436817482540297730e-01,5.846861935212168682e-01,8.021666602284716063e-01,2.840317944244338810e-01,5.464038615297460710e-01,6.611359040139065391e-01,8.772865642260812002e-01,7.065592282336687902e-01,5.690016473125362184e-01,6.073730535466992375e-01,2.041592561075629420e-02,4.551378067128828420e-01,4.613902269690045022e-01,3.340456434373775263e-01,3.169726124631490616e-01,8.298684139079132160e-01,5.373321922320501987e-01,9.169510712448514234e-01,9.738986643259649190e-02,4.019119318350275472e-01,5.970929807473489559e-01,4.390482180162939008e-01,9.343512410572297755e-01,3.778530250984140082e-01,7.885990461838210397e-01,6.957040659855616704e-01,6.479553730204897777e-01,9.615568524592051913e-01,4.940697661313375733e-01,7.998856347510329146e-01,4.340132499354289464e-01,4.720747678856758167e-01,4.432424321199523454e-01,7.345741163048887801e-01,6.032493332310856493e-01,6.493725186078379563e-01,6.898081934695928785e-01,2.216983945813932322e-01,6.070534350436568305e-01,2.498575450396627040e-01,8.704931344915592950e-01,6.118440268004787796e-01,4.290398942990584774e-01,6.987659306002057535e-01,6.738319843155039512e-01,1.123181752218365137e-01,9.131104129079001819e-01,6.525283930715086722e-01,7.801488302060418656e-01,3.459576997210752070e-01,9.463501326806574854e-01,6.105819098603976203e-01,5.328510146470655240e-02,7.548558812366759074e-01,3.462581136670217496e-01,5.240316642402036429e-01,7.299719289999427874e-01,6.579479910408846388e-01,2.383742839098279276e-01,2.897910222868913532e-01,9.470328263758788223e-01,2.410864430216360654e-01,5.888607057171169057e-01,7.746335826125703150e-01,9.951892459573297156e-01,6.993620583113641098e-01,1.479377990981457780e-01,7.499401019801419377e-01
7.619317495842529153e-01,4.932674592833535265e-01,5.610559564796897547e-01,8.574511616917038781e-01,6.460241188994402251e-01,7.168623252461242545e-01,5.201296842829657985e-01,9.714693969108550986e-01,7.154441691570597728e-01,4.764090047161201880e-01,2.528395904108118875e-01,7.384679340525174274e-01,1.365825890799554909e-01,4.261849751399355846e-01,2.993779319735058730e-01,3.231230653563561539e-01,0.000000000000000000e+00,7.618875947625683986e-01,4.229921585207067070e-01,8.380234542797184716e-01,4.035498321236030694e-01,5.511536085766142179e-01,3.561271619262991184e-01,8.039835752645413391e-01,4.193688662866638106e-01,8.532819345390499910e-01,8.375552746859792341e-01,6.737121075501704137e-01,2.716288639688297368e-01,2.663469876294926597e-01,5.836393610351324757e-01,2.087141744137092081e-01,4.375181686868676589e-01,4.302227749310290061e-01,2.265709463098119769e-01,3.557772472824580756e-01,3.868221511936054124e-02,2.407056595419231337e-01,3.870045921200454542e-01,9.058850786704092384e-01,4.023729393005878174e-01,5.525722282299345700e-01,5.707311330409341465e-01,8.180495125578022275e-01,7.798380891722302977e-01,8.595869464044112451e-01,7.736309107071149826e-01,4.479851412636112751e-01,7.103600859719448879e-01,9.641019065237919072e-01,5.889695086421629089e-01,9.148541593524742721e-01,8.227416365128272790e-01,7.438007745266721482e-01,5.118465705247888797e-01,6.829825500162605145e-01,9.192414014864969118e-01,4.369472784586068137e-01,9.819311923328617464e-01,2.545443520825170780e-01,5.951651237880977163e-01,5.257323662236522699e-01,2.798594784211116959e-01,6.450963683115849001e-01,5.390870194624803879e-01,7.060503006713386709e-01,8.746169495837669006e-01,6.798293533473234174e-01,3.029197261628625570e-01,8.205858318205169200e-01,5.254607568286059349e-01,6.793949745229941328e-01,3.003245324807609640e-01,2.731540877081227725e-01,6.440702286727437720e-01,8.212780255119838113e-01,7.836423663943228313e-01,8.155687750969257133e-01,1.552638940658894809e-02,1.291129085046751335e-01,4.883816517809385638e-01,4.085003920633755170e-01,3.656772822676629398e-01,3.491577334644540009e-01,9.578006870299702324e-01
7.013129740831841596e-01,6.046449591374157828e-01,2.377652382231229544e-01,3.179466362622498377e-01,7.180062073989370575e-01,-8.126326471939930574e-02,3.736498730954617153e-01,2.122841816477725324e-02,1.307893191036064821e-02,7.254698616373062015e-01,9.591712117315970287e-01,2.412806974848118180e-01,5.074041185659139419e-01,2.599350408330850515e-01,9.690215803657542537e-01,2.436817482540297730e-01,7.618875947625683986e-01,0.000000000000000000e+00,9.688615495920952503e-01,9.287420835664130792e-01,7.283356830965477258e-01,2.991600072052154058e-01,7.487306956622165055e-01,9.114835533612763996e-01,5.316503249171156131e-01,9.184750085260143804e-01,9.345057520304775878e-01,3.518306308906745672e-01,2.610736584740094290e-01,1.237069646969249925e-01,4.843886329387037115e-01,6.835867655832928991e-01,2.287066228291556869e-01,3.081710832292304802e-01,3.025753943145271241e-01,5.500371603994888003e-01,5.474732098060061114e-01,5.574248253036876433e-01,5.462151646520909676e-01,7.087857837729030219e-01,2.927655333585929553e-01,5.613856923034187263e-01,2.643811282313702771e-01,6.490872951212544040e-01,8.958345173184533161e-01,5.929250572088894389e-01,7.113787303406365892e-01,6.347825544314618096e-01,5.163033018133380558e-01,2.681371109504892547e-01,4.707417600933788138e-01,6.427025515194950689e-01,9.430802975898817664e-01,6.805388520103501371e-01,8.322608397789443835e-01,5.432281567964977187e-01,9.358946123625637714e-01,6.694286471777290970e-01,6.633693877617737877e-01,2.601855180649891297e-01,2.913816445158686763e-01,5.826969056482645959e-01,5.442028349725578362e-01,6.742938788392901506e-01,7.394979338477829511e-01,7.726726182497961615e-01,6.084869895919637894e-01,2.769145429491880472e-01,7.007902335590141529e-01,4.781266148176970265e-01,7.309399329242992627e-01,6.976561698108055820e-01,5.402604360363429947e-01,6.219093615851410961e-01,6.828140572511719464e-01,5.096220574317363861e-01,7.238766655453071630e-01,7.869030408417267974e-01,1.276121620067501294e-01,5.369401258925496911e-01,7.148701081225719012e-01,3.102179995639509080e-01,7.914933954808175409e-01,2.510732181374019656e-01,9.068704252605883642e-01
