0.000000000000000000e+00,8.456221367598170113e-01,7.695165663937822975e-01,6.788523572854491261e-01,5.393538258994007295e-01,8.966678758660869830e-01,6.647834161679592180e-01,9.710891498708706937e-01,9.837082798371588055e-01,9.285544013567064159e-01,2.172909720565424085e-01,7.088388166664156831e-01,4.953298537778413335e-01,4.570030510212633734e-01,7.056441578709665707e-01,7.268899944241216105e-01,9.645504636747221916e-01,8.415201624652948187e-01,7.281189996665162756e-01,7.558722705218920979e-01,2.053460928206044256e-01,5.062080016181739195e-01,3.074614561820369074e-01,4.819947331895817477e-01,4.274535569876707908e-01,4.769550840928711288e-01,6.359531634536000899e-01,6.548088065314101591e-01,6.452928501761809876e-01,3.293187966169176528e-01,7.159345924425016827e-01,4.860338871808470573e-01,3.335514003526880433e-01,9.085001191139137067e-01,5.949031520737746437e-01,2.349902802123934875e-01,5.526720394477317999e-01,5.995128228312321395e-02,8.639489596423256534e-01,8.295940949847975254e-01,2.381849634881929301e-01,6.498598153003704025e-01,9.268847864985026996e-01,8.384928165918030807e-01,8.493400138838391733e-01,6.670689208490467870e-01,7.877956216353003693e-01,6.614745114584302810e-01,4.838244142345151655e-01,6.997077542071270528e-01,9.637476770877817511e-01,9.396399461913393925e-01,7.593796412528699413e-01,8.205477019918703263e-01,5.832989632505681810e-01,7.638442383763570653e-01,9.772961736959535628e-01,9.598007430674241336e-01,5.773562875127110638e-01,4.550897424894926879e-01,3.545033749404001844e-01,7.362182693941736744e-01,8.489160253816626645e-01,7.060647387080168924e-01,7.351034351491698704e-01,8.062041059771937190e-01,9.138095987036055634e-01,6.519433303479954533e-01,8.915975665207185319e-01,8.727995237604218026e-01,4.722942718564307474e-01,9.994537075667024872e-01,4.204846096600078909e-01,1.200949510417716609e-01,5.776309143060733842e-01,8.849137834554523518e-01,6.432877053421115487e-01,6.599870450010092426e-01,7.848137120743081674e-01,5.175002866835526349e-01,6.556731179643304763e-01,3.006988536092128905e-01,6.868431324072361566e-01,5.696758631440018011e-02,7.413889743251335096e-01
8.456221367598170113e-01,0.000000000000000000e+00,9.862876181041081436e-01,6.070045242131104635e-01,3.835252481225254195e-01,5.669830678786517142e-01,6.753827178525850794e-01,4.865704823700894854e-01,7.374335207906421719e-01,7.371207716071076499e-01,6.118516375117900585e-01,8.730701526342028451e-01,7.758777572376511777e-01,6.532029164744250771e-01,6.009420608158718702e-01,7.423414687075491347e-01,7.439775758873324873e-01,9.847120346566453630e-01,7.543844125765142294e-01,8.581757053469271090e-01,6.719395559950702701e-01,3.666563310523833774e-01,1.342641198952823113e-02,6.206435132119978437e-01,1.773974165060117000e-02,9.278069834548282602e-01,7.435395806481033265e-01,6.882253882307882709e-01,2.430396231732197820e-01,5.073795397740610280e-01,3.297108966075580350e-01,5.448669067375212505e-01,7.005929977547694643e-01,9.977487676272479566e-01,5.611254359809990655e-01,3.862926424721822016e-01,4.000813455657131756e-01,2.592396202226260327e-01,5.175563289835281022e-01,7.221231603033668733e-01,7.290424909104888940e-01,8.593966370726590087e-01,8.431462682767356664e-01,8.105990836696517210e-01,8.274207649521916341e-01,4.495314308509623658e-01,7.218442510531115630e-01,8.040218094967296336e-01,7.634851379715794639e-01,3.110065861200163595e-01,4.802461956602118720e-01,2.203216330935135747e-01,6.863572218859541607e-01,6.510721613619520065e-01,9.117714558896758970e-01,7.989904489514843000e-01,5.472354958061713681e-01,7.252197880857188528e-01,2.356415394358768178e-01,7.311006078687412035e-01,5.905004353360121527e-01,9.839387466121454207e-01,9.748787752445694510e-01,9.057536397321748201e-01,6.772450979997134413e-01,3.563278661567367278e-01,2.470117072346404707e-01,9.267589906991736681e-01,5.174757389163727739e-01,8.528194026583568732e-01,6.423185839568080757e-01,9.447715191124296252e-01,7.935865391642014099e-01,8.474539544617176734e-02,2.495666731268292582e-01,9.242333059178566845e-01,7.507329867046544924e-01,3.181262429183949747e-01,4.517403495620496701e-01,9.221090075393181817e-02,2.651646835511403677e-01,9.580377975460870887e-01,3.247804287079948948e-01,3.567301060265218871e-01,7.642880530132405426e-01
7.695165663937822975e-01,9.862876181041081436e-01,0.000000000000000000e+00,8.443526304968744789e-01,9.435755090548966217e-01,9.688965995829377231e-01,4.475224497970854975e-01,8.446879901244743749e-01,8.553953758679004871e-01,9.315289209081738520e-01,8.397907172417048427e-01,8.298753466121669975e-01,7.258274749080864119e-01,6.573036180887428248e-01,7.083923525693528456e-01,7.085325576299913442e-01,9.252692215762252648e-01,7.015408948526009603e-01,6.926261826156639989e-01,8.277560305954562159e-01,7.436001965479202003e-01,5.237299961417387628e-01,7.501020064873142879e-01,9.420549137964693287e-01,4.180243936509135949e-01,4.072039444467898672e-01,6.923278586961398862e-01,8.535697974513247743e-01,1.018724391133088575e-01,4.887305785535268621e-01,5.688914672948719442e-01,2.732658064668355147e-01,9.700112364585029567e-01,5.145429570664971086e-01,9.024676798064217298e-01,3.583956088795544614e-01,3.518451087329774740e-01,6.031560033226505135e-01,6.136414631031715805e-01,9.287452298329741396e-01,4.641360943167317510e-01,9.017694570902182738e-01,9.900883649451840407e-01,6.780247103376864093e-01,9.660584597662347228e-01,4.308859193236463936e-01,8.088351272576996820e-01,4.238479417440380037e-01,6.930857449127236780e-01,8.113599479670988712e-01,5.049308272053281144e-01,9.387228723112979178e-01,6.407964462947270956e-01,9.943783227849783968e-01,8.085874397969223804e-01,8.841211582566534943e-01,9.355553700278951279e-01,8.733044081595682240e-01,6.071286456658737674e-01,7.381672864309117843e-01,3.521465872673555930e-01,6.098667739540990507e-01,6.863049646214212096e-01,5.661345528203602928e-01,5.920897727032672364e-01,7.507097945997376343e-01,8.969593463961521573e-01,8.582784458521467430e-01,6.082762784310005166e-01,8.949758636809486134e-01,3.537966478647668334e-01,7.612725971286835591e-01,3.261000756022276459e-01,3.450375722230135667e-01,7.347848222038178001e-01,8.545568522205229112e-01,8.163500357342533542e-01,4.148629217767405564e-01,4.358487911496310430e-01,1.267163655071780470e-01,4.306948477937336262e-01,4.433276513671434160e-01,7.457614423786538271e-01,9.076758396487613068e-01,7.024308423050984462e-01
6.788523572854491261e-01,6.070045242131104635e-01,8.443526304968744789e-01,0.000000000000000000e+00,5.836478625865951786e-01,8.895822387796943342e-01,4.030631728021688565e-01,6.396111569708167188e-01,9.724883647697100120e-01,8.551652629016097684e-01,6.039325242414650408e-01,4.221572617884124246e-02,5.838054251487022617e-01,5.313038034856931713e-01,6.575579773550368490e-01,8.278975927478496866e-01,8.866135408049949929e-01,6.725831642574229274e-01,6.018125216147491852e-01,8.290131040493631254e-01,4.179078690581708444e-01,8.127643644509864318e-01,6.300115341201696362e-01,5.887532629133636064e-01,2.831615955531219253e-01,9.515942895402460522e-01,3.907423338157398063e-01,7.907665955164113747e-01,2.071955852693495859e-01,5.207082198836168185e-01,4.382774830455322124e-01,2.961352157261461504e-01,8.727897623325732157e-01,7.859821571932678053e-01,7.903820786586610581e-01,3.748791530838646580e-01,2.151147566534574451e-01,3.861006072134830491e-01,6.397745711961559945e-01,9.418640073949200442e-01,3.095088918425604740e-01,6.245650392956471064e-01,9.891878992393259296e-01,7.426630264237703560e-01,8.265748108961251672e-01,7.835912345928930378e-01,7.220389773244084708e-01,6.412517603543043121e-01,4.385705956230360747e-01,6.654778567796582056e-01,6.031507089941597899e-01,8.660697001601950218e-01,8.688236776394795413e-01,6.295805517313588506e-01,5.065661181557421511e-01,8.191383189071727022e-02,7.065351230321930132e-01,9.046691303670396644e-01,5.303390868499154864e-01,7.506544813050493037e-01,3.047845586671046325e-01,4.640757068321659795e-01,6.712981212122710595e-01,6.536211724537053236e-01,9.906518285992937933e-01,8.204424197051198853e-01,7.906038049912811339e-01,4.972753758227712040e-01,4.302433773277362650e-01,9.646406968721576991e-01,4.565954497485141261e-01,8.058580353711402022e-01,4.609312356675690503e-02,2.091584158499898149e-01,8.360759392522594535e-02,9.247662519460526642e-01,6.066808141051615033e-01,4.550021600751762429e-01,2.909490481968698972e-01,5.998555184970658649e-01,6.533312918616582810e-01,7.415166406989526227e-01,8.012121698061432928e-01,1.094005779927876426e-01,9.827095845753771597e-01
5.393538258994007295e-01,3.835252481225254195e-01,9.435755090548966217e-01,5.836478625865951786e-01,0.000000000000000000e+00,7.565376802182925964e-01,5.443495498934016741e-01,6.114929676037159645e-01,6.735349725550965339e-01,9.518367040314756888e-01,3.353856656402250391e-01,6.028235738966203350e-01,6.971023012731807356e-01,6.574974631565233540e-01,3.675665426909881517e-01,7.862313614331170042e-01,6.552728427469214356e-01,4.269013614395874567e-01,7.092492581491949277e-01,8.231848899652166596e-01,8.914130369552439870e-01,4.787281569877737120e-01,7.803468315408887968e-01,7.193698017534401190e-01,5.302437050845114630e-01,4.777044327314862171e-01,7.707336123486947521e-01,4.746251031073998039e-01,2.981202582390483080e-01,7.215093715939466801e-01,-1.827612557116262970e-01,4.765464478711612939e-01,8.303363174585473017e-01,7.947545692219285529e-01,7.312508825801226076e-01,-7.018785656778253612e-02,1.496122053744022018e-01,2.629767101096172621e-01,5.774532375064810319e-01,6.523864353471138244e-01,1.742307979197507406e-01,9.360210918182990669e-01,5.055881456320522327e-01,8.817797564569285207e-01,9.621380903333396351e-01,7.966236189857148764e-01,7.860129408553376829e-01,4.236802690125322512e-01,7.975059372699166982e-01,7.435476270445373626e-01,6.527456216121750865e-01,9.118610590213838130e-01,8.101450206683825650e-01,6.619790463319074059e-01,3.324606068893136701e-01,5.386994640978862714e-01,4.255743703866763927e-01,3.986512845827211438e-01,5.923397268545933514e-01,6.119074751235219489e-01,3.849344494254766658e-01,5.595224955124488142e-01,4.958350773160232206e-01,4.168078308246847552e-01,1.172955352133813467e-01,7.773682102257688520e-01,4.506835858253355753e-01,9.171385278872714597e-01,1.330568155434870004e-01,8.403591141159916234e-01,7.325654210231502539e-01,4.340162184609027696e-01,7.850291006882526360e-03,5.149812391244268373e-01,7.413933152987686737e-02,4.923675620799462527e-01,7.879706650093198927e-01,7.213754211596351551e-01,-1.484943521749332029e-01,2.830022073415062733e-01,9.032549989510713084e-02,9.248196042780424397e-01,4.564986672893763808e-01,4.575871634179995429e-01,4.178911516235362944e-01
8.966678758660869830e-01,5.669830678786517142e-01,9.688965995829377231e-01,8.895822387796943342e-01,7.565376802182925964e-01,0.000000000000000000e+00,5.254898410839566880e-01,4.165124013152665117e-01,6.951622912187007675e-01,7.739896782140900378e-01,4.265989812428704897e-01,6.529553427830339096e-01,7.189637827432410200e-01,7.125168766448020108e-01,6.437341178516120532e-02,6.252738044979666565e-01,5.359805278491662772e-01,5.063165889480825133e-01,4.494239486787656168e-01,5.642987368796139602e-01,3.282521532768668537e-01,5.993565437899759374e-01,7.425132487525883951e-01,9.458888244571135306e-01,6.061812064982290416e-01,7.756312325133812857e-01,8.282323741960271324e-01,6.174701295084025210e-01,7.142078479786974077e-01,4.162991773146407226e-01,2.283333055136516909e-01,7.638658007201198918e-01,7.249463502685383753e-01,7.378562093827747415e-01,4.773460951629038829e-01,7.728276069982153995e-01,9.196381825751087646e-02,6.705831632308356660e-01,4.779954179165649131e-01,8.998188018410510081e-01,2.404820213861179334e-01,4.646554218493031407e-01,8.665154360179900817e-01,4.184458039851902678e-01,8.145808010076789341e-01,5.329579334673235635e-01,8.698045030917912479e-01,7.994146396279362410e-01,4.163244884354000974e-01,2.481337818014435481e-01,7.069236784520492867e-01,6.624183193838094619e-01,8.476607355188107151e-01,5.660383158257091818e-01,9.807203444820149496e-01,8.219071629193536177e-01,7.397861513962337154e-01,7.306327003729765623e-01,9.872655496542637188e-01,5.825951751958883262e-01,1.438861988509027856e-01,3.088737336950978518e-01,5.508944078936283129e-01,6.855752128085265129e-01,6.394474618956157430e-01,5.582500233352900576e-01,7.326963681261240424e-01,6.109364981206740763e-01,3.313596245092527703e-01,4.843206830405075852e-02,6.233410861443794415e-01,9.991159570218537400e-01,6.364689054472961738e-01,5.410879305700462272e-01,3.935294723245090776e-01,3.521004888390687482e-01,9.304925525078762139e-01,6.689166932509789110e-01,2.837263418616299271e-01,7.538660255327095383e-01,7.095226736101071241e-01,8.812468811407501157e-01,7.299366697353689704e-01,2.802213178766922996e-01,4.595514737114207993e-01
6.647834161679592180e-01,6.753827178525850794e-01,4.475224497970854975e-01,4.030631728021688565e-01,5.443495498934016741e-01,5.254898410839566880e-01,0.000000000000000000e+00,6.997713150461201126e-01,6.511941158865252044e-01,4.691573065561120970e-01,5.481408580613893466e-01,1.419288037499551736e-01,4.050348168313840369e-01,6.479655516168438822e-01,5.447972172915420686e-01,7.435027803476055297e-01,3.052857739215930621e-01,4.862463802960737547e-01,5.094941683094184048e-01,6.035247392187702564e-01,5.547640250452012811e-01,7.764303279142650283e-01,5.283927474374008337e-01,6.615170998942645486e-01,4.479519938768850573e-01,6.203240828758938008e-01,6.902656094661948627e-01,4.203785160673599863e-01,3.167191867786708359e-01,1.768361630691934749e-01,3.962856153526476688e-01,4.665569222295234408e-01,5.984449296953653352e-01,4.331794831449000682e-01,1.169940325171021922e-01,4.173019366020824794e-01,4.128929399890999830e-01,5.623698738679916431e-01,8.674279240868554286e-01,4.526526046914017276e-01,4.301664917047434145e-01,2.449127448309381672e-01,2.627821409108104245e-01,5.002765448824434413e-01,6.514317080444206320e-01,1.425102191421705744e-01,1.224476338891677396e-01,3.859876911075747485e-01,4.180138367697855406e-01,2.298992064290291126e-01,3.883502036150803249e-01,7.598043786872776817e-01,2.833203319451973456e-01,5.023745894130690059e-01,4.381915765158027054e-01,5.048659803778069444e-01,3.602917749145612136e-01,3.860996466265091964e-01,6.435147796433582368e-01,3.079024837258013125e-01,4.187834438540064541e-01,2.444110597966638321e-01,3.640675375318267459e-01,6.822987224070229395e-01,6.545543873251041811e-01,4.101209053412272487e-01,1.561614724135693688e-01,9.935311524804143479e-01,5.683780291799612749e-01,4.476715391450765691e-01,4.056056476086538631e-01,2.959720643174887922e-01,5.365902967853348748e-01,3.493073491055276314e-01,7.719096886515481870e-01,5.952248066938530258e-01,3.481002446296048713e-01,5.903661075700956662e-01,5.921734973019681103e-01,4.733083716871063773e-01,7.239636375960953885e-01,2.303237199736421215e-01,7.723359626011456758e-01,5.308281466125907011e-01,5.294743678149380628e-01
9.710891498708706937e-01,4.865704823700894854e-01,8.446879901244743749e-01,6.396111569708167188e-01,6.114929676037159645e-01,4.165124013152665117e-01,6.997713150461201126e-01,0.000000000000000000e+00,8.006479804025070646e-01,2.390536003511754548e-01,7.772752080780660489e-01,5.889181588476530838e-01,6.448090851677358293e-01,4.839549400045441430e-01,7.953619709680100902e-01,5.290551048575637960e-01,7.034895283084449114e-01,-1.295612489638859610e-01,7.049043533166176045e-01,4.813242492842284559e-01,3.951182787775325833e-01,7.007519294357645867e-01,4.517760152172556887e-01,9.797473510676339981e-01,2.205891826330909633e-01,4.313666001816364171e-01,3.251432808080322867e-01,5.063661071774097078e-01,9.744043200627144907e-01,4.366358582854433790e-01,2.796696333754598168e-02,6.597906210833287544e-01,5.554168976671141067e-01,6.248230066733014842e-01,2.637802278063424155e-01,3.915610420318190732e-01,6.453975604411297251e-01,6.317655314728159999e-01,5.635725394539351507e-01,7.024625135466388004e-01,5.300366511057952312e-01,9.535750742467832830e-02,7.439513727774460516e-01,3.178868685311107001e-01,8.285714234877376017e-01,5.960924072427955522e-01,6.624634242841991316e-01,6.997066542188170590e-01,6.247210116413973724e-01,6.561571760206443837e-01,3.679334370080557526e-01,6.088671170036259461e-01,2.938796182085746667e-01,9.253674530564357514e-01,6.634878829112492715e-01,2.557691250181868270e-01,3.042772039232315429e-01,-2.010147804624829171e-01,2.233273397951015260e-01,5.198000591344777988e-01,3.327764831594226536e-01,5.592975615537901790e-01,8.219750571469019995e-01,5.509030960577960823e-01,6.784233315418249921e-01,8.315852094814762951e-01,5.586632882158086844e-01,6.897275966654018431e-01,7.659245676401813530e-01,6.202163682711835380e-01,2.733066524024629351e-01,5.374484532750513077e-01,6.913897400885119504e-01,3.761981907849808460e-01,3.721677360778011812e-01,3.200572913603179359e-02,6.872097102718648376e-01,3.624216364730262763e-01,2.355269592917117183e-01,-1.478874127388575821e-01,-3.699823259204476633e-02,5.038318534429918616e-01,5.602403143048690914e-01,2.526960930072290057e-01,2.091981218352170768e-01
9.837082798371588055e-01,7.374335207906421719e-01,8.553953758679004871e-01,9.724883647697100120e-01,6.735349725550965339e-01,6.951622912187007675e-01,6.511941158865252044e-01,8.006479804025070646e-01,0.000000000000000000e+00,6.191836603019418295e-01,7.946395395712506637e-01,5.054543139971290344e-01,6.380082394725460349e-01,8.694320935061790045e-01,7.096359517090825020e-02,6.746407562031691008e-01,7.752500940219569925e-02,4.576424872570287739e-01,4.164630423592415864e-01,9.236138231606784155e-01,8.603555765318063875e-01,5.493877946554905911e-01,7.643092668892225161e-01,7.140786490223923755e-01,5.811445546914431048e-01,7.980725961641377264e-01,8.689413665234556605e-01,6.480120444561283666e-01,7.453748046967716145e-02,3.257831542953955606e-01,2.973256231889941925e-01,4.694207568218169424e-01,7.848171126080311089e-01,6.638432545423618436e-02,5.128026504579907829e-01,3.557323316909407618e-01,5.531121058323909545e-02,4.677517669120587751e-01,1.151842894051502419e-02,3.546694201074895858e-01,1.682983104058645429e-01,3.124953285208413867e-01,6.510378458131717005e-01,7.977289031421806731e-02,8.594629782665257345e-01,6.315680396528229323e-01,3.728044540203719337e-01,4.214971907662535822e-01,5.980092685856953638e-01,5.317730649197052184e-01,5.057562277332369183e-01,7.591341518946173039e-01,7.070893469043020296e-01,3.217546691728825348e-01,7.394188214250322355e-01,9.814272397727734631e-01,6.497433814461908153e-01,2.763209966964300657e-01,7.206834328041319404e-01,2.984337311975012175e-01,6.505562932122510578e-01,5.873095256963352107e-01,4.321642338344601764e-01,9.596228815044600680e-01,4.652175142212702230e-01,3.994239531297802404e-01,7.506624555524640252e-01,9.603729543722354656e-01,5.422600639859148641e-01,4.446989289429124637e-01,7.572594434050912149e-01,8.224970340993067452e-01,3.436535385347521676e-01,5.105909208752692496e-01,2.649446516228353699e-01,5.976798448111545481e-01,8.373937703372159591e-01,4.371359518081035511e-01,6.691674486868739447e-01,3.713285754519521920e-01,7.799246020716020800e-01,8.258320998737875840e-01,8.072920543463129039e-01,-1.048057395087114152e-01,2.182876680977563211e-01
9.285544013567064159e-01,7.371207716071076499e-01,9.315289209081738520e-01,8.551652629016097684e-01,9.518367040314756888e-01,7.739896782140900378e-01,4.691573065561120970e-01,2.390536003511754548e-01,6.191836603019418295e-01,0.000000000000000000e+00,5.104747444846584603e-01,9.191520063115129480e-01,6.224901984030503099e-01,6.639316936635166755e-01,5.197025103658057255e-01,4.612972532444437612e-01,2.538945561234962067e-01,4.328979391929397291e-01,8.005287666716689454e-01,6.210175535058816143e-01,6.005591392370316361e-01,4.230502140962330015e-01,6.739827912384281916e-01,1.451950341545832635e-01,7.746122880587538173e-01,4.141700204543181663e-01,6.762516516283969548e-01,4.716192535499318939e-01,5.053450381672182079e-01,3.632720417934107715e-01,9.125327603019472988e-02,2.329729639402633723e-01,2.457757461718961256e-01,5.830725233372814342e-01,5.045352932828667258e-01,2.984108936820288882e-01,2.231746448333994104e-01,3.750110513384899980e-01,7.556696387834065387e-01,4.151774286037457906e-01,6.825734002932715670e-03,6.265586807922379764e-01,7.907427890778340185e-01,9.942485068297246542e-01,9.063949897528733590e-01,8.358029019449192409e-01,5.961731906525815639e-01,4.506565524092446817e-01,5.625458526025155503e-01,6.739653431216164892e-01,3.256624919852347810e-01,6.813280199546559723e-01,8.227747182650795299e-01,3.127388257889160417e-01,6.856225159915350087e-01,5.079173807856678380e-01,7.208960375385675690e-01,7.346289475551506243e-01,7.743023871050387363e-01,7.048439600170678387e-01,4.580823869306488993e-01,7.791283065757779180e-01,4.822242538248380783e-01,7.828093515474369157e-01,8.918168838928414166e-01,7.441317338185786667e-01,5.547278473429693157e-01,9.953623958686131923e-01,6.708930491450610933e-01,9.309535449953394437e-01,4.585850956785654797e-01,6.033345905280378396e-01,2.540709126510087290e-01,2.902654225797721144e-01,3.919889561733876926e-01,1.106024872066184786e-02,5.344389108219896878e-01,2.628309008729548535e-01,4.347931992742096186e-02,-1.370268170443133537e-01,5.695108113627516122e-01,6.349415409899450413e-01,9.545809687951126721e-01,7.217590861803324653e-01,-3.269194320916888330e-01
2.172909720565424085e-01,6.118516375117900585e-01,8.397907172417048427e-01,6.039325242414650408e-01,3.353856656402250391e-01,4.265989812428704897e-01,5.481408580613893466e-01,7.772752080780660489e-01,7.946395395712506637e-01,5.104747444846584603e-01,0.000000000000000000e+00,3.017300446740558417e-01,6.346693695245350098e-01,9.824891992521669337e-01,2.151603750324586686e-02,9.895656348370539535e-01,1.980758521800829175e-01,9.142151064460883880e-01,7.755631645159608567e-01,5.681303342157743019e-01,6.724815267271627706e-01,2.535624641889142605e-01,6.891936636307538500e-01,6.045370340537760123e-01,4.935662381325180981e-01,6.120814786282846587e-01,7.071171772619456730e-01,7.112355653807596045e-01,1.636862452339402085e-01,6.677440097567675092e-01,-4.246620152728000641e-02,3.654161490330030126e-01,7.666026453032810384e-01,5.131441707793010787e-01,5.354601904898670384e-01,3.176672558586424722e-01,5.404953216905800106e-01,4.873017034815790294e-01,8.170320117075530186e-01,8.531461391742047873e-01,7.586128164628469506e-02,9.362965907395206511e-01,4.744303649770088560e-01,8.578984731227434768e-01,9.782956462562735211e-01,6.526476490680658271e-01,6.071334294822714472e-01,4.275183265693622281e-01,1.413206809729530000e-01,2.716370392741847550e-01,5.477901937036173674e-01,6.741830209853637568e-01,7.349954246852959949e-01,5.387420323109173292e-01,9.889226049692027010e-01,7.855134639748190262e-01,8.861099074130125430e-01,9.937067591794761512e-01,3.852627636887271390e-01,7.464060419114586509e-01,7.971884440248435677e-01,4.184277384514770715e-01,6.339621200695920722e-01,7.896475667501491325e-01,8.772870508111305643e-01,9.395359979378448134e-01,2.688565569440460028e-03,7.155448954323400113e-01,3.561703921743801793e-01,7.307718635930745554e-01,4.445372132200232085e-01,8.907943345137820934e-01,2.796491246403342013e-01,7.286241504634807797e-02,7.155424919813544449e-01,7.091491237328360064e-01,7.027708793950372401e-01,5.396661378224036909e-01,3.578674742566876898e-01,7.500122643766977959e-02,5.172920772031099901e-01,8.802506734090147500e-01,7.313372413001881789e-01,3.318864791614497545e-01,5.135335809946350860e-01
7.088388166664156831e-01,8.730701526342028451e-01,8.298753466121669975e-01,4.221572617884124246e-02,6.028235738966203350e-01,6.529553427830339096e-01,1.419288037499551736e-01,5.889181588476530838e-01,5.054543139971290344e-01,9.191520063115129480e-01,3.017300446740558417e-01,0.000000000000000000e+00,-1.408984243281883320e-01,7.282389554906767426e-01,5.500406550412773043e-01,7.062499993527644460e-01,6.545831587402499707e-01,3.493328954599728142e-01,5.687706440797434260e-01,6.532545822110654710e-01,4.171820227503874601e-01,4.572176485850814598e-01,8.396294159886872333e-01,9.875649861022161025e-01,3.353937461616498528e-01,4.322590078316328466e-01,4.884908583110834090e-01,6.568745737845638200e-01,4.621139302300235063e-01,2.080101271399608653e-01,5.313960004054003594e-01,5.944164244153065102e-01,5.778615439265428755e-01,8.911503813582407618e-01,7.213081665544013310e-01,7.508298565299785787e-01,7.704577016166731518e-01,1.451313133390366994e-01,9.653034742861124062e-01,6.319281008430124302e-01,-1.579500814622790961e-01,5.334820011740365464e-01,6.488928390224486531e-01,5.084594478029434983e-01,7.959619445275867289e-01,2.545004073760902541e-01,4.259764586180558865e-01,6.716590791903698232e-01,7.601679218759527235e-01,5.999348602438049349e-01,1.453400936208798788e-01,2.085871973699485460e-01,3.529077343886358742e-01,3.258768025460782036e-01,7.926452037724500688e-01,7.796626622446568566e-01,5.824876897854849300e-01,1.396688652908686101e-01,6.894777252599030293e-01,3.351001092098212508e-01,6.946282791454985173e-01,5.445033603474337403e-01,4.643386037485381368e-01,9.324784458899398887e-01,5.195826146689420666e-01,7.855888473805930916e-01,4.627438635852767490e-01,7.229571800256651137e-01,-1.038987319959639999e-01,7.515665896545381530e-01,6.935013091108777061e-01,4.969565040355057861e-01,4.316150021218756461e-02,3.519167163585422697e-01,4.330955142578699624e-01,4.781908974511739352e-01,5.275877792303274028e-01,6.007152138718772072e-01,1.679753370128036494e-01,8.903794486094451788e-02,4.132573470504683488e-01,6.506653633883449084e-01,4.941864962415827289e-01,2.190011657702095327e-01,9.512714102449354447e-01
4.953298537778413335e-01,7.758777572376511777e-01,7.258274749080864119e-01,5.838054251487022617e-01,6.971023012731807356e-01,7.189637827432410200e-01,4.050348168313840369e-01,6.448090851677358293e-01,6.380082394725460349e-01,6.224901984030503099e-01,6.346693695245350098e-01,-1.408984243281883320e-01,0.000000000000000000e+00,7.858553558092461477e-01,2.603877928650183415e-01,7.537111418569911736e-01,5.300464157431625800e-01,2.909372886979024742e-01,1.017934199664341927e-01,6.317447803720526167e-01,-7.214765925470142949e-02,4.830813544304455864e-01,4.258464409837537934e-01,3.324497922576460374e-01,5.776839983325823269e-01,6.717961537549994588e-01,9.329217940611597149e-01,6.733624738674000021e-01,2.243739295426645797e-01,-1.231274638730613935e-01,2.971023012203826141e-01,5.355996198628054650e-01,7.369211931025447804e-01,8.729431100947264710e-01,2.847209664557681652e-01,7.145953051896578589e-01,5.657737544947717412e-01,9.202620696185626059e-01,2.756694552612035665e-01,9.478876461054628333e-01,7.309172039201885518e-01,2.889175430201302297e-01,6.084169242690220525e-01,7.456473235028258095e-01,8.437474701348393058e-01,7.193396150978893511e-01,2.324232776137522272e-01,6.280809299150661440e-01,7.607501056766672320e-01,6.686335130293041829e-01,7.800718342883756762e-01,5.158243330407855654e-01,1.430758765447309455e-01,8.146049630353708881e-01,7.465224272754131807e-01,7.057567733519841680e-01,8.990720020575361238e-01,7.790874768922630977e-01,5.774796765115887132e-01,7.901620608307902138e-01,3.803337653691943876e-01,2.109738208325698250e-01,6.322795570219581496e-01,3.119709996927216844e-01,8.144216894288954789e-01,9.263527311000657738e-01,5.166116137441738587e-01,6.864772965729241117e-01,2.615193582622842294e-01,6.337705807099180966e-01,4.236635940690925417e-01,4.485792570029428217e-01,4.579248268898838958e-01,1.543728100158262562e-01,5.782494327537900380e-01,6.668150500956843141e-01,3.824364743199438199e-01,5.602858848844974871e-01,2.889563191451971838e-03,-2.368412207531093994e-01,4.637167901627441413e-01,7.889159639823672965e-01,4.556535559831809690e-01,7.332741004346417235e-02,9.248610277513406031e-01
4.570030510212633734e-01,6.532029164744250771e-01,6.573036180887428248e-01,5.313038034856931713e-01,6.574974631565233540e-01,7.125168766448020108e-01,6.479655516168438822e-01,4.839549400045441430e-01,8.694320935061790045e-01,6.639316936635166755e-01,9.824891992521669337e-01,7.282389554906767426e-01,7.858553558092461477e-01,0.000000000000000000e+00,8.995616643879255081e-01,9.596916725268499482e-01,3.519633209521332295e-01,4.840677147244251688e-01,7.301903158444158493e-01,7.799322000193570359e-01,6.747602183417528154e-01,9.792274773502939178e-01,2.533490846982928146e-01,5.395435943190340922e-01,8.341735799742620028e-01,6.428495684303916491e-01,4.878866758558646488e-01,6.733339793000701068e-01,1.834367998904198327e-01,-8.862848413020124605e-03,3.957686011119714298e-01,7.862734377863677127e-01,6.647950911891137293e-01,7.245217903150840133e-01,7.535365020358566479e-01,7.661542081224089751e-01,3.112473643378376176e-01,6.393977824156696910e-01,9.700740233849008964e-01,6.353497588499718018e-01,8.273460621749386679e-01,6.208268676632576755e-01,5.985602958466852419e-01,7.773721038582130927e-01,5.787618250891696237e-01,4.653000120858428179e-01,5.741020733879692584e-01,5.876117135232307165e-01,5.125244934292491061e-01,6.390247903623852421e-01,6.721271542730912207e-01,7.758715809967231536e-02,8.159445044885880183e-01,6.274110883221777346e-01,7.238509483974386871e-01,6.889380055038858419e-01,7.304641540895461249e-01,7.443393585768647291e-01,7.689474558108799762e-01,4.069512816370216002e-01,2.509924036497300226e-01,6.264712674825473337e-01,3.552328312169087399e-01,6.813051094392806872e-01,7.073176405919282539e-01,8.528110967807972509e-01,8.007699000061964112e-01,5.410061507376869860e-01,2.821511047106258774e-01,6.778065358133131824e-01,7.470179794838179843e-01,2.166810206979705444e-01,5.159958338825667568e-01,5.489917410921315577e-01,7.717295358019103935e-01,9.981698531407938724e-01,4.227334189786287610e-01,4.397696910358658839e-01,5.855878357130914758e-01,5.402538391627373926e-01,7.883065218953946296e-01,8.649365452310792124e-01,4.349466309112827167e-01,3.183440875149660676e-01,8.967785553699674228e-01
7.056441578709665707e-01,6.009420608158718702e-01,7.083923525693528456e-01,6.575579773550368490e-01,3.675665426909881517e-01,6.437341178516120532e-02,5.447972172915420686e-01,7.953619709680100902e-01,7.096359517090825020e-02,5.197025103658057255e-01,2.151603750324586686e-02,5.500406550412773043e-01,2.603877928650183415e-01,8.995616643879255081e-01,0.000000000000000000e+00,7.389974283169729041e-01,2.948856329172511170e-01,5.372284771485623667e-01,2.899218535548471198e-01,4.072173494437816288e-01,9.169604478475189557e-01,5.915243228355439031e-01,9.441573794395144992e-01,7.040310230162074578e-01,7.571033813730768669e-01,5.815288160063813994e-01,8.249155156312470982e-01,9.300323941527181004e-01,4.573745634510549829e-01,5.756633010294297526e-01,5.022293257215351137e-01,6.063273294001501057e-01,5.411987029059704968e-01,5.026297022713671625e-01,2.650210793761835215e-01,4.307021540150141603e-01,2.356823435408118284e-01,6.358240956686812551e-01,9.462815558177180009e-01,6.762042226712345894e-01,5.739611122830599044e-01,6.068328439236898575e-01,6.916544247992968408e-01,7.422663033826635282e-01,8.357075287042328160e-01,6.527501011811507325e-01,5.013838051287029529e-01,6.427891369198194260e-01,7.295142154929676881e-01,5.053972039407280681e-01,8.721961674172681311e-01,4.872231235762716217e-01,8.932434908387880679e-01,7.679869173884068534e-01,8.514252223438792955e-01,6.599565739102867257e-01,7.361132589794445735e-01,8.889927720107837494e-01,7.216758034882831963e-01,-3.627244503795642450e-01,3.785149060425161416e-01,7.932752524110728842e-01,6.113434838913758274e-01,8.228534840948222850e-01,8.698183535053662929e-01,5.767272981389101050e-01,7.423173461690968367e-01,9.460070121199485316e-01,5.140809554347227639e-01,4.857883070306646123e-01,4.094490688632388409e-01,6.039097608173549236e-01,5.431037276962014104e-01,5.782690906163878708e-01,5.169812009836962652e-01,6.455584277016714889e-01,7.368158922188491333e-01,5.934215893766092709e-01,3.918740271841102407e-01,5.840292430846982796e-01,3.863337956709984589e-01,7.389675951614680383e-01,6.942612067619002847e-01,4.673622931924904522e-01,6.868814750855100071e-01
7.268899944241216105e-01,7.423414687075491347e-01,7.085325576299913442e-01,8.278975927478496866e-01,7.862313614331170042e-01,6.252738044979666565e-01,7.435027803476055297e-01,5.290551048575637960e-01,6.746407562031691008e-01,4.612972532444437612e-01,9.895656348370539535e-01,7.062499993527644460e-01,7.537111418569911736e-01,9.596916725268499482e-01,7.389974283169729041e-01,0.000000000000000000e+00,5.370018853610697418e-01,8.713425408919861503e-01,2.275152995460068273e-02,4.717197228395730302e-01,8.758459053098820446e-01,3.221455345095574629e-01,4.738485210806517300e-01,8.114044285607682205e-01,5.283796204474037195e-01,4.700591600775188006e-01,3.817725742181659054e-01,4.357025532001406187e-01,3.476017232676074098e-01,4.409819019473044110e-01,4.337198179530560860e-01,7.507343804166044521e-01,7.044681862039899878e-01,6.737771596064126012e-01,1.989663888793381796e-01,5.841961070548018498e-01,6.105218513412100784e-02,4.175557970558058107e-01,5.353523201248957530e-01,4.057627188146404329e-01,4.324895029069251717e-01,3.816026521957216477e-01,8.242174078849239249e-01,7.465516140255666899e-01,9.817868699049556724e-01,7.549476599106009767e-01,6.386163955739712073e-01,7.825085690481929923e-01,8.689769604747321630e-03,5.857340913532753657e-01,6.120715471530678853e-01,9.603826108001067841e-01,3.989506362527417416e-01,4.861114373173547887e-01,2.451281319446149132e-01,4.786198151362485165e-01,8.211234518932335469e-01,7.512275385388594851e-02,6.224703540432060533e-01,3.997952860421949417e-01,4.280054307836598237e-01,7.175801354308841695e-01,6.102936823913589492e-01,8.024185885772499027e-01,7.093138069932016787e-01,8.673269705735723312e-01,9.021960571990049749e-01,8.797710062610963888e-01,5.157194537086946529e-01,3.417259964027633545e-01,7.495955176523422248e-01,7.879221306789797596e-01,5.801399216021452254e-01,7.179611644447415619e-01,1.629588049699185193e-01,7.779999997650294263e-02,4.269788855730283772e-01,3.065650329442305422e-01,6.238063256653654520e-02,4.795414894264285466e-02,7.844795056426474567e-01,7.549980082368448198e-01,6.756780533001880418e-01,4.176560877508861958e-01,9.343073364246899937e-01
9.645504636747221916e-01,7.439775758873324873e-01,9.252692215762252648e-01,8.866135408049949929e-01,6.552728427469214356e-01,5.359805278491662772e-01,3.052857739215930621e-01,7.034895283084449114e-01,7.752500940219569925e-02,2.538945561234962067e-01,1.980758521800829175e-01,6.545831587402499707e-01,5.300464157431625800e-01,3.519633209521332295e-01,2.948856329172511170e-01,5.370018853610697418e-01,0.000000000000000000e+00,9.675364623409865583e-01,7.001161110220787132e-01,3.940699677815072688e-01,4.440227361323442201e-01,7.378754739644917127e-01,4.791171504032800121e-01,3.821390281037828889e-03,6.372751790865747168e-01,7.110434658641577865e-01,9.003837459700322343e-01,6.115195319320231304e-01,3.453507110622933141e-01,4.868840442355542586e-01,7.767015838160367114e-01,8.182805021987339389e-01,9.288601433291885368e-01,5.750530015570972653e-01,5.201804111069280312e-01,4.394432032163131940e-01,3.752970392382803944e-01,7.132911362621199292e-01,7.895287998875262225e-01,9.840544716289778560e-01,-6.651652738186594749e-02,9.553700496283763499e-01,9.155661499530068914e-01,4.906010774356414639e-01,7.164518445355735343e-01,7.677334681009769790e-01,6.251104716619417800e-01,9.063547404966415533e-01,5.657392839000492391e-01,7.575431750268711850e-01,2.440529794657660956e-01,6.060635817098879441e-01,2.668355623747794003e-01,4.071326467709892039e-01,3.659139243069436942e-01,8.299689094008146917e-01,5.637489466608668343e-01,7.081931872686664242e-01,3.834907122295741488e-01,3.319873583087224467e-01,4.912556337869675716e-01,9.676712306034687128e-01,4.187290477827319002e-01,9.486354794920711653e-01,9.241386047050715868e-01,4.552780477224109834e-01,8.464290702757930607e-01,9.510562446756365418e-01,9.820802657403164826e-01,7.102659723524025193e-01,3.532072016578404750e-01,2.603086939150812129e-01,3.088790247346747675e-01,4.458217134488826061e-01,6.042493704223699247e-01,8.604991834381350291e-01,9.510891070488816101e-01,6.585476788745794341e-01,1.501266645855157261e-02,2.132315543609497044e-01,2.827309103083142094e-01,4.915647738113225751e-01,6.960346192268171972e-01,5.917508174089690653e-01,6.163603958315202469e-01
8.415201624652948187e-01,9.847120346566453630e-01,7.015408948526009603e-01,6.725831642574229274e-01,4.269013614395874567e-01,5.063165889480825133e-01,4.862463802960737547e-01,-1.295612489638859610e-01,4.576424872570287739e-01,4.328979391929397291e-01,9.142151064460883880e-01,3.493328954599728142e-01,2.909372886979024742e-01,4.840677147244251688e-01,5.372284771485623667e-01,8.713425408919861503e-01,9.675364623409865583e-01,0.000000000000000000e+00,2.686154233619931220e-01,7.793037451022043482e-01,8.912426236447515970e-01,5.244764489518538575e-01,7.243942624200934155e-01,9.604700975426223586e-01,4.039986410607209200e-01,2.676189969972223026e-01,4.584626560457428779e-01,6.678357628192974627e-01,3.541574330295554907e-01,7.575801995697115654e-01,1.718078618285765469e-01,1.743169279624553758e-01,6.825242650879450590e-01,7.839133612794193517e-01,6.957339059364564537e-01,1.238019199957541422e-01,3.397404165304070967e-01,7.197958491167901762e-01,5.006918517030352067e-01,7.879513092472147928e-01,4.675371221319999382e-01,6.746638805670515104e-01,8.508089882865510489e-01,5.365902883281976621e-01,2.214629881481354479e-01,4.599492945779898312e-01,7.886513060780189210e-01,4.651015396097974985e-01,5.029341789395674889e-01,6.634616146555389893e-01,5.765855579873269132e-01,3.380984436072616561e-01,5.558179966471759048e-01,5.740746252294974816e-01,9.937243388508121278e-01,5.805660029548095347e-01,7.379845031223527529e-01,4.589399013976158126e-01,8.623032008923688929e-01,4.274377693961003422e-01,5.605232449013493046e-01,1.814801662483214728e-01,7.817617464895012525e-01,3.183841131322067142e-01,9.792264535865247144e-01,6.116512678233994027e-01,5.096989953098799431e-01,6.506584725571658012e-01,7.070113198964266266e-01,6.379206390511709124e-01,6.856251137666656836e-01,3.910029448532018059e-02,5.025757798508782015e-01,8.205435752684253625e-02,4.445345616108489772e-01,8.625728546723854251e-01,8.502545221355879423e-01,2.394109600756686579e-02,4.082969131974287791e-01,-1.371228392431025345e-01,5.722416386733933935e-01,2.728775780527850636e-01,8.910522954213686564e-01,4.931376115583504527e-01,5.558206506892379162e-01
