0.000000000000000000e+00,9.223489476941773013e-01,2.825699768534258305e-01,7.721588577199538506e-01,7.583485829592757632e-01,8.961708170503489557e-01,9.200407013251299393e-01,9.026951849765336711e-01,9.347015244485378238e-01,6.353546805132415098e-01,9.154852574525095266e-01,6.546073304504000934e-01,5.265236148534804261e-01,6.141217810354203666e-01,8.913989723436411827e-01,9.870284151058209554e-01,8.735241755198801528e-01,8.133812830419085982e-01,5.452686065240568425e-01,8.074060620542302669e-01,9.177706837536423468e-01,7.842726654573540790e-01,7.210732451419809008e-01,7.929612623617265932e-01,8.816428157967450829e-01,8.032915628531926977e-01,5.332946495654893315e-01,5.068223362390630315e-01,5.319603515419538686e-01,4.546645944353970292e-01,4.867682475785629626e-01,6.981619204929896405e-01,2.062263661210037013e-01,3.352850898089850817e-01,7.653360610620749682e-01,5.953562117527231301e-01,4.106831579995463000e-01,8.104439703540293749e-01,8.104584040656502841e-01,2.600928865366529674e-01,6.696748849680516091e-01,4.421049857221390211e-01,8.840397833678947936e-01,6.038717666384020299e-01,2.466264309542432198e-01,7.745298590185630827e-01,9.224745240395274548e-01,6.160726557274003312e-01,9.896617780260581476e-01,8.530076119084866182e-01,7.963817024243643461e-01,8.453238780115222006e-01,6.477115275093799918e-01,6.306378169187323302e-01,5.324480227575337787e-01,4.187360776250748651e-01,9.831905005559541388e-01,9.674573176262573071e-01,6.608547321570753530e-01,5.663479440482355187e-01,7.600049121008652930e-01,9.318615706301592860e-01,8.793847023733496471e-01,8.789274348404063630e-01,8.632168875049215373e-01,5.223974348056680261e-01,6.731092044031415922e-01,1.897828653844937374e-01,9.147655778379772951e-01,9.707553419681014262e-01,9.494526552146264065e-01,6.896266677029794234e-01,2.566637735204350679e-01,5.969410182173113810e-01,7.510402840871476249e-01,9.379310285469353303e-01,6.389424175739070177e-01,9.888720425845660689e-01,2.345988300021958628e-01,5.715207446953917136e-01,8.139712389962627803e-01,4.029295021618741757e-01,7.376369479599655943e-01,4.439257638211252521e-01,6.226591820606726113e-01
9.223489476941773013e-01,0.000000000000000000e+00,7.510906510870647423e-01,5.429978828907673361e-01,5.888674638751862922e-01,6.395138307997784155e-01,4.988786895613128713e-01,6.540811144508892339e-01,2.426551761923105288e-01,4.292359215915788617e-01,5.965660297304413717e-01,2.117833980146722195e-01,5.980466154018360125e-01,9.950805492342272851e-01,3.696662829555860119e-01,6.567884250273999802e-01,3.943200713828976522e-01,9.288217482181657658e-01,9.657686646131530273e-01,4.190415155071041675e-01,7.607125689781017996e-01,3.268150861340893276e-01,8.388594064017922403e-01,6.463479252567351230e-01,4.059070189096401493e-01,2.214894375491750222e-01,7.307028389392608014e-01,6.549039494248189985e-01,7.056781593257019924e-01,-1.729709385111736220e-01,8.063610699189434350e-02,5.732572850674390041e-01,6.612293452100391766e-01,4.616069369384034893e-01,6.973273328011178052e-01,5.840610788062997605e-01,2.761478035302171730e-01,5.639710451594723839e-01,4.540239374440238618e-01,8.003131820769865401e-01,8.824095289051304275e-03,8.739805718968152171e-01,2.871673166618767259e-01,8.149969438089967877e-01,8.040128872179599373e-01,4.690651431996731291e-01,7.103586245628582541e-01,9.058159043674112176e-01,9.759903178495272780e-01,6.912302528568454729e-01,2.418315016046276578e-01,7.884427085426957138e-01,6.394626246582587603e-01,8.042456839717057049e-01,4.701112244882202362e-01,7.383083331551132389e-01,6.062831442969983664e-01,-4.523505137562753298e-01,8.897502464233393304e-01,8.814346271094266605e-01,5.496751108810458142e-01,6.638446991306767853e-01,8.366176233022468711e-01,4.890339842317198427e-01,4.479228817337623236e-01,4.571987781821119645e-01,7.055582717688805294e-01,6.905884120650390701e-01,5.262529097546481127e-01,9.998837496234388444e-01,6.825055387945164753e-01,9.622331961822250257e-01,7.913934538447484623e-01,5.196112724819729189e-01,5.349053005328081589e-01,9.254388856482615999e-01,5.256409462217020989e-01,9.549571347659102649e-01,6.374892164010362849e-01,1.260961389178736347e-01,9.813034336029247129e-01,6.945651198807661908e-01,7.170979266801489338e-01,5.233646167415162420e-01,9.481019604749472141e-01
2.825699768534258305e-01,7.510906510870647423e-01,0.000000000000000000e+00,6.524315134448200881e-01,6.711213178838179028e-01,2.367767931219574851e-01,5.685656831757638363e-01,2.856625669430422620e-01,4.470289978131013475e-01,7.985264857918936698e-01,6.799135481916771528e-01,4.215339835552991965e-01,9.018736374889639862e-01,7.197658800207793472e-01,2.455910497242539542e-02,7.125502394081889568e-01,8.692536792464002904e-01,2.558515166634803273e-01,8.482399837342604609e-01,7.247360174588060033e-01,6.481711981944596745e-01,6.041587483610595388e-01,6.052997537747645262e-01,4.157665236920490837e-01,6.130455620447632370e-01,6.212122619066489104e-01,7.045588863127217882e-01,8.390641088107888557e-01,2.610230202983355730e-01,3.378181888479797612e-01,4.739679005262282807e-01,6.065514458172520662e-01,4.814948323897265126e-01,8.380550325878164397e-01,5.118390604921161380e-01,3.342175847886935669e-01,2.276750283465339419e-01,8.145279213286860109e-01,6.371659789900667725e-01,6.496147884178261611e-01,9.518212469083360272e-01,4.390001537740531035e-01,8.856685267455883803e-01,6.286582267564547744e-01,8.115310369958431691e-01,5.500220762885659198e-01,2.224235816885007933e-01,6.124503744195037847e-01,6.187071443790442826e-01,5.043471587459392724e-01,9.245040028054795078e-01,3.457147314438379082e-01,9.470691501212918917e-01,3.981447792142986386e-01,9.156132147144617761e-01,8.488077533910275418e-01,6.690817245312631334e-01,4.372549131579959725e-01,5.951843623450665532e-01,7.484528630126696669e-01,5.438039474664403405e-01,7.084184711377339294e-01,4.823907523459705082e-01,6.090964082358658604e-01,3.439282192058067400e-01,4.943900529590565807e-01,6.579893831882958066e-01,9.263695868705908998e-01,7.112067097237745328e-01,8.117346535043963307e-01,9.855190926776605798e-01,4.418979668990356546e-01,1.176541925257504756e-01,4.686051716300547176e-01,7.940776895393710788e-01,6.920797863347973866e-01,7.667242519948607171e-01,6.514280252532416160e-01,3.352927202649738092e-01,1.855520159557803028e-01,5.835647119197078236e-01,7.790377219440204337e-01,7.193479415771208973e-01,4.100834245518915067e-01,8.239574275351498889e-01
7.721588577199538506e-01,5.429978828907673361e-01,6.524315134448200881e-01,0.000000000000000000e+00,7.447525173404632159e-01,6.573278840795865330e-01,3.676923931327055750e-01,5.106067802591947036e-01,6.945296303838003338e-01,9.292006705918919307e-01,9.094055945794810025e-01,2.942507657357904538e-01,9.344664535314038956e-01,6.129220608052424746e-01,6.454382463724527286e-01,7.397605020948799792e-01,8.084846601965632873e-01,7.291394242520859992e-01,7.664533307206153889e-01,-2.121441963838457956e-02,7.336324016654275360e-01,5.949583835567142653e-01,7.603802019586805017e-01,6.120877118177712184e-01,5.676632559775313114e-01,6.367353413114726912e-01,5.574491738713069910e-01,7.737123416637230466e-01,3.356850811955729430e-01,5.815823978145344686e-01,-1.098087188837969241e-01,6.604734582023815692e-01,8.067677581732042302e-01,6.821343275387038441e-01,4.304200976035903459e-01,4.907807634537376673e-01,3.361339367620589380e-01,-3.344562971936246853e-01,6.524973669846356739e-01,4.620202753818822283e-01,3.882365977048908845e-01,6.874018033053822530e-01,7.808586338486637191e-01,8.839561705397477320e-01,6.591001532185152278e-01,7.159815459769729440e-01,7.483461006613065791e-01,4.368850030746808111e-01,2.935325939588580013e-01,7.271955533781869763e-01,8.957813184009999485e-01,8.788755031780524085e-01,6.231273224230926555e-01,9.732512199030168842e-01,2.302041503546865264e-01,6.636529808344027170e-01,7.689112018909380897e-01,7.587299125889928053e-01,6.076274096043537964e-01,-3.798775472378265738e-02,3.398608602118149413e-01,6.009535622605718386e-01,4.894621931011290394e-01,4.496551344521534932e-01,4.223369667460179500e-01,7.385143201395550916e-01,9.392435639492405786e-01,7.987335103112296331e-01,5.965551821264201138e-01,3.963046470002288268e-01,9.472011904809262139e-01,5.949172211229707408e-01,5.884950915365815272e-01,3.344086828037546866e-01,3.790995044306737505e-01,4.173479473562171638e-01,9.255132378563371010e-01,3.784180645026263834e-01,7.669469828261443745e-01,2.403305756396901527e-01,5.805747600135250375e-01,4.348854683770876361e-01,3.623909291868534499e-01,5.646458650888424025e-01,3.283392430376005366e-01
7.583485829592757632e-01,5.888674638751862922e-01,6.711213178838179028e-01,7.447525173404632159e-01,0.000000000000000000e+00,3.969377034972755292e-01,6.545386795457782680e-01,5.784640255989877966e-01,7.403564698230247210e-01,6.975096643925075002e-01,7.750558898391198825e-01,6.056141398622238992e-01,2.243315186005302719e-01,8.012803210527130737e-01,9.452488228871220866e-01,6.978493443876278013e-01,6.806810841777687360e-01,1.965959662687597198e-01,5.899785775489949646e-01,7.264757642804100524e-01,8.210900392976725470e-01,3.480648163621146707e-01,6.639568166667364491e-01,7.635641796703420692e-01,4.964797878441915002e-01,6.524537644778125589e-01,6.735792812550429609e-01,7.485997147176123301e-01,6.866396733473616454e-01,7.764742148210299622e-01,3.088516728248471566e-01,6.308585049839786629e-01,8.607409811373663011e-01,5.052399943128399462e-01,2.497359765296265077e-01,2.481946284068294317e-01,1.704490152093944000e-01,8.726532297479566713e-01,9.742864735263977449e-01,7.590059926356866882e-01,4.872834685634888641e-01,4.481405101088326015e-01,6.789023140602004069e-01,6.727534324621180506e-01,7.263257636001128059e-01,6.528335481299366583e-01,4.721366632394026208e-01,6.512698083119319303e-01,6.632728499195164051e-01,6.831615417759865361e-01,7.336183627943589913e-01,6.199567948290327646e-01,6.953299147992970664e-01,5.945386673446030334e-01,-1.564696370654591884e-01,4.211176272496336970e-01,2.276793302413792908e-01,4.243466745648889482e-01,4.101904609506239474e-01,2.709363348108057012e-01,5.885893311651487769e-01,7.728076746566127087e-01,9.699335975403481358e-01,9.488896098399559609e-01,8.654506356752469376e-01,3.833620325569561116e-01,3.550461855823873192e-01,5.721544667357313374e-01,3.601312766398298004e-01,6.549170758117787150e-01,8.096470940712562347e-01,5.294053913313694348e-01,9.621843688247611048e-02,2.979410289136655288e-01,6.705499938419078321e-01,5.724412207935054564e-01,8.310091965627892652e-01,4.141858439668327230e-01,3.408179258980648108e-01,3.076205748018481234e-01,6.330694838542147984e-01,7.125590643545471892e-01,7.747822513894465635e-01,-1.593724288784600651e-01,5.122684225531856095e-01
8.961708170503489557e-01,6.395138307997784155e-01,2.367767931219574851e-01,6.573278840795865330e-01,3.969377034972755292e-01,0.000000000000000000e+00,4.114481435317634550e-01,3.848311189683855105e-01,7.402861471642552260e-01,5.559605173041277659e-01,6.211065514080121863e-01,7.542684162334359899e-01,7.310305559874774595e-01,4.830143154307764419e-02,7.896593205365872725e-01,7.647579442100465030e-01,9.581064838099260239e-01,9.765152034184952923e-01,6.952750179638580441e-01,7.323036026708836799e-01,7.271304834495230240e-01,5.489058150848087347e-01,2.088283982680789741e-01,6.255995699916246933e-01,3.997177253800221486e-03,2.825349446011137799e-01,6.821977226774320613e-01,5.380567207862858581e-01,6.751822857670671807e-01,6.651373865545076036e-01,2.426990728688385723e-01,5.781998204388132390e-01,9.620324679895271291e-01,2.005483151981274637e-01,7.643060193601127761e-01,7.177594472292184724e-01,3.149371488030860977e-01,7.689298244704562135e-01,5.650041463351371807e-01,7.986654111529012390e-01,2.820223693510313101e-01,6.464945099974820364e-01,7.709892750342851597e-01,5.901971579415532521e-01,9.426016201333506928e-01,6.431994800425409053e-01,7.372785264570268504e-01,5.721093320507432134e-01,2.954118178714997267e-01,5.649990556143655862e-01,7.355276653244304796e-01,7.307394197851533324e-01,5.636392292469354359e-01,5.980009619757187256e-01,7.118294018854858241e-01,8.651718494457847353e-01,6.794307512565802565e-01,1.389183299314335485e-01,7.599730403431856907e-01,3.687077528161578077e-01,3.726888854489085467e-01,4.692307589433533654e-01,9.464902421183107872e-01,9.859164336725616540e-01,8.055914295317050389e-01,7.731690968438883482e-01,7.167058080797521491e-01,6.365894269415177664e-01,2.268807149826335134e-01,4.244954949639427877e-01,4.037984740691412666e-01,2.444458323288946633e-01,6.733630935543171159e-01,3.807651976122982673e-01,5.541670695859086671e-01,5.811487241927331127e-01,6.587614116835259770e-01,3.360728983735246089e-01,2.612350017717274819e-01,9.596765333535223208e-02,2.031306940001578396e-02,6.207246571728562978e-01,6.373235703615995895e-01,7.952557038317328297e-01,4.350751156820698018e-01
9.200407013251299393e-01,4.988786895613128713e-01,5.685656831757638363e-01,3.676923931327055750e-01,6.545386795457782680e-01,4.114481435317634550e-01,0.000000000000000000e+00,5.381626738636633434e-01,5.156371054193981118e-01,4.725414509007039299e-01,3.597074491361170745e-01,4.479964458296874508e-01,7.323091390139480072e-01,2.762194112609175356e-01,4.355367431999991323e-01,6.646434880679915613e-01,4.953156730571377508e-01,1.634943201489410247e-01,2.811002280544148135e-01,6.513805820194774610e-01,7.076599474743314744e-01,4.085047061259582390e-01,1.515186507145060979e-01,3.417853887924721112e-01,3.744435354251103298e-01,6.871231707760532270e-01,5.832629575431473867e-01,1.047134353712393662e-01,4.040044316672825042e-01,-2.470384159275793023e-02,5.620864533690909104e-01,1.398316800032532725e-01,5.968983060882062652e-01,2.333679382691237758e-01,6.808624830045990617e-01,6.982690570494225479e-01,5.701520847625656252e-01,6.090523841084374834e-02,6.020057881836431424e-01,5.420756668680728474e-01,2.070961082380133045e-01,4.667700096184414504e-01,6.653898306479169023e-01,5.805203178999183145e-01,4.210229199161678038e-01,2.892074294341687168e-01,7.942632706290274625e-01,5.174629633403546869e-01,3.665285950935569526e-01,7.413454410312499132e-02,6.405515209856633696e-01,6.220482995125083958e-01,-3.953100379884391113e-01,5.852349135188386064e-01,7.117901524868827101e-01,5.003835079414221676e-01,5.218033754983145700e-01,2.343038615362037225e-01,2.853438751749537428e-01,7.935747553986889358e-01,6.727980072268338052e-01,4.299912610250908318e-01,3.302420230886627950e-01,3.559465292223469302e-01,7.832505677450073422e-01,3.515897061759163389e-01,2.454324874371575094e-01,5.218194504281169488e-01,2.665648103976566152e-01,2.346787241911130750e-01,3.075587671312414173e-01,5.886231099233044661e-01,4.842498761746460989e-02,2.736118147647743637e-01,6.084076668484315054e-01,2.051442493969437564e-01,2.692345846349602501e-01,3.898098650625696493e-01,6.472160534543007770e-01,2.219635383125925787e-01,3.017008860170063145e-02,9.054520894707662748e-01,9.732902202699019734e-01,6.833619936895762859e-01,3.873623958017402558e-01
9.026951849765336711e-01,6.540811144508892339e-01,2.856625669430422620e-01,5.106067802591947036e-01,5.784640255989877966e-01,3.848311189683855105e-01,5.381626738636633434e-01,0.000000000000000000e+00,6.507299198376728100e-01,6.789790013724251727e-01,5.071307929639060630e-01,6.098875297411583407e-01,9.717541893457346536e-01,8.589714928042908593e-01,7.525142142462184491e-01,5.476259547119386450e-01,5.990527902451152631e-01,5.542231132627870732e-02,7.094669786065219697e-01,7.832398822128734395e-01,7.395632731289932815e-01,3.986775182838387943e-01,7.306879627195685956e-01,8.420831588260425660e-01,7.043236555530444365e-01,5.032050312724148378e-02,5.699491881000045002e-01,8.355336001877192720e-01,1.244013070389973254e-02,1.398754383573010684e-01,4.053448143888949140e-02,3.033736890419075349e-01,3.652749327263928869e-01,1.317313231293157083e-01,2.284881431118525597e-01,2.048619144928947311e-01,2.206852278308570059e-01,5.904083106281126092e-01,7.881754312542013086e-01,5.528060976917911207e-01,7.110405376678168299e-01,7.140963633653666376e-01,6.421757838899173620e-01,-1.164012290637632396e-01,6.837545469167105594e-01,4.152684706581949992e-01,8.438049834011749351e-01,6.209016555828800188e-01,5.362537911771549926e-01,6.076070087983564960e-02,6.955791812386352690e-01,1.486157743719118728e-03,4.462554261444098835e-02,4.125919315485710448e-01,9.199334941483450212e-01,9.889713354921199073e-01,7.823827025589743522e-01,1.946526952380413511e-01,7.442905504034925679e-01,5.685087294686055337e-01,1.846671659886177652e-01,6.713335283362401595e-01,5.326608398871606198e-01,8.001252891035746106e-01,8.695593801722004690e-01,7.170326686272143757e-01,2.134670789470993202e-01,2.825310347479583761e-01,3.951043816190851765e-01,6.555051808299714455e-01,5.849422259099856802e-01,4.509780364313557555e-01,9.340063398266731931e-02,5.423965547903367712e-01,9.146000960642365341e-01,9.215862112400998729e-01,6.120984536020922517e-01,3.980446054792446953e-01,3.683713130806327563e-01,6.191914191676899798e-02,2.951237159166723023e-01,4.483110855108269344e-01,2.406881898879694170e-01,5.489261476038088672e-01,4.442121805240738519e-01
9.347015244485378238e-01,2.426551761923105288e-01,4.470289978131013475e-01,6.945296303838003338e-01,7.403564698230247210e-01,7.402861471642552260e-01,5.156371054193981118e-01,6.507299198376728100e-01,0.000000000000000000e+00,6.888966697530952699e-01,7.726541929177237478e-01,4.161302294953993508e-01,6.256167361246854908e-01,7.920879392874533576e-01,7.445642778892875846e-01,4.588720291920115879e-01,6.002596546058208693e-01,9.210198285184758582e-01,5.305304025056474249e-01,6.426917736969809392e-01,3.615555540728361272e-01,1.068931818879748042e-03,6.803317623942308767e-01,4.002510923333842952e-01,7.331419963776804050e-01,5.932449283894343228e-01,5.323771537028096912e-01,3.241299953648185128e-01,4.934640984802111108e-01,4.338364688670936498e-01,4.809828072096496987e-01,7.038148803150786614e-01,5.880379506107200616e-01,4.735203613905517583e-01,4.196883345303145108e-01,2.321403230292489461e-01,5.391426211226921783e-01,6.223725339777266274e-01,6.105590412318192550e-01,6.250842438039044824e-01,1.977996768367011951e-02,6.602949838451411813e-01,9.266657443805254024e-01,9.676835333914921566e-01,2.547621994084526831e-01,8.270794277246942272e-01,5.320855985455938963e-01,7.204967568270235212e-01,5.146165351962622703e-01,7.327488069510192936e-01,4.095093452821443325e-01,2.173051442372117559e-01,7.772423469950402453e-01,7.702839444058804386e-01,7.958950743439767717e-01,7.484735831320571409e-01,7.551488183673968901e-01,5.071499775900695228e-01,6.619533778503406962e-01,7.746713176623059027e-01,2.209317340011805741e-01,2.123774948009496399e-01,5.760960942290114239e-01,6.893617377653487033e-01,7.706985145733791231e-01,7.753498839628192307e-01,5.377434771248444934e-01,6.304528163008811248e-01,2.272461579507314630e-02,9.925051016905193091e-01,6.456152843362255034e-01,1.387301301581549476e-02,-1.530479440686966508e-01,5.330951466795404159e-02,3.639423264109887812e-01,6.809099942232745839e-01,7.835056296909537199e-01,4.518971284181547698e-01,4.157653037686537267e-01,6.910771582361031617e-01,7.677883081919860686e-01,3.171589672553578043e-01,5.842659252231497957e-01,5.961888890721711576e-01,5.872081639407950027e-01
6.353546805132415098e-01,4.292359215915788617e-01,7.985264857918936698e-01,9.292006705918919307e-01,6.975096643925075002e-01,5.559605173041277659e-01,4.725414509007039299e-01,6.789790013724251727e-01,6.888966697530952699e-01,0.000000000000000000e+00,6.880254996780453824e-01,6.099256169269401395e-01,5.596861714384329112e-01,6.978089099416742158e-01,7.297445406782491206e-01,4.157108773652752332e-01,9.128726434003134882e-01,6.046788630886557048e-01,6.852275189616219286e-01,6.805562445538989591e-01,8.805330434034075449e-01,7.496528835312564754e-01,4.871717260964496532e-01,9.944709118034644746e-01,3.809526551809534478e-01,2.442310225735489504e-01,4.012640247000947014e-01,5.157448906914747777e-01,7.525177235133087006e-01,2.496205499549461471e-01,4.854094542015175984e-01,3.445576991783447784e-01,4.924699466653750246e-01,8.557638676553800394e-01,-8.308463910017631349e-02,2.395830415846681993e-01,3.963724781003516995e-01,3.010908306348469843e-01,4.821179298683185843e-01,6.068415158567767032e-01,4.254248698191318567e-01,6.806873844036699372e-01,6.874268650087483890e-01,8.513042874254375114e-01,8.871782063562768661e-01,5.978784393204525927e-01,9.536658048579125246e-01,7.916791379060085232e-01,4.990956237227986425e-01,8.417219820974357614e-01,6.957488358964856179e-01,6.869728250151058146e-01,4.578959204596262378e-01,7.386367892894674103e-01,7.404650888796647790e-01,6.755463485709868321e-01,5.068636778766790751e-01,7.255709090527245886e-01,5.159798593013582568e-01,4.700585451379986623e-01,5.176022094248212690e-01,4.689176689648185681e-01,9.147398700840415620e-01,5.027874024328623515e-01,6.902641487718318425e-01,7.481359879772497834e-01,8.337717474460688560e-01,6.464175537929444104e-01,5.020016531587887521e-01,5.922324523259820950e-01,9.380102940083203666e-01,5.755480549897673548e-01,5.219415958385713594e-01,2.655796718643585463e-01,3.535053647637452778e-01,2.716597389816423624e-01,3.465596585521384387e-01,9.285257337715517867e-01,4.118287235000785973e-01,-2.518399612654398934e-01,2.849240725349240777e-01,8.221146202690423621e-01,5.112112091943193937e-01,5.403460338387752193e-01,4.665163147553324507e-01
9.154852574525095266e-01,5.965660297304413717e-01,6.799135481916771528e-01,9.094055945794810025e-01,7.750558898391198825e-01,6.211065514080121863e-01,3.597074491361170745e-01,5.071307929639060630e-01,7.726541929177237478e-01,6.880254996780453824e-01,0.000000000000000000e+00,8.305406890355564453e-01,5.984482663530050761e-01,2.027694913468277571e-01,6.838997553592224277e-01,2.184954013969241937e-01,9.429364423449787536e-01,5.226665651429593940e-01,8.358940840150059781e-01,8.248136795255284204e-01,9.394856311433340545e-01,-1.945453294662249366e-01,6.573534859543077591e-01,4.620645196396363508e-01,5.809750117575721573e-01,9.489619447169451716e-01,4.148058222621845426e-01,3.835367759766131757e-01,-7.912654766426767405e-02,2.302671724080098126e-01,7.010356381764586142e-02,5.842495760364024848e-01,7.298480918446347276e-01,8.653921253657622659e-01,7.553364331760715755e-01,4.590707958120431864e-01,3.300007653305464528e-01,7.306361786644820500e-01,6.761643158860256575e-01,9.853592135039990207e-01,5.530404890949900398e-01,5.956760046922616736e-01,3.375407026975232316e-01,5.344760060018274306e-01,9.238206739719788674e-01,9.267808845181343402e-01,7.434535087509680507e-01,1.620187831900263831e-01,6.135564778793947127e-01,4.111503568402999909e-01,9.954258739148129642e-01,7.249263696770544829e-01,3.267510475257535130e-01,9.210125893838370104e-01,6.997231711849301039e-01,9.879111260739865674e-01,6.470290570941511499e-01,4.225624930324938244e-01,7.966339440038689990e-01,5.506234577522013396e-01,4.825464436161706061e-01,5.497413556873532725e-01,5.713766035401588450e-01,9.083750835116493061e-01,4.664775264130998078e-01,5.124521034588112034e-01,6.064098166972455850e-01,7.826822444460044270e-01,6.459145108201778118e-01,4.757646769080305926e-01,5.976565058081834136e-01,9.887700890236712781e-02,2.647183137255986196e-01,2.468577247933133600e-01,5.625805637260352654e-01,7.953696133226001441e-01,7.681478403400355814e-01,5.359255672276975746e-01,7.355085870419408867e-02,-7.710034271826621266e-02,6.126177597750500636e-01,6.057811306800729989e-01,7.153328922725629146e-01,5.470951585011895046e-01,9.040997890622072264e-01
6.546073304504000934e-01,2.117833980146722195e-01,4.215339835552991965e-01,2.942507657357904538e-01,6.056141398622238992e-01,7.542684162334359899e-01,4.479964458296874508e-01,6.098875297411583407e-01,4.161302294953993508e-01,6.099256169269401395e-01,8.305406890355564453e-01,0.000000000000000000e+00,6.349554506700466616e-01,6.945074643437099127e-01,1.482927240556806414e-01,2.280577210250352704e-01,5.496117281617246553e-01,7.567626909121296652e-01,7.272241238770325023e-01,4.782323128980951465e-01,9.597735068680142145e-01,2.597231991308865950e-01,6.070881276617519084e-01,1.299726598231837893e-01,7.413348058808806318e-01,7.483306259392183968e-01,7.257519117092641192e-01,4.090642712992469954e-01,5.316145130399891894e-01,3.039068091399186322e-01,5.400376843343390743e-01,7.947317619633071928e-01,4.352080698465236042e-01,5.845006330421294027e-01,3.133330643392636672e-01,3.116449382410201863e-01,1.213753819473826073e-01,6.966445781144106064e-01,9.737965337334496541e-01,5.471678380378046658e-01,3.130686479835937952e-01,5.877290843970712775e-01,9.287871144665975631e-01,4.340661311982586534e-01,4.062011252232971548e-01,6.224567768333507667e-01,9.948566751268136388e-01,6.166272843197778686e-01,8.117100348245730457e-01,7.504680524900114724e-01,5.820354724315072170e-01,5.426049912426313959e-01,5.203397323516348871e-01,3.421068353269435258e-01,9.729873402760863543e-01,5.794217521173072871e-01,9.568695235908100116e-01,4.963974612389195351e-01,3.744431401263871861e-01,5.976337008192362799e-01,4.223490372267186266e-01,6.115732811919634138e-01,8.752391260508068926e-01,8.078585196889805919e-01,4.012904076166787792e-01,2.745156352617340034e-01,9.690567003413788072e-01,9.580752985895030216e-01,4.123924577100179789e-01,9.190635925436105858e-01,6.033722591641963451e-01,4.725234978981356360e-01,6.905883447829991306e-01,2.775953405242196359e-01,2.526191627594213118e-01,6.280441803075829110e-01,6.229722867033715694e-01,2.825565602416060806e-01,2.685060871105865443e-01,1.139595210242981826e-01,7.693479675421804886e-01,7.235031673381451256e-01,3.000676513003519008e-01,3.936404317500029615e-01,6.278031953154116218e-01
5.265236148534804261e-01,5.980466154018360125e-01,9.018736374889639862e-01,9.344664535314038956e-01,2.243315186005302719e-01,7.310305559874774595e-01,7.323091390139480072e-01,9.717541893457346536e-01,6.256167361246854908e-01,5.596861714384329112e-01,5.984482663530050761e-01,6.349554506700466616e-01,0.000000000000000000e+00,8.640782833540565644e-01,6.856309182467092977e-01,4.354922367566467223e-01,6.825827435858651260e-01,8.428826552053060306e-01,3.962769549708129446e-01,6.010703086891282521e-01,8.699686828475785560e-01,9.885258426192153891e-01,4.590251331228262233e-01,9.733374726994679094e-01,-1.009857119459167674e-03,8.557068976840793706e-01,2.547061710878018581e-01,9.265386473221076669e-01,2.939591271364536684e-01,2.885673313222348324e-01,3.207585317969081640e-01,7.566266387128164350e-01,7.303675652795603712e-01,9.082264784897854382e-01,6.862183479675771913e-01,4.058612195191056982e-01,5.516644247858777383e-01,5.168327461876806028e-01,6.551649250491867749e-01,2.959692504661647905e-01,3.969851201276721753e-01,4.920398371240974900e-01,9.300868165407160104e-01,6.286106067927029750e-01,5.108770008051534139e-01,3.823881599489619143e-01,7.465791316890848517e-01,4.991285081074330887e-01,9.139135363018933145e-01,6.809812326291979634e-01,9.764017505132309704e-01,7.221391115438320352e-01,8.761061467978641382e-01,6.202138897199849232e-01,5.866102154952254066e-01,5.132957776220632429e-01,5.963650652926926199e-01,8.461872119030975359e-01,7.114165953064478520e-01,5.534058419414861207e-01,3.843690320714805431e-01,2.892566864841836782e-01,3.496485617366918985e-01,6.871936586081459630e-01,8.056572173605727194e-01,2.602222434616644486e-01,4.980148328982779149e-01,9.496647328316596415e-01,5.205630474648406114e-01,4.882491822794841618e-01,5.325626058454298040e-01,9.963779966421471013e-01,3.681010914420624891e-01,4.127035472527694759e-01,7.022316652919594615e-01,8.666861226661161099e-01,7.397241202527025106e-01,2.949903049501931274e-01,5.681660306708224972e-01,3.548879003879386040e-01,7.550335851732147274e-01,9.710239580476414112e-01,6.032373969675796088e-01,5.880151305612639767e-01,7.068384658759796491e-01
6.141217810354203666e-01,9.950805492342272851e-01,7.197658800207793472e-01,6.129220608052424746e-01,8.012803210527130737e-01,4.830143154307764419e-02,2.762194112609175356e-01,8.589714928042908593e-01,7.920879392874533576e-01,6.978089099416742158e-01,2.027694913468277571e-01,6.945074643437099127e-01,8.640782833540565644e-01,0.000000000000000000e+00,8.777797429693046105e-01,2.719781676740745668e-01,6.310021859768965014e-01,6.348935572432368168e-01,7.614138792872767736e-01,6.814887236810599491e-01,5.821331958035118603e-01,7.007706718169469662e-01,7.624615884658469955e-01,2.053284269547406837e-01,7.674959119148930808e-01,7.317192036780213460e-01,2.512575066835621707e-01,4.294750720082908257e-01,3.271836194705680656e-01,-2.114773265867753160e-02,5.294796189678323550e-01,5.433339410651549795e-01,6.661616112349048047e-01,5.793320172969789184e-01,8.975460509500926554e-01,2.835651894649399152e-01,1.124531018417634781e-01,6.668784174290898203e-01,8.506456005120184294e-01,7.014050164861794778e-01,8.138586529423047500e-02,4.122764990427248422e-01,8.619741101881684964e-01,5.565622867360935366e-01,8.902983109835904685e-01,5.275430054736756080e-01,7.098478248177820804e-01,8.745401444328411156e-01,5.986172258230129106e-01,6.799494956194611639e-01,2.668283771482565236e-01,4.820908558168411351e-01,4.230776329441492956e-01,6.961231509300404019e-01,6.820111931057523114e-01,5.391297276797152316e-01,7.240035682053219679e-01,6.173505495422108025e-01,-8.297405604841572024e-02,5.487812908507384568e-01,3.631974807598516986e-01,8.966792872608871923e-01,6.388570519618501642e-01,6.630700620888054786e-01,6.481987556337096557e-01,2.921247909311845969e-01,9.206921993331679266e-01,3.336489035439698103e-01,4.433055570710465187e-01,9.547641116660927629e-01,6.415353919354542800e-01,7.427617935189453346e-01,2.952924091182146382e-01,3.920591258634978371e-02,2.332415258168766548e-01,7.332939011018277942e-01,5.639061570397563283e-01,9.404539663759499124e-01,5.510516150748210329e-01,1.349242946868309534e-01,5.149825902303795111e-01,6.476132759450908827e-01,5.376598199081517038e-01,4.656100753650026514e-01,8.372277994253249922e-01
8.913989723436411827e-01,3.696662829555860119e-01,2.455910497242539542e-02,6.454382463724527286e-01,9.452488228871220866e-01,7.896593205365872725e-01,4.355367431999991323e-01,7.525142142462184491e-01,7.445642778892875846e-01,7.297445406782491206e-01,6.838997553592224277e-01,1.482927240556806414e-01,6.856309182467092977e-01,8.777797429693046105e-01,0.000000000000000000e+00,6.609112239179126824e-02,7.851084818555510436e-01,4.979227050670822496e-01,7.901532688688432948e-01,2.766786471343693488e-01,8.442170607642464075e-01,6.665782271952286342e-01,9.518740553693019191e-01,7.555500388457379035e-01,2.203268253130271359e-01,6.656703474732788006e-01,6.994936994239280281e-01,7.265763019157934766e-01,3.077477055264092876e-01,6.526243960616929796e-01,9.825381137075264726e-02,7.760127535493703821e-01,7.402986695209416990e-01,2.323891442645961980e-01,4.288409249738085460e-01,2.042947273736151186e-03,1.694250216067738624e-01,6.461995486615351725e-01,8.247864390346332231e-01,8.439245292324264458e-01,5.854673618840009475e-01,7.526589826165415165e-01,8.423939805498960043e-01,5.125090885348687619e-01,6.200981909450644647e-01,2.477992381185178117e-01,2.930385816538483290e-01,7.128546180940152910e-01,7.828510848397225441e-01,6.502575244718535874e-01,7.532421813111989106e-01,4.462282004987694894e-01,8.957201694948603299e-01,4.717948709532123752e-01,6.062492182136033358e-01,8.266482861202464338e-01,6.445484033790118694e-01,6.669379144942536586e-01,7.530156904863064549e-01,1.798023357496063568e-01,1.474621072578054526e-01,1.901990512868348693e-01,6.827877812860178031e-01,8.428754361055288413e-01,8.961021395468424799e-01,7.802836290737626967e-01,6.973601316426962793e-01,9.470677331144378153e-01,4.261797811316916929e-01,5.297170720886279494e-01,9.918325683253896852e-01,6.173220023978311932e-01,4.420396422320633234e-01,6.016636574880876998e-01,7.328200703578707786e-01,4.753440256793064478e-01,4.899192687008643299e-01,2.289605122244195157e-01,3.331720565118159172e-01,3.160385871108132294e-01,3.280703554399860833e-01,5.567364779252264029e-01,5.895966065479165685e-01,-4.374060317634428929e-02,7.358050516241914085e-01
9.870284151058209554e-01,6.567884250273999802e-01,7.125502394081889568e-01,7.397605020948799792e-01,6.978493443876278013e-01,7.647579442100465030e-01,6.646434880679915613e-01,5.476259547119386450e-01,4.588720291920115879e-01,4.157108773652752332e-01,2.184954013969241937e-01,2.280577210250352704e-01,4.354922367566467223e-01,2.719781676740745668e-01,6.609112239179126824e-02,0.000000000000000000e+00,9.906167589979975041e-01,3.557754442379436055e-01,8.150259857452868406e-01,7.395729064502559735e-01,9.431779114341715120e-01,5.488064026427007525e-01,6.992923965362989325e-01,5.532741064978566881e-01,6.604698387922689484e-01,5.673601134778609723e-01,6.537572846985018060e-01,4.273064415528128324e-01,1.206117517554394889e-04,3.841438444768774385e-01,5.938153570473088116e-01,4.938983285477205332e-01,5.336772763625914351e-01,5.855854503282836160e-02,6.073396508979354014e-01,7.762065899127461588e-01,4.858915303248186324e-01,7.456057143637786488e-01,7.989371138248109183e-01,5.242185093039642974e-01,2.822818700042261653e-01,3.693158088212686874e-01,2.228450533305919301e-01,6.456949308977565360e-01,6.114745486171199174e-01,9.380115990217803290e-01,5.231606846180424375e-01,8.065427877206877705e-01,4.142391453295879433e-01,7.485796528120151061e-01,4.892203604557547880e-01,5.657933778897268340e-01,5.694720091885195901e-01,5.574628017967476756e-01,4.157440509693937081e-01,2.692999144335150308e-01,3.202953931795186060e-01,5.594689809159174576e-01,5.941994118453443052e-01,4.622407939934981558e-01,3.594857981124234270e-01,4.438132826469574632e-01,6.684549824312115973e-01,7.231598102418957952e-01,8.769225464395100644e-01,7.052246112589383165e-01,1.043591162973173808e-01,8.409983371087361714e-01,5.405579045770894098e-01,-1.749703415039364773e-01,7.863261567539826524e-01,4.608947456916326901e-01,3.312674532845284459e-01,2.105145125214288593e-01,6.952235941874054248e-01,9.226253350692812383e-01,6.375558048192623284e-01,9.522540075932692805e-01,5.509932990116470641e-01,6.399538860574498500e-01,3.178737376490383543e-02,5.940685868184649721e-01,5.727011291930410586e-01,3.951558945861973760e-01,8.916922680600123385e-01
8.735241755198801528e-01,3.943200713828976522e-01,8.692536792464002904e-01,8.084846601965632873e-01,6.806810841777687360e-01,9.581064838099260239e-01,4.953156730571377508e-01,5.990527902451152631e-01,6.002596546058208693e-01,9.128726434003134882e-01,9.429364423449787536e-01,5.496117281617246553e-01,6.825827435858651260e-01,6.310021859768965014e-01,7.851084818555510436e-01,9.906167589979975041e-01,0.000000000000000000e+00,3.549053210403897429e-01,5.645021213478276234e-01,4.174742773170266319e-01,4.510112596290223319e-01,4.478385453378210812e-01,9.507873103827386707e-01,2.048646612934718891e-01,6.898921826851248662e-01,2.239107511539922268e-01,3.103656390623131256e-01,4.205465434750582654e-01,5.828009471924663343e-01,4.842115978983292379e-01,1.742953639998825466e-01,6.042594957359107566e-01,7.140877735910019508e-01,-8.808897966252372813e-02,7.089758237513168471e-01,7.456682204635018962e-01,3.430754891170474385e-01,9.082382026454958179e-01,7.445028873720014317e-01,8.901344442436618376e-01,3.944902028708058839e-01,8.435378664655668324e-01,6.792779320835764523e-01,4.262542802494979632e-01,9.004111613046406060e-01,7.176994834825606295e-01,4.329676592718097461e-01,7.048624778118627310e-01,6.867093500350521795e-01,7.556157010768058679e-01,4.459009054171296782e-01,7.995525292023075714e-01,6.557955668134876070e-01,8.370010427099707773e-01,9.050763145812086297e-01,3.197453855786731580e-01,6.334545226970915710e-01,3.981830311474158224e-01,7.672276396728643366e-01,7.933327659430942091e-01,1.818297852463529318e-01,7.727480517677728367e-01,3.347094130624079789e-01,8.154940908023384782e-01,5.943389052840896136e-01,7.094950753598371351e-01,6.804511559992427738e-01,6.106089721056670028e-01,1.174529285829409020e-01,8.957664877995455965e-01,3.806532429191611389e-01,5.871289136611020920e-01,5.882692235126552038e-01,2.054828633360916701e-01,6.762062784155824513e-01,6.860996430254350242e-01,6.820931894715348554e-01,5.021475383285517458e-01,3.659856616918565342e-01,3.943504744114537663e-01,9.662636096479535475e-01,8.921889966040125186e-01,8.106111294456598282e-01,5.190738504922519647e-01,4.498369642100463195e-01
8.133812830419085982e-01,9.288217482181657658e-01,2.558515166634803273e-01,7.291394242520859992e-01,1.965959662687597198e-01,9.765152034184952923e-01,1.634943201489410247e-01,5.542231132627870732e-02,9.210198285184758582e-01,6.046788630886557048e-01,5.226665651429593940e-01,7.567626909121296652e-01,8.428826552053060306e-01,6.348935572432368168e-01,4.979227050670822496e-01,3.557754442379436055e-01,3.549053210403897429e-01,0.000000000000000000e+00,2.621680140037349060e-01,6.539720348760336144e-01,4.424316069607286961e-01,6.880588849670231655e-01,9.195446560720482720e-01,7.539085022806025771e-01,-8.362307812237632088e-02,4.505460140363683474e-01,7.747275968316686967e-01,2.402252710026269999e-01,5.200415950588747060e-01,3.340798067646748581e-01,2.667684887782477698e-01,2.557924045950340508e-01,2.168481304718416491e-01,6.403868648576341860e-01,3.231983120639890794e-01,7.319888622678553114e-01,2.538049314170235382e-01,2.680785985069917277e-01,5.679631448870475774e-01,6.484425646378028096e-01,6.065749797873545290e-01,4.762880045260968198e-01,9.814433252128573759e-01,5.913418587378330704e-01,6.483666965581249553e-01,6.310838814763582993e-01,7.159237835563172503e-01,9.239250196536780146e-01,3.930494316345851669e-01,2.469884065190895706e-01,2.804503327156007142e-01,5.790485176545686619e-01,6.052827122955666272e-01,6.382106543124956843e-01,7.151061452381899386e-01,7.484084653555928002e-01,5.613101968988367663e-01,6.816413241536288803e-01,7.864179780837570188e-01,5.234244231926739044e-01,6.640596627514454564e-01,5.766670984029609315e-01,6.464356524027046191e-01,5.410307835968711787e-01,7.588927222049489663e-01,6.571324682997337074e-01,2.269588483935389145e-01,4.065314997957128473e-01,4.581147601949667747e-01,4.418022593729304393e-01,7.889829405296062692e-01,7.506453954292715558e-01,4.705188717746313642e-01,4.018512534501652023e-01,6.109657263713060837e-01,6.699283751497224770e-01,6.775995778408363535e-01,2.715066475913598398e-01,2.588650638087739431e-01,5.235200262386421333e-01,3.106599041646195269e-01,6.300555371638113522e-01,6.239290643901082012e-01,4.727582384222662748e-01,3.834716174232390973e-01
