0.000000000000000000e+00,9.920207659535933420e-01,7.353417039309626535e-01,7.215953854144256940e-01,8.272995835116538910e-01,7.492131647528915694e-01,7.386526602897237614e-01,4.703856186540253947e-01,9.551816423958474633e-01,7.993091942157690699e-01,7.836827332574537452e-01,7.400526702518249733e-01,8.804504521291516284e-01,9.887850000442699461e-01,6.857051561142301077e-01,9.722100149006218661e-01,2.603897232530075212e-01,8.232620000609341959e-01,5.236956657332922926e-01,8.859240543864806972e-01,7.073482410045001112e-01,9.660648690934339200e-01,-1.964781695757367164e-01,4.214464717500233659e-01,5.840762054837543849e-01,5.066640954492300786e-01,5.239365929010983969e-01,8.808943297001103900e-01,2.610931562683764251e-01,4.531171045549389764e-01,2.667624274146413454e-01,6.734381079236347878e-01,8.484521153223448797e-01,6.589719443744412875e-01,7.521063945346637691e-01,5.812793875383445164e-01,3.584048370200635381e-01,6.921050314764147782e-01,8.006931098319878259e-01,8.412434085473425860e-01,7.896282464023022252e-01,5.578609191658069344e-01,4.822150516545121723e-01,6.441345129926586699e-01,6.672732314723655023e-01,7.798463950425893465e-01,2.311686041846074680e-01,7.466094789513570973e-01,7.736180864084408748e-01,7.954669570350064722e-01,6.010098862916857243e-01,5.056977340938177967e-01,6.576816375708101070e-01,7.779024256861265529e-01,9.012087602572705913e-01,9.213601438242895458e-01,9.309633302693350876e-01,7.286521116578584811e-01,9.121589483128406117e-01,6.763812280355858964e-02,2.815821148722102429e-01,7.453668117611877975e-01,9.998805853425960510e-01,9.098634449624775078e-01,5.925114873305585839e-01,6.694371136002328360e-01,9.261306614235655932e-01,6.472052469786542250e-01,-2.391049578832660227e-02,6.905142896312869150e-01,9.519594737000172113e-01,6.201395527738141622e-01,6.604043832130715996e-01,1.259382648346089872e-01,4.030143646247916767e-01,9.250436158314075952e-01,8.092739678791479596e-01,9.856614469306836934e-01,3.057188215522831376e-01,1.501475745391419869e-01,9.463575331404755486e-01,5.609023628344547152e-01,4.705354212684072501e-01,4.465481510584495828e-01,4.526989154430108853e-01
9.920207659535933420e-01,0.000000000000000000e+00,8.351625935440502024e-01,9.030337429103426627e-01,2.885301584889701787e-01,5.679274405872665188e-01,3.970477082756606046e-01,1.550820248225786846e-01,4.473518750096572294e-02,3.610156700858242751e-02,5.795770157651821686e-01,8.046233040813779436e-01,6.987441879619938900e-01,5.997596097572091001e-01,8.453101631307903263e-01,6.312523310390526499e-01,6.807757510723949634e-01,9.020732638864833453e-01,4.484162754999954092e-01,7.599231287632812748e-01,7.881777242743406298e-01,6.881384772994852961e-01,6.348856872165384857e-01,5.199138980340757277e-01,5.081155281759678344e-01,8.851981356204957629e-01,8.929045729287649058e-01,9.147125703821090692e-01,6.394014188157154388e-01,1.511375510856270421e-01,-2.904607061656311329e-02,4.863039064743953643e-01,9.424551147573648202e-02,9.868747516106450846e-01,6.975475546983095354e-01,2.830894608295217441e-01,3.054124242032586478e-01,6.994400986142680354e-01,4.822595283449766512e-01,9.698122500133448121e-01,7.050949901862323399e-01,4.333971980331980944e-01,7.400582035424082550e-01,4.330315312562212915e-01,-2.782344881037716600e-01,9.329186322744944526e-01,4.690031996032054673e-01,9.623816536543730038e-01,4.432266956715606998e-01,5.536896380264844097e-01,3.064194714741296233e-01,8.166390763471469416e-01,6.997348786953261346e-01,8.060483108647569228e-01,8.673640136607989604e-01,5.486979252490237213e-01,7.595313852968843538e-01,7.474526409528828852e-01,9.819152387581521202e-01,4.271047271528939371e-01,6.341876372672328177e-01,5.861350725660275929e-01,6.960635787916640282e-01,4.390534515784106362e-01,7.095476721224724947e-01,1.079678730430317923e-01,4.601171952616529004e-01,7.870416253363756720e-01,1.284522845419706905e-01,2.310876426808198825e-01,7.380066140586951651e-01,6.533321241195677587e-01,5.148556037028255705e-01,5.015950756772140640e-01,5.278541768588955740e-01,6.912635023719791993e-01,6.434251888830715416e-01,2.507050615102582314e-01,-7.546351776611737172e-02,8.234638107463299397e-03,8.265923106906665208e-01,6.220818144531857774e-01,5.695630255043571122e-01,7.433680110863325474e-01,6.858459978346653774e-01
7.353417039309626535e-01,8.351625935440502024e-01,0.000000000000000000e+00,5.861427727305523749e-01,8.233769638639881761e-01,7.146389000199303565e-01,9.089915936830929022e-01,8.711650953704498379e-01,7.788198437622160242e-01,6.265898126855573569e-01,5.745613959798167025e-01,7.381327718694723483e-01,3.257587565327452195e-01,2.844672313464401414e-01,9.610497420383310452e-01,6.128190209237293073e-01,6.750806848307184804e-01,8.801257850823560602e-01,7.498861444823686773e-01,8.635583724468349764e-01,4.231698431705732677e-01,6.602823768082031197e-01,5.183434452656857649e-01,9.009931285461123540e-01,8.148321997020105956e-01,9.369672269965082512e-01,6.428337298452336812e-01,8.903853007215729587e-01,4.878856677251952600e-01,5.930842448269904033e-01,4.279288712914602888e-01,6.519258017234330627e-01,7.031507531565243108e-01,6.249114757670384268e-01,9.928803566613850773e-01,2.442558679579564518e-01,6.884070470569284561e-01,8.306859689629223498e-01,7.431432840953522412e-01,7.121630787960323561e-01,5.344860104125311040e-02,5.366917857731431374e-01,4.454882202348549036e-01,6.650732223662156883e-01,6.315808909773309443e-01,6.477409775857506657e-01,6.680114935124090714e-01,3.347269238813825876e-01,8.159638495351023701e-01,4.017350449246648303e-01,9.736356256531701892e-01,9.140754914062564351e-01,8.316806831578167358e-01,5.299154037724789212e-01,7.655611864954798840e-01,6.726780137220947919e-01,9.914031832074462480e-01,9.578388215097485281e-01,2.853748906501922811e-01,4.254478920375092676e-01,6.067651447291739775e-01,7.821986050038066685e-01,7.383464293232772091e-01,2.883767964394831074e-01,7.048198135182374147e-01,6.780369126857233031e-01,8.938788979529592726e-01,6.541252463242963611e-01,5.301514510212144149e-01,6.191574225355315209e-01,9.840313408822239927e-01,4.060838777847683989e-01,4.405548540511279310e-01,7.397566059586460074e-01,7.021917031790556596e-01,6.304965759591304453e-01,7.383838333637030571e-01,2.945592238327990886e-01,2.905150864328918114e-01,4.343148125835077922e-01,4.574452245755762925e-01,8.832341190629375838e-01,7.774439165200495161e-01,9.740045775341390488e-01,6.302500055560773529e-01
7.215953854144256940e-01,9.030337429103426627e-01,5.861427727305523749e-01,0.000000000000000000e+00,5.860604378050666974e-02,6.624207860535772374e-01,6.066976943134547717e-01,7.675673722457301285e-01,2.305375517979666999e-01,6.437611588426562781e-01,5.194708935147993728e-02,8.715986674502507192e-01,5.358401708388359497e-01,6.831711955899744115e-02,8.903450301600264183e-01,7.937506293736853458e-01,6.662343975541350494e-01,6.350957440251914221e-01,8.704735051790141176e-01,8.956289558365680969e-01,6.155897931816354252e-01,4.213991859547230323e-01,3.357650482898852373e-01,7.169866279885173110e-01,4.638231622624271466e-01,4.694140332632329993e-01,9.544640130094875774e-01,3.858581983128039350e-01,5.822314391925103028e-01,2.084175753994316760e-01,5.449402177298705574e-01,6.826530354936840572e-01,7.954802101992590746e-01,8.029411039861543697e-01,3.630140452934731421e-01,4.822923082961685370e-01,1.987242768039862717e-01,2.495517700167388386e-01,4.329142259644123136e-01,4.773701081888589437e-01,3.885404668775991471e-02,7.663057109316391280e-01,5.589384339135868851e-01,8.717467802130952625e-01,8.888889585923569481e-01,7.311907873268721492e-01,7.156137559175782537e-01,6.414052157129622733e-01,4.607309192449351443e-01,7.592206471256716105e-01,6.132446609595674225e-01,5.871343207238397532e-01,9.865154512896524563e-01,4.922439043806287051e-01,6.598131828869511217e-01,9.897718499657082170e-01,6.454508572537612787e-01,7.258722212074133484e-01,7.601136204757220627e-01,3.601417500225398971e-01,3.017978669663241020e-01,2.560305557570822232e-01,7.161475897224540699e-01,2.427936907295552560e-01,2.583967013911070421e-01,5.921896988217285607e-01,5.629856201167877661e-01,9.111620687070939306e-01,2.941284757451151921e-01,3.493240142373590373e-01,3.378625501468249803e-01,6.822839192817918841e-01,7.787059911740625839e-01,5.228039985132240108e-01,8.241072979546318344e-02,9.855077298651766515e-01,3.958082766937126573e-01,6.434838018555300021e-01,1.763580379377516771e-01,2.866464847627843149e-01,4.500958221518770452e-01,8.537183527941075711e-01,4.647033934309556247e-01,5.558386565134803003e-01,6.116001595466640239e-01
8.272995835116538910e-01,2.885301584889701787e-01,8.233769638639881761e-01,5.860604378050666974e-02,0.000000000000000000e+00,5.436484529803070620e-01,7.525460688246048413e-01,7.602787544346802928e-01,-1.964174516804292892e-01,7.975365617185505851e-01,6.664264025557854465e-01,6.182060032742470179e-01,6.157354900374782947e-01,7.938911933404393384e-01,7.979684794349095611e-01,7.237051884451866091e-01,3.242926803776131073e-01,5.688439145394512675e-01,1.461217561886938854e-01,6.076787258811162662e-01,2.759044436676837408e-01,1.451117434486861868e-01,4.878272289364495307e-01,9.470947890749438214e-01,6.627741485047299319e-01,7.980245116644203440e-01,9.075507045832522657e-01,4.636938796314145073e-01,7.038055064907103864e-01,2.097720224517495291e-01,5.048907410488245873e-01,4.661899214298017569e-01,9.184038284913722539e-01,8.190022080254122372e-01,4.591397161407385075e-01,1.095955103680351927e-01,1.103783536372344165e-01,1.993087619572890892e-02,7.042151700209983156e-01,5.900980624827840693e-01,5.215225555874214436e-01,4.952674660787245720e-01,7.217011438369825838e-01,3.806735942033625530e-01,4.855697648853671833e-01,6.756393470582580107e-01,6.256801728037394428e-01,7.690232589391496898e-01,-8.752125044219799532e-02,5.130692975714051807e-01,5.139080164905434067e-01,5.927550518291185844e-01,1.308150894272179857e-02,6.194433059756245807e-01,8.868654799340169870e-01,9.534099439375095519e-01,5.644569003892428993e-01,7.912457609360008526e-01,3.543436787298258617e-01,3.744366736091061520e-01,5.164854865365104963e-01,7.293549939687195005e-01,8.590508693797408446e-01,7.843316977960888003e-01,7.531990492869261589e-01,6.836193322231443048e-01,6.585849570954270815e-01,5.598120967445452401e-01,5.829491207791676066e-01,5.464909604984756752e-01,6.090322262078500248e-01,6.851148738177389452e-01,3.896050950133569946e-01,3.363532940161259033e-01,8.909808302072257380e-01,1.097964854791466244e-01,7.364681697885057110e-01,4.139424574360241471e-01,5.707528938221814174e-01,3.915894776358636586e-01,2.809689546199036977e-02,9.335499438847837395e-01,6.940160329730147293e-01,5.221570516097269188e-01,2.798432764056411060e-01
7.492131647528915694e-01,5.679274405872665188e-01,7.146389000199303565e-01,6.624207860535772374e-01,5.436484529803070620e-01,0.000000000000000000e+00,1.251780932710954697e-01,7.978281902036145068e-01,4.771772924177080655e-01,3.868481903034736158e-01,3.804645913824823422e-01,6.722092837866759929e-01,6.290218689953117615e-01,4.809121874837018473e-01,5.468160581402992104e-01,1.290317314230315926e-01,6.288703133345341367e-01,9.973521610555439176e-01,4.958537221557998698e-01,8.322685652207847395e-01,8.218025110176719883e-01,4.171315234855044740e-01,5.501157758204611170e-01,3.103321171882773566e-01,9.746176150590989129e-02,7.374928359429528957e-01,8.452295372805476159e-01,9.193255912953087750e-01,7.707109750379844693e-01,2.916446825897848205e-01,4.009297607051077739e-01,7.098022937846706348e-01,5.103494663120207164e-01,8.642601951298732876e-01,6.827722284392655494e-01,2.438004294903225733e-01,3.489963255357235172e-01,7.741801808013180075e-01,9.948163181518041576e-01,6.552210634384079135e-01,3.555622891547348674e-01,7.841212297713242574e-01,4.944221268151992033e-01,7.892103885376740013e-01,6.330309302718944986e-01,9.210765239138031246e-01,2.440831019558856729e-01,2.542720570985694817e-01,3.458596844322782138e-01,3.776325247786143091e-01,2.594481697257128294e-01,8.891438511883466012e-01,3.464100219854809870e-01,-2.743495907714846305e-02,5.771929534362252312e-01,6.964112625452900662e-01,8.347912855891808093e-01,7.518181594300997750e-01,8.529413241110235244e-01,7.273491505020452941e-01,2.443350909739397114e-01,3.271586574177279827e-01,7.290674763409102921e-01,7.611732498911755185e-01,5.149370414747812541e-01,4.918342035803322521e-01,2.222040929654896246e-01,7.224127162316397177e-01,5.329639457968029514e-01,8.714050874235835797e-01,6.391796026753686633e-01,4.509163958484774803e-01,1.940466823751502146e-01,6.832627852787985512e-02,7.401696997014836077e-01,9.688845893370644502e-01,6.454927744508593968e-01,6.098012041769492741e-01,5.489489610699610500e-01,2.302474657352605036e-01,7.246644257270349332e-01,6.984404624576499021e-01,6.527218106783813090e-01,2.793200000870504351e-01,7.385530635613000161e-01
7.386526602897237614e-01,3.970477082756606046e-01,9.089915936830929022e-01,6.066976943134547717e-01,7.525460688246048413e-01,1.251780932710954697e-01,0.000000000000000000e+00,2.576161497017185331e-01,7.547094013444819449e-01,2.912635891711895519e-01,-1.548002170510685838e-01,6.221648460308807360e-01,9.033817056718316252e-01,4.084906498708702483e-01,8.187016180677046950e-01,3.411430306966264925e-01,9.085140626081091852e-01,5.954155611596309017e-01,4.983671956655595370e-01,7.227762048415753426e-01,8.703385439367686827e-01,8.044811477497849639e-01,6.146081496931082855e-01,8.148828592948229588e-01,5.532650343644232027e-01,7.018899719440592211e-01,7.172945266258675678e-01,8.285928970582032704e-01,4.945800565739971733e-01,7.293695234606728528e-01,3.956798779768602170e-01,3.229639720839115880e-01,6.496160278623908102e-01,6.502920425606153465e-01,-1.016820758274291636e-01,3.806992803386887170e-01,5.337020067531070833e-01,5.115586052490673774e-01,2.417109183919707582e-01,5.674460275070201121e-01,6.162073607175343470e-01,7.415103623008284517e-01,9.857810015851402596e-01,2.537287691533780531e-01,5.025179762530431749e-01,4.001779914957528939e-01,4.048123879140771431e-01,2.934325221163065489e-01,3.641858747667412466e-01,6.698729677887886869e-01,4.236501954868371334e-01,5.942269273241147509e-01,4.326066061473580193e-01,-1.139365691317271584e-01,7.463619478410068453e-01,5.518364419556081035e-01,5.261482056898735271e-01,6.773708326301216553e-01,8.611887267670412793e-01,7.900643783897247641e-01,9.420736564179478176e-03,7.217616783708270534e-01,5.251582550352271728e-01,6.197528590192323827e-01,3.788000106504679776e-01,3.990921759883810926e-01,7.960721420274199378e-01,8.199920836649988720e-01,7.661019836035758424e-01,6.849790137422557823e-01,5.356535110734881311e-01,7.822874193950390964e-01,1.798982159912596857e-01,7.046988130539013628e-01,4.910294607042238191e-01,7.727296492978056319e-01,-9.261549740445866596e-02,4.583169984087284710e-01,2.716163373510817047e-01,1.360049395546244488e-01,3.294519927633545731e-01,4.508217935665640996e-01,4.129025347448472827e-01,2.812492481999295801e-01,6.084489962414156849e-01
4.703856186540253947e-01,1.550820248225786846e-01,8.711650953704498379e-01,7.675673722457301285e-01,7.602787544346802928e-01,7.978281902036145068e-01,2.576161497017185331e-01,0.000000000000000000e+00,4.644651444230727400e-01,7.717194597631269470e-01,4.824386665199285606e-01,7.801392494143331025e-01,9.301141487707786926e-02,5.297611093327179166e-01,5.892458763284705858e-01,-5.985062105707100732e-02,7.328993006284620915e-01,7.388835900024359749e-01,4.337393711003035834e-01,8.048633026775258159e-01,-8.371383545965820072e-02,3.482432021377298015e-01,3.772135555435880971e-01,3.277009443192123728e-01,2.465991847357492106e-01,4.290941052618209017e-01,2.397953925032123013e-01,2.785491000850859322e-01,4.089967490722239973e-01,5.545688464362427128e-01,4.166161841528565613e-01,2.412043468689683001e-01,5.266127145325361081e-01,7.529829755884823728e-01,5.412520926870254545e-01,-6.408883300191595134e-02,5.011274315739850937e-01,6.351886196993876688e-01,6.394332608803326989e-01,2.540695981770919043e-01,9.225666968558275671e-02,5.622281397016418714e-01,5.917800305856251164e-01,5.411472916990698323e-01,9.015025408012816710e-01,2.218315512550659008e-01,5.982280534752560941e-01,8.143383841399712830e-01,7.487283031687674839e-01,6.773286414863558536e-01,4.884631403011442941e-01,7.389779642407022509e-02,2.492384140254434999e-01,7.047582301453374498e-01,8.334465273147180220e-01,7.728332999979921070e-01,7.980282520038168848e-01,3.965069361579028895e-01,6.150892857267349356e-01,-3.672268831521621757e-02,4.867686599875348796e-01,4.193350424193338921e-01,4.381928706510009874e-01,5.274175034894582614e-01,8.455875959894012528e-01,4.949770596787739230e-01,8.291990481334865493e-02,4.356829937750313908e-01,5.883868134490219948e-01,3.710351128824397327e-01,4.215090257789761985e-01,2.827715578610235370e-01,3.111077953561763310e-01,3.182406433316031236e-01,4.888849215203217025e-01,5.327617310292794839e-01,1.057510286452792575e-01,5.156821682951456820e-01,4.696595256419196507e-01,-1.304149294231525813e-01,5.275396480663967491e-01,3.842648110214348656e-02,9.318192860765353025e-01,4.671752602163454782e-01,2.132537347966322883e-01
9.551816423958474633e-01,4.473518750096572294e-02,7.788198437622160242e-01,2.305375517979666999e-01,-1.964174516804292892e-01,4.771772924177080655e-01,7.547094013444819449e-01,4.644651444230727400e-01,0.000000000000000000e+00,6.449330969742240738e-01,8.488432469293498706e-01,2.811534804898930817e-01,8.194198061190470783e-01,9.854224448338819720e-01,7.610996972051150555e-01,7.463815500729977792e-01,8.456377155712538896e-01,3.058574202299595979e-01,3.127089046426314578e-01,8.622180231369814818e-01,9.309990283966833591e-01,8.414748806678918891e-01,5.469866768105029892e-02,6.610683044805665265e-01,2.073923353024413330e-01,6.990408938912400227e-01,4.729238742892193925e-01,7.117668089023622136e-01,5.526474581443707734e-01,7.307830205041838667e-01,3.702210722049728564e-01,2.187335379119671741e-01,5.276012507227163528e-01,3.785105773946089713e-01,4.513597160250616969e-01,2.361187058630712932e-01,7.796797462250795729e-02,4.507325321733737788e-01,9.377519084208911782e-01,4.673171709310924293e-01,1.612158003607773449e-01,-1.224175795005415512e-01,8.367262495549594448e-01,-3.850582587507296317e-01,6.245478217938692511e-01,7.370479857783793776e-01,6.520475281142945612e-01,3.005610741986841639e-01,9.144929110054363097e-02,6.041193162662935601e-01,4.753770717794856271e-01,6.244959218488431718e-01,7.651098693050275568e-01,1.066354742066222272e-02,5.798754818597102734e-01,8.968626444044349721e-01,4.914399212199550560e-01,5.217589460335698703e-01,4.649030017899755673e-01,7.404116500074814367e-01,6.005663273518415668e-01,4.695517837743309331e-01,4.622111258428951985e-01,8.016498327022751891e-01,7.765884620890972645e-01,4.597097346327189693e-01,4.042608550498554276e-01,6.137134259279233284e-01,9.172992334562352079e-02,2.872113457239987011e-01,7.735089510049872885e-01,4.058245740830768167e-01,3.847966612537149222e-01,5.918212381990921589e-01,7.276233234170600417e-01,6.711654786517936566e-01,7.586043932638438791e-01,6.512650079265777103e-01,4.342933584109423539e-01,4.323364896495237586e-01,6.277719323094990145e-01,9.599112840191994511e-01,4.446686123948442870e-01,5.591004441768641087e-01,5.473377581890190857e-01
7.993091942157690699e-01,3.610156700858242751e-02,6.265898126855573569e-01,6.437611588426562781e-01,7.975365617185505851e-01,3.868481903034736158e-01,2.912635891711895519e-01,7.717194597631269470e-01,6.449330969742240738e-01,0.000000000000000000e+00,3.931908875828024064e-01,3.924631729743506270e-01,8.595062282627823347e-01,6.643493307662433622e-01,5.662042542232129660e-01,6.382417992540418972e-01,8.654782014846191807e-01,4.779993909164515498e-01,3.494301633761900394e-01,4.735148715982548384e-01,3.323102687945511668e-02,3.425107313383605745e-01,6.346281602852810177e-01,9.866430685421084812e-01,5.025322869606453358e-01,8.263313487873252816e-01,8.655833620690240870e-01,7.211506612519680282e-01,6.398324864776756549e-01,2.959743927438752142e-01,5.944874799084964856e-01,9.241809539169957288e-01,4.489091910957677123e-01,6.917578638732857499e-02,6.465302899974827433e-01,3.296485339273239057e-01,2.625298171576669892e-01,7.393761645102685520e-01,5.550389926508150218e-01,7.871337938946777468e-01,2.969849360311985764e-01,8.884901357449866977e-01,4.743381987921936327e-01,5.544901233321084533e-01,6.890327900953319151e-01,4.746954151521129983e-01,6.674909112820144319e-01,7.911890180351097701e-01,3.160805262303902352e-01,3.892314554640627922e-01,2.751752231650768099e-01,2.386050657052878887e-01,5.182565949201153321e-01,9.995762666375098693e-01,7.157131182972507055e-01,7.018406778393030399e-01,9.718562484047810202e-01,3.605697975299223534e-01,9.968104787622441565e-01,4.323180499405024357e-02,2.783944838207121908e-01,4.340166637461201904e-01,6.598042939080128733e-01,7.425698232214039685e-01,4.352835092760948266e-01,8.797230418968761123e-01,4.521759747067921054e-01,6.002797746540351476e-01,5.245966561953265828e-01,8.758860504177978790e-01,4.817963890236156566e-01,4.495418906776340040e-01,-2.825524311799918475e-01,-1.770801583516253275e-01,2.540922087591883094e-01,4.519261606817776555e-01,7.042380658717903863e-01,4.766364289467098780e-01,2.004613183812697097e-01,6.287930969065824716e-02,4.533213017808880863e-01,8.924621789486750778e-01,8.795058087138146741e-01,4.164223060553996492e-01,4.347492835141059664e-01
7.836827332574537452e-01,5.795770157651821686e-01,5.745613959798167025e-01,5.194708935147993728e-02,6.664264025557854465e-01,3.804645913824823422e-01,-1.548002170510685838e-01,4.824386665199285606e-01,8.488432469293498706e-01,3.931908875828024064e-01,0.000000000000000000e+00,6.549035623357400970e-01,6.334855549412943265e-01,6.066196362023148492e-01,6.428784584770370625e-01,1.275712857311761816e-01,9.926526305759123536e-01,6.284678052358956268e-01,7.507310918484952911e-01,9.833038717798096018e-01,9.144071470116518219e-01,3.590806961592369895e-01,5.486530897470295320e-01,9.407080793007325248e-01,7.940049532673987276e-01,4.189183992457641281e-01,9.236085849339010778e-01,6.814059440642588061e-01,3.628871448005720479e-01,6.763852348075183318e-01,2.113012013062050831e-01,2.922472993653218998e-01,8.176764381390935199e-01,6.034822745439075709e-01,6.312183914600272283e-01,1.431459988378037396e-01,7.521463976771559645e-01,9.763317465993071043e-01,6.351895951236319338e-01,-8.619617514730219809e-02,2.459736912140450538e-01,6.422604703960834716e-01,9.542489877656503694e-01,7.716218768448375176e-01,5.655564105025573385e-01,5.008200506561129028e-01,7.861632978824208973e-01,4.959641924785455069e-01,2.054930767520386226e-01,3.037882912301244631e-01,4.375071332188885664e-01,7.007067578271161112e-01,6.343049094432510193e-01,6.920524165458545873e-01,4.415600094800272157e-01,6.428571656857371419e-01,4.037457269052110442e-01,9.904377786018068175e-01,6.788747509594196261e-01,6.708491807634699988e-01,6.656668332740252048e-01,7.301335643713809942e-01,6.348354141233298886e-01,7.156845329978823722e-01,8.110887306730173441e-01,4.323853827694518759e-01,7.411184655277778255e-01,7.225147699202701945e-01,6.585042388690276471e-01,9.201340989651856095e-01,9.815138761952101332e-01,4.712086807199855620e-01,5.571911897179439022e-01,5.442962836177698271e-01,2.365568163453826700e-01,5.074456426479733162e-01,9.521045757497844653e-01,6.878143415170847597e-01,7.701156899587848770e-01,9.700822828068622616e-02,3.426096961957040277e-01,-1.880252037991056446e-01,5.258854831552263187e-01,5.439868246999907120e-01,9.439664689320901303e-01
7.400526702518249733e-01,8.046233040813779436e-01,7.381327718694723483e-01,8.715986674502507192e-01,6.182060032742470179e-01,6.722092837866759929e-01,6.221648460308807360e-01,7.801392494143331025e-01,2.811534804898930817e-01,3.924631729743506270e-01,6.549035623357400970e-01,0.000000000000000000e+00,4.641236725380110117e-01,5.073849186695081892e-01,7.700301424751621049e-01,7.920765660105176798e-01,6.601509711592851160e-01,2.274216062800621385e-01,5.891913841268650032e-01,6.603455790889749544e-01,7.206664897080430343e-01,4.082011646047829512e-01,6.670786428678296964e-01,9.641524337423041935e-01,-1.138397009710352403e-01,2.093558773530018458e-01,8.628795601845019592e-01,7.089053031768168811e-01,2.303501154345564683e-01,5.243633553552334847e-01,2.972573197924793797e-01,4.682812890163380315e-01,4.902071883502209237e-01,9.253091196485218051e-01,7.090128303751542793e-01,6.876516788257858170e-01,3.469926664772638000e-04,5.740878625229808296e-01,9.735312903588539957e-01,3.783512477061971024e-01,4.713706383020078716e-01,4.546681033426485663e-01,5.272899345123683856e-01,9.662901933019640843e-01,8.067660292146194845e-01,6.991967389741389205e-01,7.100186464903455175e-01,7.039023326184812301e-01,3.241719664291885517e-01,5.671426840015183490e-01,4.167084259375919419e-01,4.560972767866088851e-01,7.378585544495210868e-01,7.859555916983508306e-01,8.188803993810011006e-01,6.015729416334023583e-01,6.352320050956825614e-01,6.436141917437633309e-01,7.369767843219511283e-01,-8.417576923384403886e-02,5.670686797007973290e-01,8.346372079782891085e-01,4.963028476216471696e-01,6.900715454680225180e-01,9.484573592496869932e-01,2.407009867803570624e-01,4.984831160570155628e-01,6.732332531348583782e-01,4.302668542065546942e-01,7.807163112916633008e-01,7.662283693617266689e-01,8.195164159095884582e-01,5.039151449810208572e-01,3.749521218878710815e-01,3.572585778524823841e-01,7.699429254969771819e-01,1.261663295270468443e-01,3.695329960643607414e-01,4.693212374055063529e-01,5.471855601285904314e-01,9.573758816331737753e-01,7.974634264678245321e-01,-2.059654347425804444e-02,7.113025611750711970e-03,6.556171087062331315e-01
8.804504521291516284e-01,6.987441879619938900e-01,3.257587565327452195e-01,5.358401708388359497e-01,6.157354900374782947e-01,6.290218689953117615e-01,9.033817056718316252e-01,9.301141487707786926e-02,8.194198061190470783e-01,8.595062282627823347e-01,6.334855549412943265e-01,4.641236725380110117e-01,0.000000000000000000e+00,7.455116917332198501e-01,7.893965208959554669e-01,8.807273394460919391e-01,3.293251792956015667e-01,4.792236551290409152e-01,9.342797141418460738e-01,8.994698179241739089e-01,8.717153004499602620e-01,6.608227501646827262e-01,6.202728905347415500e-01,4.507175518762444044e-01,4.797594884447212715e-01,7.687442419309458153e-01,9.317982890806874030e-01,6.295413147132360443e-01,6.115020722330599678e-01,4.320809147719448240e-01,3.783290349361910221e-01,8.308968586228904218e-01,9.063061683775692767e-01,7.531606772184333831e-01,5.168170980446328278e-01,2.142223512746796732e-01,2.891242315655107586e-01,7.089309219846836596e-01,7.480350838447482609e-01,2.511566244334895726e-01,4.275288582608311461e-01,6.165077366763417333e-01,6.426359574080913184e-01,8.495904704636521310e-02,4.146690681620042729e-01,7.634809343445669860e-01,7.940786051920030175e-01,9.696120038243924988e-01,3.159235739410450883e-01,9.607486704432536273e-01,7.682220841573658143e-01,7.399613166493349548e-01,4.620133856415991058e-01,9.261116803839741785e-01,3.875851847699061103e-01,7.670274445102971406e-01,7.039153941084078658e-01,7.525774365007960043e-01,8.925428845801305355e-01,5.662724726239540818e-01,2.250035628774200713e-01,7.876642110588298884e-01,7.490914107035646641e-01,5.850956833256566458e-01,7.938719940728570235e-01,3.396721049840751849e-01,9.355461098329400649e-01,5.177673898540174902e-01,4.316463870621929377e-01,4.953576513706408058e-01,4.947913395068778142e-01,3.673997038701689588e-01,1.077703571292808749e-01,2.761365188095669665e-01,3.016615513854339556e-02,5.558784389909368073e-01,8.995182633343231648e-01,6.133804580195134637e-01,2.663070431950907979e-01,-1.141925999691723870e-01,5.114183780818829517e-01,4.485221626369500503e-01,7.063703775269702945e-01,4.465260804758781066e-01,3.925856078438003660e-01
9.887850000442699461e-01,5.997596097572091001e-01,2.844672313464401414e-01,6.831711955899744115e-02,7.938911933404393384e-01,4.809121874837018473e-01,4.084906498708702483e-01,5.297611093327179166e-01,9.854224448338819720e-01,6.643493307662433622e-01,6.066196362023148492e-01,5.073849186695081892e-01,7.455116917332198501e-01,0.000000000000000000e+00,8.624002544975920559e-01,6.022721398563989359e-01,2.380247922642971803e-01,8.751058304806410559e-01,6.651322630392498825e-01,9.645546550001361519e-01,-1.654110612159029325e-01,9.436250210663569282e-01,6.615115432102529613e-01,2.516725962256575189e-01,7.327851046872827512e-01,6.808200435331641653e-01,4.209422974781197868e-01,3.279714187260419633e-01,4.185495437911359584e-01,4.336131278359673935e-01,2.117208903826442445e-01,4.072232100722475434e-01,6.661200911172961980e-01,5.744655610664999301e-01,4.984165655519312010e-01,7.523134574814371867e-01,7.980843793338648906e-01,7.614178447486080747e-01,6.972306837799956414e-01,5.438450505026160009e-01,7.825047191926081114e-01,8.529986118418549090e-02,9.416356130049411410e-01,9.872906753170842542e-01,8.684796641641987502e-01,6.698335779207912344e-01,3.401349328911644765e-01,8.760270326725636547e-01,4.677570766702824345e-01,9.315553541922747538e-01,8.091504084371491379e-01,6.000517416288972949e-01,9.841293233695291853e-01,9.475586274295526579e-01,2.247793881969045171e-01,7.303574545272255580e-01,8.965162580016300398e-01,6.746036410360033431e-01,5.155947802740814545e-01,5.983032498295648427e-01,2.001019684027200984e-01,5.599956547399352891e-01,5.481433725447988348e-01,8.142466364240759091e-01,6.347020933358160644e-01,1.588803582060336617e-01,6.864224276933053037e-01,5.800411142659787078e-01,3.299738681896716708e-01,6.340552469395517310e-01,6.086789292853730382e-01,9.845415053449148024e-01,2.197163111842740935e-01,4.421060385489777311e-01,7.891843606153734481e-01,5.819365487922029123e-01,4.551944888383140930e-01,6.540145641915433572e-01,3.349365537280566407e-01,5.327980755302710314e-01,4.452355971792532063e-01,9.152169830719067978e-01,8.187902959232744582e-01,3.132070787206798768e-01,7.204554480497507019e-01
6.857051561142301077e-01,8.453101631307903263e-01,9.610497420383310452e-01,8.903450301600264183e-01,7.979684794349095611e-01,5.468160581402992104e-01,8.187016180677046950e-01,5.892458763284705858e-01,7.610996972051150555e-01,5.662042542232129660e-01,6.428784584770370625e-01,7.700301424751621049e-01,7.893965208959554669e-01,8.624002544975920559e-01,0.000000000000000000e+00,6.766929939434729313e-01,4.616527337630690342e-01,2.470585798470630312e-01,4.438913370245894940e-01,8.600021223031820150e-02,8.560891653449180794e-01,3.611954934597418898e-01,7.809320541434761065e-01,7.590174705886344464e-01,4.596393113268950614e-01,1.904360431396863174e-01,9.340646218167483195e-01,6.153652975281206361e-01,4.740082749995438993e-01,4.628699305853923307e-01,3.480260175620299989e-01,3.407929370791408785e-01,2.099640218706111949e-01,6.482436881091875325e-01,4.611311216437301019e-01,3.433816965412895827e-01,2.796011685326991181e-01,6.288095993113770321e-01,4.795838007324967900e-01,7.461538484825299689e-01,5.553869820231285281e-01,6.300168200719142853e-01,9.990330080450333661e-01,1.071080833710039981e-01,8.852732121082733663e-01,8.845802621124411180e-01,6.071325575984712897e-01,7.066274309445031987e-01,7.737217461372345451e-01,8.603491724600926815e-01,5.940877109359790076e-01,7.667420991895617099e-01,7.549049326018608674e-01,-1.295720109820026611e-01,8.017424592942875572e-01,3.471471839982871455e-01,5.357171538775624686e-01,8.030651257005758659e-01,5.394454706152714829e-01,5.924791108875717693e-01,1.740153786634951460e-01,2.640128615479212515e-01,5.198367040732031485e-01,4.042421741663060897e-01,7.792999394059321183e-01,6.427787221193765888e-01,4.239210357953858144e-01,8.827264928032653168e-01,3.779720192144813140e-01,3.000289802026944175e-01,7.481278428925342006e-01,7.101619551988271883e-01,4.581590896810431857e-01,3.672803487619516472e-01,3.356061735164799220e-01,2.900033047997065960e-01,6.824214091367147850e-01,6.921677112057854631e-01,7.324345817439785744e-01,2.755011233499405354e-01,3.193742187306808367e-01,9.687624574764539531e-01,6.543721413201337711e-01,4.895678207925188152e-01,7.860429922089881005e-01
9.722100149006218661e-01,6.312523310390526499e-01,6.128190209237293073e-01,7.937506293736853458e-01,7.237051884451866091e-01,1.290317314230315926e-01,3.411430306966264925e-01,-5.985062105707100732e-02,7.463815500729977792e-01,6.382417992540418972e-01,1.275712857311761816e-01,7.920765660105176798e-01,8.807273394460919391e-01,6.022721398563989359e-01,6.766929939434729313e-01,0.000000000000000000e+00,5.616292428461691078e-01,6.122719972173040759e-01,6.818878611319613148e-01,6.313819429982485687e-01,7.192156700210978748e-01,2.491427192250078582e-01,6.678022818968234464e-01,9.918197553534844335e-01,2.358773138636425792e-01,4.089532387701668714e-01,7.077938568940062014e-01,7.812293121930363737e-01,4.069956765752276717e-01,5.880667331179746382e-01,5.544392944592895223e-01,7.483861472105586277e-01,7.356248148475590387e-01,1.912605737757599178e-01,5.253357264399531878e-01,7.778700210561018645e-03,2.081329035981899500e-01,6.177005823155637954e-01,8.565971670094100210e-01,8.086267886750359013e-01,7.285413483255520628e-01,3.177504722169697260e-01,7.448053739271207618e-01,5.589390491363309676e-01,5.910568111413108117e-01,9.072025912757847310e-01,5.604468096332639870e-01,6.977633920872609030e-01,2.578780390860848648e-01,6.822803226321658698e-01,2.397439792022129645e-01,8.751950098671166245e-01,3.197557464618582257e-01,8.754842491290915074e-01,6.012065899396780155e-01,9.088622347358564779e-01,6.862225495466947045e-01,2.520487993873602450e-01,5.112765125327837223e-01,5.464305559864577333e-01,5.821190865478268472e-01,4.161462292819821940e-01,4.484384665956616112e-01,9.912741880458739718e-01,2.079769778801232039e-01,1.707495849228720941e-01,7.023104142107229331e-01,5.790784406968687570e-01,1.903667958605926858e-01,2.498369231631463738e-01,5.239856526162982586e-01,3.657243861128536278e-01,6.142561968188532395e-01,4.142555689488170434e-01,-6.273682670979122133e-02,8.545018542504850823e-01,9.884308181282177586e-01,4.738225038198539130e-01,4.564642884268313439e-01,-1.970865909543824124e-01,7.041316880364255626e-01,7.362754154312854959e-01,8.312806645949689655e-01,4.747790122440618821e-01,-4.148924095648337529e-02
2.603897232530075212e-01,6.807757510723949634e-01,6.750806848307184804e-01,6.662343975541350494e-01,3.242926803776131073e-01,6.288703133345341367e-01,9.085140626081091852e-01,7.328993006284620915e-01,8.456377155712538896e-01,8.654782014846191807e-01,9.926526305759123536e-01,6.601509711592851160e-01,3.293251792956015667e-01,2.380247922642971803e-01,4.616527337630690342e-01,5.616292428461691078e-01,0.000000000000000000e+00,6.917852538645591354e-01,8.165402674815728234e-01,6.466979433691887325e-01,7.834527135699888012e-01,7.006351990946376729e-01,8.690883546931325032e-01,9.775062113919632534e-01,4.514801422596588232e-01,4.784733714381360636e-01,9.162423514287511006e-01,9.431725585640445830e-01,7.656117677421876433e-01,2.295730793285065963e-01,3.686299269270125745e-01,7.991034662780931441e-01,7.018236712499830166e-01,7.682383569169095594e-01,4.092101348199571609e-01,3.787404514068003492e-01,5.346570472201591651e-01,7.740672319107019250e-01,7.758967375233638553e-01,6.210082328631049142e-01,2.538610948639555831e-01,8.111676795314767263e-01,4.225104480801686324e-01,4.605702562404557776e-01,8.223744033309753343e-01,9.265066516712214817e-01,6.281490442962681664e-01,7.226759006878963332e-01,7.335085860480438091e-01,6.053147346333284107e-01,1.015756028898634061e-01,5.046952988520346794e-01,9.900625494057133658e-01,9.187057703251070295e-01,7.285120323604227233e-01,8.969811731164752944e-01,6.591342267365712937e-01,6.886546650031147854e-01,7.295633608048023300e-01,2.563138801282243140e-01,3.257741460861245386e-01,4.950881745955989510e-01,2.089781276296797108e-01,9.370289444775669052e-01,6.763965232577510145e-01,5.533803721798745689e-01,8.098701976606637043e-01,7.985692043645424842e-01,7.142393506492830113e-01,4.895566396123553488e-01,5.584805328911488509e-01,8.634002550825176092e-01,5.038360863679616219e-01,-9.789199517484042934e-02,6.368265691562779995e-01,4.301268712612844047e-01,7.762957677674044987e-01,6.872363745368855747e-01,7.569784285419476344e-01,1.121713680086903475e-01,7.348509046022319025e-01,4.023085734611384634e-01,8.595734587474012089e-01,9.109196932018562842e-01,7.415578989469642224e-01
8.232620000609341959e-01,9.020732638864833453e-01,8.801257850823560602e-01,6.350957440251914221e-01,5.688439145394512675e-01,9.973521610555439176e-01,5.954155611596309017e-01,7.388835900024359749e-01,3.058574202299595979e-01,4.779993909164515498e-01,6.284678052358956268e-01,2.274216062800621385e-01,4.792236551290409152e-01,8.751058304806410559e-01,2.470585798470630312e-01,6.122719972173040759e-01,6.917852538645591354e-01,0.000000000000000000e+00,6.367596412717729804e-01,8.309137256053347187e-01,7.747397103729325440e-01,7.898740124159472353e-01,9.816215324735546588e-01,7.101368619891379463e-01,4.235021903659783593e-01,7.132127041402367418e-01,4.075635009163322553e-01,5.180139169481173811e-01,5.513014900426375098e-01,2.542647780238794231e-01,3.406836269263020522e-01,3.685838910061967066e-01,2.425085768934264197e-01,1.357841099280647501e-01,6.751576557742650087e-01,4.061612605863425263e-02,3.694196065947576990e-01,6.464833853006065612e-01,5.421834973676333824e-01,7.138919518713913170e-01,5.615950127471798226e-01,8.292225104947869019e-01,8.687026209413771793e-01,8.895321167267556950e-01,4.626619345047748300e-01,7.710291431464482148e-01,7.261462354526631024e-01,7.544496430324687530e-01,1.035683895711197178e-01,4.059870871784024837e-01,4.117521036663522871e-01,5.213576106976898217e-01,5.271927209847144802e-01,3.443406872091020476e-01,7.530193404333360707e-01,4.007600548399846696e-01,8.226996650535994826e-01,3.506594134477566405e-01,9.862727022280484146e-01,5.267475093137605757e-01,6.058447670408335650e-01,3.600431594123931767e-01,7.547459826125973992e-01,4.230747270313611197e-01,7.478782401453305528e-01,4.822793146088748539e-01,9.039275784007066994e-01,5.851428196568013718e-01,6.937009418293451635e-01,9.086830165964703276e-01,3.577831018145646302e-01,6.549692473476025345e-01,4.748226182660122974e-01,4.501090998971157275e-01,6.660411209878107641e-01,4.709953234558325041e-01,4.742817086988688757e-01,6.339275694701633768e-01,5.314444906205926245e-01,4.757373010508973987e-01,6.513205168223098473e-01,6.368100698334436816e-01,6.485783252983247094e-01,5.706507078308405978e-01,6.854591630212250042e-01
