0.000000000000000000e+00,2.056818872327683123e-01,5.434521439969655088e-01,9.178225463605976797e-01,7.174593586846385040e-01,7.163890476231311588e-01,6.485501230130806816e-01,6.527764104138702450e-01,8.462700956274512576e-01,6.747379845152717825e-01,4.572731258029303913e-01,6.043439817974700645e-01,9.214999967186264795e-01,6.372685594016317401e-01,5.517421350683349157e-01,2.834784188115922060e-02,9.540743769270865204e-01,7.007167874509324657e-01,3.908454068754386723e-01,9.473401783776749241e-01,7.555902108853984611e-01,5.584565864076654895e-01,7.170627173386804332e-01,3.724782779028186497e-02,4.032214812554970607e-01,4.124064203287877706e-01,9.884570236724816716e-01,8.620966059584821428e-01,4.268305015099572164e-01,3.105868032756309294e-01,2.886113836810780819e-01,7.984399665339667607e-01,7.906210577166983278e-01,4.989709976631830912e-01,6.454089430139491324e-01,4.771984582655977580e-01,4.456610380864493015e-01,4.360401833438998231e-01,6.997277836611194290e-01,7.317169865750696722e-01,6.195384635750419422e-01,6.298776303993698367e-01,9.940363219973511466e-01,9.481190311462290854e-01,8.805828628522531787e-01,6.673436441281863640e-01,1.593565533217479180e-01,7.188953862447727827e-01,7.302460242930227663e-01,7.349466680943310681e-01,5.936369385639199692e-01,9.088817152035929547e-01,2.912819140185824440e-01,9.026718461301302954e-01,5.936718507022740177e-01,9.880769833715292716e-01,6.412430990499802252e-01,8.147153548288263991e-01,5.138975508849311646e-01,5.857475929068132331e-02,5.833610314405784231e-02,4.856133283042334270e-01,7.902898713173229783e-01,2.289852982732878128e-01,9.285923168371800207e-01,7.398215095350764159e-01,4.085039958157557494e-01,7.557786536406404521e-01,5.274781229067042609e-01,9.136411148725842590e-01,9.547075966069200614e-01,7.554077757340886823e-01,3.536161823695131989e-01,4.406191802783606115e-01,6.842809599516423980e-01,8.305702810437471939e-01,6.107305529302856639e-01,9.261710581585445023e-01,3.469805191703022595e-01,4.218476811273083604e-01,8.529952972657994792e-01,7.967384412893464551e-01,9.754422196664398470e-01,2.516406250355974761e-01,7.592173231862613392e-01
2.056818872327683123e-01,0.000000000000000000e+00,8.459597154932577689e-01,9.864656060745710109e-01,7.817801400770318931e-02,7.399326405717866484e-01,7.804977694220046613e-01,3.390914723526695651e-01,5.137410289128439000e-01,9.553129264931916609e-01,7.928279975568766069e-01,9.535146582792158876e-01,8.260371038602263294e-01,3.126853158306123204e-01,1.265903980656633843e-01,8.452711391292357934e-01,7.179977029473005867e-01,5.313002411492866450e-01,6.324304845036488043e-01,2.276261061225030580e-01,6.150922850441523648e-01,4.829069774242150115e-01,7.090299839007395688e-01,7.007974771048409712e-01,3.412973851108807577e-01,9.792377872846212972e-01,6.307105664167915737e-01,5.305578549260147048e-01,5.372552182209312521e-01,5.127294777689409555e-01,3.058846145742587508e-01,6.033395196072145472e-01,9.583541883052048016e-01,4.379748447960045143e-01,5.826713016950797464e-01,5.631760625044075486e-01,5.542254567904512097e-01,4.702151704932683862e-01,6.170471772027438240e-01,2.594257141302250824e-01,3.121912919511121709e-01,6.708753212177235303e-01,6.617246077813483396e-01,3.140895374958527220e-01,8.721885577094902198e-01,7.758695237101222997e-01,2.542810914858553151e-01,7.744355219704308624e-01,6.108620862799446494e-01,7.462347127177240136e-01,4.782514836825360605e-01,4.495943278445098668e-01,9.425647840137137967e-01,6.984624812075580502e-01,7.784378994304008703e-01,5.318191076478095969e-01,7.478102964973354361e-01,3.689062817741490807e-01,9.045334889563082514e-01,4.869286709072342401e-01,2.035530453359424008e-01,6.571241227179240862e-01,2.517851303857943090e-01,9.856471702541325097e-01,8.812359546053111226e-01,6.830990822884193125e-01,8.041391228293952587e-01,6.723759822501118588e-01,5.542188324800118027e-01,6.957624451993164039e-01,7.581691409389633707e-01,7.289973452637457108e-01,3.271994993663553952e-01,5.107783235392211463e-01,3.588153430897836893e-01,7.250357301396908039e-01,7.517057437803988940e-01,5.776279398074036786e-01,6.793630409470284570e-02,3.708090680217883683e-01,5.444929805387772603e-01,5.438871543770273931e-01,6.194608674473778276e-01,6.568000520177227353e-01,7.360714494147915232e-01
5.434521439969655088e-01,8.459597154932577689e-01,0.000000000000000000e+00,8.094269381704635169e-01,5.121031005489705690e-01,2.779588606982633103e-01,6.423646512027545441e-01,9.027990001105298257e-01,8.780926105297933715e-01,6.553677200613345910e-01,9.164383356462968422e-01,6.653623262141405981e-01,8.770653089999611574e-01,9.294606750229765790e-01,9.803240056979911632e-01,6.559182570985440108e-01,6.987862880594140069e-01,5.586507139727591165e-01,5.799230555905603435e-01,8.323534634470958204e-01,4.502771284096412363e-01,6.252094953273313882e-01,8.316383699229376036e-01,7.350894924698616606e-01,9.526113524730062121e-01,7.368567769401426215e-01,8.643541485261745372e-01,6.880434372718917668e-01,3.051851867051487144e-01,3.527166153313998631e-01,8.980534032832521510e-03,9.400650150191187659e-01,7.486225972468392165e-01,9.126997189634853402e-01,7.983071715118571499e-01,6.484287831065566055e-01,6.267916616385170447e-02,4.337872813506521430e-01,5.025011743514615770e-01,8.106639224002836208e-01,9.790625201853613291e-01,1.405451460112100426e-01,4.333764916976211024e-01,8.754578437201716579e-01,8.068256832369388176e-01,5.886574207166737072e-01,8.935126835483645502e-01,3.445556382008516799e-02,6.342788601717939123e-01,8.207814189580319164e-01,7.383411441543338283e-01,6.735890540620562694e-01,4.512360849574030275e-01,5.447039380897055194e-01,8.862857194551752027e-01,9.250636417855540028e-01,5.629775785230640706e-01,5.455819130244380366e-01,3.312507392851871124e-01,7.880924191692801895e-01,4.394653952850778866e-01,4.559090947494621182e-01,8.728748773215637691e-01,8.611629478052311715e-01,8.417031923348542444e-01,4.989202429152628793e-01,9.420177359579695597e-01,2.192341971476269025e-01,3.569845208744619747e-01,5.620413311955972935e-01,9.221061636886733748e-01,8.628724656597407394e-01,7.777466002347686036e-01,1.314967006308249420e-01,6.008504372655413261e-01,7.754949379684686894e-01,9.327775221985209475e-01,3.398141465951541873e-01,1.159787491910808759e-02,1.514901363087333419e-01,6.570256829624073758e-01,7.278039087019871900e-01,8.219782683523763067e-01,7.813132305045820125e-01,4.632953708487896893e-01
9.178225463605976797e-01,9.864656060745710109e-01,8.094269381704635169e-01,0.000000000000000000e+00,7.280385849469891424e-01,7.823971157967044565e-01,7.459493371645757875e-01,6.579719441452200890e-01,3.700273136136593699e-01,5.614937952644752928e-01,5.959115989340026953e-01,6.480632073601071408e-01,8.385361131294920556e-01,6.137307246002172700e-01,7.750372995801905196e-01,5.118929693687703786e-01,5.062834596843257540e-01,7.102566443107571903e-01,3.109834106619121519e-01,6.673423631964910951e-01,7.880007512549019877e-01,6.260072504271562144e-01,7.297224057254363405e-01,6.794094687323042336e-01,4.709021699467599298e-01,8.611371549530091318e-01,7.955780928079054792e-01,6.049504211508990315e-01,3.054592651709836515e-01,5.528347867936214688e-02,2.263231917530096615e-01,6.083808544894871995e-01,8.089002223001277025e-01,8.490784437007208307e-01,9.045485069671372891e-01,3.758198603599214316e-01,3.606119623102992389e-01,5.536059552309358089e-01,6.363016823130948074e-01,9.789696859461000100e-01,4.858097356723597993e-01,2.322917466783039342e-01,4.294596417271437372e-01,7.242924258960778960e-01,8.983473135061104120e-01,2.523913662135253144e-01,8.840456700291108305e-01,7.421980638884642101e-01,4.789379954394725747e-01,7.027647234332010662e-01,6.041649086936380364e-01,8.335304640259973974e-01,7.115127704664909736e-01,4.128133518291136062e-01,4.661039335015059737e-01,9.481323767319294049e-01,5.814310179256358957e-01,6.737280580664392060e-01,6.679251056974450096e-01,5.878414687478037415e-01,3.910453917577327299e-01,5.126780142717135558e-01,2.591121484296991517e-01,2.454200234622346544e-01,8.073938150068088460e-01,2.849505147076531464e-01,7.229473843218485740e-01,7.467112096385164488e-01,7.700015408187957933e-01,5.161182159926042123e-01,9.433925332397719021e-01,5.288223313121930280e-01,1.343624572226798097e-01,5.247930796683236698e-01,5.263971858946944193e-01,4.121475547760843905e-01,4.338660808034002780e-01,5.715272084117081208e-01,4.284271969175967865e-01,2.157702197673108668e-01,7.469198567546380119e-01,7.184156827270439249e-01,5.774119976906398888e-01,3.113378455674976619e-01,8.002037801995407484e-01
7.174593586846385040e-01,7.817801400770318931e-02,5.121031005489705690e-01,7.280385849469891424e-01,0.000000000000000000e+00,6.885227014144805757e-01,5.523812187863068601e-01,3.261924723724152209e-01,4.877108139736379133e-01,9.710011718385953561e-01,8.684876411934392415e-01,3.482231625471883252e-01,3.623180719425063145e-01,7.657160350652619796e-01,4.704569932779638086e-01,4.546921745781828395e-01,5.168179094281571961e-01,7.363771317983178744e-01,8.848812529379876946e-01,7.638994383156689771e-01,8.607326588472595796e-01,4.620856223155135334e-01,5.166413346192828548e-01,8.939379031090620709e-01,6.472435956096608267e-01,6.413027253450666043e-01,8.603135260855669930e-01,9.097454310183012982e-01,4.210036699482023193e-01,1.440540784290478401e-03,3.294062908784067267e-01,6.898546179789509791e-01,5.118142284154419963e-01,8.238786911988204009e-01,7.201132594776804563e-01,6.115858942593878078e-01,3.736419573305547193e-01,4.826595555462136478e-01,8.160971772648659694e-01,1.216940745651799577e-01,4.947779948733204147e-01,8.362657152639794145e-01,8.260157104780918580e-01,8.358691947702636682e-01,4.268345748192384215e-01,5.460401293733484485e-01,7.623238376627620161e-01,4.029906094447242015e-01,4.931361288949372423e-01,3.233785226607582830e-01,9.472068346467620303e-01,8.341951445671976773e-01,6.044871613640097063e-01,2.397443246821707730e-01,8.615734127898302397e-01,4.590460494917879553e-01,6.716331053346873414e-01,6.394377380660135612e-01,5.879494427605833629e-01,1.272173795752283010e-01,5.231021946148917134e-01,5.281441833389947105e-01,6.652150004541146355e-01,6.501847770140580796e-01,6.702932245288878432e-01,3.053152374746610498e-01,8.942190816157925548e-01,6.703658465932863519e-01,9.706549493779038640e-01,6.582976198965047043e-01,8.665316126406874542e-01,9.723670793486899333e-01,4.627417077379081811e-01,2.372784971486122940e-01,5.946606546153343498e-01,4.880042796076984879e-01,4.976575900911943129e-01,5.288317063056122702e-01,6.307072619827148729e-01,1.646965879718255144e-01,5.326115004673954711e-01,6.124878641602138352e-01,2.913309154306141235e-01,4.165343762652548021e-01,6.110895277015864213e-01
7.163890476231311588e-01,7.399326405717866484e-01,2.779588606982633103e-01,7.823971157967044565e-01,6.885227014144805757e-01,0.000000000000000000e+00,2.092279812179727860e-01,3.363995798776782120e-01,4.611615360057209068e-01,9.375950014898647156e-02,6.588593276464091986e-01,6.234909079481789629e-01,4.981070117606044012e-01,9.097270752794278659e-01,2.217215329088761122e-01,8.605943176866845956e-01,9.803001122700751857e-01,7.200401305925567541e-02,4.462882510694159977e-01,5.446194937521041668e-01,5.301417091236938495e-01,9.562311200397599631e-01,6.708288037028879991e-01,9.583120315552224877e-01,4.092847639770860191e-01,5.324639174475254144e-01,5.222190730550492210e-01,4.808834369089048932e-01,6.120932130999606757e-01,4.635811936187816951e-01,7.073500159973011847e-02,5.026029024063276562e-01,5.630677832854407150e-01,7.923919130870471506e-01,4.011937194947198249e-01,5.561576463150069705e-01,5.382379464872356634e-01,4.765274736685952139e-01,8.644203924038580400e-01,8.109411167274395149e-01,4.736830755298033213e-01,4.722244651852375297e-01,9.360717240021408925e-01,4.532314164730285588e-01,4.434449708444796467e-01,4.951390422191508378e-01,2.021718154214337537e-01,7.032535785157169039e-01,3.041595097679714033e-01,1.665255551613777085e-01,6.124686128091426651e-01,8.794387179255029885e-01,6.085845711540077696e-01,7.449625730465255780e-01,5.995715016065956693e-01,6.988500844294616154e-01,6.513045910878991762e-01,1.473028495049732989e-01,6.765718781765212020e-01,5.319433425481912003e-01,4.760475156486392717e-02,1.322983892614972845e-01,3.573550734453477817e-01,1.785539495002949895e-01,8.150277394619447335e-01,-7.171806023357701898e-02,6.465127532008438926e-01,4.043796837449078474e-01,6.564440662700709028e-01,7.593672066612244809e-01,4.001930167261242288e-01,5.013843320589204122e-01,6.553258164183295431e-01,7.637397163475142525e-01,8.215938620133380610e-01,2.130692533471371941e-01,9.080286830344468374e-01,2.850555175571050648e-01,7.551906114117525881e-01,1.539274545073773259e-01,9.828741181999674226e-02,2.985261133607821082e-01,7.905955580885162259e-01,5.672726014750256729e-01,7.057253800507667929e-01
6.485501230130806816e-01,7.804977694220046613e-01,6.423646512027545441e-01,7.459493371645757875e-01,5.523812187863068601e-01,2.092279812179727860e-01,0.000000000000000000e+00,4.546430994316396079e-01,5.374771723256943634e-01,4.007253787503730624e-01,4.270703264304572810e-01,4.574661485946469597e-01,3.294508831100555896e-02,4.489169587702913633e-01,4.883005626414837486e-01,6.518831043922741486e-01,6.117750306389714288e-01,-9.801518355008637107e-02,3.253754770653358719e-01,9.267974924305717455e-01,4.260541410428917430e-01,6.549621299706095412e-01,4.864439376660758541e-01,7.893745505033071819e-01,1.196159398902119642e-01,6.837332484089170270e-01,5.876285046920584065e-01,2.335425330569997349e-01,6.511773546903144583e-01,5.532141414043042493e-01,4.302425196110082339e-01,5.884252712961280940e-01,4.379966348323259262e-01,3.779422782972416961e-01,6.546735791630592383e-01,7.547755464687850857e-01,3.598603207174633778e-01,4.600234892875729731e-01,8.172503660030756567e-01,4.559648804368500175e-01,4.017505921483124909e-01,6.358056524339648075e-01,6.517836749792672579e-01,3.130722710039937073e-01,3.666974690119004787e-01,2.731000485672703260e-01,5.924472329127770109e-01,9.271652078307839329e-01,2.226623373916000459e-01,5.429494829546906987e-01,-2.789083645869877559e-01,7.058541588847131454e-01,2.051944126415305436e-01,4.315275023733716742e-01,4.984311252064838604e-01,7.178800986370295067e-01,3.112208584680404844e-01,2.451672047412432193e-02,4.520758616405132768e-01,4.674007422258432132e-01,-6.863624236963219993e-02,6.247138839682624400e-01,5.481724493611456195e-01,9.583382007197701613e-01,7.542315696001877789e-01,2.215353472999307682e-01,4.577741164034651034e-01,6.105449065837247336e-01,5.244949252443381615e-01,7.598522232658095898e-01,5.491442654222178366e-01,4.002653418109273775e-01,4.209047480668196561e-01,3.550232377823386853e-01,7.039255973818188128e-01,5.574638045345641224e-01,4.791724793911599778e-01,5.515288443100344606e-01,7.703670350965506619e-02,3.641246809857976996e-01,2.342112993071846505e-01,8.791446760984256148e-01,4.552314027679157937e-01,1.124914333094402252e-01,4.300060213601426540e-01
6.527764104138702450e-01,3.390914723526695651e-01,9.027990001105298257e-01,6.579719441452200890e-01,3.261924723724152209e-01,3.363995798776782120e-01,4.546430994316396079e-01,0.000000000000000000e+00,6.351122571140664919e-01,7.497198484655701600e-01,3.491358832481256114e-01,7.964216268403347954e-01,6.160999506726260178e-01,8.256770666836500405e-01,2.063054574487652171e-01,6.074672494599646644e-01,7.693637757869240534e-01,9.490582632046749012e-01,3.224812429721564122e-01,4.667885757322059459e-01,9.099882060709647558e-01,5.755806503669522733e-01,6.076581419788293914e-01,9.236702829130026826e-01,2.349859881753180169e-01,8.432197546175239644e-01,7.978382794101426256e-01,5.157382763460571784e-01,-1.132679606632401303e-01,4.850756886097658260e-02,4.860277696358925592e-01,2.588592060104470405e-01,-5.780431102718835978e-03,4.665629345552709806e-01,1.683899956243760376e-01,2.428078125004116961e-01,2.985951430416631802e-01,6.299544649131860741e-01,7.956310693597228312e-01,4.447743254292009230e-01,5.112053391843954797e-01,3.945119450881230394e-01,8.476401953699671532e-01,7.429663720622569079e-01,6.209460853017734205e-01,7.039140107845109906e-01,5.790045584125954603e-01,2.650641918289649568e-01,4.814972306666563395e-01,1.180705071632226766e-01,6.998396336464800527e-01,3.491597645706463471e-01,5.652834255086476301e-01,6.580703155762647194e-01,9.037114639906457247e-01,6.809861700054584688e-01,7.973936434273611873e-01,9.018667742815292820e-01,7.338687604961896538e-01,7.607501251360671013e-01,5.680395290067146163e-01,7.652378787118322423e-01,6.600792782683425619e-01,7.141439022368685219e-01,6.739346480562349306e-01,4.311346696444764426e-01,1.452685404103537525e-01,3.404806762461712322e-01,6.182552683352504630e-01,4.118435812412561958e-01,7.007938112811195053e-01,5.756581778426643758e-01,1.910271445610911556e-01,1.260563936959485931e-01,7.846302927290565998e-01,6.879804041874447718e-01,7.947900211207679089e-01,3.207578595591231707e-01,4.491854810631357164e-01,1.151573453112212375e-01,7.086047906715483569e-01,6.614377811831655407e-01,7.065200168080757459e-01,5.875270789801999571e-01,4.704625312600577702e-01
8.462700956274512576e-01,5.137410289128439000e-01,8.780926105297933715e-01,3.700273136136593699e-01,4.877108139736379133e-01,4.611615360057209068e-01,5.374771723256943634e-01,6.351122571140664919e-01,0.000000000000000000e+00,7.390113226011035819e-01,5.562913852397793207e-02,5.673188595604115037e-01,6.199281289072142709e-01,2.684242634081351886e-01,6.910796482063895629e-01,7.645131825813202830e-01,2.540189981670873398e-01,2.594120395605504226e-01,5.437612732328273024e-01,5.974174283436957111e-01,8.315307940839853362e-01,7.719208672558739437e-01,6.761093891516177790e-01,7.022855778463563681e-01,6.346155250095173450e-01,-1.861248767854472574e-01,7.777206794271442902e-01,6.753464048979489209e-02,4.632231727163612089e-01,5.760286064839585940e-01,3.238770284264121391e-01,5.746824485094227386e-01,5.154062958260714478e-01,4.527892794450855130e-01,9.331636775884619706e-01,4.889505838513961145e-01,4.517424548423815134e-01,8.592995297346478489e-01,9.515513890525008067e-01,9.818699397807260087e-01,3.043893217568662268e-01,8.337380867855425093e-01,7.871593236826752715e-01,7.097482101970773449e-01,8.955940153126251690e-01,5.886198265638482585e-01,6.440902850537212343e-01,7.868552894735919567e-01,6.028736255798379240e-01,5.974720315512128677e-01,-1.419280356944657151e-01,7.689352596178512522e-01,8.682394642441306765e-01,5.750725241324483594e-01,8.803974733468522551e-01,9.068576840325097699e-01,8.131271671414498359e-01,7.408075080789133793e-01,1.570286510157272719e-01,5.456821664066565658e-01,5.613918927352732346e-01,7.498499789534134319e-01,5.105825686829597032e-01,5.063681381919618030e-01,9.863477641384228445e-01,6.867939757706610360e-01,9.066482972849512212e-01,8.893264141503617326e-01,7.299686669996605648e-01,6.392494299702471405e-01,7.258774167096767593e-01,7.891243803877913132e-01,3.480834557943219831e-01,2.877046673476740257e-01,2.012454465731433051e-01,6.740601305796607434e-01,7.531387955634366582e-01,5.888418855867829649e-01,2.168644852947719248e-01,4.086890133726864272e-01,3.007612199487094684e-01,2.601046449397959037e-01,5.728722575091245162e-01,4.354910297943505038e-01,6.950679421512968581e-01
6.747379845152717825e-01,9.553129264931916609e-01,6.553677200613345910e-01,5.614937952644752928e-01,9.710011718385953561e-01,9.375950014898647156e-02,4.007253787503730624e-01,7.497198484655701600e-01,7.390113226011035819e-01,0.000000000000000000e+00,9.065662522684371227e-01,5.579916873877738270e-01,8.760108587982106121e-01,6.760971048274784234e-01,6.810566572186280698e-01,9.558551105937063141e-03,6.892861319838720080e-01,9.385689482135382011e-01,2.675764007219599838e-01,7.800876871197779394e-01,9.655620406733974592e-01,2.459867273663104148e-01,6.119915877033932361e-01,8.105298968711417418e-01,2.014290114174044910e-01,5.038495952488077911e-01,9.366253640104043043e-01,8.379887380938529917e-01,7.372620876955180425e-01,-5.780398861086166740e-02,2.087101073940667573e-01,4.565778342480427132e-01,7.927235281933403543e-01,2.446741758544894174e-01,6.034566255166690096e-01,4.715730092526126960e-01,1.938329485193426016e-01,6.018428531293613659e-01,7.807397156623415713e-01,8.614397981599760667e-01,2.520678745347600946e-01,9.659308396217011206e-01,2.196157967778520348e-01,6.143749357483786477e-01,7.674698733715366039e-01,4.971246070176855159e-01,7.390375274544310757e-01,7.904771699343854374e-01,5.788155117565543240e-01,2.493129084592272393e-01,1.582116623637747355e-01,7.583765982786310200e-01,1.406592574241608551e-01,6.066371710457189037e-01,6.060060991470834768e-01,9.626537115788698085e-01,3.365535108867332426e-01,6.857057143969343960e-01,7.848962428386792034e-01,2.401933028839991491e-01,2.575995966194314368e-01,4.476480036631373949e-01,4.313337825583699603e-01,9.597418961078829636e-01,6.444386991804911258e-01,6.639440876135745961e-01,5.361672446964960148e-01,6.061356094564532837e-01,8.123867692002395557e-01,3.791041416803123676e-01,8.557066478515676922e-01,6.984632152274723449e-01,7.633767813904868138e-01,6.997983931221949394e-01,6.763677735312925154e-01,4.637319550641021415e-01,4.657228976683481791e-01,7.250038528330795540e-01,4.865089558779896184e-02,1.475768541394682776e-01,2.717394698157073463e-01,8.446884887517439600e-01,9.707622663622912373e-01,3.537418687560570651e-01,5.399422133749179897e-01
4.572731258029303913e-01,7.928279975568766069e-01,9.164383356462968422e-01,5.959115989340026953e-01,8.684876411934392415e-01,6.588593276464091986e-01,4.270703264304572810e-01,3.491358832481256114e-01,5.562913852397793207e-02,9.065662522684371227e-01,0.000000000000000000e+00,9.955629012603073313e-01,4.402352833069433369e-01,9.786938884799063487e-01,6.911130913597695047e-01,6.308463125576293518e-01,9.429337770387294926e-01,4.599230635948347024e-01,6.340025993281723782e-01,7.206767645214404716e-01,9.281072765830179483e-01,7.256867662931461016e-01,4.909451008582696452e-01,8.384248379784955407e-01,6.174608169091507781e-01,6.361245471114906902e-01,6.923032993126811974e-01,8.782226322498848381e-01,-1.971117435439409260e-01,8.510271155099835561e-02,5.431708739019708299e-01,2.815409681325016789e-01,3.126518796116287136e-01,3.868637701803111506e-01,5.478801817994621848e-01,3.639701429092495055e-01,4.893957251753409676e-01,7.453497415580834229e-01,8.752584573420116865e-01,7.846451110331147394e-01,3.834060053989957750e-01,8.742146389283357300e-01,7.597968398884211716e-01,8.520361883963724070e-01,8.171583481478985611e-01,6.729072248440970405e-01,6.196123385440770459e-01,7.466953256687689500e-01,5.768568849719070135e-01,3.286835266390085719e-01,4.650437518242682144e-01,8.800532954615482018e-01,4.101366132280880317e-01,4.864615605852826707e-01,5.244687631930187166e-01,5.157790576789418324e-01,3.495724587028692376e-01,6.946539561845577193e-01,7.981556882500365768e-01,4.572851150713094226e-01,7.509482857634663944e-01,7.764256014420637397e-01,2.902782653955939263e-01,9.021615041642263577e-01,5.866762712085522580e-01,5.284297695590861599e-01,4.986938649113068500e-01,8.282366814010437839e-01,7.706376301150722474e-01,7.912847874320680930e-01,9.697104282317582369e-01,5.196132602914568244e-01,4.875842604481177012e-01,5.606530635967551524e-01,2.874527999518433630e-01,7.288829566234115154e-01,-3.245427002097365232e-01,7.856221513356317354e-01,2.107318872159602563e-01,3.245110605333175746e-01,2.447823588219936730e-01,3.311265726860815883e-01,8.722008253618169782e-01,5.615239628444071984e-01,4.490720258189092595e-01
6.043439817974700645e-01,9.535146582792158876e-01,6.653623262141405981e-01,6.480632073601071408e-01,3.482231625471883252e-01,6.234909079481789629e-01,4.574661485946469597e-01,7.964216268403347954e-01,5.673188595604115037e-01,5.579916873877738270e-01,9.955629012603073313e-01,0.000000000000000000e+00,8.716123475635776385e-01,3.475262338707844068e-01,6.290537803818326834e-01,5.424404356275308592e-01,5.756618594223170682e-01,7.318616516084414103e-01,6.417685105755488451e-01,9.390531554206835718e-01,6.132489924067666687e-01,7.793562570666036082e-01,6.139585600278887334e-01,8.392090393055877673e-01,2.616791535707315708e-01,7.970792050244644988e-01,6.419636297219070142e-01,7.229152823854103627e-01,1.938311289272862670e-01,4.289000367349701803e-01,2.765183768008205867e-01,7.075235665950165842e-01,7.935146823454832798e-01,6.446388698692929742e-01,7.006920429563247010e-01,2.481554885645161357e-01,7.925148954641809962e-02,4.595126123916576377e-01,6.137099530397630565e-01,6.123185038293990079e-01,7.017040443170965980e-02,4.435761586632508968e-01,9.414452813010951715e-01,4.593859362589007289e-01,6.494741324494119894e-01,6.176556200128995311e-01,7.074912162825475193e-01,5.106523951512340620e-01,6.226894394340704020e-01,7.534199364158415957e-01,6.718008382586665439e-01,4.803209648468489412e-01,8.107111857929587551e-01,1.259987649949670108e-01,7.949944426638668737e-01,9.229674452456799738e-01,6.126384839407635896e-01,7.213413440091405171e-01,9.623562755422709891e-01,4.775570879815713154e-01,4.785096867732320236e-01,5.084768417003452390e-01,5.688541980489736360e-01,8.763983205939132048e-01,8.669052773597307748e-01,4.914829750637280670e-01,7.730035836434470120e-01,7.706686175678195694e-01,7.078903972243316689e-01,5.421068850854529053e-01,6.115782277301797798e-01,5.461263251094801152e-01,4.864956907450731505e-01,1.214894059709775292e-01,2.439762386300012853e-01,8.153047501323562596e-01,4.778845129547407700e-01,5.835535949592365323e-01,3.850566467498667267e-01,3.526025365381095789e-01,8.223514608355886324e-01,8.949470504327281528e-01,6.371984228533219552e-01,9.675904007257489781e-01,1.843555965965553989e-01
9.214999967186264795e-01,8.260371038602263294e-01,8.770653089999611574e-01,8.385361131294920556e-01,3.623180719425063145e-01,4.981070117606044012e-01,3.294508831100555896e-02,6.160999506726260178e-01,6.199281289072142709e-01,8.760108587982106121e-01,4.402352833069433369e-01,8.716123475635776385e-01,0.000000000000000000e+00,7.092053926287710253e-01,2.998928391579774866e-01,8.261543267380624389e-01,3.742986189166973565e-01,5.226335305468915449e-01,5.874674605540278760e-01,7.371972337329616431e-01,8.326580898559942101e-01,7.726155612820091445e-01,6.208953621840425097e-01,9.968162903489095061e-01,7.246117380706289524e-01,4.056088115291099361e-01,8.223531419528967712e-01,7.115813498610291665e-01,6.049013982237548825e-01,6.388501723464669046e-01,4.416709460152399291e-01,4.285579186827878639e-01,4.304906304253314775e-01,9.087630502488307505e-01,8.527638030065594066e-01,2.029343747424701694e-01,4.716137375616074046e-01,2.590653169201702077e-01,7.111665476313819845e-01,6.967740996333893211e-01,4.685548216072734640e-01,5.370792446117979013e-01,6.082109059294943387e-01,7.096388662549478754e-01,9.206341618249838099e-01,7.620041611429360096e-01,5.641119432394727795e-01,9.747033459350256113e-01,4.591982645371052718e-01,9.346004115006282253e-01,7.312007296439677617e-01,6.943082471986027349e-01,7.116738230885097938e-01,2.441651443230039020e-01,6.060836520861904164e-01,1.093852000409180070e-01,8.296453312717024797e-01,9.300988027681537096e-01,9.901092034282207299e-01,5.480500128626016876e-01,7.074843799957625246e-01,8.438611782657826632e-01,7.322757808487825315e-01,3.517246112492779520e-01,6.765698698487057072e-01,4.861804992326246300e-01,9.746509681772981271e-01,4.029574683061374896e-01,3.499781844608340631e-02,7.709188031682111530e-01,2.072630542948019350e-01,9.311263909421587659e-01,1.992348666896174569e-01,2.340407650200428957e-01,9.537196565826424610e-01,3.480892040699045120e-01,5.976793285078738638e-01,5.350199916101376907e-01,7.026514349246140156e-01,4.345644475238692461e-01,5.980242144317003961e-01,6.252142601266442723e-01,7.519633405333906451e-01,3.193957816431840513e-01,8.810715036778314913e-01
6.372685594016317401e-01,3.126853158306123204e-01,9.294606750229765790e-01,6.137307246002172700e-01,7.657160350652619796e-01,9.097270752794278659e-01,4.489169587702913633e-01,8.256770666836500405e-01,2.684242634081351886e-01,6.760971048274784234e-01,9.786938884799063487e-01,3.475262338707844068e-01,7.092053926287710253e-01,0.000000000000000000e+00,9.074667710231912876e-01,8.759511979730330022e-01,6.696916989555743438e-01,6.384120095067677969e-01,7.189196309867318391e-01,7.820061466116992044e-01,3.362307178416379938e-01,7.089239898264380058e-01,8.406046053467114421e-01,8.724531375294718449e-01,6.871788302123192638e-02,8.360043310262856853e-01,8.271173020371995754e-01,6.364026356705329013e-01,-1.537102563573612135e-01,3.908925821611078932e-01,5.532344481748917575e-01,5.432518708574128885e-01,8.629195571834328282e-01,9.361578098630820577e-01,5.638944557981125927e-01,3.302213173621925124e-01,2.516411668737217888e-01,7.525733657292007495e-01,7.990210949632128301e-01,5.119241432579026974e-01,5.738793110760210814e-01,7.406094136173613229e-01,6.146676412396081535e-01,4.656681913226644598e-01,6.281733492358361204e-01,4.709966335734791509e-01,2.393009758497658679e-01,5.727774753348993109e-01,4.079765079596860966e-01,9.378513957616156915e-01,4.322929370954007866e-01,4.878323552777438787e-01,6.346254925979712969e-01,6.129711234683902221e-01,2.792693496226791305e-01,9.387957892486176181e-01,4.709001551223249149e-01,7.760348692232567069e-01,9.993162248753418853e-01,3.818514489042821314e-01,2.359673110772292637e-01,2.263130468604643841e-01,8.237509252932518899e-01,6.439616668410677036e-01,9.940813416471601105e-01,6.627169030548580864e-01,6.960609868806809652e-01,7.529655632718844638e-01,4.015803842097499521e-01,6.679973516351430662e-01,6.949462219478341751e-01,5.986822739544772620e-01,5.886699567799209554e-01,1.003318716796537668e-01,7.730368356518494410e-01,7.428689937468052618e-01,5.917453419060894060e-01,8.800543033557030048e-01,4.240074951452809104e-01,1.189051272289136651e-01,4.477471723876993437e-01,8.409447484657237570e-01,9.725036417419896662e-01,6.975062132028938544e-01,7.990668288472279057e-01
5.517421350683349157e-01,1.265903980656633843e-01,9.803240056979911632e-01,7.750372995801905196e-01,4.704569932779638086e-01,2.217215329088761122e-01,4.883005626414837486e-01,2.063054574487652171e-01,6.910796482063895629e-01,6.810566572186280698e-01,6.911130913597695047e-01,6.290537803818326834e-01,2.998928391579774866e-01,9.074667710231912876e-01,0.000000000000000000e+00,6.616540785873036290e-01,4.644711039363991212e-01,2.635998332907857900e-01,7.219984760638783472e-01,6.553105430247415653e-01,9.607710471500774396e-01,2.954223075404240340e-01,6.779596791790041266e-01,2.753756219751262724e-01,5.209667696239643764e-01,4.607725487960664945e-01,2.194071340389172620e-01,4.365275395263192304e-01,3.786997830434764567e-01,5.110836887452397947e-01,2.293027516388242149e-02,5.106669275470947511e-01,3.048105969843700747e-01,4.435143240139705623e-01,8.360641078541032334e-01,4.381821081768035864e-01,2.804710814642207284e-01,6.900280889111477522e-01,6.413945303186021629e-01,9.675036165090500351e-01,3.775799474883230200e-01,6.585041753018587851e-01,7.133873782902626637e-01,3.899390287115442888e-01,9.733058126741607197e-01,4.435093713153108741e-01,5.516004735822059857e-01,9.783280057937013829e-01,2.558728826750751306e-01,4.457652753547383662e-01,7.963696627827508978e-01,7.468104724855703092e-01,8.815718792611731969e-01,7.870966153321045100e-01,8.340768962694383726e-01,7.307241264679569248e-01,3.863417489523911508e-01,5.661362111684373755e-01,8.083254697775764663e-01,5.178519578054734812e-02,5.761579410419849223e-01,7.577453196077872377e-01,7.163184938871987040e-01,8.770931407184321404e-01,7.954537509169637977e-01,7.558196741817837516e-01,7.142180119052975451e-01,9.820096045249501193e-01,7.281460649251231265e-01,6.632907678914597982e-01,5.068232131531920093e-01,8.830942362842786331e-02,3.173753365026763529e-01,2.399709477903285426e-01,6.385239401020391670e-01,7.193675993979062877e-01,7.683202795258861073e-01,3.481992768896233215e-01,6.047041476160699425e-01,3.831209268550953562e-01,3.774787493317413034e-01,7.463085947310965640e-01,7.847948387576502149e-01,7.013474382731413881e-01,6.862788026485238113e-01
2.834784188115922060e-02,8.452711391292357934e-01,6.559182570985440108e-01,5.118929693687703786e-01,4.546921745781828395e-01,8.605943176866845956e-01,6.518831043922741486e-01,6.074672494599646644e-01,7.645131825813202830e-01,9.558551105937063141e-03,6.308463125576293518e-01,5.424404356275308592e-01,8.261543267380624389e-01,8.759511979730330022e-01,6.616540785873036290e-01,0.000000000000000000e+00,5.556891815812293745e-01,9.941896304524026062e-01,9.689047413262349417e-01,2.853557402429973133e-01,5.570987204836805873e-01,5.348330354631372074e-01,5.484530734981148958e-01,9.956738712688576465e-01,6.694791764191977412e-01,9.246498420706482646e-01,6.359699879821407720e-01,5.686593982374806844e-01,8.532312706485823198e-03,1.882800331444573205e-01,2.850632831586122351e-01,5.212477898931530129e-01,5.097278122294025549e-01,4.278699806718826437e-01,2.649715082456921000e-01,5.352042698262690079e-01,3.190322145820270044e-02,4.663855224637242225e-01,9.129482443676706360e-01,7.870071957601179058e-01,7.576727636452240677e-01,6.092430417510906748e-01,7.903287067812146960e-01,2.148769405515785214e-01,7.022076313898911737e-01,7.493672837278968490e-01,5.335817996533966934e-01,9.576833531455584136e-01,5.600571743611327813e-01,6.796081503376972810e-01,7.934739209192565035e-02,9.840837557940287361e-01,8.537146016585326347e-01,7.638656259504155166e-01,3.735072946420538997e-01,4.522172216138498069e-01,7.113150915999508772e-01,8.741893637507365256e-01,9.538662724390712944e-01,7.729511019282250261e-01,3.921849874857878393e-01,3.546586744762909582e-01,1.227584923351387886e-01,6.746265088454330705e-01,3.530573400720573574e-01,-1.454213336132200718e-01,9.347018464064338339e-02,9.855361861128383305e-01,5.333464999291536168e-01,5.057997457429906918e-01,2.556785206509856745e-01,3.081971866724270703e-01,6.529523743681673320e-01,3.770970403479495525e-01,4.831890661665607656e-01,7.125531374583501387e-01,7.399776716452108882e-01,7.953455968947835686e-01,4.139709202388048292e-01,3.290397503430270154e-01,9.325711290471376813e-01,5.540220790707378606e-01,6.100100136769724957e-01,2.577260951623399077e-01,8.948578698885740756e-01
9.540743769270865204e-01,7.179977029473005867e-01,6.987862880594140069e-01,5.062834596843257540e-01,5.168179094281571961e-01,9.803001122700751857e-01,6.117750306389714288e-01,7.693637757869240534e-01,2.540189981670873398e-01,6.892861319838720080e-01,9.429337770387294926e-01,5.756618594223170682e-01,3.742986189166973565e-01,6.696916989555743438e-01,4.644711039363991212e-01,5.556891815812293745e-01,0.000000000000000000e+00,8.588409454167824642e-01,6.959652193026392153e-01,4.931520741889239279e-01,4.284801278815510428e-01,5.315583618954241585e-01,5.935126336098790478e-01,6.807703608109297866e-01,6.816829310656512542e-01,5.974454933545643165e-01,9.267884827124682756e-01,7.490773952941498504e-01,6.363834958192602365e-01,9.764905364640025232e-02,1.565047696938821342e-01,4.846447911912979412e-01,7.155032591939618491e-01,4.940943789746449211e-01,3.812894292255050166e-01,-1.073576789384730473e-01,5.537992157173980967e-01,6.004188974174917703e-01,6.880915478831476362e-01,9.591234374681572028e-01,5.156671366295613179e-01,6.191418190422600665e-01,8.279984635320386532e-01,5.247000523663178928e-01,7.999934784721027814e-01,6.756541272026075351e-01,7.809366813705544974e-01,9.285841646716131992e-01,6.875353935316733667e-01,6.929402652055147716e-01,2.780642824995345763e-01,6.696470185113656548e-01,8.193662089184395869e-01,7.399376993284876303e-01,8.738105886446263515e-01,7.242385739727861260e-01,1.315632747796900703e-01,7.704516308842755956e-01,8.538831026174737993e-01,-4.284224976766007331e-02,6.298404319169838006e-01,4.834098709588144360e-01,1.963761746534081198e-01,5.930957461343738801e-01,4.828579619248029586e-01,4.597854284706802686e-01,7.595686797440397431e-01,8.430745905453576050e-01,3.712463630698044637e-01,7.265917443341558535e-01,9.334121664077739133e-01,9.416047160022126272e-01,-1.391031805603766269e-01,3.982095220614096931e-01,6.937175496350989068e-01,6.643319699797717304e-01,8.405490427691515443e-01,3.886054332394984767e-01,6.705549318893869737e-01,5.263909572220007993e-01,7.422782237757317159e-01,6.855549241666982763e-01,8.303176715652398343e-01,2.750245784279097272e-01,9.156404916155678197e-01
7.007167874509324657e-01,5.313002411492866450e-01,5.586507139727591165e-01,7.102566443107571903e-01,7.363771317983178744e-01,7.200401305925567541e-02,-9.801518355008637107e-02,9.490582632046749012e-01,2.594120395605504226e-01,9.385689482135382011e-01,4.599230635948347024e-01,7.318616516084414103e-01,5.226335305468915449e-01,6.384120095067677969e-01,2.635998332907857900e-01,9.941896304524026062e-01,8.588409454167824642e-01,0.000000000000000000e+00,3.989704756647509676e-01,7.016675843958787295e-01,8.511348757793966158e-01,2.913002391197415109e-01,8.852146913085224833e-01,7.230845674128293099e-02,6.193664337657388552e-01,6.053873729746510612e-01,7.199233330020843313e-01,7.479839890231489985e-01,7.949203640059900877e-01,5.276032727006157996e-01,3.816056447342459912e-02,7.332765874447754184e-01,7.905477690204361085e-01,5.325864688006625158e-01,7.124140458914207663e-01,2.938508073582069002e-01,2.242346383509996599e-01,3.971953901115423680e-01,4.772071307338339174e-01,7.252685040828414920e-01,2.392046235069721916e-01,7.613838580953674606e-01,6.694107672109262941e-01,5.270309279105328537e-01,9.023185398484113717e-01,9.578535851687500768e-01,6.030620594059225015e-01,8.141905205542616653e-01,5.862786944214339879e-01,8.873724497927795163e-01,4.444707548115446882e-01,9.496631841266262031e-01,7.651136920118208895e-01,7.080054706894626237e-01,6.731344452566250247e-01,6.548868756510577427e-01,8.250878350950614504e-01,2.134402170784263642e-01,7.323211166165779495e-01,6.890650728895598709e-01,5.288864327049696001e-01,4.507095446636163460e-01,5.345576387249688644e-01,5.955205806205556840e-01,8.424064374831018442e-01,6.435157999357612457e-01,5.364716748480009567e-01,2.056421044178452784e-01,7.043938558429850838e-01,3.679330712165048145e-01,7.272976760273094365e-01,6.765601102925730137e-01,4.648493882226490959e-01,4.330634376802049434e-01,6.330823952123701970e-01,4.152731026345276022e-01,5.647583603474664038e-01,2.905832200446938351e-01,5.179153248580021796e-01,5.205555881559115194e-01,5.141464545033159750e-01,7.448663919318417870e-01,5.680534639916066109e-01,4.607986374899914472e-01,9.659044363408200162e-01
