0.000000000000000000e+00,9.682089909705511310e-01,5.837810223892216932e-01,7.059691802686007822e-01,5.569694936182491007e-01,4.893445967506681593e-01,8.137916837023114747e-01,6.308974635504233097e-01,8.653152841582865129e-01,8.426567634054470401e-01,9.054498547536246056e-01,8.839818555339430395e-01,4.363284880222051410e-01,7.599840016156512723e-01,7.736866316334340965e-01,7.897178329721915579e-01,7.007567199702930960e-01,6.653920133203162779e-01,6.309827061159487549e-01,8.791055622537276015e-01,7.756648391101303996e-01,6.101858604062433411e-01,2.804491665437894854e-01,7.422651361576376727e-01,4.370921840295565602e-02,6.608721057271929045e-01,5.695019118839431682e-01,4.765340698295522093e-01,9.876379378506808249e-02,2.188837227440001976e-01,8.192150355867190425e-01,7.227959428976564737e-01,4.597773186242395393e-01,6.818199238258174644e-01,7.693571169532656961e-01,6.696874325116907167e-01,3.145901185763322339e-01,7.449993073484307837e-01,7.172386918000130951e-01,9.481170911366516574e-01,5.277308370314501840e-01,7.307383429033029731e-01,6.255811451549616597e-01,7.982505611322986416e-01,8.625140713234054068e-01,7.638483295196152323e-01,6.350365545396390310e-01,8.326106015498377921e-01,3.748975411976741001e-01,3.309143503062482727e-01,4.741861929600621473e-01,7.465098691457016100e-01,9.025022017094734839e-01,6.931941804678621866e-01,4.669175601412221543e-01,6.037216633724210579e-01,7.420179983012612501e-01,6.881246037682451355e-01,5.435332405967938652e-01,3.605352068255522902e-01,7.438750908869090628e-01,9.791816976899453406e-01,6.079173669954672787e-01,6.398134531549914961e-01,5.112445376868428593e-01,5.482713213651113637e-01,4.943582006036437160e-01,8.080565275893817345e-01,7.230250652616092566e-01,8.182399822774444331e-01,8.609142355676658864e-01,9.702257540154008986e-01,2.759537090815842308e-01,5.201982568076795044e-01,6.493562326005762886e-01,7.300774659244111398e-01,6.536091800084662395e-01,7.433720486069430589e-01,5.251146739941695007e-02,3.248759029407533583e-01,9.461795133260144652e-01,7.971671510367795976e-01,7.218394432981869446e-01,2.498052891314978263e-01,7.637956634573376258e-01
9.682089909705511310e-01,0.000000000000000000e+00,9.509678128320184776e-01,2.659937895097523874e-01,6.488253957044005649e-01,7.801264706974536667e-01,4.273973686898237534e-01,7.587694653231011888e-01,5.868717158109459930e-01,7.189534112629990537e-01,5.269602326716082974e-01,5.364310709017753309e-01,4.614107208918256098e-01,4.805119947777558020e-01,5.047991620185322548e-01,8.773155371124020663e-01,2.822808099826640271e-01,4.048879337055178995e-01,7.799203914750343358e-01,3.947363925791061434e-02,8.629356301232793403e-01,6.455136203334318479e-01,6.626111788599091668e-01,7.785892218777833440e-01,7.747412431017515200e-01,8.944322539541423867e-01,3.290126473360296400e-01,8.767839325661852534e-01,7.785678546106870046e-01,7.567238442090163941e-01,5.514368928310603435e-01,2.259403987182913298e-01,2.443376219885971257e-01,3.726742571524429559e-01,2.836028711522509127e-01,1.811070071568092466e-01,2.666107327463501098e-01,7.566735881404295094e-01,7.053771973756783886e-01,3.960062477682942950e-01,1.988131193367193017e-01,2.475821304310656390e-01,9.063107612660836754e-01,9.090912703779634452e-01,9.963187267032928007e-01,8.202279075500636951e-01,8.934527064343772418e-01,7.955387555117674481e-01,6.553914582190549787e-01,2.486270185086602025e-01,7.060116141535124346e-01,7.154777551468436414e-01,3.408817103839233420e-01,7.439073239962302742e-01,8.572207995738214681e-01,3.616175658673012605e-01,5.056765109496835775e-01,2.054516693155650497e-01,1.350829414611502965e-01,6.490927498782368688e-02,5.454238112244826908e-01,7.939676821190364553e-01,7.809683898640537025e-01,6.949003470318776410e-01,9.716393978266572029e-01,3.478395385342001322e-01,8.157037785051359791e-01,7.445997111743514196e-01,6.939664203975861589e-01,6.219882948960240299e-01,8.041495427791433004e-01,9.277785080252869410e-01,3.947275528557581681e-01,5.016879408319548928e-01,2.711660791123799985e-01,4.862288862218446250e-01,7.978017274810808024e-01,5.450775495503469292e-01,7.805172489999272489e-01,9.646674774898121585e-02,2.727864456897165502e-01,7.613311275382929066e-01,3.133245849584516685e-01,7.978083922837523323e-01,6.413097487529323404e-01
5.837810223892216932e-01,9.509678128320184776e-01,0.000000000000000000e+00,7.761860315556716738e-01,5.138183546670351820e-01,4.437990831258079027e-01,4.779258136069872154e-01,5.552177547105443534e-01,6.595110245269559801e-01,6.238296120454449589e-01,8.529232120186112098e-01,6.714341400947752003e-01,7.889267337484282550e-01,7.417218177001618784e-01,9.691430044790346754e-01,8.646145358707848505e-01,7.458016713271498066e-01,5.487410972098216710e-01,2.926378094118866624e-01,6.794080722634768810e-01,8.451985489678397467e-01,9.992491984859294130e-01,7.873423387113085425e-01,7.543838888566912759e-01,8.746776330133617661e-01,9.317419823295929326e-01,7.178614656058845966e-01,9.124093055593401891e-01,2.211156693092809211e-01,5.880497973386353827e-01,4.971292325518861799e-01,6.345824882566998282e-01,7.465240611115765423e-01,7.110273353210571079e-01,6.583909189321529576e-01,6.345813438954990282e-01,6.367188962786787809e-02,8.155180473676995057e-01,9.411204641496138112e-01,6.821165469692750394e-01,5.198188135828064604e-01,8.299197663780495393e-01,9.199722189147763185e-01,9.190258838137121966e-01,8.038634600336997948e-01,8.288750690281098121e-01,5.231262494327758583e-01,9.139595595405526351e-01,9.972937751299943976e-01,9.336597448672264710e-01,8.306804494788717630e-01,8.700120904098733732e-01,2.019744218110019196e-01,9.372370937296365945e-01,4.065420097713752789e-01,6.289201621280933185e-01,9.470562797080903650e-01,2.906561581186725141e-01,1.859678188452091596e-01,-1.638731365456715383e-01,6.734708545661579615e-01,8.759719589904594317e-01,8.789746954805208734e-01,8.787833837409494420e-01,6.437665189670591648e-01,6.339246085056290392e-01,6.055031791945778563e-01,6.060823042213917544e-01,8.517698476819611786e-01,3.649342513973119484e-02,4.546778453774603102e-01,5.941453616273887350e-01,4.228802404416615035e-01,2.955238573929909185e-01,4.326249735664868812e-01,9.255399622996949294e-01,9.192580052629364396e-01,6.621471874475658437e-01,1.281847429027232477e-01,5.748410011629212502e-01,9.301904595945476029e-01,8.383736426066765723e-01,9.183604200618424862e-01,4.941555507346102050e-01,5.349886909604241181e-01
7.059691802686007822e-01,2.659937895097523874e-01,7.761860315556716738e-01,0.000000000000000000e+00,9.581377045750865129e-01,7.786272826468708663e-01,3.622600167586582653e-01,7.176144379859742406e-01,4.508126009131319112e-01,8.464817413915727284e-01,8.967042700306041558e-01,4.790098072662264395e-01,5.758361430498691869e-01,6.376592763185209289e-01,5.546515114665316881e-01,7.522135458707330802e-01,7.149337929087948851e-01,2.555178016947236008e-01,7.805211401786061876e-01,4.593741238196413224e-01,6.729623463848583009e-01,3.231855611921560789e-01,9.774719239592385422e-01,9.571284904259951265e-01,7.394842596665092138e-01,4.893355991492795432e-01,3.117578970552666306e-01,9.979330746631012161e-01,7.627784038244266318e-01,2.363424798209108335e-01,5.369134895844217548e-01,6.837283723968694271e-02,8.470999174359493677e-01,6.697043322332769666e-01,4.586166766543873785e-01,2.629644644816646615e-01,4.634089787965109952e-01,7.047006019114758768e-01,8.962838831655555172e-01,5.252437438001928971e-01,7.925529244609113011e-01,6.888536138849281620e-01,8.751043337304437175e-01,2.234056732503833242e-01,7.901565700121260249e-01,6.228300215910811399e-01,7.809493903984137120e-01,7.082908624934287634e-01,5.476715508320320058e-01,7.303854492662769093e-01,4.846414572637450791e-01,9.380737314159703910e-01,6.872841706524956962e-01,4.654910322580656512e-01,4.915255582992251182e-01,8.690737231382961170e-01,6.727241907978905866e-01,7.501048814394210007e-01,8.650740981703013421e-01,4.823790107475626754e-01,2.646166852376142797e-01,6.339864605997705960e-01,4.234618672351019297e-01,6.611606159770881952e-01,9.711229308179208930e-01,6.228579354622745257e-01,4.462192838510003479e-01,6.502553769405221562e-01,3.694411056443046570e-01,9.267005746436666191e-01,9.421891854514746756e-01,4.449581711537302087e-01,-4.820862692475749722e-02,4.532486155122794624e-01,6.862832194027564947e-01,7.821235719945226483e-01,7.420093555153783882e-01,6.769394168372608878e-01,1.189420949441482092e-02,4.164081608029370773e-01,5.661316805534586383e-01,8.927213488157381693e-01,2.650925446329873703e-01,3.640760851514782681e-01,3.236335992071397438e-01
5.569694936182491007e-01,6.488253957044005649e-01,5.138183546670351820e-01,9.581377045750865129e-01,0.000000000000000000e+00,5.021281109104238638e-01,4.140188539714771410e-01,8.854581086366980491e-01,4.051518489449198457e-01,8.213398186224720732e-01,6.569165352438738337e-01,7.182486020510262525e-01,9.505794212660702014e-01,6.764097871059269185e-01,5.115246958685549794e-01,7.634911204483946223e-01,7.525924837500723719e-01,8.461727758941742783e-01,9.647767255152420729e-01,9.794598046870800490e-01,6.975259393678012731e-01,3.873671227923434213e-01,7.883542982522215858e-01,8.397668718004541732e-01,7.684443208464182273e-01,7.572883223263242591e-01,5.592449836894272108e-01,2.940959454836769571e-01,3.234019111340891706e-01,2.521912587182917331e-02,3.879618186273535718e-01,2.863947732615201858e-01,7.501259681852281425e-01,6.640404394748420369e-01,3.152031447404067266e-01,5.035706788588522054e-01,9.904315743524493010e-02,7.875277384562695548e-01,6.896661372634311782e-01,2.559494873790827962e-01,4.595536635837026429e-01,3.826953832283946921e-01,6.404114865626824304e-01,5.485418067585080548e-01,7.324963765069865129e-01,6.127203178002258444e-01,6.887502658811252010e-01,7.222752226666961928e-01,3.229685879546141947e-01,3.999800763107446144e-01,3.321266213820761593e-01,8.094862320592154381e-01,7.103888015680936974e-01,5.860049710385861754e-01,8.600559221626513651e-01,3.645178500334324972e-02,6.660519113405539704e-01,-1.597664407952089916e-01,9.804100023014568066e-01,2.915480624497845397e-01,2.507463209175608831e-01,3.201764187604330680e-01,9.845509161133374487e-01,6.957268609661682035e-01,6.623801211270639033e-01,2.446496229190945337e-01,6.125386776701503555e-01,6.870842555150382669e-01,7.624415342783102956e-01,4.591045365828970160e-01,7.970984765592376009e-01,2.543970299923379863e-01,3.806034759562181291e-01,2.370564166469530110e-01,9.665953142002284837e-01,4.235586964235014129e-01,7.705991766924392694e-01,6.214967210033489620e-01,5.672800282625140023e-01,3.832851562572432425e-01,3.985127465213649245e-01,3.587681923269827600e-01,7.864356050442202761e-01,5.986677445304074974e-01,7.758521534112803320e-01
4.893445967506681593e-01,7.801264706974536667e-01,4.437990831258079027e-01,7.786272826468708663e-01,5.021281109104238638e-01,0.000000000000000000e+00,5.797400877541489805e-01,6.825736883415356449e-01,3.030882811438565527e-01,9.054742590218579634e-01,9.077086853358216079e-01,7.957424094194046060e-02,8.887428385532252229e-01,2.741094388001165116e-01,8.176532954607527159e-01,1.933380316581164438e-01,1.710677189832646716e-01,2.752467919156064147e-01,4.319892943835871302e-01,6.563935992993590318e-01,5.599722799968256393e-01,2.385141943772324802e-01,6.571030122201424462e-01,7.528538152174953924e-01,5.579620200076432779e-01,8.115163866920035440e-01,7.937614633053193813e-01,8.459375957215556907e-01,5.584738133449422826e-01,1.654370197103206264e-01,1.723437515587979973e-01,4.521750418031035834e-01,9.729174224239917068e-01,2.349631371581366590e-01,7.492740618102895489e-01,2.941990925645984745e-01,2.407708882356962010e-01,4.816880042337680079e-01,1.441007535441000686e-01,7.884496948898898072e-01,4.330474943167228301e-03,3.719949540865612470e-01,7.874031309112572430e-01,4.638019133481450784e-01,5.810764748689080106e-01,9.476170083936519273e-02,8.510716944473402101e-01,2.681869216321451921e-01,6.853445375156033137e-01,4.190216891882014294e-01,3.821189634537145441e-01,4.488328015056879949e-01,3.964216920399356581e-01,7.190101596517504134e-01,6.854026927571825745e-01,6.498704158396626518e-01,5.919153879052538869e-01,8.922104228062017750e-01,8.253027577378304613e-01,2.705192479099913228e-01,7.504950603783241414e-01,9.419498908836942963e-01,4.486423010760255403e-01,7.671934926158828771e-01,3.333185412121765223e-01,6.851572142802967447e-01,6.866506406793061457e-01,7.316669123956276444e-01,5.552023900230167452e-01,4.049058572478210771e-01,5.620505615411686140e-01,9.827111760980833388e-01,5.418496478265630856e-01,1.438964475769840545e-01,4.828361898142764508e-01,5.233921574118681752e-01,7.522130878159506429e-01,6.254309151063467409e-01,2.947379601282841266e-01,9.592779676337058470e-02,5.888888365033920769e-01,8.860797678193177429e-01,4.053078986831075148e-01,5.000991415587796585e-02,6.992972850379887140e-01
8.137916837023114747e-01,4.273973686898237534e-01,4.779258136069872154e-01,3.622600167586582653e-01,4.140188539714771410e-01,5.797400877541489805e-01,0.000000000000000000e+00,7.659256692081060081e-01,4.335709548116003509e-01,5.914089699437672376e-01,3.050591520898564002e-01,6.699330963905080205e-01,2.222527551880839058e-01,6.029966600501578400e-01,2.481322173841662981e-01,4.676111056765163143e-01,9.354564072221750459e-01,4.262562356309789191e-01,1.605206518159080775e-01,6.310745110439589522e-01,9.306343851297923520e-01,7.657551291492452616e-01,6.550705726522862982e-01,8.436041404900379570e-01,3.190953549909241738e-01,7.249924696074698804e-01,1.522980912856687352e-01,5.919278004774173318e-01,3.615693738202748198e-01,7.914954050975546718e-01,-7.823923286766715224e-02,2.452064374546757686e-01,2.132801664301236799e-01,5.260308537779551097e-01,-2.811414512093501905e-02,4.788592635301548439e-01,3.139722999755318877e-01,2.623363439210100734e-01,6.870370307440624158e-01,4.305842725670571691e-01,2.761704050991639625e-01,4.331378191024231605e-01,7.090994827608774198e-01,8.089522551832178943e-02,9.613614824152587612e-01,3.088987893458635670e-01,7.246176971679818557e-01,4.954490560176324498e-01,5.246140948630835243e-01,7.611266359112776048e-01,5.530620732901819769e-01,3.507877080049226493e-02,5.114591800225171125e-01,1.566683269270124357e-01,8.178218967892904034e-01,3.706143792478330257e-01,7.354052071020364956e-01,4.321061477954836194e-01,9.306001060747085551e-01,4.718748793637295158e-02,3.469414411513519481e-01,2.896837413956920293e-01,3.062084951609880257e-01,6.901362746151610272e-01,7.545679422513759116e-01,5.615236501377156575e-01,6.179426468546024287e-01,7.474515591693360328e-01,4.344781257469432778e-01,5.545060363826681549e-01,2.435826293641295825e-01,7.603958503450408690e-01,2.280909034312321171e-01,4.743303857526274259e-01,8.647189237673315043e-01,5.684177494901584415e-01,6.101631906863433930e-01,1.182759894549845897e-01,6.529353525923246027e-01,6.426510825036987340e-01,7.109193858008495681e-01,5.190216500213495898e-01,5.116080348255266363e-01,2.966153801159297498e-01,7.300321713887252262e-01
6.308974635504233097e-01,7.587694653231011888e-01,5.552177547105443534e-01,7.176144379859742406e-01,8.854581086366980491e-01,6.825736883415356449e-01,7.659256692081060081e-01,0.000000000000000000e+00,7.422177173687174445e-01,5.325679517100270211e-01,6.206311100172140494e-01,7.817207515793254125e-01,8.044593558683237333e-01,7.401801540599276530e-01,4.389262428692530804e-01,4.266845727922889964e-01,8.101426627829149130e-01,3.209197492035062438e-01,6.260290752304539241e-01,3.229607211834668590e-01,6.770708618133766121e-01,5.934212467653415812e-01,7.188401527758150333e-01,4.773372915793358540e-01,6.331431017478824641e-01,4.531318112599952430e-01,7.163451252716281914e-01,3.421892763861630327e-01,7.957669904249053960e-01,4.821472016836817476e-01,5.552840799420686313e-01,5.840833608778512875e-01,3.865752464766560870e-01,6.736970625165061843e-01,4.453354670714153030e-01,5.404593950985544515e-01,4.118663235066878370e-01,4.675178648775070167e-01,5.265418830627310864e-01,2.794115816067730407e-01,3.119621241448838345e-01,9.089545287877822677e-01,8.401198008275567730e-01,4.150579722135654820e-02,4.635385795224112315e-01,6.696901727954149841e-01,2.780499826137678987e-01,2.035228859016477987e-01,6.783855504423641491e-01,-1.249970303305012187e-01,6.657955907338877211e-01,5.924546343497877343e-01,6.485476219876220583e-01,6.794059325631277013e-02,4.300094067118820362e-01,6.511890152079699012e-01,9.507759623668842197e-01,6.316041728949221001e-01,5.387593036342940289e-01,7.283456120023125147e-01,2.826421547668207523e-01,5.524154982749428511e-01,8.834462409544353578e-01,7.548146568832942993e-01,3.653965180305012161e-01,5.610604309190873051e-01,7.250296661961582734e-01,6.622635980974647119e-01,6.517788092019255464e-01,5.312663471545950866e-01,4.057852095792559011e-01,3.478029792119953223e-01,5.479718830169812982e-01,-7.857963595908402932e-02,2.248033542642321747e-01,5.859240535613090550e-01,7.478602174365220900e-01,6.731242592633824851e-01,3.296202223376514251e-01,3.659971953849758819e-01,5.945377820765753718e-01,2.590431155063376845e-01,5.887585112008747457e-01,-5.352982904117267737e-02,6.771897887331481680e-01
8.653152841582865129e-01,5.868717158109459930e-01,6.595110245269559801e-01,4.508126009131319112e-01,4.051518489449198457e-01,3.030882811438565527e-01,4.335709548116003509e-01,7.422177173687174445e-01,0.000000000000000000e+00,5.337445697782254861e-01,7.266273239238976167e-01,2.336955117271518056e-01,2.797641957818024494e-01,9.961374067460306847e-01,4.932674310728633049e-01,4.124620204994009498e-01,9.276762474807145331e-01,8.077483931914833937e-01,4.067340679915190105e-01,9.274851315656398310e-01,8.396081054963792090e-01,6.341225805694075124e-01,7.114381664324490595e-01,4.771579294668294446e-01,6.669399671174605082e-01,5.198031128006117552e-01,6.122988695232149947e-01,1.053902013724980213e-01,5.930034233536106703e-01,7.037048818301733233e-01,2.837323761999611671e-01,4.847675682288102861e-01,2.237983553311443941e-01,4.981825323674844430e-01,5.249228695888281671e-01,4.707311031027081039e-01,5.745332639239643102e-01,8.033765832891890390e-01,9.123944191958431871e-01,9.118882460750736829e-01,2.303614675577115301e-01,6.460690578141964346e-01,7.891062059452707000e-01,5.528243442028186738e-01,6.076871275270222528e-01,9.549686115867184188e-01,2.943418308890877189e-02,5.490764306538368222e-01,3.663626506924525517e-01,7.225613398989639835e-01,5.908544099434637209e-01,5.800653586470055911e-01,8.135132310534169964e-01,7.740265298932176297e-01,8.306533983136182853e-01,7.818476651470673833e-01,9.804349656561701654e-01,6.610935730062984517e-01,4.476351131856952659e-01,4.607248118990143748e-01,2.216521586390738652e-01,2.416307400332475264e-01,6.076878131729674948e-01,2.883957082548926354e-01,8.893319303328180991e-01,1.515992877886707391e-01,6.704081052902218785e-01,7.998408575900329831e-01,3.131587768870471300e-01,2.335893814629977916e-01,4.093106423870364052e-01,5.408065603299109236e-01,9.973221058939829575e-02,3.512065379694531142e-01,3.531995089062621163e-01,2.733732279826918132e-01,7.848064012277995438e-01,3.077953718572044584e-01,2.970715405978308632e-01,-1.125177291138793334e-01,5.282968280582213128e-01,4.867075102206350756e-01,5.810407839262383689e-01,5.352351287935731561e-01,7.072180490326279712e-01
8.426567634054470401e-01,7.189534112629990537e-01,6.238296120454449589e-01,8.464817413915727284e-01,8.213398186224720732e-01,9.054742590218579634e-01,5.914089699437672376e-01,5.325679517100270211e-01,5.337445697782254861e-01,0.000000000000000000e+00,7.483035765197761924e-01,7.038470460678847296e-03,9.814340621065709147e-01,6.900973632705033056e-01,4.516495299949469522e-01,6.306508993168121746e-01,8.449622093076053497e-01,2.438325799616114509e-01,6.909408594978272422e-01,5.854064527023343789e-01,8.457465922707598782e-01,5.744183948299017572e-01,6.334890385255409484e-01,3.354264282835466293e-01,5.975175510835335491e-01,7.394862533429825691e-01,7.781020923175435700e-01,7.345042848992958673e-01,3.694403404367980204e-01,6.650856247656748987e-01,2.110949311058173128e-01,4.065479976103943960e-01,5.943225247434805736e-01,9.064787915369394433e-01,4.092693076628748927e-01,2.046687886082494967e-01,3.153534155741337108e-01,7.552251426879205143e-01,8.369110858026479471e-01,5.099036279247369796e-01,4.249044039219505575e-01,8.678698653033428689e-01,7.701178939938365664e-01,6.600887401033794788e-02,7.320258383684358217e-01,8.720721211091506664e-01,4.438603128690863930e-01,9.778064218575219790e-01,4.708136430942448380e-01,3.466766362275842117e-01,6.970569697503874174e-02,4.280154787312370201e-01,2.741625985836887436e-01,7.556604994797236907e-01,9.376715966244386635e-01,7.026572371645529724e-01,4.136407155289517634e-01,7.013006422402981999e-01,8.696150635559968256e-01,1.010284461645029747e-01,9.532385493380531039e-02,7.464325420426142221e-01,5.173320254808713159e-01,4.681642274964568085e-01,7.547402962244016411e-01,7.973326346753297766e-01,8.844477119628103567e-01,9.252037768061065481e-01,3.957602572992642287e-01,5.879956684604269457e-01,1.286088895567960855e-01,5.690586955284850923e-01,4.428376260966007116e-01,6.186152596093318357e-01,3.494989824910144094e-02,8.204735266609076705e-01,7.926725206655309552e-01,4.762135830156049021e-01,7.575727591141964146e-01,2.691347449654725166e-01,5.334870624333583056e-01,7.847595530680767650e-01,9.261282789154473560e-01,4.509785606525215096e-01,6.205616086487655281e-01
9.054498547536246056e-01,5.269602326716082974e-01,8.529232120186112098e-01,8.967042700306041558e-01,6.569165352438738337e-01,9.077086853358216079e-01,3.050591520898564002e-01,6.206311100172140494e-01,7.266273239238976167e-01,7.483035765197761924e-01,0.000000000000000000e+00,4.143015489149785013e-01,8.765601426042114452e-01,7.226493195721683804e-01,6.897770870646626751e-01,7.573827527922930569e-01,2.291811336606864313e-01,8.660480801766807790e-01,7.547851954579603007e-01,8.612838564994642621e-01,9.791700707352283262e-01,7.047450655634256433e-01,3.193644102728487866e-01,9.776561693136172071e-01,4.647362389550257489e-01,7.825252744326023358e-01,7.146924710343283138e-01,7.787065923262749267e-01,4.512853511730711142e-01,3.618503221960935878e-01,7.449108867011807744e-01,2.284909290746326149e-01,7.206219740133510410e-01,6.206498257930336271e-01,8.870201185126015408e-01,3.285005730010996938e-01,3.866512141063076502e-01,5.157363668285428471e-01,7.985725590384102901e-01,4.375628011247811311e-01,2.983005056919346143e-01,7.366363290078755677e-01,6.972582272016215610e-01,6.675991533646928877e-01,8.949184125523086397e-01,7.190169514144396645e-01,1.731974027850911590e-01,4.091605607217187468e-01,4.969140817984893377e-01,4.166564727690009184e-01,7.485200723942391221e-01,8.796952433681282102e-01,3.577735769055342407e-01,8.889802514683482482e-01,6.074158848937581956e-01,4.883859402302090924e-01,8.480620847769210213e-01,5.219856912628701995e-01,5.471475690892761978e-01,5.070237079847493833e-01,6.888371224837233076e-01,9.486350308791546837e-01,9.703848559456593748e-01,4.071175415108442830e-01,4.006412696416097319e-01,5.118250776516944933e-01,9.712730998862222354e-01,7.664448714182501288e-01,4.233410379900659926e-04,4.595476679813133014e-01,7.230307311562693684e-01,6.106414286051021767e-01,7.724171970410235177e-01,-1.681533535250012146e-01,3.135536617726036868e-01,9.277646040067423217e-01,9.742124453742826429e-01,4.095887455013798029e-01,5.873134327428489732e-01,4.538048654449949315e-01,1.931686284075717075e-01,8.076229436349785518e-01,5.538754534352292591e-01,4.279623040812924328e-01,7.824726051530279669e-01
8.839818555339430395e-01,5.364310709017753309e-01,6.714341400947752003e-01,4.790098072662264395e-01,7.182486020510262525e-01,7.957424094194046060e-02,6.699330963905080205e-01,7.817207515793254125e-01,2.336955117271518056e-01,7.038470460678847296e-03,4.143015489149785013e-01,0.000000000000000000e+00,7.177523170134387787e-01,7.581427896112662435e-01,7.130606375929589014e-01,4.791533966780979759e-01,9.113008672839473245e-01,2.843480283514930873e-01,9.152324779393501419e-01,4.788463829374944303e-01,9.587121959133354521e-01,7.129724371412096140e-01,6.321811887580706113e-01,5.544207482093271855e-01,2.599736517239127354e-01,5.165556979794652115e-01,6.063439022492852493e-01,2.205544651099798359e-01,7.547133123897602491e-01,5.258585982651389212e-01,1.526272349942921491e-01,9.111979736475507297e-01,7.543016062348609774e-01,4.869743871781165301e-01,5.899919251006908727e-01,2.881540085987143729e-01,2.528150751684460906e-01,5.879627979412429539e-01,9.364589139832824038e-01,9.932873835940426721e-01,4.333809941999156035e-01,6.028080547678280610e-01,7.047565388575144363e-01,8.418591969290518673e-01,9.536768986229260392e-01,7.735204814542437912e-01,5.246134639660725574e-01,8.184716697315177480e-01,3.072663413583474057e-01,6.142502305049696298e-01,7.389103768745631795e-01,2.035379120018669108e-01,6.098967937249729632e-01,6.386018538509063980e-01,3.954739110085586096e-01,7.064432337657149397e-01,5.883042222533827470e-01,4.779289776626639008e-01,7.268269969638940786e-01,5.150369803849315087e-01,1.076591201433934331e-01,3.586990281360630251e-01,5.907529900619807872e-01,3.290098186448813244e-01,9.846341717564625062e-01,2.409244824441389432e-01,4.966769539660663701e-01,7.126934896564629529e-01,6.827187418714946165e-01,5.702442396638247590e-01,7.354725462802458313e-01,8.636425133520207742e-02,4.693605995936144804e-01,3.006080566998675652e-01,4.129216903472055500e-01,2.731470661919459531e-01,3.598150106466673215e-01,4.791823841842614562e-01,5.562417068698832789e-01,2.235658729826237728e-02,5.700122524575383931e-01,5.808142387170651677e-01,2.122545354118888783e-01,3.306032021651719166e-01,7.764638935379957196e-01
4.363284880222051410e-01,4.614107208918256098e-01,7.889267337484282550e-01,5.758361430498691869e-01,9.505794212660702014e-01,8.887428385532252229e-01,2.222527551880839058e-01,8.044593558683237333e-01,2.797641957818024494e-01,9.814340621065709147e-01,8.765601426042114452e-01,7.177523170134387787e-01,0.000000000000000000e+00,6.374309993103118854e-01,7.893752511899201352e-01,2.176141577285450324e-01,6.443205854911873143e-01,6.313943945248471357e-01,7.929195881654289568e-01,9.585307244967676832e-01,9.344724928444591017e-01,7.296887539427661107e-01,6.995308513891186353e-01,7.753082288008048550e-01,7.175263468844435000e-01,6.998231333788412778e-01,7.599643376990432575e-01,5.027207303778015168e-01,5.232412839046162167e-01,3.075959361344299259e-01,4.583186615272086262e-01,1.356872280424756549e-01,2.703772106895933058e-01,7.331113927001235986e-01,9.915955499207813606e-01,3.402249721552317308e-01,6.620348068881387604e-01,1.685956158306647357e-01,9.466786117418344304e-01,9.080631095851485757e-01,2.153559321228378787e-01,4.706540082235369238e-01,7.284559448656302560e-01,5.490022174611361994e-01,7.043029876643039922e-01,7.961639271465728029e-01,1.622272413645619860e-01,5.219449440394489104e-01,5.933655826828850843e-01,3.423475699225446145e-01,8.009891706256149213e-01,7.761447876324709672e-01,4.578564802998430494e-01,6.912736210942620474e-01,6.538397514305015479e-01,6.979401384481616066e-01,8.103645477807100983e-01,5.636327742034630273e-01,9.859508882283050113e-01,9.963863650545823347e-01,7.257045809918606372e-01,8.949394598375277621e-01,4.659002253306261387e-01,6.273249991724519914e-01,6.961910889653526446e-01,7.935929567787891603e-01,2.315660338263970386e-01,7.437441780531306446e-01,4.006351821041246319e-01,6.804539894761638674e-01,4.615243587215471233e-01,6.509871374866116334e-01,4.590913737143655360e-01,7.198785819528364938e-01,3.655392457464756162e-01,4.592083122575139065e-01,5.197584641423089735e-01,7.098066309864821122e-01,4.855924343372861607e-01,6.379598584804822836e-02,6.228391674334981393e-02,8.071891110361318900e-01,6.961567295649199183e-01,7.043637769196934295e-01,8.847824452300406817e-01
7.599840016156512723e-01,4.805119947777558020e-01,7.417218177001618784e-01,6.376592763185209289e-01,6.764097871059269185e-01,2.741094388001165116e-01,6.029966600501578400e-01,7.401801540599276530e-01,9.961374067460306847e-01,6.900973632705033056e-01,7.226493195721683804e-01,7.581427896112662435e-01,6.374309993103118854e-01,0.000000000000000000e+00,4.405129573423470779e-01,2.507205691838202966e-01,8.137481681578510040e-01,-1.346882752333056210e-01,9.572170713752948812e-01,9.623118859419076410e-01,6.037004320923725631e-01,8.427197329743564280e-01,5.710952151043789948e-01,8.442914376533098286e-01,4.894685424205612589e-01,5.838662989836042039e-01,9.200169397667088411e-01,8.737486728481227427e-01,1.994488023803333010e-01,2.285535875049414800e-01,4.292424937116631756e-01,3.620505351904448887e-01,5.523319632841314775e-01,9.542007281040600919e-01,5.376092826594349727e-01,1.429740438008044734e-01,4.264089722064902666e-01,7.367820080932009352e-01,8.383003565160549453e-01,8.660878323044162164e-01,8.589653387264939433e-01,7.176313740863026203e-01,2.003161505471946768e-02,9.766478624956839161e-01,8.868707469719451231e-01,9.953465270365022821e-01,7.173303882927928310e-01,8.476867768304281459e-01,6.451428237075896854e-01,2.763138276521559522e-01,8.175576320259489993e-01,7.605083714182745425e-01,4.271277289716334247e-01,2.158640767493097412e-01,9.155314670239719232e-01,5.451735243921038698e-01,4.879412544958792175e-01,7.085402902874000652e-01,4.804614107884273566e-01,7.445505280753108579e-01,6.645344059842643869e-01,9.284991528585370135e-01,7.366156823631339057e-01,8.081060996854277922e-01,6.516038511559330004e-01,9.979904804471617652e-01,6.305246892518376889e-01,4.056937919630383971e-01,7.480976426446650507e-01,8.874519088387738952e-01,5.668865085973600060e-01,8.010132443118656020e-01,5.650054599842262437e-01,2.633017602250662947e-01,6.584898680446408248e-01,7.950367769670345641e-01,8.463274542594657612e-01,9.426143968654663308e-01,4.486263406940972365e-01,1.231062098661780263e-01,4.224827366670061424e-01,6.086864862319666392e-01,6.728507321957224452e-01,5.417146901263968362e-01,6.480305587468260242e-01
7.736866316334340965e-01,5.047991620185322548e-01,9.691430044790346754e-01,5.546515114665316881e-01,5.115246958685549794e-01,8.176532954607527159e-01,2.481322173841662981e-01,4.389262428692530804e-01,4.932674310728633049e-01,4.516495299949469522e-01,6.897770870646626751e-01,7.130606375929589014e-01,7.893752511899201352e-01,4.405129573423470779e-01,0.000000000000000000e+00,5.188009102314135035e-01,7.769568730306732895e-01,9.772091544112320172e-01,4.482158934839777231e-01,7.417864501660836885e-01,9.562723706846272265e-01,4.973006936045492044e-01,6.841438157043580048e-01,2.689591897559586720e-01,1.712718804282240548e-01,6.689069589111741321e-01,9.352200157390472279e-01,6.945872778689826665e-01,3.941532398333488230e-01,5.113961667931316013e-01,3.506696945900517615e-01,6.046851657407681380e-01,6.710449069673840583e-01,2.802562226054703398e-01,4.378873415942040048e-01,3.131753942195369955e-01,1.121808411966222219e-01,5.948995940080714639e-01,7.856942429696865959e-01,6.403336064738046618e-01,6.998458763036925767e-02,7.406863292361086648e-01,6.241702596011790005e-01,9.007993585987899010e-01,3.876671428646010220e-01,4.687938093598302269e-01,4.362607589332014313e-01,7.246508324103040355e-01,4.087819969850103874e-01,1.609033493443655094e-01,7.356226578308975306e-01,7.460649646617303343e-01,2.834617270225225916e-01,5.652951571252868845e-01,8.421751908602959080e-01,8.859466737866407149e-01,3.487381766952569739e-01,8.902025825879854581e-01,3.032395005368525021e-01,3.837040836855567516e-01,6.899281994256969419e-01,1.589347361493424482e-01,8.936320790195925179e-01,6.306296707613848751e-01,8.655479185971441947e-01,6.641626126512804040e-01,6.385484974359575405e-01,5.892912292021379450e-01,1.670061637189997616e-01,8.097236153706045547e-01,8.611232059644355896e-01,7.048701426760624056e-01,1.937609865263114350e-01,1.587676629223336855e-01,3.088726448937412217e-01,5.875485951773119497e-01,5.760566064260327357e-01,2.001408970931267683e-01,6.866832584723934207e-01,6.438012421188477052e-01,4.035903936547420301e-01,5.489305559836291093e-02,9.697980473218050790e-01,3.705699435510378947e-01,8.459956085448985252e-01
7.897178329721915579e-01,8.773155371124020663e-01,8.646145358707848505e-01,7.522135458707330802e-01,7.634911204483946223e-01,1.933380316581164438e-01,4.676111056765163143e-01,4.266845727922889964e-01,4.124620204994009498e-01,6.306508993168121746e-01,7.573827527922930569e-01,4.791533966780979759e-01,2.176141577285450324e-01,2.507205691838202966e-01,5.188009102314135035e-01,0.000000000000000000e+00,3.519142396024563801e-01,6.595738093346266151e-01,7.897020995609344007e-01,9.860605952290103504e-01,4.420031642563757579e-01,5.476251425756872848e-01,4.844712039479152077e-01,4.974428465286246381e-01,4.860120787865315761e-01,6.389827704281870746e-01,6.494566754251382967e-01,2.287353327519177915e-01,4.212116036774806727e-01,1.357838101495740905e-02,7.232932929977875514e-02,5.704661132054912320e-01,8.498233052134918086e-01,7.937350364098045841e-01,4.643510443935383591e-01,-8.708848453407047607e-02,5.301308389857687375e-01,5.352510808663034636e-01,8.069467466778469378e-01,1.727264907769092764e-02,5.222633771498501609e-01,5.648230857385733161e-01,6.175223649903859302e-01,5.872002579992381399e-01,4.892348535516689578e-01,4.516867042606374505e-01,5.073111779627970108e-01,8.132043704901785741e-01,4.292078935798845363e-01,7.131465354430350789e-01,4.681840282716603907e-01,6.911850400253529703e-01,9.488540327353331971e-01,7.032162082150051896e-01,9.873135998910524957e-01,4.650713040868729165e-01,6.872276516260763524e-01,7.399116220222744511e-01,9.076610331729471071e-01,4.560486046523086756e-01,2.648919677045889487e-01,7.619188166135187901e-01,8.558803545757508457e-01,6.248100176661912641e-01,7.073753335141821363e-01,2.325883192098672225e-01,6.692145486298949342e-01,6.969910697088202989e-01,2.003068715685311640e-01,6.235901057387404078e-01,7.945421337111311377e-01,9.683319823095196677e-01,4.257214934039222909e-01,2.406600867113214970e-01,5.016012909847830104e-01,7.555897530802183626e-01,6.448609089999410848e-01,4.149057072455665240e-01,5.006299662021380659e-01,1.887662071468578229e-01,6.165567762272560204e-01,8.794510341096202222e-01,5.589301130308346188e-01,5.835016957639609370e-01,7.194490757310689766e-01
7.007567199702930960e-01,2.822808099826640271e-01,7.458016713271498066e-01,7.149337929087948851e-01,7.525924837500723719e-01,1.710677189832646716e-01,9.354564072221750459e-01,8.101426627829149130e-01,9.276762474807145331e-01,8.449622093076053497e-01,2.291811336606864313e-01,9.113008672839473245e-01,6.443205854911873143e-01,8.137481681578510040e-01,7.769568730306732895e-01,3.519142396024563801e-01,0.000000000000000000e+00,6.297760621764389999e-01,2.999764986836246372e-01,6.296534055631096694e-01,8.407357385640601422e-01,5.094377671533607543e-01,9.338272278718064978e-01,9.895852890438041616e-01,3.339724205344937191e-01,7.986000959093060292e-01,6.655692272379528651e-01,9.576924627500061904e-01,2.911242676624610781e-01,2.805985999178870482e-01,1.677118095112037910e-01,5.503259640597251146e-01,7.095471759044564841e-01,4.547503674819544095e-01,6.752403529503231416e-01,5.574097564369622226e-01,2.181025291006922773e-01,4.190890899478245113e-01,5.067618961155995194e-01,4.013301512977034968e-01,4.569575478061320140e-01,6.037176480678161372e-01,8.375325325777585039e-01,7.787902865033734523e-01,9.466081815064086857e-01,4.465618063788683867e-01,5.165964537958710467e-01,4.827438758614764902e-01,2.561875966574681529e-01,8.344876039239742527e-01,2.840252502286571001e-01,3.154371128891630405e-01,9.313069552644488436e-01,5.768712648144793675e-01,9.897562070446729310e-01,9.318337978138540034e-01,7.228802589276552837e-01,5.219489904518204160e-01,7.408817410427210870e-01,4.498598182720925931e-01,7.886284450453640016e-01,7.806251929075438412e-01,7.800402244045896438e-01,6.256961728058126893e-01,7.900988309982941438e-01,7.576040538714668982e-01,5.105462780653211574e-01,8.640073318391114920e-01,5.803228630363254092e-01,6.047538244461670986e-01,4.749012635445775676e-01,7.875798295297729013e-01,1.016354991425080234e-01,1.021834315381719566e-01,6.302239256931611022e-01,5.369441233788255774e-01,6.147292446710169722e-01,6.970734096552442249e-01,2.554436944482169070e-01,2.996126839516349283e-01,3.592530043158009279e-01,8.493977634541066690e-01,4.415315023618440748e-01,2.458085632595002346e-01,9.586794788215731444e-02
6.653920133203162779e-01,4.048879337055178995e-01,5.487410972098216710e-01,2.555178016947236008e-01,8.461727758941742783e-01,2.752467919156064147e-01,4.262562356309789191e-01,3.209197492035062438e-01,8.077483931914833937e-01,2.438325799616114509e-01,8.660480801766807790e-01,2.843480283514930873e-01,6.313943945248471357e-01,-1.346882752333056210e-01,9.772091544112320172e-01,6.595738093346266151e-01,6.297760621764389999e-01,0.000000000000000000e+00,1.932050268217583300e-01,8.876137503261872785e-01,8.602382226067964988e-01,3.969762762992669614e-01,4.157084511852314757e-01,4.383729217496427633e-01,2.245292591157512785e-01,5.020568049277674971e-01,2.793489034640925239e-01,6.607911907411481156e-01,1.320756455293241871e-01,3.252817686107614126e-01,2.568762373741313998e-01,2.275978144023212968e-01,6.317866883667190292e-01,5.351272977962365784e-01,6.329901018881308739e-01,2.780878594372160895e-01,5.912422520258748815e-01,6.878364298616894412e-02,5.448245141348510012e-01,7.052580616101948863e-01,4.675078875189526695e-01,9.534722204277662483e-01,8.561805788418382912e-01,4.756464999398784532e-01,8.707376787898823967e-01,8.828998959954740267e-01,4.098717147797492633e-01,5.872172346208347493e-01,3.106749417550753734e-01,2.572483864325266212e-01,9.817099217247657883e-01,7.983275161461131919e-01,8.910914966111787017e-01,2.137353059304380742e-01,5.119714526451477621e-01,2.281018330961446794e-01,7.390972437798811745e-01,3.772272553986918964e-01,3.727329096883850168e-01,5.785426987604094240e-01,4.902514486377471670e-01,7.131472500495993350e-01,2.162369673502927137e-01,3.885984990330174083e-01,6.418976176402640954e-01,4.542522631829866708e-01,9.892194953150625913e-01,2.574594624308917945e-01,7.363353200346280936e-01,1.700374078972888281e-01,9.842742693248586194e-01,5.578731859183980735e-01,4.785427191821755577e-01,4.542823961983097902e-01,4.396637268070506255e-01,7.445207270468618965e-01,4.522912354582463434e-01,4.791146445957613631e-01,4.092019275201447259e-01,-1.654249676343843567e-01,2.304612726190942706e-01,5.395741528815827248e-01,3.911478402782889163e-02,7.169932871178207323e-01,7.676745074433464211e-01
