0.000000000000000000e+00,9.325896058399281152e-01,7.975217562197420840e-01,9.160392060816386905e-01,8.718882285161502210e-01,4.406468699787099985e-01,7.286390258469112036e-01,6.528926772980416793e-01,3.759185865795788284e-01,9.799038340529938607e-01,5.381286992695796245e-01,4.511927003193864638e-01,6.764972894905322276e-01,7.668393008768270569e-01,8.037243474075339567e-01,7.329098651557741650e-01,6.373291374492674466e-01,8.182154931262112241e-01,4.719426412064007814e-01,5.880712470917013324e-01,8.911160593058925494e-01,7.463833208255011842e-01,7.204631777491944389e-01,8.172928280488659381e-01,9.341896803427307550e-01,8.450112599369372646e-01,7.603840139944193499e-01,9.652852221515102471e-01,6.014647269417441322e-01,3.389679711755841374e-01,6.177032847958925377e-01,4.585962805607657344e-01,8.572227972480003233e-01,6.598673171025116746e-01,7.323825248442288327e-01,3.124123118009994871e-01,2.271676866256652494e-01,4.817648845342112907e-01,9.639722320835399927e-01,4.572551514312609977e-01,9.928693409543959403e-02,9.088663693865545179e-01,6.180119831226728033e-01,8.860651313322326361e-02,9.856489822765502895e-01,8.268628189734201772e-01,4.771826542435694263e-01,8.627498678996449177e-01,9.190273040418069916e-01,7.453539079298283632e-01,8.211040783845601210e-01,6.777423908853031920e-01,6.257404302113268590e-01,9.636789326935906175e-01,5.842639082315375099e-01,7.907826859105683281e-01,6.958512127715504869e-01,3.250320141120827122e-01,9.834513386091483511e-01,2.917495543498418442e-01,3.586463675624430025e-01,5.845265488795547970e-01,4.928448886483144387e-01,6.870726707938124012e-01,6.506544268572386214e-01,9.970578269973235930e-01,9.863508318957383558e-01,7.087414868863727291e-01,4.913227791779776199e-01,4.426149823990745413e-01,6.934847872674388958e-01,9.918574787907479262e-01,1.858425448690734783e-01,1.546675824628450935e-01,8.241504410440676498e-01,7.064735983543765085e-01,7.218120102387172166e-01,6.788068229621943006e-01,8.280767394200965192e-01,1.246546245620759469e-01,7.337866626428822814e-01,7.336332137213599225e-01,5.189010441087165137e-01,7.333608488262634006e-01,8.313556523827762001e-01
9.325896058399281152e-01,0.000000000000000000e+00,7.403492594352981682e-01,8.213389456868037675e-01,7.005347807640419644e-01,4.892645575565650606e-01,5.920609804782145380e-01,6.989091199943011645e-01,4.157696323758303669e-01,6.130631244808549818e-01,9.976702140635054228e-01,8.184043072570983401e-01,8.765052935248555110e-01,2.580608734394581605e-01,5.971833245546903646e-01,2.976429076379912830e-01,6.562757649858093068e-01,2.279368785664825370e-01,3.759692538997546629e-01,7.112987380336210919e-01,9.251906754399287225e-01,7.624454877997339786e-01,1.585625150226549762e-01,8.826981259269280899e-01,6.851372268902509999e-02,8.652168433781159962e-01,4.170401623186865692e-01,3.380219790876668462e-01,4.648956492431396414e-01,4.977008767404103584e-01,3.292014961032976306e-01,6.356640237475710276e-01,3.144613221870169451e-01,7.206562949197670154e-01,5.846128285138745273e-01,5.298100110277569330e-01,5.291239140893959636e-01,5.018856714313956191e-01,-3.367605111297680698e-02,8.093092626029232406e-01,4.235594262496689133e-01,8.270351819667625115e-01,8.977999182412430557e-01,5.068018007196660735e-01,6.461079278700720963e-01,4.778085665028796725e-01,4.271333819560720890e-01,2.522784876070033322e-01,2.173934514134011897e-01,5.315225035203846593e-01,8.417562527071451584e-01,5.220411896052773448e-01,7.211541915331503017e-01,9.458501976032600567e-01,2.453777868329042877e-01,9.525428451504356353e-01,8.083709921349223615e-01,9.413547652638121210e-01,4.591347989298106835e-01,3.595101914578028302e-01,6.870516788518434836e-01,5.273022734430342640e-01,2.074837522870119355e-01,6.368443372910758127e-01,6.848956769860685689e-01,8.699604425649632988e-01,6.683281406022979487e-01,6.805406438200777286e-01,5.848218027301221866e-01,6.721624122152732861e-01,8.091981905660078356e-01,9.594783308374810193e-01,4.313398619696183212e-01,4.712281279695711977e-01,3.312996333846891517e-01,5.098487174842184499e-01,3.259872642062185411e-01,7.361925502151577261e-01,2.908221547882826052e-01,5.742972625092734873e-02,3.448779162855796221e-01,7.388733288698758894e-01,6.319434842477833492e-01,5.026952529714688866e-01,5.050635523434011676e-01
7.975217562197420840e-01,7.403492594352981682e-01,0.000000000000000000e+00,5.521635889590725821e-01,1.421715637984385383e-01,7.067400212039375296e-01,6.171373789860964409e-01,9.078394439623462819e-01,7.428458487461903070e-01,8.769099556224723147e-01,8.076778285538152025e-01,3.415252435495021444e-01,7.511650328589802861e-01,7.396203659032400957e-01,9.353395609052488346e-01,6.505762867214184286e-01,7.863360755745127939e-01,6.442373666169134427e-01,8.244929225487337421e-01,7.954870713462660614e-01,5.438160015376179990e-01,8.861858753822582369e-01,6.824183386479790725e-01,4.061007685843150417e-01,2.005269993471066325e-01,6.862258892196434479e-01,9.513274675180349860e-01,3.115540771996772040e-01,7.863655765125572294e-01,1.568570925321329523e-01,2.263664455958807054e-01,8.194129372975371695e-01,9.402555917478274683e-01,7.893363849445782510e-01,7.730783136512424658e-01,5.056458710410208779e-01,6.938674582702976101e-01,7.100439231576308741e-01,8.819767924181985963e-01,9.767910221010989158e-01,1.214705405855028286e-01,7.075874508033639376e-01,8.043155431358747220e-01,8.257610305803114725e-01,7.823977832118164111e-01,8.642941469046252490e-01,6.629540777346022429e-01,5.492372069686968228e-01,6.146343560359767144e-01,7.931009192087214998e-01,7.303273505769194429e-01,7.555921856571280459e-01,8.113652149279191317e-01,9.212596579509118033e-01,9.663593169814473915e-01,7.108013102037495923e-01,9.604246065086766704e-01,7.136848657856943445e-01,4.135503506532005047e-01,6.532939053448070243e-01,6.577828719137552849e-01,9.176553389580373032e-01,6.939832358518596145e-01,4.255756362477148835e-01,2.001877373366883206e-01,1.706993546319129362e-01,9.386954113041479086e-01,7.905917988899091586e-01,7.554175918455301453e-01,9.729935934251601193e-01,7.349974155889078542e-01,4.979345835384265673e-01,2.745799211808921392e-01,3.893921185700965903e-01,7.053057636644907147e-01,6.463540926852727742e-01,3.439966417030687618e-01,6.027073731307516224e-01,3.148066869932388823e-01,4.106455111686704296e-01,4.099026962412084529e-01,6.571442438467506308e-01,5.118051335681014224e-01,6.086289079531880253e-01,5.223062537753999646e-01
9.160392060816386905e-01,8.213389456868037675e-01,5.521635889590725821e-01,0.000000000000000000e+00,8.899546380801892642e-01,9.396697663606110584e-01,1.225016475461220972e-01,6.067406827134025349e-01,5.921152541793317514e-01,7.412678175458774499e-01,7.211893579806126775e-01,3.778190528635408940e-01,5.045320112756007669e-01,6.103017850412594258e-01,4.280661028545269531e-01,6.596652236811088033e-01,8.344929881409206551e-01,7.825634221674213631e-01,6.475398844030498813e-01,5.864061142084867617e-01,6.455830725960687300e-01,7.875922549652589755e-01,5.900920892902445924e-01,7.349047598804886450e-01,4.965966518497117455e-01,7.832412997379127884e-01,7.435424401436048214e-01,3.168106959655674904e-01,1.005482887120136698e-01,1.390003374215706966e-01,2.678591626314963565e-03,7.447054473376480965e-01,5.583625811357628699e-01,6.670009749822696232e-01,4.897581836477497008e-01,4.495928080497993418e-01,1.450743727836369679e-01,8.972850604973627853e-01,4.068957652431032801e-01,9.561333065556418820e-01,3.629150711824628561e-01,2.894889707534955003e-01,7.914377062118362893e-01,3.294543129403453285e-01,7.598557533537464437e-01,4.787364102498757878e-01,9.488727234275773359e-01,2.852739676226653809e-01,5.084625420110143734e-01,4.432800329320292221e-01,4.565208587088532832e-01,7.515622407384932036e-01,6.732782971504979175e-01,6.407315806602914554e-01,3.559560331249251863e-01,9.995187639754250508e-01,4.414322940271886431e-01,9.159415253239551191e-01,9.210740265417751704e-01,4.447789078718765721e-01,2.966504702551784889e-01,1.621992882194804309e-01,5.975125961976092137e-01,4.022875526386444633e-01,4.396896135034954467e-01,4.767221431444044755e-01,6.793899543822660148e-01,6.870196256631215803e-01,2.856475441656540215e-01,8.763392513394150374e-01,4.679428006676208951e-01,5.906774657808765427e-01,2.101653136613784167e-01,6.623983287786027185e-01,7.394601062906985822e-01,7.478535422691763301e-01,4.989879949693838967e-01,7.129156496069604110e-01,5.885193298406216078e-01,3.565820458153912131e-01,7.477925833507008679e-01,4.518538202538643911e-01,6.963107178333899361e-01,1.094200160009319717e-01,6.534520631200786411e-01
8.718882285161502210e-01,7.005347807640419644e-01,1.421715637984385383e-01,8.899546380801892642e-01,0.000000000000000000e+00,9.232563527548293125e-01,2.164358206020703113e-01,7.400293239161734871e-01,2.619190100973160518e-01,6.753838718070277469e-01,6.499879598258724300e-01,8.241169912846804113e-01,1.937823341838560420e-01,4.692530466942109735e-01,6.122115498738438522e-01,7.537247450136896898e-01,5.426912308299970400e-01,6.298838956631992447e-01,3.320245158460953805e-01,8.991296428390987971e-01,8.731176222921672725e-01,9.828952636877272830e-01,7.510301445173012125e-01,7.940526742493092538e-01,6.889088416513040602e-01,4.964003215445889072e-01,8.901360411486594071e-01,9.882021769638740238e-01,4.829798562424918451e-01,2.027838230940598174e-01,5.306029535308400824e-01,4.040645341347995356e-01,3.882789721124358384e-01,9.206015087978353106e-01,5.575366781963090324e-01,3.371479780841462048e-01,3.265627658359919749e-01,5.095668935252559706e-01,7.838857481052241560e-01,5.196742287614180000e-01,5.463024159878299146e-01,7.623670647569564807e-01,7.225118500503371344e-01,3.140589962715205630e-01,7.136343656158438131e-01,8.149225193703265591e-01,5.758230898538077014e-01,6.056300599972713750e-01,8.398148478602056599e-01,5.743801080455751551e-01,7.259754181384729943e-01,9.505787735596544774e-01,7.080688171776418072e-01,5.450699548946027484e-01,7.064495300931852295e-01,6.336058358838682070e-01,4.391238393206817192e-01,7.678546584612018222e-01,4.348180212428619518e-01,6.021233972099151455e-01,3.828610017254083786e-01,6.878535221842811964e-01,6.942261644727603098e-01,7.941202594106016033e-01,8.711104075077124032e-01,5.024616459593798101e-01,4.480181231549807963e-01,8.186753817569377700e-01,5.201297501519192013e-01,5.641824333686220605e-01,4.524641956891771177e-01,6.663776545341615343e-01,5.306699340083889105e-01,7.406284460173746809e-02,3.869858755908629488e-01,8.556800330941691790e-01,7.382491772069851299e-01,3.641293757223763583e-01,4.683172133963754424e-01,3.032128392461166388e-01,7.322570408206201531e-01,9.842550185674983076e-01,7.392951596450844098e-01,3.685788203484856584e-01,6.765795075705071104e-01
4.406468699787099985e-01,4.892645575565650606e-01,7.067400212039375296e-01,9.396697663606110584e-01,9.232563527548293125e-01,0.000000000000000000e+00,3.580456053078774348e-01,6.541543317704816562e-01,8.101183229205388692e-01,6.165159714014423198e-01,7.764683974537108790e-01,7.129015703841030671e-01,6.138445067936204591e-01,7.002209374164793942e-01,2.772976790016400406e-01,4.635415362164610475e-01,9.512766097745243288e-01,7.147064196856152130e-01,7.124286085725975992e-01,6.924566267104272921e-01,7.018961549569689984e-01,7.048223938814001110e-01,6.821103536925046118e-01,9.879092075294430009e-01,1.881925799089457785e-01,3.824419854022703680e-01,6.068008282157953959e-01,7.214285874712075275e-01,4.111129702034606037e-01,7.312421920621555715e-01,2.773111529397729869e-01,5.119717079231569379e-01,4.166497384691943973e-01,7.340224357627274099e-01,7.937942268359710063e-01,6.469365874450873077e-01,5.996859187340399799e-01,5.274550815091004763e-01,6.171455439350822525e-01,3.463756643435820237e-01,4.343069550932561473e-02,6.478088232582780437e-01,6.081856979152187037e-01,4.388886188195632032e-01,6.728337815235387875e-01,6.430244410387812026e-01,8.575031079548038893e-01,7.586526266078967851e-01,4.909688629824389694e-01,2.246846514341572232e-01,5.207563891788611343e-01,9.857923245121454903e-01,5.676838177334304625e-01,5.919844472527592272e-01,-1.224544758083168927e-01,5.210024771142260924e-01,5.064346870381862820e-01,5.456943252607980854e-01,8.135664844586765199e-01,5.974120434107949018e-01,5.234255876550000242e-01,1.180359586954311535e-01,4.085307472722249367e-01,6.170237986850489742e-01,8.797103768294481929e-01,3.239613553490326425e-01,3.927162825927520973e-01,7.124532367445343128e-01,6.719367402032517811e-01,6.351692973179415835e-01,6.034848879176073488e-01,4.560717486273732080e-01,1.225946176566399259e-01,5.826950964680540634e-01,3.267000091000692441e-01,7.350254740406385601e-01,7.098021148288731208e-01,4.465853478427837114e-02,4.160373904475805906e-01,3.127481399674643670e-01,5.466152755463203894e-01,4.350088555177044625e-01,4.977690627890295483e-01,3.007248861123297257e-01,7.119140306941915686e-01
7.286390258469112036e-01,5.920609804782145380e-01,6.171373789860964409e-01,1.225016475461220972e-01,2.164358206020703113e-01,3.580456053078774348e-01,0.000000000000000000e+00,5.084499491316037956e-01,-2.372105278874094558e-01,4.167954376626887836e-01,-8.636040022878190003e-02,4.367557207944271491e-01,4.749486384485687163e-01,2.061674073717206235e-01,7.128845551111814283e-01,1.007230913319352439e-01,3.191747016393116088e-01,7.775704144904705961e-01,4.876617106524629430e-01,8.366509885222479515e-01,4.667189097274418996e-01,-1.899562337427079250e-01,7.984615556317157248e-01,6.182984153301053221e-01,6.660034095040918978e-02,4.244757031719629259e-01,5.938543591600826677e-01,4.643545557347122377e-01,-3.041329921901325672e-02,1.767490600241576962e-02,4.300297215338388379e-01,3.989366400162216442e-01,1.077431501548064552e-01,6.686600515266671874e-02,4.236093199904420459e-01,2.566066491405307945e-02,3.089024125215291683e-01,6.692259361965045006e-01,2.216080403953646638e-01,7.612905737879318568e-01,7.168140415127799425e-01,7.997094637215769186e-01,6.235417557112272746e-01,6.092867124237603127e-01,6.826920963619173000e-01,6.037615360377097673e-01,1.941191122842466643e-01,5.360792694671236980e-01,-1.519965545409217300e-01,7.853529070023005376e-01,5.987581220946103233e-01,4.105498893472170896e-01,4.585630066838094487e-01,4.796610093421297405e-01,7.351690830884747285e-01,6.223483748565017404e-01,6.714950080589592307e-01,5.945717826828211816e-01,6.219867147412880826e-01,1.985251725044742122e-01,6.445753678368031370e-01,3.526146365321615184e-01,7.818132795394527879e-01,6.184104069001050696e-01,8.364249292850863826e-01,7.426662598333815257e-01,9.275975709691370863e-01,8.037460871462245304e-01,4.440754940054551514e-01,5.741061427041206366e-01,7.959806908594828645e-01,4.926349253355038482e-01,4.844473297886635055e-01,4.182568455873924562e-01,7.349782746848853021e-01,5.578179077851362910e-01,2.143176953392111339e-01,5.918346464800782192e-01,6.256776341595013946e-01,-8.326092243621127653e-02,5.983224961848213619e-01,7.639589405473297123e-01,7.357221152022980215e-01,6.686437767668147458e-01,9.740089585382105675e-01
6.528926772980416793e-01,6.989091199943011645e-01,9.078394439623462819e-01,6.067406827134025349e-01,7.400293239161734871e-01,6.541543317704816562e-01,5.084499491316037956e-01,0.000000000000000000e+00,2.852866632158709836e-01,7.963497324133862465e-01,7.176470207992764472e-01,5.135060246259025574e-01,7.690893888032139802e-01,9.306750927266448370e-01,3.545006016774258084e-01,3.355703161044043537e-01,7.533962564612954882e-01,4.298319060747413656e-01,6.094285960599872265e-01,9.361750770514934983e-01,6.402025044742426507e-01,7.891209804821680551e-01,6.584964790267503476e-01,7.795268362227961711e-01,1.212872215970112466e-01,4.766075817714589546e-01,2.445072747399398005e-01,1.079531095904531085e-01,8.688778510741823613e-02,3.464597738595291965e-01,4.515727265616087394e-01,6.349055973090830252e-01,5.404976876971497868e-01,6.354056602913444873e-01,7.758908674280248219e-01,2.239918390479385402e-01,6.486530538885864061e-01,3.759766979956078448e-01,9.240182892866434239e-01,5.893771426737945962e-01,6.257406550715602922e-01,5.542351097410267435e-01,9.019268291776516566e-01,5.359056759982229190e-01,7.896155071970791806e-01,6.264601043510145129e-01,2.666036057389274405e-01,4.800084394129894849e-01,9.784859789176049150e-01,7.674212845991345011e-01,7.390337577506582711e-01,5.758517078109798293e-01,4.643072653192624188e-01,4.751900761084992264e-01,8.012415984465275365e-01,5.539890348673521814e-01,4.665153087354921846e-01,6.047433545197556937e-01,6.734409681722300922e-01,-1.587601071254530483e-01,7.114305466248557197e-01,5.984692282058603485e-01,3.182042647702602034e-01,3.560077160538082097e-01,8.036906519685510508e-01,5.046081658551235805e-01,5.927498679531228998e-01,7.124456577563892390e-01,7.487654751648369356e-01,6.704534152045074080e-01,3.880173346175110893e-01,7.411899150249545709e-01,4.235309734375186097e-01,6.009322983439344679e-01,4.856430018829692163e-01,3.595149291241275802e-01,4.157290881675266836e-01,7.207091727608601062e-01,3.959845184804440532e-02,3.214837433191773397e-01,2.447565934404020982e-01,-4.309720371906844427e-02,3.667920859584202220e-01,1.101462896947980608e-01,9.771405375710140451e-01
3.759185865795788284e-01,4.157696323758303669e-01,7.428458487461903070e-01,5.921152541793317514e-01,2.619190100973160518e-01,8.101183229205388692e-01,-2.372105278874094558e-01,2.852866632158709836e-01,0.000000000000000000e+00,5.973900096319120223e-01,5.099095032842740904e-01,5.516835980552561303e-01,6.710320844984429822e-01,6.139917701670711825e-01,3.265952599448078697e-01,5.975373339887124491e-01,6.926251704969598189e-01,6.170244152715927966e-01,4.838400298466301597e-01,6.321231207542853392e-01,7.758306574763484953e-01,6.395287969616549884e-01,7.085306003430569266e-01,6.535962974733672270e-01,9.688256826515877496e-01,5.458485635897608601e-01,7.845523541529448863e-01,4.499832297628054145e-01,9.114511021000391844e-02,5.744607356783496543e-01,3.463756876220919767e-01,4.522766628459595206e-01,6.694176663426065765e-01,3.340913323886851583e-02,7.747217985949715890e-01,3.936475739938471996e-01,2.767624107494768282e-01,6.614485583800568946e-01,9.316368863420894375e-02,7.561965095053563291e-01,3.688631142597219581e-01,3.302472609135370663e-01,7.781650256935040977e-01,6.011319802020033132e-01,8.214713655159419092e-01,6.920839916165595351e-01,6.821183296572218557e-01,6.637419242401043640e-01,6.431806772679573569e-01,4.278209453640051674e-01,7.306571001684186717e-01,3.759446082450861315e-01,3.438346171364895509e-01,9.645043923819247578e-01,7.065980233251636378e-01,8.483530332194344492e-01,3.917805383451834489e-01,9.165687633317157745e-01,5.639782390044122407e-01,1.142410048993683092e-01,5.040443131984801983e-01,5.391485472621345698e-01,5.797825972140170370e-01,8.137344535078987473e-01,5.139787384617117150e-01,5.474131735542823174e-01,7.419594549156087737e-01,4.228395841238132280e-01,7.955037008777833263e-01,6.332719872558675300e-01,6.455379621799617329e-01,4.930080829032413292e-01,5.257139755744386633e-01,2.990005391813759239e-01,4.606955409927466771e-01,6.417453466272886597e-01,6.800305807637503364e-01,9.560994813307690521e-01,2.969490221858750445e-01,7.812325173936163214e-01,4.034108581390993264e-01,7.084035451152828067e-01,5.751513554486402668e-01,1.685376016505980290e-01,5.333443506139552426e-01
9.799038340529938607e-01,6.130631244808549818e-01,8.769099556224723147e-01,7.412678175458774499e-01,6.753838718070277469e-01,6.165159714014423198e-01,4.167954376626887836e-01,7.963497324133862465e-01,5.973900096319120223e-01,0.000000000000000000e+00,4.385613903515487300e-01,7.009127776108234897e-01,6.602272039533648718e-01,4.885877141098392551e-01,4.125296092603408793e-01,6.846441839978244515e-01,6.450930472015168338e-01,3.333684689397834466e-01,3.146825168625611013e-02,8.174359201357691562e-01,3.351523215291244417e-01,6.620637147253711774e-01,6.885245854938233379e-01,7.293932885220157925e-01,9.082638379579875687e-02,6.047661255811017655e-01,9.733995175705089098e-01,4.637725138588192353e-01,7.386112707619028050e-01,3.452633355963858897e-01,9.766141357474263096e-02,1.909006131754452662e-01,7.336608151008171541e-01,4.537455882751542657e-01,6.646854935240946727e-01,2.308757963503688670e-01,3.279459630300604056e-01,4.953069947423944241e-01,8.664419964514074035e-01,5.252004842700559450e-01,5.124683515880830154e-01,1.877044400235476362e-01,7.802018629946847472e-01,9.628375992140547623e-01,4.471526364569138878e-01,8.317449651005185407e-01,4.555545162005195103e-01,7.222052560970581014e-01,5.132267849332028398e-01,6.368882945017976249e-01,5.621213246170126965e-01,5.738407436605318379e-01,6.776460004645434854e-01,3.850890443551238107e-01,9.310039488111250261e-01,4.357569546360506862e-01,5.521271022213478652e-01,1.952610032979607835e-01,8.816796108541570254e-01,7.700418904198832459e-01,2.159346687553570510e-01,4.633334985475808798e-01,7.046401765378592641e-01,8.567737482091065671e-01,4.811208546662061325e-01,8.667168424159765738e-02,7.800839618470281067e-01,5.704727311601437423e-01,3.403099086725936973e-01,6.787021046884740283e-01,7.877693537109760058e-01,9.701472354546186727e-01,7.464141066236174016e-01,4.850944900549799543e-01,6.898711449329458789e-01,6.951131664726871717e-01,5.663236284187411762e-01,5.591977807875398998e-01,3.278420489798365423e-01,8.956005527800564581e-02,6.284644232077549741e-01,7.753215018231889299e-01,7.209029308692760374e-01,3.581006780914727239e-01,6.483680366723523214e-01
5.381286992695796245e-01,9.976702140635054228e-01,8.076778285538152025e-01,7.211893579806126775e-01,6.499879598258724300e-01,7.764683974537108790e-01,-8.636040022878190003e-02,7.176470207992764472e-01,5.099095032842740904e-01,4.385613903515487300e-01,0.000000000000000000e+00,8.492847047667335669e-01,6.337209747494745304e-01,9.497693857321292121e-01,6.162672057815911097e-01,9.496435206531746998e-01,6.393684776197449127e-01,9.729155249931979998e-01,8.021456535135603749e-01,2.769661679500073914e-01,8.959287137895808328e-01,5.417004109030457704e-01,7.244556926980613154e-01,7.144288245663727999e-01,-9.685827767446475445e-02,2.147496605263461700e-01,6.853882962904550569e-01,7.037739806506497775e-01,3.201798682539846452e-01,3.832188642958105351e-01,2.448099050849642244e-01,3.430698263638936041e-01,4.780479213356617629e-01,4.898354156201258913e-01,5.213860934312581907e-01,5.367321954864561206e-01,3.654669631337287283e-01,7.722120710894484485e-01,9.516649293758058237e-01,6.498780972753245289e-01,5.049909004659102196e-01,6.266632482043889008e-01,9.656120605222614506e-01,7.827106355059929577e-01,9.569079511879392541e-01,7.751056243548979374e-01,7.944493871200316581e-01,5.092847805907809722e-01,3.151006866753476299e-01,4.167596915168124139e-01,7.925042184869856010e-01,2.321116003953987983e-01,2.633562264933294039e-01,3.843722756883173330e-01,7.867759228751259881e-01,9.784617041311138852e-01,9.520993545462480556e-01,7.002935999289747748e-01,7.267547098709771225e-01,1.634670724385272333e-01,5.081277383208070431e-01,7.598688979427030699e-01,3.924354347268765864e-01,7.581504704833790242e-01,6.062377038564313869e-01,6.364254494772809689e-01,7.581305044173395347e-01,7.654311934766865333e-01,5.207184070816721633e-01,7.961133768565201718e-01,9.079027467145593944e-01,7.569147863866212411e-01,5.651656225678420853e-01,6.271138539167756543e-01,5.770674293299755953e-02,6.107165161034449063e-01,9.871181999722440370e-01,9.162476488473271230e-01,6.832385347311303869e-01,2.351619186562826647e-01,2.599143525033851820e-01,7.613947118528285873e-02,6.533833762663929789e-01,2.355846497780564319e-01,4.799828579566558506e-01
4.511927003193864638e-01,8.184043072570983401e-01,3.415252435495021444e-01,3.778190528635408940e-01,8.241169912846804113e-01,7.129015703841030671e-01,4.367557207944271491e-01,5.135060246259025574e-01,5.516835980552561303e-01,7.009127776108234897e-01,8.492847047667335669e-01,0.000000000000000000e+00,7.203137944517927771e-01,6.127266721949216066e-01,6.605751986329690961e-01,1.569635285380965861e-01,6.582211768597698853e-01,7.388164903784292248e-01,3.987668931189910504e-01,8.014208444208668070e-01,8.326201502849395197e-01,5.257415317609841487e-01,9.325320381487283150e-01,8.418737928807444870e-01,6.188425624218364396e-01,8.041136828491103339e-01,9.090769234075707361e-01,5.326825706873673516e-01,3.329157770061572097e-01,2.034715083387363399e-01,-1.286984534358515953e-01,6.367910781093644168e-01,1.412095253327528832e-01,2.749890239595080277e-01,9.116657092715860777e-01,-1.140649200104699446e-01,6.247633181624858700e-01,4.362039361129308457e-01,5.402575762202272980e-01,9.786417321296562166e-01,3.792562192090468409e-01,3.945702612390404873e-01,8.737288493431849545e-01,3.553177496018837811e-01,9.608211819925618347e-01,6.827242138325759768e-01,7.566001526192325244e-01,5.838780642590298831e-01,5.376015998344478852e-01,-1.683432965555913818e-01,7.881043745259175282e-01,7.453274268627330112e-01,3.713550092617188270e-01,6.708512380444227041e-01,9.422963061659987982e-01,9.699265025350947145e-01,5.433952270361973591e-01,9.656419326164598915e-02,4.169873015041579145e-01,7.467370074497362564e-01,5.474038953309430244e-01,5.333353302961895137e-01,8.566042453539064461e-01,5.050937338093297591e-01,7.377563549989291092e-01,7.212089167811732704e-01,6.043537639706454412e-01,7.632196642087014649e-01,4.635672268374196880e-01,7.246077099779733022e-01,1.136478739607343497e-01,2.324326360012310966e-01,2.439991369099377139e-02,2.211159338682629483e-01,6.485491445081379425e-01,4.570388663230976478e-01,4.698665469656488902e-01,5.853427454486614945e-01,2.866761200273558741e-01,2.203097691333464891e-01,9.432344656030019481e-01,7.329679110267610653e-01,8.987857358115152184e-01,4.697976574144742123e-01,9.633404123641859940e-01
6.764972894905322276e-01,8.765052935248555110e-01,7.511650328589802861e-01,5.045320112756007669e-01,1.937823341838560420e-01,6.138445067936204591e-01,4.749486384485687163e-01,7.690893888032139802e-01,6.710320844984429822e-01,6.602272039533648718e-01,6.337209747494745304e-01,7.203137944517927771e-01,0.000000000000000000e+00,5.971132696218202085e-01,4.623839459053359358e-01,4.208148757418739283e-02,7.545694670003901816e-01,8.743288793825247929e-01,5.440778992226151800e-01,7.471655357137352294e-01,4.269584994401820488e-01,9.662742323470810968e-01,4.946877246012108542e-01,7.480673885612694196e-01,6.838345717021986347e-01,7.727453882972822319e-01,7.912437488648219608e-01,3.316604901163366925e-01,2.424732238183779365e-01,5.473093121739373013e-01,4.874453031643395384e-01,2.464267301802519072e-01,6.624635402538787687e-01,9.678734374914018668e-01,6.774552624740952655e-01,5.883920348360954788e-01,3.445697545863660172e-01,6.422366872814651018e-01,6.434882769672927161e-01,6.095453766633247561e-01,1.535211263039025220e-01,4.940330484182777759e-01,5.669334796505854923e-01,2.174320493007522725e-01,6.315959022007696655e-01,4.956523180423421104e-01,8.103398323270903925e-01,8.365382694601811719e-01,3.381327436619611104e-01,6.111582129237067562e-01,6.708574963601500185e-01,9.308146298225262738e-01,7.676686896623491352e-01,6.977119438817354080e-01,8.039910206524050196e-01,5.256253595051263439e-01,4.123690029181461547e-01,5.851131825216193683e-01,4.839201802951442755e-01,4.880932852570648017e-01,3.290714405287201161e-01,2.037848160937839603e-01,6.433076595254927366e-01,6.803134341510876926e-01,7.297455943471661266e-01,7.074235805328344950e-01,7.170108127315872881e-01,7.022831389449113448e-01,5.677070415473620679e-01,6.109999403543526775e-01,3.681398671285385227e-01,9.679711533684135505e-01,3.136757041075287633e-01,3.201879674826286770e-01,5.968060918762955191e-01,6.740493139476333440e-01,7.106222519758371714e-01,7.672277687580395522e-01,2.155360378424495127e-01,1.710027803477492114e-01,4.895353419055100685e-01,7.917002809435382815e-01,7.625810732002694659e-01,6.294846975622999663e-01,5.635113080652258688e-01
7.668393008768270569e-01,2.580608734394581605e-01,7.396203659032400957e-01,6.103017850412594258e-01,4.692530466942109735e-01,7.002209374164793942e-01,2.061674073717206235e-01,9.306750927266448370e-01,6.139917701670711825e-01,4.885877141098392551e-01,9.497693857321292121e-01,6.127266721949216066e-01,5.971132696218202085e-01,0.000000000000000000e+00,2.361638134160327640e-01,9.513436808747613993e-01,8.491157654305369062e-01,3.390792950588176202e-01,2.895916089569787744e-01,8.628240492800138828e-01,6.202623404784517458e-01,9.823524169307615850e-01,6.440004501645895107e-01,3.653200999457084652e-01,6.252182693652365009e-01,6.403728038807657841e-01,-1.753140225410432795e-01,7.962923028731400121e-01,5.565597926388510253e-01,7.705793752824761089e-01,8.267488417345963958e-02,4.294874645801314422e-02,6.558895556253060422e-01,7.827559769148825231e-01,5.964678776546875616e-01,2.540802648637334737e-01,5.353209301964720890e-01,8.248179001635526086e-01,6.791754834779886174e-01,5.462295107451882181e-01,7.851483703287885918e-01,7.195794505624014681e-01,2.156028586118288459e-01,8.026820647693312383e-01,8.612587701580709520e-01,6.195098968964647401e-01,6.851356342392961318e-01,4.206196916868676916e-01,8.439446081305732594e-01,5.224895383132979187e-01,9.269585743070063444e-01,5.510298412090793851e-01,1.693691424568075643e-01,9.945836183892300397e-01,5.444691455854557827e-01,7.829637409410306059e-01,9.370094207075418957e-01,4.480976239882648038e-01,1.590234730123465667e-01,5.840827658230206554e-01,2.970297444078341953e-01,8.042021364126286098e-01,9.915157638612450697e-01,4.287524934060253368e-01,9.732388658319822694e-01,7.654360840872946881e-01,3.647954921424243491e-01,6.113352506457868651e-01,5.548416295619724714e-01,6.041976329187249695e-01,7.805640570910202802e-01,2.313591254605827097e-01,5.433890460157341229e-01,3.599839462672588253e-01,4.794849384940261805e-01,5.158122133814095900e-01,9.215336445633838247e-01,6.196420493105438965e-01,2.399380748986146561e-01,-1.263955599754013059e-01,4.928710415192181782e-01,9.256363839452242948e-01,6.843895585604837795e-01,3.071424716856951953e-01,4.629955446122585583e-01
8.037243474075339567e-01,5.971833245546903646e-01,9.353395609052488346e-01,4.280661028545269531e-01,6.122115498738438522e-01,2.772976790016400406e-01,7.128845551111814283e-01,3.545006016774258084e-01,3.265952599448078697e-01,4.125296092603408793e-01,6.162672057815911097e-01,6.605751986329690961e-01,4.623839459053359358e-01,2.361638134160327640e-01,0.000000000000000000e+00,4.275990444591203921e-01,9.210856704009204865e-01,4.168191629872787796e-01,1.671763746169223352e-01,5.973940005145380594e-01,8.551869339623248134e-01,3.311872793206193100e-01,5.312466850191006618e-01,4.070005062831005826e-01,4.131464497482894571e-01,6.579706424243663143e-01,7.665012430012262401e-01,9.185327373337874857e-01,6.243082380304689760e-01,1.805722161973636053e-01,3.084745312292370145e-01,7.679314675396079481e-01,4.407541181423186294e-01,7.969999481512499706e-01,3.670941437146849617e-01,5.692390333676196068e-01,1.322053281547785897e-02,4.664480348505166685e-01,8.622633640157836288e-01,3.267786556396764519e-01,1.952771441807805708e-01,7.032334683474296133e-01,7.646418077955849935e-01,4.785448694059711849e-01,7.574514016989004617e-01,7.101493833534908706e-01,2.200246796364362933e-01,4.458521547172322186e-01,4.773842374787742870e-01,6.953030665913275676e-01,3.965310536759688032e-01,6.104843001261430757e-01,6.966517005403104479e-01,7.735438852345979388e-01,7.395798575230139171e-01,8.844679428965889212e-01,7.076894887208580176e-01,6.688930253753894162e-01,3.873489002654402491e-02,2.548843256405977087e-01,3.458909247489611039e-01,6.287156679983658680e-01,4.748150301715249877e-01,7.659545910132036228e-01,4.198632866822721854e-01,4.784975841830303445e-01,8.197147834695532875e-01,7.062749431626508256e-01,5.730694721037975503e-01,4.697053458461807884e-01,7.456945083951590503e-01,4.366633820819759704e-01,3.033165338582942683e-01,1.023710504856929597e-02,4.847410985969236585e-01,6.497674135058126854e-01,3.275207118542278195e-01,2.088939628566886253e-01,1.663166832329347200e-01,1.923710601911088058e-01,5.891589111615800345e-01,5.844034871451454505e-01,6.839241328105829520e-01,5.733428470836945401e-01,8.756399186302252780e-01
7.329098651557741650e-01,2.976429076379912830e-01,6.505762867214184286e-01,6.596652236811088033e-01,7.537247450136896898e-01,4.635415362164610475e-01,1.007230913319352439e-01,3.355703161044043537e-01,5.975373339887124491e-01,6.846441839978244515e-01,9.496435206531746998e-01,1.569635285380965861e-01,4.208148757418739283e-02,9.513436808747613993e-01,4.275990444591203921e-01,0.000000000000000000e+00,3.391097122545717601e-01,8.159161347600427661e-01,4.949622863766789393e-01,9.267012181482914279e-01,8.521310400658954620e-01,7.511913717275457980e-01,8.573629540568804552e-01,9.396920492807345759e-01,5.093141406495600432e-01,9.187866501477980341e-01,8.200072920846535052e-01,7.735462051436210462e-01,3.616504044844148780e-01,4.919003693752385109e-01,5.444580017364066826e-01,5.537229213805248129e-01,9.377666664004016273e-01,7.302704613260364575e-01,6.054058725490368831e-01,-1.758495888133683738e-01,4.566065759899325949e-01,7.654616436134058510e-01,4.647039001981317918e-01,5.881720655783655438e-01,5.631798083925665388e-01,3.522470864440581106e-01,8.175022312509714340e-01,4.391419947691085346e-01,4.289860978473341024e-01,3.363756088533410571e-01,9.363529584055886312e-01,6.404702949864069517e-01,2.881864689608670815e-02,7.538320448411103269e-01,7.109246849987765904e-01,7.956665080492708597e-01,6.351838398639496619e-01,4.325150950594586763e-01,5.877659216472514991e-01,9.734840407389839800e-01,7.702369973496003830e-01,5.747260440784144331e-01,6.545099398308167338e-01,5.821142189819898949e-01,3.685456834284150940e-01,4.250663317051395773e-01,9.937079350399605771e-01,5.601621136307225468e-01,7.855775295032918493e-01,7.599011313050829663e-01,1.825240064622314362e-01,2.875965493316880450e-01,7.402945978382347025e-01,5.199197572364198106e-01,8.259928339514504003e-01,5.200473875163984516e-01,7.044749938131674716e-01,3.777299276536910666e-01,4.060304993918391059e-01,8.024465371959338400e-01,7.781882865958851259e-01,3.468373659993394531e-01,4.509816064991770124e-01,-1.429228678300885069e-01,1.331712692013076460e-01,4.073988299048888484e-01,5.579352655432588959e-01,2.509117474256365998e-01,7.931009771218622273e-01
6.373291374492674466e-01,6.562757649858093068e-01,7.863360755745127939e-01,8.344929881409206551e-01,5.426912308299970400e-01,9.512766097745243288e-01,3.191747016393116088e-01,7.533962564612954882e-01,6.926251704969598189e-01,6.450930472015168338e-01,6.393684776197449127e-01,6.582211768597698853e-01,7.545694670003901816e-01,8.491157654305369062e-01,9.210856704009204865e-01,3.391097122545717601e-01,0.000000000000000000e+00,6.830815646228073357e-01,4.354508179079427110e-01,4.604848111031268898e-01,7.718593325678837491e-01,4.883891161898488154e-01,9.847382333820543510e-01,6.925411264708620784e-01,6.331966197304698118e-01,4.773496362838846596e-01,7.122318050261844391e-01,4.912654635884672882e-01,4.898266566847483405e-01,3.225467530768899582e-02,5.731846318492175296e-01,6.137631897881389298e-01,5.918946169327924389e-01,6.881368300396415449e-01,6.976405239751880538e-01,5.494513439911817843e-01,3.249180467454239607e-01,6.159393248143198996e-01,1.367251845791633835e-01,4.877606938450108620e-01,1.116429569941261857e-01,6.923366619485742390e-01,4.814918219903426277e-01,5.232530202975507194e-01,6.112253638350646501e-01,8.512809597475459178e-01,3.382880130810240749e-01,4.107361355465096731e-01,6.412531185349463758e-01,8.628538084148227316e-01,7.559149185854643349e-01,6.457786259074191904e-01,8.788348044550031712e-01,8.760898307024809206e-01,5.952191129476163134e-01,6.352518209929957083e-01,6.013682198696463921e-01,7.788706023346936291e-01,7.231329472738377007e-01,3.646979737625063445e-01,6.892723384272205767e-01,4.768727728669441834e-01,9.223655558047153535e-01,9.466286983395058030e-01,6.891810134409631639e-01,6.666195066225798493e-01,8.404479582607763399e-01,3.470389020319566420e-01,4.181657793022062197e-01,9.727147965928822915e-01,7.447760738472670727e-01,8.534152718398474446e-01,3.364992216556027538e-01,3.266432900798783567e-01,3.462600924410764724e-01,5.918593222287511502e-01,8.933853612921458520e-01,5.215967948075617144e-01,5.664800427041749575e-01,3.502245874255807689e-01,6.398242864408731911e-01,5.078821139210765168e-01,8.085936190493512310e-01,3.614202842420637385e-01,4.460290473447650617e-01
8.182154931262112241e-01,2.279368785664825370e-01,6.442373666169134427e-01,7.825634221674213631e-01,6.298838956631992447e-01,7.147064196856152130e-01,7.775704144904705961e-01,4.298319060747413656e-01,6.170244152715927966e-01,3.333684689397834466e-01,9.729155249931979998e-01,7.388164903784292248e-01,8.743288793825247929e-01,3.390792950588176202e-01,4.168191629872787796e-01,8.159161347600427661e-01,6.830815646228073357e-01,0.000000000000000000e+00,6.649782721085674142e-01,9.963404540500687689e-01,9.647842676871655199e-01,5.370222017809557213e-01,5.786517557879142792e-01,7.281213193830379238e-01,4.206902694114957875e-01,2.367034652190968536e-01,6.174647855353144754e-01,7.975643785440749145e-01,7.837798745961006563e-01,6.614895717793598529e-01,4.210174363142609177e-01,6.455559220544824228e-01,6.324917583465936577e-01,3.992646755073367970e-01,2.427046185690188707e-01,9.637241641392713110e-02,4.542121838657946914e-02,5.643638646172963735e-01,5.494546360174317190e-01,6.698434666075601118e-01,7.035297082216672715e-01,5.918985976379098624e-01,9.384834400332716653e-01,3.465979486131982590e-01,8.898955215767484495e-01,4.843745631117512551e-01,7.405750059383402473e-01,5.129979484719368044e-01,6.582083580476086881e-01,5.233192926834766556e-01,8.572454217598152182e-01,6.974221207321131821e-01,5.982984910691082625e-01,7.538145688272650524e-01,7.693500178387955302e-01,4.744181410804967358e-01,8.438866920417907869e-01,4.354766889856193646e-01,9.305202685257056849e-01,2.490574561393382735e-01,4.970429961137188268e-01,2.245070786254760309e-01,5.758259475626998913e-01,4.155012435151985151e-01,7.604148597183884029e-01,4.120357350111723133e-02,8.592286957011490145e-01,5.781231949659652036e-01,4.235615000847787748e-01,6.558229792728166307e-01,8.774668440858408580e-01,4.867169980124460005e-01,6.437807581038557103e-01,1.086124325460213758e-02,-3.359283580512475997e-01,5.347071686995699680e-02,6.932199936936886964e-01,3.614140346941550064e-01,3.067996054807742463e-03,5.224520742881746393e-01,4.391469607167746703e-01,7.113045059518577906e-01,6.129274838530498482e-01,6.488175345734756849e-01,4.810144775477180334e-01
