0.000000000000000000e+00,6.313677106374550041e-01,9.101342066670168318e-01,8.721332039438993711e-01,9.338220909352169530e-01,6.011346663388407174e-01,7.950942261945316281e-01,6.738483035384138509e-01,4.237763131211574330e-01,8.793409424496554383e-01,4.539238820672857888e-01,6.935699834083132176e-01,9.781923388469893066e-01,6.940216466716117028e-01,9.062468005467965160e-01,6.282545290282878225e-01,2.753109065609953277e-01,9.653835654217932660e-01,9.530167157849167570e-01,8.746890860991498595e-01,9.252399919348530677e-01,8.330716096884771549e-01,2.321907935213074203e-01,8.424215618414725437e-01,8.917132228933815075e-01,7.697006566867161670e-01,7.306881009544152761e-01,9.646217857213903457e-01,3.193000590557902862e-01,-7.829133158074103038e-02,3.520598826774743451e-01,6.657985476166732308e-01,7.058597115072444694e-01,7.653967019866116939e-01,6.344121485476590383e-01,4.977339579398805114e-01,4.245994539867141704e-01,4.863855505129751622e-01,9.082337052559686930e-01,9.171902684382872151e-01,5.771608845016562572e-01,7.240627381221226289e-01,4.387299751723904295e-01,9.832648014187806984e-01,4.258404134229323845e-01,4.385508391119803395e-01,9.092203045071108880e-01,8.942916741065876085e-01,8.898378544104129650e-01,8.646792526330285833e-01,6.618472508468077331e-01,9.541294188743448812e-01,4.905708899870116491e-01,6.225377699600846970e-01,6.735076227185318176e-01,7.458095151742594187e-01,7.035907188722123617e-01,6.373491632997071443e-01,7.146181572965570883e-01,-1.995046616123812011e-01,4.642774250045821893e-01,9.691670522591194770e-01,6.434829382947406806e-01,9.235427463093339728e-01,9.635039384363710546e-01,7.451166828109405671e-01,2.859016790699731025e-01,6.935910384008828755e-01,9.516000957011759853e-01,4.003163933148685683e-01,4.987562367664931662e-01,8.233380175545207402e-01,2.548524447690529993e-01,1.711423439976630101e-01,6.566650356678915834e-01,8.124248764567444381e-01,7.910281431152101916e-01,8.619920794289722688e-01,6.247321144393772063e-02,2.490789646068158336e-01,8.105394111757280307e-01,6.497970111156433637e-01,8.665360688909962139e-01,6.779726535894685657e-01,7.379498950065241925e-01
6.313677106374550041e-01,0.000000000000000000e+00,3.252146379045034452e-01,1.540029095917971047e-01,2.041861675355745864e-01,9.399120611280611381e-01,6.914164899004867637e-01,1.999841959630631327e-01,3.554488927800542597e-01,5.964300471561588823e-01,7.382211656263720778e-01,9.473159899703158526e-01,9.388405075431380808e-01,9.213588214493403372e-01,7.371863711839925504e-01,6.867289354927642586e-01,2.394114435724006285e-01,6.559337869020480660e-01,6.259026624014506490e-01,6.429438941052704193e-01,4.004748862480882465e-01,4.431068852797888646e-01,5.641330062671845967e-03,5.209710780562544219e-01,7.833687921805368992e-01,5.325377713780614641e-01,9.340686276925476150e-01,7.466540326633512858e-01,3.139506247721930987e-01,2.525223566034071609e-01,3.283462502544748363e-01,5.599980368821637633e-01,6.023207481242291994e-01,6.150967912502673940e-01,4.645661061552518456e-01,5.718926084362895290e-01,4.767096089944640736e-01,5.166540449857888184e-01,7.657045727320135331e-01,3.477487946483027170e-01,4.384941163222643157e-01,7.644799920337479460e-01,7.515125341221678967e-01,7.647395881074026125e-01,3.721625410304773007e-01,2.945716094849856193e-01,9.705023646606858456e-01,7.916145418231538278e-01,7.264824386884548568e-01,5.999704813297588313e-01,4.682035691791164300e-01,9.921318528414309057e-01,4.831233122887921838e-01,8.426842577892246222e-01,5.806336836925654055e-01,7.385949145746656397e-01,4.534929584563894278e-01,7.070265011830829671e-01,5.652608220930890326e-01,5.325907590957580373e-01,6.343236827865047500e-01,6.407112508124207517e-01,4.710396142526217522e-01,9.837763339692509046e-01,5.648326609658826936e-01,1.064380698443492951e-01,9.854529504514797367e-01,7.495636859830206999e-01,7.894201103481115478e-01,9.759211772075636615e-01,5.521960249021518052e-01,6.500877921077170551e-01,6.182676832677263395e-02,6.728981768272485064e-01,8.846858975388535162e-01,3.893363722870871735e-01,7.517499907250001501e-01,5.531503637823922404e-01,4.428106729858493074e-01,6.874480911625658296e-03,5.886370322216852302e-02,5.785127391397820729e-01,4.286849896454053011e-01,3.926175904276401063e-01,6.135563433707015291e-01
9.101342066670168318e-01,3.252146379045034452e-01,0.000000000000000000e+00,8.720601904044653629e-01,4.631113329253490063e-01,7.488491416747387053e-01,7.955349089485279634e-01,7.606308640175665214e-01,8.114299854075093243e-01,9.316040529358058375e-01,4.589198284323619537e-01,7.688426335041734783e-01,6.425542764394223116e-01,6.571621179851800942e-01,8.102017586586670594e-01,7.976290871485708367e-01,3.742141881898665146e-01,6.334138191553484454e-01,9.552425781868110199e-01,3.737296475276005725e-01,9.109099247918435172e-01,8.253687779017522264e-01,6.013792159043999108e-01,6.123592618634193796e-01,8.538024018999245124e-01,8.742191767410466552e-01,6.468303279065187317e-01,9.282626247408619635e-01,5.831108531066643286e-01,2.892115522670303807e-01,5.388300008823253551e-01,5.289634326159886601e-01,6.928190878902117378e-01,4.881017183116363456e-01,7.384798067113803599e-01,7.583134670829047019e-01,2.690947274637777720e-01,6.541187755155656314e-01,7.206322390318578019e-01,7.936216554949629964e-01,3.015434641050109277e-01,6.301540083339159937e-01,8.102801346616080869e-01,6.225527976330993418e-01,8.881618467856581267e-01,7.639901854852780561e-02,8.327679176021720586e-01,9.125396125653181256e-01,9.018463007912077556e-01,7.168223148862350458e-01,5.229964829222302214e-01,8.818120780666279801e-01,9.378821170431848042e-01,6.673303477949894535e-01,8.669688638222514676e-01,6.028879329666485543e-01,9.323276611434463401e-01,6.796327578320484619e-01,9.649351826395290432e-01,6.081056723275773956e-01,5.127243191164183589e-01,8.619284318081245067e-01,6.328118087568416206e-01,4.890831667012708328e-01,9.938727954723278746e-01,5.520302528823450849e-01,6.969691515602775000e-01,2.736049288544909475e-01,6.437308415960221186e-01,7.729898805190813516e-01,4.852444133880672306e-01,7.277277607834749251e-02,7.513662952408124429e-01,6.669751764336440125e-01,5.364049116474745027e-01,6.682164283996258058e-01,6.665016477084300117e-01,4.768941970529992913e-01,3.846613754224199599e-01,1.680065076686094658e-02,9.900329097533830947e-01,8.324883957225391873e-01,5.177693635478772816e-01,8.441552361192452558e-01,9.845220359699136115e-01
8.721332039438993711e-01,1.540029095917971047e-01,8.720601904044653629e-01,0.000000000000000000e+00,7.701769933156360493e-01,5.325098281497928632e-01,5.972407065880844801e-01,7.895728649149434952e-01,9.228718658505267181e-01,7.722502957638935905e-01,6.249294121208178732e-01,6.974617854227299629e-01,2.690969078639564027e-01,7.575628153327573777e-01,5.707712832389363333e-01,3.988867691509828672e-01,4.735647569448240279e-01,1.525120975875499385e-01,3.189699310197864346e-01,1.032926547492325070e-01,7.813784573981452652e-01,5.234929565325541212e-01,6.179068703870377322e-01,3.588864399859071908e-01,5.287359848792421158e-01,7.069344943613709020e-01,2.102044397500879291e-01,6.578783819454612214e-01,5.303990667866191888e-01,9.385020985903538837e-02,4.966295366437261660e-01,7.114258459664507539e-01,4.619555746059991752e-01,8.865301840416267565e-01,7.653258737467152351e-01,3.524297681702096563e-01,5.703466296089618748e-01,3.310271178399524228e-01,6.863066775126681618e-01,6.393427066199213193e-01,2.757042186585587640e-01,2.465160402635236114e-01,3.807687984069768605e-01,5.742735886580361271e-01,6.244855919555697410e-01,2.769706133107028845e-01,8.077650521641188686e-01,7.057671328281385215e-01,7.274736580654970197e-01,7.582896685143349913e-01,6.978381499046113490e-01,8.813430425895829590e-01,6.477178756100756551e-01,5.860346816941719439e-01,8.752459708878176370e-01,6.835988392421177284e-01,9.222726080455787567e-01,5.942791572160945890e-01,2.254317492850055060e-01,4.844455172278173682e-01,1.189019814520540647e-01,6.216658333795453961e-01,6.793444407943289853e-01,7.138865061768860931e-01,7.862103887916092049e-01,2.194392367034723734e-01,-2.240216856562715353e-01,9.884897725962860093e-01,5.122532476546699520e-01,4.076573945834949808e-01,2.845984395347996299e-01,4.387369117929629247e-01,6.324545669101842016e-01,8.523705024595673932e-03,6.216316569922559765e-01,6.789602329009423176e-01,7.835844895524697318e-01,1.501564227958144260e-01,9.436242319010219870e-02,4.581375553956474334e-01,6.655603276488689657e-01,8.312597319792978112e-01,9.069423282721097435e-01,7.931270996049690769e-01,6.386814416160455643e-01
9.338220909352169530e-01,2.041861675355745864e-01,4.631113329253490063e-01,7.701769933156360493e-01,0.000000000000000000e+00,6.498562864780667025e-01,4.376605592108990805e-01,3.338943229845082739e-01,4.633741205141666542e-01,6.156581011408435167e-01,7.511270077052383254e-01,8.244829801272322012e-01,5.014271105525233141e-01,7.437876822803073384e-01,5.365875277741661842e-01,4.551378590248205680e-01,9.673870131590808219e-01,4.173746281749745046e-01,2.844395077125405624e-01,5.572654620122978741e-01,8.445048816244694612e-01,6.341065248749234717e-01,9.700683480180840590e-01,7.867214605034683617e-01,4.169240868448038650e-01,-1.374631135807741766e-01,6.786626712570209552e-01,7.604752912463270675e-01,1.255252954437415837e-02,2.236455706493872542e-01,3.323125545406782066e-01,5.992385888013922468e-01,7.871074238305790782e-01,9.554495766852948435e-01,7.585397509816481643e-01,2.033035098798022522e-01,2.756527787198988499e-01,6.419767995026935958e-01,9.268227222646724384e-01,7.841594737967569895e-01,5.020075289509782213e-01,4.033219954680489390e-03,6.198359298765291348e-01,5.334981897778769966e-01,9.423639906578850090e-01,4.234232332797154275e-01,8.278472868997450718e-01,4.216270714523943641e-01,4.750963369598300567e-01,4.196178466239471883e-01,1.438044798646466726e-01,4.551585558648912899e-01,2.167178053466295440e-01,6.854110378883341292e-01,4.629442143930396769e-01,5.861072476522464214e-01,6.228716020485345339e-01,7.074737240254879156e-01,7.785099760778471101e-01,2.497966499866240975e-01,5.165098544680892800e-01,6.567711703232311793e-01,5.846231911725213726e-01,9.663267043636901699e-01,7.092190072611893603e-01,2.732459050019523938e-01,3.976270727499893187e-01,7.661871422347568128e-01,5.126292884715925036e-01,4.371917520598220253e-01,5.712767968527784346e-01,5.797024313473211343e-01,6.799691099136276895e-01,2.998946303610960928e-01,5.113621911671437648e-01,9.707159287917889179e-01,4.094383466684990980e-01,2.978401033398141440e-01,7.471448274534268075e-01,5.007374105748721993e-01,4.141894476731932118e-01,6.976267754540866894e-01,2.039815290945337298e-02,4.236311121689712578e-01,6.421227671729669018e-01
6.011346663388407174e-01,9.399120611280611381e-01,7.488491416747387053e-01,5.325098281497928632e-01,6.498562864780667025e-01,0.000000000000000000e+00,7.866520018334386410e-01,4.764179920097681986e-01,9.401861072472339487e-01,8.967322460436956133e-01,4.660173524819523072e-01,3.060358518266018679e-01,9.842777868821918075e-01,9.933143008512246297e-01,1.176719236265040963e-01,1.594324997229340513e-01,8.400084740929176785e-01,4.582443802081898609e-01,5.362365060236369274e-01,8.893625278467458539e-01,4.417301333681488695e-01,6.750779121576937492e-01,1.511604526337027021e-01,5.070835191805743714e-01,4.696466144497176143e-01,4.550358637093906977e-01,5.879785684676200885e-01,9.266126640362259970e-01,2.545441806270179463e-01,2.245726909073363364e-01,2.329293954573419256e-01,7.425209345795379390e-01,8.489101425778675658e-01,6.637147316806774056e-01,4.740467861578264719e-01,2.569284022666314393e-01,3.014513095162495993e-01,7.920744262514179956e-01,5.231374955994587683e-01,6.380787400953886745e-01,1.142307597433096511e-01,3.672578768971431207e-01,8.390180608737902723e-01,5.320799668411307914e-01,7.052862579773604423e-01,9.689988996351645012e-01,7.625803174650651606e-01,6.179285161562845241e-01,3.955371171203775349e-01,4.217040209670478434e-01,1.791445860085859598e-01,4.577280922920781703e-01,4.188811106555310193e-01,9.445102535117837483e-01,9.494571867944698873e-01,9.629119310614178140e-01,2.016275565932546809e-01,-1.581750183448114577e-01,5.566683284399251974e-01,5.747213833804796224e-01,5.775526415146239323e-01,5.944085204218465535e-01,4.340027331508548025e-01,3.207499491520405255e-01,3.874696397105644174e-01,7.734717683235614594e-01,7.391766589831408885e-01,8.912950194424887895e-01,3.900129249744764826e-01,6.393025056829295671e-01,9.894859744014049552e-01,6.684070785779548940e-01,4.765144093789162039e-01,5.106341908886659064e-01,5.308905841774271828e-01,6.855888325985962650e-01,8.773838915558705986e-01,5.447851057929322671e-01,8.397638420680263172e-02,-4.212243608154339625e-02,5.853929284108618791e-01,7.389941921135421143e-01,7.503220948781172961e-01,5.059277305665108582e-01,7.602592099958361826e-01
7.950942261945316281e-01,6.914164899004867637e-01,7.955349089485279634e-01,5.972407065880844801e-01,4.376605592108990805e-01,7.866520018334386410e-01,0.000000000000000000e+00,5.593885557621337545e-01,4.668917105617818031e-01,1.623830347617483236e-04,6.330214442811193942e-01,7.913828633093031861e-01,4.260509734039015783e-01,4.630406675786777893e-01,3.576217684919856810e-01,7.100270037513817245e-01,4.327688309745385542e-01,4.844718563973993142e-01,7.347777567292910206e-01,8.330985805490269680e-01,8.348838538078314775e-01,6.204967074815882500e-01,5.296528069826579310e-01,2.002352709967989974e-01,4.880635314146230530e-01,-1.457905576431737793e-01,5.159880491906339017e-01,4.917056510324975260e-01,5.120651182895858966e-01,3.858431052038390208e-01,2.985188486489551152e-01,2.702465055095060187e-01,5.913377500371261863e-01,4.222254430069624642e-01,5.320824853475483174e-01,5.823438143241101983e-01,5.862043706200126270e-01,6.301966715757866266e-01,7.393540345202804787e-01,6.460699310270943962e-02,3.576403449281195801e-02,-1.374548722993357286e-01,4.878089847146676039e-01,6.150458209531856069e-01,6.545141255344919529e-01,2.486242956836689777e-01,2.725799631920700072e-01,5.264971736074712805e-01,5.299021172187978745e-01,7.173372250427055841e-01,5.173408555452216895e-01,5.376481372135442083e-01,6.791952738036888260e-02,7.347952288178239977e-01,7.727388920570161801e-01,6.468071774935494345e-01,6.921389714188289632e-01,3.138242711874924540e-01,7.126371358305624293e-01,8.847287123542946219e-02,4.793640354814040494e-01,2.469329937506677120e-01,5.070541202761918997e-01,9.551157769908280581e-01,8.137007013032594438e-01,5.404787651071131238e-01,1.072039273876584375e-01,4.190987547518386092e-01,6.613979029868373161e-01,5.591759147459243184e-01,2.681357348488360159e-01,9.638791450296622099e-01,4.200804013926202618e-01,3.276095058714179054e-01,4.608717245897646642e-01,3.889880132134423407e-01,4.083395450734744747e-01,5.606248170403953512e-01,3.158724960540483240e-01,1.946696455947907467e-01,5.814232230109075417e-01,9.746231303627839182e-01,3.527672719416371505e-01,5.367279928322611360e-01,3.267756450508333410e-01
6.738483035384138509e-01,1.999841959630631327e-01,7.606308640175665214e-01,7.895728649149434952e-01,3.338943229845082739e-01,4.764179920097681986e-01,5.593885557621337545e-01,0.000000000000000000e+00,4.490078915966027595e-01,2.996916057576866077e-01,3.738921590833388375e-01,5.136735372684422263e-01,5.217491757666531393e-01,6.725066167056508171e-01,6.584921988188110475e-01,3.904487372602090112e-01,6.443041772701929570e-01,5.016926819758784628e-01,6.180571044083862930e-02,8.269337699014097653e-01,8.385027205182026266e-01,6.660745035842469131e-01,6.987826070946355772e-01,2.591389624592207452e-01,7.952125862682853097e-02,5.682289764919687958e-01,3.435241741496705137e-01,5.227069090830531728e-01,4.516727203125840417e-01,1.373082429748880839e-01,3.345291694289669326e-01,4.530979353127499443e-01,5.242261332268889351e-01,6.264038100148636712e-01,8.649978863047574906e-01,-4.409860532008746947e-02,1.623548529409388763e-01,7.096547101296247773e-01,7.754627250735663946e-01,4.550416752857573965e-01,3.744783691165756156e-01,7.773547629655701563e-01,9.674473456333596566e-01,4.144452981085804399e-01,7.174502468385319798e-01,4.175091827760202823e-01,5.202010840369151179e-01,2.872296338925208192e-01,7.609951674632948748e-01,5.113943708423906997e-01,5.964510405150673655e-01,6.821905998424195872e-01,3.445147856852742718e-01,4.144857875770103228e-01,6.520111688719343324e-01,4.575787859664321444e-01,7.662995525057589852e-01,4.471967957041350084e-01,6.857032081020255632e-01,3.630604385812908046e-03,6.105041010706137028e-01,1.222864223728257760e-01,2.843016251959302187e-01,6.251074028105489955e-01,8.624725141367824977e-01,6.408190697508607536e-02,4.952743189099258481e-01,7.953859640261189412e-01,3.194363238744704625e-01,4.639624506044163765e-01,6.194561784672126814e-01,4.550697097226634735e-01,4.408669966508715343e-01,5.758951345918067455e-01,7.105747427388091619e-01,7.685152403549653233e-01,5.755076426626510866e-01,8.634742469608053250e-01,3.749021134869465754e-01,-7.307739220922351842e-02,5.673892936996793868e-01,9.529347619565320393e-01,2.645045608464927644e-01,5.525906253716570404e-01,7.604609952501334424e-01
4.237763131211574330e-01,3.554488927800542597e-01,8.114299854075093243e-01,9.228718658505267181e-01,4.633741205141666542e-01,9.401861072472339487e-01,4.668917105617818031e-01,4.490078915966027595e-01,0.000000000000000000e+00,5.027783628008055672e-01,9.180202784300154351e-01,9.631895732111782626e-01,2.656053935632447516e-01,8.107076809106960047e-01,6.507856527395605717e-01,3.536548784361995823e-01,6.439978812467550551e-01,7.606136440925269637e-01,4.128948327041520594e-01,5.364217209181965096e-02,6.281355786317490697e-01,4.220850324015327226e-01,5.467332359457955926e-01,5.978841886383925441e-01,1.092687069513288423e-01,4.364754394189345743e-01,7.770784567398937304e-01,4.268634198812727432e-01,3.514302030063722881e-01,6.681159211778149309e-01,5.424906988050000045e-01,2.370849568313594113e-01,9.822808696318261479e-01,6.178054622093677173e-01,4.367734160422991896e-01,2.707433665755117347e-01,4.311889758399512496e-01,7.998341523399424835e-01,6.495592448897758997e-01,6.593233848898585325e-01,5.891410756194757070e-01,4.475725788199360622e-01,9.562599416375218153e-01,3.783348972903303187e-01,8.491293804890589492e-01,9.632661756337519421e-01,-1.396915715172017958e-01,2.608326302214828418e-01,5.422616502738882849e-01,6.104136459646858359e-01,6.553173605978068750e-01,5.697887404812969070e-01,9.906849814324800718e-01,7.591229112751800567e-01,9.485093759385125889e-01,9.840710590286181336e-01,5.698795897536863553e-01,7.713899246034594537e-01,7.663822496793908368e-01,7.258345845789271333e-01,4.280000418636867310e-01,1.658040000727669661e-01,2.719386731596251661e-01,3.959941115936851941e-01,8.399409552122208966e-01,7.991521554465776944e-01,4.159252838065591873e-01,4.613235300253277216e-01,1.997148381423446972e-01,5.635975398187169638e-01,5.976048092889563179e-01,6.227522275651659056e-01,4.117461363090615389e-01,3.525214227921792398e-01,4.235742604719010540e-01,7.550694206329600089e-01,6.957892566916977772e-01,1.685031962062099598e-01,3.011192162442712927e-01,-6.930921238699200293e-02,3.321410894525835267e-01,6.627018167082645572e-01,5.544684451960983917e-01,3.930395084069965295e-01,4.035501251739096462e-01
8.793409424496554383e-01,5.964300471561588823e-01,9.316040529358058375e-01,7.722502957638935905e-01,6.156581011408435167e-01,8.967322460436956133e-01,1.623830347617483236e-04,2.996916057576866077e-01,5.027783628008055672e-01,0.000000000000000000e+00,2.005983171784110897e-01,2.970210978896302700e-01,3.267457657977961283e-01,8.496783782939498764e-01,7.511348969638863560e-01,4.063403410203420552e-01,9.558972557115583690e-01,5.396694848902237052e-01,7.033752961752623989e-01,8.807970829094672327e-01,9.398469425330772120e-01,4.853278334753254319e-01,9.164198102513161359e-01,7.656874009286112059e-01,4.626765011389055715e-01,8.764563454571777656e-01,8.837778317816846751e-01,7.146452746017748492e-01,3.289145795842288722e-01,7.110636201118931965e-02,3.045110400350472535e-01,7.954018754216973797e-01,4.695507068503755876e-01,6.381796840024682727e-01,2.148103521313001196e-01,4.534342244955489876e-01,2.977974042324396109e-01,6.155404317765913458e-01,7.743445235394171844e-01,8.105869155242672042e-01,3.636391637899558799e-02,7.527260083826468051e-01,6.658643749335892981e-01,7.421020278886165666e-01,8.627460296267948081e-01,8.405001118190884579e-01,7.292611390144487782e-01,9.602912141363002529e-01,6.728227086608458141e-01,1.454935088484775041e-01,5.116208276482995254e-01,4.899749564808150715e-01,4.706808310095044190e-01,4.127756457476399188e-01,5.022225418471426561e-01,8.084163673139971307e-01,6.920310804142100203e-01,3.507792483457672470e-04,9.539138214131884785e-01,6.728209100137462206e-01,3.408958046760728333e-01,4.166420685155314274e-01,-1.006480508882560271e-01,-3.522498131435186641e-02,7.362419450189550130e-01,5.917382981023556754e-01,3.977689430275253568e-01,8.244713816609671175e-01,7.019027002230936452e-01,8.602472827478963024e-01,7.968531062491335248e-01,4.237662928388383210e-01,3.141158371662206017e-01,6.688965228868808399e-01,7.162721984848662293e-01,5.463431141936530011e-01,9.147931838145657579e-01,5.172520554747257471e-01,3.499887744910359366e-01,5.199298328457142571e-01,2.976820510881239557e-01,4.516470517078827185e-01,7.636466893264386435e-01,-3.801190691660728538e-01,2.749505166012727875e-01
4.539238820672857888e-01,7.382211656263720778e-01,4.589198284323619537e-01,6.249294121208178732e-01,7.511270077052383254e-01,4.660173524819523072e-01,6.330214442811193942e-01,3.738921590833388375e-01,9.180202784300154351e-01,2.005983171784110897e-01,0.000000000000000000e+00,8.436600857180240887e-01,2.967420892548118805e-01,7.158494533694694795e-01,4.928741347188504429e-01,7.659907971581192410e-01,7.424635805868239347e-01,6.503294353774915493e-01,6.716929247595553321e-01,8.644417497720169319e-01,7.597381867038897063e-01,5.006739328751267371e-01,7.185486903156852456e-01,6.627909796162332334e-01,3.683608297065725234e-01,8.678313685423395540e-01,8.532479446699814396e-01,5.171254201101717074e-01,2.622984423011406885e-01,4.475409278073121389e-01,4.322790955644243427e-01,3.052109361665223397e-01,6.213820112800731987e-01,7.807525900102207927e-01,2.808551299594803652e-01,2.113436869860869927e-02,5.431734026765316914e-01,4.139603720618635907e-01,7.061098325102181938e-01,9.933112406419725149e-01,5.418015777132102473e-01,6.038185739303703059e-01,8.234578351203571955e-01,7.183087867586728237e-01,6.792631390481695952e-01,2.980209752503950801e-02,7.208887885779107219e-01,5.189991339827385586e-01,6.631282826592564961e-01,8.563052576319847287e-01,5.869544129666153243e-01,6.781673689783525028e-01,5.021389306560463117e-01,8.426889997897047957e-01,6.563150766899122912e-01,3.754507823762308627e-01,7.630536743846821901e-01,5.600013123540155124e-01,7.488269850298439057e-01,4.711550974878271625e-02,7.608469134905195830e-01,6.225143343980219512e-01,8.683731445831409657e-01,7.810594653004501176e-01,8.140446561509322443e-01,4.674828626431242196e-01,6.634470480047901519e-01,6.883908076351991090e-01,9.430160929652811608e-02,6.739520152245621620e-01,6.551849674660696898e-01,4.301560189794311206e-01,6.978160616794604199e-01,5.297595902972160875e-01,4.605659208204492261e-01,2.655515540457041856e-01,4.942950168076832851e-01,5.014293174632581396e-01,5.604498683708688533e-01,1.103293201197981799e-01,5.822137903301183304e-02,3.915629268088459680e-01,8.913441909322481482e-01,5.453507320506543188e-01,1.629734243344971301e-01
6.935699834083132176e-01,9.473159899703158526e-01,7.688426335041734783e-01,6.974617854227299629e-01,8.244829801272322012e-01,3.060358518266018679e-01,7.913828633093031861e-01,5.136735372684422263e-01,9.631895732111782626e-01,2.970210978896302700e-01,8.436600857180240887e-01,0.000000000000000000e+00,9.636166517263009546e-01,6.596290506327673331e-01,7.032151802660959738e-01,4.313326251088580587e-01,7.576001209589388052e-01,6.566000002710538075e-01,5.236402360871234007e-01,2.396500046085772440e-01,7.166459514179379653e-01,5.569031094132945725e-01,1.009475185722067958e-01,9.874748186013915241e-01,6.234436786089477822e-01,1.018862078575892283e-01,7.075806026831847895e-01,5.711910467344970543e-01,9.829491188393564283e-01,5.703972923837541398e-01,2.562166494758633117e-01,6.203699774415553092e-01,6.210097306218412827e-01,5.220807647827128140e-01,6.525498186146871937e-01,7.763339630763256283e-01,1.754572791843349577e-01,1.869556719161758473e-01,5.702824365969320075e-01,5.570512361991674100e-01,5.717953037705765240e-01,7.351306480801064192e-01,7.124073137125845889e-01,7.108064131306025546e-01,7.959790297837400219e-01,5.601770157529760708e-01,8.572181092082060694e-01,5.747366839269187899e-01,5.542330914318917001e-01,6.606112598732657437e-01,5.489663229138551648e-01,4.683502606879124119e-01,3.936322279636893517e-01,9.310965854299334543e-01,9.473414810610356618e-01,7.477596168474461846e-01,5.569478301502466255e-01,-8.791823022384494257e-02,7.595205457946778704e-01,5.823913429527031171e-01,3.949734197323780949e-01,6.767551012990746795e-01,6.839624343581034438e-01,6.558561731675598416e-01,6.592494691717711852e-01,2.670443413862820803e-01,2.712994523135030533e-01,6.563293528333726812e-01,7.108039975167493862e-01,6.701046610168424067e-01,4.970067426956438217e-01,4.809576675679598234e-01,5.671375607322860501e-01,6.281275175167067015e-01,6.010906917598232146e-01,7.746459237204775805e-01,2.581224838910939345e-01,6.439114342932126256e-01,-1.703271091282260730e-01,2.732643516336128453e-01,7.174215919345199310e-01,5.856758833737948367e-01,7.999645457963477924e-01,4.123103475215740277e-01,6.704571832387864472e-01
9.781923388469893066e-01,9.388405075431380808e-01,6.425542764394223116e-01,2.690969078639564027e-01,5.014271105525233141e-01,9.842777868821918075e-01,4.260509734039015783e-01,5.217491757666531393e-01,2.656053935632447516e-01,3.267457657977961283e-01,2.967420892548118805e-01,9.636166517263009546e-01,0.000000000000000000e+00,2.203876744185462311e-01,3.119962066971093129e-01,2.477297039357283237e-01,6.836099632922768565e-01,3.239717832894721816e-01,9.316926047614684236e-01,7.060561538708107765e-01,6.912001414696441470e-01,5.528045219556576573e-01,8.003914943284480277e-01,5.226234467041310783e-01,3.060548925916557750e-02,7.312137403232198407e-01,2.091516533586329496e-01,9.141659953473817435e-01,2.345358462384684040e-01,2.274243281903988723e-01,3.885410740658836737e-01,5.209726936497347527e-01,8.633485678781966932e-01,6.414462725748889538e-01,9.276787701229048944e-01,2.696301347063843057e-01,7.332550553401950832e-01,7.674223370080277551e-01,6.192995478123344277e-01,5.935035803462306303e-01,1.056070839214103413e-01,4.646132408730868635e-01,6.325651761519728300e-01,6.979124335139199609e-01,5.129235373694714939e-01,1.833903425586929925e-01,6.452289796487296059e-01,6.366122150400791435e-01,9.973463468617214944e-02,9.818922627055892693e-01,3.619049779742290474e-01,9.893996750145035435e-01,8.352599452844658989e-01,9.763931139027492989e-01,8.616035177421209612e-01,3.871529786616204061e-02,7.880206330834976791e-01,9.485784260663115974e-01,4.251573389764808364e-01,3.236058591479404889e-01,2.170633700335517779e-01,4.347764030498592613e-01,2.322089249682711964e-01,8.577803204141244420e-01,6.229222572611418096e-01,6.715666859937037270e-01,7.635709788956116517e-01,4.214757496940642056e-01,4.849062059607991415e-01,4.738951123029950252e-01,8.641879734385802259e-01,5.016443913534892607e-01,3.220593022183107501e-01,1.098787724528859644e-01,5.678842522682452376e-01,5.473616438251056593e-01,6.434227462157657840e-01,4.483677019203864966e-01,2.451070522387156503e-01,-1.883809207697765553e-01,5.919278890419567007e-01,5.528094702021045803e-01,7.945239532782054637e-01,-2.327217528808267488e-03,4.555075631282495818e-01
6.940216466716117028e-01,9.213588214493403372e-01,6.571621179851800942e-01,7.575628153327573777e-01,7.437876822803073384e-01,9.933143008512246297e-01,4.630406675786777893e-01,6.725066167056508171e-01,8.107076809106960047e-01,8.496783782939498764e-01,7.158494533694694795e-01,6.596290506327673331e-01,2.203876744185462311e-01,0.000000000000000000e+00,9.343484764545754162e-01,8.852240746968647045e-01,7.376524694037820407e-01,4.722666830582963327e-01,7.638305920489563139e-01,3.424274491114461805e-01,5.047732960238394684e-01,4.705172768956139007e-01,2.817918434995480559e-01,4.846577334434605810e-01,5.698335283876749813e-01,7.603373493154051976e-01,6.855131282186242014e-01,6.179375854879513019e-01,4.940710309457251870e-01,5.120655017315373092e-01,2.849577510208079478e-01,6.407387030052996701e-01,9.762023847744576432e-01,8.703005172229146824e-01,5.249745337845415083e-01,5.070396274327614305e-01,4.061555805194841384e-01,5.331849249348081798e-01,6.149204567036028468e-01,8.025981618258808403e-01,2.691615496530407881e-01,7.633872840009546801e-01,9.873630774560533396e-01,5.920604716060959838e-01,7.236980023154190311e-01,8.196468073523206499e-01,2.182471596010590043e-01,5.979882259061546357e-01,5.611133531594151291e-01,8.817230806653153508e-02,5.358353822762110807e-01,5.199046063784371619e-01,7.983655587275033660e-01,5.786985296303638338e-01,9.556129306640509524e-01,7.891773447685663800e-01,5.158419402859074632e-01,6.023838632562875661e-01,9.890236230489211078e-01,5.682524166679752131e-01,4.271776818281961541e-01,7.649281085469346042e-01,7.352439922999354227e-01,6.812495551747393963e-01,9.203631590631944359e-01,5.490345691182785259e-01,3.138909126882258316e-01,8.826677543255245784e-01,4.230962302208162162e-01,6.672200149401664726e-01,6.553405624128918472e-01,8.477214216153444726e-01,3.132880150149116028e-01,4.193274841296745770e-01,3.621021451787993506e-01,9.580352359516408622e-01,8.263735970213226256e-01,1.058016575007438842e-01,-1.566409897927579509e-01,3.713264605124283468e-01,6.291865103635656542e-01,7.112611041045829863e-01,7.171010626013841760e-01,-2.219419152006920914e-01,7.664359738942143618e-01
9.062468005467965160e-01,7.371863711839925504e-01,8.102017586586670594e-01,5.707712832389363333e-01,5.365875277741661842e-01,1.176719236265040963e-01,3.576217684919856810e-01,6.584921988188110475e-01,6.507856527395605717e-01,7.511348969638863560e-01,4.928741347188504429e-01,7.032151802660959738e-01,3.119962066971093129e-01,9.343484764545754162e-01,0.000000000000000000e+00,3.333548125690551367e-01,4.183247122681831298e-01,8.885136135652969835e-02,1.130727057741495178e-01,4.874887651469299588e-01,9.012461998062500923e-01,5.857686986702635989e-01,7.515466715764272942e-01,9.237010002345026338e-01,7.527594335342731036e-01,1.343821679249004308e-01,6.834922081213891110e-01,5.546132471358953264e-01,4.219019215179545812e-01,2.553214216980864149e-01,1.759288983854228328e-01,2.432239853695940535e-01,1.716730921882479999e-01,3.530188523103552356e-01,7.698267557821815155e-01,3.382880058974746529e-01,3.588433915417028885e-02,6.916417957407716699e-01,4.987477393270146608e-01,6.127835605941717168e-01,4.190819803208826744e-01,7.617856415317113550e-01,5.242394019538234584e-01,2.489205854887220071e-01,8.987511975572870515e-01,6.681468265973580234e-01,7.443128697739785915e-01,7.946787383550846240e-01,2.025304954714668704e-01,7.946033475713408789e-01,4.694111051305488447e-01,6.830464099513824383e-01,1.588171336665816502e-01,4.779168429107542582e-01,6.263515656966662792e-01,7.060604709012192615e-01,5.393477265334585269e-01,6.183862387116069170e-01,6.155467504755162134e-01,3.481640342032605306e-01,5.921700159823074516e-01,4.593308993680903507e-01,6.767659285620586385e-01,2.271304464472755358e-01,5.586814296942801406e-01,4.733585911177595751e-01,6.696202870736434054e-01,9.041611589980251829e-01,3.476182342795575142e-01,5.774017981507717501e-01,7.465293573938518445e-01,7.001552447180243721e-01,1.225318814319278637e-01,5.418005104352900947e-01,5.662261536533705897e-01,6.870802361507143408e-01,4.632585656388626405e-01,2.716912438040041122e-01,4.100421715670220513e-01,1.473611489136892050e-01,6.310677303058375154e-01,9.793238933969409254e-01,5.332844769833260390e-01,5.225133165950125447e-01,6.822415498301518388e-01
6.282545290282878225e-01,6.867289354927642586e-01,7.976290871485708367e-01,3.988867691509828672e-01,4.551378590248205680e-01,1.594324997229340513e-01,7.100270037513817245e-01,3.904487372602090112e-01,3.536548784361995823e-01,4.063403410203420552e-01,7.659907971581192410e-01,4.313326251088580587e-01,2.477297039357283237e-01,8.852240746968647045e-01,3.333548125690551367e-01,0.000000000000000000e+00,7.992000121658404677e-01,8.282432187056716355e-01,5.177680336479409950e-01,9.516300361161570409e-01,6.389332888471624949e-01,6.420214983154227673e-01,6.464911588523650776e-01,8.462842288713898764e-01,8.747541646335382781e-01,8.193566363055400092e-01,2.640266270037130991e-01,3.073382927151227517e-01,7.089199614224026558e-01,3.680254580708070544e-01,4.986668055525882437e-01,6.447842749703849297e-01,-1.345057624392045348e-01,1.573287795272806933e-01,4.759447787155968168e-01,7.738175106637298351e-01,4.442433130333671154e-01,7.209256353083248747e-01,7.294167895814673841e-01,8.864629032870087189e-01,3.477820797123896690e-01,6.191613349188344051e-01,8.903222324276370836e-01,3.691609818208857474e-01,9.764734649765858254e-01,7.419705884297160825e-01,7.600287054397890651e-01,3.057474579976982576e-01,2.950572190123682548e-01,3.783027028041716644e-01,4.012570822513777391e-01,2.728292885612211838e-01,4.422583241313238211e-01,6.209087368440373567e-01,4.692454367817983640e-01,1.490644506290747795e-01,7.206076184449944355e-01,4.655213816745540356e-01,5.268356303116015216e-01,6.820924263245340402e-01,2.640078600978293943e-01,7.097565732850034115e-01,7.880205891154125064e-01,5.561002624029454111e-01,8.174834460443193285e-01,1.153273207614137486e-01,9.633569848411441816e-01,9.238326558709243352e-01,7.972046252325033500e-01,8.029278422730509179e-01,6.336960293985128834e-01,5.588501204460007976e-01,7.224816982756562256e-01,3.686187958331147430e-01,6.799842436307386162e-01,7.770994129439542375e-01,6.733195321037062087e-01,8.818719166798024700e-01,4.005185414683087863e-02,6.160148439073776308e-03,6.975982163639714573e-01,9.561089663067114941e-01,8.564691248235637433e-01,5.119534393038382980e-01,1.841965419183994035e-01
2.753109065609953277e-01,2.394114435724006285e-01,3.742141881898665146e-01,4.735647569448240279e-01,9.673870131590808219e-01,8.400084740929176785e-01,4.327688309745385542e-01,6.443041772701929570e-01,6.439978812467550551e-01,9.558972557115583690e-01,7.424635805868239347e-01,7.576001209589388052e-01,6.836099632922768565e-01,7.376524694037820407e-01,4.183247122681831298e-01,7.992000121658404677e-01,0.000000000000000000e+00,3.961606968818870422e-01,9.532966176517615464e-01,6.963294379261552036e-01,8.814739518569556509e-01,6.370928232112816891e-01,6.655632649573219872e-01,6.327157276337856961e-01,2.532044897216316759e-01,2.542580893282853191e-04,2.778253435260524817e-01,6.709428138413717768e-01,5.809027845742511520e-01,4.747508608548607345e-01,1.695120957033801057e-01,9.956759664150333089e-01,5.274019330424088992e-01,5.187521085905328899e-01,8.405397315932973124e-01,3.205774570613674213e-01,2.403351700585401249e-02,8.489744795678726419e-01,7.898095168411845002e-01,4.875526595245170958e-01,4.107860517184988014e-01,8.130154691927954369e-01,8.252007177077216316e-01,6.942889204852215057e-01,4.156522413173238117e-01,1.568747661390778314e-01,6.138371470130434826e-01,9.780071375594754368e-01,4.977916083655979929e-01,9.562841607962100365e-01,6.318222323742871405e-01,7.347294376246676917e-01,3.954594702813180040e-01,7.287722995080556654e-01,7.367011231040855312e-01,2.418001497449809301e-01,4.266108253638669634e-01,2.449020804016038555e-01,8.858104058325814156e-01,5.925183985932494513e-02,6.487811951719799630e-01,5.797546481453141887e-01,7.425227334468081919e-01,4.097522780945999643e-01,5.858912811357114281e-01,7.734988705661354214e-01,5.807267474404510521e-01,9.457991337783843155e-01,6.894804195690346083e-01,6.484894789740164311e-01,6.126376423475234922e-01,7.419292837479849467e-01,1.145043215460277986e-01,4.307178663346311609e-01,3.266670550012635843e-01,7.230619130525627325e-01,6.993381742871497275e-01,9.504514228238215567e-01,3.492999587234864034e-01,5.646838174916852804e-01,8.907847509439491274e-02,9.720240465144778241e-01,4.497282582431671449e-01,1.707247513830287833e-01,8.424172821396902489e-01
9.653835654217932660e-01,6.559337869020480660e-01,6.334138191553484454e-01,1.525120975875499385e-01,4.173746281749745046e-01,4.582443802081898609e-01,4.844718563973993142e-01,5.016926819758784628e-01,7.606136440925269637e-01,5.396694848902237052e-01,6.503294353774915493e-01,6.566000002710538075e-01,3.239717832894721816e-01,4.722666830582963327e-01,8.885136135652969835e-02,8.282432187056716355e-01,3.961606968818870422e-01,0.000000000000000000e+00,5.420754307855880638e-01,4.672227372341720697e-01,4.700862029637157824e-01,5.131893983759022726e-01,7.384696813679506588e-01,9.192633610177094461e-01,3.950000655982113251e-01,5.933898090822614657e-01,7.479518656676837907e-01,4.455372790821609530e-01,2.714085914434845592e-01,2.060234533095272325e-01,2.607817015037339203e-01,5.565349548135172242e-01,2.542121849145130841e-01,6.750722451972736016e-01,4.141294159606047631e-01,2.469524197938799126e-01,4.469140037443011249e-01,7.404662353133117936e-01,6.011989436403677445e-01,7.814606379034115813e-01,5.923336945175420309e-01,4.681925915629494561e-01,9.319521397728626200e-01,9.191837877444561933e-01,7.651055502050189139e-01,9.421867495867637388e-01,5.785651432282570283e-01,7.011952447805385180e-01,2.386516351934105662e-01,6.746256660859305532e-01,4.314527138134234829e-01,2.183749832334122842e-01,7.207757503835242607e-01,6.257257930939097434e-01,3.189645243815111275e-01,6.029071206051459519e-01,6.908920554688527949e-01,-1.369000678781425451e-01,9.493633648344041998e-01,5.272521629814888033e-01,5.986771927042496833e-01,6.476022541100021623e-01,7.156609616397235918e-01,9.157137683935090422e-01,7.420097935380691734e-01,5.060609232342693220e-01,5.893145353990385527e-01,9.627337520552186056e-01,2.414398954555550536e-01,5.415753847861544124e-01,3.994081116881345039e-01,8.250078752554526051e-01,7.557872059575920787e-01,1.692834544254558649e-01,6.956120765221447400e-01,6.865438353122222948e-01,3.565524918857727044e-01,8.564463215924289496e-01,6.756407277306780701e-01,3.210543145919585450e-01,5.599401325888759828e-01,9.037504705255570148e-01,6.707899778490393761e-01,5.059434257564969784e-01,4.003918495116401965e-01
