0.000000000000000000e+00,3.881791945574221137e-01,9.885488824853236878e-01,7.763621143948506997e-01,7.753085363960832144e-01,7.480266771438155438e-01,7.218233893735552797e-01,9.016785223304668584e-01,4.812692217452503862e-01,9.108464898656800646e-01,9.681287384683634478e-01,8.682485170591861534e-01,7.801490819359948592e-01,7.716144866328640273e-01,7.688165257091967852e-01,3.676170962590125102e-01,7.165429676791287283e-01,6.428322337878934478e-01,8.017050715004240269e-01,2.472698641808266651e-01,8.479831400473529790e-01,7.733798370721899351e-01,9.599596073577280064e-01,4.323365686640736616e-01,9.819902215218101471e-01,6.893973843450498240e-01,3.826476896401848071e-01,9.687372757851854255e-01,6.778706921844437350e-01,4.084328245536408275e-01,3.147503062122141704e-01,6.899428487590539838e-01,2.413048453400892523e-01,9.036735842736174362e-01,4.305991096501176063e-01,5.236863140006540185e-01,5.494576980308540914e-01,4.278165430782819301e-01,4.051095335214136561e-01,9.584764301533635900e-01,2.709434481957810892e-01,4.366985980305276849e-01,5.443268745691762778e-01,4.684927803901826615e-01,6.993782160734138831e-01,5.708618092155544055e-01,6.283355950153728386e-01,4.233447216089827325e-01,7.520858138374797441e-01,8.966355840475377370e-01,8.593154493830585938e-01,2.105765194301951193e-01,3.208963669074153535e-01,7.637541905630925720e-01,6.282242449892976310e-01,4.560340859645881095e-01,6.445931412622958323e-01,9.793091287208586238e-01,6.361004127512452921e-01,7.537098737618861399e-01,6.089016571655588850e-01,8.278077834297432602e-01,9.662310816847304862e-01,9.128604363168388858e-01,6.569787694159173741e-01,6.193402818413556998e-01,6.134999957816611449e-01,8.003999868518810734e-01,9.997652658961888594e-01,3.803946437869832886e-01,7.193571413665681424e-01,-4.488220076087140464e-02,2.059804514490847227e-01,7.120706827359111202e-01,9.551656860668290561e-01,4.151444999634315569e-01,7.355903581332385865e-01,9.057645575127866167e-01,5.335738527419449095e-01,3.453850687221792781e-01,9.881231389324358627e-01,8.294274386863925708e-01,7.912788406753864523e-01,1.691056831913346770e-01,7.752123824200632951e-01
3.881791945574221137e-01,0.000000000000000000e+00,8.398427341328741358e-01,4.517190174114849577e-01,6.511377504935030869e-01,9.984675219890413178e-01,5.333471285927258165e-01,6.274067469340830483e-01,5.889623384702441511e-01,4.544301701358039458e-01,5.231869175515483361e-01,6.266252323112594391e-01,9.480266177794802740e-01,7.959477033880354435e-01,4.309721724611817462e-01,7.213593402560405377e-01,6.944070861580355913e-01,4.880282645638054501e-02,5.674212695417392149e-01,8.861145135311955245e-01,7.283058230883471262e-01,6.336471820220807016e-01,9.993475192327356815e-01,9.804235148888338358e-01,4.770014007297994629e-01,2.150406831766264459e-01,7.561984334443109246e-01,6.795333358516651989e-01,2.658078406369318580e-01,5.549418460039003964e-01,4.326503889870608188e-01,3.810538104042967555e-01,6.760433410650054098e-01,6.260747726312764216e-01,5.340574204633915523e-01,2.887337997204462298e-02,3.143954303269860806e-01,4.131437776737154621e-01,9.433068753869511269e-01,7.091701304137562056e-01,7.313127855803887301e-02,4.569188276067243648e-01,8.498728903533800949e-01,7.448259145688154170e-01,9.655792379553076454e-01,3.817726408291887696e-01,3.807461598448359519e-01,6.664809548179768672e-01,4.516355142753147311e-01,7.086624993873479328e-01,6.043157614181771109e-01,9.149210876723120611e-01,8.066053894730552676e-01,4.321561742329916300e-01,6.124997075104958721e-01,6.913865329428456885e-01,6.491832600330786907e-01,6.015917103940102845e-02,8.037148794349171510e-01,4.252175827948682652e-01,2.269128880418845584e-01,4.318354063138473142e-01,5.553657923680526132e-01,7.788531512216216868e-01,2.097256967846879427e-01,4.530136133985543379e-01,9.320588972323902155e-01,6.630901030195315293e-01,7.224383220532440975e-01,5.037034088228958123e-02,6.303191301242543343e-01,5.277677759461735230e-01,3.318350372759450995e-01,2.314967299464265327e-01,6.288510738329672334e-01,9.313048653257417486e-01,7.632458319901375132e-01,7.782850733275082922e-01,8.988357291053704623e-01,6.686047165478870707e-03,5.096205063294511062e-01,9.336347929925078448e-01,8.123906173743146164e-01,5.243333456655653313e-01,7.818777476569517271e-01
9.885488824853236878e-01,8.398427341328741358e-01,0.000000000000000000e+00,4.968326413232614369e-01,5.880387730129784662e-01,9.741360682778807956e-01,2.423851901096814032e-01,3.919990734483311812e-01,8.294876407181033251e-01,7.636081020614684522e-01,6.802181479977609246e-01,2.191338425199975959e-01,8.465629649013791669e-01,8.558971773867510846e-01,6.731187622927787828e-01,7.925348588656870863e-01,3.287622842657341726e-01,5.949836773970730297e-01,6.939362301319785820e-01,9.738247427596776751e-01,9.780011827458334750e-01,8.087714629299055380e-01,8.605018466098387497e-01,4.092323165616117975e-01,8.442413089715956609e-01,8.142761601917973824e-01,9.809242773658222170e-01,7.325152551349138896e-01,3.205527531958634047e-01,5.151651491765660840e-01,-1.649889547346818641e-01,7.256671692088235703e-01,8.428185326382382492e-01,8.598595306106083802e-01,3.388073633235143545e-01,2.819526281973584458e-01,2.782851908601495783e-01,7.186383523389084926e-01,9.612392561761563536e-01,7.098725038421268563e-01,4.429955067635000798e-01,9.569123797273246801e-01,5.749059570382543116e-01,6.374386226988757453e-01,8.354126413590974298e-01,4.832198072222148033e-01,8.293071149839261746e-01,9.538244250337437613e-01,6.073801445373385732e-01,2.230141500465944171e-01,9.959005222307255600e-01,8.839652850866321909e-01,4.034689969519540953e-01,4.468144805900237104e-01,9.005854675617512850e-01,6.557419164338191830e-01,4.901787829670760654e-01,9.889677472986226903e-01,8.163081335214429357e-01,2.913992657382112328e-01,5.782418237642700243e-01,8.737662980284777170e-01,9.978692823718953164e-01,7.532034946783334739e-01,6.283435160291385158e-01,4.528989008569784258e-01,9.271338164948619287e-01,4.470242770152616507e-01,4.995808267324367558e-01,4.313685405305581755e-01,9.244430854671219500e-01,6.694596913682453465e-01,-3.377752246854251461e-01,7.949047357683209913e-01,9.917289153186509276e-01,9.631593948775395431e-01,8.881801316386433998e-01,7.322700319352649645e-01,7.144252377385020836e-01,3.862487656897091726e-01,9.404342199207558206e-01,8.032466054384342913e-01,7.456744190989847976e-01,7.047750272038069141e-01,7.310429057012113319e-01
7.763621143948506997e-01,4.517190174114849577e-01,4.968326413232614369e-01,0.000000000000000000e+00,4.430890654241322335e-01,6.894667544010799620e-01,5.156989848017667910e-01,9.806234353785915348e-01,6.995750080256251113e-01,5.529086818131218051e-01,6.168428173641612444e-01,6.975089711569556483e-01,6.308517073657359253e-01,7.280219310560999135e-01,7.601869402343484072e-01,5.207113957203961530e-01,6.256943272031032510e-01,2.875678796209595323e-01,7.312665910390210300e-01,6.460185800111318821e-01,7.309981783179152481e-01,6.576337590724072868e-01,6.488001401148224545e-01,4.699759627212385382e-01,5.861638650401813644e-01,6.948577383996544787e-01,7.837800217719455009e-01,8.883964874653924593e-01,3.987892529101250139e-01,-1.736482481358916918e-02,9.771805222824198056e-02,6.771293862257905527e-01,8.572551173244642442e-01,3.098342203971536923e-01,6.993729162786087583e-01,2.165656698022580193e-02,4.593370665712052658e-01,4.471966945947800087e-01,8.352072637408752831e-01,6.970979121854918859e-01,2.263139135994712836e-01,6.747112349782480312e-01,7.318460660113301763e-01,9.838709134562337866e-01,7.119087083933612892e-01,5.827207702432278813e-01,4.546447127765094742e-01,2.345690732030923931e-01,-7.256009547008113181e-04,3.756929798786395880e-01,5.707992259653503764e-01,7.771615879300394214e-01,7.109815453321358114e-02,7.968546044306192844e-01,6.071831365321876950e-01,9.607425002898132282e-01,6.354249480739844191e-01,5.352851477639695155e-01,8.555367252500062358e-01,4.839243336352576641e-01,-1.826359306880634414e-01,6.648099782468076535e-01,5.380184489421091509e-01,6.749351729625012730e-01,8.646951679143162206e-01,8.461128438074808633e-01,8.251745946009613197e-01,8.744453091278932000e-01,2.674120389570015521e-01,5.255004081602177024e-01,9.374050276938493687e-01,7.116626480049084158e-01,8.893226778574168934e-02,2.765413910701263744e-01,4.779803368723196111e-01,2.225452325568959000e-01,8.916412357538321398e-01,4.820503680607264863e-01,4.744639335400553937e-01,3.956010109287629861e-01,7.181484285171843007e-01,4.045390337505302414e-01,9.246534657359907206e-01,1.315390222721198044e-01,5.454115080609852617e-01
7.753085363960832144e-01,6.511377504935030869e-01,5.880387730129784662e-01,4.430890654241322335e-01,0.000000000000000000e+00,6.285937093709299539e-01,5.302705512021816947e-01,4.391002118918369557e-01,1.932810782295162344e-01,3.567531307142144947e-01,8.703383520688778852e-01,9.710553027601696030e-01,6.373418384624920385e-01,3.169070536546727546e-01,2.194388250580566191e-01,4.761312175190081653e-01,6.182709531911499967e-01,9.955144319558800747e-01,7.694670549520508107e-01,7.680201113447870931e-01,6.523022530028415034e-01,5.320858029439170522e-01,9.587719333715301051e-01,7.140815117583120264e-01,5.507863220451436614e-01,7.024203757729940989e-01,6.135023248004533025e-01,7.442869303649586321e-01,4.859497770460478039e-01,4.028389089839152781e-01,5.198534522324409907e-02,2.433797299642988521e-01,4.364578515297921624e-01,6.241887171237702203e-01,5.172266852593516706e-01,6.656713481072635830e-01,3.253686445414779027e-01,5.488737974295346822e-01,8.289887625760373746e-01,4.005032407948175277e-01,3.191612451687558805e-01,3.200655451122676465e-01,9.203413859384386164e-01,3.772967258100505816e-01,9.179320483690164290e-01,7.947649031364427685e-01,7.003952025128652448e-01,9.216789376953631319e-01,4.302177604106312558e-01,7.958559642289425584e-01,4.426904282873457275e-01,7.200291652168691048e-01,7.056512638190288733e-01,7.201768248290869590e-01,2.256703112957960111e-01,8.081781483368036811e-01,2.062032175936965028e-01,5.527969757500346137e-01,2.634402112143676908e-02,1.757575369837491297e-01,4.292254757711330138e-01,4.515328338238857597e-01,4.655960291700863007e-01,8.097810385576852399e-01,7.867496782081473405e-01,3.222153389700999626e-01,9.469529457935818018e-01,8.810550477990031215e-01,1.151594048099500445e-01,7.962219706212856352e-01,7.973217640705689835e-01,4.475413486313016276e-01,3.669965706364954894e-01,4.600349564837883931e-01,4.275945664172717819e-01,3.212294047042633105e-01,4.619666317238422804e-01,4.226548546134143436e-01,3.607203963422296322e-01,3.135152891203247250e-01,5.414824215796022466e-01,6.175311941134082883e-01,7.429777773492434179e-01,4.605874883219572280e-01,6.862857607168588725e-01
7.480266771438155438e-01,9.984675219890413178e-01,9.741360682778807956e-01,6.894667544010799620e-01,6.285937093709299539e-01,0.000000000000000000e+00,2.725456282978380163e-01,5.973679492849141015e-01,4.184486666333827598e-01,7.726875081201398654e-01,3.472465133626680411e-01,7.945814091357983333e-01,5.107796449141441819e-01,7.995750113472994691e-01,6.918773023448933079e-01,8.267671386640298437e-01,8.588994489809858024e-01,4.442818410001928564e-01,3.318078795417906957e-01,9.281672622766864444e-01,9.380917589462000050e-01,9.165090386572241066e-01,9.189303163839551702e-01,8.095435692203596378e-01,7.243738414713533080e-01,6.224830366575624385e-01,8.536703737399993219e-01,5.398731660523440334e-01,6.409628523141341905e-01,7.121816848397256594e-01,-1.241162788629279756e-02,5.465575912098862288e-01,4.732503794435449218e-01,6.849312741035989971e-01,7.372096550875719689e-01,2.940820434323018207e-01,1.226017235676490763e-01,6.035839580409502192e-01,5.494507513196636994e-01,8.856415663734213961e-01,1.190131024714169428e-01,6.751424407466541933e-01,7.611518363121071440e-01,7.192145507659879478e-01,5.372867896338482385e-01,7.994451915865936620e-01,9.570185955468837324e-01,3.586336708427648734e-01,3.001476298275313481e-01,7.742874661698843086e-01,3.616228201548759014e-01,6.849157633011263568e-01,2.186611449341300806e-01,5.665244435571494819e-01,1.392249183757452574e-02,7.284189703914289993e-01,1.143943248653683659e-01,2.554237347547617665e-01,8.219822757493989718e-01,3.742579158027874442e-01,7.153326326591098738e-02,4.429684269066128666e-01,7.865501524847887671e-01,6.522473512085933400e-01,6.906659359285733935e-01,4.313408053984080781e-01,3.926301360078536806e-01,5.639819382248909552e-01,7.709815552920891157e-01,2.244636898490485477e-01,6.409733409142237548e-01,2.751193702451674161e-01,2.743821225845978207e-01,2.207354949521403154e-01,1.665581714594164403e-02,7.074841745999337350e-01,6.945501165033359792e-01,9.679571231952924792e-01,4.899395075160046242e-01,2.445305974527859916e-01,8.066397641002667207e-01,7.824745383618376682e-01,8.433665022225804719e-01,4.333165289969505007e-01,5.225423692821915544e-01
7.218233893735552797e-01,5.333471285927258165e-01,2.423851901096814032e-01,5.156989848017667910e-01,5.302705512021816947e-01,2.725456282978380163e-01,0.000000000000000000e+00,6.558474836948680053e-01,4.499972186006745978e-01,5.157804273890432833e-01,5.232027341258251862e-01,3.615210270142605875e-01,4.472044138437866745e-01,4.759345514349471173e-01,1.982258446432593468e-01,5.937434973548713080e-01,4.353483608535452798e-01,3.617339017662868361e-01,5.054422411228604028e-01,8.695454909740356619e-01,9.075892479229902277e-01,3.424522022151413325e-01,9.884592881416243149e-01,7.027771753967791968e-01,5.508475262348303536e-01,4.701315369662891763e-01,2.233798270081242543e-01,7.588144303746573449e-01,3.618297230734955905e-01,3.750118949222169817e-01,1.973397754103305701e-01,4.336342210081268744e-01,6.073544431342987604e-01,5.161012749115981846e-01,6.342193151867379086e-01,2.407636249890402480e-01,5.334964490859535058e-01,5.268046410560132120e-01,3.628244071363739831e-01,9.624927258739844893e-01,5.615867783881721698e-01,5.757269165130245447e-01,7.263743195156551202e-01,6.570651045742097462e-01,2.676669069138828405e-01,5.112883893110052869e-01,5.639411785415375800e-01,2.226453054945610743e-01,2.664866598667016140e-01,-1.383231481217279402e-01,6.502047317362624756e-01,5.884689523401283040e-01,5.036725392578660365e-01,7.388472175955776988e-01,4.567046980008632184e-01,6.982367347965285909e-01,7.749152377893240295e-01,6.811623991424153868e-01,6.569413948519867708e-01,4.770391888394390767e-01,-3.208450899616314689e-01,3.573722928069236193e-01,8.383044860634523143e-01,9.943534656319770182e-01,9.589959252555116942e-01,1.894558706490038491e-01,5.774112219773324117e-01,6.005975752577042970e-01,7.601471099968888367e-01,4.370339517377154204e-01,5.560015406372000868e-01,2.792953761758113496e-01,7.143198791783084145e-01,6.453951725118380889e-01,4.209504180764044312e-01,3.142921421601064802e-01,7.489800306590330692e-01,6.217113406441671097e-01,4.762691862621512562e-01,4.015735524633712306e-02,4.912683695661319572e-01,9.935677919667591507e-01,6.467547409531213543e-01,5.441725734874034437e-01,5.886412185980286482e-01
9.016785223304668584e-01,6.274067469340830483e-01,3.919990734483311812e-01,9.806234353785915348e-01,4.391002118918369557e-01,5.973679492849141015e-01,6.558474836948680053e-01,0.000000000000000000e+00,7.856069328094432702e-01,7.954259674223869148e-01,3.382638082484581976e-01,4.950354815753857385e-01,8.415215352933297366e-01,2.133905729304668153e-01,6.110125762171775277e-01,7.305967903597070379e-01,6.620497249364871717e-01,4.928223266076263154e-01,7.425321456606868153e-01,6.317140120619472166e-01,7.767046552441878582e-01,5.389153628606958568e-01,5.669395111161763534e-01,3.819860794350856681e-01,7.130489961038944946e-01,6.723840848260109748e-01,4.517004098337052409e-01,7.672379436618161908e-01,3.700564877109355777e-01,5.382973401771831146e-01,4.129372565602141276e-01,7.038979755771777036e-01,5.081086608897691370e-01,5.126380097228414590e-01,7.538561345412718717e-01,5.703832449277377314e-01,3.953368435007722503e-01,8.948968683574256566e-01,8.623402449298247507e-01,2.858176246842613066e-01,7.523313267717585129e-01,2.918753001157654015e-01,6.568782532605397240e-01,4.473716640202354822e-02,3.892176507244540229e-01,6.020923738215965271e-01,5.713812733860897941e-01,6.398046011258553545e-01,7.202353799505859522e-01,7.897073913037848669e-01,2.579908288645590408e-01,6.379188360614671538e-01,7.627936187194732653e-01,3.461333096121339548e-01,6.373094460176738085e-01,6.397252985986036089e-01,4.916262444675594256e-01,4.190948941431838493e-01,6.897918543775088951e-01,3.661548217841904540e-01,7.790226333141664350e-01,4.907193443312936054e-01,5.181662677075995482e-01,9.030608208231774015e-01,7.607179009434674732e-01,4.304128339496418598e-01,3.991802336285318886e-01,8.352609109374264929e-01,3.648533078556143172e-01,4.694778682722546836e-01,5.511625022773152249e-01,1.666098501570365542e-01,5.899890762174224701e-01,5.191464936064549285e-01,4.675764546781184805e-01,4.951428114192725771e-01,2.269340156730520752e-01,9.974722910783048180e-01,-5.112397729983753081e-02,1.183322958173588790e-01,4.235220230788722673e-01,7.926877141542869598e-01,3.347588543578248199e-01,1.457695155741621229e-01,1.005615141392111195e-02
4.812692217452503862e-01,5.889623384702441511e-01,8.294876407181033251e-01,6.995750080256251113e-01,1.932810782295162344e-01,4.184486666333827598e-01,4.499972186006745978e-01,7.856069328094432702e-01,0.000000000000000000e+00,2.686250618615424468e-01,4.375040319084933516e-01,5.005627003084766047e-01,4.537683707798590427e-01,5.099248595580685439e-01,9.774566074556305662e-01,6.473218321289442301e-01,5.230670110374076032e-01,8.418561435374715129e-01,6.765312178887195049e-01,5.752646917936808935e-01,9.537264504409754817e-01,6.655432942706350496e-02,4.034626428623596661e-01,2.336931748522231289e-01,5.057914483501350089e-01,2.007901399280534460e-01,8.708622799213977528e-01,3.165175476913750230e-01,5.692846250204724318e-02,2.602321987617262633e-01,1.310196516268623268e-01,7.181194585359799154e-01,8.213562184946708866e-01,2.466740116451525133e-01,4.902497643411897754e-01,3.120126229584049837e-01,9.022447002230465918e-02,4.850289791845136533e-01,7.110606906554615136e-01,6.421166398315302226e-01,6.680366436045783729e-01,2.469201658425282941e-01,7.739855781140489999e-01,4.079074775701330147e-01,3.865320557515680155e-01,1.887487022153948590e-01,5.645930802967196183e-01,4.902361123233512918e-01,6.484128568693685590e-01,7.704755921996903067e-01,4.018538454534003046e-01,6.786265133602966682e-01,7.256224217767330842e-01,4.206422494967774206e-01,9.756107912524711878e-01,9.199191823983328131e-01,4.259729630552820390e-01,4.589822789869965614e-01,7.570215005074987236e-01,1.896372723785293493e-02,2.438196148201387525e-01,5.989090195807493799e-01,4.623446285814057366e-01,3.743785645680931529e-01,7.067750376502958121e-01,6.586856166061921813e-01,6.287492136573885615e-01,6.404036745137688946e-01,2.776712044415388658e-01,7.924438448493148490e-01,7.941687610079462001e-01,4.710827066571406929e-01,5.534917896372206769e-01,4.754605805439252042e-02,5.122239902004787071e-01,5.544543146970865033e-01,6.619547996399511858e-01,5.886579581311368603e-01,7.793211044740918636e-01,3.002812966398111794e-01,6.761780462318168761e-01,8.206717258628274392e-01,7.137571285161428136e-01,2.139575189699129409e-01,6.462873416621512934e-01
9.108464898656800646e-01,4.544301701358039458e-01,7.636081020614684522e-01,5.529086818131218051e-01,3.567531307142144947e-01,7.726875081201398654e-01,5.157804273890432833e-01,7.954259674223869148e-01,2.686250618615424468e-01,0.000000000000000000e+00,5.306578065419967905e-01,6.484568580731185916e-01,7.489257699849183325e-01,7.346397837718835477e-01,6.927464610232655362e-01,9.520216245772075148e-01,8.933662839123993615e-01,2.956363965091743373e-01,5.880308096689057518e-01,4.413000418252464585e-01,4.597338703003564508e-01,5.130761965655784573e-01,7.967417690566186428e-01,7.136765574483969754e-01,6.571524762118832186e-01,6.290787960321203576e-01,6.890444451814620175e-01,8.793856503816516179e-01,4.049785367264725489e-01,6.327004469402708331e-01,-3.473280601263025735e-01,3.170578802067011148e-01,5.926179318192322798e-01,6.984215685951299379e-01,5.394733817066895698e-01,4.816364921786246978e-01,3.436831360127097779e-01,6.113550117181548726e-01,8.867845640599020252e-01,4.356516537507348352e-01,7.537469286646697464e-01,5.118944308381115915e-01,6.162489183741065579e-01,8.332611013622375218e-01,9.904703088480190099e-01,7.015431150805120364e-01,3.975043416856545164e-01,7.313610530948913002e-01,6.619818705387576774e-01,4.721191723919503924e-01,4.578031552189357756e-01,3.483224410538067750e-01,4.162933448363894673e-01,6.185965748268968945e-01,4.656599112048900868e-01,2.927109936231486187e-01,6.275506299635983387e-01,6.927164242709628050e-01,5.543205959683382700e-01,2.725268052811951613e-01,5.853794660954495521e-01,3.204306826742187586e-01,4.318856963774835300e-01,5.405486384615920681e-01,9.899746003361666880e-01,8.331726820950779988e-01,7.902726588779080963e-01,9.601412090819037015e-01,4.620080368133923088e-01,6.673429552467968762e-01,7.410348090257723452e-01,5.126376628046953876e-02,3.200126113465829869e-01,5.344293537549403839e-01,5.924778711600144909e-01,7.462562216638470858e-01,6.913430073563282541e-01,3.249345171630019791e-01,6.659458989444984045e-01,3.270227227179056673e-01,4.509238396878419430e-01,9.895282180130930971e-01,8.955020241670057501e-01,3.989438098269373345e-01,6.788164777537508687e-01
9.681287384683634478e-01,5.231869175515483361e-01,6.802181479977609246e-01,6.168428173641612444e-01,8.703383520688778852e-01,3.472465133626680411e-01,5.232027341258251862e-01,3.382638082484581976e-01,4.375040319084933516e-01,5.306578065419967905e-01,0.000000000000000000e+00,4.684759099965066786e-01,8.602722480234245017e-01,6.838750082625419946e-01,9.403022840033284924e-01,8.989447936877441592e-01,5.102413474180699238e-01,5.485682476729543122e-01,3.804916689958468684e-02,8.984299756352678301e-01,7.147408161556337847e-01,7.414240923186052878e-01,6.666256038559273955e-01,8.629677109553126613e-01,8.665616641630937700e-01,5.989358592282434390e-01,6.232746737922130187e-01,9.905006128334282733e-01,5.265845410578445795e-01,7.640250723355180851e-01,3.763363268124755856e-01,6.466253187370811784e-01,6.938214546027091645e-01,9.342106279880625364e-01,2.063881308215205768e-01,1.253648933054325731e-01,3.952444474166528776e-01,5.645723734343737199e-01,6.215556759440934442e-01,5.561559901906455439e-01,5.011758714640948131e-01,4.122127049804101828e-01,6.409217289636574000e-01,8.525161663162464931e-01,-8.714274375009871398e-02,6.168876249516010990e-01,6.675999526457342403e-01,7.999010774066326324e-01,2.223439150249486296e-01,2.454949624846146927e-01,2.976862811462652747e-01,8.995316983542304135e-01,3.130748311779049664e-01,8.319251126307728450e-01,2.957359773311825368e-02,8.651100711266146437e-01,5.369572028698446076e-01,6.788419621377668189e-01,5.342972886404850907e-01,5.206820909323520707e-01,5.665971394109562409e-01,5.301649377409256569e-01,7.894613529932983376e-01,9.867412591899193952e-01,7.623297082091866628e-01,6.978791334323065643e-01,3.035932605585430766e-01,2.763841910521003253e-01,2.320575623026167045e-01,8.898308279743825100e-01,4.363154386770485837e-01,2.077071783129581795e-01,1.342833178210830758e-01,1.899189143402590929e-03,7.071594613201466206e-01,6.563540695091558685e-01,4.048309026000856403e-01,5.304993233808761310e-01,1.988396181235755344e-01,4.408004323809828207e-01,5.013365701605393410e-01,6.946688839588028852e-01,7.668345314250244460e-01,3.503060132431549123e-01,8.889574190936897491e-01
8.682485170591861534e-01,6.266252323112594391e-01,2.191338425199975959e-01,6.975089711569556483e-01,9.710553027601696030e-01,7.945814091357983333e-01,3.615210270142605875e-01,4.950354815753857385e-01,5.005627003084766047e-01,6.484568580731185916e-01,4.684759099965066786e-01,0.000000000000000000e+00,9.591958530441211384e-01,5.805739268551084464e-01,5.498317981828625411e-01,8.417298569890476756e-01,6.158524252100717744e-01,4.672267091519115567e-01,6.104985898373533892e-01,9.861854216697514275e-01,9.551465635870899362e-01,2.567661417563420478e-01,9.741786250625905641e-02,9.540804227189263464e-01,5.154491585565345035e-01,6.902282366328960084e-01,7.897532963082871671e-01,4.619466905473996743e-01,5.423410509812495173e-01,5.777403189485855739e-01,3.556732391505945667e-01,5.313623075599511747e-01,6.416870076554976876e-01,6.532400530933284433e-01,7.674197925584991253e-01,2.435408299782834685e-01,3.933340406894615393e-01,6.431944321606758441e-01,5.350522895898146558e-01,6.896649907173992844e-01,3.524265309306880978e-01,7.432525804875481645e-01,7.079849997551246332e-01,8.784644675677431847e-02,8.904617408275041779e-01,5.689164295616444544e-01,6.683042259269240670e-01,3.422912919220174599e-01,7.740840522819281144e-01,3.970367941622890973e-01,3.396983140217803010e-01,5.594824594433345233e-01,9.876031304775580999e-01,4.792957621961275172e-01,5.849869045477654739e-01,8.455875284340039766e-01,4.145333681034544804e-01,7.193646800126144436e-01,3.408513405091284643e-01,9.863447040927471043e-01,4.002941487462868819e-01,7.957904466759919693e-01,6.478561211952262866e-01,2.132946720894701720e-01,2.251074293266092929e-01,7.095309728708910635e-01,8.542295528243579739e-01,7.616132025813519002e-01,3.509713599153443386e-01,9.486789210919548410e-01,5.498559891825728352e-01,4.571253164795940349e-01,5.264605825991770516e-01,5.526781485144269812e-01,5.086798705328358094e-01,7.620775217741664331e-01,7.901258217979523213e-01,5.855154643583099228e-01,3.631065976230172243e-01,6.983202157863968029e-01,5.468662140245974523e-01,8.369029060357975336e-01,8.753934174145339142e-01,3.152552290402790280e-01,8.599843824837510864e-02
7.801490819359948592e-01,9.480266177794802740e-01,8.465629649013791669e-01,6.308517073657359253e-01,6.373418384624920385e-01,5.107796449141441819e-01,4.472044138437866745e-01,8.415215352933297366e-01,4.537683707798590427e-01,7.489257699849183325e-01,8.602722480234245017e-01,9.591958530441211384e-01,0.000000000000000000e+00,7.057273336669560582e-01,8.993216776732708695e-01,2.199213135973926148e-01,8.138754094579453424e-01,7.288681950446231905e-01,2.183032208712415989e-01,9.744548805582741169e-01,4.897926158875843261e-01,7.853734866800874403e-01,7.655469655893014647e-01,6.001975992946722016e-01,5.959826803991015165e-01,6.196820192699905583e-01,7.448422561980913015e-01,5.059680695205632794e-01,2.530376547180109847e-01,4.395290045803804113e-01,3.219609167686166007e-01,6.636956189076108348e-02,6.890672308530176871e-01,8.842076190417871295e-01,2.903912370809336729e-01,-8.344142517785028967e-02,9.796010420937212304e-02,2.054658428234720502e-01,6.969950917900914478e-01,9.098368813794418530e-01,5.113986211825579664e-01,6.946251388854656206e-01,8.571392267431809930e-01,7.026730267425650434e-01,8.644891712172493303e-01,3.309026977809582659e-01,5.820394961003969581e-01,5.540621268800035581e-01,5.086291840774187500e-01,8.170252916825477829e-01,9.809003839063367147e-01,2.971360117034477222e-01,5.107466907600237693e-01,8.512508407722101378e-01,5.507320813332264864e-01,7.744173870537389703e-01,4.138756802420110459e-01,9.842638483157292173e-01,8.408263746280332240e-01,4.220337211057469951e-01,4.075908770885598997e-01,4.112554695204375665e-01,7.388071319244536861e-01,9.288936172872280794e-01,7.274755781479622652e-01,8.825654402132577792e-01,7.121490319556135207e-01,6.716017755223475660e-01,5.996235879450948492e-01,9.489169176402993955e-01,9.560522687254886520e-01,1.066183022640751626e-01,7.218904456309016560e-01,3.266050560765746402e-01,2.345850981400852131e-01,8.933625278468820818e-01,9.321190487945401060e-01,4.150057593959913804e-01,3.778531117783728854e-01,2.778018498653683221e-01,5.248388747350918315e-01,7.153152117300844992e-01,8.788065011099279733e-01,5.196355250570718898e-01,8.778056203515615108e-01
7.716144866328640273e-01,7.959477033880354435e-01,8.558971773867510846e-01,7.280219310560999135e-01,3.169070536546727546e-01,7.995750113472994691e-01,4.759345514349471173e-01,2.133905729304668153e-01,5.099248595580685439e-01,7.346397837718835477e-01,6.838750082625419946e-01,5.805739268551084464e-01,7.057273336669560582e-01,0.000000000000000000e+00,4.583378113411937238e-01,9.314694963081134871e-01,8.123650500460321000e-01,7.264424690966843068e-01,7.147901278169118688e-01,4.731995324280386939e-01,9.001011077042211372e-01,8.207471561077122058e-01,7.188800530365153652e-01,7.934799696811527525e-01,5.989057888886937242e-01,5.977905561828640302e-01,3.131169997464205990e-01,8.772021983213184049e-01,5.739417139699531933e-01,3.417943395009387930e-01,2.006798398400065353e-01,7.162769055153896947e-01,4.335287366734592585e-01,8.817111401234170032e-01,7.580551745259314078e-01,3.589879390935588610e-01,1.568141943094277513e-01,2.669023647004302724e-01,5.355973888400079597e-01,4.733243929990171850e-01,4.331790954588508047e-01,6.889702364672517509e-01,9.916017565688632907e-01,4.306478251790186729e-01,7.348131174683615319e-01,5.035644334181157422e-01,5.969123963590521331e-01,7.902754469396690018e-01,7.268129807886911653e-01,9.013489369985689947e-01,7.899114128276776281e-01,7.884227100322271919e-01,-9.275843249153586934e-02,8.231893108486061372e-01,8.681189252413067381e-01,5.762277100672408281e-01,7.753872029582522529e-01,1.014108775704270909e-01,6.292809080724043325e-01,1.514933280405142413e-01,7.445891649194626982e-01,5.858219600146375994e-01,7.310596083022138370e-01,9.182977113408903325e-01,8.501248429248263738e-01,6.884288945133374416e-01,8.503784913878369434e-01,4.252973440800992266e-01,2.128780901200381659e-01,6.474732088805813524e-01,8.456660916563341068e-01,9.677349631471787728e-01,7.610044218018082729e-01,5.258665874879140389e-01,2.008460081226131622e-01,6.875090629621350979e-01,8.778398293269591424e-01,6.234796016510147920e-01,4.695967007093715395e-01,5.723660444297316158e-02,5.243196996971374313e-01,5.877925956455480883e-01,7.405113522407276161e-01,3.601513704067041965e-01,5.091545196409270613e-01
7.688165257091967852e-01,4.309721724611817462e-01,6.731187622927787828e-01,7.601869402343484072e-01,2.194388250580566191e-01,6.918773023448933079e-01,1.982258446432593468e-01,6.110125762171775277e-01,9.774566074556305662e-01,6.927464610232655362e-01,9.403022840033284924e-01,5.498317981828625411e-01,8.993216776732708695e-01,4.583378113411937238e-01,0.000000000000000000e+00,6.806177310935559444e-01,5.721796287126303948e-01,2.726394063496994091e-01,-1.354274970703825409e-01,6.857614999362002806e-01,6.640312466500291055e-01,-1.483690316023042743e-01,7.017195641297399034e-01,7.893414971633743171e-01,3.922606082373597536e-01,6.835713367995531753e-01,4.416209629643341739e-01,4.250734030946251019e-01,3.438484167683641957e-01,3.223483645804036124e-01,4.220976242383465138e-01,4.043789109591984232e-01,4.813098093053347903e-01,7.623253023610728762e-01,5.634182141500385654e-01,3.998941014245829817e-02,7.069067506822393487e-02,5.841736036475103644e-01,7.896136544126866608e-02,6.968880990666936892e-01,2.432553685761720472e-02,3.649480041617144677e-01,5.453486765366644118e-01,6.264675673791618715e-01,4.786127150568353361e-02,9.251231076726690317e-01,4.918146737812364999e-01,4.781811139871483540e-01,5.202800254656025913e-01,6.769829172901603576e-01,3.305888979642782610e-01,7.516508143707620881e-01,4.176902545992599025e-01,4.459373774611484209e-01,9.157269511829915221e-01,6.474502889484553547e-01,4.016459647259087995e-01,5.506852930908084920e-01,8.915009951158651136e-01,1.941598425175646847e-01,5.864404496948506518e-01,4.778578594014970538e-01,6.368065159337228387e-01,9.397321109753729029e-01,9.472567095146714466e-01,3.339011834966190140e-01,5.665994028846021990e-01,7.183120650890477688e-01,4.140013923033875609e-01,7.959492931829019735e-01,3.733097008085956015e-01,5.565959509300637542e-01,1.631048717426238359e-01,9.935064032796173117e-02,6.012239437437454787e-02,7.189103384380034489e-01,5.874418976485559218e-01,7.123209561117176403e-01,1.974552303872538842e-02,1.717752325308717076e-01,5.614201915207568394e-01,6.713304793808335669e-01,2.575671105235581848e-01,3.468970915038750435e-01,5.131278006597891350e-01
3.676170962590125102e-01,7.213593402560405377e-01,7.925348588656870863e-01,5.207113957203961530e-01,4.761312175190081653e-01,8.267671386640298437e-01,5.937434973548713080e-01,7.305967903597070379e-01,6.473218321289442301e-01,9.520216245772075148e-01,8.989447936877441592e-01,8.417298569890476756e-01,2.199213135973926148e-01,9.314694963081134871e-01,6.806177310935559444e-01,0.000000000000000000e+00,4.413158442551368688e-01,4.743891479310157200e-01,4.711287895712913953e-01,4.702886030459603184e-01,5.126785975118050009e-01,6.660583552279175645e-01,7.289470596903280253e-01,9.361798580493164712e-01,4.057222505425319148e-01,2.036882313649923393e-01,7.899047971197936668e-01,-1.000019779741863485e-01,4.073691259780262142e-01,4.376818563063351597e-01,4.019680506708530054e-01,9.424199074991890246e-01,6.161972535088365843e-01,7.492885831230017279e-01,5.189710187065115221e-01,4.294879509996726297e-01,7.880608115535750469e-02,4.313411375549753290e-01,3.933705992518477523e-01,4.922296130072461029e-01,5.052582300122443471e-01,5.761789909998833448e-01,9.139944067234466729e-01,7.258101295403348585e-01,7.670472972983313209e-01,4.400946427747255418e-01,8.903803785436016360e-01,2.129139007730406208e-01,5.221479703400013772e-01,5.549878847677756077e-01,6.245316864498073883e-01,8.442436962496033814e-01,7.047055046821029123e-01,7.133485078109008670e-01,2.991050199600882586e-01,9.571997500016510285e-01,4.891701285871010163e-01,5.813549401751164636e-01,9.314951868696743631e-01,5.898116687684888948e-01,3.525780970191554758e-02,6.574958832297987943e-01,5.737070286119518858e-01,3.082330213113314565e-01,5.704237047096880620e-01,4.603596003608426690e-01,5.975795210613052966e-01,9.691569717850074817e-01,2.631747251440629265e-01,2.047872740959270632e-01,6.147185304002721340e-01,1.542229837125561054e-01,4.601819230111735548e-01,5.575738161650790614e-01,7.027475691499355248e-01,9.750792813429938199e-01,9.200539959984350702e-01,7.051133283839605692e-01,6.960100817035907994e-01,6.116756783848300572e-01,5.585170468751965434e-01,6.673674195114319696e-01,8.189902359905945062e-01,2.669515919131418835e-01,6.428185516860600579e-01
7.165429676791287283e-01,6.944070861580355913e-01,3.287622842657341726e-01,6.256943272031032510e-01,6.182709531911499967e-01,8.588994489809858024e-01,4.353483608535452798e-01,6.620497249364871717e-01,5.230670110374076032e-01,8.933662839123993615e-01,5.102413474180699238e-01,6.158524252100717744e-01,8.138754094579453424e-01,8.123650500460321000e-01,5.721796287126303948e-01,4.413158442551368688e-01,0.000000000000000000e+00,9.517397601302557408e-01,4.519070694962250556e-01,1.977660349107220605e-01,5.600109468673779567e-01,2.752548883766077203e-01,4.638972923520827685e-01,5.789593127745473744e-01,3.038227614661336839e-01,6.028756474042572533e-01,4.213329661068451193e-01,9.176085064368874056e-01,2.770521068571394352e-01,6.727362377036304464e-01,3.146229037108545512e-01,7.992299201935429975e-01,7.877356626387084226e-01,8.607671965655696589e-01,8.701964272858029315e-01,5.804898437470111805e-01,5.662438583277491500e-01,9.721570004037538570e-01,2.270762769168653272e-01,5.227420784870179249e-01,7.648160426556447344e-01,6.445886744936506485e-01,9.313418829878055138e-01,4.752572487987472005e-01,9.566477874342234067e-01,7.544494822965190917e-01,9.478681219132010227e-01,2.097084683209270162e-01,6.863824770898475647e-01,8.691955440758957208e-01,9.551539550500443010e-01,8.727018109939880253e-01,4.980845128376517050e-01,5.866036831119419981e-01,6.213226666170291734e-01,7.285253353280245481e-01,4.627884871865131089e-01,6.632047566122001303e-01,4.571465187178289091e-01,6.375402244992593725e-02,4.637979939542677399e-01,7.379455467227362675e-01,2.226480036577079824e-01,7.379855328052672414e-01,4.495193466270172578e-01,5.010529424016454403e-01,6.743132995984177924e-01,8.651704616856618069e-01,6.829225200346291658e-01,8.430699444138642917e-01,9.434002160446299801e-01,4.170989217878494637e-01,6.108251882679275324e-01,3.696706590386977798e-01,8.488644015019348732e-01,3.045792839066062685e-01,6.866573690494134352e-01,9.634491472891159036e-01,6.418506599124393919e-01,2.059193033907824044e-01,2.295608672954729812e-01,4.823852471577554923e-01,5.474094839271137491e-01,2.449217354428801039e-03,5.237577987397545876e-01
6.428322337878934478e-01,4.880282645638054501e-02,5.949836773970730297e-01,2.875678796209595323e-01,9.955144319558800747e-01,4.442818410001928564e-01,3.617339017662868361e-01,4.928223266076263154e-01,8.418561435374715129e-01,2.956363965091743373e-01,5.485682476729543122e-01,4.672267091519115567e-01,7.288681950446231905e-01,7.264424690966843068e-01,2.726394063496994091e-01,4.743891479310157200e-01,9.517397601302557408e-01,0.000000000000000000e+00,6.552692402327906507e-01,7.753540931744729026e-01,7.878627244274885033e-01,4.632196863761109951e-01,6.269494756969170579e-01,4.444664033596421593e-01,5.470321600165312104e-01,6.422264480500696759e-01,9.771583024895351688e-01,5.811241552721846393e-01,2.512109941849380856e-01,2.043689409055385320e-01,-1.901091219478938943e-01,3.727308221442350855e-01,6.295258999567773239e-01,5.709745241943338101e-01,7.105931861347165590e-01,3.911438010867326343e-01,6.913024639838253327e-01,8.824265163809320578e-01,7.099621170540980630e-01,6.808607822649390684e-01,3.367514865118960143e-01,6.786250011403457405e-01,8.633070886509367492e-01,6.249829281927183899e-01,7.362119477312292215e-01,3.459920402052447663e-01,6.311413665687477526e-01,7.059294644832958543e-01,5.519752477157441328e-01,5.250003529318096884e-01,4.588074668813129642e-01,7.770094429099686506e-01,8.147675823764503056e-01,4.613524543325998040e-01,9.107382053753052542e-01,7.027539862727041897e-02,5.501246466369793531e-01,7.352145813622691373e-01,4.138654626020986105e-01,2.542089553808457580e-01,4.475996265180614553e-01,2.949468575922872260e-01,5.864320589744489443e-01,9.307093297547700539e-01,4.226055310446496516e-01,7.451742254183736369e-01,5.441225123139825648e-01,8.347089905087023975e-01,7.543598861006286516e-01,6.212415264059354403e-01,8.082417167555966397e-01,5.551730855897415440e-01,5.926280749856922547e-01,5.503931905659207313e-01,4.495080042804027176e-01,5.058742334452991374e-01,9.111235149270395794e-01,7.100281703460196991e-02,1.921937748797044043e-01,2.636882251438832370e-01,6.426079368513113454e-01,2.050654785393122570e-01,4.625553402399987246e-01,5.793710695631663077e-01,1.583248835154570378e-01
