0.000000000000000000e+00,6.848165064394590162e-01,4.211431357195016267e-01,4.503110854270721553e-01,2.935569755015376980e-01,6.023409531992640620e-01,8.646538808661062836e-01,8.931931669239782101e-01,2.301859287884624461e-01,8.619106072710303046e-01,4.866042713940315068e-01,6.192133913661406197e-01,5.928676484249546519e-01,7.024929997628562850e-01,4.684021104136379399e-01,4.316989797850779853e-01,5.762173928286726809e-01,6.772427825113782607e-01,8.250009662065214133e-01,6.620794444348494512e-01,7.049756290357745980e-01,5.456996933825587481e-01,9.315147631728517563e-01,6.792375884684389575e-01,8.194316317361933777e-01,6.645306782362165876e-01,6.259498358351274216e-01,5.501901036665971523e-01,2.473374797565381367e-01,1.095042065055174957e-01,8.506885874753906951e-02,9.166506554708571120e-01,8.033212973544617830e-01,8.124626756596965427e-01,4.952031010308367009e-01,5.495886198202237782e-01,-6.269068201508037896e-02,9.359351210319082348e-01,8.952562062234306062e-01,8.573123265449048569e-01,4.209617625446864797e-01,7.201839505352066739e-01,2.775958298483074405e-01,9.243620959013769678e-01,7.174862312032461720e-01,8.964771562185793741e-01,8.561863740585498039e-01,9.042642784685879231e-01,8.198624568286960734e-01,2.087078360617469763e-01,6.716348679819110767e-01,7.509481318242746672e-01,5.458090589529065451e-01,6.684321452928116969e-01,9.207853177730735972e-01,9.725530620313660446e-01,8.338160149544944222e-01,5.001223726765230415e-01,4.595792508003304633e-01,-6.226166667456300985e-02,3.328769444572423630e-01,2.293539409446703481e-01,6.897782032090616910e-01,5.716268180043779790e-01,7.976933440299858180e-01,3.315087797426169436e-01,9.706531420252002551e-01,9.072092274667769018e-01,8.837878592133779909e-01,9.380973120359876738e-01,6.064632744461818659e-01,8.763719382468272423e-01,6.588265871269578522e-01,7.298953278453019777e-01,9.472924567341318713e-01,7.982899454408153295e-01,7.935460063643693385e-01,2.099995357439531085e-01,2.710397526949882008e-01,2.244331693795847404e-01,6.741003423005149653e-01,6.208802519305246514e-01,3.090288821105856565e-01,4.204784629066730117e-01,2.448428618621236175e-01
6.848165064394590162e-01,0.000000000000000000e+00,5.980801871886015642e-01,6.009803263045542243e-01,9.752998148159508496e-01,7.542195345461466527e-01,4.923718239718699596e-01,6.500932571396729198e-01,4.987357547956050574e-01,7.931773289511090397e-01,3.284786509072025185e-01,3.877084205280063589e-01,9.657492720446952950e-01,8.373421921359516240e-01,6.822635510114019031e-01,7.438394008558123494e-01,7.176191425208887642e-01,4.601531599104929371e-01,3.601447833621155836e-01,7.492239240026666858e-01,9.212887198851342774e-01,-3.768250134443001942e-02,7.723304216822005630e-01,8.548106307222983480e-01,7.018256445297796908e-01,4.172803775261692549e-01,6.219903823070964677e-01,9.511495766237765270e-01,2.833432629408962899e-01,7.843987790751598688e-01,5.774539121667677799e-01,3.077196939363397998e-01,9.412222923448809730e-01,4.671308296156341244e-01,6.767769656646884791e-01,7.645655156177962875e-01,3.368647208058356823e-01,3.222562831293673269e-01,6.589581755957300002e-01,2.108856200640621958e-01,2.500703792318120788e-01,6.654435860453289386e-01,4.007037029141571338e-01,7.116883464109887703e-01,7.598213722641469214e-01,4.305169686155957964e-01,3.281292865969572814e-01,4.073616204759373249e-01,7.890358896959973611e-01,6.156029510262963633e-01,8.960974116154422076e-01,2.945370060335969487e-01,8.990281574206774318e-01,6.498611141219072795e-01,7.185072456898851101e-01,6.073156023632753087e-01,6.303281496977419796e-01,6.837229338627310860e-01,5.846622825534212309e-01,3.222665126063952723e-01,5.125343746640534937e-01,6.042412974249186108e-01,1.126660542496749073e-02,8.462552621530979868e-01,3.723638345585256748e-01,6.444567629311120927e-01,7.904974552239198982e-01,9.138587638954268622e-01,2.442191775467174308e-01,7.430995211765740738e-01,7.154768796175037249e-01,4.060293422681339193e-01,4.473977071276518114e-01,6.935202785766341194e-01,4.092362471456329476e-01,9.938472092136936276e-01,4.741497347902366988e-01,7.124204114348203776e-01,1.235465718224218468e-01,4.841673154251779354e-01,8.287371679795333401e-01,6.247091911150649546e-01,7.760421282351237515e-01,4.955880459795014570e-01,4.730059452488177274e-01
4.211431357195016267e-01,5.980801871886015642e-01,0.000000000000000000e+00,9.401959552257487251e-01,8.015194812463595220e-01,-7.286382115057352116e-02,6.466744274549353078e-01,6.552460377585446194e-01,6.631675826332192880e-01,7.411998530860890444e-01,4.001296238041971431e-01,6.988730514929301085e-01,4.809554191249681421e-01,4.972875014735921306e-01,9.253515423277866025e-01,8.089871151812627614e-01,9.421340380544457327e-01,8.193319882589578107e-01,6.899628412274628753e-01,8.694790898641512333e-01,3.731424643875822511e-01,7.176320315534135963e-01,8.356939770028917192e-01,6.868131575656617749e-02,5.582284832934760743e-01,9.230769937399945224e-01,8.267031458459177529e-01,6.195802662763180146e-01,2.266707416137618003e-01,1.731388412962958090e-01,4.832671897370687253e-01,7.588122311314889901e-01,2.455669479649860432e-01,6.110845530291878491e-01,8.870122778818034792e-01,5.146174485468077986e-01,4.033259941658879910e-01,8.805695726084120656e-01,6.461581903483393230e-01,8.046227920812394352e-01,6.370253253017710282e-01,6.048051636102971251e-01,6.517107445120258191e-01,9.088695306357573722e-01,7.459796756436130050e-01,4.843529607346864774e-01,6.467787979452123137e-01,8.332237056849679524e-01,9.067741271437276263e-01,3.870365680440502332e-01,9.979829140544109745e-01,9.141309696691624076e-01,7.817963946661270480e-01,5.984195371257956531e-01,7.675784250302690737e-01,9.838262527815441194e-01,8.128832439115957209e-01,7.338298800592910620e-01,5.955355524970964431e-01,5.402710216916875030e-01,1.747306089618925473e-01,9.088265255622736127e-01,7.634873335852585541e-01,9.819226989849478837e-01,5.397786865026558134e-01,8.068843669366928539e-01,6.823535763338083315e-01,5.710651310729237817e-01,8.106836493950099198e-01,7.133691828422757952e-01,8.975418889559475533e-01,9.039243397175300565e-01,5.927189662903762368e-01,-4.243165447533808754e-02,8.516998587359131401e-01,9.055780595077185247e-01,9.629175392717298498e-01,9.935994879138636549e-01,6.748468923845929966e-03,3.733446333161785091e-01,7.905717011864532573e-01,5.355198084627332822e-01,7.985654736964162836e-01,6.435495531587006601e-01,2.209481469465855441e-01
4.503110854270721553e-01,6.009803263045542243e-01,9.401959552257487251e-01,0.000000000000000000e+00,4.332773496136120284e-01,7.706282539063264991e-01,5.083947423385614117e-01,4.045531729498934026e-01,4.250529184579014963e-01,7.600482986380694417e-01,7.499972007754411862e-01,5.484729421993004284e-01,5.797480553107483559e-01,1.295148983066036208e-01,8.212955141046680563e-01,2.312639732064728504e-01,9.722950426496247411e-01,5.094912333321167663e-01,5.006184083513884886e-01,7.270150858353517931e-01,9.834875434833505459e-01,2.462372963197737019e-01,1.307985492928442628e-01,7.329105501762329666e-01,7.404049567387054331e-01,4.414148083421531310e-01,9.711386674320381385e-01,6.547210925393160963e-01,3.863752873586340786e-01,-5.408329221486560257e-02,4.284352164571567645e-01,4.588376960753753897e-01,8.676270993699661815e-01,2.468003864294939231e-01,4.550598866061653092e-01,6.099323988679389297e-01,2.608250417536924215e-01,7.439300655003844298e-01,6.430645462874212681e-01,5.844057943309627356e-01,2.045253869083807352e-02,9.427998298168720481e-01,8.324518485889382813e-01,7.322199820446693985e-02,7.600157171389050337e-01,5.435647619196203317e-01,8.440744243950308867e-01,4.033853889793656555e-01,6.793851098173613323e-01,4.378835277279689575e-01,2.471490345197724925e-01,7.534602594287401756e-01,7.040265334238375861e-01,6.958157511015976571e-01,6.358876791985880184e-01,6.404566593758069803e-01,5.232297186313568105e-01,9.806476500518513939e-01,8.198974757257599943e-01,5.624790259232125278e-01,1.760051137180828618e-01,7.992049126451530316e-01,8.033096846468884555e-01,9.370730410144276767e-01,4.703239956050374593e-01,7.029720447272330697e-01,6.013993911237069945e-01,9.319543040806016476e-01,3.964798487154540529e-01,5.910657293004017987e-01,6.554889418689289204e-01,8.102620829922879686e-01,2.327676622572783238e-01,3.168432626249842454e-01,6.194881791723430009e-01,5.626979582274758140e-01,8.442465016538858169e-01,2.922380256149395561e-01,4.642255482038943337e-01,3.938773464450517903e-01,7.771981128423536278e-01,6.572839447738547669e-01,7.065425604554841366e-01,1.146056930864290113e-01,3.103725887108634840e-01
2.935569755015376980e-01,9.752998148159508496e-01,8.015194812463595220e-01,4.332773496136120284e-01,0.000000000000000000e+00,2.175632757336724565e-01,5.552367481840682073e-01,4.187763687021172632e-01,4.055226840752395034e-01,4.190455738294928123e-01,5.451752972970560496e-01,6.091945642425100615e-01,2.190188708290348729e-01,1.668377044182745017e-02,5.400325870523761118e-01,-1.942472776864999640e-01,7.620893380115660865e-01,6.904972348463892518e-01,5.050201123029993688e-01,9.501259997690018055e-01,7.350621293369861142e-01,6.514865693589233508e-01,5.692256898641291363e-01,6.835832422394162444e-01,2.222091897613063388e-02,7.532333744911055007e-01,5.817118202249575987e-01,2.411921734006920448e-01,3.928015148468865236e-01,6.874786980152639559e-01,9.122736702104823625e-02,4.821720638037874096e-01,8.963309056499511041e-01,7.923986901395028148e-01,6.916039915933746007e-01,5.835952222195815997e-01,5.125037430864578525e-01,6.162197709127962275e-01,4.592588002691376237e-01,9.894803780928329573e-01,2.168400089998988312e-01,6.235303272350335435e-01,8.166891463727357081e-01,2.898978337293985352e-01,6.670955099487105855e-01,8.797251963802978914e-01,7.310005879843735066e-01,7.279631087641741383e-01,4.879211262045741182e-01,6.753719593193874271e-01,5.250369562451513428e-01,6.863291511417027868e-01,3.346627060294646294e-01,8.761576527681423920e-01,6.318820170557174487e-01,4.710559027604959148e-01,8.260674046563404316e-01,4.224728633216187079e-01,9.880188134421383772e-01,7.036586724299735696e-02,2.527620363875239251e-01,7.696823649520255772e-01,7.303718275494988088e-01,8.157784708405166896e-01,9.240866014159310193e-01,2.036863497182932747e-01,7.922718245851223529e-01,6.016946981146660267e-01,5.868635535231572220e-01,2.652422294107820155e-01,9.695976905470927720e-01,2.683796650023541619e-01,5.032267363340841015e-01,2.189430783274151637e-01,4.126750917576970101e-01,7.672202336353349805e-01,6.588656828034531454e-01,6.797026290953810390e-01,-1.468392570602712333e-01,4.769017346733206986e-01,5.819822231769401499e-01,5.666865429734752047e-01,6.437693913166185888e-01,4.149831205365549502e-01,6.399090167697014664e-01
6.023409531992640620e-01,7.542195345461466527e-01,-7.286382115057352116e-02,7.706282539063264991e-01,2.175632757336724565e-01,0.000000000000000000e+00,2.858413764471813834e-01,3.699271184494148379e-01,6.392347973466313560e-01,9.229390996263148184e-01,1.184561079573839548e-01,6.536524203374372011e-01,9.432958449363143538e-01,7.325020959065980941e-01,4.201400339949318274e-01,4.405549908839674345e-01,9.029598645465536366e-01,5.714651436945470397e-01,6.763695547771154670e-01,6.538304751656935920e-01,6.294340955478359145e-01,1.472089616236852416e-01,7.150326299421865262e-01,7.534779786834620019e-01,7.687202602381913996e-01,2.949779410741757424e-01,4.534969360912812220e-01,4.398837261317065095e-01,6.028728882489992058e-01,-4.246648175939812808e-02,5.811211454389557662e-01,4.453948334609761361e-01,6.945533992773469389e-01,3.809383824078121927e-01,7.835747923661665615e-01,-1.213878386359459743e-01,4.504634947185210958e-01,7.243865901798076656e-01,2.512360305585298326e-01,8.931893784902357192e-01,6.803901632661848442e-01,2.867789040992298477e-01,8.051790788450948755e-01,3.807327268243286822e-01,-1.199562080057749724e-01,4.640136039729427786e-01,8.769254538848597624e-01,4.787500641186517303e-01,4.896050112118502939e-01,3.987030869677495870e-01,6.364352253141022375e-01,3.380536124849464752e-01,7.413964461379647375e-01,7.090597003368690476e-01,4.736738916002171118e-01,7.769029314493682836e-01,4.464832483754033743e-01,8.050255465539846167e-02,6.991697134582868234e-01,6.028222258954617496e-01,4.254417634643833379e-01,7.919007598863656572e-01,2.801717394092673175e-02,8.433977072576817058e-01,6.283793219266086139e-01,4.621091695719040660e-01,3.968768848559632856e-01,8.904890380069777622e-01,7.547469164619753368e-01,3.645265380882884987e-01,8.709213259441036525e-01,6.171236064893323991e-01,4.223616252968676044e-01,2.440937433083769856e-02,5.533403386269961644e-01,7.811231040323458608e-01,8.496671429802858944e-01,6.386876176389200133e-01,3.134481586960234933e-01,2.680883258280984394e-01,5.317249815454307971e-01,9.179801261472124718e-01,5.966129088455578433e-01,6.588049223507160823e-01,9.190641320861780983e-01
8.646538808661062836e-01,4.923718239718699596e-01,6.466744274549353078e-01,5.083947423385614117e-01,5.552367481840682073e-01,2.858413764471813834e-01,0.000000000000000000e+00,2.774212739499123392e-01,7.228660529412951341e-01,8.018194500442499262e-01,5.393751254642751292e-01,7.227013302659976990e-01,4.917535970290586311e-01,6.534768615096018252e-01,7.159117989555620065e-01,6.039070601340356115e-01,3.902707703718615861e-01,9.516161611458298086e-01,4.728626709885308532e-01,4.610978066583107382e-01,7.805880637319290161e-01,2.993381132647081611e-01,8.879733890507400806e-01,4.533921382420584290e-01,5.770102487413344416e-01,4.634788749248298090e-01,5.302166056469443944e-01,7.452590942172970800e-01,2.028519245763786838e-01,4.309630021595581839e-01,5.503398742917451347e-01,9.430298041238505125e-01,5.593247218434730383e-01,4.243677416791519219e-01,6.961349963349124925e-01,1.640892971132730180e-02,7.608256100592470927e-01,1.766891055760477502e-01,9.589239929084756309e-01,3.841001174509769411e-01,3.032232240705018400e-01,1.886185768069061908e-01,7.711423183299050965e-01,7.005898087311182021e-01,7.780873875678883111e-01,4.875428216505293677e-01,7.026653768384547583e-01,3.795342921722342222e-01,3.258786033494343037e-01,2.234395197071950279e-01,3.130986571591759526e-01,2.325386985163346576e-01,5.157720496423668921e-01,6.701160594488804190e-01,4.224004830560258994e-01,7.576718282142603789e-01,2.003203495005813628e-01,4.703126649818104577e-01,6.010013370224952522e-01,-1.147479258466559404e-01,4.141315673806478248e-01,6.990952403437026286e-01,6.973291927147974301e-01,4.091309586187473757e-01,6.153423982799427483e-01,-1.502857984256267820e-01,4.593417217439345612e-01,5.308106160359009618e-01,6.561766228955759894e-01,7.199933868955423755e-01,6.169432196463771056e-01,5.543273131544851351e-01,4.149914865234941574e-01,6.348095218848024412e-01,2.342533298144631182e-01,5.356075978574639240e-01,3.215954431619565956e-01,5.247780319401083027e-01,5.302946524025833330e-01,3.312112260398469843e-01,2.859942940559228042e-01,3.806186386696314150e-01,6.490506829518588594e-01,4.329662286765571522e-01,7.321567852784155450e-01
8.931931669239782101e-01,6.500932571396729198e-01,6.552460377585446194e-01,4.045531729498934026e-01,4.187763687021172632e-01,3.699271184494148379e-01,2.774212739499123392e-01,0.000000000000000000e+00,6.399896423919487765e-01,5.935086552424022610e-01,4.941268081041971794e-01,4.510983732378007205e-01,9.388018166120122299e-01,7.706329249389034519e-01,6.186264093272336728e-01,2.108190177289540057e-01,8.362729891717427533e-01,3.220169774187725542e-01,3.053427723847325082e-01,8.592454047301327780e-01,9.300681696808286159e-01,1.257421630014116387e-01,5.397392173425705764e-01,7.579324260100843702e-01,7.340752404910950712e-01,5.154126331589664600e-01,6.050297581494061827e-01,1.492831704489419875e-01,3.641266617979399545e-01,6.877056654074471531e-01,6.056840991629398596e-01,4.617998236934912626e-01,5.015307246781363082e-01,2.847552708088942341e-01,5.408508016382487238e-01,5.634662341000282737e-01,-2.488255183523765957e-02,9.375891161569925580e-02,8.287399993108175433e-01,4.308734538671392111e-01,4.369048455976767276e-01,2.936332535408048283e-01,4.546223814699734134e-01,5.296472108818348623e-01,9.664493761294545848e-01,4.374702825155203367e-01,4.483447395204664954e-01,7.064322353153427159e-01,4.775495077944919009e-01,7.563996553890754981e-01,2.530999127787036951e-01,2.645649969328303652e-01,7.080359836159995091e-01,8.318142207497456475e-01,7.576123987953260475e-01,6.029229280600146845e-01,4.336787378558575323e-01,4.039159889374788204e-01,8.278696091521129397e-01,2.992723082743831142e-01,2.265108409663604827e-01,7.533575792188432763e-01,3.497516280924375387e-01,6.732114305581440306e-01,9.297256053599212144e-01,4.207199823318137355e-01,3.082229544781577291e-01,9.785185911836201678e-01,5.436390649340578918e-01,6.138286752773012278e-01,7.385802303042970918e-01,4.056291588043315910e-01,7.414553064575080121e-02,3.009986245243468361e-01,4.395065713358113912e-01,4.526064215613865294e-01,3.280892956060545429e-01,4.657039986256800157e-01,6.510399654601592978e-01,3.435630882043592127e-01,6.125463099789042465e-01,9.995028071486482535e-01,9.574410527795744752e-01,5.889467371487269176e-01,4.403483507870941671e-01
2.301859287884624461e-01,4.987357547956050574e-01,6.631675826332192880e-01,4.250529184579014963e-01,4.055226840752395034e-01,6.392347973466313560e-01,7.228660529412951341e-01,6.399896423919487765e-01,0.000000000000000000e+00,4.367658543983313768e-01,3.187028105762334529e-01,4.342347764329164139e-01,5.444823600729111757e-01,8.402926244931517852e-01,6.778777588849300706e-01,6.969026684071335520e-01,6.088490245386007915e-01,3.129785353078848309e-01,5.474648906632278988e-01,7.081241343730971805e-01,6.933595660242738434e-01,2.168101911400315829e-01,4.098612405100413580e-01,2.497015665552537993e-03,5.106016822223382601e-01,6.386686690330671823e-01,6.563984270057887649e-01,3.865665948274534247e-01,6.262154805097508437e-01,7.703687082491565974e-01,5.526378108179248461e-01,6.321905450117886183e-01,6.548899097253009227e-01,6.136062806268568481e-01,8.157010736525829309e-01,1.442252356500903776e-01,2.144394983856589276e-01,5.965428913116476162e-01,6.189464105325054311e-01,2.234624775961570331e-01,5.774992020476634735e-01,5.754126239175463287e-01,5.087203491846227221e-01,4.817151378731805988e-01,8.639084616208024814e-01,3.639030613688802873e-01,3.279866669414812502e-02,9.472725009813517394e-01,6.111106059668409696e-01,6.949872327571399167e-01,3.731851368617442044e-01,7.649783296357097750e-01,2.255060503620175683e-01,7.872055605236353282e-01,7.301906501244476155e-01,8.584547166229032911e-01,4.774137229432130480e-01,3.356682244942056359e-01,5.830077367977878344e-01,3.367002671361343236e-01,5.567753833461611679e-01,5.651031938667174792e-01,5.935407979975411141e-01,8.659214334128384483e-01,3.409295522004333057e-01,5.896837649898685196e-01,-4.164938115016891818e-02,4.793701090499016826e-01,5.838075971961056432e-01,7.977998250556550541e-01,6.975175503351399575e-01,7.976765715106804988e-01,4.980473717354517715e-01,2.771684228084366763e-01,7.986687740284771353e-01,4.007275776934225986e-01,8.880855644478979904e-01,7.898565934298895641e-01,5.690892545096382441e-03,6.989370434954503275e-02,2.810665504012229143e-01,4.045935159927365743e-01,8.604574311389716623e-01,2.131517398440290478e-01,6.517689637836353578e-01
8.619106072710303046e-01,7.931773289511090397e-01,7.411998530860890444e-01,7.600482986380694417e-01,4.190455738294928123e-01,9.229390996263148184e-01,8.018194500442499262e-01,5.935086552424022610e-01,4.367658543983313768e-01,0.000000000000000000e+00,2.013943031316152155e-01,6.218045777277493302e-01,7.398977156618902207e-01,9.131942709762865817e-01,5.176786099138455111e-01,5.960281521491466172e-01,6.538454468995438251e-01,5.455559066744678498e-01,2.017302712329760994e-01,8.460153308947943041e-01,6.927687605964742978e-01,4.526636142326784240e-01,3.181662412808692886e-01,5.613448360693771289e-01,3.137664894585633912e-01,7.851174448889474133e-01,7.529545627804280494e-01,9.001462846643055737e-01,4.927822939312483941e-01,5.637518996223955803e-01,3.412671392392777059e-01,5.298978655126180826e-01,6.745330388874434258e-01,4.750255927709583492e-01,3.539582482410755793e-01,5.848544685176779723e-01,3.201351697240899519e-01,1.673286539680393092e-01,9.525540543526607173e-01,5.835465879629967434e-01,5.448510287188048640e-01,6.418873304090004783e-01,6.877719910311892448e-01,6.552031746850196098e-03,7.406510579883374135e-01,7.621433436638697101e-01,5.172919686389182425e-01,6.935803899613852685e-01,2.391688868981875771e-01,7.448782168550854843e-01,2.879390503442486038e-01,3.781257667345717666e-01,5.481734226829634293e-01,5.295151649204480337e-01,7.838605467823571704e-01,6.891204915432058709e-01,3.423691441373403754e-01,7.367420526767580746e-01,8.131392195249371735e-01,5.294763987113751957e-01,6.438777781753279861e-01,7.484595007130102617e-01,4.621656491540773182e-01,7.126870181482530819e-01,8.582757053569923800e-01,3.540467893996236959e-01,5.087428581176621778e-01,7.262703690708259829e-01,3.221241190082440586e-01,8.872502346808526230e-01,8.750848140458989954e-01,5.065800428951059420e-01,3.161976899676891550e-01,4.713593053697415769e-01,4.379309975367070007e-01,6.814061141053324722e-01,9.847704532856207393e-01,2.600159535977946204e-02,7.932607259008646050e-01,1.780109087694182746e-01,3.596113262199887028e-01,7.718821238448407840e-01,6.068847891597572985e-01,5.789395838251713000e-01,7.960838259910656411e-01
4.866042713940315068e-01,3.284786509072025185e-01,4.001296238041971431e-01,7.499972007754411862e-01,5.451752972970560496e-01,1.184561079573839548e-01,5.393751254642751292e-01,4.941268081041971794e-01,3.187028105762334529e-01,2.013943031316152155e-01,0.000000000000000000e+00,7.986875810136545573e-01,9.578458708020912704e-01,7.761353783918346627e-01,8.336374442740592805e-01,8.061700034584886598e-01,7.593661349293470142e-01,5.407645493671014991e-01,7.569517639590979119e-01,6.074941602487951009e-01,2.860876582212488195e-01,3.413320198340981104e-01,3.735294089232826797e-01,9.242280611934349244e-01,5.436119084546404689e-01,4.160634039525515915e-01,4.515441129335693859e-01,5.092994014619399712e-01,4.730411951649416413e-01,3.532366058232459527e-01,2.142967381072763133e-01,3.344038305195443095e-01,6.186460852983171055e-01,4.501012061328799052e-01,5.734176922942704202e-01,1.602760260675500648e-01,6.124284095609205253e-02,5.327678092654253295e-01,6.755460026550685892e-01,8.213246914512920549e-01,4.570363689548734287e-01,4.118712305995879119e-01,4.592253041623382548e-01,8.211438213631737648e-01,2.574895160315607279e-01,4.463039175459378449e-01,4.068146173330861037e-01,7.271629434363200417e-01,1.676837820296009016e-02,4.230424194616801414e-01,6.015778527274852072e-01,6.414025116061211618e-01,6.007125048647390386e-01,2.496450536324880398e-01,9.658758223891368289e-01,8.591424986246058992e-01,7.147933727007905746e-01,6.820745723712499098e-01,7.385271498822738589e-01,4.103759758843513739e-01,6.202729751216462528e-01,3.437353080035858710e-01,5.345185569561398120e-01,3.201413264962450489e-01,7.174792989809861687e-01,5.315477066682851026e-01,5.752807285858989594e-01,7.413676290117365841e-01,4.750105283350503083e-01,6.881986654091039046e-01,3.958225944347512071e-01,2.690600719799085550e-01,3.793446701398123788e-01,3.640451925811565292e-01,4.840080544748477376e-01,8.375589889658228149e-01,3.969250762563377721e-01,2.589576277387065084e-01,5.354686067609459865e-01,-1.567881782991812911e-01,7.044651189664308255e-01,9.459063544062079609e-01,8.715348007564320820e-01,2.309065359869590106e-01,4.124117220414604268e-01
6.192133913661406197e-01,3.877084205280063589e-01,6.988730514929301085e-01,5.484729421993004284e-01,6.091945642425100615e-01,6.536524203374372011e-01,7.227013302659976990e-01,4.510983732378007205e-01,4.342347764329164139e-01,6.218045777277493302e-01,7.986875810136545573e-01,0.000000000000000000e+00,6.013243938698946689e-01,4.051641675875656268e-01,4.082054560216133998e-01,4.219943484396403988e-01,8.562471711699767285e-01,5.068615507572987733e-01,5.840782629522571767e-01,6.375227085784492820e-01,5.995778451571301959e-01,3.738932339881003708e-01,4.461644323891408304e-01,6.720025280282950764e-01,5.411506166665321915e-01,5.804560272474281746e-01,4.826260013290499251e-01,6.644452844809503045e-01,1.183072090949777028e-01,2.565011632346051451e-01,1.275067220680761171e-01,8.368496033272471157e-02,8.764243561687952155e-01,5.281197094719178864e-01,2.976254427715153694e-01,6.914548230554913300e-01,3.610660320633121145e-01,3.849801748803090007e-01,8.119929934513417935e-01,7.514200733066388471e-01,4.278035869308726702e-01,3.687225655094262811e-01,6.398581499033038078e-01,5.058032102329166335e-01,1.173533117525966951e-01,6.995980101247437632e-01,9.718852063288813126e-01,2.875587879899216825e-01,5.054774318474208883e-01,6.825490409901547872e-01,1.465078280684332379e-01,2.411540506521144545e-01,7.467209212701793053e-01,5.668399122214485830e-01,7.964323380416992171e-01,6.438334979662311275e-01,6.859493066236100889e-01,1.464086022114801378e-01,8.629651296044218434e-01,3.543087553430617209e-01,4.168054097569370287e-01,2.690373725996595411e-01,6.108483124588074409e-01,6.113597987092749264e-01,7.280665962220491672e-01,7.845092170536497322e-01,8.287024387130268455e-01,8.023411772232490469e-01,6.905450622268677341e-01,7.672651889583094187e-01,8.807234109702229974e-01,1.778697469880851367e-01,2.473712325188832384e-01,4.228889309634561999e-01,7.198486412931184297e-01,7.237844094372424264e-01,5.801903931131541237e-01,5.670198514222306585e-01,3.665231103330519047e-01,5.060698606181441850e-01,3.760438050082167694e-01,3.565820086706624759e-01,6.127593778269104785e-01,7.893091766550326682e-02,7.392057187084543068e-01
5.928676484249546519e-01,9.657492720446952950e-01,4.809554191249681421e-01,5.797480553107483559e-01,2.190188708290348729e-01,9.432958449363143538e-01,4.917535970290586311e-01,9.388018166120122299e-01,5.444823600729111757e-01,7.398977156618902207e-01,9.578458708020912704e-01,6.013243938698946689e-01,0.000000000000000000e+00,8.547477267299918857e-01,6.204371726943517240e-01,7.078129342677377256e-01,4.053561311266112854e-01,6.016234091994984157e-01,7.124507531530088755e-01,4.186820434261289137e-01,8.770307229516784986e-01,6.357583244727363914e-01,7.899032018028812052e-01,8.593845016980243834e-01,-7.432755678335822846e-02,5.818768866845566157e-01,4.715665246568383484e-01,6.735108345153780762e-01,2.462398253342334142e-01,7.962854561337873172e-01,4.219101891344085309e-01,4.552177032442340510e-01,5.999529026382350860e-01,7.871825215053218638e-01,9.371173503540343175e-01,2.747641452680154028e-01,2.880986261923401681e-01,6.556210176150660818e-01,5.702076319079817379e-01,5.078119105356120322e-01,4.320141128821686771e-01,6.445218509864338863e-01,8.133571296647924553e-01,1.746672235997857592e-01,5.362586308747167019e-01,7.135014341575479646e-01,6.002397056250857732e-01,5.643934057888021494e-01,7.737515451851989523e-01,7.757434282459149122e-01,6.248831951529123518e-01,9.685744151158695026e-01,8.524649057292063015e-01,7.708160196322217939e-01,7.885049590787459595e-01,6.516207413054265762e-01,6.532038130766344430e-01,7.242786216859455894e-01,3.106880037508319981e-01,4.226820989944786167e-01,1.206803955911072840e-01,9.283149950466133005e-01,7.951909341201635062e-01,8.631276116076970206e-01,8.721586526328097833e-01,6.688209519488732546e-01,4.215847479653235252e-01,5.885615221727429347e-01,5.785288969619184485e-01,2.355302450172227502e-01,9.582252049284361028e-01,7.844922252496943083e-01,3.012439678628133777e-01,4.415930312677326386e-01,4.774392149608799873e-01,6.448462127542564648e-01,8.309502699281390292e-01,9.862754240450595233e-01,4.889092160802255282e-01,2.800505004769830997e-01,5.190485866618523847e-01,4.654793251345855642e-01,5.286310853518217945e-01,4.394752147221617777e-01,7.150707209356186311e-01
7.024929997628562850e-01,8.373421921359516240e-01,4.972875014735921306e-01,1.295148983066036208e-01,1.668377044182745017e-02,7.325020959065980941e-01,6.534768615096018252e-01,7.706329249389034519e-01,8.402926244931517852e-01,9.131942709762865817e-01,7.761353783918346627e-01,4.051641675875656268e-01,8.547477267299918857e-01,0.000000000000000000e+00,7.461179665741342060e-01,5.300366243165116620e-01,2.041824995605732440e-01,7.036934710292714890e-01,7.166925706255612427e-01,6.408625075515752556e-01,6.515130518101064361e-01,6.409971676400734175e-01,6.882951187255442749e-01,6.928327539741304664e-01,3.898388988039024339e-01,4.607804055285862344e-01,9.780437363343941204e-01,6.084584337886411731e-01,2.422997809583777307e-01,6.173176892471788912e-01,1.237525523327252935e-01,3.450567125807036395e-01,6.506011582378494751e-01,3.101931441986544580e-01,8.944405866439739672e-01,3.403317436308562760e-01,4.983853935128407242e-01,4.918598093515627601e-02,9.751814136515236653e-01,6.434154798438596057e-01,6.983380918114769909e-01,8.108939370940938529e-01,6.999878238657123442e-01,1.074134191615803702e-01,5.979355317698631378e-01,7.365752271985608335e-01,7.251486110282974185e-01,6.889865848161850215e-01,9.646329671709894527e-01,4.778129896534773491e-01,7.533808378633033431e-01,2.630554427041426058e-01,6.419984313429889511e-01,9.176747961641695817e-01,7.978393335477961257e-01,8.308207126328294168e-01,3.112878337001188100e-01,3.639337134826484133e-01,7.244521504755263575e-01,6.427077305812847197e-01,4.320469636071138653e-01,7.149769861604339249e-01,2.393532258567606652e-01,8.647627803009995118e-01,9.449056005192963958e-01,7.175795521350848416e-01,8.062518874215802711e-01,8.112762361805211375e-01,3.330119526152907072e-01,6.984495735062354882e-01,6.045751970649531071e-01,8.177782435181487619e-01,2.382874021186850988e-01,4.868434031739680701e-01,7.905832890028638982e-01,4.160909638865957216e-01,9.315408316658463361e-01,5.004166150193486429e-01,3.869040411551696312e-01,2.043968604040641845e-01,2.348921457964506521e-01,7.469238693183853917e-01,8.027970826386952030e-01,3.990255401795494983e-02,7.676243490073905162e-01
4.684021104136379399e-01,6.822635510114019031e-01,9.253515423277866025e-01,8.212955141046680563e-01,5.400325870523761118e-01,4.201400339949318274e-01,7.159117989555620065e-01,6.186264093272336728e-01,6.778777588849300706e-01,5.176786099138455111e-01,8.336374442740592805e-01,4.082054560216133998e-01,6.204371726943517240e-01,7.461179665741342060e-01,0.000000000000000000e+00,5.998286962779632026e-01,5.697543853850693951e-01,1.514461849671008553e-01,7.805130891040166219e-01,2.542733614628819860e-01,5.591184034950540394e-01,2.684489668871056778e-01,4.483383336815364162e-01,5.105716778891391527e-01,4.540530160634140278e-01,8.428453652957351716e-01,6.048915670907875075e-01,5.602144621952560577e-01,5.896589904280907790e-01,5.819525955903167569e-01,1.569718568200176301e-01,5.870996156069223648e-01,5.849108187887864796e-01,4.756425721016821484e-01,2.950313871009728195e-01,4.604188823755916982e-01,3.092803040175727269e-01,5.685697915975143069e-01,6.565842474816567798e-01,4.606376043240453244e-01,3.134747810928609768e-01,6.946722648116019361e-01,9.519902979847959523e-01,3.226708199306163594e-01,3.074182987357447217e-01,7.032369067686909947e-01,5.369168347138950637e-01,5.893224337649003441e-01,4.285412455231255024e-02,4.568550440197416407e-02,5.227799333973581764e-01,7.164962081283727802e-01,8.457599493207986763e-01,4.747739318333396019e-01,2.854052860564139094e-01,9.019890255692840642e-01,7.723507154870302704e-01,9.216721148091742144e-01,4.058287715986774180e-01,7.483030218032636904e-01,4.819895253484787201e-01,2.589447784381096462e-01,4.728257332507158628e-01,9.948933965168620386e-01,4.599359415405882001e-01,7.548456715892463142e-01,5.975305187937202112e-01,4.338933643739062429e-01,7.274428056606105919e-01,4.322996691160218008e-01,4.649763531141348771e-01,5.381335137356334508e-01,4.964234561189825867e-01,5.503940950018313405e-01,3.698164721133112565e-01,6.937712335179374579e-01,8.840627101689343403e-01,9.890336724684294367e-01,3.576280553055196654e-01,7.975333778956125164e-01,4.438649578303323073e-01,4.277775174079340714e-01,6.195064328681748611e-01,4.609367696557685745e-01,5.857708739631051209e-01
4.316989797850779853e-01,7.438394008558123494e-01,8.089871151812627614e-01,2.312639732064728504e-01,-1.942472776864999640e-01,4.405549908839674345e-01,6.039070601340356115e-01,2.108190177289540057e-01,6.969026684071335520e-01,5.960281521491466172e-01,8.061700034584886598e-01,4.219943484396403988e-01,7.078129342677377256e-01,5.300366243165116620e-01,5.998286962779632026e-01,0.000000000000000000e+00,3.753300242346689908e-01,9.602264239561946191e-01,6.324383814536134185e-01,7.782925869150132403e-01,9.105300594402826464e-01,9.799161936371598713e-01,5.207436569720336195e-01,3.189931620796402495e-02,7.491720200085474346e-01,1.584243746125029231e-02,7.410838303171254360e-01,5.994178511794525654e-01,-1.184954298936608114e-01,7.659309838901473544e-02,7.193309195446759841e-01,6.223716897944077120e-01,5.200620377069961053e-01,4.322272175558188323e-01,7.947756436227346732e-01,3.824787199940902355e-02,4.709592965642381279e-01,5.312809392648892848e-01,9.785475670845217300e-01,4.407857149587200984e-01,4.199584234227398127e-01,6.820310077700053597e-01,2.193578826560268202e-01,6.834365588811880388e-01,4.867476556684113831e-01,4.445059486221141776e-01,4.583793485661081801e-01,3.103372050902694634e-01,4.684652540421387901e-01,4.552784348168248396e-01,7.928002905625026742e-01,2.076608279280271474e-01,9.665120631796416673e-01,4.064196604352140474e-01,1.612484723440928691e-01,5.290846226155512255e-01,4.653819750230550056e-01,-3.907637797254062129e-01,4.151721498839918700e-01,4.360823122610340552e-01,7.808802222400228477e-01,6.445849895711981414e-01,9.653495282691599844e-01,5.833045207223610529e-01,6.631775506438027934e-01,2.022423252032942709e-01,6.686187835724991535e-01,8.211664593719565364e-01,3.837288963469436265e-01,4.406678319959223544e-01,9.997900450786183502e-01,3.997749861658582704e-01,6.359109501295893141e-01,2.100965481490785769e-01,3.069104223939861376e-01,-1.679588611669891041e-02,6.538381185984581956e-01,2.828601326577325770e-01,6.578711144368113439e-01,1.552386066372044571e-01,1.866383350821747278e-01,9.007833131055208442e-01,4.754811695155340412e-01,6.941345050037693587e-02,-5.413110085272199168e-01
5.762173928286726809e-01,7.176191425208887642e-01,9.421340380544457327e-01,9.722950426496247411e-01,7.620893380115660865e-01,9.029598645465536366e-01,3.902707703718615861e-01,8.362729891717427533e-01,6.088490245386007915e-01,6.538454468995438251e-01,7.593661349293470142e-01,8.562471711699767285e-01,4.053561311266112854e-01,2.041824995605732440e-01,5.697543853850693951e-01,3.753300242346689908e-01,0.000000000000000000e+00,7.737457482993577440e-02,8.430556976884897580e-01,3.011071537248742880e-01,7.898769139149490748e-01,9.045349875487855851e-01,6.775082142376707139e-01,9.461455444630932909e-01,5.304910150757909948e-01,8.419062571089344083e-01,9.655793439902281561e-01,8.363337974176515699e-01,2.008636401805409533e-01,2.721383948266558606e-01,2.445104304747117430e-01,2.170412846619321490e-01,6.987576960559924721e-01,7.735469976397019165e-01,8.165284696859883562e-01,5.701186959882454941e-01,2.070857732012555408e-01,7.473082526354047905e-01,8.976442773503174877e-01,7.931693909414536670e-01,6.944424454656452639e-01,6.472495906819304423e-01,4.328846767578428123e-01,6.817072980498682933e-01,6.180612266286644729e-01,6.610939916369473757e-01,8.626688417047104762e-01,3.048249950507534445e-01,2.749278596841208677e-01,5.395176110240310630e-01,5.075932115973914582e-01,7.429938823801026659e-01,5.324988436990351071e-01,1.599303669111118986e-01,5.223522521985211053e-01,4.074548387367089575e-01,6.420959217419085485e-01,5.695915816482517435e-01,4.363873826453367188e-01,5.536797852652710628e-01,5.525418896112662681e-01,7.435449934497208035e-01,9.496932149944666834e-01,5.256084384447882174e-01,9.982227047184620838e-01,9.525360227731400897e-01,7.604390115923778115e-01,9.221291733611564068e-01,4.326593655297540364e-01,9.156328241293719694e-01,6.901423120807019806e-01,8.637387941429974791e-01,1.996598538013252475e-02,5.147577164578476250e-02,9.540882003310066084e-01,2.245043894214308611e-01,6.532039785053898040e-01,6.053882016642831987e-01,7.159892596639058082e-01,1.548877169181918367e-01,5.839059790157290486e-01,9.775039299310769314e-01,4.461531270359078150e-01,5.201953402404005944e-01,5.063227407621710974e-01
6.772427825113782607e-01,4.601531599104929371e-01,8.193319882589578107e-01,5.094912333321167663e-01,6.904972348463892518e-01,5.714651436945470397e-01,9.516161611458298086e-01,3.220169774187725542e-01,3.129785353078848309e-01,5.455559066744678498e-01,5.407645493671014991e-01,5.068615507572987733e-01,6.016234091994984157e-01,7.036934710292714890e-01,1.514461849671008553e-01,9.602264239561946191e-01,7.737457482993577440e-02,0.000000000000000000e+00,5.356594056851302632e-01,4.708852338311518837e-01,8.764409648240576445e-01,5.116807927012140267e-01,7.340138313139640269e-01,7.182344741272114197e-01,8.331834561693740593e-01,3.470698642689446500e-01,7.235850014457453350e-01,4.002784069718235971e-01,3.470581461953730074e-01,3.102221378362075566e-01,3.664612169051675306e-01,5.967449291821794732e-01,8.592193574448009352e-01,6.779923181083022943e-01,4.567103479767640750e-01,7.701079152110426596e-02,3.652458032348063766e-01,6.404721147385402658e-01,8.498593678964179166e-01,6.470889432094335536e-01,3.604370649186589004e-01,5.342764235411538998e-01,9.066517491594621170e-01,9.403707728664377763e-01,9.892401225546603172e-01,7.771539611497031430e-01,7.250533566881280922e-01,7.895003892471047502e-01,6.120348283453672655e-01,5.077138542407023669e-01,2.568943553135663027e-01,4.872745187006162770e-01,9.951490897801291702e-01,6.226382346582761684e-01,5.964590982432949051e-01,3.789103839701998822e-01,5.999680833878009434e-01,6.148835622360074860e-01,8.780500611960052604e-01,1.391152792638602198e-01,7.514933502798235576e-01,5.305741985903298374e-01,6.550545301630573691e-01,7.000627434313184683e-01,7.097558591038151121e-01,2.896931367356794795e-01,7.112329119068122596e-01,7.936979535498931426e-01,6.616810331948685953e-01,4.156282758105820929e-01,6.298147409346482872e-01,6.846628724947312339e-01,3.574003251735065056e-01,2.520071366754575437e-01,6.802127364170584833e-01,5.626781173790404988e-01,6.148849394705817595e-01,2.187882972935117076e-01,-1.936748765644245029e-01,5.614763881638482612e-01,2.555505036518687101e-01,7.460789903514212229e-01,7.873865201112184575e-01,2.269332095152561124e-01,6.849701378330316226e-01
