0.000000000000000000e+00,7.177591956796098849e-01,6.574980631158230393e-01,9.991017078961537123e-01,4.947882156447478419e-01,5.368369899969790415e-01,9.995829239356892604e-01,8.534113128633058487e-01,9.216967698735369918e-01,4.518620208960648088e-01,9.654740266634119772e-01,4.829634155975717213e-01,3.343401606139765336e-01,7.054228046926108719e-01,6.976329422691757154e-01,8.621026342922152308e-01,9.172331806944781230e-01,9.648802131052144349e-01,4.603045131683133340e-01,6.728372543204526046e-01,8.139401238328944910e-01,7.666013357170543552e-01,7.828443582426704017e-01,9.829386505049418910e-01,6.217866513276795182e-01,3.437333328637207641e-01,4.414558875616790279e-01,5.736083958215936196e-01,8.565374752118551926e-01,5.135509976604787363e-01,4.719450431245895139e-01,8.096266959202151892e-01,8.534659043069863227e-01,1.515407870162245596e-01,7.339519524094917369e-01,-3.784261214368342396e-01,1.908554951099972752e-01,9.463520892804269113e-01,4.612557848280423589e-01,6.493308409338262033e-01,8.904613557324934092e-01,8.480514271734690412e-01,9.356009024681350983e-01,5.193562208725071017e-01,6.595399678486322248e-01,6.094533227346270454e-01,7.649718526471931401e-01,3.287162461742119124e-01,9.525424618014021183e-01,6.413490007818642979e-01,6.993673096067634098e-01,7.567444485727862213e-01,8.590373352353313230e-01,8.063225288954873893e-01,7.249601838367949469e-01,7.140456825535066443e-01,5.590328742953282193e-01,8.063369909131004043e-01,7.381439428318375962e-01,5.066728222278260585e-01,4.490608492813177310e-01,7.318445921521991027e-01,7.814962043990634211e-01,4.948967102662485962e-01,5.704482712538190281e-01,5.749295645196897953e-01,9.564293717000807993e-01,9.672063628868249330e-01,3.430609684311075047e-01,3.631799249049413314e-01,2.739395982440759325e-01,7.155852705826609705e-01,4.860787287127224521e-01,4.495996601220806910e-01,7.030935864416713033e-01,6.578950207355113156e-01,6.705283144948008811e-01,2.988031254383337054e-01,1.516070420624573457e-02,4.983918809613004930e-01,8.104410934615419171e-01,2.433284986928508642e-01,4.704608764563962819e-01,4.595137853770761005e-01,8.259819621637299880e-01
7.177591956796098849e-01,0.000000000000000000e+00,6.306926963788133111e-01,2.595650913983855723e-01,7.651875227653058831e-01,8.391755130887306180e-01,8.858753847280866900e-01,7.593428242557693775e-01,4.005507504084240278e-01,4.014668803190477586e-01,5.525550762810641503e-01,9.385611956410535583e-01,5.383478775400618588e-01,8.468794057834798661e-01,5.068773140197333493e-01,7.749298785629690212e-01,2.904475444861139288e-01,9.774281968102926932e-01,3.866665083390701252e-01,1.205280352003141979e-02,6.339767301839852598e-01,3.976166955319054841e-01,9.295542477232409118e-01,3.409078725543801536e-01,6.800837884090917829e-01,9.509242362097323209e-01,4.579929515015755404e-01,6.336377598085864982e-01,2.453910177063490516e-01,4.661252170095472325e-01,4.771283270951702793e-01,3.571799954104289965e-01,4.156657848590161741e-01,7.705156158721386817e-01,4.214755668663240362e-01,3.004055232538954123e-01,2.777979090240182414e-01,5.948108932520793646e-01,7.053187559037273902e-01,6.305016246186055939e-01,5.356487155759847019e-01,8.605705467194286751e-01,7.580636346481254284e-01,-6.529086281410428905e-02,3.727798547397209172e-01,8.757386309902485122e-01,5.490097914798348633e-01,2.741653242988542627e-01,4.721679189778174579e-01,5.040349546627882482e-01,4.140826105804891744e-01,9.806575579739340576e-01,3.073660456444566869e-01,7.595035217244641146e-01,7.333226603522546849e-01,7.931662324092249028e-01,7.727855752989124527e-01,4.852803336726461136e-01,9.087993096961549666e-01,4.642260914094935575e-01,6.623438645152948112e-01,2.314609028864143131e-02,9.381252054559080511e-01,7.186991346797128033e-01,7.785702652856090200e-01,7.955372272500267350e-01,5.881400730696138002e-01,4.059437304651760114e-01,3.419769822068157578e-02,7.747213712850963274e-01,7.825763324842948121e-01,6.097923304284975643e-01,5.559834598903894420e-01,7.819391815359812981e-01,9.472629997309010008e-01,2.254123037485346315e-01,6.723641927524730555e-01,4.796742982128093247e-01,4.789811230923562424e-01,7.379112490506516409e-01,6.840765000291961773e-01,5.608186849093312887e-01,6.229759660050301351e-01,2.652477310759731033e-01,1.931176874767704943e-01
6.574980631158230393e-01,6.306926963788133111e-01,0.000000000000000000e+00,5.426727052124189488e-01,9.319286230535044346e-01,5.107498645207873000e-01,8.091188724653753939e-01,6.752297485313798475e-01,9.559221006788795050e-01,8.277013968438018399e-01,4.685922920069482411e-01,3.240976813946688795e-01,7.646749322250470104e-01,7.331427799179096594e-01,8.272856288980318107e-01,2.529419305701325893e-01,8.768021479405729846e-01,5.780964922359035363e-01,3.326064083778537128e-01,8.360190270509840760e-01,8.326639526559076465e-01,7.726581408383333960e-01,6.930460633370212342e-01,4.883547252095710722e-01,4.946396242762223228e-01,7.511277888604412922e-01,6.535080167061292356e-01,8.112169560106465838e-01,2.919293395916476852e-01,7.333785604240282696e-01,4.625286155183101489e-01,8.672286878081628680e-01,7.688985861128736499e-01,6.189915634089299123e-01,7.481670056596132490e-01,5.736658795338196448e-01,3.303718963560752231e-01,4.880752870849889291e-01,3.543392841244648039e-01,8.916991896429924402e-01,5.743170567323756526e-01,6.192936305063648783e-01,5.837513832721910045e-01,8.288261240388106188e-01,7.582476092993750694e-01,9.294958699198714314e-01,8.943486578444378443e-01,9.980213102027331029e-01,7.265898924131126702e-01,9.016256791488205247e-01,9.561897838485216017e-01,7.077908107401247317e-01,6.648774066517032511e-01,2.924915051463824467e-01,6.525416136316014581e-01,9.053293471353088262e-02,6.884416565864380777e-01,7.661793911188607975e-01,9.375250864364154113e-01,4.070014166777857212e-01,5.377919681370091354e-01,7.710147763841925794e-01,9.338821474192660066e-01,6.807900527038698302e-01,9.635579571127451670e-01,9.235666072001099680e-01,7.137821420970266173e-01,7.064212261078995914e-01,9.617813185937309495e-01,2.212266925453178212e-01,8.349585477819929658e-01,1.933949636843118602e-01,-1.886767122145900644e-01,2.788495691580117897e-01,7.876447214032400446e-01,9.053102549667421117e-01,9.472313232174148778e-01,6.540707955380181682e-01,6.900702656867108153e-02,1.099410565079404489e-01,7.914524469221716485e-01,4.734243305589577178e-01,8.939681284956439988e-01,8.781527425002095821e-01,3.854323060909711218e-01
9.991017078961537123e-01,2.595650913983855723e-01,5.426727052124189488e-01,0.000000000000000000e+00,6.874862936787902168e-01,7.499992190462858588e-01,2.468742438560472541e-01,7.959135271006869683e-01,6.782699494708349652e-01,7.959871857053730793e-01,5.619910553717868407e-01,9.229387454079169828e-01,9.703688211530850927e-01,9.679604195680686640e-01,1.019618527472641589e-01,6.286284794020694511e-01,5.211231595865316590e-01,6.159051116998038866e-01,6.264774334048220927e-01,3.142204068199825340e-01,6.646518254153688243e-01,5.521325650109987215e-01,8.798631476246940863e-01,5.478765308471719164e-01,6.019724016484563345e-01,5.316526905771633560e-01,4.855954497349767029e-01,8.688956667182502480e-01,5.932624684458800424e-01,7.421977049897643397e-01,-1.460327299930883616e-01,6.805889240227293024e-01,7.078760639139081157e-01,5.879888498943262043e-01,8.591252015321462210e-01,8.791981587765876349e-02,5.227160486123514360e-01,7.291816775870632039e-01,6.335621497193322238e-01,9.643540904772802680e-01,-8.615771283780419842e-02,6.200601513107910634e-01,8.996995458932965928e-01,5.927819305512815884e-01,6.789936251118049437e-01,8.727185110899411402e-01,4.704327665916056556e-01,9.377514167303748760e-01,6.052185576273797496e-01,7.598943235818433894e-01,2.821329834229894806e-01,9.702994403091569353e-01,8.278205177955129113e-01,9.226212870657254372e-01,8.192222819761696417e-01,8.683708024780157908e-01,6.139369386038234788e-01,6.474481611778213352e-01,8.637046449576499807e-01,5.626218857269972284e-01,3.429591683649547695e-01,9.246593356973950018e-01,8.047595187733438404e-01,9.134104540205274514e-01,4.315710552413912771e-01,6.212306042612536494e-01,4.217916931962436000e-01,7.587761701731239317e-01,4.241406051703690006e-01,4.361648808343581152e-01,9.188469131439758186e-01,5.336190627496576466e-01,5.433469763396915342e-01,2.214187492139478297e-01,7.707770244312365238e-01,9.869701731850524240e-01,7.022311578015749678e-01,2.147797649156436006e-01,7.317099785661208555e-01,3.046394342581665304e-01,7.868639351143020821e-01,3.455545731948055782e-02,4.451336759270264065e-01,1.796865811832695434e-02,6.528836854281914182e-01
4.947882156447478419e-01,7.651875227653058831e-01,9.319286230535044346e-01,6.874862936787902168e-01,0.000000000000000000e+00,9.275745374356580975e-01,3.780523276467845362e-01,3.683676299733446013e-01,3.228555589689420802e-01,7.073408241760495985e-01,2.643439587601740803e-01,7.348556015446655598e-01,6.186087969383559093e-01,7.700063554523417508e-01,9.059003372154387224e-01,4.299017306891816936e-01,4.890651873909893643e-01,4.963627678668518506e-01,3.356258283321799096e-01,1.005282346140473210e-01,7.520468567400407922e-01,6.799865214255651491e-01,5.280871771919362079e-01,5.045124095435182809e-01,2.505090717410884404e-01,6.020389084989162809e-01,6.450076761458853891e-01,4.335234791935060339e-01,4.552787361103297625e-01,2.543664305270421644e-01,4.695727076120083110e-01,5.533449148546546459e-01,7.653012507436971479e-01,4.138089774136900489e-01,5.035396963124936232e-01,7.178473528449776930e-01,1.646392271385084261e-01,4.397920801979320893e-01,8.076007185082303419e-01,1.172332995661255484e-01,5.299474176994927177e-01,5.790183234180759086e-01,6.258930729635584500e-01,8.894617603379735282e-01,2.935719104547677150e-01,5.004614836249031695e-01,6.343013380690674108e-01,4.449695367671734902e-01,3.344279360687721359e-01,9.962284998316324469e-02,1.041387358060097412e-02,6.185039708930385460e-01,2.170826898234943514e-01,9.156436794690654413e-01,7.346566987629883361e-01,6.051380205542082891e-01,4.005241568085905479e-01,9.024139524203739215e-01,9.123800440548249790e-01,2.887058133014294148e-01,6.477672564051319970e-01,4.073961979843168657e-01,5.907007080126864818e-01,7.781379670656179970e-01,5.859567404297882920e-01,5.365757368255922310e-01,6.587159711491943348e-01,8.481845598829442778e-01,2.304766294187703402e-01,9.541194175963072510e-01,8.767898967388140230e-01,7.799351121317690261e-01,7.243746620831541527e-01,5.140031355051316586e-01,2.661974812896583109e-01,9.260067033615357879e-01,6.161120184040171921e-01,2.446875357048129140e-01,4.682060626751738397e-01,-1.234963968250230165e-01,7.653095637193447764e-01,6.774002537162598925e-01,7.936822768836866715e-02,2.988166946698778137e-01,7.886603835545304975e-01
5.368369899969790415e-01,8.391755130887306180e-01,5.107498645207873000e-01,7.499992190462858588e-01,9.275745374356580975e-01,0.000000000000000000e+00,2.158997460730860962e-01,2.044770394340817143e-01,9.803427355330375237e-01,6.887269436766917385e-01,6.037655821828927794e-01,5.493741747384973673e-01,6.246986837463096576e-01,8.541802182229309981e-01,2.642380054334357298e-01,8.214883174336654603e-01,4.274601457464125565e-01,1.405861784352011312e-01,4.626434601634338284e-01,8.912161799790947470e-01,6.990435609232844572e-01,2.527918049497754893e-01,2.691560734092409701e-01,6.411827796982815242e-01,5.543145481022861976e-01,3.819311043740298839e-01,9.832098007566137943e-01,3.582008389037790730e-01,5.471633606909930281e-01,4.987859540828974425e-01,3.513912355252679642e-01,2.237882629492076170e-01,4.344682847150614924e-01,9.741081797093487094e-01,3.700365422457579934e-01,5.410212443821585948e-01,3.062332395936614993e-01,2.487518374562158463e-01,9.976679184051486793e-01,7.334630565234870891e-01,7.756346704152194960e-02,3.202886143369352290e-01,7.775730668372782262e-01,7.659479747017025053e-01,4.408645163765009811e-01,6.180961524816462882e-01,7.817218874616526092e-01,4.952349911817679473e-01,7.694663690309364590e-01,4.552560456151693025e-01,5.059551020181960457e-01,6.972631850501963546e-01,2.188937184622818943e-01,4.576211970616574920e-01,8.487296069150374045e-01,7.644867504878055664e-01,7.926452925164919616e-01,6.927499557145148090e-01,4.029567926122793464e-01,5.791406296049275704e-02,4.606625925199314686e-01,7.587029729695303759e-01,7.586893630684036216e-01,3.206525367006335947e-01,8.385079187871152806e-01,6.036309925265739285e-01,6.185188265390684226e-01,6.038547910149461018e-01,1.153527179980151640e-01,7.694409739605709841e-01,6.390951843481953443e-01,7.229973982844910552e-01,4.464634101512781617e-01,2.011086275222971342e-01,9.798216616182398031e-02,5.795985712068694173e-01,6.423361140775414313e-01,6.403368175748715974e-01,5.847731408275296250e-01,2.026260211019770829e-01,6.900700596170746826e-01,4.750470015925150058e-01,6.470552390580502911e-01,2.548204558563472721e-01,6.918147358939404912e-01
9.995829239356892604e-01,8.858753847280866900e-01,8.091188724653753939e-01,2.468742438560472541e-01,3.780523276467845362e-01,2.158997460730860962e-01,0.000000000000000000e+00,5.273875204425428898e-01,6.095601848839645731e-01,5.498106027974433152e-01,4.342482296814803022e-01,3.269876562122400188e-01,2.670997284162382468e-01,4.061459748817690674e-01,2.561266239539696232e-01,3.909776420664307639e-01,6.461311239770664017e-01,2.519317803472028161e-01,9.114051675114375195e-01,6.123082853635745115e-01,6.841422906760149525e-01,6.272183048211634748e-01,4.588798086873814852e-01,7.430972665458421833e-01,5.208708069167988786e-01,1.692021860154669932e-01,2.402614776611602943e-01,5.630666588981751985e-01,4.860629625900914630e-01,3.432586599064527677e-01,1.006089123901832139e-01,9.586287245300252335e-01,2.527924617508363614e-01,5.078117693271924082e-01,3.769520151482526060e-01,6.326611743940770971e-01,1.117076939097029487e-01,2.020092733389589335e-01,6.966689018443678050e-01,7.820444154083980859e-01,7.020950323475578791e-01,3.885314057941177124e-01,9.132658689553301290e-01,7.566785911245429430e-01,4.784495905782705227e-01,6.255284841391853812e-01,3.600842397577873610e-01,2.829700707128042225e-01,6.252263056446408784e-01,8.124123811365216996e-01,5.979565121258900717e-01,4.068637103304333369e-01,5.709895776498249420e-01,6.822131920857615883e-01,7.802168725907216995e-01,7.438259779705520547e-01,3.705262420635149212e-01,2.338169840459668192e-01,8.584176413093653757e-01,1.129568771223983942e-01,4.038180937025676043e-01,3.063817626154288418e-02,6.138489840894354455e-01,3.230733773159563116e-01,2.002755855338733959e-01,5.565372185085937229e-01,3.096153176159647247e-01,6.592076231171141165e-01,6.492126367923491959e-01,6.388629730504943316e-01,5.451005855623097807e-01,9.276985881652117794e-01,6.157024958597440145e-01,5.175256795219738137e-01,3.730103365076041788e-01,5.621844241405994369e-01,4.829216326354937028e-01,4.957471884968901454e-01,1.660738844459845945e-02,1.860577720691489745e-01,5.646189785592622412e-01,6.297515107877781348e-01,1.366798475132673107e-01,5.937719435363408849e-01,4.423141030139913776e-01
8.534113128633058487e-01,7.593428242557693775e-01,6.752297485313798475e-01,7.959135271006869683e-01,3.683676299733446013e-01,2.044770394340817143e-01,5.273875204425428898e-01,0.000000000000000000e+00,5.797556921398706598e-01,3.124398722288542762e-01,7.860165761380522031e-01,4.548097816701753282e-01,5.007808529779184115e-01,9.516360143384612336e-01,4.515630302726568734e-01,3.290416249654405378e-01,3.242068372268382404e-01,7.878648992635207682e-01,3.617275146407148423e-01,4.745220527670795940e-01,7.088598158309724617e-01,3.847585421884235912e-01,4.371376139487918588e-01,5.747370668532277849e-01,4.639560874775146004e-01,4.189347064026303635e-01,6.602960795160075502e-01,7.241048401159504433e-01,4.682885776197120986e-01,4.072631773314804859e-01,4.357648323343255581e-01,-3.174536316010170278e-01,4.753361335925636033e-01,5.792297620144597481e-01,5.151551844610841036e-01,-7.356822079955208094e-02,-3.598182863478649463e-02,3.332676565163092963e-01,4.873712543094889105e-01,3.489197006824081293e-01,5.573509097193088957e-01,6.533849802958158204e-01,3.057735305007824311e-01,3.288106179000410134e-01,4.986938768619791906e-01,4.570451996577896137e-01,3.203432119691382307e-01,6.634800020050042324e-01,4.002431441753122598e-01,7.024409157303657114e-01,6.074502664376807415e-01,4.895795923482061940e-01,3.112317808853081180e-01,2.090807982973811041e-01,6.128234006219472896e-01,9.426343139732357157e-01,6.129064949315965460e-01,2.887838375824203774e-01,5.286843950052106944e-01,5.465129453865157361e-01,4.389234243379344091e-01,7.060538622616419069e-01,5.523834581679712974e-01,6.818354453010151417e-01,8.686023861562072179e-01,6.901855986606776350e-01,7.646539588731972037e-01,4.779256945254887756e-01,6.745929149511296075e-01,4.957361337333354712e-01,3.001275316615786837e-01,6.214959482900396237e-01,7.117632848597775508e-02,5.798485930350998352e-01,4.809460289511673925e-01,5.980900869617108428e-01,5.330052436788663695e-01,9.326309296626030809e-01,5.794776683816259544e-01,-4.113694107772980502e-02,6.679030469810682824e-01,6.493235996819217704e-01,8.535105635048159112e-01,3.420655976024493672e-01,4.182839882396480746e-01
9.216967698735369918e-01,4.005507504084240278e-01,9.559221006788795050e-01,6.782699494708349652e-01,3.228555589689420802e-01,9.803427355330375237e-01,6.095601848839645731e-01,5.797556921398706598e-01,0.000000000000000000e+00,4.663097945138027223e-01,7.627787837303301455e-01,3.888234877157847880e-01,3.155194557335843641e-01,6.897971869020099733e-01,3.461461549040568131e-01,5.187815183734104663e-01,9.674650542467356784e-01,4.617639496896006057e-01,4.595484705470647135e-01,9.470973971922433954e-01,9.136395946572485327e-01,5.286205097064304859e-01,2.523103655678491930e-01,7.436888334449339721e-01,2.701329181277870028e-01,5.939496893654332421e-01,9.294377611121246163e-01,4.798517501172344657e-01,4.004512699160024392e-01,5.963550907225085851e-01,4.989851776284031509e-02,5.447372330668529550e-01,6.546519728852289166e-01,9.110475482663326074e-01,4.193263833487377301e-01,3.557868283586173574e-01,3.552617693355415440e-01,5.282811727461540485e-01,6.476097076039744049e-01,2.917646402968052666e-01,4.156917836957205181e-01,4.313147093134931387e-01,8.829170677193989292e-01,7.907856098960236446e-01,8.455791996697293866e-01,1.261766209507985681e-01,1.427303451910585663e-01,2.156633656069889826e-01,8.169593991716239678e-01,3.565844627579560777e-01,8.115880056831055178e-01,2.062731756721562781e-01,6.622192666944414219e-01,4.317618184180454510e-01,5.868600668571097856e-01,8.979045886506472618e-01,6.416423122822750846e-01,4.374412390636905901e-01,4.004133423098144573e-01,1.274455178389514165e-01,-1.653331172349820632e-01,5.890062743813514468e-01,3.133408789993553656e-01,7.406021032541837412e-01,9.344085098665039224e-01,2.758839784982349830e-01,3.400678978916433781e-01,9.707455709816568135e-01,2.452977144460936620e-01,5.713098376941451173e-01,6.891105766815025513e-01,7.048077201142325388e-01,6.056619039859566511e-01,1.891856915841305707e-03,3.076738320460658538e-01,5.879903430015027688e-01,4.179389540914398293e-01,7.013033271412132397e-01,9.981143930444154322e-02,6.894529007768079865e-01,2.317775443177081673e-01,6.179960789634333373e-01,7.016754416051860233e-01,2.652944771097786036e-01,7.831106883712479760e-01
4.518620208960648088e-01,4.014668803190477586e-01,8.277013968438018399e-01,7.959871857053730793e-01,7.073408241760495985e-01,6.887269436766917385e-01,5.498106027974433152e-01,3.124398722288542762e-01,4.663097945138027223e-01,0.000000000000000000e+00,6.403202826673624060e-01,6.671979999428836461e-01,7.885977288343792857e-01,7.306616878259141190e-01,6.545350864792300882e-01,8.479786714554167215e-01,7.360376213889446850e-01,4.694029486498968451e-01,7.936702888100334308e-01,6.524905097226668671e-01,8.738887558509923492e-01,2.588459646604561182e-01,7.735850295013675382e-01,5.246678365155371671e-01,4.022603137782705951e-01,6.851704248383898577e-01,6.347073204731344953e-01,6.656567145360741122e-01,7.500697387417600837e-01,-4.870720080383725281e-02,6.359685219909907983e-02,6.297422631705893448e-01,9.837288602660658743e-01,3.547129633753104416e-01,7.784162753896661791e-01,5.994658265372324601e-01,2.987948305078736988e-01,7.264462950942508490e-01,6.349974977604603277e-01,2.568966864144771600e-01,7.761233998511416488e-01,4.502691359107856006e-01,9.735479805429095856e-01,9.997272682792524012e-01,8.022593019798337499e-01,5.246337974652528491e-01,2.920490317658896440e-01,9.819239777394072055e-01,5.408817953777376175e-01,4.943332602233396211e-01,1.014634220453697194e-01,9.819449506714438280e-01,6.569054835023293570e-01,2.942135685267167622e-01,9.821787524522477275e-01,8.639142761681768423e-01,4.700245660619389310e-01,6.478129889949788556e-01,9.405606906736372341e-01,2.601327733865842484e-01,7.694926022459415149e-01,3.908452423377040130e-01,3.989688447772297142e-01,5.307243430714181365e-01,6.384439762994388312e-01,7.139419616872079155e-01,4.464373945717278747e-01,3.407852622916595631e-01,6.318570474014681970e-01,3.190424497384495850e-01,8.761806904587104983e-01,6.412548695949089606e-01,2.756483675604818329e-01,8.575928975533074483e-02,4.128645479582860323e-01,2.470292162893050203e-01,4.328321710767458752e-01,7.406744325745505675e-01,3.938647088681827002e-01,7.435115622006545355e-02,6.231932416982501888e-01,4.829085978540486046e-01,7.368793102375854609e-01,4.187064794847766280e-01,7.750180733152703949e-01
9.654740266634119772e-01,5.525550762810641503e-01,4.685922920069482411e-01,5.619910553717868407e-01,2.643439587601740803e-01,6.037655821828927794e-01,4.342482296814803022e-01,7.860165761380522031e-01,7.627787837303301455e-01,6.403202826673624060e-01,0.000000000000000000e+00,2.461933393166306772e-01,8.677857057593478807e-01,8.986295091034887106e-01,4.820932789232936777e-01,5.538511949042680405e-01,7.163939154454687097e-01,8.216059756138203163e-01,8.339826721889481709e-01,5.208025438355534664e-01,6.364768702726696370e-01,6.742012816868909741e-01,5.878131591500862507e-01,8.854770256228235992e-01,7.837103521529612538e-01,6.243620046858253669e-01,7.584345237091301151e-01,3.533567265596988527e-01,2.115511377819109806e-01,4.713224032088186299e-01,4.207523467637971359e-01,3.956291684169322975e-01,4.166862572204121373e-01,7.296103828729105789e-01,5.301543085792506105e-01,4.609755176939330235e-01,3.697139282934207571e-01,2.652462214568317433e-01,8.766185522189253732e-01,9.691867348208691446e-01,7.010700007484986784e-01,7.401006049943159582e-01,8.191418116982662756e-01,7.406503577070152611e-01,7.610456558666330862e-01,7.767608634993505845e-01,8.781522226107687512e-01,5.183779452390580023e-01,3.723839330129935510e-01,7.000244250752114539e-01,6.836158431472075803e-01,6.633985534632694803e-01,5.021267116943426423e-01,8.259118023031069011e-01,8.938358233487228022e-01,7.101339366005101628e-01,7.229145067675349923e-01,9.471857626026003452e-01,3.018089162235390588e-01,-1.023415028800109955e-01,4.966498549728518563e-01,5.889375998191893613e-01,7.633609439484834169e-01,7.158800713028540263e-01,4.071106699242725280e-01,5.425401358273135299e-01,5.541549425051053301e-01,8.765630916989655130e-01,5.986807263523079570e-01,8.262620209392246284e-01,6.193759444609843179e-01,3.297843484854020568e-01,3.678284511274419466e-01,5.145091327138412440e-01,3.097522623929119812e-01,7.687601278869762300e-01,5.889299573937107901e-01,6.826322091194195751e-01,4.681351422621678471e-01,2.395935027447397281e-01,4.063439702505644568e-01,4.310885107898824731e-01,6.025485215955743712e-01,7.210945847443825940e-01,4.235829131744708875e-01
4.829634155975717213e-01,9.385611956410535583e-01,3.240976813946688795e-01,9.229387454079169828e-01,7.348556015446655598e-01,5.493741747384973673e-01,3.269876562122400188e-01,4.548097816701753282e-01,3.888234877157847880e-01,6.671979999428836461e-01,2.461933393166306772e-01,0.000000000000000000e+00,4.892715139662763835e-01,6.383846770968568674e-01,1.413309508194861841e-01,4.084405295391973501e-01,7.007177220876004142e-01,8.275588742137560683e-01,7.547464934265285530e-01,7.536529401917718696e-01,8.054540333803372754e-01,8.297665803366241488e-02,7.749392842136169079e-01,4.983500724344215871e-01,6.405744509875003212e-01,7.770074061650802388e-01,7.363094145282604863e-01,5.436294794607559044e-01,2.506917985519894199e-01,5.245508491042093491e-01,1.885279842396705985e-01,7.793933632567179304e-02,9.019198708805578057e-01,5.972333475315405593e-01,4.986023217185017731e-01,7.436715432704283923e-01,2.226605914272070386e-01,7.864709229150630421e-01,7.889733610928395535e-01,3.320543701861609631e-01,3.138705391216048413e-01,6.799112761112481307e-01,7.739119579674073046e-01,1.385850246743578762e-01,7.458202600059977705e-01,6.129327895926220959e-01,6.630693309088049325e-01,6.444862729553757497e-01,5.077372430523544589e-01,4.900331373668179169e-01,5.517947174323735160e-01,5.846798802804761275e-01,7.073897291122498432e-01,7.367291955963841676e-01,4.552685769626282353e-01,7.739343378370325821e-01,6.343735883052268321e-01,9.906309517303778511e-01,6.409483176553680828e-01,3.847510779710949236e-01,6.933687398213968234e-02,7.177757455464435221e-01,3.948838100033367216e-01,9.638357658370402259e-01,8.908123780821063376e-01,2.800706711656035866e-02,7.611071894440680774e-01,9.595063663962090095e-01,1.086211903874465395e-01,4.075111300671864223e-01,5.907854242259056310e-01,6.472475737110103822e-01,5.149112051429011183e-01,2.171760770462052292e-01,2.708902022674125609e-01,8.004484527639043057e-01,7.977169659503557941e-01,7.295467155888313293e-01,2.371939336526451003e-01,6.870835571283290255e-01,9.489227929078688506e-01,6.030738507036808027e-01,7.981240615156903750e-01,3.254821802222326865e-01,6.180743849648459021e-01
3.343401606139765336e-01,5.383478775400618588e-01,7.646749322250470104e-01,9.703688211530850927e-01,6.186087969383559093e-01,6.246986837463096576e-01,2.670997284162382468e-01,5.007808529779184115e-01,3.155194557335843641e-01,7.885977288343792857e-01,8.677857057593478807e-01,4.892715139662763835e-01,0.000000000000000000e+00,7.624096936657088763e-01,7.870347963616591835e-01,4.014526445519371878e-01,7.851263667139299907e-01,7.353805564323965260e-01,9.033334918595337104e-01,2.366710808737732541e-01,6.685160960224845184e-01,6.355057899807201593e-01,6.805723851443591377e-01,4.977629451808019412e-01,7.779066848282488733e-01,3.458240114465411796e-01,6.157380438927386734e-01,3.117574991697701914e-01,3.820930493210663581e-01,7.270344091726115288e-01,4.192587945911424585e-01,1.358920567572341198e-01,4.032725392970458178e-01,6.941702145206316565e-01,5.170091494652032660e-01,4.674539503495171444e-01,4.492092261042734957e-01,4.169751480812146083e-01,6.453494618552020334e-01,9.759902078495281685e-01,2.037165466629161092e-01,8.629534717010993727e-01,8.040720509517246262e-01,4.748076341138436351e-01,5.264652171966470728e-01,5.640281740334011085e-01,3.494894919973357550e-01,5.552800434239231198e-01,4.446277884019677606e-01,7.905155044935479047e-01,7.000404408905183118e-01,5.751600123409188470e-01,9.516653387667778352e-01,4.825749864690146440e-01,5.987852127548953796e-01,8.818723911016216332e-01,2.018943113108446485e-01,5.518842331474658192e-01,7.756016560838238094e-01,5.797973866300737411e-01,1.154106337075074817e-01,4.730958983213761071e-01,1.268125032641082839e-01,5.792342702817195876e-01,8.076487176783428978e-01,7.424532560538736892e-01,7.246021292233156830e-01,7.438876091866726270e-01,6.990090396110556492e-01,2.379607224922465902e-01,7.123070032082364778e-01,8.990677737927660340e-02,3.257267671889400029e-01,3.118357203292873026e-01,4.467416616717235778e-01,7.720598559796920668e-01,9.119042014430975840e-01,5.059768301320414219e-01,2.927677387212926918e-01,-3.824429454653638372e-03,7.894008776908489899e-01,8.607633033629842334e-01,8.237546680759676443e-01,3.160675720451524562e-01,5.815474642563498442e-01
7.054228046926108719e-01,8.468794057834798661e-01,7.331427799179096594e-01,9.679604195680686640e-01,7.700063554523417508e-01,8.541802182229309981e-01,4.061459748817690674e-01,9.516360143384612336e-01,6.897971869020099733e-01,7.306616878259141190e-01,8.986295091034887106e-01,6.383846770968568674e-01,7.624096936657088763e-01,0.000000000000000000e+00,1.488801499578783771e-01,7.102369933793746259e-01,1.427512692479521450e-01,2.132530848899290565e-01,8.763509034954424237e-01,5.585148474046073286e-01,8.549211755684704706e-01,9.395945367474286547e-01,2.263163644886372616e-01,8.081401667570571323e-01,7.069688555161701693e-01,6.523450174108786914e-01,7.997445993867162706e-01,9.275337347399210675e-01,4.838187200701031809e-01,3.942541511517481112e-01,1.615564639193500795e-01,5.793299844268278154e-01,6.372981072546081149e-01,1.201087148948930122e-01,3.567638941320834256e-01,3.273442971615292407e-01,3.404507547097146425e-01,3.825693915451948146e-01,8.245890713243001491e-01,6.744434023565183400e-01,5.655829899570791186e-01,6.227972791754124993e-01,6.815602815866829145e-01,6.413244841694447640e-01,8.287773686750078417e-01,6.466652739308421660e-01,4.726226809520337468e-01,6.873723510674442094e-01,8.023488073641896756e-01,5.061192600847136402e-01,7.557131514659725102e-01,7.154287964202759031e-01,2.409880200153270147e-01,5.932729376517482667e-01,2.719726914932403261e-01,7.068958424104988536e-01,1.412015797991681698e-01,6.460815958777876844e-01,4.592293987216231055e-01,6.890458988059395828e-01,4.011157429862193813e-01,6.691997075999978062e-01,6.595369462160678709e-02,6.316121011678774710e-01,7.235282238225391183e-01,7.372474620421510805e-01,9.948145587670056411e-01,8.368449807215090352e-01,-1.881970093235350583e-01,7.247034872615072398e-01,9.279788735818560452e-01,3.438269810823226247e-01,5.221866569174470341e-01,5.901981303038531523e-01,4.487110122413236479e-01,8.848223632730246591e-01,5.824121711101681864e-01,9.375644327299037517e-01,3.351372281012191534e-01,1.708542025363772865e-01,1.653601003948004244e-01,6.115800269479770845e-01,1.225005952810873933e-01,1.192185421738348322e-01,9.979680244080324503e-01
6.976329422691757154e-01,5.068773140197333493e-01,8.272856288980318107e-01,1.019618527472641589e-01,9.059003372154387224e-01,2.642380054334357298e-01,2.561266239539696232e-01,4.515630302726568734e-01,3.461461549040568131e-01,6.545350864792300882e-01,4.820932789232936777e-01,1.413309508194861841e-01,7.870347963616591835e-01,1.488801499578783771e-01,0.000000000000000000e+00,3.482069180141101894e-01,9.604708624749648260e-01,6.890148356512270089e-01,6.514372317115585398e-01,7.951120836255358704e-01,6.226221957200291923e-01,2.596453586612775255e-01,4.561880217939353610e-01,7.990081228081746811e-01,1.099594077605011988e-01,4.504361135755953760e-01,6.930258375712989860e-01,4.100569321029805536e-01,3.462510026780410977e-01,3.658640378743284738e-01,2.161671322847754095e-01,4.791933398808568279e-01,6.730231288730350592e-01,4.075836100492289948e-01,4.337751348761366144e-01,5.135636064600473949e-01,1.686125944401861143e-01,3.971796874107104136e-01,4.143287189013696858e-01,7.758467650546218009e-01,5.766878632808717375e-01,6.415782040230478822e-01,4.679511925937443473e-01,4.315573728598053882e-01,7.478429306998468640e-01,7.627065534166594940e-01,5.018894015020742838e-01,4.576543234538387739e-01,7.189928753016670004e-01,6.965628240430079554e-01,6.688499040475203161e-01,9.721873730109039657e-01,5.720553747420085156e-01,3.446166950175670873e-01,8.038982550912285863e-01,7.124699252301098795e-01,7.986191602937690037e-01,5.352838985868951793e-01,9.431703458467495249e-01,4.008288757748482700e-01,4.433710711645950653e-01,6.771298243572128062e-01,5.319784058661065629e-01,7.829132858981957543e-01,8.606840918648562822e-01,8.585722274063474213e-01,7.718134765337048009e-02,9.230349482627986379e-01,3.206501475022598968e-01,5.253672827621570507e-01,7.241717138817841404e-01,2.496393491144513199e-01,3.755212561190385268e-01,7.221734456348591902e-01,4.010782584711301557e-01,7.675746160059928602e-01,8.900335782772124116e-01,5.310204227070944860e-01,1.039430919624843297e-01,2.975628859978169949e-01,5.136543097728797358e-01,4.696590972848035950e-01,6.438642336573328073e-01,4.508089573798997329e-01,4.965829069940820850e-01
8.621026342922152308e-01,7.749298785629690212e-01,2.529419305701325893e-01,6.286284794020694511e-01,4.299017306891816936e-01,8.214883174336654603e-01,3.909776420664307639e-01,3.290416249654405378e-01,5.187815183734104663e-01,8.479786714554167215e-01,5.538511949042680405e-01,4.084405295391973501e-01,4.014526445519371878e-01,7.102369933793746259e-01,3.482069180141101894e-01,0.000000000000000000e+00,5.459708838579513390e-01,7.265856690509810978e-01,5.377620770121124272e-01,3.742209438111355757e-01,6.574543791899621903e-01,2.270480068713241484e-01,9.878890935537508744e-01,9.753705502949582273e-01,4.202707420691913498e-01,7.008219390531561510e-01,4.192176070886525219e-01,3.974647864058477031e-01,2.499371942100137856e-01,2.530461950759854695e-02,4.505061803063065140e-01,6.868021919565407973e-01,9.068581152080253949e-01,6.892001310729976016e-01,7.960469540951091716e-01,4.551085943266477973e-01,5.891000250269773364e-01,6.752893817979619406e-01,8.648262676910728475e-01,5.350955694203753943e-01,5.916370311830758677e-01,2.175708916683201655e-01,7.080980803351796249e-01,9.421595592356075688e-01,8.766771154096575369e-01,7.919589046392305764e-01,6.465544111123284754e-01,2.884085018992031957e-01,5.646962291094151931e-01,5.945221633916697446e-01,-1.074189903265971996e-01,6.947274077024732097e-01,7.882850259345045574e-01,2.979920553251441673e-01,2.823554433746328640e-01,6.156029892946782711e-01,5.538376100519192269e-01,3.429173883184235549e-01,6.607932708232445718e-01,5.213429761282336594e-01,7.057766408399205327e-01,2.433493765644915985e-01,5.787164416596639605e-01,9.558400392301666937e-01,7.387877494266841261e-01,7.546003338151328066e-01,7.147967917373496682e-01,7.749714637943145856e-01,5.194713598259492748e-01,9.482763869657858669e-01,8.994884799834449440e-01,5.704566854281134525e-01,3.328306728979908424e-01,4.378112789853578768e-01,4.766422795460898976e-01,7.463101903752640265e-01,8.438151340741668616e-01,7.243039463772966702e-01,-1.966756506830177886e-01,4.488760691384481860e-01,7.452700748893157368e-01,2.102483245776360921e-01,9.913185509713898780e-01,5.490568654766634360e-01,5.420542365409484198e-01
9.172331806944781230e-01,2.904475444861139288e-01,8.768021479405729846e-01,5.211231595865316590e-01,4.890651873909893643e-01,4.274601457464125565e-01,6.461311239770664017e-01,3.242068372268382404e-01,9.674650542467356784e-01,7.360376213889446850e-01,7.163939154454687097e-01,7.007177220876004142e-01,7.851263667139299907e-01,1.427512692479521450e-01,9.604708624749648260e-01,5.459708838579513390e-01,0.000000000000000000e+00,5.255461559275216299e-01,7.834312835383976381e-01,6.744049073145246265e-01,3.737006144811385461e-02,5.604182169664595481e-01,7.831914393399677099e-01,9.459839306265731551e-01,5.273675266468921263e-01,8.967747000930749168e-01,7.930189001514668101e-01,7.949079893343881098e-01,4.621777679552293017e-01,3.295898791901438751e-01,3.731229035832330787e-01,8.100450400350049929e-01,-6.479089102353369212e-03,4.150010062400335542e-01,8.519606194103773733e-01,6.698895856055924192e-01,4.570447847265492469e-01,9.770866696068953861e-01,7.303291073058270078e-01,6.707064591051210556e-01,5.413444844222103924e-01,6.536269608441420687e-01,8.489558737254632170e-01,9.109454116379714916e-01,6.185713797090024446e-01,5.670235485947365817e-01,9.520363177840355240e-01,4.125246115639972233e-01,4.875282061254002652e-01,5.614896242047549002e-01,6.687688978293528930e-01,2.887705535598880102e-01,7.288158105404237697e-01,7.469034321825016587e-01,-1.346530509099129469e-01,5.467777157652634612e-01,7.318121656922762508e-01,8.795017644993747830e-01,8.261646721917830227e-01,6.553849356634384726e-01,6.180067575445058470e-01,6.689192424792664848e-01,8.725097043198744018e-01,4.450378775319834834e-01,7.556454419375234766e-01,5.924330313767509626e-01,5.462304801073740723e-01,8.150771583011258148e-01,3.364004556745393004e-01,7.865689785038267878e-01,-3.114055929371973286e-01,5.331521145316348020e-01,1.593112715532678594e-02,2.493156844186072696e-01,8.040672144135476707e-01,5.169393912518706058e-01,8.110866273499566237e-01,4.574169805104782438e-01,3.614422385065544918e-01,1.755370282443708962e-01,8.125995692060766773e-01,8.503318433654809549e-01,5.983434516588009844e-01,-7.846657551741070824e-02,5.039721992704742082e-01
9.648802131052144349e-01,9.774281968102926932e-01,5.780964922359035363e-01,6.159051116998038866e-01,4.963627678668518506e-01,1.405861784352011312e-01,2.519317803472028161e-01,7.878648992635207682e-01,4.617639496896006057e-01,4.694029486498968451e-01,8.216059756138203163e-01,8.275588742137560683e-01,7.353805564323965260e-01,2.132530848899290565e-01,6.890148356512270089e-01,7.265856690509810978e-01,5.255461559275216299e-01,0.000000000000000000e+00,7.397996181595832832e-01,5.694152403099527193e-01,8.923147119629843971e-01,1.052150880191455029e-01,5.632597547721150955e-01,6.809885040094458830e-01,4.696197283757843066e-01,5.419812041906977296e-01,8.651090777843624124e-01,5.145181505665364918e-01,5.736328439347688768e-01,3.472963550796273613e-01,5.894909142567678062e-01,6.074635885271977287e-01,6.132284467665406469e-01,8.408093955118833840e-01,5.734972903904616004e-01,5.346191699703083389e-01,2.034685210016286272e-01,6.521990733177656097e-01,7.484863487835911044e-01,2.182690446439153054e-01,4.658583791477737823e-01,9.611280148999301609e-01,1.189358305401391064e-01,9.524850845222110340e-01,9.358756692984013803e-01,8.095724049052176463e-01,5.860056145094413305e-01,6.755979527256110728e-01,7.244909233678833438e-01,3.589801161553219933e-01,2.052828404597193401e-01,8.809911270190251553e-01,8.437218786037863349e-01,6.088958061207739858e-01,4.737240642910444111e-01,9.160494925248165998e-01,4.259409872663270091e-01,4.725041071780720220e-02,7.663955460072249259e-01,7.132007688278406699e-01,5.916223129345199450e-01,4.009193577733303759e-01,5.823008831793827778e-01,4.645731122825846326e-01,7.499394647449574292e-01,5.578077361546005530e-01,5.993587573257359580e-01,7.125111431001293072e-01,5.079394741476268571e-01,3.241475658611246979e-01,7.114055509507283270e-01,7.872729424815042565e-01,5.027528618791919923e-01,3.608267414714648735e-01,2.411148585657339749e-01,9.827894171216360331e-01,8.901617818877787247e-01,6.824327702961852093e-01,5.516347535825688597e-01,4.490721742541710637e-01,7.238636548682552130e-01,4.334539341245947086e-01,5.513578587011227494e-01,1.677732548064636564e-02,6.774785291939028342e-01
