0.000000000000000000e+00,9.371769319680571808e-01,5.401498462720644156e-01,6.420505644007614698e-01,5.741124770455233728e-01,6.822559671894480315e-01,4.260889026582097561e-01,4.240908532102632966e-01,7.302549366842843170e-01,8.612835664775845279e-01,8.221256299248828059e-01,6.106639467576028268e-01,6.280219683220535920e-01,9.637919765638642833e-01,9.090952915989071181e-01,3.475718666019240732e-01,9.762973339512567295e-01,9.274700349127698029e-01,6.896046806721932709e-01,7.972114710830324746e-01,7.531714276354203319e-01,9.813527828845202139e-01,7.183163283785194420e-01,6.299567370507845876e-01,8.757451684163641836e-01,4.166452407445596084e-01,6.074261195875249042e-01,6.233192026472332836e-01,6.285435555226531745e-01,1.033554057522097051e-02,2.796663341247477286e-01,2.312736628197252231e-01,7.331320897462320074e-01,7.448552780654605909e-01,3.105634651881175046e-01,1.419489407110264556e-01,3.635918654975300868e-01,7.941479865459906140e-01,5.945670655927045578e-01,5.864274107706404227e-01,3.036595489049840335e-01,7.198532920064965035e-01,7.910986604197757233e-01,6.808453369326361582e-01,9.061999303017800322e-01,6.265831576801017544e-01,7.667869569029098775e-01,6.292986694492780364e-01,7.712637606632024578e-01,8.938077946266413942e-01,8.313062592197764111e-01,9.736139915626919050e-01,8.544777566779457878e-01,6.884066963726563904e-01,5.374390694370998478e-01,7.133022830349619037e-01,7.635500177846984426e-01,9.356109806710398713e-01,9.572759483357994315e-01,4.052079062703932699e-01,2.510447778539825481e-01,9.366362905719582965e-01,9.204029586392814544e-01,4.377601021757285271e-01,8.123725159187052958e-01,7.942131571611397156e-01,6.081659803729028146e-01,7.871831354149025906e-01,8.384467991969883904e-01,7.412576318378749640e-01,8.417520628499473023e-01,4.773323093830073582e-01,2.052204866362999369e-01,6.425725609585491993e-01,4.693332325964847951e-01,4.078724956736338170e-01,8.087721154568410231e-01,6.586555120785188011e-01,2.657493870723813822e-01,4.806173468296923712e-01,7.087926384726532802e-01,7.554334408159225633e-01,9.189622733780342667e-01,7.170145034685050378e-01,7.782111534598004088e-01
9.371769319680571808e-01,0.000000000000000000e+00,6.375702675905017269e-01,5.127622277412734464e-01,8.156249538883285632e-01,5.498571078843079718e-01,2.685606402698730300e-01,8.165883188205422805e-01,7.818218718107324827e-01,5.915361823482596648e-01,5.316048760574381138e-01,4.758275633004677152e-01,3.607490501297977437e-01,7.180354978531831023e-01,5.751716756723515012e-01,9.712699187663679234e-01,4.534047907602672955e-01,7.691515831339269527e-01,6.742376858768063252e-01,4.037386145145345218e-01,1.200011501700713606e-01,6.788386851894799845e-01,8.782551181417173891e-02,6.621966398181149127e-02,2.645078100325173875e-01,7.514863829578468657e-01,7.597537061183974316e-01,5.466893843613624959e-01,1.709652676331720189e-01,5.215703306416950014e-01,5.776641271640593489e-01,2.409412634563379008e-01,3.029671441130508680e-01,5.031445194485528738e-01,7.145702009354527595e-01,3.521481976406583003e-01,1.525447048300387076e-01,3.609446781389770709e-01,5.826724801257781028e-01,5.521954983604862033e-01,6.789979298987992573e-01,5.928211433304102496e-01,5.420610457614625233e-01,4.183378982537528934e-01,8.958142951835599277e-01,4.833047750722525571e-01,7.111072240383314869e-01,5.692110845286963983e-01,7.330044679006695318e-01,4.438283064937852962e-01,8.949221671922154009e-01,7.874698595645449606e-01,7.076936931885146054e-01,3.970229012777383160e-01,5.624344610749921758e-01,9.597648123972067902e-01,7.803435597624610587e-01,5.495641485285954753e-01,9.240175311685712156e-01,5.951332801617870150e-01,3.595941341070280073e-01,9.449507208306833217e-01,5.482263909331592799e-01,9.218981191766395522e-01,9.173944999505888598e-01,7.361463156503479377e-01,9.848554546660642783e-01,4.875354065897446465e-01,2.439923535534901655e-01,5.744274914830529433e-01,8.158844311244435321e-01,6.480370393654257821e-01,5.067911922189225482e-01,1.565383999825863404e-01,7.517344817278804880e-01,6.781816884437855686e-01,8.572205924765157192e-01,4.703520170029132919e-01,2.397552976915147682e-01,5.026110694427586845e-01,4.505203445775866622e-01,9.440043401412840929e-01,9.623792083436896183e-01,-3.158891039354255748e-02,7.815982277342322648e-01
5.401498462720644156e-01,6.375702675905017269e-01,0.000000000000000000e+00,3.340538720324266464e-01,8.835364668404488420e-01,9.235006361413591325e-01,8.442806326780823989e-01,5.733176057529302261e-01,7.734552752743858450e-01,7.018161721293627586e-01,7.286870115381059998e-01,5.998170995600161648e-01,3.686075503974618472e-01,6.253595599417626216e-01,7.831109526037156598e-01,9.418222485655021181e-01,6.269793688447807822e-01,6.244766066976376040e-01,9.081564890606700358e-01,7.544505397006227021e-01,8.111743177940800020e-01,5.575411349936718608e-01,7.574345293506150600e-01,3.909210402725847855e-01,9.715453832276673696e-01,9.806355823065613375e-01,6.764688267320739801e-01,8.674175345759770339e-01,4.761824292716499048e-03,3.883618997942338003e-01,5.046172706210066972e-01,5.030893136726587445e-01,8.715757987436799636e-01,9.434724360286982359e-01,6.546957873293575147e-01,5.120798655957601309e-01,4.271798800564863274e-01,6.511143773940798463e-01,8.762974774686707047e-01,6.528042583655695452e-01,4.601670516944815770e-01,9.278872387318682913e-01,6.256908285576564532e-01,8.691971934896833840e-01,4.411161988642873788e-01,6.299419444664737799e-01,5.416491148152785540e-01,5.764227893760174304e-01,3.993475969402183745e-01,6.827415176359591387e-01,7.076588839651529739e-01,6.072489787272967732e-01,5.351178161542208267e-01,6.400517146925864820e-01,8.350395606011086214e-01,5.975228685493960690e-01,9.767429962988546377e-01,7.746759980072370766e-01,9.713341614269186408e-01,6.587257036034308566e-01,7.967917932053717456e-01,4.038109866527521685e-01,6.312431191688463450e-01,8.531044738057953492e-01,7.689284727543268527e-01,7.685283832851750319e-01,8.565494393415891139e-01,6.373201595464023095e-01,9.345192698315989421e-01,9.291899722130306793e-01,7.946197195461474072e-01,5.827348747194409651e-01,3.684213710024239474e-01,4.675608222179080675e-01,4.439601797570245090e-01,6.037914934859534011e-01,6.883813365401834083e-01,8.557262472460334113e-01,7.740632362559616286e-01,-1.898738346638417784e-02,8.619042178786157082e-01,7.607316107278283557e-01,9.967789545726374323e-01,8.765468141024219673e-01,7.791088090665935217e-01
6.420505644007614698e-01,5.127622277412734464e-01,3.340538720324266464e-01,0.000000000000000000e+00,8.271992861895918203e-01,9.113658820261453242e-01,2.320699148072540297e-01,1.640434313871519667e-01,6.617707581233569503e-01,4.887787438220061453e-01,8.013074864847605783e-01,7.071196050932203603e-01,7.352309973171187174e-01,9.791743966840789071e-01,8.024990673508995975e-01,9.748256635235214018e-01,4.864063508643426958e-01,8.638261584514361768e-01,8.383203530977199058e-01,9.869360503282073038e-01,6.682262709201038930e-01,5.188283948600648232e-01,7.214552407529659650e-01,7.131386234869980800e-01,6.948757151486063544e-01,4.381258648202803752e-01,1.997793761776840427e-01,9.316788572020421322e-01,6.530169084641651578e-01,5.526343333576042571e-01,4.674443634802112335e-01,1.467603808789305631e-01,7.476994688457084814e-01,7.030052614408253131e-01,9.455922002882498623e-01,4.187051137109181198e-01,2.517461606389679307e-01,3.723735929165642444e-01,5.810559328503571708e-01,7.002131528767470137e-01,6.440178339768569404e-02,4.534930672077392977e-01,5.241923720333500070e-01,2.326934181302678026e-02,7.261868056200451171e-01,5.366787943422561824e-01,2.478535362300441913e-01,6.077862362503418936e-01,6.234733108626405729e-01,7.403050150704307830e-01,9.497212391828315781e-01,3.161143473486660582e-01,4.811530503151248417e-01,9.984781378905235316e-01,6.467640536709998722e-01,9.619162066065175543e-01,5.973593006690256502e-01,8.793089855352235196e-01,6.906203926247920233e-01,4.653175054942398914e-01,6.009500551594841866e-01,7.970354047995040769e-01,9.568482980939059246e-01,7.076892473054104959e-01,9.104560944925527144e-01,4.933980902461332363e-01,8.116215445383416771e-01,4.699528286507425046e-01,2.875764298392110563e-01,7.481899171965146200e-01,6.996781972913234116e-01,6.555276995104482030e-01,5.631212771568167019e-01,5.760448115999656782e-01,2.733162523072647787e-02,8.163505490843080414e-01,7.454434310886501880e-01,3.915251387219910173e-01,2.628597988187414414e-01,2.622989415450025646e-02,7.867410010815749644e-01,8.765382434126981481e-01,2.507205172867633669e-01,3.640393917086326425e-01,9.157822259221995997e-01
5.741124770455233728e-01,8.156249538883285632e-01,8.835364668404488420e-01,8.271992861895918203e-01,0.000000000000000000e+00,8.453875388219418419e-01,5.237950446247887637e-01,2.978807703257366768e-01,2.466822369935545156e-01,7.924099801756596673e-01,9.212624516997508506e-01,7.236566257470081753e-01,7.315807793002293558e-01,9.761964834191445561e-01,6.155716104357926710e-01,1.527215060360781751e-01,4.743279097681428746e-01,4.267741675764694653e-01,7.123287031536559288e-01,8.387753592729504382e-01,9.567426808882200095e-01,7.057013344187116344e-01,6.946442391083174073e-01,7.295882712776702306e-01,6.583667486570806693e-01,6.829969317276659568e-01,4.956034806480107413e-01,9.467525365574712415e-02,4.972730720943679406e-01,4.710873619293270420e-01,5.982690608562040158e-01,5.004671752096530035e-01,8.374122742511465045e-01,6.074530014405029599e-01,7.693180428233910018e-01,5.185412828464097679e-01,5.810595615729259311e-01,5.895240608076849353e-01,7.247046869282335324e-01,7.152435317024694594e-01,5.146657712078083202e-01,5.087319728260042417e-01,7.421420216260059544e-01,4.105930578912335149e-01,6.544308480338884015e-01,6.326095749886310182e-01,5.502280865758787387e-01,6.925059449794983557e-01,9.865304759809323532e-01,5.125323814679437762e-01,-1.251968324571253732e-01,5.766096029570108028e-01,5.082590006586114040e-01,6.720940636120142919e-01,8.686097791039484317e-01,5.147077058846802888e-01,7.234790999498199593e-01,7.908909899985688829e-01,5.811341882739062825e-01,3.128909642672953462e-01,2.353614654422623853e-01,6.807835010610423510e-01,5.534914164705058148e-01,2.241109993656324462e-01,6.039406261295494627e-01,2.952121506090184533e-01,5.624671605219788706e-01,7.337152380231285465e-01,7.934704151990398246e-01,5.394069343457263965e-01,6.961562306936291966e-01,7.514152230842805480e-01,7.995108124541800976e-01,4.271327726883566989e-01,7.355216516538284344e-01,7.796057404906363564e-01,7.598459686444075656e-01,5.009048014816424033e-01,1.227070428386862200e-01,6.848199631949325461e-02,5.229082397982768304e-01,7.779100670671409423e-01,5.904065125247597301e-01,6.244564397011674872e-01,5.821462748220429528e-02
6.822559671894480315e-01,5.498571078843079718e-01,9.235006361413591325e-01,9.113658820261453242e-01,8.453875388219418419e-01,0.000000000000000000e+00,7.168298934325213478e-01,4.722387596949234045e-01,6.370177084995085615e-01,9.853906824801380582e-01,7.597933819650775078e-01,3.239674326939658289e-01,3.556976176548908297e-01,8.894551983351295377e-01,4.424989892241347200e-01,2.611945944026508593e-01,4.333708700159720206e-01,5.069652257270101936e-01,8.833066319191607008e-01,6.288603991806277493e-01,5.150659926792745535e-01,8.838259752504747935e-01,5.823701500137996590e-01,8.127237039345180936e-01,6.530162485341152179e-01,7.122413188727335642e-01,7.047113096990771375e-01,2.186084963032055295e-01,6.780578406187985907e-01,2.158517928949892917e-01,1.966296012912625846e-01,5.211663063731214462e-01,7.753321463239110090e-01,5.785277014889015357e-01,4.034409615087410916e-01,1.095531732134368830e-01,1.821499013229381514e-01,4.269201684075302206e-01,6.329242674563726467e-01,3.425418319261078759e-01,6.568076489414834684e-01,6.678067436732142426e-01,2.519899545826346232e-01,5.298487800447884144e-01,3.259187172168918067e-01,7.405323829362218113e-01,7.071286854963984014e-01,5.787848370736525805e-01,5.299898286109527845e-01,6.667018679859603170e-01,5.265233251746624932e-01,4.106246792458410066e-01,5.631007449389888730e-01,2.434668430073012035e-01,3.527099872807557546e-01,7.481826330317384866e-01,6.576250727045770406e-01,8.827748792457797145e-02,3.809651187033631370e-01,6.777100213915481230e-01,6.337896231087487564e-01,-1.255114237294358004e-01,4.439917718605996821e-01,6.719609142390238210e-01,7.001244038925162894e-01,5.470152903271945366e-01,7.319440599226022526e-01,6.264328995021137825e-01,4.435979125874712214e-01,5.720161456989388826e-01,4.053899832984214635e-01,6.376000979042912853e-01,1.079707341497910811e-01,7.792559919319846928e-01,6.145268256673689367e-01,7.444038839801724317e-01,6.095015268037661249e-01,7.961131038144324545e-01,5.249194906439027530e-01,-9.667977030622533496e-02,5.660947845987258642e-01,9.918356627943200055e-01,8.965706550811828324e-01,6.611980753854468373e-01,4.884816684773715112e-01
4.260889026582097561e-01,2.685606402698730300e-01,8.442806326780823989e-01,2.320699148072540297e-01,5.237950446247887637e-01,7.168298934325213478e-01,0.000000000000000000e+00,2.006029141482881251e-01,1.805534898822325207e-02,3.237998657228157717e-01,1.564968324367220498e-01,2.710727340596211232e-01,2.375765166763086911e-01,7.622984247037334349e-01,6.432468132945603490e-01,2.275135020895152349e-01,3.549088153369202026e-01,9.572747009588278289e-02,4.425608700767193482e-01,4.373882238429169234e-01,6.408733545605818094e-01,4.974117947347465041e-01,3.535392008356735283e-01,7.401329029391053860e-01,6.373582495089931133e-01,7.424257760756035607e-01,6.336827541355964932e-01,7.364159277431595596e-01,6.525940938083554244e-01,3.304814152033626051e-01,3.542845883648170213e-01,6.149165352473731083e-01,4.181554954360294230e-01,2.513198091693313874e-01,7.736613343633211848e-01,2.540814311749763355e-01,7.280552908357288411e-01,5.157162220247718531e-01,8.364041543614640917e-01,5.316441829281424170e-01,5.750059963481564396e-02,5.239993480540856563e-01,5.655678489413832333e-01,4.366221356174324608e-01,6.475052664309126627e-01,-1.230867764132008435e-01,7.230391219250286161e-01,3.373183473043145364e-01,7.783134475668082031e-01,5.905671136126047216e-01,6.454489576383199978e-01,4.276516655273573386e-01,3.673159688853917526e-01,6.679636108040801767e-01,6.994143210183184634e-01,1.019459634531347664e-01,7.416541229368880384e-01,7.773525418391794561e-01,6.957007882377114205e-01,5.747901639182917410e-01,5.094644839744133513e-01,7.601409464103653368e-01,4.786121582804729879e-01,6.354241212352614854e-01,4.199471625319055601e-01,6.353110127370475979e-01,7.999537942704618709e-01,6.610729263199305317e-01,7.491166214170832394e-01,6.991947657838021302e-01,2.078161791849111525e-02,2.113210583863453229e-01,1.828831755807553971e-01,5.254065365642006658e-01,6.199300838123530388e-01,7.480744646640793416e-01,6.417094955252082844e-01,4.589359281150767189e-01,5.611827326966334351e-01,1.474113217272050858e-01,4.841056242796656361e-01,7.388246335798123177e-01,5.137750907506668518e-01,-1.876848149875282035e-01,5.079245488534185338e-01
4.240908532102632966e-01,8.165883188205422805e-01,5.733176057529302261e-01,1.640434313871519667e-01,2.978807703257366768e-01,4.722387596949234045e-01,2.006029141482881251e-01,0.000000000000000000e+00,5.585846027728512686e-01,6.704813735716719236e-01,7.822658708998030397e-01,5.651224227459941130e-01,8.283188991219792019e-01,7.309920864008340180e-01,5.463892487062772529e-01,6.750971749026949409e-01,7.418628541382825681e-01,5.666724065115003039e-01,5.780231305795487939e-01,4.372816354620288060e-01,9.502534606713839427e-01,4.150537895410747469e-01,6.502587155757572068e-01,9.470950082843383466e-01,7.105081027890086665e-01,7.528619827259648289e-01,5.824034132179239931e-01,2.107185242313647788e-01,2.049264597416003419e-01,-1.707146108665254791e-01,-8.498780661758280341e-02,5.951431406009009134e-02,5.824958803321114154e-01,6.498227524146427125e-01,5.592480281861441638e-01,4.205487913200121608e-01,5.360791419628759824e-01,8.895402073029284873e-02,4.914174430307505226e-01,7.683086629365565301e-01,5.422771499154934727e-01,7.466525794660705539e-01,9.992002311963419370e-01,6.214748812209942574e-01,4.618339432133490297e-01,9.185817671537793716e-01,9.785138984067778267e-01,7.814933256109855009e-01,4.062289671535661562e-01,3.288546871796731441e-01,9.786203498280869884e-01,2.901384804948293206e-01,9.240802415533242442e-01,7.005773131584874802e-01,7.264323308083227015e-01,6.701509577015196673e-01,4.007141945940581040e-01,4.628392324608069375e-01,6.905339383228097372e-01,4.813627346561631937e-01,4.838466625693503276e-01,5.609545122370134251e-01,7.473110490409533568e-01,4.581389225931407627e-01,9.454723038921650780e-01,6.260142661095241534e-01,5.120776902798577224e-01,7.893771364642372390e-01,5.626877685099331838e-01,4.462152314251736640e-01,8.595080620503907642e-01,3.185775476542301865e-01,4.852851721422331566e-01,2.000073126410324142e-01,4.124753488743334029e-01,3.715774248737702123e-01,6.347692387840574435e-01,6.401940746624450451e-01,1.991435336428132863e-01,3.861992173023394426e-02,9.678094975376640985e-01,7.155094039645767401e-01,3.868365070689082641e-01,6.715495576961527657e-01,6.001198898082619193e-01
7.302549366842843170e-01,7.818218718107324827e-01,7.734552752743858450e-01,6.617707581233569503e-01,2.466822369935545156e-01,6.370177084995085615e-01,1.805534898822325207e-02,5.585846027728512686e-01,0.000000000000000000e+00,6.273131461179243251e-01,4.770652441060852511e-01,2.803866235474720692e-01,5.836753018811614568e-01,9.184065694390936008e-01,6.403240080215530927e-01,7.403991986358313682e-01,7.127145257320117722e-01,4.393124710952047707e-01,3.798112164405657021e-01,8.952398592020514023e-01,6.123946922034223528e-01,5.940963203564733064e-01,6.107894074543677165e-01,9.536521190491380473e-01,2.463280838575556964e-01,6.808554706945010304e-01,5.776572837389504222e-01,5.274242333377877623e-01,4.678454116623358416e-01,2.146987154804288200e-01,5.129476782382824673e-01,6.823854666842678052e-01,2.192809433684391185e-01,2.226997054533396136e-01,5.506136278938794648e-01,4.182809621830674840e-01,-9.276869182580049777e-02,4.136938621667165528e-01,6.056928761936253292e-01,7.258127715746226505e-01,7.431731598766661007e-01,5.410704305740741266e-02,1.274071569532344572e-01,1.565803770532372963e-01,8.287735271198448661e-01,7.517964257804868877e-01,1.347547249488332266e-01,3.146891442427506846e-01,2.127804564971199908e-01,5.613488932628224459e-01,7.417538626773141353e-01,6.495900710222028973e-01,6.224350528462359033e-01,2.620693408581241113e-01,6.387747044893179460e-01,3.647975158339895607e-01,6.319483387630895344e-01,8.627517240345951022e-01,6.920730783102071459e-01,1.197420843467890128e-01,6.323234120624912080e-01,1.316931163878804767e-01,2.403394650242551833e-01,7.935458210378419919e-01,7.979916630437891012e-01,4.422506606914115568e-01,2.183712143383075843e-01,5.373775497076169749e-01,4.154831409940921150e-01,7.395745611904378514e-01,7.553969860860355601e-01,2.215112490182158389e-01,6.514983666976675858e-01,1.707199123897552573e-01,4.909496932128503133e-01,5.693972041334189882e-01,1.438224483048698987e-01,6.805835980953310882e-01,3.132020827619348968e-01,3.934086536414023172e-01,6.724177223309050211e-01,7.373185266993627085e-01,7.947881462208025161e-01,1.030143181302589639e-02,7.198806918343356731e-01
8.612835664775845279e-01,5.915361823482596648e-01,7.018161721293627586e-01,4.887787438220061453e-01,7.924099801756596673e-01,9.853906824801380582e-01,3.237998657228157717e-01,6.704813735716719236e-01,6.273131461179243251e-01,0.000000000000000000e+00,6.695730765656531247e-01,4.129532547030576595e-01,9.696182079079755933e-01,6.164236536867758742e-01,6.328934476653911290e-01,4.461996474127900014e-01,3.390282645160099251e-01,7.063607662294032474e-01,4.189229083452322699e-01,9.648881095338992520e-01,7.630336987220809331e-01,4.015984867291697014e-01,3.904369063280956897e-01,4.595929186833280777e-01,4.702156190434549354e-01,6.312946142893742785e-01,7.876796376989189108e-01,7.709959760638810389e-01,4.182181072710926539e-01,3.587341272769201117e-01,2.770362628273814742e-01,5.656959912185801631e-01,8.726995438539890682e-01,1.494183396411893350e-01,4.701279579288469290e-01,2.579729167703931902e-01,9.352515777562639965e-01,6.797949924378726694e-01,6.129725188479390185e-01,6.728523167295130669e-01,1.943430035074473761e-01,8.196625016030556488e-01,6.601217674286755654e-01,2.029625249020036715e-01,6.374099531289066922e-01,6.496327401612630448e-01,7.752270682497629517e-01,4.318848322346005575e-01,4.055779056630812174e-01,6.207832007343778713e-01,3.533890492253862758e-01,3.859308191888386474e-01,3.443317157895485758e-01,8.953441311163058414e-01,4.914903578381262239e-01,3.373179381763360268e-02,1.698393283481442195e-01,3.610622852508722502e-01,7.744456211806588497e-01,6.171699701338717592e-01,-1.204215195301705232e-01,6.543725183738882123e-01,7.238708833775391316e-01,4.617583026924372835e-01,5.125557358115112594e-01,7.131346406541037020e-01,1.827141966999454303e-01,8.533659209913065924e-01,6.037757742519423987e-01,7.450732193190520158e-01,6.909828388554397627e-01,2.719456840348976612e-01,5.559240867592037949e-01,3.023561518937790682e-01,5.900087277780297068e-01,3.456042262549911537e-01,4.598187092686618072e-01,2.508470271138619756e-01,1.426912328256526308e-01,5.517977751465380498e-01,4.878415966895135458e-01,7.641794417645886295e-01,9.175846036481283274e-01,1.439591774983405847e-01,7.693194732493705557e-01
8.221256299248828059e-01,5.316048760574381138e-01,7.286870115381059998e-01,8.013074864847605783e-01,9.212624516997508506e-01,7.597933819650775078e-01,1.564968324367220498e-01,7.822658708998030397e-01,4.770652441060852511e-01,6.695730765656531247e-01,0.000000000000000000e+00,5.431492311978864951e-01,7.125909410605132388e-01,8.218200401217938822e-01,9.716332569740326885e-01,7.920439615834129476e-01,7.951058639606095602e-01,5.484441193451793373e-01,3.017047513025680194e-01,6.926298301456302875e-01,7.409492374274557758e-01,9.162126711393904221e-01,6.999758274379297429e-01,6.596833064096944144e-01,2.222092518970364416e-02,6.627994930574047094e-01,7.264994933682604739e-01,4.488445073617680081e-01,4.680879709760835117e-02,2.262207105797773427e-02,3.353600554683160428e-01,6.996734733328729972e-01,5.181743954842897848e-01,2.715836327278454143e-01,7.872961140570648997e-01,4.050481528824850797e-01,5.067654830515100350e-01,4.266838302696567831e-01,7.546797995337737319e-01,4.454360264190266872e-01,5.167830882967965334e-01,3.381124312188489300e-01,7.707151734512308616e-01,7.307470846237069662e-01,9.914289023800108014e-01,9.624930697166802496e-01,6.343475861636608260e-01,4.016600048578382598e-01,6.715487851438542988e-01,4.832586873194797961e-01,6.190737012232239156e-01,6.684658970611755402e-01,2.191798112084766825e-01,5.830570397140615313e-01,-4.459314904574582239e-02,8.292035397252027762e-01,4.612454727049125069e-01,9.604606075853361347e-01,9.363257541633520642e-01,4.417137586467295152e-01,5.189595113946000593e-01,4.609763575893287002e-01,1.063897085544922849e-01,8.336261019954546159e-01,7.131145213512738446e-01,5.561734082575670035e-01,7.741705822029162354e-01,7.674649154014387964e-01,9.038003714903083408e-01,8.148099722004360501e-01,7.373796221782621396e-01,7.489590931786574979e-01,-1.301518130820205621e-01,5.225473587659313912e-01,8.921454164757921523e-01,5.788183143893075311e-01,7.859772423333707403e-01,6.858707830927257554e-01,2.235450927646589481e-01,3.190825527678505802e-01,9.263925428933964534e-01,6.996749477057866429e-01,6.346467071998530551e-01,-7.382749991689788183e-02,4.863182744525504919e-01
6.106639467576028268e-01,4.758275633004677152e-01,5.998170995600161648e-01,7.071196050932203603e-01,7.236566257470081753e-01,3.239674326939658289e-01,2.710727340596211232e-01,5.651224227459941130e-01,2.803866235474720692e-01,4.129532547030576595e-01,5.431492311978864951e-01,0.000000000000000000e+00,3.707427228073541525e-01,5.939107546537065740e-01,4.782680036897440368e-01,5.335299657227434711e-01,6.714841306306300606e-01,7.143022859291756621e-01,3.216435288684415528e-01,9.871590961601001135e-01,8.500271447185588913e-01,5.749848330941061958e-01,5.001826268935580799e-01,8.856834456787919807e-01,3.299736382099952015e-01,7.245089682317833457e-01,8.124245263603236955e-01,8.612952333129417770e-01,2.420667994401056455e-01,7.838264226761946230e-01,2.530363058829764866e-01,7.865208745052505446e-01,2.320853184208540032e-01,9.697654691023392948e-01,7.348170008862278113e-01,5.219318547914300055e-01,5.449106914857072548e-01,3.317965281310509829e-01,8.422819814732781518e-01,2.391109078350757977e-01,4.710863341434788354e-01,4.307590797561868801e-01,5.390670478227533868e-01,8.953397537900076308e-01,7.878460745197124471e-01,7.459806552069734309e-01,6.785465798007604965e-01,9.394883250562698906e-01,6.660369201581713972e-01,4.163203204940305602e-01,3.453087095323711386e-01,4.034705044243563909e-01,4.276135033724122736e-01,5.476933374020551692e-01,6.019725175805699102e-01,6.407140613939757978e-01,4.402438538025120196e-01,5.614502208972607100e-01,7.619469922251779215e-01,3.461028257657202678e-01,5.717135289391288566e-01,4.215224482413712503e-01,6.244429721717055237e-01,8.535767615948717246e-01,6.945879129117907835e-01,2.705422589536704558e-01,5.881040846453982063e-01,7.101070015831270066e-01,3.781600242538905032e-01,6.894976086206840993e-01,5.023480702438907208e-01,2.930385071345431580e-01,2.938647795085720382e-01,3.348590209030611886e-01,8.204697273234973220e-01,6.059244751149743813e-01,7.776078758883773201e-01,7.278892595732574522e-01,-6.879860299687665104e-02,4.970876704304206251e-01,7.189415888737825666e-01,4.525166952751267790e-01,5.369251788220692490e-01,4.485498887105873744e-01,6.225304141018197512e-01
6.280219683220535920e-01,3.607490501297977437e-01,3.686075503974618472e-01,7.352309973171187174e-01,7.315807793002293558e-01,3.556976176548908297e-01,2.375765166763086911e-01,8.283188991219792019e-01,5.836753018811614568e-01,9.696182079079755933e-01,7.125909410605132388e-01,3.707427228073541525e-01,0.000000000000000000e+00,4.577907157969625662e-01,7.814109655545918853e-01,2.738120203624169191e-01,7.744396203327248429e-01,7.679636139943835094e-01,6.022547848591514041e-01,7.028927038907312186e-01,7.477563797095991838e-01,8.383085000361679695e-01,2.561050091658245709e-01,4.378751822308060704e-01,5.205252892936010900e-01,6.973390847831140160e-01,7.348157491223795690e-01,4.121117504488551186e-01,5.552778958884069249e-01,6.836803181451468481e-01,3.101671630896986609e-01,7.919401355662489816e-01,7.588407735260400688e-01,8.722224181611618610e-01,7.617460454531770342e-01,7.348383212389335561e-01,3.216952478464700227e-01,6.410048480771121104e-01,7.222930881637050771e-01,9.216710459730492744e-01,5.786253552010646173e-01,4.746825358750659807e-01,8.594856128798071815e-01,4.704369502256389723e-01,4.805282192082934722e-01,7.558736231942039252e-01,3.139159949079121104e-01,1.224568104369128108e-02,6.845130116577468060e-01,5.263533093387710027e-01,6.607821116249935622e-01,2.695031648729948742e-02,2.920255084928251588e-01,6.073705083713458741e-01,6.519181776268870854e-01,4.369380062538132381e-01,6.452631239970365584e-01,6.268407726479341413e-01,9.634165659186818553e-01,2.751709237526583363e-01,5.613390919314901195e-01,4.935326212595651518e-01,8.807745715184622792e-01,4.556469588114239744e-01,7.261817255939748694e-01,2.823849929220557664e-01,4.101363391670529990e-01,6.826150039573916084e-01,5.270322342729975018e-01,7.709155495833915905e-01,5.381688721083934812e-01,5.373753999673915871e-01,4.407275384524432238e-01,2.896033634560204462e-01,1.663822758889038911e-01,9.746349700336387478e-01,6.638573482630473199e-01,6.568456234752978462e-01,-2.284785402823399925e-02,6.699139184899061128e-03,7.898327511814846602e-01,9.358586207808292645e-01,6.210822062767797913e-01,5.970876389049291078e-01,9.200204155813296314e-01
9.637919765638642833e-01,7.180354978531831023e-01,6.253595599417626216e-01,9.791743966840789071e-01,9.761964834191445561e-01,8.894551983351295377e-01,7.622984247037334349e-01,7.309920864008340180e-01,9.184065694390936008e-01,6.164236536867758742e-01,8.218200401217938822e-01,5.939107546537065740e-01,4.577907157969625662e-01,0.000000000000000000e+00,3.263029025138929340e-01,5.491102887122516901e-02,8.199060301438494403e-01,8.936833306397314880e-01,6.117508891347239741e-01,7.678886473119233003e-01,8.823179008275765511e-01,6.058230175727110645e-01,6.967955517575292745e-01,9.582236920995857998e-01,4.558147791206557109e-01,6.358050033966420322e-01,7.612572510497183087e-01,7.828510482354589239e-01,4.244741406753206325e-01,3.732041792311779349e-01,2.383250538416400999e-01,2.018101082520831757e-01,7.085126149553246933e-01,8.820559442509139370e-01,9.216968015820400373e-01,7.966258231587346472e-01,1.580950766779901651e-01,7.748480989787286388e-01,8.735580517910537246e-01,9.031737467750993176e-01,6.061142491282698330e-01,6.929921776513062737e-01,8.547021059265036413e-01,9.430694468927798280e-01,8.503648949752152797e-01,9.776938310174415614e-01,4.211806354443012879e-01,4.328195687206923825e-01,9.729204534855263597e-01,6.988559989504223857e-01,6.345679134022484957e-01,9.329351885905743380e-01,7.504486724653405272e-01,5.248879822482644952e-01,8.926560129358698248e-01,6.434048573430095619e-01,4.599647455885340630e-01,9.402712181300323380e-01,7.998942135147160126e-01,2.031915172412174786e-01,5.136285904406368008e-01,7.968595264638839160e-01,9.130266630983876475e-01,9.954542645220034736e-01,9.617197074099089749e-01,9.434235559820207673e-01,7.696997010170418818e-01,7.110990644795766036e-01,5.585707295051680621e-01,3.848314047768757185e-01,7.903579113992603711e-01,3.228394389106216122e-01,3.075345797795459024e-01,-1.796613619873075607e-01,4.840043615454505121e-01,4.921626648762290612e-01,2.209065923805254017e-01,2.745017690289618950e-01,7.081776185301347226e-02,7.330485157157771992e-02,9.392063697303515424e-01,2.045368288864115036e-01,9.241517523934481559e-01,5.454986769395870905e-01,5.209242168075335355e-01
9.090952915989071181e-01,5.751716756723515012e-01,7.831109526037156598e-01,8.024990673508995975e-01,6.155716104357926710e-01,4.424989892241347200e-01,6.432468132945603490e-01,5.463892487062772529e-01,6.403240080215530927e-01,6.328934476653911290e-01,9.716332569740326885e-01,4.782680036897440368e-01,7.814109655545918853e-01,3.263029025138929340e-01,0.000000000000000000e+00,5.721536061333698520e-01,8.602391434794702807e-01,6.990711578027983819e-01,7.857396591882455095e-01,6.460772498616316195e-01,7.616554465381321082e-01,6.403672829465263394e-01,5.134576952170785136e-01,8.851750738364555504e-01,3.245586767286874896e-01,2.491374037918644424e-01,4.585379109564097222e-01,4.917855149547934457e-01,5.985380098015129491e-01,5.431355936217380220e-01,3.268544540842382995e-01,4.662574340046997112e-01,7.948990042507633746e-02,7.427539377689986733e-01,6.080970540673492630e-01,-6.582750427561886997e-02,2.782176272579228726e-02,-1.629800413364589640e-01,5.780140609043717959e-01,9.862655783429847833e-01,2.658397322041441413e-01,5.840428899078955460e-01,7.659961759331150866e-01,5.635722488131493790e-01,8.366430482549869208e-01,3.778045037245725268e-01,6.106024117012369690e-01,3.987954660452266431e-01,6.330593931300405597e-01,4.130125248335680954e-01,1.592835190226842834e-01,7.386540611903295028e-01,6.860135214206698473e-01,5.579107458600498504e-01,7.228209201779531856e-01,4.692101759031130359e-01,6.799151787650302703e-01,9.497909648554313522e-01,3.807417098649761300e-01,3.040436484408975404e-01,2.105660491864546902e-01,7.141753698060178124e-01,6.586451092696917753e-01,5.482232408797370615e-01,4.834162493053575371e-01,5.171878790375195045e-01,7.852279724601823885e-01,4.780829955917270668e-01,7.282559661402840945e-01,6.225408927825448746e-01,3.802079902139958723e-01,4.204107058263401586e-01,2.810804740386973477e-01,2.543220173940156092e-01,6.515253480410231335e-01,6.169687765548952374e-01,6.228116118218703923e-01,6.843979841522646046e-01,5.910173707531503062e-01,3.254873453965450580e-01,4.710299351068946150e-01,9.881528210540846402e-01,6.348121642055413183e-01,-3.234359662803455993e-01,6.260094233553183951e-01
3.475718666019240732e-01,9.712699187663679234e-01,9.418222485655021181e-01,9.748256635235214018e-01,1.527215060360781751e-01,2.611945944026508593e-01,2.275135020895152349e-01,6.750971749026949409e-01,7.403991986358313682e-01,4.461996474127900014e-01,7.920439615834129476e-01,5.335299657227434711e-01,2.738120203624169191e-01,5.491102887122516901e-02,5.721536061333698520e-01,0.000000000000000000e+00,9.262478317821328799e-01,8.552157394817122560e-01,5.851711177592080482e-01,5.351334059609131888e-01,7.432683842261782470e-01,9.182467285606846774e-01,1.008945325707411578e-01,7.693541534778224333e-01,2.968450983471702664e-01,9.823969670358657647e-01,4.991506846215549853e-01,-6.414079069228123542e-02,6.687293398152684976e-01,5.767555815479145087e-01,4.583611059538927890e-02,3.973673308726850539e-01,6.815983736038452312e-01,6.097843343268700700e-01,9.365418664516735880e-01,3.687562150107457359e-01,7.988785329819874104e-01,6.944862179148408865e-01,7.049677769344491196e-01,5.823323731317996410e-01,5.799571356636415986e-01,8.514641127534832155e-01,6.027007516957024746e-01,7.282460773613659288e-01,9.935878142731016105e-01,7.061879305175361443e-01,4.485270572734574857e-01,9.658262393649659217e-01,5.882636033737356218e-01,8.979941161845859110e-01,4.606413075569877336e-01,4.181055244765878864e-01,6.413195628005698978e-01,4.988758494965718215e-01,7.128844046252899025e-01,4.786008955964047296e-01,6.769597376118489107e-01,6.195306282401094045e-01,6.873642727951734255e-01,5.974604786542283552e-01,9.022535169707993075e-02,5.329537162480024737e-01,7.902875485812329570e-01,5.899029410668218398e-01,6.760537802839611254e-01,4.805505487512176099e-01,6.471668467556976889e-01,9.491238655917634270e-01,7.937689074133070788e-01,-1.347687982749621316e-01,7.581811735585644030e-01,6.630234492190614226e-01,6.350461184575394435e-01,2.506920643089260992e-01,3.071770795159762257e-01,7.300297066906294430e-02,6.466353544919940521e-01,3.607665176164997489e-01,9.173357246031046963e-02,2.922329305481193851e-01,3.866222098874826374e-01,8.866486368400811058e-01,9.207285506947635589e-01,4.130950424063764004e-01,4.834436242952022678e-01
9.762973339512567295e-01,4.534047907602672955e-01,6.269793688447807822e-01,4.864063508643426958e-01,4.743279097681428746e-01,4.333708700159720206e-01,3.549088153369202026e-01,7.418628541382825681e-01,7.127145257320117722e-01,3.390282645160099251e-01,7.951058639606095602e-01,6.714841306306300606e-01,7.744396203327248429e-01,8.199060301438494403e-01,8.602391434794702807e-01,9.262478317821328799e-01,0.000000000000000000e+00,5.627328999083177630e-01,7.863224204458976185e-01,8.093590656684584994e-01,9.298432595173967696e-01,6.300590874393489083e-01,9.015504878836106961e-01,5.072923828943177726e-01,2.268617882847219214e-01,6.173583790573672347e-01,8.776591019803651195e-01,7.925991010568527173e-01,4.967173115910647474e-01,3.507218348252908457e-01,3.574579128179685705e-01,7.654896447779262481e-01,9.402005658389088749e-01,9.658089261136784121e-01,2.904483865340031779e-01,2.707401371717576555e-01,4.121202721064678443e-01,7.976746168092958555e-01,7.191568960974751290e-01,6.739046842689986327e-01,4.533504023051662668e-01,4.318903819024071944e-01,2.588742046127264218e-01,3.308805748321791973e-01,7.378586699342710720e-01,7.553379433348572647e-01,6.166525824728038563e-01,6.348834521160623412e-01,4.463970271171339155e-01,4.413949881334399139e-01,6.987392918652558516e-01,9.603435003526561431e-01,7.890478537554935778e-01,7.328482283554127452e-01,6.394293906102922476e-01,7.649840227938695669e-01,6.036338117476522935e-01,7.339147059842896503e-01,6.216296979125508493e-01,5.725042454199936737e-01,4.725669246971019311e-01,9.984859514659856217e-01,6.086114995834828179e-01,4.627077741716514869e-01,8.976300436788521298e-01,3.068720209093557250e-01,3.977168711729268669e-01,8.182981293464764994e-01,5.363857810002086168e-01,6.342987999513645114e-01,9.410515580989602391e-01,7.354032763156316266e-01,7.923450086808744297e-01,1.211428142712998174e-02,6.077579868112477079e-01,4.437836973883925173e-01,7.311316249207990836e-01,6.724534639725003871e-01,6.919604720052853208e-01,3.684440966710017529e-01,9.739792996856803109e-01,6.191146556742113116e-01,6.652035552822322950e-01,7.650153809586510700e-01,8.250102723946638461e-01
9.274700349127698029e-01,7.691515831339269527e-01,6.244766066976376040e-01,8.638261584514361768e-01,4.267741675764694653e-01,5.069652257270101936e-01,9.572747009588278289e-02,5.666724065115003039e-01,4.393124710952047707e-01,7.063607662294032474e-01,5.484441193451793373e-01,7.143022859291756621e-01,7.679636139943835094e-01,8.936833306397314880e-01,6.990711578027983819e-01,8.552157394817122560e-01,5.627328999083177630e-01,0.000000000000000000e+00,5.117739659644480188e-01,6.100274788718937913e-01,9.180015121057581995e-01,3.917148649932855609e-01,8.596240763462716927e-01,6.962815393890997573e-01,2.121384111688472685e-01,1.228551347857906872e-01,6.245510122251513030e-01,5.330397176458137043e-01,6.662487352047761213e-01,5.141471407915613190e-01,2.328984626048671847e-01,3.678035373846882949e-01,5.624767365926006679e-01,9.199342079055339294e-01,8.646185073068481941e-01,-1.619236328555959115e-01,5.256126150373394701e-01,9.410787735586430003e-01,7.653024716751435363e-01,6.359138525788460283e-01,2.824095230231519205e-01,2.604501859973836209e-01,6.650795522709431751e-01,5.145039390299921411e-01,6.646193503369030031e-01,7.915541583085574651e-01,6.952873047802138329e-01,7.332379547952455612e-01,3.358695158953564075e-01,8.166463132240426859e-01,5.612749524856135430e-01,2.213681072988495646e-01,5.246423644136577469e-01,6.028499842111010310e-01,7.637326154620162066e-01,5.318400971349477313e-01,8.341028227789071270e-01,6.508339194829587671e-01,4.397919563705675605e-01,4.629242532118142406e-01,5.251102569706281864e-01,5.724117114064911638e-01,6.150535078901545605e-01,6.181209039088250146e-01,7.278833757755831524e-01,7.942004354371763331e-01,6.334183749782433814e-01,8.053727931006142704e-01,3.204173174228916454e-01,5.605869923832270674e-01,8.892644515953975759e-01,6.119702598585549103e-01,7.302853265542502692e-01,9.269601489714784925e-03,6.676332355098140159e-01,2.728390779042914049e-01,3.062751472523265184e-01,7.221152458514994432e-01,3.778071652256251856e-01,6.481539990123389439e-01,7.629104153367713970e-01,8.486125030065707620e-01,9.297565080449136099e-01,1.098728132820648018e-01,8.949721464540363325e-01
