0.000000000000000000e+00,7.263323996916599690e-01,4.402285844606588228e-01,8.333510641259752605e-01,8.116901622588775789e-01,5.913462030647141932e-01,7.678581708359191182e-01,9.210070368391041207e-01,6.562825602981765538e-01,4.488979766825267892e-01,3.304846719454637705e-01,4.921501354452773036e-01,4.782714424702993461e-01,9.658009722287397292e-01,6.754615034503234083e-01,9.672826342484786011e-01,4.504667199715245984e-01,3.441598122027831469e-02,8.760404882106227475e-01,9.871540920270156505e-01,9.973260072166538759e-01,8.056271207753804564e-01,8.195958115630209706e-01,5.928740279093721588e-01,9.259075649059829161e-01,5.121949481746563837e-01,8.818685286585736804e-01,6.212955478003117094e-01,6.358539457753139557e-01,3.582099958515960192e-01,4.367216301919823462e-01,6.268462039992697132e-01,7.999623529751702655e-01,7.546504372019680051e-01,6.479977424793917917e-01,7.665462297434829653e-01,1.637898814429585848e-01,5.951567336776818484e-01,9.447001692692573727e-01,4.168058995436295655e-01,3.938120590659932585e-01,4.776214766612469909e-01,8.200296426504177782e-01,9.472254502862584857e-01,6.311650132484831754e-01,6.630850888680842603e-01,8.817962516798585337e-01,9.056619248483818163e-01,3.471832954981747266e-01,4.173591719519310073e-01,7.114865685563388498e-01,8.878689308764154964e-01,8.240443161026302921e-01,4.470630359029558742e-01,6.242963275229557185e-01,6.985249003756932584e-01,7.856619470356926982e-01,9.867046414361542173e-01,4.088219302081279594e-01,7.737327322537639329e-01,3.777082061213146158e-01,8.679149825959765474e-01,7.339513286310159756e-01,-4.803699505943126447e-02,8.808565298356306750e-01,6.529040866224506967e-01,7.992940912426786948e-01,7.552409496359329122e-01,6.129346277361832351e-01,9.650913394713384053e-01,6.659962789172689801e-01,6.553598881371550666e-01,7.925008625107872184e-01,5.042703743404020056e-01,2.830941101160852624e-01,8.955917697120308052e-01,6.391486156159805754e-01,8.777550774255783450e-01,1.082187918769959983e-01,4.901229564265867089e-01,8.192931479696325958e-01,9.767683804095841360e-01,5.936408293270278858e-01,7.807342202150888699e-01,3.799425006823359263e-01
7.263323996916599690e-01,0.000000000000000000e+00,5.047391331600113995e-01,8.137271849718564765e-01,6.951585615336562940e-01,6.547573380883449090e-01,8.395536566793248001e-01,5.024265194736484696e-01,2.162840405107502861e-01,3.416906789545241518e-01,3.476664505805715510e-01,8.909685846186655711e-01,6.026384769155484350e-02,7.924867763670043752e-01,7.264500499603533390e-01,8.024819601716140505e-02,9.481584288419316886e-01,1.907775960179723673e-01,1.696751370610952991e-01,4.287229039960917532e-01,6.806658099482190138e-01,2.135565714171394625e-01,7.543541101489378287e-01,5.322801889396644448e-01,7.078791578489066483e-01,6.199320520308614357e-01,6.632384889602649380e-01,7.831539654741094258e-01,4.903004955799176168e-01,5.163992159041750352e-01,2.785279658271644365e-01,3.326560166284099340e-01,-3.788635856438967719e-01,4.953760636556223673e-01,6.338936428078228991e-01,7.624312526895131725e-01,2.902382801425105741e-01,5.880676937072262245e-01,7.414802048445394700e-01,5.842867725208578111e-01,1.775509166760917135e-01,5.331443639716646477e-01,3.791430061831864151e-01,9.348837615890831509e-01,6.613211592155269214e-01,6.328230709387530073e-01,7.602621163670710835e-01,1.806671761898607231e-01,6.257900537285870923e-01,3.768048116164630645e-01,2.147264175334783476e-01,6.592641270865897685e-01,6.704981228601487597e-01,5.744536214082256453e-01,8.601510189987777721e-01,9.039887788312949146e-01,6.302121242651691491e-01,8.665584186047874393e-01,5.085427698201929747e-01,1.017315028780613750e-01,1.152141080404261164e-01,5.046566249381859715e-01,5.388139905288842346e-01,9.380244664560489776e-01,8.472014601413329071e-01,8.962510404439897327e-01,5.957400250241908779e-01,8.216731035009909867e-01,3.313289804668885230e-01,9.318410121500290133e-01,4.471870204710823860e-01,-1.054697420282309783e-01,1.176998063355610413e-01,2.323011843923123709e-01,6.289561842328790231e-01,8.225416911615617277e-01,9.819993329466903953e-01,6.122639255178722317e-01,4.466251463538108424e-01,3.823751073011155688e-01,9.556406825957952655e-02,4.191387865647229205e-01,8.549437101138088746e-01,5.937272460443174804e-01,4.902048754446399759e-01
4.402285844606588228e-01,5.047391331600113995e-01,0.000000000000000000e+00,6.759304812297993736e-01,9.293623344112418305e-01,6.734703406457813735e-01,8.521094790416727793e-01,7.237568922974241259e-01,5.461327128050886826e-01,2.033825532084370113e-01,8.552901489071245145e-01,7.897678790972787466e-01,2.331975034608882447e-01,6.080716641892177643e-01,4.109188079713537722e-01,8.070400926991050383e-01,5.342140512398469987e-01,6.159683959139641285e-01,3.877703242725982768e-01,8.017158609450233397e-01,9.601586110374776828e-01,6.036097363687253914e-01,9.447562605467516583e-01,7.825654017763548076e-01,6.289600614169410520e-01,7.720085825923039824e-01,9.337435390151245240e-01,3.972557720065086895e-01,2.186117952512342533e-01,5.943657348460444911e-01,2.530869826885367990e-01,6.358210678734986798e-01,9.715152731377459938e-01,8.071409278106806973e-01,9.410724956948626208e-01,9.642017184871785884e-02,7.534377201920557099e-02,8.100398458311370842e-01,8.414393621186070371e-01,7.861248693401646781e-01,4.620815387160910892e-01,5.034328386326507587e-01,7.583323137404253123e-01,4.178790086042206697e-01,7.487778449836001160e-01,1.550613207622814071e-01,5.103846961957407835e-01,8.528130348817991591e-02,9.781870030575140484e-01,8.457951731387394201e-01,6.586925903123792558e-01,8.285244067545530777e-01,8.529247606196388443e-01,6.403337645373372577e-01,5.266880226283874311e-01,8.262244452697418140e-01,9.757368812000896119e-01,8.054725520249936821e-01,7.456492777430179242e-01,9.995313838437454301e-02,5.596975745251278056e-01,4.438911897337060042e-01,6.955838603490430705e-01,2.219096184265167415e-01,8.806447821777566576e-01,9.095946742432822196e-01,1.312657516541383129e-01,7.909814602614089196e-01,7.862997227269485911e-01,9.963158561648521871e-01,4.949450896674947864e-01,9.668984240490938742e-01,1.338055697209379058e-01,5.540066216539332178e-01,9.293964048992217064e-01,9.312646003307921694e-01,8.113773010689362408e-01,5.328213812705914210e-01,3.895502828957273511e-01,5.662099773647137901e-01,8.890409588770333826e-01,7.354235514276818986e-01,4.824870205156739367e-01,5.550899918375752362e-01,2.422280750669955074e-01
8.333510641259752605e-01,8.137271849718564765e-01,6.759304812297993736e-01,0.000000000000000000e+00,7.627724825921246010e-01,8.274138642405982624e-01,4.469662781103946325e-01,9.670927262511451739e-01,2.066279704971345776e-01,5.994217718898345870e-01,8.007536310254967926e-01,7.272301177611966150e-01,7.758442950339748956e-01,7.114260933700170542e-01,8.635934363993560403e-01,9.430262045014878858e-01,5.987486285778809147e-01,8.698184122241315874e-01,6.044264115064870158e-01,6.658755814824024455e-01,8.551457517453390222e-01,5.969067855414689205e-01,6.056118217391772696e-01,6.545879309400695067e-01,4.788901257626442809e-01,7.206524333883265188e-01,3.770609257874191211e-01,6.017202937600359958e-01,6.933132473127642248e-01,2.703351370774605966e-01,3.786454601657462393e-01,2.521280241984751314e-01,7.168247391288991022e-01,4.011252994167479047e-01,4.771979446844858835e-02,7.116693349353797604e-02,2.614141664952921440e-01,5.342385139359255852e-01,8.935799681630828273e-01,9.562215538043904450e-01,6.229643560613887798e-01,8.840300585867668648e-01,8.950071701713224748e-01,2.335095520314465212e-01,9.647966233631219968e-01,7.380805979072075917e-01,6.942449648988979760e-01,6.984171299927359744e-01,6.083655350423793351e-01,9.480220264720125023e-01,8.984401747586961973e-01,4.067710952811278702e-01,9.313167428065896036e-01,6.040430048711212807e-01,7.965455668811221024e-01,6.911123373170648954e-01,7.982757657353628522e-01,6.217045705280156431e-01,7.903449451693430605e-01,4.562882252339915401e-01,3.443266434947687693e-01,6.108836351355072525e-01,8.132032144443031019e-01,4.163850958505304067e-01,7.553860095463815760e-01,2.856599604859878516e-01,4.951623442323224711e-01,6.150627290229140343e-01,3.287824271787663788e-01,8.166130926537328305e-01,9.016631243590657041e-01,2.395152876669703335e-01,4.749186716134307096e-01,7.103477824528874329e-01,9.549384274399800310e-01,7.249831796624689462e-01,4.772595597347122354e-01,2.810208638345750298e-01,2.286868246030985818e-01,2.389537649783422535e-01,4.361647191111275301e-01,6.970093343894865345e-01,4.052855249433127693e-01,6.609397563159545852e-01,6.863989230944238518e-01
8.116901622588775789e-01,6.951585615336562940e-01,9.293623344112418305e-01,7.627724825921246010e-01,0.000000000000000000e+00,3.757553553451561390e-01,4.407717558581060735e-01,6.161479589860952011e-01,1.557125136585201242e-01,2.882438200234567205e-01,6.721634677630772270e-01,3.804933456428341021e-01,9.772607256844177970e-01,2.581302547321600582e-01,4.028793383171885290e-01,5.562355283373969783e-01,5.457350763249522174e-01,3.552029716873531529e-01,7.717299997277948798e-01,8.048632741553799486e-01,6.883710343678096644e-01,2.810522395943635954e-01,3.039991839032845089e-01,9.385467718860668329e-01,5.130428302216573089e-01,4.154445364784098427e-01,6.395141117129762298e-01,9.121989143377812193e-02,7.052312972520689005e-01,4.721306525219883254e-01,1.996549943040501485e-01,2.469590842947327336e-01,6.702483561539740453e-01,6.498503039404569526e-01,4.970809116889430834e-01,3.054848222643283817e-01,5.149377448408216651e-01,5.083098793375059321e-01,8.029785707503768188e-01,8.425995969781803208e-01,7.214597078184492585e-01,6.352844936651406149e-01,7.600890284992207757e-01,7.292542599094224975e-01,8.920706936067562820e-01,8.756711587072524283e-01,7.807539039982417384e-01,8.491340443674242344e-01,7.500288864108087261e-02,1.047944659603786133e-01,6.569783589673443558e-01,1.510659292978819013e-01,8.071788201213652147e-01,2.729749080323884761e-03,9.625769700829881481e-01,5.002467021154930471e-01,5.642817359705180058e-01,6.662089903261283474e-01,9.402027482741038833e-01,2.384577196300400326e-01,6.900327115931839117e-01,5.557741374713759397e-01,7.617930975261042459e-01,4.536601775649355406e-01,9.450763485821702670e-01,3.901102483994195458e-01,4.880753232253683960e-01,6.238725901553419106e-01,3.497337727287970210e-01,9.233334117515261674e-01,7.626555525205613861e-01,7.075914642085282535e-01,1.115669542611976289e-01,5.764853308553448130e-01,5.799278374847964823e-01,6.789053937048916687e-01,6.074522248010977288e-01,9.063138283826315256e-01,3.422646844993546544e-01,5.655860710934531577e-01,6.136128355321586181e-01,8.038869755293229780e-01,9.848507767673351232e-01,2.878968779342493400e-01,2.095904870291745159e-01
5.913462030647141932e-01,6.547573380883449090e-01,6.734703406457813735e-01,8.274138642405982624e-01,3.757553553451561390e-01,0.000000000000000000e+00,3.868182956532063566e-01,3.805103087450998345e-01,4.780674882695098993e-01,7.681607071440945678e-01,8.751118010298862826e-01,7.059432227817674654e-01,3.324166095276660515e-01,9.406079560022555519e-01,4.981341829148743239e-01,7.480087081791505499e-01,5.518067911051505181e-01,7.239182886313455523e-01,7.798413262017810377e-01,6.480321308297369853e-01,9.452787777142558356e-01,6.956659430932425892e-01,5.599459632783521101e-02,9.468684936574781608e-01,5.301702386286789581e-01,7.984573111113129062e-01,7.948018724347217789e-01,8.123576783904806753e-01,5.990796666826490174e-02,1.668158970525830120e-01,4.562036009469588316e-01,4.199247885354853715e-01,5.174327288646581868e-01,8.908403250056835809e-02,5.507492306979021590e-01,4.339564976683558117e-01,3.086968204896685108e-01,5.593998796203883961e-01,9.812531455469504227e-01,8.276458906727819365e-01,4.469560186847834626e-02,6.696842035686104699e-01,4.794115514482422125e-01,2.449741863231951755e-01,8.221802114318894628e-01,3.823166572984521561e-01,7.139531587636183119e-01,7.882468925092496193e-01,6.003012568784192871e-01,4.301174370118224788e-01,6.995488991152389868e-01,2.835974261889073200e-01,9.508630949227991902e-01,7.855501090549631416e-01,8.951897243767992229e-01,7.564934209351381611e-01,6.967911186070596674e-01,6.227771398250327994e-01,-1.863779230020209954e-02,5.399472401131423238e-01,5.130044425760249549e-01,6.412744786564662514e-01,3.002073080506807989e-01,8.358872085565499654e-01,7.794109336265988563e-01,6.565718143403316276e-01,6.306647834770657823e-01,6.512464824684920384e-01,2.205411020138868528e-01,5.278856363826851528e-01,8.482489966209458832e-01,2.513573281506022994e-01,6.626641779081627881e-01,5.239421513961609600e-01,5.956218725375046485e-01,9.920137638819517267e-01,5.896719704904771486e-01,3.249279208536519636e-01,4.958541750878804888e-01,1.780572960363792367e-01,5.987482572125526481e-01,8.506587258149946873e-01,5.292623475988756931e-01,2.561112776246484146e-01,7.646322920171260140e-01
7.678581708359191182e-01,8.395536566793248001e-01,8.521094790416727793e-01,4.469662781103946325e-01,4.407717558581060735e-01,3.868182956532063566e-01,0.000000000000000000e+00,7.662728010204049589e-01,5.990960416645365605e-01,5.320878298856377420e-01,5.508810323218762406e-01,4.716664074537089135e-01,6.644702303505197749e-01,5.368914617213764728e-01,5.184840710954150556e-01,4.165989122828467894e-01,3.246228846730610518e-01,4.777234910385113609e-01,6.174828336311529720e-01,7.673111941572287042e-01,7.572546470481515968e-01,2.108028499295360458e-01,3.417697885126006474e-01,7.854245414698095562e-01,4.753443348286219838e-01,2.999841563941376132e-01,5.732282009644924514e-01,4.559830029696503306e-01,4.910661090302673726e-01,1.892399012797811308e-01,4.751573430638992290e-01,6.826354096615905309e-01,2.924460896458811465e-01,6.085377454341071024e-01,3.486544219452093474e-01,2.855805896763325968e-01,1.299271991892588518e-01,4.245432737732124928e-01,8.733082200763983005e-01,2.084519970619279905e-01,4.561775761984676603e-01,5.060501389757041668e-01,7.188564631217677636e-01,5.061429004458585235e-01,9.369705262990318806e-01,4.997539430512235037e-01,6.593594468787238316e-01,4.982681975037184241e-02,4.275166578101778914e-01,2.422310723660597298e-01,5.876656495086446386e-01,3.684600905328506149e-01,5.344625929487010207e-01,4.168489977370322674e-01,4.625123016387919783e-01,7.068521587663531003e-01,6.181385882997609826e-01,4.022360945294377044e-01,5.654854269714367776e-01,2.565784010738437204e-01,1.920228482078147614e-01,5.967075181172678544e-01,5.573518599111961791e-01,7.633175648409854519e-01,4.490780663817582896e-01,2.239976235853199382e-01,3.967446426199229270e-01,8.854433697532582137e-01,3.497363953833659833e-01,5.587009560371608563e-01,6.326123149331217554e-01,5.436133474601297921e-01,3.047527481441917874e-01,4.156267252205192442e-01,7.356932998358273190e-01,5.644690816547562884e-01,4.365171488210884410e-01,3.508149744367733414e-01,5.004691393421258905e-01,7.006503221879760712e-01,2.377063998471839468e-01,7.419216683688988345e-01,4.035639280375152849e-01,5.721251082291529677e-01,4.962377749058538012e-01
9.210070368391041207e-01,5.024265194736484696e-01,7.237568922974241259e-01,9.670927262511451739e-01,6.161479589860952011e-01,3.805103087450998345e-01,7.662728010204049589e-01,0.000000000000000000e+00,3.362872743108703544e-01,3.091280799733184814e-01,2.639127565465932967e-01,7.783892586667475744e-01,9.521386278382113488e-01,4.005214596329831900e-01,3.946657061096425778e-01,4.539585374993548306e-01,9.269515182502374717e-01,7.575969715189925235e-01,3.132510105191600447e-01,3.413416914418868076e-01,7.473783674077022487e-01,6.281532270260292705e-01,7.593108410140824160e-01,5.442971237294434994e-01,4.572103756332679958e-01,4.891945449330886708e-01,7.942806929426826645e-01,4.424881487948543746e-01,3.947230151410526799e-01,4.888763454707279466e-01,2.847844574569412535e-01,5.006603627914681942e-01,2.908286971522223707e-01,6.954975151351108220e-01,4.140874127818947592e-01,2.431263645179049249e-01,5.055346116849073201e-01,-1.927431263688955954e-01,9.198339282394734084e-01,5.708254583049130471e-01,6.355691106700926962e-01,7.056070730076736686e-01,9.097527345735622051e-01,3.093382921645407846e-01,9.062745969285815884e-01,4.790193641023890447e-01,5.121171308121887922e-01,6.649970995716949496e-01,6.586115966307850567e-01,7.476315910604696136e-01,4.422025855747675760e-02,1.152059949983620657e-01,6.297946310689634952e-01,1.801141874736582604e-01,5.377070357510986831e-01,5.632133131278820315e-01,7.721349782783405447e-01,7.028127312396272863e-01,6.814184430376021284e-01,1.922884756062165357e-01,3.930142622287014498e-01,8.518798340891783338e-01,7.939237691969991406e-01,5.280625765384427961e-01,7.816749154195226090e-01,7.743062458476085430e-01,9.892011615597885443e-01,5.745486694632137015e-01,9.807696090263285926e-01,7.223666539653166296e-01,5.233751640298436314e-01,6.643862140395975224e-01,1.064256249139405863e-01,2.884521579771135436e-01,-1.581384963000185828e-01,2.308323906236792733e-01,7.476989485096869892e-01,7.597829861616570701e-01,7.886002381490653246e-02,5.721737497155289232e-01,3.029905322980713245e-01,9.682589314880500897e-01,5.426661321474914867e-01,-1.413580683657456039e-02,7.064885895789011494e-01
6.562825602981765538e-01,2.162840405107502861e-01,5.461327128050886826e-01,2.066279704971345776e-01,1.557125136585201242e-01,4.780674882695098993e-01,5.990960416645365605e-01,3.362872743108703544e-01,0.000000000000000000e+00,6.100997933685834429e-01,7.212686563006005525e-01,4.305849761754246829e-01,3.233027680034552542e-01,9.732324096304852956e-01,2.858533646988709598e-01,1.243540294049630818e-01,6.921705207188431075e-01,6.241293516308575873e-01,3.299307936690418219e-01,4.659012588568164914e-01,3.046441690328254293e-01,6.576763690083966551e-01,3.983985767105845399e-01,7.003895322058207862e-01,5.854574666650965709e-01,2.584501363000752394e-01,8.191360946485959360e-01,5.712098486007688436e-01,4.406667650708032125e-02,3.543747622445359013e-01,9.392270754059395960e-03,7.422210149914514332e-01,5.448221422827594917e-01,2.066516278867601142e-01,6.492239736296928632e-01,2.481389064658705637e-02,2.869094219371595700e-01,6.175475489958608399e-01,2.508913701243524197e-01,5.528586347006161361e-01,5.419874967833130386e-01,4.529267460977796644e-01,6.384706664250278108e-01,4.954833254730757752e-01,6.094811756858883323e-01,5.024550346299632153e-01,7.391670607404300375e-01,6.199531538634782679e-01,5.778101211376285296e-01,4.605317042826301277e-01,7.030740979930498735e-01,4.780044244829181332e-01,6.571004604103760638e-01,2.894565957951925617e-01,6.556027401117033859e-01,8.061437069506888209e-01,2.489191417731572709e-01,3.944232468351758225e-01,6.198795060038331250e-01,6.917634192280563976e-01,4.688441347728746211e-01,3.948088920303544080e-01,7.937641791811085312e-01,2.873983492296109943e-01,7.196524712809921898e-01,3.949888534429484704e-02,3.148041900273233495e-01,7.471605200508868450e-01,1.647588592676781094e-01,2.161598446218511160e-01,7.773413942747634531e-01,5.847042027732344271e-01,1.191089816655632738e-02,1.333645378550002980e-01,6.101766872090766958e-01,3.426062486037180221e-01,6.323503158594556695e-01,4.279974938988114763e-01,6.573346584858542618e-01,2.813836514173222447e-01,4.925302532758385476e-01,7.416735153568080330e-01,4.781715151132554520e-01,7.095944316984008626e-01,3.643468032753732766e-01
4.488979766825267892e-01,3.416906789545241518e-01,2.033825532084370113e-01,5.994217718898345870e-01,2.882438200234567205e-01,7.681607071440945678e-01,5.320878298856377420e-01,3.091280799733184814e-01,6.100997933685834429e-01,0.000000000000000000e+00,6.964660802863585909e-01,2.964111290340247229e-01,4.407873874600232722e-01,7.818915146647184011e-01,6.938956547235967109e-01,7.899252485300616300e-01,8.795050384833291712e-01,5.199987515269210991e-01,3.488032056224619204e-01,7.895274102350582357e-01,4.730940166272722402e-01,7.479840428629553895e-01,8.973951694869842788e-01,5.334119230882502505e-01,5.589876692361679389e-01,6.056214680773887027e-01,4.223620267835180853e-01,8.687211659647315898e-01,4.928098019605955948e-01,7.419819190928603758e-01,3.158336247200251301e-01,6.374654905512169289e-01,6.531597213769883004e-01,8.891794992177557422e-01,4.331244192639336354e-01,2.037511148923965565e-01,3.614678018132326809e-01,3.213603166611066486e-01,7.527393093185273942e-01,6.871989422752023957e-01,5.944705615322901648e-01,1.710545968032388675e-01,4.357792428782093497e-01,7.583071042481298596e-01,6.026440110104165360e-01,9.810287675940515539e-02,6.050719057327166306e-01,3.062816068248763735e-01,3.157453172003358288e-01,7.187042427517801313e-01,6.242871806386032230e-01,8.897142969125759748e-01,3.228693418379822710e-01,7.726890150626226639e-01,9.219150089437061490e-01,7.922402745477248320e-01,6.943763606856643289e-01,1.895411401716818878e-01,9.950984589846219031e-01,4.628841930059762744e-01,5.072317345210314299e-01,3.000043201457238129e-01,4.308774106265714221e-01,5.374925599247302177e-01,3.254091019549686381e-01,3.953819273892913433e-01,3.292209879116305554e-02,7.673884830524593248e-01,7.656718245612743612e-01,7.452331483880482166e-01,9.129339907223278372e-01,7.185595361815073634e-01,6.837247786036381170e-01,2.829815807916362669e-01,2.994433261087944831e-01,5.989472746302018091e-01,5.392698692538829830e-01,8.411509370395086060e-01,6.111988835815395094e-01,5.833150172455880966e-01,4.194841048132148531e-01,9.524078866540577337e-01,5.709471904018176280e-01,5.218625138792216678e-01,2.662341127721151723e-01
3.304846719454637705e-01,3.476664505805715510e-01,8.552901489071245145e-01,8.007536310254967926e-01,6.721634677630772270e-01,8.751118010298862826e-01,5.508810323218762406e-01,2.639127565465932967e-01,7.212686563006005525e-01,6.964660802863585909e-01,0.000000000000000000e+00,9.706919157016680177e-01,4.491775098529537762e-03,4.544457180470205526e-01,6.971298550425422125e-01,4.390329098008893816e-01,9.877148397792220313e-01,4.919833781111828674e-01,8.095734421575134787e-01,8.051998056778287838e-01,6.238881415000010477e-01,3.274017847449434138e-01,5.683289836914093840e-01,8.295515433742044475e-01,7.547321797842693192e-01,3.437711131485679528e-01,9.687336764736355077e-01,4.969904795486183580e-01,4.730616627839989707e-01,2.100008843512741752e-01,1.706745656767513497e-01,-1.967408112971391621e-02,6.803522861844788494e-01,7.928306006150047658e-01,5.186420204896088348e-01,3.257931272386642152e-01,3.862308446851141497e-01,3.290281386813447284e-01,9.050376095585657144e-01,1.388366918938867822e-01,1.396236632674844047e-01,4.816777175442021330e-01,9.559246619225666430e-01,9.912071420529140475e-01,3.467215641078535970e-01,5.118614663694044387e-01,1.795579601485948473e-01,6.481731544358595443e-01,9.602016296770436998e-01,4.511429942048040265e-01,6.836444971642297030e-01,5.944159357460389037e-01,8.929724133330138036e-01,2.256088254401303339e-01,8.338245045362202568e-01,8.343147813091770226e-01,7.345666683814882081e-01,8.594503807200106760e-01,8.393740430944676145e-01,3.263000687954960288e-02,3.419349032199630045e-01,7.495938768261992680e-01,2.484256810985680519e-01,9.440360335467422592e-01,9.411653722195382210e-01,4.151712822265588021e-01,4.203476559954825720e-01,8.965680149097745577e-01,5.342087312482109995e-01,7.321527188322531909e-01,6.705410914834912806e-01,7.249410074558907402e-01,5.811631284635179195e-01,2.973409717529454932e-01,5.927873514161318136e-01,3.344406346639727801e-01,7.618738532277548048e-01,2.588991197623206619e-01,2.816371240932105668e-01,1.269072017929130103e-01,3.510843333959646761e-01,9.911394984512775785e-01,1.105627652189649368e-01,-1.292367625494907912e-01,6.228707954988362827e-01
4.921501354452773036e-01,8.909685846186655711e-01,7.897678790972787466e-01,7.272301177611966150e-01,3.804933456428341021e-01,7.059432227817674654e-01,4.716664074537089135e-01,7.783892586667475744e-01,4.305849761754246829e-01,2.964111290340247229e-01,9.706919157016680177e-01,0.000000000000000000e+00,7.482164444524537217e-01,6.041511343954570901e-01,9.125088293582032106e-01,7.040257044114994756e-01,9.564904607670278169e-01,5.819651158857938045e-01,5.657934756030640333e-01,6.291267534843441034e-01,9.466707814061984250e-01,4.295027039697845717e-01,5.604231713092735490e-01,9.544294242825415164e-01,6.479688814587136747e-01,4.564607450123195354e-01,4.234812950465455250e-01,8.261161144769785247e-01,3.615259490725175606e-01,4.893274234178021653e-01,3.141741833806860895e-01,4.033429904079196548e-01,6.945198894589358352e-01,7.072249123663360004e-01,2.875237043692248085e-01,7.646949082096711203e-01,1.615170513402983815e-02,5.257121197351773967e-01,6.563414150828856819e-01,9.836280974606264049e-01,2.051687480334604130e-01,4.150251662809754660e-01,6.235909332116292836e-01,6.177923944264162026e-01,8.734193183310411390e-01,6.285354260554987249e-01,8.380691274741162156e-01,6.981366016898823412e-01,4.750903565349350322e-01,6.450790840237515811e-01,3.869991149790587004e-01,2.965645588960549306e-01,5.158408794090814098e-01,4.401656164765377355e-01,6.195987886449877413e-01,6.779015713194138648e-01,9.190983173595348443e-01,6.200043533109822480e-01,4.472468969356859780e-01,3.849718733409239757e-01,5.410460931375847826e-01,6.992142053136610746e-01,7.265240603240440409e-01,7.315361245206877250e-01,8.357805154783075618e-01,1.686453846767276554e-01,4.416220576247754104e-01,8.136507644013871721e-01,7.379991388831423915e-01,3.782042892190961014e-01,8.247350294490942701e-01,7.128911680531624384e-01,1.261481915043975444e-01,6.389193347182197114e-01,3.449213559998967615e-01,2.202499393498542346e-01,3.109873302220624303e-01,7.781683700734712827e-01,6.310226557845953765e-01,3.710134823087842815e-01,6.434008297001857501e-01,9.491038046335036338e-01,6.706042963152358816e-01,4.879546259580955225e-01,7.139570416468926650e-01
4.782714424702993461e-01,6.026384769155484350e-02,2.331975034608882447e-01,7.758442950339748956e-01,9.772607256844177970e-01,3.324166095276660515e-01,6.644702303505197749e-01,9.521386278382113488e-01,3.233027680034552542e-01,4.407873874600232722e-01,4.491775098529537762e-03,7.482164444524537217e-01,0.000000000000000000e+00,-9.946844924641512486e-02,5.251855736406613184e-01,4.704975764302972152e-01,7.556048763811160640e-01,6.182913870074669971e-01,6.156226940353368704e-01,5.294528273131874352e-01,7.208052598684898671e-01,7.332492631825653362e-01,5.200298416015274316e-01,6.910156925312963550e-01,4.799034956409916619e-01,7.492553309919752769e-01,6.145505619494134875e-01,6.350204625875759401e-01,6.560698519500580694e-01,-8.063056855811046031e-02,2.348522564112099087e-01,6.211724721168619956e-01,7.712991242518253410e-01,2.081928651737616487e-01,4.686670467418528330e-01,6.856229211903568377e-01,2.227348668337060522e-01,5.911335722550030702e-01,8.378897100646922613e-01,4.720256244265762513e-01,4.577478181133841084e-01,6.047374421372876396e-01,9.728818000749743788e-01,7.407332741301309031e-01,8.000337104250726528e-01,7.269446497893241599e-01,4.833888375893585221e-01,6.659553912254688735e-01,6.059353448392201802e-01,5.519594746078136938e-01,6.594439756613130754e-01,5.371397893834926052e-01,9.371942743980192780e-01,7.821052853965478890e-01,5.879288819777519493e-01,4.102343858649330488e-01,4.467639913585562672e-01,5.098348200495491644e-01,5.207304349054219239e-01,4.189139109932666916e-01,3.300873072320172907e-01,8.852424352844040500e-01,9.877769826180660129e-01,7.261884900441976098e-01,4.688084493308320999e-01,7.197630142872641912e-01,8.153575910414213590e-01,8.059922411344544457e-01,5.090014595442353684e-01,9.840564106850548942e-01,8.841323712882117603e-01,5.811454035760704739e-01,1.490565132629941003e-01,2.511948163379856824e-01,5.700451031350146636e-01,6.901031282434261227e-01,6.610547020465883383e-01,7.795327833428896680e-01,5.891990015738752806e-01,-1.541053812451972926e-02,4.715415746674108122e-01,7.120151683696716027e-01,8.735814049192737185e-01,1.471287902022843930e-01,6.112645020352852621e-01
9.658009722287397292e-01,7.924867763670043752e-01,6.080716641892177643e-01,7.114260933700170542e-01,2.581302547321600582e-01,9.406079560022555519e-01,5.368914617213764728e-01,4.005214596329831900e-01,9.732324096304852956e-01,7.818915146647184011e-01,4.544457180470205526e-01,6.041511343954570901e-01,-9.946844924641512486e-02,0.000000000000000000e+00,8.256867218215604431e-01,8.628376813071587659e-01,5.781799123374564697e-01,6.961640615085976647e-01,9.168508542782038973e-01,7.494394400018479230e-01,5.681690991081416175e-01,7.894475229580677489e-01,6.483005391657621352e-01,8.258365723093153976e-01,5.091971360671924129e-01,7.797788783108603461e-01,5.873456150161974199e-01,7.239860376806732667e-01,5.936447227843939523e-01,6.855414928212759662e-01,3.232630441111620234e-01,5.929884590733633942e-01,9.513906094680028014e-01,6.450962268974329561e-01,7.580318975780399038e-01,3.934086331826149863e-01,3.050558211431438349e-01,5.866026096970921033e-01,8.731305539864525622e-01,5.552988203310375015e-01,6.617623738539898381e-01,6.842164070126965925e-01,8.691359869228788559e-01,2.956851743989460934e-01,7.583015117258088411e-01,8.822202814717355901e-01,7.712625178366599998e-01,6.519714309951465392e-01,4.178624912252706380e-01,1.513576761894702971e-01,1.593097959944309305e-01,9.894230714181242448e-01,4.707452621990677599e-01,9.162046585454912684e-01,6.636183707527526510e-01,8.985287662163797817e-01,6.343908355721217251e-01,7.790184345401579558e-01,7.978547530200243987e-01,6.823487306224612636e-01,4.816695793647906010e-01,4.409176334485627180e-01,3.881622603555884288e-01,6.979854236870014494e-01,6.327361966821769546e-01,3.556935294449539153e-01,6.232219679325644579e-01,6.543011007740633378e-01,4.422846929072266620e-01,6.901380499047291561e-01,6.796749095627602211e-01,7.435967963268661496e-01,1.883338462423874426e-01,1.436068172693964751e-01,4.632116644279740680e-01,5.888993276234764096e-01,4.738027074297903596e-01,6.402710607988731928e-01,1.517379295053042088e-01,-1.407269268307302368e-01,5.943743008245871984e-01,9.907808179816931515e-01,6.648936205122673027e-01,3.273877703089629332e-01,6.839424810281045097e-01
6.754615034503234083e-01,7.264500499603533390e-01,4.109188079713537722e-01,8.635934363993560403e-01,4.028793383171885290e-01,4.981341829148743239e-01,5.184840710954150556e-01,3.946657061096425778e-01,2.858533646988709598e-01,6.938956547235967109e-01,6.971298550425422125e-01,9.125088293582032106e-01,5.251855736406613184e-01,8.256867218215604431e-01,0.000000000000000000e+00,4.354797026022487749e-01,4.160229431701588654e-01,5.519626807542393765e-01,7.686245032790769427e-01,7.842953138206554264e-01,5.612387215098868509e-01,2.094983640872283837e-01,6.747424695381158966e-01,4.823548790754776938e-01,2.247782045339819512e-01,7.533876056990722603e-01,6.012195712509721401e-01,7.693048239421396151e-01,3.163080216865150618e-01,2.534544844661252294e-01,4.695978274425647858e-01,4.560343139452022743e-01,6.550993998760653581e-01,5.588737695676514461e-01,6.768091653484900050e-01,2.720268618230019531e-01,-1.027362254959105631e-01,6.537278939810200473e-01,9.566708867668206606e-01,1.750750811041112409e-01,6.558267171341629620e-01,5.170786785377862183e-01,2.029860977879125450e-01,6.349164022296944765e-01,7.355772599325792749e-01,8.624111917613541678e-01,7.457939200222438725e-01,4.052703296106809905e-01,5.978337535989772800e-01,4.494886132671784829e-01,4.191293515661883018e-01,4.473523166695625441e-01,8.127828544476309869e-01,7.728225102548708092e-01,4.825100910965335332e-01,7.569358915183597158e-01,5.814779706390000857e-01,4.918275964338147954e-01,7.313922479897414508e-01,6.357858143015228114e-01,5.256020588733443244e-01,5.493802268470563410e-01,3.405805415972946726e-01,3.908449447425806911e-01,6.214990284879879923e-01,5.147923003921467400e-01,4.047356882233921760e-01,9.674567092997743423e-01,1.276453039894654695e-01,7.677369630279392565e-01,8.897487752136170602e-01,6.247051949628230627e-01,5.262470559924066482e-02,3.142891691112024710e-01,-1.127543592224032887e-01,4.201110416519053259e-01,8.129457607156451715e-01,4.112905224358797129e-01,4.080607348948756541e-01,5.214210610567706627e-01,6.146125567547779944e-01,7.761399403656159546e-01,1.685862307088948908e-01,-3.814812863329542503e-01,5.973394505298761370e-01
9.672826342484786011e-01,8.024819601716140505e-02,8.070400926991050383e-01,9.430262045014878858e-01,5.562355283373969783e-01,7.480087081791505499e-01,4.165989122828467894e-01,4.539585374993548306e-01,1.243540294049630818e-01,7.899252485300616300e-01,4.390329098008893816e-01,7.040257044114994756e-01,4.704975764302972152e-01,8.628376813071587659e-01,4.354797026022487749e-01,0.000000000000000000e+00,4.330892036279653246e-01,-1.093423470774859962e-01,5.277327493633746647e-01,2.825599307512758895e-01,4.696840820994639953e-01,5.019812340619186353e-01,2.297745341640569650e-01,6.597512965978828969e-01,4.659762070142831614e-01,6.070614058803323054e-01,2.834555076983691357e-01,5.478940278823749566e-01,9.499924880385224313e-01,3.689615381742211708e-01,7.505571239249578253e-02,7.346469235229559080e-01,6.987350663952630603e-01,8.624795089140665505e-01,8.737677882840786392e-01,9.899303115380826690e-02,5.872819483366262805e-01,2.868369313312522650e-01,9.269686200215523364e-01,4.483010699015890776e-01,5.351660921889500599e-01,8.865573468571085192e-01,9.999303296740945646e-01,9.026886359663960357e-01,8.676334589097750571e-01,5.055238897034652901e-01,7.128407800275110562e-01,6.186447340115071025e-01,7.646143338912976262e-01,4.518544738670727812e-01,2.579859993883974467e-01,3.938594312260595975e-01,7.870629075091432059e-01,5.343446535255162999e-01,9.183986206031496957e-01,7.239376719447908615e-01,2.712061716632717112e-01,8.162836200550926957e-01,5.658895457245244343e-01,3.555070793820426234e-01,4.694564311128023304e-01,7.704269495326032668e-01,2.289749250958801052e-01,7.513308642418980998e-01,9.475457418468464788e-01,7.153483789752467237e-01,2.784710718940315299e-01,6.755213588875907949e-01,6.173192364291771872e-01,3.296518324808943995e-02,6.544228387014715542e-01,8.762658885435985479e-01,2.297944754156266700e-01,3.563411022639508818e-01,7.895488055620004664e-01,3.524751270156445404e-01,9.568193299538638730e-01,3.584711050899913598e-01,3.267455457985851131e-01,1.664757530216813830e-01,-1.144374277498824283e-01,9.318821420627567687e-01,6.832146301075084915e-01,9.639130630161643065e-01,5.707804986082559706e-01
4.504667199715245984e-01,9.481584288419316886e-01,5.342140512398469987e-01,5.987486285778809147e-01,5.457350763249522174e-01,5.518067911051505181e-01,3.246228846730610518e-01,9.269515182502374717e-01,6.921705207188431075e-01,8.795050384833291712e-01,9.877148397792220313e-01,9.564904607670278169e-01,7.556048763811160640e-01,5.781799123374564697e-01,4.160229431701588654e-01,4.330892036279653246e-01,0.000000000000000000e+00,9.934888323327037973e-01,4.080865831696561807e-01,1.250953353712027927e-01,7.653728706122020498e-01,9.260221523872917970e-01,6.841600806238145038e-01,8.865678912377120691e-01,7.596808692565286680e-01,4.755663934265257353e-01,9.736929455861673688e-01,5.558534803571835159e-01,5.634931810659283835e-01,7.583706618938752531e-01,1.280445762652984154e-01,3.635703108342830392e-01,7.919080477343916069e-01,9.616701289624761673e-01,3.339115526945417578e-01,3.070301277893058289e-01,2.650497361127581164e-01,2.135070950451775362e-01,9.839792491743283298e-01,7.880885516773735722e-01,3.359736854372612491e-01,9.286739154085422721e-01,7.539315641473154361e-01,3.161637476578600392e-01,7.799528416609865511e-01,8.964059351441047152e-01,3.362504534865543571e-01,7.307171402811381000e-01,7.762577772548516775e-01,7.831881756635070690e-01,8.062027920850871610e-01,5.806044640040511906e-01,5.792229567049356209e-01,5.048122268350256903e-01,7.310215019744188414e-01,3.188653660260668543e-01,9.286842993048634032e-01,8.487452161238567827e-01,6.854558966979538148e-01,2.133519316079056649e-01,-1.667286728674032825e-01,2.787877769064949218e-01,8.779428541476161918e-01,7.407780751310751866e-01,6.342180284701451898e-01,8.365251342619557384e-01,4.640436647327891850e-01,4.977305305183714612e-01,-6.547745390599990500e-03,9.980282021288329197e-01,4.021122133257957199e-01,9.951068878900717340e-01,3.984444850548027883e-01,3.331519656649875039e-01,8.995631269293578036e-01,8.197255715975547696e-01,4.998930629349735977e-01,7.043705135622564395e-01,4.041346156050943383e-01,3.665742165876619829e-01,7.435915768374401491e-01,6.421328926459843878e-01,6.265534180250484919e-01,6.339043695579966720e-01,6.481831851209387541e-01
3.441598122027831469e-02,1.907775960179723673e-01,6.159683959139641285e-01,8.698184122241315874e-01,3.552029716873531529e-01,7.239182886313455523e-01,4.777234910385113609e-01,7.575969715189925235e-01,6.241293516308575873e-01,5.199987515269210991e-01,4.919833781111828674e-01,5.819651158857938045e-01,6.182913870074669971e-01,6.961640615085976647e-01,5.519626807542393765e-01,-1.093423470774859962e-01,9.934888323327037973e-01,0.000000000000000000e+00,7.140110957244349965e-01,3.027659597766964028e-01,7.058328868255602240e-01,7.188868210160129779e-01,6.109750358370751311e-01,6.869525134929611587e-01,3.183795691752484558e-01,4.469513037708799374e-01,7.708608319232574946e-01,9.082233882556067783e-01,6.989607511625856029e-01,3.805471760651292223e-01,9.318294286020130102e-01,7.518463342674629457e-01,3.300291092706392759e-01,5.783530239731118350e-01,6.460233396434678088e-01,1.572120340586491416e-01,2.976865993879831418e-01,6.171916040325280406e-01,9.674045481954838266e-01,8.569673052262565260e-01,5.299495419178155142e-01,5.628635791750293826e-01,6.313436057651687916e-01,4.979827110481667707e-01,7.090301027684318136e-01,4.825546346219669602e-01,6.724667456958423051e-01,7.957862063930782881e-01,5.521325918025588031e-01,5.676277771554401053e-01,7.523725009257120622e-01,1.388266818814657133e-01,5.920035054432690735e-01,7.254160639046475234e-01,4.092354519169773552e-01,6.189769565099902948e-01,4.767985367727287649e-01,7.982708523446242488e-01,6.119337293927223920e-01,5.528253442110625526e-01,2.060735311513716972e-01,6.942655523218845826e-01,5.058182805004778348e-01,8.248276351980092791e-01,9.942789519341528326e-01,6.086856401748986789e-01,5.788894299388512854e-01,6.112510936369177639e-01,7.008826762102394747e-01,5.320816350156759578e-01,8.827307258553328539e-01,8.159875929407160999e-01,7.392183861302090708e-01,-5.928008076812188443e-02,7.155809182872971963e-01,5.094869324223357809e-01,8.150682230029911990e-01,6.395887471354966269e-01,2.980785087616799056e-01,7.011622253291760476e-01,4.908131897649312125e-01,5.445270024148421983e-01,4.355599157809149080e-01,2.586807178348179415e-01,2.111028729245988667e-01
