0.000000000000000000e+00,6.007372648281783523e-01,8.781101140485844114e-01,5.240555274103367855e-01,9.951744981881289753e-01,6.225170950919236557e-01,8.677717833731656283e-01,9.846687746313336209e-01,8.848231019906024342e-01,7.263711158848670246e-01,8.165331371099265878e-01,9.215792399365247967e-01,4.602224360979287332e-01,8.322616044559121296e-01,-1.775828542405244459e-02,7.192526199715463253e-01,2.453457452126991678e-01,6.712436384838779135e-01,6.294882945113987605e-01,8.740175062684909513e-01,7.867594192293227984e-01,7.761736777752319405e-01,9.534153396955434567e-02,7.344206361785985404e-01,7.487299260333335482e-01,7.044748980576254205e-01,7.177395503531203147e-01,2.829305547499537665e-01,6.326590010903248018e-01,-1.506095311428567451e-01,3.117422499334356889e-01,8.624419860293468520e-01,6.502215193773159818e-01,3.071302691265757057e-01,5.474288609108373116e-01,2.980373483822674752e-01,4.818479434656000038e-01,7.651152149300954886e-01,6.274943799543988288e-01,5.694637687778278945e-01,2.150867468989942910e-01,9.045145054969685461e-01,8.504926801999196373e-01,6.926111615542159816e-01,5.739353882848515775e-01,8.099073134847833977e-01,7.425742434642819134e-01,9.000372268606997572e-01,8.477880884521287186e-01,9.334185894174230613e-01,4.847069367927460126e-01,7.405377028173594223e-01,7.972904235297169073e-01,2.182111794630646195e-01,7.242787674950978971e-01,4.970764652138934259e-01,8.396250082063638764e-01,5.050685688972794685e-01,6.906241118696433423e-01,4.210922558095691604e-01,7.516302451011116492e-01,5.685891735741702702e-01,6.080678921226818634e-01,9.409224593876703846e-01,7.034436145620661662e-01,9.127908753251904317e-01,7.269698387016676477e-01,9.706806245762896745e-01,8.272169223630231327e-01,7.916243192040163246e-01,9.222086596520420176e-01,9.069298910255171320e-01,2.722066219042647006e-01,3.881523779177358247e-01,8.736408870027041473e-01,6.528627646383190486e-01,6.655488809597998046e-01,4.368258481895831991e-01,4.674082420671436533e-01,1.350551614846135784e-01,4.638098079700022636e-01,7.459425674092453606e-01,8.045036671812021423e-01,2.522530967371222066e-01,7.994716746734931156e-01
6.007372648281783523e-01,0.000000000000000000e+00,4.719006423165508779e-01,4.369962281412882454e-01,7.384043127776861448e-01,2.084795627793054329e-01,7.446982767567649208e-01,6.216506419757604762e-01,4.575684125464995478e-01,9.859103635113906083e-01,2.377630160997284137e-01,7.369796580931137209e-01,5.480646359234436771e-01,8.315309471505540895e-01,5.707118554767484087e-01,9.511241999981754347e-01,6.961481229603220244e-01,5.485992756604136655e-01,6.551568233516331663e-01,4.526314035548547055e-01,5.985074150970380868e-01,3.544068264098026444e-01,6.403242908223839569e-01,4.687833426681317084e-01,1.496351580886966237e-01,4.281737053359604417e-01,8.966617002858041641e-01,6.332522418956449961e-01,3.080507496116781652e-01,2.092000740898310451e-01,8.809058103403462348e-02,3.420326435388648112e-01,3.096832950269373108e-01,5.249118791583170518e-01,6.465902309606490483e-01,2.917116242702506024e-01,5.782788781540353362e-01,5.126983288491154811e-01,5.057750550009996182e-01,7.047180704587989730e-01,8.931548208935605193e-02,9.861996322619732691e-01,6.933005584564642110e-01,9.546908467392076769e-01,5.146203613739772642e-01,3.059767577264833616e-01,7.313899989897272302e-01,4.877469889194104846e-01,2.838360398225316383e-01,5.777057203310280720e-01,7.605592879713559684e-01,4.058913960629876305e-01,8.739953205576336259e-01,2.380194301188660599e-01,4.582142019381614251e-01,7.389518180362482092e-01,7.878599974558981867e-01,8.284828393248491185e-01,5.363647175879480145e-01,3.521308713104095434e-01,3.596136998685228736e-01,6.019192157152759570e-01,7.884384052300663637e-01,7.647571266677258839e-01,7.006591132884082418e-01,2.408982684570219468e-01,9.119871679692891364e-01,3.050817016292945438e-01,7.384677082291301042e-01,9.147176436841606417e-01,7.692038867323600648e-01,9.517476828839510627e-02,1.094559858788715784e-01,3.717808344937346132e-01,6.141359583056527072e-01,5.646178211050373319e-01,7.713615770366925029e-01,7.574251850852917745e-01,5.580445096392516735e-01,1.462406446377043368e-01,4.405620258738356387e-01,7.766865692142448374e-01,6.489015962717922248e-01,4.581152827410412409e-01,6.520674795872053453e-01
8.781101140485844114e-01,4.719006423165508779e-01,0.000000000000000000e+00,7.136257534867164187e-01,8.221751808671176054e-01,6.957009618179756938e-01,9.081673856297264313e-01,7.700377716128284922e-01,4.142082300638524339e-01,7.317600995597501878e-01,6.567173406270567781e-01,9.489365036586293600e-01,8.800816068444993201e-01,3.894255422387045140e-01,6.769656711212603817e-01,5.745085135259366815e-01,6.386679396150158894e-01,9.189111801764027199e-01,5.348384059709553329e-01,6.519484679460197940e-01,7.619625704620620610e-01,8.742442904580526308e-01,7.335769051198588464e-01,8.218806730152465878e-01,6.002663443137189470e-01,9.841168356292512298e-01,5.568902926408422216e-01,7.042018531692982863e-01,5.028112944171910792e-01,3.150638975978451439e-01,4.389117440223947453e-01,8.390051269920476562e-01,5.425058924865600041e-01,8.555770778652755926e-01,8.799482770994875303e-01,6.796971518878565099e-01,3.787563917168771388e-01,9.633212206943169154e-01,4.712421188377960979e-01,2.457032627930772761e-01,1.577080906835579555e-01,9.018207540799595412e-01,7.024323182924574471e-01,4.085978851201927942e-01,8.165627786413252043e-01,7.739574197002919709e-01,7.152505706742512404e-01,3.599784722086139116e-02,9.468297074448852602e-01,7.124233226301903699e-01,9.900335859243958314e-01,7.150458648243391835e-01,7.634698457666072580e-01,7.232301408472493476e-01,4.023797013682239299e-01,5.849755691278437642e-01,6.571885878898655609e-01,7.406152705549868820e-01,7.909913618346722242e-01,3.469360410991831900e-01,4.074592963454277961e-02,8.749872858540642673e-01,4.638401990749860260e-01,6.845843397158339894e-01,9.383670974263140785e-01,7.892834852711034799e-01,8.729411398829197699e-01,7.296047738789354087e-01,6.535957891407064846e-01,5.881834641011474130e-01,9.248223818662035800e-01,8.225856431604559038e-01,4.375334937957984782e-01,8.208455088880162176e-02,8.863280460992049026e-01,7.381263068077209555e-01,8.761647907431708848e-01,8.756433720104432883e-01,9.751594216681101768e-02,2.423092754144023087e-01,9.545977623639428922e-01,7.797765298513530396e-01,8.624984912242913415e-01,9.751528050602478181e-01,5.413972045826735968e-01
5.240555274103367855e-01,4.369962281412882454e-01,7.136257534867164187e-01,0.000000000000000000e+00,7.041711762324296409e-01,5.449888809495206932e-01,7.159858123917534067e-01,7.901899142462829317e-01,6.017560931448584505e-01,1.830065643700217182e-01,6.484340019603151983e-01,3.450119231391393093e-01,4.142117179316687769e-01,9.877877840372846219e-01,6.566448198805913128e-01,5.726740139946088215e-01,4.516743789834112843e-01,8.779384415762142568e-01,6.927682874558089843e-01,4.073522441869277810e-01,8.069810609339836960e-01,6.313157030772069689e-01,4.874654245689716836e-01,4.940802668941074449e-01,7.722489383652342276e-01,2.854459771600411644e-01,6.231912774193274496e-01,4.870307163938768502e-01,2.989809652094029269e-01,2.217163564537343312e-01,4.764434300732385275e-01,2.684321187134853792e-01,8.984277345295860195e-01,4.937330846987649791e-01,8.697778748475256672e-01,3.992561099087225118e-01,-1.630797803729697182e-01,4.332005000892413804e-01,7.408073521901221703e-01,5.044617622338750662e-01,6.044282895452356419e-01,8.156778751996394128e-01,6.847727028630451462e-01,8.977898859878294946e-01,7.353546775562540549e-01,8.988917248583094821e-01,6.067963019096664912e-01,9.675831270002210882e-01,6.881521143303374055e-01,4.034753967468086566e-01,8.098554789007370580e-01,9.824556820233134591e-01,4.086147122044466728e-01,5.499774199695998123e-01,7.528978772669214781e-01,7.245145756105300094e-01,6.739919971989130065e-01,2.105066865864086978e-01,8.599750322815340464e-01,2.746726101903174677e-01,5.718973808112580715e-01,1.311093847595391215e-01,5.490269775503183736e-01,8.290577658528196503e-01,7.633047137145683170e-01,8.449338982444536406e-01,4.519734167161721383e-01,8.929512513283102138e-01,2.903401539360883632e-01,6.220130941624946175e-01,6.678822804177970696e-01,6.778180654746379652e-01,4.056074264795443418e-01,7.140048394573256241e-01,4.462064982482263353e-01,5.191597678074183486e-01,8.876518586075095030e-01,6.570351152704649866e-01,4.864677987178209206e-01,1.442484588734605222e-01,3.210043153932357063e-01,6.313866574859716696e-01,5.318669483099045525e-01,7.913281587920524274e-01,6.248798530816118690e-01
9.951744981881289753e-01,7.384043127776861448e-01,8.221751808671176054e-01,7.041711762324296409e-01,0.000000000000000000e+00,5.054838302689910190e-01,4.112052253161567750e-01,3.235838886112958890e-01,6.256826290107453392e-01,9.909574105743801375e-01,8.925315575769712240e-01,4.105403440909057289e-01,6.627477645850187171e-01,7.645643020747148189e-01,6.377042507567638463e-01,8.076498180042138708e-01,7.778617684670899868e-01,4.404906044396763032e-01,6.933490938490223243e-01,4.257643825073433308e-01,9.933491057173359229e-01,6.616909693558721273e-01,3.594804750381318525e-01,7.464109989370952825e-01,7.695762250504102342e-01,9.840863241634243419e-01,9.657392290773065824e-01,9.226849333778839313e-01,3.655999453344938033e-01,2.020878934585340903e-01,6.906851379441165950e-02,5.540830050602361112e-01,4.931526274625807060e-01,5.405701285691631996e-01,4.516189900970004056e-01,1.037902537092522670e-01,2.372633583850967953e-01,4.402418428608236844e-01,4.841297987577500850e-01,2.970180759130471859e-01,4.256612971285102520e-01,5.024691345236866891e-01,9.604523084032733360e-01,6.988595728456252765e-01,7.356437786501150988e-01,4.407790846245192573e-01,6.311920178765294542e-01,3.340038947082891729e-01,1.039410778631735290e-02,4.906391868011693025e-01,2.850511839683788629e-01,7.132124582341248242e-01,2.594896448613643880e-01,9.483348858920505053e-01,5.946690780071930416e-01,6.024732933105830801e-01,5.080423128094918583e-01,6.101284157926056828e-01,3.085628087252006435e-01,2.243994607855515633e-01,7.989707967345008321e-02,2.102048089040625123e-01,7.410345765612073032e-01,5.609585639673702051e-01,4.950487478410371400e-01,8.381108570685678050e-01,6.746295804732438395e-01,8.765839948881208876e-01,4.682433763936816873e-01,9.112990108058706129e-01,7.142248926012126908e-01,3.755120436020865649e-01,7.268897976462876387e-02,4.239654492688137433e-01,5.787333974213109133e-01,6.453570769921411765e-01,3.794442376162530106e-01,4.405580703097529138e-01,2.494023962470162947e-01,5.884068778045017378e-01,7.973476411264901476e-01,6.940991802644039810e-01,6.030025398506995149e-01,5.577098459559364230e-01,7.490464419476846603e-01
6.225170950919236557e-01,2.084795627793054329e-01,6.957009618179756938e-01,5.449888809495206932e-01,5.054838302689910190e-01,0.000000000000000000e+00,5.473129335765296588e-01,1.842105713150257382e-02,5.258868511967036419e-01,7.105792077909466320e-01,6.947630465698457769e-01,9.426699264572997450e-01,8.870349000070641976e-01,8.067068085464854654e-01,7.700426694530884131e-01,-5.904456646060382563e-02,2.695747947257375876e-01,8.546956573431601090e-01,5.265091158907587721e-01,7.474797818344904865e-01,9.166418400533100641e-01,8.078741925954356917e-01,3.065619397965856918e-01,5.423205322950571672e-01,4.294281474269689980e-01,7.295422725015555665e-01,6.845882845125947913e-01,4.912357443253043687e-01,2.205901376788453327e-01,4.710345694261777183e-01,1.360249367442109558e-01,4.687223588545249009e-01,4.098033658087163467e-01,7.404081539892082287e-01,5.470168587393753334e-01,5.243377229305199450e-01,5.074133196251945366e-01,6.759830799744064311e-01,8.980350231265528116e-01,4.501028885561053072e-01,7.743694341610889431e-01,3.958174664582508884e-01,4.636886121503768221e-01,6.036010215428396775e-01,1.636515205255298921e-01,6.489055875330077550e-01,7.698274758305649890e-01,6.899194384688202009e-01,7.891655420799159604e-01,6.676783898408007456e-01,4.785619920914128134e-01,1.448679435059321285e-01,8.581939353249244951e-01,6.035040229295022263e-01,4.520219539303618750e-01,5.188441523992126658e-01,2.597564061267648716e-01,6.401046954564301172e-01,6.191216606783976895e-01,3.287791021646884193e-01,4.114242550060587811e-01,2.916546508597372411e-01,6.862154988173302383e-01,5.021050145683806365e-01,6.477591583762375427e-01,6.787300357356076397e-01,2.866078197025149765e-01,7.341965184526472177e-01,7.751619753523903977e-01,2.952562627508157345e-01,8.475131603185285245e-01,8.179399675589081875e-01,4.276478201005168844e-01,6.996133664509459615e-01,4.955604079351230151e-01,7.944010845476174865e-01,7.795717384825934237e-01,-1.918277408091155489e-01,5.344380972458819823e-01,2.418367904268063640e-01,9.476453297310711843e-01,9.307865259226307808e-01,7.997047015837425166e-01,3.401607211118020668e-01,6.008669182009428456e-01
8.677717833731656283e-01,7.446982767567649208e-01,9.081673856297264313e-01,7.159858123917534067e-01,4.112052253161567750e-01,5.473129335765296588e-01,0.000000000000000000e+00,7.712517479361435946e-01,7.593580308446159499e-01,4.412636405861798394e-01,5.309986694358488357e-01,7.221800346681963578e-01,4.401081586360575670e-01,6.279602966157126209e-01,3.843198331771761067e-01,5.478985184191452751e-01,8.761187805005978824e-01,6.141267286109824974e-01,5.572155161471015195e-01,6.393533116999021715e-01,8.425604843642304775e-01,3.256264967256550236e-01,2.455320589871201054e-01,6.011358880335244681e-01,6.612567192223550716e-01,7.597953184671388804e-01,9.352269305612476158e-01,2.020170281912748167e-01,3.600418856385824706e-01,2.421693271341422427e-01,5.615512507681086340e-01,4.498896768501017274e-01,5.972754289691908358e-01,1.642414139032838671e-01,2.493433248161001925e-01,6.629490773505997137e-01,2.159945745796181260e-01,4.464836504472212697e-01,9.805657521551287559e-01,2.257589435388672461e-01,7.832719019654027504e-01,5.506486126811404036e-01,4.860461069885200769e-01,5.368141137328671375e-01,9.376353060541731121e-01,2.110055611487238469e-01,4.047831625814810041e-01,4.244956863822049731e-01,4.102529876872818559e-01,7.366062718648977992e-01,2.197928548661304271e-01,3.246715333936924797e-01,4.266125499034262303e-01,4.715275941026538797e-01,9.649860897918864922e-01,5.965057425429414195e-01,2.898603296837601873e-01,4.820196862157243856e-01,5.393799463456674381e-01,3.057932053312496512e-01,4.450211379078620744e-01,9.918281809850335584e-01,2.905287511790253241e-01,6.066117600800382537e-01,9.655843127083554300e-01,7.480112546436665788e-01,7.888854350203378107e-01,8.978709147764430965e-01,6.198124161433282708e-01,2.235981199807294817e-01,7.889854496905293058e-01,7.413912785886783707e-01,3.823527248347358132e-01,1.863977241412628216e-01,6.985863071432611981e-01,4.664094989814704939e-01,6.187351139787821142e-01,3.948082869164266651e-01,4.217142835427349357e-01,-1.316524169072990635e-01,4.142778274275330519e-01,8.645962078207882762e-01,1.144414578739123417e-01,8.180070006595414889e-02,5.454634097020679695e-01
9.846687746313336209e-01,6.216506419757604762e-01,7.700377716128284922e-01,7.901899142462829317e-01,3.235838886112958890e-01,1.842105713150257382e-02,7.712517479361435946e-01,0.000000000000000000e+00,6.317708392133346562e-01,1.309977693140481347e-01,6.484284840577831943e-01,5.237501181402028916e-01,8.397241771463240800e-01,4.339668811791365099e-01,5.342622908144587512e-01,7.304031883238841782e-01,6.669969424230056676e-01,5.528909693678926152e-01,7.933755187319457836e-01,3.764054173898501165e-01,6.616700362076948227e-01,7.630531970771076145e-02,6.479154129894753034e-01,3.967769028323828162e-01,3.757092223486184768e-01,2.253667782555628940e-01,3.854785080150877619e-01,5.862246130666750599e-01,6.558486622719225112e-01,4.168212006644638201e-01,2.069693725733745548e-02,2.274975736577656560e-01,5.677128009596235092e-01,2.938471145425789605e-02,7.867467090436872645e-01,3.400236140276926000e-01,1.814031710065305836e-01,7.675743791879384714e-01,7.865649348358252357e-01,7.953962734126179823e-01,1.320426179556480339e-01,4.029802861318340090e-01,4.137989805169532964e-01,2.332408548866175269e-01,4.672923874486486495e-01,2.229399310122431865e-01,4.063225098619528963e-01,7.871116796198127652e-01,3.406503332803925699e-01,3.410223917389675341e-01,6.230656892810122471e-01,5.430843457682489328e-01,4.222366215923190613e-01,6.423526622226084504e-01,5.659152364010742176e-01,8.373398706856953755e-01,4.363684991790938716e-01,6.598774610315327749e-01,5.797155499263286771e-01,5.405288537895365231e-01,5.851760829680155984e-01,2.480338932689442888e-01,4.871131822529841671e-01,6.963678052124925300e-01,7.075523890328502263e-01,2.014402838832932974e-01,7.205185237855649127e-01,6.547084807227924186e-01,5.880733868364876882e-01,3.119295715216557907e-01,4.175069655052002782e-01,7.930890546502169514e-01,6.719754690039001499e-01,3.015368189380054353e-01,7.164391656785126239e-01,3.132101481445755953e-01,8.425614543071453522e-01,1.471910729031995768e-01,2.512402173286124585e-01,3.825718458568712066e-01,2.315396267480672454e-01,8.142971291794084410e-01,4.704767187348225521e-01,-1.141296345340267054e-01,2.766629000255000914e-01
8.848231019906024342e-01,4.575684125464995478e-01,4.142082300638524339e-01,6.017560931448584505e-01,6.256826290107453392e-01,5.258868511967036419e-01,7.593580308446159499e-01,6.317708392133346562e-01,0.000000000000000000e+00,2.570595873762442363e-01,4.819697948851399683e-01,8.566380915411693220e-01,7.706614797755021451e-01,5.227747502904234178e-01,9.098258969671332297e-01,3.606016388236368275e-01,9.958581070908809618e-01,2.824689565711983041e-01,6.289076139992241243e-01,9.194421616011357878e-01,7.264465318871211608e-01,3.485416711662040479e-01,1.946781743712054924e-01,4.875378572429198698e-01,4.747145877660828295e-01,5.398702622953868158e-01,9.423949906275498334e-01,5.927906258510622362e-01,6.153332845978745080e-01,6.262339825538222327e-01,4.696946564450083517e-01,2.812070297831607557e-01,2.526905343137780813e-01,3.254073213429991007e-01,2.744652674456209973e-01,7.821823331433243043e-01,4.917840576137929021e-01,9.679167885451459008e-02,1.903623005649583422e-01,7.694526900200369113e-01,3.199972979076361884e-02,6.409900381485194032e-01,9.049546199710879479e-01,4.141467577173764125e-01,8.758102994367431560e-01,7.609083103369356227e-01,4.681310727623494428e-01,2.489050034334143457e-01,5.948972832262335864e-01,4.882834767243744434e-01,3.823037061776576873e-01,4.066143053392484163e-01,6.451140200157250426e-01,6.894206602484749258e-01,3.619783068372296464e-01,6.944695651292345229e-01,5.038353412937157660e-01,1.922226240749437265e-01,5.831389359107163051e-01,3.020707797319313603e-01,4.205794211743613120e-01,5.477193795927640663e-01,6.010513298892794509e-01,9.066837891781889258e-01,7.088258451579294572e-01,4.066498410126306862e-01,5.367618480521405555e-01,6.069525854370600992e-01,2.389524581358382083e-01,3.402543564460658310e-01,3.611035895013222086e-01,5.254563023244279707e-01,1.581231673211727085e-01,7.457465683266752965e-01,1.468304656566508937e-01,6.487646968490864419e-01,2.987971790916940096e-01,8.802162093802031739e-01,4.487846710809160200e-01,5.100148474492491868e-01,3.497989351782729850e-01,7.341097485391021582e-01,7.023239481655564331e-01,3.852831212613688772e-01,5.021346889181959039e-01
7.263711158848670246e-01,9.859103635113906083e-01,7.317600995597501878e-01,1.830065643700217182e-01,9.909574105743801375e-01,7.105792077909466320e-01,4.412636405861798394e-01,1.309977693140481347e-01,2.570595873762442363e-01,0.000000000000000000e+00,4.726229901195398986e-01,9.569899713068751035e-02,7.469366335439020510e-01,6.646200500146566270e-01,9.732596418437556851e-01,6.126344275235492409e-01,7.430570379554735094e-01,6.266726066102844550e-01,5.104437605215935703e-01,1.231187010040331736e-01,6.368800833345503731e-01,5.831489227818986709e-01,7.217195698180046692e-01,4.388557351616549362e-01,2.801749661644693523e-01,6.341826992746546487e-01,3.015749908364483978e-01,4.408773921733644685e-01,3.007283994996627907e-01,2.030838502209545149e-01,4.433661258927391602e-01,4.977056679261072092e-01,9.436349041820923933e-01,2.078607806425240012e-01,6.673892863138819465e-01,6.362835229770776868e-01,-1.843108688886483382e-01,5.266497308744539918e-01,2.807962160765486437e-01,8.121479995136714480e-01,2.833549326937731538e-01,6.334664358142034768e-01,7.498219948247826228e-01,7.969821569210956413e-01,4.146444258167921726e-01,6.889396293676268712e-01,7.567101711607243653e-01,7.003965246095262831e-01,1.168650047862977159e-01,5.757243889790123470e-01,2.095490758833202238e-01,3.668389465969386087e-01,6.081762572096610642e-01,6.172123612811688531e-01,2.831813661553647665e-01,6.480327375561294456e-01,4.936194651422400326e-01,2.792783141784154766e-01,6.342406710373776901e-01,5.613537872423365327e-01,4.009832778236954720e-01,5.771736688289259565e-01,5.813867701388835130e-01,5.054929524277017583e-01,3.850538647604031528e-01,6.995012412864212159e-01,9.918197980916534373e-01,6.540757292218772889e-01,7.180972998383348127e-01,4.219497101663394756e-01,8.021036350691457262e-01,1.961367084277865491e-01,2.488910663103275911e-01,2.906548083361598089e-01,7.445891769643658842e-01,2.161827553037853344e-01,7.126285429282223083e-01,7.819885396096819541e-01,6.910582801231112127e-01,4.572614755100711803e-01,1.808439482993768888e-01,8.189621222086803654e-01,4.707324000759944838e-01,2.157563568951928121e-02,6.783966395347691414e-01
8.165331371099265878e-01,2.377630160997284137e-01,6.567173406270567781e-01,6.484340019603151983e-01,8.925315575769712240e-01,6.947630465698457769e-01,5.309986694358488357e-01,6.484284840577831943e-01,4.819697948851399683e-01,4.726229901195398986e-01,0.000000000000000000e+00,6.630749677465539449e-01,9.073723727818092666e-01,6.270246147090844380e-01,3.038320014070781672e-01,2.328581289211094085e-01,9.893006566207611652e-01,9.539048132744862851e-01,6.746197752324709640e-01,9.153601249476079893e-01,8.380699676322486136e-01,5.505182301829811831e-01,5.454997448688208017e-01,7.049216835682363680e-01,5.531627371686919092e-01,5.258565364957894506e-01,4.106157815985901904e-01,7.648314983319284277e-01,4.446048329337901617e-01,3.167072568234010066e-01,6.922662819590866823e-01,8.521239974848359156e-01,9.216674948988154981e-01,7.783349903505122347e-01,3.050424214639103626e-01,7.690790855968835382e-01,1.427150143192236209e-01,4.881323671969965972e-01,7.008758223509442553e-01,4.035391953860080205e-01,7.647584979967904095e-01,4.986705593646320045e-01,6.276040287665727302e-01,3.300331779289459311e-01,3.090503922056805353e-01,8.437825717079765475e-01,6.402501804685528652e-01,3.026158690894578118e-01,6.637027019016978890e-01,4.971019201322878223e-01,6.840100656113788924e-01,2.782245596568765911e-01,8.702070698052228881e-01,8.973662679995201286e-01,9.865122824880957486e-01,5.222793477021405728e-01,5.254551325327057043e-01,9.760956718600199977e-01,7.948989918054466530e-01,5.833197246644812317e-01,6.529625452596872215e-01,4.748322135699468705e-01,2.036602050853370538e-01,6.679627174913161936e-01,6.981804712681645153e-01,5.789590745850061726e-01,5.406016021551045547e-01,9.148097532766793494e-01,5.050875820686122619e-01,8.245127943827447181e-01,9.605105375343674368e-01,1.969257591987404188e-01,5.924187945464578497e-01,4.073210217509042885e-01,4.381611347636027443e-01,9.660513538530249855e-01,4.095092164087925646e-01,4.338036545103164388e-01,7.525675345419661211e-01,3.048186891853859048e-01,7.436719419221413663e-01,6.524071794003731828e-01,7.603561596206016571e-01,2.195303385996929812e-01,5.912068200894313730e-01
9.215792399365247967e-01,7.369796580931137209e-01,9.489365036586293600e-01,3.450119231391393093e-01,4.105403440909057289e-01,9.426699264572997450e-01,7.221800346681963578e-01,5.237501181402028916e-01,8.566380915411693220e-01,9.569899713068751035e-02,6.630749677465539449e-01,0.000000000000000000e+00,6.917357473527667722e-01,7.268596942495004765e-01,5.854973397943787905e-01,-1.043813412652579986e-01,2.200666755597963931e-01,7.642621356157540680e-01,6.590312736876022814e-01,7.963371650556300141e-01,9.033881738399801575e-01,9.462811146787710737e-01,6.147784417981848604e-01,7.895133344196607617e-01,4.202502921329988594e-01,3.583106778145506710e-01,9.443192493048226943e-01,7.611253288268697847e-01,2.706347739515937989e-01,4.491379872170555010e-01,3.185211920345347170e-01,4.607241840121680254e-01,7.123162867828957134e-01,6.145477155623668697e-01,5.176714648314421074e-01,5.269054265645769508e-01,4.617236805745986161e-02,6.356871352234745309e-01,3.482530137087441746e-01,7.461158203451404569e-01,6.550235223541116536e-01,4.281605724651996736e-01,9.063961916855485246e-01,1.849090738591979699e-01,6.894235118101823545e-01,2.709853551929389814e-01,4.494834535702570411e-01,6.102124671394665301e-01,3.313461072667775453e-01,3.924844295240599301e-01,4.267066432963569911e-01,8.114478469584908149e-01,3.570879266712135847e-01,6.257210915160299480e-01,9.343191148519967015e-01,3.692019888692470442e-01,4.667901378965051418e-01,2.420486949414783207e-01,9.568022387940013918e-01,3.343948612927229447e-01,7.772256458201651785e-01,3.455300733129561541e-01,9.832083352091329775e-01,6.204990512371242328e-01,6.729705951814278775e-01,6.793205398912194326e-01,6.835195595351774012e-01,9.468116644481963107e-01,2.638879701859082050e-01,9.365584686916941237e-01,6.863839779447257206e-01,4.442961415703992056e-01,3.501763791323704300e-01,-2.272795212323838188e-01,5.480899652479551687e-01,7.806162231264776041e-01,4.814539519970981174e-01,3.991358102135400543e-01,2.275555607864995222e-01,3.821547293390273881e-01,6.793022694183086241e-01,7.504882922033013770e-01,1.236650147741774480e-01,4.241128676905560058e-01,7.963566367873269325e-01
4.602224360979287332e-01,5.480646359234436771e-01,8.800816068444993201e-01,4.142117179316687769e-01,6.627477645850187171e-01,8.870349000070641976e-01,4.401081586360575670e-01,8.397241771463240800e-01,7.706614797755021451e-01,7.469366335439020510e-01,9.073723727818092666e-01,6.917357473527667722e-01,0.000000000000000000e+00,6.626555774646196717e-01,3.581172980582885690e-01,6.789793823726925082e-01,3.155236743785846398e-01,4.021742351745876132e-01,7.549619600305316203e-01,4.913087157831571572e-01,8.260071286971719662e-01,4.314519487723541546e-01,6.847687563287588874e-01,8.015942021985700272e-01,2.207660653861960032e-01,7.859088036260080123e-01,2.288831077537024083e-01,7.832610256963866702e-01,5.403018194058737400e-01,-2.037887052913263108e-01,4.097887849731123855e-01,5.612158769655544166e-01,6.524402393931428845e-01,6.250449705920666510e-01,4.033384578262013131e-01,2.726686175932186984e-01,1.777439017419448972e-02,6.878357714808299717e-01,6.263884350936235190e-01,8.766361815069463326e-01,4.847420922420543343e-01,6.433567947086281658e-01,7.332727591830696667e-01,7.647583409859975978e-01,4.952715986110750590e-01,7.451028089223930007e-01,9.543936474576786289e-01,6.749310357782427605e-01,6.725091319186535799e-01,5.802885610374726166e-01,4.318392475015424004e-01,8.150729413570032555e-01,7.383250206991383291e-02,7.875283806441102374e-01,6.010734374185902062e-01,5.603260172780595294e-01,7.578482142696780777e-01,9.781522418741847025e-01,9.672067067843772570e-01,4.735749328524176405e-01,3.149430626286053858e-02,4.461065411716049200e-01,7.223351794635461953e-01,7.831390959807504881e-01,8.195993665248672011e-01,7.292883765415211217e-01,8.982388724299457117e-01,5.292370368817520543e-01,7.255904783581795803e-01,6.251170104724017573e-01,8.449017121218406201e-01,8.621822683149895639e-01,8.047911429684038997e-02,5.394016119477147431e-01,6.302031732080680404e-02,3.679432499990490379e-01,7.044290689189667276e-01,5.134267599301939322e-01,5.553961540954602816e-01,5.521495957920686815e-01,2.150074912479002509e-01,9.793233091795886525e-01,7.174185935649635137e-01,2.452385207914797582e-01,2.823288060388203236e-01
8.322616044559121296e-01,8.315309471505540895e-01,3.894255422387045140e-01,9.877877840372846219e-01,7.645643020747148189e-01,8.067068085464854654e-01,6.279602966157126209e-01,4.339668811791365099e-01,5.227747502904234178e-01,6.646200500146566270e-01,6.270246147090844380e-01,7.268596942495004765e-01,6.626555774646196717e-01,0.000000000000000000e+00,7.495658086535016418e-01,5.466083538094882455e-01,6.515589694036270085e-01,6.728195692432833441e-01,5.024932172242475570e-01,7.478839280055483707e-01,2.091965892607896005e-01,7.135304897789616074e-01,7.923043153643161141e-01,9.249630011489664572e-01,3.422239931879303976e-01,8.809475464098934783e-01,2.985595924921505828e-01,9.759936202365309121e-01,2.802704161206062139e-01,3.834427364112712455e-01,-5.195354379325536898e-02,7.507172317922861104e-01,6.120785394512046063e-01,7.828578490634658937e-01,3.495649667903700242e-01,5.212657183495282842e-01,3.108670861574380773e-02,2.533272869274818540e-01,4.626151628461045995e-01,7.978812276809594817e-01,5.860535387466567769e-01,8.317606724734250001e-01,9.798158272793546786e-01,7.700828954620780875e-01,5.456706706142464558e-01,9.702217367640018075e-01,9.369554475615402556e-01,9.327893533385782643e-01,4.312188389983666603e-01,3.260252203865073861e-01,9.190317704682458844e-02,9.496041044876357695e-01,9.966840244795975856e-01,7.562126165379465803e-01,3.057481049487094094e-01,5.542578960457140713e-01,8.459376176180783968e-01,5.816855706491076416e-01,6.129614620609964426e-01,2.046180348549737349e-01,5.164917412183025469e-01,7.743147644561090281e-01,8.164630052081059963e-01,4.446252317937725018e-01,8.187554511169115035e-01,7.667020084634376120e-01,7.143865203638598560e-01,8.742675579133851738e-01,8.637928145999898000e-01,2.135481921638587022e-01,5.849471728560453609e-01,8.038752564381727028e-01,6.758458660663673179e-01,2.564476117337884387e-01,3.594081309768844545e-01,6.676035375126285754e-01,5.238622125569707411e-01,7.348874087394645649e-01,1.000609329987633550e-01,3.759231872353450132e-01,9.936723839663959001e-01,9.129355662685972872e-01,9.435060124163553441e-01,5.569312192932498462e-01,7.464028169896386178e-01
-1.775828542405244459e-02,5.707118554767484087e-01,6.769656711212603817e-01,6.566448198805913128e-01,6.377042507567638463e-01,7.700426694530884131e-01,3.843198331771761067e-01,5.342622908144587512e-01,9.098258969671332297e-01,9.732596418437556851e-01,3.038320014070781672e-01,5.854973397943787905e-01,3.581172980582885690e-01,7.495658086535016418e-01,0.000000000000000000e+00,7.479617849147655040e-01,5.248174715500705245e-01,6.106891058809337247e-01,5.434907115943821143e-01,6.127628344099281810e-01,6.393979790197772406e-01,7.416915885376654805e-01,3.431974706344815274e-01,8.365430540028773176e-01,3.005846213289473101e-01,2.944711547916972760e-01,6.558177381021291774e-01,8.185988649782048876e-01,5.417414145406099779e-01,6.189368943559894198e-01,8.990595482437513386e-02,2.543615841459359039e-01,6.734270844512146859e-01,6.630175387752994531e-01,5.395174076782043304e-01,7.287744316678143042e-01,5.634458020983675042e-02,4.349967258356595146e-01,8.700376138762065947e-01,7.069868163848004317e-01,3.424392982078832137e-01,6.099765842766066148e-01,7.383667661100861146e-01,7.663996721151582481e-01,9.004908522059414944e-01,3.187761668913299262e-01,3.336509931227497061e-01,4.984383005017035684e-01,2.580721763476158115e-01,5.610367934832620751e-01,7.267226708498636389e-01,6.779890757040631932e-01,5.372801047907832528e-01,6.131950856882205647e-01,5.538389323543466691e-01,5.571562547484928407e-01,7.690211392629136000e-01,-1.589126607535093494e-01,6.051938627505666357e-01,-3.339136682983745441e-03,2.758784254105885458e-01,6.736974134257558422e-01,5.934334015947024810e-01,4.653615116396865314e-01,9.681983794090635032e-01,4.029679040531831680e-01,4.071836267535204890e-01,9.382141860258298438e-01,6.306423158129828010e-01,2.275475916460669157e-01,8.222235436393038333e-01,4.289793710852417563e-01,7.407290124118572905e-01,2.630799984624820342e-01,5.275994417396863145e-01,4.964031111746950997e-01,8.835362760843613605e-01,6.778407926541208939e-01,7.208198009156430164e-01,1.972973775576697675e-01,5.727381985609916182e-01,9.978438805902691833e-01,5.091830354092421462e-01,7.828290974936661373e-01,4.051685190631131861e-01
7.192526199715463253e-01,9.511241999981754347e-01,5.745085135259366815e-01,5.726740139946088215e-01,8.076498180042138708e-01,-5.904456646060382563e-02,5.478985184191452751e-01,7.304031883238841782e-01,3.606016388236368275e-01,6.126344275235492409e-01,2.328581289211094085e-01,-1.043813412652579986e-01,6.789793823726925082e-01,5.466083538094882455e-01,7.479617849147655040e-01,0.000000000000000000e+00,8.964243684364323617e-01,5.616284681094876330e-01,8.462014005596230071e-01,6.679496490892989913e-01,9.376319439685575352e-01,6.757621036117357205e-01,6.111076372756989450e-01,-1.255977966763666964e-01,7.043861081872090368e-01,2.075855543403301862e-01,6.823168556843206556e-01,9.877560842574748534e-01,4.453229719323009150e-01,5.911135403141868361e-01,1.954578459795199286e-01,7.066829896884000428e-01,7.437171299374754074e-01,3.500110633356345868e-01,5.960798973181866689e-01,1.943745579960185210e-01,5.088528674028591769e-02,6.627504425975678792e-01,8.889604326841623605e-01,6.526747057612811709e-01,4.704964275651604133e-01,9.697068842837016645e-01,8.236593741348501307e-01,6.444861132802705006e-01,9.307289514163897826e-01,9.143425774623330504e-01,6.186076088060591394e-01,6.077342086193562309e-01,2.176541902052688271e-01,3.741028496739376430e-01,4.446041909495047073e-01,9.092636260788846680e-01,8.640432716967587634e-01,7.041252285579030490e-01,6.069279563241783970e-01,8.690514781711916603e-01,6.671126233154834884e-01,6.093805119127752024e-01,8.610416038730277499e-01,2.868457477245607290e-01,3.411973793556533074e-01,5.008739715900759615e-01,8.768165330564203774e-01,6.355397052768173571e-01,9.549089654148479323e-01,9.483792641485063735e-01,7.091088002033488769e-01,4.911552438087068428e-01,7.977503188887939967e-01,1.364931831061298728e-01,8.278442836299674257e-01,6.854289759030737228e-01,5.437565728150849376e-01,4.812576059205639911e-01,4.904751457333776377e-01,5.633310910292654849e-01,4.269266380355357104e-01,7.349754276579494316e-01,2.860881927736659280e-01,2.331319754011874079e-01,3.080631528936803587e-01,9.270253222489167610e-01,3.302391078708998839e-01,2.972389938930633524e-01,7.332103699752707815e-01
2.453457452126991678e-01,6.961481229603220244e-01,6.386679396150158894e-01,4.516743789834112843e-01,7.778617684670899868e-01,2.695747947257375876e-01,8.761187805005978824e-01,6.669969424230056676e-01,9.958581070908809618e-01,7.430570379554735094e-01,9.893006566207611652e-01,2.200666755597963931e-01,3.155236743785846398e-01,6.515589694036270085e-01,5.248174715500705245e-01,8.964243684364323617e-01,0.000000000000000000e+00,9.790134594124848544e-01,5.241927335119288545e-01,6.817297705484249848e-01,1.226113475739878424e-02,8.615840489447492700e-01,7.862843226672227015e-01,7.898211583693512949e-01,2.782743109888623501e-01,9.632271236342795362e-01,7.805039428891660247e-01,4.704892151141885082e-01,4.604029476257213704e-01,5.331531181192441515e-01,6.912839589833093268e-02,6.958676596538651005e-01,8.750722695281579755e-01,5.009021152998691662e-01,5.996862843265533538e-01,5.301680190696546058e-01,2.347546793940720744e-01,5.156796987973095714e-01,8.342797102923066310e-01,7.703750288461247431e-01,5.122897609438146205e-01,7.530821838429372361e-01,6.121958454770671798e-01,5.391279575561731541e-01,2.750493900296136496e-01,6.453316819886368849e-01,6.304690549706893909e-01,6.113344420732249596e-01,9.862408346162381267e-01,4.991631703218600835e-01,5.113466350569527696e-01,8.264718549137354264e-01,9.791922958028886903e-01,9.028929451436973341e-01,3.965746978564408526e-02,4.248162109120814933e-01,7.109271328629751530e-01,4.160641813143493017e-01,7.611751774259116754e-01,2.592280560029306957e-01,4.116267667125531049e-01,7.707919319685851978e-01,7.430348508633872751e-01,9.353769423452535925e-01,5.200018218348038124e-01,9.014020208207462748e-01,7.132074399999440706e-01,5.397318140217080007e-01,4.693609320343978819e-01,4.389474166345884720e-01,6.895574251289797729e-01,7.215587448324871644e-01,1.482139897959335907e-02,4.985621060550590733e-01,4.400182823753719941e-01,6.445317867042991145e-01,8.856960596277146935e-01,8.452567075895888182e-01,2.940759157539780677e-01,4.445177165507152028e-01,7.960714306033589427e-01,8.948521681297821884e-01,2.449912684581559974e-01,3.802109183413540094e-01,4.621185718245746088e-01
6.712436384838779135e-01,5.485992756604136655e-01,9.189111801764027199e-01,8.779384415762142568e-01,4.404906044396763032e-01,8.546956573431601090e-01,6.141267286109824974e-01,5.528909693678926152e-01,2.824689565711983041e-01,6.266726066102844550e-01,9.539048132744862851e-01,7.642621356157540680e-01,4.021742351745876132e-01,6.728195692432833441e-01,6.106891058809337247e-01,5.616284681094876330e-01,9.790134594124848544e-01,0.000000000000000000e+00,7.006928700968020340e-01,4.061135946447393397e-01,7.974371589879447608e-01,5.828643142373700625e-01,2.735966712471840090e-01,4.707201723499681578e-01,4.827219442948957884e-01,4.108234617059361993e-01,7.033372953289378504e-01,5.500898870406570884e-01,6.183953874206228329e-01,4.186415807887750584e-01,2.260400907007507620e-01,5.650697064302521166e-01,5.641832804736428564e-01,4.265011813741633184e-01,5.249547669051002341e-01,4.779695809919607963e-01,2.572729197199767961e-02,4.564758646293565203e-01,9.582494795828950807e-01,9.488736927419176848e-01,5.393319362497361880e-01,5.097684827704997979e-01,7.328584603175435364e-01,4.384115873153527909e-01,9.041914409690594567e-01,8.517266353850789784e-01,9.927122493976499040e-01,5.958714566698449788e-01,7.733399915611137709e-01,4.495399654961834135e-01,6.645279247312088078e-01,5.131307961120151750e-01,7.882893074255561405e-01,2.986179948044166976e-01,6.993179726958070885e-01,2.735303573261099741e-01,8.042394652628359619e-01,3.341129970138508876e-01,6.239271661431874394e-01,4.711785903222472927e-01,5.737897014629846915e-01,6.648167219903367009e-01,7.182416395834019252e-01,9.679019713976331207e-01,7.943861925314446015e-01,4.645867493270107729e-01,5.425426826096474420e-01,6.574256154499718008e-01,2.641131628763050410e-01,5.947485731265733655e-01,8.982234936802570013e-01,7.775389150520797266e-01,5.805071888504754751e-01,4.427969706443942166e-01,4.241855605435110865e-01,9.906174268225154123e-01,5.899398577824261913e-01,5.012715717564664164e-01,3.595364884505692915e-01,2.001892205477251163e-01,3.065227269670081633e-01,6.750324752107541570e-01,9.271666835400570461e-01,6.968455663024046842e-01,4.272894406798117828e-01
