0.000000000000000000e+00,7.565096714293959579e-01,6.751590843621049221e-01,7.390494380497847349e-01,6.871863294871251027e-01,4.274195396652537560e-01,7.605599771243010121e-01,7.627483182863192823e-01,8.610096322280720305e-01,7.608530557036030650e-01,7.720967145026380596e-01,7.072244798837389324e-01,7.127282187002637048e-01,1.258972640698416412e-01,9.839626265205629885e-01,9.242604699804405355e-01,1.025278428118408941e-01,9.016608538540986650e-01,9.356156071192148760e-01,9.998140666247097297e-01,7.185807722154174959e-01,9.234905335451237818e-01,9.379783771216622101e-01,5.194147404583582261e-01,3.120301561879055274e-01,6.367991456905293113e-01,9.810408675130556366e-01,7.958960009122730828e-01,4.535056965192987288e-01,5.735860252366778989e-01,3.139107255451702994e-01,5.056103361834578536e-01,6.960629045230972700e-01,9.967713729977165649e-01,7.046658672507292165e-01,6.113932558861091549e-01,9.822845632210266964e-02,9.018626734848902426e-01,5.645050136728910761e-01,7.057420445006444831e-01,2.516684140428179228e-01,8.313402575418988860e-01,9.419533673465638746e-01,9.004427944890970315e-01,4.265926014800727195e-01,5.264546707535427972e-01,8.002500773351789443e-01,9.712044885520569881e-01,5.587416056315178681e-01,7.375745506726946177e-01,7.666482207572524743e-01,9.753759506822949898e-01,9.160425937682480368e-01,6.539253795444117667e-01,4.894598444021529965e-02,8.687477334627148329e-01,8.358859910921199177e-01,3.413395584957337192e-01,9.731287901452586597e-01,3.684971856243709487e-01,3.734934771971742951e-01,4.786069256665470562e-01,9.816406862178600479e-01,8.458803145382692845e-01,6.988477334132273677e-01,7.284886526445625288e-01,4.452303265320055603e-01,6.154807861043736228e-01,7.933603084935487715e-01,8.535912765002295899e-01,9.038934081501660556e-01,6.972226346202411440e-01,1.487076613020215099e-01,-1.867164755966186640e-01,6.301346719152256526e-01,7.930822885180176529e-01,7.919247008703449442e-01,6.849001354539228092e-01,1.464888151270617167e-01,6.917085835086566048e-01,5.966221185587707865e-01,6.145023187864153691e-01,5.822265800305999051e-01,4.426531396113947414e-01,7.766198619964000960e-01
7.565096714293959579e-01,0.000000000000000000e+00,6.529950408807938533e-01,9.320670948971756520e-01,3.126357905786859015e-01,7.259233964781787174e-01,7.642224986718504365e-01,4.579940632163259084e-01,9.690896943471872804e-01,3.961020125604727826e-01,1.884664537058686196e-01,3.677342181191499693e-01,1.330049848446295813e-01,7.146021344650840268e-01,4.267516203180542478e-01,4.131844216072578790e-01,2.678646880895101390e-01,3.172374767520227401e-01,9.976955546414107978e-01,7.445783211385863520e-01,7.818746599876007508e-01,7.438258194979610050e-01,6.176345290774635233e-01,3.861317025655700563e-01,5.344373028228496247e-01,7.138100605438573165e-01,7.812694799263855128e-01,9.194383361880607008e-01,9.985731887728892531e-01,4.444178887492295504e-01,5.240781723738847653e-01,7.832131127357099265e-01,9.558957856044663082e-01,7.036378506620188933e-02,4.096907255671327075e-01,3.666510127666802177e-01,4.013780488704785099e-01,2.089896307281783050e-01,6.190725743393640235e-01,6.768556541406616223e-01,5.558666568984627077e-01,4.469139023516584264e-02,6.157227859735661113e-01,8.851103129720547802e-01,7.487595626701800677e-01,7.988977448811421800e-01,6.572302728448560227e-01,8.532229373081547941e-01,7.777669218385043770e-01,7.899629073425503689e-01,3.148679051136028528e-01,6.030664535753247346e-01,8.503533923948445317e-01,2.370025360752925914e-01,3.674640885080189268e-01,9.329999429654710630e-01,6.702736770443260550e-01,7.423769914895451683e-01,3.939582743986232982e-01,3.813187193123095814e-02,2.660873420077840557e-01,4.799258227809801713e-01,2.157347814857760171e-01,8.506560560280819194e-01,4.607138903632364002e-01,7.630863890501422553e-01,7.162037508637800753e-01,4.914275882781515281e-01,7.555195651597574891e-01,4.264045139805508478e-01,3.948297710458559262e-01,5.210637261829136335e-01,3.840787609343421227e-01,3.950674745322625414e-01,3.587576468438777866e-01,2.003757044289580791e-01,7.035864098405656408e-01,7.571950355516734454e-01,4.366703286320786082e-01,7.943641212423264708e-01,7.007228112040964074e-01,6.473992792846057220e-01,5.365231020439473753e-01,7.677033737459044715e-01,5.494885131292832625e-01
6.751590843621049221e-01,6.529950408807938533e-01,0.000000000000000000e+00,6.412180232317505890e-01,9.940216495604802249e-01,6.620372804263986444e-01,7.837202968436660644e-01,5.806219146604306713e-01,6.761496590290893005e-01,7.267582376844108349e-01,8.173775125597469993e-01,9.351718500573814596e-01,7.941735145545572028e-01,3.110988078300617188e-01,7.115315850474928094e-01,9.752274021338341869e-01,3.808877683842630812e-01,4.703461019738662818e-01,9.474931236351994412e-01,5.861194914439497028e-01,8.730554713994745919e-01,4.442367768663773031e-01,8.030879228915986934e-01,7.655131991180310624e-01,5.543614761230208909e-01,1.348015745074171157e-01,3.266294043046354956e-01,7.072900083923242542e-01,1.143972270269442426e-01,1.830694894535820350e-01,4.080281653295125266e-01,9.376214092219703478e-01,9.907185305499179861e-01,4.811825676081867842e-01,7.074061132175128996e-01,4.771133726207190673e-01,2.796151738951595522e-01,6.977800032325058854e-01,8.322350356495343826e-01,7.694632259939062635e-01,4.959481880366998774e-01,8.209425222518034193e-01,6.894907415070177237e-01,7.904089708078039234e-01,9.223851764609054538e-01,4.199532880587689698e-01,9.253793374504755143e-01,8.223367154265344148e-01,4.584738901467908523e-01,6.287219089289345364e-01,6.902723185918955284e-01,6.071024713189585587e-01,6.875075350312318534e-01,8.499627232468422999e-01,6.103810556670175025e-01,6.294799502770591637e-01,7.921503946492669535e-01,9.304917045437410827e-01,6.062708190937833308e-01,3.016779059865750123e-01,7.328291061824485642e-01,8.034513711545018255e-01,7.798294116129422804e-01,6.410010245005982599e-01,8.915659567189360146e-01,9.745106836722625676e-01,6.271987480286915773e-01,9.574976365098278874e-01,8.862862878250560295e-01,9.672254246799136812e-01,7.567813141994532700e-01,6.862867859191996711e-01,3.350289980257198375e-01,5.300106635483495809e-01,7.034350845565154886e-01,8.167681963387601884e-01,8.605209261934222420e-01,-4.082334388285166482e-02,7.127323294600640402e-01,5.380177104162722213e-01,7.964952748034803687e-01,9.375839135219470322e-01,6.313660453270500961e-01,9.981644183089304345e-01,8.527446073561959494e-01
7.390494380497847349e-01,9.320670948971756520e-01,6.412180232317505890e-01,0.000000000000000000e+00,7.377816855543181118e-01,7.632822174524196424e-01,8.534980890816028509e-01,3.629738232862752545e-01,8.544424140230907350e-01,7.284995636708991862e-01,5.927296521263903939e-01,6.487630963466048950e-01,7.765598913690643368e-01,8.693705920758365568e-01,7.634443052132700025e-01,6.879428587871142531e-01,9.585643397644376673e-01,4.877529912486645025e-01,8.276453247930246615e-01,6.325193032073735955e-01,7.131530616101928732e-01,3.188546532167954584e-01,4.511682838148092789e-01,8.650782303009068031e-01,2.018438565228641290e-01,6.579229909959226630e-01,7.590549374233206414e-01,1.545598170543299454e-01,5.636724435916855569e-01,4.940201211917198965e-01,4.651447074214835053e-01,6.725681380187071845e-01,3.375986454969395756e-01,6.987726973539224451e-01,3.535877137109071366e-01,2.182262701356338652e-01,2.521149027885446481e-01,2.452023707714065248e-01,9.943997540873253937e-01,4.999742428044179343e-01,4.836759514612317123e-01,8.033665264155442909e-01,4.008490652019183198e-01,4.351429511071183698e-01,7.527216771442506449e-01,6.551117995161874763e-01,6.978909814275842116e-01,9.106660375173907251e-01,7.977582789521493467e-01,4.629614162059217941e-01,6.730616369653390496e-01,5.197069516251432431e-01,4.534200752179942118e-01,8.949017318300728219e-01,9.452238206224857775e-01,5.323606697258929099e-01,8.999420906778652363e-01,7.293432479104753341e-01,4.085335502729566248e-01,3.157168843259477997e-01,4.189541513526642835e-01,6.190385462372096637e-01,5.750617963777122643e-01,7.456044288105885265e-01,8.526688207153997334e-01,6.636594131809848696e-01,8.485965405926426675e-01,7.683455634763955988e-01,1.213970912593166362e-01,2.064588785601303156e-01,9.787534064010784407e-01,9.658672790491473759e-01,7.721248144105317124e-01,4.766337739129167805e-01,6.458087847032794038e-01,2.879766755890435515e-01,7.661916637575341138e-01,5.483859574151632721e-01,7.544755401373668402e-01,4.736029401341060874e-01,4.347666286070296371e-01,6.448703187971196460e-01,2.058131222844273855e-01,3.336478197354001418e-01,2.370820452335666295e-01
6.871863294871251027e-01,3.126357905786859015e-01,9.940216495604802249e-01,7.377816855543181118e-01,0.000000000000000000e+00,3.334317399642468538e-01,4.288476330438195094e-01,4.459330809778295213e-01,6.429565548444170497e-01,8.848168685304136794e-04,9.717821615802127999e-01,2.149622383986826424e-01,7.371183133775105478e-01,4.564570773933997461e-01,7.763457415987249366e-01,3.414811262172350315e-01,5.537242730305812488e-01,7.924650986970192823e-02,6.941918821898667158e-01,8.085261443297624417e-01,8.246465972420390367e-01,7.377383307010008107e-01,8.059277961663700030e-01,7.727697703166988008e-01,4.980029277476503147e-01,4.930781520917986160e-01,7.388746220367773399e-01,5.435861685050531467e-01,3.580496966531089287e-01,3.436901037933707270e-01,5.269837416859262103e-01,5.254266857852933903e-01,7.839656203254923295e-01,4.412987880503930205e-01,3.714826286038608316e-01,5.452916210938137109e-02,4.317789833050438286e-01,6.904591751965404312e-01,7.131359716519087844e-01,6.654176689793709354e-01,4.896755025844112819e-01,5.970848475512079423e-01,6.077697513514840333e-01,6.968662379045427180e-01,8.889725777099326542e-01,7.287729911911101643e-01,6.516509877149052610e-01,9.637577772814438504e-01,9.157616640658989837e-01,2.482948444801428844e-01,4.653558062272379336e-01,5.497729585310164868e-01,8.328030211684217532e-01,5.913884109889362417e-01,3.826609593436391954e-02,8.100361889179784614e-01,8.195837570993640409e-01,8.290122480107242620e-01,7.548525102264680431e-01,5.008483418570730539e-01,2.366201191167346674e-01,5.689143062567736386e-01,7.679124431086991054e-01,6.372708480177613488e-01,9.438611439598083575e-01,8.562496477936162309e-01,4.024948533493886704e-01,9.754052088207512128e-01,7.395066422144829232e-01,2.087048293849949332e-01,9.318966369926827698e-01,3.612154538927576097e-01,3.680004115632047879e-01,6.955108229664666020e-01,5.382151948603273173e-01,7.567612705006466767e-01,4.059859189729390083e-01,3.455923938655536265e-01,2.311014313360883199e-01,2.052255234916913404e-02,2.784374188253264659e-01,7.296603632645607407e-01,4.878222053796469337e-01,1.669092207158233698e-01,6.650315500748221753e-01
4.274195396652537560e-01,7.259233964781787174e-01,6.620372804263986444e-01,7.632822174524196424e-01,3.334317399642468538e-01,0.000000000000000000e+00,4.593900646674684562e-01,4.585806657566005584e-01,7.304976430195212478e-01,5.225594009269765028e-01,7.625918165707096241e-01,8.973271631997965514e-01,3.487858546945922233e-01,8.362495743286970651e-01,5.337274438951654654e-01,7.112752457396896988e-01,4.392984572724439318e-01,5.436440000919056104e-01,5.296079368621222638e-01,9.576388870455461166e-01,7.021272529286868291e-01,5.636303851660022790e-01,6.986446091246184542e-01,9.971776355324983854e-01,5.856279160154656549e-02,5.260949566155941337e-01,4.920717425885447471e-01,5.436438371481697729e-01,7.525720639289397162e-01,4.996266244932135447e-01,3.667856917030344333e-01,2.115858095541033324e-01,9.551344339879209722e-01,6.516347515516954791e-01,8.440462095249195995e-01,4.829129112708571148e-01,1.826681668269412029e-01,7.058689210673820824e-01,6.595345007375683632e-01,4.202019247088194520e-01,3.675143836403354514e-01,5.732926466610795968e-01,5.850827789967996129e-01,6.721304332909363577e-01,3.527097967677267354e-01,4.326579690806331979e-01,7.072480268615309873e-01,8.995761942196603966e-01,2.160020144410501053e-01,7.333629901960996289e-01,4.687264839333026289e-01,7.978224901138779579e-01,3.961047600319639317e-01,6.855052474291098985e-01,5.355075852992396968e-01,4.531624250092127215e-01,4.147000507544566505e-01,8.644982475880028661e-01,4.758214993049957320e-01,5.226080214299210214e-01,4.226633715414258585e-01,9.702140831314451930e-01,4.396602954382127781e-01,3.381944185510882828e-01,4.058880492995506906e-01,4.227210455451482218e-01,4.533181619304296195e-01,4.471424315737941302e-01,5.560932826566585829e-01,5.468381546289250439e-01,7.451364919079211946e-01,9.946245151988144517e-01,4.517340311144617537e-01,4.922067073678416671e-01,4.858571296358378255e-01,-3.842499919709374545e-02,8.810504064122910428e-01,7.536622195219052633e-01,3.875821009615945667e-02,-3.022272141525803590e-01,5.050904306885436457e-01,6.248232564311115844e-01,4.119516142397106062e-01,4.677645188031119838e-01,4.279057985204650083e-01
7.605599771243010121e-01,7.642224986718504365e-01,7.837202968436660644e-01,8.534980890816028509e-01,4.288476330438195094e-01,4.593900646674684562e-01,0.000000000000000000e+00,9.767077610292254075e-01,7.490758135035633369e-01,5.905744104858396959e-01,3.348987645756029696e-01,3.741938072430212037e-01,4.383795023543280434e-01,6.970836986760272636e-01,9.610472559158486083e-01,6.307044435821566042e-01,4.934667792510559758e-01,4.632898465592388826e-01,4.135403809550507459e-01,8.439979019613317313e-01,6.883441290578602434e-01,2.178038593830677883e-01,6.312754990978296510e-01,7.369406403665523797e-01,2.809531976190741132e-01,6.369659595547266795e-01,2.668051128245715886e-01,5.763203959148774924e-01,6.716843309016322650e-01,2.729286844810382417e-01,4.247280878002274163e-01,7.083259716204434175e-01,2.781854734583962263e-01,7.487515440175425141e-01,2.915429678711634609e-01,4.627744758475656472e-01,4.034615045537260358e-01,6.505731607242439818e-01,6.575416089720640400e-01,6.443633322210269299e-01,5.958222755353796973e-01,1.852081049341109953e-01,2.324934531008111260e-01,4.359144901034083253e-01,9.017562680645442308e-01,6.869071226737437641e-01,7.216261102253843651e-01,6.532218643046759921e-01,3.390626947142855174e-01,3.733762321022835451e-01,4.482250391292141867e-01,3.739735403707249439e-01,7.350296764418353668e-01,4.608308407635309800e-01,5.455304677408625569e-01,5.866744062362561074e-01,5.474441428050672576e-01,4.171912007827763835e-01,5.669075846798428131e-01,1.049583615386142088e-01,6.488881820824055069e-01,7.691168894842781434e-03,4.252348386157305815e-01,7.229728517166171819e-01,6.515791407297667481e-01,7.329984620912919357e-01,5.638246786798242205e-01,8.469529414777255960e-01,7.663611599924704532e-01,5.037601205786120806e-01,3.949795542593683706e-01,8.759988730138082991e-01,2.260035058064905900e-01,6.046801302201176842e-01,3.205124319145626899e-01,5.746809450604742908e-01,2.647840425129058817e-01,1.780227850427456848e-01,3.882112406926826464e-01,7.698708706835211135e-02,5.931978546371611261e-01,8.081890949772624344e-01,4.081241981175507405e-01,7.660781863122998470e-01,3.294208266305503896e-01
7.627483182863192823e-01,4.579940632163259084e-01,5.806219146604306713e-01,3.629738232862752545e-01,4.459330809778295213e-01,4.585806657566005584e-01,9.767077610292254075e-01,0.000000000000000000e+00,4.758411234693793457e-01,2.396753954101311923e-02,5.989783603876634999e-01,4.473251811363468389e-01,5.829360624014067183e-01,7.140960373226598046e-01,5.700517688380526415e-01,5.073471377229394896e-01,5.995703062704538233e-01,2.775471942355244859e-01,3.180497341904865438e-01,6.608604207096129279e-01,9.929057760857702419e-01,2.079391329835970637e-01,4.661111310818344400e-01,6.254393322243019249e-01,2.102484358413493626e-01,5.128455070917324887e-01,2.735434706303257468e-01,4.504694785542514013e-01,7.546909654580726823e-01,5.037972345003541852e-01,4.150897624640063621e-01,7.787072695379279041e-01,3.387018451553454046e-01,7.794855863517899941e-01,7.128114282561468507e-01,3.695657732507581228e-01,3.982275437762268222e-01,4.596181551808172228e-01,7.970852392666911701e-01,4.749731052610484117e-01,3.223938958286460266e-01,4.316014571085131646e-01,9.232248520438097739e-01,5.586429536488121128e-01,8.218208817409283773e-01,8.868999962153816252e-01,7.518190407416023291e-01,6.854881788050983804e-01,6.840892498302192370e-01,5.521803196058915342e-01,7.916098646673964678e-01,7.717030998941455389e-01,3.799152594502916980e-01,7.366472946529426524e-01,6.562769090997140342e-01,2.398714279805714555e-01,4.025615941151841071e-01,3.050692235200862593e-02,6.895942889885664506e-01,2.647375321266957071e-01,4.241450258255822225e-01,7.763523572788388893e-01,3.249920961898427052e-01,6.162833595510078810e-01,6.198784985055423302e-01,3.211961372439665618e-01,5.522539383571711813e-01,7.675731301401222950e-01,7.594190406263552351e-01,6.415777710600526484e-01,5.311849585606893687e-01,1.437897437870685746e-01,1.847859811112229911e-01,5.243792612631762440e-01,4.110507665035613156e-01,5.406068487174883197e-01,2.380214975673682898e-01,4.951085106972042404e-01,3.614659434834546214e-01,5.757587156363995762e-01,6.617947995565908181e-01,6.398426518582868150e-01,4.767960876704594453e-01,4.443990115470409785e-01,3.215235601146373412e-01
8.610096322280720305e-01,9.690896943471872804e-01,6.761496590290893005e-01,8.544424140230907350e-01,6.429565548444170497e-01,7.304976430195212478e-01,7.490758135035633369e-01,4.758411234693793457e-01,0.000000000000000000e+00,9.725033877226223478e-01,6.288678146821395920e-01,4.582756082796139996e-01,1.130555134939485451e-01,7.137464050225832413e-01,3.422877278162569370e-01,3.885140360564280915e-01,9.307670433235937235e-01,5.147348735529905239e-01,5.310092481226947880e-01,8.780080160716151605e-01,8.112950752391532294e-01,3.486474754068406012e-01,2.042791292056878871e-01,6.035686580559084247e-01,4.208331685940229216e-01,6.759867720870093022e-01,9.290719477220384936e-01,5.883214725856777960e-01,5.727035900536361357e-01,4.812777685836702735e-01,3.912160326637056929e-01,4.336432944796587141e-01,5.313788146277966806e-01,4.270005432225925102e-01,4.607562212949443126e-01,5.090882186665863784e-01,4.814659308830821494e-01,6.143941944586485127e-01,7.679931733694862483e-01,2.754495384233690558e-01,5.613701466508710380e-01,2.832573310091972552e-01,9.433855725048608809e-01,9.927217383792746874e-01,8.839020462692451785e-01,8.127986361481752686e-01,5.019628427331760401e-01,7.553412555873323386e-01,7.465000413139315505e-01,2.040237824464916916e-01,8.693648309565620291e-01,6.249594036465327962e-01,7.240727823756081261e-01,5.811528487338445403e-01,4.122859725545405252e-01,9.828945120333159036e-01,7.603240480084283437e-01,1.989645077878550994e-01,6.552855343042282010e-01,3.622523297907880302e-01,4.370542554120530609e-01,6.848343446853552008e-01,7.684040811621016820e-01,6.249168393175339453e-01,7.324619904093979672e-01,2.195588229511575007e-01,3.302285593590393864e-01,7.653661568110585733e-01,6.024374700786967463e-01,6.472695938800530069e-01,6.860013128021729134e-01,6.737795731318846348e-01,1.645256350570172277e-01,5.408043609152533016e-01,4.859021114593367607e-01,5.414818733181807620e-01,6.810044222118638579e-01,3.150045027318549851e-01,3.230009073829453459e-01,-1.940066032695519915e-01,7.464610205332770088e-01,5.186235990205286805e-01,9.488203480547228175e-01,-1.646931588805173319e-01,5.907959566556203468e-01
7.608530557036030650e-01,3.961020125604727826e-01,7.267582376844108349e-01,7.284995636708991862e-01,8.848168685304136794e-04,5.225594009269765028e-01,5.905744104858396959e-01,2.396753954101311923e-02,9.725033877226223478e-01,0.000000000000000000e+00,1.851473557144427129e-01,6.778804562376615772e-01,2.613770493825239849e-01,7.519361687650983894e-01,6.624231919901453214e-01,7.718184356865492868e-02,9.180610028043580950e-01,2.395178510940824401e-01,2.610256928945718924e-01,8.917252835412002865e-01,9.535084073593820264e-01,4.906270195450219140e-01,8.828498659873810217e-01,4.016838886275229115e-01,5.789852332344076480e-01,4.387165107328234726e-01,5.984956395162313036e-01,6.642870349778837724e-01,3.259033446262399325e-01,5.493272699112018431e-01,2.821453278509496454e-01,2.590948748264065848e-01,8.449447546247532692e-01,6.874070829388175818e-01,5.611404093265509596e-01,5.092977741682129800e-01,3.139928400010748022e-01,5.770194304811162578e-01,4.707201730335882628e-01,8.214693282324864176e-01,3.717247552622551243e-01,6.097466869769792019e-01,8.989105685096441256e-01,-3.152566379740535107e-01,8.219216408696796705e-01,9.383311892724949255e-01,6.355031268651387677e-01,5.415402695345044037e-01,2.360957505958737879e-01,6.853500348051996260e-01,7.759850640642540487e-01,7.424820500746553975e-01,8.490162881768161807e-01,5.073907621328910267e-01,7.790768238763435827e-01,6.983370542012455884e-01,5.450446265598272166e-01,9.721015632545125518e-02,3.318830613982166611e-01,2.339271364544914245e-01,6.550485952561900804e-01,6.670062801399505581e-01,6.544843184892432664e-01,5.649402166862239616e-01,7.060356275992700770e-01,4.256147897001243963e-01,3.725731459071502938e-01,7.251048618624146291e-01,7.736939989699170850e-01,7.056105175705830179e-01,4.436858810080868687e-01,5.868333057893263538e-01,4.180624642113363043e-01,4.341703057042709535e-01,6.038126485614752070e-01,2.793883919743947453e-01,9.075090032524293360e-01,3.285277754188878907e-01,5.883041902848669125e-01,3.444055419179069544e-01,6.162509350347576964e-01,9.433689482323013298e-01,3.361536763798261829e-01,6.979415606102189473e-01,6.788598783793391434e-01
7.720967145026380596e-01,1.884664537058686196e-01,8.173775125597469993e-01,5.927296521263903939e-01,9.717821615802127999e-01,7.625918165707096241e-01,3.348987645756029696e-01,5.989783603876634999e-01,6.288678146821395920e-01,1.851473557144427129e-01,0.000000000000000000e+00,7.944789584901543744e-01,9.222037221265966256e-02,7.222112428351055158e-01,7.406821116918489434e-01,8.496763264604201282e-01,7.790091614997151082e-01,5.512331677642134942e-01,6.550604172074181442e-01,8.530279969951271024e-01,2.454294391028195021e-01,3.318555109346353893e-01,7.057260196335084501e-01,7.896565325037852023e-01,6.463674732232853604e-01,5.055020836203202306e-01,6.641993729411483915e-01,7.831736856765512123e-01,4.678249674031302874e-01,4.473031323315109775e-01,5.125164201594727409e-01,5.645811521812457157e-01,5.956493100733990520e-01,4.493677402844774016e-01,8.391911705004952982e-01,2.140373235690057330e-01,3.309942520877183214e-01,6.005291531639600500e-01,2.201491913513564103e-01,9.079031963453807474e-01,7.659329413351168014e-01,7.688593730469703846e-01,7.710995714336261742e-01,9.542417617167816557e-01,6.464269895926996190e-01,6.232961567678999559e-01,7.375457358078432168e-01,9.558002976282122809e-01,9.530519205128867855e-01,5.403781954480390004e-01,5.750674787771652419e-01,5.048730519622609547e-01,5.924417499952399080e-01,6.451284413216757940e-01,8.185271281880760474e-01,9.647562019885322915e-01,4.077702905451726645e-01,6.905849517372234514e-01,5.430424525552239867e-01,5.565245881050371324e-01,4.729499471666190336e-01,3.589515759264994554e-01,5.588408747498957441e-01,6.859029983134710129e-01,8.419958875470821003e-01,2.504451071521033301e-01,8.553946187201890705e-01,4.130880465679723779e-01,6.064420881448276957e-01,7.118753977423961654e-01,8.454011099987319700e-01,4.569188795037446571e-01,5.858970506105358744e-01,6.230309358832567534e-01,5.627629054448152202e-01,5.689550333837570806e-01,9.206811335721596379e-01,6.724673755853778356e-01,-3.268933806884696813e-02,2.764765121742460696e-01,4.092713274222792297e-01,8.162700419140042074e-01,7.115077780496990023e-01,5.892521677092823484e-01,7.044468967620635125e-01
7.072244798837389324e-01,3.677342181191499693e-01,9.351718500573814596e-01,6.487630963466048950e-01,2.149622383986826424e-01,8.973271631997965514e-01,3.741938072430212037e-01,4.473251811363468389e-01,4.582756082796139996e-01,6.778804562376615772e-01,7.944789584901543744e-01,0.000000000000000000e+00,8.633194545842610701e-01,7.498198351074635282e-01,7.255644610892396651e-01,9.640816845366889654e-01,7.093214972180960087e-01,5.020200588636082317e-01,8.698095944054178297e-01,7.127467879381935711e-01,7.728211672584435199e-01,7.489349732550689698e-01,7.503181010226290804e-01,7.712877259140000774e-01,5.536861266024246664e-01,6.607897717877049271e-01,6.198643896569171474e-01,2.282137317652249697e-01,3.246455426876033723e-01,5.722990802634809748e-01,4.553695040737388844e-01,6.786978677587765518e-02,5.812962161801157324e-01,7.188534716558652171e-01,4.078302222777392405e-01,3.437169772967920700e-01,2.407804343235045719e-01,3.296769604111191576e-01,7.919367949595942369e-01,6.741619315003133384e-01,5.460732612889970250e-01,7.241246986204339375e-01,9.542652567733105329e-01,6.444786543994256434e-01,9.843814157191305148e-01,8.068471982235612128e-01,3.244676482792310246e-01,7.458751459858228294e-01,6.296149347935671159e-01,7.651454461629034753e-01,5.436509853751261279e-01,3.414785313456547566e-01,7.066932846287543590e-01,5.974208222323937889e-01,6.188920035630993688e-01,7.520699591683028817e-01,7.515877319095144449e-01,5.598448123778599905e-01,9.894552006765490182e-01,5.533565180190749278e-01,5.995514544086468778e-01,9.803157966751987473e-01,2.322137373964502927e-01,7.541143569212467312e-01,7.820879758294225770e-01,2.330788109482159476e-01,5.922037792673319201e-01,8.047208949838450254e-01,4.125936549151136279e-01,5.325513560095096466e-01,8.863365072848512494e-01,6.481187552848145517e-01,5.681109353572517673e-01,2.878253584011478683e-01,-6.146509837851144020e-03,5.588749838139164261e-01,6.945504599303228277e-01,6.380078448616263165e-01,6.379321874565251349e-01,2.745401551495491033e-01,3.054170454933196055e-01,7.062888852395595718e-01,9.066346704961413261e-01,5.589551837060484640e-01,7.385863561411457612e-01
7.127282187002637048e-01,1.330049848446295813e-01,7.941735145545572028e-01,7.765598913690643368e-01,7.371183133775105478e-01,3.487858546945922233e-01,4.383795023543280434e-01,5.829360624014067183e-01,1.130555134939485451e-01,2.613770493825239849e-01,9.222037221265966256e-02,8.633194545842610701e-01,0.000000000000000000e+00,4.030847795064749217e-01,1.580571554839678705e-01,5.055437374586897459e-01,7.325628646815224299e-01,8.366222075134256420e-01,7.026751352070321754e-01,6.223850732476795544e-01,5.965209591368159092e-01,7.623812582591729115e-01,7.940065981260325811e-01,7.798405435594155666e-01,7.739003763077304532e-01,8.541547503969808552e-01,9.509588757982235796e-01,7.768709890056186840e-01,5.980251098866660175e-01,6.262896259404351351e-01,7.893399232448844449e-02,3.618620301754964519e-01,5.931396310512520031e-01,8.100265027638768878e-01,7.653060482411339072e-01,6.552424540073649439e-02,5.792603054304110710e-01,6.877068277785359784e-01,7.483152317500484374e-01,7.839208537331112669e-01,6.391815716548476800e-01,6.007780583183953693e-01,5.315384188202619820e-01,2.629780118415796508e-01,4.328939471351371804e-01,4.738480984116555939e-01,3.637179154669180625e-01,6.068521170931788777e-01,8.659868661698051362e-01,5.261876614082963144e-01,8.339986733287408915e-01,7.224123534553720249e-01,8.346169105522280862e-01,9.970478374404743160e-01,3.833555450465097048e-01,5.337440425791696308e-01,9.142996643013195923e-01,9.678800150792321588e-02,6.152908309121239983e-01,2.927788727011281233e-01,5.664839248899427027e-01,6.259840089635296811e-01,5.724542367929048581e-01,8.786837737379211699e-01,9.591321489336235295e-01,4.231785278743922518e-01,4.718571764611484975e-01,6.021816687693227754e-01,7.704581505587299040e-01,4.100489904923625972e-01,9.997776637327776550e-01,1.102696313718292687e-01,1.226181342665924601e-01,2.690611809679814281e-01,6.335953239130819314e-01,6.989335680477496426e-01,7.211139262091659230e-01,6.480707535916838680e-01,4.699022287856362556e-01,5.886749856817656834e-01,4.234890020083172391e-01,8.409792743084084643e-01,5.131725623526448704e-02,5.567347394272972316e-01,6.468398562086666859e-01
1.258972640698416412e-01,7.146021344650840268e-01,3.110988078300617188e-01,8.693705920758365568e-01,4.564570773933997461e-01,8.362495743286970651e-01,6.970836986760272636e-01,7.140960373226598046e-01,7.137464050225832413e-01,7.519361687650983894e-01,7.222112428351055158e-01,7.498198351074635282e-01,4.030847795064749217e-01,0.000000000000000000e+00,6.156062193557222395e-01,9.755390709765459079e-01,5.181056029971610188e-01,7.984079355774486020e-01,8.643798049760027524e-01,7.897000812034824513e-01,5.134419923177441225e-01,3.247669179878850954e-01,8.084982106520681722e-01,6.765492894841917959e-01,5.776439841565849109e-01,6.408746296626769423e-01,7.604004350891346853e-01,7.864962781940667558e-01,9.225613259844250846e-02,3.519134132576897112e-01,3.701876010588133203e-01,3.109037132926981695e-01,4.344474438082837620e-01,9.772426061960144406e-01,8.002887456671178290e-01,2.594835348846334933e-01,2.965133925447768215e-01,6.719151744483561339e-01,9.869980001286733362e-01,6.000826924787930894e-01,6.908285115673685750e-01,8.962758279689189145e-01,9.426873155275271587e-01,4.050609968268805705e-01,7.404826292275252797e-01,9.114110501728578395e-01,8.507121040891402197e-01,9.389050150854669763e-01,9.597972505009004784e-01,7.910536433429983250e-01,4.249895798528572355e-01,6.820506618994721659e-01,4.549156714748598396e-01,6.162031171932278450e-01,4.129615589017142097e-01,8.232187819333141032e-01,9.814932129907604219e-01,6.571542168057725730e-01,9.382409843515850945e-01,4.697484810383325549e-01,3.376016428042059037e-01,6.494303581827757244e-01,8.988912585616999351e-01,4.492014405417436573e-01,8.807302921345434576e-01,8.169116737142790852e-01,7.589559581053604287e-01,6.411138584548427000e-01,5.119530677038828248e-01,5.501683627511404495e-01,7.798030226885815930e-01,7.601101426695974217e-01,2.553340572099219163e-01,2.831515217480649188e-02,1.180309558038072359e-01,9.968840725477905451e-01,9.355371468262423384e-01,5.201973206133077010e-01,2.632261371440738906e-01,2.612970422589279695e-01,3.440484878358994747e-01,1.568912554868117371e-01,7.633404973866546595e-01,2.947114481040740142e-01,6.996236338205283900e-01
9.839626265205629885e-01,4.267516203180542478e-01,7.115315850474928094e-01,7.634443052132700025e-01,7.763457415987249366e-01,5.337274438951654654e-01,9.610472559158486083e-01,5.700517688380526415e-01,3.422877278162569370e-01,6.624231919901453214e-01,7.406821116918489434e-01,7.255644610892396651e-01,1.580571554839678705e-01,6.156062193557222395e-01,0.000000000000000000e+00,6.059279424240585632e-01,4.728274028665365170e-01,7.659361113836993251e-01,3.093371674528794801e-01,4.454247341645874436e-01,9.080215529223298887e-01,5.168777084445864700e-01,6.289739928003983405e-01,6.474091103747154907e-01,6.545293698221050782e-01,8.075828302666508973e-01,4.009972285840228690e-01,8.892772956019989739e-01,1.744369046019048075e-01,1.666444886675391979e-01,5.933395092457269815e-01,4.651770403716145585e-01,4.999382157572127006e-01,4.496615089166310364e-01,4.176065255773814822e-01,3.254177627945563644e-01,4.718711742901079975e-01,4.813029142160506479e-01,9.257687682058428624e-01,7.889900738650341694e-01,6.669087644902660546e-03,2.066005364604940886e-01,7.295782221535605794e-02,3.461986887550127512e-01,9.007127170093222057e-01,9.978860674842552347e-01,9.038889512629502132e-01,8.828422211425672739e-01,4.870193756429484488e-01,5.408163526290321599e-01,5.971011178388480056e-01,3.482686897181255237e-01,2.073621559097422185e-01,6.077579968679446276e-01,9.715333215689213597e-01,5.080119065211973206e-01,4.291335323748727282e-01,-2.612570333441985304e-02,5.683012454177551742e-01,2.142696672419030501e-01,3.993063111376126684e-01,4.745605043521387567e-01,6.526583022679189883e-01,9.237398469325168726e-01,8.448172641484000822e-01,7.017093156159552869e-01,3.015292979176492638e-01,7.865790660732230322e-01,5.175147442876610882e-01,7.422921685487234855e-01,4.123480702358850447e-01,2.335222456551454551e-01,1.578178510407248977e-02,3.011106847586458857e-01,3.435698662049437857e-01,5.942608567231149053e-01,2.320147116230898421e-01,7.596879897206497700e-01,3.935628699743253245e-01,3.803505591890247173e-01,7.481750243269598144e-01,7.415922233413816400e-01,3.109113242929225085e-01,6.419214738450803592e-01,4.123291517378355198e-01
9.242604699804405355e-01,4.131844216072578790e-01,9.752274021338341869e-01,6.879428587871142531e-01,3.414811262172350315e-01,7.112752457396896988e-01,6.307044435821566042e-01,5.073471377229394896e-01,3.885140360564280915e-01,7.718184356865492868e-02,8.496763264604201282e-01,9.640816845366889654e-01,5.055437374586897459e-01,9.755390709765459079e-01,6.059279424240585632e-01,0.000000000000000000e+00,8.348707131997055164e-01,7.009741723739618124e-02,9.155337706469960368e-01,9.378959393829233715e-01,8.887417004390606445e-01,1.762015743321861949e-01,2.965888873309127094e-01,6.793339930330538623e-01,5.472604209184374069e-01,7.236411634173846030e-01,7.657638945619106297e-01,5.550363387487389222e-01,2.869070218132868111e-01,1.523086060162854860e-01,5.534710470049502007e-01,5.309118537843865449e-01,9.980866164834343301e-01,4.904663545850684869e-01,7.698344740307992984e-01,1.436601938288739055e-01,1.767516327765795980e-01,6.157494865236455839e-01,4.605274548809336066e-01,5.912731425536372765e-01,3.828010386609599358e-01,6.494705274723892030e-01,6.149303686748184283e-01,7.037578564709263684e-01,8.060291705295876685e-01,5.803596985105596850e-01,7.213021028189210426e-01,5.859179298890420107e-01,4.334185526631185170e-01,7.904025478001336369e-01,5.140039797173189262e-01,7.220490409993696179e-01,6.500009725626726409e-01,2.831941574354968072e-01,8.948376947122406166e-01,6.143783573464602910e-01,5.784019941872768911e-01,6.011558794957556628e-01,5.970186461544084722e-01,4.568782936879708378e-01,5.739747287594216818e-01,4.622737756016735977e-01,7.596344724151908867e-01,8.723585853200894746e-01,9.800942340235797579e-01,9.688052861885348976e-01,9.018229580557403091e-01,4.110713947779059407e-01,6.910703134977609352e-01,9.705508699296035990e-01,6.915664543990727164e-01,1.567007519035845805e-03,4.300853327058833941e-01,3.531467611520401340e-01,4.964851762068199781e-01,2.446289676423994142e-01,7.375085752987625698e-01,4.648737973496891440e-01,5.260009729142511858e-01,2.624432286365417921e-01,5.772045193052112166e-01,5.061205917635326346e-01,5.789140169228913502e-01,3.868476445361725968e-01,5.435444978660647353e-01
1.025278428118408941e-01,2.678646880895101390e-01,3.808877683842630812e-01,9.585643397644376673e-01,5.537242730305812488e-01,4.392984572724439318e-01,4.934667792510559758e-01,5.995703062704538233e-01,9.307670433235937235e-01,9.180610028043580950e-01,7.790091614997151082e-01,7.093214972180960087e-01,7.325628646815224299e-01,5.181056029971610188e-01,4.728274028665365170e-01,8.348707131997055164e-01,0.000000000000000000e+00,2.082450673896895366e-01,5.090591527037210406e-01,7.970519475042593394e-01,8.622456594657907925e-01,4.986047887642803822e-01,-1.511529492589910872e-01,6.446039615635503761e-01,1.407269996138630075e-01,9.273635293708405447e-01,4.869906980642193517e-01,7.787050632915089032e-01,4.515039635518431904e-01,7.930548309255631978e-02,2.909684727984393482e-01,5.823350634711442764e-01,7.294928636727934235e-01,2.181897573772009491e-01,8.929620570614273944e-01,4.782497777687090279e-01,6.018261549750011374e-01,2.535566649657740590e-01,6.230168133314609724e-01,8.215376189391382367e-01,3.430669806353410234e-01,7.677679417694159847e-01,8.876140655644921829e-01,9.840095625529625689e-01,3.554460328831399174e-01,4.171986576803403124e-01,5.087063282181650825e-01,6.510665785369502689e-01,7.525113977179834768e-01,9.435746673345541957e-01,8.970292005478296415e-01,5.391173126905756119e-01,3.641593810329137870e-01,4.198033833365734657e-01,3.784517586103430808e-01,6.845339887988141081e-01,2.048861784104759609e-01,2.074509909849146794e-01,6.036758085306171973e-01,2.216674248703355832e-01,3.250538541490942679e-01,7.753576306737890445e-01,5.709750483722917380e-01,7.327937505289415787e-01,6.633233037651756758e-01,9.662457663655710238e-01,4.432369023305552380e-01,8.615379791578445801e-01,6.604590267207159915e-01,5.281054308757835436e-01,7.073939726976024023e-01,7.217728353755306081e-01,1.402240791767561390e-01,1.057200711428676367e-02,8.416867268974639327e-01,6.473282133070423772e-01,7.018453649225191437e-01,7.830326465153113480e-01,3.443455996280957443e-01,2.870558562393416557e-01,6.911885388910633532e-01,5.608443609318702894e-02,7.741095423304087397e-01,1.359030127597213033e-01,7.364530202698187367e-01
9.016608538540986650e-01,3.172374767520227401e-01,4.703461019738662818e-01,4.877529912486645025e-01,7.924650986970192823e-02,5.436440000919056104e-01,4.632898465592388826e-01,2.775471942355244859e-01,5.147348735529905239e-01,2.395178510940824401e-01,5.512331677642134942e-01,5.020200588636082317e-01,8.366222075134256420e-01,7.984079355774486020e-01,7.659361113836993251e-01,7.009741723739618124e-02,2.082450673896895366e-01,0.000000000000000000e+00,6.969154948108692293e-01,9.761865832016705102e-01,8.026321726541666424e-01,5.290438538803097224e-01,6.450026272256691451e-01,7.521663647897012250e-01,8.168388123047787275e-02,5.369202743221410667e-01,7.181612587734637065e-01,1.105308642417731496e-01,1.964273502147744765e-01,9.724543157873724586e-02,2.645725779471249650e-01,8.188767980572160265e-01,2.164999988155086319e-01,7.035919124957105142e-01,5.656790458250056108e-01,2.921841338899933138e-01,4.821949096199517060e-01,7.919119128707655664e-01,7.164584517942290676e-01,6.569219094658734770e-01,5.317381345916114554e-01,6.977372227428408902e-01,2.468188910141705383e-01,4.021859986036437351e-01,4.129549578767307549e-01,7.739748323250519313e-01,6.730991723906559754e-01,4.393890521582253794e-01,4.689185996803454382e-01,7.192744986065798818e-01,5.028559310671514293e-01,6.268193303679668871e-01,7.283635018999837785e-01,7.610652750864318472e-01,7.405635164714341467e-01,3.195914030082055990e-01,4.640165987014618909e-01,8.491454969130549646e-01,2.207373976897327172e-01,6.014404191753495166e-01,3.701439325034743266e-01,5.832830754292906983e-01,6.784465620642629036e-01,9.462652086763332360e-01,3.501339236436668001e-01,4.960289836366070237e-01,8.486966056186692198e-01,6.890295118432324672e-01,5.118944308770800866e-01,9.997071360997984435e-01,7.831477903815253772e-01,3.897255776833000174e-01,3.501597585889998365e-01,4.141743124096965989e-01,4.975181546894151818e-01,7.646313124683735696e-01,6.598541017249612839e-01,4.669170538933448134e-01,2.821080534725373679e-01,4.304184973003785109e-01,8.202757168951356481e-02,4.836883617944625624e-01,5.179034461832802139e-01,2.832037132735213958e-01,6.451903759053574383e-01
