0.000000000000000000e+00,6.589981241745793694e-01,2.085676950285108022e-01,7.491687235842610093e-01,9.656963565804529415e-01,8.769870152957851550e-01,6.880194555677069390e-01,8.286889559578113351e-01,7.281351838426992629e-01,6.949036253363686244e-01,4.656095055014756179e-01,4.310013116726653104e-01,7.727153111689410991e-01,8.906729095936887219e-01,9.250976423165002682e-01,8.993549990405984573e-01,6.629449363833757047e-01,7.451774555468858585e-01,3.208023221827845384e-01,6.732596178023007027e-01,3.261148559789803780e-01,9.499847870253304016e-01,3.731593672043473919e-01,7.720879719350606241e-01,8.770392212407749355e-01,9.189031867406474152e-01,2.767383481879864826e-01,9.718595004655417036e-01,1.420160005527288660e-01,3.198675932047976844e-01,2.013125734567349778e-01,3.072104041510997918e-01,9.637232987172973386e-01,6.797997860506799217e-01,8.802030869455282902e-01,-6.961719257135490224e-02,3.696115556967769500e-01,5.412625113889001360e-01,3.196166840969769662e-01,4.141060026054856902e-01,2.718188264644843533e-01,6.576797374870821944e-01,5.589857538762325051e-01,9.878178514001991761e-01,6.623948761646883954e-01,2.937536580289454857e-01,4.738877360113046833e-01,7.230384241642966447e-01,6.090917273127108844e-01,4.103049154969752865e-01,8.196312877112690298e-01,9.735026095472678609e-01,6.885324783505002433e-01,4.851517453360827958e-01,8.718691952380270838e-01,4.519049693644953125e-01,9.527821117181911603e-01,7.360145384789922307e-01,7.431707686523709722e-01,5.351950900963522439e-01,3.220068423466703189e-01,6.940269086477113269e-01,9.536430242259045231e-01,2.250388157093173025e-01,8.468501950007079060e-01,9.641288252538922077e-01,8.313621127457617721e-01,8.949989098185553438e-01,7.885611808203567552e-01,9.909565327635438958e-01,8.450616706569719083e-01,9.949031278005278089e-01,7.199066682680199669e-01,1.941475271631872279e-01,8.395388172029905061e-01,8.355515148660389579e-01,7.984119602543620076e-01,8.612378245225325024e-01,3.327993635391338634e-01,1.398088800397831177e-01,9.749622474964076968e-01,6.067996593498093949e-01,8.623975932496399377e-01,6.167557723665328950e-01,8.566707945273054348e-01
6.589981241745793694e-01,0.000000000000000000e+00,4.456156781610267070e-01,5.231807173879312600e-01,6.683360061200764868e-01,9.797645023222296690e-01,6.025240731107506242e-01,6.705211403050734820e-01,4.312877346606250328e-01,6.309309356987393702e-01,7.040023130932465678e-01,7.215150183489641433e-01,8.777149930800325350e-01,5.822483608659310139e-01,7.977653966435704902e-01,6.559035296434923001e-01,7.797518063354770268e-01,2.021677396600342902e-01,7.162732534414972818e-01,7.263761399822650233e-01,7.801354203628714234e-01,4.074950594655559755e-01,4.599778142985066487e-01,6.014785978153421864e-01,2.791672808292919861e-01,4.536214151101682357e-01,5.850095646551081163e-01,6.938259164821978242e-01,4.294297916560796402e-01,3.058596914965918123e-01,6.141914771332545042e-01,6.988087084355169010e-01,9.031504410466684174e-01,6.007484460172494156e-01,5.026995323630101264e-01,3.580106688253882896e-01,3.189770957016507258e-01,6.310279318067467669e-01,7.481316383824478944e-01,9.775254986996096962e-01,5.108653277721791897e-01,8.260858126776705612e-01,9.328936677913048925e-01,-5.084731555489624411e-02,4.374642550025277243e-01,7.478835053932862964e-01,3.717740651651911810e-01,9.382547989934351129e-01,7.371950166712702979e-01,7.656641375583221887e-01,8.012162483041922467e-01,5.849607924344338850e-01,8.114276855190473148e-01,8.564447038615152774e-01,9.103275517630122771e-01,9.270450368124997231e-01,4.539349723890521715e-01,8.763673843270787245e-01,7.134026411356554354e-01,3.279019563591322739e-01,5.743131174927267324e-01,6.457739094773830013e-01,9.596018189412023336e-01,5.507784233510921723e-01,7.017422236041437333e-01,7.232416232138704215e-01,6.031372194358926020e-01,6.424200634148824474e-01,6.736537198355293521e-01,5.303963346227661413e-01,7.828772772750413056e-01,9.451646938049951263e-01,7.414019189354156270e-01,1.287598071310149840e-02,7.612145618106540557e-01,4.752534010067793191e-01,8.055380272655414675e-01,3.613007339177399801e-01,2.798658750906522080e-02,4.420441729170179745e-02,3.168505489514363838e-01,6.745622678049777443e-01,8.633433907561538501e-01,4.458854562240704422e-01,5.639518552354906289e-01
2.085676950285108022e-01,4.456156781610267070e-01,0.000000000000000000e+00,9.537562290630934303e-01,8.246747833395030591e-01,3.586066390798502423e-01,5.690129314065260902e-01,4.492128097647167806e-01,9.403618450445305754e-01,9.837330170432029286e-01,5.111548625314241701e-01,8.855221293320402198e-01,5.948529371872107729e-01,8.043877831949173274e-01,9.368499376967218684e-01,4.595466957037818712e-01,3.205207793437960806e-01,4.852787517621504065e-01,6.196351120143744895e-01,9.315790511671818708e-01,5.417686085222503944e-01,4.644656383598878557e-01,9.292263502779393169e-01,9.122769114234590138e-01,6.655692167526966463e-01,5.598241683008466918e-01,8.122074156858748450e-01,7.833790766672585892e-01,5.457290530789866700e-01,3.117193729923325995e-01,2.314633422354260561e-01,7.478128532451252530e-01,9.939646997902240599e-01,9.241516557298132817e-01,8.860768160243561731e-01,8.240615720960242641e-04,1.534121760680517976e-02,7.642824682720328333e-01,1.737478475369184094e-01,9.349388912664408080e-01,5.930944708686445299e-01,8.657471624850145986e-01,5.680933517022679347e-01,9.011665935412148665e-01,2.422060985665189514e-01,4.661366327923147646e-01,3.323064230200547531e-01,5.734107648461823636e-01,9.907072554691679356e-01,7.502347489055186669e-01,4.305961992132414373e-01,6.121060189420678421e-01,8.977240613072950959e-01,2.985477839056519533e-01,9.294871194690306204e-01,4.722376896196946450e-01,6.295986657113008533e-01,6.148941629938005082e-01,9.705814654472223468e-01,2.310780723108999957e-01,4.265961056008805707e-01,4.512822821856284916e-01,9.369185358529547036e-01,2.380234210098469139e-01,4.990914411343213564e-01,7.755633826256386198e-01,4.917912853483836777e-01,8.202457453738760673e-01,3.634467080017218521e-01,8.562713340499426007e-01,8.151763032815600996e-01,6.817592460890729011e-01,2.759725915612023517e-01,3.971258465052663889e-01,6.977566683497530287e-01,9.117278008282609925e-01,7.028280185204959229e-01,7.655464361454599187e-01,4.782748200621873558e-01,-3.953689462205115523e-01,9.429026016600284832e-01,7.968181206245722459e-01,8.379903312062603193e-01,4.303059075346181706e-01,7.952947182107108492e-01
7.491687235842610093e-01,5.231807173879312600e-01,9.537562290630934303e-01,0.000000000000000000e+00,6.266242303065722163e-01,6.607707827131433787e-01,2.369861509047316572e-01,3.687767676598313615e-01,9.116249280500473562e-01,6.964439422460131368e-01,4.237623533358126915e-01,7.838605193727949949e-01,6.416412828284967507e-01,6.206192255895959242e-01,7.765842467614549882e-01,8.671339104123463315e-01,3.143861017529886448e-01,7.628171548717579409e-01,9.381731705866519500e-01,7.665428614795315454e-01,9.974561656416182087e-01,4.197709044861203664e-01,4.514674338401107323e-01,7.700777389555990560e-01,4.722210691154501427e-01,8.181743460747240571e-01,3.631069536164107658e-01,4.013023194184627274e-01,4.795035230985800756e-01,2.909107388695564289e-01,1.819196661478791333e-01,4.730753910691017083e-02,9.179364653729087387e-01,9.692019763356620743e-01,8.680783201287591844e-01,7.674201592751483947e-01,5.587458286830011556e-01,3.729605355275341094e-01,9.504861749057749165e-01,-4.319300004454129649e-03,6.122755842275090510e-01,7.006856318999621358e-01,6.677099365170491296e-01,6.198916900476093561e-01,6.412595740888682450e-01,7.407670921735083347e-01,6.258738145210651638e-01,9.956915457915512802e-01,3.891798793409136092e-02,6.218250242586751408e-01,8.835335833377344628e-01,5.211776295207499743e-01,7.944598694824610563e-01,8.760410749457725466e-01,8.952267517944091368e-01,8.134863758209056606e-01,6.017202198696741666e-01,4.362554251071725231e-01,2.706488016536195418e-01,2.603766163489206198e-01,5.349018403938927690e-01,5.191961942289976539e-01,4.239439320673063505e-01,6.255225426833781466e-01,9.909991524957149078e-01,9.720044962369390751e-01,5.279972652750566375e-01,4.805639131629123595e-01,3.612006261125981776e-01,6.509511424846262662e-01,5.763263954154876911e-01,5.989403915095543596e-01,4.746856577568275143e-02,5.896742100966885225e-01,5.957336785474142138e-01,6.158097480719784134e-01,4.442489966668319856e-01,4.669547854549207511e-01,4.031274338590686845e-01,3.024435845238593323e-03,4.690134483855628589e-01,8.508409124571589821e-01,6.181732279360473425e-01,4.430236551099830389e-01,9.286661316096735952e-01
9.656963565804529415e-01,6.683360061200764868e-01,8.246747833395030591e-01,6.266242303065722163e-01,0.000000000000000000e+00,5.923339579102422370e-01,5.956671025296746969e-01,4.983329094562014561e-01,6.584030150412711890e-01,7.931434187841841510e-01,4.930535015822266609e-01,8.017529392106480524e-01,5.384207142427684945e-01,7.239494720179674436e-01,2.553243609277169868e-01,6.618376021141203491e-01,6.723472986195566659e-01,5.767082728876630204e-01,9.587970696142374960e-01,7.028261957028207885e-01,6.230924933383537034e-01,7.777716375306683583e-01,9.265473497875684750e-01,2.891097996243797708e-01,-9.661243396938620775e-02,4.251774319016036752e-01,6.696630517919256453e-01,4.523454384292638908e-01,2.052667101029123087e-01,5.954976228933210880e-01,2.236534429083488762e-01,4.500222587028223642e-01,7.546748075719929005e-01,6.361529840114352741e-01,8.745327035040751928e-01,3.692165560213054309e-01,3.674626763123463036e-01,8.313514488563461535e-01,2.060194560129167962e-01,9.919132829766685866e-01,6.616350249953532048e-01,1.366297594323765130e-01,4.431292152292630182e-01,6.309751305981812219e-01,6.104093744795713317e-01,7.257047942190136824e-01,5.534001026368599030e-01,9.714878520411465157e-01,3.006797157696885492e-01,7.795255823325325517e-01,5.855302534069988241e-01,6.355696927256399009e-01,7.881469656705637483e-01,5.150231120311205002e-01,5.789096841151245010e-02,8.544202694444017476e-01,7.294526028051606659e-01,6.742073428264691026e-01,6.773859011912857220e-01,5.219939701565345924e-01,5.284823800916212955e-01,6.140570593443388514e-01,5.812259839840129283e-01,8.371700679437154013e-01,9.485993906078006299e-01,2.199591488914826864e-01,5.843143287758501003e-01,9.739479709542803176e-01,7.146164724219818964e-01,8.810401352174482836e-01,6.104301022690912237e-01,9.353223576115642368e-01,2.642708029410052728e-02,1.080114110701776015e-01,5.858198177759383896e-01,5.182244810262720547e-01,7.478568773717725326e-01,4.607842801345447548e-01,9.402319741388592833e-01,-1.537178774952768778e-02,1.226344352666155491e-01,4.192938722120916339e-01,7.921766369894274185e-01,-9.018230969688129095e-02,5.836479535480531000e-01
8.769870152957851550e-01,9.797645023222296690e-01,3.586066390798502423e-01,6.607707827131433787e-01,5.923339579102422370e-01,0.000000000000000000e+00,4.340673110012955860e-01,7.868156126576574261e-01,3.641064293874063384e-01,6.651140143551951267e-01,5.682454985573892614e-01,5.917673513216650250e-01,6.585040910270975045e-01,3.506635868267197198e-01,2.540889561551062936e-01,6.661542896940034764e-01,7.609828570235839251e-01,-1.030562326775614490e-01,7.706844707300465336e-01,3.430020712099602909e-01,3.146354966229188421e-01,8.291196780852267967e-01,2.833554402809931871e-01,5.201163021259760377e-01,3.995766642448075334e-01,7.142596240494610838e-01,1.316620732934015991e-01,6.591045813609937021e-01,7.763164688624433207e-01,7.689957648063139306e-01,6.539301674483765092e-01,2.871269478156613375e-01,8.461673347210859619e-01,6.671089324947222510e-01,7.176484273867527186e-01,2.122877574947307777e-01,4.476101451583979762e-01,8.772576186832948819e-01,8.814077599428528087e-01,6.643627017261466428e-01,3.225004190930128578e-01,5.547081810639340471e-01,7.264376301507471378e-01,3.008624279220642461e-01,5.045325902330417556e-01,2.958073747233377349e-01,8.935805778952341516e-01,3.919443199594735416e-01,5.086322020593174731e-01,-3.469015378501461022e-02,4.111910325725257054e-01,9.629498229463426817e-01,9.227391183957283083e-01,8.917855280297882770e-01,2.710110084756470195e-01,2.536647615652358190e-01,7.782224513340232352e-01,4.901165896626976659e-01,2.686847571125621781e-01,2.329765488280177155e-01,2.623171451477770422e-01,7.675338933571456135e-01,8.569902322753942814e-01,9.476768455274952041e-01,9.149209404221116948e-01,5.820649758112106387e-01,7.875792614919319146e-01,7.777725756427461556e-01,7.327084541614915514e-01,5.771469507361923768e-01,4.593188452950485723e-01,4.782182993878246746e-01,4.909434460248298659e-01,4.443852568892958654e-02,2.486239703613616903e-01,8.531883895172577281e-01,5.375244578027580378e-01,4.554813445383918968e-01,4.349623274992666100e-01,7.378759392845143372e-01,5.937994083257844835e-01,7.694540849395136162e-01,9.736533819306889548e-01,4.259853671182509127e-01,1.191897328248669174e-01
6.880194555677069390e-01,6.025240731107506242e-01,5.690129314065260902e-01,2.369861509047316572e-01,5.956671025296746969e-01,4.340673110012955860e-01,0.000000000000000000e+00,5.008577207693810651e-01,2.960313130263125814e-01,3.650208524922855524e-01,4.528684020576252689e-02,4.762637293588252718e-01,5.209756736657789045e-01,5.852397548829357810e-01,6.206658870145957962e-01,4.990547947463554457e-01,9.526772633603259877e-01,5.132766793756142754e-01,5.933941715455506305e-01,5.903446359216198980e-01,7.990871571667303996e-01,4.681442517770723066e-01,7.990836087367467755e-01,6.492884096583910747e-01,7.180450115805911970e-01,5.460147794727439052e-01,4.511332107686354953e-01,4.485249580968289074e-01,4.032874916909088281e-01,6.862995658475841143e-01,3.403793328211858205e-01,2.138812670633766233e-01,4.276109267442170792e-01,6.976346488382016986e-01,7.044848562240478840e-01,2.730145578870367684e-01,5.636910301794142431e-01,6.379835728610657730e-01,7.601862590774521866e-01,4.431266691178695205e-01,2.646093410470848339e-01,5.855375847920741839e-01,8.025420832856422493e-01,5.708574633242207153e-01,8.824658152373108244e-01,2.413095959956079173e-01,5.910836207204751558e-01,7.574110326873637611e-01,5.129797546568271027e-01,3.844819119895265258e-01,5.012828350566849167e-01,1.379136476813382639e-01,7.537582470340603580e-01,2.862310995365067168e-01,8.382998751904597867e-01,4.032324192366182891e-01,8.030925145854351799e-01,5.068757236143915934e-01,3.055797052196945751e-01,1.422377451289533745e-01,4.387900460712237383e-01,6.777782230084228310e-01,4.081451205671254301e-01,9.580570137179352797e-01,7.185657233699173085e-01,4.317388952182854567e-02,7.957061410199263163e-01,8.420458293407502293e-01,3.263657163164480068e-01,6.491117581646850265e-01,3.904210143519383225e-01,9.910345130489589538e-02,4.396030488540478842e-01,4.516618343865536622e-01,2.426520193650348323e-01,4.894606945420090227e-01,3.097429466878613979e-01,3.758028783926048444e-01,3.541722713824473900e-01,4.294196321481196232e-01,4.287469473861241775e-01,7.243785973211929186e-01,5.307901119513829258e-01,8.564382468583098262e-02,4.848192265487338282e-01
8.286889559578113351e-01,6.705211403050734820e-01,4.492128097647167806e-01,3.687767676598313615e-01,4.983329094562014561e-01,7.868156126576574261e-01,5.008577207693810651e-01,0.000000000000000000e+00,3.688786121102227700e-01,6.083051126874573500e-01,4.534921014431766983e-01,4.132954723365729333e-01,7.928654718421284109e-01,8.941267434689881277e-01,3.789657489250942701e-01,7.433445549626336302e-01,9.125032872937415274e-01,5.420651921815253793e-01,7.503248884480397951e-01,8.936833268543664666e-03,4.493334787906601568e-01,-2.979817909429870459e-01,6.360974009337710955e-01,6.201960590273876139e-01,4.223345172761867605e-01,-3.344463366651320713e-02,9.622161275451572848e-01,3.453419546286773736e-03,4.939539444842844240e-01,4.092918094773579929e-01,8.451606144934442622e-01,3.167174990847816674e-02,7.822353235478116673e-01,6.864813881540191565e-01,5.604619342347758604e-01,5.515818191661762127e-01,1.969854466986207392e-02,7.311895325607153939e-01,7.862056059398263574e-01,6.270264445770024064e-01,2.712129189471866875e-01,6.928697497137700223e-01,6.591835642276682172e-01,5.701100519924255927e-01,4.324307985843537927e-01,4.524420076462219997e-01,4.041034831063229915e-01,5.096569269845832029e-01,4.559157584210482561e-01,2.272604632176297712e-01,4.529027951994352152e-01,5.598858510566795399e-01,5.252100788831903788e-01,3.732413411445322238e-01,6.208741897001942567e-01,5.756080779215433374e-01,3.330485476524044364e-01,4.072526260515809682e-01,6.656392171528444646e-01,7.484761132688422247e-01,2.392480532438192586e-01,3.856771405825392129e-01,4.149440756714556366e-01,7.952217878667150464e-01,5.369859711658474533e-01,3.678658477340129851e-01,3.781924030979218476e-01,8.646528140992686406e-01,7.780423314776286903e-01,5.818719317546922065e-01,-1.973114863166548216e-01,4.995745049104832192e-01,4.559866333218823287e-01,-1.916922109488446435e-01,7.886275438188958820e-01,5.636747819292942108e-01,5.523851480727847152e-01,2.319058530031214982e-01,4.583038334335283182e-01,3.887917056930201287e-01,6.731314325720858527e-01,4.959010545212272913e-01,1.180497459075799394e-01,3.315798325829834026e-01,5.398004936839151391e-01
7.281351838426992629e-01,4.312877346606250328e-01,9.403618450445305754e-01,9.116249280500473562e-01,6.584030150412711890e-01,3.641064293874063384e-01,2.960313130263125814e-01,3.688786121102227700e-01,0.000000000000000000e+00,6.978023661005420264e-01,6.204087142918288666e-01,1.793230083747579529e-01,6.261494814779490214e-01,7.317529769324095934e-01,7.639060342571742934e-01,2.607976589547932877e-01,4.697584533842507071e-01,4.108649137283084674e-01,8.289634231887323956e-01,9.048011557847245312e-01,3.958846659087041919e-01,7.724988749567796020e-01,2.131436798780153019e-01,6.207955214980014347e-01,6.715139860552747919e-01,7.201233404859831433e-01,8.875549459390510432e-01,7.085176370613096575e-01,2.871673794335974916e-01,2.180678155044046829e-02,4.283432181551594664e-01,4.778504630459520230e-01,7.159449271867052156e-01,6.466952477345275785e-01,8.975591523758387202e-01,5.242782653186580655e-01,1.263898626245515966e-01,4.372317902491347774e-01,7.451156691416437328e-01,8.739588493825735105e-01,6.356102873132110087e-01,7.653374841261989525e-01,4.071282862768047517e-01,9.560643836841575816e-01,8.808982529825076790e-01,6.747035855123275638e-01,5.975378746898939442e-01,9.223880472602029590e-01,3.713227697529104532e-01,6.939318871011103118e-01,2.721423692604552635e-01,2.730217046517743329e-01,6.028589609637680091e-01,7.049633260619335706e-01,6.828622421049352909e-01,8.408959337637356146e-01,6.071523965166544246e-01,9.813022954582909518e-01,8.249892298415972824e-01,-1.142141939661292377e-01,3.427157204410589131e-01,3.344889555275344373e-01,7.894164231840278267e-01,8.197454125865095698e-01,9.625188384653868834e-01,3.930057697515840220e-01,5.623527640421681628e-01,8.996680306058680854e-01,5.691555820706384328e-01,4.624111843286291545e-01,5.809145466221065091e-01,9.419573571929857891e-01,4.662258617258007165e-01,4.055262452760187153e-01,7.791960931625220299e-01,7.048928672809717799e-01,6.453061878385001338e-01,7.660442391077129098e-01,7.127467458251431909e-01,-1.033533601900810117e-03,6.570409980127696059e-01,6.676873311787858700e-01,6.829193898715982813e-01,2.788337797976712246e-02,4.454216533677538559e-01
6.949036253363686244e-01,6.309309356987393702e-01,9.837330170432029286e-01,6.964439422460131368e-01,7.931434187841841510e-01,6.651140143551951267e-01,3.650208524922855524e-01,6.083051126874573500e-01,6.978023661005420264e-01,0.000000000000000000e+00,1.694594097313628644e-01,5.205083640585297378e-01,5.244768740858377631e-01,5.366875851652596063e-01,4.857280419922497261e-01,1.064856892510275266e-01,7.305564684682341881e-01,6.493124893858297497e-01,5.318303073375155732e-01,4.060333861689026103e-01,9.227879015630321424e-01,7.879962698802970289e-01,4.025390957645541556e-01,9.492545116232187219e-01,4.144169658537019130e-01,9.498779300572025575e-01,3.834677624797050433e-01,8.077948037910470669e-01,7.109733918575974476e-01,2.790088414605520484e-01,4.891635412564410701e-01,5.474132760562084865e-01,5.322127756522685438e-01,4.526593015929912256e-01,7.220933374033665642e-01,2.600961969651323091e-01,4.982769080853006738e-01,6.618529775995529718e-01,8.773445650018293351e-01,7.487328436682216815e-01,4.062691031389489837e-01,7.340955659534844635e-01,7.450144075803890598e-01,4.192822006110489830e-01,9.079533298251809548e-01,7.891204898434209802e-01,6.787116011581991737e-01,5.188565445663861908e-01,3.289194434472643147e-01,2.874905883504026427e-01,7.834314232026464708e-01,7.619165193342275488e-01,5.211511636775018053e-01,5.395270203040314350e-01,3.202683098539760853e-01,3.424689027378482464e-01,7.549095640239921190e-01,7.058774355783528076e-01,9.400831475339499477e-01,5.911769852595324393e-01,2.523655448852095765e-02,3.222340512358246034e-01,4.060086906057214784e-01,9.660753756535142012e-01,8.787251849623725075e-01,8.929072324367769431e-01,5.608850582148838804e-01,8.375030757175454532e-01,8.812424381212094482e-02,8.265977977386538278e-01,3.823455714225437729e-01,5.923089952801179336e-01,8.751561888785155952e-02,4.511735025581974923e-01,3.607737105942669942e-01,9.821307053250640795e-01,6.662536293653501529e-01,5.637417438693721472e-01,1.493612921655901038e-01,2.066100184252956384e-01,2.755492432683107062e-01,9.660086878902339746e-01,8.704485574624983846e-01,1.184512292540363804e-01,7.996242640172134264e-01
4.656095055014756179e-01,7.040023130932465678e-01,5.111548625314241701e-01,4.237623533358126915e-01,4.930535015822266609e-01,5.682454985573892614e-01,4.528684020576252689e-02,4.534921014431766983e-01,6.204087142918288666e-01,1.694594097313628644e-01,0.000000000000000000e+00,1.179161787172266912e-01,1.230562599978485827e-01,8.044997742057801160e-01,4.656178469335185977e-01,3.347343607377876173e-01,7.413053563793404743e-01,6.308459789837556064e-01,7.261473067826270666e-01,9.941694341897537868e-01,7.748173596775425054e-01,5.971480305757164153e-01,5.344583479229879641e-01,8.623510302286747642e-01,6.135152808818692405e-01,2.041011517114811324e-01,4.384649729234278426e-01,8.845699480090065681e-01,3.969305090764674304e-01,-4.593418373696725454e-02,6.246617623711893108e-01,7.092456836638183493e-02,4.912161660711334976e-01,6.401457926196207904e-01,4.734797161544406774e-01,2.937981937078752992e-01,2.241387705268889086e-01,6.712367774857521674e-01,8.475857147924418245e-01,6.447074758114919035e-01,2.083454031211129376e-02,8.862970270805979878e-01,6.275391669000445205e-01,6.327041714646240989e-01,6.959900634254445606e-01,7.062454700434858124e-01,7.956146788795070979e-01,7.637883448926868768e-01,7.823975823984610223e-01,4.215437787917897250e-01,7.324854857339411218e-01,4.363109188014652196e-01,7.710397176341473591e-01,7.940185968198020250e-01,7.114396171160890514e-01,5.377474212175051838e-01,3.532473315340876052e-01,6.810915228518291675e-01,8.358564570508986158e-01,-3.176198983709807577e-02,6.484707527262525417e-01,7.358299139749884255e-01,3.841414478426966594e-01,9.949229768564915588e-01,8.019106109169433783e-01,4.279205199144080485e-01,4.799265371877142194e-01,8.877030177298075309e-01,6.137773699943036704e-02,6.075358615777357585e-01,8.354353999844624790e-01,8.477347850434644450e-01,7.380423774758239075e-01,7.978406361628989640e-02,4.198911173408514941e-01,4.299833177847163235e-01,2.912009686757918714e-01,2.083208365061212652e-01,5.189568810022722190e-01,1.743363109851607529e-01,2.801478362037048142e-01,6.893764480453783428e-01,6.307838044156540702e-01,3.136013197388379248e-01,8.392780304347917664e-01
4.310013116726653104e-01,7.215150183489641433e-01,8.855221293320402198e-01,7.838605193727949949e-01,8.017529392106480524e-01,5.917673513216650250e-01,4.762637293588252718e-01,4.132954723365729333e-01,1.793230083747579529e-01,5.205083640585297378e-01,1.179161787172266912e-01,0.000000000000000000e+00,4.047687242385242246e-01,6.488438950500707847e-01,5.342178936741689421e-01,9.242620902059953680e-01,6.556018183152697576e-01,7.900150925905169430e-01,7.425857005912643860e-01,7.230442008091344519e-01,6.703674288663590275e-01,6.882386851424093788e-01,3.196513901272027836e-01,5.657379615540794049e-01,3.117005433178017260e-01,5.328280939691456553e-01,6.427242175114232792e-01,4.790818329393200514e-01,5.904330544961229332e-01,5.207738047289617311e-01,3.632258528500218464e-01,4.906085456286608526e-01,5.000791450986081799e-01,6.390006240912614599e-01,4.502193527417712726e-01,-3.066284839364300518e-01,5.915292096787099219e-01,4.889089749257190531e-01,7.944980195006742241e-01,2.421001162182281896e-01,9.219554435604709886e-02,4.398456830090553549e-01,4.322192206920582591e-01,6.379174920461552212e-01,9.046224181528537134e-01,2.163741292666432059e-01,9.222667912133590828e-01,9.607144021041978676e-02,4.599674345545867737e-01,3.750630002142255059e-01,6.124592463808361531e-01,4.061752921930782967e-01,5.807105878427379908e-01,7.561777513254177574e-01,8.531169919713184058e-01,6.953370508196234923e-01,6.009912272755304485e-01,8.024180643437168747e-01,6.411003249265356807e-01,3.621685330437944828e-01,6.280232995246753935e-01,4.517247769467338525e-01,6.951587716019550500e-01,5.959957272371541048e-01,2.599679698085072821e-01,7.394227650756387549e-01,7.451393551694845963e-01,4.718009142958718982e-01,6.249598725874294658e-01,4.545455114962553833e-01,9.952995737907707197e-01,6.290335295319764430e-01,5.689886576956981745e-01,3.374401955099676220e-01,2.738571770803110983e-01,6.067798726069223436e-01,6.694476495321993736e-01,7.665515478498796664e-01,7.601680695328458803e-01,4.831486933711081067e-01,-1.952602473744715905e-01,9.335948070626322037e-01,3.170879514576579461e-01,6.587143124308465492e-01,7.698681769078343784e-01
7.727153111689410991e-01,8.777149930800325350e-01,5.948529371872107729e-01,6.416412828284967507e-01,5.384207142427684945e-01,6.585040910270975045e-01,5.209756736657789045e-01,7.928654718421284109e-01,6.261494814779490214e-01,5.244768740858377631e-01,1.230562599978485827e-01,4.047687242385242246e-01,0.000000000000000000e+00,7.489351353245348175e-01,9.256376907915905283e-01,2.757194808345089232e-01,8.379619922227997675e-01,4.103365329944877460e-01,8.774739955768245947e-01,4.360170329769461062e-01,8.982849587138559411e-01,7.815807370691694178e-01,1.048945589239641540e-01,9.133298703803625074e-01,2.850533077396931736e-01,8.262297730247000205e-01,6.877473086685429449e-01,9.046887843873752111e-01,-1.575567123232427535e-01,1.449485420238614403e-02,6.218849485623274553e-01,-1.397687267289560720e-01,2.881993818920682293e-01,5.253302734294859055e-01,5.260637885595873531e-01,3.308421403152256857e-01,5.105634951144452094e-01,1.454832721200745860e-01,6.310567168058854870e-01,5.383601341517592065e-01,4.529572833212802685e-01,2.595473547257340363e-01,8.932832623358014645e-01,3.793644745366386850e-02,7.764499086407157247e-01,6.185162050298954606e-01,9.602176611560544472e-01,6.908360356978860972e-01,7.429730469736015586e-01,6.664971763023037621e-01,2.255338579844312075e-01,7.136220989270242177e-01,9.428722936335169891e-01,7.209234361035230521e-01,7.751510912312270518e-01,7.108091130883589237e-01,9.535344258538296369e-01,9.505992510923576555e-01,7.360962010084375340e-01,2.648817553983426332e-01,5.158632385349651850e-01,7.528338599207519133e-01,7.288942386876003932e-01,4.911820578185494002e-01,7.702835762753365012e-01,3.958140011716004270e-01,8.387508966027071855e-01,5.567035445364694191e-01,2.164619016081039404e-01,4.538576609102198400e-01,4.535839774827229998e-01,5.368867411894480135e-01,3.435888574727060663e-01,5.157934431988563384e-01,7.397826135008147563e-01,9.871117788633514412e-01,4.531839604659793630e-01,7.145752225155418413e-01,4.300904534039284854e-01,5.885764326602491714e-01,4.274847004753137281e-01,9.172874760907244740e-01,9.277011683231175532e-01,3.016274108270595722e-01,7.769925467643253869e-01
8.906729095936887219e-01,5.822483608659310139e-01,8.043877831949173274e-01,6.206192255895959242e-01,7.239494720179674436e-01,3.506635868267197198e-01,5.852397548829357810e-01,8.941267434689881277e-01,7.317529769324095934e-01,5.366875851652596063e-01,8.044997742057801160e-01,6.488438950500707847e-01,7.489351353245348175e-01,0.000000000000000000e+00,7.280496041643798044e-01,8.189392191156893430e-01,6.574880917443192141e-01,9.169287924055876671e-01,7.838582160176633673e-01,4.272095435014579001e-01,4.209275529076338396e-01,7.173547345811334131e-01,6.394779779359184291e-01,5.363203271490220025e-01,5.033053013094228589e-01,6.267295732527945473e-01,6.690354669840946622e-01,5.088782962314448710e-01,4.101117843967522214e-01,7.090672685196744984e-01,4.426672414871449246e-02,5.151770137747389011e-01,9.237876440669999800e-01,6.595279998122561826e-01,9.618861537985126109e-01,2.791723421150464346e-01,5.523401958227878161e-01,6.063813711519244753e-01,3.563709599069206924e-01,5.580746839696281159e-01,2.552274523699349720e-03,4.719848218977373278e-01,6.296578721479341167e-01,8.817483293552751400e-01,9.306897464941816800e-01,8.332595596623039169e-01,7.408075585741104030e-01,4.257369645612107401e-01,3.930156335619051644e-01,9.839302219574518338e-01,6.843400221690649765e-01,6.971310752140764677e-01,6.921641822478236117e-01,6.487504920064612879e-01,7.033004593639506918e-01,7.838136137057918340e-01,5.775197970452332630e-01,6.693850034735114862e-01,6.741323353804381524e-01,7.214435404797110429e-01,6.734128331349682473e-01,6.852548458811326126e-01,9.502140008841994945e-01,9.743048541133518814e-01,4.560825225270707106e-01,6.125990336811965031e-01,6.892098239751278665e-01,9.776341428551489354e-01,6.433043163992366864e-01,6.012266787502711374e-01,7.348899921974663130e-01,9.418643408773712533e-01,7.335479213484897842e-01,4.077498659838640904e-01,9.317250537115879805e-01,8.524171008858990595e-01,9.938851819191798498e-01,9.028323351382182560e-01,5.882677707461102523e-01,5.874641405262230887e-01,4.540413082639934150e-01,8.392546266983000880e-01,1.702029703605937028e-01,1.636492683350158350e-01,1.254331709645296056e-01
9.250976423165002682e-01,7.977653966435704902e-01,9.368499376967218684e-01,7.765842467614549882e-01,2.553243609277169868e-01,2.540889561551062936e-01,6.206658870145957962e-01,3.789657489250942701e-01,7.639060342571742934e-01,4.857280419922497261e-01,4.656178469335185977e-01,5.342178936741689421e-01,9.256376907915905283e-01,7.280496041643798044e-01,0.000000000000000000e+00,7.547649642550591231e-01,7.116018694410790602e-01,4.612325530675996932e-01,9.448978218455759137e-01,6.283924417164437060e-01,9.695820353110138345e-01,6.041484522264977119e-01,7.087967133364693195e-01,5.213732547919445182e-01,4.848253335184552482e-01,7.533679990977091290e-01,7.618663253725524998e-01,5.345577508996193217e-01,5.894716448792454155e-01,4.516209012550099766e-01,2.568119801083188630e-02,5.313050245041448516e-01,6.133496019145983080e-01,7.154186282128157659e-01,8.870538317074145862e-01,4.148682656553878134e-01,4.295971187611117847e-01,7.300592037792191791e-01,6.381998461799210931e-01,7.267968588880899805e-01,4.089166791952050239e-01,9.988478109260510995e-02,8.483947630826841335e-01,6.541941894840727079e-01,8.535421500350790502e-01,8.650984634934565376e-01,6.314913018759188423e-01,7.352854529367540692e-01,4.465745839426144004e-01,6.193703251435859203e-01,7.622490607393562767e-01,9.908211368865527113e-01,3.109398102118521856e-01,5.021215088562384077e-01,6.641571505421460797e-01,6.019655481481979153e-01,7.808080364400049600e-01,7.508823721866226819e-01,2.517794296240719598e-01,5.616605769528768555e-01,6.515250727934727148e-01,1.519349054891485085e-01,4.899936202822847142e-01,8.426726992906009572e-01,7.765069426595199165e-01,7.079994135112149811e-01,5.223506362175635021e-01,6.879977297527152258e-01,5.798522871538789314e-01,4.478757542712754058e-01,9.801013033181129597e-01,8.270384529053573797e-01,-1.116935720508010349e-01,2.732465342575989276e-01,3.674102012510598314e-01,5.116695672233096959e-01,6.931877761229476853e-01,-3.958513662410129141e-02,7.072501938352075967e-01,2.797379666979444290e-01,3.501585103617229633e-01,2.841544054725931301e-01,9.683304768123079942e-01,1.477296663706428592e-01,7.592781964817039153e-01
8.993549990405984573e-01,6.559035296434923001e-01,4.595466957037818712e-01,8.671339104123463315e-01,6.618376021141203491e-01,6.661542896940034764e-01,4.990547947463554457e-01,7.433445549626336302e-01,2.607976589547932877e-01,1.064856892510275266e-01,3.347343607377876173e-01,9.242620902059953680e-01,2.757194808345089232e-01,8.189392191156893430e-01,7.547649642550591231e-01,0.000000000000000000e+00,7.123029048361589899e-01,2.028298516203141111e-01,5.207144056653673081e-01,5.075666152771498574e-01,5.121245895938808523e-01,3.358989903079394601e-01,4.105630817688828982e-01,6.401927497293946612e-01,4.558148327320650783e-01,7.886876050871374222e-01,6.017825531812570627e-01,6.323147704790144097e-01,5.682362284055970658e-01,3.690835916362729674e-01,2.851835550910116757e-01,4.805103609309296364e-01,2.688961987546455434e-01,5.787037743153508051e-01,7.253518538296221951e-01,4.718014670382672526e-01,5.208181374418384690e-01,3.267307301772275352e-01,8.239401279779806631e-01,6.556664186262568528e-01,3.166517938251808273e-01,-1.327439996329707883e-01,9.477402406789164901e-01,3.147111069515752813e-01,4.380053710859020399e-01,4.944678768705509930e-01,8.082325129371649153e-01,1.023963136760536879e-01,6.750262477513099268e-01,6.479224432688616142e-01,4.064155495865690582e-01,7.246812262510948788e-01,7.050008051101769313e-01,7.916210202779042637e-01,3.684514265838910729e-01,7.072900530364228944e-01,7.159626443848960964e-01,-1.087928010503122350e-01,8.411774058351868533e-01,3.812126690192043643e-01,1.198668600653429728e-03,2.311826207305245906e-01,5.376203105724102205e-01,9.134982309631280994e-01,3.982419853966011614e-01,3.433115810070426210e-01,1.089781330746227017e-01,8.761408970866453316e-01,7.674459964619446684e-01,6.321056394653926658e-01,7.231888983080785316e-01,7.896981731539647331e-01,-3.372070795546075472e-02,5.414573439525046661e-01,7.581980755673869421e-01,8.196274398727482202e-01,7.573028783964332877e-01,4.999248715631853801e-01,5.127334791895309385e-01,-1.891678492222771679e-01,4.388891454108052037e-01,9.696607587558234709e-01,7.618162078858243813e-01,1.856947306438589684e-01,6.572585870914110506e-01
6.629449363833757047e-01,7.797518063354770268e-01,3.205207793437960806e-01,3.143861017529886448e-01,6.723472986195566659e-01,7.609828570235839251e-01,9.526772633603259877e-01,9.125032872937415274e-01,4.697584533842507071e-01,7.305564684682341881e-01,7.413053563793404743e-01,6.556018183152697576e-01,8.379619922227997675e-01,6.574880917443192141e-01,7.116018694410790602e-01,7.123029048361589899e-01,0.000000000000000000e+00,6.853884213815170101e-01,7.315724049105816196e-01,5.186016271395531563e-01,4.611351827723405017e-01,8.217919548739172075e-01,5.060737889097508546e-01,7.594181838479480140e-01,6.736862739108397946e-01,5.597059644689106328e-01,8.470346188947945887e-01,9.720623147495317529e-01,8.461074680354648825e-01,5.005647288823236174e-01,5.533673057635728476e-01,6.275219048107997244e-01,2.668902324484887512e-01,8.222732560140684210e-01,7.128926855906998483e-01,4.552077732715301139e-01,5.994258904363062301e-01,9.685676900022354152e-01,7.124100161522765040e-01,7.360582021679695774e-01,4.109919852420161335e-01,7.090533765755500095e-01,6.168722064063301147e-01,7.559904406557150791e-01,4.960713913142240639e-01,6.218008691894276740e-01,6.976570303794883410e-01,5.805021065296113170e-01,9.826094278234717150e-01,7.014398992275328037e-01,4.737443361718776669e-01,7.485542087483736395e-01,6.298568778449055161e-01,5.340162551764849885e-01,2.368113743860618958e-01,4.623318005309596801e-01,6.756677405164676076e-01,7.548188287145639330e-02,5.992082619299057278e-01,4.265379645203646319e-01,7.838236266020262022e-01,6.662926586491580982e-01,4.625332830951114360e-01,7.785964620790288837e-01,4.291017492270849387e-01,4.083267806769063091e-01,9.206790206087125394e-01,7.660954067682479440e-01,4.607118401146337305e-01,1.217446761463058524e-01,7.902621378437575395e-01,8.068759311020254898e-01,5.700224952120908073e-01,2.298850189813103906e-01,7.055008476440295384e-01,9.887091513069634630e-01,5.076642007863838568e-01,3.210697861991662072e-01,2.699508390632024968e-01,8.044083873711278809e-02,6.690903349076380291e-01,5.683200233460047324e-01,5.288763622950932719e-01,2.315235539095982509e-01,9.542755037793041462e-01
7.451774555468858585e-01,2.021677396600342902e-01,4.852787517621504065e-01,7.628171548717579409e-01,5.767082728876630204e-01,-1.030562326775614490e-01,5.132766793756142754e-01,5.420651921815253793e-01,4.108649137283084674e-01,6.493124893858297497e-01,6.308459789837556064e-01,7.900150925905169430e-01,4.103365329944877460e-01,9.169287924055876671e-01,4.612325530675996932e-01,2.028298516203141111e-01,6.853884213815170101e-01,0.000000000000000000e+00,8.762779156553943682e-01,4.534253131579866758e-01,6.049138016770218007e-01,7.678498665742390372e-01,6.144087289741959612e-01,3.222015053451474653e-01,4.223259737516711354e-01,4.326536244549737953e-01,9.472840311414567616e-01,5.488200951198102251e-01,3.937409354259286398e-01,5.446977059682932554e-01,4.534095472239123570e-01,4.584433320586956961e-01,3.670543123672227459e-01,4.747070054184455157e-01,7.296711692591584253e-01,2.713600544991109365e-01,2.619664500682118424e-01,7.483850996273202494e-01,3.800854709772347739e-01,3.597732546777477891e-01,4.923235020271451434e-01,9.701095482903976386e-01,6.095032420514394644e-01,8.626309535026177588e-01,3.267701321954133986e-01,4.374172549964653323e-01,6.038394472539275748e-01,2.481045317797594685e-01,3.639313966300307124e-01,9.809428108113784628e-01,6.947738166797318149e-01,5.883350588256230917e-01,6.145198307165554708e-01,5.886430244421936298e-01,5.037353010719668456e-01,7.636327381276565296e-01,2.197961661033313585e-01,2.571996741025387445e-01,7.931927823005280320e-01,4.185033922908126813e-01,4.360342698770975911e-01,6.148870135184643093e-01,6.704532956122069010e-01,6.964928904414120492e-01,8.768115328752146276e-01,4.257314521899281945e-01,4.221177199879913022e-01,7.347770870980843139e-01,7.276291852969654084e-01,5.012891806554802265e-01,7.827800710453177713e-01,7.428102817504941280e-01,7.691878083192482674e-01,2.148362701910376260e-01,7.661444517664188769e-01,6.296494042919381640e-01,1.115364725780270683e-01,7.352998619306192474e-01,3.858259546006110319e-01,3.540463596575411098e-01,6.234228995981100363e-01,9.668879106279908431e-01,8.226249718620471940e-01,2.208170766639825089e-01,9.206466898432666968e-01
