0.000000000000000000e+00,9.120397332349371444e-01,2.334765071023556238e-01,7.239315745977218386e-01,-3.138820990906784902e-02,7.339013597411232492e-01,9.316725642966302567e-01,9.794276920233941919e-01,7.294983886302333076e-01,6.572351066967283550e-01,2.679341004980607122e-01,8.806385015095432589e-01,7.543614339140456426e-01,6.177360640010522985e-01,3.362684162836074853e-01,2.685841487058129862e-01,5.337339249389033702e-01,8.371048581032736191e-01,8.546553658404399956e-01,6.270201808364844753e-01,7.977757308535882164e-01,4.250638315141216927e-01,7.471116078727146892e-01,9.690133816495262176e-01,6.520660027938648406e-01,6.256851642430372173e-01,9.431223966154850258e-01,7.824249702715865284e-01,5.812839326999402756e-01,3.756997067805762924e-01,5.291984101052609191e-01,6.861299484689415973e-01,9.977922340434166593e-01,4.745264046732151630e-01,5.041021992921398409e-01,4.879123320901874727e-01,8.984336198323944478e-02,3.989035801638819434e-01,7.133257727240210899e-01,4.538195298535380728e-01,4.873274829653695961e-01,5.094649847308247992e-01,7.561612852236310189e-01,7.130693432261534515e-01,9.914792048604196273e-01,7.396898907205976537e-01,6.030780071001123899e-01,7.167724264826600411e-01,8.248313050253661682e-01,5.701105915918902589e-01,8.905679145297655808e-01,4.768854055840676676e-02,6.083425797913103450e-01,7.890627713522290199e-01,9.641417230036224417e-01,8.747538679075097523e-01,8.611624070470131898e-01,3.411633329008787463e-01,5.069056487546969025e-01,2.947342301557896449e-01,5.768804894760805047e-01,9.657189923084755767e-01,4.639346827226778491e-01,6.305397947234281375e-01,8.402409257612234450e-01,8.352544947997300184e-01,4.226666980820337760e-01,9.787863777618533989e-01,4.134657344652223343e-01,2.986019540924758076e-01,9.491953016902482387e-01,9.488099061158631331e-01,4.528750838398493683e-01,5.305414340275060869e-01,8.110024085113682890e-01,5.679054527524337592e-01,-7.690514246011659338e-02,5.041966806801857492e-01,6.244418831870116593e-01,2.284483867620108466e-01,3.451163931394429785e-01,7.939063349547104131e-01,9.250236554695733249e-01,-1.513254217019523451e-01,1.679607011863515909e-01
9.120397332349371444e-01,0.000000000000000000e+00,8.019218230045493945e-01,5.578945127345076305e-01,4.611693321258738543e-01,9.206647331493773567e-01,3.635175626645389402e-01,6.233280207634808168e-01,4.151740849186255633e-01,9.186131413406666280e-01,-8.656545579429875126e-02,5.335944725371216668e-01,7.592676793833135207e-01,4.344248235872735786e-01,8.400265516665658128e-01,9.878863168662198602e-01,4.771544748224841315e-01,6.440949094040321343e-01,4.022852099203708121e-01,4.537547256884097435e-01,8.928054805617990919e-01,6.960448434845135646e-01,4.355320978736993975e-01,5.779702529452361848e-01,6.895367407585726305e-01,7.064697741932023378e-01,6.085710289776647963e-01,2.968316854856218323e-01,6.250561689901966700e-01,5.459479012309353951e-01,3.068582616633401261e-01,4.816293031441545303e-01,4.696840485026004819e-01,7.397563620079331548e-01,4.012048069854556309e-01,4.690188000717873118e-01,5.441541937504412729e-01,4.477896936539687567e-01,7.136206592940605997e-01,8.135778353704069543e-01,5.518444862723781430e-01,6.045886956280271951e-01,8.368036074926588075e-01,4.738307397612369076e-01,4.238886553399706658e-01,8.290761716304005935e-01,9.930932653001522947e-01,8.206375153074622064e-01,4.267396105979966991e-01,7.302590438474283463e-01,6.119138265181265357e-01,8.279541332985134172e-01,7.951373032915292072e-01,7.242965417194042743e-01,7.468467536899209280e-01,-3.220603028077367869e-02,6.453701050017889296e-01,6.771461123145333660e-01,5.773302191799892791e-01,5.365668695316969661e-01,4.954250917493484008e-01,7.882830950395389724e-01,2.974755098315839952e-01,9.734247158475247685e-01,8.747745447704567967e-01,9.373783650741660534e-01,1.706084977265097946e-01,7.445523846115664757e-01,4.752046669536882373e-01,5.789295061316791502e-01,9.505686859769353347e-01,8.242171577766537194e-01,7.138863464079927557e-01,3.284826155544449122e-01,9.149851222194466116e-01,6.531370492994864607e-01,6.865071644072484602e-01,5.930958800249926943e-01,5.172812286916903535e-01,1.616395236102551591e-01,1.761969923350896819e-02,7.366284099041695566e-01,3.056576186466751777e-01,3.281019298629511138e-01,7.792853625570365095e-01
2.334765071023556238e-01,8.019218230045493945e-01,0.000000000000000000e+00,6.196838929154294684e-01,9.440261518419235109e-01,4.729518041383716787e-01,6.929334071505186543e-01,7.875922765767287004e-01,6.580760896126384152e-01,7.955133130413631903e-01,9.072795945231119097e-01,5.091045175348554164e-01,4.365324594692583937e-01,8.941158639308391942e-01,8.245484841757846350e-01,8.761140316383967397e-01,8.766352969041879550e-01,9.843671150296663397e-01,8.513807725209314725e-01,4.562880494573179901e-01,4.311112117049331616e-01,4.796016340664793765e-01,6.171285527372298851e-01,6.110889812055678716e-01,1.113389269052998815e-01,6.548959787423093148e-01,4.190860628199511995e-01,6.004743148795764762e-01,2.116882113650112862e-01,5.863178878586177145e-01,5.148860679317925904e-01,7.053556613168954215e-01,9.147040523773869447e-01,8.190688946620968691e-01,7.198207950648781717e-01,2.577473670307340869e-01,2.409843105340356839e-01,9.560768726144466267e-01,7.785076618837720730e-01,3.219495460855991698e-01,2.157677973185968268e-01,3.283800995073198337e-01,8.826494001706340908e-01,9.092181987643778163e-01,9.081981293867098515e-01,8.133520481580780448e-01,7.864804534865865726e-01,4.546386777001638069e-01,1.590477019713708584e-01,2.877226954613648635e-01,6.436831654084940180e-01,3.647664583399382598e-01,3.295943027510199741e-01,4.901216141299324924e-01,7.197522275268321001e-01,7.073888353560465747e-01,7.647728665194722941e-01,3.896614875065939620e-01,4.968630890540983724e-01,4.585351375039095068e-01,2.817914852873396048e-01,6.380242432823450827e-01,1.609179101675070056e-01,8.909054021452793570e-01,5.020722230537838504e-01,3.149590880495650724e-01,8.128245241077289851e-01,8.210842967545470827e-01,9.182475201311658397e-01,9.371598831786324135e-01,5.810227663125118180e-01,9.404406828245253092e-01,5.498927913500233355e-01,3.438460347806314710e-01,9.425766446108481134e-01,4.782370268110383571e-01,7.623083801450110109e-01,6.868720313855855020e-01,-5.527023538890835086e-02,1.461820408806827343e-01,6.098802521660271481e-01,4.513573350127277894e-01,8.293640517712222993e-01,9.654311966442528092e-01,9.241301792252120118e-01
7.239315745977218386e-01,5.578945127345076305e-01,6.196838929154294684e-01,0.000000000000000000e+00,5.154462372278680871e-01,2.913040024849476994e-01,4.612655969954769231e-01,-1.740926531337461669e-01,5.347697498992282084e-01,7.774754434905155609e-01,6.168129612172811305e-01,4.824913757004579140e-01,6.432218792569657229e-01,6.471107050840347874e-01,5.612196079136612115e-01,7.329727601199065301e-01,7.762203197090830065e-01,6.332801229649944741e-01,6.813984071167316081e-01,9.347868320858228053e-01,7.179228398377098808e-01,9.999915068178529820e-01,4.509994826081571984e-01,6.219833641695963200e-01,1.723392065188922018e-01,9.671214784624924121e-01,6.890652275639317370e-01,6.013754222043057318e-01,3.024096024879782130e-01,7.002252462935228960e-01,1.786126742553170721e-01,3.716332182317840238e-01,8.641578516683591227e-01,7.124694198207057738e-01,2.592367920145651761e-01,2.148019183950043015e-02,2.783292017871117352e-01,5.896788383896900410e-01,4.534120183573404073e-01,4.763732128070281568e-01,9.824400050651678484e-02,4.559241471461358275e-01,7.155566801596549009e-01,9.741935022401628785e-01,5.566097734133366171e-01,9.766659875369000376e-01,4.250693850197670987e-01,9.847031488568460666e-01,5.169053521874159562e-01,9.242024979893405101e-01,6.369672800068630902e-01,9.206472911876109055e-01,7.044461275489185548e-01,4.427108181681257415e-01,6.218539432311642745e-01,4.745357442640053547e-01,7.373551020898874153e-01,6.363190532696210155e-01,3.217421314801788279e-01,3.449403299222676966e-01,5.472487187948422704e-01,5.082611755755098715e-01,5.338978747304953254e-01,7.529733712279907953e-01,3.499252634225141767e-01,5.944094056564570572e-01,8.901709958762118458e-01,6.494529387561032152e-01,3.579760879783844274e-01,9.462485002549901880e-01,6.715070597671102259e-01,7.156570656639587025e-01,5.468890336923135642e-01,5.883220423854597092e-01,3.384563898371807378e-01,4.896557152381721956e-01,9.258195644015693171e-01,4.580702634678230911e-01,1.010530539114614518e-01,4.233084317583685197e-01,3.348564779225990939e-01,2.930096379509380400e-01,6.544942893693519448e-01,5.208734684878478793e-01,8.887510163971477084e-01
-3.138820990906784902e-02,4.611693321258738543e-01,9.440261518419235109e-01,5.154462372278680871e-01,0.000000000000000000e+00,6.666836851022257537e-01,3.643188050277550438e-01,4.099913742803831251e-01,9.703625424342452455e-01,4.307470585286508058e-01,7.609304602094146830e-01,6.622115578977713080e-01,5.017491318132848432e-01,8.956060939202203919e-01,4.473428076142912380e-01,7.398794297756358107e-01,7.236039862664689348e-01,8.246916171909116633e-01,7.810564927123000434e-01,8.747913559973695685e-01,3.169938090511368461e-02,1.069276340845780188e-01,8.282202724824097029e-01,9.168912555509389772e-01,6.545714318202340287e-01,3.630913427207244082e-01,4.053174930224218153e-01,8.242977656827444877e-01,6.358203142312112144e-01,2.376850836833546698e-01,5.551799947259508095e-01,5.685613660777100176e-01,8.233782090550981758e-01,9.467402757291298876e-01,5.873338647762804676e-01,9.692566962109918638e-01,4.906622939399547523e-01,4.380901062986330974e-01,7.981761486305023467e-01,1.079308227105030826e-01,5.765691432569571839e-01,7.387865779075275530e-01,6.510580296048766868e-01,6.293749147018118384e-01,7.893229540392541210e-01,7.687931064880767495e-01,4.743818701651589809e-01,7.049645323876987391e-01,5.784384270448734711e-01,4.051901103807991067e-01,4.955331311548576423e-01,5.250751322581007630e-01,7.449650042608001455e-01,5.969783878756550477e-01,8.110825052652906875e-01,9.292975946373481788e-01,3.398005805650132771e-01,9.921443686405313489e-01,3.687953490344764163e-01,4.378155014727112132e-02,2.582061346544649583e-01,5.409948179116330635e-01,7.127830221260921251e-01,8.373550158019256173e-01,8.095538349180018134e-01,1.371142488343496668e-01,5.823744007705421444e-01,8.664627055596644256e-01,5.150040870812082616e-01,5.476522965232873963e-01,8.862475058392497163e-01,4.894623912750903916e-01,3.866414855148480045e-01,5.936037691279218986e-01,7.058415487659209786e-01,3.373114218451738200e-01,6.124798849402028900e-01,3.148269949043708271e-01,3.678863818027457988e-01,4.659614391638345898e-01,6.179706912222929782e-01,6.898705309993875545e-01,6.415209804458850140e-01,4.446665956722697377e-01,4.668317485892666818e-01
7.339013597411232492e-01,9.206647331493773567e-01,4.729518041383716787e-01,2.913040024849476994e-01,6.666836851022257537e-01,0.000000000000000000e+00,1.736748241276888649e-01,2.455586740754709535e-02,4.544473848424995244e-01,4.770499690845587115e-01,7.811236004628874241e-01,4.940688113178634544e-01,8.757591090947300927e-01,4.201060500921303675e-01,4.251755637981341485e-01,3.479085432414799617e-01,6.812995681629673284e-01,8.326048041768149277e-01,6.830721793560623478e-01,9.094788986611145321e-01,8.095312606065574457e-01,3.245154949245845355e-01,6.505126107733920637e-01,9.183459587968428872e-01,6.912751406066623694e-02,6.683576903307270056e-01,9.941193611620637860e-01,8.595659261185655264e-01,1.396935514284005087e-01,6.485177560448373013e-01,1.393603640795109122e-01,4.138533650741759162e-01,7.141417177674371786e-01,6.816901483112941529e-01,6.122060363185017895e-01,2.537752524343168670e-01,2.682443590319574245e-01,6.091054876582447930e-01,6.238399562450428482e-01,6.684165310643037650e-01,5.808311357156183963e-01,3.428496937482797269e-01,9.196657275654240848e-01,9.895904074751697976e-01,7.022042555525381813e-01,3.928503370683671392e-01,7.083329562301631244e-01,6.978589443337340770e-01,6.847624084437613501e-01,5.715680011438108998e-01,2.736892165514820952e-01,7.935870526104548128e-01,3.423011558151508593e-01,5.636743997134976425e-01,8.517834776628001592e-01,8.728910569492590588e-01,7.502435630408280653e-01,8.199220995601297357e-01,6.749865968416333128e-01,6.231852800572960094e-01,3.919053927299275264e-01,5.527910379634229932e-01,6.981389446700098089e-01,9.793009087536517221e-01,5.141618100564144811e-01,2.806125511586589072e-01,5.720733527941463947e-01,8.942213238978535816e-01,7.013427990962564640e-02,6.993165667741433333e-01,6.519985416501982156e-01,3.341590938032245051e-01,5.715213541082322379e-01,3.676566951671287886e-01,5.726960895952861730e-01,5.478498967000744457e-01,6.683332188468277257e-01,2.700109583211237618e-01,4.049018354992384716e-01,4.144294520717164421e-01,7.238655761357277729e-01,9.886562066434118057e-01,2.647355744341709505e-01,1.021635145942351858e-01,7.604721188150179723e-01
9.316725642966302567e-01,3.635175626645389402e-01,6.929334071505186543e-01,4.612655969954769231e-01,3.643188050277550438e-01,1.736748241276888649e-01,0.000000000000000000e+00,9.840624921464154184e-02,1.934443300397868937e-01,3.994988735861717544e-01,4.877069646274206915e-01,4.893416920558308347e-01,6.618289174314044843e-01,7.362219358776912470e-01,5.810139312441031656e-01,-1.141513650143056863e-01,6.744683088416246752e-01,2.475727765082553211e-01,7.289325846015368704e-01,4.160373231805064576e-01,6.063093196265746387e-01,7.055736275095081389e-01,4.733809254651857312e-01,8.926663064388795643e-01,7.147525857121259651e-01,6.724025839403422466e-01,2.861156242267752225e-01,4.442005977663615046e-01,2.125786447202801521e-01,2.640833761862566575e-01,1.071118382635232735e-01,2.427842953354075739e-01,4.420189155188345986e-01,4.666256529330489178e-01,7.532174098820187957e-01,7.899034522997232521e-01,5.366234613262002018e-01,4.598107557595610961e-01,8.395501316249429635e-01,7.421858233192524246e-01,5.353709812001481438e-01,-3.975854176038465249e-02,4.662558903721374381e-01,6.915750928603194847e-01,6.667862124772052645e-01,5.977399052297867055e-01,4.201225091989908567e-01,3.197190498673214143e-01,7.540083705302519368e-01,-3.811251948200122808e-01,4.636164495379148098e-01,6.981849259974898247e-01,2.012872795402251280e-01,3.254659768281107368e-01,6.687877016192265156e-01,2.078775676602440114e-01,7.310847281957768562e-01,2.783917701597537486e-01,6.335956884640117082e-01,5.461026691527479660e-01,6.728346358684342832e-01,5.594502942015434632e-01,5.852884465334949882e-01,7.400696625713739651e-01,9.238208815106822014e-01,6.758779218574371139e-01,6.655790870847582141e-01,6.863839435468592765e-01,7.389640844045359813e-01,3.635050148909402257e-01,8.138735291794920723e-01,6.019145300739234816e-01,5.058513658362212562e-01,7.667655314011918577e-01,5.118709088751177694e-01,4.785576408632217782e-01,6.832277879146124722e-01,6.925563890226019703e-01,6.597422331756802594e-01,2.323841285091284015e-01,6.710904522681948592e-01,8.926885280895257013e-01,7.314281952407992726e-01,3.566647776175444484e-01,4.235678882428749459e-01
9.794276920233941919e-01,6.233280207634808168e-01,7.875922765767287004e-01,-1.740926531337461669e-01,4.099913742803831251e-01,2.455586740754709535e-02,9.840624921464154184e-02,0.000000000000000000e+00,5.067061984194078939e-01,9.146489447434283937e-01,6.404023646405533343e-01,7.755650808226093318e-01,2.793352659262656745e-01,4.338522744843568701e-01,1.994044637322622826e-01,5.912717588235352206e-01,6.447253015359309947e-01,5.086757401987175298e-01,4.149122472752259649e-01,2.459515325065047553e-01,9.602221114390672163e-01,2.503227818543549144e-01,5.784078158918088963e-01,9.153322145298098400e-01,5.782285874637572709e-01,5.039297602087913219e-01,4.856331301468132522e-01,6.276604906407082796e-01,7.198798121874567801e-01,4.541139438800664285e-01,7.559205072377304102e-01,4.321458816545380444e-01,8.965092524716220534e-01,7.331746542372352682e-01,7.993693376707899922e-01,4.290479754392946821e-01,3.454753209234328049e-01,7.196205066164327313e-01,6.479169348284589125e-01,4.425807322460855175e-01,4.291801348635626567e-01,4.904051135688369256e-01,9.250490275562114340e-01,4.590048168307396814e-01,6.227377516076437747e-01,7.034667325587862230e-01,4.321804085540564833e-01,2.898027435558994114e-01,4.597752664155376756e-01,5.429680460892601923e-01,6.961054901021259678e-01,3.033648071541719116e-01,7.359987642863083934e-01,4.571205989560762073e-01,6.115673222659770980e-01,4.336265890974807524e-01,4.511113564028441658e-01,6.197035922412164055e-01,4.368576956828369440e-01,6.984670846874199146e-01,5.087215474782056379e-01,4.472871524963394352e-01,7.464770223207262134e-01,4.685563474305054488e-01,4.500899063065888495e-01,4.426478345138391557e-01,5.716940700334715020e-01,4.739210745673765324e-01,4.644758121582072685e-01,9.453458902454797697e-01,6.050246592881975971e-01,2.139264495480010797e-01,7.115117261323249398e-01,7.123717912570430855e-01,2.259845594405486824e-01,2.014979269897192726e-01,4.929062978188395450e-01,6.389928943986706855e-01,4.646636325395493428e-01,9.541790499554619887e-02,5.819023963898193319e-01,8.217486854283249098e-01,9.771816783454303490e-01,2.074523568243547000e-02,5.830438485715035979e-01
7.294983886302333076e-01,4.151740849186255633e-01,6.580760896126384152e-01,5.347697498992282084e-01,9.703625424342452455e-01,4.544473848424995244e-01,1.934443300397868937e-01,5.067061984194078939e-01,0.000000000000000000e+00,4.725861440616375142e-01,7.978934721114034900e-01,4.995489587136533460e-01,8.176572138904809883e-02,5.539878873237480406e-04,4.288683869039700003e-01,7.852132611151537711e-01,7.729446776024095911e-01,6.427284734338465366e-01,2.958539616995701782e-01,8.530098749957000237e-01,6.769538256659477504e-01,4.397273534443145171e-01,5.509205231436408168e-01,7.204005534137516431e-01,6.052014090083464026e-01,6.391686648977223939e-01,9.412308527987390816e-01,4.431695272878836134e-01,3.318199349502174433e-01,1.200110538118678571e-01,5.568784940600256528e-01,4.177845858022398717e-01,5.966363681830678667e-01,5.615833151459745931e-01,5.342956852928153477e-01,7.248639154133207363e-01,3.008478530890344449e-01,5.889119006735885620e-01,7.743380848634858760e-01,7.777004955853153989e-01,5.679360361392705725e-01,6.409353642601811618e-01,5.437309076457987889e-01,2.076421801651318344e-01,7.539790141665723144e-01,6.547091147790894405e-01,4.228533362898879711e-01,7.299103397302304508e-01,6.023311664336326032e-01,3.899194881220511277e-01,4.109507195341096653e-01,3.886170483426441558e-01,6.992506932558338606e-02,9.106601678854500115e-01,5.514536029161317687e-01,8.005785143603874054e-01,8.251732632145879209e-02,9.466471912905947139e-01,6.113833744058896347e-01,6.460866195015186886e-01,3.110417240896809488e-01,1.483783172944424800e-01,3.655488611693741285e-01,6.561321478389201545e-01,8.509097634743514327e-01,7.941718448443628731e-01,8.428772581557727461e-01,6.103397224212708805e-01,4.961703638581121401e-01,4.561017383824044202e-01,7.821029317722915097e-01,5.698116980553784572e-01,3.292484779852501986e-01,1.908177636434424396e-01,8.528493488695080282e-01,7.265275447888855931e-01,1.915537163081240113e-01,5.269910928443615195e-01,6.781622485826062086e-01,7.172666540588453765e-01,7.666861355997547367e-01,6.157350347259513690e-01,5.134448043039724352e-01,5.831922259892186045e-01,4.706724008986056806e-01
6.572351066967283550e-01,9.186131413406666280e-01,7.955133130413631903e-01,7.774754434905155609e-01,4.307470585286508058e-01,4.770499690845587115e-01,3.994988735861717544e-01,9.146489447434283937e-01,4.725861440616375142e-01,0.000000000000000000e+00,8.669258538273544312e-01,4.724632280413096908e-01,6.927840145652838233e-01,7.047758010403062379e-01,4.129079519611520560e-02,7.580264492031192347e-01,8.791149573801083639e-01,7.585615750278373870e-01,6.740900651182590853e-01,7.231171112345142760e-01,7.890082490694250161e-01,4.048213505681372837e-01,5.501155491173765899e-01,6.324849269094846571e-01,5.464947508991064851e-01,7.013788403477827504e-01,5.783986141330189623e-01,2.856608206034969566e-01,7.255615011685727644e-01,4.822261664709072138e-01,2.975638405779277851e-01,2.948559066817502128e-01,4.898286692136462617e-01,7.457613184050189137e-01,5.819398366747858820e-01,3.604291754092709965e-01,1.327977723901284379e-01,4.562133194988531315e-01,7.981062519039691106e-01,8.193233703920070887e-01,4.704983191680278676e-01,2.020876860384253071e-01,5.475203349641066808e-01,9.694591787041392239e-01,2.475278934908946293e-01,7.183385280451829447e-01,8.166064781757276236e-01,4.474900479452003643e-01,7.656726434155093353e-01,6.351797849519893457e-01,9.116365032204153118e-02,7.260770551322830446e-01,6.890332346341567771e-01,8.923237429331339898e-01,7.014261680819283695e-01,9.132884802367640109e-01,6.333276419879065866e-01,9.772699636443648030e-01,5.919061877964248986e-01,5.326079293468106712e-01,5.412890380315480421e-01,4.271052706774236540e-01,7.402938563593080001e-01,8.006133994951361021e-01,9.956961246761415474e-01,4.756889017817009790e-01,8.762706239897042337e-01,7.849564284780603529e-01,4.920939027402455035e-01,4.850548567049102200e-01,8.084498167475212549e-01,6.076080765101661285e-01,5.001528123710089480e-01,5.339047412518734825e-01,3.859296908883431687e-01,7.968502169664887225e-01,7.802169026666891938e-01,6.022507242263017702e-01,3.751040563515618542e-01,6.511519646035566211e-01,5.001649082686357994e-01,1.874837202679198733e-01,4.543919008382260039e-01,1.803499658378014958e-01,1.502980926628753877e-01
2.679341004980607122e-01,-8.656545579429875126e-02,9.072795945231119097e-01,6.168129612172811305e-01,7.609304602094146830e-01,7.811236004628874241e-01,4.877069646274206915e-01,6.404023646405533343e-01,7.978934721114034900e-01,8.669258538273544312e-01,0.000000000000000000e+00,5.021063453378510344e-01,7.891755051282129951e-01,2.193799207947881302e-01,8.088789322670586479e-02,-1.247140034571495026e-01,4.854045514404118911e-01,5.251638216180334329e-01,9.232991570586132068e-01,6.458289941710495530e-01,5.560212992547156619e-01,5.847043460449602437e-01,6.923468797377475559e-01,5.689834397804751642e-01,9.214817469824668761e-01,2.033849232198851886e-01,8.814786359212036793e-01,7.482751794277647805e-01,9.330489735736573476e-01,2.732741137925886465e-01,5.584494106259607626e-02,4.461671459314218158e-01,6.828994292945598232e-01,7.469543197510029042e-01,5.240222730365871051e-01,4.477990063834897949e-01,3.901784219968797984e-01,5.794731912720743061e-01,5.990302824238542545e-01,3.636189334815118634e-01,2.763708609775433755e-01,8.515048150537217753e-01,5.215804427520619457e-01,6.816557077070323212e-01,8.271186052441861225e-01,9.656851226054083970e-01,5.536494391072859234e-01,1.858235158589862102e-01,5.805544533643640648e-01,8.459272122819032624e-01,4.693312952215768497e-01,4.219126662815221862e-01,8.501614083399249289e-01,4.335139974228227056e-01,8.676307571071724123e-01,8.372486710640951735e-01,4.345056308555676483e-01,5.975574294722274526e-01,6.368148273868272646e-01,4.616914943559491946e-01,2.405990036466194859e-02,7.420553896099899571e-01,9.258282648892379729e-01,7.913828471318603563e-01,7.806776124732485167e-01,9.122920334009866350e-01,8.382604398290438574e-01,1.699849818578336169e-01,3.514275924329036682e-01,7.556157855433314197e-01,5.164012706341217784e-01,8.104220776641045676e-01,2.685547956065403863e-02,3.720258431452995174e-01,5.646816150621373209e-01,7.600439669748413340e-01,6.990368422511016311e-01,3.512752519261393980e-01,3.130399766591809296e-01,5.355348395660609606e-01,3.867260162708606175e-01,5.265088520959293472e-01,7.284411108005069968e-01,5.416049692987828790e-01,9.215181012310748043e-01
8.806385015095432589e-01,5.335944725371216668e-01,5.091045175348554164e-01,4.824913757004579140e-01,6.622115578977713080e-01,4.940688113178634544e-01,4.893416920558308347e-01,7.755650808226093318e-01,4.995489587136533460e-01,4.724632280413096908e-01,5.021063453378510344e-01,0.000000000000000000e+00,7.471117670533542476e-01,8.060928645721874286e-01,1.885390636120511110e-01,2.371256124441411262e-01,5.585920480409889421e-01,9.038935841157118567e-01,7.524507066683180367e-01,9.627861412572884525e-01,6.441716894666651427e-01,4.962639500808803117e-01,2.687394657797728681e-01,2.848137656701532072e-01,7.206428763643661917e-01,7.586766120910386491e-01,9.704053081331907027e-01,3.834335348698353352e-01,2.771793536732260477e-01,3.713870006487199893e-01,2.298079931201110204e-01,6.203677853299069955e-01,6.446722972874141533e-01,4.321253285066918859e-01,6.004195233346787397e-01,4.812387088824610082e-01,3.247469083235651199e-01,1.216225386242503065e-01,9.423153086452804583e-01,3.154094250134830690e-01,4.543913694106047757e-02,5.972265499816218348e-01,7.526157487838975868e-01,4.692874176781672291e-01,8.011560471059994137e-01,4.371072949491305870e-01,5.211200921487773030e-01,2.814376892798555185e-01,4.018047464124939183e-01,5.845796565768315300e-01,5.616396930182712133e-01,8.078260240856977026e-01,6.741612029598207378e-01,8.547595986825333725e-01,8.510444614166519095e-01,9.113813292504449048e-01,7.608218266150226228e-01,3.549515572551241727e-01,9.533401614952663472e-01,6.772324864224903429e-01,2.713956675167766286e-01,5.842654224933927498e-01,4.187757734505844209e-01,7.792203574277807299e-01,9.087377418637826443e-01,5.989683997976251728e-01,8.600124464460098261e-01,4.091015295437919197e-01,3.445928703703481921e-01,3.550894899653399550e-01,6.146685523732506873e-01,6.381487928462878934e-01,2.986381804765681491e-01,7.172669096256952814e-01,5.475521954000526215e-01,4.258834554985832521e-01,8.816181135233036592e-01,4.908933322392149412e-01,5.078296718969194101e-01,4.298374644510868370e-01,4.182790251320288033e-01,9.826225304335890476e-01,7.137753495785934543e-01,1.653430857306101565e-01,4.479749268619474534e-01
7.543614339140456426e-01,7.592676793833135207e-01,4.365324594692583937e-01,6.432218792569657229e-01,5.017491318132848432e-01,8.757591090947300927e-01,6.618289174314044843e-01,2.793352659262656745e-01,8.176572138904809883e-02,6.927840145652838233e-01,7.891755051282129951e-01,7.471117670533542476e-01,0.000000000000000000e+00,7.605606146774385179e-01,9.739613006337560774e-01,6.834342521503200540e-01,8.198399397556345169e-01,5.016180794935907183e-01,7.318836164827008384e-01,6.518612385306207235e-01,7.062854225220820403e-01,7.422003535101470151e-01,6.142246435837481755e-01,8.142265025546092660e-01,2.783026796853119711e-01,7.673773147031203168e-01,4.881823160411526974e-01,8.789789510073383605e-01,5.090226874516630418e-02,3.566152083788340921e-01,8.057697670840979765e-02,4.044891986049691246e-01,5.920908588506222925e-01,6.132572030519295447e-01,6.242725337413755904e-01,4.960718997594932844e-01,3.688977811736183776e-01,3.712744416724779173e-01,6.677824370552145616e-01,6.814157495102943773e-01,2.642896291314862367e-01,8.152737324695806809e-01,7.448612868368117423e-01,3.681094583995704883e-01,3.080017432880385320e-01,8.912224489142854811e-01,5.665020503368586313e-01,8.539033380197249556e-01,6.677696594800992536e-01,7.339352210614161764e-01,3.157017127103095566e-01,3.907748397760452685e-01,7.587945261348607584e-01,8.337068793575086456e-01,8.257837833074503919e-01,8.700486307236877659e-01,4.595749911887548889e-01,9.016881831482830290e-01,9.901875717412020883e-01,4.705338951530551594e-01,2.939089284280149150e-01,4.311318426051541364e-01,6.036593184887748542e-01,9.572156395491917547e-01,7.107242468983057115e-01,1.919769307227855992e-01,7.312489839217977128e-01,4.381779596119558251e-01,7.767114551173108783e-01,4.258977834939066676e-01,7.335476587975550133e-01,6.955058896010630765e-01,3.003453735628535126e-01,6.543465040945608546e-01,5.918995991435049842e-01,6.010733040414052430e-01,4.537969988343322214e-01,7.103306213377070799e-01,3.276904308012782430e-01,5.995412284153323057e-01,2.830783661702796494e-01,6.313103024112489692e-01,8.913243777578385707e-01,5.521246337700467244e-01,8.426911465839475035e-01
6.177360640010522985e-01,4.344248235872735786e-01,8.941158639308391942e-01,6.471107050840347874e-01,8.956060939202203919e-01,4.201060500921303675e-01,7.362219358776912470e-01,4.338522744843568701e-01,5.539878873237480406e-04,7.047758010403062379e-01,2.193799207947881302e-01,8.060928645721874286e-01,7.605606146774385179e-01,0.000000000000000000e+00,4.515660682588346631e-01,7.731596361976266207e-01,3.123207273598564426e-01,4.592379517488497376e-01,6.050057312918983854e-01,4.508024407259211830e-01,5.825967914362226718e-01,6.191782709755337955e-01,9.909795215002750179e-01,6.323404926859135244e-01,3.027674158462880794e-01,6.060155818781676196e-01,5.735498328504708976e-01,7.312808265619786807e-01,4.060721515672623960e-01,2.109608064438824315e-01,2.969249924924468043e-01,3.970088421769899512e-01,6.194952813927248059e-01,7.625380552072631435e-01,2.784409087000662142e-01,4.507702479624615954e-02,2.502425799840972132e-01,7.722111538350752147e-01,2.622317268248478550e-01,4.241337219637112410e-01,6.510470867248377980e-01,8.991476355846086399e-01,6.808361518741291585e-01,6.197988982652102852e-01,5.405631316561416710e-01,5.045791701525406125e-01,8.933288664124260370e-01,9.596377815432417524e-01,7.103523704225455093e-01,8.150022035180132240e-01,6.632930012648603491e-01,8.763359021322481013e-01,8.149155313863341021e-01,7.521500604388123845e-01,4.462165159384023916e-01,7.888802629810333089e-01,6.277022327325801898e-01,7.572300815310988309e-01,8.648162598858490924e-01,9.937687679786828820e-02,5.850157353630467405e-01,4.554514012554597424e-01,5.711258767839667572e-01,7.067649745217123858e-01,5.264515337187152255e-01,3.260644944363963460e-01,6.374788071205842455e-01,4.111391833280752528e-01,3.787941322743712536e-01,7.211588586278601110e-01,8.200479817217376510e-01,7.046946902771673571e-01,8.823547614051015231e-02,3.026967812500130361e-01,4.741490014502149353e-01,3.760232877358674619e-01,5.330276323114270243e-01,5.936407542598884923e-01,-1.499084401503098518e-01,4.669948720816385901e-01,6.910042170997136024e-01,7.527863383302495492e-01,2.359231827442050677e-01,6.979137734570168838e-01,4.693060969711024266e-01
3.362684162836074853e-01,8.400265516665658128e-01,8.245484841757846350e-01,5.612196079136612115e-01,4.473428076142912380e-01,4.251755637981341485e-01,5.810139312441031656e-01,1.994044637322622826e-01,4.288683869039700003e-01,4.129079519611520560e-02,8.088789322670586479e-02,1.885390636120511110e-01,9.739613006337560774e-01,4.515660682588346631e-01,0.000000000000000000e+00,3.231047861366240226e-01,5.958567404024852632e-01,3.639851130594343731e-01,4.107293358674418138e-01,5.602385550276345327e-01,5.530458657480029627e-01,8.229406355140629348e-01,4.005551935533714358e-01,7.133679668059906831e-01,2.896605238199983501e-01,6.332283019074693708e-01,7.733206008551214428e-01,2.166482656889821001e-01,1.319719033917767237e-01,1.355476317611328807e-01,2.362872709091923262e-02,5.964503601852733095e-01,7.850742708906524037e-01,5.566245665600546566e-01,3.172035089749861703e-01,5.889793672217025211e-01,5.752269222532397919e-01,2.603895917149615657e-01,7.942686969753758319e-01,4.875188103187169109e-01,5.557368378657534524e-01,3.324465606030907461e-01,8.219158733499052349e-01,4.776097100771269921e-01,4.149020385605429739e-01,9.887803275203540521e-01,6.335418982504215091e-01,7.451973487973273524e-01,6.012507303202825337e-01,7.451584637715082948e-01,7.149246849778682078e-01,6.431621101535314189e-01,6.228831790387679979e-01,4.851361071961438065e-01,7.954933477817109910e-01,8.209786889681605082e-01,3.553854309382862842e-01,8.332274279679250384e-01,4.304134892112094768e-01,7.492584794921586244e-01,4.683962255097396388e-01,7.506139086518528458e-01,3.729850149537732307e-01,8.623780300088951245e-01,5.450902131498012171e-01,7.930889429706353688e-01,8.444920314415496065e-01,9.253433523851595233e-01,4.784634694482881589e-01,6.688926503862819839e-01,3.075990380928555479e-01,7.743767198485996817e-01,1.279608074601445433e-01,2.218621089703232685e-01,4.014316484338956714e-01,2.161854580754117294e-01,8.467227959537428905e-01,2.579770986675203881e-01,9.090121997721526403e-01,-6.903586305056183536e-02,4.607149227829759885e-01,9.029036600999746920e-01,3.487735902804481869e-01,4.198972799620857566e-01,4.887998787794695099e-01
2.685841487058129862e-01,9.878863168662198602e-01,8.761140316383967397e-01,7.329727601199065301e-01,7.398794297756358107e-01,3.479085432414799617e-01,-1.141513650143056863e-01,5.912717588235352206e-01,7.852132611151537711e-01,7.580264492031192347e-01,-1.247140034571495026e-01,2.371256124441411262e-01,6.834342521503200540e-01,7.731596361976266207e-01,3.231047861366240226e-01,0.000000000000000000e+00,5.418138085905601642e-01,7.665434261145250838e-01,8.402066598049127144e-01,7.532525133080666402e-01,5.135682509753392022e-01,5.966454204224234115e-01,5.566908993372589043e-01,7.781898515350574863e-01,6.174281804055480327e-01,8.553747928218993213e-01,5.419222695729007944e-01,6.875352352948719270e-01,2.175780906300974482e-01,3.614810867086659663e-01,2.972872730286880705e-01,5.797069831146810515e-01,2.492869752040203779e-01,8.048121089625795976e-01,2.744373744659812098e-01,5.415152353928888163e-01,2.372723910935345404e-01,6.620196210352237154e-01,4.880153635980788440e-01,6.571690592882140081e-01,3.511721391082055499e-01,4.179643528888577486e-01,9.306290238048953167e-01,7.849923206366744566e-01,4.319804592458069692e-01,9.992243025804925516e-03,3.108645043381660922e-01,8.524477536414974965e-01,3.057983475736587575e-01,7.045440323382633485e-01,7.348728711611717257e-01,4.441171112152864087e-01,5.725973191745925561e-01,5.445571249545163584e-01,4.596784410718673941e-01,8.254564739534927531e-01,6.790183917746980269e-01,8.223903875490177207e-01,2.439409010580906312e-01,1.771240806539436941e-01,3.309195916914940416e-01,4.618401300731446169e-01,8.890757244399023485e-01,5.515250857855230615e-01,9.001087925148577584e-01,5.433615717093438491e-01,3.369741912368291459e-01,4.119598794487656646e-01,6.873146861269142649e-01,6.845942204574831935e-01,9.311962622892661079e-01,7.902676158712212962e-01,2.952146901700867243e-01,3.249178472151429964e-01,9.618728617937656322e-01,2.658512752518610855e-01,3.627088732957730044e-01,1.255509988831694235e-01,2.247537264582379346e-01,2.562080837394811184e-01,6.881247757155499745e-01,7.066356688527862806e-01,7.464308518489550792e-01,9.835825663966060173e-01,9.615150191724944895e-01
5.337339249389033702e-01,4.771544748224841315e-01,8.766352969041879550e-01,7.762203197090830065e-01,7.236039862664689348e-01,6.812995681629673284e-01,6.744683088416246752e-01,6.447253015359309947e-01,7.729446776024095911e-01,8.791149573801083639e-01,4.854045514404118911e-01,5.585920480409889421e-01,8.198399397556345169e-01,3.123207273598564426e-01,5.958567404024852632e-01,5.418138085905601642e-01,0.000000000000000000e+00,9.023330134105365108e-01,6.463431643731466503e-01,8.748005485018327532e-01,8.550885899333923179e-01,9.695462115337680764e-01,8.770131414300293970e-01,6.399243368835303425e-01,9.515909445664230137e-01,7.795430655072971282e-01,6.299869731186780175e-01,7.605720194417429914e-02,2.506358928551783993e-01,2.245750088075647299e-01,1.751205084245527344e-01,4.941006183821531894e-01,9.526605358197276496e-01,8.822984996326354024e-01,6.696463656506164153e-01,2.603246657133914677e-01,1.360034632027638107e-02,5.170621621740438822e-01,4.388863033725973750e-01,3.643568591166396198e-01,3.040243642678138181e-01,6.166941941142543016e-01,1.529771539553960169e-01,5.725652233049545181e-01,7.846593388865592544e-01,5.514587699375053109e-01,6.932120523831416525e-01,8.083041223792860608e-01,7.669857774108679305e-01,7.518492783519410416e-01,8.653041372348735383e-01,7.178090434571540168e-01,7.345362893098604795e-01,4.263930108321963841e-01,5.639133046993437537e-01,7.624369679285344370e-01,4.126581483782529869e-01,5.825526440420797369e-01,4.625223716024175480e-01,4.152804655577054804e-01,3.291483902178560239e-01,7.418758886394501983e-01,6.921455168538653835e-01,7.885752046874647814e-01,5.080191944639717017e-01,4.572290486307622470e-01,8.203383925023443046e-01,8.237064811384767760e-01,3.523398492577656249e-01,3.416590795025535865e-01,6.508340358294421035e-01,4.922675235779422342e-01,4.615511247499149428e-01,4.253808522884855448e-01,6.513060071258280903e-01,2.366992685291003651e-01,8.484633999729802589e-01,7.879144655896432869e-01,3.491134930909286505e-01,6.331577349740469263e-01,7.575832976683855025e-01,9.093194413745094851e-01,7.473336560112513460e-01,4.139135698919505502e-01,9.037405408141691021e-01
8.371048581032736191e-01,6.440949094040321343e-01,9.843671150296663397e-01,6.332801229649944741e-01,8.246916171909116633e-01,8.326048041768149277e-01,2.475727765082553211e-01,5.086757401987175298e-01,6.427284734338465366e-01,7.585615750278373870e-01,5.251638216180334329e-01,9.038935841157118567e-01,5.016180794935907183e-01,4.592379517488497376e-01,3.639851130594343731e-01,7.665434261145250838e-01,9.023330134105365108e-01,0.000000000000000000e+00,4.389338259976276468e-01,8.169871019539259871e-01,5.645580953097736332e-01,2.389525544739427576e-01,2.412971012538936422e-01,8.545798952893191025e-01,4.191636178169861338e-01,4.702418566991921622e-01,4.899391662358000832e-01,2.415818448732713897e-01,3.336073437243733952e-01,5.741995295599225946e-01,5.318908117279510517e-01,4.997556436519633993e-01,6.681462225893199935e-01,7.999396930238791281e-01,9.181194952293969536e-01,2.098043441134993525e-01,4.263364993619619403e-01,1.166827881605487782e-01,2.664142413977705348e-01,3.827458577739183410e-01,4.142344159205070264e-01,6.774056965533412633e-01,5.975798929887352617e-01,6.540809820397677221e-01,9.436139043465388010e-01,6.666727593557220111e-01,7.254934501686772785e-01,7.087130478468240957e-01,4.721720218838876826e-01,5.369987055137651621e-01,6.034490074245705271e-01,5.102083099554247658e-01,7.882492442810874467e-01,7.081095472432110682e-01,8.220878513719773739e-01,6.391399308931478007e-01,4.510929739136450012e-01,8.177578128279547887e-01,6.631111039341175406e-01,5.885301894784140675e-01,5.189319422565691342e-01,1.864959784960090183e-01,6.759193754442966995e-01,5.226439424790729760e-01,6.023736519969467018e-01,7.022529391313097058e-01,4.500699000726134380e-01,8.699182023323341895e-01,7.440844552717531535e-01,4.974062242782915089e-01,8.101414269258366829e-01,9.050645200257398937e-01,2.450740374944211930e-01,4.851730160780053924e-01,7.664252509652977885e-01,9.808536969069778788e-01,5.930578704911328991e-01,2.300044504069532481e-01,5.343056487468128557e-01,3.683514694187552813e-02,9.243548085433136441e-01,6.607932166846713917e-01,4.513058959338050458e-01,7.799535050633135125e-01,6.115198577530064350e-01
