0.000000000000000000e+00,7.578123263234270990e-01,8.659573940025485639e-01,5.695159363814433773e-01,8.415413405984938366e-01,7.076165982527680143e-01,7.978063191647348784e-01,9.558673403431956483e-01,8.956354439132456768e-01,8.257997317131148263e-01,4.708625717741968253e-01,-1.218262761309581027e-01,7.894797547370671076e-01,7.046029150237689276e-01,8.236024661477699960e-01,6.333793284456713524e-01,8.572093145308098405e-01,6.880029993984811965e-01,7.697080812891785584e-01,7.642449914882704087e-01,9.090506250677263811e-01,9.304372842219466033e-01,3.340805626237315362e-01,4.750216053889265155e-01,6.453250688517515599e-01,9.928220388810298225e-01,3.211541561943975220e-01,7.252900036884006862e-01,2.977957099422875453e-01,2.239075234084282884e-01,3.379705709129515734e-01,7.314054599145657365e-01,8.971972385266924199e-01,2.821972951607446545e-01,8.458148665268467870e-01,-2.821621663499709887e-02,5.466855671615855616e-01,4.126626170255924264e-01,6.873918412323893889e-01,9.117685915157813792e-02,2.516478253568030926e-02,6.090047909137729087e-01,3.734775757385730977e-01,2.049300209354738000e-01,8.662969809868921178e-01,1.456546834103981392e-01,9.251368470021125168e-01,5.829346501943835079e-01,8.603036547882910723e-01,7.806963544041813918e-01,7.036972350013093180e-01,7.581383013889688716e-01,6.868640776777151791e-01,3.605195982454442172e-01,6.167260428207614886e-01,6.807540700368855946e-01,5.585223698545572768e-01,5.989114912016753056e-01,-8.007678950094732073e-02,1.540617349984514488e-02,3.899727289314551815e-01,4.464242139884141980e-01,7.989210508698035840e-01,9.425041772373041749e-01,5.384467924672576844e-01,5.735030384214611088e-01,7.748249769261972286e-01,5.222145537282372185e-01,2.460881084486945813e-01,4.452210643290933634e-01,7.099328164270126695e-01,6.420037556100827159e-01,1.212800611411833929e-01,2.417816539989307845e-01,9.789979933216157448e-01,7.732816891157041628e-01,6.195141801026170514e-01,5.061636013646227950e-01,3.085708254225534575e-02,4.102789785296082625e-01,6.166969697067192779e-01,5.036821869485165193e-01,7.261704900326826362e-01,-3.951947298577541678e-01,8.756070553774163434e-01
7.578123263234270990e-01,0.000000000000000000e+00,6.218006451315651884e-01,6.705893744420344804e-01,6.335549419949444427e-01,2.840575163304013273e-01,6.589342986521566914e-01,4.265312865980201984e-01,4.618529247524318926e-01,7.171551492688985618e-01,9.308456507760962673e-01,7.354026145690368832e-01,2.621413815170546835e-01,7.857487613164846341e-01,3.108516872506947859e-01,2.500914054867740544e-01,7.511768762177672976e-01,4.548848758564715822e-01,8.995114594389802543e-01,6.621938184867292021e-01,8.038923236120865123e-01,5.089970185683844184e-01,-5.974922918043634734e-03,8.126832991747311441e-01,4.948955575676738938e-01,5.281019262208512810e-01,6.760360698717507999e-01,6.278449212513566025e-01,2.852085152130937606e-01,2.509415696361992354e-01,3.767988757123316157e-01,3.451824899073138164e-01,2.508209245987756963e-01,4.568147940171171650e-01,7.661848694668109694e-01,3.872008208649576622e-01,4.794317181479455514e-01,6.063302080715309295e-01,2.928602826950407745e-01,3.385263225724757241e-01,5.009871736264204234e-01,4.689017829067159138e-01,6.461419925061108183e-01,7.909912325423369417e-01,4.442929191331368988e-01,7.232013451282298666e-01,6.866561988410948558e-01,5.452497624079502003e-01,4.874316452787251785e-01,7.565228909486493292e-01,1.654923345192852724e-01,-2.734730704048436989e-01,4.277102680968210002e-01,4.582524984105654231e-01,5.479281239063742426e-01,8.274997292348889033e-01,3.371458987397354390e-01,8.014662736117722508e-01,7.461570156043140223e-01,1.920811574974913005e-01,5.983851217053253180e-01,4.764128251665363800e-01,8.209370211997290001e-01,7.763858332186097666e-01,7.429460596882689893e-01,3.814558838231459914e-01,9.103684824820852672e-02,7.827547912280053977e-01,9.159655727817714865e-01,5.156322645468711663e-01,5.309554669388521358e-02,5.667032216601898265e-01,3.124977454351102191e-01,2.523424907344085644e-01,6.824410968570506775e-01,3.803903623427649094e-01,7.465476291561252697e-01,7.797561940695606486e-01,3.866772455158957178e-01,1.602958850329137541e-01,3.642981505335275427e-01,6.779048105845666417e-01,9.983240074896080340e-01,2.845285075922768803e-01,5.212117171488617196e-01
8.659573940025485639e-01,6.218006451315651884e-01,0.000000000000000000e+00,9.711474354194009617e-01,6.381751660290162498e-01,9.485511434928806107e-01,7.629729566139051844e-01,7.275719326854604985e-01,5.750940623238197658e-01,4.820299911744361232e-01,9.151168912597456018e-01,6.353698970795733647e-01,6.513695656510246623e-01,9.203095467133197705e-01,4.911554309822611097e-01,9.690629259870657819e-01,7.699846823769046500e-01,4.968608231654733087e-01,6.804550913364748599e-01,7.208914135967918746e-01,8.758253006403230456e-01,5.693233773254240404e-01,8.724737628699542613e-01,9.125147063979867079e-01,7.566163523472940744e-01,6.209087838780216195e-01,8.502260650602944114e-01,7.453120246955772243e-01,6.427273438601059929e-01,6.217504837176640597e-01,2.073921284723656000e-01,8.566207337296366520e-01,8.612853220429119716e-01,3.109349035620985746e-01,9.253487857859479249e-01,4.373024317603268485e-01,7.644949667920183378e-01,5.720904633765804270e-01,7.775921364720023155e-01,9.753507297639728568e-01,5.820564600685681489e-01,5.145502367817807177e-02,7.748543469522215510e-01,6.376315276133180943e-01,6.756832832268026001e-01,5.903281134840930866e-01,9.445257882324343823e-01,4.554128471284388247e-01,1.845858248063154405e-01,9.425438705029054454e-01,8.403993572934034262e-01,9.645618827853907895e-01,8.847903108596696375e-01,6.952252048387514982e-01,5.853710046956079882e-01,9.422169732171234990e-01,2.173846325247901293e-02,9.184293978691022708e-01,7.697187315700815269e-01,4.142996793687899748e-01,5.814939293087983962e-01,4.519246837120050042e-01,6.519635227100876174e-01,8.055716189646102698e-01,8.739827841969148858e-01,7.683476002547182659e-01,8.376720838692066629e-01,7.404241003014078171e-01,4.516080242647325660e-01,9.631888909386250308e-01,9.431628635616782219e-01,7.555635217190205255e-01,7.516381872571271938e-02,9.374467620042550853e-02,6.294377017689012366e-01,8.288735890490226410e-01,3.886865119213833708e-01,9.302380866534459836e-01,2.816859028505037665e-01,7.069429009150285381e-02,6.669470180300977047e-01,8.991210438146561845e-01,4.817234438403981134e-01,7.086325994744125945e-01,9.843058573740754991e-01
5.695159363814433773e-01,6.705893744420344804e-01,9.711474354194009617e-01,0.000000000000000000e+00,4.177555199243046524e-01,6.492781437289577573e-01,4.589171121140729892e-01,8.813473432225440440e-01,2.160088588357392814e-01,6.194821569247032089e-01,9.365064000867855398e-01,8.308037767131187801e-01,8.841701709543493548e-01,5.949394768624876040e-01,3.746689739712712464e-01,6.181004404790138018e-01,4.072069150095511958e-01,7.047582640089306016e-01,6.665047464606170813e-01,4.888814712048755728e-01,3.962728944612003978e-01,7.066837900527916938e-01,5.927515691655220742e-01,6.482406483875187142e-01,7.469711948106150246e-01,7.293506045696462881e-01,4.999543120861399959e-01,4.584949326152216176e-01,5.337765886421923511e-01,4.646302494857951215e-01,4.547819192485010320e-01,4.550927752489316025e-01,6.563212478754429924e-01,6.515702898367077278e-01,6.414962508913583106e-01,3.153023921649837358e-01,4.986712244764524016e-01,2.713524824193572771e-01,8.831915415186277762e-01,7.793562814040634334e-01,7.040677766704032947e-02,5.773458865622932423e-01,6.185339868309908118e-01,3.308645564141108886e-01,9.496844409734085390e-01,6.674674415572049435e-01,5.904677337988826213e-01,7.348054722980428277e-01,8.159743782688719804e-01,2.245373045021255565e-01,6.325224247297097646e-01,9.617753540868203554e-01,7.758871600423937753e-01,7.062988829372149890e-01,9.010044517603330583e-01,8.312902667892256847e-01,6.737383569998345312e-01,7.664629434337386638e-01,7.554505601251666480e-01,2.612598606479046501e-02,3.574159944981178949e-01,4.025323789568746591e-01,8.368891902391781823e-01,8.594531896669836968e-01,2.363033777087505949e-01,7.752416594320195031e-01,7.187132934245175075e-01,7.640100391550773695e-01,3.953541718273763661e-01,3.143326066106142958e-01,8.042754910950993263e-01,6.784468164670092172e-01,3.370300858158458701e-01,4.266317601887654187e-01,7.200085632247795742e-01,7.277560811021317466e-01,4.673598417669999061e-01,7.125905424365220897e-01,4.943146031777129190e-01,1.740389859160007546e-01,1.313649214119375352e-01,9.473645499099143663e-01,7.129739309741016662e-01,7.557624364651176485e-01,3.878466521980762360e-01
8.415413405984938366e-01,6.335549419949444427e-01,6.381751660290162498e-01,4.177555199243046524e-01,0.000000000000000000e+00,1.699809332429354225e-01,3.600426847877340464e-01,3.627029448428237268e-01,6.874734557138373336e-01,7.244032643923768999e-01,9.800666735339353952e-01,6.032338055753609929e-01,7.692081081457453617e-01,4.913133159044069109e-01,5.596437444946158468e-01,6.329854699284420683e-01,9.150011885864696159e-01,9.017260515675352694e-01,8.309123625043447481e-01,5.170726724863063950e-01,6.227093920748610900e-01,7.449209114209258686e-01,6.200967968027759625e-01,6.109320211393572952e-01,2.841146008898360331e-01,7.489256154473193927e-01,7.293252801244755057e-01,9.807205163210200860e-01,5.109539362970375587e-01,-1.836766092636872849e-01,3.694508016947263274e-01,1.119513511180341703e-01,7.920961903823582340e-01,5.732160362869387349e-01,6.233359121740467135e-01,6.854266206595829303e-01,1.739930099658862639e-01,4.166458601638191039e-01,2.720633863508675754e-01,7.264515558832232989e-01,5.922558615479824873e-01,7.683294368250330741e-01,6.200537636660017338e-01,9.388689462679548070e-01,9.471373575803012645e-01,9.556080717459781715e-01,5.337676620231573965e-01,6.989633826890864210e-01,6.750716976920249079e-01,6.700259774489234488e-01,8.260638236441880666e-02,6.044311676369868991e-01,6.453583000174433204e-01,8.991025837850913360e-01,4.654424933776231121e-01,7.707420694102224967e-01,1.147426093682331616e-01,3.684046244710575402e-01,5.419963834588257257e-01,3.825628511802185994e-01,1.606030177434513984e-01,9.525754265207704297e-01,6.588830002622281246e-01,8.333894166416706550e-01,9.677835178910678682e-01,5.502111643001622587e-01,6.952718551574902373e-01,4.100551652957362680e-01,7.229052003003724192e-01,6.265003829402383539e-01,4.261716120657568219e-01,6.538404023634519779e-01,3.001289582698834502e-01,1.727134045443073918e-01,5.184877982424138665e-01,8.598056404290216337e-01,7.170226566715435235e-01,4.221069675213361405e-01,5.118530609764119221e-01,6.815568035089876464e-02,5.037759053802608467e-01,7.619023519829586366e-01,5.674575726459250014e-01,-8.904435955552181259e-02,5.436343078289322950e-01
7.076165982527680143e-01,2.840575163304013273e-01,9.485511434928806107e-01,6.492781437289577573e-01,1.699809332429354225e-01,0.000000000000000000e+00,3.459986909547378975e-01,4.951621274858171717e-01,9.793909697523935920e-01,6.663746566871600052e-01,5.608453541671120091e-01,5.063785290529375649e-01,6.327006961715465616e-01,4.966005782383857148e-01,7.202640994162461396e-01,6.772107727506562203e-01,8.477865601398826279e-02,7.376494531019237577e-01,4.559388396848139680e-01,8.492831681579855463e-01,7.321043010473899937e-01,4.722570617446842367e-01,9.252352765782531074e-01,7.369176171887957816e-01,8.600313878859173755e-01,4.492100378352364975e-01,4.317596180554243990e-01,6.037045084667927997e-01,7.803587020353920378e-01,3.960664500499001539e-01,3.883988903596776732e-01,4.643061825442307278e-01,2.606916756321051576e-01,8.900543910846520079e-01,5.435863809562098137e-01,4.941152502927426693e-01,4.046905946796655051e-01,4.291378697172012480e-01,2.961666902114203914e-01,2.677197129459766844e-01,2.234449997872986204e-01,2.260228581500125788e-01,7.848646130187582060e-01,4.304287782353528602e-01,6.638792150941037473e-01,2.907548770665621118e-01,2.396231926533088068e-03,9.658450011658519241e-01,4.248683643201241478e-01,3.005601010014693486e-01,5.011718190782180615e-01,4.079745869523528912e-01,6.957727477977776465e-01,9.669714737631160961e-01,8.121336086182375791e-01,8.073002814485166212e-01,6.240871238115681674e-01,4.984907027743665786e-01,9.643858550118975526e-01,2.719824814608671204e-01,2.150404607618907893e-01,6.264113846764485238e-01,6.917786532668434019e-01,7.145579751395684243e-01,8.184055103157457101e-01,4.878223084934108465e-03,5.035135542818057752e-01,5.658173893976993218e-01,4.180081224595905143e-01,2.176892354247425554e-01,8.035457522722172508e-01,7.291806220770951086e-01,7.759651959718574799e-02,-3.910906708101022367e-02,6.785704413023345705e-01,7.804835018923174106e-01,8.604045849068504559e-01,2.894065124001513056e-01,2.656654344814846636e-01,5.039887542009690025e-01,5.377857958734982152e-02,5.185040347435523334e-01,7.621066556030291483e-01,6.031540082942525860e-01,4.614267112936591975e-01
7.978063191647348784e-01,6.589342986521566914e-01,7.629729566139051844e-01,4.589171121140729892e-01,3.600426847877340464e-01,3.459986909547378975e-01,0.000000000000000000e+00,4.968459979612193100e-01,4.148790592387514575e-01,5.801736293997874494e-01,3.386284578402607437e-01,2.388288410621642321e-01,4.635423414291905408e-01,2.296794896426125887e-01,8.130069443704798227e-01,6.443656726605453411e-01,4.919270535486612861e-01,5.639158114907982799e-01,2.553257993797830028e-01,7.457721062618524188e-01,7.012171479456543732e-01,7.071947723644020911e-01,8.293815541564104610e-01,7.127239310800389527e-01,4.293903909222284154e-01,2.733871283352224402e-01,9.606076417224795883e-02,3.451190847482841217e-01,6.034603375525595670e-01,-1.388292683403146988e-01,-1.249869284033595790e-01,5.721360990777190070e-01,9.435592939348625974e-01,3.834597579424215124e-03,4.054371231785774965e-01,3.999337342975389231e-01,5.483999065572991993e-01,4.415176105503716975e-01,9.733522065578437132e-01,5.846995678474027347e-01,1.893342461254651776e-01,3.809047039197331896e-01,6.558065481225031634e-01,8.437958904540168170e-01,6.910722158476002575e-01,5.709772710948771701e-01,2.534199106512549093e-01,5.269699749736812544e-01,6.087128129391128351e-01,3.446250719854685451e-01,4.553995572873817399e-01,2.704895109142813059e-01,5.511044790164704166e-01,7.918801879559156376e-01,7.125684807900668494e-01,1.989341611860281356e-01,6.196018412218294857e-01,6.041953446579509945e-01,7.958007695909414814e-01,5.470247115146815720e-01,1.634286314250245065e-01,5.201380287655358314e-01,2.839218466167178212e-01,4.846949511454823334e-01,5.690722955252248694e-01,6.463009616547100711e-01,7.130137375527381138e-01,6.744607464561473975e-01,4.415604129051192706e-01,9.194330368292399358e-01,4.023237146929770636e-01,7.330911738644199094e-01,8.481302134903759282e-02,5.359285180135681115e-01,7.783333647393668731e-01,3.192900026258156942e-01,4.503326508608003764e-01,4.162987658187023987e-01,6.121910981722691325e-01,3.501362618789867209e-01,7.527517215871067924e-01,6.172520540646498910e-01,6.019698079995730033e-01,3.386099255162801080e-01,6.310863787986182860e-01
9.558673403431956483e-01,4.265312865980201984e-01,7.275719326854604985e-01,8.813473432225440440e-01,3.627029448428237268e-01,4.951621274858171717e-01,4.968459979612193100e-01,0.000000000000000000e+00,9.647818009974507003e-01,5.699093403630053345e-01,7.859736464731481576e-01,2.058568040986887282e-01,9.937010241867429983e-01,7.576106892502769696e-01,6.439908120009366632e-01,9.715961649905052733e-01,8.861714203272873513e-01,7.960474290111894113e-01,6.266917546103317749e-01,6.805124747354931447e-01,9.381907089873611216e-01,1.526690234389011525e-01,8.144623514712538981e-01,7.588108837607850932e-01,5.668154145863026905e-01,8.208795307949195985e-01,5.085752182911920105e-01,2.067155803297189287e-01,5.121741448741160552e-01,4.252230290830122383e-01,2.572577642391085107e-01,6.861914030186644364e-01,4.870157199181355256e-01,6.130526906098913154e-01,1.019935574637753084e-01,2.395435753595200612e-01,9.420310481301577554e-02,7.981093142379759309e-01,2.961898892450102183e-01,2.840211585224334256e-01,3.165859388128484664e-01,3.253986792380743620e-01,8.946253809251334399e-01,1.469160165280783414e-01,6.357561245224723212e-01,5.223013619336981384e-01,5.828979088593808644e-01,9.487319102322425701e-01,7.946641547564410324e-01,6.698786203090273395e-01,6.622191787287894371e-01,3.938058975529558081e-01,7.915005780932319324e-01,4.222989576524196487e-01,7.628147806052223423e-01,4.258867160652674011e-01,4.522609631909666472e-01,6.701341545554727608e-01,6.377925170222659146e-01,1.234257656053636271e-01,6.943325963226145703e-01,4.133198415191087771e-01,4.754865439023634455e-01,8.198895773046186441e-01,9.364066466511230535e-01,6.785454629867226917e-01,4.758410774584425074e-01,9.504283650640521497e-01,7.549681872464952814e-01,4.995225802494499545e-01,5.501232199104780785e-01,9.053924906857060417e-01,3.212611182242877672e-01,6.418518583810688405e-01,4.797301649265479084e-01,6.214695336139074433e-01,6.758221164977279427e-01,6.505433012146462080e-01,4.312692265945385350e-01,1.094352544793550097e-01,5.256966646263230292e-01,9.009917897859626157e-01,7.714060754032786571e-01,5.405215044112434697e-01,7.567247295758505743e-01
8.956354439132456768e-01,4.618529247524318926e-01,5.750940623238197658e-01,2.160088588357392814e-01,6.874734557138373336e-01,9.793909697523935920e-01,4.148790592387514575e-01,9.647818009974507003e-01,0.000000000000000000e+00,7.053913765150382487e-01,9.111341938194408852e-02,4.566398794222727431e-01,7.658257808456152560e-01,4.488462107050436023e-01,2.416160904606758919e-01,-1.261693828903626691e-01,7.958288010705392157e-01,4.325794814906327446e-01,3.545105509473660543e-01,7.824134083816737251e-01,2.735082150665101297e-01,6.427330810200849731e-01,6.994883182750947226e-01,6.209617165153284990e-01,6.280868705650718420e-01,3.844835634009140524e-01,7.095424046154308328e-01,7.111329290989465424e-01,1.568163337136210256e-01,-1.521322914967251638e-01,4.194479171241413673e-01,1.533579102409514672e-01,1.391886319020944063e-01,4.592858330116476595e-01,6.976190553963178553e-01,4.766108793062313054e-01,1.982001059535761223e-01,3.958902810895597590e-01,7.142228534710655108e-01,7.671262220875592064e-01,-1.758827149670844081e-02,2.753503520428958184e-01,8.784434059243835247e-01,-3.260390192227263784e-02,8.155295353188535268e-01,5.798701442386539062e-01,3.788027254676158417e-01,5.692092709826279684e-01,3.687047354027098711e-01,2.752401670397093825e-01,7.463398302378956295e-01,5.486651306366002734e-01,6.618448133386932719e-01,4.721946671508359672e-01,8.132675833111390196e-01,4.648263238566905514e-02,7.180545545156081788e-01,2.213073281259052283e-01,6.263369474046015517e-01,3.258021516434771447e-01,5.930914128754705139e-01,7.685351490424460197e-01,4.611959195603496098e-01,6.557595530475777146e-01,9.752198740413765554e-01,4.850929887113592520e-01,8.904645954716038370e-01,7.988608873218218109e-01,6.017621011892808625e-01,4.212890020274726588e-01,9.373345383553224330e-01,4.400809456779624096e-01,4.103719866330776123e-01,1.904576064924170531e-01,2.637947299095501630e-01,4.233302172255398732e-01,5.413992621585577147e-01,3.131186329046350414e-01,6.226570642465298899e-01,2.825969217920048515e-01,5.753215660143817800e-02,8.719132902497875870e-01,5.406982068620556081e-01,4.521076722797456870e-01,4.186989478315825686e-01
8.257997317131148263e-01,7.171551492688985618e-01,4.820299911744361232e-01,6.194821569247032089e-01,7.244032643923768999e-01,6.663746566871600052e-01,5.801736293997874494e-01,5.699093403630053345e-01,7.053913765150382487e-01,0.000000000000000000e+00,4.861298950311138123e-01,1.004976835972360844e-01,9.763617467037314368e-01,8.897743011750173237e-01,5.491329409565874897e-01,4.965525881050564250e-01,7.744031422094794781e-01,9.903756608710080345e-01,7.463683279489254918e-01,6.282372618649693097e-01,9.609930848043242158e-01,8.102083824031590387e-02,5.082789772642000159e-01,9.373026005089607482e-01,7.949464851260980014e-01,8.816694468124006701e-01,9.291195827639731064e-01,8.652150476291728953e-01,3.135934461530791584e-01,6.840293360578981741e-01,4.712688323203946261e-01,7.685706501775178001e-01,5.861358474670134155e-01,1.661633092740565643e-01,4.925867913404615162e-01,3.927991393162894029e-01,4.578885069460930102e-01,2.236336128646241594e-01,7.930834826083286160e-01,5.193558623349000536e-01,4.746852060773451010e-01,4.152341568213477885e-01,9.456618928160532844e-01,6.325863636474661211e-01,5.647475840439830641e-01,7.620278000089540926e-01,4.947908984795173493e-01,-1.295164189495964790e-01,8.435334747517598819e-01,3.174218721141836563e-01,4.920007774267903811e-01,9.441511395159015718e-01,4.798537725748322491e-01,7.268023513729514606e-01,7.318065143938762285e-01,6.264922178967807787e-01,6.937974100678349076e-01,9.364469919911134511e-04,8.038035179268503416e-01,6.233913863354185736e-01,1.608857716076603772e-01,7.327927170531801648e-01,6.912740619945412224e-01,5.895713470391547029e-01,8.666635853625650476e-01,4.599694767316855337e-01,6.759823303470700040e-01,9.525209436377753969e-01,6.733313251796814169e-01,5.128613807660308277e-01,6.256227487192174141e-01,5.998432606222406926e-01,3.442706644917815639e-01,4.050978092297591315e-01,7.088880579797848247e-01,5.334552433147539130e-01,9.721816335949761134e-01,8.491674845945974548e-01,4.654429310740655912e-01,6.877241504397438310e-02,5.252124240052654658e-01,9.078720150656136578e-01,5.599187931124969264e-01,2.555094522482871389e-01,4.991063948051042143e-01
4.708625717741968253e-01,9.308456507760962673e-01,9.151168912597456018e-01,9.365064000867855398e-01,9.800666735339353952e-01,5.608453541671120091e-01,3.386284578402607437e-01,7.859736464731481576e-01,9.111341938194408852e-02,4.861298950311138123e-01,0.000000000000000000e+00,2.809629654274212740e-01,9.516979512562961929e-01,7.571342960264105804e-01,-6.693025763701676567e-02,2.300051474571443086e-02,9.862937633798043446e-01,9.320044109276192090e-01,9.257713500254614036e-01,2.455031560525634537e-01,5.354436242176172644e-01,2.983378912459857535e-01,7.783944879212991719e-01,6.684646323045154714e-01,2.378096050872870459e-01,7.709981604781421805e-01,9.151441769546914129e-01,4.521988445082765762e-01,2.705430145006091358e-01,5.133183875848020827e-01,5.051773011915833278e-01,1.736604385631819181e-01,6.927484013049041156e-01,6.135854236081508262e-01,3.103761457981571437e-01,1.349088532132700774e-02,3.921049041754274822e-01,4.383974918956189404e-01,6.399985669905889907e-01,3.589376471569427629e-01,7.230687863771492196e-01,7.344548567842869025e-01,8.201386802858067204e-01,7.257506695102511340e-01,7.343136196751641753e-01,8.668807406382346148e-01,6.226751547363091888e-01,7.269092066874636160e-01,5.243763834986392425e-01,4.038141444368304467e-01,4.837467359345372642e-01,7.360376370644452493e-01,4.398955365247818050e-01,1.337661226345909504e-01,8.261156602739908594e-01,4.986045929423242873e-01,7.575783025020073058e-01,3.986737904997513793e-01,8.225745980012608705e-01,4.464479654038113199e-01,2.558465528079958418e-01,6.603410767153675698e-01,6.632923034223395797e-01,4.799860629043985472e-01,2.419002850501644208e-01,9.874484183840847029e-01,6.738300552116296416e-01,6.682570040538380329e-01,7.455544856705462742e-01,5.653806408518202709e-01,5.822811235296454502e-01,4.809556154256088845e-01,3.723230790215457109e-01,6.781621525621668312e-01,6.898918941637610658e-01,9.345222045066339245e-01,9.124036494185011614e-01,3.743787308175657857e-01,5.917181730635792114e-01,1.575414434587066870e-01,-4.818723755866699543e-02,8.281762917644130972e-01,7.321088816616349026e-01,4.447639603327479541e-01,3.309872782238579281e-01
-1.218262761309581027e-01,7.354026145690368832e-01,6.353698970795733647e-01,8.308037767131187801e-01,6.032338055753609929e-01,5.063785290529375649e-01,2.388288410621642321e-01,2.058568040986887282e-01,4.566398794222727431e-01,1.004976835972360844e-01,2.809629654274212740e-01,0.000000000000000000e+00,6.185541931360266643e-01,8.196124524380347109e-01,6.469755026341817983e-01,9.868150041778086523e-01,2.307904593170597152e-01,6.586399370174540469e-01,6.321177009709941785e-01,9.431838947887829505e-01,9.310310248853689297e-01,5.980118163236753936e-01,7.682041404391189987e-01,9.696882582814939644e-01,6.686623529966634338e-01,6.167433380076134952e-01,9.668013565697745060e-01,4.488490480265101001e-01,2.736764538134677238e-01,2.409259914499572997e-01,2.156303834760317784e-01,4.376680231127722531e-01,6.341915633963230992e-01,9.060860647629011000e-01,1.640724835192935438e-01,9.868755269538010289e-04,4.305898739131692743e-01,2.157257493798798720e-01,6.840085106079086819e-01,3.829162436205336695e-01,4.342898674005342685e-01,7.506547899855500194e-01,9.078557416911033906e-01,4.682607854245737222e-01,4.650719223374163991e-01,6.527554433496143282e-01,2.446819452993975741e-01,6.544685410356787525e-01,3.121757949019961231e-02,6.410371896359635668e-01,6.550351983492961327e-01,1.005576993009862641e-01,4.517499701231503240e-01,5.369218366047924240e-01,7.793567293360957882e-01,7.941016834362359944e-01,9.869208130307226545e-01,4.354178508159473049e-01,-3.506323718836495962e-01,1.589671464427861447e-01,2.678656569934660947e-01,3.963354185104088767e-01,5.731713085066076907e-01,7.346376333095600009e-01,7.047416441934571951e-01,6.505427257885917358e-01,3.809137299800331444e-01,2.598416352275763619e-01,9.555871441706105252e-01,6.728843645410026442e-01,6.614212620994226466e-01,6.169129822812414732e-01,5.247385671468156598e-01,-4.749745704689445347e-03,7.459822047917916699e-01,4.736658837115057530e-01,6.321956938848524166e-01,2.109942880113513941e-01,2.614363435894413445e-01,3.233258755156260822e-01,7.229592331314113052e-01,4.547873773405599618e-01,8.400053144672775529e-01,4.241042589662195050e-01,5.925752958379950641e-01
7.894797547370671076e-01,2.621413815170546835e-01,6.513695656510246623e-01,8.841701709543493548e-01,7.692081081457453617e-01,6.327006961715465616e-01,4.635423414291905408e-01,9.937010241867429983e-01,7.658257808456152560e-01,9.763617467037314368e-01,9.516979512562961929e-01,6.185541931360266643e-01,0.000000000000000000e+00,4.752936944446035650e-01,5.376258987421936864e-01,7.403351599789700366e-01,3.616285241636466030e-01,5.435193018986816949e-01,8.445652888249423063e-01,8.487507667539635481e-01,7.393283444586902231e-01,6.106923310423378881e-01,7.394665529945375626e-01,5.792678786980427486e-01,8.767531115326545610e-01,8.606015050825651658e-01,6.546674277191949498e-01,8.796816518303325338e-01,1.339248525030853065e-01,6.693774684849856937e-01,3.677645613952404968e-01,4.922825383155571832e-01,9.761452584002450195e-01,9.275651141618710405e-01,7.902241276246316226e-02,3.105803816533200257e-01,5.568023284824452634e-01,5.374695000662376154e-01,6.949029094790416528e-01,6.591098596842853707e-01,4.541732932871805350e-01,7.489004068668504432e-01,9.217549382422618454e-01,9.323530568582502065e-01,9.255853420662338849e-01,9.991469371017700496e-01,6.975031242494436068e-01,2.269137870109101951e-01,5.644345980696207077e-01,4.676044450872945402e-01,4.867742148323871421e-01,6.523804080450619214e-01,7.275041065771965521e-01,8.724207207029335276e-01,7.777600774002021433e-01,5.892869435342653617e-01,2.737271648607145780e-01,9.045387226783538903e-01,8.863546512395458210e-01,-2.744944074435290426e-03,2.687017053422469104e-01,6.545325241128150395e-01,1.064413434992287216e-01,7.131129304946040026e-01,7.160465036518708359e-01,5.714463786303862758e-01,9.385753573404908012e-01,9.028432516367265182e-01,7.095471477444055264e-01,4.452625852064801548e-01,1.458287048801547026e-01,9.252028666766818343e-01,7.912444628590116213e-01,5.108704913928872049e-01,2.278549355344601512e-02,4.355011593636741729e-01,7.385270684025831978e-01,7.388087958224131002e-01,1.192530432164434218e-01,4.034233395520349097e-01,7.162720851893734642e-01,7.357858324211451473e-01,7.902257686736087194e-01,4.980258736905937011e-01,6.156910373195032538e-01
7.046029150237689276e-01,7.857487613164846341e-01,9.203095467133197705e-01,5.949394768624876040e-01,4.913133159044069109e-01,4.966005782383857148e-01,2.296794896426125887e-01,7.576106892502769696e-01,4.488462107050436023e-01,8.897743011750173237e-01,7.571342960264105804e-01,8.196124524380347109e-01,4.752936944446035650e-01,0.000000000000000000e+00,7.153342429315512341e-01,5.210471828437839292e-01,7.699753939986939688e-01,2.929917083731498617e-01,9.197387350710981568e-01,5.689169835245717621e-01,9.112461758316000582e-01,9.285559695615759335e-01,5.936246512327699731e-01,7.558852460273103313e-01,1.958400243010481878e-01,6.893080810572039807e-01,8.535200670893863251e-01,6.495346577432576929e-01,8.083468392544930214e-01,2.589072626303235980e-01,3.892963591689254654e-01,5.620751953441877058e-01,7.469356154724274832e-01,6.073166624904718924e-01,7.192393390376251583e-01,2.740721453386243955e-01,6.965703415659020292e-01,8.260854827129707756e-01,8.024116761431652201e-01,8.266851945541270341e-01,2.023454833846025924e-01,7.530160149301212691e-01,8.305646294951454234e-01,5.963478192536620925e-01,6.444851455651070538e-01,6.084780358714634296e-01,5.327913294457408133e-01,6.961408352350646478e-01,2.214071639360712385e-01,9.319889472422314691e-01,2.852563394081820136e-01,7.586970179428228489e-01,9.038953605326054408e-01,6.751810134218948489e-01,9.992752215749939326e-01,6.004960383609220242e-01,9.073841912098813411e-01,7.804527945863893867e-01,6.650188815393645037e-01,6.312640271796193803e-01,5.700886864507446194e-01,9.839665703254627527e-01,8.486989210209057166e-01,5.206164861453643766e-01,9.596155057274901035e-01,7.289011434398227074e-01,6.755254493342156552e-01,8.629139974887579667e-01,5.110760167150011357e-01,6.224657604131555999e-01,9.332680683058995896e-01,6.768553114809585658e-01,2.729805321885075409e-01,4.419558143199367461e-01,2.081760433881930938e-01,7.798634972757542139e-01,9.395660851448363049e-01,7.053796403342936783e-01,7.515770066673320426e-02,5.920470812987610465e-01,2.692981100688490170e-01,6.346675648454631613e-01,6.127445903595601928e-01,1.073672647933695545e-01,6.098272548057931397e-01
8.236024661477699960e-01,3.108516872506947859e-01,4.911554309822611097e-01,3.746689739712712464e-01,5.596437444946158468e-01,7.202640994162461396e-01,8.130069443704798227e-01,6.439908120009366632e-01,2.416160904606758919e-01,5.491329409565874897e-01,-6.693025763701676567e-02,6.469755026341817983e-01,5.376258987421936864e-01,7.153342429315512341e-01,0.000000000000000000e+00,6.824193382791341467e-01,5.121030886624293732e-01,6.172178864469406445e-01,8.084401577741014977e-01,9.099701942160149937e-01,7.355870822224521710e-01,7.910635710262953202e-01,7.991298224551253160e-01,7.689521293690934067e-01,5.725518126225597193e-01,7.845029143516750736e-01,7.994531276642375950e-01,2.125063292967839523e-01,1.799866484356860141e-01,2.900258149391053974e-01,4.411728731793431724e-01,2.114320428520120032e-01,7.028290720300668371e-01,4.362163749946758040e-01,7.974896617588520531e-01,3.938462412723265915e-01,1.650382462509496218e-01,2.752983579972577699e-01,8.684607991967777663e-01,7.652820388004124563e-01,6.394258330098314680e-01,5.268373987114984836e-01,2.038599239218266690e-01,7.695532398095112914e-01,8.360649128317637624e-01,9.239761711365090946e-01,4.016238014814322854e-01,6.863625952656811080e-01,5.841795537946292693e-01,7.872555243863794683e-01,5.550983254713467430e-01,5.037467375979040041e-01,9.947788790327345421e-01,5.760495677421730853e-01,8.958848464561066649e-01,5.921583440023810985e-01,7.993713281913477076e-01,5.813877746777693645e-01,7.475482040970913289e-01,4.558948886086723884e-01,2.517289485999921750e-01,3.737975762107056399e-01,8.528730717928081351e-01,2.105298292594103005e-01,8.784856287212038373e-01,4.837674362378013154e-02,7.952274585809837593e-01,6.108367588487210176e-01,4.528131392940361599e-01,7.810150532855736349e-01,7.866885828071662479e-01,4.916600159552866334e-01,1.386823211439019987e-01,4.502134913012538209e-01,5.264594213905364750e-01,6.338101086858952682e-01,5.598102853756055097e-01,8.744362990478360409e-02,-7.734726812643012706e-02,6.283427954985216779e-01,4.118804861204328552e-03,4.742251828152346249e-01,7.810407489815849313e-01,3.763868351567918324e-01,4.532223713532422260e-01
6.333793284456713524e-01,2.500914054867740544e-01,9.690629259870657819e-01,6.181004404790138018e-01,6.329854699284420683e-01,6.772107727506562203e-01,6.443656726605453411e-01,9.715961649905052733e-01,-1.261693828903626691e-01,4.965525881050564250e-01,2.300051474571443086e-02,9.868150041778086523e-01,7.403351599789700366e-01,5.210471828437839292e-01,6.824193382791341467e-01,0.000000000000000000e+00,2.839516707217125679e-01,4.558882528602196671e-01,1.385319042260457212e-01,7.195915084686065333e-01,4.296193860186836022e-01,6.780942460082177436e-02,9.746966789913307228e-01,8.268944482976241517e-01,5.599072556177174809e-01,2.212392685716704777e-01,6.236744126151935186e-01,3.571856431417248512e-01,2.504710295364038775e-01,2.682581358991734666e-01,3.050852448938056183e-01,3.274402016575691521e-01,6.060080483605706503e-01,3.499007047547227911e-01,9.674757781402145707e-01,2.016472557368037266e-01,5.175147477109223182e-01,3.626262870953963491e-01,4.004746964868691195e-02,6.238793190843064940e-01,1.030125020649125950e-01,2.656571404288362581e-01,5.322397237762229727e-01,4.516728247369899418e-01,5.105260550050538804e-01,8.719511184279139515e-01,9.895936086914987051e-01,5.216534341668395136e-01,2.181958618050706122e-01,7.533232718359174074e-01,7.164593363036535489e-01,6.221964111839060063e-01,2.674560554953075986e-01,8.218489757383233840e-01,7.311576811423284861e-01,8.559754682541038662e-01,6.367916991313367081e-01,5.780551877886497270e-01,8.942635975190269537e-01,4.509425697435047176e-01,-7.462409355926727383e-02,7.593650056143850247e-01,4.369727773701562734e-01,5.020473057256559235e-01,6.224638719107237206e-01,4.123907869037040652e-01,9.606457839520142761e-01,9.523049429407175470e-01,8.791951463133995670e-01,6.869357814972897325e-01,8.440414407056884283e-01,3.897363246461386099e-01,6.131340608806118420e-01,5.860241974772411044e-01,6.919508604136466179e-01,7.965156751594220097e-01,6.994216055130855203e-01,6.685785495992900840e-01,2.194896535952748640e-01,3.458872888001675999e-02,2.306590897227388803e-01,6.603682571923744637e-01,7.443806679598592435e-01,7.320674555071827738e-01,3.241178839414533552e-01
8.572093145308098405e-01,7.511768762177672976e-01,7.699846823769046500e-01,4.072069150095511958e-01,9.150011885864696159e-01,8.477865601398826279e-02,4.919270535486612861e-01,8.861714203272873513e-01,7.958288010705392157e-01,7.744031422094794781e-01,9.862937633798043446e-01,2.307904593170597152e-01,3.616285241636466030e-01,7.699753939986939688e-01,5.121030886624293732e-01,2.839516707217125679e-01,0.000000000000000000e+00,3.911128472754685781e-01,8.976663920395665519e-01,6.540071111303831231e-01,4.400859963225509652e-01,7.778217518416636889e-01,5.582881181421615047e-01,6.109264082616686631e-01,7.056787180511466806e-01,4.813133222430577285e-01,7.979935167516329919e-01,1.363743870727260887e-01,4.929309474489939058e-01,3.303982582470230134e-01,6.305194019637367919e-01,6.381197222716598061e-01,2.547897238093483341e-01,7.487778476300458452e-01,6.029812439652416645e-01,3.559980671679011666e-01,7.030275881998324650e-01,7.993851065264367950e-01,6.273344576227237734e-01,3.286384130580698448e-01,3.160639191570843165e-01,1.484538614286731728e-01,7.889832921862578452e-01,9.706553760632741223e-01,9.118007763423613410e-01,7.289494887317895522e-01,5.981946430670705972e-01,7.130459489645746274e-01,3.474358462087933641e-01,7.039829037302846038e-01,4.245798538475195061e-01,7.700462183560905505e-01,7.785416295345175541e-01,2.164219391993329675e-02,7.569677795582625546e-01,8.686413725481825221e-01,2.955279277661836401e-01,9.250552742207017731e-01,4.958818200102649287e-01,1.620083845187142990e-01,6.063103040389987708e-01,6.449226655988931078e-01,9.340496076641947587e-01,6.703170078378842822e-01,9.505837871843880738e-01,8.596283077427762098e-01,4.649181705413665266e-01,1.980194807653742339e-01,9.548501414882722138e-02,5.346927607937732585e-01,2.130243427224133290e-01,7.506373695016227421e-01,8.220998390171646575e-01,2.109160600330876045e-01,7.911554860582583615e-01,4.390772339659891332e-01,7.512709267170012417e-01,9.422840960643557029e-01,6.576807173516736604e-01,1.462810312998638340e-01,8.114364545391312689e-01,7.195406802095628551e-01,7.688652515004226196e-01,6.484088315900909949e-01,9.641910693667259391e-01
6.880029993984811965e-01,4.548848758564715822e-01,4.968608231654733087e-01,7.047582640089306016e-01,9.017260515675352694e-01,7.376494531019237577e-01,5.639158114907982799e-01,7.960474290111894113e-01,4.325794814906327446e-01,9.903756608710080345e-01,9.320044109276192090e-01,6.586399370174540469e-01,5.435193018986816949e-01,2.929917083731498617e-01,6.172178864469406445e-01,4.558882528602196671e-01,3.911128472754685781e-01,0.000000000000000000e+00,6.319176219486909440e-01,8.059723955869905199e-01,9.741111995048594707e-01,2.531285844742079960e-01,7.723967410113862231e-01,8.556912571454757810e-01,6.002697246159727218e-01,6.180768504075490055e-01,8.079548675022726334e-01,5.149997598992647196e-01,5.019564087729114776e-01,7.495067377946403875e-01,3.065422688986360056e-01,7.024619408924804853e-01,2.740812517012513605e-01,8.070951045920865541e-01,4.575987516767658358e-01,7.542834275873874228e-01,2.834375298491766948e-01,7.332309987662626316e-01,4.270201736817507143e-01,7.688396804439163734e-01,1.662766166220839004e-01,5.193406538678286832e-01,8.456600319875664518e-01,6.430812542820073530e-01,6.727922942225663672e-01,3.299666751660155217e-01,5.131807661682143973e-01,2.491816162540224366e-01,2.982193405807044284e-01,1.864101938412878745e-01,1.004840739959883822e-01,6.425764212050126822e-01,3.708786604456918989e-01,8.716989136043591380e-01,2.983248671084464121e-01,8.772068521728212387e-01,7.343558567110944901e-01,1.581954649617414721e-01,5.141784480417256331e-01,5.516890092538504486e-01,3.770763709495733584e-01,3.366982098162998871e-01,6.432192121498168103e-01,9.306266630231877501e-01,8.208329034651222766e-01,3.186698987141772799e-01,9.039159987550472453e-01,8.465531216109223323e-01,3.991661279408592611e-01,6.604358375161870631e-01,8.536860136936276211e-01,6.082298285766093437e-01,5.286905095760134898e-01,5.618928861141276876e-01,4.230376709749501529e-01,7.442613333284052723e-01,7.755674250934809777e-01,4.854645563807206132e-01,6.524564607517981951e-01,2.143403306308704417e-02,2.218816121793366070e-01,7.025127681808365221e-01,9.816768010440390935e-01,4.137260955293439735e-01,3.910127374678437073e-01
