0.000000000000000000e+00,9.218941461926927206e-01,9.011639846791197339e-01,5.738161024092766072e-01,8.164890202183739953e-01,8.939757778783806730e-01,5.372673517033765833e-01,9.151736113261996763e-01,5.734196070544353985e-01,7.484427670658027054e-01,5.383758671253076056e-01,6.345170040297902769e-01,4.576536550462109165e-01,9.057420197285328545e-01,7.315022463212130788e-01,6.645281235645943418e-01,7.919483261093875903e-01,5.027611875155247878e-01,9.335664101636163004e-01,8.296891824959514716e-01,5.141474072859253397e-01,4.667618438016977733e-01,7.634248257883488042e-01,7.220768334884253292e-01,6.478957127203230915e-01,6.473125098114377307e-01,7.970416382925132881e-01,6.321121269036837909e-01,5.706885330341233686e-01,-4.331421612459973591e-02,4.310544496495626876e-01,6.284154272474121727e-01,6.603468238966537784e-01,7.690750481199994937e-01,9.120782225775679875e-01,1.963038182357774997e-02,2.111937002502534966e-01,6.813848497475593069e-01,7.730243754230030628e-01,9.578452998367039672e-01,5.816283384678567758e-01,7.638684883509089252e-01,9.289194599316201728e-01,7.898224438400605063e-01,7.755819828265018145e-01,9.708095995816093948e-01,7.433164919369248391e-01,8.003669769167480741e-01,9.919668485785164691e-01,8.545612435651491756e-01,6.265596485368942758e-01,7.550196754418736500e-01,5.773355842591468834e-01,5.458174523289074376e-01,7.998672099280825787e-01,8.754600894389029664e-01,3.536324349199400086e-01,5.705745449380013046e-01,9.551426498520627639e-01,2.754748888610222268e-01,4.098500699334508002e-01,7.110595824298926448e-01,9.602322304727899382e-01,8.284917711137959051e-01,8.259064464974761322e-01,3.936546512886841542e-01,7.996480055700381229e-01,9.365435541808413422e-01,9.770004732009498483e-01,7.165750785976747472e-02,3.810596772571538393e-01,9.085739651737197997e-01,6.402960913619647476e-01,-1.735114156328940171e-02,9.576908391658297548e-01,6.359254664163286330e-01,4.265846522799873197e-01,1.081630379432381855e-01,3.258717979689526034e-01,4.050221601625259016e-01,7.796984984220138859e-01,8.799532105703975482e-01,7.010600849336726670e-01,6.117318334498503818e-01,7.395889067518167659e-01
9.218941461926927206e-01,0.000000000000000000e+00,7.701536108403248537e-01,7.443834408234293321e-01,8.475076804840034894e-01,8.364859037608213255e-01,5.504931491141273892e-01,6.755817600939452161e-01,-1.057841528986350477e-01,8.755521920825554139e-01,1.628951358107211256e-02,6.080028304155572494e-01,4.514943296588890265e-01,5.370306781103952876e-01,5.013145614532006356e-01,5.062478930008840368e-03,5.112260657007176023e-01,-1.397281905591548634e-01,9.026353704005604106e-01,4.584344935961353618e-01,3.266340120701303196e-01,7.054637617503788372e-01,9.429351096312540426e-01,2.446558499794581343e-01,5.526915435596220505e-02,5.422682732240230452e-01,5.794712096629041076e-01,7.149581542883912677e-01,7.229631704676162673e-01,2.632756906205279135e-01,5.494562788092586247e-01,4.028174099788796036e-01,4.741317376107388459e-01,8.126083209851477918e-01,5.991168862174997001e-01,-1.810719549095252678e-01,8.128029163767758192e-02,4.417242615229541314e-01,9.916216048210361178e-01,7.903499633278887604e-01,7.570539491198285953e-02,4.987507757240278727e-01,6.015465932073886801e-01,9.575197513143468564e-01,9.476274177301797774e-01,7.512883022943357414e-01,7.912980721334196277e-01,1.960426515396478109e-01,5.222163405214110821e-01,7.399266434049018848e-01,3.909986748428303516e-01,3.758717224000560075e-01,1.255926714842444392e-01,4.852836443747846062e-02,7.800357340546285601e-01,7.373053707911952914e-01,6.274344041909325487e-01,8.175111586170472622e-01,4.423206570591689535e-01,5.297352952212458499e-01,4.911502206644519641e-01,2.558264046715993945e-01,5.218120125582166313e-01,9.175299045966935907e-01,4.904628042149526412e-01,8.105854337095451667e-01,6.251438695042502713e-01,8.468623964359077716e-01,4.937933022024567631e-01,5.498361559347469951e-01,7.512429945496533756e-01,9.640844012859932644e-01,3.144588713061476359e-01,3.716665338660606888e-01,4.445029221702593847e-01,6.752477400009027075e-01,6.148213563339417487e-01,6.441094264060900354e-01,-1.786616341484642823e-01,3.734374144621420144e-01,7.189740317288779714e-01,2.160331521350580819e-01,3.381308854527249608e-01,5.873155768916811237e-01,5.512751880571747920e-01
9.011639846791197339e-01,7.701536108403248537e-01,0.000000000000000000e+00,9.421557870815601143e-01,8.971402955633251963e-01,7.380887269759908165e-01,4.547296775252225309e-01,4.495842919691978024e-01,9.789254005228151811e-01,8.974758219124163716e-01,6.719993882151313880e-01,5.862861647485313465e-01,4.070693945079437714e-01,7.423905720900282335e-01,4.893354238247131782e-01,3.973677419685923695e-01,7.277235233278824822e-01,9.898473745863110018e-01,9.059051779526789971e-01,9.718075278672422268e-01,5.878671787534252013e-01,9.216626244690682146e-01,9.999988418647609567e-01,8.689263137224668698e-01,5.394892636173959088e-01,8.255714968728106173e-02,4.935031543569267098e-01,7.781617318901312697e-01,5.396555398940451331e-01,4.010709682272479149e-01,5.777366278938085298e-01,8.706330589757862448e-01,7.213008059457464149e-01,7.871420262575957727e-01,8.428159980688323394e-01,1.732265931969191319e-01,6.945380962061017405e-01,3.961767484979704657e-01,9.359695599634551000e-01,9.235375508517600363e-01,5.311642448225901703e-01,8.602054302177435385e-01,7.760533852012709843e-01,9.112688435532237952e-01,2.817389494852074461e-01,4.613145955666481113e-01,9.300935913394572374e-01,4.018318481311949353e-01,2.583062874589475144e-01,8.000237063540012183e-01,6.734812012310212870e-01,6.255262858033900919e-01,8.430991709970410142e-01,9.325859678120700380e-01,3.685321571799964335e-01,9.266071604497486680e-01,5.785947437620357903e-01,6.747921129357550285e-01,5.902743457361427915e-01,2.218829510119524895e-01,7.953650077892211456e-01,1.680231185838497454e-01,7.282297134059687593e-01,5.338246918618244630e-01,6.573315364372539493e-01,7.650064950819244203e-01,8.413975677852986168e-01,6.092315021479429715e-01,9.830818427977714435e-01,4.176755727310891841e-01,3.231332644661073505e-01,7.650132553663959722e-01,6.143397702732220633e-01,2.322403477010356876e-01,7.667478322849463623e-01,6.309938567233799311e-01,2.551440121473351197e-01,9.459315418619174132e-01,2.784322404593500555e-01,2.293489938867958045e-01,6.729932869644885685e-01,7.365048485504805953e-01,6.582114123264777295e-01,3.264110795786482333e-01,8.995746245922311424e-01
5.738161024092766072e-01,7.443834408234293321e-01,9.421557870815601143e-01,0.000000000000000000e+00,6.663383821462438572e-01,8.599812995498619106e-01,2.299680835552534997e-01,6.710832596833113950e-01,7.738592335872087613e-01,6.850717141380380237e-01,8.468942717579006629e-01,8.687246874518773643e-01,4.077447700226555227e-01,8.788484357170844863e-01,7.376381305881101191e-01,7.852832927483108794e-01,9.852356104874021581e-01,6.835886039296529271e-01,6.549299165214269580e-01,6.620574380820800631e-01,7.000036190570035899e-01,9.411496892824794402e-01,7.766496877241001462e-01,6.500874180047613304e-01,5.107228201273728008e-01,4.041783650244951676e-01,5.214718492278390682e-01,5.317386187713566414e-01,5.107840845866226109e-01,3.580496706149944863e-01,5.438269843362525391e-01,3.365047497016268596e-01,2.931595992103716020e-01,8.282139564689149358e-01,6.143242619768864987e-01,5.413943125944654655e-01,3.514245382056513378e-01,3.826557880004490819e-01,6.975494670032992284e-01,3.934538208134185089e-01,3.797115412940581941e-02,3.606260231439730735e-01,4.308439490174620912e-01,9.063739738401372925e-01,8.168631869534310752e-01,7.698458110808180654e-01,8.739482841355479259e-01,3.475439670140715864e-01,6.651547800892758655e-01,8.406820324588877291e-01,7.767812002909579849e-01,9.024396219190228274e-01,6.265244289426722402e-01,3.414886538084451750e-01,8.222498081016277327e-01,6.487324179735799445e-01,7.785067296501355649e-01,4.673315976288442974e-01,5.521858867017550576e-01,2.774401256090773260e-01,3.674468726083741643e-01,6.756660773679297183e-01,9.514965882102367489e-01,4.202096041279209659e-01,6.041768246781437091e-01,7.475861153918634816e-01,4.625283566587716777e-01,9.200873164106961877e-01,7.495965174886523030e-01,9.142056061239113296e-01,9.188743446514365809e-01,6.610622783364633603e-01,-6.996601506191246767e-02,4.343668468621126877e-01,2.154310368337482573e-01,6.580276977091285007e-01,6.435071817204783828e-01,3.533547844714816089e-01,1.985839994801903985e-01,3.325456981917431776e-01,6.753514919602654487e-01,6.380506066499196383e-01,7.242574990284593728e-01,2.755514039171398921e-01,6.733329566029252478e-01
8.164890202183739953e-01,8.475076804840034894e-01,8.971402955633251963e-01,6.663383821462438572e-01,0.000000000000000000e+00,6.146226109028186668e-01,5.092250653548007211e-01,6.217477248869126560e-01,7.791306253565275508e-01,8.880928990706252746e-01,7.677893714547266990e-01,5.561252412232083886e-01,8.042022273579022551e-01,5.490364438066055452e-01,4.625090956015730503e-01,7.450610124368844955e-01,6.372823425272927667e-01,6.527308162894061017e-01,6.646315576265782177e-01,9.117604209368003199e-01,7.150620805680534264e-01,9.568734678644104097e-01,9.505385433618607216e-01,4.427930962560551187e-01,1.405363034803473049e-02,5.899358941860610717e-01,9.570484448565088620e-01,2.582753238159541387e-01,7.830217230073740486e-01,3.939618828584759425e-02,5.113638744163483407e-01,5.702459220179858512e-01,6.325984212718953614e-01,5.328209197314668355e-01,4.468614142735549133e-01,1.058890812041780871e-01,8.026166747252561073e-02,6.555459090179166504e-01,8.195540027542838057e-01,6.365619435646846513e-01,6.850529113073754450e-01,2.719971346731424600e-01,9.036107093953572589e-01,9.846567364651581666e-01,8.170181008733962136e-01,4.448640097615449984e-01,7.642386194477465144e-01,6.953926858264829480e-01,7.878704852950584314e-01,6.562165004107290978e-01,6.078505235339294321e-01,7.066926612577583144e-01,6.076535296665181995e-01,3.898062909477928439e-01,5.003560745690314171e-01,8.411622861125298556e-01,1.394912362682311502e-01,1.384361374834990055e-01,5.115376117178550563e-01,2.265863025988855972e-01,1.236438321921033145e-01,3.293438637239581163e-02,3.394338779367940817e-01,6.674978771218806894e-01,4.347027794054405536e-01,4.192687540850808525e-01,8.701530401649973934e-01,9.298049740361358229e-01,4.180446591237737541e-01,9.691321237554978429e-01,9.511667559062834121e-01,6.760842070949549809e-01,2.511204689697928982e-01,3.369348307973507040e-01,7.491156004725599837e-01,6.658640650332046107e-01,4.943119874636496824e-01,7.980981917122542679e-01,5.648130535417253961e-01,6.709546357759179624e-01,5.422148959363799481e-01,6.339128473186310675e-01,6.675710243859380721e-01,5.620310359325972893e-01,7.836378658128012598e-01
8.939757778783806730e-01,8.364859037608213255e-01,7.380887269759908165e-01,8.599812995498619106e-01,6.146226109028186668e-01,0.000000000000000000e+00,5.230318432624559977e-01,3.058474266733470781e-01,6.590266719855251143e-01,2.844198199375765901e-01,7.685736126547751956e-01,3.423484237299999622e-01,8.131177809796364953e-01,9.556642657010399056e-01,6.528623851753616592e-01,9.180245043195388588e-01,4.975094632737785405e-01,7.773243063821135834e-01,9.820719040512569942e-01,4.610639359097610246e-01,9.737372302959899084e-01,6.401397427069340784e-01,4.220493901709090889e-01,9.309288890268371253e-01,5.210008935795916729e-01,6.441597735613088238e-01,9.109711335001082766e-01,6.293572506025554292e-01,7.255353730243172539e-01,7.957861334851517032e-01,4.875829492080622218e-01,5.660352098306429269e-01,6.866326891119166609e-01,7.111895952140501187e-01,7.066567898612888809e-01,3.186330593355384821e-01,-4.763771772009184335e-02,7.895821630020437576e-01,8.582057968755161248e-01,5.971541317751668521e-01,5.720047818022412356e-01,7.462327021828295548e-01,8.456172365218174169e-01,4.157311389910952060e-01,4.586999980222970508e-01,5.551733353630535772e-01,9.423039640797225003e-01,5.305672165031992682e-01,6.040138613412571189e-02,5.811941912649785102e-01,5.279455068733289735e-01,6.549720165441781372e-01,5.175710178422241459e-01,-4.687943449158532561e-02,5.185039395245805149e-01,4.396384273907587015e-01,5.839668209211167360e-01,7.740193460320647922e-01,7.226694911116988695e-01,5.868064339822115505e-01,5.662740005975855917e-01,3.559058796971381611e-03,3.607634429408297372e-01,9.541554539609533592e-01,5.781402139663092132e-01,3.496544513527714004e-01,4.091075182587335379e-01,5.829260097616495440e-01,9.508522060031487921e-01,5.490994096596997220e-01,8.668960427786094325e-01,5.775048151182275991e-01,2.411069531793391396e-01,3.281122884247762994e-01,5.431468381363012687e-01,6.476355890591729836e-02,4.956027767972789877e-01,9.081642231495100637e-01,6.339634287946704916e-01,8.045801253836565303e-02,7.037567793792749438e-01,9.987045854915683751e-01,9.970440564462592636e-01,2.589150002009467100e-01,8.370187204208847653e-01
5.372673517033765833e-01,5.504931491141273892e-01,4.547296775252225309e-01,2.299680835552534997e-01,5.092250653548007211e-01,5.230318432624559977e-01,0.000000000000000000e+00,3.350732496542406791e-01,5.957628125765435795e-03,5.390605436090676328e-01,3.268964775691874936e-01,6.325212965138301557e-01,7.454149435670683888e-01,7.637762259640107354e-02,4.389811996207293454e-01,-9.997942199171300226e-02,5.357842780286545814e-01,6.139471750646579018e-01,5.177453050268260304e-01,7.628637929745542001e-01,9.826241386628459251e-01,3.167573412675471767e-01,5.402919864203384881e-01,8.773708508059693267e-01,5.604502477825028528e-01,5.415351045920041573e-01,3.739429328685260900e-01,7.312970135759622181e-01,4.114366463715093403e-01,8.774258621261295243e-02,5.786366674025292811e-01,8.283015155244056738e-01,4.580902977908805074e-01,2.854854375540178402e-01,7.147358313661059670e-01,7.577548064588230936e-01,3.309845927966039714e-01,7.268804175736166551e-01,8.145885039602722699e-01,4.478867320773929350e-01,4.595166452245771360e-01,5.836272820807300032e-01,9.600011181670660143e-01,5.858029290652009419e-02,6.355921053337199034e-01,7.470616680528110454e-01,4.738777018454374823e-01,4.445284640703325296e-01,7.731997617162235104e-01,5.483333078491767765e-01,6.971066009926925044e-01,6.316591453597473205e-01,7.564424316423838945e-01,5.250541964616352031e-01,8.002645233130055713e-01,1.334591470957209418e-02,7.530316226730667806e-01,4.450328720455719589e-01,9.901696170736680180e-01,4.502937376365211963e-01,2.077427824267849277e-01,7.710685860901008715e-01,2.804532556625358719e-01,6.076635866449104917e-01,7.230589572178206526e-01,3.486125712368772778e-01,5.731375610861281222e-01,8.918585384878726652e-01,9.936171414064050300e-02,2.787960762026930328e-01,4.390140693272742145e-01,4.891459677577366660e-01,4.203848014771577324e-01,4.792375857803496397e-01,5.489845044600550894e-01,1.749564211933630764e-01,6.605315528854486251e-01,5.250813821530435632e-01,-1.621428781804348795e-02,5.829303090298718765e-02,4.256951543402063276e-01,7.942921653167495100e-01,4.076266685596566797e-01,3.946534337074124599e-01,2.904734095740198196e-02
9.151736113261996763e-01,6.755817600939452161e-01,4.495842919691978024e-01,6.710832596833113950e-01,6.217477248869126560e-01,3.058474266733470781e-01,3.350732496542406791e-01,0.000000000000000000e+00,4.632547161123247159e-01,4.034135399175233783e-01,5.846644410242487488e-01,5.338238116767023422e-01,7.688507593185663902e-01,7.603523829288587610e-01,7.544303838356496428e-01,5.164422767014116289e-01,1.361621430101445374e-01,9.302360244088795360e-01,6.170824173270706980e-01,6.605282890396385609e-01,8.750969621052597791e-01,7.434241178433108610e-01,4.981484720998922144e-01,6.599577019708144920e-01,4.132667534408708265e-01,7.705089904923084765e-01,6.199886690822916657e-01,6.313134007024669980e-01,5.460096631519386623e-01,3.081965785740212183e-01,4.122743030369796502e-01,2.900423167024229754e-01,7.354537100698297358e-01,5.034132946124955099e-01,6.702145014251269517e-01,4.271607619480419782e-01,2.878329886954538175e-01,1.823220659636191204e-02,6.971597966446729799e-01,6.951110478718981467e-01,2.663837637017335558e-01,4.434581441567026494e-01,9.757884157839799011e-01,7.069438749782163134e-01,6.837856446704921876e-01,9.503418156103780046e-01,1.274733439869634999e-01,7.070665732734097153e-01,3.656666708356122175e-01,9.302333586642496099e-01,2.589553880095180616e-01,5.183436886687178280e-01,5.917663054436215209e-01,3.882151677013018221e-01,9.413634618983455216e-01,1.645795792758852072e-01,7.285126216684237876e-01,2.788528169293882919e-01,7.576653587729091921e-01,3.094241560344231368e-01,5.770294426368208773e-01,2.609802482239167443e-01,6.251080209462221982e-01,9.346699825115506455e-01,6.629458977023335864e-01,5.207628900756382517e-01,7.589979896815142180e-01,8.657782405583229757e-01,9.702155997269374943e-01,9.982877915158162585e-01,6.126960121246038948e-01,6.143714135225692985e-01,7.254907034163576851e-01,5.328643945546412963e-01,6.393755707984994929e-01,6.945899429540836056e-01,7.053312607877028073e-01,5.278366482077212485e-01,6.411444433175098045e-02,2.133164604518054397e-01,3.841493268111084713e-01,7.690796880362326116e-01,8.826444162038277197e-01,1.351607403334310065e-01,3.598068936466323198e-01
5.734196070544353985e-01,-1.057841528986350477e-01,9.789254005228151811e-01,7.738592335872087613e-01,7.791306253565275508e-01,6.590266719855251143e-01,5.957628125765435795e-03,4.632547161123247159e-01,0.000000000000000000e+00,7.768722644775627462e-01,8.087398093895757922e-01,5.682733392734445887e-01,5.599396987136717740e-01,-1.307586651373989772e-01,5.168497434450446404e-01,5.894978320426548235e-01,6.266419452943550357e-03,7.153470967093934485e-01,6.267395505304170777e-01,7.179939193995980018e-01,9.258196950091522881e-01,5.237022709650900332e-01,2.358573543290071739e-01,8.456166207828897941e-01,7.807924785491400232e-01,5.354729760215070078e-01,7.660176949646029243e-01,1.440748230601573421e-01,5.735541479720144276e-01,7.923913974076668421e-01,2.845311933168837015e-02,4.034784605623596421e-01,3.913479221942071651e-01,5.105923325043703054e-01,5.460268928127978150e-01,6.435685615004582694e-01,7.665974982993094544e-01,4.647024602886951072e-01,7.356419420633484307e-01,9.526676615537561510e-01,2.182753587132013340e-01,3.981635022569086635e-01,6.960250832679146793e-01,9.309690807964776660e-01,8.587744729636996865e-01,5.134396617529538576e-01,3.475929831665484082e-01,4.444401216221119943e-01,2.474658959078308573e-01,4.584742430408184077e-01,4.940606419525571114e-01,1.317461393300258833e-02,6.057001593398538830e-01,3.519055848489622274e-01,6.053446024652029411e-01,8.528373948289555972e-01,5.879130367363728515e-01,8.340463266133234521e-01,4.308901378259941684e-01,2.730666650432140852e-01,2.012711897333681055e-01,6.668721118546931947e-01,2.198100481729945155e-01,7.438648740493224443e-01,6.669898946845642662e-01,2.937376046178692413e-01,5.170265368785474935e-01,5.619621866198543092e-01,4.632581962362128936e-01,3.189440114196991916e-01,6.056103757316185776e-01,7.641030434926386894e-01,3.049687129898849269e-01,8.368956331605825749e-02,4.387944345356337150e-01,5.822697438347199661e-01,7.181531831516364539e-01,7.788058764804556278e-01,2.155041743029162959e-01,3.253229255764565897e-01,3.188524117708561034e-01,9.088373680552199740e-01,9.589446256092674092e-01,2.738192183418710068e-01,8.006814268059698758e-01
7.484427670658027054e-01,8.755521920825554139e-01,8.974758219124163716e-01,6.850717141380380237e-01,8.880928990706252746e-01,2.844198199375765901e-01,5.390605436090676328e-01,4.034135399175233783e-01,7.768722644775627462e-01,0.000000000000000000e+00,9.896775100623071975e-01,6.610682266672296414e-01,7.887184811074369195e-01,9.281955129173616870e-01,7.942387246634730058e-01,8.320668092613021649e-01,7.278698536632268734e-01,4.488903596685329123e-01,4.353509245522493298e-01,8.180434738973064723e-01,6.477396700219493209e-01,3.138581842164782643e-01,1.217291686576305321e-01,7.275624704801948450e-01,5.415658934190912266e-01,6.051092929388570685e-01,2.793234233228070185e-01,6.579987658572554743e-01,6.316015957831884187e-01,4.741027079370753183e-01,2.254808331868806415e-01,7.108140490133518785e-01,9.107272087448452513e-01,9.759297322474654868e-01,5.501725985872150115e-01,7.593692707774057915e-01,5.453852535768206611e-01,6.844299994552642818e-01,5.922196896098746999e-01,7.521348674212184893e-01,7.395126491011972947e-01,5.554616223574708744e-01,8.412821380700458151e-01,2.177163301065500600e-01,8.918561306220724738e-01,5.761584052515282828e-01,5.995439898890959629e-01,6.743618049345677656e-01,4.028703675239324600e-01,5.016804656052722411e-01,3.420450299587499132e-01,6.011969974619706392e-01,5.643899254299391544e-01,6.616379578548619023e-01,5.311213004818482464e-01,4.092618350631364033e-01,7.604867300734212687e-01,7.878661776604642952e-01,6.265641143164546456e-01,7.241431593510944120e-01,-1.986699185565373171e-01,4.344858538463406417e-01,4.500639194274245747e-01,7.453392947994861295e-01,9.387993620556174257e-01,9.226093129373995616e-01,4.390777225546368401e-01,5.931591890533530753e-01,7.565612902205050005e-01,3.567466213578380230e-01,6.544431431628007223e-01,4.067937479833320658e-01,4.558123592877239560e-01,3.377154475895145780e-02,7.806915032807324462e-01,8.693926730117027546e-01,5.863247504302278035e-01,5.044602966129824173e-01,3.239435117434155686e-01,3.279797608956079302e-01,2.676129986402965844e-01,4.917618870568909450e-01,8.686918328976209747e-01,5.597744771125852115e-01,7.541710676387701762e-01
5.383758671253076056e-01,1.628951358107211256e-02,6.719993882151313880e-01,8.468942717579006629e-01,7.677893714547266990e-01,7.685736126547751956e-01,3.268964775691874936e-01,5.846644410242487488e-01,8.087398093895757922e-01,9.896775100623071975e-01,0.000000000000000000e+00,6.363069852153031558e-01,6.024718409036500244e-01,6.080436117726161216e-01,8.793510937190297527e-01,7.657429070590745512e-01,8.686608871742826921e-01,7.362677846662252223e-01,7.994102179755675774e-02,5.698443989178334501e-01,9.605389608302108417e-01,7.138860171918245401e-01,8.801583998703271794e-01,8.510159156772566513e-01,6.938137692616686003e-01,5.642113126632972847e-02,8.250973401893612058e-01,6.714064373672863351e-01,3.981517528292097818e-01,3.858755913982976349e-01,5.957670759851070308e-01,5.344809833780030939e-01,5.751268157003966985e-01,7.399618491269029930e-01,2.357929704589457054e-01,2.946990083122697501e-01,5.749684558126291201e-01,6.462131387579346242e-01,5.597198816126491838e-01,5.014622936277494114e-01,-1.693674961355449982e-01,6.245699348772776327e-01,7.980526561985967771e-01,7.257681324293612235e-01,9.458176220815455171e-01,4.967549724094593167e-01,8.519526393473731973e-01,-1.218077214870141728e-01,3.877407212313845886e-01,7.645131097670436748e-01,5.441175404380587111e-01,5.413329148840277938e-01,6.447656560811267923e-01,7.986660143927551969e-01,5.019156750646813769e-01,4.729024216107789447e-01,7.939747545055086952e-01,3.510552416598787806e-01,6.978921664936318381e-01,2.680691800956529480e-01,5.692978899881475652e-01,7.107115674341082379e-01,2.268574639006256388e-01,6.156128055106215857e-01,9.792284099822818888e-01,9.091845176136851281e-01,3.437915483611143630e-01,9.646067026171261105e-01,6.521590808057368127e-01,8.831393345291459474e-01,6.184225939103729086e-01,3.820741782506832385e-01,4.428664969189926026e-01,4.766286901124138220e-01,5.712167150714885233e-01,2.860733308610616255e-01,7.707261216154743799e-01,5.635353895238119915e-01,5.458745550286080439e-01,2.876365076747720018e-01,3.878136376555900711e-01,7.359111703339156207e-01,5.258641736083705664e-01,2.109388096954848968e-01,5.127719238135910462e-01
6.345170040297902769e-01,6.080028304155572494e-01,5.862861647485313465e-01,8.687246874518773643e-01,5.561252412232083886e-01,3.423484237299999622e-01,6.325212965138301557e-01,5.338238116767023422e-01,5.682733392734445887e-01,6.610682266672296414e-01,6.363069852153031558e-01,0.000000000000000000e+00,6.341545574145786013e-01,6.148837330715993810e-01,3.673177262657953412e-01,9.720950022467150786e-01,8.588464067563781335e-01,2.720305852779136835e-01,6.115147714558284431e-01,3.587116751188860753e-01,8.463955529494141539e-01,2.708055572500931429e-01,6.291116117185235890e-01,7.801116893468009739e-01,5.128961154174845882e-01,3.317811642011766482e-01,8.326360575259899033e-01,8.812659930707839040e-01,3.223114772132579242e-01,4.204922541339831676e-01,2.497071840662598574e-01,2.112369103488625499e-01,6.953704860075367311e-02,6.649035817875509347e-01,6.505934818466426739e-01,4.681824438792299148e-01,4.786829267623656792e-01,5.162074115253156847e-01,5.826914513056299372e-01,8.327857854796369974e-01,2.504651763115624541e-01,2.414442915022461944e-01,6.541201180251626779e-01,7.719436704478013223e-01,8.314020532288222132e-01,5.105703856130316964e-01,7.047970404340246908e-01,2.328082524636669037e-01,7.852808995268480974e-01,7.423332467274652569e-01,3.343540072389263873e-01,2.287820891538671908e-01,6.690173492900743923e-01,2.126202418091457935e-01,7.861178531616559439e-01,6.690118723724653993e-01,8.540697216964782124e-01,9.523500318400606179e-01,8.074366882367075560e-01,5.050696830170814389e-01,6.768234990586614597e-01,5.776239615179248332e-01,7.218427078605331726e-01,5.750467308270378330e-01,5.042102464842480591e-01,9.727668607316324323e-01,6.998284026768321064e-01,9.562451995483278733e-01,5.634491415403212189e-01,6.658603715282749302e-01,4.647843501619717266e-01,6.579766010789001029e-01,4.763402367031723816e-01,5.714008095880240834e-01,5.295238509674657923e-01,9.421220535546168673e-01,8.918474214664661170e-01,9.406911766145588105e-01,3.793284304822540642e-01,5.390239816753028546e-01,4.138500551242998426e-01,6.652832740179426274e-01,9.890042079631127248e-01,2.053600198401942800e-01,8.341088651833580281e-01
4.576536550462109165e-01,4.514943296588890265e-01,4.070693945079437714e-01,4.077447700226555227e-01,8.042022273579022551e-01,8.131177809796364953e-01,7.454149435670683888e-01,7.688507593185663902e-01,5.599396987136717740e-01,7.887184811074369195e-01,6.024718409036500244e-01,6.341545574145786013e-01,0.000000000000000000e+00,8.567334209750597784e-01,6.390097247793947721e-01,5.317699988941014810e-01,5.890984464723998393e-01,2.105176129668657192e-01,2.635425323178327006e-01,7.368303354703431562e-01,8.123704839644021458e-01,5.236661547037716469e-01,9.189259537507640241e-01,8.821846465275079430e-01,1.429350097755430204e-01,7.215328007144385936e-01,7.984768789917042753e-01,5.941969003453685394e-01,3.482188430538467050e-01,7.447658636087476358e-01,5.113880675119996111e-01,4.564394599203966951e-01,9.309464123660494694e-01,4.175092375529853017e-01,9.296610577895412231e-01,7.764250612614849445e-02,3.429005316032009976e-01,8.072647105395790446e-01,8.215414867489422290e-01,3.305739249623497189e-01,5.277509074460816629e-01,7.273861278573410249e-01,8.337994871768563687e-01,4.142724484658218409e-01,2.387980699790747396e-01,4.722635640151150449e-01,3.397181553703785828e-01,8.775638862193118062e-01,8.410892978070573234e-01,7.580961464953114293e-01,7.475013940584110950e-01,5.509457388423860680e-01,3.071662086772837252e-01,4.818659844366677825e-01,6.337271250235239073e-01,2.045972268863568144e-01,7.997588882426766022e-01,9.008881365720199375e-01,7.069405590371371506e-01,3.949768986607878896e-01,3.535857311703914929e-01,6.893512794460813220e-01,1.203997204250277855e-02,6.383247519878108012e-01,8.116969995178431319e-01,6.533043218186098677e-01,8.797651202434400020e-01,6.627370132993453122e-01,2.639119472219281226e-01,4.319021515928213040e-01,9.239402110250055644e-01,6.003412862962718144e-01,-9.843714425058260054e-02,5.990434821716466018e-01,5.456851078604365579e-01,8.157946633035459971e-01,6.564640207499389257e-01,8.298422580310012009e-01,5.374435736338083469e-01,-1.460189936042127212e-01,4.458669484490198065e-01,6.734827593135920276e-01,7.702291786829120745e-01,5.088150171421952361e-01,5.829234958660747257e-01
9.057420197285328545e-01,5.370306781103952876e-01,7.423905720900282335e-01,8.788484357170844863e-01,5.490364438066055452e-01,9.556642657010399056e-01,7.637762259640107354e-02,7.603523829288587610e-01,-1.307586651373989772e-01,9.281955129173616870e-01,6.080436117726161216e-01,6.148837330715993810e-01,8.567334209750597784e-01,0.000000000000000000e+00,5.961995287940190513e-01,7.398478710078033593e-01,4.387967527909222287e-01,2.381762090132242271e-01,2.066625199681548786e-01,7.177583580812573194e-01,6.676192875563653484e-01,6.710128922748380687e-01,6.095726658012438071e-01,6.555463671708878781e-01,2.304048984571510084e-01,9.302259303278792579e-01,8.858968621336218430e-01,8.507008328425702537e-01,6.684837206319597103e-01,3.112181578722866826e-01,7.923053683480739406e-02,3.509627478223676933e-01,2.447743890608183315e-01,7.383972663668529890e-01,4.275006066934680660e-01,2.858030083901604845e-01,9.320175202402430914e-02,8.019034626686084577e-01,7.054576356170109142e-01,8.701872073349010694e-01,3.836305398432712788e-01,7.565599905936851721e-01,5.767119180161991432e-01,4.499860038386022665e-01,5.553799434398896118e-01,1.241724631496899517e-01,7.696383905567307782e-01,6.856668797637233137e-01,8.743363647163459040e-01,6.211744966524229694e-01,5.035138130446014104e-01,9.453377807752463280e-01,8.987233251961173064e-01,8.773887607800439081e-01,8.988842536692441820e-01,6.150330239636806473e-01,7.718014911770280095e-01,4.764960453060268497e-01,8.356795208245493267e-01,1.290196069964192338e-01,3.462948886253128800e-01,4.538959917624483253e-01,6.758330800097727131e-01,6.768017272921034166e-01,7.754457189580871157e-01,3.659075376559686177e-01,7.927132572326955895e-01,9.708516110265997812e-01,5.124672866367495638e-01,8.430696839477426208e-01,6.517129273385078303e-01,6.447190258780582939e-01,6.595007745276582067e-01,5.251767047312216885e-02,5.351462882800597232e-01,6.753760404711395271e-01,7.867648685790965546e-01,5.591170664662371559e-01,2.679125703146474358e-01,2.806885901841519315e-01,8.236960145741161199e-01,6.342030599897207077e-01,8.318288340729950159e-01,2.283081835538042226e-01,6.478784507295886064e-01
7.315022463212130788e-01,5.013145614532006356e-01,4.893354238247131782e-01,7.376381305881101191e-01,4.625090956015730503e-01,6.528623851753616592e-01,4.389811996207293454e-01,7.544303838356496428e-01,5.168497434450446404e-01,7.942387246634730058e-01,8.793510937190297527e-01,3.673177262657953412e-01,6.390097247793947721e-01,5.961995287940190513e-01,0.000000000000000000e+00,5.724337942511495969e-01,6.683980611376139080e-01,4.526430757971424690e-01,6.054014765491281258e-01,6.492116110207983848e-01,7.441366545853811409e-01,5.225099412891771600e-01,5.819004840873791551e-01,8.284707711983060330e-01,6.382555935996256924e-01,4.061125461778208323e-01,6.626118120382524790e-01,5.803816649845447984e-01,4.184361042271447229e-01,3.955384600210378743e-01,2.025826321382679374e-01,6.163480332213343571e-01,5.236280130723572901e-01,4.450903981778236429e-01,4.093689472839822097e-01,3.797807696584726278e-01,2.926416354685819621e-01,7.046933639943467886e-01,9.011673476203808653e-01,6.225152033975276389e-01,5.295332471989566692e-01,7.335549892446829867e-01,8.681004233680135185e-01,6.070646104309725954e-01,8.121080510162502764e-01,2.262359818283178614e-01,5.425186578398846216e-01,4.388945179700119437e-01,2.046247869484943971e-01,7.000920632135122501e-01,4.654866824864458685e-01,5.725713046788860616e-01,3.150573918097692716e-01,4.942010959351909594e-01,6.005609965188952737e-01,6.737749634217627959e-01,7.678084897143838683e-01,2.134727784997757505e-01,7.682946658256413208e-01,6.819102204936794420e-01,4.747761257890775743e-01,3.665287699978576619e-01,6.836318652501637283e-01,6.802219080254098271e-01,9.660041282749664004e-01,2.137642542614997046e-02,4.395382370833987862e-01,8.233982847992138421e-01,1.984416854449426448e-01,6.490684727031041934e-01,4.516468824196921972e-01,5.902302955983518284e-01,2.549448743990641586e-01,4.663673265377799582e-01,5.354801879808503973e-01,8.134884371131592129e-01,6.595545845035601928e-01,3.136908461977003792e-01,4.143471080091765679e-01,3.410154900150083046e-01,4.956693278050351981e-01,9.061472290910389527e-01,6.920754070060108898e-01,-1.630866809159801645e-01,8.594097231666807390e-01
6.645281235645943418e-01,5.062478930008840368e-03,3.973677419685923695e-01,7.852832927483108794e-01,7.450610124368844955e-01,9.180245043195388588e-01,-9.997942199171300226e-02,5.164422767014116289e-01,5.894978320426548235e-01,8.320668092613021649e-01,7.657429070590745512e-01,9.720950022467150786e-01,5.317699988941014810e-01,7.398478710078033593e-01,5.724337942511495969e-01,0.000000000000000000e+00,5.497310301859836823e-01,2.417420713361489448e-01,3.941692424857478061e-01,5.307772231867315949e-01,8.141249892651939435e-01,2.481756685464146794e-01,1.014399513979092338e-01,5.794628534731538494e-01,5.146103798993070244e-01,4.028333990077626048e-03,6.816104443321210349e-01,5.568496694207675235e-01,3.572666967458177356e-01,4.177254965198775039e-01,3.560906266309468160e-01,5.987970753480387209e-01,9.096677827698461671e-01,7.644494997794797353e-01,2.590131112230910082e-01,5.342480363933900245e-01,2.818886199276041116e-01,7.108738917342305452e-01,7.713869521370413374e-01,9.435844278038533206e-01,5.821135565424377933e-01,5.728440282969088360e-01,7.141045498223386190e-01,3.301654194795744512e-01,9.252436792108493790e-01,6.031575994849057709e-01,4.246754618985203455e-01,7.142808912306561897e-01,6.384176279284122790e-01,4.187145032646970577e-01,4.229404484087353477e-01,3.800495667053905846e-01,6.141631851763539318e-01,2.907943732324412833e-01,5.223723243902647084e-01,8.913487344732721196e-01,6.854444550670972802e-01,6.028034503447905479e-01,6.489202535280249595e-01,6.418647304229230244e-01,4.527206423967212179e-01,7.027443923302413298e-01,6.855125899070134421e-02,2.557704862477567787e-01,8.623163098514007308e-01,4.151286586982952387e-02,5.809857727020427687e-01,7.171370767541993541e-01,5.346286342583290718e-01,8.247293113184483992e-01,9.285160916053224467e-01,2.670830628229636794e-01,3.277131611636860953e-01,2.599313835265537609e-01,3.376518801425673066e-01,6.197552082258710460e-01,9.016228700014593533e-01,5.997157585162662397e-01,1.442731849777971198e-01,2.889541988457144939e-01,1.324075445514530658e-01,8.459240011561799388e-01,7.678600098079282343e-01,2.886633032259601217e-01,8.704659844027345938e-01
7.919483261093875903e-01,5.112260657007176023e-01,7.277235233278824822e-01,9.852356104874021581e-01,6.372823425272927667e-01,4.975094632737785405e-01,5.357842780286545814e-01,1.361621430101445374e-01,6.266419452943550357e-03,7.278698536632268734e-01,8.686608871742826921e-01,8.588464067563781335e-01,5.890984464723998393e-01,4.387967527909222287e-01,6.683980611376139080e-01,5.497310301859836823e-01,0.000000000000000000e+00,9.488123094899683085e-01,4.200917850747376003e-01,6.492448610937646691e-01,9.809915778882638548e-01,8.212015876184594054e-01,5.255276225611438257e-01,9.877843065158637970e-01,1.361941769183533102e-01,3.471004092112573991e-01,7.109247124960207387e-01,5.067358205892350531e-01,1.567891170715615123e-01,5.578551081991301071e-03,9.304308816070333554e-02,8.660115907320786732e-01,7.406874140968712217e-01,6.229125756276403525e-01,6.405005559130350079e-01,6.286507901912748997e-01,5.267048785483647855e-01,5.048901409432096088e-01,6.187007518722434929e-01,8.118442032565174049e-01,2.946039382147002117e-01,4.178164390580712539e-01,2.772339617675169121e-01,8.322529168886293460e-01,9.201810399339066526e-01,7.184954583947482654e-01,5.895299224814198880e-01,7.339499700691746176e-01,7.282997618328822531e-01,1.771542256649131508e-01,6.370261769385751061e-01,7.724608794374165921e-01,5.319482616078419213e-01,7.169271074907526131e-01,9.004608041372257343e-01,6.910504925907008378e-01,3.957047398314480491e-01,5.465450015525683547e-01,4.677379185171359754e-01,4.124233204534692443e-01,2.586181597108114238e-01,5.101009242187327652e-01,8.139175991052068904e-01,8.245961988148026167e-01,6.838561330575578801e-01,6.249434716793218492e-01,7.173059637229178831e-01,6.554574313741743374e-01,2.747287244078371882e-01,6.634918034472282455e-01,5.044447712883256552e-01,6.287887723688048158e-01,5.075240519513439796e-01,5.170294452998095425e-01,5.438277809586893330e-01,9.397257225238840883e-01,7.513774821754607425e-01,7.195347297058470870e-01,2.434031282261790996e-01,-4.117178761262701991e-02,7.513986707254356467e-01,7.145346546909876473e-01,6.620878367572975431e-01,5.857678991000359048e-01,7.407834513723760006e-01
5.027611875155247878e-01,-1.397281905591548634e-01,9.898473745863110018e-01,6.835886039296529271e-01,6.527308162894061017e-01,7.773243063821135834e-01,6.139471750646579018e-01,9.302360244088795360e-01,7.153470967093934485e-01,4.488903596685329123e-01,7.362677846662252223e-01,2.720305852779136835e-01,2.105176129668657192e-01,2.381762090132242271e-01,4.526430757971424690e-01,2.417420713361489448e-01,9.488123094899683085e-01,0.000000000000000000e+00,3.343867701892586641e-01,3.589265810944090029e-01,7.165792870528627789e-01,1.885273484520121057e-01,9.326521707526702620e-01,8.797641492727228396e-01,4.580304886843168388e-01,4.836649252367719587e-01,8.885101492500557807e-01,6.667761380897141432e-01,3.172665358150510428e-01,2.423907621338840801e-01,4.638560853902499170e-01,4.060852724526272661e-01,4.317048032242027933e-01,6.358143998001514197e-01,5.611445454497432372e-03,4.143740663779776900e-01,3.676416359066425610e-01,7.073163386234980754e-01,6.492008876503809756e-01,7.946800061541823279e-01,2.600859680161874410e-01,1.503161096700522947e-01,7.150939217153897687e-01,8.979545912039180733e-01,8.426599886749713830e-01,5.997254334647095231e-01,4.981761086363942770e-01,4.165936191315540715e-01,2.554917706601855798e-01,2.071710028256913416e-01,5.231661136966224701e-01,7.684887585468032078e-01,7.543994015819155408e-01,5.622049751071034329e-01,4.689625435696084810e-01,6.570756420891120664e-01,7.107618111524993676e-01,4.660166129060703405e-02,6.649386576719942266e-01,3.729014363775238206e-01,2.507390002372765214e-01,3.137198452712273156e-01,7.287355523317083916e-01,3.669368575073683192e-01,8.724762977507793948e-01,4.656163401801587942e-01,8.195938158590779787e-01,7.394545715550338016e-01,2.963790715959654931e-01,6.001935253005539206e-01,4.801926155446254452e-01,7.095921324956446785e-01,-1.949544693897899972e-01,2.359867158432023271e-01,4.529886253609370361e-01,7.828947029658032131e-01,9.649181793910047711e-01,9.648620612174291233e-02,6.020977226268815485e-01,7.001666228186523844e-01,5.653524692590667922e-01,3.397608618475332354e-01,7.398103740430377329e-01,5.914798097054567716e-01,7.965232346936635954e-01
