0.000000000000000000e+00,5.129741221567508669e-01,7.790491013774687445e-01,9.517072284404388682e-01,2.070740820824619743e-01,6.662146850043669799e-01,8.510101774566861677e-01,9.869112236457602827e-02,8.937041231086793047e-01,8.273742410514260959e-01,7.904220765341967159e-01,9.466831932135504335e-01,8.908753156301968401e-01,8.934831104656324463e-01,6.562161025672041959e-01,6.032443126530292465e-01,-1.424942017250147019e-01,7.417822806941521963e-01,9.443939082674813745e-01,5.647135951815985822e-01,4.126394788188130214e-01,9.967966958132066235e-01,2.023247319248709930e-01,2.100204366292430236e-01,4.394652461488374184e-01,2.063687783916484109e-01,6.705245922835328942e-01,6.839073329259424128e-01,3.283965002118092169e-01,4.592076384359494168e-01,4.743513610708145756e-02,6.935800227054019773e-01,5.536111253732493021e-01,5.551697571185985058e-01,7.039769682114528360e-01,-3.727154025777026924e-02,4.691390265811943849e-01,4.910888268834894821e-01,6.016907792038329594e-01,9.035563853742565321e-01,3.731764784974472837e-01,6.362264539476469860e-01,7.712478340071210470e-01,2.714860994381699255e-01,9.688603433228364370e-01,8.763389401303781634e-01,7.709932004114266046e-01,7.129321023825533343e-01,7.385545825049466551e-01,6.009311740916276623e-01,6.751475012429476452e-01,8.151612337206706194e-01,4.817174761311702191e-01,9.407032503355670094e-01,8.848579288752400629e-01,8.760442930671543671e-01,2.426109426021096915e-01,8.077042174921947870e-01,3.689668655647939666e-01,1.099421595973864296e-01,3.968440025859985010e-01,6.376662029334858595e-01,4.257862422390262247e-01,7.248646696740213002e-01,8.999651426610637550e-01,4.638574746108864999e-01,3.180391371541011480e-01,3.960872052217113692e-01,4.886492977421474926e-01,2.716511303527481269e-01,5.959501818525010375e-01,9.322287735612189152e-01,2.311570648160829744e-01,3.504345580849595465e-01,9.975816791636850089e-01,9.311175659857110487e-01,5.997401260621803010e-01,6.022598523720493757e-01,5.883277972547642509e-01,5.760836190245380850e-01,9.978929080207836755e-01,4.376437149136317428e-01,6.838645402361342995e-01,3.976225747119325193e-01,6.075294846480889799e-01
5.129741221567508669e-01,0.000000000000000000e+00,5.325136637026484099e-01,8.910683629083172574e-01,6.798245559153193174e-01,7.621082749268862644e-01,3.998408400427626574e-01,4.278094826912620663e-01,2.043151427900105621e-01,6.812703028422115725e-01,8.477533565668921023e-01,9.944471421878091633e-01,4.087319507010298003e-01,2.305375587467769494e-01,4.704703548424353787e-01,8.391085610490901514e-01,6.527931364185092233e-01,4.022507553496471600e-01,6.593433000296287094e-01,4.478376179498299026e-01,6.249739658831724443e-01,3.147372676066148567e-01,4.267573544951447362e-01,7.173072816890128101e-01,7.918627297097696749e-01,8.649862345112013795e-01,5.280467781692196327e-01,6.908812891623029584e-01,7.589411790105058397e-01,3.677954231098088944e-01,3.377760973706089853e-01,9.630991577830282369e-01,9.095014260006927254e-01,3.723228346239125797e-01,3.578566805527821915e-01,5.735711787219497371e-01,5.566898848459137517e-01,6.227522228890338685e-01,2.764638286548713464e-01,7.205952553768829594e-01,5.431271899141127957e-01,6.151646705299915752e-01,8.430988154745274743e-01,6.197507166863654993e-01,7.482049090134996749e-01,6.830368676854045029e-01,4.922554698765190806e-01,5.215160890398775617e-01,4.631604892991859068e-01,4.598007281935934110e-01,5.046664684272385015e-01,8.722042087418345746e-01,8.549620622102667156e-01,5.374257071913709494e-01,8.499050536254677546e-01,8.307574804438999649e-01,7.110931933151913853e-01,7.948703000143630959e-01,4.699397604349040969e-01,5.543317742519662250e-01,4.756519250946802391e-01,7.005380649605277288e-01,7.749097579393673385e-01,7.825926792409716448e-01,5.600980248861622268e-01,7.282950929351186264e-01,5.133783999020031796e-01,5.027939846812591318e-01,7.644926393761464212e-01,5.274663775516282849e-01,6.994299529183545250e-01,8.737153945642697206e-01,6.839929002613669429e-01,3.958350519292999636e-01,4.496950849724255517e-01,1.195422951039668419e-01,8.408396930970263305e-01,4.185998172082917024e-01,3.907204027509557642e-01,4.006797668108754706e-01,5.884611762025118153e-01,9.335416766974771186e-01,7.000880802348057319e-01,3.048343411072690912e-01,-6.631976238507994448e-02
7.790491013774687445e-01,5.325136637026484099e-01,0.000000000000000000e+00,4.153034734405522954e-01,4.822770785337254229e-01,7.283702614818072796e-01,6.676470495704921460e-01,6.041696093183344107e-01,8.624488725402333911e-01,7.103127538317872691e-01,8.894288632863069921e-01,9.918651882651892127e-01,6.477672013616125879e-01,7.491373307285357219e-01,7.524289701527431262e-01,7.730976929547489496e-01,7.028594512071351108e-01,8.018532402355073030e-01,5.657162610322030716e-01,8.120511960782719196e-01,6.023917977003240276e-01,7.645935970537153237e-01,8.611534887575844621e-01,6.389672537678483533e-01,5.332455873240539157e-01,9.379960870333449163e-01,5.675712661108455181e-01,6.091570047425372003e-01,3.903235350226342271e-01,6.180210836100659133e-01,4.732377768684218333e-01,6.476429346164094270e-01,9.496010863889593479e-01,8.509800680717938270e-01,8.018835454168254939e-01,-1.906029545303538075e-01,6.522379557149202700e-01,7.720440705723152774e-01,2.659578239730838733e-01,6.389862208945639166e-01,5.409795176101177550e-01,5.178553769562435072e-01,7.758899546789821411e-01,7.352035234950112796e-01,6.196415656421450091e-01,8.987225636098210568e-01,9.280106837112193086e-01,8.420868510168471044e-01,9.767927501368205423e-01,8.985016832737573456e-01,8.180641351376423120e-01,3.356974947792238373e-01,8.970148083866664734e-01,6.053101637276713243e-01,9.022955689319344108e-01,8.858626012436048303e-01,7.097895545383812177e-01,5.787770063319850333e-01,6.479610057880670348e-01,7.477564623559680435e-01,5.281206684745648472e-01,4.136990989979749678e-01,7.741437258259926679e-01,5.894757651597273274e-01,7.858599657437583819e-01,8.709248093514078137e-01,8.154485851227160076e-01,7.938083071200294771e-01,2.310660498163444321e-01,7.426559007133128887e-01,7.162409645019823801e-01,9.320016440310621153e-01,7.475120105394869041e-01,6.863774729569313005e-01,6.015356303465266841e-01,6.503446274716128128e-01,9.838583912062439651e-01,6.773552055416242057e-01,5.294780251702930762e-01,3.706279185180342828e-01,5.809516185212151296e-01,8.877773852899105700e-01,5.495492077884143178e-01,4.308747065103757379e-01,6.055478323552433428e-01
9.517072284404388682e-01,8.910683629083172574e-01,4.153034734405522954e-01,0.000000000000000000e+00,7.155098689032614034e-01,5.114087069504523742e-01,8.574538693331255901e-02,8.566176542901826618e-02,5.497211607030109137e-01,8.314209190376643521e-01,7.686832482154398738e-01,4.997159284619421826e-01,4.087705263968255398e-01,7.881004130453705958e-01,4.619802429949027012e-01,6.878432544986693431e-01,4.899464650007777644e-01,5.992831455525960971e-01,6.053317084606374410e-01,7.661998165354765300e-01,5.709385408975006237e-01,-5.082320131135686925e-03,4.531276975341420599e-01,9.829879506580886384e-01,9.416026580105926191e-01,4.338388542205599552e-01,4.801047098334075836e-01,2.597918599532160200e-01,8.083668326173149010e-01,2.606594475513282494e-01,3.838731989409994161e-01,7.126004421454292803e-01,5.675694698937775451e-01,7.837590615688920792e-01,1.786622704547177476e-01,3.316656444641367107e-01,-8.725880996369088372e-02,6.959615277901847197e-01,8.033955697834397336e-01,6.807507560420725801e-01,6.952268928061634545e-01,4.585172481117397170e-01,5.740028945364055168e-01,9.224055820036174413e-01,5.263338313163246074e-01,9.196979345235054559e-01,7.818949886753274736e-01,6.779875071658939545e-01,2.210581235395729927e-01,5.443640356615130349e-01,6.286664321130666644e-02,5.706590251510737510e-02,5.582768092551203543e-01,9.918203598796119236e-01,6.902103494322014976e-01,7.307656241281597076e-01,7.991296077863550007e-01,9.478384936885027034e-01,6.331609208282760193e-01,6.281372657074960064e-02,6.428994334386570753e-01,8.732246218636747770e-01,6.785818406747101683e-02,6.371224314444781101e-01,7.417268012622357798e-01,7.347451270092734132e-01,7.747644296616401638e-01,4.063019635163755972e-01,2.610008120486727590e-01,4.775658643596054631e-01,2.181976127202906734e-01,5.328582728650912426e-01,2.005224061287969317e-01,4.772671583138943414e-03,7.154211723967232039e-01,8.921645442717288099e-02,7.365834044189398799e-01,4.627467643372322748e-01,4.289953625137565840e-02,3.763450659000783238e-01,7.892042529916420968e-02,9.681687370571390172e-01,5.336406368608138662e-01,5.177713002830287570e-01,6.197358070814429354e-01
2.070740820824619743e-01,6.798245559153193174e-01,4.822770785337254229e-01,7.155098689032614034e-01,0.000000000000000000e+00,6.527970628000618891e-01,4.818655079538357588e-01,4.005410433218778987e-01,3.284852611293892499e-01,6.277532894328734514e-01,7.408940309331473184e-01,4.251469581740373593e-01,4.247748049776611801e-01,7.976241926930609516e-01,2.576945226423805746e-01,6.315840090088663539e-01,6.163148369771602741e-01,7.611896273427561921e-01,8.228505059717317049e-01,4.250868307224414666e-01,9.189502795993689799e-02,6.747881312972452417e-01,6.417236024388304205e-01,9.433664107781634112e-01,4.297849432297887740e-01,4.467188608551742046e-01,5.386529220578433197e-01,9.401927978361150906e-01,5.518271530375390421e-01,5.777046809445691711e-01,5.688357269716773912e-01,4.141090427521950112e-01,6.360791190649290883e-01,2.796787960405159312e-01,2.129709964634696751e-01,2.595536234454722258e-01,3.902887224246051057e-01,7.247967154969496839e-01,7.580708407481345779e-01,7.478513061661251626e-01,5.749592835834953508e-01,8.503330807314634088e-01,7.633589337792934248e-01,3.633793197024040578e-01,5.122587313307942480e-01,4.540427449024161954e-01,6.985803718134421247e-01,4.195613746086804818e-01,6.181542137862530151e-01,4.049951551474049172e-01,1.787179635257647725e-01,7.452509503095059440e-01,7.405997921184552801e-01,9.522132682557378214e-01,4.556103138559061683e-01,3.227125841133557937e-01,9.433618261680021266e-01,5.871045477176857208e-01,4.526824334539927275e-01,6.947178798036078573e-02,5.738526082646502324e-01,5.805989296521336940e-02,7.331452334915415925e-01,4.061380962371969883e-01,2.148828361368898543e-01,8.374248124415821781e-01,4.737832515602157790e-01,4.457477723187543983e-01,4.725437426945932606e-01,-1.907135264917709239e-01,6.066901384563401223e-01,6.948121669827952429e-01,6.160195635278424842e-01,6.702674916182679299e-01,9.008286184531105745e-02,4.500693775079010472e-01,4.139973632826428052e-01,7.622544759268696790e-01,6.117538349172021439e-01,2.740549702456374637e-01,7.822334334131951783e-01,9.559464207985074458e-01,7.424395303165036708e-01,7.156735199595062324e-01,5.022473746741539236e-01
6.662146850043669799e-01,7.621082749268862644e-01,7.283702614818072796e-01,5.114087069504523742e-01,6.527970628000618891e-01,0.000000000000000000e+00,2.638826259049920075e-01,6.361801049581817802e-01,4.104731101954025574e-01,7.478502608216041070e-01,7.233646799959192464e-01,3.991714755829139927e-01,6.472997540833640429e-01,8.680383826399267200e-01,6.692677392153009164e-01,7.333497426711789169e-01,9.535411213446060019e-01,9.389437934037323519e-01,8.484510592357152881e-01,9.295087334662595069e-01,2.097970205576847325e-01,5.375671048546289965e-01,3.451634707930268942e-01,9.877394057022497176e-01,3.841224291744053665e-01,7.079991569166184107e-01,6.031954282772241660e-01,8.545918325025527729e-01,1.920161720339155775e-01,4.299816870877030128e-01,3.013844613083531687e-01,3.430184666873061783e-01,5.670536869896609655e-01,4.903576595782114245e-01,7.467798540322775347e-01,8.742905621803290228e-02,2.791066852699064516e-01,6.456602723070178351e-01,7.624676348172803042e-01,5.870465933166127970e-01,2.695877856799158145e-01,6.489067951645223209e-01,8.599117692989673989e-01,1.823517689800813191e-01,4.866614104569714772e-01,9.389734104030433848e-01,5.396084851933740101e-01,5.099010019718696052e-01,5.916122653599412695e-01,3.167521310214777563e-01,4.759788720948383012e-01,6.792114591912921107e-01,4.932656681015420430e-01,5.187575491029687846e-01,9.538024540572003218e-01,9.589626415769448853e-01,4.310749052154194683e-01,8.506060594694716537e-01,6.018504337938660465e-01,4.068701667863872107e-01,3.056006057624589545e-01,9.956081245682999459e-01,3.866305610812670324e-01,4.561474693109044964e-01,9.045753640353433322e-01,6.484844197295526191e-01,2.189272920056026250e-01,8.897460574317783699e-01,3.943928293107081817e-01,8.603628010398615134e-01,8.940702252831538299e-01,7.516000732704415377e-01,1.377551856722621648e-01,2.016646362272047077e-01,4.323776643286909582e-01,9.745095637103765585e-01,7.404237224613740009e-01,5.728895494284533818e-01,1.859592635325840460e-01,2.801960635432259594e-01,6.379812733567459260e-01,9.972419118759875412e-01,7.432291686796862473e-01,4.203103725498207877e-01,7.120104100125326241e-01
8.510101774566861677e-01,3.998408400427626574e-01,6.676470495704921460e-01,8.574538693331255901e-02,4.818655079538357588e-01,2.638826259049920075e-01,0.000000000000000000e+00,4.380316786498466564e-01,2.899036805780524917e-01,6.826416148979544962e-01,3.468224837273811700e-01,7.757231972981849522e-01,7.802782658149581829e-01,8.790623989744782429e-01,4.242574268870907273e-01,7.883502907287615047e-01,7.457202863620799871e-01,5.627045259898222351e-01,4.277044208594587005e-01,7.053352940359693957e-01,5.113305992415592138e-01,4.236671463998192277e-01,6.157738801735783696e-01,6.812375207867599203e-01,5.493991296645108768e-01,4.276392434410068444e-01,3.286819473087361221e-01,6.569485828504270097e-01,2.848245315929391341e-01,3.303530104010837243e-01,4.356296398993158570e-01,5.401779332975606973e-01,7.566553538744102969e-01,5.360189615914326411e-02,5.264089271467696785e-01,5.283357046378422961e-01,4.134419879869486447e-01,2.825420151085411558e-01,7.695002474863174013e-01,6.735184434934922137e-01,7.401383845147113671e-02,6.319666821834284409e-01,8.661432967914650671e-01,5.724769489525773913e-01,8.030729078499064810e-01,-2.389713726918465952e-02,7.071670924487336585e-01,3.537427743414444103e-01,4.889132599684533620e-01,6.746372465056014178e-01,3.967702623053100952e-01,3.076529773845028126e-01,7.992945968587250594e-01,2.461186153033343982e-01,3.073089666099843020e-01,5.132526819822282871e-01,5.991602130339019894e-01,3.523922180012384886e-01,9.857774288221492487e-01,3.970721398357054399e-01,7.336446591801093486e-01,2.332763191176009943e-01,4.556638291874051117e-01,4.400661246465008003e-01,6.465041392802597375e-01,6.057889646788041649e-01,8.845394676263562683e-01,9.741712728282629907e-01,4.457790639117877318e-01,6.806591326935200748e-01,5.971959329764635616e-01,4.416710484427086580e-01,4.738954454234161062e-01,4.565669830117823902e-01,3.097613158828767532e-01,3.163097368356521111e-01,3.544749910042128693e-01,6.982791031198026799e-01,5.703718725872661821e-01,3.125837085173803764e-01,4.362013200378154210e-01,4.712762461914302703e-01,6.804884567594469136e-01,4.721893670727745906e-01,7.254516874856890007e-01
9.869112236457602827e-02,4.278094826912620663e-01,6.041696093183344107e-01,8.566176542901826618e-02,4.005410433218778987e-01,6.361801049581817802e-01,4.380316786498466564e-01,0.000000000000000000e+00,7.566003223304578196e-01,7.869161874878026763e-01,7.045846690039305749e-01,7.636647647632182068e-01,7.565384508397861030e-01,4.187463439147233735e-01,6.412114884668763670e-01,3.032963612214578109e-01,9.860418744784869016e-01,3.273239680668684759e-01,6.002913561161938860e-01,6.353579162106272049e-01,8.460001820941667194e-01,6.408596942925424145e-01,2.504776961562098503e-01,1.460124648710451334e-01,4.094579008568504652e-01,3.590836159063522381e-01,6.080442898100587579e-01,5.141776299801814609e-01,4.554770081488143108e-01,4.405426668537507084e-01,2.885079957790661065e-01,6.029632894626891781e-01,2.817163054904009423e-01,5.536143822373733592e-01,7.032883640964523453e-01,2.909142871292820232e-01,5.039311797326091469e-01,5.413829353433495806e-01,6.255781656943028013e-01,4.062223996672593151e-01,6.829214832979556560e-01,5.599527390661001025e-01,6.585229954473643676e-01,5.702700112820471290e-01,8.420168588241266905e-01,6.355876341687638487e-01,4.766906187740387324e-01,4.940289463974323336e-01,6.047761743817919866e-01,5.390991598457636202e-01,4.330871503854757942e-01,7.969517918532175171e-01,6.171759363669148124e-01,3.312002747211435505e-01,4.183454753576262841e-01,6.830276964065176148e-01,5.147126451132640890e-01,6.051681894949602070e-01,6.847634081028859399e-01,2.547673422194003667e-02,3.470256179537517527e-01,7.482407211887606158e-01,4.897340034322651414e-01,8.141942998993105807e-01,6.027354021336984724e-01,2.217934800359918079e-01,7.128342688421068774e-01,1.886193850364284164e-01,4.044588974585165975e-01,5.684153117034681513e-01,3.637490468568965740e-01,6.871590731507684069e-01,3.904347583403582345e-01,7.586881897759119031e-01,5.857711291175307089e-01,7.205828401975677977e-01,5.337612044027640890e-01,7.205064513177052987e-01,5.684557572257856739e-01,-1.120705121468116849e-01,2.844133094074745571e-01,8.708477387177668838e-01,6.900840039142144278e-01,2.112492861467157312e-01,7.007518904366218937e-01
8.937041231086793047e-01,2.043151427900105621e-01,8.624488725402333911e-01,5.497211607030109137e-01,3.284852611293892499e-01,4.104731101954025574e-01,2.899036805780524917e-01,7.566003223304578196e-01,0.000000000000000000e+00,6.443922127716806836e-01,6.205128090886601333e-01,2.422949413356884629e-01,5.129363249072382835e-01,8.254454984965977626e-01,6.105514751995304579e-01,5.109451836781502276e-01,4.321577372966206032e-01,4.286802279725533404e-01,2.629296479577702961e-01,7.332854232435885855e-01,9.027420630748611563e-01,2.704796906206002882e-01,5.897776705475659131e-01,7.367926282506565006e-01,4.811704636447510230e-01,5.364755858552752166e-01,7.372717383040606753e-01,1.639496493206409611e-01,3.328252358513315023e-01,7.193978661186085644e-01,3.781127129099510764e-01,5.456648825823995352e-01,5.888194916437823334e-01,4.789686302811548835e-01,3.705148942806405499e-01,2.456273328415299884e-01,5.738547565930979255e-01,5.631057926048596007e-01,4.230166610219975865e-01,6.539231900518985841e-01,6.156393946503526671e-01,7.935864073751494052e-01,6.682342957052327392e-01,5.963463787786772441e-01,6.985070890048615810e-01,7.349592170964013293e-01,7.936872791799526317e-01,8.735679124067243784e-01,4.280318793129271326e-01,5.897324228314584360e-01,2.158199525429787546e-01,2.010577343173972631e-01,6.148945593862424897e-01,9.124823269267785530e-01,9.791189864094616002e-01,6.840404469199433679e-01,6.762936253076843318e-01,1.516571769719049501e-01,6.238836366399252986e-01,-1.768044626218039372e-01,3.276695572232888876e-01,4.029182624497974485e-01,7.344143695117433257e-01,9.968008796907793512e-01,9.843782954648067074e-01,5.510427728764806243e-01,2.456510846200938569e-01,9.039344467199909028e-01,4.241252928268580136e-01,3.604529848196602604e-01,8.357134524507970896e-01,2.574158816299333963e-01,5.143424236138203209e-01,5.403293101823866129e-01,6.384199598623262195e-02,6.159258663460761563e-01,5.615813854634621460e-01,2.894436491135844447e-01,2.138197569595309822e-01,2.693290108687845241e-01,7.435900389855882864e-01,6.421894578752966876e-01,2.966068290413165776e-01,4.145055404840427560e-01,4.304618521632581074e-01
8.273742410514260959e-01,6.812703028422115725e-01,7.103127538317872691e-01,8.314209190376643521e-01,6.277532894328734514e-01,7.478502608216041070e-01,6.826416148979544962e-01,7.869161874878026763e-01,6.443922127716806836e-01,0.000000000000000000e+00,9.850593974335352110e-01,4.412674826167209963e-01,8.438717430424897969e-01,8.802506776506205943e-01,7.239737317461878430e-01,2.062842692458443372e-01,3.249142714042335123e-01,6.351193237100740685e-01,7.433563821847957165e-01,9.266246962281117217e-01,6.257531940169975826e-01,6.991692922107776154e-01,6.427834227659012800e-01,8.658380600721280462e-01,4.689226210392687944e-01,5.625001526843025346e-01,7.071252924336308698e-01,7.144873987151195704e-01,3.344014377814223948e-01,4.016461689544402747e-01,2.201779417612836909e-01,4.378672865746574550e-01,4.274565401744527260e-01,7.288339602126393535e-01,2.528624982899144724e-01,3.225731523480969698e-01,-7.026230803014335557e-02,3.394823185827973155e-01,7.102041023060982061e-01,6.060361216057958966e-01,4.012592322810110135e-01,5.142989001915178049e-01,9.690989164452323834e-01,8.264098170296555468e-01,8.067560408567677754e-01,7.277355936114157098e-01,7.775431089536020135e-01,-7.580851031669941231e-02,7.326270644762384876e-01,5.795126471070797258e-01,3.334190314036458158e-01,2.703222083682837451e-01,7.490587083528779111e-01,7.455765745425098068e-01,5.019535637689054308e-01,7.859810817614647505e-01,4.554981387751850797e-01,6.836735822776605076e-01,5.982132430950327651e-01,-7.517155421453031172e-02,4.757166703710695721e-01,8.209496630778985171e-01,8.705152419988932966e-01,5.196941126987355553e-01,4.269183004574215179e-01,9.599325298029401932e-01,7.559247674298053270e-05,2.090447827661625832e-02,6.853994283614825989e-01,7.160680508797354626e-01,5.157453032844240282e-01,6.762286641200963011e-01,2.284429326790079484e-01,1.272868030486346558e-01,5.095993184832093847e-01,6.002743449329279724e-01,2.005696795056137183e-01,2.431893067591816004e-01,4.789413567748285749e-01,2.282842013957402105e-01,3.332959987231071119e-01,6.827636700533280534e-01,8.734953746199075608e-01,3.445745441501171791e-01,9.605787928949554022e-01
7.904220765341967159e-01,8.477533565668921023e-01,8.894288632863069921e-01,7.686832482154398738e-01,7.408940309331473184e-01,7.233646799959192464e-01,3.468224837273811700e-01,7.045846690039305749e-01,6.205128090886601333e-01,9.850593974335352110e-01,0.000000000000000000e+00,1.329464915841200578e-01,7.541673036517146933e-01,6.517513015554067257e-01,5.779183665063493125e-01,8.780643728006679583e-01,7.682410875607104117e-01,6.352351718902567168e-02,3.516983125340500393e-01,4.619526488636124806e-01,5.693191872356798688e-01,7.769714089477781638e-01,9.283776976083409904e-01,6.215287934183360008e-01,7.092157326026049535e-01,6.235554897522012086e-01,7.999257133206523207e-01,5.056974593274321528e-01,9.828196085558833783e-02,5.917752813669843182e-01,3.700759071136643930e-01,5.297648509152406149e-01,6.159415392384955945e-01,7.892945593714100205e-01,4.012565485576219393e-01,3.909148828851268798e-01,5.415139829435200447e-01,3.876910392058139365e-01,4.317731396129518284e-01,4.285330405630159989e-01,7.147761666325822549e-01,6.580844956577759364e-01,6.648957723250141783e-01,4.688627566128284463e-01,4.162763549006702757e-01,6.693715116600734705e-01,4.528233448244955439e-01,6.706148688464215191e-01,6.041558881734989672e-01,2.598053949155390008e-01,1.116230309626516509e-01,7.587365719505156925e-01,9.996155366660894881e-01,6.232967591593434609e-01,8.787113541368025693e-01,9.479458365886407334e-01,6.453437869920456427e-01,6.557709506118429843e-01,8.998728227959384984e-01,4.819923371522653044e-01,3.970587199016742952e-01,2.147118828786904465e-01,9.943419346371588086e-01,6.671365896252636762e-01,8.065868595293614884e-01,2.166613741271632976e-01,7.202804662673681912e-01,8.685777589642555974e-01,5.594134100495078421e-01,5.014260771591316779e-01,4.443398907521709518e-01,4.486185354474866438e-01,3.738302263973922734e-01,2.894714612768668482e-01,8.575961890658444220e-02,3.288243479424541871e-01,2.107116479021248767e-01,3.538649951176576769e-01,5.382948446812587662e-01,5.519060918789246983e-01,4.724224014359123536e-01,6.146023173245661608e-01,2.955571821977079905e-01,5.397529975302998162e-01,5.326024129229024462e-01
9.466831932135504335e-01,9.944471421878091633e-01,9.918651882651892127e-01,4.997159284619421826e-01,4.251469581740373593e-01,3.991714755829139927e-01,7.757231972981849522e-01,7.636647647632182068e-01,2.422949413356884629e-01,4.412674826167209963e-01,1.329464915841200578e-01,0.000000000000000000e+00,9.899980642934522734e-01,6.030388959143425653e-01,4.178822808601790340e-01,4.611020729560723064e-01,6.701024939753468246e-01,6.353949298613434937e-01,5.169256333618970078e-01,9.461035332038330026e-01,7.276946846031997485e-01,5.937202766717137870e-01,7.481450230069323082e-01,7.924277489632401972e-01,6.045796198773714103e-01,6.174984996246726254e-01,3.602287172256569137e-01,6.571993209760206289e-01,3.083770318507267905e-01,6.944335401421424248e-01,4.867221647597506085e-01,5.110677524287531304e-01,8.451728816202136452e-01,5.768393391606214671e-01,4.321826451200739827e-01,1.139064584775324462e-01,4.834396843125423615e-01,5.140247781544826644e-01,6.823235396761495597e-01,5.936331231216771531e-01,3.359858204676535731e-01,2.831237971431189715e-01,5.522960251164416023e-01,3.797218307065390319e-01,9.909453485551520391e-01,6.110499447207342616e-01,4.694789861314849766e-01,8.231756201073830992e-01,5.872044364114401560e-01,4.506594522517806123e-01,1.526100550309693604e-01,6.601391359143023996e-01,2.300576105876712130e-01,4.770603703341427804e-01,2.755809767818231393e-01,7.008540954208031248e-01,7.139215695687106678e-01,7.074470729035245986e-01,7.881183352859766345e-01,2.818903734922323379e-01,7.875684417281930694e-01,7.805430191446960375e-01,7.724841334200059917e-01,8.795835837009492453e-01,7.538945958978041650e-01,6.604535430604118185e-01,5.526962916476519938e-01,7.194889450807908648e-01,1.319974019417840538e-01,4.884704350571820730e-01,6.090964507270285599e-01,5.499767629987004636e-01,2.050000813038930225e-01,5.082073968910397754e-01,6.615401505646241187e-01,7.020098350602834714e-01,6.242487939621798043e-01,4.639122169286548636e-01,3.095271696061027145e-01,5.366921500744564755e-01,7.153115228657880298e-01,6.827413159252331276e-01,7.885229289813624476e-01,4.853601682291716624e-01,5.623693453574751810e-01
8.908753156301968401e-01,4.087319507010298003e-01,6.477672013616125879e-01,4.087705263968255398e-01,4.247748049776611801e-01,6.472997540833640429e-01,7.802782658149581829e-01,7.565384508397861030e-01,5.129363249072382835e-01,8.438717430424897969e-01,7.541673036517146933e-01,9.899980642934522734e-01,0.000000000000000000e+00,7.795586483103933428e-01,6.617795794164216261e-01,9.582667987441420010e-01,4.411139918699243934e-01,6.653144480938454342e-01,2.509502516459132249e-01,2.552477090437918483e-01,6.074037326875871834e-01,4.132992693334897050e-01,4.756336503755652645e-01,4.510504347294255201e-01,2.994195386087376565e-01,9.731277830465199230e-01,6.496099315888635983e-01,7.127396893364593700e-01,4.204668968750351343e-01,4.166792354387950925e-01,7.868824017003327176e-02,7.073643869443164700e-01,2.760132850673320259e-01,9.624602872587649793e-01,4.644164619938614957e-01,-3.256355186314601746e-01,4.261048058465885524e-01,7.431827925214981034e-01,7.612812914235436157e-01,2.241976205118440812e-01,1.293963810324974817e-01,6.303830889671079296e-01,3.362206129972231672e-01,4.977668651881226314e-01,8.185343934137749855e-01,9.949488462664386468e-01,9.985202826588696068e-01,8.038532582316522124e-01,7.227719634060003617e-01,6.863123103434040084e-01,9.382678242705692062e-01,7.652904760217232871e-01,4.942113637904792522e-01,5.196050735182247138e-01,7.640056035482425401e-01,7.879462118155275974e-01,8.650002763813863238e-01,5.184882716896866972e-01,3.954174880508199985e-01,2.170818376131517791e-01,6.224888033918337671e-01,2.138736542181738642e-01,6.300895143792935027e-01,8.917325063257021123e-01,7.116095191345691573e-01,4.602678562535613693e-01,8.922451477785167118e-01,9.434805360978827382e-01,7.337594114629500952e-01,9.361400655161509210e-01,4.031632203890183619e-01,6.793633731386257146e-01,5.838733284977550841e-01,5.166790968180142718e-01,4.326234907544839192e-01,7.487578297062269517e-01,5.110962775211080888e-01,9.106243281657248057e-01,3.118966242813665524e-01,4.091142168790853906e-01,3.652446327184836194e-01,7.122069440251093120e-01,7.327234366142100219e-01,-2.532726647805350062e-05,4.642673638546333525e-01
8.934831104656324463e-01,2.305375587467769494e-01,7.491373307285357219e-01,7.881004130453705958e-01,7.976241926930609516e-01,8.680383826399267200e-01,8.790623989744782429e-01,4.187463439147233735e-01,8.254454984965977626e-01,8.802506776506205943e-01,6.517513015554067257e-01,6.030388959143425653e-01,7.795586483103933428e-01,0.000000000000000000e+00,8.500842054170106854e-01,9.149300102972987014e-01,7.543783077303858331e-01,8.850417880992708097e-01,7.735927714472744521e-01,6.503151761281662502e-01,7.907863855560266497e-01,8.938199752230113759e-01,2.326687052412619305e-01,6.879607230509299232e-01,4.887780856315702693e-01,3.202506766568843366e-01,9.614230365141999135e-01,6.717484220745691958e-01,4.388239579883086716e-02,6.854796272132770429e-01,5.013282744838741811e-01,7.284462178205380889e-01,7.574667653321555116e-01,3.238519145519901943e-01,7.049936907615287351e-01,-6.527006612432578736e-03,1.787772405411136578e-01,9.387201313166222416e-01,4.454203693663862929e-01,9.939412543298553615e-01,1.356248301393506162e-01,4.978465539173378418e-01,7.213582995766939510e-01,6.095338816491964185e-01,6.209783677919695766e-01,1.234491717556785856e-01,7.826269811014876510e-01,7.126216749143124973e-01,6.703130263529033517e-01,6.533833805527744509e-01,4.621004098222332157e-01,9.637178421454035693e-01,8.137788841030405562e-01,7.863380164239560655e-01,9.278622134051264236e-01,6.744928066020478008e-01,5.280449454510356411e-01,7.895164897174862251e-01,3.261835673441119132e-01,3.161421880341059865e-01,6.371090660473501810e-01,6.912221550370755141e-01,9.710980310739637522e-01,5.614402321437657051e-01,7.294519800925458597e-01,6.608095849353978757e-01,8.010312553739845631e-01,9.147793895495791583e-01,5.982714332043418404e-01,2.249613840575669377e-01,6.452304917421318731e-01,3.605970712388796295e-01,1.964105783757101320e-01,5.153121798611132176e-01,5.197183500254509703e-01,8.500881946388604282e-01,5.318107949565882286e-01,4.519470899943892062e-01,3.584366392113922384e-01,2.691099829965050705e-01,3.228036833839436626e-01,8.937234312774445799e-01,9.509266673593432806e-01,7.815081696266445999e-01,8.226276975527877511e-01
6.562161025672041959e-01,4.704703548424353787e-01,7.524289701527431262e-01,4.619802429949027012e-01,2.576945226423805746e-01,6.692677392153009164e-01,4.242574268870907273e-01,6.412114884668763670e-01,6.105514751995304579e-01,7.239737317461878430e-01,5.779183665063493125e-01,4.178822808601790340e-01,6.617795794164216261e-01,8.500842054170106854e-01,0.000000000000000000e+00,1.514213484861519354e-01,7.392676869611679580e-01,7.472898657642504938e-01,4.349368026296445144e-01,6.636827257327959639e-01,7.179289634575442003e-01,5.574617032560438279e-01,8.446438061086254390e-01,6.269468249156818773e-01,6.694364220269082288e-01,5.155196933970628281e-01,9.775278925975610100e-01,6.587409626802487317e-01,5.816676309504662523e-01,4.778068452493946516e-01,1.792303982264205342e-01,4.129521175155411172e-01,5.132531067886432208e-01,4.030912718987960108e-01,7.244902227367229497e-02,6.552033112545706528e-01,7.947864569739389040e-01,9.527669707562720358e-01,-1.177479505415245931e-01,5.561762476532301491e-01,6.176139305835668392e-01,4.597716430409172772e-01,3.758144545063422104e-01,4.648406473442548981e-01,3.335794633331439218e-01,9.257561095518456185e-01,1.638463871400956673e-01,9.769544150720533837e-01,3.742991058658406422e-01,6.883080105577319419e-01,4.683420943307864959e-01,4.326459310132836911e-01,7.135630365553283783e-01,2.434531678371892327e-01,8.656009245395455132e-01,2.448847238030749385e-01,6.295757780054977992e-01,5.823853698834549064e-01,5.448877859844082350e-01,3.627402458613970815e-01,4.810894463898088835e-01,1.889409324175012062e-01,5.189136052427010259e-01,9.621501305987534280e-01,8.694827338790348525e-01,4.054078526154952233e-01,6.987525746675419258e-01,9.825325402968296817e-01,3.909972730496923399e-01,5.018082510918625561e-01,6.503920587107258067e-01,7.919675043955374250e-01,5.210442816682143707e-01,4.434973988794546629e-01,6.783147355562221259e-01,5.793854989385879284e-01,8.275228929456407423e-01,4.888660729955067175e-01,1.077652938799099069e-01,4.240377683196506764e-01,5.715281088797482534e-01,6.752118200414793936e-01,8.330767341848841490e-01,3.872581968230545124e-01,5.174665756792125038e-01
6.032443126530292465e-01,8.391085610490901514e-01,7.730976929547489496e-01,6.878432544986693431e-01,6.315840090088663539e-01,7.333497426711789169e-01,7.883502907287615047e-01,3.032963612214578109e-01,5.109451836781502276e-01,2.062842692458443372e-01,8.780643728006679583e-01,4.611020729560723064e-01,9.582667987441420010e-01,9.149300102972987014e-01,1.514213484861519354e-01,0.000000000000000000e+00,7.259159203335652233e-01,6.032406157292438120e-01,4.503990291734519258e-01,6.886274869998544323e-01,7.329488652834159623e-01,8.972852805497694151e-01,6.713822195823659911e-01,8.577756291403388911e-01,6.845996549468540138e-02,-1.250344294890870511e-01,8.899082623547961424e-01,2.060271449275829225e-01,4.231218316552281533e-01,3.368950150239587993e-01,2.106696581518650024e-01,2.748827468958520148e-01,7.299677532597999008e-01,7.831031093347472216e-02,6.118277806153500364e-01,2.901809427713045175e-01,1.374679181749236812e-01,7.868997049362463914e-01,6.425292542379934524e-01,8.117470544959538570e-01,5.715463617683090858e-01,6.241514881946476079e-01,2.751584640638097268e-01,2.732332167958155811e-01,8.606215243301899021e-01,5.938066330325434405e-01,8.385014365568044248e-01,2.011593122136747791e-01,4.426839959542006597e-01,4.479435547377060289e-01,6.741275170824402307e-01,8.078445415046620059e-01,6.822700956527809613e-01,7.558633758548223280e-01,5.933040475724363771e-01,5.243048494030763118e-01,7.386528585509372080e-01,7.181305915948390517e-01,6.745541735336347822e-01,3.828299192719865074e-01,7.326899309378382963e-01,-1.007562959720875728e-04,-2.030541692004131926e-01,7.381244985028925232e-01,8.565137862889301568e-01,3.170074094416336363e-01,7.322912709425498656e-01,8.951579179547632936e-01,5.193947915445907837e-01,7.896320005124213282e-01,5.131022732707349876e-01,5.655257040751937581e-01,2.731886604785752626e-01,1.134114460746277475e-01,5.697111880731192679e-01,-9.342118763395720893e-02,7.996953726092839165e-01,4.716940199540785583e-01,2.953662351540132236e-01,3.373566668597985929e-01,6.919192170681351950e-01,6.968600249072042230e-01,7.150116039854398364e-01,2.322045502333263123e-01,9.427221237699763279e-01
-1.424942017250147019e-01,6.527931364185092233e-01,7.028594512071351108e-01,4.899464650007777644e-01,6.163148369771602741e-01,9.535411213446060019e-01,7.457202863620799871e-01,9.860418744784869016e-01,4.321577372966206032e-01,3.249142714042335123e-01,7.682410875607104117e-01,6.701024939753468246e-01,4.411139918699243934e-01,7.543783077303858331e-01,7.392676869611679580e-01,7.259159203335652233e-01,0.000000000000000000e+00,9.134630431429039410e-01,6.098829840916589751e-01,5.206420989809515953e-01,5.696307840973884318e-01,4.027227318067586048e-01,6.648233739160772648e-01,5.647861853446713987e-01,3.827537243332646000e-01,3.742389140813895398e-01,8.266918134355364378e-01,9.254896624578459186e-01,6.241459029967025840e-01,4.167463287461757870e-01,5.257314712118329458e-01,6.650197196859903848e-01,3.202104782684807027e-01,9.128534284249756325e-01,6.593563511336418825e-01,3.637428687935518878e-01,1.109668187113790894e-01,8.062634508420974538e-03,8.216873711786498724e-01,-1.894032974945373260e-01,5.034687894781809669e-01,7.990299330241226183e-01,7.791365721227588859e-01,4.754649633337505454e-01,2.178409146446581290e-01,4.345690487975051308e-01,3.274766322113283890e-01,1.444368754181155762e-02,8.911518702699767758e-01,8.937787035855236928e-01,5.100387849830212428e-01,7.082004417124693196e-01,9.522754397862741582e-01,9.210210898563069293e-01,5.486574473001581964e-01,9.356293532411902314e-01,8.173296792295894342e-01,7.665642327232234932e-01,8.970125078194062240e-01,2.383196897213238075e-01,7.133750252903832134e-01,4.629202194713775698e-01,8.847340823861874481e-01,2.628943979157867816e-01,7.266762930625029204e-01,4.928738758468299563e-01,9.477691703502222342e-01,9.625183218095491045e-01,6.755613938680190556e-01,6.081804164607756968e-01,6.660145678465985153e-01,8.482532206757351645e-01,6.719518716885755083e-01,3.352656217357607993e-02,7.664992998001960434e-01,8.532989958036931721e-01,7.704244022511017587e-01,2.218788804395619152e-01,5.684264437704426021e-01,3.171111842841215500e-01,4.122128284958304634e-01,3.657319902396811151e-01,9.925850819981050233e-01,5.563779826341490597e-01,7.202332913016874505e-01
7.417822806941521963e-01,4.022507553496471600e-01,8.018532402355073030e-01,5.992831455525960971e-01,7.611896273427561921e-01,9.389437934037323519e-01,5.627045259898222351e-01,3.273239680668684759e-01,4.286802279725533404e-01,6.351193237100740685e-01,6.352351718902567168e-02,6.353949298613434937e-01,6.653144480938454342e-01,8.850417880992708097e-01,7.472898657642504938e-01,6.032406157292438120e-01,9.134630431429039410e-01,0.000000000000000000e+00,7.875669022972151545e-01,6.483771171446335302e-01,6.365283728102569816e-01,2.125143010321680348e-01,7.122468797473305857e-01,9.906895489568194879e-01,4.800940960925742518e-01,3.046328227342657291e-01,3.230092672330144854e-01,3.316966347380188029e-01,5.302194156142703285e-01,3.471843511176526120e-01,1.804616693563236909e-02,3.813296057935681160e-01,6.550670913230656200e-01,3.865990749544554461e-01,3.704772855452509450e-01,-3.805221221529390130e-01,1.310347279752876960e-04,5.908471085463707917e-01,6.847492813034566916e-01,9.864532117810361767e-01,4.492559021079376436e-01,6.099966118597719422e-01,7.496162311866130246e-01,3.294231689430580645e-01,4.837421698299410600e-01,7.929305235611673330e-01,2.321665810024214904e-01,6.494297666351001030e-01,3.416774845395267879e-01,4.070298489395380859e-01,7.904313854685417473e-01,9.158937218820152326e-01,7.917038746602294008e-01,7.837555723421876230e-01,6.627490113242895386e-01,4.788408167809320437e-01,6.980923834489327628e-01,6.611324702511301998e-01,9.251278010767505222e-01,5.760275117344112461e-01,4.123978670214115128e-02,6.705876040763354418e-01,6.737709777351462703e-01,8.238209649124175193e-01,6.080458060555760103e-01,6.215621564217996831e-01,6.499020371890830150e-01,2.644746991248391743e-01,5.481038614177042856e-01,4.437752201096993310e-01,6.602023399769658685e-01,4.513448521669299884e-01,5.716919956068464703e-01,2.783068554249253923e-01,3.367299624096389277e-01,6.321779128216500343e-01,6.274425758351495075e-01,5.262749909214889943e-01,1.733033278264359545e-01,8.077274902066358675e-02,6.893878769244431437e-01,5.064771751843122338e-01,6.586742402853424938e-01,3.504123465627707601e-01,6.472038815095303432e-01
