0.000000000000000000e+00,6.702966194521030596e-01,6.803596694027186365e-01,5.057234267375249059e-01,4.854543266921965139e-01,9.241513183774305862e-01,7.735639877905541306e-01,4.799452941522227567e-01,6.604833046457152523e-01,9.547761573194679663e-01,7.548604742647053722e-01,6.425206418842708267e-01,4.885045129887423121e-01,4.204151554684778525e-01,8.064227546199258523e-01,8.850453594015571523e-01,7.268750412415140305e-01,7.933076953278485055e-01,9.659733842214230926e-01,7.233427724906779099e-01,4.186484692068520586e-01,8.097514236370457752e-01,7.416853494337699582e-01,8.716496913819520298e-01,3.135113052860631910e-01,9.467987033496710891e-01,6.916453065921015497e-01,6.320278111468360382e-01,3.129610336233707990e-01,5.604477462083876649e-01,4.504422915641676517e-01,7.119318330087472946e-01,7.780512828044819917e-01,7.009615719891221230e-01,1.816568548639378167e-01,7.246402191180142394e-01,2.110308563336633636e-01,7.555018917467746231e-01,6.777658676789090064e-01,4.944180039125079529e-01,5.431314761583372341e-01,6.760601385326628909e-01,4.574368837715694358e-01,9.646419034712073737e-01,7.415373364358253117e-01,2.224014732033178787e-01,8.323418006647189671e-01,8.309337426471357091e-01,3.442969207495618633e-01,6.942351089320163149e-02,6.306763629841707353e-01,8.428358257104369144e-01,9.440990268339212177e-01,9.856604640535449047e-01,5.826001919736304435e-01,9.987518779418110837e-01,7.004180470445130480e-01,7.267613202068805567e-01,7.378423731655455731e-01,5.915225502527658996e-01,5.895335623752258059e-01,8.683598467729864989e-01,9.346432696653954597e-01,6.219988754566579958e-01,7.543046184670917365e-01,4.018489269388219043e-01,8.898097946865882735e-01,4.112855858321366465e-01,1.123728146974292824e-01,6.202372059612464295e-01,9.970742924092822479e-01,6.701700484116157597e-01,4.811782921115610456e-01,6.492055697957866967e-01,7.189707011766494071e-01,7.081526001484231836e-01,9.248961628806792179e-01,9.486753128247008560e-01,7.496953393654987030e-01,5.498963059384307517e-01,6.097459647865219878e-01,8.052018740881898839e-01,8.949240054054878879e-01,5.788055811057022382e-01,7.320907608620393914e-01
6.702966194521030596e-01,0.000000000000000000e+00,5.543433387980540861e-01,8.609751963031693212e-01,7.360635996906745859e-01,7.950506910394974369e-01,6.789265457219365585e-01,2.774222787128418632e-01,4.088350361754702900e-01,7.285733372490540427e-01,7.614041537271111215e-01,8.426916221406436369e-01,6.265220402516009646e-01,6.348628735352970232e-01,6.952095734493854984e-01,9.815478167779935204e-01,5.782312308929289379e-01,7.482958420820667866e-01,8.721887442493385656e-01,7.581959151883541637e-01,5.840064229021493247e-01,9.807133357895873038e-01,5.235038972795140744e-01,6.779882013528646389e-01,2.760271194779073678e-01,9.615804798206555315e-01,6.162435558960172033e-01,7.075662760728389511e-01,3.863301410904838029e-01,5.150682128860841758e-01,1.176244253250317562e-01,3.878332680194755966e-01,7.145964086518024061e-01,4.851000662634693539e-01,4.786903557769161544e-01,6.067338059767337644e-01,3.947511746464756888e-01,4.925374561902332582e-01,6.884186731302320839e-01,7.480002180449247806e-01,1.634032982985855753e-02,7.143102990936931462e-01,5.116111222541026571e-01,4.593400588537542850e-01,3.967383127645225382e-01,9.438516308178290792e-01,6.603465512157992157e-01,6.677864495959424662e-01,4.401989560413685498e-01,6.583816808350504424e-01,4.466775606033939749e-01,9.785200147859035580e-01,2.735718777002223434e-01,6.084176257376362473e-01,6.088715564139587366e-01,8.326670946813312657e-01,6.559750979787167813e-01,9.321478545563733897e-01,9.453988454254327323e-01,3.197113525967417713e-01,2.982256544880935722e-01,4.224578776639957844e-01,7.788192827813322783e-01,7.960571130194509237e-01,6.463968269648866505e-01,7.357812245498669412e-01,4.982066697914072084e-01,6.361911247578608819e-01,5.949940444712420451e-01,-1.858079652575307661e-01,2.238902371036829986e-01,5.497567624325634394e-01,7.104201111539597269e-02,2.837879303895460281e-01,4.122587918569196597e-01,4.833549505846789218e-01,7.464252005659814948e-01,1.428875724196827790e-01,3.760402915640349564e-01,2.374736782781998456e-01,5.398145702106099675e-01,4.385894178988093417e-01,8.353249605930065380e-01,6.376459547188059185e-01,7.441297222517484489e-01
6.803596694027186365e-01,5.543433387980540861e-01,0.000000000000000000e+00,9.007744683592506796e-01,6.490178436207826307e-01,8.881275482827601930e-01,4.189963337784591291e-01,9.784105904272176746e-01,7.611424263860500083e-01,6.861178674443771941e-01,7.992603962026660902e-01,6.747854862170384882e-01,7.004514887529623701e-01,7.119640075248656608e-01,8.475942403647246381e-01,4.564553290392819873e-01,7.741090680165203519e-01,7.188559698363116146e-01,8.803459262551910358e-01,5.936165280159338975e-01,8.296513031375770675e-01,6.211383363664572110e-01,8.995981616451202978e-01,8.396002238667655826e-01,5.909350918675702058e-01,9.230751836162560675e-01,1.579662366500221571e-01,7.302148620150933356e-01,2.963870604322953461e-01,5.188451577351426147e-01,-7.743515727901748025e-02,6.701078346335508362e-01,5.721860942421534979e-01,8.765233011783600814e-01,9.234965214251349419e-01,-1.089276792230868124e-01,3.666755290454213334e-01,6.338187682301841264e-01,6.400462258744826771e-01,6.230299925960687546e-02,5.553957879754052307e-01,9.921936478936478343e-01,7.156875469514130117e-01,8.584760392303094623e-01,3.689947293341394596e-01,2.830372523456949896e-01,6.277388076978929199e-01,6.804418804830715262e-01,5.036920190978851908e-01,7.193059422459736618e-01,7.792402003360723306e-01,9.840035407652010235e-01,9.818529233353692209e-01,5.408207638942849060e-01,7.515293437360954787e-01,8.154051653231678687e-01,7.322591441523995659e-01,9.050926747871852474e-01,3.371384010398306152e-01,1.130681993161759546e-01,2.517162492771679583e-01,6.654009553592035164e-01,2.811982847529839180e-01,2.861252941814692585e-01,7.293968136909492195e-01,6.734407812836763485e-01,8.146161009144625709e-01,7.533292965269174912e-01,8.641717019911117070e-01,6.220752879467922325e-01,9.217775126151014353e-01,7.878116306464789664e-01,5.600944809876098329e-01,5.672084834846864432e-01,7.040976726173581168e-01,6.675630853208437410e-01,6.200023719529291766e-01,9.373925875548955178e-01,3.172668756536950463e-01,6.041878851028227304e-01,9.228821076892369524e-01,8.230276141191721351e-01,9.372865501624053630e-01,4.950000692133584845e-01,7.717283807049297728e-01
5.057234267375249059e-01,8.609751963031693212e-01,9.007744683592506796e-01,0.000000000000000000e+00,8.496839481373981151e-01,7.162964314022346457e-01,2.233582659598662701e-01,6.545389307359504860e-01,9.755844482713825760e-01,6.475711836322655124e-01,9.486316790627877804e-01,5.411776903411932294e-01,9.922354923925829073e-01,8.033011127987070843e-01,2.523178714889393603e-01,9.817321777125829207e-01,6.845221857455225933e-01,6.149820047573005821e-01,3.697006868461841234e-01,6.097349472641169221e-01,8.117101662698861242e-01,9.307394633137698881e-01,4.127963837051730200e-01,5.798700795875635361e-01,5.162994862912013705e-01,9.504706558639788305e-01,6.133877899896569286e-01,6.049978286978301423e-01,6.484196459269829793e-01,4.295830294900775947e-01,2.882974975637391246e-01,4.408324896354167133e-01,6.511348027525094562e-01,6.184962936028046698e-01,6.895457267308573446e-01,4.549645744343971399e-01,4.833911434300943721e-01,6.993392638762477853e-01,7.327005189711204292e-01,7.193920925368989527e-01,6.663402368644562035e-01,6.435043534981229607e-01,6.677627029377298795e-01,8.350484294142226371e-01,8.148566262020332518e-01,6.108639283960801691e-01,9.942114672854671653e-01,6.593625576713146863e-02,6.350590800778700418e-01,6.438774868794211459e-01,4.869676596841227556e-01,8.184434237774292908e-01,3.389125734167230952e-01,6.168362438000110082e-01,4.531533608134628022e-01,8.951338188157678122e-01,7.771373745714620362e-01,7.809837494128677449e-01,4.126228632486108605e-01,4.626396768818393790e-01,2.949399102409873130e-01,8.457195730523303645e-01,5.499117173757542831e-01,6.519032167214802165e-01,9.570034770817800185e-01,6.488839634216726493e-01,8.249449545305420628e-01,9.990752961863509363e-01,2.058148591912074832e-01,7.921595385374027853e-02,8.026730944867542794e-01,7.125784461955374516e-01,7.458427686951327740e-01,-7.681954926921953641e-02,3.171556960107497769e-01,7.570242157321642740e-01,7.785342280248630509e-01,2.266919818174102375e-01,4.464708481297924858e-01,8.825768746534384812e-02,3.129286531629957846e-01,2.311526671553345291e-01,7.891644298354814069e-01,3.945782263210059204e-01,6.460382520259001504e-01
4.854543266921965139e-01,7.360635996906745859e-01,6.490178436207826307e-01,8.496839481373981151e-01,0.000000000000000000e+00,7.184930778605146395e-01,2.446705850397981608e-01,3.757543081276248365e-01,3.001223720510018400e-01,5.733227213728357974e-01,6.180339972267949733e-01,9.718204654889791572e-01,4.966175245489621304e-01,7.237958656838149318e-01,9.256464890477283936e-01,9.745370811196841787e-01,5.239154612550095402e-01,5.207025078526409390e-01,6.372693420394464070e-01,3.536512665686368240e-01,9.878381424074966777e-01,5.195252448269507273e-01,8.935148056399134786e-01,4.801446515773590273e-01,2.341933907573414131e-01,9.331313285516618095e-01,7.718387060106103315e-01,8.526194463851959338e-01,3.975306644837535153e-01,3.382262301051759401e-01,5.595102450055224885e-01,6.934310229120453917e-01,6.631524710397264100e-01,7.220256746323296948e-01,6.068612684556565773e-01,5.177196998659004956e-01,3.899732324909643832e-01,3.443572708325814968e-02,7.560939673319275744e-01,5.488272319970127766e-01,3.655439019763779829e-01,6.919271980722446758e-01,4.187773259678805871e-01,5.782444675412808932e-01,6.227699965510455904e-01,6.894463415381180127e-01,5.255755913962436576e-01,8.291558412244054432e-01,7.301180674355556288e-01,5.162189060893543346e-02,5.858609370157622509e-01,7.457486710039054056e-01,2.825912984030726216e-01,2.497603799659558199e-01,4.029493816754728397e-01,7.563693836634748369e-01,7.879615147987570900e-01,5.153461880677984164e-01,8.361077458430059561e-01,2.579853404752086021e-03,1.673404878157819520e-01,2.171888794304848158e-01,6.740869121426157351e-01,6.525755452520644040e-01,4.469597856990277784e-01,3.852063391223726763e-01,4.844904154807879171e-01,7.440879818673663548e-01,6.086800020395453092e-01,4.106747035576291949e-01,8.938115119272517228e-01,3.101086609681191764e-01,2.968604002352049909e-01,3.025891314291602463e-02,7.581667378545342562e-01,4.434524535665652079e-01,7.789986618915345495e-01,3.587768934397075338e-01,6.971803931081094197e-01,5.315353188974628607e-01,6.288633851635195837e-01,4.979640684803551820e-01,8.423405653326077047e-01,5.151732279912583090e-01,2.664778388014342192e-01
9.241513183774305862e-01,7.950506910394974369e-01,8.881275482827601930e-01,7.162964314022346457e-01,7.184930778605146395e-01,0.000000000000000000e+00,5.368178279455215751e-01,7.242452725190318130e-01,4.395266656196947785e-01,5.162723752735571825e-01,9.645208075842520712e-01,7.872512830819305973e-01,9.065468985388513978e-01,8.323716390373253615e-01,4.682796355117544440e-01,9.772020209147551650e-01,6.417740899273580713e-01,6.420773148815237530e-01,4.617822610478955481e-01,8.202676854850342592e-01,6.874454644561016625e-01,1.930136573011229650e-01,6.925257613215569652e-01,8.381282013227605576e-01,2.912059137513399731e-01,4.469993187710095128e-01,4.019597473404842858e-01,7.767398588528532377e-01,6.283732368472267904e-01,3.385424022695161517e-01,5.447113857711748386e-01,7.840901049493125274e-01,7.832177965678189802e-01,7.456041244280117164e-01,2.001729509726204725e-01,1.022200576876646227e-01,4.220566512165185163e-02,2.429079894115306337e-01,9.205527659543086827e-01,9.567842578742302706e-01,7.098334081550461416e-01,4.877640335727938536e-01,8.492989103390032879e-01,8.505124710811764466e-01,8.145467794390139904e-01,9.179251209276652057e-01,9.817715534100658337e-01,8.374455075717367469e-01,8.037459261268321553e-01,2.977723437747114565e-01,2.531788250049743505e-01,6.941974842075775420e-01,8.487098108867070501e-01,9.548441688411235528e-01,8.985984086667625492e-01,9.803861267781379674e-01,8.612476555921799726e-01,4.808504011787608778e-01,9.311775088630791508e-01,6.135769564732570513e-01,-4.671014208123352995e-03,5.208570122279763126e-01,7.106647997450955545e-01,9.264317715210160786e-01,9.873673069708495120e-01,4.534010028916523605e-01,9.309376126798601936e-01,7.309171526871807156e-01,5.738102950401287039e-01,5.784214637818613225e-01,8.948757774175154500e-01,4.316464873259026058e-01,-3.388920807638531874e-02,3.778188447171082487e-01,3.409860188036453188e-01,8.675861439569596545e-01,5.099508389438598410e-01,5.703588952275990831e-01,1.685046259831820548e-01,6.590812937196226518e-01,5.730649218750378804e-01,5.756333205548062049e-01,2.326373511804974981e-01,3.769501733569271540e-01,3.909396440555753527e-01
7.735639877905541306e-01,6.789265457219365585e-01,4.189963337784591291e-01,2.233582659598662701e-01,2.446705850397981608e-01,5.368178279455215751e-01,0.000000000000000000e+00,4.092322960978417856e-01,4.584897808362813909e-01,5.105177985997503276e-01,7.305720668528465911e-01,6.787063605145430278e-01,4.103798136109414463e-01,2.861898580424814265e-01,2.706591613555612841e-01,5.547106974903672771e-01,4.580852371127882017e-01,5.533027425766037233e-01,1.870320837695161886e-01,7.152012964601260903e-01,8.106595527055078243e-01,6.461771734481308593e-01,5.950008766954055783e-01,9.201063020796369507e-01,2.904650412441594012e-02,7.632904538875107114e-01,4.294113881964770618e-01,5.212698619854958526e-01,2.299801171549951118e-01,-3.330469021853252332e-02,5.379619816711680436e-01,4.319687893097216014e-01,6.437485752139125994e-01,-1.348653455396424117e-01,5.866180335727254613e-01,4.445785146755913964e-01,2.429380515705732713e-02,6.279482000567853106e-01,4.954677711665504414e-01,3.260765385577958364e-01,6.198400694168758607e-01,6.433428939126820678e-01,8.269819119155998877e-01,3.699024094733227574e-01,4.603282851046290314e-01,4.035858556453694734e-01,8.882447281032590514e-02,2.917980004125967364e-01,7.470952314451234644e-01,5.129706846132617987e-02,6.564418995701062354e-01,4.295201109744494206e-01,2.617746933533009468e-01,6.671929330461968677e-01,8.005866512083753550e-01,5.313527768683644625e-01,5.315585107496554329e-01,6.478842880081029376e-01,5.772161652367898688e-01,3.351091971191006991e-01,4.827392824104708158e-01,3.164205432376386851e-01,5.326963271561925284e-01,9.390163212334042830e-01,9.993831272972415469e-01,5.372802551295428053e-01,5.000164300904391679e-01,7.507208373066976970e-01,1.101639998914665519e-01,6.196426456159964680e-01,5.680353150088208736e-01,6.408174415223981679e-01,6.413818438400979982e-01,4.151052329058413370e-01,6.605219795394162707e-01,4.682010772430026391e-01,6.351621465062752270e-01,4.519457037896945639e-01,7.032093921386195490e-01,2.945307763917506816e-01,4.837091791112806960e-01,8.147737647318888943e-01,2.859504205922805409e-01,3.538802675087161509e-01,5.202705065810628859e-01
4.799452941522227567e-01,2.774222787128418632e-01,9.784105904272176746e-01,6.545389307359504860e-01,3.757543081276248365e-01,7.242452725190318130e-01,4.092322960978417856e-01,0.000000000000000000e+00,3.606469995885630553e-01,5.692211571867112907e-01,7.716753012305783699e-01,9.432735446449839189e-01,9.046387663636690224e-01,5.813524517684696136e-01,7.408773012663527613e-01,5.316891334395397184e-01,4.979508756476019871e-01,5.339602797940530277e-01,4.065590322764565667e-01,6.436838808229083941e-01,9.895163376163651492e-01,7.906059725397768245e-01,5.325854743830084059e-01,8.630960324664178618e-01,8.688218134974083906e-01,4.208283489874186101e-01,1.875541842226820521e-01,8.114099790457324213e-01,2.570537694876273704e-01,5.213336955038664344e-01,1.381803531325286327e-01,3.525242117349119964e-01,7.878074515191297866e-01,9.370622250504988537e-01,4.565714427549958376e-01,7.930200071712585341e-01,-7.918072473493004138e-02,9.531969188048410313e-01,8.866199264723126916e-01,5.000371198630586544e-01,2.491016632871930203e-01,6.571854592488335367e-01,6.194144619895569637e-01,2.206060980005319916e-01,6.785137813766359827e-01,7.553521382995520561e-01,4.122729390217599876e-01,1.976394017337274045e-01,3.737623619595401570e-01,6.331503135187883657e-01,6.781587472179730902e-01,3.514472869006945999e-01,6.926476003659990388e-01,3.546391528905203927e-01,9.303373186319578991e-01,8.588385328987842016e-01,4.885335015957534277e-01,1.001023632324334056e-01,7.865022043416286524e-01,4.099013937991847767e-01,3.788214748631811291e-01,2.453820446974394331e-01,9.890222498692525788e-01,9.189019934063185069e-01,9.571571211617929675e-01,7.723320550492569492e-01,4.692740128447832615e-01,3.586693082321940063e-01,6.293145224596553566e-01,5.932736957829894964e-01,7.825335776506040508e-01,6.479021278098786585e-01,3.391019816416365185e-01,3.756351155375818318e-01,3.314445066463986844e-01,3.093754067071912139e-01,5.146466813080033953e-01,4.835309129605525058e-01,1.826698576527532314e-01,1.282090388631239586e-01,-8.205330934689016031e-02,9.637524593925860250e-01,2.481041621806084341e-01,1.071018313213299156e-01,5.473286254473170853e-01
6.604833046457152523e-01,4.088350361754702900e-01,7.611424263860500083e-01,9.755844482713825760e-01,3.001223720510018400e-01,4.395266656196947785e-01,4.584897808362813909e-01,3.606469995885630553e-01,0.000000000000000000e+00,7.006111455387808995e-01,7.681620442481122968e-01,4.454192156525049913e-03,6.818733592508191554e-01,9.959233807217218182e-01,6.068230518374221338e-01,4.478457330303267647e-01,7.749880250603434773e-01,6.745113470401516986e-01,6.571283848808437966e-01,4.670101132393480459e-01,9.626078092019224597e-01,5.211671207405838002e-01,5.078401067272809710e-01,9.766452009856854133e-01,5.208945774373789916e-01,3.347053016527659075e-01,6.596865936374722850e-01,2.252135031340966598e-01,3.064154674185640137e-01,4.633525133864468404e-01,4.140979105738426536e-01,4.315403197994688855e-01,5.976980256786702528e-01,5.024176780976392642e-01,6.949839759409884854e-01,2.535394178965759138e-01,1.985432015625255842e-01,7.407713359762995164e-01,9.873046998571692878e-01,6.541293083455366197e-01,3.060354933218681905e-01,1.053797834951815671e-01,7.984697043571067354e-01,5.453599334829996037e-01,9.229234278046706264e-01,6.311679031857977407e-01,2.458971090121753744e-01,6.201183038540958488e-03,-1.761071536145370764e-01,4.222922258663230899e-01,4.570577676166631687e-01,6.135475553072521349e-01,7.728841840860458667e-01,4.880505248839537291e-01,2.043149694009514517e-01,4.556103370161071475e-01,5.785493724863807197e-01,6.007548794131865044e-01,6.240673258220597042e-01,4.003326375875618237e-01,3.282418415174531701e-01,7.108634720999477130e-01,7.550540773943358319e-01,8.570823738062769426e-01,4.993077267143992692e-01,6.177295840744387867e-01,4.271219681411064228e-01,3.301983782641610965e-01,5.464633406499809221e-01,4.190592751565498930e-01,2.126772219360349714e-01,7.854780025010958955e-01,1.088995236007384146e-03,2.656125995445833832e-01,4.916454134603712722e-01,5.120902011264374387e-01,5.541576641534985415e-01,7.340671527486278825e-01,-9.019136022313054002e-02,3.270255302189379321e-01,2.393212810766473519e-01,9.460223733181869488e-01,2.393215917214288890e-01,4.071239393180976496e-01,6.071953630451257800e-01
9.547761573194679663e-01,7.285733372490540427e-01,6.861178674443771941e-01,6.475711836322655124e-01,5.733227213728357974e-01,5.162723752735571825e-01,5.105177985997503276e-01,5.692211571867112907e-01,7.006111455387808995e-01,0.000000000000000000e+00,9.475369784944520646e-01,7.335687316819955450e-01,8.948530402801272432e-01,2.370015990989164378e-01,8.069960448372782702e-01,3.663800446028112612e-01,9.546788304792173108e-01,7.963991325043204839e-01,2.879286061197103286e-01,6.053766257246803173e-01,8.411966516333488908e-01,3.466861493956203133e-01,7.078026490296821516e-01,9.328732119293601244e-01,8.570006332301002283e-01,8.121149847738643457e-01,6.501276483347181445e-01,6.096852335057680872e-01,6.231874508312079675e-01,-1.938808477270569652e-01,5.173676071371172691e-01,5.883742972430958673e-01,9.801484435547003216e-01,7.874890354213427424e-01,6.319404705968638680e-01,1.494813329703248462e-05,2.080717668004384846e-01,6.429131433416265251e-01,6.185720256815168128e-01,4.911400803181188435e-01,2.198250573760855142e-01,7.854902180798190026e-01,6.453369000260477106e-01,4.588886782139529608e-01,9.128594867495353204e-01,2.598467819975142090e-01,4.218826840611296647e-01,6.095156177912601780e-01,5.672899149151431342e-01,4.488589141721726627e-01,6.540851832307243985e-01,1.889299991182292193e-01,7.428548201773161885e-01,3.316212123383628363e-01,9.312265971171489465e-01,7.601433530656016568e-01,3.897501228202271580e-03,6.062128779325972605e-01,8.049941401227134197e-01,-8.767348195677841793e-02,4.185656289375246919e-01,6.717328533980713168e-01,4.056488980757048113e-01,8.860427281528719945e-01,4.165885659268477315e-01,4.262227283671051747e-01,8.279686840200787268e-01,9.358012631254981617e-01,7.501284448828200446e-01,6.912964242294955541e-01,8.784783319591416006e-01,1.760283661335454997e-01,-1.303020778192609253e-01,-8.841060791520879980e-02,4.791287903697559747e-01,9.859933861896672536e-01,5.165989499482247505e-01,4.873148418346172628e-01,4.293256627016056037e-01,6.833950475666712432e-01,4.674415576823793828e-01,9.318310038680179819e-01,9.009758539216523587e-01,2.523367073718727482e-01,7.691423958809980865e-01
7.548604742647053722e-01,7.614041537271111215e-01,7.992603962026660902e-01,9.486316790627877804e-01,6.180339972267949733e-01,9.645208075842520712e-01,7.305720668528465911e-01,7.716753012305783699e-01,7.681620442481122968e-01,9.475369784944520646e-01,0.000000000000000000e+00,9.201081897187731728e-01,8.711242330579611615e-01,2.017874050500145233e-01,6.332507345934341725e-01,-4.509542526156751219e-02,6.368032281337423495e-01,7.715400130311936278e-02,9.750654249610929414e-01,9.158042464710068886e-01,9.112697734260165605e-01,7.846309888811879851e-01,2.118605484759498725e-01,8.335234850845448795e-01,4.357225040802038540e-01,8.856310685353920853e-01,5.321098453116572813e-01,6.222802736082904129e-01,2.643420697022499377e-01,3.017891173330218835e-01,2.582532201317670473e-01,6.551713844041406887e-01,6.474909882191821620e-01,9.392928560156549311e-01,3.258765149150004703e-01,5.149475018655529368e-01,3.530398969008264887e-01,7.293619096655302725e-01,5.674566153171674010e-01,9.186324942007224603e-01,2.370676683042819699e-01,6.568708506138082326e-01,9.833747090023706727e-01,9.457443339373080571e-01,8.421571197363295624e-01,4.628661227455472260e-01,6.941986510329276605e-01,4.044490867493171771e-01,4.437299784299179595e-01,5.764269711123564122e-01,2.538434893971667772e-01,4.584315245603804434e-01,5.377656491771326541e-01,9.623954821377680435e-01,9.388170108376636680e-01,6.654971686725252855e-01,8.068408471294963302e-01,8.389166418232538724e-01,4.255240443039584042e-01,1.765576462205067365e-01,3.858015713920852630e-01,4.912721891155343301e-01,6.837410322046167943e-01,8.376212757442971224e-01,9.164464675884015366e-01,5.499479181235416014e-01,7.822352309916720259e-01,5.051588903399054642e-01,5.476236986507583282e-01,5.307977279123403669e-01,9.024681603734082680e-01,3.120588340635963021e-01,1.308992207744282543e-01,6.199005840282370006e-01,5.206355414076726529e-01,4.518179002968212288e-01,5.939900007903309298e-01,4.940589227640249659e-01,3.853586187232665994e-01,4.482133649391220609e-01,3.191338724022171336e-01,4.065534636906636967e-01,9.804940818695511151e-01,7.117239939064249343e-01,3.278812056612326886e-01
6.425206418842708267e-01,8.426916221406436369e-01,6.747854862170384882e-01,5.411776903411932294e-01,9.718204654889791572e-01,7.872512830819305973e-01,6.787063605145430278e-01,9.432735446449839189e-01,4.454192156525049913e-03,7.335687316819955450e-01,9.201081897187731728e-01,0.000000000000000000e+00,1.140046124525734839e-01,4.994883699956306211e-01,2.985592035376852249e-01,8.763279538031103488e-01,8.773691412992036254e-01,7.145179034143523955e-01,6.268040939782768550e-01,6.492696335126120211e-01,8.822539921729924961e-01,3.173000606617422115e-01,6.243973929536604794e-01,6.227961392522572970e-01,2.627169753361388582e-01,7.811595862505403831e-01,6.529225024314435633e-01,6.071168526633100582e-01,5.079649341565579679e-01,2.615338959988912637e-01,1.844555341576105123e-01,4.300540872889471178e-01,9.405095567623048547e-01,9.080528284004402151e-01,3.003363522158366550e-01,3.902537207088272453e-01,2.473259520335975015e-01,6.001441131818930907e-01,8.096790671270880368e-01,6.461174038846736467e-01,4.703928344324157657e-02,7.243253712432755620e-01,9.832665599542768087e-01,7.404545312127405188e-01,7.250218116109414801e-01,8.008687056246870384e-01,5.684428595256565409e-01,6.926103759940980265e-01,6.969827296593994470e-01,3.431115798950646889e-01,6.774346993548971962e-01,7.606517171650603037e-01,8.437406839863978991e-01,9.788189965018923022e-01,7.641171470289785939e-01,9.082442754654760364e-01,3.468187152691740716e-01,4.345238615252629000e-01,3.654837848020636715e-01,8.684190343550916014e-01,1.696428876918267825e-01,7.432860522777167134e-01,2.981672042259929101e-01,9.833186072529853661e-01,4.187784169888165708e-01,4.607805870794066117e-01,5.574255516879572658e-01,6.472255123370019847e-01,4.160801256869315901e-01,7.837507784748432016e-01,6.567667261750370633e-01,7.912409522954365615e-01,2.694064511914849858e-01,2.527290481470355066e-01,4.889096718171022649e-01,6.615063449380185201e-01,8.095712472828697770e-01,3.241207727961307183e-01,1.989019938227399031e-01,2.154078889300339861e-01,3.609051340853096645e-01,8.297789632817182959e-01,7.180461585150988979e-01,1.919758816834518655e-01,3.602033568572902134e-01
4.885045129887423121e-01,6.265220402516009646e-01,7.004514887529623701e-01,9.922354923925829073e-01,4.966175245489621304e-01,9.065468985388513978e-01,4.103798136109414463e-01,9.046387663636690224e-01,6.818733592508191554e-01,8.948530402801272432e-01,8.711242330579611615e-01,1.140046124525734839e-01,0.000000000000000000e+00,6.509500388434255047e-01,6.297521956157119405e-01,6.972028311938592848e-01,4.086490462087344344e-01,4.814446615248240136e-01,5.240522693813425281e-01,7.227136198735713002e-01,5.072942737350963904e-01,5.190339640011789601e-01,5.758413145678192846e-01,2.196306852988837988e-01,5.399381069714589421e-01,2.824096098654583775e-01,2.004247262370130733e-01,7.627485813329543118e-01,2.841162529595094854e-01,2.798284892564163462e-01,3.722640091095096304e-01,3.510431725907845468e-01,8.448065278245862064e-01,5.862537901644608862e-01,1.430318984150253658e-01,-1.689731185534774638e-01,4.757281536813010581e-01,6.126212396623431644e-01,8.121260289532905574e-01,2.504372397328424316e-01,5.728592862114791906e-01,8.938840071682536692e-01,6.868784407933823388e-01,4.289641981682926208e-01,5.051229802468680807e-01,8.649424066118166499e-01,6.697077335740291293e-01,6.248190876031105567e-01,6.129420063268269381e-01,5.795945514892296702e-01,5.326543939837964647e-02,7.262830416686673063e-01,5.651727304206152214e-01,6.465969167055909406e-01,4.799728190092945046e-01,5.154525769990198070e-01,7.305331701305073366e-01,6.762998329786057417e-01,5.541751984113904017e-01,1.285675950342646812e-01,2.248910263889467853e-01,8.455245891863490959e-01,7.212975255781963746e-01,6.076474933168942716e-01,9.260675246417454654e-01,6.180408661809613236e-01,6.008443730970712826e-01,7.874124964691552320e-01,3.879090982918917963e-01,6.259751422406193422e-01,8.517532863813439548e-01,7.366263932572258977e-01,3.964065919715769049e-01,2.992476975240128123e-01,3.184807138460745563e-02,8.646974795593093122e-01,8.533407490347499902e-01,7.804463679735436088e-01,2.234562709577376793e-01,7.339602619598153410e-01,6.356626951473558496e-01,8.023969037739822063e-01,7.596731120677837623e-01,-2.399204356110902214e-01,7.605165471884229866e-01
4.204151554684778525e-01,6.348628735352970232e-01,7.119640075248656608e-01,8.033011127987070843e-01,7.237958656838149318e-01,8.323716390373253615e-01,2.861898580424814265e-01,5.813524517684696136e-01,9.959233807217218182e-01,2.370015990989164378e-01,2.017874050500145233e-01,4.994883699956306211e-01,6.509500388434255047e-01,0.000000000000000000e+00,4.725636138619463411e-01,4.801124269689480695e-01,8.802881573024892159e-01,4.790975154196084884e-01,8.716618934679379871e-01,9.067647783538596018e-01,7.228116516946319070e-01,9.351062190592601686e-01,7.513005257889219246e-01,9.839350798583885727e-01,6.298894013250357915e-01,8.421621817280623423e-01,7.581356436254957920e-01,6.387155849217328596e-01,7.174465663973054186e-01,5.563937065669793958e-01,4.940650640070876065e-01,6.781782918601357846e-01,8.177070005749018655e-01,8.418372792996795528e-01,6.051104283787633875e-01,2.771193012250267040e-01,1.232771346340073015e-01,6.159240059774471199e-01,7.599312589059372680e-01,8.777370182984477465e-01,7.960707856501593183e-01,7.018234317650113852e-01,5.720505346780734302e-01,4.478070604312914815e-01,8.101490189177844581e-01,7.758901315268378340e-01,6.850000787241053990e-01,7.629001736062044348e-01,7.085448304575631129e-01,4.651007506129314906e-01,9.907197367129150223e-01,2.572411960363795158e-01,6.628040302549434992e-01,9.592134150129667525e-01,9.650806574516979097e-01,1.775141646924230932e-01,5.566588149321554518e-02,7.098203363861779192e-01,5.093769457091698039e-01,1.237287332752212698e-02,3.818714560266283087e-01,7.788015512394733664e-01,9.305347275250450689e-01,4.604260860999888072e-01,4.158813796010195629e-01,3.117588673965277501e-01,5.550780205432861436e-01,5.883316622867756918e-01,9.689322948339694763e-01,6.526524145274236188e-01,6.903814304261982615e-01,7.619037815814367898e-01,2.540446865196232529e-01,1.319816407471795794e-01,6.095170939724497972e-01,5.543697729434017285e-01,7.353188686849444489e-01,8.757077993585982156e-01,4.287857531758644258e-01,5.139341393261408486e-01,4.016734868073481013e-01,8.348457517628298241e-01,6.168954615170374467e-01,7.188175645720838725e-02,4.215995777409571321e-01
8.064227546199258523e-01,6.952095734493854984e-01,8.475942403647246381e-01,2.523178714889393603e-01,9.256464890477283936e-01,4.682796355117544440e-01,2.706591613555612841e-01,7.408773012663527613e-01,6.068230518374221338e-01,8.069960448372782702e-01,6.332507345934341725e-01,2.985592035376852249e-01,6.297521956157119405e-01,4.725636138619463411e-01,0.000000000000000000e+00,6.463973451646697344e-01,6.746482799715316503e-01,7.315460610827930754e-01,3.534658313734188040e-01,9.495695679889623042e-01,8.489931286836966962e-01,3.218298109756486114e-01,7.469850374620463640e-01,3.601665565237374134e-01,7.369513398999566478e-01,5.029005930734630203e-01,8.143309513657759346e-01,4.011420084364385463e-01,3.520983392566931491e-01,1.350082308793169317e-01,6.030033742365441540e-01,6.820363972814316167e-01,8.287273360894609198e-01,1.497604027633779311e-01,2.899765465824152844e-01,2.313118830172111451e-01,6.103707492209129587e-02,5.477979380600599413e-01,8.961810524732061189e-01,7.515133019417173932e-01,5.026029080272216287e-01,5.977627550074649139e-03,5.710792321557952578e-01,1.021401075725651975e-01,4.074688480993918782e-01,9.166179270499201781e-01,5.916210329853013317e-01,6.319988799435238835e-01,9.884448752597382315e-01,4.218157273439216426e-01,5.735077813045451611e-01,1.156161082238682386e-01,2.623215177999694836e-01,5.524208191313457750e-01,9.823529993453282705e-01,4.890087523647602130e-01,3.251872689769169655e-01,6.520467908366154308e-01,1.691607815225307510e-01,1.136480812708704630e-02,1.120319957519388537e-01,7.393004227874131473e-01,8.125994572735021348e-01,6.898989397943134927e-01,2.412206819474364550e-01,7.569746370619047093e-01,2.714747218328366629e-01,9.429365377838494489e-01,6.334530219089546943e-01,7.196351263398015341e-01,9.345212924756403083e-01,1.433396525385188802e-01,1.769397262009597682e-01,2.705821097387383078e-01,4.594705053601322309e-01,2.772821103299164536e-01,4.969622820465755542e-01,7.245643679033615392e-01,7.471604725638684164e-01,4.550690492602239567e-01,6.818383636360975109e-01,6.924600392046211805e-01,6.948737209511445245e-01,5.441175252513829053e-01,7.194106391759222952e-01
8.850453594015571523e-01,9.815478167779935204e-01,4.564553290392819873e-01,9.817321777125829207e-01,9.745370811196841787e-01,9.772020209147551650e-01,5.547106974903672771e-01,5.316891334395397184e-01,4.478457330303267647e-01,3.663800446028112612e-01,-4.509542526156751219e-02,8.763279538031103488e-01,6.972028311938592848e-01,4.801124269689480695e-01,6.463973451646697344e-01,0.000000000000000000e+00,8.378070149930807453e-01,6.261257773920917424e-01,4.654448009216907711e-01,4.510850841453010185e-01,6.088443405818766418e-01,5.590534216150844227e-01,6.524518058597970072e-01,3.926850528381538030e-01,5.390511619681324085e-01,5.173292684287801313e-01,4.585322643773080409e-01,5.821720445846387815e-01,3.214626030027668002e-01,3.436030578580825390e-01,4.435753016031651064e-01,6.257035231197143332e-01,7.104957045363985424e-01,1.246843018098421629e-01,3.662087188546264693e-01,2.524905765905379740e-01,3.246365083951483488e-01,6.740665946365955730e-01,3.082274748487593419e-01,9.721989297055372292e-01,6.393899070186099820e-01,3.670753785647202783e-01,5.073244582932376900e-01,6.006430722960385271e-01,9.584738772641316906e-01,7.351391483537956795e-01,8.110385074704944408e-01,5.177502827334066193e-01,9.177677703711800694e-02,7.886252264602673367e-01,8.348630940996247807e-01,8.237162548735433854e-01,5.542210079699894099e-01,8.964395409832861539e-01,2.182623418909466761e-01,6.634430192617932764e-01,5.552568647187456907e-01,3.340499512989028030e-01,4.112163240797828689e-01,3.796642226483478710e-01,2.969710062101095227e-01,4.941030697012853690e-01,9.784812200680605976e-01,7.233992108638037655e-01,7.996273902771002806e-01,-1.724166651156149865e-01,5.067712821588019612e-01,6.833317518498482901e-01,4.593567235490379069e-02,6.967501199821840574e-01,3.023975608553601258e-01,4.911660538081220606e-01,7.295963694209461892e-01,3.264039150862285688e-02,7.750085794306079690e-01,6.610057888995102271e-01,3.257319157438134383e-01,6.711273554041691236e-01,2.902047236471581582e-01,3.141588745466775690e-01,4.410679088397846948e-01,5.558192391367323681e-01,6.725147425878891250e-01,2.026270712802263341e-01,1.793532819052266469e-01
7.268750412415140305e-01,5.782312308929289379e-01,7.741090680165203519e-01,6.845221857455225933e-01,5.239154612550095402e-01,6.417740899273580713e-01,4.580852371127882017e-01,4.979508756476019871e-01,7.749880250603434773e-01,9.546788304792173108e-01,6.368032281337423495e-01,8.773691412992036254e-01,4.086490462087344344e-01,8.802881573024892159e-01,6.746482799715316503e-01,8.378070149930807453e-01,0.000000000000000000e+00,7.384142833448679166e-01,8.172381824786953963e-01,7.629041763708837021e-01,5.580805071311675247e-01,4.839991034805327663e-01,9.708640370308121437e-01,8.514640041207705012e-01,3.936171364228179814e-01,5.879341519499162727e-01,2.746018622816850940e-01,9.118110536973083047e-01,5.459282398666235325e-01,2.426323730680286228e-01,2.124868992590232125e-02,6.766155664108899348e-01,6.259666555607990013e-01,8.413066901648520446e-01,7.607458799961260842e-01,5.987793207939446916e-01,2.109349329440910609e-02,8.198485498411767214e-01,6.511574912518689473e-01,6.171178968176977975e-01,6.304520391937679102e-01,9.489740777922062165e-01,9.351113578356093914e-01,7.917449979768539370e-01,9.253303503231459226e-01,5.177640857407582731e-01,9.337223333760714672e-01,8.744010800074815404e-02,7.713762348389453516e-01,4.167214443545549374e-01,6.583782893263353531e-01,7.290783188260322456e-01,5.738503846768435723e-01,9.303325734755800713e-01,8.149077177420455120e-01,4.636279269026916672e-01,4.985383141610436608e-01,6.944993291503162025e-01,4.318818851960262717e-01,3.404743399268916337e-01,3.643681812899709493e-01,9.523457742412553273e-01,2.970644717889697750e-01,6.615853644346322282e-01,9.378869836745472588e-01,5.778980923793375357e-01,6.080211573385789769e-01,6.385362616941673286e-01,7.810122816776728927e-01,6.184829602545249827e-01,7.558223450442311808e-01,6.987019430395650099e-01,3.563991717020450478e-01,6.892964603034896776e-01,6.596025779076991613e-01,9.639258383279909470e-01,2.676925260322379208e-01,4.434247542910639828e-01,5.354523018111405630e-01,6.903101890643101868e-01,6.860853855601681817e-01,8.897241825085425715e-01,7.130523820216048136e-01,6.979812558254764321e-01,9.407843313607693325e-01
7.933076953278485055e-01,7.482958420820667866e-01,7.188559698363116146e-01,6.149820047573005821e-01,5.207025078526409390e-01,6.420773148815237530e-01,5.533027425766037233e-01,5.339602797940530277e-01,6.745113470401516986e-01,7.963991325043204839e-01,7.715400130311936278e-02,7.145179034143523955e-01,4.814446615248240136e-01,4.790975154196084884e-01,7.315460610827930754e-01,6.261257773920917424e-01,7.384142833448679166e-01,0.000000000000000000e+00,7.175093705119282017e-01,7.933906339437013511e-01,9.703395263148624217e-01,4.034645993074926218e-01,1.859772813318480433e-01,7.326327949028672570e-01,7.943023836833245088e-01,2.327687771437114139e-01,6.029341207154730320e-01,4.897309669717366809e-01,5.717054769152644100e-01,4.449136744668141796e-01,7.539621856240963371e-01,7.967649023070220160e-01,5.651475426926811929e-01,5.545387326055100097e-01,4.107286461777482356e-01,2.538334260011828047e-01,3.199738165035320714e-01,5.904069671246410245e-01,6.243179002709149383e-01,7.417857638795448683e-01,7.165916469347680118e-02,6.479631814718590510e-01,5.764113833483521798e-01,7.173828003993036884e-01,2.938298294608980288e-01,7.909986572377676328e-01,7.760461951500923217e-01,2.014805051968338034e-01,5.801912315689324862e-01,4.327590703818267048e-01,4.682754817055764796e-01,5.917403500091189539e-01,6.781747491759170243e-01,7.071703448056541053e-01,4.555550543201112856e-01,3.896921911078198297e-01,4.928743871139365518e-01,8.456273393361201096e-01,6.055516346382081583e-01,5.056524460022346901e-01,6.180464868389040634e-01,9.279420882094933098e-01,3.266990075957470346e-02,6.290352000812253763e-01,5.273394281472723044e-01,9.066815096620827186e-01,5.336024811534345602e-01,5.945158183765302251e-01,2.508549680870952314e-01,3.918191888244414445e-01,6.992816135730836047e-01,6.678477490284293605e-01,7.835441493596400075e-01,6.209926306458602996e-01,5.746487194276623800e-01,8.732661132968650985e-01,3.376151980546011622e-01,6.979049102033849650e-01,3.835408645640657199e-01,1.474163300619500128e-01,8.929734942896508376e-02,8.638811053147825714e-01,9.126323823364258514e-01,3.035889299043096901e-01,5.077245951464443019e-01
