0.000000000000000000e+00,7.256123185337812753e-01,6.311159124600548287e-01,7.723020778178475432e-01,7.605516332351605069e-01,6.806299871730233653e-01,4.976554441671442452e-01,5.628142638999538150e-01,9.906314967278544437e-01,3.637383118388129999e-01,5.964656447023307662e-01,7.801475089482788894e-01,7.467301871998208718e-01,2.407941601654813579e-01,8.055745155839822980e-01,9.213005448027391520e-01,8.570442385553305176e-01,7.894432854738075989e-01,3.567535962380223857e-01,6.062690253264728657e-01,5.825803221602128268e-01,6.353821176014600169e-01,8.409463933741357505e-03,6.748345522937970742e-01,6.870196884976129681e-01,6.092865108532337093e-01,7.311976364003065498e-01,5.208482786067709647e-01,3.235837744214749012e-01,4.868671990513926406e-01,5.669519057356189329e-01,6.372728261984935694e-01,9.994946607901223912e-01,5.418316680691759313e-01,7.521301869452670097e-01,7.400285595229523228e-01,2.777449988480891474e-02,6.419273707443226007e-01,4.964711340955602070e-01,4.009140698575632822e-01,8.562192102662657955e-01,-2.798824487849960185e-03,6.869747513671604633e-01,7.485690206713953021e-01,9.845482175217263876e-01,6.035397161498000651e-01,4.318084098344237565e-01,5.616817823148879674e-01,6.211984449172354150e-01,7.539990086551314752e-01,7.245855986667170123e-01,4.354425281735715414e-01,7.754734817899255894e-01,9.355148143804773442e-01,6.425483465752277468e-01,8.229408087972936992e-01,7.094686920901289717e-01,4.190809635444918135e-01,7.538977278634585444e-01,5.440197290996138246e-01,5.237862060154554467e-01,8.577739325977347118e-01,6.633798165310648143e-01,8.905266868639506450e-01,8.410678632982465652e-01,9.319672325191918905e-01,6.119810196237924771e-01,8.964836985570406869e-01,4.109079015030815407e-01,6.303993801864995472e-01,9.573595608059979334e-01,4.829595537002473460e-01,3.700739694323590401e-01,3.234054245508860559e-01,7.084176259227189520e-01,1.497669093582102706e-01,4.133341426594819290e-01,4.970589190267784563e-01,3.875452847799712996e-01,5.401636617628793879e-02,5.693441326876347297e-01,2.252900960319774715e-01,5.061006719194376391e-01,2.515293461622127857e-01,9.744351941699204156e-01
7.256123185337812753e-01,0.000000000000000000e+00,8.836942722228573466e-01,9.846887069460111830e-01,7.432651624385570033e-01,5.187958699816528352e-01,7.421581556965918258e-01,-1.883802866661645203e-01,9.333695964668816680e-01,3.346577213145603968e-01,5.394244338601175137e-01,3.228055976285483242e-01,6.019308218975395475e-01,6.713408932350001246e-01,7.845386464369086266e-01,7.138414301638124071e-01,9.914057733635825986e-01,6.114915511130051273e-01,9.036399884962584839e-01,3.761317010885113499e-01,4.213672554970753770e-01,3.158772348603013369e-01,5.889454162645695323e-01,3.478097336848962051e-01,4.223014491091001688e-01,8.008300349249005690e-01,8.615578321311690990e-01,7.144313028518227693e-01,5.206883947925577960e-01,2.771205894209280984e-01,-1.791143532571444763e-01,4.044732217523776957e-02,5.601532585060291503e-01,3.020709744415344122e-01,2.109248381053805688e-01,7.797423928239802238e-02,-3.232948693786630301e-02,7.013756720115871257e-02,6.225705792121251081e-01,1.259112858228559062e-01,1.043330999627982564e-01,9.403525071505965949e-01,9.540593079887832451e-01,6.602286562697725625e-01,4.644011095473002948e-01,5.155336430822604621e-01,6.815355175224474538e-01,4.662321544453107980e-01,1.698899923338424434e-01,6.040187152539168158e-01,5.013485222085446447e-01,5.627039960490758386e-01,6.632629635476489094e-01,5.771975315437677390e-01,8.695462643263018876e-01,7.417686604459813315e-01,3.046216304793265550e-01,5.960580605948571087e-01,6.075858195425996033e-01,3.581529464907864946e-01,5.383390335734804522e-01,3.303982678900526659e-01,9.800835410736258302e-01,5.405331076353592223e-01,8.241057981284920508e-01,2.479824132727618535e-01,9.084663429375368360e-02,6.272090923401129059e-01,7.201922012787574934e-01,7.138928287269949990e-01,2.822031760761793961e-01,7.300101592750538604e-01,7.810827723927223909e-01,-1.277112904344389066e-01,4.433347894528487099e-01,5.923190529236688207e-01,8.421343519007362666e-01,5.807606122297649387e-01,5.984736935808029346e-01,3.528216316028003896e-01,5.901764477306015166e-01,2.456352360046834826e-01,4.259323622792823838e-01,6.148049785525886435e-01,8.335342012625608366e-01
6.311159124600548287e-01,8.836942722228573466e-01,0.000000000000000000e+00,8.417723434290049767e-01,8.769768690840322733e-01,8.535691571420659374e-01,7.498404817348609530e-01,8.422220594289617779e-01,3.976323785866469063e-01,2.268340781384299565e-01,7.740119964149435594e-01,8.916054353916339492e-01,4.706351342223856760e-01,8.404107242636291719e-01,5.077879350124060442e-01,4.357852659770881099e-01,9.580289823455145903e-01,8.264924325994834620e-01,9.621777331250154219e-01,5.344618406987984294e-01,6.564929315171676993e-01,8.024167012559023648e-01,6.887373295500821557e-01,7.353066696414874981e-01,6.887027386046346011e-01,8.958661001623029474e-01,5.051276896865775079e-01,8.953809822130827101e-01,6.456055981390390608e-01,5.230896785948061511e-01,3.288962751265387396e-01,6.299201963826804862e-01,8.906577825304868856e-01,3.222977697750053355e-02,7.148977692759694857e-01,1.209523811658684278e-01,4.023415460310748593e-01,8.704438750733624053e-01,6.671278852888501421e-01,8.456866593144620747e-01,3.699938244709743973e-01,7.550432935578329507e-01,5.920422366543127701e-01,8.013433208713182099e-01,5.571936856707554453e-01,6.276870399695586578e-01,8.928830388192184886e-01,9.922436959783882404e-01,7.258444211475552077e-01,6.178943574491448931e-01,5.267336103173374529e-01,3.214978261382844815e-01,4.711665993306168865e-01,6.779731662530016356e-01,4.235351268538535274e-01,8.010617378786326626e-01,9.006408309390132594e-01,9.256971219153280472e-01,7.622185142729775986e-01,5.622268283364655339e-01,3.268552182156299057e-01,4.968395830415890391e-01,2.080436636881595747e-01,9.366630095188134275e-01,7.124194893443177579e-01,6.464310900659558934e-01,8.342959076472633573e-01,1.833543461709629396e-01,2.856970735316354260e-01,6.470881322135123570e-01,9.325310882556483438e-01,5.031089785914508727e-01,3.310593276158935172e-01,7.186850654835735819e-01,8.916721334368605811e-01,5.717768785900665396e-01,9.644438678875435489e-01,8.845366921892847678e-01,5.618804772912763257e-01,4.403387197620621252e-01,6.059380130064201397e-01,7.499131180226592530e-01,9.180725263550875148e-01,9.822168698560068689e-01,6.722020835170751107e-01
7.723020778178475432e-01,9.846887069460111830e-01,8.417723434290049767e-01,0.000000000000000000e+00,2.377201728894705601e-01,9.071130162967910859e-01,2.339996587802205819e-01,2.429352322873545023e-01,6.068071298557614623e-01,6.214575144130433104e-01,8.055332192438452443e-01,7.042650806247872097e-01,8.122858239106631739e-01,4.828955525828407813e-01,7.359823258332188756e-01,9.330856919553717210e-01,5.390271333218605854e-01,7.963146843893554871e-01,8.400454298885485782e-01,8.429559391663340451e-01,9.353591749386627185e-01,5.795756204099343778e-01,8.358194817672850441e-01,7.820045388299909916e-01,2.193476526552657069e-01,9.448739944057160667e-01,6.132034480221372208e-01,5.327101991957922111e-01,2.568565481221464775e-01,3.886898782499933480e-01,4.338786160786476387e-01,4.495642099941399121e-03,6.656972132799652275e-01,7.268719660372643387e-01,2.754070766401261472e-01,7.425604993650147811e-01,-2.577843326668286528e-01,7.114407248407049744e-01,9.536957973941009303e-01,7.860351727345346040e-01,3.460358336533485013e-01,8.852564598802323825e-01,2.848235840334444324e-01,8.724372661575505727e-01,5.165259556841257371e-01,6.099896682154044569e-01,7.557114945685866614e-01,2.413835535401472887e-01,7.892661102853661959e-01,8.658499657637926950e-01,6.350917951525489880e-01,8.585596655997905780e-01,4.505264202046770916e-01,6.113289815430072993e-01,4.723618792949851874e-01,7.416267647112184669e-01,3.973205934265834349e-01,9.431751660882689015e-01,6.508916780121564161e-01,4.252286688950662752e-01,7.451124191500061444e-01,8.513488904739658913e-01,9.153933668046159156e-01,2.767533377959786045e-01,6.220411878257310345e-01,5.717111552496632054e-01,7.881031846982238243e-01,7.127241064288429850e-01,7.444828255701816389e-01,6.099949654838014990e-01,8.349490330126905224e-01,6.552543962886340223e-01,5.003667067953617709e-01,3.311407250348779585e-01,6.790089067445422844e-01,-2.835676456437913329e-02,9.691336954772071799e-01,3.333287664367183822e-01,3.862554557547308587e-01,2.012062614310922981e-01,5.366027496422283161e-01,6.996609434234599689e-01,6.910512800742617534e-01,5.715597560967529134e-01,9.056402457769475722e-01
7.605516332351605069e-01,7.432651624385570033e-01,8.769768690840322733e-01,2.377201728894705601e-01,0.000000000000000000e+00,4.898921869271170570e-01,4.997547060538550245e-01,9.810683162519174827e-01,5.314586619153255365e-01,3.652231696322570942e-01,8.438500388613512371e-01,5.522600431269145682e-01,8.095421234644817332e-01,6.910415340690427843e-01,6.955928790733533207e-01,3.165689421075487675e-01,4.710165966555072692e-01,6.243864821405040733e-01,4.791181496936382511e-01,9.427782161600305466e-01,9.465010755664595710e-01,2.505809820264519039e-01,5.204891002116716070e-01,5.427885515618970924e-01,3.193024865449322069e-01,7.454597731710748132e-01,5.491473246533086217e-01,2.790329577215470147e-01,3.308802059374121862e-01,3.351799987192090047e-01,9.785206624217145099e-02,5.301020727700191948e-01,4.355123682921372419e-01,3.540472350912918786e-01,7.064301155966147272e-01,3.957972788195188718e-01,5.614508655700816142e-01,5.731005563645843459e-01,7.702862812234794188e-01,4.922132082106170925e-01,4.146878874421790484e-01,8.742453998628435530e-01,7.521328282880934690e-01,9.906362029096532629e-01,5.316884497626229722e-01,6.571666222315132311e-01,6.885613063617433971e-01,2.417571323107835790e-01,7.145650081382716179e-01,5.404475140967568425e-01,9.274043300282063251e-01,3.048953733181448134e-01,4.902503342217734428e-01,6.902086511375008504e-01,4.110890915091618414e-01,6.104752827757953249e-01,6.719215672664278216e-01,2.050094378713774590e-01,6.107065003520932844e-01,3.079359686382852623e-01,4.404425773430368785e-01,9.458649615407926925e-01,9.235958298909867636e-01,6.631109075293319943e-01,9.882282486874676142e-01,2.678511580596852903e-01,4.999665132004179613e-01,7.516887750691526593e-01,4.716611338019770505e-01,6.705548914069549005e-01,6.505037613551707398e-01,4.741766383465011447e-01,5.320645243821986448e-01,3.159047304507060505e-01,7.796327527468628338e-01,5.759338796603914457e-01,-4.984022867849416394e-02,5.489716452729991314e-01,5.786514033630099085e-01,4.626311509352132312e-01,7.160485343350222465e-01,7.339195789712011919e-01,9.337404783743598058e-01,-1.891687567518356150e-01,9.548640109122248643e-02
6.806299871730233653e-01,5.187958699816528352e-01,8.535691571420659374e-01,9.071130162967910859e-01,4.898921869271170570e-01,0.000000000000000000e+00,1.117647510397799110e-02,6.491183492915328923e-01,5.057076141887969500e-01,8.061152234398912819e-01,8.269771325543681106e-01,6.432028748715005184e-01,8.491295240452956250e-01,9.607650656739555872e-01,4.698667230339179102e-01,1.185407897931999299e-01,4.578072109220585606e-01,2.140893482714242568e-01,5.652328384830103414e-02,9.754618538380425141e-01,5.655252226281746175e-01,2.488995817493301344e-01,7.016015164187399122e-01,6.699852867745945684e-01,5.442279183051690339e-01,5.842590435649877012e-01,6.859895879558486342e-01,4.152223233263912516e-01,4.616818584405372183e-01,2.747894782527973145e-01,5.342735324482792425e-01,3.935986776146253030e-01,4.250210303699403225e-01,6.843612968286728604e-01,2.433351895084072403e-01,2.694271192852243924e-01,6.069453175209724854e-02,4.397370162840898988e-01,8.026251768802926678e-01,5.342028394739252173e-01,5.506574853261315683e-01,5.716209988344308490e-01,7.328995313122186328e-01,7.288487040739809464e-01,8.596407583140188713e-01,4.993187713454140253e-01,7.387610334587075833e-01,7.003157642214085099e-01,-1.040597468980120066e-01,6.520144299410174371e-01,5.754575901467596372e-03,8.196970176884927906e-01,6.081746792976151506e-01,5.418087218425788887e-01,1.236824603454745736e-01,4.207556721254448462e-01,3.231784802032132142e-01,7.414910146526304535e-01,4.436676103556549955e-01,5.115403827268794057e-01,5.323208275322567351e-01,4.884720850028908545e-01,7.842762462999431916e-01,3.572694283461788078e-01,6.680078218907880006e-01,1.312020143915476889e-01,5.148387818946728034e-01,9.028919318505005398e-01,6.693087209665913306e-01,7.060311851392526705e-01,3.442334988226353198e-01,5.297104336915850475e-02,3.907880412843222073e-01,2.909930890113117674e-01,1.797830170327952282e-01,5.801575874289546242e-01,4.540920524002586278e-01,6.857296310607089440e-01,4.305092224115593669e-01,3.193827721836424716e-01,7.106321744006529606e-01,8.385413371679235617e-01,6.728856190865019071e-01,4.482829211351603838e-01,6.776719887083172411e-01
4.976554441671442452e-01,7.421581556965918258e-01,7.498404817348609530e-01,2.339996587802205819e-01,4.997547060538550245e-01,1.117647510397799110e-02,0.000000000000000000e+00,2.594648734394449097e-01,5.893654776207821744e-01,6.251636235942837905e-01,4.496875088306707680e-01,2.854058439669721614e-01,5.273729062887780872e-01,-6.446402639279461000e-02,4.291865779458274299e-01,7.432890795937507900e-01,7.863329839091810491e-01,5.479182066515994043e-01,7.499112139834468449e-01,8.375746084703885597e-01,7.498842987301107543e-01,3.035429238466529345e-01,2.320867976681808831e-01,6.064616088879665190e-01,3.236774639778199347e-01,3.536153878568563114e-01,6.722206385312787802e-01,2.089515755913032291e-01,2.282002687912198513e-01,3.492272330894380938e-01,1.623563958148891151e-01,7.591443264858694917e-01,6.171070005880335829e-01,7.996453443130783212e-01,6.476726350799276721e-01,3.878417584028311937e-01,5.392951864842352450e-01,1.770619017104059778e-01,7.771589056592611566e-01,6.529967474834844632e-01,5.937073330513132907e-01,6.696142993469256233e-01,7.723136316316425720e-01,4.993052806025405910e-01,8.944244927202268380e-01,3.437362261759674409e-01,4.001663974992553628e-03,5.077634847213122748e-01,3.094842917431498419e-01,5.333461186126721154e-01,7.622878864531097420e-01,6.992314903859032649e-01,5.404877707304922563e-01,6.131584870193815817e-01,8.410691328545735201e-01,1.679206480148603964e-01,5.129108238042926482e-01,9.938377031441599785e-01,6.701355906904135074e-01,5.587744445670012050e-01,3.041215834711799224e-02,5.052398256248253894e-01,5.837322667669321286e-01,4.058424105611155297e-01,9.780036314234286099e-01,3.252067630491475292e-01,9.868554737382080333e-01,6.282128974766628682e-01,5.556496622758453352e-01,7.954477685053281677e-01,7.401935724011892148e-01,6.768187781771783929e-01,4.149286059397060966e-01,1.446773102138458889e-01,9.937297976003911515e-01,5.964790563203946627e-01,1.539291219311320347e-01,7.800017129423844064e-01,1.674097763522991444e-01,4.214332826943948396e-01,4.250953719892340277e-01,9.432083667600246191e-01,5.270466687736992117e-01,5.571029441675136029e-01,3.074136042634354471e-01
5.628142638999538150e-01,-1.883802866661645203e-01,8.422220594289617779e-01,2.429352322873545023e-01,9.810683162519174827e-01,6.491183492915328923e-01,2.594648734394449097e-01,0.000000000000000000e+00,3.586479664449779836e-01,6.625668697477238300e-01,4.125445080840087764e-01,6.483031125232426861e-01,6.432026195397760882e-01,7.396403299400516884e-01,4.787128571734745597e-01,4.095012816225028218e-01,7.608912032089598654e-01,6.565920059139930265e-01,5.256883027375525153e-01,7.635692143405277132e-01,7.353113614774167139e-01,6.118594637169939565e-01,4.378552460462196705e-01,9.437933182470362725e-01,1.250208475125130225e-01,5.386196880393331332e-01,6.145689673983165680e-01,4.665844217374202629e-01,4.874007247587789915e-01,-1.940191713504250681e-01,5.764953775420451620e-01,2.592503481248135122e-01,3.679678811483940160e-01,4.826095640261943154e-01,6.551210242379801318e-01,1.012488075343072752e-01,4.010459888650496629e-01,6.352100018011610505e-01,4.393691273449832901e-01,4.368669928633228672e-01,3.686758256879776180e-02,2.785150721460866174e-01,6.489220619802154033e-01,7.544866751875900501e-01,5.961084939639547109e-01,6.372933608709612230e-01,3.177661278220234031e-01,6.464310220937329321e-01,4.995158567057219057e-01,-1.543347844030626415e-01,1.000436491420928636e-02,5.378264398486245490e-01,4.097451018675170031e-01,5.931125596180821802e-01,7.733672188098784650e-01,4.018386712860618215e-01,5.945429181065002844e-01,5.573242117894818826e-01,6.417085275117502263e-01,8.196846041993149923e-02,3.472185443203282817e-01,4.221529070403755579e-01,4.492056632031196650e-01,7.864666373905611074e-01,4.457145032791985928e-01,7.977543576859287278e-01,4.960947970169822252e-01,5.207237668737416669e-01,1.292308061156843269e-01,2.699828436511924612e-01,6.343165654709618240e-01,3.386719023588256050e-01,5.451668469584275423e-01,2.605743117091188776e-01,4.069639838101924423e-01,4.469550014696220264e-01,3.680021095893123428e-01,6.936853592253712231e-01,2.663007103476098258e-01,5.545608720369051836e-01,4.551845222770189436e-01,7.953875691602176889e-01,3.503076454480413826e-01,5.783091629527915556e-01,5.672727308757986586e-01
9.906314967278544437e-01,9.333695964668816680e-01,3.976323785866469063e-01,6.068071298557614623e-01,5.314586619153255365e-01,5.057076141887969500e-01,5.893654776207821744e-01,3.586479664449779836e-01,0.000000000000000000e+00,6.483065277593186293e-01,5.590399338156906150e-01,5.261517790547162177e-01,6.286283484966912471e-01,7.525649842389922073e-01,4.129021632300718392e-01,4.812163655357615810e-01,2.218042371200317220e-01,2.985170640356421545e-01,3.956770126516527264e-01,3.259720373048160535e-01,8.189572384361585300e-01,2.965395314689641681e-01,-1.421112006932537253e-01,3.635110893845827640e-01,9.467103934817566735e-01,7.298859410313901508e-01,7.336925435281397290e-01,6.781147042114143986e-01,7.810347766235206102e-01,1.172731927940051828e-03,-4.462421581365522139e-02,4.144008849381425885e-01,7.596243207721542490e-01,7.444866334991839807e-01,3.087256289115614116e-01,3.175288097981984192e-01,5.287774936954512395e-01,8.018380792625785514e-01,7.714667871744110839e-01,6.443784165181841717e-01,5.452358397087937458e-01,3.660976581766274274e-01,8.147140331403059932e-01,1.140178083429402717e-01,8.737013960847015426e-01,5.148224196494679550e-01,4.496112377078558819e-01,4.037373829597841191e-01,3.099874368210563946e-01,8.020452830708156844e-01,5.540269331760607763e-01,4.029655398432466229e-01,6.055397816005555489e-01,5.465674574761905102e-01,4.959274951426954070e-01,8.123960018159290808e-01,2.313470455740094800e-01,2.110098462793698892e-01,8.264487350531978249e-01,3.090449142814111205e-01,2.392933324285194951e-01,6.173994033966262451e-01,9.369730750266231922e-01,3.972488746833205964e-01,6.623088611640312040e-01,3.026027094755218139e-01,6.246137771539015393e-01,9.539877609708848905e-01,5.225456206283521920e-01,5.795251591041993278e-01,7.233525157602916922e-01,7.607352773572625404e-01,5.693289018363643095e-01,3.878596306958186357e-01,3.346605542259781796e-01,2.858083233836126724e-01,5.671474030885682582e-01,6.844594502520491286e-01,7.208617999308464253e-01,4.458903027779353295e-02,4.446595664052255259e-01,6.650528827338797466e-01,9.635967101734708162e-01,5.891596980177749021e-01,1.559579100409923536e-01
3.637383118388129999e-01,3.346577213145603968e-01,2.268340781384299565e-01,6.214575144130433104e-01,3.652231696322570942e-01,8.061152234398912819e-01,6.251636235942837905e-01,6.625668697477238300e-01,6.483065277593186293e-01,0.000000000000000000e+00,7.553545990253882625e-01,4.982835055342906827e-01,5.888768793672802815e-01,7.298674393434132490e-01,4.216958826296421936e-01,5.890150885356722210e-02,4.596855170650554490e-01,4.686010676610420922e-01,2.976755552034096586e-01,4.890223817675884987e-01,4.796089729116212452e-01,7.359927334577158753e-01,5.732503594551494608e-01,6.788215231114322901e-01,2.440489645693041110e-01,8.979470409573228062e-01,8.099794475891269885e-01,7.766226135027135546e-01,7.379954865260973662e-01,1.446269339818468669e-01,5.937691104726838809e-01,2.876605707972867410e-01,9.672403671736784503e-01,4.392941471841409484e-01,6.569284880175824126e-01,3.672769465286596091e-02,4.858920439304172390e-01,4.225529206970171647e-01,9.922876687404572627e-01,7.602113174849376431e-01,2.786032325232100648e-01,4.729167674689631617e-01,4.184687980692065601e-01,7.856884046526926291e-01,2.854279930868635073e-01,5.731021190904008744e-01,8.288769473359060003e-01,2.841054590757804976e-01,2.337879388279206216e-01,5.237972123428957794e-01,2.714452417526188044e-01,7.802667288241986743e-01,7.847163260769396409e-01,4.798281133980987767e-01,4.396619614880353244e-01,6.859749966035866287e-01,6.249379791678703056e-01,7.358562686697800448e-01,4.931745890446114222e-01,5.855448612430289579e-01,6.803809503249771407e-01,4.767123544797535195e-01,9.551942438488935094e-01,6.837048924678975625e-01,8.517063770500969966e-01,5.421996411153970907e-01,6.868135876596644929e-01,6.666387917272303953e-01,5.165069613420325556e-01,5.943148926488768247e-01,6.405762066865228199e-01,4.356783621015820618e-01,2.873318350401866672e-01,3.360403061738422847e-01,3.335868420041889770e-01,3.828372397049543130e-01,9.924330754563961410e-01,7.042410442587649921e-01,4.601575088681504888e-01,1.403744191352093995e-01,7.935913811878625435e-01,5.297687712244818492e-01,7.058427753257835446e-01,5.196439129556085224e-01,3.357574016991953653e-02
5.964656447023307662e-01,5.394244338601175137e-01,7.740119964149435594e-01,8.055332192438452443e-01,8.438500388613512371e-01,8.269771325543681106e-01,4.496875088306707680e-01,4.125445080840087764e-01,5.590399338156906150e-01,7.553545990253882625e-01,0.000000000000000000e+00,7.169632290482642611e-01,4.856951706684451558e-02,3.169415430410115753e-01,5.872471706060663488e-01,4.092718377965276488e-02,7.610094864979155549e-01,7.912809254671751003e-01,5.482562378255443347e-01,8.258826034344036726e-01,6.828614640971100158e-01,2.693230037324300663e-01,8.189560230765906557e-01,5.177480086137302706e-01,2.405462614348387873e-01,4.281364985987662353e-01,7.236400118593325770e-01,3.459629641074304374e-01,2.557263365718590031e-01,1.377562758862388714e-01,2.859619147440037867e-01,7.906835010367663230e-01,7.859540766822569191e-01,6.554941922601752458e-01,6.616733842302466861e-01,5.445965235571319507e-01,2.111401651871834262e-01,6.710252048683893467e-01,9.985379725405206797e-01,4.663720732868419927e-01,3.931756061271145519e-01,5.315032636394084742e-01,7.385511670743413193e-01,4.371674125028302549e-01,8.470210268582416546e-01,8.939896530089740390e-01,2.081151294373965732e-01,8.702839352829436770e-01,6.603716925340026300e-01,-1.217562750038420488e-01,3.172188998823545214e-01,6.674032837013282871e-01,3.200726670238164262e-01,4.553346542510806061e-01,8.381103679605323986e-01,4.717383305476601785e-01,7.973259811855128998e-01,8.934963485618109269e-01,6.614286647979473743e-01,2.844697607436400544e-01,4.311105468147251596e-01,7.922713947741060192e-01,6.932878012117649202e-01,9.824336417940544575e-01,7.146877193879810353e-01,1.805440299993799347e-01,6.402596268058372564e-01,3.481796771673106305e-01,4.397458975090653421e-01,6.706562082973186456e-01,7.541545840741478157e-01,4.437535242980708561e-01,7.571370185505864603e-01,2.623067163076278629e-01,2.739586626737272046e-01,4.029531236702474373e-01,9.230549067658242457e-01,4.063664432910502056e-01,3.490215777162677391e-01,2.170739795935613947e-01,5.855063522856372993e-01,9.651323103228199862e-01,7.051322200165872633e-01,3.691900342303763294e-01,9.789527765293213335e-01
7.801475089482788894e-01,3.228055976285483242e-01,8.916054353916339492e-01,7.042650806247872097e-01,5.522600431269145682e-01,6.432028748715005184e-01,2.854058439669721614e-01,6.483031125232426861e-01,5.261517790547162177e-01,4.982835055342906827e-01,7.169632290482642611e-01,0.000000000000000000e+00,6.271111904612186594e-01,5.776798698071460292e-01,5.886973512572634126e-01,4.201979958759501921e-01,6.046272443756460779e-01,6.981544588199415369e-01,5.159444729709042887e-01,6.596409308739298316e-01,9.535340290288106813e-01,2.374352434340417650e-01,2.305893473090755985e-01,7.964808143254813455e-01,7.989373820047218633e-01,2.133563441321634502e-01,3.253486763247521729e-01,4.207670880602168983e-01,3.385695928243235286e-01,1.508453544155104013e-02,3.480008250156516603e-01,6.959137197295744981e-01,5.438451741315220023e-01,6.147933623391969027e-01,8.610207515955961011e-01,2.363933996336148868e-01,-1.658838337024305942e-01,6.011809381324524360e-01,6.443850733025885402e-01,7.737799850782153266e-01,4.502476354171965345e-01,9.373915626031914528e-01,8.373389876676843313e-01,6.138220722069523960e-01,8.625802995726972178e-01,6.149166929702736262e-01,5.225120758019667910e-01,4.792660163751605862e-01,6.286883633243757208e-01,6.576316423104409115e-01,4.369157648981126796e-01,9.771106293896226758e-01,7.475728705450124245e-01,6.630756964405570830e-01,7.113938283392264861e-01,9.056935023294626630e-01,9.724404363623799785e-01,-3.936644206844517324e-01,6.424853639802632355e-01,4.511842963889833302e-01,8.836332888335798885e-02,4.277823779462849307e-01,6.730249610733405330e-01,8.893806492768823180e-01,9.817794982492212830e-01,6.693391726361409555e-01,4.996797871783928979e-01,6.413199714865008838e-01,4.402272700179558629e-01,3.156471929163092716e-01,7.305914244170617078e-01,4.627727446974779779e-01,5.879879556897924520e-01,1.341103702564078459e-01,2.320578207699336981e-01,5.980438775679461916e-01,8.525547547809730897e-01,1.287728677791278586e-01,2.831394229833670284e-01,-3.432010107110252117e-01,7.974943510112950662e-01,8.312898007001731093e-01,6.416511453822447697e-01,7.403247117616563733e-01,5.843357542214581146e-01
7.467301871998208718e-01,6.019308218975395475e-01,4.706351342223856760e-01,8.122858239106631739e-01,8.095421234644817332e-01,8.491295240452956250e-01,5.273729062887780872e-01,6.432026195397760882e-01,6.286283484966912471e-01,5.888768793672802815e-01,4.856951706684451558e-02,6.271111904612186594e-01,0.000000000000000000e+00,7.210868896435465025e-01,8.251097267936126078e-01,7.409817057339080915e-01,9.367671726939371668e-01,5.871280982553316319e-01,5.774883905803642747e-01,9.730907901365990487e-01,6.354583033631859834e-01,8.320316538251689709e-01,6.888225465464625774e-01,6.262473598216476978e-01,2.441442945907551787e-01,7.478287929730029759e-01,6.976672846737651534e-01,4.936659527781804835e-01,3.087197474210869319e-01,4.167331404186210286e-01,6.025546689061986871e-01,2.172024709915218177e-01,5.413364128246700435e-01,4.722846441267525286e-02,3.860555886044282348e-01,3.487253979659402647e-01,4.999445449979096900e-01,7.595068459531760796e-01,3.537752418653863362e-01,7.356707774886201978e-01,7.458612863893734346e-01,5.591247545183422041e-01,6.252399684121008328e-01,7.978852991339672185e-01,8.032122324518029544e-01,4.936047594849036213e-01,8.400170581891244215e-01,4.340512526630426193e-01,4.237981959516802788e-01,7.622189361936527741e-01,6.060591839126309166e-01,4.020240610083447019e-01,7.270858946571630010e-01,8.172652450741637598e-01,4.395330355473962003e-01,9.729279135886899077e-01,2.760246551267026560e-01,7.660408281220207893e-01,2.295613147323309344e-01,4.113462578709905504e-01,3.782217079171575902e-01,6.893979542650131576e-01,8.180003828715572967e-01,6.477500249083172346e-01,9.707133042956889168e-01,9.760178004131134788e-01,7.720529892600475064e-01,6.699453108654365163e-01,7.595179353648570109e-01,9.939126168910955572e-01,8.414022233796456529e-01,9.029929069427142796e-01,3.346466721074952133e-01,7.546880201150195644e-01,5.855724201515898342e-01,7.280499328633650569e-01,4.358638881702885937e-01,5.512301333688681693e-01,3.492708480266607518e-01,9.328839802174451745e-02,4.625933825080067452e-01,7.087233247544660886e-01,4.913961409742185205e-01,1.568503258911562726e-01,5.897405269739568467e-01
2.407941601654813579e-01,6.713408932350001246e-01,8.404107242636291719e-01,4.828955525828407813e-01,6.910415340690427843e-01,9.607650656739555872e-01,-6.446402639279461000e-02,7.396403299400516884e-01,7.525649842389922073e-01,7.298674393434132490e-01,3.169415430410115753e-01,5.776798698071460292e-01,7.210868896435465025e-01,0.000000000000000000e+00,2.034538596331163518e-01,4.936698654320619828e-01,9.590547958698059094e-01,6.745819601913526364e-01,7.442667126442973347e-01,9.387600461798908391e-01,9.428872313926968118e-01,9.239122796704131169e-01,9.257326876139032601e-01,9.898359776471585825e-01,1.770813914557405333e-01,8.612619258348770401e-01,8.836989085280237965e-01,8.018505616547652037e-01,5.678052390503888214e-01,2.051506035487538626e-01,6.255318349537913880e-01,5.145632724303647043e-01,6.167613395884058436e-01,8.491039812977763113e-01,5.251775052177920511e-01,5.928786800040061200e-01,3.736938019165750857e-01,6.740977994459547151e-01,8.665813227408514230e-01,5.060879484360489844e-01,3.310297052727642075e-01,6.541163775077085685e-01,6.833628472744671667e-01,2.430230245765052366e-01,6.505313955651776947e-01,8.504824184675239263e-01,5.939179846249618144e-01,7.089469457758087456e-01,9.071170490275460851e-01,4.084906875848531294e-01,7.340023192294516940e-01,7.807567923835702084e-01,9.308434915294550027e-01,-4.971265280213854609e-03,5.737915303104089704e-01,1.678300979573823515e-01,6.120635702983000526e-01,5.203884311480603264e-01,8.042039448253699430e-01,5.548677352649897809e-01,2.597095041913638491e-01,7.740272852336607112e-01,7.487486928649280671e-01,8.420683630545975351e-01,8.180158449345739102e-01,7.558388754626652606e-01,7.453073551356401705e-01,9.459458550407202626e-01,4.550929985662641730e-01,8.516043059376133817e-01,6.078779055535971088e-01,5.949948218612972628e-01,6.464471420196209461e-01,3.995652491555325980e-01,7.227587352746127625e-01,8.682315135017770746e-01,9.331013523282682964e-01,7.652874989064302191e-01,4.994482761855332242e-01,4.992356169455007264e-01,7.671933023756793979e-01,8.724477390341881522e-01,7.736141230491613285e-01,5.566882439310969488e-01,4.673623848632104116e-01
8.055745155839822980e-01,7.845386464369086266e-01,5.077879350124060442e-01,7.359823258332188756e-01,6.955928790733533207e-01,4.698667230339179102e-01,4.291865779458274299e-01,4.787128571734745597e-01,4.129021632300718392e-01,4.216958826296421936e-01,5.872471706060663488e-01,5.886973512572634126e-01,8.251097267936126078e-01,2.034538596331163518e-01,0.000000000000000000e+00,4.079558649434051887e-01,7.122158790704257170e-01,3.817483807201110801e-01,5.241214629452369822e-01,7.160673298154657251e-01,9.359119723480372466e-01,5.968860052592142029e-01,7.685177994809697655e-01,9.399296211116210387e-01,6.234431365537639325e-01,5.526797280973443360e-01,9.419377468284185762e-01,8.567779000129203126e-01,4.075465898305210000e-01,1.348378853904045882e-01,1.504963972913770931e-01,4.006775502553164281e-01,6.761651114272912988e-01,2.477920181517751230e-01,6.186322924673566259e-01,2.017958101496387380e-01,3.424969059369875612e-01,7.755665427851466953e-01,8.039162223516996830e-01,9.520956109745141172e-01,8.796430791366430801e-01,4.491299725570367385e-01,4.098355647028983362e-01,7.613980408265977884e-01,9.783672619908889700e-01,5.149090800151965297e-01,6.143740814201288369e-01,3.957629275444186634e-01,3.147675781039442899e-01,4.712897506367994538e-01,4.134515759667244938e-01,-1.141211224767513244e-02,6.757337614748573085e-01,6.686893210260055342e-01,6.872935018616022074e-01,6.211556545780959615e-01,8.298512249793835727e-01,6.019252893021620476e-01,7.111070836387741734e-01,4.504801893077908237e-01,5.936390598105124594e-01,4.101153296366830681e-01,5.730572343519859668e-01,5.711650061942039613e-01,5.904495702466520113e-01,4.535808393458625742e-01,6.274043986758475189e-01,6.118283874374836895e-01,4.819324663352891336e-01,4.890820019003241370e-01,6.786034331794524865e-01,3.976358526025305373e-01,5.699496288197076765e-01,4.739498067780008039e-01,2.879128756891276009e-01,5.422750341265645257e-01,9.177068308876974445e-01,4.726309527599114046e-01,4.361317561717592550e-01,4.845679928269180925e-01,4.896702189578256981e-01,6.231537190744300680e-01,4.544014519371524230e-01,6.879996524702297611e-01,6.972206547004152766e-01
9.213005448027391520e-01,7.138414301638124071e-01,4.357852659770881099e-01,9.330856919553717210e-01,3.165689421075487675e-01,1.185407897931999299e-01,7.432890795937507900e-01,4.095012816225028218e-01,4.812163655357615810e-01,5.890150885356722210e-02,4.092718377965276488e-02,4.201979958759501921e-01,7.409817057339080915e-01,4.936698654320619828e-01,4.079558649434051887e-01,0.000000000000000000e+00,8.617500204222255933e-01,6.850973427989919262e-01,2.868804316447031155e-01,7.353768008479628637e-01,6.903246989746206763e-01,4.235444126178308233e-01,-2.406440202498422165e-02,4.872146000669659860e-01,2.928075159326746363e-02,7.252903981811429368e-01,2.782766410147791691e-01,9.817407964572628654e-01,4.965471229395784225e-01,2.771736872433439025e-02,3.395095914502176404e-01,4.125012633487070701e-01,3.198320358544097242e-01,4.621173397333932509e-01,9.108318233963185184e-01,2.142238259556158986e-01,5.700922658242580932e-01,4.375164919591845170e-01,6.064549476471856604e-01,6.697905516936719650e-01,5.321754851344683290e-01,5.534647294536499951e-01,6.268435152803421007e-01,8.557645333437418067e-01,6.974212405636520673e-01,6.102147716577850378e-01,7.774370870356034358e-01,4.345842402689221173e-01,5.699642835182181511e-01,7.633424451670824951e-01,5.855608277423907104e-01,5.546576270975974721e-01,8.334982586290579087e-01,6.072365699870642120e-01,7.542541395239633628e-01,2.547091077307627738e-01,4.437867892047970275e-01,8.119861953023583823e-01,8.708720316755269586e-01,3.225898503245308580e-01,5.897757157994608646e-01,4.873742434465974660e-01,-9.411045181592904429e-02,5.584793614926851779e-01,5.509770918260734618e-01,-2.831433938239236170e-02,8.417575928778312511e-01,6.891065280541119886e-01,2.524419991948241293e-01,4.561823224935544485e-01,6.843682009919357379e-01,9.852934614823813941e-01,7.492867603050955561e-01,4.336617076850911023e-01,8.218439776494910198e-01,6.719310391455370901e-01,1.237285567890678006e-02,5.781704609030253739e-01,1.461728779622283036e-01,4.209729795912346417e-01,7.663801680432625885e-01,6.684774290525890006e-01,-1.590489398110423724e-01,-5.452069988149899071e-02,8.516652827187597141e-02
8.570442385553305176e-01,9.914057733635825986e-01,9.580289823455145903e-01,5.390271333218605854e-01,4.710165966555072692e-01,4.578072109220585606e-01,7.863329839091810491e-01,7.608912032089598654e-01,2.218042371200317220e-01,4.596855170650554490e-01,7.610094864979155549e-01,6.046272443756460779e-01,9.367671726939371668e-01,9.590547958698059094e-01,7.122158790704257170e-01,8.617500204222255933e-01,0.000000000000000000e+00,3.214156932697619373e-01,7.292135538623197855e-01,7.226123785683590262e-01,4.063151361624742774e-01,7.376744019083679438e-02,7.544173902661912567e-01,9.812372840967631404e-01,4.588376601262755261e-01,2.179997838164609569e-01,7.196907629647206761e-01,6.794757752779754245e-01,1.956026984492503784e-01,3.687791732480238949e-02,-1.629058708359059082e-01,3.317448239998164183e-01,7.415334413264373925e-01,9.676471222549668516e-01,2.286235838023511213e-01,5.525736911714482780e-01,4.332392676065735526e-01,2.709127102372151374e-01,2.826077436396042253e-01,7.855207213701378421e-01,4.621718303342861600e-01,5.195537505194770533e-01,5.267527633236144258e-01,3.559791123888893516e-01,7.186956470515931672e-01,2.947550681673836159e-01,1.664010658044277058e-01,6.689538760810866957e-01,7.225299817982573369e-01,9.562320333059418642e-01,4.947248966079661470e-01,4.638715816782212897e-01,9.138746931686682062e-01,5.103802706921564125e-01,3.794976408752702146e-01,5.575737490877773483e-01,1.047263794358749278e-01,4.583773479006354457e-01,3.683597152005576580e-01,2.502533978824414418e-01,5.959729132348896563e-01,6.935824618406785103e-01,8.011299073887394595e-01,4.794272674140336310e-01,6.162827599140746626e-01,6.177050892809616833e-01,5.925614554313352045e-01,8.019409509848278717e-01,6.199466463248367587e-01,8.672245983357461663e-01,3.488263551241296834e-01,5.761836174081563788e-01,3.187106672438753119e-01,1.913789095134994789e-02,8.154694095284290567e-01,5.889461122527737125e-01,7.388671665449518811e-01,5.123926449597496768e-01,5.362919306749677206e-01,2.640402870682849734e-01,6.063791076678396452e-01,4.027810929398570328e-01,4.218372098983516061e-01,4.763314453348710953e-01,8.548495967905465065e-01
7.894432854738075989e-01,6.114915511130051273e-01,8.264924325994834620e-01,7.963146843893554871e-01,6.243864821405040733e-01,2.140893482714242568e-01,5.479182066515994043e-01,6.565920059139930265e-01,2.985170640356421545e-01,4.686010676610420922e-01,7.912809254671751003e-01,6.981544588199415369e-01,5.871280982553316319e-01,6.745819601913526364e-01,3.817483807201110801e-01,6.850973427989919262e-01,3.214156932697619373e-01,0.000000000000000000e+00,2.991520489587036202e-01,-1.140510226065227228e-01,6.800397356448573127e-02,4.064173527812235953e-01,7.591237012575069443e-01,6.442200571077506543e-01,6.522130777549103309e-01,4.730203487276254948e-01,6.219890479182034193e-01,-1.686790558308399468e-01,4.580391686512912397e-01,3.967743018429780721e-01,5.782839006732827247e-01,7.448485644075285572e-01,6.628391466139544885e-01,5.129021199953514021e-01,4.783165861110811878e-01,-1.088923315198403463e-01,2.657635387236573221e-01,4.996404560811931184e-01,6.597647746304952099e-01,6.714309527076534057e-01,1.436617391331445129e-02,-6.134040891030118070e-03,4.567433476582544727e-01,6.647457322573725458e-01,8.942172532976381261e-01,5.168662723252173130e-01,5.734857424096576617e-01,7.467585497329058686e-02,6.994865030463348621e-01,6.982584476625066650e-01,4.409010607716876140e-01,5.339461053579812599e-01,1.972625045806349064e-02,6.114986841104400606e-01,8.303439427007757168e-01,9.413690437457972182e-01,1.340444087528284423e-01,1.389759895247172083e-01,6.699444194804721198e-01,5.021931827219539013e-01,5.743312985520001579e-01,4.241628830969197961e-01,7.596575594064246539e-01,7.226147472279442763e-01,9.990461913301662555e-01,1.474626194893126629e-01,1.605991702454963310e-01,9.231064093767409329e-01,7.316623263031938329e-01,7.194615901883598674e-01,9.378807069045482780e-01,9.847191078074835069e-01,2.535410340969275200e-01,2.535946248442553785e-01,3.678991028168138167e-01,4.070678814629754561e-01,7.200449902348290410e-01,4.077110453152176239e-01,3.090055233252204658e-01,-1.369406047521378733e-01,7.488508392652232226e-01,-1.366570808129319026e-01,5.213091445881193886e-01,4.005633278076634052e-01,6.631265375074560930e-01
